"SUMLEV","STATE","COUNTY","STNAME","CTYNAME","YEAR","AGE","TOT_POP","TOT_MALE","TOT_FEMALE"
050,54,001,"West Virginia","Barbour County",1,0,142,74,68
050,54,001,"West Virginia","Barbour County",1,1,153,82,71
050,54,001,"West Virginia","Barbour County",1,2,148,75,73
050,54,001,"West Virginia","Barbour County",1,3,158,77,81
050,54,001,"West Virginia","Barbour County",1,4,157,76,81
050,54,001,"West Virginia","Barbour County",1,5,158,75,83
050,54,001,"West Virginia","Barbour County",1,6,166,84,82
050,54,001,"West Virginia","Barbour County",1,7,184,89,95
050,54,001,"West Virginia","Barbour County",1,8,178,94,84
050,54,001,"West Virginia","Barbour County",1,9,148,78,70
050,54,001,"West Virginia","Barbour County",1,10,176,93,83
050,54,001,"West Virginia","Barbour County",1,11,174,91,83
050,54,001,"West Virginia","Barbour County",1,12,189,99,90
050,54,001,"West Virginia","Barbour County",1,13,185,97,88
050,54,001,"West Virginia","Barbour County",1,14,198,103,95
050,54,001,"West Virginia","Barbour County",1,15,204,104,100
050,54,001,"West Virginia","Barbour County",1,16,179,84,95
050,54,001,"West Virginia","Barbour County",1,17,179,89,90
050,54,001,"West Virginia","Barbour County",1,18,231,116,115
050,54,001,"West Virginia","Barbour County",1,19,297,127,170
050,54,001,"West Virginia","Barbour County",1,20,265,105,160
050,54,001,"West Virginia","Barbour County",1,21,248,115,133
050,54,001,"West Virginia","Barbour County",1,22,214,111,103
050,54,001,"West Virginia","Barbour County",1,23,164,89,75
050,54,001,"West Virginia","Barbour County",1,24,175,85,90
050,54,001,"West Virginia","Barbour County",1,25,178,90,88
050,54,001,"West Virginia","Barbour County",1,26,167,88,79
050,54,001,"West Virginia","Barbour County",1,27,172,90,82
050,54,001,"West Virginia","Barbour County",1,28,182,96,86
050,54,001,"West Virginia","Barbour County",1,29,188,100,88
050,54,001,"West Virginia","Barbour County",1,30,172,79,93
050,54,001,"West Virginia","Barbour County",1,31,172,82,90
050,54,001,"West Virginia","Barbour County",1,32,168,85,83
050,54,001,"West Virginia","Barbour County",1,33,158,76,82
050,54,001,"West Virginia","Barbour County",1,34,164,87,77
050,54,001,"West Virginia","Barbour County",1,35,171,84,87
050,54,001,"West Virginia","Barbour County",1,36,166,83,83
050,54,001,"West Virginia","Barbour County",1,37,162,87,75
050,54,001,"West Virginia","Barbour County",1,38,171,88,83
050,54,001,"West Virginia","Barbour County",1,39,181,91,90
050,54,001,"West Virginia","Barbour County",1,40,174,81,93
050,54,001,"West Virginia","Barbour County",1,41,155,71,84
050,54,001,"West Virginia","Barbour County",1,42,159,74,85
050,54,001,"West Virginia","Barbour County",1,43,175,87,88
050,54,001,"West Virginia","Barbour County",1,44,186,84,102
050,54,001,"West Virginia","Barbour County",1,45,197,95,102
050,54,001,"West Virginia","Barbour County",1,46,201,101,100
050,54,001,"West Virginia","Barbour County",1,47,198,103,95
050,54,001,"West Virginia","Barbour County",1,48,215,113,102
050,54,001,"West Virginia","Barbour County",1,49,225,119,106
050,54,001,"West Virginia","Barbour County",1,50,195,97,98
050,54,001,"West Virginia","Barbour County",1,51,197,97,100
050,54,001,"West Virginia","Barbour County",1,52,210,103,107
050,54,001,"West Virginia","Barbour County",1,53,190,94,96
050,54,001,"West Virginia","Barbour County",1,54,187,90,97
050,54,001,"West Virginia","Barbour County",1,55,193,95,98
050,54,001,"West Virginia","Barbour County",1,56,208,110,98
050,54,001,"West Virginia","Barbour County",1,57,236,123,113
050,54,001,"West Virginia","Barbour County",1,58,241,121,120
050,54,001,"West Virginia","Barbour County",1,59,222,108,114
050,54,001,"West Virginia","Barbour County",1,60,216,110,106
050,54,001,"West Virginia","Barbour County",1,61,224,100,124
050,54,001,"West Virginia","Barbour County",1,62,202,95,107
050,54,001,"West Virginia","Barbour County",1,63,224,109,115
050,54,001,"West Virginia","Barbour County",1,64,219,111,108
050,54,001,"West Virginia","Barbour County",1,65,205,104,101
050,54,001,"West Virginia","Barbour County",1,66,208,104,104
050,54,001,"West Virginia","Barbour County",1,67,205,106,99
050,54,001,"West Virginia","Barbour County",1,68,219,121,98
050,54,001,"West Virginia","Barbour County",1,69,188,103,85
050,54,001,"West Virginia","Barbour County",1,70,202,108,94
050,54,001,"West Virginia","Barbour County",1,71,188,98,90
050,54,001,"West Virginia","Barbour County",1,72,178,88,90
050,54,001,"West Virginia","Barbour County",1,73,189,84,105
050,54,001,"West Virginia","Barbour County",1,74,126,54,72
050,54,001,"West Virginia","Barbour County",1,75,120,55,65
050,54,001,"West Virginia","Barbour County",1,76,134,66,68
050,54,001,"West Virginia","Barbour County",1,77,135,67,68
050,54,001,"West Virginia","Barbour County",1,78,99,50,49
050,54,001,"West Virginia","Barbour County",1,79,89,45,44
050,54,001,"West Virginia","Barbour County",1,80,86,44,42
050,54,001,"West Virginia","Barbour County",1,81,96,45,51
050,54,001,"West Virginia","Barbour County",1,82,73,36,37
050,54,001,"West Virginia","Barbour County",1,83,58,25,33
050,54,001,"West Virginia","Barbour County",1,84,63,31,32
050,54,001,"West Virginia","Barbour County",1,85,313,120,193
050,54,001,"West Virginia","Barbour County",2,0,155,81,74
050,54,001,"West Virginia","Barbour County",2,1,148,79,69
050,54,001,"West Virginia","Barbour County",2,2,148,76,72
050,54,001,"West Virginia","Barbour County",2,3,155,75,80
050,54,001,"West Virginia","Barbour County",2,4,158,77,81
050,54,001,"West Virginia","Barbour County",2,5,158,76,82
050,54,001,"West Virginia","Barbour County",2,6,165,83,82
050,54,001,"West Virginia","Barbour County",2,7,180,89,91
050,54,001,"West Virginia","Barbour County",2,8,178,92,86
050,54,001,"West Virginia","Barbour County",2,9,156,82,74
050,54,001,"West Virginia","Barbour County",2,10,167,88,79
050,54,001,"West Virginia","Barbour County",2,11,175,92,83
050,54,001,"West Virginia","Barbour County",2,12,185,98,87
050,54,001,"West Virginia","Barbour County",2,13,186,98,88
050,54,001,"West Virginia","Barbour County",2,14,197,103,94
050,54,001,"West Virginia","Barbour County",2,15,204,105,99
050,54,001,"West Virginia","Barbour County",2,16,184,88,96
050,54,001,"West Virginia","Barbour County",2,17,180,87,93
050,54,001,"West Virginia","Barbour County",2,18,227,110,117
050,54,001,"West Virginia","Barbour County",2,19,300,127,173
050,54,001,"West Virginia","Barbour County",2,20,268,108,160
050,54,001,"West Virginia","Barbour County",2,21,244,114,130
050,54,001,"West Virginia","Barbour County",2,22,212,110,102
050,54,001,"West Virginia","Barbour County",2,23,169,90,79
050,54,001,"West Virginia","Barbour County",2,24,170,86,84
050,54,001,"West Virginia","Barbour County",2,25,177,88,89
050,54,001,"West Virginia","Barbour County",2,26,169,87,82
050,54,001,"West Virginia","Barbour County",2,27,172,90,82
050,54,001,"West Virginia","Barbour County",2,28,179,95,84
050,54,001,"West Virginia","Barbour County",2,29,185,99,86
050,54,001,"West Virginia","Barbour County",2,30,180,86,94
050,54,001,"West Virginia","Barbour County",2,31,171,82,89
050,54,001,"West Virginia","Barbour County",2,32,169,85,84
050,54,001,"West Virginia","Barbour County",2,33,161,79,82
050,54,001,"West Virginia","Barbour County",2,34,162,85,77
050,54,001,"West Virginia","Barbour County",2,35,170,85,85
050,54,001,"West Virginia","Barbour County",2,36,164,83,81
050,54,001,"West Virginia","Barbour County",2,37,163,86,77
050,54,001,"West Virginia","Barbour County",2,38,171,90,81
050,54,001,"West Virginia","Barbour County",2,39,178,91,87
050,54,001,"West Virginia","Barbour County",2,40,178,84,94
050,54,001,"West Virginia","Barbour County",2,41,161,74,87
050,54,001,"West Virginia","Barbour County",2,42,157,73,84
050,54,001,"West Virginia","Barbour County",2,43,173,84,89
050,54,001,"West Virginia","Barbour County",2,44,183,85,98
050,54,001,"West Virginia","Barbour County",2,45,195,92,103
050,54,001,"West Virginia","Barbour County",2,46,200,99,101
050,54,001,"West Virginia","Barbour County",2,47,199,104,95
050,54,001,"West Virginia","Barbour County",2,48,210,110,100
050,54,001,"West Virginia","Barbour County",2,49,223,118,105
050,54,001,"West Virginia","Barbour County",2,50,202,101,101
050,54,001,"West Virginia","Barbour County",2,51,195,97,98
050,54,001,"West Virginia","Barbour County",2,52,207,102,105
050,54,001,"West Virginia","Barbour County",2,53,192,94,98
050,54,001,"West Virginia","Barbour County",2,54,190,92,98
050,54,001,"West Virginia","Barbour County",2,55,192,94,98
050,54,001,"West Virginia","Barbour County",2,56,206,107,99
050,54,001,"West Virginia","Barbour County",2,57,230,120,110
050,54,001,"West Virginia","Barbour County",2,58,240,122,118
050,54,001,"West Virginia","Barbour County",2,59,226,112,114
050,54,001,"West Virginia","Barbour County",2,60,217,109,108
050,54,001,"West Virginia","Barbour County",2,61,221,101,120
050,54,001,"West Virginia","Barbour County",2,62,206,95,111
050,54,001,"West Virginia","Barbour County",2,63,222,106,116
050,54,001,"West Virginia","Barbour County",2,64,216,108,108
050,54,001,"West Virginia","Barbour County",2,65,210,107,103
050,54,001,"West Virginia","Barbour County",2,66,209,106,103
050,54,001,"West Virginia","Barbour County",2,67,205,106,99
050,54,001,"West Virginia","Barbour County",2,68,215,118,97
050,54,001,"West Virginia","Barbour County",2,69,193,106,87
050,54,001,"West Virginia","Barbour County",2,70,200,108,92
050,54,001,"West Virginia","Barbour County",2,71,189,98,91
050,54,001,"West Virginia","Barbour County",2,72,171,86,85
050,54,001,"West Virginia","Barbour County",2,73,195,90,105
050,54,001,"West Virginia","Barbour County",2,74,131,57,74
050,54,001,"West Virginia","Barbour County",2,75,120,54,66
050,54,001,"West Virginia","Barbour County",2,76,127,63,64
050,54,001,"West Virginia","Barbour County",2,77,134,65,69
050,54,001,"West Virginia","Barbour County",2,78,103,53,50
050,54,001,"West Virginia","Barbour County",2,79,90,46,44
050,54,001,"West Virginia","Barbour County",2,80,84,42,42
050,54,001,"West Virginia","Barbour County",2,81,93,44,49
050,54,001,"West Virginia","Barbour County",2,82,79,39,40
050,54,001,"West Virginia","Barbour County",2,83,59,26,33
050,54,001,"West Virginia","Barbour County",2,84,63,31,32
050,54,001,"West Virginia","Barbour County",2,85,316,123,193
050,54,001,"West Virginia","Barbour County",3,0,139,72,67
050,54,001,"West Virginia","Barbour County",3,1,156,87,69
050,54,001,"West Virginia","Barbour County",3,2,149,81,68
050,54,001,"West Virginia","Barbour County",3,3,153,79,74
050,54,001,"West Virginia","Barbour County",3,4,159,84,75
050,54,001,"West Virginia","Barbour County",3,5,157,75,82
050,54,001,"West Virginia","Barbour County",3,6,163,80,83
050,54,001,"West Virginia","Barbour County",3,7,172,84,88
050,54,001,"West Virginia","Barbour County",3,8,180,93,87
050,54,001,"West Virginia","Barbour County",3,9,172,84,88
050,54,001,"West Virginia","Barbour County",3,10,163,86,77
050,54,001,"West Virginia","Barbour County",3,11,175,88,87
050,54,001,"West Virginia","Barbour County",3,12,184,94,90
050,54,001,"West Virginia","Barbour County",3,13,185,96,89
050,54,001,"West Virginia","Barbour County",3,14,190,95,95
050,54,001,"West Virginia","Barbour County",3,15,202,103,99
050,54,001,"West Virginia","Barbour County",3,16,205,109,96
050,54,001,"West Virginia","Barbour County",3,17,192,91,101
050,54,001,"West Virginia","Barbour County",3,18,222,101,121
050,54,001,"West Virginia","Barbour County",3,19,304,125,179
050,54,001,"West Virginia","Barbour County",3,20,269,113,156
050,54,001,"West Virginia","Barbour County",3,21,236,111,125
050,54,001,"West Virginia","Barbour County",3,22,222,114,108
050,54,001,"West Virginia","Barbour County",3,23,185,96,89
050,54,001,"West Virginia","Barbour County",3,24,176,96,80
050,54,001,"West Virginia","Barbour County",3,25,152,75,77
050,54,001,"West Virginia","Barbour County",3,26,172,88,84
050,54,001,"West Virginia","Barbour County",3,27,172,85,87
050,54,001,"West Virginia","Barbour County",3,28,163,81,82
050,54,001,"West Virginia","Barbour County",3,29,184,95,89
050,54,001,"West Virginia","Barbour County",3,30,187,99,88
050,54,001,"West Virginia","Barbour County",3,31,185,86,99
050,54,001,"West Virginia","Barbour County",3,32,168,81,87
050,54,001,"West Virginia","Barbour County",3,33,171,84,87
050,54,001,"West Virginia","Barbour County",3,34,170,90,80
050,54,001,"West Virginia","Barbour County",3,35,158,83,75
050,54,001,"West Virginia","Barbour County",3,36,169,79,90
050,54,001,"West Virginia","Barbour County",3,37,164,82,82
050,54,001,"West Virginia","Barbour County",3,38,173,91,82
050,54,001,"West Virginia","Barbour County",3,39,171,93,78
050,54,001,"West Virginia","Barbour County",3,40,179,95,84
050,54,001,"West Virginia","Barbour County",3,41,175,82,93
050,54,001,"West Virginia","Barbour County",3,42,162,75,87
050,54,001,"West Virginia","Barbour County",3,43,158,72,86
050,54,001,"West Virginia","Barbour County",3,44,176,86,90
050,54,001,"West Virginia","Barbour County",3,45,182,84,98
050,54,001,"West Virginia","Barbour County",3,46,191,89,102
050,54,001,"West Virginia","Barbour County",3,47,200,99,101
050,54,001,"West Virginia","Barbour County",3,48,197,104,93
050,54,001,"West Virginia","Barbour County",3,49,212,108,104
050,54,001,"West Virginia","Barbour County",3,50,217,111,106
050,54,001,"West Virginia","Barbour County",3,51,201,102,99
050,54,001,"West Virginia","Barbour County",3,52,194,95,99
050,54,001,"West Virginia","Barbour County",3,53,210,106,104
050,54,001,"West Virginia","Barbour County",3,54,200,97,103
050,54,001,"West Virginia","Barbour County",3,55,191,92,99
050,54,001,"West Virginia","Barbour County",3,56,183,90,93
050,54,001,"West Virginia","Barbour County",3,57,208,108,100
050,54,001,"West Virginia","Barbour County",3,58,232,120,112
050,54,001,"West Virginia","Barbour County",3,59,234,120,114
050,54,001,"West Virginia","Barbour County",3,60,230,118,112
050,54,001,"West Virginia","Barbour County",3,61,214,109,105
050,54,001,"West Virginia","Barbour County",3,62,215,98,117
050,54,001,"West Virginia","Barbour County",3,63,204,96,108
050,54,001,"West Virginia","Barbour County",3,64,206,95,111
050,54,001,"West Virginia","Barbour County",3,65,215,107,108
050,54,001,"West Virginia","Barbour County",3,66,205,104,101
050,54,001,"West Virginia","Barbour County",3,67,205,103,102
050,54,001,"West Virginia","Barbour County",3,68,205,108,97
050,54,001,"West Virginia","Barbour County",3,69,207,113,94
050,54,001,"West Virginia","Barbour County",3,70,190,107,83
050,54,001,"West Virginia","Barbour County",3,71,189,96,93
050,54,001,"West Virginia","Barbour County",3,72,182,95,87
050,54,001,"West Virginia","Barbour County",3,73,168,87,81
050,54,001,"West Virginia","Barbour County",3,74,191,87,104
050,54,001,"West Virginia","Barbour County",3,75,118,49,69
050,54,001,"West Virginia","Barbour County",3,76,114,51,63
050,54,001,"West Virginia","Barbour County",3,77,118,60,58
050,54,001,"West Virginia","Barbour County",3,78,129,62,67
050,54,001,"West Virginia","Barbour County",3,79,97,49,48
050,54,001,"West Virginia","Barbour County",3,80,83,44,39
050,54,001,"West Virginia","Barbour County",3,81,75,36,39
050,54,001,"West Virginia","Barbour County",3,82,81,41,40
050,54,001,"West Virginia","Barbour County",3,83,69,30,39
050,54,001,"West Virginia","Barbour County",3,84,59,27,32
050,54,001,"West Virginia","Barbour County",3,85,309,121,188
050,54,001,"West Virginia","Barbour County",4,0,134,71,63
050,54,001,"West Virginia","Barbour County",4,1,147,66,81
050,54,001,"West Virginia","Barbour County",4,2,160,86,74
050,54,001,"West Virginia","Barbour County",4,3,148,79,69
050,54,001,"West Virginia","Barbour County",4,4,148,80,68
050,54,001,"West Virginia","Barbour County",4,5,166,85,81
050,54,001,"West Virginia","Barbour County",4,6,158,80,78
050,54,001,"West Virginia","Barbour County",4,7,175,84,91
050,54,001,"West Virginia","Barbour County",4,8,172,80,92
050,54,001,"West Virginia","Barbour County",4,9,185,93,92
050,54,001,"West Virginia","Barbour County",4,10,176,86,90
050,54,001,"West Virginia","Barbour County",4,11,164,87,77
050,54,001,"West Virginia","Barbour County",4,12,178,87,91
050,54,001,"West Virginia","Barbour County",4,13,190,94,96
050,54,001,"West Virginia","Barbour County",4,14,204,106,98
050,54,001,"West Virginia","Barbour County",4,15,192,97,95
050,54,001,"West Virginia","Barbour County",4,16,207,106,101
050,54,001,"West Virginia","Barbour County",4,17,211,108,103
050,54,001,"West Virginia","Barbour County",4,18,227,101,126
050,54,001,"West Virginia","Barbour County",4,19,298,118,180
050,54,001,"West Virginia","Barbour County",4,20,267,109,158
050,54,001,"West Virginia","Barbour County",4,21,245,119,126
050,54,001,"West Virginia","Barbour County",4,22,210,109,101
050,54,001,"West Virginia","Barbour County",4,23,178,92,86
050,54,001,"West Virginia","Barbour County",4,24,184,96,88
050,54,001,"West Virginia","Barbour County",4,25,172,93,79
050,54,001,"West Virginia","Barbour County",4,26,150,76,74
050,54,001,"West Virginia","Barbour County",4,27,175,87,88
050,54,001,"West Virginia","Barbour County",4,28,179,93,86
050,54,001,"West Virginia","Barbour County",4,29,175,84,91
050,54,001,"West Virginia","Barbour County",4,30,181,94,87
050,54,001,"West Virginia","Barbour County",4,31,189,97,92
050,54,001,"West Virginia","Barbour County",4,32,182,89,93
050,54,001,"West Virginia","Barbour County",4,33,163,79,84
050,54,001,"West Virginia","Barbour County",4,34,158,80,78
050,54,001,"West Virginia","Barbour County",4,35,159,82,77
050,54,001,"West Virginia","Barbour County",4,36,147,76,71
050,54,001,"West Virginia","Barbour County",4,37,172,76,96
050,54,001,"West Virginia","Barbour County",4,38,166,81,85
050,54,001,"West Virginia","Barbour County",4,39,170,91,79
050,54,001,"West Virginia","Barbour County",4,40,176,92,84
050,54,001,"West Virginia","Barbour County",4,41,183,96,87
050,54,001,"West Virginia","Barbour County",4,42,169,80,89
050,54,001,"West Virginia","Barbour County",4,43,162,72,90
050,54,001,"West Virginia","Barbour County",4,44,157,72,85
050,54,001,"West Virginia","Barbour County",4,45,184,90,94
050,54,001,"West Virginia","Barbour County",4,46,185,86,99
050,54,001,"West Virginia","Barbour County",4,47,187,85,102
050,54,001,"West Virginia","Barbour County",4,48,204,101,103
050,54,001,"West Virginia","Barbour County",4,49,191,104,87
050,54,001,"West Virginia","Barbour County",4,50,215,113,102
050,54,001,"West Virginia","Barbour County",4,51,223,116,107
050,54,001,"West Virginia","Barbour County",4,52,198,100,98
050,54,001,"West Virginia","Barbour County",4,53,186,94,92
050,54,001,"West Virginia","Barbour County",4,54,209,107,102
050,54,001,"West Virginia","Barbour County",4,55,192,92,100
050,54,001,"West Virginia","Barbour County",4,56,184,89,95
050,54,001,"West Virginia","Barbour County",4,57,187,86,101
050,54,001,"West Virginia","Barbour County",4,58,212,112,100
050,54,001,"West Virginia","Barbour County",4,59,220,112,108
050,54,001,"West Virginia","Barbour County",4,60,222,114,108
050,54,001,"West Virginia","Barbour County",4,61,231,120,111
050,54,001,"West Virginia","Barbour County",4,62,208,105,103
050,54,001,"West Virginia","Barbour County",4,63,214,98,116
050,54,001,"West Virginia","Barbour County",4,64,206,91,115
050,54,001,"West Virginia","Barbour County",4,65,205,93,112
050,54,001,"West Virginia","Barbour County",4,66,213,108,105
050,54,001,"West Virginia","Barbour County",4,67,204,104,100
050,54,001,"West Virginia","Barbour County",4,68,202,103,99
050,54,001,"West Virginia","Barbour County",4,69,192,102,90
050,54,001,"West Virginia","Barbour County",4,70,209,118,91
050,54,001,"West Virginia","Barbour County",4,71,178,97,81
050,54,001,"West Virginia","Barbour County",4,72,181,94,87
050,54,001,"West Virginia","Barbour County",4,73,176,89,87
050,54,001,"West Virginia","Barbour County",4,74,164,83,81
050,54,001,"West Virginia","Barbour County",4,75,178,77,101
050,54,001,"West Virginia","Barbour County",4,76,115,46,69
050,54,001,"West Virginia","Barbour County",4,77,101,46,55
050,54,001,"West Virginia","Barbour County",4,78,108,57,51
050,54,001,"West Virginia","Barbour County",4,79,125,57,68
050,54,001,"West Virginia","Barbour County",4,80,96,50,46
050,54,001,"West Virginia","Barbour County",4,81,79,42,37
050,54,001,"West Virginia","Barbour County",4,82,61,29,32
050,54,001,"West Virginia","Barbour County",4,83,72,34,38
050,54,001,"West Virginia","Barbour County",4,84,70,32,38
050,54,001,"West Virginia","Barbour County",4,85,295,116,179
050,54,001,"West Virginia","Barbour County",5,0,134,71,63
050,54,001,"West Virginia","Barbour County",5,1,134,70,64
050,54,001,"West Virginia","Barbour County",5,2,158,75,83
050,54,001,"West Virginia","Barbour County",5,3,160,87,73
050,54,001,"West Virginia","Barbour County",5,4,155,82,73
050,54,001,"West Virginia","Barbour County",5,5,150,76,74
050,54,001,"West Virginia","Barbour County",5,6,168,82,86
050,54,001,"West Virginia","Barbour County",5,7,158,76,82
050,54,001,"West Virginia","Barbour County",5,8,170,83,87
050,54,001,"West Virginia","Barbour County",5,9,175,85,90
050,54,001,"West Virginia","Barbour County",5,10,188,97,91
050,54,001,"West Virginia","Barbour County",5,11,184,87,97
050,54,001,"West Virginia","Barbour County",5,12,180,95,85
050,54,001,"West Virginia","Barbour County",5,13,178,92,86
050,54,001,"West Virginia","Barbour County",5,14,186,96,90
050,54,001,"West Virginia","Barbour County",5,15,208,111,97
050,54,001,"West Virginia","Barbour County",5,16,192,97,95
050,54,001,"West Virginia","Barbour County",5,17,212,111,101
050,54,001,"West Virginia","Barbour County",5,18,231,111,120
050,54,001,"West Virginia","Barbour County",5,19,307,121,186
050,54,001,"West Virginia","Barbour County",5,20,274,110,164
050,54,001,"West Virginia","Barbour County",5,21,240,119,121
050,54,001,"West Virginia","Barbour County",5,22,212,114,98
050,54,001,"West Virginia","Barbour County",5,23,180,96,84
050,54,001,"West Virginia","Barbour County",5,24,167,93,74
050,54,001,"West Virginia","Barbour County",5,25,182,90,92
050,54,001,"West Virginia","Barbour County",5,26,164,91,73
050,54,001,"West Virginia","Barbour County",5,27,160,81,79
050,54,001,"West Virginia","Barbour County",5,28,168,85,83
050,54,001,"West Virginia","Barbour County",5,29,174,90,84
050,54,001,"West Virginia","Barbour County",5,30,172,83,89
050,54,001,"West Virginia","Barbour County",5,31,181,97,84
050,54,001,"West Virginia","Barbour County",5,32,195,100,95
050,54,001,"West Virginia","Barbour County",5,33,192,91,101
050,54,001,"West Virginia","Barbour County",5,34,163,82,81
050,54,001,"West Virginia","Barbour County",5,35,164,79,85
050,54,001,"West Virginia","Barbour County",5,36,157,80,77
050,54,001,"West Virginia","Barbour County",5,37,147,78,69
050,54,001,"West Virginia","Barbour County",5,38,172,78,94
050,54,001,"West Virginia","Barbour County",5,39,170,86,84
050,54,001,"West Virginia","Barbour County",5,40,174,92,82
050,54,001,"West Virginia","Barbour County",5,41,172,89,83
050,54,001,"West Virginia","Barbour County",5,42,181,95,86
050,54,001,"West Virginia","Barbour County",5,43,175,83,92
050,54,001,"West Virginia","Barbour County",5,44,160,69,91
050,54,001,"West Virginia","Barbour County",5,45,156,75,81
050,54,001,"West Virginia","Barbour County",5,46,186,91,95
050,54,001,"West Virginia","Barbour County",5,47,182,89,93
050,54,001,"West Virginia","Barbour County",5,48,185,81,104
050,54,001,"West Virginia","Barbour County",5,49,203,100,103
050,54,001,"West Virginia","Barbour County",5,50,194,105,89
050,54,001,"West Virginia","Barbour County",5,51,218,116,102
050,54,001,"West Virginia","Barbour County",5,52,226,118,108
050,54,001,"West Virginia","Barbour County",5,53,199,99,100
050,54,001,"West Virginia","Barbour County",5,54,181,89,92
050,54,001,"West Virginia","Barbour County",5,55,208,103,105
050,54,001,"West Virginia","Barbour County",5,56,191,90,101
050,54,001,"West Virginia","Barbour County",5,57,185,89,96
050,54,001,"West Virginia","Barbour County",5,58,196,93,103
050,54,001,"West Virginia","Barbour County",5,59,209,109,100
050,54,001,"West Virginia","Barbour County",5,60,217,113,104
050,54,001,"West Virginia","Barbour County",5,61,222,115,107
050,54,001,"West Virginia","Barbour County",5,62,224,114,110
050,54,001,"West Virginia","Barbour County",5,63,207,107,100
050,54,001,"West Virginia","Barbour County",5,64,206,88,118
050,54,001,"West Virginia","Barbour County",5,65,201,90,111
050,54,001,"West Virginia","Barbour County",5,66,199,89,110
050,54,001,"West Virginia","Barbour County",5,67,216,108,108
050,54,001,"West Virginia","Barbour County",5,68,201,103,98
050,54,001,"West Virginia","Barbour County",5,69,197,102,95
050,54,001,"West Virginia","Barbour County",5,70,189,105,84
050,54,001,"West Virginia","Barbour County",5,71,204,112,92
050,54,001,"West Virginia","Barbour County",5,72,176,98,78
050,54,001,"West Virginia","Barbour County",5,73,174,89,85
050,54,001,"West Virginia","Barbour County",5,74,169,87,82
050,54,001,"West Virginia","Barbour County",5,75,159,79,80
050,54,001,"West Virginia","Barbour County",5,76,171,72,99
050,54,001,"West Virginia","Barbour County",5,77,106,44,62
050,54,001,"West Virginia","Barbour County",5,78,94,44,50
050,54,001,"West Virginia","Barbour County",5,79,104,55,49
050,54,001,"West Virginia","Barbour County",5,80,121,57,64
050,54,001,"West Virginia","Barbour County",5,81,88,45,43
050,54,001,"West Virginia","Barbour County",5,82,67,38,29
050,54,001,"West Virginia","Barbour County",5,83,52,23,29
050,54,001,"West Virginia","Barbour County",5,84,72,36,36
050,54,001,"West Virginia","Barbour County",5,85,299,120,179
050,54,003,"West Virginia","Berkeley County",1,0,1438,730,708
050,54,003,"West Virginia","Berkeley County",1,1,1499,755,744
050,54,003,"West Virginia","Berkeley County",1,2,1507,754,753
050,54,003,"West Virginia","Berkeley County",1,3,1524,772,752
050,54,003,"West Virginia","Berkeley County",1,4,1507,795,712
050,54,003,"West Virginia","Berkeley County",1,5,1573,800,773
050,54,003,"West Virginia","Berkeley County",1,6,1543,811,732
050,54,003,"West Virginia","Berkeley County",1,7,1588,822,766
050,54,003,"West Virginia","Berkeley County",1,8,1540,818,722
050,54,003,"West Virginia","Berkeley County",1,9,1514,770,744
050,54,003,"West Virginia","Berkeley County",1,10,1592,805,787
050,54,003,"West Virginia","Berkeley County",1,11,1687,871,816
050,54,003,"West Virginia","Berkeley County",1,12,1719,853,866
050,54,003,"West Virginia","Berkeley County",1,13,1712,872,840
050,54,003,"West Virginia","Berkeley County",1,14,1667,860,807
050,54,003,"West Virginia","Berkeley County",1,15,1628,840,788
050,54,003,"West Virginia","Berkeley County",1,16,1627,831,796
050,54,003,"West Virginia","Berkeley County",1,17,1600,814,786
050,54,003,"West Virginia","Berkeley County",1,18,1351,703,648
050,54,003,"West Virginia","Berkeley County",1,19,1092,555,537
050,54,003,"West Virginia","Berkeley County",1,20,1160,597,563
050,54,003,"West Virginia","Berkeley County",1,21,1227,629,598
050,54,003,"West Virginia","Berkeley County",1,22,1316,677,639
050,54,003,"West Virginia","Berkeley County",1,23,1405,727,678
050,54,003,"West Virginia","Berkeley County",1,24,1471,726,745
050,54,003,"West Virginia","Berkeley County",1,25,1580,812,768
050,54,003,"West Virginia","Berkeley County",1,26,1604,824,780
050,54,003,"West Virginia","Berkeley County",1,27,1702,851,851
050,54,003,"West Virginia","Berkeley County",1,28,1771,891,880
050,54,003,"West Virginia","Berkeley County",1,29,1840,924,916
050,54,003,"West Virginia","Berkeley County",1,30,1887,930,957
050,54,003,"West Virginia","Berkeley County",1,31,1787,923,864
050,54,003,"West Virginia","Berkeley County",1,32,1750,913,837
050,54,003,"West Virginia","Berkeley County",1,33,1775,876,899
050,54,003,"West Virginia","Berkeley County",1,34,1664,839,825
050,54,003,"West Virginia","Berkeley County",1,35,1658,865,793
050,54,003,"West Virginia","Berkeley County",1,36,1690,856,834
050,54,003,"West Virginia","Berkeley County",1,37,1707,847,860
050,54,003,"West Virginia","Berkeley County",1,38,1736,903,833
050,54,003,"West Virginia","Berkeley County",1,39,1703,848,855
050,54,003,"West Virginia","Berkeley County",1,40,1705,850,855
050,54,003,"West Virginia","Berkeley County",1,41,1643,844,799
050,54,003,"West Virginia","Berkeley County",1,42,1603,810,793
050,54,003,"West Virginia","Berkeley County",1,43,1505,735,770
050,54,003,"West Virginia","Berkeley County",1,44,1514,746,768
050,54,003,"West Virginia","Berkeley County",1,45,1566,773,793
050,54,003,"West Virginia","Berkeley County",1,46,1479,747,732
050,54,003,"West Virginia","Berkeley County",1,47,1516,761,755
050,54,003,"West Virginia","Berkeley County",1,48,1661,839,822
050,54,003,"West Virginia","Berkeley County",1,49,1768,892,876
050,54,003,"West Virginia","Berkeley County",1,50,1732,865,867
050,54,003,"West Virginia","Berkeley County",1,51,1622,815,807
050,54,003,"West Virginia","Berkeley County",1,52,1583,823,760
050,54,003,"West Virginia","Berkeley County",1,53,1702,840,862
050,54,003,"West Virginia","Berkeley County",1,54,1741,868,873
050,54,003,"West Virginia","Berkeley County",1,55,1753,871,882
050,54,003,"West Virginia","Berkeley County",1,56,1726,860,866
050,54,003,"West Virginia","Berkeley County",1,57,1665,844,821
050,54,003,"West Virginia","Berkeley County",1,58,1633,814,819
050,54,003,"West Virginia","Berkeley County",1,59,1627,795,832
050,54,003,"West Virginia","Berkeley County",1,60,1658,828,830
050,54,003,"West Virginia","Berkeley County",1,61,1651,830,821
050,54,003,"West Virginia","Berkeley County",1,62,1620,810,810
050,54,003,"West Virginia","Berkeley County",1,63,1495,746,749
050,54,003,"West Virginia","Berkeley County",1,64,1382,648,734
050,54,003,"West Virginia","Berkeley County",1,65,1392,672,720
050,54,003,"West Virginia","Berkeley County",1,66,1314,646,668
050,54,003,"West Virginia","Berkeley County",1,67,1239,587,652
050,54,003,"West Virginia","Berkeley County",1,68,1267,603,664
050,54,003,"West Virginia","Berkeley County",1,69,1167,560,607
050,54,003,"West Virginia","Berkeley County",1,70,1194,570,624
050,54,003,"West Virginia","Berkeley County",1,71,1180,572,608
050,54,003,"West Virginia","Berkeley County",1,72,1169,555,614
050,54,003,"West Virginia","Berkeley County",1,73,1185,569,616
050,54,003,"West Virginia","Berkeley County",1,74,740,351,389
050,54,003,"West Virginia","Berkeley County",1,75,760,370,390
050,54,003,"West Virginia","Berkeley County",1,76,711,333,378
050,54,003,"West Virginia","Berkeley County",1,77,681,321,360
050,54,003,"West Virginia","Berkeley County",1,78,583,278,305
050,54,003,"West Virginia","Berkeley County",1,79,477,223,254
050,54,003,"West Virginia","Berkeley County",1,80,426,189,237
050,54,003,"West Virginia","Berkeley County",1,81,413,178,235
050,54,003,"West Virginia","Berkeley County",1,82,360,161,199
050,54,003,"West Virginia","Berkeley County",1,83,326,150,176
050,54,003,"West Virginia","Berkeley County",1,84,268,119,149
050,54,003,"West Virginia","Berkeley County",1,85,1332,566,766
050,54,003,"West Virginia","Berkeley County",2,0,1453,744,709
050,54,003,"West Virginia","Berkeley County",2,1,1497,750,747
050,54,003,"West Virginia","Berkeley County",2,2,1515,758,757
050,54,003,"West Virginia","Berkeley County",2,3,1525,773,752
050,54,003,"West Virginia","Berkeley County",2,4,1524,797,727
050,54,003,"West Virginia","Berkeley County",2,5,1564,802,762
050,54,003,"West Virginia","Berkeley County",2,6,1563,817,746
050,54,003,"West Virginia","Berkeley County",2,7,1578,820,758
050,54,003,"West Virginia","Berkeley County",2,8,1551,819,732
050,54,003,"West Virginia","Berkeley County",2,9,1527,783,744
050,54,003,"West Virginia","Berkeley County",2,10,1577,797,780
050,54,003,"West Virginia","Berkeley County",2,11,1660,851,809
050,54,003,"West Virginia","Berkeley County",2,12,1725,867,858
050,54,003,"West Virginia","Berkeley County",2,13,1722,871,851
050,54,003,"West Virginia","Berkeley County",2,14,1684,864,820
050,54,003,"West Virginia","Berkeley County",2,15,1649,849,800
050,54,003,"West Virginia","Berkeley County",2,16,1632,834,798
050,54,003,"West Virginia","Berkeley County",2,17,1610,821,789
050,54,003,"West Virginia","Berkeley County",2,18,1350,700,650
050,54,003,"West Virginia","Berkeley County",2,19,1107,561,546
050,54,003,"West Virginia","Berkeley County",2,20,1181,604,577
050,54,003,"West Virginia","Berkeley County",2,21,1236,632,604
050,54,003,"West Virginia","Berkeley County",2,22,1331,685,646
050,54,003,"West Virginia","Berkeley County",2,23,1412,726,686
050,54,003,"West Virginia","Berkeley County",2,24,1482,736,746
050,54,003,"West Virginia","Berkeley County",2,25,1577,806,771
050,54,003,"West Virginia","Berkeley County",2,26,1627,839,788
050,54,003,"West Virginia","Berkeley County",2,27,1704,866,838
050,54,003,"West Virginia","Berkeley County",2,28,1772,889,883
050,54,003,"West Virginia","Berkeley County",2,29,1842,927,915
050,54,003,"West Virginia","Berkeley County",2,30,1895,935,960
050,54,003,"West Virginia","Berkeley County",2,31,1825,934,891
050,54,003,"West Virginia","Berkeley County",2,32,1779,925,854
050,54,003,"West Virginia","Berkeley County",2,33,1776,889,887
050,54,003,"West Virginia","Berkeley County",2,34,1704,861,843
050,54,003,"West Virginia","Berkeley County",2,35,1681,868,813
050,54,003,"West Virginia","Berkeley County",2,36,1671,851,820
050,54,003,"West Virginia","Berkeley County",2,37,1715,857,858
050,54,003,"West Virginia","Berkeley County",2,38,1740,893,847
050,54,003,"West Virginia","Berkeley County",2,39,1712,861,851
050,54,003,"West Virginia","Berkeley County",2,40,1714,858,856
050,54,003,"West Virginia","Berkeley County",2,41,1665,851,814
050,54,003,"West Virginia","Berkeley County",2,42,1613,818,795
050,54,003,"West Virginia","Berkeley County",2,43,1543,760,783
050,54,003,"West Virginia","Berkeley County",2,44,1505,739,766
050,54,003,"West Virginia","Berkeley County",2,45,1569,778,791
050,54,003,"West Virginia","Berkeley County",2,46,1494,749,745
050,54,003,"West Virginia","Berkeley County",2,47,1503,752,751
050,54,003,"West Virginia","Berkeley County",2,48,1634,824,810
050,54,003,"West Virginia","Berkeley County",2,49,1741,878,863
050,54,003,"West Virginia","Berkeley County",2,50,1743,874,869
050,54,003,"West Virginia","Berkeley County",2,51,1639,825,814
050,54,003,"West Virginia","Berkeley County",2,52,1587,816,771
050,54,003,"West Virginia","Berkeley County",2,53,1677,834,843
050,54,003,"West Virginia","Berkeley County",2,54,1735,862,873
050,54,003,"West Virginia","Berkeley County",2,55,1755,873,882
050,54,003,"West Virginia","Berkeley County",2,56,1742,870,872
050,54,003,"West Virginia","Berkeley County",2,57,1687,851,836
050,54,003,"West Virginia","Berkeley County",2,58,1645,820,825
050,54,003,"West Virginia","Berkeley County",2,59,1633,801,832
050,54,003,"West Virginia","Berkeley County",2,60,1646,821,825
050,54,003,"West Virginia","Berkeley County",2,61,1648,824,824
050,54,003,"West Virginia","Berkeley County",2,62,1633,820,813
050,54,003,"West Virginia","Berkeley County",2,63,1537,768,769
050,54,003,"West Virginia","Berkeley County",2,64,1408,670,738
050,54,003,"West Virginia","Berkeley County",2,65,1384,661,723
050,54,003,"West Virginia","Berkeley County",2,66,1338,652,686
050,54,003,"West Virginia","Berkeley County",2,67,1251,595,656
050,54,003,"West Virginia","Berkeley County",2,68,1248,592,656
050,54,003,"West Virginia","Berkeley County",2,69,1198,571,627
050,54,003,"West Virginia","Berkeley County",2,70,1184,568,616
050,54,003,"West Virginia","Berkeley County",2,71,1181,570,611
050,54,003,"West Virginia","Berkeley County",2,72,1154,552,602
050,54,003,"West Virginia","Berkeley County",2,73,1234,588,646
050,54,003,"West Virginia","Berkeley County",2,74,792,376,416
050,54,003,"West Virginia","Berkeley County",2,75,753,363,390
050,54,003,"West Virginia","Berkeley County",2,76,709,335,374
050,54,003,"West Virginia","Berkeley County",2,77,697,330,367
050,54,003,"West Virginia","Berkeley County",2,78,580,274,306
050,54,003,"West Virginia","Berkeley County",2,79,492,234,258
050,54,003,"West Virginia","Berkeley County",2,80,430,192,238
050,54,003,"West Virginia","Berkeley County",2,81,404,176,228
050,54,003,"West Virginia","Berkeley County",2,82,364,159,205
050,54,003,"West Virginia","Berkeley County",2,83,324,151,173
050,54,003,"West Virginia","Berkeley County",2,84,270,118,152
050,54,003,"West Virginia","Berkeley County",2,85,1341,574,767
050,54,003,"West Virginia","Berkeley County",3,0,1470,728,742
050,54,003,"West Virginia","Berkeley County",3,1,1516,785,731
050,54,003,"West Virginia","Berkeley County",3,2,1545,777,768
050,54,003,"West Virginia","Berkeley County",3,3,1547,767,780
050,54,003,"West Virginia","Berkeley County",3,4,1589,807,782
050,54,003,"West Virginia","Berkeley County",3,5,1560,816,744
050,54,003,"West Virginia","Berkeley County",3,6,1613,819,794
050,54,003,"West Virginia","Berkeley County",3,7,1601,849,752
050,54,003,"West Virginia","Berkeley County",3,8,1633,847,786
050,54,003,"West Virginia","Berkeley County",3,9,1581,823,758
050,54,003,"West Virginia","Berkeley County",3,10,1591,822,769
050,54,003,"West Virginia","Berkeley County",3,11,1625,839,786
050,54,003,"West Virginia","Berkeley County",3,12,1683,857,826
050,54,003,"West Virginia","Berkeley County",3,13,1767,886,881
050,54,003,"West Virginia","Berkeley County",3,14,1753,889,864
050,54,003,"West Virginia","Berkeley County",3,15,1727,891,836
050,54,003,"West Virginia","Berkeley County",3,16,1658,836,822
050,54,003,"West Virginia","Berkeley County",3,17,1665,868,797
050,54,003,"West Virginia","Berkeley County",3,18,1369,733,636
050,54,003,"West Virginia","Berkeley County",3,19,1121,585,536
050,54,003,"West Virginia","Berkeley County",3,20,1230,624,606
050,54,003,"West Virginia","Berkeley County",3,21,1309,675,634
050,54,003,"West Virginia","Berkeley County",3,22,1408,709,699
050,54,003,"West Virginia","Berkeley County",3,23,1513,774,739
050,54,003,"West Virginia","Berkeley County",3,24,1554,797,757
050,54,003,"West Virginia","Berkeley County",3,25,1656,832,824
050,54,003,"West Virginia","Berkeley County",3,26,1704,887,817
050,54,003,"West Virginia","Berkeley County",3,27,1705,886,819
050,54,003,"West Virginia","Berkeley County",3,28,1773,895,878
050,54,003,"West Virginia","Berkeley County",3,29,1917,995,922
050,54,003,"West Virginia","Berkeley County",3,30,1906,951,955
050,54,003,"West Virginia","Berkeley County",3,31,2016,1017,999
050,54,003,"West Virginia","Berkeley County",3,32,1931,1000,931
050,54,003,"West Virginia","Berkeley County",3,33,1835,944,891
050,54,003,"West Virginia","Berkeley County",3,34,1861,938,923
050,54,003,"West Virginia","Berkeley County",3,35,1772,894,878
050,54,003,"West Virginia","Berkeley County",3,36,1728,880,848
050,54,003,"West Virginia","Berkeley County",3,37,1691,848,843
050,54,003,"West Virginia","Berkeley County",3,38,1746,887,859
050,54,003,"West Virginia","Berkeley County",3,39,1761,895,866
050,54,003,"West Virginia","Berkeley County",3,40,1767,885,882
050,54,003,"West Virginia","Berkeley County",3,41,1763,897,866
050,54,003,"West Virginia","Berkeley County",3,42,1678,863,815
050,54,003,"West Virginia","Berkeley County",3,43,1652,832,820
050,54,003,"West Virginia","Berkeley County",3,44,1589,790,799
050,54,003,"West Virginia","Berkeley County",3,45,1552,758,794
050,54,003,"West Virginia","Berkeley County",3,46,1591,780,811
050,54,003,"West Virginia","Berkeley County",3,47,1527,775,752
050,54,003,"West Virginia","Berkeley County",3,48,1533,777,756
050,54,003,"West Virginia","Berkeley County",3,49,1641,816,825
050,54,003,"West Virginia","Berkeley County",3,50,1803,912,891
050,54,003,"West Virginia","Berkeley County",3,51,1755,884,871
050,54,003,"West Virginia","Berkeley County",3,52,1666,836,830
050,54,003,"West Virginia","Berkeley County",3,53,1602,814,788
050,54,003,"West Virginia","Berkeley County",3,54,1674,839,835
050,54,003,"West Virginia","Berkeley County",3,55,1770,892,878
050,54,003,"West Virginia","Berkeley County",3,56,1782,892,890
050,54,003,"West Virginia","Berkeley County",3,57,1744,864,880
050,54,003,"West Virginia","Berkeley County",3,58,1725,863,862
050,54,003,"West Virginia","Berkeley County",3,59,1642,799,843
050,54,003,"West Virginia","Berkeley County",3,60,1644,807,837
050,54,003,"West Virginia","Berkeley County",3,61,1644,817,827
050,54,003,"West Virginia","Berkeley County",3,62,1630,796,834
050,54,003,"West Virginia","Berkeley County",3,63,1630,833,797
050,54,003,"West Virginia","Berkeley County",3,64,1558,770,788
050,54,003,"West Virginia","Berkeley County",3,65,1417,678,739
050,54,003,"West Virginia","Berkeley County",3,66,1383,655,728
050,54,003,"West Virginia","Berkeley County",3,67,1326,634,692
050,54,003,"West Virginia","Berkeley County",3,68,1228,577,651
050,54,003,"West Virginia","Berkeley County",3,69,1242,589,653
050,54,003,"West Virginia","Berkeley County",3,70,1196,567,629
050,54,003,"West Virginia","Berkeley County",3,71,1142,533,609
050,54,003,"West Virginia","Berkeley County",3,72,1142,536,606
050,54,003,"West Virginia","Berkeley County",3,73,1124,541,583
050,54,003,"West Virginia","Berkeley County",3,74,1180,556,624
050,54,003,"West Virginia","Berkeley County",3,75,762,363,399
050,54,003,"West Virginia","Berkeley County",3,76,731,352,379
050,54,003,"West Virginia","Berkeley County",3,77,676,318,358
050,54,003,"West Virginia","Berkeley County",3,78,663,311,352
050,54,003,"West Virginia","Berkeley County",3,79,560,258,302
050,54,003,"West Virginia","Berkeley County",3,80,472,223,249
050,54,003,"West Virginia","Berkeley County",3,81,395,176,219
050,54,003,"West Virginia","Berkeley County",3,82,372,156,216
050,54,003,"West Virginia","Berkeley County",3,83,329,147,182
050,54,003,"West Virginia","Berkeley County",3,84,298,135,163
050,54,003,"West Virginia","Berkeley County",3,85,1350,577,773
050,54,003,"West Virginia","Berkeley County",4,0,1463,752,711
050,54,003,"West Virginia","Berkeley County",4,1,1566,799,767
050,54,003,"West Virginia","Berkeley County",4,2,1606,827,779
050,54,003,"West Virginia","Berkeley County",4,3,1572,787,785
050,54,003,"West Virginia","Berkeley County",4,4,1577,792,785
050,54,003,"West Virginia","Berkeley County",4,5,1590,801,789
050,54,003,"West Virginia","Berkeley County",4,6,1614,852,762
050,54,003,"West Virginia","Berkeley County",4,7,1701,854,847
050,54,003,"West Virginia","Berkeley County",4,8,1647,858,789
050,54,003,"West Virginia","Berkeley County",4,9,1698,883,815
050,54,003,"West Virginia","Berkeley County",4,10,1618,840,778
050,54,003,"West Virginia","Berkeley County",4,11,1654,846,808
050,54,003,"West Virginia","Berkeley County",4,12,1716,872,844
050,54,003,"West Virginia","Berkeley County",4,13,1736,900,836
050,54,003,"West Virginia","Berkeley County",4,14,1801,904,897
050,54,003,"West Virginia","Berkeley County",4,15,1825,914,911
050,54,003,"West Virginia","Berkeley County",4,16,1767,904,863
050,54,003,"West Virginia","Berkeley County",4,17,1685,835,850
050,54,003,"West Virginia","Berkeley County",4,18,1451,770,681
050,54,003,"West Virginia","Berkeley County",4,19,1109,594,515
050,54,003,"West Virginia","Berkeley County",4,20,1222,638,584
050,54,003,"West Virginia","Berkeley County",4,21,1324,664,660
050,54,003,"West Virginia","Berkeley County",4,22,1455,731,724
050,54,003,"West Virginia","Berkeley County",4,23,1529,789,740
050,54,003,"West Virginia","Berkeley County",4,24,1646,853,793
050,54,003,"West Virginia","Berkeley County",4,25,1657,831,826
050,54,003,"West Virginia","Berkeley County",4,26,1756,870,886
050,54,003,"West Virginia","Berkeley County",4,27,1802,949,853
050,54,003,"West Virginia","Berkeley County",4,28,1777,909,868
050,54,003,"West Virginia","Berkeley County",4,29,1835,931,904
050,54,003,"West Virginia","Berkeley County",4,30,1978,1006,972
050,54,003,"West Virginia","Berkeley County",4,31,1970,978,992
050,54,003,"West Virginia","Berkeley County",4,32,2078,1058,1020
050,54,003,"West Virginia","Berkeley County",4,33,1975,999,976
050,54,003,"West Virginia","Berkeley County",4,34,1910,1002,908
050,54,003,"West Virginia","Berkeley County",4,35,1883,959,924
050,54,003,"West Virginia","Berkeley County",4,36,1779,874,905
050,54,003,"West Virginia","Berkeley County",4,37,1808,910,898
050,54,003,"West Virginia","Berkeley County",4,38,1737,879,858
050,54,003,"West Virginia","Berkeley County",4,39,1785,922,863
050,54,003,"West Virginia","Berkeley County",4,40,1821,896,925
050,54,003,"West Virginia","Berkeley County",4,41,1849,947,902
050,54,003,"West Virginia","Berkeley County",4,42,1783,911,872
050,54,003,"West Virginia","Berkeley County",4,43,1695,854,841
050,54,003,"West Virginia","Berkeley County",4,44,1721,871,850
050,54,003,"West Virginia","Berkeley County",4,45,1675,849,826
050,54,003,"West Virginia","Berkeley County",4,46,1559,747,812
050,54,003,"West Virginia","Berkeley County",4,47,1622,806,816
050,54,003,"West Virginia","Berkeley County",4,48,1584,807,777
050,54,003,"West Virginia","Berkeley County",4,49,1556,783,773
050,54,003,"West Virginia","Berkeley County",4,50,1664,830,834
050,54,003,"West Virginia","Berkeley County",4,51,1839,920,919
050,54,003,"West Virginia","Berkeley County",4,52,1776,889,887
050,54,003,"West Virginia","Berkeley County",4,53,1686,851,835
050,54,003,"West Virginia","Berkeley County",4,54,1636,823,813
050,54,003,"West Virginia","Berkeley County",4,55,1692,847,845
050,54,003,"West Virginia","Berkeley County",4,56,1777,885,892
050,54,003,"West Virginia","Berkeley County",4,57,1780,879,901
050,54,003,"West Virginia","Berkeley County",4,58,1764,862,902
050,54,003,"West Virginia","Berkeley County",4,59,1701,851,850
050,54,003,"West Virginia","Berkeley County",4,60,1687,816,871
050,54,003,"West Virginia","Berkeley County",4,61,1673,820,853
050,54,003,"West Virginia","Berkeley County",4,62,1621,799,822
050,54,003,"West Virginia","Berkeley County",4,63,1619,789,830
050,54,003,"West Virginia","Berkeley County",4,64,1607,816,791
050,54,003,"West Virginia","Berkeley County",4,65,1577,759,818
050,54,003,"West Virginia","Berkeley County",4,66,1421,679,742
050,54,003,"West Virginia","Berkeley County",4,67,1352,632,720
050,54,003,"West Virginia","Berkeley County",4,68,1287,607,680
050,54,003,"West Virginia","Berkeley County",4,69,1216,572,644
050,54,003,"West Virginia","Berkeley County",4,70,1226,578,648
050,54,003,"West Virginia","Berkeley County",4,71,1170,547,623
050,54,003,"West Virginia","Berkeley County",4,72,1139,520,619
050,54,003,"West Virginia","Berkeley County",4,73,1107,523,584
050,54,003,"West Virginia","Berkeley County",4,74,1080,513,567
050,54,003,"West Virginia","Berkeley County",4,75,1143,524,619
050,54,003,"West Virginia","Berkeley County",4,76,727,349,378
050,54,003,"West Virginia","Berkeley County",4,77,695,327,368
050,54,003,"West Virginia","Berkeley County",4,78,639,296,343
050,54,003,"West Virginia","Berkeley County",4,79,625,291,334
050,54,003,"West Virginia","Berkeley County",4,80,507,224,283
050,54,003,"West Virginia","Berkeley County",4,81,433,198,235
050,54,003,"West Virginia","Berkeley County",4,82,348,150,198
050,54,003,"West Virginia","Berkeley County",4,83,340,145,195
050,54,003,"West Virginia","Berkeley County",4,84,297,130,167
050,54,003,"West Virginia","Berkeley County",4,85,1361,579,782
050,54,003,"West Virginia","Berkeley County",5,0,1503,771,732
050,54,003,"West Virginia","Berkeley County",5,1,1571,807,764
050,54,003,"West Virginia","Berkeley County",5,2,1656,843,813
050,54,003,"West Virginia","Berkeley County",5,3,1659,851,808
050,54,003,"West Virginia","Berkeley County",5,4,1623,811,812
050,54,003,"West Virginia","Berkeley County",5,5,1614,815,799
050,54,003,"West Virginia","Berkeley County",5,6,1634,825,809
050,54,003,"West Virginia","Berkeley County",5,7,1634,872,762
050,54,003,"West Virginia","Berkeley County",5,8,1733,867,866
050,54,003,"West Virginia","Berkeley County",5,9,1681,857,824
050,54,003,"West Virginia","Berkeley County",5,10,1732,901,831
050,54,003,"West Virginia","Berkeley County",5,11,1676,871,805
050,54,003,"West Virginia","Berkeley County",5,12,1721,875,846
050,54,003,"West Virginia","Berkeley County",5,13,1751,884,867
050,54,003,"West Virginia","Berkeley County",5,14,1766,909,857
050,54,003,"West Virginia","Berkeley County",5,15,1855,929,926
050,54,003,"West Virginia","Berkeley County",5,16,1852,942,910
050,54,003,"West Virginia","Berkeley County",5,17,1793,910,883
050,54,003,"West Virginia","Berkeley County",5,18,1453,726,727
050,54,003,"West Virginia","Berkeley County",5,19,1179,629,550
050,54,003,"West Virginia","Berkeley County",5,20,1241,644,597
050,54,003,"West Virginia","Berkeley County",5,21,1336,696,640
050,54,003,"West Virginia","Berkeley County",5,22,1468,742,726
050,54,003,"West Virginia","Berkeley County",5,23,1616,806,810
050,54,003,"West Virginia","Berkeley County",5,24,1611,855,756
050,54,003,"West Virginia","Berkeley County",5,25,1743,912,831
050,54,003,"West Virginia","Berkeley County",5,26,1674,858,816
050,54,003,"West Virginia","Berkeley County",5,27,1871,931,940
050,54,003,"West Virginia","Berkeley County",5,28,1845,961,884
050,54,003,"West Virginia","Berkeley County",5,29,1876,978,898
050,54,003,"West Virginia","Berkeley County",5,30,1868,932,936
050,54,003,"West Virginia","Berkeley County",5,31,2100,1053,1047
050,54,003,"West Virginia","Berkeley County",5,32,2058,1029,1029
050,54,003,"West Virginia","Berkeley County",5,33,2135,1055,1080
050,54,003,"West Virginia","Berkeley County",5,34,2030,1047,983
050,54,003,"West Virginia","Berkeley County",5,35,1958,1024,934
050,54,003,"West Virginia","Berkeley County",5,36,1901,970,931
050,54,003,"West Virginia","Berkeley County",5,37,1818,893,925
050,54,003,"West Virginia","Berkeley County",5,38,1822,925,897
050,54,003,"West Virginia","Berkeley County",5,39,1806,921,885
050,54,003,"West Virginia","Berkeley County",5,40,1818,924,894
050,54,003,"West Virginia","Berkeley County",5,41,1888,949,939
050,54,003,"West Virginia","Berkeley County",5,42,1880,960,920
050,54,003,"West Virginia","Berkeley County",5,43,1813,904,909
050,54,003,"West Virginia","Berkeley County",5,44,1717,861,856
050,54,003,"West Virginia","Berkeley County",5,45,1748,901,847
050,54,003,"West Virginia","Berkeley County",5,46,1670,836,834
050,54,003,"West Virginia","Berkeley County",5,47,1569,748,821
050,54,003,"West Virginia","Berkeley County",5,48,1651,820,831
050,54,003,"West Virginia","Berkeley County",5,49,1586,790,796
050,54,003,"West Virginia","Berkeley County",5,50,1585,794,791
050,54,003,"West Virginia","Berkeley County",5,51,1690,842,848
050,54,003,"West Virginia","Berkeley County",5,52,1863,926,937
050,54,003,"West Virginia","Berkeley County",5,53,1796,893,903
050,54,003,"West Virginia","Berkeley County",5,54,1689,845,844
050,54,003,"West Virginia","Berkeley County",5,55,1675,836,839
050,54,003,"West Virginia","Berkeley County",5,56,1707,848,859
050,54,003,"West Virginia","Berkeley County",5,57,1787,883,904
050,54,003,"West Virginia","Berkeley County",5,58,1810,894,916
050,54,003,"West Virginia","Berkeley County",5,59,1754,872,882
050,54,003,"West Virginia","Berkeley County",5,60,1720,861,859
050,54,003,"West Virginia","Berkeley County",5,61,1678,811,867
050,54,003,"West Virginia","Berkeley County",5,62,1641,802,839
050,54,003,"West Virginia","Berkeley County",5,63,1625,801,824
050,54,003,"West Virginia","Berkeley County",5,64,1625,789,836
050,54,003,"West Virginia","Berkeley County",5,65,1632,813,819
050,54,003,"West Virginia","Berkeley County",5,66,1582,762,820
050,54,003,"West Virginia","Berkeley County",5,67,1414,665,749
050,54,003,"West Virginia","Berkeley County",5,68,1343,630,713
050,54,003,"West Virginia","Berkeley County",5,69,1296,611,685
050,54,003,"West Virginia","Berkeley County",5,70,1216,573,643
050,54,003,"West Virginia","Berkeley County",5,71,1201,558,643
050,54,003,"West Virginia","Berkeley County",5,72,1166,537,629
050,54,003,"West Virginia","Berkeley County",5,73,1105,506,599
050,54,003,"West Virginia","Berkeley County",5,74,1077,493,584
050,54,003,"West Virginia","Berkeley County",5,75,1058,501,557
050,54,003,"West Virginia","Berkeley County",5,76,1091,500,591
050,54,003,"West Virginia","Berkeley County",5,77,698,328,370
050,54,003,"West Virginia","Berkeley County",5,78,669,315,354
050,54,003,"West Virginia","Berkeley County",5,79,608,286,322
050,54,003,"West Virginia","Berkeley County",5,80,574,267,307
050,54,003,"West Virginia","Berkeley County",5,81,461,199,262
050,54,003,"West Virginia","Berkeley County",5,82,388,177,211
050,54,003,"West Virginia","Berkeley County",5,83,318,140,178
050,54,003,"West Virginia","Berkeley County",5,84,309,133,176
050,54,003,"West Virginia","Berkeley County",5,85,1386,588,798
050,54,005,"West Virginia","Boone County",1,0,193,101,92
050,54,005,"West Virginia","Boone County",1,1,202,111,91
050,54,005,"West Virginia","Boone County",1,2,228,106,122
050,54,005,"West Virginia","Boone County",1,3,224,115,109
050,54,005,"West Virginia","Boone County",1,4,217,107,110
050,54,005,"West Virginia","Boone County",1,5,213,111,102
050,54,005,"West Virginia","Boone County",1,6,243,116,127
050,54,005,"West Virginia","Boone County",1,7,230,119,111
050,54,005,"West Virginia","Boone County",1,8,254,139,115
050,54,005,"West Virginia","Boone County",1,9,250,134,116
050,54,005,"West Virginia","Boone County",1,10,271,145,126
050,54,005,"West Virginia","Boone County",1,11,271,142,129
050,54,005,"West Virginia","Boone County",1,12,269,142,127
050,54,005,"West Virginia","Boone County",1,13,291,150,141
050,54,005,"West Virginia","Boone County",1,14,290,146,144
050,54,005,"West Virginia","Boone County",1,15,299,165,134
050,54,005,"West Virginia","Boone County",1,16,302,158,144
050,54,005,"West Virginia","Boone County",1,17,299,152,147
050,54,005,"West Virginia","Boone County",1,18,260,144,116
050,54,005,"West Virginia","Boone County",1,19,207,112,95
050,54,005,"West Virginia","Boone County",1,20,200,108,92
050,54,005,"West Virginia","Boone County",1,21,203,110,93
050,54,005,"West Virginia","Boone County",1,22,229,126,103
050,54,005,"West Virginia","Boone County",1,23,229,114,115
050,54,005,"West Virginia","Boone County",1,24,226,124,102
050,54,005,"West Virginia","Boone County",1,25,214,110,104
050,54,005,"West Virginia","Boone County",1,26,216,120,96
050,54,005,"West Virginia","Boone County",1,27,225,118,107
050,54,005,"West Virginia","Boone County",1,28,229,121,108
050,54,005,"West Virginia","Boone County",1,29,236,132,104
050,54,005,"West Virginia","Boone County",1,30,244,129,115
050,54,005,"West Virginia","Boone County",1,31,234,124,110
050,54,005,"West Virginia","Boone County",1,32,222,104,118
050,54,005,"West Virginia","Boone County",1,33,203,100,103
050,54,005,"West Virginia","Boone County",1,34,196,100,96
050,54,005,"West Virginia","Boone County",1,35,190,94,96
050,54,005,"West Virginia","Boone County",1,36,224,110,114
050,54,005,"West Virginia","Boone County",1,37,216,103,113
050,54,005,"West Virginia","Boone County",1,38,214,104,110
050,54,005,"West Virginia","Boone County",1,39,268,121,147
050,54,005,"West Virginia","Boone County",1,40,278,123,155
050,54,005,"West Virginia","Boone County",1,41,304,145,159
050,54,005,"West Virginia","Boone County",1,42,325,159,166
050,54,005,"West Virginia","Boone County",1,43,315,171,144
050,54,005,"West Virginia","Boone County",1,44,314,166,148
050,54,005,"West Virginia","Boone County",1,45,310,159,151
050,54,005,"West Virginia","Boone County",1,46,315,154,161
050,54,005,"West Virginia","Boone County",1,47,312,153,159
050,54,005,"West Virginia","Boone County",1,48,343,179,164
050,54,005,"West Virginia","Boone County",1,49,343,180,163
050,54,005,"West Virginia","Boone County",1,50,297,139,158
050,54,005,"West Virginia","Boone County",1,51,297,141,156
050,54,005,"West Virginia","Boone County",1,52,308,160,148
050,54,005,"West Virginia","Boone County",1,53,288,156,132
050,54,005,"West Virginia","Boone County",1,54,272,138,134
050,54,005,"West Virginia","Boone County",1,55,312,160,152
050,54,005,"West Virginia","Boone County",1,56,291,156,135
050,54,005,"West Virginia","Boone County",1,57,295,142,153
050,54,005,"West Virginia","Boone County",1,58,313,149,164
050,54,005,"West Virginia","Boone County",1,59,312,154,158
050,54,005,"West Virginia","Boone County",1,60,311,156,155
050,54,005,"West Virginia","Boone County",1,61,328,164,164
050,54,005,"West Virginia","Boone County",1,62,353,168,185
050,54,005,"West Virginia","Boone County",1,63,348,170,178
050,54,005,"West Virginia","Boone County",1,64,357,181,176
050,54,005,"West Virginia","Boone County",1,65,331,162,169
050,54,005,"West Virginia","Boone County",1,66,316,158,158
050,54,005,"West Virginia","Boone County",1,67,351,164,187
050,54,005,"West Virginia","Boone County",1,68,323,139,184
050,54,005,"West Virginia","Boone County",1,69,280,135,145
050,54,005,"West Virginia","Boone County",1,70,288,150,138
050,54,005,"West Virginia","Boone County",1,71,307,164,143
050,54,005,"West Virginia","Boone County",1,72,291,147,144
050,54,005,"West Virginia","Boone County",1,73,271,113,158
050,54,005,"West Virginia","Boone County",1,74,181,81,100
050,54,005,"West Virginia","Boone County",1,75,169,78,91
050,54,005,"West Virginia","Boone County",1,76,170,80,90
050,54,005,"West Virginia","Boone County",1,77,160,75,85
050,54,005,"West Virginia","Boone County",1,78,122,64,58
050,54,005,"West Virginia","Boone County",1,79,106,47,59
050,54,005,"West Virginia","Boone County",1,80,116,55,61
050,54,005,"West Virginia","Boone County",1,81,102,43,59
050,54,005,"West Virginia","Boone County",1,82,106,49,57
050,54,005,"West Virginia","Boone County",1,83,82,38,44
050,54,005,"West Virginia","Boone County",1,84,82,38,44
050,54,005,"West Virginia","Boone County",1,85,383,136,247
050,54,005,"West Virginia","Boone County",2,0,204,102,102
050,54,005,"West Virginia","Boone County",2,1,201,109,92
050,54,005,"West Virginia","Boone County",2,2,223,108,115
050,54,005,"West Virginia","Boone County",2,3,223,112,111
050,54,005,"West Virginia","Boone County",2,4,219,110,109
050,54,005,"West Virginia","Boone County",2,5,215,111,104
050,54,005,"West Virginia","Boone County",2,6,234,114,120
050,54,005,"West Virginia","Boone County",2,7,233,118,115
050,54,005,"West Virginia","Boone County",2,8,247,133,114
050,54,005,"West Virginia","Boone County",2,9,251,136,115
050,54,005,"West Virginia","Boone County",2,10,266,142,124
050,54,005,"West Virginia","Boone County",2,11,272,143,129
050,54,005,"West Virginia","Boone County",2,12,274,144,130
050,54,005,"West Virginia","Boone County",2,13,285,147,138
050,54,005,"West Virginia","Boone County",2,14,288,146,142
050,54,005,"West Virginia","Boone County",2,15,296,159,137
050,54,005,"West Virginia","Boone County",2,16,301,159,142
050,54,005,"West Virginia","Boone County",2,17,300,152,148
050,54,005,"West Virginia","Boone County",2,18,256,141,115
050,54,005,"West Virginia","Boone County",2,19,204,111,93
050,54,005,"West Virginia","Boone County",2,20,206,111,95
050,54,005,"West Virginia","Boone County",2,21,203,110,93
050,54,005,"West Virginia","Boone County",2,22,227,124,103
050,54,005,"West Virginia","Boone County",2,23,232,118,114
050,54,005,"West Virginia","Boone County",2,24,226,121,105
050,54,005,"West Virginia","Boone County",2,25,215,112,103
050,54,005,"West Virginia","Boone County",2,26,217,118,99
050,54,005,"West Virginia","Boone County",2,27,223,118,105
050,54,005,"West Virginia","Boone County",2,28,228,120,108
050,54,005,"West Virginia","Boone County",2,29,235,129,106
050,54,005,"West Virginia","Boone County",2,30,243,131,112
050,54,005,"West Virginia","Boone County",2,31,236,125,111
050,54,005,"West Virginia","Boone County",2,32,224,108,116
050,54,005,"West Virginia","Boone County",2,33,208,101,107
050,54,005,"West Virginia","Boone County",2,34,197,100,97
050,54,005,"West Virginia","Boone County",2,35,194,98,96
050,54,005,"West Virginia","Boone County",2,36,215,106,109
050,54,005,"West Virginia","Boone County",2,37,216,103,113
050,54,005,"West Virginia","Boone County",2,38,217,105,112
050,54,005,"West Virginia","Boone County",2,39,252,115,137
050,54,005,"West Virginia","Boone County",2,40,278,123,155
050,54,005,"West Virginia","Boone County",2,41,297,139,158
050,54,005,"West Virginia","Boone County",2,42,315,153,162
050,54,005,"West Virginia","Boone County",2,43,314,167,147
050,54,005,"West Virginia","Boone County",2,44,311,166,145
050,54,005,"West Virginia","Boone County",2,45,311,161,150
050,54,005,"West Virginia","Boone County",2,46,310,153,157
050,54,005,"West Virginia","Boone County",2,47,309,150,159
050,54,005,"West Virginia","Boone County",2,48,334,172,162
050,54,005,"West Virginia","Boone County",2,49,345,180,165
050,54,005,"West Virginia","Boone County",2,50,307,149,158
050,54,005,"West Virginia","Boone County",2,51,295,139,156
050,54,005,"West Virginia","Boone County",2,52,304,156,148
050,54,005,"West Virginia","Boone County",2,53,291,155,136
050,54,005,"West Virginia","Boone County",2,54,276,143,133
050,54,005,"West Virginia","Boone County",2,55,301,155,146
050,54,005,"West Virginia","Boone County",2,56,295,156,139
050,54,005,"West Virginia","Boone County",2,57,297,147,150
050,54,005,"West Virginia","Boone County",2,58,309,147,162
050,54,005,"West Virginia","Boone County",2,59,316,154,162
050,54,005,"West Virginia","Boone County",2,60,306,154,152
050,54,005,"West Virginia","Boone County",2,61,320,160,160
050,54,005,"West Virginia","Boone County",2,62,342,165,177
050,54,005,"West Virginia","Boone County",2,63,350,170,180
050,54,005,"West Virginia","Boone County",2,64,351,177,174
050,54,005,"West Virginia","Boone County",2,65,336,166,170
050,54,005,"West Virginia","Boone County",2,66,317,157,160
050,54,005,"West Virginia","Boone County",2,67,341,161,180
050,54,005,"West Virginia","Boone County",2,68,325,144,181
050,54,005,"West Virginia","Boone County",2,69,292,137,155
050,54,005,"West Virginia","Boone County",2,70,286,147,139
050,54,005,"West Virginia","Boone County",2,71,299,158,141
050,54,005,"West Virginia","Boone County",2,72,289,148,141
050,54,005,"West Virginia","Boone County",2,73,287,128,159
050,54,005,"West Virginia","Boone County",2,74,186,80,106
050,54,005,"West Virginia","Boone County",2,75,169,76,93
050,54,005,"West Virginia","Boone County",2,76,167,79,88
050,54,005,"West Virginia","Boone County",2,77,162,75,87
050,54,005,"West Virginia","Boone County",2,78,127,66,61
050,54,005,"West Virginia","Boone County",2,79,105,48,57
050,54,005,"West Virginia","Boone County",2,80,110,49,61
050,54,005,"West Virginia","Boone County",2,81,100,44,56
050,54,005,"West Virginia","Boone County",2,82,105,47,58
050,54,005,"West Virginia","Boone County",2,83,87,40,47
050,54,005,"West Virginia","Boone County",2,84,80,36,44
050,54,005,"West Virginia","Boone County",2,85,384,139,245
050,54,005,"West Virginia","Boone County",3,0,205,104,101
050,54,005,"West Virginia","Boone County",3,1,200,106,94
050,54,005,"West Virginia","Boone County",3,2,207,108,99
050,54,005,"West Virginia","Boone County",3,3,216,103,113
050,54,005,"West Virginia","Boone County",3,4,219,110,109
050,54,005,"West Virginia","Boone County",3,5,208,103,105
050,54,005,"West Virginia","Boone County",3,6,216,111,105
050,54,005,"West Virginia","Boone County",3,7,237,118,119
050,54,005,"West Virginia","Boone County",3,8,236,122,114
050,54,005,"West Virginia","Boone County",3,9,244,132,112
050,54,005,"West Virginia","Boone County",3,10,243,128,115
050,54,005,"West Virginia","Boone County",3,11,264,148,116
050,54,005,"West Virginia","Boone County",3,12,271,143,128
050,54,005,"West Virginia","Boone County",3,13,270,139,131
050,54,005,"West Virginia","Boone County",3,14,289,152,137
050,54,005,"West Virginia","Boone County",3,15,289,147,142
050,54,005,"West Virginia","Boone County",3,16,302,165,137
050,54,005,"West Virginia","Boone County",3,17,300,156,144
050,54,005,"West Virginia","Boone County",3,18,257,142,115
050,54,005,"West Virginia","Boone County",3,19,190,103,87
050,54,005,"West Virginia","Boone County",3,20,213,116,97
050,54,005,"West Virginia","Boone County",3,21,217,120,97
050,54,005,"West Virginia","Boone County",3,22,217,115,102
050,54,005,"West Virginia","Boone County",3,23,227,123,104
050,54,005,"West Virginia","Boone County",3,24,223,114,109
050,54,005,"West Virginia","Boone County",3,25,211,114,97
050,54,005,"West Virginia","Boone County",3,26,200,106,94
050,54,005,"West Virginia","Boone County",3,27,208,120,88
050,54,005,"West Virginia","Boone County",3,28,207,106,101
050,54,005,"West Virginia","Boone County",3,29,225,112,113
050,54,005,"West Virginia","Boone County",3,30,227,126,101
050,54,005,"West Virginia","Boone County",3,31,239,130,109
050,54,005,"West Virginia","Boone County",3,32,227,122,105
050,54,005,"West Virginia","Boone County",3,33,212,101,111
050,54,005,"West Virginia","Boone County",3,34,206,102,104
050,54,005,"West Virginia","Boone County",3,35,193,98,95
050,54,005,"West Virginia","Boone County",3,36,192,97,95
050,54,005,"West Virginia","Boone County",3,37,212,105,107
050,54,005,"West Virginia","Boone County",3,38,218,102,116
050,54,005,"West Virginia","Boone County",3,39,219,105,114
050,54,005,"West Virginia","Boone County",3,40,246,109,137
050,54,005,"West Virginia","Boone County",3,41,270,124,146
050,54,005,"West Virginia","Boone County",3,42,298,141,157
050,54,005,"West Virginia","Boone County",3,43,312,154,158
050,54,005,"West Virginia","Boone County",3,44,305,165,140
050,54,005,"West Virginia","Boone County",3,45,308,164,144
050,54,005,"West Virginia","Boone County",3,46,304,158,146
050,54,005,"West Virginia","Boone County",3,47,300,149,151
050,54,005,"West Virginia","Boone County",3,48,300,143,157
050,54,005,"West Virginia","Boone County",3,49,330,171,159
050,54,005,"West Virginia","Boone County",3,50,339,178,161
050,54,005,"West Virginia","Boone County",3,51,302,147,155
050,54,005,"West Virginia","Boone County",3,52,288,134,154
050,54,005,"West Virginia","Boone County",3,53,302,159,143
050,54,005,"West Virginia","Boone County",3,54,293,156,137
050,54,005,"West Virginia","Boone County",3,55,273,136,137
050,54,005,"West Virginia","Boone County",3,56,293,148,145
050,54,005,"West Virginia","Boone County",3,57,296,157,139
050,54,005,"West Virginia","Boone County",3,58,291,145,146
050,54,005,"West Virginia","Boone County",3,59,313,144,169
050,54,005,"West Virginia","Boone County",3,60,305,151,154
050,54,005,"West Virginia","Boone County",3,61,304,151,153
050,54,005,"West Virginia","Boone County",3,62,308,150,158
050,54,005,"West Virginia","Boone County",3,63,342,166,176
050,54,005,"West Virginia","Boone County",3,64,334,158,176
050,54,005,"West Virginia","Boone County",3,65,344,174,170
050,54,005,"West Virginia","Boone County",3,66,320,152,168
050,54,005,"West Virginia","Boone County",3,67,310,152,158
050,54,005,"West Virginia","Boone County",3,68,321,150,171
050,54,005,"West Virginia","Boone County",3,69,319,143,176
050,54,005,"West Virginia","Boone County",3,70,288,134,154
050,54,005,"West Virginia","Boone County",3,71,282,145,137
050,54,005,"West Virginia","Boone County",3,72,283,149,134
050,54,005,"West Virginia","Boone County",3,73,287,147,140
050,54,005,"West Virginia","Boone County",3,74,275,128,147
050,54,005,"West Virginia","Boone County",3,75,186,78,108
050,54,005,"West Virginia","Boone County",3,76,153,69,84
050,54,005,"West Virginia","Boone County",3,77,157,70,87
050,54,005,"West Virginia","Boone County",3,78,146,71,75
050,54,005,"West Virginia","Boone County",3,79,116,60,56
050,54,005,"West Virginia","Boone County",3,80,103,46,57
050,54,005,"West Virginia","Boone County",3,81,93,41,52
050,54,005,"West Virginia","Boone County",3,82,97,40,57
050,54,005,"West Virginia","Boone County",3,83,101,43,58
050,54,005,"West Virginia","Boone County",3,84,71,32,39
050,54,005,"West Virginia","Boone County",3,85,389,146,243
050,54,005,"West Virginia","Boone County",4,0,187,92,95
050,54,005,"West Virginia","Boone County",4,1,205,108,97
050,54,005,"West Virginia","Boone County",4,2,205,101,104
050,54,005,"West Virginia","Boone County",4,3,210,114,96
050,54,005,"West Virginia","Boone County",4,4,213,105,108
050,54,005,"West Virginia","Boone County",4,5,228,117,111
050,54,005,"West Virginia","Boone County",4,6,206,101,105
050,54,005,"West Virginia","Boone County",4,7,212,110,102
050,54,005,"West Virginia","Boone County",4,8,241,119,122
050,54,005,"West Virginia","Boone County",4,9,236,119,117
050,54,005,"West Virginia","Boone County",4,10,249,135,114
050,54,005,"West Virginia","Boone County",4,11,236,129,107
050,54,005,"West Virginia","Boone County",4,12,261,145,116
050,54,005,"West Virginia","Boone County",4,13,260,135,125
050,54,005,"West Virginia","Boone County",4,14,261,133,128
050,54,005,"West Virginia","Boone County",4,15,290,155,135
050,54,005,"West Virginia","Boone County",4,16,279,141,138
050,54,005,"West Virginia","Boone County",4,17,299,163,136
050,54,005,"West Virginia","Boone County",4,18,256,138,118
050,54,005,"West Virginia","Boone County",4,19,187,103,84
050,54,005,"West Virginia","Boone County",4,20,195,103,92
050,54,005,"West Virginia","Boone County",4,21,221,121,100
050,54,005,"West Virginia","Boone County",4,22,226,124,102
050,54,005,"West Virginia","Boone County",4,23,219,119,100
050,54,005,"West Virginia","Boone County",4,24,225,133,92
050,54,005,"West Virginia","Boone County",4,25,219,113,106
050,54,005,"West Virginia","Boone County",4,26,202,103,99
050,54,005,"West Virginia","Boone County",4,27,204,101,103
050,54,005,"West Virginia","Boone County",4,28,218,128,90
050,54,005,"West Virginia","Boone County",4,29,206,109,97
050,54,005,"West Virginia","Boone County",4,30,216,110,106
050,54,005,"West Virginia","Boone County",4,31,228,121,107
050,54,005,"West Virginia","Boone County",4,32,227,123,104
050,54,005,"West Virginia","Boone County",4,33,219,118,101
050,54,005,"West Virginia","Boone County",4,34,199,91,108
050,54,005,"West Virginia","Boone County",4,35,202,99,103
050,54,005,"West Virginia","Boone County",4,36,187,93,94
050,54,005,"West Virginia","Boone County",4,37,182,91,91
050,54,005,"West Virginia","Boone County",4,38,214,102,112
050,54,005,"West Virginia","Boone County",4,39,211,102,109
050,54,005,"West Virginia","Boone County",4,40,212,105,107
050,54,005,"West Virginia","Boone County",4,41,245,106,139
050,54,005,"West Virginia","Boone County",4,42,266,123,143
050,54,005,"West Virginia","Boone County",4,43,295,140,155
050,54,005,"West Virginia","Boone County",4,44,307,151,156
050,54,005,"West Virginia","Boone County",4,45,288,157,131
050,54,005,"West Virginia","Boone County",4,46,301,158,143
050,54,005,"West Virginia","Boone County",4,47,288,152,136
050,54,005,"West Virginia","Boone County",4,48,289,145,144
050,54,005,"West Virginia","Boone County",4,49,298,140,158
050,54,005,"West Virginia","Boone County",4,50,325,164,161
050,54,005,"West Virginia","Boone County",4,51,324,170,154
050,54,005,"West Virginia","Boone County",4,52,298,142,156
050,54,005,"West Virginia","Boone County",4,53,284,137,147
050,54,005,"West Virginia","Boone County",4,54,292,153,139
050,54,005,"West Virginia","Boone County",4,55,287,154,133
050,54,005,"West Virginia","Boone County",4,56,268,134,134
050,54,005,"West Virginia","Boone County",4,57,296,145,151
050,54,005,"West Virginia","Boone County",4,58,284,150,134
050,54,005,"West Virginia","Boone County",4,59,300,143,157
050,54,005,"West Virginia","Boone County",4,60,308,138,170
050,54,005,"West Virginia","Boone County",4,61,298,149,149
050,54,005,"West Virginia","Boone County",4,62,301,149,152
050,54,005,"West Virginia","Boone County",4,63,303,147,156
050,54,005,"West Virginia","Boone County",4,64,329,159,170
050,54,005,"West Virginia","Boone County",4,65,328,156,172
050,54,005,"West Virginia","Boone County",4,66,322,162,160
050,54,005,"West Virginia","Boone County",4,67,310,144,166
050,54,005,"West Virginia","Boone County",4,68,297,146,151
050,54,005,"West Virginia","Boone County",4,69,306,140,166
050,54,005,"West Virginia","Boone County",4,70,311,137,174
050,54,005,"West Virginia","Boone County",4,71,283,130,153
050,54,005,"West Virginia","Boone County",4,72,258,130,128
050,54,005,"West Virginia","Boone County",4,73,274,145,129
050,54,005,"West Virginia","Boone County",4,74,276,149,127
050,54,005,"West Virginia","Boone County",4,75,266,122,144
050,54,005,"West Virginia","Boone County",4,76,176,75,101
050,54,005,"West Virginia","Boone County",4,77,145,61,84
050,54,005,"West Virginia","Boone County",4,78,148,68,80
050,54,005,"West Virginia","Boone County",4,79,138,63,75
050,54,005,"West Virginia","Boone County",4,80,112,56,56
050,54,005,"West Virginia","Boone County",4,81,79,32,47
050,54,005,"West Virginia","Boone County",4,82,94,41,53
050,54,005,"West Virginia","Boone County",4,83,91,33,58
050,54,005,"West Virginia","Boone County",4,84,91,37,54
050,54,005,"West Virginia","Boone County",4,85,375,150,225
050,54,005,"West Virginia","Boone County",5,0,186,92,94
050,54,005,"West Virginia","Boone County",5,1,175,87,88
050,54,005,"West Virginia","Boone County",5,2,203,107,96
050,54,005,"West Virginia","Boone County",5,3,200,90,110
050,54,005,"West Virginia","Boone County",5,4,206,112,94
050,54,005,"West Virginia","Boone County",5,5,221,108,113
050,54,005,"West Virginia","Boone County",5,6,226,115,111
050,54,005,"West Virginia","Boone County",5,7,206,101,105
050,54,005,"West Virginia","Boone County",5,8,218,113,105
050,54,005,"West Virginia","Boone County",5,9,240,118,122
050,54,005,"West Virginia","Boone County",5,10,242,121,121
050,54,005,"West Virginia","Boone County",5,11,245,135,110
050,54,005,"West Virginia","Boone County",5,12,253,139,114
050,54,005,"West Virginia","Boone County",5,13,261,144,117
050,54,005,"West Virginia","Boone County",5,14,258,129,129
050,54,005,"West Virginia","Boone County",5,15,262,141,121
050,54,005,"West Virginia","Boone County",5,16,297,157,140
050,54,005,"West Virginia","Boone County",5,17,281,137,144
050,54,005,"West Virginia","Boone County",5,18,242,140,102
050,54,005,"West Virginia","Boone County",5,19,185,99,86
050,54,005,"West Virginia","Boone County",5,20,198,108,90
050,54,005,"West Virginia","Boone County",5,21,201,105,96
050,54,005,"West Virginia","Boone County",5,22,227,118,109
050,54,005,"West Virginia","Boone County",5,23,238,134,104
050,54,005,"West Virginia","Boone County",5,24,220,120,100
050,54,005,"West Virginia","Boone County",5,25,217,121,96
050,54,005,"West Virginia","Boone County",5,26,217,108,109
050,54,005,"West Virginia","Boone County",5,27,195,99,96
050,54,005,"West Virginia","Boone County",5,28,194,98,96
050,54,005,"West Virginia","Boone County",5,29,203,118,85
050,54,005,"West Virginia","Boone County",5,30,195,104,91
050,54,005,"West Virginia","Boone County",5,31,219,114,105
050,54,005,"West Virginia","Boone County",5,32,231,122,109
050,54,005,"West Virginia","Boone County",5,33,228,125,103
050,54,005,"West Virginia","Boone County",5,34,223,124,99
050,54,005,"West Virginia","Boone County",5,35,209,101,108
050,54,005,"West Virginia","Boone County",5,36,207,103,104
050,54,005,"West Virginia","Boone County",5,37,194,100,94
050,54,005,"West Virginia","Boone County",5,38,180,88,92
050,54,005,"West Virginia","Boone County",5,39,205,93,112
050,54,005,"West Virginia","Boone County",5,40,210,101,109
050,54,005,"West Virginia","Boone County",5,41,211,105,106
050,54,005,"West Virginia","Boone County",5,42,240,105,135
050,54,005,"West Virginia","Boone County",5,43,262,121,141
050,54,005,"West Virginia","Boone County",5,44,292,144,148
050,54,005,"West Virginia","Boone County",5,45,294,142,152
050,54,005,"West Virginia","Boone County",5,46,286,158,128
050,54,005,"West Virginia","Boone County",5,47,293,155,138
050,54,005,"West Virginia","Boone County",5,48,274,145,129
050,54,005,"West Virginia","Boone County",5,49,289,144,145
050,54,005,"West Virginia","Boone County",5,50,294,135,159
050,54,005,"West Virginia","Boone County",5,51,320,160,160
050,54,005,"West Virginia","Boone County",5,52,318,167,151
050,54,005,"West Virginia","Boone County",5,53,297,138,159
050,54,005,"West Virginia","Boone County",5,54,272,132,140
050,54,005,"West Virginia","Boone County",5,55,283,151,132
050,54,005,"West Virginia","Boone County",5,56,277,147,130
050,54,005,"West Virginia","Boone County",5,57,267,133,134
050,54,005,"West Virginia","Boone County",5,58,282,137,145
050,54,005,"West Virginia","Boone County",5,59,283,141,142
050,54,005,"West Virginia","Boone County",5,60,297,141,156
050,54,005,"West Virginia","Boone County",5,61,304,137,167
050,54,005,"West Virginia","Boone County",5,62,294,146,148
050,54,005,"West Virginia","Boone County",5,63,293,146,147
050,54,005,"West Virginia","Boone County",5,64,295,142,153
050,54,005,"West Virginia","Boone County",5,65,324,156,168
050,54,005,"West Virginia","Boone County",5,66,305,142,163
050,54,005,"West Virginia","Boone County",5,67,319,159,160
050,54,005,"West Virginia","Boone County",5,68,296,137,159
050,54,005,"West Virginia","Boone County",5,69,295,145,150
050,54,005,"West Virginia","Boone County",5,70,297,133,164
050,54,005,"West Virginia","Boone County",5,71,306,133,173
050,54,005,"West Virginia","Boone County",5,72,259,116,143
050,54,005,"West Virginia","Boone County",5,73,247,126,121
050,54,005,"West Virginia","Boone County",5,74,264,144,120
050,54,005,"West Virginia","Boone County",5,75,272,142,130
050,54,005,"West Virginia","Boone County",5,76,254,118,136
050,54,005,"West Virginia","Boone County",5,77,166,65,101
050,54,005,"West Virginia","Boone County",5,78,141,62,79
050,54,005,"West Virginia","Boone County",5,79,138,61,77
050,54,005,"West Virginia","Boone County",5,80,131,59,72
050,54,005,"West Virginia","Boone County",5,81,88,47,41
050,54,005,"West Virginia","Boone County",5,82,79,31,48
050,54,005,"West Virginia","Boone County",5,83,89,37,52
050,54,005,"West Virginia","Boone County",5,84,77,25,52
050,54,005,"West Virginia","Boone County",5,85,394,159,235
050,54,007,"West Virginia","Braxton County",1,0,100,52,48
050,54,007,"West Virginia","Braxton County",1,1,101,55,46
050,54,007,"West Virginia","Braxton County",1,2,113,51,62
050,54,007,"West Virginia","Braxton County",1,3,107,57,50
050,54,007,"West Virginia","Braxton County",1,4,120,65,55
050,54,007,"West Virginia","Braxton County",1,5,139,75,64
050,54,007,"West Virginia","Braxton County",1,6,134,67,67
050,54,007,"West Virginia","Braxton County",1,7,137,70,67
050,54,007,"West Virginia","Braxton County",1,8,141,79,62
050,54,007,"West Virginia","Braxton County",1,9,149,77,72
050,54,007,"West Virginia","Braxton County",1,10,138,66,72
050,54,007,"West Virginia","Braxton County",1,11,131,60,71
050,54,007,"West Virginia","Braxton County",1,12,148,75,73
050,54,007,"West Virginia","Braxton County",1,13,138,71,67
050,54,007,"West Virginia","Braxton County",1,14,147,78,69
050,54,007,"West Virginia","Braxton County",1,15,127,64,63
050,54,007,"West Virginia","Braxton County",1,16,141,73,68
050,54,007,"West Virginia","Braxton County",1,17,149,81,68
050,54,007,"West Virginia","Braxton County",1,18,132,68,64
050,54,007,"West Virginia","Braxton County",1,19,94,49,45
050,54,007,"West Virginia","Braxton County",1,20,108,57,51
050,54,007,"West Virginia","Braxton County",1,21,113,59,54
050,54,007,"West Virginia","Braxton County",1,22,115,56,59
050,54,007,"West Virginia","Braxton County",1,23,129,69,60
050,54,007,"West Virginia","Braxton County",1,24,120,67,53
050,54,007,"West Virginia","Braxton County",1,25,142,75,67
050,54,007,"West Virginia","Braxton County",1,26,139,71,68
050,54,007,"West Virginia","Braxton County",1,27,140,81,59
050,54,007,"West Virginia","Braxton County",1,28,167,80,87
050,54,007,"West Virginia","Braxton County",1,29,177,96,81
050,54,007,"West Virginia","Braxton County",1,30,168,89,79
050,54,007,"West Virginia","Braxton County",1,31,140,74,66
050,54,007,"West Virginia","Braxton County",1,32,133,77,56
050,54,007,"West Virginia","Braxton County",1,33,125,67,58
050,54,007,"West Virginia","Braxton County",1,34,133,74,59
050,54,007,"West Virginia","Braxton County",1,35,116,52,64
050,54,007,"West Virginia","Braxton County",1,36,116,56,60
050,54,007,"West Virginia","Braxton County",1,37,131,72,59
050,54,007,"West Virginia","Braxton County",1,38,123,65,58
050,54,007,"West Virginia","Braxton County",1,39,161,86,75
050,54,007,"West Virginia","Braxton County",1,40,143,73,70
050,54,007,"West Virginia","Braxton County",1,41,148,72,76
050,54,007,"West Virginia","Braxton County",1,42,146,79,67
050,54,007,"West Virginia","Braxton County",1,43,153,88,65
050,54,007,"West Virginia","Braxton County",1,44,134,73,61
050,54,007,"West Virginia","Braxton County",1,45,146,73,73
050,54,007,"West Virginia","Braxton County",1,46,145,67,78
050,54,007,"West Virginia","Braxton County",1,47,159,76,83
050,54,007,"West Virginia","Braxton County",1,48,180,95,85
050,54,007,"West Virginia","Braxton County",1,49,170,88,82
050,54,007,"West Virginia","Braxton County",1,50,175,86,89
050,54,007,"West Virginia","Braxton County",1,51,173,98,75
050,54,007,"West Virginia","Braxton County",1,52,167,83,84
050,54,007,"West Virginia","Braxton County",1,53,177,90,87
050,54,007,"West Virginia","Braxton County",1,54,168,85,83
050,54,007,"West Virginia","Braxton County",1,55,173,88,85
050,54,007,"West Virginia","Braxton County",1,56,185,91,94
050,54,007,"West Virginia","Braxton County",1,57,195,103,92
050,54,007,"West Virginia","Braxton County",1,58,193,104,89
050,54,007,"West Virginia","Braxton County",1,59,187,94,93
050,54,007,"West Virginia","Braxton County",1,60,189,100,89
050,54,007,"West Virginia","Braxton County",1,61,199,112,87
050,54,007,"West Virginia","Braxton County",1,62,184,100,84
050,54,007,"West Virginia","Braxton County",1,63,172,91,81
050,54,007,"West Virginia","Braxton County",1,64,186,83,103
050,54,007,"West Virginia","Braxton County",1,65,193,89,104
050,54,007,"West Virginia","Braxton County",1,66,185,87,98
050,54,007,"West Virginia","Braxton County",1,67,194,95,99
050,54,007,"West Virginia","Braxton County",1,68,213,103,110
050,54,007,"West Virginia","Braxton County",1,69,183,93,90
050,54,007,"West Virginia","Braxton County",1,70,172,89,83
050,54,007,"West Virginia","Braxton County",1,71,179,90,89
050,54,007,"West Virginia","Braxton County",1,72,160,80,80
050,54,007,"West Virginia","Braxton County",1,73,153,80,73
050,54,007,"West Virginia","Braxton County",1,74,118,55,63
050,54,007,"West Virginia","Braxton County",1,75,124,57,67
050,54,007,"West Virginia","Braxton County",1,76,110,46,64
050,54,007,"West Virginia","Braxton County",1,77,118,54,64
050,54,007,"West Virginia","Braxton County",1,78,102,53,49
050,54,007,"West Virginia","Braxton County",1,79,93,49,44
050,54,007,"West Virginia","Braxton County",1,80,75,40,35
050,54,007,"West Virginia","Braxton County",1,81,80,46,34
050,54,007,"West Virginia","Braxton County",1,82,77,39,38
050,54,007,"West Virginia","Braxton County",1,83,52,22,30
050,54,007,"West Virginia","Braxton County",1,84,48,19,29
050,54,007,"West Virginia","Braxton County",1,85,291,109,182
050,54,007,"West Virginia","Braxton County",2,0,91,46,45
050,54,007,"West Virginia","Braxton County",2,1,100,54,46
050,54,007,"West Virginia","Braxton County",2,2,109,52,57
050,54,007,"West Virginia","Braxton County",2,3,107,55,52
050,54,007,"West Virginia","Braxton County",2,4,116,62,54
050,54,007,"West Virginia","Braxton County",2,5,133,72,61
050,54,007,"West Virginia","Braxton County",2,6,136,69,67
050,54,007,"West Virginia","Braxton County",2,7,136,70,66
050,54,007,"West Virginia","Braxton County",2,8,140,77,63
050,54,007,"West Virginia","Braxton County",2,9,146,78,68
050,54,007,"West Virginia","Braxton County",2,10,139,67,72
050,54,007,"West Virginia","Braxton County",2,11,131,60,71
050,54,007,"West Virginia","Braxton County",2,12,146,73,73
050,54,007,"West Virginia","Braxton County",2,13,141,72,69
050,54,007,"West Virginia","Braxton County",2,14,146,77,69
050,54,007,"West Virginia","Braxton County",2,15,129,66,63
050,54,007,"West Virginia","Braxton County",2,16,137,70,67
050,54,007,"West Virginia","Braxton County",2,17,147,79,68
050,54,007,"West Virginia","Braxton County",2,18,132,70,62
050,54,007,"West Virginia","Braxton County",2,19,97,50,47
050,54,007,"West Virginia","Braxton County",2,20,111,59,52
050,54,007,"West Virginia","Braxton County",2,21,111,57,54
050,54,007,"West Virginia","Braxton County",2,22,117,58,59
050,54,007,"West Virginia","Braxton County",2,23,130,68,62
050,54,007,"West Virginia","Braxton County",2,24,120,66,54
050,54,007,"West Virginia","Braxton County",2,25,140,75,65
050,54,007,"West Virginia","Braxton County",2,26,136,70,66
050,54,007,"West Virginia","Braxton County",2,27,140,79,61
050,54,007,"West Virginia","Braxton County",2,28,161,80,81
050,54,007,"West Virginia","Braxton County",2,29,174,91,83
050,54,007,"West Virginia","Braxton County",2,30,169,90,79
050,54,007,"West Virginia","Braxton County",2,31,142,75,67
050,54,007,"West Virginia","Braxton County",2,32,138,80,58
050,54,007,"West Virginia","Braxton County",2,33,126,67,59
050,54,007,"West Virginia","Braxton County",2,34,132,74,58
050,54,007,"West Virginia","Braxton County",2,35,119,56,63
050,54,007,"West Virginia","Braxton County",2,36,114,55,59
050,54,007,"West Virginia","Braxton County",2,37,130,70,60
050,54,007,"West Virginia","Braxton County",2,38,123,65,58
050,54,007,"West Virginia","Braxton County",2,39,150,81,69
050,54,007,"West Virginia","Braxton County",2,40,147,76,71
050,54,007,"West Virginia","Braxton County",2,41,144,70,74
050,54,007,"West Virginia","Braxton County",2,42,144,76,68
050,54,007,"West Virginia","Braxton County",2,43,155,89,66
050,54,007,"West Virginia","Braxton County",2,44,134,75,59
050,54,007,"West Virginia","Braxton County",2,45,145,74,71
050,54,007,"West Virginia","Braxton County",2,46,144,68,76
050,54,007,"West Virginia","Braxton County",2,47,155,74,81
050,54,007,"West Virginia","Braxton County",2,48,175,92,83
050,54,007,"West Virginia","Braxton County",2,49,172,89,83
050,54,007,"West Virginia","Braxton County",2,50,173,86,87
050,54,007,"West Virginia","Braxton County",2,51,172,96,76
050,54,007,"West Virginia","Braxton County",2,52,167,85,82
050,54,007,"West Virginia","Braxton County",2,53,176,89,87
050,54,007,"West Virginia","Braxton County",2,54,169,85,84
050,54,007,"West Virginia","Braxton County",2,55,170,86,84
050,54,007,"West Virginia","Braxton County",2,56,183,92,91
050,54,007,"West Virginia","Braxton County",2,57,193,100,93
050,54,007,"West Virginia","Braxton County",2,58,192,103,89
050,54,007,"West Virginia","Braxton County",2,59,188,96,92
050,54,007,"West Virginia","Braxton County",2,60,189,99,90
050,54,007,"West Virginia","Braxton County",2,61,194,107,87
050,54,007,"West Virginia","Braxton County",2,62,187,102,85
050,54,007,"West Virginia","Braxton County",2,63,179,95,84
050,54,007,"West Virginia","Braxton County",2,64,179,82,97
050,54,007,"West Virginia","Braxton County",2,65,191,88,103
050,54,007,"West Virginia","Braxton County",2,66,187,88,99
050,54,007,"West Virginia","Braxton County",2,67,192,94,98
050,54,007,"West Virginia","Braxton County",2,68,205,99,106
050,54,007,"West Virginia","Braxton County",2,69,192,96,96
050,54,007,"West Virginia","Braxton County",2,70,173,89,84
050,54,007,"West Virginia","Braxton County",2,71,175,88,87
050,54,007,"West Virginia","Braxton County",2,72,161,81,80
050,54,007,"West Virginia","Braxton County",2,73,163,84,79
050,54,007,"West Virginia","Braxton County",2,74,119,57,62
050,54,007,"West Virginia","Braxton County",2,75,122,56,66
050,54,007,"West Virginia","Braxton County",2,76,110,46,64
050,54,007,"West Virginia","Braxton County",2,77,116,52,64
050,54,007,"West Virginia","Braxton County",2,78,103,52,51
050,54,007,"West Virginia","Braxton County",2,79,93,49,44
050,54,007,"West Virginia","Braxton County",2,80,78,41,37
050,54,007,"West Virginia","Braxton County",2,81,77,43,34
050,54,007,"West Virginia","Braxton County",2,82,77,39,38
050,54,007,"West Virginia","Braxton County",2,83,57,26,31
050,54,007,"West Virginia","Braxton County",2,84,47,19,28
050,54,007,"West Virginia","Braxton County",2,85,292,111,181
050,54,007,"West Virginia","Braxton County",3,0,105,58,47
050,54,007,"West Virginia","Braxton County",3,1,82,40,42
050,54,007,"West Virginia","Braxton County",3,2,100,55,45
050,54,007,"West Virginia","Braxton County",3,3,108,50,58
050,54,007,"West Virginia","Braxton County",3,4,100,51,49
050,54,007,"West Virginia","Braxton County",3,5,108,58,50
050,54,007,"West Virginia","Braxton County",3,6,136,71,65
050,54,007,"West Virginia","Braxton County",3,7,140,73,67
050,54,007,"West Virginia","Braxton County",3,8,135,68,67
050,54,007,"West Virginia","Braxton County",3,9,141,76,65
050,54,007,"West Virginia","Braxton County",3,10,142,74,68
050,54,007,"West Virginia","Braxton County",3,11,139,65,74
050,54,007,"West Virginia","Braxton County",3,12,142,66,76
050,54,007,"West Virginia","Braxton County",3,13,140,72,68
050,54,007,"West Virginia","Braxton County",3,14,141,71,70
050,54,007,"West Virginia","Braxton County",3,15,151,79,72
050,54,007,"West Virginia","Braxton County",3,16,129,69,60
050,54,007,"West Virginia","Braxton County",3,17,138,66,72
050,54,007,"West Virginia","Braxton County",3,18,131,78,53
050,54,007,"West Virginia","Braxton County",3,19,105,54,51
050,54,007,"West Virginia","Braxton County",3,20,105,57,48
050,54,007,"West Virginia","Braxton County",3,21,109,56,53
050,54,007,"West Virginia","Braxton County",3,22,113,61,52
050,54,007,"West Virginia","Braxton County",3,23,124,60,64
050,54,007,"West Virginia","Braxton County",3,24,121,64,57
050,54,007,"West Virginia","Braxton County",3,25,136,78,58
050,54,007,"West Virginia","Braxton County",3,26,131,69,62
050,54,007,"West Virginia","Braxton County",3,27,145,77,68
050,54,007,"West Virginia","Braxton County",3,28,148,80,68
050,54,007,"West Virginia","Braxton County",3,29,160,84,76
050,54,007,"West Virginia","Braxton County",3,30,168,94,74
050,54,007,"West Virginia","Braxton County",3,31,155,79,76
050,54,007,"West Virginia","Braxton County",3,32,152,85,67
050,54,007,"West Virginia","Braxton County",3,33,133,69,64
050,54,007,"West Virginia","Braxton County",3,34,131,75,56
050,54,007,"West Virginia","Braxton County",3,35,123,62,61
050,54,007,"West Virginia","Braxton County",3,36,121,60,61
050,54,007,"West Virginia","Braxton County",3,37,125,65,60
050,54,007,"West Virginia","Braxton County",3,38,130,70,60
050,54,007,"West Virginia","Braxton County",3,39,126,69,57
050,54,007,"West Virginia","Braxton County",3,40,147,77,70
050,54,007,"West Virginia","Braxton County",3,41,144,75,69
050,54,007,"West Virginia","Braxton County",3,42,136,67,69
050,54,007,"West Virginia","Braxton County",3,43,150,80,70
050,54,007,"West Virginia","Braxton County",3,44,149,86,63
050,54,007,"West Virginia","Braxton County",3,45,139,80,59
050,54,007,"West Virginia","Braxton County",3,46,148,78,70
050,54,007,"West Virginia","Braxton County",3,47,144,68,76
050,54,007,"West Virginia","Braxton County",3,48,161,80,81
050,54,007,"West Virginia","Braxton County",3,49,167,88,79
050,54,007,"West Virginia","Braxton County",3,50,173,87,86
050,54,007,"West Virginia","Braxton County",3,51,174,87,87
050,54,007,"West Virginia","Braxton County",3,52,169,92,77
050,54,007,"West Virginia","Braxton County",3,53,163,82,81
050,54,007,"West Virginia","Braxton County",3,54,169,82,87
050,54,007,"West Virginia","Braxton County",3,55,166,82,84
050,54,007,"West Virginia","Braxton County",3,56,174,90,84
050,54,007,"West Virginia","Braxton County",3,57,176,89,87
050,54,007,"West Virginia","Braxton County",3,58,193,99,94
050,54,007,"West Virginia","Braxton County",3,59,190,102,88
050,54,007,"West Virginia","Braxton County",3,60,188,101,87
050,54,007,"West Virginia","Braxton County",3,61,184,95,89
050,54,007,"West Virginia","Braxton County",3,62,192,108,84
050,54,007,"West Virginia","Braxton County",3,63,188,104,84
050,54,007,"West Virginia","Braxton County",3,64,176,93,83
050,54,007,"West Virginia","Braxton County",3,65,171,78,93
050,54,007,"West Virginia","Braxton County",3,66,188,90,98
050,54,007,"West Virginia","Braxton County",3,67,190,90,100
050,54,007,"West Virginia","Braxton County",3,68,184,90,94
050,54,007,"West Virginia","Braxton County",3,69,203,98,105
050,54,007,"West Virginia","Braxton County",3,70,183,89,94
050,54,007,"West Virginia","Braxton County",3,71,168,87,81
050,54,007,"West Virginia","Braxton County",3,72,176,85,91
050,54,007,"West Virginia","Braxton County",3,73,160,80,80
050,54,007,"West Virginia","Braxton County",3,74,166,82,84
050,54,007,"West Virginia","Braxton County",3,75,118,61,57
050,54,007,"West Virginia","Braxton County",3,76,114,53,61
050,54,007,"West Virginia","Braxton County",3,77,103,41,62
050,54,007,"West Virginia","Braxton County",3,78,111,48,63
050,54,007,"West Virginia","Braxton County",3,79,102,52,50
050,54,007,"West Virginia","Braxton County",3,80,84,45,39
050,54,007,"West Virginia","Braxton County",3,81,77,41,36
050,54,007,"West Virginia","Braxton County",3,82,73,38,35
050,54,007,"West Virginia","Braxton County",3,83,71,35,36
050,54,007,"West Virginia","Braxton County",3,84,52,25,27
050,54,007,"West Virginia","Braxton County",3,85,273,107,166
050,54,007,"West Virginia","Braxton County",4,0,102,58,44
050,54,007,"West Virginia","Braxton County",4,1,98,55,43
050,54,007,"West Virginia","Braxton County",4,2,85,42,43
050,54,007,"West Virginia","Braxton County",4,3,102,59,43
050,54,007,"West Virginia","Braxton County",4,4,102,49,53
050,54,007,"West Virginia","Braxton County",4,5,103,54,49
050,54,007,"West Virginia","Braxton County",4,6,112,60,52
050,54,007,"West Virginia","Braxton County",4,7,133,68,65
050,54,007,"West Virginia","Braxton County",4,8,134,69,65
050,54,007,"West Virginia","Braxton County",4,9,146,73,73
050,54,007,"West Virginia","Braxton County",4,10,142,76,66
050,54,007,"West Virginia","Braxton County",4,11,136,71,65
050,54,007,"West Virginia","Braxton County",4,12,140,65,75
050,54,007,"West Virginia","Braxton County",4,13,139,66,73
050,54,007,"West Virginia","Braxton County",4,14,137,71,66
050,54,007,"West Virginia","Braxton County",4,15,136,70,66
050,54,007,"West Virginia","Braxton County",4,16,147,79,68
050,54,007,"West Virginia","Braxton County",4,17,129,69,60
050,54,007,"West Virginia","Braxton County",4,18,122,67,55
050,54,007,"West Virginia","Braxton County",4,19,98,59,39
050,54,007,"West Virginia","Braxton County",4,20,111,61,50
050,54,007,"West Virginia","Braxton County",4,21,111,57,54
050,54,007,"West Virginia","Braxton County",4,22,114,59,55
050,54,007,"West Virginia","Braxton County",4,23,128,68,60
050,54,007,"West Virginia","Braxton County",4,24,116,56,60
050,54,007,"West Virginia","Braxton County",4,25,141,75,66
050,54,007,"West Virginia","Braxton County",4,26,119,69,50
050,54,007,"West Virginia","Braxton County",4,27,140,81,59
050,54,007,"West Virginia","Braxton County",4,28,148,76,72
050,54,007,"West Virginia","Braxton County",4,29,144,76,68
050,54,007,"West Virginia","Braxton County",4,30,157,87,70
050,54,007,"West Virginia","Braxton County",4,31,158,88,70
050,54,007,"West Virginia","Braxton County",4,32,166,90,76
050,54,007,"West Virginia","Braxton County",4,33,144,76,68
050,54,007,"West Virginia","Braxton County",4,34,134,74,60
050,54,007,"West Virginia","Braxton County",4,35,119,63,56
050,54,007,"West Virginia","Braxton County",4,36,118,65,53
050,54,007,"West Virginia","Braxton County",4,37,127,64,63
050,54,007,"West Virginia","Braxton County",4,38,113,58,55
050,54,007,"West Virginia","Braxton County",4,39,133,74,59
050,54,007,"West Virginia","Braxton County",4,40,118,64,54
050,54,007,"West Virginia","Braxton County",4,41,151,77,74
050,54,007,"West Virginia","Braxton County",4,42,134,71,63
050,54,007,"West Virginia","Braxton County",4,43,141,71,70
050,54,007,"West Virginia","Braxton County",4,44,145,79,66
050,54,007,"West Virginia","Braxton County",4,45,159,87,72
050,54,007,"West Virginia","Braxton County",4,46,136,78,58
050,54,007,"West Virginia","Braxton County",4,47,143,75,68
050,54,007,"West Virginia","Braxton County",4,48,150,74,76
050,54,007,"West Virginia","Braxton County",4,49,153,74,79
050,54,007,"West Virginia","Braxton County",4,50,169,90,79
050,54,007,"West Virginia","Braxton County",4,51,173,87,86
050,54,007,"West Virginia","Braxton County",4,52,172,85,87
050,54,007,"West Virginia","Braxton County",4,53,171,96,75
050,54,007,"West Virginia","Braxton County",4,54,162,80,82
050,54,007,"West Virginia","Braxton County",4,55,167,79,88
050,54,007,"West Virginia","Braxton County",4,56,167,84,83
050,54,007,"West Virginia","Braxton County",4,57,172,87,85
050,54,007,"West Virginia","Braxton County",4,58,175,89,86
050,54,007,"West Virginia","Braxton County",4,59,186,95,91
050,54,007,"West Virginia","Braxton County",4,60,195,106,89
050,54,007,"West Virginia","Braxton County",4,61,187,96,91
050,54,007,"West Virginia","Braxton County",4,62,178,96,82
050,54,007,"West Virginia","Braxton County",4,63,193,110,83
050,54,007,"West Virginia","Braxton County",4,64,186,103,83
050,54,007,"West Virginia","Braxton County",4,65,172,91,81
050,54,007,"West Virginia","Braxton County",4,66,172,79,93
050,54,007,"West Virginia","Braxton County",4,67,188,89,99
050,54,007,"West Virginia","Braxton County",4,68,184,88,96
050,54,007,"West Virginia","Braxton County",4,69,186,90,96
050,54,007,"West Virginia","Braxton County",4,70,195,93,102
050,54,007,"West Virginia","Braxton County",4,71,179,86,93
050,54,007,"West Virginia","Braxton County",4,72,166,86,80
050,54,007,"West Virginia","Braxton County",4,73,172,84,88
050,54,007,"West Virginia","Braxton County",4,74,163,79,84
050,54,007,"West Virginia","Braxton County",4,75,158,79,79
050,54,007,"West Virginia","Braxton County",4,76,110,59,51
050,54,007,"West Virginia","Braxton County",4,77,107,50,57
050,54,007,"West Virginia","Braxton County",4,78,94,38,56
050,54,007,"West Virginia","Braxton County",4,79,105,45,60
050,54,007,"West Virginia","Braxton County",4,80,98,51,47
050,54,007,"West Virginia","Braxton County",4,81,79,43,36
050,54,007,"West Virginia","Braxton County",4,82,73,36,37
050,54,007,"West Virginia","Braxton County",4,83,68,35,33
050,54,007,"West Virginia","Braxton County",4,84,63,32,31
050,54,007,"West Virginia","Braxton County",4,85,271,108,163
050,54,007,"West Virginia","Braxton County",5,0,102,58,44
050,54,007,"West Virginia","Braxton County",5,1,106,58,48
050,54,007,"West Virginia","Braxton County",5,2,100,57,43
050,54,007,"West Virginia","Braxton County",5,3,89,44,45
050,54,007,"West Virginia","Braxton County",5,4,97,55,42
050,54,007,"West Virginia","Braxton County",5,5,104,51,53
050,54,007,"West Virginia","Braxton County",5,6,104,55,49
050,54,007,"West Virginia","Braxton County",5,7,108,58,50
050,54,007,"West Virginia","Braxton County",5,8,136,72,64
050,54,007,"West Virginia","Braxton County",5,9,135,68,67
050,54,007,"West Virginia","Braxton County",5,10,150,78,72
050,54,007,"West Virginia","Braxton County",5,11,139,73,66
050,54,007,"West Virginia","Braxton County",5,12,135,71,64
050,54,007,"West Virginia","Braxton County",5,13,138,65,73
050,54,007,"West Virginia","Braxton County",5,14,142,68,74
050,54,007,"West Virginia","Braxton County",5,15,147,73,74
050,54,007,"West Virginia","Braxton County",5,16,134,67,67
050,54,007,"West Virginia","Braxton County",5,17,145,76,69
050,54,007,"West Virginia","Braxton County",5,18,115,65,50
050,54,007,"West Virginia","Braxton County",5,19,86,48,38
050,54,007,"West Virginia","Braxton County",5,20,110,69,41
050,54,007,"West Virginia","Braxton County",5,21,109,58,51
050,54,007,"West Virginia","Braxton County",5,22,118,63,55
050,54,007,"West Virginia","Braxton County",5,23,133,71,62
050,54,007,"West Virginia","Braxton County",5,24,127,65,62
050,54,007,"West Virginia","Braxton County",5,25,129,67,62
050,54,007,"West Virginia","Braxton County",5,26,124,65,59
050,54,007,"West Virginia","Braxton County",5,27,129,82,47
050,54,007,"West Virginia","Braxton County",5,28,149,77,72
050,54,007,"West Virginia","Braxton County",5,29,148,76,72
050,54,007,"West Virginia","Braxton County",5,30,134,73,61
050,54,007,"West Virginia","Braxton County",5,31,161,89,72
050,54,007,"West Virginia","Braxton County",5,32,170,98,72
050,54,007,"West Virginia","Braxton County",5,33,161,82,79
050,54,007,"West Virginia","Braxton County",5,34,145,78,67
050,54,007,"West Virginia","Braxton County",5,35,118,60,58
050,54,007,"West Virginia","Braxton County",5,36,118,64,54
050,54,007,"West Virginia","Braxton County",5,37,137,76,61
050,54,007,"West Virginia","Braxton County",5,38,127,61,66
050,54,007,"West Virginia","Braxton County",5,39,112,59,53
050,54,007,"West Virginia","Braxton County",5,40,135,74,61
050,54,007,"West Virginia","Braxton County",5,41,118,63,55
050,54,007,"West Virginia","Braxton County",5,42,142,71,71
050,54,007,"West Virginia","Braxton County",5,43,144,81,63
050,54,007,"West Virginia","Braxton County",5,44,142,75,67
050,54,007,"West Virginia","Braxton County",5,45,143,79,64
050,54,007,"West Virginia","Braxton County",5,46,153,84,69
050,54,007,"West Virginia","Braxton County",5,47,137,80,57
050,54,007,"West Virginia","Braxton County",5,48,150,86,64
050,54,007,"West Virginia","Braxton County",5,49,152,68,84
050,54,007,"West Virginia","Braxton County",5,50,159,76,83
050,54,007,"West Virginia","Braxton County",5,51,173,90,83
050,54,007,"West Virginia","Braxton County",5,52,167,83,84
050,54,007,"West Virginia","Braxton County",5,53,181,89,92
050,54,007,"West Virginia","Braxton County",5,54,169,94,75
050,54,007,"West Virginia","Braxton County",5,55,161,75,86
050,54,007,"West Virginia","Braxton County",5,56,168,81,87
050,54,007,"West Virginia","Braxton County",5,57,168,85,83
050,54,007,"West Virginia","Braxton County",5,58,170,84,86
050,54,007,"West Virginia","Braxton County",5,59,169,82,87
050,54,007,"West Virginia","Braxton County",5,60,188,101,87
050,54,007,"West Virginia","Braxton County",5,61,197,108,89
050,54,007,"West Virginia","Braxton County",5,62,190,100,90
050,54,007,"West Virginia","Braxton County",5,63,182,100,82
050,54,007,"West Virginia","Braxton County",5,64,186,103,83
050,54,007,"West Virginia","Braxton County",5,65,177,94,83
050,54,007,"West Virginia","Braxton County",5,66,176,95,81
050,54,007,"West Virginia","Braxton County",5,67,173,80,93
050,54,007,"West Virginia","Braxton County",5,68,182,86,96
050,54,007,"West Virginia","Braxton County",5,69,181,86,95
050,54,007,"West Virginia","Braxton County",5,70,175,82,93
050,54,007,"West Virginia","Braxton County",5,71,190,89,101
050,54,007,"West Virginia","Braxton County",5,72,179,86,93
050,54,007,"West Virginia","Braxton County",5,73,161,83,78
050,54,007,"West Virginia","Braxton County",5,74,175,82,93
050,54,007,"West Virginia","Braxton County",5,75,157,79,78
050,54,007,"West Virginia","Braxton County",5,76,146,75,71
050,54,007,"West Virginia","Braxton County",5,77,102,52,50
050,54,007,"West Virginia","Braxton County",5,78,99,47,52
050,54,007,"West Virginia","Braxton County",5,79,89,36,53
050,54,007,"West Virginia","Braxton County",5,80,102,43,59
050,54,007,"West Virginia","Braxton County",5,81,97,51,46
050,54,007,"West Virginia","Braxton County",5,82,76,38,38
050,54,007,"West Virginia","Braxton County",5,83,65,30,35
050,54,007,"West Virginia","Braxton County",5,84,57,32,25
050,54,007,"West Virginia","Braxton County",5,85,288,122,166
050,54,009,"West Virginia","Brooke County",1,0,183,94,89
050,54,009,"West Virginia","Brooke County",1,1,193,89,104
050,54,009,"West Virginia","Brooke County",1,2,207,111,96
050,54,009,"West Virginia","Brooke County",1,3,219,118,101
050,54,009,"West Virginia","Brooke County",1,4,203,100,103
050,54,009,"West Virginia","Brooke County",1,5,229,119,110
050,54,009,"West Virginia","Brooke County",1,6,201,115,86
050,54,009,"West Virginia","Brooke County",1,7,206,108,98
050,54,009,"West Virginia","Brooke County",1,8,187,100,87
050,54,009,"West Virginia","Brooke County",1,9,210,105,105
050,54,009,"West Virginia","Brooke County",1,10,219,114,105
050,54,009,"West Virginia","Brooke County",1,11,240,114,126
050,54,009,"West Virginia","Brooke County",1,12,256,137,119
050,54,009,"West Virginia","Brooke County",1,13,256,137,119
050,54,009,"West Virginia","Brooke County",1,14,271,139,132
050,54,009,"West Virginia","Brooke County",1,15,261,142,119
050,54,009,"West Virginia","Brooke County",1,16,252,127,125
050,54,009,"West Virginia","Brooke County",1,17,244,132,112
050,54,009,"West Virginia","Brooke County",1,18,251,141,110
050,54,009,"West Virginia","Brooke County",1,19,307,166,141
050,54,009,"West Virginia","Brooke County",1,20,304,156,148
050,54,009,"West Virginia","Brooke County",1,21,304,148,156
050,54,009,"West Virginia","Brooke County",1,22,272,137,135
050,54,009,"West Virginia","Brooke County",1,23,239,135,104
050,54,009,"West Virginia","Brooke County",1,24,241,134,107
050,54,009,"West Virginia","Brooke County",1,25,239,130,109
050,54,009,"West Virginia","Brooke County",1,26,239,118,121
050,54,009,"West Virginia","Brooke County",1,27,239,126,113
050,54,009,"West Virginia","Brooke County",1,28,264,144,120
050,54,009,"West Virginia","Brooke County",1,29,272,147,125
050,54,009,"West Virginia","Brooke County",1,30,238,127,111
050,54,009,"West Virginia","Brooke County",1,31,227,118,109
050,54,009,"West Virginia","Brooke County",1,32,227,126,101
050,54,009,"West Virginia","Brooke County",1,33,220,117,103
050,54,009,"West Virginia","Brooke County",1,34,212,110,102
050,54,009,"West Virginia","Brooke County",1,35,207,109,98
050,54,009,"West Virginia","Brooke County",1,36,212,110,102
050,54,009,"West Virginia","Brooke County",1,37,247,117,130
050,54,009,"West Virginia","Brooke County",1,38,214,117,97
050,54,009,"West Virginia","Brooke County",1,39,237,117,120
050,54,009,"West Virginia","Brooke County",1,40,248,123,125
050,54,009,"West Virginia","Brooke County",1,41,248,123,125
050,54,009,"West Virginia","Brooke County",1,42,265,142,123
050,54,009,"West Virginia","Brooke County",1,43,264,136,128
050,54,009,"West Virginia","Brooke County",1,44,261,139,122
050,54,009,"West Virginia","Brooke County",1,45,281,149,132
050,54,009,"West Virginia","Brooke County",1,46,257,121,136
050,54,009,"West Virginia","Brooke County",1,47,258,123,135
050,54,009,"West Virginia","Brooke County",1,48,284,143,141
050,54,009,"West Virginia","Brooke County",1,49,311,162,149
050,54,009,"West Virginia","Brooke County",1,50,291,154,137
050,54,009,"West Virginia","Brooke County",1,51,270,130,140
050,54,009,"West Virginia","Brooke County",1,52,288,138,150
050,54,009,"West Virginia","Brooke County",1,53,310,162,148
050,54,009,"West Virginia","Brooke County",1,54,323,165,158
050,54,009,"West Virginia","Brooke County",1,55,305,149,156
050,54,009,"West Virginia","Brooke County",1,56,319,155,164
050,54,009,"West Virginia","Brooke County",1,57,325,156,169
050,54,009,"West Virginia","Brooke County",1,58,340,187,153
050,54,009,"West Virginia","Brooke County",1,59,368,183,185
050,54,009,"West Virginia","Brooke County",1,60,387,188,199
050,54,009,"West Virginia","Brooke County",1,61,383,181,202
050,54,009,"West Virginia","Brooke County",1,62,355,177,178
050,54,009,"West Virginia","Brooke County",1,63,353,170,183
050,54,009,"West Virginia","Brooke County",1,64,340,163,177
050,54,009,"West Virginia","Brooke County",1,65,342,173,169
050,54,009,"West Virginia","Brooke County",1,66,370,186,184
050,54,009,"West Virginia","Brooke County",1,67,349,163,186
050,54,009,"West Virginia","Brooke County",1,68,368,171,197
050,54,009,"West Virginia","Brooke County",1,69,346,160,186
050,54,009,"West Virginia","Brooke County",1,70,330,156,174
050,54,009,"West Virginia","Brooke County",1,71,332,158,174
050,54,009,"West Virginia","Brooke County",1,72,318,159,159
050,54,009,"West Virginia","Brooke County",1,73,304,146,158
050,54,009,"West Virginia","Brooke County",1,74,193,87,106
050,54,009,"West Virginia","Brooke County",1,75,199,82,117
050,54,009,"West Virginia","Brooke County",1,76,188,84,104
050,54,009,"West Virginia","Brooke County",1,77,204,95,109
050,54,009,"West Virginia","Brooke County",1,78,161,70,91
050,54,009,"West Virginia","Brooke County",1,79,161,64,97
050,54,009,"West Virginia","Brooke County",1,80,148,72,76
050,54,009,"West Virginia","Brooke County",1,81,155,70,85
050,54,009,"West Virginia","Brooke County",1,82,141,65,76
050,54,009,"West Virginia","Brooke County",1,83,127,52,75
050,54,009,"West Virginia","Brooke County",1,84,106,50,56
050,54,009,"West Virginia","Brooke County",1,85,626,202,424
050,54,009,"West Virginia","Brooke County",2,0,171,81,90
050,54,009,"West Virginia","Brooke County",2,1,190,90,100
050,54,009,"West Virginia","Brooke County",2,2,202,106,96
050,54,009,"West Virginia","Brooke County",2,3,217,118,99
050,54,009,"West Virginia","Brooke County",2,4,212,108,104
050,54,009,"West Virginia","Brooke County",2,5,224,116,108
050,54,009,"West Virginia","Brooke County",2,6,210,118,92
050,54,009,"West Virginia","Brooke County",2,7,205,111,94
050,54,009,"West Virginia","Brooke County",2,8,191,102,89
050,54,009,"West Virginia","Brooke County",2,9,207,106,101
050,54,009,"West Virginia","Brooke County",2,10,219,113,106
050,54,009,"West Virginia","Brooke County",2,11,233,113,120
050,54,009,"West Virginia","Brooke County",2,12,254,133,121
050,54,009,"West Virginia","Brooke County",2,13,257,138,119
050,54,009,"West Virginia","Brooke County",2,14,266,139,127
050,54,009,"West Virginia","Brooke County",2,15,261,138,123
050,54,009,"West Virginia","Brooke County",2,16,255,132,123
050,54,009,"West Virginia","Brooke County",2,17,243,130,113
050,54,009,"West Virginia","Brooke County",2,18,251,141,110
050,54,009,"West Virginia","Brooke County",2,19,300,162,138
050,54,009,"West Virginia","Brooke County",2,20,305,159,146
050,54,009,"West Virginia","Brooke County",2,21,308,151,157
050,54,009,"West Virginia","Brooke County",2,22,271,138,133
050,54,009,"West Virginia","Brooke County",2,23,242,133,109
050,54,009,"West Virginia","Brooke County",2,24,236,132,104
050,54,009,"West Virginia","Brooke County",2,25,237,130,107
050,54,009,"West Virginia","Brooke County",2,26,235,117,118
050,54,009,"West Virginia","Brooke County",2,27,236,123,113
050,54,009,"West Virginia","Brooke County",2,28,259,141,118
050,54,009,"West Virginia","Brooke County",2,29,272,147,125
050,54,009,"West Virginia","Brooke County",2,30,250,134,116
050,54,009,"West Virginia","Brooke County",2,31,229,120,109
050,54,009,"West Virginia","Brooke County",2,32,227,124,103
050,54,009,"West Virginia","Brooke County",2,33,222,121,101
050,54,009,"West Virginia","Brooke County",2,34,214,112,102
050,54,009,"West Virginia","Brooke County",2,35,207,109,98
050,54,009,"West Virginia","Brooke County",2,36,209,109,100
050,54,009,"West Virginia","Brooke County",2,37,238,116,122
050,54,009,"West Virginia","Brooke County",2,38,224,118,106
050,54,009,"West Virginia","Brooke County",2,39,231,116,115
050,54,009,"West Virginia","Brooke County",2,40,243,119,124
050,54,009,"West Virginia","Brooke County",2,41,248,123,125
050,54,009,"West Virginia","Brooke County",2,42,258,136,122
050,54,009,"West Virginia","Brooke County",2,43,267,140,127
050,54,009,"West Virginia","Brooke County",2,44,258,136,122
050,54,009,"West Virginia","Brooke County",2,45,277,147,130
050,54,009,"West Virginia","Brooke County",2,46,260,126,134
050,54,009,"West Virginia","Brooke County",2,47,255,122,133
050,54,009,"West Virginia","Brooke County",2,48,275,137,138
050,54,009,"West Virginia","Brooke County",2,49,304,159,145
050,54,009,"West Virginia","Brooke County",2,50,295,156,139
050,54,009,"West Virginia","Brooke County",2,51,273,134,139
050,54,009,"West Virginia","Brooke County",2,52,287,139,148
050,54,009,"West Virginia","Brooke County",2,53,302,154,148
050,54,009,"West Virginia","Brooke County",2,54,320,165,155
050,54,009,"West Virginia","Brooke County",2,55,308,153,155
050,54,009,"West Virginia","Brooke County",2,56,317,154,163
050,54,009,"West Virginia","Brooke County",2,57,321,153,168
050,54,009,"West Virginia","Brooke County",2,58,337,179,158
050,54,009,"West Virginia","Brooke County",2,59,361,184,177
050,54,009,"West Virginia","Brooke County",2,60,379,185,194
050,54,009,"West Virginia","Brooke County",2,61,381,181,200
050,54,009,"West Virginia","Brooke County",2,62,358,175,183
050,54,009,"West Virginia","Brooke County",2,63,356,172,184
050,54,009,"West Virginia","Brooke County",2,64,340,164,176
050,54,009,"West Virginia","Brooke County",2,65,340,170,170
050,54,009,"West Virginia","Brooke County",2,66,359,178,181
050,54,009,"West Virginia","Brooke County",2,67,348,165,183
050,54,009,"West Virginia","Brooke County",2,68,358,167,191
050,54,009,"West Virginia","Brooke County",2,69,352,163,189
050,54,009,"West Virginia","Brooke County",2,70,330,154,176
050,54,009,"West Virginia","Brooke County",2,71,330,157,173
050,54,009,"West Virginia","Brooke County",2,72,314,155,159
050,54,009,"West Virginia","Brooke County",2,73,323,157,166
050,54,009,"West Virginia","Brooke County",2,74,208,96,112
050,54,009,"West Virginia","Brooke County",2,75,199,84,115
050,54,009,"West Virginia","Brooke County",2,76,186,82,104
050,54,009,"West Virginia","Brooke County",2,77,201,92,109
050,54,009,"West Virginia","Brooke County",2,78,165,72,93
050,54,009,"West Virginia","Brooke County",2,79,162,65,97
050,54,009,"West Virginia","Brooke County",2,80,150,71,79
050,54,009,"West Virginia","Brooke County",2,81,152,69,83
050,54,009,"West Virginia","Brooke County",2,82,139,64,75
050,54,009,"West Virginia","Brooke County",2,83,128,53,75
050,54,009,"West Virginia","Brooke County",2,84,110,50,60
050,54,009,"West Virginia","Brooke County",2,85,622,203,419
050,54,009,"West Virginia","Brooke County",3,0,142,70,72
050,54,009,"West Virginia","Brooke County",3,1,179,92,87
050,54,009,"West Virginia","Brooke County",3,2,191,91,100
050,54,009,"West Virginia","Brooke County",3,3,201,100,101
050,54,009,"West Virginia","Brooke County",3,4,215,112,103
050,54,009,"West Virginia","Brooke County",3,5,207,103,104
050,54,009,"West Virginia","Brooke County",3,6,216,109,107
050,54,009,"West Virginia","Brooke County",3,7,205,110,95
050,54,009,"West Virginia","Brooke County",3,8,209,107,102
050,54,009,"West Virginia","Brooke County",3,9,188,100,88
050,54,009,"West Virginia","Brooke County",3,10,204,105,99
050,54,009,"West Virginia","Brooke County",3,11,214,108,106
050,54,009,"West Virginia","Brooke County",3,12,223,112,111
050,54,009,"West Virginia","Brooke County",3,13,250,127,123
050,54,009,"West Virginia","Brooke County",3,14,257,136,121
050,54,009,"West Virginia","Brooke County",3,15,250,132,118
050,54,009,"West Virginia","Brooke County",3,16,257,137,120
050,54,009,"West Virginia","Brooke County",3,17,255,137,118
050,54,009,"West Virginia","Brooke County",3,18,256,137,119
050,54,009,"West Virginia","Brooke County",3,19,285,143,142
050,54,009,"West Virginia","Brooke County",3,20,298,164,134
050,54,009,"West Virginia","Brooke County",3,21,316,153,163
050,54,009,"West Virginia","Brooke County",3,22,282,146,136
050,54,009,"West Virginia","Brooke County",3,23,232,119,113
050,54,009,"West Virginia","Brooke County",3,24,231,125,106
050,54,009,"West Virginia","Brooke County",3,25,217,125,92
050,54,009,"West Virginia","Brooke County",3,26,237,123,114
050,54,009,"West Virginia","Brooke County",3,27,232,112,120
050,54,009,"West Virginia","Brooke County",3,28,242,131,111
050,54,009,"West Virginia","Brooke County",3,29,243,128,115
050,54,009,"West Virginia","Brooke County",3,30,267,142,125
050,54,009,"West Virginia","Brooke County",3,31,256,138,118
050,54,009,"West Virginia","Brooke County",3,32,234,125,109
050,54,009,"West Virginia","Brooke County",3,33,232,126,106
050,54,009,"West Virginia","Brooke County",3,34,222,123,99
050,54,009,"West Virginia","Brooke County",3,35,213,108,105
050,54,009,"West Virginia","Brooke County",3,36,196,104,92
050,54,009,"West Virginia","Brooke County",3,37,205,109,96
050,54,009,"West Virginia","Brooke County",3,38,235,116,119
050,54,009,"West Virginia","Brooke County",3,39,226,118,108
050,54,009,"West Virginia","Brooke County",3,40,233,116,117
050,54,009,"West Virginia","Brooke County",3,41,253,121,132
050,54,009,"West Virginia","Brooke County",3,42,249,131,118
050,54,009,"West Virginia","Brooke County",3,43,256,136,120
050,54,009,"West Virginia","Brooke County",3,44,269,144,125
050,54,009,"West Virginia","Brooke County",3,45,253,130,123
050,54,009,"West Virginia","Brooke County",3,46,266,141,125
050,54,009,"West Virginia","Brooke County",3,47,258,125,133
050,54,009,"West Virginia","Brooke County",3,48,255,121,134
050,54,009,"West Virginia","Brooke County",3,49,273,139,134
050,54,009,"West Virginia","Brooke County",3,50,297,151,146
050,54,009,"West Virginia","Brooke County",3,51,302,155,147
050,54,009,"West Virginia","Brooke County",3,52,282,140,142
050,54,009,"West Virginia","Brooke County",3,53,281,136,145
050,54,009,"West Virginia","Brooke County",3,54,295,156,139
050,54,009,"West Virginia","Brooke County",3,55,328,166,162
050,54,009,"West Virginia","Brooke County",3,56,311,158,153
050,54,009,"West Virginia","Brooke County",3,57,307,152,155
050,54,009,"West Virginia","Brooke County",3,58,312,149,163
050,54,009,"West Virginia","Brooke County",3,59,327,176,151
050,54,009,"West Virginia","Brooke County",3,60,353,181,172
050,54,009,"West Virginia","Brooke County",3,61,368,173,195
050,54,009,"West Virginia","Brooke County",3,62,361,166,195
050,54,009,"West Virginia","Brooke County",3,63,351,171,180
050,54,009,"West Virginia","Brooke County",3,64,356,169,187
050,54,009,"West Virginia","Brooke County",3,65,331,161,170
050,54,009,"West Virginia","Brooke County",3,66,334,160,174
050,54,009,"West Virginia","Brooke County",3,67,340,173,167
050,54,009,"West Virginia","Brooke County",3,68,343,163,180
050,54,009,"West Virginia","Brooke County",3,69,345,161,184
050,54,009,"West Virginia","Brooke County",3,70,358,160,198
050,54,009,"West Virginia","Brooke County",3,71,319,149,170
050,54,009,"West Virginia","Brooke County",3,72,315,150,165
050,54,009,"West Virginia","Brooke County",3,73,300,145,155
050,54,009,"West Virginia","Brooke County",3,74,315,153,162
050,54,009,"West Virginia","Brooke County",3,75,193,89,104
050,54,009,"West Virginia","Brooke County",3,76,187,77,110
050,54,009,"West Virginia","Brooke County",3,77,174,76,98
050,54,009,"West Virginia","Brooke County",3,78,189,87,102
050,54,009,"West Virginia","Brooke County",3,79,164,66,98
050,54,009,"West Virginia","Brooke County",3,80,143,60,83
050,54,009,"West Virginia","Brooke County",3,81,142,60,82
050,54,009,"West Virginia","Brooke County",3,82,130,59,71
050,54,009,"West Virginia","Brooke County",3,83,129,58,71
050,54,009,"West Virginia","Brooke County",3,84,126,54,72
050,54,009,"West Virginia","Brooke County",3,85,575,193,382
050,54,009,"West Virginia","Brooke County",4,0,156,79,77
050,54,009,"West Virginia","Brooke County",4,1,147,76,71
050,54,009,"West Virginia","Brooke County",4,2,179,96,83
050,54,009,"West Virginia","Brooke County",4,3,194,89,105
050,54,009,"West Virginia","Brooke County",4,4,202,97,105
050,54,009,"West Virginia","Brooke County",4,5,215,111,104
050,54,009,"West Virginia","Brooke County",4,6,205,99,106
050,54,009,"West Virginia","Brooke County",4,7,221,113,108
050,54,009,"West Virginia","Brooke County",4,8,214,113,101
050,54,009,"West Virginia","Brooke County",4,9,202,109,93
050,54,009,"West Virginia","Brooke County",4,10,185,101,84
050,54,009,"West Virginia","Brooke County",4,11,200,104,96
050,54,009,"West Virginia","Brooke County",4,12,213,104,109
050,54,009,"West Virginia","Brooke County",4,13,223,111,112
050,54,009,"West Virginia","Brooke County",4,14,254,128,126
050,54,009,"West Virginia","Brooke County",4,15,247,130,117
050,54,009,"West Virginia","Brooke County",4,16,256,135,121
050,54,009,"West Virginia","Brooke County",4,17,250,133,117
050,54,009,"West Virginia","Brooke County",4,18,261,143,118
050,54,009,"West Virginia","Brooke County",4,19,271,142,129
050,54,009,"West Virginia","Brooke County",4,20,273,143,130
050,54,009,"West Virginia","Brooke County",4,21,305,165,140
050,54,009,"West Virginia","Brooke County",4,22,276,146,130
050,54,009,"West Virginia","Brooke County",4,23,268,136,132
050,54,009,"West Virginia","Brooke County",4,24,218,108,110
050,54,009,"West Virginia","Brooke County",4,25,234,124,110
050,54,009,"West Virginia","Brooke County",4,26,233,125,108
050,54,009,"West Virginia","Brooke County",4,27,238,132,106
050,54,009,"West Virginia","Brooke County",4,28,222,105,117
050,54,009,"West Virginia","Brooke County",4,29,230,125,105
050,54,009,"West Virginia","Brooke County",4,30,239,117,122
050,54,009,"West Virginia","Brooke County",4,31,252,133,119
050,54,009,"West Virginia","Brooke County",4,32,273,145,128
050,54,009,"West Virginia","Brooke County",4,33,223,119,104
050,54,009,"West Virginia","Brooke County",4,34,221,123,98
050,54,009,"West Virginia","Brooke County",4,35,218,127,91
050,54,009,"West Virginia","Brooke County",4,36,229,118,111
050,54,009,"West Virginia","Brooke County",4,37,194,103,91
050,54,009,"West Virginia","Brooke County",4,38,199,112,87
050,54,009,"West Virginia","Brooke County",4,39,229,106,123
050,54,009,"West Virginia","Brooke County",4,40,220,117,103
050,54,009,"West Virginia","Brooke County",4,41,240,115,125
050,54,009,"West Virginia","Brooke County",4,42,247,124,123
050,54,009,"West Virginia","Brooke County",4,43,245,127,118
050,54,009,"West Virginia","Brooke County",4,44,246,130,116
050,54,009,"West Virginia","Brooke County",4,45,265,141,124
050,54,009,"West Virginia","Brooke County",4,46,252,127,125
050,54,009,"West Virginia","Brooke County",4,47,265,137,128
050,54,009,"West Virginia","Brooke County",4,48,253,120,133
050,54,009,"West Virginia","Brooke County",4,49,253,121,132
050,54,009,"West Virginia","Brooke County",4,50,271,139,132
050,54,009,"West Virginia","Brooke County",4,51,290,145,145
050,54,009,"West Virginia","Brooke County",4,52,305,157,148
050,54,009,"West Virginia","Brooke County",4,53,275,140,135
050,54,009,"West Virginia","Brooke County",4,54,278,132,146
050,54,009,"West Virginia","Brooke County",4,55,288,153,135
050,54,009,"West Virginia","Brooke County",4,56,325,166,159
050,54,009,"West Virginia","Brooke County",4,57,296,152,144
050,54,009,"West Virginia","Brooke County",4,58,304,151,153
050,54,009,"West Virginia","Brooke County",4,59,318,152,166
050,54,009,"West Virginia","Brooke County",4,60,324,174,150
050,54,009,"West Virginia","Brooke County",4,61,350,179,171
050,54,009,"West Virginia","Brooke County",4,62,357,160,197
050,54,009,"West Virginia","Brooke County",4,63,350,157,193
050,54,009,"West Virginia","Brooke County",4,64,345,165,180
050,54,009,"West Virginia","Brooke County",4,65,343,162,181
050,54,009,"West Virginia","Brooke County",4,66,327,154,173
050,54,009,"West Virginia","Brooke County",4,67,320,155,165
050,54,009,"West Virginia","Brooke County",4,68,336,171,165
050,54,009,"West Virginia","Brooke County",4,69,330,155,175
050,54,009,"West Virginia","Brooke County",4,70,338,155,183
050,54,009,"West Virginia","Brooke County",4,71,348,156,192
050,54,009,"West Virginia","Brooke County",4,72,299,137,162
050,54,009,"West Virginia","Brooke County",4,73,307,144,163
050,54,009,"West Virginia","Brooke County",4,74,293,140,153
050,54,009,"West Virginia","Brooke County",4,75,305,150,155
050,54,009,"West Virginia","Brooke County",4,76,184,83,101
050,54,009,"West Virginia","Brooke County",4,77,172,71,101
050,54,009,"West Virginia","Brooke County",4,78,171,74,97
050,54,009,"West Virginia","Brooke County",4,79,186,76,110
050,54,009,"West Virginia","Brooke County",4,80,146,65,81
050,54,009,"West Virginia","Brooke County",4,81,136,50,86
050,54,009,"West Virginia","Brooke County",4,82,119,46,73
050,54,009,"West Virginia","Brooke County",4,83,119,54,65
050,54,009,"West Virginia","Brooke County",4,84,124,56,68
050,54,009,"West Virginia","Brooke County",4,85,560,186,374
050,54,009,"West Virginia","Brooke County",5,0,159,79,80
050,54,009,"West Virginia","Brooke County",5,1,151,83,68
050,54,009,"West Virginia","Brooke County",5,2,159,82,77
050,54,009,"West Virginia","Brooke County",5,3,185,92,93
050,54,009,"West Virginia","Brooke County",5,4,191,84,107
050,54,009,"West Virginia","Brooke County",5,5,203,102,101
050,54,009,"West Virginia","Brooke County",5,6,214,116,98
050,54,009,"West Virginia","Brooke County",5,7,210,104,106
050,54,009,"West Virginia","Brooke County",5,8,208,108,100
050,54,009,"West Virginia","Brooke County",5,9,195,102,93
050,54,009,"West Virginia","Brooke County",5,10,204,106,98
050,54,009,"West Virginia","Brooke County",5,11,178,92,86
050,54,009,"West Virginia","Brooke County",5,12,203,111,92
050,54,009,"West Virginia","Brooke County",5,13,198,94,104
050,54,009,"West Virginia","Brooke County",5,14,216,107,109
050,54,009,"West Virginia","Brooke County",5,15,251,129,122
050,54,009,"West Virginia","Brooke County",5,16,257,138,119
050,54,009,"West Virginia","Brooke County",5,17,251,139,112
050,54,009,"West Virginia","Brooke County",5,18,258,140,118
050,54,009,"West Virginia","Brooke County",5,19,285,150,135
050,54,009,"West Virginia","Brooke County",5,20,271,147,124
050,54,009,"West Virginia","Brooke County",5,21,280,134,146
050,54,009,"West Virginia","Brooke County",5,22,275,158,117
050,54,009,"West Virginia","Brooke County",5,23,254,127,127
050,54,009,"West Virginia","Brooke County",5,24,252,133,119
050,54,009,"West Virginia","Brooke County",5,25,214,112,102
050,54,009,"West Virginia","Brooke County",5,26,241,127,114
050,54,009,"West Virginia","Brooke County",5,27,221,123,98
050,54,009,"West Virginia","Brooke County",5,28,243,132,111
050,54,009,"West Virginia","Brooke County",5,29,211,100,111
050,54,009,"West Virginia","Brooke County",5,30,235,121,114
050,54,009,"West Virginia","Brooke County",5,31,244,119,125
050,54,009,"West Virginia","Brooke County",5,32,265,131,134
050,54,009,"West Virginia","Brooke County",5,33,278,153,125
050,54,009,"West Virginia","Brooke County",5,34,228,117,111
050,54,009,"West Virginia","Brooke County",5,35,223,129,94
050,54,009,"West Virginia","Brooke County",5,36,216,126,90
050,54,009,"West Virginia","Brooke County",5,37,226,125,101
050,54,009,"West Virginia","Brooke County",5,38,194,98,96
050,54,009,"West Virginia","Brooke County",5,39,193,106,87
050,54,009,"West Virginia","Brooke County",5,40,224,108,116
050,54,009,"West Virginia","Brooke County",5,41,223,119,104
050,54,009,"West Virginia","Brooke County",5,42,231,112,119
050,54,009,"West Virginia","Brooke County",5,43,247,122,125
050,54,009,"West Virginia","Brooke County",5,44,237,119,118
050,54,009,"West Virginia","Brooke County",5,45,246,128,118
050,54,009,"West Virginia","Brooke County",5,46,261,140,121
050,54,009,"West Virginia","Brooke County",5,47,250,131,119
050,54,009,"West Virginia","Brooke County",5,48,266,137,129
050,54,009,"West Virginia","Brooke County",5,49,247,121,126
050,54,009,"West Virginia","Brooke County",5,50,251,119,132
050,54,009,"West Virginia","Brooke County",5,51,266,138,128
050,54,009,"West Virginia","Brooke County",5,52,296,147,149
050,54,009,"West Virginia","Brooke County",5,53,290,149,141
050,54,009,"West Virginia","Brooke County",5,54,282,144,138
050,54,009,"West Virginia","Brooke County",5,55,268,128,140
050,54,009,"West Virginia","Brooke County",5,56,290,152,138
050,54,009,"West Virginia","Brooke County",5,57,309,158,151
050,54,009,"West Virginia","Brooke County",5,58,291,148,143
050,54,009,"West Virginia","Brooke County",5,59,302,148,154
050,54,009,"West Virginia","Brooke County",5,60,306,147,159
050,54,009,"West Virginia","Brooke County",5,61,328,176,152
050,54,009,"West Virginia","Brooke County",5,62,335,170,165
050,54,009,"West Virginia","Brooke County",5,63,343,153,190
050,54,009,"West Virginia","Brooke County",5,64,349,157,192
050,54,009,"West Virginia","Brooke County",5,65,337,159,178
050,54,009,"West Virginia","Brooke County",5,66,335,150,185
050,54,009,"West Virginia","Brooke County",5,67,316,153,163
050,54,009,"West Virginia","Brooke County",5,68,316,150,166
050,54,009,"West Virginia","Brooke County",5,69,323,165,158
050,54,009,"West Virginia","Brooke County",5,70,323,150,173
050,54,009,"West Virginia","Brooke County",5,71,329,151,178
050,54,009,"West Virginia","Brooke County",5,72,337,151,186
050,54,009,"West Virginia","Brooke County",5,73,290,131,159
050,54,009,"West Virginia","Brooke County",5,74,301,140,161
050,54,009,"West Virginia","Brooke County",5,75,283,135,148
050,54,009,"West Virginia","Brooke County",5,76,292,141,151
050,54,009,"West Virginia","Brooke County",5,77,171,81,90
050,54,009,"West Virginia","Brooke County",5,78,164,69,95
050,54,009,"West Virginia","Brooke County",5,79,167,65,102
050,54,009,"West Virginia","Brooke County",5,80,169,76,93
050,54,009,"West Virginia","Brooke County",5,81,141,53,88
050,54,009,"West Virginia","Brooke County",5,82,112,36,76
050,54,009,"West Virginia","Brooke County",5,83,108,41,67
050,54,009,"West Virginia","Brooke County",5,84,115,53,62
050,54,009,"West Virginia","Brooke County",5,85,566,194,372
050,54,011,"West Virginia","Cabell County",1,0,1028,528,500
050,54,011,"West Virginia","Cabell County",1,1,1023,553,470
050,54,011,"West Virginia","Cabell County",1,2,1014,522,492
050,54,011,"West Virginia","Cabell County",1,3,983,511,472
050,54,011,"West Virginia","Cabell County",1,4,982,503,479
050,54,011,"West Virginia","Cabell County",1,5,1025,542,483
050,54,011,"West Virginia","Cabell County",1,6,1034,530,504
050,54,011,"West Virginia","Cabell County",1,7,1036,518,518
050,54,011,"West Virginia","Cabell County",1,8,1036,538,498
050,54,011,"West Virginia","Cabell County",1,9,1014,514,500
050,54,011,"West Virginia","Cabell County",1,10,1047,537,510
050,54,011,"West Virginia","Cabell County",1,11,1085,564,521
050,54,011,"West Virginia","Cabell County",1,12,1075,559,516
050,54,011,"West Virginia","Cabell County",1,13,1113,593,520
050,54,011,"West Virginia","Cabell County",1,14,1061,564,497
050,54,011,"West Virginia","Cabell County",1,15,1053,564,489
050,54,011,"West Virginia","Cabell County",1,16,1065,562,503
050,54,011,"West Virginia","Cabell County",1,17,1048,526,522
050,54,011,"West Virginia","Cabell County",1,18,1335,661,674
050,54,011,"West Virginia","Cabell County",1,19,2003,960,1043
050,54,011,"West Virginia","Cabell County",1,20,2231,1107,1124
050,54,011,"West Virginia","Cabell County",1,21,2137,982,1155
050,54,011,"West Virginia","Cabell County",1,22,1795,847,948
050,54,011,"West Virginia","Cabell County",1,23,1764,819,945
050,54,011,"West Virginia","Cabell County",1,24,1546,821,725
050,54,011,"West Virginia","Cabell County",1,25,1326,660,666
050,54,011,"West Virginia","Cabell County",1,26,1233,637,596
050,54,011,"West Virginia","Cabell County",1,27,1179,600,579
050,54,011,"West Virginia","Cabell County",1,28,1212,608,604
050,54,011,"West Virginia","Cabell County",1,29,1155,589,566
050,54,011,"West Virginia","Cabell County",1,30,1051,501,550
050,54,011,"West Virginia","Cabell County",1,31,1014,530,484
050,54,011,"West Virginia","Cabell County",1,32,1013,523,490
050,54,011,"West Virginia","Cabell County",1,33,1027,546,481
050,54,011,"West Virginia","Cabell County",1,34,1083,562,521
050,54,011,"West Virginia","Cabell County",1,35,1074,550,524
050,54,011,"West Virginia","Cabell County",1,36,1056,543,513
050,54,011,"West Virginia","Cabell County",1,37,1172,609,563
050,54,011,"West Virginia","Cabell County",1,38,1177,615,562
050,54,011,"West Virginia","Cabell County",1,39,1123,581,542
050,54,011,"West Virginia","Cabell County",1,40,1172,584,588
050,54,011,"West Virginia","Cabell County",1,41,1146,570,576
050,54,011,"West Virginia","Cabell County",1,42,1057,516,541
050,54,011,"West Virginia","Cabell County",1,43,1022,480,542
050,54,011,"West Virginia","Cabell County",1,44,1042,534,508
050,54,011,"West Virginia","Cabell County",1,45,1028,514,514
050,54,011,"West Virginia","Cabell County",1,46,1001,491,510
050,54,011,"West Virginia","Cabell County",1,47,1040,514,526
050,54,011,"West Virginia","Cabell County",1,48,1145,567,578
050,54,011,"West Virginia","Cabell County",1,49,1208,606,602
050,54,011,"West Virginia","Cabell County",1,50,1167,595,572
050,54,011,"West Virginia","Cabell County",1,51,1099,560,539
050,54,011,"West Virginia","Cabell County",1,52,1033,508,525
050,54,011,"West Virginia","Cabell County",1,53,1065,524,541
050,54,011,"West Virginia","Cabell County",1,54,1094,565,529
050,54,011,"West Virginia","Cabell County",1,55,1070,532,538
050,54,011,"West Virginia","Cabell County",1,56,1099,532,567
050,54,011,"West Virginia","Cabell County",1,57,1113,536,577
050,54,011,"West Virginia","Cabell County",1,58,1118,506,612
050,54,011,"West Virginia","Cabell County",1,59,1164,546,618
050,54,011,"West Virginia","Cabell County",1,60,1164,566,598
050,54,011,"West Virginia","Cabell County",1,61,1182,559,623
050,54,011,"West Virginia","Cabell County",1,62,1182,561,621
050,54,011,"West Virginia","Cabell County",1,63,1190,575,615
050,54,011,"West Virginia","Cabell County",1,64,1126,536,590
050,54,011,"West Virginia","Cabell County",1,65,1167,556,611
050,54,011,"West Virginia","Cabell County",1,66,1127,504,623
050,54,011,"West Virginia","Cabell County",1,67,1153,548,605
050,54,011,"West Virginia","Cabell County",1,68,1114,509,605
050,54,011,"West Virginia","Cabell County",1,69,1071,497,574
050,54,011,"West Virginia","Cabell County",1,70,1058,488,570
050,54,011,"West Virginia","Cabell County",1,71,1054,475,579
050,54,011,"West Virginia","Cabell County",1,72,1053,485,568
050,54,011,"West Virginia","Cabell County",1,73,1032,481,551
050,54,011,"West Virginia","Cabell County",1,74,704,310,394
050,54,011,"West Virginia","Cabell County",1,75,731,328,403
050,54,011,"West Virginia","Cabell County",1,76,745,350,395
050,54,011,"West Virginia","Cabell County",1,77,706,327,379
050,54,011,"West Virginia","Cabell County",1,78,596,257,339
050,54,011,"West Virginia","Cabell County",1,79,558,259,299
050,54,011,"West Virginia","Cabell County",1,80,515,215,300
050,54,011,"West Virginia","Cabell County",1,81,486,189,297
050,54,011,"West Virginia","Cabell County",1,82,427,171,256
050,54,011,"West Virginia","Cabell County",1,83,381,152,229
050,54,011,"West Virginia","Cabell County",1,84,354,140,214
050,54,011,"West Virginia","Cabell County",1,85,2160,697,1463
050,54,011,"West Virginia","Cabell County",2,0,1011,511,500
050,54,011,"West Virginia","Cabell County",2,1,1014,540,474
050,54,011,"West Virginia","Cabell County",2,2,1012,526,486
050,54,011,"West Virginia","Cabell County",2,3,983,508,475
050,54,011,"West Virginia","Cabell County",2,4,983,505,478
050,54,011,"West Virginia","Cabell County",2,5,1016,533,483
050,54,011,"West Virginia","Cabell County",2,6,1038,535,503
050,54,011,"West Virginia","Cabell County",2,7,1029,518,511
050,54,011,"West Virginia","Cabell County",2,8,1031,531,500
050,54,011,"West Virginia","Cabell County",2,9,1016,518,498
050,54,011,"West Virginia","Cabell County",2,10,1037,527,510
050,54,011,"West Virginia","Cabell County",2,11,1071,554,517
050,54,011,"West Virginia","Cabell County",2,12,1082,561,521
050,54,011,"West Virginia","Cabell County",2,13,1100,583,517
050,54,011,"West Virginia","Cabell County",2,14,1074,568,506
050,54,011,"West Virginia","Cabell County",2,15,1057,566,491
050,54,011,"West Virginia","Cabell County",2,16,1065,562,503
050,54,011,"West Virginia","Cabell County",2,17,1053,534,519
050,54,011,"West Virginia","Cabell County",2,18,1331,652,679
050,54,011,"West Virginia","Cabell County",2,19,1997,956,1041
050,54,011,"West Virginia","Cabell County",2,20,2262,1124,1138
050,54,011,"West Virginia","Cabell County",2,21,2130,981,1149
050,54,011,"West Virginia","Cabell County",2,22,1805,850,955
050,54,011,"West Virginia","Cabell County",2,23,1766,823,943
050,54,011,"West Virginia","Cabell County",2,24,1549,821,728
050,54,011,"West Virginia","Cabell County",2,25,1329,661,668
050,54,011,"West Virginia","Cabell County",2,26,1234,635,599
050,54,011,"West Virginia","Cabell County",2,27,1186,606,580
050,54,011,"West Virginia","Cabell County",2,28,1206,607,599
050,54,011,"West Virginia","Cabell County",2,29,1167,591,576
050,54,011,"West Virginia","Cabell County",2,30,1074,522,552
050,54,011,"West Virginia","Cabell County",2,31,1015,515,500
050,54,011,"West Virginia","Cabell County",2,32,1006,518,488
050,54,011,"West Virginia","Cabell County",2,33,1013,534,479
050,54,011,"West Virginia","Cabell County",2,34,1064,551,513
050,54,011,"West Virginia","Cabell County",2,35,1077,555,522
050,54,011,"West Virginia","Cabell County",2,36,1053,541,512
050,54,011,"West Virginia","Cabell County",2,37,1143,592,551
050,54,011,"West Virginia","Cabell County",2,38,1175,616,559
050,54,011,"West Virginia","Cabell County",2,39,1128,584,544
050,54,011,"West Virginia","Cabell County",2,40,1158,582,576
050,54,011,"West Virginia","Cabell County",2,41,1145,568,577
050,54,011,"West Virginia","Cabell County",2,42,1075,526,549
050,54,011,"West Virginia","Cabell County",2,43,1037,489,548
050,54,011,"West Virginia","Cabell County",2,44,1024,516,508
050,54,011,"West Virginia","Cabell County",2,45,1035,519,516
050,54,011,"West Virginia","Cabell County",2,46,1000,492,508
050,54,011,"West Virginia","Cabell County",2,47,1031,510,521
050,54,011,"West Virginia","Cabell County",2,48,1116,550,566
050,54,011,"West Virginia","Cabell County",2,49,1198,598,600
050,54,011,"West Virginia","Cabell County",2,50,1174,596,578
050,54,011,"West Virginia","Cabell County",2,51,1109,567,542
050,54,011,"West Virginia","Cabell County",2,52,1038,514,524
050,54,011,"West Virginia","Cabell County",2,53,1059,521,538
050,54,011,"West Virginia","Cabell County",2,54,1080,552,528
050,54,011,"West Virginia","Cabell County",2,55,1070,536,534
050,54,011,"West Virginia","Cabell County",2,56,1094,531,563
050,54,011,"West Virginia","Cabell County",2,57,1112,537,575
050,54,011,"West Virginia","Cabell County",2,58,1106,505,601
050,54,011,"West Virginia","Cabell County",2,59,1163,542,621
050,54,011,"West Virginia","Cabell County",2,60,1148,554,594
050,54,011,"West Virginia","Cabell County",2,61,1163,553,610
050,54,011,"West Virginia","Cabell County",2,62,1171,556,615
050,54,011,"West Virginia","Cabell County",2,63,1186,570,616
050,54,011,"West Virginia","Cabell County",2,64,1128,539,589
050,54,011,"West Virginia","Cabell County",2,65,1150,547,603
050,54,011,"West Virginia","Cabell County",2,66,1135,513,622
050,54,011,"West Virginia","Cabell County",2,67,1134,529,605
050,54,011,"West Virginia","Cabell County",2,68,1118,513,605
050,54,011,"West Virginia","Cabell County",2,69,1080,500,580
050,54,011,"West Virginia","Cabell County",2,70,1049,486,563
050,54,011,"West Virginia","Cabell County",2,71,1051,477,574
050,54,011,"West Virginia","Cabell County",2,72,1030,473,557
050,54,011,"West Virginia","Cabell County",2,73,1089,506,583
050,54,011,"West Virginia","Cabell County",2,74,727,323,404
050,54,011,"West Virginia","Cabell County",2,75,723,323,400
050,54,011,"West Virginia","Cabell County",2,76,725,336,389
050,54,011,"West Virginia","Cabell County",2,77,728,337,391
050,54,011,"West Virginia","Cabell County",2,78,604,263,341
050,54,011,"West Virginia","Cabell County",2,79,554,254,300
050,54,011,"West Virginia","Cabell County",2,80,527,226,301
050,54,011,"West Virginia","Cabell County",2,81,483,187,296
050,54,011,"West Virginia","Cabell County",2,82,435,178,257
050,54,011,"West Virginia","Cabell County",2,83,383,151,232
050,54,011,"West Virginia","Cabell County",2,84,355,140,215
050,54,011,"West Virginia","Cabell County",2,85,2158,701,1457
050,54,011,"West Virginia","Cabell County",3,0,919,486,433
050,54,011,"West Virginia","Cabell County",3,1,997,515,482
050,54,011,"West Virginia","Cabell County",3,2,1002,529,473
050,54,011,"West Virginia","Cabell County",3,3,1015,527,488
050,54,011,"West Virginia","Cabell County",3,4,947,480,467
050,54,011,"West Virginia","Cabell County",3,5,988,520,468
050,54,011,"West Virginia","Cabell County",3,6,1014,541,473
050,54,011,"West Virginia","Cabell County",3,7,1022,529,493
050,54,011,"West Virginia","Cabell County",3,8,1013,518,495
050,54,011,"West Virginia","Cabell County",3,9,1024,536,488
050,54,011,"West Virginia","Cabell County",3,10,998,504,494
050,54,011,"West Virginia","Cabell County",3,11,1046,535,511
050,54,011,"West Virginia","Cabell County",3,12,1071,563,508
050,54,011,"West Virginia","Cabell County",3,13,1093,575,518
050,54,011,"West Virginia","Cabell County",3,14,1104,569,535
050,54,011,"West Virginia","Cabell County",3,15,1089,584,505
050,54,011,"West Virginia","Cabell County",3,16,1059,568,491
050,54,011,"West Virginia","Cabell County",3,17,1057,557,500
050,54,011,"West Virginia","Cabell County",3,18,1317,630,687
050,54,011,"West Virginia","Cabell County",3,19,1959,927,1032
050,54,011,"West Virginia","Cabell County",3,20,2288,1146,1142
050,54,011,"West Virginia","Cabell County",3,21,2137,997,1140
050,54,011,"West Virginia","Cabell County",3,22,1771,824,947
050,54,011,"West Virginia","Cabell County",3,23,1770,826,944
050,54,011,"West Virginia","Cabell County",3,24,1506,812,694
050,54,011,"West Virginia","Cabell County",3,25,1326,657,669
050,54,011,"West Virginia","Cabell County",3,26,1288,631,657
050,54,011,"West Virginia","Cabell County",3,27,1180,597,583
050,54,011,"West Virginia","Cabell County",3,28,1158,591,567
050,54,011,"West Virginia","Cabell County",3,29,1165,584,581
050,54,011,"West Virginia","Cabell County",3,30,1172,589,583
050,54,011,"West Virginia","Cabell County",3,31,1052,524,528
050,54,011,"West Virginia","Cabell County",3,32,1017,508,509
050,54,011,"West Virginia","Cabell County",3,33,978,494,484
050,54,011,"West Virginia","Cabell County",3,34,1000,536,464
050,54,011,"West Virginia","Cabell County",3,35,1038,545,493
050,54,011,"West Virginia","Cabell County",3,36,1055,540,515
050,54,011,"West Virginia","Cabell County",3,37,1017,522,495
050,54,011,"West Virginia","Cabell County",3,38,1130,595,535
050,54,011,"West Virginia","Cabell County",3,39,1165,593,572
050,54,011,"West Virginia","Cabell County",3,40,1122,586,536
050,54,011,"West Virginia","Cabell County",3,41,1116,563,553
050,54,011,"West Virginia","Cabell County",3,42,1136,562,574
050,54,011,"West Virginia","Cabell County",3,43,1055,518,537
050,54,011,"West Virginia","Cabell County",3,44,1027,488,539
050,54,011,"West Virginia","Cabell County",3,45,1033,520,513
050,54,011,"West Virginia","Cabell County",3,46,1020,506,514
050,54,011,"West Virginia","Cabell County",3,47,1002,488,514
050,54,011,"West Virginia","Cabell County",3,48,1038,510,528
050,54,011,"West Virginia","Cabell County",3,49,1110,551,559
050,54,011,"West Virginia","Cabell County",3,50,1185,580,605
050,54,011,"West Virginia","Cabell County",3,51,1160,603,557
050,54,011,"West Virginia","Cabell County",3,52,1083,537,546
050,54,011,"West Virginia","Cabell County",3,53,1018,501,517
050,54,011,"West Virginia","Cabell County",3,54,1036,515,521
050,54,011,"West Virginia","Cabell County",3,55,1039,540,499
050,54,011,"West Virginia","Cabell County",3,56,1031,520,511
050,54,011,"West Virginia","Cabell County",3,57,1074,520,554
050,54,011,"West Virginia","Cabell County",3,58,1069,516,553
050,54,011,"West Virginia","Cabell County",3,59,1085,503,582
050,54,011,"West Virginia","Cabell County",3,60,1127,528,599
050,54,011,"West Virginia","Cabell County",3,61,1135,544,591
050,54,011,"West Virginia","Cabell County",3,62,1143,547,596
050,54,011,"West Virginia","Cabell County",3,63,1155,541,614
050,54,011,"West Virginia","Cabell County",3,64,1169,559,610
050,54,011,"West Virginia","Cabell County",3,65,1089,525,564
050,54,011,"West Virginia","Cabell County",3,66,1100,519,581
050,54,011,"West Virginia","Cabell County",3,67,1107,500,607
050,54,011,"West Virginia","Cabell County",3,68,1105,500,605
050,54,011,"West Virginia","Cabell County",3,69,1082,496,586
050,54,011,"West Virginia","Cabell County",3,70,1037,476,561
050,54,011,"West Virginia","Cabell County",3,71,1021,473,548
050,54,011,"West Virginia","Cabell County",3,72,1014,452,562
050,54,011,"West Virginia","Cabell County",3,73,1005,462,543
050,54,011,"West Virginia","Cabell County",3,74,1020,464,556
050,54,011,"West Virginia","Cabell County",3,75,707,312,395
050,54,011,"West Virginia","Cabell County",3,76,697,316,381
050,54,011,"West Virginia","Cabell County",3,77,694,317,377
050,54,011,"West Virginia","Cabell County",3,78,692,311,381
050,54,011,"West Virginia","Cabell County",3,79,565,247,318
050,54,011,"West Virginia","Cabell County",3,80,535,240,295
050,54,011,"West Virginia","Cabell County",3,81,504,213,291
050,54,011,"West Virginia","Cabell County",3,82,438,186,252
050,54,011,"West Virginia","Cabell County",3,83,397,152,245
050,54,011,"West Virginia","Cabell County",3,84,359,149,210
050,54,011,"West Virginia","Cabell County",3,85,2125,682,1443
050,54,011,"West Virginia","Cabell County",4,0,891,456,435
050,54,011,"West Virginia","Cabell County",4,1,900,487,413
050,54,011,"West Virginia","Cabell County",4,2,1002,523,479
050,54,011,"West Virginia","Cabell County",4,3,1008,524,484
050,54,011,"West Virginia","Cabell County",4,4,973,504,469
050,54,011,"West Virginia","Cabell County",4,5,956,480,476
050,54,011,"West Virginia","Cabell County",4,6,993,530,463
050,54,011,"West Virginia","Cabell County",4,7,1000,521,479
050,54,011,"West Virginia","Cabell County",4,8,1004,523,481
050,54,011,"West Virginia","Cabell County",4,9,1025,521,504
050,54,011,"West Virginia","Cabell County",4,10,1031,538,493
050,54,011,"West Virginia","Cabell County",4,11,1002,508,494
050,54,011,"West Virginia","Cabell County",4,12,1056,548,508
050,54,011,"West Virginia","Cabell County",4,13,1067,555,512
050,54,011,"West Virginia","Cabell County",4,14,1091,571,520
050,54,011,"West Virginia","Cabell County",4,15,1094,565,529
050,54,011,"West Virginia","Cabell County",4,16,1096,582,514
050,54,011,"West Virginia","Cabell County",4,17,1033,545,488
050,54,011,"West Virginia","Cabell County",4,18,1317,656,661
050,54,011,"West Virginia","Cabell County",4,19,1936,903,1033
050,54,011,"West Virginia","Cabell County",4,20,2226,1103,1123
050,54,011,"West Virginia","Cabell County",4,21,2176,1013,1163
050,54,011,"West Virginia","Cabell County",4,22,1799,863,936
050,54,011,"West Virginia","Cabell County",4,23,1734,809,925
050,54,011,"West Virginia","Cabell County",4,24,1551,823,728
050,54,011,"West Virginia","Cabell County",4,25,1327,671,656
050,54,011,"West Virginia","Cabell County",4,26,1288,658,630
050,54,011,"West Virginia","Cabell County",4,27,1223,599,624
050,54,011,"West Virginia","Cabell County",4,28,1144,571,573
050,54,011,"West Virginia","Cabell County",4,29,1135,574,561
050,54,011,"West Virginia","Cabell County",4,30,1117,567,550
050,54,011,"West Virginia","Cabell County",4,31,1120,554,566
050,54,011,"West Virginia","Cabell County",4,32,1053,514,539
050,54,011,"West Virginia","Cabell County",4,33,976,493,483
050,54,011,"West Virginia","Cabell County",4,34,936,464,472
050,54,011,"West Virginia","Cabell County",4,35,985,524,461
050,54,011,"West Virginia","Cabell County",4,36,1001,526,475
050,54,011,"West Virginia","Cabell County",4,37,1026,511,515
050,54,011,"West Virginia","Cabell County",4,38,1013,512,501
050,54,011,"West Virginia","Cabell County",4,39,1119,573,546
050,54,011,"West Virginia","Cabell County",4,40,1143,577,566
050,54,011,"West Virginia","Cabell County",4,41,1105,581,524
050,54,011,"West Virginia","Cabell County",4,42,1105,548,557
050,54,011,"West Virginia","Cabell County",4,43,1140,552,588
050,54,011,"West Virginia","Cabell County",4,44,1046,516,530
050,54,011,"West Virginia","Cabell County",4,45,1027,482,545
050,54,011,"West Virginia","Cabell County",4,46,1007,509,498
050,54,011,"West Virginia","Cabell County",4,47,1016,506,510
050,54,011,"West Virginia","Cabell County",4,48,990,481,509
050,54,011,"West Virginia","Cabell County",4,49,1014,495,519
050,54,011,"West Virginia","Cabell County",4,50,1118,564,554
050,54,011,"West Virginia","Cabell County",4,51,1200,608,592
050,54,011,"West Virginia","Cabell County",4,52,1113,575,538
050,54,011,"West Virginia","Cabell County",4,53,1071,528,543
050,54,011,"West Virginia","Cabell County",4,54,1012,496,516
050,54,011,"West Virginia","Cabell County",4,55,989,494,495
050,54,011,"West Virginia","Cabell County",4,56,1024,531,493
050,54,011,"West Virginia","Cabell County",4,57,1038,521,517
050,54,011,"West Virginia","Cabell County",4,58,1023,482,541
050,54,011,"West Virginia","Cabell County",4,59,1051,513,538
050,54,011,"West Virginia","Cabell County",4,60,1042,484,558
050,54,011,"West Virginia","Cabell County",4,61,1100,513,587
050,54,011,"West Virginia","Cabell County",4,62,1104,525,579
050,54,011,"West Virginia","Cabell County",4,63,1120,537,583
050,54,011,"West Virginia","Cabell County",4,64,1137,539,598
050,54,011,"West Virginia","Cabell County",4,65,1130,533,597
050,54,011,"West Virginia","Cabell County",4,66,1048,499,549
050,54,011,"West Virginia","Cabell County",4,67,1060,497,563
050,54,011,"West Virginia","Cabell County",4,68,1078,472,606
050,54,011,"West Virginia","Cabell County",4,69,1067,488,579
050,54,011,"West Virginia","Cabell County",4,70,1049,476,573
050,54,011,"West Virginia","Cabell County",4,71,1010,455,555
050,54,011,"West Virginia","Cabell County",4,72,977,452,525
050,54,011,"West Virginia","Cabell County",4,73,978,428,550
050,54,011,"West Virginia","Cabell County",4,74,959,430,529
050,54,011,"West Virginia","Cabell County",4,75,990,444,546
050,54,011,"West Virginia","Cabell County",4,76,679,305,374
050,54,011,"West Virginia","Cabell County",4,77,663,293,370
050,54,011,"West Virginia","Cabell County",4,78,652,290,362
050,54,011,"West Virginia","Cabell County",4,79,646,297,349
050,54,011,"West Virginia","Cabell County",4,80,547,228,319
050,54,011,"West Virginia","Cabell County",4,81,496,209,287
050,54,011,"West Virginia","Cabell County",4,82,447,208,239
050,54,011,"West Virginia","Cabell County",4,83,390,160,230
050,54,011,"West Virginia","Cabell County",4,84,361,146,215
050,54,011,"West Virginia","Cabell County",4,85,2099,682,1417
050,54,011,"West Virginia","Cabell County",5,0,889,452,437
050,54,011,"West Virginia","Cabell County",5,1,886,445,441
050,54,011,"West Virginia","Cabell County",5,2,896,484,412
050,54,011,"West Virginia","Cabell County",5,3,1021,527,494
050,54,011,"West Virginia","Cabell County",5,4,1009,528,481
050,54,011,"West Virginia","Cabell County",5,5,979,511,468
050,54,011,"West Virginia","Cabell County",5,6,978,491,487
050,54,011,"West Virginia","Cabell County",5,7,1023,552,471
050,54,011,"West Virginia","Cabell County",5,8,995,523,472
050,54,011,"West Virginia","Cabell County",5,9,1018,516,502
050,54,011,"West Virginia","Cabell County",5,10,1018,520,498
050,54,011,"West Virginia","Cabell County",5,11,1048,557,491
050,54,011,"West Virginia","Cabell County",5,12,1023,515,508
050,54,011,"West Virginia","Cabell County",5,13,1048,544,504
050,54,011,"West Virginia","Cabell County",5,14,1081,566,515
050,54,011,"West Virginia","Cabell County",5,15,1120,591,529
050,54,011,"West Virginia","Cabell County",5,16,1108,564,544
050,54,011,"West Virginia","Cabell County",5,17,1083,579,504
050,54,011,"West Virginia","Cabell County",5,18,1309,645,664
050,54,011,"West Virginia","Cabell County",5,19,1940,935,1005
050,54,011,"West Virginia","Cabell County",5,20,2222,1088,1134
050,54,011,"West Virginia","Cabell County",5,21,2077,972,1105
050,54,011,"West Virginia","Cabell County",5,22,1859,888,971
050,54,011,"West Virginia","Cabell County",5,23,1715,821,894
050,54,011,"West Virginia","Cabell County",5,24,1489,789,700
050,54,011,"West Virginia","Cabell County",5,25,1349,684,665
050,54,011,"West Virginia","Cabell County",5,26,1233,632,601
050,54,011,"West Virginia","Cabell County",5,27,1210,637,573
050,54,011,"West Virginia","Cabell County",5,28,1177,563,614
050,54,011,"West Virginia","Cabell County",5,29,1154,581,573
050,54,011,"West Virginia","Cabell County",5,30,1138,580,558
050,54,011,"West Virginia","Cabell County",5,31,1116,562,554
050,54,011,"West Virginia","Cabell County",5,32,1078,527,551
050,54,011,"West Virginia","Cabell County",5,33,1035,517,518
050,54,011,"West Virginia","Cabell County",5,34,967,472,495
050,54,011,"West Virginia","Cabell County",5,35,947,474,473
050,54,011,"West Virginia","Cabell County",5,36,969,513,456
050,54,011,"West Virginia","Cabell County",5,37,995,517,478
050,54,011,"West Virginia","Cabell County",5,38,1044,527,517
050,54,011,"West Virginia","Cabell County",5,39,1012,507,505
050,54,011,"West Virginia","Cabell County",5,40,1102,560,542
050,54,011,"West Virginia","Cabell County",5,41,1126,557,569
050,54,011,"West Virginia","Cabell County",5,42,1101,568,533
050,54,011,"West Virginia","Cabell County",5,43,1118,563,555
050,54,011,"West Virginia","Cabell County",5,44,1128,548,580
050,54,011,"West Virginia","Cabell County",5,45,1048,519,529
050,54,011,"West Virginia","Cabell County",5,46,994,474,520
050,54,011,"West Virginia","Cabell County",5,47,998,498,500
050,54,011,"West Virginia","Cabell County",5,48,1003,491,512
050,54,011,"West Virginia","Cabell County",5,49,973,468,505
050,54,011,"West Virginia","Cabell County",5,50,1023,508,515
050,54,011,"West Virginia","Cabell County",5,51,1108,573,535
050,54,011,"West Virginia","Cabell County",5,52,1151,569,582
050,54,011,"West Virginia","Cabell County",5,53,1108,569,539
050,54,011,"West Virginia","Cabell County",5,54,1055,525,530
050,54,011,"West Virginia","Cabell County",5,55,978,472,506
050,54,011,"West Virginia","Cabell County",5,56,969,491,478
050,54,011,"West Virginia","Cabell County",5,57,1024,534,490
050,54,011,"West Virginia","Cabell County",5,58,987,499,488
050,54,011,"West Virginia","Cabell County",5,59,1013,480,533
050,54,011,"West Virginia","Cabell County",5,60,1010,498,512
050,54,011,"West Virginia","Cabell County",5,61,1045,477,568
050,54,011,"West Virginia","Cabell County",5,62,1080,509,571
050,54,011,"West Virginia","Cabell County",5,63,1092,522,570
050,54,011,"West Virginia","Cabell County",5,64,1103,537,566
050,54,011,"West Virginia","Cabell County",5,65,1105,518,587
050,54,011,"West Virginia","Cabell County",5,66,1081,503,578
050,54,011,"West Virginia","Cabell County",5,67,1009,485,524
050,54,011,"West Virginia","Cabell County",5,68,1036,475,561
050,54,011,"West Virginia","Cabell County",5,69,1044,462,582
050,54,011,"West Virginia","Cabell County",5,70,1035,469,566
050,54,011,"West Virginia","Cabell County",5,71,1033,465,568
050,54,011,"West Virginia","Cabell County",5,72,977,435,542
050,54,011,"West Virginia","Cabell County",5,73,965,449,516
050,54,011,"West Virginia","Cabell County",5,74,945,401,544
050,54,011,"West Virginia","Cabell County",5,75,939,412,527
050,54,011,"West Virginia","Cabell County",5,76,943,430,513
050,54,011,"West Virginia","Cabell County",5,77,648,283,365
050,54,011,"West Virginia","Cabell County",5,78,630,270,360
050,54,011,"West Virginia","Cabell County",5,79,613,278,335
050,54,011,"West Virginia","Cabell County",5,80,630,282,348
050,54,011,"West Virginia","Cabell County",5,81,515,200,315
050,54,011,"West Virginia","Cabell County",5,82,443,204,239
050,54,011,"West Virginia","Cabell County",5,83,406,182,224
050,54,011,"West Virginia","Cabell County",5,84,367,155,212
050,54,011,"West Virginia","Cabell County",5,85,2123,697,1426
050,54,013,"West Virginia","Calhoun County",1,0,42,22,20
050,54,013,"West Virginia","Calhoun County",1,1,51,26,25
050,54,013,"West Virginia","Calhoun County",1,2,49,22,27
050,54,013,"West Virginia","Calhoun County",1,3,59,31,28
050,54,013,"West Virginia","Calhoun County",1,4,64,38,26
050,54,013,"West Virginia","Calhoun County",1,5,57,23,34
050,54,013,"West Virginia","Calhoun County",1,6,55,22,33
050,54,013,"West Virginia","Calhoun County",1,7,63,30,33
050,54,013,"West Virginia","Calhoun County",1,8,67,35,32
050,54,013,"West Virginia","Calhoun County",1,9,69,33,36
050,54,013,"West Virginia","Calhoun County",1,10,69,35,34
050,54,013,"West Virginia","Calhoun County",1,11,68,37,31
050,54,013,"West Virginia","Calhoun County",1,12,65,28,37
050,54,013,"West Virginia","Calhoun County",1,13,72,28,44
050,54,013,"West Virginia","Calhoun County",1,14,76,36,40
050,54,013,"West Virginia","Calhoun County",1,15,73,38,35
050,54,013,"West Virginia","Calhoun County",1,16,65,32,33
050,54,013,"West Virginia","Calhoun County",1,17,72,36,36
050,54,013,"West Virginia","Calhoun County",1,18,65,30,35
050,54,013,"West Virginia","Calhoun County",1,19,45,22,23
050,54,013,"West Virginia","Calhoun County",1,20,44,22,22
050,54,013,"West Virginia","Calhoun County",1,21,50,22,28
050,54,013,"West Virginia","Calhoun County",1,22,59,28,31
050,54,013,"West Virginia","Calhoun County",1,23,58,31,27
050,54,013,"West Virginia","Calhoun County",1,24,56,26,30
050,54,013,"West Virginia","Calhoun County",1,25,55,29,26
050,54,013,"West Virginia","Calhoun County",1,26,50,23,27
050,54,013,"West Virginia","Calhoun County",1,27,50,24,26
050,54,013,"West Virginia","Calhoun County",1,28,63,38,25
050,54,013,"West Virginia","Calhoun County",1,29,55,29,26
050,54,013,"West Virginia","Calhoun County",1,30,56,27,29
050,54,013,"West Virginia","Calhoun County",1,31,56,27,29
050,54,013,"West Virginia","Calhoun County",1,32,59,30,29
050,54,013,"West Virginia","Calhoun County",1,33,68,38,30
050,54,013,"West Virginia","Calhoun County",1,34,72,40,32
050,54,013,"West Virginia","Calhoun County",1,35,54,27,27
050,54,013,"West Virginia","Calhoun County",1,36,51,24,27
050,54,013,"West Virginia","Calhoun County",1,37,67,34,33
050,54,013,"West Virginia","Calhoun County",1,38,63,34,29
050,54,013,"West Virginia","Calhoun County",1,39,66,40,26
050,54,013,"West Virginia","Calhoun County",1,40,66,38,28
050,54,013,"West Virginia","Calhoun County",1,41,77,40,37
050,54,013,"West Virginia","Calhoun County",1,42,89,44,45
050,54,013,"West Virginia","Calhoun County",1,43,81,36,45
050,54,013,"West Virginia","Calhoun County",1,44,74,34,40
050,54,013,"West Virginia","Calhoun County",1,45,72,39,33
050,54,013,"West Virginia","Calhoun County",1,46,67,36,31
050,54,013,"West Virginia","Calhoun County",1,47,77,38,39
050,54,013,"West Virginia","Calhoun County",1,48,74,40,34
050,54,013,"West Virginia","Calhoun County",1,49,73,37,36
050,54,013,"West Virginia","Calhoun County",1,50,87,39,48
050,54,013,"West Virginia","Calhoun County",1,51,83,41,42
050,54,013,"West Virginia","Calhoun County",1,52,83,43,40
050,54,013,"West Virginia","Calhoun County",1,53,80,39,41
050,54,013,"West Virginia","Calhoun County",1,54,101,54,47
050,54,013,"West Virginia","Calhoun County",1,55,115,49,66
050,54,013,"West Virginia","Calhoun County",1,56,114,58,56
050,54,013,"West Virginia","Calhoun County",1,57,102,52,50
050,54,013,"West Virginia","Calhoun County",1,58,97,48,49
050,54,013,"West Virginia","Calhoun County",1,59,110,54,56
050,54,013,"West Virginia","Calhoun County",1,60,101,57,44
050,54,013,"West Virginia","Calhoun County",1,61,103,63,40
050,54,013,"West Virginia","Calhoun County",1,62,115,56,59
050,54,013,"West Virginia","Calhoun County",1,63,114,55,59
050,54,013,"West Virginia","Calhoun County",1,64,96,46,50
050,54,013,"West Virginia","Calhoun County",1,65,109,55,54
050,54,013,"West Virginia","Calhoun County",1,66,110,56,54
050,54,013,"West Virginia","Calhoun County",1,67,99,49,50
050,54,013,"West Virginia","Calhoun County",1,68,96,50,46
050,54,013,"West Virginia","Calhoun County",1,69,97,48,49
050,54,013,"West Virginia","Calhoun County",1,70,100,48,52
050,54,013,"West Virginia","Calhoun County",1,71,101,56,45
050,54,013,"West Virginia","Calhoun County",1,72,104,52,52
050,54,013,"West Virginia","Calhoun County",1,73,104,60,44
050,54,013,"West Virginia","Calhoun County",1,74,61,33,28
050,54,013,"West Virginia","Calhoun County",1,75,62,35,27
050,54,013,"West Virginia","Calhoun County",1,76,58,29,29
050,54,013,"West Virginia","Calhoun County",1,77,55,30,25
050,54,013,"West Virginia","Calhoun County",1,78,46,20,26
050,54,013,"West Virginia","Calhoun County",1,79,49,22,27
050,54,013,"West Virginia","Calhoun County",1,80,35,21,14
050,54,013,"West Virginia","Calhoun County",1,81,42,22,20
050,54,013,"West Virginia","Calhoun County",1,82,39,15,24
050,54,013,"West Virginia","Calhoun County",1,83,28,13,15
050,54,013,"West Virginia","Calhoun County",1,84,32,14,18
050,54,013,"West Virginia","Calhoun County",1,85,151,60,91
050,54,013,"West Virginia","Calhoun County",2,0,46,24,22
050,54,013,"West Virginia","Calhoun County",2,1,48,24,24
050,54,013,"West Virginia","Calhoun County",2,2,50,23,27
050,54,013,"West Virginia","Calhoun County",2,3,57,30,27
050,54,013,"West Virginia","Calhoun County",2,4,62,36,26
050,54,013,"West Virginia","Calhoun County",2,5,57,26,31
050,54,013,"West Virginia","Calhoun County",2,6,56,22,34
050,54,013,"West Virginia","Calhoun County",2,7,61,28,33
050,54,013,"West Virginia","Calhoun County",2,8,66,34,32
050,54,013,"West Virginia","Calhoun County",2,9,69,33,36
050,54,013,"West Virginia","Calhoun County",2,10,70,35,35
050,54,013,"West Virginia","Calhoun County",2,11,66,35,31
050,54,013,"West Virginia","Calhoun County",2,12,64,29,35
050,54,013,"West Virginia","Calhoun County",2,13,70,27,43
050,54,013,"West Virginia","Calhoun County",2,14,74,33,41
050,54,013,"West Virginia","Calhoun County",2,15,72,36,36
050,54,013,"West Virginia","Calhoun County",2,16,68,34,34
050,54,013,"West Virginia","Calhoun County",2,17,72,35,37
050,54,013,"West Virginia","Calhoun County",2,18,62,30,32
050,54,013,"West Virginia","Calhoun County",2,19,47,23,24
050,54,013,"West Virginia","Calhoun County",2,20,45,22,23
050,54,013,"West Virginia","Calhoun County",2,21,49,22,27
050,54,013,"West Virginia","Calhoun County",2,22,58,27,31
050,54,013,"West Virginia","Calhoun County",2,23,59,31,28
050,54,013,"West Virginia","Calhoun County",2,24,56,27,29
050,54,013,"West Virginia","Calhoun County",2,25,55,28,27
050,54,013,"West Virginia","Calhoun County",2,26,51,24,27
050,54,013,"West Virginia","Calhoun County",2,27,50,24,26
050,54,013,"West Virginia","Calhoun County",2,28,59,34,25
050,54,013,"West Virginia","Calhoun County",2,29,57,31,26
050,54,013,"West Virginia","Calhoun County",2,30,57,28,29
050,54,013,"West Virginia","Calhoun County",2,31,55,27,28
050,54,013,"West Virginia","Calhoun County",2,32,57,29,28
050,54,013,"West Virginia","Calhoun County",2,33,67,37,30
050,54,013,"West Virginia","Calhoun County",2,34,70,38,32
050,54,013,"West Virginia","Calhoun County",2,35,59,30,29
050,54,013,"West Virginia","Calhoun County",2,36,50,24,26
050,54,013,"West Virginia","Calhoun County",2,37,64,32,32
050,54,013,"West Virginia","Calhoun County",2,38,63,33,30
050,54,013,"West Virginia","Calhoun County",2,39,64,38,26
050,54,013,"West Virginia","Calhoun County",2,40,66,39,27
050,54,013,"West Virginia","Calhoun County",2,41,74,39,35
050,54,013,"West Virginia","Calhoun County",2,42,86,43,43
050,54,013,"West Virginia","Calhoun County",2,43,84,38,46
050,54,013,"West Virginia","Calhoun County",2,44,75,35,40
050,54,013,"West Virginia","Calhoun County",2,45,74,39,35
050,54,013,"West Virginia","Calhoun County",2,46,69,37,32
050,54,013,"West Virginia","Calhoun County",2,47,73,36,37
050,54,013,"West Virginia","Calhoun County",2,48,72,37,35
050,54,013,"West Virginia","Calhoun County",2,49,73,37,36
050,54,013,"West Virginia","Calhoun County",2,50,83,38,45
050,54,013,"West Virginia","Calhoun County",2,51,84,41,43
050,54,013,"West Virginia","Calhoun County",2,52,83,42,41
050,54,013,"West Virginia","Calhoun County",2,53,81,40,41
050,54,013,"West Virginia","Calhoun County",2,54,95,49,46
050,54,013,"West Virginia","Calhoun County",2,55,110,49,61
050,54,013,"West Virginia","Calhoun County",2,56,115,56,59
050,54,013,"West Virginia","Calhoun County",2,57,105,54,51
050,54,013,"West Virginia","Calhoun County",2,58,98,49,49
050,54,013,"West Virginia","Calhoun County",2,59,108,54,54
050,54,013,"West Virginia","Calhoun County",2,60,103,56,47
050,54,013,"West Virginia","Calhoun County",2,61,102,61,41
050,54,013,"West Virginia","Calhoun County",2,62,112,58,54
050,54,013,"West Virginia","Calhoun County",2,63,114,56,58
050,54,013,"West Virginia","Calhoun County",2,64,99,48,51
050,54,013,"West Virginia","Calhoun County",2,65,105,52,53
050,54,013,"West Virginia","Calhoun County",2,66,109,55,54
050,54,013,"West Virginia","Calhoun County",2,67,102,51,51
050,54,013,"West Virginia","Calhoun County",2,68,94,48,46
050,54,013,"West Virginia","Calhoun County",2,69,97,49,48
050,54,013,"West Virginia","Calhoun County",2,70,97,47,50
050,54,013,"West Virginia","Calhoun County",2,71,100,54,46
050,54,013,"West Virginia","Calhoun County",2,72,101,51,50
050,54,013,"West Virginia","Calhoun County",2,73,108,60,48
050,54,013,"West Virginia","Calhoun County",2,74,67,37,30
050,54,013,"West Virginia","Calhoun County",2,75,61,35,26
050,54,013,"West Virginia","Calhoun County",2,76,57,29,28
050,54,013,"West Virginia","Calhoun County",2,77,56,30,26
050,54,013,"West Virginia","Calhoun County",2,78,47,22,25
050,54,013,"West Virginia","Calhoun County",2,79,47,21,26
050,54,013,"West Virginia","Calhoun County",2,80,38,21,17
050,54,013,"West Virginia","Calhoun County",2,81,39,20,19
050,54,013,"West Virginia","Calhoun County",2,82,40,17,23
050,54,013,"West Virginia","Calhoun County",2,83,30,13,17
050,54,013,"West Virginia","Calhoun County",2,84,31,14,17
050,54,013,"West Virginia","Calhoun County",2,85,153,62,91
050,54,013,"West Virginia","Calhoun County",3,0,55,24,31
050,54,013,"West Virginia","Calhoun County",3,1,44,22,22
050,54,013,"West Virginia","Calhoun County",3,2,49,24,25
050,54,013,"West Virginia","Calhoun County",3,3,52,24,28
050,54,013,"West Virginia","Calhoun County",3,4,58,30,28
050,54,013,"West Virginia","Calhoun County",3,5,61,35,26
050,54,013,"West Virginia","Calhoun County",3,6,61,28,33
050,54,013,"West Virginia","Calhoun County",3,7,61,23,38
050,54,013,"West Virginia","Calhoun County",3,8,64,29,35
050,54,013,"West Virginia","Calhoun County",3,9,63,31,32
050,54,013,"West Virginia","Calhoun County",3,10,73,35,38
050,54,013,"West Virginia","Calhoun County",3,11,72,38,34
050,54,013,"West Virginia","Calhoun County",3,12,69,35,34
050,54,013,"West Virginia","Calhoun County",3,13,66,31,35
050,54,013,"West Virginia","Calhoun County",3,14,67,27,40
050,54,013,"West Virginia","Calhoun County",3,15,78,34,44
050,54,013,"West Virginia","Calhoun County",3,16,72,35,37
050,54,013,"West Virginia","Calhoun County",3,17,68,36,32
050,54,013,"West Virginia","Calhoun County",3,18,60,32,28
050,54,013,"West Virginia","Calhoun County",3,19,54,26,28
050,54,013,"West Virginia","Calhoun County",3,20,50,23,27
050,54,013,"West Virginia","Calhoun County",3,21,39,22,17
050,54,013,"West Virginia","Calhoun County",3,22,51,24,27
050,54,013,"West Virginia","Calhoun County",3,23,53,25,28
050,54,013,"West Virginia","Calhoun County",3,24,60,33,27
050,54,013,"West Virginia","Calhoun County",3,25,58,28,30
050,54,013,"West Virginia","Calhoun County",3,26,55,26,29
050,54,013,"West Virginia","Calhoun County",3,27,53,26,27
050,54,013,"West Virginia","Calhoun County",3,28,48,25,23
050,54,013,"West Virginia","Calhoun County",3,29,62,32,30
050,54,013,"West Virginia","Calhoun County",3,30,57,32,25
050,54,013,"West Virginia","Calhoun County",3,31,56,27,29
050,54,013,"West Virginia","Calhoun County",3,32,54,25,29
050,54,013,"West Virginia","Calhoun County",3,33,54,26,28
050,54,013,"West Virginia","Calhoun County",3,34,69,37,32
050,54,013,"West Virginia","Calhoun County",3,35,73,38,35
050,54,013,"West Virginia","Calhoun County",3,36,59,30,29
050,54,013,"West Virginia","Calhoun County",3,37,53,23,30
050,54,013,"West Virginia","Calhoun County",3,38,67,35,32
050,54,013,"West Virginia","Calhoun County",3,39,63,32,31
050,54,013,"West Virginia","Calhoun County",3,40,68,40,28
050,54,013,"West Virginia","Calhoun County",3,41,71,42,29
050,54,013,"West Virginia","Calhoun County",3,42,76,40,36
050,54,013,"West Virginia","Calhoun County",3,43,86,43,43
050,54,013,"West Virginia","Calhoun County",3,44,83,38,45
050,54,013,"West Virginia","Calhoun County",3,45,73,35,38
050,54,013,"West Virginia","Calhoun County",3,46,72,38,34
050,54,013,"West Virginia","Calhoun County",3,47,72,41,31
050,54,013,"West Virginia","Calhoun County",3,48,69,33,36
050,54,013,"West Virginia","Calhoun County",3,49,70,35,35
050,54,013,"West Virginia","Calhoun County",3,50,75,38,37
050,54,013,"West Virginia","Calhoun County",3,51,76,35,41
050,54,013,"West Virginia","Calhoun County",3,52,86,40,46
050,54,013,"West Virginia","Calhoun County",3,53,81,40,41
050,54,013,"West Virginia","Calhoun County",3,54,79,38,41
050,54,013,"West Virginia","Calhoun County",3,55,93,47,46
050,54,013,"West Virginia","Calhoun County",3,56,108,50,58
050,54,013,"West Virginia","Calhoun County",3,57,118,58,60
050,54,013,"West Virginia","Calhoun County",3,58,106,55,51
050,54,013,"West Virginia","Calhoun County",3,59,97,48,49
050,54,013,"West Virginia","Calhoun County",3,60,111,56,55
050,54,013,"West Virginia","Calhoun County",3,61,98,57,41
050,54,013,"West Virginia","Calhoun County",3,62,96,58,38
050,54,013,"West Virginia","Calhoun County",3,63,105,56,49
050,54,013,"West Virginia","Calhoun County",3,64,113,54,59
050,54,013,"West Virginia","Calhoun County",3,65,95,44,51
050,54,013,"West Virginia","Calhoun County",3,66,104,49,55
050,54,013,"West Virginia","Calhoun County",3,67,103,50,53
050,54,013,"West Virginia","Calhoun County",3,68,97,48,49
050,54,013,"West Virginia","Calhoun County",3,69,90,45,45
050,54,013,"West Virginia","Calhoun County",3,70,97,48,49
050,54,013,"West Virginia","Calhoun County",3,71,100,47,53
050,54,013,"West Virginia","Calhoun County",3,72,102,55,47
050,54,013,"West Virginia","Calhoun County",3,73,97,46,51
050,54,013,"West Virginia","Calhoun County",3,74,102,58,44
050,54,013,"West Virginia","Calhoun County",3,75,63,34,29
050,54,013,"West Virginia","Calhoun County",3,76,54,32,22
050,54,013,"West Virginia","Calhoun County",3,77,55,29,26
050,54,013,"West Virginia","Calhoun County",3,78,58,30,28
050,54,013,"West Virginia","Calhoun County",3,79,50,23,27
050,54,013,"West Virginia","Calhoun County",3,80,47,21,26
050,54,013,"West Virginia","Calhoun County",3,81,35,21,14
050,54,013,"West Virginia","Calhoun County",3,82,34,18,16
050,54,013,"West Virginia","Calhoun County",3,83,36,14,22
050,54,013,"West Virginia","Calhoun County",3,84,28,14,14
050,54,013,"West Virginia","Calhoun County",3,85,163,66,97
050,54,013,"West Virginia","Calhoun County",4,0,59,23,36
050,54,013,"West Virginia","Calhoun County",4,1,58,25,33
050,54,013,"West Virginia","Calhoun County",4,2,49,22,27
050,54,013,"West Virginia","Calhoun County",4,3,48,24,24
050,54,013,"West Virginia","Calhoun County",4,4,54,25,29
050,54,013,"West Virginia","Calhoun County",4,5,57,29,28
050,54,013,"West Virginia","Calhoun County",4,6,59,34,25
050,54,013,"West Virginia","Calhoun County",4,7,59,28,31
050,54,013,"West Virginia","Calhoun County",4,8,60,25,35
050,54,013,"West Virginia","Calhoun County",4,9,60,26,34
050,54,013,"West Virginia","Calhoun County",4,10,67,34,33
050,54,013,"West Virginia","Calhoun County",4,11,72,35,37
050,54,013,"West Virginia","Calhoun County",4,12,72,38,34
050,54,013,"West Virginia","Calhoun County",4,13,65,35,30
050,54,013,"West Virginia","Calhoun County",4,14,61,28,33
050,54,013,"West Virginia","Calhoun County",4,15,63,26,37
050,54,013,"West Virginia","Calhoun County",4,16,74,33,41
050,54,013,"West Virginia","Calhoun County",4,17,68,34,34
050,54,013,"West Virginia","Calhoun County",4,18,54,28,26
050,54,013,"West Virginia","Calhoun County",4,19,43,23,20
050,54,013,"West Virginia","Calhoun County",4,20,55,29,26
050,54,013,"West Virginia","Calhoun County",4,21,51,23,28
050,54,013,"West Virginia","Calhoun County",4,22,51,28,23
050,54,013,"West Virginia","Calhoun County",4,23,56,27,29
050,54,013,"West Virginia","Calhoun County",4,24,57,27,30
050,54,013,"West Virginia","Calhoun County",4,25,52,27,25
050,54,013,"West Virginia","Calhoun County",4,26,61,28,33
050,54,013,"West Virginia","Calhoun County",4,27,55,26,29
050,54,013,"West Virginia","Calhoun County",4,28,57,27,30
050,54,013,"West Virginia","Calhoun County",4,29,46,26,20
050,54,013,"West Virginia","Calhoun County",4,30,59,32,27
050,54,013,"West Virginia","Calhoun County",4,31,58,30,28
050,54,013,"West Virginia","Calhoun County",4,32,54,27,27
050,54,013,"West Virginia","Calhoun County",4,33,57,29,28
050,54,013,"West Virginia","Calhoun County",4,34,52,27,25
050,54,013,"West Virginia","Calhoun County",4,35,70,37,33
050,54,013,"West Virginia","Calhoun County",4,36,71,38,33
050,54,013,"West Virginia","Calhoun County",4,37,59,30,29
050,54,013,"West Virginia","Calhoun County",4,38,55,26,29
050,54,013,"West Virginia","Calhoun County",4,39,69,35,34
050,54,013,"West Virginia","Calhoun County",4,40,64,32,32
050,54,013,"West Virginia","Calhoun County",4,41,72,42,30
050,54,013,"West Virginia","Calhoun County",4,42,71,41,30
050,54,013,"West Virginia","Calhoun County",4,43,71,38,33
050,54,013,"West Virginia","Calhoun County",4,44,87,46,41
050,54,013,"West Virginia","Calhoun County",4,45,81,37,44
050,54,013,"West Virginia","Calhoun County",4,46,72,34,38
050,54,013,"West Virginia","Calhoun County",4,47,70,36,34
050,54,013,"West Virginia","Calhoun County",4,48,70,40,30
050,54,013,"West Virginia","Calhoun County",4,49,69,32,37
050,54,013,"West Virginia","Calhoun County",4,50,67,33,34
050,54,013,"West Virginia","Calhoun County",4,51,73,36,37
050,54,013,"West Virginia","Calhoun County",4,52,76,34,42
050,54,013,"West Virginia","Calhoun County",4,53,88,41,47
050,54,013,"West Virginia","Calhoun County",4,54,79,38,41
050,54,013,"West Virginia","Calhoun County",4,55,79,38,41
050,54,013,"West Virginia","Calhoun County",4,56,92,46,46
050,54,013,"West Virginia","Calhoun County",4,57,108,52,56
050,54,013,"West Virginia","Calhoun County",4,58,117,58,59
050,54,013,"West Virginia","Calhoun County",4,59,103,52,51
050,54,013,"West Virginia","Calhoun County",4,60,94,45,49
050,54,013,"West Virginia","Calhoun County",4,61,108,56,52
050,54,013,"West Virginia","Calhoun County",4,62,95,56,39
050,54,013,"West Virginia","Calhoun County",4,63,95,56,39
050,54,013,"West Virginia","Calhoun County",4,64,105,58,47
050,54,013,"West Virginia","Calhoun County",4,65,106,50,56
050,54,013,"West Virginia","Calhoun County",4,66,96,44,52
050,54,013,"West Virginia","Calhoun County",4,67,105,48,57
050,54,013,"West Virginia","Calhoun County",4,68,103,48,55
050,54,013,"West Virginia","Calhoun County",4,69,97,48,49
050,54,013,"West Virginia","Calhoun County",4,70,85,44,41
050,54,013,"West Virginia","Calhoun County",4,71,93,48,45
050,54,013,"West Virginia","Calhoun County",4,72,98,45,53
050,54,013,"West Virginia","Calhoun County",4,73,95,51,44
050,54,013,"West Virginia","Calhoun County",4,74,91,46,45
050,54,013,"West Virginia","Calhoun County",4,75,94,55,39
050,54,013,"West Virginia","Calhoun County",4,76,64,34,30
050,54,013,"West Virginia","Calhoun County",4,77,50,30,20
050,54,013,"West Virginia","Calhoun County",4,78,53,27,26
050,54,013,"West Virginia","Calhoun County",4,79,52,25,27
050,54,013,"West Virginia","Calhoun County",4,80,45,19,26
050,54,013,"West Virginia","Calhoun County",4,81,44,20,24
050,54,013,"West Virginia","Calhoun County",4,82,33,19,14
050,54,013,"West Virginia","Calhoun County",4,83,26,13,13
050,54,013,"West Virginia","Calhoun County",4,84,30,14,16
050,54,013,"West Virginia","Calhoun County",4,85,156,64,92
050,54,013,"West Virginia","Calhoun County",5,0,59,23,36
050,54,013,"West Virginia","Calhoun County",5,1,58,20,38
050,54,013,"West Virginia","Calhoun County",5,2,53,24,29
050,54,013,"West Virginia","Calhoun County",5,3,47,24,23
050,54,013,"West Virginia","Calhoun County",5,4,50,25,25
050,54,013,"West Virginia","Calhoun County",5,5,52,27,25
050,54,013,"West Virginia","Calhoun County",5,6,57,29,28
050,54,013,"West Virginia","Calhoun County",5,7,59,34,25
050,54,013,"West Virginia","Calhoun County",5,8,56,30,26
050,54,013,"West Virginia","Calhoun County",5,9,60,24,36
050,54,013,"West Virginia","Calhoun County",5,10,61,27,34
050,54,013,"West Virginia","Calhoun County",5,11,65,33,32
050,54,013,"West Virginia","Calhoun County",5,12,72,36,36
050,54,013,"West Virginia","Calhoun County",5,13,75,39,36
050,54,013,"West Virginia","Calhoun County",5,14,67,35,32
050,54,013,"West Virginia","Calhoun County",5,15,61,28,33
050,54,013,"West Virginia","Calhoun County",5,16,63,27,36
050,54,013,"West Virginia","Calhoun County",5,17,73,33,40
050,54,013,"West Virginia","Calhoun County",5,18,61,31,30
050,54,013,"West Virginia","Calhoun County",5,19,39,21,18
050,54,013,"West Virginia","Calhoun County",5,20,42,24,18
050,54,013,"West Virginia","Calhoun County",5,21,57,30,27
050,54,013,"West Virginia","Calhoun County",5,22,55,26,29
050,54,013,"West Virginia","Calhoun County",5,23,49,26,23
050,54,013,"West Virginia","Calhoun County",5,24,54,24,30
050,54,013,"West Virginia","Calhoun County",5,25,61,27,34
050,54,013,"West Virginia","Calhoun County",5,26,55,29,26
050,54,013,"West Virginia","Calhoun County",5,27,53,25,28
050,54,013,"West Virginia","Calhoun County",5,28,56,30,26
050,54,013,"West Virginia","Calhoun County",5,29,50,23,27
050,54,013,"West Virginia","Calhoun County",5,30,41,22,19
050,54,013,"West Virginia","Calhoun County",5,31,57,30,27
050,54,013,"West Virginia","Calhoun County",5,32,53,26,27
050,54,013,"West Virginia","Calhoun County",5,33,56,27,29
050,54,013,"West Virginia","Calhoun County",5,34,62,28,34
050,54,013,"West Virginia","Calhoun County",5,35,54,28,26
050,54,013,"West Virginia","Calhoun County",5,36,68,35,33
050,54,013,"West Virginia","Calhoun County",5,37,66,35,31
050,54,013,"West Virginia","Calhoun County",5,38,58,30,28
050,54,013,"West Virginia","Calhoun County",5,39,56,27,29
050,54,013,"West Virginia","Calhoun County",5,40,73,35,38
050,54,013,"West Virginia","Calhoun County",5,41,62,30,32
050,54,013,"West Virginia","Calhoun County",5,42,65,35,30
050,54,013,"West Virginia","Calhoun County",5,43,73,42,31
050,54,013,"West Virginia","Calhoun County",5,44,73,40,33
050,54,013,"West Virginia","Calhoun County",5,45,86,47,39
050,54,013,"West Virginia","Calhoun County",5,46,78,35,43
050,54,013,"West Virginia","Calhoun County",5,47,71,34,37
050,54,013,"West Virginia","Calhoun County",5,48,73,38,35
050,54,013,"West Virginia","Calhoun County",5,49,74,44,30
050,54,013,"West Virginia","Calhoun County",5,50,64,30,34
050,54,013,"West Virginia","Calhoun County",5,51,68,34,34
050,54,013,"West Virginia","Calhoun County",5,52,72,35,37
050,54,013,"West Virginia","Calhoun County",5,53,76,32,44
050,54,013,"West Virginia","Calhoun County",5,54,90,40,50
050,54,013,"West Virginia","Calhoun County",5,55,77,38,39
050,54,013,"West Virginia","Calhoun County",5,56,80,38,42
050,54,013,"West Virginia","Calhoun County",5,57,87,45,42
050,54,013,"West Virginia","Calhoun County",5,58,107,49,58
050,54,013,"West Virginia","Calhoun County",5,59,118,59,59
050,54,013,"West Virginia","Calhoun County",5,60,102,51,51
050,54,013,"West Virginia","Calhoun County",5,61,91,43,48
050,54,013,"West Virginia","Calhoun County",5,62,108,56,52
050,54,013,"West Virginia","Calhoun County",5,63,92,56,36
050,54,013,"West Virginia","Calhoun County",5,64,94,56,38
050,54,013,"West Virginia","Calhoun County",5,65,99,54,45
050,54,013,"West Virginia","Calhoun County",5,66,98,45,53
050,54,013,"West Virginia","Calhoun County",5,67,91,40,51
050,54,013,"West Virginia","Calhoun County",5,68,106,47,59
050,54,013,"West Virginia","Calhoun County",5,69,101,45,56
050,54,013,"West Virginia","Calhoun County",5,70,95,45,50
050,54,013,"West Virginia","Calhoun County",5,71,83,42,41
050,54,013,"West Virginia","Calhoun County",5,72,93,50,43
050,54,013,"West Virginia","Calhoun County",5,73,97,44,53
050,54,013,"West Virginia","Calhoun County",5,74,89,51,38
050,54,013,"West Virginia","Calhoun County",5,75,88,46,42
050,54,013,"West Virginia","Calhoun County",5,76,95,55,40
050,54,013,"West Virginia","Calhoun County",5,77,62,35,27
050,54,013,"West Virginia","Calhoun County",5,78,48,28,20
050,54,013,"West Virginia","Calhoun County",5,79,45,20,25
050,54,013,"West Virginia","Calhoun County",5,80,49,23,26
050,54,013,"West Virginia","Calhoun County",5,81,43,18,25
050,54,013,"West Virginia","Calhoun County",5,82,42,18,24
050,54,013,"West Virginia","Calhoun County",5,83,24,14,10
050,54,013,"West Virginia","Calhoun County",5,84,17,12,5
050,54,013,"West Virginia","Calhoun County",5,85,149,61,88
050,54,015,"West Virginia","Clay County",1,0,82,41,41
050,54,015,"West Virginia","Clay County",1,1,80,42,38
050,54,015,"West Virginia","Clay County",1,2,81,43,38
050,54,015,"West Virginia","Clay County",1,3,75,42,33
050,54,015,"West Virginia","Clay County",1,4,97,50,47
050,54,015,"West Virginia","Clay County",1,5,102,55,47
050,54,015,"West Virginia","Clay County",1,6,87,53,34
050,54,015,"West Virginia","Clay County",1,7,91,52,39
050,54,015,"West Virginia","Clay County",1,8,89,53,36
050,54,015,"West Virginia","Clay County",1,9,113,56,57
050,54,015,"West Virginia","Clay County",1,10,115,55,60
050,54,015,"West Virginia","Clay County",1,11,113,64,49
050,54,015,"West Virginia","Clay County",1,12,123,74,49
050,54,015,"West Virginia","Clay County",1,13,110,55,55
050,54,015,"West Virginia","Clay County",1,14,99,50,49
050,54,015,"West Virginia","Clay County",1,15,101,52,49
050,54,015,"West Virginia","Clay County",1,16,126,68,58
050,54,015,"West Virginia","Clay County",1,17,116,59,57
050,54,015,"West Virginia","Clay County",1,18,92,54,38
050,54,015,"West Virginia","Clay County",1,19,62,33,29
050,54,015,"West Virginia","Clay County",1,20,75,39,36
050,54,015,"West Virginia","Clay County",1,21,66,34,32
050,54,015,"West Virginia","Clay County",1,22,66,33,33
050,54,015,"West Virginia","Clay County",1,23,74,34,40
050,54,015,"West Virginia","Clay County",1,24,82,39,43
050,54,015,"West Virginia","Clay County",1,25,81,39,42
050,54,015,"West Virginia","Clay County",1,26,70,36,34
050,54,015,"West Virginia","Clay County",1,27,76,39,37
050,54,015,"West Virginia","Clay County",1,28,81,47,34
050,54,015,"West Virginia","Clay County",1,29,92,51,41
050,54,015,"West Virginia","Clay County",1,30,92,46,46
050,54,015,"West Virginia","Clay County",1,31,76,35,41
050,54,015,"West Virginia","Clay County",1,32,65,27,38
050,54,015,"West Virginia","Clay County",1,33,76,39,37
050,54,015,"West Virginia","Clay County",1,34,74,40,34
050,54,015,"West Virginia","Clay County",1,35,68,32,36
050,54,015,"West Virginia","Clay County",1,36,81,36,45
050,54,015,"West Virginia","Clay County",1,37,89,48,41
050,54,015,"West Virginia","Clay County",1,38,89,46,43
050,54,015,"West Virginia","Clay County",1,39,98,56,42
050,54,015,"West Virginia","Clay County",1,40,93,51,42
050,54,015,"West Virginia","Clay County",1,41,108,52,56
050,54,015,"West Virginia","Clay County",1,42,100,39,61
050,54,015,"West Virginia","Clay County",1,43,99,43,56
050,54,015,"West Virginia","Clay County",1,44,91,43,48
050,54,015,"West Virginia","Clay County",1,45,94,47,47
050,54,015,"West Virginia","Clay County",1,46,105,56,49
050,54,015,"West Virginia","Clay County",1,47,101,49,52
050,54,015,"West Virginia","Clay County",1,48,103,47,56
050,54,015,"West Virginia","Clay County",1,49,114,51,63
050,54,015,"West Virginia","Clay County",1,50,99,51,48
050,54,015,"West Virginia","Clay County",1,51,86,38,48
050,54,015,"West Virginia","Clay County",1,52,105,58,47
050,54,015,"West Virginia","Clay County",1,53,122,67,55
050,54,015,"West Virginia","Clay County",1,54,113,54,59
050,54,015,"West Virginia","Clay County",1,55,122,58,64
050,54,015,"West Virginia","Clay County",1,56,115,56,59
050,54,015,"West Virginia","Clay County",1,57,124,56,68
050,54,015,"West Virginia","Clay County",1,58,116,55,61
050,54,015,"West Virginia","Clay County",1,59,124,65,59
050,54,015,"West Virginia","Clay County",1,60,136,64,72
050,54,015,"West Virginia","Clay County",1,61,130,61,69
050,54,015,"West Virginia","Clay County",1,62,129,69,60
050,54,015,"West Virginia","Clay County",1,63,148,84,64
050,54,015,"West Virginia","Clay County",1,64,135,76,59
050,54,015,"West Virginia","Clay County",1,65,117,63,54
050,54,015,"West Virginia","Clay County",1,66,125,72,53
050,54,015,"West Virginia","Clay County",1,67,111,54,57
050,54,015,"West Virginia","Clay County",1,68,114,51,63
050,54,015,"West Virginia","Clay County",1,69,104,53,51
050,54,015,"West Virginia","Clay County",1,70,96,52,44
050,54,015,"West Virginia","Clay County",1,71,101,53,48
050,54,015,"West Virginia","Clay County",1,72,108,56,52
050,54,015,"West Virginia","Clay County",1,73,100,57,43
050,54,015,"West Virginia","Clay County",1,74,64,33,31
050,54,015,"West Virginia","Clay County",1,75,58,26,32
050,54,015,"West Virginia","Clay County",1,76,72,36,36
050,54,015,"West Virginia","Clay County",1,77,68,37,31
050,54,015,"West Virginia","Clay County",1,78,56,29,27
050,54,015,"West Virginia","Clay County",1,79,64,35,29
050,54,015,"West Virginia","Clay County",1,80,51,30,21
050,54,015,"West Virginia","Clay County",1,81,39,17,22
050,54,015,"West Virginia","Clay County",1,82,42,19,23
050,54,015,"West Virginia","Clay County",1,83,30,15,15
050,54,015,"West Virginia","Clay County",1,84,31,17,14
050,54,015,"West Virginia","Clay County",1,85,159,57,102
050,54,015,"West Virginia","Clay County",2,0,78,38,40
050,54,015,"West Virginia","Clay County",2,1,80,41,39
050,54,015,"West Virginia","Clay County",2,2,81,43,38
050,54,015,"West Virginia","Clay County",2,3,76,42,34
050,54,015,"West Virginia","Clay County",2,4,92,49,43
050,54,015,"West Virginia","Clay County",2,5,99,53,46
050,54,015,"West Virginia","Clay County",2,6,89,52,37
050,54,015,"West Virginia","Clay County",2,7,90,52,38
050,54,015,"West Virginia","Clay County",2,8,89,53,36
050,54,015,"West Virginia","Clay County",2,9,107,56,51
050,54,015,"West Virginia","Clay County",2,10,114,55,59
050,54,015,"West Virginia","Clay County",2,11,111,61,50
050,54,015,"West Virginia","Clay County",2,12,121,72,49
050,54,015,"West Virginia","Clay County",2,13,113,59,54
050,54,015,"West Virginia","Clay County",2,14,102,51,51
050,54,015,"West Virginia","Clay County",2,15,100,52,48
050,54,015,"West Virginia","Clay County",2,16,119,64,55
050,54,015,"West Virginia","Clay County",2,17,118,62,56
050,54,015,"West Virginia","Clay County",2,18,93,53,40
050,54,015,"West Virginia","Clay County",2,19,63,34,29
050,54,015,"West Virginia","Clay County",2,20,74,38,36
050,54,015,"West Virginia","Clay County",2,21,66,34,32
050,54,015,"West Virginia","Clay County",2,22,66,33,33
050,54,015,"West Virginia","Clay County",2,23,72,33,39
050,54,015,"West Virginia","Clay County",2,24,81,38,43
050,54,015,"West Virginia","Clay County",2,25,81,40,41
050,54,015,"West Virginia","Clay County",2,26,72,36,36
050,54,015,"West Virginia","Clay County",2,27,73,37,36
050,54,015,"West Virginia","Clay County",2,28,79,45,34
050,54,015,"West Virginia","Clay County",2,29,89,49,40
050,54,015,"West Virginia","Clay County",2,30,92,47,45
050,54,015,"West Virginia","Clay County",2,31,77,36,41
050,54,015,"West Virginia","Clay County",2,32,69,30,39
050,54,015,"West Virginia","Clay County",2,33,73,36,37
050,54,015,"West Virginia","Clay County",2,34,74,40,34
050,54,015,"West Virginia","Clay County",2,35,70,35,35
050,54,015,"West Virginia","Clay County",2,36,79,36,43
050,54,015,"West Virginia","Clay County",2,37,87,45,42
050,54,015,"West Virginia","Clay County",2,38,88,46,42
050,54,015,"West Virginia","Clay County",2,39,95,53,42
050,54,015,"West Virginia","Clay County",2,40,94,52,42
050,54,015,"West Virginia","Clay County",2,41,104,51,53
050,54,015,"West Virginia","Clay County",2,42,101,42,59
050,54,015,"West Virginia","Clay County",2,43,100,43,57
050,54,015,"West Virginia","Clay County",2,44,92,42,50
050,54,015,"West Virginia","Clay County",2,45,94,46,48
050,54,015,"West Virginia","Clay County",2,46,101,53,48
050,54,015,"West Virginia","Clay County",2,47,101,50,51
050,54,015,"West Virginia","Clay County",2,48,101,46,55
050,54,015,"West Virginia","Clay County",2,49,112,51,61
050,54,015,"West Virginia","Clay County",2,50,102,51,51
050,54,015,"West Virginia","Clay County",2,51,89,41,48
050,54,015,"West Virginia","Clay County",2,52,101,53,48
050,54,015,"West Virginia","Clay County",2,53,118,65,53
050,54,015,"West Virginia","Clay County",2,54,114,56,58
050,54,015,"West Virginia","Clay County",2,55,120,57,63
050,54,015,"West Virginia","Clay County",2,56,117,56,61
050,54,015,"West Virginia","Clay County",2,57,121,56,65
050,54,015,"West Virginia","Clay County",2,58,116,54,62
050,54,015,"West Virginia","Clay County",2,59,123,63,60
050,54,015,"West Virginia","Clay County",2,60,130,62,68
050,54,015,"West Virginia","Clay County",2,61,130,60,70
050,54,015,"West Virginia","Clay County",2,62,129,67,62
050,54,015,"West Virginia","Clay County",2,63,146,82,64
050,54,015,"West Virginia","Clay County",2,64,137,77,60
050,54,015,"West Virginia","Clay County",2,65,122,67,55
050,54,015,"West Virginia","Clay County",2,66,121,70,51
050,54,015,"West Virginia","Clay County",2,67,113,58,55
050,54,015,"West Virginia","Clay County",2,68,110,51,59
050,54,015,"West Virginia","Clay County",2,69,107,53,54
050,54,015,"West Virginia","Clay County",2,70,99,53,46
050,54,015,"West Virginia","Clay County",2,71,101,53,48
050,54,015,"West Virginia","Clay County",2,72,101,54,47
050,54,015,"West Virginia","Clay County",2,73,105,59,46
050,54,015,"West Virginia","Clay County",2,74,69,37,32
050,54,015,"West Virginia","Clay County",2,75,59,27,32
050,54,015,"West Virginia","Clay County",2,76,69,34,35
050,54,015,"West Virginia","Clay County",2,77,70,37,33
050,54,015,"West Virginia","Clay County",2,78,59,31,28
050,54,015,"West Virginia","Clay County",2,79,61,34,27
050,54,015,"West Virginia","Clay County",2,80,52,29,23
050,54,015,"West Virginia","Clay County",2,81,41,19,22
050,54,015,"West Virginia","Clay County",2,82,39,17,22
050,54,015,"West Virginia","Clay County",2,83,32,16,16
050,54,015,"West Virginia","Clay County",2,84,30,16,14
050,54,015,"West Virginia","Clay County",2,85,160,58,102
050,54,015,"West Virginia","Clay County",3,0,90,44,46
050,54,015,"West Virginia","Clay County",3,1,82,38,44
050,54,015,"West Virginia","Clay County",3,2,81,39,42
050,54,015,"West Virginia","Clay County",3,3,75,39,36
050,54,015,"West Virginia","Clay County",3,4,71,37,34
050,54,015,"West Virginia","Clay County",3,5,97,50,47
050,54,015,"West Virginia","Clay County",3,6,92,48,44
050,54,015,"West Virginia","Clay County",3,7,86,49,37
050,54,015,"West Virginia","Clay County",3,8,89,54,35
050,54,015,"West Virginia","Clay County",3,9,87,49,38
050,54,015,"West Virginia","Clay County",3,10,109,58,51
050,54,015,"West Virginia","Clay County",3,11,114,57,57
050,54,015,"West Virginia","Clay County",3,12,116,64,52
050,54,015,"West Virginia","Clay County",3,13,126,73,53
050,54,015,"West Virginia","Clay County",3,14,110,60,50
050,54,015,"West Virginia","Clay County",3,15,103,52,51
050,54,015,"West Virginia","Clay County",3,16,97,51,46
050,54,015,"West Virginia","Clay County",3,17,121,63,58
050,54,015,"West Virginia","Clay County",3,18,96,55,41
050,54,015,"West Virginia","Clay County",3,19,75,41,34
050,54,015,"West Virginia","Clay County",3,20,75,44,31
050,54,015,"West Virginia","Clay County",3,21,75,38,37
050,54,015,"West Virginia","Clay County",3,22,67,33,34
050,54,015,"West Virginia","Clay County",3,23,66,32,34
050,54,015,"West Virginia","Clay County",3,24,68,38,30
050,54,015,"West Virginia","Clay County",3,25,77,37,40
050,54,015,"West Virginia","Clay County",3,26,80,36,44
050,54,015,"West Virginia","Clay County",3,27,70,34,36
050,54,015,"West Virginia","Clay County",3,28,73,34,39
050,54,015,"West Virginia","Clay County",3,29,77,45,32
050,54,015,"West Virginia","Clay County",3,30,86,45,41
050,54,015,"West Virginia","Clay County",3,31,93,48,45
050,54,015,"West Virginia","Clay County",3,32,78,36,42
050,54,015,"West Virginia","Clay County",3,33,75,34,41
050,54,015,"West Virginia","Clay County",3,34,76,37,39
050,54,015,"West Virginia","Clay County",3,35,66,33,33
050,54,015,"West Virginia","Clay County",3,36,73,37,36
050,54,015,"West Virginia","Clay County",3,37,80,34,46
050,54,015,"West Virginia","Clay County",3,38,79,39,40
050,54,015,"West Virginia","Clay County",3,39,81,43,38
050,54,015,"West Virginia","Clay County",3,40,95,54,41
050,54,015,"West Virginia","Clay County",3,41,99,55,44
050,54,015,"West Virginia","Clay County",3,42,107,53,54
050,54,015,"West Virginia","Clay County",3,43,99,43,56
050,54,015,"West Virginia","Clay County",3,44,102,43,59
050,54,015,"West Virginia","Clay County",3,45,88,39,49
050,54,015,"West Virginia","Clay County",3,46,96,44,52
050,54,015,"West Virginia","Clay County",3,47,98,54,44
050,54,015,"West Virginia","Clay County",3,48,100,49,51
050,54,015,"West Virginia","Clay County",3,49,104,49,55
050,54,015,"West Virginia","Clay County",3,50,108,50,58
050,54,015,"West Virginia","Clay County",3,51,100,48,52
050,54,015,"West Virginia","Clay County",3,52,83,37,46
050,54,015,"West Virginia","Clay County",3,53,101,53,48
050,54,015,"West Virginia","Clay County",3,54,117,63,54
050,54,015,"West Virginia","Clay County",3,55,112,53,59
050,54,015,"West Virginia","Clay County",3,56,114,54,60
050,54,015,"West Virginia","Clay County",3,57,115,52,63
050,54,015,"West Virginia","Clay County",3,58,117,54,63
050,54,015,"West Virginia","Clay County",3,59,111,51,60
050,54,015,"West Virginia","Clay County",3,60,121,61,60
050,54,015,"West Virginia","Clay County",3,61,131,65,66
050,54,015,"West Virginia","Clay County",3,62,129,61,68
050,54,015,"West Virginia","Clay County",3,63,130,67,63
050,54,015,"West Virginia","Clay County",3,64,144,79,65
050,54,015,"West Virginia","Clay County",3,65,131,71,60
050,54,015,"West Virginia","Clay County",3,66,123,67,56
050,54,015,"West Virginia","Clay County",3,67,115,66,49
050,54,015,"West Virginia","Clay County",3,68,112,56,56
050,54,015,"West Virginia","Clay County",3,69,108,53,55
050,54,015,"West Virginia","Clay County",3,70,105,51,54
050,54,015,"West Virginia","Clay County",3,71,100,54,46
050,54,015,"West Virginia","Clay County",3,72,98,52,46
050,54,015,"West Virginia","Clay County",3,73,97,54,43
050,54,015,"West Virginia","Clay County",3,74,102,56,46
050,54,015,"West Virginia","Clay County",3,75,62,33,29
050,54,015,"West Virginia","Clay County",3,76,54,25,29
050,54,015,"West Virginia","Clay County",3,77,63,30,33
050,54,015,"West Virginia","Clay County",3,78,66,37,29
050,54,015,"West Virginia","Clay County",3,79,49,28,21
050,54,015,"West Virginia","Clay County",3,80,50,27,23
050,54,015,"West Virginia","Clay County",3,81,54,27,27
050,54,015,"West Virginia","Clay County",3,82,35,18,17
050,54,015,"West Virginia","Clay County",3,83,36,16,20
050,54,015,"West Virginia","Clay County",3,84,32,15,17
050,54,015,"West Virginia","Clay County",3,85,160,56,104
050,54,015,"West Virginia","Clay County",4,0,94,50,44
050,54,015,"West Virginia","Clay County",4,1,89,39,50
050,54,015,"West Virginia","Clay County",4,2,83,36,47
050,54,015,"West Virginia","Clay County",4,3,86,37,49
050,54,015,"West Virginia","Clay County",4,4,78,41,37
050,54,015,"West Virginia","Clay County",4,5,72,36,36
050,54,015,"West Virginia","Clay County",4,6,102,52,50
050,54,015,"West Virginia","Clay County",4,7,98,49,49
050,54,015,"West Virginia","Clay County",4,8,86,51,35
050,54,015,"West Virginia","Clay County",4,9,94,57,37
050,54,015,"West Virginia","Clay County",4,10,88,48,40
050,54,015,"West Virginia","Clay County",4,11,107,55,52
050,54,015,"West Virginia","Clay County",4,12,111,56,55
050,54,015,"West Virginia","Clay County",4,13,112,61,51
050,54,015,"West Virginia","Clay County",4,14,124,70,54
050,54,015,"West Virginia","Clay County",4,15,107,56,51
050,54,015,"West Virginia","Clay County",4,16,110,59,51
050,54,015,"West Virginia","Clay County",4,17,94,50,44
050,54,015,"West Virginia","Clay County",4,18,98,55,43
050,54,015,"West Virginia","Clay County",4,19,72,41,31
050,54,015,"West Virginia","Clay County",4,20,75,39,36
050,54,015,"West Virginia","Clay County",4,21,83,47,36
050,54,015,"West Virginia","Clay County",4,22,82,37,45
050,54,015,"West Virginia","Clay County",4,23,67,32,35
050,54,015,"West Virginia","Clay County",4,24,70,34,36
050,54,015,"West Virginia","Clay County",4,25,73,41,32
050,54,015,"West Virginia","Clay County",4,26,77,37,40
050,54,015,"West Virginia","Clay County",4,27,76,31,45
050,54,015,"West Virginia","Clay County",4,28,80,43,37
050,54,015,"West Virginia","Clay County",4,29,74,34,40
050,54,015,"West Virginia","Clay County",4,30,82,49,33
050,54,015,"West Virginia","Clay County",4,31,86,46,40
050,54,015,"West Virginia","Clay County",4,32,89,42,47
050,54,015,"West Virginia","Clay County",4,33,80,37,43
050,54,015,"West Virginia","Clay County",4,34,71,31,40
050,54,015,"West Virginia","Clay County",4,35,75,35,40
050,54,015,"West Virginia","Clay County",4,36,65,31,34
050,54,015,"West Virginia","Clay County",4,37,74,36,38
050,54,015,"West Virginia","Clay County",4,38,80,34,46
050,54,015,"West Virginia","Clay County",4,39,80,40,40
050,54,015,"West Virginia","Clay County",4,40,86,46,40
050,54,015,"West Virginia","Clay County",4,41,90,54,36
050,54,015,"West Virginia","Clay County",4,42,98,54,44
050,54,015,"West Virginia","Clay County",4,43,105,52,53
050,54,015,"West Virginia","Clay County",4,44,98,42,56
050,54,015,"West Virginia","Clay County",4,45,101,42,59
050,54,015,"West Virginia","Clay County",4,46,87,40,47
050,54,015,"West Virginia","Clay County",4,47,94,46,48
050,54,015,"West Virginia","Clay County",4,48,105,60,45
050,54,015,"West Virginia","Clay County",4,49,107,55,52
050,54,015,"West Virginia","Clay County",4,50,102,47,55
050,54,015,"West Virginia","Clay County",4,51,104,47,57
050,54,015,"West Virginia","Clay County",4,52,97,46,51
050,54,015,"West Virginia","Clay County",4,53,83,36,47
050,54,015,"West Virginia","Clay County",4,54,100,51,49
050,54,015,"West Virginia","Clay County",4,55,116,63,53
050,54,015,"West Virginia","Clay County",4,56,106,48,58
050,54,015,"West Virginia","Clay County",4,57,113,55,58
050,54,015,"West Virginia","Clay County",4,58,110,50,60
050,54,015,"West Virginia","Clay County",4,59,116,54,62
050,54,015,"West Virginia","Clay County",4,60,105,49,56
050,54,015,"West Virginia","Clay County",4,61,117,59,58
050,54,015,"West Virginia","Clay County",4,62,134,63,71
050,54,015,"West Virginia","Clay County",4,63,125,58,67
050,54,015,"West Virginia","Clay County",4,64,129,66,63
050,54,015,"West Virginia","Clay County",4,65,143,79,64
050,54,015,"West Virginia","Clay County",4,66,129,70,59
050,54,015,"West Virginia","Clay County",4,67,113,60,53
050,54,015,"West Virginia","Clay County",4,68,114,62,52
050,54,015,"West Virginia","Clay County",4,69,109,55,54
050,54,015,"West Virginia","Clay County",4,70,103,53,50
050,54,015,"West Virginia","Clay County",4,71,104,49,55
050,54,015,"West Virginia","Clay County",4,72,93,49,44
050,54,015,"West Virginia","Clay County",4,73,95,51,44
050,54,015,"West Virginia","Clay County",4,74,92,52,40
050,54,015,"West Virginia","Clay County",4,75,98,54,44
050,54,015,"West Virginia","Clay County",4,76,57,29,28
050,54,015,"West Virginia","Clay County",4,77,51,22,29
050,54,015,"West Virginia","Clay County",4,78,54,29,25
050,54,015,"West Virginia","Clay County",4,79,56,32,24
050,54,015,"West Virginia","Clay County",4,80,40,21,19
050,54,015,"West Virginia","Clay County",4,81,50,24,26
050,54,015,"West Virginia","Clay County",4,82,43,22,21
050,54,015,"West Virginia","Clay County",4,83,32,20,12
050,54,015,"West Virginia","Clay County",4,84,35,16,19
050,54,015,"West Virginia","Clay County",4,85,157,59,98
050,54,015,"West Virginia","Clay County",5,0,94,50,44
050,54,015,"West Virginia","Clay County",5,1,87,51,36
050,54,015,"West Virginia","Clay County",5,2,93,40,53
050,54,015,"West Virginia","Clay County",5,3,75,37,38
050,54,015,"West Virginia","Clay County",5,4,86,38,48
050,54,015,"West Virginia","Clay County",5,5,80,41,39
050,54,015,"West Virginia","Clay County",5,6,71,35,36
050,54,015,"West Virginia","Clay County",5,7,105,52,53
050,54,015,"West Virginia","Clay County",5,8,96,49,47
050,54,015,"West Virginia","Clay County",5,9,90,53,37
050,54,015,"West Virginia","Clay County",5,10,90,56,34
050,54,015,"West Virginia","Clay County",5,11,89,46,43
050,54,015,"West Virginia","Clay County",5,12,113,62,51
050,54,015,"West Virginia","Clay County",5,13,109,55,54
050,54,015,"West Virginia","Clay County",5,14,119,66,53
050,54,015,"West Virginia","Clay County",5,15,122,67,55
050,54,015,"West Virginia","Clay County",5,16,109,57,52
050,54,015,"West Virginia","Clay County",5,17,105,57,48
050,54,015,"West Virginia","Clay County",5,18,78,41,37
050,54,015,"West Virginia","Clay County",5,19,69,42,27
050,54,015,"West Virginia","Clay County",5,20,79,42,37
050,54,015,"West Virginia","Clay County",5,21,77,42,35
050,54,015,"West Virginia","Clay County",5,22,84,45,39
050,54,015,"West Virginia","Clay County",5,23,80,39,41
050,54,015,"West Virginia","Clay County",5,24,73,37,36
050,54,015,"West Virginia","Clay County",5,25,70,35,35
050,54,015,"West Virginia","Clay County",5,26,63,33,30
050,54,015,"West Virginia","Clay County",5,27,83,38,45
050,54,015,"West Virginia","Clay County",5,28,78,35,43
050,54,015,"West Virginia","Clay County",5,29,77,38,39
050,54,015,"West Virginia","Clay County",5,30,78,35,43
050,54,015,"West Virginia","Clay County",5,31,81,48,33
050,54,015,"West Virginia","Clay County",5,32,93,51,42
050,54,015,"West Virginia","Clay County",5,33,91,39,52
050,54,015,"West Virginia","Clay County",5,34,83,41,42
050,54,015,"West Virginia","Clay County",5,35,67,29,38
050,54,015,"West Virginia","Clay County",5,36,73,35,38
050,54,015,"West Virginia","Clay County",5,37,65,31,34
050,54,015,"West Virginia","Clay County",5,38,80,36,44
050,54,015,"West Virginia","Clay County",5,39,80,35,45
050,54,015,"West Virginia","Clay County",5,40,80,41,39
050,54,015,"West Virginia","Clay County",5,41,78,42,36
050,54,015,"West Virginia","Clay County",5,42,89,53,36
050,54,015,"West Virginia","Clay County",5,43,99,54,45
050,54,015,"West Virginia","Clay County",5,44,108,52,56
050,54,015,"West Virginia","Clay County",5,45,99,42,57
050,54,015,"West Virginia","Clay County",5,46,106,43,63
050,54,015,"West Virginia","Clay County",5,47,88,42,46
050,54,015,"West Virginia","Clay County",5,48,92,46,46
050,54,015,"West Virginia","Clay County",5,49,102,57,45
050,54,015,"West Virginia","Clay County",5,50,106,54,52
050,54,015,"West Virginia","Clay County",5,51,99,48,51
050,54,015,"West Virginia","Clay County",5,52,102,46,56
050,54,015,"West Virginia","Clay County",5,53,104,49,55
050,54,015,"West Virginia","Clay County",5,54,87,42,45
050,54,015,"West Virginia","Clay County",5,55,102,54,48
050,54,015,"West Virginia","Clay County",5,56,112,60,52
050,54,015,"West Virginia","Clay County",5,57,105,47,58
050,54,015,"West Virginia","Clay County",5,58,103,50,53
050,54,015,"West Virginia","Clay County",5,59,108,50,58
050,54,015,"West Virginia","Clay County",5,60,113,52,61
050,54,015,"West Virginia","Clay County",5,61,105,50,55
050,54,015,"West Virginia","Clay County",5,62,118,59,59
050,54,015,"West Virginia","Clay County",5,63,130,62,68
050,54,015,"West Virginia","Clay County",5,64,128,61,67
050,54,015,"West Virginia","Clay County",5,65,127,66,61
050,54,015,"West Virginia","Clay County",5,66,141,77,64
050,54,015,"West Virginia","Clay County",5,67,119,64,55
050,54,015,"West Virginia","Clay County",5,68,113,59,54
050,54,015,"West Virginia","Clay County",5,69,111,60,51
050,54,015,"West Virginia","Clay County",5,70,105,53,52
050,54,015,"West Virginia","Clay County",5,71,103,52,51
050,54,015,"West Virginia","Clay County",5,72,97,42,55
050,54,015,"West Virginia","Clay County",5,73,90,47,43
050,54,015,"West Virginia","Clay County",5,74,94,50,44
050,54,015,"West Virginia","Clay County",5,75,86,47,39
050,54,015,"West Virginia","Clay County",5,76,91,49,42
050,54,015,"West Virginia","Clay County",5,77,55,26,29
050,54,015,"West Virginia","Clay County",5,78,45,21,24
050,54,015,"West Virginia","Clay County",5,79,48,27,21
050,54,015,"West Virginia","Clay County",5,80,45,23,22
050,54,015,"West Virginia","Clay County",5,81,43,21,22
050,54,015,"West Virginia","Clay County",5,82,43,22,21
050,54,015,"West Virginia","Clay County",5,83,41,24,17
050,54,015,"West Virginia","Clay County",5,84,30,18,12
050,54,015,"West Virginia","Clay County",5,85,158,64,94
050,54,017,"West Virginia","Doddridge County",1,0,54,28,26
050,54,017,"West Virginia","Doddridge County",1,1,57,33,24
050,54,017,"West Virginia","Doddridge County",1,2,58,28,30
050,54,017,"West Virginia","Doddridge County",1,3,54,31,23
050,54,017,"West Virginia","Doddridge County",1,4,59,33,26
050,54,017,"West Virginia","Doddridge County",1,5,52,26,26
050,54,017,"West Virginia","Doddridge County",1,6,57,24,33
050,54,017,"West Virginia","Doddridge County",1,7,60,24,36
050,54,017,"West Virginia","Doddridge County",1,8,57,29,28
050,54,017,"West Virginia","Doddridge County",1,9,58,33,25
050,54,017,"West Virginia","Doddridge County",1,10,65,33,32
050,54,017,"West Virginia","Doddridge County",1,11,67,33,34
050,54,017,"West Virginia","Doddridge County",1,12,67,33,34
050,54,017,"West Virginia","Doddridge County",1,13,62,31,31
050,54,017,"West Virginia","Doddridge County",1,14,66,34,32
050,54,017,"West Virginia","Doddridge County",1,15,74,42,32
050,54,017,"West Virginia","Doddridge County",1,16,64,31,33
050,54,017,"West Virginia","Doddridge County",1,17,66,30,36
050,54,017,"West Virginia","Doddridge County",1,18,54,30,24
050,54,017,"West Virginia","Doddridge County",1,19,71,52,19
050,54,017,"West Virginia","Doddridge County",1,20,90,68,22
050,54,017,"West Virginia","Doddridge County",1,21,108,72,36
050,54,017,"West Virginia","Doddridge County",1,22,100,74,26
050,54,017,"West Virginia","Doddridge County",1,23,135,88,47
050,54,017,"West Virginia","Doddridge County",1,24,109,68,41
050,54,017,"West Virginia","Doddridge County",1,25,120,82,38
050,54,017,"West Virginia","Doddridge County",1,26,123,84,39
050,54,017,"West Virginia","Doddridge County",1,27,121,78,43
050,54,017,"West Virginia","Doddridge County",1,28,116,74,42
050,54,017,"West Virginia","Doddridge County",1,29,97,53,44
050,54,017,"West Virginia","Doddridge County",1,30,98,65,33
050,54,017,"West Virginia","Doddridge County",1,31,78,51,27
050,54,017,"West Virginia","Doddridge County",1,32,114,69,45
050,54,017,"West Virginia","Doddridge County",1,33,81,43,38
050,54,017,"West Virginia","Doddridge County",1,34,90,58,32
050,54,017,"West Virginia","Doddridge County",1,35,86,56,30
050,54,017,"West Virginia","Doddridge County",1,36,92,54,38
050,54,017,"West Virginia","Doddridge County",1,37,107,60,47
050,54,017,"West Virginia","Doddridge County",1,38,116,67,49
050,54,017,"West Virginia","Doddridge County",1,39,97,64,33
050,54,017,"West Virginia","Doddridge County",1,40,116,68,48
050,54,017,"West Virginia","Doddridge County",1,41,131,77,54
050,54,017,"West Virginia","Doddridge County",1,42,111,64,47
050,54,017,"West Virginia","Doddridge County",1,43,109,64,45
050,54,017,"West Virginia","Doddridge County",1,44,95,52,43
050,54,017,"West Virginia","Doddridge County",1,45,87,49,38
050,54,017,"West Virginia","Doddridge County",1,46,111,70,41
050,54,017,"West Virginia","Doddridge County",1,47,98,52,46
050,54,017,"West Virginia","Doddridge County",1,48,131,72,59
050,54,017,"West Virginia","Doddridge County",1,49,125,76,49
050,54,017,"West Virginia","Doddridge County",1,50,124,75,49
050,54,017,"West Virginia","Doddridge County",1,51,97,56,41
050,54,017,"West Virginia","Doddridge County",1,52,113,69,44
050,54,017,"West Virginia","Doddridge County",1,53,98,51,47
050,54,017,"West Virginia","Doddridge County",1,54,99,52,47
050,54,017,"West Virginia","Doddridge County",1,55,128,73,55
050,54,017,"West Virginia","Doddridge County",1,56,132,79,53
050,54,017,"West Virginia","Doddridge County",1,57,118,60,58
050,54,017,"West Virginia","Doddridge County",1,58,117,63,54
050,54,017,"West Virginia","Doddridge County",1,59,133,75,58
050,54,017,"West Virginia","Doddridge County",1,60,128,59,69
050,54,017,"West Virginia","Doddridge County",1,61,115,57,58
050,54,017,"West Virginia","Doddridge County",1,62,115,64,51
050,54,017,"West Virginia","Doddridge County",1,63,112,54,58
050,54,017,"West Virginia","Doddridge County",1,64,118,62,56
050,54,017,"West Virginia","Doddridge County",1,65,103,52,51
050,54,017,"West Virginia","Doddridge County",1,66,104,54,50
050,54,017,"West Virginia","Doddridge County",1,67,118,64,54
050,54,017,"West Virginia","Doddridge County",1,68,100,48,52
050,54,017,"West Virginia","Doddridge County",1,69,102,43,59
050,54,017,"West Virginia","Doddridge County",1,70,96,44,52
050,54,017,"West Virginia","Doddridge County",1,71,97,52,45
050,54,017,"West Virginia","Doddridge County",1,72,97,54,43
050,54,017,"West Virginia","Doddridge County",1,73,94,49,45
050,54,017,"West Virginia","Doddridge County",1,74,72,38,34
050,54,017,"West Virginia","Doddridge County",1,75,70,37,33
050,54,017,"West Virginia","Doddridge County",1,76,65,39,26
050,54,017,"West Virginia","Doddridge County",1,77,63,33,30
050,54,017,"West Virginia","Doddridge County",1,78,51,20,31
050,54,017,"West Virginia","Doddridge County",1,79,55,28,27
050,54,017,"West Virginia","Doddridge County",1,80,52,22,30
050,54,017,"West Virginia","Doddridge County",1,81,40,19,21
050,54,017,"West Virginia","Doddridge County",1,82,39,20,19
050,54,017,"West Virginia","Doddridge County",1,83,35,19,16
050,54,017,"West Virginia","Doddridge County",1,84,28,13,15
050,54,017,"West Virginia","Doddridge County",1,85,165,87,78
050,54,017,"West Virginia","Doddridge County",2,0,55,31,24
050,54,017,"West Virginia","Doddridge County",2,1,57,32,25
050,54,017,"West Virginia","Doddridge County",2,2,59,30,29
050,54,017,"West Virginia","Doddridge County",2,3,56,31,25
050,54,017,"West Virginia","Doddridge County",2,4,58,33,25
050,54,017,"West Virginia","Doddridge County",2,5,53,27,26
050,54,017,"West Virginia","Doddridge County",2,6,57,24,33
050,54,017,"West Virginia","Doddridge County",2,7,60,24,36
050,54,017,"West Virginia","Doddridge County",2,8,56,27,29
050,54,017,"West Virginia","Doddridge County",2,9,57,31,26
050,54,017,"West Virginia","Doddridge County",2,10,61,31,30
050,54,017,"West Virginia","Doddridge County",2,11,66,33,33
050,54,017,"West Virginia","Doddridge County",2,12,68,34,34
050,54,017,"West Virginia","Doddridge County",2,13,63,31,32
050,54,017,"West Virginia","Doddridge County",2,14,65,34,31
050,54,017,"West Virginia","Doddridge County",2,15,72,41,31
050,54,017,"West Virginia","Doddridge County",2,16,66,33,33
050,54,017,"West Virginia","Doddridge County",2,17,65,30,35
050,54,017,"West Virginia","Doddridge County",2,18,57,31,26
050,54,017,"West Virginia","Doddridge County",2,19,68,49,19
050,54,017,"West Virginia","Doddridge County",2,20,90,68,22
050,54,017,"West Virginia","Doddridge County",2,21,108,74,34
050,54,017,"West Virginia","Doddridge County",2,22,101,74,27
050,54,017,"West Virginia","Doddridge County",2,23,133,87,46
050,54,017,"West Virginia","Doddridge County",2,24,105,66,39
050,54,017,"West Virginia","Doddridge County",2,25,121,82,39
050,54,017,"West Virginia","Doddridge County",2,26,124,85,39
050,54,017,"West Virginia","Doddridge County",2,27,119,77,42
050,54,017,"West Virginia","Doddridge County",2,28,116,74,42
050,54,017,"West Virginia","Doddridge County",2,29,101,54,47
050,54,017,"West Virginia","Doddridge County",2,30,99,64,35
050,54,017,"West Virginia","Doddridge County",2,31,80,52,28
050,54,017,"West Virginia","Doddridge County",2,32,111,68,43
050,54,017,"West Virginia","Doddridge County",2,33,79,42,37
050,54,017,"West Virginia","Doddridge County",2,34,89,56,33
050,54,017,"West Virginia","Doddridge County",2,35,87,57,30
050,54,017,"West Virginia","Doddridge County",2,36,88,52,36
050,54,017,"West Virginia","Doddridge County",2,37,105,60,45
050,54,017,"West Virginia","Doddridge County",2,38,116,68,48
050,54,017,"West Virginia","Doddridge County",2,39,102,65,37
050,54,017,"West Virginia","Doddridge County",2,40,114,68,46
050,54,017,"West Virginia","Doddridge County",2,41,130,77,53
050,54,017,"West Virginia","Doddridge County",2,42,111,63,48
050,54,017,"West Virginia","Doddridge County",2,43,111,65,46
050,54,017,"West Virginia","Doddridge County",2,44,97,56,41
050,54,017,"West Virginia","Doddridge County",2,45,88,48,40
050,54,017,"West Virginia","Doddridge County",2,46,109,68,41
050,54,017,"West Virginia","Doddridge County",2,47,97,53,44
050,54,017,"West Virginia","Doddridge County",2,48,124,69,55
050,54,017,"West Virginia","Doddridge County",2,49,122,72,50
050,54,017,"West Virginia","Doddridge County",2,50,127,78,49
050,54,017,"West Virginia","Doddridge County",2,51,97,55,42
050,54,017,"West Virginia","Doddridge County",2,52,110,67,43
050,54,017,"West Virginia","Doddridge County",2,53,100,53,47
050,54,017,"West Virginia","Doddridge County",2,54,97,51,46
050,54,017,"West Virginia","Doddridge County",2,55,122,69,53
050,54,017,"West Virginia","Doddridge County",2,56,129,77,52
050,54,017,"West Virginia","Doddridge County",2,57,121,64,57
050,54,017,"West Virginia","Doddridge County",2,58,117,64,53
050,54,017,"West Virginia","Doddridge County",2,59,129,71,58
050,54,017,"West Virginia","Doddridge County",2,60,124,60,64
050,54,017,"West Virginia","Doddridge County",2,61,119,58,61
050,54,017,"West Virginia","Doddridge County",2,62,116,63,53
050,54,017,"West Virginia","Doddridge County",2,63,114,57,57
050,54,017,"West Virginia","Doddridge County",2,64,115,61,54
050,54,017,"West Virginia","Doddridge County",2,65,105,53,52
050,54,017,"West Virginia","Doddridge County",2,66,102,53,49
050,54,017,"West Virginia","Doddridge County",2,67,115,61,54
050,54,017,"West Virginia","Doddridge County",2,68,104,52,52
050,54,017,"West Virginia","Doddridge County",2,69,101,43,58
050,54,017,"West Virginia","Doddridge County",2,70,97,43,54
050,54,017,"West Virginia","Doddridge County",2,71,96,50,46
050,54,017,"West Virginia","Doddridge County",2,72,95,52,43
050,54,017,"West Virginia","Doddridge County",2,73,99,53,46
050,54,017,"West Virginia","Doddridge County",2,74,73,38,35
050,54,017,"West Virginia","Doddridge County",2,75,70,37,33
050,54,017,"West Virginia","Doddridge County",2,76,67,39,28
050,54,017,"West Virginia","Doddridge County",2,77,65,35,30
050,54,017,"West Virginia","Doddridge County",2,78,52,23,29
050,54,017,"West Virginia","Doddridge County",2,79,53,26,27
050,54,017,"West Virginia","Doddridge County",2,80,52,23,29
050,54,017,"West Virginia","Doddridge County",2,81,43,20,23
050,54,017,"West Virginia","Doddridge County",2,82,39,20,19
050,54,017,"West Virginia","Doddridge County",2,83,34,18,16
050,54,017,"West Virginia","Doddridge County",2,84,29,14,15
050,54,017,"West Virginia","Doddridge County",2,85,162,83,79
050,54,017,"West Virginia","Doddridge County",3,0,55,22,33
050,54,017,"West Virginia","Doddridge County",3,1,54,32,22
050,54,017,"West Virginia","Doddridge County",3,2,52,27,25
050,54,017,"West Virginia","Doddridge County",3,3,56,31,25
050,54,017,"West Virginia","Doddridge County",3,4,52,27,25
050,54,017,"West Virginia","Doddridge County",3,5,56,36,20
050,54,017,"West Virginia","Doddridge County",3,6,61,30,31
050,54,017,"West Virginia","Doddridge County",3,7,55,23,32
050,54,017,"West Virginia","Doddridge County",3,8,57,22,35
050,54,017,"West Virginia","Doddridge County",3,9,56,29,27
050,54,017,"West Virginia","Doddridge County",3,10,55,30,25
050,54,017,"West Virginia","Doddridge County",3,11,63,32,31
050,54,017,"West Virginia","Doddridge County",3,12,60,29,31
050,54,017,"West Virginia","Doddridge County",3,13,77,38,39
050,54,017,"West Virginia","Doddridge County",3,14,60,31,29
050,54,017,"West Virginia","Doddridge County",3,15,68,34,34
050,54,017,"West Virginia","Doddridge County",3,16,72,42,30
050,54,017,"West Virginia","Doddridge County",3,17,64,34,30
050,54,017,"West Virginia","Doddridge County",3,18,61,34,27
050,54,017,"West Virginia","Doddridge County",3,19,62,39,23
050,54,017,"West Virginia","Doddridge County",3,20,89,62,27
050,54,017,"West Virginia","Doddridge County",3,21,106,80,26
050,54,017,"West Virginia","Doddridge County",3,22,112,81,31
050,54,017,"West Virginia","Doddridge County",3,23,126,85,41
050,54,017,"West Virginia","Doddridge County",3,24,96,65,31
050,54,017,"West Virginia","Doddridge County",3,25,125,88,37
050,54,017,"West Virginia","Doddridge County",3,26,131,91,40
050,54,017,"West Virginia","Doddridge County",3,27,114,81,33
050,54,017,"West Virginia","Doddridge County",3,28,110,71,39
050,54,017,"West Virginia","Doddridge County",3,29,104,56,48
050,54,017,"West Virginia","Doddridge County",3,30,113,73,40
050,54,017,"West Virginia","Doddridge County",3,31,91,58,33
050,54,017,"West Virginia","Doddridge County",3,32,118,73,45
050,54,017,"West Virginia","Doddridge County",3,33,77,42,35
050,54,017,"West Virginia","Doddridge County",3,34,93,59,34
050,54,017,"West Virginia","Doddridge County",3,35,95,60,35
050,54,017,"West Virginia","Doddridge County",3,36,78,47,31
050,54,017,"West Virginia","Doddridge County",3,37,95,59,36
050,54,017,"West Virginia","Doddridge County",3,38,108,69,39
050,54,017,"West Virginia","Doddridge County",3,39,109,65,44
050,54,017,"West Virginia","Doddridge County",3,40,99,63,36
050,54,017,"West Virginia","Doddridge County",3,41,123,75,48
050,54,017,"West Virginia","Doddridge County",3,42,114,60,54
050,54,017,"West Virginia","Doddridge County",3,43,114,66,48
050,54,017,"West Virginia","Doddridge County",3,44,111,70,41
050,54,017,"West Virginia","Doddridge County",3,45,95,53,42
050,54,017,"West Virginia","Doddridge County",3,46,104,62,42
050,54,017,"West Virginia","Doddridge County",3,47,93,54,39
050,54,017,"West Virginia","Doddridge County",3,48,108,66,42
050,54,017,"West Virginia","Doddridge County",3,49,110,59,51
050,54,017,"West Virginia","Doddridge County",3,50,130,80,50
050,54,017,"West Virginia","Doddridge County",3,51,103,60,43
050,54,017,"West Virginia","Doddridge County",3,52,100,59,41
050,54,017,"West Virginia","Doddridge County",3,53,103,60,43
050,54,017,"West Virginia","Doddridge County",3,54,99,52,47
050,54,017,"West Virginia","Doddridge County",3,55,95,51,44
050,54,017,"West Virginia","Doddridge County",3,56,123,70,53
050,54,017,"West Virginia","Doddridge County",3,57,121,70,51
050,54,017,"West Virginia","Doddridge County",3,58,128,72,56
050,54,017,"West Virginia","Doddridge County",3,59,118,62,56
050,54,017,"West Virginia","Doddridge County",3,60,115,61,54
050,54,017,"West Virginia","Doddridge County",3,61,123,59,64
050,54,017,"West Virginia","Doddridge County",3,62,115,56,59
050,54,017,"West Virginia","Doddridge County",3,63,121,63,58
050,54,017,"West Virginia","Doddridge County",3,64,115,61,54
050,54,017,"West Virginia","Doddridge County",3,65,106,54,52
050,54,017,"West Virginia","Doddridge County",3,66,107,54,53
050,54,017,"West Virginia","Doddridge County",3,67,96,49,47
050,54,017,"West Virginia","Doddridge County",3,68,115,61,54
050,54,017,"West Virginia","Doddridge County",3,69,101,51,50
050,54,017,"West Virginia","Doddridge County",3,70,97,42,55
050,54,017,"West Virginia","Doddridge County",3,71,95,42,53
050,54,017,"West Virginia","Doddridge County",3,72,93,50,43
050,54,017,"West Virginia","Doddridge County",3,73,95,53,42
050,54,017,"West Virginia","Doddridge County",3,74,95,52,43
050,54,017,"West Virginia","Doddridge County",3,75,71,36,35
050,54,017,"West Virginia","Doddridge County",3,76,67,35,32
050,54,017,"West Virginia","Doddridge County",3,77,65,38,27
050,54,017,"West Virginia","Doddridge County",3,78,58,31,27
050,54,017,"West Virginia","Doddridge County",3,79,46,20,26
050,54,017,"West Virginia","Doddridge County",3,80,49,23,26
050,54,017,"West Virginia","Doddridge County",3,81,40,16,24
050,54,017,"West Virginia","Doddridge County",3,82,39,20,19
050,54,017,"West Virginia","Doddridge County",3,83,37,20,17
050,54,017,"West Virginia","Doddridge County",3,84,30,18,12
050,54,017,"West Virginia","Doddridge County",3,85,170,84,86
050,54,017,"West Virginia","Doddridge County",4,0,62,28,34
050,54,017,"West Virginia","Doddridge County",4,1,67,29,38
050,54,017,"West Virginia","Doddridge County",4,2,58,31,27
050,54,017,"West Virginia","Doddridge County",4,3,50,26,24
050,54,017,"West Virginia","Doddridge County",4,4,61,32,29
050,54,017,"West Virginia","Doddridge County",4,5,53,28,25
050,54,017,"West Virginia","Doddridge County",4,6,63,38,25
050,54,017,"West Virginia","Doddridge County",4,7,61,30,31
050,54,017,"West Virginia","Doddridge County",4,8,57,24,33
050,54,017,"West Virginia","Doddridge County",4,9,61,20,41
050,54,017,"West Virginia","Doddridge County",4,10,58,29,29
050,54,017,"West Virginia","Doddridge County",4,11,57,30,27
050,54,017,"West Virginia","Doddridge County",4,12,60,31,29
050,54,017,"West Virginia","Doddridge County",4,13,61,31,30
050,54,017,"West Virginia","Doddridge County",4,14,79,40,39
050,54,017,"West Virginia","Doddridge County",4,15,59,30,29
050,54,017,"West Virginia","Doddridge County",4,16,66,32,34
050,54,017,"West Virginia","Doddridge County",4,17,72,42,30
050,54,017,"West Virginia","Doddridge County",4,18,60,36,24
050,54,017,"West Virginia","Doddridge County",4,19,62,39,23
050,54,017,"West Virginia","Doddridge County",4,20,79,53,26
050,54,017,"West Virginia","Doddridge County",4,21,97,70,27
050,54,017,"West Virginia","Doddridge County",4,22,109,85,24
050,54,017,"West Virginia","Doddridge County",4,23,130,83,47
050,54,017,"West Virginia","Doddridge County",4,24,96,66,30
050,54,017,"West Virginia","Doddridge County",4,25,109,78,31
050,54,017,"West Virginia","Doddridge County",4,26,137,94,43
050,54,017,"West Virginia","Doddridge County",4,27,118,79,39
050,54,017,"West Virginia","Doddridge County",4,28,97,70,27
050,54,017,"West Virginia","Doddridge County",4,29,98,51,47
050,54,017,"West Virginia","Doddridge County",4,30,113,70,43
050,54,017,"West Virginia","Doddridge County",4,31,98,63,35
050,54,017,"West Virginia","Doddridge County",4,32,122,77,45
050,54,017,"West Virginia","Doddridge County",4,33,77,43,34
050,54,017,"West Virginia","Doddridge County",4,34,89,54,35
050,54,017,"West Virginia","Doddridge County",4,35,92,57,35
050,54,017,"West Virginia","Doddridge County",4,36,90,52,38
050,54,017,"West Virginia","Doddridge County",4,37,90,52,38
050,54,017,"West Virginia","Doddridge County",4,38,96,65,31
050,54,017,"West Virginia","Doddridge County",4,39,108,70,38
050,54,017,"West Virginia","Doddridge County",4,40,106,61,45
050,54,017,"West Virginia","Doddridge County",4,41,115,77,38
050,54,017,"West Virginia","Doddridge County",4,42,100,51,49
050,54,017,"West Virginia","Doddridge County",4,43,117,59,58
050,54,017,"West Virginia","Doddridge County",4,44,110,68,42
050,54,017,"West Virginia","Doddridge County",4,45,104,63,41
050,54,017,"West Virginia","Doddridge County",4,46,109,68,41
050,54,017,"West Virginia","Doddridge County",4,47,82,43,39
050,54,017,"West Virginia","Doddridge County",4,48,106,68,38
050,54,017,"West Virginia","Doddridge County",4,49,98,56,42
050,54,017,"West Virginia","Doddridge County",4,50,123,72,51
050,54,017,"West Virginia","Doddridge County",4,51,106,57,49
050,54,017,"West Virginia","Doddridge County",4,52,108,68,40
050,54,017,"West Virginia","Doddridge County",4,53,97,55,42
050,54,017,"West Virginia","Doddridge County",4,54,104,60,44
050,54,017,"West Virginia","Doddridge County",4,55,100,53,47
050,54,017,"West Virginia","Doddridge County",4,56,92,48,44
050,54,017,"West Virginia","Doddridge County",4,57,122,69,53
050,54,017,"West Virginia","Doddridge County",4,58,123,75,48
050,54,017,"West Virginia","Doddridge County",4,59,126,67,59
050,54,017,"West Virginia","Doddridge County",4,60,111,56,55
050,54,017,"West Virginia","Doddridge County",4,61,116,61,55
050,54,017,"West Virginia","Doddridge County",4,62,123,59,64
050,54,017,"West Virginia","Doddridge County",4,63,118,59,59
050,54,017,"West Virginia","Doddridge County",4,64,125,68,57
050,54,017,"West Virginia","Doddridge County",4,65,110,55,55
050,54,017,"West Virginia","Doddridge County",4,66,104,55,49
050,54,017,"West Virginia","Doddridge County",4,67,102,51,51
050,54,017,"West Virginia","Doddridge County",4,68,95,46,49
050,54,017,"West Virginia","Doddridge County",4,69,108,56,52
050,54,017,"West Virginia","Doddridge County",4,70,97,49,48
050,54,017,"West Virginia","Doddridge County",4,71,92,37,55
050,54,017,"West Virginia","Doddridge County",4,72,95,43,52
050,54,017,"West Virginia","Doddridge County",4,73,94,51,43
050,54,017,"West Virginia","Doddridge County",4,74,89,49,40
050,54,017,"West Virginia","Doddridge County",4,75,94,52,42
050,54,017,"West Virginia","Doddridge County",4,76,67,33,34
050,54,017,"West Virginia","Doddridge County",4,77,65,33,32
050,54,017,"West Virginia","Doddridge County",4,78,62,36,26
050,54,017,"West Virginia","Doddridge County",4,79,54,28,26
050,54,017,"West Virginia","Doddridge County",4,80,43,17,26
050,54,017,"West Virginia","Doddridge County",4,81,45,19,26
050,54,017,"West Virginia","Doddridge County",4,82,38,15,23
050,54,017,"West Virginia","Doddridge County",4,83,38,20,18
050,54,017,"West Virginia","Doddridge County",4,84,32,19,13
050,54,017,"West Virginia","Doddridge County",4,85,175,89,86
050,54,017,"West Virginia","Doddridge County",5,0,63,28,35
050,54,017,"West Virginia","Doddridge County",5,1,59,27,32
050,54,017,"West Virginia","Doddridge County",5,2,58,26,32
050,54,017,"West Virginia","Doddridge County",5,3,57,32,25
050,54,017,"West Virginia","Doddridge County",5,4,56,32,24
050,54,017,"West Virginia","Doddridge County",5,5,62,35,27
050,54,017,"West Virginia","Doddridge County",5,6,57,29,28
050,54,017,"West Virginia","Doddridge County",5,7,54,30,24
050,54,017,"West Virginia","Doddridge County",5,8,56,28,28
050,54,017,"West Virginia","Doddridge County",5,9,60,24,36
050,54,017,"West Virginia","Doddridge County",5,10,61,18,43
050,54,017,"West Virginia","Doddridge County",5,11,63,35,28
050,54,017,"West Virginia","Doddridge County",5,12,62,29,33
050,54,017,"West Virginia","Doddridge County",5,13,60,29,31
050,54,017,"West Virginia","Doddridge County",5,14,61,32,29
050,54,017,"West Virginia","Doddridge County",5,15,78,39,39
050,54,017,"West Virginia","Doddridge County",5,16,59,30,29
050,54,017,"West Virginia","Doddridge County",5,17,65,28,37
050,54,017,"West Virginia","Doddridge County",5,18,69,46,23
050,54,017,"West Virginia","Doddridge County",5,19,66,45,21
050,54,017,"West Virginia","Doddridge County",5,20,80,54,26
050,54,017,"West Virginia","Doddridge County",5,21,96,65,31
050,54,017,"West Virginia","Doddridge County",5,22,103,76,27
050,54,017,"West Virginia","Doddridge County",5,23,138,96,42
050,54,017,"West Virginia","Doddridge County",5,24,93,62,31
050,54,017,"West Virginia","Doddridge County",5,25,101,75,26
050,54,017,"West Virginia","Doddridge County",5,26,117,80,37
050,54,017,"West Virginia","Doddridge County",5,27,115,77,38
050,54,017,"West Virginia","Doddridge County",5,28,111,78,33
050,54,017,"West Virginia","Doddridge County",5,29,83,50,33
050,54,017,"West Virginia","Doddridge County",5,30,106,69,37
050,54,017,"West Virginia","Doddridge County",5,31,97,60,37
050,54,017,"West Virginia","Doddridge County",5,32,128,79,49
050,54,017,"West Virginia","Doddridge County",5,33,91,51,40
050,54,017,"West Virginia","Doddridge County",5,34,86,57,29
050,54,017,"West Virginia","Doddridge County",5,35,91,54,37
050,54,017,"West Virginia","Doddridge County",5,36,78,45,33
050,54,017,"West Virginia","Doddridge County",5,37,93,51,42
050,54,017,"West Virginia","Doddridge County",5,38,92,56,36
050,54,017,"West Virginia","Doddridge County",5,39,88,62,26
050,54,017,"West Virginia","Doddridge County",5,40,99,58,41
050,54,017,"West Virginia","Doddridge County",5,41,126,78,48
050,54,017,"West Virginia","Doddridge County",5,42,94,56,38
050,54,017,"West Virginia","Doddridge County",5,43,101,50,51
050,54,017,"West Virginia","Doddridge County",5,44,113,59,54
050,54,017,"West Virginia","Doddridge County",5,45,108,68,40
050,54,017,"West Virginia","Doddridge County",5,46,124,78,46
050,54,017,"West Virginia","Doddridge County",5,47,89,52,37
050,54,017,"West Virginia","Doddridge County",5,48,94,55,39
050,54,017,"West Virginia","Doddridge County",5,49,93,58,35
050,54,017,"West Virginia","Doddridge County",5,50,110,66,44
050,54,017,"West Virginia","Doddridge County",5,51,101,51,50
050,54,017,"West Virginia","Doddridge County",5,52,112,66,46
050,54,017,"West Virginia","Doddridge County",5,53,105,64,41
050,54,017,"West Virginia","Doddridge County",5,54,97,56,41
050,54,017,"West Virginia","Doddridge County",5,55,107,61,46
050,54,017,"West Virginia","Doddridge County",5,56,97,49,48
050,54,017,"West Virginia","Doddridge County",5,57,100,53,47
050,54,017,"West Virginia","Doddridge County",5,58,128,75,53
050,54,017,"West Virginia","Doddridge County",5,59,120,72,48
050,54,017,"West Virginia","Doddridge County",5,60,113,59,54
050,54,017,"West Virginia","Doddridge County",5,61,113,56,57
050,54,017,"West Virginia","Doddridge County",5,62,119,65,54
050,54,017,"West Virginia","Doddridge County",5,63,125,59,66
050,54,017,"West Virginia","Doddridge County",5,64,118,63,55
050,54,017,"West Virginia","Doddridge County",5,65,123,66,57
050,54,017,"West Virginia","Doddridge County",5,66,108,56,52
050,54,017,"West Virginia","Doddridge County",5,67,99,51,48
050,54,017,"West Virginia","Doddridge County",5,68,106,53,53
050,54,017,"West Virginia","Doddridge County",5,69,93,44,49
050,54,017,"West Virginia","Doddridge County",5,70,104,53,51
050,54,017,"West Virginia","Doddridge County",5,71,94,46,48
050,54,017,"West Virginia","Doddridge County",5,72,90,36,54
050,54,017,"West Virginia","Doddridge County",5,73,95,43,52
050,54,017,"West Virginia","Doddridge County",5,74,90,48,42
050,54,017,"West Virginia","Doddridge County",5,75,89,50,39
050,54,017,"West Virginia","Doddridge County",5,76,91,49,42
050,54,017,"West Virginia","Doddridge County",5,77,64,31,33
050,54,017,"West Virginia","Doddridge County",5,78,60,31,29
050,54,017,"West Virginia","Doddridge County",5,79,59,33,26
050,54,017,"West Virginia","Doddridge County",5,80,48,22,26
050,54,017,"West Virginia","Doddridge County",5,81,40,14,26
050,54,017,"West Virginia","Doddridge County",5,82,42,17,25
050,54,017,"West Virginia","Doddridge County",5,83,40,16,24
050,54,017,"West Virginia","Doddridge County",5,84,34,19,15
050,54,017,"West Virginia","Doddridge County",5,85,192,100,92
050,54,019,"West Virginia","Fayette County",1,0,375,192,183
050,54,019,"West Virginia","Fayette County",1,1,385,193,192
050,54,019,"West Virginia","Fayette County",1,2,415,219,196
050,54,019,"West Virginia","Fayette County",1,3,425,219,206
050,54,019,"West Virginia","Fayette County",1,4,436,219,217
050,54,019,"West Virginia","Fayette County",1,5,469,236,233
050,54,019,"West Virginia","Fayette County",1,6,511,270,241
050,54,019,"West Virginia","Fayette County",1,7,530,266,264
050,54,019,"West Virginia","Fayette County",1,8,491,230,261
050,54,019,"West Virginia","Fayette County",1,9,506,262,244
050,54,019,"West Virginia","Fayette County",1,10,481,243,238
050,54,019,"West Virginia","Fayette County",1,11,486,246,240
050,54,019,"West Virginia","Fayette County",1,12,502,252,250
050,54,019,"West Virginia","Fayette County",1,13,515,277,238
050,54,019,"West Virginia","Fayette County",1,14,509,258,251
050,54,019,"West Virginia","Fayette County",1,15,485,248,237
050,54,019,"West Virginia","Fayette County",1,16,497,242,255
050,54,019,"West Virginia","Fayette County",1,17,501,260,241
050,54,019,"West Virginia","Fayette County",1,18,403,223,180
050,54,019,"West Virginia","Fayette County",1,19,334,179,155
050,54,019,"West Virginia","Fayette County",1,20,340,190,150
050,54,019,"West Virginia","Fayette County",1,21,354,192,162
050,54,019,"West Virginia","Fayette County",1,22,399,204,195
050,54,019,"West Virginia","Fayette County",1,23,434,239,195
050,54,019,"West Virginia","Fayette County",1,24,411,222,189
050,54,019,"West Virginia","Fayette County",1,25,391,220,171
050,54,019,"West Virginia","Fayette County",1,26,413,227,186
050,54,019,"West Virginia","Fayette County",1,27,464,255,209
050,54,019,"West Virginia","Fayette County",1,28,461,227,234
050,54,019,"West Virginia","Fayette County",1,29,452,231,221
050,54,019,"West Virginia","Fayette County",1,30,493,245,248
050,54,019,"West Virginia","Fayette County",1,31,437,240,197
050,54,019,"West Virginia","Fayette County",1,32,433,230,203
050,54,019,"West Virginia","Fayette County",1,33,446,252,194
050,54,019,"West Virginia","Fayette County",1,34,443,239,204
050,54,019,"West Virginia","Fayette County",1,35,403,200,203
050,54,019,"West Virginia","Fayette County",1,36,422,212,210
050,54,019,"West Virginia","Fayette County",1,37,459,235,224
050,54,019,"West Virginia","Fayette County",1,38,465,238,227
050,54,019,"West Virginia","Fayette County",1,39,497,264,233
050,54,019,"West Virginia","Fayette County",1,40,548,296,252
050,54,019,"West Virginia","Fayette County",1,41,540,279,261
050,54,019,"West Virginia","Fayette County",1,42,533,261,272
050,54,019,"West Virginia","Fayette County",1,43,515,274,241
050,54,019,"West Virginia","Fayette County",1,44,498,259,239
050,54,019,"West Virginia","Fayette County",1,45,510,268,242
050,54,019,"West Virginia","Fayette County",1,46,521,274,247
050,54,019,"West Virginia","Fayette County",1,47,522,283,239
050,54,019,"West Virginia","Fayette County",1,48,552,301,251
050,54,019,"West Virginia","Fayette County",1,49,562,299,263
050,54,019,"West Virginia","Fayette County",1,50,481,256,225
050,54,019,"West Virginia","Fayette County",1,51,495,260,235
050,54,019,"West Virginia","Fayette County",1,52,512,273,239
050,54,019,"West Virginia","Fayette County",1,53,531,278,253
050,54,019,"West Virginia","Fayette County",1,54,559,292,267
050,54,019,"West Virginia","Fayette County",1,55,544,295,249
050,54,019,"West Virginia","Fayette County",1,56,524,257,267
050,54,019,"West Virginia","Fayette County",1,57,576,285,291
050,54,019,"West Virginia","Fayette County",1,58,568,290,278
050,54,019,"West Virginia","Fayette County",1,59,578,278,300
050,54,019,"West Virginia","Fayette County",1,60,566,281,285
050,54,019,"West Virginia","Fayette County",1,61,614,302,312
050,54,019,"West Virginia","Fayette County",1,62,616,306,310
050,54,019,"West Virginia","Fayette County",1,63,629,311,318
050,54,019,"West Virginia","Fayette County",1,64,669,334,335
050,54,019,"West Virginia","Fayette County",1,65,653,325,328
050,54,019,"West Virginia","Fayette County",1,66,634,317,317
050,54,019,"West Virginia","Fayette County",1,67,596,282,314
050,54,019,"West Virginia","Fayette County",1,68,584,297,287
050,54,019,"West Virginia","Fayette County",1,69,547,287,260
050,54,019,"West Virginia","Fayette County",1,70,525,257,268
050,54,019,"West Virginia","Fayette County",1,71,549,262,287
050,54,019,"West Virginia","Fayette County",1,72,510,264,246
050,54,019,"West Virginia","Fayette County",1,73,485,240,245
050,54,019,"West Virginia","Fayette County",1,74,343,153,190
050,54,019,"West Virginia","Fayette County",1,75,344,155,189
050,54,019,"West Virginia","Fayette County",1,76,328,154,174
050,54,019,"West Virginia","Fayette County",1,77,325,150,175
050,54,019,"West Virginia","Fayette County",1,78,283,131,152
050,54,019,"West Virginia","Fayette County",1,79,237,106,131
050,54,019,"West Virginia","Fayette County",1,80,218,90,128
050,54,019,"West Virginia","Fayette County",1,81,212,100,112
050,54,019,"West Virginia","Fayette County",1,82,198,94,104
050,54,019,"West Virginia","Fayette County",1,83,205,91,114
050,54,019,"West Virginia","Fayette County",1,84,163,61,102
050,54,019,"West Virginia","Fayette County",1,85,908,283,625
050,54,019,"West Virginia","Fayette County",2,0,389,193,196
050,54,019,"West Virginia","Fayette County",2,1,378,191,187
050,54,019,"West Virginia","Fayette County",2,2,409,213,196
050,54,019,"West Virginia","Fayette County",2,3,419,216,203
050,54,019,"West Virginia","Fayette County",2,4,439,222,217
050,54,019,"West Virginia","Fayette County",2,5,463,234,229
050,54,019,"West Virginia","Fayette County",2,6,503,262,241
050,54,019,"West Virginia","Fayette County",2,7,521,264,257
050,54,019,"West Virginia","Fayette County",2,8,498,239,259
050,54,019,"West Virginia","Fayette County",2,9,502,253,249
050,54,019,"West Virginia","Fayette County",2,10,487,246,241
050,54,019,"West Virginia","Fayette County",2,11,483,244,239
050,54,019,"West Virginia","Fayette County",2,12,499,252,247
050,54,019,"West Virginia","Fayette County",2,13,513,272,241
050,54,019,"West Virginia","Fayette County",2,14,507,263,244
050,54,019,"West Virginia","Fayette County",2,15,494,250,244
050,54,019,"West Virginia","Fayette County",2,16,500,246,254
050,54,019,"West Virginia","Fayette County",2,17,501,257,244
050,54,019,"West Virginia","Fayette County",2,18,403,222,181
050,54,019,"West Virginia","Fayette County",2,19,330,180,150
050,54,019,"West Virginia","Fayette County",2,20,349,194,155
050,54,019,"West Virginia","Fayette County",2,21,355,192,163
050,54,019,"West Virginia","Fayette County",2,22,398,207,191
050,54,019,"West Virginia","Fayette County",2,23,433,234,199
050,54,019,"West Virginia","Fayette County",2,24,416,225,191
050,54,019,"West Virginia","Fayette County",2,25,397,219,178
050,54,019,"West Virginia","Fayette County",2,26,411,228,183
050,54,019,"West Virginia","Fayette County",2,27,451,249,202
050,54,019,"West Virginia","Fayette County",2,28,455,230,225
050,54,019,"West Virginia","Fayette County",2,29,458,232,226
050,54,019,"West Virginia","Fayette County",2,30,485,242,243
050,54,019,"West Virginia","Fayette County",2,31,448,241,207
050,54,019,"West Virginia","Fayette County",2,32,436,233,203
050,54,019,"West Virginia","Fayette County",2,33,438,243,195
050,54,019,"West Virginia","Fayette County",2,34,439,242,197
050,54,019,"West Virginia","Fayette County",2,35,410,205,205
050,54,019,"West Virginia","Fayette County",2,36,416,210,206
050,54,019,"West Virginia","Fayette County",2,37,448,227,221
050,54,019,"West Virginia","Fayette County",2,38,465,240,225
050,54,019,"West Virginia","Fayette County",2,39,485,255,230
050,54,019,"West Virginia","Fayette County",2,40,538,290,248
050,54,019,"West Virginia","Fayette County",2,41,540,282,258
050,54,019,"West Virginia","Fayette County",2,42,531,262,269
050,54,019,"West Virginia","Fayette County",2,43,523,275,248
050,54,019,"West Virginia","Fayette County",2,44,496,261,235
050,54,019,"West Virginia","Fayette County",2,45,509,266,243
050,54,019,"West Virginia","Fayette County",2,46,517,273,244
050,54,019,"West Virginia","Fayette County",2,47,517,277,240
050,54,019,"West Virginia","Fayette County",2,48,542,294,248
050,54,019,"West Virginia","Fayette County",2,49,563,303,260
050,54,019,"West Virginia","Fayette County",2,50,497,264,233
050,54,019,"West Virginia","Fayette County",2,51,493,261,232
050,54,019,"West Virginia","Fayette County",2,52,508,269,239
050,54,019,"West Virginia","Fayette County",2,53,524,274,250
050,54,019,"West Virginia","Fayette County",2,54,549,288,261
050,54,019,"West Virginia","Fayette County",2,55,547,295,252
050,54,019,"West Virginia","Fayette County",2,56,527,264,263
050,54,019,"West Virginia","Fayette County",2,57,564,278,286
050,54,019,"West Virginia","Fayette County",2,58,566,285,281
050,54,019,"West Virginia","Fayette County",2,59,574,281,293
050,54,019,"West Virginia","Fayette County",2,60,565,277,288
050,54,019,"West Virginia","Fayette County",2,61,601,298,303
050,54,019,"West Virginia","Fayette County",2,62,609,300,309
050,54,019,"West Virginia","Fayette County",2,63,628,308,320
050,54,019,"West Virginia","Fayette County",2,64,653,323,330
050,54,019,"West Virginia","Fayette County",2,65,652,323,329
050,54,019,"West Virginia","Fayette County",2,66,641,321,320
050,54,019,"West Virginia","Fayette County",2,67,602,289,313
050,54,019,"West Virginia","Fayette County",2,68,585,293,292
050,54,019,"West Virginia","Fayette County",2,69,558,291,267
050,54,019,"West Virginia","Fayette County",2,70,523,259,264
050,54,019,"West Virginia","Fayette County",2,71,542,260,282
050,54,019,"West Virginia","Fayette County",2,72,508,254,254
050,54,019,"West Virginia","Fayette County",2,73,516,258,258
050,54,019,"West Virginia","Fayette County",2,74,350,161,189
050,54,019,"West Virginia","Fayette County",2,75,344,158,186
050,54,019,"West Virginia","Fayette County",2,76,321,149,172
050,54,019,"West Virginia","Fayette County",2,77,330,152,178
050,54,019,"West Virginia","Fayette County",2,78,289,135,154
050,54,019,"West Virginia","Fayette County",2,79,246,110,136
050,54,019,"West Virginia","Fayette County",2,80,217,91,126
050,54,019,"West Virginia","Fayette County",2,81,209,94,115
050,54,019,"West Virginia","Fayette County",2,82,197,91,106
050,54,019,"West Virginia","Fayette County",2,83,203,93,110
050,54,019,"West Virginia","Fayette County",2,84,168,67,101
050,54,019,"West Virginia","Fayette County",2,85,915,287,628
050,54,019,"West Virginia","Fayette County",3,0,356,177,179
050,54,019,"West Virginia","Fayette County",3,1,371,186,185
050,54,019,"West Virginia","Fayette County",3,2,364,186,178
050,54,019,"West Virginia","Fayette County",3,3,403,212,191
050,54,019,"West Virginia","Fayette County",3,4,421,217,204
050,54,019,"West Virginia","Fayette County",3,5,450,226,224
050,54,019,"West Virginia","Fayette County",3,6,438,218,220
050,54,019,"West Virginia","Fayette County",3,7,506,258,248
050,54,019,"West Virginia","Fayette County",3,8,498,258,240
050,54,019,"West Virginia","Fayette County",3,9,486,240,246
050,54,019,"West Virginia","Fayette County",3,10,492,244,248
050,54,019,"West Virginia","Fayette County",3,11,497,251,246
050,54,019,"West Virginia","Fayette County",3,12,483,240,243
050,54,019,"West Virginia","Fayette County",3,13,495,253,242
050,54,019,"West Virginia","Fayette County",3,14,516,278,238
050,54,019,"West Virginia","Fayette County",3,15,496,257,239
050,54,019,"West Virginia","Fayette County",3,16,503,255,248
050,54,019,"West Virginia","Fayette County",3,17,504,247,257
050,54,019,"West Virginia","Fayette County",3,18,415,223,192
050,54,019,"West Virginia","Fayette County",3,19,311,171,140
050,54,019,"West Virginia","Fayette County",3,20,362,196,166
050,54,019,"West Virginia","Fayette County",3,21,376,209,167
050,54,019,"West Virginia","Fayette County",3,22,388,218,170
050,54,019,"West Virginia","Fayette County",3,23,414,230,184
050,54,019,"West Virginia","Fayette County",3,24,445,237,208
050,54,019,"West Virginia","Fayette County",3,25,412,222,190
050,54,019,"West Virginia","Fayette County",3,26,412,223,189
050,54,019,"West Virginia","Fayette County",3,27,422,242,180
050,54,019,"West Virginia","Fayette County",3,28,454,254,200
050,54,019,"West Virginia","Fayette County",3,29,464,245,219
050,54,019,"West Virginia","Fayette County",3,30,472,228,244
050,54,019,"West Virginia","Fayette County",3,31,488,248,240
050,54,019,"West Virginia","Fayette County",3,32,446,249,197
050,54,019,"West Virginia","Fayette County",3,33,416,227,189
050,54,019,"West Virginia","Fayette County",3,34,440,244,196
050,54,019,"West Virginia","Fayette County",3,35,421,225,196
050,54,019,"West Virginia","Fayette County",3,36,416,211,205
050,54,019,"West Virginia","Fayette County",3,37,409,212,197
050,54,019,"West Virginia","Fayette County",3,38,471,242,229
050,54,019,"West Virginia","Fayette County",3,39,442,224,218
050,54,019,"West Virginia","Fayette County",3,40,499,266,233
050,54,019,"West Virginia","Fayette County",3,41,543,286,257
050,54,019,"West Virginia","Fayette County",3,42,532,270,262
050,54,019,"West Virginia","Fayette County",3,43,534,269,265
050,54,019,"West Virginia","Fayette County",3,44,523,278,245
050,54,019,"West Virginia","Fayette County",3,45,495,262,233
050,54,019,"West Virginia","Fayette County",3,46,513,264,249
050,54,019,"West Virginia","Fayette County",3,47,518,268,250
050,54,019,"West Virginia","Fayette County",3,48,514,274,240
050,54,019,"West Virginia","Fayette County",3,49,557,305,252
050,54,019,"West Virginia","Fayette County",3,50,548,289,259
050,54,019,"West Virginia","Fayette County",3,51,512,273,239
050,54,019,"West Virginia","Fayette County",3,52,492,254,238
050,54,019,"West Virginia","Fayette County",3,53,485,254,231
050,54,019,"West Virginia","Fayette County",3,54,528,276,252
050,54,019,"West Virginia","Fayette County",3,55,542,296,246
050,54,019,"West Virginia","Fayette County",3,56,534,282,252
050,54,019,"West Virginia","Fayette County",3,57,546,276,270
050,54,019,"West Virginia","Fayette County",3,58,550,275,275
050,54,019,"West Virginia","Fayette County",3,59,545,271,274
050,54,019,"West Virginia","Fayette County",3,60,548,265,283
050,54,019,"West Virginia","Fayette County",3,61,562,277,285
050,54,019,"West Virginia","Fayette County",3,62,581,289,292
050,54,019,"West Virginia","Fayette County",3,63,596,284,312
050,54,019,"West Virginia","Fayette County",3,64,620,304,316
050,54,019,"West Virginia","Fayette County",3,65,631,308,323
050,54,019,"West Virginia","Fayette County",3,66,650,328,322
050,54,019,"West Virginia","Fayette County",3,67,624,305,319
050,54,019,"West Virginia","Fayette County",3,68,579,274,305
050,54,019,"West Virginia","Fayette County",3,69,560,273,287
050,54,019,"West Virginia","Fayette County",3,70,550,289,261
050,54,019,"West Virginia","Fayette County",3,71,508,251,257
050,54,019,"West Virginia","Fayette County",3,72,529,250,279
050,54,019,"West Virginia","Fayette County",3,73,482,240,242
050,54,019,"West Virginia","Fayette County",3,74,493,248,245
050,54,019,"West Virginia","Fayette County",3,75,341,155,186
050,54,019,"West Virginia","Fayette County",3,76,323,152,171
050,54,019,"West Virginia","Fayette County",3,77,289,129,160
050,54,019,"West Virginia","Fayette County",3,78,319,145,174
050,54,019,"West Virginia","Fayette County",3,79,266,122,144
050,54,019,"West Virginia","Fayette County",3,80,228,97,131
050,54,019,"West Virginia","Fayette County",3,81,202,77,125
050,54,019,"West Virginia","Fayette County",3,82,188,80,108
050,54,019,"West Virginia","Fayette County",3,83,189,87,102
050,54,019,"West Virginia","Fayette County",3,84,179,79,100
050,54,019,"West Virginia","Fayette County",3,85,914,288,626
050,54,019,"West Virginia","Fayette County",4,0,373,183,190
050,54,019,"West Virginia","Fayette County",4,1,352,177,175
050,54,019,"West Virginia","Fayette County",4,2,380,190,190
050,54,019,"West Virginia","Fayette County",4,3,365,189,176
050,54,019,"West Virginia","Fayette County",4,4,388,202,186
050,54,019,"West Virginia","Fayette County",4,5,401,214,187
050,54,019,"West Virginia","Fayette County",4,6,444,223,221
050,54,019,"West Virginia","Fayette County",4,7,438,218,220
050,54,019,"West Virginia","Fayette County",4,8,483,245,238
050,54,019,"West Virginia","Fayette County",4,9,505,254,251
050,54,019,"West Virginia","Fayette County",4,10,486,240,246
050,54,019,"West Virginia","Fayette County",4,11,488,245,243
050,54,019,"West Virginia","Fayette County",4,12,502,257,245
050,54,019,"West Virginia","Fayette County",4,13,480,241,239
050,54,019,"West Virginia","Fayette County",4,14,501,254,247
050,54,019,"West Virginia","Fayette County",4,15,527,289,238
050,54,019,"West Virginia","Fayette County",4,16,503,266,237
050,54,019,"West Virginia","Fayette County",4,17,505,255,250
050,54,019,"West Virginia","Fayette County",4,18,413,216,197
050,54,019,"West Virginia","Fayette County",4,19,308,169,139
050,54,019,"West Virginia","Fayette County",4,20,334,186,148
050,54,019,"West Virginia","Fayette County",4,21,367,191,176
050,54,019,"West Virginia","Fayette County",4,22,399,224,175
050,54,019,"West Virginia","Fayette County",4,23,405,241,164
050,54,019,"West Virginia","Fayette County",4,24,412,236,176
050,54,019,"West Virginia","Fayette County",4,25,415,218,197
050,54,019,"West Virginia","Fayette County",4,26,411,224,187
050,54,019,"West Virginia","Fayette County",4,27,416,233,183
050,54,019,"West Virginia","Fayette County",4,28,400,229,171
050,54,019,"West Virginia","Fayette County",4,29,476,270,206
050,54,019,"West Virginia","Fayette County",4,30,455,234,221
050,54,019,"West Virginia","Fayette County",4,31,482,240,242
050,54,019,"West Virginia","Fayette County",4,32,490,251,239
050,54,019,"West Virginia","Fayette County",4,33,430,240,190
050,54,019,"West Virginia","Fayette County",4,34,419,235,184
050,54,019,"West Virginia","Fayette County",4,35,416,223,193
050,54,019,"West Virginia","Fayette County",4,36,412,226,186
050,54,019,"West Virginia","Fayette County",4,37,408,203,205
050,54,019,"West Virginia","Fayette County",4,38,427,220,207
050,54,019,"West Virginia","Fayette County",4,39,467,247,220
050,54,019,"West Virginia","Fayette County",4,40,458,241,217
050,54,019,"West Virginia","Fayette County",4,41,481,252,229
050,54,019,"West Virginia","Fayette County",4,42,528,275,253
050,54,019,"West Virginia","Fayette County",4,43,534,272,262
050,54,019,"West Virginia","Fayette County",4,44,527,267,260
050,54,019,"West Virginia","Fayette County",4,45,522,278,244
050,54,019,"West Virginia","Fayette County",4,46,483,261,222
050,54,019,"West Virginia","Fayette County",4,47,520,270,250
050,54,019,"West Virginia","Fayette County",4,48,510,262,248
050,54,019,"West Virginia","Fayette County",4,49,508,266,242
050,54,019,"West Virginia","Fayette County",4,50,542,296,246
050,54,019,"West Virginia","Fayette County",4,51,557,296,261
050,54,019,"West Virginia","Fayette County",4,52,502,265,237
050,54,019,"West Virginia","Fayette County",4,53,484,250,234
050,54,019,"West Virginia","Fayette County",4,54,479,246,233
050,54,019,"West Virginia","Fayette County",4,55,524,277,247
050,54,019,"West Virginia","Fayette County",4,56,520,277,243
050,54,019,"West Virginia","Fayette County",4,57,537,282,255
050,54,019,"West Virginia","Fayette County",4,58,531,267,264
050,54,019,"West Virginia","Fayette County",4,59,518,256,262
050,54,019,"West Virginia","Fayette County",4,60,523,258,265
050,54,019,"West Virginia","Fayette County",4,61,531,258,273
050,54,019,"West Virginia","Fayette County",4,62,543,265,278
050,54,019,"West Virginia","Fayette County",4,63,556,269,287
050,54,019,"West Virginia","Fayette County",4,64,578,276,302
050,54,019,"West Virginia","Fayette County",4,65,586,285,301
050,54,019,"West Virginia","Fayette County",4,66,623,308,315
050,54,019,"West Virginia","Fayette County",4,67,637,318,319
050,54,019,"West Virginia","Fayette County",4,68,611,295,316
050,54,019,"West Virginia","Fayette County",4,69,557,258,299
050,54,019,"West Virginia","Fayette County",4,70,541,265,276
050,54,019,"West Virginia","Fayette County",4,71,530,275,255
050,54,019,"West Virginia","Fayette County",4,72,487,240,247
050,54,019,"West Virginia","Fayette County",4,73,500,233,267
050,54,019,"West Virginia","Fayette County",4,74,460,225,235
050,54,019,"West Virginia","Fayette County",4,75,485,239,246
050,54,019,"West Virginia","Fayette County",4,76,319,145,174
050,54,019,"West Virginia","Fayette County",4,77,296,137,159
050,54,019,"West Virginia","Fayette County",4,78,274,120,154
050,54,019,"West Virginia","Fayette County",4,79,301,134,167
050,54,019,"West Virginia","Fayette County",4,80,241,106,135
050,54,019,"West Virginia","Fayette County",4,81,218,87,131
050,54,019,"West Virginia","Fayette County",4,82,193,70,123
050,54,019,"West Virginia","Fayette County",4,83,181,74,107
050,54,019,"West Virginia","Fayette County",4,84,166,75,91
050,54,019,"West Virginia","Fayette County",4,85,903,294,609
050,54,019,"West Virginia","Fayette County",5,0,374,183,191
050,54,019,"West Virginia","Fayette County",5,1,393,180,213
050,54,019,"West Virginia","Fayette County",5,2,348,171,177
050,54,019,"West Virginia","Fayette County",5,3,394,200,194
050,54,019,"West Virginia","Fayette County",5,4,367,192,175
050,54,019,"West Virginia","Fayette County",5,5,391,200,191
050,54,019,"West Virginia","Fayette County",5,6,398,210,188
050,54,019,"West Virginia","Fayette County",5,7,450,231,219
050,54,019,"West Virginia","Fayette County",5,8,445,222,223
050,54,019,"West Virginia","Fayette County",5,9,472,244,228
050,54,019,"West Virginia","Fayette County",5,10,504,256,248
050,54,019,"West Virginia","Fayette County",5,11,477,230,247
050,54,019,"West Virginia","Fayette County",5,12,488,240,248
050,54,019,"West Virginia","Fayette County",5,13,491,249,242
050,54,019,"West Virginia","Fayette County",5,14,490,249,241
050,54,019,"West Virginia","Fayette County",5,15,502,259,243
050,54,019,"West Virginia","Fayette County",5,16,531,289,242
050,54,019,"West Virginia","Fayette County",5,17,501,263,238
050,54,019,"West Virginia","Fayette County",5,18,408,214,194
050,54,019,"West Virginia","Fayette County",5,19,316,163,153
050,54,019,"West Virginia","Fayette County",5,20,327,176,151
050,54,019,"West Virginia","Fayette County",5,21,346,190,156
050,54,019,"West Virginia","Fayette County",5,22,407,213,194
050,54,019,"West Virginia","Fayette County",5,23,419,237,182
050,54,019,"West Virginia","Fayette County",5,24,437,251,186
050,54,019,"West Virginia","Fayette County",5,25,407,229,178
050,54,019,"West Virginia","Fayette County",5,26,430,230,200
050,54,019,"West Virginia","Fayette County",5,27,423,231,192
050,54,019,"West Virginia","Fayette County",5,28,405,220,185
050,54,019,"West Virginia","Fayette County",5,29,413,243,170
050,54,019,"West Virginia","Fayette County",5,30,470,263,207
050,54,019,"West Virginia","Fayette County",5,31,458,236,222
050,54,019,"West Virginia","Fayette County",5,32,484,243,241
050,54,019,"West Virginia","Fayette County",5,33,479,247,232
050,54,019,"West Virginia","Fayette County",5,34,447,250,197
050,54,019,"West Virginia","Fayette County",5,35,407,223,184
050,54,019,"West Virginia","Fayette County",5,36,414,223,191
050,54,019,"West Virginia","Fayette County",5,37,412,220,192
050,54,019,"West Virginia","Fayette County",5,38,424,224,200
050,54,019,"West Virginia","Fayette County",5,39,415,212,203
050,54,019,"West Virginia","Fayette County",5,40,474,252,222
050,54,019,"West Virginia","Fayette County",5,41,452,238,214
050,54,019,"West Virginia","Fayette County",5,42,452,232,220
050,54,019,"West Virginia","Fayette County",5,43,528,280,248
050,54,019,"West Virginia","Fayette County",5,44,533,268,265
050,54,019,"West Virginia","Fayette County",5,45,528,269,259
050,54,019,"West Virginia","Fayette County",5,46,517,279,238
050,54,019,"West Virginia","Fayette County",5,47,484,261,223
050,54,019,"West Virginia","Fayette County",5,48,516,269,247
050,54,019,"West Virginia","Fayette County",5,49,507,264,243
050,54,019,"West Virginia","Fayette County",5,50,503,255,248
050,54,019,"West Virginia","Fayette County",5,51,542,306,236
050,54,019,"West Virginia","Fayette County",5,52,558,286,272
050,54,019,"West Virginia","Fayette County",5,53,491,260,231
050,54,019,"West Virginia","Fayette County",5,54,477,243,234
050,54,019,"West Virginia","Fayette County",5,55,476,254,222
050,54,019,"West Virginia","Fayette County",5,56,514,264,250
050,54,019,"West Virginia","Fayette County",5,57,525,283,242
050,54,019,"West Virginia","Fayette County",5,58,533,283,250
050,54,019,"West Virginia","Fayette County",5,59,517,256,261
050,54,019,"West Virginia","Fayette County",5,60,503,247,256
050,54,019,"West Virginia","Fayette County",5,61,516,254,262
050,54,019,"West Virginia","Fayette County",5,62,516,247,269
050,54,019,"West Virginia","Fayette County",5,63,532,259,273
050,54,019,"West Virginia","Fayette County",5,64,542,262,280
050,54,019,"West Virginia","Fayette County",5,65,550,258,292
050,54,019,"West Virginia","Fayette County",5,66,582,291,291
050,54,019,"West Virginia","Fayette County",5,67,610,294,316
050,54,019,"West Virginia","Fayette County",5,68,619,304,315
050,54,019,"West Virginia","Fayette County",5,69,592,280,312
050,54,019,"West Virginia","Fayette County",5,70,554,257,297
050,54,019,"West Virginia","Fayette County",5,71,516,254,262
050,54,019,"West Virginia","Fayette County",5,72,511,264,247
050,54,019,"West Virginia","Fayette County",5,73,460,224,236
050,54,019,"West Virginia","Fayette County",5,74,482,220,262
050,54,019,"West Virginia","Fayette County",5,75,448,217,231
050,54,019,"West Virginia","Fayette County",5,76,464,232,232
050,54,019,"West Virginia","Fayette County",5,77,292,132,160
050,54,019,"West Virginia","Fayette County",5,78,284,129,155
050,54,019,"West Virginia","Fayette County",5,79,258,112,146
050,54,019,"West Virginia","Fayette County",5,80,269,115,154
050,54,019,"West Virginia","Fayette County",5,81,228,99,129
050,54,019,"West Virginia","Fayette County",5,82,201,77,124
050,54,019,"West Virginia","Fayette County",5,83,193,70,123
050,54,019,"West Virginia","Fayette County",5,84,156,60,96
050,54,019,"West Virginia","Fayette County",5,85,903,312,591
050,54,021,"West Virginia","Gilmer County",1,0,59,31,28
050,54,021,"West Virginia","Gilmer County",1,1,61,33,28
050,54,021,"West Virginia","Gilmer County",1,2,54,26,28
050,54,021,"West Virginia","Gilmer County",1,3,59,34,25
050,54,021,"West Virginia","Gilmer County",1,4,50,31,19
050,54,021,"West Virginia","Gilmer County",1,5,53,33,20
050,54,021,"West Virginia","Gilmer County",1,6,58,31,27
050,54,021,"West Virginia","Gilmer County",1,7,55,26,29
050,54,021,"West Virginia","Gilmer County",1,8,66,30,36
050,54,021,"West Virginia","Gilmer County",1,9,73,39,34
050,54,021,"West Virginia","Gilmer County",1,10,71,37,34
050,54,021,"West Virginia","Gilmer County",1,11,60,31,29
050,54,021,"West Virginia","Gilmer County",1,12,64,39,25
050,54,021,"West Virginia","Gilmer County",1,13,71,40,31
050,54,021,"West Virginia","Gilmer County",1,14,75,37,38
050,54,021,"West Virginia","Gilmer County",1,15,58,34,24
050,54,021,"West Virginia","Gilmer County",1,16,60,38,22
050,54,021,"West Virginia","Gilmer County",1,17,52,28,24
050,54,021,"West Virginia","Gilmer County",1,18,79,42,37
050,54,021,"West Virginia","Gilmer County",1,19,108,57,51
050,54,021,"West Virginia","Gilmer County",1,20,138,80,58
050,54,021,"West Virginia","Gilmer County",1,21,176,114,62
050,54,021,"West Virginia","Gilmer County",1,22,153,90,63
050,54,021,"West Virginia","Gilmer County",1,23,127,68,59
050,54,021,"West Virginia","Gilmer County",1,24,95,66,29
050,54,021,"West Virginia","Gilmer County",1,25,112,86,26
050,54,021,"West Virginia","Gilmer County",1,26,82,56,26
050,54,021,"West Virginia","Gilmer County",1,27,96,77,19
050,54,021,"West Virginia","Gilmer County",1,28,100,70,30
050,54,021,"West Virginia","Gilmer County",1,29,116,85,31
050,54,021,"West Virginia","Gilmer County",1,30,111,86,25
050,54,021,"West Virginia","Gilmer County",1,31,109,82,27
050,54,021,"West Virginia","Gilmer County",1,32,117,90,27
050,54,021,"West Virginia","Gilmer County",1,33,131,103,28
050,54,021,"West Virginia","Gilmer County",1,34,125,104,21
050,54,021,"West Virginia","Gilmer County",1,35,119,89,30
050,54,021,"West Virginia","Gilmer County",1,36,134,100,34
050,54,021,"West Virginia","Gilmer County",1,37,133,100,33
050,54,021,"West Virginia","Gilmer County",1,38,100,77,23
050,54,021,"West Virginia","Gilmer County",1,39,118,77,41
050,54,021,"West Virginia","Gilmer County",1,40,104,72,32
050,54,021,"West Virginia","Gilmer County",1,41,92,60,32
050,54,021,"West Virginia","Gilmer County",1,42,93,68,25
050,54,021,"West Virginia","Gilmer County",1,43,104,69,35
050,54,021,"West Virginia","Gilmer County",1,44,108,66,42
050,54,021,"West Virginia","Gilmer County",1,45,87,54,33
050,54,021,"West Virginia","Gilmer County",1,46,86,57,29
050,54,021,"West Virginia","Gilmer County",1,47,115,85,30
050,54,021,"West Virginia","Gilmer County",1,48,119,82,37
050,54,021,"West Virginia","Gilmer County",1,49,106,75,31
050,54,021,"West Virginia","Gilmer County",1,50,88,59,29
050,54,021,"West Virginia","Gilmer County",1,51,91,63,28
050,54,021,"West Virginia","Gilmer County",1,52,84,57,27
050,54,021,"West Virginia","Gilmer County",1,53,93,56,37
050,54,021,"West Virginia","Gilmer County",1,54,104,56,48
050,54,021,"West Virginia","Gilmer County",1,55,118,68,50
050,54,021,"West Virginia","Gilmer County",1,56,104,58,46
050,54,021,"West Virginia","Gilmer County",1,57,103,61,42
050,54,021,"West Virginia","Gilmer County",1,58,87,48,39
050,54,021,"West Virginia","Gilmer County",1,59,92,51,41
050,54,021,"West Virginia","Gilmer County",1,60,88,47,41
050,54,021,"West Virginia","Gilmer County",1,61,76,39,37
050,54,021,"West Virginia","Gilmer County",1,62,89,42,47
050,54,021,"West Virginia","Gilmer County",1,63,87,43,44
050,54,021,"West Virginia","Gilmer County",1,64,93,43,50
050,54,021,"West Virginia","Gilmer County",1,65,92,50,42
050,54,021,"West Virginia","Gilmer County",1,66,66,38,28
050,54,021,"West Virginia","Gilmer County",1,67,81,46,35
050,54,021,"West Virginia","Gilmer County",1,68,83,44,39
050,54,021,"West Virginia","Gilmer County",1,69,78,36,42
050,54,021,"West Virginia","Gilmer County",1,70,77,40,37
050,54,021,"West Virginia","Gilmer County",1,71,73,40,33
050,54,021,"West Virginia","Gilmer County",1,72,72,36,36
050,54,021,"West Virginia","Gilmer County",1,73,75,37,38
050,54,021,"West Virginia","Gilmer County",1,74,49,26,23
050,54,021,"West Virginia","Gilmer County",1,75,49,20,29
050,54,021,"West Virginia","Gilmer County",1,76,41,18,23
050,54,021,"West Virginia","Gilmer County",1,77,56,27,29
050,54,021,"West Virginia","Gilmer County",1,78,48,24,24
050,54,021,"West Virginia","Gilmer County",1,79,38,17,21
050,54,021,"West Virginia","Gilmer County",1,80,29,15,14
050,54,021,"West Virginia","Gilmer County",1,81,31,15,16
050,54,021,"West Virginia","Gilmer County",1,82,41,22,19
050,54,021,"West Virginia","Gilmer County",1,83,39,18,21
050,54,021,"West Virginia","Gilmer County",1,84,21,9,12
050,54,021,"West Virginia","Gilmer County",1,85,187,64,123
050,54,021,"West Virginia","Gilmer County",2,0,58,29,29
050,54,021,"West Virginia","Gilmer County",2,1,60,33,27
050,54,021,"West Virginia","Gilmer County",2,2,55,27,28
050,54,021,"West Virginia","Gilmer County",2,3,57,32,25
050,54,021,"West Virginia","Gilmer County",2,4,53,32,21
050,54,021,"West Virginia","Gilmer County",2,5,53,32,21
050,54,021,"West Virginia","Gilmer County",2,6,56,30,26
050,54,021,"West Virginia","Gilmer County",2,7,55,27,28
050,54,021,"West Virginia","Gilmer County",2,8,63,29,34
050,54,021,"West Virginia","Gilmer County",2,9,71,37,34
050,54,021,"West Virginia","Gilmer County",2,10,71,38,33
050,54,021,"West Virginia","Gilmer County",2,11,63,33,30
050,54,021,"West Virginia","Gilmer County",2,12,63,38,25
050,54,021,"West Virginia","Gilmer County",2,13,71,41,30
050,54,021,"West Virginia","Gilmer County",2,14,73,37,36
050,54,021,"West Virginia","Gilmer County",2,15,62,34,28
050,54,021,"West Virginia","Gilmer County",2,16,60,37,23
050,54,021,"West Virginia","Gilmer County",2,17,54,30,24
050,54,021,"West Virginia","Gilmer County",2,18,77,41,36
050,54,021,"West Virginia","Gilmer County",2,19,107,56,51
050,54,021,"West Virginia","Gilmer County",2,20,141,82,59
050,54,021,"West Virginia","Gilmer County",2,21,178,114,64
050,54,021,"West Virginia","Gilmer County",2,22,153,91,62
050,54,021,"West Virginia","Gilmer County",2,23,127,68,59
050,54,021,"West Virginia","Gilmer County",2,24,98,66,32
050,54,021,"West Virginia","Gilmer County",2,25,110,85,25
050,54,021,"West Virginia","Gilmer County",2,26,84,59,25
050,54,021,"West Virginia","Gilmer County",2,27,95,75,20
050,54,021,"West Virginia","Gilmer County",2,28,98,70,28
050,54,021,"West Virginia","Gilmer County",2,29,111,81,30
050,54,021,"West Virginia","Gilmer County",2,30,113,87,26
050,54,021,"West Virginia","Gilmer County",2,31,111,84,27
050,54,021,"West Virginia","Gilmer County",2,32,117,90,27
050,54,021,"West Virginia","Gilmer County",2,33,130,102,28
050,54,021,"West Virginia","Gilmer County",2,34,126,103,23
050,54,021,"West Virginia","Gilmer County",2,35,118,89,29
050,54,021,"West Virginia","Gilmer County",2,36,131,98,33
050,54,021,"West Virginia","Gilmer County",2,37,131,98,33
050,54,021,"West Virginia","Gilmer County",2,38,101,76,25
050,54,021,"West Virginia","Gilmer County",2,39,112,76,36
050,54,021,"West Virginia","Gilmer County",2,40,107,72,35
050,54,021,"West Virginia","Gilmer County",2,41,92,60,32
050,54,021,"West Virginia","Gilmer County",2,42,93,67,26
050,54,021,"West Virginia","Gilmer County",2,43,101,68,33
050,54,021,"West Virginia","Gilmer County",2,44,106,67,39
050,54,021,"West Virginia","Gilmer County",2,45,91,57,34
050,54,021,"West Virginia","Gilmer County",2,46,85,55,30
050,54,021,"West Virginia","Gilmer County",2,47,110,80,30
050,54,021,"West Virginia","Gilmer County",2,48,116,80,36
050,54,021,"West Virginia","Gilmer County",2,49,107,75,32
050,54,021,"West Virginia","Gilmer County",2,50,92,62,30
050,54,021,"West Virginia","Gilmer County",2,51,89,62,27
050,54,021,"West Virginia","Gilmer County",2,52,84,57,27
050,54,021,"West Virginia","Gilmer County",2,53,89,55,34
050,54,021,"West Virginia","Gilmer County",2,54,100,54,46
050,54,021,"West Virginia","Gilmer County",2,55,117,67,50
050,54,021,"West Virginia","Gilmer County",2,56,105,59,46
050,54,021,"West Virginia","Gilmer County",2,57,105,61,44
050,54,021,"West Virginia","Gilmer County",2,58,88,49,39
050,54,021,"West Virginia","Gilmer County",2,59,93,52,41
050,54,021,"West Virginia","Gilmer County",2,60,88,48,40
050,54,021,"West Virginia","Gilmer County",2,61,78,40,38
050,54,021,"West Virginia","Gilmer County",2,62,86,42,44
050,54,021,"West Virginia","Gilmer County",2,63,89,44,45
050,54,021,"West Virginia","Gilmer County",2,64,90,42,48
050,54,021,"West Virginia","Gilmer County",2,65,93,49,44
050,54,021,"West Virginia","Gilmer County",2,66,72,41,31
050,54,021,"West Virginia","Gilmer County",2,67,76,44,32
050,54,021,"West Virginia","Gilmer County",2,68,83,45,38
050,54,021,"West Virginia","Gilmer County",2,69,80,38,42
050,54,021,"West Virginia","Gilmer County",2,70,77,39,38
050,54,021,"West Virginia","Gilmer County",2,71,73,39,34
050,54,021,"West Virginia","Gilmer County",2,72,71,37,34
050,54,021,"West Virginia","Gilmer County",2,73,77,38,39
050,54,021,"West Virginia","Gilmer County",2,74,51,26,25
050,54,021,"West Virginia","Gilmer County",2,75,50,22,28
050,54,021,"West Virginia","Gilmer County",2,76,42,18,24
050,54,021,"West Virginia","Gilmer County",2,77,54,26,28
050,54,021,"West Virginia","Gilmer County",2,78,48,24,24
050,54,021,"West Virginia","Gilmer County",2,79,39,18,21
050,54,021,"West Virginia","Gilmer County",2,80,30,15,15
050,54,021,"West Virginia","Gilmer County",2,81,29,14,15
050,54,021,"West Virginia","Gilmer County",2,82,38,19,19
050,54,021,"West Virginia","Gilmer County",2,83,37,18,19
050,54,021,"West Virginia","Gilmer County",2,84,23,10,13
050,54,021,"West Virginia","Gilmer County",2,85,185,63,122
050,54,021,"West Virginia","Gilmer County",3,0,52,26,26
050,54,021,"West Virginia","Gilmer County",3,1,65,33,32
050,54,021,"West Virginia","Gilmer County",3,2,61,35,26
050,54,021,"West Virginia","Gilmer County",3,3,53,27,26
050,54,021,"West Virginia","Gilmer County",3,4,58,29,29
050,54,021,"West Virginia","Gilmer County",3,5,55,34,21
050,54,021,"West Virginia","Gilmer County",3,6,59,35,24
050,54,021,"West Virginia","Gilmer County",3,7,61,30,31
050,54,021,"West Virginia","Gilmer County",3,8,57,28,29
050,54,021,"West Virginia","Gilmer County",3,9,67,28,39
050,54,021,"West Virginia","Gilmer County",3,10,71,37,34
050,54,021,"West Virginia","Gilmer County",3,11,72,37,35
050,54,021,"West Virginia","Gilmer County",3,12,64,30,34
050,54,021,"West Virginia","Gilmer County",3,13,61,36,25
050,54,021,"West Virginia","Gilmer County",3,14,66,34,32
050,54,021,"West Virginia","Gilmer County",3,15,72,38,34
050,54,021,"West Virginia","Gilmer County",3,16,60,32,28
050,54,021,"West Virginia","Gilmer County",3,17,61,38,23
050,54,021,"West Virginia","Gilmer County",3,18,73,40,33
050,54,021,"West Virginia","Gilmer County",3,19,104,56,48
050,54,021,"West Virginia","Gilmer County",3,20,148,84,64
050,54,021,"West Virginia","Gilmer County",3,21,174,113,61
050,54,021,"West Virginia","Gilmer County",3,22,152,100,52
050,54,021,"West Virginia","Gilmer County",3,23,139,74,65
050,54,021,"West Virginia","Gilmer County",3,24,114,72,42
050,54,021,"West Virginia","Gilmer County",3,25,108,79,29
050,54,021,"West Virginia","Gilmer County",3,26,87,67,20
050,54,021,"West Virginia","Gilmer County",3,27,105,79,26
050,54,021,"West Virginia","Gilmer County",3,28,88,67,21
050,54,021,"West Virginia","Gilmer County",3,29,101,71,30
050,54,021,"West Virginia","Gilmer County",3,30,118,90,28
050,54,021,"West Virginia","Gilmer County",3,31,117,87,30
050,54,021,"West Virginia","Gilmer County",3,32,122,92,30
050,54,021,"West Virginia","Gilmer County",3,33,124,96,28
050,54,021,"West Virginia","Gilmer County",3,34,126,103,23
050,54,021,"West Virginia","Gilmer County",3,35,114,89,25
050,54,021,"West Virginia","Gilmer County",3,36,128,99,29
050,54,021,"West Virginia","Gilmer County",3,37,132,99,33
050,54,021,"West Virginia","Gilmer County",3,38,110,79,31
050,54,021,"West Virginia","Gilmer County",3,39,98,74,24
050,54,021,"West Virginia","Gilmer County",3,40,107,71,36
050,54,021,"West Virginia","Gilmer County",3,41,96,62,34
050,54,021,"West Virginia","Gilmer County",3,42,98,67,31
050,54,021,"West Virginia","Gilmer County",3,43,85,60,25
050,54,021,"West Virginia","Gilmer County",3,44,104,73,31
050,54,021,"West Virginia","Gilmer County",3,45,100,65,35
050,54,021,"West Virginia","Gilmer County",3,46,88,53,35
050,54,021,"West Virginia","Gilmer County",3,47,95,65,30
050,54,021,"West Virginia","Gilmer County",3,48,103,72,31
050,54,021,"West Virginia","Gilmer County",3,49,114,80,34
050,54,021,"West Virginia","Gilmer County",3,50,105,71,34
050,54,021,"West Virginia","Gilmer County",3,51,93,64,29
050,54,021,"West Virginia","Gilmer County",3,52,91,64,27
050,54,021,"West Virginia","Gilmer County",3,53,84,56,28
050,54,021,"West Virginia","Gilmer County",3,54,80,46,34
050,54,021,"West Virginia","Gilmer County",3,55,108,62,46
050,54,021,"West Virginia","Gilmer County",3,56,103,58,45
050,54,021,"West Virginia","Gilmer County",3,57,106,59,47
050,54,021,"West Virginia","Gilmer County",3,58,96,52,44
050,54,021,"West Virginia","Gilmer County",3,59,91,54,37
050,54,021,"West Virginia","Gilmer County",3,60,88,49,39
050,54,021,"West Virginia","Gilmer County",3,61,77,42,35
050,54,021,"West Virginia","Gilmer County",3,62,75,40,35
050,54,021,"West Virginia","Gilmer County",3,63,88,45,43
050,54,021,"West Virginia","Gilmer County",3,64,77,34,43
050,54,021,"West Virginia","Gilmer County",3,65,87,41,46
050,54,021,"West Virginia","Gilmer County",3,66,88,45,43
050,54,021,"West Virginia","Gilmer County",3,67,68,38,30
050,54,021,"West Virginia","Gilmer County",3,68,77,44,33
050,54,021,"West Virginia","Gilmer County",3,69,79,44,35
050,54,021,"West Virginia","Gilmer County",3,70,75,35,40
050,54,021,"West Virginia","Gilmer County",3,71,74,40,34
050,54,021,"West Virginia","Gilmer County",3,72,72,39,33
050,54,021,"West Virginia","Gilmer County",3,73,71,34,37
050,54,021,"West Virginia","Gilmer County",3,74,69,32,37
050,54,021,"West Virginia","Gilmer County",3,75,51,26,25
050,54,021,"West Virginia","Gilmer County",3,76,46,21,25
050,54,021,"West Virginia","Gilmer County",3,77,45,21,24
050,54,021,"West Virginia","Gilmer County",3,78,48,23,25
050,54,021,"West Virginia","Gilmer County",3,79,47,23,24
050,54,021,"West Virginia","Gilmer County",3,80,34,16,18
050,54,021,"West Virginia","Gilmer County",3,81,29,15,14
050,54,021,"West Virginia","Gilmer County",3,82,30,13,17
050,54,021,"West Virginia","Gilmer County",3,83,36,18,18
050,54,021,"West Virginia","Gilmer County",3,84,31,17,14
050,54,021,"West Virginia","Gilmer County",3,85,186,66,120
050,54,021,"West Virginia","Gilmer County",4,0,49,24,25
050,54,021,"West Virginia","Gilmer County",4,1,58,26,32
050,54,021,"West Virginia","Gilmer County",4,2,61,30,31
050,54,021,"West Virginia","Gilmer County",4,3,63,35,28
050,54,021,"West Virginia","Gilmer County",4,4,53,23,30
050,54,021,"West Virginia","Gilmer County",4,5,57,27,30
050,54,021,"West Virginia","Gilmer County",4,6,54,34,20
050,54,021,"West Virginia","Gilmer County",4,7,56,32,24
050,54,021,"West Virginia","Gilmer County",4,8,65,32,33
050,54,021,"West Virginia","Gilmer County",4,9,59,30,29
050,54,021,"West Virginia","Gilmer County",4,10,65,28,37
050,54,021,"West Virginia","Gilmer County",4,11,69,38,31
050,54,021,"West Virginia","Gilmer County",4,12,72,37,35
050,54,021,"West Virginia","Gilmer County",4,13,62,28,34
050,54,021,"West Virginia","Gilmer County",4,14,68,40,28
050,54,021,"West Virginia","Gilmer County",4,15,67,33,34
050,54,021,"West Virginia","Gilmer County",4,16,75,41,34
050,54,021,"West Virginia","Gilmer County",4,17,62,34,28
050,54,021,"West Virginia","Gilmer County",4,18,81,49,32
050,54,021,"West Virginia","Gilmer County",4,19,98,50,48
050,54,021,"West Virginia","Gilmer County",4,20,135,77,58
050,54,021,"West Virginia","Gilmer County",4,21,175,114,61
050,54,021,"West Virginia","Gilmer County",4,22,142,90,52
050,54,021,"West Virginia","Gilmer County",4,23,132,76,56
050,54,021,"West Virginia","Gilmer County",4,24,107,67,40
050,54,021,"West Virginia","Gilmer County",4,25,115,87,28
050,54,021,"West Virginia","Gilmer County",4,26,79,57,22
050,54,021,"West Virginia","Gilmer County",4,27,101,82,19
050,54,021,"West Virginia","Gilmer County",4,28,90,66,24
050,54,021,"West Virginia","Gilmer County",4,29,93,70,23
050,54,021,"West Virginia","Gilmer County",4,30,109,81,28
050,54,021,"West Virginia","Gilmer County",4,31,122,95,27
050,54,021,"West Virginia","Gilmer County",4,32,119,92,27
050,54,021,"West Virginia","Gilmer County",4,33,132,99,33
050,54,021,"West Virginia","Gilmer County",4,34,127,99,28
050,54,021,"West Virginia","Gilmer County",4,35,112,88,24
050,54,021,"West Virginia","Gilmer County",4,36,122,96,26
050,54,021,"West Virginia","Gilmer County",4,37,128,96,32
050,54,021,"West Virginia","Gilmer County",4,38,107,75,32
050,54,021,"West Virginia","Gilmer County",4,39,111,79,32
050,54,021,"West Virginia","Gilmer County",4,40,99,73,26
050,54,021,"West Virginia","Gilmer County",4,41,99,63,36
050,54,021,"West Virginia","Gilmer County",4,42,104,73,31
050,54,021,"West Virginia","Gilmer County",4,43,93,62,31
050,54,021,"West Virginia","Gilmer County",4,44,92,65,27
050,54,021,"West Virginia","Gilmer County",4,45,103,70,33
050,54,021,"West Virginia","Gilmer County",4,46,100,66,34
050,54,021,"West Virginia","Gilmer County",4,47,101,67,34
050,54,021,"West Virginia","Gilmer County",4,48,82,51,31
050,54,021,"West Virginia","Gilmer County",4,49,107,73,34
050,54,021,"West Virginia","Gilmer County",4,50,108,77,31
050,54,021,"West Virginia","Gilmer County",4,51,100,68,32
050,54,021,"West Virginia","Gilmer County",4,52,91,61,30
050,54,021,"West Virginia","Gilmer County",4,53,89,60,29
050,54,021,"West Virginia","Gilmer County",4,54,73,46,27
050,54,021,"West Virginia","Gilmer County",4,55,88,52,36
050,54,021,"West Virginia","Gilmer County",4,56,100,54,46
050,54,021,"West Virginia","Gilmer County",4,57,105,59,46
050,54,021,"West Virginia","Gilmer County",4,58,94,51,43
050,54,021,"West Virginia","Gilmer County",4,59,98,54,44
050,54,021,"West Virginia","Gilmer County",4,60,87,52,35
050,54,021,"West Virginia","Gilmer County",4,61,85,45,40
050,54,021,"West Virginia","Gilmer County",4,62,75,41,34
050,54,021,"West Virginia","Gilmer County",4,63,70,39,31
050,54,021,"West Virginia","Gilmer County",4,64,81,41,40
050,54,021,"West Virginia","Gilmer County",4,65,77,33,44
050,54,021,"West Virginia","Gilmer County",4,66,87,38,49
050,54,021,"West Virginia","Gilmer County",4,67,89,44,45
050,54,021,"West Virginia","Gilmer County",4,68,67,37,30
050,54,021,"West Virginia","Gilmer County",4,69,73,42,31
050,54,021,"West Virginia","Gilmer County",4,70,75,43,32
050,54,021,"West Virginia","Gilmer County",4,71,73,33,40
050,54,021,"West Virginia","Gilmer County",4,72,70,37,33
050,54,021,"West Virginia","Gilmer County",4,73,74,37,37
050,54,021,"West Virginia","Gilmer County",4,74,64,32,32
050,54,021,"West Virginia","Gilmer County",4,75,68,31,37
050,54,021,"West Virginia","Gilmer County",4,76,48,25,23
050,54,021,"West Virginia","Gilmer County",4,77,48,24,24
050,54,021,"West Virginia","Gilmer County",4,78,42,19,23
050,54,021,"West Virginia","Gilmer County",4,79,43,23,20
050,54,021,"West Virginia","Gilmer County",4,80,43,22,21
050,54,021,"West Virginia","Gilmer County",4,81,33,15,18
050,54,021,"West Virginia","Gilmer County",4,82,33,17,16
050,54,021,"West Virginia","Gilmer County",4,83,27,12,15
050,54,021,"West Virginia","Gilmer County",4,84,30,17,13
050,54,021,"West Virginia","Gilmer County",4,85,190,71,119
050,54,021,"West Virginia","Gilmer County",5,0,49,24,25
050,54,021,"West Virginia","Gilmer County",5,1,53,26,27
050,54,021,"West Virginia","Gilmer County",5,2,63,24,39
050,54,021,"West Virginia","Gilmer County",5,3,61,34,27
050,54,021,"West Virginia","Gilmer County",5,4,66,34,32
050,54,021,"West Virginia","Gilmer County",5,5,57,25,32
050,54,021,"West Virginia","Gilmer County",5,6,56,29,27
050,54,021,"West Virginia","Gilmer County",5,7,53,33,20
050,54,021,"West Virginia","Gilmer County",5,8,60,33,27
050,54,021,"West Virginia","Gilmer County",5,9,59,27,32
050,54,021,"West Virginia","Gilmer County",5,10,55,26,29
050,54,021,"West Virginia","Gilmer County",5,11,68,30,38
050,54,021,"West Virginia","Gilmer County",5,12,68,38,30
050,54,021,"West Virginia","Gilmer County",5,13,71,35,36
050,54,021,"West Virginia","Gilmer County",5,14,63,29,34
050,54,021,"West Virginia","Gilmer County",5,15,66,39,27
050,54,021,"West Virginia","Gilmer County",5,16,62,31,31
050,54,021,"West Virginia","Gilmer County",5,17,77,43,34
050,54,021,"West Virginia","Gilmer County",5,18,73,39,34
050,54,021,"West Virginia","Gilmer County",5,19,105,58,47
050,54,021,"West Virginia","Gilmer County",5,20,136,78,58
050,54,021,"West Virginia","Gilmer County",5,21,162,106,56
050,54,021,"West Virginia","Gilmer County",5,22,146,99,47
050,54,021,"West Virginia","Gilmer County",5,23,127,72,55
050,54,021,"West Virginia","Gilmer County",5,24,115,76,39
050,54,021,"West Virginia","Gilmer County",5,25,117,81,36
050,54,021,"West Virginia","Gilmer County",5,26,92,64,28
050,54,021,"West Virginia","Gilmer County",5,27,96,75,21
050,54,021,"West Virginia","Gilmer County",5,28,96,73,23
050,54,021,"West Virginia","Gilmer County",5,29,97,74,23
050,54,021,"West Virginia","Gilmer County",5,30,103,78,25
050,54,021,"West Virginia","Gilmer County",5,31,105,80,25
050,54,021,"West Virginia","Gilmer County",5,32,126,98,28
050,54,021,"West Virginia","Gilmer County",5,33,131,106,25
050,54,021,"West Virginia","Gilmer County",5,34,140,105,35
050,54,021,"West Virginia","Gilmer County",5,35,117,87,30
050,54,021,"West Virginia","Gilmer County",5,36,118,92,26
050,54,021,"West Virginia","Gilmer County",5,37,118,92,26
050,54,021,"West Virginia","Gilmer County",5,38,103,77,26
050,54,021,"West Virginia","Gilmer County",5,39,106,71,35
050,54,021,"West Virginia","Gilmer County",5,40,107,78,29
050,54,021,"West Virginia","Gilmer County",5,41,85,61,24
050,54,021,"West Virginia","Gilmer County",5,42,107,71,36
050,54,021,"West Virginia","Gilmer County",5,43,93,65,28
050,54,021,"West Virginia","Gilmer County",5,44,97,69,28
050,54,021,"West Virginia","Gilmer County",5,45,85,59,26
050,54,021,"West Virginia","Gilmer County",5,46,99,66,33
050,54,021,"West Virginia","Gilmer County",5,47,112,78,34
050,54,021,"West Virginia","Gilmer County",5,48,86,52,34
050,54,021,"West Virginia","Gilmer County",5,49,79,51,28
050,54,021,"West Virginia","Gilmer County",5,50,96,63,33
050,54,021,"West Virginia","Gilmer County",5,51,103,73,30
050,54,021,"West Virginia","Gilmer County",5,52,99,66,33
050,54,021,"West Virginia","Gilmer County",5,53,87,56,31
050,54,021,"West Virginia","Gilmer County",5,54,80,53,27
050,54,021,"West Virginia","Gilmer County",5,55,80,54,26
050,54,021,"West Virginia","Gilmer County",5,56,80,45,35
050,54,021,"West Virginia","Gilmer County",5,57,104,57,47
050,54,021,"West Virginia","Gilmer County",5,58,94,51,43
050,54,021,"West Virginia","Gilmer County",5,59,97,55,42
050,54,021,"West Virginia","Gilmer County",5,60,92,51,41
050,54,021,"West Virginia","Gilmer County",5,61,80,47,33
050,54,021,"West Virginia","Gilmer County",5,62,88,47,41
050,54,021,"West Virginia","Gilmer County",5,63,74,41,33
050,54,021,"West Virginia","Gilmer County",5,64,66,35,31
050,54,021,"West Virginia","Gilmer County",5,65,82,40,42
050,54,021,"West Virginia","Gilmer County",5,66,71,28,43
050,54,021,"West Virginia","Gilmer County",5,67,87,39,48
050,54,021,"West Virginia","Gilmer County",5,68,87,41,46
050,54,021,"West Virginia","Gilmer County",5,69,62,36,26
050,54,021,"West Virginia","Gilmer County",5,70,71,41,30
050,54,021,"West Virginia","Gilmer County",5,71,74,40,34
050,54,021,"West Virginia","Gilmer County",5,72,67,30,37
050,54,021,"West Virginia","Gilmer County",5,73,69,35,34
050,54,021,"West Virginia","Gilmer County",5,74,68,34,34
050,54,021,"West Virginia","Gilmer County",5,75,58,28,30
050,54,021,"West Virginia","Gilmer County",5,76,65,30,35
050,54,021,"West Virginia","Gilmer County",5,77,51,29,22
050,54,021,"West Virginia","Gilmer County",5,78,41,20,21
050,54,021,"West Virginia","Gilmer County",5,79,37,18,19
050,54,021,"West Virginia","Gilmer County",5,80,38,23,15
050,54,021,"West Virginia","Gilmer County",5,81,39,21,18
050,54,021,"West Virginia","Gilmer County",5,82,35,15,20
050,54,021,"West Virginia","Gilmer County",5,83,28,14,14
050,54,021,"West Virginia","Gilmer County",5,84,21,11,10
050,54,021,"West Virginia","Gilmer County",5,85,197,78,119
050,54,023,"West Virginia","Grant County",1,0,102,52,50
050,54,023,"West Virginia","Grant County",1,1,103,53,50
050,54,023,"West Virginia","Grant County",1,2,124,58,66
050,54,023,"West Virginia","Grant County",1,3,119,63,56
050,54,023,"West Virginia","Grant County",1,4,122,64,58
050,54,023,"West Virginia","Grant County",1,5,115,56,59
050,54,023,"West Virginia","Grant County",1,6,122,61,61
050,54,023,"West Virginia","Grant County",1,7,120,62,58
050,54,023,"West Virginia","Grant County",1,8,101,59,42
050,54,023,"West Virginia","Grant County",1,9,116,54,62
050,54,023,"West Virginia","Grant County",1,10,128,57,71
050,54,023,"West Virginia","Grant County",1,11,125,63,62
050,54,023,"West Virginia","Grant County",1,12,123,71,52
050,54,023,"West Virginia","Grant County",1,13,123,67,56
050,54,023,"West Virginia","Grant County",1,14,115,57,58
050,54,023,"West Virginia","Grant County",1,15,116,54,62
050,54,023,"West Virginia","Grant County",1,16,133,74,59
050,54,023,"West Virginia","Grant County",1,17,130,71,59
050,54,023,"West Virginia","Grant County",1,18,118,65,53
050,54,023,"West Virginia","Grant County",1,19,91,50,41
050,54,023,"West Virginia","Grant County",1,20,106,60,46
050,54,023,"West Virginia","Grant County",1,21,94,52,42
050,54,023,"West Virginia","Grant County",1,22,99,53,46
050,54,023,"West Virginia","Grant County",1,23,113,56,57
050,54,023,"West Virginia","Grant County",1,24,122,61,61
050,54,023,"West Virginia","Grant County",1,25,119,60,59
050,54,023,"West Virginia","Grant County",1,26,122,61,61
050,54,023,"West Virginia","Grant County",1,27,125,61,64
050,54,023,"West Virginia","Grant County",1,28,127,69,58
050,54,023,"West Virginia","Grant County",1,29,131,74,57
050,54,023,"West Virginia","Grant County",1,30,118,63,55
050,54,023,"West Virginia","Grant County",1,31,110,58,52
050,54,023,"West Virginia","Grant County",1,32,89,48,41
050,54,023,"West Virginia","Grant County",1,33,106,47,59
050,54,023,"West Virginia","Grant County",1,34,109,52,57
050,54,023,"West Virginia","Grant County",1,35,102,53,49
050,54,023,"West Virginia","Grant County",1,36,106,57,49
050,54,023,"West Virginia","Grant County",1,37,104,54,50
050,54,023,"West Virginia","Grant County",1,38,119,59,60
050,54,023,"West Virginia","Grant County",1,39,110,61,49
050,54,023,"West Virginia","Grant County",1,40,116,56,60
050,54,023,"West Virginia","Grant County",1,41,122,64,58
050,54,023,"West Virginia","Grant County",1,42,118,53,65
050,54,023,"West Virginia","Grant County",1,43,127,62,65
050,54,023,"West Virginia","Grant County",1,44,119,58,61
050,54,023,"West Virginia","Grant County",1,45,124,57,67
050,54,023,"West Virginia","Grant County",1,46,137,66,71
050,54,023,"West Virginia","Grant County",1,47,133,75,58
050,54,023,"West Virginia","Grant County",1,48,130,74,56
050,54,023,"West Virginia","Grant County",1,49,162,84,78
050,54,023,"West Virginia","Grant County",1,50,172,93,79
050,54,023,"West Virginia","Grant County",1,51,150,79,71
050,54,023,"West Virginia","Grant County",1,52,153,76,77
050,54,023,"West Virginia","Grant County",1,53,154,76,78
050,54,023,"West Virginia","Grant County",1,54,162,85,77
050,54,023,"West Virginia","Grant County",1,55,160,81,79
050,54,023,"West Virginia","Grant County",1,56,167,83,84
050,54,023,"West Virginia","Grant County",1,57,158,83,75
050,54,023,"West Virginia","Grant County",1,58,169,82,87
050,54,023,"West Virginia","Grant County",1,59,158,79,79
050,54,023,"West Virginia","Grant County",1,60,163,87,76
050,54,023,"West Virginia","Grant County",1,61,151,76,75
050,54,023,"West Virginia","Grant County",1,62,165,79,86
050,54,023,"West Virginia","Grant County",1,63,162,74,88
050,54,023,"West Virginia","Grant County",1,64,151,79,72
050,54,023,"West Virginia","Grant County",1,65,162,86,76
050,54,023,"West Virginia","Grant County",1,66,151,83,68
050,54,023,"West Virginia","Grant County",1,67,155,77,78
050,54,023,"West Virginia","Grant County",1,68,156,77,79
050,54,023,"West Virginia","Grant County",1,69,145,66,79
050,54,023,"West Virginia","Grant County",1,70,151,81,70
050,54,023,"West Virginia","Grant County",1,71,157,75,82
050,54,023,"West Virginia","Grant County",1,72,162,75,87
050,54,023,"West Virginia","Grant County",1,73,163,68,95
050,54,023,"West Virginia","Grant County",1,74,121,59,62
050,54,023,"West Virginia","Grant County",1,75,122,66,56
050,54,023,"West Virginia","Grant County",1,76,134,66,68
050,54,023,"West Virginia","Grant County",1,77,117,64,53
050,54,023,"West Virginia","Grant County",1,78,104,47,57
050,54,023,"West Virginia","Grant County",1,79,92,44,48
050,54,023,"West Virginia","Grant County",1,80,69,36,33
050,54,023,"West Virginia","Grant County",1,81,75,39,36
050,54,023,"West Virginia","Grant County",1,82,73,33,40
050,54,023,"West Virginia","Grant County",1,83,52,19,33
050,54,023,"West Virginia","Grant County",1,84,61,33,28
050,54,023,"West Virginia","Grant County",1,85,294,119,175
050,54,023,"West Virginia","Grant County",2,0,108,53,55
050,54,023,"West Virginia","Grant County",2,1,102,52,50
050,54,023,"West Virginia","Grant County",2,2,119,57,62
050,54,023,"West Virginia","Grant County",2,3,120,62,58
050,54,023,"West Virginia","Grant County",2,4,120,63,57
050,54,023,"West Virginia","Grant County",2,5,118,59,59
050,54,023,"West Virginia","Grant County",2,6,123,61,62
050,54,023,"West Virginia","Grant County",2,7,121,63,58
050,54,023,"West Virginia","Grant County",2,8,109,61,48
050,54,023,"West Virginia","Grant County",2,9,113,56,57
050,54,023,"West Virginia","Grant County",2,10,125,57,68
050,54,023,"West Virginia","Grant County",2,11,126,62,64
050,54,023,"West Virginia","Grant County",2,12,123,69,54
050,54,023,"West Virginia","Grant County",2,13,123,69,54
050,54,023,"West Virginia","Grant County",2,14,116,59,57
050,54,023,"West Virginia","Grant County",2,15,116,55,61
050,54,023,"West Virginia","Grant County",2,16,130,70,60
050,54,023,"West Virginia","Grant County",2,17,132,73,59
050,54,023,"West Virginia","Grant County",2,18,115,64,51
050,54,023,"West Virginia","Grant County",2,19,91,50,41
050,54,023,"West Virginia","Grant County",2,20,105,58,47
050,54,023,"West Virginia","Grant County",2,21,97,53,44
050,54,023,"West Virginia","Grant County",2,22,99,53,46
050,54,023,"West Virginia","Grant County",2,23,113,57,56
050,54,023,"West Virginia","Grant County",2,24,121,61,60
050,54,023,"West Virginia","Grant County",2,25,120,60,60
050,54,023,"West Virginia","Grant County",2,26,121,60,61
050,54,023,"West Virginia","Grant County",2,27,123,60,63
050,54,023,"West Virginia","Grant County",2,28,127,67,60
050,54,023,"West Virginia","Grant County",2,29,129,72,57
050,54,023,"West Virginia","Grant County",2,30,123,66,57
050,54,023,"West Virginia","Grant County",2,31,113,60,53
050,54,023,"West Virginia","Grant County",2,32,95,51,44
050,54,023,"West Virginia","Grant County",2,33,102,48,54
050,54,023,"West Virginia","Grant County",2,34,108,51,57
050,54,023,"West Virginia","Grant County",2,35,107,55,52
050,54,023,"West Virginia","Grant County",2,36,103,55,48
050,54,023,"West Virginia","Grant County",2,37,105,55,50
050,54,023,"West Virginia","Grant County",2,38,118,59,59
050,54,023,"West Virginia","Grant County",2,39,112,60,52
050,54,023,"West Virginia","Grant County",2,40,115,57,58
050,54,023,"West Virginia","Grant County",2,41,121,62,59
050,54,023,"West Virginia","Grant County",2,42,118,55,63
050,54,023,"West Virginia","Grant County",2,43,125,60,65
050,54,023,"West Virginia","Grant County",2,44,121,59,62
050,54,023,"West Virginia","Grant County",2,45,124,58,66
050,54,023,"West Virginia","Grant County",2,46,134,64,70
050,54,023,"West Virginia","Grant County",2,47,133,72,61
050,54,023,"West Virginia","Grant County",2,48,131,75,56
050,54,023,"West Virginia","Grant County",2,49,154,81,73
050,54,023,"West Virginia","Grant County",2,50,171,92,79
050,54,023,"West Virginia","Grant County",2,51,156,83,73
050,54,023,"West Virginia","Grant County",2,52,152,76,76
050,54,023,"West Virginia","Grant County",2,53,153,76,77
050,54,023,"West Virginia","Grant County",2,54,160,83,77
050,54,023,"West Virginia","Grant County",2,55,160,81,79
050,54,023,"West Virginia","Grant County",2,56,166,83,83
050,54,023,"West Virginia","Grant County",2,57,159,82,77
050,54,023,"West Virginia","Grant County",2,58,166,82,84
050,54,023,"West Virginia","Grant County",2,59,160,79,81
050,54,023,"West Virginia","Grant County",2,60,161,85,76
050,54,023,"West Virginia","Grant County",2,61,155,79,76
050,54,023,"West Virginia","Grant County",2,62,162,78,84
050,54,023,"West Virginia","Grant County",2,63,160,75,85
050,54,023,"West Virginia","Grant County",2,64,152,77,75
050,54,023,"West Virginia","Grant County",2,65,159,84,75
050,54,023,"West Virginia","Grant County",2,66,155,85,70
050,54,023,"West Virginia","Grant County",2,67,154,78,76
050,54,023,"West Virginia","Grant County",2,68,156,77,79
050,54,023,"West Virginia","Grant County",2,69,147,68,79
050,54,023,"West Virginia","Grant County",2,70,147,75,72
050,54,023,"West Virginia","Grant County",2,71,155,76,79
050,54,023,"West Virginia","Grant County",2,72,159,74,85
050,54,023,"West Virginia","Grant County",2,73,172,74,98
050,54,023,"West Virginia","Grant County",2,74,123,58,65
050,54,023,"West Virginia","Grant County",2,75,123,65,58
050,54,023,"West Virginia","Grant County",2,76,128,65,63
050,54,023,"West Virginia","Grant County",2,77,124,66,58
050,54,023,"West Virginia","Grant County",2,78,105,50,55
050,54,023,"West Virginia","Grant County",2,79,92,44,48
050,54,023,"West Virginia","Grant County",2,80,75,37,38
050,54,023,"West Virginia","Grant County",2,81,74,39,35
050,54,023,"West Virginia","Grant County",2,82,71,33,38
050,54,023,"West Virginia","Grant County",2,83,56,21,35
050,54,023,"West Virginia","Grant County",2,84,57,30,27
050,54,023,"West Virginia","Grant County",2,85,298,122,176
050,54,023,"West Virginia","Grant County",3,0,96,51,45
050,54,023,"West Virginia","Grant County",3,1,110,51,59
050,54,023,"West Virginia","Grant County",3,2,113,63,50
050,54,023,"West Virginia","Grant County",3,3,122,59,63
050,54,023,"West Virginia","Grant County",3,4,122,63,59
050,54,023,"West Virginia","Grant County",3,5,118,58,60
050,54,023,"West Virginia","Grant County",3,6,116,61,55
050,54,023,"West Virginia","Grant County",3,7,125,68,57
050,54,023,"West Virginia","Grant County",3,8,119,61,58
050,54,023,"West Virginia","Grant County",3,9,116,66,50
050,54,023,"West Virginia","Grant County",3,10,108,54,54
050,54,023,"West Virginia","Grant County",3,11,123,56,67
050,54,023,"West Virginia","Grant County",3,12,120,61,59
050,54,023,"West Virginia","Grant County",3,13,123,70,53
050,54,023,"West Virginia","Grant County",3,14,124,71,53
050,54,023,"West Virginia","Grant County",3,15,114,55,59
050,54,023,"West Virginia","Grant County",3,16,117,53,64
050,54,023,"West Virginia","Grant County",3,17,126,67,59
050,54,023,"West Virginia","Grant County",3,18,120,66,54
050,54,023,"West Virginia","Grant County",3,19,92,49,43
050,54,023,"West Virginia","Grant County",3,20,100,54,46
050,54,023,"West Virginia","Grant County",3,21,105,56,49
050,54,023,"West Virginia","Grant County",3,22,106,58,48
050,54,023,"West Virginia","Grant County",3,23,110,57,53
050,54,023,"West Virginia","Grant County",3,24,118,60,58
050,54,023,"West Virginia","Grant County",3,25,121,63,58
050,54,023,"West Virginia","Grant County",3,26,124,62,62
050,54,023,"West Virginia","Grant County",3,27,112,59,53
050,54,023,"West Virginia","Grant County",3,28,128,68,60
050,54,023,"West Virginia","Grant County",3,29,124,64,60
050,54,023,"West Virginia","Grant County",3,30,125,72,53
050,54,023,"West Virginia","Grant County",3,31,126,69,57
050,54,023,"West Virginia","Grant County",3,32,119,64,55
050,54,023,"West Virginia","Grant County",3,33,99,55,44
050,54,023,"West Virginia","Grant County",3,34,99,47,52
050,54,023,"West Virginia","Grant County",3,35,110,52,58
050,54,023,"West Virginia","Grant County",3,36,115,61,54
050,54,023,"West Virginia","Grant County",3,37,103,58,45
050,54,023,"West Virginia","Grant County",3,38,118,61,57
050,54,023,"West Virginia","Grant County",3,39,121,61,60
050,54,023,"West Virginia","Grant County",3,40,113,59,54
050,54,023,"West Virginia","Grant County",3,41,109,53,56
050,54,023,"West Virginia","Grant County",3,42,116,61,55
050,54,023,"West Virginia","Grant County",3,43,115,54,61
050,54,023,"West Virginia","Grant County",3,44,122,59,63
050,54,023,"West Virginia","Grant County",3,45,119,60,59
050,54,023,"West Virginia","Grant County",3,46,121,57,64
050,54,023,"West Virginia","Grant County",3,47,130,65,65
050,54,023,"West Virginia","Grant County",3,48,138,75,63
050,54,023,"West Virginia","Grant County",3,49,134,77,57
050,54,023,"West Virginia","Grant County",3,50,149,82,67
050,54,023,"West Virginia","Grant County",3,51,171,92,79
050,54,023,"West Virginia","Grant County",3,52,160,86,74
050,54,023,"West Virginia","Grant County",3,53,156,80,76
050,54,023,"West Virginia","Grant County",3,54,152,74,78
050,54,023,"West Virginia","Grant County",3,55,168,91,77
050,54,023,"West Virginia","Grant County",3,56,164,82,82
050,54,023,"West Virginia","Grant County",3,57,166,84,82
050,54,023,"West Virginia","Grant County",3,58,164,85,79
050,54,023,"West Virginia","Grant County",3,59,163,80,83
050,54,023,"West Virginia","Grant County",3,60,166,81,85
050,54,023,"West Virginia","Grant County",3,61,157,81,76
050,54,023,"West Virginia","Grant County",3,62,153,78,75
050,54,023,"West Virginia","Grant County",3,63,166,82,84
050,54,023,"West Virginia","Grant County",3,64,165,77,88
050,54,023,"West Virginia","Grant County",3,65,151,76,75
050,54,023,"West Virginia","Grant County",3,66,157,84,73
050,54,023,"West Virginia","Grant County",3,67,154,83,71
050,54,023,"West Virginia","Grant County",3,68,154,76,78
050,54,023,"West Virginia","Grant County",3,69,153,76,77
050,54,023,"West Virginia","Grant County",3,70,141,67,74
050,54,023,"West Virginia","Grant County",3,71,144,75,69
050,54,023,"West Virginia","Grant County",3,72,154,76,78
050,54,023,"West Virginia","Grant County",3,73,151,68,83
050,54,023,"West Virginia","Grant County",3,74,168,73,95
050,54,023,"West Virginia","Grant County",3,75,115,55,60
050,54,023,"West Virginia","Grant County",3,76,120,64,56
050,54,023,"West Virginia","Grant County",3,77,125,63,62
050,54,023,"West Virginia","Grant County",3,78,115,59,56
050,54,023,"West Virginia","Grant County",3,79,96,44,52
050,54,023,"West Virginia","Grant County",3,80,89,39,50
050,54,023,"West Virginia","Grant County",3,81,69,36,33
050,54,023,"West Virginia","Grant County",3,82,68,35,33
050,54,023,"West Virginia","Grant County",3,83,72,32,40
050,54,023,"West Virginia","Grant County",3,84,47,22,25
050,54,023,"West Virginia","Grant County",3,85,305,129,176
050,54,023,"West Virginia","Grant County",4,0,91,45,46
050,54,023,"West Virginia","Grant County",4,1,105,56,49
050,54,023,"West Virginia","Grant County",4,2,119,55,64
050,54,023,"West Virginia","Grant County",4,3,115,63,52
050,54,023,"West Virginia","Grant County",4,4,126,60,66
050,54,023,"West Virginia","Grant County",4,5,117,61,56
050,54,023,"West Virginia","Grant County",4,6,112,54,58
050,54,023,"West Virginia","Grant County",4,7,118,59,59
050,54,023,"West Virginia","Grant County",4,8,120,63,57
050,54,023,"West Virginia","Grant County",4,9,126,64,62
050,54,023,"West Virginia","Grant County",4,10,115,65,50
050,54,023,"West Virginia","Grant County",4,11,110,53,57
050,54,023,"West Virginia","Grant County",4,12,124,56,68
050,54,023,"West Virginia","Grant County",4,13,113,54,59
050,54,023,"West Virginia","Grant County",4,14,127,72,55
050,54,023,"West Virginia","Grant County",4,15,126,71,55
050,54,023,"West Virginia","Grant County",4,16,117,59,58
050,54,023,"West Virginia","Grant County",4,17,119,56,63
050,54,023,"West Virginia","Grant County",4,18,109,57,52
050,54,023,"West Virginia","Grant County",4,19,89,51,38
050,54,023,"West Virginia","Grant County",4,20,98,53,45
050,54,023,"West Virginia","Grant County",4,21,100,53,47
050,54,023,"West Virginia","Grant County",4,22,119,59,60
050,54,023,"West Virginia","Grant County",4,23,106,65,41
050,54,023,"West Virginia","Grant County",4,24,116,61,55
050,54,023,"West Virginia","Grant County",4,25,119,59,60
050,54,023,"West Virginia","Grant County",4,26,118,64,54
050,54,023,"West Virginia","Grant County",4,27,117,54,63
050,54,023,"West Virginia","Grant County",4,28,109,61,48
050,54,023,"West Virginia","Grant County",4,29,132,68,64
050,54,023,"West Virginia","Grant County",4,30,120,64,56
050,54,023,"West Virginia","Grant County",4,31,120,68,52
050,54,023,"West Virginia","Grant County",4,32,130,70,60
050,54,023,"West Virginia","Grant County",4,33,125,69,56
050,54,023,"West Virginia","Grant County",4,34,109,58,51
050,54,023,"West Virginia","Grant County",4,35,97,43,54
050,54,023,"West Virginia","Grant County",4,36,106,53,53
050,54,023,"West Virginia","Grant County",4,37,112,58,54
050,54,023,"West Virginia","Grant County",4,38,107,62,45
050,54,023,"West Virginia","Grant County",4,39,119,58,61
050,54,023,"West Virginia","Grant County",4,40,123,61,62
050,54,023,"West Virginia","Grant County",4,41,112,57,55
050,54,023,"West Virginia","Grant County",4,42,111,55,56
050,54,023,"West Virginia","Grant County",4,43,113,61,52
050,54,023,"West Virginia","Grant County",4,44,115,55,60
050,54,023,"West Virginia","Grant County",4,45,117,56,61
050,54,023,"West Virginia","Grant County",4,46,118,58,60
050,54,023,"West Virginia","Grant County",4,47,113,54,59
050,54,023,"West Virginia","Grant County",4,48,131,64,67
050,54,023,"West Virginia","Grant County",4,49,136,73,63
050,54,023,"West Virginia","Grant County",4,50,137,78,59
050,54,023,"West Virginia","Grant County",4,51,152,80,72
050,54,023,"West Virginia","Grant County",4,52,176,95,81
050,54,023,"West Virginia","Grant County",4,53,158,84,74
050,54,023,"West Virginia","Grant County",4,54,153,77,76
050,54,023,"West Virginia","Grant County",4,55,162,76,86
050,54,023,"West Virginia","Grant County",4,56,171,92,79
050,54,023,"West Virginia","Grant County",4,57,163,83,80
050,54,023,"West Virginia","Grant County",4,58,173,87,86
050,54,023,"West Virginia","Grant County",4,59,167,84,83
050,54,023,"West Virginia","Grant County",4,60,165,83,82
050,54,023,"West Virginia","Grant County",4,61,165,80,85
050,54,023,"West Virginia","Grant County",4,62,159,81,78
050,54,023,"West Virginia","Grant County",4,63,151,79,72
050,54,023,"West Virginia","Grant County",4,64,165,82,83
050,54,023,"West Virginia","Grant County",4,65,159,74,85
050,54,023,"West Virginia","Grant County",4,66,155,77,78
050,54,023,"West Virginia","Grant County",4,67,153,79,74
050,54,023,"West Virginia","Grant County",4,68,150,78,72
050,54,023,"West Virginia","Grant County",4,69,149,75,74
050,54,023,"West Virginia","Grant County",4,70,143,69,74
050,54,023,"West Virginia","Grant County",4,71,134,64,70
050,54,023,"West Virginia","Grant County",4,72,142,74,68
050,54,023,"West Virginia","Grant County",4,73,140,70,70
050,54,023,"West Virginia","Grant County",4,74,142,65,77
050,54,023,"West Virginia","Grant County",4,75,160,67,93
050,54,023,"West Virginia","Grant County",4,76,110,53,57
050,54,023,"West Virginia","Grant County",4,77,117,63,54
050,54,023,"West Virginia","Grant County",4,78,119,60,59
050,54,023,"West Virginia","Grant County",4,79,109,55,54
050,54,023,"West Virginia","Grant County",4,80,96,44,52
050,54,023,"West Virginia","Grant County",4,81,86,40,46
050,54,023,"West Virginia","Grant County",4,82,64,32,32
050,54,023,"West Virginia","Grant County",4,83,67,34,33
050,54,023,"West Virginia","Grant County",4,84,62,31,31
050,54,023,"West Virginia","Grant County",4,85,298,130,168
050,54,023,"West Virginia","Grant County",5,0,90,46,44
050,54,023,"West Virginia","Grant County",5,1,110,54,56
050,54,023,"West Virginia","Grant County",5,2,105,58,47
050,54,023,"West Virginia","Grant County",5,3,127,63,64
050,54,023,"West Virginia","Grant County",5,4,114,63,51
050,54,023,"West Virginia","Grant County",5,5,131,62,69
050,54,023,"West Virginia","Grant County",5,6,122,64,58
050,54,023,"West Virginia","Grant County",5,7,120,57,63
050,54,023,"West Virginia","Grant County",5,8,120,59,61
050,54,023,"West Virginia","Grant County",5,9,115,57,58
050,54,023,"West Virginia","Grant County",5,10,123,62,61
050,54,023,"West Virginia","Grant County",5,11,120,68,52
050,54,023,"West Virginia","Grant County",5,12,111,51,60
050,54,023,"West Virginia","Grant County",5,13,124,52,72
050,54,023,"West Virginia","Grant County",5,14,114,54,60
050,54,023,"West Virginia","Grant County",5,15,133,73,60
050,54,023,"West Virginia","Grant County",5,16,121,68,53
050,54,023,"West Virginia","Grant County",5,17,118,63,55
050,54,023,"West Virginia","Grant County",5,18,102,48,54
050,54,023,"West Virginia","Grant County",5,19,79,44,35
050,54,023,"West Virginia","Grant County",5,20,94,53,41
050,54,023,"West Virginia","Grant County",5,21,101,53,48
050,54,023,"West Virginia","Grant County",5,22,109,55,54
050,54,023,"West Virginia","Grant County",5,23,124,61,63
050,54,023,"West Virginia","Grant County",5,24,113,66,47
050,54,023,"West Virginia","Grant County",5,25,123,65,58
050,54,023,"West Virginia","Grant County",5,26,119,58,61
050,54,023,"West Virginia","Grant County",5,27,122,64,58
050,54,023,"West Virginia","Grant County",5,28,110,53,57
050,54,023,"West Virginia","Grant County",5,29,105,57,48
050,54,023,"West Virginia","Grant County",5,30,132,66,66
050,54,023,"West Virginia","Grant County",5,31,124,64,60
050,54,023,"West Virginia","Grant County",5,32,122,68,54
050,54,023,"West Virginia","Grant County",5,33,131,71,60
050,54,023,"West Virginia","Grant County",5,34,124,67,57
050,54,023,"West Virginia","Grant County",5,35,113,59,54
050,54,023,"West Virginia","Grant County",5,36,97,43,54
050,54,023,"West Virginia","Grant County",5,37,105,51,54
050,54,023,"West Virginia","Grant County",5,38,109,55,54
050,54,023,"West Virginia","Grant County",5,39,106,60,46
050,54,023,"West Virginia","Grant County",5,40,120,59,61
050,54,023,"West Virginia","Grant County",5,41,118,59,59
050,54,023,"West Virginia","Grant County",5,42,112,58,54
050,54,023,"West Virginia","Grant County",5,43,106,54,52
050,54,023,"West Virginia","Grant County",5,44,114,61,53
050,54,023,"West Virginia","Grant County",5,45,122,58,64
050,54,023,"West Virginia","Grant County",5,46,115,55,60
050,54,023,"West Virginia","Grant County",5,47,119,59,60
050,54,023,"West Virginia","Grant County",5,48,113,54,59
050,54,023,"West Virginia","Grant County",5,49,128,63,65
050,54,023,"West Virginia","Grant County",5,50,140,73,67
050,54,023,"West Virginia","Grant County",5,51,134,74,60
050,54,023,"West Virginia","Grant County",5,52,151,78,73
050,54,023,"West Virginia","Grant County",5,53,176,94,82
050,54,023,"West Virginia","Grant County",5,54,158,88,70
050,54,023,"West Virginia","Grant County",5,55,160,76,84
050,54,023,"West Virginia","Grant County",5,56,158,76,82
050,54,023,"West Virginia","Grant County",5,57,169,90,79
050,54,023,"West Virginia","Grant County",5,58,158,80,78
050,54,023,"West Virginia","Grant County",5,59,166,84,82
050,54,023,"West Virginia","Grant County",5,60,171,83,88
050,54,023,"West Virginia","Grant County",5,61,166,82,84
050,54,023,"West Virginia","Grant County",5,62,164,77,87
050,54,023,"West Virginia","Grant County",5,63,165,85,80
050,54,023,"West Virginia","Grant County",5,64,154,82,72
050,54,023,"West Virginia","Grant County",5,65,168,85,83
050,54,023,"West Virginia","Grant County",5,66,160,75,85
050,54,023,"West Virginia","Grant County",5,67,149,73,76
050,54,023,"West Virginia","Grant County",5,68,152,75,77
050,54,023,"West Virginia","Grant County",5,69,145,75,70
050,54,023,"West Virginia","Grant County",5,70,139,69,70
050,54,023,"West Virginia","Grant County",5,71,137,67,70
050,54,023,"West Virginia","Grant County",5,72,136,65,71
050,54,023,"West Virginia","Grant County",5,73,133,70,63
050,54,023,"West Virginia","Grant County",5,74,136,69,67
050,54,023,"West Virginia","Grant County",5,75,133,58,75
050,54,023,"West Virginia","Grant County",5,76,151,63,88
050,54,023,"West Virginia","Grant County",5,77,103,52,51
050,54,023,"West Virginia","Grant County",5,78,108,56,52
050,54,023,"West Virginia","Grant County",5,79,113,58,55
050,54,023,"West Virginia","Grant County",5,80,107,54,53
050,54,023,"West Virginia","Grant County",5,81,93,45,48
050,54,023,"West Virginia","Grant County",5,82,81,37,44
050,54,023,"West Virginia","Grant County",5,83,63,31,32
050,54,023,"West Virginia","Grant County",5,84,57,32,25
050,54,023,"West Virginia","Grant County",5,85,318,144,174
050,54,025,"West Virginia","Greenbrier County",1,0,286,147,139
050,54,025,"West Virginia","Greenbrier County",1,1,300,159,141
050,54,025,"West Virginia","Greenbrier County",1,2,348,183,165
050,54,025,"West Virginia","Greenbrier County",1,3,350,201,149
050,54,025,"West Virginia","Greenbrier County",1,4,322,169,153
050,54,025,"West Virginia","Greenbrier County",1,5,349,184,165
050,54,025,"West Virginia","Greenbrier County",1,6,384,199,185
050,54,025,"West Virginia","Greenbrier County",1,7,353,196,157
050,54,025,"West Virginia","Greenbrier County",1,8,362,191,171
050,54,025,"West Virginia","Greenbrier County",1,9,356,177,179
050,54,025,"West Virginia","Greenbrier County",1,10,376,191,185
050,54,025,"West Virginia","Greenbrier County",1,11,375,189,186
050,54,025,"West Virginia","Greenbrier County",1,12,414,214,200
050,54,025,"West Virginia","Greenbrier County",1,13,412,210,202
050,54,025,"West Virginia","Greenbrier County",1,14,361,179,182
050,54,025,"West Virginia","Greenbrier County",1,15,368,177,191
050,54,025,"West Virginia","Greenbrier County",1,16,378,192,186
050,54,025,"West Virginia","Greenbrier County",1,17,364,192,172
050,54,025,"West Virginia","Greenbrier County",1,18,319,160,159
050,54,025,"West Virginia","Greenbrier County",1,19,258,128,130
050,54,025,"West Virginia","Greenbrier County",1,20,281,146,135
050,54,025,"West Virginia","Greenbrier County",1,21,276,144,132
050,54,025,"West Virginia","Greenbrier County",1,22,305,165,140
050,54,025,"West Virginia","Greenbrier County",1,23,317,165,152
050,54,025,"West Virginia","Greenbrier County",1,24,334,161,173
050,54,025,"West Virginia","Greenbrier County",1,25,347,170,177
050,54,025,"West Virginia","Greenbrier County",1,26,347,173,174
050,54,025,"West Virginia","Greenbrier County",1,27,363,173,190
050,54,025,"West Virginia","Greenbrier County",1,28,373,181,192
050,54,025,"West Virginia","Greenbrier County",1,29,392,195,197
050,54,025,"West Virginia","Greenbrier County",1,30,381,179,202
050,54,025,"West Virginia","Greenbrier County",1,31,349,181,168
050,54,025,"West Virginia","Greenbrier County",1,32,334,165,169
050,54,025,"West Virginia","Greenbrier County",1,33,375,189,186
050,54,025,"West Virginia","Greenbrier County",1,34,347,174,173
050,54,025,"West Virginia","Greenbrier County",1,35,341,164,177
050,54,025,"West Virginia","Greenbrier County",1,36,354,174,180
050,54,025,"West Virginia","Greenbrier County",1,37,378,185,193
050,54,025,"West Virginia","Greenbrier County",1,38,381,188,193
050,54,025,"West Virginia","Greenbrier County",1,39,401,191,210
050,54,025,"West Virginia","Greenbrier County",1,40,375,196,179
050,54,025,"West Virginia","Greenbrier County",1,41,373,187,186
050,54,025,"West Virginia","Greenbrier County",1,42,400,193,207
050,54,025,"West Virginia","Greenbrier County",1,43,419,209,210
050,54,025,"West Virginia","Greenbrier County",1,44,403,196,207
050,54,025,"West Virginia","Greenbrier County",1,45,360,170,190
050,54,025,"West Virginia","Greenbrier County",1,46,366,178,188
050,54,025,"West Virginia","Greenbrier County",1,47,374,175,199
050,54,025,"West Virginia","Greenbrier County",1,48,385,187,198
050,54,025,"West Virginia","Greenbrier County",1,49,445,204,241
050,54,025,"West Virginia","Greenbrier County",1,50,433,214,219
050,54,025,"West Virginia","Greenbrier County",1,51,416,202,214
050,54,025,"West Virginia","Greenbrier County",1,52,410,208,202
050,54,025,"West Virginia","Greenbrier County",1,53,446,235,211
050,54,025,"West Virginia","Greenbrier County",1,54,437,225,212
050,54,025,"West Virginia","Greenbrier County",1,55,496,255,241
050,54,025,"West Virginia","Greenbrier County",1,56,474,228,246
050,54,025,"West Virginia","Greenbrier County",1,57,494,238,256
050,54,025,"West Virginia","Greenbrier County",1,58,518,262,256
050,54,025,"West Virginia","Greenbrier County",1,59,524,265,259
050,54,025,"West Virginia","Greenbrier County",1,60,505,253,252
050,54,025,"West Virginia","Greenbrier County",1,61,500,247,253
050,54,025,"West Virginia","Greenbrier County",1,62,530,263,267
050,54,025,"West Virginia","Greenbrier County",1,63,538,255,283
050,54,025,"West Virginia","Greenbrier County",1,64,538,258,280
050,54,025,"West Virginia","Greenbrier County",1,65,523,252,271
050,54,025,"West Virginia","Greenbrier County",1,66,479,228,251
050,54,025,"West Virginia","Greenbrier County",1,67,503,246,257
050,54,025,"West Virginia","Greenbrier County",1,68,468,227,241
050,54,025,"West Virginia","Greenbrier County",1,69,481,241,240
050,54,025,"West Virginia","Greenbrier County",1,70,505,243,262
050,54,025,"West Virginia","Greenbrier County",1,71,472,215,257
050,54,025,"West Virginia","Greenbrier County",1,72,448,215,233
050,54,025,"West Virginia","Greenbrier County",1,73,426,215,211
050,54,025,"West Virginia","Greenbrier County",1,74,309,150,159
050,54,025,"West Virginia","Greenbrier County",1,75,322,152,170
050,54,025,"West Virginia","Greenbrier County",1,76,322,153,169
050,54,025,"West Virginia","Greenbrier County",1,77,304,152,152
050,54,025,"West Virginia","Greenbrier County",1,78,253,122,131
050,54,025,"West Virginia","Greenbrier County",1,79,250,113,137
050,54,025,"West Virginia","Greenbrier County",1,80,195,84,111
050,54,025,"West Virginia","Greenbrier County",1,81,211,86,125
050,54,025,"West Virginia","Greenbrier County",1,82,204,98,106
050,54,025,"West Virginia","Greenbrier County",1,83,189,77,112
050,54,025,"West Virginia","Greenbrier County",1,84,153,63,90
050,54,025,"West Virginia","Greenbrier County",1,85,786,265,521
050,54,025,"West Virginia","Greenbrier County",2,0,283,142,141
050,54,025,"West Virginia","Greenbrier County",2,1,294,155,139
050,54,025,"West Virginia","Greenbrier County",2,2,335,177,158
050,54,025,"West Virginia","Greenbrier County",2,3,349,196,153
050,54,025,"West Virginia","Greenbrier County",2,4,327,177,150
050,54,025,"West Virginia","Greenbrier County",2,5,344,183,161
050,54,025,"West Virginia","Greenbrier County",2,6,376,199,177
050,54,025,"West Virginia","Greenbrier County",2,7,360,195,165
050,54,025,"West Virginia","Greenbrier County",2,8,360,191,169
050,54,025,"West Virginia","Greenbrier County",2,9,357,179,178
050,54,025,"West Virginia","Greenbrier County",2,10,370,186,184
050,54,025,"West Virginia","Greenbrier County",2,11,376,189,187
050,54,025,"West Virginia","Greenbrier County",2,12,412,210,202
050,54,025,"West Virginia","Greenbrier County",2,13,412,212,200
050,54,025,"West Virginia","Greenbrier County",2,14,373,186,187
050,54,025,"West Virginia","Greenbrier County",2,15,363,177,186
050,54,025,"West Virginia","Greenbrier County",2,16,374,188,186
050,54,025,"West Virginia","Greenbrier County",2,17,367,191,176
050,54,025,"West Virginia","Greenbrier County",2,18,313,160,153
050,54,025,"West Virginia","Greenbrier County",2,19,259,129,130
050,54,025,"West Virginia","Greenbrier County",2,20,285,146,139
050,54,025,"West Virginia","Greenbrier County",2,21,277,145,132
050,54,025,"West Virginia","Greenbrier County",2,22,306,163,143
050,54,025,"West Virginia","Greenbrier County",2,23,319,167,152
050,54,025,"West Virginia","Greenbrier County",2,24,334,164,170
050,54,025,"West Virginia","Greenbrier County",2,25,344,169,175
050,54,025,"West Virginia","Greenbrier County",2,26,348,173,175
050,54,025,"West Virginia","Greenbrier County",2,27,360,174,186
050,54,025,"West Virginia","Greenbrier County",2,28,371,179,192
050,54,025,"West Virginia","Greenbrier County",2,29,386,188,198
050,54,025,"West Virginia","Greenbrier County",2,30,389,187,202
050,54,025,"West Virginia","Greenbrier County",2,31,355,182,173
050,54,025,"West Virginia","Greenbrier County",2,32,337,167,170
050,54,025,"West Virginia","Greenbrier County",2,33,370,186,184
050,54,025,"West Virginia","Greenbrier County",2,34,353,176,177
050,54,025,"West Virginia","Greenbrier County",2,35,343,167,176
050,54,025,"West Virginia","Greenbrier County",2,36,348,169,179
050,54,025,"West Virginia","Greenbrier County",2,37,371,183,188
050,54,025,"West Virginia","Greenbrier County",2,38,382,187,195
050,54,025,"West Virginia","Greenbrier County",2,39,395,191,204
050,54,025,"West Virginia","Greenbrier County",2,40,380,194,186
050,54,025,"West Virginia","Greenbrier County",2,41,369,187,182
050,54,025,"West Virginia","Greenbrier County",2,42,391,190,201
050,54,025,"West Virginia","Greenbrier County",2,43,415,205,210
050,54,025,"West Virginia","Greenbrier County",2,44,400,195,205
050,54,025,"West Virginia","Greenbrier County",2,45,373,178,195
050,54,025,"West Virginia","Greenbrier County",2,46,360,175,185
050,54,025,"West Virginia","Greenbrier County",2,47,367,174,193
050,54,025,"West Virginia","Greenbrier County",2,48,382,184,198
050,54,025,"West Virginia","Greenbrier County",2,49,432,200,232
050,54,025,"West Virginia","Greenbrier County",2,50,434,211,223
050,54,025,"West Virginia","Greenbrier County",2,51,416,202,214
050,54,025,"West Virginia","Greenbrier County",2,52,407,204,203
050,54,025,"West Virginia","Greenbrier County",2,53,437,229,208
050,54,025,"West Virginia","Greenbrier County",2,54,433,222,211
050,54,025,"West Virginia","Greenbrier County",2,55,481,247,234
050,54,025,"West Virginia","Greenbrier County",2,56,480,236,244
050,54,025,"West Virginia","Greenbrier County",2,57,492,236,256
050,54,025,"West Virginia","Greenbrier County",2,58,509,256,253
050,54,025,"West Virginia","Greenbrier County",2,59,525,265,260
050,54,025,"West Virginia","Greenbrier County",2,60,501,252,249
050,54,025,"West Virginia","Greenbrier County",2,61,502,248,254
050,54,025,"West Virginia","Greenbrier County",2,62,524,259,265
050,54,025,"West Virginia","Greenbrier County",2,63,537,257,280
050,54,025,"West Virginia","Greenbrier County",2,64,536,256,280
050,54,025,"West Virginia","Greenbrier County",2,65,525,253,272
050,54,025,"West Virginia","Greenbrier County",2,66,495,237,258
050,54,025,"West Virginia","Greenbrier County",2,67,491,238,253
050,54,025,"West Virginia","Greenbrier County",2,68,469,227,242
050,54,025,"West Virginia","Greenbrier County",2,69,480,238,242
050,54,025,"West Virginia","Greenbrier County",2,70,501,242,259
050,54,025,"West Virginia","Greenbrier County",2,71,483,223,260
050,54,025,"West Virginia","Greenbrier County",2,72,442,209,233
050,54,025,"West Virginia","Greenbrier County",2,73,448,223,225
050,54,025,"West Virginia","Greenbrier County",2,74,311,151,160
050,54,025,"West Virginia","Greenbrier County",2,75,315,150,165
050,54,025,"West Virginia","Greenbrier County",2,76,313,149,164
050,54,025,"West Virginia","Greenbrier County",2,77,311,153,158
050,54,025,"West Virginia","Greenbrier County",2,78,257,124,133
050,54,025,"West Virginia","Greenbrier County",2,79,246,112,134
050,54,025,"West Virginia","Greenbrier County",2,80,205,89,116
050,54,025,"West Virginia","Greenbrier County",2,81,203,82,121
050,54,025,"West Virginia","Greenbrier County",2,82,207,95,112
050,54,025,"West Virginia","Greenbrier County",2,83,187,79,108
050,54,025,"West Virginia","Greenbrier County",2,84,159,66,93
050,54,025,"West Virginia","Greenbrier County",2,85,784,263,521
050,54,025,"West Virginia","Greenbrier County",3,0,305,151,154
050,54,025,"West Virginia","Greenbrier County",3,1,275,148,127
050,54,025,"West Virginia","Greenbrier County",3,2,296,157,139
050,54,025,"West Virginia","Greenbrier County",3,3,342,175,167
050,54,025,"West Virginia","Greenbrier County",3,4,347,191,156
050,54,025,"West Virginia","Greenbrier County",3,5,321,179,142
050,54,025,"West Virginia","Greenbrier County",3,6,338,175,163
050,54,025,"West Virginia","Greenbrier County",3,7,371,198,173
050,54,025,"West Virginia","Greenbrier County",3,8,360,190,170
050,54,025,"West Virginia","Greenbrier County",3,9,353,188,165
050,54,025,"West Virginia","Greenbrier County",3,10,358,180,178
050,54,025,"West Virginia","Greenbrier County",3,11,364,179,185
050,54,025,"West Virginia","Greenbrier County",3,12,375,188,187
050,54,025,"West Virginia","Greenbrier County",3,13,400,204,196
050,54,025,"West Virginia","Greenbrier County",3,14,402,208,194
050,54,025,"West Virginia","Greenbrier County",3,15,363,181,182
050,54,025,"West Virginia","Greenbrier County",3,16,375,181,194
050,54,025,"West Virginia","Greenbrier County",3,17,373,185,188
050,54,025,"West Virginia","Greenbrier County",3,18,315,167,148
050,54,025,"West Virginia","Greenbrier County",3,19,254,130,124
050,54,025,"West Virginia","Greenbrier County",3,20,271,138,133
050,54,025,"West Virginia","Greenbrier County",3,21,287,145,142
050,54,025,"West Virginia","Greenbrier County",3,22,325,168,157
050,54,025,"West Virginia","Greenbrier County",3,23,347,190,157
050,54,025,"West Virginia","Greenbrier County",3,24,353,186,167
050,54,025,"West Virginia","Greenbrier County",3,25,355,180,175
050,54,025,"West Virginia","Greenbrier County",3,26,338,170,168
050,54,025,"West Virginia","Greenbrier County",3,27,340,165,175
050,54,025,"West Virginia","Greenbrier County",3,28,347,170,177
050,54,025,"West Virginia","Greenbrier County",3,29,375,186,189
050,54,025,"West Virginia","Greenbrier County",3,30,377,185,192
050,54,025,"West Virginia","Greenbrier County",3,31,385,178,207
050,54,025,"West Virginia","Greenbrier County",3,32,362,185,177
050,54,025,"West Virginia","Greenbrier County",3,33,339,176,163
050,54,025,"West Virginia","Greenbrier County",3,34,356,174,182
050,54,025,"West Virginia","Greenbrier County",3,35,355,180,175
050,54,025,"West Virginia","Greenbrier County",3,36,347,164,183
050,54,025,"West Virginia","Greenbrier County",3,37,343,171,172
050,54,025,"West Virginia","Greenbrier County",3,38,373,182,191
050,54,025,"West Virginia","Greenbrier County",3,39,377,178,199
050,54,025,"West Virginia","Greenbrier County",3,40,389,191,198
050,54,025,"West Virginia","Greenbrier County",3,41,368,188,180
050,54,025,"West Virginia","Greenbrier County",3,42,374,187,187
050,54,025,"West Virginia","Greenbrier County",3,43,401,194,207
050,54,025,"West Virginia","Greenbrier County",3,44,402,201,201
050,54,025,"West Virginia","Greenbrier County",3,45,394,196,198
050,54,025,"West Virginia","Greenbrier County",3,46,354,176,178
050,54,025,"West Virginia","Greenbrier County",3,47,365,175,190
050,54,025,"West Virginia","Greenbrier County",3,48,373,173,200
050,54,025,"West Virginia","Greenbrier County",3,49,393,187,206
050,54,025,"West Virginia","Greenbrier County",3,50,430,203,227
050,54,025,"West Virginia","Greenbrier County",3,51,438,204,234
050,54,025,"West Virginia","Greenbrier County",3,52,405,200,205
050,54,025,"West Virginia","Greenbrier County",3,53,418,211,207
050,54,025,"West Virginia","Greenbrier County",3,54,435,225,210
050,54,025,"West Virginia","Greenbrier County",3,55,430,227,203
050,54,025,"West Virginia","Greenbrier County",3,56,476,249,227
050,54,025,"West Virginia","Greenbrier County",3,57,479,231,248
050,54,025,"West Virginia","Greenbrier County",3,58,480,231,249
050,54,025,"West Virginia","Greenbrier County",3,59,504,247,257
050,54,025,"West Virginia","Greenbrier County",3,60,520,263,257
050,54,025,"West Virginia","Greenbrier County",3,61,505,257,248
050,54,025,"West Virginia","Greenbrier County",3,62,500,247,253
050,54,025,"West Virginia","Greenbrier County",3,63,516,258,258
050,54,025,"West Virginia","Greenbrier County",3,64,545,262,283
050,54,025,"West Virginia","Greenbrier County",3,65,535,254,281
050,54,025,"West Virginia","Greenbrier County",3,66,528,252,276
050,54,025,"West Virginia","Greenbrier County",3,67,490,233,257
050,54,025,"West Virginia","Greenbrier County",3,68,482,233,249
050,54,025,"West Virginia","Greenbrier County",3,69,463,224,239
050,54,025,"West Virginia","Greenbrier County",3,70,464,232,232
050,54,025,"West Virginia","Greenbrier County",3,71,492,238,254
050,54,025,"West Virginia","Greenbrier County",3,72,473,217,256
050,54,025,"West Virginia","Greenbrier County",3,73,427,198,229
050,54,025,"West Virginia","Greenbrier County",3,74,443,213,230
050,54,025,"West Virginia","Greenbrier County",3,75,296,143,153
050,54,025,"West Virginia","Greenbrier County",3,76,291,135,156
050,54,025,"West Virginia","Greenbrier County",3,77,282,131,151
050,54,025,"West Virginia","Greenbrier County",3,78,295,146,149
050,54,025,"West Virginia","Greenbrier County",3,79,250,117,133
050,54,025,"West Virginia","Greenbrier County",3,80,220,100,120
050,54,025,"West Virginia","Greenbrier County",3,81,197,84,113
050,54,025,"West Virginia","Greenbrier County",3,82,182,74,108
050,54,025,"West Virginia","Greenbrier County",3,83,188,84,104
050,54,025,"West Virginia","Greenbrier County",3,84,168,74,94
050,54,025,"West Virginia","Greenbrier County",3,85,788,257,531
050,54,025,"West Virginia","Greenbrier County",4,0,303,146,157
050,54,025,"West Virginia","Greenbrier County",4,1,298,153,145
050,54,025,"West Virginia","Greenbrier County",4,2,285,153,132
050,54,025,"West Virginia","Greenbrier County",4,3,300,157,143
050,54,025,"West Virginia","Greenbrier County",4,4,343,181,162
050,54,025,"West Virginia","Greenbrier County",4,5,346,194,152
050,54,025,"West Virginia","Greenbrier County",4,6,313,167,146
050,54,025,"West Virginia","Greenbrier County",4,7,343,171,172
050,54,025,"West Virginia","Greenbrier County",4,8,380,198,182
050,54,025,"West Virginia","Greenbrier County",4,9,361,192,169
050,54,025,"West Virginia","Greenbrier County",4,10,362,194,168
050,54,025,"West Virginia","Greenbrier County",4,11,357,179,178
050,54,025,"West Virginia","Greenbrier County",4,12,373,188,185
050,54,025,"West Virginia","Greenbrier County",4,13,372,186,186
050,54,025,"West Virginia","Greenbrier County",4,14,401,199,202
050,54,025,"West Virginia","Greenbrier County",4,15,408,210,198
050,54,025,"West Virginia","Greenbrier County",4,16,375,192,183
050,54,025,"West Virginia","Greenbrier County",4,17,361,179,182
050,54,025,"West Virginia","Greenbrier County",4,18,306,155,151
050,54,025,"West Virginia","Greenbrier County",4,19,239,126,113
050,54,025,"West Virginia","Greenbrier County",4,20,266,136,130
050,54,025,"West Virginia","Greenbrier County",4,21,277,135,142
050,54,025,"West Virginia","Greenbrier County",4,22,306,154,152
050,54,025,"West Virginia","Greenbrier County",4,23,351,182,169
050,54,025,"West Virginia","Greenbrier County",4,24,365,198,167
050,54,025,"West Virginia","Greenbrier County",4,25,344,188,156
050,54,025,"West Virginia","Greenbrier County",4,26,332,169,163
050,54,025,"West Virginia","Greenbrier County",4,27,335,162,173
050,54,025,"West Virginia","Greenbrier County",4,28,327,163,164
050,54,025,"West Virginia","Greenbrier County",4,29,335,161,174
050,54,025,"West Virginia","Greenbrier County",4,30,399,202,197
050,54,025,"West Virginia","Greenbrier County",4,31,373,187,186
050,54,025,"West Virginia","Greenbrier County",4,32,377,177,200
050,54,025,"West Virginia","Greenbrier County",4,33,374,190,184
050,54,025,"West Virginia","Greenbrier County",4,34,335,164,171
050,54,025,"West Virginia","Greenbrier County",4,35,361,181,180
050,54,025,"West Virginia","Greenbrier County",4,36,360,183,177
050,54,025,"West Virginia","Greenbrier County",4,37,362,176,186
050,54,025,"West Virginia","Greenbrier County",4,38,343,166,177
050,54,025,"West Virginia","Greenbrier County",4,39,374,182,192
050,54,025,"West Virginia","Greenbrier County",4,40,373,179,194
050,54,025,"West Virginia","Greenbrier County",4,41,384,185,199
050,54,025,"West Virginia","Greenbrier County",4,42,373,187,186
050,54,025,"West Virginia","Greenbrier County",4,43,373,185,188
050,54,025,"West Virginia","Greenbrier County",4,44,403,189,214
050,54,025,"West Virginia","Greenbrier County",4,45,393,195,198
050,54,025,"West Virginia","Greenbrier County",4,46,390,198,192
050,54,025,"West Virginia","Greenbrier County",4,47,347,171,176
050,54,025,"West Virginia","Greenbrier County",4,48,358,178,180
050,54,025,"West Virginia","Greenbrier County",4,49,368,171,197
050,54,025,"West Virginia","Greenbrier County",4,50,391,189,202
050,54,025,"West Virginia","Greenbrier County",4,51,433,202,231
050,54,025,"West Virginia","Greenbrier County",4,52,437,205,232
050,54,025,"West Virginia","Greenbrier County",4,53,410,204,206
050,54,025,"West Virginia","Greenbrier County",4,54,408,198,210
050,54,025,"West Virginia","Greenbrier County",4,55,436,225,211
050,54,025,"West Virginia","Greenbrier County",4,56,426,224,202
050,54,025,"West Virginia","Greenbrier County",4,57,469,241,228
050,54,025,"West Virginia","Greenbrier County",4,58,469,220,249
050,54,025,"West Virginia","Greenbrier County",4,59,488,239,249
050,54,025,"West Virginia","Greenbrier County",4,60,499,244,255
050,54,025,"West Virginia","Greenbrier County",4,61,513,260,253
050,54,025,"West Virginia","Greenbrier County",4,62,489,252,237
050,54,025,"West Virginia","Greenbrier County",4,63,483,238,245
050,54,025,"West Virginia","Greenbrier County",4,64,523,264,259
050,54,025,"West Virginia","Greenbrier County",4,65,532,253,279
050,54,025,"West Virginia","Greenbrier County",4,66,536,255,281
050,54,025,"West Virginia","Greenbrier County",4,67,519,243,276
050,54,025,"West Virginia","Greenbrier County",4,68,485,233,252
050,54,025,"West Virginia","Greenbrier County",4,69,463,218,245
050,54,025,"West Virginia","Greenbrier County",4,70,442,216,226
050,54,025,"West Virginia","Greenbrier County",4,71,444,219,225
050,54,025,"West Virginia","Greenbrier County",4,72,475,229,246
050,54,025,"West Virginia","Greenbrier County",4,73,454,201,253
050,54,025,"West Virginia","Greenbrier County",4,74,411,186,225
050,54,025,"West Virginia","Greenbrier County",4,75,424,204,220
050,54,025,"West Virginia","Greenbrier County",4,76,271,127,144
050,54,025,"West Virginia","Greenbrier County",4,77,265,120,145
050,54,025,"West Virginia","Greenbrier County",4,78,268,127,141
050,54,025,"West Virginia","Greenbrier County",4,79,280,135,145
050,54,025,"West Virginia","Greenbrier County",4,80,221,100,121
050,54,025,"West Virginia","Greenbrier County",4,81,206,97,109
050,54,025,"West Virginia","Greenbrier County",4,82,183,79,104
050,54,025,"West Virginia","Greenbrier County",4,83,162,64,98
050,54,025,"West Virginia","Greenbrier County",4,84,171,80,91
050,54,025,"West Virginia","Greenbrier County",4,85,805,259,546
050,54,025,"West Virginia","Greenbrier County",5,0,301,143,158
050,54,025,"West Virginia","Greenbrier County",5,1,289,140,149
050,54,025,"West Virginia","Greenbrier County",5,2,288,146,142
050,54,025,"West Virginia","Greenbrier County",5,3,280,162,118
050,54,025,"West Virginia","Greenbrier County",5,4,295,156,139
050,54,025,"West Virginia","Greenbrier County",5,5,338,179,159
050,54,025,"West Virginia","Greenbrier County",5,6,349,192,157
050,54,025,"West Virginia","Greenbrier County",5,7,313,167,146
050,54,025,"West Virginia","Greenbrier County",5,8,344,177,167
050,54,025,"West Virginia","Greenbrier County",5,9,384,206,178
050,54,025,"West Virginia","Greenbrier County",5,10,366,196,170
050,54,025,"West Virginia","Greenbrier County",5,11,358,198,160
050,54,025,"West Virginia","Greenbrier County",5,12,356,177,179
050,54,025,"West Virginia","Greenbrier County",5,13,372,187,185
050,54,025,"West Virginia","Greenbrier County",5,14,377,187,190
050,54,025,"West Virginia","Greenbrier County",5,15,395,195,200
050,54,025,"West Virginia","Greenbrier County",5,16,417,216,201
050,54,025,"West Virginia","Greenbrier County",5,17,366,190,176
050,54,025,"West Virginia","Greenbrier County",5,18,294,154,140
050,54,025,"West Virginia","Greenbrier County",5,19,241,117,124
050,54,025,"West Virginia","Greenbrier County",5,20,260,137,123
050,54,025,"West Virginia","Greenbrier County",5,21,276,139,137
050,54,025,"West Virginia","Greenbrier County",5,22,290,146,144
050,54,025,"West Virginia","Greenbrier County",5,23,342,167,175
050,54,025,"West Virginia","Greenbrier County",5,24,372,186,186
050,54,025,"West Virginia","Greenbrier County",5,25,363,192,171
050,54,025,"West Virginia","Greenbrier County",5,26,340,187,153
050,54,025,"West Virginia","Greenbrier County",5,27,320,154,166
050,54,025,"West Virginia","Greenbrier County",5,28,323,174,149
050,54,025,"West Virginia","Greenbrier County",5,29,348,173,175
050,54,025,"West Virginia","Greenbrier County",5,30,334,163,171
050,54,025,"West Virginia","Greenbrier County",5,31,404,204,200
050,54,025,"West Virginia","Greenbrier County",5,32,362,173,189
050,54,025,"West Virginia","Greenbrier County",5,33,388,187,201
050,54,025,"West Virginia","Greenbrier County",5,34,366,187,179
050,54,025,"West Virginia","Greenbrier County",5,35,331,162,169
050,54,025,"West Virginia","Greenbrier County",5,36,359,182,177
050,54,025,"West Virginia","Greenbrier County",5,37,359,188,171
050,54,025,"West Virginia","Greenbrier County",5,38,372,184,188
050,54,025,"West Virginia","Greenbrier County",5,39,335,161,174
050,54,025,"West Virginia","Greenbrier County",5,40,367,182,185
050,54,025,"West Virginia","Greenbrier County",5,41,369,177,192
050,54,025,"West Virginia","Greenbrier County",5,42,400,195,205
050,54,025,"West Virginia","Greenbrier County",5,43,378,188,190
050,54,025,"West Virginia","Greenbrier County",5,44,367,182,185
050,54,025,"West Virginia","Greenbrier County",5,45,392,186,206
050,54,025,"West Virginia","Greenbrier County",5,46,391,198,193
050,54,025,"West Virginia","Greenbrier County",5,47,393,196,197
050,54,025,"West Virginia","Greenbrier County",5,48,349,172,177
050,54,025,"West Virginia","Greenbrier County",5,49,365,179,186
050,54,025,"West Virginia","Greenbrier County",5,50,364,170,194
050,54,025,"West Virginia","Greenbrier County",5,51,394,183,211
050,54,025,"West Virginia","Greenbrier County",5,52,421,200,221
050,54,025,"West Virginia","Greenbrier County",5,53,433,204,229
050,54,025,"West Virginia","Greenbrier County",5,54,406,192,214
050,54,025,"West Virginia","Greenbrier County",5,55,414,200,214
050,54,025,"West Virginia","Greenbrier County",5,56,444,229,215
050,54,025,"West Virginia","Greenbrier County",5,57,432,223,209
050,54,025,"West Virginia","Greenbrier County",5,58,465,236,229
050,54,025,"West Virginia","Greenbrier County",5,59,480,222,258
050,54,025,"West Virginia","Greenbrier County",5,60,479,231,248
050,54,025,"West Virginia","Greenbrier County",5,61,498,248,250
050,54,025,"West Virginia","Greenbrier County",5,62,512,252,260
050,54,025,"West Virginia","Greenbrier County",5,63,478,245,233
050,54,025,"West Virginia","Greenbrier County",5,64,479,241,238
050,54,025,"West Virginia","Greenbrier County",5,65,516,256,260
050,54,025,"West Virginia","Greenbrier County",5,66,536,258,278
050,54,025,"West Virginia","Greenbrier County",5,67,537,257,280
050,54,025,"West Virginia","Greenbrier County",5,68,499,236,263
050,54,025,"West Virginia","Greenbrier County",5,69,461,217,244
050,54,025,"West Virginia","Greenbrier County",5,70,449,214,235
050,54,025,"West Virginia","Greenbrier County",5,71,429,208,221
050,54,025,"West Virginia","Greenbrier County",5,72,429,212,217
050,54,025,"West Virginia","Greenbrier County",5,73,449,213,236
050,54,025,"West Virginia","Greenbrier County",5,74,441,195,246
050,54,025,"West Virginia","Greenbrier County",5,75,394,177,217
050,54,025,"West Virginia","Greenbrier County",5,76,405,191,214
050,54,025,"West Virginia","Greenbrier County",5,77,252,118,134
050,54,025,"West Virginia","Greenbrier County",5,78,253,114,139
050,54,025,"West Virginia","Greenbrier County",5,79,266,119,147
050,54,025,"West Virginia","Greenbrier County",5,80,257,125,132
050,54,025,"West Virginia","Greenbrier County",5,81,204,94,110
050,54,025,"West Virginia","Greenbrier County",5,82,187,88,99
050,54,025,"West Virginia","Greenbrier County",5,83,166,72,94
050,54,025,"West Virginia","Greenbrier County",5,84,142,60,82
050,54,025,"West Virginia","Greenbrier County",5,85,840,284,556
050,54,027,"West Virginia","Hampshire County",1,0,215,110,105
050,54,027,"West Virginia","Hampshire County",1,1,228,116,112
050,54,027,"West Virginia","Hampshire County",1,2,204,99,105
050,54,027,"West Virginia","Hampshire County",1,3,192,99,93
050,54,027,"West Virginia","Hampshire County",1,4,209,109,100
050,54,027,"West Virginia","Hampshire County",1,5,218,116,102
050,54,027,"West Virginia","Hampshire County",1,6,233,117,116
050,54,027,"West Virginia","Hampshire County",1,7,211,108,103
050,54,027,"West Virginia","Hampshire County",1,8,198,110,88
050,54,027,"West Virginia","Hampshire County",1,9,199,112,87
050,54,027,"West Virginia","Hampshire County",1,10,231,127,104
050,54,027,"West Virginia","Hampshire County",1,11,237,127,110
050,54,027,"West Virginia","Hampshire County",1,12,258,138,120
050,54,027,"West Virginia","Hampshire County",1,13,278,145,133
050,54,027,"West Virginia","Hampshire County",1,14,255,125,130
050,54,027,"West Virginia","Hampshire County",1,15,282,146,136
050,54,027,"West Virginia","Hampshire County",1,16,266,137,129
050,54,027,"West Virginia","Hampshire County",1,17,271,133,138
050,54,027,"West Virginia","Hampshire County",1,18,224,113,111
050,54,027,"West Virginia","Hampshire County",1,19,195,108,87
050,54,027,"West Virginia","Hampshire County",1,20,200,105,95
050,54,027,"West Virginia","Hampshire County",1,21,216,125,91
050,54,027,"West Virginia","Hampshire County",1,22,219,114,105
050,54,027,"West Virginia","Hampshire County",1,23,249,128,121
050,54,027,"West Virginia","Hampshire County",1,24,230,123,107
050,54,027,"West Virginia","Hampshire County",1,25,246,139,107
050,54,027,"West Virginia","Hampshire County",1,26,232,125,107
050,54,027,"West Virginia","Hampshire County",1,27,242,138,104
050,54,027,"West Virginia","Hampshire County",1,28,270,141,129
050,54,027,"West Virginia","Hampshire County",1,29,269,142,127
050,54,027,"West Virginia","Hampshire County",1,30,249,126,123
050,54,027,"West Virginia","Hampshire County",1,31,223,117,106
050,54,027,"West Virginia","Hampshire County",1,32,225,110,115
050,54,027,"West Virginia","Hampshire County",1,33,236,120,116
050,54,027,"West Virginia","Hampshire County",1,34,215,113,102
050,54,027,"West Virginia","Hampshire County",1,35,242,120,122
050,54,027,"West Virginia","Hampshire County",1,36,211,113,98
050,54,027,"West Virginia","Hampshire County",1,37,253,130,123
050,54,027,"West Virginia","Hampshire County",1,38,257,133,124
050,54,027,"West Virginia","Hampshire County",1,39,267,136,131
050,54,027,"West Virginia","Hampshire County",1,40,262,120,142
050,54,027,"West Virginia","Hampshire County",1,41,263,130,133
050,54,027,"West Virginia","Hampshire County",1,42,290,147,143
050,54,027,"West Virginia","Hampshire County",1,43,271,145,126
050,54,027,"West Virginia","Hampshire County",1,44,250,123,127
050,54,027,"West Virginia","Hampshire County",1,45,252,133,119
050,54,027,"West Virginia","Hampshire County",1,46,286,142,144
050,54,027,"West Virginia","Hampshire County",1,47,300,146,154
050,54,027,"West Virginia","Hampshire County",1,48,308,156,152
050,54,027,"West Virginia","Hampshire County",1,49,371,194,177
050,54,027,"West Virginia","Hampshire County",1,50,366,189,177
050,54,027,"West Virginia","Hampshire County",1,51,335,167,168
050,54,027,"West Virginia","Hampshire County",1,52,342,181,161
050,54,027,"West Virginia","Hampshire County",1,53,338,187,151
050,54,027,"West Virginia","Hampshire County",1,54,356,189,167
050,54,027,"West Virginia","Hampshire County",1,55,364,186,178
050,54,027,"West Virginia","Hampshire County",1,56,376,199,177
050,54,027,"West Virginia","Hampshire County",1,57,382,195,187
050,54,027,"West Virginia","Hampshire County",1,58,383,194,189
050,54,027,"West Virginia","Hampshire County",1,59,386,197,189
050,54,027,"West Virginia","Hampshire County",1,60,370,181,189
050,54,027,"West Virginia","Hampshire County",1,61,363,181,182
050,54,027,"West Virginia","Hampshire County",1,62,386,191,195
050,54,027,"West Virginia","Hampshire County",1,63,391,206,185
050,54,027,"West Virginia","Hampshire County",1,64,388,198,190
050,54,027,"West Virginia","Hampshire County",1,65,361,183,178
050,54,027,"West Virginia","Hampshire County",1,66,360,188,172
050,54,027,"West Virginia","Hampshire County",1,67,337,165,172
050,54,027,"West Virginia","Hampshire County",1,68,340,177,163
050,54,027,"West Virginia","Hampshire County",1,69,362,192,170
050,54,027,"West Virginia","Hampshire County",1,70,320,163,157
050,54,027,"West Virginia","Hampshire County",1,71,316,170,146
050,54,027,"West Virginia","Hampshire County",1,72,351,191,160
050,54,027,"West Virginia","Hampshire County",1,73,342,186,156
050,54,027,"West Virginia","Hampshire County",1,74,227,113,114
050,54,027,"West Virginia","Hampshire County",1,75,226,112,114
050,54,027,"West Virginia","Hampshire County",1,76,240,116,124
050,54,027,"West Virginia","Hampshire County",1,77,231,123,108
050,54,027,"West Virginia","Hampshire County",1,78,181,92,89
050,54,027,"West Virginia","Hampshire County",1,79,146,76,70
050,54,027,"West Virginia","Hampshire County",1,80,146,70,76
050,54,027,"West Virginia","Hampshire County",1,81,104,49,55
050,54,027,"West Virginia","Hampshire County",1,82,93,46,47
050,54,027,"West Virginia","Hampshire County",1,83,86,37,49
050,54,027,"West Virginia","Hampshire County",1,84,89,29,60
050,54,027,"West Virginia","Hampshire County",1,85,502,211,291
050,54,027,"West Virginia","Hampshire County",2,0,209,105,104
050,54,027,"West Virginia","Hampshire County",2,1,224,114,110
050,54,027,"West Virginia","Hampshire County",2,2,210,105,105
050,54,027,"West Virginia","Hampshire County",2,3,193,99,94
050,54,027,"West Virginia","Hampshire County",2,4,204,107,97
050,54,027,"West Virginia","Hampshire County",2,5,215,114,101
050,54,027,"West Virginia","Hampshire County",2,6,231,117,114
050,54,027,"West Virginia","Hampshire County",2,7,217,109,108
050,54,027,"West Virginia","Hampshire County",2,8,199,108,91
050,54,027,"West Virginia","Hampshire County",2,9,198,111,87
050,54,027,"West Virginia","Hampshire County",2,10,223,123,100
050,54,027,"West Virginia","Hampshire County",2,11,236,127,109
050,54,027,"West Virginia","Hampshire County",2,12,257,139,118
050,54,027,"West Virginia","Hampshire County",2,13,273,144,129
050,54,027,"West Virginia","Hampshire County",2,14,260,129,131
050,54,027,"West Virginia","Hampshire County",2,15,277,142,135
050,54,027,"West Virginia","Hampshire County",2,16,267,138,129
050,54,027,"West Virginia","Hampshire County",2,17,271,135,136
050,54,027,"West Virginia","Hampshire County",2,18,219,109,110
050,54,027,"West Virginia","Hampshire County",2,19,190,104,86
050,54,027,"West Virginia","Hampshire County",2,20,207,110,97
050,54,027,"West Virginia","Hampshire County",2,21,215,122,93
050,54,027,"West Virginia","Hampshire County",2,22,223,119,104
050,54,027,"West Virginia","Hampshire County",2,23,245,127,118
050,54,027,"West Virginia","Hampshire County",2,24,237,128,109
050,54,027,"West Virginia","Hampshire County",2,25,242,135,107
050,54,027,"West Virginia","Hampshire County",2,26,236,129,107
050,54,027,"West Virginia","Hampshire County",2,27,238,134,104
050,54,027,"West Virginia","Hampshire County",2,28,262,139,123
050,54,027,"West Virginia","Hampshire County",2,29,271,145,126
050,54,027,"West Virginia","Hampshire County",2,30,253,129,124
050,54,027,"West Virginia","Hampshire County",2,31,227,118,109
050,54,027,"West Virginia","Hampshire County",2,32,226,111,115
050,54,027,"West Virginia","Hampshire County",2,33,230,115,115
050,54,027,"West Virginia","Hampshire County",2,34,225,117,108
050,54,027,"West Virginia","Hampshire County",2,35,236,119,117
050,54,027,"West Virginia","Hampshire County",2,36,217,113,104
050,54,027,"West Virginia","Hampshire County",2,37,242,126,116
050,54,027,"West Virginia","Hampshire County",2,38,260,135,125
050,54,027,"West Virginia","Hampshire County",2,39,265,136,129
050,54,027,"West Virginia","Hampshire County",2,40,266,126,140
050,54,027,"West Virginia","Hampshire County",2,41,266,129,137
050,54,027,"West Virginia","Hampshire County",2,42,283,143,140
050,54,027,"West Virginia","Hampshire County",2,43,277,146,131
050,54,027,"West Virginia","Hampshire County",2,44,251,126,125
050,54,027,"West Virginia","Hampshire County",2,45,253,132,121
050,54,027,"West Virginia","Hampshire County",2,46,278,141,137
050,54,027,"West Virginia","Hampshire County",2,47,296,145,151
050,54,027,"West Virginia","Hampshire County",2,48,305,153,152
050,54,027,"West Virginia","Hampshire County",2,49,359,186,173
050,54,027,"West Virginia","Hampshire County",2,50,367,190,177
050,54,027,"West Virginia","Hampshire County",2,51,341,173,168
050,54,027,"West Virginia","Hampshire County",2,52,337,176,161
050,54,027,"West Virginia","Hampshire County",2,53,339,185,154
050,54,027,"West Virginia","Hampshire County",2,54,352,188,164
050,54,027,"West Virginia","Hampshire County",2,55,362,188,174
050,54,027,"West Virginia","Hampshire County",2,56,370,193,177
050,54,027,"West Virginia","Hampshire County",2,57,381,196,185
050,54,027,"West Virginia","Hampshire County",2,58,381,193,188
050,54,027,"West Virginia","Hampshire County",2,59,386,197,189
050,54,027,"West Virginia","Hampshire County",2,60,373,185,188
050,54,027,"West Virginia","Hampshire County",2,61,366,181,185
050,54,027,"West Virginia","Hampshire County",2,62,382,189,193
050,54,027,"West Virginia","Hampshire County",2,63,397,206,191
050,54,027,"West Virginia","Hampshire County",2,64,387,199,188
050,54,027,"West Virginia","Hampshire County",2,65,370,188,182
050,54,027,"West Virginia","Hampshire County",2,66,360,187,173
050,54,027,"West Virginia","Hampshire County",2,67,342,170,172
050,54,027,"West Virginia","Hampshire County",2,68,338,172,166
050,54,027,"West Virginia","Hampshire County",2,69,359,190,169
050,54,027,"West Virginia","Hampshire County",2,70,327,170,157
050,54,027,"West Virginia","Hampshire County",2,71,317,169,148
050,54,027,"West Virginia","Hampshire County",2,72,338,184,154
050,54,027,"West Virginia","Hampshire County",2,73,360,195,165
050,54,027,"West Virginia","Hampshire County",2,74,237,122,115
050,54,027,"West Virginia","Hampshire County",2,75,226,112,114
050,54,027,"West Virginia","Hampshire County",2,76,233,113,120
050,54,027,"West Virginia","Hampshire County",2,77,236,125,111
050,54,027,"West Virginia","Hampshire County",2,78,189,97,92
050,54,027,"West Virginia","Hampshire County",2,79,151,79,72
050,54,027,"West Virginia","Hampshire County",2,80,144,71,73
050,54,027,"West Virginia","Hampshire County",2,81,111,54,57
050,54,027,"West Virginia","Hampshire County",2,82,95,47,48
050,54,027,"West Virginia","Hampshire County",2,83,85,38,47
050,54,027,"West Virginia","Hampshire County",2,84,86,29,57
050,54,027,"West Virginia","Hampshire County",2,85,512,210,302
050,54,027,"West Virginia","Hampshire County",3,0,233,108,125
050,54,027,"West Virginia","Hampshire County",3,1,226,116,110
050,54,027,"West Virginia","Hampshire County",3,2,219,111,108
050,54,027,"West Virginia","Hampshire County",3,3,200,103,97
050,54,027,"West Virginia","Hampshire County",3,4,193,94,99
050,54,027,"West Virginia","Hampshire County",3,5,203,108,95
050,54,027,"West Virginia","Hampshire County",3,6,231,121,110
050,54,027,"West Virginia","Hampshire County",3,7,239,123,116
050,54,027,"West Virginia","Hampshire County",3,8,220,109,111
050,54,027,"West Virginia","Hampshire County",3,9,210,116,94
050,54,027,"West Virginia","Hampshire County",3,10,200,114,86
050,54,027,"West Virginia","Hampshire County",3,11,222,123,99
050,54,027,"West Virginia","Hampshire County",3,12,242,128,114
050,54,027,"West Virginia","Hampshire County",3,13,256,136,120
050,54,027,"West Virginia","Hampshire County",3,14,268,136,132
050,54,027,"West Virginia","Hampshire County",3,15,264,132,132
050,54,027,"West Virginia","Hampshire County",3,16,256,137,119
050,54,027,"West Virginia","Hampshire County",3,17,286,148,138
050,54,027,"West Virginia","Hampshire County",3,18,220,109,111
050,54,027,"West Virginia","Hampshire County",3,19,176,94,82
050,54,027,"West Virginia","Hampshire County",3,20,209,113,96
050,54,027,"West Virginia","Hampshire County",3,21,227,116,111
050,54,027,"West Virginia","Hampshire County",3,22,222,122,100
050,54,027,"West Virginia","Hampshire County",3,23,235,129,106
050,54,027,"West Virginia","Hampshire County",3,24,263,136,127
050,54,027,"West Virginia","Hampshire County",3,25,251,134,117
050,54,027,"West Virginia","Hampshire County",3,26,238,134,104
050,54,027,"West Virginia","Hampshire County",3,27,251,139,112
050,54,027,"West Virginia","Hampshire County",3,28,251,135,116
050,54,027,"West Virginia","Hampshire County",3,29,270,152,118
050,54,027,"West Virginia","Hampshire County",3,30,266,143,123
050,54,027,"West Virginia","Hampshire County",3,31,247,134,113
050,54,027,"West Virginia","Hampshire County",3,32,224,115,109
050,54,027,"West Virginia","Hampshire County",3,33,229,107,122
050,54,027,"West Virginia","Hampshire County",3,34,236,126,110
050,54,027,"West Virginia","Hampshire County",3,35,238,119,119
050,54,027,"West Virginia","Hampshire County",3,36,233,117,116
050,54,027,"West Virginia","Hampshire County",3,37,220,119,101
050,54,027,"West Virginia","Hampshire County",3,38,258,142,116
050,54,027,"West Virginia","Hampshire County",3,39,266,137,129
050,54,027,"West Virginia","Hampshire County",3,40,261,135,126
050,54,027,"West Virginia","Hampshire County",3,41,278,128,150
050,54,027,"West Virginia","Hampshire County",3,42,274,137,137
050,54,027,"West Virginia","Hampshire County",3,43,285,145,140
050,54,027,"West Virginia","Hampshire County",3,44,279,143,136
050,54,027,"West Virginia","Hampshire County",3,45,252,131,121
050,54,027,"West Virginia","Hampshire County",3,46,273,145,128
050,54,027,"West Virginia","Hampshire County",3,47,275,138,137
050,54,027,"West Virginia","Hampshire County",3,48,293,140,153
050,54,027,"West Virginia","Hampshire County",3,49,317,161,156
050,54,027,"West Virginia","Hampshire County",3,50,355,185,170
050,54,027,"West Virginia","Hampshire County",3,51,371,191,180
050,54,027,"West Virginia","Hampshire County",3,52,337,173,164
050,54,027,"West Virginia","Hampshire County",3,53,343,171,172
050,54,027,"West Virginia","Hampshire County",3,54,342,186,156
050,54,027,"West Virginia","Hampshire County",3,55,362,191,171
050,54,027,"West Virginia","Hampshire County",3,56,365,190,175
050,54,027,"West Virginia","Hampshire County",3,57,390,202,188
050,54,027,"West Virginia","Hampshire County",3,58,389,198,191
050,54,027,"West Virginia","Hampshire County",3,59,396,199,197
050,54,027,"West Virginia","Hampshire County",3,60,400,204,196
050,54,027,"West Virginia","Hampshire County",3,61,393,192,201
050,54,027,"West Virginia","Hampshire County",3,62,380,187,193
050,54,027,"West Virginia","Hampshire County",3,63,396,200,196
050,54,027,"West Virginia","Hampshire County",3,64,392,200,192
050,54,027,"West Virginia","Hampshire County",3,65,381,193,188
050,54,027,"West Virginia","Hampshire County",3,66,377,196,181
050,54,027,"West Virginia","Hampshire County",3,67,360,188,172
050,54,027,"West Virginia","Hampshire County",3,68,349,172,177
050,54,027,"West Virginia","Hampshire County",3,69,332,166,166
050,54,027,"West Virginia","Hampshire County",3,70,353,187,166
050,54,027,"West Virginia","Hampshire County",3,71,322,170,152
050,54,027,"West Virginia","Hampshire County",3,72,306,161,145
050,54,027,"West Virginia","Hampshire County",3,73,320,174,146
050,54,027,"West Virginia","Hampshire County",3,74,345,186,159
050,54,027,"West Virginia","Hampshire County",3,75,224,115,109
050,54,027,"West Virginia","Hampshire County",3,76,213,103,110
050,54,027,"West Virginia","Hampshire County",3,77,226,109,117
050,54,027,"West Virginia","Hampshire County",3,78,223,116,107
050,54,027,"West Virginia","Hampshire County",3,79,179,90,89
050,54,027,"West Virginia","Hampshire County",3,80,143,73,70
050,54,027,"West Virginia","Hampshire County",3,81,128,62,66
050,54,027,"West Virginia","Hampshire County",3,82,109,53,56
050,54,027,"West Virginia","Hampshire County",3,83,85,44,41
050,54,027,"West Virginia","Hampshire County",3,84,77,34,43
050,54,027,"West Virginia","Hampshire County",3,85,512,204,308
050,54,027,"West Virginia","Hampshire County",4,0,235,118,117
050,54,027,"West Virginia","Hampshire County",4,1,242,124,118
050,54,027,"West Virginia","Hampshire County",4,2,222,110,112
050,54,027,"West Virginia","Hampshire County",4,3,211,111,100
050,54,027,"West Virginia","Hampshire County",4,4,218,113,105
050,54,027,"West Virginia","Hampshire County",4,5,200,98,102
050,54,027,"West Virginia","Hampshire County",4,6,215,114,101
050,54,027,"West Virginia","Hampshire County",4,7,234,126,108
050,54,027,"West Virginia","Hampshire County",4,8,250,132,118
050,54,027,"West Virginia","Hampshire County",4,9,215,113,102
050,54,027,"West Virginia","Hampshire County",4,10,212,121,91
050,54,027,"West Virginia","Hampshire County",4,11,210,115,95
050,54,027,"West Virginia","Hampshire County",4,12,223,124,99
050,54,027,"West Virginia","Hampshire County",4,13,240,124,116
050,54,027,"West Virginia","Hampshire County",4,14,272,134,138
050,54,027,"West Virginia","Hampshire County",4,15,286,148,138
050,54,027,"West Virginia","Hampshire County",4,16,244,124,120
050,54,027,"West Virginia","Hampshire County",4,17,271,147,124
050,54,027,"West Virginia","Hampshire County",4,18,213,112,101
050,54,027,"West Virginia","Hampshire County",4,19,176,93,83
050,54,027,"West Virginia","Hampshire County",4,20,188,101,87
050,54,027,"West Virginia","Hampshire County",4,21,206,116,90
050,54,027,"West Virginia","Hampshire County",4,22,229,121,108
050,54,027,"West Virginia","Hampshire County",4,23,238,127,111
050,54,027,"West Virginia","Hampshire County",4,24,247,144,103
050,54,027,"West Virginia","Hampshire County",4,25,276,140,136
050,54,027,"West Virginia","Hampshire County",4,26,240,129,111
050,54,027,"West Virginia","Hampshire County",4,27,230,131,99
050,54,027,"West Virginia","Hampshire County",4,28,252,136,116
050,54,027,"West Virginia","Hampshire County",4,29,253,138,115
050,54,027,"West Virginia","Hampshire County",4,30,259,147,112
050,54,027,"West Virginia","Hampshire County",4,31,277,148,129
050,54,027,"West Virginia","Hampshire County",4,32,246,132,114
050,54,027,"West Virginia","Hampshire County",4,33,241,117,124
050,54,027,"West Virginia","Hampshire County",4,34,238,108,130
050,54,027,"West Virginia","Hampshire County",4,35,237,125,112
050,54,027,"West Virginia","Hampshire County",4,36,247,123,124
050,54,027,"West Virginia","Hampshire County",4,37,240,123,117
050,54,027,"West Virginia","Hampshire County",4,38,235,126,109
050,54,027,"West Virginia","Hampshire County",4,39,265,146,119
050,54,027,"West Virginia","Hampshire County",4,40,262,126,136
050,54,027,"West Virginia","Hampshire County",4,41,255,136,119
050,54,027,"West Virginia","Hampshire County",4,42,282,128,154
050,54,027,"West Virginia","Hampshire County",4,43,270,134,136
050,54,027,"West Virginia","Hampshire County",4,44,292,148,144
050,54,027,"West Virginia","Hampshire County",4,45,281,144,137
050,54,027,"West Virginia","Hampshire County",4,46,261,139,122
050,54,027,"West Virginia","Hampshire County",4,47,285,151,134
050,54,027,"West Virginia","Hampshire County",4,48,272,135,137
050,54,027,"West Virginia","Hampshire County",4,49,307,148,159
050,54,027,"West Virginia","Hampshire County",4,50,319,164,155
050,54,027,"West Virginia","Hampshire County",4,51,358,189,169
050,54,027,"West Virginia","Hampshire County",4,52,382,202,180
050,54,027,"West Virginia","Hampshire County",4,53,338,171,167
050,54,027,"West Virginia","Hampshire County",4,54,352,179,173
050,54,027,"West Virginia","Hampshire County",4,55,336,178,158
050,54,027,"West Virginia","Hampshire County",4,56,357,185,172
050,54,027,"West Virginia","Hampshire County",4,57,368,193,175
050,54,027,"West Virginia","Hampshire County",4,58,399,202,197
050,54,027,"West Virginia","Hampshire County",4,59,396,208,188
050,54,027,"West Virginia","Hampshire County",4,60,390,199,191
050,54,027,"West Virginia","Hampshire County",4,61,409,204,205
050,54,027,"West Virginia","Hampshire County",4,62,392,191,201
050,54,027,"West Virginia","Hampshire County",4,63,384,191,193
050,54,027,"West Virginia","Hampshire County",4,64,395,195,200
050,54,027,"West Virginia","Hampshire County",4,65,377,184,193
050,54,027,"West Virginia","Hampshire County",4,66,378,197,181
050,54,027,"West Virginia","Hampshire County",4,67,380,201,179
050,54,027,"West Virginia","Hampshire County",4,68,345,181,164
050,54,027,"West Virginia","Hampshire County",4,69,343,167,176
050,54,027,"West Virginia","Hampshire County",4,70,322,160,162
050,54,027,"West Virginia","Hampshire County",4,71,346,181,165
050,54,027,"West Virginia","Hampshire County",4,72,314,163,151
050,54,027,"West Virginia","Hampshire County",4,73,293,151,142
050,54,027,"West Virginia","Hampshire County",4,74,310,165,145
050,54,027,"West Virginia","Hampshire County",4,75,329,178,151
050,54,027,"West Virginia","Hampshire County",4,76,210,108,102
050,54,027,"West Virginia","Hampshire County",4,77,208,103,105
050,54,027,"West Virginia","Hampshire County",4,78,207,98,109
050,54,027,"West Virginia","Hampshire County",4,79,221,115,106
050,54,027,"West Virginia","Hampshire County",4,80,170,85,85
050,54,027,"West Virginia","Hampshire County",4,81,123,63,60
050,54,027,"West Virginia","Hampshire County",4,82,122,58,64
050,54,027,"West Virginia","Hampshire County",4,83,98,48,50
050,54,027,"West Virginia","Hampshire County",4,84,82,44,38
050,54,027,"West Virginia","Hampshire County",4,85,504,206,298
050,54,027,"West Virginia","Hampshire County",5,0,246,122,124
050,54,027,"West Virginia","Hampshire County",5,1,246,124,122
050,54,027,"West Virginia","Hampshire County",5,2,236,117,119
050,54,027,"West Virginia","Hampshire County",5,3,235,123,112
050,54,027,"West Virginia","Hampshire County",5,4,211,108,103
050,54,027,"West Virginia","Hampshire County",5,5,221,112,109
050,54,027,"West Virginia","Hampshire County",5,6,196,99,97
050,54,027,"West Virginia","Hampshire County",5,7,218,114,104
050,54,027,"West Virginia","Hampshire County",5,8,236,124,112
050,54,027,"West Virginia","Hampshire County",5,9,252,129,123
050,54,027,"West Virginia","Hampshire County",5,10,220,114,106
050,54,027,"West Virginia","Hampshire County",5,11,205,117,88
050,54,027,"West Virginia","Hampshire County",5,12,225,128,97
050,54,027,"West Virginia","Hampshire County",5,13,221,121,100
050,54,027,"West Virginia","Hampshire County",5,14,249,123,126
050,54,027,"West Virginia","Hampshire County",5,15,284,150,134
050,54,027,"West Virginia","Hampshire County",5,16,260,134,126
050,54,027,"West Virginia","Hampshire County",5,17,261,135,126
050,54,027,"West Virginia","Hampshire County",5,18,213,115,98
050,54,027,"West Virginia","Hampshire County",5,19,168,91,77
050,54,027,"West Virginia","Hampshire County",5,20,195,106,89
050,54,027,"West Virginia","Hampshire County",5,21,195,102,93
050,54,027,"West Virginia","Hampshire County",5,22,227,126,101
050,54,027,"West Virginia","Hampshire County",5,23,250,134,116
050,54,027,"West Virginia","Hampshire County",5,24,242,135,107
050,54,027,"West Virginia","Hampshire County",5,25,241,138,103
050,54,027,"West Virginia","Hampshire County",5,26,271,133,138
050,54,027,"West Virginia","Hampshire County",5,27,243,131,112
050,54,027,"West Virginia","Hampshire County",5,28,238,132,106
050,54,027,"West Virginia","Hampshire County",5,29,263,140,123
050,54,027,"West Virginia","Hampshire County",5,30,252,133,119
050,54,027,"West Virginia","Hampshire County",5,31,267,151,116
050,54,027,"West Virginia","Hampshire County",5,32,281,147,134
050,54,027,"West Virginia","Hampshire County",5,33,251,131,120
050,54,027,"West Virginia","Hampshire County",5,34,261,134,127
050,54,027,"West Virginia","Hampshire County",5,35,240,112,128
050,54,027,"West Virginia","Hampshire County",5,36,242,127,115
050,54,027,"West Virginia","Hampshire County",5,37,247,129,118
050,54,027,"West Virginia","Hampshire County",5,38,242,128,114
050,54,027,"West Virginia","Hampshire County",5,39,239,131,108
050,54,027,"West Virginia","Hampshire County",5,40,254,137,117
050,54,027,"West Virginia","Hampshire County",5,41,266,130,136
050,54,027,"West Virginia","Hampshire County",5,42,255,135,120
050,54,027,"West Virginia","Hampshire County",5,43,276,126,150
050,54,027,"West Virginia","Hampshire County",5,44,281,137,144
050,54,027,"West Virginia","Hampshire County",5,45,295,155,140
050,54,027,"West Virginia","Hampshire County",5,46,288,152,136
050,54,027,"West Virginia","Hampshire County",5,47,265,141,124
050,54,027,"West Virginia","Hampshire County",5,48,280,146,134
050,54,027,"West Virginia","Hampshire County",5,49,291,147,144
050,54,027,"West Virginia","Hampshire County",5,50,312,146,166
050,54,027,"West Virginia","Hampshire County",5,51,319,163,156
050,54,027,"West Virginia","Hampshire County",5,52,352,192,160
050,54,027,"West Virginia","Hampshire County",5,53,383,201,182
050,54,027,"West Virginia","Hampshire County",5,54,351,176,175
050,54,027,"West Virginia","Hampshire County",5,55,371,194,177
050,54,027,"West Virginia","Hampshire County",5,56,329,172,157
050,54,027,"West Virginia","Hampshire County",5,57,372,194,178
050,54,027,"West Virginia","Hampshire County",5,58,376,193,183
050,54,027,"West Virginia","Hampshire County",5,59,403,205,198
050,54,027,"West Virginia","Hampshire County",5,60,387,201,186
050,54,027,"West Virginia","Hampshire County",5,61,399,207,192
050,54,027,"West Virginia","Hampshire County",5,62,420,212,208
050,54,027,"West Virginia","Hampshire County",5,63,387,195,192
050,54,027,"West Virginia","Hampshire County",5,64,373,181,192
050,54,027,"West Virginia","Hampshire County",5,65,390,187,203
050,54,027,"West Virginia","Hampshire County",5,66,371,180,191
050,54,027,"West Virginia","Hampshire County",5,67,378,199,179
050,54,027,"West Virginia","Hampshire County",5,68,376,196,180
050,54,027,"West Virginia","Hampshire County",5,69,340,180,160
050,54,027,"West Virginia","Hampshire County",5,70,341,167,174
050,54,027,"West Virginia","Hampshire County",5,71,308,155,153
050,54,027,"West Virginia","Hampshire County",5,72,333,172,161
050,54,027,"West Virginia","Hampshire County",5,73,302,155,147
050,54,027,"West Virginia","Hampshire County",5,74,296,153,143
050,54,027,"West Virginia","Hampshire County",5,75,306,160,146
050,54,027,"West Virginia","Hampshire County",5,76,320,171,149
050,54,027,"West Virginia","Hampshire County",5,77,209,109,100
050,54,027,"West Virginia","Hampshire County",5,78,194,94,100
050,54,027,"West Virginia","Hampshire County",5,79,204,96,108
050,54,027,"West Virginia","Hampshire County",5,80,209,109,100
050,54,027,"West Virginia","Hampshire County",5,81,149,74,75
050,54,027,"West Virginia","Hampshire County",5,82,122,62,60
050,54,027,"West Virginia","Hampshire County",5,83,112,52,60
050,54,027,"West Virginia","Hampshire County",5,84,95,48,47
050,54,027,"West Virginia","Hampshire County",5,85,519,221,298
050,54,029,"West Virginia","Hancock County",1,0,246,126,120
050,54,029,"West Virginia","Hancock County",1,1,239,126,113
050,54,029,"West Virginia","Hancock County",1,2,248,132,116
050,54,029,"West Virginia","Hancock County",1,3,253,120,133
050,54,029,"West Virginia","Hancock County",1,4,273,133,140
050,54,029,"West Virginia","Hancock County",1,5,305,158,147
050,54,029,"West Virginia","Hancock County",1,6,299,158,141
050,54,029,"West Virginia","Hancock County",1,7,307,155,152
050,54,029,"West Virginia","Hancock County",1,8,316,165,151
050,54,029,"West Virginia","Hancock County",1,9,311,161,150
050,54,029,"West Virginia","Hancock County",1,10,312,156,156
050,54,029,"West Virginia","Hancock County",1,11,338,167,171
050,54,029,"West Virginia","Hancock County",1,12,331,168,163
050,54,029,"West Virginia","Hancock County",1,13,336,166,170
050,54,029,"West Virginia","Hancock County",1,14,346,182,164
050,54,029,"West Virginia","Hancock County",1,15,350,187,163
050,54,029,"West Virginia","Hancock County",1,16,368,198,170
050,54,029,"West Virginia","Hancock County",1,17,365,191,174
050,54,029,"West Virginia","Hancock County",1,18,302,163,139
050,54,029,"West Virginia","Hancock County",1,19,243,127,116
050,54,029,"West Virginia","Hancock County",1,20,265,140,125
050,54,029,"West Virginia","Hancock County",1,21,272,145,127
050,54,029,"West Virginia","Hancock County",1,22,264,129,135
050,54,029,"West Virginia","Hancock County",1,23,281,130,151
050,54,029,"West Virginia","Hancock County",1,24,313,161,152
050,54,029,"West Virginia","Hancock County",1,25,296,163,133
050,54,029,"West Virginia","Hancock County",1,26,306,155,151
050,54,029,"West Virginia","Hancock County",1,27,305,162,143
050,54,029,"West Virginia","Hancock County",1,28,310,149,161
050,54,029,"West Virginia","Hancock County",1,29,332,171,161
050,54,029,"West Virginia","Hancock County",1,30,352,170,182
050,54,029,"West Virginia","Hancock County",1,31,318,157,161
050,54,029,"West Virginia","Hancock County",1,32,286,148,138
050,54,029,"West Virginia","Hancock County",1,33,282,144,138
050,54,029,"West Virginia","Hancock County",1,34,302,154,148
050,54,029,"West Virginia","Hancock County",1,35,299,154,145
050,54,029,"West Virginia","Hancock County",1,36,281,155,126
050,54,029,"West Virginia","Hancock County",1,37,312,151,161
050,54,029,"West Virginia","Hancock County",1,38,330,157,173
050,54,029,"West Virginia","Hancock County",1,39,350,169,181
050,54,029,"West Virginia","Hancock County",1,40,345,182,163
050,54,029,"West Virginia","Hancock County",1,41,308,145,163
050,54,029,"West Virginia","Hancock County",1,42,334,149,185
050,54,029,"West Virginia","Hancock County",1,43,340,166,174
050,54,029,"West Virginia","Hancock County",1,44,350,177,173
050,54,029,"West Virginia","Hancock County",1,45,350,173,177
050,54,029,"West Virginia","Hancock County",1,46,364,180,184
050,54,029,"West Virginia","Hancock County",1,47,399,202,197
050,54,029,"West Virginia","Hancock County",1,48,414,225,189
050,54,029,"West Virginia","Hancock County",1,49,434,228,206
050,54,029,"West Virginia","Hancock County",1,50,441,232,209
050,54,029,"West Virginia","Hancock County",1,51,410,211,199
050,54,029,"West Virginia","Hancock County",1,52,366,177,189
050,54,029,"West Virginia","Hancock County",1,53,366,189,177
050,54,029,"West Virginia","Hancock County",1,54,380,194,186
050,54,029,"West Virginia","Hancock County",1,55,399,196,203
050,54,029,"West Virginia","Hancock County",1,56,428,199,229
050,54,029,"West Virginia","Hancock County",1,57,442,217,225
050,54,029,"West Virginia","Hancock County",1,58,459,229,230
050,54,029,"West Virginia","Hancock County",1,59,475,228,247
050,54,029,"West Virginia","Hancock County",1,60,482,237,245
050,54,029,"West Virginia","Hancock County",1,61,478,238,240
050,54,029,"West Virginia","Hancock County",1,62,472,220,252
050,54,029,"West Virginia","Hancock County",1,63,420,202,218
050,54,029,"West Virginia","Hancock County",1,64,434,209,225
050,54,029,"West Virginia","Hancock County",1,65,456,221,235
050,54,029,"West Virginia","Hancock County",1,66,471,236,235
050,54,029,"West Virginia","Hancock County",1,67,486,239,247
050,54,029,"West Virginia","Hancock County",1,68,458,230,228
050,54,029,"West Virginia","Hancock County",1,69,405,188,217
050,54,029,"West Virginia","Hancock County",1,70,411,188,223
050,54,029,"West Virginia","Hancock County",1,71,404,201,203
050,54,029,"West Virginia","Hancock County",1,72,384,186,198
050,54,029,"West Virginia","Hancock County",1,73,367,184,183
050,54,029,"West Virginia","Hancock County",1,74,240,115,125
050,54,029,"West Virginia","Hancock County",1,75,234,106,128
050,54,029,"West Virginia","Hancock County",1,76,233,104,129
050,54,029,"West Virginia","Hancock County",1,77,251,110,141
050,54,029,"West Virginia","Hancock County",1,78,202,93,109
050,54,029,"West Virginia","Hancock County",1,79,188,76,112
050,54,029,"West Virginia","Hancock County",1,80,169,64,105
050,54,029,"West Virginia","Hancock County",1,81,178,72,106
050,54,029,"West Virginia","Hancock County",1,82,163,58,105
050,54,029,"West Virginia","Hancock County",1,83,163,64,99
050,54,029,"West Virginia","Hancock County",1,84,150,56,94
050,54,029,"West Virginia","Hancock County",1,85,846,273,573
050,54,029,"West Virginia","Hancock County",2,0,227,112,115
050,54,029,"West Virginia","Hancock County",2,1,239,125,114
050,54,029,"West Virginia","Hancock County",2,2,248,130,118
050,54,029,"West Virginia","Hancock County",2,3,254,124,130
050,54,029,"West Virginia","Hancock County",2,4,270,130,140
050,54,029,"West Virginia","Hancock County",2,5,298,151,147
050,54,029,"West Virginia","Hancock County",2,6,299,158,141
050,54,029,"West Virginia","Hancock County",2,7,305,155,150
050,54,029,"West Virginia","Hancock County",2,8,315,164,151
050,54,029,"West Virginia","Hancock County",2,9,311,162,149
050,54,029,"West Virginia","Hancock County",2,10,310,156,154
050,54,029,"West Virginia","Hancock County",2,11,328,163,165
050,54,029,"West Virginia","Hancock County",2,12,335,167,168
050,54,029,"West Virginia","Hancock County",2,13,333,165,168
050,54,029,"West Virginia","Hancock County",2,14,343,178,165
050,54,029,"West Virginia","Hancock County",2,15,348,187,161
050,54,029,"West Virginia","Hancock County",2,16,362,195,167
050,54,029,"West Virginia","Hancock County",2,17,365,193,172
050,54,029,"West Virginia","Hancock County",2,18,304,164,140
050,54,029,"West Virginia","Hancock County",2,19,247,130,117
050,54,029,"West Virginia","Hancock County",2,20,269,142,127
050,54,029,"West Virginia","Hancock County",2,21,272,145,127
050,54,029,"West Virginia","Hancock County",2,22,270,134,136
050,54,029,"West Virginia","Hancock County",2,23,282,133,149
050,54,029,"West Virginia","Hancock County",2,24,307,156,151
050,54,029,"West Virginia","Hancock County",2,25,304,166,138
050,54,029,"West Virginia","Hancock County",2,26,305,159,146
050,54,029,"West Virginia","Hancock County",2,27,305,159,146
050,54,029,"West Virginia","Hancock County",2,28,310,155,155
050,54,029,"West Virginia","Hancock County",2,29,331,167,164
050,54,029,"West Virginia","Hancock County",2,30,351,172,179
050,54,029,"West Virginia","Hancock County",2,31,325,160,165
050,54,029,"West Virginia","Hancock County",2,32,294,150,144
050,54,029,"West Virginia","Hancock County",2,33,283,146,137
050,54,029,"West Virginia","Hancock County",2,34,295,149,146
050,54,029,"West Virginia","Hancock County",2,35,298,153,145
050,54,029,"West Virginia","Hancock County",2,36,282,153,129
050,54,029,"West Virginia","Hancock County",2,37,303,150,153
050,54,029,"West Virginia","Hancock County",2,38,326,155,171
050,54,029,"West Virginia","Hancock County",2,39,344,165,179
050,54,029,"West Virginia","Hancock County",2,40,348,179,169
050,54,029,"West Virginia","Hancock County",2,41,317,154,163
050,54,029,"West Virginia","Hancock County",2,42,328,149,179
050,54,029,"West Virginia","Hancock County",2,43,340,162,178
050,54,029,"West Virginia","Hancock County",2,44,344,173,171
050,54,029,"West Virginia","Hancock County",2,45,350,173,177
050,54,029,"West Virginia","Hancock County",2,46,359,177,182
050,54,029,"West Virginia","Hancock County",2,47,391,197,194
050,54,029,"West Virginia","Hancock County",2,48,409,219,190
050,54,029,"West Virginia","Hancock County",2,49,435,230,205
050,54,029,"West Virginia","Hancock County",2,50,441,232,209
050,54,029,"West Virginia","Hancock County",2,51,415,215,200
050,54,029,"West Virginia","Hancock County",2,52,372,183,189
050,54,029,"West Virginia","Hancock County",2,53,365,186,179
050,54,029,"West Virginia","Hancock County",2,54,374,192,182
050,54,029,"West Virginia","Hancock County",2,55,393,195,198
050,54,029,"West Virginia","Hancock County",2,56,421,198,223
050,54,029,"West Virginia","Hancock County",2,57,438,212,226
050,54,029,"West Virginia","Hancock County",2,58,455,228,227
050,54,029,"West Virginia","Hancock County",2,59,474,229,245
050,54,029,"West Virginia","Hancock County",2,60,480,235,245
050,54,029,"West Virginia","Hancock County",2,61,478,237,241
050,54,029,"West Virginia","Hancock County",2,62,471,224,247
050,54,029,"West Virginia","Hancock County",2,63,435,208,227
050,54,029,"West Virginia","Hancock County",2,64,426,204,222
050,54,029,"West Virginia","Hancock County",2,65,449,217,232
050,54,029,"West Virginia","Hancock County",2,66,466,232,234
050,54,029,"West Virginia","Hancock County",2,67,478,238,240
050,54,029,"West Virginia","Hancock County",2,68,458,227,231
050,54,029,"West Virginia","Hancock County",2,69,418,198,220
050,54,029,"West Virginia","Hancock County",2,70,410,187,223
050,54,029,"West Virginia","Hancock County",2,71,402,198,204
050,54,029,"West Virginia","Hancock County",2,72,382,186,196
050,54,029,"West Virginia","Hancock County",2,73,387,193,194
050,54,029,"West Virginia","Hancock County",2,74,256,124,132
050,54,029,"West Virginia","Hancock County",2,75,234,108,126
050,54,029,"West Virginia","Hancock County",2,76,226,103,123
050,54,029,"West Virginia","Hancock County",2,77,249,108,141
050,54,029,"West Virginia","Hancock County",2,78,206,94,112
050,54,029,"West Virginia","Hancock County",2,79,190,78,112
050,54,029,"West Virginia","Hancock County",2,80,173,67,106
050,54,029,"West Virginia","Hancock County",2,81,175,69,106
050,54,029,"West Virginia","Hancock County",2,82,162,59,103
050,54,029,"West Virginia","Hancock County",2,83,159,61,98
050,54,029,"West Virginia","Hancock County",2,84,148,58,90
050,54,029,"West Virginia","Hancock County",2,85,854,273,581
050,54,029,"West Virginia","Hancock County",3,0,226,121,105
050,54,029,"West Virginia","Hancock County",3,1,235,105,130
050,54,029,"West Virginia","Hancock County",3,2,234,117,117
050,54,029,"West Virginia","Hancock County",3,3,254,131,123
050,54,029,"West Virginia","Hancock County",3,4,244,120,124
050,54,029,"West Virginia","Hancock County",3,5,267,131,136
050,54,029,"West Virginia","Hancock County",3,6,293,152,141
050,54,029,"West Virginia","Hancock County",3,7,296,158,138
050,54,029,"West Virginia","Hancock County",3,8,300,153,147
050,54,029,"West Virginia","Hancock County",3,9,308,159,149
050,54,029,"West Virginia","Hancock County",3,10,316,162,154
050,54,029,"West Virginia","Hancock County",3,11,305,159,146
050,54,029,"West Virginia","Hancock County",3,12,325,158,167
050,54,029,"West Virginia","Hancock County",3,13,338,171,167
050,54,029,"West Virginia","Hancock County",3,14,327,167,160
050,54,029,"West Virginia","Hancock County",3,15,344,177,167
050,54,029,"West Virginia","Hancock County",3,16,347,186,161
050,54,029,"West Virginia","Hancock County",3,17,355,192,163
050,54,029,"West Virginia","Hancock County",3,18,303,168,135
050,54,029,"West Virginia","Hancock County",3,19,244,129,115
050,54,029,"West Virginia","Hancock County",3,20,260,136,124
050,54,029,"West Virginia","Hancock County",3,21,282,146,136
050,54,029,"West Virginia","Hancock County",3,22,296,160,136
050,54,029,"West Virginia","Hancock County",3,23,296,149,147
050,54,029,"West Virginia","Hancock County",3,24,268,138,130
050,54,029,"West Virginia","Hancock County",3,25,314,161,153
050,54,029,"West Virginia","Hancock County",3,26,296,163,133
050,54,029,"West Virginia","Hancock County",3,27,309,162,147
050,54,029,"West Virginia","Hancock County",3,28,302,150,152
050,54,029,"West Virginia","Hancock County",3,29,305,154,151
050,54,029,"West Virginia","Hancock County",3,30,331,166,165
050,54,029,"West Virginia","Hancock County",3,31,357,181,176
050,54,029,"West Virginia","Hancock County",3,32,318,160,158
050,54,029,"West Virginia","Hancock County",3,33,305,160,145
050,54,029,"West Virginia","Hancock County",3,34,282,153,129
050,54,029,"West Virginia","Hancock County",3,35,296,150,146
050,54,029,"West Virginia","Hancock County",3,36,303,152,151
050,54,029,"West Virginia","Hancock County",3,37,278,150,128
050,54,029,"West Virginia","Hancock County",3,38,289,138,151
050,54,029,"West Virginia","Hancock County",3,39,332,162,170
050,54,029,"West Virginia","Hancock County",3,40,337,156,181
050,54,029,"West Virginia","Hancock County",3,41,350,179,171
050,54,029,"West Virginia","Hancock County",3,42,321,153,168
050,54,029,"West Virginia","Hancock County",3,43,315,143,172
050,54,029,"West Virginia","Hancock County",3,44,345,164,181
050,54,029,"West Virginia","Hancock County",3,45,351,170,181
050,54,029,"West Virginia","Hancock County",3,46,354,172,182
050,54,029,"West Virginia","Hancock County",3,47,363,182,181
050,54,029,"West Virginia","Hancock County",3,48,387,196,191
050,54,029,"West Virginia","Hancock County",3,49,399,212,187
050,54,029,"West Virginia","Hancock County",3,50,432,232,200
050,54,029,"West Virginia","Hancock County",3,51,432,225,207
050,54,029,"West Virginia","Hancock County",3,52,401,207,194
050,54,029,"West Virginia","Hancock County",3,53,372,182,190
050,54,029,"West Virginia","Hancock County",3,54,361,186,175
050,54,029,"West Virginia","Hancock County",3,55,373,193,180
050,54,029,"West Virginia","Hancock County",3,56,377,183,194
050,54,029,"West Virginia","Hancock County",3,57,413,192,221
050,54,029,"West Virginia","Hancock County",3,58,422,208,214
050,54,029,"West Virginia","Hancock County",3,59,446,223,223
050,54,029,"West Virginia","Hancock County",3,60,471,222,249
050,54,029,"West Virginia","Hancock County",3,61,465,226,239
050,54,029,"West Virginia","Hancock County",3,62,467,230,237
050,54,029,"West Virginia","Hancock County",3,63,458,222,236
050,54,029,"West Virginia","Hancock County",3,64,440,213,227
050,54,029,"West Virginia","Hancock County",3,65,413,196,217
050,54,029,"West Virginia","Hancock County",3,66,443,213,230
050,54,029,"West Virginia","Hancock County",3,67,460,226,234
050,54,029,"West Virginia","Hancock County",3,68,462,224,238
050,54,029,"West Virginia","Hancock County",3,69,449,224,225
050,54,029,"West Virginia","Hancock County",3,70,402,186,216
050,54,029,"West Virginia","Hancock County",3,71,394,180,214
050,54,029,"West Virginia","Hancock County",3,72,386,191,195
050,54,029,"West Virginia","Hancock County",3,73,366,175,191
050,54,029,"West Virginia","Hancock County",3,74,369,185,184
050,54,029,"West Virginia","Hancock County",3,75,246,114,132
050,54,029,"West Virginia","Hancock County",3,76,215,102,113
050,54,029,"West Virginia","Hancock County",3,77,208,87,121
050,54,029,"West Virginia","Hancock County",3,78,238,102,136
050,54,029,"West Virginia","Hancock County",3,79,200,90,110
050,54,029,"West Virginia","Hancock County",3,80,179,71,108
050,54,029,"West Virginia","Hancock County",3,81,163,61,102
050,54,029,"West Virginia","Hancock County",3,82,155,61,94
050,54,029,"West Virginia","Hancock County",3,83,154,56,98
050,54,029,"West Virginia","Hancock County",3,84,139,61,78
050,54,029,"West Virginia","Hancock County",3,85,822,257,565
050,54,029,"West Virginia","Hancock County",4,0,232,127,105
050,54,029,"West Virginia","Hancock County",4,1,230,114,116
050,54,029,"West Virginia","Hancock County",4,2,237,112,125
050,54,029,"West Virginia","Hancock County",4,3,248,121,127
050,54,029,"West Virginia","Hancock County",4,4,272,144,128
050,54,029,"West Virginia","Hancock County",4,5,240,119,121
050,54,029,"West Virginia","Hancock County",4,6,261,126,135
050,54,029,"West Virginia","Hancock County",4,7,290,150,140
050,54,029,"West Virginia","Hancock County",4,8,301,160,141
050,54,029,"West Virginia","Hancock County",4,9,306,160,146
050,54,029,"West Virginia","Hancock County",4,10,306,162,144
050,54,029,"West Virginia","Hancock County",4,11,321,167,154
050,54,029,"West Virginia","Hancock County",4,12,307,161,146
050,54,029,"West Virginia","Hancock County",4,13,335,163,172
050,54,029,"West Virginia","Hancock County",4,14,320,159,161
050,54,029,"West Virginia","Hancock County",4,15,326,163,163
050,54,029,"West Virginia","Hancock County",4,16,334,176,158
050,54,029,"West Virginia","Hancock County",4,17,344,191,153
050,54,029,"West Virginia","Hancock County",4,18,291,160,131
050,54,029,"West Virginia","Hancock County",4,19,228,133,95
050,54,029,"West Virginia","Hancock County",4,20,259,132,127
050,54,029,"West Virginia","Hancock County",4,21,283,146,137
050,54,029,"West Virginia","Hancock County",4,22,310,159,151
050,54,029,"West Virginia","Hancock County",4,23,304,172,132
050,54,029,"West Virginia","Hancock County",4,24,311,154,157
050,54,029,"West Virginia","Hancock County",4,25,286,143,143
050,54,029,"West Virginia","Hancock County",4,26,303,157,146
050,54,029,"West Virginia","Hancock County",4,27,292,167,125
050,54,029,"West Virginia","Hancock County",4,28,312,166,146
050,54,029,"West Virginia","Hancock County",4,29,312,158,154
050,54,029,"West Virginia","Hancock County",4,30,292,147,145
050,54,029,"West Virginia","Hancock County",4,31,328,156,172
050,54,029,"West Virginia","Hancock County",4,32,349,179,170
050,54,029,"West Virginia","Hancock County",4,33,315,158,157
050,54,029,"West Virginia","Hancock County",4,34,314,161,153
050,54,029,"West Virginia","Hancock County",4,35,278,150,128
050,54,029,"West Virginia","Hancock County",4,36,298,150,148
050,54,029,"West Virginia","Hancock County",4,37,297,148,149
050,54,029,"West Virginia","Hancock County",4,38,269,145,124
050,54,029,"West Virginia","Hancock County",4,39,296,140,156
050,54,029,"West Virginia","Hancock County",4,40,324,152,172
050,54,029,"West Virginia","Hancock County",4,41,345,162,183
050,54,029,"West Virginia","Hancock County",4,42,341,173,168
050,54,029,"West Virginia","Hancock County",4,43,313,146,167
050,54,029,"West Virginia","Hancock County",4,44,299,137,162
050,54,029,"West Virginia","Hancock County",4,45,347,171,176
050,54,029,"West Virginia","Hancock County",4,46,346,172,174
050,54,029,"West Virginia","Hancock County",4,47,350,175,175
050,54,029,"West Virginia","Hancock County",4,48,361,179,182
050,54,029,"West Virginia","Hancock County",4,49,372,181,191
050,54,029,"West Virginia","Hancock County",4,50,388,197,191
050,54,029,"West Virginia","Hancock County",4,51,429,232,197
050,54,029,"West Virginia","Hancock County",4,52,433,218,215
050,54,029,"West Virginia","Hancock County",4,53,389,201,188
050,54,029,"West Virginia","Hancock County",4,54,371,180,191
050,54,029,"West Virginia","Hancock County",4,55,359,185,174
050,54,029,"West Virginia","Hancock County",4,56,368,190,178
050,54,029,"West Virginia","Hancock County",4,57,376,183,193
050,54,029,"West Virginia","Hancock County",4,58,404,183,221
050,54,029,"West Virginia","Hancock County",4,59,423,211,212
050,54,029,"West Virginia","Hancock County",4,60,446,223,223
050,54,029,"West Virginia","Hancock County",4,61,461,216,245
050,54,029,"West Virginia","Hancock County",4,62,466,216,250
050,54,029,"West Virginia","Hancock County",4,63,455,225,230
050,54,029,"West Virginia","Hancock County",4,64,452,217,235
050,54,029,"West Virginia","Hancock County",4,65,424,206,218
050,54,029,"West Virginia","Hancock County",4,66,410,194,216
050,54,029,"West Virginia","Hancock County",4,67,440,208,232
050,54,029,"West Virginia","Hancock County",4,68,455,215,240
050,54,029,"West Virginia","Hancock County",4,69,450,212,238
050,54,029,"West Virginia","Hancock County",4,70,439,216,223
050,54,029,"West Virginia","Hancock County",4,71,388,178,210
050,54,029,"West Virginia","Hancock County",4,72,375,171,204
050,54,029,"West Virginia","Hancock County",4,73,371,179,192
050,54,029,"West Virginia","Hancock County",4,74,349,167,182
050,54,029,"West Virginia","Hancock County",4,75,352,170,182
050,54,029,"West Virginia","Hancock County",4,76,232,111,121
050,54,029,"West Virginia","Hancock County",4,77,195,87,108
050,54,029,"West Virginia","Hancock County",4,78,203,87,116
050,54,029,"West Virginia","Hancock County",4,79,232,99,133
050,54,029,"West Virginia","Hancock County",4,80,196,87,109
050,54,029,"West Virginia","Hancock County",4,81,176,65,111
050,54,029,"West Virginia","Hancock County",4,82,142,55,87
050,54,029,"West Virginia","Hancock County",4,83,140,56,84
050,54,029,"West Virginia","Hancock County",4,84,134,54,80
050,54,029,"West Virginia","Hancock County",4,85,796,251,545
050,54,029,"West Virginia","Hancock County",5,0,245,132,113
050,54,029,"West Virginia","Hancock County",5,1,245,136,109
050,54,029,"West Virginia","Hancock County",5,2,238,111,127
050,54,029,"West Virginia","Hancock County",5,3,231,115,116
050,54,029,"West Virginia","Hancock County",5,4,255,125,130
050,54,029,"West Virginia","Hancock County",5,5,277,146,131
050,54,029,"West Virginia","Hancock County",5,6,255,126,129
050,54,029,"West Virginia","Hancock County",5,7,262,123,139
050,54,029,"West Virginia","Hancock County",5,8,305,155,150
050,54,029,"West Virginia","Hancock County",5,9,293,158,135
050,54,029,"West Virginia","Hancock County",5,10,294,151,143
050,54,029,"West Virginia","Hancock County",5,11,307,161,146
050,54,029,"West Virginia","Hancock County",5,12,317,167,150
050,54,029,"West Virginia","Hancock County",5,13,311,160,151
050,54,029,"West Virginia","Hancock County",5,14,333,162,171
050,54,029,"West Virginia","Hancock County",5,15,329,163,166
050,54,029,"West Virginia","Hancock County",5,16,322,161,161
050,54,029,"West Virginia","Hancock County",5,17,343,180,163
050,54,029,"West Virginia","Hancock County",5,18,291,161,130
050,54,029,"West Virginia","Hancock County",5,19,235,133,102
050,54,029,"West Virginia","Hancock County",5,20,258,146,112
050,54,029,"West Virginia","Hancock County",5,21,263,135,128
050,54,029,"West Virginia","Hancock County",5,22,296,152,144
050,54,029,"West Virginia","Hancock County",5,23,323,171,152
050,54,029,"West Virginia","Hancock County",5,24,303,170,133
050,54,029,"West Virginia","Hancock County",5,25,324,166,158
050,54,029,"West Virginia","Hancock County",5,26,294,135,159
050,54,029,"West Virginia","Hancock County",5,27,309,158,151
050,54,029,"West Virginia","Hancock County",5,28,298,165,133
050,54,029,"West Virginia","Hancock County",5,29,304,165,139
050,54,029,"West Virginia","Hancock County",5,30,310,160,150
050,54,029,"West Virginia","Hancock County",5,31,295,156,139
050,54,029,"West Virginia","Hancock County",5,32,318,155,163
050,54,029,"West Virginia","Hancock County",5,33,359,183,176
050,54,029,"West Virginia","Hancock County",5,34,311,160,151
050,54,029,"West Virginia","Hancock County",5,35,316,159,157
050,54,029,"West Virginia","Hancock County",5,36,299,162,137
050,54,029,"West Virginia","Hancock County",5,37,292,150,142
050,54,029,"West Virginia","Hancock County",5,38,301,151,150
050,54,029,"West Virginia","Hancock County",5,39,272,148,124
050,54,029,"West Virginia","Hancock County",5,40,296,141,155
050,54,029,"West Virginia","Hancock County",5,41,323,155,168
050,54,029,"West Virginia","Hancock County",5,42,338,154,184
050,54,029,"West Virginia","Hancock County",5,43,339,166,173
050,54,029,"West Virginia","Hancock County",5,44,318,151,167
050,54,029,"West Virginia","Hancock County",5,45,298,136,162
050,54,029,"West Virginia","Hancock County",5,46,345,168,177
050,54,029,"West Virginia","Hancock County",5,47,351,173,178
050,54,029,"West Virginia","Hancock County",5,48,350,173,177
050,54,029,"West Virginia","Hancock County",5,49,357,173,184
050,54,029,"West Virginia","Hancock County",5,50,370,179,191
050,54,029,"West Virginia","Hancock County",5,51,389,200,189
050,54,029,"West Virginia","Hancock County",5,52,432,232,200
050,54,029,"West Virginia","Hancock County",5,53,419,216,203
050,54,029,"West Virginia","Hancock County",5,54,384,205,179
050,54,029,"West Virginia","Hancock County",5,55,368,183,185
050,54,029,"West Virginia","Hancock County",5,56,344,177,167
050,54,029,"West Virginia","Hancock County",5,57,375,193,182
050,54,029,"West Virginia","Hancock County",5,58,380,186,194
050,54,029,"West Virginia","Hancock County",5,59,410,186,224
050,54,029,"West Virginia","Hancock County",5,60,422,203,219
050,54,029,"West Virginia","Hancock County",5,61,428,212,216
050,54,029,"West Virginia","Hancock County",5,62,457,212,245
050,54,029,"West Virginia","Hancock County",5,63,459,215,244
050,54,029,"West Virginia","Hancock County",5,64,450,223,227
050,54,029,"West Virginia","Hancock County",5,65,447,210,237
050,54,029,"West Virginia","Hancock County",5,66,418,207,211
050,54,029,"West Virginia","Hancock County",5,67,412,198,214
050,54,029,"West Virginia","Hancock County",5,68,436,202,234
050,54,029,"West Virginia","Hancock County",5,69,444,207,237
050,54,029,"West Virginia","Hancock County",5,70,445,209,236
050,54,029,"West Virginia","Hancock County",5,71,433,211,222
050,54,029,"West Virginia","Hancock County",5,72,367,164,203
050,54,029,"West Virginia","Hancock County",5,73,362,161,201
050,54,029,"West Virginia","Hancock County",5,74,360,172,188
050,54,029,"West Virginia","Hancock County",5,75,338,155,183
050,54,029,"West Virginia","Hancock County",5,76,336,168,168
050,54,029,"West Virginia","Hancock County",5,77,216,97,119
050,54,029,"West Virginia","Hancock County",5,78,186,85,101
050,54,029,"West Virginia","Hancock County",5,79,194,82,112
050,54,029,"West Virginia","Hancock County",5,80,220,95,125
050,54,029,"West Virginia","Hancock County",5,81,192,79,113
050,54,029,"West Virginia","Hancock County",5,82,153,57,96
050,54,029,"West Virginia","Hancock County",5,83,130,53,77
050,54,029,"West Virginia","Hancock County",5,84,123,56,67
050,54,029,"West Virginia","Hancock County",5,85,798,246,552
050,54,031,"West Virginia","Hardy County",1,0,162,81,81
050,54,031,"West Virginia","Hardy County",1,1,166,81,85
050,54,031,"West Virginia","Hardy County",1,2,156,97,59
050,54,031,"West Virginia","Hardy County",1,3,145,80,65
050,54,031,"West Virginia","Hardy County",1,4,151,73,78
050,54,031,"West Virginia","Hardy County",1,5,147,72,75
050,54,031,"West Virginia","Hardy County",1,6,148,73,75
050,54,031,"West Virginia","Hardy County",1,7,137,68,69
050,54,031,"West Virginia","Hardy County",1,8,159,81,78
050,54,031,"West Virginia","Hardy County",1,9,171,92,79
050,54,031,"West Virginia","Hardy County",1,10,187,99,88
050,54,031,"West Virginia","Hardy County",1,11,164,88,76
050,54,031,"West Virginia","Hardy County",1,12,169,90,79
050,54,031,"West Virginia","Hardy County",1,13,191,90,101
050,54,031,"West Virginia","Hardy County",1,14,162,78,84
050,54,031,"West Virginia","Hardy County",1,15,166,86,80
050,54,031,"West Virginia","Hardy County",1,16,185,104,81
050,54,031,"West Virginia","Hardy County",1,17,168,97,71
050,54,031,"West Virginia","Hardy County",1,18,135,75,60
050,54,031,"West Virginia","Hardy County",1,19,112,62,50
050,54,031,"West Virginia","Hardy County",1,20,122,65,57
050,54,031,"West Virginia","Hardy County",1,21,130,62,68
050,54,031,"West Virginia","Hardy County",1,22,137,62,75
050,54,031,"West Virginia","Hardy County",1,23,147,68,79
050,54,031,"West Virginia","Hardy County",1,24,140,67,73
050,54,031,"West Virginia","Hardy County",1,25,130,75,55
050,54,031,"West Virginia","Hardy County",1,26,130,72,58
050,54,031,"West Virginia","Hardy County",1,27,141,69,72
050,54,031,"West Virginia","Hardy County",1,28,149,72,77
050,54,031,"West Virginia","Hardy County",1,29,146,73,73
050,54,031,"West Virginia","Hardy County",1,30,151,78,73
050,54,031,"West Virginia","Hardy County",1,31,161,87,74
050,54,031,"West Virginia","Hardy County",1,32,147,73,74
050,54,031,"West Virginia","Hardy County",1,33,154,86,68
050,54,031,"West Virginia","Hardy County",1,34,144,78,66
050,54,031,"West Virginia","Hardy County",1,35,146,81,65
050,54,031,"West Virginia","Hardy County",1,36,141,64,77
050,54,031,"West Virginia","Hardy County",1,37,151,73,78
050,54,031,"West Virginia","Hardy County",1,38,144,86,58
050,54,031,"West Virginia","Hardy County",1,39,150,84,66
050,54,031,"West Virginia","Hardy County",1,40,175,97,78
050,54,031,"West Virginia","Hardy County",1,41,178,98,80
050,54,031,"West Virginia","Hardy County",1,42,167,80,87
050,54,031,"West Virginia","Hardy County",1,43,178,95,83
050,54,031,"West Virginia","Hardy County",1,44,175,93,82
050,54,031,"West Virginia","Hardy County",1,45,177,97,80
050,54,031,"West Virginia","Hardy County",1,46,179,97,82
050,54,031,"West Virginia","Hardy County",1,47,184,92,92
050,54,031,"West Virginia","Hardy County",1,48,201,101,100
050,54,031,"West Virginia","Hardy County",1,49,207,106,101
050,54,031,"West Virginia","Hardy County",1,50,200,106,94
050,54,031,"West Virginia","Hardy County",1,51,200,110,90
050,54,031,"West Virginia","Hardy County",1,52,195,95,100
050,54,031,"West Virginia","Hardy County",1,53,198,97,101
050,54,031,"West Virginia","Hardy County",1,54,208,112,96
050,54,031,"West Virginia","Hardy County",1,55,233,127,106
050,54,031,"West Virginia","Hardy County",1,56,216,104,112
050,54,031,"West Virginia","Hardy County",1,57,225,109,116
050,54,031,"West Virginia","Hardy County",1,58,225,116,109
050,54,031,"West Virginia","Hardy County",1,59,246,123,123
050,54,031,"West Virginia","Hardy County",1,60,224,110,114
050,54,031,"West Virginia","Hardy County",1,61,227,110,117
050,54,031,"West Virginia","Hardy County",1,62,228,119,109
050,54,031,"West Virginia","Hardy County",1,63,223,112,111
050,54,031,"West Virginia","Hardy County",1,64,213,106,107
050,54,031,"West Virginia","Hardy County",1,65,215,111,104
050,54,031,"West Virginia","Hardy County",1,66,205,98,107
050,54,031,"West Virginia","Hardy County",1,67,199,101,98
050,54,031,"West Virginia","Hardy County",1,68,207,106,101
050,54,031,"West Virginia","Hardy County",1,69,186,84,102
050,54,031,"West Virginia","Hardy County",1,70,185,90,95
050,54,031,"West Virginia","Hardy County",1,71,191,96,95
050,54,031,"West Virginia","Hardy County",1,72,179,87,92
050,54,031,"West Virginia","Hardy County",1,73,197,105,92
050,54,031,"West Virginia","Hardy County",1,74,143,68,75
050,54,031,"West Virginia","Hardy County",1,75,156,79,77
050,54,031,"West Virginia","Hardy County",1,76,124,64,60
050,54,031,"West Virginia","Hardy County",1,77,121,58,63
050,54,031,"West Virginia","Hardy County",1,78,108,53,55
050,54,031,"West Virginia","Hardy County",1,79,108,52,56
050,54,031,"West Virginia","Hardy County",1,80,99,49,50
050,54,031,"West Virginia","Hardy County",1,81,90,36,54
050,54,031,"West Virginia","Hardy County",1,82,95,44,51
050,54,031,"West Virginia","Hardy County",1,83,66,34,32
050,54,031,"West Virginia","Hardy County",1,84,57,30,27
050,54,031,"West Virginia","Hardy County",1,85,240,101,139
050,54,031,"West Virginia","Hardy County",2,0,157,77,80
050,54,031,"West Virginia","Hardy County",2,1,162,80,82
050,54,031,"West Virginia","Hardy County",2,2,158,93,65
050,54,031,"West Virginia","Hardy County",2,3,148,82,66
050,54,031,"West Virginia","Hardy County",2,4,147,73,74
050,54,031,"West Virginia","Hardy County",2,5,147,72,75
050,54,031,"West Virginia","Hardy County",2,6,144,71,73
050,54,031,"West Virginia","Hardy County",2,7,137,67,70
050,54,031,"West Virginia","Hardy County",2,8,152,76,76
050,54,031,"West Virginia","Hardy County",2,9,165,88,77
050,54,031,"West Virginia","Hardy County",2,10,183,98,85
050,54,031,"West Virginia","Hardy County",2,11,165,89,76
050,54,031,"West Virginia","Hardy County",2,12,170,88,82
050,54,031,"West Virginia","Hardy County",2,13,184,89,95
050,54,031,"West Virginia","Hardy County",2,14,169,81,88
050,54,031,"West Virginia","Hardy County",2,15,163,83,80
050,54,031,"West Virginia","Hardy County",2,16,180,101,79
050,54,031,"West Virginia","Hardy County",2,17,168,96,72
050,54,031,"West Virginia","Hardy County",2,18,136,77,59
050,54,031,"West Virginia","Hardy County",2,19,109,61,48
050,54,031,"West Virginia","Hardy County",2,20,123,66,57
050,54,031,"West Virginia","Hardy County",2,21,128,62,66
050,54,031,"West Virginia","Hardy County",2,22,138,64,74
050,54,031,"West Virginia","Hardy County",2,23,144,66,78
050,54,031,"West Virginia","Hardy County",2,24,137,65,72
050,54,031,"West Virginia","Hardy County",2,25,130,73,57
050,54,031,"West Virginia","Hardy County",2,26,130,73,57
050,54,031,"West Virginia","Hardy County",2,27,139,69,70
050,54,031,"West Virginia","Hardy County",2,28,147,71,76
050,54,031,"West Virginia","Hardy County",2,29,146,72,74
050,54,031,"West Virginia","Hardy County",2,30,151,78,73
050,54,031,"West Virginia","Hardy County",2,31,154,82,72
050,54,031,"West Virginia","Hardy County",2,32,150,76,74
050,54,031,"West Virginia","Hardy County",2,33,152,82,70
050,54,031,"West Virginia","Hardy County",2,34,145,80,65
050,54,031,"West Virginia","Hardy County",2,35,146,81,65
050,54,031,"West Virginia","Hardy County",2,36,142,68,74
050,54,031,"West Virginia","Hardy County",2,37,148,71,77
050,54,031,"West Virginia","Hardy County",2,38,146,83,63
050,54,031,"West Virginia","Hardy County",2,39,150,85,65
050,54,031,"West Virginia","Hardy County",2,40,171,96,75
050,54,031,"West Virginia","Hardy County",2,41,176,97,79
050,54,031,"West Virginia","Hardy County",2,42,167,83,84
050,54,031,"West Virginia","Hardy County",2,43,176,93,83
050,54,031,"West Virginia","Hardy County",2,44,174,94,80
050,54,031,"West Virginia","Hardy County",2,45,173,93,80
050,54,031,"West Virginia","Hardy County",2,46,176,96,80
050,54,031,"West Virginia","Hardy County",2,47,181,92,89
050,54,031,"West Virginia","Hardy County",2,48,196,99,97
050,54,031,"West Virginia","Hardy County",2,49,208,107,101
050,54,031,"West Virginia","Hardy County",2,50,203,107,96
050,54,031,"West Virginia","Hardy County",2,51,200,109,91
050,54,031,"West Virginia","Hardy County",2,52,196,98,98
050,54,031,"West Virginia","Hardy County",2,53,196,96,100
050,54,031,"West Virginia","Hardy County",2,54,204,107,97
050,54,031,"West Virginia","Hardy County",2,55,227,124,103
050,54,031,"West Virginia","Hardy County",2,56,224,111,113
050,54,031,"West Virginia","Hardy County",2,57,224,107,117
050,54,031,"West Virginia","Hardy County",2,58,226,114,112
050,54,031,"West Virginia","Hardy County",2,59,240,121,119
050,54,031,"West Virginia","Hardy County",2,60,228,113,115
050,54,031,"West Virginia","Hardy County",2,61,224,109,115
050,54,031,"West Virginia","Hardy County",2,62,228,116,112
050,54,031,"West Virginia","Hardy County",2,63,226,115,111
050,54,031,"West Virginia","Hardy County",2,64,215,107,108
050,54,031,"West Virginia","Hardy County",2,65,217,111,106
050,54,031,"West Virginia","Hardy County",2,66,208,101,107
050,54,031,"West Virginia","Hardy County",2,67,198,100,98
050,54,031,"West Virginia","Hardy County",2,68,202,103,99
050,54,031,"West Virginia","Hardy County",2,69,193,90,103
050,54,031,"West Virginia","Hardy County",2,70,181,85,96
050,54,031,"West Virginia","Hardy County",2,71,189,95,94
050,54,031,"West Virginia","Hardy County",2,72,178,87,91
050,54,031,"West Virginia","Hardy County",2,73,202,105,97
050,54,031,"West Virginia","Hardy County",2,74,144,71,73
050,54,031,"West Virginia","Hardy County",2,75,152,76,76
050,54,031,"West Virginia","Hardy County",2,76,127,66,61
050,54,031,"West Virginia","Hardy County",2,77,125,60,65
050,54,031,"West Virginia","Hardy County",2,78,107,52,55
050,54,031,"West Virginia","Hardy County",2,79,106,51,55
050,54,031,"West Virginia","Hardy County",2,80,100,48,52
050,54,031,"West Virginia","Hardy County",2,81,92,39,53
050,54,031,"West Virginia","Hardy County",2,82,93,41,52
050,54,031,"West Virginia","Hardy County",2,83,72,37,35
050,54,031,"West Virginia","Hardy County",2,84,59,31,28
050,54,031,"West Virginia","Hardy County",2,85,245,103,142
050,54,031,"West Virginia","Hardy County",3,0,137,75,62
050,54,031,"West Virginia","Hardy County",3,1,160,79,81
050,54,031,"West Virginia","Hardy County",3,2,150,66,84
050,54,031,"West Virginia","Hardy County",3,3,155,92,63
050,54,031,"West Virginia","Hardy County",3,4,150,86,64
050,54,031,"West Virginia","Hardy County",3,5,151,77,74
050,54,031,"West Virginia","Hardy County",3,6,158,76,82
050,54,031,"West Virginia","Hardy County",3,7,138,70,68
050,54,031,"West Virginia","Hardy County",3,8,136,69,67
050,54,031,"West Virginia","Hardy County",3,9,134,67,67
050,54,031,"West Virginia","Hardy County",3,10,161,89,72
050,54,031,"West Virginia","Hardy County",3,11,178,92,86
050,54,031,"West Virginia","Hardy County",3,12,157,89,68
050,54,031,"West Virginia","Hardy County",3,13,164,88,76
050,54,031,"West Virginia","Hardy County",3,14,174,86,88
050,54,031,"West Virginia","Hardy County",3,15,168,84,84
050,54,031,"West Virginia","Hardy County",3,16,164,86,78
050,54,031,"West Virginia","Hardy County",3,17,174,99,75
050,54,031,"West Virginia","Hardy County",3,18,141,82,59
050,54,031,"West Virginia","Hardy County",3,19,104,60,44
050,54,031,"West Virginia","Hardy County",3,20,111,62,49
050,54,031,"West Virginia","Hardy County",3,21,128,71,57
050,54,031,"West Virginia","Hardy County",3,22,137,67,70
050,54,031,"West Virginia","Hardy County",3,23,146,71,75
050,54,031,"West Virginia","Hardy County",3,24,141,66,75
050,54,031,"West Virginia","Hardy County",3,25,144,69,75
050,54,031,"West Virginia","Hardy County",3,26,141,80,61
050,54,031,"West Virginia","Hardy County",3,27,138,77,61
050,54,031,"West Virginia","Hardy County",3,28,146,72,74
050,54,031,"West Virginia","Hardy County",3,29,142,67,75
050,54,031,"West Virginia","Hardy County",3,30,142,66,76
050,54,031,"West Virginia","Hardy County",3,31,146,76,70
050,54,031,"West Virginia","Hardy County",3,32,157,83,74
050,54,031,"West Virginia","Hardy County",3,33,150,78,72
050,54,031,"West Virginia","Hardy County",3,34,160,82,78
050,54,031,"West Virginia","Hardy County",3,35,143,80,63
050,54,031,"West Virginia","Hardy County",3,36,145,80,65
050,54,031,"West Virginia","Hardy County",3,37,138,64,74
050,54,031,"West Virginia","Hardy County",3,38,138,62,76
050,54,031,"West Virginia","Hardy County",3,39,150,84,66
050,54,031,"West Virginia","Hardy County",3,40,154,90,64
050,54,031,"West Virginia","Hardy County",3,41,174,101,73
050,54,031,"West Virginia","Hardy County",3,42,173,91,82
050,54,031,"West Virginia","Hardy County",3,43,168,83,85
050,54,031,"West Virginia","Hardy County",3,44,179,95,84
050,54,031,"West Virginia","Hardy County",3,45,173,91,82
050,54,031,"West Virginia","Hardy County",3,46,169,89,80
050,54,031,"West Virginia","Hardy County",3,47,183,101,82
050,54,031,"West Virginia","Hardy County",3,48,175,88,87
050,54,031,"West Virginia","Hardy County",3,49,194,95,99
050,54,031,"West Virginia","Hardy County",3,50,208,108,100
050,54,031,"West Virginia","Hardy County",3,51,209,111,98
050,54,031,"West Virginia","Hardy County",3,52,201,110,91
050,54,031,"West Virginia","Hardy County",3,53,199,100,99
050,54,031,"West Virginia","Hardy County",3,54,190,88,102
050,54,031,"West Virginia","Hardy County",3,55,214,113,101
050,54,031,"West Virginia","Hardy County",3,56,227,122,105
050,54,031,"West Virginia","Hardy County",3,57,225,115,110
050,54,031,"West Virginia","Hardy County",3,58,229,111,118
050,54,031,"West Virginia","Hardy County",3,59,219,111,108
050,54,031,"West Virginia","Hardy County",3,60,240,123,117
050,54,031,"West Virginia","Hardy County",3,61,225,110,115
050,54,031,"West Virginia","Hardy County",3,62,220,110,110
050,54,031,"West Virginia","Hardy County",3,63,224,114,110
050,54,031,"West Virginia","Hardy County",3,64,218,106,112
050,54,031,"West Virginia","Hardy County",3,65,207,104,103
050,54,031,"West Virginia","Hardy County",3,66,209,108,101
050,54,031,"West Virginia","Hardy County",3,67,207,104,103
050,54,031,"West Virginia","Hardy County",3,68,188,98,90
050,54,031,"West Virginia","Hardy County",3,69,202,101,101
050,54,031,"West Virginia","Hardy County",3,70,186,85,101
050,54,031,"West Virginia","Hardy County",3,71,184,84,100
050,54,031,"West Virginia","Hardy County",3,72,180,93,87
050,54,031,"West Virginia","Hardy County",3,73,175,81,94
050,54,031,"West Virginia","Hardy County",3,74,192,99,93
050,54,031,"West Virginia","Hardy County",3,75,140,70,70
050,54,031,"West Virginia","Hardy County",3,76,146,74,72
050,54,031,"West Virginia","Hardy County",3,77,128,67,61
050,54,031,"West Virginia","Hardy County",3,78,115,57,58
050,54,031,"West Virginia","Hardy County",3,79,106,53,53
050,54,031,"West Virginia","Hardy County",3,80,104,48,56
050,54,031,"West Virginia","Hardy County",3,81,100,48,52
050,54,031,"West Virginia","Hardy County",3,82,88,36,52
050,54,031,"West Virginia","Hardy County",3,83,86,35,51
050,54,031,"West Virginia","Hardy County",3,84,68,37,31
050,54,031,"West Virginia","Hardy County",3,85,245,107,138
050,54,031,"West Virginia","Hardy County",4,0,123,62,61
050,54,031,"West Virginia","Hardy County",4,1,135,75,60
050,54,031,"West Virginia","Hardy County",4,2,156,78,78
050,54,031,"West Virginia","Hardy County",4,3,149,67,82
050,54,031,"West Virginia","Hardy County",4,4,155,90,65
050,54,031,"West Virginia","Hardy County",4,5,153,83,70
050,54,031,"West Virginia","Hardy County",4,6,149,75,74
050,54,031,"West Virginia","Hardy County",4,7,156,75,81
050,54,031,"West Virginia","Hardy County",4,8,146,72,74
050,54,031,"West Virginia","Hardy County",4,9,134,71,63
050,54,031,"West Virginia","Hardy County",4,10,131,66,65
050,54,031,"West Virginia","Hardy County",4,11,158,89,69
050,54,031,"West Virginia","Hardy County",4,12,180,91,89
050,54,031,"West Virginia","Hardy County",4,13,164,92,72
050,54,031,"West Virginia","Hardy County",4,14,169,92,77
050,54,031,"West Virginia","Hardy County",4,15,189,92,97
050,54,031,"West Virginia","Hardy County",4,16,164,81,83
050,54,031,"West Virginia","Hardy County",4,17,176,88,88
050,54,031,"West Virginia","Hardy County",4,18,147,86,61
050,54,031,"West Virginia","Hardy County",4,19,110,65,45
050,54,031,"West Virginia","Hardy County",4,20,112,61,51
050,54,031,"West Virginia","Hardy County",4,21,121,69,52
050,54,031,"West Virginia","Hardy County",4,22,132,72,60
050,54,031,"West Virginia","Hardy County",4,23,131,69,62
050,54,031,"West Virginia","Hardy County",4,24,139,64,75
050,54,031,"West Virginia","Hardy County",4,25,146,68,78
050,54,031,"West Virginia","Hardy County",4,26,143,71,72
050,54,031,"West Virginia","Hardy County",4,27,137,77,60
050,54,031,"West Virginia","Hardy County",4,28,131,67,64
050,54,031,"West Virginia","Hardy County",4,29,146,72,74
050,54,031,"West Virginia","Hardy County",4,30,135,67,68
050,54,031,"West Virginia","Hardy County",4,31,143,68,75
050,54,031,"West Virginia","Hardy County",4,32,148,75,73
050,54,031,"West Virginia","Hardy County",4,33,168,94,74
050,54,031,"West Virginia","Hardy County",4,34,148,76,72
050,54,031,"West Virginia","Hardy County",4,35,159,88,71
050,54,031,"West Virginia","Hardy County",4,36,152,81,71
050,54,031,"West Virginia","Hardy County",4,37,151,82,69
050,54,031,"West Virginia","Hardy County",4,38,137,65,72
050,54,031,"West Virginia","Hardy County",4,39,140,64,76
050,54,031,"West Virginia","Hardy County",4,40,150,83,67
050,54,031,"West Virginia","Hardy County",4,41,151,87,64
050,54,031,"West Virginia","Hardy County",4,42,176,104,72
050,54,031,"West Virginia","Hardy County",4,43,176,93,83
050,54,031,"West Virginia","Hardy County",4,44,177,90,87
050,54,031,"West Virginia","Hardy County",4,45,181,96,85
050,54,031,"West Virginia","Hardy County",4,46,173,90,83
050,54,031,"West Virginia","Hardy County",4,47,180,91,89
050,54,031,"West Virginia","Hardy County",4,48,185,103,82
050,54,031,"West Virginia","Hardy County",4,49,188,97,91
050,54,031,"West Virginia","Hardy County",4,50,198,99,99
050,54,031,"West Virginia","Hardy County",4,51,207,111,96
050,54,031,"West Virginia","Hardy County",4,52,211,113,98
050,54,031,"West Virginia","Hardy County",4,53,211,112,99
050,54,031,"West Virginia","Hardy County",4,54,197,95,102
050,54,031,"West Virginia","Hardy County",4,55,193,91,102
050,54,031,"West Virginia","Hardy County",4,56,213,112,101
050,54,031,"West Virginia","Hardy County",4,57,232,126,106
050,54,031,"West Virginia","Hardy County",4,58,226,114,112
050,54,031,"West Virginia","Hardy County",4,59,222,108,114
050,54,031,"West Virginia","Hardy County",4,60,224,112,112
050,54,031,"West Virginia","Hardy County",4,61,248,123,125
050,54,031,"West Virginia","Hardy County",4,62,228,113,115
050,54,031,"West Virginia","Hardy County",4,63,224,113,111
050,54,031,"West Virginia","Hardy County",4,64,221,111,110
050,54,031,"West Virginia","Hardy County",4,65,218,108,110
050,54,031,"West Virginia","Hardy County",4,66,201,101,100
050,54,031,"West Virginia","Hardy County",4,67,201,105,96
050,54,031,"West Virginia","Hardy County",4,68,208,109,99
050,54,031,"West Virginia","Hardy County",4,69,186,99,87
050,54,031,"West Virginia","Hardy County",4,70,189,97,92
050,54,031,"West Virginia","Hardy County",4,71,181,85,96
050,54,031,"West Virginia","Hardy County",4,72,177,82,95
050,54,031,"West Virginia","Hardy County",4,73,178,92,86
050,54,031,"West Virginia","Hardy County",4,74,163,73,90
050,54,031,"West Virginia","Hardy County",4,75,186,100,86
050,54,031,"West Virginia","Hardy County",4,76,128,65,63
050,54,031,"West Virginia","Hardy County",4,77,145,72,73
050,54,031,"West Virginia","Hardy County",4,78,115,62,53
050,54,031,"West Virginia","Hardy County",4,79,112,55,57
050,54,031,"West Virginia","Hardy County",4,80,102,52,50
050,54,031,"West Virginia","Hardy County",4,81,99,43,56
050,54,031,"West Virginia","Hardy County",4,82,93,43,50
050,54,031,"West Virginia","Hardy County",4,83,85,33,52
050,54,031,"West Virginia","Hardy County",4,84,80,33,47
050,54,031,"West Virginia","Hardy County",4,85,266,122,144
050,54,031,"West Virginia","Hardy County",5,0,122,61,61
050,54,031,"West Virginia","Hardy County",5,1,124,64,60
050,54,031,"West Virginia","Hardy County",5,2,129,76,53
050,54,031,"West Virginia","Hardy County",5,3,164,80,84
050,54,031,"West Virginia","Hardy County",5,4,141,63,78
050,54,031,"West Virginia","Hardy County",5,5,154,87,67
050,54,031,"West Virginia","Hardy County",5,6,156,86,70
050,54,031,"West Virginia","Hardy County",5,7,152,76,76
050,54,031,"West Virginia","Hardy County",5,8,164,79,85
050,54,031,"West Virginia","Hardy County",5,9,149,79,70
050,54,031,"West Virginia","Hardy County",5,10,137,70,67
050,54,031,"West Virginia","Hardy County",5,11,136,73,63
050,54,031,"West Virginia","Hardy County",5,12,165,89,76
050,54,031,"West Virginia","Hardy County",5,13,174,91,83
050,54,031,"West Virginia","Hardy County",5,14,164,91,73
050,54,031,"West Virginia","Hardy County",5,15,173,90,83
050,54,031,"West Virginia","Hardy County",5,16,198,101,97
050,54,031,"West Virginia","Hardy County",5,17,165,78,87
050,54,031,"West Virginia","Hardy County",5,18,148,78,70
050,54,031,"West Virginia","Hardy County",5,19,116,68,48
050,54,031,"West Virginia","Hardy County",5,20,116,65,51
050,54,031,"West Virginia","Hardy County",5,21,116,63,53
050,54,031,"West Virginia","Hardy County",5,22,131,75,56
050,54,031,"West Virginia","Hardy County",5,23,128,71,57
050,54,031,"West Virginia","Hardy County",5,24,128,69,59
050,54,031,"West Virginia","Hardy County",5,25,142,65,77
050,54,031,"West Virginia","Hardy County",5,26,149,68,81
050,54,031,"West Virginia","Hardy County",5,27,137,66,71
050,54,031,"West Virginia","Hardy County",5,28,147,80,67
050,54,031,"West Virginia","Hardy County",5,29,140,75,65
050,54,031,"West Virginia","Hardy County",5,30,147,74,73
050,54,031,"West Virginia","Hardy County",5,31,135,67,68
050,54,031,"West Virginia","Hardy County",5,32,145,68,77
050,54,031,"West Virginia","Hardy County",5,33,155,78,77
050,54,031,"West Virginia","Hardy County",5,34,171,94,77
050,54,031,"West Virginia","Hardy County",5,35,147,75,72
050,54,031,"West Virginia","Hardy County",5,36,161,90,71
050,54,031,"West Virginia","Hardy County",5,37,148,79,69
050,54,031,"West Virginia","Hardy County",5,38,157,81,76
050,54,031,"West Virginia","Hardy County",5,39,132,60,72
050,54,031,"West Virginia","Hardy County",5,40,152,72,80
050,54,031,"West Virginia","Hardy County",5,41,151,84,67
050,54,031,"West Virginia","Hardy County",5,42,154,93,61
050,54,031,"West Virginia","Hardy County",5,43,176,105,71
050,54,031,"West Virginia","Hardy County",5,44,179,92,87
050,54,031,"West Virginia","Hardy County",5,45,177,91,86
050,54,031,"West Virginia","Hardy County",5,46,187,94,93
050,54,031,"West Virginia","Hardy County",5,47,176,92,84
050,54,031,"West Virginia","Hardy County",5,48,177,88,89
050,54,031,"West Virginia","Hardy County",5,49,187,103,84
050,54,031,"West Virginia","Hardy County",5,50,183,96,87
050,54,031,"West Virginia","Hardy County",5,51,205,103,102
050,54,031,"West Virginia","Hardy County",5,52,213,114,99
050,54,031,"West Virginia","Hardy County",5,53,212,114,98
050,54,031,"West Virginia","Hardy County",5,54,209,109,100
050,54,031,"West Virginia","Hardy County",5,55,203,96,107
050,54,031,"West Virginia","Hardy County",5,56,191,89,102
050,54,031,"West Virginia","Hardy County",5,57,215,113,102
050,54,031,"West Virginia","Hardy County",5,58,230,130,100
050,54,031,"West Virginia","Hardy County",5,59,228,113,115
050,54,031,"West Virginia","Hardy County",5,60,227,110,117
050,54,031,"West Virginia","Hardy County",5,61,224,110,114
050,54,031,"West Virginia","Hardy County",5,62,251,127,124
050,54,031,"West Virginia","Hardy County",5,63,232,115,117
050,54,031,"West Virginia","Hardy County",5,64,225,115,110
050,54,031,"West Virginia","Hardy County",5,65,232,117,115
050,54,031,"West Virginia","Hardy County",5,66,217,109,108
050,54,031,"West Virginia","Hardy County",5,67,197,97,100
050,54,031,"West Virginia","Hardy County",5,68,195,100,95
050,54,031,"West Virginia","Hardy County",5,69,211,112,99
050,54,031,"West Virginia","Hardy County",5,70,178,93,85
050,54,031,"West Virginia","Hardy County",5,71,193,100,93
050,54,031,"West Virginia","Hardy County",5,72,174,83,91
050,54,031,"West Virginia","Hardy County",5,73,179,82,97
050,54,031,"West Virginia","Hardy County",5,74,163,84,79
050,54,031,"West Virginia","Hardy County",5,75,162,75,87
050,54,031,"West Virginia","Hardy County",5,76,180,101,79
050,54,031,"West Virginia","Hardy County",5,77,127,62,65
050,54,031,"West Virginia","Hardy County",5,78,132,66,66
050,54,031,"West Virginia","Hardy County",5,79,114,61,53
050,54,031,"West Virginia","Hardy County",5,80,106,53,53
050,54,031,"West Virginia","Hardy County",5,81,101,50,51
050,54,031,"West Virginia","Hardy County",5,82,92,39,53
050,54,031,"West Virginia","Hardy County",5,83,88,40,48
050,54,031,"West Virginia","Hardy County",5,84,82,32,50
050,54,031,"West Virginia","Hardy County",5,85,301,134,167
050,54,033,"West Virginia","Harrison County",1,0,690,355,335
050,54,033,"West Virginia","Harrison County",1,1,690,360,330
050,54,033,"West Virginia","Harrison County",1,2,687,363,324
050,54,033,"West Virginia","Harrison County",1,3,690,338,352
050,54,033,"West Virginia","Harrison County",1,4,751,379,372
050,54,033,"West Virginia","Harrison County",1,5,791,395,396
050,54,033,"West Virginia","Harrison County",1,6,760,386,374
050,54,033,"West Virginia","Harrison County",1,7,796,417,379
050,54,033,"West Virginia","Harrison County",1,8,762,407,355
050,54,033,"West Virginia","Harrison County",1,9,803,429,374
050,54,033,"West Virginia","Harrison County",1,10,831,437,394
050,54,033,"West Virginia","Harrison County",1,11,852,445,407
050,54,033,"West Virginia","Harrison County",1,12,872,450,422
050,54,033,"West Virginia","Harrison County",1,13,844,450,394
050,54,033,"West Virginia","Harrison County",1,14,843,440,403
050,54,033,"West Virginia","Harrison County",1,15,854,438,416
050,54,033,"West Virginia","Harrison County",1,16,856,446,410
050,54,033,"West Virginia","Harrison County",1,17,835,428,407
050,54,033,"West Virginia","Harrison County",1,18,754,402,352
050,54,033,"West Virginia","Harrison County",1,19,607,332,275
050,54,033,"West Virginia","Harrison County",1,20,612,330,282
050,54,033,"West Virginia","Harrison County",1,21,661,331,330
050,54,033,"West Virginia","Harrison County",1,22,683,342,341
050,54,033,"West Virginia","Harrison County",1,23,709,349,360
050,54,033,"West Virginia","Harrison County",1,24,744,363,381
050,54,033,"West Virginia","Harrison County",1,25,785,396,389
050,54,033,"West Virginia","Harrison County",1,26,794,410,384
050,54,033,"West Virginia","Harrison County",1,27,772,385,387
050,54,033,"West Virginia","Harrison County",1,28,800,424,376
050,54,033,"West Virginia","Harrison County",1,29,830,417,413
050,54,033,"West Virginia","Harrison County",1,30,749,364,385
050,54,033,"West Virginia","Harrison County",1,31,784,383,401
050,54,033,"West Virginia","Harrison County",1,32,746,359,387
050,54,033,"West Virginia","Harrison County",1,33,759,389,370
050,54,033,"West Virginia","Harrison County",1,34,800,407,393
050,54,033,"West Virginia","Harrison County",1,35,807,423,384
050,54,033,"West Virginia","Harrison County",1,36,791,398,393
050,54,033,"West Virginia","Harrison County",1,37,832,411,421
050,54,033,"West Virginia","Harrison County",1,38,860,425,435
050,54,033,"West Virginia","Harrison County",1,39,902,446,456
050,54,033,"West Virginia","Harrison County",1,40,870,443,427
050,54,033,"West Virginia","Harrison County",1,41,816,427,389
050,54,033,"West Virginia","Harrison County",1,42,825,417,408
050,54,033,"West Virginia","Harrison County",1,43,776,387,389
050,54,033,"West Virginia","Harrison County",1,44,804,414,390
050,54,033,"West Virginia","Harrison County",1,45,821,425,396
050,54,033,"West Virginia","Harrison County",1,46,783,392,391
050,54,033,"West Virginia","Harrison County",1,47,828,402,426
050,54,033,"West Virginia","Harrison County",1,48,888,442,446
050,54,033,"West Virginia","Harrison County",1,49,943,482,461
050,54,033,"West Virginia","Harrison County",1,50,859,444,415
050,54,033,"West Virginia","Harrison County",1,51,839,423,416
050,54,033,"West Virginia","Harrison County",1,52,815,409,406
050,54,033,"West Virginia","Harrison County",1,53,848,418,430
050,54,033,"West Virginia","Harrison County",1,54,851,433,418
050,54,033,"West Virginia","Harrison County",1,55,948,493,455
050,54,033,"West Virginia","Harrison County",1,56,956,491,465
050,54,033,"West Virginia","Harrison County",1,57,928,452,476
050,54,033,"West Virginia","Harrison County",1,58,936,444,492
050,54,033,"West Virginia","Harrison County",1,59,973,485,488
050,54,033,"West Virginia","Harrison County",1,60,926,462,464
050,54,033,"West Virginia","Harrison County",1,61,965,482,483
050,54,033,"West Virginia","Harrison County",1,62,1005,511,494
050,54,033,"West Virginia","Harrison County",1,63,934,468,466
050,54,033,"West Virginia","Harrison County",1,64,898,432,466
050,54,033,"West Virginia","Harrison County",1,65,882,434,448
050,54,033,"West Virginia","Harrison County",1,66,834,406,428
050,54,033,"West Virginia","Harrison County",1,67,798,373,425
050,54,033,"West Virginia","Harrison County",1,68,806,394,412
050,54,033,"West Virginia","Harrison County",1,69,765,365,400
050,54,033,"West Virginia","Harrison County",1,70,743,334,409
050,54,033,"West Virginia","Harrison County",1,71,741,341,400
050,54,033,"West Virginia","Harrison County",1,72,774,368,406
050,54,033,"West Virginia","Harrison County",1,73,754,358,396
050,54,033,"West Virginia","Harrison County",1,74,482,221,261
050,54,033,"West Virginia","Harrison County",1,75,505,245,260
050,54,033,"West Virginia","Harrison County",1,76,494,227,267
050,54,033,"West Virginia","Harrison County",1,77,474,210,264
050,54,033,"West Virginia","Harrison County",1,78,405,179,226
050,54,033,"West Virginia","Harrison County",1,79,384,174,210
050,54,033,"West Virginia","Harrison County",1,80,363,147,216
050,54,033,"West Virginia","Harrison County",1,81,354,146,208
050,54,033,"West Virginia","Harrison County",1,82,306,120,186
050,54,033,"West Virginia","Harrison County",1,83,267,99,168
050,54,033,"West Virginia","Harrison County",1,84,248,101,147
050,54,033,"West Virginia","Harrison County",1,85,1512,517,995
050,54,033,"West Virginia","Harrison County",2,0,686,351,335
050,54,033,"West Virginia","Harrison County",2,1,685,356,329
050,54,033,"West Virginia","Harrison County",2,2,689,360,329
050,54,033,"West Virginia","Harrison County",2,3,686,341,345
050,54,033,"West Virginia","Harrison County",2,4,741,370,371
050,54,033,"West Virginia","Harrison County",2,5,778,389,389
050,54,033,"West Virginia","Harrison County",2,6,765,384,381
050,54,033,"West Virginia","Harrison County",2,7,783,406,377
050,54,033,"West Virginia","Harrison County",2,8,767,408,359
050,54,033,"West Virginia","Harrison County",2,9,794,426,368
050,54,033,"West Virginia","Harrison County",2,10,827,437,390
050,54,033,"West Virginia","Harrison County",2,11,846,443,403
050,54,033,"West Virginia","Harrison County",2,12,872,452,420
050,54,033,"West Virginia","Harrison County",2,13,852,450,402
050,54,033,"West Virginia","Harrison County",2,14,842,443,399
050,54,033,"West Virginia","Harrison County",2,15,852,440,412
050,54,033,"West Virginia","Harrison County",2,16,860,446,414
050,54,033,"West Virginia","Harrison County",2,17,843,433,410
050,54,033,"West Virginia","Harrison County",2,18,745,394,351
050,54,033,"West Virginia","Harrison County",2,19,610,333,277
050,54,033,"West Virginia","Harrison County",2,20,626,340,286
050,54,033,"West Virginia","Harrison County",2,21,655,332,323
050,54,033,"West Virginia","Harrison County",2,22,690,344,346
050,54,033,"West Virginia","Harrison County",2,23,706,345,361
050,54,033,"West Virginia","Harrison County",2,24,735,361,374
050,54,033,"West Virginia","Harrison County",2,25,776,390,386
050,54,033,"West Virginia","Harrison County",2,26,794,409,385
050,54,033,"West Virginia","Harrison County",2,27,774,392,382
050,54,033,"West Virginia","Harrison County",2,28,792,415,377
050,54,033,"West Virginia","Harrison County",2,29,820,418,402
050,54,033,"West Virginia","Harrison County",2,30,772,381,391
050,54,033,"West Virginia","Harrison County",2,31,772,380,392
050,54,033,"West Virginia","Harrison County",2,32,759,367,392
050,54,033,"West Virginia","Harrison County",2,33,755,380,375
050,54,033,"West Virginia","Harrison County",2,34,791,402,389
050,54,033,"West Virginia","Harrison County",2,35,809,420,389
050,54,033,"West Virginia","Harrison County",2,36,792,402,390
050,54,033,"West Virginia","Harrison County",2,37,822,407,415
050,54,033,"West Virginia","Harrison County",2,38,856,422,434
050,54,033,"West Virginia","Harrison County",2,39,888,437,451
050,54,033,"West Virginia","Harrison County",2,40,881,442,439
050,54,033,"West Virginia","Harrison County",2,41,832,432,400
050,54,033,"West Virginia","Harrison County",2,42,820,418,402
050,54,033,"West Virginia","Harrison County",2,43,793,398,395
050,54,033,"West Virginia","Harrison County",2,44,789,402,387
050,54,033,"West Virginia","Harrison County",2,45,817,423,394
050,54,033,"West Virginia","Harrison County",2,46,789,399,390
050,54,033,"West Virginia","Harrison County",2,47,813,396,417
050,54,033,"West Virginia","Harrison County",2,48,870,429,441
050,54,033,"West Virginia","Harrison County",2,49,928,474,454
050,54,033,"West Virginia","Harrison County",2,50,878,452,426
050,54,033,"West Virginia","Harrison County",2,51,837,425,412
050,54,033,"West Virginia","Harrison County",2,52,818,410,408
050,54,033,"West Virginia","Harrison County",2,53,844,416,428
050,54,033,"West Virginia","Harrison County",2,54,850,430,420
050,54,033,"West Virginia","Harrison County",2,55,926,479,447
050,54,033,"West Virginia","Harrison County",2,56,953,491,462
050,54,033,"West Virginia","Harrison County",2,57,932,460,472
050,54,033,"West Virginia","Harrison County",2,58,925,442,483
050,54,033,"West Virginia","Harrison County",2,59,962,474,488
050,54,033,"West Virginia","Harrison County",2,60,930,462,468
050,54,033,"West Virginia","Harrison County",2,61,951,473,478
050,54,033,"West Virginia","Harrison County",2,62,990,502,488
050,54,033,"West Virginia","Harrison County",2,63,958,483,475
050,54,033,"West Virginia","Harrison County",2,64,898,435,463
050,54,033,"West Virginia","Harrison County",2,65,883,432,451
050,54,033,"West Virginia","Harrison County",2,66,837,404,433
050,54,033,"West Virginia","Harrison County",2,67,797,377,420
050,54,033,"West Virginia","Harrison County",2,68,795,384,411
050,54,033,"West Virginia","Harrison County",2,69,778,372,406
050,54,033,"West Virginia","Harrison County",2,70,742,338,404
050,54,033,"West Virginia","Harrison County",2,71,740,339,401
050,54,033,"West Virginia","Harrison County",2,72,751,355,396
050,54,033,"West Virginia","Harrison County",2,73,786,371,415
050,54,033,"West Virginia","Harrison County",2,74,510,236,274
050,54,033,"West Virginia","Harrison County",2,75,498,238,260
050,54,033,"West Virginia","Harrison County",2,76,487,225,262
050,54,033,"West Virginia","Harrison County",2,77,485,216,269
050,54,033,"West Virginia","Harrison County",2,78,412,180,232
050,54,033,"West Virginia","Harrison County",2,79,385,174,211
050,54,033,"West Virginia","Harrison County",2,80,361,149,212
050,54,033,"West Virginia","Harrison County",2,81,349,142,207
050,54,033,"West Virginia","Harrison County",2,82,321,127,194
050,54,033,"West Virginia","Harrison County",2,83,268,99,169
050,54,033,"West Virginia","Harrison County",2,84,249,99,150
050,54,033,"West Virginia","Harrison County",2,85,1513,518,995
050,54,033,"West Virginia","Harrison County",3,0,652,324,328
050,54,033,"West Virginia","Harrison County",3,1,676,350,326
050,54,033,"West Virginia","Harrison County",3,2,713,365,348
050,54,033,"West Virginia","Harrison County",3,3,699,361,338
050,54,033,"West Virginia","Harrison County",3,4,689,351,338
050,54,033,"West Virginia","Harrison County",3,5,744,373,371
050,54,033,"West Virginia","Harrison County",3,6,760,381,379
050,54,033,"West Virginia","Harrison County",3,7,766,378,388
050,54,033,"West Virginia","Harrison County",3,8,786,403,383
050,54,033,"West Virginia","Harrison County",3,9,775,410,365
050,54,033,"West Virginia","Harrison County",3,10,793,424,369
050,54,033,"West Virginia","Harrison County",3,11,826,435,391
050,54,033,"West Virginia","Harrison County",3,12,854,446,408
050,54,033,"West Virginia","Harrison County",3,13,860,444,416
050,54,033,"West Virginia","Harrison County",3,14,873,459,414
050,54,033,"West Virginia","Harrison County",3,15,827,436,391
050,54,033,"West Virginia","Harrison County",3,16,861,444,417
050,54,033,"West Virginia","Harrison County",3,17,854,439,415
050,54,033,"West Virginia","Harrison County",3,18,737,388,349
050,54,033,"West Virginia","Harrison County",3,19,593,316,277
050,54,033,"West Virginia","Harrison County",3,20,651,362,289
050,54,033,"West Virginia","Harrison County",3,21,667,347,320
050,54,033,"West Virginia","Harrison County",3,22,688,335,353
050,54,033,"West Virginia","Harrison County",3,23,731,350,381
050,54,033,"West Virginia","Harrison County",3,24,711,365,346
050,54,033,"West Virginia","Harrison County",3,25,755,362,393
050,54,033,"West Virginia","Harrison County",3,26,778,385,393
050,54,033,"West Virginia","Harrison County",3,27,773,404,369
050,54,033,"West Virginia","Harrison County",3,28,753,381,372
050,54,033,"West Virginia","Harrison County",3,29,774,393,381
050,54,033,"West Virginia","Harrison County",3,30,801,414,387
050,54,033,"West Virginia","Harrison County",3,31,773,385,388
050,54,033,"West Virginia","Harrison County",3,32,772,376,396
050,54,033,"West Virginia","Harrison County",3,33,769,373,396
050,54,033,"West Virginia","Harrison County",3,34,753,392,361
050,54,033,"West Virginia","Harrison County",3,35,784,400,384
050,54,033,"West Virginia","Harrison County",3,36,803,409,394
050,54,033,"West Virginia","Harrison County",3,37,780,396,384
050,54,033,"West Virginia","Harrison County",3,38,813,400,413
050,54,033,"West Virginia","Harrison County",3,39,841,411,430
050,54,033,"West Virginia","Harrison County",3,40,882,432,450
050,54,033,"West Virginia","Harrison County",3,41,877,437,440
050,54,033,"West Virginia","Harrison County",3,42,832,432,400
050,54,033,"West Virginia","Harrison County",3,43,807,414,393
050,54,033,"West Virginia","Harrison County",3,44,780,398,382
050,54,033,"West Virginia","Harrison County",3,45,784,392,392
050,54,033,"West Virginia","Harrison County",3,46,802,415,387
050,54,033,"West Virginia","Harrison County",3,47,795,401,394
050,54,033,"West Virginia","Harrison County",3,48,808,396,412
050,54,033,"West Virginia","Harrison County",3,49,863,429,434
050,54,033,"West Virginia","Harrison County",3,50,908,463,445
050,54,033,"West Virginia","Harrison County",3,51,879,445,434
050,54,033,"West Virginia","Harrison County",3,52,842,425,417
050,54,033,"West Virginia","Harrison County",3,53,821,408,413
050,54,033,"West Virginia","Harrison County",3,54,838,420,418
050,54,033,"West Virginia","Harrison County",3,55,853,427,426
050,54,033,"West Virginia","Harrison County",3,56,928,487,441
050,54,033,"West Virginia","Harrison County",3,57,944,492,452
050,54,033,"West Virginia","Harrison County",3,58,914,450,464
050,54,033,"West Virginia","Harrison County",3,59,900,422,478
050,54,033,"West Virginia","Harrison County",3,60,953,460,493
050,54,033,"West Virginia","Harrison County",3,61,927,457,470
050,54,033,"West Virginia","Harrison County",3,62,946,465,481
050,54,033,"West Virginia","Harrison County",3,63,950,483,467
050,54,033,"West Virginia","Harrison County",3,64,913,454,459
050,54,033,"West Virginia","Harrison County",3,65,883,425,458
050,54,033,"West Virginia","Harrison County",3,66,863,417,446
050,54,033,"West Virginia","Harrison County",3,67,815,395,420
050,54,033,"West Virginia","Harrison County",3,68,777,365,412
050,54,033,"West Virginia","Harrison County",3,69,759,364,395
050,54,033,"West Virginia","Harrison County",3,70,761,360,401
050,54,033,"West Virginia","Harrison County",3,71,726,330,396
050,54,033,"West Virginia","Harrison County",3,72,716,326,390
050,54,033,"West Virginia","Harrison County",3,73,726,344,382
050,54,033,"West Virginia","Harrison County",3,74,754,353,401
050,54,033,"West Virginia","Harrison County",3,75,496,225,271
050,54,033,"West Virginia","Harrison County",3,76,472,219,253
050,54,033,"West Virginia","Harrison County",3,77,459,211,248
050,54,033,"West Virginia","Harrison County",3,78,466,202,264
050,54,033,"West Virginia","Harrison County",3,79,390,169,221
050,54,033,"West Virginia","Harrison County",3,80,365,166,199
050,54,033,"West Virginia","Harrison County",3,81,353,144,209
050,54,033,"West Virginia","Harrison County",3,82,327,128,199
050,54,033,"West Virginia","Harrison County",3,83,296,115,181
050,54,033,"West Virginia","Harrison County",3,84,239,86,153
050,54,033,"West Virginia","Harrison County",3,85,1505,513,992
050,54,033,"West Virginia","Harrison County",4,0,665,326,339
050,54,033,"West Virginia","Harrison County",4,1,646,337,309
050,54,033,"West Virginia","Harrison County",4,2,701,358,343
050,54,033,"West Virginia","Harrison County",4,3,693,361,332
050,54,033,"West Virginia","Harrison County",4,4,715,349,366
050,54,033,"West Virginia","Harrison County",4,5,692,349,343
050,54,033,"West Virginia","Harrison County",4,6,743,370,373
050,54,033,"West Virginia","Harrison County",4,7,767,380,387
050,54,033,"West Virginia","Harrison County",4,8,755,374,381
050,54,033,"West Virginia","Harrison County",4,9,777,407,370
050,54,033,"West Virginia","Harrison County",4,10,787,417,370
050,54,033,"West Virginia","Harrison County",4,11,795,420,375
050,54,033,"West Virginia","Harrison County",4,12,834,448,386
050,54,033,"West Virginia","Harrison County",4,13,836,438,398
050,54,033,"West Virginia","Harrison County",4,14,832,434,398
050,54,033,"West Virginia","Harrison County",4,15,862,452,410
050,54,033,"West Virginia","Harrison County",4,16,825,425,400
050,54,033,"West Virginia","Harrison County",4,17,845,435,410
050,54,033,"West Virginia","Harrison County",4,18,746,392,354
050,54,033,"West Virginia","Harrison County",4,19,577,307,270
050,54,033,"West Virginia","Harrison County",4,20,603,335,268
050,54,033,"West Virginia","Harrison County",4,21,681,373,308
050,54,033,"West Virginia","Harrison County",4,22,715,370,345
050,54,033,"West Virginia","Harrison County",4,23,708,335,373
050,54,033,"West Virginia","Harrison County",4,24,741,364,377
050,54,033,"West Virginia","Harrison County",4,25,719,372,347
050,54,033,"West Virginia","Harrison County",4,26,756,364,392
050,54,033,"West Virginia","Harrison County",4,27,774,396,378
050,54,033,"West Virginia","Harrison County",4,28,760,395,365
050,54,033,"West Virginia","Harrison County",4,29,755,383,372
050,54,033,"West Virginia","Harrison County",4,30,762,379,383
050,54,033,"West Virginia","Harrison County",4,31,819,430,389
050,54,033,"West Virginia","Harrison County",4,32,769,385,384
050,54,033,"West Virginia","Harrison County",4,33,769,371,398
050,54,033,"West Virginia","Harrison County",4,34,771,377,394
050,54,033,"West Virginia","Harrison County",4,35,750,376,374
050,54,033,"West Virginia","Harrison County",4,36,787,401,386
050,54,033,"West Virginia","Harrison County",4,37,796,403,393
050,54,033,"West Virginia","Harrison County",4,38,772,395,377
050,54,033,"West Virginia","Harrison County",4,39,811,393,418
050,54,033,"West Virginia","Harrison County",4,40,818,399,419
050,54,033,"West Virginia","Harrison County",4,41,871,423,448
050,54,033,"West Virginia","Harrison County",4,42,876,442,434
050,54,033,"West Virginia","Harrison County",4,43,836,441,395
050,54,033,"West Virginia","Harrison County",4,44,812,414,398
050,54,033,"West Virginia","Harrison County",4,45,770,390,380
050,54,033,"West Virginia","Harrison County",4,46,777,391,386
050,54,033,"West Virginia","Harrison County",4,47,793,415,378
050,54,033,"West Virginia","Harrison County",4,48,795,396,399
050,54,033,"West Virginia","Harrison County",4,49,796,387,409
050,54,033,"West Virginia","Harrison County",4,50,862,434,428
050,54,033,"West Virginia","Harrison County",4,51,898,450,448
050,54,033,"West Virginia","Harrison County",4,52,872,444,428
050,54,033,"West Virginia","Harrison County",4,53,832,414,418
050,54,033,"West Virginia","Harrison County",4,54,795,397,398
050,54,033,"West Virginia","Harrison County",4,55,826,411,415
050,54,033,"West Virginia","Harrison County",4,56,833,412,421
050,54,033,"West Virginia","Harrison County",4,57,902,475,427
050,54,033,"West Virginia","Harrison County",4,58,925,483,442
050,54,033,"West Virginia","Harrison County",4,59,904,450,454
050,54,033,"West Virginia","Harrison County",4,60,878,411,467
050,54,033,"West Virginia","Harrison County",4,61,925,449,476
050,54,033,"West Virginia","Harrison County",4,62,919,447,472
050,54,033,"West Virginia","Harrison County",4,63,921,440,481
050,54,033,"West Virginia","Harrison County",4,64,919,462,457
050,54,033,"West Virginia","Harrison County",4,65,887,443,444
050,54,033,"West Virginia","Harrison County",4,66,854,409,445
050,54,033,"West Virginia","Harrison County",4,67,834,400,434
050,54,033,"West Virginia","Harrison County",4,68,790,377,413
050,54,033,"West Virginia","Harrison County",4,69,767,354,413
050,54,033,"West Virginia","Harrison County",4,70,745,356,389
050,54,033,"West Virginia","Harrison County",4,71,738,348,390
050,54,033,"West Virginia","Harrison County",4,72,708,319,389
050,54,033,"West Virginia","Harrison County",4,73,680,304,376
050,54,033,"West Virginia","Harrison County",4,74,699,330,369
050,54,033,"West Virginia","Harrison County",4,75,735,341,394
050,54,033,"West Virginia","Harrison County",4,76,473,208,265
050,54,033,"West Virginia","Harrison County",4,77,441,205,236
050,54,033,"West Virginia","Harrison County",4,78,445,200,245
050,54,033,"West Virginia","Harrison County",4,79,435,190,245
050,54,033,"West Virginia","Harrison County",4,80,360,156,204
050,54,033,"West Virginia","Harrison County",4,81,348,155,193
050,54,033,"West Virginia","Harrison County",4,82,336,131,205
050,54,033,"West Virginia","Harrison County",4,83,302,120,182
050,54,033,"West Virginia","Harrison County",4,84,260,102,158
050,54,033,"West Virginia","Harrison County",4,85,1449,491,958
050,54,033,"West Virginia","Harrison County",5,0,667,329,338
050,54,033,"West Virginia","Harrison County",5,1,689,325,364
050,54,033,"West Virginia","Harrison County",5,2,659,342,317
050,54,033,"West Virginia","Harrison County",5,3,708,364,344
050,54,033,"West Virginia","Harrison County",5,4,693,363,330
050,54,033,"West Virginia","Harrison County",5,5,712,348,364
050,54,033,"West Virginia","Harrison County",5,6,684,350,334
050,54,033,"West Virginia","Harrison County",5,7,747,375,372
050,54,033,"West Virginia","Harrison County",5,8,757,367,390
050,54,033,"West Virginia","Harrison County",5,9,756,381,375
050,54,033,"West Virginia","Harrison County",5,10,787,415,372
050,54,033,"West Virginia","Harrison County",5,11,781,414,367
050,54,033,"West Virginia","Harrison County",5,12,800,426,374
050,54,033,"West Virginia","Harrison County",5,13,823,451,372
050,54,033,"West Virginia","Harrison County",5,14,845,439,406
050,54,033,"West Virginia","Harrison County",5,15,842,437,405
050,54,033,"West Virginia","Harrison County",5,16,859,445,414
050,54,033,"West Virginia","Harrison County",5,17,829,434,395
050,54,033,"West Virginia","Harrison County",5,18,737,390,347
050,54,033,"West Virginia","Harrison County",5,19,586,310,276
050,54,033,"West Virginia","Harrison County",5,20,609,339,270
050,54,033,"West Virginia","Harrison County",5,21,646,332,314
050,54,033,"West Virginia","Harrison County",5,22,727,394,333
050,54,033,"West Virginia","Harrison County",5,23,751,394,357
050,54,033,"West Virginia","Harrison County",5,24,732,355,377
050,54,033,"West Virginia","Harrison County",5,25,760,373,387
050,54,033,"West Virginia","Harrison County",5,26,771,406,365
050,54,033,"West Virginia","Harrison County",5,27,759,370,389
050,54,033,"West Virginia","Harrison County",5,28,784,389,395
050,54,033,"West Virginia","Harrison County",5,29,778,403,375
050,54,033,"West Virginia","Harrison County",5,30,751,372,379
050,54,033,"West Virginia","Harrison County",5,31,785,397,388
050,54,033,"West Virginia","Harrison County",5,32,830,428,402
050,54,033,"West Virginia","Harrison County",5,33,791,396,395
050,54,033,"West Virginia","Harrison County",5,34,776,375,401
050,54,033,"West Virginia","Harrison County",5,35,763,375,388
050,54,033,"West Virginia","Harrison County",5,36,756,379,377
050,54,033,"West Virginia","Harrison County",5,37,768,387,381
050,54,033,"West Virginia","Harrison County",5,38,809,404,405
050,54,033,"West Virginia","Harrison County",5,39,790,400,390
050,54,033,"West Virginia","Harrison County",5,40,820,400,420
050,54,033,"West Virginia","Harrison County",5,41,800,388,412
050,54,033,"West Virginia","Harrison County",5,42,849,416,433
050,54,033,"West Virginia","Harrison County",5,43,865,434,431
050,54,033,"West Virginia","Harrison County",5,44,833,448,385
050,54,033,"West Virginia","Harrison County",5,45,795,403,392
050,54,033,"West Virginia","Harrison County",5,46,765,388,377
050,54,033,"West Virginia","Harrison County",5,47,774,394,380
050,54,033,"West Virginia","Harrison County",5,48,792,406,386
050,54,033,"West Virginia","Harrison County",5,49,785,387,398
050,54,033,"West Virginia","Harrison County",5,50,789,389,400
050,54,033,"West Virginia","Harrison County",5,51,845,421,424
050,54,033,"West Virginia","Harrison County",5,52,886,446,440
050,54,033,"West Virginia","Harrison County",5,53,858,440,418
050,54,033,"West Virginia","Harrison County",5,54,818,404,414
050,54,033,"West Virginia","Harrison County",5,55,801,399,402
050,54,033,"West Virginia","Harrison County",5,56,827,413,414
050,54,033,"West Virginia","Harrison County",5,57,824,410,414
050,54,033,"West Virginia","Harrison County",5,58,900,470,430
050,54,033,"West Virginia","Harrison County",5,59,914,473,441
050,54,033,"West Virginia","Harrison County",5,60,894,441,453
050,54,033,"West Virginia","Harrison County",5,61,871,405,466
050,54,033,"West Virginia","Harrison County",5,62,914,442,472
050,54,033,"West Virginia","Harrison County",5,63,896,422,474
050,54,033,"West Virginia","Harrison County",5,64,900,427,473
050,54,033,"West Virginia","Harrison County",5,65,899,452,447
050,54,033,"West Virginia","Harrison County",5,66,881,433,448
050,54,033,"West Virginia","Harrison County",5,67,841,403,438
050,54,033,"West Virginia","Harrison County",5,68,817,383,434
050,54,033,"West Virginia","Harrison County",5,69,772,371,401
050,54,033,"West Virginia","Harrison County",5,70,763,350,413
050,54,033,"West Virginia","Harrison County",5,71,720,344,376
050,54,033,"West Virginia","Harrison County",5,72,721,339,382
050,54,033,"West Virginia","Harrison County",5,73,682,300,382
050,54,033,"West Virginia","Harrison County",5,74,651,287,364
050,54,033,"West Virginia","Harrison County",5,75,675,319,356
050,54,033,"West Virginia","Harrison County",5,76,698,320,378
050,54,033,"West Virginia","Harrison County",5,77,447,195,252
050,54,033,"West Virginia","Harrison County",5,78,429,192,237
050,54,033,"West Virginia","Harrison County",5,79,414,186,228
050,54,033,"West Virginia","Harrison County",5,80,410,182,228
050,54,033,"West Virginia","Harrison County",5,81,343,145,198
050,54,033,"West Virginia","Harrison County",5,82,331,141,190
050,54,033,"West Virginia","Harrison County",5,83,313,125,188
050,54,033,"West Virginia","Harrison County",5,84,273,107,166
050,54,033,"West Virginia","Harrison County",5,85,1447,505,942
050,54,035,"West Virginia","Jackson County",1,0,297,152,145
050,54,035,"West Virginia","Jackson County",1,1,304,162,142
050,54,035,"West Virginia","Jackson County",1,2,286,154,132
050,54,035,"West Virginia","Jackson County",1,3,292,166,126
050,54,035,"West Virginia","Jackson County",1,4,307,152,155
050,54,035,"West Virginia","Jackson County",1,5,316,145,171
050,54,035,"West Virginia","Jackson County",1,6,306,151,155
050,54,035,"West Virginia","Jackson County",1,7,334,178,156
050,54,035,"West Virginia","Jackson County",1,8,308,164,144
050,54,035,"West Virginia","Jackson County",1,9,318,174,144
050,54,035,"West Virginia","Jackson County",1,10,336,189,147
050,54,035,"West Virginia","Jackson County",1,11,363,203,160
050,54,035,"West Virginia","Jackson County",1,12,381,206,175
050,54,035,"West Virginia","Jackson County",1,13,376,187,189
050,54,035,"West Virginia","Jackson County",1,14,347,172,175
050,54,035,"West Virginia","Jackson County",1,15,378,203,175
050,54,035,"West Virginia","Jackson County",1,16,361,192,169
050,54,035,"West Virginia","Jackson County",1,17,359,195,164
050,54,035,"West Virginia","Jackson County",1,18,309,171,138
050,54,035,"West Virginia","Jackson County",1,19,240,129,111
050,54,035,"West Virginia","Jackson County",1,20,250,135,115
050,54,035,"West Virginia","Jackson County",1,21,271,135,136
050,54,035,"West Virginia","Jackson County",1,22,289,144,145
050,54,035,"West Virginia","Jackson County",1,23,281,141,140
050,54,035,"West Virginia","Jackson County",1,24,284,148,136
050,54,035,"West Virginia","Jackson County",1,25,301,167,134
050,54,035,"West Virginia","Jackson County",1,26,326,176,150
050,54,035,"West Virginia","Jackson County",1,27,314,170,144
050,54,035,"West Virginia","Jackson County",1,28,303,169,134
050,54,035,"West Virginia","Jackson County",1,29,288,150,138
050,54,035,"West Virginia","Jackson County",1,30,293,155,138
050,54,035,"West Virginia","Jackson County",1,31,286,138,148
050,54,035,"West Virginia","Jackson County",1,32,319,164,155
050,54,035,"West Virginia","Jackson County",1,33,283,144,139
050,54,035,"West Virginia","Jackson County",1,34,299,139,160
050,54,035,"West Virginia","Jackson County",1,35,294,146,148
050,54,035,"West Virginia","Jackson County",1,36,305,144,161
050,54,035,"West Virginia","Jackson County",1,37,324,156,168
050,54,035,"West Virginia","Jackson County",1,38,317,158,159
050,54,035,"West Virginia","Jackson County",1,39,351,178,173
050,54,035,"West Virginia","Jackson County",1,40,328,171,157
050,54,035,"West Virginia","Jackson County",1,41,326,165,161
050,54,035,"West Virginia","Jackson County",1,42,334,163,171
050,54,035,"West Virginia","Jackson County",1,43,322,159,163
050,54,035,"West Virginia","Jackson County",1,44,325,173,152
050,54,035,"West Virginia","Jackson County",1,45,337,177,160
050,54,035,"West Virginia","Jackson County",1,46,317,163,154
050,54,035,"West Virginia","Jackson County",1,47,369,188,181
050,54,035,"West Virginia","Jackson County",1,48,419,199,220
050,54,035,"West Virginia","Jackson County",1,49,416,212,204
050,54,035,"West Virginia","Jackson County",1,50,372,183,189
050,54,035,"West Virginia","Jackson County",1,51,348,173,175
050,54,035,"West Virginia","Jackson County",1,52,350,161,189
050,54,035,"West Virginia","Jackson County",1,53,388,195,193
050,54,035,"West Virginia","Jackson County",1,54,393,197,196
050,54,035,"West Virginia","Jackson County",1,55,423,217,206
050,54,035,"West Virginia","Jackson County",1,56,447,215,232
050,54,035,"West Virginia","Jackson County",1,57,439,195,244
050,54,035,"West Virginia","Jackson County",1,58,445,214,231
050,54,035,"West Virginia","Jackson County",1,59,393,197,196
050,54,035,"West Virginia","Jackson County",1,60,426,207,219
050,54,035,"West Virginia","Jackson County",1,61,444,236,208
050,54,035,"West Virginia","Jackson County",1,62,426,231,195
050,54,035,"West Virginia","Jackson County",1,63,410,218,192
050,54,035,"West Virginia","Jackson County",1,64,393,192,201
050,54,035,"West Virginia","Jackson County",1,65,404,191,213
050,54,035,"West Virginia","Jackson County",1,66,380,183,197
050,54,035,"West Virginia","Jackson County",1,67,371,176,195
050,54,035,"West Virginia","Jackson County",1,68,350,170,180
050,54,035,"West Virginia","Jackson County",1,69,331,168,163
050,54,035,"West Virginia","Jackson County",1,70,294,146,148
050,54,035,"West Virginia","Jackson County",1,71,326,148,178
050,54,035,"West Virginia","Jackson County",1,72,331,158,173
050,54,035,"West Virginia","Jackson County",1,73,297,143,154
050,54,035,"West Virginia","Jackson County",1,74,221,105,116
050,54,035,"West Virginia","Jackson County",1,75,220,106,114
050,54,035,"West Virginia","Jackson County",1,76,232,118,114
050,54,035,"West Virginia","Jackson County",1,77,224,94,130
050,54,035,"West Virginia","Jackson County",1,78,208,93,115
050,54,035,"West Virginia","Jackson County",1,79,182,85,97
050,54,035,"West Virginia","Jackson County",1,80,144,57,87
050,54,035,"West Virginia","Jackson County",1,81,164,76,88
050,54,035,"West Virginia","Jackson County",1,82,148,66,82
050,54,035,"West Virginia","Jackson County",1,83,142,63,79
050,54,035,"West Virginia","Jackson County",1,84,142,65,77
050,54,035,"West Virginia","Jackson County",1,85,595,228,367
050,54,035,"West Virginia","Jackson County",2,0,293,154,139
050,54,035,"West Virginia","Jackson County",2,1,301,157,144
050,54,035,"West Virginia","Jackson County",2,2,288,156,132
050,54,035,"West Virginia","Jackson County",2,3,287,161,126
050,54,035,"West Virginia","Jackson County",2,4,306,157,149
050,54,035,"West Virginia","Jackson County",2,5,309,144,165
050,54,035,"West Virginia","Jackson County",2,6,307,149,158
050,54,035,"West Virginia","Jackson County",2,7,327,172,155
050,54,035,"West Virginia","Jackson County",2,8,313,166,147
050,54,035,"West Virginia","Jackson County",2,9,316,173,143
050,54,035,"West Virginia","Jackson County",2,10,330,185,145
050,54,035,"West Virginia","Jackson County",2,11,355,199,156
050,54,035,"West Virginia","Jackson County",2,12,376,205,171
050,54,035,"West Virginia","Jackson County",2,13,374,190,184
050,54,035,"West Virginia","Jackson County",2,14,356,176,180
050,54,035,"West Virginia","Jackson County",2,15,372,196,176
050,54,035,"West Virginia","Jackson County",2,16,364,195,169
050,54,035,"West Virginia","Jackson County",2,17,361,195,166
050,54,035,"West Virginia","Jackson County",2,18,303,167,136
050,54,035,"West Virginia","Jackson County",2,19,240,130,110
050,54,035,"West Virginia","Jackson County",2,20,256,139,117
050,54,035,"West Virginia","Jackson County",2,21,270,138,132
050,54,035,"West Virginia","Jackson County",2,22,287,142,145
050,54,035,"West Virginia","Jackson County",2,23,287,143,144
050,54,035,"West Virginia","Jackson County",2,24,283,147,136
050,54,035,"West Virginia","Jackson County",2,25,294,162,132
050,54,035,"West Virginia","Jackson County",2,26,321,175,146
050,54,035,"West Virginia","Jackson County",2,27,315,172,143
050,54,035,"West Virginia","Jackson County",2,28,302,167,135
050,54,035,"West Virginia","Jackson County",2,29,290,153,137
050,54,035,"West Virginia","Jackson County",2,30,292,152,140
050,54,035,"West Virginia","Jackson County",2,31,291,144,147
050,54,035,"West Virginia","Jackson County",2,32,307,155,152
050,54,035,"West Virginia","Jackson County",2,33,292,149,143
050,54,035,"West Virginia","Jackson County",2,34,295,140,155
050,54,035,"West Virginia","Jackson County",2,35,298,146,152
050,54,035,"West Virginia","Jackson County",2,36,300,145,155
050,54,035,"West Virginia","Jackson County",2,37,320,155,165
050,54,035,"West Virginia","Jackson County",2,38,320,158,162
050,54,035,"West Virginia","Jackson County",2,39,341,172,169
050,54,035,"West Virginia","Jackson County",2,40,336,174,162
050,54,035,"West Virginia","Jackson County",2,41,324,166,158
050,54,035,"West Virginia","Jackson County",2,42,330,163,167
050,54,035,"West Virginia","Jackson County",2,43,328,160,168
050,54,035,"West Virginia","Jackson County",2,44,321,168,153
050,54,035,"West Virginia","Jackson County",2,45,338,178,160
050,54,035,"West Virginia","Jackson County",2,46,322,166,156
050,54,035,"West Virginia","Jackson County",2,47,357,182,175
050,54,035,"West Virginia","Jackson County",2,48,405,195,210
050,54,035,"West Virginia","Jackson County",2,49,421,211,210
050,54,035,"West Virginia","Jackson County",2,50,384,190,194
050,54,035,"West Virginia","Jackson County",2,51,351,174,177
050,54,035,"West Virginia","Jackson County",2,52,349,164,185
050,54,035,"West Virginia","Jackson County",2,53,378,186,192
050,54,035,"West Virginia","Jackson County",2,54,390,196,194
050,54,035,"West Virginia","Jackson County",2,55,418,212,206
050,54,035,"West Virginia","Jackson County",2,56,442,213,229
050,54,035,"West Virginia","Jackson County",2,57,444,203,241
050,54,035,"West Virginia","Jackson County",2,58,443,209,234
050,54,035,"West Virginia","Jackson County",2,59,407,201,206
050,54,035,"West Virginia","Jackson County",2,60,416,205,211
050,54,035,"West Virginia","Jackson County",2,61,434,226,208
050,54,035,"West Virginia","Jackson County",2,62,431,232,199
050,54,035,"West Virginia","Jackson County",2,63,415,221,194
050,54,035,"West Virginia","Jackson County",2,64,395,196,199
050,54,035,"West Virginia","Jackson County",2,65,400,191,209
050,54,035,"West Virginia","Jackson County",2,66,383,183,200
050,54,035,"West Virginia","Jackson County",2,67,368,175,193
050,54,035,"West Virginia","Jackson County",2,68,351,171,180
050,54,035,"West Virginia","Jackson County",2,69,337,169,168
050,54,035,"West Virginia","Jackson County",2,70,299,150,149
050,54,035,"West Virginia","Jackson County",2,71,319,148,171
050,54,035,"West Virginia","Jackson County",2,72,325,152,173
050,54,035,"West Virginia","Jackson County",2,73,319,153,166
050,54,035,"West Virginia","Jackson County",2,74,224,106,118
050,54,035,"West Virginia","Jackson County",2,75,217,104,113
050,54,035,"West Virginia","Jackson County",2,76,228,115,113
050,54,035,"West Virginia","Jackson County",2,77,229,102,127
050,54,035,"West Virginia","Jackson County",2,78,207,92,115
050,54,035,"West Virginia","Jackson County",2,79,183,85,98
050,54,035,"West Virginia","Jackson County",2,80,148,62,86
050,54,035,"West Virginia","Jackson County",2,81,156,70,86
050,54,035,"West Virginia","Jackson County",2,82,148,66,82
050,54,035,"West Virginia","Jackson County",2,83,131,57,74
050,54,035,"West Virginia","Jackson County",2,84,139,61,78
050,54,035,"West Virginia","Jackson County",2,85,594,232,362
050,54,035,"West Virginia","Jackson County",3,0,296,156,140
050,54,035,"West Virginia","Jackson County",3,1,329,160,169
050,54,035,"West Virginia","Jackson County",3,2,293,150,143
050,54,035,"West Virginia","Jackson County",3,3,289,161,128
050,54,035,"West Virginia","Jackson County",3,4,294,157,137
050,54,035,"West Virginia","Jackson County",3,5,317,162,155
050,54,035,"West Virginia","Jackson County",3,6,317,153,164
050,54,035,"West Virginia","Jackson County",3,7,329,161,168
050,54,035,"West Virginia","Jackson County",3,8,335,178,157
050,54,035,"West Virginia","Jackson County",3,9,313,155,158
050,54,035,"West Virginia","Jackson County",3,10,320,180,140
050,54,035,"West Virginia","Jackson County",3,11,332,182,150
050,54,035,"West Virginia","Jackson County",3,12,366,205,161
050,54,035,"West Virginia","Jackson County",3,13,371,201,170
050,54,035,"West Virginia","Jackson County",3,14,382,194,188
050,54,035,"West Virginia","Jackson County",3,15,361,182,179
050,54,035,"West Virginia","Jackson County",3,16,372,197,175
050,54,035,"West Virginia","Jackson County",3,17,362,190,172
050,54,035,"West Virginia","Jackson County",3,18,312,173,139
050,54,035,"West Virginia","Jackson County",3,19,240,131,109
050,54,035,"West Virginia","Jackson County",3,20,255,138,117
050,54,035,"West Virginia","Jackson County",3,21,259,138,121
050,54,035,"West Virginia","Jackson County",3,22,300,146,154
050,54,035,"West Virginia","Jackson County",3,23,304,152,152
050,54,035,"West Virginia","Jackson County",3,24,299,153,146
050,54,035,"West Virginia","Jackson County",3,25,282,145,137
050,54,035,"West Virginia","Jackson County",3,26,290,161,129
050,54,035,"West Virginia","Jackson County",3,27,318,168,150
050,54,035,"West Virginia","Jackson County",3,28,315,171,144
050,54,035,"West Virginia","Jackson County",3,29,300,158,142
050,54,035,"West Virginia","Jackson County",3,30,311,162,149
050,54,035,"West Virginia","Jackson County",3,31,311,162,149
050,54,035,"West Virginia","Jackson County",3,32,310,154,156
050,54,035,"West Virginia","Jackson County",3,33,310,157,153
050,54,035,"West Virginia","Jackson County",3,34,300,159,141
050,54,035,"West Virginia","Jackson County",3,35,298,145,153
050,54,035,"West Virginia","Jackson County",3,36,293,143,150
050,54,035,"West Virginia","Jackson County",3,37,298,146,152
050,54,035,"West Virginia","Jackson County",3,38,318,155,163
050,54,035,"West Virginia","Jackson County",3,39,326,159,167
050,54,035,"West Virginia","Jackson County",3,40,349,175,174
050,54,035,"West Virginia","Jackson County",3,41,337,175,162
050,54,035,"West Virginia","Jackson County",3,42,322,165,157
050,54,035,"West Virginia","Jackson County",3,43,332,166,166
050,54,035,"West Virginia","Jackson County",3,44,334,169,165
050,54,035,"West Virginia","Jackson County",3,45,320,168,152
050,54,035,"West Virginia","Jackson County",3,46,341,181,160
050,54,035,"West Virginia","Jackson County",3,47,321,164,157
050,54,035,"West Virginia","Jackson County",3,48,348,179,169
050,54,035,"West Virginia","Jackson County",3,49,389,184,205
050,54,035,"West Virginia","Jackson County",3,50,416,207,209
050,54,035,"West Virginia","Jackson County",3,51,383,186,197
050,54,035,"West Virginia","Jackson County",3,52,349,175,174
050,54,035,"West Virginia","Jackson County",3,53,346,164,182
050,54,035,"West Virginia","Jackson County",3,54,369,183,186
050,54,035,"West Virginia","Jackson County",3,55,385,195,190
050,54,035,"West Virginia","Jackson County",3,56,416,207,209
050,54,035,"West Virginia","Jackson County",3,57,431,208,223
050,54,035,"West Virginia","Jackson County",3,58,436,205,231
050,54,035,"West Virginia","Jackson County",3,59,439,204,235
050,54,035,"West Virginia","Jackson County",3,60,404,195,209
050,54,035,"West Virginia","Jackson County",3,61,409,204,205
050,54,035,"West Virginia","Jackson County",3,62,430,222,208
050,54,035,"West Virginia","Jackson County",3,63,420,223,197
050,54,035,"West Virginia","Jackson County",3,64,404,213,191
050,54,035,"West Virginia","Jackson County",3,65,388,193,195
050,54,035,"West Virginia","Jackson County",3,66,391,187,204
050,54,035,"West Virginia","Jackson County",3,67,383,183,200
050,54,035,"West Virginia","Jackson County",3,68,367,176,191
050,54,035,"West Virginia","Jackson County",3,69,348,170,178
050,54,035,"West Virginia","Jackson County",3,70,334,166,168
050,54,035,"West Virginia","Jackson County",3,71,297,149,148
050,54,035,"West Virginia","Jackson County",3,72,316,146,170
050,54,035,"West Virginia","Jackson County",3,73,315,150,165
050,54,035,"West Virginia","Jackson County",3,74,301,145,156
050,54,035,"West Virginia","Jackson County",3,75,211,99,112
050,54,035,"West Virginia","Jackson County",3,76,212,102,110
050,54,035,"West Virginia","Jackson County",3,77,220,107,113
050,54,035,"West Virginia","Jackson County",3,78,217,96,121
050,54,035,"West Virginia","Jackson County",3,79,198,86,112
050,54,035,"West Virginia","Jackson County",3,80,178,79,99
050,54,035,"West Virginia","Jackson County",3,81,143,60,83
050,54,035,"West Virginia","Jackson County",3,82,144,60,84
050,54,035,"West Virginia","Jackson County",3,83,137,60,77
050,54,035,"West Virginia","Jackson County",3,84,123,52,71
050,54,035,"West Virginia","Jackson County",3,85,601,237,364
050,54,035,"West Virginia","Jackson County",4,0,266,145,121
050,54,035,"West Virginia","Jackson County",4,1,300,159,141
050,54,035,"West Virginia","Jackson County",4,2,335,166,169
050,54,035,"West Virginia","Jackson County",4,3,298,153,145
050,54,035,"West Virginia","Jackson County",4,4,309,165,144
050,54,035,"West Virginia","Jackson County",4,5,287,153,134
050,54,035,"West Virginia","Jackson County",4,6,315,161,154
050,54,035,"West Virginia","Jackson County",4,7,324,154,170
050,54,035,"West Virginia","Jackson County",4,8,337,163,174
050,54,035,"West Virginia","Jackson County",4,9,340,177,163
050,54,035,"West Virginia","Jackson County",4,10,313,151,162
050,54,035,"West Virginia","Jackson County",4,11,328,185,143
050,54,035,"West Virginia","Jackson County",4,12,338,181,157
050,54,035,"West Virginia","Jackson County",4,13,353,195,158
050,54,035,"West Virginia","Jackson County",4,14,378,207,171
050,54,035,"West Virginia","Jackson County",4,15,385,195,190
050,54,035,"West Virginia","Jackson County",4,16,370,185,185
050,54,035,"West Virginia","Jackson County",4,17,378,200,178
050,54,035,"West Virginia","Jackson County",4,18,300,163,137
050,54,035,"West Virginia","Jackson County",4,19,243,131,112
050,54,035,"West Virginia","Jackson County",4,20,250,129,121
050,54,035,"West Virginia","Jackson County",4,21,262,140,122
050,54,035,"West Virginia","Jackson County",4,22,279,147,132
050,54,035,"West Virginia","Jackson County",4,23,295,139,156
050,54,035,"West Virginia","Jackson County",4,24,300,161,139
050,54,035,"West Virginia","Jackson County",4,25,293,150,143
050,54,035,"West Virginia","Jackson County",4,26,280,146,134
050,54,035,"West Virginia","Jackson County",4,27,285,157,128
050,54,035,"West Virginia","Jackson County",4,28,311,157,154
050,54,035,"West Virginia","Jackson County",4,29,324,176,148
050,54,035,"West Virginia","Jackson County",4,30,313,163,150
050,54,035,"West Virginia","Jackson County",4,31,320,169,151
050,54,035,"West Virginia","Jackson County",4,32,318,159,159
050,54,035,"West Virginia","Jackson County",4,33,317,159,158
050,54,035,"West Virginia","Jackson County",4,34,317,160,157
050,54,035,"West Virginia","Jackson County",4,35,292,152,140
050,54,035,"West Virginia","Jackson County",4,36,301,138,163
050,54,035,"West Virginia","Jackson County",4,37,295,148,147
050,54,035,"West Virginia","Jackson County",4,38,298,150,148
050,54,035,"West Virginia","Jackson County",4,39,330,161,169
050,54,035,"West Virginia","Jackson County",4,40,336,162,174
050,54,035,"West Virginia","Jackson County",4,41,348,173,175
050,54,035,"West Virginia","Jackson County",4,42,330,172,158
050,54,035,"West Virginia","Jackson County",4,43,324,164,160
050,54,035,"West Virginia","Jackson County",4,44,333,169,164
050,54,035,"West Virginia","Jackson County",4,45,322,164,158
050,54,035,"West Virginia","Jackson County",4,46,322,163,159
050,54,035,"West Virginia","Jackson County",4,47,340,176,164
050,54,035,"West Virginia","Jackson County",4,48,323,164,159
050,54,035,"West Virginia","Jackson County",4,49,348,178,170
050,54,035,"West Virginia","Jackson County",4,50,384,179,205
050,54,035,"West Virginia","Jackson County",4,51,410,208,202
050,54,035,"West Virginia","Jackson County",4,52,379,189,190
050,54,035,"West Virginia","Jackson County",4,53,344,170,174
050,54,035,"West Virginia","Jackson County",4,54,346,162,184
050,54,035,"West Virginia","Jackson County",4,55,377,187,190
050,54,035,"West Virginia","Jackson County",4,56,373,188,185
050,54,035,"West Virginia","Jackson County",4,57,413,208,205
050,54,035,"West Virginia","Jackson County",4,58,429,211,218
050,54,035,"West Virginia","Jackson County",4,59,432,202,230
050,54,035,"West Virginia","Jackson County",4,60,437,203,234
050,54,035,"West Virginia","Jackson County",4,61,401,193,208
050,54,035,"West Virginia","Jackson County",4,62,397,200,197
050,54,035,"West Virginia","Jackson County",4,63,415,215,200
050,54,035,"West Virginia","Jackson County",4,64,398,212,186
050,54,035,"West Virginia","Jackson County",4,65,402,212,190
050,54,035,"West Virginia","Jackson County",4,66,386,195,191
050,54,035,"West Virginia","Jackson County",4,67,375,177,198
050,54,035,"West Virginia","Jackson County",4,68,372,178,194
050,54,035,"West Virginia","Jackson County",4,69,358,175,183
050,54,035,"West Virginia","Jackson County",4,70,349,172,177
050,54,035,"West Virginia","Jackson County",4,71,321,161,160
050,54,035,"West Virginia","Jackson County",4,72,297,151,146
050,54,035,"West Virginia","Jackson County",4,73,313,145,168
050,54,035,"West Virginia","Jackson County",4,74,301,148,153
050,54,035,"West Virginia","Jackson County",4,75,287,139,148
050,54,035,"West Virginia","Jackson County",4,76,207,96,111
050,54,035,"West Virginia","Jackson County",4,77,202,96,106
050,54,035,"West Virginia","Jackson County",4,78,210,102,108
050,54,035,"West Virginia","Jackson County",4,79,207,91,116
050,54,035,"West Virginia","Jackson County",4,80,192,80,112
050,54,035,"West Virginia","Jackson County",4,81,167,72,95
050,54,035,"West Virginia","Jackson County",4,82,131,51,80
050,54,035,"West Virginia","Jackson County",4,83,129,51,78
050,54,035,"West Virginia","Jackson County",4,84,128,56,72
050,54,035,"West Virginia","Jackson County",4,85,595,235,360
050,54,035,"West Virginia","Jackson County",5,0,264,143,121
050,54,035,"West Virginia","Jackson County",5,1,265,146,119
050,54,035,"West Virginia","Jackson County",5,2,301,157,144
050,54,035,"West Virginia","Jackson County",5,3,331,165,166
050,54,035,"West Virginia","Jackson County",5,4,301,157,144
050,54,035,"West Virginia","Jackson County",5,5,316,166,150
050,54,035,"West Virginia","Jackson County",5,6,294,158,136
050,54,035,"West Virginia","Jackson County",5,7,324,166,158
050,54,035,"West Virginia","Jackson County",5,8,326,152,174
050,54,035,"West Virginia","Jackson County",5,9,337,163,174
050,54,035,"West Virginia","Jackson County",5,10,343,181,162
050,54,035,"West Virginia","Jackson County",5,11,298,141,157
050,54,035,"West Virginia","Jackson County",5,12,331,187,144
050,54,035,"West Virginia","Jackson County",5,13,348,187,161
050,54,035,"West Virginia","Jackson County",5,14,362,200,162
050,54,035,"West Virginia","Jackson County",5,15,379,211,168
050,54,035,"West Virginia","Jackson County",5,16,379,197,182
050,54,035,"West Virginia","Jackson County",5,17,379,190,189
050,54,035,"West Virginia","Jackson County",5,18,307,164,143
050,54,035,"West Virginia","Jackson County",5,19,228,129,99
050,54,035,"West Virginia","Jackson County",5,20,267,143,124
050,54,035,"West Virginia","Jackson County",5,21,268,136,132
050,54,035,"West Virginia","Jackson County",5,22,273,148,125
050,54,035,"West Virginia","Jackson County",5,23,303,157,146
050,54,035,"West Virginia","Jackson County",5,24,315,149,166
050,54,035,"West Virginia","Jackson County",5,25,290,153,137
050,54,035,"West Virginia","Jackson County",5,26,279,150,129
050,54,035,"West Virginia","Jackson County",5,27,287,156,131
050,54,035,"West Virginia","Jackson County",5,28,290,162,128
050,54,035,"West Virginia","Jackson County",5,29,318,157,161
050,54,035,"West Virginia","Jackson County",5,30,321,172,149
050,54,035,"West Virginia","Jackson County",5,31,309,162,147
050,54,035,"West Virginia","Jackson County",5,32,329,169,160
050,54,035,"West Virginia","Jackson County",5,33,318,158,160
050,54,035,"West Virginia","Jackson County",5,34,312,158,154
050,54,035,"West Virginia","Jackson County",5,35,318,160,158
050,54,035,"West Virginia","Jackson County",5,36,296,157,139
050,54,035,"West Virginia","Jackson County",5,37,298,131,167
050,54,035,"West Virginia","Jackson County",5,38,305,159,146
050,54,035,"West Virginia","Jackson County",5,39,303,151,152
050,54,035,"West Virginia","Jackson County",5,40,334,162,172
050,54,035,"West Virginia","Jackson County",5,41,334,161,173
050,54,035,"West Virginia","Jackson County",5,42,340,163,177
050,54,035,"West Virginia","Jackson County",5,43,334,175,159
050,54,035,"West Virginia","Jackson County",5,44,325,165,160
050,54,035,"West Virginia","Jackson County",5,45,335,166,169
050,54,035,"West Virginia","Jackson County",5,46,316,158,158
050,54,035,"West Virginia","Jackson County",5,47,324,163,161
050,54,035,"West Virginia","Jackson County",5,48,339,172,167
050,54,035,"West Virginia","Jackson County",5,49,327,164,163
050,54,035,"West Virginia","Jackson County",5,50,351,186,165
050,54,035,"West Virginia","Jackson County",5,51,388,186,202
050,54,035,"West Virginia","Jackson County",5,52,414,210,204
050,54,035,"West Virginia","Jackson County",5,53,376,189,187
050,54,035,"West Virginia","Jackson County",5,54,348,176,172
050,54,035,"West Virginia","Jackson County",5,55,346,163,183
050,54,035,"West Virginia","Jackson County",5,56,378,187,191
050,54,035,"West Virginia","Jackson County",5,57,366,181,185
050,54,035,"West Virginia","Jackson County",5,58,410,205,205
050,54,035,"West Virginia","Jackson County",5,59,425,208,217
050,54,035,"West Virginia","Jackson County",5,60,429,199,230
050,54,035,"West Virginia","Jackson County",5,61,432,202,230
050,54,035,"West Virginia","Jackson County",5,62,402,196,206
050,54,035,"West Virginia","Jackson County",5,63,399,200,199
050,54,035,"West Virginia","Jackson County",5,64,400,204,196
050,54,035,"West Virginia","Jackson County",5,65,395,210,185
050,54,035,"West Virginia","Jackson County",5,66,394,206,188
050,54,035,"West Virginia","Jackson County",5,67,382,193,189
050,54,035,"West Virginia","Jackson County",5,68,363,169,194
050,54,035,"West Virginia","Jackson County",5,69,365,174,191
050,54,035,"West Virginia","Jackson County",5,70,352,171,181
050,54,035,"West Virginia","Jackson County",5,71,343,167,176
050,54,035,"West Virginia","Jackson County",5,72,316,160,156
050,54,035,"West Virginia","Jackson County",5,73,294,152,142
050,54,035,"West Virginia","Jackson County",5,74,300,139,161
050,54,035,"West Virginia","Jackson County",5,75,286,145,141
050,54,035,"West Virginia","Jackson County",5,76,273,128,145
050,54,035,"West Virginia","Jackson County",5,77,197,90,107
050,54,035,"West Virginia","Jackson County",5,78,187,90,97
050,54,035,"West Virginia","Jackson County",5,79,193,92,101
050,54,035,"West Virginia","Jackson County",5,80,194,85,109
050,54,035,"West Virginia","Jackson County",5,81,175,73,102
050,54,035,"West Virginia","Jackson County",5,82,151,61,90
050,54,035,"West Virginia","Jackson County",5,83,117,45,72
050,54,035,"West Virginia","Jackson County",5,84,116,44,72
050,54,035,"West Virginia","Jackson County",5,85,616,245,371
050,54,037,"West Virginia","Jefferson County",1,0,519,269,250
050,54,037,"West Virginia","Jefferson County",1,1,542,275,267
050,54,037,"West Virginia","Jefferson County",1,2,610,304,306
050,54,037,"West Virginia","Jefferson County",1,3,636,316,320
050,54,037,"West Virginia","Jefferson County",1,4,644,347,297
050,54,037,"West Virginia","Jefferson County",1,5,655,347,308
050,54,037,"West Virginia","Jefferson County",1,6,711,369,342
050,54,037,"West Virginia","Jefferson County",1,7,675,332,343
050,54,037,"West Virginia","Jefferson County",1,8,693,363,330
050,54,037,"West Virginia","Jefferson County",1,9,718,375,343
050,54,037,"West Virginia","Jefferson County",1,10,717,366,351
050,54,037,"West Virginia","Jefferson County",1,11,767,395,372
050,54,037,"West Virginia","Jefferson County",1,12,796,395,401
050,54,037,"West Virginia","Jefferson County",1,13,809,399,410
050,54,037,"West Virginia","Jefferson County",1,14,794,420,374
050,54,037,"West Virginia","Jefferson County",1,15,807,421,386
050,54,037,"West Virginia","Jefferson County",1,16,821,435,386
050,54,037,"West Virginia","Jefferson County",1,17,829,428,401
050,54,037,"West Virginia","Jefferson County",1,18,838,439,399
050,54,037,"West Virginia","Jefferson County",1,19,761,388,373
050,54,037,"West Virginia","Jefferson County",1,20,720,384,336
050,54,037,"West Virginia","Jefferson County",1,21,664,348,316
050,54,037,"West Virginia","Jefferson County",1,22,626,307,319
050,54,037,"West Virginia","Jefferson County",1,23,598,285,313
050,54,037,"West Virginia","Jefferson County",1,24,578,295,283
050,54,037,"West Virginia","Jefferson County",1,25,550,266,284
050,54,037,"West Virginia","Jefferson County",1,26,528,272,256
050,54,037,"West Virginia","Jefferson County",1,27,558,285,273
050,54,037,"West Virginia","Jefferson County",1,28,632,305,327
050,54,037,"West Virginia","Jefferson County",1,29,677,323,354
050,54,037,"West Virginia","Jefferson County",1,30,654,325,329
050,54,037,"West Virginia","Jefferson County",1,31,661,334,327
050,54,037,"West Virginia","Jefferson County",1,32,677,344,333
050,54,037,"West Virginia","Jefferson County",1,33,712,360,352
050,54,037,"West Virginia","Jefferson County",1,34,724,362,362
050,54,037,"West Virginia","Jefferson County",1,35,694,351,343
050,54,037,"West Virginia","Jefferson County",1,36,700,359,341
050,54,037,"West Virginia","Jefferson County",1,37,780,400,380
050,54,037,"West Virginia","Jefferson County",1,38,813,398,415
050,54,037,"West Virginia","Jefferson County",1,39,803,410,393
050,54,037,"West Virginia","Jefferson County",1,40,768,378,390
050,54,037,"West Virginia","Jefferson County",1,41,753,370,383
050,54,037,"West Virginia","Jefferson County",1,42,722,362,360
050,54,037,"West Virginia","Jefferson County",1,43,694,341,353
050,54,037,"West Virginia","Jefferson County",1,44,724,359,365
050,54,037,"West Virginia","Jefferson County",1,45,732,364,368
050,54,037,"West Virginia","Jefferson County",1,46,733,360,373
050,54,037,"West Virginia","Jefferson County",1,47,800,417,383
050,54,037,"West Virginia","Jefferson County",1,48,864,437,427
050,54,037,"West Virginia","Jefferson County",1,49,915,458,457
050,54,037,"West Virginia","Jefferson County",1,50,880,437,443
050,54,037,"West Virginia","Jefferson County",1,51,830,411,419
050,54,037,"West Virginia","Jefferson County",1,52,864,424,440
050,54,037,"West Virginia","Jefferson County",1,53,895,457,438
050,54,037,"West Virginia","Jefferson County",1,54,858,438,420
050,54,037,"West Virginia","Jefferson County",1,55,947,470,477
050,54,037,"West Virginia","Jefferson County",1,56,929,464,465
050,54,037,"West Virginia","Jefferson County",1,57,888,450,438
050,54,037,"West Virginia","Jefferson County",1,58,876,449,427
050,54,037,"West Virginia","Jefferson County",1,59,820,427,393
050,54,037,"West Virginia","Jefferson County",1,60,819,403,416
050,54,037,"West Virginia","Jefferson County",1,61,796,387,409
050,54,037,"West Virginia","Jefferson County",1,62,783,389,394
050,54,037,"West Virginia","Jefferson County",1,63,725,350,375
050,54,037,"West Virginia","Jefferson County",1,64,736,373,363
050,54,037,"West Virginia","Jefferson County",1,65,769,382,387
050,54,037,"West Virginia","Jefferson County",1,66,697,328,369
050,54,037,"West Virginia","Jefferson County",1,67,658,305,353
050,54,037,"West Virginia","Jefferson County",1,68,649,328,321
050,54,037,"West Virginia","Jefferson County",1,69,621,295,326
050,54,037,"West Virginia","Jefferson County",1,70,609,290,319
050,54,037,"West Virginia","Jefferson County",1,71,609,289,320
050,54,037,"West Virginia","Jefferson County",1,72,571,284,287
050,54,037,"West Virginia","Jefferson County",1,73,610,306,304
050,54,037,"West Virginia","Jefferson County",1,74,440,216,224
050,54,037,"West Virginia","Jefferson County",1,75,374,186,188
050,54,037,"West Virginia","Jefferson County",1,76,367,189,178
050,54,037,"West Virginia","Jefferson County",1,77,349,167,182
050,54,037,"West Virginia","Jefferson County",1,78,301,142,159
050,54,037,"West Virginia","Jefferson County",1,79,282,130,152
050,54,037,"West Virginia","Jefferson County",1,80,256,118,138
050,54,037,"West Virginia","Jefferson County",1,81,228,110,118
050,54,037,"West Virginia","Jefferson County",1,82,187,86,101
050,54,037,"West Virginia","Jefferson County",1,83,170,67,103
050,54,037,"West Virginia","Jefferson County",1,84,146,45,101
050,54,037,"West Virginia","Jefferson County",1,85,770,290,480
050,54,037,"West Virginia","Jefferson County",2,0,556,295,261
050,54,037,"West Virginia","Jefferson County",2,1,537,274,263
050,54,037,"West Virginia","Jefferson County",2,2,595,298,297
050,54,037,"West Virginia","Jefferson County",2,3,629,316,313
050,54,037,"West Virginia","Jefferson County",2,4,646,340,306
050,54,037,"West Virginia","Jefferson County",2,5,653,348,305
050,54,037,"West Virginia","Jefferson County",2,6,699,366,333
050,54,037,"West Virginia","Jefferson County",2,7,684,343,341
050,54,037,"West Virginia","Jefferson County",2,8,689,354,335
050,54,037,"West Virginia","Jefferson County",2,9,712,370,342
050,54,037,"West Virginia","Jefferson County",2,10,720,368,352
050,54,037,"West Virginia","Jefferson County",2,11,753,386,367
050,54,037,"West Virginia","Jefferson County",2,12,792,396,396
050,54,037,"West Virginia","Jefferson County",2,13,804,398,406
050,54,037,"West Virginia","Jefferson County",2,14,799,415,384
050,54,037,"West Virginia","Jefferson County",2,15,803,421,382
050,54,037,"West Virginia","Jefferson County",2,16,818,432,386
050,54,037,"West Virginia","Jefferson County",2,17,832,432,400
050,54,037,"West Virginia","Jefferson County",2,18,840,442,398
050,54,037,"West Virginia","Jefferson County",2,19,768,388,380
050,54,037,"West Virginia","Jefferson County",2,20,726,390,336
050,54,037,"West Virginia","Jefferson County",2,21,677,355,322
050,54,037,"West Virginia","Jefferson County",2,22,629,313,316
050,54,037,"West Virginia","Jefferson County",2,23,602,292,310
050,54,037,"West Virginia","Jefferson County",2,24,576,288,288
050,54,037,"West Virginia","Jefferson County",2,25,550,269,281
050,54,037,"West Virginia","Jefferson County",2,26,533,273,260
050,54,037,"West Virginia","Jefferson County",2,27,549,280,269
050,54,037,"West Virginia","Jefferson County",2,28,620,303,317
050,54,037,"West Virginia","Jefferson County",2,29,666,321,345
050,54,037,"West Virginia","Jefferson County",2,30,662,328,334
050,54,037,"West Virginia","Jefferson County",2,31,661,333,328
050,54,037,"West Virginia","Jefferson County",2,32,679,344,335
050,54,037,"West Virginia","Jefferson County",2,33,705,356,349
050,54,037,"West Virginia","Jefferson County",2,34,726,363,363
050,54,037,"West Virginia","Jefferson County",2,35,700,353,347
050,54,037,"West Virginia","Jefferson County",2,36,699,358,341
050,54,037,"West Virginia","Jefferson County",2,37,766,393,373
050,54,037,"West Virginia","Jefferson County",2,38,812,404,408
050,54,037,"West Virginia","Jefferson County",2,39,801,406,395
050,54,037,"West Virginia","Jefferson County",2,40,783,389,394
050,54,037,"West Virginia","Jefferson County",2,41,753,370,383
050,54,037,"West Virginia","Jefferson County",2,42,721,358,363
050,54,037,"West Virginia","Jefferson County",2,43,705,345,360
050,54,037,"West Virginia","Jefferson County",2,44,715,352,363
050,54,037,"West Virginia","Jefferson County",2,45,731,363,368
050,54,037,"West Virginia","Jefferson County",2,46,732,362,370
050,54,037,"West Virginia","Jefferson County",2,47,787,406,381
050,54,037,"West Virginia","Jefferson County",2,48,848,433,415
050,54,037,"West Virginia","Jefferson County",2,49,908,456,452
050,54,037,"West Virginia","Jefferson County",2,50,890,443,447
050,54,037,"West Virginia","Jefferson County",2,51,845,420,425
050,54,037,"West Virginia","Jefferson County",2,52,855,420,435
050,54,037,"West Virginia","Jefferson County",2,53,887,451,436
050,54,037,"West Virginia","Jefferson County",2,54,862,441,421
050,54,037,"West Virginia","Jefferson County",2,55,927,464,463
050,54,037,"West Virginia","Jefferson County",2,56,935,465,470
050,54,037,"West Virginia","Jefferson County",2,57,898,453,445
050,54,037,"West Virginia","Jefferson County",2,58,878,447,431
050,54,037,"West Virginia","Jefferson County",2,59,837,433,404
050,54,037,"West Virginia","Jefferson County",2,60,816,407,409
050,54,037,"West Virginia","Jefferson County",2,61,794,387,407
050,54,037,"West Virginia","Jefferson County",2,62,782,387,395
050,54,037,"West Virginia","Jefferson County",2,63,748,362,386
050,54,037,"West Virginia","Jefferson County",2,64,727,362,365
050,54,037,"West Virginia","Jefferson County",2,65,757,377,380
050,54,037,"West Virginia","Jefferson County",2,66,717,342,375
050,54,037,"West Virginia","Jefferson County",2,67,661,306,355
050,54,037,"West Virginia","Jefferson County",2,68,643,318,325
050,54,037,"West Virginia","Jefferson County",2,69,635,305,330
050,54,037,"West Virginia","Jefferson County",2,70,609,291,318
050,54,037,"West Virginia","Jefferson County",2,71,609,290,319
050,54,037,"West Virginia","Jefferson County",2,72,569,278,291
050,54,037,"West Virginia","Jefferson County",2,73,629,316,313
050,54,037,"West Virginia","Jefferson County",2,74,453,222,231
050,54,037,"West Virginia","Jefferson County",2,75,390,192,198
050,54,037,"West Virginia","Jefferson County",2,76,365,186,179
050,54,037,"West Virginia","Jefferson County",2,77,361,176,185
050,54,037,"West Virginia","Jefferson County",2,78,303,142,161
050,54,037,"West Virginia","Jefferson County",2,79,283,132,151
050,54,037,"West Virginia","Jefferson County",2,80,259,118,141
050,54,037,"West Virginia","Jefferson County",2,81,230,109,121
050,54,037,"West Virginia","Jefferson County",2,82,192,90,102
050,54,037,"West Virginia","Jefferson County",2,83,167,67,100
050,54,037,"West Virginia","Jefferson County",2,84,150,50,100
050,54,037,"West Virginia","Jefferson County",2,85,771,282,489
050,54,037,"West Virginia","Jefferson County",3,0,565,277,288
050,54,037,"West Virginia","Jefferson County",3,1,571,273,298
050,54,037,"West Virginia","Jefferson County",3,2,574,276,298
050,54,037,"West Virginia","Jefferson County",3,3,607,306,301
050,54,037,"West Virginia","Jefferson County",3,4,622,303,319
050,54,037,"West Virginia","Jefferson County",3,5,644,336,308
050,54,037,"West Virginia","Jefferson County",3,6,657,344,313
050,54,037,"West Virginia","Jefferson County",3,7,713,362,351
050,54,037,"West Virginia","Jefferson County",3,8,693,346,347
050,54,037,"West Virginia","Jefferson County",3,9,697,357,340
050,54,037,"West Virginia","Jefferson County",3,10,728,379,349
050,54,037,"West Virginia","Jefferson County",3,11,720,361,359
050,54,037,"West Virginia","Jefferson County",3,12,753,384,369
050,54,037,"West Virginia","Jefferson County",3,13,805,401,404
050,54,037,"West Virginia","Jefferson County",3,14,812,392,420
050,54,037,"West Virginia","Jefferson County",3,15,807,414,393
050,54,037,"West Virginia","Jefferson County",3,16,806,432,374
050,54,037,"West Virginia","Jefferson County",3,17,827,434,393
050,54,037,"West Virginia","Jefferson County",3,18,859,452,407
050,54,037,"West Virginia","Jefferson County",3,19,799,398,401
050,54,037,"West Virginia","Jefferson County",3,20,728,390,338
050,54,037,"West Virginia","Jefferson County",3,21,721,370,351
050,54,037,"West Virginia","Jefferson County",3,22,638,331,307
050,54,037,"West Virginia","Jefferson County",3,23,592,316,276
050,54,037,"West Virginia","Jefferson County",3,24,597,287,310
050,54,037,"West Virginia","Jefferson County",3,25,598,299,299
050,54,037,"West Virginia","Jefferson County",3,26,584,286,298
050,54,037,"West Virginia","Jefferson County",3,27,599,295,304
050,54,037,"West Virginia","Jefferson County",3,28,593,306,287
050,54,037,"West Virginia","Jefferson County",3,29,656,321,335
050,54,037,"West Virginia","Jefferson County",3,30,704,333,371
050,54,037,"West Virginia","Jefferson County",3,31,683,326,357
050,54,037,"West Virginia","Jefferson County",3,32,714,366,348
050,54,037,"West Virginia","Jefferson County",3,33,719,371,348
050,54,037,"West Virginia","Jefferson County",3,34,726,366,360
050,54,037,"West Virginia","Jefferson County",3,35,740,377,363
050,54,037,"West Virginia","Jefferson County",3,36,726,365,361
050,54,037,"West Virginia","Jefferson County",3,37,724,366,358
050,54,037,"West Virginia","Jefferson County",3,38,782,396,386
050,54,037,"West Virginia","Jefferson County",3,39,843,422,421
050,54,037,"West Virginia","Jefferson County",3,40,826,418,408
050,54,037,"West Virginia","Jefferson County",3,41,812,398,414
050,54,037,"West Virginia","Jefferson County",3,42,767,374,393
050,54,037,"West Virginia","Jefferson County",3,43,754,379,375
050,54,037,"West Virginia","Jefferson County",3,44,701,339,362
050,54,037,"West Virginia","Jefferson County",3,45,717,348,369
050,54,037,"West Virginia","Jefferson County",3,46,731,361,370
050,54,037,"West Virginia","Jefferson County",3,47,735,368,367
050,54,037,"West Virginia","Jefferson County",3,48,809,415,394
050,54,037,"West Virginia","Jefferson County",3,49,863,449,414
050,54,037,"West Virginia","Jefferson County",3,50,911,460,451
050,54,037,"West Virginia","Jefferson County",3,51,893,448,445
050,54,037,"West Virginia","Jefferson County",3,52,843,411,432
050,54,037,"West Virginia","Jefferson County",3,53,856,424,432
050,54,037,"West Virginia","Jefferson County",3,54,897,445,452
050,54,037,"West Virginia","Jefferson County",3,55,849,435,414
050,54,037,"West Virginia","Jefferson County",3,56,932,452,480
050,54,037,"West Virginia","Jefferson County",3,57,937,476,461
050,54,037,"West Virginia","Jefferson County",3,58,890,443,447
050,54,037,"West Virginia","Jefferson County",3,59,877,450,427
050,54,037,"West Virginia","Jefferson County",3,60,844,444,400
050,54,037,"West Virginia","Jefferson County",3,61,821,408,413
050,54,037,"West Virginia","Jefferson County",3,62,786,376,410
050,54,037,"West Virginia","Jefferson County",3,63,779,391,388
050,54,037,"West Virginia","Jefferson County",3,64,726,349,377
050,54,037,"West Virginia","Jefferson County",3,65,696,334,362
050,54,037,"West Virginia","Jefferson County",3,66,753,377,376
050,54,037,"West Virginia","Jefferson County",3,67,703,328,375
050,54,037,"West Virginia","Jefferson County",3,68,652,303,349
050,54,037,"West Virginia","Jefferson County",3,69,638,299,339
050,54,037,"West Virginia","Jefferson County",3,70,634,304,330
050,54,037,"West Virginia","Jefferson County",3,71,588,281,307
050,54,037,"West Virginia","Jefferson County",3,72,603,284,319
050,54,037,"West Virginia","Jefferson County",3,73,533,256,277
050,54,037,"West Virginia","Jefferson County",3,74,614,307,307
050,54,037,"West Virginia","Jefferson County",3,75,434,211,223
050,54,037,"West Virginia","Jefferson County",3,76,378,182,196
050,54,037,"West Virginia","Jefferson County",3,77,361,181,180
050,54,037,"West Virginia","Jefferson County",3,78,346,168,178
050,54,037,"West Virginia","Jefferson County",3,79,295,143,152
050,54,037,"West Virginia","Jefferson County",3,80,271,125,146
050,54,037,"West Virginia","Jefferson County",3,81,243,104,139
050,54,037,"West Virginia","Jefferson County",3,82,211,101,110
050,54,037,"West Virginia","Jefferson County",3,83,173,74,99
050,54,037,"West Virginia","Jefferson County",3,84,157,63,94
050,54,037,"West Virginia","Jefferson County",3,85,776,275,501
050,54,037,"West Virginia","Jefferson County",4,0,521,253,268
050,54,037,"West Virginia","Jefferson County",4,1,560,272,288
050,54,037,"West Virginia","Jefferson County",4,2,606,296,310
050,54,037,"West Virginia","Jefferson County",4,3,598,288,310
050,54,037,"West Virginia","Jefferson County",4,4,616,318,298
050,54,037,"West Virginia","Jefferson County",4,5,642,322,320
050,54,037,"West Virginia","Jefferson County",4,6,663,352,311
050,54,037,"West Virginia","Jefferson County",4,7,659,346,313
050,54,037,"West Virginia","Jefferson County",4,8,718,363,355
050,54,037,"West Virginia","Jefferson County",4,9,686,355,331
050,54,037,"West Virginia","Jefferson County",4,10,714,356,358
050,54,037,"West Virginia","Jefferson County",4,11,728,380,348
050,54,037,"West Virginia","Jefferson County",4,12,723,369,354
050,54,037,"West Virginia","Jefferson County",4,13,764,390,374
050,54,037,"West Virginia","Jefferson County",4,14,802,401,401
050,54,037,"West Virginia","Jefferson County",4,15,797,383,414
050,54,037,"West Virginia","Jefferson County",4,16,795,410,385
050,54,037,"West Virginia","Jefferson County",4,17,821,447,374
050,54,037,"West Virginia","Jefferson County",4,18,840,453,387
050,54,037,"West Virginia","Jefferson County",4,19,785,389,396
050,54,037,"West Virginia","Jefferson County",4,20,751,397,354
050,54,037,"West Virginia","Jefferson County",4,21,745,396,349
050,54,037,"West Virginia","Jefferson County",4,22,681,347,334
050,54,037,"West Virginia","Jefferson County",4,23,630,342,288
050,54,037,"West Virginia","Jefferson County",4,24,568,311,257
050,54,037,"West Virginia","Jefferson County",4,25,578,274,304
050,54,037,"West Virginia","Jefferson County",4,26,584,281,303
050,54,037,"West Virginia","Jefferson County",4,27,593,284,309
050,54,037,"West Virginia","Jefferson County",4,28,635,325,310
050,54,037,"West Virginia","Jefferson County",4,29,635,333,302
050,54,037,"West Virginia","Jefferson County",4,30,665,320,345
050,54,037,"West Virginia","Jefferson County",4,31,713,340,373
050,54,037,"West Virginia","Jefferson County",4,32,705,339,366
050,54,037,"West Virginia","Jefferson County",4,33,777,397,380
050,54,037,"West Virginia","Jefferson County",4,34,754,380,374
050,54,037,"West Virginia","Jefferson County",4,35,781,398,383
050,54,037,"West Virginia","Jefferson County",4,36,772,397,375
050,54,037,"West Virginia","Jefferson County",4,37,729,373,356
050,54,037,"West Virginia","Jefferson County",4,38,727,375,352
050,54,037,"West Virginia","Jefferson County",4,39,793,401,392
050,54,037,"West Virginia","Jefferson County",4,40,868,445,423
050,54,037,"West Virginia","Jefferson County",4,41,871,431,440
050,54,037,"West Virginia","Jefferson County",4,42,823,402,421
050,54,037,"West Virginia","Jefferson County",4,43,778,385,393
050,54,037,"West Virginia","Jefferson County",4,44,755,387,368
050,54,037,"West Virginia","Jefferson County",4,45,683,323,360
050,54,037,"West Virginia","Jefferson County",4,46,721,358,363
050,54,037,"West Virginia","Jefferson County",4,47,748,370,378
050,54,037,"West Virginia","Jefferson County",4,48,744,381,363
050,54,037,"West Virginia","Jefferson County",4,49,810,420,390
050,54,037,"West Virginia","Jefferson County",4,50,868,462,406
050,54,037,"West Virginia","Jefferson County",4,51,922,460,462
050,54,037,"West Virginia","Jefferson County",4,52,905,465,440
050,54,037,"West Virginia","Jefferson County",4,53,853,413,440
050,54,037,"West Virginia","Jefferson County",4,54,870,430,440
050,54,037,"West Virginia","Jefferson County",4,55,894,446,448
050,54,037,"West Virginia","Jefferson County",4,56,850,441,409
050,54,037,"West Virginia","Jefferson County",4,57,926,457,469
050,54,037,"West Virginia","Jefferson County",4,58,942,463,479
050,54,037,"West Virginia","Jefferson County",4,59,893,451,442
050,54,037,"West Virginia","Jefferson County",4,60,862,434,428
050,54,037,"West Virginia","Jefferson County",4,61,851,444,407
050,54,037,"West Virginia","Jefferson County",4,62,805,398,407
050,54,037,"West Virginia","Jefferson County",4,63,788,379,409
050,54,037,"West Virginia","Jefferson County",4,64,764,382,382
050,54,037,"West Virginia","Jefferson County",4,65,717,348,369
050,54,037,"West Virginia","Jefferson County",4,66,698,331,367
050,54,037,"West Virginia","Jefferson County",4,67,751,372,379
050,54,037,"West Virginia","Jefferson County",4,68,683,324,359
050,54,037,"West Virginia","Jefferson County",4,69,637,289,348
050,54,037,"West Virginia","Jefferson County",4,70,624,291,333
050,54,037,"West Virginia","Jefferson County",4,71,610,294,316
050,54,037,"West Virginia","Jefferson County",4,72,584,278,306
050,54,037,"West Virginia","Jefferson County",4,73,573,265,308
050,54,037,"West Virginia","Jefferson County",4,74,514,253,261
050,54,037,"West Virginia","Jefferson County",4,75,589,297,292
050,54,037,"West Virginia","Jefferson County",4,76,413,199,214
050,54,037,"West Virginia","Jefferson County",4,77,380,185,195
050,54,037,"West Virginia","Jefferson County",4,78,345,177,168
050,54,037,"West Virginia","Jefferson County",4,79,340,164,176
050,54,037,"West Virginia","Jefferson County",4,80,273,129,144
050,54,037,"West Virginia","Jefferson County",4,81,255,111,144
050,54,037,"West Virginia","Jefferson County",4,82,218,94,124
050,54,037,"West Virginia","Jefferson County",4,83,202,93,109
050,54,037,"West Virginia","Jefferson County",4,84,159,72,87
050,54,037,"West Virginia","Jefferson County",4,85,788,288,500
050,54,037,"West Virginia","Jefferson County",5,0,534,261,273
050,54,037,"West Virginia","Jefferson County",5,1,505,257,248
050,54,037,"West Virginia","Jefferson County",5,2,581,287,294
050,54,037,"West Virginia","Jefferson County",5,3,601,306,295
050,54,037,"West Virginia","Jefferson County",5,4,601,290,311
050,54,037,"West Virginia","Jefferson County",5,5,629,314,315
050,54,037,"West Virginia","Jefferson County",5,6,646,320,326
050,54,037,"West Virginia","Jefferson County",5,7,676,361,315
050,54,037,"West Virginia","Jefferson County",5,8,665,344,321
050,54,037,"West Virginia","Jefferson County",5,9,744,381,363
050,54,037,"West Virginia","Jefferson County",5,10,712,356,356
050,54,037,"West Virginia","Jefferson County",5,11,700,358,342
050,54,037,"West Virginia","Jefferson County",5,12,731,377,354
050,54,037,"West Virginia","Jefferson County",5,13,734,363,371
050,54,037,"West Virginia","Jefferson County",5,14,767,383,384
050,54,037,"West Virginia","Jefferson County",5,15,823,410,413
050,54,037,"West Virginia","Jefferson County",5,16,811,396,415
050,54,037,"West Virginia","Jefferson County",5,17,820,421,399
050,54,037,"West Virginia","Jefferson County",5,18,853,467,386
050,54,037,"West Virginia","Jefferson County",5,19,780,391,389
050,54,037,"West Virginia","Jefferson County",5,20,769,416,353
050,54,037,"West Virginia","Jefferson County",5,21,763,402,361
050,54,037,"West Virginia","Jefferson County",5,22,714,374,340
050,54,037,"West Virginia","Jefferson County",5,23,686,359,327
050,54,037,"West Virginia","Jefferson County",5,24,597,340,257
050,54,037,"West Virginia","Jefferson County",5,25,566,301,265
050,54,037,"West Virginia","Jefferson County",5,26,613,294,319
050,54,037,"West Virginia","Jefferson County",5,27,624,310,314
050,54,037,"West Virginia","Jefferson County",5,28,593,294,299
050,54,037,"West Virginia","Jefferson County",5,29,663,333,330
050,54,037,"West Virginia","Jefferson County",5,30,694,351,343
050,54,037,"West Virginia","Jefferson County",5,31,689,338,351
050,54,037,"West Virginia","Jefferson County",5,32,756,373,383
050,54,037,"West Virginia","Jefferson County",5,33,766,366,400
050,54,037,"West Virginia","Jefferson County",5,34,812,409,403
050,54,037,"West Virginia","Jefferson County",5,35,771,382,389
050,54,037,"West Virginia","Jefferson County",5,36,789,402,387
050,54,037,"West Virginia","Jefferson County",5,37,802,412,390
050,54,037,"West Virginia","Jefferson County",5,38,743,388,355
050,54,037,"West Virginia","Jefferson County",5,39,750,383,367
050,54,037,"West Virginia","Jefferson County",5,40,817,418,399
050,54,037,"West Virginia","Jefferson County",5,41,876,448,428
050,54,037,"West Virginia","Jefferson County",5,42,878,443,435
050,54,037,"West Virginia","Jefferson County",5,43,846,412,434
050,54,037,"West Virginia","Jefferson County",5,44,783,393,390
050,54,037,"West Virginia","Jefferson County",5,45,782,406,376
050,54,037,"West Virginia","Jefferson County",5,46,700,338,362
050,54,037,"West Virginia","Jefferson County",5,47,720,350,370
050,54,037,"West Virginia","Jefferson County",5,48,743,377,366
050,54,037,"West Virginia","Jefferson County",5,49,743,387,356
050,54,037,"West Virginia","Jefferson County",5,50,815,418,397
050,54,037,"West Virginia","Jefferson County",5,51,853,448,405
050,54,037,"West Virginia","Jefferson County",5,52,928,476,452
050,54,037,"West Virginia","Jefferson County",5,53,910,468,442
050,54,037,"West Virginia","Jefferson County",5,54,846,394,452
050,54,037,"West Virginia","Jefferson County",5,55,872,439,433
050,54,037,"West Virginia","Jefferson County",5,56,898,445,453
050,54,037,"West Virginia","Jefferson County",5,57,849,446,403
050,54,037,"West Virginia","Jefferson County",5,58,934,450,484
050,54,037,"West Virginia","Jefferson County",5,59,941,470,471
050,54,037,"West Virginia","Jefferson County",5,60,900,456,444
050,54,037,"West Virginia","Jefferson County",5,61,866,431,435
050,54,037,"West Virginia","Jefferson County",5,62,852,445,407
050,54,037,"West Virginia","Jefferson County",5,63,801,394,407
050,54,037,"West Virginia","Jefferson County",5,64,782,382,400
050,54,037,"West Virginia","Jefferson County",5,65,756,381,375
050,54,037,"West Virginia","Jefferson County",5,66,726,351,375
050,54,037,"West Virginia","Jefferson County",5,67,677,316,361
050,54,037,"West Virginia","Jefferson County",5,68,759,381,378
050,54,037,"West Virginia","Jefferson County",5,69,661,306,355
050,54,037,"West Virginia","Jefferson County",5,70,623,281,342
050,54,037,"West Virginia","Jefferson County",5,71,617,282,335
050,54,037,"West Virginia","Jefferson County",5,72,605,288,317
050,54,037,"West Virginia","Jefferson County",5,73,560,262,298
050,54,037,"West Virginia","Jefferson County",5,74,567,260,307
050,54,037,"West Virginia","Jefferson County",5,75,492,244,248
050,54,037,"West Virginia","Jefferson County",5,76,581,294,287
050,54,037,"West Virginia","Jefferson County",5,77,413,199,214
050,54,037,"West Virginia","Jefferson County",5,78,363,178,185
050,54,037,"West Virginia","Jefferson County",5,79,342,175,167
050,54,037,"West Virginia","Jefferson County",5,80,328,156,172
050,54,037,"West Virginia","Jefferson County",5,81,258,114,144
050,54,037,"West Virginia","Jefferson County",5,82,234,102,132
050,54,037,"West Virginia","Jefferson County",5,83,204,84,120
050,54,037,"West Virginia","Jefferson County",5,84,193,94,99
050,54,037,"West Virginia","Jefferson County",5,85,820,311,509
050,54,039,"West Virginia","Kanawha County",1,0,1816,926,890
050,54,039,"West Virginia","Kanawha County",1,1,1857,938,919
050,54,039,"West Virginia","Kanawha County",1,2,1809,911,898
050,54,039,"West Virginia","Kanawha County",1,3,1884,924,960
050,54,039,"West Virginia","Kanawha County",1,4,1959,987,972
050,54,039,"West Virginia","Kanawha County",1,5,1978,952,1026
050,54,039,"West Virginia","Kanawha County",1,6,2031,991,1040
050,54,039,"West Virginia","Kanawha County",1,7,2023,1051,972
050,54,039,"West Virginia","Kanawha County",1,8,2019,1039,980
050,54,039,"West Virginia","Kanawha County",1,9,1956,981,975
050,54,039,"West Virginia","Kanawha County",1,10,2052,1011,1041
050,54,039,"West Virginia","Kanawha County",1,11,2136,1088,1048
050,54,039,"West Virginia","Kanawha County",1,12,2218,1121,1097
050,54,039,"West Virginia","Kanawha County",1,13,2166,1115,1051
050,54,039,"West Virginia","Kanawha County",1,14,2120,1107,1013
050,54,039,"West Virginia","Kanawha County",1,15,2184,1124,1060
050,54,039,"West Virginia","Kanawha County",1,16,2200,1126,1074
050,54,039,"West Virginia","Kanawha County",1,17,2180,1110,1070
050,54,039,"West Virginia","Kanawha County",1,18,2014,1027,987
050,54,039,"West Virginia","Kanawha County",1,19,1727,897,830
050,54,039,"West Virginia","Kanawha County",1,20,1759,838,921
050,54,039,"West Virginia","Kanawha County",1,21,1864,935,929
050,54,039,"West Virginia","Kanawha County",1,22,1972,1003,969
050,54,039,"West Virginia","Kanawha County",1,23,1975,982,993
050,54,039,"West Virginia","Kanawha County",1,24,2106,1072,1034
050,54,039,"West Virginia","Kanawha County",1,25,2131,1082,1049
050,54,039,"West Virginia","Kanawha County",1,26,2198,1098,1100
050,54,039,"West Virginia","Kanawha County",1,27,2266,1112,1154
050,54,039,"West Virginia","Kanawha County",1,28,2360,1176,1184
050,54,039,"West Virginia","Kanawha County",1,29,2329,1135,1194
050,54,039,"West Virginia","Kanawha County",1,30,2238,1097,1141
050,54,039,"West Virginia","Kanawha County",1,31,2139,1079,1060
050,54,039,"West Virginia","Kanawha County",1,32,2096,1021,1075
050,54,039,"West Virginia","Kanawha County",1,33,2124,1041,1083
050,54,039,"West Virginia","Kanawha County",1,34,2092,1024,1068
050,54,039,"West Virginia","Kanawha County",1,35,2059,1031,1028
050,54,039,"West Virginia","Kanawha County",1,36,2095,1070,1025
050,54,039,"West Virginia","Kanawha County",1,37,2131,1098,1033
050,54,039,"West Virginia","Kanawha County",1,38,2166,1079,1087
050,54,039,"West Virginia","Kanawha County",1,39,2248,1117,1131
050,54,039,"West Virginia","Kanawha County",1,40,2316,1154,1162
050,54,039,"West Virginia","Kanawha County",1,41,2194,1088,1106
050,54,039,"West Virginia","Kanawha County",1,42,2300,1119,1181
050,54,039,"West Virginia","Kanawha County",1,43,2234,1096,1138
050,54,039,"West Virginia","Kanawha County",1,44,2123,1057,1066
050,54,039,"West Virginia","Kanawha County",1,45,2184,1119,1065
050,54,039,"West Virginia","Kanawha County",1,46,2087,1070,1017
050,54,039,"West Virginia","Kanawha County",1,47,2140,1051,1089
050,54,039,"West Virginia","Kanawha County",1,48,2279,1123,1156
050,54,039,"West Virginia","Kanawha County",1,49,2478,1232,1246
050,54,039,"West Virginia","Kanawha County",1,50,2307,1140,1167
050,54,039,"West Virginia","Kanawha County",1,51,2229,1097,1132
050,54,039,"West Virginia","Kanawha County",1,52,2162,1043,1119
050,54,039,"West Virginia","Kanawha County",1,53,2173,1052,1121
050,54,039,"West Virginia","Kanawha County",1,54,2268,1131,1137
050,54,039,"West Virginia","Kanawha County",1,55,2431,1210,1221
050,54,039,"West Virginia","Kanawha County",1,56,2526,1200,1326
050,54,039,"West Virginia","Kanawha County",1,57,2506,1197,1309
050,54,039,"West Virginia","Kanawha County",1,58,2615,1284,1331
050,54,039,"West Virginia","Kanawha County",1,59,2651,1268,1383
050,54,039,"West Virginia","Kanawha County",1,60,2737,1295,1442
050,54,039,"West Virginia","Kanawha County",1,61,2765,1313,1452
050,54,039,"West Virginia","Kanawha County",1,62,2757,1322,1435
050,54,039,"West Virginia","Kanawha County",1,63,2763,1307,1456
050,54,039,"West Virginia","Kanawha County",1,64,2720,1277,1443
050,54,039,"West Virginia","Kanawha County",1,65,2728,1287,1441
050,54,039,"West Virginia","Kanawha County",1,66,2541,1212,1329
050,54,039,"West Virginia","Kanawha County",1,67,2561,1203,1358
050,54,039,"West Virginia","Kanawha County",1,68,2605,1218,1387
050,54,039,"West Virginia","Kanawha County",1,69,2383,1099,1284
050,54,039,"West Virginia","Kanawha County",1,70,2331,1088,1243
050,54,039,"West Virginia","Kanawha County",1,71,2261,1022,1239
050,54,039,"West Virginia","Kanawha County",1,72,2212,1031,1181
050,54,039,"West Virginia","Kanawha County",1,73,2058,952,1106
050,54,039,"West Virginia","Kanawha County",1,74,1479,685,794
050,54,039,"West Virginia","Kanawha County",1,75,1424,638,786
050,54,039,"West Virginia","Kanawha County",1,76,1419,646,773
050,54,039,"West Virginia","Kanawha County",1,77,1402,622,780
050,54,039,"West Virginia","Kanawha County",1,78,1196,528,668
050,54,039,"West Virginia","Kanawha County",1,79,1072,445,627
050,54,039,"West Virginia","Kanawha County",1,80,992,407,585
050,54,039,"West Virginia","Kanawha County",1,81,956,386,570
050,54,039,"West Virginia","Kanawha County",1,82,876,357,519
050,54,039,"West Virginia","Kanawha County",1,83,788,313,475
050,54,039,"West Virginia","Kanawha County",1,84,743,299,444
050,54,039,"West Virginia","Kanawha County",1,85,4100,1406,2694
050,54,039,"West Virginia","Kanawha County",2,0,1768,906,862
050,54,039,"West Virginia","Kanawha County",2,1,1835,932,903
050,54,039,"West Virginia","Kanawha County",2,2,1813,913,900
050,54,039,"West Virginia","Kanawha County",2,3,1853,915,938
050,54,039,"West Virginia","Kanawha County",2,4,1924,959,965
050,54,039,"West Virginia","Kanawha County",2,5,1967,956,1011
050,54,039,"West Virginia","Kanawha County",2,6,2024,983,1041
050,54,039,"West Virginia","Kanawha County",2,7,2027,1039,988
050,54,039,"West Virginia","Kanawha County",2,8,2011,1035,976
050,54,039,"West Virginia","Kanawha County",2,9,1968,989,979
050,54,039,"West Virginia","Kanawha County",2,10,2021,997,1024
050,54,039,"West Virginia","Kanawha County",2,11,2100,1056,1044
050,54,039,"West Virginia","Kanawha County",2,12,2195,1111,1084
050,54,039,"West Virginia","Kanawha County",2,13,2177,1115,1062
050,54,039,"West Virginia","Kanawha County",2,14,2134,1109,1025
050,54,039,"West Virginia","Kanawha County",2,15,2169,1119,1050
050,54,039,"West Virginia","Kanawha County",2,16,2199,1125,1074
050,54,039,"West Virginia","Kanawha County",2,17,2191,1121,1070
050,54,039,"West Virginia","Kanawha County",2,18,2005,1028,977
050,54,039,"West Virginia","Kanawha County",2,19,1754,904,850
050,54,039,"West Virginia","Kanawha County",2,20,1771,852,919
050,54,039,"West Virginia","Kanawha County",2,21,1858,922,936
050,54,039,"West Virginia","Kanawha County",2,22,1956,991,965
050,54,039,"West Virginia","Kanawha County",2,23,1985,990,995
050,54,039,"West Virginia","Kanawha County",2,24,2086,1062,1024
050,54,039,"West Virginia","Kanawha County",2,25,2121,1077,1044
050,54,039,"West Virginia","Kanawha County",2,26,2180,1094,1086
050,54,039,"West Virginia","Kanawha County",2,27,2244,1111,1133
050,54,039,"West Virginia","Kanawha County",2,28,2337,1164,1173
050,54,039,"West Virginia","Kanawha County",2,29,2326,1140,1186
050,54,039,"West Virginia","Kanawha County",2,30,2255,1096,1159
050,54,039,"West Virginia","Kanawha County",2,31,2157,1072,1085
050,54,039,"West Virginia","Kanawha County",2,32,2106,1041,1065
050,54,039,"West Virginia","Kanawha County",2,33,2109,1035,1074
050,54,039,"West Virginia","Kanawha County",2,34,2110,1035,1075
050,54,039,"West Virginia","Kanawha County",2,35,2072,1029,1043
050,54,039,"West Virginia","Kanawha County",2,36,2069,1055,1014
050,54,039,"West Virginia","Kanawha County",2,37,2113,1082,1031
050,54,039,"West Virginia","Kanawha County",2,38,2154,1081,1073
050,54,039,"West Virginia","Kanawha County",2,39,2218,1103,1115
050,54,039,"West Virginia","Kanawha County",2,40,2295,1143,1152
050,54,039,"West Virginia","Kanawha County",2,41,2229,1108,1121
050,54,039,"West Virginia","Kanawha County",2,42,2255,1101,1154
050,54,039,"West Virginia","Kanawha County",2,43,2263,1112,1151
050,54,039,"West Virginia","Kanawha County",2,44,2124,1054,1070
050,54,039,"West Virginia","Kanawha County",2,45,2173,1105,1068
050,54,039,"West Virginia","Kanawha County",2,46,2092,1074,1018
050,54,039,"West Virginia","Kanawha County",2,47,2117,1056,1061
050,54,039,"West Virginia","Kanawha County",2,48,2241,1103,1138
050,54,039,"West Virginia","Kanawha County",2,49,2433,1207,1226
050,54,039,"West Virginia","Kanawha County",2,50,2349,1164,1185
050,54,039,"West Virginia","Kanawha County",2,51,2232,1096,1136
050,54,039,"West Virginia","Kanawha County",2,52,2164,1047,1117
050,54,039,"West Virginia","Kanawha County",2,53,2172,1048,1124
050,54,039,"West Virginia","Kanawha County",2,54,2230,1105,1125
050,54,039,"West Virginia","Kanawha County",2,55,2382,1183,1199
050,54,039,"West Virginia","Kanawha County",2,56,2494,1200,1294
050,54,039,"West Virginia","Kanawha County",2,57,2505,1199,1306
050,54,039,"West Virginia","Kanawha County",2,58,2580,1257,1323
050,54,039,"West Virginia","Kanawha County",2,59,2639,1267,1372
050,54,039,"West Virginia","Kanawha County",2,60,2692,1273,1419
050,54,039,"West Virginia","Kanawha County",2,61,2734,1291,1443
050,54,039,"West Virginia","Kanawha County",2,62,2739,1312,1427
050,54,039,"West Virginia","Kanawha County",2,63,2762,1307,1455
050,54,039,"West Virginia","Kanawha County",2,64,2700,1268,1432
050,54,039,"West Virginia","Kanawha County",2,65,2708,1274,1434
050,54,039,"West Virginia","Kanawha County",2,66,2575,1222,1353
050,54,039,"West Virginia","Kanawha County",2,67,2536,1195,1341
050,54,039,"West Virginia","Kanawha County",2,68,2570,1203,1367
050,54,039,"West Virginia","Kanawha County",2,69,2436,1122,1314
050,54,039,"West Virginia","Kanawha County",2,70,2317,1076,1241
050,54,039,"West Virginia","Kanawha County",2,71,2267,1031,1236
050,54,039,"West Virginia","Kanawha County",2,72,2175,1007,1168
050,54,039,"West Virginia","Kanawha County",2,73,2182,1010,1172
050,54,039,"West Virginia","Kanawha County",2,74,1508,695,813
050,54,039,"West Virginia","Kanawha County",2,75,1429,643,786
050,54,039,"West Virginia","Kanawha County",2,76,1388,626,762
050,54,039,"West Virginia","Kanawha County",2,77,1418,633,785
050,54,039,"West Virginia","Kanawha County",2,78,1206,530,676
050,54,039,"West Virginia","Kanawha County",2,79,1076,452,624
050,54,039,"West Virginia","Kanawha County",2,80,989,410,579
050,54,039,"West Virginia","Kanawha County",2,81,949,379,570
050,54,039,"West Virginia","Kanawha County",2,82,882,361,521
050,54,039,"West Virginia","Kanawha County",2,83,796,319,477
050,54,039,"West Virginia","Kanawha County",2,84,740,298,442
050,54,039,"West Virginia","Kanawha County",2,85,4128,1429,2699
050,54,039,"West Virginia","Kanawha County",3,0,1661,863,798
050,54,039,"West Virginia","Kanawha County",3,1,1692,862,830
050,54,039,"West Virginia","Kanawha County",3,2,1814,937,877
050,54,039,"West Virginia","Kanawha County",3,3,1786,911,875
050,54,039,"West Virginia","Kanawha County",3,4,1866,921,945
050,54,039,"West Virginia","Kanawha County",3,5,1890,935,955
050,54,039,"West Virginia","Kanawha County",3,6,1949,944,1005
050,54,039,"West Virginia","Kanawha County",3,7,2008,997,1011
050,54,039,"West Virginia","Kanawha County",3,8,2014,1033,981
050,54,039,"West Virginia","Kanawha County",3,9,2010,1037,973
050,54,039,"West Virginia","Kanawha County",3,10,1936,977,959
050,54,039,"West Virginia","Kanawha County",3,11,2006,976,1030
050,54,039,"West Virginia","Kanawha County",3,12,2102,1057,1045
050,54,039,"West Virginia","Kanawha County",3,13,2194,1116,1078
050,54,039,"West Virginia","Kanawha County",3,14,2172,1108,1064
050,54,039,"West Virginia","Kanawha County",3,15,2101,1100,1001
050,54,039,"West Virginia","Kanawha County",3,16,2169,1117,1052
050,54,039,"West Virginia","Kanawha County",3,17,2201,1131,1070
050,54,039,"West Virginia","Kanawha County",3,18,2002,1036,966
050,54,039,"West Virginia","Kanawha County",3,19,1747,906,841
050,54,039,"West Virginia","Kanawha County",3,20,1822,891,931
050,54,039,"West Virginia","Kanawha County",3,21,1866,918,948
050,54,039,"West Virginia","Kanawha County",3,22,1924,955,969
050,54,039,"West Virginia","Kanawha County",3,23,2023,1025,998
050,54,039,"West Virginia","Kanawha County",3,24,2059,1025,1034
050,54,039,"West Virginia","Kanawha County",3,25,2088,1039,1049
050,54,039,"West Virginia","Kanawha County",3,26,2205,1106,1099
050,54,039,"West Virginia","Kanawha County",3,27,2187,1095,1092
050,54,039,"West Virginia","Kanawha County",3,28,2249,1136,1113
050,54,039,"West Virginia","Kanawha County",3,29,2319,1150,1169
050,54,039,"West Virginia","Kanawha County",3,30,2257,1120,1137
050,54,039,"West Virginia","Kanawha County",3,31,2219,1069,1150
050,54,039,"West Virginia","Kanawha County",3,32,2165,1080,1085
050,54,039,"West Virginia","Kanawha County",3,33,2071,1025,1046
050,54,039,"West Virginia","Kanawha County",3,34,2102,1031,1071
050,54,039,"West Virginia","Kanawha County",3,35,2064,1000,1064
050,54,039,"West Virginia","Kanawha County",3,36,2058,1025,1033
050,54,039,"West Virginia","Kanawha County",3,37,2031,1011,1020
050,54,039,"West Virginia","Kanawha County",3,38,2103,1094,1009
050,54,039,"West Virginia","Kanawha County",3,39,2128,1068,1060
050,54,039,"West Virginia","Kanawha County",3,40,2180,1079,1101
050,54,039,"West Virginia","Kanawha County",3,41,2274,1130,1144
050,54,039,"West Virginia","Kanawha County",3,42,2188,1087,1101
050,54,039,"West Virginia","Kanawha County",3,43,2262,1092,1170
050,54,039,"West Virginia","Kanawha County",3,44,2205,1077,1128
050,54,039,"West Virginia","Kanawha County",3,45,2106,1057,1049
050,54,039,"West Virginia","Kanawha County",3,46,2142,1081,1061
050,54,039,"West Virginia","Kanawha County",3,47,2051,1054,997
050,54,039,"West Virginia","Kanawha County",3,48,2114,1049,1065
050,54,039,"West Virginia","Kanawha County",3,49,2206,1086,1120
050,54,039,"West Virginia","Kanawha County",3,50,2449,1218,1231
050,54,039,"West Virginia","Kanawha County",3,51,2319,1143,1176
050,54,039,"West Virginia","Kanawha County",3,52,2204,1080,1124
050,54,039,"West Virginia","Kanawha County",3,53,2166,1054,1112
050,54,039,"West Virginia","Kanawha County",3,54,2146,1042,1104
050,54,039,"West Virginia","Kanawha County",3,55,2190,1082,1108
050,54,039,"West Virginia","Kanawha County",3,56,2341,1132,1209
050,54,039,"West Virginia","Kanawha County",3,57,2444,1167,1277
050,54,039,"West Virginia","Kanawha County",3,58,2490,1176,1314
050,54,039,"West Virginia","Kanawha County",3,59,2537,1247,1290
050,54,039,"West Virginia","Kanawha County",3,60,2585,1232,1353
050,54,039,"West Virginia","Kanawha County",3,61,2610,1234,1376
050,54,039,"West Virginia","Kanawha County",3,62,2671,1263,1408
050,54,039,"West Virginia","Kanawha County",3,63,2674,1275,1399
050,54,039,"West Virginia","Kanawha County",3,64,2660,1248,1412
050,54,039,"West Virginia","Kanawha County",3,65,2618,1219,1399
050,54,039,"West Virginia","Kanawha County",3,66,2631,1221,1410
050,54,039,"West Virginia","Kanawha County",3,67,2512,1196,1316
050,54,039,"West Virginia","Kanawha County",3,68,2464,1152,1312
050,54,039,"West Virginia","Kanawha County",3,69,2477,1145,1332
050,54,039,"West Virginia","Kanawha County",3,70,2337,1073,1264
050,54,039,"West Virginia","Kanawha County",3,71,2241,1035,1206
050,54,039,"West Virginia","Kanawha County",3,72,2171,966,1205
050,54,039,"West Virginia","Kanawha County",3,73,2077,954,1123
050,54,039,"West Virginia","Kanawha County",3,74,2093,960,1133
050,54,039,"West Virginia","Kanawha County",3,75,1431,650,781
050,54,039,"West Virginia","Kanawha County",3,76,1348,602,746
050,54,039,"West Virginia","Kanawha County",3,77,1317,594,723
050,54,039,"West Virginia","Kanawha County",3,78,1349,593,756
050,54,039,"West Virginia","Kanawha County",3,79,1116,477,639
050,54,039,"West Virginia","Kanawha County",3,80,1006,438,568
050,54,039,"West Virginia","Kanawha County",3,81,903,358,545
050,54,039,"West Virginia","Kanawha County",3,82,903,360,543
050,54,039,"West Virginia","Kanawha County",3,83,791,323,468
050,54,039,"West Virginia","Kanawha County",3,84,737,298,439
050,54,039,"West Virginia","Kanawha County",3,85,4077,1434,2643
050,54,039,"West Virginia","Kanawha County",4,0,1723,875,848
050,54,039,"West Virginia","Kanawha County",4,1,1679,880,799
050,54,039,"West Virginia","Kanawha County",4,2,1669,857,812
050,54,039,"West Virginia","Kanawha County",4,3,1762,906,856
050,54,039,"West Virginia","Kanawha County",4,4,1780,898,882
050,54,039,"West Virginia","Kanawha County",4,5,1816,893,923
050,54,039,"West Virginia","Kanawha County",4,6,1886,942,944
050,54,039,"West Virginia","Kanawha County",4,7,1914,941,973
050,54,039,"West Virginia","Kanawha County",4,8,1979,979,1000
050,54,039,"West Virginia","Kanawha County",4,9,1987,1023,964
050,54,039,"West Virginia","Kanawha County",4,10,1989,1036,953
050,54,039,"West Virginia","Kanawha County",4,11,1933,976,957
050,54,039,"West Virginia","Kanawha County",4,12,1980,953,1027
050,54,039,"West Virginia","Kanawha County",4,13,2080,1043,1037
050,54,039,"West Virginia","Kanawha County",4,14,2189,1113,1076
050,54,039,"West Virginia","Kanawha County",4,15,2157,1102,1055
050,54,039,"West Virginia","Kanawha County",4,16,2112,1113,999
050,54,039,"West Virginia","Kanawha County",4,17,2173,1128,1045
050,54,039,"West Virginia","Kanawha County",4,18,2014,1041,973
050,54,039,"West Virginia","Kanawha County",4,19,1709,913,796
050,54,039,"West Virginia","Kanawha County",4,20,1780,892,888
050,54,039,"West Virginia","Kanawha County",4,21,1883,932,951
050,54,039,"West Virginia","Kanawha County",4,22,1950,951,999
050,54,039,"West Virginia","Kanawha County",4,23,1956,962,994
050,54,039,"West Virginia","Kanawha County",4,24,2086,1069,1017
050,54,039,"West Virginia","Kanawha County",4,25,2062,1012,1050
050,54,039,"West Virginia","Kanawha County",4,26,2144,1075,1069
050,54,039,"West Virginia","Kanawha County",4,27,2139,1089,1050
050,54,039,"West Virginia","Kanawha County",4,28,2200,1109,1091
050,54,039,"West Virginia","Kanawha County",4,29,2227,1128,1099
050,54,039,"West Virginia","Kanawha County",4,30,2237,1114,1123
050,54,039,"West Virginia","Kanawha County",4,31,2230,1104,1126
050,54,039,"West Virginia","Kanawha County",4,32,2207,1065,1142
050,54,039,"West Virginia","Kanawha County",4,33,2138,1054,1084
050,54,039,"West Virginia","Kanawha County",4,34,2101,1059,1042
050,54,039,"West Virginia","Kanawha County",4,35,2063,1014,1049
050,54,039,"West Virginia","Kanawha County",4,36,2045,991,1054
050,54,039,"West Virginia","Kanawha County",4,37,2012,1005,1007
050,54,039,"West Virginia","Kanawha County",4,38,2023,1027,996
050,54,039,"West Virginia","Kanawha County",4,39,2059,1066,993
050,54,039,"West Virginia","Kanawha County",4,40,2096,1044,1052
050,54,039,"West Virginia","Kanawha County",4,41,2176,1078,1098
050,54,039,"West Virginia","Kanawha County",4,42,2279,1128,1151
050,54,039,"West Virginia","Kanawha County",4,43,2186,1080,1106
050,54,039,"West Virginia","Kanawha County",4,44,2239,1060,1179
050,54,039,"West Virginia","Kanawha County",4,45,2203,1083,1120
050,54,039,"West Virginia","Kanawha County",4,46,2084,1038,1046
050,54,039,"West Virginia","Kanawha County",4,47,2109,1042,1067
050,54,039,"West Virginia","Kanawha County",4,48,2046,1058,988
050,54,039,"West Virginia","Kanawha County",4,49,2094,1033,1061
050,54,039,"West Virginia","Kanawha County",4,50,2178,1082,1096
050,54,039,"West Virginia","Kanawha County",4,51,2443,1206,1237
050,54,039,"West Virginia","Kanawha County",4,52,2272,1108,1164
050,54,039,"West Virginia","Kanawha County",4,53,2202,1064,1138
050,54,039,"West Virginia","Kanawha County",4,54,2156,1046,1110
050,54,039,"West Virginia","Kanawha County",4,55,2131,1031,1100
050,54,039,"West Virginia","Kanawha County",4,56,2146,1045,1101
050,54,039,"West Virginia","Kanawha County",4,57,2317,1112,1205
050,54,039,"West Virginia","Kanawha County",4,58,2425,1153,1272
050,54,039,"West Virginia","Kanawha County",4,59,2443,1160,1283
050,54,039,"West Virginia","Kanawha County",4,60,2488,1216,1272
050,54,039,"West Virginia","Kanawha County",4,61,2517,1193,1324
050,54,039,"West Virginia","Kanawha County",4,62,2534,1199,1335
050,54,039,"West Virginia","Kanawha County",4,63,2602,1233,1369
050,54,039,"West Virginia","Kanawha County",4,64,2579,1217,1362
050,54,039,"West Virginia","Kanawha County",4,65,2578,1204,1374
050,54,039,"West Virginia","Kanawha County",4,66,2525,1165,1360
050,54,039,"West Virginia","Kanawha County",4,67,2549,1182,1367
050,54,039,"West Virginia","Kanawha County",4,68,2436,1153,1283
050,54,039,"West Virginia","Kanawha County",4,69,2378,1084,1294
050,54,039,"West Virginia","Kanawha County",4,70,2390,1101,1289
050,54,039,"West Virginia","Kanawha County",4,71,2252,1030,1222
050,54,039,"West Virginia","Kanawha County",4,72,2146,975,1171
050,54,039,"West Virginia","Kanawha County",4,73,2090,931,1159
050,54,039,"West Virginia","Kanawha County",4,74,2009,908,1101
050,54,039,"West Virginia","Kanawha County",4,75,1988,898,1090
050,54,039,"West Virginia","Kanawha County",4,76,1353,609,744
050,54,039,"West Virginia","Kanawha County",4,77,1274,564,710
050,54,039,"West Virginia","Kanawha County",4,78,1265,567,698
050,54,039,"West Virginia","Kanawha County",4,79,1252,542,710
050,54,039,"West Virginia","Kanawha County",4,80,1045,450,595
050,54,039,"West Virginia","Kanawha County",4,81,915,385,530
050,54,039,"West Virginia","Kanawha County",4,82,858,334,524
050,54,039,"West Virginia","Kanawha County",4,83,819,326,493
050,54,039,"West Virginia","Kanawha County",4,84,729,299,430
050,54,039,"West Virginia","Kanawha County",4,85,3995,1430,2565
050,54,039,"West Virginia","Kanawha County",5,0,1721,876,845
050,54,039,"West Virginia","Kanawha County",5,1,1679,859,820
050,54,039,"West Virginia","Kanawha County",5,2,1698,888,810
050,54,039,"West Virginia","Kanawha County",5,3,1682,858,824
050,54,039,"West Virginia","Kanawha County",5,4,1781,908,873
050,54,039,"West Virginia","Kanawha County",5,5,1756,888,868
050,54,039,"West Virginia","Kanawha County",5,6,1824,893,931
050,54,039,"West Virginia","Kanawha County",5,7,1873,939,934
050,54,039,"West Virginia","Kanawha County",5,8,1927,949,978
050,54,039,"West Virginia","Kanawha County",5,9,1971,981,990
050,54,039,"West Virginia","Kanawha County",5,10,1980,1017,963
050,54,039,"West Virginia","Kanawha County",5,11,1968,1037,931
050,54,039,"West Virginia","Kanawha County",5,12,1924,957,967
050,54,039,"West Virginia","Kanawha County",5,13,2004,969,1035
050,54,039,"West Virginia","Kanawha County",5,14,2084,1047,1037
050,54,039,"West Virginia","Kanawha County",5,15,2191,1121,1070
050,54,039,"West Virginia","Kanawha County",5,16,2193,1127,1066
050,54,039,"West Virginia","Kanawha County",5,17,2139,1131,1008
050,54,039,"West Virginia","Kanawha County",5,18,1968,1037,931
050,54,039,"West Virginia","Kanawha County",5,19,1732,905,827
050,54,039,"West Virginia","Kanawha County",5,20,1793,926,867
050,54,039,"West Virginia","Kanawha County",5,21,1902,953,949
050,54,039,"West Virginia","Kanawha County",5,22,1997,960,1037
050,54,039,"West Virginia","Kanawha County",5,23,2021,991,1030
050,54,039,"West Virginia","Kanawha County",5,24,1990,990,1000
050,54,039,"West Virginia","Kanawha County",5,25,2129,1090,1039
050,54,039,"West Virginia","Kanawha County",5,26,2070,1029,1041
050,54,039,"West Virginia","Kanawha County",5,27,2170,1084,1086
050,54,039,"West Virginia","Kanawha County",5,28,2157,1088,1069
050,54,039,"West Virginia","Kanawha County",5,29,2171,1112,1059
050,54,039,"West Virginia","Kanawha County",5,30,2154,1083,1071
050,54,039,"West Virginia","Kanawha County",5,31,2204,1082,1122
050,54,039,"West Virginia","Kanawha County",5,32,2201,1090,1111
050,54,039,"West Virginia","Kanawha County",5,33,2146,1025,1121
050,54,039,"West Virginia","Kanawha County",5,34,2143,1063,1080
050,54,039,"West Virginia","Kanawha County",5,35,2068,1044,1024
050,54,039,"West Virginia","Kanawha County",5,36,2065,1008,1057
050,54,039,"West Virginia","Kanawha County",5,37,2019,975,1044
050,54,039,"West Virginia","Kanawha County",5,38,2017,1033,984
050,54,039,"West Virginia","Kanawha County",5,39,1980,989,991
050,54,039,"West Virginia","Kanawha County",5,40,2033,1049,984
050,54,039,"West Virginia","Kanawha County",5,41,2097,1047,1050
050,54,039,"West Virginia","Kanawha County",5,42,2131,1053,1078
050,54,039,"West Virginia","Kanawha County",5,43,2240,1105,1135
050,54,039,"West Virginia","Kanawha County",5,44,2176,1063,1113
050,54,039,"West Virginia","Kanawha County",5,45,2227,1048,1179
050,54,039,"West Virginia","Kanawha County",5,46,2189,1072,1117
050,54,039,"West Virginia","Kanawha County",5,47,2089,1026,1063
050,54,039,"West Virginia","Kanawha County",5,48,2131,1055,1076
050,54,039,"West Virginia","Kanawha County",5,49,2038,1058,980
050,54,039,"West Virginia","Kanawha County",5,50,2085,1023,1062
050,54,039,"West Virginia","Kanawha County",5,51,2179,1084,1095
050,54,039,"West Virginia","Kanawha County",5,52,2394,1178,1216
050,54,039,"West Virginia","Kanawha County",5,53,2262,1112,1150
050,54,039,"West Virginia","Kanawha County",5,54,2196,1061,1135
050,54,039,"West Virginia","Kanawha County",5,55,2139,1038,1101
050,54,039,"West Virginia","Kanawha County",5,56,2088,996,1092
050,54,039,"West Virginia","Kanawha County",5,57,2101,1026,1075
050,54,039,"West Virginia","Kanawha County",5,58,2311,1103,1208
050,54,039,"West Virginia","Kanawha County",5,59,2416,1148,1268
050,54,039,"West Virginia","Kanawha County",5,60,2396,1134,1262
050,54,039,"West Virginia","Kanawha County",5,61,2437,1180,1257
050,54,039,"West Virginia","Kanawha County",5,62,2457,1162,1295
050,54,039,"West Virginia","Kanawha County",5,63,2499,1185,1314
050,54,039,"West Virginia","Kanawha County",5,64,2542,1202,1340
050,54,039,"West Virginia","Kanawha County",5,65,2515,1192,1323
050,54,039,"West Virginia","Kanawha County",5,66,2507,1166,1341
050,54,039,"West Virginia","Kanawha County",5,67,2491,1150,1341
050,54,039,"West Virginia","Kanawha County",5,68,2493,1154,1339
050,54,039,"West Virginia","Kanawha County",5,69,2380,1121,1259
050,54,039,"West Virginia","Kanawha County",5,70,2311,1053,1258
050,54,039,"West Virginia","Kanawha County",5,71,2345,1075,1270
050,54,039,"West Virginia","Kanawha County",5,72,2185,991,1194
050,54,039,"West Virginia","Kanawha County",5,73,2071,941,1130
050,54,039,"West Virginia","Kanawha County",5,74,2027,894,1133
050,54,039,"West Virginia","Kanawha County",5,75,1947,874,1073
050,54,039,"West Virginia","Kanawha County",5,76,1905,846,1059
050,54,039,"West Virginia","Kanawha County",5,77,1294,579,715
050,54,039,"West Virginia","Kanawha County",5,78,1227,541,686
050,54,039,"West Virginia","Kanawha County",5,79,1193,528,665
050,54,039,"West Virginia","Kanawha County",5,80,1180,515,665
050,54,039,"West Virginia","Kanawha County",5,81,969,398,571
050,54,039,"West Virginia","Kanawha County",5,82,872,360,512
050,54,039,"West Virginia","Kanawha County",5,83,780,304,476
050,54,039,"West Virginia","Kanawha County",5,84,773,312,461
050,54,039,"West Virginia","Kanawha County",5,85,3995,1457,2538
050,54,041,"West Virginia","Lewis County",1,0,178,92,86
050,54,041,"West Virginia","Lewis County",1,1,180,98,82
050,54,041,"West Virginia","Lewis County",1,2,174,96,78
050,54,041,"West Virginia","Lewis County",1,3,183,95,88
050,54,041,"West Virginia","Lewis County",1,4,202,111,91
050,54,041,"West Virginia","Lewis County",1,5,207,116,91
050,54,041,"West Virginia","Lewis County",1,6,215,112,103
050,54,041,"West Virginia","Lewis County",1,7,225,111,114
050,54,041,"West Virginia","Lewis County",1,8,201,97,104
050,54,041,"West Virginia","Lewis County",1,9,214,104,110
050,54,041,"West Virginia","Lewis County",1,10,204,107,97
050,54,041,"West Virginia","Lewis County",1,11,210,108,102
050,54,041,"West Virginia","Lewis County",1,12,230,118,112
050,54,041,"West Virginia","Lewis County",1,13,230,124,106
050,54,041,"West Virginia","Lewis County",1,14,233,115,118
050,54,041,"West Virginia","Lewis County",1,15,193,90,103
050,54,041,"West Virginia","Lewis County",1,16,192,102,90
050,54,041,"West Virginia","Lewis County",1,17,212,118,94
050,54,041,"West Virginia","Lewis County",1,18,167,82,85
050,54,041,"West Virginia","Lewis County",1,19,145,75,70
050,54,041,"West Virginia","Lewis County",1,20,146,78,68
050,54,041,"West Virginia","Lewis County",1,21,137,72,65
050,54,041,"West Virginia","Lewis County",1,22,154,79,75
050,54,041,"West Virginia","Lewis County",1,23,160,84,76
050,54,041,"West Virginia","Lewis County",1,24,205,103,102
050,54,041,"West Virginia","Lewis County",1,25,206,108,98
050,54,041,"West Virginia","Lewis County",1,26,230,122,108
050,54,041,"West Virginia","Lewis County",1,27,221,114,107
050,54,041,"West Virginia","Lewis County",1,28,211,109,102
050,54,041,"West Virginia","Lewis County",1,29,213,109,104
050,54,041,"West Virginia","Lewis County",1,30,198,103,95
050,54,041,"West Virginia","Lewis County",1,31,194,92,102
050,54,041,"West Virginia","Lewis County",1,32,186,93,93
050,54,041,"West Virginia","Lewis County",1,33,192,102,90
050,54,041,"West Virginia","Lewis County",1,34,188,89,99
050,54,041,"West Virginia","Lewis County",1,35,189,90,99
050,54,041,"West Virginia","Lewis County",1,36,172,85,87
050,54,041,"West Virginia","Lewis County",1,37,197,94,103
050,54,041,"West Virginia","Lewis County",1,38,201,90,111
050,54,041,"West Virginia","Lewis County",1,39,203,92,111
050,54,041,"West Virginia","Lewis County",1,40,193,99,94
050,54,041,"West Virginia","Lewis County",1,41,228,119,109
050,54,041,"West Virginia","Lewis County",1,42,210,109,101
050,54,041,"West Virginia","Lewis County",1,43,211,111,100
050,54,041,"West Virginia","Lewis County",1,44,199,116,83
050,54,041,"West Virginia","Lewis County",1,45,191,101,90
050,54,041,"West Virginia","Lewis County",1,46,204,111,93
050,54,041,"West Virginia","Lewis County",1,47,207,110,97
050,54,041,"West Virginia","Lewis County",1,48,237,112,125
050,54,041,"West Virginia","Lewis County",1,49,247,119,128
050,54,041,"West Virginia","Lewis County",1,50,213,104,109
050,54,041,"West Virginia","Lewis County",1,51,237,115,122
050,54,041,"West Virginia","Lewis County",1,52,238,122,116
050,54,041,"West Virginia","Lewis County",1,53,221,119,102
050,54,041,"West Virginia","Lewis County",1,54,234,120,114
050,54,041,"West Virginia","Lewis County",1,55,248,126,122
050,54,041,"West Virginia","Lewis County",1,56,255,128,127
050,54,041,"West Virginia","Lewis County",1,57,253,125,128
050,54,041,"West Virginia","Lewis County",1,58,267,119,148
050,54,041,"West Virginia","Lewis County",1,59,243,123,120
050,54,041,"West Virginia","Lewis County",1,60,244,122,122
050,54,041,"West Virginia","Lewis County",1,61,242,122,120
050,54,041,"West Virginia","Lewis County",1,62,239,115,124
050,54,041,"West Virginia","Lewis County",1,63,243,128,115
050,54,041,"West Virginia","Lewis County",1,64,234,113,121
050,54,041,"West Virginia","Lewis County",1,65,224,107,117
050,54,041,"West Virginia","Lewis County",1,66,232,130,102
050,54,041,"West Virginia","Lewis County",1,67,234,123,111
050,54,041,"West Virginia","Lewis County",1,68,223,102,121
050,54,041,"West Virginia","Lewis County",1,69,208,94,114
050,54,041,"West Virginia","Lewis County",1,70,216,111,105
050,54,041,"West Virginia","Lewis County",1,71,208,110,98
050,54,041,"West Virginia","Lewis County",1,72,209,101,108
050,54,041,"West Virginia","Lewis County",1,73,203,86,117
050,54,041,"West Virginia","Lewis County",1,74,153,67,86
050,54,041,"West Virginia","Lewis County",1,75,149,75,74
050,54,041,"West Virginia","Lewis County",1,76,149,68,81
050,54,041,"West Virginia","Lewis County",1,77,148,70,78
050,54,041,"West Virginia","Lewis County",1,78,119,54,65
050,54,041,"West Virginia","Lewis County",1,79,99,42,57
050,54,041,"West Virginia","Lewis County",1,80,96,42,54
050,54,041,"West Virginia","Lewis County",1,81,95,46,49
050,54,041,"West Virginia","Lewis County",1,82,98,44,54
050,54,041,"West Virginia","Lewis County",1,83,63,25,38
050,54,041,"West Virginia","Lewis County",1,84,61,26,35
050,54,041,"West Virginia","Lewis County",1,85,308,135,173
050,54,041,"West Virginia","Lewis County",2,0,177,92,85
050,54,041,"West Virginia","Lewis County",2,1,177,97,80
050,54,041,"West Virginia","Lewis County",2,2,173,95,78
050,54,041,"West Virginia","Lewis County",2,3,180,95,85
050,54,041,"West Virginia","Lewis County",2,4,197,108,89
050,54,041,"West Virginia","Lewis County",2,5,207,116,91
050,54,041,"West Virginia","Lewis County",2,6,215,115,100
050,54,041,"West Virginia","Lewis County",2,7,222,111,111
050,54,041,"West Virginia","Lewis County",2,8,206,100,106
050,54,041,"West Virginia","Lewis County",2,9,210,102,108
050,54,041,"West Virginia","Lewis County",2,10,209,107,102
050,54,041,"West Virginia","Lewis County",2,11,209,107,102
050,54,041,"West Virginia","Lewis County",2,12,226,117,109
050,54,041,"West Virginia","Lewis County",2,13,233,125,108
050,54,041,"West Virginia","Lewis County",2,14,229,116,113
050,54,041,"West Virginia","Lewis County",2,15,204,97,107
050,54,041,"West Virginia","Lewis County",2,16,195,101,94
050,54,041,"West Virginia","Lewis County",2,17,205,112,93
050,54,041,"West Virginia","Lewis County",2,18,172,88,84
050,54,041,"West Virginia","Lewis County",2,19,142,73,69
050,54,041,"West Virginia","Lewis County",2,20,149,79,70
050,54,041,"West Virginia","Lewis County",2,21,143,76,67
050,54,041,"West Virginia","Lewis County",2,22,153,79,74
050,54,041,"West Virginia","Lewis County",2,23,161,84,77
050,54,041,"West Virginia","Lewis County",2,24,196,98,98
050,54,041,"West Virginia","Lewis County",2,25,208,109,99
050,54,041,"West Virginia","Lewis County",2,26,223,117,106
050,54,041,"West Virginia","Lewis County",2,27,223,115,108
050,54,041,"West Virginia","Lewis County",2,28,214,110,104
050,54,041,"West Virginia","Lewis County",2,29,211,109,102
050,54,041,"West Virginia","Lewis County",2,30,202,104,98
050,54,041,"West Virginia","Lewis County",2,31,193,94,99
050,54,041,"West Virginia","Lewis County",2,32,186,92,94
050,54,041,"West Virginia","Lewis County",2,33,192,100,92
050,54,041,"West Virginia","Lewis County",2,34,189,93,96
050,54,041,"West Virginia","Lewis County",2,35,190,91,99
050,54,041,"West Virginia","Lewis County",2,36,174,86,88
050,54,041,"West Virginia","Lewis County",2,37,191,91,100
050,54,041,"West Virginia","Lewis County",2,38,204,93,111
050,54,041,"West Virginia","Lewis County",2,39,203,91,112
050,54,041,"West Virginia","Lewis County",2,40,197,99,98
050,54,041,"West Virginia","Lewis County",2,41,219,113,106
050,54,041,"West Virginia","Lewis County",2,42,212,110,102
050,54,041,"West Virginia","Lewis County",2,43,211,111,100
050,54,041,"West Virginia","Lewis County",2,44,199,113,86
050,54,041,"West Virginia","Lewis County",2,45,195,105,90
050,54,041,"West Virginia","Lewis County",2,46,199,107,92
050,54,041,"West Virginia","Lewis County",2,47,209,111,98
050,54,041,"West Virginia","Lewis County",2,48,230,113,117
050,54,041,"West Virginia","Lewis County",2,49,245,118,127
050,54,041,"West Virginia","Lewis County",2,50,219,107,112
050,54,041,"West Virginia","Lewis County",2,51,230,111,119
050,54,041,"West Virginia","Lewis County",2,52,236,120,116
050,54,041,"West Virginia","Lewis County",2,53,225,119,106
050,54,041,"West Virginia","Lewis County",2,54,228,119,109
050,54,041,"West Virginia","Lewis County",2,55,244,124,120
050,54,041,"West Virginia","Lewis County",2,56,256,129,127
050,54,041,"West Virginia","Lewis County",2,57,254,125,129
050,54,041,"West Virginia","Lewis County",2,58,266,122,144
050,54,041,"West Virginia","Lewis County",2,59,251,123,128
050,54,041,"West Virginia","Lewis County",2,60,239,120,119
050,54,041,"West Virginia","Lewis County",2,61,240,119,121
050,54,041,"West Virginia","Lewis County",2,62,236,114,122
050,54,041,"West Virginia","Lewis County",2,63,244,126,118
050,54,041,"West Virginia","Lewis County",2,64,235,116,119
050,54,041,"West Virginia","Lewis County",2,65,227,110,117
050,54,041,"West Virginia","Lewis County",2,66,229,125,104
050,54,041,"West Virginia","Lewis County",2,67,233,125,108
050,54,041,"West Virginia","Lewis County",2,68,223,107,116
050,54,041,"West Virginia","Lewis County",2,69,210,93,117
050,54,041,"West Virginia","Lewis County",2,70,213,106,107
050,54,041,"West Virginia","Lewis County",2,71,210,110,100
050,54,041,"West Virginia","Lewis County",2,72,204,100,104
050,54,041,"West Virginia","Lewis County",2,73,210,91,119
050,54,041,"West Virginia","Lewis County",2,74,154,66,88
050,54,041,"West Virginia","Lewis County",2,75,150,73,77
050,54,041,"West Virginia","Lewis County",2,76,147,68,79
050,54,041,"West Virginia","Lewis County",2,77,149,70,79
050,54,041,"West Virginia","Lewis County",2,78,124,57,67
050,54,041,"West Virginia","Lewis County",2,79,102,44,58
050,54,041,"West Virginia","Lewis County",2,80,97,42,55
050,54,041,"West Virginia","Lewis County",2,81,93,44,49
050,54,041,"West Virginia","Lewis County",2,82,97,44,53
050,54,041,"West Virginia","Lewis County",2,83,70,30,40
050,54,041,"West Virginia","Lewis County",2,84,59,25,34
050,54,041,"West Virginia","Lewis County",2,85,307,136,171
050,54,041,"West Virginia","Lewis County",3,0,159,86,73
050,54,041,"West Virginia","Lewis County",3,1,188,94,94
050,54,041,"West Virginia","Lewis County",3,2,182,99,83
050,54,041,"West Virginia","Lewis County",3,3,180,88,92
050,54,041,"West Virginia","Lewis County",3,4,178,96,82
050,54,041,"West Virginia","Lewis County",3,5,189,102,87
050,54,041,"West Virginia","Lewis County",3,6,204,111,93
050,54,041,"West Virginia","Lewis County",3,7,221,116,105
050,54,041,"West Virginia","Lewis County",3,8,218,110,108
050,54,041,"West Virginia","Lewis County",3,9,205,101,104
050,54,041,"West Virginia","Lewis County",3,10,204,109,95
050,54,041,"West Virginia","Lewis County",3,11,209,109,100
050,54,041,"West Virginia","Lewis County",3,12,205,103,102
050,54,041,"West Virginia","Lewis County",3,13,225,121,104
050,54,041,"West Virginia","Lewis County",3,14,232,118,114
050,54,041,"West Virginia","Lewis County",3,15,224,109,115
050,54,041,"West Virginia","Lewis County",3,16,208,107,101
050,54,041,"West Virginia","Lewis County",3,17,196,98,98
050,54,041,"West Virginia","Lewis County",3,18,177,95,82
050,54,041,"West Virginia","Lewis County",3,19,139,70,69
050,54,041,"West Virginia","Lewis County",3,20,149,75,74
050,54,041,"West Virginia","Lewis County",3,21,161,83,78
050,54,041,"West Virginia","Lewis County",3,22,149,76,73
050,54,041,"West Virginia","Lewis County",3,23,166,85,81
050,54,041,"West Virginia","Lewis County",3,24,170,80,90
050,54,041,"West Virginia","Lewis County",3,25,189,97,92
050,54,041,"West Virginia","Lewis County",3,26,207,110,97
050,54,041,"West Virginia","Lewis County",3,27,221,114,107
050,54,041,"West Virginia","Lewis County",3,28,230,119,111
050,54,041,"West Virginia","Lewis County",3,29,213,110,103
050,54,041,"West Virginia","Lewis County",3,30,211,107,104
050,54,041,"West Virginia","Lewis County",3,31,210,108,102
050,54,041,"West Virginia","Lewis County",3,32,197,92,105
050,54,041,"West Virginia","Lewis County",3,33,186,94,92
050,54,041,"West Virginia","Lewis County",3,34,188,99,89
050,54,041,"West Virginia","Lewis County",3,35,184,93,91
050,54,041,"West Virginia","Lewis County",3,36,188,98,90
050,54,041,"West Virginia","Lewis County",3,37,170,87,83
050,54,041,"West Virginia","Lewis County",3,38,184,83,101
050,54,041,"West Virginia","Lewis County",3,39,204,92,112
050,54,041,"West Virginia","Lewis County",3,40,212,89,123
050,54,041,"West Virginia","Lewis County",3,41,198,97,101
050,54,041,"West Virginia","Lewis County",3,42,221,114,107
050,54,041,"West Virginia","Lewis County",3,43,213,111,102
050,54,041,"West Virginia","Lewis County",3,44,208,113,95
050,54,041,"West Virginia","Lewis County",3,45,192,108,84
050,54,041,"West Virginia","Lewis County",3,46,199,108,91
050,54,041,"West Virginia","Lewis County",3,47,203,109,94
050,54,041,"West Virginia","Lewis County",3,48,209,110,99
050,54,041,"West Virginia","Lewis County",3,49,232,111,121
050,54,041,"West Virginia","Lewis County",3,50,240,116,124
050,54,041,"West Virginia","Lewis County",3,51,212,103,109
050,54,041,"West Virginia","Lewis County",3,52,231,113,118
050,54,041,"West Virginia","Lewis County",3,53,236,119,117
050,54,041,"West Virginia","Lewis County",3,54,219,118,101
050,54,041,"West Virginia","Lewis County",3,55,232,116,116
050,54,041,"West Virginia","Lewis County",3,56,237,120,117
050,54,041,"West Virginia","Lewis County",3,57,252,129,123
050,54,041,"West Virginia","Lewis County",3,58,244,122,122
050,54,041,"West Virginia","Lewis County",3,59,260,118,142
050,54,041,"West Virginia","Lewis County",3,60,248,121,127
050,54,041,"West Virginia","Lewis County",3,61,234,116,118
050,54,041,"West Virginia","Lewis County",3,62,238,118,120
050,54,041,"West Virginia","Lewis County",3,63,227,110,117
050,54,041,"West Virginia","Lewis County",3,64,236,119,117
050,54,041,"West Virginia","Lewis County",3,65,229,114,115
050,54,041,"West Virginia","Lewis County",3,66,220,106,114
050,54,041,"West Virginia","Lewis County",3,67,216,117,99
050,54,041,"West Virginia","Lewis County",3,68,225,123,102
050,54,041,"West Virginia","Lewis County",3,69,218,102,116
050,54,041,"West Virginia","Lewis County",3,70,208,91,117
050,54,041,"West Virginia","Lewis County",3,71,205,106,99
050,54,041,"West Virginia","Lewis County",3,72,205,107,98
050,54,041,"West Virginia","Lewis County",3,73,193,96,97
050,54,041,"West Virginia","Lewis County",3,74,194,88,106
050,54,041,"West Virginia","Lewis County",3,75,151,65,86
050,54,041,"West Virginia","Lewis County",3,76,143,70,73
050,54,041,"West Virginia","Lewis County",3,77,138,63,75
050,54,041,"West Virginia","Lewis County",3,78,135,64,71
050,54,041,"West Virginia","Lewis County",3,79,114,52,62
050,54,041,"West Virginia","Lewis County",3,80,96,41,55
050,54,041,"West Virginia","Lewis County",3,81,92,38,54
050,54,041,"West Virginia","Lewis County",3,82,84,35,49
050,54,041,"West Virginia","Lewis County",3,83,85,38,47
050,54,041,"West Virginia","Lewis County",3,84,60,25,35
050,54,041,"West Virginia","Lewis County",3,85,310,136,174
050,54,041,"West Virginia","Lewis County",4,0,154,82,72
050,54,041,"West Virginia","Lewis County",4,1,163,90,73
050,54,041,"West Virginia","Lewis County",4,2,180,89,91
050,54,041,"West Virginia","Lewis County",4,3,184,98,86
050,54,041,"West Virginia","Lewis County",4,4,170,87,83
050,54,041,"West Virginia","Lewis County",4,5,178,94,84
050,54,041,"West Virginia","Lewis County",4,6,181,100,81
050,54,041,"West Virginia","Lewis County",4,7,208,112,96
050,54,041,"West Virginia","Lewis County",4,8,224,113,111
050,54,041,"West Virginia","Lewis County",4,9,209,109,100
050,54,041,"West Virginia","Lewis County",4,10,202,97,105
050,54,041,"West Virginia","Lewis County",4,11,206,107,99
050,54,041,"West Virginia","Lewis County",4,12,200,104,96
050,54,041,"West Virginia","Lewis County",4,13,208,108,100
050,54,041,"West Virginia","Lewis County",4,14,232,123,109
050,54,041,"West Virginia","Lewis County",4,15,235,125,110
050,54,041,"West Virginia","Lewis County",4,16,243,126,117
050,54,041,"West Virginia","Lewis County",4,17,208,106,102
050,54,041,"West Virginia","Lewis County",4,18,168,88,80
050,54,041,"West Virginia","Lewis County",4,19,134,79,55
050,54,041,"West Virginia","Lewis County",4,20,146,72,74
050,54,041,"West Virginia","Lewis County",4,21,158,79,79
050,54,041,"West Virginia","Lewis County",4,22,177,90,87
050,54,041,"West Virginia","Lewis County",4,23,164,85,79
050,54,041,"West Virginia","Lewis County",4,24,169,85,84
050,54,041,"West Virginia","Lewis County",4,25,163,79,84
050,54,041,"West Virginia","Lewis County",4,26,184,90,94
050,54,041,"West Virginia","Lewis County",4,27,206,110,96
050,54,041,"West Virginia","Lewis County",4,28,221,116,105
050,54,041,"West Virginia","Lewis County",4,29,227,121,106
050,54,041,"West Virginia","Lewis County",4,30,218,116,102
050,54,041,"West Virginia","Lewis County",4,31,208,99,109
050,54,041,"West Virginia","Lewis County",4,32,193,99,94
050,54,041,"West Virginia","Lewis County",4,33,190,91,99
050,54,041,"West Virginia","Lewis County",4,34,177,89,88
050,54,041,"West Virginia","Lewis County",4,35,189,101,88
050,54,041,"West Virginia","Lewis County",4,36,183,91,92
050,54,041,"West Virginia","Lewis County",4,37,188,97,91
050,54,041,"West Virginia","Lewis County",4,38,179,94,85
050,54,041,"West Virginia","Lewis County",4,39,175,80,95
050,54,041,"West Virginia","Lewis County",4,40,209,96,113
050,54,041,"West Virginia","Lewis County",4,41,211,87,124
050,54,041,"West Virginia","Lewis County",4,42,207,103,104
050,54,041,"West Virginia","Lewis County",4,43,215,114,101
050,54,041,"West Virginia","Lewis County",4,44,207,109,98
050,54,041,"West Virginia","Lewis County",4,45,204,110,94
050,54,041,"West Virginia","Lewis County",4,46,195,106,89
050,54,041,"West Virginia","Lewis County",4,47,204,112,92
050,54,041,"West Virginia","Lewis County",4,48,196,102,94
050,54,041,"West Virginia","Lewis County",4,49,210,111,99
050,54,041,"West Virginia","Lewis County",4,50,226,106,120
050,54,041,"West Virginia","Lewis County",4,51,226,108,118
050,54,041,"West Virginia","Lewis County",4,52,214,106,108
050,54,041,"West Virginia","Lewis County",4,53,233,116,117
050,54,041,"West Virginia","Lewis County",4,54,236,119,117
050,54,041,"West Virginia","Lewis County",4,55,219,116,103
050,54,041,"West Virginia","Lewis County",4,56,225,118,107
050,54,041,"West Virginia","Lewis County",4,57,240,119,121
050,54,041,"West Virginia","Lewis County",4,58,249,127,122
050,54,041,"West Virginia","Lewis County",4,59,234,115,119
050,54,041,"West Virginia","Lewis County",4,60,262,117,145
050,54,041,"West Virginia","Lewis County",4,61,250,123,127
050,54,041,"West Virginia","Lewis County",4,62,234,116,118
050,54,041,"West Virginia","Lewis County",4,63,240,116,124
050,54,041,"West Virginia","Lewis County",4,64,219,105,114
050,54,041,"West Virginia","Lewis County",4,65,229,115,114
050,54,041,"West Virginia","Lewis County",4,66,224,107,117
050,54,041,"West Virginia","Lewis County",4,67,217,106,111
050,54,041,"West Virginia","Lewis County",4,68,210,115,95
050,54,041,"West Virginia","Lewis County",4,69,219,120,99
050,54,041,"West Virginia","Lewis County",4,70,203,94,109
050,54,041,"West Virginia","Lewis County",4,71,204,94,110
050,54,041,"West Virginia","Lewis County",4,72,194,98,96
050,54,041,"West Virginia","Lewis County",4,73,190,100,90
050,54,041,"West Virginia","Lewis County",4,74,177,90,87
050,54,041,"West Virginia","Lewis County",4,75,185,86,99
050,54,041,"West Virginia","Lewis County",4,76,143,60,83
050,54,041,"West Virginia","Lewis County",4,77,135,68,67
050,54,041,"West Virginia","Lewis County",4,78,125,57,68
050,54,041,"West Virginia","Lewis County",4,79,117,55,62
050,54,041,"West Virginia","Lewis County",4,80,111,50,61
050,54,041,"West Virginia","Lewis County",4,81,84,35,49
050,54,041,"West Virginia","Lewis County",4,82,87,34,53
050,54,041,"West Virginia","Lewis County",4,83,67,28,39
050,54,041,"West Virginia","Lewis County",4,84,79,33,46
050,54,041,"West Virginia","Lewis County",4,85,307,137,170
050,54,041,"West Virginia","Lewis County",5,0,154,81,73
050,54,041,"West Virginia","Lewis County",5,1,168,85,83
050,54,041,"West Virginia","Lewis County",5,2,165,92,73
050,54,041,"West Virginia","Lewis County",5,3,187,87,100
050,54,041,"West Virginia","Lewis County",5,4,191,99,92
050,54,041,"West Virginia","Lewis County",5,5,180,88,92
050,54,041,"West Virginia","Lewis County",5,6,177,89,88
050,54,041,"West Virginia","Lewis County",5,7,186,100,86
050,54,041,"West Virginia","Lewis County",5,8,199,107,92
050,54,041,"West Virginia","Lewis County",5,9,214,110,104
050,54,041,"West Virginia","Lewis County",5,10,209,107,102
050,54,041,"West Virginia","Lewis County",5,11,195,93,102
050,54,041,"West Virginia","Lewis County",5,12,203,105,98
050,54,041,"West Virginia","Lewis County",5,13,201,101,100
050,54,041,"West Virginia","Lewis County",5,14,205,109,96
050,54,041,"West Virginia","Lewis County",5,15,218,122,96
050,54,041,"West Virginia","Lewis County",5,16,232,121,111
050,54,041,"West Virginia","Lewis County",5,17,241,121,120
050,54,041,"West Virginia","Lewis County",5,18,181,96,85
050,54,041,"West Virginia","Lewis County",5,19,130,70,60
050,54,041,"West Virginia","Lewis County",5,20,144,82,62
050,54,041,"West Virginia","Lewis County",5,21,159,79,80
050,54,041,"West Virginia","Lewis County",5,22,167,84,83
050,54,041,"West Virginia","Lewis County",5,23,195,98,97
050,54,041,"West Virginia","Lewis County",5,24,168,90,78
050,54,041,"West Virginia","Lewis County",5,25,165,84,81
050,54,041,"West Virginia","Lewis County",5,26,178,86,92
050,54,041,"West Virginia","Lewis County",5,27,178,90,88
050,54,041,"West Virginia","Lewis County",5,28,197,105,92
050,54,041,"West Virginia","Lewis County",5,29,222,116,106
050,54,041,"West Virginia","Lewis County",5,30,230,118,112
050,54,041,"West Virginia","Lewis County",5,31,221,116,105
050,54,041,"West Virginia","Lewis County",5,32,208,100,108
050,54,041,"West Virginia","Lewis County",5,33,189,100,89
050,54,041,"West Virginia","Lewis County",5,34,192,92,100
050,54,041,"West Virginia","Lewis County",5,35,170,82,88
050,54,041,"West Virginia","Lewis County",5,36,187,102,85
050,54,041,"West Virginia","Lewis County",5,37,182,87,95
050,54,041,"West Virginia","Lewis County",5,38,190,102,88
050,54,041,"West Virginia","Lewis County",5,39,178,89,89
050,54,041,"West Virginia","Lewis County",5,40,166,80,86
050,54,041,"West Virginia","Lewis County",5,41,205,91,114
050,54,041,"West Virginia","Lewis County",5,42,209,87,122
050,54,041,"West Virginia","Lewis County",5,43,204,102,102
050,54,041,"West Virginia","Lewis County",5,44,219,120,99
050,54,041,"West Virginia","Lewis County",5,45,207,108,99
050,54,041,"West Virginia","Lewis County",5,46,202,108,94
050,54,041,"West Virginia","Lewis County",5,47,201,106,95
050,54,041,"West Virginia","Lewis County",5,48,204,111,93
050,54,041,"West Virginia","Lewis County",5,49,195,103,92
050,54,041,"West Virginia","Lewis County",5,50,215,112,103
050,54,041,"West Virginia","Lewis County",5,51,230,109,121
050,54,041,"West Virginia","Lewis County",5,52,234,113,121
050,54,041,"West Virginia","Lewis County",5,53,205,101,104
050,54,041,"West Virginia","Lewis County",5,54,226,112,114
050,54,041,"West Virginia","Lewis County",5,55,236,119,117
050,54,041,"West Virginia","Lewis County",5,56,219,114,105
050,54,041,"West Virginia","Lewis County",5,57,221,118,103
050,54,041,"West Virginia","Lewis County",5,58,232,115,117
050,54,041,"West Virginia","Lewis County",5,59,246,120,126
050,54,041,"West Virginia","Lewis County",5,60,237,116,121
050,54,041,"West Virginia","Lewis County",5,61,253,115,138
050,54,041,"West Virginia","Lewis County",5,62,245,124,121
050,54,041,"West Virginia","Lewis County",5,63,230,114,116
050,54,041,"West Virginia","Lewis County",5,64,232,109,123
050,54,041,"West Virginia","Lewis County",5,65,210,99,111
050,54,041,"West Virginia","Lewis County",5,66,214,106,108
050,54,041,"West Virginia","Lewis County",5,67,216,105,111
050,54,041,"West Virginia","Lewis County",5,68,208,102,106
050,54,041,"West Virginia","Lewis County",5,69,207,112,95
050,54,041,"West Virginia","Lewis County",5,70,210,115,95
050,54,041,"West Virginia","Lewis County",5,71,198,94,104
050,54,041,"West Virginia","Lewis County",5,72,194,89,105
050,54,041,"West Virginia","Lewis County",5,73,181,92,89
050,54,041,"West Virginia","Lewis County",5,74,178,96,82
050,54,041,"West Virginia","Lewis County",5,75,166,87,79
050,54,041,"West Virginia","Lewis County",5,76,176,81,95
050,54,041,"West Virginia","Lewis County",5,77,133,56,77
050,54,041,"West Virginia","Lewis County",5,78,125,66,59
050,54,041,"West Virginia","Lewis County",5,79,111,53,58
050,54,041,"West Virginia","Lewis County",5,80,111,52,59
050,54,041,"West Virginia","Lewis County",5,81,98,42,56
050,54,041,"West Virginia","Lewis County",5,82,79,29,50
050,54,041,"West Virginia","Lewis County",5,83,73,29,44
050,54,041,"West Virginia","Lewis County",5,84,56,21,35
050,54,041,"West Virginia","Lewis County",5,85,327,144,183
050,54,043,"West Virginia","Lincoln County",1,0,218,112,106
050,54,043,"West Virginia","Lincoln County",1,1,238,123,115
050,54,043,"West Virginia","Lincoln County",1,2,230,119,111
050,54,043,"West Virginia","Lincoln County",1,3,239,128,111
050,54,043,"West Virginia","Lincoln County",1,4,229,111,118
050,54,043,"West Virginia","Lincoln County",1,5,229,105,124
050,54,043,"West Virginia","Lincoln County",1,6,277,133,144
050,54,043,"West Virginia","Lincoln County",1,7,265,117,148
050,54,043,"West Virginia","Lincoln County",1,8,234,114,120
050,54,043,"West Virginia","Lincoln County",1,9,269,135,134
050,54,043,"West Virginia","Lincoln County",1,10,253,129,124
050,54,043,"West Virginia","Lincoln County",1,11,261,132,129
050,54,043,"West Virginia","Lincoln County",1,12,278,156,122
050,54,043,"West Virginia","Lincoln County",1,13,277,154,123
050,54,043,"West Virginia","Lincoln County",1,14,278,141,137
050,54,043,"West Virginia","Lincoln County",1,15,273,145,128
050,54,043,"West Virginia","Lincoln County",1,16,278,145,133
050,54,043,"West Virginia","Lincoln County",1,17,275,141,134
050,54,043,"West Virginia","Lincoln County",1,18,212,116,96
050,54,043,"West Virginia","Lincoln County",1,19,159,83,76
050,54,043,"West Virginia","Lincoln County",1,20,186,106,80
050,54,043,"West Virginia","Lincoln County",1,21,195,106,89
050,54,043,"West Virginia","Lincoln County",1,22,214,109,105
050,54,043,"West Virginia","Lincoln County",1,23,199,96,103
050,54,043,"West Virginia","Lincoln County",1,24,214,104,110
050,54,043,"West Virginia","Lincoln County",1,25,200,101,99
050,54,043,"West Virginia","Lincoln County",1,26,202,100,102
050,54,043,"West Virginia","Lincoln County",1,27,244,128,116
050,54,043,"West Virginia","Lincoln County",1,28,235,108,127
050,54,043,"West Virginia","Lincoln County",1,29,214,97,117
050,54,043,"West Virginia","Lincoln County",1,30,228,112,116
050,54,043,"West Virginia","Lincoln County",1,31,204,96,108
050,54,043,"West Virginia","Lincoln County",1,32,190,104,86
050,54,043,"West Virginia","Lincoln County",1,33,198,111,87
050,54,043,"West Virginia","Lincoln County",1,34,198,97,101
050,54,043,"West Virginia","Lincoln County",1,35,203,96,107
050,54,043,"West Virginia","Lincoln County",1,36,208,98,110
050,54,043,"West Virginia","Lincoln County",1,37,253,124,129
050,54,043,"West Virginia","Lincoln County",1,38,241,112,129
050,54,043,"West Virginia","Lincoln County",1,39,242,124,118
050,54,043,"West Virginia","Lincoln County",1,40,263,139,124
050,54,043,"West Virginia","Lincoln County",1,41,250,123,127
050,54,043,"West Virginia","Lincoln County",1,42,275,129,146
050,54,043,"West Virginia","Lincoln County",1,43,265,132,133
050,54,043,"West Virginia","Lincoln County",1,44,249,131,118
050,54,043,"West Virginia","Lincoln County",1,45,280,142,138
050,54,043,"West Virginia","Lincoln County",1,46,255,131,124
050,54,043,"West Virginia","Lincoln County",1,47,254,121,133
050,54,043,"West Virginia","Lincoln County",1,48,266,128,138
050,54,043,"West Virginia","Lincoln County",1,49,308,166,142
050,54,043,"West Virginia","Lincoln County",1,50,299,161,138
050,54,043,"West Virginia","Lincoln County",1,51,292,146,146
050,54,043,"West Virginia","Lincoln County",1,52,289,146,143
050,54,043,"West Virginia","Lincoln County",1,53,287,150,137
050,54,043,"West Virginia","Lincoln County",1,54,274,143,131
050,54,043,"West Virginia","Lincoln County",1,55,306,160,146
050,54,043,"West Virginia","Lincoln County",1,56,299,147,152
050,54,043,"West Virginia","Lincoln County",1,57,299,150,149
050,54,043,"West Virginia","Lincoln County",1,58,294,150,144
050,54,043,"West Virginia","Lincoln County",1,59,282,140,142
050,54,043,"West Virginia","Lincoln County",1,60,289,138,151
050,54,043,"West Virginia","Lincoln County",1,61,307,148,159
050,54,043,"West Virginia","Lincoln County",1,62,341,182,159
050,54,043,"West Virginia","Lincoln County",1,63,323,160,163
050,54,043,"West Virginia","Lincoln County",1,64,299,138,161
050,54,043,"West Virginia","Lincoln County",1,65,300,152,148
050,54,043,"West Virginia","Lincoln County",1,66,280,133,147
050,54,043,"West Virginia","Lincoln County",1,67,259,102,157
050,54,043,"West Virginia","Lincoln County",1,68,261,117,144
050,54,043,"West Virginia","Lincoln County",1,69,256,134,122
050,54,043,"West Virginia","Lincoln County",1,70,266,128,138
050,54,043,"West Virginia","Lincoln County",1,71,259,129,130
050,54,043,"West Virginia","Lincoln County",1,72,233,117,116
050,54,043,"West Virginia","Lincoln County",1,73,226,119,107
050,54,043,"West Virginia","Lincoln County",1,74,162,81,81
050,54,043,"West Virginia","Lincoln County",1,75,169,79,90
050,54,043,"West Virginia","Lincoln County",1,76,155,77,78
050,54,043,"West Virginia","Lincoln County",1,77,153,68,85
050,54,043,"West Virginia","Lincoln County",1,78,144,68,76
050,54,043,"West Virginia","Lincoln County",1,79,136,72,64
050,54,043,"West Virginia","Lincoln County",1,80,103,47,56
050,54,043,"West Virginia","Lincoln County",1,81,107,52,55
050,54,043,"West Virginia","Lincoln County",1,82,104,42,62
050,54,043,"West Virginia","Lincoln County",1,83,93,45,48
050,54,043,"West Virginia","Lincoln County",1,84,68,31,37
050,54,043,"West Virginia","Lincoln County",1,85,337,133,204
050,54,043,"West Virginia","Lincoln County",2,0,223,112,111
050,54,043,"West Virginia","Lincoln County",2,1,233,121,112
050,54,043,"West Virginia","Lincoln County",2,2,234,122,112
050,54,043,"West Virginia","Lincoln County",2,3,233,123,110
050,54,043,"West Virginia","Lincoln County",2,4,228,113,115
050,54,043,"West Virginia","Lincoln County",2,5,230,106,124
050,54,043,"West Virginia","Lincoln County",2,6,266,125,141
050,54,043,"West Virginia","Lincoln County",2,7,264,119,145
050,54,043,"West Virginia","Lincoln County",2,8,237,112,125
050,54,043,"West Virginia","Lincoln County",2,9,258,129,129
050,54,043,"West Virginia","Lincoln County",2,10,256,129,127
050,54,043,"West Virginia","Lincoln County",2,11,254,130,124
050,54,043,"West Virginia","Lincoln County",2,12,274,151,123
050,54,043,"West Virginia","Lincoln County",2,13,274,153,121
050,54,043,"West Virginia","Lincoln County",2,14,277,144,133
050,54,043,"West Virginia","Lincoln County",2,15,274,144,130
050,54,043,"West Virginia","Lincoln County",2,16,277,146,131
050,54,043,"West Virginia","Lincoln County",2,17,274,141,133
050,54,043,"West Virginia","Lincoln County",2,18,214,116,98
050,54,043,"West Virginia","Lincoln County",2,19,161,85,76
050,54,043,"West Virginia","Lincoln County",2,20,185,103,82
050,54,043,"West Virginia","Lincoln County",2,21,196,109,87
050,54,043,"West Virginia","Lincoln County",2,22,213,109,104
050,54,043,"West Virginia","Lincoln County",2,23,204,99,105
050,54,043,"West Virginia","Lincoln County",2,24,207,100,107
050,54,043,"West Virginia","Lincoln County",2,25,202,100,102
050,54,043,"West Virginia","Lincoln County",2,26,204,103,101
050,54,043,"West Virginia","Lincoln County",2,27,233,121,112
050,54,043,"West Virginia","Lincoln County",2,28,234,111,123
050,54,043,"West Virginia","Lincoln County",2,29,220,101,119
050,54,043,"West Virginia","Lincoln County",2,30,225,109,116
050,54,043,"West Virginia","Lincoln County",2,31,208,99,109
050,54,043,"West Virginia","Lincoln County",2,32,193,102,91
050,54,043,"West Virginia","Lincoln County",2,33,195,110,85
050,54,043,"West Virginia","Lincoln County",2,34,195,99,96
050,54,043,"West Virginia","Lincoln County",2,35,200,94,106
050,54,043,"West Virginia","Lincoln County",2,36,205,97,108
050,54,043,"West Virginia","Lincoln County",2,37,243,119,124
050,54,043,"West Virginia","Lincoln County",2,38,244,116,128
050,54,043,"West Virginia","Lincoln County",2,39,240,120,120
050,54,043,"West Virginia","Lincoln County",2,40,257,134,123
050,54,043,"West Virginia","Lincoln County",2,41,251,126,125
050,54,043,"West Virginia","Lincoln County",2,42,267,128,139
050,54,043,"West Virginia","Lincoln County",2,43,269,133,136
050,54,043,"West Virginia","Lincoln County",2,44,251,131,120
050,54,043,"West Virginia","Lincoln County",2,45,274,140,134
050,54,043,"West Virginia","Lincoln County",2,46,261,134,127
050,54,043,"West Virginia","Lincoln County",2,47,253,123,130
050,54,043,"West Virginia","Lincoln County",2,48,262,126,136
050,54,043,"West Virginia","Lincoln County",2,49,297,156,141
050,54,043,"West Virginia","Lincoln County",2,50,302,163,139
050,54,043,"West Virginia","Lincoln County",2,51,290,148,142
050,54,043,"West Virginia","Lincoln County",2,52,285,143,142
050,54,043,"West Virginia","Lincoln County",2,53,284,147,137
050,54,043,"West Virginia","Lincoln County",2,54,275,144,131
050,54,043,"West Virginia","Lincoln County",2,55,294,155,139
050,54,043,"West Virginia","Lincoln County",2,56,298,149,149
050,54,043,"West Virginia","Lincoln County",2,57,299,150,149
050,54,043,"West Virginia","Lincoln County",2,58,292,147,145
050,54,043,"West Virginia","Lincoln County",2,59,285,142,143
050,54,043,"West Virginia","Lincoln County",2,60,285,138,147
050,54,043,"West Virginia","Lincoln County",2,61,301,145,156
050,54,043,"West Virginia","Lincoln County",2,62,328,171,157
050,54,043,"West Virginia","Lincoln County",2,63,330,168,162
050,54,043,"West Virginia","Lincoln County",2,64,300,140,160
050,54,043,"West Virginia","Lincoln County",2,65,298,148,150
050,54,043,"West Virginia","Lincoln County",2,66,283,136,147
050,54,043,"West Virginia","Lincoln County",2,67,264,109,155
050,54,043,"West Virginia","Lincoln County",2,68,255,110,145
050,54,043,"West Virginia","Lincoln County",2,69,259,130,129
050,54,043,"West Virginia","Lincoln County",2,70,261,128,133
050,54,043,"West Virginia","Lincoln County",2,71,260,127,133
050,54,043,"West Virginia","Lincoln County",2,72,234,117,117
050,54,043,"West Virginia","Lincoln County",2,73,240,125,115
050,54,043,"West Virginia","Lincoln County",2,74,163,83,80
050,54,043,"West Virginia","Lincoln County",2,75,164,77,87
050,54,043,"West Virginia","Lincoln County",2,76,155,75,80
050,54,043,"West Virginia","Lincoln County",2,77,158,72,86
050,54,043,"West Virginia","Lincoln County",2,78,142,65,77
050,54,043,"West Virginia","Lincoln County",2,79,135,69,66
050,54,043,"West Virginia","Lincoln County",2,80,108,52,56
050,54,043,"West Virginia","Lincoln County",2,81,104,48,56
050,54,043,"West Virginia","Lincoln County",2,82,105,44,61
050,54,043,"West Virginia","Lincoln County",2,83,94,44,50
050,54,043,"West Virginia","Lincoln County",2,84,70,31,39
050,54,043,"West Virginia","Lincoln County",2,85,334,132,202
050,54,043,"West Virginia","Lincoln County",3,0,180,93,87
050,54,043,"West Virginia","Lincoln County",3,1,228,112,116
050,54,043,"West Virginia","Lincoln County",3,2,227,116,111
050,54,043,"West Virginia","Lincoln County",3,3,238,125,113
050,54,043,"West Virginia","Lincoln County",3,4,230,124,106
050,54,043,"West Virginia","Lincoln County",3,5,233,117,116
050,54,043,"West Virginia","Lincoln County",3,6,229,104,125
050,54,043,"West Virginia","Lincoln County",3,7,260,118,142
050,54,043,"West Virginia","Lincoln County",3,8,256,119,137
050,54,043,"West Virginia","Lincoln County",3,9,239,113,126
050,54,043,"West Virginia","Lincoln County",3,10,264,138,126
050,54,043,"West Virginia","Lincoln County",3,11,253,126,127
050,54,043,"West Virginia","Lincoln County",3,12,256,134,122
050,54,043,"West Virginia","Lincoln County",3,13,276,154,122
050,54,043,"West Virginia","Lincoln County",3,14,272,157,115
050,54,043,"West Virginia","Lincoln County",3,15,283,150,133
050,54,043,"West Virginia","Lincoln County",3,16,277,142,135
050,54,043,"West Virginia","Lincoln County",3,17,273,148,125
050,54,043,"West Virginia","Lincoln County",3,18,229,124,105
050,54,043,"West Virginia","Lincoln County",3,19,171,91,80
050,54,043,"West Virginia","Lincoln County",3,20,169,88,81
050,54,043,"West Virginia","Lincoln County",3,21,197,101,96
050,54,043,"West Virginia","Lincoln County",3,22,217,119,98
050,54,043,"West Virginia","Lincoln County",3,23,209,103,106
050,54,043,"West Virginia","Lincoln County",3,24,213,111,102
050,54,043,"West Virginia","Lincoln County",3,25,214,106,108
050,54,043,"West Virginia","Lincoln County",3,26,212,102,110
050,54,043,"West Virginia","Lincoln County",3,27,213,113,100
050,54,043,"West Virginia","Lincoln County",3,28,243,126,117
050,54,043,"West Virginia","Lincoln County",3,29,237,110,127
050,54,043,"West Virginia","Lincoln County",3,30,224,99,125
050,54,043,"West Virginia","Lincoln County",3,31,221,112,109
050,54,043,"West Virginia","Lincoln County",3,32,206,96,110
050,54,043,"West Virginia","Lincoln County",3,33,196,97,99
050,54,043,"West Virginia","Lincoln County",3,34,194,109,85
050,54,043,"West Virginia","Lincoln County",3,35,185,88,97
050,54,043,"West Virginia","Lincoln County",3,36,194,88,106
050,54,043,"West Virginia","Lincoln County",3,37,193,96,97
050,54,043,"West Virginia","Lincoln County",3,38,242,115,127
050,54,043,"West Virginia","Lincoln County",3,39,247,116,131
050,54,043,"West Virginia","Lincoln County",3,40,239,120,119
050,54,043,"West Virginia","Lincoln County",3,41,249,128,121
050,54,043,"West Virginia","Lincoln County",3,42,239,122,117
050,54,043,"West Virginia","Lincoln County",3,43,266,130,136
050,54,043,"West Virginia","Lincoln County",3,44,271,133,138
050,54,043,"West Virginia","Lincoln County",3,45,253,133,120
050,54,043,"West Virginia","Lincoln County",3,46,267,134,133
050,54,043,"West Virginia","Lincoln County",3,47,255,131,124
050,54,043,"West Virginia","Lincoln County",3,48,254,124,130
050,54,043,"West Virginia","Lincoln County",3,49,249,120,129
050,54,043,"West Virginia","Lincoln County",3,50,287,147,140
050,54,043,"West Virginia","Lincoln County",3,51,301,160,141
050,54,043,"West Virginia","Lincoln County",3,52,292,147,145
050,54,043,"West Virginia","Lincoln County",3,53,280,141,139
050,54,043,"West Virginia","Lincoln County",3,54,285,148,137
050,54,043,"West Virginia","Lincoln County",3,55,275,144,131
050,54,043,"West Virginia","Lincoln County",3,56,294,155,139
050,54,043,"West Virginia","Lincoln County",3,57,296,145,151
050,54,043,"West Virginia","Lincoln County",3,58,297,150,147
050,54,043,"West Virginia","Lincoln County",3,59,287,142,145
050,54,043,"West Virginia","Lincoln County",3,60,280,140,140
050,54,043,"West Virginia","Lincoln County",3,61,275,136,139
050,54,043,"West Virginia","Lincoln County",3,62,290,140,150
050,54,043,"West Virginia","Lincoln County",3,63,316,165,151
050,54,043,"West Virginia","Lincoln County",3,64,322,168,154
050,54,043,"West Virginia","Lincoln County",3,65,299,139,160
050,54,043,"West Virginia","Lincoln County",3,66,293,146,147
050,54,043,"West Virginia","Lincoln County",3,67,275,128,147
050,54,043,"West Virginia","Lincoln County",3,68,262,108,154
050,54,043,"West Virginia","Lincoln County",3,69,240,104,136
050,54,043,"West Virginia","Lincoln County",3,70,252,126,126
050,54,043,"West Virginia","Lincoln County",3,71,252,125,127
050,54,043,"West Virginia","Lincoln County",3,72,250,120,130
050,54,043,"West Virginia","Lincoln County",3,73,224,110,114
050,54,043,"West Virginia","Lincoln County",3,74,233,125,108
050,54,043,"West Virginia","Lincoln County",3,75,152,77,75
050,54,043,"West Virginia","Lincoln County",3,76,161,76,85
050,54,043,"West Virginia","Lincoln County",3,77,152,75,77
050,54,043,"West Virginia","Lincoln County",3,78,152,68,84
050,54,043,"West Virginia","Lincoln County",3,79,136,63,73
050,54,043,"West Virginia","Lincoln County",3,80,122,63,59
050,54,043,"West Virginia","Lincoln County",3,81,101,46,55
050,54,043,"West Virginia","Lincoln County",3,82,91,42,49
050,54,043,"West Virginia","Lincoln County",3,83,93,43,50
050,54,043,"West Virginia","Lincoln County",3,84,87,39,48
050,54,043,"West Virginia","Lincoln County",3,85,342,132,210
050,54,043,"West Virginia","Lincoln County",4,0,192,99,93
050,54,043,"West Virginia","Lincoln County",4,1,165,87,78
050,54,043,"West Virginia","Lincoln County",4,2,221,111,110
050,54,043,"West Virginia","Lincoln County",4,3,220,113,107
050,54,043,"West Virginia","Lincoln County",4,4,235,122,113
050,54,043,"West Virginia","Lincoln County",4,5,235,120,115
050,54,043,"West Virginia","Lincoln County",4,6,226,118,108
050,54,043,"West Virginia","Lincoln County",4,7,232,104,128
050,54,043,"West Virginia","Lincoln County",4,8,254,122,132
050,54,043,"West Virginia","Lincoln County",4,9,247,117,130
050,54,043,"West Virginia","Lincoln County",4,10,233,111,122
050,54,043,"West Virginia","Lincoln County",4,11,269,139,130
050,54,043,"West Virginia","Lincoln County",4,12,252,126,126
050,54,043,"West Virginia","Lincoln County",4,13,259,136,123
050,54,043,"West Virginia","Lincoln County",4,14,284,157,127
050,54,043,"West Virginia","Lincoln County",4,15,281,158,123
050,54,043,"West Virginia","Lincoln County",4,16,278,148,130
050,54,043,"West Virginia","Lincoln County",4,17,272,140,132
050,54,043,"West Virginia","Lincoln County",4,18,230,130,100
050,54,043,"West Virginia","Lincoln County",4,19,172,93,79
050,54,043,"West Virginia","Lincoln County",4,20,183,94,89
050,54,043,"West Virginia","Lincoln County",4,21,183,94,89
050,54,043,"West Virginia","Lincoln County",4,22,213,107,106
050,54,043,"West Virginia","Lincoln County",4,23,217,120,97
050,54,043,"West Virginia","Lincoln County",4,24,207,101,106
050,54,043,"West Virginia","Lincoln County",4,25,208,111,97
050,54,043,"West Virginia","Lincoln County",4,26,218,111,107
050,54,043,"West Virginia","Lincoln County",4,27,228,119,109
050,54,043,"West Virginia","Lincoln County",4,28,208,116,92
050,54,043,"West Virginia","Lincoln County",4,29,229,120,109
050,54,043,"West Virginia","Lincoln County",4,30,234,104,130
050,54,043,"West Virginia","Lincoln County",4,31,229,102,127
050,54,043,"West Virginia","Lincoln County",4,32,202,107,95
050,54,043,"West Virginia","Lincoln County",4,33,203,96,107
050,54,043,"West Virginia","Lincoln County",4,34,196,96,100
050,54,043,"West Virginia","Lincoln County",4,35,200,109,91
050,54,043,"West Virginia","Lincoln County",4,36,183,87,96
050,54,043,"West Virginia","Lincoln County",4,37,198,89,109
050,54,043,"West Virginia","Lincoln County",4,38,193,95,98
050,54,043,"West Virginia","Lincoln County",4,39,234,113,121
050,54,043,"West Virginia","Lincoln County",4,40,246,116,130
050,54,043,"West Virginia","Lincoln County",4,41,233,115,118
050,54,043,"West Virginia","Lincoln County",4,42,239,121,118
050,54,043,"West Virginia","Lincoln County",4,43,241,121,120
050,54,043,"West Virginia","Lincoln County",4,44,257,124,133
050,54,043,"West Virginia","Lincoln County",4,45,263,127,136
050,54,043,"West Virginia","Lincoln County",4,46,249,129,120
050,54,043,"West Virginia","Lincoln County",4,47,262,131,131
050,54,043,"West Virginia","Lincoln County",4,48,260,133,127
050,54,043,"West Virginia","Lincoln County",4,49,251,123,128
050,54,043,"West Virginia","Lincoln County",4,50,250,122,128
050,54,043,"West Virginia","Lincoln County",4,51,284,146,138
050,54,043,"West Virginia","Lincoln County",4,52,292,157,135
050,54,043,"West Virginia","Lincoln County",4,53,281,141,140
050,54,043,"West Virginia","Lincoln County",4,54,280,138,142
050,54,043,"West Virginia","Lincoln County",4,55,278,143,135
050,54,043,"West Virginia","Lincoln County",4,56,277,146,131
050,54,043,"West Virginia","Lincoln County",4,57,284,148,136
050,54,043,"West Virginia","Lincoln County",4,58,289,142,147
050,54,043,"West Virginia","Lincoln County",4,59,292,146,146
050,54,043,"West Virginia","Lincoln County",4,60,277,136,141
050,54,043,"West Virginia","Lincoln County",4,61,274,138,136
050,54,043,"West Virginia","Lincoln County",4,62,272,133,139
050,54,043,"West Virginia","Lincoln County",4,63,284,139,145
050,54,043,"West Virginia","Lincoln County",4,64,311,166,145
050,54,043,"West Virginia","Lincoln County",4,65,324,173,151
050,54,043,"West Virginia","Lincoln County",4,66,301,143,158
050,54,043,"West Virginia","Lincoln County",4,67,290,141,149
050,54,043,"West Virginia","Lincoln County",4,68,266,124,142
050,54,043,"West Virginia","Lincoln County",4,69,254,105,149
050,54,043,"West Virginia","Lincoln County",4,70,223,96,127
050,54,043,"West Virginia","Lincoln County",4,71,242,120,122
050,54,043,"West Virginia","Lincoln County",4,72,234,114,120
050,54,043,"West Virginia","Lincoln County",4,73,238,116,122
050,54,043,"West Virginia","Lincoln County",4,74,211,103,108
050,54,043,"West Virginia","Lincoln County",4,75,219,115,104
050,54,043,"West Virginia","Lincoln County",4,76,144,75,69
050,54,043,"West Virginia","Lincoln County",4,77,146,73,73
050,54,043,"West Virginia","Lincoln County",4,78,143,68,75
050,54,043,"West Virginia","Lincoln County",4,79,137,60,77
050,54,043,"West Virginia","Lincoln County",4,80,120,58,62
050,54,043,"West Virginia","Lincoln County",4,81,113,61,52
050,54,043,"West Virginia","Lincoln County",4,82,92,43,49
050,54,043,"West Virginia","Lincoln County",4,83,78,37,41
050,54,043,"West Virginia","Lincoln County",4,84,77,36,41
050,54,043,"West Virginia","Lincoln County",4,85,350,139,211
050,54,043,"West Virginia","Lincoln County",5,0,192,99,93
050,54,043,"West Virginia","Lincoln County",5,1,197,97,100
050,54,043,"West Virginia","Lincoln County",5,2,167,87,80
050,54,043,"West Virginia","Lincoln County",5,3,222,113,109
050,54,043,"West Virginia","Lincoln County",5,4,219,106,113
050,54,043,"West Virginia","Lincoln County",5,5,236,115,121
050,54,043,"West Virginia","Lincoln County",5,6,230,117,113
050,54,043,"West Virginia","Lincoln County",5,7,229,119,110
050,54,043,"West Virginia","Lincoln County",5,8,229,109,120
050,54,043,"West Virginia","Lincoln County",5,9,259,130,129
050,54,043,"West Virginia","Lincoln County",5,10,255,122,133
050,54,043,"West Virginia","Lincoln County",5,11,240,113,127
050,54,043,"West Virginia","Lincoln County",5,12,265,135,130
050,54,043,"West Virginia","Lincoln County",5,13,250,120,130
050,54,043,"West Virginia","Lincoln County",5,14,263,136,127
050,54,043,"West Virginia","Lincoln County",5,15,296,162,134
050,54,043,"West Virginia","Lincoln County",5,16,282,154,128
050,54,043,"West Virginia","Lincoln County",5,17,277,147,130
050,54,043,"West Virginia","Lincoln County",5,18,228,126,102
050,54,043,"West Virginia","Lincoln County",5,19,178,101,77
050,54,043,"West Virginia","Lincoln County",5,20,191,97,94
050,54,043,"West Virginia","Lincoln County",5,21,197,99,98
050,54,043,"West Virginia","Lincoln County",5,22,197,100,97
050,54,043,"West Virginia","Lincoln County",5,23,211,109,102
050,54,043,"West Virginia","Lincoln County",5,24,234,133,101
050,54,043,"West Virginia","Lincoln County",5,25,207,100,107
050,54,043,"West Virginia","Lincoln County",5,26,204,106,98
050,54,043,"West Virginia","Lincoln County",5,27,222,119,103
050,54,043,"West Virginia","Lincoln County",5,28,233,115,118
050,54,043,"West Virginia","Lincoln County",5,29,200,109,91
050,54,043,"West Virginia","Lincoln County",5,30,222,111,111
050,54,043,"West Virginia","Lincoln County",5,31,228,106,122
050,54,043,"West Virginia","Lincoln County",5,32,233,107,126
050,54,043,"West Virginia","Lincoln County",5,33,207,111,96
050,54,043,"West Virginia","Lincoln County",5,34,196,96,100
050,54,043,"West Virginia","Lincoln County",5,35,181,89,92
050,54,043,"West Virginia","Lincoln County",5,36,202,110,92
050,54,043,"West Virginia","Lincoln County",5,37,182,85,97
050,54,043,"West Virginia","Lincoln County",5,38,193,83,110
050,54,043,"West Virginia","Lincoln County",5,39,206,105,101
050,54,043,"West Virginia","Lincoln County",5,40,230,111,119
050,54,043,"West Virginia","Lincoln County",5,41,246,114,132
050,54,043,"West Virginia","Lincoln County",5,42,237,118,119
050,54,043,"West Virginia","Lincoln County",5,43,236,120,116
050,54,043,"West Virginia","Lincoln County",5,44,246,123,123
050,54,043,"West Virginia","Lincoln County",5,45,249,119,130
050,54,043,"West Virginia","Lincoln County",5,46,259,119,140
050,54,043,"West Virginia","Lincoln County",5,47,243,123,120
050,54,043,"West Virginia","Lincoln County",5,48,263,132,131
050,54,043,"West Virginia","Lincoln County",5,49,261,135,126
050,54,043,"West Virginia","Lincoln County",5,50,249,124,125
050,54,043,"West Virginia","Lincoln County",5,51,245,119,126
050,54,043,"West Virginia","Lincoln County",5,52,285,147,138
050,54,043,"West Virginia","Lincoln County",5,53,293,156,137
050,54,043,"West Virginia","Lincoln County",5,54,284,141,143
050,54,043,"West Virginia","Lincoln County",5,55,281,137,144
050,54,043,"West Virginia","Lincoln County",5,56,276,142,134
050,54,043,"West Virginia","Lincoln County",5,57,273,145,128
050,54,043,"West Virginia","Lincoln County",5,58,278,147,131
050,54,043,"West Virginia","Lincoln County",5,59,278,139,139
050,54,043,"West Virginia","Lincoln County",5,60,280,140,140
050,54,043,"West Virginia","Lincoln County",5,61,276,136,140
050,54,043,"West Virginia","Lincoln County",5,62,273,141,132
050,54,043,"West Virginia","Lincoln County",5,63,262,128,134
050,54,043,"West Virginia","Lincoln County",5,64,272,134,138
050,54,043,"West Virginia","Lincoln County",5,65,304,165,139
050,54,043,"West Virginia","Lincoln County",5,66,318,170,148
050,54,043,"West Virginia","Lincoln County",5,67,300,144,156
050,54,043,"West Virginia","Lincoln County",5,68,288,140,148
050,54,043,"West Virginia","Lincoln County",5,69,256,119,137
050,54,043,"West Virginia","Lincoln County",5,70,247,101,146
050,54,043,"West Virginia","Lincoln County",5,71,211,87,124
050,54,043,"West Virginia","Lincoln County",5,72,231,109,122
050,54,043,"West Virginia","Lincoln County",5,73,224,109,115
050,54,043,"West Virginia","Lincoln County",5,74,227,112,115
050,54,043,"West Virginia","Lincoln County",5,75,193,92,101
050,54,043,"West Virginia","Lincoln County",5,76,212,113,99
050,54,043,"West Virginia","Lincoln County",5,77,137,74,63
050,54,043,"West Virginia","Lincoln County",5,78,140,68,72
050,54,043,"West Virginia","Lincoln County",5,79,130,62,68
050,54,043,"West Virginia","Lincoln County",5,80,119,55,64
050,54,043,"West Virginia","Lincoln County",5,81,113,54,59
050,54,043,"West Virginia","Lincoln County",5,82,106,58,48
050,54,043,"West Virginia","Lincoln County",5,83,83,40,43
050,54,043,"West Virginia","Lincoln County",5,84,66,30,36
050,54,043,"West Virginia","Lincoln County",5,85,361,148,213
050,54,045,"West Virginia","Logan County",1,0,321,164,157
050,54,045,"West Virginia","Logan County",1,1,325,156,169
050,54,045,"West Virginia","Logan County",1,2,353,169,184
050,54,045,"West Virginia","Logan County",1,3,356,171,185
050,54,045,"West Virginia","Logan County",1,4,340,172,168
050,54,045,"West Virginia","Logan County",1,5,367,176,191
050,54,045,"West Virginia","Logan County",1,6,381,195,186
050,54,045,"West Virginia","Logan County",1,7,394,201,193
050,54,045,"West Virginia","Logan County",1,8,380,200,180
050,54,045,"West Virginia","Logan County",1,9,399,215,184
050,54,045,"West Virginia","Logan County",1,10,386,204,182
050,54,045,"West Virginia","Logan County",1,11,369,189,180
050,54,045,"West Virginia","Logan County",1,12,396,199,197
050,54,045,"West Virginia","Logan County",1,13,396,208,188
050,54,045,"West Virginia","Logan County",1,14,380,197,183
050,54,045,"West Virginia","Logan County",1,15,392,204,188
050,54,045,"West Virginia","Logan County",1,16,404,204,200
050,54,045,"West Virginia","Logan County",1,17,427,219,208
050,54,045,"West Virginia","Logan County",1,18,339,183,156
050,54,045,"West Virginia","Logan County",1,19,270,136,134
050,54,045,"West Virginia","Logan County",1,20,300,155,145
050,54,045,"West Virginia","Logan County",1,21,302,152,150
050,54,045,"West Virginia","Logan County",1,22,318,168,150
050,54,045,"West Virginia","Logan County",1,23,353,188,165
050,54,045,"West Virginia","Logan County",1,24,367,174,193
050,54,045,"West Virginia","Logan County",1,25,369,190,179
050,54,045,"West Virginia","Logan County",1,26,366,190,176
050,54,045,"West Virginia","Logan County",1,27,367,202,165
050,54,045,"West Virginia","Logan County",1,28,371,194,177
050,54,045,"West Virginia","Logan County",1,29,410,205,205
050,54,045,"West Virginia","Logan County",1,30,389,208,181
050,54,045,"West Virginia","Logan County",1,31,364,188,176
050,54,045,"West Virginia","Logan County",1,32,326,168,158
050,54,045,"West Virginia","Logan County",1,33,323,177,146
050,54,045,"West Virginia","Logan County",1,34,345,177,168
050,54,045,"West Virginia","Logan County",1,35,345,175,170
050,54,045,"West Virginia","Logan County",1,36,359,175,184
050,54,045,"West Virginia","Logan County",1,37,368,191,177
050,54,045,"West Virginia","Logan County",1,38,374,189,185
050,54,045,"West Virginia","Logan County",1,39,408,217,191
050,54,045,"West Virginia","Logan County",1,40,419,219,200
050,54,045,"West Virginia","Logan County",1,41,410,207,203
050,54,045,"West Virginia","Logan County",1,42,454,223,231
050,54,045,"West Virginia","Logan County",1,43,457,221,236
050,54,045,"West Virginia","Logan County",1,44,457,224,233
050,54,045,"West Virginia","Logan County",1,45,455,249,206
050,54,045,"West Virginia","Logan County",1,46,428,223,205
050,54,045,"West Virginia","Logan County",1,47,450,229,221
050,54,045,"West Virginia","Logan County",1,48,471,250,221
050,54,045,"West Virginia","Logan County",1,49,460,245,215
050,54,045,"West Virginia","Logan County",1,50,434,211,223
050,54,045,"West Virginia","Logan County",1,51,417,223,194
050,54,045,"West Virginia","Logan County",1,52,369,192,177
050,54,045,"West Virginia","Logan County",1,53,432,211,221
050,54,045,"West Virginia","Logan County",1,54,400,195,205
050,54,045,"West Virginia","Logan County",1,55,453,229,224
050,54,045,"West Virginia","Logan County",1,56,444,221,223
050,54,045,"West Virginia","Logan County",1,57,393,181,212
050,54,045,"West Virginia","Logan County",1,58,386,184,202
050,54,045,"West Virginia","Logan County",1,59,427,199,228
050,54,045,"West Virginia","Logan County",1,60,463,214,249
050,54,045,"West Virginia","Logan County",1,61,541,272,269
050,54,045,"West Virginia","Logan County",1,62,555,283,272
050,54,045,"West Virginia","Logan County",1,63,518,236,282
050,54,045,"West Virginia","Logan County",1,64,514,225,289
050,54,045,"West Virginia","Logan County",1,65,480,234,246
050,54,045,"West Virginia","Logan County",1,66,512,272,240
050,54,045,"West Virginia","Logan County",1,67,513,268,245
050,54,045,"West Virginia","Logan County",1,68,522,250,272
050,54,045,"West Virginia","Logan County",1,69,480,216,264
050,54,045,"West Virginia","Logan County",1,70,455,202,253
050,54,045,"West Virginia","Logan County",1,71,430,204,226
050,54,045,"West Virginia","Logan County",1,72,394,172,222
050,54,045,"West Virginia","Logan County",1,73,411,188,223
050,54,045,"West Virginia","Logan County",1,74,263,121,142
050,54,045,"West Virginia","Logan County",1,75,259,132,127
050,54,045,"West Virginia","Logan County",1,76,235,114,121
050,54,045,"West Virginia","Logan County",1,77,240,126,114
050,54,045,"West Virginia","Logan County",1,78,174,77,97
050,54,045,"West Virginia","Logan County",1,79,179,78,101
050,54,045,"West Virginia","Logan County",1,80,177,65,112
050,54,045,"West Virginia","Logan County",1,81,139,58,81
050,54,045,"West Virginia","Logan County",1,82,144,51,93
050,54,045,"West Virginia","Logan County",1,83,143,51,92
050,54,045,"West Virginia","Logan County",1,84,134,48,86
050,54,045,"West Virginia","Logan County",1,85,584,209,375
050,54,045,"West Virginia","Logan County",2,0,320,162,158
050,54,045,"West Virginia","Logan County",2,1,321,156,165
050,54,045,"West Virginia","Logan County",2,2,348,166,182
050,54,045,"West Virginia","Logan County",2,3,355,170,185
050,54,045,"West Virginia","Logan County",2,4,345,171,174
050,54,045,"West Virginia","Logan County",2,5,361,175,186
050,54,045,"West Virginia","Logan County",2,6,379,193,186
050,54,045,"West Virginia","Logan County",2,7,389,199,190
050,54,045,"West Virginia","Logan County",2,8,383,200,183
050,54,045,"West Virginia","Logan County",2,9,395,212,183
050,54,045,"West Virginia","Logan County",2,10,389,207,182
050,54,045,"West Virginia","Logan County",2,11,372,192,180
050,54,045,"West Virginia","Logan County",2,12,392,198,194
050,54,045,"West Virginia","Logan County",2,13,395,205,190
050,54,045,"West Virginia","Logan County",2,14,386,202,184
050,54,045,"West Virginia","Logan County",2,15,391,204,187
050,54,045,"West Virginia","Logan County",2,16,403,206,197
050,54,045,"West Virginia","Logan County",2,17,422,216,206
050,54,045,"West Virginia","Logan County",2,18,344,185,159
050,54,045,"West Virginia","Logan County",2,19,273,140,133
050,54,045,"West Virginia","Logan County",2,20,298,153,145
050,54,045,"West Virginia","Logan County",2,21,305,154,151
050,54,045,"West Virginia","Logan County",2,22,321,166,155
050,54,045,"West Virginia","Logan County",2,23,352,186,166
050,54,045,"West Virginia","Logan County",2,24,368,180,188
050,54,045,"West Virginia","Logan County",2,25,365,183,182
050,54,045,"West Virginia","Logan County",2,26,366,190,176
050,54,045,"West Virginia","Logan County",2,27,365,200,165
050,54,045,"West Virginia","Logan County",2,28,368,193,175
050,54,045,"West Virginia","Logan County",2,29,400,205,195
050,54,045,"West Virginia","Logan County",2,30,395,207,188
050,54,045,"West Virginia","Logan County",2,31,362,188,174
050,54,045,"West Virginia","Logan County",2,32,336,172,164
050,54,045,"West Virginia","Logan County",2,33,325,176,149
050,54,045,"West Virginia","Logan County",2,34,338,178,160
050,54,045,"West Virginia","Logan County",2,35,342,173,169
050,54,045,"West Virginia","Logan County",2,36,357,177,180
050,54,045,"West Virginia","Logan County",2,37,363,187,176
050,54,045,"West Virginia","Logan County",2,38,375,190,185
050,54,045,"West Virginia","Logan County",2,39,396,208,188
050,54,045,"West Virginia","Logan County",2,40,420,223,197
050,54,045,"West Virginia","Logan County",2,41,406,204,202
050,54,045,"West Virginia","Logan County",2,42,441,219,222
050,54,045,"West Virginia","Logan County",2,43,459,224,235
050,54,045,"West Virginia","Logan County",2,44,452,220,232
050,54,045,"West Virginia","Logan County",2,45,458,243,215
050,54,045,"West Virginia","Logan County",2,46,431,227,204
050,54,045,"West Virginia","Logan County",2,47,440,224,216
050,54,045,"West Virginia","Logan County",2,48,469,249,220
050,54,045,"West Virginia","Logan County",2,49,464,249,215
050,54,045,"West Virginia","Logan County",2,50,441,220,221
050,54,045,"West Virginia","Logan County",2,51,416,218,198
050,54,045,"West Virginia","Logan County",2,52,377,197,180
050,54,045,"West Virginia","Logan County",2,53,414,205,209
050,54,045,"West Virginia","Logan County",2,54,406,197,209
050,54,045,"West Virginia","Logan County",2,55,442,224,218
050,54,045,"West Virginia","Logan County",2,56,446,223,223
050,54,045,"West Virginia","Logan County",2,57,403,189,214
050,54,045,"West Virginia","Logan County",2,58,388,182,206
050,54,045,"West Virginia","Logan County",2,59,418,195,223
050,54,045,"West Virginia","Logan County",2,60,450,207,243
050,54,045,"West Virginia","Logan County",2,61,522,257,265
050,54,045,"West Virginia","Logan County",2,62,547,280,267
050,54,045,"West Virginia","Logan County",2,63,526,245,281
050,54,045,"West Virginia","Logan County",2,64,512,227,285
050,54,045,"West Virginia","Logan County",2,65,486,229,257
050,54,045,"West Virginia","Logan County",2,66,502,262,240
050,54,045,"West Virginia","Logan County",2,67,509,266,243
050,54,045,"West Virginia","Logan County",2,68,513,250,263
050,54,045,"West Virginia","Logan County",2,69,493,227,266
050,54,045,"West Virginia","Logan County",2,70,456,202,254
050,54,045,"West Virginia","Logan County",2,71,435,204,231
050,54,045,"West Virginia","Logan County",2,72,395,175,220
050,54,045,"West Virginia","Logan County",2,73,416,186,230
050,54,045,"West Virginia","Logan County",2,74,277,127,150
050,54,045,"West Virginia","Logan County",2,75,257,128,129
050,54,045,"West Virginia","Logan County",2,76,236,115,121
050,54,045,"West Virginia","Logan County",2,77,238,123,115
050,54,045,"West Virginia","Logan County",2,78,184,86,98
050,54,045,"West Virginia","Logan County",2,79,170,73,97
050,54,045,"West Virginia","Logan County",2,80,179,69,110
050,54,045,"West Virginia","Logan County",2,81,146,60,86
050,54,045,"West Virginia","Logan County",2,82,144,52,92
050,54,045,"West Virginia","Logan County",2,83,141,50,91
050,54,045,"West Virginia","Logan County",2,84,133,46,87
050,54,045,"West Virginia","Logan County",2,85,596,213,383
050,54,045,"West Virginia","Logan County",3,0,278,135,143
050,54,045,"West Virginia","Logan County",3,1,317,153,164
050,54,045,"West Virginia","Logan County",3,2,321,159,162
050,54,045,"West Virginia","Logan County",3,3,341,164,177
050,54,045,"West Virginia","Logan County",3,4,356,176,180
050,54,045,"West Virginia","Logan County",3,5,351,183,168
050,54,045,"West Virginia","Logan County",3,6,349,170,179
050,54,045,"West Virginia","Logan County",3,7,379,191,188
050,54,045,"West Virginia","Logan County",3,8,381,196,185
050,54,045,"West Virginia","Logan County",3,9,378,200,178
050,54,045,"West Virginia","Logan County",3,10,391,212,179
050,54,045,"West Virginia","Logan County",3,11,382,197,185
050,54,045,"West Virginia","Logan County",3,12,364,189,175
050,54,045,"West Virginia","Logan County",3,13,391,196,195
050,54,045,"West Virginia","Logan County",3,14,386,199,187
050,54,045,"West Virginia","Logan County",3,15,394,211,183
050,54,045,"West Virginia","Logan County",3,16,387,200,187
050,54,045,"West Virginia","Logan County",3,17,401,206,195
050,54,045,"West Virginia","Logan County",3,18,356,192,164
050,54,045,"West Virginia","Logan County",3,19,272,149,123
050,54,045,"West Virginia","Logan County",3,20,289,148,141
050,54,045,"West Virginia","Logan County",3,21,325,159,166
050,54,045,"West Virginia","Logan County",3,22,326,160,166
050,54,045,"West Virginia","Logan County",3,23,325,170,155
050,54,045,"West Virginia","Logan County",3,24,373,199,174
050,54,045,"West Virginia","Logan County",3,25,364,176,188
050,54,045,"West Virginia","Logan County",3,26,363,179,184
050,54,045,"West Virginia","Logan County",3,27,358,188,170
050,54,045,"West Virginia","Logan County",3,28,352,188,164
050,54,045,"West Virginia","Logan County",3,29,376,203,173
050,54,045,"West Virginia","Logan County",3,30,391,200,191
050,54,045,"West Virginia","Logan County",3,31,369,195,174
050,54,045,"West Virginia","Logan County",3,32,360,180,180
050,54,045,"West Virginia","Logan County",3,33,339,176,163
050,54,045,"West Virginia","Logan County",3,34,312,170,142
050,54,045,"West Virginia","Logan County",3,35,328,168,160
050,54,045,"West Virginia","Logan County",3,36,345,174,171
050,54,045,"West Virginia","Logan County",3,37,332,168,164
050,54,045,"West Virginia","Logan County",3,38,368,188,180
050,54,045,"West Virginia","Logan County",3,39,361,176,185
050,54,045,"West Virginia","Logan County",3,40,380,207,173
050,54,045,"West Virginia","Logan County",3,41,406,204,202
050,54,045,"West Virginia","Logan County",3,42,390,202,188
050,54,045,"West Virginia","Logan County",3,43,436,211,225
050,54,045,"West Virginia","Logan County",3,44,451,219,232
050,54,045,"West Virginia","Logan County",3,45,445,216,229
050,54,045,"West Virginia","Logan County",3,46,465,249,216
050,54,045,"West Virginia","Logan County",3,47,412,209,203
050,54,045,"West Virginia","Logan County",3,48,439,228,211
050,54,045,"West Virginia","Logan County",3,49,459,243,216
050,54,045,"West Virginia","Logan County",3,50,465,244,221
050,54,045,"West Virginia","Logan County",3,51,427,210,217
050,54,045,"West Virginia","Logan County",3,52,409,217,192
050,54,045,"West Virginia","Logan County",3,53,363,186,177
050,54,045,"West Virginia","Logan County",3,54,409,196,213
050,54,045,"West Virginia","Logan County",3,55,406,201,205
050,54,045,"West Virginia","Logan County",3,56,419,209,210
050,54,045,"West Virginia","Logan County",3,57,422,206,216
050,54,045,"West Virginia","Logan County",3,58,379,171,208
050,54,045,"West Virginia","Logan County",3,59,372,176,196
050,54,045,"West Virginia","Logan County",3,60,415,189,226
050,54,045,"West Virginia","Logan County",3,61,440,201,239
050,54,045,"West Virginia","Logan County",3,62,499,249,250
050,54,045,"West Virginia","Logan County",3,63,519,255,264
050,54,045,"West Virginia","Logan County",3,64,519,243,276
050,54,045,"West Virginia","Logan County",3,65,502,220,282
050,54,045,"West Virginia","Logan County",3,66,465,213,252
050,54,045,"West Virginia","Logan County",3,67,495,264,231
050,54,045,"West Virginia","Logan County",3,68,486,243,243
050,54,045,"West Virginia","Logan County",3,69,492,235,257
050,54,045,"West Virginia","Logan County",3,70,476,217,259
050,54,045,"West Virginia","Logan County",3,71,429,188,241
050,54,045,"West Virginia","Logan County",3,72,419,198,221
050,54,045,"West Virginia","Logan County",3,73,370,159,211
050,54,045,"West Virginia","Logan County",3,74,399,180,219
050,54,045,"West Virginia","Logan County",3,75,256,119,137
050,54,045,"West Virginia","Logan County",3,76,238,118,120
050,54,045,"West Virginia","Logan County",3,77,224,107,117
050,54,045,"West Virginia","Logan County",3,78,216,113,103
050,54,045,"West Virginia","Logan County",3,79,167,80,87
050,54,045,"West Virginia","Logan County",3,80,169,72,97
050,54,045,"West Virginia","Logan County",3,81,166,64,102
050,54,045,"West Virginia","Logan County",3,82,129,51,78
050,54,045,"West Virginia","Logan County",3,83,134,52,82
050,54,045,"West Virginia","Logan County",3,84,128,39,89
050,54,045,"West Virginia","Logan County",3,85,609,213,396
050,54,045,"West Virginia","Logan County",4,0,307,155,152
050,54,045,"West Virginia","Logan County",4,1,287,130,157
050,54,045,"West Virginia","Logan County",4,2,315,148,167
050,54,045,"West Virginia","Logan County",4,3,329,167,162
050,54,045,"West Virginia","Logan County",4,4,343,163,180
050,54,045,"West Virginia","Logan County",4,5,347,175,172
050,54,045,"West Virginia","Logan County",4,6,352,181,171
050,54,045,"West Virginia","Logan County",4,7,349,166,183
050,54,045,"West Virginia","Logan County",4,8,377,185,192
050,54,045,"West Virginia","Logan County",4,9,380,200,180
050,54,045,"West Virginia","Logan County",4,10,378,198,180
050,54,045,"West Virginia","Logan County",4,11,389,208,181
050,54,045,"West Virginia","Logan County",4,12,393,206,187
050,54,045,"West Virginia","Logan County",4,13,361,188,173
050,54,045,"West Virginia","Logan County",4,14,399,190,209
050,54,045,"West Virginia","Logan County",4,15,389,207,182
050,54,045,"West Virginia","Logan County",4,16,394,213,181
050,54,045,"West Virginia","Logan County",4,17,380,198,182
050,54,045,"West Virginia","Logan County",4,18,328,176,152
050,54,045,"West Virginia","Logan County",4,19,268,146,122
050,54,045,"West Virginia","Logan County",4,20,280,145,135
050,54,045,"West Virginia","Logan County",4,21,298,151,147
050,54,045,"West Virginia","Logan County",4,22,335,159,176
050,54,045,"West Virginia","Logan County",4,23,341,163,178
050,54,045,"West Virginia","Logan County",4,24,335,173,162
050,54,045,"West Virginia","Logan County",4,25,360,192,168
050,54,045,"West Virginia","Logan County",4,26,367,179,188
050,54,045,"West Virginia","Logan County",4,27,369,186,183
050,54,045,"West Virginia","Logan County",4,28,342,168,174
050,54,045,"West Virginia","Logan County",4,29,360,198,162
050,54,045,"West Virginia","Logan County",4,30,371,198,173
050,54,045,"West Virginia","Logan County",4,31,363,178,185
050,54,045,"West Virginia","Logan County",4,32,382,194,188
050,54,045,"West Virginia","Logan County",4,33,359,183,176
050,54,045,"West Virginia","Logan County",4,34,333,176,157
050,54,045,"West Virginia","Logan County",4,35,297,152,145
050,54,045,"West Virginia","Logan County",4,36,323,168,155
050,54,045,"West Virginia","Logan County",4,37,322,164,158
050,54,045,"West Virginia","Logan County",4,38,330,167,163
050,54,045,"West Virginia","Logan County",4,39,364,184,180
050,54,045,"West Virginia","Logan County",4,40,351,171,180
050,54,045,"West Virginia","Logan County",4,41,371,193,178
050,54,045,"West Virginia","Logan County",4,42,405,211,194
050,54,045,"West Virginia","Logan County",4,43,386,203,183
050,54,045,"West Virginia","Logan County",4,44,432,210,222
050,54,045,"West Virginia","Logan County",4,45,446,213,233
050,54,045,"West Virginia","Logan County",4,46,441,201,240
050,54,045,"West Virginia","Logan County",4,47,448,239,209
050,54,045,"West Virginia","Logan County",4,48,410,217,193
050,54,045,"West Virginia","Logan County",4,49,417,220,197
050,54,045,"West Virginia","Logan County",4,50,453,234,219
050,54,045,"West Virginia","Logan County",4,51,442,228,214
050,54,045,"West Virginia","Logan County",4,52,417,207,210
050,54,045,"West Virginia","Logan County",4,53,402,216,186
050,54,045,"West Virginia","Logan County",4,54,356,184,172
050,54,045,"West Virginia","Logan County",4,55,419,201,218
050,54,045,"West Virginia","Logan County",4,56,395,193,202
050,54,045,"West Virginia","Logan County",4,57,401,196,205
050,54,045,"West Virginia","Logan County",4,58,405,198,207
050,54,045,"West Virginia","Logan County",4,59,369,164,205
050,54,045,"West Virginia","Logan County",4,60,360,166,194
050,54,045,"West Virginia","Logan County",4,61,401,179,222
050,54,045,"West Virginia","Logan County",4,62,420,198,222
050,54,045,"West Virginia","Logan County",4,63,482,231,251
050,54,045,"West Virginia","Logan County",4,64,498,250,248
050,54,045,"West Virginia","Logan County",4,65,506,230,276
050,54,045,"West Virginia","Logan County",4,66,486,211,275
050,54,045,"West Virginia","Logan County",4,67,449,206,243
050,54,045,"West Virginia","Logan County",4,68,473,249,224
050,54,045,"West Virginia","Logan County",4,69,458,226,232
050,54,045,"West Virginia","Logan County",4,70,476,225,251
050,54,045,"West Virginia","Logan County",4,71,446,198,248
050,54,045,"West Virginia","Logan County",4,72,414,179,235
050,54,045,"West Virginia","Logan County",4,73,390,185,205
050,54,045,"West Virginia","Logan County",4,74,354,149,205
050,54,045,"West Virginia","Logan County",4,75,378,164,214
050,54,045,"West Virginia","Logan County",4,76,238,107,131
050,54,045,"West Virginia","Logan County",4,77,215,104,111
050,54,045,"West Virginia","Logan County",4,78,199,94,105
050,54,045,"West Virginia","Logan County",4,79,192,97,95
050,54,045,"West Virginia","Logan County",4,80,159,74,85
050,54,045,"West Virginia","Logan County",4,81,146,63,83
050,54,045,"West Virginia","Logan County",4,82,149,55,94
050,54,045,"West Virginia","Logan County",4,83,108,48,60
050,54,045,"West Virginia","Logan County",4,84,117,40,77
050,54,045,"West Virginia","Logan County",4,85,630,221,409
050,54,045,"West Virginia","Logan County",5,0,311,156,155
050,54,045,"West Virginia","Logan County",5,1,301,146,155
050,54,045,"West Virginia","Logan County",5,2,291,130,161
050,54,045,"West Virginia","Logan County",5,3,315,154,161
050,54,045,"West Virginia","Logan County",5,4,330,166,164
050,54,045,"West Virginia","Logan County",5,5,346,175,171
050,54,045,"West Virginia","Logan County",5,6,351,176,175
050,54,045,"West Virginia","Logan County",5,7,353,181,172
050,54,045,"West Virginia","Logan County",5,8,351,166,185
050,54,045,"West Virginia","Logan County",5,9,377,188,189
050,54,045,"West Virginia","Logan County",5,10,380,193,187
050,54,045,"West Virginia","Logan County",5,11,374,195,179
050,54,045,"West Virginia","Logan County",5,12,397,213,184
050,54,045,"West Virginia","Logan County",5,13,391,201,190
050,54,045,"West Virginia","Logan County",5,14,370,193,177
050,54,045,"West Virginia","Logan County",5,15,402,198,204
050,54,045,"West Virginia","Logan County",5,16,395,208,187
050,54,045,"West Virginia","Logan County",5,17,391,212,179
050,54,045,"West Virginia","Logan County",5,18,323,175,148
050,54,045,"West Virginia","Logan County",5,19,262,141,121
050,54,045,"West Virginia","Logan County",5,20,289,150,139
050,54,045,"West Virginia","Logan County",5,21,296,151,145
050,54,045,"West Virginia","Logan County",5,22,308,156,152
050,54,045,"West Virginia","Logan County",5,23,352,168,184
050,54,045,"West Virginia","Logan County",5,24,357,170,187
050,54,045,"West Virginia","Logan County",5,25,325,171,154
050,54,045,"West Virginia","Logan County",5,26,361,196,165
050,54,045,"West Virginia","Logan County",5,27,371,190,181
050,54,045,"West Virginia","Logan County",5,28,370,176,194
050,54,045,"West Virginia","Logan County",5,29,357,185,172
050,54,045,"West Virginia","Logan County",5,30,359,196,163
050,54,045,"West Virginia","Logan County",5,31,362,190,172
050,54,045,"West Virginia","Logan County",5,32,374,181,193
050,54,045,"West Virginia","Logan County",5,33,382,196,186
050,54,045,"West Virginia","Logan County",5,34,359,185,174
050,54,045,"West Virginia","Logan County",5,35,319,156,163
050,54,045,"West Virginia","Logan County",5,36,303,156,147
050,54,045,"West Virginia","Logan County",5,37,312,164,148
050,54,045,"West Virginia","Logan County",5,38,320,163,157
050,54,045,"West Virginia","Logan County",5,39,329,166,163
050,54,045,"West Virginia","Logan County",5,40,358,187,171
050,54,045,"West Virginia","Logan County",5,41,334,157,177
050,54,045,"West Virginia","Logan County",5,42,365,194,171
050,54,045,"West Virginia","Logan County",5,43,400,209,191
050,54,045,"West Virginia","Logan County",5,44,378,193,185
050,54,045,"West Virginia","Logan County",5,45,425,201,224
050,54,045,"West Virginia","Logan County",5,46,439,207,232
050,54,045,"West Virginia","Logan County",5,47,429,198,231
050,54,045,"West Virginia","Logan County",5,48,451,246,205
050,54,045,"West Virginia","Logan County",5,49,398,211,187
050,54,045,"West Virginia","Logan County",5,50,419,221,198
050,54,045,"West Virginia","Logan County",5,51,441,220,221
050,54,045,"West Virginia","Logan County",5,52,431,226,205
050,54,045,"West Virginia","Logan County",5,53,411,202,209
050,54,045,"West Virginia","Logan County",5,54,395,212,183
050,54,045,"West Virginia","Logan County",5,55,361,189,172
050,54,045,"West Virginia","Logan County",5,56,407,195,212
050,54,045,"West Virginia","Logan County",5,57,376,183,193
050,54,045,"West Virginia","Logan County",5,58,394,190,204
050,54,045,"West Virginia","Logan County",5,59,394,194,200
050,54,045,"West Virginia","Logan County",5,60,363,156,207
050,54,045,"West Virginia","Logan County",5,61,353,160,193
050,54,045,"West Virginia","Logan County",5,62,382,178,204
050,54,045,"West Virginia","Logan County",5,63,403,181,222
050,54,045,"West Virginia","Logan County",5,64,460,228,232
050,54,045,"West Virginia","Logan County",5,65,492,241,251
050,54,045,"West Virginia","Logan County",5,66,495,223,272
050,54,045,"West Virginia","Logan County",5,67,465,202,263
050,54,045,"West Virginia","Logan County",5,68,427,191,236
050,54,045,"West Virginia","Logan County",5,69,452,237,215
050,54,045,"West Virginia","Logan County",5,70,448,219,229
050,54,045,"West Virginia","Logan County",5,71,448,214,234
050,54,045,"West Virginia","Logan County",5,72,432,192,240
050,54,045,"West Virginia","Logan County",5,73,396,171,225
050,54,045,"West Virginia","Logan County",5,74,375,179,196
050,54,045,"West Virginia","Logan County",5,75,336,137,199
050,54,045,"West Virginia","Logan County",5,76,356,155,201
050,54,045,"West Virginia","Logan County",5,77,216,95,121
050,54,045,"West Virginia","Logan County",5,78,195,94,101
050,54,045,"West Virginia","Logan County",5,79,180,81,99
050,54,045,"West Virginia","Logan County",5,80,185,92,93
050,54,045,"West Virginia","Logan County",5,81,140,64,76
050,54,045,"West Virginia","Logan County",5,82,130,54,76
050,54,045,"West Virginia","Logan County",5,83,131,53,78
050,54,045,"West Virginia","Logan County",5,84,94,38,56
050,54,045,"West Virginia","Logan County",5,85,651,233,418
050,54,047,"West Virginia","McDowell County",1,0,162,83,79
050,54,047,"West Virginia","McDowell County",1,1,150,76,74
050,54,047,"West Virginia","McDowell County",1,2,186,102,84
050,54,047,"West Virginia","McDowell County",1,3,186,99,87
050,54,047,"West Virginia","McDowell County",1,4,190,100,90
050,54,047,"West Virginia","McDowell County",1,5,181,91,90
050,54,047,"West Virginia","McDowell County",1,6,206,87,119
050,54,047,"West Virginia","McDowell County",1,7,222,106,116
050,54,047,"West Virginia","McDowell County",1,8,211,114,97
050,54,047,"West Virginia","McDowell County",1,9,211,112,99
050,54,047,"West Virginia","McDowell County",1,10,211,102,109
050,54,047,"West Virginia","McDowell County",1,11,213,89,124
050,54,047,"West Virginia","McDowell County",1,12,211,114,97
050,54,047,"West Virginia","McDowell County",1,13,216,122,94
050,54,047,"West Virginia","McDowell County",1,14,191,101,90
050,54,047,"West Virginia","McDowell County",1,15,219,113,106
050,54,047,"West Virginia","McDowell County",1,16,217,125,92
050,54,047,"West Virginia","McDowell County",1,17,215,112,103
050,54,047,"West Virginia","McDowell County",1,18,163,84,79
050,54,047,"West Virginia","McDowell County",1,19,139,79,60
050,54,047,"West Virginia","McDowell County",1,20,165,93,72
050,54,047,"West Virginia","McDowell County",1,21,176,101,75
050,54,047,"West Virginia","McDowell County",1,22,180,113,67
050,54,047,"West Virginia","McDowell County",1,23,201,121,80
050,54,047,"West Virginia","McDowell County",1,24,217,127,90
050,54,047,"West Virginia","McDowell County",1,25,241,145,96
050,54,047,"West Virginia","McDowell County",1,26,219,134,85
050,54,047,"West Virginia","McDowell County",1,27,257,158,99
050,54,047,"West Virginia","McDowell County",1,28,279,162,117
050,54,047,"West Virginia","McDowell County",1,29,297,175,122
050,54,047,"West Virginia","McDowell County",1,30,248,148,100
050,54,047,"West Virginia","McDowell County",1,31,251,142,109
050,54,047,"West Virginia","McDowell County",1,32,243,148,95
050,54,047,"West Virginia","McDowell County",1,33,236,138,98
050,54,047,"West Virginia","McDowell County",1,34,272,166,106
050,54,047,"West Virginia","McDowell County",1,35,245,144,101
050,54,047,"West Virginia","McDowell County",1,36,220,139,81
050,54,047,"West Virginia","McDowell County",1,37,213,127,86
050,54,047,"West Virginia","McDowell County",1,38,223,139,84
050,54,047,"West Virginia","McDowell County",1,39,238,140,98
050,54,047,"West Virginia","McDowell County",1,40,233,117,116
050,54,047,"West Virginia","McDowell County",1,41,273,155,118
050,54,047,"West Virginia","McDowell County",1,42,295,180,115
050,54,047,"West Virginia","McDowell County",1,43,260,171,89
050,54,047,"West Virginia","McDowell County",1,44,242,146,96
050,54,047,"West Virginia","McDowell County",1,45,249,145,104
050,54,047,"West Virginia","McDowell County",1,46,256,145,111
050,54,047,"West Virginia","McDowell County",1,47,267,152,115
050,54,047,"West Virginia","McDowell County",1,48,274,152,122
050,54,047,"West Virginia","McDowell County",1,49,239,129,110
050,54,047,"West Virginia","McDowell County",1,50,237,120,117
050,54,047,"West Virginia","McDowell County",1,51,230,123,107
050,54,047,"West Virginia","McDowell County",1,52,257,147,110
050,54,047,"West Virginia","McDowell County",1,53,241,134,107
050,54,047,"West Virginia","McDowell County",1,54,260,144,116
050,54,047,"West Virginia","McDowell County",1,55,256,129,127
050,54,047,"West Virginia","McDowell County",1,56,242,111,131
050,54,047,"West Virginia","McDowell County",1,57,248,115,133
050,54,047,"West Virginia","McDowell County",1,58,272,133,139
050,54,047,"West Virginia","McDowell County",1,59,289,137,152
050,54,047,"West Virginia","McDowell County",1,60,282,132,150
050,54,047,"West Virginia","McDowell County",1,61,293,150,143
050,54,047,"West Virginia","McDowell County",1,62,343,178,165
050,54,047,"West Virginia","McDowell County",1,63,352,169,183
050,54,047,"West Virginia","McDowell County",1,64,303,152,151
050,54,047,"West Virginia","McDowell County",1,65,282,138,144
050,54,047,"West Virginia","McDowell County",1,66,292,135,157
050,54,047,"West Virginia","McDowell County",1,67,303,145,158
050,54,047,"West Virginia","McDowell County",1,68,273,138,135
050,54,047,"West Virginia","McDowell County",1,69,216,110,106
050,54,047,"West Virginia","McDowell County",1,70,220,118,102
050,54,047,"West Virginia","McDowell County",1,71,227,116,111
050,54,047,"West Virginia","McDowell County",1,72,243,125,118
050,54,047,"West Virginia","McDowell County",1,73,209,105,104
050,54,047,"West Virginia","McDowell County",1,74,157,78,79
050,54,047,"West Virginia","McDowell County",1,75,153,71,82
050,54,047,"West Virginia","McDowell County",1,76,134,60,74
050,54,047,"West Virginia","McDowell County",1,77,139,60,79
050,54,047,"West Virginia","McDowell County",1,78,117,56,61
050,54,047,"West Virginia","McDowell County",1,79,104,48,56
050,54,047,"West Virginia","McDowell County",1,80,94,42,52
050,54,047,"West Virginia","McDowell County",1,81,82,28,54
050,54,047,"West Virginia","McDowell County",1,82,90,37,53
050,54,047,"West Virginia","McDowell County",1,83,91,34,57
050,54,047,"West Virginia","McDowell County",1,84,82,26,56
050,54,047,"West Virginia","McDowell County",1,85,393,134,259
050,54,047,"West Virginia","McDowell County",2,0,157,79,78
050,54,047,"West Virginia","McDowell County",2,1,150,77,73
050,54,047,"West Virginia","McDowell County",2,2,176,95,81
050,54,047,"West Virginia","McDowell County",2,3,183,98,85
050,54,047,"West Virginia","McDowell County",2,4,187,98,89
050,54,047,"West Virginia","McDowell County",2,5,181,92,89
050,54,047,"West Virginia","McDowell County",2,6,198,88,110
050,54,047,"West Virginia","McDowell County",2,7,216,101,115
050,54,047,"West Virginia","McDowell County",2,8,211,111,100
050,54,047,"West Virginia","McDowell County",2,9,209,112,97
050,54,047,"West Virginia","McDowell County",2,10,210,104,106
050,54,047,"West Virginia","McDowell County",2,11,210,91,119
050,54,047,"West Virginia","McDowell County",2,12,212,108,104
050,54,047,"West Virginia","McDowell County",2,13,215,119,96
050,54,047,"West Virginia","McDowell County",2,14,199,106,93
050,54,047,"West Virginia","McDowell County",2,15,212,110,102
050,54,047,"West Virginia","McDowell County",2,16,217,121,96
050,54,047,"West Virginia","McDowell County",2,17,213,113,100
050,54,047,"West Virginia","McDowell County",2,18,164,87,77
050,54,047,"West Virginia","McDowell County",2,19,139,78,61
050,54,047,"West Virginia","McDowell County",2,20,162,92,70
050,54,047,"West Virginia","McDowell County",2,21,176,101,75
050,54,047,"West Virginia","McDowell County",2,22,182,113,69
050,54,047,"West Virginia","McDowell County",2,23,200,121,79
050,54,047,"West Virginia","McDowell County",2,24,212,126,86
050,54,047,"West Virginia","McDowell County",2,25,236,141,95
050,54,047,"West Virginia","McDowell County",2,26,220,133,87
050,54,047,"West Virginia","McDowell County",2,27,250,154,96
050,54,047,"West Virginia","McDowell County",2,28,272,159,113
050,54,047,"West Virginia","McDowell County",2,29,291,172,119
050,54,047,"West Virginia","McDowell County",2,30,255,152,103
050,54,047,"West Virginia","McDowell County",2,31,246,143,103
050,54,047,"West Virginia","McDowell County",2,32,245,146,99
050,54,047,"West Virginia","McDowell County",2,33,232,136,96
050,54,047,"West Virginia","McDowell County",2,34,266,162,104
050,54,047,"West Virginia","McDowell County",2,35,249,147,102
050,54,047,"West Virginia","McDowell County",2,36,224,139,85
050,54,047,"West Virginia","McDowell County",2,37,213,129,84
050,54,047,"West Virginia","McDowell County",2,38,221,136,85
050,54,047,"West Virginia","McDowell County",2,39,231,137,94
050,54,047,"West Virginia","McDowell County",2,40,232,122,110
050,54,047,"West Virginia","McDowell County",2,41,264,147,117
050,54,047,"West Virginia","McDowell County",2,42,283,170,113
050,54,047,"West Virginia","McDowell County",2,43,265,171,94
050,54,047,"West Virginia","McDowell County",2,44,243,150,93
050,54,047,"West Virginia","McDowell County",2,45,245,143,102
050,54,047,"West Virginia","McDowell County",2,46,251,143,108
050,54,047,"West Virginia","McDowell County",2,47,259,146,113
050,54,047,"West Virginia","McDowell County",2,48,271,152,119
050,54,047,"West Virginia","McDowell County",2,49,245,132,113
050,54,047,"West Virginia","McDowell County",2,50,235,121,114
050,54,047,"West Virginia","McDowell County",2,51,231,123,108
050,54,047,"West Virginia","McDowell County",2,52,249,141,108
050,54,047,"West Virginia","McDowell County",2,53,243,134,109
050,54,047,"West Virginia","McDowell County",2,54,256,142,114
050,54,047,"West Virginia","McDowell County",2,55,252,129,123
050,54,047,"West Virginia","McDowell County",2,56,243,114,129
050,54,047,"West Virginia","McDowell County",2,57,241,110,131
050,54,047,"West Virginia","McDowell County",2,58,263,127,136
050,54,047,"West Virginia","McDowell County",2,59,285,136,149
050,54,047,"West Virginia","McDowell County",2,60,279,129,150
050,54,047,"West Virginia","McDowell County",2,61,287,144,143
050,54,047,"West Virginia","McDowell County",2,62,323,167,156
050,54,047,"West Virginia","McDowell County",2,63,348,169,179
050,54,047,"West Virginia","McDowell County",2,64,309,154,155
050,54,047,"West Virginia","McDowell County",2,65,281,137,144
050,54,047,"West Virginia","McDowell County",2,66,290,135,155
050,54,047,"West Virginia","McDowell County",2,67,294,140,154
050,54,047,"West Virginia","McDowell County",2,68,274,137,137
050,54,047,"West Virginia","McDowell County",2,69,225,115,110
050,54,047,"West Virginia","McDowell County",2,70,215,113,102
050,54,047,"West Virginia","McDowell County",2,71,222,114,108
050,54,047,"West Virginia","McDowell County",2,72,229,117,112
050,54,047,"West Virginia","McDowell County",2,73,225,113,112
050,54,047,"West Virginia","McDowell County",2,74,157,79,78
050,54,047,"West Virginia","McDowell County",2,75,151,73,78
050,54,047,"West Virginia","McDowell County",2,76,136,61,75
050,54,047,"West Virginia","McDowell County",2,77,136,58,78
050,54,047,"West Virginia","McDowell County",2,78,120,56,64
050,54,047,"West Virginia","McDowell County",2,79,103,49,54
050,54,047,"West Virginia","McDowell County",2,80,99,45,54
050,54,047,"West Virginia","McDowell County",2,81,79,27,52
050,54,047,"West Virginia","McDowell County",2,82,85,32,53
050,54,047,"West Virginia","McDowell County",2,83,88,33,55
050,54,047,"West Virginia","McDowell County",2,84,83,27,56
050,54,047,"West Virginia","McDowell County",2,85,399,138,261
050,54,047,"West Virginia","McDowell County",3,0,163,87,76
050,54,047,"West Virginia","McDowell County",3,1,159,82,77
050,54,047,"West Virginia","McDowell County",3,2,144,77,67
050,54,047,"West Virginia","McDowell County",3,3,177,95,82
050,54,047,"West Virginia","McDowell County",3,4,170,94,76
050,54,047,"West Virginia","McDowell County",3,5,173,88,85
050,54,047,"West Virginia","McDowell County",3,6,168,82,86
050,54,047,"West Virginia","McDowell County",3,7,194,85,109
050,54,047,"West Virginia","McDowell County",3,8,215,103,112
050,54,047,"West Virginia","McDowell County",3,9,208,110,98
050,54,047,"West Virginia","McDowell County",3,10,196,104,92
050,54,047,"West Virginia","McDowell County",3,11,206,102,104
050,54,047,"West Virginia","McDowell County",3,12,207,92,115
050,54,047,"West Virginia","McDowell County",3,13,210,105,105
050,54,047,"West Virginia","McDowell County",3,14,209,114,95
050,54,047,"West Virginia","McDowell County",3,15,194,100,94
050,54,047,"West Virginia","McDowell County",3,16,196,101,95
050,54,047,"West Virginia","McDowell County",3,17,219,118,101
050,54,047,"West Virginia","McDowell County",3,18,179,101,78
050,54,047,"West Virginia","McDowell County",3,19,132,76,56
050,54,047,"West Virginia","McDowell County",3,20,150,83,67
050,54,047,"West Virginia","McDowell County",3,21,177,108,69
050,54,047,"West Virginia","McDowell County",3,22,193,118,75
050,54,047,"West Virginia","McDowell County",3,23,193,116,77
050,54,047,"West Virginia","McDowell County",3,24,200,122,78
050,54,047,"West Virginia","McDowell County",3,25,221,132,89
050,54,047,"West Virginia","McDowell County",3,26,216,127,89
050,54,047,"West Virginia","McDowell County",3,27,224,140,84
050,54,047,"West Virginia","McDowell County",3,28,249,152,97
050,54,047,"West Virginia","McDowell County",3,29,276,164,112
050,54,047,"West Virginia","McDowell County",3,30,274,162,112
050,54,047,"West Virginia","McDowell County",3,31,255,156,99
050,54,047,"West Virginia","McDowell County",3,32,248,147,101
050,54,047,"West Virginia","McDowell County",3,33,219,125,94
050,54,047,"West Virginia","McDowell County",3,34,238,146,92
050,54,047,"West Virginia","McDowell County",3,35,241,145,96
050,54,047,"West Virginia","McDowell County",3,36,251,149,102
050,54,047,"West Virginia","McDowell County",3,37,212,134,78
050,54,047,"West Virginia","McDowell County",3,38,214,135,79
050,54,047,"West Virginia","McDowell County",3,39,214,133,81
050,54,047,"West Virginia","McDowell County",3,40,221,131,90
050,54,047,"West Virginia","McDowell County",3,41,233,129,104
050,54,047,"West Virginia","McDowell County",3,42,250,133,117
050,54,047,"West Virginia","McDowell County",3,43,259,153,106
050,54,047,"West Virginia","McDowell County",3,44,262,168,94
050,54,047,"West Virginia","McDowell County",3,45,238,145,93
050,54,047,"West Virginia","McDowell County",3,46,236,136,100
050,54,047,"West Virginia","McDowell County",3,47,237,135,102
050,54,047,"West Virginia","McDowell County",3,48,246,140,106
050,54,047,"West Virginia","McDowell County",3,49,256,144,112
050,54,047,"West Virginia","McDowell County",3,50,240,129,111
050,54,047,"West Virginia","McDowell County",3,51,232,123,109
050,54,047,"West Virginia","McDowell County",3,52,229,120,109
050,54,047,"West Virginia","McDowell County",3,53,219,120,99
050,54,047,"West Virginia","McDowell County",3,54,242,136,106
050,54,047,"West Virginia","McDowell County",3,55,241,135,106
050,54,047,"West Virginia","McDowell County",3,56,236,115,121
050,54,047,"West Virginia","McDowell County",3,57,231,107,124
050,54,047,"West Virginia","McDowell County",3,58,234,109,125
050,54,047,"West Virginia","McDowell County",3,59,252,125,127
050,54,047,"West Virginia","McDowell County",3,60,270,126,144
050,54,047,"West Virginia","McDowell County",3,61,270,122,148
050,54,047,"West Virginia","McDowell County",3,62,284,142,142
050,54,047,"West Virginia","McDowell County",3,63,319,163,156
050,54,047,"West Virginia","McDowell County",3,64,318,148,170
050,54,047,"West Virginia","McDowell County",3,65,304,145,159
050,54,047,"West Virginia","McDowell County",3,66,282,139,143
050,54,047,"West Virginia","McDowell County",3,67,276,131,145
050,54,047,"West Virginia","McDowell County",3,68,281,133,148
050,54,047,"West Virginia","McDowell County",3,69,262,130,132
050,54,047,"West Virginia","McDowell County",3,70,222,108,114
050,54,047,"West Virginia","McDowell County",3,71,200,109,91
050,54,047,"West Virginia","McDowell County",3,72,211,113,98
050,54,047,"West Virginia","McDowell County",3,73,215,108,107
050,54,047,"West Virginia","McDowell County",3,74,211,109,102
050,54,047,"West Virginia","McDowell County",3,75,144,74,70
050,54,047,"West Virginia","McDowell County",3,76,150,72,78
050,54,047,"West Virginia","McDowell County",3,77,120,56,64
050,54,047,"West Virginia","McDowell County",3,78,137,57,80
050,54,047,"West Virginia","McDowell County",3,79,115,54,61
050,54,047,"West Virginia","McDowell County",3,80,106,49,57
050,54,047,"West Virginia","McDowell County",3,81,82,36,46
050,54,047,"West Virginia","McDowell County",3,82,70,24,46
050,54,047,"West Virginia","McDowell County",3,83,77,25,52
050,54,047,"West Virginia","McDowell County",3,84,81,29,52
050,54,047,"West Virginia","McDowell County",3,85,421,147,274
050,54,047,"West Virginia","McDowell County",4,0,156,82,74
050,54,047,"West Virginia","McDowell County",4,1,164,84,80
050,54,047,"West Virginia","McDowell County",4,2,141,72,69
050,54,047,"West Virginia","McDowell County",4,3,141,75,66
050,54,047,"West Virginia","McDowell County",4,4,181,98,83
050,54,047,"West Virginia","McDowell County",4,5,171,98,73
050,54,047,"West Virginia","McDowell County",4,6,173,88,85
050,54,047,"West Virginia","McDowell County",4,7,173,90,83
050,54,047,"West Virginia","McDowell County",4,8,187,82,105
050,54,047,"West Virginia","McDowell County",4,9,220,102,118
050,54,047,"West Virginia","McDowell County",4,10,214,113,101
050,54,047,"West Virginia","McDowell County",4,11,192,103,89
050,54,047,"West Virginia","McDowell County",4,12,191,100,91
050,54,047,"West Virginia","McDowell County",4,13,214,100,114
050,54,047,"West Virginia","McDowell County",4,14,196,101,95
050,54,047,"West Virginia","McDowell County",4,15,199,107,92
050,54,047,"West Virginia","McDowell County",4,16,183,95,88
050,54,047,"West Virginia","McDowell County",4,17,195,102,93
050,54,047,"West Virginia","McDowell County",4,18,180,103,77
050,54,047,"West Virginia","McDowell County",4,19,138,86,52
050,54,047,"West Virginia","McDowell County",4,20,143,82,61
050,54,047,"West Virginia","McDowell County",4,21,161,91,70
050,54,047,"West Virginia","McDowell County",4,22,185,113,72
050,54,047,"West Virginia","McDowell County",4,23,206,123,83
050,54,047,"West Virginia","McDowell County",4,24,183,116,67
050,54,047,"West Virginia","McDowell County",4,25,202,120,82
050,54,047,"West Virginia","McDowell County",4,26,207,121,86
050,54,047,"West Virginia","McDowell County",4,27,223,137,86
050,54,047,"West Virginia","McDowell County",4,28,229,139,90
050,54,047,"West Virginia","McDowell County",4,29,260,159,101
050,54,047,"West Virginia","McDowell County",4,30,260,153,107
050,54,047,"West Virginia","McDowell County",4,31,268,151,117
050,54,047,"West Virginia","McDowell County",4,32,258,161,97
050,54,047,"West Virginia","McDowell County",4,33,229,133,96
050,54,047,"West Virginia","McDowell County",4,34,228,133,95
050,54,047,"West Virginia","McDowell County",4,35,214,129,85
050,54,047,"West Virginia","McDowell County",4,36,243,144,99
050,54,047,"West Virginia","McDowell County",4,37,222,128,94
050,54,047,"West Virginia","McDowell County",4,38,198,125,73
050,54,047,"West Virginia","McDowell County",4,39,210,128,82
050,54,047,"West Virginia","McDowell County",4,40,206,131,75
050,54,047,"West Virginia","McDowell County",4,41,224,137,87
050,54,047,"West Virginia","McDowell County",4,42,227,126,101
050,54,047,"West Virginia","McDowell County",4,43,236,127,109
050,54,047,"West Virginia","McDowell County",4,44,247,144,103
050,54,047,"West Virginia","McDowell County",4,45,254,158,96
050,54,047,"West Virginia","McDowell County",4,46,225,137,88
050,54,047,"West Virginia","McDowell County",4,47,218,122,96
050,54,047,"West Virginia","McDowell County",4,48,231,132,99
050,54,047,"West Virginia","McDowell County",4,49,231,129,102
050,54,047,"West Virginia","McDowell County",4,50,247,138,109
050,54,047,"West Virginia","McDowell County",4,51,241,131,110
050,54,047,"West Virginia","McDowell County",4,52,225,119,106
050,54,047,"West Virginia","McDowell County",4,53,192,94,98
050,54,047,"West Virginia","McDowell County",4,54,216,123,93
050,54,047,"West Virginia","McDowell County",4,55,214,120,94
050,54,047,"West Virginia","McDowell County",4,56,234,129,105
050,54,047,"West Virginia","McDowell County",4,57,217,99,118
050,54,047,"West Virginia","McDowell County",4,58,216,98,118
050,54,047,"West Virginia","McDowell County",4,59,227,107,120
050,54,047,"West Virginia","McDowell County",4,60,234,113,121
050,54,047,"West Virginia","McDowell County",4,61,251,118,133
050,54,047,"West Virginia","McDowell County",4,62,251,111,140
050,54,047,"West Virginia","McDowell County",4,63,277,138,139
050,54,047,"West Virginia","McDowell County",4,64,299,150,149
050,54,047,"West Virginia","McDowell County",4,65,310,145,165
050,54,047,"West Virginia","McDowell County",4,66,295,141,154
050,54,047,"West Virginia","McDowell County",4,67,266,129,137
050,54,047,"West Virginia","McDowell County",4,68,278,130,148
050,54,047,"West Virginia","McDowell County",4,69,268,129,139
050,54,047,"West Virginia","McDowell County",4,70,263,124,139
050,54,047,"West Virginia","McDowell County",4,71,209,102,107
050,54,047,"West Virginia","McDowell County",4,72,187,103,84
050,54,047,"West Virginia","McDowell County",4,73,196,102,94
050,54,047,"West Virginia","McDowell County",4,74,200,101,99
050,54,047,"West Virginia","McDowell County",4,75,199,101,98
050,54,047,"West Virginia","McDowell County",4,76,137,68,69
050,54,047,"West Virginia","McDowell County",4,77,131,64,67
050,54,047,"West Virginia","McDowell County",4,78,114,54,60
050,54,047,"West Virginia","McDowell County",4,79,127,53,74
050,54,047,"West Virginia","McDowell County",4,80,116,56,60
050,54,047,"West Virginia","McDowell County",4,81,87,39,48
050,54,047,"West Virginia","McDowell County",4,82,77,34,43
050,54,047,"West Virginia","McDowell County",4,83,68,18,50
050,54,047,"West Virginia","McDowell County",4,84,73,23,50
050,54,047,"West Virginia","McDowell County",4,85,427,156,271
050,54,047,"West Virginia","McDowell County",5,0,158,83,75
050,54,047,"West Virginia","McDowell County",5,1,155,87,68
050,54,047,"West Virginia","McDowell County",5,2,166,82,84
050,54,047,"West Virginia","McDowell County",5,3,143,76,67
050,54,047,"West Virginia","McDowell County",5,4,142,71,71
050,54,047,"West Virginia","McDowell County",5,5,173,95,78
050,54,047,"West Virginia","McDowell County",5,6,172,98,74
050,54,047,"West Virginia","McDowell County",5,7,175,91,84
050,54,047,"West Virginia","McDowell County",5,8,165,88,77
050,54,047,"West Virginia","McDowell County",5,9,190,82,108
050,54,047,"West Virginia","McDowell County",5,10,214,96,118
050,54,047,"West Virginia","McDowell County",5,11,205,104,101
050,54,047,"West Virginia","McDowell County",5,12,190,104,86
050,54,047,"West Virginia","McDowell County",5,13,191,104,87
050,54,047,"West Virginia","McDowell County",5,14,207,94,113
050,54,047,"West Virginia","McDowell County",5,15,195,103,92
050,54,047,"West Virginia","McDowell County",5,16,194,105,89
050,54,047,"West Virginia","McDowell County",5,17,180,91,89
050,54,047,"West Virginia","McDowell County",5,18,166,95,71
050,54,047,"West Virginia","McDowell County",5,19,144,86,58
050,54,047,"West Virginia","McDowell County",5,20,159,99,60
050,54,047,"West Virginia","McDowell County",5,21,154,93,61
050,54,047,"West Virginia","McDowell County",5,22,179,104,75
050,54,047,"West Virginia","McDowell County",5,23,205,124,81
050,54,047,"West Virginia","McDowell County",5,24,214,131,83
050,54,047,"West Virginia","McDowell County",5,25,194,122,72
050,54,047,"West Virginia","McDowell County",5,26,185,111,74
050,54,047,"West Virginia","McDowell County",5,27,216,135,81
050,54,047,"West Virginia","McDowell County",5,28,225,133,92
050,54,047,"West Virginia","McDowell County",5,29,230,138,92
050,54,047,"West Virginia","McDowell County",5,30,244,148,96
050,54,047,"West Virginia","McDowell County",5,31,250,150,100
050,54,047,"West Virginia","McDowell County",5,32,275,158,117
050,54,047,"West Virginia","McDowell County",5,33,227,142,85
050,54,047,"West Virginia","McDowell County",5,34,231,137,94
050,54,047,"West Virginia","McDowell County",5,35,212,119,93
050,54,047,"West Virginia","McDowell County",5,36,212,125,87
050,54,047,"West Virginia","McDowell County",5,37,231,136,95
050,54,047,"West Virginia","McDowell County",5,38,222,129,93
050,54,047,"West Virginia","McDowell County",5,39,201,121,80
050,54,047,"West Virginia","McDowell County",5,40,195,121,74
050,54,047,"West Virginia","McDowell County",5,41,211,136,75
050,54,047,"West Virginia","McDowell County",5,42,222,131,91
050,54,047,"West Virginia","McDowell County",5,43,212,117,95
050,54,047,"West Virginia","McDowell County",5,44,230,125,105
050,54,047,"West Virginia","McDowell County",5,45,253,146,107
050,54,047,"West Virginia","McDowell County",5,46,253,156,97
050,54,047,"West Virginia","McDowell County",5,47,209,124,85
050,54,047,"West Virginia","McDowell County",5,48,212,124,88
050,54,047,"West Virginia","McDowell County",5,49,226,128,98
050,54,047,"West Virginia","McDowell County",5,50,224,125,99
050,54,047,"West Virginia","McDowell County",5,51,243,139,104
050,54,047,"West Virginia","McDowell County",5,52,243,132,111
050,54,047,"West Virginia","McDowell County",5,53,201,100,101
050,54,047,"West Virginia","McDowell County",5,54,189,90,99
050,54,047,"West Virginia","McDowell County",5,55,199,114,85
050,54,047,"West Virginia","McDowell County",5,56,202,113,89
050,54,047,"West Virginia","McDowell County",5,57,231,125,106
050,54,047,"West Virginia","McDowell County",5,58,214,99,115
050,54,047,"West Virginia","McDowell County",5,59,214,96,118
050,54,047,"West Virginia","McDowell County",5,60,204,95,109
050,54,047,"West Virginia","McDowell County",5,61,227,110,117
050,54,047,"West Virginia","McDowell County",5,62,240,113,127
050,54,047,"West Virginia","McDowell County",5,63,232,105,127
050,54,047,"West Virginia","McDowell County",5,64,251,121,130
050,54,047,"West Virginia","McDowell County",5,65,285,145,140
050,54,047,"West Virginia","McDowell County",5,66,299,144,155
050,54,047,"West Virginia","McDowell County",5,67,282,134,148
050,54,047,"West Virginia","McDowell County",5,68,267,126,141
050,54,047,"West Virginia","McDowell County",5,69,263,125,138
050,54,047,"West Virginia","McDowell County",5,70,267,124,143
050,54,047,"West Virginia","McDowell County",5,71,252,118,134
050,54,047,"West Virginia","McDowell County",5,72,205,99,106
050,54,047,"West Virginia","McDowell County",5,73,178,95,83
050,54,047,"West Virginia","McDowell County",5,74,186,99,87
050,54,047,"West Virginia","McDowell County",5,75,190,95,95
050,54,047,"West Virginia","McDowell County",5,76,191,93,98
050,54,047,"West Virginia","McDowell County",5,77,123,61,62
050,54,047,"West Virginia","McDowell County",5,78,132,61,71
050,54,047,"West Virginia","McDowell County",5,79,109,50,59
050,54,047,"West Virginia","McDowell County",5,80,129,53,76
050,54,047,"West Virginia","McDowell County",5,81,99,48,51
050,54,047,"West Virginia","McDowell County",5,82,81,36,45
050,54,047,"West Virginia","McDowell County",5,83,75,28,47
050,54,047,"West Virginia","McDowell County",5,84,63,15,48
050,54,047,"West Virginia","McDowell County",5,85,435,162,273
050,54,049,"West Virginia","Marion County",1,0,554,281,273
050,54,049,"West Virginia","Marion County",1,1,580,295,285
050,54,049,"West Virginia","Marion County",1,2,626,349,277
050,54,049,"West Virginia","Marion County",1,3,645,347,298
050,54,049,"West Virginia","Marion County",1,4,597,308,289
050,54,049,"West Virginia","Marion County",1,5,618,307,311
050,54,049,"West Virginia","Marion County",1,6,616,316,300
050,54,049,"West Virginia","Marion County",1,7,664,328,336
050,54,049,"West Virginia","Marion County",1,8,652,325,327
050,54,049,"West Virginia","Marion County",1,9,633,322,311
050,54,049,"West Virginia","Marion County",1,10,621,302,319
050,54,049,"West Virginia","Marion County",1,11,645,318,327
050,54,049,"West Virginia","Marion County",1,12,673,354,319
050,54,049,"West Virginia","Marion County",1,13,654,332,322
050,54,049,"West Virginia","Marion County",1,14,630,334,296
050,54,049,"West Virginia","Marion County",1,15,617,327,290
050,54,049,"West Virginia","Marion County",1,16,639,335,304
050,54,049,"West Virginia","Marion County",1,17,672,357,315
050,54,049,"West Virginia","Marion County",1,18,775,408,367
050,54,049,"West Virginia","Marion County",1,19,1056,570,486
050,54,049,"West Virginia","Marion County",1,20,1060,538,522
050,54,049,"West Virginia","Marion County",1,21,1057,541,516
050,54,049,"West Virginia","Marion County",1,22,870,436,434
050,54,049,"West Virginia","Marion County",1,23,865,444,421
050,54,049,"West Virginia","Marion County",1,24,731,364,367
050,54,049,"West Virginia","Marion County",1,25,714,371,343
050,54,049,"West Virginia","Marion County",1,26,700,358,342
050,54,049,"West Virginia","Marion County",1,27,704,361,343
050,54,049,"West Virginia","Marion County",1,28,718,360,358
050,54,049,"West Virginia","Marion County",1,29,684,355,329
050,54,049,"West Virginia","Marion County",1,30,682,344,338
050,54,049,"West Virginia","Marion County",1,31,619,311,308
050,54,049,"West Virginia","Marion County",1,32,584,294,290
050,54,049,"West Virginia","Marion County",1,33,617,311,306
050,54,049,"West Virginia","Marion County",1,34,610,324,286
050,54,049,"West Virginia","Marion County",1,35,659,352,307
050,54,049,"West Virginia","Marion County",1,36,649,348,301
050,54,049,"West Virginia","Marion County",1,37,690,362,328
050,54,049,"West Virginia","Marion County",1,38,660,317,343
050,54,049,"West Virginia","Marion County",1,39,680,333,347
050,54,049,"West Virginia","Marion County",1,40,693,345,348
050,54,049,"West Virginia","Marion County",1,41,681,359,322
050,54,049,"West Virginia","Marion County",1,42,657,334,323
050,54,049,"West Virginia","Marion County",1,43,659,327,332
050,54,049,"West Virginia","Marion County",1,44,617,330,287
050,54,049,"West Virginia","Marion County",1,45,641,340,301
050,54,049,"West Virginia","Marion County",1,46,643,310,333
050,54,049,"West Virginia","Marion County",1,47,699,330,369
050,54,049,"West Virginia","Marion County",1,48,727,354,373
050,54,049,"West Virginia","Marion County",1,49,778,403,375
050,54,049,"West Virginia","Marion County",1,50,706,349,357
050,54,049,"West Virginia","Marion County",1,51,701,345,356
050,54,049,"West Virginia","Marion County",1,52,687,348,339
050,54,049,"West Virginia","Marion County",1,53,720,362,358
050,54,049,"West Virginia","Marion County",1,54,686,367,319
050,54,049,"West Virginia","Marion County",1,55,691,354,337
050,54,049,"West Virginia","Marion County",1,56,678,336,342
050,54,049,"West Virginia","Marion County",1,57,658,318,340
050,54,049,"West Virginia","Marion County",1,58,665,312,353
050,54,049,"West Virginia","Marion County",1,59,685,320,365
050,54,049,"West Virginia","Marion County",1,60,729,357,372
050,54,049,"West Virginia","Marion County",1,61,792,399,393
050,54,049,"West Virginia","Marion County",1,62,820,403,417
050,54,049,"West Virginia","Marion County",1,63,792,423,369
050,54,049,"West Virginia","Marion County",1,64,736,375,361
050,54,049,"West Virginia","Marion County",1,65,724,351,373
050,54,049,"West Virginia","Marion County",1,66,720,353,367
050,54,049,"West Virginia","Marion County",1,67,715,358,357
050,54,049,"West Virginia","Marion County",1,68,681,344,337
050,54,049,"West Virginia","Marion County",1,69,617,309,308
050,54,049,"West Virginia","Marion County",1,70,663,331,332
050,54,049,"West Virginia","Marion County",1,71,679,323,356
050,54,049,"West Virginia","Marion County",1,72,656,306,350
050,54,049,"West Virginia","Marion County",1,73,609,257,352
050,54,049,"West Virginia","Marion County",1,74,414,184,230
050,54,049,"West Virginia","Marion County",1,75,426,186,240
050,54,049,"West Virginia","Marion County",1,76,435,188,247
050,54,049,"West Virginia","Marion County",1,77,417,184,233
050,54,049,"West Virginia","Marion County",1,78,327,147,180
050,54,049,"West Virginia","Marion County",1,79,342,152,190
050,54,049,"West Virginia","Marion County",1,80,293,134,159
050,54,049,"West Virginia","Marion County",1,81,303,131,172
050,54,049,"West Virginia","Marion County",1,82,272,117,155
050,54,049,"West Virginia","Marion County",1,83,239,93,146
050,54,049,"West Virginia","Marion County",1,84,207,91,116
050,54,049,"West Virginia","Marion County",1,85,1216,418,798
050,54,049,"West Virginia","Marion County",2,0,566,284,282
050,54,049,"West Virginia","Marion County",2,1,571,293,278
050,54,049,"West Virginia","Marion County",2,2,611,336,275
050,54,049,"West Virginia","Marion County",2,3,632,344,288
050,54,049,"West Virginia","Marion County",2,4,609,317,292
050,54,049,"West Virginia","Marion County",2,5,613,306,307
050,54,049,"West Virginia","Marion County",2,6,620,316,304
050,54,049,"West Virginia","Marion County",2,7,654,326,328
050,54,049,"West Virginia","Marion County",2,8,655,326,329
050,54,049,"West Virginia","Marion County",2,9,635,321,314
050,54,049,"West Virginia","Marion County",2,10,624,306,318
050,54,049,"West Virginia","Marion County",2,11,639,313,326
050,54,049,"West Virginia","Marion County",2,12,672,347,325
050,54,049,"West Virginia","Marion County",2,13,660,337,323
050,54,049,"West Virginia","Marion County",2,14,637,334,303
050,54,049,"West Virginia","Marion County",2,15,623,331,292
050,54,049,"West Virginia","Marion County",2,16,636,335,301
050,54,049,"West Virginia","Marion County",2,17,665,353,312
050,54,049,"West Virginia","Marion County",2,18,776,404,372
050,54,049,"West Virginia","Marion County",2,19,1059,575,484
050,54,049,"West Virginia","Marion County",2,20,1066,543,523
050,54,049,"West Virginia","Marion County",2,21,1061,541,520
050,54,049,"West Virginia","Marion County",2,22,874,439,435
050,54,049,"West Virginia","Marion County",2,23,864,444,420
050,54,049,"West Virginia","Marion County",2,24,734,368,366
050,54,049,"West Virginia","Marion County",2,25,712,367,345
050,54,049,"West Virginia","Marion County",2,26,697,355,342
050,54,049,"West Virginia","Marion County",2,27,698,357,341
050,54,049,"West Virginia","Marion County",2,28,718,363,355
050,54,049,"West Virginia","Marion County",2,29,699,359,340
050,54,049,"West Virginia","Marion County",2,30,689,350,339
050,54,049,"West Virginia","Marion County",2,31,635,321,314
050,54,049,"West Virginia","Marion County",2,32,589,295,294
050,54,049,"West Virginia","Marion County",2,33,611,311,300
050,54,049,"West Virginia","Marion County",2,34,610,320,290
050,54,049,"West Virginia","Marion County",2,35,649,347,302
050,54,049,"West Virginia","Marion County",2,36,647,347,300
050,54,049,"West Virginia","Marion County",2,37,679,356,323
050,54,049,"West Virginia","Marion County",2,38,666,328,338
050,54,049,"West Virginia","Marion County",2,39,672,328,344
050,54,049,"West Virginia","Marion County",2,40,693,344,349
050,54,049,"West Virginia","Marion County",2,41,680,354,326
050,54,049,"West Virginia","Marion County",2,42,656,335,321
050,54,049,"West Virginia","Marion County",2,43,662,331,331
050,54,049,"West Virginia","Marion County",2,44,617,326,291
050,54,049,"West Virginia","Marion County",2,45,641,341,300
050,54,049,"West Virginia","Marion County",2,46,639,313,326
050,54,049,"West Virginia","Marion County",2,47,687,325,362
050,54,049,"West Virginia","Marion County",2,48,725,351,374
050,54,049,"West Virginia","Marion County",2,49,771,394,377
050,54,049,"West Virginia","Marion County",2,50,728,364,364
050,54,049,"West Virginia","Marion County",2,51,700,344,356
050,54,049,"West Virginia","Marion County",2,52,687,345,342
050,54,049,"West Virginia","Marion County",2,53,710,356,354
050,54,049,"West Virginia","Marion County",2,54,692,365,327
050,54,049,"West Virginia","Marion County",2,55,691,359,332
050,54,049,"West Virginia","Marion County",2,56,682,341,341
050,54,049,"West Virginia","Marion County",2,57,662,321,341
050,54,049,"West Virginia","Marion County",2,58,661,310,351
050,54,049,"West Virginia","Marion County",2,59,684,320,364
050,54,049,"West Virginia","Marion County",2,60,719,349,370
050,54,049,"West Virginia","Marion County",2,61,769,385,384
050,54,049,"West Virginia","Marion County",2,62,807,399,408
050,54,049,"West Virginia","Marion County",2,63,803,419,384
050,54,049,"West Virginia","Marion County",2,64,742,381,361
050,54,049,"West Virginia","Marion County",2,65,727,356,371
050,54,049,"West Virginia","Marion County",2,66,718,351,367
050,54,049,"West Virginia","Marion County",2,67,710,353,357
050,54,049,"West Virginia","Marion County",2,68,679,343,336
050,54,049,"West Virginia","Marion County",2,69,630,316,314
050,54,049,"West Virginia","Marion County",2,70,650,325,325
050,54,049,"West Virginia","Marion County",2,71,678,325,353
050,54,049,"West Virginia","Marion County",2,72,645,300,345
050,54,049,"West Virginia","Marion County",2,73,643,281,362
050,54,049,"West Virginia","Marion County",2,74,435,190,245
050,54,049,"West Virginia","Marion County",2,75,417,183,234
050,54,049,"West Virginia","Marion County",2,76,427,185,242
050,54,049,"West Virginia","Marion County",2,77,425,187,238
050,54,049,"West Virginia","Marion County",2,78,338,151,187
050,54,049,"West Virginia","Marion County",2,79,336,149,187
050,54,049,"West Virginia","Marion County",2,80,300,137,163
050,54,049,"West Virginia","Marion County",2,81,297,131,166
050,54,049,"West Virginia","Marion County",2,82,273,119,154
050,54,049,"West Virginia","Marion County",2,83,243,97,146
050,54,049,"West Virginia","Marion County",2,84,210,91,119
050,54,049,"West Virginia","Marion County",2,85,1224,424,800
050,54,049,"West Virginia","Marion County",3,0,522,259,263
050,54,049,"West Virginia","Marion County",3,1,569,284,285
050,54,049,"West Virginia","Marion County",3,2,576,291,285
050,54,049,"West Virginia","Marion County",3,3,602,329,273
050,54,049,"West Virginia","Marion County",3,4,634,338,296
050,54,049,"West Virginia","Marion County",3,5,600,316,284
050,54,049,"West Virginia","Marion County",3,6,611,301,310
050,54,049,"West Virginia","Marion County",3,7,625,325,300
050,54,049,"West Virginia","Marion County",3,8,648,324,324
050,54,049,"West Virginia","Marion County",3,9,649,320,329
050,54,049,"West Virginia","Marion County",3,10,631,313,318
050,54,049,"West Virginia","Marion County",3,11,621,299,322
050,54,049,"West Virginia","Marion County",3,12,638,316,322
050,54,049,"West Virginia","Marion County",3,13,672,344,328
050,54,049,"West Virginia","Marion County",3,14,648,332,316
050,54,049,"West Virginia","Marion County",3,15,669,353,316
050,54,049,"West Virginia","Marion County",3,16,623,329,294
050,54,049,"West Virginia","Marion County",3,17,644,328,316
050,54,049,"West Virginia","Marion County",3,18,787,405,382
050,54,049,"West Virginia","Marion County",3,19,1052,587,465
050,54,049,"West Virginia","Marion County",3,20,1062,545,517
050,54,049,"West Virginia","Marion County",3,21,1090,543,547
050,54,049,"West Virginia","Marion County",3,22,886,440,446
050,54,049,"West Virginia","Marion County",3,23,854,453,401
050,54,049,"West Virginia","Marion County",3,24,743,379,364
050,54,049,"West Virginia","Marion County",3,25,698,345,353
050,54,049,"West Virginia","Marion County",3,26,696,352,344
050,54,049,"West Virginia","Marion County",3,27,696,358,338
050,54,049,"West Virginia","Marion County",3,28,713,366,347
050,54,049,"West Virginia","Marion County",3,29,705,361,344
050,54,049,"West Virginia","Marion County",3,30,723,370,353
050,54,049,"West Virginia","Marion County",3,31,688,354,334
050,54,049,"West Virginia","Marion County",3,32,633,326,307
050,54,049,"West Virginia","Marion County",3,33,599,294,305
050,54,049,"West Virginia","Marion County",3,34,605,306,299
050,54,049,"West Virginia","Marion County",3,35,611,315,296
050,54,049,"West Virginia","Marion County",3,36,648,347,301
050,54,049,"West Virginia","Marion County",3,37,648,359,289
050,54,049,"West Virginia","Marion County",3,38,678,353,325
050,54,049,"West Virginia","Marion County",3,39,666,320,346
050,54,049,"West Virginia","Marion County",3,40,664,319,345
050,54,049,"West Virginia","Marion County",3,41,699,342,357
050,54,049,"West Virginia","Marion County",3,42,667,348,319
050,54,049,"West Virginia","Marion County",3,43,659,333,326
050,54,049,"West Virginia","Marion County",3,44,651,325,326
050,54,049,"West Virginia","Marion County",3,45,610,329,281
050,54,049,"West Virginia","Marion County",3,46,632,337,295
050,54,049,"West Virginia","Marion County",3,47,623,305,318
050,54,049,"West Virginia","Marion County",3,48,687,335,352
050,54,049,"West Virginia","Marion County",3,49,706,341,365
050,54,049,"West Virginia","Marion County",3,50,774,392,382
050,54,049,"West Virginia","Marion County",3,51,723,361,362
050,54,049,"West Virginia","Marion County",3,52,708,346,362
050,54,049,"West Virginia","Marion County",3,53,671,336,335
050,54,049,"West Virginia","Marion County",3,54,709,355,354
050,54,049,"West Virginia","Marion County",3,55,694,366,328
050,54,049,"West Virginia","Marion County",3,56,692,350,342
050,54,049,"West Virginia","Marion County",3,57,675,340,335
050,54,049,"West Virginia","Marion County",3,58,659,312,347
050,54,049,"West Virginia","Marion County",3,59,645,304,341
050,54,049,"West Virginia","Marion County",3,60,680,317,363
050,54,049,"West Virginia","Marion County",3,61,709,342,367
050,54,049,"West Virginia","Marion County",3,62,741,370,371
050,54,049,"West Virginia","Marion County",3,63,778,381,397
050,54,049,"West Virginia","Marion County",3,64,792,409,383
050,54,049,"West Virginia","Marion County",3,65,725,364,361
050,54,049,"West Virginia","Marion County",3,66,704,340,364
050,54,049,"West Virginia","Marion County",3,67,693,343,350
050,54,049,"West Virginia","Marion County",3,68,688,340,348
050,54,049,"West Virginia","Marion County",3,69,660,333,327
050,54,049,"West Virginia","Marion County",3,70,626,311,315
050,54,049,"West Virginia","Marion County",3,71,636,311,325
050,54,049,"West Virginia","Marion County",3,72,657,313,344
050,54,049,"West Virginia","Marion County",3,73,615,289,326
050,54,049,"West Virginia","Marion County",3,74,622,268,354
050,54,049,"West Virginia","Marion County",3,75,407,175,232
050,54,049,"West Virginia","Marion County",3,76,410,179,231
050,54,049,"West Virginia","Marion County",3,77,400,168,232
050,54,049,"West Virginia","Marion County",3,78,403,180,223
050,54,049,"West Virginia","Marion County",3,79,317,143,174
050,54,049,"West Virginia","Marion County",3,80,324,140,184
050,54,049,"West Virginia","Marion County",3,81,294,132,162
050,54,049,"West Virginia","Marion County",3,82,260,119,141
050,54,049,"West Virginia","Marion County",3,83,262,105,157
050,54,049,"West Virginia","Marion County",3,84,220,89,131
050,54,049,"West Virginia","Marion County",3,85,1219,442,777
050,54,049,"West Virginia","Marion County",4,0,522,284,238
050,54,049,"West Virginia","Marion County",4,1,527,269,258
050,54,049,"West Virginia","Marion County",4,2,561,281,280
050,54,049,"West Virginia","Marion County",4,3,592,299,293
050,54,049,"West Virginia","Marion County",4,4,573,311,262
050,54,049,"West Virginia","Marion County",4,5,628,332,296
050,54,049,"West Virginia","Marion County",4,6,610,313,297
050,54,049,"West Virginia","Marion County",4,7,599,306,293
050,54,049,"West Virginia","Marion County",4,8,629,330,299
050,54,049,"West Virginia","Marion County",4,9,657,326,331
050,54,049,"West Virginia","Marion County",4,10,629,306,323
050,54,049,"West Virginia","Marion County",4,11,626,307,319
050,54,049,"West Virginia","Marion County",4,12,634,311,323
050,54,049,"West Virginia","Marion County",4,13,630,300,330
050,54,049,"West Virginia","Marion County",4,14,666,342,324
050,54,049,"West Virginia","Marion County",4,15,645,335,310
050,54,049,"West Virginia","Marion County",4,16,663,350,313
050,54,049,"West Virginia","Marion County",4,17,632,335,297
050,54,049,"West Virginia","Marion County",4,18,759,383,376
050,54,049,"West Virginia","Marion County",4,19,1052,575,477
050,54,049,"West Virginia","Marion County",4,20,1043,560,483
050,54,049,"West Virginia","Marion County",4,21,1084,541,543
050,54,049,"West Virginia","Marion County",4,22,914,442,472
050,54,049,"West Virginia","Marion County",4,23,868,457,411
050,54,049,"West Virginia","Marion County",4,24,731,390,341
050,54,049,"West Virginia","Marion County",4,25,730,364,366
050,54,049,"West Virginia","Marion County",4,26,676,334,342
050,54,049,"West Virginia","Marion County",4,27,703,349,354
050,54,049,"West Virginia","Marion County",4,28,708,360,348
050,54,049,"West Virginia","Marion County",4,29,723,369,354
050,54,049,"West Virginia","Marion County",4,30,700,363,337
050,54,049,"West Virginia","Marion County",4,31,726,376,350
050,54,049,"West Virginia","Marion County",4,32,672,343,329
050,54,049,"West Virginia","Marion County",4,33,639,329,310
050,54,049,"West Virginia","Marion County",4,34,593,284,309
050,54,049,"West Virginia","Marion County",4,35,620,322,298
050,54,049,"West Virginia","Marion County",4,36,593,308,285
050,54,049,"West Virginia","Marion County",4,37,657,357,300
050,54,049,"West Virginia","Marion County",4,38,626,349,277
050,54,049,"West Virginia","Marion County",4,39,666,351,315
050,54,049,"West Virginia","Marion County",4,40,671,331,340
050,54,049,"West Virginia","Marion County",4,41,655,317,338
050,54,049,"West Virginia","Marion County",4,42,696,337,359
050,54,049,"West Virginia","Marion County",4,43,662,350,312
050,54,049,"West Virginia","Marion County",4,44,656,329,327
050,54,049,"West Virginia","Marion County",4,45,667,332,335
050,54,049,"West Virginia","Marion County",4,46,621,323,298
050,54,049,"West Virginia","Marion County",4,47,625,337,288
050,54,049,"West Virginia","Marion County",4,48,632,313,319
050,54,049,"West Virginia","Marion County",4,49,677,331,346
050,54,049,"West Virginia","Marion County",4,50,712,335,377
050,54,049,"West Virginia","Marion County",4,51,779,389,390
050,54,049,"West Virginia","Marion County",4,52,733,363,370
050,54,049,"West Virginia","Marion County",4,53,693,341,352
050,54,049,"West Virginia","Marion County",4,54,679,345,334
050,54,049,"West Virginia","Marion County",4,55,698,350,348
050,54,049,"West Virginia","Marion County",4,56,684,361,323
050,54,049,"West Virginia","Marion County",4,57,687,351,336
050,54,049,"West Virginia","Marion County",4,58,674,337,337
050,54,049,"West Virginia","Marion County",4,59,641,304,337
050,54,049,"West Virginia","Marion County",4,60,649,310,339
050,54,049,"West Virginia","Marion County",4,61,675,313,362
050,54,049,"West Virginia","Marion County",4,62,680,324,356
050,54,049,"West Virginia","Marion County",4,63,717,354,363
050,54,049,"West Virginia","Marion County",4,64,758,365,393
050,54,049,"West Virginia","Marion County",4,65,780,395,385
050,54,049,"West Virginia","Marion County",4,66,705,349,356
050,54,049,"West Virginia","Marion County",4,67,680,333,347
050,54,049,"West Virginia","Marion County",4,68,669,324,345
050,54,049,"West Virginia","Marion County",4,69,660,324,336
050,54,049,"West Virginia","Marion County",4,70,652,328,324
050,54,049,"West Virginia","Marion County",4,71,616,302,314
050,54,049,"West Virginia","Marion County",4,72,603,290,313
050,54,049,"West Virginia","Marion County",4,73,616,292,324
050,54,049,"West Virginia","Marion County",4,74,599,282,317
050,54,049,"West Virginia","Marion County",4,75,595,255,340
050,54,049,"West Virginia","Marion County",4,76,397,169,228
050,54,049,"West Virginia","Marion County",4,77,377,162,215
050,54,049,"West Virginia","Marion County",4,78,371,156,215
050,54,049,"West Virginia","Marion County",4,79,384,168,216
050,54,049,"West Virginia","Marion County",4,80,300,129,171
050,54,049,"West Virginia","Marion County",4,81,311,132,179
050,54,049,"West Virginia","Marion County",4,82,263,118,145
050,54,049,"West Virginia","Marion County",4,83,240,108,132
050,54,049,"West Virginia","Marion County",4,84,230,91,139
050,54,049,"West Virginia","Marion County",4,85,1209,444,765
050,54,049,"West Virginia","Marion County",5,0,521,283,238
050,54,049,"West Virginia","Marion County",5,1,535,295,240
050,54,049,"West Virginia","Marion County",5,2,523,257,266
050,54,049,"West Virginia","Marion County",5,3,578,291,287
050,54,049,"West Virginia","Marion County",5,4,612,316,296
050,54,049,"West Virginia","Marion County",5,5,586,325,261
050,54,049,"West Virginia","Marion County",5,6,637,335,302
050,54,049,"West Virginia","Marion County",5,7,635,326,309
050,54,049,"West Virginia","Marion County",5,8,601,310,291
050,54,049,"West Virginia","Marion County",5,9,643,331,312
050,54,049,"West Virginia","Marion County",5,10,640,322,318
050,54,049,"West Virginia","Marion County",5,11,621,301,320
050,54,049,"West Virginia","Marion County",5,12,628,311,317
050,54,049,"West Virginia","Marion County",5,13,623,313,310
050,54,049,"West Virginia","Marion County",5,14,638,303,335
050,54,049,"West Virginia","Marion County",5,15,686,351,335
050,54,049,"West Virginia","Marion County",5,16,655,345,310
050,54,049,"West Virginia","Marion County",5,17,686,366,320
050,54,049,"West Virginia","Marion County",5,18,755,382,373
050,54,049,"West Virginia","Marion County",5,19,1037,562,475
050,54,049,"West Virginia","Marion County",5,20,1050,544,506
050,54,049,"West Virginia","Marion County",5,21,1068,567,501
050,54,049,"West Virginia","Marion County",5,22,932,450,482
050,54,049,"West Virginia","Marion County",5,23,887,445,442
050,54,049,"West Virginia","Marion County",5,24,759,390,369
050,54,049,"West Virginia","Marion County",5,25,700,375,325
050,54,049,"West Virginia","Marion County",5,26,691,331,360
050,54,049,"West Virginia","Marion County",5,27,674,334,340
050,54,049,"West Virginia","Marion County",5,28,722,355,367
050,54,049,"West Virginia","Marion County",5,29,716,371,345
050,54,049,"West Virginia","Marion County",5,30,740,382,358
050,54,049,"West Virginia","Marion County",5,31,708,370,338
050,54,049,"West Virginia","Marion County",5,32,712,366,346
050,54,049,"West Virginia","Marion County",5,33,668,344,324
050,54,049,"West Virginia","Marion County",5,34,646,333,313
050,54,049,"West Virginia","Marion County",5,35,599,290,309
050,54,049,"West Virginia","Marion County",5,36,620,326,294
050,54,049,"West Virginia","Marion County",5,37,592,304,288
050,54,049,"West Virginia","Marion County",5,38,654,352,302
050,54,049,"West Virginia","Marion County",5,39,613,338,275
050,54,049,"West Virginia","Marion County",5,40,660,342,318
050,54,049,"West Virginia","Marion County",5,41,651,319,332
050,54,049,"West Virginia","Marion County",5,42,647,312,335
050,54,049,"West Virginia","Marion County",5,43,697,334,363
050,54,049,"West Virginia","Marion County",5,44,656,344,312
050,54,049,"West Virginia","Marion County",5,45,679,345,334
050,54,049,"West Virginia","Marion County",5,46,669,328,341
050,54,049,"West Virginia","Marion County",5,47,620,313,307
050,54,049,"West Virginia","Marion County",5,48,624,335,289
050,54,049,"West Virginia","Marion County",5,49,617,304,313
050,54,049,"West Virginia","Marion County",5,50,683,337,346
050,54,049,"West Virginia","Marion County",5,51,705,336,369
050,54,049,"West Virginia","Marion County",5,52,762,377,385
050,54,049,"West Virginia","Marion County",5,53,736,365,371
050,54,049,"West Virginia","Marion County",5,54,690,347,343
050,54,049,"West Virginia","Marion County",5,55,676,348,328
050,54,049,"West Virginia","Marion County",5,56,689,340,349
050,54,049,"West Virginia","Marion County",5,57,673,359,314
050,54,049,"West Virginia","Marion County",5,58,663,340,323
050,54,049,"West Virginia","Marion County",5,59,663,331,332
050,54,049,"West Virginia","Marion County",5,60,648,311,337
050,54,049,"West Virginia","Marion County",5,61,645,310,335
050,54,049,"West Virginia","Marion County",5,62,668,300,368
050,54,049,"West Virginia","Marion County",5,63,669,321,348
050,54,049,"West Virginia","Marion County",5,64,698,347,351
050,54,049,"West Virginia","Marion County",5,65,758,361,397
050,54,049,"West Virginia","Marion County",5,66,763,386,377
050,54,049,"West Virginia","Marion County",5,67,692,348,344
050,54,049,"West Virginia","Marion County",5,68,662,321,341
050,54,049,"West Virginia","Marion County",5,69,651,315,336
050,54,049,"West Virginia","Marion County",5,70,647,317,330
050,54,049,"West Virginia","Marion County",5,71,642,321,321
050,54,049,"West Virginia","Marion County",5,72,586,286,300
050,54,049,"West Virginia","Marion County",5,73,570,273,297
050,54,049,"West Virginia","Marion County",5,74,598,284,314
050,54,049,"West Virginia","Marion County",5,75,573,269,304
050,54,049,"West Virginia","Marion County",5,76,576,249,327
050,54,049,"West Virginia","Marion County",5,77,373,155,218
050,54,049,"West Virginia","Marion County",5,78,356,152,204
050,54,049,"West Virginia","Marion County",5,79,359,148,211
050,54,049,"West Virginia","Marion County",5,80,364,158,206
050,54,049,"West Virginia","Marion County",5,81,296,130,166
050,54,049,"West Virginia","Marion County",5,82,277,115,162
050,54,049,"West Virginia","Marion County",5,83,246,108,138
050,54,049,"West Virginia","Marion County",5,84,211,97,114
050,54,049,"West Virginia","Marion County",5,85,1228,453,775
050,54,051,"West Virginia","Marshall County",1,0,267,136,131
050,54,051,"West Virginia","Marshall County",1,1,271,135,136
050,54,051,"West Virginia","Marshall County",1,2,279,144,135
050,54,051,"West Virginia","Marshall County",1,3,282,135,147
050,54,051,"West Virginia","Marshall County",1,4,301,139,162
050,54,051,"West Virginia","Marshall County",1,5,306,164,142
050,54,051,"West Virginia","Marshall County",1,6,322,161,161
050,54,051,"West Virginia","Marshall County",1,7,335,183,152
050,54,051,"West Virginia","Marshall County",1,8,315,188,127
050,54,051,"West Virginia","Marshall County",1,9,326,173,153
050,54,051,"West Virginia","Marshall County",1,10,335,159,176
050,54,051,"West Virginia","Marshall County",1,11,356,176,180
050,54,051,"West Virginia","Marshall County",1,12,359,178,181
050,54,051,"West Virginia","Marshall County",1,13,358,184,174
050,54,051,"West Virginia","Marshall County",1,14,360,188,172
050,54,051,"West Virginia","Marshall County",1,15,350,177,173
050,54,051,"West Virginia","Marshall County",1,16,341,167,174
050,54,051,"West Virginia","Marshall County",1,17,366,174,192
050,54,051,"West Virginia","Marshall County",1,18,312,167,145
050,54,051,"West Virginia","Marshall County",1,19,247,135,112
050,54,051,"West Virginia","Marshall County",1,20,266,133,133
050,54,051,"West Virginia","Marshall County",1,21,283,151,132
050,54,051,"West Virginia","Marshall County",1,22,310,159,151
050,54,051,"West Virginia","Marshall County",1,23,319,166,153
050,54,051,"West Virginia","Marshall County",1,24,317,174,143
050,54,051,"West Virginia","Marshall County",1,25,347,191,156
050,54,051,"West Virginia","Marshall County",1,26,359,195,164
050,54,051,"West Virginia","Marshall County",1,27,369,197,172
050,54,051,"West Virginia","Marshall County",1,28,367,189,178
050,54,051,"West Virginia","Marshall County",1,29,383,208,175
050,54,051,"West Virginia","Marshall County",1,30,373,210,163
050,54,051,"West Virginia","Marshall County",1,31,368,198,170
050,54,051,"West Virginia","Marshall County",1,32,317,169,148
050,54,051,"West Virginia","Marshall County",1,33,324,171,153
050,54,051,"West Virginia","Marshall County",1,34,321,180,141
050,54,051,"West Virginia","Marshall County",1,35,322,171,151
050,54,051,"West Virginia","Marshall County",1,36,318,164,154
050,54,051,"West Virginia","Marshall County",1,37,330,172,158
050,54,051,"West Virginia","Marshall County",1,38,309,163,146
050,54,051,"West Virginia","Marshall County",1,39,338,175,163
050,54,051,"West Virginia","Marshall County",1,40,373,192,181
050,54,051,"West Virginia","Marshall County",1,41,355,192,163
050,54,051,"West Virginia","Marshall County",1,42,365,197,168
050,54,051,"West Virginia","Marshall County",1,43,369,190,179
050,54,051,"West Virginia","Marshall County",1,44,384,207,177
050,54,051,"West Virginia","Marshall County",1,45,356,188,168
050,54,051,"West Virginia","Marshall County",1,46,357,193,164
050,54,051,"West Virginia","Marshall County",1,47,386,208,178
050,54,051,"West Virginia","Marshall County",1,48,421,234,187
050,54,051,"West Virginia","Marshall County",1,49,445,228,217
050,54,051,"West Virginia","Marshall County",1,50,436,215,221
050,54,051,"West Virginia","Marshall County",1,51,404,217,187
050,54,051,"West Virginia","Marshall County",1,52,385,216,169
050,54,051,"West Virginia","Marshall County",1,53,390,205,185
050,54,051,"West Virginia","Marshall County",1,54,449,228,221
050,54,051,"West Virginia","Marshall County",1,55,455,227,228
050,54,051,"West Virginia","Marshall County",1,56,428,208,220
050,54,051,"West Virginia","Marshall County",1,57,434,207,227
050,54,051,"West Virginia","Marshall County",1,58,443,220,223
050,54,051,"West Virginia","Marshall County",1,59,481,242,239
050,54,051,"West Virginia","Marshall County",1,60,491,246,245
050,54,051,"West Virginia","Marshall County",1,61,489,238,251
050,54,051,"West Virginia","Marshall County",1,62,499,256,243
050,54,051,"West Virginia","Marshall County",1,63,489,245,244
050,54,051,"West Virginia","Marshall County",1,64,460,225,235
050,54,051,"West Virginia","Marshall County",1,65,477,244,233
050,54,051,"West Virginia","Marshall County",1,66,490,236,254
050,54,051,"West Virginia","Marshall County",1,67,478,229,249
050,54,051,"West Virginia","Marshall County",1,68,452,222,230
050,54,051,"West Virginia","Marshall County",1,69,429,196,233
050,54,051,"West Virginia","Marshall County",1,70,440,208,232
050,54,051,"West Virginia","Marshall County",1,71,433,216,217
050,54,051,"West Virginia","Marshall County",1,72,448,225,223
050,54,051,"West Virginia","Marshall County",1,73,443,201,242
050,54,051,"West Virginia","Marshall County",1,74,276,126,150
050,54,051,"West Virginia","Marshall County",1,75,249,117,132
050,54,051,"West Virginia","Marshall County",1,76,256,125,131
050,54,051,"West Virginia","Marshall County",1,77,245,105,140
050,54,051,"West Virginia","Marshall County",1,78,228,98,130
050,54,051,"West Virginia","Marshall County",1,79,198,92,106
050,54,051,"West Virginia","Marshall County",1,80,161,65,96
050,54,051,"West Virginia","Marshall County",1,81,166,66,100
050,54,051,"West Virginia","Marshall County",1,82,177,82,95
050,54,051,"West Virginia","Marshall County",1,83,132,54,78
050,54,051,"West Virginia","Marshall County",1,84,116,45,71
050,54,051,"West Virginia","Marshall County",1,85,717,254,463
050,54,051,"West Virginia","Marshall County",2,0,275,140,135
050,54,051,"West Virginia","Marshall County",2,1,267,134,133
050,54,051,"West Virginia","Marshall County",2,2,277,140,137
050,54,051,"West Virginia","Marshall County",2,3,278,136,142
050,54,051,"West Virginia","Marshall County",2,4,297,138,159
050,54,051,"West Virginia","Marshall County",2,5,303,156,147
050,54,051,"West Virginia","Marshall County",2,6,317,162,155
050,54,051,"West Virginia","Marshall County",2,7,330,178,152
050,54,051,"West Virginia","Marshall County",2,8,318,186,132
050,54,051,"West Virginia","Marshall County",2,9,323,176,147
050,54,051,"West Virginia","Marshall County",2,10,332,161,171
050,54,051,"West Virginia","Marshall County",2,11,350,171,179
050,54,051,"West Virginia","Marshall County",2,12,361,179,182
050,54,051,"West Virginia","Marshall County",2,13,359,183,176
050,54,051,"West Virginia","Marshall County",2,14,357,187,170
050,54,051,"West Virginia","Marshall County",2,15,349,177,172
050,54,051,"West Virginia","Marshall County",2,16,345,170,175
050,54,051,"West Virginia","Marshall County",2,17,358,173,185
050,54,051,"West Virginia","Marshall County",2,18,308,163,145
050,54,051,"West Virginia","Marshall County",2,19,250,136,114
050,54,051,"West Virginia","Marshall County",2,20,269,138,131
050,54,051,"West Virginia","Marshall County",2,21,284,150,134
050,54,051,"West Virginia","Marshall County",2,22,304,156,148
050,54,051,"West Virginia","Marshall County",2,23,323,171,152
050,54,051,"West Virginia","Marshall County",2,24,315,170,145
050,54,051,"West Virginia","Marshall County",2,25,342,190,152
050,54,051,"West Virginia","Marshall County",2,26,356,196,160
050,54,051,"West Virginia","Marshall County",2,27,364,195,169
050,54,051,"West Virginia","Marshall County",2,28,362,187,175
050,54,051,"West Virginia","Marshall County",2,29,381,208,173
050,54,051,"West Virginia","Marshall County",2,30,377,211,166
050,54,051,"West Virginia","Marshall County",2,31,368,200,168
050,54,051,"West Virginia","Marshall County",2,32,327,175,152
050,54,051,"West Virginia","Marshall County",2,33,317,169,148
050,54,051,"West Virginia","Marshall County",2,34,321,178,143
050,54,051,"West Virginia","Marshall County",2,35,324,175,149
050,54,051,"West Virginia","Marshall County",2,36,316,164,152
050,54,051,"West Virginia","Marshall County",2,37,331,174,157
050,54,051,"West Virginia","Marshall County",2,38,312,162,150
050,54,051,"West Virginia","Marshall County",2,39,328,170,158
050,54,051,"West Virginia","Marshall County",2,40,369,191,178
050,54,051,"West Virginia","Marshall County",2,41,358,192,166
050,54,051,"West Virginia","Marshall County",2,42,362,195,167
050,54,051,"West Virginia","Marshall County",2,43,371,192,179
050,54,051,"West Virginia","Marshall County",2,44,378,202,176
050,54,051,"West Virginia","Marshall County",2,45,360,189,171
050,54,051,"West Virginia","Marshall County",2,46,356,193,163
050,54,051,"West Virginia","Marshall County",2,47,376,202,174
050,54,051,"West Virginia","Marshall County",2,48,414,228,186
050,54,051,"West Virginia","Marshall County",2,49,440,230,210
050,54,051,"West Virginia","Marshall County",2,50,438,218,220
050,54,051,"West Virginia","Marshall County",2,51,411,216,195
050,54,051,"West Virginia","Marshall County",2,52,383,211,172
050,54,051,"West Virginia","Marshall County",2,53,385,205,180
050,54,051,"West Virginia","Marshall County",2,54,435,224,211
050,54,051,"West Virginia","Marshall County",2,55,450,226,224
050,54,051,"West Virginia","Marshall County",2,56,436,214,222
050,54,051,"West Virginia","Marshall County",2,57,433,209,224
050,54,051,"West Virginia","Marshall County",2,58,437,214,223
050,54,051,"West Virginia","Marshall County",2,59,471,236,235
050,54,051,"West Virginia","Marshall County",2,60,487,244,243
050,54,051,"West Virginia","Marshall County",2,61,488,239,249
050,54,051,"West Virginia","Marshall County",2,62,493,250,243
050,54,051,"West Virginia","Marshall County",2,63,490,246,244
050,54,051,"West Virginia","Marshall County",2,64,459,224,235
050,54,051,"West Virginia","Marshall County",2,65,471,239,232
050,54,051,"West Virginia","Marshall County",2,66,484,237,247
050,54,051,"West Virginia","Marshall County",2,67,479,229,250
050,54,051,"West Virginia","Marshall County",2,68,449,218,231
050,54,051,"West Virginia","Marshall County",2,69,436,203,233
050,54,051,"West Virginia","Marshall County",2,70,436,206,230
050,54,051,"West Virginia","Marshall County",2,71,432,213,219
050,54,051,"West Virginia","Marshall County",2,72,434,217,217
050,54,051,"West Virginia","Marshall County",2,73,463,214,249
050,54,051,"West Virginia","Marshall County",2,74,297,134,163
050,54,051,"West Virginia","Marshall County",2,75,253,118,135
050,54,051,"West Virginia","Marshall County",2,76,249,120,129
050,54,051,"West Virginia","Marshall County",2,77,250,112,138
050,54,051,"West Virginia","Marshall County",2,78,225,97,128
050,54,051,"West Virginia","Marshall County",2,79,200,91,109
050,54,051,"West Virginia","Marshall County",2,80,167,70,97
050,54,051,"West Virginia","Marshall County",2,81,163,66,97
050,54,051,"West Virginia","Marshall County",2,82,175,78,97
050,54,051,"West Virginia","Marshall County",2,83,139,59,80
050,54,051,"West Virginia","Marshall County",2,84,116,45,71
050,54,051,"West Virginia","Marshall County",2,85,721,257,464
050,54,051,"West Virginia","Marshall County",3,0,268,130,138
050,54,051,"West Virginia","Marshall County",3,1,268,134,134
050,54,051,"West Virginia","Marshall County",3,2,260,132,128
050,54,051,"West Virginia","Marshall County",3,3,268,141,127
050,54,051,"West Virginia","Marshall County",3,4,287,142,145
050,54,051,"West Virginia","Marshall County",3,5,293,132,161
050,54,051,"West Virginia","Marshall County",3,6,309,161,148
050,54,051,"West Virginia","Marshall County",3,7,308,164,144
050,54,051,"West Virginia","Marshall County",3,8,332,181,151
050,54,051,"West Virginia","Marshall County",3,9,328,186,142
050,54,051,"West Virginia","Marshall County",3,10,315,171,144
050,54,051,"West Virginia","Marshall County",3,11,327,159,168
050,54,051,"West Virginia","Marshall County",3,12,361,176,185
050,54,051,"West Virginia","Marshall County",3,13,359,184,175
050,54,051,"West Virginia","Marshall County",3,14,360,182,178
050,54,051,"West Virginia","Marshall County",3,15,360,189,171
050,54,051,"West Virginia","Marshall County",3,16,359,185,174
050,54,051,"West Virginia","Marshall County",3,17,348,169,179
050,54,051,"West Virginia","Marshall County",3,18,300,153,147
050,54,051,"West Virginia","Marshall County",3,19,241,126,115
050,54,051,"West Virginia","Marshall County",3,20,272,145,127
050,54,051,"West Virginia","Marshall County",3,21,295,158,137
050,54,051,"West Virginia","Marshall County",3,22,295,147,148
050,54,051,"West Virginia","Marshall County",3,23,310,169,141
050,54,051,"West Virginia","Marshall County",3,24,322,173,149
050,54,051,"West Virginia","Marshall County",3,25,325,178,147
050,54,051,"West Virginia","Marshall County",3,26,353,203,150
050,54,051,"West Virginia","Marshall County",3,27,382,203,179
050,54,051,"West Virginia","Marshall County",3,28,334,180,154
050,54,051,"West Virginia","Marshall County",3,29,372,200,172
050,54,051,"West Virginia","Marshall County",3,30,379,209,170
050,54,051,"West Virginia","Marshall County",3,31,358,192,166
050,54,051,"West Virginia","Marshall County",3,32,365,197,168
050,54,051,"West Virginia","Marshall County",3,33,326,177,149
050,54,051,"West Virginia","Marshall County",3,34,322,174,148
050,54,051,"West Virginia","Marshall County",3,35,325,185,140
050,54,051,"West Virginia","Marshall County",3,36,331,181,150
050,54,051,"West Virginia","Marshall County",3,37,317,173,144
050,54,051,"West Virginia","Marshall County",3,38,314,157,157
050,54,051,"West Virginia","Marshall County",3,39,303,155,148
050,54,051,"West Virginia","Marshall County",3,40,334,181,153
050,54,051,"West Virginia","Marshall County",3,41,369,197,172
050,54,051,"West Virginia","Marshall County",3,42,359,191,168
050,54,051,"West Virginia","Marshall County",3,43,351,188,163
050,54,051,"West Virginia","Marshall County",3,44,374,196,178
050,54,051,"West Virginia","Marshall County",3,45,357,180,177
050,54,051,"West Virginia","Marshall County",3,46,376,206,170
050,54,051,"West Virginia","Marshall County",3,47,348,193,155
050,54,051,"West Virginia","Marshall County",3,48,372,200,172
050,54,051,"West Virginia","Marshall County",3,49,399,217,182
050,54,051,"West Virginia","Marshall County",3,50,436,233,203
050,54,051,"West Virginia","Marshall County",3,51,437,219,218
050,54,051,"West Virginia","Marshall County",3,52,404,212,192
050,54,051,"West Virginia","Marshall County",3,53,372,204,168
050,54,051,"West Virginia","Marshall County",3,54,403,217,186
050,54,051,"West Virginia","Marshall County",3,55,419,214,205
050,54,051,"West Virginia","Marshall County",3,56,452,230,222
050,54,051,"West Virginia","Marshall County",3,57,433,214,219
050,54,051,"West Virginia","Marshall County",3,58,430,207,223
050,54,051,"West Virginia","Marshall County",3,59,417,201,216
050,54,051,"West Virginia","Marshall County",3,60,464,231,233
050,54,051,"West Virginia","Marshall County",3,61,483,247,236
050,54,051,"West Virginia","Marshall County",3,62,496,248,248
050,54,051,"West Virginia","Marshall County",3,63,476,237,239
050,54,051,"West Virginia","Marshall County",3,64,470,234,236
050,54,051,"West Virginia","Marshall County",3,65,455,222,233
050,54,051,"West Virginia","Marshall County",3,66,475,243,232
050,54,051,"West Virginia","Marshall County",3,67,464,223,241
050,54,051,"West Virginia","Marshall County",3,68,473,230,243
050,54,051,"West Virginia","Marshall County",3,69,441,210,231
050,54,051,"West Virginia","Marshall County",3,70,427,204,223
050,54,051,"West Virginia","Marshall County",3,71,412,187,225
050,54,051,"West Virginia","Marshall County",3,72,421,204,217
050,54,051,"West Virginia","Marshall County",3,73,412,204,208
050,54,051,"West Virginia","Marshall County",3,74,445,206,239
050,54,051,"West Virginia","Marshall County",3,75,282,129,153
050,54,051,"West Virginia","Marshall County",3,76,239,109,130
050,54,051,"West Virginia","Marshall County",3,77,235,113,122
050,54,051,"West Virginia","Marshall County",3,78,233,106,127
050,54,051,"West Virginia","Marshall County",3,79,211,89,122
050,54,051,"West Virginia","Marshall County",3,80,168,76,92
050,54,051,"West Virginia","Marshall County",3,81,151,58,93
050,54,051,"West Virginia","Marshall County",3,82,153,63,90
050,54,051,"West Virginia","Marshall County",3,83,158,74,84
050,54,051,"West Virginia","Marshall County",3,84,122,49,73
050,54,051,"West Virginia","Marshall County",3,85,705,246,459
050,54,051,"West Virginia","Marshall County",4,0,261,130,131
050,54,051,"West Virginia","Marshall County",4,1,249,113,136
050,54,051,"West Virginia","Marshall County",4,2,271,132,139
050,54,051,"West Virginia","Marshall County",4,3,265,130,135
050,54,051,"West Virginia","Marshall County",4,4,268,143,125
050,54,051,"West Virginia","Marshall County",4,5,274,137,137
050,54,051,"West Virginia","Marshall County",4,6,289,131,158
050,54,051,"West Virginia","Marshall County",4,7,303,152,151
050,54,051,"West Virginia","Marshall County",4,8,312,167,145
050,54,051,"West Virginia","Marshall County",4,9,336,185,151
050,54,051,"West Virginia","Marshall County",4,10,319,181,138
050,54,051,"West Virginia","Marshall County",4,11,321,174,147
050,54,051,"West Virginia","Marshall County",4,12,326,165,161
050,54,051,"West Virginia","Marshall County",4,13,357,170,187
050,54,051,"West Virginia","Marshall County",4,14,364,184,180
050,54,051,"West Virginia","Marshall County",4,15,370,180,190
050,54,051,"West Virginia","Marshall County",4,16,352,182,170
050,54,051,"West Virginia","Marshall County",4,17,361,182,179
050,54,051,"West Virginia","Marshall County",4,18,291,153,138
050,54,051,"West Virginia","Marshall County",4,19,229,118,111
050,54,051,"West Virginia","Marshall County",4,20,265,135,130
050,54,051,"West Virginia","Marshall County",4,21,285,158,127
050,54,051,"West Virginia","Marshall County",4,22,301,152,149
050,54,051,"West Virginia","Marshall County",4,23,316,164,152
050,54,051,"West Virginia","Marshall County",4,24,283,153,130
050,54,051,"West Virginia","Marshall County",4,25,321,171,150
050,54,051,"West Virginia","Marshall County",4,26,328,187,141
050,54,051,"West Virginia","Marshall County",4,27,350,203,147
050,54,051,"West Virginia","Marshall County",4,28,348,182,166
050,54,051,"West Virginia","Marshall County",4,29,346,192,154
050,54,051,"West Virginia","Marshall County",4,30,348,191,157
050,54,051,"West Virginia","Marshall County",4,31,357,188,169
050,54,051,"West Virginia","Marshall County",4,32,351,185,166
050,54,051,"West Virginia","Marshall County",4,33,365,198,167
050,54,051,"West Virginia","Marshall County",4,34,327,180,147
050,54,051,"West Virginia","Marshall County",4,35,325,184,141
050,54,051,"West Virginia","Marshall County",4,36,306,168,138
050,54,051,"West Virginia","Marshall County",4,37,340,184,156
050,54,051,"West Virginia","Marshall County",4,38,304,156,148
050,54,051,"West Virginia","Marshall County",4,39,317,158,159
050,54,051,"West Virginia","Marshall County",4,40,303,157,146
050,54,051,"West Virginia","Marshall County",4,41,338,188,150
050,54,051,"West Virginia","Marshall County",4,42,365,192,173
050,54,051,"West Virginia","Marshall County",4,43,348,182,166
050,54,051,"West Virginia","Marshall County",4,44,357,192,165
050,54,051,"West Virginia","Marshall County",4,45,349,171,178
050,54,051,"West Virginia","Marshall County",4,46,368,192,176
050,54,051,"West Virginia","Marshall County",4,47,375,203,172
050,54,051,"West Virginia","Marshall County",4,48,346,186,160
050,54,051,"West Virginia","Marshall County",4,49,361,195,166
050,54,051,"West Virginia","Marshall County",4,50,409,227,182
050,54,051,"West Virginia","Marshall County",4,51,428,232,196
050,54,051,"West Virginia","Marshall County",4,52,429,218,211
050,54,051,"West Virginia","Marshall County",4,53,387,200,187
050,54,051,"West Virginia","Marshall County",4,54,382,216,166
050,54,051,"West Virginia","Marshall County",4,55,386,205,181
050,54,051,"West Virginia","Marshall County",4,56,410,206,204
050,54,051,"West Virginia","Marshall County",4,57,455,237,218
050,54,051,"West Virginia","Marshall County",4,58,423,205,218
050,54,051,"West Virginia","Marshall County",4,59,417,197,220
050,54,051,"West Virginia","Marshall County",4,60,417,197,220
050,54,051,"West Virginia","Marshall County",4,61,475,240,235
050,54,051,"West Virginia","Marshall County",4,62,484,251,233
050,54,051,"West Virginia","Marshall County",4,63,488,237,251
050,54,051,"West Virginia","Marshall County",4,64,454,222,232
050,54,051,"West Virginia","Marshall County",4,65,461,231,230
050,54,051,"West Virginia","Marshall County",4,66,453,224,229
050,54,051,"West Virginia","Marshall County",4,67,454,233,221
050,54,051,"West Virginia","Marshall County",4,68,454,223,231
050,54,051,"West Virginia","Marshall County",4,69,457,217,240
050,54,051,"West Virginia","Marshall County",4,70,428,211,217
050,54,051,"West Virginia","Marshall County",4,71,406,188,218
050,54,051,"West Virginia","Marshall County",4,72,397,178,219
050,54,051,"West Virginia","Marshall County",4,73,400,192,208
050,54,051,"West Virginia","Marshall County",4,74,392,194,198
050,54,051,"West Virginia","Marshall County",4,75,433,204,229
050,54,051,"West Virginia","Marshall County",4,76,266,113,153
050,54,051,"West Virginia","Marshall County",4,77,220,101,119
050,54,051,"West Virginia","Marshall County",4,78,219,106,113
050,54,051,"West Virginia","Marshall County",4,79,214,94,120
050,54,051,"West Virginia","Marshall County",4,80,186,79,107
050,54,051,"West Virginia","Marshall County",4,81,157,70,87
050,54,051,"West Virginia","Marshall County",4,82,138,56,82
050,54,051,"West Virginia","Marshall County",4,83,141,62,79
050,54,051,"West Virginia","Marshall County",4,84,134,64,70
050,54,051,"West Virginia","Marshall County",4,85,702,245,457
050,54,051,"West Virginia","Marshall County",5,0,260,129,131
050,54,051,"West Virginia","Marshall County",5,1,267,137,130
050,54,051,"West Virginia","Marshall County",5,2,259,116,143
050,54,051,"West Virginia","Marshall County",5,3,267,133,134
050,54,051,"West Virginia","Marshall County",5,4,266,135,131
050,54,051,"West Virginia","Marshall County",5,5,272,141,131
050,54,051,"West Virginia","Marshall County",5,6,276,136,140
050,54,051,"West Virginia","Marshall County",5,7,292,135,157
050,54,051,"West Virginia","Marshall County",5,8,302,155,147
050,54,051,"West Virginia","Marshall County",5,9,312,170,142
050,54,051,"West Virginia","Marshall County",5,10,323,184,139
050,54,051,"West Virginia","Marshall County",5,11,325,187,138
050,54,051,"West Virginia","Marshall County",5,12,317,168,149
050,54,051,"West Virginia","Marshall County",5,13,317,166,151
050,54,051,"West Virginia","Marshall County",5,14,357,172,185
050,54,051,"West Virginia","Marshall County",5,15,356,189,167
050,54,051,"West Virginia","Marshall County",5,16,364,175,189
050,54,051,"West Virginia","Marshall County",5,17,362,186,176
050,54,051,"West Virginia","Marshall County",5,18,298,154,144
050,54,051,"West Virginia","Marshall County",5,19,227,114,113
050,54,051,"West Virginia","Marshall County",5,20,253,123,130
050,54,051,"West Virginia","Marshall County",5,21,293,152,141
050,54,051,"West Virginia","Marshall County",5,22,303,162,141
050,54,051,"West Virginia","Marshall County",5,23,326,174,152
050,54,051,"West Virginia","Marshall County",5,24,319,170,149
050,54,051,"West Virginia","Marshall County",5,25,291,156,135
050,54,051,"West Virginia","Marshall County",5,26,323,177,146
050,54,051,"West Virginia","Marshall County",5,27,337,187,150
050,54,051,"West Virginia","Marshall County",5,28,323,179,144
050,54,051,"West Virginia","Marshall County",5,29,358,197,161
050,54,051,"West Virginia","Marshall County",5,30,342,186,156
050,54,051,"West Virginia","Marshall County",5,31,349,188,161
050,54,051,"West Virginia","Marshall County",5,32,356,190,166
050,54,051,"West Virginia","Marshall County",5,33,345,180,165
050,54,051,"West Virginia","Marshall County",5,34,364,194,170
050,54,051,"West Virginia","Marshall County",5,35,338,190,148
050,54,051,"West Virginia","Marshall County",5,36,325,177,148
050,54,051,"West Virginia","Marshall County",5,37,313,176,137
050,54,051,"West Virginia","Marshall County",5,38,325,169,156
050,54,051,"West Virginia","Marshall County",5,39,293,150,143
050,54,051,"West Virginia","Marshall County",5,40,318,165,153
050,54,051,"West Virginia","Marshall County",5,41,304,161,143
050,54,051,"West Virginia","Marshall County",5,42,336,182,154
050,54,051,"West Virginia","Marshall County",5,43,349,181,168
050,54,051,"West Virginia","Marshall County",5,44,352,189,163
050,54,051,"West Virginia","Marshall County",5,45,334,171,163
050,54,051,"West Virginia","Marshall County",5,46,358,182,176
050,54,051,"West Virginia","Marshall County",5,47,368,192,176
050,54,051,"West Virginia","Marshall County",5,48,367,198,169
050,54,051,"West Virginia","Marshall County",5,49,339,180,159
050,54,051,"West Virginia","Marshall County",5,50,369,203,166
050,54,051,"West Virginia","Marshall County",5,51,405,224,181
050,54,051,"West Virginia","Marshall County",5,52,423,231,192
050,54,051,"West Virginia","Marshall County",5,53,422,214,208
050,54,051,"West Virginia","Marshall County",5,54,400,213,187
050,54,051,"West Virginia","Marshall County",5,55,367,205,162
050,54,051,"West Virginia","Marshall County",5,56,383,204,179
050,54,051,"West Virginia","Marshall County",5,57,405,206,199
050,54,051,"West Virginia","Marshall County",5,58,455,231,224
050,54,051,"West Virginia","Marshall County",5,59,405,192,213
050,54,051,"West Virginia","Marshall County",5,60,413,195,218
050,54,051,"West Virginia","Marshall County",5,61,419,199,220
050,54,051,"West Virginia","Marshall County",5,62,478,243,235
050,54,051,"West Virginia","Marshall County",5,63,478,245,233
050,54,051,"West Virginia","Marshall County",5,64,476,228,248
050,54,051,"West Virginia","Marshall County",5,65,450,221,229
050,54,051,"West Virginia","Marshall County",5,66,472,237,235
050,54,051,"West Virginia","Marshall County",5,67,437,212,225
050,54,051,"West Virginia","Marshall County",5,68,447,230,217
050,54,051,"West Virginia","Marshall County",5,69,435,209,226
050,54,051,"West Virginia","Marshall County",5,70,450,221,229
050,54,051,"West Virginia","Marshall County",5,71,411,197,214
050,54,051,"West Virginia","Marshall County",5,72,396,182,214
050,54,051,"West Virginia","Marshall County",5,73,378,168,210
050,54,051,"West Virginia","Marshall County",5,74,384,181,203
050,54,051,"West Virginia","Marshall County",5,75,377,190,187
050,54,051,"West Virginia","Marshall County",5,76,415,190,225
050,54,051,"West Virginia","Marshall County",5,77,255,108,147
050,54,051,"West Virginia","Marshall County",5,78,209,95,114
050,54,051,"West Virginia","Marshall County",5,79,201,93,108
050,54,051,"West Virginia","Marshall County",5,80,185,81,104
050,54,051,"West Virginia","Marshall County",5,81,171,70,101
050,54,051,"West Virginia","Marshall County",5,82,146,70,76
050,54,051,"West Virginia","Marshall County",5,83,124,53,71
050,54,051,"West Virginia","Marshall County",5,84,121,54,67
050,54,051,"West Virginia","Marshall County",5,85,723,268,455
050,54,053,"West Virginia","Mason County",1,0,241,127,114
050,54,053,"West Virginia","Mason County",1,1,252,141,111
050,54,053,"West Virginia","Mason County",1,2,261,141,120
050,54,053,"West Virginia","Mason County",1,3,273,137,136
050,54,053,"West Virginia","Mason County",1,4,284,139,145
050,54,053,"West Virginia","Mason County",1,5,300,155,145
050,54,053,"West Virginia","Mason County",1,6,281,167,114
050,54,053,"West Virginia","Mason County",1,7,290,162,128
050,54,053,"West Virginia","Mason County",1,8,303,169,134
050,54,053,"West Virginia","Mason County",1,9,275,149,126
050,54,053,"West Virginia","Mason County",1,10,292,151,141
050,54,053,"West Virginia","Mason County",1,11,313,155,158
050,54,053,"West Virginia","Mason County",1,12,348,181,167
050,54,053,"West Virginia","Mason County",1,13,329,171,158
050,54,053,"West Virginia","Mason County",1,14,321,162,159
050,54,053,"West Virginia","Mason County",1,15,325,159,166
050,54,053,"West Virginia","Mason County",1,16,325,162,163
050,54,053,"West Virginia","Mason County",1,17,295,152,143
050,54,053,"West Virginia","Mason County",1,18,258,140,118
050,54,053,"West Virginia","Mason County",1,19,213,111,102
050,54,053,"West Virginia","Mason County",1,20,218,112,106
050,54,053,"West Virginia","Mason County",1,21,233,125,108
050,54,053,"West Virginia","Mason County",1,22,249,130,119
050,54,053,"West Virginia","Mason County",1,23,277,137,140
050,54,053,"West Virginia","Mason County",1,24,294,144,150
050,54,053,"West Virginia","Mason County",1,25,308,149,159
050,54,053,"West Virginia","Mason County",1,26,274,131,143
050,54,053,"West Virginia","Mason County",1,27,286,129,157
050,54,053,"West Virginia","Mason County",1,28,295,148,147
050,54,053,"West Virginia","Mason County",1,29,332,143,189
050,54,053,"West Virginia","Mason County",1,30,287,123,164
050,54,053,"West Virginia","Mason County",1,31,276,120,156
050,54,053,"West Virginia","Mason County",1,32,253,115,138
050,54,053,"West Virginia","Mason County",1,33,252,119,133
050,54,053,"West Virginia","Mason County",1,34,265,124,141
050,54,053,"West Virginia","Mason County",1,35,252,98,154
050,54,053,"West Virginia","Mason County",1,36,296,125,171
050,54,053,"West Virginia","Mason County",1,37,312,153,159
050,54,053,"West Virginia","Mason County",1,38,301,143,158
050,54,053,"West Virginia","Mason County",1,39,326,152,174
050,54,053,"West Virginia","Mason County",1,40,339,160,179
050,54,053,"West Virginia","Mason County",1,41,323,154,169
050,54,053,"West Virginia","Mason County",1,42,326,151,175
050,54,053,"West Virginia","Mason County",1,43,306,145,161
050,54,053,"West Virginia","Mason County",1,44,299,143,156
050,54,053,"West Virginia","Mason County",1,45,307,151,156
050,54,053,"West Virginia","Mason County",1,46,296,142,154
050,54,053,"West Virginia","Mason County",1,47,317,155,162
050,54,053,"West Virginia","Mason County",1,48,330,158,172
050,54,053,"West Virginia","Mason County",1,49,341,186,155
050,54,053,"West Virginia","Mason County",1,50,319,164,155
050,54,053,"West Virginia","Mason County",1,51,314,150,164
050,54,053,"West Virginia","Mason County",1,52,305,145,160
050,54,053,"West Virginia","Mason County",1,53,307,151,156
050,54,053,"West Virginia","Mason County",1,54,307,154,153
050,54,053,"West Virginia","Mason County",1,55,345,172,173
050,54,053,"West Virginia","Mason County",1,56,362,174,188
050,54,053,"West Virginia","Mason County",1,57,378,189,189
050,54,053,"West Virginia","Mason County",1,58,378,172,206
050,54,053,"West Virginia","Mason County",1,59,393,196,197
050,54,053,"West Virginia","Mason County",1,60,390,188,202
050,54,053,"West Virginia","Mason County",1,61,431,204,227
050,54,053,"West Virginia","Mason County",1,62,431,212,219
050,54,053,"West Virginia","Mason County",1,63,397,200,197
050,54,053,"West Virginia","Mason County",1,64,390,180,210
050,54,053,"West Virginia","Mason County",1,65,381,167,214
050,54,053,"West Virginia","Mason County",1,66,391,190,201
050,54,053,"West Virginia","Mason County",1,67,348,168,180
050,54,053,"West Virginia","Mason County",1,68,338,167,171
050,54,053,"West Virginia","Mason County",1,69,300,146,154
050,54,053,"West Virginia","Mason County",1,70,297,140,157
050,54,053,"West Virginia","Mason County",1,71,337,169,168
050,54,053,"West Virginia","Mason County",1,72,315,151,164
050,54,053,"West Virginia","Mason County",1,73,317,160,157
050,54,053,"West Virginia","Mason County",1,74,199,96,103
050,54,053,"West Virginia","Mason County",1,75,220,100,120
050,54,053,"West Virginia","Mason County",1,76,221,101,120
050,54,053,"West Virginia","Mason County",1,77,202,92,110
050,54,053,"West Virginia","Mason County",1,78,186,86,100
050,54,053,"West Virginia","Mason County",1,79,162,77,85
050,54,053,"West Virginia","Mason County",1,80,142,64,78
050,54,053,"West Virginia","Mason County",1,81,137,67,70
050,54,053,"West Virginia","Mason County",1,82,143,65,78
050,54,053,"West Virginia","Mason County",1,83,119,47,72
050,54,053,"West Virginia","Mason County",1,84,118,48,70
050,54,053,"West Virginia","Mason County",1,85,582,197,385
050,54,053,"West Virginia","Mason County",2,0,244,125,119
050,54,053,"West Virginia","Mason County",2,1,249,138,111
050,54,053,"West Virginia","Mason County",2,2,258,140,118
050,54,053,"West Virginia","Mason County",2,3,271,138,133
050,54,053,"West Virginia","Mason County",2,4,284,140,144
050,54,053,"West Virginia","Mason County",2,5,294,151,143
050,54,053,"West Virginia","Mason County",2,6,286,164,122
050,54,053,"West Virginia","Mason County",2,7,289,164,125
050,54,053,"West Virginia","Mason County",2,8,299,167,132
050,54,053,"West Virginia","Mason County",2,9,281,154,127
050,54,053,"West Virginia","Mason County",2,10,287,151,136
050,54,053,"West Virginia","Mason County",2,11,307,154,153
050,54,053,"West Virginia","Mason County",2,12,339,175,164
050,54,053,"West Virginia","Mason County",2,13,331,171,160
050,54,053,"West Virginia","Mason County",2,14,323,163,160
050,54,053,"West Virginia","Mason County",2,15,322,159,163
050,54,053,"West Virginia","Mason County",2,16,325,162,163
050,54,053,"West Virginia","Mason County",2,17,303,154,149
050,54,053,"West Virginia","Mason County",2,18,254,137,117
050,54,053,"West Virginia","Mason County",2,19,209,109,100
050,54,053,"West Virginia","Mason County",2,20,223,114,109
050,54,053,"West Virginia","Mason County",2,21,232,123,109
050,54,053,"West Virginia","Mason County",2,22,251,131,120
050,54,053,"West Virginia","Mason County",2,23,277,137,140
050,54,053,"West Virginia","Mason County",2,24,289,142,147
050,54,053,"West Virginia","Mason County",2,25,312,150,162
050,54,053,"West Virginia","Mason County",2,26,281,135,146
050,54,053,"West Virginia","Mason County",2,27,286,130,156
050,54,053,"West Virginia","Mason County",2,28,289,144,145
050,54,053,"West Virginia","Mason County",2,29,324,145,179
050,54,053,"West Virginia","Mason County",2,30,297,127,170
050,54,053,"West Virginia","Mason County",2,31,278,120,158
050,54,053,"West Virginia","Mason County",2,32,255,116,139
050,54,053,"West Virginia","Mason County",2,33,249,117,132
050,54,053,"West Virginia","Mason County",2,34,261,123,138
050,54,053,"West Virginia","Mason County",2,35,259,107,152
050,54,053,"West Virginia","Mason County",2,36,287,118,169
050,54,053,"West Virginia","Mason County",2,37,304,145,159
050,54,053,"West Virginia","Mason County",2,38,302,145,157
050,54,053,"West Virginia","Mason County",2,39,318,148,170
050,54,053,"West Virginia","Mason County",2,40,337,159,178
050,54,053,"West Virginia","Mason County",2,41,327,155,172
050,54,053,"West Virginia","Mason County",2,42,323,150,173
050,54,053,"West Virginia","Mason County",2,43,313,149,164
050,54,053,"West Virginia","Mason County",2,44,298,142,156
050,54,053,"West Virginia","Mason County",2,45,305,149,156
050,54,053,"West Virginia","Mason County",2,46,299,142,157
050,54,053,"West Virginia","Mason County",2,47,310,151,159
050,54,053,"West Virginia","Mason County",2,48,325,156,169
050,54,053,"West Virginia","Mason County",2,49,335,179,156
050,54,053,"West Virginia","Mason County",2,50,321,169,152
050,54,053,"West Virginia","Mason County",2,51,314,153,161
050,54,053,"West Virginia","Mason County",2,52,305,146,159
050,54,053,"West Virginia","Mason County",2,53,303,147,156
050,54,053,"West Virginia","Mason County",2,54,306,152,154
050,54,053,"West Virginia","Mason County",2,55,337,169,168
050,54,053,"West Virginia","Mason County",2,56,355,172,183
050,54,053,"West Virginia","Mason County",2,57,374,185,189
050,54,053,"West Virginia","Mason County",2,58,377,176,201
050,54,053,"West Virginia","Mason County",2,59,391,191,200
050,54,053,"West Virginia","Mason County",2,60,391,187,204
050,54,053,"West Virginia","Mason County",2,61,420,201,219
050,54,053,"West Virginia","Mason County",2,62,429,211,218
050,54,053,"West Virginia","Mason County",2,63,408,204,204
050,54,053,"West Virginia","Mason County",2,64,390,184,206
050,54,053,"West Virginia","Mason County",2,65,377,165,212
050,54,053,"West Virginia","Mason County",2,66,389,184,205
050,54,053,"West Virginia","Mason County",2,67,356,171,185
050,54,053,"West Virginia","Mason County",2,68,339,166,173
050,54,053,"West Virginia","Mason County",2,69,311,150,161
050,54,053,"West Virginia","Mason County",2,70,294,140,154
050,54,053,"West Virginia","Mason County",2,71,328,163,165
050,54,053,"West Virginia","Mason County",2,72,311,149,162
050,54,053,"West Virginia","Mason County",2,73,331,165,166
050,54,053,"West Virginia","Mason County",2,74,211,104,107
050,54,053,"West Virginia","Mason County",2,75,214,98,116
050,54,053,"West Virginia","Mason County",2,76,215,98,117
050,54,053,"West Virginia","Mason County",2,77,212,97,115
050,54,053,"West Virginia","Mason County",2,78,186,87,99
050,54,053,"West Virginia","Mason County",2,79,165,78,87
050,54,053,"West Virginia","Mason County",2,80,143,63,80
050,54,053,"West Virginia","Mason County",2,81,133,65,68
050,54,053,"West Virginia","Mason County",2,82,138,63,75
050,54,053,"West Virginia","Mason County",2,83,119,49,70
050,54,053,"West Virginia","Mason County",2,84,117,48,69
050,54,053,"West Virginia","Mason County",2,85,592,202,390
050,54,053,"West Virginia","Mason County",3,0,268,122,146
050,54,053,"West Virginia","Mason County",3,1,240,130,110
050,54,053,"West Virginia","Mason County",3,2,243,138,105
050,54,053,"West Virginia","Mason County",3,3,249,131,118
050,54,053,"West Virginia","Mason County",3,4,265,138,127
050,54,053,"West Virginia","Mason County",3,5,286,144,142
050,54,053,"West Virginia","Mason County",3,6,293,146,147
050,54,053,"West Virginia","Mason County",3,7,283,161,122
050,54,053,"West Virginia","Mason County",3,8,280,161,119
050,54,053,"West Virginia","Mason County",3,9,297,166,131
050,54,053,"West Virginia","Mason County",3,10,281,154,127
050,54,053,"West Virginia","Mason County",3,11,282,144,138
050,54,053,"West Virginia","Mason County",3,12,306,154,152
050,54,053,"West Virginia","Mason County",3,13,335,172,163
050,54,053,"West Virginia","Mason County",3,14,331,172,159
050,54,053,"West Virginia","Mason County",3,15,324,165,159
050,54,053,"West Virginia","Mason County",3,16,332,164,168
050,54,053,"West Virginia","Mason County",3,17,336,169,167
050,54,053,"West Virginia","Mason County",3,18,262,140,122
050,54,053,"West Virginia","Mason County",3,19,198,106,92
050,54,053,"West Virginia","Mason County",3,20,243,121,122
050,54,053,"West Virginia","Mason County",3,21,227,115,112
050,54,053,"West Virginia","Mason County",3,22,248,128,120
050,54,053,"West Virginia","Mason County",3,23,270,136,134
050,54,053,"West Virginia","Mason County",3,24,284,141,143
050,54,053,"West Virginia","Mason County",3,25,303,136,167
050,54,053,"West Virginia","Mason County",3,26,300,146,154
050,54,053,"West Virginia","Mason County",3,27,303,152,151
050,54,053,"West Virginia","Mason County",3,28,264,130,134
050,54,053,"West Virginia","Mason County",3,29,293,141,152
050,54,053,"West Virginia","Mason County",3,30,316,138,178
050,54,053,"West Virginia","Mason County",3,31,305,130,175
050,54,053,"West Virginia","Mason County",3,32,261,114,147
050,54,053,"West Virginia","Mason County",3,33,247,116,131
050,54,053,"West Virginia","Mason County",3,34,251,119,132
050,54,053,"West Virginia","Mason County",3,35,272,127,145
050,54,053,"West Virginia","Mason County",3,36,268,102,166
050,54,053,"West Virginia","Mason County",3,37,269,117,152
050,54,053,"West Virginia","Mason County",3,38,309,142,167
050,54,053,"West Virginia","Mason County",3,39,309,146,163
050,54,053,"West Virginia","Mason County",3,40,311,146,165
050,54,053,"West Virginia","Mason County",3,41,347,161,186
050,54,053,"West Virginia","Mason County",3,42,324,153,171
050,54,053,"West Virginia","Mason County",3,43,324,150,174
050,54,053,"West Virginia","Mason County",3,44,318,150,168
050,54,053,"West Virginia","Mason County",3,45,297,142,155
050,54,053,"West Virginia","Mason County",3,46,306,149,157
050,54,053,"West Virginia","Mason County",3,47,303,146,157
050,54,053,"West Virginia","Mason County",3,48,318,152,166
050,54,053,"West Virginia","Mason County",3,49,326,161,165
050,54,053,"West Virginia","Mason County",3,50,332,175,157
050,54,053,"West Virginia","Mason County",3,51,325,172,153
050,54,053,"West Virginia","Mason County",3,52,315,155,160
050,54,053,"West Virginia","Mason County",3,53,299,141,158
050,54,053,"West Virginia","Mason County",3,54,306,147,159
050,54,053,"West Virginia","Mason County",3,55,308,156,152
050,54,053,"West Virginia","Mason County",3,56,335,170,165
050,54,053,"West Virginia","Mason County",3,57,367,176,191
050,54,053,"West Virginia","Mason County",3,58,366,183,183
050,54,053,"West Virginia","Mason County",3,59,369,173,196
050,54,053,"West Virginia","Mason County",3,60,385,180,205
050,54,053,"West Virginia","Mason County",3,61,369,183,186
050,54,053,"West Virginia","Mason County",3,62,410,194,216
050,54,053,"West Virginia","Mason County",3,63,411,200,211
050,54,053,"West Virginia","Mason County",3,64,410,205,205
050,54,053,"West Virginia","Mason County",3,65,386,183,203
050,54,053,"West Virginia","Mason County",3,66,364,157,207
050,54,053,"West Virginia","Mason County",3,67,378,176,202
050,54,053,"West Virginia","Mason County",3,68,354,172,182
050,54,053,"West Virginia","Mason County",3,69,333,163,170
050,54,053,"West Virginia","Mason County",3,70,306,146,160
050,54,053,"West Virginia","Mason County",3,71,284,138,146
050,54,053,"West Virginia","Mason County",3,72,316,150,166
050,54,053,"West Virginia","Mason County",3,73,304,146,158
050,54,053,"West Virginia","Mason County",3,74,313,158,155
050,54,053,"West Virginia","Mason County",3,75,211,100,111
050,54,053,"West Virginia","Mason County",3,76,188,88,100
050,54,053,"West Virginia","Mason County",3,77,207,90,117
050,54,053,"West Virginia","Mason County",3,78,211,94,117
050,54,053,"West Virginia","Mason County",3,79,172,79,93
050,54,053,"West Virginia","Mason County",3,80,149,67,82
050,54,053,"West Virginia","Mason County",3,81,126,54,72
050,54,053,"West Virginia","Mason County",3,82,127,63,64
050,54,053,"West Virginia","Mason County",3,83,122,53,69
050,54,053,"West Virginia","Mason County",3,84,108,45,63
050,54,053,"West Virginia","Mason County",3,85,593,204,389
050,54,053,"West Virginia","Mason County",4,0,251,130,121
050,54,053,"West Virginia","Mason County",4,1,257,120,137
050,54,053,"West Virginia","Mason County",4,2,238,126,112
050,54,053,"West Virginia","Mason County",4,3,239,135,104
050,54,053,"West Virginia","Mason County",4,4,249,131,118
050,54,053,"West Virginia","Mason County",4,5,261,135,126
050,54,053,"West Virginia","Mason County",4,6,289,148,141
050,54,053,"West Virginia","Mason County",4,7,283,136,147
050,54,053,"West Virginia","Mason County",4,8,288,158,130
050,54,053,"West Virginia","Mason County",4,9,270,156,114
050,54,053,"West Virginia","Mason County",4,10,295,166,129
050,54,053,"West Virginia","Mason County",4,11,272,150,122
050,54,053,"West Virginia","Mason County",4,12,274,143,131
050,54,053,"West Virginia","Mason County",4,13,307,154,153
050,54,053,"West Virginia","Mason County",4,14,347,178,169
050,54,053,"West Virginia","Mason County",4,15,334,173,161
050,54,053,"West Virginia","Mason County",4,16,326,165,161
050,54,053,"West Virginia","Mason County",4,17,324,162,162
050,54,053,"West Virginia","Mason County",4,18,270,137,133
050,54,053,"West Virginia","Mason County",4,19,193,103,90
050,54,053,"West Virginia","Mason County",4,20,214,112,102
050,54,053,"West Virginia","Mason County",4,21,245,115,130
050,54,053,"West Virginia","Mason County",4,22,244,123,121
050,54,053,"West Virginia","Mason County",4,23,277,141,136
050,54,053,"West Virginia","Mason County",4,24,277,138,139
050,54,053,"West Virginia","Mason County",4,25,299,134,165
050,54,053,"West Virginia","Mason County",4,26,292,135,157
050,54,053,"West Virginia","Mason County",4,27,301,144,157
050,54,053,"West Virginia","Mason County",4,28,267,140,127
050,54,053,"West Virginia","Mason County",4,29,263,114,149
050,54,053,"West Virginia","Mason County",4,30,295,145,150
050,54,053,"West Virginia","Mason County",4,31,317,140,177
050,54,053,"West Virginia","Mason County",4,32,287,131,156
050,54,053,"West Virginia","Mason County",4,33,266,120,146
050,54,053,"West Virginia","Mason County",4,34,248,118,130
050,54,053,"West Virginia","Mason County",4,35,263,126,137
050,54,053,"West Virginia","Mason County",4,36,278,124,154
050,54,053,"West Virginia","Mason County",4,37,250,100,150
050,54,053,"West Virginia","Mason County",4,38,271,117,154
050,54,053,"West Virginia","Mason County",4,39,300,140,160
050,54,053,"West Virginia","Mason County",4,40,288,136,152
050,54,053,"West Virginia","Mason County",4,41,314,145,169
050,54,053,"West Virginia","Mason County",4,42,344,159,185
050,54,053,"West Virginia","Mason County",4,43,319,153,166
050,54,053,"West Virginia","Mason County",4,44,323,150,173
050,54,053,"West Virginia","Mason County",4,45,300,143,157
050,54,053,"West Virginia","Mason County",4,46,309,147,162
050,54,053,"West Virginia","Mason County",4,47,302,148,154
050,54,053,"West Virginia","Mason County",4,48,298,136,162
050,54,053,"West Virginia","Mason County",4,49,318,157,161
050,54,053,"West Virginia","Mason County",4,50,313,160,153
050,54,053,"West Virginia","Mason County",4,51,322,171,151
050,54,053,"West Virginia","Mason County",4,52,327,176,151
050,54,053,"West Virginia","Mason County",4,53,319,154,165
050,54,053,"West Virginia","Mason County",4,54,298,139,159
050,54,053,"West Virginia","Mason County",4,55,305,147,158
050,54,053,"West Virginia","Mason County",4,56,301,150,151
050,54,053,"West Virginia","Mason County",4,57,335,163,172
050,54,053,"West Virginia","Mason County",4,58,359,177,182
050,54,053,"West Virginia","Mason County",4,59,359,180,179
050,54,053,"West Virginia","Mason County",4,60,363,163,200
050,54,053,"West Virginia","Mason County",4,61,366,178,188
050,54,053,"West Virginia","Mason County",4,62,358,173,185
050,54,053,"West Virginia","Mason County",4,63,395,182,213
050,54,053,"West Virginia","Mason County",4,64,409,198,211
050,54,053,"West Virginia","Mason County",4,65,398,202,196
050,54,053,"West Virginia","Mason County",4,66,374,175,199
050,54,053,"West Virginia","Mason County",4,67,353,150,203
050,54,053,"West Virginia","Mason County",4,68,377,176,201
050,54,053,"West Virginia","Mason County",4,69,353,169,184
050,54,053,"West Virginia","Mason County",4,70,333,163,170
050,54,053,"West Virginia","Mason County",4,71,294,143,151
050,54,053,"West Virginia","Mason County",4,72,273,128,145
050,54,053,"West Virginia","Mason County",4,73,303,146,157
050,54,053,"West Virginia","Mason County",4,74,293,146,147
050,54,053,"West Virginia","Mason County",4,75,302,147,155
050,54,053,"West Virginia","Mason County",4,76,191,92,99
050,54,053,"West Virginia","Mason County",4,77,179,81,98
050,54,053,"West Virginia","Mason County",4,78,203,86,117
050,54,053,"West Virginia","Mason County",4,79,197,89,108
050,54,053,"West Virginia","Mason County",4,80,152,66,86
050,54,053,"West Virginia","Mason County",4,81,142,63,79
050,54,053,"West Virginia","Mason County",4,82,117,51,66
050,54,053,"West Virginia","Mason County",4,83,111,55,56
050,54,053,"West Virginia","Mason County",4,84,113,52,61
050,54,053,"West Virginia","Mason County",4,85,588,204,384
050,54,053,"West Virginia","Mason County",5,0,273,141,132
050,54,053,"West Virginia","Mason County",5,1,251,137,114
050,54,053,"West Virginia","Mason County",5,2,260,121,139
050,54,053,"West Virginia","Mason County",5,3,231,121,110
050,54,053,"West Virginia","Mason County",5,4,236,134,102
050,54,053,"West Virginia","Mason County",5,5,250,134,116
050,54,053,"West Virginia","Mason County",5,6,264,142,122
050,54,053,"West Virginia","Mason County",5,7,281,147,134
050,54,053,"West Virginia","Mason County",5,8,291,145,146
050,54,053,"West Virginia","Mason County",5,9,282,155,127
050,54,053,"West Virginia","Mason County",5,10,269,158,111
050,54,053,"West Virginia","Mason County",5,11,295,159,136
050,54,053,"West Virginia","Mason County",5,12,273,151,122
050,54,053,"West Virginia","Mason County",5,13,276,146,130
050,54,053,"West Virginia","Mason County",5,14,298,151,147
050,54,053,"West Virginia","Mason County",5,15,347,176,171
050,54,053,"West Virginia","Mason County",5,16,339,177,162
050,54,053,"West Virginia","Mason County",5,17,333,173,160
050,54,053,"West Virginia","Mason County",5,18,275,142,133
050,54,053,"West Virginia","Mason County",5,19,203,101,102
050,54,053,"West Virginia","Mason County",5,20,207,107,100
050,54,053,"West Virginia","Mason County",5,21,233,120,113
050,54,053,"West Virginia","Mason County",5,22,266,123,143
050,54,053,"West Virginia","Mason County",5,23,257,127,130
050,54,053,"West Virginia","Mason County",5,24,271,143,128
050,54,053,"West Virginia","Mason County",5,25,299,137,162
050,54,053,"West Virginia","Mason County",5,26,315,151,164
050,54,053,"West Virginia","Mason County",5,27,280,121,159
050,54,053,"West Virginia","Mason County",5,28,289,143,146
050,54,053,"West Virginia","Mason County",5,29,289,146,143
050,54,053,"West Virginia","Mason County",5,30,277,126,151
050,54,053,"West Virginia","Mason County",5,31,301,143,158
050,54,053,"West Virginia","Mason County",5,32,309,142,167
050,54,053,"West Virginia","Mason County",5,33,279,131,148
050,54,053,"West Virginia","Mason County",5,34,255,115,140
050,54,053,"West Virginia","Mason County",5,35,248,117,131
050,54,053,"West Virginia","Mason County",5,36,270,124,146
050,54,053,"West Virginia","Mason County",5,37,270,132,138
050,54,053,"West Virginia","Mason County",5,38,245,93,152
050,54,053,"West Virginia","Mason County",5,39,269,115,154
050,54,053,"West Virginia","Mason County",5,40,297,143,154
050,54,053,"West Virginia","Mason County",5,41,282,127,155
050,54,053,"West Virginia","Mason County",5,42,305,144,161
050,54,053,"West Virginia","Mason County",5,43,336,152,184
050,54,053,"West Virginia","Mason County",5,44,326,156,170
050,54,053,"West Virginia","Mason County",5,45,313,153,160
050,54,053,"West Virginia","Mason County",5,46,313,143,170
050,54,053,"West Virginia","Mason County",5,47,315,152,163
050,54,053,"West Virginia","Mason County",5,48,300,142,158
050,54,053,"West Virginia","Mason County",5,49,297,141,156
050,54,053,"West Virginia","Mason County",5,50,314,157,157
050,54,053,"West Virginia","Mason County",5,51,317,163,154
050,54,053,"West Virginia","Mason County",5,52,332,182,150
050,54,053,"West Virginia","Mason County",5,53,318,172,146
050,54,053,"West Virginia","Mason County",5,54,307,149,158
050,54,053,"West Virginia","Mason County",5,55,305,141,164
050,54,053,"West Virginia","Mason County",5,56,300,142,158
050,54,053,"West Virginia","Mason County",5,57,305,147,158
050,54,053,"West Virginia","Mason County",5,58,327,161,166
050,54,053,"West Virginia","Mason County",5,59,351,179,172
050,54,053,"West Virginia","Mason County",5,60,364,175,189
050,54,053,"West Virginia","Mason County",5,61,344,156,188
050,54,053,"West Virginia","Mason County",5,62,361,174,187
050,54,053,"West Virginia","Mason County",5,63,346,163,183
050,54,053,"West Virginia","Mason County",5,64,394,182,212
050,54,053,"West Virginia","Mason County",5,65,401,196,205
050,54,053,"West Virginia","Mason County",5,66,393,193,200
050,54,053,"West Virginia","Mason County",5,67,363,167,196
050,54,053,"West Virginia","Mason County",5,68,354,148,206
050,54,053,"West Virginia","Mason County",5,69,366,169,197
050,54,053,"West Virginia","Mason County",5,70,350,166,184
050,54,053,"West Virginia","Mason County",5,71,324,160,164
050,54,053,"West Virginia","Mason County",5,72,281,132,149
050,54,053,"West Virginia","Mason County",5,73,262,124,138
050,54,053,"West Virginia","Mason County",5,74,284,140,144
050,54,053,"West Virginia","Mason County",5,75,286,134,152
050,54,053,"West Virginia","Mason County",5,76,286,141,145
050,54,053,"West Virginia","Mason County",5,77,184,86,98
050,54,053,"West Virginia","Mason County",5,78,175,79,96
050,54,053,"West Virginia","Mason County",5,79,184,82,102
050,54,053,"West Virginia","Mason County",5,80,174,76,98
050,54,053,"West Virginia","Mason County",5,81,136,62,74
050,54,053,"West Virginia","Mason County",5,82,132,60,72
050,54,053,"West Virginia","Mason County",5,83,103,44,59
050,54,053,"West Virginia","Mason County",5,84,103,54,49
050,54,053,"West Virginia","Mason County",5,85,599,220,379
050,54,055,"West Virginia","Mercer County",1,0,650,336,314
050,54,055,"West Virginia","Mercer County",1,1,673,356,317
050,54,055,"West Virginia","Mercer County",1,2,644,329,315
050,54,055,"West Virginia","Mercer County",1,3,684,348,336
050,54,055,"West Virginia","Mercer County",1,4,665,329,336
050,54,055,"West Virginia","Mercer County",1,5,733,382,351
050,54,055,"West Virginia","Mercer County",1,6,708,367,341
050,54,055,"West Virginia","Mercer County",1,7,702,368,334
050,54,055,"West Virginia","Mercer County",1,8,728,377,351
050,54,055,"West Virginia","Mercer County",1,9,709,382,327
050,54,055,"West Virginia","Mercer County",1,10,737,392,345
050,54,055,"West Virginia","Mercer County",1,11,738,386,352
050,54,055,"West Virginia","Mercer County",1,12,756,392,364
050,54,055,"West Virginia","Mercer County",1,13,723,356,367
050,54,055,"West Virginia","Mercer County",1,14,667,351,316
050,54,055,"West Virginia","Mercer County",1,15,654,344,310
050,54,055,"West Virginia","Mercer County",1,16,680,356,324
050,54,055,"West Virginia","Mercer County",1,17,696,350,346
050,54,055,"West Virginia","Mercer County",1,18,721,367,354
050,54,055,"West Virginia","Mercer County",1,19,661,336,325
050,54,055,"West Virginia","Mercer County",1,20,698,359,339
050,54,055,"West Virginia","Mercer County",1,21,636,329,307
050,54,055,"West Virginia","Mercer County",1,22,640,318,322
050,54,055,"West Virginia","Mercer County",1,23,690,338,352
050,54,055,"West Virginia","Mercer County",1,24,689,367,322
050,54,055,"West Virginia","Mercer County",1,25,713,377,336
050,54,055,"West Virginia","Mercer County",1,26,665,345,320
050,54,055,"West Virginia","Mercer County",1,27,695,357,338
050,54,055,"West Virginia","Mercer County",1,28,728,342,386
050,54,055,"West Virginia","Mercer County",1,29,793,377,416
050,54,055,"West Virginia","Mercer County",1,30,776,372,404
050,54,055,"West Virginia","Mercer County",1,31,716,371,345
050,54,055,"West Virginia","Mercer County",1,32,653,329,324
050,54,055,"West Virginia","Mercer County",1,33,642,319,323
050,54,055,"West Virginia","Mercer County",1,34,603,300,303
050,54,055,"West Virginia","Mercer County",1,35,612,320,292
050,54,055,"West Virginia","Mercer County",1,36,600,294,306
050,54,055,"West Virginia","Mercer County",1,37,636,297,339
050,54,055,"West Virginia","Mercer County",1,38,647,303,344
050,54,055,"West Virginia","Mercer County",1,39,667,305,362
050,54,055,"West Virginia","Mercer County",1,40,714,339,375
050,54,055,"West Virginia","Mercer County",1,41,710,342,368
050,54,055,"West Virginia","Mercer County",1,42,740,364,376
050,54,055,"West Virginia","Mercer County",1,43,714,338,376
050,54,055,"West Virginia","Mercer County",1,44,668,328,340
050,54,055,"West Virginia","Mercer County",1,45,706,361,345
050,54,055,"West Virginia","Mercer County",1,46,696,346,350
050,54,055,"West Virginia","Mercer County",1,47,756,358,398
050,54,055,"West Virginia","Mercer County",1,48,752,363,389
050,54,055,"West Virginia","Mercer County",1,49,781,386,395
050,54,055,"West Virginia","Mercer County",1,50,734,371,363
050,54,055,"West Virginia","Mercer County",1,51,741,371,370
050,54,055,"West Virginia","Mercer County",1,52,722,359,363
050,54,055,"West Virginia","Mercer County",1,53,739,362,377
050,54,055,"West Virginia","Mercer County",1,54,709,361,348
050,54,055,"West Virginia","Mercer County",1,55,749,370,379
050,54,055,"West Virginia","Mercer County",1,56,767,351,416
050,54,055,"West Virginia","Mercer County",1,57,769,359,410
050,54,055,"West Virginia","Mercer County",1,58,759,357,402
050,54,055,"West Virginia","Mercer County",1,59,803,400,403
050,54,055,"West Virginia","Mercer County",1,60,776,368,408
050,54,055,"West Virginia","Mercer County",1,61,850,379,471
050,54,055,"West Virginia","Mercer County",1,62,890,410,480
050,54,055,"West Virginia","Mercer County",1,63,865,392,473
050,54,055,"West Virginia","Mercer County",1,64,875,417,458
050,54,055,"West Virginia","Mercer County",1,65,875,404,471
050,54,055,"West Virginia","Mercer County",1,66,824,364,460
050,54,055,"West Virginia","Mercer County",1,67,875,393,482
050,54,055,"West Virginia","Mercer County",1,68,860,398,462
050,54,055,"West Virginia","Mercer County",1,69,854,384,470
050,54,055,"West Virginia","Mercer County",1,70,823,374,449
050,54,055,"West Virginia","Mercer County",1,71,813,374,439
050,54,055,"West Virginia","Mercer County",1,72,748,347,401
050,54,055,"West Virginia","Mercer County",1,73,715,340,375
050,54,055,"West Virginia","Mercer County",1,74,548,265,283
050,54,055,"West Virginia","Mercer County",1,75,544,258,286
050,54,055,"West Virginia","Mercer County",1,76,508,241,267
050,54,055,"West Virginia","Mercer County",1,77,497,233,264
050,54,055,"West Virginia","Mercer County",1,78,450,209,241
050,54,055,"West Virginia","Mercer County",1,79,394,180,214
050,54,055,"West Virginia","Mercer County",1,80,356,162,194
050,54,055,"West Virginia","Mercer County",1,81,339,139,200
050,54,055,"West Virginia","Mercer County",1,82,315,127,188
050,54,055,"West Virginia","Mercer County",1,83,290,125,165
050,54,055,"West Virginia","Mercer County",1,84,243,99,144
050,54,055,"West Virginia","Mercer County",1,85,1370,435,935
050,54,055,"West Virginia","Mercer County",2,0,650,339,311
050,54,055,"West Virginia","Mercer County",2,1,668,351,317
050,54,055,"West Virginia","Mercer County",2,2,654,339,315
050,54,055,"West Virginia","Mercer County",2,3,666,340,326
050,54,055,"West Virginia","Mercer County",2,4,671,335,336
050,54,055,"West Virginia","Mercer County",2,5,719,371,348
050,54,055,"West Virginia","Mercer County",2,6,715,372,343
050,54,055,"West Virginia","Mercer County",2,7,700,367,333
050,54,055,"West Virginia","Mercer County",2,8,715,372,343
050,54,055,"West Virginia","Mercer County",2,9,714,382,332
050,54,055,"West Virginia","Mercer County",2,10,730,390,340
050,54,055,"West Virginia","Mercer County",2,11,736,389,347
050,54,055,"West Virginia","Mercer County",2,12,757,393,364
050,54,055,"West Virginia","Mercer County",2,13,731,365,366
050,54,055,"West Virginia","Mercer County",2,14,678,351,327
050,54,055,"West Virginia","Mercer County",2,15,659,347,312
050,54,055,"West Virginia","Mercer County",2,16,674,354,320
050,54,055,"West Virginia","Mercer County",2,17,694,353,341
050,54,055,"West Virginia","Mercer County",2,18,703,359,344
050,54,055,"West Virginia","Mercer County",2,19,672,340,332
050,54,055,"West Virginia","Mercer County",2,20,697,360,337
050,54,055,"West Virginia","Mercer County",2,21,636,327,309
050,54,055,"West Virginia","Mercer County",2,22,646,324,322
050,54,055,"West Virginia","Mercer County",2,23,681,333,348
050,54,055,"West Virginia","Mercer County",2,24,686,360,326
050,54,055,"West Virginia","Mercer County",2,25,705,372,333
050,54,055,"West Virginia","Mercer County",2,26,673,352,321
050,54,055,"West Virginia","Mercer County",2,27,684,353,331
050,54,055,"West Virginia","Mercer County",2,28,720,345,375
050,54,055,"West Virginia","Mercer County",2,29,777,368,409
050,54,055,"West Virginia","Mercer County",2,30,780,377,403
050,54,055,"West Virginia","Mercer County",2,31,723,368,355
050,54,055,"West Virginia","Mercer County",2,32,664,339,325
050,54,055,"West Virginia","Mercer County",2,33,640,319,321
050,54,055,"West Virginia","Mercer County",2,34,614,306,308
050,54,055,"West Virginia","Mercer County",2,35,614,317,297
050,54,055,"West Virginia","Mercer County",2,36,599,298,301
050,54,055,"West Virginia","Mercer County",2,37,625,293,332
050,54,055,"West Virginia","Mercer County",2,38,641,300,341
050,54,055,"West Virginia","Mercer County",2,39,658,304,354
050,54,055,"West Virginia","Mercer County",2,40,702,328,374
050,54,055,"West Virginia","Mercer County",2,41,707,340,367
050,54,055,"West Virginia","Mercer County",2,42,730,358,372
050,54,055,"West Virginia","Mercer County",2,43,728,348,380
050,54,055,"West Virginia","Mercer County",2,44,671,328,343
050,54,055,"West Virginia","Mercer County",2,45,699,355,344
050,54,055,"West Virginia","Mercer County",2,46,695,346,349
050,54,055,"West Virginia","Mercer County",2,47,735,352,383
050,54,055,"West Virginia","Mercer County",2,48,746,360,386
050,54,055,"West Virginia","Mercer County",2,49,776,382,394
050,54,055,"West Virginia","Mercer County",2,50,746,375,371
050,54,055,"West Virginia","Mercer County",2,51,738,371,367
050,54,055,"West Virginia","Mercer County",2,52,723,361,362
050,54,055,"West Virginia","Mercer County",2,53,732,362,370
050,54,055,"West Virginia","Mercer County",2,54,713,358,355
050,54,055,"West Virginia","Mercer County",2,55,738,366,372
050,54,055,"West Virginia","Mercer County",2,56,764,355,409
050,54,055,"West Virginia","Mercer County",2,57,767,357,410
050,54,055,"West Virginia","Mercer County",2,58,760,355,405
050,54,055,"West Virginia","Mercer County",2,59,797,394,403
050,54,055,"West Virginia","Mercer County",2,60,777,374,403
050,54,055,"West Virginia","Mercer County",2,61,832,378,454
050,54,055,"West Virginia","Mercer County",2,62,869,398,471
050,54,055,"West Virginia","Mercer County",2,63,877,399,478
050,54,055,"West Virginia","Mercer County",2,64,865,410,455
050,54,055,"West Virginia","Mercer County",2,65,872,405,467
050,54,055,"West Virginia","Mercer County",2,66,836,372,464
050,54,055,"West Virginia","Mercer County",2,67,858,382,476
050,54,055,"West Virginia","Mercer County",2,68,855,391,464
050,54,055,"West Virginia","Mercer County",2,69,859,388,471
050,54,055,"West Virginia","Mercer County",2,70,823,372,451
050,54,055,"West Virginia","Mercer County",2,71,811,374,437
050,54,055,"West Virginia","Mercer County",2,72,738,338,400
050,54,055,"West Virginia","Mercer County",2,73,752,355,397
050,54,055,"West Virginia","Mercer County",2,74,548,264,284
050,54,055,"West Virginia","Mercer County",2,75,541,256,285
050,54,055,"West Virginia","Mercer County",2,76,503,238,265
050,54,055,"West Virginia","Mercer County",2,77,507,239,268
050,54,055,"West Virginia","Mercer County",2,78,449,208,241
050,54,055,"West Virginia","Mercer County",2,79,396,182,214
050,54,055,"West Virginia","Mercer County",2,80,360,164,196
050,54,055,"West Virginia","Mercer County",2,81,334,141,193
050,54,055,"West Virginia","Mercer County",2,82,315,128,187
050,54,055,"West Virginia","Mercer County",2,83,288,122,166
050,54,055,"West Virginia","Mercer County",2,84,254,104,150
050,54,055,"West Virginia","Mercer County",2,85,1364,431,933
050,54,055,"West Virginia","Mercer County",3,0,580,274,306
050,54,055,"West Virginia","Mercer County",3,1,662,361,301
050,54,055,"West Virginia","Mercer County",3,2,660,344,316
050,54,055,"West Virginia","Mercer County",3,3,650,340,310
050,54,055,"West Virginia","Mercer County",3,4,676,351,325
050,54,055,"West Virginia","Mercer County",3,5,689,342,347
050,54,055,"West Virginia","Mercer County",3,6,713,369,344
050,54,055,"West Virginia","Mercer County",3,7,731,387,344
050,54,055,"West Virginia","Mercer County",3,8,697,366,331
050,54,055,"West Virginia","Mercer County",3,9,720,369,351
050,54,055,"West Virginia","Mercer County",3,10,724,396,328
050,54,055,"West Virginia","Mercer County",3,11,726,385,341
050,54,055,"West Virginia","Mercer County",3,12,748,400,348
050,54,055,"West Virginia","Mercer County",3,13,749,383,366
050,54,055,"West Virginia","Mercer County",3,14,742,364,378
050,54,055,"West Virginia","Mercer County",3,15,681,355,326
050,54,055,"West Virginia","Mercer County",3,16,663,352,311
050,54,055,"West Virginia","Mercer County",3,17,680,362,318
050,54,055,"West Virginia","Mercer County",3,18,678,349,329
050,54,055,"West Virginia","Mercer County",3,19,684,343,341
050,54,055,"West Virginia","Mercer County",3,20,689,352,337
050,54,055,"West Virginia","Mercer County",3,21,645,325,320
050,54,055,"West Virginia","Mercer County",3,22,684,341,343
050,54,055,"West Virginia","Mercer County",3,23,658,338,320
050,54,055,"West Virginia","Mercer County",3,24,697,345,352
050,54,055,"West Virginia","Mercer County",3,25,688,349,339
050,54,055,"West Virginia","Mercer County",3,26,699,369,330
050,54,055,"West Virginia","Mercer County",3,27,676,363,313
050,54,055,"West Virginia","Mercer County",3,28,679,348,331
050,54,055,"West Virginia","Mercer County",3,29,727,344,383
050,54,055,"West Virginia","Mercer County",3,30,757,352,405
050,54,055,"West Virginia","Mercer County",3,31,774,373,401
050,54,055,"West Virginia","Mercer County",3,32,705,356,349
050,54,055,"West Virginia","Mercer County",3,33,646,326,320
050,54,055,"West Virginia","Mercer County",3,34,646,331,315
050,54,055,"West Virginia","Mercer County",3,35,604,304,300
050,54,055,"West Virginia","Mercer County",3,36,604,305,299
050,54,055,"West Virginia","Mercer County",3,37,586,287,299
050,54,055,"West Virginia","Mercer County",3,38,622,291,331
050,54,055,"West Virginia","Mercer County",3,39,639,300,339
050,54,055,"West Virginia","Mercer County",3,40,658,303,355
050,54,055,"West Virginia","Mercer County",3,41,704,328,376
050,54,055,"West Virginia","Mercer County",3,42,701,339,362
050,54,055,"West Virginia","Mercer County",3,43,742,363,379
050,54,055,"West Virginia","Mercer County",3,44,720,342,378
050,54,055,"West Virginia","Mercer County",3,45,665,324,341
050,54,055,"West Virginia","Mercer County",3,46,695,348,347
050,54,055,"West Virginia","Mercer County",3,47,705,342,363
050,54,055,"West Virginia","Mercer County",3,48,730,351,379
050,54,055,"West Virginia","Mercer County",3,49,732,351,381
050,54,055,"West Virginia","Mercer County",3,50,775,377,398
050,54,055,"West Virginia","Mercer County",3,51,748,375,373
050,54,055,"West Virginia","Mercer County",3,52,726,367,359
050,54,055,"West Virginia","Mercer County",3,53,732,376,356
050,54,055,"West Virginia","Mercer County",3,54,725,359,366
050,54,055,"West Virginia","Mercer County",3,55,704,353,351
050,54,055,"West Virginia","Mercer County",3,56,744,370,374
050,54,055,"West Virginia","Mercer County",3,57,744,347,397
050,54,055,"West Virginia","Mercer County",3,58,759,347,412
050,54,055,"West Virginia","Mercer County",3,59,750,355,395
050,54,055,"West Virginia","Mercer County",3,60,783,378,405
050,54,055,"West Virginia","Mercer County",3,61,773,377,396
050,54,055,"West Virginia","Mercer County",3,62,799,356,443
050,54,055,"West Virginia","Mercer County",3,63,845,379,466
050,54,055,"West Virginia","Mercer County",3,64,868,405,463
050,54,055,"West Virginia","Mercer County",3,65,842,400,442
050,54,055,"West Virginia","Mercer County",3,66,849,397,452
050,54,055,"West Virginia","Mercer County",3,67,809,347,462
050,54,055,"West Virginia","Mercer County",3,68,836,378,458
050,54,055,"West Virginia","Mercer County",3,69,838,375,463
050,54,055,"West Virginia","Mercer County",3,70,832,375,457
050,54,055,"West Virginia","Mercer County",3,71,791,354,437
050,54,055,"West Virginia","Mercer County",3,72,797,365,432
050,54,055,"West Virginia","Mercer County",3,73,718,326,392
050,54,055,"West Virginia","Mercer County",3,74,732,346,386
050,54,055,"West Virginia","Mercer County",3,75,517,248,269
050,54,055,"West Virginia","Mercer County",3,76,501,231,270
050,54,055,"West Virginia","Mercer County",3,77,485,226,259
050,54,055,"West Virginia","Mercer County",3,78,475,224,251
050,54,055,"West Virginia","Mercer County",3,79,409,187,222
050,54,055,"West Virginia","Mercer County",3,80,384,175,209
050,54,055,"West Virginia","Mercer County",3,81,325,144,181
050,54,055,"West Virginia","Mercer County",3,82,309,132,177
050,54,055,"West Virginia","Mercer County",3,83,289,118,171
050,54,055,"West Virginia","Mercer County",3,84,266,105,161
050,54,055,"West Virginia","Mercer County",3,85,1347,445,902
050,54,055,"West Virginia","Mercer County",4,0,609,315,294
050,54,055,"West Virginia","Mercer County",4,1,573,269,304
050,54,055,"West Virginia","Mercer County",4,2,655,356,299
050,54,055,"West Virginia","Mercer County",4,3,652,351,301
050,54,055,"West Virginia","Mercer County",4,4,646,330,316
050,54,055,"West Virginia","Mercer County",4,5,687,359,328
050,54,055,"West Virginia","Mercer County",4,6,692,342,350
050,54,055,"West Virginia","Mercer County",4,7,709,365,344
050,54,055,"West Virginia","Mercer County",4,8,733,388,345
050,54,055,"West Virginia","Mercer County",4,9,692,365,327
050,54,055,"West Virginia","Mercer County",4,10,714,370,344
050,54,055,"West Virginia","Mercer County",4,11,718,389,329
050,54,055,"West Virginia","Mercer County",4,12,750,386,364
050,54,055,"West Virginia","Mercer County",4,13,760,401,359
050,54,055,"West Virginia","Mercer County",4,14,764,389,375
050,54,055,"West Virginia","Mercer County",4,15,754,365,389
050,54,055,"West Virginia","Mercer County",4,16,683,353,330
050,54,055,"West Virginia","Mercer County",4,17,684,364,320
050,54,055,"West Virginia","Mercer County",4,18,661,352,309
050,54,055,"West Virginia","Mercer County",4,19,648,337,311
050,54,055,"West Virginia","Mercer County",4,20,691,348,343
050,54,055,"West Virginia","Mercer County",4,21,641,325,316
050,54,055,"West Virginia","Mercer County",4,22,695,350,345
050,54,055,"West Virginia","Mercer County",4,23,678,338,340
050,54,055,"West Virginia","Mercer County",4,24,657,335,322
050,54,055,"West Virginia","Mercer County",4,25,682,347,335
050,54,055,"West Virginia","Mercer County",4,26,676,338,338
050,54,055,"West Virginia","Mercer County",4,27,688,357,331
050,54,055,"West Virginia","Mercer County",4,28,668,354,314
050,54,055,"West Virginia","Mercer County",4,29,698,349,349
050,54,055,"West Virginia","Mercer County",4,30,714,341,373
050,54,055,"West Virginia","Mercer County",4,31,754,343,411
050,54,055,"West Virginia","Mercer County",4,32,760,365,395
050,54,055,"West Virginia","Mercer County",4,33,705,349,356
050,54,055,"West Virginia","Mercer County",4,34,640,323,317
050,54,055,"West Virginia","Mercer County",4,35,648,329,319
050,54,055,"West Virginia","Mercer County",4,36,587,295,292
050,54,055,"West Virginia","Mercer County",4,37,608,308,300
050,54,055,"West Virginia","Mercer County",4,38,603,295,308
050,54,055,"West Virginia","Mercer County",4,39,611,288,323
050,54,055,"West Virginia","Mercer County",4,40,639,297,342
050,54,055,"West Virginia","Mercer County",4,41,656,300,356
050,54,055,"West Virginia","Mercer County",4,42,693,323,370
050,54,055,"West Virginia","Mercer County",4,43,704,342,362
050,54,055,"West Virginia","Mercer County",4,44,736,359,377
050,54,055,"West Virginia","Mercer County",4,45,725,354,371
050,54,055,"West Virginia","Mercer County",4,46,653,313,340
050,54,055,"West Virginia","Mercer County",4,47,696,352,344
050,54,055,"West Virginia","Mercer County",4,48,688,331,357
050,54,055,"West Virginia","Mercer County",4,49,716,343,373
050,54,055,"West Virginia","Mercer County",4,50,739,350,389
050,54,055,"West Virginia","Mercer County",4,51,781,378,403
050,54,055,"West Virginia","Mercer County",4,52,737,367,370
050,54,055,"West Virginia","Mercer County",4,53,708,358,350
050,54,055,"West Virginia","Mercer County",4,54,726,362,364
050,54,055,"West Virginia","Mercer County",4,55,724,365,359
050,54,055,"West Virginia","Mercer County",4,56,697,345,352
050,54,055,"West Virginia","Mercer County",4,57,731,369,362
050,54,055,"West Virginia","Mercer County",4,58,752,348,404
050,54,055,"West Virginia","Mercer County",4,59,744,339,405
050,54,055,"West Virginia","Mercer County",4,60,735,346,389
050,54,055,"West Virginia","Mercer County",4,61,761,367,394
050,54,055,"West Virginia","Mercer County",4,62,731,347,384
050,54,055,"West Virginia","Mercer County",4,63,775,336,439
050,54,055,"West Virginia","Mercer County",4,64,827,374,453
050,54,055,"West Virginia","Mercer County",4,65,835,390,445
050,54,055,"West Virginia","Mercer County",4,66,817,393,424
050,54,055,"West Virginia","Mercer County",4,67,812,369,443
050,54,055,"West Virginia","Mercer County",4,68,792,348,444
050,54,055,"West Virginia","Mercer County",4,69,812,360,452
050,54,055,"West Virginia","Mercer County",4,70,806,359,447
050,54,055,"West Virginia","Mercer County",4,71,802,361,441
050,54,055,"West Virginia","Mercer County",4,72,769,339,430
050,54,055,"West Virginia","Mercer County",4,73,766,343,423
050,54,055,"West Virginia","Mercer County",4,74,693,318,375
050,54,055,"West Virginia","Mercer County",4,75,701,329,372
050,54,055,"West Virginia","Mercer County",4,76,486,226,260
050,54,055,"West Virginia","Mercer County",4,77,483,225,258
050,54,055,"West Virginia","Mercer County",4,78,461,213,248
050,54,055,"West Virginia","Mercer County",4,79,449,203,246
050,54,055,"West Virginia","Mercer County",4,80,375,162,213
050,54,055,"West Virginia","Mercer County",4,81,354,160,194
050,54,055,"West Virginia","Mercer County",4,82,299,136,163
050,54,055,"West Virginia","Mercer County",4,83,274,120,154
050,54,055,"West Virginia","Mercer County",4,84,255,96,159
050,54,055,"West Virginia","Mercer County",4,85,1309,450,859
050,54,055,"West Virginia","Mercer County",5,0,611,314,297
050,54,055,"West Virginia","Mercer County",5,1,588,296,292
050,54,055,"West Virginia","Mercer County",5,2,582,271,311
050,54,055,"West Virginia","Mercer County",5,3,649,351,298
050,54,055,"West Virginia","Mercer County",5,4,645,346,299
050,54,055,"West Virginia","Mercer County",5,5,646,337,309
050,54,055,"West Virginia","Mercer County",5,6,681,353,328
050,54,055,"West Virginia","Mercer County",5,7,684,338,346
050,54,055,"West Virginia","Mercer County",5,8,722,378,344
050,54,055,"West Virginia","Mercer County",5,9,720,378,342
050,54,055,"West Virginia","Mercer County",5,10,699,373,326
050,54,055,"West Virginia","Mercer County",5,11,720,371,349
050,54,055,"West Virginia","Mercer County",5,12,711,381,330
050,54,055,"West Virginia","Mercer County",5,13,740,382,358
050,54,055,"West Virginia","Mercer County",5,14,751,390,361
050,54,055,"West Virginia","Mercer County",5,15,758,386,372
050,54,055,"West Virginia","Mercer County",5,16,753,361,392
050,54,055,"West Virginia","Mercer County",5,17,675,351,324
050,54,055,"West Virginia","Mercer County",5,18,653,353,300
050,54,055,"West Virginia","Mercer County",5,19,623,330,293
050,54,055,"West Virginia","Mercer County",5,20,654,340,314
050,54,055,"West Virginia","Mercer County",5,21,640,316,324
050,54,055,"West Virginia","Mercer County",5,22,679,346,333
050,54,055,"West Virginia","Mercer County",5,23,684,340,344
050,54,055,"West Virginia","Mercer County",5,24,677,334,343
050,54,055,"West Virginia","Mercer County",5,25,659,333,326
050,54,055,"West Virginia","Mercer County",5,26,659,338,321
050,54,055,"West Virginia","Mercer County",5,27,677,344,333
050,54,055,"West Virginia","Mercer County",5,28,672,340,332
050,54,055,"West Virginia","Mercer County",5,29,676,350,326
050,54,055,"West Virginia","Mercer County",5,30,676,338,338
050,54,055,"West Virginia","Mercer County",5,31,705,335,370
050,54,055,"West Virginia","Mercer County",5,32,740,339,401
050,54,055,"West Virginia","Mercer County",5,33,760,359,401
050,54,055,"West Virginia","Mercer County",5,34,694,348,346
050,54,055,"West Virginia","Mercer County",5,35,642,325,317
050,54,055,"West Virginia","Mercer County",5,36,624,310,314
050,54,055,"West Virginia","Mercer County",5,37,594,293,301
050,54,055,"West Virginia","Mercer County",5,38,611,304,307
050,54,055,"West Virginia","Mercer County",5,39,583,284,299
050,54,055,"West Virginia","Mercer County",5,40,605,284,321
050,54,055,"West Virginia","Mercer County",5,41,643,296,347
050,54,055,"West Virginia","Mercer County",5,42,624,287,337
050,54,055,"West Virginia","Mercer County",5,43,684,321,363
050,54,055,"West Virginia","Mercer County",5,44,699,339,360
050,54,055,"West Virginia","Mercer County",5,45,718,350,368
050,54,055,"West Virginia","Mercer County",5,46,718,351,367
050,54,055,"West Virginia","Mercer County",5,47,661,316,345
050,54,055,"West Virginia","Mercer County",5,48,696,346,350
050,54,055,"West Virginia","Mercer County",5,49,688,336,352
050,54,055,"West Virginia","Mercer County",5,50,717,337,380
050,54,055,"West Virginia","Mercer County",5,51,733,347,386
050,54,055,"West Virginia","Mercer County",5,52,779,386,393
050,54,055,"West Virginia","Mercer County",5,53,729,361,368
050,54,055,"West Virginia","Mercer County",5,54,715,359,356
050,54,055,"West Virginia","Mercer County",5,55,710,365,345
050,54,055,"West Virginia","Mercer County",5,56,708,353,355
050,54,055,"West Virginia","Mercer County",5,57,687,342,345
050,54,055,"West Virginia","Mercer County",5,58,727,360,367
050,54,055,"West Virginia","Mercer County",5,59,742,345,397
050,54,055,"West Virginia","Mercer County",5,60,746,339,407
050,54,055,"West Virginia","Mercer County",5,61,719,334,385
050,54,055,"West Virginia","Mercer County",5,62,743,354,389
050,54,055,"West Virginia","Mercer County",5,63,725,339,386
050,54,055,"West Virginia","Mercer County",5,64,764,340,424
050,54,055,"West Virginia","Mercer County",5,65,811,365,446
050,54,055,"West Virginia","Mercer County",5,66,812,378,434
050,54,055,"West Virginia","Mercer County",5,67,797,376,421
050,54,055,"West Virginia","Mercer County",5,68,804,367,437
050,54,055,"West Virginia","Mercer County",5,69,774,336,438
050,54,055,"West Virginia","Mercer County",5,70,792,344,448
050,54,055,"West Virginia","Mercer County",5,71,772,340,432
050,54,055,"West Virginia","Mercer County",5,72,779,349,430
050,54,055,"West Virginia","Mercer County",5,73,745,325,420
050,54,055,"West Virginia","Mercer County",5,74,745,334,411
050,54,055,"West Virginia","Mercer County",5,75,668,301,367
050,54,055,"West Virginia","Mercer County",5,76,658,306,352
050,54,055,"West Virginia","Mercer County",5,77,472,219,253
050,54,055,"West Virginia","Mercer County",5,78,461,213,248
050,54,055,"West Virginia","Mercer County",5,79,427,191,236
050,54,055,"West Virginia","Mercer County",5,80,424,181,243
050,54,055,"West Virginia","Mercer County",5,81,343,147,196
050,54,055,"West Virginia","Mercer County",5,82,333,154,179
050,54,055,"West Virginia","Mercer County",5,83,275,126,149
050,54,055,"West Virginia","Mercer County",5,84,247,105,142
050,54,055,"West Virginia","Mercer County",5,85,1321,469,852
050,54,057,"West Virginia","Mineral County",1,0,239,122,117
050,54,057,"West Virginia","Mineral County",1,1,261,124,137
050,54,057,"West Virginia","Mineral County",1,2,268,121,147
050,54,057,"West Virginia","Mineral County",1,3,276,127,149
050,54,057,"West Virginia","Mineral County",1,4,311,150,161
050,54,057,"West Virginia","Mineral County",1,5,311,158,153
050,54,057,"West Virginia","Mineral County",1,6,303,147,156
050,54,057,"West Virginia","Mineral County",1,7,317,153,164
050,54,057,"West Virginia","Mineral County",1,8,287,151,136
050,54,057,"West Virginia","Mineral County",1,9,275,136,139
050,54,057,"West Virginia","Mineral County",1,10,316,164,152
050,54,057,"West Virginia","Mineral County",1,11,329,180,149
050,54,057,"West Virginia","Mineral County",1,12,316,168,148
050,54,057,"West Virginia","Mineral County",1,13,292,156,136
050,54,057,"West Virginia","Mineral County",1,14,289,158,131
050,54,057,"West Virginia","Mineral County",1,15,317,173,144
050,54,057,"West Virginia","Mineral County",1,16,317,173,144
050,54,057,"West Virginia","Mineral County",1,17,317,162,155
050,54,057,"West Virginia","Mineral County",1,18,383,206,177
050,54,057,"West Virginia","Mineral County",1,19,400,226,174
050,54,057,"West Virginia","Mineral County",1,20,324,187,137
050,54,057,"West Virginia","Mineral County",1,21,262,142,120
050,54,057,"West Virginia","Mineral County",1,22,277,148,129
050,54,057,"West Virginia","Mineral County",1,23,263,136,127
050,54,057,"West Virginia","Mineral County",1,24,272,127,145
050,54,057,"West Virginia","Mineral County",1,25,297,138,159
050,54,057,"West Virginia","Mineral County",1,26,301,156,145
050,54,057,"West Virginia","Mineral County",1,27,324,187,137
050,54,057,"West Virginia","Mineral County",1,28,325,179,146
050,54,057,"West Virginia","Mineral County",1,29,341,181,160
050,54,057,"West Virginia","Mineral County",1,30,323,164,159
050,54,057,"West Virginia","Mineral County",1,31,302,158,144
050,54,057,"West Virginia","Mineral County",1,32,285,151,134
050,54,057,"West Virginia","Mineral County",1,33,284,145,139
050,54,057,"West Virginia","Mineral County",1,34,298,154,144
050,54,057,"West Virginia","Mineral County",1,35,275,141,134
050,54,057,"West Virginia","Mineral County",1,36,299,146,153
050,54,057,"West Virginia","Mineral County",1,37,315,159,156
050,54,057,"West Virginia","Mineral County",1,38,321,164,157
050,54,057,"West Virginia","Mineral County",1,39,307,168,139
050,54,057,"West Virginia","Mineral County",1,40,298,154,144
050,54,057,"West Virginia","Mineral County",1,41,292,146,146
050,54,057,"West Virginia","Mineral County",1,42,302,144,158
050,54,057,"West Virginia","Mineral County",1,43,291,146,145
050,54,057,"West Virginia","Mineral County",1,44,272,134,138
050,54,057,"West Virginia","Mineral County",1,45,284,146,138
050,54,057,"West Virginia","Mineral County",1,46,321,159,162
050,54,057,"West Virginia","Mineral County",1,47,333,172,161
050,54,057,"West Virginia","Mineral County",1,48,363,186,177
050,54,057,"West Virginia","Mineral County",1,49,388,212,176
050,54,057,"West Virginia","Mineral County",1,50,388,190,198
050,54,057,"West Virginia","Mineral County",1,51,373,177,196
050,54,057,"West Virginia","Mineral County",1,52,359,180,179
050,54,057,"West Virginia","Mineral County",1,53,378,194,184
050,54,057,"West Virginia","Mineral County",1,54,405,209,196
050,54,057,"West Virginia","Mineral County",1,55,397,201,196
050,54,057,"West Virginia","Mineral County",1,56,382,188,194
050,54,057,"West Virginia","Mineral County",1,57,369,180,189
050,54,057,"West Virginia","Mineral County",1,58,381,182,199
050,54,057,"West Virginia","Mineral County",1,59,396,198,198
050,54,057,"West Virginia","Mineral County",1,60,406,187,219
050,54,057,"West Virginia","Mineral County",1,61,392,187,205
050,54,057,"West Virginia","Mineral County",1,62,366,165,201
050,54,057,"West Virginia","Mineral County",1,63,355,166,189
050,54,057,"West Virginia","Mineral County",1,64,370,182,188
050,54,057,"West Virginia","Mineral County",1,65,359,171,188
050,54,057,"West Virginia","Mineral County",1,66,360,182,178
050,54,057,"West Virginia","Mineral County",1,67,365,174,191
050,54,057,"West Virginia","Mineral County",1,68,369,170,199
050,54,057,"West Virginia","Mineral County",1,69,355,165,190
050,54,057,"West Virginia","Mineral County",1,70,355,167,188
050,54,057,"West Virginia","Mineral County",1,71,361,171,190
050,54,057,"West Virginia","Mineral County",1,72,390,187,203
050,54,057,"West Virginia","Mineral County",1,73,391,200,191
050,54,057,"West Virginia","Mineral County",1,74,234,111,123
050,54,057,"West Virginia","Mineral County",1,75,255,121,134
050,54,057,"West Virginia","Mineral County",1,76,239,110,129
050,54,057,"West Virginia","Mineral County",1,77,232,113,119
050,54,057,"West Virginia","Mineral County",1,78,221,107,114
050,54,057,"West Virginia","Mineral County",1,79,205,96,109
050,54,057,"West Virginia","Mineral County",1,80,180,82,98
050,54,057,"West Virginia","Mineral County",1,81,171,68,103
050,54,057,"West Virginia","Mineral County",1,82,165,65,100
050,54,057,"West Virginia","Mineral County",1,83,134,56,78
050,54,057,"West Virginia","Mineral County",1,84,97,44,53
050,54,057,"West Virginia","Mineral County",1,85,514,211,303
050,54,057,"West Virginia","Mineral County",2,0,235,116,119
050,54,057,"West Virginia","Mineral County",2,1,255,124,131
050,54,057,"West Virginia","Mineral County",2,2,267,122,145
050,54,057,"West Virginia","Mineral County",2,3,274,124,150
050,54,057,"West Virginia","Mineral County",2,4,307,146,161
050,54,057,"West Virginia","Mineral County",2,5,312,155,157
050,54,057,"West Virginia","Mineral County",2,6,304,149,155
050,54,057,"West Virginia","Mineral County",2,7,315,153,162
050,54,057,"West Virginia","Mineral County",2,8,293,150,143
050,54,057,"West Virginia","Mineral County",2,9,280,141,139
050,54,057,"West Virginia","Mineral County",2,10,305,157,148
050,54,057,"West Virginia","Mineral County",2,11,324,175,149
050,54,057,"West Virginia","Mineral County",2,12,320,171,149
050,54,057,"West Virginia","Mineral County",2,13,299,160,139
050,54,057,"West Virginia","Mineral County",2,14,290,158,132
050,54,057,"West Virginia","Mineral County",2,15,307,168,139
050,54,057,"West Virginia","Mineral County",2,16,319,172,147
050,54,057,"West Virginia","Mineral County",2,17,319,165,154
050,54,057,"West Virginia","Mineral County",2,18,378,202,176
050,54,057,"West Virginia","Mineral County",2,19,404,228,176
050,54,057,"West Virginia","Mineral County",2,20,330,189,141
050,54,057,"West Virginia","Mineral County",2,21,266,145,121
050,54,057,"West Virginia","Mineral County",2,22,272,146,126
050,54,057,"West Virginia","Mineral County",2,23,265,136,129
050,54,057,"West Virginia","Mineral County",2,24,274,129,145
050,54,057,"West Virginia","Mineral County",2,25,291,134,157
050,54,057,"West Virginia","Mineral County",2,26,303,154,149
050,54,057,"West Virginia","Mineral County",2,27,316,179,137
050,54,057,"West Virginia","Mineral County",2,28,321,179,142
050,54,057,"West Virginia","Mineral County",2,29,336,180,156
050,54,057,"West Virginia","Mineral County",2,30,330,169,161
050,54,057,"West Virginia","Mineral County",2,31,303,158,145
050,54,057,"West Virginia","Mineral County",2,32,287,151,136
050,54,057,"West Virginia","Mineral County",2,33,284,146,138
050,54,057,"West Virginia","Mineral County",2,34,293,151,142
050,54,057,"West Virginia","Mineral County",2,35,281,144,137
050,54,057,"West Virginia","Mineral County",2,36,292,144,148
050,54,057,"West Virginia","Mineral County",2,37,313,157,156
050,54,057,"West Virginia","Mineral County",2,38,321,164,157
050,54,057,"West Virginia","Mineral County",2,39,311,167,144
050,54,057,"West Virginia","Mineral County",2,40,301,158,143
050,54,057,"West Virginia","Mineral County",2,41,296,149,147
050,54,057,"West Virginia","Mineral County",2,42,298,143,155
050,54,057,"West Virginia","Mineral County",2,43,296,147,149
050,54,057,"West Virginia","Mineral County",2,44,272,135,137
050,54,057,"West Virginia","Mineral County",2,45,282,143,139
050,54,057,"West Virginia","Mineral County",2,46,311,155,156
050,54,057,"West Virginia","Mineral County",2,47,326,166,160
050,54,057,"West Virginia","Mineral County",2,48,350,181,169
050,54,057,"West Virginia","Mineral County",2,49,385,207,178
050,54,057,"West Virginia","Mineral County",2,50,386,194,192
050,54,057,"West Virginia","Mineral County",2,51,374,179,195
050,54,057,"West Virginia","Mineral County",2,52,358,178,180
050,54,057,"West Virginia","Mineral County",2,53,373,190,183
050,54,057,"West Virginia","Mineral County",2,54,395,202,193
050,54,057,"West Virginia","Mineral County",2,55,400,203,197
050,54,057,"West Virginia","Mineral County",2,56,388,191,197
050,54,057,"West Virginia","Mineral County",2,57,374,183,191
050,54,057,"West Virginia","Mineral County",2,58,377,182,195
050,54,057,"West Virginia","Mineral County",2,59,389,191,198
050,54,057,"West Virginia","Mineral County",2,60,403,189,214
050,54,057,"West Virginia","Mineral County",2,61,395,186,209
050,54,057,"West Virginia","Mineral County",2,62,372,170,202
050,54,057,"West Virginia","Mineral County",2,63,360,168,192
050,54,057,"West Virginia","Mineral County",2,64,365,179,186
050,54,057,"West Virginia","Mineral County",2,65,361,173,188
050,54,057,"West Virginia","Mineral County",2,66,361,180,181
050,54,057,"West Virginia","Mineral County",2,67,363,175,188
050,54,057,"West Virginia","Mineral County",2,68,364,169,195
050,54,057,"West Virginia","Mineral County",2,69,356,165,191
050,54,057,"West Virginia","Mineral County",2,70,352,166,186
050,54,057,"West Virginia","Mineral County",2,71,359,169,190
050,54,057,"West Virginia","Mineral County",2,72,375,180,195
050,54,057,"West Virginia","Mineral County",2,73,409,206,203
050,54,057,"West Virginia","Mineral County",2,74,250,122,128
050,54,057,"West Virginia","Mineral County",2,75,247,117,130
050,54,057,"West Virginia","Mineral County",2,76,241,111,130
050,54,057,"West Virginia","Mineral County",2,77,235,114,121
050,54,057,"West Virginia","Mineral County",2,78,218,104,114
050,54,057,"West Virginia","Mineral County",2,79,205,97,108
050,54,057,"West Virginia","Mineral County",2,80,186,84,102
050,54,057,"West Virginia","Mineral County",2,81,169,70,99
050,54,057,"West Virginia","Mineral County",2,82,166,65,101
050,54,057,"West Virginia","Mineral County",2,83,138,57,81
050,54,057,"West Virginia","Mineral County",2,84,102,46,56
050,54,057,"West Virginia","Mineral County",2,85,510,210,300
050,54,057,"West Virginia","Mineral County",3,0,266,145,121
050,54,057,"West Virginia","Mineral County",3,1,267,149,118
050,54,057,"West Virginia","Mineral County",3,2,257,118,139
050,54,057,"West Virginia","Mineral County",3,3,273,128,145
050,54,057,"West Virginia","Mineral County",3,4,270,125,145
050,54,057,"West Virginia","Mineral County",3,5,305,149,156
050,54,057,"West Virginia","Mineral County",3,6,310,156,154
050,54,057,"West Virginia","Mineral County",3,7,300,150,150
050,54,057,"West Virginia","Mineral County",3,8,319,155,164
050,54,057,"West Virginia","Mineral County",3,9,292,152,140
050,54,057,"West Virginia","Mineral County",3,10,285,146,139
050,54,057,"West Virginia","Mineral County",3,11,304,153,151
050,54,057,"West Virginia","Mineral County",3,12,335,184,151
050,54,057,"West Virginia","Mineral County",3,13,318,167,151
050,54,057,"West Virginia","Mineral County",3,14,305,163,142
050,54,057,"West Virginia","Mineral County",3,15,287,156,131
050,54,057,"West Virginia","Mineral County",3,16,304,162,142
050,54,057,"West Virginia","Mineral County",3,17,324,174,150
050,54,057,"West Virginia","Mineral County",3,18,371,192,179
050,54,057,"West Virginia","Mineral County",3,19,394,224,170
050,54,057,"West Virginia","Mineral County",3,20,322,182,140
050,54,057,"West Virginia","Mineral County",3,21,279,158,121
050,54,057,"West Virginia","Mineral County",3,22,269,144,125
050,54,057,"West Virginia","Mineral County",3,23,294,154,140
050,54,057,"West Virginia","Mineral County",3,24,270,137,133
050,54,057,"West Virginia","Mineral County",3,25,276,133,143
050,54,057,"West Virginia","Mineral County",3,26,282,129,153
050,54,057,"West Virginia","Mineral County",3,27,311,155,156
050,54,057,"West Virginia","Mineral County",3,28,312,170,142
050,54,057,"West Virginia","Mineral County",3,29,322,187,135
050,54,057,"West Virginia","Mineral County",3,30,341,172,169
050,54,057,"West Virginia","Mineral County",3,31,333,170,163
050,54,057,"West Virginia","Mineral County",3,32,313,157,156
050,54,057,"West Virginia","Mineral County",3,33,298,160,138
050,54,057,"West Virginia","Mineral County",3,34,291,152,139
050,54,057,"West Virginia","Mineral County",3,35,287,151,136
050,54,057,"West Virginia","Mineral County",3,36,281,149,132
050,54,057,"West Virginia","Mineral County",3,37,291,143,148
050,54,057,"West Virginia","Mineral County",3,38,302,151,151
050,54,057,"West Virginia","Mineral County",3,39,322,165,157
050,54,057,"West Virginia","Mineral County",3,40,299,161,138
050,54,057,"West Virginia","Mineral County",3,41,312,162,150
050,54,057,"West Virginia","Mineral County",3,42,288,141,147
050,54,057,"West Virginia","Mineral County",3,43,290,135,155
050,54,057,"West Virginia","Mineral County",3,44,305,153,152
050,54,057,"West Virginia","Mineral County",3,45,274,137,137
050,54,057,"West Virginia","Mineral County",3,46,283,146,137
050,54,057,"West Virginia","Mineral County",3,47,313,154,159
050,54,057,"West Virginia","Mineral County",3,48,336,173,163
050,54,057,"West Virginia","Mineral County",3,49,356,185,171
050,54,057,"West Virginia","Mineral County",3,50,394,208,186
050,54,057,"West Virginia","Mineral County",3,51,392,193,199
050,54,057,"West Virginia","Mineral County",3,52,377,179,198
050,54,057,"West Virginia","Mineral County",3,53,360,178,182
050,54,057,"West Virginia","Mineral County",3,54,376,196,180
050,54,057,"West Virginia","Mineral County",3,55,396,202,194
050,54,057,"West Virginia","Mineral County",3,56,398,204,194
050,54,057,"West Virginia","Mineral County",3,57,381,186,195
050,54,057,"West Virginia","Mineral County",3,58,366,178,188
050,54,057,"West Virginia","Mineral County",3,59,377,178,199
050,54,057,"West Virginia","Mineral County",3,60,372,185,187
050,54,057,"West Virginia","Mineral County",3,61,405,189,216
050,54,057,"West Virginia","Mineral County",3,62,391,181,210
050,54,057,"West Virginia","Mineral County",3,63,377,175,202
050,54,057,"West Virginia","Mineral County",3,64,372,172,200
050,54,057,"West Virginia","Mineral County",3,65,378,186,192
050,54,057,"West Virginia","Mineral County",3,66,353,167,186
050,54,057,"West Virginia","Mineral County",3,67,355,176,179
050,54,057,"West Virginia","Mineral County",3,68,365,176,189
050,54,057,"West Virginia","Mineral County",3,69,356,163,193
050,54,057,"West Virginia","Mineral County",3,70,346,163,183
050,54,057,"West Virginia","Mineral County",3,71,347,164,183
050,54,057,"West Virginia","Mineral County",3,72,349,165,184
050,54,057,"West Virginia","Mineral County",3,73,363,171,192
050,54,057,"West Virginia","Mineral County",3,74,396,197,199
050,54,057,"West Virginia","Mineral County",3,75,233,116,117
050,54,057,"West Virginia","Mineral County",3,76,234,106,128
050,54,057,"West Virginia","Mineral County",3,77,224,98,126
050,54,057,"West Virginia","Mineral County",3,78,225,102,123
050,54,057,"West Virginia","Mineral County",3,79,207,102,105
050,54,057,"West Virginia","Mineral County",3,80,197,92,105
050,54,057,"West Virginia","Mineral County",3,81,169,81,88
050,54,057,"West Virginia","Mineral County",3,82,156,63,93
050,54,057,"West Virginia","Mineral County",3,83,146,57,89
050,54,057,"West Virginia","Mineral County",3,84,124,49,75
050,54,057,"West Virginia","Mineral County",3,85,502,204,298
050,54,057,"West Virginia","Mineral County",4,0,254,140,114
050,54,057,"West Virginia","Mineral County",4,1,289,160,129
050,54,057,"West Virginia","Mineral County",4,2,271,142,129
050,54,057,"West Virginia","Mineral County",4,3,284,135,149
050,54,057,"West Virginia","Mineral County",4,4,273,125,148
050,54,057,"West Virginia","Mineral County",4,5,282,131,151
050,54,057,"West Virginia","Mineral County",4,6,315,157,158
050,54,057,"West Virginia","Mineral County",4,7,309,151,158
050,54,057,"West Virginia","Mineral County",4,8,298,147,151
050,54,057,"West Virginia","Mineral County",4,9,328,160,168
050,54,057,"West Virginia","Mineral County",4,10,294,149,145
050,54,057,"West Virginia","Mineral County",4,11,291,144,147
050,54,057,"West Virginia","Mineral County",4,12,310,155,155
050,54,057,"West Virginia","Mineral County",4,13,336,181,155
050,54,057,"West Virginia","Mineral County",4,14,328,174,154
050,54,057,"West Virginia","Mineral County",4,15,306,162,144
050,54,057,"West Virginia","Mineral County",4,16,279,149,130
050,54,057,"West Virginia","Mineral County",4,17,312,168,144
050,54,057,"West Virginia","Mineral County",4,18,374,206,168
050,54,057,"West Virginia","Mineral County",4,19,389,216,173
050,54,057,"West Virginia","Mineral County",4,20,325,185,140
050,54,057,"West Virginia","Mineral County",4,21,268,145,123
050,54,057,"West Virginia","Mineral County",4,22,286,157,129
050,54,057,"West Virginia","Mineral County",4,23,276,141,135
050,54,057,"West Virginia","Mineral County",4,24,296,161,135
050,54,057,"West Virginia","Mineral County",4,25,255,135,120
050,54,057,"West Virginia","Mineral County",4,26,275,137,138
050,54,057,"West Virginia","Mineral County",4,27,289,130,159
050,54,057,"West Virginia","Mineral County",4,28,311,153,158
050,54,057,"West Virginia","Mineral County",4,29,316,173,143
050,54,057,"West Virginia","Mineral County",4,30,329,189,140
050,54,057,"West Virginia","Mineral County",4,31,330,163,167
050,54,057,"West Virginia","Mineral County",4,32,343,172,171
050,54,057,"West Virginia","Mineral County",4,33,303,161,142
050,54,057,"West Virginia","Mineral County",4,34,306,168,138
050,54,057,"West Virginia","Mineral County",4,35,296,152,144
050,54,057,"West Virginia","Mineral County",4,36,306,161,145
050,54,057,"West Virginia","Mineral County",4,37,292,160,132
050,54,057,"West Virginia","Mineral County",4,38,287,142,145
050,54,057,"West Virginia","Mineral County",4,39,310,153,157
050,54,057,"West Virginia","Mineral County",4,40,317,167,150
050,54,057,"West Virginia","Mineral County",4,41,301,158,143
050,54,057,"West Virginia","Mineral County",4,42,314,164,150
050,54,057,"West Virginia","Mineral County",4,43,287,137,150
050,54,057,"West Virginia","Mineral County",4,44,286,135,151
050,54,057,"West Virginia","Mineral County",4,45,309,156,153
050,54,057,"West Virginia","Mineral County",4,46,281,140,141
050,54,057,"West Virginia","Mineral County",4,47,276,140,136
050,54,057,"West Virginia","Mineral County",4,48,315,163,152
050,54,057,"West Virginia","Mineral County",4,49,343,180,163
050,54,057,"West Virginia","Mineral County",4,50,357,183,174
050,54,057,"West Virginia","Mineral County",4,51,394,207,187
050,54,057,"West Virginia","Mineral County",4,52,383,185,198
050,54,057,"West Virginia","Mineral County",4,53,376,178,198
050,54,057,"West Virginia","Mineral County",4,54,361,181,180
050,54,057,"West Virginia","Mineral County",4,55,367,189,178
050,54,057,"West Virginia","Mineral County",4,56,399,203,196
050,54,057,"West Virginia","Mineral County",4,57,400,208,192
050,54,057,"West Virginia","Mineral County",4,58,377,185,192
050,54,057,"West Virginia","Mineral County",4,59,361,174,187
050,54,057,"West Virginia","Mineral County",4,60,369,169,200
050,54,057,"West Virginia","Mineral County",4,61,357,171,186
050,54,057,"West Virginia","Mineral County",4,62,388,182,206
050,54,057,"West Virginia","Mineral County",4,63,390,179,211
050,54,057,"West Virginia","Mineral County",4,64,375,176,199
050,54,057,"West Virginia","Mineral County",4,65,364,165,199
050,54,057,"West Virginia","Mineral County",4,66,373,181,192
050,54,057,"West Virginia","Mineral County",4,67,353,168,185
050,54,057,"West Virginia","Mineral County",4,68,351,175,176
050,54,057,"West Virginia","Mineral County",4,69,348,168,180
050,54,057,"West Virginia","Mineral County",4,70,351,159,192
050,54,057,"West Virginia","Mineral County",4,71,338,156,182
050,54,057,"West Virginia","Mineral County",4,72,338,161,177
050,54,057,"West Virginia","Mineral County",4,73,333,152,181
050,54,057,"West Virginia","Mineral County",4,74,347,163,184
050,54,057,"West Virginia","Mineral County",4,75,386,187,199
050,54,057,"West Virginia","Mineral County",4,76,227,110,117
050,54,057,"West Virginia","Mineral County",4,77,218,99,119
050,54,057,"West Virginia","Mineral County",4,78,219,93,126
050,54,057,"West Virginia","Mineral County",4,79,214,99,115
050,54,057,"West Virginia","Mineral County",4,80,193,98,95
050,54,057,"West Virginia","Mineral County",4,81,184,91,93
050,54,057,"West Virginia","Mineral County",4,82,162,75,87
050,54,057,"West Virginia","Mineral County",4,83,141,56,85
050,54,057,"West Virginia","Mineral County",4,84,128,49,79
050,54,057,"West Virginia","Mineral County",4,85,530,208,322
050,54,057,"West Virginia","Mineral County",5,0,290,160,130
050,54,057,"West Virginia","Mineral County",5,1,276,153,123
050,54,057,"West Virginia","Mineral County",5,2,278,152,126
050,54,057,"West Virginia","Mineral County",5,3,268,148,120
050,54,057,"West Virginia","Mineral County",5,4,277,134,143
050,54,057,"West Virginia","Mineral County",5,5,274,126,148
050,54,057,"West Virginia","Mineral County",5,6,283,133,150
050,54,057,"West Virginia","Mineral County",5,7,309,154,155
050,54,057,"West Virginia","Mineral County",5,8,313,153,160
050,54,057,"West Virginia","Mineral County",5,9,299,150,149
050,54,057,"West Virginia","Mineral County",5,10,325,159,166
050,54,057,"West Virginia","Mineral County",5,11,297,149,148
050,54,057,"West Virginia","Mineral County",5,12,283,142,141
050,54,057,"West Virginia","Mineral County",5,13,313,158,155
050,54,057,"West Virginia","Mineral County",5,14,335,182,153
050,54,057,"West Virginia","Mineral County",5,15,331,173,158
050,54,057,"West Virginia","Mineral County",5,16,305,158,147
050,54,057,"West Virginia","Mineral County",5,17,285,153,132
050,54,057,"West Virginia","Mineral County",5,18,356,194,162
050,54,057,"West Virginia","Mineral County",5,19,381,217,164
050,54,057,"West Virginia","Mineral County",5,20,323,180,143
050,54,057,"West Virginia","Mineral County",5,21,281,153,128
050,54,057,"West Virginia","Mineral County",5,22,270,148,122
050,54,057,"West Virginia","Mineral County",5,23,295,165,130
050,54,057,"West Virginia","Mineral County",5,24,273,138,135
050,54,057,"West Virginia","Mineral County",5,25,290,155,135
050,54,057,"West Virginia","Mineral County",5,26,255,138,117
050,54,057,"West Virginia","Mineral County",5,27,288,140,148
050,54,057,"West Virginia","Mineral County",5,28,296,137,159
050,54,057,"West Virginia","Mineral County",5,29,312,154,158
050,54,057,"West Virginia","Mineral County",5,30,316,166,150
050,54,057,"West Virginia","Mineral County",5,31,334,191,143
050,54,057,"West Virginia","Mineral County",5,32,346,166,180
050,54,057,"West Virginia","Mineral County",5,33,344,174,170
050,54,057,"West Virginia","Mineral County",5,34,301,165,136
050,54,057,"West Virginia","Mineral County",5,35,305,164,141
050,54,057,"West Virginia","Mineral County",5,36,293,149,144
050,54,057,"West Virginia","Mineral County",5,37,301,156,145
050,54,057,"West Virginia","Mineral County",5,38,286,156,130
050,54,057,"West Virginia","Mineral County",5,39,283,140,143
050,54,057,"West Virginia","Mineral County",5,40,306,150,156
050,54,057,"West Virginia","Mineral County",5,41,308,163,145
050,54,057,"West Virginia","Mineral County",5,42,302,164,138
050,54,057,"West Virginia","Mineral County",5,43,308,157,151
050,54,057,"West Virginia","Mineral County",5,44,279,133,146
050,54,057,"West Virginia","Mineral County",5,45,289,132,157
050,54,057,"West Virginia","Mineral County",5,46,301,154,147
050,54,057,"West Virginia","Mineral County",5,47,273,133,140
050,54,057,"West Virginia","Mineral County",5,48,287,144,143
050,54,057,"West Virginia","Mineral County",5,49,316,162,154
050,54,057,"West Virginia","Mineral County",5,50,349,181,168
050,54,057,"West Virginia","Mineral County",5,51,354,179,175
050,54,057,"West Virginia","Mineral County",5,52,388,199,189
050,54,057,"West Virginia","Mineral County",5,53,380,183,197
050,54,057,"West Virginia","Mineral County",5,54,389,184,205
050,54,057,"West Virginia","Mineral County",5,55,355,176,179
050,54,057,"West Virginia","Mineral County",5,56,377,192,185
050,54,057,"West Virginia","Mineral County",5,57,405,206,199
050,54,057,"West Virginia","Mineral County",5,58,393,200,193
050,54,057,"West Virginia","Mineral County",5,59,387,191,196
050,54,057,"West Virginia","Mineral County",5,60,362,176,186
050,54,057,"West Virginia","Mineral County",5,61,361,163,198
050,54,057,"West Virginia","Mineral County",5,62,356,169,187
050,54,057,"West Virginia","Mineral County",5,63,384,178,206
050,54,057,"West Virginia","Mineral County",5,64,386,184,202
050,54,057,"West Virginia","Mineral County",5,65,376,174,202
050,54,057,"West Virginia","Mineral County",5,66,359,156,203
050,54,057,"West Virginia","Mineral County",5,67,373,180,193
050,54,057,"West Virginia","Mineral County",5,68,351,165,186
050,54,057,"West Virginia","Mineral County",5,69,345,173,172
050,54,057,"West Virginia","Mineral County",5,70,341,164,177
050,54,057,"West Virginia","Mineral County",5,71,343,155,188
050,54,057,"West Virginia","Mineral County",5,72,327,150,177
050,54,057,"West Virginia","Mineral County",5,73,317,146,171
050,54,057,"West Virginia","Mineral County",5,74,321,146,175
050,54,057,"West Virginia","Mineral County",5,75,336,153,183
050,54,057,"West Virginia","Mineral County",5,76,376,180,196
050,54,057,"West Virginia","Mineral County",5,77,217,106,111
050,54,057,"West Virginia","Mineral County",5,78,218,94,124
050,54,057,"West Virginia","Mineral County",5,79,202,87,115
050,54,057,"West Virginia","Mineral County",5,80,195,89,106
050,54,057,"West Virginia","Mineral County",5,81,177,97,80
050,54,057,"West Virginia","Mineral County",5,82,179,86,93
050,54,057,"West Virginia","Mineral County",5,83,146,67,79
050,54,057,"West Virginia","Mineral County",5,84,124,49,75
050,54,057,"West Virginia","Mineral County",5,85,579,222,357
050,54,059,"West Virginia","Mingo County",1,0,257,133,124
050,54,059,"West Virginia","Mingo County",1,1,279,151,128
050,54,059,"West Virginia","Mingo County",1,2,295,167,128
050,54,059,"West Virginia","Mingo County",1,3,275,134,141
050,54,059,"West Virginia","Mingo County",1,4,273,135,138
050,54,059,"West Virginia","Mingo County",1,5,306,157,149
050,54,059,"West Virginia","Mingo County",1,6,288,148,140
050,54,059,"West Virginia","Mingo County",1,7,304,163,141
050,54,059,"West Virginia","Mingo County",1,8,309,168,141
050,54,059,"West Virginia","Mingo County",1,9,295,158,137
050,54,059,"West Virginia","Mingo County",1,10,277,137,140
050,54,059,"West Virginia","Mingo County",1,11,290,156,134
050,54,059,"West Virginia","Mingo County",1,12,322,166,156
050,54,059,"West Virginia","Mingo County",1,13,305,159,146
050,54,059,"West Virginia","Mingo County",1,14,310,164,146
050,54,059,"West Virginia","Mingo County",1,15,298,156,142
050,54,059,"West Virginia","Mingo County",1,16,293,137,156
050,54,059,"West Virginia","Mingo County",1,17,309,161,148
050,54,059,"West Virginia","Mingo County",1,18,259,146,113
050,54,059,"West Virginia","Mingo County",1,19,195,102,93
050,54,059,"West Virginia","Mingo County",1,20,217,115,102
050,54,059,"West Virginia","Mingo County",1,21,220,118,102
050,54,059,"West Virginia","Mingo County",1,22,207,112,95
050,54,059,"West Virginia","Mingo County",1,23,215,111,104
050,54,059,"West Virginia","Mingo County",1,24,234,112,122
050,54,059,"West Virginia","Mingo County",1,25,215,102,113
050,54,059,"West Virginia","Mingo County",1,26,241,129,112
050,54,059,"West Virginia","Mingo County",1,27,253,130,123
050,54,059,"West Virginia","Mingo County",1,28,264,125,139
050,54,059,"West Virginia","Mingo County",1,29,269,132,137
050,54,059,"West Virginia","Mingo County",1,30,246,118,128
050,54,059,"West Virginia","Mingo County",1,31,252,130,122
050,54,059,"West Virginia","Mingo County",1,32,252,127,125
050,54,059,"West Virginia","Mingo County",1,33,240,118,122
050,54,059,"West Virginia","Mingo County",1,34,256,125,131
050,54,059,"West Virginia","Mingo County",1,35,251,115,136
050,54,059,"West Virginia","Mingo County",1,36,277,139,138
050,54,059,"West Virginia","Mingo County",1,37,271,138,133
050,54,059,"West Virginia","Mingo County",1,38,276,134,142
050,54,059,"West Virginia","Mingo County",1,39,291,138,153
050,54,059,"West Virginia","Mingo County",1,40,320,135,185
050,54,059,"West Virginia","Mingo County",1,41,315,151,164
050,54,059,"West Virginia","Mingo County",1,42,279,153,126
050,54,059,"West Virginia","Mingo County",1,43,297,154,143
050,54,059,"West Virginia","Mingo County",1,44,305,157,148
050,54,059,"West Virginia","Mingo County",1,45,317,160,157
050,54,059,"West Virginia","Mingo County",1,46,311,159,152
050,54,059,"West Virginia","Mingo County",1,47,321,161,160
050,54,059,"West Virginia","Mingo County",1,48,331,165,166
050,54,059,"West Virginia","Mingo County",1,49,299,150,149
050,54,059,"West Virginia","Mingo County",1,50,312,171,141
050,54,059,"West Virginia","Mingo County",1,51,302,153,149
050,54,059,"West Virginia","Mingo County",1,52,319,154,165
050,54,059,"West Virginia","Mingo County",1,53,338,154,184
050,54,059,"West Virginia","Mingo County",1,54,321,155,166
050,54,059,"West Virginia","Mingo County",1,55,337,158,179
050,54,059,"West Virginia","Mingo County",1,56,339,165,174
050,54,059,"West Virginia","Mingo County",1,57,336,169,167
050,54,059,"West Virginia","Mingo County",1,58,355,177,178
050,54,059,"West Virginia","Mingo County",1,59,349,167,182
050,54,059,"West Virginia","Mingo County",1,60,362,176,186
050,54,059,"West Virginia","Mingo County",1,61,360,178,182
050,54,059,"West Virginia","Mingo County",1,62,364,179,185
050,54,059,"West Virginia","Mingo County",1,63,358,176,182
050,54,059,"West Virginia","Mingo County",1,64,360,171,189
050,54,059,"West Virginia","Mingo County",1,65,375,186,189
050,54,059,"West Virginia","Mingo County",1,66,354,181,173
050,54,059,"West Virginia","Mingo County",1,67,345,154,191
050,54,059,"West Virginia","Mingo County",1,68,361,172,189
050,54,059,"West Virginia","Mingo County",1,69,322,155,167
050,54,059,"West Virginia","Mingo County",1,70,310,149,161
050,54,059,"West Virginia","Mingo County",1,71,309,151,158
050,54,059,"West Virginia","Mingo County",1,72,299,150,149
050,54,059,"West Virginia","Mingo County",1,73,285,147,138
050,54,059,"West Virginia","Mingo County",1,74,189,90,99
050,54,059,"West Virginia","Mingo County",1,75,159,71,88
050,54,059,"West Virginia","Mingo County",1,76,155,74,81
050,54,059,"West Virginia","Mingo County",1,77,161,84,77
050,54,059,"West Virginia","Mingo County",1,78,115,59,56
050,54,059,"West Virginia","Mingo County",1,79,131,63,68
050,54,059,"West Virginia","Mingo County",1,80,111,57,54
050,54,059,"West Virginia","Mingo County",1,81,93,40,53
050,54,059,"West Virginia","Mingo County",1,82,85,30,55
050,54,059,"West Virginia","Mingo County",1,83,92,41,51
050,54,059,"West Virginia","Mingo County",1,84,71,31,40
050,54,059,"West Virginia","Mingo County",1,85,358,129,229
050,54,059,"West Virginia","Mingo County",2,0,271,140,131
050,54,059,"West Virginia","Mingo County",2,1,270,145,125
050,54,059,"West Virginia","Mingo County",2,2,286,160,126
050,54,059,"West Virginia","Mingo County",2,3,276,140,136
050,54,059,"West Virginia","Mingo County",2,4,275,136,139
050,54,059,"West Virginia","Mingo County",2,5,298,152,146
050,54,059,"West Virginia","Mingo County",2,6,292,150,142
050,54,059,"West Virginia","Mingo County",2,7,298,158,140
050,54,059,"West Virginia","Mingo County",2,8,304,164,140
050,54,059,"West Virginia","Mingo County",2,9,296,159,137
050,54,059,"West Virginia","Mingo County",2,10,280,144,136
050,54,059,"West Virginia","Mingo County",2,11,286,151,135
050,54,059,"West Virginia","Mingo County",2,12,313,163,150
050,54,059,"West Virginia","Mingo County",2,13,307,158,149
050,54,059,"West Virginia","Mingo County",2,14,308,163,145
050,54,059,"West Virginia","Mingo County",2,15,303,158,145
050,54,059,"West Virginia","Mingo County",2,16,294,141,153
050,54,059,"West Virginia","Mingo County",2,17,304,153,151
050,54,059,"West Virginia","Mingo County",2,18,258,142,116
050,54,059,"West Virginia","Mingo County",2,19,200,107,93
050,54,059,"West Virginia","Mingo County",2,20,218,115,103
050,54,059,"West Virginia","Mingo County",2,21,225,121,104
050,54,059,"West Virginia","Mingo County",2,22,213,115,98
050,54,059,"West Virginia","Mingo County",2,23,218,114,104
050,54,059,"West Virginia","Mingo County",2,24,227,111,116
050,54,059,"West Virginia","Mingo County",2,25,217,103,114
050,54,059,"West Virginia","Mingo County",2,26,234,123,111
050,54,059,"West Virginia","Mingo County",2,27,248,128,120
050,54,059,"West Virginia","Mingo County",2,28,261,127,134
050,54,059,"West Virginia","Mingo County",2,29,264,129,135
050,54,059,"West Virginia","Mingo County",2,30,253,123,130
050,54,059,"West Virginia","Mingo County",2,31,252,128,124
050,54,059,"West Virginia","Mingo County",2,32,250,127,123
050,54,059,"West Virginia","Mingo County",2,33,240,119,121
050,54,059,"West Virginia","Mingo County",2,34,249,122,127
050,54,059,"West Virginia","Mingo County",2,35,252,118,134
050,54,059,"West Virginia","Mingo County",2,36,267,130,137
050,54,059,"West Virginia","Mingo County",2,37,272,137,135
050,54,059,"West Virginia","Mingo County",2,38,276,135,141
050,54,059,"West Virginia","Mingo County",2,39,288,137,151
050,54,059,"West Virginia","Mingo County",2,40,316,136,180
050,54,059,"West Virginia","Mingo County",2,41,313,145,168
050,54,059,"West Virginia","Mingo County",2,42,284,152,132
050,54,059,"West Virginia","Mingo County",2,43,292,153,139
050,54,059,"West Virginia","Mingo County",2,44,300,155,145
050,54,059,"West Virginia","Mingo County",2,45,313,159,154
050,54,059,"West Virginia","Mingo County",2,46,309,157,152
050,54,059,"West Virginia","Mingo County",2,47,316,160,156
050,54,059,"West Virginia","Mingo County",2,48,326,163,163
050,54,059,"West Virginia","Mingo County",2,49,306,154,152
050,54,059,"West Virginia","Mingo County",2,50,309,166,143
050,54,059,"West Virginia","Mingo County",2,51,301,156,145
050,54,059,"West Virginia","Mingo County",2,52,314,153,161
050,54,059,"West Virginia","Mingo County",2,53,331,153,178
050,54,059,"West Virginia","Mingo County",2,54,323,154,169
050,54,059,"West Virginia","Mingo County",2,55,331,155,176
050,54,059,"West Virginia","Mingo County",2,56,336,163,173
050,54,059,"West Virginia","Mingo County",2,57,339,169,170
050,54,059,"West Virginia","Mingo County",2,58,348,174,174
050,54,059,"West Virginia","Mingo County",2,59,351,169,182
050,54,059,"West Virginia","Mingo County",2,60,354,172,182
050,54,059,"West Virginia","Mingo County",2,61,356,177,179
050,54,059,"West Virginia","Mingo County",2,62,359,176,183
050,54,059,"West Virginia","Mingo County",2,63,358,176,182
050,54,059,"West Virginia","Mingo County",2,64,355,171,184
050,54,059,"West Virginia","Mingo County",2,65,370,182,188
050,54,059,"West Virginia","Mingo County",2,66,357,180,177
050,54,059,"West Virginia","Mingo County",2,67,345,159,186
050,54,059,"West Virginia","Mingo County",2,68,353,166,187
050,54,059,"West Virginia","Mingo County",2,69,330,159,171
050,54,059,"West Virginia","Mingo County",2,70,310,147,163
050,54,059,"West Virginia","Mingo County",2,71,309,149,160
050,54,059,"West Virginia","Mingo County",2,72,292,147,145
050,54,059,"West Virginia","Mingo County",2,73,301,154,147
050,54,059,"West Virginia","Mingo County",2,74,193,95,98
050,54,059,"West Virginia","Mingo County",2,75,165,75,90
050,54,059,"West Virginia","Mingo County",2,76,155,72,83
050,54,059,"West Virginia","Mingo County",2,77,164,83,81
050,54,059,"West Virginia","Mingo County",2,78,122,64,58
050,54,059,"West Virginia","Mingo County",2,79,123,59,64
050,54,059,"West Virginia","Mingo County",2,80,112,57,55
050,54,059,"West Virginia","Mingo County",2,81,92,41,51
050,54,059,"West Virginia","Mingo County",2,82,86,31,55
050,54,059,"West Virginia","Mingo County",2,83,87,35,52
050,54,059,"West Virginia","Mingo County",2,84,74,34,40
050,54,059,"West Virginia","Mingo County",2,85,365,132,233
050,54,059,"West Virginia","Mingo County",3,0,235,129,106
050,54,059,"West Virginia","Mingo County",3,1,283,146,137
050,54,059,"West Virginia","Mingo County",3,2,261,137,124
050,54,059,"West Virginia","Mingo County",3,3,276,151,125
050,54,059,"West Virginia","Mingo County",3,4,283,144,139
050,54,059,"West Virginia","Mingo County",3,5,269,136,133
050,54,059,"West Virginia","Mingo County",3,6,297,148,149
050,54,059,"West Virginia","Mingo County",3,7,277,143,134
050,54,059,"West Virginia","Mingo County",3,8,290,157,133
050,54,059,"West Virginia","Mingo County",3,9,295,157,138
050,54,059,"West Virginia","Mingo County",3,10,288,154,134
050,54,059,"West Virginia","Mingo County",3,11,278,141,137
050,54,059,"West Virginia","Mingo County",3,12,288,152,136
050,54,059,"West Virginia","Mingo County",3,13,308,159,149
050,54,059,"West Virginia","Mingo County",3,14,299,151,148
050,54,059,"West Virginia","Mingo County",3,15,299,163,136
050,54,059,"West Virginia","Mingo County",3,16,304,155,149
050,54,059,"West Virginia","Mingo County",3,17,290,144,146
050,54,059,"West Virginia","Mingo County",3,18,258,136,122
050,54,059,"West Virginia","Mingo County",3,19,202,108,94
050,54,059,"West Virginia","Mingo County",3,20,203,106,97
050,54,059,"West Virginia","Mingo County",3,21,228,120,108
050,54,059,"West Virginia","Mingo County",3,22,237,129,108
050,54,059,"West Virginia","Mingo County",3,23,223,119,104
050,54,059,"West Virginia","Mingo County",3,24,212,110,102
050,54,059,"West Virginia","Mingo County",3,25,227,113,114
050,54,059,"West Virginia","Mingo County",3,26,218,100,118
050,54,059,"West Virginia","Mingo County",3,27,241,123,118
050,54,059,"West Virginia","Mingo County",3,28,244,123,121
050,54,059,"West Virginia","Mingo County",3,29,272,129,143
050,54,059,"West Virginia","Mingo County",3,30,255,123,132
050,54,059,"West Virginia","Mingo County",3,31,239,115,124
050,54,059,"West Virginia","Mingo County",3,32,249,131,118
050,54,059,"West Virginia","Mingo County",3,33,239,122,117
050,54,059,"West Virginia","Mingo County",3,34,235,118,117
050,54,059,"West Virginia","Mingo County",3,35,243,119,124
050,54,059,"West Virginia","Mingo County",3,36,255,120,135
050,54,059,"West Virginia","Mingo County",3,37,253,121,132
050,54,059,"West Virginia","Mingo County",3,38,262,132,130
050,54,059,"West Virginia","Mingo County",3,39,279,140,139
050,54,059,"West Virginia","Mingo County",3,40,283,138,145
050,54,059,"West Virginia","Mingo County",3,41,308,133,175
050,54,059,"West Virginia","Mingo County",3,42,306,145,161
050,54,059,"West Virginia","Mingo County",3,43,284,148,136
050,54,059,"West Virginia","Mingo County",3,44,283,149,134
050,54,059,"West Virginia","Mingo County",3,45,287,142,145
050,54,059,"West Virginia","Mingo County",3,46,298,145,153
050,54,059,"West Virginia","Mingo County",3,47,307,153,154
050,54,059,"West Virginia","Mingo County",3,48,321,161,160
050,54,059,"West Virginia","Mingo County",3,49,319,157,162
050,54,059,"West Virginia","Mingo County",3,50,302,150,152
050,54,059,"West Virginia","Mingo County",3,51,300,163,137
050,54,059,"West Virginia","Mingo County",3,52,294,152,142
050,54,059,"West Virginia","Mingo County",3,53,298,148,150
050,54,059,"West Virginia","Mingo County",3,54,327,147,180
050,54,059,"West Virginia","Mingo County",3,55,319,152,167
050,54,059,"West Virginia","Mingo County",3,56,319,154,165
050,54,059,"West Virginia","Mingo County",3,57,331,163,168
050,54,059,"West Virginia","Mingo County",3,58,338,168,170
050,54,059,"West Virginia","Mingo County",3,59,326,162,164
050,54,059,"West Virginia","Mingo County",3,60,337,164,173
050,54,059,"West Virginia","Mingo County",3,61,345,158,187
050,54,059,"West Virginia","Mingo County",3,62,350,173,177
050,54,059,"West Virginia","Mingo County",3,63,343,170,173
050,54,059,"West Virginia","Mingo County",3,64,353,172,181
050,54,059,"West Virginia","Mingo County",3,65,349,171,178
050,54,059,"West Virginia","Mingo County",3,66,355,173,182
050,54,059,"West Virginia","Mingo County",3,67,338,166,172
050,54,059,"West Virginia","Mingo County",3,68,340,156,184
050,54,059,"West Virginia","Mingo County",3,69,336,156,180
050,54,059,"West Virginia","Mingo County",3,70,310,149,161
050,54,059,"West Virginia","Mingo County",3,71,302,143,159
050,54,059,"West Virginia","Mingo County",3,72,296,143,153
050,54,059,"West Virginia","Mingo County",3,73,281,138,143
050,54,059,"West Virginia","Mingo County",3,74,289,147,142
050,54,059,"West Virginia","Mingo County",3,75,186,87,99
050,54,059,"West Virginia","Mingo County",3,76,152,73,79
050,54,059,"West Virginia","Mingo County",3,77,149,70,79
050,54,059,"West Virginia","Mingo County",3,78,153,76,77
050,54,059,"West Virginia","Mingo County",3,79,108,55,53
050,54,059,"West Virginia","Mingo County",3,80,115,53,62
050,54,059,"West Virginia","Mingo County",3,81,104,55,49
050,54,059,"West Virginia","Mingo County",3,82,82,38,44
050,54,059,"West Virginia","Mingo County",3,83,77,27,50
050,54,059,"West Virginia","Mingo County",3,84,77,28,49
050,54,059,"West Virginia","Mingo County",3,85,381,145,236
050,54,059,"West Virginia","Mingo County",4,0,242,135,107
050,54,059,"West Virginia","Mingo County",4,1,228,124,104
050,54,059,"West Virginia","Mingo County",4,2,283,146,137
050,54,059,"West Virginia","Mingo County",4,3,241,120,121
050,54,059,"West Virginia","Mingo County",4,4,291,161,130
050,54,059,"West Virginia","Mingo County",4,5,278,147,131
050,54,059,"West Virginia","Mingo County",4,6,266,139,127
050,54,059,"West Virginia","Mingo County",4,7,284,141,143
050,54,059,"West Virginia","Mingo County",4,8,261,131,130
050,54,059,"West Virginia","Mingo County",4,9,282,159,123
050,54,059,"West Virginia","Mingo County",4,10,287,150,137
050,54,059,"West Virginia","Mingo County",4,11,297,156,141
050,54,059,"West Virginia","Mingo County",4,12,275,133,142
050,54,059,"West Virginia","Mingo County",4,13,284,152,132
050,54,059,"West Virginia","Mingo County",4,14,308,161,147
050,54,059,"West Virginia","Mingo County",4,15,300,152,148
050,54,059,"West Virginia","Mingo County",4,16,296,161,135
050,54,059,"West Virginia","Mingo County",4,17,302,155,147
050,54,059,"West Virginia","Mingo County",4,18,247,126,121
050,54,059,"West Virginia","Mingo County",4,19,193,99,94
050,54,059,"West Virginia","Mingo County",4,20,204,109,95
050,54,059,"West Virginia","Mingo County",4,21,197,106,91
050,54,059,"West Virginia","Mingo County",4,22,221,111,110
050,54,059,"West Virginia","Mingo County",4,23,244,133,111
050,54,059,"West Virginia","Mingo County",4,24,231,130,101
050,54,059,"West Virginia","Mingo County",4,25,190,95,95
050,54,059,"West Virginia","Mingo County",4,26,223,112,111
050,54,059,"West Virginia","Mingo County",4,27,210,102,108
050,54,059,"West Virginia","Mingo County",4,28,229,119,110
050,54,059,"West Virginia","Mingo County",4,29,250,129,121
050,54,059,"West Virginia","Mingo County",4,30,259,114,145
050,54,059,"West Virginia","Mingo County",4,31,241,118,123
050,54,059,"West Virginia","Mingo County",4,32,223,117,106
050,54,059,"West Virginia","Mingo County",4,33,243,122,121
050,54,059,"West Virginia","Mingo County",4,34,242,126,116
050,54,059,"West Virginia","Mingo County",4,35,228,114,114
050,54,059,"West Virginia","Mingo County",4,36,245,117,128
050,54,059,"West Virginia","Mingo County",4,37,251,116,135
050,54,059,"West Virginia","Mingo County",4,38,250,115,135
050,54,059,"West Virginia","Mingo County",4,39,261,130,131
050,54,059,"West Virginia","Mingo County",4,40,272,138,134
050,54,059,"West Virginia","Mingo County",4,41,272,132,140
050,54,059,"West Virginia","Mingo County",4,42,301,129,172
050,54,059,"West Virginia","Mingo County",4,43,305,142,163
050,54,059,"West Virginia","Mingo County",4,44,279,147,132
050,54,059,"West Virginia","Mingo County",4,45,274,147,127
050,54,059,"West Virginia","Mingo County",4,46,280,140,140
050,54,059,"West Virginia","Mingo County",4,47,293,141,152
050,54,059,"West Virginia","Mingo County",4,48,288,145,143
050,54,059,"West Virginia","Mingo County",4,49,318,163,155
050,54,059,"West Virginia","Mingo County",4,50,315,154,161
050,54,059,"West Virginia","Mingo County",4,51,292,147,145
050,54,059,"West Virginia","Mingo County",4,52,291,155,136
050,54,059,"West Virginia","Mingo County",4,53,291,152,139
050,54,059,"West Virginia","Mingo County",4,54,279,140,139
050,54,059,"West Virginia","Mingo County",4,55,312,144,168
050,54,059,"West Virginia","Mingo County",4,56,307,147,160
050,54,059,"West Virginia","Mingo County",4,57,311,148,163
050,54,059,"West Virginia","Mingo County",4,58,322,154,168
050,54,059,"West Virginia","Mingo County",4,59,329,161,168
050,54,059,"West Virginia","Mingo County",4,60,311,160,151
050,54,059,"West Virginia","Mingo County",4,61,327,158,169
050,54,059,"West Virginia","Mingo County",4,62,329,148,181
050,54,059,"West Virginia","Mingo County",4,63,328,164,164
050,54,059,"West Virginia","Mingo County",4,64,336,165,171
050,54,059,"West Virginia","Mingo County",4,65,343,166,177
050,54,059,"West Virginia","Mingo County",4,66,326,163,163
050,54,059,"West Virginia","Mingo County",4,67,338,160,178
050,54,059,"West Virginia","Mingo County",4,68,327,158,169
050,54,059,"West Virginia","Mingo County",4,69,325,151,174
050,54,059,"West Virginia","Mingo County",4,70,323,156,167
050,54,059,"West Virginia","Mingo County",4,71,288,140,148
050,54,059,"West Virginia","Mingo County",4,72,282,136,146
050,54,059,"West Virginia","Mingo County",4,73,280,134,146
050,54,059,"West Virginia","Mingo County",4,74,269,132,137
050,54,059,"West Virginia","Mingo County",4,75,279,141,138
050,54,059,"West Virginia","Mingo County",4,76,174,83,91
050,54,059,"West Virginia","Mingo County",4,77,146,68,78
050,54,059,"West Virginia","Mingo County",4,78,139,63,76
050,54,059,"West Virginia","Mingo County",4,79,148,74,74
050,54,059,"West Virginia","Mingo County",4,80,96,48,48
050,54,059,"West Virginia","Mingo County",4,81,107,50,57
050,54,059,"West Virginia","Mingo County",4,82,92,45,47
050,54,059,"West Virginia","Mingo County",4,83,74,38,36
050,54,059,"West Virginia","Mingo County",4,84,63,18,45
050,54,059,"West Virginia","Mingo County",4,85,377,140,237
050,54,059,"West Virginia","Mingo County",5,0,257,146,111
050,54,059,"West Virginia","Mingo County",5,1,252,133,119
050,54,059,"West Virginia","Mingo County",5,2,245,138,107
050,54,059,"West Virginia","Mingo County",5,3,277,144,133
050,54,059,"West Virginia","Mingo County",5,4,240,130,110
050,54,059,"West Virginia","Mingo County",5,5,285,158,127
050,54,059,"West Virginia","Mingo County",5,6,269,141,128
050,54,059,"West Virginia","Mingo County",5,7,256,129,127
050,54,059,"West Virginia","Mingo County",5,8,282,144,138
050,54,059,"West Virginia","Mingo County",5,9,273,135,138
050,54,059,"West Virginia","Mingo County",5,10,281,157,124
050,54,059,"West Virginia","Mingo County",5,11,285,146,139
050,54,059,"West Virginia","Mingo County",5,12,288,152,136
050,54,059,"West Virginia","Mingo County",5,13,273,130,143
050,54,059,"West Virginia","Mingo County",5,14,272,150,122
050,54,059,"West Virginia","Mingo County",5,15,298,155,143
050,54,059,"West Virginia","Mingo County",5,16,298,151,147
050,54,059,"West Virginia","Mingo County",5,17,289,158,131
050,54,059,"West Virginia","Mingo County",5,18,237,130,107
050,54,059,"West Virginia","Mingo County",5,19,178,90,88
050,54,059,"West Virginia","Mingo County",5,20,219,109,110
050,54,059,"West Virginia","Mingo County",5,21,212,108,104
050,54,059,"West Virginia","Mingo County",5,22,207,111,96
050,54,059,"West Virginia","Mingo County",5,23,237,118,119
050,54,059,"West Virginia","Mingo County",5,24,243,134,109
050,54,059,"West Virginia","Mingo County",5,25,220,124,96
050,54,059,"West Virginia","Mingo County",5,26,198,101,97
050,54,059,"West Virginia","Mingo County",5,27,218,108,110
050,54,059,"West Virginia","Mingo County",5,28,208,102,106
050,54,059,"West Virginia","Mingo County",5,29,224,114,110
050,54,059,"West Virginia","Mingo County",5,30,237,118,119
050,54,059,"West Virginia","Mingo County",5,31,250,108,142
050,54,059,"West Virginia","Mingo County",5,32,233,116,117
050,54,059,"West Virginia","Mingo County",5,33,217,114,103
050,54,059,"West Virginia","Mingo County",5,34,247,120,127
050,54,059,"West Virginia","Mingo County",5,35,242,127,115
050,54,059,"West Virginia","Mingo County",5,36,236,117,119
050,54,059,"West Virginia","Mingo County",5,37,231,108,123
050,54,059,"West Virginia","Mingo County",5,38,252,116,136
050,54,059,"West Virginia","Mingo County",5,39,248,115,133
050,54,059,"West Virginia","Mingo County",5,40,247,119,128
050,54,059,"West Virginia","Mingo County",5,41,267,131,136
050,54,059,"West Virginia","Mingo County",5,42,266,133,133
050,54,059,"West Virginia","Mingo County",5,43,299,124,175
050,54,059,"West Virginia","Mingo County",5,44,292,140,152
050,54,059,"West Virginia","Mingo County",5,45,266,144,122
050,54,059,"West Virginia","Mingo County",5,46,271,145,126
050,54,059,"West Virginia","Mingo County",5,47,269,133,136
050,54,059,"West Virginia","Mingo County",5,48,290,142,148
050,54,059,"West Virginia","Mingo County",5,49,280,139,141
050,54,059,"West Virginia","Mingo County",5,50,306,157,149
050,54,059,"West Virginia","Mingo County",5,51,308,153,155
050,54,059,"West Virginia","Mingo County",5,52,292,146,146
050,54,059,"West Virginia","Mingo County",5,53,290,157,133
050,54,059,"West Virginia","Mingo County",5,54,287,152,135
050,54,059,"West Virginia","Mingo County",5,55,270,137,133
050,54,059,"West Virginia","Mingo County",5,56,303,138,165
050,54,059,"West Virginia","Mingo County",5,57,299,140,159
050,54,059,"West Virginia","Mingo County",5,58,303,144,159
050,54,059,"West Virginia","Mingo County",5,59,311,152,159
050,54,059,"West Virginia","Mingo County",5,60,321,155,166
050,54,059,"West Virginia","Mingo County",5,61,300,153,147
050,54,059,"West Virginia","Mingo County",5,62,316,148,168
050,54,059,"West Virginia","Mingo County",5,63,318,145,173
050,54,059,"West Virginia","Mingo County",5,64,316,153,163
050,54,059,"West Virginia","Mingo County",5,65,330,159,171
050,54,059,"West Virginia","Mingo County",5,66,331,166,165
050,54,059,"West Virginia","Mingo County",5,67,308,148,160
050,54,059,"West Virginia","Mingo County",5,68,326,151,175
050,54,059,"West Virginia","Mingo County",5,69,307,147,160
050,54,059,"West Virginia","Mingo County",5,70,310,145,165
050,54,059,"West Virginia","Mingo County",5,71,310,150,160
050,54,059,"West Virginia","Mingo County",5,72,266,131,135
050,54,059,"West Virginia","Mingo County",5,73,268,128,140
050,54,059,"West Virginia","Mingo County",5,74,268,128,140
050,54,059,"West Virginia","Mingo County",5,75,254,126,128
050,54,059,"West Virginia","Mingo County",5,76,270,137,133
050,54,059,"West Virginia","Mingo County",5,77,168,79,89
050,54,059,"West Virginia","Mingo County",5,78,134,61,73
050,54,059,"West Virginia","Mingo County",5,79,128,60,68
050,54,059,"West Virginia","Mingo County",5,80,137,69,68
050,54,059,"West Virginia","Mingo County",5,81,87,46,41
050,54,059,"West Virginia","Mingo County",5,82,99,43,56
050,54,059,"West Virginia","Mingo County",5,83,84,44,40
050,54,059,"West Virginia","Mingo County",5,84,61,29,32
050,54,059,"West Virginia","Mingo County",5,85,376,134,242
050,54,061,"West Virginia","Monongalia County",1,0,953,490,463
050,54,061,"West Virginia","Monongalia County",1,1,970,489,481
050,54,061,"West Virginia","Monongalia County",1,2,1002,495,507
050,54,061,"West Virginia","Monongalia County",1,3,985,495,490
050,54,061,"West Virginia","Monongalia County",1,4,1000,524,476
050,54,061,"West Virginia","Monongalia County",1,5,1037,545,492
050,54,061,"West Virginia","Monongalia County",1,6,1016,535,481
050,54,061,"West Virginia","Monongalia County",1,7,982,518,464
050,54,061,"West Virginia","Monongalia County",1,8,978,501,477
050,54,061,"West Virginia","Monongalia County",1,9,985,492,493
050,54,061,"West Virginia","Monongalia County",1,10,901,464,437
050,54,061,"West Virginia","Monongalia County",1,11,929,503,426
050,54,061,"West Virginia","Monongalia County",1,12,944,498,446
050,54,061,"West Virginia","Monongalia County",1,13,938,494,444
050,54,061,"West Virginia","Monongalia County",1,14,910,453,457
050,54,061,"West Virginia","Monongalia County",1,15,882,459,423
050,54,061,"West Virginia","Monongalia County",1,16,916,491,425
050,54,061,"West Virginia","Monongalia County",1,17,876,468,408
050,54,061,"West Virginia","Monongalia County",1,18,2748,1408,1340
050,54,061,"West Virginia","Monongalia County",1,19,4500,2508,1992
050,54,061,"West Virginia","Monongalia County",1,20,3738,2050,1688
050,54,061,"West Virginia","Monongalia County",1,21,3600,1784,1816
050,54,061,"West Virginia","Monongalia County",1,22,3494,1943,1551
050,54,061,"West Virginia","Monongalia County",1,23,2774,1429,1345
050,54,061,"West Virginia","Monongalia County",1,24,2256,1100,1156
050,54,061,"West Virginia","Monongalia County",1,25,1956,1061,895
050,54,061,"West Virginia","Monongalia County",1,26,1832,966,866
050,54,061,"West Virginia","Monongalia County",1,27,1631,875,756
050,54,061,"West Virginia","Monongalia County",1,28,1721,911,810
050,54,061,"West Virginia","Monongalia County",1,29,1819,971,848
050,54,061,"West Virginia","Monongalia County",1,30,1753,928,825
050,54,061,"West Virginia","Monongalia County",1,31,1702,954,748
050,54,061,"West Virginia","Monongalia County",1,32,1583,848,735
050,54,061,"West Virginia","Monongalia County",1,33,1535,825,710
050,54,061,"West Virginia","Monongalia County",1,34,1529,830,699
050,54,061,"West Virginia","Monongalia County",1,35,1433,768,665
050,54,061,"West Virginia","Monongalia County",1,36,1451,780,671
050,54,061,"West Virginia","Monongalia County",1,37,1452,772,680
050,54,061,"West Virginia","Monongalia County",1,38,1413,756,657
050,54,061,"West Virginia","Monongalia County",1,39,1388,773,615
050,54,061,"West Virginia","Monongalia County",1,40,1339,733,606
050,54,061,"West Virginia","Monongalia County",1,41,1259,684,575
050,54,061,"West Virginia","Monongalia County",1,42,1194,624,570
050,54,061,"West Virginia","Monongalia County",1,43,1123,562,561
050,54,061,"West Virginia","Monongalia County",1,44,1048,530,518
050,54,061,"West Virginia","Monongalia County",1,45,1085,564,521
050,54,061,"West Virginia","Monongalia County",1,46,1040,558,482
050,54,061,"West Virginia","Monongalia County",1,47,1070,584,486
050,54,061,"West Virginia","Monongalia County",1,48,1122,581,541
050,54,061,"West Virginia","Monongalia County",1,49,1149,596,553
050,54,061,"West Virginia","Monongalia County",1,50,1074,557,517
050,54,061,"West Virginia","Monongalia County",1,51,1075,546,529
050,54,061,"West Virginia","Monongalia County",1,52,1066,543,523
050,54,061,"West Virginia","Monongalia County",1,53,1050,530,520
050,54,061,"West Virginia","Monongalia County",1,54,1052,515,537
050,54,061,"West Virginia","Monongalia County",1,55,1129,568,561
050,54,061,"West Virginia","Monongalia County",1,56,1121,557,564
050,54,061,"West Virginia","Monongalia County",1,57,1122,556,566
050,54,061,"West Virginia","Monongalia County",1,58,1088,521,567
050,54,061,"West Virginia","Monongalia County",1,59,1105,542,563
050,54,061,"West Virginia","Monongalia County",1,60,1092,547,545
050,54,061,"West Virginia","Monongalia County",1,61,1130,565,565
050,54,061,"West Virginia","Monongalia County",1,62,1134,552,582
050,54,061,"West Virginia","Monongalia County",1,63,1039,519,520
050,54,061,"West Virginia","Monongalia County",1,64,1026,513,513
050,54,061,"West Virginia","Monongalia County",1,65,1044,501,543
050,54,061,"West Virginia","Monongalia County",1,66,1060,488,572
050,54,061,"West Virginia","Monongalia County",1,67,1021,506,515
050,54,061,"West Virginia","Monongalia County",1,68,976,497,479
050,54,061,"West Virginia","Monongalia County",1,69,920,458,462
050,54,061,"West Virginia","Monongalia County",1,70,836,422,414
050,54,061,"West Virginia","Monongalia County",1,71,773,386,387
050,54,061,"West Virginia","Monongalia County",1,72,752,368,384
050,54,061,"West Virginia","Monongalia County",1,73,736,369,367
050,54,061,"West Virginia","Monongalia County",1,74,502,244,258
050,54,061,"West Virginia","Monongalia County",1,75,489,225,264
050,54,061,"West Virginia","Monongalia County",1,76,487,229,258
050,54,061,"West Virginia","Monongalia County",1,77,482,219,263
050,54,061,"West Virginia","Monongalia County",1,78,404,186,218
050,54,061,"West Virginia","Monongalia County",1,79,356,162,194
050,54,061,"West Virginia","Monongalia County",1,80,314,152,162
050,54,061,"West Virginia","Monongalia County",1,81,286,126,160
050,54,061,"West Virginia","Monongalia County",1,82,274,119,155
050,54,061,"West Virginia","Monongalia County",1,83,251,105,146
050,54,061,"West Virginia","Monongalia County",1,84,206,78,128
050,54,061,"West Virginia","Monongalia County",1,85,1408,472,936
050,54,061,"West Virginia","Monongalia County",2,0,947,483,464
050,54,061,"West Virginia","Monongalia County",2,1,958,486,472
050,54,061,"West Virginia","Monongalia County",2,2,987,490,497
050,54,061,"West Virginia","Monongalia County",2,3,985,493,492
050,54,061,"West Virginia","Monongalia County",2,4,999,517,482
050,54,061,"West Virginia","Monongalia County",2,5,1026,538,488
050,54,061,"West Virginia","Monongalia County",2,6,1019,538,481
050,54,061,"West Virginia","Monongalia County",2,7,985,520,465
050,54,061,"West Virginia","Monongalia County",2,8,974,502,472
050,54,061,"West Virginia","Monongalia County",2,9,978,491,487
050,54,061,"West Virginia","Monongalia County",2,10,923,472,451
050,54,061,"West Virginia","Monongalia County",2,11,916,491,425
050,54,061,"West Virginia","Monongalia County",2,12,945,501,444
050,54,061,"West Virginia","Monongalia County",2,13,938,494,444
050,54,061,"West Virginia","Monongalia County",2,14,920,465,455
050,54,061,"West Virginia","Monongalia County",2,15,889,459,430
050,54,061,"West Virginia","Monongalia County",2,16,909,482,427
050,54,061,"West Virginia","Monongalia County",2,17,892,478,414
050,54,061,"West Virginia","Monongalia County",2,18,2746,1410,1336
050,54,061,"West Virginia","Monongalia County",2,19,4488,2487,2001
050,54,061,"West Virginia","Monongalia County",2,20,3772,2075,1697
050,54,061,"West Virginia","Monongalia County",2,21,3612,1788,1824
050,54,061,"West Virginia","Monongalia County",2,22,3489,1950,1539
050,54,061,"West Virginia","Monongalia County",2,23,2727,1395,1332
050,54,061,"West Virginia","Monongalia County",2,24,2253,1095,1158
050,54,061,"West Virginia","Monongalia County",2,25,1953,1063,890
050,54,061,"West Virginia","Monongalia County",2,26,1802,953,849
050,54,061,"West Virginia","Monongalia County",2,27,1633,866,767
050,54,061,"West Virginia","Monongalia County",2,28,1696,904,792
050,54,061,"West Virginia","Monongalia County",2,29,1786,951,835
050,54,061,"West Virginia","Monongalia County",2,30,1762,934,828
050,54,061,"West Virginia","Monongalia County",2,31,1701,942,759
050,54,061,"West Virginia","Monongalia County",2,32,1602,867,735
050,54,061,"West Virginia","Monongalia County",2,33,1542,827,715
050,54,061,"West Virginia","Monongalia County",2,34,1522,824,698
050,54,061,"West Virginia","Monongalia County",2,35,1456,778,678
050,54,061,"West Virginia","Monongalia County",2,36,1436,769,667
050,54,061,"West Virginia","Monongalia County",2,37,1452,774,678
050,54,061,"West Virginia","Monongalia County",2,38,1420,756,664
050,54,061,"West Virginia","Monongalia County",2,39,1387,763,624
050,54,061,"West Virginia","Monongalia County",2,40,1352,745,607
050,54,061,"West Virginia","Monongalia County",2,41,1272,690,582
050,54,061,"West Virginia","Monongalia County",2,42,1203,633,570
050,54,061,"West Virginia","Monongalia County",2,43,1145,580,565
050,54,061,"West Virginia","Monongalia County",2,44,1055,532,523
050,54,061,"West Virginia","Monongalia County",2,45,1076,556,520
050,54,061,"West Virginia","Monongalia County",2,46,1050,560,490
050,54,061,"West Virginia","Monongalia County",2,47,1054,570,484
050,54,061,"West Virginia","Monongalia County",2,48,1109,582,527
050,54,061,"West Virginia","Monongalia County",2,49,1147,595,552
050,54,061,"West Virginia","Monongalia County",2,50,1096,569,527
050,54,061,"West Virginia","Monongalia County",2,51,1077,553,524
050,54,061,"West Virginia","Monongalia County",2,52,1063,541,522
050,54,061,"West Virginia","Monongalia County",2,53,1055,537,518
050,54,061,"West Virginia","Monongalia County",2,54,1048,515,533
050,54,061,"West Virginia","Monongalia County",2,55,1107,550,557
050,54,061,"West Virginia","Monongalia County",2,56,1134,563,571
050,54,061,"West Virginia","Monongalia County",2,57,1118,552,566
050,54,061,"West Virginia","Monongalia County",2,58,1094,528,566
050,54,061,"West Virginia","Monongalia County",2,59,1103,537,566
050,54,061,"West Virginia","Monongalia County",2,60,1095,546,549
050,54,061,"West Virginia","Monongalia County",2,61,1118,558,560
050,54,061,"West Virginia","Monongalia County",2,62,1135,556,579
050,54,061,"West Virginia","Monongalia County",2,63,1070,533,537
050,54,061,"West Virginia","Monongalia County",2,64,1020,512,508
050,54,061,"West Virginia","Monongalia County",2,65,1032,498,534
050,54,061,"West Virginia","Monongalia County",2,66,1055,489,566
050,54,061,"West Virginia","Monongalia County",2,67,1023,498,525
050,54,061,"West Virginia","Monongalia County",2,68,980,498,482
050,54,061,"West Virginia","Monongalia County",2,69,930,464,466
050,54,061,"West Virginia","Monongalia County",2,70,851,427,424
050,54,061,"West Virginia","Monongalia County",2,71,787,393,394
050,54,061,"West Virginia","Monongalia County",2,72,745,364,381
050,54,061,"West Virginia","Monongalia County",2,73,770,385,385
050,54,061,"West Virginia","Monongalia County",2,74,524,255,269
050,54,061,"West Virginia","Monongalia County",2,75,491,228,263
050,54,061,"West Virginia","Monongalia County",2,76,478,225,253
050,54,061,"West Virginia","Monongalia County",2,77,492,225,267
050,54,061,"West Virginia","Monongalia County",2,78,411,188,223
050,54,061,"West Virginia","Monongalia County",2,79,364,164,200
050,54,061,"West Virginia","Monongalia County",2,80,315,154,161
050,54,061,"West Virginia","Monongalia County",2,81,292,133,159
050,54,061,"West Virginia","Monongalia County",2,82,278,122,156
050,54,061,"West Virginia","Monongalia County",2,83,250,104,146
050,54,061,"West Virginia","Monongalia County",2,84,208,78,130
050,54,061,"West Virginia","Monongalia County",2,85,1413,480,933
050,54,061,"West Virginia","Monongalia County",3,0,958,515,443
050,54,061,"West Virginia","Monongalia County",3,1,947,489,458
050,54,061,"West Virginia","Monongalia County",3,2,953,496,457
050,54,061,"West Virginia","Monongalia County",3,3,972,480,492
050,54,061,"West Virginia","Monongalia County",3,4,979,506,473
050,54,061,"West Virginia","Monongalia County",3,5,991,505,486
050,54,061,"West Virginia","Monongalia County",3,6,1019,522,497
050,54,061,"West Virginia","Monongalia County",3,7,1003,538,465
050,54,061,"West Virginia","Monongalia County",3,8,955,503,452
050,54,061,"West Virginia","Monongalia County",3,9,978,503,475
050,54,061,"West Virginia","Monongalia County",3,10,986,499,487
050,54,061,"West Virginia","Monongalia County",3,11,911,466,445
050,54,061,"West Virginia","Monongalia County",3,12,931,500,431
050,54,061,"West Virginia","Monongalia County",3,13,962,501,461
050,54,061,"West Virginia","Monongalia County",3,14,950,511,439
050,54,061,"West Virginia","Monongalia County",3,15,943,483,460
050,54,061,"West Virginia","Monongalia County",3,16,898,462,436
050,54,061,"West Virginia","Monongalia County",3,17,947,504,443
050,54,061,"West Virginia","Monongalia County",3,18,2801,1442,1359
050,54,061,"West Virginia","Monongalia County",3,19,4472,2469,2003
050,54,061,"West Virginia","Monongalia County",3,20,3799,2097,1702
050,54,061,"West Virginia","Monongalia County",3,21,3684,1823,1861
050,54,061,"West Virginia","Monongalia County",3,22,3460,1951,1509
050,54,061,"West Virginia","Monongalia County",3,23,2654,1339,1315
050,54,061,"West Virginia","Monongalia County",3,24,2270,1100,1170
050,54,061,"West Virginia","Monongalia County",3,25,1908,1063,845
050,54,061,"West Virginia","Monongalia County",3,26,1705,908,797
050,54,061,"West Virginia","Monongalia County",3,27,1644,865,779
050,54,061,"West Virginia","Monongalia County",3,28,1649,881,768
050,54,061,"West Virginia","Monongalia County",3,29,1664,871,793
050,54,061,"West Virginia","Monongalia County",3,30,1718,916,802
050,54,061,"West Virginia","Monongalia County",3,31,1690,879,811
050,54,061,"West Virginia","Monongalia County",3,32,1655,916,739
050,54,061,"West Virginia","Monongalia County",3,33,1554,834,720
050,54,061,"West Virginia","Monongalia County",3,34,1518,810,708
050,54,061,"West Virginia","Monongalia County",3,35,1518,830,688
050,54,061,"West Virginia","Monongalia County",3,36,1441,778,663
050,54,061,"West Virginia","Monongalia County",3,37,1438,779,659
050,54,061,"West Virginia","Monongalia County",3,38,1432,757,675
050,54,061,"West Virginia","Monongalia County",3,39,1415,754,661
050,54,061,"West Virginia","Monongalia County",3,40,1412,778,634
050,54,061,"West Virginia","Monongalia County",3,41,1339,729,610
050,54,061,"West Virginia","Monongalia County",3,42,1290,697,593
050,54,061,"West Virginia","Monongalia County",3,43,1210,639,571
050,54,061,"West Virginia","Monongalia County",3,44,1155,595,560
050,54,061,"West Virginia","Monongalia County",3,45,1043,521,522
050,54,061,"West Virginia","Monongalia County",3,46,1095,570,525
050,54,061,"West Virginia","Monongalia County",3,47,1056,565,491
050,54,061,"West Virginia","Monongalia County",3,48,1050,563,487
050,54,061,"West Virginia","Monongalia County",3,49,1090,563,527
050,54,061,"West Virginia","Monongalia County",3,50,1144,594,550
050,54,061,"West Virginia","Monongalia County",3,51,1103,583,520
050,54,061,"West Virginia","Monongalia County",3,52,1033,526,507
050,54,061,"West Virginia","Monongalia County",3,53,1048,541,507
050,54,061,"West Virginia","Monongalia County",3,54,1036,523,513
050,54,061,"West Virginia","Monongalia County",3,55,1043,508,535
050,54,061,"West Virginia","Monongalia County",3,56,1119,559,560
050,54,061,"West Virginia","Monongalia County",3,57,1122,553,569
050,54,061,"West Virginia","Monongalia County",3,58,1095,546,549
050,54,061,"West Virginia","Monongalia County",3,59,1073,520,553
050,54,061,"West Virginia","Monongalia County",3,60,1099,539,560
050,54,061,"West Virginia","Monongalia County",3,61,1083,539,544
050,54,061,"West Virginia","Monongalia County",3,62,1134,565,569
050,54,061,"West Virginia","Monongalia County",3,63,1125,544,581
050,54,061,"West Virginia","Monongalia County",3,64,1060,522,538
050,54,061,"West Virginia","Monongalia County",3,65,1003,505,498
050,54,061,"West Virginia","Monongalia County",3,66,1015,487,528
050,54,061,"West Virginia","Monongalia County",3,67,1038,479,559
050,54,061,"West Virginia","Monongalia County",3,68,1024,506,518
050,54,061,"West Virginia","Monongalia County",3,69,954,483,471
050,54,061,"West Virginia","Monongalia County",3,70,890,442,448
050,54,061,"West Virginia","Monongalia County",3,71,845,430,415
050,54,061,"West Virginia","Monongalia County",3,72,765,376,389
050,54,061,"West Virginia","Monongalia County",3,73,729,367,362
050,54,061,"West Virginia","Monongalia County",3,74,759,371,388
050,54,061,"West Virginia","Monongalia County",3,75,506,245,261
050,54,061,"West Virginia","Monongalia County",3,76,464,218,246
050,54,061,"West Virginia","Monongalia County",3,77,461,214,247
050,54,061,"West Virginia","Monongalia County",3,78,452,204,248
050,54,061,"West Virginia","Monongalia County",3,79,400,178,222
050,54,061,"West Virginia","Monongalia County",3,80,348,155,193
050,54,061,"West Virginia","Monongalia County",3,81,312,152,160
050,54,061,"West Virginia","Monongalia County",3,82,275,120,155
050,54,061,"West Virginia","Monongalia County",3,83,249,108,141
050,54,061,"West Virginia","Monongalia County",3,84,211,90,121
050,54,061,"West Virginia","Monongalia County",3,85,1392,478,914
050,54,061,"West Virginia","Monongalia County",4,0,985,533,452
050,54,061,"West Virginia","Monongalia County",4,1,938,485,453
050,54,061,"West Virginia","Monongalia County",4,2,958,492,466
050,54,061,"West Virginia","Monongalia County",4,3,943,483,460
050,54,061,"West Virginia","Monongalia County",4,4,965,486,479
050,54,061,"West Virginia","Monongalia County",4,5,965,489,476
050,54,061,"West Virginia","Monongalia County",4,6,991,508,483
050,54,061,"West Virginia","Monongalia County",4,7,1003,516,487
050,54,061,"West Virginia","Monongalia County",4,8,1004,538,466
050,54,061,"West Virginia","Monongalia County",4,9,957,502,455
050,54,061,"West Virginia","Monongalia County",4,10,987,515,472
050,54,061,"West Virginia","Monongalia County",4,11,982,495,487
050,54,061,"West Virginia","Monongalia County",4,12,904,463,441
050,54,061,"West Virginia","Monongalia County",4,13,929,497,432
050,54,061,"West Virginia","Monongalia County",4,14,937,490,447
050,54,061,"West Virginia","Monongalia County",4,15,936,500,436
050,54,061,"West Virginia","Monongalia County",4,16,986,499,487
050,54,061,"West Virginia","Monongalia County",4,17,915,483,432
050,54,061,"West Virginia","Monongalia County",4,18,2838,1468,1370
050,54,061,"West Virginia","Monongalia County",4,19,4461,2469,1992
050,54,061,"West Virginia","Monongalia County",4,20,3771,2080,1691
050,54,061,"West Virginia","Monongalia County",4,21,3800,1890,1910
050,54,061,"West Virginia","Monongalia County",4,22,3594,2058,1536
050,54,061,"West Virginia","Monongalia County",4,23,2622,1325,1297
050,54,061,"West Virginia","Monongalia County",4,24,2174,1005,1169
050,54,061,"West Virginia","Monongalia County",4,25,1957,1062,895
050,54,061,"West Virginia","Monongalia County",4,26,1722,954,768
050,54,061,"West Virginia","Monongalia County",4,27,1564,836,728
050,54,061,"West Virginia","Monongalia County",4,28,1650,844,806
050,54,061,"West Virginia","Monongalia County",4,29,1621,868,753
050,54,061,"West Virginia","Monongalia County",4,30,1611,857,754
050,54,061,"West Virginia","Monongalia County",4,31,1593,850,743
050,54,061,"West Virginia","Monongalia County",4,32,1631,848,783
050,54,061,"West Virginia","Monongalia County",4,33,1609,869,740
050,54,061,"West Virginia","Monongalia County",4,34,1497,800,697
050,54,061,"West Virginia","Monongalia County",4,35,1465,782,683
050,54,061,"West Virginia","Monongalia County",4,36,1484,809,675
050,54,061,"West Virginia","Monongalia County",4,37,1418,772,646
050,54,061,"West Virginia","Monongalia County",4,38,1425,773,652
050,54,061,"West Virginia","Monongalia County",4,39,1424,736,688
050,54,061,"West Virginia","Monongalia County",4,40,1416,748,668
050,54,061,"West Virginia","Monongalia County",4,41,1401,753,648
050,54,061,"West Virginia","Monongalia County",4,42,1317,718,599
050,54,061,"West Virginia","Monongalia County",4,43,1278,687,591
050,54,061,"West Virginia","Monongalia County",4,44,1158,589,569
050,54,061,"West Virginia","Monongalia County",4,45,1161,584,577
050,54,061,"West Virginia","Monongalia County",4,46,1078,566,512
050,54,061,"West Virginia","Monongalia County",4,47,1084,562,522
050,54,061,"West Virginia","Monongalia County",4,48,1058,573,485
050,54,061,"West Virginia","Monongalia County",4,49,1038,552,486
050,54,061,"West Virginia","Monongalia County",4,50,1070,555,515
050,54,061,"West Virginia","Monongalia County",4,51,1186,626,560
050,54,061,"West Virginia","Monongalia County",4,52,1094,572,522
050,54,061,"West Virginia","Monongalia County",4,53,1045,532,513
050,54,061,"West Virginia","Monongalia County",4,54,1017,515,502
050,54,061,"West Virginia","Monongalia County",4,55,1022,516,506
050,54,061,"West Virginia","Monongalia County",4,56,1051,526,525
050,54,061,"West Virginia","Monongalia County",4,57,1099,537,562
050,54,061,"West Virginia","Monongalia County",4,58,1103,540,563
050,54,061,"West Virginia","Monongalia County",4,59,1088,542,546
050,54,061,"West Virginia","Monongalia County",4,60,1075,518,557
050,54,061,"West Virginia","Monongalia County",4,61,1107,535,572
050,54,061,"West Virginia","Monongalia County",4,62,1095,550,545
050,54,061,"West Virginia","Monongalia County",4,63,1121,567,554
050,54,061,"West Virginia","Monongalia County",4,64,1100,532,568
050,54,061,"West Virginia","Monongalia County",4,65,1024,502,522
050,54,061,"West Virginia","Monongalia County",4,66,990,485,505
050,54,061,"West Virginia","Monongalia County",4,67,1009,488,521
050,54,061,"West Virginia","Monongalia County",4,68,1036,487,549
050,54,061,"West Virginia","Monongalia County",4,69,988,472,516
050,54,061,"West Virginia","Monongalia County",4,70,915,457,458
050,54,061,"West Virginia","Monongalia County",4,71,880,448,432
050,54,061,"West Virginia","Monongalia County",4,72,821,408,413
050,54,061,"West Virginia","Monongalia County",4,73,743,369,374
050,54,061,"West Virginia","Monongalia County",4,74,715,357,358
050,54,061,"West Virginia","Monongalia County",4,75,729,353,376
050,54,061,"West Virginia","Monongalia County",4,76,497,248,249
050,54,061,"West Virginia","Monongalia County",4,77,454,210,244
050,54,061,"West Virginia","Monongalia County",4,78,428,197,231
050,54,061,"West Virginia","Monongalia County",4,79,437,195,242
050,54,061,"West Virginia","Monongalia County",4,80,384,173,211
050,54,061,"West Virginia","Monongalia County",4,81,337,150,187
050,54,061,"West Virginia","Monongalia County",4,82,295,143,152
050,54,061,"West Virginia","Monongalia County",4,83,249,108,141
050,54,061,"West Virginia","Monongalia County",4,84,209,93,116
050,54,061,"West Virginia","Monongalia County",4,85,1360,480,880
050,54,061,"West Virginia","Monongalia County",5,0,978,530,448
050,54,061,"West Virginia","Monongalia County",5,1,1014,552,462
050,54,061,"West Virginia","Monongalia County",5,2,930,484,446
050,54,061,"West Virginia","Monongalia County",5,3,964,501,463
050,54,061,"West Virginia","Monongalia County",5,4,926,482,444
050,54,061,"West Virginia","Monongalia County",5,5,961,478,483
050,54,061,"West Virginia","Monongalia County",5,6,969,489,480
050,54,061,"West Virginia","Monongalia County",5,7,949,492,457
050,54,061,"West Virginia","Monongalia County",5,8,1006,519,487
050,54,061,"West Virginia","Monongalia County",5,9,1002,544,458
050,54,061,"West Virginia","Monongalia County",5,10,954,492,462
050,54,061,"West Virginia","Monongalia County",5,11,964,503,461
050,54,061,"West Virginia","Monongalia County",5,12,970,496,474
050,54,061,"West Virginia","Monongalia County",5,13,904,457,447
050,54,061,"West Virginia","Monongalia County",5,14,920,496,424
050,54,061,"West Virginia","Monongalia County",5,15,942,493,449
050,54,061,"West Virginia","Monongalia County",5,16,945,502,443
050,54,061,"West Virginia","Monongalia County",5,17,993,507,486
050,54,061,"West Virginia","Monongalia County",5,18,2780,1436,1344
050,54,061,"West Virginia","Monongalia County",5,19,4539,2512,2027
050,54,061,"West Virginia","Monongalia County",5,20,3739,2076,1663
050,54,061,"West Virginia","Monongalia County",5,21,3753,1847,1906
050,54,061,"West Virginia","Monongalia County",5,22,3660,2096,1564
050,54,061,"West Virginia","Monongalia County",5,23,2730,1382,1348
050,54,061,"West Virginia","Monongalia County",5,24,2141,993,1148
050,54,061,"West Virginia","Monongalia County",5,25,1900,1017,883
050,54,061,"West Virginia","Monongalia County",5,26,1751,936,815
050,54,061,"West Virginia","Monongalia County",5,27,1539,841,698
050,54,061,"West Virginia","Monongalia County",5,28,1529,803,726
050,54,061,"West Virginia","Monongalia County",5,29,1638,831,807
050,54,061,"West Virginia","Monongalia County",5,30,1576,832,744
050,54,061,"West Virginia","Monongalia County",5,31,1580,842,738
050,54,061,"West Virginia","Monongalia County",5,32,1579,852,727
050,54,061,"West Virginia","Monongalia County",5,33,1612,838,774
050,54,061,"West Virginia","Monongalia County",5,34,1603,880,723
050,54,061,"West Virginia","Monongalia County",5,35,1461,775,686
050,54,061,"West Virginia","Monongalia County",5,36,1432,771,661
050,54,061,"West Virginia","Monongalia County",5,37,1456,806,650
050,54,061,"West Virginia","Monongalia County",5,38,1405,753,652
050,54,061,"West Virginia","Monongalia County",5,39,1392,741,651
050,54,061,"West Virginia","Monongalia County",5,40,1428,744,684
050,54,061,"West Virginia","Monongalia County",5,41,1404,722,682
050,54,061,"West Virginia","Monongalia County",5,42,1433,765,668
050,54,061,"West Virginia","Monongalia County",5,43,1315,712,603
050,54,061,"West Virginia","Monongalia County",5,44,1267,676,591
050,54,061,"West Virginia","Monongalia County",5,45,1162,602,560
050,54,061,"West Virginia","Monongalia County",5,46,1170,602,568
050,54,061,"West Virginia","Monongalia County",5,47,1074,564,510
050,54,061,"West Virginia","Monongalia County",5,48,1090,565,525
050,54,061,"West Virginia","Monongalia County",5,49,1043,558,485
050,54,061,"West Virginia","Monongalia County",5,50,1034,550,484
050,54,061,"West Virginia","Monongalia County",5,51,1091,569,522
050,54,061,"West Virginia","Monongalia County",5,52,1180,616,564
050,54,061,"West Virginia","Monongalia County",5,53,1106,585,521
050,54,061,"West Virginia","Monongalia County",5,54,1037,520,517
050,54,061,"West Virginia","Monongalia County",5,55,1010,510,500
050,54,061,"West Virginia","Monongalia County",5,56,1028,518,510
050,54,061,"West Virginia","Monongalia County",5,57,1041,517,524
050,54,061,"West Virginia","Monongalia County",5,58,1089,530,559
050,54,061,"West Virginia","Monongalia County",5,59,1106,557,549
050,54,061,"West Virginia","Monongalia County",5,60,1074,531,543
050,54,061,"West Virginia","Monongalia County",5,61,1054,506,548
050,54,061,"West Virginia","Monongalia County",5,62,1104,532,572
050,54,061,"West Virginia","Monongalia County",5,63,1086,548,538
050,54,061,"West Virginia","Monongalia County",5,64,1114,558,556
050,54,061,"West Virginia","Monongalia County",5,65,1081,521,560
050,54,061,"West Virginia","Monongalia County",5,66,1018,495,523
050,54,061,"West Virginia","Monongalia County",5,67,985,486,499
050,54,061,"West Virginia","Monongalia County",5,68,997,484,513
050,54,061,"West Virginia","Monongalia County",5,69,1020,468,552
050,54,061,"West Virginia","Monongalia County",5,70,969,458,511
050,54,061,"West Virginia","Monongalia County",5,71,903,450,453
050,54,061,"West Virginia","Monongalia County",5,72,861,429,432
050,54,061,"West Virginia","Monongalia County",5,73,801,405,396
050,54,061,"West Virginia","Monongalia County",5,74,734,358,376
050,54,061,"West Virginia","Monongalia County",5,75,696,351,345
050,54,061,"West Virginia","Monongalia County",5,76,708,346,362
050,54,061,"West Virginia","Monongalia County",5,77,493,241,252
050,54,061,"West Virginia","Monongalia County",5,78,424,195,229
050,54,061,"West Virginia","Monongalia County",5,79,423,191,232
050,54,061,"West Virginia","Monongalia County",5,80,423,185,238
050,54,061,"West Virginia","Monongalia County",5,81,381,171,210
050,54,061,"West Virginia","Monongalia County",5,82,324,147,177
050,54,061,"West Virginia","Monongalia County",5,83,275,134,141
050,54,061,"West Virginia","Monongalia County",5,84,216,99,117
050,54,061,"West Virginia","Monongalia County",5,85,1360,496,864
050,54,063,"West Virginia","Monroe County",1,0,117,59,58
050,54,063,"West Virginia","Monroe County",1,1,118,62,56
050,54,063,"West Virginia","Monroe County",1,2,114,63,51
050,54,063,"West Virginia","Monroe County",1,3,112,56,56
050,54,063,"West Virginia","Monroe County",1,4,124,62,62
050,54,063,"West Virginia","Monroe County",1,5,121,60,61
050,54,063,"West Virginia","Monroe County",1,6,117,61,56
050,54,063,"West Virginia","Monroe County",1,7,139,73,66
050,54,063,"West Virginia","Monroe County",1,8,146,81,65
050,54,063,"West Virginia","Monroe County",1,9,123,57,66
050,54,063,"West Virginia","Monroe County",1,10,151,72,79
050,54,063,"West Virginia","Monroe County",1,11,157,78,79
050,54,063,"West Virginia","Monroe County",1,12,151,75,76
050,54,063,"West Virginia","Monroe County",1,13,155,85,70
050,54,063,"West Virginia","Monroe County",1,14,150,84,66
050,54,063,"West Virginia","Monroe County",1,15,143,75,68
050,54,063,"West Virginia","Monroe County",1,16,152,82,70
050,54,063,"West Virginia","Monroe County",1,17,147,70,77
050,54,063,"West Virginia","Monroe County",1,18,143,72,71
050,54,063,"West Virginia","Monroe County",1,19,108,58,50
050,54,063,"West Virginia","Monroe County",1,20,111,53,58
050,54,063,"West Virginia","Monroe County",1,21,111,63,48
050,54,063,"West Virginia","Monroe County",1,22,95,53,42
050,54,063,"West Virginia","Monroe County",1,23,99,52,47
050,54,063,"West Virginia","Monroe County",1,24,106,55,51
050,54,063,"West Virginia","Monroe County",1,25,119,62,57
050,54,063,"West Virginia","Monroe County",1,26,121,49,72
050,54,063,"West Virginia","Monroe County",1,27,127,57,70
050,54,063,"West Virginia","Monroe County",1,28,133,67,66
050,54,063,"West Virginia","Monroe County",1,29,110,51,59
050,54,063,"West Virginia","Monroe County",1,30,120,59,61
050,54,063,"West Virginia","Monroe County",1,31,139,69,70
050,54,063,"West Virginia","Monroe County",1,32,135,68,67
050,54,063,"West Virginia","Monroe County",1,33,116,58,58
050,54,063,"West Virginia","Monroe County",1,34,121,69,52
050,54,063,"West Virginia","Monroe County",1,35,123,70,53
050,54,063,"West Virginia","Monroe County",1,36,121,66,55
050,54,063,"West Virginia","Monroe County",1,37,119,63,56
050,54,063,"West Virginia","Monroe County",1,38,133,69,64
050,54,063,"West Virginia","Monroe County",1,39,146,73,73
050,54,063,"West Virginia","Monroe County",1,40,136,68,68
050,54,063,"West Virginia","Monroe County",1,41,135,71,64
050,54,063,"West Virginia","Monroe County",1,42,136,63,73
050,54,063,"West Virginia","Monroe County",1,43,149,73,76
050,54,063,"West Virginia","Monroe County",1,44,134,77,57
050,54,063,"West Virginia","Monroe County",1,45,138,70,68
050,54,063,"West Virginia","Monroe County",1,46,139,69,70
050,54,063,"West Virginia","Monroe County",1,47,147,73,74
050,54,063,"West Virginia","Monroe County",1,48,166,83,83
050,54,063,"West Virginia","Monroe County",1,49,168,81,87
050,54,063,"West Virginia","Monroe County",1,50,178,94,84
050,54,063,"West Virginia","Monroe County",1,51,167,89,78
050,54,063,"West Virginia","Monroe County",1,52,169,88,81
050,54,063,"West Virginia","Monroe County",1,53,166,83,83
050,54,063,"West Virginia","Monroe County",1,54,171,87,84
050,54,063,"West Virginia","Monroe County",1,55,189,86,103
050,54,063,"West Virginia","Monroe County",1,56,207,107,100
050,54,063,"West Virginia","Monroe County",1,57,193,103,90
050,54,063,"West Virginia","Monroe County",1,58,177,86,91
050,54,063,"West Virginia","Monroe County",1,59,179,78,101
050,54,063,"West Virginia","Monroe County",1,60,179,83,96
050,54,063,"West Virginia","Monroe County",1,61,186,97,89
050,54,063,"West Virginia","Monroe County",1,62,198,109,89
050,54,063,"West Virginia","Monroe County",1,63,201,106,95
050,54,063,"West Virginia","Monroe County",1,64,194,107,87
050,54,063,"West Virginia","Monroe County",1,65,170,87,83
050,54,063,"West Virginia","Monroe County",1,66,155,80,75
050,54,063,"West Virginia","Monroe County",1,67,160,70,90
050,54,063,"West Virginia","Monroe County",1,68,178,78,100
050,54,063,"West Virginia","Monroe County",1,69,180,85,95
050,54,063,"West Virginia","Monroe County",1,70,183,90,93
050,54,063,"West Virginia","Monroe County",1,71,201,101,100
050,54,063,"West Virginia","Monroe County",1,72,211,107,104
050,54,063,"West Virginia","Monroe County",1,73,203,95,108
050,54,063,"West Virginia","Monroe County",1,74,129,59,70
050,54,063,"West Virginia","Monroe County",1,75,129,65,64
050,54,063,"West Virginia","Monroe County",1,76,125,64,61
050,54,063,"West Virginia","Monroe County",1,77,137,68,69
050,54,063,"West Virginia","Monroe County",1,78,129,65,64
050,54,063,"West Virginia","Monroe County",1,79,109,50,59
050,54,063,"West Virginia","Monroe County",1,80,103,53,50
050,54,063,"West Virginia","Monroe County",1,81,88,38,50
050,54,063,"West Virginia","Monroe County",1,82,68,37,31
050,54,063,"West Virginia","Monroe County",1,83,72,32,40
050,54,063,"West Virginia","Monroe County",1,84,54,24,30
050,54,063,"West Virginia","Monroe County",1,85,299,126,173
050,54,063,"West Virginia","Monroe County",2,0,129,68,61
050,54,063,"West Virginia","Monroe County",2,1,116,60,56
050,54,063,"West Virginia","Monroe County",2,2,112,60,52
050,54,063,"West Virginia","Monroe County",2,3,113,58,55
050,54,063,"West Virginia","Monroe County",2,4,122,60,62
050,54,063,"West Virginia","Monroe County",2,5,122,61,61
050,54,063,"West Virginia","Monroe County",2,6,118,60,58
050,54,063,"West Virginia","Monroe County",2,7,135,71,64
050,54,063,"West Virginia","Monroe County",2,8,144,78,66
050,54,063,"West Virginia","Monroe County",2,9,129,63,66
050,54,063,"West Virginia","Monroe County",2,10,145,69,76
050,54,063,"West Virginia","Monroe County",2,11,157,77,80
050,54,063,"West Virginia","Monroe County",2,12,156,77,79
050,54,063,"West Virginia","Monroe County",2,13,156,83,73
050,54,063,"West Virginia","Monroe County",2,14,148,83,65
050,54,063,"West Virginia","Monroe County",2,15,145,77,68
050,54,063,"West Virginia","Monroe County",2,16,150,81,69
050,54,063,"West Virginia","Monroe County",2,17,150,73,77
050,54,063,"West Virginia","Monroe County",2,18,137,69,68
050,54,063,"West Virginia","Monroe County",2,19,109,57,52
050,54,063,"West Virginia","Monroe County",2,20,114,57,57
050,54,063,"West Virginia","Monroe County",2,21,110,61,49
050,54,063,"West Virginia","Monroe County",2,22,99,56,43
050,54,063,"West Virginia","Monroe County",2,23,98,52,46
050,54,063,"West Virginia","Monroe County",2,24,105,54,51
050,54,063,"West Virginia","Monroe County",2,25,115,59,56
050,54,063,"West Virginia","Monroe County",2,26,120,51,69
050,54,063,"West Virginia","Monroe County",2,27,126,55,71
050,54,063,"West Virginia","Monroe County",2,28,131,64,67
050,54,063,"West Virginia","Monroe County",2,29,115,55,60
050,54,063,"West Virginia","Monroe County",2,30,119,57,62
050,54,063,"West Virginia","Monroe County",2,31,134,66,68
050,54,063,"West Virginia","Monroe County",2,32,135,68,67
050,54,063,"West Virginia","Monroe County",2,33,119,60,59
050,54,063,"West Virginia","Monroe County",2,34,119,66,53
050,54,063,"West Virginia","Monroe County",2,35,124,71,53
050,54,063,"West Virginia","Monroe County",2,36,121,66,55
050,54,063,"West Virginia","Monroe County",2,37,120,64,56
050,54,063,"West Virginia","Monroe County",2,38,131,68,63
050,54,063,"West Virginia","Monroe County",2,39,142,71,71
050,54,063,"West Virginia","Monroe County",2,40,139,69,70
050,54,063,"West Virginia","Monroe County",2,41,136,71,65
050,54,063,"West Virginia","Monroe County",2,42,135,64,71
050,54,063,"West Virginia","Monroe County",2,43,149,73,76
050,54,063,"West Virginia","Monroe County",2,44,138,75,63
050,54,063,"West Virginia","Monroe County",2,45,138,71,67
050,54,063,"West Virginia","Monroe County",2,46,138,69,69
050,54,063,"West Virginia","Monroe County",2,47,145,72,73
050,54,063,"West Virginia","Monroe County",2,48,161,80,81
050,54,063,"West Virginia","Monroe County",2,49,167,80,87
050,54,063,"West Virginia","Monroe County",2,50,175,90,85
050,54,063,"West Virginia","Monroe County",2,51,169,90,79
050,54,063,"West Virginia","Monroe County",2,52,169,89,80
050,54,063,"West Virginia","Monroe County",2,53,167,83,84
050,54,063,"West Virginia","Monroe County",2,54,169,86,83
050,54,063,"West Virginia","Monroe County",2,55,186,87,99
050,54,063,"West Virginia","Monroe County",2,56,201,101,100
050,54,063,"West Virginia","Monroe County",2,57,195,102,93
050,54,063,"West Virginia","Monroe County",2,58,179,89,90
050,54,063,"West Virginia","Monroe County",2,59,179,80,99
050,54,063,"West Virginia","Monroe County",2,60,176,79,97
050,54,063,"West Virginia","Monroe County",2,61,183,92,91
050,54,063,"West Virginia","Monroe County",2,62,195,106,89
050,54,063,"West Virginia","Monroe County",2,63,202,108,94
050,54,063,"West Virginia","Monroe County",2,64,195,106,89
050,54,063,"West Virginia","Monroe County",2,65,176,92,84
050,54,063,"West Virginia","Monroe County",2,66,160,82,78
050,54,063,"West Virginia","Monroe County",2,67,159,72,87
050,54,063,"West Virginia","Monroe County",2,68,173,77,96
050,54,063,"West Virginia","Monroe County",2,69,181,84,97
050,54,063,"West Virginia","Monroe County",2,70,180,86,94
050,54,063,"West Virginia","Monroe County",2,71,197,97,100
050,54,063,"West Virginia","Monroe County",2,72,206,105,101
050,54,063,"West Virginia","Monroe County",2,73,216,103,113
050,54,063,"West Virginia","Monroe County",2,74,136,63,73
050,54,063,"West Virginia","Monroe County",2,75,130,64,66
050,54,063,"West Virginia","Monroe County",2,76,124,63,61
050,54,063,"West Virginia","Monroe County",2,77,138,69,69
050,54,063,"West Virginia","Monroe County",2,78,128,64,64
050,54,063,"West Virginia","Monroe County",2,79,113,53,60
050,54,063,"West Virginia","Monroe County",2,80,102,51,51
050,54,063,"West Virginia","Monroe County",2,81,91,41,50
050,54,063,"West Virginia","Monroe County",2,82,73,39,34
050,54,063,"West Virginia","Monroe County",2,83,69,32,37
050,54,063,"West Virginia","Monroe County",2,84,57,26,31
050,54,063,"West Virginia","Monroe County",2,85,299,123,176
050,54,063,"West Virginia","Monroe County",3,0,121,55,66
050,54,063,"West Virginia","Monroe County",3,1,131,67,64
050,54,063,"West Virginia","Monroe County",3,2,121,56,65
050,54,063,"West Virginia","Monroe County",3,3,111,58,53
050,54,063,"West Virginia","Monroe County",3,4,111,55,56
050,54,063,"West Virginia","Monroe County",3,5,123,62,61
050,54,063,"West Virginia","Monroe County",3,6,122,66,56
050,54,063,"West Virginia","Monroe County",3,7,116,59,57
050,54,063,"West Virginia","Monroe County",3,8,136,73,63
050,54,063,"West Virginia","Monroe County",3,9,148,79,69
050,54,063,"West Virginia","Monroe County",3,10,135,65,70
050,54,063,"West Virginia","Monroe County",3,11,147,75,72
050,54,063,"West Virginia","Monroe County",3,12,160,78,82
050,54,063,"West Virginia","Monroe County",3,13,160,81,79
050,54,063,"West Virginia","Monroe County",3,14,155,78,77
050,54,063,"West Virginia","Monroe County",3,15,147,82,65
050,54,063,"West Virginia","Monroe County",3,16,153,82,71
050,54,063,"West Virginia","Monroe County",3,17,152,83,69
050,54,063,"West Virginia","Monroe County",3,18,129,64,65
050,54,063,"West Virginia","Monroe County",3,19,104,54,50
050,54,063,"West Virginia","Monroe County",3,20,120,62,58
050,54,063,"West Virginia","Monroe County",3,21,118,59,59
050,54,063,"West Virginia","Monroe County",3,22,112,63,49
050,54,063,"West Virginia","Monroe County",3,23,99,53,46
050,54,063,"West Virginia","Monroe County",3,24,104,53,51
050,54,063,"West Virginia","Monroe County",3,25,101,51,50
050,54,063,"West Virginia","Monroe County",3,26,119,57,62
050,54,063,"West Virginia","Monroe County",3,27,115,52,63
050,54,063,"West Virginia","Monroe County",3,28,133,62,71
050,54,063,"West Virginia","Monroe County",3,29,127,64,63
050,54,063,"West Virginia","Monroe County",3,30,111,55,56
050,54,063,"West Virginia","Monroe County",3,31,123,55,68
050,54,063,"West Virginia","Monroe County",3,32,135,68,67
050,54,063,"West Virginia","Monroe County",3,33,138,70,68
050,54,063,"West Virginia","Monroe County",3,34,118,61,57
050,54,063,"West Virginia","Monroe County",3,35,127,65,62
050,54,063,"West Virginia","Monroe County",3,36,125,68,57
050,54,063,"West Virginia","Monroe County",3,37,114,57,57
050,54,063,"West Virginia","Monroe County",3,38,128,68,60
050,54,063,"West Virginia","Monroe County",3,39,137,68,69
050,54,063,"West Virginia","Monroe County",3,40,142,73,69
050,54,063,"West Virginia","Monroe County",3,41,142,71,71
050,54,063,"West Virginia","Monroe County",3,42,144,75,69
050,54,063,"West Virginia","Monroe County",3,43,133,61,72
050,54,063,"West Virginia","Monroe County",3,44,151,75,76
050,54,063,"West Virginia","Monroe County",3,45,143,75,68
050,54,063,"West Virginia","Monroe County",3,46,146,75,71
050,54,063,"West Virginia","Monroe County",3,47,136,70,66
050,54,063,"West Virginia","Monroe County",3,48,144,75,69
050,54,063,"West Virginia","Monroe County",3,49,160,78,82
050,54,063,"West Virginia","Monroe County",3,50,175,84,91
050,54,063,"West Virginia","Monroe County",3,51,167,85,82
050,54,063,"West Virginia","Monroe County",3,52,173,91,82
050,54,063,"West Virginia","Monroe County",3,53,161,84,77
050,54,063,"West Virginia","Monroe County",3,54,167,88,79
050,54,063,"West Virginia","Monroe County",3,55,164,80,84
050,54,063,"West Virginia","Monroe County",3,56,194,93,101
050,54,063,"West Virginia","Monroe County",3,57,197,98,99
050,54,063,"West Virginia","Monroe County",3,58,197,102,95
050,54,063,"West Virginia","Monroe County",3,59,183,92,91
050,54,063,"West Virginia","Monroe County",3,60,176,82,94
050,54,063,"West Virginia","Monroe County",3,61,180,79,101
050,54,063,"West Virginia","Monroe County",3,62,184,94,90
050,54,063,"West Virginia","Monroe County",3,63,200,105,95
050,54,063,"West Virginia","Monroe County",3,64,208,112,96
050,54,063,"West Virginia","Monroe County",3,65,192,105,87
050,54,063,"West Virginia","Monroe County",3,66,177,90,87
050,54,063,"West Virginia","Monroe County",3,67,158,84,74
050,54,063,"West Virginia","Monroe County",3,68,149,66,83
050,54,063,"West Virginia","Monroe County",3,69,174,79,95
050,54,063,"West Virginia","Monroe County",3,70,179,83,96
050,54,063,"West Virginia","Monroe County",3,71,176,83,93
050,54,063,"West Virginia","Monroe County",3,72,196,96,100
050,54,063,"West Virginia","Monroe County",3,73,197,98,99
050,54,063,"West Virginia","Monroe County",3,74,206,100,106
050,54,063,"West Virginia","Monroe County",3,75,138,65,73
050,54,063,"West Virginia","Monroe County",3,76,123,62,61
050,54,063,"West Virginia","Monroe County",3,77,118,58,60
050,54,063,"West Virginia","Monroe County",3,78,131,65,66
050,54,063,"West Virginia","Monroe County",3,79,121,60,61
050,54,063,"West Virginia","Monroe County",3,80,106,50,56
050,54,063,"West Virginia","Monroe County",3,81,98,45,53
050,54,063,"West Virginia","Monroe County",3,82,87,44,43
050,54,063,"West Virginia","Monroe County",3,83,62,32,30
050,54,063,"West Virginia","Monroe County",3,84,64,29,35
050,54,063,"West Virginia","Monroe County",3,85,283,116,167
050,54,063,"West Virginia","Monroe County",4,0,133,68,65
050,54,063,"West Virginia","Monroe County",4,1,123,55,68
050,54,063,"West Virginia","Monroe County",4,2,130,65,65
050,54,063,"West Virginia","Monroe County",4,3,120,60,60
050,54,063,"West Virginia","Monroe County",4,4,114,64,50
050,54,063,"West Virginia","Monroe County",4,5,115,63,52
050,54,063,"West Virginia","Monroe County",4,6,130,67,63
050,54,063,"West Virginia","Monroe County",4,7,116,62,54
050,54,063,"West Virginia","Monroe County",4,8,121,64,57
050,54,063,"West Virginia","Monroe County",4,9,137,76,61
050,54,063,"West Virginia","Monroe County",4,10,141,77,64
050,54,063,"West Virginia","Monroe County",4,11,133,64,69
050,54,063,"West Virginia","Monroe County",4,12,139,69,70
050,54,063,"West Virginia","Monroe County",4,13,157,79,78
050,54,063,"West Virginia","Monroe County",4,14,161,78,83
050,54,063,"West Virginia","Monroe County",4,15,153,76,77
050,54,063,"West Virginia","Monroe County",4,16,148,83,65
050,54,063,"West Virginia","Monroe County",4,17,147,81,66
050,54,063,"West Virginia","Monroe County",4,18,128,74,54
050,54,063,"West Virginia","Monroe County",4,19,104,52,52
050,54,063,"West Virginia","Monroe County",4,20,115,58,57
050,54,063,"West Virginia","Monroe County",4,21,119,65,54
050,54,063,"West Virginia","Monroe County",4,22,115,58,57
050,54,063,"West Virginia","Monroe County",4,23,117,64,53
050,54,063,"West Virginia","Monroe County",4,24,105,54,51
050,54,063,"West Virginia","Monroe County",4,25,105,54,51
050,54,063,"West Virginia","Monroe County",4,26,101,53,48
050,54,063,"West Virginia","Monroe County",4,27,125,65,60
050,54,063,"West Virginia","Monroe County",4,28,133,65,68
050,54,063,"West Virginia","Monroe County",4,29,126,58,68
050,54,063,"West Virginia","Monroe County",4,30,138,75,63
050,54,063,"West Virginia","Monroe County",4,31,114,57,57
050,54,063,"West Virginia","Monroe County",4,32,119,58,61
050,54,063,"West Virginia","Monroe County",4,33,129,66,63
050,54,063,"West Virginia","Monroe County",4,34,134,67,67
050,54,063,"West Virginia","Monroe County",4,35,114,58,56
050,54,063,"West Virginia","Monroe County",4,36,130,66,64
050,54,063,"West Virginia","Monroe County",4,37,120,63,57
050,54,063,"West Virginia","Monroe County",4,38,111,57,54
050,54,063,"West Virginia","Monroe County",4,39,119,62,57
050,54,063,"West Virginia","Monroe County",4,40,141,72,69
050,54,063,"West Virginia","Monroe County",4,41,147,76,71
050,54,063,"West Virginia","Monroe County",4,42,131,64,67
050,54,063,"West Virginia","Monroe County",4,43,147,79,68
050,54,063,"West Virginia","Monroe County",4,44,137,63,74
050,54,063,"West Virginia","Monroe County",4,45,153,76,77
050,54,063,"West Virginia","Monroe County",4,46,143,76,67
050,54,063,"West Virginia","Monroe County",4,47,147,75,72
050,54,063,"West Virginia","Monroe County",4,48,131,69,62
050,54,063,"West Virginia","Monroe County",4,49,143,74,69
050,54,063,"West Virginia","Monroe County",4,50,164,85,79
050,54,063,"West Virginia","Monroe County",4,51,170,82,88
050,54,063,"West Virginia","Monroe County",4,52,167,84,83
050,54,063,"West Virginia","Monroe County",4,53,168,87,81
050,54,063,"West Virginia","Monroe County",4,54,166,88,78
050,54,063,"West Virginia","Monroe County",4,55,169,88,81
050,54,063,"West Virginia","Monroe County",4,56,159,79,80
050,54,063,"West Virginia","Monroe County",4,57,191,90,101
050,54,063,"West Virginia","Monroe County",4,58,193,99,94
050,54,063,"West Virginia","Monroe County",4,59,204,105,99
050,54,063,"West Virginia","Monroe County",4,60,180,90,90
050,54,063,"West Virginia","Monroe County",4,61,181,84,97
050,54,063,"West Virginia","Monroe County",4,62,182,86,96
050,54,063,"West Virginia","Monroe County",4,63,178,89,89
050,54,063,"West Virginia","Monroe County",4,64,202,108,94
050,54,063,"West Virginia","Monroe County",4,65,208,113,95
050,54,063,"West Virginia","Monroe County",4,66,192,103,89
050,54,063,"West Virginia","Monroe County",4,67,183,98,85
050,54,063,"West Virginia","Monroe County",4,68,150,81,69
050,54,063,"West Virginia","Monroe County",4,69,145,63,82
050,54,063,"West Virginia","Monroe County",4,70,170,76,94
050,54,063,"West Virginia","Monroe County",4,71,177,83,94
050,54,063,"West Virginia","Monroe County",4,72,177,83,94
050,54,063,"West Virginia","Monroe County",4,73,195,92,103
050,54,063,"West Virginia","Monroe County",4,74,188,98,90
050,54,063,"West Virginia","Monroe County",4,75,203,100,103
050,54,063,"West Virginia","Monroe County",4,76,130,60,70
050,54,063,"West Virginia","Monroe County",4,77,117,60,57
050,54,063,"West Virginia","Monroe County",4,78,116,56,60
050,54,063,"West Virginia","Monroe County",4,79,126,61,65
050,54,063,"West Virginia","Monroe County",4,80,114,59,55
050,54,063,"West Virginia","Monroe County",4,81,102,44,58
050,54,063,"West Virginia","Monroe County",4,82,93,50,43
050,54,063,"West Virginia","Monroe County",4,83,65,34,31
050,54,063,"West Virginia","Monroe County",4,84,55,28,27
050,54,063,"West Virginia","Monroe County",4,85,283,123,160
050,54,063,"West Virginia","Monroe County",5,0,134,68,66
050,54,063,"West Virginia","Monroe County",5,1,147,82,65
050,54,063,"West Virginia","Monroe County",5,2,131,54,77
050,54,063,"West Virginia","Monroe County",5,3,140,68,72
050,54,063,"West Virginia","Monroe County",5,4,123,59,64
050,54,063,"West Virginia","Monroe County",5,5,108,54,54
050,54,063,"West Virginia","Monroe County",5,6,119,67,52
050,54,063,"West Virginia","Monroe County",5,7,129,68,61
050,54,063,"West Virginia","Monroe County",5,8,118,61,57
050,54,063,"West Virginia","Monroe County",5,9,131,68,63
050,54,063,"West Virginia","Monroe County",5,10,131,73,58
050,54,063,"West Virginia","Monroe County",5,11,135,69,66
050,54,063,"West Virginia","Monroe County",5,12,136,68,68
050,54,063,"West Virginia","Monroe County",5,13,142,73,69
050,54,063,"West Virginia","Monroe County",5,14,158,81,77
050,54,063,"West Virginia","Monroe County",5,15,160,81,79
050,54,063,"West Virginia","Monroe County",5,16,151,73,78
050,54,063,"West Virginia","Monroe County",5,17,149,81,68
050,54,063,"West Virginia","Monroe County",5,18,133,74,59
050,54,063,"West Virginia","Monroe County",5,19,97,54,43
050,54,063,"West Virginia","Monroe County",5,20,117,55,62
050,54,063,"West Virginia","Monroe County",5,21,126,63,63
050,54,063,"West Virginia","Monroe County",5,22,136,71,65
050,54,063,"West Virginia","Monroe County",5,23,115,59,56
050,54,063,"West Virginia","Monroe County",5,24,123,64,59
050,54,063,"West Virginia","Monroe County",5,25,114,57,57
050,54,063,"West Virginia","Monroe County",5,26,112,51,61
050,54,063,"West Virginia","Monroe County",5,27,117,65,52
050,54,063,"West Virginia","Monroe County",5,28,141,76,65
050,54,063,"West Virginia","Monroe County",5,29,133,65,68
050,54,063,"West Virginia","Monroe County",5,30,124,60,64
050,54,063,"West Virginia","Monroe County",5,31,144,73,71
050,54,063,"West Virginia","Monroe County",5,32,119,60,59
050,54,063,"West Virginia","Monroe County",5,33,130,63,67
050,54,063,"West Virginia","Monroe County",5,34,126,66,60
050,54,063,"West Virginia","Monroe County",5,35,133,67,66
050,54,063,"West Virginia","Monroe County",5,36,112,60,52
050,54,063,"West Virginia","Monroe County",5,37,128,63,65
050,54,063,"West Virginia","Monroe County",5,38,117,62,55
050,54,063,"West Virginia","Monroe County",5,39,106,54,52
050,54,063,"West Virginia","Monroe County",5,40,118,61,57
050,54,063,"West Virginia","Monroe County",5,41,140,74,66
050,54,063,"West Virginia","Monroe County",5,42,142,70,72
050,54,063,"West Virginia","Monroe County",5,43,128,64,64
050,54,063,"West Virginia","Monroe County",5,44,151,82,69
050,54,063,"West Virginia","Monroe County",5,45,139,65,74
050,54,063,"West Virginia","Monroe County",5,46,152,76,76
050,54,063,"West Virginia","Monroe County",5,47,150,78,72
050,54,063,"West Virginia","Monroe County",5,48,144,74,70
050,54,063,"West Virginia","Monroe County",5,49,136,68,68
050,54,063,"West Virginia","Monroe County",5,50,144,75,69
050,54,063,"West Virginia","Monroe County",5,51,166,83,83
050,54,063,"West Virginia","Monroe County",5,52,173,86,87
050,54,063,"West Virginia","Monroe County",5,53,161,81,80
050,54,063,"West Virginia","Monroe County",5,54,170,89,81
050,54,063,"West Virginia","Monroe County",5,55,160,84,76
050,54,063,"West Virginia","Monroe County",5,56,172,91,81
050,54,063,"West Virginia","Monroe County",5,57,160,81,79
050,54,063,"West Virginia","Monroe County",5,58,187,86,101
050,54,063,"West Virginia","Monroe County",5,59,198,101,97
050,54,063,"West Virginia","Monroe County",5,60,203,103,100
050,54,063,"West Virginia","Monroe County",5,61,178,90,88
050,54,063,"West Virginia","Monroe County",5,62,180,88,92
050,54,063,"West Virginia","Monroe County",5,63,184,87,97
050,54,063,"West Virginia","Monroe County",5,64,174,85,89
050,54,063,"West Virginia","Monroe County",5,65,197,104,93
050,54,063,"West Virginia","Monroe County",5,66,211,114,97
050,54,063,"West Virginia","Monroe County",5,67,190,106,84
050,54,063,"West Virginia","Monroe County",5,68,179,97,82
050,54,063,"West Virginia","Monroe County",5,69,145,79,66
050,54,063,"West Virginia","Monroe County",5,70,142,63,79
050,54,063,"West Virginia","Monroe County",5,71,167,73,94
050,54,063,"West Virginia","Monroe County",5,72,172,81,91
050,54,063,"West Virginia","Monroe County",5,73,171,77,94
050,54,063,"West Virginia","Monroe County",5,74,183,88,95
050,54,063,"West Virginia","Monroe County",5,75,184,98,86
050,54,063,"West Virginia","Monroe County",5,76,188,89,99
050,54,063,"West Virginia","Monroe County",5,77,121,56,65
050,54,063,"West Virginia","Monroe County",5,78,113,57,56
050,54,063,"West Virginia","Monroe County",5,79,116,55,61
050,54,063,"West Virginia","Monroe County",5,80,118,61,57
050,54,063,"West Virginia","Monroe County",5,81,110,54,56
050,54,063,"West Virginia","Monroe County",5,82,102,52,50
050,54,063,"West Virginia","Monroe County",5,83,73,41,32
050,54,063,"West Virginia","Monroe County",5,84,59,31,28
050,54,063,"West Virginia","Monroe County",5,85,286,131,155
050,54,065,"West Virginia","Morgan County",1,0,114,59,55
050,54,065,"West Virginia","Morgan County",1,1,119,60,59
050,54,065,"West Virginia","Morgan County",1,2,136,68,68
050,54,065,"West Virginia","Morgan County",1,3,136,71,65
050,54,065,"West Virginia","Morgan County",1,4,149,81,68
050,54,065,"West Virginia","Morgan County",1,5,154,78,76
050,54,065,"West Virginia","Morgan County",1,6,167,86,81
050,54,065,"West Virginia","Morgan County",1,7,179,84,95
050,54,065,"West Virginia","Morgan County",1,8,170,91,79
050,54,065,"West Virginia","Morgan County",1,9,162,92,70
050,54,065,"West Virginia","Morgan County",1,10,170,80,90
050,54,065,"West Virginia","Morgan County",1,11,179,89,90
050,54,065,"West Virginia","Morgan County",1,12,182,100,82
050,54,065,"West Virginia","Morgan County",1,13,187,106,81
050,54,065,"West Virginia","Morgan County",1,14,179,93,86
050,54,065,"West Virginia","Morgan County",1,15,190,104,86
050,54,065,"West Virginia","Morgan County",1,16,198,101,97
050,54,065,"West Virginia","Morgan County",1,17,210,109,101
050,54,065,"West Virginia","Morgan County",1,18,180,97,83
050,54,065,"West Virginia","Morgan County",1,19,145,84,61
050,54,065,"West Virginia","Morgan County",1,20,157,88,69
050,54,065,"West Virginia","Morgan County",1,21,160,78,82
050,54,065,"West Virginia","Morgan County",1,22,163,83,80
050,54,065,"West Virginia","Morgan County",1,23,175,90,85
050,54,065,"West Virginia","Morgan County",1,24,178,99,79
050,54,065,"West Virginia","Morgan County",1,25,185,105,80
050,54,065,"West Virginia","Morgan County",1,26,178,92,86
050,54,065,"West Virginia","Morgan County",1,27,188,91,97
050,54,065,"West Virginia","Morgan County",1,28,152,69,83
050,54,065,"West Virginia","Morgan County",1,29,161,86,75
050,54,065,"West Virginia","Morgan County",1,30,190,101,89
050,54,065,"West Virginia","Morgan County",1,31,174,73,101
050,54,065,"West Virginia","Morgan County",1,32,182,86,96
050,54,065,"West Virginia","Morgan County",1,33,176,86,90
050,54,065,"West Virginia","Morgan County",1,34,164,86,78
050,54,065,"West Virginia","Morgan County",1,35,160,88,72
050,54,065,"West Virginia","Morgan County",1,36,152,85,67
050,54,065,"West Virginia","Morgan County",1,37,182,92,90
050,54,065,"West Virginia","Morgan County",1,38,165,95,70
050,54,065,"West Virginia","Morgan County",1,39,164,83,81
050,54,065,"West Virginia","Morgan County",1,40,186,94,92
050,54,065,"West Virginia","Morgan County",1,41,191,93,98
050,54,065,"West Virginia","Morgan County",1,42,195,102,93
050,54,065,"West Virginia","Morgan County",1,43,195,93,102
050,54,065,"West Virginia","Morgan County",1,44,198,96,102
050,54,065,"West Virginia","Morgan County",1,45,184,98,86
050,54,065,"West Virginia","Morgan County",1,46,199,119,80
050,54,065,"West Virginia","Morgan County",1,47,211,120,91
050,54,065,"West Virginia","Morgan County",1,48,246,122,124
050,54,065,"West Virginia","Morgan County",1,49,263,138,125
050,54,065,"West Virginia","Morgan County",1,50,241,127,114
050,54,065,"West Virginia","Morgan County",1,51,234,115,119
050,54,065,"West Virginia","Morgan County",1,52,243,130,113
050,54,065,"West Virginia","Morgan County",1,53,277,142,135
050,54,065,"West Virginia","Morgan County",1,54,280,146,134
050,54,065,"West Virginia","Morgan County",1,55,292,144,148
050,54,065,"West Virginia","Morgan County",1,56,292,148,144
050,54,065,"West Virginia","Morgan County",1,57,265,133,132
050,54,065,"West Virginia","Morgan County",1,58,305,159,146
050,54,065,"West Virginia","Morgan County",1,59,291,155,136
050,54,065,"West Virginia","Morgan County",1,60,270,141,129
050,54,065,"West Virginia","Morgan County",1,61,290,141,149
050,54,065,"West Virginia","Morgan County",1,62,291,148,143
050,54,065,"West Virginia","Morgan County",1,63,284,137,147
050,54,065,"West Virginia","Morgan County",1,64,278,128,150
050,54,065,"West Virginia","Morgan County",1,65,295,140,155
050,54,065,"West Virginia","Morgan County",1,66,294,143,151
050,54,065,"West Virginia","Morgan County",1,67,286,154,132
050,54,065,"West Virginia","Morgan County",1,68,294,159,135
050,54,065,"West Virginia","Morgan County",1,69,263,127,136
050,54,065,"West Virginia","Morgan County",1,70,255,126,129
050,54,065,"West Virginia","Morgan County",1,71,240,114,126
050,54,065,"West Virginia","Morgan County",1,72,225,115,110
050,54,065,"West Virginia","Morgan County",1,73,221,118,103
050,54,065,"West Virginia","Morgan County",1,74,156,74,82
050,54,065,"West Virginia","Morgan County",1,75,164,84,80
050,54,065,"West Virginia","Morgan County",1,76,147,68,79
050,54,065,"West Virginia","Morgan County",1,77,158,71,87
050,54,065,"West Virginia","Morgan County",1,78,129,56,73
050,54,065,"West Virginia","Morgan County",1,79,139,71,68
050,54,065,"West Virginia","Morgan County",1,80,118,52,66
050,54,065,"West Virginia","Morgan County",1,81,114,54,60
050,54,065,"West Virginia","Morgan County",1,82,92,38,54
050,54,065,"West Virginia","Morgan County",1,83,88,42,46
050,54,065,"West Virginia","Morgan County",1,84,83,44,39
050,54,065,"West Virginia","Morgan County",1,85,392,151,241
050,54,065,"West Virginia","Morgan County",2,0,125,71,54
050,54,065,"West Virginia","Morgan County",2,1,119,59,60
050,54,065,"West Virginia","Morgan County",2,2,133,66,67
050,54,065,"West Virginia","Morgan County",2,3,138,72,66
050,54,065,"West Virginia","Morgan County",2,4,147,79,68
050,54,065,"West Virginia","Morgan County",2,5,156,80,76
050,54,065,"West Virginia","Morgan County",2,6,165,84,81
050,54,065,"West Virginia","Morgan County",2,7,174,82,92
050,54,065,"West Virginia","Morgan County",2,8,174,90,84
050,54,065,"West Virginia","Morgan County",2,9,164,91,73
050,54,065,"West Virginia","Morgan County",2,10,168,83,85
050,54,065,"West Virginia","Morgan County",2,11,176,87,89
050,54,065,"West Virginia","Morgan County",2,12,182,98,84
050,54,065,"West Virginia","Morgan County",2,13,183,103,80
050,54,065,"West Virginia","Morgan County",2,14,180,96,84
050,54,065,"West Virginia","Morgan County",2,15,188,102,86
050,54,065,"West Virginia","Morgan County",2,16,196,102,94
050,54,065,"West Virginia","Morgan County",2,17,206,107,99
050,54,065,"West Virginia","Morgan County",2,18,180,97,83
050,54,065,"West Virginia","Morgan County",2,19,145,83,62
050,54,065,"West Virginia","Morgan County",2,20,157,89,68
050,54,065,"West Virginia","Morgan County",2,21,159,80,79
050,54,065,"West Virginia","Morgan County",2,22,164,82,82
050,54,065,"West Virginia","Morgan County",2,23,176,91,85
050,54,065,"West Virginia","Morgan County",2,24,180,99,81
050,54,065,"West Virginia","Morgan County",2,25,181,103,78
050,54,065,"West Virginia","Morgan County",2,26,180,95,85
050,54,065,"West Virginia","Morgan County",2,27,183,89,94
050,54,065,"West Virginia","Morgan County",2,28,161,75,86
050,54,065,"West Virginia","Morgan County",2,29,162,84,78
050,54,065,"West Virginia","Morgan County",2,30,184,95,89
050,54,065,"West Virginia","Morgan County",2,31,179,80,99
050,54,065,"West Virginia","Morgan County",2,32,178,82,96
050,54,065,"West Virginia","Morgan County",2,33,178,88,90
050,54,065,"West Virginia","Morgan County",2,34,169,87,82
050,54,065,"West Virginia","Morgan County",2,35,161,89,72
050,54,065,"West Virginia","Morgan County",2,36,153,84,69
050,54,065,"West Virginia","Morgan County",2,37,175,91,84
050,54,065,"West Virginia","Morgan County",2,38,168,94,74
050,54,065,"West Virginia","Morgan County",2,39,165,86,79
050,54,065,"West Virginia","Morgan County",2,40,181,92,89
050,54,065,"West Virginia","Morgan County",2,41,188,93,95
050,54,065,"West Virginia","Morgan County",2,42,195,100,95
050,54,065,"West Virginia","Morgan County",2,43,198,96,102
050,54,065,"West Virginia","Morgan County",2,44,195,95,100
050,54,065,"West Virginia","Morgan County",2,45,187,98,89
050,54,065,"West Virginia","Morgan County",2,46,192,111,81
050,54,065,"West Virginia","Morgan County",2,47,208,119,89
050,54,065,"West Virginia","Morgan County",2,48,239,123,116
050,54,065,"West Virginia","Morgan County",2,49,262,137,125
050,54,065,"West Virginia","Morgan County",2,50,243,127,116
050,54,065,"West Virginia","Morgan County",2,51,234,117,117
050,54,065,"West Virginia","Morgan County",2,52,241,125,116
050,54,065,"West Virginia","Morgan County",2,53,266,138,128
050,54,065,"West Virginia","Morgan County",2,54,277,143,134
050,54,065,"West Virginia","Morgan County",2,55,290,144,146
050,54,065,"West Virginia","Morgan County",2,56,292,146,146
050,54,065,"West Virginia","Morgan County",2,57,274,136,138
050,54,065,"West Virginia","Morgan County",2,58,295,153,142
050,54,065,"West Virginia","Morgan County",2,59,296,157,139
050,54,065,"West Virginia","Morgan County",2,60,277,146,131
050,54,065,"West Virginia","Morgan County",2,61,288,143,145
050,54,065,"West Virginia","Morgan County",2,62,292,146,146
050,54,065,"West Virginia","Morgan County",2,63,290,141,149
050,54,065,"West Virginia","Morgan County",2,64,280,130,150
050,54,065,"West Virginia","Morgan County",2,65,291,137,154
050,54,065,"West Virginia","Morgan County",2,66,300,147,153
050,54,065,"West Virginia","Morgan County",2,67,290,154,136
050,54,065,"West Virginia","Morgan County",2,68,292,157,135
050,54,065,"West Virginia","Morgan County",2,69,271,136,135
050,54,065,"West Virginia","Morgan County",2,70,253,124,129
050,54,065,"West Virginia","Morgan County",2,71,242,116,126
050,54,065,"West Virginia","Morgan County",2,72,223,112,111
050,54,065,"West Virginia","Morgan County",2,73,233,123,110
050,54,065,"West Virginia","Morgan County",2,74,163,81,82
050,54,065,"West Virginia","Morgan County",2,75,162,81,81
050,54,065,"West Virginia","Morgan County",2,76,150,72,78
050,54,065,"West Virginia","Morgan County",2,77,157,70,87
050,54,065,"West Virginia","Morgan County",2,78,132,57,75
050,54,065,"West Virginia","Morgan County",2,79,134,66,68
050,54,065,"West Virginia","Morgan County",2,80,122,56,66
050,54,065,"West Virginia","Morgan County",2,81,116,54,62
050,54,065,"West Virginia","Morgan County",2,82,96,41,55
050,54,065,"West Virginia","Morgan County",2,83,88,40,48
050,54,065,"West Virginia","Morgan County",2,84,81,41,40
050,54,065,"West Virginia","Morgan County",2,85,399,157,242
050,54,065,"West Virginia","Morgan County",3,0,131,65,66
050,54,065,"West Virginia","Morgan County",3,1,137,79,58
050,54,065,"West Virginia","Morgan County",3,2,129,68,61
050,54,065,"West Virginia","Morgan County",3,3,132,65,67
050,54,065,"West Virginia","Morgan County",3,4,137,70,67
050,54,065,"West Virginia","Morgan County",3,5,153,82,71
050,54,065,"West Virginia","Morgan County",3,6,160,81,79
050,54,065,"West Virginia","Morgan County",3,7,176,90,86
050,54,065,"West Virginia","Morgan County",3,8,171,81,90
050,54,065,"West Virginia","Morgan County",3,9,185,102,83
050,54,065,"West Virginia","Morgan County",3,10,165,92,73
050,54,065,"West Virginia","Morgan County",3,11,169,88,81
050,54,065,"West Virginia","Morgan County",3,12,171,87,84
050,54,065,"West Virginia","Morgan County",3,13,188,99,89
050,54,065,"West Virginia","Morgan County",3,14,188,106,82
050,54,065,"West Virginia","Morgan County",3,15,186,98,88
050,54,065,"West Virginia","Morgan County",3,16,197,110,87
050,54,065,"West Virginia","Morgan County",3,17,198,105,93
050,54,065,"West Virginia","Morgan County",3,18,177,90,87
050,54,065,"West Virginia","Morgan County",3,19,134,71,63
050,54,065,"West Virginia","Morgan County",3,20,160,88,72
050,54,065,"West Virginia","Morgan County",3,21,160,93,67
050,54,065,"West Virginia","Morgan County",3,22,174,88,86
050,54,065,"West Virginia","Morgan County",3,23,175,88,87
050,54,065,"West Virginia","Morgan County",3,24,165,89,76
050,54,065,"West Virginia","Morgan County",3,25,169,94,75
050,54,065,"West Virginia","Morgan County",3,26,174,93,81
050,54,065,"West Virginia","Morgan County",3,27,181,96,85
050,54,065,"West Virginia","Morgan County",3,28,182,93,89
050,54,065,"West Virginia","Morgan County",3,29,174,80,94
050,54,065,"West Virginia","Morgan County",3,30,171,88,83
050,54,065,"West Virginia","Morgan County",3,31,190,100,90
050,54,065,"West Virginia","Morgan County",3,32,190,87,103
050,54,065,"West Virginia","Morgan County",3,33,178,82,96
050,54,065,"West Virginia","Morgan County",3,34,176,88,88
050,54,065,"West Virginia","Morgan County",3,35,171,89,82
050,54,065,"West Virginia","Morgan County",3,36,166,96,70
050,54,065,"West Virginia","Morgan County",3,37,159,91,68
050,54,065,"West Virginia","Morgan County",3,38,180,90,90
050,54,065,"West Virginia","Morgan County",3,39,179,100,79
050,54,065,"West Virginia","Morgan County",3,40,173,90,83
050,54,065,"West Virginia","Morgan County",3,41,184,92,92
050,54,065,"West Virginia","Morgan County",3,42,193,94,99
050,54,065,"West Virginia","Morgan County",3,43,201,105,96
050,54,065,"West Virginia","Morgan County",3,44,210,99,111
050,54,065,"West Virginia","Morgan County",3,45,205,102,103
050,54,065,"West Virginia","Morgan County",3,46,195,102,93
050,54,065,"West Virginia","Morgan County",3,47,199,114,85
050,54,065,"West Virginia","Morgan County",3,48,217,125,92
050,54,065,"West Virginia","Morgan County",3,49,238,119,119
050,54,065,"West Virginia","Morgan County",3,50,262,136,126
050,54,065,"West Virginia","Morgan County",3,51,246,133,113
050,54,065,"West Virginia","Morgan County",3,52,245,117,128
050,54,065,"West Virginia","Morgan County",3,53,239,125,114
050,54,065,"West Virginia","Morgan County",3,54,280,145,135
050,54,065,"West Virginia","Morgan County",3,55,277,144,133
050,54,065,"West Virginia","Morgan County",3,56,305,154,151
050,54,065,"West Virginia","Morgan County",3,57,305,152,153
050,54,065,"West Virginia","Morgan County",3,58,277,142,135
050,54,065,"West Virginia","Morgan County",3,59,290,149,141
050,54,065,"West Virginia","Morgan County",3,60,319,175,144
050,54,065,"West Virginia","Morgan County",3,61,280,141,139
050,54,065,"West Virginia","Morgan County",3,62,308,153,155
050,54,065,"West Virginia","Morgan County",3,63,292,151,141
050,54,065,"West Virginia","Morgan County",3,64,286,137,149
050,54,065,"West Virginia","Morgan County",3,65,292,136,156
050,54,065,"West Virginia","Morgan County",3,66,289,134,155
050,54,065,"West Virginia","Morgan County",3,67,294,146,148
050,54,065,"West Virginia","Morgan County",3,68,288,153,135
050,54,065,"West Virginia","Morgan County",3,69,281,155,126
050,54,065,"West Virginia","Morgan County",3,70,268,128,140
050,54,065,"West Virginia","Morgan County",3,71,240,117,123
050,54,065,"West Virginia","Morgan County",3,72,245,117,128
050,54,065,"West Virginia","Morgan County",3,73,224,113,111
050,54,065,"West Virginia","Morgan County",3,74,231,124,107
050,54,065,"West Virginia","Morgan County",3,75,155,75,80
050,54,065,"West Virginia","Morgan County",3,76,152,77,75
050,54,065,"West Virginia","Morgan County",3,77,146,69,77
050,54,065,"West Virginia","Morgan County",3,78,149,66,83
050,54,065,"West Virginia","Morgan County",3,79,126,53,73
050,54,065,"West Virginia","Morgan County",3,80,124,61,63
050,54,065,"West Virginia","Morgan County",3,81,122,57,65
050,54,065,"West Virginia","Morgan County",3,82,100,46,54
050,54,065,"West Virginia","Morgan County",3,83,94,38,56
050,54,065,"West Virginia","Morgan County",3,84,83,36,47
050,54,065,"West Virginia","Morgan County",3,85,413,166,247
050,54,065,"West Virginia","Morgan County",4,0,142,64,78
050,54,065,"West Virginia","Morgan County",4,1,130,60,70
050,54,065,"West Virginia","Morgan County",4,2,134,77,57
050,54,065,"West Virginia","Morgan County",4,3,139,70,69
050,54,065,"West Virginia","Morgan County",4,4,132,65,67
050,54,065,"West Virginia","Morgan County",4,5,138,71,67
050,54,065,"West Virginia","Morgan County",4,6,149,81,68
050,54,065,"West Virginia","Morgan County",4,7,160,82,78
050,54,065,"West Virginia","Morgan County",4,8,178,90,88
050,54,065,"West Virginia","Morgan County",4,9,176,82,94
050,54,065,"West Virginia","Morgan County",4,10,200,105,95
050,54,065,"West Virginia","Morgan County",4,11,173,94,79
050,54,065,"West Virginia","Morgan County",4,12,175,90,85
050,54,065,"West Virginia","Morgan County",4,13,176,89,87
050,54,065,"West Virginia","Morgan County",4,14,192,103,89
050,54,065,"West Virginia","Morgan County",4,15,183,104,79
050,54,065,"West Virginia","Morgan County",4,16,183,96,87
050,54,065,"West Virginia","Morgan County",4,17,192,110,82
050,54,065,"West Virginia","Morgan County",4,18,168,94,74
050,54,065,"West Virginia","Morgan County",4,19,137,71,66
050,54,065,"West Virginia","Morgan County",4,20,147,72,75
050,54,065,"West Virginia","Morgan County",4,21,166,88,78
050,54,065,"West Virginia","Morgan County",4,22,170,100,70
050,54,065,"West Virginia","Morgan County",4,23,187,98,89
050,54,065,"West Virginia","Morgan County",4,24,178,88,90
050,54,065,"West Virginia","Morgan County",4,25,167,93,74
050,54,065,"West Virginia","Morgan County",4,26,170,96,74
050,54,065,"West Virginia","Morgan County",4,27,178,94,84
050,54,065,"West Virginia","Morgan County",4,28,172,99,73
050,54,065,"West Virginia","Morgan County",4,29,194,97,97
050,54,065,"West Virginia","Morgan County",4,30,190,85,105
050,54,065,"West Virginia","Morgan County",4,31,191,94,97
050,54,065,"West Virginia","Morgan County",4,32,185,96,89
050,54,065,"West Virginia","Morgan County",4,33,191,88,103
050,54,065,"West Virginia","Morgan County",4,34,185,92,93
050,54,065,"West Virginia","Morgan County",4,35,188,96,92
050,54,065,"West Virginia","Morgan County",4,36,183,93,90
050,54,065,"West Virginia","Morgan County",4,37,167,94,73
050,54,065,"West Virginia","Morgan County",4,38,163,88,75
050,54,065,"West Virginia","Morgan County",4,39,183,94,89
050,54,065,"West Virginia","Morgan County",4,40,178,98,80
050,54,065,"West Virginia","Morgan County",4,41,170,86,84
050,54,065,"West Virginia","Morgan County",4,42,192,97,95
050,54,065,"West Virginia","Morgan County",4,43,203,94,109
050,54,065,"West Virginia","Morgan County",4,44,189,98,91
050,54,065,"West Virginia","Morgan County",4,45,213,99,114
050,54,065,"West Virginia","Morgan County",4,46,214,111,103
050,54,065,"West Virginia","Morgan County",4,47,193,105,88
050,54,065,"West Virginia","Morgan County",4,48,210,118,92
050,54,065,"West Virginia","Morgan County",4,49,227,121,106
050,54,065,"West Virginia","Morgan County",4,50,250,127,123
050,54,065,"West Virginia","Morgan County",4,51,265,138,127
050,54,065,"West Virginia","Morgan County",4,52,261,143,118
050,54,065,"West Virginia","Morgan County",4,53,237,116,121
050,54,065,"West Virginia","Morgan County",4,54,245,128,117
050,54,065,"West Virginia","Morgan County",4,55,289,149,140
050,54,065,"West Virginia","Morgan County",4,56,289,154,135
050,54,065,"West Virginia","Morgan County",4,57,311,157,154
050,54,065,"West Virginia","Morgan County",4,58,306,151,155
050,54,065,"West Virginia","Morgan County",4,59,288,150,138
050,54,065,"West Virginia","Morgan County",4,60,300,156,144
050,54,065,"West Virginia","Morgan County",4,61,323,172,151
050,54,065,"West Virginia","Morgan County",4,62,281,140,141
050,54,065,"West Virginia","Morgan County",4,63,314,161,153
050,54,065,"West Virginia","Morgan County",4,64,299,156,143
050,54,065,"West Virginia","Morgan County",4,65,282,137,145
050,54,065,"West Virginia","Morgan County",4,66,307,142,165
050,54,065,"West Virginia","Morgan County",4,67,288,134,154
050,54,065,"West Virginia","Morgan County",4,68,294,145,149
050,54,065,"West Virginia","Morgan County",4,69,277,148,129
050,54,065,"West Virginia","Morgan County",4,70,277,149,128
050,54,065,"West Virginia","Morgan County",4,71,252,121,131
050,54,065,"West Virginia","Morgan County",4,72,229,111,118
050,54,065,"West Virginia","Morgan County",4,73,238,115,123
050,54,065,"West Virginia","Morgan County",4,74,214,112,102
050,54,065,"West Virginia","Morgan County",4,75,218,116,102
050,54,065,"West Virginia","Morgan County",4,76,141,69,72
050,54,065,"West Virginia","Morgan County",4,77,146,70,76
050,54,065,"West Virginia","Morgan County",4,78,136,64,72
050,54,065,"West Virginia","Morgan County",4,79,139,65,74
050,54,065,"West Virginia","Morgan County",4,80,114,45,69
050,54,065,"West Virginia","Morgan County",4,81,120,61,59
050,54,065,"West Virginia","Morgan County",4,82,107,47,60
050,54,065,"West Virginia","Morgan County",4,83,97,41,56
050,54,065,"West Virginia","Morgan County",4,84,86,32,54
050,54,065,"West Virginia","Morgan County",4,85,414,165,249
050,54,065,"West Virginia","Morgan County",5,0,146,67,79
050,54,065,"West Virginia","Morgan County",5,1,163,80,83
050,54,065,"West Virginia","Morgan County",5,2,126,64,62
050,54,065,"West Virginia","Morgan County",5,3,135,76,59
050,54,065,"West Virginia","Morgan County",5,4,152,76,76
050,54,065,"West Virginia","Morgan County",5,5,138,70,68
050,54,065,"West Virginia","Morgan County",5,6,152,80,72
050,54,065,"West Virginia","Morgan County",5,7,154,87,67
050,54,065,"West Virginia","Morgan County",5,8,158,82,76
050,54,065,"West Virginia","Morgan County",5,9,186,90,96
050,54,065,"West Virginia","Morgan County",5,10,189,91,98
050,54,065,"West Virginia","Morgan County",5,11,197,101,96
050,54,065,"West Virginia","Morgan County",5,12,170,94,76
050,54,065,"West Virginia","Morgan County",5,13,181,98,83
050,54,065,"West Virginia","Morgan County",5,14,187,99,88
050,54,065,"West Virginia","Morgan County",5,15,190,101,89
050,54,065,"West Virginia","Morgan County",5,16,180,103,77
050,54,065,"West Virginia","Morgan County",5,17,177,97,80
050,54,065,"West Virginia","Morgan County",5,18,161,92,69
050,54,065,"West Virginia","Morgan County",5,19,128,71,57
050,54,065,"West Virginia","Morgan County",5,20,151,75,76
050,54,065,"West Virginia","Morgan County",5,21,160,79,81
050,54,065,"West Virginia","Morgan County",5,22,173,85,88
050,54,065,"West Virginia","Morgan County",5,23,173,97,76
050,54,065,"West Virginia","Morgan County",5,24,187,103,84
050,54,065,"West Virginia","Morgan County",5,25,175,85,90
050,54,065,"West Virginia","Morgan County",5,26,179,97,82
050,54,065,"West Virginia","Morgan County",5,27,169,96,73
050,54,065,"West Virginia","Morgan County",5,28,175,90,85
050,54,065,"West Virginia","Morgan County",5,29,169,96,73
050,54,065,"West Virginia","Morgan County",5,30,204,100,104
050,54,065,"West Virginia","Morgan County",5,31,190,86,104
050,54,065,"West Virginia","Morgan County",5,32,193,96,97
050,54,065,"West Virginia","Morgan County",5,33,195,104,91
050,54,065,"West Virginia","Morgan County",5,34,202,90,112
050,54,065,"West Virginia","Morgan County",5,35,192,91,101
050,54,065,"West Virginia","Morgan County",5,36,188,97,91
050,54,065,"West Virginia","Morgan County",5,37,185,96,89
050,54,065,"West Virginia","Morgan County",5,38,177,97,80
050,54,065,"West Virginia","Morgan County",5,39,176,93,83
050,54,065,"West Virginia","Morgan County",5,40,194,96,98
050,54,065,"West Virginia","Morgan County",5,41,187,101,86
050,54,065,"West Virginia","Morgan County",5,42,183,94,89
050,54,065,"West Virginia","Morgan County",5,43,197,97,100
050,54,065,"West Virginia","Morgan County",5,44,200,91,109
050,54,065,"West Virginia","Morgan County",5,45,197,99,98
050,54,065,"West Virginia","Morgan County",5,46,227,111,116
050,54,065,"West Virginia","Morgan County",5,47,214,112,102
050,54,065,"West Virginia","Morgan County",5,48,188,107,81
050,54,065,"West Virginia","Morgan County",5,49,212,116,96
050,54,065,"West Virginia","Morgan County",5,50,228,122,106
050,54,065,"West Virginia","Morgan County",5,51,250,126,124
050,54,065,"West Virginia","Morgan County",5,52,272,141,131
050,54,065,"West Virginia","Morgan County",5,53,261,145,116
050,54,065,"West Virginia","Morgan County",5,54,247,122,125
050,54,065,"West Virginia","Morgan County",5,55,234,120,114
050,54,065,"West Virginia","Morgan County",5,56,296,154,142
050,54,065,"West Virginia","Morgan County",5,57,280,148,132
050,54,065,"West Virginia","Morgan County",5,58,313,163,150
050,54,065,"West Virginia","Morgan County",5,59,317,163,154
050,54,065,"West Virginia","Morgan County",5,60,290,151,139
050,54,065,"West Virginia","Morgan County",5,61,308,158,150
050,54,065,"West Virginia","Morgan County",5,62,325,172,153
050,54,065,"West Virginia","Morgan County",5,63,285,143,142
050,54,065,"West Virginia","Morgan County",5,64,330,163,167
050,54,065,"West Virginia","Morgan County",5,65,310,160,150
050,54,065,"West Virginia","Morgan County",5,66,295,148,147
050,54,065,"West Virginia","Morgan County",5,67,310,143,167
050,54,065,"West Virginia","Morgan County",5,68,286,134,152
050,54,065,"West Virginia","Morgan County",5,69,290,143,147
050,54,065,"West Virginia","Morgan County",5,70,272,142,130
050,54,065,"West Virginia","Morgan County",5,71,277,151,126
050,54,065,"West Virginia","Morgan County",5,72,245,116,129
050,54,065,"West Virginia","Morgan County",5,73,222,108,114
050,54,065,"West Virginia","Morgan County",5,74,233,115,118
050,54,065,"West Virginia","Morgan County",5,75,204,104,100
050,54,065,"West Virginia","Morgan County",5,76,202,106,96
050,54,065,"West Virginia","Morgan County",5,77,137,63,74
050,54,065,"West Virginia","Morgan County",5,78,140,64,76
050,54,065,"West Virginia","Morgan County",5,79,130,65,65
050,54,065,"West Virginia","Morgan County",5,80,125,59,66
050,54,065,"West Virginia","Morgan County",5,81,120,51,69
050,54,065,"West Virginia","Morgan County",5,82,106,52,54
050,54,065,"West Virginia","Morgan County",5,83,99,40,59
050,54,065,"West Virginia","Morgan County",5,84,90,36,54
050,54,065,"West Virginia","Morgan County",5,85,438,167,271
050,54,067,"West Virginia","Nicholas County",1,0,218,116,102
050,54,067,"West Virginia","Nicholas County",1,1,222,130,92
050,54,067,"West Virginia","Nicholas County",1,2,246,125,121
050,54,067,"West Virginia","Nicholas County",1,3,246,122,124
050,54,067,"West Virginia","Nicholas County",1,4,264,138,126
050,54,067,"West Virginia","Nicholas County",1,5,281,138,143
050,54,067,"West Virginia","Nicholas County",1,6,274,135,139
050,54,067,"West Virginia","Nicholas County",1,7,288,149,139
050,54,067,"West Virginia","Nicholas County",1,8,286,143,143
050,54,067,"West Virginia","Nicholas County",1,9,299,157,142
050,54,067,"West Virginia","Nicholas County",1,10,316,157,159
050,54,067,"West Virginia","Nicholas County",1,11,300,142,158
050,54,067,"West Virginia","Nicholas County",1,12,320,157,163
050,54,067,"West Virginia","Nicholas County",1,13,321,167,154
050,54,067,"West Virginia","Nicholas County",1,14,326,175,151
050,54,067,"West Virginia","Nicholas County",1,15,293,156,137
050,54,067,"West Virginia","Nicholas County",1,16,304,147,157
050,54,067,"West Virginia","Nicholas County",1,17,291,152,139
050,54,067,"West Virginia","Nicholas County",1,18,240,135,105
050,54,067,"West Virginia","Nicholas County",1,19,189,101,88
050,54,067,"West Virginia","Nicholas County",1,20,205,101,104
050,54,067,"West Virginia","Nicholas County",1,21,212,113,99
050,54,067,"West Virginia","Nicholas County",1,22,215,109,106
050,54,067,"West Virginia","Nicholas County",1,23,219,116,103
050,54,067,"West Virginia","Nicholas County",1,24,251,133,118
050,54,067,"West Virginia","Nicholas County",1,25,246,127,119
050,54,067,"West Virginia","Nicholas County",1,26,251,123,128
050,54,067,"West Virginia","Nicholas County",1,27,259,127,132
050,54,067,"West Virginia","Nicholas County",1,28,258,125,133
050,54,067,"West Virginia","Nicholas County",1,29,310,161,149
050,54,067,"West Virginia","Nicholas County",1,30,298,146,152
050,54,067,"West Virginia","Nicholas County",1,31,254,128,126
050,54,067,"West Virginia","Nicholas County",1,32,260,130,130
050,54,067,"West Virginia","Nicholas County",1,33,248,129,119
050,54,067,"West Virginia","Nicholas County",1,34,265,135,130
050,54,067,"West Virginia","Nicholas County",1,35,269,142,127
050,54,067,"West Virginia","Nicholas County",1,36,267,144,123
050,54,067,"West Virginia","Nicholas County",1,37,275,137,138
050,54,067,"West Virginia","Nicholas County",1,38,277,132,145
050,54,067,"West Virginia","Nicholas County",1,39,273,131,142
050,54,067,"West Virginia","Nicholas County",1,40,295,140,155
050,54,067,"West Virginia","Nicholas County",1,41,297,137,160
050,54,067,"West Virginia","Nicholas County",1,42,286,131,155
050,54,067,"West Virginia","Nicholas County",1,43,295,141,154
050,54,067,"West Virginia","Nicholas County",1,44,303,148,155
050,54,067,"West Virginia","Nicholas County",1,45,296,143,153
050,54,067,"West Virginia","Nicholas County",1,46,299,147,152
050,54,067,"West Virginia","Nicholas County",1,47,314,154,160
050,54,067,"West Virginia","Nicholas County",1,48,333,174,159
050,54,067,"West Virginia","Nicholas County",1,49,349,178,171
050,54,067,"West Virginia","Nicholas County",1,50,325,158,167
050,54,067,"West Virginia","Nicholas County",1,51,326,156,170
050,54,067,"West Virginia","Nicholas County",1,52,302,147,155
050,54,067,"West Virginia","Nicholas County",1,53,320,153,167
050,54,067,"West Virginia","Nicholas County",1,54,347,184,163
050,54,067,"West Virginia","Nicholas County",1,55,346,169,177
050,54,067,"West Virginia","Nicholas County",1,56,368,179,189
050,54,067,"West Virginia","Nicholas County",1,57,350,177,173
050,54,067,"West Virginia","Nicholas County",1,58,357,178,179
050,54,067,"West Virginia","Nicholas County",1,59,339,161,178
050,54,067,"West Virginia","Nicholas County",1,60,392,192,200
050,54,067,"West Virginia","Nicholas County",1,61,401,195,206
050,54,067,"West Virginia","Nicholas County",1,62,400,187,213
050,54,067,"West Virginia","Nicholas County",1,63,367,189,178
050,54,067,"West Virginia","Nicholas County",1,64,370,185,185
050,54,067,"West Virginia","Nicholas County",1,65,370,170,200
050,54,067,"West Virginia","Nicholas County",1,66,367,177,190
050,54,067,"West Virginia","Nicholas County",1,67,379,188,191
050,54,067,"West Virginia","Nicholas County",1,68,368,183,185
050,54,067,"West Virginia","Nicholas County",1,69,351,174,177
050,54,067,"West Virginia","Nicholas County",1,70,339,159,180
050,54,067,"West Virginia","Nicholas County",1,71,325,163,162
050,54,067,"West Virginia","Nicholas County",1,72,325,168,157
050,54,067,"West Virginia","Nicholas County",1,73,363,193,170
050,54,067,"West Virginia","Nicholas County",1,74,226,117,109
050,54,067,"West Virginia","Nicholas County",1,75,227,124,103
050,54,067,"West Virginia","Nicholas County",1,76,237,125,112
050,54,067,"West Virginia","Nicholas County",1,77,222,104,118
050,54,067,"West Virginia","Nicholas County",1,78,182,74,108
050,54,067,"West Virginia","Nicholas County",1,79,166,78,88
050,54,067,"West Virginia","Nicholas County",1,80,144,68,76
050,54,067,"West Virginia","Nicholas County",1,81,152,72,80
050,54,067,"West Virginia","Nicholas County",1,82,136,65,71
050,54,067,"West Virginia","Nicholas County",1,83,132,58,74
050,54,067,"West Virginia","Nicholas County",1,84,106,53,53
050,54,067,"West Virginia","Nicholas County",1,85,473,186,287
050,54,067,"West Virginia","Nicholas County",2,0,220,120,100
050,54,067,"West Virginia","Nicholas County",2,1,221,126,95
050,54,067,"West Virginia","Nicholas County",2,2,238,126,112
050,54,067,"West Virginia","Nicholas County",2,3,244,122,122
050,54,067,"West Virginia","Nicholas County",2,4,262,135,127
050,54,067,"West Virginia","Nicholas County",2,5,277,139,138
050,54,067,"West Virginia","Nicholas County",2,6,276,136,140
050,54,067,"West Virginia","Nicholas County",2,7,283,145,138
050,54,067,"West Virginia","Nicholas County",2,8,283,142,141
050,54,067,"West Virginia","Nicholas County",2,9,294,152,142
050,54,067,"West Virginia","Nicholas County",2,10,311,156,155
050,54,067,"West Virginia","Nicholas County",2,11,301,144,157
050,54,067,"West Virginia","Nicholas County",2,12,316,153,163
050,54,067,"West Virginia","Nicholas County",2,13,320,165,155
050,54,067,"West Virginia","Nicholas County",2,14,323,173,150
050,54,067,"West Virginia","Nicholas County",2,15,304,161,143
050,54,067,"West Virginia","Nicholas County",2,16,302,150,152
050,54,067,"West Virginia","Nicholas County",2,17,293,151,142
050,54,067,"West Virginia","Nicholas County",2,18,241,132,109
050,54,067,"West Virginia","Nicholas County",2,19,191,103,88
050,54,067,"West Virginia","Nicholas County",2,20,209,104,105
050,54,067,"West Virginia","Nicholas County",2,21,214,112,102
050,54,067,"West Virginia","Nicholas County",2,22,215,110,105
050,54,067,"West Virginia","Nicholas County",2,23,221,116,105
050,54,067,"West Virginia","Nicholas County",2,24,245,130,115
050,54,067,"West Virginia","Nicholas County",2,25,249,130,119
050,54,067,"West Virginia","Nicholas County",2,26,252,126,126
050,54,067,"West Virginia","Nicholas County",2,27,255,125,130
050,54,067,"West Virginia","Nicholas County",2,28,258,126,132
050,54,067,"West Virginia","Nicholas County",2,29,295,151,144
050,54,067,"West Virginia","Nicholas County",2,30,303,151,152
050,54,067,"West Virginia","Nicholas County",2,31,264,132,132
050,54,067,"West Virginia","Nicholas County",2,32,258,130,128
050,54,067,"West Virginia","Nicholas County",2,33,250,130,120
050,54,067,"West Virginia","Nicholas County",2,34,259,134,125
050,54,067,"West Virginia","Nicholas County",2,35,269,140,129
050,54,067,"West Virginia","Nicholas County",2,36,266,143,123
050,54,067,"West Virginia","Nicholas County",2,37,277,141,136
050,54,067,"West Virginia","Nicholas County",2,38,278,134,144
050,54,067,"West Virginia","Nicholas County",2,39,272,131,141
050,54,067,"West Virginia","Nicholas County",2,40,292,138,154
050,54,067,"West Virginia","Nicholas County",2,41,295,137,158
050,54,067,"West Virginia","Nicholas County",2,42,288,132,156
050,54,067,"West Virginia","Nicholas County",2,43,298,141,157
050,54,067,"West Virginia","Nicholas County",2,44,299,145,154
050,54,067,"West Virginia","Nicholas County",2,45,301,147,154
050,54,067,"West Virginia","Nicholas County",2,46,298,146,152
050,54,067,"West Virginia","Nicholas County",2,47,307,151,156
050,54,067,"West Virginia","Nicholas County",2,48,330,170,160
050,54,067,"West Virginia","Nicholas County",2,49,347,178,169
050,54,067,"West Virginia","Nicholas County",2,50,331,162,169
050,54,067,"West Virginia","Nicholas County",2,51,324,154,170
050,54,067,"West Virginia","Nicholas County",2,52,306,148,158
050,54,067,"West Virginia","Nicholas County",2,53,316,152,164
050,54,067,"West Virginia","Nicholas County",2,54,336,175,161
050,54,067,"West Virginia","Nicholas County",2,55,346,172,174
050,54,067,"West Virginia","Nicholas County",2,56,362,178,184
050,54,067,"West Virginia","Nicholas County",2,57,355,178,177
050,54,067,"West Virginia","Nicholas County",2,58,351,175,176
050,54,067,"West Virginia","Nicholas County",2,59,345,166,179
050,54,067,"West Virginia","Nicholas County",2,60,379,185,194
050,54,067,"West Virginia","Nicholas County",2,61,397,193,204
050,54,067,"West Virginia","Nicholas County",2,62,395,183,212
050,54,067,"West Virginia","Nicholas County",2,63,379,191,188
050,54,067,"West Virginia","Nicholas County",2,64,366,185,181
050,54,067,"West Virginia","Nicholas County",2,65,370,174,196
050,54,067,"West Virginia","Nicholas County",2,66,366,174,192
050,54,067,"West Virginia","Nicholas County",2,67,373,183,190
050,54,067,"West Virginia","Nicholas County",2,68,364,181,183
050,54,067,"West Virginia","Nicholas County",2,69,354,176,178
050,54,067,"West Virginia","Nicholas County",2,70,342,164,178
050,54,067,"West Virginia","Nicholas County",2,71,326,158,168
050,54,067,"West Virginia","Nicholas County",2,72,318,164,154
050,54,067,"West Virginia","Nicholas County",2,73,368,195,173
050,54,067,"West Virginia","Nicholas County",2,74,239,124,115
050,54,067,"West Virginia","Nicholas County",2,75,225,123,102
050,54,067,"West Virginia","Nicholas County",2,76,230,123,107
050,54,067,"West Virginia","Nicholas County",2,77,229,110,119
050,54,067,"West Virginia","Nicholas County",2,78,184,78,106
050,54,067,"West Virginia","Nicholas County",2,79,168,76,92
050,54,067,"West Virginia","Nicholas County",2,80,149,70,79
050,54,067,"West Virginia","Nicholas County",2,81,147,69,78
050,54,067,"West Virginia","Nicholas County",2,82,137,65,72
050,54,067,"West Virginia","Nicholas County",2,83,129,56,73
050,54,067,"West Virginia","Nicholas County",2,84,110,54,56
050,54,067,"West Virginia","Nicholas County",2,85,478,189,289
050,54,067,"West Virginia","Nicholas County",3,0,233,115,118
050,54,067,"West Virginia","Nicholas County",3,1,211,122,89
050,54,067,"West Virginia","Nicholas County",3,2,215,118,97
050,54,067,"West Virginia","Nicholas County",3,3,244,128,116
050,54,067,"West Virginia","Nicholas County",3,4,250,124,126
050,54,067,"West Virginia","Nicholas County",3,5,262,137,125
050,54,067,"West Virginia","Nicholas County",3,6,275,133,142
050,54,067,"West Virginia","Nicholas County",3,7,258,128,130
050,54,067,"West Virginia","Nicholas County",3,8,281,150,131
050,54,067,"West Virginia","Nicholas County",3,9,281,137,144
050,54,067,"West Virginia","Nicholas County",3,10,288,151,137
050,54,067,"West Virginia","Nicholas County",3,11,323,161,162
050,54,067,"West Virginia","Nicholas County",3,12,307,146,161
050,54,067,"West Virginia","Nicholas County",3,13,326,161,165
050,54,067,"West Virginia","Nicholas County",3,14,324,167,157
050,54,067,"West Virginia","Nicholas County",3,15,331,172,159
050,54,067,"West Virginia","Nicholas County",3,16,308,161,147
050,54,067,"West Virginia","Nicholas County",3,17,296,149,147
050,54,067,"West Virginia","Nicholas County",3,18,250,128,122
050,54,067,"West Virginia","Nicholas County",3,19,184,100,84
050,54,067,"West Virginia","Nicholas County",3,20,197,105,92
050,54,067,"West Virginia","Nicholas County",3,21,215,108,107
050,54,067,"West Virginia","Nicholas County",3,22,232,123,109
050,54,067,"West Virginia","Nicholas County",3,23,228,106,122
050,54,067,"West Virginia","Nicholas County",3,24,224,115,109
050,54,067,"West Virginia","Nicholas County",3,25,241,136,105
050,54,067,"West Virginia","Nicholas County",3,26,234,130,104
050,54,067,"West Virginia","Nicholas County",3,27,240,120,120
050,54,067,"West Virginia","Nicholas County",3,28,246,121,125
050,54,067,"West Virginia","Nicholas County",3,29,254,126,128
050,54,067,"West Virginia","Nicholas County",3,30,295,149,146
050,54,067,"West Virginia","Nicholas County",3,31,305,152,153
050,54,067,"West Virginia","Nicholas County",3,32,275,137,138
050,54,067,"West Virginia","Nicholas County",3,33,255,130,125
050,54,067,"West Virginia","Nicholas County",3,34,253,126,127
050,54,067,"West Virginia","Nicholas County",3,35,254,135,119
050,54,067,"West Virginia","Nicholas County",3,36,272,146,126
050,54,067,"West Virginia","Nicholas County",3,37,262,140,122
050,54,067,"West Virginia","Nicholas County",3,38,266,135,131
050,54,067,"West Virginia","Nicholas County",3,39,279,134,145
050,54,067,"West Virginia","Nicholas County",3,40,274,130,144
050,54,067,"West Virginia","Nicholas County",3,41,292,138,154
050,54,067,"West Virginia","Nicholas County",3,42,299,143,156
050,54,067,"West Virginia","Nicholas County",3,43,295,139,156
050,54,067,"West Virginia","Nicholas County",3,44,298,137,161
050,54,067,"West Virginia","Nicholas County",3,45,295,140,155
050,54,067,"West Virginia","Nicholas County",3,46,302,145,157
050,54,067,"West Virginia","Nicholas County",3,47,291,141,150
050,54,067,"West Virginia","Nicholas County",3,48,305,154,151
050,54,067,"West Virginia","Nicholas County",3,49,332,172,160
050,54,067,"West Virginia","Nicholas County",3,50,341,178,163
050,54,067,"West Virginia","Nicholas County",3,51,322,159,163
050,54,067,"West Virginia","Nicholas County",3,52,335,159,176
050,54,067,"West Virginia","Nicholas County",3,53,306,150,156
050,54,067,"West Virginia","Nicholas County",3,54,312,153,159
050,54,067,"West Virginia","Nicholas County",3,55,345,180,165
050,54,067,"West Virginia","Nicholas County",3,56,340,171,169
050,54,067,"West Virginia","Nicholas County",3,57,360,177,183
050,54,067,"West Virginia","Nicholas County",3,58,351,176,175
050,54,067,"West Virginia","Nicholas County",3,59,347,175,172
050,54,067,"West Virginia","Nicholas County",3,60,342,164,178
050,54,067,"West Virginia","Nicholas County",3,61,375,180,195
050,54,067,"West Virginia","Nicholas County",3,62,393,190,203
050,54,067,"West Virginia","Nicholas County",3,63,403,183,220
050,54,067,"West Virginia","Nicholas County",3,64,372,186,186
050,54,067,"West Virginia","Nicholas County",3,65,359,180,179
050,54,067,"West Virginia","Nicholas County",3,66,366,172,194
050,54,067,"West Virginia","Nicholas County",3,67,363,170,193
050,54,067,"West Virginia","Nicholas County",3,68,375,184,191
050,54,067,"West Virginia","Nicholas County",3,69,360,177,183
050,54,067,"West Virginia","Nicholas County",3,70,359,179,180
050,54,067,"West Virginia","Nicholas County",3,71,331,158,173
050,54,067,"West Virginia","Nicholas County",3,72,313,151,162
050,54,067,"West Virginia","Nicholas County",3,73,309,159,150
050,54,067,"West Virginia","Nicholas County",3,74,360,186,174
050,54,067,"West Virginia","Nicholas County",3,75,230,120,110
050,54,067,"West Virginia","Nicholas County",3,76,211,120,91
050,54,067,"West Virginia","Nicholas County",3,77,216,116,100
050,54,067,"West Virginia","Nicholas County",3,78,222,103,119
050,54,067,"West Virginia","Nicholas County",3,79,172,73,99
050,54,067,"West Virginia","Nicholas County",3,80,163,72,91
050,54,067,"West Virginia","Nicholas County",3,81,146,71,75
050,54,067,"West Virginia","Nicholas County",3,82,135,64,71
050,54,067,"West Virginia","Nicholas County",3,83,127,60,67
050,54,067,"West Virginia","Nicholas County",3,84,118,52,66
050,54,067,"West Virginia","Nicholas County",3,85,493,205,288
050,54,067,"West Virginia","Nicholas County",4,0,222,118,104
050,54,067,"West Virginia","Nicholas County",4,1,245,125,120
050,54,067,"West Virginia","Nicholas County",4,2,203,114,89
050,54,067,"West Virginia","Nicholas County",4,3,212,120,92
050,54,067,"West Virginia","Nicholas County",4,4,237,128,109
050,54,067,"West Virginia","Nicholas County",4,5,254,126,128
050,54,067,"West Virginia","Nicholas County",4,6,260,132,128
050,54,067,"West Virginia","Nicholas County",4,7,284,134,150
050,54,067,"West Virginia","Nicholas County",4,8,268,132,136
050,54,067,"West Virginia","Nicholas County",4,9,282,144,138
050,54,067,"West Virginia","Nicholas County",4,10,279,139,140
050,54,067,"West Virginia","Nicholas County",4,11,292,155,137
050,54,067,"West Virginia","Nicholas County",4,12,320,163,157
050,54,067,"West Virginia","Nicholas County",4,13,302,145,157
050,54,067,"West Virginia","Nicholas County",4,14,330,160,170
050,54,067,"West Virginia","Nicholas County",4,15,326,169,157
050,54,067,"West Virginia","Nicholas County",4,16,322,165,157
050,54,067,"West Virginia","Nicholas County",4,17,305,160,145
050,54,067,"West Virginia","Nicholas County",4,18,248,131,117
050,54,067,"West Virginia","Nicholas County",4,19,189,98,91
050,54,067,"West Virginia","Nicholas County",4,20,190,99,91
050,54,067,"West Virginia","Nicholas County",4,21,203,107,96
050,54,067,"West Virginia","Nicholas County",4,22,230,114,116
050,54,067,"West Virginia","Nicholas County",4,23,235,128,107
050,54,067,"West Virginia","Nicholas County",4,24,210,105,105
050,54,067,"West Virginia","Nicholas County",4,25,216,113,103
050,54,067,"West Virginia","Nicholas County",4,26,248,135,113
050,54,067,"West Virginia","Nicholas County",4,27,237,131,106
050,54,067,"West Virginia","Nicholas County",4,28,240,120,120
050,54,067,"West Virginia","Nicholas County",4,29,248,120,128
050,54,067,"West Virginia","Nicholas County",4,30,257,129,128
050,54,067,"West Virginia","Nicholas County",4,31,296,149,147
050,54,067,"West Virginia","Nicholas County",4,32,331,163,168
050,54,067,"West Virginia","Nicholas County",4,33,282,137,145
050,54,067,"West Virginia","Nicholas County",4,34,265,135,130
050,54,067,"West Virginia","Nicholas County",4,35,256,126,130
050,54,067,"West Virginia","Nicholas County",4,36,257,136,121
050,54,067,"West Virginia","Nicholas County",4,37,279,149,130
050,54,067,"West Virginia","Nicholas County",4,38,272,142,130
050,54,067,"West Virginia","Nicholas County",4,39,268,134,134
050,54,067,"West Virginia","Nicholas County",4,40,268,127,141
050,54,067,"West Virginia","Nicholas County",4,41,286,133,153
050,54,067,"West Virginia","Nicholas County",4,42,292,132,160
050,54,067,"West Virginia","Nicholas County",4,43,301,151,150
050,54,067,"West Virginia","Nicholas County",4,44,289,141,148
050,54,067,"West Virginia","Nicholas County",4,45,304,141,163
050,54,067,"West Virginia","Nicholas County",4,46,302,140,162
050,54,067,"West Virginia","Nicholas County",4,47,301,146,155
050,54,067,"West Virginia","Nicholas County",4,48,300,149,151
050,54,067,"West Virginia","Nicholas County",4,49,301,153,148
050,54,067,"West Virginia","Nicholas County",4,50,332,171,161
050,54,067,"West Virginia","Nicholas County",4,51,353,182,171
050,54,067,"West Virginia","Nicholas County",4,52,316,152,164
050,54,067,"West Virginia","Nicholas County",4,53,323,153,170
050,54,067,"West Virginia","Nicholas County",4,54,303,148,155
050,54,067,"West Virginia","Nicholas County",4,55,315,153,162
050,54,067,"West Virginia","Nicholas County",4,56,348,179,169
050,54,067,"West Virginia","Nicholas County",4,57,340,174,166
050,54,067,"West Virginia","Nicholas County",4,58,349,165,184
050,54,067,"West Virginia","Nicholas County",4,59,356,173,183
050,54,067,"West Virginia","Nicholas County",4,60,341,172,169
050,54,067,"West Virginia","Nicholas County",4,61,327,155,172
050,54,067,"West Virginia","Nicholas County",4,62,369,173,196
050,54,067,"West Virginia","Nicholas County",4,63,390,190,200
050,54,067,"West Virginia","Nicholas County",4,64,402,184,218
050,54,067,"West Virginia","Nicholas County",4,65,369,182,187
050,54,067,"West Virginia","Nicholas County",4,66,354,176,178
050,54,067,"West Virginia","Nicholas County",4,67,360,170,190
050,54,067,"West Virginia","Nicholas County",4,68,354,163,191
050,54,067,"West Virginia","Nicholas County",4,69,364,174,190
050,54,067,"West Virginia","Nicholas County",4,70,359,176,183
050,54,067,"West Virginia","Nicholas County",4,71,340,171,169
050,54,067,"West Virginia","Nicholas County",4,72,321,154,167
050,54,067,"West Virginia","Nicholas County",4,73,302,144,158
050,54,067,"West Virginia","Nicholas County",4,74,299,153,146
050,54,067,"West Virginia","Nicholas County",4,75,343,175,168
050,54,067,"West Virginia","Nicholas County",4,76,224,121,103
050,54,067,"West Virginia","Nicholas County",4,77,197,112,85
050,54,067,"West Virginia","Nicholas County",4,78,210,109,101
050,54,067,"West Virginia","Nicholas County",4,79,210,99,111
050,54,067,"West Virginia","Nicholas County",4,80,154,67,87
050,54,067,"West Virginia","Nicholas County",4,81,152,69,83
050,54,067,"West Virginia","Nicholas County",4,82,131,62,69
050,54,067,"West Virginia","Nicholas County",4,83,125,56,69
050,54,067,"West Virginia","Nicholas County",4,84,111,51,60
050,54,067,"West Virginia","Nicholas County",4,85,522,225,297
050,54,067,"West Virginia","Nicholas County",5,0,222,118,104
050,54,067,"West Virginia","Nicholas County",5,1,234,121,113
050,54,067,"West Virginia","Nicholas County",5,2,247,121,126
050,54,067,"West Virginia","Nicholas County",5,3,202,115,87
050,54,067,"West Virginia","Nicholas County",5,4,207,121,86
050,54,067,"West Virginia","Nicholas County",5,5,238,125,113
050,54,067,"West Virginia","Nicholas County",5,6,245,124,121
050,54,067,"West Virginia","Nicholas County",5,7,264,134,130
050,54,067,"West Virginia","Nicholas County",5,8,288,137,151
050,54,067,"West Virginia","Nicholas County",5,9,269,133,136
050,54,067,"West Virginia","Nicholas County",5,10,272,134,138
050,54,067,"West Virginia","Nicholas County",5,11,286,139,147
050,54,067,"West Virginia","Nicholas County",5,12,290,153,137
050,54,067,"West Virginia","Nicholas County",5,13,331,167,164
050,54,067,"West Virginia","Nicholas County",5,14,307,151,156
050,54,067,"West Virginia","Nicholas County",5,15,334,165,169
050,54,067,"West Virginia","Nicholas County",5,16,321,165,156
050,54,067,"West Virginia","Nicholas County",5,17,326,173,153
050,54,067,"West Virginia","Nicholas County",5,18,253,140,113
050,54,067,"West Virginia","Nicholas County",5,19,182,96,86
050,54,067,"West Virginia","Nicholas County",5,20,205,104,101
050,54,067,"West Virginia","Nicholas County",5,21,201,105,96
050,54,067,"West Virginia","Nicholas County",5,22,215,109,106
050,54,067,"West Virginia","Nicholas County",5,23,245,123,122
050,54,067,"West Virginia","Nicholas County",5,24,237,130,107
050,54,067,"West Virginia","Nicholas County",5,25,208,101,107
050,54,067,"West Virginia","Nicholas County",5,26,219,116,103
050,54,067,"West Virginia","Nicholas County",5,27,238,133,105
050,54,067,"West Virginia","Nicholas County",5,28,238,131,107
050,54,067,"West Virginia","Nicholas County",5,29,239,117,122
050,54,067,"West Virginia","Nicholas County",5,30,256,126,130
050,54,067,"West Virginia","Nicholas County",5,31,263,126,137
050,54,067,"West Virginia","Nicholas County",5,32,304,153,151
050,54,067,"West Virginia","Nicholas County",5,33,332,168,164
050,54,067,"West Virginia","Nicholas County",5,34,287,141,146
050,54,067,"West Virginia","Nicholas County",5,35,259,132,127
050,54,067,"West Virginia","Nicholas County",5,36,261,131,130
050,54,067,"West Virginia","Nicholas County",5,37,261,139,122
050,54,067,"West Virginia","Nicholas County",5,38,274,143,131
050,54,067,"West Virginia","Nicholas County",5,39,276,140,136
050,54,067,"West Virginia","Nicholas County",5,40,264,136,128
050,54,067,"West Virginia","Nicholas County",5,41,274,132,142
050,54,067,"West Virginia","Nicholas County",5,42,288,133,155
050,54,067,"West Virginia","Nicholas County",5,43,295,133,162
050,54,067,"West Virginia","Nicholas County",5,44,306,156,150
050,54,067,"West Virginia","Nicholas County",5,45,285,137,148
050,54,067,"West Virginia","Nicholas County",5,46,304,140,164
050,54,067,"West Virginia","Nicholas County",5,47,296,138,158
050,54,067,"West Virginia","Nicholas County",5,48,294,142,152
050,54,067,"West Virginia","Nicholas County",5,49,298,150,148
050,54,067,"West Virginia","Nicholas County",5,50,299,150,149
050,54,067,"West Virginia","Nicholas County",5,51,325,166,159
050,54,067,"West Virginia","Nicholas County",5,52,343,179,164
050,54,067,"West Virginia","Nicholas County",5,53,311,146,165
050,54,067,"West Virginia","Nicholas County",5,54,317,151,166
050,54,067,"West Virginia","Nicholas County",5,55,303,147,156
050,54,067,"West Virginia","Nicholas County",5,56,314,157,157
050,54,067,"West Virginia","Nicholas County",5,57,346,179,167
050,54,067,"West Virginia","Nicholas County",5,58,332,163,169
050,54,067,"West Virginia","Nicholas County",5,59,349,160,189
050,54,067,"West Virginia","Nicholas County",5,60,353,170,183
050,54,067,"West Virginia","Nicholas County",5,61,330,168,162
050,54,067,"West Virginia","Nicholas County",5,62,321,152,169
050,54,067,"West Virginia","Nicholas County",5,63,365,167,198
050,54,067,"West Virginia","Nicholas County",5,64,395,190,205
050,54,067,"West Virginia","Nicholas County",5,65,395,182,213
050,54,067,"West Virginia","Nicholas County",5,66,368,188,180
050,54,067,"West Virginia","Nicholas County",5,67,354,176,178
050,54,067,"West Virginia","Nicholas County",5,68,356,167,189
050,54,067,"West Virginia","Nicholas County",5,69,343,158,185
050,54,067,"West Virginia","Nicholas County",5,70,361,174,187
050,54,067,"West Virginia","Nicholas County",5,71,340,167,173
050,54,067,"West Virginia","Nicholas County",5,72,319,158,161
050,54,067,"West Virginia","Nicholas County",5,73,315,153,162
050,54,067,"West Virginia","Nicholas County",5,74,288,135,153
050,54,067,"West Virginia","Nicholas County",5,75,291,145,146
050,54,067,"West Virginia","Nicholas County",5,76,332,173,159
050,54,067,"West Virginia","Nicholas County",5,77,208,115,93
050,54,067,"West Virginia","Nicholas County",5,78,186,107,79
050,54,067,"West Virginia","Nicholas County",5,79,202,106,96
050,54,067,"West Virginia","Nicholas County",5,80,198,95,103
050,54,067,"West Virginia","Nicholas County",5,81,147,67,80
050,54,067,"West Virginia","Nicholas County",5,82,137,61,76
050,54,067,"West Virginia","Nicholas County",5,83,122,56,66
050,54,067,"West Virginia","Nicholas County",5,84,113,47,66
050,54,067,"West Virginia","Nicholas County",5,85,551,246,305
050,54,069,"West Virginia","Ohio County",1,0,415,213,202
050,54,069,"West Virginia","Ohio County",1,1,408,217,191
050,54,069,"West Virginia","Ohio County",1,2,443,235,208
050,54,069,"West Virginia","Ohio County",1,3,440,225,215
050,54,069,"West Virginia","Ohio County",1,4,434,220,214
050,54,069,"West Virginia","Ohio County",1,5,483,252,231
050,54,069,"West Virginia","Ohio County",1,6,451,238,213
050,54,069,"West Virginia","Ohio County",1,7,477,251,226
050,54,069,"West Virginia","Ohio County",1,8,471,232,239
050,54,069,"West Virginia","Ohio County",1,9,449,231,218
050,54,069,"West Virginia","Ohio County",1,10,471,237,234
050,54,069,"West Virginia","Ohio County",1,11,471,252,219
050,54,069,"West Virginia","Ohio County",1,12,501,257,244
050,54,069,"West Virginia","Ohio County",1,13,487,246,241
050,54,069,"West Virginia","Ohio County",1,14,493,258,235
050,54,069,"West Virginia","Ohio County",1,15,517,267,250
050,54,069,"West Virginia","Ohio County",1,16,495,241,254
050,54,069,"West Virginia","Ohio County",1,17,486,243,243
050,54,069,"West Virginia","Ohio County",1,18,579,273,306
050,54,069,"West Virginia","Ohio County",1,19,730,357,373
050,54,069,"West Virginia","Ohio County",1,20,647,319,328
050,54,069,"West Virginia","Ohio County",1,21,609,276,333
050,54,069,"West Virginia","Ohio County",1,22,547,279,268
050,54,069,"West Virginia","Ohio County",1,23,463,241,222
050,54,069,"West Virginia","Ohio County",1,24,480,233,247
050,54,069,"West Virginia","Ohio County",1,25,454,229,225
050,54,069,"West Virginia","Ohio County",1,26,493,257,236
050,54,069,"West Virginia","Ohio County",1,27,469,240,229
050,54,069,"West Virginia","Ohio County",1,28,500,258,242
050,54,069,"West Virginia","Ohio County",1,29,496,255,241
050,54,069,"West Virginia","Ohio County",1,30,490,262,228
050,54,069,"West Virginia","Ohio County",1,31,467,244,223
050,54,069,"West Virginia","Ohio County",1,32,501,248,253
050,54,069,"West Virginia","Ohio County",1,33,472,227,245
050,54,069,"West Virginia","Ohio County",1,34,506,266,240
050,54,069,"West Virginia","Ohio County",1,35,465,227,238
050,54,069,"West Virginia","Ohio County",1,36,468,246,222
050,54,069,"West Virginia","Ohio County",1,37,506,267,239
050,54,069,"West Virginia","Ohio County",1,38,473,236,237
050,54,069,"West Virginia","Ohio County",1,39,461,233,228
050,54,069,"West Virginia","Ohio County",1,40,508,236,272
050,54,069,"West Virginia","Ohio County",1,41,486,246,240
050,54,069,"West Virginia","Ohio County",1,42,480,257,223
050,54,069,"West Virginia","Ohio County",1,43,491,245,246
050,54,069,"West Virginia","Ohio County",1,44,445,234,211
050,54,069,"West Virginia","Ohio County",1,45,456,237,219
050,54,069,"West Virginia","Ohio County",1,46,456,231,225
050,54,069,"West Virginia","Ohio County",1,47,472,230,242
050,54,069,"West Virginia","Ohio County",1,48,505,234,271
050,54,069,"West Virginia","Ohio County",1,49,552,288,264
050,54,069,"West Virginia","Ohio County",1,50,503,251,252
050,54,069,"West Virginia","Ohio County",1,51,501,242,259
050,54,069,"West Virginia","Ohio County",1,52,473,235,238
050,54,069,"West Virginia","Ohio County",1,53,478,233,245
050,54,069,"West Virginia","Ohio County",1,54,496,248,248
050,54,069,"West Virginia","Ohio County",1,55,548,276,272
050,54,069,"West Virginia","Ohio County",1,56,546,253,293
050,54,069,"West Virginia","Ohio County",1,57,567,260,307
050,54,069,"West Virginia","Ohio County",1,58,605,299,306
050,54,069,"West Virginia","Ohio County",1,59,609,292,317
050,54,069,"West Virginia","Ohio County",1,60,630,300,330
050,54,069,"West Virginia","Ohio County",1,61,679,327,352
050,54,069,"West Virginia","Ohio County",1,62,652,334,318
050,54,069,"West Virginia","Ohio County",1,63,624,321,303
050,54,069,"West Virginia","Ohio County",1,64,656,318,338
050,54,069,"West Virginia","Ohio County",1,65,640,309,331
050,54,069,"West Virginia","Ohio County",1,66,626,293,333
050,54,069,"West Virginia","Ohio County",1,67,607,279,328
050,54,069,"West Virginia","Ohio County",1,68,628,292,336
050,54,069,"West Virginia","Ohio County",1,69,564,250,314
050,54,069,"West Virginia","Ohio County",1,70,558,260,298
050,54,069,"West Virginia","Ohio County",1,71,528,241,287
050,54,069,"West Virginia","Ohio County",1,72,549,262,287
050,54,069,"West Virginia","Ohio County",1,73,510,249,261
050,54,069,"West Virginia","Ohio County",1,74,309,153,156
050,54,069,"West Virginia","Ohio County",1,75,305,144,161
050,54,069,"West Virginia","Ohio County",1,76,301,128,173
050,54,069,"West Virginia","Ohio County",1,77,317,144,173
050,54,069,"West Virginia","Ohio County",1,78,294,123,171
050,54,069,"West Virginia","Ohio County",1,79,262,107,155
050,54,069,"West Virginia","Ohio County",1,80,227,94,133
050,54,069,"West Virginia","Ohio County",1,81,251,105,146
050,54,069,"West Virginia","Ohio County",1,82,212,81,131
050,54,069,"West Virginia","Ohio County",1,83,212,89,123
050,54,069,"West Virginia","Ohio County",1,84,193,76,117
050,54,069,"West Virginia","Ohio County",1,85,1261,372,889
050,54,069,"West Virginia","Ohio County",2,0,404,202,202
050,54,069,"West Virginia","Ohio County",2,1,409,215,194
050,54,069,"West Virginia","Ohio County",2,2,434,229,205
050,54,069,"West Virginia","Ohio County",2,3,438,225,213
050,54,069,"West Virginia","Ohio County",2,4,440,224,216
050,54,069,"West Virginia","Ohio County",2,5,471,244,227
050,54,069,"West Virginia","Ohio County",2,6,461,243,218
050,54,069,"West Virginia","Ohio County",2,7,469,246,223
050,54,069,"West Virginia","Ohio County",2,8,467,235,232
050,54,069,"West Virginia","Ohio County",2,9,452,230,222
050,54,069,"West Virginia","Ohio County",2,10,466,236,230
050,54,069,"West Virginia","Ohio County",2,11,467,246,221
050,54,069,"West Virginia","Ohio County",2,12,498,257,241
050,54,069,"West Virginia","Ohio County",2,13,492,250,242
050,54,069,"West Virginia","Ohio County",2,14,495,256,239
050,54,069,"West Virginia","Ohio County",2,15,514,266,248
050,54,069,"West Virginia","Ohio County",2,16,499,247,252
050,54,069,"West Virginia","Ohio County",2,17,489,242,247
050,54,069,"West Virginia","Ohio County",2,18,578,272,306
050,54,069,"West Virginia","Ohio County",2,19,736,357,379
050,54,069,"West Virginia","Ohio County",2,20,649,319,330
050,54,069,"West Virginia","Ohio County",2,21,610,279,331
050,54,069,"West Virginia","Ohio County",2,22,548,276,272
050,54,069,"West Virginia","Ohio County",2,23,467,242,225
050,54,069,"West Virginia","Ohio County",2,24,472,231,241
050,54,069,"West Virginia","Ohio County",2,25,453,227,226
050,54,069,"West Virginia","Ohio County",2,26,478,246,232
050,54,069,"West Virginia","Ohio County",2,27,474,243,231
050,54,069,"West Virginia","Ohio County",2,28,491,253,238
050,54,069,"West Virginia","Ohio County",2,29,494,253,241
050,54,069,"West Virginia","Ohio County",2,30,492,261,231
050,54,069,"West Virginia","Ohio County",2,31,468,246,222
050,54,069,"West Virginia","Ohio County",2,32,489,242,247
050,54,069,"West Virginia","Ohio County",2,33,476,231,245
050,54,069,"West Virginia","Ohio County",2,34,499,257,242
050,54,069,"West Virginia","Ohio County",2,35,476,237,239
050,54,069,"West Virginia","Ohio County",2,36,465,240,225
050,54,069,"West Virginia","Ohio County",2,37,496,258,238
050,54,069,"West Virginia","Ohio County",2,38,481,246,235
050,54,069,"West Virginia","Ohio County",2,39,466,235,231
050,54,069,"West Virginia","Ohio County",2,40,500,235,265
050,54,069,"West Virginia","Ohio County",2,41,487,241,246
050,54,069,"West Virginia","Ohio County",2,42,480,255,225
050,54,069,"West Virginia","Ohio County",2,43,488,247,241
050,54,069,"West Virginia","Ohio County",2,44,453,236,217
050,54,069,"West Virginia","Ohio County",2,45,453,235,218
050,54,069,"West Virginia","Ohio County",2,46,456,233,223
050,54,069,"West Virginia","Ohio County",2,47,465,226,239
050,54,069,"West Virginia","Ohio County",2,48,497,234,263
050,54,069,"West Virginia","Ohio County",2,49,543,276,267
050,54,069,"West Virginia","Ohio County",2,50,512,255,257
050,54,069,"West Virginia","Ohio County",2,51,497,242,255
050,54,069,"West Virginia","Ohio County",2,52,477,236,241
050,54,069,"West Virginia","Ohio County",2,53,470,227,243
050,54,069,"West Virginia","Ohio County",2,54,489,243,246
050,54,069,"West Virginia","Ohio County",2,55,533,269,264
050,54,069,"West Virginia","Ohio County",2,56,549,258,291
050,54,069,"West Virginia","Ohio County",2,57,566,262,304
050,54,069,"West Virginia","Ohio County",2,58,592,285,307
050,54,069,"West Virginia","Ohio County",2,59,609,294,315
050,54,069,"West Virginia","Ohio County",2,60,622,295,327
050,54,069,"West Virginia","Ohio County",2,61,666,320,346
050,54,069,"West Virginia","Ohio County",2,62,653,327,326
050,54,069,"West Virginia","Ohio County",2,63,636,326,310
050,54,069,"West Virginia","Ohio County",2,64,639,313,326
050,54,069,"West Virginia","Ohio County",2,65,638,307,331
050,54,069,"West Virginia","Ohio County",2,66,630,296,334
050,54,069,"West Virginia","Ohio County",2,67,603,279,324
050,54,069,"West Virginia","Ohio County",2,68,619,285,334
050,54,069,"West Virginia","Ohio County",2,69,579,261,318
050,54,069,"West Virginia","Ohio County",2,70,553,255,298
050,54,069,"West Virginia","Ohio County",2,71,534,244,290
050,54,069,"West Virginia","Ohio County",2,72,527,249,278
050,54,069,"West Virginia","Ohio County",2,73,544,262,282
050,54,069,"West Virginia","Ohio County",2,74,335,165,170
050,54,069,"West Virginia","Ohio County",2,75,304,146,158
050,54,069,"West Virginia","Ohio County",2,76,297,127,170
050,54,069,"West Virginia","Ohio County",2,77,315,141,174
050,54,069,"West Virginia","Ohio County",2,78,294,124,170
050,54,069,"West Virginia","Ohio County",2,79,258,104,154
050,54,069,"West Virginia","Ohio County",2,80,235,97,138
050,54,069,"West Virginia","Ohio County",2,81,238,99,139
050,54,069,"West Virginia","Ohio County",2,82,217,86,131
050,54,069,"West Virginia","Ohio County",2,83,207,84,123
050,54,069,"West Virginia","Ohio County",2,84,192,77,115
050,54,069,"West Virginia","Ohio County",2,85,1267,380,887
050,54,069,"West Virginia","Ohio County",3,0,375,191,184
050,54,069,"West Virginia","Ohio County",3,1,395,206,189
050,54,069,"West Virginia","Ohio County",3,2,420,228,192
050,54,069,"West Virginia","Ohio County",3,3,444,233,211
050,54,069,"West Virginia","Ohio County",3,4,442,224,218
050,54,069,"West Virginia","Ohio County",3,5,446,234,212
050,54,069,"West Virginia","Ohio County",3,6,472,241,231
050,54,069,"West Virginia","Ohio County",3,7,449,236,213
050,54,069,"West Virginia","Ohio County",3,8,478,251,227
050,54,069,"West Virginia","Ohio County",3,9,453,226,227
050,54,069,"West Virginia","Ohio County",3,10,441,230,211
050,54,069,"West Virginia","Ohio County",3,11,472,244,228
050,54,069,"West Virginia","Ohio County",3,12,457,241,216
050,54,069,"West Virginia","Ohio County",3,13,496,259,237
050,54,069,"West Virginia","Ohio County",3,14,491,254,237
050,54,069,"West Virginia","Ohio County",3,15,506,255,251
050,54,069,"West Virginia","Ohio County",3,16,500,258,242
050,54,069,"West Virginia","Ohio County",3,17,501,248,253
050,54,069,"West Virginia","Ohio County",3,18,595,283,312
050,54,069,"West Virginia","Ohio County",3,19,736,354,382
050,54,069,"West Virginia","Ohio County",3,20,626,304,322
050,54,069,"West Virginia","Ohio County",3,21,613,288,325
050,54,069,"West Virginia","Ohio County",3,22,539,267,272
050,54,069,"West Virginia","Ohio County",3,23,490,259,231
050,54,069,"West Virginia","Ohio County",3,24,481,233,248
050,54,069,"West Virginia","Ohio County",3,25,442,234,208
050,54,069,"West Virginia","Ohio County",3,26,445,237,208
050,54,069,"West Virginia","Ohio County",3,27,459,230,229
050,54,069,"West Virginia","Ohio County",3,28,475,251,224
050,54,069,"West Virginia","Ohio County",3,29,508,260,248
050,54,069,"West Virginia","Ohio County",3,30,485,253,232
050,54,069,"West Virginia","Ohio County",3,31,477,251,226
050,54,069,"West Virginia","Ohio County",3,32,431,228,203
050,54,069,"West Virginia","Ohio County",3,33,492,242,250
050,54,069,"West Virginia","Ohio County",3,34,488,236,252
050,54,069,"West Virginia","Ohio County",3,35,493,249,244
050,54,069,"West Virginia","Ohio County",3,36,488,236,252
050,54,069,"West Virginia","Ohio County",3,37,467,240,227
050,54,069,"West Virginia","Ohio County",3,38,498,261,237
050,54,069,"West Virginia","Ohio County",3,39,498,260,238
050,54,069,"West Virginia","Ohio County",3,40,465,225,240
050,54,069,"West Virginia","Ohio County",3,41,487,228,259
050,54,069,"West Virginia","Ohio County",3,42,493,245,248
050,54,069,"West Virginia","Ohio County",3,43,467,248,219
050,54,069,"West Virginia","Ohio County",3,44,489,250,239
050,54,069,"West Virginia","Ohio County",3,45,448,236,212
050,54,069,"West Virginia","Ohio County",3,46,480,255,225
050,54,069,"West Virginia","Ohio County",3,47,448,224,224
050,54,069,"West Virginia","Ohio County",3,48,469,234,235
050,54,069,"West Virginia","Ohio County",3,49,501,237,264
050,54,069,"West Virginia","Ohio County",3,50,523,261,262
050,54,069,"West Virginia","Ohio County",3,51,500,251,249
050,54,069,"West Virginia","Ohio County",3,52,504,258,246
050,54,069,"West Virginia","Ohio County",3,53,456,217,239
050,54,069,"West Virginia","Ohio County",3,54,459,217,242
050,54,069,"West Virginia","Ohio County",3,55,480,245,235
050,54,069,"West Virginia","Ohio County",3,56,522,264,258
050,54,069,"West Virginia","Ohio County",3,57,543,260,283
050,54,069,"West Virginia","Ohio County",3,58,550,244,306
050,54,069,"West Virginia","Ohio County",3,59,573,269,304
050,54,069,"West Virginia","Ohio County",3,60,594,287,307
050,54,069,"West Virginia","Ohio County",3,61,636,310,326
050,54,069,"West Virginia","Ohio County",3,62,645,307,338
050,54,069,"West Virginia","Ohio County",3,63,633,312,321
050,54,069,"West Virginia","Ohio County",3,64,624,314,310
050,54,069,"West Virginia","Ohio County",3,65,613,301,312
050,54,069,"West Virginia","Ohio County",3,66,628,296,332
050,54,069,"West Virginia","Ohio County",3,67,608,288,320
050,54,069,"West Virginia","Ohio County",3,68,590,273,317
050,54,069,"West Virginia","Ohio County",3,69,608,282,326
050,54,069,"West Virginia","Ohio County",3,70,558,256,302
050,54,069,"West Virginia","Ohio County",3,71,537,247,290
050,54,069,"West Virginia","Ohio County",3,72,515,235,280
050,54,069,"West Virginia","Ohio County",3,73,503,232,271
050,54,069,"West Virginia","Ohio County",3,74,512,248,264
050,54,069,"West Virginia","Ohio County",3,75,316,157,159
050,54,069,"West Virginia","Ohio County",3,76,291,137,154
050,54,069,"West Virginia","Ohio County",3,77,276,117,159
050,54,069,"West Virginia","Ohio County",3,78,312,136,176
050,54,069,"West Virginia","Ohio County",3,79,255,107,148
050,54,069,"West Virginia","Ohio County",3,80,242,96,146
050,54,069,"West Virginia","Ohio County",3,81,221,87,134
050,54,069,"West Virginia","Ohio County",3,82,218,95,123
050,54,069,"West Virginia","Ohio County",3,83,206,85,121
050,54,069,"West Virginia","Ohio County",3,84,182,67,115
050,54,069,"West Virginia","Ohio County",3,85,1202,380,822
050,54,069,"West Virginia","Ohio County",4,0,383,201,182
050,54,069,"West Virginia","Ohio County",4,1,396,196,200
050,54,069,"West Virginia","Ohio County",4,2,387,196,191
050,54,069,"West Virginia","Ohio County",4,3,417,223,194
050,54,069,"West Virginia","Ohio County",4,4,446,241,205
050,54,069,"West Virginia","Ohio County",4,5,442,220,222
050,54,069,"West Virginia","Ohio County",4,6,437,227,210
050,54,069,"West Virginia","Ohio County",4,7,476,247,229
050,54,069,"West Virginia","Ohio County",4,8,454,233,221
050,54,069,"West Virginia","Ohio County",4,9,474,249,225
050,54,069,"West Virginia","Ohio County",4,10,461,231,230
050,54,069,"West Virginia","Ohio County",4,11,446,231,215
050,54,069,"West Virginia","Ohio County",4,12,478,240,238
050,54,069,"West Virginia","Ohio County",4,13,461,245,216
050,54,069,"West Virginia","Ohio County",4,14,485,259,226
050,54,069,"West Virginia","Ohio County",4,15,503,262,241
050,54,069,"West Virginia","Ohio County",4,16,501,256,245
050,54,069,"West Virginia","Ohio County",4,17,517,261,256
050,54,069,"West Virginia","Ohio County",4,18,597,286,311
050,54,069,"West Virginia","Ohio County",4,19,746,360,386
050,54,069,"West Virginia","Ohio County",4,20,646,313,333
050,54,069,"West Virginia","Ohio County",4,21,603,272,331
050,54,069,"West Virginia","Ohio County",4,22,544,270,274
050,54,069,"West Virginia","Ohio County",4,23,482,252,230
050,54,069,"West Virginia","Ohio County",4,24,453,226,227
050,54,069,"West Virginia","Ohio County",4,25,453,226,227
050,54,069,"West Virginia","Ohio County",4,26,423,232,191
050,54,069,"West Virginia","Ohio County",4,27,434,237,197
050,54,069,"West Virginia","Ohio County",4,28,456,237,219
050,54,069,"West Virginia","Ohio County",4,29,458,224,234
050,54,069,"West Virginia","Ohio County",4,30,515,272,243
050,54,069,"West Virginia","Ohio County",4,31,479,241,238
050,54,069,"West Virginia","Ohio County",4,32,482,254,228
050,54,069,"West Virginia","Ohio County",4,33,436,218,218
050,54,069,"West Virginia","Ohio County",4,34,494,246,248
050,54,069,"West Virginia","Ohio County",4,35,475,227,248
050,54,069,"West Virginia","Ohio County",4,36,483,238,245
050,54,069,"West Virginia","Ohio County",4,37,480,235,245
050,54,069,"West Virginia","Ohio County",4,38,457,236,221
050,54,069,"West Virginia","Ohio County",4,39,507,264,243
050,54,069,"West Virginia","Ohio County",4,40,499,259,240
050,54,069,"West Virginia","Ohio County",4,41,454,218,236
050,54,069,"West Virginia","Ohio County",4,42,512,242,270
050,54,069,"West Virginia","Ohio County",4,43,476,241,235
050,54,069,"West Virginia","Ohio County",4,44,481,258,223
050,54,069,"West Virginia","Ohio County",4,45,475,240,235
050,54,069,"West Virginia","Ohio County",4,46,448,238,210
050,54,069,"West Virginia","Ohio County",4,47,474,244,230
050,54,069,"West Virginia","Ohio County",4,48,466,235,231
050,54,069,"West Virginia","Ohio County",4,49,468,238,230
050,54,069,"West Virginia","Ohio County",4,50,480,230,250
050,54,069,"West Virginia","Ohio County",4,51,513,254,259
050,54,069,"West Virginia","Ohio County",4,52,518,263,255
050,54,069,"West Virginia","Ohio County",4,53,488,245,243
050,54,069,"West Virginia","Ohio County",4,54,458,216,242
050,54,069,"West Virginia","Ohio County",4,55,453,219,234
050,54,069,"West Virginia","Ohio County",4,56,466,234,232
050,54,069,"West Virginia","Ohio County",4,57,521,271,250
050,54,069,"West Virginia","Ohio County",4,58,545,255,290
050,54,069,"West Virginia","Ohio County",4,59,538,234,304
050,54,069,"West Virginia","Ohio County",4,60,551,257,294
050,54,069,"West Virginia","Ohio County",4,61,594,287,307
050,54,069,"West Virginia","Ohio County",4,62,610,297,313
050,54,069,"West Virginia","Ohio County",4,63,620,290,330
050,54,069,"West Virginia","Ohio County",4,64,627,308,319
050,54,069,"West Virginia","Ohio County",4,65,604,298,306
050,54,069,"West Virginia","Ohio County",4,66,592,283,309
050,54,069,"West Virginia","Ohio County",4,67,603,285,318
050,54,069,"West Virginia","Ohio County",4,68,591,279,312
050,54,069,"West Virginia","Ohio County",4,69,566,264,302
050,54,069,"West Virginia","Ohio County",4,70,597,280,317
050,54,069,"West Virginia","Ohio County",4,71,545,246,299
050,54,069,"West Virginia","Ohio County",4,72,524,240,284
050,54,069,"West Virginia","Ohio County",4,73,500,228,272
050,54,069,"West Virginia","Ohio County",4,74,486,228,258
050,54,069,"West Virginia","Ohio County",4,75,493,240,253
050,54,069,"West Virginia","Ohio County",4,76,305,146,159
050,54,069,"West Virginia","Ohio County",4,77,282,129,153
050,54,069,"West Virginia","Ohio County",4,78,277,118,159
050,54,069,"West Virginia","Ohio County",4,79,270,120,150
050,54,069,"West Virginia","Ohio County",4,80,246,103,143
050,54,069,"West Virginia","Ohio County",4,81,226,82,144
050,54,069,"West Virginia","Ohio County",4,82,199,80,119
050,54,069,"West Virginia","Ohio County",4,83,208,91,117
050,54,069,"West Virginia","Ohio County",4,84,177,64,113
050,54,069,"West Virginia","Ohio County",4,85,1170,385,785
050,54,069,"West Virginia","Ohio County",5,0,380,199,181
050,54,069,"West Virginia","Ohio County",5,1,417,216,201
050,54,069,"West Virginia","Ohio County",5,2,384,199,185
050,54,069,"West Virginia","Ohio County",5,3,376,187,189
050,54,069,"West Virginia","Ohio County",5,4,410,213,197
050,54,069,"West Virginia","Ohio County",5,5,451,236,215
050,54,069,"West Virginia","Ohio County",5,6,437,222,215
050,54,069,"West Virginia","Ohio County",5,7,437,230,207
050,54,069,"West Virginia","Ohio County",5,8,470,244,226
050,54,069,"West Virginia","Ohio County",5,9,442,227,215
050,54,069,"West Virginia","Ohio County",5,10,466,242,224
050,54,069,"West Virginia","Ohio County",5,11,457,227,230
050,54,069,"West Virginia","Ohio County",5,12,448,226,222
050,54,069,"West Virginia","Ohio County",5,13,479,240,239
050,54,069,"West Virginia","Ohio County",5,14,459,242,217
050,54,069,"West Virginia","Ohio County",5,15,514,276,238
050,54,069,"West Virginia","Ohio County",5,16,497,260,237
050,54,069,"West Virginia","Ohio County",5,17,514,252,262
050,54,069,"West Virginia","Ohio County",5,18,603,295,308
050,54,069,"West Virginia","Ohio County",5,19,752,366,386
050,54,069,"West Virginia","Ohio County",5,20,647,312,335
050,54,069,"West Virginia","Ohio County",5,21,610,282,328
050,54,069,"West Virginia","Ohio County",5,22,549,263,286
050,54,069,"West Virginia","Ohio County",5,23,474,240,234
050,54,069,"West Virginia","Ohio County",5,24,473,232,241
050,54,069,"West Virginia","Ohio County",5,25,451,222,229
050,54,069,"West Virginia","Ohio County",5,26,475,241,234
050,54,069,"West Virginia","Ohio County",5,27,417,231,186
050,54,069,"West Virginia","Ohio County",5,28,438,239,199
050,54,069,"West Virginia","Ohio County",5,29,426,213,213
050,54,069,"West Virginia","Ohio County",5,30,470,239,231
050,54,069,"West Virginia","Ohio County",5,31,498,259,239
050,54,069,"West Virginia","Ohio County",5,32,485,249,236
050,54,069,"West Virginia","Ohio County",5,33,460,239,221
050,54,069,"West Virginia","Ohio County",5,34,442,224,218
050,54,069,"West Virginia","Ohio County",5,35,499,247,252
050,54,069,"West Virginia","Ohio County",5,36,470,226,244
050,54,069,"West Virginia","Ohio County",5,37,484,238,246
050,54,069,"West Virginia","Ohio County",5,38,471,239,232
050,54,069,"West Virginia","Ohio County",5,39,460,234,226
050,54,069,"West Virginia","Ohio County",5,40,511,265,246
050,54,069,"West Virginia","Ohio County",5,41,493,253,240
050,54,069,"West Virginia","Ohio County",5,42,477,235,242
050,54,069,"West Virginia","Ohio County",5,43,489,233,256
050,54,069,"West Virginia","Ohio County",5,44,498,255,243
050,54,069,"West Virginia","Ohio County",5,45,479,256,223
050,54,069,"West Virginia","Ohio County",5,46,475,242,233
050,54,069,"West Virginia","Ohio County",5,47,429,225,204
050,54,069,"West Virginia","Ohio County",5,48,466,239,227
050,54,069,"West Virginia","Ohio County",5,49,478,242,236
050,54,069,"West Virginia","Ohio County",5,50,455,228,227
050,54,069,"West Virginia","Ohio County",5,51,471,233,238
050,54,069,"West Virginia","Ohio County",5,52,527,270,257
050,54,069,"West Virginia","Ohio County",5,53,501,247,254
050,54,069,"West Virginia","Ohio County",5,54,483,239,244
050,54,069,"West Virginia","Ohio County",5,55,457,217,240
050,54,069,"West Virginia","Ohio County",5,56,449,217,232
050,54,069,"West Virginia","Ohio County",5,57,471,243,228
050,54,069,"West Virginia","Ohio County",5,58,519,266,253
050,54,069,"West Virginia","Ohio County",5,59,533,248,285
050,54,069,"West Virginia","Ohio County",5,60,535,231,304
050,54,069,"West Virginia","Ohio County",5,61,560,265,295
050,54,069,"West Virginia","Ohio County",5,62,575,280,295
050,54,069,"West Virginia","Ohio County",5,63,597,287,310
050,54,069,"West Virginia","Ohio County",5,64,619,289,330
050,54,069,"West Virginia","Ohio County",5,65,619,304,315
050,54,069,"West Virginia","Ohio County",5,66,596,285,311
050,54,069,"West Virginia","Ohio County",5,67,567,274,293
050,54,069,"West Virginia","Ohio County",5,68,599,279,320
050,54,069,"West Virginia","Ohio County",5,69,560,266,294
050,54,069,"West Virginia","Ohio County",5,70,556,260,296
050,54,069,"West Virginia","Ohio County",5,71,580,271,309
050,54,069,"West Virginia","Ohio County",5,72,526,240,286
050,54,069,"West Virginia","Ohio County",5,73,497,226,271
050,54,069,"West Virginia","Ohio County",5,74,479,219,260
050,54,069,"West Virginia","Ohio County",5,75,472,219,253
050,54,069,"West Virginia","Ohio County",5,76,480,233,247
050,54,069,"West Virginia","Ohio County",5,77,289,135,154
050,54,069,"West Virginia","Ohio County",5,78,276,123,153
050,54,069,"West Virginia","Ohio County",5,79,243,106,137
050,54,069,"West Virginia","Ohio County",5,80,254,109,145
050,54,069,"West Virginia","Ohio County",5,81,229,92,137
050,54,069,"West Virginia","Ohio County",5,82,201,76,125
050,54,069,"West Virginia","Ohio County",5,83,191,79,112
050,54,069,"West Virginia","Ohio County",5,84,182,73,109
050,54,069,"West Virginia","Ohio County",5,85,1159,396,763
050,54,071,"West Virginia","Pendleton County",1,0,53,27,26
050,54,071,"West Virginia","Pendleton County",1,1,52,31,21
050,54,071,"West Virginia","Pendleton County",1,2,52,29,23
050,54,071,"West Virginia","Pendleton County",1,3,65,37,28
050,54,071,"West Virginia","Pendleton County",1,4,69,39,30
050,54,071,"West Virginia","Pendleton County",1,5,50,26,24
050,54,071,"West Virginia","Pendleton County",1,6,68,34,34
050,54,071,"West Virginia","Pendleton County",1,7,66,32,34
050,54,071,"West Virginia","Pendleton County",1,8,68,29,39
050,54,071,"West Virginia","Pendleton County",1,9,61,31,30
050,54,071,"West Virginia","Pendleton County",1,10,64,32,32
050,54,071,"West Virginia","Pendleton County",1,11,63,30,33
050,54,071,"West Virginia","Pendleton County",1,12,57,27,30
050,54,071,"West Virginia","Pendleton County",1,13,66,32,34
050,54,071,"West Virginia","Pendleton County",1,14,62,30,32
050,54,071,"West Virginia","Pendleton County",1,15,64,37,27
050,54,071,"West Virginia","Pendleton County",1,16,71,36,35
050,54,071,"West Virginia","Pendleton County",1,17,75,39,36
050,54,071,"West Virginia","Pendleton County",1,18,54,27,27
050,54,071,"West Virginia","Pendleton County",1,19,40,21,19
050,54,071,"West Virginia","Pendleton County",1,20,42,21,21
050,54,071,"West Virginia","Pendleton County",1,21,52,22,30
050,54,071,"West Virginia","Pendleton County",1,22,53,29,24
050,54,071,"West Virginia","Pendleton County",1,23,50,27,23
050,54,071,"West Virginia","Pendleton County",1,24,46,23,23
050,54,071,"West Virginia","Pendleton County",1,25,56,33,23
050,54,071,"West Virginia","Pendleton County",1,26,56,34,22
050,54,071,"West Virginia","Pendleton County",1,27,71,36,35
050,54,071,"West Virginia","Pendleton County",1,28,76,45,31
050,54,071,"West Virginia","Pendleton County",1,29,62,35,27
050,54,071,"West Virginia","Pendleton County",1,30,52,26,26
050,54,071,"West Virginia","Pendleton County",1,31,53,24,29
050,54,071,"West Virginia","Pendleton County",1,32,51,28,23
050,54,071,"West Virginia","Pendleton County",1,33,58,29,29
050,54,071,"West Virginia","Pendleton County",1,34,53,28,25
050,54,071,"West Virginia","Pendleton County",1,35,58,27,31
050,54,071,"West Virginia","Pendleton County",1,36,60,29,31
050,54,071,"West Virginia","Pendleton County",1,37,60,30,30
050,54,071,"West Virginia","Pendleton County",1,38,65,32,33
050,54,071,"West Virginia","Pendleton County",1,39,63,38,25
050,54,071,"West Virginia","Pendleton County",1,40,60,35,25
050,54,071,"West Virginia","Pendleton County",1,41,64,34,30
050,54,071,"West Virginia","Pendleton County",1,42,68,37,31
050,54,071,"West Virginia","Pendleton County",1,43,63,35,28
050,54,071,"West Virginia","Pendleton County",1,44,59,32,27
050,54,071,"West Virginia","Pendleton County",1,45,54,30,24
050,54,071,"West Virginia","Pendleton County",1,46,61,30,31
050,54,071,"West Virginia","Pendleton County",1,47,64,35,29
050,54,071,"West Virginia","Pendleton County",1,48,62,35,27
050,54,071,"West Virginia","Pendleton County",1,49,73,46,27
050,54,071,"West Virginia","Pendleton County",1,50,76,37,39
050,54,071,"West Virginia","Pendleton County",1,51,66,30,36
050,54,071,"West Virginia","Pendleton County",1,52,77,37,40
050,54,071,"West Virginia","Pendleton County",1,53,86,43,43
050,54,071,"West Virginia","Pendleton County",1,54,92,47,45
050,54,071,"West Virginia","Pendleton County",1,55,96,49,47
050,54,071,"West Virginia","Pendleton County",1,56,90,46,44
050,54,071,"West Virginia","Pendleton County",1,57,94,51,43
050,54,071,"West Virginia","Pendleton County",1,58,106,54,52
050,54,071,"West Virginia","Pendleton County",1,59,108,53,55
050,54,071,"West Virginia","Pendleton County",1,60,102,53,49
050,54,071,"West Virginia","Pendleton County",1,61,99,49,50
050,54,071,"West Virginia","Pendleton County",1,62,119,61,58
050,54,071,"West Virginia","Pendleton County",1,63,107,55,52
050,54,071,"West Virginia","Pendleton County",1,64,96,49,47
050,54,071,"West Virginia","Pendleton County",1,65,110,52,58
050,54,071,"West Virginia","Pendleton County",1,66,109,55,54
050,54,071,"West Virginia","Pendleton County",1,67,102,49,53
050,54,071,"West Virginia","Pendleton County",1,68,99,48,51
050,54,071,"West Virginia","Pendleton County",1,69,91,46,45
050,54,071,"West Virginia","Pendleton County",1,70,100,42,58
050,54,071,"West Virginia","Pendleton County",1,71,95,45,50
050,54,071,"West Virginia","Pendleton County",1,72,90,45,45
050,54,071,"West Virginia","Pendleton County",1,73,95,54,41
050,54,071,"West Virginia","Pendleton County",1,74,63,36,27
050,54,071,"West Virginia","Pendleton County",1,75,73,40,33
050,54,071,"West Virginia","Pendleton County",1,76,65,34,31
050,54,071,"West Virginia","Pendleton County",1,77,60,28,32
050,54,071,"West Virginia","Pendleton County",1,78,65,23,42
050,54,071,"West Virginia","Pendleton County",1,79,61,24,37
050,54,071,"West Virginia","Pendleton County",1,80,53,22,31
050,54,071,"West Virginia","Pendleton County",1,81,51,26,25
050,54,071,"West Virginia","Pendleton County",1,82,48,27,21
050,54,071,"West Virginia","Pendleton County",1,83,44,24,20
050,54,071,"West Virginia","Pendleton County",1,84,35,15,20
050,54,071,"West Virginia","Pendleton County",1,85,236,106,130
050,54,071,"West Virginia","Pendleton County",2,0,58,31,27
050,54,071,"West Virginia","Pendleton County",2,1,53,31,22
050,54,071,"West Virginia","Pendleton County",2,2,53,30,23
050,54,071,"West Virginia","Pendleton County",2,3,62,35,27
050,54,071,"West Virginia","Pendleton County",2,4,68,38,30
050,54,071,"West Virginia","Pendleton County",2,5,56,30,26
050,54,071,"West Virginia","Pendleton County",2,6,64,32,32
050,54,071,"West Virginia","Pendleton County",2,7,67,32,35
050,54,071,"West Virginia","Pendleton County",2,8,66,29,37
050,54,071,"West Virginia","Pendleton County",2,9,63,31,32
050,54,071,"West Virginia","Pendleton County",2,10,63,32,31
050,54,071,"West Virginia","Pendleton County",2,11,63,30,33
050,54,071,"West Virginia","Pendleton County",2,12,58,28,30
050,54,071,"West Virginia","Pendleton County",2,13,63,31,32
050,54,071,"West Virginia","Pendleton County",2,14,62,30,32
050,54,071,"West Virginia","Pendleton County",2,15,63,35,28
050,54,071,"West Virginia","Pendleton County",2,16,69,36,33
050,54,071,"West Virginia","Pendleton County",2,17,73,38,35
050,54,071,"West Virginia","Pendleton County",2,18,56,29,27
050,54,071,"West Virginia","Pendleton County",2,19,40,21,19
050,54,071,"West Virginia","Pendleton County",2,20,43,22,21
050,54,071,"West Virginia","Pendleton County",2,21,50,22,28
050,54,071,"West Virginia","Pendleton County",2,22,52,27,25
050,54,071,"West Virginia","Pendleton County",2,23,51,28,23
050,54,071,"West Virginia","Pendleton County",2,24,47,24,23
050,54,071,"West Virginia","Pendleton County",2,25,52,30,22
050,54,071,"West Virginia","Pendleton County",2,26,57,34,23
050,54,071,"West Virginia","Pendleton County",2,27,66,35,31
050,54,071,"West Virginia","Pendleton County",2,28,76,43,33
050,54,071,"West Virginia","Pendleton County",2,29,66,38,28
050,54,071,"West Virginia","Pendleton County",2,30,56,29,27
050,54,071,"West Virginia","Pendleton County",2,31,52,24,28
050,54,071,"West Virginia","Pendleton County",2,32,52,27,25
050,54,071,"West Virginia","Pendleton County",2,33,57,29,28
050,54,071,"West Virginia","Pendleton County",2,34,54,28,26
050,54,071,"West Virginia","Pendleton County",2,35,57,27,30
050,54,071,"West Virginia","Pendleton County",2,36,58,28,30
050,54,071,"West Virginia","Pendleton County",2,37,59,29,30
050,54,071,"West Virginia","Pendleton County",2,38,65,33,32
050,54,071,"West Virginia","Pendleton County",2,39,63,36,27
050,54,071,"West Virginia","Pendleton County",2,40,61,36,25
050,54,071,"West Virginia","Pendleton County",2,41,62,34,28
050,54,071,"West Virginia","Pendleton County",2,42,67,37,30
050,54,071,"West Virginia","Pendleton County",2,43,65,36,29
050,54,071,"West Virginia","Pendleton County",2,44,58,31,27
050,54,071,"West Virginia","Pendleton County",2,45,56,31,25
050,54,071,"West Virginia","Pendleton County",2,46,60,30,30
050,54,071,"West Virginia","Pendleton County",2,47,63,34,29
050,54,071,"West Virginia","Pendleton County",2,48,62,35,27
050,54,071,"West Virginia","Pendleton County",2,49,71,44,27
050,54,071,"West Virginia","Pendleton County",2,50,75,39,36
050,54,071,"West Virginia","Pendleton County",2,51,68,32,36
050,54,071,"West Virginia","Pendleton County",2,52,76,36,40
050,54,071,"West Virginia","Pendleton County",2,53,84,42,42
050,54,071,"West Virginia","Pendleton County",2,54,91,46,45
050,54,071,"West Virginia","Pendleton County",2,55,94,48,46
050,54,071,"West Virginia","Pendleton County",2,56,90,46,44
050,54,071,"West Virginia","Pendleton County",2,57,94,50,44
050,54,071,"West Virginia","Pendleton County",2,58,104,53,51
050,54,071,"West Virginia","Pendleton County",2,59,108,54,54
050,54,071,"West Virginia","Pendleton County",2,60,103,53,50
050,54,071,"West Virginia","Pendleton County",2,61,99,50,49
050,54,071,"West Virginia","Pendleton County",2,62,115,59,56
050,54,071,"West Virginia","Pendleton County",2,63,111,56,55
050,54,071,"West Virginia","Pendleton County",2,64,97,50,47
050,54,071,"West Virginia","Pendleton County",2,65,105,50,55
050,54,071,"West Virginia","Pendleton County",2,66,110,54,56
050,54,071,"West Virginia","Pendleton County",2,67,104,51,53
050,54,071,"West Virginia","Pendleton County",2,68,99,47,52
050,54,071,"West Virginia","Pendleton County",2,69,93,46,47
050,54,071,"West Virginia","Pendleton County",2,70,99,43,56
050,54,071,"West Virginia","Pendleton County",2,71,95,43,52
050,54,071,"West Virginia","Pendleton County",2,72,90,44,46
050,54,071,"West Virginia","Pendleton County",2,73,99,55,44
050,54,071,"West Virginia","Pendleton County",2,74,65,37,28
050,54,071,"West Virginia","Pendleton County",2,75,72,40,32
050,54,071,"West Virginia","Pendleton County",2,76,66,35,31
050,54,071,"West Virginia","Pendleton County",2,77,62,30,32
050,54,071,"West Virginia","Pendleton County",2,78,63,24,39
050,54,071,"West Virginia","Pendleton County",2,79,61,24,37
050,54,071,"West Virginia","Pendleton County",2,80,53,22,31
050,54,071,"West Virginia","Pendleton County",2,81,52,25,27
050,54,071,"West Virginia","Pendleton County",2,82,47,25,22
050,54,071,"West Virginia","Pendleton County",2,83,45,25,20
050,54,071,"West Virginia","Pendleton County",2,84,36,16,20
050,54,071,"West Virginia","Pendleton County",2,85,229,106,123
050,54,071,"West Virginia","Pendleton County",3,0,50,24,26
050,54,071,"West Virginia","Pendleton County",3,1,64,33,31
050,54,071,"West Virginia","Pendleton County",3,2,53,30,23
050,54,071,"West Virginia","Pendleton County",3,3,49,28,21
050,54,071,"West Virginia","Pendleton County",3,4,68,40,28
050,54,071,"West Virginia","Pendleton County",3,5,70,39,31
050,54,071,"West Virginia","Pendleton County",3,6,51,28,23
050,54,071,"West Virginia","Pendleton County",3,7,62,34,28
050,54,071,"West Virginia","Pendleton County",3,8,69,33,36
050,54,071,"West Virginia","Pendleton County",3,9,67,30,37
050,54,071,"West Virginia","Pendleton County",3,10,64,29,35
050,54,071,"West Virginia","Pendleton County",3,11,67,34,33
050,54,071,"West Virginia","Pendleton County",3,12,65,30,35
050,54,071,"West Virginia","Pendleton County",3,13,62,31,31
050,54,071,"West Virginia","Pendleton County",3,14,67,32,35
050,54,071,"West Virginia","Pendleton County",3,15,63,33,30
050,54,071,"West Virginia","Pendleton County",3,16,61,35,26
050,54,071,"West Virginia","Pendleton County",3,17,70,36,34
050,54,071,"West Virginia","Pendleton County",3,18,59,33,26
050,54,071,"West Virginia","Pendleton County",3,19,47,24,23
050,54,071,"West Virginia","Pendleton County",3,20,41,21,20
050,54,071,"West Virginia","Pendleton County",3,21,47,25,22
050,54,071,"West Virginia","Pendleton County",3,22,46,23,23
050,54,071,"West Virginia","Pendleton County",3,23,56,29,27
050,54,071,"West Virginia","Pendleton County",3,24,46,24,22
050,54,071,"West Virginia","Pendleton County",3,25,48,23,25
050,54,071,"West Virginia","Pendleton County",3,26,46,27,19
050,54,071,"West Virginia","Pendleton County",3,27,55,32,23
050,54,071,"West Virginia","Pendleton County",3,28,61,29,32
050,54,071,"West Virginia","Pendleton County",3,29,75,40,35
050,54,071,"West Virginia","Pendleton County",3,30,68,39,29
050,54,071,"West Virginia","Pendleton County",3,31,58,29,29
050,54,071,"West Virginia","Pendleton County",3,32,52,25,27
050,54,071,"West Virginia","Pendleton County",3,33,54,27,27
050,54,071,"West Virginia","Pendleton County",3,34,56,30,26
050,54,071,"West Virginia","Pendleton County",3,35,56,30,26
050,54,071,"West Virginia","Pendleton County",3,36,58,28,30
050,54,071,"West Virginia","Pendleton County",3,37,63,33,30
050,54,071,"West Virginia","Pendleton County",3,38,60,30,30
050,54,071,"West Virginia","Pendleton County",3,39,66,33,33
050,54,071,"West Virginia","Pendleton County",3,40,65,37,28
050,54,071,"West Virginia","Pendleton County",3,41,66,38,28
050,54,071,"West Virginia","Pendleton County",3,42,65,34,31
050,54,071,"West Virginia","Pendleton County",3,43,67,37,30
050,54,071,"West Virginia","Pendleton County",3,44,69,38,31
050,54,071,"West Virginia","Pendleton County",3,45,58,32,26
050,54,071,"West Virginia","Pendleton County",3,46,58,31,27
050,54,071,"West Virginia","Pendleton County",3,47,58,29,29
050,54,071,"West Virginia","Pendleton County",3,48,62,32,30
050,54,071,"West Virginia","Pendleton County",3,49,57,33,24
050,54,071,"West Virginia","Pendleton County",3,50,72,45,27
050,54,071,"West Virginia","Pendleton County",3,51,76,38,38
050,54,071,"West Virginia","Pendleton County",3,52,68,35,33
050,54,071,"West Virginia","Pendleton County",3,53,76,35,41
050,54,071,"West Virginia","Pendleton County",3,54,78,39,39
050,54,071,"West Virginia","Pendleton County",3,55,91,47,44
050,54,071,"West Virginia","Pendleton County",3,56,90,46,44
050,54,071,"West Virginia","Pendleton County",3,57,86,43,43
050,54,071,"West Virginia","Pendleton County",3,58,94,50,44
050,54,071,"West Virginia","Pendleton County",3,59,111,56,55
050,54,071,"West Virginia","Pendleton County",3,60,110,54,56
050,54,071,"West Virginia","Pendleton County",3,61,103,54,49
050,54,071,"West Virginia","Pendleton County",3,62,100,50,50
050,54,071,"West Virginia","Pendleton County",3,63,118,60,58
050,54,071,"West Virginia","Pendleton County",3,64,109,57,52
050,54,071,"West Virginia","Pendleton County",3,65,98,50,48
050,54,071,"West Virginia","Pendleton County",3,66,102,49,53
050,54,071,"West Virginia","Pendleton County",3,67,105,52,53
050,54,071,"West Virginia","Pendleton County",3,68,106,53,53
050,54,071,"West Virginia","Pendleton County",3,69,94,44,50
050,54,071,"West Virginia","Pendleton County",3,70,97,45,52
050,54,071,"West Virginia","Pendleton County",3,71,98,42,56
050,54,071,"West Virginia","Pendleton County",3,72,91,44,47
050,54,071,"West Virginia","Pendleton County",3,73,87,42,45
050,54,071,"West Virginia","Pendleton County",3,74,94,52,42
050,54,071,"West Virginia","Pendleton County",3,75,67,38,29
050,54,071,"West Virginia","Pendleton County",3,76,65,38,27
050,54,071,"West Virginia","Pendleton County",3,77,66,33,33
050,54,071,"West Virginia","Pendleton County",3,78,63,28,35
050,54,071,"West Virginia","Pendleton County",3,79,59,24,35
050,54,071,"West Virginia","Pendleton County",3,80,56,23,33
050,54,071,"West Virginia","Pendleton County",3,81,52,22,30
050,54,071,"West Virginia","Pendleton County",3,82,45,23,22
050,54,071,"West Virginia","Pendleton County",3,83,42,22,20
050,54,071,"West Virginia","Pendleton County",3,84,39,22,17
050,54,071,"West Virginia","Pendleton County",3,85,220,101,119
050,54,071,"West Virginia","Pendleton County",4,0,62,34,28
050,54,071,"West Virginia","Pendleton County",4,1,53,24,29
050,54,071,"West Virginia","Pendleton County",4,2,59,31,28
050,54,071,"West Virginia","Pendleton County",4,3,57,34,23
050,54,071,"West Virginia","Pendleton County",4,4,44,25,19
050,54,071,"West Virginia","Pendleton County",4,5,66,41,25
050,54,071,"West Virginia","Pendleton County",4,6,73,41,32
050,54,071,"West Virginia","Pendleton County",4,7,52,31,21
050,54,071,"West Virginia","Pendleton County",4,8,61,31,30
050,54,071,"West Virginia","Pendleton County",4,9,65,32,33
050,54,071,"West Virginia","Pendleton County",4,10,69,30,39
050,54,071,"West Virginia","Pendleton County",4,11,64,30,34
050,54,071,"West Virginia","Pendleton County",4,12,66,34,32
050,54,071,"West Virginia","Pendleton County",4,13,71,32,39
050,54,071,"West Virginia","Pendleton County",4,14,63,31,32
050,54,071,"West Virginia","Pendleton County",4,15,73,36,37
050,54,071,"West Virginia","Pendleton County",4,16,65,33,32
050,54,071,"West Virginia","Pendleton County",4,17,66,39,27
050,54,071,"West Virginia","Pendleton County",4,18,60,33,27
050,54,071,"West Virginia","Pendleton County",4,19,46,25,21
050,54,071,"West Virginia","Pendleton County",4,20,46,23,23
050,54,071,"West Virginia","Pendleton County",4,21,43,23,20
050,54,071,"West Virginia","Pendleton County",4,22,44,25,19
050,54,071,"West Virginia","Pendleton County",4,23,46,25,21
050,54,071,"West Virginia","Pendleton County",4,24,53,26,27
050,54,071,"West Virginia","Pendleton County",4,25,55,27,28
050,54,071,"West Virginia","Pendleton County",4,26,49,22,27
050,54,071,"West Virginia","Pendleton County",4,27,47,29,18
050,54,071,"West Virginia","Pendleton County",4,28,49,26,23
050,54,071,"West Virginia","Pendleton County",4,29,62,33,29
050,54,071,"West Virginia","Pendleton County",4,30,71,37,34
050,54,071,"West Virginia","Pendleton County",4,31,70,39,31
050,54,071,"West Virginia","Pendleton County",4,32,64,34,30
050,54,071,"West Virginia","Pendleton County",4,33,53,27,26
050,54,071,"West Virginia","Pendleton County",4,34,54,27,27
050,54,071,"West Virginia","Pendleton County",4,35,60,31,29
050,54,071,"West Virginia","Pendleton County",4,36,59,30,29
050,54,071,"West Virginia","Pendleton County",4,37,63,30,33
050,54,071,"West Virginia","Pendleton County",4,38,61,30,31
050,54,071,"West Virginia","Pendleton County",4,39,60,32,28
050,54,071,"West Virginia","Pendleton County",4,40,66,32,34
050,54,071,"West Virginia","Pendleton County",4,41,68,39,29
050,54,071,"West Virginia","Pendleton County",4,42,69,37,32
050,54,071,"West Virginia","Pendleton County",4,43,69,38,31
050,54,071,"West Virginia","Pendleton County",4,44,67,36,31
050,54,071,"West Virginia","Pendleton County",4,45,73,44,29
050,54,071,"West Virginia","Pendleton County",4,46,57,31,26
050,54,071,"West Virginia","Pendleton County",4,47,59,34,25
050,54,071,"West Virginia","Pendleton County",4,48,59,29,30
050,54,071,"West Virginia","Pendleton County",4,49,60,31,29
050,54,071,"West Virginia","Pendleton County",4,50,57,33,24
050,54,071,"West Virginia","Pendleton County",4,51,70,45,25
050,54,071,"West Virginia","Pendleton County",4,52,74,38,36
050,54,071,"West Virginia","Pendleton County",4,53,67,33,34
050,54,071,"West Virginia","Pendleton County",4,54,75,35,40
050,54,071,"West Virginia","Pendleton County",4,55,71,36,35
050,54,071,"West Virginia","Pendleton County",4,56,87,45,42
050,54,071,"West Virginia","Pendleton County",4,57,87,41,46
050,54,071,"West Virginia","Pendleton County",4,58,83,42,41
050,54,071,"West Virginia","Pendleton County",4,59,89,49,40
050,54,071,"West Virginia","Pendleton County",4,60,115,58,57
050,54,071,"West Virginia","Pendleton County",4,61,108,52,56
050,54,071,"West Virginia","Pendleton County",4,62,111,57,54
050,54,071,"West Virginia","Pendleton County",4,63,99,49,50
050,54,071,"West Virginia","Pendleton County",4,64,111,58,53
050,54,071,"West Virginia","Pendleton County",4,65,107,56,51
050,54,071,"West Virginia","Pendleton County",4,66,97,51,46
050,54,071,"West Virginia","Pendleton County",4,67,102,49,53
050,54,071,"West Virginia","Pendleton County",4,68,103,50,53
050,54,071,"West Virginia","Pendleton County",4,69,103,52,51
050,54,071,"West Virginia","Pendleton County",4,70,94,42,52
050,54,071,"West Virginia","Pendleton County",4,71,96,45,51
050,54,071,"West Virginia","Pendleton County",4,72,96,41,55
050,54,071,"West Virginia","Pendleton County",4,73,88,41,47
050,54,071,"West Virginia","Pendleton County",4,74,87,42,45
050,54,071,"West Virginia","Pendleton County",4,75,95,50,45
050,54,071,"West Virginia","Pendleton County",4,76,62,37,25
050,54,071,"West Virginia","Pendleton County",4,77,64,35,29
050,54,071,"West Virginia","Pendleton County",4,78,69,33,36
050,54,071,"West Virginia","Pendleton County",4,79,62,30,32
050,54,071,"West Virginia","Pendleton County",4,80,51,21,30
050,54,071,"West Virginia","Pendleton County",4,81,53,19,34
050,54,071,"West Virginia","Pendleton County",4,82,47,20,27
050,54,071,"West Virginia","Pendleton County",4,83,40,22,18
050,54,071,"West Virginia","Pendleton County",4,84,37,19,18
050,54,071,"West Virginia","Pendleton County",4,85,219,101,118
050,54,071,"West Virginia","Pendleton County",5,0,63,35,28
050,54,071,"West Virginia","Pendleton County",5,1,55,30,25
050,54,071,"West Virginia","Pendleton County",5,2,49,26,23
050,54,071,"West Virginia","Pendleton County",5,3,57,31,26
050,54,071,"West Virginia","Pendleton County",5,4,61,35,26
050,54,071,"West Virginia","Pendleton County",5,5,44,24,20
050,54,071,"West Virginia","Pendleton County",5,6,65,40,25
050,54,071,"West Virginia","Pendleton County",5,7,74,42,32
050,54,071,"West Virginia","Pendleton County",5,8,50,28,22
050,54,071,"West Virginia","Pendleton County",5,9,60,30,30
050,54,071,"West Virginia","Pendleton County",5,10,70,36,34
050,54,071,"West Virginia","Pendleton County",5,11,70,29,41
050,54,071,"West Virginia","Pendleton County",5,12,61,30,31
050,54,071,"West Virginia","Pendleton County",5,13,68,35,33
050,54,071,"West Virginia","Pendleton County",5,14,67,32,35
050,54,071,"West Virginia","Pendleton County",5,15,65,35,30
050,54,071,"West Virginia","Pendleton County",5,16,79,36,43
050,54,071,"West Virginia","Pendleton County",5,17,64,31,33
050,54,071,"West Virginia","Pendleton County",5,18,51,30,21
050,54,071,"West Virginia","Pendleton County",5,19,45,25,20
050,54,071,"West Virginia","Pendleton County",5,20,57,29,28
050,54,071,"West Virginia","Pendleton County",5,21,49,24,25
050,54,071,"West Virginia","Pendleton County",5,22,44,22,22
050,54,071,"West Virginia","Pendleton County",5,23,50,28,22
050,54,071,"West Virginia","Pendleton County",5,24,50,27,23
050,54,071,"West Virginia","Pendleton County",5,25,54,29,25
050,54,071,"West Virginia","Pendleton County",5,26,54,26,28
050,54,071,"West Virginia","Pendleton County",5,27,48,21,27
050,54,071,"West Virginia","Pendleton County",5,28,45,28,17
050,54,071,"West Virginia","Pendleton County",5,29,50,26,24
050,54,071,"West Virginia","Pendleton County",5,30,66,34,32
050,54,071,"West Virginia","Pendleton County",5,31,72,37,35
050,54,071,"West Virginia","Pendleton County",5,32,69,36,33
050,54,071,"West Virginia","Pendleton County",5,33,60,32,28
050,54,071,"West Virginia","Pendleton County",5,34,52,25,27
050,54,071,"West Virginia","Pendleton County",5,35,54,27,27
050,54,071,"West Virginia","Pendleton County",5,36,56,29,27
050,54,071,"West Virginia","Pendleton County",5,37,57,28,29
050,54,071,"West Virginia","Pendleton County",5,38,61,30,31
050,54,071,"West Virginia","Pendleton County",5,39,65,31,34
050,54,071,"West Virginia","Pendleton County",5,40,56,30,26
050,54,071,"West Virginia","Pendleton County",5,41,70,33,37
050,54,071,"West Virginia","Pendleton County",5,42,69,39,30
050,54,071,"West Virginia","Pendleton County",5,43,70,37,33
050,54,071,"West Virginia","Pendleton County",5,44,67,37,30
050,54,071,"West Virginia","Pendleton County",5,45,64,36,28
050,54,071,"West Virginia","Pendleton County",5,46,75,45,30
050,54,071,"West Virginia","Pendleton County",5,47,57,31,26
050,54,071,"West Virginia","Pendleton County",5,48,58,33,25
050,54,071,"West Virginia","Pendleton County",5,49,61,31,30
050,54,071,"West Virginia","Pendleton County",5,50,63,30,33
050,54,071,"West Virginia","Pendleton County",5,51,56,31,25
050,54,071,"West Virginia","Pendleton County",5,52,70,45,25
050,54,071,"West Virginia","Pendleton County",5,53,70,34,36
050,54,071,"West Virginia","Pendleton County",5,54,67,33,34
050,54,071,"West Virginia","Pendleton County",5,55,72,34,38
050,54,071,"West Virginia","Pendleton County",5,56,70,35,35
050,54,071,"West Virginia","Pendleton County",5,57,86,43,43
050,54,071,"West Virginia","Pendleton County",5,58,84,41,43
050,54,071,"West Virginia","Pendleton County",5,59,81,42,39
050,54,071,"West Virginia","Pendleton County",5,60,90,50,40
050,54,071,"West Virginia","Pendleton County",5,61,108,54,54
050,54,071,"West Virginia","Pendleton County",5,62,116,58,58
050,54,071,"West Virginia","Pendleton County",5,63,105,52,53
050,54,071,"West Virginia","Pendleton County",5,64,103,51,52
050,54,071,"West Virginia","Pendleton County",5,65,111,57,54
050,54,071,"West Virginia","Pendleton County",5,66,103,56,47
050,54,071,"West Virginia","Pendleton County",5,67,95,50,45
050,54,071,"West Virginia","Pendleton County",5,68,100,46,54
050,54,071,"West Virginia","Pendleton County",5,69,102,49,53
050,54,071,"West Virginia","Pendleton County",5,70,105,51,54
050,54,071,"West Virginia","Pendleton County",5,71,92,41,51
050,54,071,"West Virginia","Pendleton County",5,72,95,46,49
050,54,071,"West Virginia","Pendleton County",5,73,95,40,55
050,54,071,"West Virginia","Pendleton County",5,74,85,40,45
050,54,071,"West Virginia","Pendleton County",5,75,85,42,43
050,54,071,"West Virginia","Pendleton County",5,76,86,45,41
050,54,071,"West Virginia","Pendleton County",5,77,60,34,26
050,54,071,"West Virginia","Pendleton County",5,78,67,35,32
050,54,071,"West Virginia","Pendleton County",5,79,64,32,32
050,54,071,"West Virginia","Pendleton County",5,80,59,30,29
050,54,071,"West Virginia","Pendleton County",5,81,50,18,32
050,54,071,"West Virginia","Pendleton County",5,82,50,17,33
050,54,071,"West Virginia","Pendleton County",5,83,43,19,24
050,54,071,"West Virginia","Pendleton County",5,84,37,20,17
050,54,071,"West Virginia","Pendleton County",5,85,226,103,123
050,54,073,"West Virginia","Pleasants County",1,0,73,37,36
050,54,073,"West Virginia","Pleasants County",1,1,83,44,39
050,54,073,"West Virginia","Pleasants County",1,2,85,44,41
050,54,073,"West Virginia","Pleasants County",1,3,73,36,37
050,54,073,"West Virginia","Pleasants County",1,4,83,43,40
050,54,073,"West Virginia","Pleasants County",1,5,87,48,39
050,54,073,"West Virginia","Pleasants County",1,6,71,46,25
050,54,073,"West Virginia","Pleasants County",1,7,72,36,36
050,54,073,"West Virginia","Pleasants County",1,8,68,36,32
050,54,073,"West Virginia","Pleasants County",1,9,78,45,33
050,54,073,"West Virginia","Pleasants County",1,10,87,52,35
050,54,073,"West Virginia","Pleasants County",1,11,76,43,33
050,54,073,"West Virginia","Pleasants County",1,12,95,51,44
050,54,073,"West Virginia","Pleasants County",1,13,92,47,45
050,54,073,"West Virginia","Pleasants County",1,14,81,40,41
050,54,073,"West Virginia","Pleasants County",1,15,82,41,41
050,54,073,"West Virginia","Pleasants County",1,16,97,52,45
050,54,073,"West Virginia","Pleasants County",1,17,84,48,36
050,54,073,"West Virginia","Pleasants County",1,18,74,40,34
050,54,073,"West Virginia","Pleasants County",1,19,66,35,31
050,54,073,"West Virginia","Pleasants County",1,20,81,44,37
050,54,073,"West Virginia","Pleasants County",1,21,76,40,36
050,54,073,"West Virginia","Pleasants County",1,22,65,44,21
050,54,073,"West Virginia","Pleasants County",1,23,96,75,21
050,54,073,"West Virginia","Pleasants County",1,24,102,66,36
050,54,073,"West Virginia","Pleasants County",1,25,95,54,41
050,54,073,"West Virginia","Pleasants County",1,26,102,69,33
050,54,073,"West Virginia","Pleasants County",1,27,107,58,49
050,54,073,"West Virginia","Pleasants County",1,28,102,55,47
050,54,073,"West Virginia","Pleasants County",1,29,111,72,39
050,54,073,"West Virginia","Pleasants County",1,30,94,56,38
050,54,073,"West Virginia","Pleasants County",1,31,94,62,32
050,54,073,"West Virginia","Pleasants County",1,32,101,70,31
050,54,073,"West Virginia","Pleasants County",1,33,88,53,35
050,54,073,"West Virginia","Pleasants County",1,34,83,48,35
050,54,073,"West Virginia","Pleasants County",1,35,73,42,31
050,54,073,"West Virginia","Pleasants County",1,36,99,52,47
050,54,073,"West Virginia","Pleasants County",1,37,104,65,39
050,54,073,"West Virginia","Pleasants County",1,38,96,56,40
050,54,073,"West Virginia","Pleasants County",1,39,117,69,48
050,54,073,"West Virginia","Pleasants County",1,40,90,44,46
050,54,073,"West Virginia","Pleasants County",1,41,125,87,38
050,54,073,"West Virginia","Pleasants County",1,42,104,63,41
050,54,073,"West Virginia","Pleasants County",1,43,92,51,41
050,54,073,"West Virginia","Pleasants County",1,44,88,53,35
050,54,073,"West Virginia","Pleasants County",1,45,123,77,46
050,54,073,"West Virginia","Pleasants County",1,46,113,69,44
050,54,073,"West Virginia","Pleasants County",1,47,122,71,51
050,54,073,"West Virginia","Pleasants County",1,48,98,48,50
050,54,073,"West Virginia","Pleasants County",1,49,99,47,52
050,54,073,"West Virginia","Pleasants County",1,50,108,58,50
050,54,073,"West Virginia","Pleasants County",1,51,97,57,40
050,54,073,"West Virginia","Pleasants County",1,52,123,78,45
050,54,073,"West Virginia","Pleasants County",1,53,106,55,51
050,54,073,"West Virginia","Pleasants County",1,54,125,66,59
050,54,073,"West Virginia","Pleasants County",1,55,116,59,57
050,54,073,"West Virginia","Pleasants County",1,56,106,55,51
050,54,073,"West Virginia","Pleasants County",1,57,102,56,46
050,54,073,"West Virginia","Pleasants County",1,58,127,73,54
050,54,073,"West Virginia","Pleasants County",1,59,116,61,55
050,54,073,"West Virginia","Pleasants County",1,60,123,64,59
050,54,073,"West Virginia","Pleasants County",1,61,128,69,59
050,54,073,"West Virginia","Pleasants County",1,62,115,63,52
050,54,073,"West Virginia","Pleasants County",1,63,94,46,48
050,54,073,"West Virginia","Pleasants County",1,64,90,41,49
050,54,073,"West Virginia","Pleasants County",1,65,92,40,52
050,54,073,"West Virginia","Pleasants County",1,66,91,50,41
050,54,073,"West Virginia","Pleasants County",1,67,90,44,46
050,54,073,"West Virginia","Pleasants County",1,68,96,53,43
050,54,073,"West Virginia","Pleasants County",1,69,85,39,46
050,54,073,"West Virginia","Pleasants County",1,70,79,37,42
050,54,073,"West Virginia","Pleasants County",1,71,73,39,34
050,54,073,"West Virginia","Pleasants County",1,72,93,49,44
050,54,073,"West Virginia","Pleasants County",1,73,94,51,43
050,54,073,"West Virginia","Pleasants County",1,74,61,26,35
050,54,073,"West Virginia","Pleasants County",1,75,64,32,32
050,54,073,"West Virginia","Pleasants County",1,76,55,25,30
050,54,073,"West Virginia","Pleasants County",1,77,52,28,24
050,54,073,"West Virginia","Pleasants County",1,78,54,30,24
050,54,073,"West Virginia","Pleasants County",1,79,55,26,29
050,54,073,"West Virginia","Pleasants County",1,80,40,15,25
050,54,073,"West Virginia","Pleasants County",1,81,43,21,22
050,54,073,"West Virginia","Pleasants County",1,82,37,19,18
050,54,073,"West Virginia","Pleasants County",1,83,30,18,12
050,54,073,"West Virginia","Pleasants County",1,84,26,12,14
050,54,073,"West Virginia","Pleasants County",1,85,117,32,85
050,54,073,"West Virginia","Pleasants County",2,0,74,36,38
050,54,073,"West Virginia","Pleasants County",2,1,81,43,38
050,54,073,"West Virginia","Pleasants County",2,2,86,44,42
050,54,073,"West Virginia","Pleasants County",2,3,78,39,39
050,54,073,"West Virginia","Pleasants County",2,4,81,41,40
050,54,073,"West Virginia","Pleasants County",2,5,85,47,38
050,54,073,"West Virginia","Pleasants County",2,6,74,47,27
050,54,073,"West Virginia","Pleasants County",2,7,72,39,33
050,54,073,"West Virginia","Pleasants County",2,8,68,35,33
050,54,073,"West Virginia","Pleasants County",2,9,75,43,32
050,54,073,"West Virginia","Pleasants County",2,10,85,50,35
050,54,073,"West Virginia","Pleasants County",2,11,79,45,34
050,54,073,"West Virginia","Pleasants County",2,12,93,50,43
050,54,073,"West Virginia","Pleasants County",2,13,93,48,45
050,54,073,"West Virginia","Pleasants County",2,14,84,42,42
050,54,073,"West Virginia","Pleasants County",2,15,82,41,41
050,54,073,"West Virginia","Pleasants County",2,16,93,49,44
050,54,073,"West Virginia","Pleasants County",2,17,87,49,38
050,54,073,"West Virginia","Pleasants County",2,18,73,41,32
050,54,073,"West Virginia","Pleasants County",2,19,66,35,31
050,54,073,"West Virginia","Pleasants County",2,20,81,43,38
050,54,073,"West Virginia","Pleasants County",2,21,77,41,36
050,54,073,"West Virginia","Pleasants County",2,22,67,44,23
050,54,073,"West Virginia","Pleasants County",2,23,94,73,21
050,54,073,"West Virginia","Pleasants County",2,24,99,67,32
050,54,073,"West Virginia","Pleasants County",2,25,94,56,38
050,54,073,"West Virginia","Pleasants County",2,26,104,69,35
050,54,073,"West Virginia","Pleasants County",2,27,100,54,46
050,54,073,"West Virginia","Pleasants County",2,28,104,56,48
050,54,073,"West Virginia","Pleasants County",2,29,111,70,41
050,54,073,"West Virginia","Pleasants County",2,30,97,59,38
050,54,073,"West Virginia","Pleasants County",2,31,95,62,33
050,54,073,"West Virginia","Pleasants County",2,32,100,68,32
050,54,073,"West Virginia","Pleasants County",2,33,91,56,35
050,54,073,"West Virginia","Pleasants County",2,34,83,47,36
050,54,073,"West Virginia","Pleasants County",2,35,77,44,33
050,54,073,"West Virginia","Pleasants County",2,36,92,50,42
050,54,073,"West Virginia","Pleasants County",2,37,105,64,41
050,54,073,"West Virginia","Pleasants County",2,38,98,58,40
050,54,073,"West Virginia","Pleasants County",2,39,112,66,46
050,54,073,"West Virginia","Pleasants County",2,40,91,45,46
050,54,073,"West Virginia","Pleasants County",2,41,124,84,40
050,54,073,"West Virginia","Pleasants County",2,42,104,63,41
050,54,073,"West Virginia","Pleasants County",2,43,94,53,41
050,54,073,"West Virginia","Pleasants County",2,44,88,52,36
050,54,073,"West Virginia","Pleasants County",2,45,120,76,44
050,54,073,"West Virginia","Pleasants County",2,46,111,67,44
050,54,073,"West Virginia","Pleasants County",2,47,121,72,49
050,54,073,"West Virginia","Pleasants County",2,48,98,49,49
050,54,073,"West Virginia","Pleasants County",2,49,100,47,53
050,54,073,"West Virginia","Pleasants County",2,50,109,58,51
050,54,073,"West Virginia","Pleasants County",2,51,100,58,42
050,54,073,"West Virginia","Pleasants County",2,52,123,79,44
050,54,073,"West Virginia","Pleasants County",2,53,105,55,50
050,54,073,"West Virginia","Pleasants County",2,54,121,64,57
050,54,073,"West Virginia","Pleasants County",2,55,117,60,57
050,54,073,"West Virginia","Pleasants County",2,56,107,54,53
050,54,073,"West Virginia","Pleasants County",2,57,104,57,47
050,54,073,"West Virginia","Pleasants County",2,58,124,72,52
050,54,073,"West Virginia","Pleasants County",2,59,119,64,55
050,54,073,"West Virginia","Pleasants County",2,60,122,63,59
050,54,073,"West Virginia","Pleasants County",2,61,125,67,58
050,54,073,"West Virginia","Pleasants County",2,62,119,65,54
050,54,073,"West Virginia","Pleasants County",2,63,95,47,48
050,54,073,"West Virginia","Pleasants County",2,64,89,41,48
050,54,073,"West Virginia","Pleasants County",2,65,91,40,51
050,54,073,"West Virginia","Pleasants County",2,66,92,49,43
050,54,073,"West Virginia","Pleasants County",2,67,88,44,44
050,54,073,"West Virginia","Pleasants County",2,68,95,52,43
050,54,073,"West Virginia","Pleasants County",2,69,85,39,46
050,54,073,"West Virginia","Pleasants County",2,70,78,36,42
050,54,073,"West Virginia","Pleasants County",2,71,75,40,35
050,54,073,"West Virginia","Pleasants County",2,72,89,47,42
050,54,073,"West Virginia","Pleasants County",2,73,99,53,46
050,54,073,"West Virginia","Pleasants County",2,74,63,28,35
050,54,073,"West Virginia","Pleasants County",2,75,64,32,32
050,54,073,"West Virginia","Pleasants County",2,76,54,24,30
050,54,073,"West Virginia","Pleasants County",2,77,54,27,27
050,54,073,"West Virginia","Pleasants County",2,78,50,27,23
050,54,073,"West Virginia","Pleasants County",2,79,55,27,28
050,54,073,"West Virginia","Pleasants County",2,80,44,18,26
050,54,073,"West Virginia","Pleasants County",2,81,41,18,23
050,54,073,"West Virginia","Pleasants County",2,82,38,20,18
050,54,073,"West Virginia","Pleasants County",2,83,31,18,13
050,54,073,"West Virginia","Pleasants County",2,84,28,14,14
050,54,073,"West Virginia","Pleasants County",2,85,116,32,84
050,54,073,"West Virginia","Pleasants County",3,0,72,35,37
050,54,073,"West Virginia","Pleasants County",3,1,71,39,32
050,54,073,"West Virginia","Pleasants County",3,2,85,44,41
050,54,073,"West Virginia","Pleasants County",3,3,87,48,39
050,54,073,"West Virginia","Pleasants County",3,4,72,36,36
050,54,073,"West Virginia","Pleasants County",3,5,83,41,42
050,54,073,"West Virginia","Pleasants County",3,6,86,48,38
050,54,073,"West Virginia","Pleasants County",3,7,73,49,24
050,54,073,"West Virginia","Pleasants County",3,8,70,38,32
050,54,073,"West Virginia","Pleasants County",3,9,69,35,34
050,54,073,"West Virginia","Pleasants County",3,10,77,45,32
050,54,073,"West Virginia","Pleasants County",3,11,93,55,38
050,54,073,"West Virginia","Pleasants County",3,12,75,44,31
050,54,073,"West Virginia","Pleasants County",3,13,88,45,43
050,54,073,"West Virginia","Pleasants County",3,14,91,45,46
050,54,073,"West Virginia","Pleasants County",3,15,83,45,38
050,54,073,"West Virginia","Pleasants County",3,16,77,40,37
050,54,073,"West Virginia","Pleasants County",3,17,93,48,45
050,54,073,"West Virginia","Pleasants County",3,18,81,47,34
050,54,073,"West Virginia","Pleasants County",3,19,61,33,28
050,54,073,"West Virginia","Pleasants County",3,20,65,33,32
050,54,073,"West Virginia","Pleasants County",3,21,89,47,42
050,54,073,"West Virginia","Pleasants County",3,22,90,48,42
050,54,073,"West Virginia","Pleasants County",3,23,98,69,29
050,54,073,"West Virginia","Pleasants County",3,24,91,70,21
050,54,073,"West Virginia","Pleasants County",3,25,101,64,37
050,54,073,"West Virginia","Pleasants County",3,26,108,72,36
050,54,073,"West Virginia","Pleasants County",3,27,86,50,36
050,54,073,"West Virginia","Pleasants County",3,28,96,54,42
050,54,073,"West Virginia","Pleasants County",3,29,112,68,44
050,54,073,"West Virginia","Pleasants County",3,30,102,66,36
050,54,073,"West Virginia","Pleasants County",3,31,100,63,37
050,54,073,"West Virginia","Pleasants County",3,32,98,66,32
050,54,073,"West Virginia","Pleasants County",3,33,92,61,31
050,54,073,"West Virginia","Pleasants County",3,34,76,44,32
050,54,073,"West Virginia","Pleasants County",3,35,82,46,36
050,54,073,"West Virginia","Pleasants County",3,36,91,58,33
050,54,073,"West Virginia","Pleasants County",3,37,102,59,43
050,54,073,"West Virginia","Pleasants County",3,38,97,58,39
050,54,073,"West Virginia","Pleasants County",3,39,102,62,40
050,54,073,"West Virginia","Pleasants County",3,40,92,46,46
050,54,073,"West Virginia","Pleasants County",3,41,125,80,45
050,54,073,"West Virginia","Pleasants County",3,42,101,60,41
050,54,073,"West Virginia","Pleasants County",3,43,98,57,41
050,54,073,"West Virginia","Pleasants County",3,44,96,54,42
050,54,073,"West Virginia","Pleasants County",3,45,111,78,33
050,54,073,"West Virginia","Pleasants County",3,46,103,61,42
050,54,073,"West Virginia","Pleasants County",3,47,118,73,45
050,54,073,"West Virginia","Pleasants County",3,48,103,54,49
050,54,073,"West Virginia","Pleasants County",3,49,98,49,49
050,54,073,"West Virginia","Pleasants County",3,50,102,54,48
050,54,073,"West Virginia","Pleasants County",3,51,107,57,50
050,54,073,"West Virginia","Pleasants County",3,52,118,81,37
050,54,073,"West Virginia","Pleasants County",3,53,94,52,42
050,54,073,"West Virginia","Pleasants County",3,54,109,58,51
050,54,073,"West Virginia","Pleasants County",3,55,114,58,56
050,54,073,"West Virginia","Pleasants County",3,56,115,57,58
050,54,073,"West Virginia","Pleasants County",3,57,105,53,52
050,54,073,"West Virginia","Pleasants County",3,58,115,68,47
050,54,073,"West Virginia","Pleasants County",3,59,125,71,54
050,54,073,"West Virginia","Pleasants County",3,60,119,62,57
050,54,073,"West Virginia","Pleasants County",3,61,113,56,57
050,54,073,"West Virginia","Pleasants County",3,62,124,70,54
050,54,073,"West Virginia","Pleasants County",3,63,111,56,55
050,54,073,"West Virginia","Pleasants County",3,64,92,44,48
050,54,073,"West Virginia","Pleasants County",3,65,93,44,49
050,54,073,"West Virginia","Pleasants County",3,66,95,46,49
050,54,073,"West Virginia","Pleasants County",3,67,82,42,40
050,54,073,"West Virginia","Pleasants County",3,68,89,46,43
050,54,073,"West Virginia","Pleasants County",3,69,85,43,42
050,54,073,"West Virginia","Pleasants County",3,70,83,39,44
050,54,073,"West Virginia","Pleasants County",3,71,82,42,40
050,54,073,"West Virginia","Pleasants County",3,72,77,41,36
050,54,073,"West Virginia","Pleasants County",3,73,80,40,40
050,54,073,"West Virginia","Pleasants County",3,74,84,42,42
050,54,073,"West Virginia","Pleasants County",3,75,61,28,33
050,54,073,"West Virginia","Pleasants County",3,76,57,26,31
050,54,073,"West Virginia","Pleasants County",3,77,53,22,31
050,54,073,"West Virginia","Pleasants County",3,78,53,25,28
050,54,073,"West Virginia","Pleasants County",3,79,48,24,24
050,54,073,"West Virginia","Pleasants County",3,80,50,24,26
050,54,073,"West Virginia","Pleasants County",3,81,43,18,25
050,54,073,"West Virginia","Pleasants County",3,82,36,15,21
050,54,073,"West Virginia","Pleasants County",3,83,36,19,17
050,54,073,"West Virginia","Pleasants County",3,84,32,17,15
050,54,073,"West Virginia","Pleasants County",3,85,112,33,79
050,54,073,"West Virginia","Pleasants County",4,0,69,34,35
050,54,073,"West Virginia","Pleasants County",4,1,74,35,39
050,54,073,"West Virginia","Pleasants County",4,2,77,45,32
050,54,073,"West Virginia","Pleasants County",4,3,87,49,38
050,54,073,"West Virginia","Pleasants County",4,4,83,43,40
050,54,073,"West Virginia","Pleasants County",4,5,76,39,37
050,54,073,"West Virginia","Pleasants County",4,6,89,45,44
050,54,073,"West Virginia","Pleasants County",4,7,90,51,39
050,54,073,"West Virginia","Pleasants County",4,8,71,47,24
050,54,073,"West Virginia","Pleasants County",4,9,70,36,34
050,54,073,"West Virginia","Pleasants County",4,10,66,32,34
050,54,073,"West Virginia","Pleasants County",4,11,81,45,36
050,54,073,"West Virginia","Pleasants County",4,12,94,49,45
050,54,073,"West Virginia","Pleasants County",4,13,74,42,32
050,54,073,"West Virginia","Pleasants County",4,14,91,46,45
050,54,073,"West Virginia","Pleasants County",4,15,94,46,48
050,54,073,"West Virginia","Pleasants County",4,16,86,46,40
050,54,073,"West Virginia","Pleasants County",4,17,76,44,32
050,54,073,"West Virginia","Pleasants County",4,18,68,35,33
050,54,073,"West Virginia","Pleasants County",4,19,60,34,26
050,54,073,"West Virginia","Pleasants County",4,20,65,37,28
050,54,073,"West Virginia","Pleasants County",4,21,70,38,32
050,54,073,"West Virginia","Pleasants County",4,22,99,55,44
050,54,073,"West Virginia","Pleasants County",4,23,115,72,43
050,54,073,"West Virginia","Pleasants County",4,24,98,64,34
050,54,073,"West Virginia","Pleasants County",4,25,94,67,27
050,54,073,"West Virginia","Pleasants County",4,26,101,73,28
050,54,073,"West Virginia","Pleasants County",4,27,98,62,36
050,54,073,"West Virginia","Pleasants County",4,28,84,48,36
050,54,073,"West Virginia","Pleasants County",4,29,109,65,44
050,54,073,"West Virginia","Pleasants County",4,30,105,65,40
050,54,073,"West Virginia","Pleasants County",4,31,107,71,36
050,54,073,"West Virginia","Pleasants County",4,32,110,65,45
050,54,073,"West Virginia","Pleasants County",4,33,87,57,30
050,54,073,"West Virginia","Pleasants County",4,34,80,50,30
050,54,073,"West Virginia","Pleasants County",4,35,74,40,34
050,54,073,"West Virginia","Pleasants County",4,36,85,49,36
050,54,073,"West Virginia","Pleasants County",4,37,94,65,29
050,54,073,"West Virginia","Pleasants County",4,38,90,51,39
050,54,073,"West Virginia","Pleasants County",4,39,105,64,41
050,54,073,"West Virginia","Pleasants County",4,40,81,42,39
050,54,073,"West Virginia","Pleasants County",4,41,131,85,46
050,54,073,"West Virginia","Pleasants County",4,42,102,59,43
050,54,073,"West Virginia","Pleasants County",4,43,92,53,39
050,54,073,"West Virginia","Pleasants County",4,44,90,53,37
050,54,073,"West Virginia","Pleasants County",4,45,119,78,41
050,54,073,"West Virginia","Pleasants County",4,46,105,68,37
050,54,073,"West Virginia","Pleasants County",4,47,110,67,43
050,54,073,"West Virginia","Pleasants County",4,48,101,56,45
050,54,073,"West Virginia","Pleasants County",4,49,101,53,48
050,54,073,"West Virginia","Pleasants County",4,50,109,56,53
050,54,073,"West Virginia","Pleasants County",4,51,104,55,49
050,54,073,"West Virginia","Pleasants County",4,52,130,79,51
050,54,073,"West Virginia","Pleasants County",4,53,91,55,36
050,54,073,"West Virginia","Pleasants County",4,54,100,57,43
050,54,073,"West Virginia","Pleasants County",4,55,98,49,49
050,54,073,"West Virginia","Pleasants County",4,56,110,52,58
050,54,073,"West Virginia","Pleasants County",4,57,115,55,60
050,54,073,"West Virginia","Pleasants County",4,58,119,67,52
050,54,073,"West Virginia","Pleasants County",4,59,107,62,45
050,54,073,"West Virginia","Pleasants County",4,60,131,73,58
050,54,073,"West Virginia","Pleasants County",4,61,115,57,58
050,54,073,"West Virginia","Pleasants County",4,62,111,58,53
050,54,073,"West Virginia","Pleasants County",4,63,110,58,52
050,54,073,"West Virginia","Pleasants County",4,64,109,52,57
050,54,073,"West Virginia","Pleasants County",4,65,90,46,44
050,54,073,"West Virginia","Pleasants County",4,66,101,52,49
050,54,073,"West Virginia","Pleasants County",4,67,85,37,48
050,54,073,"West Virginia","Pleasants County",4,68,83,43,40
050,54,073,"West Virginia","Pleasants County",4,69,81,38,43
050,54,073,"West Virginia","Pleasants County",4,70,82,42,40
050,54,073,"West Virginia","Pleasants County",4,71,87,44,43
050,54,073,"West Virginia","Pleasants County",4,72,83,43,40
050,54,073,"West Virginia","Pleasants County",4,73,72,37,35
050,54,073,"West Virginia","Pleasants County",4,74,69,30,39
050,54,073,"West Virginia","Pleasants County",4,75,81,41,40
050,54,073,"West Virginia","Pleasants County",4,76,52,21,31
050,54,073,"West Virginia","Pleasants County",4,77,57,25,32
050,54,073,"West Virginia","Pleasants County",4,78,53,22,31
050,54,073,"West Virginia","Pleasants County",4,79,51,24,27
050,54,073,"West Virginia","Pleasants County",4,80,39,19,20
050,54,073,"West Virginia","Pleasants County",4,81,50,24,26
050,54,073,"West Virginia","Pleasants County",4,82,39,17,22
050,54,073,"West Virginia","Pleasants County",4,83,34,14,20
050,54,073,"West Virginia","Pleasants County",4,84,35,16,19
050,54,073,"West Virginia","Pleasants County",4,85,109,40,69
050,54,073,"West Virginia","Pleasants County",5,0,74,36,38
050,54,073,"West Virginia","Pleasants County",5,1,60,22,38
050,54,073,"West Virginia","Pleasants County",5,2,73,34,39
050,54,073,"West Virginia","Pleasants County",5,3,73,38,35
050,54,073,"West Virginia","Pleasants County",5,4,87,47,40
050,54,073,"West Virginia","Pleasants County",5,5,82,43,39
050,54,073,"West Virginia","Pleasants County",5,6,78,42,36
050,54,073,"West Virginia","Pleasants County",5,7,89,48,41
050,54,073,"West Virginia","Pleasants County",5,8,92,50,42
050,54,073,"West Virginia","Pleasants County",5,9,69,47,22
050,54,073,"West Virginia","Pleasants County",5,10,68,33,35
050,54,073,"West Virginia","Pleasants County",5,11,73,34,39
050,54,073,"West Virginia","Pleasants County",5,12,77,45,32
050,54,073,"West Virginia","Pleasants County",5,13,88,47,41
050,54,073,"West Virginia","Pleasants County",5,14,77,45,32
050,54,073,"West Virginia","Pleasants County",5,15,89,45,44
050,54,073,"West Virginia","Pleasants County",5,16,86,40,46
050,54,073,"West Virginia","Pleasants County",5,17,89,50,39
050,54,073,"West Virginia","Pleasants County",5,18,65,38,27
050,54,073,"West Virginia","Pleasants County",5,19,53,31,22
050,54,073,"West Virginia","Pleasants County",5,20,65,34,31
050,54,073,"West Virginia","Pleasants County",5,21,72,40,32
050,54,073,"West Virginia","Pleasants County",5,22,79,43,36
050,54,073,"West Virginia","Pleasants County",5,23,114,77,37
050,54,073,"West Virginia","Pleasants County",5,24,108,62,46
050,54,073,"West Virginia","Pleasants County",5,25,78,51,27
050,54,073,"West Virginia","Pleasants County",5,26,95,72,23
050,54,073,"West Virginia","Pleasants County",5,27,88,59,29
050,54,073,"West Virginia","Pleasants County",5,28,88,51,37
050,54,073,"West Virginia","Pleasants County",5,29,94,60,34
050,54,073,"West Virginia","Pleasants County",5,30,111,66,45
050,54,073,"West Virginia","Pleasants County",5,31,112,66,46
050,54,073,"West Virginia","Pleasants County",5,32,103,70,33
050,54,073,"West Virginia","Pleasants County",5,33,106,61,45
050,54,073,"West Virginia","Pleasants County",5,34,75,45,30
050,54,073,"West Virginia","Pleasants County",5,35,78,50,28
050,54,073,"West Virginia","Pleasants County",5,36,78,46,32
050,54,073,"West Virginia","Pleasants County",5,37,89,54,35
050,54,073,"West Virginia","Pleasants County",5,38,91,59,32
050,54,073,"West Virginia","Pleasants County",5,39,93,51,42
050,54,073,"West Virginia","Pleasants County",5,40,81,42,39
050,54,073,"West Virginia","Pleasants County",5,41,121,81,40
050,54,073,"West Virginia","Pleasants County",5,42,109,63,46
050,54,073,"West Virginia","Pleasants County",5,43,97,53,44
050,54,073,"West Virginia","Pleasants County",5,44,90,54,36
050,54,073,"West Virginia","Pleasants County",5,45,112,76,36
050,54,073,"West Virginia","Pleasants County",5,46,101,63,38
050,54,073,"West Virginia","Pleasants County",5,47,104,70,34
050,54,073,"West Virginia","Pleasants County",5,48,96,49,47
050,54,073,"West Virginia","Pleasants County",5,49,95,50,45
050,54,073,"West Virginia","Pleasants County",5,50,106,59,47
050,54,073,"West Virginia","Pleasants County",5,51,111,58,53
050,54,073,"West Virginia","Pleasants County",5,52,127,78,49
050,54,073,"West Virginia","Pleasants County",5,53,100,50,50
050,54,073,"West Virginia","Pleasants County",5,54,95,60,35
050,54,073,"West Virginia","Pleasants County",5,55,91,51,40
050,54,073,"West Virginia","Pleasants County",5,56,93,43,50
050,54,073,"West Virginia","Pleasants County",5,57,105,50,55
050,54,073,"West Virginia","Pleasants County",5,58,125,65,60
050,54,073,"West Virginia","Pleasants County",5,59,115,67,48
050,54,073,"West Virginia","Pleasants County",5,60,113,67,46
050,54,073,"West Virginia","Pleasants County",5,61,120,68,52
050,54,073,"West Virginia","Pleasants County",5,62,113,58,55
050,54,073,"West Virginia","Pleasants County",5,63,95,44,51
050,54,073,"West Virginia","Pleasants County",5,64,104,53,51
050,54,073,"West Virginia","Pleasants County",5,65,106,52,54
050,54,073,"West Virginia","Pleasants County",5,66,94,51,43
050,54,073,"West Virginia","Pleasants County",5,67,94,47,47
050,54,073,"West Virginia","Pleasants County",5,68,87,39,48
050,54,073,"West Virginia","Pleasants County",5,69,74,34,40
050,54,073,"West Virginia","Pleasants County",5,70,81,37,44
050,54,073,"West Virginia","Pleasants County",5,71,86,47,39
050,54,073,"West Virginia","Pleasants County",5,72,87,45,42
050,54,073,"West Virginia","Pleasants County",5,73,74,37,37
050,54,073,"West Virginia","Pleasants County",5,74,58,26,32
050,54,073,"West Virginia","Pleasants County",5,75,68,29,39
050,54,073,"West Virginia","Pleasants County",5,76,71,34,37
050,54,073,"West Virginia","Pleasants County",5,77,52,21,31
050,54,073,"West Virginia","Pleasants County",5,78,55,25,30
050,54,073,"West Virginia","Pleasants County",5,79,51,21,30
050,54,073,"West Virginia","Pleasants County",5,80,41,17,24
050,54,073,"West Virginia","Pleasants County",5,81,38,18,20
050,54,073,"West Virginia","Pleasants County",5,82,46,23,23
050,54,073,"West Virginia","Pleasants County",5,83,37,16,21
050,54,073,"West Virginia","Pleasants County",5,84,34,12,22
050,54,073,"West Virginia","Pleasants County",5,85,116,47,69
050,54,075,"West Virginia","Pocahontas County",1,0,68,34,34
050,54,075,"West Virginia","Pocahontas County",1,1,72,34,38
050,54,075,"West Virginia","Pocahontas County",1,2,70,36,34
050,54,075,"West Virginia","Pocahontas County",1,3,84,43,41
050,54,075,"West Virginia","Pocahontas County",1,4,81,38,43
050,54,075,"West Virginia","Pocahontas County",1,5,72,38,34
050,54,075,"West Virginia","Pocahontas County",1,6,73,42,31
050,54,075,"West Virginia","Pocahontas County",1,7,75,40,35
050,54,075,"West Virginia","Pocahontas County",1,8,74,37,37
050,54,075,"West Virginia","Pocahontas County",1,9,79,34,45
050,54,075,"West Virginia","Pocahontas County",1,10,83,40,43
050,54,075,"West Virginia","Pocahontas County",1,11,86,42,44
050,54,075,"West Virginia","Pocahontas County",1,12,78,40,38
050,54,075,"West Virginia","Pocahontas County",1,13,75,38,37
050,54,075,"West Virginia","Pocahontas County",1,14,72,34,38
050,54,075,"West Virginia","Pocahontas County",1,15,77,36,41
050,54,075,"West Virginia","Pocahontas County",1,16,84,40,44
050,54,075,"West Virginia","Pocahontas County",1,17,83,41,42
050,54,075,"West Virginia","Pocahontas County",1,18,60,37,23
050,54,075,"West Virginia","Pocahontas County",1,19,53,32,21
050,54,075,"West Virginia","Pocahontas County",1,20,57,31,26
050,54,075,"West Virginia","Pocahontas County",1,21,77,44,33
050,54,075,"West Virginia","Pocahontas County",1,22,69,35,34
050,54,075,"West Virginia","Pocahontas County",1,23,84,45,39
050,54,075,"West Virginia","Pocahontas County",1,24,69,36,33
050,54,075,"West Virginia","Pocahontas County",1,25,70,38,32
050,54,075,"West Virginia","Pocahontas County",1,26,70,33,37
050,54,075,"West Virginia","Pocahontas County",1,27,80,48,32
050,54,075,"West Virginia","Pocahontas County",1,28,74,39,35
050,54,075,"West Virginia","Pocahontas County",1,29,89,45,44
050,54,075,"West Virginia","Pocahontas County",1,30,98,44,54
050,54,075,"West Virginia","Pocahontas County",1,31,90,52,38
050,54,075,"West Virginia","Pocahontas County",1,32,83,46,37
050,54,075,"West Virginia","Pocahontas County",1,33,77,42,35
050,54,075,"West Virginia","Pocahontas County",1,34,84,47,37
050,54,075,"West Virginia","Pocahontas County",1,35,92,55,37
050,54,075,"West Virginia","Pocahontas County",1,36,86,50,36
050,54,075,"West Virginia","Pocahontas County",1,37,78,41,37
050,54,075,"West Virginia","Pocahontas County",1,38,79,47,32
050,54,075,"West Virginia","Pocahontas County",1,39,85,47,38
050,54,075,"West Virginia","Pocahontas County",1,40,92,47,45
050,54,075,"West Virginia","Pocahontas County",1,41,92,49,43
050,54,075,"West Virginia","Pocahontas County",1,42,105,55,50
050,54,075,"West Virginia","Pocahontas County",1,43,91,48,43
050,54,075,"West Virginia","Pocahontas County",1,44,83,43,40
050,54,075,"West Virginia","Pocahontas County",1,45,82,41,41
050,54,075,"West Virginia","Pocahontas County",1,46,77,43,34
050,54,075,"West Virginia","Pocahontas County",1,47,78,47,31
050,54,075,"West Virginia","Pocahontas County",1,48,90,50,40
050,54,075,"West Virginia","Pocahontas County",1,49,100,50,50
050,54,075,"West Virginia","Pocahontas County",1,50,100,56,44
050,54,075,"West Virginia","Pocahontas County",1,51,92,49,43
050,54,075,"West Virginia","Pocahontas County",1,52,92,46,46
050,54,075,"West Virginia","Pocahontas County",1,53,103,50,53
050,54,075,"West Virginia","Pocahontas County",1,54,108,56,52
050,54,075,"West Virginia","Pocahontas County",1,55,113,56,57
050,54,075,"West Virginia","Pocahontas County",1,56,124,67,57
050,54,075,"West Virginia","Pocahontas County",1,57,124,70,54
050,54,075,"West Virginia","Pocahontas County",1,58,134,69,65
050,54,075,"West Virginia","Pocahontas County",1,59,132,64,68
050,54,075,"West Virginia","Pocahontas County",1,60,144,68,76
050,54,075,"West Virginia","Pocahontas County",1,61,144,78,66
050,54,075,"West Virginia","Pocahontas County",1,62,139,77,62
050,54,075,"West Virginia","Pocahontas County",1,63,132,69,63
050,54,075,"West Virginia","Pocahontas County",1,64,138,73,65
050,54,075,"West Virginia","Pocahontas County",1,65,133,67,66
050,54,075,"West Virginia","Pocahontas County",1,66,130,67,63
050,54,075,"West Virginia","Pocahontas County",1,67,127,58,69
050,54,075,"West Virginia","Pocahontas County",1,68,123,59,64
050,54,075,"West Virginia","Pocahontas County",1,69,114,57,57
050,54,075,"West Virginia","Pocahontas County",1,70,127,62,65
050,54,075,"West Virginia","Pocahontas County",1,71,128,64,64
050,54,075,"West Virginia","Pocahontas County",1,72,120,58,62
050,54,075,"West Virginia","Pocahontas County",1,73,127,65,62
050,54,075,"West Virginia","Pocahontas County",1,74,93,49,44
050,54,075,"West Virginia","Pocahontas County",1,75,89,46,43
050,54,075,"West Virginia","Pocahontas County",1,76,74,40,34
050,54,075,"West Virginia","Pocahontas County",1,77,89,52,37
050,54,075,"West Virginia","Pocahontas County",1,78,69,33,36
050,54,075,"West Virginia","Pocahontas County",1,79,61,31,30
050,54,075,"West Virginia","Pocahontas County",1,80,64,32,32
050,54,075,"West Virginia","Pocahontas County",1,81,53,31,22
050,54,075,"West Virginia","Pocahontas County",1,82,56,31,25
050,54,075,"West Virginia","Pocahontas County",1,83,45,22,23
050,54,075,"West Virginia","Pocahontas County",1,84,47,26,21
050,54,075,"West Virginia","Pocahontas County",1,85,201,64,137
050,54,075,"West Virginia","Pocahontas County",2,0,72,38,34
050,54,075,"West Virginia","Pocahontas County",2,1,69,33,36
050,54,075,"West Virginia","Pocahontas County",2,2,69,35,34
050,54,075,"West Virginia","Pocahontas County",2,3,80,41,39
050,54,075,"West Virginia","Pocahontas County",2,4,83,40,43
050,54,075,"West Virginia","Pocahontas County",2,5,73,38,35
050,54,075,"West Virginia","Pocahontas County",2,6,73,41,32
050,54,075,"West Virginia","Pocahontas County",2,7,74,40,34
050,54,075,"West Virginia","Pocahontas County",2,8,74,38,36
050,54,075,"West Virginia","Pocahontas County",2,9,78,34,44
050,54,075,"West Virginia","Pocahontas County",2,10,82,38,44
050,54,075,"West Virginia","Pocahontas County",2,11,86,42,44
050,54,075,"West Virginia","Pocahontas County",2,12,80,41,39
050,54,075,"West Virginia","Pocahontas County",2,13,74,38,36
050,54,075,"West Virginia","Pocahontas County",2,14,73,35,38
050,54,075,"West Virginia","Pocahontas County",2,15,75,35,40
050,54,075,"West Virginia","Pocahontas County",2,16,83,39,44
050,54,075,"West Virginia","Pocahontas County",2,17,84,41,43
050,54,075,"West Virginia","Pocahontas County",2,18,63,37,26
050,54,075,"West Virginia","Pocahontas County",2,19,53,31,22
050,54,075,"West Virginia","Pocahontas County",2,20,56,32,24
050,54,075,"West Virginia","Pocahontas County",2,21,75,43,32
050,54,075,"West Virginia","Pocahontas County",2,22,71,38,33
050,54,075,"West Virginia","Pocahontas County",2,23,81,43,38
050,54,075,"West Virginia","Pocahontas County",2,24,72,38,34
050,54,075,"West Virginia","Pocahontas County",2,25,70,37,33
050,54,075,"West Virginia","Pocahontas County",2,26,69,34,35
050,54,075,"West Virginia","Pocahontas County",2,27,77,44,33
050,54,075,"West Virginia","Pocahontas County",2,28,74,41,33
050,54,075,"West Virginia","Pocahontas County",2,29,86,44,42
050,54,075,"West Virginia","Pocahontas County",2,30,96,45,51
050,54,075,"West Virginia","Pocahontas County",2,31,92,51,41
050,54,075,"West Virginia","Pocahontas County",2,32,88,50,38
050,54,075,"West Virginia","Pocahontas County",2,33,76,42,34
050,54,075,"West Virginia","Pocahontas County",2,34,83,46,37
050,54,075,"West Virginia","Pocahontas County",2,35,91,54,37
050,54,075,"West Virginia","Pocahontas County",2,36,87,51,36
050,54,075,"West Virginia","Pocahontas County",2,37,79,42,37
050,54,075,"West Virginia","Pocahontas County",2,38,80,47,33
050,54,075,"West Virginia","Pocahontas County",2,39,83,47,36
050,54,075,"West Virginia","Pocahontas County",2,40,90,48,42
050,54,075,"West Virginia","Pocahontas County",2,41,91,48,43
050,54,075,"West Virginia","Pocahontas County",2,42,102,54,48
050,54,075,"West Virginia","Pocahontas County",2,43,93,48,45
050,54,075,"West Virginia","Pocahontas County",2,44,83,42,41
050,54,075,"West Virginia","Pocahontas County",2,45,83,42,41
050,54,075,"West Virginia","Pocahontas County",2,46,78,43,35
050,54,075,"West Virginia","Pocahontas County",2,47,78,45,33
050,54,075,"West Virginia","Pocahontas County",2,48,87,49,38
050,54,075,"West Virginia","Pocahontas County",2,49,96,49,47
050,54,075,"West Virginia","Pocahontas County",2,50,101,55,46
050,54,075,"West Virginia","Pocahontas County",2,51,93,50,43
050,54,075,"West Virginia","Pocahontas County",2,52,91,46,45
050,54,075,"West Virginia","Pocahontas County",2,53,100,48,52
050,54,075,"West Virginia","Pocahontas County",2,54,106,54,52
050,54,075,"West Virginia","Pocahontas County",2,55,111,56,55
050,54,075,"West Virginia","Pocahontas County",2,56,121,64,57
050,54,075,"West Virginia","Pocahontas County",2,57,125,71,54
050,54,075,"West Virginia","Pocahontas County",2,58,131,68,63
050,54,075,"West Virginia","Pocahontas County",2,59,134,66,68
050,54,075,"West Virginia","Pocahontas County",2,60,141,66,75
050,54,075,"West Virginia","Pocahontas County",2,61,145,77,68
050,54,075,"West Virginia","Pocahontas County",2,62,139,76,63
050,54,075,"West Virginia","Pocahontas County",2,63,136,73,63
050,54,075,"West Virginia","Pocahontas County",2,64,136,71,65
050,54,075,"West Virginia","Pocahontas County",2,65,135,69,66
050,54,075,"West Virginia","Pocahontas County",2,66,132,68,64
050,54,075,"West Virginia","Pocahontas County",2,67,127,60,67
050,54,075,"West Virginia","Pocahontas County",2,68,123,58,65
050,54,075,"West Virginia","Pocahontas County",2,69,116,57,59
050,54,075,"West Virginia","Pocahontas County",2,70,123,61,62
050,54,075,"West Virginia","Pocahontas County",2,71,129,64,65
050,54,075,"West Virginia","Pocahontas County",2,72,119,57,62
050,54,075,"West Virginia","Pocahontas County",2,73,132,67,65
050,54,075,"West Virginia","Pocahontas County",2,74,93,49,44
050,54,075,"West Virginia","Pocahontas County",2,75,91,48,43
050,54,075,"West Virginia","Pocahontas County",2,76,76,40,36
050,54,075,"West Virginia","Pocahontas County",2,77,87,50,37
050,54,075,"West Virginia","Pocahontas County",2,78,73,37,36
050,54,075,"West Virginia","Pocahontas County",2,79,61,30,31
050,54,075,"West Virginia","Pocahontas County",2,80,62,31,31
050,54,075,"West Virginia","Pocahontas County",2,81,54,30,24
050,54,075,"West Virginia","Pocahontas County",2,82,54,30,24
050,54,075,"West Virginia","Pocahontas County",2,83,46,23,23
050,54,075,"West Virginia","Pocahontas County",2,84,46,24,22
050,54,075,"West Virginia","Pocahontas County",2,85,206,68,138
050,54,075,"West Virginia","Pocahontas County",3,0,77,39,38
050,54,075,"West Virginia","Pocahontas County",3,1,78,47,31
050,54,075,"West Virginia","Pocahontas County",3,2,73,33,40
050,54,075,"West Virginia","Pocahontas County",3,3,69,36,33
050,54,075,"West Virginia","Pocahontas County",3,4,78,42,36
050,54,075,"West Virginia","Pocahontas County",3,5,86,40,46
050,54,075,"West Virginia","Pocahontas County",3,6,71,39,32
050,54,075,"West Virginia","Pocahontas County",3,7,74,38,36
050,54,075,"West Virginia","Pocahontas County",3,8,76,45,31
050,54,075,"West Virginia","Pocahontas County",3,9,79,42,37
050,54,075,"West Virginia","Pocahontas County",3,10,83,34,49
050,54,075,"West Virginia","Pocahontas County",3,11,86,43,43
050,54,075,"West Virginia","Pocahontas County",3,12,84,42,42
050,54,075,"West Virginia","Pocahontas County",3,13,77,41,36
050,54,075,"West Virginia","Pocahontas County",3,14,73,37,36
050,54,075,"West Virginia","Pocahontas County",3,15,75,38,37
050,54,075,"West Virginia","Pocahontas County",3,16,74,36,38
050,54,075,"West Virginia","Pocahontas County",3,17,90,42,48
050,54,075,"West Virginia","Pocahontas County",3,18,73,41,32
050,54,075,"West Virginia","Pocahontas County",3,19,50,28,22
050,54,075,"West Virginia","Pocahontas County",3,20,56,34,22
050,54,075,"West Virginia","Pocahontas County",3,21,66,38,28
050,54,075,"West Virginia","Pocahontas County",3,22,76,42,34
050,54,075,"West Virginia","Pocahontas County",3,23,83,45,38
050,54,075,"West Virginia","Pocahontas County",3,24,82,44,38
050,54,075,"West Virginia","Pocahontas County",3,25,75,40,35
050,54,075,"West Virginia","Pocahontas County",3,26,72,39,33
050,54,075,"West Virginia","Pocahontas County",3,27,69,36,33
050,54,075,"West Virginia","Pocahontas County",3,28,76,43,33
050,54,075,"West Virginia","Pocahontas County",3,29,77,38,39
050,54,075,"West Virginia","Pocahontas County",3,30,86,44,42
050,54,075,"West Virginia","Pocahontas County",3,31,100,50,50
050,54,075,"West Virginia","Pocahontas County",3,32,95,55,40
050,54,075,"West Virginia","Pocahontas County",3,33,86,46,40
050,54,075,"West Virginia","Pocahontas County",3,34,81,45,36
050,54,075,"West Virginia","Pocahontas County",3,35,80,44,36
050,54,075,"West Virginia","Pocahontas County",3,36,91,56,35
050,54,075,"West Virginia","Pocahontas County",3,37,86,47,39
050,54,075,"West Virginia","Pocahontas County",3,38,81,47,34
050,54,075,"West Virginia","Pocahontas County",3,39,78,46,32
050,54,075,"West Virginia","Pocahontas County",3,40,84,44,40
050,54,075,"West Virginia","Pocahontas County",3,41,85,45,40
050,54,075,"West Virginia","Pocahontas County",3,42,93,51,42
050,54,075,"West Virginia","Pocahontas County",3,43,95,47,48
050,54,075,"West Virginia","Pocahontas County",3,44,96,52,44
050,54,075,"West Virginia","Pocahontas County",3,45,85,40,45
050,54,075,"West Virginia","Pocahontas County",3,46,88,44,44
050,54,075,"West Virginia","Pocahontas County",3,47,80,43,37
050,54,075,"West Virginia","Pocahontas County",3,48,80,47,33
050,54,075,"West Virginia","Pocahontas County",3,49,84,50,34
050,54,075,"West Virginia","Pocahontas County",3,50,102,52,50
050,54,075,"West Virginia","Pocahontas County",3,51,99,53,46
050,54,075,"West Virginia","Pocahontas County",3,52,89,48,41
050,54,075,"West Virginia","Pocahontas County",3,53,91,45,46
050,54,075,"West Virginia","Pocahontas County",3,54,99,49,50
050,54,075,"West Virginia","Pocahontas County",3,55,108,56,52
050,54,075,"West Virginia","Pocahontas County",3,56,108,56,52
050,54,075,"West Virginia","Pocahontas County",3,57,130,70,60
050,54,075,"West Virginia","Pocahontas County",3,58,123,70,53
050,54,075,"West Virginia","Pocahontas County",3,59,125,64,61
050,54,075,"West Virginia","Pocahontas County",3,60,134,65,69
050,54,075,"West Virginia","Pocahontas County",3,61,137,68,69
050,54,075,"West Virginia","Pocahontas County",3,62,140,75,65
050,54,075,"West Virginia","Pocahontas County",3,63,145,80,65
050,54,075,"West Virginia","Pocahontas County",3,64,135,73,62
050,54,075,"West Virginia","Pocahontas County",3,65,136,70,66
050,54,075,"West Virginia","Pocahontas County",3,66,135,66,69
050,54,075,"West Virginia","Pocahontas County",3,67,131,65,66
050,54,075,"West Virginia","Pocahontas County",3,68,123,56,67
050,54,075,"West Virginia","Pocahontas County",3,69,123,56,67
050,54,075,"West Virginia","Pocahontas County",3,70,114,55,59
050,54,075,"West Virginia","Pocahontas County",3,71,124,63,61
050,54,075,"West Virginia","Pocahontas County",3,72,127,63,64
050,54,075,"West Virginia","Pocahontas County",3,73,112,53,59
050,54,075,"West Virginia","Pocahontas County",3,74,121,59,62
050,54,075,"West Virginia","Pocahontas County",3,75,94,49,45
050,54,075,"West Virginia","Pocahontas County",3,76,87,43,44
050,54,075,"West Virginia","Pocahontas County",3,77,71,39,32
050,54,075,"West Virginia","Pocahontas County",3,78,84,48,36
050,54,075,"West Virginia","Pocahontas County",3,79,68,35,33
050,54,075,"West Virginia","Pocahontas County",3,80,56,29,27
050,54,075,"West Virginia","Pocahontas County",3,81,60,31,29
050,54,075,"West Virginia","Pocahontas County",3,82,50,25,25
050,54,075,"West Virginia","Pocahontas County",3,83,51,28,23
050,54,075,"West Virginia","Pocahontas County",3,84,42,21,21
050,54,075,"West Virginia","Pocahontas County",3,85,216,78,138
050,54,075,"West Virginia","Pocahontas County",4,0,64,26,38
050,54,075,"West Virginia","Pocahontas County",4,1,71,39,32
050,54,075,"West Virginia","Pocahontas County",4,2,71,45,26
050,54,075,"West Virginia","Pocahontas County",4,3,70,32,38
050,54,075,"West Virginia","Pocahontas County",4,4,70,37,33
050,54,075,"West Virginia","Pocahontas County",4,5,72,41,31
050,54,075,"West Virginia","Pocahontas County",4,6,84,37,47
050,54,075,"West Virginia","Pocahontas County",4,7,69,40,29
050,54,075,"West Virginia","Pocahontas County",4,8,71,37,34
050,54,075,"West Virginia","Pocahontas County",4,9,80,46,34
050,54,075,"West Virginia","Pocahontas County",4,10,77,41,36
050,54,075,"West Virginia","Pocahontas County",4,11,83,31,52
050,54,075,"West Virginia","Pocahontas County",4,12,86,42,44
050,54,075,"West Virginia","Pocahontas County",4,13,90,45,45
050,54,075,"West Virginia","Pocahontas County",4,14,85,49,36
050,54,075,"West Virginia","Pocahontas County",4,15,74,37,37
050,54,075,"West Virginia","Pocahontas County",4,16,77,37,40
050,54,075,"West Virginia","Pocahontas County",4,17,75,38,37
050,54,075,"West Virginia","Pocahontas County",4,18,76,35,41
050,54,075,"West Virginia","Pocahontas County",4,19,56,31,25
050,54,075,"West Virginia","Pocahontas County",4,20,53,30,23
050,54,075,"West Virginia","Pocahontas County",4,21,57,34,23
050,54,075,"West Virginia","Pocahontas County",4,22,59,33,26
050,54,075,"West Virginia","Pocahontas County",4,23,80,44,36
050,54,075,"West Virginia","Pocahontas County",4,24,84,42,42
050,54,075,"West Virginia","Pocahontas County",4,25,85,46,39
050,54,075,"West Virginia","Pocahontas County",4,26,66,36,30
050,54,075,"West Virginia","Pocahontas County",4,27,72,40,32
050,54,075,"West Virginia","Pocahontas County",4,28,62,33,29
050,54,075,"West Virginia","Pocahontas County",4,29,80,43,37
050,54,075,"West Virginia","Pocahontas County",4,30,76,39,37
050,54,075,"West Virginia","Pocahontas County",4,31,89,48,41
050,54,075,"West Virginia","Pocahontas County",4,32,109,56,53
050,54,075,"West Virginia","Pocahontas County",4,33,84,45,39
050,54,075,"West Virginia","Pocahontas County",4,34,84,46,38
050,54,075,"West Virginia","Pocahontas County",4,35,79,45,34
050,54,075,"West Virginia","Pocahontas County",4,36,83,46,37
050,54,075,"West Virginia","Pocahontas County",4,37,87,49,38
050,54,075,"West Virginia","Pocahontas County",4,38,85,50,35
050,54,075,"West Virginia","Pocahontas County",4,39,76,40,36
050,54,075,"West Virginia","Pocahontas County",4,40,80,48,32
050,54,075,"West Virginia","Pocahontas County",4,41,79,42,37
050,54,075,"West Virginia","Pocahontas County",4,42,93,51,42
050,54,075,"West Virginia","Pocahontas County",4,43,89,47,42
050,54,075,"West Virginia","Pocahontas County",4,44,93,48,45
050,54,075,"West Virginia","Pocahontas County",4,45,101,52,49
050,54,075,"West Virginia","Pocahontas County",4,46,82,41,41
050,54,075,"West Virginia","Pocahontas County",4,47,82,41,41
050,54,075,"West Virginia","Pocahontas County",4,48,84,48,36
050,54,075,"West Virginia","Pocahontas County",4,49,84,46,38
050,54,075,"West Virginia","Pocahontas County",4,50,87,54,33
050,54,075,"West Virginia","Pocahontas County",4,51,108,55,53
050,54,075,"West Virginia","Pocahontas County",4,52,99,53,46
050,54,075,"West Virginia","Pocahontas County",4,53,89,48,41
050,54,075,"West Virginia","Pocahontas County",4,54,95,46,49
050,54,075,"West Virginia","Pocahontas County",4,55,98,48,50
050,54,075,"West Virginia","Pocahontas County",4,56,104,53,51
050,54,075,"West Virginia","Pocahontas County",4,57,112,61,51
050,54,075,"West Virginia","Pocahontas County",4,58,117,63,54
050,54,075,"West Virginia","Pocahontas County",4,59,123,71,52
050,54,075,"West Virginia","Pocahontas County",4,60,124,61,63
050,54,075,"West Virginia","Pocahontas County",4,61,135,69,66
050,54,075,"West Virginia","Pocahontas County",4,62,136,66,70
050,54,075,"West Virginia","Pocahontas County",4,63,141,72,69
050,54,075,"West Virginia","Pocahontas County",4,64,139,79,60
050,54,075,"West Virginia","Pocahontas County",4,65,134,72,62
050,54,075,"West Virginia","Pocahontas County",4,66,140,71,69
050,54,075,"West Virginia","Pocahontas County",4,67,132,62,70
050,54,075,"West Virginia","Pocahontas County",4,68,128,62,66
050,54,075,"West Virginia","Pocahontas County",4,69,125,60,65
050,54,075,"West Virginia","Pocahontas County",4,70,124,58,66
050,54,075,"West Virginia","Pocahontas County",4,71,112,57,55
050,54,075,"West Virginia","Pocahontas County",4,72,116,56,60
050,54,075,"West Virginia","Pocahontas County",4,73,118,59,59
050,54,075,"West Virginia","Pocahontas County",4,74,111,54,57
050,54,075,"West Virginia","Pocahontas County",4,75,120,55,65
050,54,075,"West Virginia","Pocahontas County",4,76,92,45,47
050,54,075,"West Virginia","Pocahontas County",4,77,82,43,39
050,54,075,"West Virginia","Pocahontas County",4,78,70,39,31
050,54,075,"West Virginia","Pocahontas County",4,79,83,48,35
050,54,075,"West Virginia","Pocahontas County",4,80,63,33,30
050,54,075,"West Virginia","Pocahontas County",4,81,51,26,25
050,54,075,"West Virginia","Pocahontas County",4,82,56,27,29
050,54,075,"West Virginia","Pocahontas County",4,83,49,26,23
050,54,075,"West Virginia","Pocahontas County",4,84,48,26,22
050,54,075,"West Virginia","Pocahontas County",4,85,218,84,134
050,54,075,"West Virginia","Pocahontas County",5,0,64,26,38
050,54,075,"West Virginia","Pocahontas County",5,1,69,28,41
050,54,075,"West Virginia","Pocahontas County",5,2,72,38,34
050,54,075,"West Virginia","Pocahontas County",5,3,74,44,30
050,54,075,"West Virginia","Pocahontas County",5,4,66,29,37
050,54,075,"West Virginia","Pocahontas County",5,5,70,38,32
050,54,075,"West Virginia","Pocahontas County",5,6,77,41,36
050,54,075,"West Virginia","Pocahontas County",5,7,86,38,48
050,54,075,"West Virginia","Pocahontas County",5,8,68,37,31
050,54,075,"West Virginia","Pocahontas County",5,9,81,42,39
050,54,075,"West Virginia","Pocahontas County",5,10,82,47,35
050,54,075,"West Virginia","Pocahontas County",5,11,79,43,36
050,54,075,"West Virginia","Pocahontas County",5,12,82,30,52
050,54,075,"West Virginia","Pocahontas County",5,13,84,41,43
050,54,075,"West Virginia","Pocahontas County",5,14,89,47,42
050,54,075,"West Virginia","Pocahontas County",5,15,82,47,35
050,54,075,"West Virginia","Pocahontas County",5,16,76,38,38
050,54,075,"West Virginia","Pocahontas County",5,17,82,38,44
050,54,075,"West Virginia","Pocahontas County",5,18,60,29,31
050,54,075,"West Virginia","Pocahontas County",5,19,61,29,32
050,54,075,"West Virginia","Pocahontas County",5,20,55,32,23
050,54,075,"West Virginia","Pocahontas County",5,21,65,35,30
050,54,075,"West Virginia","Pocahontas County",5,22,58,35,23
050,54,075,"West Virginia","Pocahontas County",5,23,62,33,29
050,54,075,"West Virginia","Pocahontas County",5,24,77,43,34
050,54,075,"West Virginia","Pocahontas County",5,25,89,48,41
050,54,075,"West Virginia","Pocahontas County",5,26,87,51,36
050,54,075,"West Virginia","Pocahontas County",5,27,63,34,29
050,54,075,"West Virginia","Pocahontas County",5,28,71,40,31
050,54,075,"West Virginia","Pocahontas County",5,29,62,31,31
050,54,075,"West Virginia","Pocahontas County",5,30,80,40,40
050,54,075,"West Virginia","Pocahontas County",5,31,73,39,34
050,54,075,"West Virginia","Pocahontas County",5,32,101,56,45
050,54,075,"West Virginia","Pocahontas County",5,33,99,48,51
050,54,075,"West Virginia","Pocahontas County",5,34,90,52,38
050,54,075,"West Virginia","Pocahontas County",5,35,82,44,38
050,54,075,"West Virginia","Pocahontas County",5,36,86,50,36
050,54,075,"West Virginia","Pocahontas County",5,37,81,43,38
050,54,075,"West Virginia","Pocahontas County",5,38,83,50,33
050,54,075,"West Virginia","Pocahontas County",5,39,82,45,37
050,54,075,"West Virginia","Pocahontas County",5,40,74,38,36
050,54,075,"West Virginia","Pocahontas County",5,41,76,46,30
050,54,075,"West Virginia","Pocahontas County",5,42,84,46,38
050,54,075,"West Virginia","Pocahontas County",5,43,86,45,41
050,54,075,"West Virginia","Pocahontas County",5,44,90,45,45
050,54,075,"West Virginia","Pocahontas County",5,45,96,45,51
050,54,075,"West Virginia","Pocahontas County",5,46,100,53,47
050,54,075,"West Virginia","Pocahontas County",5,47,79,40,39
050,54,075,"West Virginia","Pocahontas County",5,48,80,39,41
050,54,075,"West Virginia","Pocahontas County",5,49,85,46,39
050,54,075,"West Virginia","Pocahontas County",5,50,86,49,37
050,54,075,"West Virginia","Pocahontas County",5,51,80,51,29
050,54,075,"West Virginia","Pocahontas County",5,52,109,55,54
050,54,075,"West Virginia","Pocahontas County",5,53,102,55,47
050,54,075,"West Virginia","Pocahontas County",5,54,93,51,42
050,54,075,"West Virginia","Pocahontas County",5,55,99,48,51
050,54,075,"West Virginia","Pocahontas County",5,56,97,49,48
050,54,075,"West Virginia","Pocahontas County",5,57,108,56,52
050,54,075,"West Virginia","Pocahontas County",5,58,107,55,52
050,54,075,"West Virginia","Pocahontas County",5,59,119,62,57
050,54,075,"West Virginia","Pocahontas County",5,60,126,72,54
050,54,075,"West Virginia","Pocahontas County",5,61,121,62,59
050,54,075,"West Virginia","Pocahontas County",5,62,134,67,67
050,54,075,"West Virginia","Pocahontas County",5,63,138,66,72
050,54,075,"West Virginia","Pocahontas County",5,64,145,74,71
050,54,075,"West Virginia","Pocahontas County",5,65,141,79,62
050,54,075,"West Virginia","Pocahontas County",5,66,130,67,63
050,54,075,"West Virginia","Pocahontas County",5,67,136,69,67
050,54,075,"West Virginia","Pocahontas County",5,68,128,60,68
050,54,075,"West Virginia","Pocahontas County",5,69,123,62,61
050,54,075,"West Virginia","Pocahontas County",5,70,122,57,65
050,54,075,"West Virginia","Pocahontas County",5,71,125,60,65
050,54,075,"West Virginia","Pocahontas County",5,72,108,54,54
050,54,075,"West Virginia","Pocahontas County",5,73,113,52,61
050,54,075,"West Virginia","Pocahontas County",5,74,114,59,55
050,54,075,"West Virginia","Pocahontas County",5,75,108,52,56
050,54,075,"West Virginia","Pocahontas County",5,76,116,50,66
050,54,075,"West Virginia","Pocahontas County",5,77,82,45,37
050,54,075,"West Virginia","Pocahontas County",5,78,80,41,39
050,54,075,"West Virginia","Pocahontas County",5,79,61,32,29
050,54,075,"West Virginia","Pocahontas County",5,80,77,46,31
050,54,075,"West Virginia","Pocahontas County",5,81,58,30,28
050,54,075,"West Virginia","Pocahontas County",5,82,49,22,27
050,54,075,"West Virginia","Pocahontas County",5,83,54,28,26
050,54,075,"West Virginia","Pocahontas County",5,84,46,24,22
050,54,075,"West Virginia","Pocahontas County",5,85,230,99,131
050,54,077,"West Virginia","Preston County",1,0,306,155,151
050,54,077,"West Virginia","Preston County",1,1,311,159,152
050,54,077,"West Virginia","Preston County",1,2,304,167,137
050,54,077,"West Virginia","Preston County",1,3,328,180,148
050,54,077,"West Virginia","Preston County",1,4,367,190,177
050,54,077,"West Virginia","Preston County",1,5,354,162,192
050,54,077,"West Virginia","Preston County",1,6,325,163,162
050,54,077,"West Virginia","Preston County",1,7,344,198,146
050,54,077,"West Virginia","Preston County",1,8,363,200,163
050,54,077,"West Virginia","Preston County",1,9,360,194,166
050,54,077,"West Virginia","Preston County",1,10,356,202,154
050,54,077,"West Virginia","Preston County",1,11,404,216,188
050,54,077,"West Virginia","Preston County",1,12,403,215,188
050,54,077,"West Virginia","Preston County",1,13,373,205,168
050,54,077,"West Virginia","Preston County",1,14,348,177,171
050,54,077,"West Virginia","Preston County",1,15,347,156,191
050,54,077,"West Virginia","Preston County",1,16,359,183,176
050,54,077,"West Virginia","Preston County",1,17,355,168,187
050,54,077,"West Virginia","Preston County",1,18,286,145,141
050,54,077,"West Virginia","Preston County",1,19,223,103,120
050,54,077,"West Virginia","Preston County",1,20,267,126,141
050,54,077,"West Virginia","Preston County",1,21,259,143,116
050,54,077,"West Virginia","Preston County",1,22,319,176,143
050,54,077,"West Virginia","Preston County",1,23,451,241,210
050,54,077,"West Virginia","Preston County",1,24,509,317,192
050,54,077,"West Virginia","Preston County",1,25,474,286,188
050,54,077,"West Virginia","Preston County",1,26,372,196,176
050,54,077,"West Virginia","Preston County",1,27,522,343,179
050,54,077,"West Virginia","Preston County",1,28,630,384,246
050,54,077,"West Virginia","Preston County",1,29,588,359,229
050,54,077,"West Virginia","Preston County",1,30,446,241,205
050,54,077,"West Virginia","Preston County",1,31,436,234,202
050,54,077,"West Virginia","Preston County",1,32,512,278,234
050,54,077,"West Virginia","Preston County",1,33,454,222,232
050,54,077,"West Virginia","Preston County",1,34,532,329,203
050,54,077,"West Virginia","Preston County",1,35,420,239,181
050,54,077,"West Virginia","Preston County",1,36,429,226,203
050,54,077,"West Virginia","Preston County",1,37,409,178,231
050,54,077,"West Virginia","Preston County",1,38,442,260,182
050,54,077,"West Virginia","Preston County",1,39,484,281,203
050,54,077,"West Virginia","Preston County",1,40,445,241,204
050,54,077,"West Virginia","Preston County",1,41,526,318,208
050,54,077,"West Virginia","Preston County",1,42,515,274,241
050,54,077,"West Virginia","Preston County",1,43,432,241,191
050,54,077,"West Virginia","Preston County",1,44,520,326,194
050,54,077,"West Virginia","Preston County",1,45,477,270,207
050,54,077,"West Virginia","Preston County",1,46,441,259,182
050,54,077,"West Virginia","Preston County",1,47,399,213,186
050,54,077,"West Virginia","Preston County",1,48,416,231,185
050,54,077,"West Virginia","Preston County",1,49,444,225,219
050,54,077,"West Virginia","Preston County",1,50,413,214,199
050,54,077,"West Virginia","Preston County",1,51,501,299,202
050,54,077,"West Virginia","Preston County",1,52,565,341,224
050,54,077,"West Virginia","Preston County",1,53,443,218,225
050,54,077,"West Virginia","Preston County",1,54,490,274,216
050,54,077,"West Virginia","Preston County",1,55,474,256,218
050,54,077,"West Virginia","Preston County",1,56,502,267,235
050,54,077,"West Virginia","Preston County",1,57,453,239,214
050,54,077,"West Virginia","Preston County",1,58,471,254,217
050,54,077,"West Virginia","Preston County",1,59,460,255,205
050,54,077,"West Virginia","Preston County",1,60,469,248,221
050,54,077,"West Virginia","Preston County",1,61,460,219,241
050,54,077,"West Virginia","Preston County",1,62,468,228,240
050,54,077,"West Virginia","Preston County",1,63,500,263,237
050,54,077,"West Virginia","Preston County",1,64,438,211,227
050,54,077,"West Virginia","Preston County",1,65,432,218,214
050,54,077,"West Virginia","Preston County",1,66,472,229,243
050,54,077,"West Virginia","Preston County",1,67,480,226,254
050,54,077,"West Virginia","Preston County",1,68,488,236,252
050,54,077,"West Virginia","Preston County",1,69,450,221,229
050,54,077,"West Virginia","Preston County",1,70,450,235,215
050,54,077,"West Virginia","Preston County",1,71,390,199,191
050,54,077,"West Virginia","Preston County",1,72,374,191,183
050,54,077,"West Virginia","Preston County",1,73,374,189,185
050,54,077,"West Virginia","Preston County",1,74,248,111,137
050,54,077,"West Virginia","Preston County",1,75,262,130,132
050,54,077,"West Virginia","Preston County",1,76,268,124,144
050,54,077,"West Virginia","Preston County",1,77,255,121,134
050,54,077,"West Virginia","Preston County",1,78,241,109,132
050,54,077,"West Virginia","Preston County",1,79,215,109,106
050,54,077,"West Virginia","Preston County",1,80,177,84,93
050,54,077,"West Virginia","Preston County",1,81,175,74,101
050,54,077,"West Virginia","Preston County",1,82,155,70,85
050,54,077,"West Virginia","Preston County",1,83,113,48,65
050,54,077,"West Virginia","Preston County",1,84,114,49,65
050,54,077,"West Virginia","Preston County",1,85,587,209,378
050,54,077,"West Virginia","Preston County",2,0,310,156,154
050,54,077,"West Virginia","Preston County",2,1,308,157,151
050,54,077,"West Virginia","Preston County",2,2,306,166,140
050,54,077,"West Virginia","Preston County",2,3,321,176,145
050,54,077,"West Virginia","Preston County",2,4,355,186,169
050,54,077,"West Virginia","Preston County",2,5,355,167,188
050,54,077,"West Virginia","Preston County",2,6,333,164,169
050,54,077,"West Virginia","Preston County",2,7,339,190,149
050,54,077,"West Virginia","Preston County",2,8,358,200,158
050,54,077,"West Virginia","Preston County",2,9,358,194,164
050,54,077,"West Virginia","Preston County",2,10,357,199,158
050,54,077,"West Virginia","Preston County",2,11,389,211,178
050,54,077,"West Virginia","Preston County",2,12,403,214,189
050,54,077,"West Virginia","Preston County",2,13,379,206,173
050,54,077,"West Virginia","Preston County",2,14,354,184,170
050,54,077,"West Virginia","Preston County",2,15,353,161,192
050,54,077,"West Virginia","Preston County",2,16,353,178,175
050,54,077,"West Virginia","Preston County",2,17,355,170,185
050,54,077,"West Virginia","Preston County",2,18,290,146,144
050,54,077,"West Virginia","Preston County",2,19,226,108,118
050,54,077,"West Virginia","Preston County",2,20,266,124,142
050,54,077,"West Virginia","Preston County",2,21,255,137,118
050,54,077,"West Virginia","Preston County",2,22,318,179,139
050,54,077,"West Virginia","Preston County",2,23,441,235,206
050,54,077,"West Virginia","Preston County",2,24,507,317,190
050,54,077,"West Virginia","Preston County",2,25,471,281,190
050,54,077,"West Virginia","Preston County",2,26,376,201,175
050,54,077,"West Virginia","Preston County",2,27,517,337,180
050,54,077,"West Virginia","Preston County",2,28,616,381,235
050,54,077,"West Virginia","Preston County",2,29,596,364,232
050,54,077,"West Virginia","Preston County",2,30,447,239,208
050,54,077,"West Virginia","Preston County",2,31,438,235,203
050,54,077,"West Virginia","Preston County",2,32,497,265,232
050,54,077,"West Virginia","Preston County",2,33,457,225,232
050,54,077,"West Virginia","Preston County",2,34,531,322,209
050,54,077,"West Virginia","Preston County",2,35,421,244,177
050,54,077,"West Virginia","Preston County",2,36,427,225,202
050,54,077,"West Virginia","Preston County",2,37,408,181,227
050,54,077,"West Virginia","Preston County",2,38,445,259,186
050,54,077,"West Virginia","Preston County",2,39,473,275,198
050,54,077,"West Virginia","Preston County",2,40,447,242,205
050,54,077,"West Virginia","Preston County",2,41,530,321,209
050,54,077,"West Virginia","Preston County",2,42,517,275,242
050,54,077,"West Virginia","Preston County",2,43,432,239,193
050,54,077,"West Virginia","Preston County",2,44,518,325,193
050,54,077,"West Virginia","Preston County",2,45,480,275,205
050,54,077,"West Virginia","Preston County",2,46,445,262,183
050,54,077,"West Virginia","Preston County",2,47,391,205,186
050,54,077,"West Virginia","Preston County",2,48,406,224,182
050,54,077,"West Virginia","Preston County",2,49,446,229,217
050,54,077,"West Virginia","Preston County",2,50,416,216,200
050,54,077,"West Virginia","Preston County",2,51,498,297,201
050,54,077,"West Virginia","Preston County",2,52,557,338,219
050,54,077,"West Virginia","Preston County",2,53,445,219,226
050,54,077,"West Virginia","Preston County",2,54,485,267,218
050,54,077,"West Virginia","Preston County",2,55,479,261,218
050,54,077,"West Virginia","Preston County",2,56,496,265,231
050,54,077,"West Virginia","Preston County",2,57,452,235,217
050,54,077,"West Virginia","Preston County",2,58,465,249,216
050,54,077,"West Virginia","Preston County",2,59,467,257,210
050,54,077,"West Virginia","Preston County",2,60,464,246,218
050,54,077,"West Virginia","Preston County",2,61,461,226,235
050,54,077,"West Virginia","Preston County",2,62,467,226,241
050,54,077,"West Virginia","Preston County",2,63,508,267,241
050,54,077,"West Virginia","Preston County",2,64,440,213,227
050,54,077,"West Virginia","Preston County",2,65,432,215,217
050,54,077,"West Virginia","Preston County",2,66,465,227,238
050,54,077,"West Virginia","Preston County",2,67,474,225,249
050,54,077,"West Virginia","Preston County",2,68,487,234,253
050,54,077,"West Virginia","Preston County",2,69,464,228,236
050,54,077,"West Virginia","Preston County",2,70,449,231,218
050,54,077,"West Virginia","Preston County",2,71,408,210,198
050,54,077,"West Virginia","Preston County",2,72,367,186,181
050,54,077,"West Virginia","Preston County",2,73,394,200,194
050,54,077,"West Virginia","Preston County",2,74,257,119,138
050,54,077,"West Virginia","Preston County",2,75,258,124,134
050,54,077,"West Virginia","Preston County",2,76,263,121,142
050,54,077,"West Virginia","Preston County",2,77,260,123,137
050,54,077,"West Virginia","Preston County",2,78,237,107,130
050,54,077,"West Virginia","Preston County",2,79,216,105,111
050,54,077,"West Virginia","Preston County",2,80,184,88,96
050,54,077,"West Virginia","Preston County",2,81,173,76,97
050,54,077,"West Virginia","Preston County",2,82,159,70,89
050,54,077,"West Virginia","Preston County",2,83,116,52,64
050,54,077,"West Virginia","Preston County",2,84,113,48,65
050,54,077,"West Virginia","Preston County",2,85,591,210,381
050,54,077,"West Virginia","Preston County",3,0,270,145,125
050,54,077,"West Virginia","Preston County",3,1,321,164,157
050,54,077,"West Virginia","Preston County",3,2,307,159,148
050,54,077,"West Virginia","Preston County",3,3,314,172,142
050,54,077,"West Virginia","Preston County",3,4,339,188,151
050,54,077,"West Virginia","Preston County",3,5,354,190,164
050,54,077,"West Virginia","Preston County",3,6,359,173,186
050,54,077,"West Virginia","Preston County",3,7,345,173,172
050,54,077,"West Virginia","Preston County",3,8,341,183,158
050,54,077,"West Virginia","Preston County",3,9,353,195,158
050,54,077,"West Virginia","Preston County",3,10,376,202,174
050,54,077,"West Virginia","Preston County",3,11,349,189,160
050,54,077,"West Virginia","Preston County",3,12,383,204,179
050,54,077,"West Virginia","Preston County",3,13,407,220,187
050,54,077,"West Virginia","Preston County",3,14,376,198,178
050,54,077,"West Virginia","Preston County",3,15,358,167,191
050,54,077,"West Virginia","Preston County",3,16,328,161,167
050,54,077,"West Virginia","Preston County",3,17,371,183,188
050,54,077,"West Virginia","Preston County",3,18,296,150,146
050,54,077,"West Virginia","Preston County",3,19,220,105,115
050,54,077,"West Virginia","Preston County",3,20,254,118,136
050,54,077,"West Virginia","Preston County",3,21,274,136,138
050,54,077,"West Virginia","Preston County",3,22,314,175,139
050,54,077,"West Virginia","Preston County",3,23,431,232,199
050,54,077,"West Virginia","Preston County",3,24,517,330,187
050,54,077,"West Virginia","Preston County",3,25,464,281,183
050,54,077,"West Virginia","Preston County",3,26,378,208,170
050,54,077,"West Virginia","Preston County",3,27,503,322,181
050,54,077,"West Virginia","Preston County",3,28,590,372,218
050,54,077,"West Virginia","Preston County",3,29,627,393,234
050,54,077,"West Virginia","Preston County",3,30,500,268,232
050,54,077,"West Virginia","Preston County",3,31,467,252,215
050,54,077,"West Virginia","Preston County",3,32,478,246,232
050,54,077,"West Virginia","Preston County",3,33,463,227,236
050,54,077,"West Virginia","Preston County",3,34,548,318,230
050,54,077,"West Virginia","Preston County",3,35,411,248,163
050,54,077,"West Virginia","Preston County",3,36,441,248,193
050,54,077,"West Virginia","Preston County",3,37,393,176,217
050,54,077,"West Virginia","Preston County",3,38,458,259,199
050,54,077,"West Virginia","Preston County",3,39,450,259,191
050,54,077,"West Virginia","Preston County",3,40,432,233,199
050,54,077,"West Virginia","Preston County",3,41,541,324,217
050,54,077,"West Virginia","Preston County",3,42,537,285,252
050,54,077,"West Virginia","Preston County",3,43,434,244,190
050,54,077,"West Virginia","Preston County",3,44,522,318,204
050,54,077,"West Virginia","Preston County",3,45,473,283,190
050,54,077,"West Virginia","Preston County",3,46,463,277,186
050,54,077,"West Virginia","Preston County",3,47,379,182,197
050,54,077,"West Virginia","Preston County",3,48,387,203,184
050,54,077,"West Virginia","Preston County",3,49,428,228,200
050,54,077,"West Virginia","Preston County",3,50,428,229,199
050,54,077,"West Virginia","Preston County",3,51,502,302,200
050,54,077,"West Virginia","Preston County",3,52,536,335,201
050,54,077,"West Virginia","Preston County",3,53,438,220,218
050,54,077,"West Virginia","Preston County",3,54,487,262,225
050,54,077,"West Virginia","Preston County",3,55,481,264,217
050,54,077,"West Virginia","Preston County",3,56,476,261,215
050,54,077,"West Virginia","Preston County",3,57,454,226,228
050,54,077,"West Virginia","Preston County",3,58,452,233,219
050,54,077,"West Virginia","Preston County",3,59,473,245,228
050,54,077,"West Virginia","Preston County",3,60,468,263,205
050,54,077,"West Virginia","Preston County",3,61,463,240,223
050,54,077,"West Virginia","Preston County",3,62,452,222,230
050,54,077,"West Virginia","Preston County",3,63,515,269,246
050,54,077,"West Virginia","Preston County",3,64,475,232,243
050,54,077,"West Virginia","Preston County",3,65,436,208,228
050,54,077,"West Virginia","Preston County",3,66,423,214,209
050,54,077,"West Virginia","Preston County",3,67,458,224,234
050,54,077,"West Virginia","Preston County",3,68,474,224,250
050,54,077,"West Virginia","Preston County",3,69,476,231,245
050,54,077,"West Virginia","Preston County",3,70,452,218,234
050,54,077,"West Virginia","Preston County",3,71,438,225,213
050,54,077,"West Virginia","Preston County",3,72,401,205,196
050,54,077,"West Virginia","Preston County",3,73,357,184,173
050,54,077,"West Virginia","Preston County",3,74,379,185,194
050,54,077,"West Virginia","Preston County",3,75,244,111,133
050,54,077,"West Virginia","Preston County",3,76,245,115,130
050,54,077,"West Virginia","Preston County",3,77,250,110,140
050,54,077,"West Virginia","Preston County",3,78,243,114,129
050,54,077,"West Virginia","Preston County",3,79,221,96,125
050,54,077,"West Virginia","Preston County",3,80,200,93,107
050,54,077,"West Virginia","Preston County",3,81,179,85,94
050,54,077,"West Virginia","Preston County",3,82,162,71,91
050,54,077,"West Virginia","Preston County",3,83,139,61,78
050,54,077,"West Virginia","Preston County",3,84,108,51,57
050,54,077,"West Virginia","Preston County",3,85,595,214,381
050,54,077,"West Virginia","Preston County",4,0,295,148,147
050,54,077,"West Virginia","Preston County",4,1,275,144,131
050,54,077,"West Virginia","Preston County",4,2,328,166,162
050,54,077,"West Virginia","Preston County",4,3,308,157,151
050,54,077,"West Virginia","Preston County",4,4,316,175,141
050,54,077,"West Virginia","Preston County",4,5,346,190,156
050,54,077,"West Virginia","Preston County",4,6,359,194,165
050,54,077,"West Virginia","Preston County",4,7,358,173,185
050,54,077,"West Virginia","Preston County",4,8,357,177,180
050,54,077,"West Virginia","Preston County",4,9,335,183,152
050,54,077,"West Virginia","Preston County",4,10,366,202,164
050,54,077,"West Virginia","Preston County",4,11,381,206,175
050,54,077,"West Virginia","Preston County",4,12,360,195,165
050,54,077,"West Virginia","Preston County",4,13,385,208,177
050,54,077,"West Virginia","Preston County",4,14,414,226,188
050,54,077,"West Virginia","Preston County",4,15,403,208,195
050,54,077,"West Virginia","Preston County",4,16,344,169,175
050,54,077,"West Virginia","Preston County",4,17,338,160,178
050,54,077,"West Virginia","Preston County",4,18,306,155,151
050,54,077,"West Virginia","Preston County",4,19,223,112,111
050,54,077,"West Virginia","Preston County",4,20,240,114,126
050,54,077,"West Virginia","Preston County",4,21,240,122,118
050,54,077,"West Virginia","Preston County",4,22,336,176,160
050,54,077,"West Virginia","Preston County",4,23,411,221,190
050,54,077,"West Virginia","Preston County",4,24,482,315,167
050,54,077,"West Virginia","Preston County",4,25,457,276,181
050,54,077,"West Virginia","Preston County",4,26,358,201,157
050,54,077,"West Virginia","Preston County",4,27,494,320,174
050,54,077,"West Virginia","Preston County",4,28,573,360,213
050,54,077,"West Virginia","Preston County",4,29,581,376,205
050,54,077,"West Virginia","Preston County",4,30,499,270,229
050,54,077,"West Virginia","Preston County",4,31,524,283,241
050,54,077,"West Virginia","Preston County",4,32,485,252,233
050,54,077,"West Virginia","Preston County",4,33,428,204,224
050,54,077,"West Virginia","Preston County",4,34,543,301,242
050,54,077,"West Virginia","Preston County",4,35,436,248,188
050,54,077,"West Virginia","Preston County",4,36,419,234,185
050,54,077,"West Virginia","Preston County",4,37,416,204,212
050,54,077,"West Virginia","Preston County",4,38,447,257,190
050,54,077,"West Virginia","Preston County",4,39,451,254,197
050,54,077,"West Virginia","Preston County",4,40,404,216,188
050,54,077,"West Virginia","Preston County",4,41,534,323,211
050,54,077,"West Virginia","Preston County",4,42,544,283,261
050,54,077,"West Virginia","Preston County",4,43,478,267,211
050,54,077,"West Virginia","Preston County",4,44,532,328,204
050,54,077,"West Virginia","Preston County",4,45,480,279,201
050,54,077,"West Virginia","Preston County",4,46,447,278,169
050,54,077,"West Virginia","Preston County",4,47,392,195,197
050,54,077,"West Virginia","Preston County",4,48,376,184,192
050,54,077,"West Virginia","Preston County",4,49,410,207,203
050,54,077,"West Virginia","Preston County",4,50,413,229,184
050,54,077,"West Virginia","Preston County",4,51,509,306,203
050,54,077,"West Virginia","Preston County",4,52,542,338,204
050,54,077,"West Virginia","Preston County",4,53,404,205,199
050,54,077,"West Virginia","Preston County",4,54,469,251,218
050,54,077,"West Virginia","Preston County",4,55,486,258,228
050,54,077,"West Virginia","Preston County",4,56,487,270,217
050,54,077,"West Virginia","Preston County",4,57,436,222,214
050,54,077,"West Virginia","Preston County",4,58,457,225,232
050,54,077,"West Virginia","Preston County",4,59,459,238,221
050,54,077,"West Virginia","Preston County",4,60,468,241,227
050,54,077,"West Virginia","Preston County",4,61,464,259,205
050,54,077,"West Virginia","Preston County",4,62,455,237,218
050,54,077,"West Virginia","Preston County",4,63,491,261,230
050,54,077,"West Virginia","Preston County",4,64,470,222,248
050,54,077,"West Virginia","Preston County",4,65,476,235,241
050,54,077,"West Virginia","Preston County",4,66,425,203,222
050,54,077,"West Virginia","Preston County",4,67,414,206,208
050,54,077,"West Virginia","Preston County",4,68,454,221,233
050,54,077,"West Virginia","Preston County",4,69,467,221,246
050,54,077,"West Virginia","Preston County",4,70,477,234,243
050,54,077,"West Virginia","Preston County",4,71,447,215,232
050,54,077,"West Virginia","Preston County",4,72,422,219,203
050,54,077,"West Virginia","Preston County",4,73,386,199,187
050,54,077,"West Virginia","Preston County",4,74,328,165,163
050,54,077,"West Virginia","Preston County",4,75,364,176,188
050,54,077,"West Virginia","Preston County",4,76,229,101,128
050,54,077,"West Virginia","Preston County",4,77,230,103,127
050,54,077,"West Virginia","Preston County",4,78,233,100,133
050,54,077,"West Virginia","Preston County",4,79,229,104,125
050,54,077,"West Virginia","Preston County",4,80,209,91,118
050,54,077,"West Virginia","Preston County",4,81,198,93,105
050,54,077,"West Virginia","Preston County",4,82,166,77,89
050,54,077,"West Virginia","Preston County",4,83,138,62,76
050,54,077,"West Virginia","Preston County",4,84,126,60,66
050,54,077,"West Virginia","Preston County",4,85,580,215,365
050,54,077,"West Virginia","Preston County",5,0,294,148,146
050,54,077,"West Virginia","Preston County",5,1,312,160,152
050,54,077,"West Virginia","Preston County",5,2,283,150,133
050,54,077,"West Virginia","Preston County",5,3,317,161,156
050,54,077,"West Virginia","Preston County",5,4,310,157,153
050,54,077,"West Virginia","Preston County",5,5,318,170,148
050,54,077,"West Virginia","Preston County",5,6,336,187,149
050,54,077,"West Virginia","Preston County",5,7,362,185,177
050,54,077,"West Virginia","Preston County",5,8,341,168,173
050,54,077,"West Virginia","Preston County",5,9,347,168,179
050,54,077,"West Virginia","Preston County",5,10,330,180,150
050,54,077,"West Virginia","Preston County",5,11,358,193,165
050,54,077,"West Virginia","Preston County",5,12,370,196,174
050,54,077,"West Virginia","Preston County",5,13,353,192,161
050,54,077,"West Virginia","Preston County",5,14,380,201,179
050,54,077,"West Virginia","Preston County",5,15,430,225,205
050,54,077,"West Virginia","Preston County",5,16,367,199,168
050,54,077,"West Virginia","Preston County",5,17,348,168,180
050,54,077,"West Virginia","Preston County",5,18,281,136,145
050,54,077,"West Virginia","Preston County",5,19,226,110,116
050,54,077,"West Virginia","Preston County",5,20,262,126,136
050,54,077,"West Virginia","Preston County",5,21,235,119,116
050,54,077,"West Virginia","Preston County",5,22,309,169,140
050,54,077,"West Virginia","Preston County",5,23,443,233,210
050,54,077,"West Virginia","Preston County",5,24,483,312,171
050,54,077,"West Virginia","Preston County",5,25,452,283,169
050,54,077,"West Virginia","Preston County",5,26,376,213,163
050,54,077,"West Virginia","Preston County",5,27,485,325,160
050,54,077,"West Virginia","Preston County",5,28,562,358,204
050,54,077,"West Virginia","Preston County",5,29,564,356,208
050,54,077,"West Virginia","Preston County",5,30,459,263,196
050,54,077,"West Virginia","Preston County",5,31,494,264,230
050,54,077,"West Virginia","Preston County",5,32,536,278,258
050,54,077,"West Virginia","Preston County",5,33,444,209,235
050,54,077,"West Virginia","Preston County",5,34,494,277,217
050,54,077,"West Virginia","Preston County",5,35,428,226,202
050,54,077,"West Virginia","Preston County",5,36,448,241,207
050,54,077,"West Virginia","Preston County",5,37,386,188,198
050,54,077,"West Virginia","Preston County",5,38,466,283,183
050,54,077,"West Virginia","Preston County",5,39,448,256,192
050,54,077,"West Virginia","Preston County",5,40,415,215,200
050,54,077,"West Virginia","Preston County",5,41,490,298,192
050,54,077,"West Virginia","Preston County",5,42,530,279,251
050,54,077,"West Virginia","Preston County",5,43,464,243,221
050,54,077,"West Virginia","Preston County",5,44,561,340,221
050,54,077,"West Virginia","Preston County",5,45,490,286,204
050,54,077,"West Virginia","Preston County",5,46,458,278,180
050,54,077,"West Virginia","Preston County",5,47,374,194,180
050,54,077,"West Virginia","Preston County",5,48,391,198,193
050,54,077,"West Virginia","Preston County",5,49,397,186,211
050,54,077,"West Virginia","Preston County",5,50,392,206,186
050,54,077,"West Virginia","Preston County",5,51,492,313,179
050,54,077,"West Virginia","Preston County",5,52,544,339,205
050,54,077,"West Virginia","Preston County",5,53,425,221,204
050,54,077,"West Virginia","Preston County",5,54,450,251,199
050,54,077,"West Virginia","Preston County",5,55,468,251,217
050,54,077,"West Virginia","Preston County",5,56,483,254,229
050,54,077,"West Virginia","Preston County",5,57,442,225,217
050,54,077,"West Virginia","Preston County",5,58,437,223,214
050,54,077,"West Virginia","Preston County",5,59,456,227,229
050,54,077,"West Virginia","Preston County",5,60,449,232,217
050,54,077,"West Virginia","Preston County",5,61,465,241,224
050,54,077,"West Virginia","Preston County",5,62,459,254,205
050,54,077,"West Virginia","Preston County",5,63,500,276,224
050,54,077,"West Virginia","Preston County",5,64,450,218,232
050,54,077,"West Virginia","Preston County",5,65,461,220,241
050,54,077,"West Virginia","Preston County",5,66,478,235,243
050,54,077,"West Virginia","Preston County",5,67,417,195,222
050,54,077,"West Virginia","Preston County",5,68,414,206,208
050,54,077,"West Virginia","Preston County",5,69,439,209,230
050,54,077,"West Virginia","Preston County",5,70,461,221,240
050,54,077,"West Virginia","Preston County",5,71,470,229,241
050,54,077,"West Virginia","Preston County",5,72,434,208,226
050,54,077,"West Virginia","Preston County",5,73,422,220,202
050,54,077,"West Virginia","Preston County",5,74,366,186,180
050,54,077,"West Virginia","Preston County",5,75,315,158,157
050,54,077,"West Virginia","Preston County",5,76,352,167,185
050,54,077,"West Virginia","Preston County",5,77,214,94,120
050,54,077,"West Virginia","Preston County",5,78,218,94,124
050,54,077,"West Virginia","Preston County",5,79,224,93,131
050,54,077,"West Virginia","Preston County",5,80,215,97,118
050,54,077,"West Virginia","Preston County",5,81,202,87,115
050,54,077,"West Virginia","Preston County",5,82,185,85,100
050,54,077,"West Virginia","Preston County",5,83,151,73,78
050,54,077,"West Virginia","Preston County",5,84,129,60,69
050,54,077,"West Virginia","Preston County",5,85,613,236,377
050,54,079,"West Virginia","Putnam County",1,0,494,254,240
050,54,079,"West Virginia","Putnam County",1,1,526,266,260
050,54,079,"West Virginia","Putnam County",1,2,567,295,272
050,54,079,"West Virginia","Putnam County",1,3,596,312,284
050,54,079,"West Virginia","Putnam County",1,4,625,323,302
050,54,079,"West Virginia","Putnam County",1,5,709,375,334
050,54,079,"West Virginia","Putnam County",1,6,696,384,312
050,54,079,"West Virginia","Putnam County",1,7,704,372,332
050,54,079,"West Virginia","Putnam County",1,8,756,363,393
050,54,079,"West Virginia","Putnam County",1,9,713,362,351
050,54,079,"West Virginia","Putnam County",1,10,718,385,333
050,54,079,"West Virginia","Putnam County",1,11,767,394,373
050,54,079,"West Virginia","Putnam County",1,12,792,426,366
050,54,079,"West Virginia","Putnam County",1,13,783,408,375
050,54,079,"West Virginia","Putnam County",1,14,820,410,410
050,54,079,"West Virginia","Putnam County",1,15,783,411,372
050,54,079,"West Virginia","Putnam County",1,16,825,416,409
050,54,079,"West Virginia","Putnam County",1,17,805,409,396
050,54,079,"West Virginia","Putnam County",1,18,700,381,319
050,54,079,"West Virginia","Putnam County",1,19,532,286,246
050,54,079,"West Virginia","Putnam County",1,20,555,290,265
050,54,079,"West Virginia","Putnam County",1,21,552,285,267
050,54,079,"West Virginia","Putnam County",1,22,564,285,279
050,54,079,"West Virginia","Putnam County",1,23,607,317,290
050,54,079,"West Virginia","Putnam County",1,24,610,321,289
050,54,079,"West Virginia","Putnam County",1,25,580,301,279
050,54,079,"West Virginia","Putnam County",1,26,599,306,293
050,54,079,"West Virginia","Putnam County",1,27,619,317,302
050,54,079,"West Virginia","Putnam County",1,28,613,302,311
050,54,079,"West Virginia","Putnam County",1,29,623,320,303
050,54,079,"West Virginia","Putnam County",1,30,649,319,330
050,54,079,"West Virginia","Putnam County",1,31,659,324,335
050,54,079,"West Virginia","Putnam County",1,32,634,334,300
050,54,079,"West Virginia","Putnam County",1,33,645,331,314
050,54,079,"West Virginia","Putnam County",1,34,697,347,350
050,54,079,"West Virginia","Putnam County",1,35,698,340,358
050,54,079,"West Virginia","Putnam County",1,36,701,349,352
050,54,079,"West Virginia","Putnam County",1,37,782,366,416
050,54,079,"West Virginia","Putnam County",1,38,770,380,390
050,54,079,"West Virginia","Putnam County",1,39,745,389,356
050,54,079,"West Virginia","Putnam County",1,40,800,397,403
050,54,079,"West Virginia","Putnam County",1,41,802,399,403
050,54,079,"West Virginia","Putnam County",1,42,764,385,379
050,54,079,"West Virginia","Putnam County",1,43,802,389,413
050,54,079,"West Virginia","Putnam County",1,44,806,400,406
050,54,079,"West Virginia","Putnam County",1,45,774,387,387
050,54,079,"West Virginia","Putnam County",1,46,790,387,403
050,54,079,"West Virginia","Putnam County",1,47,804,401,403
050,54,079,"West Virginia","Putnam County",1,48,816,421,395
050,54,079,"West Virginia","Putnam County",1,49,821,403,418
050,54,079,"West Virginia","Putnam County",1,50,800,401,399
050,54,079,"West Virginia","Putnam County",1,51,802,418,384
050,54,079,"West Virginia","Putnam County",1,52,787,397,390
050,54,079,"West Virginia","Putnam County",1,53,767,394,373
050,54,079,"West Virginia","Putnam County",1,54,741,387,354
050,54,079,"West Virginia","Putnam County",1,55,784,389,395
050,54,079,"West Virginia","Putnam County",1,56,823,416,407
050,54,079,"West Virginia","Putnam County",1,57,804,398,406
050,54,079,"West Virginia","Putnam County",1,58,799,375,424
050,54,079,"West Virginia","Putnam County",1,59,800,389,411
050,54,079,"West Virginia","Putnam County",1,60,764,379,385
050,54,079,"West Virginia","Putnam County",1,61,804,406,398
050,54,079,"West Virginia","Putnam County",1,62,861,446,415
050,54,079,"West Virginia","Putnam County",1,63,809,390,419
050,54,079,"West Virginia","Putnam County",1,64,756,358,398
050,54,079,"West Virginia","Putnam County",1,65,734,364,370
050,54,079,"West Virginia","Putnam County",1,66,746,371,375
050,54,079,"West Virginia","Putnam County",1,67,726,345,381
050,54,079,"West Virginia","Putnam County",1,68,705,334,371
050,54,079,"West Virginia","Putnam County",1,69,649,312,337
050,54,079,"West Virginia","Putnam County",1,70,634,304,330
050,54,079,"West Virginia","Putnam County",1,71,636,301,335
050,54,079,"West Virginia","Putnam County",1,72,602,272,330
050,54,079,"West Virginia","Putnam County",1,73,627,303,324
050,54,079,"West Virginia","Putnam County",1,74,411,191,220
050,54,079,"West Virginia","Putnam County",1,75,428,194,234
050,54,079,"West Virginia","Putnam County",1,76,430,196,234
050,54,079,"West Virginia","Putnam County",1,77,419,194,225
050,54,079,"West Virginia","Putnam County",1,78,367,178,189
050,54,079,"West Virginia","Putnam County",1,79,347,152,195
050,54,079,"West Virginia","Putnam County",1,80,331,136,195
050,54,079,"West Virginia","Putnam County",1,81,292,130,162
050,54,079,"West Virginia","Putnam County",1,82,257,113,144
050,54,079,"West Virginia","Putnam County",1,83,210,82,128
050,54,079,"West Virginia","Putnam County",1,84,213,92,121
050,54,079,"West Virginia","Putnam County",1,85,984,339,645
050,54,079,"West Virginia","Putnam County",2,0,496,258,238
050,54,079,"West Virginia","Putnam County",2,1,516,260,256
050,54,079,"West Virginia","Putnam County",2,2,560,291,269
050,54,079,"West Virginia","Putnam County",2,3,590,309,281
050,54,079,"West Virginia","Putnam County",2,4,627,327,300
050,54,079,"West Virginia","Putnam County",2,5,689,364,325
050,54,079,"West Virginia","Putnam County",2,6,706,388,318
050,54,079,"West Virginia","Putnam County",2,7,705,376,329
050,54,079,"West Virginia","Putnam County",2,8,743,363,380
050,54,079,"West Virginia","Putnam County",2,9,724,362,362
050,54,079,"West Virginia","Putnam County",2,10,718,380,338
050,54,079,"West Virginia","Putnam County",2,11,759,397,362
050,54,079,"West Virginia","Putnam County",2,12,787,419,368
050,54,079,"West Virginia","Putnam County",2,13,784,413,371
050,54,079,"West Virginia","Putnam County",2,14,812,410,402
050,54,079,"West Virginia","Putnam County",2,15,798,414,384
050,54,079,"West Virginia","Putnam County",2,16,814,414,400
050,54,079,"West Virginia","Putnam County",2,17,810,413,397
050,54,079,"West Virginia","Putnam County",2,18,690,370,320
050,54,079,"West Virginia","Putnam County",2,19,539,293,246
050,54,079,"West Virginia","Putnam County",2,20,566,297,269
050,54,079,"West Virginia","Putnam County",2,21,556,286,270
050,54,079,"West Virginia","Putnam County",2,22,568,287,281
050,54,079,"West Virginia","Putnam County",2,23,606,315,291
050,54,079,"West Virginia","Putnam County",2,24,608,320,288
050,54,079,"West Virginia","Putnam County",2,25,591,307,284
050,54,079,"West Virginia","Putnam County",2,26,604,308,296
050,54,079,"West Virginia","Putnam County",2,27,616,315,301
050,54,079,"West Virginia","Putnam County",2,28,611,305,306
050,54,079,"West Virginia","Putnam County",2,29,624,317,307
050,54,079,"West Virginia","Putnam County",2,30,649,322,327
050,54,079,"West Virginia","Putnam County",2,31,654,323,331
050,54,079,"West Virginia","Putnam County",2,32,637,331,306
050,54,079,"West Virginia","Putnam County",2,33,636,326,310
050,54,079,"West Virginia","Putnam County",2,34,689,346,343
050,54,079,"West Virginia","Putnam County",2,35,705,347,358
050,54,079,"West Virginia","Putnam County",2,36,698,347,351
050,54,079,"West Virginia","Putnam County",2,37,763,362,401
050,54,079,"West Virginia","Putnam County",2,38,778,378,400
050,54,079,"West Virginia","Putnam County",2,39,753,387,366
050,54,079,"West Virginia","Putnam County",2,40,798,402,396
050,54,079,"West Virginia","Putnam County",2,41,802,399,403
050,54,079,"West Virginia","Putnam County",2,42,771,388,383
050,54,079,"West Virginia","Putnam County",2,43,795,389,406
050,54,079,"West Virginia","Putnam County",2,44,795,393,402
050,54,079,"West Virginia","Putnam County",2,45,787,393,394
050,54,079,"West Virginia","Putnam County",2,46,784,386,398
050,54,079,"West Virginia","Putnam County",2,47,796,395,401
050,54,079,"West Virginia","Putnam County",2,48,812,416,396
050,54,079,"West Virginia","Putnam County",2,49,823,411,412
050,54,079,"West Virginia","Putnam County",2,50,805,401,404
050,54,079,"West Virginia","Putnam County",2,51,798,410,388
050,54,079,"West Virginia","Putnam County",2,52,788,401,387
050,54,079,"West Virginia","Putnam County",2,53,773,398,375
050,54,079,"West Virginia","Putnam County",2,54,745,388,357
050,54,079,"West Virginia","Putnam County",2,55,771,384,387
050,54,079,"West Virginia","Putnam County",2,56,815,413,402
050,54,079,"West Virginia","Putnam County",2,57,809,403,406
050,54,079,"West Virginia","Putnam County",2,58,800,380,420
050,54,079,"West Virginia","Putnam County",2,59,804,387,417
050,54,079,"West Virginia","Putnam County",2,60,767,379,388
050,54,079,"West Virginia","Putnam County",2,61,792,398,394
050,54,079,"West Virginia","Putnam County",2,62,845,434,411
050,54,079,"West Virginia","Putnam County",2,63,831,407,424
050,54,079,"West Virginia","Putnam County",2,64,761,362,399
050,54,079,"West Virginia","Putnam County",2,65,737,361,376
050,54,079,"West Virginia","Putnam County",2,66,744,370,374
050,54,079,"West Virginia","Putnam County",2,67,723,346,377
050,54,079,"West Virginia","Putnam County",2,68,701,333,368
050,54,079,"West Virginia","Putnam County",2,69,667,319,348
050,54,079,"West Virginia","Putnam County",2,70,629,301,328
050,54,079,"West Virginia","Putnam County",2,71,628,296,332
050,54,079,"West Virginia","Putnam County",2,72,594,271,323
050,54,079,"West Virginia","Putnam County",2,73,653,310,343
050,54,079,"West Virginia","Putnam County",2,74,433,204,229
050,54,079,"West Virginia","Putnam County",2,75,425,193,232
050,54,079,"West Virginia","Putnam County",2,76,418,190,228
050,54,079,"West Virginia","Putnam County",2,77,428,200,228
050,54,079,"West Virginia","Putnam County",2,78,365,174,191
050,54,079,"West Virginia","Putnam County",2,79,347,155,192
050,54,079,"West Virginia","Putnam County",2,80,335,140,195
050,54,079,"West Virginia","Putnam County",2,81,291,129,162
050,54,079,"West Virginia","Putnam County",2,82,263,114,149
050,54,079,"West Virginia","Putnam County",2,83,218,87,131
050,54,079,"West Virginia","Putnam County",2,84,211,89,122
050,54,079,"West Virginia","Putnam County",2,85,988,340,648
050,54,079,"West Virginia","Putnam County",3,0,527,273,254
050,54,079,"West Virginia","Putnam County",3,1,543,270,273
050,54,079,"West Virginia","Putnam County",3,2,524,262,262
050,54,079,"West Virginia","Putnam County",3,3,592,306,286
050,54,079,"West Virginia","Putnam County",3,4,582,307,275
050,54,079,"West Virginia","Putnam County",3,5,648,330,318
050,54,079,"West Virginia","Putnam County",3,6,704,375,329
050,54,079,"West Virginia","Putnam County",3,7,724,395,329
050,54,079,"West Virginia","Putnam County",3,8,714,374,340
050,54,079,"West Virginia","Putnam County",3,9,747,362,385
050,54,079,"West Virginia","Putnam County",3,10,738,369,369
050,54,079,"West Virginia","Putnam County",3,11,738,400,338
050,54,079,"West Virginia","Putnam County",3,12,757,390,367
050,54,079,"West Virginia","Putnam County",3,13,783,412,371
050,54,079,"West Virginia","Putnam County",3,14,803,434,369
050,54,079,"West Virginia","Putnam County",3,15,820,403,417
050,54,079,"West Virginia","Putnam County",3,16,797,410,387
050,54,079,"West Virginia","Putnam County",3,17,812,406,406
050,54,079,"West Virginia","Putnam County",3,18,675,353,322
050,54,079,"West Virginia","Putnam County",3,19,519,282,237
050,54,079,"West Virginia","Putnam County",3,20,553,295,258
050,54,079,"West Virginia","Putnam County",3,21,591,306,285
050,54,079,"West Virginia","Putnam County",3,22,578,300,278
050,54,079,"West Virginia","Putnam County",3,23,580,290,290
050,54,079,"West Virginia","Putnam County",3,24,595,295,300
050,54,079,"West Virginia","Putnam County",3,25,614,314,300
050,54,079,"West Virginia","Putnam County",3,26,569,300,269
050,54,079,"West Virginia","Putnam County",3,27,604,309,295
050,54,079,"West Virginia","Putnam County",3,28,623,303,320
050,54,079,"West Virginia","Putnam County",3,29,616,308,308
050,54,079,"West Virginia","Putnam County",3,30,646,319,327
050,54,079,"West Virginia","Putnam County",3,31,656,320,336
050,54,079,"West Virginia","Putnam County",3,32,661,324,337
050,54,079,"West Virginia","Putnam County",3,33,654,331,323
050,54,079,"West Virginia","Putnam County",3,34,651,331,320
050,54,079,"West Virginia","Putnam County",3,35,693,356,337
050,54,079,"West Virginia","Putnam County",3,36,723,363,360
050,54,079,"West Virginia","Putnam County",3,37,717,356,361
050,54,079,"West Virginia","Putnam County",3,38,777,366,411
050,54,079,"West Virginia","Putnam County",3,39,775,386,389
050,54,079,"West Virginia","Putnam County",3,40,765,401,364
050,54,079,"West Virginia","Putnam County",3,41,822,418,404
050,54,079,"West Virginia","Putnam County",3,42,810,408,402
050,54,079,"West Virginia","Putnam County",3,43,771,394,377
050,54,079,"West Virginia","Putnam County",3,44,788,383,405
050,54,079,"West Virginia","Putnam County",3,45,778,389,389
050,54,079,"West Virginia","Putnam County",3,46,798,399,399
050,54,079,"West Virginia","Putnam County",3,47,764,375,389
050,54,079,"West Virginia","Putnam County",3,48,789,398,391
050,54,079,"West Virginia","Putnam County",3,49,798,394,404
050,54,079,"West Virginia","Putnam County",3,50,816,408,408
050,54,079,"West Virginia","Putnam County",3,51,792,398,394
050,54,079,"West Virginia","Putnam County",3,52,791,403,388
050,54,079,"West Virginia","Putnam County",3,53,774,393,381
050,54,079,"West Virginia","Putnam County",3,54,766,392,374
050,54,079,"West Virginia","Putnam County",3,55,741,392,349
050,54,079,"West Virginia","Putnam County",3,56,763,377,386
050,54,079,"West Virginia","Putnam County",3,57,808,412,396
050,54,079,"West Virginia","Putnam County",3,58,800,399,401
050,54,079,"West Virginia","Putnam County",3,59,807,381,426
050,54,079,"West Virginia","Putnam County",3,60,777,372,405
050,54,079,"West Virginia","Putnam County",3,61,734,364,370
050,54,079,"West Virginia","Putnam County",3,62,794,400,394
050,54,079,"West Virginia","Putnam County",3,63,845,428,417
050,54,079,"West Virginia","Putnam County",3,64,834,405,429
050,54,079,"West Virginia","Putnam County",3,65,754,355,399
050,54,079,"West Virginia","Putnam County",3,66,723,359,364
050,54,079,"West Virginia","Putnam County",3,67,735,360,375
050,54,079,"West Virginia","Putnam County",3,68,710,346,364
050,54,079,"West Virginia","Putnam County",3,69,692,327,365
050,54,079,"West Virginia","Putnam County",3,70,650,302,348
050,54,079,"West Virginia","Putnam County",3,71,616,294,322
050,54,079,"West Virginia","Putnam County",3,72,604,282,322
050,54,079,"West Virginia","Putnam County",3,73,572,258,314
050,54,079,"West Virginia","Putnam County",3,74,636,303,333
050,54,079,"West Virginia","Putnam County",3,75,419,194,225
050,54,079,"West Virginia","Putnam County",3,76,404,178,226
050,54,079,"West Virginia","Putnam County",3,77,405,181,224
050,54,079,"West Virginia","Putnam County",3,78,409,188,221
050,54,079,"West Virginia","Putnam County",3,79,347,162,185
050,54,079,"West Virginia","Putnam County",3,80,339,153,186
050,54,079,"West Virginia","Putnam County",3,81,297,128,169
050,54,079,"West Virginia","Putnam County",3,82,257,110,147
050,54,079,"West Virginia","Putnam County",3,83,238,97,141
050,54,079,"West Virginia","Putnam County",3,84,207,79,128
050,54,079,"West Virginia","Putnam County",3,85,997,351,646
050,54,079,"West Virginia","Putnam County",4,0,534,271,263
050,54,079,"West Virginia","Putnam County",4,1,535,288,247
050,54,079,"West Virginia","Putnam County",4,2,556,279,277
050,54,079,"West Virginia","Putnam County",4,3,518,263,255
050,54,079,"West Virginia","Putnam County",4,4,600,304,296
050,54,079,"West Virginia","Putnam County",4,5,599,323,276
050,54,079,"West Virginia","Putnam County",4,6,657,326,331
050,54,079,"West Virginia","Putnam County",4,7,697,365,332
050,54,079,"West Virginia","Putnam County",4,8,729,396,333
050,54,079,"West Virginia","Putnam County",4,9,715,377,338
050,54,079,"West Virginia","Putnam County",4,10,736,353,383
050,54,079,"West Virginia","Putnam County",4,11,741,365,376
050,54,079,"West Virginia","Putnam County",4,12,740,399,341
050,54,079,"West Virginia","Putnam County",4,13,764,402,362
050,54,079,"West Virginia","Putnam County",4,14,799,419,380
050,54,079,"West Virginia","Putnam County",4,15,785,428,357
050,54,079,"West Virginia","Putnam County",4,16,817,400,417
050,54,079,"West Virginia","Putnam County",4,17,791,406,385
050,54,079,"West Virginia","Putnam County",4,18,674,356,318
050,54,079,"West Virginia","Putnam County",4,19,500,264,236
050,54,079,"West Virginia","Putnam County",4,20,546,291,255
050,54,079,"West Virginia","Putnam County",4,21,566,306,260
050,54,079,"West Virginia","Putnam County",4,22,601,310,291
050,54,079,"West Virginia","Putnam County",4,23,601,307,294
050,54,079,"West Virginia","Putnam County",4,24,594,287,307
050,54,079,"West Virginia","Putnam County",4,25,610,307,303
050,54,079,"West Virginia","Putnam County",4,26,600,310,290
050,54,079,"West Virginia","Putnam County",4,27,572,295,277
050,54,079,"West Virginia","Putnam County",4,28,619,315,304
050,54,079,"West Virginia","Putnam County",4,29,612,303,309
050,54,079,"West Virginia","Putnam County",4,30,625,305,320
050,54,079,"West Virginia","Putnam County",4,31,654,328,326
050,54,079,"West Virginia","Putnam County",4,32,662,335,327
050,54,079,"West Virginia","Putnam County",4,33,670,334,336
050,54,079,"West Virginia","Putnam County",4,34,662,325,337
050,54,079,"West Virginia","Putnam County",4,35,649,334,315
050,54,079,"West Virginia","Putnam County",4,36,692,351,341
050,54,079,"West Virginia","Putnam County",4,37,728,362,366
050,54,079,"West Virginia","Putnam County",4,38,733,352,381
050,54,079,"West Virginia","Putnam County",4,39,780,372,408
050,54,079,"West Virginia","Putnam County",4,40,786,395,391
050,54,079,"West Virginia","Putnam County",4,41,751,383,368
050,54,079,"West Virginia","Putnam County",4,42,802,404,398
050,54,079,"West Virginia","Putnam County",4,43,801,405,396
050,54,079,"West Virginia","Putnam County",4,44,761,396,365
050,54,079,"West Virginia","Putnam County",4,45,792,389,403
050,54,079,"West Virginia","Putnam County",4,46,766,376,390
050,54,079,"West Virginia","Putnam County",4,47,787,395,392
050,54,079,"West Virginia","Putnam County",4,48,754,367,387
050,54,079,"West Virginia","Putnam County",4,49,791,392,399
050,54,079,"West Virginia","Putnam County",4,50,801,394,407
050,54,079,"West Virginia","Putnam County",4,51,805,404,401
050,54,079,"West Virginia","Putnam County",4,52,781,389,392
050,54,079,"West Virginia","Putnam County",4,53,782,393,389
050,54,079,"West Virginia","Putnam County",4,54,754,385,369
050,54,079,"West Virginia","Putnam County",4,55,771,387,384
050,54,079,"West Virginia","Putnam County",4,56,732,381,351
050,54,079,"West Virginia","Putnam County",4,57,757,376,381
050,54,079,"West Virginia","Putnam County",4,58,792,405,387
050,54,079,"West Virginia","Putnam County",4,59,798,397,401
050,54,079,"West Virginia","Putnam County",4,60,797,370,427
050,54,079,"West Virginia","Putnam County",4,61,767,366,401
050,54,079,"West Virginia","Putnam County",4,62,733,370,363
050,54,079,"West Virginia","Putnam County",4,63,787,391,396
050,54,079,"West Virginia","Putnam County",4,64,834,418,416
050,54,079,"West Virginia","Putnam County",4,65,813,395,418
050,54,079,"West Virginia","Putnam County",4,66,733,339,394
050,54,079,"West Virginia","Putnam County",4,67,715,350,365
050,54,079,"West Virginia","Putnam County",4,68,732,359,373
050,54,079,"West Virginia","Putnam County",4,69,707,343,364
050,54,079,"West Virginia","Putnam County",4,70,671,316,355
050,54,079,"West Virginia","Putnam County",4,71,637,293,344
050,54,079,"West Virginia","Putnam County",4,72,597,284,313
050,54,079,"West Virginia","Putnam County",4,73,600,279,321
050,54,079,"West Virginia","Putnam County",4,74,563,261,302
050,54,079,"West Virginia","Putnam County",4,75,636,296,340
050,54,079,"West Virginia","Putnam County",4,76,392,176,216
050,54,079,"West Virginia","Putnam County",4,77,386,168,218
050,54,079,"West Virginia","Putnam County",4,78,388,172,216
050,54,079,"West Virginia","Putnam County",4,79,380,171,209
050,54,079,"West Virginia","Putnam County",4,80,334,156,178
050,54,079,"West Virginia","Putnam County",4,81,309,138,171
050,54,079,"West Virginia","Putnam County",4,82,273,117,156
050,54,079,"West Virginia","Putnam County",4,83,228,92,136
050,54,079,"West Virginia","Putnam County",4,84,220,84,136
050,54,079,"West Virginia","Putnam County",4,85,1004,351,653
050,54,079,"West Virginia","Putnam County",5,0,534,271,263
050,54,079,"West Virginia","Putnam County",5,1,538,265,273
050,54,079,"West Virginia","Putnam County",5,2,539,292,247
050,54,079,"West Virginia","Putnam County",5,3,552,287,265
050,54,079,"West Virginia","Putnam County",5,4,517,265,252
050,54,079,"West Virginia","Putnam County",5,5,586,294,292
050,54,079,"West Virginia","Putnam County",5,6,592,316,276
050,54,079,"West Virginia","Putnam County",5,7,655,325,330
050,54,079,"West Virginia","Putnam County",5,8,678,354,324
050,54,079,"West Virginia","Putnam County",5,9,735,399,336
050,54,079,"West Virginia","Putnam County",5,10,736,386,350
050,54,079,"West Virginia","Putnam County",5,11,727,354,373
050,54,079,"West Virginia","Putnam County",5,12,740,367,373
050,54,079,"West Virginia","Putnam County",5,13,760,411,349
050,54,079,"West Virginia","Putnam County",5,14,762,402,360
050,54,079,"West Virginia","Putnam County",5,15,826,428,398
050,54,079,"West Virginia","Putnam County",5,16,789,423,366
050,54,079,"West Virginia","Putnam County",5,17,821,397,424
050,54,079,"West Virginia","Putnam County",5,18,659,356,303
050,54,079,"West Virginia","Putnam County",5,19,507,270,237
050,54,079,"West Virginia","Putnam County",5,20,531,267,264
050,54,079,"West Virginia","Putnam County",5,21,571,300,271
050,54,079,"West Virginia","Putnam County",5,22,600,312,288
050,54,079,"West Virginia","Putnam County",5,23,649,309,340
050,54,079,"West Virginia","Putnam County",5,24,612,319,293
050,54,079,"West Virginia","Putnam County",5,25,577,294,283
050,54,079,"West Virginia","Putnam County",5,26,604,299,305
050,54,079,"West Virginia","Putnam County",5,27,589,306,283
050,54,079,"West Virginia","Putnam County",5,28,569,291,278
050,54,079,"West Virginia","Putnam County",5,29,625,318,307
050,54,079,"West Virginia","Putnam County",5,30,608,304,304
050,54,079,"West Virginia","Putnam County",5,31,634,316,318
050,54,079,"West Virginia","Putnam County",5,32,670,338,332
050,54,079,"West Virginia","Putnam County",5,33,675,340,335
050,54,079,"West Virginia","Putnam County",5,34,667,330,337
050,54,079,"West Virginia","Putnam County",5,35,675,332,343
050,54,079,"West Virginia","Putnam County",5,36,655,340,315
050,54,079,"West Virginia","Putnam County",5,37,699,348,351
050,54,079,"West Virginia","Putnam County",5,38,738,360,378
050,54,079,"West Virginia","Putnam County",5,39,718,348,370
050,54,079,"West Virginia","Putnam County",5,40,805,389,416
050,54,079,"West Virginia","Putnam County",5,41,782,394,388
050,54,079,"West Virginia","Putnam County",5,42,772,394,378
050,54,079,"West Virginia","Putnam County",5,43,808,410,398
050,54,079,"West Virginia","Putnam County",5,44,803,397,406
050,54,079,"West Virginia","Putnam County",5,45,759,399,360
050,54,079,"West Virginia","Putnam County",5,46,801,395,406
050,54,079,"West Virginia","Putnam County",5,47,766,382,384
050,54,079,"West Virginia","Putnam County",5,48,785,394,391
050,54,079,"West Virginia","Putnam County",5,49,749,358,391
050,54,079,"West Virginia","Putnam County",5,50,774,391,383
050,54,079,"West Virginia","Putnam County",5,51,796,389,407
050,54,079,"West Virginia","Putnam County",5,52,817,408,409
050,54,079,"West Virginia","Putnam County",5,53,765,377,388
050,54,079,"West Virginia","Putnam County",5,54,774,386,388
050,54,079,"West Virginia","Putnam County",5,55,749,385,364
050,54,079,"West Virginia","Putnam County",5,56,775,381,394
050,54,079,"West Virginia","Putnam County",5,57,724,377,347
050,54,079,"West Virginia","Putnam County",5,58,745,373,372
050,54,079,"West Virginia","Putnam County",5,59,783,397,386
050,54,079,"West Virginia","Putnam County",5,60,781,392,389
050,54,079,"West Virginia","Putnam County",5,61,783,362,421
050,54,079,"West Virginia","Putnam County",5,62,772,371,401
050,54,079,"West Virginia","Putnam County",5,63,723,359,364
050,54,079,"West Virginia","Putnam County",5,64,765,377,388
050,54,079,"West Virginia","Putnam County",5,65,823,409,414
050,54,079,"West Virginia","Putnam County",5,66,814,397,417
050,54,079,"West Virginia","Putnam County",5,67,724,333,391
050,54,079,"West Virginia","Putnam County",5,68,711,346,365
050,54,079,"West Virginia","Putnam County",5,69,734,354,380
050,54,079,"West Virginia","Putnam County",5,70,687,332,355
050,54,079,"West Virginia","Putnam County",5,71,657,307,350
050,54,079,"West Virginia","Putnam County",5,72,619,287,332
050,54,079,"West Virginia","Putnam County",5,73,591,289,302
050,54,079,"West Virginia","Putnam County",5,74,584,277,307
050,54,079,"West Virginia","Putnam County",5,75,548,251,297
050,54,079,"West Virginia","Putnam County",5,76,601,276,325
050,54,079,"West Virginia","Putnam County",5,77,370,167,203
050,54,079,"West Virginia","Putnam County",5,78,374,160,214
050,54,079,"West Virginia","Putnam County",5,79,369,155,214
050,54,079,"West Virginia","Putnam County",5,80,366,162,204
050,54,079,"West Virginia","Putnam County",5,81,299,143,156
050,54,079,"West Virginia","Putnam County",5,82,290,126,164
050,54,079,"West Virginia","Putnam County",5,83,254,103,151
050,54,079,"West Virginia","Putnam County",5,84,215,82,133
050,54,079,"West Virginia","Putnam County",5,85,1057,364,693
050,54,081,"West Virginia","Raleigh County",1,0,776,401,375
050,54,081,"West Virginia","Raleigh County",1,1,790,419,371
050,54,081,"West Virginia","Raleigh County",1,2,793,419,374
050,54,081,"West Virginia","Raleigh County",1,3,829,425,404
050,54,081,"West Virginia","Raleigh County",1,4,791,400,391
050,54,081,"West Virginia","Raleigh County",1,5,820,397,423
050,54,081,"West Virginia","Raleigh County",1,6,879,456,423
050,54,081,"West Virginia","Raleigh County",1,7,876,443,433
050,54,081,"West Virginia","Raleigh County",1,8,891,459,432
050,54,081,"West Virginia","Raleigh County",1,9,913,467,446
050,54,081,"West Virginia","Raleigh County",1,10,947,477,470
050,54,081,"West Virginia","Raleigh County",1,11,959,495,464
050,54,081,"West Virginia","Raleigh County",1,12,985,493,492
050,54,081,"West Virginia","Raleigh County",1,13,937,485,452
050,54,081,"West Virginia","Raleigh County",1,14,918,473,445
050,54,081,"West Virginia","Raleigh County",1,15,910,463,447
050,54,081,"West Virginia","Raleigh County",1,16,906,452,454
050,54,081,"West Virginia","Raleigh County",1,17,868,448,420
050,54,081,"West Virginia","Raleigh County",1,18,792,432,360
050,54,081,"West Virginia","Raleigh County",1,19,682,360,322
050,54,081,"West Virginia","Raleigh County",1,20,725,389,336
050,54,081,"West Virginia","Raleigh County",1,21,776,409,367
050,54,081,"West Virginia","Raleigh County",1,22,818,431,387
050,54,081,"West Virginia","Raleigh County",1,23,838,466,372
050,54,081,"West Virginia","Raleigh County",1,24,829,450,379
050,54,081,"West Virginia","Raleigh County",1,25,854,441,413
050,54,081,"West Virginia","Raleigh County",1,26,824,443,381
050,54,081,"West Virginia","Raleigh County",1,27,866,469,397
050,54,081,"West Virginia","Raleigh County",1,28,909,483,426
050,54,081,"West Virginia","Raleigh County",1,29,974,564,410
050,54,081,"West Virginia","Raleigh County",1,30,1001,523,478
050,54,081,"West Virginia","Raleigh County",1,31,898,467,431
050,54,081,"West Virginia","Raleigh County",1,32,901,496,405
050,54,081,"West Virginia","Raleigh County",1,33,882,463,419
050,54,081,"West Virginia","Raleigh County",1,34,873,476,397
050,54,081,"West Virginia","Raleigh County",1,35,804,447,357
050,54,081,"West Virginia","Raleigh County",1,36,860,466,394
050,54,081,"West Virginia","Raleigh County",1,37,922,483,439
050,54,081,"West Virginia","Raleigh County",1,38,898,473,425
050,54,081,"West Virginia","Raleigh County",1,39,928,456,472
050,54,081,"West Virginia","Raleigh County",1,40,943,477,466
050,54,081,"West Virginia","Raleigh County",1,41,967,493,474
050,54,081,"West Virginia","Raleigh County",1,42,1016,528,488
050,54,081,"West Virginia","Raleigh County",1,43,970,505,465
050,54,081,"West Virginia","Raleigh County",1,44,968,511,457
050,54,081,"West Virginia","Raleigh County",1,45,953,504,449
050,54,081,"West Virginia","Raleigh County",1,46,994,507,487
050,54,081,"West Virginia","Raleigh County",1,47,1026,536,490
050,54,081,"West Virginia","Raleigh County",1,48,1005,524,481
050,54,081,"West Virginia","Raleigh County",1,49,997,522,475
050,54,081,"West Virginia","Raleigh County",1,50,948,500,448
050,54,081,"West Virginia","Raleigh County",1,51,888,476,412
050,54,081,"West Virginia","Raleigh County",1,52,868,452,416
050,54,081,"West Virginia","Raleigh County",1,53,850,428,422
050,54,081,"West Virginia","Raleigh County",1,54,824,420,404
050,54,081,"West Virginia","Raleigh County",1,55,866,447,419
050,54,081,"West Virginia","Raleigh County",1,56,929,462,467
050,54,081,"West Virginia","Raleigh County",1,57,899,437,462
050,54,081,"West Virginia","Raleigh County",1,58,926,443,483
050,54,081,"West Virginia","Raleigh County",1,59,951,436,515
050,54,081,"West Virginia","Raleigh County",1,60,1004,465,539
050,54,081,"West Virginia","Raleigh County",1,61,1050,500,550
050,54,081,"West Virginia","Raleigh County",1,62,1108,526,582
050,54,081,"West Virginia","Raleigh County",1,63,1103,536,567
050,54,081,"West Virginia","Raleigh County",1,64,1062,502,560
050,54,081,"West Virginia","Raleigh County",1,65,1061,503,558
050,54,081,"West Virginia","Raleigh County",1,66,1065,520,545
050,54,081,"West Virginia","Raleigh County",1,67,1014,500,514
050,54,081,"West Virginia","Raleigh County",1,68,1077,530,547
050,54,081,"West Virginia","Raleigh County",1,69,1019,503,516
050,54,081,"West Virginia","Raleigh County",1,70,998,483,515
050,54,081,"West Virginia","Raleigh County",1,71,969,477,492
050,54,081,"West Virginia","Raleigh County",1,72,1003,484,519
050,54,081,"West Virginia","Raleigh County",1,73,946,431,515
050,54,081,"West Virginia","Raleigh County",1,74,634,291,343
050,54,081,"West Virginia","Raleigh County",1,75,624,296,328
050,54,081,"West Virginia","Raleigh County",1,76,570,273,297
050,54,081,"West Virginia","Raleigh County",1,77,540,253,287
050,54,081,"West Virginia","Raleigh County",1,78,470,207,263
050,54,081,"West Virginia","Raleigh County",1,79,462,207,255
050,54,081,"West Virginia","Raleigh County",1,80,409,182,227
050,54,081,"West Virginia","Raleigh County",1,81,380,164,216
050,54,081,"West Virginia","Raleigh County",1,82,359,142,217
050,54,081,"West Virginia","Raleigh County",1,83,299,109,190
050,54,081,"West Virginia","Raleigh County",1,84,300,121,179
050,54,081,"West Virginia","Raleigh County",1,85,1627,553,1074
050,54,081,"West Virginia","Raleigh County",2,0,763,394,369
050,54,081,"West Virginia","Raleigh County",2,1,786,414,372
050,54,081,"West Virginia","Raleigh County",2,2,791,417,374
050,54,081,"West Virginia","Raleigh County",2,3,814,419,395
050,54,081,"West Virginia","Raleigh County",2,4,801,406,395
050,54,081,"West Virginia","Raleigh County",2,5,814,398,416
050,54,081,"West Virginia","Raleigh County",2,6,865,443,422
050,54,081,"West Virginia","Raleigh County",2,7,872,444,428
050,54,081,"West Virginia","Raleigh County",2,8,885,451,434
050,54,081,"West Virginia","Raleigh County",2,9,904,463,441
050,54,081,"West Virginia","Raleigh County",2,10,935,476,459
050,54,081,"West Virginia","Raleigh County",2,11,950,487,463
050,54,081,"West Virginia","Raleigh County",2,12,976,492,484
050,54,081,"West Virginia","Raleigh County",2,13,945,487,458
050,54,081,"West Virginia","Raleigh County",2,14,921,474,447
050,54,081,"West Virginia","Raleigh County",2,15,912,465,447
050,54,081,"West Virginia","Raleigh County",2,16,909,456,453
050,54,081,"West Virginia","Raleigh County",2,17,881,451,430
050,54,081,"West Virginia","Raleigh County",2,18,783,425,358
050,54,081,"West Virginia","Raleigh County",2,19,695,368,327
050,54,081,"West Virginia","Raleigh County",2,20,723,386,337
050,54,081,"West Virginia","Raleigh County",2,21,777,412,365
050,54,081,"West Virginia","Raleigh County",2,22,815,435,380
050,54,081,"West Virginia","Raleigh County",2,23,833,458,375
050,54,081,"West Virginia","Raleigh County",2,24,830,452,378
050,54,081,"West Virginia","Raleigh County",2,25,854,447,407
050,54,081,"West Virginia","Raleigh County",2,26,826,436,390
050,54,081,"West Virginia","Raleigh County",2,27,861,463,398
050,54,081,"West Virginia","Raleigh County",2,28,899,482,417
050,54,081,"West Virginia","Raleigh County",2,29,968,552,416
050,54,081,"West Virginia","Raleigh County",2,30,996,531,465
050,54,081,"West Virginia","Raleigh County",2,31,914,476,438
050,54,081,"West Virginia","Raleigh County",2,32,901,491,410
050,54,081,"West Virginia","Raleigh County",2,33,877,465,412
050,54,081,"West Virginia","Raleigh County",2,34,871,468,403
050,54,081,"West Virginia","Raleigh County",2,35,816,450,366
050,54,081,"West Virginia","Raleigh County",2,36,838,458,380
050,54,081,"West Virginia","Raleigh County",2,37,901,474,427
050,54,081,"West Virginia","Raleigh County",2,38,908,478,430
050,54,081,"West Virginia","Raleigh County",2,39,914,456,458
050,54,081,"West Virginia","Raleigh County",2,40,944,476,468
050,54,081,"West Virginia","Raleigh County",2,41,957,484,473
050,54,081,"West Virginia","Raleigh County",2,42,1001,518,483
050,54,081,"West Virginia","Raleigh County",2,43,982,507,475
050,54,081,"West Virginia","Raleigh County",2,44,959,505,454
050,54,081,"West Virginia","Raleigh County",2,45,955,504,451
050,54,081,"West Virginia","Raleigh County",2,46,978,503,475
050,54,081,"West Virginia","Raleigh County",2,47,1012,527,485
050,54,081,"West Virginia","Raleigh County",2,48,1007,527,480
050,54,081,"West Virginia","Raleigh County",2,49,996,519,477
050,54,081,"West Virginia","Raleigh County",2,50,962,507,455
050,54,081,"West Virginia","Raleigh County",2,51,899,480,419
050,54,081,"West Virginia","Raleigh County",2,52,869,457,412
050,54,081,"West Virginia","Raleigh County",2,53,850,432,418
050,54,081,"West Virginia","Raleigh County",2,54,828,420,408
050,54,081,"West Virginia","Raleigh County",2,55,855,438,417
050,54,081,"West Virginia","Raleigh County",2,56,920,462,458
050,54,081,"West Virginia","Raleigh County",2,57,903,442,461
050,54,081,"West Virginia","Raleigh County",2,58,911,438,473
050,54,081,"West Virginia","Raleigh County",2,59,950,440,510
050,54,081,"West Virginia","Raleigh County",2,60,980,454,526
050,54,081,"West Virginia","Raleigh County",2,61,1028,485,543
050,54,081,"West Virginia","Raleigh County",2,62,1085,516,569
050,54,081,"West Virginia","Raleigh County",2,63,1103,531,572
050,54,081,"West Virginia","Raleigh County",2,64,1059,504,555
050,54,081,"West Virginia","Raleigh County",2,65,1052,497,555
050,54,081,"West Virginia","Raleigh County",2,66,1063,516,547
050,54,081,"West Virginia","Raleigh County",2,67,1014,498,516
050,54,081,"West Virginia","Raleigh County",2,68,1051,516,535
050,54,081,"West Virginia","Raleigh County",2,69,1030,508,522
050,54,081,"West Virginia","Raleigh County",2,70,990,480,510
050,54,081,"West Virginia","Raleigh County",2,71,974,476,498
050,54,081,"West Virginia","Raleigh County",2,72,976,476,500
050,54,081,"West Virginia","Raleigh County",2,73,998,458,540
050,54,081,"West Virginia","Raleigh County",2,74,659,299,360
050,54,081,"West Virginia","Raleigh County",2,75,622,290,332
050,54,081,"West Virginia","Raleigh County",2,76,576,277,299
050,54,081,"West Virginia","Raleigh County",2,77,561,263,298
050,54,081,"West Virginia","Raleigh County",2,78,476,213,263
050,54,081,"West Virginia","Raleigh County",2,79,461,202,259
050,54,081,"West Virginia","Raleigh County",2,80,414,186,228
050,54,081,"West Virginia","Raleigh County",2,81,378,165,213
050,54,081,"West Virginia","Raleigh County",2,82,362,145,217
050,54,081,"West Virginia","Raleigh County",2,83,302,113,189
050,54,081,"West Virginia","Raleigh County",2,84,295,117,178
050,54,081,"West Virginia","Raleigh County",2,85,1623,556,1067
050,54,081,"West Virginia","Raleigh County",3,0,667,321,346
050,54,081,"West Virginia","Raleigh County",3,1,760,396,364
050,54,081,"West Virginia","Raleigh County",3,2,805,431,374
050,54,081,"West Virginia","Raleigh County",3,3,785,418,367
050,54,081,"West Virginia","Raleigh County",3,4,819,418,401
050,54,081,"West Virginia","Raleigh County",3,5,803,409,394
050,54,081,"West Virginia","Raleigh County",3,6,814,400,414
050,54,081,"West Virginia","Raleigh County",3,7,861,442,419
050,54,081,"West Virginia","Raleigh County",3,8,895,455,440
050,54,081,"West Virginia","Raleigh County",3,9,896,452,444
050,54,081,"West Virginia","Raleigh County",3,10,911,471,440
050,54,081,"West Virginia","Raleigh County",3,11,949,475,474
050,54,081,"West Virginia","Raleigh County",3,12,965,495,470
050,54,081,"West Virginia","Raleigh County",3,13,968,504,464
050,54,081,"West Virginia","Raleigh County",3,14,956,486,470
050,54,081,"West Virginia","Raleigh County",3,15,939,473,466
050,54,081,"West Virginia","Raleigh County",3,16,909,466,443
050,54,081,"West Virginia","Raleigh County",3,17,914,460,454
050,54,081,"West Virginia","Raleigh County",3,18,799,423,376
050,54,081,"West Virginia","Raleigh County",3,19,685,354,331
050,54,081,"West Virginia","Raleigh County",3,20,721,377,344
050,54,081,"West Virginia","Raleigh County",3,21,793,427,366
050,54,081,"West Virginia","Raleigh County",3,22,813,449,364
050,54,081,"West Virginia","Raleigh County",3,23,848,452,396
050,54,081,"West Virginia","Raleigh County",3,24,821,443,378
050,54,081,"West Virginia","Raleigh County",3,25,850,470,380
050,54,081,"West Virginia","Raleigh County",3,26,827,429,398
050,54,081,"West Virginia","Raleigh County",3,27,834,446,388
050,54,081,"West Virginia","Raleigh County",3,28,864,464,400
050,54,081,"West Virginia","Raleigh County",3,29,946,518,428
050,54,081,"West Virginia","Raleigh County",3,30,954,536,418
050,54,081,"West Virginia","Raleigh County",3,31,993,522,471
050,54,081,"West Virginia","Raleigh County",3,32,939,500,439
050,54,081,"West Virginia","Raleigh County",3,33,890,479,411
050,54,081,"West Virginia","Raleigh County",3,34,861,456,405
050,54,081,"West Virginia","Raleigh County",3,35,871,462,409
050,54,081,"West Virginia","Raleigh County",3,36,818,460,358
050,54,081,"West Virginia","Raleigh County",3,37,806,428,378
050,54,081,"West Virginia","Raleigh County",3,38,887,456,431
050,54,081,"West Virginia","Raleigh County",3,39,881,466,415
050,54,081,"West Virginia","Raleigh County",3,40,910,456,454
050,54,081,"West Virginia","Raleigh County",3,41,940,469,471
050,54,081,"West Virginia","Raleigh County",3,42,966,504,462
050,54,081,"West Virginia","Raleigh County",3,43,965,490,475
050,54,081,"West Virginia","Raleigh County",3,44,991,511,480
050,54,081,"West Virginia","Raleigh County",3,45,933,484,449
050,54,081,"West Virginia","Raleigh County",3,46,941,499,442
050,54,081,"West Virginia","Raleigh County",3,47,969,503,466
050,54,081,"West Virginia","Raleigh County",3,48,1016,533,483
050,54,081,"West Virginia","Raleigh County",3,49,973,491,482
050,54,081,"West Virginia","Raleigh County",3,50,1002,517,485
050,54,081,"West Virginia","Raleigh County",3,51,960,514,446
050,54,081,"West Virginia","Raleigh County",3,52,890,473,417
050,54,081,"West Virginia","Raleigh County",3,53,838,434,404
050,54,081,"West Virginia","Raleigh County",3,54,834,421,413
050,54,081,"West Virginia","Raleigh County",3,55,791,389,402
050,54,081,"West Virginia","Raleigh County",3,56,862,442,420
050,54,081,"West Virginia","Raleigh County",3,57,894,449,445
050,54,081,"West Virginia","Raleigh County",3,58,885,428,457
050,54,081,"West Virginia","Raleigh County",3,59,886,425,461
050,54,081,"West Virginia","Raleigh County",3,60,917,420,497
050,54,081,"West Virginia","Raleigh County",3,61,961,439,522
050,54,081,"West Virginia","Raleigh County",3,62,1006,471,535
050,54,081,"West Virginia","Raleigh County",3,63,1058,499,559
050,54,081,"West Virginia","Raleigh County",3,64,1098,524,574
050,54,081,"West Virginia","Raleigh County",3,65,1038,497,541
050,54,081,"West Virginia","Raleigh County",3,66,1031,486,545
050,54,081,"West Virginia","Raleigh County",3,67,1034,502,532
050,54,081,"West Virginia","Raleigh County",3,68,991,477,514
050,54,081,"West Virginia","Raleigh County",3,69,1007,490,517
050,54,081,"West Virginia","Raleigh County",3,70,997,481,516
050,54,081,"West Virginia","Raleigh County",3,71,946,459,487
050,54,081,"West Virginia","Raleigh County",3,72,960,467,493
050,54,081,"West Virginia","Raleigh County",3,73,926,449,477
050,54,081,"West Virginia","Raleigh County",3,74,949,430,519
050,54,081,"West Virginia","Raleigh County",3,75,628,280,348
050,54,081,"West Virginia","Raleigh County",3,76,599,281,318
050,54,081,"West Virginia","Raleigh County",3,77,551,253,298
050,54,081,"West Virginia","Raleigh County",3,78,534,253,281
050,54,081,"West Virginia","Raleigh County",3,79,460,200,260
050,54,081,"West Virginia","Raleigh County",3,80,425,184,241
050,54,081,"West Virginia","Raleigh County",3,81,376,172,204
050,54,081,"West Virginia","Raleigh County",3,82,351,150,201
050,54,081,"West Virginia","Raleigh County",3,83,314,126,188
050,54,081,"West Virginia","Raleigh County",3,84,274,104,170
050,54,081,"West Virginia","Raleigh County",3,85,1585,556,1029
050,54,081,"West Virginia","Raleigh County",4,0,646,327,319
050,54,081,"West Virginia","Raleigh County",4,1,677,330,347
050,54,081,"West Virginia","Raleigh County",4,2,761,400,361
050,54,081,"West Virginia","Raleigh County",4,3,797,424,373
050,54,081,"West Virginia","Raleigh County",4,4,803,426,377
050,54,081,"West Virginia","Raleigh County",4,5,805,405,400
050,54,081,"West Virginia","Raleigh County",4,6,796,416,380
050,54,081,"West Virginia","Raleigh County",4,7,833,413,420
050,54,081,"West Virginia","Raleigh County",4,8,867,447,420
050,54,081,"West Virginia","Raleigh County",4,9,884,454,430
050,54,081,"West Virginia","Raleigh County",4,10,898,445,453
050,54,081,"West Virginia","Raleigh County",4,11,915,471,444
050,54,081,"West Virginia","Raleigh County",4,12,941,470,471
050,54,081,"West Virginia","Raleigh County",4,13,954,490,464
050,54,081,"West Virginia","Raleigh County",4,14,971,496,475
050,54,081,"West Virginia","Raleigh County",4,15,967,493,474
050,54,081,"West Virginia","Raleigh County",4,16,937,475,462
050,54,081,"West Virginia","Raleigh County",4,17,901,464,437
050,54,081,"West Virginia","Raleigh County",4,18,806,423,383
050,54,081,"West Virginia","Raleigh County",4,19,680,342,338
050,54,081,"West Virginia","Raleigh County",4,20,704,370,334
050,54,081,"West Virginia","Raleigh County",4,21,778,415,363
050,54,081,"West Virginia","Raleigh County",4,22,865,482,383
050,54,081,"West Virginia","Raleigh County",4,23,851,464,387
050,54,081,"West Virginia","Raleigh County",4,24,833,440,393
050,54,081,"West Virginia","Raleigh County",4,25,850,461,389
050,54,081,"West Virginia","Raleigh County",4,26,814,440,374
050,54,081,"West Virginia","Raleigh County",4,27,842,457,385
050,54,081,"West Virginia","Raleigh County",4,28,819,444,375
050,54,081,"West Virginia","Raleigh County",4,29,907,497,410
050,54,081,"West Virginia","Raleigh County",4,30,919,492,427
050,54,081,"West Virginia","Raleigh County",4,31,908,499,409
050,54,081,"West Virginia","Raleigh County",4,32,993,523,470
050,54,081,"West Virginia","Raleigh County",4,33,904,478,426
050,54,081,"West Virginia","Raleigh County",4,34,887,485,402
050,54,081,"West Virginia","Raleigh County",4,35,836,444,392
050,54,081,"West Virginia","Raleigh County",4,36,868,464,404
050,54,081,"West Virginia","Raleigh County",4,37,805,441,364
050,54,081,"West Virginia","Raleigh County",4,38,812,442,370
050,54,081,"West Virginia","Raleigh County",4,39,851,432,419
050,54,081,"West Virginia","Raleigh County",4,40,847,449,398
050,54,081,"West Virginia","Raleigh County",4,41,901,439,462
050,54,081,"West Virginia","Raleigh County",4,42,941,486,455
050,54,081,"West Virginia","Raleigh County",4,43,951,489,462
050,54,081,"West Virginia","Raleigh County",4,44,974,506,468
050,54,081,"West Virginia","Raleigh County",4,45,970,495,475
050,54,081,"West Virginia","Raleigh County",4,46,919,469,450
050,54,081,"West Virginia","Raleigh County",4,47,930,494,436
050,54,081,"West Virginia","Raleigh County",4,48,970,515,455
050,54,081,"West Virginia","Raleigh County",4,49,971,487,484
050,54,081,"West Virginia","Raleigh County",4,50,971,489,482
050,54,081,"West Virginia","Raleigh County",4,51,986,510,476
050,54,081,"West Virginia","Raleigh County",4,52,949,503,446
050,54,081,"West Virginia","Raleigh County",4,53,846,438,408
050,54,081,"West Virginia","Raleigh County",4,54,831,430,401
050,54,081,"West Virginia","Raleigh County",4,55,807,399,408
050,54,081,"West Virginia","Raleigh County",4,56,821,408,413
050,54,081,"West Virginia","Raleigh County",4,57,839,424,415
050,54,081,"West Virginia","Raleigh County",4,58,879,443,436
050,54,081,"West Virginia","Raleigh County",4,59,880,425,455
050,54,081,"West Virginia","Raleigh County",4,60,853,401,452
050,54,081,"West Virginia","Raleigh County",4,61,892,404,488
050,54,081,"West Virginia","Raleigh County",4,62,923,419,504
050,54,081,"West Virginia","Raleigh County",4,63,989,461,528
050,54,081,"West Virginia","Raleigh County",4,64,1030,481,549
050,54,081,"West Virginia","Raleigh County",4,65,1044,497,547
050,54,081,"West Virginia","Raleigh County",4,66,1002,487,515
050,54,081,"West Virginia","Raleigh County",4,67,1007,470,537
050,54,081,"West Virginia","Raleigh County",4,68,1004,485,519
050,54,081,"West Virginia","Raleigh County",4,69,959,462,497
050,54,081,"West Virginia","Raleigh County",4,70,984,466,518
050,54,081,"West Virginia","Raleigh County",4,71,971,465,506
050,54,081,"West Virginia","Raleigh County",4,72,931,457,474
050,54,081,"West Virginia","Raleigh County",4,73,917,449,468
050,54,081,"West Virginia","Raleigh County",4,74,879,425,454
050,54,081,"West Virginia","Raleigh County",4,75,905,399,506
050,54,081,"West Virginia","Raleigh County",4,76,589,265,324
050,54,081,"West Virginia","Raleigh County",4,77,567,255,312
050,54,081,"West Virginia","Raleigh County",4,78,513,241,272
050,54,081,"West Virginia","Raleigh County",4,79,514,241,273
050,54,081,"West Virginia","Raleigh County",4,80,411,181,230
050,54,081,"West Virginia","Raleigh County",4,81,380,168,212
050,54,081,"West Virginia","Raleigh County",4,82,348,160,188
050,54,081,"West Virginia","Raleigh County",4,83,304,133,171
050,54,081,"West Virginia","Raleigh County",4,84,288,117,171
050,54,081,"West Virginia","Raleigh County",4,85,1529,553,976
050,54,081,"West Virginia","Raleigh County",5,0,649,327,322
050,54,081,"West Virginia","Raleigh County",5,1,650,338,312
050,54,081,"West Virginia","Raleigh County",5,2,686,331,355
050,54,081,"West Virginia","Raleigh County",5,3,750,395,355
050,54,081,"West Virginia","Raleigh County",5,4,797,426,371
050,54,081,"West Virginia","Raleigh County",5,5,787,413,374
050,54,081,"West Virginia","Raleigh County",5,6,809,408,401
050,54,081,"West Virginia","Raleigh County",5,7,816,423,393
050,54,081,"West Virginia","Raleigh County",5,8,834,407,427
050,54,081,"West Virginia","Raleigh County",5,9,853,444,409
050,54,081,"West Virginia","Raleigh County",5,10,900,458,442
050,54,081,"West Virginia","Raleigh County",5,11,901,446,455
050,54,081,"West Virginia","Raleigh County",5,12,919,480,439
050,54,081,"West Virginia","Raleigh County",5,13,932,471,461
050,54,081,"West Virginia","Raleigh County",5,14,948,474,474
050,54,081,"West Virginia","Raleigh County",5,15,991,496,495
050,54,081,"West Virginia","Raleigh County",5,16,963,486,477
050,54,081,"West Virginia","Raleigh County",5,17,941,476,465
050,54,081,"West Virginia","Raleigh County",5,18,788,425,363
050,54,081,"West Virginia","Raleigh County",5,19,685,348,337
050,54,081,"West Virginia","Raleigh County",5,20,723,373,350
050,54,081,"West Virginia","Raleigh County",5,21,778,417,361
050,54,081,"West Virginia","Raleigh County",5,22,831,461,370
050,54,081,"West Virginia","Raleigh County",5,23,884,487,397
050,54,081,"West Virginia","Raleigh County",5,24,844,463,381
050,54,081,"West Virginia","Raleigh County",5,25,873,470,403
050,54,081,"West Virginia","Raleigh County",5,26,828,444,384
050,54,081,"West Virginia","Raleigh County",5,27,835,461,374
050,54,081,"West Virginia","Raleigh County",5,28,847,463,384
050,54,081,"West Virginia","Raleigh County",5,29,837,471,366
050,54,081,"West Virginia","Raleigh County",5,30,912,493,419
050,54,081,"West Virginia","Raleigh County",5,31,915,473,442
050,54,081,"West Virginia","Raleigh County",5,32,914,502,412
050,54,081,"West Virginia","Raleigh County",5,33,983,507,476
050,54,081,"West Virginia","Raleigh County",5,34,897,482,415
050,54,081,"West Virginia","Raleigh County",5,35,862,459,403
050,54,081,"West Virginia","Raleigh County",5,36,848,459,389
050,54,081,"West Virginia","Raleigh County",5,37,853,449,404
050,54,081,"West Virginia","Raleigh County",5,38,784,425,359
050,54,081,"West Virginia","Raleigh County",5,39,784,421,363
050,54,081,"West Virginia","Raleigh County",5,40,863,438,425
050,54,081,"West Virginia","Raleigh County",5,41,845,442,403
050,54,081,"West Virginia","Raleigh County",5,42,912,455,457
050,54,081,"West Virginia","Raleigh County",5,43,946,478,468
050,54,081,"West Virginia","Raleigh County",5,44,939,489,450
050,54,081,"West Virginia","Raleigh County",5,45,971,494,477
050,54,081,"West Virginia","Raleigh County",5,46,964,491,473
050,54,081,"West Virginia","Raleigh County",5,47,932,472,460
050,54,081,"West Virginia","Raleigh County",5,48,939,506,433
050,54,081,"West Virginia","Raleigh County",5,49,933,482,451
050,54,081,"West Virginia","Raleigh County",5,50,973,488,485
050,54,081,"West Virginia","Raleigh County",5,51,979,486,493
050,54,081,"West Virginia","Raleigh County",5,52,982,513,469
050,54,081,"West Virginia","Raleigh County",5,53,947,500,447
050,54,081,"West Virginia","Raleigh County",5,54,849,436,413
050,54,081,"West Virginia","Raleigh County",5,55,808,407,401
050,54,081,"West Virginia","Raleigh County",5,56,832,415,417
050,54,081,"West Virginia","Raleigh County",5,57,801,399,402
050,54,081,"West Virginia","Raleigh County",5,58,804,400,404
050,54,081,"West Virginia","Raleigh County",5,59,863,440,423
050,54,081,"West Virginia","Raleigh County",5,60,847,405,442
050,54,081,"West Virginia","Raleigh County",5,61,834,394,440
050,54,081,"West Virginia","Raleigh County",5,62,870,397,473
050,54,081,"West Virginia","Raleigh County",5,63,917,415,502
050,54,081,"West Virginia","Raleigh County",5,64,973,452,521
050,54,081,"West Virginia","Raleigh County",5,65,989,454,535
050,54,081,"West Virginia","Raleigh County",5,66,1026,489,537
050,54,081,"West Virginia","Raleigh County",5,67,988,478,510
050,54,081,"West Virginia","Raleigh County",5,68,976,446,530
050,54,081,"West Virginia","Raleigh County",5,69,973,474,499
050,54,081,"West Virginia","Raleigh County",5,70,921,435,486
050,54,081,"West Virginia","Raleigh County",5,71,960,457,503
050,54,081,"West Virginia","Raleigh County",5,72,965,471,494
050,54,081,"West Virginia","Raleigh County",5,73,900,443,457
050,54,081,"West Virginia","Raleigh County",5,74,874,423,451
050,54,081,"West Virginia","Raleigh County",5,75,849,408,441
050,54,081,"West Virginia","Raleigh County",5,76,862,384,478
050,54,081,"West Virginia","Raleigh County",5,77,562,240,322
050,54,081,"West Virginia","Raleigh County",5,78,538,248,290
050,54,081,"West Virginia","Raleigh County",5,79,497,232,265
050,54,081,"West Virginia","Raleigh County",5,80,474,223,251
050,54,081,"West Virginia","Raleigh County",5,81,377,169,208
050,54,081,"West Virginia","Raleigh County",5,82,359,159,200
050,54,081,"West Virginia","Raleigh County",5,83,301,142,159
050,54,081,"West Virginia","Raleigh County",5,84,287,127,160
050,54,081,"West Virginia","Raleigh County",5,85,1524,567,957
050,54,083,"West Virginia","Randolph County",1,0,242,126,116
050,54,083,"West Virginia","Randolph County",1,1,266,141,125
050,54,083,"West Virginia","Randolph County",1,2,281,147,134
050,54,083,"West Virginia","Randolph County",1,3,290,155,135
050,54,083,"West Virginia","Randolph County",1,4,284,148,136
050,54,083,"West Virginia","Randolph County",1,5,282,159,123
050,54,083,"West Virginia","Randolph County",1,6,281,146,135
050,54,083,"West Virginia","Randolph County",1,7,293,134,159
050,54,083,"West Virginia","Randolph County",1,8,292,134,158
050,54,083,"West Virginia","Randolph County",1,9,289,147,142
050,54,083,"West Virginia","Randolph County",1,10,268,143,125
050,54,083,"West Virginia","Randolph County",1,11,309,161,148
050,54,083,"West Virginia","Randolph County",1,12,297,152,145
050,54,083,"West Virginia","Randolph County",1,13,295,151,144
050,54,083,"West Virginia","Randolph County",1,14,292,152,140
050,54,083,"West Virginia","Randolph County",1,15,318,177,141
050,54,083,"West Virginia","Randolph County",1,16,328,172,156
050,54,083,"West Virginia","Randolph County",1,17,313,169,144
050,54,083,"West Virginia","Randolph County",1,18,332,171,161
050,54,083,"West Virginia","Randolph County",1,19,335,183,152
050,54,083,"West Virginia","Randolph County",1,20,323,173,150
050,54,083,"West Virginia","Randolph County",1,21,335,193,142
050,54,083,"West Virginia","Randolph County",1,22,345,213,132
050,54,083,"West Virginia","Randolph County",1,23,340,208,132
050,54,083,"West Virginia","Randolph County",1,24,344,198,146
050,54,083,"West Virginia","Randolph County",1,25,339,198,141
050,54,083,"West Virginia","Randolph County",1,26,344,210,134
050,54,083,"West Virginia","Randolph County",1,27,375,224,151
050,54,083,"West Virginia","Randolph County",1,28,381,223,158
050,54,083,"West Virginia","Randolph County",1,29,361,210,151
050,54,083,"West Virginia","Randolph County",1,30,348,206,142
050,54,083,"West Virginia","Randolph County",1,31,348,199,149
050,54,083,"West Virginia","Randolph County",1,32,346,203,143
050,54,083,"West Virginia","Randolph County",1,33,315,176,139
050,54,083,"West Virginia","Randolph County",1,34,307,169,138
050,54,083,"West Virginia","Randolph County",1,35,306,177,129
050,54,083,"West Virginia","Randolph County",1,36,291,164,127
050,54,083,"West Virginia","Randolph County",1,37,308,181,127
050,54,083,"West Virginia","Randolph County",1,38,347,196,151
050,54,083,"West Virginia","Randolph County",1,39,357,213,144
050,54,083,"West Virginia","Randolph County",1,40,330,188,142
050,54,083,"West Virginia","Randolph County",1,41,338,190,148
050,54,083,"West Virginia","Randolph County",1,42,321,172,149
050,54,083,"West Virginia","Randolph County",1,43,311,162,149
050,54,083,"West Virginia","Randolph County",1,44,304,165,139
050,54,083,"West Virginia","Randolph County",1,45,325,178,147
050,54,083,"West Virginia","Randolph County",1,46,325,171,154
050,54,083,"West Virginia","Randolph County",1,47,339,175,164
050,54,083,"West Virginia","Randolph County",1,48,362,206,156
050,54,083,"West Virginia","Randolph County",1,49,393,216,177
050,54,083,"West Virginia","Randolph County",1,50,354,191,163
050,54,083,"West Virginia","Randolph County",1,51,362,190,172
050,54,083,"West Virginia","Randolph County",1,52,358,192,166
050,54,083,"West Virginia","Randolph County",1,53,381,211,170
050,54,083,"West Virginia","Randolph County",1,54,400,219,181
050,54,083,"West Virginia","Randolph County",1,55,390,197,193
050,54,083,"West Virginia","Randolph County",1,56,408,218,190
050,54,083,"West Virginia","Randolph County",1,57,404,216,188
050,54,083,"West Virginia","Randolph County",1,58,400,207,193
050,54,083,"West Virginia","Randolph County",1,59,429,212,217
050,54,083,"West Virginia","Randolph County",1,60,417,205,212
050,54,083,"West Virginia","Randolph County",1,61,400,211,189
050,54,083,"West Virginia","Randolph County",1,62,397,206,191
050,54,083,"West Virginia","Randolph County",1,63,387,205,182
050,54,083,"West Virginia","Randolph County",1,64,396,192,204
050,54,083,"West Virginia","Randolph County",1,65,392,203,189
050,54,083,"West Virginia","Randolph County",1,66,361,193,168
050,54,083,"West Virginia","Randolph County",1,67,383,189,194
050,54,083,"West Virginia","Randolph County",1,68,362,167,195
050,54,083,"West Virginia","Randolph County",1,69,347,157,190
050,54,083,"West Virginia","Randolph County",1,70,342,158,184
050,54,083,"West Virginia","Randolph County",1,71,355,167,188
050,54,083,"West Virginia","Randolph County",1,72,356,178,178
050,54,083,"West Virginia","Randolph County",1,73,383,194,189
050,54,083,"West Virginia","Randolph County",1,74,256,131,125
050,54,083,"West Virginia","Randolph County",1,75,260,133,127
050,54,083,"West Virginia","Randolph County",1,76,238,116,122
050,54,083,"West Virginia","Randolph County",1,77,260,127,133
050,54,083,"West Virginia","Randolph County",1,78,228,100,128
050,54,083,"West Virginia","Randolph County",1,79,205,92,113
050,54,083,"West Virginia","Randolph County",1,80,165,74,91
050,54,083,"West Virginia","Randolph County",1,81,156,78,78
050,54,083,"West Virginia","Randolph County",1,82,134,78,56
050,54,083,"West Virginia","Randolph County",1,83,145,78,67
050,54,083,"West Virginia","Randolph County",1,84,113,50,63
050,54,083,"West Virginia","Randolph County",1,85,614,230,384
050,54,083,"West Virginia","Randolph County",2,0,252,128,124
050,54,083,"West Virginia","Randolph County",2,1,261,139,122
050,54,083,"West Virginia","Randolph County",2,2,278,146,132
050,54,083,"West Virginia","Randolph County",2,3,284,150,134
050,54,083,"West Virginia","Randolph County",2,4,285,150,135
050,54,083,"West Virginia","Randolph County",2,5,281,156,125
050,54,083,"West Virginia","Randolph County",2,6,278,147,131
050,54,083,"West Virginia","Randolph County",2,7,288,136,152
050,54,083,"West Virginia","Randolph County",2,8,289,133,156
050,54,083,"West Virginia","Randolph County",2,9,288,143,145
050,54,083,"West Virginia","Randolph County",2,10,274,144,130
050,54,083,"West Virginia","Randolph County",2,11,296,155,141
050,54,083,"West Virginia","Randolph County",2,12,299,154,145
050,54,083,"West Virginia","Randolph County",2,13,293,150,143
050,54,083,"West Virginia","Randolph County",2,14,293,152,141
050,54,083,"West Virginia","Randolph County",2,15,312,172,140
050,54,083,"West Virginia","Randolph County",2,16,325,173,152
050,54,083,"West Virginia","Randolph County",2,17,318,170,148
050,54,083,"West Virginia","Randolph County",2,18,333,172,161
050,54,083,"West Virginia","Randolph County",2,19,332,181,151
050,54,083,"West Virginia","Randolph County",2,20,324,174,150
050,54,083,"West Virginia","Randolph County",2,21,339,197,142
050,54,083,"West Virginia","Randolph County",2,22,346,213,133
050,54,083,"West Virginia","Randolph County",2,23,334,205,129
050,54,083,"West Virginia","Randolph County",2,24,344,201,143
050,54,083,"West Virginia","Randolph County",2,25,342,201,141
050,54,083,"West Virginia","Randolph County",2,26,337,205,132
050,54,083,"West Virginia","Randolph County",2,27,371,225,146
050,54,083,"West Virginia","Randolph County",2,28,377,221,156
050,54,083,"West Virginia","Randolph County",2,29,362,210,152
050,54,083,"West Virginia","Randolph County",2,30,354,211,143
050,54,083,"West Virginia","Randolph County",2,31,347,201,146
050,54,083,"West Virginia","Randolph County",2,32,344,200,144
050,54,083,"West Virginia","Randolph County",2,33,315,175,140
050,54,083,"West Virginia","Randolph County",2,34,312,174,138
050,54,083,"West Virginia","Randolph County",2,35,307,174,133
050,54,083,"West Virginia","Randolph County",2,36,293,166,127
050,54,083,"West Virginia","Randolph County",2,37,304,177,127
050,54,083,"West Virginia","Randolph County",2,38,338,192,146
050,54,083,"West Virginia","Randolph County",2,39,353,209,144
050,54,083,"West Virginia","Randolph County",2,40,337,194,143
050,54,083,"West Virginia","Randolph County",2,41,338,189,149
050,54,083,"West Virginia","Randolph County",2,42,322,175,147
050,54,083,"West Virginia","Randolph County",2,43,317,166,151
050,54,083,"West Virginia","Randolph County",2,44,303,164,139
050,54,083,"West Virginia","Randolph County",2,45,324,179,145
050,54,083,"West Virginia","Randolph County",2,46,322,170,152
050,54,083,"West Virginia","Randolph County",2,47,331,171,160
050,54,083,"West Virginia","Randolph County",2,48,359,202,157
050,54,083,"West Virginia","Randolph County",2,49,384,212,172
050,54,083,"West Virginia","Randolph County",2,50,365,196,169
050,54,083,"West Virginia","Randolph County",2,51,358,188,170
050,54,083,"West Virginia","Randolph County",2,52,356,190,166
050,54,083,"West Virginia","Randolph County",2,53,375,206,169
050,54,083,"West Virginia","Randolph County",2,54,395,218,177
050,54,083,"West Virginia","Randolph County",2,55,388,199,189
050,54,083,"West Virginia","Randolph County",2,56,405,216,189
050,54,083,"West Virginia","Randolph County",2,57,404,215,189
050,54,083,"West Virginia","Randolph County",2,58,400,209,191
050,54,083,"West Virginia","Randolph County",2,59,422,210,212
050,54,083,"West Virginia","Randolph County",2,60,416,204,212
050,54,083,"West Virginia","Randolph County",2,61,401,210,191
050,54,083,"West Virginia","Randolph County",2,62,395,205,190
050,54,083,"West Virginia","Randolph County",2,63,393,206,187
050,54,083,"West Virginia","Randolph County",2,64,391,193,198
050,54,083,"West Virginia","Randolph County",2,65,394,200,194
050,54,083,"West Virginia","Randolph County",2,66,369,196,173
050,54,083,"West Virginia","Randolph County",2,67,374,186,188
050,54,083,"West Virginia","Randolph County",2,68,365,172,193
050,54,083,"West Virginia","Randolph County",2,69,354,162,192
050,54,083,"West Virginia","Randolph County",2,70,339,155,184
050,54,083,"West Virginia","Randolph County",2,71,353,165,188
050,54,083,"West Virginia","Randolph County",2,72,348,172,176
050,54,083,"West Virginia","Randolph County",2,73,394,199,195
050,54,083,"West Virginia","Randolph County",2,74,264,133,131
050,54,083,"West Virginia","Randolph County",2,75,257,132,125
050,54,083,"West Virginia","Randolph County",2,76,242,121,121
050,54,083,"West Virginia","Randolph County",2,77,257,126,131
050,54,083,"West Virginia","Randolph County",2,78,226,102,124
050,54,083,"West Virginia","Randolph County",2,79,204,92,112
050,54,083,"West Virginia","Randolph County",2,80,171,76,95
050,54,083,"West Virginia","Randolph County",2,81,159,78,81
050,54,083,"West Virginia","Randolph County",2,82,137,76,61
050,54,083,"West Virginia","Randolph County",2,83,141,76,65
050,54,083,"West Virginia","Randolph County",2,84,112,54,58
050,54,083,"West Virginia","Randolph County",2,85,629,238,391
050,54,083,"West Virginia","Randolph County",3,0,268,132,136
050,54,083,"West Virginia","Randolph County",3,1,267,144,123
050,54,083,"West Virginia","Randolph County",3,2,257,135,122
050,54,083,"West Virginia","Randolph County",3,3,276,145,131
050,54,083,"West Virginia","Randolph County",3,4,276,140,136
050,54,083,"West Virginia","Randolph County",3,5,281,149,132
050,54,083,"West Virginia","Randolph County",3,6,282,154,128
050,54,083,"West Virginia","Randolph County",3,7,286,156,130
050,54,083,"West Virginia","Randolph County",3,8,291,134,157
050,54,083,"West Virginia","Randolph County",3,9,303,146,157
050,54,083,"West Virginia","Randolph County",3,10,285,148,137
050,54,083,"West Virginia","Randolph County",3,11,272,148,124
050,54,083,"West Virginia","Randolph County",3,12,289,152,137
050,54,083,"West Virginia","Randolph County",3,13,303,159,144
050,54,083,"West Virginia","Randolph County",3,14,299,154,145
050,54,083,"West Virginia","Randolph County",3,15,299,166,133
050,54,083,"West Virginia","Randolph County",3,16,315,167,148
050,54,083,"West Virginia","Randolph County",3,17,329,174,155
050,54,083,"West Virginia","Randolph County",3,18,354,180,174
050,54,083,"West Virginia","Randolph County",3,19,323,176,147
050,54,083,"West Virginia","Randolph County",3,20,322,172,150
050,54,083,"West Virginia","Randolph County",3,21,349,206,143
050,54,083,"West Virginia","Randolph County",3,22,340,211,129
050,54,083,"West Virginia","Randolph County",3,23,327,196,131
050,54,083,"West Virginia","Randolph County",3,24,345,207,138
050,54,083,"West Virginia","Randolph County",3,25,349,211,138
050,54,083,"West Virginia","Randolph County",3,26,330,194,136
050,54,083,"West Virginia","Randolph County",3,27,367,226,141
050,54,083,"West Virginia","Randolph County",3,28,367,222,145
050,54,083,"West Virginia","Randolph County",3,29,373,214,159
050,54,083,"West Virginia","Randolph County",3,30,395,234,161
050,54,083,"West Virginia","Randolph County",3,31,361,215,146
050,54,083,"West Virginia","Randolph County",3,32,344,197,147
050,54,083,"West Virginia","Randolph County",3,33,331,182,149
050,54,083,"West Virginia","Randolph County",3,34,314,181,133
050,54,083,"West Virginia","Randolph County",3,35,313,176,137
050,54,083,"West Virginia","Randolph County",3,36,295,165,130
050,54,083,"West Virginia","Randolph County",3,37,308,181,127
050,54,083,"West Virginia","Randolph County",3,38,310,181,129
050,54,083,"West Virginia","Randolph County",3,39,338,198,140
050,54,083,"West Virginia","Randolph County",3,40,361,216,145
050,54,083,"West Virginia","Randolph County",3,41,341,198,143
050,54,083,"West Virginia","Randolph County",3,42,329,188,141
050,54,083,"West Virginia","Randolph County",3,43,335,175,160
050,54,083,"West Virginia","Randolph County",3,44,317,167,150
050,54,083,"West Virginia","Randolph County",3,45,310,176,134
050,54,083,"West Virginia","Randolph County",3,46,302,163,139
050,54,083,"West Virginia","Randolph County",3,47,313,161,152
050,54,083,"West Virginia","Randolph County",3,48,349,184,165
050,54,083,"West Virginia","Randolph County",3,49,357,200,157
050,54,083,"West Virginia","Randolph County",3,50,375,205,170
050,54,083,"West Virginia","Randolph County",3,51,360,194,166
050,54,083,"West Virginia","Randolph County",3,52,351,180,171
050,54,083,"West Virginia","Randolph County",3,53,355,189,166
050,54,083,"West Virginia","Randolph County",3,54,368,205,163
050,54,083,"West Virginia","Randolph County",3,55,379,201,178
050,54,083,"West Virginia","Randolph County",3,56,400,206,194
050,54,083,"West Virginia","Randolph County",3,57,390,205,185
050,54,083,"West Virginia","Randolph County",3,58,411,220,191
050,54,083,"West Virginia","Randolph County",3,59,399,208,191
050,54,083,"West Virginia","Randolph County",3,60,407,196,211
050,54,083,"West Virginia","Randolph County",3,61,423,213,210
050,54,083,"West Virginia","Randolph County",3,62,391,208,183
050,54,083,"West Virginia","Randolph County",3,63,379,192,187
050,54,083,"West Virginia","Randolph County",3,64,383,200,183
050,54,083,"West Virginia","Randolph County",3,65,373,182,191
050,54,083,"West Virginia","Randolph County",3,66,397,202,195
050,54,083,"West Virginia","Randolph County",3,67,364,189,175
050,54,083,"West Virginia","Randolph County",3,68,368,184,184
050,54,083,"West Virginia","Randolph County",3,69,359,169,190
050,54,083,"West Virginia","Randolph County",3,70,339,152,187
050,54,083,"West Virginia","Randolph County",3,71,332,152,180
050,54,083,"West Virginia","Randolph County",3,72,345,161,184
050,54,083,"West Virginia","Randolph County",3,73,340,166,174
050,54,083,"West Virginia","Randolph County",3,74,382,191,191
050,54,083,"West Virginia","Randolph County",3,75,249,121,128
050,54,083,"West Virginia","Randolph County",3,76,245,128,117
050,54,083,"West Virginia","Randolph County",3,77,234,118,116
050,54,083,"West Virginia","Randolph County",3,78,242,116,126
050,54,083,"West Virginia","Randolph County",3,79,224,104,120
050,54,083,"West Virginia","Randolph County",3,80,183,84,99
050,54,083,"West Virginia","Randolph County",3,81,163,73,90
050,54,083,"West Virginia","Randolph County",3,82,143,66,77
050,54,083,"West Virginia","Randolph County",3,83,126,67,59
050,54,083,"West Virginia","Randolph County",3,84,126,67,59
050,54,083,"West Virginia","Randolph County",3,85,646,247,399
050,54,083,"West Virginia","Randolph County",4,0,260,126,134
050,54,083,"West Virginia","Randolph County",4,1,270,132,138
050,54,083,"West Virginia","Randolph County",4,2,268,144,124
050,54,083,"West Virginia","Randolph County",4,3,258,136,122
050,54,083,"West Virginia","Randolph County",4,4,270,140,130
050,54,083,"West Virginia","Randolph County",4,5,273,143,130
050,54,083,"West Virginia","Randolph County",4,6,271,139,132
050,54,083,"West Virginia","Randolph County",4,7,278,158,120
050,54,083,"West Virginia","Randolph County",4,8,282,152,130
050,54,083,"West Virginia","Randolph County",4,9,287,134,153
050,54,083,"West Virginia","Randolph County",4,10,292,143,149
050,54,083,"West Virginia","Randolph County",4,11,272,138,134
050,54,083,"West Virginia","Randolph County",4,12,266,142,124
050,54,083,"West Virginia","Randolph County",4,13,295,153,142
050,54,083,"West Virginia","Randolph County",4,14,306,164,142
050,54,083,"West Virginia","Randolph County",4,15,309,159,150
050,54,083,"West Virginia","Randolph County",4,16,300,165,135
050,54,083,"West Virginia","Randolph County",4,17,315,168,147
050,54,083,"West Virginia","Randolph County",4,18,358,185,173
050,54,083,"West Virginia","Randolph County",4,19,330,179,151
050,54,083,"West Virginia","Randolph County",4,20,291,155,136
050,54,083,"West Virginia","Randolph County",4,21,346,205,141
050,54,083,"West Virginia","Randolph County",4,22,345,212,133
050,54,083,"West Virginia","Randolph County",4,23,330,205,125
050,54,083,"West Virginia","Randolph County",4,24,324,194,130
050,54,083,"West Virginia","Randolph County",4,25,363,223,140
050,54,083,"West Virginia","Randolph County",4,26,329,197,132
050,54,083,"West Virginia","Randolph County",4,27,347,216,131
050,54,083,"West Virginia","Randolph County",4,28,355,213,142
050,54,083,"West Virginia","Randolph County",4,29,345,205,140
050,54,083,"West Virginia","Randolph County",4,30,394,229,165
050,54,083,"West Virginia","Randolph County",4,31,396,242,154
050,54,083,"West Virginia","Randolph County",4,32,343,199,144
050,54,083,"West Virginia","Randolph County",4,33,319,170,149
050,54,083,"West Virginia","Randolph County",4,34,328,191,137
050,54,083,"West Virginia","Randolph County",4,35,286,159,127
050,54,083,"West Virginia","Randolph County",4,36,297,164,133
050,54,083,"West Virginia","Randolph County",4,37,293,163,130
050,54,083,"West Virginia","Randolph County",4,38,310,180,130
050,54,083,"West Virginia","Randolph County",4,39,297,171,126
050,54,083,"West Virginia","Randolph County",4,40,337,193,144
050,54,083,"West Virginia","Randolph County",4,41,347,208,139
050,54,083,"West Virginia","Randolph County",4,42,330,191,139
050,54,083,"West Virginia","Randolph County",4,43,329,184,145
050,54,083,"West Virginia","Randolph County",4,44,331,175,156
050,54,083,"West Virginia","Randolph County",4,45,334,181,153
050,54,083,"West Virginia","Randolph County",4,46,302,161,141
050,54,083,"West Virginia","Randolph County",4,47,293,153,140
050,54,083,"West Virginia","Randolph County",4,48,322,172,150
050,54,083,"West Virginia","Randolph County",4,49,341,178,163
050,54,083,"West Virginia","Randolph County",4,50,355,195,160
050,54,083,"West Virginia","Randolph County",4,51,371,201,170
050,54,083,"West Virginia","Randolph County",4,52,355,191,164
050,54,083,"West Virginia","Randolph County",4,53,356,182,174
050,54,083,"West Virginia","Randolph County",4,54,353,191,162
050,54,083,"West Virginia","Randolph County",4,55,357,190,167
050,54,083,"West Virginia","Randolph County",4,56,398,210,188
050,54,083,"West Virginia","Randolph County",4,57,396,200,196
050,54,083,"West Virginia","Randolph County",4,58,387,204,183
050,54,083,"West Virginia","Randolph County",4,59,409,222,187
050,54,083,"West Virginia","Randolph County",4,60,382,192,190
050,54,083,"West Virginia","Randolph County",4,61,414,200,214
050,54,083,"West Virginia","Randolph County",4,62,418,213,205
050,54,083,"West Virginia","Randolph County",4,63,377,197,180
050,54,083,"West Virginia","Randolph County",4,64,367,186,181
050,54,083,"West Virginia","Randolph County",4,65,373,195,178
050,54,083,"West Virginia","Randolph County",4,66,375,185,190
050,54,083,"West Virginia","Randolph County",4,67,393,198,195
050,54,083,"West Virginia","Randolph County",4,68,362,194,168
050,54,083,"West Virginia","Randolph County",4,69,358,177,181
050,54,083,"West Virginia","Randolph County",4,70,360,162,198
050,54,083,"West Virginia","Randolph County",4,71,330,147,183
050,54,083,"West Virginia","Randolph County",4,72,314,144,170
050,54,083,"West Virginia","Randolph County",4,73,332,153,179
050,54,083,"West Virginia","Randolph County",4,74,321,157,164
050,54,083,"West Virginia","Randolph County",4,75,362,176,186
050,54,083,"West Virginia","Randolph County",4,76,233,111,122
050,54,083,"West Virginia","Randolph County",4,77,233,123,110
050,54,083,"West Virginia","Randolph County",4,78,208,101,107
050,54,083,"West Virginia","Randolph County",4,79,236,113,123
050,54,083,"West Virginia","Randolph County",4,80,204,94,110
050,54,083,"West Virginia","Randolph County",4,81,181,86,95
050,54,083,"West Virginia","Randolph County",4,82,150,66,84
050,54,083,"West Virginia","Randolph County",4,83,129,55,74
050,54,083,"West Virginia","Randolph County",4,84,103,55,48
050,54,083,"West Virginia","Randolph County",4,85,636,262,374
050,54,083,"West Virginia","Randolph County",5,0,262,127,135
050,54,083,"West Virginia","Randolph County",5,1,247,117,130
050,54,083,"West Virginia","Randolph County",5,2,251,126,125
050,54,083,"West Virginia","Randolph County",5,3,269,141,128
050,54,083,"West Virginia","Randolph County",5,4,253,131,122
050,54,083,"West Virginia","Randolph County",5,5,265,132,133
050,54,083,"West Virginia","Randolph County",5,6,273,144,129
050,54,083,"West Virginia","Randolph County",5,7,264,135,129
050,54,083,"West Virginia","Randolph County",5,8,286,161,125
050,54,083,"West Virginia","Randolph County",5,9,284,150,134
050,54,083,"West Virginia","Randolph County",5,10,290,133,157
050,54,083,"West Virginia","Randolph County",5,11,293,144,149
050,54,083,"West Virginia","Randolph County",5,12,273,133,140
050,54,083,"West Virginia","Randolph County",5,13,269,144,125
050,54,083,"West Virginia","Randolph County",5,14,296,150,146
050,54,083,"West Virginia","Randolph County",5,15,308,167,141
050,54,083,"West Virginia","Randolph County",5,16,310,161,149
050,54,083,"West Virginia","Randolph County",5,17,301,164,137
050,54,083,"West Virginia","Randolph County",5,18,350,176,174
050,54,083,"West Virginia","Randolph County",5,19,333,176,157
050,54,083,"West Virginia","Randolph County",5,20,310,163,147
050,54,083,"West Virginia","Randolph County",5,21,331,194,137
050,54,083,"West Virginia","Randolph County",5,22,342,205,137
050,54,083,"West Virginia","Randolph County",5,23,315,190,125
050,54,083,"West Virginia","Randolph County",5,24,333,203,130
050,54,083,"West Virginia","Randolph County",5,25,329,209,120
050,54,083,"West Virginia","Randolph County",5,26,349,213,136
050,54,083,"West Virginia","Randolph County",5,27,349,212,137
050,54,083,"West Virginia","Randolph County",5,28,336,210,126
050,54,083,"West Virginia","Randolph County",5,29,330,196,134
050,54,083,"West Virginia","Randolph County",5,30,361,217,144
050,54,083,"West Virginia","Randolph County",5,31,393,231,162
050,54,083,"West Virginia","Randolph County",5,32,387,231,156
050,54,083,"West Virginia","Randolph County",5,33,311,173,138
050,54,083,"West Virginia","Randolph County",5,34,326,182,144
050,54,083,"West Virginia","Randolph County",5,35,314,178,136
050,54,083,"West Virginia","Randolph County",5,36,279,151,128
050,54,083,"West Virginia","Randolph County",5,37,298,165,133
050,54,083,"West Virginia","Randolph County",5,38,298,166,132
050,54,083,"West Virginia","Randolph County",5,39,299,177,122
050,54,083,"West Virginia","Randolph County",5,40,303,174,129
050,54,083,"West Virginia","Randolph County",5,41,331,184,147
050,54,083,"West Virginia","Randolph County",5,42,338,201,137
050,54,083,"West Virginia","Randolph County",5,43,344,191,153
050,54,083,"West Virginia","Randolph County",5,44,324,180,144
050,54,083,"West Virginia","Randolph County",5,45,341,189,152
050,54,083,"West Virginia","Randolph County",5,46,322,167,155
050,54,083,"West Virginia","Randolph County",5,47,281,144,137
050,54,083,"West Virginia","Randolph County",5,48,315,174,141
050,54,083,"West Virginia","Randolph County",5,49,317,167,150
050,54,083,"West Virginia","Randolph County",5,50,344,173,171
050,54,083,"West Virginia","Randolph County",5,51,351,189,162
050,54,083,"West Virginia","Randolph County",5,52,360,194,166
050,54,083,"West Virginia","Randolph County",5,53,366,198,168
050,54,083,"West Virginia","Randolph County",5,54,368,189,179
050,54,083,"West Virginia","Randolph County",5,55,352,181,171
050,54,083,"West Virginia","Randolph County",5,56,359,195,164
050,54,083,"West Virginia","Randolph County",5,57,394,210,184
050,54,083,"West Virginia","Randolph County",5,58,388,197,191
050,54,083,"West Virginia","Randolph County",5,59,380,201,179
050,54,083,"West Virginia","Randolph County",5,60,398,211,187
050,54,083,"West Virginia","Randolph County",5,61,379,191,188
050,54,083,"West Virginia","Randolph County",5,62,414,201,213
050,54,083,"West Virginia","Randolph County",5,63,414,207,207
050,54,083,"West Virginia","Randolph County",5,64,368,194,174
050,54,083,"West Virginia","Randolph County",5,65,353,175,178
050,54,083,"West Virginia","Randolph County",5,66,371,196,175
050,54,083,"West Virginia","Randolph County",5,67,360,173,187
050,54,083,"West Virginia","Randolph County",5,68,390,197,193
050,54,083,"West Virginia","Randolph County",5,69,359,189,170
050,54,083,"West Virginia","Randolph County",5,70,347,171,176
050,54,083,"West Virginia","Randolph County",5,71,353,159,194
050,54,083,"West Virginia","Randolph County",5,72,318,138,180
050,54,083,"West Virginia","Randolph County",5,73,302,142,160
050,54,083,"West Virginia","Randolph County",5,74,317,147,170
050,54,083,"West Virginia","Randolph County",5,75,309,144,165
050,54,083,"West Virginia","Randolph County",5,76,346,166,180
050,54,083,"West Virginia","Randolph County",5,77,225,107,118
050,54,083,"West Virginia","Randolph County",5,78,211,110,101
050,54,083,"West Virginia","Randolph County",5,79,205,99,106
050,54,083,"West Virginia","Randolph County",5,80,217,102,115
050,54,083,"West Virginia","Randolph County",5,81,197,92,105
050,54,083,"West Virginia","Randolph County",5,82,168,79,89
050,54,083,"West Virginia","Randolph County",5,83,139,56,83
050,54,083,"West Virginia","Randolph County",5,84,108,45,63
050,54,083,"West Virginia","Randolph County",5,85,637,275,362
050,54,085,"West Virginia","Ritchie County",1,0,81,43,38
050,54,085,"West Virginia","Ritchie County",1,1,78,43,35
050,54,085,"West Virginia","Ritchie County",1,2,84,38,46
050,54,085,"West Virginia","Ritchie County",1,3,90,44,46
050,54,085,"West Virginia","Ritchie County",1,4,102,49,53
050,54,085,"West Virginia","Ritchie County",1,5,98,42,56
050,54,085,"West Virginia","Ritchie County",1,6,82,40,42
050,54,085,"West Virginia","Ritchie County",1,7,88,38,50
050,54,085,"West Virginia","Ritchie County",1,8,88,40,48
050,54,085,"West Virginia","Ritchie County",1,9,84,50,34
050,54,085,"West Virginia","Ritchie County",1,10,97,50,47
050,54,085,"West Virginia","Ritchie County",1,11,102,48,54
050,54,085,"West Virginia","Ritchie County",1,12,93,46,47
050,54,085,"West Virginia","Ritchie County",1,13,96,41,55
050,54,085,"West Virginia","Ritchie County",1,14,103,55,48
050,54,085,"West Virginia","Ritchie County",1,15,108,61,47
050,54,085,"West Virginia","Ritchie County",1,16,115,56,59
050,54,085,"West Virginia","Ritchie County",1,17,119,62,57
050,54,085,"West Virginia","Ritchie County",1,18,95,55,40
050,54,085,"West Virginia","Ritchie County",1,19,59,33,26
050,54,085,"West Virginia","Ritchie County",1,20,62,33,29
050,54,085,"West Virginia","Ritchie County",1,21,69,34,35
050,54,085,"West Virginia","Ritchie County",1,22,85,44,41
050,54,085,"West Virginia","Ritchie County",1,23,85,46,39
050,54,085,"West Virginia","Ritchie County",1,24,90,44,46
050,54,085,"West Virginia","Ritchie County",1,25,84,41,43
050,54,085,"West Virginia","Ritchie County",1,26,84,45,39
050,54,085,"West Virginia","Ritchie County",1,27,91,51,40
050,54,085,"West Virginia","Ritchie County",1,28,96,49,47
050,54,085,"West Virginia","Ritchie County",1,29,98,47,51
050,54,085,"West Virginia","Ritchie County",1,30,104,59,45
050,54,085,"West Virginia","Ritchie County",1,31,79,47,32
050,54,085,"West Virginia","Ritchie County",1,32,72,42,30
050,54,085,"West Virginia","Ritchie County",1,33,68,33,35
050,54,085,"West Virginia","Ritchie County",1,34,76,37,39
050,54,085,"West Virginia","Ritchie County",1,35,72,37,35
050,54,085,"West Virginia","Ritchie County",1,36,71,32,39
050,54,085,"West Virginia","Ritchie County",1,37,102,48,54
050,54,085,"West Virginia","Ritchie County",1,38,109,62,47
050,54,085,"West Virginia","Ritchie County",1,39,97,50,47
050,54,085,"West Virginia","Ritchie County",1,40,93,49,44
050,54,085,"West Virginia","Ritchie County",1,41,101,56,45
050,54,085,"West Virginia","Ritchie County",1,42,101,49,52
050,54,085,"West Virginia","Ritchie County",1,43,93,38,55
050,54,085,"West Virginia","Ritchie County",1,44,96,47,49
050,54,085,"West Virginia","Ritchie County",1,45,86,45,41
050,54,085,"West Virginia","Ritchie County",1,46,99,45,54
050,54,085,"West Virginia","Ritchie County",1,47,100,46,54
050,54,085,"West Virginia","Ritchie County",1,48,114,60,54
050,54,085,"West Virginia","Ritchie County",1,49,131,67,64
050,54,085,"West Virginia","Ritchie County",1,50,121,57,64
050,54,085,"West Virginia","Ritchie County",1,51,128,62,66
050,54,085,"West Virginia","Ritchie County",1,52,109,56,53
050,54,085,"West Virginia","Ritchie County",1,53,112,58,54
050,54,085,"West Virginia","Ritchie County",1,54,121,62,59
050,54,085,"West Virginia","Ritchie County",1,55,142,71,71
050,54,085,"West Virginia","Ritchie County",1,56,147,75,72
050,54,085,"West Virginia","Ritchie County",1,57,149,86,63
050,54,085,"West Virginia","Ritchie County",1,58,149,86,63
050,54,085,"West Virginia","Ritchie County",1,59,120,67,53
050,54,085,"West Virginia","Ritchie County",1,60,149,75,74
050,54,085,"West Virginia","Ritchie County",1,61,153,75,78
050,54,085,"West Virginia","Ritchie County",1,62,141,79,62
050,54,085,"West Virginia","Ritchie County",1,63,148,76,72
050,54,085,"West Virginia","Ritchie County",1,64,138,73,65
050,54,085,"West Virginia","Ritchie County",1,65,112,54,58
050,54,085,"West Virginia","Ritchie County",1,66,112,62,50
050,54,085,"West Virginia","Ritchie County",1,67,117,65,52
050,54,085,"West Virginia","Ritchie County",1,68,115,59,56
050,54,085,"West Virginia","Ritchie County",1,69,110,55,55
050,54,085,"West Virginia","Ritchie County",1,70,119,56,63
050,54,085,"West Virginia","Ritchie County",1,71,116,50,66
050,54,085,"West Virginia","Ritchie County",1,72,108,51,57
050,54,085,"West Virginia","Ritchie County",1,73,124,59,65
050,54,085,"West Virginia","Ritchie County",1,74,85,46,39
050,54,085,"West Virginia","Ritchie County",1,75,78,42,36
050,54,085,"West Virginia","Ritchie County",1,76,66,34,32
050,54,085,"West Virginia","Ritchie County",1,77,69,31,38
050,54,085,"West Virginia","Ritchie County",1,78,63,32,31
050,54,085,"West Virginia","Ritchie County",1,79,59,28,31
050,54,085,"West Virginia","Ritchie County",1,80,46,20,26
050,54,085,"West Virginia","Ritchie County",1,81,55,23,32
050,54,085,"West Virginia","Ritchie County",1,82,50,20,30
050,54,085,"West Virginia","Ritchie County",1,83,42,21,21
050,54,085,"West Virginia","Ritchie County",1,84,36,15,21
050,54,085,"West Virginia","Ritchie County",1,85,167,67,100
050,54,085,"West Virginia","Ritchie County",2,0,80,39,41
050,54,085,"West Virginia","Ritchie County",2,1,79,42,37
050,54,085,"West Virginia","Ritchie County",2,2,84,40,44
050,54,085,"West Virginia","Ritchie County",2,3,89,42,47
050,54,085,"West Virginia","Ritchie County",2,4,100,49,51
050,54,085,"West Virginia","Ritchie County",2,5,97,42,55
050,54,085,"West Virginia","Ritchie County",2,6,85,40,45
050,54,085,"West Virginia","Ritchie County",2,7,87,38,49
050,54,085,"West Virginia","Ritchie County",2,8,89,40,49
050,54,085,"West Virginia","Ritchie County",2,9,85,47,38
050,54,085,"West Virginia","Ritchie County",2,10,92,49,43
050,54,085,"West Virginia","Ritchie County",2,11,98,47,51
050,54,085,"West Virginia","Ritchie County",2,12,95,46,49
050,54,085,"West Virginia","Ritchie County",2,13,96,43,53
050,54,085,"West Virginia","Ritchie County",2,14,101,52,49
050,54,085,"West Virginia","Ritchie County",2,15,105,59,46
050,54,085,"West Virginia","Ritchie County",2,16,114,58,56
050,54,085,"West Virginia","Ritchie County",2,17,119,61,58
050,54,085,"West Virginia","Ritchie County",2,18,95,54,41
050,54,085,"West Virginia","Ritchie County",2,19,64,36,28
050,54,085,"West Virginia","Ritchie County",2,20,62,33,29
050,54,085,"West Virginia","Ritchie County",2,21,68,34,34
050,54,085,"West Virginia","Ritchie County",2,22,84,43,41
050,54,085,"West Virginia","Ritchie County",2,23,87,47,40
050,54,085,"West Virginia","Ritchie County",2,24,89,45,44
050,54,085,"West Virginia","Ritchie County",2,25,87,43,44
050,54,085,"West Virginia","Ritchie County",2,26,83,44,39
050,54,085,"West Virginia","Ritchie County",2,27,90,50,40
050,54,085,"West Virginia","Ritchie County",2,28,94,48,46
050,54,085,"West Virginia","Ritchie County",2,29,100,49,51
050,54,085,"West Virginia","Ritchie County",2,30,104,57,47
050,54,085,"West Virginia","Ritchie County",2,31,85,51,34
050,54,085,"West Virginia","Ritchie County",2,32,72,42,30
050,54,085,"West Virginia","Ritchie County",2,33,69,35,34
050,54,085,"West Virginia","Ritchie County",2,34,75,37,38
050,54,085,"West Virginia","Ritchie County",2,35,73,38,35
050,54,085,"West Virginia","Ritchie County",2,36,70,32,38
050,54,085,"West Virginia","Ritchie County",2,37,95,45,50
050,54,085,"West Virginia","Ritchie County",2,38,107,58,49
050,54,085,"West Virginia","Ritchie County",2,39,100,54,46
050,54,085,"West Virginia","Ritchie County",2,40,95,50,45
050,54,085,"West Virginia","Ritchie County",2,41,99,54,45
050,54,085,"West Virginia","Ritchie County",2,42,100,50,50
050,54,085,"West Virginia","Ritchie County",2,43,96,42,54
050,54,085,"West Virginia","Ritchie County",2,44,93,44,49
050,54,085,"West Virginia","Ritchie County",2,45,89,46,43
050,54,085,"West Virginia","Ritchie County",2,46,93,44,49
050,54,085,"West Virginia","Ritchie County",2,47,99,45,54
050,54,085,"West Virginia","Ritchie County",2,48,110,56,54
050,54,085,"West Virginia","Ritchie County",2,49,128,66,62
050,54,085,"West Virginia","Ritchie County",2,50,124,60,64
050,54,085,"West Virginia","Ritchie County",2,51,126,61,65
050,54,085,"West Virginia","Ritchie County",2,52,113,57,56
050,54,085,"West Virginia","Ritchie County",2,53,112,58,54
050,54,085,"West Virginia","Ritchie County",2,54,118,61,57
050,54,085,"West Virginia","Ritchie County",2,55,137,68,69
050,54,085,"West Virginia","Ritchie County",2,56,145,74,71
050,54,085,"West Virginia","Ritchie County",2,57,148,83,65
050,54,085,"West Virginia","Ritchie County",2,58,149,86,63
050,54,085,"West Virginia","Ritchie County",2,59,128,71,57
050,54,085,"West Virginia","Ritchie County",2,60,141,73,68
050,54,085,"West Virginia","Ritchie County",2,61,149,72,77
050,54,085,"West Virginia","Ritchie County",2,62,144,78,66
050,54,085,"West Virginia","Ritchie County",2,63,148,78,70
050,54,085,"West Virginia","Ritchie County",2,64,138,72,66
050,54,085,"West Virginia","Ritchie County",2,65,118,58,60
050,54,085,"West Virginia","Ritchie County",2,66,112,60,52
050,54,085,"West Virginia","Ritchie County",2,67,115,63,52
050,54,085,"West Virginia","Ritchie County",2,68,114,60,54
050,54,085,"West Virginia","Ritchie County",2,69,113,57,56
050,54,085,"West Virginia","Ritchie County",2,70,116,55,61
050,54,085,"West Virginia","Ritchie County",2,71,115,51,64
050,54,085,"West Virginia","Ritchie County",2,72,109,51,58
050,54,085,"West Virginia","Ritchie County",2,73,123,57,66
050,54,085,"West Virginia","Ritchie County",2,74,88,46,42
050,54,085,"West Virginia","Ritchie County",2,75,79,43,36
050,54,085,"West Virginia","Ritchie County",2,76,67,35,32
050,54,085,"West Virginia","Ritchie County",2,77,69,32,37
050,54,085,"West Virginia","Ritchie County",2,78,62,30,32
050,54,085,"West Virginia","Ritchie County",2,79,60,29,31
050,54,085,"West Virginia","Ritchie County",2,80,48,22,26
050,54,085,"West Virginia","Ritchie County",2,81,52,22,30
050,54,085,"West Virginia","Ritchie County",2,82,50,19,31
050,54,085,"West Virginia","Ritchie County",2,83,43,20,23
050,54,085,"West Virginia","Ritchie County",2,84,36,16,20
050,54,085,"West Virginia","Ritchie County",2,85,164,65,99
050,54,085,"West Virginia","Ritchie County",3,0,85,46,39
050,54,085,"West Virginia","Ritchie County",3,1,89,43,46
050,54,085,"West Virginia","Ritchie County",3,2,78,46,32
050,54,085,"West Virginia","Ritchie County",3,3,85,41,44
050,54,085,"West Virginia","Ritchie County",3,4,95,44,51
050,54,085,"West Virginia","Ritchie County",3,5,108,52,56
050,54,085,"West Virginia","Ritchie County",3,6,91,42,49
050,54,085,"West Virginia","Ritchie County",3,7,82,38,44
050,54,085,"West Virginia","Ritchie County",3,8,91,39,52
050,54,085,"West Virginia","Ritchie County",3,9,91,45,46
050,54,085,"West Virginia","Ritchie County",3,10,81,42,39
050,54,085,"West Virginia","Ritchie County",3,11,92,49,43
050,54,085,"West Virginia","Ritchie County",3,12,94,45,49
050,54,085,"West Virginia","Ritchie County",3,13,99,52,47
050,54,085,"West Virginia","Ritchie County",3,14,98,45,53
050,54,085,"West Virginia","Ritchie County",3,15,103,56,47
050,54,085,"West Virginia","Ritchie County",3,16,110,63,47
050,54,085,"West Virginia","Ritchie County",3,17,113,59,54
050,54,085,"West Virginia","Ritchie County",3,18,104,54,50
050,54,085,"West Virginia","Ritchie County",3,19,71,41,30
050,54,085,"West Virginia","Ritchie County",3,20,65,35,30
050,54,085,"West Virginia","Ritchie County",3,21,60,31,29
050,54,085,"West Virginia","Ritchie County",3,22,74,37,37
050,54,085,"West Virginia","Ritchie County",3,23,84,43,41
050,54,085,"West Virginia","Ritchie County",3,24,93,49,44
050,54,085,"West Virginia","Ritchie County",3,25,81,41,40
050,54,085,"West Virginia","Ritchie County",3,26,85,41,44
050,54,085,"West Virginia","Ritchie County",3,27,80,43,37
050,54,085,"West Virginia","Ritchie County",3,28,90,51,39
050,54,085,"West Virginia","Ritchie County",3,29,93,49,44
050,54,085,"West Virginia","Ritchie County",3,30,103,51,52
050,54,085,"West Virginia","Ritchie County",3,31,106,57,49
050,54,085,"West Virginia","Ritchie County",3,32,81,48,33
050,54,085,"West Virginia","Ritchie County",3,33,74,44,30
050,54,085,"West Virginia","Ritchie County",3,34,69,34,35
050,54,085,"West Virginia","Ritchie County",3,35,79,40,39
050,54,085,"West Virginia","Ritchie County",3,36,75,38,37
050,54,085,"West Virginia","Ritchie County",3,37,73,33,40
050,54,085,"West Virginia","Ritchie County",3,38,92,43,49
050,54,085,"West Virginia","Ritchie County",3,39,105,53,52
050,54,085,"West Virginia","Ritchie County",3,40,101,55,46
050,54,085,"West Virginia","Ritchie County",3,41,103,51,52
050,54,085,"West Virginia","Ritchie County",3,42,96,53,43
050,54,085,"West Virginia","Ritchie County",3,43,105,53,52
050,54,085,"West Virginia","Ritchie County",3,44,95,41,54
050,54,085,"West Virginia","Ritchie County",3,45,95,44,51
050,54,085,"West Virginia","Ritchie County",3,46,86,42,44
050,54,085,"West Virginia","Ritchie County",3,47,95,45,50
050,54,085,"West Virginia","Ritchie County",3,48,97,44,53
050,54,085,"West Virginia","Ritchie County",3,49,113,54,59
050,54,085,"West Virginia","Ritchie County",3,50,125,64,61
050,54,085,"West Virginia","Ritchie County",3,51,134,65,69
050,54,085,"West Virginia","Ritchie County",3,52,120,59,61
050,54,085,"West Virginia","Ritchie County",3,53,112,55,57
050,54,085,"West Virginia","Ritchie County",3,54,117,63,54
050,54,085,"West Virginia","Ritchie County",3,55,119,65,54
050,54,085,"West Virginia","Ritchie County",3,56,135,66,69
050,54,085,"West Virginia","Ritchie County",3,57,146,73,73
050,54,085,"West Virginia","Ritchie County",3,58,147,82,65
050,54,085,"West Virginia","Ritchie County",3,59,148,85,63
050,54,085,"West Virginia","Ritchie County",3,60,130,73,57
050,54,085,"West Virginia","Ritchie County",3,61,140,73,67
050,54,085,"West Virginia","Ritchie County",3,62,145,69,76
050,54,085,"West Virginia","Ritchie County",3,63,144,78,66
050,54,085,"West Virginia","Ritchie County",3,64,144,78,66
050,54,085,"West Virginia","Ritchie County",3,65,138,72,66
050,54,085,"West Virginia","Ritchie County",3,66,116,55,61
050,54,085,"West Virginia","Ritchie County",3,67,109,57,52
050,54,085,"West Virginia","Ritchie County",3,68,109,61,48
050,54,085,"West Virginia","Ritchie County",3,69,115,59,56
050,54,085,"West Virginia","Ritchie County",3,70,110,55,55
050,54,085,"West Virginia","Ritchie County",3,71,117,57,60
050,54,085,"West Virginia","Ritchie County",3,72,113,49,64
050,54,085,"West Virginia","Ritchie County",3,73,108,51,57
050,54,085,"West Virginia","Ritchie County",3,74,117,55,62
050,54,085,"West Virginia","Ritchie County",3,75,84,44,40
050,54,085,"West Virginia","Ritchie County",3,76,74,40,34
050,54,085,"West Virginia","Ritchie County",3,77,65,33,32
050,54,085,"West Virginia","Ritchie County",3,78,66,31,35
050,54,085,"West Virginia","Ritchie County",3,79,62,31,31
050,54,085,"West Virginia","Ritchie County",3,80,55,28,27
050,54,085,"West Virginia","Ritchie County",3,81,48,22,26
050,54,085,"West Virginia","Ritchie County",3,82,44,19,25
050,54,085,"West Virginia","Ritchie County",3,83,50,18,32
050,54,085,"West Virginia","Ritchie County",3,84,35,15,20
050,54,085,"West Virginia","Ritchie County",3,85,161,67,94
050,54,085,"West Virginia","Ritchie County",4,0,79,36,43
050,54,085,"West Virginia","Ritchie County",4,1,84,45,39
050,54,085,"West Virginia","Ritchie County",4,2,91,45,46
050,54,085,"West Virginia","Ritchie County",4,3,77,43,34
050,54,085,"West Virginia","Ritchie County",4,4,76,38,38
050,54,085,"West Virginia","Ritchie County",4,5,92,41,51
050,54,085,"West Virginia","Ritchie County",4,6,97,50,47
050,54,085,"West Virginia","Ritchie County",4,7,93,45,48
050,54,085,"West Virginia","Ritchie County",4,8,82,39,43
050,54,085,"West Virginia","Ritchie County",4,9,88,42,46
050,54,085,"West Virginia","Ritchie County",4,10,91,47,44
050,54,085,"West Virginia","Ritchie County",4,11,82,44,38
050,54,085,"West Virginia","Ritchie County",4,12,87,48,39
050,54,085,"West Virginia","Ritchie County",4,13,99,47,52
050,54,085,"West Virginia","Ritchie County",4,14,97,50,47
050,54,085,"West Virginia","Ritchie County",4,15,105,47,58
050,54,085,"West Virginia","Ritchie County",4,16,107,58,49
050,54,085,"West Virginia","Ritchie County",4,17,112,63,49
050,54,085,"West Virginia","Ritchie County",4,18,84,47,37
050,54,085,"West Virginia","Ritchie County",4,19,71,36,35
050,54,085,"West Virginia","Ritchie County",4,20,74,41,33
050,54,085,"West Virginia","Ritchie County",4,21,66,39,27
050,54,085,"West Virginia","Ritchie County",4,22,61,30,31
050,54,085,"West Virginia","Ritchie County",4,23,73,38,35
050,54,085,"West Virginia","Ritchie County",4,24,75,39,36
050,54,085,"West Virginia","Ritchie County",4,25,81,47,34
050,54,085,"West Virginia","Ritchie County",4,26,80,38,42
050,54,085,"West Virginia","Ritchie County",4,27,86,42,44
050,54,085,"West Virginia","Ritchie County",4,28,81,46,35
050,54,085,"West Virginia","Ritchie County",4,29,91,50,41
050,54,085,"West Virginia","Ritchie County",4,30,91,47,44
050,54,085,"West Virginia","Ritchie County",4,31,101,50,51
050,54,085,"West Virginia","Ritchie County",4,32,110,60,50
050,54,085,"West Virginia","Ritchie County",4,33,84,49,35
050,54,085,"West Virginia","Ritchie County",4,34,78,42,36
050,54,085,"West Virginia","Ritchie County",4,35,68,33,35
050,54,085,"West Virginia","Ritchie County",4,36,80,44,36
050,54,085,"West Virginia","Ritchie County",4,37,70,37,33
050,54,085,"West Virginia","Ritchie County",4,38,71,32,39
050,54,085,"West Virginia","Ritchie County",4,39,89,43,46
050,54,085,"West Virginia","Ritchie County",4,40,105,53,52
050,54,085,"West Virginia","Ritchie County",4,41,105,54,51
050,54,085,"West Virginia","Ritchie County",4,42,104,52,52
050,54,085,"West Virginia","Ritchie County",4,43,95,53,42
050,54,085,"West Virginia","Ritchie County",4,44,104,52,52
050,54,085,"West Virginia","Ritchie County",4,45,95,41,54
050,54,085,"West Virginia","Ritchie County",4,46,93,43,50
050,54,085,"West Virginia","Ritchie County",4,47,85,42,43
050,54,085,"West Virginia","Ritchie County",4,48,99,49,50
050,54,085,"West Virginia","Ritchie County",4,49,96,42,54
050,54,085,"West Virginia","Ritchie County",4,50,113,54,59
050,54,085,"West Virginia","Ritchie County",4,51,118,62,56
050,54,085,"West Virginia","Ritchie County",4,52,128,62,66
050,54,085,"West Virginia","Ritchie County",4,53,121,55,66
050,54,085,"West Virginia","Ritchie County",4,54,108,52,56
050,54,085,"West Virginia","Ritchie County",4,55,114,61,53
050,54,085,"West Virginia","Ritchie County",4,56,119,62,57
050,54,085,"West Virginia","Ritchie County",4,57,129,63,66
050,54,085,"West Virginia","Ritchie County",4,58,139,70,69
050,54,085,"West Virginia","Ritchie County",4,59,145,81,64
050,54,085,"West Virginia","Ritchie County",4,60,145,84,61
050,54,085,"West Virginia","Ritchie County",4,61,122,69,53
050,54,085,"West Virginia","Ritchie County",4,62,138,71,67
050,54,085,"West Virginia","Ritchie County",4,63,147,70,77
050,54,085,"West Virginia","Ritchie County",4,64,137,76,61
050,54,085,"West Virginia","Ritchie County",4,65,143,79,64
050,54,085,"West Virginia","Ritchie County",4,66,139,68,71
050,54,085,"West Virginia","Ritchie County",4,67,116,54,62
050,54,085,"West Virginia","Ritchie County",4,68,104,54,50
050,54,085,"West Virginia","Ritchie County",4,69,106,61,45
050,54,085,"West Virginia","Ritchie County",4,70,110,57,53
050,54,085,"West Virginia","Ritchie County",4,71,104,54,50
050,54,085,"West Virginia","Ritchie County",4,72,115,55,60
050,54,085,"West Virginia","Ritchie County",4,73,116,50,66
050,54,085,"West Virginia","Ritchie County",4,74,96,45,51
050,54,085,"West Virginia","Ritchie County",4,75,111,51,60
050,54,085,"West Virginia","Ritchie County",4,76,79,43,36
050,54,085,"West Virginia","Ritchie County",4,77,69,38,31
050,54,085,"West Virginia","Ritchie County",4,78,58,30,28
050,54,085,"West Virginia","Ritchie County",4,79,63,30,33
050,54,085,"West Virginia","Ritchie County",4,80,58,29,29
050,54,085,"West Virginia","Ritchie County",4,81,53,25,28
050,54,085,"West Virginia","Ritchie County",4,82,40,18,22
050,54,085,"West Virginia","Ritchie County",4,83,46,17,29
050,54,085,"West Virginia","Ritchie County",4,84,43,17,26
050,54,085,"West Virginia","Ritchie County",4,85,153,63,90
050,54,085,"West Virginia","Ritchie County",5,0,84,40,44
050,54,085,"West Virginia","Ritchie County",5,1,75,30,45
050,54,085,"West Virginia","Ritchie County",5,2,82,46,36
050,54,085,"West Virginia","Ritchie County",5,3,91,47,44
050,54,085,"West Virginia","Ritchie County",5,4,86,49,37
050,54,085,"West Virginia","Ritchie County",5,5,74,35,39
050,54,085,"West Virginia","Ritchie County",5,6,93,42,51
050,54,085,"West Virginia","Ritchie County",5,7,101,52,49
050,54,085,"West Virginia","Ritchie County",5,8,98,47,51
050,54,085,"West Virginia","Ritchie County",5,9,77,36,41
050,54,085,"West Virginia","Ritchie County",5,10,91,43,48
050,54,085,"West Virginia","Ritchie County",5,11,86,44,42
050,54,085,"West Virginia","Ritchie County",5,12,79,40,39
050,54,085,"West Virginia","Ritchie County",5,13,89,46,43
050,54,085,"West Virginia","Ritchie County",5,14,95,46,49
050,54,085,"West Virginia","Ritchie County",5,15,101,53,48
050,54,085,"West Virginia","Ritchie County",5,16,106,48,58
050,54,085,"West Virginia","Ritchie County",5,17,105,58,47
050,54,085,"West Virginia","Ritchie County",5,18,90,51,39
050,54,085,"West Virginia","Ritchie County",5,19,64,36,28
050,54,085,"West Virginia","Ritchie County",5,20,80,41,39
050,54,085,"West Virginia","Ritchie County",5,21,80,43,37
050,54,085,"West Virginia","Ritchie County",5,22,65,40,25
050,54,085,"West Virginia","Ritchie County",5,23,64,27,37
050,54,085,"West Virginia","Ritchie County",5,24,70,35,35
050,54,085,"West Virginia","Ritchie County",5,25,79,41,38
050,54,085,"West Virginia","Ritchie County",5,26,78,43,35
050,54,085,"West Virginia","Ritchie County",5,27,86,46,40
050,54,085,"West Virginia","Ritchie County",5,28,85,44,41
050,54,085,"West Virginia","Ritchie County",5,29,87,48,39
050,54,085,"West Virginia","Ritchie County",5,30,83,46,37
050,54,085,"West Virginia","Ritchie County",5,31,85,42,43
050,54,085,"West Virginia","Ritchie County",5,32,99,47,52
050,54,085,"West Virginia","Ritchie County",5,33,110,61,49
050,54,085,"West Virginia","Ritchie County",5,34,81,46,35
050,54,085,"West Virginia","Ritchie County",5,35,80,42,38
050,54,085,"West Virginia","Ritchie County",5,36,74,37,37
050,54,085,"West Virginia","Ritchie County",5,37,84,48,36
050,54,085,"West Virginia","Ritchie County",5,38,69,36,33
050,54,085,"West Virginia","Ritchie County",5,39,76,35,41
050,54,085,"West Virginia","Ritchie County",5,40,94,44,50
050,54,085,"West Virginia","Ritchie County",5,41,103,51,52
050,54,085,"West Virginia","Ritchie County",5,42,112,57,55
050,54,085,"West Virginia","Ritchie County",5,43,108,54,54
050,54,085,"West Virginia","Ritchie County",5,44,103,60,43
050,54,085,"West Virginia","Ritchie County",5,45,112,56,56
050,54,085,"West Virginia","Ritchie County",5,46,97,41,56
050,54,085,"West Virginia","Ritchie County",5,47,93,46,47
050,54,085,"West Virginia","Ritchie County",5,48,84,40,44
050,54,085,"West Virginia","Ritchie County",5,49,94,44,50
050,54,085,"West Virginia","Ritchie County",5,50,97,42,55
050,54,085,"West Virginia","Ritchie County",5,51,104,48,56
050,54,085,"West Virginia","Ritchie County",5,52,117,62,55
050,54,085,"West Virginia","Ritchie County",5,53,125,60,65
050,54,085,"West Virginia","Ritchie County",5,54,119,57,62
050,54,085,"West Virginia","Ritchie County",5,55,107,52,55
050,54,085,"West Virginia","Ritchie County",5,56,112,59,53
050,54,085,"West Virginia","Ritchie County",5,57,115,58,57
050,54,085,"West Virginia","Ritchie County",5,58,122,56,66
050,54,085,"West Virginia","Ritchie County",5,59,135,68,67
050,54,085,"West Virginia","Ritchie County",5,60,137,79,58
050,54,085,"West Virginia","Ritchie County",5,61,138,82,56
050,54,085,"West Virginia","Ritchie County",5,62,124,68,56
050,54,085,"West Virginia","Ritchie County",5,63,140,75,65
050,54,085,"West Virginia","Ritchie County",5,64,143,67,76
050,54,085,"West Virginia","Ritchie County",5,65,135,74,61
050,54,085,"West Virginia","Ritchie County",5,66,139,76,63
050,54,085,"West Virginia","Ritchie County",5,67,139,68,71
050,54,085,"West Virginia","Ritchie County",5,68,107,51,56
050,54,085,"West Virginia","Ritchie County",5,69,104,52,52
050,54,085,"West Virginia","Ritchie County",5,70,104,64,40
050,54,085,"West Virginia","Ritchie County",5,71,106,56,50
050,54,085,"West Virginia","Ritchie County",5,72,104,54,50
050,54,085,"West Virginia","Ritchie County",5,73,117,55,62
050,54,085,"West Virginia","Ritchie County",5,74,103,45,58
050,54,085,"West Virginia","Ritchie County",5,75,95,42,53
050,54,085,"West Virginia","Ritchie County",5,76,105,48,57
050,54,085,"West Virginia","Ritchie County",5,77,72,40,32
050,54,085,"West Virginia","Ritchie County",5,78,65,36,29
050,54,085,"West Virginia","Ritchie County",5,79,58,30,28
050,54,085,"West Virginia","Ritchie County",5,80,59,29,30
050,54,085,"West Virginia","Ritchie County",5,81,58,29,29
050,54,085,"West Virginia","Ritchie County",5,82,45,21,24
050,54,085,"West Virginia","Ritchie County",5,83,39,17,22
050,54,085,"West Virginia","Ritchie County",5,84,35,13,22
050,54,085,"West Virginia","Ritchie County",5,85,161,66,95
050,54,087,"West Virginia","Roane County",1,0,125,64,61
050,54,087,"West Virginia","Roane County",1,1,125,63,62
050,54,087,"West Virginia","Roane County",1,2,148,64,84
050,54,087,"West Virginia","Roane County",1,3,138,71,67
050,54,087,"West Virginia","Roane County",1,4,119,64,55
050,54,087,"West Virginia","Roane County",1,5,126,62,64
050,54,087,"West Virginia","Roane County",1,6,161,87,74
050,54,087,"West Virginia","Roane County",1,7,153,75,78
050,54,087,"West Virginia","Roane County",1,8,170,73,97
050,54,087,"West Virginia","Roane County",1,9,164,86,78
050,54,087,"West Virginia","Roane County",1,10,159,78,81
050,54,087,"West Virginia","Roane County",1,11,170,88,82
050,54,087,"West Virginia","Roane County",1,12,187,99,88
050,54,087,"West Virginia","Roane County",1,13,189,93,96
050,54,087,"West Virginia","Roane County",1,14,181,97,84
050,54,087,"West Virginia","Roane County",1,15,186,92,94
050,54,087,"West Virginia","Roane County",1,16,207,101,106
050,54,087,"West Virginia","Roane County",1,17,192,99,93
050,54,087,"West Virginia","Roane County",1,18,149,82,67
050,54,087,"West Virginia","Roane County",1,19,112,57,55
050,54,087,"West Virginia","Roane County",1,20,137,73,64
050,54,087,"West Virginia","Roane County",1,21,134,67,67
050,54,087,"West Virginia","Roane County",1,22,128,69,59
050,54,087,"West Virginia","Roane County",1,23,139,78,61
050,54,087,"West Virginia","Roane County",1,24,124,71,53
050,54,087,"West Virginia","Roane County",1,25,128,64,64
050,54,087,"West Virginia","Roane County",1,26,127,72,55
050,54,087,"West Virginia","Roane County",1,27,137,75,62
050,54,087,"West Virginia","Roane County",1,28,150,75,75
050,54,087,"West Virginia","Roane County",1,29,164,86,78
050,54,087,"West Virginia","Roane County",1,30,151,83,68
050,54,087,"West Virginia","Roane County",1,31,139,75,64
050,54,087,"West Virginia","Roane County",1,32,139,69,70
050,54,087,"West Virginia","Roane County",1,33,109,50,59
050,54,087,"West Virginia","Roane County",1,34,122,56,66
050,54,087,"West Virginia","Roane County",1,35,147,74,73
050,54,087,"West Virginia","Roane County",1,36,157,77,80
050,54,087,"West Virginia","Roane County",1,37,144,75,69
050,54,087,"West Virginia","Roane County",1,38,143,69,74
050,54,087,"West Virginia","Roane County",1,39,172,81,91
050,54,087,"West Virginia","Roane County",1,40,163,76,87
050,54,087,"West Virginia","Roane County",1,41,169,85,84
050,54,087,"West Virginia","Roane County",1,42,188,87,101
050,54,087,"West Virginia","Roane County",1,43,174,83,91
050,54,087,"West Virginia","Roane County",1,44,177,82,95
050,54,087,"West Virginia","Roane County",1,45,175,81,94
050,54,087,"West Virginia","Roane County",1,46,170,91,79
050,54,087,"West Virginia","Roane County",1,47,187,105,82
050,54,087,"West Virginia","Roane County",1,48,199,96,103
050,54,087,"West Virginia","Roane County",1,49,223,104,119
050,54,087,"West Virginia","Roane County",1,50,188,92,96
050,54,087,"West Virginia","Roane County",1,51,179,94,85
050,54,087,"West Virginia","Roane County",1,52,187,102,85
050,54,087,"West Virginia","Roane County",1,53,176,90,86
050,54,087,"West Virginia","Roane County",1,54,190,92,98
050,54,087,"West Virginia","Roane County",1,55,183,96,87
050,54,087,"West Virginia","Roane County",1,56,189,91,98
050,54,087,"West Virginia","Roane County",1,57,210,108,102
050,54,087,"West Virginia","Roane County",1,58,234,116,118
050,54,087,"West Virginia","Roane County",1,59,233,107,126
050,54,087,"West Virginia","Roane County",1,60,216,111,105
050,54,087,"West Virginia","Roane County",1,61,230,107,123
050,54,087,"West Virginia","Roane County",1,62,248,118,130
050,54,087,"West Virginia","Roane County",1,63,227,100,127
050,54,087,"West Virginia","Roane County",1,64,227,117,110
050,54,087,"West Virginia","Roane County",1,65,220,128,92
050,54,087,"West Virginia","Roane County",1,66,219,121,98
050,54,087,"West Virginia","Roane County",1,67,225,117,108
050,54,087,"West Virginia","Roane County",1,68,201,97,104
050,54,087,"West Virginia","Roane County",1,69,199,96,103
050,54,087,"West Virginia","Roane County",1,70,188,89,99
050,54,087,"West Virginia","Roane County",1,71,179,88,91
050,54,087,"West Virginia","Roane County",1,72,173,87,86
050,54,087,"West Virginia","Roane County",1,73,184,102,82
050,54,087,"West Virginia","Roane County",1,74,135,70,65
050,54,087,"West Virginia","Roane County",1,75,130,59,71
050,54,087,"West Virginia","Roane County",1,76,118,57,61
050,54,087,"West Virginia","Roane County",1,77,113,48,65
050,54,087,"West Virginia","Roane County",1,78,99,48,51
050,54,087,"West Virginia","Roane County",1,79,92,47,45
050,54,087,"West Virginia","Roane County",1,80,84,34,50
050,54,087,"West Virginia","Roane County",1,81,86,44,42
050,54,087,"West Virginia","Roane County",1,82,68,32,36
050,54,087,"West Virginia","Roane County",1,83,58,26,32
050,54,087,"West Virginia","Roane County",1,84,68,33,35
050,54,087,"West Virginia","Roane County",1,85,295,101,194
050,54,087,"West Virginia","Roane County",2,0,121,61,60
050,54,087,"West Virginia","Roane County",2,1,126,63,63
050,54,087,"West Virginia","Roane County",2,2,143,65,78
050,54,087,"West Virginia","Roane County",2,3,138,68,70
050,54,087,"West Virginia","Roane County",2,4,124,66,58
050,54,087,"West Virginia","Roane County",2,5,126,64,62
050,54,087,"West Virginia","Roane County",2,6,153,82,71
050,54,087,"West Virginia","Roane County",2,7,154,77,77
050,54,087,"West Virginia","Roane County",2,8,166,75,91
050,54,087,"West Virginia","Roane County",2,9,163,82,81
050,54,087,"West Virginia","Roane County",2,10,160,80,80
050,54,087,"West Virginia","Roane County",2,11,167,87,80
050,54,087,"West Virginia","Roane County",2,12,185,97,88
050,54,087,"West Virginia","Roane County",2,13,187,95,92
050,54,087,"West Virginia","Roane County",2,14,182,96,86
050,54,087,"West Virginia","Roane County",2,15,188,95,93
050,54,087,"West Virginia","Roane County",2,16,200,99,101
050,54,087,"West Virginia","Roane County",2,17,195,100,95
050,54,087,"West Virginia","Roane County",2,18,150,82,68
050,54,087,"West Virginia","Roane County",2,19,114,60,54
050,54,087,"West Virginia","Roane County",2,20,133,70,63
050,54,087,"West Virginia","Roane County",2,21,137,69,68
050,54,087,"West Virginia","Roane County",2,22,131,69,62
050,54,087,"West Virginia","Roane County",2,23,137,76,61
050,54,087,"West Virginia","Roane County",2,24,127,72,55
050,54,087,"West Virginia","Roane County",2,25,126,65,61
050,54,087,"West Virginia","Roane County",2,26,127,70,57
050,54,087,"West Virginia","Roane County",2,27,135,74,61
050,54,087,"West Virginia","Roane County",2,28,147,75,72
050,54,087,"West Virginia","Roane County",2,29,159,84,75
050,54,087,"West Virginia","Roane County",2,30,154,85,69
050,54,087,"West Virginia","Roane County",2,31,141,77,64
050,54,087,"West Virginia","Roane County",2,32,139,70,69
050,54,087,"West Virginia","Roane County",2,33,115,53,62
050,54,087,"West Virginia","Roane County",2,34,121,56,65
050,54,087,"West Virginia","Roane County",2,35,144,71,73
050,54,087,"West Virginia","Roane County",2,36,154,75,79
050,54,087,"West Virginia","Roane County",2,37,146,76,70
050,54,087,"West Virginia","Roane County",2,38,143,69,74
050,54,087,"West Virginia","Roane County",2,39,164,77,87
050,54,087,"West Virginia","Roane County",2,40,165,77,88
050,54,087,"West Virginia","Roane County",2,41,166,82,84
050,54,087,"West Virginia","Roane County",2,42,182,86,96
050,54,087,"West Virginia","Roane County",2,43,178,85,93
050,54,087,"West Virginia","Roane County",2,44,173,81,92
050,54,087,"West Virginia","Roane County",2,45,176,81,95
050,54,087,"West Virginia","Roane County",2,46,167,86,81
050,54,087,"West Virginia","Roane County",2,47,182,101,81
050,54,087,"West Virginia","Roane County",2,48,196,99,97
050,54,087,"West Virginia","Roane County",2,49,218,103,115
050,54,087,"West Virginia","Roane County",2,50,196,94,102
050,54,087,"West Virginia","Roane County",2,51,181,93,88
050,54,087,"West Virginia","Roane County",2,52,184,99,85
050,54,087,"West Virginia","Roane County",2,53,180,94,86
050,54,087,"West Virginia","Roane County",2,54,183,89,94
050,54,087,"West Virginia","Roane County",2,55,185,95,90
050,54,087,"West Virginia","Roane County",2,56,189,93,96
050,54,087,"West Virginia","Roane County",2,57,205,103,102
050,54,087,"West Virginia","Roane County",2,58,229,114,115
050,54,087,"West Virginia","Roane County",2,59,236,110,126
050,54,087,"West Virginia","Roane County",2,60,218,110,108
050,54,087,"West Virginia","Roane County",2,61,225,108,117
050,54,087,"West Virginia","Roane County",2,62,244,114,130
050,54,087,"West Virginia","Roane County",2,63,237,106,131
050,54,087,"West Virginia","Roane County",2,64,224,111,113
050,54,087,"West Virginia","Roane County",2,65,219,123,96
050,54,087,"West Virginia","Roane County",2,66,220,123,97
050,54,087,"West Virginia","Roane County",2,67,223,119,104
050,54,087,"West Virginia","Roane County",2,68,203,100,103
050,54,087,"West Virginia","Roane County",2,69,199,96,103
050,54,087,"West Virginia","Roane County",2,70,189,91,98
050,54,087,"West Virginia","Roane County",2,71,181,88,93
050,54,087,"West Virginia","Roane County",2,72,173,87,86
050,54,087,"West Virginia","Roane County",2,73,186,102,84
050,54,087,"West Virginia","Roane County",2,74,138,74,64
050,54,087,"West Virginia","Roane County",2,75,129,59,70
050,54,087,"West Virginia","Roane County",2,76,120,57,63
050,54,087,"West Virginia","Roane County",2,77,117,52,65
050,54,087,"West Virginia","Roane County",2,78,97,47,50
050,54,087,"West Virginia","Roane County",2,79,93,47,46
050,54,087,"West Virginia","Roane County",2,80,83,35,48
050,54,087,"West Virginia","Roane County",2,81,84,41,43
050,54,087,"West Virginia","Roane County",2,82,72,35,37
050,54,087,"West Virginia","Roane County",2,83,60,27,33
050,54,087,"West Virginia","Roane County",2,84,61,27,34
050,54,087,"West Virginia","Roane County",2,85,299,105,194
050,54,087,"West Virginia","Roane County",3,0,128,80,48
050,54,087,"West Virginia","Roane County",3,1,112,59,53
050,54,087,"West Virginia","Roane County",3,2,111,57,54
050,54,087,"West Virginia","Roane County",3,3,147,71,76
050,54,087,"West Virginia","Roane County",3,4,133,73,60
050,54,087,"West Virginia","Roane County",3,5,124,66,58
050,54,087,"West Virginia","Roane County",3,6,136,69,67
050,54,087,"West Virginia","Roane County",3,7,146,76,70
050,54,087,"West Virginia","Roane County",3,8,167,86,81
050,54,087,"West Virginia","Roane County",3,9,171,78,93
050,54,087,"West Virginia","Roane County",3,10,163,82,81
050,54,087,"West Virginia","Roane County",3,11,162,84,78
050,54,087,"West Virginia","Roane County",3,12,171,91,80
050,54,087,"West Virginia","Roane County",3,13,194,99,95
050,54,087,"West Virginia","Roane County",3,14,187,93,94
050,54,087,"West Virginia","Roane County",3,15,185,93,92
050,54,087,"West Virginia","Roane County",3,16,191,100,91
050,54,087,"West Virginia","Roane County",3,17,195,97,98
050,54,087,"West Virginia","Roane County",3,18,164,84,80
050,54,087,"West Virginia","Roane County",3,19,119,67,52
050,54,087,"West Virginia","Roane County",3,20,117,64,53
050,54,087,"West Virginia","Roane County",3,21,142,71,71
050,54,087,"West Virginia","Roane County",3,22,144,70,74
050,54,087,"West Virginia","Roane County",3,23,133,67,66
050,54,087,"West Virginia","Roane County",3,24,143,88,55
050,54,087,"West Virginia","Roane County",3,25,130,72,58
050,54,087,"West Virginia","Roane County",3,26,123,67,56
050,54,087,"West Virginia","Roane County",3,27,135,76,59
050,54,087,"West Virginia","Roane County",3,28,133,66,67
050,54,087,"West Virginia","Roane County",3,29,147,78,69
050,54,087,"West Virginia","Roane County",3,30,153,83,70
050,54,087,"West Virginia","Roane County",3,31,155,79,76
050,54,087,"West Virginia","Roane County",3,32,133,74,59
050,54,087,"West Virginia","Roane County",3,33,139,71,68
050,54,087,"West Virginia","Roane County",3,34,119,56,63
050,54,087,"West Virginia","Roane County",3,35,115,53,62
050,54,087,"West Virginia","Roane County",3,36,143,71,72
050,54,087,"West Virginia","Roane County",3,37,162,79,83
050,54,087,"West Virginia","Roane County",3,38,150,77,73
050,54,087,"West Virginia","Roane County",3,39,150,73,77
050,54,087,"West Virginia","Roane County",3,40,167,80,87
050,54,087,"West Virginia","Roane County",3,41,156,73,83
050,54,087,"West Virginia","Roane County",3,42,168,84,84
050,54,087,"West Virginia","Roane County",3,43,174,84,90
050,54,087,"West Virginia","Roane County",3,44,186,88,98
050,54,087,"West Virginia","Roane County",3,45,174,81,93
050,54,087,"West Virginia","Roane County",3,46,177,78,99
050,54,087,"West Virginia","Roane County",3,47,164,86,78
050,54,087,"West Virginia","Roane County",3,48,182,98,84
050,54,087,"West Virginia","Roane County",3,49,198,98,100
050,54,087,"West Virginia","Roane County",3,50,219,104,115
050,54,087,"West Virginia","Roane County",3,51,195,91,104
050,54,087,"West Virginia","Roane County",3,52,178,90,88
050,54,087,"West Virginia","Roane County",3,53,185,98,87
050,54,087,"West Virginia","Roane County",3,54,185,99,86
050,54,087,"West Virginia","Roane County",3,55,182,89,93
050,54,087,"West Virginia","Roane County",3,56,184,97,87
050,54,087,"West Virginia","Roane County",3,57,183,91,92
050,54,087,"West Virginia","Roane County",3,58,212,108,104
050,54,087,"West Virginia","Roane County",3,59,224,113,111
050,54,087,"West Virginia","Roane County",3,60,239,114,125
050,54,087,"West Virginia","Roane County",3,61,214,105,109
050,54,087,"West Virginia","Roane County",3,62,225,109,116
050,54,087,"West Virginia","Roane County",3,63,243,113,130
050,54,087,"West Virginia","Roane County",3,64,230,102,128
050,54,087,"West Virginia","Roane County",3,65,221,108,113
050,54,087,"West Virginia","Roane County",3,66,214,118,96
050,54,087,"West Virginia","Roane County",3,67,219,125,94
050,54,087,"West Virginia","Roane County",3,68,223,119,104
050,54,087,"West Virginia","Roane County",3,69,203,100,103
050,54,087,"West Virginia","Roane County",3,70,193,91,102
050,54,087,"West Virginia","Roane County",3,71,187,90,97
050,54,087,"West Virginia","Roane County",3,72,178,85,93
050,54,087,"West Virginia","Roane County",3,73,159,80,79
050,54,087,"West Virginia","Roane County",3,74,180,97,83
050,54,087,"West Virginia","Roane County",3,75,130,68,62
050,54,087,"West Virginia","Roane County",3,76,129,58,71
050,54,087,"West Virginia","Roane County",3,77,111,53,58
050,54,087,"West Virginia","Roane County",3,78,110,51,59
050,54,087,"West Virginia","Roane County",3,79,97,44,53
050,54,087,"West Virginia","Roane County",3,80,84,41,43
050,54,087,"West Virginia","Roane County",3,81,75,32,43
050,54,087,"West Virginia","Roane County",3,82,78,36,42
050,54,087,"West Virginia","Roane County",3,83,60,30,30
050,54,087,"West Virginia","Roane County",3,84,59,25,34
050,54,087,"West Virginia","Roane County",3,85,306,112,194
050,54,087,"West Virginia","Roane County",4,0,125,69,56
050,54,087,"West Virginia","Roane County",4,1,132,77,55
050,54,087,"West Virginia","Roane County",4,2,112,57,55
050,54,087,"West Virginia","Roane County",4,3,124,61,63
050,54,087,"West Virginia","Roane County",4,4,150,70,80
050,54,087,"West Virginia","Roane County",4,5,135,72,63
050,54,087,"West Virginia","Roane County",4,6,131,69,62
050,54,087,"West Virginia","Roane County",4,7,135,66,69
050,54,087,"West Virginia","Roane County",4,8,147,76,71
050,54,087,"West Virginia","Roane County",4,9,166,87,79
050,54,087,"West Virginia","Roane County",4,10,169,81,88
050,54,087,"West Virginia","Roane County",4,11,157,81,76
050,54,087,"West Virginia","Roane County",4,12,167,86,81
050,54,087,"West Virginia","Roane County",4,13,177,91,86
050,54,087,"West Virginia","Roane County",4,14,189,95,94
050,54,087,"West Virginia","Roane County",4,15,183,92,91
050,54,087,"West Virginia","Roane County",4,16,186,95,91
050,54,087,"West Virginia","Roane County",4,17,188,101,87
050,54,087,"West Virginia","Roane County",4,18,162,81,81
050,54,087,"West Virginia","Roane County",4,19,119,64,55
050,54,087,"West Virginia","Roane County",4,20,124,71,53
050,54,087,"West Virginia","Roane County",4,21,133,66,67
050,54,087,"West Virginia","Roane County",4,22,149,73,76
050,54,087,"West Virginia","Roane County",4,23,140,72,68
050,54,087,"West Virginia","Roane County",4,24,130,65,65
050,54,087,"West Virginia","Roane County",4,25,132,82,50
050,54,087,"West Virginia","Roane County",4,26,136,73,63
050,54,087,"West Virginia","Roane County",4,27,118,63,55
050,54,087,"West Virginia","Roane County",4,28,126,67,59
050,54,087,"West Virginia","Roane County",4,29,134,70,64
050,54,087,"West Virginia","Roane County",4,30,153,81,72
050,54,087,"West Virginia","Roane County",4,31,151,80,71
050,54,087,"West Virginia","Roane County",4,32,164,88,76
050,54,087,"West Virginia","Roane County",4,33,132,74,58
050,54,087,"West Virginia","Roane County",4,34,138,72,66
050,54,087,"West Virginia","Roane County",4,35,119,57,62
050,54,087,"West Virginia","Roane County",4,36,123,53,70
050,54,087,"West Virginia","Roane County",4,37,144,72,72
050,54,087,"West Virginia","Roane County",4,38,168,82,86
050,54,087,"West Virginia","Roane County",4,39,155,81,74
050,54,087,"West Virginia","Roane County",4,40,153,76,77
050,54,087,"West Virginia","Roane County",4,41,162,79,83
050,54,087,"West Virginia","Roane County",4,42,150,72,78
050,54,087,"West Virginia","Roane County",4,43,164,82,82
050,54,087,"West Virginia","Roane County",4,44,171,79,92
050,54,087,"West Virginia","Roane County",4,45,191,89,102
050,54,087,"West Virginia","Roane County",4,46,172,80,92
050,54,087,"West Virginia","Roane County",4,47,182,83,99
050,54,087,"West Virginia","Roane County",4,48,161,85,76
050,54,087,"West Virginia","Roane County",4,49,188,104,84
050,54,087,"West Virginia","Roane County",4,50,199,97,102
050,54,087,"West Virginia","Roane County",4,51,223,106,117
050,54,087,"West Virginia","Roane County",4,52,201,90,111
050,54,087,"West Virginia","Roane County",4,53,176,93,83
050,54,087,"West Virginia","Roane County",4,54,181,96,85
050,54,087,"West Virginia","Roane County",4,55,182,98,84
050,54,087,"West Virginia","Roane County",4,56,180,89,91
050,54,087,"West Virginia","Roane County",4,57,183,96,87
050,54,087,"West Virginia","Roane County",4,58,177,83,94
050,54,087,"West Virginia","Roane County",4,59,220,111,109
050,54,087,"West Virginia","Roane County",4,60,223,115,108
050,54,087,"West Virginia","Roane County",4,61,240,113,127
050,54,087,"West Virginia","Roane County",4,62,216,108,108
050,54,087,"West Virginia","Roane County",4,63,217,110,107
050,54,087,"West Virginia","Roane County",4,64,239,109,130
050,54,087,"West Virginia","Roane County",4,65,225,95,130
050,54,087,"West Virginia","Roane County",4,66,223,107,116
050,54,087,"West Virginia","Roane County",4,67,208,117,91
050,54,087,"West Virginia","Roane County",4,68,214,119,95
050,54,087,"West Virginia","Roane County",4,69,212,115,97
050,54,087,"West Virginia","Roane County",4,70,194,95,99
050,54,087,"West Virginia","Roane County",4,71,189,89,100
050,54,087,"West Virginia","Roane County",4,72,186,88,98
050,54,087,"West Virginia","Roane County",4,73,169,79,90
050,54,087,"West Virginia","Roane County",4,74,154,75,79
050,54,087,"West Virginia","Roane County",4,75,172,95,77
050,54,087,"West Virginia","Roane County",4,76,126,65,61
050,54,087,"West Virginia","Roane County",4,77,117,55,62
050,54,087,"West Virginia","Roane County",4,78,105,55,50
050,54,087,"West Virginia","Roane County",4,79,105,45,60
050,54,087,"West Virginia","Roane County",4,80,86,41,45
050,54,087,"West Virginia","Roane County",4,81,74,39,35
050,54,087,"West Virginia","Roane County",4,82,67,28,39
050,54,087,"West Virginia","Roane County",4,83,69,33,36
050,54,087,"West Virginia","Roane County",4,84,58,27,31
050,54,087,"West Virginia","Roane County",4,85,306,111,195
050,54,087,"West Virginia","Roane County",5,0,124,69,55
050,54,087,"West Virginia","Roane County",5,1,119,68,51
050,54,087,"West Virginia","Roane County",5,2,130,74,56
050,54,087,"West Virginia","Roane County",5,3,117,61,56
050,54,087,"West Virginia","Roane County",5,4,122,56,66
050,54,087,"West Virginia","Roane County",5,5,153,71,82
050,54,087,"West Virginia","Roane County",5,6,135,72,63
050,54,087,"West Virginia","Roane County",5,7,122,66,56
050,54,087,"West Virginia","Roane County",5,8,139,69,70
050,54,087,"West Virginia","Roane County",5,9,152,81,71
050,54,087,"West Virginia","Roane County",5,10,164,85,79
050,54,087,"West Virginia","Roane County",5,11,171,86,85
050,54,087,"West Virginia","Roane County",5,12,155,80,75
050,54,087,"West Virginia","Roane County",5,13,170,90,80
050,54,087,"West Virginia","Roane County",5,14,175,89,86
050,54,087,"West Virginia","Roane County",5,15,196,99,97
050,54,087,"West Virginia","Roane County",5,16,183,94,89
050,54,087,"West Virginia","Roane County",5,17,172,85,87
050,54,087,"West Virginia","Roane County",5,18,152,85,67
050,54,087,"West Virginia","Roane County",5,19,118,60,58
050,54,087,"West Virginia","Roane County",5,20,125,66,59
050,54,087,"West Virginia","Roane County",5,21,133,74,59
050,54,087,"West Virginia","Roane County",5,22,137,65,72
050,54,087,"West Virginia","Roane County",5,23,154,81,73
050,54,087,"West Virginia","Roane County",5,24,136,73,63
050,54,087,"West Virginia","Roane County",5,25,136,72,64
050,54,087,"West Virginia","Roane County",5,26,143,84,59
050,54,087,"West Virginia","Roane County",5,27,137,74,63
050,54,087,"West Virginia","Roane County",5,28,117,62,55
050,54,087,"West Virginia","Roane County",5,29,119,63,56
050,54,087,"West Virginia","Roane County",5,30,128,64,64
050,54,087,"West Virginia","Roane County",5,31,153,81,72
050,54,087,"West Virginia","Roane County",5,32,148,80,68
050,54,087,"West Virginia","Roane County",5,33,161,84,77
050,54,087,"West Virginia","Roane County",5,34,128,69,59
050,54,087,"West Virginia","Roane County",5,35,135,70,65
050,54,087,"West Virginia","Roane County",5,36,125,58,67
050,54,087,"West Virginia","Roane County",5,37,125,57,68
050,54,087,"West Virginia","Roane County",5,38,153,76,77
050,54,087,"West Virginia","Roane County",5,39,170,82,88
050,54,087,"West Virginia","Roane County",5,40,164,88,76
050,54,087,"West Virginia","Roane County",5,41,148,71,77
050,54,087,"West Virginia","Roane County",5,42,166,83,83
050,54,087,"West Virginia","Roane County",5,43,160,73,87
050,54,087,"West Virginia","Roane County",5,44,167,88,79
050,54,087,"West Virginia","Roane County",5,45,173,82,91
050,54,087,"West Virginia","Roane County",5,46,178,82,96
050,54,087,"West Virginia","Roane County",5,47,169,80,89
050,54,087,"West Virginia","Roane County",5,48,174,80,94
050,54,087,"West Virginia","Roane County",5,49,159,83,76
050,54,087,"West Virginia","Roane County",5,50,188,100,88
050,54,087,"West Virginia","Roane County",5,51,198,94,104
050,54,087,"West Virginia","Roane County",5,52,222,106,116
050,54,087,"West Virginia","Roane County",5,53,196,89,107
050,54,087,"West Virginia","Roane County",5,54,181,94,87
050,54,087,"West Virginia","Roane County",5,55,183,100,83
050,54,087,"West Virginia","Roane County",5,56,182,96,86
050,54,087,"West Virginia","Roane County",5,57,181,90,91
050,54,087,"West Virginia","Roane County",5,58,179,93,86
050,54,087,"West Virginia","Roane County",5,59,189,95,94
050,54,087,"West Virginia","Roane County",5,60,219,111,108
050,54,087,"West Virginia","Roane County",5,61,224,116,108
050,54,087,"West Virginia","Roane County",5,62,238,111,127
050,54,087,"West Virginia","Roane County",5,63,208,105,103
050,54,087,"West Virginia","Roane County",5,64,218,107,111
050,54,087,"West Virginia","Roane County",5,65,235,103,132
050,54,087,"West Virginia","Roane County",5,66,226,96,130
050,54,087,"West Virginia","Roane County",5,67,223,111,112
050,54,087,"West Virginia","Roane County",5,68,206,118,88
050,54,087,"West Virginia","Roane County",5,69,208,119,89
050,54,087,"West Virginia","Roane County",5,70,206,112,94
050,54,087,"West Virginia","Roane County",5,71,195,96,99
050,54,087,"West Virginia","Roane County",5,72,187,86,101
050,54,087,"West Virginia","Roane County",5,73,176,82,94
050,54,087,"West Virginia","Roane County",5,74,161,74,87
050,54,087,"West Virginia","Roane County",5,75,147,71,76
050,54,087,"West Virginia","Roane County",5,76,166,91,75
050,54,087,"West Virginia","Roane County",5,77,118,62,56
050,54,087,"West Virginia","Roane County",5,78,106,54,52
050,54,087,"West Virginia","Roane County",5,79,103,49,54
050,54,087,"West Virginia","Roane County",5,80,96,41,55
050,54,087,"West Virginia","Roane County",5,81,76,38,38
050,54,087,"West Virginia","Roane County",5,82,68,35,33
050,54,087,"West Virginia","Roane County",5,83,59,26,33
050,54,087,"West Virginia","Roane County",5,84,65,29,36
050,54,087,"West Virginia","Roane County",5,85,320,122,198
050,54,089,"West Virginia","Summers County",1,0,88,44,44
050,54,089,"West Virginia","Summers County",1,1,87,39,48
050,54,089,"West Virginia","Summers County",1,2,91,43,48
050,54,089,"West Virginia","Summers County",1,3,102,58,44
050,54,089,"West Virginia","Summers County",1,4,102,56,46
050,54,089,"West Virginia","Summers County",1,5,88,45,43
050,54,089,"West Virginia","Summers County",1,6,89,42,47
050,54,089,"West Virginia","Summers County",1,7,90,38,52
050,54,089,"West Virginia","Summers County",1,8,94,47,47
050,54,089,"West Virginia","Summers County",1,9,107,47,60
050,54,089,"West Virginia","Summers County",1,10,103,49,54
050,54,089,"West Virginia","Summers County",1,11,124,53,71
050,54,089,"West Virginia","Summers County",1,12,121,61,60
050,54,089,"West Virginia","Summers County",1,13,120,66,54
050,54,089,"West Virginia","Summers County",1,14,115,61,54
050,54,089,"West Virginia","Summers County",1,15,126,67,59
050,54,089,"West Virginia","Summers County",1,16,125,66,59
050,54,089,"West Virginia","Summers County",1,17,135,68,67
050,54,089,"West Virginia","Summers County",1,18,118,60,58
050,54,089,"West Virginia","Summers County",1,19,90,46,44
050,54,089,"West Virginia","Summers County",1,20,78,47,31
050,54,089,"West Virginia","Summers County",1,21,80,45,35
050,54,089,"West Virginia","Summers County",1,22,101,46,55
050,54,089,"West Virginia","Summers County",1,23,112,49,63
050,54,089,"West Virginia","Summers County",1,24,110,51,59
050,54,089,"West Virginia","Summers County",1,25,126,64,62
050,54,089,"West Virginia","Summers County",1,26,127,57,70
050,54,089,"West Virginia","Summers County",1,27,134,53,81
050,54,089,"West Virginia","Summers County",1,28,153,58,95
050,54,089,"West Virginia","Summers County",1,29,156,58,98
050,54,089,"West Virginia","Summers County",1,30,145,49,96
050,54,089,"West Virginia","Summers County",1,31,120,44,76
050,54,089,"West Virginia","Summers County",1,32,104,35,69
050,54,089,"West Virginia","Summers County",1,33,113,50,63
050,54,089,"West Virginia","Summers County",1,34,117,35,82
050,54,089,"West Virginia","Summers County",1,35,135,50,85
050,54,089,"West Virginia","Summers County",1,36,136,60,76
050,54,089,"West Virginia","Summers County",1,37,133,59,74
050,54,089,"West Virginia","Summers County",1,38,122,53,69
050,54,089,"West Virginia","Summers County",1,39,154,58,96
050,54,089,"West Virginia","Summers County",1,40,169,68,101
050,54,089,"West Virginia","Summers County",1,41,167,62,105
050,54,089,"West Virginia","Summers County",1,42,175,85,90
050,54,089,"West Virginia","Summers County",1,43,162,81,81
050,54,089,"West Virginia","Summers County",1,44,134,60,74
050,54,089,"West Virginia","Summers County",1,45,164,69,95
050,54,089,"West Virginia","Summers County",1,46,150,54,96
050,54,089,"West Virginia","Summers County",1,47,142,59,83
050,54,089,"West Virginia","Summers County",1,48,167,75,92
050,54,089,"West Virginia","Summers County",1,49,168,79,89
050,54,089,"West Virginia","Summers County",1,50,151,73,78
050,54,089,"West Virginia","Summers County",1,51,156,81,75
050,54,089,"West Virginia","Summers County",1,52,149,70,79
050,54,089,"West Virginia","Summers County",1,53,152,70,82
050,54,089,"West Virginia","Summers County",1,54,167,74,93
050,54,089,"West Virginia","Summers County",1,55,175,72,103
050,54,089,"West Virginia","Summers County",1,56,168,79,89
050,54,089,"West Virginia","Summers County",1,57,193,85,108
050,54,089,"West Virginia","Summers County",1,58,199,91,108
050,54,089,"West Virginia","Summers County",1,59,184,87,97
050,54,089,"West Virginia","Summers County",1,60,184,83,101
050,54,089,"West Virginia","Summers County",1,61,188,85,103
050,54,089,"West Virginia","Summers County",1,62,197,96,101
050,54,089,"West Virginia","Summers County",1,63,204,97,107
050,54,089,"West Virginia","Summers County",1,64,221,104,117
050,54,089,"West Virginia","Summers County",1,65,220,99,121
050,54,089,"West Virginia","Summers County",1,66,204,108,96
050,54,089,"West Virginia","Summers County",1,67,194,101,93
050,54,089,"West Virginia","Summers County",1,68,210,100,110
050,54,089,"West Virginia","Summers County",1,69,195,105,90
050,54,089,"West Virginia","Summers County",1,70,205,109,96
050,54,089,"West Virginia","Summers County",1,71,192,95,97
050,54,089,"West Virginia","Summers County",1,72,175,84,91
050,54,089,"West Virginia","Summers County",1,73,162,83,79
050,54,089,"West Virginia","Summers County",1,74,116,55,61
050,54,089,"West Virginia","Summers County",1,75,127,63,64
050,54,089,"West Virginia","Summers County",1,76,110,52,58
050,54,089,"West Virginia","Summers County",1,77,108,40,68
050,54,089,"West Virginia","Summers County",1,78,101,43,58
050,54,089,"West Virginia","Summers County",1,79,89,43,46
050,54,089,"West Virginia","Summers County",1,80,79,35,44
050,54,089,"West Virginia","Summers County",1,81,80,34,46
050,54,089,"West Virginia","Summers County",1,82,61,25,36
050,54,089,"West Virginia","Summers County",1,83,60,25,35
050,54,089,"West Virginia","Summers County",1,84,63,33,30
050,54,089,"West Virginia","Summers County",1,85,359,137,222
050,54,089,"West Virginia","Summers County",2,0,90,49,41
050,54,089,"West Virginia","Summers County",2,1,88,41,47
050,54,089,"West Virginia","Summers County",2,2,92,43,49
050,54,089,"West Virginia","Summers County",2,3,98,54,44
050,54,089,"West Virginia","Summers County",2,4,102,56,46
050,54,089,"West Virginia","Summers County",2,5,91,48,43
050,54,089,"West Virginia","Summers County",2,6,89,42,47
050,54,089,"West Virginia","Summers County",2,7,91,39,52
050,54,089,"West Virginia","Summers County",2,8,94,45,49
050,54,089,"West Virginia","Summers County",2,9,103,48,55
050,54,089,"West Virginia","Summers County",2,10,105,49,56
050,54,089,"West Virginia","Summers County",2,11,117,50,67
050,54,089,"West Virginia","Summers County",2,12,122,60,62
050,54,089,"West Virginia","Summers County",2,13,120,64,56
050,54,089,"West Virginia","Summers County",2,14,115,61,54
050,54,089,"West Virginia","Summers County",2,15,124,66,58
050,54,089,"West Virginia","Summers County",2,16,124,65,59
050,54,089,"West Virginia","Summers County",2,17,131,67,64
050,54,089,"West Virginia","Summers County",2,18,115,59,56
050,54,089,"West Virginia","Summers County",2,19,91,47,44
050,54,089,"West Virginia","Summers County",2,20,83,48,35
050,54,089,"West Virginia","Summers County",2,21,82,46,36
050,54,089,"West Virginia","Summers County",2,22,100,45,55
050,54,089,"West Virginia","Summers County",2,23,108,48,60
050,54,089,"West Virginia","Summers County",2,24,111,51,60
050,54,089,"West Virginia","Summers County",2,25,123,62,61
050,54,089,"West Virginia","Summers County",2,26,128,58,70
050,54,089,"West Virginia","Summers County",2,27,134,54,80
050,54,089,"West Virginia","Summers County",2,28,151,57,94
050,54,089,"West Virginia","Summers County",2,29,156,58,98
050,54,089,"West Virginia","Summers County",2,30,147,52,95
050,54,089,"West Virginia","Summers County",2,31,124,45,79
050,54,089,"West Virginia","Summers County",2,32,107,37,70
050,54,089,"West Virginia","Summers County",2,33,111,46,65
050,54,089,"West Virginia","Summers County",2,34,119,38,81
050,54,089,"West Virginia","Summers County",2,35,132,47,85
050,54,089,"West Virginia","Summers County",2,36,133,56,77
050,54,089,"West Virginia","Summers County",2,37,129,57,72
050,54,089,"West Virginia","Summers County",2,38,125,55,70
050,54,089,"West Virginia","Summers County",2,39,149,55,94
050,54,089,"West Virginia","Summers County",2,40,164,66,98
050,54,089,"West Virginia","Summers County",2,41,167,64,103
050,54,089,"West Virginia","Summers County",2,42,172,78,94
050,54,089,"West Virginia","Summers County",2,43,164,81,83
050,54,089,"West Virginia","Summers County",2,44,141,66,75
050,54,089,"West Virginia","Summers County",2,45,157,66,91
050,54,089,"West Virginia","Summers County",2,46,152,57,95
050,54,089,"West Virginia","Summers County",2,47,143,58,85
050,54,089,"West Virginia","Summers County",2,48,161,71,90
050,54,089,"West Virginia","Summers County",2,49,167,78,89
050,54,089,"West Virginia","Summers County",2,50,153,74,79
050,54,089,"West Virginia","Summers County",2,51,157,80,77
050,54,089,"West Virginia","Summers County",2,52,152,72,80
050,54,089,"West Virginia","Summers County",2,53,150,70,80
050,54,089,"West Virginia","Summers County",2,54,160,73,87
050,54,089,"West Virginia","Summers County",2,55,172,72,100
050,54,089,"West Virginia","Summers County",2,56,168,77,91
050,54,089,"West Virginia","Summers County",2,57,188,85,103
050,54,089,"West Virginia","Summers County",2,58,195,88,107
050,54,089,"West Virginia","Summers County",2,59,190,89,101
050,54,089,"West Virginia","Summers County",2,60,185,85,100
050,54,089,"West Virginia","Summers County",2,61,187,84,103
050,54,089,"West Virginia","Summers County",2,62,193,92,101
050,54,089,"West Virginia","Summers County",2,63,204,97,107
050,54,089,"West Virginia","Summers County",2,64,216,102,114
050,54,089,"West Virginia","Summers County",2,65,220,101,119
050,54,089,"West Virginia","Summers County",2,66,208,106,102
050,54,089,"West Virginia","Summers County",2,67,195,102,93
050,54,089,"West Virginia","Summers County",2,68,203,98,105
050,54,089,"West Virginia","Summers County",2,69,198,103,95
050,54,089,"West Virginia","Summers County",2,70,202,107,95
050,54,089,"West Virginia","Summers County",2,71,192,96,96
050,54,089,"West Virginia","Summers County",2,72,178,86,92
050,54,089,"West Virginia","Summers County",2,73,172,87,85
050,54,089,"West Virginia","Summers County",2,74,119,57,62
050,54,089,"West Virginia","Summers County",2,75,124,61,63
050,54,089,"West Virginia","Summers County",2,76,112,53,59
050,54,089,"West Virginia","Summers County",2,77,109,44,65
050,54,089,"West Virginia","Summers County",2,78,99,40,59
050,54,089,"West Virginia","Summers County",2,79,88,41,47
050,54,089,"West Virginia","Summers County",2,80,81,37,44
050,54,089,"West Virginia","Summers County",2,81,79,34,45
050,54,089,"West Virginia","Summers County",2,82,63,26,37
050,54,089,"West Virginia","Summers County",2,83,60,25,35
050,54,089,"West Virginia","Summers County",2,84,62,32,30
050,54,089,"West Virginia","Summers County",2,85,363,141,222
050,54,089,"West Virginia","Summers County",3,0,86,36,50
050,54,089,"West Virginia","Summers County",3,1,86,48,38
050,54,089,"West Virginia","Summers County",3,2,90,46,44
050,54,089,"West Virginia","Summers County",3,3,100,45,55
050,54,089,"West Virginia","Summers County",3,4,100,55,45
050,54,089,"West Virginia","Summers County",3,5,114,59,55
050,54,089,"West Virginia","Summers County",3,6,90,47,43
050,54,089,"West Virginia","Summers County",3,7,93,44,49
050,54,089,"West Virginia","Summers County",3,8,93,41,52
050,54,089,"West Virginia","Summers County",3,9,99,50,49
050,54,089,"West Virginia","Summers County",3,10,102,49,53
050,54,089,"West Virginia","Summers County",3,11,105,51,54
050,54,089,"West Virginia","Summers County",3,12,107,49,58
050,54,089,"West Virginia","Summers County",3,13,125,61,64
050,54,089,"West Virginia","Summers County",3,14,119,61,58
050,54,089,"West Virginia","Summers County",3,15,124,69,55
050,54,089,"West Virginia","Summers County",3,16,138,76,62
050,54,089,"West Virginia","Summers County",3,17,130,70,60
050,54,089,"West Virginia","Summers County",3,18,103,56,47
050,54,089,"West Virginia","Summers County",3,19,89,44,45
050,54,089,"West Virginia","Summers County",3,20,98,50,48
050,54,089,"West Virginia","Summers County",3,21,90,44,46
050,54,089,"West Virginia","Summers County",3,22,101,50,51
050,54,089,"West Virginia","Summers County",3,23,98,49,49
050,54,089,"West Virginia","Summers County",3,24,117,51,66
050,54,089,"West Virginia","Summers County",3,25,118,57,61
050,54,089,"West Virginia","Summers County",3,26,135,62,73
050,54,089,"West Virginia","Summers County",3,27,131,53,78
050,54,089,"West Virginia","Summers County",3,28,141,59,82
050,54,089,"West Virginia","Summers County",3,29,158,55,103
050,54,089,"West Virginia","Summers County",3,30,150,59,91
050,54,089,"West Virginia","Summers County",3,31,140,49,91
050,54,089,"West Virginia","Summers County",3,32,115,43,72
050,54,089,"West Virginia","Summers County",3,33,102,35,67
050,54,089,"West Virginia","Summers County",3,34,113,46,67
050,54,089,"West Virginia","Summers County",3,35,116,39,77
050,54,089,"West Virginia","Summers County",3,36,132,47,85
050,54,089,"West Virginia","Summers County",3,37,131,57,74
050,54,089,"West Virginia","Summers County",3,38,128,56,72
050,54,089,"West Virginia","Summers County",3,39,148,61,87
050,54,089,"West Virginia","Summers County",3,40,143,51,92
050,54,089,"West Virginia","Summers County",3,41,160,66,94
050,54,089,"West Virginia","Summers County",3,42,166,63,103
050,54,089,"West Virginia","Summers County",3,43,158,76,82
050,54,089,"West Virginia","Summers County",3,44,156,75,81
050,54,089,"West Virginia","Summers County",3,45,149,68,81
050,54,089,"West Virginia","Summers County",3,46,151,58,93
050,54,089,"West Virginia","Summers County",3,47,157,60,97
050,54,089,"West Virginia","Summers County",3,48,148,58,90
050,54,089,"West Virginia","Summers County",3,49,153,67,86
050,54,089,"West Virginia","Summers County",3,50,161,76,85
050,54,089,"West Virginia","Summers County",3,51,151,72,79
050,54,089,"West Virginia","Summers County",3,52,163,77,86
050,54,089,"West Virginia","Summers County",3,53,143,68,75
050,54,089,"West Virginia","Summers County",3,54,142,69,73
050,54,089,"West Virginia","Summers County",3,55,162,74,88
050,54,089,"West Virginia","Summers County",3,56,169,74,95
050,54,089,"West Virginia","Summers County",3,57,160,74,86
050,54,089,"West Virginia","Summers County",3,58,179,83,96
050,54,089,"West Virginia","Summers County",3,59,195,91,104
050,54,089,"West Virginia","Summers County",3,60,189,89,100
050,54,089,"West Virginia","Summers County",3,61,182,82,100
050,54,089,"West Virginia","Summers County",3,62,188,86,102
050,54,089,"West Virginia","Summers County",3,63,193,87,106
050,54,089,"West Virginia","Summers County",3,64,199,95,104
050,54,089,"West Virginia","Summers County",3,65,212,101,111
050,54,089,"West Virginia","Summers County",3,66,213,101,112
050,54,089,"West Virginia","Summers County",3,67,207,105,102
050,54,089,"West Virginia","Summers County",3,68,190,98,92
050,54,089,"West Virginia","Summers County",3,69,196,93,103
050,54,089,"West Virginia","Summers County",3,70,195,104,91
050,54,089,"West Virginia","Summers County",3,71,194,99,95
050,54,089,"West Virginia","Summers County",3,72,189,96,93
050,54,089,"West Virginia","Summers County",3,73,169,80,89
050,54,089,"West Virginia","Summers County",3,74,171,85,86
050,54,089,"West Virginia","Summers County",3,75,119,58,61
050,54,089,"West Virginia","Summers County",3,76,118,57,61
050,54,089,"West Virginia","Summers County",3,77,105,52,53
050,54,089,"West Virginia","Summers County",3,78,99,38,61
050,54,089,"West Virginia","Summers County",3,79,94,39,55
050,54,089,"West Virginia","Summers County",3,80,87,41,46
050,54,089,"West Virginia","Summers County",3,81,70,32,38
050,54,089,"West Virginia","Summers County",3,82,75,32,43
050,54,089,"West Virginia","Summers County",3,83,62,26,36
050,54,089,"West Virginia","Summers County",3,84,55,25,30
050,54,089,"West Virginia","Summers County",3,85,373,150,223
050,54,089,"West Virginia","Summers County",4,0,90,45,45
050,54,089,"West Virginia","Summers County",4,1,78,29,49
050,54,089,"West Virginia","Summers County",4,2,90,49,41
050,54,089,"West Virginia","Summers County",4,3,83,44,39
050,54,089,"West Virginia","Summers County",4,4,94,44,50
050,54,089,"West Virginia","Summers County",4,5,101,51,50
050,54,089,"West Virginia","Summers County",4,6,106,54,52
050,54,089,"West Virginia","Summers County",4,7,93,50,43
050,54,089,"West Virginia","Summers County",4,8,101,46,55
050,54,089,"West Virginia","Summers County",4,9,99,41,58
050,54,089,"West Virginia","Summers County",4,10,87,42,45
050,54,089,"West Virginia","Summers County",4,11,99,46,53
050,54,089,"West Virginia","Summers County",4,12,110,54,56
050,54,089,"West Virginia","Summers County",4,13,116,51,65
050,54,089,"West Virginia","Summers County",4,14,127,62,65
050,54,089,"West Virginia","Summers County",4,15,127,65,62
050,54,089,"West Virginia","Summers County",4,16,123,65,58
050,54,089,"West Virginia","Summers County",4,17,138,75,63
050,54,089,"West Virginia","Summers County",4,18,102,58,44
050,54,089,"West Virginia","Summers County",4,19,79,40,39
050,54,089,"West Virginia","Summers County",4,20,97,49,48
050,54,089,"West Virginia","Summers County",4,21,103,49,54
050,54,089,"West Virginia","Summers County",4,22,97,50,47
050,54,089,"West Virginia","Summers County",4,23,95,47,48
050,54,089,"West Virginia","Summers County",4,24,113,56,57
050,54,089,"West Virginia","Summers County",4,25,119,49,70
050,54,089,"West Virginia","Summers County",4,26,126,55,71
050,54,089,"West Virginia","Summers County",4,27,135,56,79
050,54,089,"West Virginia","Summers County",4,28,137,55,82
050,54,089,"West Virginia","Summers County",4,29,135,55,80
050,54,089,"West Virginia","Summers County",4,30,145,50,95
050,54,089,"West Virginia","Summers County",4,31,147,57,90
050,54,089,"West Virginia","Summers County",4,32,131,48,83
050,54,089,"West Virginia","Summers County",4,33,106,41,65
050,54,089,"West Virginia","Summers County",4,34,102,33,69
050,54,089,"West Virginia","Summers County",4,35,110,46,64
050,54,089,"West Virginia","Summers County",4,36,116,37,79
050,54,089,"West Virginia","Summers County",4,37,122,45,77
050,54,089,"West Virginia","Summers County",4,38,131,57,74
050,54,089,"West Virginia","Summers County",4,39,143,53,90
050,54,089,"West Virginia","Summers County",4,40,149,66,83
050,54,089,"West Virginia","Summers County",4,41,132,52,80
050,54,089,"West Virginia","Summers County",4,42,153,65,88
050,54,089,"West Virginia","Summers County",4,43,163,67,96
050,54,089,"West Virginia","Summers County",4,44,156,76,80
050,54,089,"West Virginia","Summers County",4,45,159,74,85
050,54,089,"West Virginia","Summers County",4,46,149,64,85
050,54,089,"West Virginia","Summers County",4,47,149,58,91
050,54,089,"West Virginia","Summers County",4,48,155,59,96
050,54,089,"West Virginia","Summers County",4,49,144,58,86
050,54,089,"West Virginia","Summers County",4,50,142,64,78
050,54,089,"West Virginia","Summers County",4,51,163,75,88
050,54,089,"West Virginia","Summers County",4,52,166,75,91
050,54,089,"West Virginia","Summers County",4,53,159,77,82
050,54,089,"West Virginia","Summers County",4,54,139,67,72
050,54,089,"West Virginia","Summers County",4,55,145,74,71
050,54,089,"West Virginia","Summers County",4,56,170,79,91
050,54,089,"West Virginia","Summers County",4,57,168,75,93
050,54,089,"West Virginia","Summers County",4,58,147,70,77
050,54,089,"West Virginia","Summers County",4,59,181,84,97
050,54,089,"West Virginia","Summers County",4,60,188,90,98
050,54,089,"West Virginia","Summers County",4,61,186,89,97
050,54,089,"West Virginia","Summers County",4,62,179,77,102
050,54,089,"West Virginia","Summers County",4,63,187,82,105
050,54,089,"West Virginia","Summers County",4,64,192,88,104
050,54,089,"West Virginia","Summers County",4,65,194,92,102
050,54,089,"West Virginia","Summers County",4,66,205,100,105
050,54,089,"West Virginia","Summers County",4,67,214,101,113
050,54,089,"West Virginia","Summers County",4,68,203,99,104
050,54,089,"West Virginia","Summers County",4,69,191,98,93
050,54,089,"West Virginia","Summers County",4,70,199,99,100
050,54,089,"West Virginia","Summers County",4,71,198,103,95
050,54,089,"West Virginia","Summers County",4,72,185,95,90
050,54,089,"West Virginia","Summers County",4,73,175,88,87
050,54,089,"West Virginia","Summers County",4,74,172,80,92
050,54,089,"West Virginia","Summers County",4,75,168,85,83
050,54,089,"West Virginia","Summers County",4,76,102,49,53
050,54,089,"West Virginia","Summers County",4,77,111,54,57
050,54,089,"West Virginia","Summers County",4,78,102,51,51
050,54,089,"West Virginia","Summers County",4,79,90,36,54
050,54,089,"West Virginia","Summers County",4,80,98,38,60
050,54,089,"West Virginia","Summers County",4,81,75,36,39
050,54,089,"West Virginia","Summers County",4,82,61,28,33
050,54,089,"West Virginia","Summers County",4,83,74,31,43
050,54,089,"West Virginia","Summers County",4,84,52,23,29
050,54,089,"West Virginia","Summers County",4,85,359,144,215
050,54,089,"West Virginia","Summers County",5,0,90,45,45
050,54,089,"West Virginia","Summers County",5,1,88,44,44
050,54,089,"West Virginia","Summers County",5,2,78,31,47
050,54,089,"West Virginia","Summers County",5,3,91,48,43
050,54,089,"West Virginia","Summers County",5,4,86,45,41
050,54,089,"West Virginia","Summers County",5,5,95,39,56
050,54,089,"West Virginia","Summers County",5,6,95,48,47
050,54,089,"West Virginia","Summers County",5,7,105,53,52
050,54,089,"West Virginia","Summers County",5,8,88,49,39
050,54,089,"West Virginia","Summers County",5,9,103,44,59
050,54,089,"West Virginia","Summers County",5,10,95,39,56
050,54,089,"West Virginia","Summers County",5,11,91,48,43
050,54,089,"West Virginia","Summers County",5,12,112,55,57
050,54,089,"West Virginia","Summers County",5,13,113,54,59
050,54,089,"West Virginia","Summers County",5,14,123,59,64
050,54,089,"West Virginia","Summers County",5,15,131,64,67
050,54,089,"West Virginia","Summers County",5,16,129,63,66
050,54,089,"West Virginia","Summers County",5,17,119,66,53
050,54,089,"West Virginia","Summers County",5,18,110,64,46
050,54,089,"West Virginia","Summers County",5,19,73,42,31
050,54,089,"West Virginia","Summers County",5,20,89,46,43
050,54,089,"West Virginia","Summers County",5,21,102,46,56
050,54,089,"West Virginia","Summers County",5,22,113,50,63
050,54,089,"West Virginia","Summers County",5,23,95,54,41
050,54,089,"West Virginia","Summers County",5,24,99,46,53
050,54,089,"West Virginia","Summers County",5,25,124,61,63
050,54,089,"West Virginia","Summers County",5,26,124,51,73
050,54,089,"West Virginia","Summers County",5,27,128,54,74
050,54,089,"West Virginia","Summers County",5,28,139,54,85
050,54,089,"West Virginia","Summers County",5,29,132,49,83
050,54,089,"West Virginia","Summers County",5,30,128,54,74
050,54,089,"West Virginia","Summers County",5,31,142,47,95
050,54,089,"West Virginia","Summers County",5,32,151,59,92
050,54,089,"West Virginia","Summers County",5,33,130,50,80
050,54,089,"West Virginia","Summers County",5,34,114,41,73
050,54,089,"West Virginia","Summers County",5,35,110,36,74
050,54,089,"West Virginia","Summers County",5,36,112,45,67
050,54,089,"West Virginia","Summers County",5,37,109,38,71
050,54,089,"West Virginia","Summers County",5,38,130,52,78
050,54,089,"West Virginia","Summers County",5,39,149,59,90
050,54,089,"West Virginia","Summers County",5,40,144,64,80
050,54,089,"West Virginia","Summers County",5,41,138,65,73
050,54,089,"West Virginia","Summers County",5,42,135,52,83
050,54,089,"West Virginia","Summers County",5,43,145,66,79
050,54,089,"West Virginia","Summers County",5,44,162,63,99
050,54,089,"West Virginia","Summers County",5,45,158,75,83
050,54,089,"West Virginia","Summers County",5,46,157,67,90
050,54,089,"West Virginia","Summers County",5,47,144,64,80
050,54,089,"West Virginia","Summers County",5,48,153,61,92
050,54,089,"West Virginia","Summers County",5,49,153,62,91
050,54,089,"West Virginia","Summers County",5,50,131,55,76
050,54,089,"West Virginia","Summers County",5,51,146,65,81
050,54,089,"West Virginia","Summers County",5,52,173,76,97
050,54,089,"West Virginia","Summers County",5,53,154,73,81
050,54,089,"West Virginia","Summers County",5,54,158,79,79
050,54,089,"West Virginia","Summers County",5,55,140,69,71
050,54,089,"West Virginia","Summers County",5,56,150,80,70
050,54,089,"West Virginia","Summers County",5,57,161,76,85
050,54,089,"West Virginia","Summers County",5,58,153,67,86
050,54,089,"West Virginia","Summers County",5,59,148,70,78
050,54,089,"West Virginia","Summers County",5,60,180,80,100
050,54,089,"West Virginia","Summers County",5,61,193,92,101
050,54,089,"West Virginia","Summers County",5,62,173,83,90
050,54,089,"West Virginia","Summers County",5,63,175,76,99
050,54,089,"West Virginia","Summers County",5,64,180,80,100
050,54,089,"West Virginia","Summers County",5,65,183,84,99
050,54,089,"West Virginia","Summers County",5,66,187,89,98
050,54,089,"West Virginia","Summers County",5,67,199,97,102
050,54,089,"West Virginia","Summers County",5,68,208,99,109
050,54,089,"West Virginia","Summers County",5,69,198,95,103
050,54,089,"West Virginia","Summers County",5,70,193,101,92
050,54,089,"West Virginia","Summers County",5,71,194,96,98
050,54,089,"West Virginia","Summers County",5,72,192,101,91
050,54,089,"West Virginia","Summers County",5,73,173,88,85
050,54,089,"West Virginia","Summers County",5,74,173,84,89
050,54,089,"West Virginia","Summers County",5,75,168,76,92
050,54,089,"West Virginia","Summers County",5,76,152,74,78
050,54,089,"West Virginia","Summers County",5,77,94,45,49
050,54,089,"West Virginia","Summers County",5,78,104,50,54
050,54,089,"West Virginia","Summers County",5,79,90,47,43
050,54,089,"West Virginia","Summers County",5,80,90,34,56
050,54,089,"West Virginia","Summers County",5,81,86,32,54
050,54,089,"West Virginia","Summers County",5,82,70,34,36
050,54,089,"West Virginia","Summers County",5,83,62,29,33
050,54,089,"West Virginia","Summers County",5,84,66,28,38
050,54,089,"West Virginia","Summers County",5,85,360,144,216
050,54,091,"West Virginia","Taylor County",1,0,140,73,67
050,54,091,"West Virginia","Taylor County",1,1,135,69,66
050,54,091,"West Virginia","Taylor County",1,2,135,75,60
050,54,091,"West Virginia","Taylor County",1,3,177,83,94
050,54,091,"West Virginia","Taylor County",1,4,191,95,96
050,54,091,"West Virginia","Taylor County",1,5,177,87,90
050,54,091,"West Virginia","Taylor County",1,6,190,84,106
050,54,091,"West Virginia","Taylor County",1,7,177,92,85
050,54,091,"West Virginia","Taylor County",1,8,204,107,97
050,54,091,"West Virginia","Taylor County",1,9,195,106,89
050,54,091,"West Virginia","Taylor County",1,10,214,112,102
050,54,091,"West Virginia","Taylor County",1,11,217,118,99
050,54,091,"West Virginia","Taylor County",1,12,210,113,97
050,54,091,"West Virginia","Taylor County",1,13,202,102,100
050,54,091,"West Virginia","Taylor County",1,14,206,104,102
050,54,091,"West Virginia","Taylor County",1,15,186,101,85
050,54,091,"West Virginia","Taylor County",1,16,200,109,91
050,54,091,"West Virginia","Taylor County",1,17,217,118,99
050,54,091,"West Virginia","Taylor County",1,18,166,90,76
050,54,091,"West Virginia","Taylor County",1,19,123,64,59
050,54,091,"West Virginia","Taylor County",1,20,140,73,67
050,54,091,"West Virginia","Taylor County",1,21,146,66,80
050,54,091,"West Virginia","Taylor County",1,22,152,80,72
050,54,091,"West Virginia","Taylor County",1,23,164,87,77
050,54,091,"West Virginia","Taylor County",1,24,176,92,84
050,54,091,"West Virginia","Taylor County",1,25,197,110,87
050,54,091,"West Virginia","Taylor County",1,26,186,110,76
050,54,091,"West Virginia","Taylor County",1,27,185,107,78
050,54,091,"West Virginia","Taylor County",1,28,216,120,96
050,54,091,"West Virginia","Taylor County",1,29,213,114,99
050,54,091,"West Virginia","Taylor County",1,30,222,107,115
050,54,091,"West Virginia","Taylor County",1,31,221,119,102
050,54,091,"West Virginia","Taylor County",1,32,182,98,84
050,54,091,"West Virginia","Taylor County",1,33,181,99,82
050,54,091,"West Virginia","Taylor County",1,34,201,113,88
050,54,091,"West Virginia","Taylor County",1,35,217,113,104
050,54,091,"West Virginia","Taylor County",1,36,192,94,98
050,54,091,"West Virginia","Taylor County",1,37,210,106,104
050,54,091,"West Virginia","Taylor County",1,38,219,112,107
050,54,091,"West Virginia","Taylor County",1,39,221,126,95
050,54,091,"West Virginia","Taylor County",1,40,223,119,104
050,54,091,"West Virginia","Taylor County",1,41,199,93,106
050,54,091,"West Virginia","Taylor County",1,42,216,104,112
050,54,091,"West Virginia","Taylor County",1,43,240,122,118
050,54,091,"West Virginia","Taylor County",1,44,208,113,95
050,54,091,"West Virginia","Taylor County",1,45,216,117,99
050,54,091,"West Virginia","Taylor County",1,46,209,110,99
050,54,091,"West Virginia","Taylor County",1,47,218,111,107
050,54,091,"West Virginia","Taylor County",1,48,246,120,126
050,54,091,"West Virginia","Taylor County",1,49,246,127,119
050,54,091,"West Virginia","Taylor County",1,50,223,118,105
050,54,091,"West Virginia","Taylor County",1,51,224,119,105
050,54,091,"West Virginia","Taylor County",1,52,227,123,104
050,54,091,"West Virginia","Taylor County",1,53,230,114,116
050,54,091,"West Virginia","Taylor County",1,54,241,117,124
050,54,091,"West Virginia","Taylor County",1,55,246,124,122
050,54,091,"West Virginia","Taylor County",1,56,246,126,120
050,54,091,"West Virginia","Taylor County",1,57,241,124,117
050,54,091,"West Virginia","Taylor County",1,58,242,125,117
050,54,091,"West Virginia","Taylor County",1,59,242,131,111
050,54,091,"West Virginia","Taylor County",1,60,225,122,103
050,54,091,"West Virginia","Taylor County",1,61,241,135,106
050,54,091,"West Virginia","Taylor County",1,62,247,125,122
050,54,091,"West Virginia","Taylor County",1,63,240,114,126
050,54,091,"West Virginia","Taylor County",1,64,223,103,120
050,54,091,"West Virginia","Taylor County",1,65,226,115,111
050,54,091,"West Virginia","Taylor County",1,66,240,112,128
050,54,091,"West Virginia","Taylor County",1,67,233,104,129
050,54,091,"West Virginia","Taylor County",1,68,227,107,120
050,54,091,"West Virginia","Taylor County",1,69,219,111,108
050,54,091,"West Virginia","Taylor County",1,70,208,108,100
050,54,091,"West Virginia","Taylor County",1,71,209,111,98
050,54,091,"West Virginia","Taylor County",1,72,198,100,98
050,54,091,"West Virginia","Taylor County",1,73,194,90,104
050,54,091,"West Virginia","Taylor County",1,74,130,64,66
050,54,091,"West Virginia","Taylor County",1,75,127,59,68
050,54,091,"West Virginia","Taylor County",1,76,130,59,71
050,54,091,"West Virginia","Taylor County",1,77,139,66,73
050,54,091,"West Virginia","Taylor County",1,78,113,59,54
050,54,091,"West Virginia","Taylor County",1,79,102,43,59
050,54,091,"West Virginia","Taylor County",1,80,90,38,52
050,54,091,"West Virginia","Taylor County",1,81,88,42,46
050,54,091,"West Virginia","Taylor County",1,82,83,32,51
050,54,091,"West Virginia","Taylor County",1,83,75,26,49
050,54,091,"West Virginia","Taylor County",1,84,59,21,38
050,54,091,"West Virginia","Taylor County",1,85,352,142,210
050,54,091,"West Virginia","Taylor County",2,0,131,65,66
050,54,091,"West Virginia","Taylor County",2,1,136,70,66
050,54,091,"West Virginia","Taylor County",2,2,138,74,64
050,54,091,"West Virginia","Taylor County",2,3,170,84,86
050,54,091,"West Virginia","Taylor County",2,4,189,92,97
050,54,091,"West Virginia","Taylor County",2,5,180,88,92
050,54,091,"West Virginia","Taylor County",2,6,187,85,102
050,54,091,"West Virginia","Taylor County",2,7,181,90,91
050,54,091,"West Virginia","Taylor County",2,8,197,103,94
050,54,091,"West Virginia","Taylor County",2,9,197,107,90
050,54,091,"West Virginia","Taylor County",2,10,210,111,99
050,54,091,"West Virginia","Taylor County",2,11,217,117,100
050,54,091,"West Virginia","Taylor County",2,12,215,115,100
050,54,091,"West Virginia","Taylor County",2,13,206,105,101
050,54,091,"West Virginia","Taylor County",2,14,204,103,101
050,54,091,"West Virginia","Taylor County",2,15,191,101,90
050,54,091,"West Virginia","Taylor County",2,16,197,108,89
050,54,091,"West Virginia","Taylor County",2,17,214,117,97
050,54,091,"West Virginia","Taylor County",2,18,170,93,77
050,54,091,"West Virginia","Taylor County",2,19,127,67,60
050,54,091,"West Virginia","Taylor County",2,20,141,73,68
050,54,091,"West Virginia","Taylor County",2,21,144,67,77
050,54,091,"West Virginia","Taylor County",2,22,154,78,76
050,54,091,"West Virginia","Taylor County",2,23,165,86,79
050,54,091,"West Virginia","Taylor County",2,24,176,92,84
050,54,091,"West Virginia","Taylor County",2,25,194,108,86
050,54,091,"West Virginia","Taylor County",2,26,184,106,78
050,54,091,"West Virginia","Taylor County",2,27,188,110,78
050,54,091,"West Virginia","Taylor County",2,28,206,116,90
050,54,091,"West Virginia","Taylor County",2,29,213,114,99
050,54,091,"West Virginia","Taylor County",2,30,225,112,113
050,54,091,"West Virginia","Taylor County",2,31,219,115,104
050,54,091,"West Virginia","Taylor County",2,32,191,103,88
050,54,091,"West Virginia","Taylor County",2,33,180,97,83
050,54,091,"West Virginia","Taylor County",2,34,197,110,87
050,54,091,"West Virginia","Taylor County",2,35,215,114,101
050,54,091,"West Virginia","Taylor County",2,36,194,95,99
050,54,091,"West Virginia","Taylor County",2,37,207,105,102
050,54,091,"West Virginia","Taylor County",2,38,219,111,108
050,54,091,"West Virginia","Taylor County",2,39,222,123,99
050,54,091,"West Virginia","Taylor County",2,40,223,118,105
050,54,091,"West Virginia","Taylor County",2,41,204,99,105
050,54,091,"West Virginia","Taylor County",2,42,210,102,108
050,54,091,"West Virginia","Taylor County",2,43,238,120,118
050,54,091,"West Virginia","Taylor County",2,44,215,114,101
050,54,091,"West Virginia","Taylor County",2,45,216,117,99
050,54,091,"West Virginia","Taylor County",2,46,212,113,99
050,54,091,"West Virginia","Taylor County",2,47,216,111,105
050,54,091,"West Virginia","Taylor County",2,48,240,118,122
050,54,091,"West Virginia","Taylor County",2,49,249,127,122
050,54,091,"West Virginia","Taylor County",2,50,230,121,109
050,54,091,"West Virginia","Taylor County",2,51,223,118,105
050,54,091,"West Virginia","Taylor County",2,52,226,122,104
050,54,091,"West Virginia","Taylor County",2,53,230,116,114
050,54,091,"West Virginia","Taylor County",2,54,234,113,121
050,54,091,"West Virginia","Taylor County",2,55,244,123,121
050,54,091,"West Virginia","Taylor County",2,56,247,126,121
050,54,091,"West Virginia","Taylor County",2,57,240,123,117
050,54,091,"West Virginia","Taylor County",2,58,241,124,117
050,54,091,"West Virginia","Taylor County",2,59,240,129,111
050,54,091,"West Virginia","Taylor County",2,60,225,123,102
050,54,091,"West Virginia","Taylor County",2,61,237,131,106
050,54,091,"West Virginia","Taylor County",2,62,246,128,118
050,54,091,"West Virginia","Taylor County",2,63,240,116,124
050,54,091,"West Virginia","Taylor County",2,64,225,104,121
050,54,091,"West Virginia","Taylor County",2,65,226,112,114
050,54,091,"West Virginia","Taylor County",2,66,234,111,123
050,54,091,"West Virginia","Taylor County",2,67,234,106,128
050,54,091,"West Virginia","Taylor County",2,68,225,104,121
050,54,091,"West Virginia","Taylor County",2,69,221,110,111
050,54,091,"West Virginia","Taylor County",2,70,211,109,102
050,54,091,"West Virginia","Taylor County",2,71,209,110,99
050,54,091,"West Virginia","Taylor County",2,72,198,101,97
050,54,091,"West Virginia","Taylor County",2,73,204,98,106
050,54,091,"West Virginia","Taylor County",2,74,134,64,70
050,54,091,"West Virginia","Taylor County",2,75,127,60,67
050,54,091,"West Virginia","Taylor County",2,76,129,59,70
050,54,091,"West Virginia","Taylor County",2,77,136,65,71
050,54,091,"West Virginia","Taylor County",2,78,116,59,57
050,54,091,"West Virginia","Taylor County",2,79,102,45,57
050,54,091,"West Virginia","Taylor County",2,80,90,37,53
050,54,091,"West Virginia","Taylor County",2,81,85,41,44
050,54,091,"West Virginia","Taylor County",2,82,84,33,51
050,54,091,"West Virginia","Taylor County",2,83,74,27,47
050,54,091,"West Virginia","Taylor County",2,84,62,21,41
050,54,091,"West Virginia","Taylor County",2,85,348,139,209
050,54,091,"West Virginia","Taylor County",3,0,170,80,90
050,54,091,"West Virginia","Taylor County",3,1,129,64,65
050,54,091,"West Virginia","Taylor County",3,2,136,68,68
050,54,091,"West Virginia","Taylor County",3,3,138,79,59
050,54,091,"West Virginia","Taylor County",3,4,160,78,82
050,54,091,"West Virginia","Taylor County",3,5,188,89,99
050,54,091,"West Virginia","Taylor County",3,6,177,91,86
050,54,091,"West Virginia","Taylor County",3,7,182,84,98
050,54,091,"West Virginia","Taylor County",3,8,183,94,89
050,54,091,"West Virginia","Taylor County",3,9,193,100,93
050,54,091,"West Virginia","Taylor County",3,10,193,102,91
050,54,091,"West Virginia","Taylor County",3,11,203,107,96
050,54,091,"West Virginia","Taylor County",3,12,211,117,94
050,54,091,"West Virginia","Taylor County",3,13,209,112,97
050,54,091,"West Virginia","Taylor County",3,14,204,106,98
050,54,091,"West Virginia","Taylor County",3,15,194,102,92
050,54,091,"West Virginia","Taylor County",3,16,188,97,91
050,54,091,"West Virginia","Taylor County",3,17,193,111,82
050,54,091,"West Virginia","Taylor County",3,18,176,100,76
050,54,091,"West Virginia","Taylor County",3,19,136,76,60
050,54,091,"West Virginia","Taylor County",3,20,139,70,69
050,54,091,"West Virginia","Taylor County",3,21,153,77,76
050,54,091,"West Virginia","Taylor County",3,22,156,77,79
050,54,091,"West Virginia","Taylor County",3,23,160,82,78
050,54,091,"West Virginia","Taylor County",3,24,166,87,79
050,54,091,"West Virginia","Taylor County",3,25,191,98,93
050,54,091,"West Virginia","Taylor County",3,26,188,105,83
050,54,091,"West Virginia","Taylor County",3,27,178,108,70
050,54,091,"West Virginia","Taylor County",3,28,185,100,85
050,54,091,"West Virginia","Taylor County",3,29,206,120,86
050,54,091,"West Virginia","Taylor County",3,30,212,117,95
050,54,091,"West Virginia","Taylor County",3,31,223,110,113
050,54,091,"West Virginia","Taylor County",3,32,220,116,104
050,54,091,"West Virginia","Taylor County",3,33,178,96,82
050,54,091,"West Virginia","Taylor County",3,34,188,101,87
050,54,091,"West Virginia","Taylor County",3,35,197,114,83
050,54,091,"West Virginia","Taylor County",3,36,208,108,100
050,54,091,"West Virginia","Taylor County",3,37,195,98,97
050,54,091,"West Virginia","Taylor County",3,38,204,102,102
050,54,091,"West Virginia","Taylor County",3,39,214,114,100
050,54,091,"West Virginia","Taylor County",3,40,221,119,102
050,54,091,"West Virginia","Taylor County",3,41,222,120,102
050,54,091,"West Virginia","Taylor County",3,42,210,102,108
050,54,091,"West Virginia","Taylor County",3,43,207,102,105
050,54,091,"West Virginia","Taylor County",3,44,232,116,116
050,54,091,"West Virginia","Taylor County",3,45,205,109,96
050,54,091,"West Virginia","Taylor County",3,46,224,122,102
050,54,091,"West Virginia","Taylor County",3,47,212,112,100
050,54,091,"West Virginia","Taylor County",3,48,218,112,106
050,54,091,"West Virginia","Taylor County",3,49,235,116,119
050,54,091,"West Virginia","Taylor County",3,50,246,125,121
050,54,091,"West Virginia","Taylor County",3,51,238,130,108
050,54,091,"West Virginia","Taylor County",3,52,218,116,102
050,54,091,"West Virginia","Taylor County",3,53,226,120,106
050,54,091,"West Virginia","Taylor County",3,54,232,116,116
050,54,091,"West Virginia","Taylor County",3,55,237,117,120
050,54,091,"West Virginia","Taylor County",3,56,250,128,122
050,54,091,"West Virginia","Taylor County",3,57,247,125,122
050,54,091,"West Virginia","Taylor County",3,58,232,118,114
050,54,091,"West Virginia","Taylor County",3,59,242,128,114
050,54,091,"West Virginia","Taylor County",3,60,225,120,105
050,54,091,"West Virginia","Taylor County",3,61,218,118,100
050,54,091,"West Virginia","Taylor County",3,62,234,129,105
050,54,091,"West Virginia","Taylor County",3,63,240,127,113
050,54,091,"West Virginia","Taylor County",3,64,240,117,123
050,54,091,"West Virginia","Taylor County",3,65,219,99,120
050,54,091,"West Virginia","Taylor County",3,66,219,106,113
050,54,091,"West Virginia","Taylor County",3,67,235,112,123
050,54,091,"West Virginia","Taylor County",3,68,231,101,130
050,54,091,"West Virginia","Taylor County",3,69,220,101,119
050,54,091,"West Virginia","Taylor County",3,70,218,113,105
050,54,091,"West Virginia","Taylor County",3,71,205,103,102
050,54,091,"West Virginia","Taylor County",3,72,202,108,94
050,54,091,"West Virginia","Taylor County",3,73,191,98,93
050,54,091,"West Virginia","Taylor County",3,74,200,97,103
050,54,091,"West Virginia","Taylor County",3,75,130,61,69
050,54,091,"West Virginia","Taylor County",3,76,128,61,67
050,54,091,"West Virginia","Taylor County",3,77,120,55,65
050,54,091,"West Virginia","Taylor County",3,78,137,66,71
050,54,091,"West Virginia","Taylor County",3,79,111,57,54
050,54,091,"West Virginia","Taylor County",3,80,90,39,51
050,54,091,"West Virginia","Taylor County",3,81,74,30,44
050,54,091,"West Virginia","Taylor County",3,82,81,35,46
050,54,091,"West Virginia","Taylor County",3,83,76,31,45
050,54,091,"West Virginia","Taylor County",3,84,72,26,46
050,54,091,"West Virginia","Taylor County",3,85,334,135,199
050,54,091,"West Virginia","Taylor County",4,0,156,73,83
050,54,091,"West Virginia","Taylor County",4,1,176,82,94
050,54,091,"West Virginia","Taylor County",4,2,141,68,73
050,54,091,"West Virginia","Taylor County",4,3,140,72,68
050,54,091,"West Virginia","Taylor County",4,4,142,81,61
050,54,091,"West Virginia","Taylor County",4,5,167,84,83
050,54,091,"West Virginia","Taylor County",4,6,187,89,98
050,54,091,"West Virginia","Taylor County",4,7,179,91,88
050,54,091,"West Virginia","Taylor County",4,8,177,85,92
050,54,091,"West Virginia","Taylor County",4,9,191,96,95
050,54,091,"West Virginia","Taylor County",4,10,196,103,93
050,54,091,"West Virginia","Taylor County",4,11,190,99,91
050,54,091,"West Virginia","Taylor County",4,12,199,109,90
050,54,091,"West Virginia","Taylor County",4,13,212,117,95
050,54,091,"West Virginia","Taylor County",4,14,205,106,99
050,54,091,"West Virginia","Taylor County",4,15,198,103,95
050,54,091,"West Virginia","Taylor County",4,16,195,99,96
050,54,091,"West Virginia","Taylor County",4,17,192,96,96
050,54,091,"West Virginia","Taylor County",4,18,164,94,70
050,54,091,"West Virginia","Taylor County",4,19,130,75,55
050,54,091,"West Virginia","Taylor County",4,20,142,80,62
050,54,091,"West Virginia","Taylor County",4,21,147,74,73
050,54,091,"West Virginia","Taylor County",4,22,165,83,82
050,54,091,"West Virginia","Taylor County",4,23,158,78,80
050,54,091,"West Virginia","Taylor County",4,24,163,89,74
050,54,091,"West Virginia","Taylor County",4,25,182,98,84
050,54,091,"West Virginia","Taylor County",4,26,196,97,99
050,54,091,"West Virginia","Taylor County",4,27,191,113,78
050,54,091,"West Virginia","Taylor County",4,28,183,102,81
050,54,091,"West Virginia","Taylor County",4,29,174,91,83
050,54,091,"West Virginia","Taylor County",4,30,219,126,93
050,54,091,"West Virginia","Taylor County",4,31,211,115,96
050,54,091,"West Virginia","Taylor County",4,32,225,109,116
050,54,091,"West Virginia","Taylor County",4,33,213,113,100
050,54,091,"West Virginia","Taylor County",4,34,188,106,82
050,54,091,"West Virginia","Taylor County",4,35,183,99,84
050,54,091,"West Virginia","Taylor County",4,36,185,103,82
050,54,091,"West Virginia","Taylor County",4,37,211,115,96
050,54,091,"West Virginia","Taylor County",4,38,195,95,100
050,54,091,"West Virginia","Taylor County",4,39,209,111,98
050,54,091,"West Virginia","Taylor County",4,40,207,103,104
050,54,091,"West Virginia","Taylor County",4,41,220,116,104
050,54,091,"West Virginia","Taylor County",4,42,223,120,103
050,54,091,"West Virginia","Taylor County",4,43,215,108,107
050,54,091,"West Virginia","Taylor County",4,44,193,91,102
050,54,091,"West Virginia","Taylor County",4,45,223,111,112
050,54,091,"West Virginia","Taylor County",4,46,212,112,100
050,54,091,"West Virginia","Taylor County",4,47,225,118,107
050,54,091,"West Virginia","Taylor County",4,48,205,107,98
050,54,091,"West Virginia","Taylor County",4,49,214,109,105
050,54,091,"West Virginia","Taylor County",4,50,242,114,128
050,54,091,"West Virginia","Taylor County",4,51,240,125,115
050,54,091,"West Virginia","Taylor County",4,52,238,130,108
050,54,091,"West Virginia","Taylor County",4,53,222,117,105
050,54,091,"West Virginia","Taylor County",4,54,229,122,107
050,54,091,"West Virginia","Taylor County",4,55,238,117,121
050,54,091,"West Virginia","Taylor County",4,56,237,116,121
050,54,091,"West Virginia","Taylor County",4,57,249,127,122
050,54,091,"West Virginia","Taylor County",4,58,242,121,121
050,54,091,"West Virginia","Taylor County",4,59,229,116,113
050,54,091,"West Virginia","Taylor County",4,60,222,116,106
050,54,091,"West Virginia","Taylor County",4,61,218,118,100
050,54,091,"West Virginia","Taylor County",4,62,212,113,99
050,54,091,"West Virginia","Taylor County",4,63,231,128,103
050,54,091,"West Virginia","Taylor County",4,64,233,122,111
050,54,091,"West Virginia","Taylor County",4,65,230,111,119
050,54,091,"West Virginia","Taylor County",4,66,215,98,117
050,54,091,"West Virginia","Taylor County",4,67,215,107,108
050,54,091,"West Virginia","Taylor County",4,68,227,107,120
050,54,091,"West Virginia","Taylor County",4,69,226,102,124
050,54,091,"West Virginia","Taylor County",4,70,209,97,112
050,54,091,"West Virginia","Taylor County",4,71,205,103,102
050,54,091,"West Virginia","Taylor County",4,72,198,100,98
050,54,091,"West Virginia","Taylor County",4,73,196,106,90
050,54,091,"West Virginia","Taylor County",4,74,181,90,91
050,54,091,"West Virginia","Taylor County",4,75,196,94,102
050,54,091,"West Virginia","Taylor County",4,76,131,61,70
050,54,091,"West Virginia","Taylor County",4,77,119,57,62
050,54,091,"West Virginia","Taylor County",4,78,116,50,66
050,54,091,"West Virginia","Taylor County",4,79,136,64,72
050,54,091,"West Virginia","Taylor County",4,80,101,55,46
050,54,091,"West Virginia","Taylor County",4,81,80,36,44
050,54,091,"West Virginia","Taylor County",4,82,67,24,43
050,54,091,"West Virginia","Taylor County",4,83,71,30,41
050,54,091,"West Virginia","Taylor County",4,84,73,29,44
050,54,091,"West Virginia","Taylor County",4,85,322,129,193
050,54,091,"West Virginia","Taylor County",5,0,151,73,78
050,54,091,"West Virginia","Taylor County",5,1,149,70,79
050,54,091,"West Virginia","Taylor County",5,2,170,78,92
050,54,091,"West Virginia","Taylor County",5,3,145,71,74
050,54,091,"West Virginia","Taylor County",5,4,141,70,71
050,54,091,"West Virginia","Taylor County",5,5,140,81,59
050,54,091,"West Virginia","Taylor County",5,6,162,85,77
050,54,091,"West Virginia","Taylor County",5,7,180,88,92
050,54,091,"West Virginia","Taylor County",5,8,179,89,90
050,54,091,"West Virginia","Taylor County",5,9,178,87,91
050,54,091,"West Virginia","Taylor County",5,10,189,92,97
050,54,091,"West Virginia","Taylor County",5,11,192,104,88
050,54,091,"West Virginia","Taylor County",5,12,197,101,96
050,54,091,"West Virginia","Taylor County",5,13,200,109,91
050,54,091,"West Virginia","Taylor County",5,14,217,119,98
050,54,091,"West Virginia","Taylor County",5,15,203,108,95
050,54,091,"West Virginia","Taylor County",5,16,205,104,101
050,54,091,"West Virginia","Taylor County",5,17,196,103,93
050,54,091,"West Virginia","Taylor County",5,18,157,83,74
050,54,091,"West Virginia","Taylor County",5,19,128,73,55
050,54,091,"West Virginia","Taylor County",5,20,150,78,72
050,54,091,"West Virginia","Taylor County",5,21,156,86,70
050,54,091,"West Virginia","Taylor County",5,22,165,82,83
050,54,091,"West Virginia","Taylor County",5,23,177,93,84
050,54,091,"West Virginia","Taylor County",5,24,171,88,83
050,54,091,"West Virginia","Taylor County",5,25,167,95,72
050,54,091,"West Virginia","Taylor County",5,26,192,99,93
050,54,091,"West Virginia","Taylor County",5,27,220,116,104
050,54,091,"West Virginia","Taylor County",5,28,201,112,89
050,54,091,"West Virginia","Taylor County",5,29,186,104,82
050,54,091,"West Virginia","Taylor County",5,30,183,102,81
050,54,091,"West Virginia","Taylor County",5,31,205,118,87
050,54,091,"West Virginia","Taylor County",5,32,205,109,96
050,54,091,"West Virginia","Taylor County",5,33,213,102,111
050,54,091,"West Virginia","Taylor County",5,34,214,112,102
050,54,091,"West Virginia","Taylor County",5,35,189,109,80
050,54,091,"West Virginia","Taylor County",5,36,175,89,86
050,54,091,"West Virginia","Taylor County",5,37,193,109,84
050,54,091,"West Virginia","Taylor County",5,38,205,109,96
050,54,091,"West Virginia","Taylor County",5,39,197,102,95
050,54,091,"West Virginia","Taylor County",5,40,203,112,91
050,54,091,"West Virginia","Taylor County",5,41,212,103,109
050,54,091,"West Virginia","Taylor County",5,42,227,117,110
050,54,091,"West Virginia","Taylor County",5,43,228,125,103
050,54,091,"West Virginia","Taylor County",5,44,210,100,110
050,54,091,"West Virginia","Taylor County",5,45,197,88,109
050,54,091,"West Virginia","Taylor County",5,46,225,114,111
050,54,091,"West Virginia","Taylor County",5,47,218,114,104
050,54,091,"West Virginia","Taylor County",5,48,229,116,113
050,54,091,"West Virginia","Taylor County",5,49,212,114,98
050,54,091,"West Virginia","Taylor County",5,50,206,103,103
050,54,091,"West Virginia","Taylor County",5,51,251,122,129
050,54,091,"West Virginia","Taylor County",5,52,239,126,113
050,54,091,"West Virginia","Taylor County",5,53,228,121,107
050,54,091,"West Virginia","Taylor County",5,54,217,112,105
050,54,091,"West Virginia","Taylor County",5,55,233,124,109
050,54,091,"West Virginia","Taylor County",5,56,228,114,114
050,54,091,"West Virginia","Taylor County",5,57,230,112,118
050,54,091,"West Virginia","Taylor County",5,58,246,125,121
050,54,091,"West Virginia","Taylor County",5,59,241,119,122
050,54,091,"West Virginia","Taylor County",5,60,221,111,110
050,54,091,"West Virginia","Taylor County",5,61,219,114,105
050,54,091,"West Virginia","Taylor County",5,62,218,116,102
050,54,091,"West Virginia","Taylor County",5,63,208,111,97
050,54,091,"West Virginia","Taylor County",5,64,226,126,100
050,54,091,"West Virginia","Taylor County",5,65,226,118,108
050,54,091,"West Virginia","Taylor County",5,66,221,108,113
050,54,091,"West Virginia","Taylor County",5,67,213,100,113
050,54,091,"West Virginia","Taylor County",5,68,209,106,103
050,54,091,"West Virginia","Taylor County",5,69,228,109,119
050,54,091,"West Virginia","Taylor County",5,70,220,101,119
050,54,091,"West Virginia","Taylor County",5,71,200,90,110
050,54,091,"West Virginia","Taylor County",5,72,198,99,99
050,54,091,"West Virginia","Taylor County",5,73,196,100,96
050,54,091,"West Virginia","Taylor County",5,74,190,102,88
050,54,091,"West Virginia","Taylor County",5,75,174,85,89
050,54,091,"West Virginia","Taylor County",5,76,194,94,100
050,54,091,"West Virginia","Taylor County",5,77,121,55,66
050,54,091,"West Virginia","Taylor County",5,78,114,52,62
050,54,091,"West Virginia","Taylor County",5,79,116,48,68
050,54,091,"West Virginia","Taylor County",5,80,123,56,67
050,54,091,"West Virginia","Taylor County",5,81,93,53,40
050,54,091,"West Virginia","Taylor County",5,82,71,29,42
050,54,091,"West Virginia","Taylor County",5,83,59,20,39
050,54,091,"West Virginia","Taylor County",5,84,69,29,40
050,54,091,"West Virginia","Taylor County",5,85,338,136,202
050,54,093,"West Virginia","Tucker County",1,0,50,26,24
050,54,093,"West Virginia","Tucker County",1,1,49,25,24
050,54,093,"West Virginia","Tucker County",1,2,49,24,25
050,54,093,"West Virginia","Tucker County",1,3,55,23,32
050,54,093,"West Virginia","Tucker County",1,4,59,25,34
050,54,093,"West Virginia","Tucker County",1,5,56,33,23
050,54,093,"West Virginia","Tucker County",1,6,59,32,27
050,54,093,"West Virginia","Tucker County",1,7,60,33,27
050,54,093,"West Virginia","Tucker County",1,8,44,25,19
050,54,093,"West Virginia","Tucker County",1,9,45,21,24
050,54,093,"West Virginia","Tucker County",1,10,54,31,23
050,54,093,"West Virginia","Tucker County",1,11,50,27,23
050,54,093,"West Virginia","Tucker County",1,12,50,23,27
050,54,093,"West Virginia","Tucker County",1,13,53,25,28
050,54,093,"West Virginia","Tucker County",1,14,51,27,24
050,54,093,"West Virginia","Tucker County",1,15,51,24,27
050,54,093,"West Virginia","Tucker County",1,16,65,32,33
050,54,093,"West Virginia","Tucker County",1,17,81,50,31
050,54,093,"West Virginia","Tucker County",1,18,65,44,21
050,54,093,"West Virginia","Tucker County",1,19,46,29,17
050,54,093,"West Virginia","Tucker County",1,20,59,31,28
050,54,093,"West Virginia","Tucker County",1,21,53,28,25
050,54,093,"West Virginia","Tucker County",1,22,55,27,28
050,54,093,"West Virginia","Tucker County",1,23,59,30,29
050,54,093,"West Virginia","Tucker County",1,24,62,30,32
050,54,093,"West Virginia","Tucker County",1,25,64,36,28
050,54,093,"West Virginia","Tucker County",1,26,81,45,36
050,54,093,"West Virginia","Tucker County",1,27,75,36,39
050,54,093,"West Virginia","Tucker County",1,28,79,43,36
050,54,093,"West Virginia","Tucker County",1,29,93,50,43
050,54,093,"West Virginia","Tucker County",1,30,76,36,40
050,54,093,"West Virginia","Tucker County",1,31,63,27,36
050,54,093,"West Virginia","Tucker County",1,32,58,29,29
050,54,093,"West Virginia","Tucker County",1,33,54,32,22
050,54,093,"West Virginia","Tucker County",1,34,65,27,38
050,54,093,"West Virginia","Tucker County",1,35,67,31,36
050,54,093,"West Virginia","Tucker County",1,36,74,38,36
050,54,093,"West Virginia","Tucker County",1,37,77,38,39
050,54,093,"West Virginia","Tucker County",1,38,76,32,44
050,54,093,"West Virginia","Tucker County",1,39,81,38,43
050,54,093,"West Virginia","Tucker County",1,40,97,56,41
050,54,093,"West Virginia","Tucker County",1,41,73,35,38
050,54,093,"West Virginia","Tucker County",1,42,76,38,38
050,54,093,"West Virginia","Tucker County",1,43,77,34,43
050,54,093,"West Virginia","Tucker County",1,44,73,36,37
050,54,093,"West Virginia","Tucker County",1,45,77,44,33
050,54,093,"West Virginia","Tucker County",1,46,81,45,36
050,54,093,"West Virginia","Tucker County",1,47,88,50,38
050,54,093,"West Virginia","Tucker County",1,48,83,45,38
050,54,093,"West Virginia","Tucker County",1,49,96,48,48
050,54,093,"West Virginia","Tucker County",1,50,90,42,48
050,54,093,"West Virginia","Tucker County",1,51,89,39,50
050,54,093,"West Virginia","Tucker County",1,52,98,45,53
050,54,093,"West Virginia","Tucker County",1,53,109,51,58
050,54,093,"West Virginia","Tucker County",1,54,114,62,52
050,54,093,"West Virginia","Tucker County",1,55,119,66,53
050,54,093,"West Virginia","Tucker County",1,56,127,62,65
050,54,093,"West Virginia","Tucker County",1,57,116,62,54
050,54,093,"West Virginia","Tucker County",1,58,115,60,55
050,54,093,"West Virginia","Tucker County",1,59,112,59,53
050,54,093,"West Virginia","Tucker County",1,60,113,62,51
050,54,093,"West Virginia","Tucker County",1,61,117,48,69
050,54,093,"West Virginia","Tucker County",1,62,119,56,63
050,54,093,"West Virginia","Tucker County",1,63,105,55,50
050,54,093,"West Virginia","Tucker County",1,64,105,54,51
050,54,093,"West Virginia","Tucker County",1,65,112,61,51
050,54,093,"West Virginia","Tucker County",1,66,118,66,52
050,54,093,"West Virginia","Tucker County",1,67,111,62,49
050,54,093,"West Virginia","Tucker County",1,68,99,50,49
050,54,093,"West Virginia","Tucker County",1,69,107,50,57
050,54,093,"West Virginia","Tucker County",1,70,111,53,58
050,54,093,"West Virginia","Tucker County",1,71,109,52,57
050,54,093,"West Virginia","Tucker County",1,72,102,48,54
050,54,093,"West Virginia","Tucker County",1,73,113,59,54
050,54,093,"West Virginia","Tucker County",1,74,70,37,33
050,54,093,"West Virginia","Tucker County",1,75,74,37,37
050,54,093,"West Virginia","Tucker County",1,76,83,43,40
050,54,093,"West Virginia","Tucker County",1,77,78,39,39
050,54,093,"West Virginia","Tucker County",1,78,65,28,37
050,54,093,"West Virginia","Tucker County",1,79,57,26,31
050,54,093,"West Virginia","Tucker County",1,80,58,28,30
050,54,093,"West Virginia","Tucker County",1,81,48,28,20
050,54,093,"West Virginia","Tucker County",1,82,48,22,26
050,54,093,"West Virginia","Tucker County",1,83,39,19,20
050,54,093,"West Virginia","Tucker County",1,84,42,23,19
050,54,093,"West Virginia","Tucker County",1,85,183,78,105
050,54,093,"West Virginia","Tucker County",2,0,50,28,22
050,54,093,"West Virginia","Tucker County",2,1,49,25,24
050,54,093,"West Virginia","Tucker County",2,2,48,24,24
050,54,093,"West Virginia","Tucker County",2,3,53,23,30
050,54,093,"West Virginia","Tucker County",2,4,59,25,34
050,54,093,"West Virginia","Tucker County",2,5,56,31,25
050,54,093,"West Virginia","Tucker County",2,6,58,33,25
050,54,093,"West Virginia","Tucker County",2,7,60,33,27
050,54,093,"West Virginia","Tucker County",2,8,48,27,21
050,54,093,"West Virginia","Tucker County",2,9,46,23,23
050,54,093,"West Virginia","Tucker County",2,10,50,28,22
050,54,093,"West Virginia","Tucker County",2,11,51,28,23
050,54,093,"West Virginia","Tucker County",2,12,50,24,26
050,54,093,"West Virginia","Tucker County",2,13,52,24,28
050,54,093,"West Virginia","Tucker County",2,14,50,25,25
050,54,093,"West Virginia","Tucker County",2,15,51,25,26
050,54,093,"West Virginia","Tucker County",2,16,62,31,31
050,54,093,"West Virginia","Tucker County",2,17,80,49,31
050,54,093,"West Virginia","Tucker County",2,18,67,44,23
050,54,093,"West Virginia","Tucker County",2,19,46,28,18
050,54,093,"West Virginia","Tucker County",2,20,57,30,27
050,54,093,"West Virginia","Tucker County",2,21,53,28,25
050,54,093,"West Virginia","Tucker County",2,22,55,27,28
050,54,093,"West Virginia","Tucker County",2,23,59,30,29
050,54,093,"West Virginia","Tucker County",2,24,61,30,31
050,54,093,"West Virginia","Tucker County",2,25,64,35,29
050,54,093,"West Virginia","Tucker County",2,26,76,42,34
050,54,093,"West Virginia","Tucker County",2,27,75,37,38
050,54,093,"West Virginia","Tucker County",2,28,79,42,37
050,54,093,"West Virginia","Tucker County",2,29,90,48,42
050,54,093,"West Virginia","Tucker County",2,30,80,39,41
050,54,093,"West Virginia","Tucker County",2,31,67,30,37
050,54,093,"West Virginia","Tucker County",2,32,60,29,31
050,54,093,"West Virginia","Tucker County",2,33,55,31,24
050,54,093,"West Virginia","Tucker County",2,34,61,28,33
050,54,093,"West Virginia","Tucker County",2,35,66,30,36
050,54,093,"West Virginia","Tucker County",2,36,71,36,35
050,54,093,"West Virginia","Tucker County",2,37,76,37,39
050,54,093,"West Virginia","Tucker County",2,38,78,34,44
050,54,093,"West Virginia","Tucker County",2,39,78,36,42
050,54,093,"West Virginia","Tucker County",2,40,94,52,42
050,54,093,"West Virginia","Tucker County",2,41,79,40,39
050,54,093,"West Virginia","Tucker County",2,42,75,37,38
050,54,093,"West Virginia","Tucker County",2,43,79,36,43
050,54,093,"West Virginia","Tucker County",2,44,73,35,38
050,54,093,"West Virginia","Tucker County",2,45,76,42,34
050,54,093,"West Virginia","Tucker County",2,46,81,45,36
050,54,093,"West Virginia","Tucker County",2,47,85,49,36
050,54,093,"West Virginia","Tucker County",2,48,84,46,38
050,54,093,"West Virginia","Tucker County",2,49,94,48,46
050,54,093,"West Virginia","Tucker County",2,50,92,44,48
050,54,093,"West Virginia","Tucker County",2,51,90,40,50
050,54,093,"West Virginia","Tucker County",2,52,97,44,53
050,54,093,"West Virginia","Tucker County",2,53,107,50,57
050,54,093,"West Virginia","Tucker County",2,54,112,59,53
050,54,093,"West Virginia","Tucker County",2,55,118,65,53
050,54,093,"West Virginia","Tucker County",2,56,127,64,63
050,54,093,"West Virginia","Tucker County",2,57,119,63,56
050,54,093,"West Virginia","Tucker County",2,58,114,60,54
050,54,093,"West Virginia","Tucker County",2,59,114,60,54
050,54,093,"West Virginia","Tucker County",2,60,111,60,51
050,54,093,"West Virginia","Tucker County",2,61,116,51,65
050,54,093,"West Virginia","Tucker County",2,62,118,54,64
050,54,093,"West Virginia","Tucker County",2,63,110,56,54
050,54,093,"West Virginia","Tucker County",2,64,105,54,51
050,54,093,"West Virginia","Tucker County",2,65,110,59,51
050,54,093,"West Virginia","Tucker County",2,66,118,66,52
050,54,093,"West Virginia","Tucker County",2,67,110,61,49
050,54,093,"West Virginia","Tucker County",2,68,102,53,49
050,54,093,"West Virginia","Tucker County",2,69,106,50,56
050,54,093,"West Virginia","Tucker County",2,70,110,52,58
050,54,093,"West Virginia","Tucker County",2,71,108,52,56
050,54,093,"West Virginia","Tucker County",2,72,102,48,54
050,54,093,"West Virginia","Tucker County",2,73,114,58,56
050,54,093,"West Virginia","Tucker County",2,74,73,39,34
050,54,093,"West Virginia","Tucker County",2,75,72,36,36
050,54,093,"West Virginia","Tucker County",2,76,80,41,39
050,54,093,"West Virginia","Tucker County",2,77,81,41,40
050,54,093,"West Virginia","Tucker County",2,78,65,30,35
050,54,093,"West Virginia","Tucker County",2,79,60,27,33
050,54,093,"West Virginia","Tucker County",2,80,57,27,30
050,54,093,"West Virginia","Tucker County",2,81,48,26,22
050,54,093,"West Virginia","Tucker County",2,82,46,23,23
050,54,093,"West Virginia","Tucker County",2,83,40,20,20
050,54,093,"West Virginia","Tucker County",2,84,40,22,18
050,54,093,"West Virginia","Tucker County",2,85,188,79,109
050,54,093,"West Virginia","Tucker County",3,0,52,27,25
050,54,093,"West Virginia","Tucker County",3,1,49,25,24
050,54,093,"West Virginia","Tucker County",3,2,47,25,22
050,54,093,"West Virginia","Tucker County",3,3,47,24,23
050,54,093,"West Virginia","Tucker County",3,4,50,21,29
050,54,093,"West Virginia","Tucker County",3,5,63,27,36
050,54,093,"West Virginia","Tucker County",3,6,59,32,27
050,54,093,"West Virginia","Tucker County",3,7,54,32,22
050,54,093,"West Virginia","Tucker County",3,8,58,31,27
050,54,093,"West Virginia","Tucker County",3,9,49,29,20
050,54,093,"West Virginia","Tucker County",3,10,43,20,23
050,54,093,"West Virginia","Tucker County",3,11,51,29,22
050,54,093,"West Virginia","Tucker County",3,12,52,27,25
050,54,093,"West Virginia","Tucker County",3,13,48,23,25
050,54,093,"West Virginia","Tucker County",3,14,48,22,26
050,54,093,"West Virginia","Tucker County",3,15,50,25,25
050,54,093,"West Virginia","Tucker County",3,16,50,27,23
050,54,093,"West Virginia","Tucker County",3,17,76,46,30
050,54,093,"West Virginia","Tucker County",3,18,68,45,23
050,54,093,"West Virginia","Tucker County",3,19,45,28,17
050,54,093,"West Virginia","Tucker County",3,20,43,26,17
050,54,093,"West Virginia","Tucker County",3,21,59,32,27
050,54,093,"West Virginia","Tucker County",3,22,60,31,29
050,54,093,"West Virginia","Tucker County",3,23,56,27,29
050,54,093,"West Virginia","Tucker County",3,24,63,31,32
050,54,093,"West Virginia","Tucker County",3,25,55,28,27
050,54,093,"West Virginia","Tucker County",3,26,67,33,34
050,54,093,"West Virginia","Tucker County",3,27,77,42,35
050,54,093,"West Virginia","Tucker County",3,28,76,39,37
050,54,093,"West Virginia","Tucker County",3,29,79,44,35
050,54,093,"West Virginia","Tucker County",3,30,90,45,45
050,54,093,"West Virginia","Tucker County",3,31,74,34,40
050,54,093,"West Virginia","Tucker County",3,32,64,31,33
050,54,093,"West Virginia","Tucker County",3,33,58,28,30
050,54,093,"West Virginia","Tucker County",3,34,58,33,25
050,54,093,"West Virginia","Tucker County",3,35,67,28,39
050,54,093,"West Virginia","Tucker County",3,36,69,31,38
050,54,093,"West Virginia","Tucker County",3,37,71,34,37
050,54,093,"West Virginia","Tucker County",3,38,76,37,39
050,54,093,"West Virginia","Tucker County",3,39,76,33,43
050,54,093,"West Virginia","Tucker County",3,40,80,38,42
050,54,093,"West Virginia","Tucker County",3,41,96,54,42
050,54,093,"West Virginia","Tucker County",3,42,80,40,40
050,54,093,"West Virginia","Tucker County",3,43,73,36,37
050,54,093,"West Virginia","Tucker County",3,44,77,34,43
050,54,093,"West Virginia","Tucker County",3,45,73,36,37
050,54,093,"West Virginia","Tucker County",3,46,79,42,37
050,54,093,"West Virginia","Tucker County",3,47,87,48,39
050,54,093,"West Virginia","Tucker County",3,48,82,46,36
050,54,093,"West Virginia","Tucker County",3,49,83,46,37
050,54,093,"West Virginia","Tucker County",3,50,96,47,49
050,54,093,"West Virginia","Tucker County",3,51,92,44,48
050,54,093,"West Virginia","Tucker County",3,52,85,39,46
050,54,093,"West Virginia","Tucker County",3,53,97,45,52
050,54,093,"West Virginia","Tucker County",3,54,109,53,56
050,54,093,"West Virginia","Tucker County",3,55,118,59,59
050,54,093,"West Virginia","Tucker County",3,56,115,64,51
050,54,093,"West Virginia","Tucker County",3,57,126,63,63
050,54,093,"West Virginia","Tucker County",3,58,116,61,55
050,54,093,"West Virginia","Tucker County",3,59,113,58,55
050,54,093,"West Virginia","Tucker County",3,60,111,59,52
050,54,093,"West Virginia","Tucker County",3,61,112,59,53
050,54,093,"West Virginia","Tucker County",3,62,119,54,65
050,54,093,"West Virginia","Tucker County",3,63,113,53,60
050,54,093,"West Virginia","Tucker County",3,64,114,57,57
050,54,093,"West Virginia","Tucker County",3,65,101,50,51
050,54,093,"West Virginia","Tucker County",3,66,109,57,52
050,54,093,"West Virginia","Tucker County",3,67,118,67,51
050,54,093,"West Virginia","Tucker County",3,68,112,62,50
050,54,093,"West Virginia","Tucker County",3,69,101,51,50
050,54,093,"West Virginia","Tucker County",3,70,106,53,53
050,54,093,"West Virginia","Tucker County",3,71,107,50,57
050,54,093,"West Virginia","Tucker County",3,72,107,53,54
050,54,093,"West Virginia","Tucker County",3,73,99,44,55
050,54,093,"West Virginia","Tucker County",3,74,110,57,53
050,54,093,"West Virginia","Tucker County",3,75,74,40,34
050,54,093,"West Virginia","Tucker County",3,76,72,35,37
050,54,093,"West Virginia","Tucker County",3,77,72,37,35
050,54,093,"West Virginia","Tucker County",3,78,73,37,36
050,54,093,"West Virginia","Tucker County",3,79,67,32,35
050,54,093,"West Virginia","Tucker County",3,80,52,22,30
050,54,093,"West Virginia","Tucker County",3,81,54,25,29
050,54,093,"West Virginia","Tucker County",3,82,45,23,22
050,54,093,"West Virginia","Tucker County",3,83,42,20,22
050,54,093,"West Virginia","Tucker County",3,84,33,17,16
050,54,093,"West Virginia","Tucker County",3,85,196,86,110
050,54,093,"West Virginia","Tucker County",4,0,56,26,30
050,54,093,"West Virginia","Tucker County",4,1,52,26,26
050,54,093,"West Virginia","Tucker County",4,2,45,22,23
050,54,093,"West Virginia","Tucker County",4,3,43,23,20
050,54,093,"West Virginia","Tucker County",4,4,47,24,23
050,54,093,"West Virginia","Tucker County",4,5,47,20,27
050,54,093,"West Virginia","Tucker County",4,6,58,26,32
050,54,093,"West Virginia","Tucker County",4,7,49,26,23
050,54,093,"West Virginia","Tucker County",4,8,61,36,25
050,54,093,"West Virginia","Tucker County",4,9,54,30,24
050,54,093,"West Virginia","Tucker County",4,10,46,25,21
050,54,093,"West Virginia","Tucker County",4,11,43,20,23
050,54,093,"West Virginia","Tucker County",4,12,49,28,21
050,54,093,"West Virginia","Tucker County",4,13,54,27,27
050,54,093,"West Virginia","Tucker County",4,14,48,21,27
050,54,093,"West Virginia","Tucker County",4,15,52,24,28
050,54,093,"West Virginia","Tucker County",4,16,55,31,24
050,54,093,"West Virginia","Tucker County",4,17,71,46,25
050,54,093,"West Virginia","Tucker County",4,18,67,42,25
050,54,093,"West Virginia","Tucker County",4,19,43,25,18
050,54,093,"West Virginia","Tucker County",4,20,45,26,19
050,54,093,"West Virginia","Tucker County",4,21,41,25,16
050,54,093,"West Virginia","Tucker County",4,22,62,32,30
050,54,093,"West Virginia","Tucker County",4,23,60,29,31
050,54,093,"West Virginia","Tucker County",4,24,58,27,31
050,54,093,"West Virginia","Tucker County",4,25,64,30,34
050,54,093,"West Virginia","Tucker County",4,26,54,26,28
050,54,093,"West Virginia","Tucker County",4,27,63,31,32
050,54,093,"West Virginia","Tucker County",4,28,81,41,40
050,54,093,"West Virginia","Tucker County",4,29,80,43,37
050,54,093,"West Virginia","Tucker County",4,30,82,45,37
050,54,093,"West Virginia","Tucker County",4,31,83,44,39
050,54,093,"West Virginia","Tucker County",4,32,73,33,40
050,54,093,"West Virginia","Tucker County",4,33,63,30,33
050,54,093,"West Virginia","Tucker County",4,34,54,26,28
050,54,093,"West Virginia","Tucker County",4,35,57,35,22
050,54,093,"West Virginia","Tucker County",4,36,67,32,35
050,54,093,"West Virginia","Tucker County",4,37,68,28,40
050,54,093,"West Virginia","Tucker County",4,38,72,34,38
050,54,093,"West Virginia","Tucker County",4,39,75,37,38
050,54,093,"West Virginia","Tucker County",4,40,73,31,42
050,54,093,"West Virginia","Tucker County",4,41,87,42,45
050,54,093,"West Virginia","Tucker County",4,42,96,55,41
050,54,093,"West Virginia","Tucker County",4,43,80,40,40
050,54,093,"West Virginia","Tucker County",4,44,72,34,38
050,54,093,"West Virginia","Tucker County",4,45,75,35,40
050,54,093,"West Virginia","Tucker County",4,46,76,38,38
050,54,093,"West Virginia","Tucker County",4,47,82,46,36
050,54,093,"West Virginia","Tucker County",4,48,86,47,39
050,54,093,"West Virginia","Tucker County",4,49,84,45,39
050,54,093,"West Virginia","Tucker County",4,50,82,42,40
050,54,093,"West Virginia","Tucker County",4,51,91,45,46
050,54,093,"West Virginia","Tucker County",4,52,94,43,51
050,54,093,"West Virginia","Tucker County",4,53,84,38,46
050,54,093,"West Virginia","Tucker County",4,54,99,46,53
050,54,093,"West Virginia","Tucker County",4,55,109,53,56
050,54,093,"West Virginia","Tucker County",4,56,116,61,55
050,54,093,"West Virginia","Tucker County",4,57,116,64,52
050,54,093,"West Virginia","Tucker County",4,58,123,63,60
050,54,093,"West Virginia","Tucker County",4,59,113,61,52
050,54,093,"West Virginia","Tucker County",4,60,113,58,55
050,54,093,"West Virginia","Tucker County",4,61,108,55,53
050,54,093,"West Virginia","Tucker County",4,62,113,60,53
050,54,093,"West Virginia","Tucker County",4,63,123,56,67
050,54,093,"West Virginia","Tucker County",4,64,120,57,63
050,54,093,"West Virginia","Tucker County",4,65,112,54,58
050,54,093,"West Virginia","Tucker County",4,66,99,45,54
050,54,093,"West Virginia","Tucker County",4,67,113,60,53
050,54,093,"West Virginia","Tucker County",4,68,116,65,51
050,54,093,"West Virginia","Tucker County",4,69,109,59,50
050,54,093,"West Virginia","Tucker County",4,70,99,51,48
050,54,093,"West Virginia","Tucker County",4,71,105,50,55
050,54,093,"West Virginia","Tucker County",4,72,107,48,59
050,54,093,"West Virginia","Tucker County",4,73,102,50,52
050,54,093,"West Virginia","Tucker County",4,74,94,45,49
050,54,093,"West Virginia","Tucker County",4,75,105,54,51
050,54,093,"West Virginia","Tucker County",4,76,70,38,32
050,54,093,"West Virginia","Tucker County",4,77,64,31,33
050,54,093,"West Virginia","Tucker County",4,78,68,34,34
050,54,093,"West Virginia","Tucker County",4,79,74,40,34
050,54,093,"West Virginia","Tucker County",4,80,55,24,31
050,54,093,"West Virginia","Tucker County",4,81,53,23,30
050,54,093,"West Virginia","Tucker County",4,82,50,22,28
050,54,093,"West Virginia","Tucker County",4,83,41,21,20
050,54,093,"West Virginia","Tucker County",4,84,38,17,21
050,54,093,"West Virginia","Tucker County",4,85,189,86,103
050,54,093,"West Virginia","Tucker County",5,0,57,27,30
050,54,093,"West Virginia","Tucker County",5,1,51,22,29
050,54,093,"West Virginia","Tucker County",5,2,52,28,24
050,54,093,"West Virginia","Tucker County",5,3,46,23,23
050,54,093,"West Virginia","Tucker County",5,4,46,22,24
050,54,093,"West Virginia","Tucker County",5,5,46,23,23
050,54,093,"West Virginia","Tucker County",5,6,54,23,31
050,54,093,"West Virginia","Tucker County",5,7,55,24,31
050,54,093,"West Virginia","Tucker County",5,8,48,23,25
050,54,093,"West Virginia","Tucker County",5,9,62,36,26
050,54,093,"West Virginia","Tucker County",5,10,54,28,26
050,54,093,"West Virginia","Tucker County",5,11,43,24,19
050,54,093,"West Virginia","Tucker County",5,12,46,25,21
050,54,093,"West Virginia","Tucker County",5,13,45,26,19
050,54,093,"West Virginia","Tucker County",5,14,58,31,27
050,54,093,"West Virginia","Tucker County",5,15,54,26,28
050,54,093,"West Virginia","Tucker County",5,16,55,28,27
050,54,093,"West Virginia","Tucker County",5,17,70,47,23
050,54,093,"West Virginia","Tucker County",5,18,57,39,18
050,54,093,"West Virginia","Tucker County",5,19,44,26,18
050,54,093,"West Virginia","Tucker County",5,20,47,25,22
050,54,093,"West Virginia","Tucker County",5,21,43,21,22
050,54,093,"West Virginia","Tucker County",5,22,41,26,15
050,54,093,"West Virginia","Tucker County",5,23,66,35,31
050,54,093,"West Virginia","Tucker County",5,24,67,31,36
050,54,093,"West Virginia","Tucker County",5,25,55,22,33
050,54,093,"West Virginia","Tucker County",5,26,53,26,27
050,54,093,"West Virginia","Tucker County",5,27,53,26,27
050,54,093,"West Virginia","Tucker County",5,28,58,29,29
050,54,093,"West Virginia","Tucker County",5,29,87,46,41
050,54,093,"West Virginia","Tucker County",5,30,85,43,42
050,54,093,"West Virginia","Tucker County",5,31,83,45,38
050,54,093,"West Virginia","Tucker County",5,32,85,45,40
050,54,093,"West Virginia","Tucker County",5,33,74,38,36
050,54,093,"West Virginia","Tucker County",5,34,57,24,33
050,54,093,"West Virginia","Tucker County",5,35,58,30,28
050,54,093,"West Virginia","Tucker County",5,36,65,37,28
050,54,093,"West Virginia","Tucker County",5,37,72,34,38
050,54,093,"West Virginia","Tucker County",5,38,68,31,37
050,54,093,"West Virginia","Tucker County",5,39,73,34,39
050,54,093,"West Virginia","Tucker County",5,40,76,39,37
050,54,093,"West Virginia","Tucker County",5,41,75,32,43
050,54,093,"West Virginia","Tucker County",5,42,87,43,44
050,54,093,"West Virginia","Tucker County",5,43,97,55,42
050,54,093,"West Virginia","Tucker County",5,44,80,40,40
050,54,093,"West Virginia","Tucker County",5,45,74,33,41
050,54,093,"West Virginia","Tucker County",5,46,73,34,39
050,54,093,"West Virginia","Tucker County",5,47,77,40,37
050,54,093,"West Virginia","Tucker County",5,48,84,48,36
050,54,093,"West Virginia","Tucker County",5,49,83,44,39
050,54,093,"West Virginia","Tucker County",5,50,83,45,38
050,54,093,"West Virginia","Tucker County",5,51,87,43,44
050,54,093,"West Virginia","Tucker County",5,52,93,44,49
050,54,093,"West Virginia","Tucker County",5,53,94,43,51
050,54,093,"West Virginia","Tucker County",5,54,92,42,50
050,54,093,"West Virginia","Tucker County",5,55,98,46,52
050,54,093,"West Virginia","Tucker County",5,56,107,53,54
050,54,093,"West Virginia","Tucker County",5,57,119,64,55
050,54,093,"West Virginia","Tucker County",5,58,117,66,51
050,54,093,"West Virginia","Tucker County",5,59,126,65,61
050,54,093,"West Virginia","Tucker County",5,60,112,61,51
050,54,093,"West Virginia","Tucker County",5,61,110,56,54
050,54,093,"West Virginia","Tucker County",5,62,108,55,53
050,54,093,"West Virginia","Tucker County",5,63,108,58,50
050,54,093,"West Virginia","Tucker County",5,64,123,56,67
050,54,093,"West Virginia","Tucker County",5,65,117,54,63
050,54,093,"West Virginia","Tucker County",5,66,109,52,57
050,54,093,"West Virginia","Tucker County",5,67,101,46,55
050,54,093,"West Virginia","Tucker County",5,68,117,62,55
050,54,093,"West Virginia","Tucker County",5,69,112,60,52
050,54,093,"West Virginia","Tucker County",5,70,105,58,47
050,54,093,"West Virginia","Tucker County",5,71,97,48,49
050,54,093,"West Virginia","Tucker County",5,72,103,47,56
050,54,093,"West Virginia","Tucker County",5,73,102,43,59
050,54,093,"West Virginia","Tucker County",5,74,97,50,47
050,54,093,"West Virginia","Tucker County",5,75,90,43,47
050,54,093,"West Virginia","Tucker County",5,76,102,53,49
050,54,093,"West Virginia","Tucker County",5,77,64,35,29
050,54,093,"West Virginia","Tucker County",5,78,59,25,34
050,54,093,"West Virginia","Tucker County",5,79,70,36,34
050,54,093,"West Virginia","Tucker County",5,80,60,29,31
050,54,093,"West Virginia","Tucker County",5,81,51,21,30
050,54,093,"West Virginia","Tucker County",5,82,49,20,29
050,54,093,"West Virginia","Tucker County",5,83,48,22,26
050,54,093,"West Virginia","Tucker County",5,84,38,19,19
050,54,093,"West Virginia","Tucker County",5,85,197,91,106
050,54,095,"West Virginia","Tyler County",1,0,77,39,38
050,54,095,"West Virginia","Tyler County",1,1,71,34,37
050,54,095,"West Virginia","Tyler County",1,2,74,35,39
050,54,095,"West Virginia","Tyler County",1,3,87,49,38
050,54,095,"West Virginia","Tyler County",1,4,82,47,35
050,54,095,"West Virginia","Tyler County",1,5,85,52,33
050,54,095,"West Virginia","Tyler County",1,6,104,52,52
050,54,095,"West Virginia","Tyler County",1,7,105,54,51
050,54,095,"West Virginia","Tyler County",1,8,97,52,45
050,54,095,"West Virginia","Tyler County",1,9,70,42,28
050,54,095,"West Virginia","Tyler County",1,10,86,42,44
050,54,095,"West Virginia","Tyler County",1,11,96,46,50
050,54,095,"West Virginia","Tyler County",1,12,110,53,57
050,54,095,"West Virginia","Tyler County",1,13,99,49,50
050,54,095,"West Virginia","Tyler County",1,14,104,53,51
050,54,095,"West Virginia","Tyler County",1,15,109,50,59
050,54,095,"West Virginia","Tyler County",1,16,97,44,53
050,54,095,"West Virginia","Tyler County",1,17,91,47,44
050,54,095,"West Virginia","Tyler County",1,18,90,48,42
050,54,095,"West Virginia","Tyler County",1,19,61,34,27
050,54,095,"West Virginia","Tyler County",1,20,81,42,39
050,54,095,"West Virginia","Tyler County",1,21,80,37,43
050,54,095,"West Virginia","Tyler County",1,22,76,35,41
050,54,095,"West Virginia","Tyler County",1,23,68,34,34
050,54,095,"West Virginia","Tyler County",1,24,82,44,38
050,54,095,"West Virginia","Tyler County",1,25,85,44,41
050,54,095,"West Virginia","Tyler County",1,26,80,47,33
050,54,095,"West Virginia","Tyler County",1,27,82,35,47
050,54,095,"West Virginia","Tyler County",1,28,85,33,52
050,54,095,"West Virginia","Tyler County",1,29,94,42,52
050,54,095,"West Virginia","Tyler County",1,30,95,52,43
050,54,095,"West Virginia","Tyler County",1,31,86,46,40
050,54,095,"West Virginia","Tyler County",1,32,76,39,37
050,54,095,"West Virginia","Tyler County",1,33,69,36,33
050,54,095,"West Virginia","Tyler County",1,34,73,39,34
050,54,095,"West Virginia","Tyler County",1,35,86,40,46
050,54,095,"West Virginia","Tyler County",1,36,67,32,35
050,54,095,"West Virginia","Tyler County",1,37,78,38,40
050,54,095,"West Virginia","Tyler County",1,38,76,43,33
050,54,095,"West Virginia","Tyler County",1,39,82,46,36
050,54,095,"West Virginia","Tyler County",1,40,97,45,52
050,54,095,"West Virginia","Tyler County",1,41,101,55,46
050,54,095,"West Virginia","Tyler County",1,42,86,48,38
050,54,095,"West Virginia","Tyler County",1,43,92,48,44
050,54,095,"West Virginia","Tyler County",1,44,93,44,49
050,54,095,"West Virginia","Tyler County",1,45,103,47,56
050,54,095,"West Virginia","Tyler County",1,46,112,55,57
050,54,095,"West Virginia","Tyler County",1,47,117,59,58
050,54,095,"West Virginia","Tyler County",1,48,126,58,68
050,54,095,"West Virginia","Tyler County",1,49,137,74,63
050,54,095,"West Virginia","Tyler County",1,50,124,71,53
050,54,095,"West Virginia","Tyler County",1,51,128,71,57
050,54,095,"West Virginia","Tyler County",1,52,112,64,48
050,54,095,"West Virginia","Tyler County",1,53,126,76,50
050,54,095,"West Virginia","Tyler County",1,54,122,68,54
050,54,095,"West Virginia","Tyler County",1,55,127,67,60
050,54,095,"West Virginia","Tyler County",1,56,113,55,58
050,54,095,"West Virginia","Tyler County",1,57,119,58,61
050,54,095,"West Virginia","Tyler County",1,58,132,64,68
050,54,095,"West Virginia","Tyler County",1,59,122,57,65
050,54,095,"West Virginia","Tyler County",1,60,135,63,72
050,54,095,"West Virginia","Tyler County",1,61,149,71,78
050,54,095,"West Virginia","Tyler County",1,62,149,65,84
050,54,095,"West Virginia","Tyler County",1,63,134,68,66
050,54,095,"West Virginia","Tyler County",1,64,131,66,65
050,54,095,"West Virginia","Tyler County",1,65,123,61,62
050,54,095,"West Virginia","Tyler County",1,66,132,69,63
050,54,095,"West Virginia","Tyler County",1,67,137,71,66
050,54,095,"West Virginia","Tyler County",1,68,134,72,62
050,54,095,"West Virginia","Tyler County",1,69,115,63,52
050,54,095,"West Virginia","Tyler County",1,70,106,56,50
050,54,095,"West Virginia","Tyler County",1,71,112,54,58
050,54,095,"West Virginia","Tyler County",1,72,106,45,61
050,54,095,"West Virginia","Tyler County",1,73,105,59,46
050,54,095,"West Virginia","Tyler County",1,74,79,42,37
050,54,095,"West Virginia","Tyler County",1,75,70,30,40
050,54,095,"West Virginia","Tyler County",1,76,83,40,43
050,54,095,"West Virginia","Tyler County",1,77,77,42,35
050,54,095,"West Virginia","Tyler County",1,78,55,27,28
050,54,095,"West Virginia","Tyler County",1,79,52,22,30
050,54,095,"West Virginia","Tyler County",1,80,41,17,24
050,54,095,"West Virginia","Tyler County",1,81,55,24,31
050,54,095,"West Virginia","Tyler County",1,82,55,29,26
050,54,095,"West Virginia","Tyler County",1,83,40,16,24
050,54,095,"West Virginia","Tyler County",1,84,34,10,24
050,54,095,"West Virginia","Tyler County",1,85,210,86,124
050,54,095,"West Virginia","Tyler County",2,0,72,35,37
050,54,095,"West Virginia","Tyler County",2,1,69,33,36
050,54,095,"West Virginia","Tyler County",2,2,73,34,39
050,54,095,"West Virginia","Tyler County",2,3,82,45,37
050,54,095,"West Virginia","Tyler County",2,4,85,49,36
050,54,095,"West Virginia","Tyler County",2,5,87,51,36
050,54,095,"West Virginia","Tyler County",2,6,100,51,49
050,54,095,"West Virginia","Tyler County",2,7,106,54,52
050,54,095,"West Virginia","Tyler County",2,8,98,52,46
050,54,095,"West Virginia","Tyler County",2,9,77,44,33
050,54,095,"West Virginia","Tyler County",2,10,84,43,41
050,54,095,"West Virginia","Tyler County",2,11,95,45,50
050,54,095,"West Virginia","Tyler County",2,12,109,52,57
050,54,095,"West Virginia","Tyler County",2,13,103,50,53
050,54,095,"West Virginia","Tyler County",2,14,103,52,51
050,54,095,"West Virginia","Tyler County",2,15,109,52,57
050,54,095,"West Virginia","Tyler County",2,16,100,45,55
050,54,095,"West Virginia","Tyler County",2,17,92,46,46
050,54,095,"West Virginia","Tyler County",2,18,85,45,40
050,54,095,"West Virginia","Tyler County",2,19,63,35,28
050,54,095,"West Virginia","Tyler County",2,20,80,40,40
050,54,095,"West Virginia","Tyler County",2,21,81,39,42
050,54,095,"West Virginia","Tyler County",2,22,75,34,41
050,54,095,"West Virginia","Tyler County",2,23,70,35,35
050,54,095,"West Virginia","Tyler County",2,24,79,42,37
050,54,095,"West Virginia","Tyler County",2,25,83,43,40
050,54,095,"West Virginia","Tyler County",2,26,80,45,35
050,54,095,"West Virginia","Tyler County",2,27,80,37,43
050,54,095,"West Virginia","Tyler County",2,28,85,34,51
050,54,095,"West Virginia","Tyler County",2,29,90,38,52
050,54,095,"West Virginia","Tyler County",2,30,95,49,46
050,54,095,"West Virginia","Tyler County",2,31,88,47,41
050,54,095,"West Virginia","Tyler County",2,32,78,39,39
050,54,095,"West Virginia","Tyler County",2,33,72,37,35
050,54,095,"West Virginia","Tyler County",2,34,73,39,34
050,54,095,"West Virginia","Tyler County",2,35,83,39,44
050,54,095,"West Virginia","Tyler County",2,36,72,34,38
050,54,095,"West Virginia","Tyler County",2,37,77,38,39
050,54,095,"West Virginia","Tyler County",2,38,77,43,34
050,54,095,"West Virginia","Tyler County",2,39,80,45,35
050,54,095,"West Virginia","Tyler County",2,40,93,45,48
050,54,095,"West Virginia","Tyler County",2,41,101,53,48
050,54,095,"West Virginia","Tyler County",2,42,89,49,40
050,54,095,"West Virginia","Tyler County",2,43,90,48,42
050,54,095,"West Virginia","Tyler County",2,44,91,44,47
050,54,095,"West Virginia","Tyler County",2,45,103,48,55
050,54,095,"West Virginia","Tyler County",2,46,108,52,56
050,54,095,"West Virginia","Tyler County",2,47,114,58,56
050,54,095,"West Virginia","Tyler County",2,48,123,58,65
050,54,095,"West Virginia","Tyler County",2,49,136,71,65
050,54,095,"West Virginia","Tyler County",2,50,127,71,56
050,54,095,"West Virginia","Tyler County",2,51,127,71,56
050,54,095,"West Virginia","Tyler County",2,52,116,66,50
050,54,095,"West Virginia","Tyler County",2,53,122,73,49
050,54,095,"West Virginia","Tyler County",2,54,122,70,52
050,54,095,"West Virginia","Tyler County",2,55,126,68,58
050,54,095,"West Virginia","Tyler County",2,56,116,57,59
050,54,095,"West Virginia","Tyler County",2,57,118,57,61
050,54,095,"West Virginia","Tyler County",2,58,128,62,66
050,54,095,"West Virginia","Tyler County",2,59,124,58,66
050,54,095,"West Virginia","Tyler County",2,60,131,61,70
050,54,095,"West Virginia","Tyler County",2,61,146,70,76
050,54,095,"West Virginia","Tyler County",2,62,148,65,83
050,54,095,"West Virginia","Tyler County",2,63,138,68,70
050,54,095,"West Virginia","Tyler County",2,64,130,66,64
050,54,095,"West Virginia","Tyler County",2,65,123,61,62
050,54,095,"West Virginia","Tyler County",2,66,131,68,63
050,54,095,"West Virginia","Tyler County",2,67,135,70,65
050,54,095,"West Virginia","Tyler County",2,68,133,71,62
050,54,095,"West Virginia","Tyler County",2,69,119,64,55
050,54,095,"West Virginia","Tyler County",2,70,109,58,51
050,54,095,"West Virginia","Tyler County",2,71,111,55,56
050,54,095,"West Virginia","Tyler County",2,72,106,46,60
050,54,095,"West Virginia","Tyler County",2,73,109,57,52
050,54,095,"West Virginia","Tyler County",2,74,79,43,36
050,54,095,"West Virginia","Tyler County",2,75,73,33,40
050,54,095,"West Virginia","Tyler County",2,76,79,36,43
050,54,095,"West Virginia","Tyler County",2,77,80,43,37
050,54,095,"West Virginia","Tyler County",2,78,57,29,28
050,54,095,"West Virginia","Tyler County",2,79,52,23,29
050,54,095,"West Virginia","Tyler County",2,80,43,18,25
050,54,095,"West Virginia","Tyler County",2,81,50,22,28
050,54,095,"West Virginia","Tyler County",2,82,56,28,28
050,54,095,"West Virginia","Tyler County",2,83,43,19,24
050,54,095,"West Virginia","Tyler County",2,84,34,11,23
050,54,095,"West Virginia","Tyler County",2,85,212,87,125
050,54,095,"West Virginia","Tyler County",3,0,84,42,42
050,54,095,"West Virginia","Tyler County",3,1,74,31,43
050,54,095,"West Virginia","Tyler County",3,2,71,34,37
050,54,095,"West Virginia","Tyler County",3,3,73,31,42
050,54,095,"West Virginia","Tyler County",3,4,84,44,40
050,54,095,"West Virginia","Tyler County",3,5,88,48,40
050,54,095,"West Virginia","Tyler County",3,6,85,51,34
050,54,095,"West Virginia","Tyler County",3,7,103,49,54
050,54,095,"West Virginia","Tyler County",3,8,104,54,50
050,54,095,"West Virginia","Tyler County",3,9,93,50,43
050,54,095,"West Virginia","Tyler County",3,10,76,43,33
050,54,095,"West Virginia","Tyler County",3,11,83,43,40
050,54,095,"West Virginia","Tyler County",3,12,94,42,52
050,54,095,"West Virginia","Tyler County",3,13,111,58,53
050,54,095,"West Virginia","Tyler County",3,14,101,47,54
050,54,095,"West Virginia","Tyler County",3,15,104,51,53
050,54,095,"West Virginia","Tyler County",3,16,108,54,54
050,54,095,"West Virginia","Tyler County",3,17,96,44,52
050,54,095,"West Virginia","Tyler County",3,18,73,40,33
050,54,095,"West Virginia","Tyler County",3,19,64,33,31
050,54,095,"West Virginia","Tyler County",3,20,72,41,31
050,54,095,"West Virginia","Tyler County",3,21,83,42,41
050,54,095,"West Virginia","Tyler County",3,22,82,34,48
050,54,095,"West Virginia","Tyler County",3,23,84,38,46
050,54,095,"West Virginia","Tyler County",3,24,68,33,35
050,54,095,"West Virginia","Tyler County",3,25,76,41,35
050,54,095,"West Virginia","Tyler County",3,26,79,43,36
050,54,095,"West Virginia","Tyler County",3,27,80,42,38
050,54,095,"West Virginia","Tyler County",3,28,75,32,43
050,54,095,"West Virginia","Tyler County",3,29,80,33,47
050,54,095,"West Virginia","Tyler County",3,30,93,41,52
050,54,095,"West Virginia","Tyler County",3,31,96,52,44
050,54,095,"West Virginia","Tyler County",3,32,84,44,40
050,54,095,"West Virginia","Tyler County",3,33,78,42,36
050,54,095,"West Virginia","Tyler County",3,34,76,40,36
050,54,095,"West Virginia","Tyler County",3,35,81,46,35
050,54,095,"West Virginia","Tyler County",3,36,82,37,45
050,54,095,"West Virginia","Tyler County",3,37,70,34,36
050,54,095,"West Virginia","Tyler County",3,38,80,41,39
050,54,095,"West Virginia","Tyler County",3,39,73,39,34
050,54,095,"West Virginia","Tyler County",3,40,80,44,36
050,54,095,"West Virginia","Tyler County",3,41,88,42,46
050,54,095,"West Virginia","Tyler County",3,42,99,51,48
050,54,095,"West Virginia","Tyler County",3,43,91,50,41
050,54,095,"West Virginia","Tyler County",3,44,95,51,44
050,54,095,"West Virginia","Tyler County",3,45,89,44,45
050,54,095,"West Virginia","Tyler County",3,46,98,48,50
050,54,095,"West Virginia","Tyler County",3,47,104,50,54
050,54,095,"West Virginia","Tyler County",3,48,114,59,55
050,54,095,"West Virginia","Tyler County",3,49,118,55,63
050,54,095,"West Virginia","Tyler County",3,50,141,73,68
050,54,095,"West Virginia","Tyler County",3,51,131,74,57
050,54,095,"West Virginia","Tyler County",3,52,128,72,56
050,54,095,"West Virginia","Tyler County",3,53,114,66,48
050,54,095,"West Virginia","Tyler County",3,54,119,71,48
050,54,095,"West Virginia","Tyler County",3,55,125,69,56
050,54,095,"West Virginia","Tyler County",3,56,121,63,58
050,54,095,"West Virginia","Tyler County",3,57,113,51,62
050,54,095,"West Virginia","Tyler County",3,58,117,54,63
050,54,095,"West Virginia","Tyler County",3,59,124,58,66
050,54,095,"West Virginia","Tyler County",3,60,117,56,61
050,54,095,"West Virginia","Tyler County",3,61,127,58,69
050,54,095,"West Virginia","Tyler County",3,62,152,72,80
050,54,095,"West Virginia","Tyler County",3,63,139,65,74
050,54,095,"West Virginia","Tyler County",3,64,133,66,67
050,54,095,"West Virginia","Tyler County",3,65,127,64,63
050,54,095,"West Virginia","Tyler County",3,66,123,59,64
050,54,095,"West Virginia","Tyler County",3,67,127,65,62
050,54,095,"West Virginia","Tyler County",3,68,132,69,63
050,54,095,"West Virginia","Tyler County",3,69,130,71,59
050,54,095,"West Virginia","Tyler County",3,70,121,64,57
050,54,095,"West Virginia","Tyler County",3,71,109,58,51
050,54,095,"West Virginia","Tyler County",3,72,103,49,54
050,54,095,"West Virginia","Tyler County",3,73,104,45,59
050,54,095,"West Virginia","Tyler County",3,74,106,54,52
050,54,095,"West Virginia","Tyler County",3,75,75,39,36
050,54,095,"West Virginia","Tyler County",3,76,69,30,39
050,54,095,"West Virginia","Tyler County",3,77,73,33,40
050,54,095,"West Virginia","Tyler County",3,78,72,36,36
050,54,095,"West Virginia","Tyler County",3,79,53,27,26
050,54,095,"West Virginia","Tyler County",3,80,44,21,23
050,54,095,"West Virginia","Tyler County",3,81,43,16,27
050,54,095,"West Virginia","Tyler County",3,82,48,20,28
050,54,095,"West Virginia","Tyler County",3,83,52,29,23
050,54,095,"West Virginia","Tyler County",3,84,39,15,24
050,54,095,"West Virginia","Tyler County",3,85,217,92,125
050,54,095,"West Virginia","Tyler County",4,0,71,33,38
050,54,095,"West Virginia","Tyler County",4,1,92,51,41
050,54,095,"West Virginia","Tyler County",4,2,70,28,42
050,54,095,"West Virginia","Tyler County",4,3,70,37,33
050,54,095,"West Virginia","Tyler County",4,4,77,32,45
050,54,095,"West Virginia","Tyler County",4,5,75,40,35
050,54,095,"West Virginia","Tyler County",4,6,87,47,40
050,54,095,"West Virginia","Tyler County",4,7,86,52,34
050,54,095,"West Virginia","Tyler County",4,8,101,50,51
050,54,095,"West Virginia","Tyler County",4,9,108,57,51
050,54,095,"West Virginia","Tyler County",4,10,96,54,42
050,54,095,"West Virginia","Tyler County",4,11,69,39,30
050,54,095,"West Virginia","Tyler County",4,12,85,45,40
050,54,095,"West Virginia","Tyler County",4,13,93,43,50
050,54,095,"West Virginia","Tyler County",4,14,107,52,55
050,54,095,"West Virginia","Tyler County",4,15,96,48,48
050,54,095,"West Virginia","Tyler County",4,16,102,53,49
050,54,095,"West Virginia","Tyler County",4,17,104,52,52
050,54,095,"West Virginia","Tyler County",4,18,81,38,43
050,54,095,"West Virginia","Tyler County",4,19,55,31,24
050,54,095,"West Virginia","Tyler County",4,20,69,34,35
050,54,095,"West Virginia","Tyler County",4,21,75,43,32
050,54,095,"West Virginia","Tyler County",4,22,89,46,43
050,54,095,"West Virginia","Tyler County",4,23,92,36,56
050,54,095,"West Virginia","Tyler County",4,24,85,41,44
050,54,095,"West Virginia","Tyler County",4,25,62,29,33
050,54,095,"West Virginia","Tyler County",4,26,86,48,38
050,54,095,"West Virginia","Tyler County",4,27,72,39,33
050,54,095,"West Virginia","Tyler County",4,28,72,39,33
050,54,095,"West Virginia","Tyler County",4,29,82,32,50
050,54,095,"West Virginia","Tyler County",4,30,81,32,49
050,54,095,"West Virginia","Tyler County",4,31,96,44,52
050,54,095,"West Virginia","Tyler County",4,32,90,44,46
050,54,095,"West Virginia","Tyler County",4,33,82,46,36
050,54,095,"West Virginia","Tyler County",4,34,75,37,38
050,54,095,"West Virginia","Tyler County",4,35,76,39,37
050,54,095,"West Virginia","Tyler County",4,36,76,43,33
050,54,095,"West Virginia","Tyler County",4,37,80,36,44
050,54,095,"West Virginia","Tyler County",4,38,70,34,36
050,54,095,"West Virginia","Tyler County",4,39,77,38,39
050,54,095,"West Virginia","Tyler County",4,40,77,39,38
050,54,095,"West Virginia","Tyler County",4,41,82,45,37
050,54,095,"West Virginia","Tyler County",4,42,82,37,45
050,54,095,"West Virginia","Tyler County",4,43,101,53,48
050,54,095,"West Virginia","Tyler County",4,44,87,50,37
050,54,095,"West Virginia","Tyler County",4,45,96,54,42
050,54,095,"West Virginia","Tyler County",4,46,88,42,46
050,54,095,"West Virginia","Tyler County",4,47,100,47,53
050,54,095,"West Virginia","Tyler County",4,48,101,48,53
050,54,095,"West Virginia","Tyler County",4,49,115,60,55
050,54,095,"West Virginia","Tyler County",4,50,117,54,63
050,54,095,"West Virginia","Tyler County",4,51,141,74,67
050,54,095,"West Virginia","Tyler County",4,52,129,73,56
050,54,095,"West Virginia","Tyler County",4,53,126,71,55
050,54,095,"West Virginia","Tyler County",4,54,120,67,53
050,54,095,"West Virginia","Tyler County",4,55,120,71,49
050,54,095,"West Virginia","Tyler County",4,56,122,66,56
050,54,095,"West Virginia","Tyler County",4,57,119,62,57
050,54,095,"West Virginia","Tyler County",4,58,117,52,65
050,54,095,"West Virginia","Tyler County",4,59,121,53,68
050,54,095,"West Virginia","Tyler County",4,60,124,59,65
050,54,095,"West Virginia","Tyler County",4,61,114,55,59
050,54,095,"West Virginia","Tyler County",4,62,128,56,72
050,54,095,"West Virginia","Tyler County",4,63,146,70,76
050,54,095,"West Virginia","Tyler County",4,64,133,61,72
050,54,095,"West Virginia","Tyler County",4,65,127,64,63
050,54,095,"West Virginia","Tyler County",4,66,131,64,67
050,54,095,"West Virginia","Tyler County",4,67,119,56,63
050,54,095,"West Virginia","Tyler County",4,68,122,64,58
050,54,095,"West Virginia","Tyler County",4,69,123,65,58
050,54,095,"West Virginia","Tyler County",4,70,125,67,58
050,54,095,"West Virginia","Tyler County",4,71,121,65,56
050,54,095,"West Virginia","Tyler County",4,72,100,50,50
050,54,095,"West Virginia","Tyler County",4,73,100,47,53
050,54,095,"West Virginia","Tyler County",4,74,98,41,57
050,54,095,"West Virginia","Tyler County",4,75,98,49,49
050,54,095,"West Virginia","Tyler County",4,76,72,36,36
050,54,095,"West Virginia","Tyler County",4,77,65,29,36
050,54,095,"West Virginia","Tyler County",4,78,56,22,34
050,54,095,"West Virginia","Tyler County",4,79,65,31,34
050,54,095,"West Virginia","Tyler County",4,80,45,24,21
050,54,095,"West Virginia","Tyler County",4,81,45,20,25
050,54,095,"West Virginia","Tyler County",4,82,42,14,28
050,54,095,"West Virginia","Tyler County",4,83,43,19,24
050,54,095,"West Virginia","Tyler County",4,84,47,23,24
050,54,095,"West Virginia","Tyler County",4,85,228,99,129
050,54,095,"West Virginia","Tyler County",5,0,75,34,41
050,54,095,"West Virginia","Tyler County",5,1,72,39,33
050,54,095,"West Virginia","Tyler County",5,2,79,43,36
050,54,095,"West Virginia","Tyler County",5,3,69,32,37
050,54,095,"West Virginia","Tyler County",5,4,68,35,33
050,54,095,"West Virginia","Tyler County",5,5,75,32,43
050,54,095,"West Virginia","Tyler County",5,6,79,41,38
050,54,095,"West Virginia","Tyler County",5,7,83,48,35
050,54,095,"West Virginia","Tyler County",5,8,87,52,35
050,54,095,"West Virginia","Tyler County",5,9,102,48,54
050,54,095,"West Virginia","Tyler County",5,10,105,54,51
050,54,095,"West Virginia","Tyler County",5,11,94,52,42
050,54,095,"West Virginia","Tyler County",5,12,70,39,31
050,54,095,"West Virginia","Tyler County",5,13,84,44,40
050,54,095,"West Virginia","Tyler County",5,14,98,43,55
050,54,095,"West Virginia","Tyler County",5,15,101,52,49
050,54,095,"West Virginia","Tyler County",5,16,101,48,53
050,54,095,"West Virginia","Tyler County",5,17,95,52,43
050,54,095,"West Virginia","Tyler County",5,18,88,44,44
050,54,095,"West Virginia","Tyler County",5,19,59,27,32
050,54,095,"West Virginia","Tyler County",5,20,55,29,26
050,54,095,"West Virginia","Tyler County",5,21,65,33,32
050,54,095,"West Virginia","Tyler County",5,22,77,41,36
050,54,095,"West Virginia","Tyler County",5,23,74,38,36
050,54,095,"West Virginia","Tyler County",5,24,95,41,54
050,54,095,"West Virginia","Tyler County",5,25,80,39,41
050,54,095,"West Virginia","Tyler County",5,26,65,34,31
050,54,095,"West Virginia","Tyler County",5,27,85,48,37
050,54,095,"West Virginia","Tyler County",5,28,77,38,39
050,54,095,"West Virginia","Tyler County",5,29,65,38,27
050,54,095,"West Virginia","Tyler County",5,30,86,35,51
050,54,095,"West Virginia","Tyler County",5,31,74,28,46
050,54,095,"West Virginia","Tyler County",5,32,89,38,51
050,54,095,"West Virginia","Tyler County",5,33,87,42,45
050,54,095,"West Virginia","Tyler County",5,34,74,41,33
050,54,095,"West Virginia","Tyler County",5,35,75,38,37
050,54,095,"West Virginia","Tyler County",5,36,71,36,35
050,54,095,"West Virginia","Tyler County",5,37,77,44,33
050,54,095,"West Virginia","Tyler County",5,38,79,37,42
050,54,095,"West Virginia","Tyler County",5,39,75,38,37
050,54,095,"West Virginia","Tyler County",5,40,76,36,40
050,54,095,"West Virginia","Tyler County",5,41,74,40,34
050,54,095,"West Virginia","Tyler County",5,42,83,45,38
050,54,095,"West Virginia","Tyler County",5,43,84,40,44
050,54,095,"West Virginia","Tyler County",5,44,102,52,50
050,54,095,"West Virginia","Tyler County",5,45,80,44,36
050,54,095,"West Virginia","Tyler County",5,46,102,58,44
050,54,095,"West Virginia","Tyler County",5,47,84,40,44
050,54,095,"West Virginia","Tyler County",5,48,102,47,55
050,54,095,"West Virginia","Tyler County",5,49,101,48,53
050,54,095,"West Virginia","Tyler County",5,50,115,59,56
050,54,095,"West Virginia","Tyler County",5,51,117,55,62
050,54,095,"West Virginia","Tyler County",5,52,142,74,68
050,54,095,"West Virginia","Tyler County",5,53,127,73,54
050,54,095,"West Virginia","Tyler County",5,54,125,69,56
050,54,095,"West Virginia","Tyler County",5,55,122,67,55
050,54,095,"West Virginia","Tyler County",5,56,117,69,48
050,54,095,"West Virginia","Tyler County",5,57,119,65,54
050,54,095,"West Virginia","Tyler County",5,58,116,59,57
050,54,095,"West Virginia","Tyler County",5,59,119,51,68
050,54,095,"West Virginia","Tyler County",5,60,113,49,64
050,54,095,"West Virginia","Tyler County",5,61,120,56,64
050,54,095,"West Virginia","Tyler County",5,62,111,52,59
050,54,095,"West Virginia","Tyler County",5,63,127,58,69
050,54,095,"West Virginia","Tyler County",5,64,140,67,73
050,54,095,"West Virginia","Tyler County",5,65,128,60,68
050,54,095,"West Virginia","Tyler County",5,66,124,60,64
050,54,095,"West Virginia","Tyler County",5,67,123,58,65
050,54,095,"West Virginia","Tyler County",5,68,115,55,60
050,54,095,"West Virginia","Tyler County",5,69,116,60,56
050,54,095,"West Virginia","Tyler County",5,70,124,64,60
050,54,095,"West Virginia","Tyler County",5,71,128,70,58
050,54,095,"West Virginia","Tyler County",5,72,110,56,54
050,54,095,"West Virginia","Tyler County",5,73,93,47,46
050,54,095,"West Virginia","Tyler County",5,74,95,45,50
050,54,095,"West Virginia","Tyler County",5,75,90,36,54
050,54,095,"West Virginia","Tyler County",5,76,97,46,51
050,54,095,"West Virginia","Tyler County",5,77,71,37,34
050,54,095,"West Virginia","Tyler County",5,78,56,22,34
050,54,095,"West Virginia","Tyler County",5,79,50,17,33
050,54,095,"West Virginia","Tyler County",5,80,57,28,29
050,54,095,"West Virginia","Tyler County",5,81,47,24,23
050,54,095,"West Virginia","Tyler County",5,82,43,18,25
050,54,095,"West Virginia","Tyler County",5,83,37,13,24
050,54,095,"West Virginia","Tyler County",5,84,36,14,22
050,54,095,"West Virginia","Tyler County",5,85,252,113,139
050,54,097,"West Virginia","Upshur County",1,0,242,124,118
050,54,097,"West Virginia","Upshur County",1,1,243,124,119
050,54,097,"West Virginia","Upshur County",1,2,232,127,105
050,54,097,"West Virginia","Upshur County",1,3,253,118,135
050,54,097,"West Virginia","Upshur County",1,4,251,115,136
050,54,097,"West Virginia","Upshur County",1,5,264,143,121
050,54,097,"West Virginia","Upshur County",1,6,279,148,131
050,54,097,"West Virginia","Upshur County",1,7,279,144,135
050,54,097,"West Virginia","Upshur County",1,8,294,148,146
050,54,097,"West Virginia","Upshur County",1,9,250,125,125
050,54,097,"West Virginia","Upshur County",1,10,283,146,137
050,54,097,"West Virginia","Upshur County",1,11,298,165,133
050,54,097,"West Virginia","Upshur County",1,12,303,147,156
050,54,097,"West Virginia","Upshur County",1,13,311,157,154
050,54,097,"West Virginia","Upshur County",1,14,303,155,148
050,54,097,"West Virginia","Upshur County",1,15,296,144,152
050,54,097,"West Virginia","Upshur County",1,16,292,136,156
050,54,097,"West Virginia","Upshur County",1,17,290,140,150
050,54,097,"West Virginia","Upshur County",1,18,336,172,164
050,54,097,"West Virginia","Upshur County",1,19,415,207,208
050,54,097,"West Virginia","Upshur County",1,20,369,181,188
050,54,097,"West Virginia","Upshur County",1,21,370,177,193
050,54,097,"West Virginia","Upshur County",1,22,315,152,163
050,54,097,"West Virginia","Upshur County",1,23,254,127,127
050,54,097,"West Virginia","Upshur County",1,24,253,128,125
050,54,097,"West Virginia","Upshur County",1,25,255,126,129
050,54,097,"West Virginia","Upshur County",1,26,242,118,124
050,54,097,"West Virginia","Upshur County",1,27,256,129,127
050,54,097,"West Virginia","Upshur County",1,28,282,140,142
050,54,097,"West Virginia","Upshur County",1,29,312,159,153
050,54,097,"West Virginia","Upshur County",1,30,273,151,122
050,54,097,"West Virginia","Upshur County",1,31,264,138,126
050,54,097,"West Virginia","Upshur County",1,32,260,127,133
050,54,097,"West Virginia","Upshur County",1,33,278,140,138
050,54,097,"West Virginia","Upshur County",1,34,267,131,136
050,54,097,"West Virginia","Upshur County",1,35,258,125,133
050,54,097,"West Virginia","Upshur County",1,36,254,138,116
050,54,097,"West Virginia","Upshur County",1,37,270,133,137
050,54,097,"West Virginia","Upshur County",1,38,291,134,157
050,54,097,"West Virginia","Upshur County",1,39,288,134,154
050,54,097,"West Virginia","Upshur County",1,40,278,134,144
050,54,097,"West Virginia","Upshur County",1,41,277,154,123
050,54,097,"West Virginia","Upshur County",1,42,273,157,116
050,54,097,"West Virginia","Upshur County",1,43,263,145,118
050,54,097,"West Virginia","Upshur County",1,44,243,125,118
050,54,097,"West Virginia","Upshur County",1,45,252,121,131
050,54,097,"West Virginia","Upshur County",1,46,258,124,134
050,54,097,"West Virginia","Upshur County",1,47,286,149,137
050,54,097,"West Virginia","Upshur County",1,48,302,161,141
050,54,097,"West Virginia","Upshur County",1,49,312,161,151
050,54,097,"West Virginia","Upshur County",1,50,312,160,152
050,54,097,"West Virginia","Upshur County",1,51,295,157,138
050,54,097,"West Virginia","Upshur County",1,52,304,161,143
050,54,097,"West Virginia","Upshur County",1,53,283,134,149
050,54,097,"West Virginia","Upshur County",1,54,283,131,152
050,54,097,"West Virginia","Upshur County",1,55,337,169,168
050,54,097,"West Virginia","Upshur County",1,56,338,177,161
050,54,097,"West Virginia","Upshur County",1,57,314,161,153
050,54,097,"West Virginia","Upshur County",1,58,310,151,159
050,54,097,"West Virginia","Upshur County",1,59,330,159,171
050,54,097,"West Virginia","Upshur County",1,60,322,155,167
050,54,097,"West Virginia","Upshur County",1,61,340,169,171
050,54,097,"West Virginia","Upshur County",1,62,343,173,170
050,54,097,"West Virginia","Upshur County",1,63,334,169,165
050,54,097,"West Virginia","Upshur County",1,64,319,159,160
050,54,097,"West Virginia","Upshur County",1,65,334,166,168
050,54,097,"West Virginia","Upshur County",1,66,335,168,167
050,54,097,"West Virginia","Upshur County",1,67,333,161,172
050,54,097,"West Virginia","Upshur County",1,68,305,143,162
050,54,097,"West Virginia","Upshur County",1,69,302,150,152
050,54,097,"West Virginia","Upshur County",1,70,293,148,145
050,54,097,"West Virginia","Upshur County",1,71,295,143,152
050,54,097,"West Virginia","Upshur County",1,72,291,151,140
050,54,097,"West Virginia","Upshur County",1,73,282,149,133
050,54,097,"West Virginia","Upshur County",1,74,190,99,91
050,54,097,"West Virginia","Upshur County",1,75,195,95,100
050,54,097,"West Virginia","Upshur County",1,76,190,88,102
050,54,097,"West Virginia","Upshur County",1,77,201,94,107
050,54,097,"West Virginia","Upshur County",1,78,178,77,101
050,54,097,"West Virginia","Upshur County",1,79,170,79,91
050,54,097,"West Virginia","Upshur County",1,80,143,71,72
050,54,097,"West Virginia","Upshur County",1,81,128,62,66
050,54,097,"West Virginia","Upshur County",1,82,123,56,67
050,54,097,"West Virginia","Upshur County",1,83,104,44,60
050,54,097,"West Virginia","Upshur County",1,84,102,48,54
050,54,097,"West Virginia","Upshur County",1,85,488,196,292
050,54,097,"West Virginia","Upshur County",2,0,242,122,120
050,54,097,"West Virginia","Upshur County",2,1,241,124,117
050,54,097,"West Virginia","Upshur County",2,2,237,128,109
050,54,097,"West Virginia","Upshur County",2,3,246,120,126
050,54,097,"West Virginia","Upshur County",2,4,256,119,137
050,54,097,"West Virginia","Upshur County",2,5,262,136,126
050,54,097,"West Virginia","Upshur County",2,6,274,146,128
050,54,097,"West Virginia","Upshur County",2,7,277,144,133
050,54,097,"West Virginia","Upshur County",2,8,287,146,141
050,54,097,"West Virginia","Upshur County",2,9,260,130,130
050,54,097,"West Virginia","Upshur County",2,10,275,141,134
050,54,097,"West Virginia","Upshur County",2,11,294,158,136
050,54,097,"West Virginia","Upshur County",2,12,302,151,151
050,54,097,"West Virginia","Upshur County",2,13,309,154,155
050,54,097,"West Virginia","Upshur County",2,14,306,156,150
050,54,097,"West Virginia","Upshur County",2,15,301,148,153
050,54,097,"West Virginia","Upshur County",2,16,291,140,151
050,54,097,"West Virginia","Upshur County",2,17,290,139,151
050,54,097,"West Virginia","Upshur County",2,18,336,170,166
050,54,097,"West Virginia","Upshur County",2,19,415,205,210
050,54,097,"West Virginia","Upshur County",2,20,376,186,190
050,54,097,"West Virginia","Upshur County",2,21,368,174,194
050,54,097,"West Virginia","Upshur County",2,22,316,154,162
050,54,097,"West Virginia","Upshur County",2,23,254,126,128
050,54,097,"West Virginia","Upshur County",2,24,249,126,123
050,54,097,"West Virginia","Upshur County",2,25,251,124,127
050,54,097,"West Virginia","Upshur County",2,26,246,120,126
050,54,097,"West Virginia","Upshur County",2,27,254,127,127
050,54,097,"West Virginia","Upshur County",2,28,277,139,138
050,54,097,"West Virginia","Upshur County",2,29,305,155,150
050,54,097,"West Virginia","Upshur County",2,30,283,153,130
050,54,097,"West Virginia","Upshur County",2,31,263,137,126
050,54,097,"West Virginia","Upshur County",2,32,258,127,131
050,54,097,"West Virginia","Upshur County",2,33,273,136,137
050,54,097,"West Virginia","Upshur County",2,34,272,135,137
050,54,097,"West Virginia","Upshur County",2,35,262,128,134
050,54,097,"West Virginia","Upshur County",2,36,255,134,121
050,54,097,"West Virginia","Upshur County",2,37,266,134,132
050,54,097,"West Virginia","Upshur County",2,38,288,135,153
050,54,097,"West Virginia","Upshur County",2,39,286,133,153
050,54,097,"West Virginia","Upshur County",2,40,281,135,146
050,54,097,"West Virginia","Upshur County",2,41,277,150,127
050,54,097,"West Virginia","Upshur County",2,42,272,155,117
050,54,097,"West Virginia","Upshur County",2,43,269,148,121
050,54,097,"West Virginia","Upshur County",2,44,247,130,117
050,54,097,"West Virginia","Upshur County",2,45,251,122,129
050,54,097,"West Virginia","Upshur County",2,46,254,122,132
050,54,097,"West Virginia","Upshur County",2,47,279,144,135
050,54,097,"West Virginia","Upshur County",2,48,296,157,139
050,54,097,"West Virginia","Upshur County",2,49,309,161,148
050,54,097,"West Virginia","Upshur County",2,50,312,160,152
050,54,097,"West Virginia","Upshur County",2,51,298,158,140
050,54,097,"West Virginia","Upshur County",2,52,299,159,140
050,54,097,"West Virginia","Upshur County",2,53,288,141,147
050,54,097,"West Virginia","Upshur County",2,54,282,133,149
050,54,097,"West Virginia","Upshur County",2,55,323,160,163
050,54,097,"West Virginia","Upshur County",2,56,340,177,163
050,54,097,"West Virginia","Upshur County",2,57,322,166,156
050,54,097,"West Virginia","Upshur County",2,58,310,152,158
050,54,097,"West Virginia","Upshur County",2,59,326,158,168
050,54,097,"West Virginia","Upshur County",2,60,323,156,167
050,54,097,"West Virginia","Upshur County",2,61,335,163,172
050,54,097,"West Virginia","Upshur County",2,62,341,173,168
050,54,097,"West Virginia","Upshur County",2,63,338,171,167
050,54,097,"West Virginia","Upshur County",2,64,321,161,160
050,54,097,"West Virginia","Upshur County",2,65,329,164,165
050,54,097,"West Virginia","Upshur County",2,66,334,167,167
050,54,097,"West Virginia","Upshur County",2,67,335,162,173
050,54,097,"West Virginia","Upshur County",2,68,308,146,162
050,54,097,"West Virginia","Upshur County",2,69,306,149,157
050,54,097,"West Virginia","Upshur County",2,70,294,148,146
050,54,097,"West Virginia","Upshur County",2,71,293,144,149
050,54,097,"West Virginia","Upshur County",2,72,284,146,138
050,54,097,"West Virginia","Upshur County",2,73,300,158,142
050,54,097,"West Virginia","Upshur County",2,74,197,103,94
050,54,097,"West Virginia","Upshur County",2,75,191,95,96
050,54,097,"West Virginia","Upshur County",2,76,190,89,101
050,54,097,"West Virginia","Upshur County",2,77,202,94,108
050,54,097,"West Virginia","Upshur County",2,78,177,77,100
050,54,097,"West Virginia","Upshur County",2,79,170,78,92
050,54,097,"West Virginia","Upshur County",2,80,149,73,76
050,54,097,"West Virginia","Upshur County",2,81,135,65,70
050,54,097,"West Virginia","Upshur County",2,82,118,53,65
050,54,097,"West Virginia","Upshur County",2,83,107,46,61
050,54,097,"West Virginia","Upshur County",2,84,102,48,54
050,54,097,"West Virginia","Upshur County",2,85,497,199,298
050,54,097,"West Virginia","Upshur County",3,0,221,117,104
050,54,097,"West Virginia","Upshur County",3,1,229,114,115
050,54,097,"West Virginia","Upshur County",3,2,232,118,114
050,54,097,"West Virginia","Upshur County",3,3,234,131,103
050,54,097,"West Virginia","Upshur County",3,4,241,120,121
050,54,097,"West Virginia","Upshur County",3,5,262,123,139
050,54,097,"West Virginia","Upshur County",3,6,258,134,124
050,54,097,"West Virginia","Upshur County",3,7,281,149,132
050,54,097,"West Virginia","Upshur County",3,8,290,150,140
050,54,097,"West Virginia","Upshur County",3,9,285,145,140
050,54,097,"West Virginia","Upshur County",3,10,264,129,135
050,54,097,"West Virginia","Upshur County",3,11,281,144,137
050,54,097,"West Virginia","Upshur County",3,12,293,162,131
050,54,097,"West Virginia","Upshur County",3,13,311,155,156
050,54,097,"West Virginia","Upshur County",3,14,315,157,158
050,54,097,"West Virginia","Upshur County",3,15,309,157,152
050,54,097,"West Virginia","Upshur County",3,16,301,145,156
050,54,097,"West Virginia","Upshur County",3,17,295,145,150
050,54,097,"West Virginia","Upshur County",3,18,340,169,171
050,54,097,"West Virginia","Upshur County",3,19,425,207,218
050,54,097,"West Virginia","Upshur County",3,20,390,191,199
050,54,097,"West Virginia","Upshur County",3,21,362,173,189
050,54,097,"West Virginia","Upshur County",3,22,311,155,156
050,54,097,"West Virginia","Upshur County",3,23,241,125,116
050,54,097,"West Virginia","Upshur County",3,24,238,120,118
050,54,097,"West Virginia","Upshur County",3,25,257,132,125
050,54,097,"West Virginia","Upshur County",3,26,257,134,123
050,54,097,"West Virginia","Upshur County",3,27,254,125,129
050,54,097,"West Virginia","Upshur County",3,28,259,125,134
050,54,097,"West Virginia","Upshur County",3,29,272,135,137
050,54,097,"West Virginia","Upshur County",3,30,310,163,147
050,54,097,"West Virginia","Upshur County",3,31,280,151,129
050,54,097,"West Virginia","Upshur County",3,32,271,147,124
050,54,097,"West Virginia","Upshur County",3,33,261,131,130
050,54,097,"West Virginia","Upshur County",3,34,278,137,141
050,54,097,"West Virginia","Upshur County",3,35,274,138,136
050,54,097,"West Virginia","Upshur County",3,36,257,124,133
050,54,097,"West Virginia","Upshur County",3,37,245,125,120
050,54,097,"West Virginia","Upshur County",3,38,269,136,133
050,54,097,"West Virginia","Upshur County",3,39,286,132,154
050,54,097,"West Virginia","Upshur County",3,40,289,133,156
050,54,097,"West Virginia","Upshur County",3,41,294,144,150
050,54,097,"West Virginia","Upshur County",3,42,278,145,133
050,54,097,"West Virginia","Upshur County",3,43,269,150,119
050,54,097,"West Virginia","Upshur County",3,44,262,144,118
050,54,097,"West Virginia","Upshur County",3,45,258,137,121
050,54,097,"West Virginia","Upshur County",3,46,251,119,132
050,54,097,"West Virginia","Upshur County",3,47,257,121,136
050,54,097,"West Virginia","Upshur County",3,48,282,149,133
050,54,097,"West Virginia","Upshur County",3,49,290,151,139
050,54,097,"West Virginia","Upshur County",3,50,316,164,152
050,54,097,"West Virginia","Upshur County",3,51,322,167,155
050,54,097,"West Virginia","Upshur County",3,52,298,159,139
050,54,097,"West Virginia","Upshur County",3,53,284,153,131
050,54,097,"West Virginia","Upshur County",3,54,291,145,146
050,54,097,"West Virginia","Upshur County",3,55,276,132,144
050,54,097,"West Virginia","Upshur County",3,56,317,158,159
050,54,097,"West Virginia","Upshur County",3,57,343,180,163
050,54,097,"West Virginia","Upshur County",3,58,319,161,158
050,54,097,"West Virginia","Upshur County",3,59,315,156,159
050,54,097,"West Virginia","Upshur County",3,60,334,163,171
050,54,097,"West Virginia","Upshur County",3,61,322,153,169
050,54,097,"West Virginia","Upshur County",3,62,327,159,168
050,54,097,"West Virginia","Upshur County",3,63,337,167,170
050,54,097,"West Virginia","Upshur County",3,64,342,175,167
050,54,097,"West Virginia","Upshur County",3,65,321,162,159
050,54,097,"West Virginia","Upshur County",3,66,330,166,164
050,54,097,"West Virginia","Upshur County",3,67,331,161,170
050,54,097,"West Virginia","Upshur County",3,68,320,156,164
050,54,097,"West Virginia","Upshur County",3,69,305,146,159
050,54,097,"West Virginia","Upshur County",3,70,294,142,152
050,54,097,"West Virginia","Upshur County",3,71,289,145,144
050,54,097,"West Virginia","Upshur County",3,72,281,139,142
050,54,097,"West Virginia","Upshur County",3,73,280,142,138
050,54,097,"West Virginia","Upshur County",3,74,300,153,147
050,54,097,"West Virginia","Upshur County",3,75,187,98,89
050,54,097,"West Virginia","Upshur County",3,76,183,91,92
050,54,097,"West Virginia","Upshur County",3,77,179,83,96
050,54,097,"West Virginia","Upshur County",3,78,195,91,104
050,54,097,"West Virginia","Upshur County",3,79,165,72,93
050,54,097,"West Virginia","Upshur County",3,80,160,71,89
050,54,097,"West Virginia","Upshur County",3,81,139,66,73
050,54,097,"West Virginia","Upshur County",3,82,120,60,60
050,54,097,"West Virginia","Upshur County",3,83,111,48,63
050,54,097,"West Virginia","Upshur County",3,84,86,39,47
050,54,097,"West Virginia","Upshur County",3,85,515,209,306
050,54,097,"West Virginia","Upshur County",4,0,230,116,114
050,54,097,"West Virginia","Upshur County",4,1,224,121,103
050,54,097,"West Virginia","Upshur County",4,2,225,115,110
050,54,097,"West Virginia","Upshur County",4,3,238,118,120
050,54,097,"West Virginia","Upshur County",4,4,234,131,103
050,54,097,"West Virginia","Upshur County",4,5,250,125,125
050,54,097,"West Virginia","Upshur County",4,6,280,135,145
050,54,097,"West Virginia","Upshur County",4,7,255,133,122
050,54,097,"West Virginia","Upshur County",4,8,274,147,127
050,54,097,"West Virginia","Upshur County",4,9,283,146,137
050,54,097,"West Virginia","Upshur County",4,10,279,140,139
050,54,097,"West Virginia","Upshur County",4,11,260,132,128
050,54,097,"West Virginia","Upshur County",4,12,278,141,137
050,54,097,"West Virginia","Upshur County",4,13,293,166,127
050,54,097,"West Virginia","Upshur County",4,14,319,159,160
050,54,097,"West Virginia","Upshur County",4,15,322,157,165
050,54,097,"West Virginia","Upshur County",4,16,310,154,156
050,54,097,"West Virginia","Upshur County",4,17,314,155,159
050,54,097,"West Virginia","Upshur County",4,18,348,176,172
050,54,097,"West Virginia","Upshur County",4,19,416,204,212
050,54,097,"West Virginia","Upshur County",4,20,394,195,199
050,54,097,"West Virginia","Upshur County",4,21,374,175,199
050,54,097,"West Virginia","Upshur County",4,22,296,152,144
050,54,097,"West Virginia","Upshur County",4,23,253,128,125
050,54,097,"West Virginia","Upshur County",4,24,234,120,114
050,54,097,"West Virginia","Upshur County",4,25,225,111,114
050,54,097,"West Virginia","Upshur County",4,26,258,132,126
050,54,097,"West Virginia","Upshur County",4,27,264,137,127
050,54,097,"West Virginia","Upshur County",4,28,253,119,134
050,54,097,"West Virginia","Upshur County",4,29,257,120,137
050,54,097,"West Virginia","Upshur County",4,30,261,128,133
050,54,097,"West Virginia","Upshur County",4,31,312,157,155
050,54,097,"West Virginia","Upshur County",4,32,281,150,131
050,54,097,"West Virginia","Upshur County",4,33,267,144,123
050,54,097,"West Virginia","Upshur County",4,34,250,127,123
050,54,097,"West Virginia","Upshur County",4,35,279,137,142
050,54,097,"West Virginia","Upshur County",4,36,283,139,144
050,54,097,"West Virginia","Upshur County",4,37,255,119,136
050,54,097,"West Virginia","Upshur County",4,38,241,121,120
050,54,097,"West Virginia","Upshur County",4,39,269,136,133
050,54,097,"West Virginia","Upshur County",4,40,282,134,148
050,54,097,"West Virginia","Upshur County",4,41,287,135,152
050,54,097,"West Virginia","Upshur County",4,42,293,139,154
050,54,097,"West Virginia","Upshur County",4,43,276,142,134
050,54,097,"West Virginia","Upshur County",4,44,267,148,119
050,54,097,"West Virginia","Upshur County",4,45,257,142,115
050,54,097,"West Virginia","Upshur County",4,46,252,134,118
050,54,097,"West Virginia","Upshur County",4,47,252,120,132
050,54,097,"West Virginia","Upshur County",4,48,264,125,139
050,54,097,"West Virginia","Upshur County",4,49,283,149,134
050,54,097,"West Virginia","Upshur County",4,50,303,157,146
050,54,097,"West Virginia","Upshur County",4,51,322,168,154
050,54,097,"West Virginia","Upshur County",4,52,323,165,158
050,54,097,"West Virginia","Upshur County",4,53,291,153,138
050,54,097,"West Virginia","Upshur County",4,54,286,156,130
050,54,097,"West Virginia","Upshur County",4,55,286,147,139
050,54,097,"West Virginia","Upshur County",4,56,272,130,142
050,54,097,"West Virginia","Upshur County",4,57,318,157,161
050,54,097,"West Virginia","Upshur County",4,58,343,173,170
050,54,097,"West Virginia","Upshur County",4,59,319,160,159
050,54,097,"West Virginia","Upshur County",4,60,318,162,156
050,54,097,"West Virginia","Upshur County",4,61,333,158,175
050,54,097,"West Virginia","Upshur County",4,62,313,153,160
050,54,097,"West Virginia","Upshur County",4,63,329,160,169
050,54,097,"West Virginia","Upshur County",4,64,332,163,169
050,54,097,"West Virginia","Upshur County",4,65,338,172,166
050,54,097,"West Virginia","Upshur County",4,66,320,161,159
050,54,097,"West Virginia","Upshur County",4,67,327,156,171
050,54,097,"West Virginia","Upshur County",4,68,315,154,161
050,54,097,"West Virginia","Upshur County",4,69,321,162,159
050,54,097,"West Virginia","Upshur County",4,70,297,143,154
050,54,097,"West Virginia","Upshur County",4,71,290,138,152
050,54,097,"West Virginia","Upshur County",4,72,282,140,142
050,54,097,"West Virginia","Upshur County",4,73,269,131,138
050,54,097,"West Virginia","Upshur County",4,74,269,129,140
050,54,097,"West Virginia","Upshur County",4,75,285,146,139
050,54,097,"West Virginia","Upshur County",4,76,176,91,85
050,54,097,"West Virginia","Upshur County",4,77,168,82,86
050,54,097,"West Virginia","Upshur County",4,78,175,77,98
050,54,097,"West Virginia","Upshur County",4,79,182,86,96
050,54,097,"West Virginia","Upshur County",4,80,157,68,89
050,54,097,"West Virginia","Upshur County",4,81,150,63,87
050,54,097,"West Virginia","Upshur County",4,82,125,62,63
050,54,097,"West Virginia","Upshur County",4,83,113,54,59
050,54,097,"West Virginia","Upshur County",4,84,94,43,51
050,54,097,"West Virginia","Upshur County",4,85,513,216,297
050,54,097,"West Virginia","Upshur County",5,0,231,116,115
050,54,097,"West Virginia","Upshur County",5,1,227,122,105
050,54,097,"West Virginia","Upshur County",5,2,225,122,103
050,54,097,"West Virginia","Upshur County",5,3,225,118,107
050,54,097,"West Virginia","Upshur County",5,4,235,121,114
050,54,097,"West Virginia","Upshur County",5,5,228,130,98
050,54,097,"West Virginia","Upshur County",5,6,248,124,124
050,54,097,"West Virginia","Upshur County",5,7,279,138,141
050,54,097,"West Virginia","Upshur County",5,8,266,145,121
050,54,097,"West Virginia","Upshur County",5,9,272,145,127
050,54,097,"West Virginia","Upshur County",5,10,291,153,138
050,54,097,"West Virginia","Upshur County",5,11,281,142,139
050,54,097,"West Virginia","Upshur County",5,12,263,134,129
050,54,097,"West Virginia","Upshur County",5,13,280,144,136
050,54,097,"West Virginia","Upshur County",5,14,295,166,129
050,54,097,"West Virginia","Upshur County",5,15,319,157,162
050,54,097,"West Virginia","Upshur County",5,16,329,161,168
050,54,097,"West Virginia","Upshur County",5,17,309,156,153
050,54,097,"West Virginia","Upshur County",5,18,360,182,178
050,54,097,"West Virginia","Upshur County",5,19,419,206,213
050,54,097,"West Virginia","Upshur County",5,20,399,199,200
050,54,097,"West Virginia","Upshur County",5,21,380,184,196
050,54,097,"West Virginia","Upshur County",5,22,320,160,160
050,54,097,"West Virginia","Upshur County",5,23,231,122,109
050,54,097,"West Virginia","Upshur County",5,24,248,124,124
050,54,097,"West Virginia","Upshur County",5,25,243,121,122
050,54,097,"West Virginia","Upshur County",5,26,211,106,105
050,54,097,"West Virginia","Upshur County",5,27,249,130,119
050,54,097,"West Virginia","Upshur County",5,28,242,121,121
050,54,097,"West Virginia","Upshur County",5,29,248,115,133
050,54,097,"West Virginia","Upshur County",5,30,255,125,130
050,54,097,"West Virginia","Upshur County",5,31,248,119,129
050,54,097,"West Virginia","Upshur County",5,32,306,161,145
050,54,097,"West Virginia","Upshur County",5,33,277,148,129
050,54,097,"West Virginia","Upshur County",5,34,254,134,120
050,54,097,"West Virginia","Upshur County",5,35,253,125,128
050,54,097,"West Virginia","Upshur County",5,36,288,143,145
050,54,097,"West Virginia","Upshur County",5,37,287,135,152
050,54,097,"West Virginia","Upshur County",5,38,250,116,134
050,54,097,"West Virginia","Upshur County",5,39,241,120,121
050,54,097,"West Virginia","Upshur County",5,40,271,136,135
050,54,097,"West Virginia","Upshur County",5,41,283,137,146
050,54,097,"West Virginia","Upshur County",5,42,281,130,151
050,54,097,"West Virginia","Upshur County",5,43,281,135,146
050,54,097,"West Virginia","Upshur County",5,44,282,147,135
050,54,097,"West Virginia","Upshur County",5,45,269,146,123
050,54,097,"West Virginia","Upshur County",5,46,265,144,121
050,54,097,"West Virginia","Upshur County",5,47,247,132,115
050,54,097,"West Virginia","Upshur County",5,48,251,124,127
050,54,097,"West Virginia","Upshur County",5,49,262,124,138
050,54,097,"West Virginia","Upshur County",5,50,273,142,131
050,54,097,"West Virginia","Upshur County",5,51,299,159,140
050,54,097,"West Virginia","Upshur County",5,52,313,165,148
050,54,097,"West Virginia","Upshur County",5,53,316,158,158
050,54,097,"West Virginia","Upshur County",5,54,294,154,140
050,54,097,"West Virginia","Upshur County",5,55,279,152,127
050,54,097,"West Virginia","Upshur County",5,56,285,147,138
050,54,097,"West Virginia","Upshur County",5,57,276,133,143
050,54,097,"West Virginia","Upshur County",5,58,317,157,160
050,54,097,"West Virginia","Upshur County",5,59,336,172,164
050,54,097,"West Virginia","Upshur County",5,60,324,161,163
050,54,097,"West Virginia","Upshur County",5,61,316,155,161
050,54,097,"West Virginia","Upshur County",5,62,325,160,165
050,54,097,"West Virginia","Upshur County",5,63,302,148,154
050,54,097,"West Virginia","Upshur County",5,64,313,151,162
050,54,097,"West Virginia","Upshur County",5,65,333,167,166
050,54,097,"West Virginia","Upshur County",5,66,336,171,165
050,54,097,"West Virginia","Upshur County",5,67,319,155,164
050,54,097,"West Virginia","Upshur County",5,68,317,150,167
050,54,097,"West Virginia","Upshur County",5,69,316,157,159
050,54,097,"West Virginia","Upshur County",5,70,310,156,154
050,54,097,"West Virginia","Upshur County",5,71,296,143,153
050,54,097,"West Virginia","Upshur County",5,72,278,132,146
050,54,097,"West Virginia","Upshur County",5,73,272,136,136
050,54,097,"West Virginia","Upshur County",5,74,256,124,132
050,54,097,"West Virginia","Upshur County",5,75,260,127,133
050,54,097,"West Virginia","Upshur County",5,76,276,138,138
050,54,097,"West Virginia","Upshur County",5,77,162,81,81
050,54,097,"West Virginia","Upshur County",5,78,167,77,90
050,54,097,"West Virginia","Upshur County",5,79,161,72,89
050,54,097,"West Virginia","Upshur County",5,80,175,81,94
050,54,097,"West Virginia","Upshur County",5,81,141,57,84
050,54,097,"West Virginia","Upshur County",5,82,136,60,76
050,54,097,"West Virginia","Upshur County",5,83,116,54,62
050,54,097,"West Virginia","Upshur County",5,84,98,51,47
050,54,097,"West Virginia","Upshur County",5,85,532,234,298
050,54,099,"West Virginia","Wayne County",1,0,339,171,168
050,54,099,"West Virginia","Wayne County",1,1,359,186,173
050,54,099,"West Virginia","Wayne County",1,2,360,200,160
050,54,099,"West Virginia","Wayne County",1,3,423,222,201
050,54,099,"West Virginia","Wayne County",1,4,434,242,192
050,54,099,"West Virginia","Wayne County",1,5,430,219,211
050,54,099,"West Virginia","Wayne County",1,6,459,218,241
050,54,099,"West Virginia","Wayne County",1,7,440,222,218
050,54,099,"West Virginia","Wayne County",1,8,407,201,206
050,54,099,"West Virginia","Wayne County",1,9,420,205,215
050,54,099,"West Virginia","Wayne County",1,10,427,221,206
050,54,099,"West Virginia","Wayne County",1,11,495,256,239
050,54,099,"West Virginia","Wayne County",1,12,498,248,250
050,54,099,"West Virginia","Wayne County",1,13,521,263,258
050,54,099,"West Virginia","Wayne County",1,14,468,249,219
050,54,099,"West Virginia","Wayne County",1,15,470,243,227
050,54,099,"West Virginia","Wayne County",1,16,504,264,240
050,54,099,"West Virginia","Wayne County",1,17,515,258,257
050,54,099,"West Virginia","Wayne County",1,18,441,222,219
050,54,099,"West Virginia","Wayne County",1,19,353,192,161
050,54,099,"West Virginia","Wayne County",1,20,391,198,193
050,54,099,"West Virginia","Wayne County",1,21,397,200,197
050,54,099,"West Virginia","Wayne County",1,22,403,207,196
050,54,099,"West Virginia","Wayne County",1,23,419,225,194
050,54,099,"West Virginia","Wayne County",1,24,443,239,204
050,54,099,"West Virginia","Wayne County",1,25,436,241,195
050,54,099,"West Virginia","Wayne County",1,26,457,240,217
050,54,099,"West Virginia","Wayne County",1,27,458,226,232
050,54,099,"West Virginia","Wayne County",1,28,457,231,226
050,54,099,"West Virginia","Wayne County",1,29,509,247,262
050,54,099,"West Virginia","Wayne County",1,30,477,240,237
050,54,099,"West Virginia","Wayne County",1,31,454,232,222
050,54,099,"West Virginia","Wayne County",1,32,421,207,214
050,54,099,"West Virginia","Wayne County",1,33,391,189,202
050,54,099,"West Virginia","Wayne County",1,34,340,169,171
050,54,099,"West Virginia","Wayne County",1,35,350,171,179
050,54,099,"West Virginia","Wayne County",1,36,373,170,203
050,54,099,"West Virginia","Wayne County",1,37,450,201,249
050,54,099,"West Virginia","Wayne County",1,38,473,215,258
050,54,099,"West Virginia","Wayne County",1,39,454,216,238
050,54,099,"West Virginia","Wayne County",1,40,495,260,235
050,54,099,"West Virginia","Wayne County",1,41,489,248,241
050,54,099,"West Virginia","Wayne County",1,42,476,235,241
050,54,099,"West Virginia","Wayne County",1,43,456,222,234
050,54,099,"West Virginia","Wayne County",1,44,463,225,238
050,54,099,"West Virginia","Wayne County",1,45,508,231,277
050,54,099,"West Virginia","Wayne County",1,46,471,225,246
050,54,099,"West Virginia","Wayne County",1,47,531,251,280
050,54,099,"West Virginia","Wayne County",1,48,547,295,252
050,54,099,"West Virginia","Wayne County",1,49,576,301,275
050,54,099,"West Virginia","Wayne County",1,50,537,265,272
050,54,099,"West Virginia","Wayne County",1,51,565,270,295
050,54,099,"West Virginia","Wayne County",1,52,531,266,265
050,54,099,"West Virginia","Wayne County",1,53,516,258,258
050,54,099,"West Virginia","Wayne County",1,54,498,241,257
050,54,099,"West Virginia","Wayne County",1,55,525,277,248
050,54,099,"West Virginia","Wayne County",1,56,552,269,283
050,54,099,"West Virginia","Wayne County",1,57,571,280,291
050,54,099,"West Virginia","Wayne County",1,58,589,268,321
050,54,099,"West Virginia","Wayne County",1,59,571,262,309
050,54,099,"West Virginia","Wayne County",1,60,555,278,277
050,54,099,"West Virginia","Wayne County",1,61,574,282,292
050,54,099,"West Virginia","Wayne County",1,62,571,279,292
050,54,099,"West Virginia","Wayne County",1,63,580,276,304
050,54,099,"West Virginia","Wayne County",1,64,543,259,284
050,54,099,"West Virginia","Wayne County",1,65,550,276,274
050,54,099,"West Virginia","Wayne County",1,66,515,258,257
050,54,099,"West Virginia","Wayne County",1,67,521,247,274
050,54,099,"West Virginia","Wayne County",1,68,499,234,265
050,54,099,"West Virginia","Wayne County",1,69,492,241,251
050,54,099,"West Virginia","Wayne County",1,70,506,240,266
050,54,099,"West Virginia","Wayne County",1,71,486,229,257
050,54,099,"West Virginia","Wayne County",1,72,499,223,276
050,54,099,"West Virginia","Wayne County",1,73,496,228,268
050,54,099,"West Virginia","Wayne County",1,74,359,176,183
050,54,099,"West Virginia","Wayne County",1,75,354,169,185
050,54,099,"West Virginia","Wayne County",1,76,333,164,169
050,54,099,"West Virginia","Wayne County",1,77,324,151,173
050,54,099,"West Virginia","Wayne County",1,78,292,138,154
050,54,099,"West Virginia","Wayne County",1,79,247,111,136
050,54,099,"West Virginia","Wayne County",1,80,234,98,136
050,54,099,"West Virginia","Wayne County",1,81,232,107,125
050,54,099,"West Virginia","Wayne County",1,82,214,105,109
050,54,099,"West Virginia","Wayne County",1,83,192,83,109
050,54,099,"West Virginia","Wayne County",1,84,171,80,91
050,54,099,"West Virginia","Wayne County",1,85,866,329,537
050,54,099,"West Virginia","Wayne County",2,0,345,177,168
050,54,099,"West Virginia","Wayne County",2,1,356,186,170
050,54,099,"West Virginia","Wayne County",2,2,363,199,164
050,54,099,"West Virginia","Wayne County",2,3,406,216,190
050,54,099,"West Virginia","Wayne County",2,4,432,237,195
050,54,099,"West Virginia","Wayne County",2,5,431,224,207
050,54,099,"West Virginia","Wayne County",2,6,454,220,234
050,54,099,"West Virginia","Wayne County",2,7,443,220,223
050,54,099,"West Virginia","Wayne County",2,8,415,206,209
050,54,099,"West Virginia","Wayne County",2,9,414,205,209
050,54,099,"West Virginia","Wayne County",2,10,424,217,207
050,54,099,"West Virginia","Wayne County",2,11,474,244,230
050,54,099,"West Virginia","Wayne County",2,12,498,251,247
050,54,099,"West Virginia","Wayne County",2,13,514,260,254
050,54,099,"West Virginia","Wayne County",2,14,480,252,228
050,54,099,"West Virginia","Wayne County",2,15,470,243,227
050,54,099,"West Virginia","Wayne County",2,16,497,260,237
050,54,099,"West Virginia","Wayne County",2,17,511,259,252
050,54,099,"West Virginia","Wayne County",2,18,435,221,214
050,54,099,"West Virginia","Wayne County",2,19,353,188,165
050,54,099,"West Virginia","Wayne County",2,20,393,201,192
050,54,099,"West Virginia","Wayne County",2,21,401,202,199
050,54,099,"West Virginia","Wayne County",2,22,410,208,202
050,54,099,"West Virginia","Wayne County",2,23,421,225,196
050,54,099,"West Virginia","Wayne County",2,24,440,239,201
050,54,099,"West Virginia","Wayne County",2,25,438,241,197
050,54,099,"West Virginia","Wayne County",2,26,450,239,211
050,54,099,"West Virginia","Wayne County",2,27,456,229,227
050,54,099,"West Virginia","Wayne County",2,28,455,229,226
050,54,099,"West Virginia","Wayne County",2,29,492,240,252
050,54,099,"West Virginia","Wayne County",2,30,488,243,245
050,54,099,"West Virginia","Wayne County",2,31,456,231,225
050,54,099,"West Virginia","Wayne County",2,32,427,211,216
050,54,099,"West Virginia","Wayne County",2,33,394,190,204
050,54,099,"West Virginia","Wayne County",2,34,345,170,175
050,54,099,"West Virginia","Wayne County",2,35,347,171,176
050,54,099,"West Virginia","Wayne County",2,36,364,168,196
050,54,099,"West Virginia","Wayne County",2,37,434,194,240
050,54,099,"West Virginia","Wayne County",2,38,467,212,255
050,54,099,"West Virginia","Wayne County",2,39,457,216,241
050,54,099,"West Virginia","Wayne County",2,40,488,251,237
050,54,099,"West Virginia","Wayne County",2,41,488,248,240
050,54,099,"West Virginia","Wayne County",2,42,476,238,238
050,54,099,"West Virginia","Wayne County",2,43,462,225,237
050,54,099,"West Virginia","Wayne County",2,44,457,223,234
050,54,099,"West Virginia","Wayne County",2,45,501,232,269
050,54,099,"West Virginia","Wayne County",2,46,477,225,252
050,54,099,"West Virginia","Wayne County",2,47,511,243,268
050,54,099,"West Virginia","Wayne County",2,48,542,284,258
050,54,099,"West Virginia","Wayne County",2,49,567,301,266
050,54,099,"West Virginia","Wayne County",2,50,547,273,274
050,54,099,"West Virginia","Wayne County",2,51,555,267,288
050,54,099,"West Virginia","Wayne County",2,52,529,260,269
050,54,099,"West Virginia","Wayne County",2,53,518,260,258
050,54,099,"West Virginia","Wayne County",2,54,496,242,254
050,54,099,"West Virginia","Wayne County",2,55,518,268,250
050,54,099,"West Virginia","Wayne County",2,56,544,270,274
050,54,099,"West Virginia","Wayne County",2,57,566,277,289
050,54,099,"West Virginia","Wayne County",2,58,578,264,314
050,54,099,"West Virginia","Wayne County",2,59,575,265,310
050,54,099,"West Virginia","Wayne County",2,60,553,270,283
050,54,099,"West Virginia","Wayne County",2,61,567,281,286
050,54,099,"West Virginia","Wayne County",2,62,568,278,290
050,54,099,"West Virginia","Wayne County",2,63,582,279,303
050,54,099,"West Virginia","Wayne County",2,64,545,261,284
050,54,099,"West Virginia","Wayne County",2,65,547,271,276
050,54,099,"West Virginia","Wayne County",2,66,524,263,261
050,54,099,"West Virginia","Wayne County",2,67,518,248,270
050,54,099,"West Virginia","Wayne County",2,68,496,232,264
050,54,099,"West Virginia","Wayne County",2,69,497,240,257
050,54,099,"West Virginia","Wayne County",2,70,496,237,259
050,54,099,"West Virginia","Wayne County",2,71,490,230,260
050,54,099,"West Virginia","Wayne County",2,72,479,217,262
050,54,099,"West Virginia","Wayne County",2,73,520,237,283
050,54,099,"West Virginia","Wayne County",2,74,365,176,189
050,54,099,"West Virginia","Wayne County",2,75,352,170,182
050,54,099,"West Virginia","Wayne County",2,76,331,163,168
050,54,099,"West Virginia","Wayne County",2,77,334,157,177
050,54,099,"West Virginia","Wayne County",2,78,289,135,154
050,54,099,"West Virginia","Wayne County",2,79,252,114,138
050,54,099,"West Virginia","Wayne County",2,80,235,100,135
050,54,099,"West Virginia","Wayne County",2,81,230,103,127
050,54,099,"West Virginia","Wayne County",2,82,214,101,113
050,54,099,"West Virginia","Wayne County",2,83,194,88,106
050,54,099,"West Virginia","Wayne County",2,84,174,79,95
050,54,099,"West Virginia","Wayne County",2,85,876,333,543
050,54,099,"West Virginia","Wayne County",3,0,374,183,191
050,54,099,"West Virginia","Wayne County",3,1,342,177,165
050,54,099,"West Virginia","Wayne County",3,2,363,195,168
050,54,099,"West Virginia","Wayne County",3,3,367,199,168
050,54,099,"West Virginia","Wayne County",3,4,403,212,191
050,54,099,"West Virginia","Wayne County",3,5,420,228,192
050,54,099,"West Virginia","Wayne County",3,6,436,225,211
050,54,099,"West Virginia","Wayne County",3,7,440,220,220
050,54,099,"West Virginia","Wayne County",3,8,441,219,222
050,54,099,"West Virginia","Wayne County",3,9,416,199,217
050,54,099,"West Virginia","Wayne County",3,10,414,206,208
050,54,099,"West Virginia","Wayne County",3,11,419,204,215
050,54,099,"West Virginia","Wayne County",3,12,479,246,233
050,54,099,"West Virginia","Wayne County",3,13,501,251,250
050,54,099,"West Virginia","Wayne County",3,14,515,264,251
050,54,099,"West Virginia","Wayne County",3,15,482,252,230
050,54,099,"West Virginia","Wayne County",3,16,477,245,232
050,54,099,"West Virginia","Wayne County",3,17,496,259,237
050,54,099,"West Virginia","Wayne County",3,18,448,228,220
050,54,099,"West Virginia","Wayne County",3,19,344,174,170
050,54,099,"West Virginia","Wayne County",3,20,381,205,176
050,54,099,"West Virginia","Wayne County",3,21,416,207,209
050,54,099,"West Virginia","Wayne County",3,22,437,217,220
050,54,099,"West Virginia","Wayne County",3,23,429,224,205
050,54,099,"West Virginia","Wayne County",3,24,452,238,214
050,54,099,"West Virginia","Wayne County",3,25,424,234,190
050,54,099,"West Virginia","Wayne County",3,26,421,244,177
050,54,099,"West Virginia","Wayne County",3,27,445,235,210
050,54,099,"West Virginia","Wayne County",3,28,460,237,223
050,54,099,"West Virginia","Wayne County",3,29,450,221,229
050,54,099,"West Virginia","Wayne County",3,30,483,240,243
050,54,099,"West Virginia","Wayne County",3,31,483,237,246
050,54,099,"West Virginia","Wayne County",3,32,451,233,218
050,54,099,"West Virginia","Wayne County",3,33,419,206,213
050,54,099,"West Virginia","Wayne County",3,34,377,178,199
050,54,099,"West Virginia","Wayne County",3,35,347,174,173
050,54,099,"West Virginia","Wayne County",3,36,359,173,186
050,54,099,"West Virginia","Wayne County",3,37,351,158,193
050,54,099,"West Virginia","Wayne County",3,38,444,202,242
050,54,099,"West Virginia","Wayne County",3,39,471,215,256
050,54,099,"West Virginia","Wayne County",3,40,452,212,240
050,54,099,"West Virginia","Wayne County",3,41,480,236,244
050,54,099,"West Virginia","Wayne County",3,42,481,241,240
050,54,099,"West Virginia","Wayne County",3,43,463,227,236
050,54,099,"West Virginia","Wayne County",3,44,454,220,234
050,54,099,"West Virginia","Wayne County",3,45,455,214,241
050,54,099,"West Virginia","Wayne County",3,46,499,230,269
050,54,099,"West Virginia","Wayne County",3,47,477,229,248
050,54,099,"West Virginia","Wayne County",3,48,502,231,271
050,54,099,"West Virginia","Wayne County",3,49,542,287,255
050,54,099,"West Virginia","Wayne County",3,50,556,300,256
050,54,099,"West Virginia","Wayne County",3,51,555,275,280
050,54,099,"West Virginia","Wayne County",3,52,549,271,278
050,54,099,"West Virginia","Wayne County",3,53,536,261,275
050,54,099,"West Virginia","Wayne County",3,54,520,258,262
050,54,099,"West Virginia","Wayne County",3,55,490,237,253
050,54,099,"West Virginia","Wayne County",3,56,515,261,254
050,54,099,"West Virginia","Wayne County",3,57,517,254,263
050,54,099,"West Virginia","Wayne County",3,58,556,264,292
050,54,099,"West Virginia","Wayne County",3,59,567,260,307
050,54,099,"West Virginia","Wayne County",3,60,575,261,314
050,54,099,"West Virginia","Wayne County",3,61,546,265,281
050,54,099,"West Virginia","Wayne County",3,62,557,275,282
050,54,099,"West Virginia","Wayne County",3,63,553,268,285
050,54,099,"West Virginia","Wayne County",3,64,566,275,291
050,54,099,"West Virginia","Wayne County",3,65,535,254,281
050,54,099,"West Virginia","Wayne County",3,66,534,267,267
050,54,099,"West Virginia","Wayne County",3,67,521,260,261
050,54,099,"West Virginia","Wayne County",3,68,514,245,269
050,54,099,"West Virginia","Wayne County",3,69,474,221,253
050,54,099,"West Virginia","Wayne County",3,70,490,235,255
050,54,099,"West Virginia","Wayne County",3,71,491,230,261
050,54,099,"West Virginia","Wayne County",3,72,469,216,253
050,54,099,"West Virginia","Wayne County",3,73,471,214,257
050,54,099,"West Virginia","Wayne County",3,74,501,222,279
050,54,099,"West Virginia","Wayne County",3,75,361,172,189
050,54,099,"West Virginia","Wayne County",3,76,333,159,174
050,54,099,"West Virginia","Wayne County",3,77,319,156,163
050,54,099,"West Virginia","Wayne County",3,78,318,148,170
050,54,099,"West Virginia","Wayne County",3,79,270,128,142
050,54,099,"West Virginia","Wayne County",3,80,238,108,130
050,54,099,"West Virginia","Wayne County",3,81,210,89,121
050,54,099,"West Virginia","Wayne County",3,82,216,91,125
050,54,099,"West Virginia","Wayne County",3,83,192,94,98
050,54,099,"West Virginia","Wayne County",3,84,174,80,94
050,54,099,"West Virginia","Wayne County",3,85,893,358,535
050,54,099,"West Virginia","Wayne County",4,0,361,189,172
050,54,099,"West Virginia","Wayne County",4,1,407,205,202
050,54,099,"West Virginia","Wayne County",4,2,348,174,174
050,54,099,"West Virginia","Wayne County",4,3,385,210,175
050,54,099,"West Virginia","Wayne County",4,4,366,194,172
050,54,099,"West Virginia","Wayne County",4,5,389,210,179
050,54,099,"West Virginia","Wayne County",4,6,414,223,191
050,54,099,"West Virginia","Wayne County",4,7,430,224,206
050,54,099,"West Virginia","Wayne County",4,8,438,226,212
050,54,099,"West Virginia","Wayne County",4,9,436,210,226
050,54,099,"West Virginia","Wayne County",4,10,403,190,213
050,54,099,"West Virginia","Wayne County",4,11,407,204,203
050,54,099,"West Virginia","Wayne County",4,12,428,209,219
050,54,099,"West Virginia","Wayne County",4,13,482,247,235
050,54,099,"West Virginia","Wayne County",4,14,486,245,241
050,54,099,"West Virginia","Wayne County",4,15,525,265,260
050,54,099,"West Virginia","Wayne County",4,16,467,247,220
050,54,099,"West Virginia","Wayne County",4,17,480,241,239
050,54,099,"West Virginia","Wayne County",4,18,414,215,199
050,54,099,"West Virginia","Wayne County",4,19,320,155,165
050,54,099,"West Virginia","Wayne County",4,20,370,178,192
050,54,099,"West Virginia","Wayne County",4,21,391,211,180
050,54,099,"West Virginia","Wayne County",4,22,450,225,225
050,54,099,"West Virginia","Wayne County",4,23,442,218,224
050,54,099,"West Virginia","Wayne County",4,24,412,218,194
050,54,099,"West Virginia","Wayne County",4,25,436,228,208
050,54,099,"West Virginia","Wayne County",4,26,415,237,178
050,54,099,"West Virginia","Wayne County",4,27,432,245,187
050,54,099,"West Virginia","Wayne County",4,28,443,238,205
050,54,099,"West Virginia","Wayne County",4,29,445,234,211
050,54,099,"West Virginia","Wayne County",4,30,438,208,230
050,54,099,"West Virginia","Wayne County",4,31,495,244,251
050,54,099,"West Virginia","Wayne County",4,32,475,235,240
050,54,099,"West Virginia","Wayne County",4,33,455,233,222
050,54,099,"West Virginia","Wayne County",4,34,418,204,214
050,54,099,"West Virginia","Wayne County",4,35,375,174,201
050,54,099,"West Virginia","Wayne County",4,36,351,177,174
050,54,099,"West Virginia","Wayne County",4,37,355,172,183
050,54,099,"West Virginia","Wayne County",4,38,340,162,178
050,54,099,"West Virginia","Wayne County",4,39,437,198,239
050,54,099,"West Virginia","Wayne County",4,40,461,213,248
050,54,099,"West Virginia","Wayne County",4,41,445,206,239
050,54,099,"West Virginia","Wayne County",4,42,476,242,234
050,54,099,"West Virginia","Wayne County",4,43,473,240,233
050,54,099,"West Virginia","Wayne County",4,44,454,220,234
050,54,099,"West Virginia","Wayne County",4,45,452,217,235
050,54,099,"West Virginia","Wayne County",4,46,448,213,235
050,54,099,"West Virginia","Wayne County",4,47,490,233,257
050,54,099,"West Virginia","Wayne County",4,48,470,226,244
050,54,099,"West Virginia","Wayne County",4,49,504,235,269
050,54,099,"West Virginia","Wayne County",4,50,528,277,251
050,54,099,"West Virginia","Wayne County",4,51,549,292,257
050,54,099,"West Virginia","Wayne County",4,52,543,273,270
050,54,099,"West Virginia","Wayne County",4,53,553,277,276
050,54,099,"West Virginia","Wayne County",4,54,529,261,268
050,54,099,"West Virginia","Wayne County",4,55,503,247,256
050,54,099,"West Virginia","Wayne County",4,56,485,232,253
050,54,099,"West Virginia","Wayne County",4,57,498,253,245
050,54,099,"West Virginia","Wayne County",4,58,513,247,266
050,54,099,"West Virginia","Wayne County",4,59,543,258,285
050,54,099,"West Virginia","Wayne County",4,60,557,251,306
050,54,099,"West Virginia","Wayne County",4,61,560,252,308
050,54,099,"West Virginia","Wayne County",4,62,532,254,278
050,54,099,"West Virginia","Wayne County",4,63,543,270,273
050,54,099,"West Virginia","Wayne County",4,64,534,262,272
050,54,099,"West Virginia","Wayne County",4,65,547,267,280
050,54,099,"West Virginia","Wayne County",4,66,522,246,276
050,54,099,"West Virginia","Wayne County",4,67,521,261,260
050,54,099,"West Virginia","Wayne County",4,68,508,252,256
050,54,099,"West Virginia","Wayne County",4,69,496,238,258
050,54,099,"West Virginia","Wayne County",4,70,471,217,254
050,54,099,"West Virginia","Wayne County",4,71,470,224,246
050,54,099,"West Virginia","Wayne County",4,72,482,222,260
050,54,099,"West Virginia","Wayne County",4,73,456,213,243
050,54,099,"West Virginia","Wayne County",4,74,441,202,239
050,54,099,"West Virginia","Wayne County",4,75,490,216,274
050,54,099,"West Virginia","Wayne County",4,76,345,161,184
050,54,099,"West Virginia","Wayne County",4,77,320,155,165
050,54,099,"West Virginia","Wayne County",4,78,304,142,162
050,54,099,"West Virginia","Wayne County",4,79,275,136,139
050,54,099,"West Virginia","Wayne County",4,80,251,119,132
050,54,099,"West Virginia","Wayne County",4,81,223,100,123
050,54,099,"West Virginia","Wayne County",4,82,196,80,116
050,54,099,"West Virginia","Wayne County",4,83,193,84,109
050,54,099,"West Virginia","Wayne County",4,84,170,80,90
050,54,099,"West Virginia","Wayne County",4,85,895,365,530
050,54,099,"West Virginia","Wayne County",5,0,362,189,173
050,54,099,"West Virginia","Wayne County",5,1,379,196,183
050,54,099,"West Virginia","Wayne County",5,2,397,197,200
050,54,099,"West Virginia","Wayne County",5,3,358,184,174
050,54,099,"West Virginia","Wayne County",5,4,396,210,186
050,54,099,"West Virginia","Wayne County",5,5,357,189,168
050,54,099,"West Virginia","Wayne County",5,6,391,215,176
050,54,099,"West Virginia","Wayne County",5,7,410,228,182
050,54,099,"West Virginia","Wayne County",5,8,453,235,218
050,54,099,"West Virginia","Wayne County",5,9,442,225,217
050,54,099,"West Virginia","Wayne County",5,10,447,219,228
050,54,099,"West Virginia","Wayne County",5,11,410,200,210
050,54,099,"West Virginia","Wayne County",5,12,402,195,207
050,54,099,"West Virginia","Wayne County",5,13,431,206,225
050,54,099,"West Virginia","Wayne County",5,14,478,243,235
050,54,099,"West Virginia","Wayne County",5,15,485,240,245
050,54,099,"West Virginia","Wayne County",5,16,505,255,250
050,54,099,"West Virginia","Wayne County",5,17,461,242,219
050,54,099,"West Virginia","Wayne County",5,18,401,212,189
050,54,099,"West Virginia","Wayne County",5,19,314,167,147
050,54,099,"West Virginia","Wayne County",5,20,352,170,182
050,54,099,"West Virginia","Wayne County",5,21,389,183,206
050,54,099,"West Virginia","Wayne County",5,22,430,218,212
050,54,099,"West Virginia","Wayne County",5,23,488,244,244
050,54,099,"West Virginia","Wayne County",5,24,444,231,213
050,54,099,"West Virginia","Wayne County",5,25,416,214,202
050,54,099,"West Virginia","Wayne County",5,26,444,230,214
050,54,099,"West Virginia","Wayne County",5,27,425,234,191
050,54,099,"West Virginia","Wayne County",5,28,433,248,185
050,54,099,"West Virginia","Wayne County",5,29,442,244,198
050,54,099,"West Virginia","Wayne County",5,30,437,227,210
050,54,099,"West Virginia","Wayne County",5,31,436,214,222
050,54,099,"West Virginia","Wayne County",5,32,511,257,254
050,54,099,"West Virginia","Wayne County",5,33,471,226,245
050,54,099,"West Virginia","Wayne County",5,34,436,224,212
050,54,099,"West Virginia","Wayne County",5,35,409,195,214
050,54,099,"West Virginia","Wayne County",5,36,371,170,201
050,54,099,"West Virginia","Wayne County",5,37,352,169,183
050,54,099,"West Virginia","Wayne County",5,38,344,170,174
050,54,099,"West Virginia","Wayne County",5,39,338,165,173
050,54,099,"West Virginia","Wayne County",5,40,429,192,237
050,54,099,"West Virginia","Wayne County",5,41,457,206,251
050,54,099,"West Virginia","Wayne County",5,42,431,208,223
050,54,099,"West Virginia","Wayne County",5,43,479,238,241
050,54,099,"West Virginia","Wayne County",5,44,483,240,243
050,54,099,"West Virginia","Wayne County",5,45,448,218,230
050,54,099,"West Virginia","Wayne County",5,46,434,213,221
050,54,099,"West Virginia","Wayne County",5,47,430,210,220
050,54,099,"West Virginia","Wayne County",5,48,480,229,251
050,54,099,"West Virginia","Wayne County",5,49,473,227,246
050,54,099,"West Virginia","Wayne County",5,50,497,232,265
050,54,099,"West Virginia","Wayne County",5,51,511,268,243
050,54,099,"West Virginia","Wayne County",5,52,545,289,256
050,54,099,"West Virginia","Wayne County",5,53,534,268,266
050,54,099,"West Virginia","Wayne County",5,54,558,278,280
050,54,099,"West Virginia","Wayne County",5,55,516,256,260
050,54,099,"West Virginia","Wayne County",5,56,501,239,262
050,54,099,"West Virginia","Wayne County",5,57,480,225,255
050,54,099,"West Virginia","Wayne County",5,58,502,254,248
050,54,099,"West Virginia","Wayne County",5,59,503,242,261
050,54,099,"West Virginia","Wayne County",5,60,533,252,281
050,54,099,"West Virginia","Wayne County",5,61,548,251,297
050,54,099,"West Virginia","Wayne County",5,62,538,243,295
050,54,099,"West Virginia","Wayne County",5,63,521,255,266
050,54,099,"West Virginia","Wayne County",5,64,537,267,270
050,54,099,"West Virginia","Wayne County",5,65,528,256,272
050,54,099,"West Virginia","Wayne County",5,66,533,261,272
050,54,099,"West Virginia","Wayne County",5,67,524,244,280
050,54,099,"West Virginia","Wayne County",5,68,515,256,259
050,54,099,"West Virginia","Wayne County",5,69,496,246,250
050,54,099,"West Virginia","Wayne County",5,70,490,233,257
050,54,099,"West Virginia","Wayne County",5,71,460,208,252
050,54,099,"West Virginia","Wayne County",5,72,461,221,240
050,54,099,"West Virginia","Wayne County",5,73,474,221,253
050,54,099,"West Virginia","Wayne County",5,74,434,205,229
050,54,099,"West Virginia","Wayne County",5,75,430,193,237
050,54,099,"West Virginia","Wayne County",5,76,476,206,270
050,54,099,"West Virginia","Wayne County",5,77,332,156,176
050,54,099,"West Virginia","Wayne County",5,78,308,144,164
050,54,099,"West Virginia","Wayne County",5,79,269,131,138
050,54,099,"West Virginia","Wayne County",5,80,253,125,128
050,54,099,"West Virginia","Wayne County",5,81,232,111,121
050,54,099,"West Virginia","Wayne County",5,82,207,91,116
050,54,099,"West Virginia","Wayne County",5,83,177,75,102
050,54,099,"West Virginia","Wayne County",5,84,174,72,102
050,54,099,"West Virginia","Wayne County",5,85,898,377,521
050,54,101,"West Virginia","Webster County",1,0,84,42,42
050,54,101,"West Virginia","Webster County",1,1,79,35,44
050,54,101,"West Virginia","Webster County",1,2,81,41,40
050,54,101,"West Virginia","Webster County",1,3,75,43,32
050,54,101,"West Virginia","Webster County",1,4,74,38,36
050,54,101,"West Virginia","Webster County",1,5,85,37,48
050,54,101,"West Virginia","Webster County",1,6,83,41,42
050,54,101,"West Virginia","Webster County",1,7,94,47,47
050,54,101,"West Virginia","Webster County",1,8,106,50,56
050,54,101,"West Virginia","Webster County",1,9,104,56,48
050,54,101,"West Virginia","Webster County",1,10,108,53,55
050,54,101,"West Virginia","Webster County",1,11,104,51,53
050,54,101,"West Virginia","Webster County",1,12,103,50,53
050,54,101,"West Virginia","Webster County",1,13,100,51,49
050,54,101,"West Virginia","Webster County",1,14,98,55,43
050,54,101,"West Virginia","Webster County",1,15,88,48,40
050,54,101,"West Virginia","Webster County",1,16,91,47,44
050,54,101,"West Virginia","Webster County",1,17,100,48,52
050,54,101,"West Virginia","Webster County",1,18,89,49,40
050,54,101,"West Virginia","Webster County",1,19,76,42,34
050,54,101,"West Virginia","Webster County",1,20,70,43,27
050,54,101,"West Virginia","Webster County",1,21,64,36,28
050,54,101,"West Virginia","Webster County",1,22,67,32,35
050,54,101,"West Virginia","Webster County",1,23,69,37,32
050,54,101,"West Virginia","Webster County",1,24,68,38,30
050,54,101,"West Virginia","Webster County",1,25,86,45,41
050,54,101,"West Virginia","Webster County",1,26,86,40,46
050,54,101,"West Virginia","Webster County",1,27,106,54,52
050,54,101,"West Virginia","Webster County",1,28,90,43,47
050,54,101,"West Virginia","Webster County",1,29,83,41,42
050,54,101,"West Virginia","Webster County",1,30,87,44,43
050,54,101,"West Virginia","Webster County",1,31,78,39,39
050,54,101,"West Virginia","Webster County",1,32,83,47,36
050,54,101,"West Virginia","Webster County",1,33,78,42,36
050,54,101,"West Virginia","Webster County",1,34,77,42,35
050,54,101,"West Virginia","Webster County",1,35,79,42,37
050,54,101,"West Virginia","Webster County",1,36,83,39,44
050,54,101,"West Virginia","Webster County",1,37,81,42,39
050,54,101,"West Virginia","Webster County",1,38,93,50,43
050,54,101,"West Virginia","Webster County",1,39,88,42,46
050,54,101,"West Virginia","Webster County",1,40,93,43,50
050,54,101,"West Virginia","Webster County",1,41,89,42,47
050,54,101,"West Virginia","Webster County",1,42,94,47,47
050,54,101,"West Virginia","Webster County",1,43,92,51,41
050,54,101,"West Virginia","Webster County",1,44,84,40,44
050,54,101,"West Virginia","Webster County",1,45,105,56,49
050,54,101,"West Virginia","Webster County",1,46,106,54,52
050,54,101,"West Virginia","Webster County",1,47,112,58,54
050,54,101,"West Virginia","Webster County",1,48,127,58,69
050,54,101,"West Virginia","Webster County",1,49,118,60,58
050,54,101,"West Virginia","Webster County",1,50,116,64,52
050,54,101,"West Virginia","Webster County",1,51,104,54,50
050,54,101,"West Virginia","Webster County",1,52,119,63,56
050,54,101,"West Virginia","Webster County",1,53,114,60,54
050,54,101,"West Virginia","Webster County",1,54,119,56,63
050,54,101,"West Virginia","Webster County",1,55,121,59,62
050,54,101,"West Virginia","Webster County",1,56,124,65,59
050,54,101,"West Virginia","Webster County",1,57,131,59,72
050,54,101,"West Virginia","Webster County",1,58,117,58,59
050,54,101,"West Virginia","Webster County",1,59,122,70,52
050,54,101,"West Virginia","Webster County",1,60,139,70,69
050,54,101,"West Virginia","Webster County",1,61,140,66,74
050,54,101,"West Virginia","Webster County",1,62,147,74,73
050,54,101,"West Virginia","Webster County",1,63,156,79,77
050,54,101,"West Virginia","Webster County",1,64,143,66,77
050,54,101,"West Virginia","Webster County",1,65,129,64,65
050,54,101,"West Virginia","Webster County",1,66,138,71,67
050,54,101,"West Virginia","Webster County",1,67,140,71,69
050,54,101,"West Virginia","Webster County",1,68,137,62,75
050,54,101,"West Virginia","Webster County",1,69,123,59,64
050,54,101,"West Virginia","Webster County",1,70,115,50,65
050,54,101,"West Virginia","Webster County",1,71,125,60,65
050,54,101,"West Virginia","Webster County",1,72,134,65,69
050,54,101,"West Virginia","Webster County",1,73,128,67,61
050,54,101,"West Virginia","Webster County",1,74,87,46,41
050,54,101,"West Virginia","Webster County",1,75,78,40,38
050,54,101,"West Virginia","Webster County",1,76,70,38,32
050,54,101,"West Virginia","Webster County",1,77,81,43,38
050,54,101,"West Virginia","Webster County",1,78,57,25,32
050,54,101,"West Virginia","Webster County",1,79,46,17,29
050,54,101,"West Virginia","Webster County",1,80,44,19,25
050,54,101,"West Virginia","Webster County",1,81,48,28,20
050,54,101,"West Virginia","Webster County",1,82,44,25,19
050,54,101,"West Virginia","Webster County",1,83,44,19,25
050,54,101,"West Virginia","Webster County",1,84,45,20,25
050,54,101,"West Virginia","Webster County",1,85,196,71,125
050,54,101,"West Virginia","Webster County",2,0,82,39,43
050,54,101,"West Virginia","Webster County",2,1,79,36,43
050,54,101,"West Virginia","Webster County",2,2,81,40,41
050,54,101,"West Virginia","Webster County",2,3,75,42,33
050,54,101,"West Virginia","Webster County",2,4,74,39,35
050,54,101,"West Virginia","Webster County",2,5,83,37,46
050,54,101,"West Virginia","Webster County",2,6,85,41,44
050,54,101,"West Virginia","Webster County",2,7,91,45,46
050,54,101,"West Virginia","Webster County",2,8,102,49,53
050,54,101,"West Virginia","Webster County",2,9,106,55,51
050,54,101,"West Virginia","Webster County",2,10,106,53,53
050,54,101,"West Virginia","Webster County",2,11,103,50,53
050,54,101,"West Virginia","Webster County",2,12,105,51,54
050,54,101,"West Virginia","Webster County",2,13,101,51,50
050,54,101,"West Virginia","Webster County",2,14,97,53,44
050,54,101,"West Virginia","Webster County",2,15,88,49,39
050,54,101,"West Virginia","Webster County",2,16,91,48,43
050,54,101,"West Virginia","Webster County",2,17,97,47,50
050,54,101,"West Virginia","Webster County",2,18,87,46,41
050,54,101,"West Virginia","Webster County",2,19,74,42,32
050,54,101,"West Virginia","Webster County",2,20,73,44,29
050,54,101,"West Virginia","Webster County",2,21,65,37,28
050,54,101,"West Virginia","Webster County",2,22,66,32,34
050,54,101,"West Virginia","Webster County",2,23,68,36,32
050,54,101,"West Virginia","Webster County",2,24,69,38,31
050,54,101,"West Virginia","Webster County",2,25,83,44,39
050,54,101,"West Virginia","Webster County",2,26,87,42,45
050,54,101,"West Virginia","Webster County",2,27,99,50,49
050,54,101,"West Virginia","Webster County",2,28,94,46,48
050,54,101,"West Virginia","Webster County",2,29,84,41,43
050,54,101,"West Virginia","Webster County",2,30,86,44,42
050,54,101,"West Virginia","Webster County",2,31,79,40,39
050,54,101,"West Virginia","Webster County",2,32,81,45,36
050,54,101,"West Virginia","Webster County",2,33,79,43,36
050,54,101,"West Virginia","Webster County",2,34,78,42,36
050,54,101,"West Virginia","Webster County",2,35,82,43,39
050,54,101,"West Virginia","Webster County",2,36,79,38,41
050,54,101,"West Virginia","Webster County",2,37,81,41,40
050,54,101,"West Virginia","Webster County",2,38,90,48,42
050,54,101,"West Virginia","Webster County",2,39,89,44,45
050,54,101,"West Virginia","Webster County",2,40,91,42,49
050,54,101,"West Virginia","Webster County",2,41,91,43,48
050,54,101,"West Virginia","Webster County",2,42,93,46,47
050,54,101,"West Virginia","Webster County",2,43,94,51,43
050,54,101,"West Virginia","Webster County",2,44,86,43,43
050,54,101,"West Virginia","Webster County",2,45,101,52,49
050,54,101,"West Virginia","Webster County",2,46,104,53,51
050,54,101,"West Virginia","Webster County",2,47,112,57,55
050,54,101,"West Virginia","Webster County",2,48,123,58,65
050,54,101,"West Virginia","Webster County",2,49,121,60,61
050,54,101,"West Virginia","Webster County",2,50,116,63,53
050,54,101,"West Virginia","Webster County",2,51,107,56,51
050,54,101,"West Virginia","Webster County",2,52,115,61,54
050,54,101,"West Virginia","Webster County",2,53,116,61,55
050,54,101,"West Virginia","Webster County",2,54,118,57,61
050,54,101,"West Virginia","Webster County",2,55,118,56,62
050,54,101,"West Virginia","Webster County",2,56,124,64,60
050,54,101,"West Virginia","Webster County",2,57,129,61,68
050,54,101,"West Virginia","Webster County",2,58,121,58,63
050,54,101,"West Virginia","Webster County",2,59,122,68,54
050,54,101,"West Virginia","Webster County",2,60,132,68,64
050,54,101,"West Virginia","Webster County",2,61,140,68,72
050,54,101,"West Virginia","Webster County",2,62,147,73,74
050,54,101,"West Virginia","Webster County",2,63,155,79,76
050,54,101,"West Virginia","Webster County",2,64,143,68,75
050,54,101,"West Virginia","Webster County",2,65,131,63,68
050,54,101,"West Virginia","Webster County",2,66,137,70,67
050,54,101,"West Virginia","Webster County",2,67,139,71,68
050,54,101,"West Virginia","Webster County",2,68,136,62,74
050,54,101,"West Virginia","Webster County",2,69,126,59,67
050,54,101,"West Virginia","Webster County",2,70,115,52,63
050,54,101,"West Virginia","Webster County",2,71,122,56,66
050,54,101,"West Virginia","Webster County",2,72,129,62,67
050,54,101,"West Virginia","Webster County",2,73,135,69,66
050,54,101,"West Virginia","Webster County",2,74,90,47,43
050,54,101,"West Virginia","Webster County",2,75,80,41,39
050,54,101,"West Virginia","Webster County",2,76,72,39,33
050,54,101,"West Virginia","Webster County",2,77,77,41,36
050,54,101,"West Virginia","Webster County",2,78,62,29,33
050,54,101,"West Virginia","Webster County",2,79,48,18,30
050,54,101,"West Virginia","Webster County",2,80,43,17,26
050,54,101,"West Virginia","Webster County",2,81,47,26,21
050,54,101,"West Virginia","Webster County",2,82,45,25,20
050,54,101,"West Virginia","Webster County",2,83,41,20,21
050,54,101,"West Virginia","Webster County",2,84,44,19,25
050,54,101,"West Virginia","Webster County",2,85,199,74,125
050,54,101,"West Virginia","Webster County",3,0,79,42,37
050,54,101,"West Virginia","Webster County",3,1,81,39,42
050,54,101,"West Virginia","Webster County",3,2,82,36,46
050,54,101,"West Virginia","Webster County",3,3,78,38,40
050,54,101,"West Virginia","Webster County",3,4,73,38,35
050,54,101,"West Virginia","Webster County",3,5,76,37,39
050,54,101,"West Virginia","Webster County",3,6,88,42,46
050,54,101,"West Virginia","Webster County",3,7,74,39,35
050,54,101,"West Virginia","Webster County",3,8,90,44,46
050,54,101,"West Virginia","Webster County",3,9,106,56,50
050,54,101,"West Virginia","Webster County",3,10,106,55,51
050,54,101,"West Virginia","Webster County",3,11,104,51,53
050,54,101,"West Virginia","Webster County",3,12,104,50,54
050,54,101,"West Virginia","Webster County",3,13,104,49,55
050,54,101,"West Virginia","Webster County",3,14,99,50,49
050,54,101,"West Virginia","Webster County",3,15,95,51,44
050,54,101,"West Virginia","Webster County",3,16,87,51,36
050,54,101,"West Virginia","Webster County",3,17,91,48,43
050,54,101,"West Virginia","Webster County",3,18,82,41,41
050,54,101,"West Virginia","Webster County",3,19,66,35,31
050,54,101,"West Virginia","Webster County",3,20,84,46,38
050,54,101,"West Virginia","Webster County",3,21,80,47,33
050,54,101,"West Virginia","Webster County",3,22,67,39,28
050,54,101,"West Virginia","Webster County",3,23,68,28,40
050,54,101,"West Virginia","Webster County",3,24,76,35,41
050,54,101,"West Virginia","Webster County",3,25,76,45,31
050,54,101,"West Virginia","Webster County",3,26,81,42,39
050,54,101,"West Virginia","Webster County",3,27,83,43,40
050,54,101,"West Virginia","Webster County",3,28,92,47,45
050,54,101,"West Virginia","Webster County",3,29,94,46,48
050,54,101,"West Virginia","Webster County",3,30,81,42,39
050,54,101,"West Virginia","Webster County",3,31,85,44,41
050,54,101,"West Virginia","Webster County",3,32,71,35,36
050,54,101,"West Virginia","Webster County",3,33,78,43,35
050,54,101,"West Virginia","Webster County",3,34,80,40,40
050,54,101,"West Virginia","Webster County",3,35,73,39,34
050,54,101,"West Virginia","Webster County",3,36,76,39,37
050,54,101,"West Virginia","Webster County",3,37,73,33,40
050,54,101,"West Virginia","Webster County",3,38,85,45,40
050,54,101,"West Virginia","Webster County",3,39,87,46,41
050,54,101,"West Virginia","Webster County",3,40,85,43,42
050,54,101,"West Virginia","Webster County",3,41,89,40,49
050,54,101,"West Virginia","Webster County",3,42,95,44,51
050,54,101,"West Virginia","Webster County",3,43,96,48,48
050,54,101,"West Virginia","Webster County",3,44,93,50,43
050,54,101,"West Virginia","Webster County",3,45,91,46,45
050,54,101,"West Virginia","Webster County",3,46,105,53,52
050,54,101,"West Virginia","Webster County",3,47,106,54,52
050,54,101,"West Virginia","Webster County",3,48,115,59,56
050,54,101,"West Virginia","Webster County",3,49,126,57,69
050,54,101,"West Virginia","Webster County",3,50,128,63,65
050,54,101,"West Virginia","Webster County",3,51,112,61,51
050,54,101,"West Virginia","Webster County",3,52,99,55,44
050,54,101,"West Virginia","Webster County",3,53,118,63,55
050,54,101,"West Virginia","Webster County",3,54,119,61,58
050,54,101,"West Virginia","Webster County",3,55,118,57,61
050,54,101,"West Virginia","Webster County",3,56,115,56,59
050,54,101,"West Virginia","Webster County",3,57,124,66,58
050,54,101,"West Virginia","Webster County",3,58,128,60,68
050,54,101,"West Virginia","Webster County",3,59,119,57,62
050,54,101,"West Virginia","Webster County",3,60,124,67,57
050,54,101,"West Virginia","Webster County",3,61,135,69,66
050,54,101,"West Virginia","Webster County",3,62,139,69,70
050,54,101,"West Virginia","Webster County",3,63,143,74,69
050,54,101,"West Virginia","Webster County",3,64,149,73,76
050,54,101,"West Virginia","Webster County",3,65,145,67,78
050,54,101,"West Virginia","Webster County",3,66,134,64,70
050,54,101,"West Virginia","Webster County",3,67,135,72,63
050,54,101,"West Virginia","Webster County",3,68,137,70,67
050,54,101,"West Virginia","Webster County",3,69,129,63,66
050,54,101,"West Virginia","Webster County",3,70,122,55,67
050,54,101,"West Virginia","Webster County",3,71,117,52,65
050,54,101,"West Virginia","Webster County",3,72,109,49,60
050,54,101,"West Virginia","Webster County",3,73,124,59,65
050,54,101,"West Virginia","Webster County",3,74,128,67,61
050,54,101,"West Virginia","Webster County",3,75,83,41,42
050,54,101,"West Virginia","Webster County",3,76,77,39,38
050,54,101,"West Virginia","Webster County",3,77,64,35,29
050,54,101,"West Virginia","Webster County",3,78,72,37,35
050,54,101,"West Virginia","Webster County",3,79,58,28,30
050,54,101,"West Virginia","Webster County",3,80,38,13,25
050,54,101,"West Virginia","Webster County",3,81,40,15,25
050,54,101,"West Virginia","Webster County",3,82,46,25,21
050,54,101,"West Virginia","Webster County",3,83,40,24,16
050,54,101,"West Virginia","Webster County",3,84,40,17,23
050,54,101,"West Virginia","Webster County",3,85,207,79,128
050,54,101,"West Virginia","Webster County",4,0,78,43,35
050,54,101,"West Virginia","Webster County",4,1,75,38,37
050,54,101,"West Virginia","Webster County",4,2,80,40,40
050,54,101,"West Virginia","Webster County",4,3,79,34,45
050,54,101,"West Virginia","Webster County",4,4,77,36,41
050,54,101,"West Virginia","Webster County",4,5,77,42,35
050,54,101,"West Virginia","Webster County",4,6,75,37,38
050,54,101,"West Virginia","Webster County",4,7,88,44,44
050,54,101,"West Virginia","Webster County",4,8,73,39,34
050,54,101,"West Virginia","Webster County",4,9,89,43,46
050,54,101,"West Virginia","Webster County",4,10,105,55,50
050,54,101,"West Virginia","Webster County",4,11,110,59,51
050,54,101,"West Virginia","Webster County",4,12,103,49,54
050,54,101,"West Virginia","Webster County",4,13,111,54,57
050,54,101,"West Virginia","Webster County",4,14,103,48,55
050,54,101,"West Virginia","Webster County",4,15,96,51,45
050,54,101,"West Virginia","Webster County",4,16,99,51,48
050,54,101,"West Virginia","Webster County",4,17,85,49,36
050,54,101,"West Virginia","Webster County",4,18,77,40,37
050,54,101,"West Virginia","Webster County",4,19,62,32,30
050,54,101,"West Virginia","Webster County",4,20,66,33,33
050,54,101,"West Virginia","Webster County",4,21,80,45,35
050,54,101,"West Virginia","Webster County",4,22,76,50,26
050,54,101,"West Virginia","Webster County",4,23,71,40,31
050,54,101,"West Virginia","Webster County",4,24,67,26,41
050,54,101,"West Virginia","Webster County",4,25,68,29,39
050,54,101,"West Virginia","Webster County",4,26,75,46,29
050,54,101,"West Virginia","Webster County",4,27,82,41,41
050,54,101,"West Virginia","Webster County",4,28,79,38,41
050,54,101,"West Virginia","Webster County",4,29,93,47,46
050,54,101,"West Virginia","Webster County",4,30,96,48,48
050,54,101,"West Virginia","Webster County",4,31,89,49,40
050,54,101,"West Virginia","Webster County",4,32,85,44,41
050,54,101,"West Virginia","Webster County",4,33,71,36,35
050,54,101,"West Virginia","Webster County",4,34,73,42,31
050,54,101,"West Virginia","Webster County",4,35,75,36,39
050,54,101,"West Virginia","Webster County",4,36,68,36,32
050,54,101,"West Virginia","Webster County",4,37,76,40,36
050,54,101,"West Virginia","Webster County",4,38,73,33,40
050,54,101,"West Virginia","Webster County",4,39,82,42,40
050,54,101,"West Virginia","Webster County",4,40,90,47,43
050,54,101,"West Virginia","Webster County",4,41,86,45,41
050,54,101,"West Virginia","Webster County",4,42,90,41,49
050,54,101,"West Virginia","Webster County",4,43,96,41,55
050,54,101,"West Virginia","Webster County",4,44,93,48,45
050,54,101,"West Virginia","Webster County",4,45,92,53,39
050,54,101,"West Virginia","Webster County",4,46,91,47,44
050,54,101,"West Virginia","Webster County",4,47,105,53,52
050,54,101,"West Virginia","Webster County",4,48,109,55,54
050,54,101,"West Virginia","Webster County",4,49,106,50,56
050,54,101,"West Virginia","Webster County",4,50,121,57,64
050,54,101,"West Virginia","Webster County",4,51,127,64,63
050,54,101,"West Virginia","Webster County",4,52,107,58,49
050,54,101,"West Virginia","Webster County",4,53,103,58,45
050,54,101,"West Virginia","Webster County",4,54,120,66,54
050,54,101,"West Virginia","Webster County",4,55,117,60,57
050,54,101,"West Virginia","Webster County",4,56,116,57,59
050,54,101,"West Virginia","Webster County",4,57,113,54,59
050,54,101,"West Virginia","Webster County",4,58,119,62,57
050,54,101,"West Virginia","Webster County",4,59,129,63,66
050,54,101,"West Virginia","Webster County",4,60,120,59,61
050,54,101,"West Virginia","Webster County",4,61,126,68,58
050,54,101,"West Virginia","Webster County",4,62,131,69,62
050,54,101,"West Virginia","Webster County",4,63,128,62,66
050,54,101,"West Virginia","Webster County",4,64,141,71,70
050,54,101,"West Virginia","Webster County",4,65,148,73,75
050,54,101,"West Virginia","Webster County",4,66,142,67,75
050,54,101,"West Virginia","Webster County",4,67,127,62,65
050,54,101,"West Virginia","Webster County",4,68,134,70,64
050,54,101,"West Virginia","Webster County",4,69,131,69,62
050,54,101,"West Virginia","Webster County",4,70,123,58,65
050,54,101,"West Virginia","Webster County",4,71,119,53,66
050,54,101,"West Virginia","Webster County",4,72,109,50,59
050,54,101,"West Virginia","Webster County",4,73,106,48,58
050,54,101,"West Virginia","Webster County",4,74,118,57,61
050,54,101,"West Virginia","Webster County",4,75,122,62,60
050,54,101,"West Virginia","Webster County",4,76,85,42,43
050,54,101,"West Virginia","Webster County",4,77,72,37,35
050,54,101,"West Virginia","Webster County",4,78,59,32,27
050,54,101,"West Virginia","Webster County",4,79,71,35,36
050,54,101,"West Virginia","Webster County",4,80,52,27,25
050,54,101,"West Virginia","Webster County",4,81,34,11,23
050,54,101,"West Virginia","Webster County",4,82,41,15,26
050,54,101,"West Virginia","Webster County",4,83,39,22,17
050,54,101,"West Virginia","Webster County",4,84,38,19,19
050,54,101,"West Virginia","Webster County",4,85,208,74,134
050,54,101,"West Virginia","Webster County",5,0,77,43,34
050,54,101,"West Virginia","Webster County",5,1,71,45,26
050,54,101,"West Virginia","Webster County",5,2,74,38,36
050,54,101,"West Virginia","Webster County",5,3,86,45,41
050,54,101,"West Virginia","Webster County",5,4,80,31,49
050,54,101,"West Virginia","Webster County",5,5,79,40,39
050,54,101,"West Virginia","Webster County",5,6,75,39,36
050,54,101,"West Virginia","Webster County",5,7,78,40,38
050,54,101,"West Virginia","Webster County",5,8,96,48,48
050,54,101,"West Virginia","Webster County",5,9,74,40,34
050,54,101,"West Virginia","Webster County",5,10,95,48,47
050,54,101,"West Virginia","Webster County",5,11,100,51,49
050,54,101,"West Virginia","Webster County",5,12,107,59,48
050,54,101,"West Virginia","Webster County",5,13,99,47,52
050,54,101,"West Virginia","Webster County",5,14,108,51,57
050,54,101,"West Virginia","Webster County",5,15,102,48,54
050,54,101,"West Virginia","Webster County",5,16,93,51,42
050,54,101,"West Virginia","Webster County",5,17,95,50,45
050,54,101,"West Virginia","Webster County",5,18,71,44,27
050,54,101,"West Virginia","Webster County",5,19,57,31,26
050,54,101,"West Virginia","Webster County",5,20,71,35,36
050,54,101,"West Virginia","Webster County",5,21,67,35,32
050,54,101,"West Virginia","Webster County",5,22,82,45,37
050,54,101,"West Virginia","Webster County",5,23,82,52,30
050,54,101,"West Virginia","Webster County",5,24,60,35,25
050,54,101,"West Virginia","Webster County",5,25,55,23,32
050,54,101,"West Virginia","Webster County",5,26,76,36,40
050,54,101,"West Virginia","Webster County",5,27,75,45,30
050,54,101,"West Virginia","Webster County",5,28,83,44,39
050,54,101,"West Virginia","Webster County",5,29,78,37,41
050,54,101,"West Virginia","Webster County",5,30,92,47,45
050,54,101,"West Virginia","Webster County",5,31,96,49,47
050,54,101,"West Virginia","Webster County",5,32,88,50,38
050,54,101,"West Virginia","Webster County",5,33,84,41,43
050,54,101,"West Virginia","Webster County",5,34,68,36,32
050,54,101,"West Virginia","Webster County",5,35,79,46,33
050,54,101,"West Virginia","Webster County",5,36,70,32,38
050,54,101,"West Virginia","Webster County",5,37,68,36,32
050,54,101,"West Virginia","Webster County",5,38,66,32,34
050,54,101,"West Virginia","Webster County",5,39,71,32,39
050,54,101,"West Virginia","Webster County",5,40,86,42,44
050,54,101,"West Virginia","Webster County",5,41,90,46,44
050,54,101,"West Virginia","Webster County",5,42,83,41,42
050,54,101,"West Virginia","Webster County",5,43,87,39,48
050,54,101,"West Virginia","Webster County",5,44,95,40,55
050,54,101,"West Virginia","Webster County",5,45,94,49,45
050,54,101,"West Virginia","Webster County",5,46,89,51,38
050,54,101,"West Virginia","Webster County",5,47,91,47,44
050,54,101,"West Virginia","Webster County",5,48,109,56,53
050,54,101,"West Virginia","Webster County",5,49,107,55,52
050,54,101,"West Virginia","Webster County",5,50,107,51,56
050,54,101,"West Virginia","Webster County",5,51,118,55,63
050,54,101,"West Virginia","Webster County",5,52,128,64,64
050,54,101,"West Virginia","Webster County",5,53,108,59,49
050,54,101,"West Virginia","Webster County",5,54,104,58,46
050,54,101,"West Virginia","Webster County",5,55,118,65,53
050,54,101,"West Virginia","Webster County",5,56,112,58,54
050,54,101,"West Virginia","Webster County",5,57,119,60,59
050,54,101,"West Virginia","Webster County",5,58,108,51,57
050,54,101,"West Virginia","Webster County",5,59,125,67,58
050,54,101,"West Virginia","Webster County",5,60,128,65,63
050,54,101,"West Virginia","Webster County",5,61,123,59,64
050,54,101,"West Virginia","Webster County",5,62,125,69,56
050,54,101,"West Virginia","Webster County",5,63,127,65,62
050,54,101,"West Virginia","Webster County",5,64,119,59,60
050,54,101,"West Virginia","Webster County",5,65,137,70,67
050,54,101,"West Virginia","Webster County",5,66,147,74,73
050,54,101,"West Virginia","Webster County",5,67,137,66,71
050,54,101,"West Virginia","Webster County",5,68,122,58,64
050,54,101,"West Virginia","Webster County",5,69,133,69,64
050,54,101,"West Virginia","Webster County",5,70,127,67,60
050,54,101,"West Virginia","Webster County",5,71,126,59,67
050,54,101,"West Virginia","Webster County",5,72,111,52,59
050,54,101,"West Virginia","Webster County",5,73,103,46,57
050,54,101,"West Virginia","Webster County",5,74,102,46,56
050,54,101,"West Virginia","Webster County",5,75,114,53,61
050,54,101,"West Virginia","Webster County",5,76,121,62,59
050,54,101,"West Virginia","Webster County",5,77,78,40,38
050,54,101,"West Virginia","Webster County",5,78,68,35,33
050,54,101,"West Virginia","Webster County",5,79,57,30,27
050,54,101,"West Virginia","Webster County",5,80,64,33,31
050,54,101,"West Virginia","Webster County",5,81,48,25,23
050,54,101,"West Virginia","Webster County",5,82,34,12,22
050,54,101,"West Virginia","Webster County",5,83,36,12,24
050,54,101,"West Virginia","Webster County",5,84,36,17,19
050,54,101,"West Virginia","Webster County",5,85,216,76,140
050,54,103,"West Virginia","Wetzel County",1,0,158,81,77
050,54,103,"West Virginia","Wetzel County",1,1,158,76,82
050,54,103,"West Virginia","Wetzel County",1,2,154,80,74
050,54,103,"West Virginia","Wetzel County",1,3,143,81,62
050,54,103,"West Virginia","Wetzel County",1,4,178,96,82
050,54,103,"West Virginia","Wetzel County",1,5,161,79,82
050,54,103,"West Virginia","Wetzel County",1,6,153,82,71
050,54,103,"West Virginia","Wetzel County",1,7,154,80,74
050,54,103,"West Virginia","Wetzel County",1,8,162,85,77
050,54,103,"West Virginia","Wetzel County",1,9,176,91,85
050,54,103,"West Virginia","Wetzel County",1,10,152,77,75
050,54,103,"West Virginia","Wetzel County",1,11,148,76,72
050,54,103,"West Virginia","Wetzel County",1,12,169,94,75
050,54,103,"West Virginia","Wetzel County",1,13,172,92,80
050,54,103,"West Virginia","Wetzel County",1,14,189,100,89
050,54,103,"West Virginia","Wetzel County",1,15,180,88,92
050,54,103,"West Virginia","Wetzel County",1,16,183,89,94
050,54,103,"West Virginia","Wetzel County",1,17,165,82,83
050,54,103,"West Virginia","Wetzel County",1,18,151,81,70
050,54,103,"West Virginia","Wetzel County",1,19,132,75,57
050,54,103,"West Virginia","Wetzel County",1,20,136,72,64
050,54,103,"West Virginia","Wetzel County",1,21,158,85,73
050,54,103,"West Virginia","Wetzel County",1,22,179,91,88
050,54,103,"West Virginia","Wetzel County",1,23,164,84,80
050,54,103,"West Virginia","Wetzel County",1,24,156,77,79
050,54,103,"West Virginia","Wetzel County",1,25,163,88,75
050,54,103,"West Virginia","Wetzel County",1,26,171,86,85
050,54,103,"West Virginia","Wetzel County",1,27,157,78,79
050,54,103,"West Virginia","Wetzel County",1,28,164,85,79
050,54,103,"West Virginia","Wetzel County",1,29,175,91,84
050,54,103,"West Virginia","Wetzel County",1,30,153,84,69
050,54,103,"West Virginia","Wetzel County",1,31,144,74,70
050,54,103,"West Virginia","Wetzel County",1,32,137,73,64
050,54,103,"West Virginia","Wetzel County",1,33,132,69,63
050,54,103,"West Virginia","Wetzel County",1,34,127,62,65
050,54,103,"West Virginia","Wetzel County",1,35,127,68,59
050,54,103,"West Virginia","Wetzel County",1,36,149,88,61
050,54,103,"West Virginia","Wetzel County",1,37,157,85,72
050,54,103,"West Virginia","Wetzel County",1,38,159,76,83
050,54,103,"West Virginia","Wetzel County",1,39,171,77,94
050,54,103,"West Virginia","Wetzel County",1,40,162,78,84
050,54,103,"West Virginia","Wetzel County",1,41,141,63,78
050,54,103,"West Virginia","Wetzel County",1,42,153,73,80
050,54,103,"West Virginia","Wetzel County",1,43,147,71,76
050,54,103,"West Virginia","Wetzel County",1,44,155,77,78
050,54,103,"West Virginia","Wetzel County",1,45,157,76,81
050,54,103,"West Virginia","Wetzel County",1,46,170,83,87
050,54,103,"West Virginia","Wetzel County",1,47,169,86,83
050,54,103,"West Virginia","Wetzel County",1,48,188,92,96
050,54,103,"West Virginia","Wetzel County",1,49,222,114,108
050,54,103,"West Virginia","Wetzel County",1,50,232,110,122
050,54,103,"West Virginia","Wetzel County",1,51,212,102,110
050,54,103,"West Virginia","Wetzel County",1,52,190,103,87
050,54,103,"West Virginia","Wetzel County",1,53,191,105,86
050,54,103,"West Virginia","Wetzel County",1,54,198,100,98
050,54,103,"West Virginia","Wetzel County",1,55,193,83,110
050,54,103,"West Virginia","Wetzel County",1,56,214,104,110
050,54,103,"West Virginia","Wetzel County",1,57,228,114,114
050,54,103,"West Virginia","Wetzel County",1,58,232,115,117
050,54,103,"West Virginia","Wetzel County",1,59,241,128,113
050,54,103,"West Virginia","Wetzel County",1,60,224,116,108
050,54,103,"West Virginia","Wetzel County",1,61,227,116,111
050,54,103,"West Virginia","Wetzel County",1,62,228,121,107
050,54,103,"West Virginia","Wetzel County",1,63,215,103,112
050,54,103,"West Virginia","Wetzel County",1,64,191,88,103
050,54,103,"West Virginia","Wetzel County",1,65,190,85,105
050,54,103,"West Virginia","Wetzel County",1,66,198,93,105
050,54,103,"West Virginia","Wetzel County",1,67,181,88,93
050,54,103,"West Virginia","Wetzel County",1,68,187,99,88
050,54,103,"West Virginia","Wetzel County",1,69,202,106,96
050,54,103,"West Virginia","Wetzel County",1,70,183,87,96
050,54,103,"West Virginia","Wetzel County",1,71,173,88,85
050,54,103,"West Virginia","Wetzel County",1,72,175,96,79
050,54,103,"West Virginia","Wetzel County",1,73,193,95,98
050,54,103,"West Virginia","Wetzel County",1,74,140,56,84
050,54,103,"West Virginia","Wetzel County",1,75,126,57,69
050,54,103,"West Virginia","Wetzel County",1,76,133,55,78
050,54,103,"West Virginia","Wetzel County",1,77,132,47,85
050,54,103,"West Virginia","Wetzel County",1,78,128,50,78
050,54,103,"West Virginia","Wetzel County",1,79,116,45,71
050,54,103,"West Virginia","Wetzel County",1,80,98,43,55
050,54,103,"West Virginia","Wetzel County",1,81,96,47,49
050,54,103,"West Virginia","Wetzel County",1,82,96,47,49
050,54,103,"West Virginia","Wetzel County",1,83,73,32,41
050,54,103,"West Virginia","Wetzel County",1,84,77,39,38
050,54,103,"West Virginia","Wetzel County",1,85,359,133,226
050,54,103,"West Virginia","Wetzel County",2,0,154,78,76
050,54,103,"West Virginia","Wetzel County",2,1,158,77,81
050,54,103,"West Virginia","Wetzel County",2,2,155,80,75
050,54,103,"West Virginia","Wetzel County",2,3,147,82,65
050,54,103,"West Virginia","Wetzel County",2,4,171,93,78
050,54,103,"West Virginia","Wetzel County",2,5,165,84,81
050,54,103,"West Virginia","Wetzel County",2,6,157,83,74
050,54,103,"West Virginia","Wetzel County",2,7,153,80,73
050,54,103,"West Virginia","Wetzel County",2,8,160,84,76
050,54,103,"West Virginia","Wetzel County",2,9,171,89,82
050,54,103,"West Virginia","Wetzel County",2,10,158,81,77
050,54,103,"West Virginia","Wetzel County",2,11,149,77,72
050,54,103,"West Virginia","Wetzel County",2,12,163,90,73
050,54,103,"West Virginia","Wetzel County",2,13,169,91,78
050,54,103,"West Virginia","Wetzel County",2,14,186,99,87
050,54,103,"West Virginia","Wetzel County",2,15,181,90,91
050,54,103,"West Virginia","Wetzel County",2,16,182,89,93
050,54,103,"West Virginia","Wetzel County",2,17,169,83,86
050,54,103,"West Virginia","Wetzel County",2,18,148,79,69
050,54,103,"West Virginia","Wetzel County",2,19,128,72,56
050,54,103,"West Virginia","Wetzel County",2,20,140,75,65
050,54,103,"West Virginia","Wetzel County",2,21,155,83,72
050,54,103,"West Virginia","Wetzel County",2,22,176,91,85
050,54,103,"West Virginia","Wetzel County",2,23,168,85,83
050,54,103,"West Virginia","Wetzel County",2,24,156,79,77
050,54,103,"West Virginia","Wetzel County",2,25,161,85,76
050,54,103,"West Virginia","Wetzel County",2,26,168,86,82
050,54,103,"West Virginia","Wetzel County",2,27,160,80,80
050,54,103,"West Virginia","Wetzel County",2,28,162,82,80
050,54,103,"West Virginia","Wetzel County",2,29,172,90,82
050,54,103,"West Virginia","Wetzel County",2,30,159,86,73
050,54,103,"West Virginia","Wetzel County",2,31,144,75,69
050,54,103,"West Virginia","Wetzel County",2,32,136,72,64
050,54,103,"West Virginia","Wetzel County",2,33,133,70,63
050,54,103,"West Virginia","Wetzel County",2,34,126,63,63
050,54,103,"West Virginia","Wetzel County",2,35,127,67,60
050,54,103,"West Virginia","Wetzel County",2,36,140,81,59
050,54,103,"West Virginia","Wetzel County",2,37,156,86,70
050,54,103,"West Virginia","Wetzel County",2,38,158,78,80
050,54,103,"West Virginia","Wetzel County",2,39,167,77,90
050,54,103,"West Virginia","Wetzel County",2,40,165,77,88
050,54,103,"West Virginia","Wetzel County",2,41,145,66,79
050,54,103,"West Virginia","Wetzel County",2,42,149,70,79
050,54,103,"West Virginia","Wetzel County",2,43,150,73,77
050,54,103,"West Virginia","Wetzel County",2,44,151,74,77
050,54,103,"West Virginia","Wetzel County",2,45,155,75,80
050,54,103,"West Virginia","Wetzel County",2,46,167,81,86
050,54,103,"West Virginia","Wetzel County",2,47,168,85,83
050,54,103,"West Virginia","Wetzel County",2,48,182,90,92
050,54,103,"West Virginia","Wetzel County",2,49,216,110,106
050,54,103,"West Virginia","Wetzel County",2,50,230,110,120
050,54,103,"West Virginia","Wetzel County",2,51,216,103,113
050,54,103,"West Virginia","Wetzel County",2,52,194,102,92
050,54,103,"West Virginia","Wetzel County",2,53,192,105,87
050,54,103,"West Virginia","Wetzel County",2,54,192,99,93
050,54,103,"West Virginia","Wetzel County",2,55,194,88,106
050,54,103,"West Virginia","Wetzel County",2,56,210,100,110
050,54,103,"West Virginia","Wetzel County",2,57,227,112,115
050,54,103,"West Virginia","Wetzel County",2,58,231,116,115
050,54,103,"West Virginia","Wetzel County",2,59,238,124,114
050,54,103,"West Virginia","Wetzel County",2,60,228,119,109
050,54,103,"West Virginia","Wetzel County",2,61,224,115,109
050,54,103,"West Virginia","Wetzel County",2,62,226,119,107
050,54,103,"West Virginia","Wetzel County",2,63,216,106,110
050,54,103,"West Virginia","Wetzel County",2,64,196,91,105
050,54,103,"West Virginia","Wetzel County",2,65,190,86,104
050,54,103,"West Virginia","Wetzel County",2,66,195,92,103
050,54,103,"West Virginia","Wetzel County",2,67,180,89,91
050,54,103,"West Virginia","Wetzel County",2,68,183,95,88
050,54,103,"West Virginia","Wetzel County",2,69,194,100,94
050,54,103,"West Virginia","Wetzel County",2,70,188,92,96
050,54,103,"West Virginia","Wetzel County",2,71,175,89,86
050,54,103,"West Virginia","Wetzel County",2,72,171,92,79
050,54,103,"West Virginia","Wetzel County",2,73,197,101,96
050,54,103,"West Virginia","Wetzel County",2,74,143,61,82
050,54,103,"West Virginia","Wetzel County",2,75,129,56,73
050,54,103,"West Virginia","Wetzel County",2,76,128,55,73
050,54,103,"West Virginia","Wetzel County",2,77,136,50,86
050,54,103,"West Virginia","Wetzel County",2,78,126,48,78
050,54,103,"West Virginia","Wetzel County",2,79,119,46,73
050,54,103,"West Virginia","Wetzel County",2,80,99,42,57
050,54,103,"West Virginia","Wetzel County",2,81,95,46,49
050,54,103,"West Virginia","Wetzel County",2,82,97,47,50
050,54,103,"West Virginia","Wetzel County",2,83,76,33,43
050,54,103,"West Virginia","Wetzel County",2,84,73,36,37
050,54,103,"West Virginia","Wetzel County",2,85,361,138,223
050,54,103,"West Virginia","Wetzel County",3,0,146,79,67
050,54,103,"West Virginia","Wetzel County",3,1,148,75,73
050,54,103,"West Virginia","Wetzel County",3,2,159,76,83
050,54,103,"West Virginia","Wetzel County",3,3,164,84,80
050,54,103,"West Virginia","Wetzel County",3,4,142,82,60
050,54,103,"West Virginia","Wetzel County",3,5,161,90,71
050,54,103,"West Virginia","Wetzel County",3,6,167,82,85
050,54,103,"West Virginia","Wetzel County",3,7,150,78,72
050,54,103,"West Virginia","Wetzel County",3,8,154,78,76
050,54,103,"West Virginia","Wetzel County",3,9,154,79,75
050,54,103,"West Virginia","Wetzel County",3,10,182,92,90
050,54,103,"West Virginia","Wetzel County",3,11,165,86,79
050,54,103,"West Virginia","Wetzel County",3,12,149,75,74
050,54,103,"West Virginia","Wetzel County",3,13,161,87,74
050,54,103,"West Virginia","Wetzel County",3,14,177,93,84
050,54,103,"West Virginia","Wetzel County",3,15,178,94,84
050,54,103,"West Virginia","Wetzel County",3,16,181,89,92
050,54,103,"West Virginia","Wetzel County",3,17,178,86,92
050,54,103,"West Virginia","Wetzel County",3,18,144,73,71
050,54,103,"West Virginia","Wetzel County",3,19,111,59,52
050,54,103,"West Virginia","Wetzel County",3,20,142,75,67
050,54,103,"West Virginia","Wetzel County",3,21,140,76,64
050,54,103,"West Virginia","Wetzel County",3,22,152,82,70
050,54,103,"West Virginia","Wetzel County",3,23,167,85,82
050,54,103,"West Virginia","Wetzel County",3,24,161,85,76
050,54,103,"West Virginia","Wetzel County",3,25,156,79,77
050,54,103,"West Virginia","Wetzel County",3,26,161,82,79
050,54,103,"West Virginia","Wetzel County",3,27,151,79,72
050,54,103,"West Virginia","Wetzel County",3,28,168,86,82
050,54,103,"West Virginia","Wetzel County",3,29,172,84,88
050,54,103,"West Virginia","Wetzel County",3,30,165,86,79
050,54,103,"West Virginia","Wetzel County",3,31,157,84,73
050,54,103,"West Virginia","Wetzel County",3,32,142,72,70
050,54,103,"West Virginia","Wetzel County",3,33,133,71,62
050,54,103,"West Virginia","Wetzel County",3,34,133,67,66
050,54,103,"West Virginia","Wetzel County",3,35,124,60,64
050,54,103,"West Virginia","Wetzel County",3,36,130,69,61
050,54,103,"West Virginia","Wetzel County",3,37,145,84,61
050,54,103,"West Virginia","Wetzel County",3,38,151,87,64
050,54,103,"West Virginia","Wetzel County",3,39,156,79,77
050,54,103,"West Virginia","Wetzel County",3,40,167,78,89
050,54,103,"West Virginia","Wetzel County",3,41,173,82,91
050,54,103,"West Virginia","Wetzel County",3,42,143,69,74
050,54,103,"West Virginia","Wetzel County",3,43,150,70,80
050,54,103,"West Virginia","Wetzel County",3,44,152,75,77
050,54,103,"West Virginia","Wetzel County",3,45,149,72,77
050,54,103,"West Virginia","Wetzel County",3,46,156,73,83
050,54,103,"West Virginia","Wetzel County",3,47,167,80,87
050,54,103,"West Virginia","Wetzel County",3,48,171,88,83
050,54,103,"West Virginia","Wetzel County",3,49,185,90,95
050,54,103,"West Virginia","Wetzel County",3,50,213,111,102
050,54,103,"West Virginia","Wetzel County",3,51,221,104,117
050,54,103,"West Virginia","Wetzel County",3,52,207,102,105
050,54,103,"West Virginia","Wetzel County",3,53,187,97,90
050,54,103,"West Virginia","Wetzel County",3,54,187,99,88
050,54,103,"West Virginia","Wetzel County",3,55,195,102,93
050,54,103,"West Virginia","Wetzel County",3,56,191,84,107
050,54,103,"West Virginia","Wetzel County",3,57,213,106,107
050,54,103,"West Virginia","Wetzel County",3,58,218,107,111
050,54,103,"West Virginia","Wetzel County",3,59,229,114,115
050,54,103,"West Virginia","Wetzel County",3,60,233,123,110
050,54,103,"West Virginia","Wetzel County",3,61,225,114,111
050,54,103,"West Virginia","Wetzel County",3,62,216,111,105
050,54,103,"West Virginia","Wetzel County",3,63,230,118,112
050,54,103,"West Virginia","Wetzel County",3,64,210,105,105
050,54,103,"West Virginia","Wetzel County",3,65,191,87,104
050,54,103,"West Virginia","Wetzel County",3,66,192,86,106
050,54,103,"West Virginia","Wetzel County",3,67,192,91,101
050,54,103,"West Virginia","Wetzel County",3,68,176,88,88
050,54,103,"West Virginia","Wetzel County",3,69,177,90,87
050,54,103,"West Virginia","Wetzel County",3,70,184,94,90
050,54,103,"West Virginia","Wetzel County",3,71,181,92,89
050,54,103,"West Virginia","Wetzel County",3,72,168,84,84
050,54,103,"West Virginia","Wetzel County",3,73,161,86,75
050,54,103,"West Virginia","Wetzel County",3,74,189,98,91
050,54,103,"West Virginia","Wetzel County",3,75,135,57,78
050,54,103,"West Virginia","Wetzel County",3,76,119,54,65
050,54,103,"West Virginia","Wetzel County",3,77,123,53,70
050,54,103,"West Virginia","Wetzel County",3,78,128,53,75
050,54,103,"West Virginia","Wetzel County",3,79,120,42,78
050,54,103,"West Virginia","Wetzel County",3,80,112,46,66
050,54,103,"West Virginia","Wetzel County",3,81,92,39,53
050,54,103,"West Virginia","Wetzel County",3,82,80,36,44
050,54,103,"West Virginia","Wetzel County",3,83,86,42,44
050,54,103,"West Virginia","Wetzel County",3,84,69,28,41
050,54,103,"West Virginia","Wetzel County",3,85,362,151,211
050,54,103,"West Virginia","Wetzel County",4,0,149,73,76
050,54,103,"West Virginia","Wetzel County",4,1,154,81,73
050,54,103,"West Virginia","Wetzel County",4,2,154,79,75
050,54,103,"West Virginia","Wetzel County",4,3,155,76,79
050,54,103,"West Virginia","Wetzel County",4,4,164,84,80
050,54,103,"West Virginia","Wetzel County",4,5,145,83,62
050,54,103,"West Virginia","Wetzel County",4,6,160,88,72
050,54,103,"West Virginia","Wetzel County",4,7,171,82,89
050,54,103,"West Virginia","Wetzel County",4,8,152,78,74
050,54,103,"West Virginia","Wetzel County",4,9,149,75,74
050,54,103,"West Virginia","Wetzel County",4,10,160,83,77
050,54,103,"West Virginia","Wetzel County",4,11,186,95,91
050,54,103,"West Virginia","Wetzel County",4,12,162,82,80
050,54,103,"West Virginia","Wetzel County",4,13,150,76,74
050,54,103,"West Virginia","Wetzel County",4,14,168,91,77
050,54,103,"West Virginia","Wetzel County",4,15,176,93,83
050,54,103,"West Virginia","Wetzel County",4,16,183,94,89
050,54,103,"West Virginia","Wetzel County",4,17,185,92,93
050,54,103,"West Virginia","Wetzel County",4,18,161,83,78
050,54,103,"West Virginia","Wetzel County",4,19,107,51,56
050,54,103,"West Virginia","Wetzel County",4,20,116,57,59
050,54,103,"West Virginia","Wetzel County",4,21,146,76,70
050,54,103,"West Virginia","Wetzel County",4,22,143,77,66
050,54,103,"West Virginia","Wetzel County",4,23,146,80,66
050,54,103,"West Virginia","Wetzel County",4,24,161,85,76
050,54,103,"West Virginia","Wetzel County",4,25,155,78,77
050,54,103,"West Virginia","Wetzel County",4,26,144,76,68
050,54,103,"West Virginia","Wetzel County",4,27,163,81,82
050,54,103,"West Virginia","Wetzel County",4,28,150,75,75
050,54,103,"West Virginia","Wetzel County",4,29,173,88,85
050,54,103,"West Virginia","Wetzel County",4,30,175,86,89
050,54,103,"West Virginia","Wetzel County",4,31,161,87,74
050,54,103,"West Virginia","Wetzel County",4,32,164,88,76
050,54,103,"West Virginia","Wetzel County",4,33,146,72,74
050,54,103,"West Virginia","Wetzel County",4,34,132,73,59
050,54,103,"West Virginia","Wetzel County",4,35,132,66,66
050,54,103,"West Virginia","Wetzel County",4,36,125,59,66
050,54,103,"West Virginia","Wetzel County",4,37,127,68,59
050,54,103,"West Virginia","Wetzel County",4,38,139,81,58
050,54,103,"West Virginia","Wetzel County",4,39,153,90,63
050,54,103,"West Virginia","Wetzel County",4,40,152,80,72
050,54,103,"West Virginia","Wetzel County",4,41,166,76,90
050,54,103,"West Virginia","Wetzel County",4,42,167,78,89
050,54,103,"West Virginia","Wetzel County",4,43,137,67,70
050,54,103,"West Virginia","Wetzel County",4,44,152,68,84
050,54,103,"West Virginia","Wetzel County",4,45,152,74,78
050,54,103,"West Virginia","Wetzel County",4,46,155,76,79
050,54,103,"West Virginia","Wetzel County",4,47,153,73,80
050,54,103,"West Virginia","Wetzel County",4,48,167,77,90
050,54,103,"West Virginia","Wetzel County",4,49,162,85,77
050,54,103,"West Virginia","Wetzel County",4,50,184,91,93
050,54,103,"West Virginia","Wetzel County",4,51,204,104,100
050,54,103,"West Virginia","Wetzel County",4,52,224,107,117
050,54,103,"West Virginia","Wetzel County",4,53,204,99,105
050,54,103,"West Virginia","Wetzel County",4,54,178,90,88
050,54,103,"West Virginia","Wetzel County",4,55,194,105,89
050,54,103,"West Virginia","Wetzel County",4,56,192,104,88
050,54,103,"West Virginia","Wetzel County",4,57,189,82,107
050,54,103,"West Virginia","Wetzel County",4,58,202,102,100
050,54,103,"West Virginia","Wetzel County",4,59,206,103,103
050,54,103,"West Virginia","Wetzel County",4,60,218,110,108
050,54,103,"West Virginia","Wetzel County",4,61,239,124,115
050,54,103,"West Virginia","Wetzel County",4,62,217,111,106
050,54,103,"West Virginia","Wetzel County",4,63,211,106,105
050,54,103,"West Virginia","Wetzel County",4,64,221,113,108
050,54,103,"West Virginia","Wetzel County",4,65,202,99,103
050,54,103,"West Virginia","Wetzel County",4,66,188,85,103
050,54,103,"West Virginia","Wetzel County",4,67,186,84,102
050,54,103,"West Virginia","Wetzel County",4,68,191,90,101
050,54,103,"West Virginia","Wetzel County",4,69,174,83,91
050,54,103,"West Virginia","Wetzel County",4,70,168,85,83
050,54,103,"West Virginia","Wetzel County",4,71,171,89,82
050,54,103,"West Virginia","Wetzel County",4,72,178,89,89
050,54,103,"West Virginia","Wetzel County",4,73,152,74,78
050,54,103,"West Virginia","Wetzel County",4,74,159,84,75
050,54,103,"West Virginia","Wetzel County",4,75,167,89,78
050,54,103,"West Virginia","Wetzel County",4,76,126,54,72
050,54,103,"West Virginia","Wetzel County",4,77,115,52,63
050,54,103,"West Virginia","Wetzel County",4,78,117,56,61
050,54,103,"West Virginia","Wetzel County",4,79,124,47,77
050,54,103,"West Virginia","Wetzel County",4,80,114,39,75
050,54,103,"West Virginia","Wetzel County",4,81,103,40,63
050,54,103,"West Virginia","Wetzel County",4,82,79,31,48
050,54,103,"West Virginia","Wetzel County",4,83,65,29,36
050,54,103,"West Virginia","Wetzel County",4,84,79,37,42
050,54,103,"West Virginia","Wetzel County",4,85,348,158,190
050,54,103,"West Virginia","Wetzel County",5,0,149,73,76
050,54,103,"West Virginia","Wetzel County",5,1,164,69,95
050,54,103,"West Virginia","Wetzel County",5,2,158,87,71
050,54,103,"West Virginia","Wetzel County",5,3,156,78,78
050,54,103,"West Virginia","Wetzel County",5,4,159,78,81
050,54,103,"West Virginia","Wetzel County",5,5,166,85,81
050,54,103,"West Virginia","Wetzel County",5,6,151,86,65
050,54,103,"West Virginia","Wetzel County",5,7,168,86,82
050,54,103,"West Virginia","Wetzel County",5,8,169,83,86
050,54,103,"West Virginia","Wetzel County",5,9,156,82,74
050,54,103,"West Virginia","Wetzel County",5,10,153,74,79
050,54,103,"West Virginia","Wetzel County",5,11,160,79,81
050,54,103,"West Virginia","Wetzel County",5,12,184,97,87
050,54,103,"West Virginia","Wetzel County",5,13,163,83,80
050,54,103,"West Virginia","Wetzel County",5,14,145,74,71
050,54,103,"West Virginia","Wetzel County",5,15,169,91,78
050,54,103,"West Virginia","Wetzel County",5,16,169,93,76
050,54,103,"West Virginia","Wetzel County",5,17,182,92,90
050,54,103,"West Virginia","Wetzel County",5,18,159,81,78
050,54,103,"West Virginia","Wetzel County",5,19,119,64,55
050,54,103,"West Virginia","Wetzel County",5,20,113,56,57
050,54,103,"West Virginia","Wetzel County",5,21,123,56,67
050,54,103,"West Virginia","Wetzel County",5,22,151,79,72
050,54,103,"West Virginia","Wetzel County",5,23,167,85,82
050,54,103,"West Virginia","Wetzel County",5,24,150,81,69
050,54,103,"West Virginia","Wetzel County",5,25,165,82,83
050,54,103,"West Virginia","Wetzel County",5,26,154,76,78
050,54,103,"West Virginia","Wetzel County",5,27,147,77,70
050,54,103,"West Virginia","Wetzel County",5,28,168,88,80
050,54,103,"West Virginia","Wetzel County",5,29,153,81,72
050,54,103,"West Virginia","Wetzel County",5,30,171,88,83
050,54,103,"West Virginia","Wetzel County",5,31,174,84,90
050,54,103,"West Virginia","Wetzel County",5,32,163,84,79
050,54,103,"West Virginia","Wetzel County",5,33,163,88,75
050,54,103,"West Virginia","Wetzel County",5,34,153,79,74
050,54,103,"West Virginia","Wetzel County",5,35,138,72,66
050,54,103,"West Virginia","Wetzel County",5,36,130,64,66
050,54,103,"West Virginia","Wetzel County",5,37,125,58,67
050,54,103,"West Virginia","Wetzel County",5,38,126,67,59
050,54,103,"West Virginia","Wetzel County",5,39,139,80,59
050,54,103,"West Virginia","Wetzel County",5,40,147,83,64
050,54,103,"West Virginia","Wetzel County",5,41,156,83,73
050,54,103,"West Virginia","Wetzel County",5,42,157,71,86
050,54,103,"West Virginia","Wetzel County",5,43,160,76,84
050,54,103,"West Virginia","Wetzel County",5,44,141,75,66
050,54,103,"West Virginia","Wetzel County",5,45,155,70,85
050,54,103,"West Virginia","Wetzel County",5,46,150,72,78
050,54,103,"West Virginia","Wetzel County",5,47,152,73,79
050,54,103,"West Virginia","Wetzel County",5,48,154,76,78
050,54,103,"West Virginia","Wetzel County",5,49,166,79,87
050,54,103,"West Virginia","Wetzel County",5,50,166,85,81
050,54,103,"West Virginia","Wetzel County",5,51,183,89,94
050,54,103,"West Virginia","Wetzel County",5,52,203,103,100
050,54,103,"West Virginia","Wetzel County",5,53,220,104,116
050,54,103,"West Virginia","Wetzel County",5,54,199,96,103
050,54,103,"West Virginia","Wetzel County",5,55,178,88,90
050,54,103,"West Virginia","Wetzel County",5,56,190,104,86
050,54,103,"West Virginia","Wetzel County",5,57,188,103,85
050,54,103,"West Virginia","Wetzel County",5,58,184,84,100
050,54,103,"West Virginia","Wetzel County",5,59,194,96,98
050,54,103,"West Virginia","Wetzel County",5,60,198,95,103
050,54,103,"West Virginia","Wetzel County",5,61,212,109,103
050,54,103,"West Virginia","Wetzel County",5,62,226,121,105
050,54,103,"West Virginia","Wetzel County",5,63,215,109,106
050,54,103,"West Virginia","Wetzel County",5,64,200,102,98
050,54,103,"West Virginia","Wetzel County",5,65,214,105,109
050,54,103,"West Virginia","Wetzel County",5,66,198,98,100
050,54,103,"West Virginia","Wetzel County",5,67,181,84,97
050,54,103,"West Virginia","Wetzel County",5,68,186,84,102
050,54,103,"West Virginia","Wetzel County",5,69,187,85,102
050,54,103,"West Virginia","Wetzel County",5,70,167,79,88
050,54,103,"West Virginia","Wetzel County",5,71,158,82,76
050,54,103,"West Virginia","Wetzel County",5,72,169,86,83
050,54,103,"West Virginia","Wetzel County",5,73,173,84,89
050,54,103,"West Virginia","Wetzel County",5,74,151,72,79
050,54,103,"West Virginia","Wetzel County",5,75,140,76,64
050,54,103,"West Virginia","Wetzel County",5,76,157,87,70
050,54,103,"West Virginia","Wetzel County",5,77,124,54,70
050,54,103,"West Virginia","Wetzel County",5,78,108,53,55
050,54,103,"West Virginia","Wetzel County",5,79,115,52,63
050,54,103,"West Virginia","Wetzel County",5,80,120,45,75
050,54,103,"West Virginia","Wetzel County",5,81,106,35,71
050,54,103,"West Virginia","Wetzel County",5,82,93,34,59
050,54,103,"West Virginia","Wetzel County",5,83,66,25,41
050,54,103,"West Virginia","Wetzel County",5,84,58,25,33
050,54,103,"West Virginia","Wetzel County",5,85,353,173,180
050,54,105,"West Virginia","Wirt County",1,0,46,24,22
050,54,105,"West Virginia","Wirt County",1,1,43,26,17
050,54,105,"West Virginia","Wirt County",1,2,51,26,25
050,54,105,"West Virginia","Wirt County",1,3,55,27,28
050,54,105,"West Virginia","Wirt County",1,4,55,25,30
050,54,105,"West Virginia","Wirt County",1,5,49,23,26
050,54,105,"West Virginia","Wirt County",1,6,55,31,24
050,54,105,"West Virginia","Wirt County",1,7,58,28,30
050,54,105,"West Virginia","Wirt County",1,8,68,33,35
050,54,105,"West Virginia","Wirt County",1,9,67,37,30
050,54,105,"West Virginia","Wirt County",1,10,75,39,36
050,54,105,"West Virginia","Wirt County",1,11,70,37,33
050,54,105,"West Virginia","Wirt County",1,12,72,38,34
050,54,105,"West Virginia","Wirt County",1,13,76,42,34
050,54,105,"West Virginia","Wirt County",1,14,74,47,27
050,54,105,"West Virginia","Wirt County",1,15,67,36,31
050,54,105,"West Virginia","Wirt County",1,16,66,36,30
050,54,105,"West Virginia","Wirt County",1,17,66,34,32
050,54,105,"West Virginia","Wirt County",1,18,51,31,20
050,54,105,"West Virginia","Wirt County",1,19,41,24,17
050,54,105,"West Virginia","Wirt County",1,20,45,22,23
050,54,105,"West Virginia","Wirt County",1,21,43,19,24
050,54,105,"West Virginia","Wirt County",1,22,41,24,17
050,54,105,"West Virginia","Wirt County",1,23,52,30,22
050,54,105,"West Virginia","Wirt County",1,24,49,27,22
050,54,105,"West Virginia","Wirt County",1,25,44,25,19
050,54,105,"West Virginia","Wirt County",1,26,55,28,27
050,54,105,"West Virginia","Wirt County",1,27,53,27,26
050,54,105,"West Virginia","Wirt County",1,28,44,25,19
050,54,105,"West Virginia","Wirt County",1,29,50,22,28
050,54,105,"West Virginia","Wirt County",1,30,53,25,28
050,54,105,"West Virginia","Wirt County",1,31,47,24,23
050,54,105,"West Virginia","Wirt County",1,32,45,22,23
050,54,105,"West Virginia","Wirt County",1,33,52,26,26
050,54,105,"West Virginia","Wirt County",1,34,59,31,28
050,54,105,"West Virginia","Wirt County",1,35,61,35,26
050,54,105,"West Virginia","Wirt County",1,36,60,25,35
050,54,105,"West Virginia","Wirt County",1,37,64,27,37
050,54,105,"West Virginia","Wirt County",1,38,63,27,36
050,54,105,"West Virginia","Wirt County",1,39,62,34,28
050,54,105,"West Virginia","Wirt County",1,40,57,33,24
050,54,105,"West Virginia","Wirt County",1,41,62,34,28
050,54,105,"West Virginia","Wirt County",1,42,65,39,26
050,54,105,"West Virginia","Wirt County",1,43,62,31,31
050,54,105,"West Virginia","Wirt County",1,44,68,30,38
050,54,105,"West Virginia","Wirt County",1,45,67,25,42
050,54,105,"West Virginia","Wirt County",1,46,58,30,28
050,54,105,"West Virginia","Wirt County",1,47,54,27,27
050,54,105,"West Virginia","Wirt County",1,48,58,29,29
050,54,105,"West Virginia","Wirt County",1,49,66,29,37
050,54,105,"West Virginia","Wirt County",1,50,76,38,38
050,54,105,"West Virginia","Wirt County",1,51,75,34,41
050,54,105,"West Virginia","Wirt County",1,52,63,32,31
050,54,105,"West Virginia","Wirt County",1,53,68,35,33
050,54,105,"West Virginia","Wirt County",1,54,74,41,33
050,54,105,"West Virginia","Wirt County",1,55,85,46,39
050,54,105,"West Virginia","Wirt County",1,56,81,38,43
050,54,105,"West Virginia","Wirt County",1,57,76,33,43
050,54,105,"West Virginia","Wirt County",1,58,84,36,48
050,54,105,"West Virginia","Wirt County",1,59,104,47,57
050,54,105,"West Virginia","Wirt County",1,60,93,46,47
050,54,105,"West Virginia","Wirt County",1,61,86,46,40
050,54,105,"West Virginia","Wirt County",1,62,94,53,41
050,54,105,"West Virginia","Wirt County",1,63,103,55,48
050,54,105,"West Virginia","Wirt County",1,64,88,42,46
050,54,105,"West Virginia","Wirt County",1,65,87,45,42
050,54,105,"West Virginia","Wirt County",1,66,80,41,39
050,54,105,"West Virginia","Wirt County",1,67,85,43,42
050,54,105,"West Virginia","Wirt County",1,68,67,36,31
050,54,105,"West Virginia","Wirt County",1,69,53,27,26
050,54,105,"West Virginia","Wirt County",1,70,56,29,27
050,54,105,"West Virginia","Wirt County",1,71,62,29,33
050,54,105,"West Virginia","Wirt County",1,72,79,43,36
050,54,105,"West Virginia","Wirt County",1,73,75,48,27
050,54,105,"West Virginia","Wirt County",1,74,33,18,15
050,54,105,"West Virginia","Wirt County",1,75,34,18,16
050,54,105,"West Virginia","Wirt County",1,76,39,19,20
050,54,105,"West Virginia","Wirt County",1,77,42,23,19
050,54,105,"West Virginia","Wirt County",1,78,37,19,18
050,54,105,"West Virginia","Wirt County",1,79,30,16,14
050,54,105,"West Virginia","Wirt County",1,80,34,16,18
050,54,105,"West Virginia","Wirt County",1,81,35,17,18
050,54,105,"West Virginia","Wirt County",1,82,27,14,13
050,54,105,"West Virginia","Wirt County",1,83,22,13,9
050,54,105,"West Virginia","Wirt County",1,84,23,13,10
050,54,105,"West Virginia","Wirt County",1,85,83,39,44
050,54,105,"West Virginia","Wirt County",2,0,52,27,25
050,54,105,"West Virginia","Wirt County",2,1,45,26,19
050,54,105,"West Virginia","Wirt County",2,2,48,26,22
050,54,105,"West Virginia","Wirt County",2,3,54,27,27
050,54,105,"West Virginia","Wirt County",2,4,55,26,29
050,54,105,"West Virginia","Wirt County",2,5,51,23,28
050,54,105,"West Virginia","Wirt County",2,6,52,28,24
050,54,105,"West Virginia","Wirt County",2,7,57,28,29
050,54,105,"West Virginia","Wirt County",2,8,66,32,34
050,54,105,"West Virginia","Wirt County",2,9,67,36,31
050,54,105,"West Virginia","Wirt County",2,10,71,37,34
050,54,105,"West Virginia","Wirt County",2,11,70,37,33
050,54,105,"West Virginia","Wirt County",2,12,71,38,33
050,54,105,"West Virginia","Wirt County",2,13,74,40,34
050,54,105,"West Virginia","Wirt County",2,14,74,46,28
050,54,105,"West Virginia","Wirt County",2,15,68,38,30
050,54,105,"West Virginia","Wirt County",2,16,67,37,30
050,54,105,"West Virginia","Wirt County",2,17,66,34,32
050,54,105,"West Virginia","Wirt County",2,18,51,30,21
050,54,105,"West Virginia","Wirt County",2,19,42,25,17
050,54,105,"West Virginia","Wirt County",2,20,43,22,21
050,54,105,"West Virginia","Wirt County",2,21,44,20,24
050,54,105,"West Virginia","Wirt County",2,22,43,23,20
050,54,105,"West Virginia","Wirt County",2,23,51,30,21
050,54,105,"West Virginia","Wirt County",2,24,50,28,22
050,54,105,"West Virginia","Wirt County",2,25,45,25,20
050,54,105,"West Virginia","Wirt County",2,26,52,28,24
050,54,105,"West Virginia","Wirt County",2,27,52,27,25
050,54,105,"West Virginia","Wirt County",2,28,46,25,21
050,54,105,"West Virginia","Wirt County",2,29,50,23,27
050,54,105,"West Virginia","Wirt County",2,30,53,25,28
050,54,105,"West Virginia","Wirt County",2,31,46,23,23
050,54,105,"West Virginia","Wirt County",2,32,45,22,23
050,54,105,"West Virginia","Wirt County",2,33,49,24,25
050,54,105,"West Virginia","Wirt County",2,34,57,30,27
050,54,105,"West Virginia","Wirt County",2,35,61,34,27
050,54,105,"West Virginia","Wirt County",2,36,60,27,33
050,54,105,"West Virginia","Wirt County",2,37,63,27,36
050,54,105,"West Virginia","Wirt County",2,38,64,28,36
050,54,105,"West Virginia","Wirt County",2,39,64,33,31
050,54,105,"West Virginia","Wirt County",2,40,60,35,25
050,54,105,"West Virginia","Wirt County",2,41,60,33,27
050,54,105,"West Virginia","Wirt County",2,42,63,37,26
050,54,105,"West Virginia","Wirt County",2,43,62,33,29
050,54,105,"West Virginia","Wirt County",2,44,65,29,36
050,54,105,"West Virginia","Wirt County",2,45,66,26,40
050,54,105,"West Virginia","Wirt County",2,46,58,28,30
050,54,105,"West Virginia","Wirt County",2,47,54,27,27
050,54,105,"West Virginia","Wirt County",2,48,57,29,28
050,54,105,"West Virginia","Wirt County",2,49,65,30,35
050,54,105,"West Virginia","Wirt County",2,50,74,36,38
050,54,105,"West Virginia","Wirt County",2,51,77,36,41
050,54,105,"West Virginia","Wirt County",2,52,66,33,33
050,54,105,"West Virginia","Wirt County",2,53,66,34,32
050,54,105,"West Virginia","Wirt County",2,54,71,39,32
050,54,105,"West Virginia","Wirt County",2,55,83,45,38
050,54,105,"West Virginia","Wirt County",2,56,81,39,42
050,54,105,"West Virginia","Wirt County",2,57,77,34,43
050,54,105,"West Virginia","Wirt County",2,58,82,35,47
050,54,105,"West Virginia","Wirt County",2,59,99,44,55
050,54,105,"West Virginia","Wirt County",2,60,94,45,49
050,54,105,"West Virginia","Wirt County",2,61,87,46,41
050,54,105,"West Virginia","Wirt County",2,62,93,52,41
050,54,105,"West Virginia","Wirt County",2,63,101,54,47
050,54,105,"West Virginia","Wirt County",2,64,91,45,46
050,54,105,"West Virginia","Wirt County",2,65,88,44,44
050,54,105,"West Virginia","Wirt County",2,66,81,42,39
050,54,105,"West Virginia","Wirt County",2,67,84,43,41
050,54,105,"West Virginia","Wirt County",2,68,72,38,34
050,54,105,"West Virginia","Wirt County",2,69,58,30,28
050,54,105,"West Virginia","Wirt County",2,70,53,28,25
050,54,105,"West Virginia","Wirt County",2,71,61,29,32
050,54,105,"West Virginia","Wirt County",2,72,72,37,35
050,54,105,"West Virginia","Wirt County",2,73,79,48,31
050,54,105,"West Virginia","Wirt County",2,74,39,23,16
050,54,105,"West Virginia","Wirt County",2,75,34,18,16
050,54,105,"West Virginia","Wirt County",2,76,38,19,19
050,54,105,"West Virginia","Wirt County",2,77,43,23,20
050,54,105,"West Virginia","Wirt County",2,78,38,20,18
050,54,105,"West Virginia","Wirt County",2,79,32,17,15
050,54,105,"West Virginia","Wirt County",2,80,32,15,17
050,54,105,"West Virginia","Wirt County",2,81,34,17,17
050,54,105,"West Virginia","Wirt County",2,82,29,15,14
050,54,105,"West Virginia","Wirt County",2,83,23,13,10
050,54,105,"West Virginia","Wirt County",2,84,22,12,10
050,54,105,"West Virginia","Wirt County",2,85,85,41,44
050,54,105,"West Virginia","Wirt County",3,0,58,30,28
050,54,105,"West Virginia","Wirt County",3,1,46,26,20
050,54,105,"West Virginia","Wirt County",3,2,50,26,24
050,54,105,"West Virginia","Wirt County",3,3,47,19,28
050,54,105,"West Virginia","Wirt County",3,4,52,29,23
050,54,105,"West Virginia","Wirt County",3,5,49,23,26
050,54,105,"West Virginia","Wirt County",3,6,50,21,29
050,54,105,"West Virginia","Wirt County",3,7,55,29,26
050,54,105,"West Virginia","Wirt County",3,8,56,27,29
050,54,105,"West Virginia","Wirt County",3,9,61,29,32
050,54,105,"West Virginia","Wirt County",3,10,66,35,31
050,54,105,"West Virginia","Wirt County",3,11,72,41,31
050,54,105,"West Virginia","Wirt County",3,12,72,36,36
050,54,105,"West Virginia","Wirt County",3,13,69,37,32
050,54,105,"West Virginia","Wirt County",3,14,76,41,35
050,54,105,"West Virginia","Wirt County",3,15,68,42,26
050,54,105,"West Virginia","Wirt County",3,16,58,29,29
050,54,105,"West Virginia","Wirt County",3,17,68,38,30
050,54,105,"West Virginia","Wirt County",3,18,55,27,28
050,54,105,"West Virginia","Wirt County",3,19,39,24,15
050,54,105,"West Virginia","Wirt County",3,20,41,22,19
050,54,105,"West Virginia","Wirt County",3,21,47,26,21
050,54,105,"West Virginia","Wirt County",3,22,49,19,30
050,54,105,"West Virginia","Wirt County",3,23,38,19,19
050,54,105,"West Virginia","Wirt County",3,24,55,31,24
050,54,105,"West Virginia","Wirt County",3,25,54,31,23
050,54,105,"West Virginia","Wirt County",3,26,46,24,22
050,54,105,"West Virginia","Wirt County",3,27,47,23,24
050,54,105,"West Virginia","Wirt County",3,28,43,24,19
050,54,105,"West Virginia","Wirt County",3,29,43,22,21
050,54,105,"West Virginia","Wirt County",3,30,46,21,25
050,54,105,"West Virginia","Wirt County",3,31,43,19,24
050,54,105,"West Virginia","Wirt County",3,32,40,18,22
050,54,105,"West Virginia","Wirt County",3,33,44,24,20
050,54,105,"West Virginia","Wirt County",3,34,54,30,24
050,54,105,"West Virginia","Wirt County",3,35,59,29,30
050,54,105,"West Virginia","Wirt County",3,36,59,34,25
050,54,105,"West Virginia","Wirt County",3,37,59,25,34
050,54,105,"West Virginia","Wirt County",3,38,62,26,36
050,54,105,"West Virginia","Wirt County",3,39,62,27,35
050,54,105,"West Virginia","Wirt County",3,40,61,31,30
050,54,105,"West Virginia","Wirt County",3,41,63,36,27
050,54,105,"West Virginia","Wirt County",3,42,53,27,26
050,54,105,"West Virginia","Wirt County",3,43,63,36,27
050,54,105,"West Virginia","Wirt County",3,44,62,34,28
050,54,105,"West Virginia","Wirt County",3,45,64,28,36
050,54,105,"West Virginia","Wirt County",3,46,60,23,37
050,54,105,"West Virginia","Wirt County",3,47,55,27,28
050,54,105,"West Virginia","Wirt County",3,48,57,30,27
050,54,105,"West Virginia","Wirt County",3,49,57,29,28
050,54,105,"West Virginia","Wirt County",3,50,65,29,36
050,54,105,"West Virginia","Wirt County",3,51,74,36,38
050,54,105,"West Virginia","Wirt County",3,52,71,33,38
050,54,105,"West Virginia","Wirt County",3,53,66,33,33
050,54,105,"West Virginia","Wirt County",3,54,65,34,31
050,54,105,"West Virginia","Wirt County",3,55,71,40,31
050,54,105,"West Virginia","Wirt County",3,56,79,44,35
050,54,105,"West Virginia","Wirt County",3,57,81,39,42
050,54,105,"West Virginia","Wirt County",3,58,67,29,38
050,54,105,"West Virginia","Wirt County",3,59,80,34,46
050,54,105,"West Virginia","Wirt County",3,60,96,44,52
050,54,105,"West Virginia","Wirt County",3,61,91,43,48
050,54,105,"West Virginia","Wirt County",3,62,85,44,41
050,54,105,"West Virginia","Wirt County",3,63,92,52,40
050,54,105,"West Virginia","Wirt County",3,64,99,54,45
050,54,105,"West Virginia","Wirt County",3,65,89,45,44
050,54,105,"West Virginia","Wirt County",3,66,81,41,40
050,54,105,"West Virginia","Wirt County",3,67,79,41,38
050,54,105,"West Virginia","Wirt County",3,68,80,42,38
050,54,105,"West Virginia","Wirt County",3,69,70,37,33
050,54,105,"West Virginia","Wirt County",3,70,57,30,27
050,54,105,"West Virginia","Wirt County",3,71,50,27,23
050,54,105,"West Virginia","Wirt County",3,72,59,28,31
050,54,105,"West Virginia","Wirt County",3,73,70,34,36
050,54,105,"West Virginia","Wirt County",3,74,76,47,29
050,54,105,"West Virginia","Wirt County",3,75,39,23,16
050,54,105,"West Virginia","Wirt County",3,76,34,19,15
050,54,105,"West Virginia","Wirt County",3,77,33,16,17
050,54,105,"West Virginia","Wirt County",3,78,38,19,19
050,54,105,"West Virginia","Wirt County",3,79,33,20,13
050,54,105,"West Virginia","Wirt County",3,80,29,15,14
050,54,105,"West Virginia","Wirt County",3,81,33,16,17
050,54,105,"West Virginia","Wirt County",3,82,32,16,16
050,54,105,"West Virginia","Wirt County",3,83,27,13,14
050,54,105,"West Virginia","Wirt County",3,84,21,13,8
050,54,105,"West Virginia","Wirt County",3,85,101,52,49
050,54,105,"West Virginia","Wirt County",4,0,55,22,33
050,54,105,"West Virginia","Wirt County",4,1,55,30,25
050,54,105,"West Virginia","Wirt County",4,2,51,28,23
050,54,105,"West Virginia","Wirt County",4,3,53,29,24
050,54,105,"West Virginia","Wirt County",4,4,49,21,28
050,54,105,"West Virginia","Wirt County",4,5,57,32,25
050,54,105,"West Virginia","Wirt County",4,6,56,28,28
050,54,105,"West Virginia","Wirt County",4,7,55,24,31
050,54,105,"West Virginia","Wirt County",4,8,60,30,30
050,54,105,"West Virginia","Wirt County",4,9,55,25,30
050,54,105,"West Virginia","Wirt County",4,10,63,31,32
050,54,105,"West Virginia","Wirt County",4,11,66,33,33
050,54,105,"West Virginia","Wirt County",4,12,72,41,31
050,54,105,"West Virginia","Wirt County",4,13,72,35,37
050,54,105,"West Virginia","Wirt County",4,14,76,41,35
050,54,105,"West Virginia","Wirt County",4,15,74,37,37
050,54,105,"West Virginia","Wirt County",4,16,64,41,23
050,54,105,"West Virginia","Wirt County",4,17,64,30,34
050,54,105,"West Virginia","Wirt County",4,18,62,35,27
050,54,105,"West Virginia","Wirt County",4,19,44,22,22
050,54,105,"West Virginia","Wirt County",4,20,40,24,16
050,54,105,"West Virginia","Wirt County",4,21,41,23,18
050,54,105,"West Virginia","Wirt County",4,22,50,27,23
050,54,105,"West Virginia","Wirt County",4,23,48,20,28
050,54,105,"West Virginia","Wirt County",4,24,43,20,23
050,54,105,"West Virginia","Wirt County",4,25,54,28,26
050,54,105,"West Virginia","Wirt County",4,26,56,35,21
050,54,105,"West Virginia","Wirt County",4,27,46,23,23
050,54,105,"West Virginia","Wirt County",4,28,46,22,24
050,54,105,"West Virginia","Wirt County",4,29,44,24,20
050,54,105,"West Virginia","Wirt County",4,30,43,21,22
050,54,105,"West Virginia","Wirt County",4,31,48,21,27
050,54,105,"West Virginia","Wirt County",4,32,44,20,24
050,54,105,"West Virginia","Wirt County",4,33,37,15,22
050,54,105,"West Virginia","Wirt County",4,34,45,24,21
050,54,105,"West Virginia","Wirt County",4,35,51,27,24
050,54,105,"West Virginia","Wirt County",4,36,52,26,26
050,54,105,"West Virginia","Wirt County",4,37,57,30,27
050,54,105,"West Virginia","Wirt County",4,38,57,22,35
050,54,105,"West Virginia","Wirt County",4,39,65,28,37
050,54,105,"West Virginia","Wirt County",4,40,62,27,35
050,54,105,"West Virginia","Wirt County",4,41,65,31,34
050,54,105,"West Virginia","Wirt County",4,42,67,40,27
050,54,105,"West Virginia","Wirt County",4,43,57,31,26
050,54,105,"West Virginia","Wirt County",4,44,65,36,29
050,54,105,"West Virginia","Wirt County",4,45,62,35,27
050,54,105,"West Virginia","Wirt County",4,46,64,28,36
050,54,105,"West Virginia","Wirt County",4,47,58,24,34
050,54,105,"West Virginia","Wirt County",4,48,53,27,26
050,54,105,"West Virginia","Wirt County",4,49,59,30,29
050,54,105,"West Virginia","Wirt County",4,50,58,29,29
050,54,105,"West Virginia","Wirt County",4,51,71,34,37
050,54,105,"West Virginia","Wirt County",4,52,75,37,38
050,54,105,"West Virginia","Wirt County",4,53,70,32,38
050,54,105,"West Virginia","Wirt County",4,54,63,31,32
050,54,105,"West Virginia","Wirt County",4,55,66,34,32
050,54,105,"West Virginia","Wirt County",4,56,71,39,32
050,54,105,"West Virginia","Wirt County",4,57,78,42,36
050,54,105,"West Virginia","Wirt County",4,58,81,39,42
050,54,105,"West Virginia","Wirt County",4,59,65,28,37
050,54,105,"West Virginia","Wirt County",4,60,80,31,49
050,54,105,"West Virginia","Wirt County",4,61,91,43,48
050,54,105,"West Virginia","Wirt County",4,62,94,43,51
050,54,105,"West Virginia","Wirt County",4,63,80,45,35
050,54,105,"West Virginia","Wirt County",4,64,91,52,39
050,54,105,"West Virginia","Wirt County",4,65,95,52,43
050,54,105,"West Virginia","Wirt County",4,66,90,47,43
050,54,105,"West Virginia","Wirt County",4,67,82,44,38
050,54,105,"West Virginia","Wirt County",4,68,74,39,35
050,54,105,"West Virginia","Wirt County",4,69,77,41,36
050,54,105,"West Virginia","Wirt County",4,70,70,37,33
050,54,105,"West Virginia","Wirt County",4,71,54,30,24
050,54,105,"West Virginia","Wirt County",4,72,49,26,23
050,54,105,"West Virginia","Wirt County",4,73,50,23,27
050,54,105,"West Virginia","Wirt County",4,74,69,34,35
050,54,105,"West Virginia","Wirt County",4,75,73,44,29
050,54,105,"West Virginia","Wirt County",4,76,40,23,17
050,54,105,"West Virginia","Wirt County",4,77,29,15,14
050,54,105,"West Virginia","Wirt County",4,78,30,14,16
050,54,105,"West Virginia","Wirt County",4,79,33,17,16
050,54,105,"West Virginia","Wirt County",4,80,30,18,12
050,54,105,"West Virginia","Wirt County",4,81,29,15,14
050,54,105,"West Virginia","Wirt County",4,82,29,14,15
050,54,105,"West Virginia","Wirt County",4,83,31,16,15
050,54,105,"West Virginia","Wirt County",4,84,27,13,14
050,54,105,"West Virginia","Wirt County",4,85,115,66,49
050,54,105,"West Virginia","Wirt County",5,0,56,23,33
050,54,105,"West Virginia","Wirt County",5,1,50,18,32
050,54,105,"West Virginia","Wirt County",5,2,56,30,26
050,54,105,"West Virginia","Wirt County",5,3,50,24,26
050,54,105,"West Virginia","Wirt County",5,4,51,26,25
050,54,105,"West Virginia","Wirt County",5,5,46,20,26
050,54,105,"West Virginia","Wirt County",5,6,53,32,21
050,54,105,"West Virginia","Wirt County",5,7,49,23,26
050,54,105,"West Virginia","Wirt County",5,8,55,24,31
050,54,105,"West Virginia","Wirt County",5,9,62,32,30
050,54,105,"West Virginia","Wirt County",5,10,53,27,26
050,54,105,"West Virginia","Wirt County",5,11,61,30,31
050,54,105,"West Virginia","Wirt County",5,12,67,33,34
050,54,105,"West Virginia","Wirt County",5,13,68,39,29
050,54,105,"West Virginia","Wirt County",5,14,76,40,36
050,54,105,"West Virginia","Wirt County",5,15,74,42,32
050,54,105,"West Virginia","Wirt County",5,16,75,39,36
050,54,105,"West Virginia","Wirt County",5,17,62,40,22
050,54,105,"West Virginia","Wirt County",5,18,56,30,26
050,54,105,"West Virginia","Wirt County",5,19,43,24,19
050,54,105,"West Virginia","Wirt County",5,20,45,22,23
050,54,105,"West Virginia","Wirt County",5,21,42,23,19
050,54,105,"West Virginia","Wirt County",5,22,39,20,19
050,54,105,"West Virginia","Wirt County",5,23,46,25,21
050,54,105,"West Virginia","Wirt County",5,24,44,19,25
050,54,105,"West Virginia","Wirt County",5,25,47,23,24
050,54,105,"West Virginia","Wirt County",5,26,49,27,22
050,54,105,"West Virginia","Wirt County",5,27,49,30,19
050,54,105,"West Virginia","Wirt County",5,28,45,23,22
050,54,105,"West Virginia","Wirt County",5,29,42,23,19
050,54,105,"West Virginia","Wirt County",5,30,43,22,21
050,54,105,"West Virginia","Wirt County",5,31,43,21,22
050,54,105,"West Virginia","Wirt County",5,32,48,22,26
050,54,105,"West Virginia","Wirt County",5,33,45,20,25
050,54,105,"West Virginia","Wirt County",5,34,36,18,18
050,54,105,"West Virginia","Wirt County",5,35,45,24,21
050,54,105,"West Virginia","Wirt County",5,36,45,25,20
050,54,105,"West Virginia","Wirt County",5,37,52,26,26
050,54,105,"West Virginia","Wirt County",5,38,54,28,26
050,54,105,"West Virginia","Wirt County",5,39,56,23,33
050,54,105,"West Virginia","Wirt County",5,40,64,27,37
050,54,105,"West Virginia","Wirt County",5,41,63,25,38
050,54,105,"West Virginia","Wirt County",5,42,64,30,34
050,54,105,"West Virginia","Wirt County",5,43,68,40,28
050,54,105,"West Virginia","Wirt County",5,44,59,30,29
050,54,105,"West Virginia","Wirt County",5,45,62,34,28
050,54,105,"West Virginia","Wirt County",5,46,64,36,28
050,54,105,"West Virginia","Wirt County",5,47,65,29,36
050,54,105,"West Virginia","Wirt County",5,48,58,25,33
050,54,105,"West Virginia","Wirt County",5,49,49,26,23
050,54,105,"West Virginia","Wirt County",5,50,57,29,28
050,54,105,"West Virginia","Wirt County",5,51,61,30,31
050,54,105,"West Virginia","Wirt County",5,52,70,32,38
050,54,105,"West Virginia","Wirt County",5,53,75,36,39
050,54,105,"West Virginia","Wirt County",5,54,72,33,39
050,54,105,"West Virginia","Wirt County",5,55,64,31,33
050,54,105,"West Virginia","Wirt County",5,56,64,33,31
050,54,105,"West Virginia","Wirt County",5,57,69,38,31
050,54,105,"West Virginia","Wirt County",5,58,80,42,38
050,54,105,"West Virginia","Wirt County",5,59,78,38,40
050,54,105,"West Virginia","Wirt County",5,60,66,30,36
050,54,105,"West Virginia","Wirt County",5,61,76,30,46
050,54,105,"West Virginia","Wirt County",5,62,89,42,47
050,54,105,"West Virginia","Wirt County",5,63,91,43,48
050,54,105,"West Virginia","Wirt County",5,64,81,45,36
050,54,105,"West Virginia","Wirt County",5,65,92,51,41
050,54,105,"West Virginia","Wirt County",5,66,93,51,42
050,54,105,"West Virginia","Wirt County",5,67,86,46,40
050,54,105,"West Virginia","Wirt County",5,68,75,41,34
050,54,105,"West Virginia","Wirt County",5,69,73,37,36
050,54,105,"West Virginia","Wirt County",5,70,75,40,35
050,54,105,"West Virginia","Wirt County",5,71,67,37,30
050,54,105,"West Virginia","Wirt County",5,72,52,29,23
050,54,105,"West Virginia","Wirt County",5,73,45,24,21
050,54,105,"West Virginia","Wirt County",5,74,50,23,27
050,54,105,"West Virginia","Wirt County",5,75,70,34,36
050,54,105,"West Virginia","Wirt County",5,76,71,42,29
050,54,105,"West Virginia","Wirt County",5,77,38,20,18
050,54,105,"West Virginia","Wirt County",5,78,28,14,14
050,54,105,"West Virginia","Wirt County",5,79,26,10,16
050,54,105,"West Virginia","Wirt County",5,80,30,15,15
050,54,105,"West Virginia","Wirt County",5,81,30,18,12
050,54,105,"West Virginia","Wirt County",5,82,27,14,13
050,54,105,"West Virginia","Wirt County",5,83,26,12,14
050,54,105,"West Virginia","Wirt County",5,84,31,16,15
050,54,105,"West Virginia","Wirt County",5,85,128,77,51
050,54,107,"West Virginia","Wood County",1,0,873,453,420
050,54,107,"West Virginia","Wood County",1,1,880,464,416
050,54,107,"West Virginia","Wood County",1,2,915,469,446
050,54,107,"West Virginia","Wood County",1,3,907,440,467
050,54,107,"West Virginia","Wood County",1,4,997,504,493
050,54,107,"West Virginia","Wood County",1,5,1004,517,487
050,54,107,"West Virginia","Wood County",1,6,1017,526,491
050,54,107,"West Virginia","Wood County",1,7,978,492,486
050,54,107,"West Virginia","Wood County",1,8,943,488,455
050,54,107,"West Virginia","Wood County",1,9,978,490,488
050,54,107,"West Virginia","Wood County",1,10,1010,504,506
050,54,107,"West Virginia","Wood County",1,11,1031,528,503
050,54,107,"West Virginia","Wood County",1,12,1053,557,496
050,54,107,"West Virginia","Wood County",1,13,1037,519,518
050,54,107,"West Virginia","Wood County",1,14,1069,546,523
050,54,107,"West Virginia","Wood County",1,15,1047,524,523
050,54,107,"West Virginia","Wood County",1,16,1053,542,511
050,54,107,"West Virginia","Wood County",1,17,1038,531,507
050,54,107,"West Virginia","Wood County",1,18,896,496,400
050,54,107,"West Virginia","Wood County",1,19,719,380,339
050,54,107,"West Virginia","Wood County",1,20,788,395,393
050,54,107,"West Virginia","Wood County",1,21,845,415,430
050,54,107,"West Virginia","Wood County",1,22,864,426,438
050,54,107,"West Virginia","Wood County",1,23,922,475,447
050,54,107,"West Virginia","Wood County",1,24,954,488,466
050,54,107,"West Virginia","Wood County",1,25,945,462,483
050,54,107,"West Virginia","Wood County",1,26,930,453,477
050,54,107,"West Virginia","Wood County",1,27,962,498,464
050,54,107,"West Virginia","Wood County",1,28,1030,529,501
050,54,107,"West Virginia","Wood County",1,29,1042,513,529
050,54,107,"West Virginia","Wood County",1,30,1014,508,506
050,54,107,"West Virginia","Wood County",1,31,952,467,485
050,54,107,"West Virginia","Wood County",1,32,900,436,464
050,54,107,"West Virginia","Wood County",1,33,924,456,468
050,54,107,"West Virginia","Wood County",1,34,909,464,445
050,54,107,"West Virginia","Wood County",1,35,917,472,445
050,54,107,"West Virginia","Wood County",1,36,1001,511,490
050,54,107,"West Virginia","Wood County",1,37,1041,521,520
050,54,107,"West Virginia","Wood County",1,38,1017,506,511
050,54,107,"West Virginia","Wood County",1,39,1022,509,513
050,54,107,"West Virginia","Wood County",1,40,1085,552,533
050,54,107,"West Virginia","Wood County",1,41,1002,496,506
050,54,107,"West Virginia","Wood County",1,42,1009,505,504
050,54,107,"West Virginia","Wood County",1,43,1008,515,493
050,54,107,"West Virginia","Wood County",1,44,968,486,482
050,54,107,"West Virginia","Wood County",1,45,1055,520,535
050,54,107,"West Virginia","Wood County",1,46,1026,525,501
050,54,107,"West Virginia","Wood County",1,47,1047,538,509
050,54,107,"West Virginia","Wood County",1,48,1102,552,550
050,54,107,"West Virginia","Wood County",1,49,1174,590,584
050,54,107,"West Virginia","Wood County",1,50,1154,579,575
050,54,107,"West Virginia","Wood County",1,51,1139,583,556
050,54,107,"West Virginia","Wood County",1,52,1089,554,535
050,54,107,"West Virginia","Wood County",1,53,1137,581,556
050,54,107,"West Virginia","Wood County",1,54,1153,559,594
050,54,107,"West Virginia","Wood County",1,55,1195,587,608
050,54,107,"West Virginia","Wood County",1,56,1254,611,643
050,54,107,"West Virginia","Wood County",1,57,1237,606,631
050,54,107,"West Virginia","Wood County",1,58,1283,635,648
050,54,107,"West Virginia","Wood County",1,59,1276,622,654
050,54,107,"West Virginia","Wood County",1,60,1237,608,629
050,54,107,"West Virginia","Wood County",1,61,1231,586,645
050,54,107,"West Virginia","Wood County",1,62,1270,621,649
050,54,107,"West Virginia","Wood County",1,63,1243,623,620
050,54,107,"West Virginia","Wood County",1,64,1163,562,601
050,54,107,"West Virginia","Wood County",1,65,1165,548,617
050,54,107,"West Virginia","Wood County",1,66,1115,518,597
050,54,107,"West Virginia","Wood County",1,67,1047,477,570
050,54,107,"West Virginia","Wood County",1,68,1068,498,570
050,54,107,"West Virginia","Wood County",1,69,1006,476,530
050,54,107,"West Virginia","Wood County",1,70,993,450,543
050,54,107,"West Virginia","Wood County",1,71,1048,481,567
050,54,107,"West Virginia","Wood County",1,72,1006,469,537
050,54,107,"West Virginia","Wood County",1,73,1015,474,541
050,54,107,"West Virginia","Wood County",1,74,645,301,344
050,54,107,"West Virginia","Wood County",1,75,699,314,385
050,54,107,"West Virginia","Wood County",1,76,724,336,388
050,54,107,"West Virginia","Wood County",1,77,713,326,387
050,54,107,"West Virginia","Wood County",1,78,632,277,355
050,54,107,"West Virginia","Wood County",1,79,561,253,308
050,54,107,"West Virginia","Wood County",1,80,504,204,300
050,54,107,"West Virginia","Wood County",1,81,470,203,267
050,54,107,"West Virginia","Wood County",1,82,446,193,253
050,54,107,"West Virginia","Wood County",1,83,409,173,236
050,54,107,"West Virginia","Wood County",1,84,327,135,192
050,54,107,"West Virginia","Wood County",1,85,1738,591,1147
050,54,107,"West Virginia","Wood County",2,0,843,423,420
050,54,107,"West Virginia","Wood County",2,1,876,462,414
050,54,107,"West Virginia","Wood County",2,2,907,467,440
050,54,107,"West Virginia","Wood County",2,3,906,447,459
050,54,107,"West Virginia","Wood County",2,4,981,492,489
050,54,107,"West Virginia","Wood County",2,5,1005,516,489
050,54,107,"West Virginia","Wood County",2,6,1019,528,491
050,54,107,"West Virginia","Wood County",2,7,986,500,486
050,54,107,"West Virginia","Wood County",2,8,947,488,459
050,54,107,"West Virginia","Wood County",2,9,965,489,476
050,54,107,"West Virginia","Wood County",2,10,1005,503,502
050,54,107,"West Virginia","Wood County",2,11,1025,523,502
050,54,107,"West Virginia","Wood County",2,12,1044,547,497
050,54,107,"West Virginia","Wood County",2,13,1035,525,510
050,54,107,"West Virginia","Wood County",2,14,1062,540,522
050,54,107,"West Virginia","Wood County",2,15,1051,531,520
050,54,107,"West Virginia","Wood County",2,16,1056,541,515
050,54,107,"West Virginia","Wood County",2,17,1043,536,507
050,54,107,"West Virginia","Wood County",2,18,886,482,404
050,54,107,"West Virginia","Wood County",2,19,723,385,338
050,54,107,"West Virginia","Wood County",2,20,796,403,393
050,54,107,"West Virginia","Wood County",2,21,840,415,425
050,54,107,"West Virginia","Wood County",2,22,871,428,443
050,54,107,"West Virginia","Wood County",2,23,918,469,449
050,54,107,"West Virginia","Wood County",2,24,950,485,465
050,54,107,"West Virginia","Wood County",2,25,947,467,480
050,54,107,"West Virginia","Wood County",2,26,933,455,478
050,54,107,"West Virginia","Wood County",2,27,953,488,465
050,54,107,"West Virginia","Wood County",2,28,1011,520,491
050,54,107,"West Virginia","Wood County",2,29,1034,515,519
050,54,107,"West Virginia","Wood County",2,30,1027,511,516
050,54,107,"West Virginia","Wood County",2,31,964,472,492
050,54,107,"West Virginia","Wood County",2,32,907,441,466
050,54,107,"West Virginia","Wood County",2,33,918,451,467
050,54,107,"West Virginia","Wood County",2,34,905,458,447
050,54,107,"West Virginia","Wood County",2,35,918,474,444
050,54,107,"West Virginia","Wood County",2,36,976,498,478
050,54,107,"West Virginia","Wood County",2,37,1029,517,512
050,54,107,"West Virginia","Wood County",2,38,1028,511,517
050,54,107,"West Virginia","Wood County",2,39,1018,509,509
050,54,107,"West Virginia","Wood County",2,40,1072,542,530
050,54,107,"West Virginia","Wood County",2,41,1020,508,512
050,54,107,"West Virginia","Wood County",2,42,1006,503,503
050,54,107,"West Virginia","Wood County",2,43,1010,512,498
050,54,107,"West Virginia","Wood County",2,44,965,488,477
050,54,107,"West Virginia","Wood County",2,45,1032,512,520
050,54,107,"West Virginia","Wood County",2,46,1032,522,510
050,54,107,"West Virginia","Wood County",2,47,1039,533,506
050,54,107,"West Virginia","Wood County",2,48,1088,549,539
050,54,107,"West Virginia","Wood County",2,49,1162,584,578
050,54,107,"West Virginia","Wood County",2,50,1162,584,578
050,54,107,"West Virginia","Wood County",2,51,1139,580,559
050,54,107,"West Virginia","Wood County",2,52,1093,556,537
050,54,107,"West Virginia","Wood County",2,53,1124,572,552
050,54,107,"West Virginia","Wood County",2,54,1143,561,582
050,54,107,"West Virginia","Wood County",2,55,1181,579,602
050,54,107,"West Virginia","Wood County",2,56,1238,605,633
050,54,107,"West Virginia","Wood County",2,57,1241,607,634
050,54,107,"West Virginia","Wood County",2,58,1267,627,640
050,54,107,"West Virginia","Wood County",2,59,1282,629,653
050,54,107,"West Virginia","Wood County",2,60,1234,604,630
050,54,107,"West Virginia","Wood County",2,61,1217,583,634
050,54,107,"West Virginia","Wood County",2,62,1256,610,646
050,54,107,"West Virginia","Wood County",2,63,1256,624,632
050,54,107,"West Virginia","Wood County",2,64,1176,575,601
050,54,107,"West Virginia","Wood County",2,65,1154,547,607
050,54,107,"West Virginia","Wood County",2,66,1120,519,601
050,54,107,"West Virginia","Wood County",2,67,1053,485,568
050,54,107,"West Virginia","Wood County",2,68,1049,483,566
050,54,107,"West Virginia","Wood County",2,69,1018,480,538
050,54,107,"West Virginia","Wood County",2,70,987,454,533
050,54,107,"West Virginia","Wood County",2,71,1030,470,560
050,54,107,"West Virginia","Wood County",2,72,989,459,530
050,54,107,"West Virginia","Wood County",2,73,1064,496,568
050,54,107,"West Virginia","Wood County",2,74,686,319,367
050,54,107,"West Virginia","Wood County",2,75,680,306,374
050,54,107,"West Virginia","Wood County",2,76,709,325,384
050,54,107,"West Virginia","Wood County",2,77,728,334,394
050,54,107,"West Virginia","Wood County",2,78,633,280,353
050,54,107,"West Virginia","Wood County",2,79,566,252,314
050,54,107,"West Virginia","Wood County",2,80,514,216,298
050,54,107,"West Virginia","Wood County",2,81,476,203,273
050,54,107,"West Virginia","Wood County",2,82,442,188,254
050,54,107,"West Virginia","Wood County",2,83,410,175,235
050,54,107,"West Virginia","Wood County",2,84,335,141,194
050,54,107,"West Virginia","Wood County",2,85,1756,600,1156
050,54,107,"West Virginia","Wood County",3,0,820,450,370
050,54,107,"West Virginia","Wood County",3,1,876,437,439
050,54,107,"West Virginia","Wood County",3,2,888,467,421
050,54,107,"West Virginia","Wood County",3,3,922,460,462
050,54,107,"West Virginia","Wood County",3,4,899,435,464
050,54,107,"West Virginia","Wood County",3,5,971,478,493
050,54,107,"West Virginia","Wood County",3,6,1004,521,483
050,54,107,"West Virginia","Wood County",3,7,1015,521,494
050,54,107,"West Virginia","Wood County",3,8,991,504,487
050,54,107,"West Virginia","Wood County",3,9,950,494,456
050,54,107,"West Virginia","Wood County",3,10,975,495,480
050,54,107,"West Virginia","Wood County",3,11,997,492,505
050,54,107,"West Virginia","Wood County",3,12,1017,516,501
050,54,107,"West Virginia","Wood County",3,13,1054,548,506
050,54,107,"West Virginia","Wood County",3,14,1050,539,511
050,54,107,"West Virginia","Wood County",3,15,1064,534,530
050,54,107,"West Virginia","Wood County",3,16,1054,544,510
050,54,107,"West Virginia","Wood County",3,17,1053,535,518
050,54,107,"West Virginia","Wood County",3,18,872,455,417
050,54,107,"West Virginia","Wood County",3,19,721,383,338
050,54,107,"West Virginia","Wood County",3,20,801,421,380
050,54,107,"West Virginia","Wood County",3,21,835,428,407
050,54,107,"West Virginia","Wood County",3,22,928,450,478
050,54,107,"West Virginia","Wood County",3,23,938,467,471
050,54,107,"West Virginia","Wood County",3,24,947,486,461
050,54,107,"West Virginia","Wood County",3,25,948,477,471
050,54,107,"West Virginia","Wood County",3,26,940,472,468
050,54,107,"West Virginia","Wood County",3,27,907,453,454
050,54,107,"West Virginia","Wood County",3,28,978,490,488
050,54,107,"West Virginia","Wood County",3,29,1010,519,491
050,54,107,"West Virginia","Wood County",3,30,1039,512,527
050,54,107,"West Virginia","Wood County",3,31,1031,510,521
050,54,107,"West Virginia","Wood County",3,32,973,489,484
050,54,107,"West Virginia","Wood County",3,33,923,436,487
050,54,107,"West Virginia","Wood County",3,34,927,459,468
050,54,107,"West Virginia","Wood County",3,35,900,449,451
050,54,107,"West Virginia","Wood County",3,36,928,479,449
050,54,107,"West Virginia","Wood County",3,37,964,494,470
050,54,107,"West Virginia","Wood County",3,38,1027,520,507
050,54,107,"West Virginia","Wood County",3,39,1032,508,524
050,54,107,"West Virginia","Wood County",3,40,1025,505,520
050,54,107,"West Virginia","Wood County",3,41,1064,536,528
050,54,107,"West Virginia","Wood County",3,42,1020,507,513
050,54,107,"West Virginia","Wood County",3,43,1021,515,506
050,54,107,"West Virginia","Wood County",3,44,1004,510,494
050,54,107,"West Virginia","Wood County",3,45,969,490,479
050,54,107,"West Virginia","Wood County",3,46,1025,515,510
050,54,107,"West Virginia","Wood County",3,47,1026,519,507
050,54,107,"West Virginia","Wood County",3,48,1029,523,506
050,54,107,"West Virginia","Wood County",3,49,1093,549,544
050,54,107,"West Virginia","Wood County",3,50,1143,570,573
050,54,107,"West Virginia","Wood County",3,51,1150,579,571
050,54,107,"West Virginia","Wood County",3,52,1127,572,555
050,54,107,"West Virginia","Wood County",3,53,1070,544,526
050,54,107,"West Virginia","Wood County",3,54,1119,569,550
050,54,107,"West Virginia","Wood County",3,55,1120,553,567
050,54,107,"West Virginia","Wood County",3,56,1166,579,587
050,54,107,"West Virginia","Wood County",3,57,1218,592,626
050,54,107,"West Virginia","Wood County",3,58,1230,604,626
050,54,107,"West Virginia","Wood County",3,59,1246,609,637
050,54,107,"West Virginia","Wood County",3,60,1280,637,643
050,54,107,"West Virginia","Wood County",3,61,1220,590,630
050,54,107,"West Virginia","Wood County",3,62,1195,575,620
050,54,107,"West Virginia","Wood County",3,63,1224,600,624
050,54,107,"West Virginia","Wood County",3,64,1228,608,620
050,54,107,"West Virginia","Wood County",3,65,1146,553,593
050,54,107,"West Virginia","Wood County",3,66,1122,527,595
050,54,107,"West Virginia","Wood County",3,67,1113,507,606
050,54,107,"West Virginia","Wood County",3,68,1030,464,566
050,54,107,"West Virginia","Wood County",3,69,1026,472,554
050,54,107,"West Virginia","Wood County",3,70,994,473,521
050,54,107,"West Virginia","Wood County",3,71,963,442,521
050,54,107,"West Virginia","Wood County",3,72,1003,455,548
050,54,107,"West Virginia","Wood County",3,73,950,432,518
050,54,107,"West Virginia","Wood County",3,74,1034,477,557
050,54,107,"West Virginia","Wood County",3,75,662,311,351
050,54,107,"West Virginia","Wood County",3,76,657,290,367
050,54,107,"West Virginia","Wood County",3,77,677,309,368
050,54,107,"West Virginia","Wood County",3,78,695,317,378
050,54,107,"West Virginia","Wood County",3,79,583,254,329
050,54,107,"West Virginia","Wood County",3,80,533,240,293
050,54,107,"West Virginia","Wood County",3,81,470,188,282
050,54,107,"West Virginia","Wood County",3,82,444,175,269
050,54,107,"West Virginia","Wood County",3,83,401,170,231
050,54,107,"West Virginia","Wood County",3,84,360,150,210
050,54,107,"West Virginia","Wood County",3,85,1760,620,1140
050,54,107,"West Virginia","Wood County",4,0,828,418,410
050,54,107,"West Virginia","Wood County",4,1,816,438,378
050,54,107,"West Virginia","Wood County",4,2,887,445,442
050,54,107,"West Virginia","Wood County",4,3,891,472,419
050,54,107,"West Virginia","Wood County",4,4,917,468,449
050,54,107,"West Virginia","Wood County",4,5,916,442,474
050,54,107,"West Virginia","Wood County",4,6,975,485,490
050,54,107,"West Virginia","Wood County",4,7,1008,525,483
050,54,107,"West Virginia","Wood County",4,8,1001,516,485
050,54,107,"West Virginia","Wood County",4,9,1000,513,487
050,54,107,"West Virginia","Wood County",4,10,962,494,468
050,54,107,"West Virginia","Wood County",4,11,967,491,476
050,54,107,"West Virginia","Wood County",4,12,1010,494,516
050,54,107,"West Virginia","Wood County",4,13,1036,529,507
050,54,107,"West Virginia","Wood County",4,14,1056,547,509
050,54,107,"West Virginia","Wood County",4,15,1068,547,521
050,54,107,"West Virginia","Wood County",4,16,1089,551,538
050,54,107,"West Virginia","Wood County",4,17,1045,537,508
050,54,107,"West Virginia","Wood County",4,18,895,479,416
050,54,107,"West Virginia","Wood County",4,19,680,346,334
050,54,107,"West Virginia","Wood County",4,20,776,419,357
050,54,107,"West Virginia","Wood County",4,21,823,430,393
050,54,107,"West Virginia","Wood County",4,22,881,450,431
050,54,107,"West Virginia","Wood County",4,23,930,463,467
050,54,107,"West Virginia","Wood County",4,24,937,467,470
050,54,107,"West Virginia","Wood County",4,25,939,489,450
050,54,107,"West Virginia","Wood County",4,26,957,477,480
050,54,107,"West Virginia","Wood County",4,27,962,474,488
050,54,107,"West Virginia","Wood County",4,28,910,461,449
050,54,107,"West Virginia","Wood County",4,29,980,495,485
050,54,107,"West Virginia","Wood County",4,30,1024,527,497
050,54,107,"West Virginia","Wood County",4,31,1029,508,521
050,54,107,"West Virginia","Wood County",4,32,1010,510,500
050,54,107,"West Virginia","Wood County",4,33,968,480,488
050,54,107,"West Virginia","Wood County",4,34,919,435,484
050,54,107,"West Virginia","Wood County",4,35,924,453,471
050,54,107,"West Virginia","Wood County",4,36,923,447,476
050,54,107,"West Virginia","Wood County",4,37,937,482,455
050,54,107,"West Virginia","Wood County",4,38,968,498,470
050,54,107,"West Virginia","Wood County",4,39,1034,519,515
050,54,107,"West Virginia","Wood County",4,40,1023,502,521
050,54,107,"West Virginia","Wood County",4,41,1012,507,505
050,54,107,"West Virginia","Wood County",4,42,1056,525,531
050,54,107,"West Virginia","Wood County",4,43,1018,491,527
050,54,107,"West Virginia","Wood County",4,44,1018,510,508
050,54,107,"West Virginia","Wood County",4,45,998,501,497
050,54,107,"West Virginia","Wood County",4,46,984,495,489
050,54,107,"West Virginia","Wood County",4,47,1036,517,519
050,54,107,"West Virginia","Wood County",4,48,1011,504,507
050,54,107,"West Virginia","Wood County",4,49,1028,527,501
050,54,107,"West Virginia","Wood County",4,50,1089,547,542
050,54,107,"West Virginia","Wood County",4,51,1133,561,572
050,54,107,"West Virginia","Wood County",4,52,1135,574,561
050,54,107,"West Virginia","Wood County",4,53,1122,576,546
050,54,107,"West Virginia","Wood County",4,54,1061,546,515
050,54,107,"West Virginia","Wood County",4,55,1101,562,539
050,54,107,"West Virginia","Wood County",4,56,1122,551,571
050,54,107,"West Virginia","Wood County",4,57,1146,569,577
050,54,107,"West Virginia","Wood County",4,58,1197,578,619
050,54,107,"West Virginia","Wood County",4,59,1215,597,618
050,54,107,"West Virginia","Wood County",4,60,1232,599,633
050,54,107,"West Virginia","Wood County",4,61,1263,626,637
050,54,107,"West Virginia","Wood County",4,62,1188,564,624
050,54,107,"West Virginia","Wood County",4,63,1182,566,616
050,54,107,"West Virginia","Wood County",4,64,1227,599,628
050,54,107,"West Virginia","Wood County",4,65,1218,601,617
050,54,107,"West Virginia","Wood County",4,66,1132,549,583
050,54,107,"West Virginia","Wood County",4,67,1115,519,596
050,54,107,"West Virginia","Wood County",4,68,1088,493,595
050,54,107,"West Virginia","Wood County",4,69,999,452,547
050,54,107,"West Virginia","Wood County",4,70,1015,459,556
050,54,107,"West Virginia","Wood County",4,71,956,457,499
050,54,107,"West Virginia","Wood County",4,72,924,422,502
050,54,107,"West Virginia","Wood County",4,73,983,442,541
050,54,107,"West Virginia","Wood County",4,74,911,407,504
050,54,107,"West Virginia","Wood County",4,75,1002,464,538
050,54,107,"West Virginia","Wood County",4,76,642,295,347
050,54,107,"West Virginia","Wood County",4,77,621,270,351
050,54,107,"West Virginia","Wood County",4,78,650,296,354
050,54,107,"West Virginia","Wood County",4,79,648,302,346
050,54,107,"West Virginia","Wood County",4,80,553,238,315
050,54,107,"West Virginia","Wood County",4,81,507,226,281
050,54,107,"West Virginia","Wood County",4,82,429,160,269
050,54,107,"West Virginia","Wood County",4,83,424,167,257
050,54,107,"West Virginia","Wood County",4,84,328,134,194
050,54,107,"West Virginia","Wood County",4,85,1768,646,1122
050,54,107,"West Virginia","Wood County",5,0,846,425,421
050,54,107,"West Virginia","Wood County",5,1,810,422,388
050,54,107,"West Virginia","Wood County",5,2,853,452,401
050,54,107,"West Virginia","Wood County",5,3,896,444,452
050,54,107,"West Virginia","Wood County",5,4,900,477,423
050,54,107,"West Virginia","Wood County",5,5,927,476,451
050,54,107,"West Virginia","Wood County",5,6,923,449,474
050,54,107,"West Virginia","Wood County",5,7,969,482,487
050,54,107,"West Virginia","Wood County",5,8,999,519,480
050,54,107,"West Virginia","Wood County",5,9,1006,524,482
050,54,107,"West Virginia","Wood County",5,10,1001,523,478
050,54,107,"West Virginia","Wood County",5,11,973,496,477
050,54,107,"West Virginia","Wood County",5,12,984,497,487
050,54,107,"West Virginia","Wood County",5,13,1011,505,506
050,54,107,"West Virginia","Wood County",5,14,1021,512,509
050,54,107,"West Virginia","Wood County",5,15,1058,552,506
050,54,107,"West Virginia","Wood County",5,16,1061,549,512
050,54,107,"West Virginia","Wood County",5,17,1058,532,526
050,54,107,"West Virginia","Wood County",5,18,865,450,415
050,54,107,"West Virginia","Wood County",5,19,703,368,335
050,54,107,"West Virginia","Wood County",5,20,747,382,365
050,54,107,"West Virginia","Wood County",5,21,821,441,380
050,54,107,"West Virginia","Wood County",5,22,888,453,435
050,54,107,"West Virginia","Wood County",5,23,932,484,448
050,54,107,"West Virginia","Wood County",5,24,943,468,475
050,54,107,"West Virginia","Wood County",5,25,923,474,449
050,54,107,"West Virginia","Wood County",5,26,950,498,452
050,54,107,"West Virginia","Wood County",5,27,967,474,493
050,54,107,"West Virginia","Wood County",5,28,983,482,501
050,54,107,"West Virginia","Wood County",5,29,950,480,470
050,54,107,"West Virginia","Wood County",5,30,981,502,479
050,54,107,"West Virginia","Wood County",5,31,1042,535,507
050,54,107,"West Virginia","Wood County",5,32,1052,530,522
050,54,107,"West Virginia","Wood County",5,33,1001,503,498
050,54,107,"West Virginia","Wood County",5,34,974,486,488
050,54,107,"West Virginia","Wood County",5,35,914,433,481
050,54,107,"West Virginia","Wood County",5,36,932,456,476
050,54,107,"West Virginia","Wood County",5,37,904,444,460
050,54,107,"West Virginia","Wood County",5,38,933,472,461
050,54,107,"West Virginia","Wood County",5,39,963,498,465
050,54,107,"West Virginia","Wood County",5,40,1029,524,505
050,54,107,"West Virginia","Wood County",5,41,1031,510,521
050,54,107,"West Virginia","Wood County",5,42,984,488,496
050,54,107,"West Virginia","Wood County",5,43,1044,508,536
050,54,107,"West Virginia","Wood County",5,44,1006,485,521
050,54,107,"West Virginia","Wood County",5,45,1007,497,510
050,54,107,"West Virginia","Wood County",5,46,999,493,506
050,54,107,"West Virginia","Wood County",5,47,975,485,490
050,54,107,"West Virginia","Wood County",5,48,1030,516,514
050,54,107,"West Virginia","Wood County",5,49,1027,518,509
050,54,107,"West Virginia","Wood County",5,50,1006,515,491
050,54,107,"West Virginia","Wood County",5,51,1099,546,553
050,54,107,"West Virginia","Wood County",5,52,1106,544,562
050,54,107,"West Virginia","Wood County",5,53,1124,579,545
050,54,107,"West Virginia","Wood County",5,54,1097,563,534
050,54,107,"West Virginia","Wood County",5,55,1055,544,511
050,54,107,"West Virginia","Wood County",5,56,1103,563,540
050,54,107,"West Virginia","Wood County",5,57,1101,542,559
050,54,107,"West Virginia","Wood County",5,58,1127,561,566
050,54,107,"West Virginia","Wood County",5,59,1172,571,601
050,54,107,"West Virginia","Wood County",5,60,1198,578,620
050,54,107,"West Virginia","Wood County",5,61,1210,587,623
050,54,107,"West Virginia","Wood County",5,62,1236,610,626
050,54,107,"West Virginia","Wood County",5,63,1163,543,620
050,54,107,"West Virginia","Wood County",5,64,1180,571,609
050,54,107,"West Virginia","Wood County",5,65,1210,589,621
050,54,107,"West Virginia","Wood County",5,66,1199,593,606
050,54,107,"West Virginia","Wood County",5,67,1118,543,575
050,54,107,"West Virginia","Wood County",5,68,1092,505,587
050,54,107,"West Virginia","Wood County",5,69,1055,476,579
050,54,107,"West Virginia","Wood County",5,70,980,441,539
050,54,107,"West Virginia","Wood County",5,71,985,443,542
050,54,107,"West Virginia","Wood County",5,72,917,439,478
050,54,107,"West Virginia","Wood County",5,73,899,403,496
050,54,107,"West Virginia","Wood County",5,74,968,421,547
050,54,107,"West Virginia","Wood County",5,75,877,391,486
050,54,107,"West Virginia","Wood County",5,76,978,447,531
050,54,107,"West Virginia","Wood County",5,77,613,280,333
050,54,107,"West Virginia","Wood County",5,78,583,256,327
050,54,107,"West Virginia","Wood County",5,79,610,282,328
050,54,107,"West Virginia","Wood County",5,80,615,287,328
050,54,107,"West Virginia","Wood County",5,81,518,219,299
050,54,107,"West Virginia","Wood County",5,82,476,203,273
050,54,107,"West Virginia","Wood County",5,83,415,154,261
050,54,107,"West Virginia","Wood County",5,84,372,141,231
050,54,107,"West Virginia","Wood County",5,85,1799,678,1121
050,54,109,"West Virginia","Wyoming County",1,0,173,88,85
050,54,109,"West Virginia","Wyoming County",1,1,187,92,95
050,54,109,"West Virginia","Wyoming County",1,2,205,100,105
050,54,109,"West Virginia","Wyoming County",1,3,209,111,98
050,54,109,"West Virginia","Wyoming County",1,4,207,114,93
050,54,109,"West Virginia","Wyoming County",1,5,231,118,113
050,54,109,"West Virginia","Wyoming County",1,6,227,115,112
050,54,109,"West Virginia","Wyoming County",1,7,229,120,109
050,54,109,"West Virginia","Wyoming County",1,8,251,129,122
050,54,109,"West Virginia","Wyoming County",1,9,258,127,131
050,54,109,"West Virginia","Wyoming County",1,10,257,131,126
050,54,109,"West Virginia","Wyoming County",1,11,269,139,130
050,54,109,"West Virginia","Wyoming County",1,12,274,143,131
050,54,109,"West Virginia","Wyoming County",1,13,281,151,130
050,54,109,"West Virginia","Wyoming County",1,14,269,136,133
050,54,109,"West Virginia","Wyoming County",1,15,264,133,131
050,54,109,"West Virginia","Wyoming County",1,16,287,144,143
050,54,109,"West Virginia","Wyoming County",1,17,292,148,144
050,54,109,"West Virginia","Wyoming County",1,18,234,117,117
050,54,109,"West Virginia","Wyoming County",1,19,172,93,79
050,54,109,"West Virginia","Wyoming County",1,20,195,99,96
050,54,109,"West Virginia","Wyoming County",1,21,210,109,101
050,54,109,"West Virginia","Wyoming County",1,22,221,118,103
050,54,109,"West Virginia","Wyoming County",1,23,242,121,121
050,54,109,"West Virginia","Wyoming County",1,24,223,111,112
050,54,109,"West Virginia","Wyoming County",1,25,217,115,102
050,54,109,"West Virginia","Wyoming County",1,26,227,118,109
050,54,109,"West Virginia","Wyoming County",1,27,210,109,101
050,54,109,"West Virginia","Wyoming County",1,28,240,118,122
050,54,109,"West Virginia","Wyoming County",1,29,246,118,128
050,54,109,"West Virginia","Wyoming County",1,30,246,123,123
050,54,109,"West Virginia","Wyoming County",1,31,236,117,119
050,54,109,"West Virginia","Wyoming County",1,32,214,116,98
050,54,109,"West Virginia","Wyoming County",1,33,218,101,117
050,54,109,"West Virginia","Wyoming County",1,34,211,105,106
050,54,109,"West Virginia","Wyoming County",1,35,213,106,107
050,54,109,"West Virginia","Wyoming County",1,36,211,108,103
050,54,109,"West Virginia","Wyoming County",1,37,218,108,110
050,54,109,"West Virginia","Wyoming County",1,38,223,105,118
050,54,109,"West Virginia","Wyoming County",1,39,235,111,124
050,54,109,"West Virginia","Wyoming County",1,40,258,129,129
050,54,109,"West Virginia","Wyoming County",1,41,259,131,128
050,54,109,"West Virginia","Wyoming County",1,42,315,149,166
050,54,109,"West Virginia","Wyoming County",1,43,314,138,176
050,54,109,"West Virginia","Wyoming County",1,44,303,149,154
050,54,109,"West Virginia","Wyoming County",1,45,296,148,148
050,54,109,"West Virginia","Wyoming County",1,46,281,139,142
050,54,109,"West Virginia","Wyoming County",1,47,304,168,136
050,54,109,"West Virginia","Wyoming County",1,48,312,168,144
050,54,109,"West Virginia","Wyoming County",1,49,297,154,143
050,54,109,"West Virginia","Wyoming County",1,50,266,129,137
050,54,109,"West Virginia","Wyoming County",1,51,266,133,133
050,54,109,"West Virginia","Wyoming County",1,52,286,151,135
050,54,109,"West Virginia","Wyoming County",1,53,269,143,126
050,54,109,"West Virginia","Wyoming County",1,54,272,134,138
050,54,109,"West Virginia","Wyoming County",1,55,298,138,160
050,54,109,"West Virginia","Wyoming County",1,56,289,140,149
050,54,109,"West Virginia","Wyoming County",1,57,290,136,154
050,54,109,"West Virginia","Wyoming County",1,58,288,146,142
050,54,109,"West Virginia","Wyoming County",1,59,297,151,146
050,54,109,"West Virginia","Wyoming County",1,60,305,158,147
050,54,109,"West Virginia","Wyoming County",1,61,326,161,165
050,54,109,"West Virginia","Wyoming County",1,62,362,180,182
050,54,109,"West Virginia","Wyoming County",1,63,352,178,174
050,54,109,"West Virginia","Wyoming County",1,64,348,164,184
050,54,109,"West Virginia","Wyoming County",1,65,363,180,183
050,54,109,"West Virginia","Wyoming County",1,66,364,187,177
050,54,109,"West Virginia","Wyoming County",1,67,346,172,174
050,54,109,"West Virginia","Wyoming County",1,68,337,164,173
050,54,109,"West Virginia","Wyoming County",1,69,315,161,154
050,54,109,"West Virginia","Wyoming County",1,70,332,160,172
050,54,109,"West Virginia","Wyoming County",1,71,317,154,163
050,54,109,"West Virginia","Wyoming County",1,72,270,135,135
050,54,109,"West Virginia","Wyoming County",1,73,270,140,130
050,54,109,"West Virginia","Wyoming County",1,74,193,95,98
050,54,109,"West Virginia","Wyoming County",1,75,189,98,91
050,54,109,"West Virginia","Wyoming County",1,76,157,78,79
050,54,109,"West Virginia","Wyoming County",1,77,153,74,79
050,54,109,"West Virginia","Wyoming County",1,78,124,58,66
050,54,109,"West Virginia","Wyoming County",1,79,123,58,65
050,54,109,"West Virginia","Wyoming County",1,80,113,50,63
050,54,109,"West Virginia","Wyoming County",1,81,103,50,53
050,54,109,"West Virginia","Wyoming County",1,82,96,43,53
050,54,109,"West Virginia","Wyoming County",1,83,84,35,49
050,54,109,"West Virginia","Wyoming County",1,84,71,30,41
050,54,109,"West Virginia","Wyoming County",1,85,384,151,233
050,54,109,"West Virginia","Wyoming County",2,0,183,88,95
050,54,109,"West Virginia","Wyoming County",2,1,183,90,93
050,54,109,"West Virginia","Wyoming County",2,2,202,98,104
050,54,109,"West Virginia","Wyoming County",2,3,208,109,99
050,54,109,"West Virginia","Wyoming County",2,4,209,114,95
050,54,109,"West Virginia","Wyoming County",2,5,225,117,108
050,54,109,"West Virginia","Wyoming County",2,6,230,117,113
050,54,109,"West Virginia","Wyoming County",2,7,229,118,111
050,54,109,"West Virginia","Wyoming County",2,8,243,126,117
050,54,109,"West Virginia","Wyoming County",2,9,254,126,128
050,54,109,"West Virginia","Wyoming County",2,10,259,130,129
050,54,109,"West Virginia","Wyoming County",2,11,266,137,129
050,54,109,"West Virginia","Wyoming County",2,12,273,141,132
050,54,109,"West Virginia","Wyoming County",2,13,278,148,130
050,54,109,"West Virginia","Wyoming County",2,14,269,138,131
050,54,109,"West Virginia","Wyoming County",2,15,264,133,131
050,54,109,"West Virginia","Wyoming County",2,16,280,141,139
050,54,109,"West Virginia","Wyoming County",2,17,291,148,143
050,54,109,"West Virginia","Wyoming County",2,18,233,119,114
050,54,109,"West Virginia","Wyoming County",2,19,175,92,83
050,54,109,"West Virginia","Wyoming County",2,20,194,98,96
050,54,109,"West Virginia","Wyoming County",2,21,209,108,101
050,54,109,"West Virginia","Wyoming County",2,22,222,118,104
050,54,109,"West Virginia","Wyoming County",2,23,238,120,118
050,54,109,"West Virginia","Wyoming County",2,24,228,114,114
050,54,109,"West Virginia","Wyoming County",2,25,221,116,105
050,54,109,"West Virginia","Wyoming County",2,26,224,118,106
050,54,109,"West Virginia","Wyoming County",2,27,214,112,102
050,54,109,"West Virginia","Wyoming County",2,28,233,115,118
050,54,109,"West Virginia","Wyoming County",2,29,246,118,128
050,54,109,"West Virginia","Wyoming County",2,30,245,122,123
050,54,109,"West Virginia","Wyoming County",2,31,237,118,119
050,54,109,"West Virginia","Wyoming County",2,32,218,116,102
050,54,109,"West Virginia","Wyoming County",2,33,218,105,113
050,54,109,"West Virginia","Wyoming County",2,34,213,104,109
050,54,109,"West Virginia","Wyoming County",2,35,214,107,107
050,54,109,"West Virginia","Wyoming County",2,36,210,106,104
050,54,109,"West Virginia","Wyoming County",2,37,216,109,107
050,54,109,"West Virginia","Wyoming County",2,38,221,106,115
050,54,109,"West Virginia","Wyoming County",2,39,229,108,121
050,54,109,"West Virginia","Wyoming County",2,40,253,124,129
050,54,109,"West Virginia","Wyoming County",2,41,259,130,129
050,54,109,"West Virginia","Wyoming County",2,42,301,145,156
050,54,109,"West Virginia","Wyoming County",2,43,314,142,172
050,54,109,"West Virginia","Wyoming County",2,44,304,146,158
050,54,109,"West Virginia","Wyoming County",2,45,297,147,150
050,54,109,"West Virginia","Wyoming County",2,46,284,141,143
050,54,109,"West Virginia","Wyoming County",2,47,296,158,138
050,54,109,"West Virginia","Wyoming County",2,48,311,169,142
050,54,109,"West Virginia","Wyoming County",2,49,303,159,144
050,54,109,"West Virginia","Wyoming County",2,50,273,135,138
050,54,109,"West Virginia","Wyoming County",2,51,263,129,134
050,54,109,"West Virginia","Wyoming County",2,52,279,145,134
050,54,109,"West Virginia","Wyoming County",2,53,274,145,129
050,54,109,"West Virginia","Wyoming County",2,54,271,136,135
050,54,109,"West Virginia","Wyoming County",2,55,292,138,154
050,54,109,"West Virginia","Wyoming County",2,56,293,141,152
050,54,109,"West Virginia","Wyoming County",2,57,291,138,153
050,54,109,"West Virginia","Wyoming County",2,58,287,143,144
050,54,109,"West Virginia","Wyoming County",2,59,295,150,145
050,54,109,"West Virginia","Wyoming County",2,60,303,156,147
050,54,109,"West Virginia","Wyoming County",2,61,319,160,159
050,54,109,"West Virginia","Wyoming County",2,62,351,174,177
050,54,109,"West Virginia","Wyoming County",2,63,356,180,176
050,54,109,"West Virginia","Wyoming County",2,64,344,164,180
050,54,109,"West Virginia","Wyoming County",2,65,355,174,181
050,54,109,"West Virginia","Wyoming County",2,66,362,185,177
050,54,109,"West Virginia","Wyoming County",2,67,347,173,174
050,54,109,"West Virginia","Wyoming County",2,68,333,164,169
050,54,109,"West Virginia","Wyoming County",2,69,319,160,159
050,54,109,"West Virginia","Wyoming County",2,70,323,159,164
050,54,109,"West Virginia","Wyoming County",2,71,322,157,165
050,54,109,"West Virginia","Wyoming County",2,72,274,136,138
050,54,109,"West Virginia","Wyoming County",2,73,282,146,136
050,54,109,"West Virginia","Wyoming County",2,74,197,98,99
050,54,109,"West Virginia","Wyoming County",2,75,188,96,92
050,54,109,"West Virginia","Wyoming County",2,76,162,82,80
050,54,109,"West Virginia","Wyoming County",2,77,155,75,80
050,54,109,"West Virginia","Wyoming County",2,78,126,58,68
050,54,109,"West Virginia","Wyoming County",2,79,119,57,62
050,54,109,"West Virginia","Wyoming County",2,80,112,50,62
050,54,109,"West Virginia","Wyoming County",2,81,101,49,52
050,54,109,"West Virginia","Wyoming County",2,82,93,42,51
050,54,109,"West Virginia","Wyoming County",2,83,85,36,49
050,54,109,"West Virginia","Wyoming County",2,84,72,31,41
050,54,109,"West Virginia","Wyoming County",2,85,378,151,227
050,54,109,"West Virginia","Wyoming County",3,0,199,107,92
050,54,109,"West Virginia","Wyoming County",3,1,190,89,101
050,54,109,"West Virginia","Wyoming County",3,2,181,85,96
050,54,109,"West Virginia","Wyoming County",3,3,202,95,107
050,54,109,"West Virginia","Wyoming County",3,4,204,106,98
050,54,109,"West Virginia","Wyoming County",3,5,206,112,94
050,54,109,"West Virginia","Wyoming County",3,6,231,120,111
050,54,109,"West Virginia","Wyoming County",3,7,226,118,108
050,54,109,"West Virginia","Wyoming County",3,8,224,114,110
050,54,109,"West Virginia","Wyoming County",3,9,244,129,115
050,54,109,"West Virginia","Wyoming County",3,10,254,126,128
050,54,109,"West Virginia","Wyoming County",3,11,259,132,127
050,54,109,"West Virginia","Wyoming County",3,12,262,130,132
050,54,109,"West Virginia","Wyoming County",3,13,273,138,135
050,54,109,"West Virginia","Wyoming County",3,14,275,147,128
050,54,109,"West Virginia","Wyoming County",3,15,272,140,132
050,54,109,"West Virginia","Wyoming County",3,16,270,136,134
050,54,109,"West Virginia","Wyoming County",3,17,272,137,135
050,54,109,"West Virginia","Wyoming County",3,18,254,134,120
050,54,109,"West Virginia","Wyoming County",3,19,187,97,90
050,54,109,"West Virginia","Wyoming County",3,20,192,99,93
050,54,109,"West Virginia","Wyoming County",3,21,191,98,93
050,54,109,"West Virginia","Wyoming County",3,22,221,114,107
050,54,109,"West Virginia","Wyoming County",3,23,250,130,120
050,54,109,"West Virginia","Wyoming County",3,24,237,125,112
050,54,109,"West Virginia","Wyoming County",3,25,224,108,116
050,54,109,"West Virginia","Wyoming County",3,26,222,123,99
050,54,109,"West Virginia","Wyoming County",3,27,223,116,107
050,54,109,"West Virginia","Wyoming County",3,28,207,107,100
050,54,109,"West Virginia","Wyoming County",3,29,230,117,113
050,54,109,"West Virginia","Wyoming County",3,30,242,120,122
050,54,109,"West Virginia","Wyoming County",3,31,240,119,121
050,54,109,"West Virginia","Wyoming County",3,32,235,117,118
050,54,109,"West Virginia","Wyoming County",3,33,208,110,98
050,54,109,"West Virginia","Wyoming County",3,34,215,101,114
050,54,109,"West Virginia","Wyoming County",3,35,218,106,112
050,54,109,"West Virginia","Wyoming County",3,36,209,101,108
050,54,109,"West Virginia","Wyoming County",3,37,207,103,104
050,54,109,"West Virginia","Wyoming County",3,38,216,109,107
050,54,109,"West Virginia","Wyoming County",3,39,218,105,113
050,54,109,"West Virginia","Wyoming County",3,40,220,101,119
050,54,109,"West Virginia","Wyoming County",3,41,246,118,128
050,54,109,"West Virginia","Wyoming County",3,42,253,127,126
050,54,109,"West Virginia","Wyoming County",3,43,301,145,156
050,54,109,"West Virginia","Wyoming County",3,44,313,141,172
050,54,109,"West Virginia","Wyoming County",3,45,293,143,150
050,54,109,"West Virginia","Wyoming County",3,46,298,147,151
050,54,109,"West Virginia","Wyoming County",3,47,278,137,141
050,54,109,"West Virginia","Wyoming County",3,48,286,154,132
050,54,109,"West Virginia","Wyoming County",3,49,308,172,136
050,54,109,"West Virginia","Wyoming County",3,50,290,152,138
050,54,109,"West Virginia","Wyoming County",3,51,264,127,137
050,54,109,"West Virginia","Wyoming County",3,52,267,130,137
050,54,109,"West Virginia","Wyoming County",3,53,276,143,133
050,54,109,"West Virginia","Wyoming County",3,54,267,141,126
050,54,109,"West Virginia","Wyoming County",3,55,265,133,132
050,54,109,"West Virginia","Wyoming County",3,56,294,136,158
050,54,109,"West Virginia","Wyoming County",3,57,288,136,152
050,54,109,"West Virginia","Wyoming County",3,58,283,133,150
050,54,109,"West Virginia","Wyoming County",3,59,286,144,142
050,54,109,"West Virginia","Wyoming County",3,60,293,145,148
050,54,109,"West Virginia","Wyoming County",3,61,292,155,137
050,54,109,"West Virginia","Wyoming County",3,62,309,155,154
050,54,109,"West Virginia","Wyoming County",3,63,345,169,176
050,54,109,"West Virginia","Wyoming County",3,64,348,177,171
050,54,109,"West Virginia","Wyoming County",3,65,334,163,171
050,54,109,"West Virginia","Wyoming County",3,66,347,172,175
050,54,109,"West Virginia","Wyoming County",3,67,358,183,175
050,54,109,"West Virginia","Wyoming County",3,68,340,171,169
050,54,109,"West Virginia","Wyoming County",3,69,324,159,165
050,54,109,"West Virginia","Wyoming County",3,70,311,156,155
050,54,109,"West Virginia","Wyoming County",3,71,310,151,159
050,54,109,"West Virginia","Wyoming County",3,72,303,146,157
050,54,109,"West Virginia","Wyoming County",3,73,267,135,132
050,54,109,"West Virginia","Wyoming County",3,74,276,143,133
050,54,109,"West Virginia","Wyoming County",3,75,183,89,94
050,54,109,"West Virginia","Wyoming County",3,76,174,88,86
050,54,109,"West Virginia","Wyoming County",3,77,144,72,72
050,54,109,"West Virginia","Wyoming County",3,78,148,76,72
050,54,109,"West Virginia","Wyoming County",3,79,124,58,66
050,54,109,"West Virginia","Wyoming County",3,80,109,53,56
050,54,109,"West Virginia","Wyoming County",3,81,101,46,55
050,54,109,"West Virginia","Wyoming County",3,82,94,44,50
050,54,109,"West Virginia","Wyoming County",3,83,80,36,44
050,54,109,"West Virginia","Wyoming County",3,84,74,31,43
050,54,109,"West Virginia","Wyoming County",3,85,375,146,229
050,54,109,"West Virginia","Wyoming County",4,0,201,104,97
050,54,109,"West Virginia","Wyoming County",4,1,206,107,99
050,54,109,"West Virginia","Wyoming County",4,2,190,90,100
050,54,109,"West Virginia","Wyoming County",4,3,190,91,99
050,54,109,"West Virginia","Wyoming County",4,4,191,88,103
050,54,109,"West Virginia","Wyoming County",4,5,202,103,99
050,54,109,"West Virginia","Wyoming County",4,6,202,107,95
050,54,109,"West Virginia","Wyoming County",4,7,231,118,113
050,54,109,"West Virginia","Wyoming County",4,8,218,113,105
050,54,109,"West Virginia","Wyoming County",4,9,225,115,110
050,54,109,"West Virginia","Wyoming County",4,10,240,129,111
050,54,109,"West Virginia","Wyoming County",4,11,251,130,121
050,54,109,"West Virginia","Wyoming County",4,12,253,127,126
050,54,109,"West Virginia","Wyoming County",4,13,261,129,132
050,54,109,"West Virginia","Wyoming County",4,14,264,133,131
050,54,109,"West Virginia","Wyoming County",4,15,275,142,133
050,54,109,"West Virginia","Wyoming County",4,16,275,144,131
050,54,109,"West Virginia","Wyoming County",4,17,274,140,134
050,54,109,"West Virginia","Wyoming County",4,18,219,112,107
050,54,109,"West Virginia","Wyoming County",4,19,188,100,88
050,54,109,"West Virginia","Wyoming County",4,20,197,103,94
050,54,109,"West Virginia","Wyoming County",4,21,187,98,89
050,54,109,"West Virginia","Wyoming County",4,22,202,100,102
050,54,109,"West Virginia","Wyoming County",4,23,229,118,111
050,54,109,"West Virginia","Wyoming County",4,24,250,130,120
050,54,109,"West Virginia","Wyoming County",4,25,232,123,109
050,54,109,"West Virginia","Wyoming County",4,26,212,110,102
050,54,109,"West Virginia","Wyoming County",4,27,219,120,99
050,54,109,"West Virginia","Wyoming County",4,28,208,106,102
050,54,109,"West Virginia","Wyoming County",4,29,200,103,97
050,54,109,"West Virginia","Wyoming County",4,30,223,112,111
050,54,109,"West Virginia","Wyoming County",4,31,241,122,119
050,54,109,"West Virginia","Wyoming County",4,32,240,121,119
050,54,109,"West Virginia","Wyoming County",4,33,228,115,113
050,54,109,"West Virginia","Wyoming County",4,34,207,106,101
050,54,109,"West Virginia","Wyoming County",4,35,213,103,110
050,54,109,"West Virginia","Wyoming County",4,36,215,103,112
050,54,109,"West Virginia","Wyoming County",4,37,211,102,109
050,54,109,"West Virginia","Wyoming County",4,38,200,100,100
050,54,109,"West Virginia","Wyoming County",4,39,209,105,104
050,54,109,"West Virginia","Wyoming County",4,40,224,109,115
050,54,109,"West Virginia","Wyoming County",4,41,217,102,115
050,54,109,"West Virginia","Wyoming County",4,42,240,118,122
050,54,109,"West Virginia","Wyoming County",4,43,245,126,119
050,54,109,"West Virginia","Wyoming County",4,44,280,137,143
050,54,109,"West Virginia","Wyoming County",4,45,309,139,170
050,54,109,"West Virginia","Wyoming County",4,46,296,146,150
050,54,109,"West Virginia","Wyoming County",4,47,287,137,150
050,54,109,"West Virginia","Wyoming County",4,48,274,134,140
050,54,109,"West Virginia","Wyoming County",4,49,288,155,133
050,54,109,"West Virginia","Wyoming County",4,50,305,170,135
050,54,109,"West Virginia","Wyoming County",4,51,293,155,138
050,54,109,"West Virginia","Wyoming County",4,52,261,123,138
050,54,109,"West Virginia","Wyoming County",4,53,263,128,135
050,54,109,"West Virginia","Wyoming County",4,54,269,138,131
050,54,109,"West Virginia","Wyoming County",4,55,262,138,124
050,54,109,"West Virginia","Wyoming County",4,56,259,127,132
050,54,109,"West Virginia","Wyoming County",4,57,286,131,155
050,54,109,"West Virginia","Wyoming County",4,58,276,133,143
050,54,109,"West Virginia","Wyoming County",4,59,270,126,144
050,54,109,"West Virginia","Wyoming County",4,60,281,136,145
050,54,109,"West Virginia","Wyoming County",4,61,290,147,143
050,54,109,"West Virginia","Wyoming County",4,62,283,151,132
050,54,109,"West Virginia","Wyoming County",4,63,298,149,149
050,54,109,"West Virginia","Wyoming County",4,64,327,159,168
050,54,109,"West Virginia","Wyoming County",4,65,337,174,163
050,54,109,"West Virginia","Wyoming County",4,66,326,156,170
050,54,109,"West Virginia","Wyoming County",4,67,341,169,172
050,54,109,"West Virginia","Wyoming County",4,68,342,176,166
050,54,109,"West Virginia","Wyoming County",4,69,320,162,158
050,54,109,"West Virginia","Wyoming County",4,70,318,158,160
050,54,109,"West Virginia","Wyoming County",4,71,298,147,151
050,54,109,"West Virginia","Wyoming County",4,72,292,142,150
050,54,109,"West Virginia","Wyoming County",4,73,291,138,153
050,54,109,"West Virginia","Wyoming County",4,74,252,125,127
050,54,109,"West Virginia","Wyoming County",4,75,266,140,126
050,54,109,"West Virginia","Wyoming County",4,76,175,88,87
050,54,109,"West Virginia","Wyoming County",4,77,164,82,82
050,54,109,"West Virginia","Wyoming County",4,78,139,67,72
050,54,109,"West Virginia","Wyoming County",4,79,144,74,70
050,54,109,"West Virginia","Wyoming County",4,80,114,52,62
050,54,109,"West Virginia","Wyoming County",4,81,91,47,44
050,54,109,"West Virginia","Wyoming County",4,82,89,40,49
050,54,109,"West Virginia","Wyoming County",4,83,77,37,40
050,54,109,"West Virginia","Wyoming County",4,84,72,30,42
050,54,109,"West Virginia","Wyoming County",4,85,362,143,219
050,54,109,"West Virginia","Wyoming County",5,0,204,106,98
050,54,109,"West Virginia","Wyoming County",5,1,202,105,97
050,54,109,"West Virginia","Wyoming County",5,2,205,109,96
050,54,109,"West Virginia","Wyoming County",5,3,192,89,103
050,54,109,"West Virginia","Wyoming County",5,4,188,89,99
050,54,109,"West Virginia","Wyoming County",5,5,201,96,105
050,54,109,"West Virginia","Wyoming County",5,6,202,103,99
050,54,109,"West Virginia","Wyoming County",5,7,197,107,90
050,54,109,"West Virginia","Wyoming County",5,8,236,118,118
050,54,109,"West Virginia","Wyoming County",5,9,219,114,105
050,54,109,"West Virginia","Wyoming County",5,10,221,110,111
050,54,109,"West Virginia","Wyoming County",5,11,246,131,115
050,54,109,"West Virginia","Wyoming County",5,12,250,128,122
050,54,109,"West Virginia","Wyoming County",5,13,258,129,129
050,54,109,"West Virginia","Wyoming County",5,14,266,130,136
050,54,109,"West Virginia","Wyoming County",5,15,268,133,135
050,54,109,"West Virginia","Wyoming County",5,16,273,148,125
050,54,109,"West Virginia","Wyoming County",5,17,268,143,125
050,54,109,"West Virginia","Wyoming County",5,18,231,120,111
050,54,109,"West Virginia","Wyoming County",5,19,168,86,82
050,54,109,"West Virginia","Wyoming County",5,20,198,102,96
050,54,109,"West Virginia","Wyoming County",5,21,200,105,95
050,54,109,"West Virginia","Wyoming County",5,22,211,107,104
050,54,109,"West Virginia","Wyoming County",5,23,193,100,93
050,54,109,"West Virginia","Wyoming County",5,24,231,117,114
050,54,109,"West Virginia","Wyoming County",5,25,244,131,113
050,54,109,"West Virginia","Wyoming County",5,26,229,121,108
050,54,109,"West Virginia","Wyoming County",5,27,207,103,104
050,54,109,"West Virginia","Wyoming County",5,28,224,118,106
050,54,109,"West Virginia","Wyoming County",5,29,206,105,101
050,54,109,"West Virginia","Wyoming County",5,30,196,103,93
050,54,109,"West Virginia","Wyoming County",5,31,217,107,110
050,54,109,"West Virginia","Wyoming County",5,32,240,119,121
050,54,109,"West Virginia","Wyoming County",5,33,249,125,124
050,54,109,"West Virginia","Wyoming County",5,34,223,110,113
050,54,109,"West Virginia","Wyoming County",5,35,202,106,96
050,54,109,"West Virginia","Wyoming County",5,36,209,104,105
050,54,109,"West Virginia","Wyoming County",5,37,216,105,111
050,54,109,"West Virginia","Wyoming County",5,38,204,97,107
050,54,109,"West Virginia","Wyoming County",5,39,201,100,101
050,54,109,"West Virginia","Wyoming County",5,40,218,111,107
050,54,109,"West Virginia","Wyoming County",5,41,215,106,109
050,54,109,"West Virginia","Wyoming County",5,42,212,98,114
050,54,109,"West Virginia","Wyoming County",5,43,240,119,121
050,54,109,"West Virginia","Wyoming County",5,44,239,121,118
050,54,109,"West Virginia","Wyoming County",5,45,274,133,141
050,54,109,"West Virginia","Wyoming County",5,46,313,141,172
050,54,109,"West Virginia","Wyoming County",5,47,291,140,151
050,54,109,"West Virginia","Wyoming County",5,48,282,134,148
050,54,109,"West Virginia","Wyoming County",5,49,267,131,136
050,54,109,"West Virginia","Wyoming County",5,50,289,159,130
050,54,109,"West Virginia","Wyoming County",5,51,299,168,131
050,54,109,"West Virginia","Wyoming County",5,52,292,152,140
050,54,109,"West Virginia","Wyoming County",5,53,259,120,139
050,54,109,"West Virginia","Wyoming County",5,54,253,122,131
050,54,109,"West Virginia","Wyoming County",5,55,267,137,130
050,54,109,"West Virginia","Wyoming County",5,56,262,138,124
050,54,109,"West Virginia","Wyoming County",5,57,255,125,130
050,54,109,"West Virginia","Wyoming County",5,58,277,129,148
050,54,109,"West Virginia","Wyoming County",5,59,267,130,137
050,54,109,"West Virginia","Wyoming County",5,60,266,121,145
050,54,109,"West Virginia","Wyoming County",5,61,276,138,138
050,54,109,"West Virginia","Wyoming County",5,62,285,142,143
050,54,109,"West Virginia","Wyoming County",5,63,271,143,128
050,54,109,"West Virginia","Wyoming County",5,64,289,143,146
050,54,109,"West Virginia","Wyoming County",5,65,312,154,158
050,54,109,"West Virginia","Wyoming County",5,66,329,169,160
050,54,109,"West Virginia","Wyoming County",5,67,320,153,167
050,54,109,"West Virginia","Wyoming County",5,68,330,163,167
050,54,109,"West Virginia","Wyoming County",5,69,329,172,157
050,54,109,"West Virginia","Wyoming County",5,70,313,159,154
050,54,109,"West Virginia","Wyoming County",5,71,309,153,156
050,54,109,"West Virginia","Wyoming County",5,72,279,138,141
050,54,109,"West Virginia","Wyoming County",5,73,274,131,143
050,54,109,"West Virginia","Wyoming County",5,74,281,130,151
050,54,109,"West Virginia","Wyoming County",5,75,237,120,117
050,54,109,"West Virginia","Wyoming County",5,76,248,135,113
050,54,109,"West Virginia","Wyoming County",5,77,160,82,78
050,54,109,"West Virginia","Wyoming County",5,78,155,76,79
050,54,109,"West Virginia","Wyoming County",5,79,136,65,71
050,54,109,"West Virginia","Wyoming County",5,80,129,64,65
050,54,109,"West Virginia","Wyoming County",5,81,97,45,52
050,54,109,"West Virginia","Wyoming County",5,82,83,43,40
050,54,109,"West Virginia","Wyoming County",5,83,70,30,40
050,54,109,"West Virginia","Wyoming County",5,84,68,31,37
050,54,109,"West Virginia","Wyoming County",5,85,365,147,218

