"SUMLEV","STATE","COUNTY","STNAME","CTYNAME","YEAR","AGE","TOT_POP","TOT_MALE","TOT_FEMALE"
050,72,001,"Puerto Rico Commonwealth","Adjuntas Municipio",1,0,98,55,43
050,72,001,"Puerto Rico Commonwealth","Adjuntas Municipio",1,1,108,58,50
050,72,001,"Puerto Rico Commonwealth","Adjuntas Municipio",1,2,112,53,59
050,72,001,"Puerto Rico Commonwealth","Adjuntas Municipio",1,3,133,72,61
050,72,001,"Puerto Rico Commonwealth","Adjuntas Municipio",1,4,154,77,77
050,72,001,"Puerto Rico Commonwealth","Adjuntas Municipio",1,5,176,80,96
050,72,001,"Puerto Rico Commonwealth","Adjuntas Municipio",1,6,188,92,96
050,72,001,"Puerto Rico Commonwealth","Adjuntas Municipio",1,7,196,108,88
050,72,001,"Puerto Rico Commonwealth","Adjuntas Municipio",1,8,187,95,92
050,72,001,"Puerto Rico Commonwealth","Adjuntas Municipio",1,9,199,98,101
050,72,001,"Puerto Rico Commonwealth","Adjuntas Municipio",1,10,223,102,121
050,72,001,"Puerto Rico Commonwealth","Adjuntas Municipio",1,11,239,115,124
050,72,001,"Puerto Rico Commonwealth","Adjuntas Municipio",1,12,232,107,125
050,72,001,"Puerto Rico Commonwealth","Adjuntas Municipio",1,13,220,114,106
050,72,001,"Puerto Rico Commonwealth","Adjuntas Municipio",1,14,215,120,95
050,72,001,"Puerto Rico Commonwealth","Adjuntas Municipio",1,15,225,113,112
050,72,001,"Puerto Rico Commonwealth","Adjuntas Municipio",1,16,202,100,102
050,72,001,"Puerto Rico Commonwealth","Adjuntas Municipio",1,17,204,108,96
050,72,001,"Puerto Rico Commonwealth","Adjuntas Municipio",1,18,227,115,112
050,72,001,"Puerto Rico Commonwealth","Adjuntas Municipio",1,19,235,124,111
050,72,001,"Puerto Rico Commonwealth","Adjuntas Municipio",1,20,231,118,113
050,72,001,"Puerto Rico Commonwealth","Adjuntas Municipio",1,21,215,108,107
050,72,001,"Puerto Rico Commonwealth","Adjuntas Municipio",1,22,238,116,122
050,72,001,"Puerto Rico Commonwealth","Adjuntas Municipio",1,23,225,114,111
050,72,001,"Puerto Rico Commonwealth","Adjuntas Municipio",1,24,219,105,114
050,72,001,"Puerto Rico Commonwealth","Adjuntas Municipio",1,25,222,114,108
050,72,001,"Puerto Rico Commonwealth","Adjuntas Municipio",1,26,225,120,105
050,72,001,"Puerto Rico Commonwealth","Adjuntas Municipio",1,27,232,121,111
050,72,001,"Puerto Rico Commonwealth","Adjuntas Municipio",1,28,229,115,114
050,72,001,"Puerto Rico Commonwealth","Adjuntas Municipio",1,29,247,131,116
050,72,001,"Puerto Rico Commonwealth","Adjuntas Municipio",1,30,231,113,118
050,72,001,"Puerto Rico Commonwealth","Adjuntas Municipio",1,31,210,102,108
050,72,001,"Puerto Rico Commonwealth","Adjuntas Municipio",1,32,202,102,100
050,72,001,"Puerto Rico Commonwealth","Adjuntas Municipio",1,33,193,94,99
050,72,001,"Puerto Rico Commonwealth","Adjuntas Municipio",1,34,197,92,105
050,72,001,"Puerto Rico Commonwealth","Adjuntas Municipio",1,35,212,99,113
050,72,001,"Puerto Rico Commonwealth","Adjuntas Municipio",1,36,212,96,116
050,72,001,"Puerto Rico Commonwealth","Adjuntas Municipio",1,37,214,98,116
050,72,001,"Puerto Rico Commonwealth","Adjuntas Municipio",1,38,221,106,115
050,72,001,"Puerto Rico Commonwealth","Adjuntas Municipio",1,39,228,108,120
050,72,001,"Puerto Rico Commonwealth","Adjuntas Municipio",1,40,221,111,110
050,72,001,"Puerto Rico Commonwealth","Adjuntas Municipio",1,41,218,106,112
050,72,001,"Puerto Rico Commonwealth","Adjuntas Municipio",1,42,219,103,116
050,72,001,"Puerto Rico Commonwealth","Adjuntas Municipio",1,43,220,100,120
050,72,001,"Puerto Rico Commonwealth","Adjuntas Municipio",1,44,222,97,125
050,72,001,"Puerto Rico Commonwealth","Adjuntas Municipio",1,45,210,100,110
050,72,001,"Puerto Rico Commonwealth","Adjuntas Municipio",1,46,198,94,104
050,72,001,"Puerto Rico Commonwealth","Adjuntas Municipio",1,47,204,103,101
050,72,001,"Puerto Rico Commonwealth","Adjuntas Municipio",1,48,212,102,110
050,72,001,"Puerto Rico Commonwealth","Adjuntas Municipio",1,49,227,108,119
050,72,001,"Puerto Rico Commonwealth","Adjuntas Municipio",1,50,237,121,116
050,72,001,"Puerto Rico Commonwealth","Adjuntas Municipio",1,51,246,120,126
050,72,001,"Puerto Rico Commonwealth","Adjuntas Municipio",1,52,271,125,146
050,72,001,"Puerto Rico Commonwealth","Adjuntas Municipio",1,53,261,123,138
050,72,001,"Puerto Rico Commonwealth","Adjuntas Municipio",1,54,251,120,131
050,72,001,"Puerto Rico Commonwealth","Adjuntas Municipio",1,55,253,125,128
050,72,001,"Puerto Rico Commonwealth","Adjuntas Municipio",1,56,266,136,130
050,72,001,"Puerto Rico Commonwealth","Adjuntas Municipio",1,57,268,140,128
050,72,001,"Puerto Rico Commonwealth","Adjuntas Municipio",1,58,277,131,146
050,72,001,"Puerto Rico Commonwealth","Adjuntas Municipio",1,59,283,128,155
050,72,001,"Puerto Rico Commonwealth","Adjuntas Municipio",1,60,277,131,146
050,72,001,"Puerto Rico Commonwealth","Adjuntas Municipio",1,61,251,119,132
050,72,001,"Puerto Rico Commonwealth","Adjuntas Municipio",1,62,232,114,118
050,72,001,"Puerto Rico Commonwealth","Adjuntas Municipio",1,63,253,124,129
050,72,001,"Puerto Rico Commonwealth","Adjuntas Municipio",1,64,264,132,132
050,72,001,"Puerto Rico Commonwealth","Adjuntas Municipio",1,65,262,120,142
050,72,001,"Puerto Rico Commonwealth","Adjuntas Municipio",1,66,240,120,120
050,72,001,"Puerto Rico Commonwealth","Adjuntas Municipio",1,67,233,113,120
050,72,001,"Puerto Rico Commonwealth","Adjuntas Municipio",1,68,213,102,111
050,72,001,"Puerto Rico Commonwealth","Adjuntas Municipio",1,69,204,96,108
050,72,001,"Puerto Rico Commonwealth","Adjuntas Municipio",1,70,207,106,101
050,72,001,"Puerto Rico Commonwealth","Adjuntas Municipio",1,71,199,101,98
050,72,001,"Puerto Rico Commonwealth","Adjuntas Municipio",1,72,202,96,106
050,72,001,"Puerto Rico Commonwealth","Adjuntas Municipio",1,73,199,91,108
050,72,001,"Puerto Rico Commonwealth","Adjuntas Municipio",1,74,195,100,95
050,72,001,"Puerto Rico Commonwealth","Adjuntas Municipio",1,75,160,83,77
050,72,001,"Puerto Rico Commonwealth","Adjuntas Municipio",1,76,140,63,77
050,72,001,"Puerto Rico Commonwealth","Adjuntas Municipio",1,77,146,69,77
050,72,001,"Puerto Rico Commonwealth","Adjuntas Municipio",1,78,136,68,68
050,72,001,"Puerto Rico Commonwealth","Adjuntas Municipio",1,79,124,60,64
050,72,001,"Puerto Rico Commonwealth","Adjuntas Municipio",1,80,111,55,56
050,72,001,"Puerto Rico Commonwealth","Adjuntas Municipio",1,81,100,47,53
050,72,001,"Puerto Rico Commonwealth","Adjuntas Municipio",1,82,104,48,56
050,72,001,"Puerto Rico Commonwealth","Adjuntas Municipio",1,83,84,35,49
050,72,001,"Puerto Rico Commonwealth","Adjuntas Municipio",1,84,73,34,39
050,72,001,"Puerto Rico Commonwealth","Adjuntas Municipio",1,85,471,186,285
050,72,001,"Puerto Rico Commonwealth","Adjuntas Municipio",2,0,92,52,40
050,72,001,"Puerto Rico Commonwealth","Adjuntas Municipio",2,1,106,58,48
050,72,001,"Puerto Rico Commonwealth","Adjuntas Municipio",2,2,111,54,57
050,72,001,"Puerto Rico Commonwealth","Adjuntas Municipio",2,3,127,67,60
050,72,001,"Puerto Rico Commonwealth","Adjuntas Municipio",2,4,149,76,73
050,72,001,"Puerto Rico Commonwealth","Adjuntas Municipio",2,5,169,78,91
050,72,001,"Puerto Rico Commonwealth","Adjuntas Municipio",2,6,183,88,95
050,72,001,"Puerto Rico Commonwealth","Adjuntas Municipio",2,7,193,103,90
050,72,001,"Puerto Rico Commonwealth","Adjuntas Municipio",2,8,187,96,91
050,72,001,"Puerto Rico Commonwealth","Adjuntas Municipio",2,9,196,97,99
050,72,001,"Puerto Rico Commonwealth","Adjuntas Municipio",2,10,215,100,115
050,72,001,"Puerto Rico Commonwealth","Adjuntas Municipio",2,11,234,111,123
050,72,001,"Puerto Rico Commonwealth","Adjuntas Municipio",2,12,231,109,122
050,72,001,"Puerto Rico Commonwealth","Adjuntas Municipio",2,13,224,114,110
050,72,001,"Puerto Rico Commonwealth","Adjuntas Municipio",2,14,216,119,97
050,72,001,"Puerto Rico Commonwealth","Adjuntas Municipio",2,15,224,117,107
050,72,001,"Puerto Rico Commonwealth","Adjuntas Municipio",2,16,210,106,104
050,72,001,"Puerto Rico Commonwealth","Adjuntas Municipio",2,17,206,109,97
050,72,001,"Puerto Rico Commonwealth","Adjuntas Municipio",2,18,223,115,108
050,72,001,"Puerto Rico Commonwealth","Adjuntas Municipio",2,19,233,122,111
050,72,001,"Puerto Rico Commonwealth","Adjuntas Municipio",2,20,234,120,114
050,72,001,"Puerto Rico Commonwealth","Adjuntas Municipio",2,21,218,110,108
050,72,001,"Puerto Rico Commonwealth","Adjuntas Municipio",2,22,232,113,119
050,72,001,"Puerto Rico Commonwealth","Adjuntas Municipio",2,23,227,114,113
050,72,001,"Puerto Rico Commonwealth","Adjuntas Municipio",2,24,221,107,114
050,72,001,"Puerto Rico Commonwealth","Adjuntas Municipio",2,25,221,112,109
050,72,001,"Puerto Rico Commonwealth","Adjuntas Municipio",2,26,224,118,106
050,72,001,"Puerto Rico Commonwealth","Adjuntas Municipio",2,27,230,121,109
050,72,001,"Puerto Rico Commonwealth","Adjuntas Municipio",2,28,230,116,114
050,72,001,"Puerto Rico Commonwealth","Adjuntas Municipio",2,29,242,127,115
050,72,001,"Puerto Rico Commonwealth","Adjuntas Municipio",2,30,236,118,118
050,72,001,"Puerto Rico Commonwealth","Adjuntas Municipio",2,31,215,105,110
050,72,001,"Puerto Rico Commonwealth","Adjuntas Municipio",2,32,204,102,102
050,72,001,"Puerto Rico Commonwealth","Adjuntas Municipio",2,33,195,96,99
050,72,001,"Puerto Rico Commonwealth","Adjuntas Municipio",2,34,196,92,104
050,72,001,"Puerto Rico Commonwealth","Adjuntas Municipio",2,35,208,97,111
050,72,001,"Puerto Rico Commonwealth","Adjuntas Municipio",2,36,212,97,115
050,72,001,"Puerto Rico Commonwealth","Adjuntas Municipio",2,37,214,98,116
050,72,001,"Puerto Rico Commonwealth","Adjuntas Municipio",2,38,219,104,115
050,72,001,"Puerto Rico Commonwealth","Adjuntas Municipio",2,39,226,107,119
050,72,001,"Puerto Rico Commonwealth","Adjuntas Municipio",2,40,223,110,113
050,72,001,"Puerto Rico Commonwealth","Adjuntas Municipio",2,41,219,108,111
050,72,001,"Puerto Rico Commonwealth","Adjuntas Municipio",2,42,218,103,115
050,72,001,"Puerto Rico Commonwealth","Adjuntas Municipio",2,43,220,101,119
050,72,001,"Puerto Rico Commonwealth","Adjuntas Municipio",2,44,222,98,124
050,72,001,"Puerto Rico Commonwealth","Adjuntas Municipio",2,45,213,99,114
050,72,001,"Puerto Rico Commonwealth","Adjuntas Municipio",2,46,201,96,105
050,72,001,"Puerto Rico Commonwealth","Adjuntas Municipio",2,47,202,100,102
050,72,001,"Puerto Rico Commonwealth","Adjuntas Municipio",2,48,211,103,108
050,72,001,"Puerto Rico Commonwealth","Adjuntas Municipio",2,49,222,106,116
050,72,001,"Puerto Rico Commonwealth","Adjuntas Municipio",2,50,235,119,116
050,72,001,"Puerto Rico Commonwealth","Adjuntas Municipio",2,51,244,120,124
050,72,001,"Puerto Rico Commonwealth","Adjuntas Municipio",2,52,265,124,141
050,72,001,"Puerto Rico Commonwealth","Adjuntas Municipio",2,53,263,123,140
050,72,001,"Puerto Rico Commonwealth","Adjuntas Municipio",2,54,253,121,132
050,72,001,"Puerto Rico Commonwealth","Adjuntas Municipio",2,55,253,124,129
050,72,001,"Puerto Rico Commonwealth","Adjuntas Municipio",2,56,263,133,130
050,72,001,"Puerto Rico Commonwealth","Adjuntas Municipio",2,57,267,139,128
050,72,001,"Puerto Rico Commonwealth","Adjuntas Municipio",2,58,275,133,142
050,72,001,"Puerto Rico Commonwealth","Adjuntas Municipio",2,59,281,129,152
050,72,001,"Puerto Rico Commonwealth","Adjuntas Municipio",2,60,279,130,149
050,72,001,"Puerto Rico Commonwealth","Adjuntas Municipio",2,61,257,122,135
050,72,001,"Puerto Rico Commonwealth","Adjuntas Municipio",2,62,238,116,122
050,72,001,"Puerto Rico Commonwealth","Adjuntas Municipio",2,63,247,121,126
050,72,001,"Puerto Rico Commonwealth","Adjuntas Municipio",2,64,261,130,131
050,72,001,"Puerto Rico Commonwealth","Adjuntas Municipio",2,65,263,123,140
050,72,001,"Puerto Rico Commonwealth","Adjuntas Municipio",2,66,245,120,125
050,72,001,"Puerto Rico Commonwealth","Adjuntas Municipio",2,67,235,115,120
050,72,001,"Puerto Rico Commonwealth","Adjuntas Municipio",2,68,218,105,113
050,72,001,"Puerto Rico Commonwealth","Adjuntas Municipio",2,69,205,97,108
050,72,001,"Puerto Rico Commonwealth","Adjuntas Municipio",2,70,207,104,103
050,72,001,"Puerto Rico Commonwealth","Adjuntas Municipio",2,71,201,102,99
050,72,001,"Puerto Rico Commonwealth","Adjuntas Municipio",2,72,199,95,104
050,72,001,"Puerto Rico Commonwealth","Adjuntas Municipio",2,73,198,91,107
050,72,001,"Puerto Rico Commonwealth","Adjuntas Municipio",2,74,195,98,97
050,72,001,"Puerto Rico Commonwealth","Adjuntas Municipio",2,75,169,87,82
050,72,001,"Puerto Rico Commonwealth","Adjuntas Municipio",2,76,144,68,76
050,72,001,"Puerto Rico Commonwealth","Adjuntas Municipio",2,77,145,68,77
050,72,001,"Puerto Rico Commonwealth","Adjuntas Municipio",2,78,137,68,69
050,72,001,"Puerto Rico Commonwealth","Adjuntas Municipio",2,79,127,62,65
050,72,001,"Puerto Rico Commonwealth","Adjuntas Municipio",2,80,112,55,57
050,72,001,"Puerto Rico Commonwealth","Adjuntas Municipio",2,81,103,49,54
050,72,001,"Puerto Rico Commonwealth","Adjuntas Municipio",2,82,103,48,55
050,72,001,"Puerto Rico Commonwealth","Adjuntas Municipio",2,83,86,35,51
050,72,001,"Puerto Rico Commonwealth","Adjuntas Municipio",2,84,74,33,41
050,72,001,"Puerto Rico Commonwealth","Adjuntas Municipio",2,85,479,191,288
050,72,001,"Puerto Rico Commonwealth","Adjuntas Municipio",3,0,99,49,50
050,72,001,"Puerto Rico Commonwealth","Adjuntas Municipio",3,1,94,53,41
050,72,001,"Puerto Rico Commonwealth","Adjuntas Municipio",3,2,108,59,49
050,72,001,"Puerto Rico Commonwealth","Adjuntas Municipio",3,3,113,55,58
050,72,001,"Puerto Rico Commonwealth","Adjuntas Municipio",3,4,129,68,61
050,72,001,"Puerto Rico Commonwealth","Adjuntas Municipio",3,5,151,77,74
050,72,001,"Puerto Rico Commonwealth","Adjuntas Municipio",3,6,171,79,92
050,72,001,"Puerto Rico Commonwealth","Adjuntas Municipio",3,7,185,89,96
050,72,001,"Puerto Rico Commonwealth","Adjuntas Municipio",3,8,195,104,91
050,72,001,"Puerto Rico Commonwealth","Adjuntas Municipio",3,9,189,97,92
050,72,001,"Puerto Rico Commonwealth","Adjuntas Municipio",3,10,196,97,99
050,72,001,"Puerto Rico Commonwealth","Adjuntas Municipio",3,11,215,100,115
050,72,001,"Puerto Rico Commonwealth","Adjuntas Municipio",3,12,234,111,123
050,72,001,"Puerto Rico Commonwealth","Adjuntas Municipio",3,13,231,109,122
050,72,001,"Puerto Rico Commonwealth","Adjuntas Municipio",3,14,223,113,110
050,72,001,"Puerto Rico Commonwealth","Adjuntas Municipio",3,15,215,119,96
050,72,001,"Puerto Rico Commonwealth","Adjuntas Municipio",3,16,223,117,106
050,72,001,"Puerto Rico Commonwealth","Adjuntas Municipio",3,17,208,105,103
050,72,001,"Puerto Rico Commonwealth","Adjuntas Municipio",3,18,201,106,95
050,72,001,"Puerto Rico Commonwealth","Adjuntas Municipio",3,19,216,111,105
050,72,001,"Puerto Rico Commonwealth","Adjuntas Municipio",3,20,229,119,110
050,72,001,"Puerto Rico Commonwealth","Adjuntas Municipio",3,21,232,119,113
050,72,001,"Puerto Rico Commonwealth","Adjuntas Municipio",3,22,214,107,107
050,72,001,"Puerto Rico Commonwealth","Adjuntas Municipio",3,23,230,112,118
050,72,001,"Puerto Rico Commonwealth","Adjuntas Municipio",3,24,226,113,113
050,72,001,"Puerto Rico Commonwealth","Adjuntas Municipio",3,25,219,105,114
050,72,001,"Puerto Rico Commonwealth","Adjuntas Municipio",3,26,220,111,109
050,72,001,"Puerto Rico Commonwealth","Adjuntas Municipio",3,27,224,118,106
050,72,001,"Puerto Rico Commonwealth","Adjuntas Municipio",3,28,230,121,109
050,72,001,"Puerto Rico Commonwealth","Adjuntas Municipio",3,29,227,113,114
050,72,001,"Puerto Rico Commonwealth","Adjuntas Municipio",3,30,244,129,115
050,72,001,"Puerto Rico Commonwealth","Adjuntas Municipio",3,31,237,119,118
050,72,001,"Puerto Rico Commonwealth","Adjuntas Municipio",3,32,215,105,110
050,72,001,"Puerto Rico Commonwealth","Adjuntas Municipio",3,33,206,103,103
050,72,001,"Puerto Rico Commonwealth","Adjuntas Municipio",3,34,196,96,100
050,72,001,"Puerto Rico Commonwealth","Adjuntas Municipio",3,35,199,94,105
050,72,001,"Puerto Rico Commonwealth","Adjuntas Municipio",3,36,210,98,112
050,72,001,"Puerto Rico Commonwealth","Adjuntas Municipio",3,37,215,99,116
050,72,001,"Puerto Rico Commonwealth","Adjuntas Municipio",3,38,215,98,117
050,72,001,"Puerto Rico Commonwealth","Adjuntas Municipio",3,39,223,107,116
050,72,001,"Puerto Rico Commonwealth","Adjuntas Municipio",3,40,228,108,120
050,72,001,"Puerto Rico Commonwealth","Adjuntas Municipio",3,41,225,111,114
050,72,001,"Puerto Rico Commonwealth","Adjuntas Municipio",3,42,221,109,112
050,72,001,"Puerto Rico Commonwealth","Adjuntas Municipio",3,43,221,105,116
050,72,001,"Puerto Rico Commonwealth","Adjuntas Municipio",3,44,220,101,119
050,72,001,"Puerto Rico Commonwealth","Adjuntas Municipio",3,45,225,100,125
050,72,001,"Puerto Rico Commonwealth","Adjuntas Municipio",3,46,214,99,115
050,72,001,"Puerto Rico Commonwealth","Adjuntas Municipio",3,47,203,97,106
050,72,001,"Puerto Rico Commonwealth","Adjuntas Municipio",3,48,203,100,103
050,72,001,"Puerto Rico Commonwealth","Adjuntas Municipio",3,49,214,105,109
050,72,001,"Puerto Rico Commonwealth","Adjuntas Municipio",3,50,224,107,117
050,72,001,"Puerto Rico Commonwealth","Adjuntas Municipio",3,51,235,120,115
050,72,001,"Puerto Rico Commonwealth","Adjuntas Municipio",3,52,248,123,125
050,72,001,"Puerto Rico Commonwealth","Adjuntas Municipio",3,53,266,124,142
050,72,001,"Puerto Rico Commonwealth","Adjuntas Municipio",3,54,265,124,141
050,72,001,"Puerto Rico Commonwealth","Adjuntas Municipio",3,55,255,122,133
050,72,001,"Puerto Rico Commonwealth","Adjuntas Municipio",3,56,253,123,130
050,72,001,"Puerto Rico Commonwealth","Adjuntas Municipio",3,57,263,133,130
050,72,001,"Puerto Rico Commonwealth","Adjuntas Municipio",3,58,270,141,129
050,72,001,"Puerto Rico Commonwealth","Adjuntas Municipio",3,59,274,132,142
050,72,001,"Puerto Rico Commonwealth","Adjuntas Municipio",3,60,283,130,153
050,72,001,"Puerto Rico Commonwealth","Adjuntas Municipio",3,61,281,131,150
050,72,001,"Puerto Rico Commonwealth","Adjuntas Municipio",3,62,256,121,135
050,72,001,"Puerto Rico Commonwealth","Adjuntas Municipio",3,63,238,116,122
050,72,001,"Puerto Rico Commonwealth","Adjuntas Municipio",3,64,246,121,125
050,72,001,"Puerto Rico Commonwealth","Adjuntas Municipio",3,65,259,128,131
050,72,001,"Puerto Rico Commonwealth","Adjuntas Municipio",3,66,261,123,138
050,72,001,"Puerto Rico Commonwealth","Adjuntas Municipio",3,67,245,120,125
050,72,001,"Puerto Rico Commonwealth","Adjuntas Municipio",3,68,234,114,120
050,72,001,"Puerto Rico Commonwealth","Adjuntas Municipio",3,69,214,101,113
050,72,001,"Puerto Rico Commonwealth","Adjuntas Municipio",3,70,200,96,104
050,72,001,"Puerto Rico Commonwealth","Adjuntas Municipio",3,71,203,105,98
050,72,001,"Puerto Rico Commonwealth","Adjuntas Municipio",3,72,197,100,97
050,72,001,"Puerto Rico Commonwealth","Adjuntas Municipio",3,73,195,94,101
050,72,001,"Puerto Rico Commonwealth","Adjuntas Municipio",3,74,191,86,105
050,72,001,"Puerto Rico Commonwealth","Adjuntas Municipio",3,75,190,96,94
050,72,001,"Puerto Rico Commonwealth","Adjuntas Municipio",3,76,159,79,80
050,72,001,"Puerto Rico Commonwealth","Adjuntas Municipio",3,77,143,68,75
050,72,001,"Puerto Rico Commonwealth","Adjuntas Municipio",3,78,139,67,72
050,72,001,"Puerto Rico Commonwealth","Adjuntas Municipio",3,79,138,67,71
050,72,001,"Puerto Rico Commonwealth","Adjuntas Municipio",3,80,118,56,62
050,72,001,"Puerto Rico Commonwealth","Adjuntas Municipio",3,81,106,51,55
050,72,001,"Puerto Rico Commonwealth","Adjuntas Municipio",3,82,97,45,52
050,72,001,"Puerto Rico Commonwealth","Adjuntas Municipio",3,83,97,43,54
050,72,001,"Puerto Rico Commonwealth","Adjuntas Municipio",3,84,82,35,47
050,72,001,"Puerto Rico Commonwealth","Adjuntas Municipio",3,85,519,211,308
050,72,001,"Puerto Rico Commonwealth","Adjuntas Municipio",4,0,111,64,47
050,72,001,"Puerto Rico Commonwealth","Adjuntas Municipio",4,1,99,49,50
050,72,001,"Puerto Rico Commonwealth","Adjuntas Municipio",4,2,94,53,41
050,72,001,"Puerto Rico Commonwealth","Adjuntas Municipio",4,3,108,59,49
050,72,001,"Puerto Rico Commonwealth","Adjuntas Municipio",4,4,113,55,58
050,72,001,"Puerto Rico Commonwealth","Adjuntas Municipio",4,5,129,68,61
050,72,001,"Puerto Rico Commonwealth","Adjuntas Municipio",4,6,151,77,74
050,72,001,"Puerto Rico Commonwealth","Adjuntas Municipio",4,7,171,79,92
050,72,001,"Puerto Rico Commonwealth","Adjuntas Municipio",4,8,185,89,96
050,72,001,"Puerto Rico Commonwealth","Adjuntas Municipio",4,9,195,104,91
050,72,001,"Puerto Rico Commonwealth","Adjuntas Municipio",4,10,187,96,91
050,72,001,"Puerto Rico Commonwealth","Adjuntas Municipio",4,11,193,96,97
050,72,001,"Puerto Rico Commonwealth","Adjuntas Municipio",4,12,211,98,113
050,72,001,"Puerto Rico Commonwealth","Adjuntas Municipio",4,13,231,110,121
050,72,001,"Puerto Rico Commonwealth","Adjuntas Municipio",4,14,227,107,120
050,72,001,"Puerto Rico Commonwealth","Adjuntas Municipio",4,15,219,111,108
050,72,001,"Puerto Rico Commonwealth","Adjuntas Municipio",4,16,211,117,94
050,72,001,"Puerto Rico Commonwealth","Adjuntas Municipio",4,17,217,114,103
050,72,001,"Puerto Rico Commonwealth","Adjuntas Municipio",4,18,202,101,101
050,72,001,"Puerto Rico Commonwealth","Adjuntas Municipio",4,19,192,101,91
050,72,001,"Puerto Rico Commonwealth","Adjuntas Municipio",4,20,208,105,103
050,72,001,"Puerto Rico Commonwealth","Adjuntas Municipio",4,21,222,115,107
050,72,001,"Puerto Rico Commonwealth","Adjuntas Municipio",4,22,226,115,111
050,72,001,"Puerto Rico Commonwealth","Adjuntas Municipio",4,23,208,104,104
050,72,001,"Puerto Rico Commonwealth","Adjuntas Municipio",4,24,227,110,117
050,72,001,"Puerto Rico Commonwealth","Adjuntas Municipio",4,25,223,111,112
050,72,001,"Puerto Rico Commonwealth","Adjuntas Municipio",4,26,215,102,113
050,72,001,"Puerto Rico Commonwealth","Adjuntas Municipio",4,27,217,109,108
050,72,001,"Puerto Rico Commonwealth","Adjuntas Municipio",4,28,221,116,105
050,72,001,"Puerto Rico Commonwealth","Adjuntas Municipio",4,29,226,118,108
050,72,001,"Puerto Rico Commonwealth","Adjuntas Municipio",4,30,225,112,113
050,72,001,"Puerto Rico Commonwealth","Adjuntas Municipio",4,31,241,128,113
050,72,001,"Puerto Rico Commonwealth","Adjuntas Municipio",4,32,234,117,117
050,72,001,"Puerto Rico Commonwealth","Adjuntas Municipio",4,33,214,104,110
050,72,001,"Puerto Rico Commonwealth","Adjuntas Municipio",4,34,203,101,102
050,72,001,"Puerto Rico Commonwealth","Adjuntas Municipio",4,35,195,96,99
050,72,001,"Puerto Rico Commonwealth","Adjuntas Municipio",4,36,197,93,104
050,72,001,"Puerto Rico Commonwealth","Adjuntas Municipio",4,37,210,98,112
050,72,001,"Puerto Rico Commonwealth","Adjuntas Municipio",4,38,214,98,116
050,72,001,"Puerto Rico Commonwealth","Adjuntas Municipio",4,39,216,99,117
050,72,001,"Puerto Rico Commonwealth","Adjuntas Municipio",4,40,224,108,116
050,72,001,"Puerto Rico Commonwealth","Adjuntas Municipio",4,41,227,107,120
050,72,001,"Puerto Rico Commonwealth","Adjuntas Municipio",4,42,225,111,114
050,72,001,"Puerto Rico Commonwealth","Adjuntas Municipio",4,43,221,109,112
050,72,001,"Puerto Rico Commonwealth","Adjuntas Municipio",4,44,221,105,116
050,72,001,"Puerto Rico Commonwealth","Adjuntas Municipio",4,45,222,103,119
050,72,001,"Puerto Rico Commonwealth","Adjuntas Municipio",4,46,222,98,124
050,72,001,"Puerto Rico Commonwealth","Adjuntas Municipio",4,47,214,99,115
050,72,001,"Puerto Rico Commonwealth","Adjuntas Municipio",4,48,203,97,106
050,72,001,"Puerto Rico Commonwealth","Adjuntas Municipio",4,49,204,101,103
050,72,001,"Puerto Rico Commonwealth","Adjuntas Municipio",4,50,215,106,109
050,72,001,"Puerto Rico Commonwealth","Adjuntas Municipio",4,51,225,108,117
050,72,001,"Puerto Rico Commonwealth","Adjuntas Municipio",4,52,238,123,115
050,72,001,"Puerto Rico Commonwealth","Adjuntas Municipio",4,53,246,121,125
050,72,001,"Puerto Rico Commonwealth","Adjuntas Municipio",4,54,267,125,142
050,72,001,"Puerto Rico Commonwealth","Adjuntas Municipio",4,55,268,127,141
050,72,001,"Puerto Rico Commonwealth","Adjuntas Municipio",4,56,252,120,132
050,72,001,"Puerto Rico Commonwealth","Adjuntas Municipio",4,57,253,122,131
050,72,001,"Puerto Rico Commonwealth","Adjuntas Municipio",4,58,264,134,130
050,72,001,"Puerto Rico Commonwealth","Adjuntas Municipio",4,59,269,141,128
050,72,001,"Puerto Rico Commonwealth","Adjuntas Municipio",4,60,275,133,142
050,72,001,"Puerto Rico Commonwealth","Adjuntas Municipio",4,61,283,130,153
050,72,001,"Puerto Rico Commonwealth","Adjuntas Municipio",4,62,281,131,150
050,72,001,"Puerto Rico Commonwealth","Adjuntas Municipio",4,63,255,121,134
050,72,001,"Puerto Rico Commonwealth","Adjuntas Municipio",4,64,236,115,121
050,72,001,"Puerto Rico Commonwealth","Adjuntas Municipio",4,65,243,120,123
050,72,001,"Puerto Rico Commonwealth","Adjuntas Municipio",4,66,255,127,128
050,72,001,"Puerto Rico Commonwealth","Adjuntas Municipio",4,67,258,122,136
050,72,001,"Puerto Rico Commonwealth","Adjuntas Municipio",4,68,240,118,122
050,72,001,"Puerto Rico Commonwealth","Adjuntas Municipio",4,69,230,111,119
050,72,001,"Puerto Rico Commonwealth","Adjuntas Municipio",4,70,206,98,108
050,72,001,"Puerto Rico Commonwealth","Adjuntas Municipio",4,71,199,96,103
050,72,001,"Puerto Rico Commonwealth","Adjuntas Municipio",4,72,199,104,95
050,72,001,"Puerto Rico Commonwealth","Adjuntas Municipio",4,73,193,98,95
050,72,001,"Puerto Rico Commonwealth","Adjuntas Municipio",4,74,193,93,100
050,72,001,"Puerto Rico Commonwealth","Adjuntas Municipio",4,75,181,83,98
050,72,001,"Puerto Rico Commonwealth","Adjuntas Municipio",4,76,187,94,93
050,72,001,"Puerto Rico Commonwealth","Adjuntas Municipio",4,77,156,77,79
050,72,001,"Puerto Rico Commonwealth","Adjuntas Municipio",4,78,139,66,73
050,72,001,"Puerto Rico Commonwealth","Adjuntas Municipio",4,79,136,63,73
050,72,001,"Puerto Rico Commonwealth","Adjuntas Municipio",4,80,134,66,68
050,72,001,"Puerto Rico Commonwealth","Adjuntas Municipio",4,81,108,51,57
050,72,001,"Puerto Rico Commonwealth","Adjuntas Municipio",4,82,100,48,52
050,72,001,"Puerto Rico Commonwealth","Adjuntas Municipio",4,83,93,42,51
050,72,001,"Puerto Rico Commonwealth","Adjuntas Municipio",4,84,91,42,49
050,72,001,"Puerto Rico Commonwealth","Adjuntas Municipio",4,85,558,225,333
050,72,001,"Puerto Rico Commonwealth","Adjuntas Municipio",5,0,91,39,52
050,72,001,"Puerto Rico Commonwealth","Adjuntas Municipio",5,1,114,66,48
050,72,001,"Puerto Rico Commonwealth","Adjuntas Municipio",5,2,101,50,51
050,72,001,"Puerto Rico Commonwealth","Adjuntas Municipio",5,3,96,54,42
050,72,001,"Puerto Rico Commonwealth","Adjuntas Municipio",5,4,110,60,50
050,72,001,"Puerto Rico Commonwealth","Adjuntas Municipio",5,5,115,56,59
050,72,001,"Puerto Rico Commonwealth","Adjuntas Municipio",5,6,131,69,62
050,72,001,"Puerto Rico Commonwealth","Adjuntas Municipio",5,7,153,78,75
050,72,001,"Puerto Rico Commonwealth","Adjuntas Municipio",5,8,173,80,93
050,72,001,"Puerto Rico Commonwealth","Adjuntas Municipio",5,9,187,90,97
050,72,001,"Puerto Rico Commonwealth","Adjuntas Municipio",5,10,197,105,92
050,72,001,"Puerto Rico Commonwealth","Adjuntas Municipio",5,11,187,96,91
050,72,001,"Puerto Rico Commonwealth","Adjuntas Municipio",5,12,193,96,97
050,72,001,"Puerto Rico Commonwealth","Adjuntas Municipio",5,13,212,99,113
050,72,001,"Puerto Rico Commonwealth","Adjuntas Municipio",5,14,231,110,121
050,72,001,"Puerto Rico Commonwealth","Adjuntas Municipio",5,15,227,107,120
050,72,001,"Puerto Rico Commonwealth","Adjuntas Municipio",5,16,218,111,107
050,72,001,"Puerto Rico Commonwealth","Adjuntas Municipio",5,17,209,116,93
050,72,001,"Puerto Rico Commonwealth","Adjuntas Municipio",5,18,213,111,102
050,72,001,"Puerto Rico Commonwealth","Adjuntas Municipio",5,19,197,98,99
050,72,001,"Puerto Rico Commonwealth","Adjuntas Municipio",5,20,188,98,90
050,72,001,"Puerto Rico Commonwealth","Adjuntas Municipio",5,21,206,104,102
050,72,001,"Puerto Rico Commonwealth","Adjuntas Municipio",5,22,220,113,107
050,72,001,"Puerto Rico Commonwealth","Adjuntas Municipio",5,23,224,114,110
050,72,001,"Puerto Rico Commonwealth","Adjuntas Municipio",5,24,207,103,104
050,72,001,"Puerto Rico Commonwealth","Adjuntas Municipio",5,25,227,110,117
050,72,001,"Puerto Rico Commonwealth","Adjuntas Municipio",5,26,222,111,111
050,72,001,"Puerto Rico Commonwealth","Adjuntas Municipio",5,27,215,102,113
050,72,001,"Puerto Rico Commonwealth","Adjuntas Municipio",5,28,217,109,108
050,72,001,"Puerto Rico Commonwealth","Adjuntas Municipio",5,29,219,114,105
050,72,001,"Puerto Rico Commonwealth","Adjuntas Municipio",5,30,225,117,108
050,72,001,"Puerto Rico Commonwealth","Adjuntas Municipio",5,31,225,112,113
050,72,001,"Puerto Rico Commonwealth","Adjuntas Municipio",5,32,243,129,114
050,72,001,"Puerto Rico Commonwealth","Adjuntas Municipio",5,33,235,118,117
050,72,001,"Puerto Rico Commonwealth","Adjuntas Municipio",5,34,216,105,111
050,72,001,"Puerto Rico Commonwealth","Adjuntas Municipio",5,35,206,103,103
050,72,001,"Puerto Rico Commonwealth","Adjuntas Municipio",5,36,197,97,100
050,72,001,"Puerto Rico Commonwealth","Adjuntas Municipio",5,37,198,93,105
050,72,001,"Puerto Rico Commonwealth","Adjuntas Municipio",5,38,212,99,113
050,72,001,"Puerto Rico Commonwealth","Adjuntas Municipio",5,39,218,101,117
050,72,001,"Puerto Rico Commonwealth","Adjuntas Municipio",5,40,219,101,118
050,72,001,"Puerto Rico Commonwealth","Adjuntas Municipio",5,41,226,109,117
050,72,001,"Puerto Rico Commonwealth","Adjuntas Municipio",5,42,230,109,121
050,72,001,"Puerto Rico Commonwealth","Adjuntas Municipio",5,43,228,113,115
050,72,001,"Puerto Rico Commonwealth","Adjuntas Municipio",5,44,225,112,113
050,72,001,"Puerto Rico Commonwealth","Adjuntas Municipio",5,45,224,107,117
050,72,001,"Puerto Rico Commonwealth","Adjuntas Municipio",5,46,223,103,120
050,72,001,"Puerto Rico Commonwealth","Adjuntas Municipio",5,47,222,97,125
050,72,001,"Puerto Rico Commonwealth","Adjuntas Municipio",5,48,215,99,116
050,72,001,"Puerto Rico Commonwealth","Adjuntas Municipio",5,49,206,99,107
050,72,001,"Puerto Rico Commonwealth","Adjuntas Municipio",5,50,207,103,104
050,72,001,"Puerto Rico Commonwealth","Adjuntas Municipio",5,51,216,106,110
050,72,001,"Puerto Rico Commonwealth","Adjuntas Municipio",5,52,230,112,118
050,72,001,"Puerto Rico Commonwealth","Adjuntas Municipio",5,53,238,122,116
050,72,001,"Puerto Rico Commonwealth","Adjuntas Municipio",5,54,247,121,126
050,72,001,"Puerto Rico Commonwealth","Adjuntas Municipio",5,55,267,126,141
050,72,001,"Puerto Rico Commonwealth","Adjuntas Municipio",5,56,268,126,142
050,72,001,"Puerto Rico Commonwealth","Adjuntas Municipio",5,57,252,120,132
050,72,001,"Puerto Rico Commonwealth","Adjuntas Municipio",5,58,255,124,131
050,72,001,"Puerto Rico Commonwealth","Adjuntas Municipio",5,59,264,134,130
050,72,001,"Puerto Rico Commonwealth","Adjuntas Municipio",5,60,268,141,127
050,72,001,"Puerto Rico Commonwealth","Adjuntas Municipio",5,61,276,134,142
050,72,001,"Puerto Rico Commonwealth","Adjuntas Municipio",5,62,282,130,152
050,72,001,"Puerto Rico Commonwealth","Adjuntas Municipio",5,63,279,130,149
050,72,001,"Puerto Rico Commonwealth","Adjuntas Municipio",5,64,254,120,134
050,72,001,"Puerto Rico Commonwealth","Adjuntas Municipio",5,65,237,115,122
050,72,001,"Puerto Rico Commonwealth","Adjuntas Municipio",5,66,241,121,120
050,72,001,"Puerto Rico Commonwealth","Adjuntas Municipio",5,67,255,128,127
050,72,001,"Puerto Rico Commonwealth","Adjuntas Municipio",5,68,254,120,134
050,72,001,"Puerto Rico Commonwealth","Adjuntas Municipio",5,69,237,117,120
050,72,001,"Puerto Rico Commonwealth","Adjuntas Municipio",5,70,228,110,118
050,72,001,"Puerto Rico Commonwealth","Adjuntas Municipio",5,71,202,97,105
050,72,001,"Puerto Rico Commonwealth","Adjuntas Municipio",5,72,194,93,101
050,72,001,"Puerto Rico Commonwealth","Adjuntas Municipio",5,73,195,102,93
050,72,001,"Puerto Rico Commonwealth","Adjuntas Municipio",5,74,189,96,93
050,72,001,"Puerto Rico Commonwealth","Adjuntas Municipio",5,75,183,87,96
050,72,001,"Puerto Rico Commonwealth","Adjuntas Municipio",5,76,177,80,97
050,72,001,"Puerto Rico Commonwealth","Adjuntas Municipio",5,77,183,90,93
050,72,001,"Puerto Rico Commonwealth","Adjuntas Municipio",5,78,153,75,78
050,72,001,"Puerto Rico Commonwealth","Adjuntas Municipio",5,79,136,65,71
050,72,001,"Puerto Rico Commonwealth","Adjuntas Municipio",5,80,128,62,66
050,72,001,"Puerto Rico Commonwealth","Adjuntas Municipio",5,81,130,64,66
050,72,001,"Puerto Rico Commonwealth","Adjuntas Municipio",5,82,104,48,56
050,72,001,"Puerto Rico Commonwealth","Adjuntas Municipio",5,83,96,45,51
050,72,001,"Puerto Rico Commonwealth","Adjuntas Municipio",5,84,91,41,50
050,72,001,"Puerto Rico Commonwealth","Adjuntas Municipio",5,85,591,232,359
050,72,003,"Puerto Rico Commonwealth","Aguada Municipio",1,0,240,117,123
050,72,003,"Puerto Rico Commonwealth","Aguada Municipio",1,1,216,111,105
050,72,003,"Puerto Rico Commonwealth","Aguada Municipio",1,2,217,117,100
050,72,003,"Puerto Rico Commonwealth","Aguada Municipio",1,3,235,109,126
050,72,003,"Puerto Rico Commonwealth","Aguada Municipio",1,4,297,154,143
050,72,003,"Puerto Rico Commonwealth","Aguada Municipio",1,5,332,172,160
050,72,003,"Puerto Rico Commonwealth","Aguada Municipio",1,6,330,169,161
050,72,003,"Puerto Rico Commonwealth","Aguada Municipio",1,7,346,168,178
050,72,003,"Puerto Rico Commonwealth","Aguada Municipio",1,8,356,168,188
050,72,003,"Puerto Rico Commonwealth","Aguada Municipio",1,9,374,186,188
050,72,003,"Puerto Rico Commonwealth","Aguada Municipio",1,10,373,197,176
050,72,003,"Puerto Rico Commonwealth","Aguada Municipio",1,11,389,195,194
050,72,003,"Puerto Rico Commonwealth","Aguada Municipio",1,12,383,185,198
050,72,003,"Puerto Rico Commonwealth","Aguada Municipio",1,13,427,210,217
050,72,003,"Puerto Rico Commonwealth","Aguada Municipio",1,14,422,216,206
050,72,003,"Puerto Rico Commonwealth","Aguada Municipio",1,15,431,222,209
050,72,003,"Puerto Rico Commonwealth","Aguada Municipio",1,16,419,200,219
050,72,003,"Puerto Rico Commonwealth","Aguada Municipio",1,17,414,208,206
050,72,003,"Puerto Rico Commonwealth","Aguada Municipio",1,18,427,223,204
050,72,003,"Puerto Rico Commonwealth","Aguada Municipio",1,19,465,243,222
050,72,003,"Puerto Rico Commonwealth","Aguada Municipio",1,20,476,242,234
050,72,003,"Puerto Rico Commonwealth","Aguada Municipio",1,21,456,224,232
050,72,003,"Puerto Rico Commonwealth","Aguada Municipio",1,22,497,258,239
050,72,003,"Puerto Rico Commonwealth","Aguada Municipio",1,23,494,259,235
050,72,003,"Puerto Rico Commonwealth","Aguada Municipio",1,24,492,244,248
050,72,003,"Puerto Rico Commonwealth","Aguada Municipio",1,25,520,266,254
050,72,003,"Puerto Rico Commonwealth","Aguada Municipio",1,26,514,265,249
050,72,003,"Puerto Rico Commonwealth","Aguada Municipio",1,27,507,260,247
050,72,003,"Puerto Rico Commonwealth","Aguada Municipio",1,28,467,230,237
050,72,003,"Puerto Rico Commonwealth","Aguada Municipio",1,29,502,258,244
050,72,003,"Puerto Rico Commonwealth","Aguada Municipio",1,30,493,260,233
050,72,003,"Puerto Rico Commonwealth","Aguada Municipio",1,31,487,243,244
050,72,003,"Puerto Rico Commonwealth","Aguada Municipio",1,32,467,239,228
050,72,003,"Puerto Rico Commonwealth","Aguada Municipio",1,33,440,225,215
050,72,003,"Puerto Rico Commonwealth","Aguada Municipio",1,34,418,202,216
050,72,003,"Puerto Rico Commonwealth","Aguada Municipio",1,35,399,195,204
050,72,003,"Puerto Rico Commonwealth","Aguada Municipio",1,36,397,205,192
050,72,003,"Puerto Rico Commonwealth","Aguada Municipio",1,37,442,229,213
050,72,003,"Puerto Rico Commonwealth","Aguada Municipio",1,38,456,215,241
050,72,003,"Puerto Rico Commonwealth","Aguada Municipio",1,39,471,230,241
050,72,003,"Puerto Rico Commonwealth","Aguada Municipio",1,40,506,252,254
050,72,003,"Puerto Rico Commonwealth","Aguada Municipio",1,41,496,247,249
050,72,003,"Puerto Rico Commonwealth","Aguada Municipio",1,42,490,248,242
050,72,003,"Puerto Rico Commonwealth","Aguada Municipio",1,43,462,230,232
050,72,003,"Puerto Rico Commonwealth","Aguada Municipio",1,44,473,228,245
050,72,003,"Puerto Rico Commonwealth","Aguada Municipio",1,45,458,220,238
050,72,003,"Puerto Rico Commonwealth","Aguada Municipio",1,46,432,212,220
050,72,003,"Puerto Rico Commonwealth","Aguada Municipio",1,47,445,234,211
050,72,003,"Puerto Rico Commonwealth","Aguada Municipio",1,48,473,235,238
050,72,003,"Puerto Rico Commonwealth","Aguada Municipio",1,49,496,240,256
050,72,003,"Puerto Rico Commonwealth","Aguada Municipio",1,50,521,244,277
050,72,003,"Puerto Rico Commonwealth","Aguada Municipio",1,51,515,235,280
050,72,003,"Puerto Rico Commonwealth","Aguada Municipio",1,52,532,256,276
050,72,003,"Puerto Rico Commonwealth","Aguada Municipio",1,53,575,258,317
050,72,003,"Puerto Rico Commonwealth","Aguada Municipio",1,54,620,286,334
050,72,003,"Puerto Rico Commonwealth","Aguada Municipio",1,55,632,307,325
050,72,003,"Puerto Rico Commonwealth","Aguada Municipio",1,56,608,300,308
050,72,003,"Puerto Rico Commonwealth","Aguada Municipio",1,57,608,285,323
050,72,003,"Puerto Rico Commonwealth","Aguada Municipio",1,58,618,284,334
050,72,003,"Puerto Rico Commonwealth","Aguada Municipio",1,59,605,285,320
050,72,003,"Puerto Rico Commonwealth","Aguada Municipio",1,60,611,296,315
050,72,003,"Puerto Rico Commonwealth","Aguada Municipio",1,61,617,291,326
050,72,003,"Puerto Rico Commonwealth","Aguada Municipio",1,62,586,280,306
050,72,003,"Puerto Rico Commonwealth","Aguada Municipio",1,63,579,268,311
050,72,003,"Puerto Rico Commonwealth","Aguada Municipio",1,64,596,278,318
050,72,003,"Puerto Rico Commonwealth","Aguada Municipio",1,65,596,296,300
050,72,003,"Puerto Rico Commonwealth","Aguada Municipio",1,66,558,279,279
050,72,003,"Puerto Rico Commonwealth","Aguada Municipio",1,67,501,246,255
050,72,003,"Puerto Rico Commonwealth","Aguada Municipio",1,68,486,228,258
050,72,003,"Puerto Rico Commonwealth","Aguada Municipio",1,69,469,225,244
050,72,003,"Puerto Rico Commonwealth","Aguada Municipio",1,70,437,211,226
050,72,003,"Puerto Rico Commonwealth","Aguada Municipio",1,71,398,206,192
050,72,003,"Puerto Rico Commonwealth","Aguada Municipio",1,72,443,220,223
050,72,003,"Puerto Rico Commonwealth","Aguada Municipio",1,73,417,197,220
050,72,003,"Puerto Rico Commonwealth","Aguada Municipio",1,74,396,172,224
050,72,003,"Puerto Rico Commonwealth","Aguada Municipio",1,75,347,158,189
050,72,003,"Puerto Rico Commonwealth","Aguada Municipio",1,76,309,145,164
050,72,003,"Puerto Rico Commonwealth","Aguada Municipio",1,77,291,141,150
050,72,003,"Puerto Rico Commonwealth","Aguada Municipio",1,78,267,131,136
050,72,003,"Puerto Rico Commonwealth","Aguada Municipio",1,79,280,122,158
050,72,003,"Puerto Rico Commonwealth","Aguada Municipio",1,80,262,124,138
050,72,003,"Puerto Rico Commonwealth","Aguada Municipio",1,81,204,94,110
050,72,003,"Puerto Rico Commonwealth","Aguada Municipio",1,82,182,94,88
050,72,003,"Puerto Rico Commonwealth","Aguada Municipio",1,83,181,73,108
050,72,003,"Puerto Rico Commonwealth","Aguada Municipio",1,84,170,70,100
050,72,003,"Puerto Rico Commonwealth","Aguada Municipio",1,85,900,325,575
050,72,003,"Puerto Rico Commonwealth","Aguada Municipio",2,0,232,116,116
050,72,003,"Puerto Rico Commonwealth","Aguada Municipio",2,1,222,112,110
050,72,003,"Puerto Rico Commonwealth","Aguada Municipio",2,2,217,116,101
050,72,003,"Puerto Rico Commonwealth","Aguada Municipio",2,3,231,111,120
050,72,003,"Puerto Rico Commonwealth","Aguada Municipio",2,4,281,143,138
050,72,003,"Puerto Rico Commonwealth","Aguada Municipio",2,5,323,167,156
050,72,003,"Puerto Rico Commonwealth","Aguada Municipio",2,6,331,170,161
050,72,003,"Puerto Rico Commonwealth","Aguada Municipio",2,7,342,168,174
050,72,003,"Puerto Rico Commonwealth","Aguada Municipio",2,8,353,168,185
050,72,003,"Puerto Rico Commonwealth","Aguada Municipio",2,9,370,182,188
050,72,003,"Puerto Rico Commonwealth","Aguada Municipio",2,10,373,194,179
050,72,003,"Puerto Rico Commonwealth","Aguada Municipio",2,11,385,195,190
050,72,003,"Puerto Rico Commonwealth","Aguada Municipio",2,12,385,188,197
050,72,003,"Puerto Rico Commonwealth","Aguada Municipio",2,13,416,204,212
050,72,003,"Puerto Rico Commonwealth","Aguada Municipio",2,14,423,214,209
050,72,003,"Puerto Rico Commonwealth","Aguada Municipio",2,15,429,221,208
050,72,003,"Puerto Rico Commonwealth","Aguada Municipio",2,16,421,205,216
050,72,003,"Puerto Rico Commonwealth","Aguada Municipio",2,17,415,205,210
050,72,003,"Puerto Rico Commonwealth","Aguada Municipio",2,18,423,219,204
050,72,003,"Puerto Rico Commonwealth","Aguada Municipio",2,19,455,238,217
050,72,003,"Puerto Rico Commonwealth","Aguada Municipio",2,20,473,243,230
050,72,003,"Puerto Rico Commonwealth","Aguada Municipio",2,21,459,228,231
050,72,003,"Puerto Rico Commonwealth","Aguada Municipio",2,22,485,250,235
050,72,003,"Puerto Rico Commonwealth","Aguada Municipio",2,23,493,258,235
050,72,003,"Puerto Rico Commonwealth","Aguada Municipio",2,24,492,248,244
050,72,003,"Puerto Rico Commonwealth","Aguada Municipio",2,25,513,261,252
050,72,003,"Puerto Rico Commonwealth","Aguada Municipio",2,26,514,265,249
050,72,003,"Puerto Rico Commonwealth","Aguada Municipio",2,27,508,261,247
050,72,003,"Puerto Rico Commonwealth","Aguada Municipio",2,28,478,238,240
050,72,003,"Puerto Rico Commonwealth","Aguada Municipio",2,29,493,251,242
050,72,003,"Puerto Rico Commonwealth","Aguada Municipio",2,30,494,258,236
050,72,003,"Puerto Rico Commonwealth","Aguada Municipio",2,31,488,247,241
050,72,003,"Puerto Rico Commonwealth","Aguada Municipio",2,32,472,240,232
050,72,003,"Puerto Rico Commonwealth","Aguada Municipio",2,33,447,229,218
050,72,003,"Puerto Rico Commonwealth","Aguada Municipio",2,34,424,208,216
050,72,003,"Puerto Rico Commonwealth","Aguada Municipio",2,35,402,195,207
050,72,003,"Puerto Rico Commonwealth","Aguada Municipio",2,36,398,203,195
050,72,003,"Puerto Rico Commonwealth","Aguada Municipio",2,37,430,223,207
050,72,003,"Puerto Rico Commonwealth","Aguada Municipio",2,38,452,218,234
050,72,003,"Puerto Rico Commonwealth","Aguada Municipio",2,39,467,226,241
050,72,003,"Puerto Rico Commonwealth","Aguada Municipio",2,40,497,246,251
050,72,003,"Puerto Rico Commonwealth","Aguada Municipio",2,41,498,248,250
050,72,003,"Puerto Rico Commonwealth","Aguada Municipio",2,42,492,248,244
050,72,003,"Puerto Rico Commonwealth","Aguada Municipio",2,43,468,234,234
050,72,003,"Puerto Rico Commonwealth","Aguada Municipio",2,44,470,228,242
050,72,003,"Puerto Rico Commonwealth","Aguada Municipio",2,45,462,222,240
050,72,003,"Puerto Rico Commonwealth","Aguada Municipio",2,46,438,214,224
050,72,003,"Puerto Rico Commonwealth","Aguada Municipio",2,47,442,229,213
050,72,003,"Puerto Rico Commonwealth","Aguada Municipio",2,48,466,234,232
050,72,003,"Puerto Rico Commonwealth","Aguada Municipio",2,49,490,239,251
050,72,003,"Puerto Rico Commonwealth","Aguada Municipio",2,50,514,242,272
050,72,003,"Puerto Rico Commonwealth","Aguada Municipio",2,51,516,237,279
050,72,003,"Puerto Rico Commonwealth","Aguada Municipio",2,52,528,251,277
050,72,003,"Puerto Rico Commonwealth","Aguada Municipio",2,53,566,258,308
050,72,003,"Puerto Rico Commonwealth","Aguada Municipio",2,54,610,279,331
050,72,003,"Puerto Rico Commonwealth","Aguada Municipio",2,55,628,301,327
050,72,003,"Puerto Rico Commonwealth","Aguada Municipio",2,56,616,303,313
050,72,003,"Puerto Rico Commonwealth","Aguada Municipio",2,57,609,290,319
050,72,003,"Puerto Rico Commonwealth","Aguada Municipio",2,58,618,285,333
050,72,003,"Puerto Rico Commonwealth","Aguada Municipio",2,59,609,286,323
050,72,003,"Puerto Rico Commonwealth","Aguada Municipio",2,60,610,294,316
050,72,003,"Puerto Rico Commonwealth","Aguada Municipio",2,61,617,293,324
050,72,003,"Puerto Rico Commonwealth","Aguada Municipio",2,62,595,284,311
050,72,003,"Puerto Rico Commonwealth","Aguada Municipio",2,63,577,271,306
050,72,003,"Puerto Rico Commonwealth","Aguada Municipio",2,64,592,276,316
050,72,003,"Puerto Rico Commonwealth","Aguada Municipio",2,65,593,289,304
050,72,003,"Puerto Rico Commonwealth","Aguada Municipio",2,66,565,282,283
050,72,003,"Puerto Rico Commonwealth","Aguada Municipio",2,67,515,255,260
050,72,003,"Puerto Rico Commonwealth","Aguada Municipio",2,68,490,232,258
050,72,003,"Puerto Rico Commonwealth","Aguada Municipio",2,69,471,224,247
050,72,003,"Puerto Rico Commonwealth","Aguada Municipio",2,70,443,213,230
050,72,003,"Puerto Rico Commonwealth","Aguada Municipio",2,71,405,206,199
050,72,003,"Puerto Rico Commonwealth","Aguada Municipio",2,72,429,214,215
050,72,003,"Puerto Rico Commonwealth","Aguada Municipio",2,73,422,201,221
050,72,003,"Puerto Rico Commonwealth","Aguada Municipio",2,74,400,177,223
050,72,003,"Puerto Rico Commonwealth","Aguada Municipio",2,75,358,160,198
050,72,003,"Puerto Rico Commonwealth","Aguada Municipio",2,76,314,147,167
050,72,003,"Puerto Rico Commonwealth","Aguada Municipio",2,77,293,142,151
050,72,003,"Puerto Rico Commonwealth","Aguada Municipio",2,78,269,133,136
050,72,003,"Puerto Rico Commonwealth","Aguada Municipio",2,79,272,122,150
050,72,003,"Puerto Rico Commonwealth","Aguada Municipio",2,80,264,123,141
050,72,003,"Puerto Rico Commonwealth","Aguada Municipio",2,81,214,100,114
050,72,003,"Puerto Rico Commonwealth","Aguada Municipio",2,82,183,93,90
050,72,003,"Puerto Rico Commonwealth","Aguada Municipio",2,83,178,76,102
050,72,003,"Puerto Rico Commonwealth","Aguada Municipio",2,84,171,71,100
050,72,003,"Puerto Rico Commonwealth","Aguada Municipio",2,85,922,334,588
050,72,003,"Puerto Rico Commonwealth","Aguada Municipio",3,0,212,103,109
050,72,003,"Puerto Rico Commonwealth","Aguada Municipio",3,1,211,105,106
050,72,003,"Puerto Rico Commonwealth","Aguada Municipio",3,2,223,112,111
050,72,003,"Puerto Rico Commonwealth","Aguada Municipio",3,3,217,116,101
050,72,003,"Puerto Rico Commonwealth","Aguada Municipio",3,4,232,111,121
050,72,003,"Puerto Rico Commonwealth","Aguada Municipio",3,5,282,143,139
050,72,003,"Puerto Rico Commonwealth","Aguada Municipio",3,6,323,167,156
050,72,003,"Puerto Rico Commonwealth","Aguada Municipio",3,7,332,171,161
050,72,003,"Puerto Rico Commonwealth","Aguada Municipio",3,8,344,169,175
050,72,003,"Puerto Rico Commonwealth","Aguada Municipio",3,9,353,168,185
050,72,003,"Puerto Rico Commonwealth","Aguada Municipio",3,10,370,182,188
050,72,003,"Puerto Rico Commonwealth","Aguada Municipio",3,11,372,194,178
050,72,003,"Puerto Rico Commonwealth","Aguada Municipio",3,12,385,195,190
050,72,003,"Puerto Rico Commonwealth","Aguada Municipio",3,13,385,188,197
050,72,003,"Puerto Rico Commonwealth","Aguada Municipio",3,14,415,203,212
050,72,003,"Puerto Rico Commonwealth","Aguada Municipio",3,15,421,213,208
050,72,003,"Puerto Rico Commonwealth","Aguada Municipio",3,16,426,220,206
050,72,003,"Puerto Rico Commonwealth","Aguada Municipio",3,17,418,204,214
050,72,003,"Puerto Rico Commonwealth","Aguada Municipio",3,18,407,201,206
050,72,003,"Puerto Rico Commonwealth","Aguada Municipio",3,19,415,216,199
050,72,003,"Puerto Rico Commonwealth","Aguada Municipio",3,20,451,236,215
050,72,003,"Puerto Rico Commonwealth","Aguada Municipio",3,21,472,244,228
050,72,003,"Puerto Rico Commonwealth","Aguada Municipio",3,22,456,226,230
050,72,003,"Puerto Rico Commonwealth","Aguada Municipio",3,23,485,249,236
050,72,003,"Puerto Rico Commonwealth","Aguada Municipio",3,24,492,259,233
050,72,003,"Puerto Rico Commonwealth","Aguada Municipio",3,25,493,250,243
050,72,003,"Puerto Rico Commonwealth","Aguada Municipio",3,26,512,261,251
050,72,003,"Puerto Rico Commonwealth","Aguada Municipio",3,27,515,267,248
050,72,003,"Puerto Rico Commonwealth","Aguada Municipio",3,28,510,264,246
050,72,003,"Puerto Rico Commonwealth","Aguada Municipio",3,29,477,238,239
050,72,003,"Puerto Rico Commonwealth","Aguada Municipio",3,30,492,250,242
050,72,003,"Puerto Rico Commonwealth","Aguada Municipio",3,31,497,262,235
050,72,003,"Puerto Rico Commonwealth","Aguada Municipio",3,32,490,249,241
050,72,003,"Puerto Rico Commonwealth","Aguada Municipio",3,33,475,243,232
050,72,003,"Puerto Rico Commonwealth","Aguada Municipio",3,34,448,230,218
050,72,003,"Puerto Rico Commonwealth","Aguada Municipio",3,35,429,213,216
050,72,003,"Puerto Rico Commonwealth","Aguada Municipio",3,36,401,194,207
050,72,003,"Puerto Rico Commonwealth","Aguada Municipio",3,37,398,203,195
050,72,003,"Puerto Rico Commonwealth","Aguada Municipio",3,38,431,224,207
050,72,003,"Puerto Rico Commonwealth","Aguada Municipio",3,39,456,224,232
050,72,003,"Puerto Rico Commonwealth","Aguada Municipio",3,40,465,225,240
050,72,003,"Puerto Rico Commonwealth","Aguada Municipio",3,41,499,247,252
050,72,003,"Puerto Rico Commonwealth","Aguada Municipio",3,42,498,247,251
050,72,003,"Puerto Rico Commonwealth","Aguada Municipio",3,43,492,249,243
050,72,003,"Puerto Rico Commonwealth","Aguada Municipio",3,44,466,233,233
050,72,003,"Puerto Rico Commonwealth","Aguada Municipio",3,45,468,226,242
050,72,003,"Puerto Rico Commonwealth","Aguada Municipio",3,46,464,223,241
050,72,003,"Puerto Rico Commonwealth","Aguada Municipio",3,47,439,215,224
050,72,003,"Puerto Rico Commonwealth","Aguada Municipio",3,48,444,230,214
050,72,003,"Puerto Rico Commonwealth","Aguada Municipio",3,49,468,235,233
050,72,003,"Puerto Rico Commonwealth","Aguada Municipio",3,50,489,237,252
050,72,003,"Puerto Rico Commonwealth","Aguada Municipio",3,51,516,243,273
050,72,003,"Puerto Rico Commonwealth","Aguada Municipio",3,52,519,240,279
050,72,003,"Puerto Rico Commonwealth","Aguada Municipio",3,53,527,247,280
050,72,003,"Puerto Rico Commonwealth","Aguada Municipio",3,54,563,255,308
050,72,003,"Puerto Rico Commonwealth","Aguada Municipio",3,55,610,279,331
050,72,003,"Puerto Rico Commonwealth","Aguada Municipio",3,56,629,301,328
050,72,003,"Puerto Rico Commonwealth","Aguada Municipio",3,57,621,305,316
050,72,003,"Puerto Rico Commonwealth","Aguada Municipio",3,58,611,292,319
050,72,003,"Puerto Rico Commonwealth","Aguada Municipio",3,59,615,281,334
050,72,003,"Puerto Rico Commonwealth","Aguada Municipio",3,60,609,285,324
050,72,003,"Puerto Rico Commonwealth","Aguada Municipio",3,61,607,287,320
050,72,003,"Puerto Rico Commonwealth","Aguada Municipio",3,62,610,290,320
050,72,003,"Puerto Rico Commonwealth","Aguada Municipio",3,63,596,285,311
050,72,003,"Puerto Rico Commonwealth","Aguada Municipio",3,64,576,270,306
050,72,003,"Puerto Rico Commonwealth","Aguada Municipio",3,65,583,270,313
050,72,003,"Puerto Rico Commonwealth","Aguada Municipio",3,66,588,286,302
050,72,003,"Puerto Rico Commonwealth","Aguada Municipio",3,67,558,276,282
050,72,003,"Puerto Rico Commonwealth","Aguada Municipio",3,68,512,252,260
050,72,003,"Puerto Rico Commonwealth","Aguada Municipio",3,69,477,221,256
050,72,003,"Puerto Rico Commonwealth","Aguada Municipio",3,70,467,223,244
050,72,003,"Puerto Rico Commonwealth","Aguada Municipio",3,71,440,211,229
050,72,003,"Puerto Rico Commonwealth","Aguada Municipio",3,72,399,200,199
050,72,003,"Puerto Rico Commonwealth","Aguada Municipio",3,73,418,212,206
050,72,003,"Puerto Rico Commonwealth","Aguada Municipio",3,74,404,194,210
050,72,003,"Puerto Rico Commonwealth","Aguada Municipio",3,75,387,172,215
050,72,003,"Puerto Rico Commonwealth","Aguada Municipio",3,76,342,148,194
050,72,003,"Puerto Rico Commonwealth","Aguada Municipio",3,77,308,144,164
050,72,003,"Puerto Rico Commonwealth","Aguada Municipio",3,78,282,134,148
050,72,003,"Puerto Rico Commonwealth","Aguada Municipio",3,79,267,126,141
050,72,003,"Puerto Rico Commonwealth","Aguada Municipio",3,80,249,117,132
050,72,003,"Puerto Rico Commonwealth","Aguada Municipio",3,81,261,116,145
050,72,003,"Puerto Rico Commonwealth","Aguada Municipio",3,82,194,88,106
050,72,003,"Puerto Rico Commonwealth","Aguada Municipio",3,83,176,86,90
050,72,003,"Puerto Rico Commonwealth","Aguada Municipio",3,84,170,75,95
050,72,003,"Puerto Rico Commonwealth","Aguada Municipio",3,85,997,374,623
050,72,003,"Puerto Rico Commonwealth","Aguada Municipio",4,0,249,131,118
050,72,003,"Puerto Rico Commonwealth","Aguada Municipio",4,1,186,90,96
050,72,003,"Puerto Rico Commonwealth","Aguada Municipio",4,2,209,104,105
050,72,003,"Puerto Rico Commonwealth","Aguada Municipio",4,3,220,110,110
050,72,003,"Puerto Rico Commonwealth","Aguada Municipio",4,4,215,115,100
050,72,003,"Puerto Rico Commonwealth","Aguada Municipio",4,5,230,109,121
050,72,003,"Puerto Rico Commonwealth","Aguada Municipio",4,6,278,141,137
050,72,003,"Puerto Rico Commonwealth","Aguada Municipio",4,7,320,165,155
050,72,003,"Puerto Rico Commonwealth","Aguada Municipio",4,8,328,169,159
050,72,003,"Puerto Rico Commonwealth","Aguada Municipio",4,9,341,168,173
050,72,003,"Puerto Rico Commonwealth","Aguada Municipio",4,10,349,166,183
050,72,003,"Puerto Rico Commonwealth","Aguada Municipio",4,11,365,179,186
050,72,003,"Puerto Rico Commonwealth","Aguada Municipio",4,12,368,192,176
050,72,003,"Puerto Rico Commonwealth","Aguada Municipio",4,13,380,192,188
050,72,003,"Puerto Rico Commonwealth","Aguada Municipio",4,14,379,185,194
050,72,003,"Puerto Rico Commonwealth","Aguada Municipio",4,15,408,199,209
050,72,003,"Puerto Rico Commonwealth","Aguada Municipio",4,16,413,209,204
050,72,003,"Puerto Rico Commonwealth","Aguada Municipio",4,17,417,216,201
050,72,003,"Puerto Rico Commonwealth","Aguada Municipio",4,18,404,197,207
050,72,003,"Puerto Rico Commonwealth","Aguada Municipio",4,19,394,195,199
050,72,003,"Puerto Rico Commonwealth","Aguada Municipio",4,20,406,211,195
050,72,003,"Puerto Rico Commonwealth","Aguada Municipio",4,21,444,234,210
050,72,003,"Puerto Rico Commonwealth","Aguada Municipio",4,22,462,238,224
050,72,003,"Puerto Rico Commonwealth","Aguada Municipio",4,23,451,222,229
050,72,003,"Puerto Rico Commonwealth","Aguada Municipio",4,24,477,245,232
050,72,003,"Puerto Rico Commonwealth","Aguada Municipio",4,25,484,255,229
050,72,003,"Puerto Rico Commonwealth","Aguada Municipio",4,26,484,245,239
050,72,003,"Puerto Rico Commonwealth","Aguada Municipio",4,27,505,258,247
050,72,003,"Puerto Rico Commonwealth","Aguada Municipio",4,28,508,264,244
050,72,003,"Puerto Rico Commonwealth","Aguada Municipio",4,29,501,259,242
050,72,003,"Puerto Rico Commonwealth","Aguada Municipio",4,30,469,233,236
050,72,003,"Puerto Rico Commonwealth","Aguada Municipio",4,31,488,249,239
050,72,003,"Puerto Rico Commonwealth","Aguada Municipio",4,32,491,259,232
050,72,003,"Puerto Rico Commonwealth","Aguada Municipio",4,33,486,247,239
050,72,003,"Puerto Rico Commonwealth","Aguada Municipio",4,34,469,239,230
050,72,003,"Puerto Rico Commonwealth","Aguada Municipio",4,35,444,229,215
050,72,003,"Puerto Rico Commonwealth","Aguada Municipio",4,36,423,209,214
050,72,003,"Puerto Rico Commonwealth","Aguada Municipio",4,37,397,192,205
050,72,003,"Puerto Rico Commonwealth","Aguada Municipio",4,38,391,198,193
050,72,003,"Puerto Rico Commonwealth","Aguada Municipio",4,39,432,227,205
050,72,003,"Puerto Rico Commonwealth","Aguada Municipio",4,40,449,219,230
050,72,003,"Puerto Rico Commonwealth","Aguada Municipio",4,41,458,220,238
050,72,003,"Puerto Rico Commonwealth","Aguada Municipio",4,42,497,247,250
050,72,003,"Puerto Rico Commonwealth","Aguada Municipio",4,43,493,244,249
050,72,003,"Puerto Rico Commonwealth","Aguada Municipio",4,44,487,246,241
050,72,003,"Puerto Rico Commonwealth","Aguada Municipio",4,45,459,228,231
050,72,003,"Puerto Rico Commonwealth","Aguada Municipio",4,46,465,225,240
050,72,003,"Puerto Rico Commonwealth","Aguada Municipio",4,47,460,220,240
050,72,003,"Puerto Rico Commonwealth","Aguada Municipio",4,48,435,214,221
050,72,003,"Puerto Rico Commonwealth","Aguada Municipio",4,49,442,229,213
050,72,003,"Puerto Rico Commonwealth","Aguada Municipio",4,50,467,234,233
050,72,003,"Puerto Rico Commonwealth","Aguada Municipio",4,51,488,236,252
050,72,003,"Puerto Rico Commonwealth","Aguada Municipio",4,52,518,246,272
050,72,003,"Puerto Rico Commonwealth","Aguada Municipio",4,53,517,238,279
050,72,003,"Puerto Rico Commonwealth","Aguada Municipio",4,54,522,245,277
050,72,003,"Puerto Rico Commonwealth","Aguada Municipio",4,55,564,256,308
050,72,003,"Puerto Rico Commonwealth","Aguada Municipio",4,56,610,279,331
050,72,003,"Puerto Rico Commonwealth","Aguada Municipio",4,57,633,302,331
050,72,003,"Puerto Rico Commonwealth","Aguada Municipio",4,58,624,308,316
050,72,003,"Puerto Rico Commonwealth","Aguada Municipio",4,59,608,288,320
050,72,003,"Puerto Rico Commonwealth","Aguada Municipio",4,60,613,281,332
050,72,003,"Puerto Rico Commonwealth","Aguada Municipio",4,61,606,281,325
050,72,003,"Puerto Rico Commonwealth","Aguada Municipio",4,62,602,285,317
050,72,003,"Puerto Rico Commonwealth","Aguada Municipio",4,63,612,291,321
050,72,003,"Puerto Rico Commonwealth","Aguada Municipio",4,64,591,283,308
050,72,003,"Puerto Rico Commonwealth","Aguada Municipio",4,65,568,264,304
050,72,003,"Puerto Rico Commonwealth","Aguada Municipio",4,66,578,267,311
050,72,003,"Puerto Rico Commonwealth","Aguada Municipio",4,67,576,280,296
050,72,003,"Puerto Rico Commonwealth","Aguada Municipio",4,68,550,272,278
050,72,003,"Puerto Rico Commonwealth","Aguada Municipio",4,69,503,246,257
050,72,003,"Puerto Rico Commonwealth","Aguada Municipio",4,70,467,215,252
050,72,003,"Puerto Rico Commonwealth","Aguada Municipio",4,71,462,220,242
050,72,003,"Puerto Rico Commonwealth","Aguada Municipio",4,72,426,200,226
050,72,003,"Puerto Rico Commonwealth","Aguada Municipio",4,73,393,200,193
050,72,003,"Puerto Rico Commonwealth","Aguada Municipio",4,74,410,207,203
050,72,003,"Puerto Rico Commonwealth","Aguada Municipio",4,75,390,189,201
050,72,003,"Puerto Rico Commonwealth","Aguada Municipio",4,76,377,166,211
050,72,003,"Puerto Rico Commonwealth","Aguada Municipio",4,77,334,143,191
050,72,003,"Puerto Rico Commonwealth","Aguada Municipio",4,78,301,137,164
050,72,003,"Puerto Rico Commonwealth","Aguada Municipio",4,79,286,133,153
050,72,003,"Puerto Rico Commonwealth","Aguada Municipio",4,80,239,116,123
050,72,003,"Puerto Rico Commonwealth","Aguada Municipio",4,81,246,108,138
050,72,003,"Puerto Rico Commonwealth","Aguada Municipio",4,82,246,109,137
050,72,003,"Puerto Rico Commonwealth","Aguada Municipio",4,83,186,82,104
050,72,003,"Puerto Rico Commonwealth","Aguada Municipio",4,84,161,80,81
050,72,003,"Puerto Rico Commonwealth","Aguada Municipio",4,85,1055,408,647
050,72,003,"Puerto Rico Commonwealth","Aguada Municipio",5,0,203,103,100
050,72,003,"Puerto Rico Commonwealth","Aguada Municipio",5,1,229,121,108
050,72,003,"Puerto Rico Commonwealth","Aguada Municipio",5,2,188,91,97
050,72,003,"Puerto Rico Commonwealth","Aguada Municipio",5,3,210,104,106
050,72,003,"Puerto Rico Commonwealth","Aguada Municipio",5,4,222,111,111
050,72,003,"Puerto Rico Commonwealth","Aguada Municipio",5,5,217,116,101
050,72,003,"Puerto Rico Commonwealth","Aguada Municipio",5,6,230,109,121
050,72,003,"Puerto Rico Commonwealth","Aguada Municipio",5,7,280,142,138
050,72,003,"Puerto Rico Commonwealth","Aguada Municipio",5,8,322,166,156
050,72,003,"Puerto Rico Commonwealth","Aguada Municipio",5,9,330,170,160
050,72,003,"Puerto Rico Commonwealth","Aguada Municipio",5,10,343,169,174
050,72,003,"Puerto Rico Commonwealth","Aguada Municipio",5,11,349,166,183
050,72,003,"Puerto Rico Commonwealth","Aguada Municipio",5,12,366,179,187
050,72,003,"Puerto Rico Commonwealth","Aguada Municipio",5,13,369,193,176
050,72,003,"Puerto Rico Commonwealth","Aguada Municipio",5,14,381,193,188
050,72,003,"Puerto Rico Commonwealth","Aguada Municipio",5,15,378,184,194
050,72,003,"Puerto Rico Commonwealth","Aguada Municipio",5,16,406,198,208
050,72,003,"Puerto Rico Commonwealth","Aguada Municipio",5,17,412,209,203
050,72,003,"Puerto Rico Commonwealth","Aguada Municipio",5,18,410,213,197
050,72,003,"Puerto Rico Commonwealth","Aguada Municipio",5,19,398,195,203
050,72,003,"Puerto Rico Commonwealth","Aguada Municipio",5,20,393,194,199
050,72,003,"Puerto Rico Commonwealth","Aguada Municipio",5,21,406,213,193
050,72,003,"Puerto Rico Commonwealth","Aguada Municipio",5,22,440,231,209
050,72,003,"Puerto Rico Commonwealth","Aguada Municipio",5,23,463,239,224
050,72,003,"Puerto Rico Commonwealth","Aguada Municipio",5,24,450,223,227
050,72,003,"Puerto Rico Commonwealth","Aguada Municipio",5,25,479,247,232
050,72,003,"Puerto Rico Commonwealth","Aguada Municipio",5,26,483,255,228
050,72,003,"Puerto Rico Commonwealth","Aguada Municipio",5,27,485,247,238
050,72,003,"Puerto Rico Commonwealth","Aguada Municipio",5,28,506,260,246
050,72,003,"Puerto Rico Commonwealth","Aguada Municipio",5,29,509,266,243
050,72,003,"Puerto Rico Commonwealth","Aguada Municipio",5,30,501,259,242
050,72,003,"Puerto Rico Commonwealth","Aguada Municipio",5,31,472,236,236
050,72,003,"Puerto Rico Commonwealth","Aguada Municipio",5,32,490,251,239
050,72,003,"Puerto Rico Commonwealth","Aguada Municipio",5,33,494,262,232
050,72,003,"Puerto Rico Commonwealth","Aguada Municipio",5,34,489,249,240
050,72,003,"Puerto Rico Commonwealth","Aguada Municipio",5,35,473,242,231
050,72,003,"Puerto Rico Commonwealth","Aguada Municipio",5,36,444,229,215
050,72,003,"Puerto Rico Commonwealth","Aguada Municipio",5,37,426,211,215
050,72,003,"Puerto Rico Commonwealth","Aguada Municipio",5,38,397,192,205
050,72,003,"Puerto Rico Commonwealth","Aguada Municipio",5,39,395,203,192
050,72,003,"Puerto Rico Commonwealth","Aguada Municipio",5,40,429,224,205
050,72,003,"Puerto Rico Commonwealth","Aguada Municipio",5,41,449,219,230
050,72,003,"Puerto Rico Commonwealth","Aguada Municipio",5,42,462,223,239
050,72,003,"Puerto Rico Commonwealth","Aguada Municipio",5,43,499,248,251
050,72,003,"Puerto Rico Commonwealth","Aguada Municipio",5,44,493,243,250
050,72,003,"Puerto Rico Commonwealth","Aguada Municipio",5,45,488,246,242
050,72,003,"Puerto Rico Commonwealth","Aguada Municipio",5,46,460,229,231
050,72,003,"Puerto Rico Commonwealth","Aguada Municipio",5,47,464,225,239
050,72,003,"Puerto Rico Commonwealth","Aguada Municipio",5,48,460,221,239
050,72,003,"Puerto Rico Commonwealth","Aguada Municipio",5,49,437,215,222
050,72,003,"Puerto Rico Commonwealth","Aguada Municipio",5,50,437,224,213
050,72,003,"Puerto Rico Commonwealth","Aguada Municipio",5,51,470,236,234
050,72,003,"Puerto Rico Commonwealth","Aguada Municipio",5,52,494,240,254
050,72,003,"Puerto Rico Commonwealth","Aguada Municipio",5,53,515,241,274
050,72,003,"Puerto Rico Commonwealth","Aguada Municipio",5,54,516,238,278
050,72,003,"Puerto Rico Commonwealth","Aguada Municipio",5,55,524,246,278
050,72,003,"Puerto Rico Commonwealth","Aguada Municipio",5,56,563,256,307
050,72,003,"Puerto Rico Commonwealth","Aguada Municipio",5,57,614,279,335
050,72,003,"Puerto Rico Commonwealth","Aguada Municipio",5,58,636,305,331
050,72,003,"Puerto Rico Commonwealth","Aguada Municipio",5,59,623,305,318
050,72,003,"Puerto Rico Commonwealth","Aguada Municipio",5,60,609,289,320
050,72,003,"Puerto Rico Commonwealth","Aguada Municipio",5,61,615,279,336
050,72,003,"Puerto Rico Commonwealth","Aguada Municipio",5,62,597,278,319
050,72,003,"Puerto Rico Commonwealth","Aguada Municipio",5,63,601,284,317
050,72,003,"Puerto Rico Commonwealth","Aguada Municipio",5,64,607,287,320
050,72,003,"Puerto Rico Commonwealth","Aguada Municipio",5,65,585,279,306
050,72,003,"Puerto Rico Commonwealth","Aguada Municipio",5,66,566,262,304
050,72,003,"Puerto Rico Commonwealth","Aguada Municipio",5,67,574,263,311
050,72,003,"Puerto Rico Commonwealth","Aguada Municipio",5,68,570,277,293
050,72,003,"Puerto Rico Commonwealth","Aguada Municipio",5,69,541,265,276
050,72,003,"Puerto Rico Commonwealth","Aguada Municipio",5,70,495,242,253
050,72,003,"Puerto Rico Commonwealth","Aguada Municipio",5,71,459,212,247
050,72,003,"Puerto Rico Commonwealth","Aguada Municipio",5,72,463,216,247
050,72,003,"Puerto Rico Commonwealth","Aguada Municipio",5,73,417,199,218
050,72,003,"Puerto Rico Commonwealth","Aguada Municipio",5,74,381,195,186
050,72,003,"Puerto Rico Commonwealth","Aguada Municipio",5,75,395,197,198
050,72,003,"Puerto Rico Commonwealth","Aguada Municipio",5,76,375,181,194
050,72,003,"Puerto Rico Commonwealth","Aguada Municipio",5,77,360,158,202
050,72,003,"Puerto Rico Commonwealth","Aguada Municipio",5,78,325,135,190
050,72,003,"Puerto Rico Commonwealth","Aguada Municipio",5,79,302,135,167
050,72,003,"Puerto Rico Commonwealth","Aguada Municipio",5,80,255,122,133
050,72,003,"Puerto Rico Commonwealth","Aguada Municipio",5,81,239,111,128
050,72,003,"Puerto Rico Commonwealth","Aguada Municipio",5,82,228,100,128
050,72,003,"Puerto Rico Commonwealth","Aguada Municipio",5,83,237,106,131
050,72,003,"Puerto Rico Commonwealth","Aguada Municipio",5,84,178,78,100
050,72,003,"Puerto Rico Commonwealth","Aguada Municipio",5,85,1083,432,651
050,72,005,"Puerto Rico Commonwealth","Aguadilla Municipio",1,0,354,195,159
050,72,005,"Puerto Rico Commonwealth","Aguadilla Municipio",1,1,342,182,160
050,72,005,"Puerto Rico Commonwealth","Aguadilla Municipio",1,2,338,167,171
050,72,005,"Puerto Rico Commonwealth","Aguadilla Municipio",1,3,396,184,212
050,72,005,"Puerto Rico Commonwealth","Aguadilla Municipio",1,4,452,240,212
050,72,005,"Puerto Rico Commonwealth","Aguadilla Municipio",1,5,471,234,237
050,72,005,"Puerto Rico Commonwealth","Aguadilla Municipio",1,6,517,270,247
050,72,005,"Puerto Rico Commonwealth","Aguadilla Municipio",1,7,501,264,237
050,72,005,"Puerto Rico Commonwealth","Aguadilla Municipio",1,8,522,262,260
050,72,005,"Puerto Rico Commonwealth","Aguadilla Municipio",1,9,535,290,245
050,72,005,"Puerto Rico Commonwealth","Aguadilla Municipio",1,10,628,336,292
050,72,005,"Puerto Rico Commonwealth","Aguadilla Municipio",1,11,614,313,301
050,72,005,"Puerto Rico Commonwealth","Aguadilla Municipio",1,12,618,305,313
050,72,005,"Puerto Rico Commonwealth","Aguadilla Municipio",1,13,636,322,314
050,72,005,"Puerto Rico Commonwealth","Aguadilla Municipio",1,14,675,350,325
050,72,005,"Puerto Rico Commonwealth","Aguadilla Municipio",1,15,688,372,316
050,72,005,"Puerto Rico Commonwealth","Aguadilla Municipio",1,16,657,357,300
050,72,005,"Puerto Rico Commonwealth","Aguadilla Municipio",1,17,686,378,308
050,72,005,"Puerto Rico Commonwealth","Aguadilla Municipio",1,18,709,382,327
050,72,005,"Puerto Rico Commonwealth","Aguadilla Municipio",1,19,738,402,336
050,72,005,"Puerto Rico Commonwealth","Aguadilla Municipio",1,20,759,391,368
050,72,005,"Puerto Rico Commonwealth","Aguadilla Municipio",1,21,720,392,328
050,72,005,"Puerto Rico Commonwealth","Aguadilla Municipio",1,22,740,394,346
050,72,005,"Puerto Rico Commonwealth","Aguadilla Municipio",1,23,732,395,337
050,72,005,"Puerto Rico Commonwealth","Aguadilla Municipio",1,24,741,417,324
050,72,005,"Puerto Rico Commonwealth","Aguadilla Municipio",1,25,716,384,332
050,72,005,"Puerto Rico Commonwealth","Aguadilla Municipio",1,26,740,388,352
050,72,005,"Puerto Rico Commonwealth","Aguadilla Municipio",1,27,720,379,341
050,72,005,"Puerto Rico Commonwealth","Aguadilla Municipio",1,28,692,339,353
050,72,005,"Puerto Rico Commonwealth","Aguadilla Municipio",1,29,710,379,331
050,72,005,"Puerto Rico Commonwealth","Aguadilla Municipio",1,30,676,352,324
050,72,005,"Puerto Rico Commonwealth","Aguadilla Municipio",1,31,640,325,315
050,72,005,"Puerto Rico Commonwealth","Aguadilla Municipio",1,32,659,328,331
050,72,005,"Puerto Rico Commonwealth","Aguadilla Municipio",1,33,599,284,315
050,72,005,"Puerto Rico Commonwealth","Aguadilla Municipio",1,34,595,298,297
050,72,005,"Puerto Rico Commonwealth","Aguadilla Municipio",1,35,623,283,340
050,72,005,"Puerto Rico Commonwealth","Aguadilla Municipio",1,36,632,304,328
050,72,005,"Puerto Rico Commonwealth","Aguadilla Municipio",1,37,606,305,301
050,72,005,"Puerto Rico Commonwealth","Aguadilla Municipio",1,38,652,337,315
050,72,005,"Puerto Rico Commonwealth","Aguadilla Municipio",1,39,678,311,367
050,72,005,"Puerto Rico Commonwealth","Aguadilla Municipio",1,40,725,331,394
050,72,005,"Puerto Rico Commonwealth","Aguadilla Municipio",1,41,685,317,368
050,72,005,"Puerto Rico Commonwealth","Aguadilla Municipio",1,42,660,307,353
050,72,005,"Puerto Rico Commonwealth","Aguadilla Municipio",1,43,678,320,358
050,72,005,"Puerto Rico Commonwealth","Aguadilla Municipio",1,44,691,339,352
050,72,005,"Puerto Rico Commonwealth","Aguadilla Municipio",1,45,675,326,349
050,72,005,"Puerto Rico Commonwealth","Aguadilla Municipio",1,46,647,296,351
050,72,005,"Puerto Rico Commonwealth","Aguadilla Municipio",1,47,688,332,356
050,72,005,"Puerto Rico Commonwealth","Aguadilla Municipio",1,48,706,331,375
050,72,005,"Puerto Rico Commonwealth","Aguadilla Municipio",1,49,715,351,364
050,72,005,"Puerto Rico Commonwealth","Aguadilla Municipio",1,50,708,342,366
050,72,005,"Puerto Rico Commonwealth","Aguadilla Municipio",1,51,688,316,372
050,72,005,"Puerto Rico Commonwealth","Aguadilla Municipio",1,52,676,300,376
050,72,005,"Puerto Rico Commonwealth","Aguadilla Municipio",1,53,692,309,383
050,72,005,"Puerto Rico Commonwealth","Aguadilla Municipio",1,54,715,320,395
050,72,005,"Puerto Rico Commonwealth","Aguadilla Municipio",1,55,795,343,452
050,72,005,"Puerto Rico Commonwealth","Aguadilla Municipio",1,56,747,322,425
050,72,005,"Puerto Rico Commonwealth","Aguadilla Municipio",1,57,723,338,385
050,72,005,"Puerto Rico Commonwealth","Aguadilla Municipio",1,58,674,323,351
050,72,005,"Puerto Rico Commonwealth","Aguadilla Municipio",1,59,709,340,369
050,72,005,"Puerto Rico Commonwealth","Aguadilla Municipio",1,60,775,349,426
050,72,005,"Puerto Rico Commonwealth","Aguadilla Municipio",1,61,747,329,418
050,72,005,"Puerto Rico Commonwealth","Aguadilla Municipio",1,62,740,336,404
050,72,005,"Puerto Rico Commonwealth","Aguadilla Municipio",1,63,737,327,410
050,72,005,"Puerto Rico Commonwealth","Aguadilla Municipio",1,64,730,326,404
050,72,005,"Puerto Rico Commonwealth","Aguadilla Municipio",1,65,748,345,403
050,72,005,"Puerto Rico Commonwealth","Aguadilla Municipio",1,66,739,357,382
050,72,005,"Puerto Rico Commonwealth","Aguadilla Municipio",1,67,693,326,367
050,72,005,"Puerto Rico Commonwealth","Aguadilla Municipio",1,68,650,291,359
050,72,005,"Puerto Rico Commonwealth","Aguadilla Municipio",1,69,666,314,352
050,72,005,"Puerto Rico Commonwealth","Aguadilla Municipio",1,70,698,315,383
050,72,005,"Puerto Rico Commonwealth","Aguadilla Municipio",1,71,700,316,384
050,72,005,"Puerto Rico Commonwealth","Aguadilla Municipio",1,72,736,336,400
050,72,005,"Puerto Rico Commonwealth","Aguadilla Municipio",1,73,704,331,373
050,72,005,"Puerto Rico Commonwealth","Aguadilla Municipio",1,74,636,298,338
050,72,005,"Puerto Rico Commonwealth","Aguadilla Municipio",1,75,546,246,300
050,72,005,"Puerto Rico Commonwealth","Aguadilla Municipio",1,76,542,245,297
050,72,005,"Puerto Rico Commonwealth","Aguadilla Municipio",1,77,525,227,298
050,72,005,"Puerto Rico Commonwealth","Aguadilla Municipio",1,78,479,217,262
050,72,005,"Puerto Rico Commonwealth","Aguadilla Municipio",1,79,442,209,233
050,72,005,"Puerto Rico Commonwealth","Aguadilla Municipio",1,80,431,213,218
050,72,005,"Puerto Rico Commonwealth","Aguadilla Municipio",1,81,358,175,183
050,72,005,"Puerto Rico Commonwealth","Aguadilla Municipio",1,82,307,137,170
050,72,005,"Puerto Rico Commonwealth","Aguadilla Municipio",1,83,287,137,150
050,72,005,"Puerto Rico Commonwealth","Aguadilla Municipio",1,84,294,122,172
050,72,005,"Puerto Rico Commonwealth","Aguadilla Municipio",1,85,1487,631,856
050,72,005,"Puerto Rico Commonwealth","Aguadilla Municipio",2,0,340,182,158
050,72,005,"Puerto Rico Commonwealth","Aguadilla Municipio",2,1,346,186,160
050,72,005,"Puerto Rico Commonwealth","Aguadilla Municipio",2,2,337,169,168
050,72,005,"Puerto Rico Commonwealth","Aguadilla Municipio",2,3,382,180,202
050,72,005,"Puerto Rico Commonwealth","Aguadilla Municipio",2,4,438,226,212
050,72,005,"Puerto Rico Commonwealth","Aguadilla Municipio",2,5,467,236,231
050,72,005,"Puerto Rico Commonwealth","Aguadilla Municipio",2,6,505,261,244
050,72,005,"Puerto Rico Commonwealth","Aguadilla Municipio",2,7,505,265,240
050,72,005,"Puerto Rico Commonwealth","Aguadilla Municipio",2,8,517,263,254
050,72,005,"Puerto Rico Commonwealth","Aguadilla Municipio",2,9,532,283,249
050,72,005,"Puerto Rico Commonwealth","Aguadilla Municipio",2,10,604,324,280
050,72,005,"Puerto Rico Commonwealth","Aguadilla Municipio",2,11,619,320,299
050,72,005,"Puerto Rico Commonwealth","Aguadilla Municipio",2,12,618,308,310
050,72,005,"Puerto Rico Commonwealth","Aguadilla Municipio",2,13,633,319,314
050,72,005,"Puerto Rico Commonwealth","Aguadilla Municipio",2,14,665,344,321
050,72,005,"Puerto Rico Commonwealth","Aguadilla Municipio",2,15,685,368,317
050,72,005,"Puerto Rico Commonwealth","Aguadilla Municipio",2,16,665,362,303
050,72,005,"Puerto Rico Commonwealth","Aguadilla Municipio",2,17,679,373,306
050,72,005,"Puerto Rico Commonwealth","Aguadilla Municipio",2,18,704,382,322
050,72,005,"Puerto Rico Commonwealth","Aguadilla Municipio",2,19,732,398,334
050,72,005,"Puerto Rico Commonwealth","Aguadilla Municipio",2,20,755,395,360
050,72,005,"Puerto Rico Commonwealth","Aguadilla Municipio",2,21,729,391,338
050,72,005,"Puerto Rico Commonwealth","Aguadilla Municipio",2,22,736,394,342
050,72,005,"Puerto Rico Commonwealth","Aguadilla Municipio",2,23,734,395,339
050,72,005,"Puerto Rico Commonwealth","Aguadilla Municipio",2,24,738,411,327
050,72,005,"Puerto Rico Commonwealth","Aguadilla Municipio",2,25,722,392,330
050,72,005,"Puerto Rico Commonwealth","Aguadilla Municipio",2,26,734,387,347
050,72,005,"Puerto Rico Commonwealth","Aguadilla Municipio",2,27,726,382,344
050,72,005,"Puerto Rico Commonwealth","Aguadilla Municipio",2,28,698,348,350
050,72,005,"Puerto Rico Commonwealth","Aguadilla Municipio",2,29,707,370,337
050,72,005,"Puerto Rico Commonwealth","Aguadilla Municipio",2,30,683,358,325
050,72,005,"Puerto Rico Commonwealth","Aguadilla Municipio",2,31,650,332,318
050,72,005,"Puerto Rico Commonwealth","Aguadilla Municipio",2,32,653,327,326
050,72,005,"Puerto Rico Commonwealth","Aguadilla Municipio",2,33,613,295,318
050,72,005,"Puerto Rico Commonwealth","Aguadilla Municipio",2,34,597,295,302
050,72,005,"Puerto Rico Commonwealth","Aguadilla Municipio",2,35,616,287,329
050,72,005,"Puerto Rico Commonwealth","Aguadilla Municipio",2,36,629,298,331
050,72,005,"Puerto Rico Commonwealth","Aguadilla Municipio",2,37,613,305,308
050,72,005,"Puerto Rico Commonwealth","Aguadilla Municipio",2,38,641,329,312
050,72,005,"Puerto Rico Commonwealth","Aguadilla Municipio",2,39,670,317,353
050,72,005,"Puerto Rico Commonwealth","Aguadilla Municipio",2,40,714,326,388
050,72,005,"Puerto Rico Commonwealth","Aguadilla Municipio",2,41,695,321,374
050,72,005,"Puerto Rico Commonwealth","Aguadilla Municipio",2,42,666,309,357
050,72,005,"Puerto Rico Commonwealth","Aguadilla Municipio",2,43,673,316,357
050,72,005,"Puerto Rico Commonwealth","Aguadilla Municipio",2,44,688,335,353
050,72,005,"Puerto Rico Commonwealth","Aguadilla Municipio",2,45,678,329,349
050,72,005,"Puerto Rico Commonwealth","Aguadilla Municipio",2,46,653,303,350
050,72,005,"Puerto Rico Commonwealth","Aguadilla Municipio",2,47,678,323,355
050,72,005,"Puerto Rico Commonwealth","Aguadilla Municipio",2,48,702,331,371
050,72,005,"Puerto Rico Commonwealth","Aguadilla Municipio",2,49,711,345,366
050,72,005,"Puerto Rico Commonwealth","Aguadilla Municipio",2,50,711,345,366
050,72,005,"Puerto Rico Commonwealth","Aguadilla Municipio",2,51,690,321,369
050,72,005,"Puerto Rico Commonwealth","Aguadilla Municipio",2,52,679,304,375
050,72,005,"Puerto Rico Commonwealth","Aguadilla Municipio",2,53,686,305,381
050,72,005,"Puerto Rico Commonwealth","Aguadilla Municipio",2,54,708,316,392
050,72,005,"Puerto Rico Commonwealth","Aguadilla Municipio",2,55,774,337,437
050,72,005,"Puerto Rico Commonwealth","Aguadilla Municipio",2,56,758,327,431
050,72,005,"Puerto Rico Commonwealth","Aguadilla Municipio",2,57,728,334,394
050,72,005,"Puerto Rico Commonwealth","Aguadilla Municipio",2,58,685,326,359
050,72,005,"Puerto Rico Commonwealth","Aguadilla Municipio",2,59,700,336,364
050,72,005,"Puerto Rico Commonwealth","Aguadilla Municipio",2,60,756,346,410
050,72,005,"Puerto Rico Commonwealth","Aguadilla Municipio",2,61,755,334,421
050,72,005,"Puerto Rico Commonwealth","Aguadilla Municipio",2,62,741,333,408
050,72,005,"Puerto Rico Commonwealth","Aguadilla Municipio",2,63,737,327,410
050,72,005,"Puerto Rico Commonwealth","Aguadilla Municipio",2,64,731,326,405
050,72,005,"Puerto Rico Commonwealth","Aguadilla Municipio",2,65,743,339,404
050,72,005,"Puerto Rico Commonwealth","Aguadilla Municipio",2,66,741,354,387
050,72,005,"Puerto Rico Commonwealth","Aguadilla Municipio",2,67,704,334,370
050,72,005,"Puerto Rico Commonwealth","Aguadilla Municipio",2,68,660,298,362
050,72,005,"Puerto Rico Commonwealth","Aguadilla Municipio",2,69,659,307,352
050,72,005,"Puerto Rico Commonwealth","Aguadilla Municipio",2,70,688,313,375
050,72,005,"Puerto Rico Commonwealth","Aguadilla Municipio",2,71,696,314,382
050,72,005,"Puerto Rico Commonwealth","Aguadilla Municipio",2,72,723,328,395
050,72,005,"Puerto Rico Commonwealth","Aguadilla Municipio",2,73,710,330,380
050,72,005,"Puerto Rico Commonwealth","Aguadilla Municipio",2,74,653,306,347
050,72,005,"Puerto Rico Commonwealth","Aguadilla Municipio",2,75,563,257,306
050,72,005,"Puerto Rico Commonwealth","Aguadilla Municipio",2,76,539,243,296
050,72,005,"Puerto Rico Commonwealth","Aguadilla Municipio",2,77,523,228,295
050,72,005,"Puerto Rico Commonwealth","Aguadilla Municipio",2,78,485,216,269
050,72,005,"Puerto Rico Commonwealth","Aguadilla Municipio",2,79,444,209,235
050,72,005,"Puerto Rico Commonwealth","Aguadilla Municipio",2,80,428,211,217
050,72,005,"Puerto Rico Commonwealth","Aguadilla Municipio",2,81,369,181,188
050,72,005,"Puerto Rico Commonwealth","Aguadilla Municipio",2,82,314,144,170
050,72,005,"Puerto Rico Commonwealth","Aguadilla Municipio",2,83,290,137,153
050,72,005,"Puerto Rico Commonwealth","Aguadilla Municipio",2,84,283,124,159
050,72,005,"Puerto Rico Commonwealth","Aguadilla Municipio",2,85,1517,647,870
050,72,005,"Puerto Rico Commonwealth","Aguadilla Municipio",3,0,293,164,129
050,72,005,"Puerto Rico Commonwealth","Aguadilla Municipio",3,1,344,184,160
050,72,005,"Puerto Rico Commonwealth","Aguadilla Municipio",3,2,348,188,160
050,72,005,"Puerto Rico Commonwealth","Aguadilla Municipio",3,3,338,170,168
050,72,005,"Puerto Rico Commonwealth","Aguadilla Municipio",3,4,384,181,203
050,72,005,"Puerto Rico Commonwealth","Aguadilla Municipio",3,5,440,228,212
050,72,005,"Puerto Rico Commonwealth","Aguadilla Municipio",3,6,468,236,232
050,72,005,"Puerto Rico Commonwealth","Aguadilla Municipio",3,7,508,263,245
050,72,005,"Puerto Rico Commonwealth","Aguadilla Municipio",3,8,508,267,241
050,72,005,"Puerto Rico Commonwealth","Aguadilla Municipio",3,9,520,265,255
050,72,005,"Puerto Rico Commonwealth","Aguadilla Municipio",3,10,535,285,250
050,72,005,"Puerto Rico Commonwealth","Aguadilla Municipio",3,11,606,326,280
050,72,005,"Puerto Rico Commonwealth","Aguadilla Municipio",3,12,623,323,300
050,72,005,"Puerto Rico Commonwealth","Aguadilla Municipio",3,13,624,312,312
050,72,005,"Puerto Rico Commonwealth","Aguadilla Municipio",3,14,637,322,315
050,72,005,"Puerto Rico Commonwealth","Aguadilla Municipio",3,15,673,351,322
050,72,005,"Puerto Rico Commonwealth","Aguadilla Municipio",3,16,694,374,320
050,72,005,"Puerto Rico Commonwealth","Aguadilla Municipio",3,17,668,364,304
050,72,005,"Puerto Rico Commonwealth","Aguadilla Municipio",3,18,684,382,302
050,72,005,"Puerto Rico Commonwealth","Aguadilla Municipio",3,19,700,386,314
050,72,005,"Puerto Rico Commonwealth","Aguadilla Municipio",3,20,706,375,331
050,72,005,"Puerto Rico Commonwealth","Aguadilla Municipio",3,21,763,404,359
050,72,005,"Puerto Rico Commonwealth","Aguadilla Municipio",3,22,722,386,336
050,72,005,"Puerto Rico Commonwealth","Aguadilla Municipio",3,23,737,397,340
050,72,005,"Puerto Rico Commonwealth","Aguadilla Municipio",3,24,732,391,341
050,72,005,"Puerto Rico Commonwealth","Aguadilla Municipio",3,25,734,408,326
050,72,005,"Puerto Rico Commonwealth","Aguadilla Municipio",3,26,727,397,330
050,72,005,"Puerto Rico Commonwealth","Aguadilla Municipio",3,27,718,371,347
050,72,005,"Puerto Rico Commonwealth","Aguadilla Municipio",3,28,732,389,343
050,72,005,"Puerto Rico Commonwealth","Aguadilla Municipio",3,29,705,355,350
050,72,005,"Puerto Rico Commonwealth","Aguadilla Municipio",3,30,671,333,338
050,72,005,"Puerto Rico Commonwealth","Aguadilla Municipio",3,31,677,352,325
050,72,005,"Puerto Rico Commonwealth","Aguadilla Municipio",3,32,660,340,320
050,72,005,"Puerto Rico Commonwealth","Aguadilla Municipio",3,33,637,313,324
050,72,005,"Puerto Rico Commonwealth","Aguadilla Municipio",3,34,625,306,319
050,72,005,"Puerto Rico Commonwealth","Aguadilla Municipio",3,35,568,266,302
050,72,005,"Puerto Rico Commonwealth","Aguadilla Municipio",3,36,623,292,331
050,72,005,"Puerto Rico Commonwealth","Aguadilla Municipio",3,37,614,283,331
050,72,005,"Puerto Rico Commonwealth","Aguadilla Municipio",3,38,622,314,308
050,72,005,"Puerto Rico Commonwealth","Aguadilla Municipio",3,39,598,287,311
050,72,005,"Puerto Rico Commonwealth","Aguadilla Municipio",3,40,663,309,354
050,72,005,"Puerto Rico Commonwealth","Aguadilla Municipio",3,41,728,340,388
050,72,005,"Puerto Rico Commonwealth","Aguadilla Municipio",3,42,674,299,375
050,72,005,"Puerto Rico Commonwealth","Aguadilla Municipio",3,43,663,307,356
050,72,005,"Puerto Rico Commonwealth","Aguadilla Municipio",3,44,681,324,357
050,72,005,"Puerto Rico Commonwealth","Aguadilla Municipio",3,45,671,318,353
050,72,005,"Puerto Rico Commonwealth","Aguadilla Municipio",3,46,667,318,349
050,72,005,"Puerto Rico Commonwealth","Aguadilla Municipio",3,47,656,305,351
050,72,005,"Puerto Rico Commonwealth","Aguadilla Municipio",3,48,664,311,353
050,72,005,"Puerto Rico Commonwealth","Aguadilla Municipio",3,49,702,330,372
050,72,005,"Puerto Rico Commonwealth","Aguadilla Municipio",3,50,701,334,367
050,72,005,"Puerto Rico Commonwealth","Aguadilla Municipio",3,51,714,349,365
050,72,005,"Puerto Rico Commonwealth","Aguadilla Municipio",3,52,677,308,369
050,72,005,"Puerto Rico Commonwealth","Aguadilla Municipio",3,53,679,303,376
050,72,005,"Puerto Rico Commonwealth","Aguadilla Municipio",3,54,679,298,381
050,72,005,"Puerto Rico Commonwealth","Aguadilla Municipio",3,55,707,314,393
050,72,005,"Puerto Rico Commonwealth","Aguadilla Municipio",3,56,778,339,439
050,72,005,"Puerto Rico Commonwealth","Aguadilla Municipio",3,57,755,323,432
050,72,005,"Puerto Rico Commonwealth","Aguadilla Municipio",3,58,717,324,393
050,72,005,"Puerto Rico Commonwealth","Aguadilla Municipio",3,59,685,326,359
050,72,005,"Puerto Rico Commonwealth","Aguadilla Municipio",3,60,694,327,367
050,72,005,"Puerto Rico Commonwealth","Aguadilla Municipio",3,61,755,346,409
050,72,005,"Puerto Rico Commonwealth","Aguadilla Municipio",3,62,749,327,422
050,72,005,"Puerto Rico Commonwealth","Aguadilla Municipio",3,63,737,329,408
050,72,005,"Puerto Rico Commonwealth","Aguadilla Municipio",3,64,734,325,409
050,72,005,"Puerto Rico Commonwealth","Aguadilla Municipio",3,65,720,319,401
050,72,005,"Puerto Rico Commonwealth","Aguadilla Municipio",3,66,740,338,402
050,72,005,"Puerto Rico Commonwealth","Aguadilla Municipio",3,67,741,355,386
050,72,005,"Puerto Rico Commonwealth","Aguadilla Municipio",3,68,678,317,361
050,72,005,"Puerto Rico Commonwealth","Aguadilla Municipio",3,69,649,293,356
050,72,005,"Puerto Rico Commonwealth","Aguadilla Municipio",3,70,651,304,347
050,72,005,"Puerto Rico Commonwealth","Aguadilla Municipio",3,71,673,301,372
050,72,005,"Puerto Rico Commonwealth","Aguadilla Municipio",3,72,688,311,377
050,72,005,"Puerto Rico Commonwealth","Aguadilla Municipio",3,73,696,315,381
050,72,005,"Puerto Rico Commonwealth","Aguadilla Municipio",3,74,692,320,372
050,72,005,"Puerto Rico Commonwealth","Aguadilla Municipio",3,75,627,292,335
050,72,005,"Puerto Rico Commonwealth","Aguadilla Municipio",3,76,548,246,302
050,72,005,"Puerto Rico Commonwealth","Aguadilla Municipio",3,77,526,238,288
050,72,005,"Puerto Rico Commonwealth","Aguadilla Municipio",3,78,507,218,289
050,72,005,"Puerto Rico Commonwealth","Aguadilla Municipio",3,79,456,209,247
050,72,005,"Puerto Rico Commonwealth","Aguadilla Municipio",3,80,415,194,221
050,72,005,"Puerto Rico Commonwealth","Aguadilla Municipio",3,81,409,203,206
050,72,005,"Puerto Rico Commonwealth","Aguadilla Municipio",3,82,345,169,176
050,72,005,"Puerto Rico Commonwealth","Aguadilla Municipio",3,83,282,127,155
050,72,005,"Puerto Rico Commonwealth","Aguadilla Municipio",3,84,281,131,150
050,72,005,"Puerto Rico Commonwealth","Aguadilla Municipio",3,85,1594,680,914
050,72,005,"Puerto Rico Commonwealth","Aguadilla Municipio",4,0,291,148,143
050,72,005,"Puerto Rico Commonwealth","Aguadilla Municipio",4,1,289,163,126
050,72,005,"Puerto Rico Commonwealth","Aguadilla Municipio",4,2,339,182,157
050,72,005,"Puerto Rico Commonwealth","Aguadilla Municipio",4,3,344,186,158
050,72,005,"Puerto Rico Commonwealth","Aguadilla Municipio",4,4,334,169,165
050,72,005,"Puerto Rico Commonwealth","Aguadilla Municipio",4,5,380,179,201
050,72,005,"Puerto Rico Commonwealth","Aguadilla Municipio",4,6,436,226,210
050,72,005,"Puerto Rico Commonwealth","Aguadilla Municipio",4,7,464,234,230
050,72,005,"Puerto Rico Commonwealth","Aguadilla Municipio",4,8,504,261,243
050,72,005,"Puerto Rico Commonwealth","Aguadilla Municipio",4,9,505,266,239
050,72,005,"Puerto Rico Commonwealth","Aguadilla Municipio",4,10,516,263,253
050,72,005,"Puerto Rico Commonwealth","Aguadilla Municipio",4,11,530,283,247
050,72,005,"Puerto Rico Commonwealth","Aguadilla Municipio",4,12,602,324,278
050,72,005,"Puerto Rico Commonwealth","Aguadilla Municipio",4,13,621,323,298
050,72,005,"Puerto Rico Commonwealth","Aguadilla Municipio",4,14,621,311,310
050,72,005,"Puerto Rico Commonwealth","Aguadilla Municipio",4,15,639,326,313
050,72,005,"Puerto Rico Commonwealth","Aguadilla Municipio",4,16,678,356,322
050,72,005,"Puerto Rico Commonwealth","Aguadilla Municipio",4,17,696,376,320
050,72,005,"Puerto Rico Commonwealth","Aguadilla Municipio",4,18,671,371,300
050,72,005,"Puerto Rico Commonwealth","Aguadilla Municipio",4,19,675,383,292
050,72,005,"Puerto Rico Commonwealth","Aguadilla Municipio",4,20,673,365,308
050,72,005,"Puerto Rico Commonwealth","Aguadilla Municipio",4,21,708,382,326
050,72,005,"Puerto Rico Commonwealth","Aguadilla Municipio",4,22,753,398,355
050,72,005,"Puerto Rico Commonwealth","Aguadilla Municipio",4,23,718,386,332
050,72,005,"Puerto Rico Commonwealth","Aguadilla Municipio",4,24,731,393,338
050,72,005,"Puerto Rico Commonwealth","Aguadilla Municipio",4,25,725,388,337
050,72,005,"Puerto Rico Commonwealth","Aguadilla Municipio",4,26,734,411,323
050,72,005,"Puerto Rico Commonwealth","Aguadilla Municipio",4,27,706,380,326
050,72,005,"Puerto Rico Commonwealth","Aguadilla Municipio",4,28,717,374,343
050,72,005,"Puerto Rico Commonwealth","Aguadilla Municipio",4,29,737,398,339
050,72,005,"Puerto Rico Commonwealth","Aguadilla Municipio",4,30,669,322,347
050,72,005,"Puerto Rico Commonwealth","Aguadilla Municipio",4,31,660,325,335
050,72,005,"Puerto Rico Commonwealth","Aguadilla Municipio",4,32,684,359,325
050,72,005,"Puerto Rico Commonwealth","Aguadilla Municipio",4,33,640,325,315
050,72,005,"Puerto Rico Commonwealth","Aguadilla Municipio",4,34,646,324,322
050,72,005,"Puerto Rico Commonwealth","Aguadilla Municipio",4,35,598,282,316
050,72,005,"Puerto Rico Commonwealth","Aguadilla Municipio",4,36,571,271,300
050,72,005,"Puerto Rico Commonwealth","Aguadilla Municipio",4,37,603,276,327
050,72,005,"Puerto Rico Commonwealth","Aguadilla Municipio",4,38,622,293,329
050,72,005,"Puerto Rico Commonwealth","Aguadilla Municipio",4,39,580,276,304
050,72,005,"Puerto Rico Commonwealth","Aguadilla Municipio",4,40,585,279,306
050,72,005,"Puerto Rico Commonwealth","Aguadilla Municipio",4,41,668,319,349
050,72,005,"Puerto Rico Commonwealth","Aguadilla Municipio",4,42,705,319,386
050,72,005,"Puerto Rico Commonwealth","Aguadilla Municipio",4,43,666,294,372
050,72,005,"Puerto Rico Commonwealth","Aguadilla Municipio",4,44,663,309,354
050,72,005,"Puerto Rico Commonwealth","Aguadilla Municipio",4,45,660,308,352
050,72,005,"Puerto Rico Commonwealth","Aguadilla Municipio",4,46,658,307,351
050,72,005,"Puerto Rico Commonwealth","Aguadilla Municipio",4,47,668,321,347
050,72,005,"Puerto Rico Commonwealth","Aguadilla Municipio",4,48,639,291,348
050,72,005,"Puerto Rico Commonwealth","Aguadilla Municipio",4,49,659,308,351
050,72,005,"Puerto Rico Commonwealth","Aguadilla Municipio",4,50,688,317,371
050,72,005,"Puerto Rico Commonwealth","Aguadilla Municipio",4,51,702,338,364
050,72,005,"Puerto Rico Commonwealth","Aguadilla Municipio",4,52,697,334,363
050,72,005,"Puerto Rico Commonwealth","Aguadilla Municipio",4,53,676,308,368
050,72,005,"Puerto Rico Commonwealth","Aguadilla Municipio",4,54,671,296,375
050,72,005,"Puerto Rico Commonwealth","Aguadilla Municipio",4,55,676,296,380
050,72,005,"Puerto Rico Commonwealth","Aguadilla Municipio",4,56,709,318,391
050,72,005,"Puerto Rico Commonwealth","Aguadilla Municipio",4,57,779,341,438
050,72,005,"Puerto Rico Commonwealth","Aguadilla Municipio",4,58,743,312,431
050,72,005,"Puerto Rico Commonwealth","Aguadilla Municipio",4,59,714,324,390
050,72,005,"Puerto Rico Commonwealth","Aguadilla Municipio",4,60,675,316,359
050,72,005,"Puerto Rico Commonwealth","Aguadilla Municipio",4,61,691,328,363
050,72,005,"Puerto Rico Commonwealth","Aguadilla Municipio",4,62,753,344,409
050,72,005,"Puerto Rico Commonwealth","Aguadilla Municipio",4,63,744,325,419
050,72,005,"Puerto Rico Commonwealth","Aguadilla Municipio",4,64,734,329,405
050,72,005,"Puerto Rico Commonwealth","Aguadilla Municipio",4,65,721,318,403
050,72,005,"Puerto Rico Commonwealth","Aguadilla Municipio",4,66,709,314,395
050,72,005,"Puerto Rico Commonwealth","Aguadilla Municipio",4,67,737,334,403
050,72,005,"Puerto Rico Commonwealth","Aguadilla Municipio",4,68,719,343,376
050,72,005,"Puerto Rico Commonwealth","Aguadilla Municipio",4,69,664,308,356
050,72,005,"Puerto Rico Commonwealth","Aguadilla Municipio",4,70,637,290,347
050,72,005,"Puerto Rico Commonwealth","Aguadilla Municipio",4,71,634,297,337
050,72,005,"Puerto Rico Commonwealth","Aguadilla Municipio",4,72,667,299,368
050,72,005,"Puerto Rico Commonwealth","Aguadilla Municipio",4,73,664,300,364
050,72,005,"Puerto Rico Commonwealth","Aguadilla Municipio",4,74,678,307,371
050,72,005,"Puerto Rico Commonwealth","Aguadilla Municipio",4,75,669,309,360
050,72,005,"Puerto Rico Commonwealth","Aguadilla Municipio",4,76,600,275,325
050,72,005,"Puerto Rico Commonwealth","Aguadilla Municipio",4,77,529,236,293
050,72,005,"Puerto Rico Commonwealth","Aguadilla Municipio",4,78,508,229,279
050,72,005,"Puerto Rico Commonwealth","Aguadilla Municipio",4,79,479,212,267
050,72,005,"Puerto Rico Commonwealth","Aguadilla Municipio",4,80,432,196,236
050,72,005,"Puerto Rico Commonwealth","Aguadilla Municipio",4,81,391,182,209
050,72,005,"Puerto Rico Commonwealth","Aguadilla Municipio",4,82,391,192,199
050,72,005,"Puerto Rico Commonwealth","Aguadilla Municipio",4,83,322,159,163
050,72,005,"Puerto Rico Commonwealth","Aguadilla Municipio",4,84,264,113,151
050,72,005,"Puerto Rico Commonwealth","Aguadilla Municipio",4,85,1635,723,912
050,72,005,"Puerto Rico Commonwealth","Aguadilla Municipio",5,0,311,169,142
050,72,005,"Puerto Rico Commonwealth","Aguadilla Municipio",5,1,295,150,145
050,72,005,"Puerto Rico Commonwealth","Aguadilla Municipio",5,2,291,165,126
050,72,005,"Puerto Rico Commonwealth","Aguadilla Municipio",5,3,341,183,158
050,72,005,"Puerto Rico Commonwealth","Aguadilla Municipio",5,4,346,187,159
050,72,005,"Puerto Rico Commonwealth","Aguadilla Municipio",5,5,336,171,165
050,72,005,"Puerto Rico Commonwealth","Aguadilla Municipio",5,6,382,180,202
050,72,005,"Puerto Rico Commonwealth","Aguadilla Municipio",5,7,439,228,211
050,72,005,"Puerto Rico Commonwealth","Aguadilla Municipio",5,8,467,236,231
050,72,005,"Puerto Rico Commonwealth","Aguadilla Municipio",5,9,509,264,245
050,72,005,"Puerto Rico Commonwealth","Aguadilla Municipio",5,10,509,269,240
050,72,005,"Puerto Rico Commonwealth","Aguadilla Municipio",5,11,519,265,254
050,72,005,"Puerto Rico Commonwealth","Aguadilla Municipio",5,12,534,286,248
050,72,005,"Puerto Rico Commonwealth","Aguadilla Municipio",5,13,609,329,280
050,72,005,"Puerto Rico Commonwealth","Aguadilla Municipio",5,14,627,327,300
050,72,005,"Puerto Rico Commonwealth","Aguadilla Municipio",5,15,632,320,312
050,72,005,"Puerto Rico Commonwealth","Aguadilla Municipio",5,16,650,333,317
050,72,005,"Puerto Rico Commonwealth","Aguadilla Municipio",5,17,683,359,324
050,72,005,"Puerto Rico Commonwealth","Aguadilla Municipio",5,18,700,383,317
050,72,005,"Puerto Rico Commonwealth","Aguadilla Municipio",5,19,666,374,292
050,72,005,"Puerto Rico Commonwealth","Aguadilla Municipio",5,20,656,366,290
050,72,005,"Puerto Rico Commonwealth","Aguadilla Municipio",5,21,685,376,309
050,72,005,"Puerto Rico Commonwealth","Aguadilla Municipio",5,22,708,382,326
050,72,005,"Puerto Rico Commonwealth","Aguadilla Municipio",5,23,759,403,356
050,72,005,"Puerto Rico Commonwealth","Aguadilla Municipio",5,24,723,389,334
050,72,005,"Puerto Rico Commonwealth","Aguadilla Municipio",5,25,733,394,339
050,72,005,"Puerto Rico Commonwealth","Aguadilla Municipio",5,26,734,395,339
050,72,005,"Puerto Rico Commonwealth","Aguadilla Municipio",5,27,726,402,324
050,72,005,"Puerto Rico Commonwealth","Aguadilla Municipio",5,28,715,389,326
050,72,005,"Puerto Rico Commonwealth","Aguadilla Municipio",5,29,727,383,344
050,72,005,"Puerto Rico Commonwealth","Aguadilla Municipio",5,30,710,370,340
050,72,005,"Puerto Rico Commonwealth","Aguadilla Municipio",5,31,663,315,348
050,72,005,"Puerto Rico Commonwealth","Aguadilla Municipio",5,32,674,334,340
050,72,005,"Puerto Rico Commonwealth","Aguadilla Municipio",5,33,672,349,323
050,72,005,"Puerto Rico Commonwealth","Aguadilla Municipio",5,34,656,339,317
050,72,005,"Puerto Rico Commonwealth","Aguadilla Municipio",5,35,626,303,323
050,72,005,"Puerto Rico Commonwealth","Aguadilla Municipio",5,36,605,288,317
050,72,005,"Puerto Rico Commonwealth","Aguadilla Municipio",5,37,561,261,300
050,72,005,"Puerto Rico Commonwealth","Aguadilla Municipio",5,38,616,288,328
050,72,005,"Puerto Rico Commonwealth","Aguadilla Municipio",5,39,587,257,330
050,72,005,"Puerto Rico Commonwealth","Aguadilla Municipio",5,40,573,269,304
050,72,005,"Puerto Rico Commonwealth","Aguadilla Municipio",5,41,601,295,306
050,72,005,"Puerto Rico Commonwealth","Aguadilla Municipio",5,42,651,301,350
050,72,005,"Puerto Rico Commonwealth","Aguadilla Municipio",5,43,701,315,386
050,72,005,"Puerto Rico Commonwealth","Aguadilla Municipio",5,44,673,301,372
050,72,005,"Puerto Rico Commonwealth","Aguadilla Municipio",5,45,648,295,353
050,72,005,"Puerto Rico Commonwealth","Aguadilla Municipio",5,46,648,296,352
050,72,005,"Puerto Rico Commonwealth","Aguadilla Municipio",5,47,663,311,352
050,72,005,"Puerto Rico Commonwealth","Aguadilla Municipio",5,48,658,310,348
050,72,005,"Puerto Rico Commonwealth","Aguadilla Municipio",5,49,639,290,349
050,72,005,"Puerto Rico Commonwealth","Aguadilla Municipio",5,50,651,299,352
050,72,005,"Puerto Rico Commonwealth","Aguadilla Municipio",5,51,692,319,373
050,72,005,"Puerto Rico Commonwealth","Aguadilla Municipio",5,52,688,324,364
050,72,005,"Puerto Rico Commonwealth","Aguadilla Municipio",5,53,699,336,363
050,72,005,"Puerto Rico Commonwealth","Aguadilla Municipio",5,54,676,307,369
050,72,005,"Puerto Rico Commonwealth","Aguadilla Municipio",5,55,671,298,373
050,72,005,"Puerto Rico Commonwealth","Aguadilla Municipio",5,56,680,298,382
050,72,005,"Puerto Rico Commonwealth","Aguadilla Municipio",5,57,709,317,392
050,72,005,"Puerto Rico Commonwealth","Aguadilla Municipio",5,58,771,331,440
050,72,005,"Puerto Rico Commonwealth","Aguadilla Municipio",5,59,748,315,433
050,72,005,"Puerto Rico Commonwealth","Aguadilla Municipio",5,60,709,317,392
050,72,005,"Puerto Rico Commonwealth","Aguadilla Municipio",5,61,672,317,355
050,72,005,"Puerto Rico Commonwealth","Aguadilla Municipio",5,62,687,323,364
050,72,005,"Puerto Rico Commonwealth","Aguadilla Municipio",5,63,746,341,405
050,72,005,"Puerto Rico Commonwealth","Aguadilla Municipio",5,64,746,324,422
050,72,005,"Puerto Rico Commonwealth","Aguadilla Municipio",5,65,724,324,400
050,72,005,"Puerto Rico Commonwealth","Aguadilla Municipio",5,66,720,319,401
050,72,005,"Puerto Rico Commonwealth","Aguadilla Municipio",5,67,706,308,398
050,72,005,"Puerto Rico Commonwealth","Aguadilla Municipio",5,68,716,319,397
050,72,005,"Puerto Rico Commonwealth","Aguadilla Municipio",5,69,714,337,377
050,72,005,"Puerto Rico Commonwealth","Aguadilla Municipio",5,70,649,302,347
050,72,005,"Puerto Rico Commonwealth","Aguadilla Municipio",5,71,617,275,342
050,72,005,"Puerto Rico Commonwealth","Aguadilla Municipio",5,72,628,294,334
050,72,005,"Puerto Rico Commonwealth","Aguadilla Municipio",5,73,652,290,362
050,72,005,"Puerto Rico Commonwealth","Aguadilla Municipio",5,74,649,293,356
050,72,005,"Puerto Rico Commonwealth","Aguadilla Municipio",5,75,665,303,362
050,72,005,"Puerto Rico Commonwealth","Aguadilla Municipio",5,76,642,293,349
050,72,005,"Puerto Rico Commonwealth","Aguadilla Municipio",5,77,579,266,313
050,72,005,"Puerto Rico Commonwealth","Aguadilla Municipio",5,78,513,227,286
050,72,005,"Puerto Rico Commonwealth","Aguadilla Municipio",5,79,485,224,261
050,72,005,"Puerto Rico Commonwealth","Aguadilla Municipio",5,80,453,196,257
050,72,005,"Puerto Rico Commonwealth","Aguadilla Municipio",5,81,411,186,225
050,72,005,"Puerto Rico Commonwealth","Aguadilla Municipio",5,82,366,168,198
050,72,005,"Puerto Rico Commonwealth","Aguadilla Municipio",5,83,359,178,181
050,72,005,"Puerto Rico Commonwealth","Aguadilla Municipio",5,84,306,149,157
050,72,005,"Puerto Rico Commonwealth","Aguadilla Municipio",5,85,1686,751,935
050,72,007,"Puerto Rico Commonwealth","Aguas Buenas Municipio",1,0,140,76,64
050,72,007,"Puerto Rico Commonwealth","Aguas Buenas Municipio",1,1,146,68,78
050,72,007,"Puerto Rico Commonwealth","Aguas Buenas Municipio",1,2,143,72,71
050,72,007,"Puerto Rico Commonwealth","Aguas Buenas Municipio",1,3,161,84,77
050,72,007,"Puerto Rico Commonwealth","Aguas Buenas Municipio",1,4,162,86,76
050,72,007,"Puerto Rico Commonwealth","Aguas Buenas Municipio",1,5,203,102,101
050,72,007,"Puerto Rico Commonwealth","Aguas Buenas Municipio",1,6,194,90,104
050,72,007,"Puerto Rico Commonwealth","Aguas Buenas Municipio",1,7,238,115,123
050,72,007,"Puerto Rico Commonwealth","Aguas Buenas Municipio",1,8,230,118,112
050,72,007,"Puerto Rico Commonwealth","Aguas Buenas Municipio",1,9,232,117,115
050,72,007,"Puerto Rico Commonwealth","Aguas Buenas Municipio",1,10,282,146,136
050,72,007,"Puerto Rico Commonwealth","Aguas Buenas Municipio",1,11,286,139,147
050,72,007,"Puerto Rico Commonwealth","Aguas Buenas Municipio",1,12,279,139,140
050,72,007,"Puerto Rico Commonwealth","Aguas Buenas Municipio",1,13,276,150,126
050,72,007,"Puerto Rico Commonwealth","Aguas Buenas Municipio",1,14,310,164,146
050,72,007,"Puerto Rico Commonwealth","Aguas Buenas Municipio",1,15,332,169,163
050,72,007,"Puerto Rico Commonwealth","Aguas Buenas Municipio",1,16,292,149,143
050,72,007,"Puerto Rico Commonwealth","Aguas Buenas Municipio",1,17,300,152,148
050,72,007,"Puerto Rico Commonwealth","Aguas Buenas Municipio",1,18,318,167,151
050,72,007,"Puerto Rico Commonwealth","Aguas Buenas Municipio",1,19,331,172,159
050,72,007,"Puerto Rico Commonwealth","Aguas Buenas Municipio",1,20,331,168,163
050,72,007,"Puerto Rico Commonwealth","Aguas Buenas Municipio",1,21,312,162,150
050,72,007,"Puerto Rico Commonwealth","Aguas Buenas Municipio",1,22,344,178,166
050,72,007,"Puerto Rico Commonwealth","Aguas Buenas Municipio",1,23,336,176,160
050,72,007,"Puerto Rico Commonwealth","Aguas Buenas Municipio",1,24,323,184,139
050,72,007,"Puerto Rico Commonwealth","Aguas Buenas Municipio",1,25,312,160,152
050,72,007,"Puerto Rico Commonwealth","Aguas Buenas Municipio",1,26,305,147,158
050,72,007,"Puerto Rico Commonwealth","Aguas Buenas Municipio",1,27,331,169,162
050,72,007,"Puerto Rico Commonwealth","Aguas Buenas Municipio",1,28,334,170,164
050,72,007,"Puerto Rico Commonwealth","Aguas Buenas Municipio",1,29,320,166,154
050,72,007,"Puerto Rico Commonwealth","Aguas Buenas Municipio",1,30,313,155,158
050,72,007,"Puerto Rico Commonwealth","Aguas Buenas Municipio",1,31,302,145,157
050,72,007,"Puerto Rico Commonwealth","Aguas Buenas Municipio",1,32,288,135,153
050,72,007,"Puerto Rico Commonwealth","Aguas Buenas Municipio",1,33,267,125,142
050,72,007,"Puerto Rico Commonwealth","Aguas Buenas Municipio",1,34,260,129,131
050,72,007,"Puerto Rico Commonwealth","Aguas Buenas Municipio",1,35,272,137,135
050,72,007,"Puerto Rico Commonwealth","Aguas Buenas Municipio",1,36,287,138,149
050,72,007,"Puerto Rico Commonwealth","Aguas Buenas Municipio",1,37,279,129,150
050,72,007,"Puerto Rico Commonwealth","Aguas Buenas Municipio",1,38,287,146,141
050,72,007,"Puerto Rico Commonwealth","Aguas Buenas Municipio",1,39,303,152,151
050,72,007,"Puerto Rico Commonwealth","Aguas Buenas Municipio",1,40,316,153,163
050,72,007,"Puerto Rico Commonwealth","Aguas Buenas Municipio",1,41,313,156,157
050,72,007,"Puerto Rico Commonwealth","Aguas Buenas Municipio",1,42,340,176,164
050,72,007,"Puerto Rico Commonwealth","Aguas Buenas Municipio",1,43,346,180,166
050,72,007,"Puerto Rico Commonwealth","Aguas Buenas Municipio",1,44,318,156,162
050,72,007,"Puerto Rico Commonwealth","Aguas Buenas Municipio",1,45,314,146,168
050,72,007,"Puerto Rico Commonwealth","Aguas Buenas Municipio",1,46,287,128,159
050,72,007,"Puerto Rico Commonwealth","Aguas Buenas Municipio",1,47,283,130,153
050,72,007,"Puerto Rico Commonwealth","Aguas Buenas Municipio",1,48,293,134,159
050,72,007,"Puerto Rico Commonwealth","Aguas Buenas Municipio",1,49,317,142,175
050,72,007,"Puerto Rico Commonwealth","Aguas Buenas Municipio",1,50,304,133,171
050,72,007,"Puerto Rico Commonwealth","Aguas Buenas Municipio",1,51,296,137,159
050,72,007,"Puerto Rico Commonwealth","Aguas Buenas Municipio",1,52,319,153,166
050,72,007,"Puerto Rico Commonwealth","Aguas Buenas Municipio",1,53,309,145,164
050,72,007,"Puerto Rico Commonwealth","Aguas Buenas Municipio",1,54,340,157,183
050,72,007,"Puerto Rico Commonwealth","Aguas Buenas Municipio",1,55,360,169,191
050,72,007,"Puerto Rico Commonwealth","Aguas Buenas Municipio",1,56,358,154,204
050,72,007,"Puerto Rico Commonwealth","Aguas Buenas Municipio",1,57,359,158,201
050,72,007,"Puerto Rico Commonwealth","Aguas Buenas Municipio",1,58,356,175,181
050,72,007,"Puerto Rico Commonwealth","Aguas Buenas Municipio",1,59,332,164,168
050,72,007,"Puerto Rico Commonwealth","Aguas Buenas Municipio",1,60,338,162,176
050,72,007,"Puerto Rico Commonwealth","Aguas Buenas Municipio",1,61,323,156,167
050,72,007,"Puerto Rico Commonwealth","Aguas Buenas Municipio",1,62,323,160,163
050,72,007,"Puerto Rico Commonwealth","Aguas Buenas Municipio",1,63,313,146,167
050,72,007,"Puerto Rico Commonwealth","Aguas Buenas Municipio",1,64,312,144,168
050,72,007,"Puerto Rico Commonwealth","Aguas Buenas Municipio",1,65,301,140,161
050,72,007,"Puerto Rico Commonwealth","Aguas Buenas Municipio",1,66,323,146,177
050,72,007,"Puerto Rico Commonwealth","Aguas Buenas Municipio",1,67,303,142,161
050,72,007,"Puerto Rico Commonwealth","Aguas Buenas Municipio",1,68,268,130,138
050,72,007,"Puerto Rico Commonwealth","Aguas Buenas Municipio",1,69,262,118,144
050,72,007,"Puerto Rico Commonwealth","Aguas Buenas Municipio",1,70,267,120,147
050,72,007,"Puerto Rico Commonwealth","Aguas Buenas Municipio",1,71,264,125,139
050,72,007,"Puerto Rico Commonwealth","Aguas Buenas Municipio",1,72,290,137,153
050,72,007,"Puerto Rico Commonwealth","Aguas Buenas Municipio",1,73,273,125,148
050,72,007,"Puerto Rico Commonwealth","Aguas Buenas Municipio",1,74,251,117,134
050,72,007,"Puerto Rico Commonwealth","Aguas Buenas Municipio",1,75,235,106,129
050,72,007,"Puerto Rico Commonwealth","Aguas Buenas Municipio",1,76,205,91,114
050,72,007,"Puerto Rico Commonwealth","Aguas Buenas Municipio",1,77,202,92,110
050,72,007,"Puerto Rico Commonwealth","Aguas Buenas Municipio",1,78,188,83,105
050,72,007,"Puerto Rico Commonwealth","Aguas Buenas Municipio",1,79,178,72,106
050,72,007,"Puerto Rico Commonwealth","Aguas Buenas Municipio",1,80,156,59,97
050,72,007,"Puerto Rico Commonwealth","Aguas Buenas Municipio",1,81,160,73,87
050,72,007,"Puerto Rico Commonwealth","Aguas Buenas Municipio",1,82,150,79,71
050,72,007,"Puerto Rico Commonwealth","Aguas Buenas Municipio",1,83,113,51,62
050,72,007,"Puerto Rico Commonwealth","Aguas Buenas Municipio",1,84,106,52,54
050,72,007,"Puerto Rico Commonwealth","Aguas Buenas Municipio",1,85,698,281,417
050,72,007,"Puerto Rico Commonwealth","Aguas Buenas Municipio",2,0,129,68,61
050,72,007,"Puerto Rico Commonwealth","Aguas Buenas Municipio",2,1,145,70,75
050,72,007,"Puerto Rico Commonwealth","Aguas Buenas Municipio",2,2,143,71,72
050,72,007,"Puerto Rico Commonwealth","Aguas Buenas Municipio",2,3,157,81,76
050,72,007,"Puerto Rico Commonwealth","Aguas Buenas Municipio",2,4,162,86,76
050,72,007,"Puerto Rico Commonwealth","Aguas Buenas Municipio",2,5,193,98,95
050,72,007,"Puerto Rico Commonwealth","Aguas Buenas Municipio",2,6,196,93,103
050,72,007,"Puerto Rico Commonwealth","Aguas Buenas Municipio",2,7,226,108,118
050,72,007,"Puerto Rico Commonwealth","Aguas Buenas Municipio",2,8,233,118,115
050,72,007,"Puerto Rico Commonwealth","Aguas Buenas Municipio",2,9,231,117,114
050,72,007,"Puerto Rico Commonwealth","Aguas Buenas Municipio",2,10,270,139,131
050,72,007,"Puerto Rico Commonwealth","Aguas Buenas Municipio",2,11,284,140,144
050,72,007,"Puerto Rico Commonwealth","Aguas Buenas Municipio",2,12,281,139,142
050,72,007,"Puerto Rico Commonwealth","Aguas Buenas Municipio",2,13,278,148,130
050,72,007,"Puerto Rico Commonwealth","Aguas Buenas Municipio",2,14,301,160,141
050,72,007,"Puerto Rico Commonwealth","Aguas Buenas Municipio",2,15,326,168,158
050,72,007,"Puerto Rico Commonwealth","Aguas Buenas Municipio",2,16,302,154,148
050,72,007,"Puerto Rico Commonwealth","Aguas Buenas Municipio",2,17,298,151,147
050,72,007,"Puerto Rico Commonwealth","Aguas Buenas Municipio",2,18,313,163,150
050,72,007,"Puerto Rico Commonwealth","Aguas Buenas Municipio",2,19,328,171,157
050,72,007,"Puerto Rico Commonwealth","Aguas Buenas Municipio",2,20,330,169,161
050,72,007,"Puerto Rico Commonwealth","Aguas Buenas Municipio",2,21,318,164,154
050,72,007,"Puerto Rico Commonwealth","Aguas Buenas Municipio",2,22,336,174,162
050,72,007,"Puerto Rico Commonwealth","Aguas Buenas Municipio",2,23,337,176,161
050,72,007,"Puerto Rico Commonwealth","Aguas Buenas Municipio",2,24,326,182,144
050,72,007,"Puerto Rico Commonwealth","Aguas Buenas Municipio",2,25,315,166,149
050,72,007,"Puerto Rico Commonwealth","Aguas Buenas Municipio",2,26,307,150,157
050,72,007,"Puerto Rico Commonwealth","Aguas Buenas Municipio",2,27,324,163,161
050,72,007,"Puerto Rico Commonwealth","Aguas Buenas Municipio",2,28,333,170,163
050,72,007,"Puerto Rico Commonwealth","Aguas Buenas Municipio",2,29,324,167,157
050,72,007,"Puerto Rico Commonwealth","Aguas Buenas Municipio",2,30,314,157,157
050,72,007,"Puerto Rico Commonwealth","Aguas Buenas Municipio",2,31,304,147,157
050,72,007,"Puerto Rico Commonwealth","Aguas Buenas Municipio",2,32,291,137,154
050,72,007,"Puerto Rico Commonwealth","Aguas Buenas Municipio",2,33,273,128,145
050,72,007,"Puerto Rico Commonwealth","Aguas Buenas Municipio",2,34,261,128,133
050,72,007,"Puerto Rico Commonwealth","Aguas Buenas Municipio",2,35,269,135,134
050,72,007,"Puerto Rico Commonwealth","Aguas Buenas Municipio",2,36,284,138,146
050,72,007,"Puerto Rico Commonwealth","Aguas Buenas Municipio",2,37,281,131,150
050,72,007,"Puerto Rico Commonwealth","Aguas Buenas Municipio",2,38,285,142,143
050,72,007,"Puerto Rico Commonwealth","Aguas Buenas Municipio",2,39,298,150,148
050,72,007,"Puerto Rico Commonwealth","Aguas Buenas Municipio",2,40,312,152,160
050,72,007,"Puerto Rico Commonwealth","Aguas Buenas Municipio",2,41,313,155,158
050,72,007,"Puerto Rico Commonwealth","Aguas Buenas Municipio",2,42,333,171,162
050,72,007,"Puerto Rico Commonwealth","Aguas Buenas Municipio",2,43,345,179,166
050,72,007,"Puerto Rico Commonwealth","Aguas Buenas Municipio",2,44,325,162,163
050,72,007,"Puerto Rico Commonwealth","Aguas Buenas Municipio",2,45,315,149,166
050,72,007,"Puerto Rico Commonwealth","Aguas Buenas Municipio",2,46,292,131,161
050,72,007,"Puerto Rico Commonwealth","Aguas Buenas Municipio",2,47,285,130,155
050,72,007,"Puerto Rico Commonwealth","Aguas Buenas Municipio",2,48,290,133,157
050,72,007,"Puerto Rico Commonwealth","Aguas Buenas Municipio",2,49,309,139,170
050,72,007,"Puerto Rico Commonwealth","Aguas Buenas Municipio",2,50,307,135,172
050,72,007,"Puerto Rico Commonwealth","Aguas Buenas Municipio",2,51,298,136,162
050,72,007,"Puerto Rico Commonwealth","Aguas Buenas Municipio",2,52,313,149,164
050,72,007,"Puerto Rico Commonwealth","Aguas Buenas Municipio",2,53,311,147,164
050,72,007,"Puerto Rico Commonwealth","Aguas Buenas Municipio",2,54,331,153,178
050,72,007,"Puerto Rico Commonwealth","Aguas Buenas Municipio",2,55,355,166,189
050,72,007,"Puerto Rico Commonwealth","Aguas Buenas Municipio",2,56,358,158,200
050,72,007,"Puerto Rico Commonwealth","Aguas Buenas Municipio",2,57,358,156,202
050,72,007,"Puerto Rico Commonwealth","Aguas Buenas Municipio",2,58,355,169,186
050,72,007,"Puerto Rico Commonwealth","Aguas Buenas Municipio",2,59,338,167,171
050,72,007,"Puerto Rico Commonwealth","Aguas Buenas Municipio",2,60,336,162,174
050,72,007,"Puerto Rico Commonwealth","Aguas Buenas Municipio",2,61,326,157,169
050,72,007,"Puerto Rico Commonwealth","Aguas Buenas Municipio",2,62,323,159,164
050,72,007,"Puerto Rico Commonwealth","Aguas Buenas Municipio",2,63,316,150,166
050,72,007,"Puerto Rico Commonwealth","Aguas Buenas Municipio",2,64,311,144,167
050,72,007,"Puerto Rico Commonwealth","Aguas Buenas Municipio",2,65,303,140,163
050,72,007,"Puerto Rico Commonwealth","Aguas Buenas Municipio",2,66,316,143,173
050,72,007,"Puerto Rico Commonwealth","Aguas Buenas Municipio",2,67,307,142,165
050,72,007,"Puerto Rico Commonwealth","Aguas Buenas Municipio",2,68,275,132,143
050,72,007,"Puerto Rico Commonwealth","Aguas Buenas Municipio",2,69,260,119,141
050,72,007,"Puerto Rico Commonwealth","Aguas Buenas Municipio",2,70,265,119,146
050,72,007,"Puerto Rico Commonwealth","Aguas Buenas Municipio",2,71,263,122,141
050,72,007,"Puerto Rico Commonwealth","Aguas Buenas Municipio",2,72,284,134,150
050,72,007,"Puerto Rico Commonwealth","Aguas Buenas Municipio",2,73,276,127,149
050,72,007,"Puerto Rico Commonwealth","Aguas Buenas Municipio",2,74,255,119,136
050,72,007,"Puerto Rico Commonwealth","Aguas Buenas Municipio",2,75,237,108,129
050,72,007,"Puerto Rico Commonwealth","Aguas Buenas Municipio",2,76,210,92,118
050,72,007,"Puerto Rico Commonwealth","Aguas Buenas Municipio",2,77,203,92,111
050,72,007,"Puerto Rico Commonwealth","Aguas Buenas Municipio",2,78,191,85,106
050,72,007,"Puerto Rico Commonwealth","Aguas Buenas Municipio",2,79,180,75,105
050,72,007,"Puerto Rico Commonwealth","Aguas Buenas Municipio",2,80,160,62,98
050,72,007,"Puerto Rico Commonwealth","Aguas Buenas Municipio",2,81,158,69,89
050,72,007,"Puerto Rico Commonwealth","Aguas Buenas Municipio",2,82,150,76,74
050,72,007,"Puerto Rico Commonwealth","Aguas Buenas Municipio",2,83,121,58,63
050,72,007,"Puerto Rico Commonwealth","Aguas Buenas Municipio",2,84,106,51,55
050,72,007,"Puerto Rico Commonwealth","Aguas Buenas Municipio",2,85,708,286,422
050,72,007,"Puerto Rico Commonwealth","Aguas Buenas Municipio",3,0,151,71,80
050,72,007,"Puerto Rico Commonwealth","Aguas Buenas Municipio",3,1,128,67,61
050,72,007,"Puerto Rico Commonwealth","Aguas Buenas Municipio",3,2,144,69,75
050,72,007,"Puerto Rico Commonwealth","Aguas Buenas Municipio",3,3,142,70,72
050,72,007,"Puerto Rico Commonwealth","Aguas Buenas Municipio",3,4,156,80,76
050,72,007,"Puerto Rico Commonwealth","Aguas Buenas Municipio",3,5,160,85,75
050,72,007,"Puerto Rico Commonwealth","Aguas Buenas Municipio",3,6,192,98,94
050,72,007,"Puerto Rico Commonwealth","Aguas Buenas Municipio",3,7,194,92,102
050,72,007,"Puerto Rico Commonwealth","Aguas Buenas Municipio",3,8,224,107,117
050,72,007,"Puerto Rico Commonwealth","Aguas Buenas Municipio",3,9,231,117,114
050,72,007,"Puerto Rico Commonwealth","Aguas Buenas Municipio",3,10,229,116,113
050,72,007,"Puerto Rico Commonwealth","Aguas Buenas Municipio",3,11,267,138,129
050,72,007,"Puerto Rico Commonwealth","Aguas Buenas Municipio",3,12,282,139,143
050,72,007,"Puerto Rico Commonwealth","Aguas Buenas Municipio",3,13,279,138,141
050,72,007,"Puerto Rico Commonwealth","Aguas Buenas Municipio",3,14,274,146,128
050,72,007,"Puerto Rico Commonwealth","Aguas Buenas Municipio",3,15,297,158,139
050,72,007,"Puerto Rico Commonwealth","Aguas Buenas Municipio",3,16,322,166,156
050,72,007,"Puerto Rico Commonwealth","Aguas Buenas Municipio",3,17,299,153,146
050,72,007,"Puerto Rico Commonwealth","Aguas Buenas Municipio",3,18,291,147,144
050,72,007,"Puerto Rico Commonwealth","Aguas Buenas Municipio",3,19,305,159,146
050,72,007,"Puerto Rico Commonwealth","Aguas Buenas Municipio",3,20,325,169,156
050,72,007,"Puerto Rico Commonwealth","Aguas Buenas Municipio",3,21,327,167,160
050,72,007,"Puerto Rico Commonwealth","Aguas Buenas Municipio",3,22,315,163,152
050,72,007,"Puerto Rico Commonwealth","Aguas Buenas Municipio",3,23,335,174,161
050,72,007,"Puerto Rico Commonwealth","Aguas Buenas Municipio",3,24,336,175,161
050,72,007,"Puerto Rico Commonwealth","Aguas Buenas Municipio",3,25,326,182,144
050,72,007,"Puerto Rico Commonwealth","Aguas Buenas Municipio",3,26,314,167,147
050,72,007,"Puerto Rico Commonwealth","Aguas Buenas Municipio",3,27,304,149,155
050,72,007,"Puerto Rico Commonwealth","Aguas Buenas Municipio",3,28,323,164,159
050,72,007,"Puerto Rico Commonwealth","Aguas Buenas Municipio",3,29,329,165,164
050,72,007,"Puerto Rico Commonwealth","Aguas Buenas Municipio",3,30,322,168,154
050,72,007,"Puerto Rico Commonwealth","Aguas Buenas Municipio",3,31,313,158,155
050,72,007,"Puerto Rico Commonwealth","Aguas Buenas Municipio",3,32,302,145,157
050,72,007,"Puerto Rico Commonwealth","Aguas Buenas Municipio",3,33,290,138,152
050,72,007,"Puerto Rico Commonwealth","Aguas Buenas Municipio",3,34,270,126,144
050,72,007,"Puerto Rico Commonwealth","Aguas Buenas Municipio",3,35,260,128,132
050,72,007,"Puerto Rico Commonwealth","Aguas Buenas Municipio",3,36,268,134,134
050,72,007,"Puerto Rico Commonwealth","Aguas Buenas Municipio",3,37,281,137,144
050,72,007,"Puerto Rico Commonwealth","Aguas Buenas Municipio",3,38,278,130,148
050,72,007,"Puerto Rico Commonwealth","Aguas Buenas Municipio",3,39,285,143,142
050,72,007,"Puerto Rico Commonwealth","Aguas Buenas Municipio",3,40,297,150,147
050,72,007,"Puerto Rico Commonwealth","Aguas Buenas Municipio",3,41,316,152,164
050,72,007,"Puerto Rico Commonwealth","Aguas Buenas Municipio",3,42,305,153,152
050,72,007,"Puerto Rico Commonwealth","Aguas Buenas Municipio",3,43,330,169,161
050,72,007,"Puerto Rico Commonwealth","Aguas Buenas Municipio",3,44,343,178,165
050,72,007,"Puerto Rico Commonwealth","Aguas Buenas Municipio",3,45,322,160,162
050,72,007,"Puerto Rico Commonwealth","Aguas Buenas Municipio",3,46,315,149,166
050,72,007,"Puerto Rico Commonwealth","Aguas Buenas Municipio",3,47,291,132,159
050,72,007,"Puerto Rico Commonwealth","Aguas Buenas Municipio",3,48,282,129,153
050,72,007,"Puerto Rico Commonwealth","Aguas Buenas Municipio",3,49,288,132,156
050,72,007,"Puerto Rico Commonwealth","Aguas Buenas Municipio",3,50,306,137,169
050,72,007,"Puerto Rico Commonwealth","Aguas Buenas Municipio",3,51,307,135,172
050,72,007,"Puerto Rico Commonwealth","Aguas Buenas Municipio",3,52,292,133,159
050,72,007,"Puerto Rico Commonwealth","Aguas Buenas Municipio",3,53,307,148,159
050,72,007,"Puerto Rico Commonwealth","Aguas Buenas Municipio",3,54,309,145,164
050,72,007,"Puerto Rico Commonwealth","Aguas Buenas Municipio",3,55,324,148,176
050,72,007,"Puerto Rico Commonwealth","Aguas Buenas Municipio",3,56,352,164,188
050,72,007,"Puerto Rico Commonwealth","Aguas Buenas Municipio",3,57,351,155,196
050,72,007,"Puerto Rico Commonwealth","Aguas Buenas Municipio",3,58,355,154,201
050,72,007,"Puerto Rico Commonwealth","Aguas Buenas Municipio",3,59,346,164,182
050,72,007,"Puerto Rico Commonwealth","Aguas Buenas Municipio",3,60,333,163,170
050,72,007,"Puerto Rico Commonwealth","Aguas Buenas Municipio",3,61,332,160,172
050,72,007,"Puerto Rico Commonwealth","Aguas Buenas Municipio",3,62,321,153,168
050,72,007,"Puerto Rico Commonwealth","Aguas Buenas Municipio",3,63,309,152,157
050,72,007,"Puerto Rico Commonwealth","Aguas Buenas Municipio",3,64,311,147,164
050,72,007,"Puerto Rico Commonwealth","Aguas Buenas Municipio",3,65,306,141,165
050,72,007,"Puerto Rico Commonwealth","Aguas Buenas Municipio",3,66,298,137,161
050,72,007,"Puerto Rico Commonwealth","Aguas Buenas Municipio",3,67,312,140,172
050,72,007,"Puerto Rico Commonwealth","Aguas Buenas Municipio",3,68,304,141,163
050,72,007,"Puerto Rico Commonwealth","Aguas Buenas Municipio",3,69,273,130,143
050,72,007,"Puerto Rico Commonwealth","Aguas Buenas Municipio",3,70,260,120,140
050,72,007,"Puerto Rico Commonwealth","Aguas Buenas Municipio",3,71,254,108,146
050,72,007,"Puerto Rico Commonwealth","Aguas Buenas Municipio",3,72,260,119,141
050,72,007,"Puerto Rico Commonwealth","Aguas Buenas Municipio",3,73,274,129,145
050,72,007,"Puerto Rico Commonwealth","Aguas Buenas Municipio",3,74,276,128,148
050,72,007,"Puerto Rico Commonwealth","Aguas Buenas Municipio",3,75,250,114,136
050,72,007,"Puerto Rico Commonwealth","Aguas Buenas Municipio",3,76,234,106,128
050,72,007,"Puerto Rico Commonwealth","Aguas Buenas Municipio",3,77,197,87,110
050,72,007,"Puerto Rico Commonwealth","Aguas Buenas Municipio",3,78,196,89,107
050,72,007,"Puerto Rico Commonwealth","Aguas Buenas Municipio",3,79,187,85,102
050,72,007,"Puerto Rico Commonwealth","Aguas Buenas Municipio",3,80,170,67,103
050,72,007,"Puerto Rico Commonwealth","Aguas Buenas Municipio",3,81,155,57,98
050,72,007,"Puerto Rico Commonwealth","Aguas Buenas Municipio",3,82,144,64,80
050,72,007,"Puerto Rico Commonwealth","Aguas Buenas Municipio",3,83,138,67,71
050,72,007,"Puerto Rico Commonwealth","Aguas Buenas Municipio",3,84,117,57,60
050,72,007,"Puerto Rico Commonwealth","Aguas Buenas Municipio",3,85,757,305,452
050,72,007,"Puerto Rico Commonwealth","Aguas Buenas Municipio",4,0,127,71,56
050,72,007,"Puerto Rico Commonwealth","Aguas Buenas Municipio",4,1,149,70,79
050,72,007,"Puerto Rico Commonwealth","Aguas Buenas Municipio",4,2,124,65,59
050,72,007,"Puerto Rico Commonwealth","Aguas Buenas Municipio",4,3,140,67,73
050,72,007,"Puerto Rico Commonwealth","Aguas Buenas Municipio",4,4,138,68,70
050,72,007,"Puerto Rico Commonwealth","Aguas Buenas Municipio",4,5,152,78,74
050,72,007,"Puerto Rico Commonwealth","Aguas Buenas Municipio",4,6,156,83,73
050,72,007,"Puerto Rico Commonwealth","Aguas Buenas Municipio",4,7,188,96,92
050,72,007,"Puerto Rico Commonwealth","Aguas Buenas Municipio",4,8,190,90,100
050,72,007,"Puerto Rico Commonwealth","Aguas Buenas Municipio",4,9,220,105,115
050,72,007,"Puerto Rico Commonwealth","Aguas Buenas Municipio",4,10,227,115,112
050,72,007,"Puerto Rico Commonwealth","Aguas Buenas Municipio",4,11,223,113,110
050,72,007,"Puerto Rico Commonwealth","Aguas Buenas Municipio",4,12,261,135,126
050,72,007,"Puerto Rico Commonwealth","Aguas Buenas Municipio",4,13,276,136,140
050,72,007,"Puerto Rico Commonwealth","Aguas Buenas Municipio",4,14,274,135,139
050,72,007,"Puerto Rico Commonwealth","Aguas Buenas Municipio",4,15,267,142,125
050,72,007,"Puerto Rico Commonwealth","Aguas Buenas Municipio",4,16,289,154,135
050,72,007,"Puerto Rico Commonwealth","Aguas Buenas Municipio",4,17,314,162,152
050,72,007,"Puerto Rico Commonwealth","Aguas Buenas Municipio",4,18,288,147,141
050,72,007,"Puerto Rico Commonwealth","Aguas Buenas Municipio",4,19,280,142,138
050,72,007,"Puerto Rico Commonwealth","Aguas Buenas Municipio",4,20,297,154,143
050,72,007,"Puerto Rico Commonwealth","Aguas Buenas Municipio",4,21,319,165,154
050,72,007,"Puerto Rico Commonwealth","Aguas Buenas Municipio",4,22,318,161,157
050,72,007,"Puerto Rico Commonwealth","Aguas Buenas Municipio",4,23,308,159,149
050,72,007,"Puerto Rico Commonwealth","Aguas Buenas Municipio",4,24,331,172,159
050,72,007,"Puerto Rico Commonwealth","Aguas Buenas Municipio",4,25,332,172,160
050,72,007,"Puerto Rico Commonwealth","Aguas Buenas Municipio",4,26,320,180,140
050,72,007,"Puerto Rico Commonwealth","Aguas Buenas Municipio",4,27,307,163,144
050,72,007,"Puerto Rico Commonwealth","Aguas Buenas Municipio",4,28,298,146,152
050,72,007,"Puerto Rico Commonwealth","Aguas Buenas Municipio",4,29,315,156,159
050,72,007,"Puerto Rico Commonwealth","Aguas Buenas Municipio",4,30,320,162,158
050,72,007,"Puerto Rico Commonwealth","Aguas Buenas Municipio",4,31,317,167,150
050,72,007,"Puerto Rico Commonwealth","Aguas Buenas Municipio",4,32,306,153,153
050,72,007,"Puerto Rico Commonwealth","Aguas Buenas Municipio",4,33,296,143,153
050,72,007,"Puerto Rico Commonwealth","Aguas Buenas Municipio",4,34,284,134,150
050,72,007,"Puerto Rico Commonwealth","Aguas Buenas Municipio",4,35,265,123,142
050,72,007,"Puerto Rico Commonwealth","Aguas Buenas Municipio",4,36,256,124,132
050,72,007,"Puerto Rico Commonwealth","Aguas Buenas Municipio",4,37,263,130,133
050,72,007,"Puerto Rico Commonwealth","Aguas Buenas Municipio",4,38,274,133,141
050,72,007,"Puerto Rico Commonwealth","Aguas Buenas Municipio",4,39,275,129,146
050,72,007,"Puerto Rico Commonwealth","Aguas Buenas Municipio",4,40,280,140,140
050,72,007,"Puerto Rico Commonwealth","Aguas Buenas Municipio",4,41,300,150,150
050,72,007,"Puerto Rico Commonwealth","Aguas Buenas Municipio",4,42,306,148,158
050,72,007,"Puerto Rico Commonwealth","Aguas Buenas Municipio",4,43,301,151,150
050,72,007,"Puerto Rico Commonwealth","Aguas Buenas Municipio",4,44,324,165,159
050,72,007,"Puerto Rico Commonwealth","Aguas Buenas Municipio",4,45,338,175,163
050,72,007,"Puerto Rico Commonwealth","Aguas Buenas Municipio",4,46,319,157,162
050,72,007,"Puerto Rico Commonwealth","Aguas Buenas Municipio",4,47,311,147,164
050,72,007,"Puerto Rico Commonwealth","Aguas Buenas Municipio",4,48,285,129,156
050,72,007,"Puerto Rico Commonwealth","Aguas Buenas Municipio",4,49,278,127,151
050,72,007,"Puerto Rico Commonwealth","Aguas Buenas Municipio",4,50,284,130,154
050,72,007,"Puerto Rico Commonwealth","Aguas Buenas Municipio",4,51,304,136,168
050,72,007,"Puerto Rico Commonwealth","Aguas Buenas Municipio",4,52,305,133,172
050,72,007,"Puerto Rico Commonwealth","Aguas Buenas Municipio",4,53,284,129,155
050,72,007,"Puerto Rico Commonwealth","Aguas Buenas Municipio",4,54,301,145,156
050,72,007,"Puerto Rico Commonwealth","Aguas Buenas Municipio",4,55,302,141,161
050,72,007,"Puerto Rico Commonwealth","Aguas Buenas Municipio",4,56,322,147,175
050,72,007,"Puerto Rico Commonwealth","Aguas Buenas Municipio",4,57,342,159,183
050,72,007,"Puerto Rico Commonwealth","Aguas Buenas Municipio",4,58,346,151,195
050,72,007,"Puerto Rico Commonwealth","Aguas Buenas Municipio",4,59,346,149,197
050,72,007,"Puerto Rico Commonwealth","Aguas Buenas Municipio",4,60,342,161,181
050,72,007,"Puerto Rico Commonwealth","Aguas Buenas Municipio",4,61,329,162,167
050,72,007,"Puerto Rico Commonwealth","Aguas Buenas Municipio",4,62,324,154,170
050,72,007,"Puerto Rico Commonwealth","Aguas Buenas Municipio",4,63,308,145,163
050,72,007,"Puerto Rico Commonwealth","Aguas Buenas Municipio",4,64,305,151,154
050,72,007,"Puerto Rico Commonwealth","Aguas Buenas Municipio",4,65,306,144,162
050,72,007,"Puerto Rico Commonwealth","Aguas Buenas Municipio",4,66,300,136,164
050,72,007,"Puerto Rico Commonwealth","Aguas Buenas Municipio",4,67,289,132,157
050,72,007,"Puerto Rico Commonwealth","Aguas Buenas Municipio",4,68,307,138,169
050,72,007,"Puerto Rico Commonwealth","Aguas Buenas Municipio",4,69,295,133,162
050,72,007,"Puerto Rico Commonwealth","Aguas Buenas Municipio",4,70,271,131,140
050,72,007,"Puerto Rico Commonwealth","Aguas Buenas Municipio",4,71,251,112,139
050,72,007,"Puerto Rico Commonwealth","Aguas Buenas Municipio",4,72,249,104,145
050,72,007,"Puerto Rico Commonwealth","Aguas Buenas Municipio",4,73,252,115,137
050,72,007,"Puerto Rico Commonwealth","Aguas Buenas Municipio",4,74,272,128,144
050,72,007,"Puerto Rico Commonwealth","Aguas Buenas Municipio",4,75,271,124,147
050,72,007,"Puerto Rico Commonwealth","Aguas Buenas Municipio",4,76,244,108,136
050,72,007,"Puerto Rico Commonwealth","Aguas Buenas Municipio",4,77,222,102,120
050,72,007,"Puerto Rico Commonwealth","Aguas Buenas Municipio",4,78,188,81,107
050,72,007,"Puerto Rico Commonwealth","Aguas Buenas Municipio",4,79,190,90,100
050,72,007,"Puerto Rico Commonwealth","Aguas Buenas Municipio",4,80,176,75,101
050,72,007,"Puerto Rico Commonwealth","Aguas Buenas Municipio",4,81,159,63,96
050,72,007,"Puerto Rico Commonwealth","Aguas Buenas Municipio",4,82,146,58,88
050,72,007,"Puerto Rico Commonwealth","Aguas Buenas Municipio",4,83,130,54,76
050,72,007,"Puerto Rico Commonwealth","Aguas Buenas Municipio",4,84,127,63,64
050,72,007,"Puerto Rico Commonwealth","Aguas Buenas Municipio",4,85,806,328,478
050,72,007,"Puerto Rico Commonwealth","Aguas Buenas Municipio",5,0,139,72,67
050,72,007,"Puerto Rico Commonwealth","Aguas Buenas Municipio",5,1,127,71,56
050,72,007,"Puerto Rico Commonwealth","Aguas Buenas Municipio",5,2,149,70,79
050,72,007,"Puerto Rico Commonwealth","Aguas Buenas Municipio",5,3,124,65,59
050,72,007,"Puerto Rico Commonwealth","Aguas Buenas Municipio",5,4,140,67,73
050,72,007,"Puerto Rico Commonwealth","Aguas Buenas Municipio",5,5,138,68,70
050,72,007,"Puerto Rico Commonwealth","Aguas Buenas Municipio",5,6,152,78,74
050,72,007,"Puerto Rico Commonwealth","Aguas Buenas Municipio",5,7,154,82,72
050,72,007,"Puerto Rico Commonwealth","Aguas Buenas Municipio",5,8,187,96,91
050,72,007,"Puerto Rico Commonwealth","Aguas Buenas Municipio",5,9,189,90,99
050,72,007,"Puerto Rico Commonwealth","Aguas Buenas Municipio",5,10,218,104,114
050,72,007,"Puerto Rico Commonwealth","Aguas Buenas Municipio",5,11,225,114,111
050,72,007,"Puerto Rico Commonwealth","Aguas Buenas Municipio",5,12,221,112,109
050,72,007,"Puerto Rico Commonwealth","Aguas Buenas Municipio",5,13,259,134,125
050,72,007,"Puerto Rico Commonwealth","Aguas Buenas Municipio",5,14,274,135,139
050,72,007,"Puerto Rico Commonwealth","Aguas Buenas Municipio",5,15,273,134,139
050,72,007,"Puerto Rico Commonwealth","Aguas Buenas Municipio",5,16,264,140,124
050,72,007,"Puerto Rico Commonwealth","Aguas Buenas Municipio",5,17,286,153,133
050,72,007,"Puerto Rico Commonwealth","Aguas Buenas Municipio",5,18,308,159,149
050,72,007,"Puerto Rico Commonwealth","Aguas Buenas Municipio",5,19,283,145,138
050,72,007,"Puerto Rico Commonwealth","Aguas Buenas Municipio",5,20,275,138,137
050,72,007,"Puerto Rico Commonwealth","Aguas Buenas Municipio",5,21,297,153,144
050,72,007,"Puerto Rico Commonwealth","Aguas Buenas Municipio",5,22,317,164,153
050,72,007,"Puerto Rico Commonwealth","Aguas Buenas Municipio",5,23,317,161,156
050,72,007,"Puerto Rico Commonwealth","Aguas Buenas Municipio",5,24,307,159,148
050,72,007,"Puerto Rico Commonwealth","Aguas Buenas Municipio",5,25,331,171,160
050,72,007,"Puerto Rico Commonwealth","Aguas Buenas Municipio",5,26,331,172,159
050,72,007,"Puerto Rico Commonwealth","Aguas Buenas Municipio",5,27,319,180,139
050,72,007,"Puerto Rico Commonwealth","Aguas Buenas Municipio",5,28,307,164,143
050,72,007,"Puerto Rico Commonwealth","Aguas Buenas Municipio",5,29,295,141,154
050,72,007,"Puerto Rico Commonwealth","Aguas Buenas Municipio",5,30,311,156,155
050,72,007,"Puerto Rico Commonwealth","Aguas Buenas Municipio",5,31,320,163,157
050,72,007,"Puerto Rico Commonwealth","Aguas Buenas Municipio",5,32,316,166,150
050,72,007,"Puerto Rico Commonwealth","Aguas Buenas Municipio",5,33,305,154,151
050,72,007,"Puerto Rico Commonwealth","Aguas Buenas Municipio",5,34,292,140,152
050,72,007,"Puerto Rico Commonwealth","Aguas Buenas Municipio",5,35,283,134,149
050,72,007,"Puerto Rico Commonwealth","Aguas Buenas Municipio",5,36,266,121,145
050,72,007,"Puerto Rico Commonwealth","Aguas Buenas Municipio",5,37,254,123,131
050,72,007,"Puerto Rico Commonwealth","Aguas Buenas Municipio",5,38,260,129,131
050,72,007,"Puerto Rico Commonwealth","Aguas Buenas Municipio",5,39,274,133,141
050,72,007,"Puerto Rico Commonwealth","Aguas Buenas Municipio",5,40,273,127,146
050,72,007,"Puerto Rico Commonwealth","Aguas Buenas Municipio",5,41,288,142,146
050,72,007,"Puerto Rico Commonwealth","Aguas Buenas Municipio",5,42,290,146,144
050,72,007,"Puerto Rico Commonwealth","Aguas Buenas Municipio",5,43,305,147,158
050,72,007,"Puerto Rico Commonwealth","Aguas Buenas Municipio",5,44,299,149,150
050,72,007,"Puerto Rico Commonwealth","Aguas Buenas Municipio",5,45,323,164,159
050,72,007,"Puerto Rico Commonwealth","Aguas Buenas Municipio",5,46,337,173,164
050,72,007,"Puerto Rico Commonwealth","Aguas Buenas Municipio",5,47,317,157,160
050,72,007,"Puerto Rico Commonwealth","Aguas Buenas Municipio",5,48,308,146,162
050,72,007,"Puerto Rico Commonwealth","Aguas Buenas Municipio",5,49,284,128,156
050,72,007,"Puerto Rico Commonwealth","Aguas Buenas Municipio",5,50,275,125,150
050,72,007,"Puerto Rico Commonwealth","Aguas Buenas Municipio",5,51,282,129,153
050,72,007,"Puerto Rico Commonwealth","Aguas Buenas Municipio",5,52,303,134,169
050,72,007,"Puerto Rico Commonwealth","Aguas Buenas Municipio",5,53,299,132,167
050,72,007,"Puerto Rico Commonwealth","Aguas Buenas Municipio",5,54,283,128,155
050,72,007,"Puerto Rico Commonwealth","Aguas Buenas Municipio",5,55,295,141,154
050,72,007,"Puerto Rico Commonwealth","Aguas Buenas Municipio",5,56,301,139,162
050,72,007,"Puerto Rico Commonwealth","Aguas Buenas Municipio",5,57,315,143,172
050,72,007,"Puerto Rico Commonwealth","Aguas Buenas Municipio",5,58,340,158,182
050,72,007,"Puerto Rico Commonwealth","Aguas Buenas Municipio",5,59,337,145,192
050,72,007,"Puerto Rico Commonwealth","Aguas Buenas Municipio",5,60,342,146,196
050,72,007,"Puerto Rico Commonwealth","Aguas Buenas Municipio",5,61,334,155,179
050,72,007,"Puerto Rico Commonwealth","Aguas Buenas Municipio",5,62,324,157,167
050,72,007,"Puerto Rico Commonwealth","Aguas Buenas Municipio",5,63,314,150,164
050,72,007,"Puerto Rico Commonwealth","Aguas Buenas Municipio",5,64,303,142,161
050,72,007,"Puerto Rico Commonwealth","Aguas Buenas Municipio",5,65,295,145,150
050,72,007,"Puerto Rico Commonwealth","Aguas Buenas Municipio",5,66,299,139,160
050,72,007,"Puerto Rico Commonwealth","Aguas Buenas Municipio",5,67,295,133,162
050,72,007,"Puerto Rico Commonwealth","Aguas Buenas Municipio",5,68,285,129,156
050,72,007,"Puerto Rico Commonwealth","Aguas Buenas Municipio",5,69,305,138,167
050,72,007,"Puerto Rico Commonwealth","Aguas Buenas Municipio",5,70,294,133,161
050,72,007,"Puerto Rico Commonwealth","Aguas Buenas Municipio",5,71,265,127,138
050,72,007,"Puerto Rico Commonwealth","Aguas Buenas Municipio",5,72,246,106,140
050,72,007,"Puerto Rico Commonwealth","Aguas Buenas Municipio",5,73,242,102,140
050,72,007,"Puerto Rico Commonwealth","Aguas Buenas Municipio",5,74,254,117,137
050,72,007,"Puerto Rico Commonwealth","Aguas Buenas Municipio",5,75,260,120,140
050,72,007,"Puerto Rico Commonwealth","Aguas Buenas Municipio",5,76,267,121,146
050,72,007,"Puerto Rico Commonwealth","Aguas Buenas Municipio",5,77,228,101,127
050,72,007,"Puerto Rico Commonwealth","Aguas Buenas Municipio",5,78,213,98,115
050,72,007,"Puerto Rico Commonwealth","Aguas Buenas Municipio",5,79,183,80,103
050,72,007,"Puerto Rico Commonwealth","Aguas Buenas Municipio",5,80,174,79,95
050,72,007,"Puerto Rico Commonwealth","Aguas Buenas Municipio",5,81,167,72,95
050,72,007,"Puerto Rico Commonwealth","Aguas Buenas Municipio",5,82,149,61,88
050,72,007,"Puerto Rico Commonwealth","Aguas Buenas Municipio",5,83,131,49,82
050,72,007,"Puerto Rico Commonwealth","Aguas Buenas Municipio",5,84,122,51,71
050,72,007,"Puerto Rico Commonwealth","Aguas Buenas Municipio",5,85,842,356,486
050,72,009,"Puerto Rico Commonwealth","Aibonito Municipio",1,0,153,87,66
050,72,009,"Puerto Rico Commonwealth","Aibonito Municipio",1,1,165,77,88
050,72,009,"Puerto Rico Commonwealth","Aibonito Municipio",1,2,156,83,73
050,72,009,"Puerto Rico Commonwealth","Aibonito Municipio",1,3,210,103,107
050,72,009,"Puerto Rico Commonwealth","Aibonito Municipio",1,4,208,106,102
050,72,009,"Puerto Rico Commonwealth","Aibonito Municipio",1,5,206,100,106
050,72,009,"Puerto Rico Commonwealth","Aibonito Municipio",1,6,220,108,112
050,72,009,"Puerto Rico Commonwealth","Aibonito Municipio",1,7,237,128,109
050,72,009,"Puerto Rico Commonwealth","Aibonito Municipio",1,8,250,140,110
050,72,009,"Puerto Rico Commonwealth","Aibonito Municipio",1,9,251,130,121
050,72,009,"Puerto Rico Commonwealth","Aibonito Municipio",1,10,259,116,143
050,72,009,"Puerto Rico Commonwealth","Aibonito Municipio",1,11,258,122,136
050,72,009,"Puerto Rico Commonwealth","Aibonito Municipio",1,12,264,123,141
050,72,009,"Puerto Rico Commonwealth","Aibonito Municipio",1,13,267,130,137
050,72,009,"Puerto Rico Commonwealth","Aibonito Municipio",1,14,299,165,134
050,72,009,"Puerto Rico Commonwealth","Aibonito Municipio",1,15,296,156,140
050,72,009,"Puerto Rico Commonwealth","Aibonito Municipio",1,16,281,144,137
050,72,009,"Puerto Rico Commonwealth","Aibonito Municipio",1,17,272,136,136
050,72,009,"Puerto Rico Commonwealth","Aibonito Municipio",1,18,281,149,132
050,72,009,"Puerto Rico Commonwealth","Aibonito Municipio",1,19,289,157,132
050,72,009,"Puerto Rico Commonwealth","Aibonito Municipio",1,20,285,140,145
050,72,009,"Puerto Rico Commonwealth","Aibonito Municipio",1,21,276,132,144
050,72,009,"Puerto Rico Commonwealth","Aibonito Municipio",1,22,300,154,146
050,72,009,"Puerto Rico Commonwealth","Aibonito Municipio",1,23,279,149,130
050,72,009,"Puerto Rico Commonwealth","Aibonito Municipio",1,24,297,157,140
050,72,009,"Puerto Rico Commonwealth","Aibonito Municipio",1,25,323,161,162
050,72,009,"Puerto Rico Commonwealth","Aibonito Municipio",1,26,314,152,162
050,72,009,"Puerto Rico Commonwealth","Aibonito Municipio",1,27,312,154,158
050,72,009,"Puerto Rico Commonwealth","Aibonito Municipio",1,28,294,137,157
050,72,009,"Puerto Rico Commonwealth","Aibonito Municipio",1,29,334,162,172
050,72,009,"Puerto Rico Commonwealth","Aibonito Municipio",1,30,329,163,166
050,72,009,"Puerto Rico Commonwealth","Aibonito Municipio",1,31,313,156,157
050,72,009,"Puerto Rico Commonwealth","Aibonito Municipio",1,32,298,157,141
050,72,009,"Puerto Rico Commonwealth","Aibonito Municipio",1,33,291,143,148
050,72,009,"Puerto Rico Commonwealth","Aibonito Municipio",1,34,297,147,150
050,72,009,"Puerto Rico Commonwealth","Aibonito Municipio",1,35,261,126,135
050,72,009,"Puerto Rico Commonwealth","Aibonito Municipio",1,36,241,116,125
050,72,009,"Puerto Rico Commonwealth","Aibonito Municipio",1,37,255,129,126
050,72,009,"Puerto Rico Commonwealth","Aibonito Municipio",1,38,286,136,150
050,72,009,"Puerto Rico Commonwealth","Aibonito Municipio",1,39,308,147,161
050,72,009,"Puerto Rico Commonwealth","Aibonito Municipio",1,40,281,133,148
050,72,009,"Puerto Rico Commonwealth","Aibonito Municipio",1,41,278,130,148
050,72,009,"Puerto Rico Commonwealth","Aibonito Municipio",1,42,283,130,153
050,72,009,"Puerto Rico Commonwealth","Aibonito Municipio",1,43,265,126,139
050,72,009,"Puerto Rico Commonwealth","Aibonito Municipio",1,44,271,135,136
050,72,009,"Puerto Rico Commonwealth","Aibonito Municipio",1,45,256,121,135
050,72,009,"Puerto Rico Commonwealth","Aibonito Municipio",1,46,248,121,127
050,72,009,"Puerto Rico Commonwealth","Aibonito Municipio",1,47,271,134,137
050,72,009,"Puerto Rico Commonwealth","Aibonito Municipio",1,48,301,148,153
050,72,009,"Puerto Rico Commonwealth","Aibonito Municipio",1,49,309,157,152
050,72,009,"Puerto Rico Commonwealth","Aibonito Municipio",1,50,323,152,171
050,72,009,"Puerto Rico Commonwealth","Aibonito Municipio",1,51,314,152,162
050,72,009,"Puerto Rico Commonwealth","Aibonito Municipio",1,52,316,159,157
050,72,009,"Puerto Rico Commonwealth","Aibonito Municipio",1,53,334,168,166
050,72,009,"Puerto Rico Commonwealth","Aibonito Municipio",1,54,363,171,192
050,72,009,"Puerto Rico Commonwealth","Aibonito Municipio",1,55,359,161,198
050,72,009,"Puerto Rico Commonwealth","Aibonito Municipio",1,56,386,173,213
050,72,009,"Puerto Rico Commonwealth","Aibonito Municipio",1,57,407,186,221
050,72,009,"Puerto Rico Commonwealth","Aibonito Municipio",1,58,406,184,222
050,72,009,"Puerto Rico Commonwealth","Aibonito Municipio",1,59,403,187,216
050,72,009,"Puerto Rico Commonwealth","Aibonito Municipio",1,60,402,181,221
050,72,009,"Puerto Rico Commonwealth","Aibonito Municipio",1,61,418,195,223
050,72,009,"Puerto Rico Commonwealth","Aibonito Municipio",1,62,392,189,203
050,72,009,"Puerto Rico Commonwealth","Aibonito Municipio",1,63,360,177,183
050,72,009,"Puerto Rico Commonwealth","Aibonito Municipio",1,64,369,179,190
050,72,009,"Puerto Rico Commonwealth","Aibonito Municipio",1,65,354,164,190
050,72,009,"Puerto Rico Commonwealth","Aibonito Municipio",1,66,350,165,185
050,72,009,"Puerto Rico Commonwealth","Aibonito Municipio",1,67,344,147,197
050,72,009,"Puerto Rico Commonwealth","Aibonito Municipio",1,68,324,137,187
050,72,009,"Puerto Rico Commonwealth","Aibonito Municipio",1,69,311,136,175
050,72,009,"Puerto Rico Commonwealth","Aibonito Municipio",1,70,284,128,156
050,72,009,"Puerto Rico Commonwealth","Aibonito Municipio",1,71,290,122,168
050,72,009,"Puerto Rico Commonwealth","Aibonito Municipio",1,72,296,132,164
050,72,009,"Puerto Rico Commonwealth","Aibonito Municipio",1,73,287,138,149
050,72,009,"Puerto Rico Commonwealth","Aibonito Municipio",1,74,277,131,146
050,72,009,"Puerto Rico Commonwealth","Aibonito Municipio",1,75,263,125,138
050,72,009,"Puerto Rico Commonwealth","Aibonito Municipio",1,76,223,91,132
050,72,009,"Puerto Rico Commonwealth","Aibonito Municipio",1,77,194,82,112
050,72,009,"Puerto Rico Commonwealth","Aibonito Municipio",1,78,193,85,108
050,72,009,"Puerto Rico Commonwealth","Aibonito Municipio",1,79,206,91,115
050,72,009,"Puerto Rico Commonwealth","Aibonito Municipio",1,80,170,84,86
050,72,009,"Puerto Rico Commonwealth","Aibonito Municipio",1,81,137,61,76
050,72,009,"Puerto Rico Commonwealth","Aibonito Municipio",1,82,139,55,84
050,72,009,"Puerto Rico Commonwealth","Aibonito Municipio",1,83,127,53,74
050,72,009,"Puerto Rico Commonwealth","Aibonito Municipio",1,84,110,40,70
050,72,009,"Puerto Rico Commonwealth","Aibonito Municipio",1,85,728,271,457
050,72,009,"Puerto Rico Commonwealth","Aibonito Municipio",2,0,142,80,62
050,72,009,"Puerto Rico Commonwealth","Aibonito Municipio",2,1,162,80,82
050,72,009,"Puerto Rico Commonwealth","Aibonito Municipio",2,2,158,81,77
050,72,009,"Puerto Rico Commonwealth","Aibonito Municipio",2,3,196,98,98
050,72,009,"Puerto Rico Commonwealth","Aibonito Municipio",2,4,210,106,104
050,72,009,"Puerto Rico Commonwealth","Aibonito Municipio",2,5,206,101,105
050,72,009,"Puerto Rico Commonwealth","Aibonito Municipio",2,6,216,106,110
050,72,009,"Puerto Rico Commonwealth","Aibonito Municipio",2,7,233,123,110
050,72,009,"Puerto Rico Commonwealth","Aibonito Municipio",2,8,247,137,110
050,72,009,"Puerto Rico Commonwealth","Aibonito Municipio",2,9,251,133,118
050,72,009,"Puerto Rico Commonwealth","Aibonito Municipio",2,10,256,119,137
050,72,009,"Puerto Rico Commonwealth","Aibonito Municipio",2,11,259,121,138
050,72,009,"Puerto Rico Commonwealth","Aibonito Municipio",2,12,262,122,140
050,72,009,"Puerto Rico Commonwealth","Aibonito Municipio",2,13,267,129,138
050,72,009,"Puerto Rico Commonwealth","Aibonito Municipio",2,14,291,156,135
050,72,009,"Puerto Rico Commonwealth","Aibonito Municipio",2,15,296,158,138
050,72,009,"Puerto Rico Commonwealth","Aibonito Municipio",2,16,285,147,138
050,72,009,"Puerto Rico Commonwealth","Aibonito Municipio",2,17,274,138,136
050,72,009,"Puerto Rico Commonwealth","Aibonito Municipio",2,18,279,146,133
050,72,009,"Puerto Rico Commonwealth","Aibonito Municipio",2,19,287,155,132
050,72,009,"Puerto Rico Commonwealth","Aibonito Municipio",2,20,286,144,142
050,72,009,"Puerto Rico Commonwealth","Aibonito Municipio",2,21,277,134,143
050,72,009,"Puerto Rico Commonwealth","Aibonito Municipio",2,22,295,149,146
050,72,009,"Puerto Rico Commonwealth","Aibonito Municipio",2,23,284,150,134
050,72,009,"Puerto Rico Commonwealth","Aibonito Municipio",2,24,291,154,137
050,72,009,"Puerto Rico Commonwealth","Aibonito Municipio",2,25,317,160,157
050,72,009,"Puerto Rico Commonwealth","Aibonito Municipio",2,26,316,154,162
050,72,009,"Puerto Rico Commonwealth","Aibonito Municipio",2,27,313,154,159
050,72,009,"Puerto Rico Commonwealth","Aibonito Municipio",2,28,298,141,157
050,72,009,"Puerto Rico Commonwealth","Aibonito Municipio",2,29,324,156,168
050,72,009,"Puerto Rico Commonwealth","Aibonito Municipio",2,30,329,162,167
050,72,009,"Puerto Rico Commonwealth","Aibonito Municipio",2,31,317,158,159
050,72,009,"Puerto Rico Commonwealth","Aibonito Municipio",2,32,302,157,145
050,72,009,"Puerto Rico Commonwealth","Aibonito Municipio",2,33,292,146,146
050,72,009,"Puerto Rico Commonwealth","Aibonito Municipio",2,34,296,146,150
050,72,009,"Puerto Rico Commonwealth","Aibonito Municipio",2,35,270,132,138
050,72,009,"Puerto Rico Commonwealth","Aibonito Municipio",2,36,246,118,128
050,72,009,"Puerto Rico Commonwealth","Aibonito Municipio",2,37,250,125,125
050,72,009,"Puerto Rico Commonwealth","Aibonito Municipio",2,38,279,134,145
050,72,009,"Puerto Rico Commonwealth","Aibonito Municipio",2,39,302,144,158
050,72,009,"Puerto Rico Commonwealth","Aibonito Municipio",2,40,288,137,151
050,72,009,"Puerto Rico Commonwealth","Aibonito Municipio",2,41,279,131,148
050,72,009,"Puerto Rico Commonwealth","Aibonito Municipio",2,42,281,129,152
050,72,009,"Puerto Rico Commonwealth","Aibonito Municipio",2,43,269,127,142
050,72,009,"Puerto Rico Commonwealth","Aibonito Municipio",2,44,268,132,136
050,72,009,"Puerto Rico Commonwealth","Aibonito Municipio",2,45,259,124,135
050,72,009,"Puerto Rico Commonwealth","Aibonito Municipio",2,46,250,121,129
050,72,009,"Puerto Rico Commonwealth","Aibonito Municipio",2,47,266,131,135
050,72,009,"Puerto Rico Commonwealth","Aibonito Municipio",2,48,292,143,149
050,72,009,"Puerto Rico Commonwealth","Aibonito Municipio",2,49,306,155,151
050,72,009,"Puerto Rico Commonwealth","Aibonito Municipio",2,50,320,153,167
050,72,009,"Puerto Rico Commonwealth","Aibonito Municipio",2,51,318,152,166
050,72,009,"Puerto Rico Commonwealth","Aibonito Municipio",2,52,315,156,159
050,72,009,"Puerto Rico Commonwealth","Aibonito Municipio",2,53,331,166,165
050,72,009,"Puerto Rico Commonwealth","Aibonito Municipio",2,54,356,170,186
050,72,009,"Puerto Rico Commonwealth","Aibonito Municipio",2,55,362,164,198
050,72,009,"Puerto Rico Commonwealth","Aibonito Municipio",2,56,381,171,210
050,72,009,"Puerto Rico Commonwealth","Aibonito Municipio",2,57,404,184,220
050,72,009,"Puerto Rico Commonwealth","Aibonito Municipio",2,58,408,185,223
050,72,009,"Puerto Rico Commonwealth","Aibonito Municipio",2,59,405,187,218
050,72,009,"Puerto Rico Commonwealth","Aibonito Municipio",2,60,402,183,219
050,72,009,"Puerto Rico Commonwealth","Aibonito Municipio",2,61,414,191,223
050,72,009,"Puerto Rico Commonwealth","Aibonito Municipio",2,62,401,192,209
050,72,009,"Puerto Rico Commonwealth","Aibonito Municipio",2,63,370,181,189
050,72,009,"Puerto Rico Commonwealth","Aibonito Municipio",2,64,368,178,190
050,72,009,"Puerto Rico Commonwealth","Aibonito Municipio",2,65,357,167,190
050,72,009,"Puerto Rico Commonwealth","Aibonito Municipio",2,66,351,164,187
050,72,009,"Puerto Rico Commonwealth","Aibonito Municipio",2,67,346,151,195
050,72,009,"Puerto Rico Commonwealth","Aibonito Municipio",2,68,329,140,189
050,72,009,"Puerto Rico Commonwealth","Aibonito Municipio",2,69,312,135,177
050,72,009,"Puerto Rico Commonwealth","Aibonito Municipio",2,70,289,128,161
050,72,009,"Puerto Rico Commonwealth","Aibonito Municipio",2,71,287,123,164
050,72,009,"Puerto Rico Commonwealth","Aibonito Municipio",2,72,294,129,165
050,72,009,"Puerto Rico Commonwealth","Aibonito Municipio",2,73,290,137,153
050,72,009,"Puerto Rico Commonwealth","Aibonito Municipio",2,74,278,132,146
050,72,009,"Puerto Rico Commonwealth","Aibonito Municipio",2,75,263,125,138
050,72,009,"Puerto Rico Commonwealth","Aibonito Municipio",2,76,230,98,132
050,72,009,"Puerto Rico Commonwealth","Aibonito Municipio",2,77,201,85,116
050,72,009,"Puerto Rico Commonwealth","Aibonito Municipio",2,78,192,83,109
050,72,009,"Puerto Rico Commonwealth","Aibonito Municipio",2,79,201,88,113
050,72,009,"Puerto Rico Commonwealth","Aibonito Municipio",2,80,180,86,94
050,72,009,"Puerto Rico Commonwealth","Aibonito Municipio",2,81,144,67,77
050,72,009,"Puerto Rico Commonwealth","Aibonito Municipio",2,82,137,56,81
050,72,009,"Puerto Rico Commonwealth","Aibonito Municipio",2,83,130,54,76
050,72,009,"Puerto Rico Commonwealth","Aibonito Municipio",2,84,113,42,71
050,72,009,"Puerto Rico Commonwealth","Aibonito Municipio",2,85,735,274,461
050,72,009,"Puerto Rico Commonwealth","Aibonito Municipio",3,0,125,57,68
050,72,009,"Puerto Rico Commonwealth","Aibonito Municipio",3,1,136,76,60
050,72,009,"Puerto Rico Commonwealth","Aibonito Municipio",3,2,163,80,83
050,72,009,"Puerto Rico Commonwealth","Aibonito Municipio",3,3,159,81,78
050,72,009,"Puerto Rico Commonwealth","Aibonito Municipio",3,4,199,98,101
050,72,009,"Puerto Rico Commonwealth","Aibonito Municipio",3,5,209,107,102
050,72,009,"Puerto Rico Commonwealth","Aibonito Municipio",3,6,207,101,106
050,72,009,"Puerto Rico Commonwealth","Aibonito Municipio",3,7,217,106,111
050,72,009,"Puerto Rico Commonwealth","Aibonito Municipio",3,8,235,124,111
050,72,009,"Puerto Rico Commonwealth","Aibonito Municipio",3,9,249,138,111
050,72,009,"Puerto Rico Commonwealth","Aibonito Municipio",3,10,252,134,118
050,72,009,"Puerto Rico Commonwealth","Aibonito Municipio",3,11,256,119,137
050,72,009,"Puerto Rico Commonwealth","Aibonito Municipio",3,12,259,121,138
050,72,009,"Puerto Rico Commonwealth","Aibonito Municipio",3,13,262,122,140
050,72,009,"Puerto Rico Commonwealth","Aibonito Municipio",3,14,269,131,138
050,72,009,"Puerto Rico Commonwealth","Aibonito Municipio",3,15,288,153,135
050,72,009,"Puerto Rico Commonwealth","Aibonito Municipio",3,16,294,157,137
050,72,009,"Puerto Rico Commonwealth","Aibonito Municipio",3,17,283,146,137
050,72,009,"Puerto Rico Commonwealth","Aibonito Municipio",3,18,267,133,134
050,72,009,"Puerto Rico Commonwealth","Aibonito Municipio",3,19,274,144,130
050,72,009,"Puerto Rico Commonwealth","Aibonito Municipio",3,20,285,154,131
050,72,009,"Puerto Rico Commonwealth","Aibonito Municipio",3,21,284,143,141
050,72,009,"Puerto Rico Commonwealth","Aibonito Municipio",3,22,275,132,143
050,72,009,"Puerto Rico Commonwealth","Aibonito Municipio",3,23,296,149,147
050,72,009,"Puerto Rico Commonwealth","Aibonito Municipio",3,24,283,150,133
050,72,009,"Puerto Rico Commonwealth","Aibonito Municipio",3,25,291,154,137
050,72,009,"Puerto Rico Commonwealth","Aibonito Municipio",3,26,316,159,157
050,72,009,"Puerto Rico Commonwealth","Aibonito Municipio",3,27,317,155,162
050,72,009,"Puerto Rico Commonwealth","Aibonito Municipio",3,28,314,155,159
050,72,009,"Puerto Rico Commonwealth","Aibonito Municipio",3,29,295,138,157
050,72,009,"Puerto Rico Commonwealth","Aibonito Municipio",3,30,326,157,169
050,72,009,"Puerto Rico Commonwealth","Aibonito Municipio",3,31,330,164,166
050,72,009,"Puerto Rico Commonwealth","Aibonito Municipio",3,32,318,158,160
050,72,009,"Puerto Rico Commonwealth","Aibonito Municipio",3,33,304,158,146
050,72,009,"Puerto Rico Commonwealth","Aibonito Municipio",3,34,293,146,147
050,72,009,"Puerto Rico Commonwealth","Aibonito Municipio",3,35,299,148,151
050,72,009,"Puerto Rico Commonwealth","Aibonito Municipio",3,36,271,132,139
050,72,009,"Puerto Rico Commonwealth","Aibonito Municipio",3,37,246,118,128
050,72,009,"Puerto Rico Commonwealth","Aibonito Municipio",3,38,250,124,126
050,72,009,"Puerto Rico Commonwealth","Aibonito Municipio",3,39,286,139,147
050,72,009,"Puerto Rico Commonwealth","Aibonito Municipio",3,40,307,145,162
050,72,009,"Puerto Rico Commonwealth","Aibonito Municipio",3,41,283,138,145
050,72,009,"Puerto Rico Commonwealth","Aibonito Municipio",3,42,279,130,149
050,72,009,"Puerto Rico Commonwealth","Aibonito Municipio",3,43,283,130,153
050,72,009,"Puerto Rico Commonwealth","Aibonito Municipio",3,44,274,131,143
050,72,009,"Puerto Rico Commonwealth","Aibonito Municipio",3,45,267,130,137
050,72,009,"Puerto Rico Commonwealth","Aibonito Municipio",3,46,262,126,136
050,72,009,"Puerto Rico Commonwealth","Aibonito Municipio",3,47,251,122,129
050,72,009,"Puerto Rico Commonwealth","Aibonito Municipio",3,48,268,131,137
050,72,009,"Puerto Rico Commonwealth","Aibonito Municipio",3,49,296,145,151
050,72,009,"Puerto Rico Commonwealth","Aibonito Municipio",3,50,311,158,153
050,72,009,"Puerto Rico Commonwealth","Aibonito Municipio",3,51,321,152,169
050,72,009,"Puerto Rico Commonwealth","Aibonito Municipio",3,52,320,152,168
050,72,009,"Puerto Rico Commonwealth","Aibonito Municipio",3,53,318,157,161
050,72,009,"Puerto Rico Commonwealth","Aibonito Municipio",3,54,336,169,167
050,72,009,"Puerto Rico Commonwealth","Aibonito Municipio",3,55,356,167,189
050,72,009,"Puerto Rico Commonwealth","Aibonito Municipio",3,56,368,167,201
050,72,009,"Puerto Rico Commonwealth","Aibonito Municipio",3,57,383,171,212
050,72,009,"Puerto Rico Commonwealth","Aibonito Municipio",3,58,409,186,223
050,72,009,"Puerto Rico Commonwealth","Aibonito Municipio",3,59,411,186,225
050,72,009,"Puerto Rico Commonwealth","Aibonito Municipio",3,60,409,188,221
050,72,009,"Puerto Rico Commonwealth","Aibonito Municipio",3,61,404,182,222
050,72,009,"Puerto Rico Commonwealth","Aibonito Municipio",3,62,415,191,224
050,72,009,"Puerto Rico Commonwealth","Aibonito Municipio",3,63,401,192,209
050,72,009,"Puerto Rico Commonwealth","Aibonito Municipio",3,64,370,181,189
050,72,009,"Puerto Rico Commonwealth","Aibonito Municipio",3,65,368,177,191
050,72,009,"Puerto Rico Commonwealth","Aibonito Municipio",3,66,360,167,193
050,72,009,"Puerto Rico Commonwealth","Aibonito Municipio",3,67,352,162,190
050,72,009,"Puerto Rico Commonwealth","Aibonito Municipio",3,68,342,149,193
050,72,009,"Puerto Rico Commonwealth","Aibonito Municipio",3,69,327,136,191
050,72,009,"Puerto Rico Commonwealth","Aibonito Municipio",3,70,313,136,177
050,72,009,"Puerto Rico Commonwealth","Aibonito Municipio",3,71,286,125,161
050,72,009,"Puerto Rico Commonwealth","Aibonito Municipio",3,72,289,124,165
050,72,009,"Puerto Rico Commonwealth","Aibonito Municipio",3,73,291,129,162
050,72,009,"Puerto Rico Commonwealth","Aibonito Municipio",3,74,289,135,154
050,72,009,"Puerto Rico Commonwealth","Aibonito Municipio",3,75,277,131,146
050,72,009,"Puerto Rico Commonwealth","Aibonito Municipio",3,76,257,118,139
050,72,009,"Puerto Rico Commonwealth","Aibonito Municipio",3,77,227,96,131
050,72,009,"Puerto Rico Commonwealth","Aibonito Municipio",3,78,200,85,115
050,72,009,"Puerto Rico Commonwealth","Aibonito Municipio",3,79,188,83,105
050,72,009,"Puerto Rico Commonwealth","Aibonito Municipio",3,80,197,86,111
050,72,009,"Puerto Rico Commonwealth","Aibonito Municipio",3,81,174,82,92
050,72,009,"Puerto Rico Commonwealth","Aibonito Municipio",3,82,134,61,73
050,72,009,"Puerto Rico Commonwealth","Aibonito Municipio",3,83,133,55,78
050,72,009,"Puerto Rico Commonwealth","Aibonito Municipio",3,84,120,50,70
050,72,009,"Puerto Rico Commonwealth","Aibonito Municipio",3,85,772,291,481
050,72,009,"Puerto Rico Commonwealth","Aibonito Municipio",4,0,131,54,77
050,72,009,"Puerto Rico Commonwealth","Aibonito Municipio",4,1,117,52,65
050,72,009,"Puerto Rico Commonwealth","Aibonito Municipio",4,2,134,75,59
050,72,009,"Puerto Rico Commonwealth","Aibonito Municipio",4,3,161,79,82
050,72,009,"Puerto Rico Commonwealth","Aibonito Municipio",4,4,159,80,79
050,72,009,"Puerto Rico Commonwealth","Aibonito Municipio",4,5,195,97,98
050,72,009,"Puerto Rico Commonwealth","Aibonito Municipio",4,6,208,106,102
050,72,009,"Puerto Rico Commonwealth","Aibonito Municipio",4,7,205,100,105
050,72,009,"Puerto Rico Commonwealth","Aibonito Municipio",4,8,214,104,110
050,72,009,"Puerto Rico Commonwealth","Aibonito Municipio",4,9,233,123,110
050,72,009,"Puerto Rico Commonwealth","Aibonito Municipio",4,10,247,137,110
050,72,009,"Puerto Rico Commonwealth","Aibonito Municipio",4,11,249,133,116
050,72,009,"Puerto Rico Commonwealth","Aibonito Municipio",4,12,254,118,136
050,72,009,"Puerto Rico Commonwealth","Aibonito Municipio",4,13,257,120,137
050,72,009,"Puerto Rico Commonwealth","Aibonito Municipio",4,14,260,122,138
050,72,009,"Puerto Rico Commonwealth","Aibonito Municipio",4,15,262,126,136
050,72,009,"Puerto Rico Commonwealth","Aibonito Municipio",4,16,283,150,133
050,72,009,"Puerto Rico Commonwealth","Aibonito Municipio",4,17,288,154,134
050,72,009,"Puerto Rico Commonwealth","Aibonito Municipio",4,18,274,141,133
050,72,009,"Puerto Rico Commonwealth","Aibonito Municipio",4,19,257,128,129
050,72,009,"Puerto Rico Commonwealth","Aibonito Municipio",4,20,268,140,128
050,72,009,"Puerto Rico Commonwealth","Aibonito Municipio",4,21,279,151,128
050,72,009,"Puerto Rico Commonwealth","Aibonito Municipio",4,22,279,140,139
050,72,009,"Puerto Rico Commonwealth","Aibonito Municipio",4,23,271,129,142
050,72,009,"Puerto Rico Commonwealth","Aibonito Municipio",4,24,293,147,146
050,72,009,"Puerto Rico Commonwealth","Aibonito Municipio",4,25,279,147,132
050,72,009,"Puerto Rico Commonwealth","Aibonito Municipio",4,26,285,150,135
050,72,009,"Puerto Rico Commonwealth","Aibonito Municipio",4,27,312,157,155
050,72,009,"Puerto Rico Commonwealth","Aibonito Municipio",4,28,313,152,161
050,72,009,"Puerto Rico Commonwealth","Aibonito Municipio",4,29,308,150,158
050,72,009,"Puerto Rico Commonwealth","Aibonito Municipio",4,30,292,136,156
050,72,009,"Puerto Rico Commonwealth","Aibonito Municipio",4,31,323,156,167
050,72,009,"Puerto Rico Commonwealth","Aibonito Municipio",4,32,326,161,165
050,72,009,"Puerto Rico Commonwealth","Aibonito Municipio",4,33,315,156,159
050,72,009,"Puerto Rico Commonwealth","Aibonito Municipio",4,34,301,156,145
050,72,009,"Puerto Rico Commonwealth","Aibonito Municipio",4,35,291,145,146
050,72,009,"Puerto Rico Commonwealth","Aibonito Municipio",4,36,296,146,150
050,72,009,"Puerto Rico Commonwealth","Aibonito Municipio",4,37,267,130,137
050,72,009,"Puerto Rico Commonwealth","Aibonito Municipio",4,38,243,115,128
050,72,009,"Puerto Rico Commonwealth","Aibonito Municipio",4,39,253,126,127
050,72,009,"Puerto Rico Commonwealth","Aibonito Municipio",4,40,288,138,150
050,72,009,"Puerto Rico Commonwealth","Aibonito Municipio",4,41,299,143,156
050,72,009,"Puerto Rico Commonwealth","Aibonito Municipio",4,42,280,135,145
050,72,009,"Puerto Rico Commonwealth","Aibonito Municipio",4,43,279,130,149
050,72,009,"Puerto Rico Commonwealth","Aibonito Municipio",4,44,284,131,153
050,72,009,"Puerto Rico Commonwealth","Aibonito Municipio",4,45,270,127,143
050,72,009,"Puerto Rico Commonwealth","Aibonito Municipio",4,46,267,130,137
050,72,009,"Puerto Rico Commonwealth","Aibonito Municipio",4,47,262,126,136
050,72,009,"Puerto Rico Commonwealth","Aibonito Municipio",4,48,251,122,129
050,72,009,"Puerto Rico Commonwealth","Aibonito Municipio",4,49,268,130,138
050,72,009,"Puerto Rico Commonwealth","Aibonito Municipio",4,50,298,146,152
050,72,009,"Puerto Rico Commonwealth","Aibonito Municipio",4,51,311,158,153
050,72,009,"Puerto Rico Commonwealth","Aibonito Municipio",4,52,319,150,169
050,72,009,"Puerto Rico Commonwealth","Aibonito Municipio",4,53,320,152,168
050,72,009,"Puerto Rico Commonwealth","Aibonito Municipio",4,54,319,159,160
050,72,009,"Puerto Rico Commonwealth","Aibonito Municipio",4,55,336,168,168
050,72,009,"Puerto Rico Commonwealth","Aibonito Municipio",4,56,360,169,191
050,72,009,"Puerto Rico Commonwealth","Aibonito Municipio",4,57,370,167,203
050,72,009,"Puerto Rico Commonwealth","Aibonito Municipio",4,58,384,171,213
050,72,009,"Puerto Rico Commonwealth","Aibonito Municipio",4,59,412,188,224
050,72,009,"Puerto Rico Commonwealth","Aibonito Municipio",4,60,416,188,228
050,72,009,"Puerto Rico Commonwealth","Aibonito Municipio",4,61,412,189,223
050,72,009,"Puerto Rico Commonwealth","Aibonito Municipio",4,62,406,183,223
050,72,009,"Puerto Rico Commonwealth","Aibonito Municipio",4,63,416,193,223
050,72,009,"Puerto Rico Commonwealth","Aibonito Municipio",4,64,406,196,210
050,72,009,"Puerto Rico Commonwealth","Aibonito Municipio",4,65,369,179,190
050,72,009,"Puerto Rico Commonwealth","Aibonito Municipio",4,66,366,176,190
050,72,009,"Puerto Rico Commonwealth","Aibonito Municipio",4,67,362,168,194
050,72,009,"Puerto Rico Commonwealth","Aibonito Municipio",4,68,351,162,189
050,72,009,"Puerto Rico Commonwealth","Aibonito Municipio",4,69,338,146,192
050,72,009,"Puerto Rico Commonwealth","Aibonito Municipio",4,70,326,136,190
050,72,009,"Puerto Rico Commonwealth","Aibonito Municipio",4,71,313,136,177
050,72,009,"Puerto Rico Commonwealth","Aibonito Municipio",4,72,284,123,161
050,72,009,"Puerto Rico Commonwealth","Aibonito Municipio",4,73,288,124,164
050,72,009,"Puerto Rico Commonwealth","Aibonito Municipio",4,74,287,125,162
050,72,009,"Puerto Rico Commonwealth","Aibonito Municipio",4,75,285,135,150
050,72,009,"Puerto Rico Commonwealth","Aibonito Municipio",4,76,272,126,146
050,72,009,"Puerto Rico Commonwealth","Aibonito Municipio",4,77,251,114,137
050,72,009,"Puerto Rico Commonwealth","Aibonito Municipio",4,78,223,94,129
050,72,009,"Puerto Rico Commonwealth","Aibonito Municipio",4,79,195,81,114
050,72,009,"Puerto Rico Commonwealth","Aibonito Municipio",4,80,178,77,101
050,72,009,"Puerto Rico Commonwealth","Aibonito Municipio",4,81,194,82,112
050,72,009,"Puerto Rico Commonwealth","Aibonito Municipio",4,82,165,77,88
050,72,009,"Puerto Rico Commonwealth","Aibonito Municipio",4,83,129,58,71
050,72,009,"Puerto Rico Commonwealth","Aibonito Municipio",4,84,124,52,72
050,72,009,"Puerto Rico Commonwealth","Aibonito Municipio",4,85,819,314,505
050,72,009,"Puerto Rico Commonwealth","Aibonito Municipio",5,0,134,73,61
050,72,009,"Puerto Rico Commonwealth","Aibonito Municipio",5,1,124,49,75
050,72,009,"Puerto Rico Commonwealth","Aibonito Municipio",5,2,118,52,66
050,72,009,"Puerto Rico Commonwealth","Aibonito Municipio",5,3,134,75,59
050,72,009,"Puerto Rico Commonwealth","Aibonito Municipio",5,4,164,79,85
050,72,009,"Puerto Rico Commonwealth","Aibonito Municipio",5,5,158,80,78
050,72,009,"Puerto Rico Commonwealth","Aibonito Municipio",5,6,197,98,99
050,72,009,"Puerto Rico Commonwealth","Aibonito Municipio",5,7,210,107,103
050,72,009,"Puerto Rico Commonwealth","Aibonito Municipio",5,8,207,101,106
050,72,009,"Puerto Rico Commonwealth","Aibonito Municipio",5,9,216,105,111
050,72,009,"Puerto Rico Commonwealth","Aibonito Municipio",5,10,235,124,111
050,72,009,"Puerto Rico Commonwealth","Aibonito Municipio",5,11,248,138,110
050,72,009,"Puerto Rico Commonwealth","Aibonito Municipio",5,12,250,134,116
050,72,009,"Puerto Rico Commonwealth","Aibonito Municipio",5,13,255,119,136
050,72,009,"Puerto Rico Commonwealth","Aibonito Municipio",5,14,259,122,137
050,72,009,"Puerto Rico Commonwealth","Aibonito Municipio",5,15,258,120,138
050,72,009,"Puerto Rico Commonwealth","Aibonito Municipio",5,16,261,125,136
050,72,009,"Puerto Rico Commonwealth","Aibonito Municipio",5,17,281,149,132
050,72,009,"Puerto Rico Commonwealth","Aibonito Municipio",5,18,283,151,132
050,72,009,"Puerto Rico Commonwealth","Aibonito Municipio",5,19,269,139,130
050,72,009,"Puerto Rico Commonwealth","Aibonito Municipio",5,20,256,127,129
050,72,009,"Puerto Rico Commonwealth","Aibonito Municipio",5,21,267,139,128
050,72,009,"Puerto Rico Commonwealth","Aibonito Municipio",5,22,278,150,128
050,72,009,"Puerto Rico Commonwealth","Aibonito Municipio",5,23,279,140,139
050,72,009,"Puerto Rico Commonwealth","Aibonito Municipio",5,24,272,129,143
050,72,009,"Puerto Rico Commonwealth","Aibonito Municipio",5,25,294,147,147
050,72,009,"Puerto Rico Commonwealth","Aibonito Municipio",5,26,280,147,133
050,72,009,"Puerto Rico Commonwealth","Aibonito Municipio",5,27,285,150,135
050,72,009,"Puerto Rico Commonwealth","Aibonito Municipio",5,28,313,157,156
050,72,009,"Puerto Rico Commonwealth","Aibonito Municipio",5,29,312,150,162
050,72,009,"Puerto Rico Commonwealth","Aibonito Municipio",5,30,310,151,159
050,72,009,"Puerto Rico Commonwealth","Aibonito Municipio",5,31,294,137,157
050,72,009,"Puerto Rico Commonwealth","Aibonito Municipio",5,32,325,157,168
050,72,009,"Puerto Rico Commonwealth","Aibonito Municipio",5,33,327,161,166
050,72,009,"Puerto Rico Commonwealth","Aibonito Municipio",5,34,317,157,160
050,72,009,"Puerto Rico Commonwealth","Aibonito Municipio",5,35,304,158,146
050,72,009,"Puerto Rico Commonwealth","Aibonito Municipio",5,36,290,143,147
050,72,009,"Puerto Rico Commonwealth","Aibonito Municipio",5,37,299,148,151
050,72,009,"Puerto Rico Commonwealth","Aibonito Municipio",5,38,269,131,138
050,72,009,"Puerto Rico Commonwealth","Aibonito Municipio",5,39,251,120,131
050,72,009,"Puerto Rico Commonwealth","Aibonito Municipio",5,40,258,127,131
050,72,009,"Puerto Rico Commonwealth","Aibonito Municipio",5,41,286,140,146
050,72,009,"Puerto Rico Commonwealth","Aibonito Municipio",5,42,300,143,157
050,72,009,"Puerto Rico Commonwealth","Aibonito Municipio",5,43,280,134,146
050,72,009,"Puerto Rico Commonwealth","Aibonito Municipio",5,44,284,134,150
050,72,009,"Puerto Rico Commonwealth","Aibonito Municipio",5,45,283,129,154
050,72,009,"Puerto Rico Commonwealth","Aibonito Municipio",5,46,271,128,143
050,72,009,"Puerto Rico Commonwealth","Aibonito Municipio",5,47,267,129,138
050,72,009,"Puerto Rico Commonwealth","Aibonito Municipio",5,48,265,127,138
050,72,009,"Puerto Rico Commonwealth","Aibonito Municipio",5,49,253,123,130
050,72,009,"Puerto Rico Commonwealth","Aibonito Municipio",5,50,272,133,139
050,72,009,"Puerto Rico Commonwealth","Aibonito Municipio",5,51,302,148,154
050,72,009,"Puerto Rico Commonwealth","Aibonito Municipio",5,52,311,157,154
050,72,009,"Puerto Rico Commonwealth","Aibonito Municipio",5,53,321,151,170
050,72,009,"Puerto Rico Commonwealth","Aibonito Municipio",5,54,326,156,170
050,72,009,"Puerto Rico Commonwealth","Aibonito Municipio",5,55,319,158,161
050,72,009,"Puerto Rico Commonwealth","Aibonito Municipio",5,56,338,168,170
050,72,009,"Puerto Rico Commonwealth","Aibonito Municipio",5,57,365,171,194
050,72,009,"Puerto Rico Commonwealth","Aibonito Municipio",5,58,372,166,206
050,72,009,"Puerto Rico Commonwealth","Aibonito Municipio",5,59,384,171,213
050,72,009,"Puerto Rico Commonwealth","Aibonito Municipio",5,60,412,187,225
050,72,009,"Puerto Rico Commonwealth","Aibonito Municipio",5,61,421,190,231
050,72,009,"Puerto Rico Commonwealth","Aibonito Municipio",5,62,414,190,224
050,72,009,"Puerto Rico Commonwealth","Aibonito Municipio",5,63,407,183,224
050,72,009,"Puerto Rico Commonwealth","Aibonito Municipio",5,64,419,196,223
050,72,009,"Puerto Rico Commonwealth","Aibonito Municipio",5,65,407,196,211
050,72,009,"Puerto Rico Commonwealth","Aibonito Municipio",5,66,370,177,193
050,72,009,"Puerto Rico Commonwealth","Aibonito Municipio",5,67,369,177,192
050,72,009,"Puerto Rico Commonwealth","Aibonito Municipio",5,68,362,168,194
050,72,009,"Puerto Rico Commonwealth","Aibonito Municipio",5,69,349,160,189
050,72,009,"Puerto Rico Commonwealth","Aibonito Municipio",5,70,337,146,191
050,72,009,"Puerto Rico Commonwealth","Aibonito Municipio",5,71,328,138,190
050,72,009,"Puerto Rico Commonwealth","Aibonito Municipio",5,72,311,134,177
050,72,009,"Puerto Rico Commonwealth","Aibonito Municipio",5,73,280,121,159
050,72,009,"Puerto Rico Commonwealth","Aibonito Municipio",5,74,282,119,163
050,72,009,"Puerto Rico Commonwealth","Aibonito Municipio",5,75,287,126,161
050,72,009,"Puerto Rico Commonwealth","Aibonito Municipio",5,76,277,131,146
050,72,009,"Puerto Rico Commonwealth","Aibonito Municipio",5,77,267,126,141
050,72,009,"Puerto Rico Commonwealth","Aibonito Municipio",5,78,249,112,137
050,72,009,"Puerto Rico Commonwealth","Aibonito Municipio",5,79,220,91,129
050,72,009,"Puerto Rico Commonwealth","Aibonito Municipio",5,80,187,80,107
050,72,009,"Puerto Rico Commonwealth","Aibonito Municipio",5,81,177,74,103
050,72,009,"Puerto Rico Commonwealth","Aibonito Municipio",5,82,187,77,110
050,72,009,"Puerto Rico Commonwealth","Aibonito Municipio",5,83,160,75,85
050,72,009,"Puerto Rico Commonwealth","Aibonito Municipio",5,84,123,57,66
050,72,009,"Puerto Rico Commonwealth","Aibonito Municipio",5,85,860,331,529
050,72,011,"Puerto Rico Commonwealth","Añasco Municipio",1,0,140,70,70
050,72,011,"Puerto Rico Commonwealth","Añasco Municipio",1,1,147,77,70
050,72,011,"Puerto Rico Commonwealth","Añasco Municipio",1,2,140,71,69
050,72,011,"Puerto Rico Commonwealth","Añasco Municipio",1,3,142,68,74
050,72,011,"Puerto Rico Commonwealth","Añasco Municipio",1,4,193,95,98
050,72,011,"Puerto Rico Commonwealth","Añasco Municipio",1,5,207,97,110
050,72,011,"Puerto Rico Commonwealth","Añasco Municipio",1,6,223,116,107
050,72,011,"Puerto Rico Commonwealth","Añasco Municipio",1,7,221,115,106
050,72,011,"Puerto Rico Commonwealth","Añasco Municipio",1,8,240,117,123
050,72,011,"Puerto Rico Commonwealth","Añasco Municipio",1,9,271,123,148
050,72,011,"Puerto Rico Commonwealth","Añasco Municipio",1,10,275,132,143
050,72,011,"Puerto Rico Commonwealth","Añasco Municipio",1,11,264,135,129
050,72,011,"Puerto Rico Commonwealth","Añasco Municipio",1,12,273,144,129
050,72,011,"Puerto Rico Commonwealth","Añasco Municipio",1,13,301,161,140
050,72,011,"Puerto Rico Commonwealth","Añasco Municipio",1,14,311,176,135
050,72,011,"Puerto Rico Commonwealth","Añasco Municipio",1,15,292,162,130
050,72,011,"Puerto Rico Commonwealth","Añasco Municipio",1,16,270,145,125
050,72,011,"Puerto Rico Commonwealth","Añasco Municipio",1,17,274,139,135
050,72,011,"Puerto Rico Commonwealth","Añasco Municipio",1,18,300,161,139
050,72,011,"Puerto Rico Commonwealth","Añasco Municipio",1,19,324,181,143
050,72,011,"Puerto Rico Commonwealth","Añasco Municipio",1,20,332,173,159
050,72,011,"Puerto Rico Commonwealth","Añasco Municipio",1,21,342,177,165
050,72,011,"Puerto Rico Commonwealth","Añasco Municipio",1,22,322,162,160
050,72,011,"Puerto Rico Commonwealth","Añasco Municipio",1,23,323,169,154
050,72,011,"Puerto Rico Commonwealth","Añasco Municipio",1,24,371,196,175
050,72,011,"Puerto Rico Commonwealth","Añasco Municipio",1,25,347,185,162
050,72,011,"Puerto Rico Commonwealth","Añasco Municipio",1,26,344,181,163
050,72,011,"Puerto Rico Commonwealth","Añasco Municipio",1,27,366,186,180
050,72,011,"Puerto Rico Commonwealth","Añasco Municipio",1,28,343,175,168
050,72,011,"Puerto Rico Commonwealth","Añasco Municipio",1,29,328,164,164
050,72,011,"Puerto Rico Commonwealth","Añasco Municipio",1,30,328,162,166
050,72,011,"Puerto Rico Commonwealth","Añasco Municipio",1,31,296,153,143
050,72,011,"Puerto Rico Commonwealth","Añasco Municipio",1,32,289,144,145
050,72,011,"Puerto Rico Commonwealth","Añasco Municipio",1,33,288,139,149
050,72,011,"Puerto Rico Commonwealth","Añasco Municipio",1,34,270,134,136
050,72,011,"Puerto Rico Commonwealth","Añasco Municipio",1,35,269,136,133
050,72,011,"Puerto Rico Commonwealth","Añasco Municipio",1,36,261,130,131
050,72,011,"Puerto Rico Commonwealth","Añasco Municipio",1,37,289,142,147
050,72,011,"Puerto Rico Commonwealth","Añasco Municipio",1,38,321,149,172
050,72,011,"Puerto Rico Commonwealth","Añasco Municipio",1,39,318,155,163
050,72,011,"Puerto Rico Commonwealth","Añasco Municipio",1,40,319,156,163
050,72,011,"Puerto Rico Commonwealth","Añasco Municipio",1,41,324,160,164
050,72,011,"Puerto Rico Commonwealth","Añasco Municipio",1,42,332,163,169
050,72,011,"Puerto Rico Commonwealth","Añasco Municipio",1,43,344,168,176
050,72,011,"Puerto Rico Commonwealth","Añasco Municipio",1,44,329,150,179
050,72,011,"Puerto Rico Commonwealth","Añasco Municipio",1,45,326,151,175
050,72,011,"Puerto Rico Commonwealth","Añasco Municipio",1,46,311,154,157
050,72,011,"Puerto Rico Commonwealth","Añasco Municipio",1,47,320,160,160
050,72,011,"Puerto Rico Commonwealth","Añasco Municipio",1,48,361,172,189
050,72,011,"Puerto Rico Commonwealth","Añasco Municipio",1,49,378,176,202
050,72,011,"Puerto Rico Commonwealth","Añasco Municipio",1,50,367,170,197
050,72,011,"Puerto Rico Commonwealth","Añasco Municipio",1,51,369,170,199
050,72,011,"Puerto Rico Commonwealth","Añasco Municipio",1,52,376,169,207
050,72,011,"Puerto Rico Commonwealth","Añasco Municipio",1,53,389,179,210
050,72,011,"Puerto Rico Commonwealth","Añasco Municipio",1,54,397,184,213
050,72,011,"Puerto Rico Commonwealth","Añasco Municipio",1,55,390,186,204
050,72,011,"Puerto Rico Commonwealth","Añasco Municipio",1,56,384,185,199
050,72,011,"Puerto Rico Commonwealth","Añasco Municipio",1,57,370,165,205
050,72,011,"Puerto Rico Commonwealth","Añasco Municipio",1,58,360,172,188
050,72,011,"Puerto Rico Commonwealth","Añasco Municipio",1,59,341,159,182
050,72,011,"Puerto Rico Commonwealth","Añasco Municipio",1,60,331,150,181
050,72,011,"Puerto Rico Commonwealth","Añasco Municipio",1,61,330,150,180
050,72,011,"Puerto Rico Commonwealth","Añasco Municipio",1,62,339,154,185
050,72,011,"Puerto Rico Commonwealth","Añasco Municipio",1,63,360,174,186
050,72,011,"Puerto Rico Commonwealth","Añasco Municipio",1,64,355,157,198
050,72,011,"Puerto Rico Commonwealth","Añasco Municipio",1,65,323,149,174
050,72,011,"Puerto Rico Commonwealth","Añasco Municipio",1,66,297,142,155
050,72,011,"Puerto Rico Commonwealth","Añasco Municipio",1,67,305,148,157
050,72,011,"Puerto Rico Commonwealth","Añasco Municipio",1,68,299,138,161
050,72,011,"Puerto Rico Commonwealth","Añasco Municipio",1,69,315,144,171
050,72,011,"Puerto Rico Commonwealth","Añasco Municipio",1,70,312,142,170
050,72,011,"Puerto Rico Commonwealth","Añasco Municipio",1,71,309,142,167
050,72,011,"Puerto Rico Commonwealth","Añasco Municipio",1,72,335,149,186
050,72,011,"Puerto Rico Commonwealth","Añasco Municipio",1,73,293,135,158
050,72,011,"Puerto Rico Commonwealth","Añasco Municipio",1,74,282,132,150
050,72,011,"Puerto Rico Commonwealth","Añasco Municipio",1,75,264,115,149
050,72,011,"Puerto Rico Commonwealth","Añasco Municipio",1,76,243,107,136
050,72,011,"Puerto Rico Commonwealth","Añasco Municipio",1,77,218,95,123
050,72,011,"Puerto Rico Commonwealth","Añasco Municipio",1,78,198,86,112
050,72,011,"Puerto Rico Commonwealth","Añasco Municipio",1,79,194,83,111
050,72,011,"Puerto Rico Commonwealth","Añasco Municipio",1,80,185,82,103
050,72,011,"Puerto Rico Commonwealth","Añasco Municipio",1,81,171,84,87
050,72,011,"Puerto Rico Commonwealth","Añasco Municipio",1,82,158,76,82
050,72,011,"Puerto Rico Commonwealth","Añasco Municipio",1,83,168,84,84
050,72,011,"Puerto Rico Commonwealth","Añasco Municipio",1,84,131,46,85
050,72,011,"Puerto Rico Commonwealth","Añasco Municipio",1,85,639,228,411
050,72,011,"Puerto Rico Commonwealth","Añasco Municipio",2,0,141,73,68
050,72,011,"Puerto Rico Commonwealth","Añasco Municipio",2,1,145,75,70
050,72,011,"Puerto Rico Commonwealth","Añasco Municipio",2,2,141,72,69
050,72,011,"Puerto Rico Commonwealth","Añasco Municipio",2,3,141,69,72
050,72,011,"Puerto Rico Commonwealth","Añasco Municipio",2,4,181,88,93
050,72,011,"Puerto Rico Commonwealth","Añasco Municipio",2,5,204,97,107
050,72,011,"Puerto Rico Commonwealth","Añasco Municipio",2,6,218,111,107
050,72,011,"Puerto Rico Commonwealth","Añasco Municipio",2,7,222,115,107
050,72,011,"Puerto Rico Commonwealth","Añasco Municipio",2,8,234,117,117
050,72,011,"Puerto Rico Commonwealth","Añasco Municipio",2,9,263,121,142
050,72,011,"Puerto Rico Commonwealth","Añasco Municipio",2,10,274,130,144
050,72,011,"Puerto Rico Commonwealth","Añasco Municipio",2,11,267,134,133
050,72,011,"Puerto Rico Commonwealth","Añasco Municipio",2,12,271,142,129
050,72,011,"Puerto Rico Commonwealth","Añasco Municipio",2,13,294,157,137
050,72,011,"Puerto Rico Commonwealth","Añasco Municipio",2,14,308,172,136
050,72,011,"Puerto Rico Commonwealth","Añasco Municipio",2,15,298,166,132
050,72,011,"Puerto Rico Commonwealth","Añasco Municipio",2,16,275,149,126
050,72,011,"Puerto Rico Commonwealth","Añasco Municipio",2,17,272,140,132
050,72,011,"Puerto Rico Commonwealth","Añasco Municipio",2,18,294,156,138
050,72,011,"Puerto Rico Commonwealth","Añasco Municipio",2,19,318,176,142
050,72,011,"Puerto Rico Commonwealth","Añasco Municipio",2,20,330,175,155
050,72,011,"Puerto Rico Commonwealth","Añasco Municipio",2,21,340,176,164
050,72,011,"Puerto Rico Commonwealth","Añasco Municipio",2,22,327,166,161
050,72,011,"Puerto Rico Commonwealth","Añasco Municipio",2,23,323,167,156
050,72,011,"Puerto Rico Commonwealth","Añasco Municipio",2,24,358,189,169
050,72,011,"Puerto Rico Commonwealth","Añasco Municipio",2,25,354,188,166
050,72,011,"Puerto Rico Commonwealth","Añasco Municipio",2,26,344,182,162
050,72,011,"Puerto Rico Commonwealth","Añasco Municipio",2,27,361,185,176
050,72,011,"Puerto Rico Commonwealth","Añasco Municipio",2,28,347,176,171
050,72,011,"Puerto Rico Commonwealth","Añasco Municipio",2,29,332,167,165
050,72,011,"Puerto Rico Commonwealth","Añasco Municipio",2,30,329,163,166
050,72,011,"Puerto Rico Commonwealth","Añasco Municipio",2,31,302,155,147
050,72,011,"Puerto Rico Commonwealth","Añasco Municipio",2,32,291,146,145
050,72,011,"Puerto Rico Commonwealth","Añasco Municipio",2,33,288,140,148
050,72,011,"Puerto Rico Commonwealth","Añasco Municipio",2,34,275,136,139
050,72,011,"Puerto Rico Commonwealth","Añasco Municipio",2,35,269,135,134
050,72,011,"Puerto Rico Commonwealth","Añasco Municipio",2,36,263,132,131
050,72,011,"Puerto Rico Commonwealth","Añasco Municipio",2,37,282,139,143
050,72,011,"Puerto Rico Commonwealth","Añasco Municipio",2,38,313,147,166
050,72,011,"Puerto Rico Commonwealth","Añasco Municipio",2,39,318,153,165
050,72,011,"Puerto Rico Commonwealth","Añasco Municipio",2,40,319,156,163
050,72,011,"Puerto Rico Commonwealth","Añasco Municipio",2,41,323,159,164
050,72,011,"Puerto Rico Commonwealth","Añasco Municipio",2,42,330,162,168
050,72,011,"Puerto Rico Commonwealth","Añasco Municipio",2,43,340,166,174
050,72,011,"Puerto Rico Commonwealth","Añasco Municipio",2,44,333,155,178
050,72,011,"Puerto Rico Commonwealth","Añasco Municipio",2,45,326,150,176
050,72,011,"Puerto Rico Commonwealth","Añasco Municipio",2,46,316,154,162
050,72,011,"Puerto Rico Commonwealth","Añasco Municipio",2,47,316,157,159
050,72,011,"Puerto Rico Commonwealth","Añasco Municipio",2,48,351,169,182
050,72,011,"Puerto Rico Commonwealth","Añasco Municipio",2,49,374,175,199
050,72,011,"Puerto Rico Commonwealth","Añasco Municipio",2,50,369,172,197
050,72,011,"Puerto Rico Commonwealth","Añasco Municipio",2,51,367,169,198
050,72,011,"Puerto Rico Commonwealth","Añasco Municipio",2,52,374,169,205
050,72,011,"Puerto Rico Commonwealth","Añasco Municipio",2,53,384,176,208
050,72,011,"Puerto Rico Commonwealth","Añasco Municipio",2,54,395,183,212
050,72,011,"Puerto Rico Commonwealth","Añasco Municipio",2,55,392,186,206
050,72,011,"Puerto Rico Commonwealth","Añasco Municipio",2,56,383,183,200
050,72,011,"Puerto Rico Commonwealth","Añasco Municipio",2,57,373,169,204
050,72,011,"Puerto Rico Commonwealth","Añasco Municipio",2,58,362,170,192
050,72,011,"Puerto Rico Commonwealth","Añasco Municipio",2,59,345,161,184
050,72,011,"Puerto Rico Commonwealth","Añasco Municipio",2,60,334,153,181
050,72,011,"Puerto Rico Commonwealth","Añasco Municipio",2,61,330,150,180
050,72,011,"Puerto Rico Commonwealth","Añasco Municipio",2,62,336,153,183
050,72,011,"Puerto Rico Commonwealth","Añasco Municipio",2,63,355,169,186
050,72,011,"Puerto Rico Commonwealth","Añasco Municipio",2,64,356,161,195
050,72,011,"Puerto Rico Commonwealth","Añasco Municipio",2,65,331,151,180
050,72,011,"Puerto Rico Commonwealth","Añasco Municipio",2,66,301,142,159
050,72,011,"Puerto Rico Commonwealth","Añasco Municipio",2,67,301,144,157
050,72,011,"Puerto Rico Commonwealth","Añasco Municipio",2,68,300,141,159
050,72,011,"Puerto Rico Commonwealth","Añasco Municipio",2,69,309,141,168
050,72,011,"Puerto Rico Commonwealth","Añasco Municipio",2,70,313,142,171
050,72,011,"Puerto Rico Commonwealth","Añasco Municipio",2,71,309,142,167
050,72,011,"Puerto Rico Commonwealth","Añasco Municipio",2,72,327,146,181
050,72,011,"Puerto Rico Commonwealth","Añasco Municipio",2,73,302,137,165
050,72,011,"Puerto Rico Commonwealth","Añasco Municipio",2,74,284,132,152
050,72,011,"Puerto Rico Commonwealth","Añasco Municipio",2,75,267,118,149
050,72,011,"Puerto Rico Commonwealth","Añasco Municipio",2,76,246,108,138
050,72,011,"Puerto Rico Commonwealth","Añasco Municipio",2,77,221,97,124
050,72,011,"Puerto Rico Commonwealth","Añasco Municipio",2,78,204,89,115
050,72,011,"Puerto Rico Commonwealth","Añasco Municipio",2,79,192,82,110
050,72,011,"Puerto Rico Commonwealth","Añasco Municipio",2,80,188,83,105
050,72,011,"Puerto Rico Commonwealth","Añasco Municipio",2,81,170,80,90
050,72,011,"Puerto Rico Commonwealth","Añasco Municipio",2,82,157,76,81
050,72,011,"Puerto Rico Commonwealth","Añasco Municipio",2,83,162,81,81
050,72,011,"Puerto Rico Commonwealth","Añasco Municipio",2,84,140,55,85
050,72,011,"Puerto Rico Commonwealth","Añasco Municipio",2,85,656,231,425
050,72,011,"Puerto Rico Commonwealth","Añasco Municipio",3,0,122,52,70
050,72,011,"Puerto Rico Commonwealth","Añasco Municipio",3,1,143,74,69
050,72,011,"Puerto Rico Commonwealth","Añasco Municipio",3,2,150,75,75
050,72,011,"Puerto Rico Commonwealth","Añasco Municipio",3,3,137,73,64
050,72,011,"Puerto Rico Commonwealth","Añasco Municipio",3,4,141,69,72
050,72,011,"Puerto Rico Commonwealth","Añasco Municipio",3,5,184,89,95
050,72,011,"Puerto Rico Commonwealth","Añasco Municipio",3,6,202,97,105
050,72,011,"Puerto Rico Commonwealth","Añasco Municipio",3,7,219,112,107
050,72,011,"Puerto Rico Commonwealth","Añasco Municipio",3,8,222,115,107
050,72,011,"Puerto Rico Commonwealth","Añasco Municipio",3,9,233,117,116
050,72,011,"Puerto Rico Commonwealth","Añasco Municipio",3,10,263,121,142
050,72,011,"Puerto Rico Commonwealth","Añasco Municipio",3,11,273,130,143
050,72,011,"Puerto Rico Commonwealth","Añasco Municipio",3,12,266,134,132
050,72,011,"Puerto Rico Commonwealth","Añasco Municipio",3,13,269,141,128
050,72,011,"Puerto Rico Commonwealth","Añasco Municipio",3,14,292,156,136
050,72,011,"Puerto Rico Commonwealth","Añasco Municipio",3,15,306,171,135
050,72,011,"Puerto Rico Commonwealth","Añasco Municipio",3,16,296,165,131
050,72,011,"Puerto Rico Commonwealth","Añasco Municipio",3,17,272,148,124
050,72,011,"Puerto Rico Commonwealth","Añasco Municipio",3,18,271,142,129
050,72,011,"Puerto Rico Commonwealth","Añasco Municipio",3,19,288,152,136
050,72,011,"Puerto Rico Commonwealth","Añasco Municipio",3,20,316,176,140
050,72,011,"Puerto Rico Commonwealth","Añasco Municipio",3,21,332,179,153
050,72,011,"Puerto Rico Commonwealth","Añasco Municipio",3,22,336,172,164
050,72,011,"Puerto Rico Commonwealth","Añasco Municipio",3,23,326,164,162
050,72,011,"Puerto Rico Commonwealth","Añasco Municipio",3,24,325,169,156
050,72,011,"Puerto Rico Commonwealth","Añasco Municipio",3,25,357,188,169
050,72,011,"Puerto Rico Commonwealth","Añasco Municipio",3,26,354,188,166
050,72,011,"Puerto Rico Commonwealth","Añasco Municipio",3,27,348,186,162
050,72,011,"Puerto Rico Commonwealth","Añasco Municipio",3,28,361,185,176
050,72,011,"Puerto Rico Commonwealth","Añasco Municipio",3,29,344,173,171
050,72,011,"Puerto Rico Commonwealth","Añasco Municipio",3,30,334,169,165
050,72,011,"Puerto Rico Commonwealth","Añasco Municipio",3,31,333,167,166
050,72,011,"Puerto Rico Commonwealth","Añasco Municipio",3,32,306,158,148
050,72,011,"Puerto Rico Commonwealth","Añasco Municipio",3,33,290,144,146
050,72,011,"Puerto Rico Commonwealth","Añasco Municipio",3,34,295,148,147
050,72,011,"Puerto Rico Commonwealth","Añasco Municipio",3,35,266,128,138
050,72,011,"Puerto Rico Commonwealth","Añasco Municipio",3,36,270,136,134
050,72,011,"Puerto Rico Commonwealth","Añasco Municipio",3,37,270,139,131
050,72,011,"Puerto Rico Commonwealth","Añasco Municipio",3,38,273,131,142
050,72,011,"Puerto Rico Commonwealth","Añasco Municipio",3,39,316,150,166
050,72,011,"Puerto Rico Commonwealth","Añasco Municipio",3,40,322,156,166
050,72,011,"Puerto Rico Commonwealth","Añasco Municipio",3,41,314,152,162
050,72,011,"Puerto Rico Commonwealth","Añasco Municipio",3,42,323,159,164
050,72,011,"Puerto Rico Commonwealth","Añasco Municipio",3,43,333,160,173
050,72,011,"Puerto Rico Commonwealth","Añasco Municipio",3,44,336,164,172
050,72,011,"Puerto Rico Commonwealth","Añasco Municipio",3,45,333,158,175
050,72,011,"Puerto Rico Commonwealth","Añasco Municipio",3,46,323,147,176
050,72,011,"Puerto Rico Commonwealth","Añasco Municipio",3,47,322,160,162
050,72,011,"Puerto Rico Commonwealth","Añasco Municipio",3,48,315,156,159
050,72,011,"Puerto Rico Commonwealth","Añasco Municipio",3,49,352,171,181
050,72,011,"Puerto Rico Commonwealth","Añasco Municipio",3,50,371,173,198
050,72,011,"Puerto Rico Commonwealth","Añasco Municipio",3,51,368,172,196
050,72,011,"Puerto Rico Commonwealth","Añasco Municipio",3,52,366,169,197
050,72,011,"Puerto Rico Commonwealth","Añasco Municipio",3,53,375,167,208
050,72,011,"Puerto Rico Commonwealth","Añasco Municipio",3,54,394,183,211
050,72,011,"Puerto Rico Commonwealth","Añasco Municipio",3,55,382,177,205
050,72,011,"Puerto Rico Commonwealth","Añasco Municipio",3,56,404,197,207
050,72,011,"Puerto Rico Commonwealth","Añasco Municipio",3,57,368,169,199
050,72,011,"Puerto Rico Commonwealth","Añasco Municipio",3,58,376,173,203
050,72,011,"Puerto Rico Commonwealth","Añasco Municipio",3,59,363,169,194
050,72,011,"Puerto Rico Commonwealth","Añasco Municipio",3,60,336,155,181
050,72,011,"Puerto Rico Commonwealth","Añasco Municipio",3,61,330,150,180
050,72,011,"Puerto Rico Commonwealth","Añasco Municipio",3,62,323,148,175
050,72,011,"Puerto Rico Commonwealth","Añasco Municipio",3,63,341,157,184
050,72,011,"Puerto Rico Commonwealth","Añasco Municipio",3,64,342,162,180
050,72,011,"Puerto Rico Commonwealth","Añasco Municipio",3,65,349,156,193
050,72,011,"Puerto Rico Commonwealth","Añasco Municipio",3,66,325,146,179
050,72,011,"Puerto Rico Commonwealth","Añasco Municipio",3,67,302,144,158
050,72,011,"Puerto Rico Commonwealth","Añasco Municipio",3,68,295,141,154
050,72,011,"Puerto Rico Commonwealth","Añasco Municipio",3,69,296,140,156
050,72,011,"Puerto Rico Commonwealth","Añasco Municipio",3,70,306,138,168
050,72,011,"Puerto Rico Commonwealth","Añasco Municipio",3,71,298,135,163
050,72,011,"Puerto Rico Commonwealth","Añasco Municipio",3,72,312,147,165
050,72,011,"Puerto Rico Commonwealth","Añasco Municipio",3,73,313,134,179
050,72,011,"Puerto Rico Commonwealth","Añasco Municipio",3,74,296,135,161
050,72,011,"Puerto Rico Commonwealth","Añasco Municipio",3,75,280,128,152
050,72,011,"Puerto Rico Commonwealth","Añasco Municipio",3,76,256,114,142
050,72,011,"Puerto Rico Commonwealth","Añasco Municipio",3,77,228,98,130
050,72,011,"Puerto Rico Commonwealth","Añasco Municipio",3,78,208,89,119
050,72,011,"Puerto Rico Commonwealth","Añasco Municipio",3,79,200,87,113
050,72,011,"Puerto Rico Commonwealth","Añasco Municipio",3,80,187,79,108
050,72,011,"Puerto Rico Commonwealth","Añasco Municipio",3,81,178,77,101
050,72,011,"Puerto Rico Commonwealth","Añasco Municipio",3,82,153,67,86
050,72,011,"Puerto Rico Commonwealth","Añasco Municipio",3,83,160,78,82
050,72,011,"Puerto Rico Commonwealth","Añasco Municipio",3,84,149,69,80
050,72,011,"Puerto Rico Commonwealth","Añasco Municipio",3,85,710,257,453
050,72,011,"Puerto Rico Commonwealth","Añasco Municipio",4,0,115,48,67
050,72,011,"Puerto Rico Commonwealth","Añasco Municipio",4,1,122,52,70
050,72,011,"Puerto Rico Commonwealth","Añasco Municipio",4,2,147,74,73
050,72,011,"Puerto Rico Commonwealth","Añasco Municipio",4,3,143,74,69
050,72,011,"Puerto Rico Commonwealth","Añasco Municipio",4,4,136,73,63
050,72,011,"Puerto Rico Commonwealth","Añasco Municipio",4,5,141,68,73
050,72,011,"Puerto Rico Commonwealth","Añasco Municipio",4,6,180,88,92
050,72,011,"Puerto Rico Commonwealth","Añasco Municipio",4,7,200,96,104
050,72,011,"Puerto Rico Commonwealth","Añasco Municipio",4,8,217,111,106
050,72,011,"Puerto Rico Commonwealth","Añasco Municipio",4,9,219,114,105
050,72,011,"Puerto Rico Commonwealth","Añasco Municipio",4,10,230,116,114
050,72,011,"Puerto Rico Commonwealth","Añasco Municipio",4,11,258,119,139
050,72,011,"Puerto Rico Commonwealth","Añasco Municipio",4,12,269,128,141
050,72,011,"Puerto Rico Commonwealth","Añasco Municipio",4,13,262,132,130
050,72,011,"Puerto Rico Commonwealth","Añasco Municipio",4,14,263,138,125
050,72,011,"Puerto Rico Commonwealth","Añasco Municipio",4,15,286,152,134
050,72,011,"Puerto Rico Commonwealth","Añasco Municipio",4,16,300,168,132
050,72,011,"Puerto Rico Commonwealth","Añasco Municipio",4,17,290,162,128
050,72,011,"Puerto Rico Commonwealth","Añasco Municipio",4,18,268,148,120
050,72,011,"Puerto Rico Commonwealth","Añasco Municipio",4,19,261,136,125
050,72,011,"Puerto Rico Commonwealth","Añasco Municipio",4,20,282,149,133
050,72,011,"Puerto Rico Commonwealth","Añasco Municipio",4,21,313,176,137
050,72,011,"Puerto Rico Commonwealth","Añasco Municipio",4,22,324,173,151
050,72,011,"Puerto Rico Commonwealth","Añasco Municipio",4,23,331,168,163
050,72,011,"Puerto Rico Commonwealth","Añasco Municipio",4,24,325,165,160
050,72,011,"Puerto Rico Commonwealth","Añasco Municipio",4,25,317,164,153
050,72,011,"Puerto Rico Commonwealth","Añasco Municipio",4,26,353,185,168
050,72,011,"Puerto Rico Commonwealth","Añasco Municipio",4,27,353,189,164
050,72,011,"Puerto Rico Commonwealth","Añasco Municipio",4,28,343,183,160
050,72,011,"Puerto Rico Commonwealth","Añasco Municipio",4,29,352,178,174
050,72,011,"Puerto Rico Commonwealth","Añasco Municipio",4,30,341,171,170
050,72,011,"Puerto Rico Commonwealth","Añasco Municipio",4,31,331,168,163
050,72,011,"Puerto Rico Commonwealth","Añasco Municipio",4,32,332,167,165
050,72,011,"Puerto Rico Commonwealth","Añasco Municipio",4,33,302,153,149
050,72,011,"Puerto Rico Commonwealth","Añasco Municipio",4,34,293,150,143
050,72,011,"Puerto Rico Commonwealth","Añasco Municipio",4,35,284,139,145
050,72,011,"Puerto Rico Commonwealth","Añasco Municipio",4,36,262,126,136
050,72,011,"Puerto Rico Commonwealth","Añasco Municipio",4,37,273,140,133
050,72,011,"Puerto Rico Commonwealth","Añasco Municipio",4,38,259,129,130
050,72,011,"Puerto Rico Commonwealth","Añasco Municipio",4,39,273,133,140
050,72,011,"Puerto Rico Commonwealth","Añasco Municipio",4,40,315,150,165
050,72,011,"Puerto Rico Commonwealth","Añasco Municipio",4,41,313,149,164
050,72,011,"Puerto Rico Commonwealth","Añasco Municipio",4,42,310,149,161
050,72,011,"Puerto Rico Commonwealth","Añasco Municipio",4,43,325,158,167
050,72,011,"Puerto Rico Commonwealth","Añasco Municipio",4,44,326,158,168
050,72,011,"Puerto Rico Commonwealth","Añasco Municipio",4,45,333,165,168
050,72,011,"Puerto Rico Commonwealth","Añasco Municipio",4,46,325,152,173
050,72,011,"Puerto Rico Commonwealth","Añasco Municipio",4,47,324,151,173
050,72,011,"Puerto Rico Commonwealth","Añasco Municipio",4,48,318,157,161
050,72,011,"Puerto Rico Commonwealth","Añasco Municipio",4,49,312,155,157
050,72,011,"Puerto Rico Commonwealth","Añasco Municipio",4,50,344,164,180
050,72,011,"Puerto Rico Commonwealth","Añasco Municipio",4,51,366,169,197
050,72,011,"Puerto Rico Commonwealth","Añasco Municipio",4,52,367,172,195
050,72,011,"Puerto Rico Commonwealth","Añasco Municipio",4,53,365,165,200
050,72,011,"Puerto Rico Commonwealth","Añasco Municipio",4,54,381,172,209
050,72,011,"Puerto Rico Commonwealth","Añasco Municipio",4,55,376,175,201
050,72,011,"Puerto Rico Commonwealth","Añasco Municipio",4,56,390,185,205
050,72,011,"Puerto Rico Commonwealth","Añasco Municipio",4,57,388,183,205
050,72,011,"Puerto Rico Commonwealth","Añasco Municipio",4,58,370,174,196
050,72,011,"Puerto Rico Commonwealth","Añasco Municipio",4,59,372,169,203
050,72,011,"Puerto Rico Commonwealth","Añasco Municipio",4,60,353,164,189
050,72,011,"Puerto Rico Commonwealth","Añasco Municipio",4,61,336,154,182
050,72,011,"Puerto Rico Commonwealth","Añasco Municipio",4,62,325,148,177
050,72,011,"Puerto Rico Commonwealth","Añasco Municipio",4,63,327,152,175
050,72,011,"Puerto Rico Commonwealth","Añasco Municipio",4,64,336,155,181
050,72,011,"Puerto Rico Commonwealth","Añasco Municipio",4,65,336,159,177
050,72,011,"Puerto Rico Commonwealth","Añasco Municipio",4,66,344,153,191
050,72,011,"Puerto Rico Commonwealth","Añasco Municipio",4,67,325,147,178
050,72,011,"Puerto Rico Commonwealth","Añasco Municipio",4,68,295,139,156
050,72,011,"Puerto Rico Commonwealth","Añasco Municipio",4,69,291,142,149
050,72,011,"Puerto Rico Commonwealth","Añasco Municipio",4,70,298,141,157
050,72,011,"Puerto Rico Commonwealth","Añasco Municipio",4,71,287,130,157
050,72,011,"Puerto Rico Commonwealth","Añasco Municipio",4,72,300,140,160
050,72,011,"Puerto Rico Commonwealth","Añasco Municipio",4,73,297,137,160
050,72,011,"Puerto Rico Commonwealth","Añasco Municipio",4,74,304,131,173
050,72,011,"Puerto Rico Commonwealth","Añasco Municipio",4,75,288,129,159
050,72,011,"Puerto Rico Commonwealth","Añasco Municipio",4,76,270,125,145
050,72,011,"Puerto Rico Commonwealth","Añasco Municipio",4,77,248,109,139
050,72,011,"Puerto Rico Commonwealth","Añasco Municipio",4,78,217,93,124
050,72,011,"Puerto Rico Commonwealth","Añasco Municipio",4,79,195,83,112
050,72,011,"Puerto Rico Commonwealth","Añasco Municipio",4,80,188,81,107
050,72,011,"Puerto Rico Commonwealth","Añasco Municipio",4,81,170,72,98
050,72,011,"Puerto Rico Commonwealth","Añasco Municipio",4,82,166,71,95
050,72,011,"Puerto Rico Commonwealth","Añasco Municipio",4,83,160,73,87
050,72,011,"Puerto Rico Commonwealth","Añasco Municipio",4,84,141,58,83
050,72,011,"Puerto Rico Commonwealth","Añasco Municipio",4,85,740,267,473
050,72,011,"Puerto Rico Commonwealth","Añasco Municipio",5,0,120,67,53
050,72,011,"Puerto Rico Commonwealth","Añasco Municipio",5,1,117,49,68
050,72,011,"Puerto Rico Commonwealth","Añasco Municipio",5,2,127,52,75
050,72,011,"Puerto Rico Commonwealth","Añasco Municipio",5,3,143,75,68
050,72,011,"Puerto Rico Commonwealth","Añasco Municipio",5,4,144,75,69
050,72,011,"Puerto Rico Commonwealth","Añasco Municipio",5,5,139,74,65
050,72,011,"Puerto Rico Commonwealth","Añasco Municipio",5,6,139,68,71
050,72,011,"Puerto Rico Commonwealth","Añasco Municipio",5,7,181,89,92
050,72,011,"Puerto Rico Commonwealth","Añasco Municipio",5,8,201,97,104
050,72,011,"Puerto Rico Commonwealth","Añasco Municipio",5,9,218,112,106
050,72,011,"Puerto Rico Commonwealth","Añasco Municipio",5,10,218,113,105
050,72,011,"Puerto Rico Commonwealth","Añasco Municipio",5,11,229,116,113
050,72,011,"Puerto Rico Commonwealth","Añasco Municipio",5,12,258,119,139
050,72,011,"Puerto Rico Commonwealth","Añasco Municipio",5,13,269,128,141
050,72,011,"Puerto Rico Commonwealth","Añasco Municipio",5,14,261,132,129
050,72,011,"Puerto Rico Commonwealth","Añasco Municipio",5,15,261,137,124
050,72,011,"Puerto Rico Commonwealth","Añasco Municipio",5,16,284,151,133
050,72,011,"Puerto Rico Commonwealth","Añasco Municipio",5,17,299,168,131
050,72,011,"Puerto Rico Commonwealth","Añasco Municipio",5,18,291,165,126
050,72,011,"Puerto Rico Commonwealth","Añasco Municipio",5,19,263,145,118
050,72,011,"Puerto Rico Commonwealth","Añasco Municipio",5,20,259,135,124
050,72,011,"Puerto Rico Commonwealth","Añasco Municipio",5,21,283,151,132
050,72,011,"Puerto Rico Commonwealth","Añasco Municipio",5,22,309,173,136
050,72,011,"Puerto Rico Commonwealth","Añasco Municipio",5,23,322,171,151
050,72,011,"Puerto Rico Commonwealth","Añasco Municipio",5,24,335,171,164
050,72,011,"Puerto Rico Commonwealth","Añasco Municipio",5,25,324,163,161
050,72,011,"Puerto Rico Commonwealth","Añasco Municipio",5,26,316,164,152
050,72,011,"Puerto Rico Commonwealth","Añasco Municipio",5,27,359,190,169
050,72,011,"Puerto Rico Commonwealth","Añasco Municipio",5,28,353,188,165
050,72,011,"Puerto Rico Commonwealth","Añasco Municipio",5,29,340,180,160
050,72,011,"Puerto Rico Commonwealth","Añasco Municipio",5,30,354,179,175
050,72,011,"Puerto Rico Commonwealth","Añasco Municipio",5,31,345,174,171
050,72,011,"Puerto Rico Commonwealth","Añasco Municipio",5,32,336,171,165
050,72,011,"Puerto Rico Commonwealth","Añasco Municipio",5,33,332,164,168
050,72,011,"Puerto Rico Commonwealth","Añasco Municipio",5,34,310,162,148
050,72,011,"Puerto Rico Commonwealth","Añasco Municipio",5,35,285,143,142
050,72,011,"Puerto Rico Commonwealth","Añasco Municipio",5,36,285,140,145
050,72,011,"Puerto Rico Commonwealth","Añasco Municipio",5,37,269,133,136
050,72,011,"Puerto Rico Commonwealth","Añasco Municipio",5,38,265,132,133
050,72,011,"Puerto Rico Commonwealth","Añasco Municipio",5,39,264,134,130
050,72,011,"Puerto Rico Commonwealth","Añasco Municipio",5,40,275,135,140
050,72,011,"Puerto Rico Commonwealth","Añasco Municipio",5,41,309,145,164
050,72,011,"Puerto Rico Commonwealth","Añasco Municipio",5,42,314,150,164
050,72,011,"Puerto Rico Commonwealth","Añasco Municipio",5,43,316,150,166
050,72,011,"Puerto Rico Commonwealth","Añasco Municipio",5,44,320,157,163
050,72,011,"Puerto Rico Commonwealth","Añasco Municipio",5,45,328,162,166
050,72,011,"Puerto Rico Commonwealth","Añasco Municipio",5,46,330,162,168
050,72,011,"Puerto Rico Commonwealth","Añasco Municipio",5,47,332,159,173
050,72,011,"Puerto Rico Commonwealth","Añasco Municipio",5,48,321,148,173
050,72,011,"Puerto Rico Commonwealth","Añasco Municipio",5,49,318,157,161
050,72,011,"Puerto Rico Commonwealth","Añasco Municipio",5,50,309,152,157
050,72,011,"Puerto Rico Commonwealth","Añasco Municipio",5,51,336,157,179
050,72,011,"Puerto Rico Commonwealth","Añasco Municipio",5,52,367,171,196
050,72,011,"Puerto Rico Commonwealth","Añasco Municipio",5,53,365,166,199
050,72,011,"Puerto Rico Commonwealth","Añasco Municipio",5,54,374,174,200
050,72,011,"Puerto Rico Commonwealth","Añasco Municipio",5,55,367,165,202
050,72,011,"Puerto Rico Commonwealth","Añasco Municipio",5,56,387,186,201
050,72,011,"Puerto Rico Commonwealth","Añasco Municipio",5,57,370,169,201
050,72,011,"Puerto Rico Commonwealth","Añasco Municipio",5,58,389,185,204
050,72,011,"Puerto Rico Commonwealth","Añasco Municipio",5,59,363,171,192
050,72,011,"Puerto Rico Commonwealth","Añasco Municipio",5,60,365,164,201
050,72,011,"Puerto Rico Commonwealth","Añasco Municipio",5,61,354,163,191
050,72,011,"Puerto Rico Commonwealth","Añasco Municipio",5,62,329,153,176
050,72,011,"Puerto Rico Commonwealth","Añasco Municipio",5,63,329,152,177
050,72,011,"Puerto Rico Commonwealth","Añasco Municipio",5,64,323,152,171
050,72,011,"Puerto Rico Commonwealth","Añasco Municipio",5,65,329,149,180
050,72,011,"Puerto Rico Commonwealth","Añasco Municipio",5,66,326,154,172
050,72,011,"Puerto Rico Commonwealth","Añasco Municipio",5,67,337,148,189
050,72,011,"Puerto Rico Commonwealth","Añasco Municipio",5,68,317,145,172
050,72,011,"Puerto Rico Commonwealth","Añasco Municipio",5,69,292,138,154
050,72,011,"Puerto Rico Commonwealth","Añasco Municipio",5,70,292,141,151
050,72,011,"Puerto Rico Commonwealth","Añasco Municipio",5,71,283,134,149
050,72,011,"Puerto Rico Commonwealth","Añasco Municipio",5,72,283,132,151
050,72,011,"Puerto Rico Commonwealth","Añasco Municipio",5,73,279,125,154
050,72,011,"Puerto Rico Commonwealth","Añasco Municipio",5,74,288,132,156
050,72,011,"Puerto Rico Commonwealth","Añasco Municipio",5,75,297,123,174
050,72,011,"Puerto Rico Commonwealth","Añasco Municipio",5,76,278,127,151
050,72,011,"Puerto Rico Commonwealth","Añasco Municipio",5,77,258,115,143
050,72,011,"Puerto Rico Commonwealth","Añasco Municipio",5,78,240,106,134
050,72,011,"Puerto Rico Commonwealth","Añasco Municipio",5,79,208,90,118
050,72,011,"Puerto Rico Commonwealth","Añasco Municipio",5,80,186,80,106
050,72,011,"Puerto Rico Commonwealth","Añasco Municipio",5,81,173,73,100
050,72,011,"Puerto Rico Commonwealth","Añasco Municipio",5,82,158,64,94
050,72,011,"Puerto Rico Commonwealth","Añasco Municipio",5,83,173,77,96
050,72,011,"Puerto Rico Commonwealth","Añasco Municipio",5,84,139,55,84
050,72,011,"Puerto Rico Commonwealth","Añasco Municipio",5,85,782,273,509
050,72,013,"Puerto Rico Commonwealth","Arecibo Municipio",1,0,550,263,287
050,72,013,"Puerto Rico Commonwealth","Arecibo Municipio",1,1,634,312,322
050,72,013,"Puerto Rico Commonwealth","Arecibo Municipio",1,2,573,297,276
050,72,013,"Puerto Rico Commonwealth","Arecibo Municipio",1,3,676,360,316
050,72,013,"Puerto Rico Commonwealth","Arecibo Municipio",1,4,707,374,333
050,72,013,"Puerto Rico Commonwealth","Arecibo Municipio",1,5,726,375,351
050,72,013,"Puerto Rico Commonwealth","Arecibo Municipio",1,6,809,407,402
050,72,013,"Puerto Rico Commonwealth","Arecibo Municipio",1,7,843,416,427
050,72,013,"Puerto Rico Commonwealth","Arecibo Municipio",1,8,860,440,420
050,72,013,"Puerto Rico Commonwealth","Arecibo Municipio",1,9,855,436,419
050,72,013,"Puerto Rico Commonwealth","Arecibo Municipio",1,10,880,453,427
050,72,013,"Puerto Rico Commonwealth","Arecibo Municipio",1,11,897,453,444
050,72,013,"Puerto Rico Commonwealth","Arecibo Municipio",1,12,911,459,452
050,72,013,"Puerto Rico Commonwealth","Arecibo Municipio",1,13,957,489,468
050,72,013,"Puerto Rico Commonwealth","Arecibo Municipio",1,14,966,502,464
050,72,013,"Puerto Rico Commonwealth","Arecibo Municipio",1,15,990,499,491
050,72,013,"Puerto Rico Commonwealth","Arecibo Municipio",1,16,1020,533,487
050,72,013,"Puerto Rico Commonwealth","Arecibo Municipio",1,17,1073,573,500
050,72,013,"Puerto Rico Commonwealth","Arecibo Municipio",1,18,1092,589,503
050,72,013,"Puerto Rico Commonwealth","Arecibo Municipio",1,19,1155,628,527
050,72,013,"Puerto Rico Commonwealth","Arecibo Municipio",1,20,1149,580,569
050,72,013,"Puerto Rico Commonwealth","Arecibo Municipio",1,21,1140,581,559
050,72,013,"Puerto Rico Commonwealth","Arecibo Municipio",1,22,1178,615,563
050,72,013,"Puerto Rico Commonwealth","Arecibo Municipio",1,23,1210,656,554
050,72,013,"Puerto Rico Commonwealth","Arecibo Municipio",1,24,1224,650,574
050,72,013,"Puerto Rico Commonwealth","Arecibo Municipio",1,25,1217,626,591
050,72,013,"Puerto Rico Commonwealth","Arecibo Municipio",1,26,1204,624,580
050,72,013,"Puerto Rico Commonwealth","Arecibo Municipio",1,27,1226,636,590
050,72,013,"Puerto Rico Commonwealth","Arecibo Municipio",1,28,1245,651,594
050,72,013,"Puerto Rico Commonwealth","Arecibo Municipio",1,29,1201,611,590
050,72,013,"Puerto Rico Commonwealth","Arecibo Municipio",1,30,1167,615,552
050,72,013,"Puerto Rico Commonwealth","Arecibo Municipio",1,31,1103,568,535
050,72,013,"Puerto Rico Commonwealth","Arecibo Municipio",1,32,980,486,494
050,72,013,"Puerto Rico Commonwealth","Arecibo Municipio",1,33,978,494,484
050,72,013,"Puerto Rico Commonwealth","Arecibo Municipio",1,34,884,425,459
050,72,013,"Puerto Rico Commonwealth","Arecibo Municipio",1,35,868,403,465
050,72,013,"Puerto Rico Commonwealth","Arecibo Municipio",1,36,879,411,468
050,72,013,"Puerto Rico Commonwealth","Arecibo Municipio",1,37,910,432,478
050,72,013,"Puerto Rico Commonwealth","Arecibo Municipio",1,38,977,451,526
050,72,013,"Puerto Rico Commonwealth","Arecibo Municipio",1,39,1044,490,554
050,72,013,"Puerto Rico Commonwealth","Arecibo Municipio",1,40,1042,484,558
050,72,013,"Puerto Rico Commonwealth","Arecibo Municipio",1,41,1051,460,591
050,72,013,"Puerto Rico Commonwealth","Arecibo Municipio",1,42,1091,488,603
050,72,013,"Puerto Rico Commonwealth","Arecibo Municipio",1,43,1084,508,576
050,72,013,"Puerto Rico Commonwealth","Arecibo Municipio",1,44,1120,540,580
050,72,013,"Puerto Rico Commonwealth","Arecibo Municipio",1,45,1106,535,571
050,72,013,"Puerto Rico Commonwealth","Arecibo Municipio",1,46,1065,495,570
050,72,013,"Puerto Rico Commonwealth","Arecibo Municipio",1,47,1131,543,588
050,72,013,"Puerto Rico Commonwealth","Arecibo Municipio",1,48,1160,540,620
050,72,013,"Puerto Rico Commonwealth","Arecibo Municipio",1,49,1203,565,638
050,72,013,"Puerto Rico Commonwealth","Arecibo Municipio",1,50,1222,564,658
050,72,013,"Puerto Rico Commonwealth","Arecibo Municipio",1,51,1196,559,637
050,72,013,"Puerto Rico Commonwealth","Arecibo Municipio",1,52,1192,559,633
050,72,013,"Puerto Rico Commonwealth","Arecibo Municipio",1,53,1239,597,642
050,72,013,"Puerto Rico Commonwealth","Arecibo Municipio",1,54,1252,588,664
050,72,013,"Puerto Rico Commonwealth","Arecibo Municipio",1,55,1232,577,655
050,72,013,"Puerto Rico Commonwealth","Arecibo Municipio",1,56,1234,578,656
050,72,013,"Puerto Rico Commonwealth","Arecibo Municipio",1,57,1200,557,643
050,72,013,"Puerto Rico Commonwealth","Arecibo Municipio",1,58,1167,551,616
050,72,013,"Puerto Rico Commonwealth","Arecibo Municipio",1,59,1186,550,636
050,72,013,"Puerto Rico Commonwealth","Arecibo Municipio",1,60,1188,533,655
050,72,013,"Puerto Rico Commonwealth","Arecibo Municipio",1,61,1121,509,612
050,72,013,"Puerto Rico Commonwealth","Arecibo Municipio",1,62,1079,484,595
050,72,013,"Puerto Rico Commonwealth","Arecibo Municipio",1,63,1096,505,591
050,72,013,"Puerto Rico Commonwealth","Arecibo Municipio",1,64,1071,500,571
050,72,013,"Puerto Rico Commonwealth","Arecibo Municipio",1,65,1069,496,573
050,72,013,"Puerto Rico Commonwealth","Arecibo Municipio",1,66,1023,486,537
050,72,013,"Puerto Rico Commonwealth","Arecibo Municipio",1,67,998,457,541
050,72,013,"Puerto Rico Commonwealth","Arecibo Municipio",1,68,1002,445,557
050,72,013,"Puerto Rico Commonwealth","Arecibo Municipio",1,69,1031,423,608
050,72,013,"Puerto Rico Commonwealth","Arecibo Municipio",1,70,1010,428,582
050,72,013,"Puerto Rico Commonwealth","Arecibo Municipio",1,71,1036,448,588
050,72,013,"Puerto Rico Commonwealth","Arecibo Municipio",1,72,1047,446,601
050,72,013,"Puerto Rico Commonwealth","Arecibo Municipio",1,73,1036,447,589
050,72,013,"Puerto Rico Commonwealth","Arecibo Municipio",1,74,1054,462,592
050,72,013,"Puerto Rico Commonwealth","Arecibo Municipio",1,75,950,407,543
050,72,013,"Puerto Rico Commonwealth","Arecibo Municipio",1,76,843,373,470
050,72,013,"Puerto Rico Commonwealth","Arecibo Municipio",1,77,799,355,444
050,72,013,"Puerto Rico Commonwealth","Arecibo Municipio",1,78,711,317,394
050,72,013,"Puerto Rico Commonwealth","Arecibo Municipio",1,79,711,286,425
050,72,013,"Puerto Rico Commonwealth","Arecibo Municipio",1,80,711,301,410
050,72,013,"Puerto Rico Commonwealth","Arecibo Municipio",1,81,629,272,357
050,72,013,"Puerto Rico Commonwealth","Arecibo Municipio",1,82,581,245,336
050,72,013,"Puerto Rico Commonwealth","Arecibo Municipio",1,83,523,227,296
050,72,013,"Puerto Rico Commonwealth","Arecibo Municipio",1,84,477,191,286
050,72,013,"Puerto Rico Commonwealth","Arecibo Municipio",1,85,2827,1082,1745
050,72,013,"Puerto Rico Commonwealth","Arecibo Municipio",2,0,498,247,251
050,72,013,"Puerto Rico Commonwealth","Arecibo Municipio",2,1,614,300,314
050,72,013,"Puerto Rico Commonwealth","Arecibo Municipio",2,2,588,301,287
050,72,013,"Puerto Rico Commonwealth","Arecibo Municipio",2,3,650,344,306
050,72,013,"Puerto Rico Commonwealth","Arecibo Municipio",2,4,700,371,329
050,72,013,"Puerto Rico Commonwealth","Arecibo Municipio",2,5,721,375,346
050,72,013,"Puerto Rico Commonwealth","Arecibo Municipio",2,6,789,399,390
050,72,013,"Puerto Rico Commonwealth","Arecibo Municipio",2,7,834,414,420
050,72,013,"Puerto Rico Commonwealth","Arecibo Municipio",2,8,857,435,422
050,72,013,"Puerto Rico Commonwealth","Arecibo Municipio",2,9,857,438,419
050,72,013,"Puerto Rico Commonwealth","Arecibo Municipio",2,10,876,450,426
050,72,013,"Puerto Rico Commonwealth","Arecibo Municipio",2,11,893,454,439
050,72,013,"Puerto Rico Commonwealth","Arecibo Municipio",2,12,909,459,450
050,72,013,"Puerto Rico Commonwealth","Arecibo Municipio",2,13,947,482,465
050,72,013,"Puerto Rico Commonwealth","Arecibo Municipio",2,14,965,500,465
050,72,013,"Puerto Rico Commonwealth","Arecibo Municipio",2,15,986,501,485
050,72,013,"Puerto Rico Commonwealth","Arecibo Municipio",2,16,1013,525,488
050,72,013,"Puerto Rico Commonwealth","Arecibo Municipio",2,17,1060,564,496
050,72,013,"Puerto Rico Commonwealth","Arecibo Municipio",2,18,1089,586,503
050,72,013,"Puerto Rico Commonwealth","Arecibo Municipio",2,19,1140,619,521
050,72,013,"Puerto Rico Commonwealth","Arecibo Municipio",2,20,1151,593,558
050,72,013,"Puerto Rico Commonwealth","Arecibo Municipio",2,21,1144,582,562
050,72,013,"Puerto Rico Commonwealth","Arecibo Municipio",2,22,1170,608,562
050,72,013,"Puerto Rico Commonwealth","Arecibo Municipio",2,23,1201,645,556
050,72,013,"Puerto Rico Commonwealth","Arecibo Municipio",2,24,1221,652,569
050,72,013,"Puerto Rico Commonwealth","Arecibo Municipio",2,25,1217,630,587
050,72,013,"Puerto Rico Commonwealth","Arecibo Municipio",2,26,1204,622,582
050,72,013,"Puerto Rico Commonwealth","Arecibo Municipio",2,27,1219,632,587
050,72,013,"Puerto Rico Commonwealth","Arecibo Municipio",2,28,1240,647,593
050,72,013,"Puerto Rico Commonwealth","Arecibo Municipio",2,29,1211,620,591
050,72,013,"Puerto Rico Commonwealth","Arecibo Municipio",2,30,1174,613,561
050,72,013,"Puerto Rico Commonwealth","Arecibo Municipio",2,31,1117,577,540
050,72,013,"Puerto Rico Commonwealth","Arecibo Municipio",2,32,1010,506,504
050,72,013,"Puerto Rico Commonwealth","Arecibo Municipio",2,33,977,491,486
050,72,013,"Puerto Rico Commonwealth","Arecibo Municipio",2,34,906,441,465
050,72,013,"Puerto Rico Commonwealth","Arecibo Municipio",2,35,870,407,463
050,72,013,"Puerto Rico Commonwealth","Arecibo Municipio",2,36,874,407,467
050,72,013,"Puerto Rico Commonwealth","Arecibo Municipio",2,37,903,427,476
050,72,013,"Puerto Rico Commonwealth","Arecibo Municipio",2,38,961,447,514
050,72,013,"Puerto Rico Commonwealth","Arecibo Municipio",2,39,1026,479,547
050,72,013,"Puerto Rico Commonwealth","Arecibo Municipio",2,40,1040,484,556
050,72,013,"Puerto Rico Commonwealth","Arecibo Municipio",2,41,1049,466,583
050,72,013,"Puerto Rico Commonwealth","Arecibo Municipio",2,42,1081,481,600
050,72,013,"Puerto Rico Commonwealth","Arecibo Municipio",2,43,1083,501,582
050,72,013,"Puerto Rico Commonwealth","Arecibo Municipio",2,44,1110,532,578
050,72,013,"Puerto Rico Commonwealth","Arecibo Municipio",2,45,1109,535,574
050,72,013,"Puerto Rico Commonwealth","Arecibo Municipio",2,46,1074,504,570
050,72,013,"Puerto Rico Commonwealth","Arecibo Municipio",2,47,1114,531,583
050,72,013,"Puerto Rico Commonwealth","Arecibo Municipio",2,48,1152,540,612
050,72,013,"Puerto Rico Commonwealth","Arecibo Municipio",2,49,1193,559,634
050,72,013,"Puerto Rico Commonwealth","Arecibo Municipio",2,50,1216,563,653
050,72,013,"Puerto Rico Commonwealth","Arecibo Municipio",2,51,1202,560,642
050,72,013,"Puerto Rico Commonwealth","Arecibo Municipio",2,52,1193,559,634
050,72,013,"Puerto Rico Commonwealth","Arecibo Municipio",2,53,1226,586,640
050,72,013,"Puerto Rico Commonwealth","Arecibo Municipio",2,54,1245,588,657
050,72,013,"Puerto Rico Commonwealth","Arecibo Municipio",2,55,1236,580,656
050,72,013,"Puerto Rico Commonwealth","Arecibo Municipio",2,56,1231,578,653
050,72,013,"Puerto Rico Commonwealth","Arecibo Municipio",2,57,1208,561,647
050,72,013,"Puerto Rico Commonwealth","Arecibo Municipio",2,58,1172,553,619
050,72,013,"Puerto Rico Commonwealth","Arecibo Municipio",2,59,1179,548,631
050,72,013,"Puerto Rico Commonwealth","Arecibo Municipio",2,60,1185,537,648
050,72,013,"Puerto Rico Commonwealth","Arecibo Municipio",2,61,1131,511,620
050,72,013,"Puerto Rico Commonwealth","Arecibo Municipio",2,62,1089,489,600
050,72,013,"Puerto Rico Commonwealth","Arecibo Municipio",2,63,1091,499,592
050,72,013,"Puerto Rico Commonwealth","Arecibo Municipio",2,64,1074,499,575
050,72,013,"Puerto Rico Commonwealth","Arecibo Municipio",2,65,1063,495,568
050,72,013,"Puerto Rico Commonwealth","Arecibo Municipio",2,66,1032,488,544
050,72,013,"Puerto Rico Commonwealth","Arecibo Municipio",2,67,1003,463,540
050,72,013,"Puerto Rico Commonwealth","Arecibo Municipio",2,68,998,446,552
050,72,013,"Puerto Rico Commonwealth","Arecibo Municipio",2,69,1019,426,593
050,72,013,"Puerto Rico Commonwealth","Arecibo Municipio",2,70,1011,424,587
050,72,013,"Puerto Rico Commonwealth","Arecibo Municipio",2,71,1029,443,586
050,72,013,"Puerto Rico Commonwealth","Arecibo Municipio",2,72,1037,444,593
050,72,013,"Puerto Rico Commonwealth","Arecibo Municipio",2,73,1034,443,591
050,72,013,"Puerto Rico Commonwealth","Arecibo Municipio",2,74,1046,455,591
050,72,013,"Puerto Rico Commonwealth","Arecibo Municipio",2,75,971,418,553
050,72,013,"Puerto Rico Commonwealth","Arecibo Municipio",2,76,864,377,487
050,72,013,"Puerto Rico Commonwealth","Arecibo Municipio",2,77,804,356,448
050,72,013,"Puerto Rico Commonwealth","Arecibo Municipio",2,78,728,324,404
050,72,013,"Puerto Rico Commonwealth","Arecibo Municipio",2,79,707,291,416
050,72,013,"Puerto Rico Commonwealth","Arecibo Municipio",2,80,704,292,412
050,72,013,"Puerto Rico Commonwealth","Arecibo Municipio",2,81,641,277,364
050,72,013,"Puerto Rico Commonwealth","Arecibo Municipio",2,82,586,250,336
050,72,013,"Puerto Rico Commonwealth","Arecibo Municipio",2,83,535,230,305
050,72,013,"Puerto Rico Commonwealth","Arecibo Municipio",2,84,482,196,286
050,72,013,"Puerto Rico Commonwealth","Arecibo Municipio",2,85,2878,1107,1771
050,72,013,"Puerto Rico Commonwealth","Arecibo Municipio",3,0,502,252,250
050,72,013,"Puerto Rico Commonwealth","Arecibo Municipio",3,1,495,247,248
050,72,013,"Puerto Rico Commonwealth","Arecibo Municipio",3,2,618,304,314
050,72,013,"Puerto Rico Commonwealth","Arecibo Municipio",3,3,589,302,287
050,72,013,"Puerto Rico Commonwealth","Arecibo Municipio",3,4,659,351,308
050,72,013,"Puerto Rico Commonwealth","Arecibo Municipio",3,5,700,372,328
050,72,013,"Puerto Rico Commonwealth","Arecibo Municipio",3,6,722,376,346
050,72,013,"Puerto Rico Commonwealth","Arecibo Municipio",3,7,793,403,390
050,72,013,"Puerto Rico Commonwealth","Arecibo Municipio",3,8,838,416,422
050,72,013,"Puerto Rico Commonwealth","Arecibo Municipio",3,9,864,437,427
050,72,013,"Puerto Rico Commonwealth","Arecibo Municipio",3,10,859,441,418
050,72,013,"Puerto Rico Commonwealth","Arecibo Municipio",3,11,879,452,427
050,72,013,"Puerto Rico Commonwealth","Arecibo Municipio",3,12,902,458,444
050,72,013,"Puerto Rico Commonwealth","Arecibo Municipio",3,13,911,461,450
050,72,013,"Puerto Rico Commonwealth","Arecibo Municipio",3,14,956,488,468
050,72,013,"Puerto Rico Commonwealth","Arecibo Municipio",3,15,971,504,467
050,72,013,"Puerto Rico Commonwealth","Arecibo Municipio",3,16,1021,532,489
050,72,013,"Puerto Rico Commonwealth","Arecibo Municipio",3,17,1025,529,496
050,72,013,"Puerto Rico Commonwealth","Arecibo Municipio",3,18,1025,544,481
050,72,013,"Puerto Rico Commonwealth","Arecibo Municipio",3,19,1087,584,503
050,72,013,"Puerto Rico Commonwealth","Arecibo Municipio",3,20,1128,609,519
050,72,013,"Puerto Rico Commonwealth","Arecibo Municipio",3,21,1171,617,554
050,72,013,"Puerto Rico Commonwealth","Arecibo Municipio",3,22,1166,600,566
050,72,013,"Puerto Rico Commonwealth","Arecibo Municipio",3,23,1156,593,563
050,72,013,"Puerto Rico Commonwealth","Arecibo Municipio",3,24,1185,627,558
050,72,013,"Puerto Rico Commonwealth","Arecibo Municipio",3,25,1228,655,573
050,72,013,"Puerto Rico Commonwealth","Arecibo Municipio",3,26,1203,615,588
050,72,013,"Puerto Rico Commonwealth","Arecibo Municipio",3,27,1206,623,583
050,72,013,"Puerto Rico Commonwealth","Arecibo Municipio",3,28,1206,617,589
050,72,013,"Puerto Rico Commonwealth","Arecibo Municipio",3,29,1222,628,594
050,72,013,"Puerto Rico Commonwealth","Arecibo Municipio",3,30,1221,627,594
050,72,013,"Puerto Rico Commonwealth","Arecibo Municipio",3,31,1170,609,561
050,72,013,"Puerto Rico Commonwealth","Arecibo Municipio",3,32,1094,551,543
050,72,013,"Puerto Rico Commonwealth","Arecibo Municipio",3,33,1013,508,505
050,72,013,"Puerto Rico Commonwealth","Arecibo Municipio",3,34,943,456,487
050,72,013,"Puerto Rico Commonwealth","Arecibo Municipio",3,35,907,440,467
050,72,013,"Puerto Rico Commonwealth","Arecibo Municipio",3,36,854,391,463
050,72,013,"Puerto Rico Commonwealth","Arecibo Municipio",3,37,863,394,469
050,72,013,"Puerto Rico Commonwealth","Arecibo Municipio",3,38,891,414,477
050,72,013,"Puerto Rico Commonwealth","Arecibo Municipio",3,39,961,445,516
050,72,013,"Puerto Rico Commonwealth","Arecibo Municipio",3,40,1022,472,550
050,72,013,"Puerto Rico Commonwealth","Arecibo Municipio",3,41,1028,472,556
050,72,013,"Puerto Rico Commonwealth","Arecibo Municipio",3,42,1051,466,585
050,72,013,"Puerto Rico Commonwealth","Arecibo Municipio",3,43,1072,471,601
050,72,013,"Puerto Rico Commonwealth","Arecibo Municipio",3,44,1081,498,583
050,72,013,"Puerto Rico Commonwealth","Arecibo Municipio",3,45,1101,520,581
050,72,013,"Puerto Rico Commonwealth","Arecibo Municipio",3,46,1103,528,575
050,72,013,"Puerto Rico Commonwealth","Arecibo Municipio",3,47,1088,519,569
050,72,013,"Puerto Rico Commonwealth","Arecibo Municipio",3,48,1087,502,585
050,72,013,"Puerto Rico Commonwealth","Arecibo Municipio",3,49,1156,548,608
050,72,013,"Puerto Rico Commonwealth","Arecibo Municipio",3,50,1187,554,633
050,72,013,"Puerto Rico Commonwealth","Arecibo Municipio",3,51,1222,566,656
050,72,013,"Puerto Rico Commonwealth","Arecibo Municipio",3,52,1179,538,641
050,72,013,"Puerto Rico Commonwealth","Arecibo Municipio",3,53,1200,564,636
050,72,013,"Puerto Rico Commonwealth","Arecibo Municipio",3,54,1215,577,638
050,72,013,"Puerto Rico Commonwealth","Arecibo Municipio",3,55,1246,586,660
050,72,013,"Puerto Rico Commonwealth","Arecibo Municipio",3,56,1229,578,651
050,72,013,"Puerto Rico Commonwealth","Arecibo Municipio",3,57,1224,571,653
050,72,013,"Puerto Rico Commonwealth","Arecibo Municipio",3,58,1203,556,647
050,72,013,"Puerto Rico Commonwealth","Arecibo Municipio",3,59,1164,549,615
050,72,013,"Puerto Rico Commonwealth","Arecibo Municipio",3,60,1172,539,633
050,72,013,"Puerto Rico Commonwealth","Arecibo Municipio",3,61,1180,534,646
050,72,013,"Puerto Rico Commonwealth","Arecibo Municipio",3,62,1120,503,617
050,72,013,"Puerto Rico Commonwealth","Arecibo Municipio",3,63,1078,486,592
050,72,013,"Puerto Rico Commonwealth","Arecibo Municipio",3,64,1083,494,589
050,72,013,"Puerto Rico Commonwealth","Arecibo Municipio",3,65,1057,482,575
050,72,013,"Puerto Rico Commonwealth","Arecibo Municipio",3,66,1048,487,561
050,72,013,"Puerto Rico Commonwealth","Arecibo Municipio",3,67,1011,473,538
050,72,013,"Puerto Rico Commonwealth","Arecibo Municipio",3,68,994,457,537
050,72,013,"Puerto Rico Commonwealth","Arecibo Municipio",3,69,985,432,553
050,72,013,"Puerto Rico Commonwealth","Arecibo Municipio",3,70,993,414,579
050,72,013,"Puerto Rico Commonwealth","Arecibo Municipio",3,71,987,410,577
050,72,013,"Puerto Rico Commonwealth","Arecibo Municipio",3,72,1004,427,577
050,72,013,"Puerto Rico Commonwealth","Arecibo Municipio",3,73,1020,436,584
050,72,013,"Puerto Rico Commonwealth","Arecibo Municipio",3,74,989,417,572
050,72,013,"Puerto Rico Commonwealth","Arecibo Municipio",3,75,1024,445,579
050,72,013,"Puerto Rico Commonwealth","Arecibo Municipio",3,76,954,414,540
050,72,013,"Puerto Rico Commonwealth","Arecibo Municipio",3,77,848,370,478
050,72,013,"Puerto Rico Commonwealth","Arecibo Municipio",3,78,755,319,436
050,72,013,"Puerto Rico Commonwealth","Arecibo Municipio",3,79,710,316,394
050,72,013,"Puerto Rico Commonwealth","Arecibo Municipio",3,80,664,272,392
050,72,013,"Puerto Rico Commonwealth","Arecibo Municipio",3,81,684,283,401
050,72,013,"Puerto Rico Commonwealth","Arecibo Municipio",3,82,613,264,349
050,72,013,"Puerto Rico Commonwealth","Arecibo Municipio",3,83,566,242,324
050,72,013,"Puerto Rico Commonwealth","Arecibo Municipio",3,84,500,214,286
050,72,013,"Puerto Rico Commonwealth","Arecibo Municipio",3,85,3029,1169,1860
050,72,013,"Puerto Rico Commonwealth","Arecibo Municipio",4,0,438,231,207
050,72,013,"Puerto Rico Commonwealth","Arecibo Municipio",4,1,493,249,244
050,72,013,"Puerto Rico Commonwealth","Arecibo Municipio",4,2,488,246,242
050,72,013,"Puerto Rico Commonwealth","Arecibo Municipio",4,3,608,299,309
050,72,013,"Puerto Rico Commonwealth","Arecibo Municipio",4,4,585,302,283
050,72,013,"Puerto Rico Commonwealth","Arecibo Municipio",4,5,650,347,303
050,72,013,"Puerto Rico Commonwealth","Arecibo Municipio",4,6,692,368,324
050,72,013,"Puerto Rico Commonwealth","Arecibo Municipio",4,7,716,375,341
050,72,013,"Puerto Rico Commonwealth","Arecibo Municipio",4,8,786,400,386
050,72,013,"Puerto Rico Commonwealth","Arecibo Municipio",4,9,835,413,422
050,72,013,"Puerto Rico Commonwealth","Arecibo Municipio",4,10,855,434,421
050,72,013,"Puerto Rico Commonwealth","Arecibo Municipio",4,11,852,437,415
050,72,013,"Puerto Rico Commonwealth","Arecibo Municipio",4,12,877,450,427
050,72,013,"Puerto Rico Commonwealth","Arecibo Municipio",4,13,893,454,439
050,72,013,"Puerto Rico Commonwealth","Arecibo Municipio",4,14,908,460,448
050,72,013,"Puerto Rico Commonwealth","Arecibo Municipio",4,15,951,485,466
050,72,013,"Puerto Rico Commonwealth","Arecibo Municipio",4,16,994,528,466
050,72,013,"Puerto Rico Commonwealth","Arecibo Municipio",4,17,1022,531,491
050,72,013,"Puerto Rico Commonwealth","Arecibo Municipio",4,18,980,503,477
050,72,013,"Puerto Rico Commonwealth","Arecibo Municipio",4,19,1008,533,475
050,72,013,"Puerto Rico Commonwealth","Arecibo Municipio",4,20,1062,566,496
050,72,013,"Puerto Rico Commonwealth","Arecibo Municipio",4,21,1133,624,509
050,72,013,"Puerto Rico Commonwealth","Arecibo Municipio",4,22,1184,633,551
050,72,013,"Puerto Rico Commonwealth","Arecibo Municipio",4,23,1152,590,562
050,72,013,"Puerto Rico Commonwealth","Arecibo Municipio",4,24,1137,577,560
050,72,013,"Puerto Rico Commonwealth","Arecibo Municipio",4,25,1185,629,556
050,72,013,"Puerto Rico Commonwealth","Arecibo Municipio",4,26,1208,641,567
050,72,013,"Puerto Rico Commonwealth","Arecibo Municipio",4,27,1193,611,582
050,72,013,"Puerto Rico Commonwealth","Arecibo Municipio",4,28,1186,607,579
050,72,013,"Puerto Rico Commonwealth","Arecibo Municipio",4,29,1176,593,583
050,72,013,"Puerto Rico Commonwealth","Arecibo Municipio",4,30,1221,633,588
050,72,013,"Puerto Rico Commonwealth","Arecibo Municipio",4,31,1208,621,587
050,72,013,"Puerto Rico Commonwealth","Arecibo Municipio",4,32,1143,586,557
050,72,013,"Puerto Rico Commonwealth","Arecibo Municipio",4,33,1088,551,537
050,72,013,"Puerto Rico Commonwealth","Arecibo Municipio",4,34,977,477,500
050,72,013,"Puerto Rico Commonwealth","Arecibo Municipio",4,35,934,451,483
050,72,013,"Puerto Rico Commonwealth","Arecibo Municipio",4,36,888,427,461
050,72,013,"Puerto Rico Commonwealth","Arecibo Municipio",4,37,838,378,460
050,72,013,"Puerto Rico Commonwealth","Arecibo Municipio",4,38,848,382,466
050,72,013,"Puerto Rico Commonwealth","Arecibo Municipio",4,39,884,410,474
050,72,013,"Puerto Rico Commonwealth","Arecibo Municipio",4,40,949,437,512
050,72,013,"Puerto Rico Commonwealth","Arecibo Municipio",4,41,1007,461,546
050,72,013,"Puerto Rico Commonwealth","Arecibo Municipio",4,42,1023,470,553
050,72,013,"Puerto Rico Commonwealth","Arecibo Municipio",4,43,1036,456,580
050,72,013,"Puerto Rico Commonwealth","Arecibo Municipio",4,44,1067,470,597
050,72,013,"Puerto Rico Commonwealth","Arecibo Municipio",4,45,1065,486,579
050,72,013,"Puerto Rico Commonwealth","Arecibo Municipio",4,46,1086,509,577
050,72,013,"Puerto Rico Commonwealth","Arecibo Municipio",4,47,1109,537,572
050,72,013,"Puerto Rico Commonwealth","Arecibo Municipio",4,48,1060,492,568
050,72,013,"Puerto Rico Commonwealth","Arecibo Municipio",4,49,1087,507,580
050,72,013,"Puerto Rico Commonwealth","Arecibo Municipio",4,50,1142,537,605
050,72,013,"Puerto Rico Commonwealth","Arecibo Municipio",4,51,1185,553,632
050,72,013,"Puerto Rico Commonwealth","Arecibo Municipio",4,52,1198,548,650
050,72,013,"Puerto Rico Commonwealth","Arecibo Municipio",4,53,1179,541,638
050,72,013,"Puerto Rico Commonwealth","Arecibo Municipio",4,54,1180,547,633
050,72,013,"Puerto Rico Commonwealth","Arecibo Municipio",4,55,1209,572,637
050,72,013,"Puerto Rico Commonwealth","Arecibo Municipio",4,56,1235,582,653
050,72,013,"Puerto Rico Commonwealth","Arecibo Municipio",4,57,1219,569,650
050,72,013,"Puerto Rico Commonwealth","Arecibo Municipio",4,58,1221,567,654
050,72,013,"Puerto Rico Commonwealth","Arecibo Municipio",4,59,1191,548,643
050,72,013,"Puerto Rico Commonwealth","Arecibo Municipio",4,60,1150,538,612
050,72,013,"Puerto Rico Commonwealth","Arecibo Municipio",4,61,1162,533,629
050,72,013,"Puerto Rico Commonwealth","Arecibo Municipio",4,62,1164,521,643
050,72,013,"Puerto Rico Commonwealth","Arecibo Municipio",4,63,1102,493,609
050,72,013,"Puerto Rico Commonwealth","Arecibo Municipio",4,64,1067,480,587
050,72,013,"Puerto Rico Commonwealth","Arecibo Municipio",4,65,1060,478,582
050,72,013,"Puerto Rico Commonwealth","Arecibo Municipio",4,66,1042,474,568
050,72,013,"Puerto Rico Commonwealth","Arecibo Municipio",4,67,1035,482,553
050,72,013,"Puerto Rico Commonwealth","Arecibo Municipio",4,68,992,462,530
050,72,013,"Puerto Rico Commonwealth","Arecibo Municipio",4,69,985,447,538
050,72,013,"Puerto Rico Commonwealth","Arecibo Municipio",4,70,959,421,538
050,72,013,"Puerto Rico Commonwealth","Arecibo Municipio",4,71,969,402,567
050,72,013,"Puerto Rico Commonwealth","Arecibo Municipio",4,72,968,403,565
050,72,013,"Puerto Rico Commonwealth","Arecibo Municipio",4,73,979,410,569
050,72,013,"Puerto Rico Commonwealth","Arecibo Municipio",4,74,981,414,567
050,72,013,"Puerto Rico Commonwealth","Arecibo Municipio",4,75,956,397,559
050,72,013,"Puerto Rico Commonwealth","Arecibo Municipio",4,76,1004,436,568
050,72,013,"Puerto Rico Commonwealth","Arecibo Municipio",4,77,933,408,525
050,72,013,"Puerto Rico Commonwealth","Arecibo Municipio",4,78,807,343,464
050,72,013,"Puerto Rico Commonwealth","Arecibo Municipio",4,79,744,312,432
050,72,013,"Puerto Rico Commonwealth","Arecibo Municipio",4,80,665,295,370
050,72,013,"Puerto Rico Commonwealth","Arecibo Municipio",4,81,633,261,372
050,72,013,"Puerto Rico Commonwealth","Arecibo Municipio",4,82,657,270,387
050,72,013,"Puerto Rico Commonwealth","Arecibo Municipio",4,83,576,244,332
050,72,013,"Puerto Rico Commonwealth","Arecibo Municipio",4,84,530,224,306
050,72,013,"Puerto Rico Commonwealth","Arecibo Municipio",4,85,3191,1217,1974
050,72,013,"Puerto Rico Commonwealth","Arecibo Municipio",5,0,443,234,209
050,72,013,"Puerto Rico Commonwealth","Arecibo Municipio",5,1,437,232,205
050,72,013,"Puerto Rico Commonwealth","Arecibo Municipio",5,2,498,254,244
050,72,013,"Puerto Rico Commonwealth","Arecibo Municipio",5,3,488,247,241
050,72,013,"Puerto Rico Commonwealth","Arecibo Municipio",5,4,618,306,312
050,72,013,"Puerto Rico Commonwealth","Arecibo Municipio",5,5,586,303,283
050,72,013,"Puerto Rico Commonwealth","Arecibo Municipio",5,6,654,349,305
050,72,013,"Puerto Rico Commonwealth","Arecibo Municipio",5,7,698,373,325
050,72,013,"Puerto Rico Commonwealth","Arecibo Municipio",5,8,721,378,343
050,72,013,"Puerto Rico Commonwealth","Arecibo Municipio",5,9,795,404,391
050,72,013,"Puerto Rico Commonwealth","Arecibo Municipio",5,10,839,417,422
050,72,013,"Puerto Rico Commonwealth","Arecibo Municipio",5,11,861,437,424
050,72,013,"Puerto Rico Commonwealth","Arecibo Municipio",5,12,864,443,421
050,72,013,"Puerto Rico Commonwealth","Arecibo Municipio",5,13,881,454,427
050,72,013,"Puerto Rico Commonwealth","Arecibo Municipio",5,14,904,461,443
050,72,013,"Puerto Rico Commonwealth","Arecibo Municipio",5,15,917,465,452
050,72,013,"Puerto Rico Commonwealth","Arecibo Municipio",5,16,992,520,472
050,72,013,"Puerto Rico Commonwealth","Arecibo Municipio",5,17,1014,538,476
050,72,013,"Puerto Rico Commonwealth","Arecibo Municipio",5,18,992,513,479
050,72,013,"Puerto Rico Commonwealth","Arecibo Municipio",5,19,984,504,480
050,72,013,"Puerto Rico Commonwealth","Arecibo Municipio",5,20,1001,526,475
050,72,013,"Puerto Rico Commonwealth","Arecibo Municipio",5,21,1082,588,494
050,72,013,"Puerto Rico Commonwealth","Arecibo Municipio",5,22,1159,644,515
050,72,013,"Puerto Rico Commonwealth","Arecibo Municipio",5,23,1183,629,554
050,72,013,"Puerto Rico Commonwealth","Arecibo Municipio",5,24,1145,577,568
050,72,013,"Puerto Rico Commonwealth","Arecibo Municipio",5,25,1147,581,566
050,72,013,"Puerto Rico Commonwealth","Arecibo Municipio",5,26,1180,622,558
050,72,013,"Puerto Rico Commonwealth","Arecibo Municipio",5,27,1213,643,570
050,72,013,"Puerto Rico Commonwealth","Arecibo Municipio",5,28,1188,602,586
050,72,013,"Puerto Rico Commonwealth","Arecibo Municipio",5,29,1170,590,580
050,72,013,"Puerto Rico Commonwealth","Arecibo Municipio",5,30,1188,601,587
050,72,013,"Puerto Rico Commonwealth","Arecibo Municipio",5,31,1226,636,590
050,72,013,"Puerto Rico Commonwealth","Arecibo Municipio",5,32,1194,602,592
050,72,013,"Puerto Rico Commonwealth","Arecibo Municipio",5,33,1149,590,559
050,72,013,"Puerto Rico Commonwealth","Arecibo Municipio",5,34,1064,525,539
050,72,013,"Puerto Rico Commonwealth","Arecibo Municipio",5,35,978,474,504
050,72,013,"Puerto Rico Commonwealth","Arecibo Municipio",5,36,922,439,483
050,72,013,"Puerto Rico Commonwealth","Arecibo Municipio",5,37,883,420,463
050,72,013,"Puerto Rico Commonwealth","Arecibo Municipio",5,38,831,369,462
050,72,013,"Puerto Rico Commonwealth","Arecibo Municipio",5,39,849,381,468
050,72,013,"Puerto Rico Commonwealth","Arecibo Municipio",5,40,878,403,475
050,72,013,"Puerto Rico Commonwealth","Arecibo Municipio",5,41,942,428,514
050,72,013,"Puerto Rico Commonwealth","Arecibo Municipio",5,42,1010,462,548
050,72,013,"Puerto Rico Commonwealth","Arecibo Municipio",5,43,1016,463,553
050,72,013,"Puerto Rico Commonwealth","Arecibo Municipio",5,44,1039,460,579
050,72,013,"Puerto Rico Commonwealth","Arecibo Municipio",5,45,1063,462,601
050,72,013,"Puerto Rico Commonwealth","Arecibo Municipio",5,46,1063,482,581
050,72,013,"Puerto Rico Commonwealth","Arecibo Municipio",5,47,1096,521,575
050,72,013,"Puerto Rico Commonwealth","Arecibo Municipio",5,48,1094,518,576
050,72,013,"Puerto Rico Commonwealth","Arecibo Municipio",5,49,1064,498,566
050,72,013,"Puerto Rico Commonwealth","Arecibo Municipio",5,50,1082,503,579
050,72,013,"Puerto Rico Commonwealth","Arecibo Municipio",5,51,1149,541,608
050,72,013,"Puerto Rico Commonwealth","Arecibo Municipio",5,52,1170,539,631
050,72,013,"Puerto Rico Commonwealth","Arecibo Municipio",5,53,1198,549,649
050,72,013,"Puerto Rico Commonwealth","Arecibo Municipio",5,54,1174,535,639
050,72,013,"Puerto Rico Commonwealth","Arecibo Municipio",5,55,1183,548,635
050,72,013,"Puerto Rico Commonwealth","Arecibo Municipio",5,56,1203,569,634
050,72,013,"Puerto Rico Commonwealth","Arecibo Municipio",5,57,1229,579,650
050,72,013,"Puerto Rico Commonwealth","Arecibo Municipio",5,58,1213,565,648
050,72,013,"Puerto Rico Commonwealth","Arecibo Municipio",5,59,1211,561,650
050,72,013,"Puerto Rico Commonwealth","Arecibo Municipio",5,60,1180,541,639
050,72,013,"Puerto Rico Commonwealth","Arecibo Municipio",5,61,1147,535,612
050,72,013,"Puerto Rico Commonwealth","Arecibo Municipio",5,62,1152,523,629
050,72,013,"Puerto Rico Commonwealth","Arecibo Municipio",5,63,1151,512,639
050,72,013,"Puerto Rico Commonwealth","Arecibo Municipio",5,64,1090,486,604
050,72,013,"Puerto Rico Commonwealth","Arecibo Municipio",5,65,1061,473,588
050,72,013,"Puerto Rico Commonwealth","Arecibo Municipio",5,66,1053,476,577
050,72,013,"Puerto Rico Commonwealth","Arecibo Municipio",5,67,1029,464,565
050,72,013,"Puerto Rico Commonwealth","Arecibo Municipio",5,68,1021,471,550
050,72,013,"Puerto Rico Commonwealth","Arecibo Municipio",5,69,985,454,531
050,72,013,"Puerto Rico Commonwealth","Arecibo Municipio",5,70,969,439,530
050,72,013,"Puerto Rico Commonwealth","Arecibo Municipio",5,71,947,413,534
050,72,013,"Puerto Rico Commonwealth","Arecibo Municipio",5,72,952,395,557
050,72,013,"Puerto Rico Commonwealth","Arecibo Municipio",5,73,947,386,561
050,72,013,"Puerto Rico Commonwealth","Arecibo Municipio",5,74,942,392,550
050,72,013,"Puerto Rico Commonwealth","Arecibo Municipio",5,75,958,401,557
050,72,013,"Puerto Rico Commonwealth","Arecibo Municipio",5,76,932,385,547
050,72,013,"Puerto Rico Commonwealth","Arecibo Municipio",5,77,964,413,551
050,72,013,"Puerto Rico Commonwealth","Arecibo Municipio",5,78,895,384,511
050,72,013,"Puerto Rico Commonwealth","Arecibo Municipio",5,79,777,322,455
050,72,013,"Puerto Rico Commonwealth","Arecibo Municipio",5,80,709,294,415
050,72,013,"Puerto Rico Commonwealth","Arecibo Municipio",5,81,634,284,350
050,72,013,"Puerto Rico Commonwealth","Arecibo Municipio",5,82,603,244,359
050,72,013,"Puerto Rico Commonwealth","Arecibo Municipio",5,83,631,257,374
050,72,013,"Puerto Rico Commonwealth","Arecibo Municipio",5,84,539,231,308
050,72,013,"Puerto Rico Commonwealth","Arecibo Municipio",5,85,3358,1302,2056
050,72,015,"Puerto Rico Commonwealth","Arroyo Municipio",1,0,108,56,52
050,72,015,"Puerto Rico Commonwealth","Arroyo Municipio",1,1,103,59,44
050,72,015,"Puerto Rico Commonwealth","Arroyo Municipio",1,2,112,63,49
050,72,015,"Puerto Rico Commonwealth","Arroyo Municipio",1,3,118,58,60
050,72,015,"Puerto Rico Commonwealth","Arroyo Municipio",1,4,125,61,64
050,72,015,"Puerto Rico Commonwealth","Arroyo Municipio",1,5,141,76,65
050,72,015,"Puerto Rico Commonwealth","Arroyo Municipio",1,6,158,75,83
050,72,015,"Puerto Rico Commonwealth","Arroyo Municipio",1,7,169,83,86
050,72,015,"Puerto Rico Commonwealth","Arroyo Municipio",1,8,174,86,88
050,72,015,"Puerto Rico Commonwealth","Arroyo Municipio",1,9,182,82,100
050,72,015,"Puerto Rico Commonwealth","Arroyo Municipio",1,10,209,101,108
050,72,015,"Puerto Rico Commonwealth","Arroyo Municipio",1,11,216,113,103
050,72,015,"Puerto Rico Commonwealth","Arroyo Municipio",1,12,212,105,107
050,72,015,"Puerto Rico Commonwealth","Arroyo Municipio",1,13,215,103,112
050,72,015,"Puerto Rico Commonwealth","Arroyo Municipio",1,14,218,106,112
050,72,015,"Puerto Rico Commonwealth","Arroyo Municipio",1,15,206,104,102
050,72,015,"Puerto Rico Commonwealth","Arroyo Municipio",1,16,211,105,106
050,72,015,"Puerto Rico Commonwealth","Arroyo Municipio",1,17,205,105,100
050,72,015,"Puerto Rico Commonwealth","Arroyo Municipio",1,18,218,107,111
050,72,015,"Puerto Rico Commonwealth","Arroyo Municipio",1,19,207,102,105
050,72,015,"Puerto Rico Commonwealth","Arroyo Municipio",1,20,199,106,93
050,72,015,"Puerto Rico Commonwealth","Arroyo Municipio",1,21,184,91,93
050,72,015,"Puerto Rico Commonwealth","Arroyo Municipio",1,22,190,83,107
050,72,015,"Puerto Rico Commonwealth","Arroyo Municipio",1,23,204,90,114
050,72,015,"Puerto Rico Commonwealth","Arroyo Municipio",1,24,193,85,108
050,72,015,"Puerto Rico Commonwealth","Arroyo Municipio",1,25,206,102,104
050,72,015,"Puerto Rico Commonwealth","Arroyo Municipio",1,26,212,94,118
050,72,015,"Puerto Rico Commonwealth","Arroyo Municipio",1,27,210,92,118
050,72,015,"Puerto Rico Commonwealth","Arroyo Municipio",1,28,201,96,105
050,72,015,"Puerto Rico Commonwealth","Arroyo Municipio",1,29,220,108,112
050,72,015,"Puerto Rico Commonwealth","Arroyo Municipio",1,30,210,96,114
050,72,015,"Puerto Rico Commonwealth","Arroyo Municipio",1,31,174,78,96
050,72,015,"Puerto Rico Commonwealth","Arroyo Municipio",1,32,178,81,97
050,72,015,"Puerto Rico Commonwealth","Arroyo Municipio",1,33,176,78,98
050,72,015,"Puerto Rico Commonwealth","Arroyo Municipio",1,34,188,90,98
050,72,015,"Puerto Rico Commonwealth","Arroyo Municipio",1,35,187,86,101
050,72,015,"Puerto Rico Commonwealth","Arroyo Municipio",1,36,192,90,102
050,72,015,"Puerto Rico Commonwealth","Arroyo Municipio",1,37,203,90,113
050,72,015,"Puerto Rico Commonwealth","Arroyo Municipio",1,38,198,84,114
050,72,015,"Puerto Rico Commonwealth","Arroyo Municipio",1,39,213,91,122
050,72,015,"Puerto Rico Commonwealth","Arroyo Municipio",1,40,195,74,121
050,72,015,"Puerto Rico Commonwealth","Arroyo Municipio",1,41,193,78,115
050,72,015,"Puerto Rico Commonwealth","Arroyo Municipio",1,42,217,106,111
050,72,015,"Puerto Rico Commonwealth","Arroyo Municipio",1,43,238,110,128
050,72,015,"Puerto Rico Commonwealth","Arroyo Municipio",1,44,212,95,117
050,72,015,"Puerto Rico Commonwealth","Arroyo Municipio",1,45,197,85,112
050,72,015,"Puerto Rico Commonwealth","Arroyo Municipio",1,46,210,90,120
050,72,015,"Puerto Rico Commonwealth","Arroyo Municipio",1,47,206,93,113
050,72,015,"Puerto Rico Commonwealth","Arroyo Municipio",1,48,219,96,123
050,72,015,"Puerto Rico Commonwealth","Arroyo Municipio",1,49,220,94,126
050,72,015,"Puerto Rico Commonwealth","Arroyo Municipio",1,50,197,89,108
050,72,015,"Puerto Rico Commonwealth","Arroyo Municipio",1,51,182,81,101
050,72,015,"Puerto Rico Commonwealth","Arroyo Municipio",1,52,206,93,113
050,72,015,"Puerto Rico Commonwealth","Arroyo Municipio",1,53,203,93,110
050,72,015,"Puerto Rico Commonwealth","Arroyo Municipio",1,54,186,84,102
050,72,015,"Puerto Rico Commonwealth","Arroyo Municipio",1,55,194,84,110
050,72,015,"Puerto Rico Commonwealth","Arroyo Municipio",1,56,199,83,116
050,72,015,"Puerto Rico Commonwealth","Arroyo Municipio",1,57,201,85,116
050,72,015,"Puerto Rico Commonwealth","Arroyo Municipio",1,58,185,78,107
050,72,015,"Puerto Rico Commonwealth","Arroyo Municipio",1,59,196,89,107
050,72,015,"Puerto Rico Commonwealth","Arroyo Municipio",1,60,197,92,105
050,72,015,"Puerto Rico Commonwealth","Arroyo Municipio",1,61,178,85,93
050,72,015,"Puerto Rico Commonwealth","Arroyo Municipio",1,62,180,79,101
050,72,015,"Puerto Rico Commonwealth","Arroyo Municipio",1,63,201,86,115
050,72,015,"Puerto Rico Commonwealth","Arroyo Municipio",1,64,220,98,122
050,72,015,"Puerto Rico Commonwealth","Arroyo Municipio",1,65,211,97,114
050,72,015,"Puerto Rico Commonwealth","Arroyo Municipio",1,66,195,92,103
050,72,015,"Puerto Rico Commonwealth","Arroyo Municipio",1,67,193,93,100
050,72,015,"Puerto Rico Commonwealth","Arroyo Municipio",1,68,198,96,102
050,72,015,"Puerto Rico Commonwealth","Arroyo Municipio",1,69,189,81,108
050,72,015,"Puerto Rico Commonwealth","Arroyo Municipio",1,70,197,79,118
050,72,015,"Puerto Rico Commonwealth","Arroyo Municipio",1,71,173,71,102
050,72,015,"Puerto Rico Commonwealth","Arroyo Municipio",1,72,180,79,101
050,72,015,"Puerto Rico Commonwealth","Arroyo Municipio",1,73,181,82,99
050,72,015,"Puerto Rico Commonwealth","Arroyo Municipio",1,74,169,81,88
050,72,015,"Puerto Rico Commonwealth","Arroyo Municipio",1,75,170,77,93
050,72,015,"Puerto Rico Commonwealth","Arroyo Municipio",1,76,154,73,81
050,72,015,"Puerto Rico Commonwealth","Arroyo Municipio",1,77,139,63,76
050,72,015,"Puerto Rico Commonwealth","Arroyo Municipio",1,78,133,64,69
050,72,015,"Puerto Rico Commonwealth","Arroyo Municipio",1,79,108,53,55
050,72,015,"Puerto Rico Commonwealth","Arroyo Municipio",1,80,87,32,55
050,72,015,"Puerto Rico Commonwealth","Arroyo Municipio",1,81,86,40,46
050,72,015,"Puerto Rico Commonwealth","Arroyo Municipio",1,82,80,40,40
050,72,015,"Puerto Rico Commonwealth","Arroyo Municipio",1,83,69,24,45
050,72,015,"Puerto Rico Commonwealth","Arroyo Municipio",1,84,84,35,49
050,72,015,"Puerto Rico Commonwealth","Arroyo Municipio",1,85,370,138,232
050,72,015,"Puerto Rico Commonwealth","Arroyo Municipio",2,0,116,55,61
050,72,015,"Puerto Rico Commonwealth","Arroyo Municipio",2,1,104,58,46
050,72,015,"Puerto Rico Commonwealth","Arroyo Municipio",2,2,110,62,48
050,72,015,"Puerto Rico Commonwealth","Arroyo Municipio",2,3,116,59,57
050,72,015,"Puerto Rico Commonwealth","Arroyo Municipio",2,4,124,61,63
050,72,015,"Puerto Rico Commonwealth","Arroyo Municipio",2,5,137,72,65
050,72,015,"Puerto Rico Commonwealth","Arroyo Municipio",2,6,153,75,78
050,72,015,"Puerto Rico Commonwealth","Arroyo Municipio",2,7,167,81,86
050,72,015,"Puerto Rico Commonwealth","Arroyo Municipio",2,8,173,86,87
050,72,015,"Puerto Rico Commonwealth","Arroyo Municipio",2,9,180,83,97
050,72,015,"Puerto Rico Commonwealth","Arroyo Municipio",2,10,202,96,106
050,72,015,"Puerto Rico Commonwealth","Arroyo Municipio",2,11,213,109,104
050,72,015,"Puerto Rico Commonwealth","Arroyo Municipio",2,12,212,106,106
050,72,015,"Puerto Rico Commonwealth","Arroyo Municipio",2,13,212,102,110
050,72,015,"Puerto Rico Commonwealth","Arroyo Municipio",2,14,216,105,111
050,72,015,"Puerto Rico Commonwealth","Arroyo Municipio",2,15,207,103,104
050,72,015,"Puerto Rico Commonwealth","Arroyo Municipio",2,16,208,104,104
050,72,015,"Puerto Rico Commonwealth","Arroyo Municipio",2,17,204,104,100
050,72,015,"Puerto Rico Commonwealth","Arroyo Municipio",2,18,212,105,107
050,72,015,"Puerto Rico Commonwealth","Arroyo Municipio",2,19,208,102,106
050,72,015,"Puerto Rico Commonwealth","Arroyo Municipio",2,20,200,105,95
050,72,015,"Puerto Rico Commonwealth","Arroyo Municipio",2,21,186,93,93
050,72,015,"Puerto Rico Commonwealth","Arroyo Municipio",2,22,187,84,103
050,72,015,"Puerto Rico Commonwealth","Arroyo Municipio",2,23,201,88,113
050,72,015,"Puerto Rico Commonwealth","Arroyo Municipio",2,24,194,85,109
050,72,015,"Puerto Rico Commonwealth","Arroyo Municipio",2,25,202,97,105
050,72,015,"Puerto Rico Commonwealth","Arroyo Municipio",2,26,210,95,115
050,72,015,"Puerto Rico Commonwealth","Arroyo Municipio",2,27,210,92,118
050,72,015,"Puerto Rico Commonwealth","Arroyo Municipio",2,28,203,95,108
050,72,015,"Puerto Rico Commonwealth","Arroyo Municipio",2,29,215,105,110
050,72,015,"Puerto Rico Commonwealth","Arroyo Municipio",2,30,213,99,114
050,72,015,"Puerto Rico Commonwealth","Arroyo Municipio",2,31,183,83,100
050,72,015,"Puerto Rico Commonwealth","Arroyo Municipio",2,32,177,80,97
050,72,015,"Puerto Rico Commonwealth","Arroyo Municipio",2,33,177,79,98
050,72,015,"Puerto Rico Commonwealth","Arroyo Municipio",2,34,185,87,98
050,72,015,"Puerto Rico Commonwealth","Arroyo Municipio",2,35,187,87,100
050,72,015,"Puerto Rico Commonwealth","Arroyo Municipio",2,36,191,89,102
050,72,015,"Puerto Rico Commonwealth","Arroyo Municipio",2,37,200,90,110
050,72,015,"Puerto Rico Commonwealth","Arroyo Municipio",2,38,199,85,114
050,72,015,"Puerto Rico Commonwealth","Arroyo Municipio",2,39,209,89,120
050,72,015,"Puerto Rico Commonwealth","Arroyo Municipio",2,40,199,79,120
050,72,015,"Puerto Rico Commonwealth","Arroyo Municipio",2,41,193,77,116
050,72,015,"Puerto Rico Commonwealth","Arroyo Municipio",2,42,211,99,112
050,72,015,"Puerto Rico Commonwealth","Arroyo Municipio",2,43,233,109,124
050,72,015,"Puerto Rico Commonwealth","Arroyo Municipio",2,44,218,98,120
050,72,015,"Puerto Rico Commonwealth","Arroyo Municipio",2,45,200,87,113
050,72,015,"Puerto Rico Commonwealth","Arroyo Municipio",2,46,206,89,117
050,72,015,"Puerto Rico Commonwealth","Arroyo Municipio",2,47,206,91,115
050,72,015,"Puerto Rico Commonwealth","Arroyo Municipio",2,48,214,94,120
050,72,015,"Puerto Rico Commonwealth","Arroyo Municipio",2,49,219,93,126
050,72,015,"Puerto Rico Commonwealth","Arroyo Municipio",2,50,203,91,112
050,72,015,"Puerto Rico Commonwealth","Arroyo Municipio",2,51,186,83,103
050,72,015,"Puerto Rico Commonwealth","Arroyo Municipio",2,52,200,90,110
050,72,015,"Puerto Rico Commonwealth","Arroyo Municipio",2,53,204,93,111
050,72,015,"Puerto Rico Commonwealth","Arroyo Municipio",2,54,190,86,104
050,72,015,"Puerto Rico Commonwealth","Arroyo Municipio",2,55,191,83,108
050,72,015,"Puerto Rico Commonwealth","Arroyo Municipio",2,56,197,83,114
050,72,015,"Puerto Rico Commonwealth","Arroyo Municipio",2,57,201,85,116
050,72,015,"Puerto Rico Commonwealth","Arroyo Municipio",2,58,189,80,109
050,72,015,"Puerto Rico Commonwealth","Arroyo Municipio",2,59,193,86,107
050,72,015,"Puerto Rico Commonwealth","Arroyo Municipio",2,60,197,91,106
050,72,015,"Puerto Rico Commonwealth","Arroyo Municipio",2,61,180,87,93
050,72,015,"Puerto Rico Commonwealth","Arroyo Municipio",2,62,179,80,99
050,72,015,"Puerto Rico Commonwealth","Arroyo Municipio",2,63,196,85,111
050,72,015,"Puerto Rico Commonwealth","Arroyo Municipio",2,64,216,95,121
050,72,015,"Puerto Rico Commonwealth","Arroyo Municipio",2,65,211,95,116
050,72,015,"Puerto Rico Commonwealth","Arroyo Municipio",2,66,198,93,105
050,72,015,"Puerto Rico Commonwealth","Arroyo Municipio",2,67,194,93,101
050,72,015,"Puerto Rico Commonwealth","Arroyo Municipio",2,68,197,95,102
050,72,015,"Puerto Rico Commonwealth","Arroyo Municipio",2,69,190,85,105
050,72,015,"Puerto Rico Commonwealth","Arroyo Municipio",2,70,194,78,116
050,72,015,"Puerto Rico Commonwealth","Arroyo Municipio",2,71,179,73,106
050,72,015,"Puerto Rico Commonwealth","Arroyo Municipio",2,72,177,77,100
050,72,015,"Puerto Rico Commonwealth","Arroyo Municipio",2,73,181,82,99
050,72,015,"Puerto Rico Commonwealth","Arroyo Municipio",2,74,170,79,91
050,72,015,"Puerto Rico Commonwealth","Arroyo Municipio",2,75,170,78,92
050,72,015,"Puerto Rico Commonwealth","Arroyo Municipio",2,76,157,74,83
050,72,015,"Puerto Rico Commonwealth","Arroyo Municipio",2,77,141,65,76
050,72,015,"Puerto Rico Commonwealth","Arroyo Municipio",2,78,132,63,69
050,72,015,"Puerto Rico Commonwealth","Arroyo Municipio",2,79,112,55,57
050,72,015,"Puerto Rico Commonwealth","Arroyo Municipio",2,80,92,37,55
050,72,015,"Puerto Rico Commonwealth","Arroyo Municipio",2,81,83,36,47
050,72,015,"Puerto Rico Commonwealth","Arroyo Municipio",2,82,82,40,42
050,72,015,"Puerto Rico Commonwealth","Arroyo Municipio",2,83,72,28,44
050,72,015,"Puerto Rico Commonwealth","Arroyo Municipio",2,84,80,32,48
050,72,015,"Puerto Rico Commonwealth","Arroyo Municipio",2,85,381,144,237
050,72,015,"Puerto Rico Commonwealth","Arroyo Municipio",3,0,97,46,51
050,72,015,"Puerto Rico Commonwealth","Arroyo Municipio",3,1,117,55,62
050,72,015,"Puerto Rico Commonwealth","Arroyo Municipio",3,2,104,58,46
050,72,015,"Puerto Rico Commonwealth","Arroyo Municipio",3,3,110,62,48
050,72,015,"Puerto Rico Commonwealth","Arroyo Municipio",3,4,116,59,57
050,72,015,"Puerto Rico Commonwealth","Arroyo Municipio",3,5,124,61,63
050,72,015,"Puerto Rico Commonwealth","Arroyo Municipio",3,6,136,71,65
050,72,015,"Puerto Rico Commonwealth","Arroyo Municipio",3,7,152,74,78
050,72,015,"Puerto Rico Commonwealth","Arroyo Municipio",3,8,166,80,86
050,72,015,"Puerto Rico Commonwealth","Arroyo Municipio",3,9,171,85,86
050,72,015,"Puerto Rico Commonwealth","Arroyo Municipio",3,10,177,81,96
050,72,015,"Puerto Rico Commonwealth","Arroyo Municipio",3,11,198,94,104
050,72,015,"Puerto Rico Commonwealth","Arroyo Municipio",3,12,210,107,103
050,72,015,"Puerto Rico Commonwealth","Arroyo Municipio",3,13,208,104,104
050,72,015,"Puerto Rico Commonwealth","Arroyo Municipio",3,14,208,100,108
050,72,015,"Puerto Rico Commonwealth","Arroyo Municipio",3,15,211,102,109
050,72,015,"Puerto Rico Commonwealth","Arroyo Municipio",3,16,202,100,102
050,72,015,"Puerto Rico Commonwealth","Arroyo Municipio",3,17,203,101,102
050,72,015,"Puerto Rico Commonwealth","Arroyo Municipio",3,18,197,100,97
050,72,015,"Puerto Rico Commonwealth","Arroyo Municipio",3,19,205,101,104
050,72,015,"Puerto Rico Commonwealth","Arroyo Municipio",3,20,204,99,105
050,72,015,"Puerto Rico Commonwealth","Arroyo Municipio",3,21,197,103,94
050,72,015,"Puerto Rico Commonwealth","Arroyo Municipio",3,22,183,91,92
050,72,015,"Puerto Rico Commonwealth","Arroyo Municipio",3,23,184,82,102
050,72,015,"Puerto Rico Commonwealth","Arroyo Municipio",3,24,200,87,113
050,72,015,"Puerto Rico Commonwealth","Arroyo Municipio",3,25,192,83,109
050,72,015,"Puerto Rico Commonwealth","Arroyo Municipio",3,26,200,96,104
050,72,015,"Puerto Rico Commonwealth","Arroyo Municipio",3,27,209,94,115
050,72,015,"Puerto Rico Commonwealth","Arroyo Municipio",3,28,208,90,118
050,72,015,"Puerto Rico Commonwealth","Arroyo Municipio",3,29,200,92,108
050,72,015,"Puerto Rico Commonwealth","Arroyo Municipio",3,30,214,104,110
050,72,015,"Puerto Rico Commonwealth","Arroyo Municipio",3,31,214,100,114
050,72,015,"Puerto Rico Commonwealth","Arroyo Municipio",3,32,183,83,100
050,72,015,"Puerto Rico Commonwealth","Arroyo Municipio",3,33,177,80,97
050,72,015,"Puerto Rico Commonwealth","Arroyo Municipio",3,34,177,79,98
050,72,015,"Puerto Rico Commonwealth","Arroyo Municipio",3,35,186,88,98
050,72,015,"Puerto Rico Commonwealth","Arroyo Municipio",3,36,186,86,100
050,72,015,"Puerto Rico Commonwealth","Arroyo Municipio",3,37,190,89,101
050,72,015,"Puerto Rico Commonwealth","Arroyo Municipio",3,38,197,88,109
050,72,015,"Puerto Rico Commonwealth","Arroyo Municipio",3,39,196,85,111
050,72,015,"Puerto Rico Commonwealth","Arroyo Municipio",3,40,209,90,119
050,72,015,"Puerto Rico Commonwealth","Arroyo Municipio",3,41,194,76,118
050,72,015,"Puerto Rico Commonwealth","Arroyo Municipio",3,42,191,76,115
050,72,015,"Puerto Rico Commonwealth","Arroyo Municipio",3,43,209,98,111
050,72,015,"Puerto Rico Commonwealth","Arroyo Municipio",3,44,230,107,123
050,72,015,"Puerto Rico Commonwealth","Arroyo Municipio",3,45,216,97,119
050,72,015,"Puerto Rico Commonwealth","Arroyo Municipio",3,46,198,87,111
050,72,015,"Puerto Rico Commonwealth","Arroyo Municipio",3,47,205,89,116
050,72,015,"Puerto Rico Commonwealth","Arroyo Municipio",3,48,202,88,114
050,72,015,"Puerto Rico Commonwealth","Arroyo Municipio",3,49,210,92,118
050,72,015,"Puerto Rico Commonwealth","Arroyo Municipio",3,50,216,93,123
050,72,015,"Puerto Rico Commonwealth","Arroyo Municipio",3,51,201,90,111
050,72,015,"Puerto Rico Commonwealth","Arroyo Municipio",3,52,185,83,102
050,72,015,"Puerto Rico Commonwealth","Arroyo Municipio",3,53,195,86,109
050,72,015,"Puerto Rico Commonwealth","Arroyo Municipio",3,54,202,92,110
050,72,015,"Puerto Rico Commonwealth","Arroyo Municipio",3,55,189,86,103
050,72,015,"Puerto Rico Commonwealth","Arroyo Municipio",3,56,187,80,107
050,72,015,"Puerto Rico Commonwealth","Arroyo Municipio",3,57,195,82,113
050,72,015,"Puerto Rico Commonwealth","Arroyo Municipio",3,58,200,85,115
050,72,015,"Puerto Rico Commonwealth","Arroyo Municipio",3,59,187,79,108
050,72,015,"Puerto Rico Commonwealth","Arroyo Municipio",3,60,188,83,105
050,72,015,"Puerto Rico Commonwealth","Arroyo Municipio",3,61,195,89,106
050,72,015,"Puerto Rico Commonwealth","Arroyo Municipio",3,62,178,86,92
050,72,015,"Puerto Rico Commonwealth","Arroyo Municipio",3,63,177,79,98
050,72,015,"Puerto Rico Commonwealth","Arroyo Municipio",3,64,188,82,106
050,72,015,"Puerto Rico Commonwealth","Arroyo Municipio",3,65,212,94,118
050,72,015,"Puerto Rico Commonwealth","Arroyo Municipio",3,66,208,94,114
050,72,015,"Puerto Rico Commonwealth","Arroyo Municipio",3,67,193,91,102
050,72,015,"Puerto Rico Commonwealth","Arroyo Municipio",3,68,192,93,99
050,72,015,"Puerto Rico Commonwealth","Arroyo Municipio",3,69,193,93,100
050,72,015,"Puerto Rico Commonwealth","Arroyo Municipio",3,70,183,80,103
050,72,015,"Puerto Rico Commonwealth","Arroyo Municipio",3,71,186,73,113
050,72,015,"Puerto Rico Commonwealth","Arroyo Municipio",3,72,171,67,104
050,72,015,"Puerto Rico Commonwealth","Arroyo Municipio",3,73,172,76,96
050,72,015,"Puerto Rico Commonwealth","Arroyo Municipio",3,74,174,78,96
050,72,015,"Puerto Rico Commonwealth","Arroyo Municipio",3,75,161,75,86
050,72,015,"Puerto Rico Commonwealth","Arroyo Municipio",3,76,162,75,87
050,72,015,"Puerto Rico Commonwealth","Arroyo Municipio",3,77,149,69,80
050,72,015,"Puerto Rico Commonwealth","Arroyo Municipio",3,78,130,59,71
050,72,015,"Puerto Rico Commonwealth","Arroyo Municipio",3,79,125,60,65
050,72,015,"Puerto Rico Commonwealth","Arroyo Municipio",3,80,105,52,53
050,72,015,"Puerto Rico Commonwealth","Arroyo Municipio",3,81,95,35,60
050,72,015,"Puerto Rico Commonwealth","Arroyo Municipio",3,82,76,31,45
050,72,015,"Puerto Rico Commonwealth","Arroyo Municipio",3,83,79,39,40
050,72,015,"Puerto Rico Commonwealth","Arroyo Municipio",3,84,67,25,42
050,72,015,"Puerto Rico Commonwealth","Arroyo Municipio",3,85,418,157,261
050,72,015,"Puerto Rico Commonwealth","Arroyo Municipio",4,0,100,50,50
050,72,015,"Puerto Rico Commonwealth","Arroyo Municipio",4,1,95,45,50
050,72,015,"Puerto Rico Commonwealth","Arroyo Municipio",4,2,115,54,61
050,72,015,"Puerto Rico Commonwealth","Arroyo Municipio",4,3,102,57,45
050,72,015,"Puerto Rico Commonwealth","Arroyo Municipio",4,4,108,61,47
050,72,015,"Puerto Rico Commonwealth","Arroyo Municipio",4,5,114,58,56
050,72,015,"Puerto Rico Commonwealth","Arroyo Municipio",4,6,122,60,62
050,72,015,"Puerto Rico Commonwealth","Arroyo Municipio",4,7,134,70,64
050,72,015,"Puerto Rico Commonwealth","Arroyo Municipio",4,8,149,72,77
050,72,015,"Puerto Rico Commonwealth","Arroyo Municipio",4,9,162,78,84
050,72,015,"Puerto Rico Commonwealth","Arroyo Municipio",4,10,167,83,84
050,72,015,"Puerto Rico Commonwealth","Arroyo Municipio",4,11,171,78,93
050,72,015,"Puerto Rico Commonwealth","Arroyo Municipio",4,12,193,91,102
050,72,015,"Puerto Rico Commonwealth","Arroyo Municipio",4,13,205,104,101
050,72,015,"Puerto Rico Commonwealth","Arroyo Municipio",4,14,201,100,101
050,72,015,"Puerto Rico Commonwealth","Arroyo Municipio",4,15,201,96,105
050,72,015,"Puerto Rico Commonwealth","Arroyo Municipio",4,16,204,98,106
050,72,015,"Puerto Rico Commonwealth","Arroyo Municipio",4,17,194,96,98
050,72,015,"Puerto Rico Commonwealth","Arroyo Municipio",4,18,193,95,98
050,72,015,"Puerto Rico Commonwealth","Arroyo Municipio",4,19,187,95,92
050,72,015,"Puerto Rico Commonwealth","Arroyo Municipio",4,20,196,95,101
050,72,015,"Puerto Rico Commonwealth","Arroyo Municipio",4,21,197,95,102
050,72,015,"Puerto Rico Commonwealth","Arroyo Municipio",4,22,191,99,92
050,72,015,"Puerto Rico Commonwealth","Arroyo Municipio",4,23,177,88,89
050,72,015,"Puerto Rico Commonwealth","Arroyo Municipio",4,24,180,80,100
050,72,015,"Puerto Rico Commonwealth","Arroyo Municipio",4,25,197,85,112
050,72,015,"Puerto Rico Commonwealth","Arroyo Municipio",4,26,187,79,108
050,72,015,"Puerto Rico Commonwealth","Arroyo Municipio",4,27,196,94,102
050,72,015,"Puerto Rico Commonwealth","Arroyo Municipio",4,28,205,92,113
050,72,015,"Puerto Rico Commonwealth","Arroyo Municipio",4,29,202,86,116
050,72,015,"Puerto Rico Commonwealth","Arroyo Municipio",4,30,197,90,107
050,72,015,"Puerto Rico Commonwealth","Arroyo Municipio",4,31,212,104,108
050,72,015,"Puerto Rico Commonwealth","Arroyo Municipio",4,32,211,98,113
050,72,015,"Puerto Rico Commonwealth","Arroyo Municipio",4,33,182,83,99
050,72,015,"Puerto Rico Commonwealth","Arroyo Municipio",4,34,174,78,96
050,72,015,"Puerto Rico Commonwealth","Arroyo Municipio",4,35,174,78,96
050,72,015,"Puerto Rico Commonwealth","Arroyo Municipio",4,36,183,87,96
050,72,015,"Puerto Rico Commonwealth","Arroyo Municipio",4,37,182,84,98
050,72,015,"Puerto Rico Commonwealth","Arroyo Municipio",4,38,186,87,99
050,72,015,"Puerto Rico Commonwealth","Arroyo Municipio",4,39,192,85,107
050,72,015,"Puerto Rico Commonwealth","Arroyo Municipio",4,40,192,83,109
050,72,015,"Puerto Rico Commonwealth","Arroyo Municipio",4,41,204,87,117
050,72,015,"Puerto Rico Commonwealth","Arroyo Municipio",4,42,191,75,116
050,72,015,"Puerto Rico Commonwealth","Arroyo Municipio",4,43,188,75,113
050,72,015,"Puerto Rico Commonwealth","Arroyo Municipio",4,44,206,97,109
050,72,015,"Puerto Rico Commonwealth","Arroyo Municipio",4,45,227,106,121
050,72,015,"Puerto Rico Commonwealth","Arroyo Municipio",4,46,213,96,117
050,72,015,"Puerto Rico Commonwealth","Arroyo Municipio",4,47,193,85,108
050,72,015,"Puerto Rico Commonwealth","Arroyo Municipio",4,48,199,86,113
050,72,015,"Puerto Rico Commonwealth","Arroyo Municipio",4,49,197,85,112
050,72,015,"Puerto Rico Commonwealth","Arroyo Municipio",4,50,207,91,116
050,72,015,"Puerto Rico Commonwealth","Arroyo Municipio",4,51,210,89,121
050,72,015,"Puerto Rico Commonwealth","Arroyo Municipio",4,52,200,90,110
050,72,015,"Puerto Rico Commonwealth","Arroyo Municipio",4,53,182,82,100
050,72,015,"Puerto Rico Commonwealth","Arroyo Municipio",4,54,191,85,106
050,72,015,"Puerto Rico Commonwealth","Arroyo Municipio",4,55,199,91,108
050,72,015,"Puerto Rico Commonwealth","Arroyo Municipio",4,56,184,83,101
050,72,015,"Puerto Rico Commonwealth","Arroyo Municipio",4,57,180,77,103
050,72,015,"Puerto Rico Commonwealth","Arroyo Municipio",4,58,192,81,111
050,72,015,"Puerto Rico Commonwealth","Arroyo Municipio",4,59,196,83,113
050,72,015,"Puerto Rico Commonwealth","Arroyo Municipio",4,60,185,78,107
050,72,015,"Puerto Rico Commonwealth","Arroyo Municipio",4,61,185,82,103
050,72,015,"Puerto Rico Commonwealth","Arroyo Municipio",4,62,193,88,105
050,72,015,"Puerto Rico Commonwealth","Arroyo Municipio",4,63,177,86,91
050,72,015,"Puerto Rico Commonwealth","Arroyo Municipio",4,64,174,78,96
050,72,015,"Puerto Rico Commonwealth","Arroyo Municipio",4,65,183,78,105
050,72,015,"Puerto Rico Commonwealth","Arroyo Municipio",4,66,209,92,117
050,72,015,"Puerto Rico Commonwealth","Arroyo Municipio",4,67,206,93,113
050,72,015,"Puerto Rico Commonwealth","Arroyo Municipio",4,68,188,89,99
050,72,015,"Puerto Rico Commonwealth","Arroyo Municipio",4,69,186,91,95
050,72,015,"Puerto Rico Commonwealth","Arroyo Municipio",4,70,186,90,96
050,72,015,"Puerto Rico Commonwealth","Arroyo Municipio",4,71,175,75,100
050,72,015,"Puerto Rico Commonwealth","Arroyo Municipio",4,72,180,71,109
050,72,015,"Puerto Rico Commonwealth","Arroyo Municipio",4,73,166,64,102
050,72,015,"Puerto Rico Commonwealth","Arroyo Municipio",4,74,169,75,94
050,72,015,"Puerto Rico Commonwealth","Arroyo Municipio",4,75,166,73,93
050,72,015,"Puerto Rico Commonwealth","Arroyo Municipio",4,76,153,70,83
050,72,015,"Puerto Rico Commonwealth","Arroyo Municipio",4,77,156,71,85
050,72,015,"Puerto Rico Commonwealth","Arroyo Municipio",4,78,139,63,76
050,72,015,"Puerto Rico Commonwealth","Arroyo Municipio",4,79,121,55,66
050,72,015,"Puerto Rico Commonwealth","Arroyo Municipio",4,80,116,54,62
050,72,015,"Puerto Rico Commonwealth","Arroyo Municipio",4,81,104,50,54
050,72,015,"Puerto Rico Commonwealth","Arroyo Municipio",4,82,86,32,54
050,72,015,"Puerto Rico Commonwealth","Arroyo Municipio",4,83,74,28,46
050,72,015,"Puerto Rico Commonwealth","Arroyo Municipio",4,84,76,39,37
050,72,015,"Puerto Rico Commonwealth","Arroyo Municipio",4,85,433,159,274
050,72,015,"Puerto Rico Commonwealth","Arroyo Municipio",5,0,104,54,50
050,72,015,"Puerto Rico Commonwealth","Arroyo Municipio",5,1,101,51,50
050,72,015,"Puerto Rico Commonwealth","Arroyo Municipio",5,2,95,45,50
050,72,015,"Puerto Rico Commonwealth","Arroyo Municipio",5,3,115,54,61
050,72,015,"Puerto Rico Commonwealth","Arroyo Municipio",5,4,102,57,45
050,72,015,"Puerto Rico Commonwealth","Arroyo Municipio",5,5,108,61,47
050,72,015,"Puerto Rico Commonwealth","Arroyo Municipio",5,6,114,58,56
050,72,015,"Puerto Rico Commonwealth","Arroyo Municipio",5,7,121,59,62
050,72,015,"Puerto Rico Commonwealth","Arroyo Municipio",5,8,132,69,63
050,72,015,"Puerto Rico Commonwealth","Arroyo Municipio",5,9,148,71,77
050,72,015,"Puerto Rico Commonwealth","Arroyo Municipio",5,10,160,77,83
050,72,015,"Puerto Rico Commonwealth","Arroyo Municipio",5,11,165,82,83
050,72,015,"Puerto Rico Commonwealth","Arroyo Municipio",5,12,168,76,92
050,72,015,"Puerto Rico Commonwealth","Arroyo Municipio",5,13,190,89,101
050,72,015,"Puerto Rico Commonwealth","Arroyo Municipio",5,14,202,102,100
050,72,015,"Puerto Rico Commonwealth","Arroyo Municipio",5,15,197,98,99
050,72,015,"Puerto Rico Commonwealth","Arroyo Municipio",5,16,196,93,103
050,72,015,"Puerto Rico Commonwealth","Arroyo Municipio",5,17,200,96,104
050,72,015,"Puerto Rico Commonwealth","Arroyo Municipio",5,18,187,92,95
050,72,015,"Puerto Rico Commonwealth","Arroyo Municipio",5,19,187,92,95
050,72,015,"Puerto Rico Commonwealth","Arroyo Municipio",5,20,183,92,91
050,72,015,"Puerto Rico Commonwealth","Arroyo Municipio",5,21,193,93,100
050,72,015,"Puerto Rico Commonwealth","Arroyo Municipio",5,22,195,93,102
050,72,015,"Puerto Rico Commonwealth","Arroyo Municipio",5,23,190,98,92
050,72,015,"Puerto Rico Commonwealth","Arroyo Municipio",5,24,176,87,89
050,72,015,"Puerto Rico Commonwealth","Arroyo Municipio",5,25,179,79,100
050,72,015,"Puerto Rico Commonwealth","Arroyo Municipio",5,26,195,84,111
050,72,015,"Puerto Rico Commonwealth","Arroyo Municipio",5,27,186,78,108
050,72,015,"Puerto Rico Commonwealth","Arroyo Municipio",5,28,196,94,102
050,72,015,"Puerto Rico Commonwealth","Arroyo Municipio",5,29,203,90,113
050,72,015,"Puerto Rico Commonwealth","Arroyo Municipio",5,30,201,85,116
050,72,015,"Puerto Rico Commonwealth","Arroyo Municipio",5,31,198,91,107
050,72,015,"Puerto Rico Commonwealth","Arroyo Municipio",5,32,211,103,108
050,72,015,"Puerto Rico Commonwealth","Arroyo Municipio",5,33,212,99,113
050,72,015,"Puerto Rico Commonwealth","Arroyo Municipio",5,34,181,82,99
050,72,015,"Puerto Rico Commonwealth","Arroyo Municipio",5,35,174,78,96
050,72,015,"Puerto Rico Commonwealth","Arroyo Municipio",5,36,174,78,96
050,72,015,"Puerto Rico Commonwealth","Arroyo Municipio",5,37,182,86,96
050,72,015,"Puerto Rico Commonwealth","Arroyo Municipio",5,38,180,83,97
050,72,015,"Puerto Rico Commonwealth","Arroyo Municipio",5,39,185,87,98
050,72,015,"Puerto Rico Commonwealth","Arroyo Municipio",5,40,191,86,105
050,72,015,"Puerto Rico Commonwealth","Arroyo Municipio",5,41,189,81,108
050,72,015,"Puerto Rico Commonwealth","Arroyo Municipio",5,42,201,86,115
050,72,015,"Puerto Rico Commonwealth","Arroyo Municipio",5,43,189,74,115
050,72,015,"Puerto Rico Commonwealth","Arroyo Municipio",5,44,185,74,111
050,72,015,"Puerto Rico Commonwealth","Arroyo Municipio",5,45,204,96,108
050,72,015,"Puerto Rico Commonwealth","Arroyo Municipio",5,46,226,106,120
050,72,015,"Puerto Rico Commonwealth","Arroyo Municipio",5,47,211,95,116
050,72,015,"Puerto Rico Commonwealth","Arroyo Municipio",5,48,189,82,107
050,72,015,"Puerto Rico Commonwealth","Arroyo Municipio",5,49,197,85,112
050,72,015,"Puerto Rico Commonwealth","Arroyo Municipio",5,50,194,83,111
050,72,015,"Puerto Rico Commonwealth","Arroyo Municipio",5,51,206,91,115
050,72,015,"Puerto Rico Commonwealth","Arroyo Municipio",5,52,206,88,118
050,72,015,"Puerto Rico Commonwealth","Arroyo Municipio",5,53,199,90,109
050,72,015,"Puerto Rico Commonwealth","Arroyo Municipio",5,54,178,80,98
050,72,015,"Puerto Rico Commonwealth","Arroyo Municipio",5,55,189,84,105
050,72,015,"Puerto Rico Commonwealth","Arroyo Municipio",5,56,197,90,107
050,72,015,"Puerto Rico Commonwealth","Arroyo Municipio",5,57,179,81,98
050,72,015,"Puerto Rico Commonwealth","Arroyo Municipio",5,58,179,77,102
050,72,015,"Puerto Rico Commonwealth","Arroyo Municipio",5,59,189,80,109
050,72,015,"Puerto Rico Commonwealth","Arroyo Municipio",5,60,194,82,112
050,72,015,"Puerto Rico Commonwealth","Arroyo Municipio",5,61,182,76,106
050,72,015,"Puerto Rico Commonwealth","Arroyo Municipio",5,62,182,80,102
050,72,015,"Puerto Rico Commonwealth","Arroyo Municipio",5,63,188,84,104
050,72,015,"Puerto Rico Commonwealth","Arroyo Municipio",5,64,173,84,89
050,72,015,"Puerto Rico Commonwealth","Arroyo Municipio",5,65,171,77,94
050,72,015,"Puerto Rico Commonwealth","Arroyo Municipio",5,66,179,76,103
050,72,015,"Puerto Rico Commonwealth","Arroyo Municipio",5,67,206,91,115
050,72,015,"Puerto Rico Commonwealth","Arroyo Municipio",5,68,200,90,110
050,72,015,"Puerto Rico Commonwealth","Arroyo Municipio",5,69,185,87,98
050,72,015,"Puerto Rico Commonwealth","Arroyo Municipio",5,70,179,87,92
050,72,015,"Puerto Rico Commonwealth","Arroyo Municipio",5,71,181,87,94
050,72,015,"Puerto Rico Commonwealth","Arroyo Municipio",5,72,169,72,97
050,72,015,"Puerto Rico Commonwealth","Arroyo Municipio",5,73,175,69,106
050,72,015,"Puerto Rico Commonwealth","Arroyo Municipio",5,74,160,60,100
050,72,015,"Puerto Rico Commonwealth","Arroyo Municipio",5,75,159,72,87
050,72,015,"Puerto Rico Commonwealth","Arroyo Municipio",5,76,159,71,88
050,72,015,"Puerto Rico Commonwealth","Arroyo Municipio",5,77,142,65,77
050,72,015,"Puerto Rico Commonwealth","Arroyo Municipio",5,78,148,68,80
050,72,015,"Puerto Rico Commonwealth","Arroyo Municipio",5,79,134,62,72
050,72,015,"Puerto Rico Commonwealth","Arroyo Municipio",5,80,116,54,62
050,72,015,"Puerto Rico Commonwealth","Arroyo Municipio",5,81,110,49,61
050,72,015,"Puerto Rico Commonwealth","Arroyo Municipio",5,82,97,45,52
050,72,015,"Puerto Rico Commonwealth","Arroyo Municipio",5,83,82,29,53
050,72,015,"Puerto Rico Commonwealth","Arroyo Municipio",5,84,67,25,42
050,72,015,"Puerto Rico Commonwealth","Arroyo Municipio",5,85,456,185,271
050,72,017,"Puerto Rico Commonwealth","Barceloneta Municipio",1,0,135,67,68
050,72,017,"Puerto Rico Commonwealth","Barceloneta Municipio",1,1,140,73,67
050,72,017,"Puerto Rico Commonwealth","Barceloneta Municipio",1,2,162,78,84
050,72,017,"Puerto Rico Commonwealth","Barceloneta Municipio",1,3,199,102,97
050,72,017,"Puerto Rico Commonwealth","Barceloneta Municipio",1,4,191,105,86
050,72,017,"Puerto Rico Commonwealth","Barceloneta Municipio",1,5,202,102,100
050,72,017,"Puerto Rico Commonwealth","Barceloneta Municipio",1,6,251,127,124
050,72,017,"Puerto Rico Commonwealth","Barceloneta Municipio",1,7,252,125,127
050,72,017,"Puerto Rico Commonwealth","Barceloneta Municipio",1,8,236,117,119
050,72,017,"Puerto Rico Commonwealth","Barceloneta Municipio",1,9,226,121,105
050,72,017,"Puerto Rico Commonwealth","Barceloneta Municipio",1,10,226,120,106
050,72,017,"Puerto Rico Commonwealth","Barceloneta Municipio",1,11,226,114,112
050,72,017,"Puerto Rico Commonwealth","Barceloneta Municipio",1,12,257,133,124
050,72,017,"Puerto Rico Commonwealth","Barceloneta Municipio",1,13,254,126,128
050,72,017,"Puerto Rico Commonwealth","Barceloneta Municipio",1,14,269,133,136
050,72,017,"Puerto Rico Commonwealth","Barceloneta Municipio",1,15,276,143,133
050,72,017,"Puerto Rico Commonwealth","Barceloneta Municipio",1,16,272,133,139
050,72,017,"Puerto Rico Commonwealth","Barceloneta Municipio",1,17,286,142,144
050,72,017,"Puerto Rico Commonwealth","Barceloneta Municipio",1,18,293,145,148
050,72,017,"Puerto Rico Commonwealth","Barceloneta Municipio",1,19,308,159,149
050,72,017,"Puerto Rico Commonwealth","Barceloneta Municipio",1,20,313,159,154
050,72,017,"Puerto Rico Commonwealth","Barceloneta Municipio",1,21,300,148,152
050,72,017,"Puerto Rico Commonwealth","Barceloneta Municipio",1,22,303,149,154
050,72,017,"Puerto Rico Commonwealth","Barceloneta Municipio",1,23,308,148,160
050,72,017,"Puerto Rico Commonwealth","Barceloneta Municipio",1,24,323,155,168
050,72,017,"Puerto Rico Commonwealth","Barceloneta Municipio",1,25,334,147,187
050,72,017,"Puerto Rico Commonwealth","Barceloneta Municipio",1,26,352,154,198
050,72,017,"Puerto Rico Commonwealth","Barceloneta Municipio",1,27,345,155,190
050,72,017,"Puerto Rico Commonwealth","Barceloneta Municipio",1,28,351,168,183
050,72,017,"Puerto Rico Commonwealth","Barceloneta Municipio",1,29,351,177,174
050,72,017,"Puerto Rico Commonwealth","Barceloneta Municipio",1,30,336,164,172
050,72,017,"Puerto Rico Commonwealth","Barceloneta Municipio",1,31,300,138,162
050,72,017,"Puerto Rico Commonwealth","Barceloneta Municipio",1,32,272,118,154
050,72,017,"Puerto Rico Commonwealth","Barceloneta Municipio",1,33,252,119,133
050,72,017,"Puerto Rico Commonwealth","Barceloneta Municipio",1,34,243,118,125
050,72,017,"Puerto Rico Commonwealth","Barceloneta Municipio",1,35,246,113,133
050,72,017,"Puerto Rico Commonwealth","Barceloneta Municipio",1,36,261,118,143
050,72,017,"Puerto Rico Commonwealth","Barceloneta Municipio",1,37,287,135,152
050,72,017,"Puerto Rico Commonwealth","Barceloneta Municipio",1,38,286,134,152
050,72,017,"Puerto Rico Commonwealth","Barceloneta Municipio",1,39,285,134,151
050,72,017,"Puerto Rico Commonwealth","Barceloneta Municipio",1,40,317,155,162
050,72,017,"Puerto Rico Commonwealth","Barceloneta Municipio",1,41,331,147,184
050,72,017,"Puerto Rico Commonwealth","Barceloneta Municipio",1,42,335,145,190
050,72,017,"Puerto Rico Commonwealth","Barceloneta Municipio",1,43,340,145,195
050,72,017,"Puerto Rico Commonwealth","Barceloneta Municipio",1,44,321,147,174
050,72,017,"Puerto Rico Commonwealth","Barceloneta Municipio",1,45,306,148,158
050,72,017,"Puerto Rico Commonwealth","Barceloneta Municipio",1,46,306,147,159
050,72,017,"Puerto Rico Commonwealth","Barceloneta Municipio",1,47,319,146,173
050,72,017,"Puerto Rico Commonwealth","Barceloneta Municipio",1,48,332,154,178
050,72,017,"Puerto Rico Commonwealth","Barceloneta Municipio",1,49,303,141,162
050,72,017,"Puerto Rico Commonwealth","Barceloneta Municipio",1,50,305,140,165
050,72,017,"Puerto Rico Commonwealth","Barceloneta Municipio",1,51,281,132,149
050,72,017,"Puerto Rico Commonwealth","Barceloneta Municipio",1,52,281,132,149
050,72,017,"Puerto Rico Commonwealth","Barceloneta Municipio",1,53,311,144,167
050,72,017,"Puerto Rico Commonwealth","Barceloneta Municipio",1,54,313,145,168
050,72,017,"Puerto Rico Commonwealth","Barceloneta Municipio",1,55,293,137,156
050,72,017,"Puerto Rico Commonwealth","Barceloneta Municipio",1,56,266,123,143
050,72,017,"Puerto Rico Commonwealth","Barceloneta Municipio",1,57,266,113,153
050,72,017,"Puerto Rico Commonwealth","Barceloneta Municipio",1,58,265,120,145
050,72,017,"Puerto Rico Commonwealth","Barceloneta Municipio",1,59,261,125,136
050,72,017,"Puerto Rico Commonwealth","Barceloneta Municipio",1,60,242,118,124
050,72,017,"Puerto Rico Commonwealth","Barceloneta Municipio",1,61,228,109,119
050,72,017,"Puerto Rico Commonwealth","Barceloneta Municipio",1,62,245,113,132
050,72,017,"Puerto Rico Commonwealth","Barceloneta Municipio",1,63,249,123,126
050,72,017,"Puerto Rico Commonwealth","Barceloneta Municipio",1,64,256,123,133
050,72,017,"Puerto Rico Commonwealth","Barceloneta Municipio",1,65,258,124,134
050,72,017,"Puerto Rico Commonwealth","Barceloneta Municipio",1,66,237,113,124
050,72,017,"Puerto Rico Commonwealth","Barceloneta Municipio",1,67,224,103,121
050,72,017,"Puerto Rico Commonwealth","Barceloneta Municipio",1,68,227,99,128
050,72,017,"Puerto Rico Commonwealth","Barceloneta Municipio",1,69,241,111,130
050,72,017,"Puerto Rico Commonwealth","Barceloneta Municipio",1,70,252,112,140
050,72,017,"Puerto Rico Commonwealth","Barceloneta Municipio",1,71,260,119,141
050,72,017,"Puerto Rico Commonwealth","Barceloneta Municipio",1,72,260,113,147
050,72,017,"Puerto Rico Commonwealth","Barceloneta Municipio",1,73,256,115,141
050,72,017,"Puerto Rico Commonwealth","Barceloneta Municipio",1,74,244,113,131
050,72,017,"Puerto Rico Commonwealth","Barceloneta Municipio",1,75,227,105,122
050,72,017,"Puerto Rico Commonwealth","Barceloneta Municipio",1,76,205,97,108
050,72,017,"Puerto Rico Commonwealth","Barceloneta Municipio",1,77,189,92,97
050,72,017,"Puerto Rico Commonwealth","Barceloneta Municipio",1,78,185,88,97
050,72,017,"Puerto Rico Commonwealth","Barceloneta Municipio",1,79,158,75,83
050,72,017,"Puerto Rico Commonwealth","Barceloneta Municipio",1,80,152,59,93
050,72,017,"Puerto Rico Commonwealth","Barceloneta Municipio",1,81,129,52,77
050,72,017,"Puerto Rico Commonwealth","Barceloneta Municipio",1,82,118,55,63
050,72,017,"Puerto Rico Commonwealth","Barceloneta Municipio",1,83,116,50,66
050,72,017,"Puerto Rico Commonwealth","Barceloneta Municipio",1,84,101,48,53
050,72,017,"Puerto Rico Commonwealth","Barceloneta Municipio",1,85,637,259,378
050,72,017,"Puerto Rico Commonwealth","Barceloneta Municipio",2,0,149,69,80
050,72,017,"Puerto Rico Commonwealth","Barceloneta Municipio",2,1,139,72,67
050,72,017,"Puerto Rico Commonwealth","Barceloneta Municipio",2,2,157,77,80
050,72,017,"Puerto Rico Commonwealth","Barceloneta Municipio",2,3,190,96,94
050,72,017,"Puerto Rico Commonwealth","Barceloneta Municipio",2,4,193,104,89
050,72,017,"Puerto Rico Commonwealth","Barceloneta Municipio",2,5,199,103,96
050,72,017,"Puerto Rico Commonwealth","Barceloneta Municipio",2,6,238,120,118
050,72,017,"Puerto Rico Commonwealth","Barceloneta Municipio",2,7,252,126,126
050,72,017,"Puerto Rico Commonwealth","Barceloneta Municipio",2,8,240,119,121
050,72,017,"Puerto Rico Commonwealth","Barceloneta Municipio",2,9,229,120,109
050,72,017,"Puerto Rico Commonwealth","Barceloneta Municipio",2,10,226,120,106
050,72,017,"Puerto Rico Commonwealth","Barceloneta Municipio",2,11,226,116,110
050,72,017,"Puerto Rico Commonwealth","Barceloneta Municipio",2,12,249,128,121
050,72,017,"Puerto Rico Commonwealth","Barceloneta Municipio",2,13,255,128,127
050,72,017,"Puerto Rico Commonwealth","Barceloneta Municipio",2,14,265,131,134
050,72,017,"Puerto Rico Commonwealth","Barceloneta Municipio",2,15,274,140,134
050,72,017,"Puerto Rico Commonwealth","Barceloneta Municipio",2,16,273,136,137
050,72,017,"Puerto Rico Commonwealth","Barceloneta Municipio",2,17,283,140,143
050,72,017,"Puerto Rico Commonwealth","Barceloneta Municipio",2,18,291,144,147
050,72,017,"Puerto Rico Commonwealth","Barceloneta Municipio",2,19,304,155,149
050,72,017,"Puerto Rico Commonwealth","Barceloneta Municipio",2,20,312,159,153
050,72,017,"Puerto Rico Commonwealth","Barceloneta Municipio",2,21,303,151,152
050,72,017,"Puerto Rico Commonwealth","Barceloneta Municipio",2,22,304,149,155
050,72,017,"Puerto Rico Commonwealth","Barceloneta Municipio",2,23,307,148,159
050,72,017,"Puerto Rico Commonwealth","Barceloneta Municipio",2,24,320,153,167
050,72,017,"Puerto Rico Commonwealth","Barceloneta Municipio",2,25,332,149,183
050,72,017,"Puerto Rico Commonwealth","Barceloneta Municipio",2,26,350,153,197
050,72,017,"Puerto Rico Commonwealth","Barceloneta Municipio",2,27,347,154,193
050,72,017,"Puerto Rico Commonwealth","Barceloneta Municipio",2,28,349,165,184
050,72,017,"Puerto Rico Commonwealth","Barceloneta Municipio",2,29,352,175,177
050,72,017,"Puerto Rico Commonwealth","Barceloneta Municipio",2,30,339,167,172
050,72,017,"Puerto Rico Commonwealth","Barceloneta Municipio",2,31,310,145,165
050,72,017,"Puerto Rico Commonwealth","Barceloneta Municipio",2,32,278,122,156
050,72,017,"Puerto Rico Commonwealth","Barceloneta Municipio",2,33,256,118,138
050,72,017,"Puerto Rico Commonwealth","Barceloneta Municipio",2,34,246,119,127
050,72,017,"Puerto Rico Commonwealth","Barceloneta Municipio",2,35,245,114,131
050,72,017,"Puerto Rico Commonwealth","Barceloneta Municipio",2,36,257,117,140
050,72,017,"Puerto Rico Commonwealth","Barceloneta Municipio",2,37,280,130,150
050,72,017,"Puerto Rico Commonwealth","Barceloneta Municipio",2,38,287,135,152
050,72,017,"Puerto Rico Commonwealth","Barceloneta Municipio",2,39,285,134,151
050,72,017,"Puerto Rico Commonwealth","Barceloneta Municipio",2,40,310,150,160
050,72,017,"Puerto Rico Commonwealth","Barceloneta Municipio",2,41,327,149,178
050,72,017,"Puerto Rico Commonwealth","Barceloneta Municipio",2,42,335,146,189
050,72,017,"Puerto Rico Commonwealth","Barceloneta Municipio",2,43,338,145,193
050,72,017,"Puerto Rico Commonwealth","Barceloneta Municipio",2,44,325,145,180
050,72,017,"Puerto Rico Commonwealth","Barceloneta Municipio",2,45,309,147,162
050,72,017,"Puerto Rico Commonwealth","Barceloneta Municipio",2,46,305,147,158
050,72,017,"Puerto Rico Commonwealth","Barceloneta Municipio",2,47,316,146,170
050,72,017,"Puerto Rico Commonwealth","Barceloneta Municipio",2,48,329,152,177
050,72,017,"Puerto Rico Commonwealth","Barceloneta Municipio",2,49,310,144,166
050,72,017,"Puerto Rico Commonwealth","Barceloneta Municipio",2,50,304,140,164
050,72,017,"Puerto Rico Commonwealth","Barceloneta Municipio",2,51,286,133,153
050,72,017,"Puerto Rico Commonwealth","Barceloneta Municipio",2,52,281,132,149
050,72,017,"Puerto Rico Commonwealth","Barceloneta Municipio",2,53,303,141,162
050,72,017,"Puerto Rico Commonwealth","Barceloneta Municipio",2,54,313,145,168
050,72,017,"Puerto Rico Commonwealth","Barceloneta Municipio",2,55,298,139,159
050,72,017,"Puerto Rico Commonwealth","Barceloneta Municipio",2,56,272,126,146
050,72,017,"Puerto Rico Commonwealth","Barceloneta Municipio",2,57,266,115,151
050,72,017,"Puerto Rico Commonwealth","Barceloneta Municipio",2,58,265,118,147
050,72,017,"Puerto Rico Commonwealth","Barceloneta Municipio",2,59,262,124,138
050,72,017,"Puerto Rico Commonwealth","Barceloneta Municipio",2,60,247,120,127
050,72,017,"Puerto Rico Commonwealth","Barceloneta Municipio",2,61,231,111,120
050,72,017,"Puerto Rico Commonwealth","Barceloneta Municipio",2,62,241,112,129
050,72,017,"Puerto Rico Commonwealth","Barceloneta Municipio",2,63,248,120,128
050,72,017,"Puerto Rico Commonwealth","Barceloneta Municipio",2,64,252,123,129
050,72,017,"Puerto Rico Commonwealth","Barceloneta Municipio",2,65,258,124,134
050,72,017,"Puerto Rico Commonwealth","Barceloneta Municipio",2,66,242,116,126
050,72,017,"Puerto Rico Commonwealth","Barceloneta Municipio",2,67,225,105,120
050,72,017,"Puerto Rico Commonwealth","Barceloneta Municipio",2,68,224,98,126
050,72,017,"Puerto Rico Commonwealth","Barceloneta Municipio",2,69,236,107,129
050,72,017,"Puerto Rico Commonwealth","Barceloneta Municipio",2,70,247,111,136
050,72,017,"Puerto Rico Commonwealth","Barceloneta Municipio",2,71,257,116,141
050,72,017,"Puerto Rico Commonwealth","Barceloneta Municipio",2,72,256,113,143
050,72,017,"Puerto Rico Commonwealth","Barceloneta Municipio",2,73,256,113,143
050,72,017,"Puerto Rico Commonwealth","Barceloneta Municipio",2,74,246,114,132
050,72,017,"Puerto Rico Commonwealth","Barceloneta Municipio",2,75,231,107,124
050,72,017,"Puerto Rico Commonwealth","Barceloneta Municipio",2,76,208,97,111
050,72,017,"Puerto Rico Commonwealth","Barceloneta Municipio",2,77,193,93,100
050,72,017,"Puerto Rico Commonwealth","Barceloneta Municipio",2,78,185,88,97
050,72,017,"Puerto Rico Commonwealth","Barceloneta Municipio",2,79,162,77,85
050,72,017,"Puerto Rico Commonwealth","Barceloneta Municipio",2,80,154,63,91
050,72,017,"Puerto Rico Commonwealth","Barceloneta Municipio",2,81,135,54,81
050,72,017,"Puerto Rico Commonwealth","Barceloneta Municipio",2,82,119,53,66
050,72,017,"Puerto Rico Commonwealth","Barceloneta Municipio",2,83,116,51,65
050,72,017,"Puerto Rico Commonwealth","Barceloneta Municipio",2,84,104,48,56
050,72,017,"Puerto Rico Commonwealth","Barceloneta Municipio",2,85,651,266,385
050,72,017,"Puerto Rico Commonwealth","Barceloneta Municipio",3,0,131,74,57
050,72,017,"Puerto Rico Commonwealth","Barceloneta Municipio",3,1,151,70,81
050,72,017,"Puerto Rico Commonwealth","Barceloneta Municipio",3,2,137,71,66
050,72,017,"Puerto Rico Commonwealth","Barceloneta Municipio",3,3,155,76,79
050,72,017,"Puerto Rico Commonwealth","Barceloneta Municipio",3,4,190,96,94
050,72,017,"Puerto Rico Commonwealth","Barceloneta Municipio",3,5,192,104,88
050,72,017,"Puerto Rico Commonwealth","Barceloneta Municipio",3,6,197,102,95
050,72,017,"Puerto Rico Commonwealth","Barceloneta Municipio",3,7,236,119,117
050,72,017,"Puerto Rico Commonwealth","Barceloneta Municipio",3,8,251,126,125
050,72,017,"Puerto Rico Commonwealth","Barceloneta Municipio",3,9,240,119,121
050,72,017,"Puerto Rico Commonwealth","Barceloneta Municipio",3,10,229,120,109
050,72,017,"Puerto Rico Commonwealth","Barceloneta Municipio",3,11,223,118,105
050,72,017,"Puerto Rico Commonwealth","Barceloneta Municipio",3,12,224,115,109
050,72,017,"Puerto Rico Commonwealth","Barceloneta Municipio",3,13,248,127,121
050,72,017,"Puerto Rico Commonwealth","Barceloneta Municipio",3,14,254,127,127
050,72,017,"Puerto Rico Commonwealth","Barceloneta Municipio",3,15,264,129,135
050,72,017,"Puerto Rico Commonwealth","Barceloneta Municipio",3,16,273,139,134
050,72,017,"Puerto Rico Commonwealth","Barceloneta Municipio",3,17,272,135,137
050,72,017,"Puerto Rico Commonwealth","Barceloneta Municipio",3,18,280,137,143
050,72,017,"Puerto Rico Commonwealth","Barceloneta Municipio",3,19,290,143,147
050,72,017,"Puerto Rico Commonwealth","Barceloneta Municipio",3,20,307,155,152
050,72,017,"Puerto Rico Commonwealth","Barceloneta Municipio",3,21,315,160,155
050,72,017,"Puerto Rico Commonwealth","Barceloneta Municipio",3,22,306,151,155
050,72,017,"Puerto Rico Commonwealth","Barceloneta Municipio",3,23,310,151,159
050,72,017,"Puerto Rico Commonwealth","Barceloneta Municipio",3,24,312,149,163
050,72,017,"Puerto Rico Commonwealth","Barceloneta Municipio",3,25,324,154,170
050,72,017,"Puerto Rico Commonwealth","Barceloneta Municipio",3,26,336,150,186
050,72,017,"Puerto Rico Commonwealth","Barceloneta Municipio",3,27,354,154,200
050,72,017,"Puerto Rico Commonwealth","Barceloneta Municipio",3,28,352,156,196
050,72,017,"Puerto Rico Commonwealth","Barceloneta Municipio",3,29,351,165,186
050,72,017,"Puerto Rico Commonwealth","Barceloneta Municipio",3,30,356,177,179
050,72,017,"Puerto Rico Commonwealth","Barceloneta Municipio",3,31,344,171,173
050,72,017,"Puerto Rico Commonwealth","Barceloneta Municipio",3,32,311,145,166
050,72,017,"Puerto Rico Commonwealth","Barceloneta Municipio",3,33,281,123,158
050,72,017,"Puerto Rico Commonwealth","Barceloneta Municipio",3,34,255,117,138
050,72,017,"Puerto Rico Commonwealth","Barceloneta Municipio",3,35,248,121,127
050,72,017,"Puerto Rico Commonwealth","Barceloneta Municipio",3,36,245,114,131
050,72,017,"Puerto Rico Commonwealth","Barceloneta Municipio",3,37,258,118,140
050,72,017,"Puerto Rico Commonwealth","Barceloneta Municipio",3,38,280,130,150
050,72,017,"Puerto Rico Commonwealth","Barceloneta Municipio",3,39,288,137,151
050,72,017,"Puerto Rico Commonwealth","Barceloneta Municipio",3,40,289,138,151
050,72,017,"Puerto Rico Commonwealth","Barceloneta Municipio",3,41,306,146,160
050,72,017,"Puerto Rico Commonwealth","Barceloneta Municipio",3,42,328,150,178
050,72,017,"Puerto Rico Commonwealth","Barceloneta Municipio",3,43,335,146,189
050,72,017,"Puerto Rico Commonwealth","Barceloneta Municipio",3,44,337,144,193
050,72,017,"Puerto Rico Commonwealth","Barceloneta Municipio",3,45,325,145,180
050,72,017,"Puerto Rico Commonwealth","Barceloneta Municipio",3,46,309,147,162
050,72,017,"Puerto Rico Commonwealth","Barceloneta Municipio",3,47,306,148,158
050,72,017,"Puerto Rico Commonwealth","Barceloneta Municipio",3,48,317,147,170
050,72,017,"Puerto Rico Commonwealth","Barceloneta Municipio",3,49,329,152,177
050,72,017,"Puerto Rico Commonwealth","Barceloneta Municipio",3,50,310,144,166
050,72,017,"Puerto Rico Commonwealth","Barceloneta Municipio",3,51,305,141,164
050,72,017,"Puerto Rico Commonwealth","Barceloneta Municipio",3,52,286,134,152
050,72,017,"Puerto Rico Commonwealth","Barceloneta Municipio",3,53,279,132,147
050,72,017,"Puerto Rico Commonwealth","Barceloneta Municipio",3,54,298,137,161
050,72,017,"Puerto Rico Commonwealth","Barceloneta Municipio",3,55,311,145,166
050,72,017,"Puerto Rico Commonwealth","Barceloneta Municipio",3,56,296,139,157
050,72,017,"Puerto Rico Commonwealth","Barceloneta Municipio",3,57,273,126,147
050,72,017,"Puerto Rico Commonwealth","Barceloneta Municipio",3,58,258,112,146
050,72,017,"Puerto Rico Commonwealth","Barceloneta Municipio",3,59,264,117,147
050,72,017,"Puerto Rico Commonwealth","Barceloneta Municipio",3,60,262,124,138
050,72,017,"Puerto Rico Commonwealth","Barceloneta Municipio",3,61,244,117,127
050,72,017,"Puerto Rico Commonwealth","Barceloneta Municipio",3,62,227,108,119
050,72,017,"Puerto Rico Commonwealth","Barceloneta Municipio",3,63,240,112,128
050,72,017,"Puerto Rico Commonwealth","Barceloneta Municipio",3,64,243,116,127
050,72,017,"Puerto Rico Commonwealth","Barceloneta Municipio",3,65,248,120,128
050,72,017,"Puerto Rico Commonwealth","Barceloneta Municipio",3,66,256,123,133
050,72,017,"Puerto Rico Commonwealth","Barceloneta Municipio",3,67,238,113,125
050,72,017,"Puerto Rico Commonwealth","Barceloneta Municipio",3,68,219,102,117
050,72,017,"Puerto Rico Commonwealth","Barceloneta Municipio",3,69,223,98,125
050,72,017,"Puerto Rico Commonwealth","Barceloneta Municipio",3,70,234,106,128
050,72,017,"Puerto Rico Commonwealth","Barceloneta Municipio",3,71,244,111,133
050,72,017,"Puerto Rico Commonwealth","Barceloneta Municipio",3,72,252,111,141
050,72,017,"Puerto Rico Commonwealth","Barceloneta Municipio",3,73,256,116,140
050,72,017,"Puerto Rico Commonwealth","Barceloneta Municipio",3,74,244,106,138
050,72,017,"Puerto Rico Commonwealth","Barceloneta Municipio",3,75,242,111,131
050,72,017,"Puerto Rico Commonwealth","Barceloneta Municipio",3,76,227,103,124
050,72,017,"Puerto Rico Commonwealth","Barceloneta Municipio",3,77,199,92,107
050,72,017,"Puerto Rico Commonwealth","Barceloneta Municipio",3,78,188,89,99
050,72,017,"Puerto Rico Commonwealth","Barceloneta Municipio",3,79,178,85,93
050,72,017,"Puerto Rico Commonwealth","Barceloneta Municipio",3,80,154,71,83
050,72,017,"Puerto Rico Commonwealth","Barceloneta Municipio",3,81,139,55,84
050,72,017,"Puerto Rico Commonwealth","Barceloneta Municipio",3,82,130,52,78
050,72,017,"Puerto Rico Commonwealth","Barceloneta Municipio",3,83,114,50,64
050,72,017,"Puerto Rico Commonwealth","Barceloneta Municipio",3,84,111,50,61
050,72,017,"Puerto Rico Commonwealth","Barceloneta Municipio",3,85,689,284,405
050,72,017,"Puerto Rico Commonwealth","Barceloneta Municipio",4,0,158,87,71
050,72,017,"Puerto Rico Commonwealth","Barceloneta Municipio",4,1,129,74,55
050,72,017,"Puerto Rico Commonwealth","Barceloneta Municipio",4,2,147,68,79
050,72,017,"Puerto Rico Commonwealth","Barceloneta Municipio",4,3,134,70,64
050,72,017,"Puerto Rico Commonwealth","Barceloneta Municipio",4,4,151,74,77
050,72,017,"Puerto Rico Commonwealth","Barceloneta Municipio",4,5,186,94,92
050,72,017,"Puerto Rico Commonwealth","Barceloneta Municipio",4,6,188,102,86
050,72,017,"Puerto Rico Commonwealth","Barceloneta Municipio",4,7,193,100,93
050,72,017,"Puerto Rico Commonwealth","Barceloneta Municipio",4,8,232,117,115
050,72,017,"Puerto Rico Commonwealth","Barceloneta Municipio",4,9,247,124,123
050,72,017,"Puerto Rico Commonwealth","Barceloneta Municipio",4,10,237,118,119
050,72,017,"Puerto Rico Commonwealth","Barceloneta Municipio",4,11,223,116,107
050,72,017,"Puerto Rico Commonwealth","Barceloneta Municipio",4,12,219,116,103
050,72,017,"Puerto Rico Commonwealth","Barceloneta Municipio",4,13,220,112,108
050,72,017,"Puerto Rico Commonwealth","Barceloneta Municipio",4,14,244,124,120
050,72,017,"Puerto Rico Commonwealth","Barceloneta Municipio",4,15,250,124,126
050,72,017,"Puerto Rico Commonwealth","Barceloneta Municipio",4,16,260,126,134
050,72,017,"Puerto Rico Commonwealth","Barceloneta Municipio",4,17,268,135,133
050,72,017,"Puerto Rico Commonwealth","Barceloneta Municipio",4,18,265,130,135
050,72,017,"Puerto Rico Commonwealth","Barceloneta Municipio",4,19,273,133,140
050,72,017,"Puerto Rico Commonwealth","Barceloneta Municipio",4,20,287,139,148
050,72,017,"Puerto Rico Commonwealth","Barceloneta Municipio",4,21,304,152,152
050,72,017,"Puerto Rico Commonwealth","Barceloneta Municipio",4,22,314,158,156
050,72,017,"Puerto Rico Commonwealth","Barceloneta Municipio",4,23,307,150,157
050,72,017,"Puerto Rico Commonwealth","Barceloneta Municipio",4,24,312,151,161
050,72,017,"Puerto Rico Commonwealth","Barceloneta Municipio",4,25,312,147,165
050,72,017,"Puerto Rico Commonwealth","Barceloneta Municipio",4,26,324,153,171
050,72,017,"Puerto Rico Commonwealth","Barceloneta Municipio",4,27,337,150,187
050,72,017,"Puerto Rico Commonwealth","Barceloneta Municipio",4,28,353,153,200
050,72,017,"Puerto Rico Commonwealth","Barceloneta Municipio",4,29,349,153,196
050,72,017,"Puerto Rico Commonwealth","Barceloneta Municipio",4,30,349,163,186
050,72,017,"Puerto Rico Commonwealth","Barceloneta Municipio",4,31,356,178,178
050,72,017,"Puerto Rico Commonwealth","Barceloneta Municipio",4,32,341,169,172
050,72,017,"Puerto Rico Commonwealth","Barceloneta Municipio",4,33,309,143,166
050,72,017,"Puerto Rico Commonwealth","Barceloneta Municipio",4,34,277,121,156
050,72,017,"Puerto Rico Commonwealth","Barceloneta Municipio",4,35,253,116,137
050,72,017,"Puerto Rico Commonwealth","Barceloneta Municipio",4,36,244,119,125
050,72,017,"Puerto Rico Commonwealth","Barceloneta Municipio",4,37,242,112,130
050,72,017,"Puerto Rico Commonwealth","Barceloneta Municipio",4,38,254,115,139
050,72,017,"Puerto Rico Commonwealth","Barceloneta Municipio",4,39,278,129,149
050,72,017,"Puerto Rico Commonwealth","Barceloneta Municipio",4,40,288,139,149
050,72,017,"Puerto Rico Commonwealth","Barceloneta Municipio",4,41,283,133,150
050,72,017,"Puerto Rico Commonwealth","Barceloneta Municipio",4,42,304,145,159
050,72,017,"Puerto Rico Commonwealth","Barceloneta Municipio",4,43,326,149,177
050,72,017,"Puerto Rico Commonwealth","Barceloneta Municipio",4,44,334,146,188
050,72,017,"Puerto Rico Commonwealth","Barceloneta Municipio",4,45,335,143,192
050,72,017,"Puerto Rico Commonwealth","Barceloneta Municipio",4,46,323,144,179
050,72,017,"Puerto Rico Commonwealth","Barceloneta Municipio",4,47,307,147,160
050,72,017,"Puerto Rico Commonwealth","Barceloneta Municipio",4,48,302,145,157
050,72,017,"Puerto Rico Commonwealth","Barceloneta Municipio",4,49,312,144,168
050,72,017,"Puerto Rico Commonwealth","Barceloneta Municipio",4,50,327,151,176
050,72,017,"Puerto Rico Commonwealth","Barceloneta Municipio",4,51,308,144,164
050,72,017,"Puerto Rico Commonwealth","Barceloneta Municipio",4,52,302,139,163
050,72,017,"Puerto Rico Commonwealth","Barceloneta Municipio",4,53,284,133,151
050,72,017,"Puerto Rico Commonwealth","Barceloneta Municipio",4,54,275,130,145
050,72,017,"Puerto Rico Commonwealth","Barceloneta Municipio",4,55,295,137,158
050,72,017,"Puerto Rico Commonwealth","Barceloneta Municipio",4,56,308,143,165
050,72,017,"Puerto Rico Commonwealth","Barceloneta Municipio",4,57,296,138,158
050,72,017,"Puerto Rico Commonwealth","Barceloneta Municipio",4,58,267,123,144
050,72,017,"Puerto Rico Commonwealth","Barceloneta Municipio",4,59,257,112,145
050,72,017,"Puerto Rico Commonwealth","Barceloneta Municipio",4,60,260,114,146
050,72,017,"Puerto Rico Commonwealth","Barceloneta Municipio",4,61,255,121,134
050,72,017,"Puerto Rico Commonwealth","Barceloneta Municipio",4,62,244,117,127
050,72,017,"Puerto Rico Commonwealth","Barceloneta Municipio",4,63,226,109,117
050,72,017,"Puerto Rico Commonwealth","Barceloneta Municipio",4,64,237,110,127
050,72,017,"Puerto Rico Commonwealth","Barceloneta Municipio",4,65,238,112,126
050,72,017,"Puerto Rico Commonwealth","Barceloneta Municipio",4,66,241,115,126
050,72,017,"Puerto Rico Commonwealth","Barceloneta Municipio",4,67,253,120,133
050,72,017,"Puerto Rico Commonwealth","Barceloneta Municipio",4,68,236,112,124
050,72,017,"Puerto Rico Commonwealth","Barceloneta Municipio",4,69,218,101,117
050,72,017,"Puerto Rico Commonwealth","Barceloneta Municipio",4,70,219,96,123
050,72,017,"Puerto Rico Commonwealth","Barceloneta Municipio",4,71,228,104,124
050,72,017,"Puerto Rico Commonwealth","Barceloneta Municipio",4,72,239,105,134
050,72,017,"Puerto Rico Commonwealth","Barceloneta Municipio",4,73,250,112,138
050,72,017,"Puerto Rico Commonwealth","Barceloneta Municipio",4,74,249,113,136
050,72,017,"Puerto Rico Commonwealth","Barceloneta Municipio",4,75,237,100,137
050,72,017,"Puerto Rico Commonwealth","Barceloneta Municipio",4,76,237,109,128
050,72,017,"Puerto Rico Commonwealth","Barceloneta Municipio",4,77,215,96,119
050,72,017,"Puerto Rico Commonwealth","Barceloneta Municipio",4,78,190,87,103
050,72,017,"Puerto Rico Commonwealth","Barceloneta Municipio",4,79,175,81,94
050,72,017,"Puerto Rico Commonwealth","Barceloneta Municipio",4,80,173,81,92
050,72,017,"Puerto Rico Commonwealth","Barceloneta Municipio",4,81,144,66,78
050,72,017,"Puerto Rico Commonwealth","Barceloneta Municipio",4,82,136,53,83
050,72,017,"Puerto Rico Commonwealth","Barceloneta Municipio",4,83,123,47,76
050,72,017,"Puerto Rico Commonwealth","Barceloneta Municipio",4,84,107,45,62
050,72,017,"Puerto Rico Commonwealth","Barceloneta Municipio",4,85,719,304,415
050,72,017,"Puerto Rico Commonwealth","Barceloneta Municipio",5,0,128,69,59
050,72,017,"Puerto Rico Commonwealth","Barceloneta Municipio",5,1,161,89,72
050,72,017,"Puerto Rico Commonwealth","Barceloneta Municipio",5,2,126,72,54
050,72,017,"Puerto Rico Commonwealth","Barceloneta Municipio",5,3,147,68,79
050,72,017,"Puerto Rico Commonwealth","Barceloneta Municipio",5,4,133,70,63
050,72,017,"Puerto Rico Commonwealth","Barceloneta Municipio",5,5,150,74,76
050,72,017,"Puerto Rico Commonwealth","Barceloneta Municipio",5,6,186,94,92
050,72,017,"Puerto Rico Commonwealth","Barceloneta Municipio",5,7,188,102,86
050,72,017,"Puerto Rico Commonwealth","Barceloneta Municipio",5,8,192,100,92
050,72,017,"Puerto Rico Commonwealth","Barceloneta Municipio",5,9,231,117,114
050,72,017,"Puerto Rico Commonwealth","Barceloneta Municipio",5,10,248,125,123
050,72,017,"Puerto Rico Commonwealth","Barceloneta Municipio",5,11,235,116,119
050,72,017,"Puerto Rico Commonwealth","Barceloneta Municipio",5,12,222,115,107
050,72,017,"Puerto Rico Commonwealth","Barceloneta Municipio",5,13,219,116,103
050,72,017,"Puerto Rico Commonwealth","Barceloneta Municipio",5,14,218,110,108
050,72,017,"Puerto Rico Commonwealth","Barceloneta Municipio",5,15,244,123,121
050,72,017,"Puerto Rico Commonwealth","Barceloneta Municipio",5,16,249,122,127
050,72,017,"Puerto Rico Commonwealth","Barceloneta Municipio",5,17,260,125,135
050,72,017,"Puerto Rico Commonwealth","Barceloneta Municipio",5,18,266,133,133
050,72,017,"Puerto Rico Commonwealth","Barceloneta Municipio",5,19,264,129,135
050,72,017,"Puerto Rico Commonwealth","Barceloneta Municipio",5,20,276,133,143
050,72,017,"Puerto Rico Commonwealth","Barceloneta Municipio",5,21,291,140,151
050,72,017,"Puerto Rico Commonwealth","Barceloneta Municipio",5,22,308,152,156
050,72,017,"Puerto Rico Commonwealth","Barceloneta Municipio",5,23,320,160,160
050,72,017,"Puerto Rico Commonwealth","Barceloneta Municipio",5,24,314,153,161
050,72,017,"Puerto Rico Commonwealth","Barceloneta Municipio",5,25,317,152,165
050,72,017,"Puerto Rico Commonwealth","Barceloneta Municipio",5,26,317,148,169
050,72,017,"Puerto Rico Commonwealth","Barceloneta Municipio",5,27,330,156,174
050,72,017,"Puerto Rico Commonwealth","Barceloneta Municipio",5,28,341,151,190
050,72,017,"Puerto Rico Commonwealth","Barceloneta Municipio",5,29,355,153,202
050,72,017,"Puerto Rico Commonwealth","Barceloneta Municipio",5,30,353,154,199
050,72,017,"Puerto Rico Commonwealth","Barceloneta Municipio",5,31,355,167,188
050,72,017,"Puerto Rico Commonwealth","Barceloneta Municipio",5,32,357,178,179
050,72,017,"Puerto Rico Commonwealth","Barceloneta Municipio",5,33,346,172,174
050,72,017,"Puerto Rico Commonwealth","Barceloneta Municipio",5,34,308,142,166
050,72,017,"Puerto Rico Commonwealth","Barceloneta Municipio",5,35,278,121,157
050,72,017,"Puerto Rico Commonwealth","Barceloneta Municipio",5,36,254,116,138
050,72,017,"Puerto Rico Commonwealth","Barceloneta Municipio",5,37,243,119,124
050,72,017,"Puerto Rico Commonwealth","Barceloneta Municipio",5,38,242,112,130
050,72,017,"Puerto Rico Commonwealth","Barceloneta Municipio",5,39,255,116,139
050,72,017,"Puerto Rico Commonwealth","Barceloneta Municipio",5,40,281,132,149
050,72,017,"Puerto Rico Commonwealth","Barceloneta Municipio",5,41,287,137,150
050,72,017,"Puerto Rico Commonwealth","Barceloneta Municipio",5,42,281,132,149
050,72,017,"Puerto Rico Commonwealth","Barceloneta Municipio",5,43,305,146,159
050,72,017,"Puerto Rico Commonwealth","Barceloneta Municipio",5,44,327,150,177
050,72,017,"Puerto Rico Commonwealth","Barceloneta Municipio",5,45,334,146,188
050,72,017,"Puerto Rico Commonwealth","Barceloneta Municipio",5,46,336,144,192
050,72,017,"Puerto Rico Commonwealth","Barceloneta Municipio",5,47,323,144,179
050,72,017,"Puerto Rico Commonwealth","Barceloneta Municipio",5,48,305,145,160
050,72,017,"Puerto Rico Commonwealth","Barceloneta Municipio",5,49,302,145,157
050,72,017,"Puerto Rico Commonwealth","Barceloneta Municipio",5,50,311,144,167
050,72,017,"Puerto Rico Commonwealth","Barceloneta Municipio",5,51,326,151,175
050,72,017,"Puerto Rico Commonwealth","Barceloneta Municipio",5,52,307,143,164
050,72,017,"Puerto Rico Commonwealth","Barceloneta Municipio",5,53,300,138,162
050,72,017,"Puerto Rico Commonwealth","Barceloneta Municipio",5,54,283,133,150
050,72,017,"Puerto Rico Commonwealth","Barceloneta Municipio",5,55,274,129,145
050,72,017,"Puerto Rico Commonwealth","Barceloneta Municipio",5,56,292,135,157
050,72,017,"Puerto Rico Commonwealth","Barceloneta Municipio",5,57,310,143,167
050,72,017,"Puerto Rico Commonwealth","Barceloneta Municipio",5,58,293,137,156
050,72,017,"Puerto Rico Commonwealth","Barceloneta Municipio",5,59,266,122,144
050,72,017,"Puerto Rico Commonwealth","Barceloneta Municipio",5,60,257,112,145
050,72,017,"Puerto Rico Commonwealth","Barceloneta Municipio",5,61,258,113,145
050,72,017,"Puerto Rico Commonwealth","Barceloneta Municipio",5,62,252,119,133
050,72,017,"Puerto Rico Commonwealth","Barceloneta Municipio",5,63,244,117,127
050,72,017,"Puerto Rico Commonwealth","Barceloneta Municipio",5,64,222,106,116
050,72,017,"Puerto Rico Commonwealth","Barceloneta Municipio",5,65,235,109,126
050,72,017,"Puerto Rico Commonwealth","Barceloneta Municipio",5,66,235,111,124
050,72,017,"Puerto Rico Commonwealth","Barceloneta Municipio",5,67,238,113,125
050,72,017,"Puerto Rico Commonwealth","Barceloneta Municipio",5,68,246,114,132
050,72,017,"Puerto Rico Commonwealth","Barceloneta Municipio",5,69,234,111,123
050,72,017,"Puerto Rico Commonwealth","Barceloneta Municipio",5,70,216,100,116
050,72,017,"Puerto Rico Commonwealth","Barceloneta Municipio",5,71,216,94,122
050,72,017,"Puerto Rico Commonwealth","Barceloneta Municipio",5,72,222,97,125
050,72,017,"Puerto Rico Commonwealth","Barceloneta Municipio",5,73,236,106,130
050,72,017,"Puerto Rico Commonwealth","Barceloneta Municipio",5,74,244,108,136
050,72,017,"Puerto Rico Commonwealth","Barceloneta Municipio",5,75,242,109,133
050,72,017,"Puerto Rico Commonwealth","Barceloneta Municipio",5,76,232,98,134
050,72,017,"Puerto Rico Commonwealth","Barceloneta Municipio",5,77,227,102,125
050,72,017,"Puerto Rico Commonwealth","Barceloneta Municipio",5,78,205,89,116
050,72,017,"Puerto Rico Commonwealth","Barceloneta Municipio",5,79,184,83,101
050,72,017,"Puerto Rico Commonwealth","Barceloneta Municipio",5,80,169,78,91
050,72,017,"Puerto Rico Commonwealth","Barceloneta Municipio",5,81,160,77,83
050,72,017,"Puerto Rico Commonwealth","Barceloneta Municipio",5,82,135,59,76
050,72,017,"Puerto Rico Commonwealth","Barceloneta Municipio",5,83,126,46,80
050,72,017,"Puerto Rico Commonwealth","Barceloneta Municipio",5,84,114,46,68
050,72,017,"Puerto Rico Commonwealth","Barceloneta Municipio",5,85,757,317,440
050,72,019,"Puerto Rico Commonwealth","Barranquitas Municipio",1,0,212,110,102
050,72,019,"Puerto Rico Commonwealth","Barranquitas Municipio",1,1,237,124,113
050,72,019,"Puerto Rico Commonwealth","Barranquitas Municipio",1,2,250,123,127
050,72,019,"Puerto Rico Commonwealth","Barranquitas Municipio",1,3,266,138,128
050,72,019,"Puerto Rico Commonwealth","Barranquitas Municipio",1,4,306,158,148
050,72,019,"Puerto Rico Commonwealth","Barranquitas Municipio",1,5,329,171,158
050,72,019,"Puerto Rico Commonwealth","Barranquitas Municipio",1,6,344,183,161
050,72,019,"Puerto Rico Commonwealth","Barranquitas Municipio",1,7,357,191,166
050,72,019,"Puerto Rico Commonwealth","Barranquitas Municipio",1,8,342,185,157
050,72,019,"Puerto Rico Commonwealth","Barranquitas Municipio",1,9,366,181,185
050,72,019,"Puerto Rico Commonwealth","Barranquitas Municipio",1,10,366,178,188
050,72,019,"Puerto Rico Commonwealth","Barranquitas Municipio",1,11,380,195,185
050,72,019,"Puerto Rico Commonwealth","Barranquitas Municipio",1,12,375,188,187
050,72,019,"Puerto Rico Commonwealth","Barranquitas Municipio",1,13,360,179,181
050,72,019,"Puerto Rico Commonwealth","Barranquitas Municipio",1,14,369,188,181
050,72,019,"Puerto Rico Commonwealth","Barranquitas Municipio",1,15,398,201,197
050,72,019,"Puerto Rico Commonwealth","Barranquitas Municipio",1,16,373,193,180
050,72,019,"Puerto Rico Commonwealth","Barranquitas Municipio",1,17,357,186,171
050,72,019,"Puerto Rico Commonwealth","Barranquitas Municipio",1,18,347,178,169
050,72,019,"Puerto Rico Commonwealth","Barranquitas Municipio",1,19,392,204,188
050,72,019,"Puerto Rico Commonwealth","Barranquitas Municipio",1,20,386,204,182
050,72,019,"Puerto Rico Commonwealth","Barranquitas Municipio",1,21,394,210,184
050,72,019,"Puerto Rico Commonwealth","Barranquitas Municipio",1,22,426,216,210
050,72,019,"Puerto Rico Commonwealth","Barranquitas Municipio",1,23,459,235,224
050,72,019,"Puerto Rico Commonwealth","Barranquitas Municipio",1,24,436,238,198
050,72,019,"Puerto Rico Commonwealth","Barranquitas Municipio",1,25,415,218,197
050,72,019,"Puerto Rico Commonwealth","Barranquitas Municipio",1,26,438,212,226
050,72,019,"Puerto Rico Commonwealth","Barranquitas Municipio",1,27,420,210,210
050,72,019,"Puerto Rico Commonwealth","Barranquitas Municipio",1,28,421,208,213
050,72,019,"Puerto Rico Commonwealth","Barranquitas Municipio",1,29,424,220,204
050,72,019,"Puerto Rico Commonwealth","Barranquitas Municipio",1,30,404,206,198
050,72,019,"Puerto Rico Commonwealth","Barranquitas Municipio",1,31,388,197,191
050,72,019,"Puerto Rico Commonwealth","Barranquitas Municipio",1,32,402,207,195
050,72,019,"Puerto Rico Commonwealth","Barranquitas Municipio",1,33,395,207,188
050,72,019,"Puerto Rico Commonwealth","Barranquitas Municipio",1,34,364,177,187
050,72,019,"Puerto Rico Commonwealth","Barranquitas Municipio",1,35,361,172,189
050,72,019,"Puerto Rico Commonwealth","Barranquitas Municipio",1,36,346,172,174
050,72,019,"Puerto Rico Commonwealth","Barranquitas Municipio",1,37,359,185,174
050,72,019,"Puerto Rico Commonwealth","Barranquitas Municipio",1,38,357,187,170
050,72,019,"Puerto Rico Commonwealth","Barranquitas Municipio",1,39,343,177,166
050,72,019,"Puerto Rico Commonwealth","Barranquitas Municipio",1,40,373,178,195
050,72,019,"Puerto Rico Commonwealth","Barranquitas Municipio",1,41,369,175,194
050,72,019,"Puerto Rico Commonwealth","Barranquitas Municipio",1,42,344,164,180
050,72,019,"Puerto Rico Commonwealth","Barranquitas Municipio",1,43,322,157,165
050,72,019,"Puerto Rico Commonwealth","Barranquitas Municipio",1,44,303,140,163
050,72,019,"Puerto Rico Commonwealth","Barranquitas Municipio",1,45,297,137,160
050,72,019,"Puerto Rico Commonwealth","Barranquitas Municipio",1,46,300,145,155
050,72,019,"Puerto Rico Commonwealth","Barranquitas Municipio",1,47,306,144,162
050,72,019,"Puerto Rico Commonwealth","Barranquitas Municipio",1,48,315,145,170
050,72,019,"Puerto Rico Commonwealth","Barranquitas Municipio",1,49,338,161,177
050,72,019,"Puerto Rico Commonwealth","Barranquitas Municipio",1,50,363,181,182
050,72,019,"Puerto Rico Commonwealth","Barranquitas Municipio",1,51,373,177,196
050,72,019,"Puerto Rico Commonwealth","Barranquitas Municipio",1,52,378,175,203
050,72,019,"Puerto Rico Commonwealth","Barranquitas Municipio",1,53,386,183,203
050,72,019,"Puerto Rico Commonwealth","Barranquitas Municipio",1,54,415,186,229
050,72,019,"Puerto Rico Commonwealth","Barranquitas Municipio",1,55,439,201,238
050,72,019,"Puerto Rico Commonwealth","Barranquitas Municipio",1,56,444,213,231
050,72,019,"Puerto Rico Commonwealth","Barranquitas Municipio",1,57,422,212,210
050,72,019,"Puerto Rico Commonwealth","Barranquitas Municipio",1,58,404,196,208
050,72,019,"Puerto Rico Commonwealth","Barranquitas Municipio",1,59,416,198,218
050,72,019,"Puerto Rico Commonwealth","Barranquitas Municipio",1,60,413,205,208
050,72,019,"Puerto Rico Commonwealth","Barranquitas Municipio",1,61,386,190,196
050,72,019,"Puerto Rico Commonwealth","Barranquitas Municipio",1,62,382,186,196
050,72,019,"Puerto Rico Commonwealth","Barranquitas Municipio",1,63,377,183,194
050,72,019,"Puerto Rico Commonwealth","Barranquitas Municipio",1,64,361,176,185
050,72,019,"Puerto Rico Commonwealth","Barranquitas Municipio",1,65,360,177,183
050,72,019,"Puerto Rico Commonwealth","Barranquitas Municipio",1,66,340,160,180
050,72,019,"Puerto Rico Commonwealth","Barranquitas Municipio",1,67,305,146,159
050,72,019,"Puerto Rico Commonwealth","Barranquitas Municipio",1,68,309,150,159
050,72,019,"Puerto Rico Commonwealth","Barranquitas Municipio",1,69,284,141,143
050,72,019,"Puerto Rico Commonwealth","Barranquitas Municipio",1,70,263,127,136
050,72,019,"Puerto Rico Commonwealth","Barranquitas Municipio",1,71,269,128,141
050,72,019,"Puerto Rico Commonwealth","Barranquitas Municipio",1,72,270,127,143
050,72,019,"Puerto Rico Commonwealth","Barranquitas Municipio",1,73,258,125,133
050,72,019,"Puerto Rico Commonwealth","Barranquitas Municipio",1,74,250,118,132
050,72,019,"Puerto Rico Commonwealth","Barranquitas Municipio",1,75,228,106,122
050,72,019,"Puerto Rico Commonwealth","Barranquitas Municipio",1,76,209,92,117
050,72,019,"Puerto Rico Commonwealth","Barranquitas Municipio",1,77,173,74,99
050,72,019,"Puerto Rico Commonwealth","Barranquitas Municipio",1,78,172,76,96
050,72,019,"Puerto Rico Commonwealth","Barranquitas Municipio",1,79,144,60,84
050,72,019,"Puerto Rico Commonwealth","Barranquitas Municipio",1,80,137,53,84
050,72,019,"Puerto Rico Commonwealth","Barranquitas Municipio",1,81,130,54,76
050,72,019,"Puerto Rico Commonwealth","Barranquitas Municipio",1,82,137,59,78
050,72,019,"Puerto Rico Commonwealth","Barranquitas Municipio",1,83,120,53,67
050,72,019,"Puerto Rico Commonwealth","Barranquitas Municipio",1,84,107,47,60
050,72,019,"Puerto Rico Commonwealth","Barranquitas Municipio",1,85,628,225,403
050,72,019,"Puerto Rico Commonwealth","Barranquitas Municipio",2,0,203,108,95
050,72,019,"Puerto Rico Commonwealth","Barranquitas Municipio",2,1,230,120,110
050,72,019,"Puerto Rico Commonwealth","Barranquitas Municipio",2,2,246,123,123
050,72,019,"Puerto Rico Commonwealth","Barranquitas Municipio",2,3,263,135,128
050,72,019,"Puerto Rico Commonwealth","Barranquitas Municipio",2,4,296,153,143
050,72,019,"Puerto Rico Commonwealth","Barranquitas Municipio",2,5,323,167,156
050,72,019,"Puerto Rico Commonwealth","Barranquitas Municipio",2,6,340,180,160
050,72,019,"Puerto Rico Commonwealth","Barranquitas Municipio",2,7,354,189,165
050,72,019,"Puerto Rico Commonwealth","Barranquitas Municipio",2,8,346,187,159
050,72,019,"Puerto Rico Commonwealth","Barranquitas Municipio",2,9,360,182,178
050,72,019,"Puerto Rico Commonwealth","Barranquitas Municipio",2,10,366,179,187
050,72,019,"Puerto Rico Commonwealth","Barranquitas Municipio",2,11,376,190,186
050,72,019,"Puerto Rico Commonwealth","Barranquitas Municipio",2,12,376,190,186
050,72,019,"Puerto Rico Commonwealth","Barranquitas Municipio",2,13,364,181,183
050,72,019,"Puerto Rico Commonwealth","Barranquitas Municipio",2,14,367,186,181
050,72,019,"Puerto Rico Commonwealth","Barranquitas Municipio",2,15,391,198,193
050,72,019,"Puerto Rico Commonwealth","Barranquitas Municipio",2,16,379,195,184
050,72,019,"Puerto Rico Commonwealth","Barranquitas Municipio",2,17,361,188,173
050,72,019,"Puerto Rico Commonwealth","Barranquitas Municipio",2,18,350,180,170
050,72,019,"Puerto Rico Commonwealth","Barranquitas Municipio",2,19,379,197,182
050,72,019,"Puerto Rico Commonwealth","Barranquitas Municipio",2,20,388,204,184
050,72,019,"Puerto Rico Commonwealth","Barranquitas Municipio",2,21,391,209,182
050,72,019,"Puerto Rico Commonwealth","Barranquitas Municipio",2,22,416,214,202
050,72,019,"Puerto Rico Commonwealth","Barranquitas Municipio",2,23,448,229,219
050,72,019,"Puerto Rico Commonwealth","Barranquitas Municipio",2,24,440,236,204
050,72,019,"Puerto Rico Commonwealth","Barranquitas Municipio",2,25,419,223,196
050,72,019,"Puerto Rico Commonwealth","Barranquitas Municipio",2,26,431,212,219
050,72,019,"Puerto Rico Commonwealth","Barranquitas Municipio",2,27,426,212,214
050,72,019,"Puerto Rico Commonwealth","Barranquitas Municipio",2,28,419,207,212
050,72,019,"Puerto Rico Commonwealth","Barranquitas Municipio",2,29,423,217,206
050,72,019,"Puerto Rico Commonwealth","Barranquitas Municipio",2,30,411,211,200
050,72,019,"Puerto Rico Commonwealth","Barranquitas Municipio",2,31,392,200,192
050,72,019,"Puerto Rico Commonwealth","Barranquitas Municipio",2,32,398,204,194
050,72,019,"Puerto Rico Commonwealth","Barranquitas Municipio",2,33,395,205,190
050,72,019,"Puerto Rico Commonwealth","Barranquitas Municipio",2,34,372,185,187
050,72,019,"Puerto Rico Commonwealth","Barranquitas Municipio",2,35,362,173,189
050,72,019,"Puerto Rico Commonwealth","Barranquitas Municipio",2,36,350,172,178
050,72,019,"Puerto Rico Commonwealth","Barranquitas Municipio",2,37,355,181,174
050,72,019,"Puerto Rico Commonwealth","Barranquitas Municipio",2,38,357,186,171
050,72,019,"Puerto Rico Commonwealth","Barranquitas Municipio",2,39,347,180,167
050,72,019,"Puerto Rico Commonwealth","Barranquitas Municipio",2,40,365,178,187
050,72,019,"Puerto Rico Commonwealth","Barranquitas Municipio",2,41,370,175,195
050,72,019,"Puerto Rico Commonwealth","Barranquitas Municipio",2,42,350,167,183
050,72,019,"Puerto Rico Commonwealth","Barranquitas Municipio",2,43,328,159,169
050,72,019,"Puerto Rico Commonwealth","Barranquitas Municipio",2,44,307,144,163
050,72,019,"Puerto Rico Commonwealth","Barranquitas Municipio",2,45,299,138,161
050,72,019,"Puerto Rico Commonwealth","Barranquitas Municipio",2,46,299,143,156
050,72,019,"Puerto Rico Commonwealth","Barranquitas Municipio",2,47,305,144,161
050,72,019,"Puerto Rico Commonwealth","Barranquitas Municipio",2,48,313,145,168
050,72,019,"Puerto Rico Commonwealth","Barranquitas Municipio",2,49,332,157,175
050,72,019,"Puerto Rico Commonwealth","Barranquitas Municipio",2,50,357,176,181
050,72,019,"Puerto Rico Commonwealth","Barranquitas Municipio",2,51,370,178,192
050,72,019,"Puerto Rico Commonwealth","Barranquitas Municipio",2,52,376,175,201
050,72,019,"Puerto Rico Commonwealth","Barranquitas Municipio",2,53,383,181,202
050,72,019,"Puerto Rico Commonwealth","Barranquitas Municipio",2,54,408,185,223
050,72,019,"Puerto Rico Commonwealth","Barranquitas Municipio",2,55,433,197,236
050,72,019,"Puerto Rico Commonwealth","Barranquitas Municipio",2,56,441,210,231
050,72,019,"Puerto Rico Commonwealth","Barranquitas Municipio",2,57,428,212,216
050,72,019,"Puerto Rico Commonwealth","Barranquitas Municipio",2,58,407,200,207
050,72,019,"Puerto Rico Commonwealth","Barranquitas Municipio",2,59,414,198,216
050,72,019,"Puerto Rico Commonwealth","Barranquitas Municipio",2,60,413,203,210
050,72,019,"Puerto Rico Commonwealth","Barranquitas Municipio",2,61,391,193,198
050,72,019,"Puerto Rico Commonwealth","Barranquitas Municipio",2,62,380,185,195
050,72,019,"Puerto Rico Commonwealth","Barranquitas Municipio",2,63,377,182,195
050,72,019,"Puerto Rico Commonwealth","Barranquitas Municipio",2,64,363,176,187
050,72,019,"Puerto Rico Commonwealth","Barranquitas Municipio",2,65,357,176,181
050,72,019,"Puerto Rico Commonwealth","Barranquitas Municipio",2,66,345,164,181
050,72,019,"Puerto Rico Commonwealth","Barranquitas Municipio",2,67,313,149,164
050,72,019,"Puerto Rico Commonwealth","Barranquitas Municipio",2,68,308,149,159
050,72,019,"Puerto Rico Commonwealth","Barranquitas Municipio",2,69,289,143,146
050,72,019,"Puerto Rico Commonwealth","Barranquitas Municipio",2,70,266,129,137
050,72,019,"Puerto Rico Commonwealth","Barranquitas Municipio",2,71,267,127,140
050,72,019,"Puerto Rico Commonwealth","Barranquitas Municipio",2,72,269,127,142
050,72,019,"Puerto Rico Commonwealth","Barranquitas Municipio",2,73,259,123,136
050,72,019,"Puerto Rico Commonwealth","Barranquitas Municipio",2,74,250,119,131
050,72,019,"Puerto Rico Commonwealth","Barranquitas Municipio",2,75,234,109,125
050,72,019,"Puerto Rico Commonwealth","Barranquitas Municipio",2,76,211,93,118
050,72,019,"Puerto Rico Commonwealth","Barranquitas Municipio",2,77,182,79,103
050,72,019,"Puerto Rico Commonwealth","Barranquitas Municipio",2,78,171,75,96
050,72,019,"Puerto Rico Commonwealth","Barranquitas Municipio",2,79,151,63,88
050,72,019,"Puerto Rico Commonwealth","Barranquitas Municipio",2,80,138,55,83
050,72,019,"Puerto Rico Commonwealth","Barranquitas Municipio",2,81,133,54,79
050,72,019,"Puerto Rico Commonwealth","Barranquitas Municipio",2,82,136,57,79
050,72,019,"Puerto Rico Commonwealth","Barranquitas Municipio",2,83,125,55,70
050,72,019,"Puerto Rico Commonwealth","Barranquitas Municipio",2,84,111,48,63
050,72,019,"Puerto Rico Commonwealth","Barranquitas Municipio",2,85,647,235,412
050,72,019,"Puerto Rico Commonwealth","Barranquitas Municipio",3,0,195,86,109
050,72,019,"Puerto Rico Commonwealth","Barranquitas Municipio",3,1,206,110,96
050,72,019,"Puerto Rico Commonwealth","Barranquitas Municipio",3,2,231,121,110
050,72,019,"Puerto Rico Commonwealth","Barranquitas Municipio",3,3,247,124,123
050,72,019,"Puerto Rico Commonwealth","Barranquitas Municipio",3,4,265,136,129
050,72,019,"Puerto Rico Commonwealth","Barranquitas Municipio",3,5,297,153,144
050,72,019,"Puerto Rico Commonwealth","Barranquitas Municipio",3,6,326,169,157
050,72,019,"Puerto Rico Commonwealth","Barranquitas Municipio",3,7,342,181,161
050,72,019,"Puerto Rico Commonwealth","Barranquitas Municipio",3,8,357,191,166
050,72,019,"Puerto Rico Commonwealth","Barranquitas Municipio",3,9,349,189,160
050,72,019,"Puerto Rico Commonwealth","Barranquitas Municipio",3,10,362,183,179
050,72,019,"Puerto Rico Commonwealth","Barranquitas Municipio",3,11,368,180,188
050,72,019,"Puerto Rico Commonwealth","Barranquitas Municipio",3,12,378,191,187
050,72,019,"Puerto Rico Commonwealth","Barranquitas Municipio",3,13,379,191,188
050,72,019,"Puerto Rico Commonwealth","Barranquitas Municipio",3,14,366,182,184
050,72,019,"Puerto Rico Commonwealth","Barranquitas Municipio",3,15,368,186,182
050,72,019,"Puerto Rico Commonwealth","Barranquitas Municipio",3,16,395,199,196
050,72,019,"Puerto Rico Commonwealth","Barranquitas Municipio",3,17,385,199,186
050,72,019,"Puerto Rico Commonwealth","Barranquitas Municipio",3,18,353,185,168
050,72,019,"Puerto Rico Commonwealth","Barranquitas Municipio",3,19,344,178,166
050,72,019,"Puerto Rico Commonwealth","Barranquitas Municipio",3,20,377,197,180
050,72,019,"Puerto Rico Commonwealth","Barranquitas Municipio",3,21,384,202,182
050,72,019,"Puerto Rico Commonwealth","Barranquitas Municipio",3,22,385,204,181
050,72,019,"Puerto Rico Commonwealth","Barranquitas Municipio",3,23,414,214,200
050,72,019,"Puerto Rico Commonwealth","Barranquitas Municipio",3,24,451,232,219
050,72,019,"Puerto Rico Commonwealth","Barranquitas Municipio",3,25,435,232,203
050,72,019,"Puerto Rico Commonwealth","Barranquitas Municipio",3,26,416,222,194
050,72,019,"Puerto Rico Commonwealth","Barranquitas Municipio",3,27,433,215,218
050,72,019,"Puerto Rico Commonwealth","Barranquitas Municipio",3,28,424,211,213
050,72,019,"Puerto Rico Commonwealth","Barranquitas Municipio",3,29,415,205,210
050,72,019,"Puerto Rico Commonwealth","Barranquitas Municipio",3,30,423,217,206
050,72,019,"Puerto Rico Commonwealth","Barranquitas Municipio",3,31,410,210,200
050,72,019,"Puerto Rico Commonwealth","Barranquitas Municipio",3,32,392,201,191
050,72,019,"Puerto Rico Commonwealth","Barranquitas Municipio",3,33,403,208,195
050,72,019,"Puerto Rico Commonwealth","Barranquitas Municipio",3,34,395,204,191
050,72,019,"Puerto Rico Commonwealth","Barranquitas Municipio",3,35,375,187,188
050,72,019,"Puerto Rico Commonwealth","Barranquitas Municipio",3,36,366,175,191
050,72,019,"Puerto Rico Commonwealth","Barranquitas Municipio",3,37,351,173,178
050,72,019,"Puerto Rico Commonwealth","Barranquitas Municipio",3,38,357,182,175
050,72,019,"Puerto Rico Commonwealth","Barranquitas Municipio",3,39,362,190,172
050,72,019,"Puerto Rico Commonwealth","Barranquitas Municipio",3,40,351,182,169
050,72,019,"Puerto Rico Commonwealth","Barranquitas Municipio",3,41,368,181,187
050,72,019,"Puerto Rico Commonwealth","Barranquitas Municipio",3,42,372,176,196
050,72,019,"Puerto Rico Commonwealth","Barranquitas Municipio",3,43,351,168,183
050,72,019,"Puerto Rico Commonwealth","Barranquitas Municipio",3,44,329,160,169
050,72,019,"Puerto Rico Commonwealth","Barranquitas Municipio",3,45,309,145,164
050,72,019,"Puerto Rico Commonwealth","Barranquitas Municipio",3,46,300,138,162
050,72,019,"Puerto Rico Commonwealth","Barranquitas Municipio",3,47,298,142,156
050,72,019,"Puerto Rico Commonwealth","Barranquitas Municipio",3,48,308,146,162
050,72,019,"Puerto Rico Commonwealth","Barranquitas Municipio",3,49,316,147,169
050,72,019,"Puerto Rico Commonwealth","Barranquitas Municipio",3,50,331,156,175
050,72,019,"Puerto Rico Commonwealth","Barranquitas Municipio",3,51,359,177,182
050,72,019,"Puerto Rico Commonwealth","Barranquitas Municipio",3,52,372,179,193
050,72,019,"Puerto Rico Commonwealth","Barranquitas Municipio",3,53,377,176,201
050,72,019,"Puerto Rico Commonwealth","Barranquitas Municipio",3,54,387,183,204
050,72,019,"Puerto Rico Commonwealth","Barranquitas Municipio",3,55,407,184,223
050,72,019,"Puerto Rico Commonwealth","Barranquitas Municipio",3,56,437,199,238
050,72,019,"Puerto Rico Commonwealth","Barranquitas Municipio",3,57,439,209,230
050,72,019,"Puerto Rico Commonwealth","Barranquitas Municipio",3,58,426,210,216
050,72,019,"Puerto Rico Commonwealth","Barranquitas Municipio",3,59,408,200,208
050,72,019,"Puerto Rico Commonwealth","Barranquitas Municipio",3,60,414,196,218
050,72,019,"Puerto Rico Commonwealth","Barranquitas Municipio",3,61,409,199,210
050,72,019,"Puerto Rico Commonwealth","Barranquitas Municipio",3,62,391,193,198
050,72,019,"Puerto Rico Commonwealth","Barranquitas Municipio",3,63,379,183,196
050,72,019,"Puerto Rico Commonwealth","Barranquitas Municipio",3,64,375,179,196
050,72,019,"Puerto Rico Commonwealth","Barranquitas Municipio",3,65,363,176,187
050,72,019,"Puerto Rico Commonwealth","Barranquitas Municipio",3,66,357,175,182
050,72,019,"Puerto Rico Commonwealth","Barranquitas Municipio",3,67,345,163,182
050,72,019,"Puerto Rico Commonwealth","Barranquitas Municipio",3,68,310,145,165
050,72,019,"Puerto Rico Commonwealth","Barranquitas Municipio",3,69,306,147,159
050,72,019,"Puerto Rico Commonwealth","Barranquitas Municipio",3,70,285,142,143
050,72,019,"Puerto Rico Commonwealth","Barranquitas Municipio",3,71,263,125,138
050,72,019,"Puerto Rico Commonwealth","Barranquitas Municipio",3,72,262,123,139
050,72,019,"Puerto Rico Commonwealth","Barranquitas Municipio",3,73,265,123,142
050,72,019,"Puerto Rico Commonwealth","Barranquitas Municipio",3,74,256,120,136
050,72,019,"Puerto Rico Commonwealth","Barranquitas Municipio",3,75,244,113,131
050,72,019,"Puerto Rico Commonwealth","Barranquitas Municipio",3,76,230,106,124
050,72,019,"Puerto Rico Commonwealth","Barranquitas Municipio",3,77,205,87,118
050,72,019,"Puerto Rico Commonwealth","Barranquitas Municipio",3,78,177,77,100
050,72,019,"Puerto Rico Commonwealth","Barranquitas Municipio",3,79,167,72,95
050,72,019,"Puerto Rico Commonwealth","Barranquitas Municipio",3,80,143,61,82
050,72,019,"Puerto Rico Commonwealth","Barranquitas Municipio",3,81,138,54,84
050,72,019,"Puerto Rico Commonwealth","Barranquitas Municipio",3,82,125,50,75
050,72,019,"Puerto Rico Commonwealth","Barranquitas Municipio",3,83,124,51,73
050,72,019,"Puerto Rico Commonwealth","Barranquitas Municipio",3,84,114,46,68
050,72,019,"Puerto Rico Commonwealth","Barranquitas Municipio",3,85,698,262,436
050,72,019,"Puerto Rico Commonwealth","Barranquitas Municipio",4,0,210,102,108
050,72,019,"Puerto Rico Commonwealth","Barranquitas Municipio",4,1,194,86,108
050,72,019,"Puerto Rico Commonwealth","Barranquitas Municipio",4,2,203,109,94
050,72,019,"Puerto Rico Commonwealth","Barranquitas Municipio",4,3,228,120,108
050,72,019,"Puerto Rico Commonwealth","Barranquitas Municipio",4,4,245,123,122
050,72,019,"Puerto Rico Commonwealth","Barranquitas Municipio",4,5,263,135,128
050,72,019,"Puerto Rico Commonwealth","Barranquitas Municipio",4,6,296,153,143
050,72,019,"Puerto Rico Commonwealth","Barranquitas Municipio",4,7,323,167,156
050,72,019,"Puerto Rico Commonwealth","Barranquitas Municipio",4,8,340,180,160
050,72,019,"Puerto Rico Commonwealth","Barranquitas Municipio",4,9,355,190,165
050,72,019,"Puerto Rico Commonwealth","Barranquitas Municipio",4,10,347,188,159
050,72,019,"Puerto Rico Commonwealth","Barranquitas Municipio",4,11,360,182,178
050,72,019,"Puerto Rico Commonwealth","Barranquitas Municipio",4,12,367,179,188
050,72,019,"Puerto Rico Commonwealth","Barranquitas Municipio",4,13,377,190,187
050,72,019,"Puerto Rico Commonwealth","Barranquitas Municipio",4,14,377,190,187
050,72,019,"Puerto Rico Commonwealth","Barranquitas Municipio",4,15,363,180,183
050,72,019,"Puerto Rico Commonwealth","Barranquitas Municipio",4,16,367,184,183
050,72,019,"Puerto Rico Commonwealth","Barranquitas Municipio",4,17,397,201,196
050,72,019,"Puerto Rico Commonwealth","Barranquitas Municipio",4,18,370,192,178
050,72,019,"Puerto Rico Commonwealth","Barranquitas Municipio",4,19,342,180,162
050,72,019,"Puerto Rico Commonwealth","Barranquitas Municipio",4,20,337,175,162
050,72,019,"Puerto Rico Commonwealth","Barranquitas Municipio",4,21,369,193,176
050,72,019,"Puerto Rico Commonwealth","Barranquitas Municipio",4,22,374,196,178
050,72,019,"Puerto Rico Commonwealth","Barranquitas Municipio",4,23,376,199,177
050,72,019,"Puerto Rico Commonwealth","Barranquitas Municipio",4,24,407,212,195
050,72,019,"Puerto Rico Commonwealth","Barranquitas Municipio",4,25,441,225,216
050,72,019,"Puerto Rico Commonwealth","Barranquitas Municipio",4,26,427,228,199
050,72,019,"Puerto Rico Commonwealth","Barranquitas Municipio",4,27,411,221,190
050,72,019,"Puerto Rico Commonwealth","Barranquitas Municipio",4,28,423,209,214
050,72,019,"Puerto Rico Commonwealth","Barranquitas Municipio",4,29,415,205,210
050,72,019,"Puerto Rico Commonwealth","Barranquitas Municipio",4,30,410,202,208
050,72,019,"Puerto Rico Commonwealth","Barranquitas Municipio",4,31,419,215,204
050,72,019,"Puerto Rico Commonwealth","Barranquitas Municipio",4,32,402,205,197
050,72,019,"Puerto Rico Commonwealth","Barranquitas Municipio",4,33,391,201,190
050,72,019,"Puerto Rico Commonwealth","Barranquitas Municipio",4,34,398,204,194
050,72,019,"Puerto Rico Commonwealth","Barranquitas Municipio",4,35,392,203,189
050,72,019,"Puerto Rico Commonwealth","Barranquitas Municipio",4,36,376,188,188
050,72,019,"Puerto Rico Commonwealth","Barranquitas Municipio",4,37,361,172,189
050,72,019,"Puerto Rico Commonwealth","Barranquitas Municipio",4,38,347,170,177
050,72,019,"Puerto Rico Commonwealth","Barranquitas Municipio",4,39,355,181,174
050,72,019,"Puerto Rico Commonwealth","Barranquitas Municipio",4,40,360,189,171
050,72,019,"Puerto Rico Commonwealth","Barranquitas Municipio",4,41,350,182,168
050,72,019,"Puerto Rico Commonwealth","Barranquitas Municipio",4,42,366,180,186
050,72,019,"Puerto Rico Commonwealth","Barranquitas Municipio",4,43,370,175,195
050,72,019,"Puerto Rico Commonwealth","Barranquitas Municipio",4,44,348,166,182
050,72,019,"Puerto Rico Commonwealth","Barranquitas Municipio",4,45,327,159,168
050,72,019,"Puerto Rico Commonwealth","Barranquitas Municipio",4,46,307,145,162
050,72,019,"Puerto Rico Commonwealth","Barranquitas Municipio",4,47,298,137,161
050,72,019,"Puerto Rico Commonwealth","Barranquitas Municipio",4,48,297,142,155
050,72,019,"Puerto Rico Commonwealth","Barranquitas Municipio",4,49,308,147,161
050,72,019,"Puerto Rico Commonwealth","Barranquitas Municipio",4,50,315,147,168
050,72,019,"Puerto Rico Commonwealth","Barranquitas Municipio",4,51,330,156,174
050,72,019,"Puerto Rico Commonwealth","Barranquitas Municipio",4,52,360,178,182
050,72,019,"Puerto Rico Commonwealth","Barranquitas Municipio",4,53,371,180,191
050,72,019,"Puerto Rico Commonwealth","Barranquitas Municipio",4,54,378,176,202
050,72,019,"Puerto Rico Commonwealth","Barranquitas Municipio",4,55,382,180,202
050,72,019,"Puerto Rico Commonwealth","Barranquitas Municipio",4,56,409,186,223
050,72,019,"Puerto Rico Commonwealth","Barranquitas Municipio",4,57,431,194,237
050,72,019,"Puerto Rico Commonwealth","Barranquitas Municipio",4,58,437,208,229
050,72,019,"Puerto Rico Commonwealth","Barranquitas Municipio",4,59,427,211,216
050,72,019,"Puerto Rico Commonwealth","Barranquitas Municipio",4,60,406,199,207
050,72,019,"Puerto Rico Commonwealth","Barranquitas Municipio",4,61,412,194,218
050,72,019,"Puerto Rico Commonwealth","Barranquitas Municipio",4,62,411,200,211
050,72,019,"Puerto Rico Commonwealth","Barranquitas Municipio",4,63,388,192,196
050,72,019,"Puerto Rico Commonwealth","Barranquitas Municipio",4,64,377,181,196
050,72,019,"Puerto Rico Commonwealth","Barranquitas Municipio",4,65,373,178,195
050,72,019,"Puerto Rico Commonwealth","Barranquitas Municipio",4,66,361,174,187
050,72,019,"Puerto Rico Commonwealth","Barranquitas Municipio",4,67,355,174,181
050,72,019,"Puerto Rico Commonwealth","Barranquitas Municipio",4,68,344,163,181
050,72,019,"Puerto Rico Commonwealth","Barranquitas Municipio",4,69,308,144,164
050,72,019,"Puerto Rico Commonwealth","Barranquitas Municipio",4,70,299,142,157
050,72,019,"Puerto Rico Commonwealth","Barranquitas Municipio",4,71,282,140,142
050,72,019,"Puerto Rico Commonwealth","Barranquitas Municipio",4,72,262,123,139
050,72,019,"Puerto Rico Commonwealth","Barranquitas Municipio",4,73,258,120,138
050,72,019,"Puerto Rico Commonwealth","Barranquitas Municipio",4,74,264,121,143
050,72,019,"Puerto Rico Commonwealth","Barranquitas Municipio",4,75,251,116,135
050,72,019,"Puerto Rico Commonwealth","Barranquitas Municipio",4,76,236,112,124
050,72,019,"Puerto Rico Commonwealth","Barranquitas Municipio",4,77,220,101,119
050,72,019,"Puerto Rico Commonwealth","Barranquitas Municipio",4,78,198,84,114
050,72,019,"Puerto Rico Commonwealth","Barranquitas Municipio",4,79,171,74,97
050,72,019,"Puerto Rico Commonwealth","Barranquitas Municipio",4,80,160,70,90
050,72,019,"Puerto Rico Commonwealth","Barranquitas Municipio",4,81,139,59,80
050,72,019,"Puerto Rico Commonwealth","Barranquitas Municipio",4,82,132,51,81
050,72,019,"Puerto Rico Commonwealth","Barranquitas Municipio",4,83,119,47,72
050,72,019,"Puerto Rico Commonwealth","Barranquitas Municipio",4,84,120,51,69
050,72,019,"Puerto Rico Commonwealth","Barranquitas Municipio",4,85,747,287,460
050,72,019,"Puerto Rico Commonwealth","Barranquitas Municipio",5,0,182,98,84
050,72,019,"Puerto Rico Commonwealth","Barranquitas Municipio",5,1,213,104,109
050,72,019,"Puerto Rico Commonwealth","Barranquitas Municipio",5,2,196,87,109
050,72,019,"Puerto Rico Commonwealth","Barranquitas Municipio",5,3,204,110,94
050,72,019,"Puerto Rico Commonwealth","Barranquitas Municipio",5,4,230,121,109
050,72,019,"Puerto Rico Commonwealth","Barranquitas Municipio",5,5,248,125,123
050,72,019,"Puerto Rico Commonwealth","Barranquitas Municipio",5,6,266,137,129
050,72,019,"Puerto Rico Commonwealth","Barranquitas Municipio",5,7,298,154,144
050,72,019,"Puerto Rico Commonwealth","Barranquitas Municipio",5,8,327,169,158
050,72,019,"Puerto Rico Commonwealth","Barranquitas Municipio",5,9,344,182,162
050,72,019,"Puerto Rico Commonwealth","Barranquitas Municipio",5,10,359,192,167
050,72,019,"Puerto Rico Commonwealth","Barranquitas Municipio",5,11,350,190,160
050,72,019,"Puerto Rico Commonwealth","Barranquitas Municipio",5,12,364,184,180
050,72,019,"Puerto Rico Commonwealth","Barranquitas Municipio",5,13,371,181,190
050,72,019,"Puerto Rico Commonwealth","Barranquitas Municipio",5,14,381,192,189
050,72,019,"Puerto Rico Commonwealth","Barranquitas Municipio",5,15,380,191,189
050,72,019,"Puerto Rico Commonwealth","Barranquitas Municipio",5,16,369,182,187
050,72,019,"Puerto Rico Commonwealth","Barranquitas Municipio",5,17,374,189,185
050,72,019,"Puerto Rico Commonwealth","Barranquitas Municipio",5,18,389,198,191
050,72,019,"Puerto Rico Commonwealth","Barranquitas Municipio",5,19,365,191,174
050,72,019,"Puerto Rico Commonwealth","Barranquitas Municipio",5,20,342,181,161
050,72,019,"Puerto Rico Commonwealth","Barranquitas Municipio",5,21,335,174,161
050,72,019,"Puerto Rico Commonwealth","Barranquitas Municipio",5,22,366,190,176
050,72,019,"Puerto Rico Commonwealth","Barranquitas Municipio",5,23,373,196,177
050,72,019,"Puerto Rico Commonwealth","Barranquitas Municipio",5,24,378,202,176
050,72,019,"Puerto Rico Commonwealth","Barranquitas Municipio",5,25,403,209,194
050,72,019,"Puerto Rico Commonwealth","Barranquitas Municipio",5,26,441,225,216
050,72,019,"Puerto Rico Commonwealth","Barranquitas Municipio",5,27,428,230,198
050,72,019,"Puerto Rico Commonwealth","Barranquitas Municipio",5,28,409,220,189
050,72,019,"Puerto Rico Commonwealth","Barranquitas Municipio",5,29,421,207,214
050,72,019,"Puerto Rico Commonwealth","Barranquitas Municipio",5,30,417,206,211
050,72,019,"Puerto Rico Commonwealth","Barranquitas Municipio",5,31,413,204,209
050,72,019,"Puerto Rico Commonwealth","Barranquitas Municipio",5,32,422,217,205
050,72,019,"Puerto Rico Commonwealth","Barranquitas Municipio",5,33,407,209,198
050,72,019,"Puerto Rico Commonwealth","Barranquitas Municipio",5,34,390,200,190
050,72,019,"Puerto Rico Commonwealth","Barranquitas Municipio",5,35,399,204,195
050,72,019,"Puerto Rico Commonwealth","Barranquitas Municipio",5,36,396,205,191
050,72,019,"Puerto Rico Commonwealth","Barranquitas Municipio",5,37,374,186,188
050,72,019,"Puerto Rico Commonwealth","Barranquitas Municipio",5,38,364,173,191
050,72,019,"Puerto Rico Commonwealth","Barranquitas Municipio",5,39,351,173,178
050,72,019,"Puerto Rico Commonwealth","Barranquitas Municipio",5,40,358,182,176
050,72,019,"Puerto Rico Commonwealth","Barranquitas Municipio",5,41,363,192,171
050,72,019,"Puerto Rico Commonwealth","Barranquitas Municipio",5,42,351,182,169
050,72,019,"Puerto Rico Commonwealth","Barranquitas Municipio",5,43,368,181,187
050,72,019,"Puerto Rico Commonwealth","Barranquitas Municipio",5,44,370,175,195
050,72,019,"Puerto Rico Commonwealth","Barranquitas Municipio",5,45,349,166,183
050,72,019,"Puerto Rico Commonwealth","Barranquitas Municipio",5,46,330,161,169
050,72,019,"Puerto Rico Commonwealth","Barranquitas Municipio",5,47,309,146,163
050,72,019,"Puerto Rico Commonwealth","Barranquitas Municipio",5,48,301,140,161
050,72,019,"Puerto Rico Commonwealth","Barranquitas Municipio",5,49,299,143,156
050,72,019,"Puerto Rico Commonwealth","Barranquitas Municipio",5,50,307,145,162
050,72,019,"Puerto Rico Commonwealth","Barranquitas Municipio",5,51,318,149,169
050,72,019,"Puerto Rico Commonwealth","Barranquitas Municipio",5,52,331,156,175
050,72,019,"Puerto Rico Commonwealth","Barranquitas Municipio",5,53,361,178,183
050,72,019,"Puerto Rico Commonwealth","Barranquitas Municipio",5,54,373,180,193
050,72,019,"Puerto Rico Commonwealth","Barranquitas Municipio",5,55,374,172,202
050,72,019,"Puerto Rico Commonwealth","Barranquitas Municipio",5,56,385,182,203
050,72,019,"Puerto Rico Commonwealth","Barranquitas Municipio",5,57,408,185,223
050,72,019,"Puerto Rico Commonwealth","Barranquitas Municipio",5,58,431,193,238
050,72,019,"Puerto Rico Commonwealth","Barranquitas Municipio",5,59,436,207,229
050,72,019,"Puerto Rico Commonwealth","Barranquitas Municipio",5,60,427,210,217
050,72,019,"Puerto Rico Commonwealth","Barranquitas Municipio",5,61,406,199,207
050,72,019,"Puerto Rico Commonwealth","Barranquitas Municipio",5,62,410,191,219
050,72,019,"Puerto Rico Commonwealth","Barranquitas Municipio",5,63,411,199,212
050,72,019,"Puerto Rico Commonwealth","Barranquitas Municipio",5,64,386,191,195
050,72,019,"Puerto Rico Commonwealth","Barranquitas Municipio",5,65,378,182,196
050,72,019,"Puerto Rico Commonwealth","Barranquitas Municipio",5,66,366,174,192
050,72,019,"Puerto Rico Commonwealth","Barranquitas Municipio",5,67,357,171,186
050,72,019,"Puerto Rico Commonwealth","Barranquitas Municipio",5,68,353,171,182
050,72,019,"Puerto Rico Commonwealth","Barranquitas Municipio",5,69,340,160,180
050,72,019,"Puerto Rico Commonwealth","Barranquitas Municipio",5,70,307,142,165
050,72,019,"Puerto Rico Commonwealth","Barranquitas Municipio",5,71,297,140,157
050,72,019,"Puerto Rico Commonwealth","Barranquitas Municipio",5,72,282,140,142
050,72,019,"Puerto Rico Commonwealth","Barranquitas Municipio",5,73,258,121,137
050,72,019,"Puerto Rico Commonwealth","Barranquitas Municipio",5,74,255,119,136
050,72,019,"Puerto Rico Commonwealth","Barranquitas Municipio",5,75,261,119,142
050,72,019,"Puerto Rico Commonwealth","Barranquitas Municipio",5,76,243,109,134
050,72,019,"Puerto Rico Commonwealth","Barranquitas Municipio",5,77,229,108,121
050,72,019,"Puerto Rico Commonwealth","Barranquitas Municipio",5,78,213,94,119
050,72,019,"Puerto Rico Commonwealth","Barranquitas Municipio",5,79,192,81,111
050,72,019,"Puerto Rico Commonwealth","Barranquitas Municipio",5,80,163,69,94
050,72,019,"Puerto Rico Commonwealth","Barranquitas Municipio",5,81,155,65,90
050,72,019,"Puerto Rico Commonwealth","Barranquitas Municipio",5,82,130,54,76
050,72,019,"Puerto Rico Commonwealth","Barranquitas Municipio",5,83,128,49,79
050,72,019,"Puerto Rico Commonwealth","Barranquitas Municipio",5,84,112,43,69
050,72,019,"Puerto Rico Commonwealth","Barranquitas Municipio",5,85,800,311,489
050,72,021,"Puerto Rico Commonwealth","Bayamón Municipio",1,0,1239,638,601
050,72,021,"Puerto Rico Commonwealth","Bayamón Municipio",1,1,1288,652,636
050,72,021,"Puerto Rico Commonwealth","Bayamón Municipio",1,2,1273,659,614
050,72,021,"Puerto Rico Commonwealth","Bayamón Municipio",1,3,1359,712,647
050,72,021,"Puerto Rico Commonwealth","Bayamón Municipio",1,4,1484,751,733
050,72,021,"Puerto Rico Commonwealth","Bayamón Municipio",1,5,1464,743,721
050,72,021,"Puerto Rico Commonwealth","Bayamón Municipio",1,6,1595,813,782
050,72,021,"Puerto Rico Commonwealth","Bayamón Municipio",1,7,1602,791,811
050,72,021,"Puerto Rico Commonwealth","Bayamón Municipio",1,8,1749,886,863
050,72,021,"Puerto Rico Commonwealth","Bayamón Municipio",1,9,1787,914,873
050,72,021,"Puerto Rico Commonwealth","Bayamón Municipio",1,10,1853,928,925
050,72,021,"Puerto Rico Commonwealth","Bayamón Municipio",1,11,1805,917,888
050,72,021,"Puerto Rico Commonwealth","Bayamón Municipio",1,12,1817,949,868
050,72,021,"Puerto Rico Commonwealth","Bayamón Municipio",1,13,1918,1007,911
050,72,021,"Puerto Rico Commonwealth","Bayamón Municipio",1,14,2010,1068,942
050,72,021,"Puerto Rico Commonwealth","Bayamón Municipio",1,15,2069,1072,997
050,72,021,"Puerto Rico Commonwealth","Bayamón Municipio",1,16,2025,1042,983
050,72,021,"Puerto Rico Commonwealth","Bayamón Municipio",1,17,2106,1069,1037
050,72,021,"Puerto Rico Commonwealth","Bayamón Municipio",1,18,2247,1139,1108
050,72,021,"Puerto Rico Commonwealth","Bayamón Municipio",1,19,2373,1221,1152
050,72,021,"Puerto Rico Commonwealth","Bayamón Municipio",1,20,2458,1310,1148
050,72,021,"Puerto Rico Commonwealth","Bayamón Municipio",1,21,2442,1282,1160
050,72,021,"Puerto Rico Commonwealth","Bayamón Municipio",1,22,2569,1337,1232
050,72,021,"Puerto Rico Commonwealth","Bayamón Municipio",1,23,2646,1400,1246
050,72,021,"Puerto Rico Commonwealth","Bayamón Municipio",1,24,2649,1457,1192
050,72,021,"Puerto Rico Commonwealth","Bayamón Municipio",1,25,2728,1484,1244
050,72,021,"Puerto Rico Commonwealth","Bayamón Municipio",1,26,2826,1534,1292
050,72,021,"Puerto Rico Commonwealth","Bayamón Municipio",1,27,2754,1430,1324
050,72,021,"Puerto Rico Commonwealth","Bayamón Municipio",1,28,2680,1388,1292
050,72,021,"Puerto Rico Commonwealth","Bayamón Municipio",1,29,2981,1680,1301
050,72,021,"Puerto Rico Commonwealth","Bayamón Municipio",1,30,2852,1572,1280
050,72,021,"Puerto Rico Commonwealth","Bayamón Municipio",1,31,2422,1218,1204
050,72,021,"Puerto Rico Commonwealth","Bayamón Municipio",1,32,2289,1137,1152
050,72,021,"Puerto Rico Commonwealth","Bayamón Municipio",1,33,2140,1012,1128
050,72,021,"Puerto Rico Commonwealth","Bayamón Municipio",1,34,2249,1065,1184
050,72,021,"Puerto Rico Commonwealth","Bayamón Municipio",1,35,2067,925,1142
050,72,021,"Puerto Rico Commonwealth","Bayamón Municipio",1,36,2079,990,1089
050,72,021,"Puerto Rico Commonwealth","Bayamón Municipio",1,37,2187,1054,1133
050,72,021,"Puerto Rico Commonwealth","Bayamón Municipio",1,38,2256,1114,1142
050,72,021,"Puerto Rico Commonwealth","Bayamón Municipio",1,39,2258,1030,1228
050,72,021,"Puerto Rico Commonwealth","Bayamón Municipio",1,40,2358,1091,1267
050,72,021,"Puerto Rico Commonwealth","Bayamón Municipio",1,41,2239,1090,1149
050,72,021,"Puerto Rico Commonwealth","Bayamón Municipio",1,42,2205,996,1209
050,72,021,"Puerto Rico Commonwealth","Bayamón Municipio",1,43,2180,1034,1146
050,72,021,"Puerto Rico Commonwealth","Bayamón Municipio",1,44,2024,917,1107
050,72,021,"Puerto Rico Commonwealth","Bayamón Municipio",1,45,2082,969,1113
050,72,021,"Puerto Rico Commonwealth","Bayamón Municipio",1,46,2037,937,1100
050,72,021,"Puerto Rico Commonwealth","Bayamón Municipio",1,47,2077,945,1132
050,72,021,"Puerto Rico Commonwealth","Bayamón Municipio",1,48,2220,1055,1165
050,72,021,"Puerto Rico Commonwealth","Bayamón Municipio",1,49,2273,1051,1222
050,72,021,"Puerto Rico Commonwealth","Bayamón Municipio",1,50,2255,1060,1195
050,72,021,"Puerto Rico Commonwealth","Bayamón Municipio",1,51,2166,1022,1144
050,72,021,"Puerto Rico Commonwealth","Bayamón Municipio",1,52,2177,1014,1163
050,72,021,"Puerto Rico Commonwealth","Bayamón Municipio",1,53,2260,1045,1215
050,72,021,"Puerto Rico Commonwealth","Bayamón Municipio",1,54,2468,1118,1350
050,72,021,"Puerto Rico Commonwealth","Bayamón Municipio",1,55,2565,1103,1462
050,72,021,"Puerto Rico Commonwealth","Bayamón Municipio",1,56,2624,1154,1470
050,72,021,"Puerto Rico Commonwealth","Bayamón Municipio",1,57,2624,1156,1468
050,72,021,"Puerto Rico Commonwealth","Bayamón Municipio",1,58,2542,1100,1442
050,72,021,"Puerto Rico Commonwealth","Bayamón Municipio",1,59,2531,1100,1431
050,72,021,"Puerto Rico Commonwealth","Bayamón Municipio",1,60,2538,1093,1445
050,72,021,"Puerto Rico Commonwealth","Bayamón Municipio",1,61,2389,1027,1362
050,72,021,"Puerto Rico Commonwealth","Bayamón Municipio",1,62,2387,1031,1356
050,72,021,"Puerto Rico Commonwealth","Bayamón Municipio",1,63,2430,1049,1381
050,72,021,"Puerto Rico Commonwealth","Bayamón Municipio",1,64,2355,986,1369
050,72,021,"Puerto Rico Commonwealth","Bayamón Municipio",1,65,2317,998,1319
050,72,021,"Puerto Rico Commonwealth","Bayamón Municipio",1,66,2241,948,1293
050,72,021,"Puerto Rico Commonwealth","Bayamón Municipio",1,67,2116,877,1239
050,72,021,"Puerto Rico Commonwealth","Bayamón Municipio",1,68,2040,825,1215
050,72,021,"Puerto Rico Commonwealth","Bayamón Municipio",1,69,1992,814,1178
050,72,021,"Puerto Rico Commonwealth","Bayamón Municipio",1,70,2027,858,1169
050,72,021,"Puerto Rico Commonwealth","Bayamón Municipio",1,71,1963,820,1143
050,72,021,"Puerto Rico Commonwealth","Bayamón Municipio",1,72,2000,846,1154
050,72,021,"Puerto Rico Commonwealth","Bayamón Municipio",1,73,2010,847,1163
050,72,021,"Puerto Rico Commonwealth","Bayamón Municipio",1,74,1932,797,1135
050,72,021,"Puerto Rico Commonwealth","Bayamón Municipio",1,75,1844,797,1047
050,72,021,"Puerto Rico Commonwealth","Bayamón Municipio",1,76,1741,745,996
050,72,021,"Puerto Rico Commonwealth","Bayamón Municipio",1,77,1645,674,971
050,72,021,"Puerto Rico Commonwealth","Bayamón Municipio",1,78,1627,654,973
050,72,021,"Puerto Rico Commonwealth","Bayamón Municipio",1,79,1519,602,917
050,72,021,"Puerto Rico Commonwealth","Bayamón Municipio",1,80,1508,589,919
050,72,021,"Puerto Rico Commonwealth","Bayamón Municipio",1,81,1473,584,889
050,72,021,"Puerto Rico Commonwealth","Bayamón Municipio",1,82,1375,560,815
050,72,021,"Puerto Rico Commonwealth","Bayamón Municipio",1,83,1282,517,765
050,72,021,"Puerto Rico Commonwealth","Bayamón Municipio",1,84,1136,459,677
050,72,021,"Puerto Rico Commonwealth","Bayamón Municipio",1,85,6798,2482,4316
050,72,021,"Puerto Rico Commonwealth","Bayamón Municipio",2,0,1182,604,578
050,72,021,"Puerto Rico Commonwealth","Bayamón Municipio",2,1,1272,646,626
050,72,021,"Puerto Rico Commonwealth","Bayamón Municipio",2,2,1276,657,619
050,72,021,"Puerto Rico Commonwealth","Bayamón Municipio",2,3,1335,697,638
050,72,021,"Puerto Rico Commonwealth","Bayamón Municipio",2,4,1451,741,710
050,72,021,"Puerto Rico Commonwealth","Bayamón Municipio",2,5,1467,744,723
050,72,021,"Puerto Rico Commonwealth","Bayamón Municipio",2,6,1560,794,766
050,72,021,"Puerto Rico Commonwealth","Bayamón Municipio",2,7,1599,796,803
050,72,021,"Puerto Rico Commonwealth","Bayamón Municipio",2,8,1710,861,849
050,72,021,"Puerto Rico Commonwealth","Bayamón Municipio",2,9,1775,906,869
050,72,021,"Puerto Rico Commonwealth","Bayamón Municipio",2,10,1836,925,911
050,72,021,"Puerto Rico Commonwealth","Bayamón Municipio",2,11,1817,919,898
050,72,021,"Puerto Rico Commonwealth","Bayamón Municipio",2,12,1814,941,873
050,72,021,"Puerto Rico Commonwealth","Bayamón Municipio",2,13,1894,994,900
050,72,021,"Puerto Rico Commonwealth","Bayamón Municipio",2,14,1990,1055,935
050,72,021,"Puerto Rico Commonwealth","Bayamón Municipio",2,15,2057,1073,984
050,72,021,"Puerto Rico Commonwealth","Bayamón Municipio",2,16,2039,1051,988
050,72,021,"Puerto Rico Commonwealth","Bayamón Municipio",2,17,2090,1065,1025
050,72,021,"Puerto Rico Commonwealth","Bayamón Municipio",2,18,2218,1126,1092
050,72,021,"Puerto Rico Commonwealth","Bayamón Municipio",2,19,2348,1205,1143
050,72,021,"Puerto Rico Commonwealth","Bayamón Municipio",2,20,2441,1290,1151
050,72,021,"Puerto Rico Commonwealth","Bayamón Municipio",2,21,2452,1293,1159
050,72,021,"Puerto Rico Commonwealth","Bayamón Municipio",2,22,2545,1329,1216
050,72,021,"Puerto Rico Commonwealth","Bayamón Municipio",2,23,2633,1389,1244
050,72,021,"Puerto Rico Commonwealth","Bayamón Municipio",2,24,2654,1447,1207
050,72,021,"Puerto Rico Commonwealth","Bayamón Municipio",2,25,2709,1477,1232
050,72,021,"Puerto Rico Commonwealth","Bayamón Municipio",2,26,2805,1524,1281
050,72,021,"Puerto Rico Commonwealth","Bayamón Municipio",2,27,2768,1452,1316
050,72,021,"Puerto Rico Commonwealth","Bayamón Municipio",2,28,2696,1397,1299
050,72,021,"Puerto Rico Commonwealth","Bayamón Municipio",2,29,2903,1605,1298
050,72,021,"Puerto Rico Commonwealth","Bayamón Municipio",2,30,2879,1596,1283
050,72,021,"Puerto Rico Commonwealth","Bayamón Municipio",2,31,2524,1302,1222
050,72,021,"Puerto Rico Commonwealth","Bayamón Municipio",2,32,2316,1152,1164
050,72,021,"Puerto Rico Commonwealth","Bayamón Municipio",2,33,2171,1039,1132
050,72,021,"Puerto Rico Commonwealth","Bayamón Municipio",2,34,2216,1048,1168
050,72,021,"Puerto Rico Commonwealth","Bayamón Municipio",2,35,2108,957,1151
050,72,021,"Puerto Rico Commonwealth","Bayamón Municipio",2,36,2072,971,1101
050,72,021,"Puerto Rico Commonwealth","Bayamón Municipio",2,37,2156,1035,1121
050,72,021,"Puerto Rico Commonwealth","Bayamón Municipio",2,38,2235,1096,1139
050,72,021,"Puerto Rico Commonwealth","Bayamón Municipio",2,39,2255,1049,1206
050,72,021,"Puerto Rico Commonwealth","Bayamón Municipio",2,40,2329,1074,1255
050,72,021,"Puerto Rico Commonwealth","Bayamón Municipio",2,41,2264,1087,1177
050,72,021,"Puerto Rico Commonwealth","Bayamón Municipio",2,42,2207,1015,1192
050,72,021,"Puerto Rico Commonwealth","Bayamón Municipio",2,43,2181,1022,1159
050,72,021,"Puerto Rico Commonwealth","Bayamón Municipio",2,44,2057,940,1117
050,72,021,"Puerto Rico Commonwealth","Bayamón Municipio",2,45,2063,952,1111
050,72,021,"Puerto Rico Commonwealth","Bayamón Municipio",2,46,2046,943,1103
050,72,021,"Puerto Rico Commonwealth","Bayamón Municipio",2,47,2065,941,1124
050,72,021,"Puerto Rico Commonwealth","Bayamón Municipio",2,48,2184,1027,1157
050,72,021,"Puerto Rico Commonwealth","Bayamón Municipio",2,49,2255,1048,1207
050,72,021,"Puerto Rico Commonwealth","Bayamón Municipio",2,50,2254,1054,1200
050,72,021,"Puerto Rico Commonwealth","Bayamón Municipio",2,51,2186,1030,1156
050,72,021,"Puerto Rico Commonwealth","Bayamón Municipio",2,52,2169,1012,1157
050,72,021,"Puerto Rico Commonwealth","Bayamón Municipio",2,53,2235,1034,1201
050,72,021,"Puerto Rico Commonwealth","Bayamón Municipio",2,54,2409,1093,1316
050,72,021,"Puerto Rico Commonwealth","Bayamón Municipio",2,55,2536,1105,1431
050,72,021,"Puerto Rico Commonwealth","Bayamón Municipio",2,56,2604,1137,1467
050,72,021,"Puerto Rico Commonwealth","Bayamón Municipio",2,57,2621,1154,1467
050,72,021,"Puerto Rico Commonwealth","Bayamón Municipio",2,58,2559,1112,1447
050,72,021,"Puerto Rico Commonwealth","Bayamón Municipio",2,59,2526,1093,1433
050,72,021,"Puerto Rico Commonwealth","Bayamón Municipio",2,60,2532,1092,1440
050,72,021,"Puerto Rico Commonwealth","Bayamón Municipio",2,61,2421,1040,1381
050,72,021,"Puerto Rico Commonwealth","Bayamón Municipio",2,62,2384,1027,1357
050,72,021,"Puerto Rico Commonwealth","Bayamón Municipio",2,63,2410,1041,1369
050,72,021,"Puerto Rico Commonwealth","Bayamón Municipio",2,64,2367,1000,1367
050,72,021,"Puerto Rico Commonwealth","Bayamón Municipio",2,65,2321,992,1329
050,72,021,"Puerto Rico Commonwealth","Bayamón Municipio",2,66,2256,958,1298
050,72,021,"Puerto Rico Commonwealth","Bayamón Municipio",2,67,2142,892,1250
050,72,021,"Puerto Rico Commonwealth","Bayamón Municipio",2,68,2056,838,1218
050,72,021,"Puerto Rico Commonwealth","Bayamón Municipio",2,69,2001,815,1186
050,72,021,"Puerto Rico Commonwealth","Bayamón Municipio",2,70,2011,843,1168
050,72,021,"Puerto Rico Commonwealth","Bayamón Municipio",2,71,1974,827,1147
050,72,021,"Puerto Rico Commonwealth","Bayamón Municipio",2,72,1986,836,1150
050,72,021,"Puerto Rico Commonwealth","Bayamón Municipio",2,73,2001,843,1158
050,72,021,"Puerto Rico Commonwealth","Bayamón Municipio",2,74,1947,807,1140
050,72,021,"Puerto Rico Commonwealth","Bayamón Municipio",2,75,1857,791,1066
050,72,021,"Puerto Rico Commonwealth","Bayamón Municipio",2,76,1761,751,1010
050,72,021,"Puerto Rico Commonwealth","Bayamón Municipio",2,77,1659,687,972
050,72,021,"Puerto Rico Commonwealth","Bayamón Municipio",2,78,1624,659,965
050,72,021,"Puerto Rico Commonwealth","Bayamón Municipio",2,79,1538,610,928
050,72,021,"Puerto Rico Commonwealth","Bayamón Municipio",2,80,1501,589,912
050,72,021,"Puerto Rico Commonwealth","Bayamón Municipio",2,81,1469,579,890
050,72,021,"Puerto Rico Commonwealth","Bayamón Municipio",2,82,1387,562,825
050,72,021,"Puerto Rico Commonwealth","Bayamón Municipio",2,83,1285,517,768
050,72,021,"Puerto Rico Commonwealth","Bayamón Municipio",2,84,1159,466,693
050,72,021,"Puerto Rico Commonwealth","Bayamón Municipio",2,85,6887,2512,4375
050,72,021,"Puerto Rico Commonwealth","Bayamón Municipio",3,0,1076,575,501
050,72,021,"Puerto Rico Commonwealth","Bayamón Municipio",3,1,1183,603,580
050,72,021,"Puerto Rico Commonwealth","Bayamón Municipio",3,2,1267,644,623
050,72,021,"Puerto Rico Commonwealth","Bayamón Municipio",3,3,1271,653,618
050,72,021,"Puerto Rico Commonwealth","Bayamón Municipio",3,4,1330,694,636
050,72,021,"Puerto Rico Commonwealth","Bayamón Municipio",3,5,1447,740,707
050,72,021,"Puerto Rico Commonwealth","Bayamón Municipio",3,6,1463,741,722
050,72,021,"Puerto Rico Commonwealth","Bayamón Municipio",3,7,1552,790,762
050,72,021,"Puerto Rico Commonwealth","Bayamón Municipio",3,8,1597,795,802
050,72,021,"Puerto Rico Commonwealth","Bayamón Municipio",3,9,1705,859,846
050,72,021,"Puerto Rico Commonwealth","Bayamón Municipio",3,10,1773,906,867
050,72,021,"Puerto Rico Commonwealth","Bayamón Municipio",3,11,1833,924,909
050,72,021,"Puerto Rico Commonwealth","Bayamón Municipio",3,12,1822,921,901
050,72,021,"Puerto Rico Commonwealth","Bayamón Municipio",3,13,1818,945,873
050,72,021,"Puerto Rico Commonwealth","Bayamón Municipio",3,14,1907,1003,904
050,72,021,"Puerto Rico Commonwealth","Bayamón Municipio",3,15,1999,1061,938
050,72,021,"Puerto Rico Commonwealth","Bayamón Municipio",3,16,2069,1082,987
050,72,021,"Puerto Rico Commonwealth","Bayamón Municipio",3,17,2053,1066,987
050,72,021,"Puerto Rico Commonwealth","Bayamón Municipio",3,18,2103,1085,1018
050,72,021,"Puerto Rico Commonwealth","Bayamón Municipio",3,19,2219,1135,1084
050,72,021,"Puerto Rico Commonwealth","Bayamón Municipio",3,20,2379,1222,1157
050,72,021,"Puerto Rico Commonwealth","Bayamón Municipio",3,21,2463,1301,1162
050,72,021,"Puerto Rico Commonwealth","Bayamón Municipio",3,22,2514,1345,1169
050,72,021,"Puerto Rico Commonwealth","Bayamón Municipio",3,23,2610,1377,1233
050,72,021,"Puerto Rico Commonwealth","Bayamón Municipio",3,24,2680,1421,1259
050,72,021,"Puerto Rico Commonwealth","Bayamón Municipio",3,25,2711,1492,1219
050,72,021,"Puerto Rico Commonwealth","Bayamón Municipio",3,26,2777,1542,1235
050,72,021,"Puerto Rico Commonwealth","Bayamón Municipio",3,27,2736,1451,1285
050,72,021,"Puerto Rico Commonwealth","Bayamón Municipio",3,28,2712,1397,1315
050,72,021,"Puerto Rico Commonwealth","Bayamón Municipio",3,29,2941,1644,1297
050,72,021,"Puerto Rico Commonwealth","Bayamón Municipio",3,30,2797,1502,1295
050,72,021,"Puerto Rico Commonwealth","Bayamón Municipio",3,31,2668,1388,1280
050,72,021,"Puerto Rico Commonwealth","Bayamón Municipio",3,32,2551,1337,1214
050,72,021,"Puerto Rico Commonwealth","Bayamón Municipio",3,33,2222,1064,1158
050,72,021,"Puerto Rico Commonwealth","Bayamón Municipio",3,34,2223,1089,1134
050,72,021,"Puerto Rico Commonwealth","Bayamón Municipio",3,35,2085,924,1161
050,72,021,"Puerto Rico Commonwealth","Bayamón Municipio",3,36,2134,987,1147
050,72,021,"Puerto Rico Commonwealth","Bayamón Municipio",3,37,2070,975,1095
050,72,021,"Puerto Rico Commonwealth","Bayamón Municipio",3,38,2220,1100,1120
050,72,021,"Puerto Rico Commonwealth","Bayamón Municipio",3,39,2134,1001,1133
050,72,021,"Puerto Rico Commonwealth","Bayamón Municipio",3,40,2154,956,1198
050,72,021,"Puerto Rico Commonwealth","Bayamón Municipio",3,41,2376,1120,1256
050,72,021,"Puerto Rico Commonwealth","Bayamón Municipio",3,42,2213,1047,1166
050,72,021,"Puerto Rico Commonwealth","Bayamón Municipio",3,43,2196,1008,1188
050,72,021,"Puerto Rico Commonwealth","Bayamón Municipio",3,44,2129,970,1159
050,72,021,"Puerto Rico Commonwealth","Bayamón Municipio",3,45,2080,968,1112
050,72,021,"Puerto Rico Commonwealth","Bayamón Municipio",3,46,2047,936,1111
050,72,021,"Puerto Rico Commonwealth","Bayamón Municipio",3,47,1994,900,1094
050,72,021,"Puerto Rico Commonwealth","Bayamón Municipio",3,48,2109,991,1118
050,72,021,"Puerto Rico Commonwealth","Bayamón Municipio",3,49,2139,980,1159
050,72,021,"Puerto Rico Commonwealth","Bayamón Municipio",3,50,2226,1022,1204
050,72,021,"Puerto Rico Commonwealth","Bayamón Municipio",3,51,2243,1047,1196
050,72,021,"Puerto Rico Commonwealth","Bayamón Municipio",3,52,2122,972,1150
050,72,021,"Puerto Rico Commonwealth","Bayamón Municipio",3,53,2155,1000,1155
050,72,021,"Puerto Rico Commonwealth","Bayamón Municipio",3,54,2217,1017,1200
050,72,021,"Puerto Rico Commonwealth","Bayamón Municipio",3,55,2383,1069,1314
050,72,021,"Puerto Rico Commonwealth","Bayamón Municipio",3,56,2549,1127,1422
050,72,021,"Puerto Rico Commonwealth","Bayamón Municipio",3,57,2590,1126,1464
050,72,021,"Puerto Rico Commonwealth","Bayamón Municipio",3,58,2552,1100,1452
050,72,021,"Puerto Rico Commonwealth","Bayamón Municipio",3,59,2530,1090,1440
050,72,021,"Puerto Rico Commonwealth","Bayamón Municipio",3,60,2502,1078,1424
050,72,021,"Puerto Rico Commonwealth","Bayamón Municipio",3,61,2504,1069,1435
050,72,021,"Puerto Rico Commonwealth","Bayamón Municipio",3,62,2391,1024,1367
050,72,021,"Puerto Rico Commonwealth","Bayamón Municipio",3,63,2371,1019,1352
050,72,021,"Puerto Rico Commonwealth","Bayamón Municipio",3,64,2367,1004,1363
050,72,021,"Puerto Rico Commonwealth","Bayamón Municipio",3,65,2352,987,1365
050,72,021,"Puerto Rico Commonwealth","Bayamón Municipio",3,66,2320,990,1330
050,72,021,"Puerto Rico Commonwealth","Bayamón Municipio",3,67,2212,934,1278
050,72,021,"Puerto Rico Commonwealth","Bayamón Municipio",3,68,2136,884,1252
050,72,021,"Puerto Rico Commonwealth","Bayamón Municipio",3,69,2023,815,1208
050,72,021,"Puerto Rico Commonwealth","Bayamón Municipio",3,70,1981,801,1180
050,72,021,"Puerto Rico Commonwealth","Bayamón Municipio",3,71,1974,816,1158
050,72,021,"Puerto Rico Commonwealth","Bayamón Municipio",3,72,1960,824,1136
050,72,021,"Puerto Rico Commonwealth","Bayamón Municipio",3,73,1965,818,1147
050,72,021,"Puerto Rico Commonwealth","Bayamón Municipio",3,74,1957,809,1148
050,72,021,"Puerto Rico Commonwealth","Bayamón Municipio",3,75,1923,790,1133
050,72,021,"Puerto Rico Commonwealth","Bayamón Municipio",3,76,1813,773,1040
050,72,021,"Puerto Rico Commonwealth","Bayamón Municipio",3,77,1726,728,998
050,72,021,"Puerto Rico Commonwealth","Bayamón Municipio",3,78,1620,676,944
050,72,021,"Puerto Rico Commonwealth","Bayamón Municipio",3,79,1575,627,948
050,72,021,"Puerto Rico Commonwealth","Bayamón Municipio",3,80,1490,587,903
050,72,021,"Puerto Rico Commonwealth","Bayamón Municipio",3,81,1452,571,881
050,72,021,"Puerto Rico Commonwealth","Bayamón Municipio",3,82,1395,539,856
050,72,021,"Puerto Rico Commonwealth","Bayamón Municipio",3,83,1327,537,790
050,72,021,"Puerto Rico Commonwealth","Bayamón Municipio",3,84,1213,481,732
050,72,021,"Puerto Rico Commonwealth","Bayamón Municipio",3,85,7293,2659,4634
050,72,021,"Puerto Rico Commonwealth","Bayamón Municipio",4,0,1143,570,573
050,72,021,"Puerto Rico Commonwealth","Bayamón Municipio",4,1,1055,563,492
050,72,021,"Puerto Rico Commonwealth","Bayamón Municipio",4,2,1159,591,568
050,72,021,"Puerto Rico Commonwealth","Bayamón Municipio",4,3,1241,630,611
050,72,021,"Puerto Rico Commonwealth","Bayamón Municipio",4,4,1246,640,606
050,72,021,"Puerto Rico Commonwealth","Bayamón Municipio",4,5,1307,683,624
050,72,021,"Puerto Rico Commonwealth","Bayamón Municipio",4,6,1425,728,697
050,72,021,"Puerto Rico Commonwealth","Bayamón Municipio",4,7,1436,727,709
050,72,021,"Puerto Rico Commonwealth","Bayamón Municipio",4,8,1532,780,752
050,72,021,"Puerto Rico Commonwealth","Bayamón Municipio",4,9,1573,783,790
050,72,021,"Puerto Rico Commonwealth","Bayamón Municipio",4,10,1682,847,835
050,72,021,"Puerto Rico Commonwealth","Bayamón Municipio",4,11,1749,893,856
050,72,021,"Puerto Rico Commonwealth","Bayamón Municipio",4,12,1817,914,903
050,72,021,"Puerto Rico Commonwealth","Bayamón Municipio",4,13,1805,913,892
050,72,021,"Puerto Rico Commonwealth","Bayamón Municipio",4,14,1809,941,868
050,72,021,"Puerto Rico Commonwealth","Bayamón Municipio",4,15,1894,996,898
050,72,021,"Puerto Rico Commonwealth","Bayamón Municipio",4,16,1986,1055,931
050,72,021,"Puerto Rico Commonwealth","Bayamón Municipio",4,17,2057,1082,975
050,72,021,"Puerto Rico Commonwealth","Bayamón Municipio",4,18,2036,1069,967
050,72,021,"Puerto Rico Commonwealth","Bayamón Municipio",4,19,2072,1076,996
050,72,021,"Puerto Rico Commonwealth","Bayamón Municipio",4,20,2219,1136,1083
050,72,021,"Puerto Rico Commonwealth","Bayamón Municipio",4,21,2369,1215,1154
050,72,021,"Puerto Rico Commonwealth","Bayamón Municipio",4,22,2486,1328,1158
050,72,021,"Puerto Rico Commonwealth","Bayamón Municipio",4,23,2538,1367,1171
050,72,021,"Puerto Rico Commonwealth","Bayamón Municipio",4,24,2618,1385,1233
050,72,021,"Puerto Rico Commonwealth","Bayamón Municipio",4,25,2701,1442,1259
050,72,021,"Puerto Rico Commonwealth","Bayamón Municipio",4,26,2729,1520,1209
050,72,021,"Puerto Rico Commonwealth","Bayamón Municipio",4,27,2673,1448,1225
050,72,021,"Puerto Rico Commonwealth","Bayamón Municipio",4,28,2644,1376,1268
050,72,021,"Puerto Rico Commonwealth","Bayamón Municipio",4,29,2888,1590,1298
050,72,021,"Puerto Rico Commonwealth","Bayamón Municipio",4,30,2799,1522,1277
050,72,021,"Puerto Rico Commonwealth","Bayamón Municipio",4,31,2564,1285,1279
050,72,021,"Puerto Rico Commonwealth","Bayamón Municipio",4,32,2643,1384,1259
050,72,021,"Puerto Rico Commonwealth","Bayamón Municipio",4,33,2428,1231,1197
050,72,021,"Puerto Rico Commonwealth","Bayamón Municipio",4,34,2234,1087,1147
050,72,021,"Puerto Rico Commonwealth","Bayamón Municipio",4,35,2076,962,1114
050,72,021,"Puerto Rico Commonwealth","Bayamón Municipio",4,36,2075,935,1140
050,72,021,"Puerto Rico Commonwealth","Bayamón Municipio",4,37,2104,974,1130
050,72,021,"Puerto Rico Commonwealth","Bayamón Municipio",4,38,2093,1012,1081
050,72,021,"Puerto Rico Commonwealth","Bayamón Municipio",4,39,2102,1000,1102
050,72,021,"Puerto Rico Commonwealth","Bayamón Municipio",4,40,2016,905,1111
050,72,021,"Puerto Rico Commonwealth","Bayamón Municipio",4,41,2184,993,1191
050,72,021,"Puerto Rico Commonwealth","Bayamón Municipio",4,42,2303,1067,1236
050,72,021,"Puerto Rico Commonwealth","Bayamón Municipio",4,43,2180,1031,1149
050,72,021,"Puerto Rico Commonwealth","Bayamón Municipio",4,44,2121,941,1180
050,72,021,"Puerto Rico Commonwealth","Bayamón Municipio",4,45,2130,986,1144
050,72,021,"Puerto Rico Commonwealth","Bayamón Municipio",4,46,2045,939,1106
050,72,021,"Puerto Rico Commonwealth","Bayamón Municipio",4,47,1982,886,1096
050,72,021,"Puerto Rico Commonwealth","Bayamón Municipio",4,48,2023,942,1081
050,72,021,"Puerto Rico Commonwealth","Bayamón Municipio",4,49,2055,945,1110
050,72,021,"Puerto Rico Commonwealth","Bayamón Municipio",4,50,2092,948,1144
050,72,021,"Puerto Rico Commonwealth","Bayamón Municipio",4,51,2204,1011,1193
050,72,021,"Puerto Rico Commonwealth","Bayamón Municipio",4,52,2177,993,1184
050,72,021,"Puerto Rico Commonwealth","Bayamón Municipio",4,53,2086,951,1135
050,72,021,"Puerto Rico Commonwealth","Bayamón Municipio",4,54,2136,990,1146
050,72,021,"Puerto Rico Commonwealth","Bayamón Municipio",4,55,2177,980,1197
050,72,021,"Puerto Rico Commonwealth","Bayamón Municipio",4,56,2391,1091,1300
050,72,021,"Puerto Rico Commonwealth","Bayamón Municipio",4,57,2527,1114,1413
050,72,021,"Puerto Rico Commonwealth","Bayamón Municipio",4,58,2525,1078,1447
050,72,021,"Puerto Rico Commonwealth","Bayamón Municipio",4,59,2526,1078,1448
050,72,021,"Puerto Rico Commonwealth","Bayamón Municipio",4,60,2502,1077,1425
050,72,021,"Puerto Rico Commonwealth","Bayamón Municipio",4,61,2474,1059,1415
050,72,021,"Puerto Rico Commonwealth","Bayamón Municipio",4,62,2463,1042,1421
050,72,021,"Puerto Rico Commonwealth","Bayamón Municipio",4,63,2376,1019,1357
050,72,021,"Puerto Rico Commonwealth","Bayamón Municipio",4,64,2331,992,1339
050,72,021,"Puerto Rico Commonwealth","Bayamón Municipio",4,65,2348,994,1354
050,72,021,"Puerto Rico Commonwealth","Bayamón Municipio",4,66,2344,983,1361
050,72,021,"Puerto Rico Commonwealth","Bayamón Municipio",4,67,2257,953,1304
050,72,021,"Puerto Rico Commonwealth","Bayamón Municipio",4,68,2198,926,1272
050,72,021,"Puerto Rico Commonwealth","Bayamón Municipio",4,69,2108,867,1241
050,72,021,"Puerto Rico Commonwealth","Bayamón Municipio",4,70,1992,803,1189
050,72,021,"Puerto Rico Commonwealth","Bayamón Municipio",4,71,1953,780,1173
050,72,021,"Puerto Rico Commonwealth","Bayamón Municipio",4,72,1945,808,1137
050,72,021,"Puerto Rico Commonwealth","Bayamón Municipio",4,73,1947,822,1125
050,72,021,"Puerto Rico Commonwealth","Bayamón Municipio",4,74,1926,792,1134
050,72,021,"Puerto Rico Commonwealth","Bayamón Municipio",4,75,1933,790,1143
050,72,021,"Puerto Rico Commonwealth","Bayamón Municipio",4,76,1886,772,1114
050,72,021,"Puerto Rico Commonwealth","Bayamón Municipio",4,77,1795,757,1038
050,72,021,"Puerto Rico Commonwealth","Bayamón Municipio",4,78,1675,704,971
050,72,021,"Puerto Rico Commonwealth","Bayamón Municipio",4,79,1564,635,929
050,72,021,"Puerto Rico Commonwealth","Bayamón Municipio",4,80,1512,589,923
050,72,021,"Puerto Rico Commonwealth","Bayamón Municipio",4,81,1451,569,882
050,72,021,"Puerto Rico Commonwealth","Bayamón Municipio",4,82,1373,535,838
050,72,021,"Puerto Rico Commonwealth","Bayamón Municipio",4,83,1327,515,812
050,72,021,"Puerto Rico Commonwealth","Bayamón Municipio",4,84,1254,500,754
050,72,021,"Puerto Rico Commonwealth","Bayamón Municipio",4,85,7680,2783,4897
050,72,021,"Puerto Rico Commonwealth","Bayamón Municipio",5,0,1059,523,536
050,72,021,"Puerto Rico Commonwealth","Bayamón Municipio",5,1,1149,571,578
050,72,021,"Puerto Rico Commonwealth","Bayamón Municipio",5,2,1055,564,491
050,72,021,"Puerto Rico Commonwealth","Bayamón Municipio",5,3,1157,589,568
050,72,021,"Puerto Rico Commonwealth","Bayamón Municipio",5,4,1240,629,611
050,72,021,"Puerto Rico Commonwealth","Bayamón Municipio",5,5,1247,641,606
050,72,021,"Puerto Rico Commonwealth","Bayamón Municipio",5,6,1308,683,625
050,72,021,"Puerto Rico Commonwealth","Bayamón Municipio",5,7,1423,727,696
050,72,021,"Puerto Rico Commonwealth","Bayamón Municipio",5,8,1439,729,710
050,72,021,"Puerto Rico Commonwealth","Bayamón Municipio",5,9,1532,781,751
050,72,021,"Puerto Rico Commonwealth","Bayamón Municipio",5,10,1574,784,790
050,72,021,"Puerto Rico Commonwealth","Bayamón Municipio",5,11,1684,848,836
050,72,021,"Puerto Rico Commonwealth","Bayamón Municipio",5,12,1760,899,861
050,72,021,"Puerto Rico Commonwealth","Bayamón Municipio",5,13,1828,921,907
050,72,021,"Puerto Rico Commonwealth","Bayamón Municipio",5,14,1824,925,899
050,72,021,"Puerto Rico Commonwealth","Bayamón Municipio",5,15,1823,950,873
050,72,021,"Puerto Rico Commonwealth","Bayamón Municipio",5,16,1910,1007,903
050,72,021,"Puerto Rico Commonwealth","Bayamón Municipio",5,17,2005,1073,932
050,72,021,"Puerto Rico Commonwealth","Bayamón Municipio",5,18,2075,1104,971
050,72,021,"Puerto Rico Commonwealth","Bayamón Municipio",5,19,2042,1080,962
050,72,021,"Puerto Rico Commonwealth","Bayamón Municipio",5,20,2106,1096,1010
050,72,021,"Puerto Rico Commonwealth","Bayamón Municipio",5,21,2250,1153,1097
050,72,021,"Puerto Rico Commonwealth","Bayamón Municipio",5,22,2436,1267,1169
050,72,021,"Puerto Rico Commonwealth","Bayamón Municipio",5,23,2555,1378,1177
050,72,021,"Puerto Rico Commonwealth","Bayamón Municipio",5,24,2600,1411,1189
050,72,021,"Puerto Rico Commonwealth","Bayamón Municipio",5,25,2684,1434,1250
050,72,021,"Puerto Rico Commonwealth","Bayamón Municipio",5,26,2768,1502,1266
050,72,021,"Puerto Rico Commonwealth","Bayamón Municipio",5,27,2686,1469,1217
050,72,021,"Puerto Rico Commonwealth","Bayamón Municipio",5,28,2630,1405,1225
050,72,021,"Puerto Rico Commonwealth","Bayamón Municipio",5,29,2865,1595,1270
050,72,021,"Puerto Rico Commonwealth","Bayamón Municipio",5,30,2817,1520,1297
050,72,021,"Puerto Rico Commonwealth","Bayamón Municipio",5,31,2636,1356,1280
050,72,021,"Puerto Rico Commonwealth","Bayamón Municipio",5,32,2587,1313,1274
050,72,021,"Puerto Rico Commonwealth","Bayamón Municipio",5,33,2565,1308,1257
050,72,021,"Puerto Rico Commonwealth","Bayamón Municipio",5,34,2481,1279,1202
050,72,021,"Puerto Rico Commonwealth","Bayamón Municipio",5,35,2128,983,1145
050,72,021,"Puerto Rico Commonwealth","Bayamón Municipio",5,36,2100,992,1108
050,72,021,"Puerto Rico Commonwealth","Bayamón Municipio",5,37,2078,940,1138
050,72,021,"Puerto Rico Commonwealth","Bayamón Municipio",5,38,2169,1037,1132
050,72,021,"Puerto Rico Commonwealth","Bayamón Municipio",5,39,2019,939,1080
050,72,021,"Puerto Rico Commonwealth","Bayamón Municipio",5,40,2027,930,1097
050,72,021,"Puerto Rico Commonwealth","Bayamón Municipio",5,41,2068,951,1117
050,72,021,"Puerto Rico Commonwealth","Bayamón Municipio",5,42,2138,954,1184
050,72,021,"Puerto Rico Commonwealth","Bayamón Municipio",5,43,2303,1068,1235
050,72,021,"Puerto Rico Commonwealth","Bayamón Municipio",5,44,2133,984,1149
050,72,021,"Puerto Rico Commonwealth","Bayamón Municipio",5,45,2148,970,1178
050,72,021,"Puerto Rico Commonwealth","Bayamón Municipio",5,46,2124,975,1149
050,72,021,"Puerto Rico Commonwealth","Bayamón Municipio",5,47,1999,901,1098
050,72,021,"Puerto Rico Commonwealth","Bayamón Municipio",5,48,2034,942,1092
050,72,021,"Puerto Rico Commonwealth","Bayamón Municipio",5,49,1988,907,1081
050,72,021,"Puerto Rico Commonwealth","Bayamón Municipio",5,50,2028,923,1105
050,72,021,"Puerto Rico Commonwealth","Bayamón Municipio",5,51,2090,946,1144
050,72,021,"Puerto Rico Commonwealth","Bayamón Municipio",5,52,2148,961,1187
050,72,021,"Puerto Rico Commonwealth","Bayamón Municipio",5,53,2159,979,1180
050,72,021,"Puerto Rico Commonwealth","Bayamón Municipio",5,54,2073,938,1135
050,72,021,"Puerto Rico Commonwealth","Bayamón Municipio",5,55,2114,965,1149
050,72,021,"Puerto Rico Commonwealth","Bayamón Municipio",5,56,2197,1007,1190
050,72,021,"Puerto Rico Commonwealth","Bayamón Municipio",5,57,2379,1078,1301
050,72,021,"Puerto Rico Commonwealth","Bayamón Municipio",5,58,2476,1069,1407
050,72,021,"Puerto Rico Commonwealth","Bayamón Municipio",5,59,2504,1055,1449
050,72,021,"Puerto Rico Commonwealth","Bayamón Municipio",5,60,2506,1063,1443
050,72,021,"Puerto Rico Commonwealth","Bayamón Municipio",5,61,2490,1065,1425
050,72,021,"Puerto Rico Commonwealth","Bayamón Municipio",5,62,2436,1032,1404
050,72,021,"Puerto Rico Commonwealth","Bayamón Municipio",5,63,2449,1036,1413
050,72,021,"Puerto Rico Commonwealth","Bayamón Municipio",5,64,2336,989,1347
050,72,021,"Puerto Rico Commonwealth","Bayamón Municipio",5,65,2324,987,1337
050,72,021,"Puerto Rico Commonwealth","Bayamón Municipio",5,66,2340,991,1349
050,72,021,"Puerto Rico Commonwealth","Bayamón Municipio",5,67,2294,954,1340
050,72,021,"Puerto Rico Commonwealth","Bayamón Municipio",5,68,2240,941,1299
050,72,021,"Puerto Rico Commonwealth","Bayamón Municipio",5,69,2164,897,1267
050,72,021,"Puerto Rico Commonwealth","Bayamón Municipio",5,70,2088,849,1239
050,72,021,"Puerto Rico Commonwealth","Bayamón Municipio",5,71,1963,781,1182
050,72,021,"Puerto Rico Commonwealth","Bayamón Municipio",5,72,1931,770,1161
050,72,021,"Puerto Rico Commonwealth","Bayamón Municipio",5,73,1929,796,1133
050,72,021,"Puerto Rico Commonwealth","Bayamón Municipio",5,74,1916,794,1122
050,72,021,"Puerto Rico Commonwealth","Bayamón Municipio",5,75,1898,781,1117
050,72,021,"Puerto Rico Commonwealth","Bayamón Municipio",5,76,1892,768,1124
050,72,021,"Puerto Rico Commonwealth","Bayamón Municipio",5,77,1868,756,1112
050,72,021,"Puerto Rico Commonwealth","Bayamón Municipio",5,78,1758,738,1020
050,72,021,"Puerto Rico Commonwealth","Bayamón Municipio",5,79,1615,664,951
050,72,021,"Puerto Rico Commonwealth","Bayamón Municipio",5,80,1503,607,896
050,72,021,"Puerto Rico Commonwealth","Bayamón Municipio",5,81,1467,560,907
050,72,021,"Puerto Rico Commonwealth","Bayamón Municipio",5,82,1377,535,842
050,72,021,"Puerto Rico Commonwealth","Bayamón Municipio",5,83,1318,518,800
050,72,021,"Puerto Rico Commonwealth","Bayamón Municipio",5,84,1246,471,775
050,72,021,"Puerto Rico Commonwealth","Bayamón Municipio",5,85,8063,2909,5154
050,72,023,"Puerto Rico Commonwealth","Cabo Rojo Municipio",1,0,232,117,115
050,72,023,"Puerto Rico Commonwealth","Cabo Rojo Municipio",1,1,231,112,119
050,72,023,"Puerto Rico Commonwealth","Cabo Rojo Municipio",1,2,242,117,125
050,72,023,"Puerto Rico Commonwealth","Cabo Rojo Municipio",1,3,279,146,133
050,72,023,"Puerto Rico Commonwealth","Cabo Rojo Municipio",1,4,346,172,174
050,72,023,"Puerto Rico Commonwealth","Cabo Rojo Municipio",1,5,360,179,181
050,72,023,"Puerto Rico Commonwealth","Cabo Rojo Municipio",1,6,382,182,200
050,72,023,"Puerto Rico Commonwealth","Cabo Rojo Municipio",1,7,414,200,214
050,72,023,"Puerto Rico Commonwealth","Cabo Rojo Municipio",1,8,431,201,230
050,72,023,"Puerto Rico Commonwealth","Cabo Rojo Municipio",1,9,454,221,233
050,72,023,"Puerto Rico Commonwealth","Cabo Rojo Municipio",1,10,517,257,260
050,72,023,"Puerto Rico Commonwealth","Cabo Rojo Municipio",1,11,541,271,270
050,72,023,"Puerto Rico Commonwealth","Cabo Rojo Municipio",1,12,551,288,263
050,72,023,"Puerto Rico Commonwealth","Cabo Rojo Municipio",1,13,568,303,265
050,72,023,"Puerto Rico Commonwealth","Cabo Rojo Municipio",1,14,547,292,255
050,72,023,"Puerto Rico Commonwealth","Cabo Rojo Municipio",1,15,545,282,263
050,72,023,"Puerto Rico Commonwealth","Cabo Rojo Municipio",1,16,538,267,271
050,72,023,"Puerto Rico Commonwealth","Cabo Rojo Municipio",1,17,535,266,269
050,72,023,"Puerto Rico Commonwealth","Cabo Rojo Municipio",1,18,533,260,273
050,72,023,"Puerto Rico Commonwealth","Cabo Rojo Municipio",1,19,605,302,303
050,72,023,"Puerto Rico Commonwealth","Cabo Rojo Municipio",1,20,612,305,307
050,72,023,"Puerto Rico Commonwealth","Cabo Rojo Municipio",1,21,614,316,298
050,72,023,"Puerto Rico Commonwealth","Cabo Rojo Municipio",1,22,613,305,308
050,72,023,"Puerto Rico Commonwealth","Cabo Rojo Municipio",1,23,611,302,309
050,72,023,"Puerto Rico Commonwealth","Cabo Rojo Municipio",1,24,608,293,315
050,72,023,"Puerto Rico Commonwealth","Cabo Rojo Municipio",1,25,630,321,309
050,72,023,"Puerto Rico Commonwealth","Cabo Rojo Municipio",1,26,639,303,336
050,72,023,"Puerto Rico Commonwealth","Cabo Rojo Municipio",1,27,582,265,317
050,72,023,"Puerto Rico Commonwealth","Cabo Rojo Municipio",1,28,589,273,316
050,72,023,"Puerto Rico Commonwealth","Cabo Rojo Municipio",1,29,601,284,317
050,72,023,"Puerto Rico Commonwealth","Cabo Rojo Municipio",1,30,591,267,324
050,72,023,"Puerto Rico Commonwealth","Cabo Rojo Municipio",1,31,534,252,282
050,72,023,"Puerto Rico Commonwealth","Cabo Rojo Municipio",1,32,487,237,250
050,72,023,"Puerto Rico Commonwealth","Cabo Rojo Municipio",1,33,473,224,249
050,72,023,"Puerto Rico Commonwealth","Cabo Rojo Municipio",1,34,472,222,250
050,72,023,"Puerto Rico Commonwealth","Cabo Rojo Municipio",1,35,458,213,245
050,72,023,"Puerto Rico Commonwealth","Cabo Rojo Municipio",1,36,466,216,250
050,72,023,"Puerto Rico Commonwealth","Cabo Rojo Municipio",1,37,499,238,261
050,72,023,"Puerto Rico Commonwealth","Cabo Rojo Municipio",1,38,514,239,275
050,72,023,"Puerto Rico Commonwealth","Cabo Rojo Municipio",1,39,544,260,284
050,72,023,"Puerto Rico Commonwealth","Cabo Rojo Municipio",1,40,566,253,313
050,72,023,"Puerto Rico Commonwealth","Cabo Rojo Municipio",1,41,545,243,302
050,72,023,"Puerto Rico Commonwealth","Cabo Rojo Municipio",1,42,582,277,305
050,72,023,"Puerto Rico Commonwealth","Cabo Rojo Municipio",1,43,640,308,332
050,72,023,"Puerto Rico Commonwealth","Cabo Rojo Municipio",1,44,668,325,343
050,72,023,"Puerto Rico Commonwealth","Cabo Rojo Municipio",1,45,660,311,349
050,72,023,"Puerto Rico Commonwealth","Cabo Rojo Municipio",1,46,679,311,368
050,72,023,"Puerto Rico Commonwealth","Cabo Rojo Municipio",1,47,711,332,379
050,72,023,"Puerto Rico Commonwealth","Cabo Rojo Municipio",1,48,730,348,382
050,72,023,"Puerto Rico Commonwealth","Cabo Rojo Municipio",1,49,719,344,375
050,72,023,"Puerto Rico Commonwealth","Cabo Rojo Municipio",1,50,676,332,344
050,72,023,"Puerto Rico Commonwealth","Cabo Rojo Municipio",1,51,648,317,331
050,72,023,"Puerto Rico Commonwealth","Cabo Rojo Municipio",1,52,688,322,366
050,72,023,"Puerto Rico Commonwealth","Cabo Rojo Municipio",1,53,715,343,372
050,72,023,"Puerto Rico Commonwealth","Cabo Rojo Municipio",1,54,692,350,342
050,72,023,"Puerto Rico Commonwealth","Cabo Rojo Municipio",1,55,661,330,331
050,72,023,"Puerto Rico Commonwealth","Cabo Rojo Municipio",1,56,647,293,354
050,72,023,"Puerto Rico Commonwealth","Cabo Rojo Municipio",1,57,617,278,339
050,72,023,"Puerto Rico Commonwealth","Cabo Rojo Municipio",1,58,593,279,314
050,72,023,"Puerto Rico Commonwealth","Cabo Rojo Municipio",1,59,559,267,292
050,72,023,"Puerto Rico Commonwealth","Cabo Rojo Municipio",1,60,558,254,304
050,72,023,"Puerto Rico Commonwealth","Cabo Rojo Municipio",1,61,564,253,311
050,72,023,"Puerto Rico Commonwealth","Cabo Rojo Municipio",1,62,556,269,287
050,72,023,"Puerto Rico Commonwealth","Cabo Rojo Municipio",1,63,562,262,300
050,72,023,"Puerto Rico Commonwealth","Cabo Rojo Municipio",1,64,569,270,299
050,72,023,"Puerto Rico Commonwealth","Cabo Rojo Municipio",1,65,583,278,305
050,72,023,"Puerto Rico Commonwealth","Cabo Rojo Municipio",1,66,575,266,309
050,72,023,"Puerto Rico Commonwealth","Cabo Rojo Municipio",1,67,543,243,300
050,72,023,"Puerto Rico Commonwealth","Cabo Rojo Municipio",1,68,564,251,313
050,72,023,"Puerto Rico Commonwealth","Cabo Rojo Municipio",1,69,601,262,339
050,72,023,"Puerto Rico Commonwealth","Cabo Rojo Municipio",1,70,602,276,326
050,72,023,"Puerto Rico Commonwealth","Cabo Rojo Municipio",1,71,595,278,317
050,72,023,"Puerto Rico Commonwealth","Cabo Rojo Municipio",1,72,609,281,328
050,72,023,"Puerto Rico Commonwealth","Cabo Rojo Municipio",1,73,595,263,332
050,72,023,"Puerto Rico Commonwealth","Cabo Rojo Municipio",1,74,544,245,299
050,72,023,"Puerto Rico Commonwealth","Cabo Rojo Municipio",1,75,496,234,262
050,72,023,"Puerto Rico Commonwealth","Cabo Rojo Municipio",1,76,475,222,253
050,72,023,"Puerto Rico Commonwealth","Cabo Rojo Municipio",1,77,474,218,256
050,72,023,"Puerto Rico Commonwealth","Cabo Rojo Municipio",1,78,449,202,247
050,72,023,"Puerto Rico Commonwealth","Cabo Rojo Municipio",1,79,410,183,227
050,72,023,"Puerto Rico Commonwealth","Cabo Rojo Municipio",1,80,377,167,210
050,72,023,"Puerto Rico Commonwealth","Cabo Rojo Municipio",1,81,356,154,202
050,72,023,"Puerto Rico Commonwealth","Cabo Rojo Municipio",1,82,323,150,173
050,72,023,"Puerto Rico Commonwealth","Cabo Rojo Municipio",1,83,298,127,171
050,72,023,"Puerto Rico Commonwealth","Cabo Rojo Municipio",1,84,276,113,163
050,72,023,"Puerto Rico Commonwealth","Cabo Rojo Municipio",1,85,1620,609,1011
050,72,023,"Puerto Rico Commonwealth","Cabo Rojo Municipio",2,0,238,127,111
050,72,023,"Puerto Rico Commonwealth","Cabo Rojo Municipio",2,1,231,113,118
050,72,023,"Puerto Rico Commonwealth","Cabo Rojo Municipio",2,2,240,116,124
050,72,023,"Puerto Rico Commonwealth","Cabo Rojo Municipio",2,3,270,139,131
050,72,023,"Puerto Rico Commonwealth","Cabo Rojo Municipio",2,4,329,165,164
050,72,023,"Puerto Rico Commonwealth","Cabo Rojo Municipio",2,5,356,177,179
050,72,023,"Puerto Rico Commonwealth","Cabo Rojo Municipio",2,6,377,182,195
050,72,023,"Puerto Rico Commonwealth","Cabo Rojo Municipio",2,7,406,195,211
050,72,023,"Puerto Rico Commonwealth","Cabo Rojo Municipio",2,8,427,201,226
050,72,023,"Puerto Rico Commonwealth","Cabo Rojo Municipio",2,9,448,216,232
050,72,023,"Puerto Rico Commonwealth","Cabo Rojo Municipio",2,10,501,248,253
050,72,023,"Puerto Rico Commonwealth","Cabo Rojo Municipio",2,11,535,267,268
050,72,023,"Puerto Rico Commonwealth","Cabo Rojo Municipio",2,12,548,284,264
050,72,023,"Puerto Rico Commonwealth","Cabo Rojo Municipio",2,13,564,299,265
050,72,023,"Puerto Rico Commonwealth","Cabo Rojo Municipio",2,14,553,295,258
050,72,023,"Puerto Rico Commonwealth","Cabo Rojo Municipio",2,15,545,285,260
050,72,023,"Puerto Rico Commonwealth","Cabo Rojo Municipio",2,16,539,270,269
050,72,023,"Puerto Rico Commonwealth","Cabo Rojo Municipio",2,17,537,267,270
050,72,023,"Puerto Rico Commonwealth","Cabo Rojo Municipio",2,18,533,261,272
050,72,023,"Puerto Rico Commonwealth","Cabo Rojo Municipio",2,19,588,292,296
050,72,023,"Puerto Rico Commonwealth","Cabo Rojo Municipio",2,20,609,304,305
050,72,023,"Puerto Rico Commonwealth","Cabo Rojo Municipio",2,21,614,313,301
050,72,023,"Puerto Rico Commonwealth","Cabo Rojo Municipio",2,22,613,308,305
050,72,023,"Puerto Rico Commonwealth","Cabo Rojo Municipio",2,23,613,303,310
050,72,023,"Puerto Rico Commonwealth","Cabo Rojo Municipio",2,24,610,295,315
050,72,023,"Puerto Rico Commonwealth","Cabo Rojo Municipio",2,25,624,313,311
050,72,023,"Puerto Rico Commonwealth","Cabo Rojo Municipio",2,26,637,307,330
050,72,023,"Puerto Rico Commonwealth","Cabo Rojo Municipio",2,27,597,274,323
050,72,023,"Puerto Rico Commonwealth","Cabo Rojo Municipio",2,28,588,271,317
050,72,023,"Puerto Rico Commonwealth","Cabo Rojo Municipio",2,29,598,280,318
050,72,023,"Puerto Rico Commonwealth","Cabo Rojo Municipio",2,30,594,271,323
050,72,023,"Puerto Rico Commonwealth","Cabo Rojo Municipio",2,31,550,256,294
050,72,023,"Puerto Rico Commonwealth","Cabo Rojo Municipio",2,32,500,241,259
050,72,023,"Puerto Rico Commonwealth","Cabo Rojo Municipio",2,33,477,227,250
050,72,023,"Puerto Rico Commonwealth","Cabo Rojo Municipio",2,34,474,223,251
050,72,023,"Puerto Rico Commonwealth","Cabo Rojo Municipio",2,35,463,216,247
050,72,023,"Puerto Rico Commonwealth","Cabo Rojo Municipio",2,36,464,215,249
050,72,023,"Puerto Rico Commonwealth","Cabo Rojo Municipio",2,37,492,234,258
050,72,023,"Puerto Rico Commonwealth","Cabo Rojo Municipio",2,38,511,239,272
050,72,023,"Puerto Rico Commonwealth","Cabo Rojo Municipio",2,39,538,256,282
050,72,023,"Puerto Rico Commonwealth","Cabo Rojo Municipio",2,40,562,256,306
050,72,023,"Puerto Rico Commonwealth","Cabo Rojo Municipio",2,41,551,246,305
050,72,023,"Puerto Rico Commonwealth","Cabo Rojo Municipio",2,42,574,270,304
050,72,023,"Puerto Rico Commonwealth","Cabo Rojo Municipio",2,43,624,299,325
050,72,023,"Puerto Rico Commonwealth","Cabo Rojo Municipio",2,44,662,322,340
050,72,023,"Puerto Rico Commonwealth","Cabo Rojo Municipio",2,45,662,315,347
050,72,023,"Puerto Rico Commonwealth","Cabo Rojo Municipio",2,46,674,311,363
050,72,023,"Puerto Rico Commonwealth","Cabo Rojo Municipio",2,47,702,326,376
050,72,023,"Puerto Rico Commonwealth","Cabo Rojo Municipio",2,48,726,345,381
050,72,023,"Puerto Rico Commonwealth","Cabo Rojo Municipio",2,49,722,345,377
050,72,023,"Puerto Rico Commonwealth","Cabo Rojo Municipio",2,50,686,335,351
050,72,023,"Puerto Rico Commonwealth","Cabo Rojo Municipio",2,51,656,321,335
050,72,023,"Puerto Rico Commonwealth","Cabo Rojo Municipio",2,52,678,321,357
050,72,023,"Puerto Rico Commonwealth","Cabo Rojo Municipio",2,53,706,336,370
050,72,023,"Puerto Rico Commonwealth","Cabo Rojo Municipio",2,54,699,350,349
050,72,023,"Puerto Rico Commonwealth","Cabo Rojo Municipio",2,55,667,335,332
050,72,023,"Puerto Rico Commonwealth","Cabo Rojo Municipio",2,56,651,302,349
050,72,023,"Puerto Rico Commonwealth","Cabo Rojo Municipio",2,57,625,283,342
050,72,023,"Puerto Rico Commonwealth","Cabo Rojo Municipio",2,58,598,278,320
050,72,023,"Puerto Rico Commonwealth","Cabo Rojo Municipio",2,59,568,271,297
050,72,023,"Puerto Rico Commonwealth","Cabo Rojo Municipio",2,60,559,258,301
050,72,023,"Puerto Rico Commonwealth","Cabo Rojo Municipio",2,61,562,253,309
050,72,023,"Puerto Rico Commonwealth","Cabo Rojo Municipio",2,62,556,264,292
050,72,023,"Puerto Rico Commonwealth","Cabo Rojo Municipio",2,63,561,264,297
050,72,023,"Puerto Rico Commonwealth","Cabo Rojo Municipio",2,64,566,267,299
050,72,023,"Puerto Rico Commonwealth","Cabo Rojo Municipio",2,65,579,276,303
050,72,023,"Puerto Rico Commonwealth","Cabo Rojo Municipio",2,66,575,267,308
050,72,023,"Puerto Rico Commonwealth","Cabo Rojo Municipio",2,67,547,245,302
050,72,023,"Puerto Rico Commonwealth","Cabo Rojo Municipio",2,68,558,249,309
050,72,023,"Puerto Rico Commonwealth","Cabo Rojo Municipio",2,69,587,258,329
050,72,023,"Puerto Rico Commonwealth","Cabo Rojo Municipio",2,70,602,272,330
050,72,023,"Puerto Rico Commonwealth","Cabo Rojo Municipio",2,71,594,277,317
050,72,023,"Puerto Rico Commonwealth","Cabo Rojo Municipio",2,72,605,280,325
050,72,023,"Puerto Rico Commonwealth","Cabo Rojo Municipio",2,73,595,266,329
050,72,023,"Puerto Rico Commonwealth","Cabo Rojo Municipio",2,74,555,249,306
050,72,023,"Puerto Rico Commonwealth","Cabo Rojo Municipio",2,75,505,233,272
050,72,023,"Puerto Rico Commonwealth","Cabo Rojo Municipio",2,76,474,223,251
050,72,023,"Puerto Rico Commonwealth","Cabo Rojo Municipio",2,77,471,217,254
050,72,023,"Puerto Rico Commonwealth","Cabo Rojo Municipio",2,78,454,205,249
050,72,023,"Puerto Rico Commonwealth","Cabo Rojo Municipio",2,79,416,184,232
050,72,023,"Puerto Rico Commonwealth","Cabo Rojo Municipio",2,80,380,169,211
050,72,023,"Puerto Rico Commonwealth","Cabo Rojo Municipio",2,81,361,157,204
050,72,023,"Puerto Rico Commonwealth","Cabo Rojo Municipio",2,82,327,149,178
050,72,023,"Puerto Rico Commonwealth","Cabo Rojo Municipio",2,83,299,130,169
050,72,023,"Puerto Rico Commonwealth","Cabo Rojo Municipio",2,84,278,116,162
050,72,023,"Puerto Rico Commonwealth","Cabo Rojo Municipio",2,85,1631,612,1019
050,72,023,"Puerto Rico Commonwealth","Cabo Rojo Municipio",3,0,216,119,97
050,72,023,"Puerto Rico Commonwealth","Cabo Rojo Municipio",3,1,242,129,113
050,72,023,"Puerto Rico Commonwealth","Cabo Rojo Municipio",3,2,234,114,120
050,72,023,"Puerto Rico Commonwealth","Cabo Rojo Municipio",3,3,241,117,124
050,72,023,"Puerto Rico Commonwealth","Cabo Rojo Municipio",3,4,273,141,132
050,72,023,"Puerto Rico Commonwealth","Cabo Rojo Municipio",3,5,334,167,167
050,72,023,"Puerto Rico Commonwealth","Cabo Rojo Municipio",3,6,359,179,180
050,72,023,"Puerto Rico Commonwealth","Cabo Rojo Municipio",3,7,381,184,197
050,72,023,"Puerto Rico Commonwealth","Cabo Rojo Municipio",3,8,410,197,213
050,72,023,"Puerto Rico Commonwealth","Cabo Rojo Municipio",3,9,431,203,228
050,72,023,"Puerto Rico Commonwealth","Cabo Rojo Municipio",3,10,450,217,233
050,72,023,"Puerto Rico Commonwealth","Cabo Rojo Municipio",3,11,502,249,253
050,72,023,"Puerto Rico Commonwealth","Cabo Rojo Municipio",3,12,537,268,269
050,72,023,"Puerto Rico Commonwealth","Cabo Rojo Municipio",3,13,550,285,265
050,72,023,"Puerto Rico Commonwealth","Cabo Rojo Municipio",3,14,564,298,266
050,72,023,"Puerto Rico Commonwealth","Cabo Rojo Municipio",3,15,553,294,259
050,72,023,"Puerto Rico Commonwealth","Cabo Rojo Municipio",3,16,544,284,260
050,72,023,"Puerto Rico Commonwealth","Cabo Rojo Municipio",3,17,539,270,269
050,72,023,"Puerto Rico Commonwealth","Cabo Rojo Municipio",3,18,531,263,268
050,72,023,"Puerto Rico Commonwealth","Cabo Rojo Municipio",3,19,527,258,269
050,72,023,"Puerto Rico Commonwealth","Cabo Rojo Municipio",3,20,589,290,299
050,72,023,"Puerto Rico Commonwealth","Cabo Rojo Municipio",3,21,611,304,307
050,72,023,"Puerto Rico Commonwealth","Cabo Rojo Municipio",3,22,616,312,304
050,72,023,"Puerto Rico Commonwealth","Cabo Rojo Municipio",3,23,620,310,310
050,72,023,"Puerto Rico Commonwealth","Cabo Rojo Municipio",3,24,623,308,315
050,72,023,"Puerto Rico Commonwealth","Cabo Rojo Municipio",3,25,617,297,320
050,72,023,"Puerto Rico Commonwealth","Cabo Rojo Municipio",3,26,630,315,315
050,72,023,"Puerto Rico Commonwealth","Cabo Rojo Municipio",3,27,645,311,334
050,72,023,"Puerto Rico Commonwealth","Cabo Rojo Municipio",3,28,604,278,326
050,72,023,"Puerto Rico Commonwealth","Cabo Rojo Municipio",3,29,590,269,321
050,72,023,"Puerto Rico Commonwealth","Cabo Rojo Municipio",3,30,606,284,322
050,72,023,"Puerto Rico Commonwealth","Cabo Rojo Municipio",3,31,604,277,327
050,72,023,"Puerto Rico Commonwealth","Cabo Rojo Municipio",3,32,555,258,297
050,72,023,"Puerto Rico Commonwealth","Cabo Rojo Municipio",3,33,508,246,262
050,72,023,"Puerto Rico Commonwealth","Cabo Rojo Municipio",3,34,482,229,253
050,72,023,"Puerto Rico Commonwealth","Cabo Rojo Municipio",3,35,480,228,252
050,72,023,"Puerto Rico Commonwealth","Cabo Rojo Municipio",3,36,467,218,249
050,72,023,"Puerto Rico Commonwealth","Cabo Rojo Municipio",3,37,469,218,251
050,72,023,"Puerto Rico Commonwealth","Cabo Rojo Municipio",3,38,494,236,258
050,72,023,"Puerto Rico Commonwealth","Cabo Rojo Municipio",3,39,518,244,274
050,72,023,"Puerto Rico Commonwealth","Cabo Rojo Municipio",3,40,543,259,284
050,72,023,"Puerto Rico Commonwealth","Cabo Rojo Municipio",3,41,568,259,309
050,72,023,"Puerto Rico Commonwealth","Cabo Rojo Municipio",3,42,553,248,305
050,72,023,"Puerto Rico Commonwealth","Cabo Rojo Municipio",3,43,576,272,304
050,72,023,"Puerto Rico Commonwealth","Cabo Rojo Municipio",3,44,628,302,326
050,72,023,"Puerto Rico Commonwealth","Cabo Rojo Municipio",3,45,663,321,342
050,72,023,"Puerto Rico Commonwealth","Cabo Rojo Municipio",3,46,667,319,348
050,72,023,"Puerto Rico Commonwealth","Cabo Rojo Municipio",3,47,675,310,365
050,72,023,"Puerto Rico Commonwealth","Cabo Rojo Municipio",3,48,704,329,375
050,72,023,"Puerto Rico Commonwealth","Cabo Rojo Municipio",3,49,731,348,383
050,72,023,"Puerto Rico Commonwealth","Cabo Rojo Municipio",3,50,726,347,379
050,72,023,"Puerto Rico Commonwealth","Cabo Rojo Municipio",3,51,689,337,352
050,72,023,"Puerto Rico Commonwealth","Cabo Rojo Municipio",3,52,660,323,337
050,72,023,"Puerto Rico Commonwealth","Cabo Rojo Municipio",3,53,683,324,359
050,72,023,"Puerto Rico Commonwealth","Cabo Rojo Municipio",3,54,707,336,371
050,72,023,"Puerto Rico Commonwealth","Cabo Rojo Municipio",3,55,699,350,349
050,72,023,"Puerto Rico Commonwealth","Cabo Rojo Municipio",3,56,671,335,336
050,72,023,"Puerto Rico Commonwealth","Cabo Rojo Municipio",3,57,648,300,348
050,72,023,"Puerto Rico Commonwealth","Cabo Rojo Municipio",3,58,627,284,343
050,72,023,"Puerto Rico Commonwealth","Cabo Rojo Municipio",3,59,599,278,321
050,72,023,"Puerto Rico Commonwealth","Cabo Rojo Municipio",3,60,563,266,297
050,72,023,"Puerto Rico Commonwealth","Cabo Rojo Municipio",3,61,559,254,305
050,72,023,"Puerto Rico Commonwealth","Cabo Rojo Municipio",3,62,559,253,306
050,72,023,"Puerto Rico Commonwealth","Cabo Rojo Municipio",3,63,554,262,292
050,72,023,"Puerto Rico Commonwealth","Cabo Rojo Municipio",3,64,554,260,294
050,72,023,"Puerto Rico Commonwealth","Cabo Rojo Municipio",3,65,562,263,299
050,72,023,"Puerto Rico Commonwealth","Cabo Rojo Municipio",3,66,571,273,298
050,72,023,"Puerto Rico Commonwealth","Cabo Rojo Municipio",3,67,571,265,306
050,72,023,"Puerto Rico Commonwealth","Cabo Rojo Municipio",3,68,537,240,297
050,72,023,"Puerto Rico Commonwealth","Cabo Rojo Municipio",3,69,551,244,307
050,72,023,"Puerto Rico Commonwealth","Cabo Rojo Municipio",3,70,576,256,320
050,72,023,"Puerto Rico Commonwealth","Cabo Rojo Municipio",3,71,594,268,326
050,72,023,"Puerto Rico Commonwealth","Cabo Rojo Municipio",3,72,583,271,312
050,72,023,"Puerto Rico Commonwealth","Cabo Rojo Municipio",3,73,601,277,324
050,72,023,"Puerto Rico Commonwealth","Cabo Rojo Municipio",3,74,588,262,326
050,72,023,"Puerto Rico Commonwealth","Cabo Rojo Municipio",3,75,552,250,302
050,72,023,"Puerto Rico Commonwealth","Cabo Rojo Municipio",3,76,496,231,265
050,72,023,"Puerto Rico Commonwealth","Cabo Rojo Municipio",3,77,464,213,251
050,72,023,"Puerto Rico Commonwealth","Cabo Rojo Municipio",3,78,449,204,245
050,72,023,"Puerto Rico Commonwealth","Cabo Rojo Municipio",3,79,437,193,244
050,72,023,"Puerto Rico Commonwealth","Cabo Rojo Municipio",3,80,398,174,224
050,72,023,"Puerto Rico Commonwealth","Cabo Rojo Municipio",3,81,362,162,200
050,72,023,"Puerto Rico Commonwealth","Cabo Rojo Municipio",3,82,343,147,196
050,72,023,"Puerto Rico Commonwealth","Cabo Rojo Municipio",3,83,314,138,176
050,72,023,"Puerto Rico Commonwealth","Cabo Rojo Municipio",3,84,273,120,153
050,72,023,"Puerto Rico Commonwealth","Cabo Rojo Municipio",3,85,1719,644,1075
050,72,023,"Puerto Rico Commonwealth","Cabo Rojo Municipio",4,0,228,118,110
050,72,023,"Puerto Rico Commonwealth","Cabo Rojo Municipio",4,1,215,118,97
050,72,023,"Puerto Rico Commonwealth","Cabo Rojo Municipio",4,2,243,129,114
050,72,023,"Puerto Rico Commonwealth","Cabo Rojo Municipio",4,3,231,113,118
050,72,023,"Puerto Rico Commonwealth","Cabo Rojo Municipio",4,4,240,116,124
050,72,023,"Puerto Rico Commonwealth","Cabo Rojo Municipio",4,5,272,140,132
050,72,023,"Puerto Rico Commonwealth","Cabo Rojo Municipio",4,6,332,166,166
050,72,023,"Puerto Rico Commonwealth","Cabo Rojo Municipio",4,7,357,178,179
050,72,023,"Puerto Rico Commonwealth","Cabo Rojo Municipio",4,8,379,183,196
050,72,023,"Puerto Rico Commonwealth","Cabo Rojo Municipio",4,9,408,196,212
050,72,023,"Puerto Rico Commonwealth","Cabo Rojo Municipio",4,10,429,202,227
050,72,023,"Puerto Rico Commonwealth","Cabo Rojo Municipio",4,11,445,214,231
050,72,023,"Puerto Rico Commonwealth","Cabo Rojo Municipio",4,12,497,246,251
050,72,023,"Puerto Rico Commonwealth","Cabo Rojo Municipio",4,13,532,265,267
050,72,023,"Puerto Rico Commonwealth","Cabo Rojo Municipio",4,14,545,282,263
050,72,023,"Puerto Rico Commonwealth","Cabo Rojo Municipio",4,15,557,293,264
050,72,023,"Puerto Rico Commonwealth","Cabo Rojo Municipio",4,16,546,289,257
050,72,023,"Puerto Rico Commonwealth","Cabo Rojo Municipio",4,17,537,280,257
050,72,023,"Puerto Rico Commonwealth","Cabo Rojo Municipio",4,18,525,262,263
050,72,023,"Puerto Rico Commonwealth","Cabo Rojo Municipio",4,19,518,256,262
050,72,023,"Puerto Rico Commonwealth","Cabo Rojo Municipio",4,20,520,252,268
050,72,023,"Puerto Rico Commonwealth","Cabo Rojo Municipio",4,21,583,286,297
050,72,023,"Puerto Rico Commonwealth","Cabo Rojo Municipio",4,22,606,299,307
050,72,023,"Puerto Rico Commonwealth","Cabo Rojo Municipio",4,23,613,307,306
050,72,023,"Puerto Rico Commonwealth","Cabo Rojo Municipio",4,24,621,310,311
050,72,023,"Puerto Rico Commonwealth","Cabo Rojo Municipio",4,25,620,304,316
050,72,023,"Puerto Rico Commonwealth","Cabo Rojo Municipio",4,26,613,293,320
050,72,023,"Puerto Rico Commonwealth","Cabo Rojo Municipio",4,27,628,313,315
050,72,023,"Puerto Rico Commonwealth","Cabo Rojo Municipio",4,28,644,309,335
050,72,023,"Puerto Rico Commonwealth","Cabo Rojo Municipio",4,29,597,271,326
050,72,023,"Puerto Rico Commonwealth","Cabo Rojo Municipio",4,30,590,268,322
050,72,023,"Puerto Rico Commonwealth","Cabo Rojo Municipio",4,31,606,284,322
050,72,023,"Puerto Rico Commonwealth","Cabo Rojo Municipio",4,32,602,275,327
050,72,023,"Puerto Rico Commonwealth","Cabo Rojo Municipio",4,33,556,258,298
050,72,023,"Puerto Rico Commonwealth","Cabo Rojo Municipio",4,34,506,245,261
050,72,023,"Puerto Rico Commonwealth","Cabo Rojo Municipio",4,35,480,227,253
050,72,023,"Puerto Rico Commonwealth","Cabo Rojo Municipio",4,36,477,226,251
050,72,023,"Puerto Rico Commonwealth","Cabo Rojo Municipio",4,37,467,216,251
050,72,023,"Puerto Rico Commonwealth","Cabo Rojo Municipio",4,38,464,215,249
050,72,023,"Puerto Rico Commonwealth","Cabo Rojo Municipio",4,39,494,238,256
050,72,023,"Puerto Rico Commonwealth","Cabo Rojo Municipio",4,40,516,243,273
050,72,023,"Puerto Rico Commonwealth","Cabo Rojo Municipio",4,41,544,259,285
050,72,023,"Puerto Rico Commonwealth","Cabo Rojo Municipio",4,42,567,260,307
050,72,023,"Puerto Rico Commonwealth","Cabo Rojo Municipio",4,43,551,247,304
050,72,023,"Puerto Rico Commonwealth","Cabo Rojo Municipio",4,44,574,271,303
050,72,023,"Puerto Rico Commonwealth","Cabo Rojo Municipio",4,45,626,300,326
050,72,023,"Puerto Rico Commonwealth","Cabo Rojo Municipio",4,46,663,322,341
050,72,023,"Puerto Rico Commonwealth","Cabo Rojo Municipio",4,47,664,316,348
050,72,023,"Puerto Rico Commonwealth","Cabo Rojo Municipio",4,48,673,310,363
050,72,023,"Puerto Rico Commonwealth","Cabo Rojo Municipio",4,49,702,328,374
050,72,023,"Puerto Rico Commonwealth","Cabo Rojo Municipio",4,50,728,345,383
050,72,023,"Puerto Rico Commonwealth","Cabo Rojo Municipio",4,51,720,343,377
050,72,023,"Puerto Rico Commonwealth","Cabo Rojo Municipio",4,52,690,338,352
050,72,023,"Puerto Rico Commonwealth","Cabo Rojo Municipio",4,53,655,320,335
050,72,023,"Puerto Rico Commonwealth","Cabo Rojo Municipio",4,54,681,323,358
050,72,023,"Puerto Rico Commonwealth","Cabo Rojo Municipio",4,55,703,334,369
050,72,023,"Puerto Rico Commonwealth","Cabo Rojo Municipio",4,56,701,349,352
050,72,023,"Puerto Rico Commonwealth","Cabo Rojo Municipio",4,57,668,334,334
050,72,023,"Puerto Rico Commonwealth","Cabo Rojo Municipio",4,58,645,300,345
050,72,023,"Puerto Rico Commonwealth","Cabo Rojo Municipio",4,59,623,279,344
050,72,023,"Puerto Rico Commonwealth","Cabo Rojo Municipio",4,60,596,277,319
050,72,023,"Puerto Rico Commonwealth","Cabo Rojo Municipio",4,61,563,265,298
050,72,023,"Puerto Rico Commonwealth","Cabo Rojo Municipio",4,62,555,253,302
050,72,023,"Puerto Rico Commonwealth","Cabo Rojo Municipio",4,63,560,253,307
050,72,023,"Puerto Rico Commonwealth","Cabo Rojo Municipio",4,64,549,263,286
050,72,023,"Puerto Rico Commonwealth","Cabo Rojo Municipio",4,65,546,258,288
050,72,023,"Puerto Rico Commonwealth","Cabo Rojo Municipio",4,66,559,261,298
050,72,023,"Puerto Rico Commonwealth","Cabo Rojo Municipio",4,67,565,269,296
050,72,023,"Puerto Rico Commonwealth","Cabo Rojo Municipio",4,68,561,263,298
050,72,023,"Puerto Rico Commonwealth","Cabo Rojo Municipio",4,69,529,234,295
050,72,023,"Puerto Rico Commonwealth","Cabo Rojo Municipio",4,70,538,239,299
050,72,023,"Puerto Rico Commonwealth","Cabo Rojo Municipio",4,71,567,250,317
050,72,023,"Puerto Rico Commonwealth","Cabo Rojo Municipio",4,72,581,260,321
050,72,023,"Puerto Rico Commonwealth","Cabo Rojo Municipio",4,73,570,263,307
050,72,023,"Puerto Rico Commonwealth","Cabo Rojo Municipio",4,74,583,266,317
050,72,023,"Puerto Rico Commonwealth","Cabo Rojo Municipio",4,75,572,252,320
050,72,023,"Puerto Rico Commonwealth","Cabo Rojo Municipio",4,76,538,243,295
050,72,023,"Puerto Rico Commonwealth","Cabo Rojo Municipio",4,77,475,220,255
050,72,023,"Puerto Rico Commonwealth","Cabo Rojo Municipio",4,78,445,200,245
050,72,023,"Puerto Rico Commonwealth","Cabo Rojo Municipio",4,79,433,195,238
050,72,023,"Puerto Rico Commonwealth","Cabo Rojo Municipio",4,80,416,186,230
050,72,023,"Puerto Rico Commonwealth","Cabo Rojo Municipio",4,81,378,167,211
050,72,023,"Puerto Rico Commonwealth","Cabo Rojo Municipio",4,82,352,157,195
050,72,023,"Puerto Rico Commonwealth","Cabo Rojo Municipio",4,83,327,138,189
050,72,023,"Puerto Rico Commonwealth","Cabo Rojo Municipio",4,84,292,126,166
050,72,023,"Puerto Rico Commonwealth","Cabo Rojo Municipio",4,85,1825,694,1131
050,72,023,"Puerto Rico Commonwealth","Cabo Rojo Municipio",5,0,204,102,102
050,72,023,"Puerto Rico Commonwealth","Cabo Rojo Municipio",5,1,230,119,111
050,72,023,"Puerto Rico Commonwealth","Cabo Rojo Municipio",5,2,220,120,100
050,72,023,"Puerto Rico Commonwealth","Cabo Rojo Municipio",5,3,245,131,114
050,72,023,"Puerto Rico Commonwealth","Cabo Rojo Municipio",5,4,234,114,120
050,72,023,"Puerto Rico Commonwealth","Cabo Rojo Municipio",5,5,245,118,127
050,72,023,"Puerto Rico Commonwealth","Cabo Rojo Municipio",5,6,275,142,133
050,72,023,"Puerto Rico Commonwealth","Cabo Rojo Municipio",5,7,336,168,168
050,72,023,"Puerto Rico Commonwealth","Cabo Rojo Municipio",5,8,361,180,181
050,72,023,"Puerto Rico Commonwealth","Cabo Rojo Municipio",5,9,383,185,198
050,72,023,"Puerto Rico Commonwealth","Cabo Rojo Municipio",5,10,412,198,214
050,72,023,"Puerto Rico Commonwealth","Cabo Rojo Municipio",5,11,431,203,228
050,72,023,"Puerto Rico Commonwealth","Cabo Rojo Municipio",5,12,447,215,232
050,72,023,"Puerto Rico Commonwealth","Cabo Rojo Municipio",5,13,499,247,252
050,72,023,"Puerto Rico Commonwealth","Cabo Rojo Municipio",5,14,534,266,268
050,72,023,"Puerto Rico Commonwealth","Cabo Rojo Municipio",5,15,547,282,265
050,72,023,"Puerto Rico Commonwealth","Cabo Rojo Municipio",5,16,558,293,265
050,72,023,"Puerto Rico Commonwealth","Cabo Rojo Municipio",5,17,546,289,257
050,72,023,"Puerto Rico Commonwealth","Cabo Rojo Municipio",5,18,530,276,254
050,72,023,"Puerto Rico Commonwealth","Cabo Rojo Municipio",5,19,521,260,261
050,72,023,"Puerto Rico Commonwealth","Cabo Rojo Municipio",5,20,521,256,265
050,72,023,"Puerto Rico Commonwealth","Cabo Rojo Municipio",5,21,521,251,270
050,72,023,"Puerto Rico Commonwealth","Cabo Rojo Municipio",5,22,587,285,302
050,72,023,"Puerto Rico Commonwealth","Cabo Rojo Municipio",5,23,613,300,313
050,72,023,"Puerto Rico Commonwealth","Cabo Rojo Municipio",5,24,625,313,312
050,72,023,"Puerto Rico Commonwealth","Cabo Rojo Municipio",5,25,629,312,317
050,72,023,"Puerto Rico Commonwealth","Cabo Rojo Municipio",5,26,628,306,322
050,72,023,"Puerto Rico Commonwealth","Cabo Rojo Municipio",5,27,621,296,325
050,72,023,"Puerto Rico Commonwealth","Cabo Rojo Municipio",5,28,636,316,320
050,72,023,"Puerto Rico Commonwealth","Cabo Rojo Municipio",5,29,647,307,340
050,72,023,"Puerto Rico Commonwealth","Cabo Rojo Municipio",5,30,606,275,331
050,72,023,"Puerto Rico Commonwealth","Cabo Rojo Municipio",5,31,601,274,327
050,72,023,"Puerto Rico Commonwealth","Cabo Rojo Municipio",5,32,615,288,327
050,72,023,"Puerto Rico Commonwealth","Cabo Rojo Municipio",5,33,610,278,332
050,72,023,"Puerto Rico Commonwealth","Cabo Rojo Municipio",5,34,563,261,302
050,72,023,"Puerto Rico Commonwealth","Cabo Rojo Municipio",5,35,514,250,264
050,72,023,"Puerto Rico Commonwealth","Cabo Rojo Municipio",5,36,483,227,256
050,72,023,"Puerto Rico Commonwealth","Cabo Rojo Municipio",5,37,486,230,256
050,72,023,"Puerto Rico Commonwealth","Cabo Rojo Municipio",5,38,468,217,251
050,72,023,"Puerto Rico Commonwealth","Cabo Rojo Municipio",5,39,471,220,251
050,72,023,"Puerto Rico Commonwealth","Cabo Rojo Municipio",5,40,498,240,258
050,72,023,"Puerto Rico Commonwealth","Cabo Rojo Municipio",5,41,522,245,277
050,72,023,"Puerto Rico Commonwealth","Cabo Rojo Municipio",5,42,548,263,285
050,72,023,"Puerto Rico Commonwealth","Cabo Rojo Municipio",5,43,572,263,309
050,72,023,"Puerto Rico Commonwealth","Cabo Rojo Municipio",5,44,555,249,306
050,72,023,"Puerto Rico Commonwealth","Cabo Rojo Municipio",5,45,576,271,305
050,72,023,"Puerto Rico Commonwealth","Cabo Rojo Municipio",5,46,632,304,328
050,72,023,"Puerto Rico Commonwealth","Cabo Rojo Municipio",5,47,666,323,343
050,72,023,"Puerto Rico Commonwealth","Cabo Rojo Municipio",5,48,666,318,348
050,72,023,"Puerto Rico Commonwealth","Cabo Rojo Municipio",5,49,676,312,364
050,72,023,"Puerto Rico Commonwealth","Cabo Rojo Municipio",5,50,707,330,377
050,72,023,"Puerto Rico Commonwealth","Cabo Rojo Municipio",5,51,729,347,382
050,72,023,"Puerto Rico Commonwealth","Cabo Rojo Municipio",5,52,723,344,379
050,72,023,"Puerto Rico Commonwealth","Cabo Rojo Municipio",5,53,693,341,352
050,72,023,"Puerto Rico Commonwealth","Cabo Rojo Municipio",5,54,655,319,336
050,72,023,"Puerto Rico Commonwealth","Cabo Rojo Municipio",5,55,679,320,359
050,72,023,"Puerto Rico Commonwealth","Cabo Rojo Municipio",5,56,711,337,374
050,72,023,"Puerto Rico Commonwealth","Cabo Rojo Municipio",5,57,703,351,352
050,72,023,"Puerto Rico Commonwealth","Cabo Rojo Municipio",5,58,666,334,332
050,72,023,"Puerto Rico Commonwealth","Cabo Rojo Municipio",5,59,645,298,347
050,72,023,"Puerto Rico Commonwealth","Cabo Rojo Municipio",5,60,621,276,345
050,72,023,"Puerto Rico Commonwealth","Cabo Rojo Municipio",5,61,600,276,324
050,72,023,"Puerto Rico Commonwealth","Cabo Rojo Municipio",5,62,561,265,296
050,72,023,"Puerto Rico Commonwealth","Cabo Rojo Municipio",5,63,553,251,302
050,72,023,"Puerto Rico Commonwealth","Cabo Rojo Municipio",5,64,557,253,304
050,72,023,"Puerto Rico Commonwealth","Cabo Rojo Municipio",5,65,547,262,285
050,72,023,"Puerto Rico Commonwealth","Cabo Rojo Municipio",5,66,544,256,288
050,72,023,"Puerto Rico Commonwealth","Cabo Rojo Municipio",5,67,554,257,297
050,72,023,"Puerto Rico Commonwealth","Cabo Rojo Municipio",5,68,554,263,291
050,72,023,"Puerto Rico Commonwealth","Cabo Rojo Municipio",5,69,556,260,296
050,72,023,"Puerto Rico Commonwealth","Cabo Rojo Municipio",5,70,519,232,287
050,72,023,"Puerto Rico Commonwealth","Cabo Rojo Municipio",5,71,530,236,294
050,72,023,"Puerto Rico Commonwealth","Cabo Rojo Municipio",5,72,553,244,309
050,72,023,"Puerto Rico Commonwealth","Cabo Rojo Municipio",5,73,571,254,317
050,72,023,"Puerto Rico Commonwealth","Cabo Rojo Municipio",5,74,549,253,296
050,72,023,"Puerto Rico Commonwealth","Cabo Rojo Municipio",5,75,570,261,309
050,72,023,"Puerto Rico Commonwealth","Cabo Rojo Municipio",5,76,558,241,317
050,72,023,"Puerto Rico Commonwealth","Cabo Rojo Municipio",5,77,525,233,292
050,72,023,"Puerto Rico Commonwealth","Cabo Rojo Municipio",5,78,464,216,248
050,72,023,"Puerto Rico Commonwealth","Cabo Rojo Municipio",5,79,429,195,234
050,72,023,"Puerto Rico Commonwealth","Cabo Rojo Municipio",5,80,412,187,225
050,72,023,"Puerto Rico Commonwealth","Cabo Rojo Municipio",5,81,396,174,222
050,72,023,"Puerto Rico Commonwealth","Cabo Rojo Municipio",5,82,362,160,202
050,72,023,"Puerto Rico Commonwealth","Cabo Rojo Municipio",5,83,328,141,187
050,72,023,"Puerto Rico Commonwealth","Cabo Rojo Municipio",5,84,312,132,180
050,72,023,"Puerto Rico Commonwealth","Cabo Rojo Municipio",5,85,1915,726,1189
050,72,025,"Puerto Rico Commonwealth","Caguas Municipio",1,0,749,376,373
050,72,025,"Puerto Rico Commonwealth","Caguas Municipio",1,1,788,388,400
050,72,025,"Puerto Rico Commonwealth","Caguas Municipio",1,2,820,414,406
050,72,025,"Puerto Rico Commonwealth","Caguas Municipio",1,3,879,438,441
050,72,025,"Puerto Rico Commonwealth","Caguas Municipio",1,4,950,470,480
050,72,025,"Puerto Rico Commonwealth","Caguas Municipio",1,5,1028,503,525
050,72,025,"Puerto Rico Commonwealth","Caguas Municipio",1,6,1120,568,552
050,72,025,"Puerto Rico Commonwealth","Caguas Municipio",1,7,1152,570,582
050,72,025,"Puerto Rico Commonwealth","Caguas Municipio",1,8,1253,645,608
050,72,025,"Puerto Rico Commonwealth","Caguas Municipio",1,9,1323,673,650
050,72,025,"Puerto Rico Commonwealth","Caguas Municipio",1,10,1392,711,681
050,72,025,"Puerto Rico Commonwealth","Caguas Municipio",1,11,1348,675,673
050,72,025,"Puerto Rico Commonwealth","Caguas Municipio",1,12,1417,727,690
050,72,025,"Puerto Rico Commonwealth","Caguas Municipio",1,13,1484,774,710
050,72,025,"Puerto Rico Commonwealth","Caguas Municipio",1,14,1521,765,756
050,72,025,"Puerto Rico Commonwealth","Caguas Municipio",1,15,1527,772,755
050,72,025,"Puerto Rico Commonwealth","Caguas Municipio",1,16,1576,786,790
050,72,025,"Puerto Rico Commonwealth","Caguas Municipio",1,17,1583,793,790
050,72,025,"Puerto Rico Commonwealth","Caguas Municipio",1,18,1613,827,786
050,72,025,"Puerto Rico Commonwealth","Caguas Municipio",1,19,1712,876,836
050,72,025,"Puerto Rico Commonwealth","Caguas Municipio",1,20,1713,871,842
050,72,025,"Puerto Rico Commonwealth","Caguas Municipio",1,21,1609,827,782
050,72,025,"Puerto Rico Commonwealth","Caguas Municipio",1,22,1658,842,816
050,72,025,"Puerto Rico Commonwealth","Caguas Municipio",1,23,1702,858,844
050,72,025,"Puerto Rico Commonwealth","Caguas Municipio",1,24,1711,845,866
050,72,025,"Puerto Rico Commonwealth","Caguas Municipio",1,25,1782,844,938
050,72,025,"Puerto Rico Commonwealth","Caguas Municipio",1,26,1794,857,937
050,72,025,"Puerto Rico Commonwealth","Caguas Municipio",1,27,1778,859,919
050,72,025,"Puerto Rico Commonwealth","Caguas Municipio",1,28,1750,853,897
050,72,025,"Puerto Rico Commonwealth","Caguas Municipio",1,29,1751,830,921
050,72,025,"Puerto Rico Commonwealth","Caguas Municipio",1,30,1739,833,906
050,72,025,"Puerto Rico Commonwealth","Caguas Municipio",1,31,1588,755,833
050,72,025,"Puerto Rico Commonwealth","Caguas Municipio",1,32,1519,698,821
050,72,025,"Puerto Rico Commonwealth","Caguas Municipio",1,33,1527,716,811
050,72,025,"Puerto Rico Commonwealth","Caguas Municipio",1,34,1448,682,766
050,72,025,"Puerto Rico Commonwealth","Caguas Municipio",1,35,1434,690,744
050,72,025,"Puerto Rico Commonwealth","Caguas Municipio",1,36,1476,689,787
050,72,025,"Puerto Rico Commonwealth","Caguas Municipio",1,37,1534,707,827
050,72,025,"Puerto Rico Commonwealth","Caguas Municipio",1,38,1595,730,865
050,72,025,"Puerto Rico Commonwealth","Caguas Municipio",1,39,1614,759,855
050,72,025,"Puerto Rico Commonwealth","Caguas Municipio",1,40,1652,772,880
050,72,025,"Puerto Rico Commonwealth","Caguas Municipio",1,41,1615,755,860
050,72,025,"Puerto Rico Commonwealth","Caguas Municipio",1,42,1638,769,869
050,72,025,"Puerto Rico Commonwealth","Caguas Municipio",1,43,1629,749,880
050,72,025,"Puerto Rico Commonwealth","Caguas Municipio",1,44,1684,793,891
050,72,025,"Puerto Rico Commonwealth","Caguas Municipio",1,45,1669,784,885
050,72,025,"Puerto Rico Commonwealth","Caguas Municipio",1,46,1666,773,893
050,72,025,"Puerto Rico Commonwealth","Caguas Municipio",1,47,1668,788,880
050,72,025,"Puerto Rico Commonwealth","Caguas Municipio",1,48,1689,816,873
050,72,025,"Puerto Rico Commonwealth","Caguas Municipio",1,49,1736,830,906
050,72,025,"Puerto Rico Commonwealth","Caguas Municipio",1,50,1702,810,892
050,72,025,"Puerto Rico Commonwealth","Caguas Municipio",1,51,1663,787,876
050,72,025,"Puerto Rico Commonwealth","Caguas Municipio",1,52,1688,777,911
050,72,025,"Puerto Rico Commonwealth","Caguas Municipio",1,53,1714,782,932
050,72,025,"Puerto Rico Commonwealth","Caguas Municipio",1,54,1776,812,964
050,72,025,"Puerto Rico Commonwealth","Caguas Municipio",1,55,1752,815,937
050,72,025,"Puerto Rico Commonwealth","Caguas Municipio",1,56,1749,763,986
050,72,025,"Puerto Rico Commonwealth","Caguas Municipio",1,57,1787,790,997
050,72,025,"Puerto Rico Commonwealth","Caguas Municipio",1,58,1676,743,933
050,72,025,"Puerto Rico Commonwealth","Caguas Municipio",1,59,1726,773,953
050,72,025,"Puerto Rico Commonwealth","Caguas Municipio",1,60,1712,774,938
050,72,025,"Puerto Rico Commonwealth","Caguas Municipio",1,61,1599,708,891
050,72,025,"Puerto Rico Commonwealth","Caguas Municipio",1,62,1601,703,898
050,72,025,"Puerto Rico Commonwealth","Caguas Municipio",1,63,1618,702,916
050,72,025,"Puerto Rico Commonwealth","Caguas Municipio",1,64,1602,699,903
050,72,025,"Puerto Rico Commonwealth","Caguas Municipio",1,65,1469,639,830
050,72,025,"Puerto Rico Commonwealth","Caguas Municipio",1,66,1455,633,822
050,72,025,"Puerto Rico Commonwealth","Caguas Municipio",1,67,1446,637,809
050,72,025,"Puerto Rico Commonwealth","Caguas Municipio",1,68,1439,642,797
050,72,025,"Puerto Rico Commonwealth","Caguas Municipio",1,69,1453,628,825
050,72,025,"Puerto Rico Commonwealth","Caguas Municipio",1,70,1411,608,803
050,72,025,"Puerto Rico Commonwealth","Caguas Municipio",1,71,1356,564,792
050,72,025,"Puerto Rico Commonwealth","Caguas Municipio",1,72,1383,589,794
050,72,025,"Puerto Rico Commonwealth","Caguas Municipio",1,73,1378,569,809
050,72,025,"Puerto Rico Commonwealth","Caguas Municipio",1,74,1266,534,732
050,72,025,"Puerto Rico Commonwealth","Caguas Municipio",1,75,1199,511,688
050,72,025,"Puerto Rico Commonwealth","Caguas Municipio",1,76,1132,472,660
050,72,025,"Puerto Rico Commonwealth","Caguas Municipio",1,77,1065,439,626
050,72,025,"Puerto Rico Commonwealth","Caguas Municipio",1,78,1010,397,613
050,72,025,"Puerto Rico Commonwealth","Caguas Municipio",1,79,939,376,563
050,72,025,"Puerto Rico Commonwealth","Caguas Municipio",1,80,873,343,530
050,72,025,"Puerto Rico Commonwealth","Caguas Municipio",1,81,820,332,488
050,72,025,"Puerto Rico Commonwealth","Caguas Municipio",1,82,793,323,470
050,72,025,"Puerto Rico Commonwealth","Caguas Municipio",1,83,773,308,465
050,72,025,"Puerto Rico Commonwealth","Caguas Municipio",1,84,693,261,432
050,72,025,"Puerto Rico Commonwealth","Caguas Municipio",1,85,3923,1317,2606
050,72,025,"Puerto Rico Commonwealth","Caguas Municipio",2,0,735,370,365
050,72,025,"Puerto Rico Commonwealth","Caguas Municipio",2,1,778,385,393
050,72,025,"Puerto Rico Commonwealth","Caguas Municipio",2,2,813,408,405
050,72,025,"Puerto Rico Commonwealth","Caguas Municipio",2,3,864,432,432
050,72,025,"Puerto Rico Commonwealth","Caguas Municipio",2,4,932,462,470
050,72,025,"Puerto Rico Commonwealth","Caguas Municipio",2,5,1009,495,514
050,72,025,"Puerto Rico Commonwealth","Caguas Municipio",2,6,1096,551,545
050,72,025,"Puerto Rico Commonwealth","Caguas Municipio",2,7,1145,570,575
050,72,025,"Puerto Rico Commonwealth","Caguas Municipio",2,8,1227,626,601
050,72,025,"Puerto Rico Commonwealth","Caguas Municipio",2,9,1306,666,640
050,72,025,"Puerto Rico Commonwealth","Caguas Municipio",2,10,1375,702,673
050,72,025,"Puerto Rico Commonwealth","Caguas Municipio",2,11,1359,684,675
050,72,025,"Puerto Rico Commonwealth","Caguas Municipio",2,12,1400,714,686
050,72,025,"Puerto Rico Commonwealth","Caguas Municipio",2,13,1466,762,704
050,72,025,"Puerto Rico Commonwealth","Caguas Municipio",2,14,1512,767,745
050,72,025,"Puerto Rico Commonwealth","Caguas Municipio",2,15,1525,770,755
050,72,025,"Puerto Rico Commonwealth","Caguas Municipio",2,16,1562,781,781
050,72,025,"Puerto Rico Commonwealth","Caguas Municipio",2,17,1579,789,790
050,72,025,"Puerto Rico Commonwealth","Caguas Municipio",2,18,1605,818,787
050,72,025,"Puerto Rico Commonwealth","Caguas Municipio",2,19,1687,863,824
050,72,025,"Puerto Rico Commonwealth","Caguas Municipio",2,20,1712,871,841
050,72,025,"Puerto Rico Commonwealth","Caguas Municipio",2,21,1633,836,797
050,72,025,"Puerto Rico Commonwealth","Caguas Municipio",2,22,1645,837,808
050,72,025,"Puerto Rico Commonwealth","Caguas Municipio",2,23,1690,853,837
050,72,025,"Puerto Rico Commonwealth","Caguas Municipio",2,24,1708,847,861
050,72,025,"Puerto Rico Commonwealth","Caguas Municipio",2,25,1765,844,921
050,72,025,"Puerto Rico Commonwealth","Caguas Municipio",2,26,1791,853,938
050,72,025,"Puerto Rico Commonwealth","Caguas Municipio",2,27,1784,859,925
050,72,025,"Puerto Rico Commonwealth","Caguas Municipio",2,28,1757,854,903
050,72,025,"Puerto Rico Commonwealth","Caguas Municipio",2,29,1750,834,916
050,72,025,"Puerto Rico Commonwealth","Caguas Municipio",2,30,1743,832,911
050,72,025,"Puerto Rico Commonwealth","Caguas Municipio",2,31,1627,775,852
050,72,025,"Puerto Rico Commonwealth","Caguas Municipio",2,32,1536,712,824
050,72,025,"Puerto Rico Commonwealth","Caguas Municipio",2,33,1525,711,814
050,72,025,"Puerto Rico Commonwealth","Caguas Municipio",2,34,1467,690,777
050,72,025,"Puerto Rico Commonwealth","Caguas Municipio",2,35,1437,688,749
050,72,025,"Puerto Rico Commonwealth","Caguas Municipio",2,36,1465,689,776
050,72,025,"Puerto Rico Commonwealth","Caguas Municipio",2,37,1521,704,817
050,72,025,"Puerto Rico Commonwealth","Caguas Municipio",2,38,1579,724,855
050,72,025,"Puerto Rico Commonwealth","Caguas Municipio",2,39,1609,752,857
050,72,025,"Puerto Rico Commonwealth","Caguas Municipio",2,40,1643,769,874
050,72,025,"Puerto Rico Commonwealth","Caguas Municipio",2,41,1623,759,864
050,72,025,"Puerto Rico Commonwealth","Caguas Municipio",2,42,1631,765,866
050,72,025,"Puerto Rico Commonwealth","Caguas Municipio",2,43,1632,754,878
050,72,025,"Puerto Rico Commonwealth","Caguas Municipio",2,44,1670,782,888
050,72,025,"Puerto Rico Commonwealth","Caguas Municipio",2,45,1670,785,885
050,72,025,"Puerto Rico Commonwealth","Caguas Municipio",2,46,1666,775,891
050,72,025,"Puerto Rico Commonwealth","Caguas Municipio",2,47,1667,783,884
050,72,025,"Puerto Rico Commonwealth","Caguas Municipio",2,48,1680,809,871
050,72,025,"Puerto Rico Commonwealth","Caguas Municipio",2,49,1724,826,898
050,72,025,"Puerto Rico Commonwealth","Caguas Municipio",2,50,1709,813,896
050,72,025,"Puerto Rico Commonwealth","Caguas Municipio",2,51,1672,792,880
050,72,025,"Puerto Rico Commonwealth","Caguas Municipio",2,52,1678,777,901
050,72,025,"Puerto Rico Commonwealth","Caguas Municipio",2,53,1702,776,926
050,72,025,"Puerto Rico Commonwealth","Caguas Municipio",2,54,1758,802,956
050,72,025,"Puerto Rico Commonwealth","Caguas Municipio",2,55,1754,813,941
050,72,025,"Puerto Rico Commonwealth","Caguas Municipio",2,56,1745,775,970
050,72,025,"Puerto Rico Commonwealth","Caguas Municipio",2,57,1776,782,994
050,72,025,"Puerto Rico Commonwealth","Caguas Municipio",2,58,1699,751,948
050,72,025,"Puerto Rico Commonwealth","Caguas Municipio",2,59,1711,764,947
050,72,025,"Puerto Rico Commonwealth","Caguas Municipio",2,60,1709,768,941
050,72,025,"Puerto Rico Commonwealth","Caguas Municipio",2,61,1622,720,902
050,72,025,"Puerto Rico Commonwealth","Caguas Municipio",2,62,1594,702,892
050,72,025,"Puerto Rico Commonwealth","Caguas Municipio",2,63,1611,701,910
050,72,025,"Puerto Rico Commonwealth","Caguas Municipio",2,64,1601,696,905
050,72,025,"Puerto Rico Commonwealth","Caguas Municipio",2,65,1496,650,846
050,72,025,"Puerto Rico Commonwealth","Caguas Municipio",2,66,1447,627,820
050,72,025,"Puerto Rico Commonwealth","Caguas Municipio",2,67,1442,634,808
050,72,025,"Puerto Rico Commonwealth","Caguas Municipio",2,68,1439,640,799
050,72,025,"Puerto Rico Commonwealth","Caguas Municipio",2,69,1444,626,818
050,72,025,"Puerto Rico Commonwealth","Caguas Municipio",2,70,1418,610,808
050,72,025,"Puerto Rico Commonwealth","Caguas Municipio",2,71,1363,570,793
050,72,025,"Puerto Rico Commonwealth","Caguas Municipio",2,72,1368,579,789
050,72,025,"Puerto Rico Commonwealth","Caguas Municipio",2,73,1368,569,799
050,72,025,"Puerto Rico Commonwealth","Caguas Municipio",2,74,1288,539,749
050,72,025,"Puerto Rico Commonwealth","Caguas Municipio",2,75,1213,515,698
050,72,025,"Puerto Rico Commonwealth","Caguas Municipio",2,76,1137,474,663
050,72,025,"Puerto Rico Commonwealth","Caguas Municipio",2,77,1077,444,633
050,72,025,"Puerto Rico Commonwealth","Caguas Municipio",2,78,1018,404,614
050,72,025,"Puerto Rico Commonwealth","Caguas Municipio",2,79,949,377,572
050,72,025,"Puerto Rico Commonwealth","Caguas Municipio",2,80,880,344,536
050,72,025,"Puerto Rico Commonwealth","Caguas Municipio",2,81,824,332,492
050,72,025,"Puerto Rico Commonwealth","Caguas Municipio",2,82,788,317,471
050,72,025,"Puerto Rico Commonwealth","Caguas Municipio",2,83,768,307,461
050,72,025,"Puerto Rico Commonwealth","Caguas Municipio",2,84,703,267,436
050,72,025,"Puerto Rico Commonwealth","Caguas Municipio",2,85,3976,1331,2645
050,72,025,"Puerto Rico Commonwealth","Caguas Municipio",3,0,791,418,373
050,72,025,"Puerto Rico Commonwealth","Caguas Municipio",3,1,739,369,370
050,72,025,"Puerto Rico Commonwealth","Caguas Municipio",3,2,774,386,388
050,72,025,"Puerto Rico Commonwealth","Caguas Municipio",3,3,813,407,406
050,72,025,"Puerto Rico Commonwealth","Caguas Municipio",3,4,865,433,432
050,72,025,"Puerto Rico Commonwealth","Caguas Municipio",3,5,931,464,467
050,72,025,"Puerto Rico Commonwealth","Caguas Municipio",3,6,1007,494,513
050,72,025,"Puerto Rico Commonwealth","Caguas Municipio",3,7,1098,554,544
050,72,025,"Puerto Rico Commonwealth","Caguas Municipio",3,8,1142,569,573
050,72,025,"Puerto Rico Commonwealth","Caguas Municipio",3,9,1224,624,600
050,72,025,"Puerto Rico Commonwealth","Caguas Municipio",3,10,1305,666,639
050,72,025,"Puerto Rico Commonwealth","Caguas Municipio",3,11,1371,701,670
050,72,025,"Puerto Rico Commonwealth","Caguas Municipio",3,12,1358,684,674
050,72,025,"Puerto Rico Commonwealth","Caguas Municipio",3,13,1398,712,686
050,72,025,"Puerto Rico Commonwealth","Caguas Municipio",3,14,1465,761,704
050,72,025,"Puerto Rico Commonwealth","Caguas Municipio",3,15,1512,765,747
050,72,025,"Puerto Rico Commonwealth","Caguas Municipio",3,16,1523,767,756
050,72,025,"Puerto Rico Commonwealth","Caguas Municipio",3,17,1554,776,778
050,72,025,"Puerto Rico Commonwealth","Caguas Municipio",3,18,1560,777,783
050,72,025,"Puerto Rico Commonwealth","Caguas Municipio",3,19,1585,804,781
050,72,025,"Puerto Rico Commonwealth","Caguas Municipio",3,20,1688,859,829
050,72,025,"Puerto Rico Commonwealth","Caguas Municipio",3,21,1717,872,845
050,72,025,"Puerto Rico Commonwealth","Caguas Municipio",3,22,1632,829,803
050,72,025,"Puerto Rico Commonwealth","Caguas Municipio",3,23,1661,842,819
050,72,025,"Puerto Rico Commonwealth","Caguas Municipio",3,24,1707,859,848
050,72,025,"Puerto Rico Commonwealth","Caguas Municipio",3,25,1718,849,869
050,72,025,"Puerto Rico Commonwealth","Caguas Municipio",3,26,1778,849,929
050,72,025,"Puerto Rico Commonwealth","Caguas Municipio",3,27,1803,860,943
050,72,025,"Puerto Rico Commonwealth","Caguas Municipio",3,28,1793,862,931
050,72,025,"Puerto Rico Commonwealth","Caguas Municipio",3,29,1745,842,903
050,72,025,"Puerto Rico Commonwealth","Caguas Municipio",3,30,1765,843,922
050,72,025,"Puerto Rico Commonwealth","Caguas Municipio",3,31,1755,845,910
050,72,025,"Puerto Rico Commonwealth","Caguas Municipio",3,32,1637,783,854
050,72,025,"Puerto Rico Commonwealth","Caguas Municipio",3,33,1552,724,828
050,72,025,"Puerto Rico Commonwealth","Caguas Municipio",3,34,1530,714,816
050,72,025,"Puerto Rico Commonwealth","Caguas Municipio",3,35,1469,695,774
050,72,025,"Puerto Rico Commonwealth","Caguas Municipio",3,36,1442,690,752
050,72,025,"Puerto Rico Commonwealth","Caguas Municipio",3,37,1471,696,775
050,72,025,"Puerto Rico Commonwealth","Caguas Municipio",3,38,1522,705,817
050,72,025,"Puerto Rico Commonwealth","Caguas Municipio",3,39,1590,734,856
050,72,025,"Puerto Rico Commonwealth","Caguas Municipio",3,40,1612,759,853
050,72,025,"Puerto Rico Commonwealth","Caguas Municipio",3,41,1643,770,873
050,72,025,"Puerto Rico Commonwealth","Caguas Municipio",3,42,1629,766,863
050,72,025,"Puerto Rico Commonwealth","Caguas Municipio",3,43,1627,763,864
050,72,025,"Puerto Rico Commonwealth","Caguas Municipio",3,44,1629,754,875
050,72,025,"Puerto Rico Commonwealth","Caguas Municipio",3,45,1668,782,886
050,72,025,"Puerto Rico Commonwealth","Caguas Municipio",3,46,1657,780,877
050,72,025,"Puerto Rico Commonwealth","Caguas Municipio",3,47,1659,771,888
050,72,025,"Puerto Rico Commonwealth","Caguas Municipio",3,48,1662,782,880
050,72,025,"Puerto Rico Commonwealth","Caguas Municipio",3,49,1670,804,866
050,72,025,"Puerto Rico Commonwealth","Caguas Municipio",3,50,1710,820,890
050,72,025,"Puerto Rico Commonwealth","Caguas Municipio",3,51,1698,805,893
050,72,025,"Puerto Rico Commonwealth","Caguas Municipio",3,52,1669,790,879
050,72,025,"Puerto Rico Commonwealth","Caguas Municipio",3,53,1654,759,895
050,72,025,"Puerto Rico Commonwealth","Caguas Municipio",3,54,1686,763,923
050,72,025,"Puerto Rico Commonwealth","Caguas Municipio",3,55,1747,794,953
050,72,025,"Puerto Rico Commonwealth","Caguas Municipio",3,56,1742,805,937
050,72,025,"Puerto Rico Commonwealth","Caguas Municipio",3,57,1728,761,967
050,72,025,"Puerto Rico Commonwealth","Caguas Municipio",3,58,1752,766,986
050,72,025,"Puerto Rico Commonwealth","Caguas Municipio",3,59,1689,742,947
050,72,025,"Puerto Rico Commonwealth","Caguas Municipio",3,60,1699,760,939
050,72,025,"Puerto Rico Commonwealth","Caguas Municipio",3,61,1682,745,937
050,72,025,"Puerto Rico Commonwealth","Caguas Municipio",3,62,1602,706,896
050,72,025,"Puerto Rico Commonwealth","Caguas Municipio",3,63,1573,694,879
050,72,025,"Puerto Rico Commonwealth","Caguas Municipio",3,64,1591,694,897
050,72,025,"Puerto Rico Commonwealth","Caguas Municipio",3,65,1575,680,895
050,72,025,"Puerto Rico Commonwealth","Caguas Municipio",3,66,1473,635,838
050,72,025,"Puerto Rico Commonwealth","Caguas Municipio",3,67,1427,619,808
050,72,025,"Puerto Rico Commonwealth","Caguas Municipio",3,68,1412,615,797
050,72,025,"Puerto Rico Commonwealth","Caguas Municipio",3,69,1410,620,790
050,72,025,"Puerto Rico Commonwealth","Caguas Municipio",3,70,1414,604,810
050,72,025,"Puerto Rico Commonwealth","Caguas Municipio",3,71,1392,594,798
050,72,025,"Puerto Rico Commonwealth","Caguas Municipio",3,72,1324,545,779
050,72,025,"Puerto Rico Commonwealth","Caguas Municipio",3,73,1355,564,791
050,72,025,"Puerto Rico Commonwealth","Caguas Municipio",3,74,1339,555,784
050,72,025,"Puerto Rico Commonwealth","Caguas Municipio",3,75,1264,519,745
050,72,025,"Puerto Rico Commonwealth","Caguas Municipio",3,76,1173,496,677
050,72,025,"Puerto Rico Commonwealth","Caguas Municipio",3,77,1102,455,647
050,72,025,"Puerto Rico Commonwealth","Caguas Municipio",3,78,1045,419,626
050,72,025,"Puerto Rico Commonwealth","Caguas Municipio",3,79,987,393,594
050,72,025,"Puerto Rico Commonwealth","Caguas Municipio",3,80,915,357,558
050,72,025,"Puerto Rico Commonwealth","Caguas Municipio",3,81,829,321,508
050,72,025,"Puerto Rico Commonwealth","Caguas Municipio",3,82,790,312,478
050,72,025,"Puerto Rico Commonwealth","Caguas Municipio",3,83,749,297,452
050,72,025,"Puerto Rico Commonwealth","Caguas Municipio",3,84,721,271,450
050,72,025,"Puerto Rico Commonwealth","Caguas Municipio",3,85,4241,1413,2828
050,72,025,"Puerto Rico Commonwealth","Caguas Municipio",4,0,752,396,356
050,72,025,"Puerto Rico Commonwealth","Caguas Municipio",4,1,781,412,369
050,72,025,"Puerto Rico Commonwealth","Caguas Municipio",4,2,724,365,359
050,72,025,"Puerto Rico Commonwealth","Caguas Municipio",4,3,762,378,384
050,72,025,"Puerto Rico Commonwealth","Caguas Municipio",4,4,801,401,400
050,72,025,"Puerto Rico Commonwealth","Caguas Municipio",4,5,852,429,423
050,72,025,"Puerto Rico Commonwealth","Caguas Municipio",4,6,918,458,460
050,72,025,"Puerto Rico Commonwealth","Caguas Municipio",4,7,997,491,506
050,72,025,"Puerto Rico Commonwealth","Caguas Municipio",4,8,1083,547,536
050,72,025,"Puerto Rico Commonwealth","Caguas Municipio",4,9,1123,559,564
050,72,025,"Puerto Rico Commonwealth","Caguas Municipio",4,10,1207,615,592
050,72,025,"Puerto Rico Commonwealth","Caguas Municipio",4,11,1283,654,629
050,72,025,"Puerto Rico Commonwealth","Caguas Municipio",4,12,1355,693,662
050,72,025,"Puerto Rico Commonwealth","Caguas Municipio",4,13,1341,673,668
050,72,025,"Puerto Rico Commonwealth","Caguas Municipio",4,14,1380,701,679
050,72,025,"Puerto Rico Commonwealth","Caguas Municipio",4,15,1449,750,699
050,72,025,"Puerto Rico Commonwealth","Caguas Municipio",4,16,1493,752,741
050,72,025,"Puerto Rico Commonwealth","Caguas Municipio",4,17,1495,750,745
050,72,025,"Puerto Rico Commonwealth","Caguas Municipio",4,18,1513,752,761
050,72,025,"Puerto Rico Commonwealth","Caguas Municipio",4,19,1519,752,767
050,72,025,"Puerto Rico Commonwealth","Caguas Municipio",4,20,1563,787,776
050,72,025,"Puerto Rico Commonwealth","Caguas Municipio",4,21,1669,846,823
050,72,025,"Puerto Rico Commonwealth","Caguas Municipio",4,22,1694,854,840
050,72,025,"Puerto Rico Commonwealth","Caguas Municipio",4,23,1623,819,804
050,72,025,"Puerto Rico Commonwealth","Caguas Municipio",4,24,1647,826,821
050,72,025,"Puerto Rico Commonwealth","Caguas Municipio",4,25,1697,849,848
050,72,025,"Puerto Rico Commonwealth","Caguas Municipio",4,26,1706,838,868
050,72,025,"Puerto Rico Commonwealth","Caguas Municipio",4,27,1765,842,923
050,72,025,"Puerto Rico Commonwealth","Caguas Municipio",4,28,1788,848,940
050,72,025,"Puerto Rico Commonwealth","Caguas Municipio",4,29,1757,834,923
050,72,025,"Puerto Rico Commonwealth","Caguas Municipio",4,30,1734,833,901
050,72,025,"Puerto Rico Commonwealth","Caguas Municipio",4,31,1750,837,913
050,72,025,"Puerto Rico Commonwealth","Caguas Municipio",4,32,1743,837,906
050,72,025,"Puerto Rico Commonwealth","Caguas Municipio",4,33,1627,779,848
050,72,025,"Puerto Rico Commonwealth","Caguas Municipio",4,34,1534,711,823
050,72,025,"Puerto Rico Commonwealth","Caguas Municipio",4,35,1511,705,806
050,72,025,"Puerto Rico Commonwealth","Caguas Municipio",4,36,1453,684,769
050,72,025,"Puerto Rico Commonwealth","Caguas Municipio",4,37,1426,683,743
050,72,025,"Puerto Rico Commonwealth","Caguas Municipio",4,38,1453,685,768
050,72,025,"Puerto Rico Commonwealth","Caguas Municipio",4,39,1517,705,812
050,72,025,"Puerto Rico Commonwealth","Caguas Municipio",4,40,1574,731,843
050,72,025,"Puerto Rico Commonwealth","Caguas Municipio",4,41,1597,751,846
050,72,025,"Puerto Rico Commonwealth","Caguas Municipio",4,42,1633,766,867
050,72,025,"Puerto Rico Commonwealth","Caguas Municipio",4,43,1608,754,854
050,72,025,"Puerto Rico Commonwealth","Caguas Municipio",4,44,1610,757,853
050,72,025,"Puerto Rico Commonwealth","Caguas Municipio",4,45,1610,742,868
050,72,025,"Puerto Rico Commonwealth","Caguas Municipio",4,46,1645,769,876
050,72,025,"Puerto Rico Commonwealth","Caguas Municipio",4,47,1643,773,870
050,72,025,"Puerto Rico Commonwealth","Caguas Municipio",4,48,1643,762,881
050,72,025,"Puerto Rico Commonwealth","Caguas Municipio",4,49,1642,771,871
050,72,025,"Puerto Rico Commonwealth","Caguas Municipio",4,50,1656,799,857
050,72,025,"Puerto Rico Commonwealth","Caguas Municipio",4,51,1691,809,882
050,72,025,"Puerto Rico Commonwealth","Caguas Municipio",4,52,1688,803,885
050,72,025,"Puerto Rico Commonwealth","Caguas Municipio",4,53,1644,774,870
050,72,025,"Puerto Rico Commonwealth","Caguas Municipio",4,54,1638,751,887
050,72,025,"Puerto Rico Commonwealth","Caguas Municipio",4,55,1671,754,917
050,72,025,"Puerto Rico Commonwealth","Caguas Municipio",4,56,1719,774,945
050,72,025,"Puerto Rico Commonwealth","Caguas Municipio",4,57,1733,804,929
050,72,025,"Puerto Rico Commonwealth","Caguas Municipio",4,58,1704,746,958
050,72,025,"Puerto Rico Commonwealth","Caguas Municipio",4,59,1736,758,978
050,72,025,"Puerto Rico Commonwealth","Caguas Municipio",4,60,1672,733,939
050,72,025,"Puerto Rico Commonwealth","Caguas Municipio",4,61,1674,743,931
050,72,025,"Puerto Rico Commonwealth","Caguas Municipio",4,62,1658,733,925
050,72,025,"Puerto Rico Commonwealth","Caguas Municipio",4,63,1579,694,885
050,72,025,"Puerto Rico Commonwealth","Caguas Municipio",4,64,1552,686,866
050,72,025,"Puerto Rico Commonwealth","Caguas Municipio",4,65,1564,679,885
050,72,025,"Puerto Rico Commonwealth","Caguas Municipio",4,66,1549,668,881
050,72,025,"Puerto Rico Commonwealth","Caguas Municipio",4,67,1441,616,825
050,72,025,"Puerto Rico Commonwealth","Caguas Municipio",4,68,1405,609,796
050,72,025,"Puerto Rico Commonwealth","Caguas Municipio",4,69,1385,593,792
050,72,025,"Puerto Rico Commonwealth","Caguas Municipio",4,70,1382,609,773
050,72,025,"Puerto Rico Commonwealth","Caguas Municipio",4,71,1386,589,797
050,72,025,"Puerto Rico Commonwealth","Caguas Municipio",4,72,1367,581,786
050,72,025,"Puerto Rico Commonwealth","Caguas Municipio",4,73,1303,527,776
050,72,025,"Puerto Rico Commonwealth","Caguas Municipio",4,74,1315,541,774
050,72,025,"Puerto Rico Commonwealth","Caguas Municipio",4,75,1305,533,772
050,72,025,"Puerto Rico Commonwealth","Caguas Municipio",4,76,1221,506,715
050,72,025,"Puerto Rico Commonwealth","Caguas Municipio",4,77,1125,475,650
050,72,025,"Puerto Rico Commonwealth","Caguas Municipio",4,78,1062,432,630
050,72,025,"Puerto Rico Commonwealth","Caguas Municipio",4,79,998,396,602
050,72,025,"Puerto Rico Commonwealth","Caguas Municipio",4,80,953,372,581
050,72,025,"Puerto Rico Commonwealth","Caguas Municipio",4,81,858,334,524
050,72,025,"Puerto Rico Commonwealth","Caguas Municipio",4,82,787,289,498
050,72,025,"Puerto Rico Commonwealth","Caguas Municipio",4,83,763,305,458
050,72,025,"Puerto Rico Commonwealth","Caguas Municipio",4,84,694,267,427
050,72,025,"Puerto Rico Commonwealth","Caguas Municipio",4,85,4508,1492,3016
050,72,025,"Puerto Rico Commonwealth","Caguas Municipio",5,0,701,359,342
050,72,025,"Puerto Rico Commonwealth","Caguas Municipio",5,1,754,393,361
050,72,025,"Puerto Rico Commonwealth","Caguas Municipio",5,2,783,417,366
050,72,025,"Puerto Rico Commonwealth","Caguas Municipio",5,3,727,365,362
050,72,025,"Puerto Rico Commonwealth","Caguas Municipio",5,4,763,379,384
050,72,025,"Puerto Rico Commonwealth","Caguas Municipio",5,5,802,404,398
050,72,025,"Puerto Rico Commonwealth","Caguas Municipio",5,6,853,429,424
050,72,025,"Puerto Rico Commonwealth","Caguas Municipio",5,7,923,463,460
050,72,025,"Puerto Rico Commonwealth","Caguas Municipio",5,8,997,491,506
050,72,025,"Puerto Rico Commonwealth","Caguas Municipio",5,9,1084,547,537
050,72,025,"Puerto Rico Commonwealth","Caguas Municipio",5,10,1124,560,564
050,72,025,"Puerto Rico Commonwealth","Caguas Municipio",5,11,1206,615,591
050,72,025,"Puerto Rico Commonwealth","Caguas Municipio",5,12,1286,656,630
050,72,025,"Puerto Rico Commonwealth","Caguas Municipio",5,13,1358,694,664
050,72,025,"Puerto Rico Commonwealth","Caguas Municipio",5,14,1344,674,670
050,72,025,"Puerto Rico Commonwealth","Caguas Municipio",5,15,1384,701,683
050,72,025,"Puerto Rico Commonwealth","Caguas Municipio",5,16,1453,750,703
050,72,025,"Puerto Rico Commonwealth","Caguas Municipio",5,17,1489,749,740
050,72,025,"Puerto Rico Commonwealth","Caguas Municipio",5,18,1480,740,740
050,72,025,"Puerto Rico Commonwealth","Caguas Municipio",5,19,1498,741,757
050,72,025,"Puerto Rico Commonwealth","Caguas Municipio",5,20,1524,751,773
050,72,025,"Puerto Rico Commonwealth","Caguas Municipio",5,21,1569,787,782
050,72,025,"Puerto Rico Commonwealth","Caguas Municipio",5,22,1673,840,833
050,72,025,"Puerto Rico Commonwealth","Caguas Municipio",5,23,1711,857,854
050,72,025,"Puerto Rico Commonwealth","Caguas Municipio",5,24,1641,824,817
050,72,025,"Puerto Rico Commonwealth","Caguas Municipio",5,25,1663,831,832
050,72,025,"Puerto Rico Commonwealth","Caguas Municipio",5,26,1711,853,858
050,72,025,"Puerto Rico Commonwealth","Caguas Municipio",5,27,1718,845,873
050,72,025,"Puerto Rico Commonwealth","Caguas Municipio",5,28,1776,843,933
050,72,025,"Puerto Rico Commonwealth","Caguas Municipio",5,29,1778,836,942
050,72,025,"Puerto Rico Commonwealth","Caguas Municipio",5,30,1776,842,934
050,72,025,"Puerto Rico Commonwealth","Caguas Municipio",5,31,1746,843,903
050,72,025,"Puerto Rico Commonwealth","Caguas Municipio",5,32,1767,845,922
050,72,025,"Puerto Rico Commonwealth","Caguas Municipio",5,33,1763,850,913
050,72,025,"Puerto Rico Commonwealth","Caguas Municipio",5,34,1635,781,854
050,72,025,"Puerto Rico Commonwealth","Caguas Municipio",5,35,1537,715,822
050,72,025,"Puerto Rico Commonwealth","Caguas Municipio",5,36,1518,707,811
050,72,025,"Puerto Rico Commonwealth","Caguas Municipio",5,37,1460,691,769
050,72,025,"Puerto Rico Commonwealth","Caguas Municipio",5,38,1428,682,746
050,72,025,"Puerto Rico Commonwealth","Caguas Municipio",5,39,1464,694,770
050,72,025,"Puerto Rico Commonwealth","Caguas Municipio",5,40,1519,710,809
050,72,025,"Puerto Rico Commonwealth","Caguas Municipio",5,41,1573,730,843
050,72,025,"Puerto Rico Commonwealth","Caguas Municipio",5,42,1603,756,847
050,72,025,"Puerto Rico Commonwealth","Caguas Municipio",5,43,1622,758,864
050,72,025,"Puerto Rico Commonwealth","Caguas Municipio",5,44,1607,756,851
050,72,025,"Puerto Rico Commonwealth","Caguas Municipio",5,45,1607,756,851
050,72,025,"Puerto Rico Commonwealth","Caguas Municipio",5,46,1600,736,864
050,72,025,"Puerto Rico Commonwealth","Caguas Municipio",5,47,1646,768,878
050,72,025,"Puerto Rico Commonwealth","Caguas Municipio",5,48,1644,774,870
050,72,025,"Puerto Rico Commonwealth","Caguas Municipio",5,49,1636,758,878
050,72,025,"Puerto Rico Commonwealth","Caguas Municipio",5,50,1637,770,867
050,72,025,"Puerto Rico Commonwealth","Caguas Municipio",5,51,1642,787,855
050,72,025,"Puerto Rico Commonwealth","Caguas Municipio",5,52,1687,810,877
050,72,025,"Puerto Rico Commonwealth","Caguas Municipio",5,53,1664,786,878
050,72,025,"Puerto Rico Commonwealth","Caguas Municipio",5,54,1638,770,868
050,72,025,"Puerto Rico Commonwealth","Caguas Municipio",5,55,1626,743,883
050,72,025,"Puerto Rico Commonwealth","Caguas Municipio",5,56,1657,747,910
050,72,025,"Puerto Rico Commonwealth","Caguas Municipio",5,57,1712,771,941
050,72,025,"Puerto Rico Commonwealth","Caguas Municipio",5,58,1707,787,920
050,72,025,"Puerto Rico Commonwealth","Caguas Municipio",5,59,1693,734,959
050,72,025,"Puerto Rico Commonwealth","Caguas Municipio",5,60,1726,755,971
050,72,025,"Puerto Rico Commonwealth","Caguas Municipio",5,61,1645,712,933
050,72,025,"Puerto Rico Commonwealth","Caguas Municipio",5,62,1655,735,920
050,72,025,"Puerto Rico Commonwealth","Caguas Municipio",5,63,1640,719,921
050,72,025,"Puerto Rico Commonwealth","Caguas Municipio",5,64,1566,688,878
050,72,025,"Puerto Rico Commonwealth","Caguas Municipio",5,65,1533,673,860
050,72,025,"Puerto Rico Commonwealth","Caguas Municipio",5,66,1534,665,869
050,72,025,"Puerto Rico Commonwealth","Caguas Municipio",5,67,1533,663,870
050,72,025,"Puerto Rico Commonwealth","Caguas Municipio",5,68,1423,602,821
050,72,025,"Puerto Rico Commonwealth","Caguas Municipio",5,69,1382,593,789
050,72,025,"Puerto Rico Commonwealth","Caguas Municipio",5,70,1371,584,787
050,72,025,"Puerto Rico Commonwealth","Caguas Municipio",5,71,1359,597,762
050,72,025,"Puerto Rico Commonwealth","Caguas Municipio",5,72,1348,566,782
050,72,025,"Puerto Rico Commonwealth","Caguas Municipio",5,73,1350,566,784
050,72,025,"Puerto Rico Commonwealth","Caguas Municipio",5,74,1269,508,761
050,72,025,"Puerto Rico Commonwealth","Caguas Municipio",5,75,1283,519,764
050,72,025,"Puerto Rico Commonwealth","Caguas Municipio",5,76,1274,519,755
050,72,025,"Puerto Rico Commonwealth","Caguas Municipio",5,77,1184,490,694
050,72,025,"Puerto Rico Commonwealth","Caguas Municipio",5,78,1101,449,652
050,72,025,"Puerto Rico Commonwealth","Caguas Municipio",5,79,1019,409,610
050,72,025,"Puerto Rico Commonwealth","Caguas Municipio",5,80,962,378,584
050,72,025,"Puerto Rico Commonwealth","Caguas Municipio",5,81,904,352,552
050,72,025,"Puerto Rico Commonwealth","Caguas Municipio",5,82,821,309,512
050,72,025,"Puerto Rico Commonwealth","Caguas Municipio",5,83,735,268,467
050,72,025,"Puerto Rico Commonwealth","Caguas Municipio",5,84,701,262,439
050,72,025,"Puerto Rico Commonwealth","Caguas Municipio",5,85,4703,1541,3162
050,72,027,"Puerto Rico Commonwealth","Camuy Municipio",1,0,233,132,101
050,72,027,"Puerto Rico Commonwealth","Camuy Municipio",1,1,212,117,95
050,72,027,"Puerto Rico Commonwealth","Camuy Municipio",1,2,208,97,111
050,72,027,"Puerto Rico Commonwealth","Camuy Municipio",1,3,225,101,124
050,72,027,"Puerto Rico Commonwealth","Camuy Municipio",1,4,249,127,122
050,72,027,"Puerto Rico Commonwealth","Camuy Municipio",1,5,272,135,137
050,72,027,"Puerto Rico Commonwealth","Camuy Municipio",1,6,288,140,148
050,72,027,"Puerto Rico Commonwealth","Camuy Municipio",1,7,316,144,172
050,72,027,"Puerto Rico Commonwealth","Camuy Municipio",1,8,323,157,166
050,72,027,"Puerto Rico Commonwealth","Camuy Municipio",1,9,332,155,177
050,72,027,"Puerto Rico Commonwealth","Camuy Municipio",1,10,326,160,166
050,72,027,"Puerto Rico Commonwealth","Camuy Municipio",1,11,324,160,164
050,72,027,"Puerto Rico Commonwealth","Camuy Municipio",1,12,351,171,180
050,72,027,"Puerto Rico Commonwealth","Camuy Municipio",1,13,367,179,188
050,72,027,"Puerto Rico Commonwealth","Camuy Municipio",1,14,381,186,195
050,72,027,"Puerto Rico Commonwealth","Camuy Municipio",1,15,393,201,192
050,72,027,"Puerto Rico Commonwealth","Camuy Municipio",1,16,370,196,174
050,72,027,"Puerto Rico Commonwealth","Camuy Municipio",1,17,365,195,170
050,72,027,"Puerto Rico Commonwealth","Camuy Municipio",1,18,390,208,182
050,72,027,"Puerto Rico Commonwealth","Camuy Municipio",1,19,419,210,209
050,72,027,"Puerto Rico Commonwealth","Camuy Municipio",1,20,431,211,220
050,72,027,"Puerto Rico Commonwealth","Camuy Municipio",1,21,406,199,207
050,72,027,"Puerto Rico Commonwealth","Camuy Municipio",1,22,442,221,221
050,72,027,"Puerto Rico Commonwealth","Camuy Municipio",1,23,463,239,224
050,72,027,"Puerto Rico Commonwealth","Camuy Municipio",1,24,463,229,234
050,72,027,"Puerto Rico Commonwealth","Camuy Municipio",1,25,466,243,223
050,72,027,"Puerto Rico Commonwealth","Camuy Municipio",1,26,475,242,233
050,72,027,"Puerto Rico Commonwealth","Camuy Municipio",1,27,465,241,224
050,72,027,"Puerto Rico Commonwealth","Camuy Municipio",1,28,459,224,235
050,72,027,"Puerto Rico Commonwealth","Camuy Municipio",1,29,434,195,239
050,72,027,"Puerto Rico Commonwealth","Camuy Municipio",1,30,427,200,227
050,72,027,"Puerto Rico Commonwealth","Camuy Municipio",1,31,424,216,208
050,72,027,"Puerto Rico Commonwealth","Camuy Municipio",1,32,366,190,176
050,72,027,"Puerto Rico Commonwealth","Camuy Municipio",1,33,329,163,166
050,72,027,"Puerto Rico Commonwealth","Camuy Municipio",1,34,320,156,164
050,72,027,"Puerto Rico Commonwealth","Camuy Municipio",1,35,346,171,175
050,72,027,"Puerto Rico Commonwealth","Camuy Municipio",1,36,343,168,175
050,72,027,"Puerto Rico Commonwealth","Camuy Municipio",1,37,356,172,184
050,72,027,"Puerto Rico Commonwealth","Camuy Municipio",1,38,376,183,193
050,72,027,"Puerto Rico Commonwealth","Camuy Municipio",1,39,397,195,202
050,72,027,"Puerto Rico Commonwealth","Camuy Municipio",1,40,417,194,223
050,72,027,"Puerto Rico Commonwealth","Camuy Municipio",1,41,413,190,223
050,72,027,"Puerto Rico Commonwealth","Camuy Municipio",1,42,420,199,221
050,72,027,"Puerto Rico Commonwealth","Camuy Municipio",1,43,446,216,230
050,72,027,"Puerto Rico Commonwealth","Camuy Municipio",1,44,438,211,227
050,72,027,"Puerto Rico Commonwealth","Camuy Municipio",1,45,411,192,219
050,72,027,"Puerto Rico Commonwealth","Camuy Municipio",1,46,418,208,210
050,72,027,"Puerto Rico Commonwealth","Camuy Municipio",1,47,418,202,216
050,72,027,"Puerto Rico Commonwealth","Camuy Municipio",1,48,456,216,240
050,72,027,"Puerto Rico Commonwealth","Camuy Municipio",1,49,483,230,253
050,72,027,"Puerto Rico Commonwealth","Camuy Municipio",1,50,448,212,236
050,72,027,"Puerto Rico Commonwealth","Camuy Municipio",1,51,451,208,243
050,72,027,"Puerto Rico Commonwealth","Camuy Municipio",1,52,476,213,263
050,72,027,"Puerto Rico Commonwealth","Camuy Municipio",1,53,483,218,265
050,72,027,"Puerto Rico Commonwealth","Camuy Municipio",1,54,499,235,264
050,72,027,"Puerto Rico Commonwealth","Camuy Municipio",1,55,467,214,253
050,72,027,"Puerto Rico Commonwealth","Camuy Municipio",1,56,462,213,249
050,72,027,"Puerto Rico Commonwealth","Camuy Municipio",1,57,474,212,262
050,72,027,"Puerto Rico Commonwealth","Camuy Municipio",1,58,463,209,254
050,72,027,"Puerto Rico Commonwealth","Camuy Municipio",1,59,462,208,254
050,72,027,"Puerto Rico Commonwealth","Camuy Municipio",1,60,477,213,264
050,72,027,"Puerto Rico Commonwealth","Camuy Municipio",1,61,447,226,221
050,72,027,"Puerto Rico Commonwealth","Camuy Municipio",1,62,416,209,207
050,72,027,"Puerto Rico Commonwealth","Camuy Municipio",1,63,424,195,229
050,72,027,"Puerto Rico Commonwealth","Camuy Municipio",1,64,429,186,243
050,72,027,"Puerto Rico Commonwealth","Camuy Municipio",1,65,454,195,259
050,72,027,"Puerto Rico Commonwealth","Camuy Municipio",1,66,423,188,235
050,72,027,"Puerto Rico Commonwealth","Camuy Municipio",1,67,384,183,201
050,72,027,"Puerto Rico Commonwealth","Camuy Municipio",1,68,394,184,210
050,72,027,"Puerto Rico Commonwealth","Camuy Municipio",1,69,401,180,221
050,72,027,"Puerto Rico Commonwealth","Camuy Municipio",1,70,401,185,216
050,72,027,"Puerto Rico Commonwealth","Camuy Municipio",1,71,398,186,212
050,72,027,"Puerto Rico Commonwealth","Camuy Municipio",1,72,394,184,210
050,72,027,"Puerto Rico Commonwealth","Camuy Municipio",1,73,373,179,194
050,72,027,"Puerto Rico Commonwealth","Camuy Municipio",1,74,369,166,203
050,72,027,"Puerto Rico Commonwealth","Camuy Municipio",1,75,345,159,186
050,72,027,"Puerto Rico Commonwealth","Camuy Municipio",1,76,321,141,180
050,72,027,"Puerto Rico Commonwealth","Camuy Municipio",1,77,289,129,160
050,72,027,"Puerto Rico Commonwealth","Camuy Municipio",1,78,234,110,124
050,72,027,"Puerto Rico Commonwealth","Camuy Municipio",1,79,235,113,122
050,72,027,"Puerto Rico Commonwealth","Camuy Municipio",1,80,216,88,128
050,72,027,"Puerto Rico Commonwealth","Camuy Municipio",1,81,191,78,113
050,72,027,"Puerto Rico Commonwealth","Camuy Municipio",1,82,185,85,100
050,72,027,"Puerto Rico Commonwealth","Camuy Municipio",1,83,165,71,94
050,72,027,"Puerto Rico Commonwealth","Camuy Municipio",1,84,127,43,84
050,72,027,"Puerto Rico Commonwealth","Camuy Municipio",1,85,798,265,533
050,72,027,"Puerto Rico Commonwealth","Camuy Municipio",2,0,228,125,103
050,72,027,"Puerto Rico Commonwealth","Camuy Municipio",2,1,217,121,96
050,72,027,"Puerto Rico Commonwealth","Camuy Municipio",2,2,209,102,107
050,72,027,"Puerto Rico Commonwealth","Camuy Municipio",2,3,221,100,121
050,72,027,"Puerto Rico Commonwealth","Camuy Municipio",2,4,243,120,123
050,72,027,"Puerto Rico Commonwealth","Camuy Municipio",2,5,266,133,133
050,72,027,"Puerto Rico Commonwealth","Camuy Municipio",2,6,284,139,145
050,72,027,"Puerto Rico Commonwealth","Camuy Municipio",2,7,309,143,166
050,72,027,"Puerto Rico Commonwealth","Camuy Municipio",2,8,322,154,168
050,72,027,"Puerto Rico Commonwealth","Camuy Municipio",2,9,329,155,174
050,72,027,"Puerto Rico Commonwealth","Camuy Municipio",2,10,328,159,169
050,72,027,"Puerto Rico Commonwealth","Camuy Municipio",2,11,324,160,164
050,72,027,"Puerto Rico Commonwealth","Camuy Municipio",2,12,344,168,176
050,72,027,"Puerto Rico Commonwealth","Camuy Municipio",2,13,363,177,186
050,72,027,"Puerto Rico Commonwealth","Camuy Municipio",2,14,378,185,193
050,72,027,"Puerto Rico Commonwealth","Camuy Municipio",2,15,390,197,193
050,72,027,"Puerto Rico Commonwealth","Camuy Municipio",2,16,376,197,179
050,72,027,"Puerto Rico Commonwealth","Camuy Municipio",2,17,366,195,171
050,72,027,"Puerto Rico Commonwealth","Camuy Municipio",2,18,384,205,179
050,72,027,"Puerto Rico Commonwealth","Camuy Municipio",2,19,412,210,202
050,72,027,"Puerto Rico Commonwealth","Camuy Municipio",2,20,427,210,217
050,72,027,"Puerto Rico Commonwealth","Camuy Municipio",2,21,412,202,210
050,72,027,"Puerto Rico Commonwealth","Camuy Municipio",2,22,434,216,218
050,72,027,"Puerto Rico Commonwealth","Camuy Municipio",2,23,457,234,223
050,72,027,"Puerto Rico Commonwealth","Camuy Municipio",2,24,464,232,232
050,72,027,"Puerto Rico Commonwealth","Camuy Municipio",2,25,464,239,225
050,72,027,"Puerto Rico Commonwealth","Camuy Municipio",2,26,474,243,231
050,72,027,"Puerto Rico Commonwealth","Camuy Municipio",2,27,467,241,226
050,72,027,"Puerto Rico Commonwealth","Camuy Municipio",2,28,460,228,232
050,72,027,"Puerto Rico Commonwealth","Camuy Municipio",2,29,440,202,238
050,72,027,"Puerto Rico Commonwealth","Camuy Municipio",2,30,429,199,230
050,72,027,"Puerto Rico Commonwealth","Camuy Municipio",2,31,425,212,213
050,72,027,"Puerto Rico Commonwealth","Camuy Municipio",2,32,381,197,184
050,72,027,"Puerto Rico Commonwealth","Camuy Municipio",2,33,338,169,169
050,72,027,"Puerto Rico Commonwealth","Camuy Municipio",2,34,322,158,164
050,72,027,"Puerto Rico Commonwealth","Camuy Municipio",2,35,339,167,172
050,72,027,"Puerto Rico Commonwealth","Camuy Municipio",2,36,344,169,175
050,72,027,"Puerto Rico Commonwealth","Camuy Municipio",2,37,353,171,182
050,72,027,"Puerto Rico Commonwealth","Camuy Municipio",2,38,371,180,191
050,72,027,"Puerto Rico Commonwealth","Camuy Municipio",2,39,392,192,200
050,72,027,"Puerto Rico Commonwealth","Camuy Municipio",2,40,412,195,217
050,72,027,"Puerto Rico Commonwealth","Camuy Municipio",2,41,414,191,223
050,72,027,"Puerto Rico Commonwealth","Camuy Municipio",2,42,418,196,222
050,72,027,"Puerto Rico Commonwealth","Camuy Municipio",2,43,440,212,228
050,72,027,"Puerto Rico Commonwealth","Camuy Municipio",2,44,438,211,227
050,72,027,"Puerto Rico Commonwealth","Camuy Municipio",2,45,418,197,221
050,72,027,"Puerto Rico Commonwealth","Camuy Municipio",2,46,417,204,213
050,72,027,"Puerto Rico Commonwealth","Camuy Municipio",2,47,418,204,214
050,72,027,"Puerto Rico Commonwealth","Camuy Municipio",2,48,446,212,234
050,72,027,"Puerto Rico Commonwealth","Camuy Municipio",2,49,476,226,250
050,72,027,"Puerto Rico Commonwealth","Camuy Municipio",2,50,455,215,240
050,72,027,"Puerto Rico Commonwealth","Camuy Municipio",2,51,450,209,241
050,72,027,"Puerto Rico Commonwealth","Camuy Municipio",2,52,470,212,258
050,72,027,"Puerto Rico Commonwealth","Camuy Municipio",2,53,482,217,265
050,72,027,"Puerto Rico Commonwealth","Camuy Municipio",2,54,493,230,263
050,72,027,"Puerto Rico Commonwealth","Camuy Municipio",2,55,476,220,256
050,72,027,"Puerto Rico Commonwealth","Camuy Municipio",2,56,463,213,250
050,72,027,"Puerto Rico Commonwealth","Camuy Municipio",2,57,470,211,259
050,72,027,"Puerto Rico Commonwealth","Camuy Municipio",2,58,467,210,257
050,72,027,"Puerto Rico Commonwealth","Camuy Municipio",2,59,463,208,255
050,72,027,"Puerto Rico Commonwealth","Camuy Municipio",2,60,473,211,262
050,72,027,"Puerto Rico Commonwealth","Camuy Municipio",2,61,456,224,232
050,72,027,"Puerto Rico Commonwealth","Camuy Municipio",2,62,423,213,210
050,72,027,"Puerto Rico Commonwealth","Camuy Municipio",2,63,421,197,224
050,72,027,"Puerto Rico Commonwealth","Camuy Municipio",2,64,427,189,238
050,72,027,"Puerto Rico Commonwealth","Camuy Municipio",2,65,446,191,255
050,72,027,"Puerto Rico Commonwealth","Camuy Municipio",2,66,430,189,241
050,72,027,"Puerto Rico Commonwealth","Camuy Municipio",2,67,393,183,210
050,72,027,"Puerto Rico Commonwealth","Camuy Municipio",2,68,391,183,208
050,72,027,"Puerto Rico Commonwealth","Camuy Municipio",2,69,396,178,218
050,72,027,"Puerto Rico Commonwealth","Camuy Municipio",2,70,398,182,216
050,72,027,"Puerto Rico Commonwealth","Camuy Municipio",2,71,396,186,210
050,72,027,"Puerto Rico Commonwealth","Camuy Municipio",2,72,394,183,211
050,72,027,"Puerto Rico Commonwealth","Camuy Municipio",2,73,375,178,197
050,72,027,"Puerto Rico Commonwealth","Camuy Municipio",2,74,369,170,199
050,72,027,"Puerto Rico Commonwealth","Camuy Municipio",2,75,350,160,190
050,72,027,"Puerto Rico Commonwealth","Camuy Municipio",2,76,322,144,178
050,72,027,"Puerto Rico Commonwealth","Camuy Municipio",2,77,295,131,164
050,72,027,"Puerto Rico Commonwealth","Camuy Municipio",2,78,245,112,133
050,72,027,"Puerto Rico Commonwealth","Camuy Municipio",2,79,233,111,122
050,72,027,"Puerto Rico Commonwealth","Camuy Municipio",2,80,216,90,126
050,72,027,"Puerto Rico Commonwealth","Camuy Municipio",2,81,197,81,116
050,72,027,"Puerto Rico Commonwealth","Camuy Municipio",2,82,185,83,102
050,72,027,"Puerto Rico Commonwealth","Camuy Municipio",2,83,165,71,94
050,72,027,"Puerto Rico Commonwealth","Camuy Municipio",2,84,136,50,86
050,72,027,"Puerto Rico Commonwealth","Camuy Municipio",2,85,814,269,545
050,72,027,"Puerto Rico Commonwealth","Camuy Municipio",3,0,209,101,108
050,72,027,"Puerto Rico Commonwealth","Camuy Municipio",3,1,219,121,98
050,72,027,"Puerto Rico Commonwealth","Camuy Municipio",3,2,218,122,96
050,72,027,"Puerto Rico Commonwealth","Camuy Municipio",3,3,210,102,108
050,72,027,"Puerto Rico Commonwealth","Camuy Municipio",3,4,222,100,122
050,72,027,"Puerto Rico Commonwealth","Camuy Municipio",3,5,244,120,124
050,72,027,"Puerto Rico Commonwealth","Camuy Municipio",3,6,267,133,134
050,72,027,"Puerto Rico Commonwealth","Camuy Municipio",3,7,284,139,145
050,72,027,"Puerto Rico Commonwealth","Camuy Municipio",3,8,310,143,167
050,72,027,"Puerto Rico Commonwealth","Camuy Municipio",3,9,322,154,168
050,72,027,"Puerto Rico Commonwealth","Camuy Municipio",3,10,329,155,174
050,72,027,"Puerto Rico Commonwealth","Camuy Municipio",3,11,328,159,169
050,72,027,"Puerto Rico Commonwealth","Camuy Municipio",3,12,324,160,164
050,72,027,"Puerto Rico Commonwealth","Camuy Municipio",3,13,344,168,176
050,72,027,"Puerto Rico Commonwealth","Camuy Municipio",3,14,363,177,186
050,72,027,"Puerto Rico Commonwealth","Camuy Municipio",3,15,377,184,193
050,72,027,"Puerto Rico Commonwealth","Camuy Municipio",3,16,389,196,193
050,72,027,"Puerto Rico Commonwealth","Camuy Municipio",3,17,375,197,178
050,72,027,"Puerto Rico Commonwealth","Camuy Municipio",3,18,361,192,169
050,72,027,"Puerto Rico Commonwealth","Camuy Municipio",3,19,379,203,176
050,72,027,"Puerto Rico Commonwealth","Camuy Municipio",3,20,413,210,203
050,72,027,"Puerto Rico Commonwealth","Camuy Municipio",3,21,428,211,217
050,72,027,"Puerto Rico Commonwealth","Camuy Municipio",3,22,412,201,211
050,72,027,"Puerto Rico Commonwealth","Camuy Municipio",3,23,436,216,220
050,72,027,"Puerto Rico Commonwealth","Camuy Municipio",3,24,462,237,225
050,72,027,"Puerto Rico Commonwealth","Camuy Municipio",3,25,467,233,234
050,72,027,"Puerto Rico Commonwealth","Camuy Municipio",3,26,468,241,227
050,72,027,"Puerto Rico Commonwealth","Camuy Municipio",3,27,478,246,232
050,72,027,"Puerto Rico Commonwealth","Camuy Municipio",3,28,471,244,227
050,72,027,"Puerto Rico Commonwealth","Camuy Municipio",3,29,459,226,233
050,72,027,"Puerto Rico Commonwealth","Camuy Municipio",3,30,444,204,240
050,72,027,"Puerto Rico Commonwealth","Camuy Municipio",3,31,433,202,231
050,72,027,"Puerto Rico Commonwealth","Camuy Municipio",3,32,427,213,214
050,72,027,"Puerto Rico Commonwealth","Camuy Municipio",3,33,384,200,184
050,72,027,"Puerto Rico Commonwealth","Camuy Municipio",3,34,338,170,168
050,72,027,"Puerto Rico Commonwealth","Camuy Municipio",3,35,324,160,164
050,72,027,"Puerto Rico Commonwealth","Camuy Municipio",3,36,341,168,173
050,72,027,"Puerto Rico Commonwealth","Camuy Municipio",3,37,346,171,175
050,72,027,"Puerto Rico Commonwealth","Camuy Municipio",3,38,353,170,183
050,72,027,"Puerto Rico Commonwealth","Camuy Municipio",3,39,375,183,192
050,72,027,"Puerto Rico Commonwealth","Camuy Municipio",3,40,393,192,201
050,72,027,"Puerto Rico Commonwealth","Camuy Municipio",3,41,414,196,218
050,72,027,"Puerto Rico Commonwealth","Camuy Municipio",3,42,416,192,224
050,72,027,"Puerto Rico Commonwealth","Camuy Municipio",3,43,419,196,223
050,72,027,"Puerto Rico Commonwealth","Camuy Municipio",3,44,442,213,229
050,72,027,"Puerto Rico Commonwealth","Camuy Municipio",3,45,440,212,228
050,72,027,"Puerto Rico Commonwealth","Camuy Municipio",3,46,420,198,222
050,72,027,"Puerto Rico Commonwealth","Camuy Municipio",3,47,418,204,214
050,72,027,"Puerto Rico Commonwealth","Camuy Municipio",3,48,421,206,215
050,72,027,"Puerto Rico Commonwealth","Camuy Municipio",3,49,446,212,234
050,72,027,"Puerto Rico Commonwealth","Camuy Municipio",3,50,478,227,251
050,72,027,"Puerto Rico Commonwealth","Camuy Municipio",3,51,456,215,241
050,72,027,"Puerto Rico Commonwealth","Camuy Municipio",3,52,452,209,243
050,72,027,"Puerto Rico Commonwealth","Camuy Municipio",3,53,469,213,256
050,72,027,"Puerto Rico Commonwealth","Camuy Municipio",3,54,484,217,267
050,72,027,"Puerto Rico Commonwealth","Camuy Municipio",3,55,492,228,264
050,72,027,"Puerto Rico Commonwealth","Camuy Municipio",3,56,477,220,257
050,72,027,"Puerto Rico Commonwealth","Camuy Municipio",3,57,466,215,251
050,72,027,"Puerto Rico Commonwealth","Camuy Municipio",3,58,473,213,260
050,72,027,"Puerto Rico Commonwealth","Camuy Municipio",3,59,467,208,259
050,72,027,"Puerto Rico Commonwealth","Camuy Municipio",3,60,464,208,256
050,72,027,"Puerto Rico Commonwealth","Camuy Municipio",3,61,471,209,262
050,72,027,"Puerto Rico Commonwealth","Camuy Municipio",3,62,454,222,232
050,72,027,"Puerto Rico Commonwealth","Camuy Municipio",3,63,426,215,211
050,72,027,"Puerto Rico Commonwealth","Camuy Municipio",3,64,420,194,226
050,72,027,"Puerto Rico Commonwealth","Camuy Municipio",3,65,427,188,239
050,72,027,"Puerto Rico Commonwealth","Camuy Municipio",3,66,442,190,252
050,72,027,"Puerto Rico Commonwealth","Camuy Municipio",3,67,422,184,238
050,72,027,"Puerto Rico Commonwealth","Camuy Municipio",3,68,392,182,210
050,72,027,"Puerto Rico Commonwealth","Camuy Municipio",3,69,386,179,207
050,72,027,"Puerto Rico Commonwealth","Camuy Municipio",3,70,394,179,215
050,72,027,"Puerto Rico Commonwealth","Camuy Municipio",3,71,391,178,213
050,72,027,"Puerto Rico Commonwealth","Camuy Municipio",3,72,391,182,209
050,72,027,"Puerto Rico Commonwealth","Camuy Municipio",3,73,388,179,209
050,72,027,"Puerto Rico Commonwealth","Camuy Municipio",3,74,372,177,195
050,72,027,"Puerto Rico Commonwealth","Camuy Municipio",3,75,367,169,198
050,72,027,"Puerto Rico Commonwealth","Camuy Municipio",3,76,339,154,185
050,72,027,"Puerto Rico Commonwealth","Camuy Municipio",3,77,316,140,176
050,72,027,"Puerto Rico Commonwealth","Camuy Municipio",3,78,285,125,160
050,72,027,"Puerto Rico Commonwealth","Camuy Municipio",3,79,244,107,137
050,72,027,"Puerto Rico Commonwealth","Camuy Municipio",3,80,224,105,119
050,72,027,"Puerto Rico Commonwealth","Camuy Municipio",3,81,213,89,124
050,72,027,"Puerto Rico Commonwealth","Camuy Municipio",3,82,184,74,110
050,72,027,"Puerto Rico Commonwealth","Camuy Municipio",3,83,180,78,102
050,72,027,"Puerto Rico Commonwealth","Camuy Municipio",3,84,154,64,90
050,72,027,"Puerto Rico Commonwealth","Camuy Municipio",3,85,861,280,581
050,72,027,"Puerto Rico Commonwealth","Camuy Municipio",4,0,187,108,79
050,72,027,"Puerto Rico Commonwealth","Camuy Municipio",4,1,198,95,103
050,72,027,"Puerto Rico Commonwealth","Camuy Municipio",4,2,217,120,97
050,72,027,"Puerto Rico Commonwealth","Camuy Municipio",4,3,216,121,95
050,72,027,"Puerto Rico Commonwealth","Camuy Municipio",4,4,208,101,107
050,72,027,"Puerto Rico Commonwealth","Camuy Municipio",4,5,220,99,121
050,72,027,"Puerto Rico Commonwealth","Camuy Municipio",4,6,242,119,123
050,72,027,"Puerto Rico Commonwealth","Camuy Municipio",4,7,265,132,133
050,72,027,"Puerto Rico Commonwealth","Camuy Municipio",4,8,282,138,144
050,72,027,"Puerto Rico Commonwealth","Camuy Municipio",4,9,307,141,166
050,72,027,"Puerto Rico Commonwealth","Camuy Municipio",4,10,318,152,166
050,72,027,"Puerto Rico Commonwealth","Camuy Municipio",4,11,325,153,172
050,72,027,"Puerto Rico Commonwealth","Camuy Municipio",4,12,324,157,167
050,72,027,"Puerto Rico Commonwealth","Camuy Municipio",4,13,320,158,162
050,72,027,"Puerto Rico Commonwealth","Camuy Municipio",4,14,339,165,174
050,72,027,"Puerto Rico Commonwealth","Camuy Municipio",4,15,358,174,184
050,72,027,"Puerto Rico Commonwealth","Camuy Municipio",4,16,370,180,190
050,72,027,"Puerto Rico Commonwealth","Camuy Municipio",4,17,383,193,190
050,72,027,"Puerto Rico Commonwealth","Camuy Municipio",4,18,365,191,174
050,72,027,"Puerto Rico Commonwealth","Camuy Municipio",4,19,351,187,164
050,72,027,"Puerto Rico Commonwealth","Camuy Municipio",4,20,373,199,174
050,72,027,"Puerto Rico Commonwealth","Camuy Municipio",4,21,407,206,201
050,72,027,"Puerto Rico Commonwealth","Camuy Municipio",4,22,424,208,216
050,72,027,"Puerto Rico Commonwealth","Camuy Municipio",4,23,409,198,211
050,72,027,"Puerto Rico Commonwealth","Camuy Municipio",4,24,434,215,219
050,72,027,"Puerto Rico Commonwealth","Camuy Municipio",4,25,459,235,224
050,72,027,"Puerto Rico Commonwealth","Camuy Municipio",4,26,464,231,233
050,72,027,"Puerto Rico Commonwealth","Camuy Municipio",4,27,465,239,226
050,72,027,"Puerto Rico Commonwealth","Camuy Municipio",4,28,474,243,231
050,72,027,"Puerto Rico Commonwealth","Camuy Municipio",4,29,461,236,225
050,72,027,"Puerto Rico Commonwealth","Camuy Municipio",4,30,457,225,232
050,72,027,"Puerto Rico Commonwealth","Camuy Municipio",4,31,440,203,237
050,72,027,"Puerto Rico Commonwealth","Camuy Municipio",4,32,429,199,230
050,72,027,"Puerto Rico Commonwealth","Camuy Municipio",4,33,424,211,213
050,72,027,"Puerto Rico Commonwealth","Camuy Municipio",4,34,381,198,183
050,72,027,"Puerto Rico Commonwealth","Camuy Municipio",4,35,336,169,167
050,72,027,"Puerto Rico Commonwealth","Camuy Municipio",4,36,320,157,163
050,72,027,"Puerto Rico Commonwealth","Camuy Municipio",4,37,341,169,172
050,72,027,"Puerto Rico Commonwealth","Camuy Municipio",4,38,340,166,174
050,72,027,"Puerto Rico Commonwealth","Camuy Municipio",4,39,351,169,182
050,72,027,"Puerto Rico Commonwealth","Camuy Municipio",4,40,371,180,191
050,72,027,"Puerto Rico Commonwealth","Camuy Municipio",4,41,392,191,201
050,72,027,"Puerto Rico Commonwealth","Camuy Municipio",4,42,412,194,218
050,72,027,"Puerto Rico Commonwealth","Camuy Municipio",4,43,412,190,222
050,72,027,"Puerto Rico Commonwealth","Camuy Municipio",4,44,416,195,221
050,72,027,"Puerto Rico Commonwealth","Camuy Municipio",4,45,438,210,228
050,72,027,"Puerto Rico Commonwealth","Camuy Municipio",4,46,440,212,228
050,72,027,"Puerto Rico Commonwealth","Camuy Municipio",4,47,415,193,222
050,72,027,"Puerto Rico Commonwealth","Camuy Municipio",4,48,417,204,213
050,72,027,"Puerto Rico Commonwealth","Camuy Municipio",4,49,418,205,213
050,72,027,"Puerto Rico Commonwealth","Camuy Municipio",4,50,443,209,234
050,72,027,"Puerto Rico Commonwealth","Camuy Municipio",4,51,478,227,251
050,72,027,"Puerto Rico Commonwealth","Camuy Municipio",4,52,455,214,241
050,72,027,"Puerto Rico Commonwealth","Camuy Municipio",4,53,450,208,242
050,72,027,"Puerto Rico Commonwealth","Camuy Municipio",4,54,470,214,256
050,72,027,"Puerto Rico Commonwealth","Camuy Municipio",4,55,485,218,267
050,72,027,"Puerto Rico Commonwealth","Camuy Municipio",4,56,494,229,265
050,72,027,"Puerto Rico Commonwealth","Camuy Municipio",4,57,476,218,258
050,72,027,"Puerto Rico Commonwealth","Camuy Municipio",4,58,466,215,251
050,72,027,"Puerto Rico Commonwealth","Camuy Municipio",4,59,470,210,260
050,72,027,"Puerto Rico Commonwealth","Camuy Municipio",4,60,468,209,259
050,72,027,"Puerto Rico Commonwealth","Camuy Municipio",4,61,467,210,257
050,72,027,"Puerto Rico Commonwealth","Camuy Municipio",4,62,469,208,261
050,72,027,"Puerto Rico Commonwealth","Camuy Municipio",4,63,451,220,231
050,72,027,"Puerto Rico Commonwealth","Camuy Municipio",4,64,423,213,210
050,72,027,"Puerto Rico Commonwealth","Camuy Municipio",4,65,419,194,225
050,72,027,"Puerto Rico Commonwealth","Camuy Municipio",4,66,425,188,237
050,72,027,"Puerto Rico Commonwealth","Camuy Municipio",4,67,436,186,250
050,72,027,"Puerto Rico Commonwealth","Camuy Municipio",4,68,420,183,237
050,72,027,"Puerto Rico Commonwealth","Camuy Municipio",4,69,382,175,207
050,72,027,"Puerto Rico Commonwealth","Camuy Municipio",4,70,382,177,205
050,72,027,"Puerto Rico Commonwealth","Camuy Municipio",4,71,384,172,212
050,72,027,"Puerto Rico Commonwealth","Camuy Municipio",4,72,384,173,211
050,72,027,"Puerto Rico Commonwealth","Camuy Municipio",4,73,384,179,205
050,72,027,"Puerto Rico Commonwealth","Camuy Municipio",4,74,379,173,206
050,72,027,"Puerto Rico Commonwealth","Camuy Municipio",4,75,362,170,192
050,72,027,"Puerto Rico Commonwealth","Camuy Municipio",4,76,355,163,192
050,72,027,"Puerto Rico Commonwealth","Camuy Municipio",4,77,328,144,184
050,72,027,"Puerto Rico Commonwealth","Camuy Municipio",4,78,305,135,170
050,72,027,"Puerto Rico Commonwealth","Camuy Municipio",4,79,277,117,160
050,72,027,"Puerto Rico Commonwealth","Camuy Municipio",4,80,227,96,131
050,72,027,"Puerto Rico Commonwealth","Camuy Municipio",4,81,224,100,124
050,72,027,"Puerto Rico Commonwealth","Camuy Municipio",4,82,201,83,118
050,72,027,"Puerto Rico Commonwealth","Camuy Municipio",4,83,174,68,106
050,72,027,"Puerto Rico Commonwealth","Camuy Municipio",4,84,163,70,93
050,72,027,"Puerto Rico Commonwealth","Camuy Municipio",4,85,910,299,611
050,72,027,"Puerto Rico Commonwealth","Camuy Municipio",5,0,185,87,98
050,72,027,"Puerto Rico Commonwealth","Camuy Municipio",5,1,179,104,75
050,72,027,"Puerto Rico Commonwealth","Camuy Municipio",5,2,199,95,104
050,72,027,"Puerto Rico Commonwealth","Camuy Municipio",5,3,219,121,98
050,72,027,"Puerto Rico Commonwealth","Camuy Municipio",5,4,218,122,96
050,72,027,"Puerto Rico Commonwealth","Camuy Municipio",5,5,210,102,108
050,72,027,"Puerto Rico Commonwealth","Camuy Municipio",5,6,221,99,122
050,72,027,"Puerto Rico Commonwealth","Camuy Municipio",5,7,244,120,124
050,72,027,"Puerto Rico Commonwealth","Camuy Municipio",5,8,267,133,134
050,72,027,"Puerto Rico Commonwealth","Camuy Municipio",5,9,284,139,145
050,72,027,"Puerto Rico Commonwealth","Camuy Municipio",5,10,308,141,167
050,72,027,"Puerto Rico Commonwealth","Camuy Municipio",5,11,318,152,166
050,72,027,"Puerto Rico Commonwealth","Camuy Municipio",5,12,325,153,172
050,72,027,"Puerto Rico Commonwealth","Camuy Municipio",5,13,324,157,167
050,72,027,"Puerto Rico Commonwealth","Camuy Municipio",5,14,320,158,162
050,72,027,"Puerto Rico Commonwealth","Camuy Municipio",5,15,339,165,174
050,72,027,"Puerto Rico Commonwealth","Camuy Municipio",5,16,358,174,184
050,72,027,"Puerto Rico Commonwealth","Camuy Municipio",5,17,370,180,190
050,72,027,"Puerto Rico Commonwealth","Camuy Municipio",5,18,378,190,188
050,72,027,"Puerto Rico Commonwealth","Camuy Municipio",5,19,361,189,172
050,72,027,"Puerto Rico Commonwealth","Camuy Municipio",5,20,352,187,165
050,72,027,"Puerto Rico Commonwealth","Camuy Municipio",5,21,374,200,174
050,72,027,"Puerto Rico Commonwealth","Camuy Municipio",5,22,410,207,203
050,72,027,"Puerto Rico Commonwealth","Camuy Municipio",5,23,429,210,219
050,72,027,"Puerto Rico Commonwealth","Camuy Municipio",5,24,414,200,214
050,72,027,"Puerto Rico Commonwealth","Camuy Municipio",5,25,438,216,222
050,72,027,"Puerto Rico Commonwealth","Camuy Municipio",5,26,463,237,226
050,72,027,"Puerto Rico Commonwealth","Camuy Municipio",5,27,469,234,235
050,72,027,"Puerto Rico Commonwealth","Camuy Municipio",5,28,466,239,227
050,72,027,"Puerto Rico Commonwealth","Camuy Municipio",5,29,473,240,233
050,72,027,"Puerto Rico Commonwealth","Camuy Municipio",5,30,464,237,227
050,72,027,"Puerto Rico Commonwealth","Camuy Municipio",5,31,464,230,234
050,72,027,"Puerto Rico Commonwealth","Camuy Municipio",5,32,444,205,239
050,72,027,"Puerto Rico Commonwealth","Camuy Municipio",5,33,432,200,232
050,72,027,"Puerto Rico Commonwealth","Camuy Municipio",5,34,428,213,215
050,72,027,"Puerto Rico Commonwealth","Camuy Municipio",5,35,385,201,184
050,72,027,"Puerto Rico Commonwealth","Camuy Municipio",5,36,337,169,168
050,72,027,"Puerto Rico Commonwealth","Camuy Municipio",5,37,325,161,164
050,72,027,"Puerto Rico Commonwealth","Camuy Municipio",5,38,339,167,172
050,72,027,"Puerto Rico Commonwealth","Camuy Municipio",5,39,344,169,175
050,72,027,"Puerto Rico Commonwealth","Camuy Municipio",5,40,352,170,182
050,72,027,"Puerto Rico Commonwealth","Camuy Municipio",5,41,373,180,193
050,72,027,"Puerto Rico Commonwealth","Camuy Municipio",5,42,394,192,202
050,72,027,"Puerto Rico Commonwealth","Camuy Municipio",5,43,408,189,219
050,72,027,"Puerto Rico Commonwealth","Camuy Municipio",5,44,415,191,224
050,72,027,"Puerto Rico Commonwealth","Camuy Municipio",5,45,419,196,223
050,72,027,"Puerto Rico Commonwealth","Camuy Municipio",5,46,442,212,230
050,72,027,"Puerto Rico Commonwealth","Camuy Municipio",5,47,442,212,230
050,72,027,"Puerto Rico Commonwealth","Camuy Municipio",5,48,421,197,224
050,72,027,"Puerto Rico Commonwealth","Camuy Municipio",5,49,418,203,215
050,72,027,"Puerto Rico Commonwealth","Camuy Municipio",5,50,420,205,215
050,72,027,"Puerto Rico Commonwealth","Camuy Municipio",5,51,446,210,236
050,72,027,"Puerto Rico Commonwealth","Camuy Municipio",5,52,480,227,253
050,72,027,"Puerto Rico Commonwealth","Camuy Municipio",5,53,457,214,243
050,72,027,"Puerto Rico Commonwealth","Camuy Municipio",5,54,451,208,243
050,72,027,"Puerto Rico Commonwealth","Camuy Municipio",5,55,475,218,257
050,72,027,"Puerto Rico Commonwealth","Camuy Municipio",5,56,487,218,269
050,72,027,"Puerto Rico Commonwealth","Camuy Municipio",5,57,498,230,268
050,72,027,"Puerto Rico Commonwealth","Camuy Municipio",5,58,477,218,259
050,72,027,"Puerto Rico Commonwealth","Camuy Municipio",5,59,462,210,252
050,72,027,"Puerto Rico Commonwealth","Camuy Municipio",5,60,471,211,260
050,72,027,"Puerto Rico Commonwealth","Camuy Municipio",5,61,470,210,260
050,72,027,"Puerto Rico Commonwealth","Camuy Municipio",5,62,468,209,259
050,72,027,"Puerto Rico Commonwealth","Camuy Municipio",5,63,472,209,263
050,72,027,"Puerto Rico Commonwealth","Camuy Municipio",5,64,454,222,232
050,72,027,"Puerto Rico Commonwealth","Camuy Municipio",5,65,420,212,208
050,72,027,"Puerto Rico Commonwealth","Camuy Municipio",5,66,416,191,225
050,72,027,"Puerto Rico Commonwealth","Camuy Municipio",5,67,423,188,235
050,72,027,"Puerto Rico Commonwealth","Camuy Municipio",5,68,430,187,243
050,72,027,"Puerto Rico Commonwealth","Camuy Municipio",5,69,407,172,235
050,72,027,"Puerto Rico Commonwealth","Camuy Municipio",5,70,379,173,206
050,72,027,"Puerto Rico Commonwealth","Camuy Municipio",5,71,374,170,204
050,72,027,"Puerto Rico Commonwealth","Camuy Municipio",5,72,381,170,211
050,72,027,"Puerto Rico Commonwealth","Camuy Municipio",5,73,377,169,208
050,72,027,"Puerto Rico Commonwealth","Camuy Municipio",5,74,381,177,204
050,72,027,"Puerto Rico Commonwealth","Camuy Municipio",5,75,369,166,203
050,72,027,"Puerto Rico Commonwealth","Camuy Municipio",5,76,356,165,191
050,72,027,"Puerto Rico Commonwealth","Camuy Municipio",5,77,342,158,184
050,72,027,"Puerto Rico Commonwealth","Camuy Municipio",5,78,316,138,178
050,72,027,"Puerto Rico Commonwealth","Camuy Municipio",5,79,298,126,172
050,72,027,"Puerto Rico Commonwealth","Camuy Municipio",5,80,263,109,154
050,72,027,"Puerto Rico Commonwealth","Camuy Municipio",5,81,226,93,133
050,72,027,"Puerto Rico Commonwealth","Camuy Municipio",5,82,212,97,115
050,72,027,"Puerto Rico Commonwealth","Camuy Municipio",5,83,191,76,115
050,72,027,"Puerto Rico Commonwealth","Camuy Municipio",5,84,163,63,100
050,72,027,"Puerto Rico Commonwealth","Camuy Municipio",5,85,952,335,617
050,72,029,"Puerto Rico Commonwealth","Canóvanas Municipio",1,0,281,148,133
050,72,029,"Puerto Rico Commonwealth","Canóvanas Municipio",1,1,266,137,129
050,72,029,"Puerto Rico Commonwealth","Canóvanas Municipio",1,2,271,154,117
050,72,029,"Puerto Rico Commonwealth","Canóvanas Municipio",1,3,320,178,142
050,72,029,"Puerto Rico Commonwealth","Canóvanas Municipio",1,4,338,193,145
050,72,029,"Puerto Rico Commonwealth","Canóvanas Municipio",1,5,395,220,175
050,72,029,"Puerto Rico Commonwealth","Canóvanas Municipio",1,6,421,227,194
050,72,029,"Puerto Rico Commonwealth","Canóvanas Municipio",1,7,445,230,215
050,72,029,"Puerto Rico Commonwealth","Canóvanas Municipio",1,8,526,274,252
050,72,029,"Puerto Rico Commonwealth","Canóvanas Municipio",1,9,495,254,241
050,72,029,"Puerto Rico Commonwealth","Canóvanas Municipio",1,10,480,251,229
050,72,029,"Puerto Rico Commonwealth","Canóvanas Municipio",1,11,492,252,240
050,72,029,"Puerto Rico Commonwealth","Canóvanas Municipio",1,12,518,265,253
050,72,029,"Puerto Rico Commonwealth","Canóvanas Municipio",1,13,544,285,259
050,72,029,"Puerto Rico Commonwealth","Canóvanas Municipio",1,14,538,276,262
050,72,029,"Puerto Rico Commonwealth","Canóvanas Municipio",1,15,530,265,265
050,72,029,"Puerto Rico Commonwealth","Canóvanas Municipio",1,16,516,272,244
050,72,029,"Puerto Rico Commonwealth","Canóvanas Municipio",1,17,510,268,242
050,72,029,"Puerto Rico Commonwealth","Canóvanas Municipio",1,18,519,275,244
050,72,029,"Puerto Rico Commonwealth","Canóvanas Municipio",1,19,555,296,259
050,72,029,"Puerto Rico Commonwealth","Canóvanas Municipio",1,20,568,310,258
050,72,029,"Puerto Rico Commonwealth","Canóvanas Municipio",1,21,552,304,248
050,72,029,"Puerto Rico Commonwealth","Canóvanas Municipio",1,22,545,296,249
050,72,029,"Puerto Rico Commonwealth","Canóvanas Municipio",1,23,556,307,249
050,72,029,"Puerto Rico Commonwealth","Canóvanas Municipio",1,24,592,347,245
050,72,029,"Puerto Rico Commonwealth","Canóvanas Municipio",1,25,580,344,236
050,72,029,"Puerto Rico Commonwealth","Canóvanas Municipio",1,26,597,339,258
050,72,029,"Puerto Rico Commonwealth","Canóvanas Municipio",1,27,611,340,271
050,72,029,"Puerto Rico Commonwealth","Canóvanas Municipio",1,28,600,310,290
050,72,029,"Puerto Rico Commonwealth","Canóvanas Municipio",1,29,599,293,306
050,72,029,"Puerto Rico Commonwealth","Canóvanas Municipio",1,30,593,295,298
050,72,029,"Puerto Rico Commonwealth","Canóvanas Municipio",1,31,556,281,275
050,72,029,"Puerto Rico Commonwealth","Canóvanas Municipio",1,32,534,259,275
050,72,029,"Puerto Rico Commonwealth","Canóvanas Municipio",1,33,511,237,274
050,72,029,"Puerto Rico Commonwealth","Canóvanas Municipio",1,34,466,211,255
050,72,029,"Puerto Rico Commonwealth","Canóvanas Municipio",1,35,442,191,251
050,72,029,"Puerto Rico Commonwealth","Canóvanas Municipio",1,36,463,198,265
050,72,029,"Puerto Rico Commonwealth","Canóvanas Municipio",1,37,491,212,279
050,72,029,"Puerto Rico Commonwealth","Canóvanas Municipio",1,38,533,227,306
050,72,029,"Puerto Rico Commonwealth","Canóvanas Municipio",1,39,539,231,308
050,72,029,"Puerto Rico Commonwealth","Canóvanas Municipio",1,40,569,239,330
050,72,029,"Puerto Rico Commonwealth","Canóvanas Municipio",1,41,556,227,329
050,72,029,"Puerto Rico Commonwealth","Canóvanas Municipio",1,42,588,240,348
050,72,029,"Puerto Rico Commonwealth","Canóvanas Municipio",1,43,614,257,357
050,72,029,"Puerto Rico Commonwealth","Canóvanas Municipio",1,44,643,281,362
050,72,029,"Puerto Rico Commonwealth","Canóvanas Municipio",1,45,628,277,351
050,72,029,"Puerto Rico Commonwealth","Canóvanas Municipio",1,46,608,286,322
050,72,029,"Puerto Rico Commonwealth","Canóvanas Municipio",1,47,596,275,321
050,72,029,"Puerto Rico Commonwealth","Canóvanas Municipio",1,48,610,270,340
050,72,029,"Puerto Rico Commonwealth","Canóvanas Municipio",1,49,641,290,351
050,72,029,"Puerto Rico Commonwealth","Canóvanas Municipio",1,50,641,301,340
050,72,029,"Puerto Rico Commonwealth","Canóvanas Municipio",1,51,605,281,324
050,72,029,"Puerto Rico Commonwealth","Canóvanas Municipio",1,52,602,287,315
050,72,029,"Puerto Rico Commonwealth","Canóvanas Municipio",1,53,619,278,341
050,72,029,"Puerto Rico Commonwealth","Canóvanas Municipio",1,54,649,292,357
050,72,029,"Puerto Rico Commonwealth","Canóvanas Municipio",1,55,641,292,349
050,72,029,"Puerto Rico Commonwealth","Canóvanas Municipio",1,56,626,293,333
050,72,029,"Puerto Rico Commonwealth","Canóvanas Municipio",1,57,590,260,330
050,72,029,"Puerto Rico Commonwealth","Canóvanas Municipio",1,58,575,247,328
050,72,029,"Puerto Rico Commonwealth","Canóvanas Municipio",1,59,547,248,299
050,72,029,"Puerto Rico Commonwealth","Canóvanas Municipio",1,60,541,252,289
050,72,029,"Puerto Rico Commonwealth","Canóvanas Municipio",1,61,518,240,278
050,72,029,"Puerto Rico Commonwealth","Canóvanas Municipio",1,62,499,222,277
050,72,029,"Puerto Rico Commonwealth","Canóvanas Municipio",1,63,507,217,290
050,72,029,"Puerto Rico Commonwealth","Canóvanas Municipio",1,64,505,235,270
050,72,029,"Puerto Rico Commonwealth","Canóvanas Municipio",1,65,477,226,251
050,72,029,"Puerto Rico Commonwealth","Canóvanas Municipio",1,66,447,200,247
050,72,029,"Puerto Rico Commonwealth","Canóvanas Municipio",1,67,418,185,233
050,72,029,"Puerto Rico Commonwealth","Canóvanas Municipio",1,68,416,183,233
050,72,029,"Puerto Rico Commonwealth","Canóvanas Municipio",1,69,416,180,236
050,72,029,"Puerto Rico Commonwealth","Canóvanas Municipio",1,70,427,188,239
050,72,029,"Puerto Rico Commonwealth","Canóvanas Municipio",1,71,403,179,224
050,72,029,"Puerto Rico Commonwealth","Canóvanas Municipio",1,72,417,190,227
050,72,029,"Puerto Rico Commonwealth","Canóvanas Municipio",1,73,426,185,241
050,72,029,"Puerto Rico Commonwealth","Canóvanas Municipio",1,74,401,179,222
050,72,029,"Puerto Rico Commonwealth","Canóvanas Municipio",1,75,350,166,184
050,72,029,"Puerto Rico Commonwealth","Canóvanas Municipio",1,76,316,148,168
050,72,029,"Puerto Rico Commonwealth","Canóvanas Municipio",1,77,318,154,164
050,72,029,"Puerto Rico Commonwealth","Canóvanas Municipio",1,78,296,136,160
050,72,029,"Puerto Rico Commonwealth","Canóvanas Municipio",1,79,260,118,142
050,72,029,"Puerto Rico Commonwealth","Canóvanas Municipio",1,80,232,117,115
050,72,029,"Puerto Rico Commonwealth","Canóvanas Municipio",1,81,191,98,93
050,72,029,"Puerto Rico Commonwealth","Canóvanas Municipio",1,82,170,85,85
050,72,029,"Puerto Rico Commonwealth","Canóvanas Municipio",1,83,166,74,92
050,72,029,"Puerto Rico Commonwealth","Canóvanas Municipio",1,84,164,76,88
050,72,029,"Puerto Rico Commonwealth","Canóvanas Municipio",1,85,1020,384,636
050,72,029,"Puerto Rico Commonwealth","Canóvanas Municipio",2,0,282,147,135
050,72,029,"Puerto Rico Commonwealth","Canóvanas Municipio",2,1,269,140,129
050,72,029,"Puerto Rico Commonwealth","Canóvanas Municipio",2,2,270,150,120
050,72,029,"Puerto Rico Commonwealth","Canóvanas Municipio",2,3,308,172,136
050,72,029,"Puerto Rico Commonwealth","Canóvanas Municipio",2,4,333,189,144
050,72,029,"Puerto Rico Commonwealth","Canóvanas Municipio",2,5,380,213,167
050,72,029,"Puerto Rico Commonwealth","Canóvanas Municipio",2,6,415,225,190
050,72,029,"Puerto Rico Commonwealth","Canóvanas Municipio",2,7,439,230,209
050,72,029,"Puerto Rico Commonwealth","Canóvanas Municipio",2,8,506,263,243
050,72,029,"Puerto Rico Commonwealth","Canóvanas Municipio",2,9,503,259,244
050,72,029,"Puerto Rico Commonwealth","Canóvanas Municipio",2,10,483,251,232
050,72,029,"Puerto Rico Commonwealth","Canóvanas Municipio",2,11,488,252,236
050,72,029,"Puerto Rico Commonwealth","Canóvanas Municipio",2,12,511,262,249
050,72,029,"Puerto Rico Commonwealth","Canóvanas Municipio",2,13,536,280,256
050,72,029,"Puerto Rico Commonwealth","Canóvanas Municipio",2,14,539,278,261
050,72,029,"Puerto Rico Commonwealth","Canóvanas Municipio",2,15,531,268,263
050,72,029,"Puerto Rico Commonwealth","Canóvanas Municipio",2,16,518,270,248
050,72,029,"Puerto Rico Commonwealth","Canóvanas Municipio",2,17,511,269,242
050,72,029,"Puerto Rico Commonwealth","Canóvanas Municipio",2,18,515,273,242
050,72,029,"Puerto Rico Commonwealth","Canóvanas Municipio",2,19,545,291,254
050,72,029,"Puerto Rico Commonwealth","Canóvanas Municipio",2,20,565,307,258
050,72,029,"Puerto Rico Commonwealth","Canóvanas Municipio",2,21,554,305,249
050,72,029,"Puerto Rico Commonwealth","Canóvanas Municipio",2,22,546,298,248
050,72,029,"Puerto Rico Commonwealth","Canóvanas Municipio",2,23,551,303,248
050,72,029,"Puerto Rico Commonwealth","Canóvanas Municipio",2,24,582,337,245
050,72,029,"Puerto Rico Commonwealth","Canóvanas Municipio",2,25,583,345,238
050,72,029,"Puerto Rico Commonwealth","Canóvanas Municipio",2,26,593,340,253
050,72,029,"Puerto Rico Commonwealth","Canóvanas Municipio",2,27,607,340,267
050,72,029,"Puerto Rico Commonwealth","Canóvanas Municipio",2,28,604,318,286
050,72,029,"Puerto Rico Commonwealth","Canóvanas Municipio",2,29,600,297,303
050,72,029,"Puerto Rico Commonwealth","Canóvanas Municipio",2,30,596,295,301
050,72,029,"Puerto Rico Commonwealth","Canóvanas Municipio",2,31,566,284,282
050,72,029,"Puerto Rico Commonwealth","Canóvanas Municipio",2,32,539,264,275
050,72,029,"Puerto Rico Commonwealth","Canóvanas Municipio",2,33,519,243,276
050,72,029,"Puerto Rico Commonwealth","Canóvanas Municipio",2,34,477,217,260
050,72,029,"Puerto Rico Commonwealth","Canóvanas Municipio",2,35,449,195,254
050,72,029,"Puerto Rico Commonwealth","Canóvanas Municipio",2,36,459,197,262
050,72,029,"Puerto Rico Commonwealth","Canóvanas Municipio",2,37,484,208,276
050,72,029,"Puerto Rico Commonwealth","Canóvanas Municipio",2,38,524,223,301
050,72,029,"Puerto Rico Commonwealth","Canóvanas Municipio",2,39,538,230,308
050,72,029,"Puerto Rico Commonwealth","Canóvanas Municipio",2,40,563,237,326
050,72,029,"Puerto Rico Commonwealth","Canóvanas Municipio",2,41,560,230,330
050,72,029,"Puerto Rico Commonwealth","Canóvanas Municipio",2,42,581,237,344
050,72,029,"Puerto Rico Commonwealth","Canóvanas Municipio",2,43,608,253,355
050,72,029,"Puerto Rico Commonwealth","Canóvanas Municipio",2,44,635,275,360
050,72,029,"Puerto Rico Commonwealth","Canóvanas Municipio",2,45,631,278,353
050,72,029,"Puerto Rico Commonwealth","Canóvanas Municipio",2,46,614,284,330
050,72,029,"Puerto Rico Commonwealth","Canóvanas Municipio",2,47,598,277,321
050,72,029,"Puerto Rico Commonwealth","Canóvanas Municipio",2,48,607,272,335
050,72,029,"Puerto Rico Commonwealth","Canóvanas Municipio",2,49,632,284,348
050,72,029,"Puerto Rico Commonwealth","Canóvanas Municipio",2,50,641,298,343
050,72,029,"Puerto Rico Commonwealth","Canóvanas Municipio",2,51,613,286,327
050,72,029,"Puerto Rico Commonwealth","Canóvanas Municipio",2,52,601,284,317
050,72,029,"Puerto Rico Commonwealth","Canóvanas Municipio",2,53,615,281,334
050,72,029,"Puerto Rico Commonwealth","Canóvanas Municipio",2,54,641,288,353
050,72,029,"Puerto Rico Commonwealth","Canóvanas Municipio",2,55,640,291,349
050,72,029,"Puerto Rico Commonwealth","Canóvanas Municipio",2,56,629,292,337
050,72,029,"Puerto Rico Commonwealth","Canóvanas Municipio",2,57,597,266,331
050,72,029,"Puerto Rico Commonwealth","Canóvanas Municipio",2,58,578,250,328
050,72,029,"Puerto Rico Commonwealth","Canóvanas Municipio",2,59,554,248,306
050,72,029,"Puerto Rico Commonwealth","Canóvanas Municipio",2,60,542,251,291
050,72,029,"Puerto Rico Commonwealth","Canóvanas Municipio",2,61,521,241,280
050,72,029,"Puerto Rico Commonwealth","Canóvanas Municipio",2,62,504,227,277
050,72,029,"Puerto Rico Commonwealth","Canóvanas Municipio",2,63,504,217,287
050,72,029,"Puerto Rico Commonwealth","Canóvanas Municipio",2,64,504,230,274
050,72,029,"Puerto Rico Commonwealth","Canóvanas Municipio",2,65,483,229,254
050,72,029,"Puerto Rico Commonwealth","Canóvanas Municipio",2,66,452,205,247
050,72,029,"Puerto Rico Commonwealth","Canóvanas Municipio",2,67,425,188,237
050,72,029,"Puerto Rico Commonwealth","Canóvanas Municipio",2,68,411,179,232
050,72,029,"Puerto Rico Commonwealth","Canóvanas Municipio",2,69,414,180,234
050,72,029,"Puerto Rico Commonwealth","Canóvanas Municipio",2,70,421,184,237
050,72,029,"Puerto Rico Commonwealth","Canóvanas Municipio",2,71,407,181,226
050,72,029,"Puerto Rico Commonwealth","Canóvanas Municipio",2,72,412,188,224
050,72,029,"Puerto Rico Commonwealth","Canóvanas Municipio",2,73,422,186,236
050,72,029,"Puerto Rico Commonwealth","Canóvanas Municipio",2,74,406,180,226
050,72,029,"Puerto Rico Commonwealth","Canóvanas Municipio",2,75,360,168,192
050,72,029,"Puerto Rico Commonwealth","Canóvanas Municipio",2,76,321,151,170
050,72,029,"Puerto Rico Commonwealth","Canóvanas Municipio",2,77,316,153,163
050,72,029,"Puerto Rico Commonwealth","Canóvanas Municipio",2,78,297,138,159
050,72,029,"Puerto Rico Commonwealth","Canóvanas Municipio",2,79,263,118,145
050,72,029,"Puerto Rico Commonwealth","Canóvanas Municipio",2,80,235,115,120
050,72,029,"Puerto Rico Commonwealth","Canóvanas Municipio",2,81,201,102,99
050,72,029,"Puerto Rico Commonwealth","Canóvanas Municipio",2,82,172,86,86
050,72,029,"Puerto Rico Commonwealth","Canóvanas Municipio",2,83,168,77,91
050,72,029,"Puerto Rico Commonwealth","Canóvanas Municipio",2,84,164,75,89
050,72,029,"Puerto Rico Commonwealth","Canóvanas Municipio",2,85,1045,398,647
050,72,029,"Puerto Rico Commonwealth","Canóvanas Municipio",3,0,272,134,138
050,72,029,"Puerto Rico Commonwealth","Canóvanas Municipio",3,1,283,148,135
050,72,029,"Puerto Rico Commonwealth","Canóvanas Municipio",3,2,268,140,128
050,72,029,"Puerto Rico Commonwealth","Canóvanas Municipio",3,3,268,149,119
050,72,029,"Puerto Rico Commonwealth","Canóvanas Municipio",3,4,307,172,135
050,72,029,"Puerto Rico Commonwealth","Canóvanas Municipio",3,5,330,188,142
050,72,029,"Puerto Rico Commonwealth","Canóvanas Municipio",3,6,377,212,165
050,72,029,"Puerto Rico Commonwealth","Canóvanas Municipio",3,7,413,225,188
050,72,029,"Puerto Rico Commonwealth","Canóvanas Municipio",3,8,436,229,207
050,72,029,"Puerto Rico Commonwealth","Canóvanas Municipio",3,9,505,263,242
050,72,029,"Puerto Rico Commonwealth","Canóvanas Municipio",3,10,501,258,243
050,72,029,"Puerto Rico Commonwealth","Canóvanas Municipio",3,11,479,250,229
050,72,029,"Puerto Rico Commonwealth","Canóvanas Municipio",3,12,484,251,233
050,72,029,"Puerto Rico Commonwealth","Canóvanas Municipio",3,13,507,261,246
050,72,029,"Puerto Rico Commonwealth","Canóvanas Municipio",3,14,531,279,252
050,72,029,"Puerto Rico Commonwealth","Canóvanas Municipio",3,15,533,276,257
050,72,029,"Puerto Rico Commonwealth","Canóvanas Municipio",3,16,524,266,258
050,72,029,"Puerto Rico Commonwealth","Canóvanas Municipio",3,17,511,269,242
050,72,029,"Puerto Rico Commonwealth","Canóvanas Municipio",3,18,499,264,235
050,72,029,"Puerto Rico Commonwealth","Canóvanas Municipio",3,19,504,270,234
050,72,029,"Puerto Rico Commonwealth","Canóvanas Municipio",3,20,538,289,249
050,72,029,"Puerto Rico Commonwealth","Canóvanas Municipio",3,21,560,306,254
050,72,029,"Puerto Rico Commonwealth","Canóvanas Municipio",3,22,553,306,247
050,72,029,"Puerto Rico Commonwealth","Canóvanas Municipio",3,23,544,297,247
050,72,029,"Puerto Rico Commonwealth","Canóvanas Municipio",3,24,553,305,248
050,72,029,"Puerto Rico Commonwealth","Canóvanas Municipio",3,25,584,338,246
050,72,029,"Puerto Rico Commonwealth","Canóvanas Municipio",3,26,585,346,239
050,72,029,"Puerto Rico Commonwealth","Canóvanas Municipio",3,27,594,342,252
050,72,029,"Puerto Rico Commonwealth","Canóvanas Municipio",3,28,610,341,269
050,72,029,"Puerto Rico Commonwealth","Canóvanas Municipio",3,29,604,315,289
050,72,029,"Puerto Rico Commonwealth","Canóvanas Municipio",3,30,608,300,308
050,72,029,"Puerto Rico Commonwealth","Canóvanas Municipio",3,31,600,296,304
050,72,029,"Puerto Rico Commonwealth","Canóvanas Municipio",3,32,571,285,286
050,72,029,"Puerto Rico Commonwealth","Canóvanas Municipio",3,33,549,269,280
050,72,029,"Puerto Rico Commonwealth","Canóvanas Municipio",3,34,525,243,282
050,72,029,"Puerto Rico Commonwealth","Canóvanas Municipio",3,35,484,221,263
050,72,029,"Puerto Rico Commonwealth","Canóvanas Municipio",3,36,452,194,258
050,72,029,"Puerto Rico Commonwealth","Canóvanas Municipio",3,37,462,197,265
050,72,029,"Puerto Rico Commonwealth","Canóvanas Municipio",3,38,491,211,280
050,72,029,"Puerto Rico Commonwealth","Canóvanas Municipio",3,39,525,220,305
050,72,029,"Puerto Rico Commonwealth","Canóvanas Municipio",3,40,540,230,310
050,72,029,"Puerto Rico Commonwealth","Canóvanas Municipio",3,41,563,234,329
050,72,029,"Puerto Rico Commonwealth","Canóvanas Municipio",3,42,561,230,331
050,72,029,"Puerto Rico Commonwealth","Canóvanas Municipio",3,43,585,238,347
050,72,029,"Puerto Rico Commonwealth","Canóvanas Municipio",3,44,606,251,355
050,72,029,"Puerto Rico Commonwealth","Canóvanas Municipio",3,45,632,271,361
050,72,029,"Puerto Rico Commonwealth","Canóvanas Municipio",3,46,632,279,353
050,72,029,"Puerto Rico Commonwealth","Canóvanas Municipio",3,47,610,279,331
050,72,029,"Puerto Rico Commonwealth","Canóvanas Municipio",3,48,590,272,318
050,72,029,"Puerto Rico Commonwealth","Canóvanas Municipio",3,49,604,271,333
050,72,029,"Puerto Rico Commonwealth","Canóvanas Municipio",3,50,627,279,348
050,72,029,"Puerto Rico Commonwealth","Canóvanas Municipio",3,51,638,295,343
050,72,029,"Puerto Rico Commonwealth","Canóvanas Municipio",3,52,609,282,327
050,72,029,"Puerto Rico Commonwealth","Canóvanas Municipio",3,53,597,281,316
050,72,029,"Puerto Rico Commonwealth","Canóvanas Municipio",3,54,603,272,331
050,72,029,"Puerto Rico Commonwealth","Canóvanas Municipio",3,55,634,285,349
050,72,029,"Puerto Rico Commonwealth","Canóvanas Municipio",3,56,632,284,348
050,72,029,"Puerto Rico Commonwealth","Canóvanas Municipio",3,57,626,289,337
050,72,029,"Puerto Rico Commonwealth","Canóvanas Municipio",3,58,594,265,329
050,72,029,"Puerto Rico Commonwealth","Canóvanas Municipio",3,59,572,244,328
050,72,029,"Puerto Rico Commonwealth","Canóvanas Municipio",3,60,546,241,305
050,72,029,"Puerto Rico Commonwealth","Canóvanas Municipio",3,61,535,247,288
050,72,029,"Puerto Rico Commonwealth","Canóvanas Municipio",3,62,512,234,278
050,72,029,"Puerto Rico Commonwealth","Canóvanas Municipio",3,63,494,222,272
050,72,029,"Puerto Rico Commonwealth","Canóvanas Municipio",3,64,499,215,284
050,72,029,"Puerto Rico Commonwealth","Canóvanas Municipio",3,65,494,223,271
050,72,029,"Puerto Rico Commonwealth","Canóvanas Municipio",3,66,472,221,251
050,72,029,"Puerto Rico Commonwealth","Canóvanas Municipio",3,67,445,201,244
050,72,029,"Puerto Rico Commonwealth","Canóvanas Municipio",3,68,416,183,233
050,72,029,"Puerto Rico Commonwealth","Canóvanas Municipio",3,69,401,173,228
050,72,029,"Puerto Rico Commonwealth","Canóvanas Municipio",3,70,402,175,227
050,72,029,"Puerto Rico Commonwealth","Canóvanas Municipio",3,71,408,177,231
050,72,029,"Puerto Rico Commonwealth","Canóvanas Municipio",3,72,397,177,220
050,72,029,"Puerto Rico Commonwealth","Canóvanas Municipio",3,73,397,179,218
050,72,029,"Puerto Rico Commonwealth","Canóvanas Municipio",3,74,411,183,228
050,72,029,"Puerto Rico Commonwealth","Canóvanas Municipio",3,75,391,174,217
050,72,029,"Puerto Rico Commonwealth","Canóvanas Municipio",3,76,343,157,186
050,72,029,"Puerto Rico Commonwealth","Canóvanas Municipio",3,77,307,146,161
050,72,029,"Puerto Rico Commonwealth","Canóvanas Municipio",3,78,300,139,161
050,72,029,"Puerto Rico Commonwealth","Canóvanas Municipio",3,79,285,133,152
050,72,029,"Puerto Rico Commonwealth","Canóvanas Municipio",3,80,249,108,141
050,72,029,"Puerto Rico Commonwealth","Canóvanas Municipio",3,81,227,109,118
050,72,029,"Puerto Rico Commonwealth","Canóvanas Municipio",3,82,186,92,94
050,72,029,"Puerto Rico Commonwealth","Canóvanas Municipio",3,83,164,78,86
050,72,029,"Puerto Rico Commonwealth","Canóvanas Municipio",3,84,154,71,83
050,72,029,"Puerto Rico Commonwealth","Canóvanas Municipio",3,85,1131,427,704
050,72,029,"Puerto Rico Commonwealth","Canóvanas Municipio",4,0,290,146,144
050,72,029,"Puerto Rico Commonwealth","Canóvanas Municipio",4,1,266,131,135
050,72,029,"Puerto Rico Commonwealth","Canóvanas Municipio",4,2,278,146,132
050,72,029,"Puerto Rico Commonwealth","Canóvanas Municipio",4,3,262,137,125
050,72,029,"Puerto Rico Commonwealth","Canóvanas Municipio",4,4,262,146,116
050,72,029,"Puerto Rico Commonwealth","Canóvanas Municipio",4,5,301,169,132
050,72,029,"Puerto Rico Commonwealth","Canóvanas Municipio",4,6,324,185,139
050,72,029,"Puerto Rico Commonwealth","Canóvanas Municipio",4,7,371,209,162
050,72,029,"Puerto Rico Commonwealth","Canóvanas Municipio",4,8,406,222,184
050,72,029,"Puerto Rico Commonwealth","Canóvanas Municipio",4,9,428,225,203
050,72,029,"Puerto Rico Commonwealth","Canóvanas Municipio",4,10,497,259,238
050,72,029,"Puerto Rico Commonwealth","Canóvanas Municipio",4,11,491,253,238
050,72,029,"Puerto Rico Commonwealth","Canóvanas Municipio",4,12,470,246,224
050,72,029,"Puerto Rico Commonwealth","Canóvanas Municipio",4,13,474,246,228
050,72,029,"Puerto Rico Commonwealth","Canóvanas Municipio",4,14,496,256,240
050,72,029,"Puerto Rico Commonwealth","Canóvanas Municipio",4,15,519,273,246
050,72,029,"Puerto Rico Commonwealth","Canóvanas Municipio",4,16,519,270,249
050,72,029,"Puerto Rico Commonwealth","Canóvanas Municipio",4,17,511,261,250
050,72,029,"Puerto Rico Commonwealth","Canóvanas Municipio",4,18,492,260,232
050,72,029,"Puerto Rico Commonwealth","Canóvanas Municipio",4,19,481,257,224
050,72,029,"Puerto Rico Commonwealth","Canóvanas Municipio",4,20,490,264,226
050,72,029,"Puerto Rico Commonwealth","Canóvanas Municipio",4,21,526,284,242
050,72,029,"Puerto Rico Commonwealth","Canóvanas Municipio",4,22,549,300,249
050,72,029,"Puerto Rico Commonwealth","Canóvanas Municipio",4,23,544,300,244
050,72,029,"Puerto Rico Commonwealth","Canóvanas Municipio",4,24,537,294,243
050,72,029,"Puerto Rico Commonwealth","Canóvanas Municipio",4,25,545,299,246
050,72,029,"Puerto Rico Commonwealth","Canóvanas Municipio",4,26,580,335,245
050,72,029,"Puerto Rico Commonwealth","Canóvanas Municipio",4,27,579,344,235
050,72,029,"Puerto Rico Commonwealth","Canóvanas Municipio",4,28,589,338,251
050,72,029,"Puerto Rico Commonwealth","Canóvanas Municipio",4,29,600,331,269
050,72,029,"Puerto Rico Commonwealth","Canóvanas Municipio",4,30,604,314,290
050,72,029,"Puerto Rico Commonwealth","Canóvanas Municipio",4,31,608,299,309
050,72,029,"Puerto Rico Commonwealth","Canóvanas Municipio",4,32,597,292,305
050,72,029,"Puerto Rico Commonwealth","Canóvanas Municipio",4,33,571,283,288
050,72,029,"Puerto Rico Commonwealth","Canóvanas Municipio",4,34,545,263,282
050,72,029,"Puerto Rico Commonwealth","Canóvanas Municipio",4,35,523,241,282
050,72,029,"Puerto Rico Commonwealth","Canóvanas Municipio",4,36,482,218,264
050,72,029,"Puerto Rico Commonwealth","Canóvanas Municipio",4,37,451,192,259
050,72,029,"Puerto Rico Commonwealth","Canóvanas Municipio",4,38,462,197,265
050,72,029,"Puerto Rico Commonwealth","Canóvanas Municipio",4,39,487,206,281
050,72,029,"Puerto Rico Commonwealth","Canóvanas Municipio",4,40,524,219,305
050,72,029,"Puerto Rico Commonwealth","Canóvanas Municipio",4,41,529,221,308
050,72,029,"Puerto Rico Commonwealth","Canóvanas Municipio",4,42,560,232,328
050,72,029,"Puerto Rico Commonwealth","Canóvanas Municipio",4,43,555,226,329
050,72,029,"Puerto Rico Commonwealth","Canóvanas Municipio",4,44,576,231,345
050,72,029,"Puerto Rico Commonwealth","Canóvanas Municipio",4,45,599,246,353
050,72,029,"Puerto Rico Commonwealth","Canóvanas Municipio",4,46,629,271,358
050,72,029,"Puerto Rico Commonwealth","Canóvanas Municipio",4,47,620,272,348
050,72,029,"Puerto Rico Commonwealth","Canóvanas Municipio",4,48,604,275,329
050,72,029,"Puerto Rico Commonwealth","Canóvanas Municipio",4,49,585,270,315
050,72,029,"Puerto Rico Commonwealth","Canóvanas Municipio",4,50,596,266,330
050,72,029,"Puerto Rico Commonwealth","Canóvanas Municipio",4,51,621,276,345
050,72,029,"Puerto Rico Commonwealth","Canóvanas Municipio",4,52,632,290,342
050,72,029,"Puerto Rico Commonwealth","Canóvanas Municipio",4,53,601,279,322
050,72,029,"Puerto Rico Commonwealth","Canóvanas Municipio",4,54,589,277,312
050,72,029,"Puerto Rico Commonwealth","Canóvanas Municipio",4,55,597,268,329
050,72,029,"Puerto Rico Commonwealth","Canóvanas Municipio",4,56,630,283,347
050,72,029,"Puerto Rico Commonwealth","Canóvanas Municipio",4,57,622,277,345
050,72,029,"Puerto Rico Commonwealth","Canóvanas Municipio",4,58,620,285,335
050,72,029,"Puerto Rico Commonwealth","Canóvanas Municipio",4,59,586,260,326
050,72,029,"Puerto Rico Commonwealth","Canóvanas Municipio",4,60,566,239,327
050,72,029,"Puerto Rico Commonwealth","Canóvanas Municipio",4,61,537,236,301
050,72,029,"Puerto Rico Commonwealth","Canóvanas Municipio",4,62,531,244,287
050,72,029,"Puerto Rico Commonwealth","Canóvanas Municipio",4,63,499,226,273
050,72,029,"Puerto Rico Commonwealth","Canóvanas Municipio",4,64,486,218,268
050,72,029,"Puerto Rico Commonwealth","Canóvanas Municipio",4,65,487,212,275
050,72,029,"Puerto Rico Commonwealth","Canóvanas Municipio",4,66,482,215,267
050,72,029,"Puerto Rico Commonwealth","Canóvanas Municipio",4,67,461,216,245
050,72,029,"Puerto Rico Commonwealth","Canóvanas Municipio",4,68,433,198,235
050,72,029,"Puerto Rico Commonwealth","Canóvanas Municipio",4,69,407,178,229
050,72,029,"Puerto Rico Commonwealth","Canóvanas Municipio",4,70,385,166,219
050,72,029,"Puerto Rico Commonwealth","Canóvanas Municipio",4,71,390,169,221
050,72,029,"Puerto Rico Commonwealth","Canóvanas Municipio",4,72,390,169,221
050,72,029,"Puerto Rico Commonwealth","Canóvanas Municipio",4,73,382,168,214
050,72,029,"Puerto Rico Commonwealth","Canóvanas Municipio",4,74,385,174,211
050,72,029,"Puerto Rico Commonwealth","Canóvanas Municipio",4,75,400,178,222
050,72,029,"Puerto Rico Commonwealth","Canóvanas Municipio",4,76,376,167,209
050,72,029,"Puerto Rico Commonwealth","Canóvanas Municipio",4,77,331,151,180
050,72,029,"Puerto Rico Commonwealth","Canóvanas Municipio",4,78,291,137,154
050,72,029,"Puerto Rico Commonwealth","Canóvanas Municipio",4,79,285,129,156
050,72,029,"Puerto Rico Commonwealth","Canóvanas Municipio",4,80,268,127,141
050,72,029,"Puerto Rico Commonwealth","Canóvanas Municipio",4,81,237,103,134
050,72,029,"Puerto Rico Commonwealth","Canóvanas Municipio",4,82,211,101,110
050,72,029,"Puerto Rico Commonwealth","Canóvanas Municipio",4,83,175,89,86
050,72,029,"Puerto Rico Commonwealth","Canóvanas Municipio",4,84,148,74,74
050,72,029,"Puerto Rico Commonwealth","Canóvanas Municipio",4,85,1190,450,740
050,72,029,"Puerto Rico Commonwealth","Canóvanas Municipio",5,0,303,160,143
050,72,029,"Puerto Rico Commonwealth","Canóvanas Municipio",5,1,291,147,144
050,72,029,"Puerto Rico Commonwealth","Canóvanas Municipio",5,2,265,131,134
050,72,029,"Puerto Rico Commonwealth","Canóvanas Municipio",5,3,277,146,131
050,72,029,"Puerto Rico Commonwealth","Canóvanas Municipio",5,4,262,137,125
050,72,029,"Puerto Rico Commonwealth","Canóvanas Municipio",5,5,261,146,115
050,72,029,"Puerto Rico Commonwealth","Canóvanas Municipio",5,6,301,169,132
050,72,029,"Puerto Rico Commonwealth","Canóvanas Municipio",5,7,323,185,138
050,72,029,"Puerto Rico Commonwealth","Canóvanas Municipio",5,8,370,209,161
050,72,029,"Puerto Rico Commonwealth","Canóvanas Municipio",5,9,405,222,183
050,72,029,"Puerto Rico Commonwealth","Canóvanas Municipio",5,10,425,224,201
050,72,029,"Puerto Rico Commonwealth","Canóvanas Municipio",5,11,493,257,236
050,72,029,"Puerto Rico Commonwealth","Canóvanas Municipio",5,12,490,253,237
050,72,029,"Puerto Rico Commonwealth","Canóvanas Municipio",5,13,468,246,222
050,72,029,"Puerto Rico Commonwealth","Canóvanas Municipio",5,14,471,246,225
050,72,029,"Puerto Rico Commonwealth","Canóvanas Municipio",5,15,492,255,237
050,72,029,"Puerto Rico Commonwealth","Canóvanas Municipio",5,16,514,272,242
050,72,029,"Puerto Rico Commonwealth","Canóvanas Municipio",5,17,514,270,244
050,72,029,"Puerto Rico Commonwealth","Canóvanas Municipio",5,18,500,257,243
050,72,029,"Puerto Rico Commonwealth","Canóvanas Municipio",5,19,483,258,225
050,72,029,"Puerto Rico Commonwealth","Canóvanas Municipio",5,20,477,256,221
050,72,029,"Puerto Rico Commonwealth","Canóvanas Municipio",5,21,486,264,222
050,72,029,"Puerto Rico Commonwealth","Canóvanas Municipio",5,22,524,284,240
050,72,029,"Puerto Rico Commonwealth","Canóvanas Municipio",5,23,546,298,248
050,72,029,"Puerto Rico Commonwealth","Canóvanas Municipio",5,24,547,302,245
050,72,029,"Puerto Rico Commonwealth","Canóvanas Municipio",5,25,540,296,244
050,72,029,"Puerto Rico Commonwealth","Canóvanas Municipio",5,26,550,301,249
050,72,029,"Puerto Rico Commonwealth","Canóvanas Municipio",5,27,585,339,246
050,72,029,"Puerto Rico Commonwealth","Canóvanas Municipio",5,28,582,346,236
050,72,029,"Puerto Rico Commonwealth","Canóvanas Municipio",5,29,589,335,254
050,72,029,"Puerto Rico Commonwealth","Canóvanas Municipio",5,30,611,337,274
050,72,029,"Puerto Rico Commonwealth","Canóvanas Municipio",5,31,615,319,296
050,72,029,"Puerto Rico Commonwealth","Canóvanas Municipio",5,32,614,301,313
050,72,029,"Puerto Rico Commonwealth","Canóvanas Municipio",5,33,608,297,311
050,72,029,"Puerto Rico Commonwealth","Canóvanas Municipio",5,34,575,280,295
050,72,029,"Puerto Rico Commonwealth","Canóvanas Municipio",5,35,551,265,286
050,72,029,"Puerto Rico Commonwealth","Canóvanas Municipio",5,36,528,241,287
050,72,029,"Puerto Rico Commonwealth","Canóvanas Municipio",5,37,489,220,269
050,72,029,"Puerto Rico Commonwealth","Canóvanas Municipio",5,38,458,195,263
050,72,029,"Puerto Rico Commonwealth","Canóvanas Municipio",5,39,464,195,269
050,72,029,"Puerto Rico Commonwealth","Canóvanas Municipio",5,40,492,208,284
050,72,029,"Puerto Rico Commonwealth","Canóvanas Municipio",5,41,525,217,308
050,72,029,"Puerto Rico Commonwealth","Canóvanas Municipio",5,42,533,223,310
050,72,029,"Puerto Rico Commonwealth","Canóvanas Municipio",5,43,565,234,331
050,72,029,"Puerto Rico Commonwealth","Canóvanas Municipio",5,44,554,224,330
050,72,029,"Puerto Rico Commonwealth","Canóvanas Municipio",5,45,575,228,347
050,72,029,"Puerto Rico Commonwealth","Canóvanas Municipio",5,46,603,249,354
050,72,029,"Puerto Rico Commonwealth","Canóvanas Municipio",5,47,626,267,359
050,72,029,"Puerto Rico Commonwealth","Canóvanas Municipio",5,48,615,267,348
050,72,029,"Puerto Rico Commonwealth","Canóvanas Municipio",5,49,604,275,329
050,72,029,"Puerto Rico Commonwealth","Canóvanas Municipio",5,50,580,266,314
050,72,029,"Puerto Rico Commonwealth","Canóvanas Municipio",5,51,594,265,329
050,72,029,"Puerto Rico Commonwealth","Canóvanas Municipio",5,52,621,274,347
050,72,029,"Puerto Rico Commonwealth","Canóvanas Municipio",5,53,628,288,340
050,72,029,"Puerto Rico Commonwealth","Canóvanas Municipio",5,54,594,272,322
050,72,029,"Puerto Rico Commonwealth","Canóvanas Municipio",5,55,582,271,311
050,72,029,"Puerto Rico Commonwealth","Canóvanas Municipio",5,56,595,267,328
050,72,029,"Puerto Rico Commonwealth","Canóvanas Municipio",5,57,625,277,348
050,72,029,"Puerto Rico Commonwealth","Canóvanas Municipio",5,58,619,275,344
050,72,029,"Puerto Rico Commonwealth","Canóvanas Municipio",5,59,609,277,332
050,72,029,"Puerto Rico Commonwealth","Canóvanas Municipio",5,60,577,253,324
050,72,029,"Puerto Rico Commonwealth","Canóvanas Municipio",5,61,558,232,326
050,72,029,"Puerto Rico Commonwealth","Canóvanas Municipio",5,62,532,231,301
050,72,029,"Puerto Rico Commonwealth","Canóvanas Municipio",5,63,520,238,282
050,72,029,"Puerto Rico Commonwealth","Canóvanas Municipio",5,64,485,217,268
050,72,029,"Puerto Rico Commonwealth","Canóvanas Municipio",5,65,482,217,265
050,72,029,"Puerto Rico Commonwealth","Canóvanas Municipio",5,66,478,206,272
050,72,029,"Puerto Rico Commonwealth","Canóvanas Municipio",5,67,471,210,261
050,72,029,"Puerto Rico Commonwealth","Canóvanas Municipio",5,68,453,213,240
050,72,029,"Puerto Rico Commonwealth","Canóvanas Municipio",5,69,426,194,232
050,72,029,"Puerto Rico Commonwealth","Canóvanas Municipio",5,70,395,172,223
050,72,029,"Puerto Rico Commonwealth","Canóvanas Municipio",5,71,374,160,214
050,72,029,"Puerto Rico Commonwealth","Canóvanas Municipio",5,72,377,163,214
050,72,029,"Puerto Rico Commonwealth","Canóvanas Municipio",5,73,378,165,213
050,72,029,"Puerto Rico Commonwealth","Canóvanas Municipio",5,74,370,162,208
050,72,029,"Puerto Rico Commonwealth","Canóvanas Municipio",5,75,372,168,204
050,72,029,"Puerto Rico Commonwealth","Canóvanas Municipio",5,76,385,167,218
050,72,029,"Puerto Rico Commonwealth","Canóvanas Municipio",5,77,365,160,205
050,72,029,"Puerto Rico Commonwealth","Canóvanas Municipio",5,78,312,137,175
050,72,029,"Puerto Rico Commonwealth","Canóvanas Municipio",5,79,279,130,149
050,72,029,"Puerto Rico Commonwealth","Canóvanas Municipio",5,80,272,122,150
050,72,029,"Puerto Rico Commonwealth","Canóvanas Municipio",5,81,254,115,139
050,72,029,"Puerto Rico Commonwealth","Canóvanas Municipio",5,82,222,91,131
050,72,029,"Puerto Rico Commonwealth","Canóvanas Municipio",5,83,202,92,110
050,72,029,"Puerto Rico Commonwealth","Canóvanas Municipio",5,84,159,83,76
050,72,029,"Puerto Rico Commonwealth","Canóvanas Municipio",5,85,1229,475,754
050,72,031,"Puerto Rico Commonwealth","Carolina Municipio",1,0,962,505,457
050,72,031,"Puerto Rico Commonwealth","Carolina Municipio",1,1,994,499,495
050,72,031,"Puerto Rico Commonwealth","Carolina Municipio",1,2,982,491,491
050,72,031,"Puerto Rico Commonwealth","Carolina Municipio",1,3,1090,552,538
050,72,031,"Puerto Rico Commonwealth","Carolina Municipio",1,4,1222,612,610
050,72,031,"Puerto Rico Commonwealth","Carolina Municipio",1,5,1281,633,648
050,72,031,"Puerto Rico Commonwealth","Carolina Municipio",1,6,1375,670,705
050,72,031,"Puerto Rico Commonwealth","Carolina Municipio",1,7,1378,682,696
050,72,031,"Puerto Rico Commonwealth","Carolina Municipio",1,8,1458,722,736
050,72,031,"Puerto Rico Commonwealth","Carolina Municipio",1,9,1514,723,791
050,72,031,"Puerto Rico Commonwealth","Carolina Municipio",1,10,1573,805,768
050,72,031,"Puerto Rico Commonwealth","Carolina Municipio",1,11,1567,798,769
050,72,031,"Puerto Rico Commonwealth","Carolina Municipio",1,12,1577,792,785
050,72,031,"Puerto Rico Commonwealth","Carolina Municipio",1,13,1699,846,853
050,72,031,"Puerto Rico Commonwealth","Carolina Municipio",1,14,1745,874,871
050,72,031,"Puerto Rico Commonwealth","Carolina Municipio",1,15,1742,871,871
050,72,031,"Puerto Rico Commonwealth","Carolina Municipio",1,16,1759,899,860
050,72,031,"Puerto Rico Commonwealth","Carolina Municipio",1,17,1806,923,883
050,72,031,"Puerto Rico Commonwealth","Carolina Municipio",1,18,1937,973,964
050,72,031,"Puerto Rico Commonwealth","Carolina Municipio",1,19,2086,1039,1047
050,72,031,"Puerto Rico Commonwealth","Carolina Municipio",1,20,2104,1045,1059
050,72,031,"Puerto Rico Commonwealth","Carolina Municipio",1,21,1988,982,1006
050,72,031,"Puerto Rico Commonwealth","Carolina Municipio",1,22,2043,994,1049
050,72,031,"Puerto Rico Commonwealth","Carolina Municipio",1,23,2095,1041,1054
050,72,031,"Puerto Rico Commonwealth","Carolina Municipio",1,24,2183,1092,1091
050,72,031,"Puerto Rico Commonwealth","Carolina Municipio",1,25,2257,1131,1126
050,72,031,"Puerto Rico Commonwealth","Carolina Municipio",1,26,2216,1088,1128
050,72,031,"Puerto Rico Commonwealth","Carolina Municipio",1,27,2221,1085,1136
050,72,031,"Puerto Rico Commonwealth","Carolina Municipio",1,28,2205,1055,1150
050,72,031,"Puerto Rico Commonwealth","Carolina Municipio",1,29,2208,1042,1166
050,72,031,"Puerto Rico Commonwealth","Carolina Municipio",1,30,2115,1008,1107
050,72,031,"Puerto Rico Commonwealth","Carolina Municipio",1,31,1923,932,991
050,72,031,"Puerto Rico Commonwealth","Carolina Municipio",1,32,1775,845,930
050,72,031,"Puerto Rico Commonwealth","Carolina Municipio",1,33,1582,762,820
050,72,031,"Puerto Rico Commonwealth","Carolina Municipio",1,34,1531,737,794
050,72,031,"Puerto Rico Commonwealth","Carolina Municipio",1,35,1595,745,850
050,72,031,"Puerto Rico Commonwealth","Carolina Municipio",1,36,1632,734,898
050,72,031,"Puerto Rico Commonwealth","Carolina Municipio",1,37,1695,787,908
050,72,031,"Puerto Rico Commonwealth","Carolina Municipio",1,38,1806,856,950
050,72,031,"Puerto Rico Commonwealth","Carolina Municipio",1,39,1928,921,1007
050,72,031,"Puerto Rico Commonwealth","Carolina Municipio",1,40,2048,971,1077
050,72,031,"Puerto Rico Commonwealth","Carolina Municipio",1,41,1901,892,1009
050,72,031,"Puerto Rico Commonwealth","Carolina Municipio",1,42,1920,881,1039
050,72,031,"Puerto Rico Commonwealth","Carolina Municipio",1,43,1954,882,1072
050,72,031,"Puerto Rico Commonwealth","Carolina Municipio",1,44,1975,890,1085
050,72,031,"Puerto Rico Commonwealth","Carolina Municipio",1,45,1990,868,1122
050,72,031,"Puerto Rico Commonwealth","Carolina Municipio",1,46,1939,898,1041
050,72,031,"Puerto Rico Commonwealth","Carolina Municipio",1,47,1899,895,1004
050,72,031,"Puerto Rico Commonwealth","Carolina Municipio",1,48,1975,900,1075
050,72,031,"Puerto Rico Commonwealth","Carolina Municipio",1,49,2080,936,1144
050,72,031,"Puerto Rico Commonwealth","Carolina Municipio",1,50,2107,959,1148
050,72,031,"Puerto Rico Commonwealth","Carolina Municipio",1,51,2063,955,1108
050,72,031,"Puerto Rico Commonwealth","Carolina Municipio",1,52,1995,917,1078
050,72,031,"Puerto Rico Commonwealth","Carolina Municipio",1,53,2055,940,1115
050,72,031,"Puerto Rico Commonwealth","Carolina Municipio",1,54,2095,934,1161
050,72,031,"Puerto Rico Commonwealth","Carolina Municipio",1,55,2197,1005,1192
050,72,031,"Puerto Rico Commonwealth","Carolina Municipio",1,56,2135,975,1160
050,72,031,"Puerto Rico Commonwealth","Carolina Municipio",1,57,2055,906,1149
050,72,031,"Puerto Rico Commonwealth","Carolina Municipio",1,58,1999,876,1123
050,72,031,"Puerto Rico Commonwealth","Carolina Municipio",1,59,1991,862,1129
050,72,031,"Puerto Rico Commonwealth","Carolina Municipio",1,60,1968,849,1119
050,72,031,"Puerto Rico Commonwealth","Carolina Municipio",1,61,1823,796,1027
050,72,031,"Puerto Rico Commonwealth","Carolina Municipio",1,62,1774,781,993
050,72,031,"Puerto Rico Commonwealth","Carolina Municipio",1,63,1744,727,1017
050,72,031,"Puerto Rico Commonwealth","Carolina Municipio",1,64,1768,714,1054
050,72,031,"Puerto Rico Commonwealth","Carolina Municipio",1,65,1783,717,1066
050,72,031,"Puerto Rico Commonwealth","Carolina Municipio",1,66,1744,715,1029
050,72,031,"Puerto Rico Commonwealth","Carolina Municipio",1,67,1722,697,1025
050,72,031,"Puerto Rico Commonwealth","Carolina Municipio",1,68,1720,708,1012
050,72,031,"Puerto Rico Commonwealth","Carolina Municipio",1,69,1767,727,1040
050,72,031,"Puerto Rico Commonwealth","Carolina Municipio",1,70,1861,773,1088
050,72,031,"Puerto Rico Commonwealth","Carolina Municipio",1,71,1834,746,1088
050,72,031,"Puerto Rico Commonwealth","Carolina Municipio",1,72,1775,706,1069
050,72,031,"Puerto Rico Commonwealth","Carolina Municipio",1,73,1793,730,1063
050,72,031,"Puerto Rico Commonwealth","Carolina Municipio",1,74,1777,697,1080
050,72,031,"Puerto Rico Commonwealth","Carolina Municipio",1,75,1678,664,1014
050,72,031,"Puerto Rico Commonwealth","Carolina Municipio",1,76,1577,614,963
050,72,031,"Puerto Rico Commonwealth","Carolina Municipio",1,77,1515,604,911
050,72,031,"Puerto Rico Commonwealth","Carolina Municipio",1,78,1406,565,841
050,72,031,"Puerto Rico Commonwealth","Carolina Municipio",1,79,1337,542,795
050,72,031,"Puerto Rico Commonwealth","Carolina Municipio",1,80,1308,517,791
050,72,031,"Puerto Rico Commonwealth","Carolina Municipio",1,81,1182,501,681
050,72,031,"Puerto Rico Commonwealth","Carolina Municipio",1,82,1074,468,606
050,72,031,"Puerto Rico Commonwealth","Carolina Municipio",1,83,981,394,587
050,72,031,"Puerto Rico Commonwealth","Carolina Municipio",1,84,943,352,591
050,72,031,"Puerto Rico Commonwealth","Carolina Municipio",1,85,5739,2037,3702
050,72,031,"Puerto Rico Commonwealth","Carolina Municipio",2,0,920,481,439
050,72,031,"Puerto Rico Commonwealth","Carolina Municipio",2,1,986,500,486
050,72,031,"Puerto Rico Commonwealth","Carolina Municipio",2,2,983,492,491
050,72,031,"Puerto Rico Commonwealth","Carolina Municipio",2,3,1061,535,526
050,72,031,"Puerto Rico Commonwealth","Carolina Municipio",2,4,1188,596,592
050,72,031,"Puerto Rico Commonwealth","Carolina Municipio",2,5,1265,627,638
050,72,031,"Puerto Rico Commonwealth","Carolina Municipio",2,6,1351,660,691
050,72,031,"Puerto Rico Commonwealth","Carolina Municipio",2,7,1376,678,698
050,72,031,"Puerto Rico Commonwealth","Carolina Municipio",2,8,1438,711,727
050,72,031,"Puerto Rico Commonwealth","Carolina Municipio",2,9,1499,722,777
050,72,031,"Puerto Rico Commonwealth","Carolina Municipio",2,10,1557,783,774
050,72,031,"Puerto Rico Commonwealth","Carolina Municipio",2,11,1568,800,768
050,72,031,"Puerto Rico Commonwealth","Carolina Municipio",2,12,1576,794,782
050,72,031,"Puerto Rico Commonwealth","Carolina Municipio",2,13,1669,832,837
050,72,031,"Puerto Rico Commonwealth","Carolina Municipio",2,14,1735,867,868
050,72,031,"Puerto Rico Commonwealth","Carolina Municipio",2,15,1744,872,872
050,72,031,"Puerto Rico Commonwealth","Carolina Municipio",2,16,1756,892,864
050,72,031,"Puerto Rico Commonwealth","Carolina Municipio",2,17,1795,917,878
050,72,031,"Puerto Rico Commonwealth","Carolina Municipio",2,18,1905,960,945
050,72,031,"Puerto Rico Commonwealth","Carolina Municipio",2,19,2049,1022,1027
050,72,031,"Puerto Rico Commonwealth","Carolina Municipio",2,20,2100,1044,1056
050,72,031,"Puerto Rico Commonwealth","Carolina Municipio",2,21,2017,997,1020
050,72,031,"Puerto Rico Commonwealth","Carolina Municipio",2,22,2030,991,1039
050,72,031,"Puerto Rico Commonwealth","Carolina Municipio",2,23,2082,1029,1053
050,72,031,"Puerto Rico Commonwealth","Carolina Municipio",2,24,2161,1079,1082
050,72,031,"Puerto Rico Commonwealth","Carolina Municipio",2,25,2237,1120,1117
050,72,031,"Puerto Rico Commonwealth","Carolina Municipio",2,26,2223,1096,1127
050,72,031,"Puerto Rico Commonwealth","Carolina Municipio",2,27,2217,1084,1133
050,72,031,"Puerto Rico Commonwealth","Carolina Municipio",2,28,2206,1061,1145
050,72,031,"Puerto Rico Commonwealth","Carolina Municipio",2,29,2203,1043,1160
050,72,031,"Puerto Rico Commonwealth","Carolina Municipio",2,30,2135,1015,1120
050,72,031,"Puerto Rico Commonwealth","Carolina Municipio",2,31,1966,948,1018
050,72,031,"Puerto Rico Commonwealth","Carolina Municipio",2,32,1807,864,943
050,72,031,"Puerto Rico Commonwealth","Carolina Municipio",2,33,1626,780,846
050,72,031,"Puerto Rico Commonwealth","Carolina Municipio",2,34,1541,742,799
050,72,031,"Puerto Rico Commonwealth","Carolina Municipio",2,35,1576,741,835
050,72,031,"Puerto Rico Commonwealth","Carolina Municipio",2,36,1620,735,885
050,72,031,"Puerto Rico Commonwealth","Carolina Municipio",2,37,1678,773,905
050,72,031,"Puerto Rico Commonwealth","Carolina Municipio",2,38,1774,836,938
050,72,031,"Puerto Rico Commonwealth","Carolina Municipio",2,39,1895,903,992
050,72,031,"Puerto Rico Commonwealth","Carolina Municipio",2,40,2017,958,1059
050,72,031,"Puerto Rico Commonwealth","Carolina Municipio",2,41,1933,909,1024
050,72,031,"Puerto Rico Commonwealth","Carolina Municipio",2,42,1911,881,1030
050,72,031,"Puerto Rico Commonwealth","Carolina Municipio",2,43,1943,880,1063
050,72,031,"Puerto Rico Commonwealth","Carolina Municipio",2,44,1966,886,1080
050,72,031,"Puerto Rico Commonwealth","Carolina Municipio",2,45,1983,871,1112
050,72,031,"Puerto Rico Commonwealth","Carolina Municipio",2,46,1949,889,1060
050,72,031,"Puerto Rico Commonwealth","Carolina Municipio",2,47,1906,894,1012
050,72,031,"Puerto Rico Commonwealth","Carolina Municipio",2,48,1952,898,1054
050,72,031,"Puerto Rico Commonwealth","Carolina Municipio",2,49,2051,926,1125
050,72,031,"Puerto Rico Commonwealth","Carolina Municipio",2,50,2097,951,1146
050,72,031,"Puerto Rico Commonwealth","Carolina Municipio",2,51,2070,953,1117
050,72,031,"Puerto Rico Commonwealth","Carolina Municipio",2,52,2007,923,1084
050,72,031,"Puerto Rico Commonwealth","Carolina Municipio",2,53,2038,933,1105
050,72,031,"Puerto Rico Commonwealth","Carolina Municipio",2,54,2083,934,1149
050,72,031,"Puerto Rico Commonwealth","Carolina Municipio",2,55,2162,980,1182
050,72,031,"Puerto Rico Commonwealth","Carolina Municipio",2,56,2145,980,1165
050,72,031,"Puerto Rico Commonwealth","Carolina Municipio",2,57,2068,920,1148
050,72,031,"Puerto Rico Commonwealth","Carolina Municipio",2,58,2007,880,1127
050,72,031,"Puerto Rico Commonwealth","Carolina Municipio",2,59,1987,861,1126
050,72,031,"Puerto Rico Commonwealth","Carolina Municipio",2,60,1965,847,1118
050,72,031,"Puerto Rico Commonwealth","Carolina Municipio",2,61,1850,805,1045
050,72,031,"Puerto Rico Commonwealth","Carolina Municipio",2,62,1776,779,997
050,72,031,"Puerto Rico Commonwealth","Carolina Municipio",2,63,1747,738,1009
050,72,031,"Puerto Rico Commonwealth","Carolina Municipio",2,64,1756,714,1042
050,72,031,"Puerto Rico Commonwealth","Carolina Municipio",2,65,1771,711,1060
050,72,031,"Puerto Rico Commonwealth","Carolina Municipio",2,66,1745,708,1037
050,72,031,"Puerto Rico Commonwealth","Carolina Municipio",2,67,1721,697,1024
050,72,031,"Puerto Rico Commonwealth","Carolina Municipio",2,68,1712,701,1011
050,72,031,"Puerto Rico Commonwealth","Carolina Municipio",2,69,1752,720,1032
050,72,031,"Puerto Rico Commonwealth","Carolina Municipio",2,70,1827,758,1069
050,72,031,"Puerto Rico Commonwealth","Carolina Municipio",2,71,1834,750,1084
050,72,031,"Puerto Rico Commonwealth","Carolina Municipio",2,72,1787,715,1072
050,72,031,"Puerto Rico Commonwealth","Carolina Municipio",2,73,1781,720,1061
050,72,031,"Puerto Rico Commonwealth","Carolina Municipio",2,74,1773,703,1070
050,72,031,"Puerto Rico Commonwealth","Carolina Municipio",2,75,1697,668,1029
050,72,031,"Puerto Rico Commonwealth","Carolina Municipio",2,76,1597,624,973
050,72,031,"Puerto Rico Commonwealth","Carolina Municipio",2,77,1515,598,917
050,72,031,"Puerto Rico Commonwealth","Carolina Municipio",2,78,1419,566,853
050,72,031,"Puerto Rico Commonwealth","Carolina Municipio",2,79,1350,547,803
050,72,031,"Puerto Rico Commonwealth","Carolina Municipio",2,80,1307,518,789
050,72,031,"Puerto Rico Commonwealth","Carolina Municipio",2,81,1202,503,699
050,72,031,"Puerto Rico Commonwealth","Carolina Municipio",2,82,1091,468,623
050,72,031,"Puerto Rico Commonwealth","Carolina Municipio",2,83,993,409,584
050,72,031,"Puerto Rico Commonwealth","Carolina Municipio",2,84,943,358,585
050,72,031,"Puerto Rico Commonwealth","Carolina Municipio",2,85,5856,2075,3781
050,72,031,"Puerto Rico Commonwealth","Carolina Municipio",3,0,819,423,396
050,72,031,"Puerto Rico Commonwealth","Carolina Municipio",3,1,921,480,441
050,72,031,"Puerto Rico Commonwealth","Carolina Municipio",3,2,983,498,485
050,72,031,"Puerto Rico Commonwealth","Carolina Municipio",3,3,977,488,489
050,72,031,"Puerto Rico Commonwealth","Carolina Municipio",3,4,1057,532,525
050,72,031,"Puerto Rico Commonwealth","Carolina Municipio",3,5,1184,593,591
050,72,031,"Puerto Rico Commonwealth","Carolina Municipio",3,6,1261,624,637
050,72,031,"Puerto Rico Commonwealth","Carolina Municipio",3,7,1350,659,691
050,72,031,"Puerto Rico Commonwealth","Carolina Municipio",3,8,1373,675,698
050,72,031,"Puerto Rico Commonwealth","Carolina Municipio",3,9,1438,710,728
050,72,031,"Puerto Rico Commonwealth","Carolina Municipio",3,10,1497,720,777
050,72,031,"Puerto Rico Commonwealth","Carolina Municipio",3,11,1555,781,774
050,72,031,"Puerto Rico Commonwealth","Carolina Municipio",3,12,1568,799,769
050,72,031,"Puerto Rico Commonwealth","Carolina Municipio",3,13,1582,798,784
050,72,031,"Puerto Rico Commonwealth","Carolina Municipio",3,14,1672,831,841
050,72,031,"Puerto Rico Commonwealth","Carolina Municipio",3,15,1741,867,874
050,72,031,"Puerto Rico Commonwealth","Carolina Municipio",3,16,1745,869,876
050,72,031,"Puerto Rico Commonwealth","Carolina Municipio",3,17,1756,889,867
050,72,031,"Puerto Rico Commonwealth","Carolina Municipio",3,18,1774,903,871
050,72,031,"Puerto Rico Commonwealth","Carolina Municipio",3,19,1895,954,941
050,72,031,"Puerto Rico Commonwealth","Carolina Municipio",3,20,2054,1019,1035
050,72,031,"Puerto Rico Commonwealth","Carolina Municipio",3,21,2110,1050,1060
050,72,031,"Puerto Rico Commonwealth","Carolina Municipio",3,22,2020,991,1029
050,72,031,"Puerto Rico Commonwealth","Carolina Municipio",3,23,2041,993,1048
050,72,031,"Puerto Rico Commonwealth","Carolina Municipio",3,24,2097,1037,1060
050,72,031,"Puerto Rico Commonwealth","Carolina Municipio",3,25,2166,1081,1085
050,72,031,"Puerto Rico Commonwealth","Carolina Municipio",3,26,2243,1124,1119
050,72,031,"Puerto Rico Commonwealth","Carolina Municipio",3,27,2223,1101,1122
050,72,031,"Puerto Rico Commonwealth","Carolina Municipio",3,28,2214,1087,1127
050,72,031,"Puerto Rico Commonwealth","Carolina Municipio",3,29,2179,1042,1137
050,72,031,"Puerto Rico Commonwealth","Carolina Municipio",3,30,2204,1048,1156
050,72,031,"Puerto Rico Commonwealth","Carolina Municipio",3,31,2140,1027,1113
050,72,031,"Puerto Rico Commonwealth","Carolina Municipio",3,32,1950,937,1013
050,72,031,"Puerto Rico Commonwealth","Carolina Municipio",3,33,1805,866,939
050,72,031,"Puerto Rico Commonwealth","Carolina Municipio",3,34,1622,779,843
050,72,031,"Puerto Rico Commonwealth","Carolina Municipio",3,35,1539,746,793
050,72,031,"Puerto Rico Commonwealth","Carolina Municipio",3,36,1563,736,827
050,72,031,"Puerto Rico Commonwealth","Carolina Municipio",3,37,1613,731,882
050,72,031,"Puerto Rico Commonwealth","Carolina Municipio",3,38,1669,770,899
050,72,031,"Puerto Rico Commonwealth","Carolina Municipio",3,39,1773,838,935
050,72,031,"Puerto Rico Commonwealth","Carolina Municipio",3,40,1884,897,987
050,72,031,"Puerto Rico Commonwealth","Carolina Municipio",3,41,2008,953,1055
050,72,031,"Puerto Rico Commonwealth","Carolina Municipio",3,42,1926,905,1021
050,72,031,"Puerto Rico Commonwealth","Carolina Municipio",3,43,1905,880,1025
050,72,031,"Puerto Rico Commonwealth","Carolina Municipio",3,44,1931,874,1057
050,72,031,"Puerto Rico Commonwealth","Carolina Municipio",3,45,1945,873,1072
050,72,031,"Puerto Rico Commonwealth","Carolina Municipio",3,46,1975,865,1110
050,72,031,"Puerto Rico Commonwealth","Carolina Municipio",3,47,1941,884,1057
050,72,031,"Puerto Rico Commonwealth","Carolina Municipio",3,48,1894,888,1006
050,72,031,"Puerto Rico Commonwealth","Carolina Municipio",3,49,1938,886,1052
050,72,031,"Puerto Rico Commonwealth","Carolina Municipio",3,50,2032,919,1113
050,72,031,"Puerto Rico Commonwealth","Carolina Municipio",3,51,2081,943,1138
050,72,031,"Puerto Rico Commonwealth","Carolina Municipio",3,52,2057,946,1111
050,72,031,"Puerto Rico Commonwealth","Carolina Municipio",3,53,1985,909,1076
050,72,031,"Puerto Rico Commonwealth","Carolina Municipio",3,54,2013,917,1096
050,72,031,"Puerto Rico Commonwealth","Carolina Municipio",3,55,2053,917,1136
050,72,031,"Puerto Rico Commonwealth","Carolina Municipio",3,56,2135,965,1170
050,72,031,"Puerto Rico Commonwealth","Carolina Municipio",3,57,2119,962,1157
050,72,031,"Puerto Rico Commonwealth","Carolina Municipio",3,58,2038,908,1130
050,72,031,"Puerto Rico Commonwealth","Carolina Municipio",3,59,1979,865,1114
050,72,031,"Puerto Rico Commonwealth","Carolina Municipio",3,60,1955,846,1109
050,72,031,"Puerto Rico Commonwealth","Carolina Municipio",3,61,1931,826,1105
050,72,031,"Puerto Rico Commonwealth","Carolina Municipio",3,62,1820,784,1036
050,72,031,"Puerto Rico Commonwealth","Carolina Municipio",3,63,1743,764,979
050,72,031,"Puerto Rico Commonwealth","Carolina Municipio",3,64,1716,715,1001
050,72,031,"Puerto Rico Commonwealth","Carolina Municipio",3,65,1729,702,1027
050,72,031,"Puerto Rico Commonwealth","Carolina Municipio",3,66,1751,698,1053
050,72,031,"Puerto Rico Commonwealth","Carolina Municipio",3,67,1712,688,1024
050,72,031,"Puerto Rico Commonwealth","Carolina Municipio",3,68,1709,685,1024
050,72,031,"Puerto Rico Commonwealth","Carolina Municipio",3,69,1680,685,995
050,72,031,"Puerto Rico Commonwealth","Carolina Municipio",3,70,1719,700,1019
050,72,031,"Puerto Rico Commonwealth","Carolina Municipio",3,71,1803,747,1056
050,72,031,"Puerto Rico Commonwealth","Carolina Municipio",3,72,1801,725,1076
050,72,031,"Puerto Rico Commonwealth","Carolina Municipio",3,73,1749,695,1054
050,72,031,"Puerto Rico Commonwealth","Carolina Municipio",3,74,1748,703,1045
050,72,031,"Puerto Rico Commonwealth","Carolina Municipio",3,75,1739,689,1050
050,72,031,"Puerto Rico Commonwealth","Carolina Municipio",3,76,1653,649,1004
050,72,031,"Puerto Rico Commonwealth","Carolina Municipio",3,77,1566,607,959
050,72,031,"Puerto Rico Commonwealth","Carolina Municipio",3,78,1472,581,891
050,72,031,"Puerto Rico Commonwealth","Carolina Municipio",3,79,1369,540,829
050,72,031,"Puerto Rico Commonwealth","Carolina Municipio",3,80,1306,523,783
050,72,031,"Puerto Rico Commonwealth","Carolina Municipio",3,81,1264,496,768
050,72,031,"Puerto Rico Commonwealth","Carolina Municipio",3,82,1159,481,678
050,72,031,"Puerto Rico Commonwealth","Carolina Municipio",3,83,1027,441,586
050,72,031,"Puerto Rico Commonwealth","Carolina Municipio",3,84,949,387,562
050,72,031,"Puerto Rico Commonwealth","Carolina Municipio",3,85,6223,2178,4045
050,72,031,"Puerto Rico Commonwealth","Carolina Municipio",4,0,981,491,490
050,72,031,"Puerto Rico Commonwealth","Carolina Municipio",4,1,805,414,391
050,72,031,"Puerto Rico Commonwealth","Carolina Municipio",4,2,902,470,432
050,72,031,"Puerto Rico Commonwealth","Carolina Municipio",4,3,963,487,476
050,72,031,"Puerto Rico Commonwealth","Carolina Municipio",4,4,959,478,481
050,72,031,"Puerto Rico Commonwealth","Carolina Municipio",4,5,1038,522,516
050,72,031,"Puerto Rico Commonwealth","Carolina Municipio",4,6,1164,582,582
050,72,031,"Puerto Rico Commonwealth","Carolina Municipio",4,7,1243,615,628
050,72,031,"Puerto Rico Commonwealth","Carolina Municipio",4,8,1331,648,683
050,72,031,"Puerto Rico Commonwealth","Carolina Municipio",4,9,1356,665,691
050,72,031,"Puerto Rico Commonwealth","Carolina Municipio",4,10,1419,700,719
050,72,031,"Puerto Rico Commonwealth","Carolina Municipio",4,11,1475,706,769
050,72,031,"Puerto Rico Commonwealth","Carolina Municipio",4,12,1537,770,767
050,72,031,"Puerto Rico Commonwealth","Carolina Municipio",4,13,1557,792,765
050,72,031,"Puerto Rico Commonwealth","Carolina Municipio",4,14,1565,786,779
050,72,031,"Puerto Rico Commonwealth","Carolina Municipio",4,15,1658,820,838
050,72,031,"Puerto Rico Commonwealth","Carolina Municipio",4,16,1722,853,869
050,72,031,"Puerto Rico Commonwealth","Carolina Municipio",4,17,1722,853,869
050,72,031,"Puerto Rico Commonwealth","Carolina Municipio",4,18,1711,861,850
050,72,031,"Puerto Rico Commonwealth","Carolina Municipio",4,19,1737,882,855
050,72,031,"Puerto Rico Commonwealth","Carolina Municipio",4,20,1868,933,935
050,72,031,"Puerto Rico Commonwealth","Carolina Municipio",4,21,2035,1008,1027
050,72,031,"Puerto Rico Commonwealth","Carolina Municipio",4,22,2085,1029,1056
050,72,031,"Puerto Rico Commonwealth","Carolina Municipio",4,23,2002,977,1025
050,72,031,"Puerto Rico Commonwealth","Carolina Municipio",4,24,2029,987,1042
050,72,031,"Puerto Rico Commonwealth","Carolina Municipio",4,25,2070,1018,1052
050,72,031,"Puerto Rico Commonwealth","Carolina Municipio",4,26,2136,1063,1073
050,72,031,"Puerto Rico Commonwealth","Carolina Municipio",4,27,2214,1110,1104
050,72,031,"Puerto Rico Commonwealth","Carolina Municipio",4,28,2186,1082,1104
050,72,031,"Puerto Rico Commonwealth","Carolina Municipio",4,29,2152,1045,1107
050,72,031,"Puerto Rico Commonwealth","Carolina Municipio",4,30,2145,1026,1119
050,72,031,"Puerto Rico Commonwealth","Carolina Municipio",4,31,2175,1040,1135
050,72,031,"Puerto Rico Commonwealth","Carolina Municipio",4,32,2099,1003,1096
050,72,031,"Puerto Rico Commonwealth","Carolina Municipio",4,33,1914,917,997
050,72,031,"Puerto Rico Commonwealth","Carolina Municipio",4,34,1772,846,926
050,72,031,"Puerto Rico Commonwealth","Carolina Municipio",4,35,1596,767,829
050,72,031,"Puerto Rico Commonwealth","Carolina Municipio",4,36,1502,726,776
050,72,031,"Puerto Rico Commonwealth","Carolina Municipio",4,37,1540,726,814
050,72,031,"Puerto Rico Commonwealth","Carolina Municipio",4,38,1585,718,867
050,72,031,"Puerto Rico Commonwealth","Carolina Municipio",4,39,1648,761,887
050,72,031,"Puerto Rico Commonwealth","Carolina Municipio",4,40,1740,820,920
050,72,031,"Puerto Rico Commonwealth","Carolina Municipio",4,41,1853,881,972
050,72,031,"Puerto Rico Commonwealth","Carolina Municipio",4,42,1980,937,1043
050,72,031,"Puerto Rico Commonwealth","Carolina Municipio",4,43,1897,891,1006
050,72,031,"Puerto Rico Commonwealth","Carolina Municipio",4,44,1874,862,1012
050,72,031,"Puerto Rico Commonwealth","Carolina Municipio",4,45,1896,855,1041
050,72,031,"Puerto Rico Commonwealth","Carolina Municipio",4,46,1923,862,1061
050,72,031,"Puerto Rico Commonwealth","Carolina Municipio",4,47,1953,853,1100
050,72,031,"Puerto Rico Commonwealth","Carolina Municipio",4,48,1919,873,1046
050,72,031,"Puerto Rico Commonwealth","Carolina Municipio",4,49,1869,871,998
050,72,031,"Puerto Rico Commonwealth","Carolina Municipio",4,50,1906,871,1035
050,72,031,"Puerto Rico Commonwealth","Carolina Municipio",4,51,2012,909,1103
050,72,031,"Puerto Rico Commonwealth","Carolina Municipio",4,52,2060,935,1125
050,72,031,"Puerto Rico Commonwealth","Carolina Municipio",4,53,2026,928,1098
050,72,031,"Puerto Rico Commonwealth","Carolina Municipio",4,54,1959,895,1064
050,72,031,"Puerto Rico Commonwealth","Carolina Municipio",4,55,1984,905,1079
050,72,031,"Puerto Rico Commonwealth","Carolina Municipio",4,56,2019,899,1120
050,72,031,"Puerto Rico Commonwealth","Carolina Municipio",4,57,2109,950,1159
050,72,031,"Puerto Rico Commonwealth","Carolina Municipio",4,58,2086,949,1137
050,72,031,"Puerto Rico Commonwealth","Carolina Municipio",4,59,2012,894,1118
050,72,031,"Puerto Rico Commonwealth","Carolina Municipio",4,60,1952,855,1097
050,72,031,"Puerto Rico Commonwealth","Carolina Municipio",4,61,1927,833,1094
050,72,031,"Puerto Rico Commonwealth","Carolina Municipio",4,62,1903,804,1099
050,72,031,"Puerto Rico Commonwealth","Carolina Municipio",4,63,1800,777,1023
050,72,031,"Puerto Rico Commonwealth","Carolina Municipio",4,64,1707,741,966
050,72,031,"Puerto Rico Commonwealth","Carolina Municipio",4,65,1686,704,982
050,72,031,"Puerto Rico Commonwealth","Carolina Municipio",4,66,1699,689,1010
050,72,031,"Puerto Rico Commonwealth","Carolina Municipio",4,67,1719,682,1037
050,72,031,"Puerto Rico Commonwealth","Carolina Municipio",4,68,1687,677,1010
050,72,031,"Puerto Rico Commonwealth","Carolina Municipio",4,69,1662,658,1004
050,72,031,"Puerto Rico Commonwealth","Carolina Municipio",4,70,1644,664,980
050,72,031,"Puerto Rico Commonwealth","Carolina Municipio",4,71,1687,681,1006
050,72,031,"Puerto Rico Commonwealth","Carolina Municipio",4,72,1777,734,1043
050,72,031,"Puerto Rico Commonwealth","Carolina Municipio",4,73,1757,705,1052
050,72,031,"Puerto Rico Commonwealth","Carolina Municipio",4,74,1719,683,1036
050,72,031,"Puerto Rico Commonwealth","Carolina Municipio",4,75,1721,694,1027
050,72,031,"Puerto Rico Commonwealth","Carolina Municipio",4,76,1692,658,1034
050,72,031,"Puerto Rico Commonwealth","Carolina Municipio",4,77,1613,637,976
050,72,031,"Puerto Rico Commonwealth","Carolina Municipio",4,78,1529,590,939
050,72,031,"Puerto Rico Commonwealth","Carolina Municipio",4,79,1425,556,869
050,72,031,"Puerto Rico Commonwealth","Carolina Municipio",4,80,1331,521,810
050,72,031,"Puerto Rico Commonwealth","Carolina Municipio",4,81,1256,499,757
050,72,031,"Puerto Rico Commonwealth","Carolina Municipio",4,82,1221,472,749
050,72,031,"Puerto Rico Commonwealth","Carolina Municipio",4,83,1103,453,650
050,72,031,"Puerto Rico Commonwealth","Carolina Municipio",4,84,985,416,569
050,72,031,"Puerto Rico Commonwealth","Carolina Municipio",4,85,6602,2312,4290
050,72,031,"Puerto Rico Commonwealth","Carolina Municipio",5,0,900,440,460
050,72,031,"Puerto Rico Commonwealth","Carolina Municipio",5,1,989,493,496
050,72,031,"Puerto Rico Commonwealth","Carolina Municipio",5,2,804,413,391
050,72,031,"Puerto Rico Commonwealth","Carolina Municipio",5,3,899,468,431
050,72,031,"Puerto Rico Commonwealth","Carolina Municipio",5,4,963,486,477
050,72,031,"Puerto Rico Commonwealth","Carolina Municipio",5,5,959,478,481
050,72,031,"Puerto Rico Commonwealth","Carolina Municipio",5,6,1037,520,517
050,72,031,"Puerto Rico Commonwealth","Carolina Municipio",5,7,1166,583,583
050,72,031,"Puerto Rico Commonwealth","Carolina Municipio",5,8,1243,614,629
050,72,031,"Puerto Rico Commonwealth","Carolina Municipio",5,9,1335,649,686
050,72,031,"Puerto Rico Commonwealth","Carolina Municipio",5,10,1357,665,692
050,72,031,"Puerto Rico Commonwealth","Carolina Municipio",5,11,1421,700,721
050,72,031,"Puerto Rico Commonwealth","Carolina Municipio",5,12,1479,707,772
050,72,031,"Puerto Rico Commonwealth","Carolina Municipio",5,13,1549,776,773
050,72,031,"Puerto Rico Commonwealth","Carolina Municipio",5,14,1564,794,770
050,72,031,"Puerto Rico Commonwealth","Carolina Municipio",5,15,1574,788,786
050,72,031,"Puerto Rico Commonwealth","Carolina Municipio",5,16,1664,820,844
050,72,031,"Puerto Rico Commonwealth","Carolina Municipio",5,17,1727,853,874
050,72,031,"Puerto Rico Commonwealth","Carolina Municipio",5,18,1704,840,864
050,72,031,"Puerto Rico Commonwealth","Carolina Municipio",5,19,1703,855,848
050,72,031,"Puerto Rico Commonwealth","Carolina Municipio",5,20,1743,880,863
050,72,031,"Puerto Rico Commonwealth","Carolina Municipio",5,21,1880,939,941
050,72,031,"Puerto Rico Commonwealth","Carolina Municipio",5,22,2047,1008,1039
050,72,031,"Puerto Rico Commonwealth","Carolina Municipio",5,23,2097,1029,1068
050,72,031,"Puerto Rico Commonwealth","Carolina Municipio",5,24,2028,992,1036
050,72,031,"Puerto Rico Commonwealth","Carolina Municipio",5,25,2037,987,1050
050,72,031,"Puerto Rico Commonwealth","Carolina Municipio",5,26,2078,1021,1057
050,72,031,"Puerto Rico Commonwealth","Carolina Municipio",5,27,2139,1067,1072
050,72,031,"Puerto Rico Commonwealth","Carolina Municipio",5,28,2210,1108,1102
050,72,031,"Puerto Rico Commonwealth","Carolina Municipio",5,29,2156,1058,1098
050,72,031,"Puerto Rico Commonwealth","Carolina Municipio",5,30,2155,1051,1104
050,72,031,"Puerto Rico Commonwealth","Carolina Municipio",5,31,2151,1038,1113
050,72,031,"Puerto Rico Commonwealth","Carolina Municipio",5,32,2167,1034,1133
050,72,031,"Puerto Rico Commonwealth","Carolina Municipio",5,33,2096,1003,1093
050,72,031,"Puerto Rico Commonwealth","Carolina Municipio",5,34,1912,916,996
050,72,031,"Puerto Rico Commonwealth","Carolina Municipio",5,35,1774,851,923
050,72,031,"Puerto Rico Commonwealth","Carolina Municipio",5,36,1588,762,826
050,72,031,"Puerto Rico Commonwealth","Carolina Municipio",5,37,1503,728,775
050,72,031,"Puerto Rico Commonwealth","Carolina Municipio",5,38,1532,725,807
050,72,031,"Puerto Rico Commonwealth","Carolina Municipio",5,39,1582,715,867
050,72,031,"Puerto Rico Commonwealth","Carolina Municipio",5,40,1640,755,885
050,72,031,"Puerto Rico Commonwealth","Carolina Municipio",5,41,1729,811,918
050,72,031,"Puerto Rico Commonwealth","Carolina Municipio",5,42,1849,878,971
050,72,031,"Puerto Rico Commonwealth","Carolina Municipio",5,43,1973,933,1040
050,72,031,"Puerto Rico Commonwealth","Carolina Municipio",5,44,1893,889,1004
050,72,031,"Puerto Rico Commonwealth","Carolina Municipio",5,45,1859,851,1008
050,72,031,"Puerto Rico Commonwealth","Carolina Municipio",5,46,1891,853,1038
050,72,031,"Puerto Rico Commonwealth","Carolina Municipio",5,47,1921,861,1060
050,72,031,"Puerto Rico Commonwealth","Carolina Municipio",5,48,1945,848,1097
050,72,031,"Puerto Rico Commonwealth","Carolina Municipio",5,49,1908,862,1046
050,72,031,"Puerto Rico Commonwealth","Carolina Municipio",5,50,1853,863,990
050,72,031,"Puerto Rico Commonwealth","Carolina Municipio",5,51,1901,868,1033
050,72,031,"Puerto Rico Commonwealth","Carolina Municipio",5,52,1999,904,1095
050,72,031,"Puerto Rico Commonwealth","Carolina Municipio",5,53,2041,922,1119
050,72,031,"Puerto Rico Commonwealth","Carolina Municipio",5,54,2012,917,1095
050,72,031,"Puerto Rico Commonwealth","Carolina Municipio",5,55,1931,883,1048
050,72,031,"Puerto Rico Commonwealth","Carolina Municipio",5,56,1962,892,1070
050,72,031,"Puerto Rico Commonwealth","Carolina Municipio",5,57,1996,882,1114
050,72,031,"Puerto Rico Commonwealth","Carolina Municipio",5,58,2081,935,1146
050,72,031,"Puerto Rico Commonwealth","Carolina Municipio",5,59,2058,931,1127
050,72,031,"Puerto Rico Commonwealth","Carolina Municipio",5,60,1991,887,1104
050,72,031,"Puerto Rico Commonwealth","Carolina Municipio",5,61,1933,845,1088
050,72,031,"Puerto Rico Commonwealth","Carolina Municipio",5,62,1904,815,1089
050,72,031,"Puerto Rico Commonwealth","Carolina Municipio",5,63,1878,792,1086
050,72,031,"Puerto Rico Commonwealth","Carolina Municipio",5,64,1769,754,1015
050,72,031,"Puerto Rico Commonwealth","Carolina Municipio",5,65,1685,733,952
050,72,031,"Puerto Rico Commonwealth","Carolina Municipio",5,66,1663,693,970
050,72,031,"Puerto Rico Commonwealth","Carolina Municipio",5,67,1675,672,1003
050,72,031,"Puerto Rico Commonwealth","Carolina Municipio",5,68,1701,670,1031
050,72,031,"Puerto Rico Commonwealth","Carolina Municipio",5,69,1655,661,994
050,72,031,"Puerto Rico Commonwealth","Carolina Municipio",5,70,1632,646,986
050,72,031,"Puerto Rico Commonwealth","Carolina Municipio",5,71,1623,649,974
050,72,031,"Puerto Rico Commonwealth","Carolina Municipio",5,72,1661,664,997
050,72,031,"Puerto Rico Commonwealth","Carolina Municipio",5,73,1743,717,1026
050,72,031,"Puerto Rico Commonwealth","Carolina Municipio",5,74,1734,692,1042
050,72,031,"Puerto Rico Commonwealth","Carolina Municipio",5,75,1703,671,1032
050,72,031,"Puerto Rico Commonwealth","Carolina Municipio",5,76,1673,661,1012
050,72,031,"Puerto Rico Commonwealth","Carolina Municipio",5,77,1657,641,1016
050,72,031,"Puerto Rico Commonwealth","Carolina Municipio",5,78,1569,617,952
050,72,031,"Puerto Rico Commonwealth","Carolina Municipio",5,79,1479,566,913
050,72,031,"Puerto Rico Commonwealth","Carolina Municipio",5,80,1378,536,842
050,72,031,"Puerto Rico Commonwealth","Carolina Municipio",5,81,1291,501,790
050,72,031,"Puerto Rico Commonwealth","Carolina Municipio",5,82,1223,484,739
050,72,031,"Puerto Rico Commonwealth","Carolina Municipio",5,83,1170,449,721
050,72,031,"Puerto Rico Commonwealth","Carolina Municipio",5,84,1057,432,625
050,72,031,"Puerto Rico Commonwealth","Carolina Municipio",5,85,7042,2512,4530
050,72,033,"Puerto Rico Commonwealth","Cataño Municipio",1,0,151,76,75
050,72,033,"Puerto Rico Commonwealth","Cataño Municipio",1,1,156,75,81
050,72,033,"Puerto Rico Commonwealth","Cataño Municipio",1,2,159,80,79
050,72,033,"Puerto Rico Commonwealth","Cataño Municipio",1,3,166,82,84
050,72,033,"Puerto Rico Commonwealth","Cataño Municipio",1,4,194,102,92
050,72,033,"Puerto Rico Commonwealth","Cataño Municipio",1,5,209,108,101
050,72,033,"Puerto Rico Commonwealth","Cataño Municipio",1,6,239,122,117
050,72,033,"Puerto Rico Commonwealth","Cataño Municipio",1,7,249,133,116
050,72,033,"Puerto Rico Commonwealth","Cataño Municipio",1,8,258,150,108
050,72,033,"Puerto Rico Commonwealth","Cataño Municipio",1,9,260,138,122
050,72,033,"Puerto Rico Commonwealth","Cataño Municipio",1,10,239,119,120
050,72,033,"Puerto Rico Commonwealth","Cataño Municipio",1,11,254,135,119
050,72,033,"Puerto Rico Commonwealth","Cataño Municipio",1,12,274,141,133
050,72,033,"Puerto Rico Commonwealth","Cataño Municipio",1,13,282,144,138
050,72,033,"Puerto Rico Commonwealth","Cataño Municipio",1,14,262,138,124
050,72,033,"Puerto Rico Commonwealth","Cataño Municipio",1,15,277,136,141
050,72,033,"Puerto Rico Commonwealth","Cataño Municipio",1,16,288,140,148
050,72,033,"Puerto Rico Commonwealth","Cataño Municipio",1,17,280,132,148
050,72,033,"Puerto Rico Commonwealth","Cataño Municipio",1,18,298,147,151
050,72,033,"Puerto Rico Commonwealth","Cataño Municipio",1,19,307,154,153
050,72,033,"Puerto Rico Commonwealth","Cataño Municipio",1,20,320,159,161
050,72,033,"Puerto Rico Commonwealth","Cataño Municipio",1,21,310,149,161
050,72,033,"Puerto Rico Commonwealth","Cataño Municipio",1,22,294,143,151
050,72,033,"Puerto Rico Commonwealth","Cataño Municipio",1,23,290,136,154
050,72,033,"Puerto Rico Commonwealth","Cataño Municipio",1,24,314,151,163
050,72,033,"Puerto Rico Commonwealth","Cataño Municipio",1,25,324,161,163
050,72,033,"Puerto Rico Commonwealth","Cataño Municipio",1,26,304,143,161
050,72,033,"Puerto Rico Commonwealth","Cataño Municipio",1,27,302,143,159
050,72,033,"Puerto Rico Commonwealth","Cataño Municipio",1,28,309,145,164
050,72,033,"Puerto Rico Commonwealth","Cataño Municipio",1,29,326,163,163
050,72,033,"Puerto Rico Commonwealth","Cataño Municipio",1,30,333,173,160
050,72,033,"Puerto Rico Commonwealth","Cataño Municipio",1,31,307,153,154
050,72,033,"Puerto Rico Commonwealth","Cataño Municipio",1,32,309,150,159
050,72,033,"Puerto Rico Commonwealth","Cataño Municipio",1,33,297,142,155
050,72,033,"Puerto Rico Commonwealth","Cataño Municipio",1,34,301,137,164
050,72,033,"Puerto Rico Commonwealth","Cataño Municipio",1,35,279,136,143
050,72,033,"Puerto Rico Commonwealth","Cataño Municipio",1,36,267,127,140
050,72,033,"Puerto Rico Commonwealth","Cataño Municipio",1,37,276,127,149
050,72,033,"Puerto Rico Commonwealth","Cataño Municipio",1,38,301,145,156
050,72,033,"Puerto Rico Commonwealth","Cataño Municipio",1,39,295,147,148
050,72,033,"Puerto Rico Commonwealth","Cataño Municipio",1,40,298,146,152
050,72,033,"Puerto Rico Commonwealth","Cataño Municipio",1,41,279,123,156
050,72,033,"Puerto Rico Commonwealth","Cataño Municipio",1,42,266,124,142
050,72,033,"Puerto Rico Commonwealth","Cataño Municipio",1,43,259,140,119
050,72,033,"Puerto Rico Commonwealth","Cataño Municipio",1,44,255,128,127
050,72,033,"Puerto Rico Commonwealth","Cataño Municipio",1,45,249,109,140
050,72,033,"Puerto Rico Commonwealth","Cataño Municipio",1,46,240,107,133
050,72,033,"Puerto Rico Commonwealth","Cataño Municipio",1,47,235,109,126
050,72,033,"Puerto Rico Commonwealth","Cataño Municipio",1,48,257,131,126
050,72,033,"Puerto Rico Commonwealth","Cataño Municipio",1,49,274,149,125
050,72,033,"Puerto Rico Commonwealth","Cataño Municipio",1,50,247,124,123
050,72,033,"Puerto Rico Commonwealth","Cataño Municipio",1,51,250,111,139
050,72,033,"Puerto Rico Commonwealth","Cataño Municipio",1,52,272,122,150
050,72,033,"Puerto Rico Commonwealth","Cataño Municipio",1,53,279,130,149
050,72,033,"Puerto Rico Commonwealth","Cataño Municipio",1,54,293,133,160
050,72,033,"Puerto Rico Commonwealth","Cataño Municipio",1,55,320,139,181
050,72,033,"Puerto Rico Commonwealth","Cataño Municipio",1,56,307,136,171
050,72,033,"Puerto Rico Commonwealth","Cataño Municipio",1,57,312,139,173
050,72,033,"Puerto Rico Commonwealth","Cataño Municipio",1,58,337,151,186
050,72,033,"Puerto Rico Commonwealth","Cataño Municipio",1,59,348,157,191
050,72,033,"Puerto Rico Commonwealth","Cataño Municipio",1,60,343,150,193
050,72,033,"Puerto Rico Commonwealth","Cataño Municipio",1,61,309,136,173
050,72,033,"Puerto Rico Commonwealth","Cataño Municipio",1,62,301,128,173
050,72,033,"Puerto Rico Commonwealth","Cataño Municipio",1,63,321,138,183
050,72,033,"Puerto Rico Commonwealth","Cataño Municipio",1,64,342,157,185
050,72,033,"Puerto Rico Commonwealth","Cataño Municipio",1,65,338,165,173
050,72,033,"Puerto Rico Commonwealth","Cataño Municipio",1,66,300,142,158
050,72,033,"Puerto Rico Commonwealth","Cataño Municipio",1,67,261,116,145
050,72,033,"Puerto Rico Commonwealth","Cataño Municipio",1,68,275,126,149
050,72,033,"Puerto Rico Commonwealth","Cataño Municipio",1,69,279,122,157
050,72,033,"Puerto Rico Commonwealth","Cataño Municipio",1,70,271,115,156
050,72,033,"Puerto Rico Commonwealth","Cataño Municipio",1,71,235,101,134
050,72,033,"Puerto Rico Commonwealth","Cataño Municipio",1,72,232,100,132
050,72,033,"Puerto Rico Commonwealth","Cataño Municipio",1,73,249,116,133
050,72,033,"Puerto Rico Commonwealth","Cataño Municipio",1,74,246,106,140
050,72,033,"Puerto Rico Commonwealth","Cataño Municipio",1,75,218,101,117
050,72,033,"Puerto Rico Commonwealth","Cataño Municipio",1,76,193,89,104
050,72,033,"Puerto Rico Commonwealth","Cataño Municipio",1,77,170,73,97
050,72,033,"Puerto Rico Commonwealth","Cataño Municipio",1,78,156,63,93
050,72,033,"Puerto Rico Commonwealth","Cataño Municipio",1,79,148,54,94
050,72,033,"Puerto Rico Commonwealth","Cataño Municipio",1,80,131,49,82
050,72,033,"Puerto Rico Commonwealth","Cataño Municipio",1,81,143,67,76
050,72,033,"Puerto Rico Commonwealth","Cataño Municipio",1,82,130,56,74
050,72,033,"Puerto Rico Commonwealth","Cataño Municipio",1,83,120,56,64
050,72,033,"Puerto Rico Commonwealth","Cataño Municipio",1,84,118,51,67
050,72,033,"Puerto Rico Commonwealth","Cataño Municipio",1,85,889,319,570
050,72,033,"Puerto Rico Commonwealth","Cataño Municipio",2,0,147,75,72
050,72,033,"Puerto Rico Commonwealth","Cataño Municipio",2,1,155,75,80
050,72,033,"Puerto Rico Commonwealth","Cataño Municipio",2,2,158,79,79
050,72,033,"Puerto Rico Commonwealth","Cataño Municipio",2,3,165,82,83
050,72,033,"Puerto Rico Commonwealth","Cataño Municipio",2,4,187,97,90
050,72,033,"Puerto Rico Commonwealth","Cataño Municipio",2,5,205,106,99
050,72,033,"Puerto Rico Commonwealth","Cataño Municipio",2,6,232,119,113
050,72,033,"Puerto Rico Commonwealth","Cataño Municipio",2,7,246,130,116
050,72,033,"Puerto Rico Commonwealth","Cataño Municipio",2,8,255,145,110
050,72,033,"Puerto Rico Commonwealth","Cataño Municipio",2,9,259,140,119
050,72,033,"Puerto Rico Commonwealth","Cataño Municipio",2,10,242,122,120
050,72,033,"Puerto Rico Commonwealth","Cataño Municipio",2,11,249,130,119
050,72,033,"Puerto Rico Commonwealth","Cataño Municipio",2,12,269,139,130
050,72,033,"Puerto Rico Commonwealth","Cataño Municipio",2,13,278,142,136
050,72,033,"Puerto Rico Commonwealth","Cataño Municipio",2,14,266,139,127
050,72,033,"Puerto Rico Commonwealth","Cataño Municipio",2,15,271,135,136
050,72,033,"Puerto Rico Commonwealth","Cataño Municipio",2,16,283,138,145
050,72,033,"Puerto Rico Commonwealth","Cataño Municipio",2,17,280,133,147
050,72,033,"Puerto Rico Commonwealth","Cataño Municipio",2,18,291,142,149
050,72,033,"Puerto Rico Commonwealth","Cataño Municipio",2,19,304,152,152
050,72,033,"Puerto Rico Commonwealth","Cataño Municipio",2,20,314,156,158
050,72,033,"Puerto Rico Commonwealth","Cataño Municipio",2,21,311,151,160
050,72,033,"Puerto Rico Commonwealth","Cataño Municipio",2,22,295,143,152
050,72,033,"Puerto Rico Commonwealth","Cataño Municipio",2,23,290,137,153
050,72,033,"Puerto Rico Commonwealth","Cataño Municipio",2,24,305,146,159
050,72,033,"Puerto Rico Commonwealth","Cataño Municipio",2,25,320,158,162
050,72,033,"Puerto Rico Commonwealth","Cataño Municipio",2,26,306,145,161
050,72,033,"Puerto Rico Commonwealth","Cataño Municipio",2,27,300,142,158
050,72,033,"Puerto Rico Commonwealth","Cataño Municipio",2,28,307,145,162
050,72,033,"Puerto Rico Commonwealth","Cataño Municipio",2,29,318,156,162
050,72,033,"Puerto Rico Commonwealth","Cataño Municipio",2,30,332,171,161
050,72,033,"Puerto Rico Commonwealth","Cataño Municipio",2,31,313,158,155
050,72,033,"Puerto Rico Commonwealth","Cataño Municipio",2,32,308,151,157
050,72,033,"Puerto Rico Commonwealth","Cataño Municipio",2,33,300,144,156
050,72,033,"Puerto Rico Commonwealth","Cataño Municipio",2,34,299,138,161
050,72,033,"Puerto Rico Commonwealth","Cataño Municipio",2,35,284,136,148
050,72,033,"Puerto Rico Commonwealth","Cataño Municipio",2,36,270,129,141
050,72,033,"Puerto Rico Commonwealth","Cataño Municipio",2,37,274,127,147
050,72,033,"Puerto Rico Commonwealth","Cataño Municipio",2,38,295,141,154
050,72,033,"Puerto Rico Commonwealth","Cataño Municipio",2,39,296,146,150
050,72,033,"Puerto Rico Commonwealth","Cataño Municipio",2,40,299,148,151
050,72,033,"Puerto Rico Commonwealth","Cataño Municipio",2,41,282,127,155
050,72,033,"Puerto Rico Commonwealth","Cataño Municipio",2,42,270,124,146
050,72,033,"Puerto Rico Commonwealth","Cataño Municipio",2,43,259,135,124
050,72,033,"Puerto Rico Commonwealth","Cataño Municipio",2,44,256,131,125
050,72,033,"Puerto Rico Commonwealth","Cataño Municipio",2,45,251,114,137
050,72,033,"Puerto Rico Commonwealth","Cataño Municipio",2,46,242,107,135
050,72,033,"Puerto Rico Commonwealth","Cataño Municipio",2,47,237,109,128
050,72,033,"Puerto Rico Commonwealth","Cataño Municipio",2,48,251,125,126
050,72,033,"Puerto Rico Commonwealth","Cataño Municipio",2,49,270,145,125
050,72,033,"Puerto Rico Commonwealth","Cataño Municipio",2,50,253,130,123
050,72,033,"Puerto Rico Commonwealth","Cataño Municipio",2,51,249,114,135
050,72,033,"Puerto Rico Commonwealth","Cataño Municipio",2,52,268,120,148
050,72,033,"Puerto Rico Commonwealth","Cataño Municipio",2,53,277,128,149
050,72,033,"Puerto Rico Commonwealth","Cataño Municipio",2,54,289,132,157
050,72,033,"Puerto Rico Commonwealth","Cataño Municipio",2,55,313,137,176
050,72,033,"Puerto Rico Commonwealth","Cataño Municipio",2,56,308,136,172
050,72,033,"Puerto Rico Commonwealth","Cataño Municipio",2,57,309,137,172
050,72,033,"Puerto Rico Commonwealth","Cataño Municipio",2,58,330,148,182
050,72,033,"Puerto Rico Commonwealth","Cataño Municipio",2,59,344,156,188
050,72,033,"Puerto Rico Commonwealth","Cataño Municipio",2,60,344,152,192
050,72,033,"Puerto Rico Commonwealth","Cataño Municipio",2,61,316,139,177
050,72,033,"Puerto Rico Commonwealth","Cataño Municipio",2,62,302,130,172
050,72,033,"Puerto Rico Commonwealth","Cataño Municipio",2,63,316,136,180
050,72,033,"Puerto Rico Commonwealth","Cataño Municipio",2,64,336,151,185
050,72,033,"Puerto Rico Commonwealth","Cataño Municipio",2,65,338,162,176
050,72,033,"Puerto Rico Commonwealth","Cataño Municipio",2,66,309,148,161
050,72,033,"Puerto Rico Commonwealth","Cataño Municipio",2,67,268,121,147
050,72,033,"Puerto Rico Commonwealth","Cataño Municipio",2,68,272,124,148
050,72,033,"Puerto Rico Commonwealth","Cataño Municipio",2,69,278,123,155
050,72,033,"Puerto Rico Commonwealth","Cataño Municipio",2,70,272,116,156
050,72,033,"Puerto Rico Commonwealth","Cataño Municipio",2,71,245,105,140
050,72,033,"Puerto Rico Commonwealth","Cataño Municipio",2,72,231,99,132
050,72,033,"Puerto Rico Commonwealth","Cataño Municipio",2,73,243,110,133
050,72,033,"Puerto Rico Commonwealth","Cataño Municipio",2,74,247,109,138
050,72,033,"Puerto Rico Commonwealth","Cataño Municipio",2,75,224,102,122
050,72,033,"Puerto Rico Commonwealth","Cataño Municipio",2,76,198,91,107
050,72,033,"Puerto Rico Commonwealth","Cataño Municipio",2,77,174,77,97
050,72,033,"Puerto Rico Commonwealth","Cataño Municipio",2,78,158,65,93
050,72,033,"Puerto Rico Commonwealth","Cataño Municipio",2,79,151,57,94
050,72,033,"Puerto Rico Commonwealth","Cataño Municipio",2,80,135,50,85
050,72,033,"Puerto Rico Commonwealth","Cataño Municipio",2,81,139,62,77
050,72,033,"Puerto Rico Commonwealth","Cataño Municipio",2,82,131,59,72
050,72,033,"Puerto Rico Commonwealth","Cataño Municipio",2,83,122,55,67
050,72,033,"Puerto Rico Commonwealth","Cataño Municipio",2,84,116,51,65
050,72,033,"Puerto Rico Commonwealth","Cataño Municipio",2,85,912,328,584
050,72,033,"Puerto Rico Commonwealth","Cataño Municipio",3,0,124,58,66
050,72,033,"Puerto Rico Commonwealth","Cataño Municipio",3,1,147,75,72
050,72,033,"Puerto Rico Commonwealth","Cataño Municipio",3,2,154,75,79
050,72,033,"Puerto Rico Commonwealth","Cataño Municipio",3,3,156,78,78
050,72,033,"Puerto Rico Commonwealth","Cataño Municipio",3,4,163,81,82
050,72,033,"Puerto Rico Commonwealth","Cataño Municipio",3,5,185,96,89
050,72,033,"Puerto Rico Commonwealth","Cataño Municipio",3,6,203,105,98
050,72,033,"Puerto Rico Commonwealth","Cataño Municipio",3,7,229,117,112
050,72,033,"Puerto Rico Commonwealth","Cataño Municipio",3,8,243,128,115
050,72,033,"Puerto Rico Commonwealth","Cataño Municipio",3,9,252,143,109
050,72,033,"Puerto Rico Commonwealth","Cataño Municipio",3,10,257,139,118
050,72,033,"Puerto Rico Commonwealth","Cataño Municipio",3,11,238,120,118
050,72,033,"Puerto Rico Commonwealth","Cataño Municipio",3,12,244,127,117
050,72,033,"Puerto Rico Commonwealth","Cataño Municipio",3,13,264,136,128
050,72,033,"Puerto Rico Commonwealth","Cataño Municipio",3,14,274,139,135
050,72,033,"Puerto Rico Commonwealth","Cataño Municipio",3,15,261,136,125
050,72,033,"Puerto Rico Commonwealth","Cataño Municipio",3,16,266,132,134
050,72,033,"Puerto Rico Commonwealth","Cataño Municipio",3,17,277,134,143
050,72,033,"Puerto Rico Commonwealth","Cataño Municipio",3,18,271,128,143
050,72,033,"Puerto Rico Commonwealth","Cataño Municipio",3,19,281,137,144
050,72,033,"Puerto Rico Commonwealth","Cataño Municipio",3,20,298,148,150
050,72,033,"Puerto Rico Commonwealth","Cataño Municipio",3,21,309,153,156
050,72,033,"Puerto Rico Commonwealth","Cataño Municipio",3,22,307,148,159
050,72,033,"Puerto Rico Commonwealth","Cataño Municipio",3,23,292,141,151
050,72,033,"Puerto Rico Commonwealth","Cataño Municipio",3,24,283,132,151
050,72,033,"Puerto Rico Commonwealth","Cataño Municipio",3,25,301,144,157
050,72,033,"Puerto Rico Commonwealth","Cataño Municipio",3,26,317,157,160
050,72,033,"Puerto Rico Commonwealth","Cataño Municipio",3,27,303,144,159
050,72,033,"Puerto Rico Commonwealth","Cataño Municipio",3,28,297,141,156
050,72,033,"Puerto Rico Commonwealth","Cataño Municipio",3,29,299,139,160
050,72,033,"Puerto Rico Commonwealth","Cataño Municipio",3,30,316,156,160
050,72,033,"Puerto Rico Commonwealth","Cataño Municipio",3,31,332,173,159
050,72,033,"Puerto Rico Commonwealth","Cataño Municipio",3,32,311,158,153
050,72,033,"Puerto Rico Commonwealth","Cataño Municipio",3,33,307,151,156
050,72,033,"Puerto Rico Commonwealth","Cataño Municipio",3,34,297,143,154
050,72,033,"Puerto Rico Commonwealth","Cataño Municipio",3,35,297,137,160
050,72,033,"Puerto Rico Commonwealth","Cataño Municipio",3,36,283,136,147
050,72,033,"Puerto Rico Commonwealth","Cataño Municipio",3,37,268,128,140
050,72,033,"Puerto Rico Commonwealth","Cataño Municipio",3,38,269,125,144
050,72,033,"Puerto Rico Commonwealth","Cataño Municipio",3,39,292,141,151
050,72,033,"Puerto Rico Commonwealth","Cataño Municipio",3,40,294,146,148
050,72,033,"Puerto Rico Commonwealth","Cataño Municipio",3,41,296,147,149
050,72,033,"Puerto Rico Commonwealth","Cataño Municipio",3,42,278,125,153
050,72,033,"Puerto Rico Commonwealth","Cataño Municipio",3,43,267,122,145
050,72,033,"Puerto Rico Commonwealth","Cataño Municipio",3,44,258,135,123
050,72,033,"Puerto Rico Commonwealth","Cataño Municipio",3,45,250,128,122
050,72,033,"Puerto Rico Commonwealth","Cataño Municipio",3,46,247,113,134
050,72,033,"Puerto Rico Commonwealth","Cataño Municipio",3,47,240,106,134
050,72,033,"Puerto Rico Commonwealth","Cataño Municipio",3,48,235,108,127
050,72,033,"Puerto Rico Commonwealth","Cataño Municipio",3,49,247,122,125
050,72,033,"Puerto Rico Commonwealth","Cataño Municipio",3,50,267,143,124
050,72,033,"Puerto Rico Commonwealth","Cataño Municipio",3,51,247,126,121
050,72,033,"Puerto Rico Commonwealth","Cataño Municipio",3,52,247,113,134
050,72,033,"Puerto Rico Commonwealth","Cataño Municipio",3,53,261,116,145
050,72,033,"Puerto Rico Commonwealth","Cataño Municipio",3,54,271,124,147
050,72,033,"Puerto Rico Commonwealth","Cataño Municipio",3,55,280,126,154
050,72,033,"Puerto Rico Commonwealth","Cataño Municipio",3,56,307,133,174
050,72,033,"Puerto Rico Commonwealth","Cataño Municipio",3,57,304,134,170
050,72,033,"Puerto Rico Commonwealth","Cataño Municipio",3,58,304,135,169
050,72,033,"Puerto Rico Commonwealth","Cataño Municipio",3,59,320,142,178
050,72,033,"Puerto Rico Commonwealth","Cataño Municipio",3,60,338,154,184
050,72,033,"Puerto Rico Commonwealth","Cataño Municipio",3,61,332,149,183
050,72,033,"Puerto Rico Commonwealth","Cataño Municipio",3,62,310,136,174
050,72,033,"Puerto Rico Commonwealth","Cataño Municipio",3,63,291,126,165
050,72,033,"Puerto Rico Commonwealth","Cataño Municipio",3,64,309,131,178
050,72,033,"Puerto Rico Commonwealth","Cataño Municipio",3,65,327,146,181
050,72,033,"Puerto Rico Commonwealth","Cataño Municipio",3,66,332,158,174
050,72,033,"Puerto Rico Commonwealth","Cataño Municipio",3,67,307,147,160
050,72,033,"Puerto Rico Commonwealth","Cataño Municipio",3,68,258,115,143
050,72,033,"Puerto Rico Commonwealth","Cataño Municipio",3,69,267,123,144
050,72,033,"Puerto Rico Commonwealth","Cataño Municipio",3,70,266,115,151
050,72,033,"Puerto Rico Commonwealth","Cataño Municipio",3,71,268,113,155
050,72,033,"Puerto Rico Commonwealth","Cataño Municipio",3,72,237,98,139
050,72,033,"Puerto Rico Commonwealth","Cataño Municipio",3,73,220,90,130
050,72,033,"Puerto Rico Commonwealth","Cataño Municipio",3,74,240,108,132
050,72,033,"Puerto Rico Commonwealth","Cataño Municipio",3,75,242,107,135
050,72,033,"Puerto Rico Commonwealth","Cataño Municipio",3,76,216,98,118
050,72,033,"Puerto Rico Commonwealth","Cataño Municipio",3,77,189,85,104
050,72,033,"Puerto Rico Commonwealth","Cataño Municipio",3,78,168,74,94
050,72,033,"Puerto Rico Commonwealth","Cataño Municipio",3,79,152,61,91
050,72,033,"Puerto Rico Commonwealth","Cataño Municipio",3,80,149,57,92
050,72,033,"Puerto Rico Commonwealth","Cataño Municipio",3,81,133,51,82
050,72,033,"Puerto Rico Commonwealth","Cataño Municipio",3,82,137,62,75
050,72,033,"Puerto Rico Commonwealth","Cataño Municipio",3,83,127,56,71
050,72,033,"Puerto Rico Commonwealth","Cataño Municipio",3,84,119,52,67
050,72,033,"Puerto Rico Commonwealth","Cataño Municipio",3,85,990,363,627
050,72,033,"Puerto Rico Commonwealth","Cataño Municipio",4,0,145,79,66
050,72,033,"Puerto Rico Commonwealth","Cataño Municipio",4,1,121,57,64
050,72,033,"Puerto Rico Commonwealth","Cataño Municipio",4,2,144,74,70
050,72,033,"Puerto Rico Commonwealth","Cataño Municipio",4,3,150,73,77
050,72,033,"Puerto Rico Commonwealth","Cataño Municipio",4,4,152,76,76
050,72,033,"Puerto Rico Commonwealth","Cataño Municipio",4,5,159,79,80
050,72,033,"Puerto Rico Commonwealth","Cataño Municipio",4,6,181,94,87
050,72,033,"Puerto Rico Commonwealth","Cataño Municipio",4,7,197,102,95
050,72,033,"Puerto Rico Commonwealth","Cataño Municipio",4,8,223,114,109
050,72,033,"Puerto Rico Commonwealth","Cataño Municipio",4,9,237,124,113
050,72,033,"Puerto Rico Commonwealth","Cataño Municipio",4,10,245,139,106
050,72,033,"Puerto Rico Commonwealth","Cataño Municipio",4,11,250,135,115
050,72,033,"Puerto Rico Commonwealth","Cataño Municipio",4,12,231,116,115
050,72,033,"Puerto Rico Commonwealth","Cataño Municipio",4,13,237,123,114
050,72,033,"Puerto Rico Commonwealth","Cataño Municipio",4,14,257,132,125
050,72,033,"Puerto Rico Commonwealth","Cataño Municipio",4,15,266,134,132
050,72,033,"Puerto Rico Commonwealth","Cataño Municipio",4,16,253,131,122
050,72,033,"Puerto Rico Commonwealth","Cataño Municipio",4,17,257,127,130
050,72,033,"Puerto Rico Commonwealth","Cataño Municipio",4,18,265,127,138
050,72,033,"Puerto Rico Commonwealth","Cataño Municipio",4,19,258,122,136
050,72,033,"Puerto Rico Commonwealth","Cataño Municipio",4,20,272,131,141
050,72,033,"Puerto Rico Commonwealth","Cataño Municipio",4,21,289,143,146
050,72,033,"Puerto Rico Commonwealth","Cataño Municipio",4,22,300,148,152
050,72,033,"Puerto Rico Commonwealth","Cataño Municipio",4,23,300,144,156
050,72,033,"Puerto Rico Commonwealth","Cataño Municipio",4,24,286,138,148
050,72,033,"Puerto Rico Commonwealth","Cataño Municipio",4,25,276,128,148
050,72,033,"Puerto Rico Commonwealth","Cataño Municipio",4,26,291,138,153
050,72,033,"Puerto Rico Commonwealth","Cataño Municipio",4,27,309,153,156
050,72,033,"Puerto Rico Commonwealth","Cataño Municipio",4,28,296,141,155
050,72,033,"Puerto Rico Commonwealth","Cataño Municipio",4,29,287,135,152
050,72,033,"Puerto Rico Commonwealth","Cataño Municipio",4,30,292,136,156
050,72,033,"Puerto Rico Commonwealth","Cataño Municipio",4,31,310,154,156
050,72,033,"Puerto Rico Commonwealth","Cataño Municipio",4,32,325,169,156
050,72,033,"Puerto Rico Commonwealth","Cataño Municipio",4,33,305,155,150
050,72,033,"Puerto Rico Commonwealth","Cataño Municipio",4,34,299,146,153
050,72,033,"Puerto Rico Commonwealth","Cataño Municipio",4,35,291,141,150
050,72,033,"Puerto Rico Commonwealth","Cataño Municipio",4,36,291,134,157
050,72,033,"Puerto Rico Commonwealth","Cataño Municipio",4,37,275,132,143
050,72,033,"Puerto Rico Commonwealth","Cataño Municipio",4,38,261,124,137
050,72,033,"Puerto Rico Commonwealth","Cataño Municipio",4,39,264,123,141
050,72,033,"Puerto Rico Commonwealth","Cataño Municipio",4,40,287,139,148
050,72,033,"Puerto Rico Commonwealth","Cataño Municipio",4,41,286,142,144
050,72,033,"Puerto Rico Commonwealth","Cataño Municipio",4,42,292,146,146
050,72,033,"Puerto Rico Commonwealth","Cataño Municipio",4,43,272,122,150
050,72,033,"Puerto Rico Commonwealth","Cataño Municipio",4,44,263,120,143
050,72,033,"Puerto Rico Commonwealth","Cataño Municipio",4,45,252,131,121
050,72,033,"Puerto Rico Commonwealth","Cataño Municipio",4,46,245,126,119
050,72,033,"Puerto Rico Commonwealth","Cataño Municipio",4,47,243,111,132
050,72,033,"Puerto Rico Commonwealth","Cataño Municipio",4,48,236,104,132
050,72,033,"Puerto Rico Commonwealth","Cataño Municipio",4,49,231,106,125
050,72,033,"Puerto Rico Commonwealth","Cataño Municipio",4,50,242,119,123
050,72,033,"Puerto Rico Commonwealth","Cataño Municipio",4,51,261,140,121
050,72,033,"Puerto Rico Commonwealth","Cataño Municipio",4,52,240,121,119
050,72,033,"Puerto Rico Commonwealth","Cataño Municipio",4,53,242,110,132
050,72,033,"Puerto Rico Commonwealth","Cataño Municipio",4,54,256,113,143
050,72,033,"Puerto Rico Commonwealth","Cataño Municipio",4,55,262,119,143
050,72,033,"Puerto Rico Commonwealth","Cataño Municipio",4,56,272,122,150
050,72,033,"Puerto Rico Commonwealth","Cataño Municipio",4,57,299,129,170
050,72,033,"Puerto Rico Commonwealth","Cataño Municipio",4,58,300,132,168
050,72,033,"Puerto Rico Commonwealth","Cataño Municipio",4,59,298,133,165
050,72,033,"Puerto Rico Commonwealth","Cataño Municipio",4,60,311,138,173
050,72,033,"Puerto Rico Commonwealth","Cataño Municipio",4,61,330,149,181
050,72,033,"Puerto Rico Commonwealth","Cataño Municipio",4,62,325,145,180
050,72,033,"Puerto Rico Commonwealth","Cataño Municipio",4,63,304,133,171
050,72,033,"Puerto Rico Commonwealth","Cataño Municipio",4,64,287,125,162
050,72,033,"Puerto Rico Commonwealth","Cataño Municipio",4,65,303,127,176
050,72,033,"Puerto Rico Commonwealth","Cataño Municipio",4,66,315,140,175
050,72,033,"Puerto Rico Commonwealth","Cataño Municipio",4,67,326,155,171
050,72,033,"Puerto Rico Commonwealth","Cataño Municipio",4,68,300,144,156
050,72,033,"Puerto Rico Commonwealth","Cataño Municipio",4,69,253,112,141
050,72,033,"Puerto Rico Commonwealth","Cataño Municipio",4,70,259,121,138
050,72,033,"Puerto Rico Commonwealth","Cataño Municipio",4,71,258,111,147
050,72,033,"Puerto Rico Commonwealth","Cataño Municipio",4,72,265,111,154
050,72,033,"Puerto Rico Commonwealth","Cataño Municipio",4,73,232,95,137
050,72,033,"Puerto Rico Commonwealth","Cataño Municipio",4,74,210,83,127
050,72,033,"Puerto Rico Commonwealth","Cataño Municipio",4,75,233,103,130
050,72,033,"Puerto Rico Commonwealth","Cataño Municipio",4,76,234,104,130
050,72,033,"Puerto Rico Commonwealth","Cataño Municipio",4,77,207,92,115
050,72,033,"Puerto Rico Commonwealth","Cataño Municipio",4,78,184,83,101
050,72,033,"Puerto Rico Commonwealth","Cataño Municipio",4,79,161,70,91
050,72,033,"Puerto Rico Commonwealth","Cataño Municipio",4,80,150,61,89
050,72,033,"Puerto Rico Commonwealth","Cataño Municipio",4,81,143,56,87
050,72,033,"Puerto Rico Commonwealth","Cataño Municipio",4,82,132,50,82
050,72,033,"Puerto Rico Commonwealth","Cataño Municipio",4,83,135,62,73
050,72,033,"Puerto Rico Commonwealth","Cataño Municipio",4,84,119,53,66
050,72,033,"Puerto Rico Commonwealth","Cataño Municipio",4,85,1043,386,657
050,72,033,"Puerto Rico Commonwealth","Cataño Municipio",5,0,145,75,70
050,72,033,"Puerto Rico Commonwealth","Cataño Municipio",5,1,145,80,65
050,72,033,"Puerto Rico Commonwealth","Cataño Municipio",5,2,120,57,63
050,72,033,"Puerto Rico Commonwealth","Cataño Municipio",5,3,143,74,69
050,72,033,"Puerto Rico Commonwealth","Cataño Municipio",5,4,149,73,76
050,72,033,"Puerto Rico Commonwealth","Cataño Municipio",5,5,150,75,75
050,72,033,"Puerto Rico Commonwealth","Cataño Municipio",5,6,157,78,79
050,72,033,"Puerto Rico Commonwealth","Cataño Municipio",5,7,178,93,85
050,72,033,"Puerto Rico Commonwealth","Cataño Municipio",5,8,195,101,94
050,72,033,"Puerto Rico Commonwealth","Cataño Municipio",5,9,221,113,108
050,72,033,"Puerto Rico Commonwealth","Cataño Municipio",5,10,234,122,112
050,72,033,"Puerto Rico Commonwealth","Cataño Municipio",5,11,242,137,105
050,72,033,"Puerto Rico Commonwealth","Cataño Municipio",5,12,248,134,114
050,72,033,"Puerto Rico Commonwealth","Cataño Municipio",5,13,228,114,114
050,72,033,"Puerto Rico Commonwealth","Cataño Municipio",5,14,234,121,113
050,72,033,"Puerto Rico Commonwealth","Cataño Municipio",5,15,252,128,124
050,72,033,"Puerto Rico Commonwealth","Cataño Municipio",5,16,263,132,131
050,72,033,"Puerto Rico Commonwealth","Cataño Municipio",5,17,249,129,120
050,72,033,"Puerto Rico Commonwealth","Cataño Municipio",5,18,249,122,127
050,72,033,"Puerto Rico Commonwealth","Cataño Municipio",5,19,258,124,134
050,72,033,"Puerto Rico Commonwealth","Cataño Municipio",5,20,254,119,135
050,72,033,"Puerto Rico Commonwealth","Cataño Municipio",5,21,264,126,138
050,72,033,"Puerto Rico Commonwealth","Cataño Municipio",5,22,285,140,145
050,72,033,"Puerto Rico Commonwealth","Cataño Municipio",5,23,295,145,150
050,72,033,"Puerto Rico Commonwealth","Cataño Municipio",5,24,297,142,155
050,72,033,"Puerto Rico Commonwealth","Cataño Municipio",5,25,282,135,147
050,72,033,"Puerto Rico Commonwealth","Cataño Municipio",5,26,273,126,147
050,72,033,"Puerto Rico Commonwealth","Cataño Municipio",5,27,286,137,149
050,72,033,"Puerto Rico Commonwealth","Cataño Municipio",5,28,305,151,154
050,72,033,"Puerto Rico Commonwealth","Cataño Municipio",5,29,289,136,153
050,72,033,"Puerto Rico Commonwealth","Cataño Municipio",5,30,286,135,151
050,72,033,"Puerto Rico Commonwealth","Cataño Municipio",5,31,291,136,155
050,72,033,"Puerto Rico Commonwealth","Cataño Municipio",5,32,308,153,155
050,72,033,"Puerto Rico Commonwealth","Cataño Municipio",5,33,323,168,155
050,72,033,"Puerto Rico Commonwealth","Cataño Municipio",5,34,304,155,149
050,72,033,"Puerto Rico Commonwealth","Cataño Municipio",5,35,298,146,152
050,72,033,"Puerto Rico Commonwealth","Cataño Municipio",5,36,288,139,149
050,72,033,"Puerto Rico Commonwealth","Cataño Municipio",5,37,288,133,155
050,72,033,"Puerto Rico Commonwealth","Cataño Municipio",5,38,272,130,142
050,72,033,"Puerto Rico Commonwealth","Cataño Municipio",5,39,261,125,136
050,72,033,"Puerto Rico Commonwealth","Cataño Municipio",5,40,263,123,140
050,72,033,"Puerto Rico Commonwealth","Cataño Municipio",5,41,284,137,147
050,72,033,"Puerto Rico Commonwealth","Cataño Municipio",5,42,285,142,143
050,72,033,"Puerto Rico Commonwealth","Cataño Municipio",5,43,290,146,144
050,72,033,"Puerto Rico Commonwealth","Cataño Municipio",5,44,271,122,149
050,72,033,"Puerto Rico Commonwealth","Cataño Municipio",5,45,258,116,142
050,72,033,"Puerto Rico Commonwealth","Cataño Municipio",5,46,249,129,120
050,72,033,"Puerto Rico Commonwealth","Cataño Municipio",5,47,241,123,118
050,72,033,"Puerto Rico Commonwealth","Cataño Municipio",5,48,239,109,130
050,72,033,"Puerto Rico Commonwealth","Cataño Municipio",5,49,231,100,131
050,72,033,"Puerto Rico Commonwealth","Cataño Municipio",5,50,227,103,124
050,72,033,"Puerto Rico Commonwealth","Cataño Municipio",5,51,239,118,121
050,72,033,"Puerto Rico Commonwealth","Cataño Municipio",5,52,258,139,119
050,72,033,"Puerto Rico Commonwealth","Cataño Municipio",5,53,237,119,118
050,72,033,"Puerto Rico Commonwealth","Cataño Municipio",5,54,238,108,130
050,72,033,"Puerto Rico Commonwealth","Cataño Municipio",5,55,250,109,141
050,72,033,"Puerto Rico Commonwealth","Cataño Municipio",5,56,255,116,139
050,72,033,"Puerto Rico Commonwealth","Cataño Municipio",5,57,267,119,148
050,72,033,"Puerto Rico Commonwealth","Cataño Municipio",5,58,293,125,168
050,72,033,"Puerto Rico Commonwealth","Cataño Municipio",5,59,293,130,163
050,72,033,"Puerto Rico Commonwealth","Cataño Municipio",5,60,291,130,161
050,72,033,"Puerto Rico Commonwealth","Cataño Municipio",5,61,305,136,169
050,72,033,"Puerto Rico Commonwealth","Cataño Municipio",5,62,324,147,177
050,72,033,"Puerto Rico Commonwealth","Cataño Municipio",5,63,320,142,178
050,72,033,"Puerto Rico Commonwealth","Cataño Municipio",5,64,298,130,168
050,72,033,"Puerto Rico Commonwealth","Cataño Municipio",5,65,284,124,160
050,72,033,"Puerto Rico Commonwealth","Cataño Municipio",5,66,295,122,173
050,72,033,"Puerto Rico Commonwealth","Cataño Municipio",5,67,309,136,173
050,72,033,"Puerto Rico Commonwealth","Cataño Municipio",5,68,318,148,170
050,72,033,"Puerto Rico Commonwealth","Cataño Municipio",5,69,291,138,153
050,72,033,"Puerto Rico Commonwealth","Cataño Municipio",5,70,247,109,138
050,72,033,"Puerto Rico Commonwealth","Cataño Municipio",5,71,250,115,135
050,72,033,"Puerto Rico Commonwealth","Cataño Municipio",5,72,249,106,143
050,72,033,"Puerto Rico Commonwealth","Cataño Municipio",5,73,258,107,151
050,72,033,"Puerto Rico Commonwealth","Cataño Municipio",5,74,224,90,134
050,72,033,"Puerto Rico Commonwealth","Cataño Municipio",5,75,203,81,122
050,72,033,"Puerto Rico Commonwealth","Cataño Municipio",5,76,226,100,126
050,72,033,"Puerto Rico Commonwealth","Cataño Municipio",5,77,233,103,130
050,72,033,"Puerto Rico Commonwealth","Cataño Municipio",5,78,203,89,114
050,72,033,"Puerto Rico Commonwealth","Cataño Municipio",5,79,181,82,99
050,72,033,"Puerto Rico Commonwealth","Cataño Municipio",5,80,156,67,89
050,72,033,"Puerto Rico Commonwealth","Cataño Municipio",5,81,143,56,87
050,72,033,"Puerto Rico Commonwealth","Cataño Municipio",5,82,139,52,87
050,72,033,"Puerto Rico Commonwealth","Cataño Municipio",5,83,128,49,79
050,72,033,"Puerto Rico Commonwealth","Cataño Municipio",5,84,132,62,70
050,72,033,"Puerto Rico Commonwealth","Cataño Municipio",5,85,1124,434,690
050,72,035,"Puerto Rico Commonwealth","Cayey Municipio",1,0,268,139,129
050,72,035,"Puerto Rico Commonwealth","Cayey Municipio",1,1,268,125,143
050,72,035,"Puerto Rico Commonwealth","Cayey Municipio",1,2,262,129,133
050,72,035,"Puerto Rico Commonwealth","Cayey Municipio",1,3,295,140,155
050,72,035,"Puerto Rico Commonwealth","Cayey Municipio",1,4,326,161,165
050,72,035,"Puerto Rico Commonwealth","Cayey Municipio",1,5,338,171,167
050,72,035,"Puerto Rico Commonwealth","Cayey Municipio",1,6,333,173,160
050,72,035,"Puerto Rico Commonwealth","Cayey Municipio",1,7,372,191,181
050,72,035,"Puerto Rico Commonwealth","Cayey Municipio",1,8,393,187,206
050,72,035,"Puerto Rico Commonwealth","Cayey Municipio",1,9,403,187,216
050,72,035,"Puerto Rico Commonwealth","Cayey Municipio",1,10,438,205,233
050,72,035,"Puerto Rico Commonwealth","Cayey Municipio",1,11,412,189,223
050,72,035,"Puerto Rico Commonwealth","Cayey Municipio",1,12,431,204,227
050,72,035,"Puerto Rico Commonwealth","Cayey Municipio",1,13,450,219,231
050,72,035,"Puerto Rico Commonwealth","Cayey Municipio",1,14,505,252,253
050,72,035,"Puerto Rico Commonwealth","Cayey Municipio",1,15,493,260,233
050,72,035,"Puerto Rico Commonwealth","Cayey Municipio",1,16,476,241,235
050,72,035,"Puerto Rico Commonwealth","Cayey Municipio",1,17,517,265,252
050,72,035,"Puerto Rico Commonwealth","Cayey Municipio",1,18,530,267,263
050,72,035,"Puerto Rico Commonwealth","Cayey Municipio",1,19,548,273,275
050,72,035,"Puerto Rico Commonwealth","Cayey Municipio",1,20,581,288,293
050,72,035,"Puerto Rico Commonwealth","Cayey Municipio",1,21,533,270,263
050,72,035,"Puerto Rico Commonwealth","Cayey Municipio",1,22,554,289,265
050,72,035,"Puerto Rico Commonwealth","Cayey Municipio",1,23,532,269,263
050,72,035,"Puerto Rico Commonwealth","Cayey Municipio",1,24,541,265,276
050,72,035,"Puerto Rico Commonwealth","Cayey Municipio",1,25,550,273,277
050,72,035,"Puerto Rico Commonwealth","Cayey Municipio",1,26,531,266,265
050,72,035,"Puerto Rico Commonwealth","Cayey Municipio",1,27,546,285,261
050,72,035,"Puerto Rico Commonwealth","Cayey Municipio",1,28,570,292,278
050,72,035,"Puerto Rico Commonwealth","Cayey Municipio",1,29,569,265,304
050,72,035,"Puerto Rico Commonwealth","Cayey Municipio",1,30,565,265,300
050,72,035,"Puerto Rico Commonwealth","Cayey Municipio",1,31,525,244,281
050,72,035,"Puerto Rico Commonwealth","Cayey Municipio",1,32,506,223,283
050,72,035,"Puerto Rico Commonwealth","Cayey Municipio",1,33,482,215,267
050,72,035,"Puerto Rico Commonwealth","Cayey Municipio",1,34,430,208,222
050,72,035,"Puerto Rico Commonwealth","Cayey Municipio",1,35,437,211,226
050,72,035,"Puerto Rico Commonwealth","Cayey Municipio",1,36,428,205,223
050,72,035,"Puerto Rico Commonwealth","Cayey Municipio",1,37,465,231,234
050,72,035,"Puerto Rico Commonwealth","Cayey Municipio",1,38,508,239,269
050,72,035,"Puerto Rico Commonwealth","Cayey Municipio",1,39,537,246,291
050,72,035,"Puerto Rico Commonwealth","Cayey Municipio",1,40,534,232,302
050,72,035,"Puerto Rico Commonwealth","Cayey Municipio",1,41,503,224,279
050,72,035,"Puerto Rico Commonwealth","Cayey Municipio",1,42,505,227,278
050,72,035,"Puerto Rico Commonwealth","Cayey Municipio",1,43,522,244,278
050,72,035,"Puerto Rico Commonwealth","Cayey Municipio",1,44,506,244,262
050,72,035,"Puerto Rico Commonwealth","Cayey Municipio",1,45,483,232,251
050,72,035,"Puerto Rico Commonwealth","Cayey Municipio",1,46,500,243,257
050,72,035,"Puerto Rico Commonwealth","Cayey Municipio",1,47,508,249,259
050,72,035,"Puerto Rico Commonwealth","Cayey Municipio",1,48,544,266,278
050,72,035,"Puerto Rico Commonwealth","Cayey Municipio",1,49,558,274,284
050,72,035,"Puerto Rico Commonwealth","Cayey Municipio",1,50,583,285,298
050,72,035,"Puerto Rico Commonwealth","Cayey Municipio",1,51,561,267,294
050,72,035,"Puerto Rico Commonwealth","Cayey Municipio",1,52,560,253,307
050,72,035,"Puerto Rico Commonwealth","Cayey Municipio",1,53,597,274,323
050,72,035,"Puerto Rico Commonwealth","Cayey Municipio",1,54,597,282,315
050,72,035,"Puerto Rico Commonwealth","Cayey Municipio",1,55,593,280,313
050,72,035,"Puerto Rico Commonwealth","Cayey Municipio",1,56,598,296,302
050,72,035,"Puerto Rico Commonwealth","Cayey Municipio",1,57,615,303,312
050,72,035,"Puerto Rico Commonwealth","Cayey Municipio",1,58,612,297,315
050,72,035,"Puerto Rico Commonwealth","Cayey Municipio",1,59,604,295,309
050,72,035,"Puerto Rico Commonwealth","Cayey Municipio",1,60,620,290,330
050,72,035,"Puerto Rico Commonwealth","Cayey Municipio",1,61,582,268,314
050,72,035,"Puerto Rico Commonwealth","Cayey Municipio",1,62,563,274,289
050,72,035,"Puerto Rico Commonwealth","Cayey Municipio",1,63,543,264,279
050,72,035,"Puerto Rico Commonwealth","Cayey Municipio",1,64,536,249,287
050,72,035,"Puerto Rico Commonwealth","Cayey Municipio",1,65,533,234,299
050,72,035,"Puerto Rico Commonwealth","Cayey Municipio",1,66,523,240,283
050,72,035,"Puerto Rico Commonwealth","Cayey Municipio",1,67,510,235,275
050,72,035,"Puerto Rico Commonwealth","Cayey Municipio",1,68,517,249,268
050,72,035,"Puerto Rico Commonwealth","Cayey Municipio",1,69,523,259,264
050,72,035,"Puerto Rico Commonwealth","Cayey Municipio",1,70,545,265,280
050,72,035,"Puerto Rico Commonwealth","Cayey Municipio",1,71,505,246,259
050,72,035,"Puerto Rico Commonwealth","Cayey Municipio",1,72,504,245,259
050,72,035,"Puerto Rico Commonwealth","Cayey Municipio",1,73,494,228,266
050,72,035,"Puerto Rico Commonwealth","Cayey Municipio",1,74,464,212,252
050,72,035,"Puerto Rico Commonwealth","Cayey Municipio",1,75,399,180,219
050,72,035,"Puerto Rico Commonwealth","Cayey Municipio",1,76,360,175,185
050,72,035,"Puerto Rico Commonwealth","Cayey Municipio",1,77,378,171,207
050,72,035,"Puerto Rico Commonwealth","Cayey Municipio",1,78,362,161,201
050,72,035,"Puerto Rico Commonwealth","Cayey Municipio",1,79,302,141,161
050,72,035,"Puerto Rico Commonwealth","Cayey Municipio",1,80,297,144,153
050,72,035,"Puerto Rico Commonwealth","Cayey Municipio",1,81,257,131,126
050,72,035,"Puerto Rico Commonwealth","Cayey Municipio",1,82,216,109,107
050,72,035,"Puerto Rico Commonwealth","Cayey Municipio",1,83,215,99,116
050,72,035,"Puerto Rico Commonwealth","Cayey Municipio",1,84,196,89,107
050,72,035,"Puerto Rico Commonwealth","Cayey Municipio",1,85,1177,456,721
050,72,035,"Puerto Rico Commonwealth","Cayey Municipio",2,0,261,136,125
050,72,035,"Puerto Rico Commonwealth","Cayey Municipio",2,1,268,129,139
050,72,035,"Puerto Rico Commonwealth","Cayey Municipio",2,2,264,128,136
050,72,035,"Puerto Rico Commonwealth","Cayey Municipio",2,3,286,137,149
050,72,035,"Puerto Rico Commonwealth","Cayey Municipio",2,4,319,156,163
050,72,035,"Puerto Rico Commonwealth","Cayey Municipio",2,5,334,168,166
050,72,035,"Puerto Rico Commonwealth","Cayey Municipio",2,6,335,173,162
050,72,035,"Puerto Rico Commonwealth","Cayey Municipio",2,7,362,186,176
050,72,035,"Puerto Rico Commonwealth","Cayey Municipio",2,8,388,188,200
050,72,035,"Puerto Rico Commonwealth","Cayey Municipio",2,9,400,187,213
050,72,035,"Puerto Rico Commonwealth","Cayey Municipio",2,10,430,201,229
050,72,035,"Puerto Rico Commonwealth","Cayey Municipio",2,11,418,193,225
050,72,035,"Puerto Rico Commonwealth","Cayey Municipio",2,12,426,200,226
050,72,035,"Puerto Rico Commonwealth","Cayey Municipio",2,13,445,215,230
050,72,035,"Puerto Rico Commonwealth","Cayey Municipio",2,14,492,244,248
050,72,035,"Puerto Rico Commonwealth","Cayey Municipio",2,15,495,257,238
050,72,035,"Puerto Rico Commonwealth","Cayey Municipio",2,16,480,246,234
050,72,035,"Puerto Rico Commonwealth","Cayey Municipio",2,17,506,258,248
050,72,035,"Puerto Rico Commonwealth","Cayey Municipio",2,18,525,265,260
050,72,035,"Puerto Rico Commonwealth","Cayey Municipio",2,19,543,271,272
050,72,035,"Puerto Rico Commonwealth","Cayey Municipio",2,20,571,283,288
050,72,035,"Puerto Rico Commonwealth","Cayey Municipio",2,21,544,274,270
050,72,035,"Puerto Rico Commonwealth","Cayey Municipio",2,22,546,283,263
050,72,035,"Puerto Rico Commonwealth","Cayey Municipio",2,23,535,273,262
050,72,035,"Puerto Rico Commonwealth","Cayey Municipio",2,24,537,265,272
050,72,035,"Puerto Rico Commonwealth","Cayey Municipio",2,25,545,269,276
050,72,035,"Puerto Rico Commonwealth","Cayey Municipio",2,26,534,267,267
050,72,035,"Puerto Rico Commonwealth","Cayey Municipio",2,27,541,279,262
050,72,035,"Puerto Rico Commonwealth","Cayey Municipio",2,28,562,289,273
050,72,035,"Puerto Rico Commonwealth","Cayey Municipio",2,29,568,271,297
050,72,035,"Puerto Rico Commonwealth","Cayey Municipio",2,30,565,264,301
050,72,035,"Puerto Rico Commonwealth","Cayey Municipio",2,31,533,247,286
050,72,035,"Puerto Rico Commonwealth","Cayey Municipio",2,32,511,228,283
050,72,035,"Puerto Rico Commonwealth","Cayey Municipio",2,33,486,217,269
050,72,035,"Puerto Rico Commonwealth","Cayey Municipio",2,34,444,210,234
050,72,035,"Puerto Rico Commonwealth","Cayey Municipio",2,35,435,210,225
050,72,035,"Puerto Rico Commonwealth","Cayey Municipio",2,36,430,207,223
050,72,035,"Puerto Rico Commonwealth","Cayey Municipio",2,37,456,224,232
050,72,035,"Puerto Rico Commonwealth","Cayey Municipio",2,38,497,237,260
050,72,035,"Puerto Rico Commonwealth","Cayey Municipio",2,39,530,245,285
050,72,035,"Puerto Rico Commonwealth","Cayey Municipio",2,40,535,235,300
050,72,035,"Puerto Rico Commonwealth","Cayey Municipio",2,41,510,226,284
050,72,035,"Puerto Rico Commonwealth","Cayey Municipio",2,42,505,226,279
050,72,035,"Puerto Rico Commonwealth","Cayey Municipio",2,43,518,240,278
050,72,035,"Puerto Rico Commonwealth","Cayey Municipio",2,44,510,244,266
050,72,035,"Puerto Rico Commonwealth","Cayey Municipio",2,45,487,234,253
050,72,035,"Puerto Rico Commonwealth","Cayey Municipio",2,46,495,240,255
050,72,035,"Puerto Rico Commonwealth","Cayey Municipio",2,47,506,248,258
050,72,035,"Puerto Rico Commonwealth","Cayey Municipio",2,48,535,261,274
050,72,035,"Puerto Rico Commonwealth","Cayey Municipio",2,49,554,272,282
050,72,035,"Puerto Rico Commonwealth","Cayey Municipio",2,50,577,282,295
050,72,035,"Puerto Rico Commonwealth","Cayey Municipio",2,51,565,270,295
050,72,035,"Puerto Rico Commonwealth","Cayey Municipio",2,52,560,256,304
050,72,035,"Puerto Rico Commonwealth","Cayey Municipio",2,53,587,269,318
050,72,035,"Puerto Rico Commonwealth","Cayey Municipio",2,54,596,280,316
050,72,035,"Puerto Rico Commonwealth","Cayey Municipio",2,55,594,280,314
050,72,035,"Puerto Rico Commonwealth","Cayey Municipio",2,56,596,291,305
050,72,035,"Puerto Rico Commonwealth","Cayey Municipio",2,57,610,301,309
050,72,035,"Puerto Rico Commonwealth","Cayey Municipio",2,58,612,298,314
050,72,035,"Puerto Rico Commonwealth","Cayey Municipio",2,59,605,294,311
050,72,035,"Puerto Rico Commonwealth","Cayey Municipio",2,60,617,292,325
050,72,035,"Puerto Rico Commonwealth","Cayey Municipio",2,61,589,271,318
050,72,035,"Puerto Rico Commonwealth","Cayey Municipio",2,62,566,271,295
050,72,035,"Puerto Rico Commonwealth","Cayey Municipio",2,63,546,265,281
050,72,035,"Puerto Rico Commonwealth","Cayey Municipio",2,64,536,252,284
050,72,035,"Puerto Rico Commonwealth","Cayey Municipio",2,65,532,237,295
050,72,035,"Puerto Rico Commonwealth","Cayey Municipio",2,66,524,237,287
050,72,035,"Puerto Rico Commonwealth","Cayey Municipio",2,67,513,236,277
050,72,035,"Puerto Rico Commonwealth","Cayey Municipio",2,68,516,246,270
050,72,035,"Puerto Rico Commonwealth","Cayey Municipio",2,69,520,256,264
050,72,035,"Puerto Rico Commonwealth","Cayey Municipio",2,70,540,264,276
050,72,035,"Puerto Rico Commonwealth","Cayey Municipio",2,71,511,248,263
050,72,035,"Puerto Rico Commonwealth","Cayey Municipio",2,72,503,244,259
050,72,035,"Puerto Rico Commonwealth","Cayey Municipio",2,73,495,231,264
050,72,035,"Puerto Rico Commonwealth","Cayey Municipio",2,74,469,215,254
050,72,035,"Puerto Rico Commonwealth","Cayey Municipio",2,75,413,187,226
050,72,035,"Puerto Rico Commonwealth","Cayey Municipio",2,76,369,176,193
050,72,035,"Puerto Rico Commonwealth","Cayey Municipio",2,77,372,172,200
050,72,035,"Puerto Rico Commonwealth","Cayey Municipio",2,78,365,164,201
050,72,035,"Puerto Rico Commonwealth","Cayey Municipio",2,79,314,145,169
050,72,035,"Puerto Rico Commonwealth","Cayey Municipio",2,80,296,143,153
050,72,035,"Puerto Rico Commonwealth","Cayey Municipio",2,81,260,130,130
050,72,035,"Puerto Rico Commonwealth","Cayey Municipio",2,82,224,114,110
050,72,035,"Puerto Rico Commonwealth","Cayey Municipio",2,83,210,99,111
050,72,035,"Puerto Rico Commonwealth","Cayey Municipio",2,84,198,91,107
050,72,035,"Puerto Rico Commonwealth","Cayey Municipio",2,85,1185,458,727
050,72,035,"Puerto Rico Commonwealth","Cayey Municipio",3,0,223,106,117
050,72,035,"Puerto Rico Commonwealth","Cayey Municipio",3,1,256,134,122
050,72,035,"Puerto Rico Commonwealth","Cayey Municipio",3,2,265,127,138
050,72,035,"Puerto Rico Commonwealth","Cayey Municipio",3,3,262,127,135
050,72,035,"Puerto Rico Commonwealth","Cayey Municipio",3,4,284,136,148
050,72,035,"Puerto Rico Commonwealth","Cayey Municipio",3,5,317,155,162
050,72,035,"Puerto Rico Commonwealth","Cayey Municipio",3,6,333,167,166
050,72,035,"Puerto Rico Commonwealth","Cayey Municipio",3,7,333,172,161
050,72,035,"Puerto Rico Commonwealth","Cayey Municipio",3,8,361,185,176
050,72,035,"Puerto Rico Commonwealth","Cayey Municipio",3,9,387,187,200
050,72,035,"Puerto Rico Commonwealth","Cayey Municipio",3,10,399,186,213
050,72,035,"Puerto Rico Commonwealth","Cayey Municipio",3,11,428,200,228
050,72,035,"Puerto Rico Commonwealth","Cayey Municipio",3,12,417,192,225
050,72,035,"Puerto Rico Commonwealth","Cayey Municipio",3,13,425,199,226
050,72,035,"Puerto Rico Commonwealth","Cayey Municipio",3,14,443,213,230
050,72,035,"Puerto Rico Commonwealth","Cayey Municipio",3,15,489,241,248
050,72,035,"Puerto Rico Commonwealth","Cayey Municipio",3,16,492,255,237
050,72,035,"Puerto Rico Commonwealth","Cayey Municipio",3,17,476,244,232
050,72,035,"Puerto Rico Commonwealth","Cayey Municipio",3,18,499,254,245
050,72,035,"Puerto Rico Commonwealth","Cayey Municipio",3,19,515,260,255
050,72,035,"Puerto Rico Commonwealth","Cayey Municipio",3,20,539,269,270
050,72,035,"Puerto Rico Commonwealth","Cayey Municipio",3,21,565,278,287
050,72,035,"Puerto Rico Commonwealth","Cayey Municipio",3,22,540,271,269
050,72,035,"Puerto Rico Commonwealth","Cayey Municipio",3,23,544,281,263
050,72,035,"Puerto Rico Commonwealth","Cayey Municipio",3,24,533,272,261
050,72,035,"Puerto Rico Commonwealth","Cayey Municipio",3,25,534,263,271
050,72,035,"Puerto Rico Commonwealth","Cayey Municipio",3,26,543,268,275
050,72,035,"Puerto Rico Commonwealth","Cayey Municipio",3,27,531,265,266
050,72,035,"Puerto Rico Commonwealth","Cayey Municipio",3,28,539,278,261
050,72,035,"Puerto Rico Commonwealth","Cayey Municipio",3,29,553,283,270
050,72,035,"Puerto Rico Commonwealth","Cayey Municipio",3,30,568,272,296
050,72,035,"Puerto Rico Commonwealth","Cayey Municipio",3,31,567,267,300
050,72,035,"Puerto Rico Commonwealth","Cayey Municipio",3,32,530,245,285
050,72,035,"Puerto Rico Commonwealth","Cayey Municipio",3,33,512,229,283
050,72,035,"Puerto Rico Commonwealth","Cayey Municipio",3,34,486,217,269
050,72,035,"Puerto Rico Commonwealth","Cayey Municipio",3,35,445,211,234
050,72,035,"Puerto Rico Commonwealth","Cayey Municipio",3,36,432,208,224
050,72,035,"Puerto Rico Commonwealth","Cayey Municipio",3,37,429,206,223
050,72,035,"Puerto Rico Commonwealth","Cayey Municipio",3,38,451,220,231
050,72,035,"Puerto Rico Commonwealth","Cayey Municipio",3,39,497,238,259
050,72,035,"Puerto Rico Commonwealth","Cayey Municipio",3,40,526,243,283
050,72,035,"Puerto Rico Commonwealth","Cayey Municipio",3,41,533,233,300
050,72,035,"Puerto Rico Commonwealth","Cayey Municipio",3,42,509,226,283
050,72,035,"Puerto Rico Commonwealth","Cayey Municipio",3,43,502,224,278
050,72,035,"Puerto Rico Commonwealth","Cayey Municipio",3,44,517,240,277
050,72,035,"Puerto Rico Commonwealth","Cayey Municipio",3,45,508,242,266
050,72,035,"Puerto Rico Commonwealth","Cayey Municipio",3,46,485,234,251
050,72,035,"Puerto Rico Commonwealth","Cayey Municipio",3,47,495,240,255
050,72,035,"Puerto Rico Commonwealth","Cayey Municipio",3,48,504,247,257
050,72,035,"Puerto Rico Commonwealth","Cayey Municipio",3,49,535,261,274
050,72,035,"Puerto Rico Commonwealth","Cayey Municipio",3,50,551,271,280
050,72,035,"Puerto Rico Commonwealth","Cayey Municipio",3,51,577,283,294
050,72,035,"Puerto Rico Commonwealth","Cayey Municipio",3,52,562,268,294
050,72,035,"Puerto Rico Commonwealth","Cayey Municipio",3,53,560,257,303
050,72,035,"Puerto Rico Commonwealth","Cayey Municipio",3,54,584,267,317
050,72,035,"Puerto Rico Commonwealth","Cayey Municipio",3,55,589,274,315
050,72,035,"Puerto Rico Commonwealth","Cayey Municipio",3,56,588,278,310
050,72,035,"Puerto Rico Commonwealth","Cayey Municipio",3,57,590,287,303
050,72,035,"Puerto Rico Commonwealth","Cayey Municipio",3,58,606,301,305
050,72,035,"Puerto Rico Commonwealth","Cayey Municipio",3,59,607,298,309
050,72,035,"Puerto Rico Commonwealth","Cayey Municipio",3,60,598,290,308
050,72,035,"Puerto Rico Commonwealth","Cayey Municipio",3,61,609,288,321
050,72,035,"Puerto Rico Commonwealth","Cayey Municipio",3,62,584,270,314
050,72,035,"Puerto Rico Commonwealth","Cayey Municipio",3,63,558,265,293
050,72,035,"Puerto Rico Commonwealth","Cayey Municipio",3,64,545,265,280
050,72,035,"Puerto Rico Commonwealth","Cayey Municipio",3,65,529,251,278
050,72,035,"Puerto Rico Commonwealth","Cayey Municipio",3,66,531,236,295
050,72,035,"Puerto Rico Commonwealth","Cayey Municipio",3,67,519,236,283
050,72,035,"Puerto Rico Commonwealth","Cayey Municipio",3,68,507,232,275
050,72,035,"Puerto Rico Commonwealth","Cayey Municipio",3,69,511,244,267
050,72,035,"Puerto Rico Commonwealth","Cayey Municipio",3,70,508,250,258
050,72,035,"Puerto Rico Commonwealth","Cayey Municipio",3,71,530,256,274
050,72,035,"Puerto Rico Commonwealth","Cayey Municipio",3,72,507,247,260
050,72,035,"Puerto Rico Commonwealth","Cayey Municipio",3,73,491,238,253
050,72,035,"Puerto Rico Commonwealth","Cayey Municipio",3,74,486,226,260
050,72,035,"Puerto Rico Commonwealth","Cayey Municipio",3,75,461,212,249
050,72,035,"Puerto Rico Commonwealth","Cayey Municipio",3,76,399,180,219
050,72,035,"Puerto Rico Commonwealth","Cayey Municipio",3,77,363,174,189
050,72,035,"Puerto Rico Commonwealth","Cayey Municipio",3,78,354,162,192
050,72,035,"Puerto Rico Commonwealth","Cayey Municipio",3,79,353,156,197
050,72,035,"Puerto Rico Commonwealth","Cayey Municipio",3,80,306,143,163
050,72,035,"Puerto Rico Commonwealth","Cayey Municipio",3,81,281,137,144
050,72,035,"Puerto Rico Commonwealth","Cayey Municipio",3,82,247,124,123
050,72,035,"Puerto Rico Commonwealth","Cayey Municipio",3,83,210,105,105
050,72,035,"Puerto Rico Commonwealth","Cayey Municipio",3,84,197,90,107
050,72,035,"Puerto Rico Commonwealth","Cayey Municipio",3,85,1253,491,762
050,72,035,"Puerto Rico Commonwealth","Cayey Municipio",4,0,272,139,133
050,72,035,"Puerto Rico Commonwealth","Cayey Municipio",4,1,214,101,113
050,72,035,"Puerto Rico Commonwealth","Cayey Municipio",4,2,250,132,118
050,72,035,"Puerto Rico Commonwealth","Cayey Municipio",4,3,259,124,135
050,72,035,"Puerto Rico Commonwealth","Cayey Municipio",4,4,256,124,132
050,72,035,"Puerto Rico Commonwealth","Cayey Municipio",4,5,278,133,145
050,72,035,"Puerto Rico Commonwealth","Cayey Municipio",4,6,311,152,159
050,72,035,"Puerto Rico Commonwealth","Cayey Municipio",4,7,328,164,164
050,72,035,"Puerto Rico Commonwealth","Cayey Municipio",4,8,328,169,159
050,72,035,"Puerto Rico Commonwealth","Cayey Municipio",4,9,356,182,174
050,72,035,"Puerto Rico Commonwealth","Cayey Municipio",4,10,382,184,198
050,72,035,"Puerto Rico Commonwealth","Cayey Municipio",4,11,392,182,210
050,72,035,"Puerto Rico Commonwealth","Cayey Municipio",4,12,423,197,226
050,72,035,"Puerto Rico Commonwealth","Cayey Municipio",4,13,411,188,223
050,72,035,"Puerto Rico Commonwealth","Cayey Municipio",4,14,419,195,224
050,72,035,"Puerto Rico Commonwealth","Cayey Municipio",4,15,436,208,228
050,72,035,"Puerto Rico Commonwealth","Cayey Municipio",4,16,480,235,245
050,72,035,"Puerto Rico Commonwealth","Cayey Municipio",4,17,481,249,232
050,72,035,"Puerto Rico Commonwealth","Cayey Municipio",4,18,460,234,226
050,72,035,"Puerto Rico Commonwealth","Cayey Municipio",4,19,483,246,237
050,72,035,"Puerto Rico Commonwealth","Cayey Municipio",4,20,507,257,250
050,72,035,"Puerto Rico Commonwealth","Cayey Municipio",4,21,528,262,266
050,72,035,"Puerto Rico Commonwealth","Cayey Municipio",4,22,554,272,282
050,72,035,"Puerto Rico Commonwealth","Cayey Municipio",4,23,529,263,266
050,72,035,"Puerto Rico Commonwealth","Cayey Municipio",4,24,536,276,260
050,72,035,"Puerto Rico Commonwealth","Cayey Municipio",4,25,522,266,256
050,72,035,"Puerto Rico Commonwealth","Cayey Municipio",4,26,524,257,267
050,72,035,"Puerto Rico Commonwealth","Cayey Municipio",4,27,534,263,271
050,72,035,"Puerto Rico Commonwealth","Cayey Municipio",4,28,521,258,263
050,72,035,"Puerto Rico Commonwealth","Cayey Municipio",4,29,519,265,254
050,72,035,"Puerto Rico Commonwealth","Cayey Municipio",4,30,543,278,265
050,72,035,"Puerto Rico Commonwealth","Cayey Municipio",4,31,561,270,291
050,72,035,"Puerto Rico Commonwealth","Cayey Municipio",4,32,557,261,296
050,72,035,"Puerto Rico Commonwealth","Cayey Municipio",4,33,522,241,281
050,72,035,"Puerto Rico Commonwealth","Cayey Municipio",4,34,504,224,280
050,72,035,"Puerto Rico Commonwealth","Cayey Municipio",4,35,480,214,266
050,72,035,"Puerto Rico Commonwealth","Cayey Municipio",4,36,437,206,231
050,72,035,"Puerto Rico Commonwealth","Cayey Municipio",4,37,425,205,220
050,72,035,"Puerto Rico Commonwealth","Cayey Municipio",4,38,422,202,220
050,72,035,"Puerto Rico Commonwealth","Cayey Municipio",4,39,445,217,228
050,72,035,"Puerto Rico Commonwealth","Cayey Municipio",4,40,490,234,256
050,72,035,"Puerto Rico Commonwealth","Cayey Municipio",4,41,519,239,280
050,72,035,"Puerto Rico Commonwealth","Cayey Municipio",4,42,528,232,296
050,72,035,"Puerto Rico Commonwealth","Cayey Municipio",4,43,504,224,280
050,72,035,"Puerto Rico Commonwealth","Cayey Municipio",4,44,494,220,274
050,72,035,"Puerto Rico Commonwealth","Cayey Municipio",4,45,511,237,274
050,72,035,"Puerto Rico Commonwealth","Cayey Municipio",4,46,504,240,264
050,72,035,"Puerto Rico Commonwealth","Cayey Municipio",4,47,481,232,249
050,72,035,"Puerto Rico Commonwealth","Cayey Municipio",4,48,490,237,253
050,72,035,"Puerto Rico Commonwealth","Cayey Municipio",4,49,498,243,255
050,72,035,"Puerto Rico Commonwealth","Cayey Municipio",4,50,532,261,271
050,72,035,"Puerto Rico Commonwealth","Cayey Municipio",4,51,545,267,278
050,72,035,"Puerto Rico Commonwealth","Cayey Municipio",4,52,572,280,292
050,72,035,"Puerto Rico Commonwealth","Cayey Municipio",4,53,556,266,290
050,72,035,"Puerto Rico Commonwealth","Cayey Municipio",4,54,555,256,299
050,72,035,"Puerto Rico Commonwealth","Cayey Municipio",4,55,577,264,313
050,72,035,"Puerto Rico Commonwealth","Cayey Municipio",4,56,586,273,313
050,72,035,"Puerto Rico Commonwealth","Cayey Municipio",4,57,583,277,306
050,72,035,"Puerto Rico Commonwealth","Cayey Municipio",4,58,583,282,301
050,72,035,"Puerto Rico Commonwealth","Cayey Municipio",4,59,602,300,302
050,72,035,"Puerto Rico Commonwealth","Cayey Municipio",4,60,602,295,307
050,72,035,"Puerto Rico Commonwealth","Cayey Municipio",4,61,595,289,306
050,72,035,"Puerto Rico Commonwealth","Cayey Municipio",4,62,604,286,318
050,72,035,"Puerto Rico Commonwealth","Cayey Municipio",4,63,577,267,310
050,72,035,"Puerto Rico Commonwealth","Cayey Municipio",4,64,551,260,291
050,72,035,"Puerto Rico Commonwealth","Cayey Municipio",4,65,538,263,275
050,72,035,"Puerto Rico Commonwealth","Cayey Municipio",4,66,525,250,275
050,72,035,"Puerto Rico Commonwealth","Cayey Municipio",4,67,519,230,289
050,72,035,"Puerto Rico Commonwealth","Cayey Municipio",4,68,512,234,278
050,72,035,"Puerto Rico Commonwealth","Cayey Municipio",4,69,505,232,273
050,72,035,"Puerto Rico Commonwealth","Cayey Municipio",4,70,494,235,259
050,72,035,"Puerto Rico Commonwealth","Cayey Municipio",4,71,497,245,252
050,72,035,"Puerto Rico Commonwealth","Cayey Municipio",4,72,517,247,270
050,72,035,"Puerto Rico Commonwealth","Cayey Municipio",4,73,497,245,252
050,72,035,"Puerto Rico Commonwealth","Cayey Municipio",4,74,479,232,247
050,72,035,"Puerto Rico Commonwealth","Cayey Municipio",4,75,478,222,256
050,72,035,"Puerto Rico Commonwealth","Cayey Municipio",4,76,454,210,244
050,72,035,"Puerto Rico Commonwealth","Cayey Municipio",4,77,388,174,214
050,72,035,"Puerto Rico Commonwealth","Cayey Municipio",4,78,353,166,187
050,72,035,"Puerto Rico Commonwealth","Cayey Municipio",4,79,343,158,185
050,72,035,"Puerto Rico Commonwealth","Cayey Municipio",4,80,341,153,188
050,72,035,"Puerto Rico Commonwealth","Cayey Municipio",4,81,293,139,154
050,72,035,"Puerto Rico Commonwealth","Cayey Municipio",4,82,267,130,137
050,72,035,"Puerto Rico Commonwealth","Cayey Municipio",4,83,236,115,121
050,72,035,"Puerto Rico Commonwealth","Cayey Municipio",4,84,197,102,95
050,72,035,"Puerto Rico Commonwealth","Cayey Municipio",4,85,1306,523,783
050,72,035,"Puerto Rico Commonwealth","Cayey Municipio",5,0,201,92,109
050,72,035,"Puerto Rico Commonwealth","Cayey Municipio",5,1,270,138,132
050,72,035,"Puerto Rico Commonwealth","Cayey Municipio",5,2,212,100,112
050,72,035,"Puerto Rico Commonwealth","Cayey Municipio",5,3,249,132,117
050,72,035,"Puerto Rico Commonwealth","Cayey Municipio",5,4,259,124,135
050,72,035,"Puerto Rico Commonwealth","Cayey Municipio",5,5,255,124,131
050,72,035,"Puerto Rico Commonwealth","Cayey Municipio",5,6,277,132,145
050,72,035,"Puerto Rico Commonwealth","Cayey Municipio",5,7,311,152,159
050,72,035,"Puerto Rico Commonwealth","Cayey Municipio",5,8,328,164,164
050,72,035,"Puerto Rico Commonwealth","Cayey Municipio",5,9,328,169,159
050,72,035,"Puerto Rico Commonwealth","Cayey Municipio",5,10,356,182,174
050,72,035,"Puerto Rico Commonwealth","Cayey Municipio",5,11,381,183,198
050,72,035,"Puerto Rico Commonwealth","Cayey Municipio",5,12,391,181,210
050,72,035,"Puerto Rico Commonwealth","Cayey Municipio",5,13,424,197,227
050,72,035,"Puerto Rico Commonwealth","Cayey Municipio",5,14,411,187,224
050,72,035,"Puerto Rico Commonwealth","Cayey Municipio",5,15,419,194,225
050,72,035,"Puerto Rico Commonwealth","Cayey Municipio",5,16,434,206,228
050,72,035,"Puerto Rico Commonwealth","Cayey Municipio",5,17,478,234,244
050,72,035,"Puerto Rico Commonwealth","Cayey Municipio",5,18,475,245,230
050,72,035,"Puerto Rico Commonwealth","Cayey Municipio",5,19,451,229,222
050,72,035,"Puerto Rico Commonwealth","Cayey Municipio",5,20,481,245,236
050,72,035,"Puerto Rico Commonwealth","Cayey Municipio",5,21,502,253,249
050,72,035,"Puerto Rico Commonwealth","Cayey Municipio",5,22,526,261,265
050,72,035,"Puerto Rico Commonwealth","Cayey Municipio",5,23,554,271,283
050,72,035,"Puerto Rico Commonwealth","Cayey Municipio",5,24,529,262,267
050,72,035,"Puerto Rico Commonwealth","Cayey Municipio",5,25,532,272,260
050,72,035,"Puerto Rico Commonwealth","Cayey Municipio",5,26,520,265,255
050,72,035,"Puerto Rico Commonwealth","Cayey Municipio",5,27,523,257,266
050,72,035,"Puerto Rico Commonwealth","Cayey Municipio",5,28,533,262,271
050,72,035,"Puerto Rico Commonwealth","Cayey Municipio",5,29,512,251,261
050,72,035,"Puerto Rico Commonwealth","Cayey Municipio",5,30,518,264,254
050,72,035,"Puerto Rico Commonwealth","Cayey Municipio",5,31,542,279,263
050,72,035,"Puerto Rico Commonwealth","Cayey Municipio",5,32,558,268,290
050,72,035,"Puerto Rico Commonwealth","Cayey Municipio",5,33,554,259,295
050,72,035,"Puerto Rico Commonwealth","Cayey Municipio",5,34,521,240,281
050,72,035,"Puerto Rico Commonwealth","Cayey Municipio",5,35,504,224,280
050,72,035,"Puerto Rico Commonwealth","Cayey Municipio",5,36,479,213,266
050,72,035,"Puerto Rico Commonwealth","Cayey Municipio",5,37,437,206,231
050,72,035,"Puerto Rico Commonwealth","Cayey Municipio",5,38,423,203,220
050,72,035,"Puerto Rico Commonwealth","Cayey Municipio",5,39,422,202,220
050,72,035,"Puerto Rico Commonwealth","Cayey Municipio",5,40,444,216,228
050,72,035,"Puerto Rico Commonwealth","Cayey Municipio",5,41,489,234,255
050,72,035,"Puerto Rico Commonwealth","Cayey Municipio",5,42,522,242,280
050,72,035,"Puerto Rico Commonwealth","Cayey Municipio",5,43,526,230,296
050,72,035,"Puerto Rico Commonwealth","Cayey Municipio",5,44,505,225,280
050,72,035,"Puerto Rico Commonwealth","Cayey Municipio",5,45,493,220,273
050,72,035,"Puerto Rico Commonwealth","Cayey Municipio",5,46,511,237,274
050,72,035,"Puerto Rico Commonwealth","Cayey Municipio",5,47,506,242,264
050,72,035,"Puerto Rico Commonwealth","Cayey Municipio",5,48,478,230,248
050,72,035,"Puerto Rico Commonwealth","Cayey Municipio",5,49,490,237,253
050,72,035,"Puerto Rico Commonwealth","Cayey Municipio",5,50,498,244,254
050,72,035,"Puerto Rico Commonwealth","Cayey Municipio",5,51,531,261,270
050,72,035,"Puerto Rico Commonwealth","Cayey Municipio",5,52,542,264,278
050,72,035,"Puerto Rico Commonwealth","Cayey Municipio",5,53,571,280,291
050,72,035,"Puerto Rico Commonwealth","Cayey Municipio",5,54,554,265,289
050,72,035,"Puerto Rico Commonwealth","Cayey Municipio",5,55,551,253,298
050,72,035,"Puerto Rico Commonwealth","Cayey Municipio",5,56,572,260,312
050,72,035,"Puerto Rico Commonwealth","Cayey Municipio",5,57,584,272,312
050,72,035,"Puerto Rico Commonwealth","Cayey Municipio",5,58,580,276,304
050,72,035,"Puerto Rico Commonwealth","Cayey Municipio",5,59,581,281,300
050,72,035,"Puerto Rico Commonwealth","Cayey Municipio",5,60,596,298,298
050,72,035,"Puerto Rico Commonwealth","Cayey Municipio",5,61,596,293,303
050,72,035,"Puerto Rico Commonwealth","Cayey Municipio",5,62,591,287,304
050,72,035,"Puerto Rico Commonwealth","Cayey Municipio",5,63,597,283,314
050,72,035,"Puerto Rico Commonwealth","Cayey Municipio",5,64,569,262,307
050,72,035,"Puerto Rico Commonwealth","Cayey Municipio",5,65,547,261,286
050,72,035,"Puerto Rico Commonwealth","Cayey Municipio",5,66,535,261,274
050,72,035,"Puerto Rico Commonwealth","Cayey Municipio",5,67,518,248,270
050,72,035,"Puerto Rico Commonwealth","Cayey Municipio",5,68,512,225,287
050,72,035,"Puerto Rico Commonwealth","Cayey Municipio",5,69,511,234,277
050,72,035,"Puerto Rico Commonwealth","Cayey Municipio",5,70,494,226,268
050,72,035,"Puerto Rico Commonwealth","Cayey Municipio",5,71,491,234,257
050,72,035,"Puerto Rico Commonwealth","Cayey Municipio",5,72,489,239,250
050,72,035,"Puerto Rico Commonwealth","Cayey Municipio",5,73,508,243,265
050,72,035,"Puerto Rico Commonwealth","Cayey Municipio",5,74,490,242,248
050,72,035,"Puerto Rico Commonwealth","Cayey Municipio",5,75,473,231,242
050,72,035,"Puerto Rico Commonwealth","Cayey Municipio",5,76,469,218,251
050,72,035,"Puerto Rico Commonwealth","Cayey Municipio",5,77,438,203,235
050,72,035,"Puerto Rico Commonwealth","Cayey Municipio",5,78,374,168,206
050,72,035,"Puerto Rico Commonwealth","Cayey Municipio",5,79,334,157,177
050,72,035,"Puerto Rico Commonwealth","Cayey Municipio",5,80,335,156,179
050,72,035,"Puerto Rico Commonwealth","Cayey Municipio",5,81,323,144,179
050,72,035,"Puerto Rico Commonwealth","Cayey Municipio",5,82,282,134,148
050,72,035,"Puerto Rico Commonwealth","Cayey Municipio",5,83,261,126,135
050,72,035,"Puerto Rico Commonwealth","Cayey Municipio",5,84,225,112,113
050,72,035,"Puerto Rico Commonwealth","Cayey Municipio",5,85,1359,564,795
050,72,037,"Puerto Rico Commonwealth","Ceiba Municipio",1,0,58,28,30
050,72,037,"Puerto Rico Commonwealth","Ceiba Municipio",1,1,52,28,24
050,72,037,"Puerto Rico Commonwealth","Ceiba Municipio",1,2,57,28,29
050,72,037,"Puerto Rico Commonwealth","Ceiba Municipio",1,3,72,36,36
050,72,037,"Puerto Rico Commonwealth","Ceiba Municipio",1,4,84,42,42
050,72,037,"Puerto Rico Commonwealth","Ceiba Municipio",1,5,92,48,44
050,72,037,"Puerto Rico Commonwealth","Ceiba Municipio",1,6,95,48,47
050,72,037,"Puerto Rico Commonwealth","Ceiba Municipio",1,7,114,58,56
050,72,037,"Puerto Rico Commonwealth","Ceiba Municipio",1,8,113,57,56
050,72,037,"Puerto Rico Commonwealth","Ceiba Municipio",1,9,111,46,65
050,72,037,"Puerto Rico Commonwealth","Ceiba Municipio",1,10,129,69,60
050,72,037,"Puerto Rico Commonwealth","Ceiba Municipio",1,11,114,59,55
050,72,037,"Puerto Rico Commonwealth","Ceiba Municipio",1,12,117,53,64
050,72,037,"Puerto Rico Commonwealth","Ceiba Municipio",1,13,111,52,59
050,72,037,"Puerto Rico Commonwealth","Ceiba Municipio",1,14,122,63,59
050,72,037,"Puerto Rico Commonwealth","Ceiba Municipio",1,15,135,72,63
050,72,037,"Puerto Rico Commonwealth","Ceiba Municipio",1,16,124,66,58
050,72,037,"Puerto Rico Commonwealth","Ceiba Municipio",1,17,123,64,59
050,72,037,"Puerto Rico Commonwealth","Ceiba Municipio",1,18,135,70,65
050,72,037,"Puerto Rico Commonwealth","Ceiba Municipio",1,19,150,75,75
050,72,037,"Puerto Rico Commonwealth","Ceiba Municipio",1,20,162,86,76
050,72,037,"Puerto Rico Commonwealth","Ceiba Municipio",1,21,154,87,67
050,72,037,"Puerto Rico Commonwealth","Ceiba Municipio",1,22,150,73,77
050,72,037,"Puerto Rico Commonwealth","Ceiba Municipio",1,23,150,79,71
050,72,037,"Puerto Rico Commonwealth","Ceiba Municipio",1,24,158,82,76
050,72,037,"Puerto Rico Commonwealth","Ceiba Municipio",1,25,177,96,81
050,72,037,"Puerto Rico Commonwealth","Ceiba Municipio",1,26,155,74,81
050,72,037,"Puerto Rico Commonwealth","Ceiba Municipio",1,27,166,80,86
050,72,037,"Puerto Rico Commonwealth","Ceiba Municipio",1,28,161,83,78
050,72,037,"Puerto Rico Commonwealth","Ceiba Municipio",1,29,165,78,87
050,72,037,"Puerto Rico Commonwealth","Ceiba Municipio",1,30,152,69,83
050,72,037,"Puerto Rico Commonwealth","Ceiba Municipio",1,31,140,71,69
050,72,037,"Puerto Rico Commonwealth","Ceiba Municipio",1,32,121,53,68
050,72,037,"Puerto Rico Commonwealth","Ceiba Municipio",1,33,131,58,73
050,72,037,"Puerto Rico Commonwealth","Ceiba Municipio",1,34,118,50,68
050,72,037,"Puerto Rico Commonwealth","Ceiba Municipio",1,35,114,52,62
050,72,037,"Puerto Rico Commonwealth","Ceiba Municipio",1,36,111,49,62
050,72,037,"Puerto Rico Commonwealth","Ceiba Municipio",1,37,111,50,61
050,72,037,"Puerto Rico Commonwealth","Ceiba Municipio",1,38,111,54,57
050,72,037,"Puerto Rico Commonwealth","Ceiba Municipio",1,39,116,58,58
050,72,037,"Puerto Rico Commonwealth","Ceiba Municipio",1,40,141,71,70
050,72,037,"Puerto Rico Commonwealth","Ceiba Municipio",1,41,130,62,68
050,72,037,"Puerto Rico Commonwealth","Ceiba Municipio",1,42,120,54,66
050,72,037,"Puerto Rico Commonwealth","Ceiba Municipio",1,43,121,53,68
050,72,037,"Puerto Rico Commonwealth","Ceiba Municipio",1,44,136,61,75
050,72,037,"Puerto Rico Commonwealth","Ceiba Municipio",1,45,154,71,83
050,72,037,"Puerto Rico Commonwealth","Ceiba Municipio",1,46,146,66,80
050,72,037,"Puerto Rico Commonwealth","Ceiba Municipio",1,47,155,72,83
050,72,037,"Puerto Rico Commonwealth","Ceiba Municipio",1,48,153,72,81
050,72,037,"Puerto Rico Commonwealth","Ceiba Municipio",1,49,163,72,91
050,72,037,"Puerto Rico Commonwealth","Ceiba Municipio",1,50,158,71,87
050,72,037,"Puerto Rico Commonwealth","Ceiba Municipio",1,51,147,69,78
050,72,037,"Puerto Rico Commonwealth","Ceiba Municipio",1,52,143,63,80
050,72,037,"Puerto Rico Commonwealth","Ceiba Municipio",1,53,143,59,84
050,72,037,"Puerto Rico Commonwealth","Ceiba Municipio",1,54,172,77,95
050,72,037,"Puerto Rico Commonwealth","Ceiba Municipio",1,55,184,90,94
050,72,037,"Puerto Rico Commonwealth","Ceiba Municipio",1,56,156,71,85
050,72,037,"Puerto Rico Commonwealth","Ceiba Municipio",1,57,134,63,71
050,72,037,"Puerto Rico Commonwealth","Ceiba Municipio",1,58,131,56,75
050,72,037,"Puerto Rico Commonwealth","Ceiba Municipio",1,59,129,58,71
050,72,037,"Puerto Rico Commonwealth","Ceiba Municipio",1,60,136,63,73
050,72,037,"Puerto Rico Commonwealth","Ceiba Municipio",1,61,123,56,67
050,72,037,"Puerto Rico Commonwealth","Ceiba Municipio",1,62,128,59,69
050,72,037,"Puerto Rico Commonwealth","Ceiba Municipio",1,63,128,55,73
050,72,037,"Puerto Rico Commonwealth","Ceiba Municipio",1,64,130,51,79
050,72,037,"Puerto Rico Commonwealth","Ceiba Municipio",1,65,119,48,71
050,72,037,"Puerto Rico Commonwealth","Ceiba Municipio",1,66,126,53,73
050,72,037,"Puerto Rico Commonwealth","Ceiba Municipio",1,67,128,56,72
050,72,037,"Puerto Rico Commonwealth","Ceiba Municipio",1,68,118,46,72
050,72,037,"Puerto Rico Commonwealth","Ceiba Municipio",1,69,125,50,75
050,72,037,"Puerto Rico Commonwealth","Ceiba Municipio",1,70,146,59,87
050,72,037,"Puerto Rico Commonwealth","Ceiba Municipio",1,71,146,62,84
050,72,037,"Puerto Rico Commonwealth","Ceiba Municipio",1,72,159,68,91
050,72,037,"Puerto Rico Commonwealth","Ceiba Municipio",1,73,165,78,87
050,72,037,"Puerto Rico Commonwealth","Ceiba Municipio",1,74,156,71,85
050,72,037,"Puerto Rico Commonwealth","Ceiba Municipio",1,75,144,62,82
050,72,037,"Puerto Rico Commonwealth","Ceiba Municipio",1,76,130,59,71
050,72,037,"Puerto Rico Commonwealth","Ceiba Municipio",1,77,119,53,66
050,72,037,"Puerto Rico Commonwealth","Ceiba Municipio",1,78,99,41,58
050,72,037,"Puerto Rico Commonwealth","Ceiba Municipio",1,79,101,44,57
050,72,037,"Puerto Rico Commonwealth","Ceiba Municipio",1,80,92,39,53
050,72,037,"Puerto Rico Commonwealth","Ceiba Municipio",1,81,94,37,57
050,72,037,"Puerto Rico Commonwealth","Ceiba Municipio",1,82,79,35,44
050,72,037,"Puerto Rico Commonwealth","Ceiba Municipio",1,83,69,35,34
050,72,037,"Puerto Rico Commonwealth","Ceiba Municipio",1,84,70,31,39
050,72,037,"Puerto Rico Commonwealth","Ceiba Municipio",1,85,430,191,239
050,72,037,"Puerto Rico Commonwealth","Ceiba Municipio",2,0,52,27,25
050,72,037,"Puerto Rico Commonwealth","Ceiba Municipio",2,1,53,28,25
050,72,037,"Puerto Rico Commonwealth","Ceiba Municipio",2,2,56,28,28
050,72,037,"Puerto Rico Commonwealth","Ceiba Municipio",2,3,68,34,34
050,72,037,"Puerto Rico Commonwealth","Ceiba Municipio",2,4,80,40,40
050,72,037,"Puerto Rico Commonwealth","Ceiba Municipio",2,5,91,47,44
050,72,037,"Puerto Rico Commonwealth","Ceiba Municipio",2,6,94,48,46
050,72,037,"Puerto Rico Commonwealth","Ceiba Municipio",2,7,109,55,54
050,72,037,"Puerto Rico Commonwealth","Ceiba Municipio",2,8,114,58,56
050,72,037,"Puerto Rico Commonwealth","Ceiba Municipio",2,9,111,48,63
050,72,037,"Puerto Rico Commonwealth","Ceiba Municipio",2,10,125,64,61
050,72,037,"Puerto Rico Commonwealth","Ceiba Municipio",2,11,117,61,56
050,72,037,"Puerto Rico Commonwealth","Ceiba Municipio",2,12,117,55,62
050,72,037,"Puerto Rico Commonwealth","Ceiba Municipio",2,13,112,52,60
050,72,037,"Puerto Rico Commonwealth","Ceiba Municipio",2,14,119,60,59
050,72,037,"Puerto Rico Commonwealth","Ceiba Municipio",2,15,132,70,62
050,72,037,"Puerto Rico Commonwealth","Ceiba Municipio",2,16,127,67,60
050,72,037,"Puerto Rico Commonwealth","Ceiba Municipio",2,17,121,63,58
050,72,037,"Puerto Rico Commonwealth","Ceiba Municipio",2,18,132,68,64
050,72,037,"Puerto Rico Commonwealth","Ceiba Municipio",2,19,144,72,72
050,72,037,"Puerto Rico Commonwealth","Ceiba Municipio",2,20,159,83,76
050,72,037,"Puerto Rico Commonwealth","Ceiba Municipio",2,21,154,85,69
050,72,037,"Puerto Rico Commonwealth","Ceiba Municipio",2,22,152,77,75
050,72,037,"Puerto Rico Commonwealth","Ceiba Municipio",2,23,148,76,72
050,72,037,"Puerto Rico Commonwealth","Ceiba Municipio",2,24,157,82,75
050,72,037,"Puerto Rico Commonwealth","Ceiba Municipio",2,25,172,92,80
050,72,037,"Puerto Rico Commonwealth","Ceiba Municipio",2,26,160,79,81
050,72,037,"Puerto Rico Commonwealth","Ceiba Municipio",2,27,163,79,84
050,72,037,"Puerto Rico Commonwealth","Ceiba Municipio",2,28,163,82,81
050,72,037,"Puerto Rico Commonwealth","Ceiba Municipio",2,29,163,79,84
050,72,037,"Puerto Rico Commonwealth","Ceiba Municipio",2,30,155,71,84
050,72,037,"Puerto Rico Commonwealth","Ceiba Municipio",2,31,143,70,73
050,72,037,"Puerto Rico Commonwealth","Ceiba Municipio",2,32,126,58,68
050,72,037,"Puerto Rico Commonwealth","Ceiba Municipio",2,33,128,56,72
050,72,037,"Puerto Rico Commonwealth","Ceiba Municipio",2,34,121,52,69
050,72,037,"Puerto Rico Commonwealth","Ceiba Municipio",2,35,116,52,64
050,72,037,"Puerto Rico Commonwealth","Ceiba Municipio",2,36,111,50,61
050,72,037,"Puerto Rico Commonwealth","Ceiba Municipio",2,37,111,49,62
050,72,037,"Puerto Rico Commonwealth","Ceiba Municipio",2,38,111,53,58
050,72,037,"Puerto Rico Commonwealth","Ceiba Municipio",2,39,116,58,58
050,72,037,"Puerto Rico Commonwealth","Ceiba Municipio",2,40,133,66,67
050,72,037,"Puerto Rico Commonwealth","Ceiba Municipio",2,41,133,65,68
050,72,037,"Puerto Rico Commonwealth","Ceiba Municipio",2,42,121,54,67
050,72,037,"Puerto Rico Commonwealth","Ceiba Municipio",2,43,120,53,67
050,72,037,"Puerto Rico Commonwealth","Ceiba Municipio",2,44,132,59,73
050,72,037,"Puerto Rico Commonwealth","Ceiba Municipio",2,45,148,67,81
050,72,037,"Puerto Rico Commonwealth","Ceiba Municipio",2,46,148,67,81
050,72,037,"Puerto Rico Commonwealth","Ceiba Municipio",2,47,152,70,82
050,72,037,"Puerto Rico Commonwealth","Ceiba Municipio",2,48,153,71,82
050,72,037,"Puerto Rico Commonwealth","Ceiba Municipio",2,49,159,71,88
050,72,037,"Puerto Rico Commonwealth","Ceiba Municipio",2,50,159,71,88
050,72,037,"Puerto Rico Commonwealth","Ceiba Municipio",2,51,150,69,81
050,72,037,"Puerto Rico Commonwealth","Ceiba Municipio",2,52,143,64,79
050,72,037,"Puerto Rico Commonwealth","Ceiba Municipio",2,53,143,60,83
050,72,037,"Puerto Rico Commonwealth","Ceiba Municipio",2,54,165,73,92
050,72,037,"Puerto Rico Commonwealth","Ceiba Municipio",2,55,182,87,95
050,72,037,"Puerto Rico Commonwealth","Ceiba Municipio",2,56,162,75,87
050,72,037,"Puerto Rico Commonwealth","Ceiba Municipio",2,57,139,65,74
050,72,037,"Puerto Rico Commonwealth","Ceiba Municipio",2,58,131,57,74
050,72,037,"Puerto Rico Commonwealth","Ceiba Municipio",2,59,129,58,71
050,72,037,"Puerto Rico Commonwealth","Ceiba Municipio",2,60,133,60,73
050,72,037,"Puerto Rico Commonwealth","Ceiba Municipio",2,61,126,58,68
050,72,037,"Puerto Rico Commonwealth","Ceiba Municipio",2,62,127,58,69
050,72,037,"Puerto Rico Commonwealth","Ceiba Municipio",2,63,128,56,72
050,72,037,"Puerto Rico Commonwealth","Ceiba Municipio",2,64,129,52,77
050,72,037,"Puerto Rico Commonwealth","Ceiba Municipio",2,65,122,49,73
050,72,037,"Puerto Rico Commonwealth","Ceiba Municipio",2,66,125,52,73
050,72,037,"Puerto Rico Commonwealth","Ceiba Municipio",2,67,127,55,72
050,72,037,"Puerto Rico Commonwealth","Ceiba Municipio",2,68,120,48,72
050,72,037,"Puerto Rico Commonwealth","Ceiba Municipio",2,69,122,49,73
050,72,037,"Puerto Rico Commonwealth","Ceiba Municipio",2,70,140,56,84
050,72,037,"Puerto Rico Commonwealth","Ceiba Municipio",2,71,144,60,84
050,72,037,"Puerto Rico Commonwealth","Ceiba Municipio",2,72,156,67,89
050,72,037,"Puerto Rico Commonwealth","Ceiba Municipio",2,73,164,76,88
050,72,037,"Puerto Rico Commonwealth","Ceiba Municipio",2,74,157,71,86
050,72,037,"Puerto Rico Commonwealth","Ceiba Municipio",2,75,145,63,82
050,72,037,"Puerto Rico Commonwealth","Ceiba Municipio",2,76,133,59,74
050,72,037,"Puerto Rico Commonwealth","Ceiba Municipio",2,77,122,54,68
050,72,037,"Puerto Rico Commonwealth","Ceiba Municipio",2,78,104,44,60
050,72,037,"Puerto Rico Commonwealth","Ceiba Municipio",2,79,98,43,55
050,72,037,"Puerto Rico Commonwealth","Ceiba Municipio",2,80,93,39,54
050,72,037,"Puerto Rico Commonwealth","Ceiba Municipio",2,81,95,38,57
050,72,037,"Puerto Rico Commonwealth","Ceiba Municipio",2,82,84,36,48
050,72,037,"Puerto Rico Commonwealth","Ceiba Municipio",2,83,71,34,37
050,72,037,"Puerto Rico Commonwealth","Ceiba Municipio",2,84,70,31,39
050,72,037,"Puerto Rico Commonwealth","Ceiba Municipio",2,85,444,201,243
050,72,037,"Puerto Rico Commonwealth","Ceiba Municipio",3,0,53,19,34
050,72,037,"Puerto Rico Commonwealth","Ceiba Municipio",3,1,52,27,25
050,72,037,"Puerto Rico Commonwealth","Ceiba Municipio",3,2,53,28,25
050,72,037,"Puerto Rico Commonwealth","Ceiba Municipio",3,3,55,28,27
050,72,037,"Puerto Rico Commonwealth","Ceiba Municipio",3,4,67,34,33
050,72,037,"Puerto Rico Commonwealth","Ceiba Municipio",3,5,78,40,38
050,72,037,"Puerto Rico Commonwealth","Ceiba Municipio",3,6,90,47,43
050,72,037,"Puerto Rico Commonwealth","Ceiba Municipio",3,7,92,47,45
050,72,037,"Puerto Rico Commonwealth","Ceiba Municipio",3,8,107,54,53
050,72,037,"Puerto Rico Commonwealth","Ceiba Municipio",3,9,113,58,55
050,72,037,"Puerto Rico Commonwealth","Ceiba Municipio",3,10,109,47,62
050,72,037,"Puerto Rico Commonwealth","Ceiba Municipio",3,11,123,63,60
050,72,037,"Puerto Rico Commonwealth","Ceiba Municipio",3,12,115,60,55
050,72,037,"Puerto Rico Commonwealth","Ceiba Municipio",3,13,115,54,61
050,72,037,"Puerto Rico Commonwealth","Ceiba Municipio",3,14,110,51,59
050,72,037,"Puerto Rico Commonwealth","Ceiba Municipio",3,15,117,59,58
050,72,037,"Puerto Rico Commonwealth","Ceiba Municipio",3,16,130,69,61
050,72,037,"Puerto Rico Commonwealth","Ceiba Municipio",3,17,125,66,59
050,72,037,"Puerto Rico Commonwealth","Ceiba Municipio",3,18,118,61,57
050,72,037,"Puerto Rico Commonwealth","Ceiba Municipio",3,19,130,67,63
050,72,037,"Puerto Rico Commonwealth","Ceiba Municipio",3,20,143,71,72
050,72,037,"Puerto Rico Commonwealth","Ceiba Municipio",3,21,159,83,76
050,72,037,"Puerto Rico Commonwealth","Ceiba Municipio",3,22,154,85,69
050,72,037,"Puerto Rico Commonwealth","Ceiba Municipio",3,23,152,77,75
050,72,037,"Puerto Rico Commonwealth","Ceiba Municipio",3,24,148,76,72
050,72,037,"Puerto Rico Commonwealth","Ceiba Municipio",3,25,156,81,75
050,72,037,"Puerto Rico Commonwealth","Ceiba Municipio",3,26,171,92,79
050,72,037,"Puerto Rico Commonwealth","Ceiba Municipio",3,27,157,76,81
050,72,037,"Puerto Rico Commonwealth","Ceiba Municipio",3,28,161,79,82
050,72,037,"Puerto Rico Commonwealth","Ceiba Municipio",3,29,159,79,80
050,72,037,"Puerto Rico Commonwealth","Ceiba Municipio",3,30,162,79,83
050,72,037,"Puerto Rico Commonwealth","Ceiba Municipio",3,31,152,69,83
050,72,037,"Puerto Rico Commonwealth","Ceiba Municipio",3,32,140,68,72
050,72,037,"Puerto Rico Commonwealth","Ceiba Municipio",3,33,124,57,67
050,72,037,"Puerto Rico Commonwealth","Ceiba Municipio",3,34,126,55,71
050,72,037,"Puerto Rico Commonwealth","Ceiba Municipio",3,35,120,52,68
050,72,037,"Puerto Rico Commonwealth","Ceiba Municipio",3,36,115,52,63
050,72,037,"Puerto Rico Commonwealth","Ceiba Municipio",3,37,110,50,60
050,72,037,"Puerto Rico Commonwealth","Ceiba Municipio",3,38,109,48,61
050,72,037,"Puerto Rico Commonwealth","Ceiba Municipio",3,39,110,53,57
050,72,037,"Puerto Rico Commonwealth","Ceiba Municipio",3,40,118,61,57
050,72,037,"Puerto Rico Commonwealth","Ceiba Municipio",3,41,129,63,66
050,72,037,"Puerto Rico Commonwealth","Ceiba Municipio",3,42,132,64,68
050,72,037,"Puerto Rico Commonwealth","Ceiba Municipio",3,43,121,54,67
050,72,037,"Puerto Rico Commonwealth","Ceiba Municipio",3,44,125,58,67
050,72,037,"Puerto Rico Commonwealth","Ceiba Municipio",3,45,131,59,72
050,72,037,"Puerto Rico Commonwealth","Ceiba Municipio",3,46,144,63,81
050,72,037,"Puerto Rico Commonwealth","Ceiba Municipio",3,47,150,69,81
050,72,037,"Puerto Rico Commonwealth","Ceiba Municipio",3,48,148,67,81
050,72,037,"Puerto Rico Commonwealth","Ceiba Municipio",3,49,152,70,82
050,72,037,"Puerto Rico Commonwealth","Ceiba Municipio",3,50,161,73,88
050,72,037,"Puerto Rico Commonwealth","Ceiba Municipio",3,51,156,68,88
050,72,037,"Puerto Rico Commonwealth","Ceiba Municipio",3,52,153,72,81
050,72,037,"Puerto Rico Commonwealth","Ceiba Municipio",3,53,140,61,79
050,72,037,"Puerto Rico Commonwealth","Ceiba Municipio",3,54,141,59,82
050,72,037,"Puerto Rico Commonwealth","Ceiba Municipio",3,55,165,73,92
050,72,037,"Puerto Rico Commonwealth","Ceiba Municipio",3,56,177,84,93
050,72,037,"Puerto Rico Commonwealth","Ceiba Municipio",3,57,161,74,87
050,72,037,"Puerto Rico Commonwealth","Ceiba Municipio",3,58,139,65,74
050,72,037,"Puerto Rico Commonwealth","Ceiba Municipio",3,59,126,54,72
050,72,037,"Puerto Rico Commonwealth","Ceiba Municipio",3,60,128,57,71
050,72,037,"Puerto Rico Commonwealth","Ceiba Municipio",3,61,132,59,73
050,72,037,"Puerto Rico Commonwealth","Ceiba Municipio",3,62,124,57,67
050,72,037,"Puerto Rico Commonwealth","Ceiba Municipio",3,63,126,58,68
050,72,037,"Puerto Rico Commonwealth","Ceiba Municipio",3,64,126,55,71
050,72,037,"Puerto Rico Commonwealth","Ceiba Municipio",3,65,126,50,76
050,72,037,"Puerto Rico Commonwealth","Ceiba Municipio",3,66,119,47,72
050,72,037,"Puerto Rico Commonwealth","Ceiba Municipio",3,67,124,51,73
050,72,037,"Puerto Rico Commonwealth","Ceiba Municipio",3,68,127,55,72
050,72,037,"Puerto Rico Commonwealth","Ceiba Municipio",3,69,117,46,71
050,72,037,"Puerto Rico Commonwealth","Ceiba Municipio",3,70,118,49,69
050,72,037,"Puerto Rico Commonwealth","Ceiba Municipio",3,71,136,53,83
050,72,037,"Puerto Rico Commonwealth","Ceiba Municipio",3,72,141,58,83
050,72,037,"Puerto Rico Commonwealth","Ceiba Municipio",3,73,150,64,86
050,72,037,"Puerto Rico Commonwealth","Ceiba Municipio",3,74,158,74,84
050,72,037,"Puerto Rico Commonwealth","Ceiba Municipio",3,75,157,71,86
050,72,037,"Puerto Rico Commonwealth","Ceiba Municipio",3,76,144,63,81
050,72,037,"Puerto Rico Commonwealth","Ceiba Municipio",3,77,128,56,72
050,72,037,"Puerto Rico Commonwealth","Ceiba Municipio",3,78,115,54,61
050,72,037,"Puerto Rico Commonwealth","Ceiba Municipio",3,79,102,43,59
050,72,037,"Puerto Rico Commonwealth","Ceiba Municipio",3,80,93,38,55
050,72,037,"Puerto Rico Commonwealth","Ceiba Municipio",3,81,89,35,54
050,72,037,"Puerto Rico Commonwealth","Ceiba Municipio",3,82,94,37,57
050,72,037,"Puerto Rico Commonwealth","Ceiba Municipio",3,83,80,34,46
050,72,037,"Puerto Rico Commonwealth","Ceiba Municipio",3,84,64,29,35
050,72,037,"Puerto Rico Commonwealth","Ceiba Municipio",3,85,479,212,267
050,72,037,"Puerto Rico Commonwealth","Ceiba Municipio",4,0,67,32,35
050,72,037,"Puerto Rico Commonwealth","Ceiba Municipio",4,1,52,18,34
050,72,037,"Puerto Rico Commonwealth","Ceiba Municipio",4,2,50,26,24
050,72,037,"Puerto Rico Commonwealth","Ceiba Municipio",4,3,51,27,24
050,72,037,"Puerto Rico Commonwealth","Ceiba Municipio",4,4,53,27,26
050,72,037,"Puerto Rico Commonwealth","Ceiba Municipio",4,5,65,33,32
050,72,037,"Puerto Rico Commonwealth","Ceiba Municipio",4,6,76,39,37
050,72,037,"Puerto Rico Commonwealth","Ceiba Municipio",4,7,88,46,42
050,72,037,"Puerto Rico Commonwealth","Ceiba Municipio",4,8,90,46,44
050,72,037,"Puerto Rico Commonwealth","Ceiba Municipio",4,9,105,53,52
050,72,037,"Puerto Rico Commonwealth","Ceiba Municipio",4,10,111,57,54
050,72,037,"Puerto Rico Commonwealth","Ceiba Municipio",4,11,105,45,60
050,72,037,"Puerto Rico Commonwealth","Ceiba Municipio",4,12,120,61,59
050,72,037,"Puerto Rico Commonwealth","Ceiba Municipio",4,13,113,59,54
050,72,037,"Puerto Rico Commonwealth","Ceiba Municipio",4,14,113,53,60
050,72,037,"Puerto Rico Commonwealth","Ceiba Municipio",4,15,107,49,58
050,72,037,"Puerto Rico Commonwealth","Ceiba Municipio",4,16,114,57,57
050,72,037,"Puerto Rico Commonwealth","Ceiba Municipio",4,17,127,67,60
050,72,037,"Puerto Rico Commonwealth","Ceiba Municipio",4,18,121,64,57
050,72,037,"Puerto Rico Commonwealth","Ceiba Municipio",4,19,114,59,55
050,72,037,"Puerto Rico Commonwealth","Ceiba Municipio",4,20,127,65,62
050,72,037,"Puerto Rico Commonwealth","Ceiba Municipio",4,21,140,69,71
050,72,037,"Puerto Rico Commonwealth","Ceiba Municipio",4,22,157,82,75
050,72,037,"Puerto Rico Commonwealth","Ceiba Municipio",4,23,152,84,68
050,72,037,"Puerto Rico Commonwealth","Ceiba Municipio",4,24,150,76,74
050,72,037,"Puerto Rico Commonwealth","Ceiba Municipio",4,25,146,75,71
050,72,037,"Puerto Rico Commonwealth","Ceiba Municipio",4,26,153,79,74
050,72,037,"Puerto Rico Commonwealth","Ceiba Municipio",4,27,169,91,78
050,72,037,"Puerto Rico Commonwealth","Ceiba Municipio",4,28,154,74,80
050,72,037,"Puerto Rico Commonwealth","Ceiba Municipio",4,29,156,76,80
050,72,037,"Puerto Rico Commonwealth","Ceiba Municipio",4,30,155,77,78
050,72,037,"Puerto Rico Commonwealth","Ceiba Municipio",4,31,158,77,81
050,72,037,"Puerto Rico Commonwealth","Ceiba Municipio",4,32,147,66,81
050,72,037,"Puerto Rico Commonwealth","Ceiba Municipio",4,33,137,67,70
050,72,037,"Puerto Rico Commonwealth","Ceiba Municipio",4,34,119,55,64
050,72,037,"Puerto Rico Commonwealth","Ceiba Municipio",4,35,123,54,69
050,72,037,"Puerto Rico Commonwealth","Ceiba Municipio",4,36,117,51,66
050,72,037,"Puerto Rico Commonwealth","Ceiba Municipio",4,37,113,51,62
050,72,037,"Puerto Rico Commonwealth","Ceiba Municipio",4,38,108,49,59
050,72,037,"Puerto Rico Commonwealth","Ceiba Municipio",4,39,107,47,60
050,72,037,"Puerto Rico Commonwealth","Ceiba Municipio",4,40,111,55,56
050,72,037,"Puerto Rico Commonwealth","Ceiba Municipio",4,41,113,57,56
050,72,037,"Puerto Rico Commonwealth","Ceiba Municipio",4,42,126,61,65
050,72,037,"Puerto Rico Commonwealth","Ceiba Municipio",4,43,127,61,66
050,72,037,"Puerto Rico Commonwealth","Ceiba Municipio",4,44,123,57,66
050,72,037,"Puerto Rico Commonwealth","Ceiba Municipio",4,45,121,55,66
050,72,037,"Puerto Rico Commonwealth","Ceiba Municipio",4,46,125,54,71
050,72,037,"Puerto Rico Commonwealth","Ceiba Municipio",4,47,145,65,80
050,72,037,"Puerto Rico Commonwealth","Ceiba Municipio",4,48,145,65,80
050,72,037,"Puerto Rico Commonwealth","Ceiba Municipio",4,49,146,67,79
050,72,037,"Puerto Rico Commonwealth","Ceiba Municipio",4,50,153,72,81
050,72,037,"Puerto Rico Commonwealth","Ceiba Municipio",4,51,156,70,86
050,72,037,"Puerto Rico Commonwealth","Ceiba Municipio",4,52,157,70,87
050,72,037,"Puerto Rico Commonwealth","Ceiba Municipio",4,53,149,69,80
050,72,037,"Puerto Rico Commonwealth","Ceiba Municipio",4,54,138,60,78
050,72,037,"Puerto Rico Commonwealth","Ceiba Municipio",4,55,140,59,81
050,72,037,"Puerto Rico Commonwealth","Ceiba Municipio",4,56,159,68,91
050,72,037,"Puerto Rico Commonwealth","Ceiba Municipio",4,57,175,84,91
050,72,037,"Puerto Rico Commonwealth","Ceiba Municipio",4,58,155,71,84
050,72,037,"Puerto Rico Commonwealth","Ceiba Municipio",4,59,137,65,72
050,72,037,"Puerto Rico Commonwealth","Ceiba Municipio",4,60,125,53,72
050,72,037,"Puerto Rico Commonwealth","Ceiba Municipio",4,61,126,57,69
050,72,037,"Puerto Rico Commonwealth","Ceiba Municipio",4,62,128,58,70
050,72,037,"Puerto Rico Commonwealth","Ceiba Municipio",4,63,122,56,66
050,72,037,"Puerto Rico Commonwealth","Ceiba Municipio",4,64,125,58,67
050,72,037,"Puerto Rico Commonwealth","Ceiba Municipio",4,65,124,54,70
050,72,037,"Puerto Rico Commonwealth","Ceiba Municipio",4,66,123,48,75
050,72,037,"Puerto Rico Commonwealth","Ceiba Municipio",4,67,118,47,71
050,72,037,"Puerto Rico Commonwealth","Ceiba Municipio",4,68,120,48,72
050,72,037,"Puerto Rico Commonwealth","Ceiba Municipio",4,69,123,52,71
050,72,037,"Puerto Rico Commonwealth","Ceiba Municipio",4,70,109,41,68
050,72,037,"Puerto Rico Commonwealth","Ceiba Municipio",4,71,113,47,66
050,72,037,"Puerto Rico Commonwealth","Ceiba Municipio",4,72,132,51,81
050,72,037,"Puerto Rico Commonwealth","Ceiba Municipio",4,73,136,55,81
050,72,037,"Puerto Rico Commonwealth","Ceiba Municipio",4,74,142,61,81
050,72,037,"Puerto Rico Commonwealth","Ceiba Municipio",4,75,149,69,80
050,72,037,"Puerto Rico Commonwealth","Ceiba Municipio",4,76,153,67,86
050,72,037,"Puerto Rico Commonwealth","Ceiba Municipio",4,77,138,60,78
050,72,037,"Puerto Rico Commonwealth","Ceiba Municipio",4,78,128,56,72
050,72,037,"Puerto Rico Commonwealth","Ceiba Municipio",4,79,112,53,59
050,72,037,"Puerto Rico Commonwealth","Ceiba Municipio",4,80,95,38,57
050,72,037,"Puerto Rico Commonwealth","Ceiba Municipio",4,81,92,37,55
050,72,037,"Puerto Rico Commonwealth","Ceiba Municipio",4,82,83,32,51
050,72,037,"Puerto Rico Commonwealth","Ceiba Municipio",4,83,86,32,54
050,72,037,"Puerto Rico Commonwealth","Ceiba Municipio",4,84,77,33,44
050,72,037,"Puerto Rico Commonwealth","Ceiba Municipio",4,85,515,227,288
050,72,037,"Puerto Rico Commonwealth","Ceiba Municipio",5,0,66,37,29
050,72,037,"Puerto Rico Commonwealth","Ceiba Municipio",5,1,66,31,35
050,72,037,"Puerto Rico Commonwealth","Ceiba Municipio",5,2,52,18,34
050,72,037,"Puerto Rico Commonwealth","Ceiba Municipio",5,3,50,26,24
050,72,037,"Puerto Rico Commonwealth","Ceiba Municipio",5,4,51,27,24
050,72,037,"Puerto Rico Commonwealth","Ceiba Municipio",5,5,53,27,26
050,72,037,"Puerto Rico Commonwealth","Ceiba Municipio",5,6,65,33,32
050,72,037,"Puerto Rico Commonwealth","Ceiba Municipio",5,7,75,38,37
050,72,037,"Puerto Rico Commonwealth","Ceiba Municipio",5,8,88,46,42
050,72,037,"Puerto Rico Commonwealth","Ceiba Municipio",5,9,88,45,43
050,72,037,"Puerto Rico Commonwealth","Ceiba Municipio",5,10,103,52,51
050,72,037,"Puerto Rico Commonwealth","Ceiba Municipio",5,11,110,57,53
050,72,037,"Puerto Rico Commonwealth","Ceiba Municipio",5,12,103,44,59
050,72,037,"Puerto Rico Commonwealth","Ceiba Municipio",5,13,119,60,59
050,72,037,"Puerto Rico Commonwealth","Ceiba Municipio",5,14,112,59,53
050,72,037,"Puerto Rico Commonwealth","Ceiba Municipio",5,15,112,52,60
050,72,037,"Puerto Rico Commonwealth","Ceiba Municipio",5,16,105,48,57
050,72,037,"Puerto Rico Commonwealth","Ceiba Municipio",5,17,112,56,56
050,72,037,"Puerto Rico Commonwealth","Ceiba Municipio",5,18,125,66,59
050,72,037,"Puerto Rico Commonwealth","Ceiba Municipio",5,19,119,63,56
050,72,037,"Puerto Rico Commonwealth","Ceiba Municipio",5,20,113,58,55
050,72,037,"Puerto Rico Commonwealth","Ceiba Municipio",5,21,127,65,62
050,72,037,"Puerto Rico Commonwealth","Ceiba Municipio",5,22,140,69,71
050,72,037,"Puerto Rico Commonwealth","Ceiba Municipio",5,23,157,81,76
050,72,037,"Puerto Rico Commonwealth","Ceiba Municipio",5,24,152,84,68
050,72,037,"Puerto Rico Commonwealth","Ceiba Municipio",5,25,150,76,74
050,72,037,"Puerto Rico Commonwealth","Ceiba Municipio",5,26,145,74,71
050,72,037,"Puerto Rico Commonwealth","Ceiba Municipio",5,27,153,79,74
050,72,037,"Puerto Rico Commonwealth","Ceiba Municipio",5,28,166,88,78
050,72,037,"Puerto Rico Commonwealth","Ceiba Municipio",5,29,151,72,79
050,72,037,"Puerto Rico Commonwealth","Ceiba Municipio",5,30,156,76,80
050,72,037,"Puerto Rico Commonwealth","Ceiba Municipio",5,31,154,77,77
050,72,037,"Puerto Rico Commonwealth","Ceiba Municipio",5,32,157,77,80
050,72,037,"Puerto Rico Commonwealth","Ceiba Municipio",5,33,146,66,80
050,72,037,"Puerto Rico Commonwealth","Ceiba Municipio",5,34,136,67,69
050,72,037,"Puerto Rico Commonwealth","Ceiba Municipio",5,35,116,53,63
050,72,037,"Puerto Rico Commonwealth","Ceiba Municipio",5,36,120,52,68
050,72,037,"Puerto Rico Commonwealth","Ceiba Municipio",5,37,116,51,65
050,72,037,"Puerto Rico Commonwealth","Ceiba Municipio",5,38,111,50,61
050,72,037,"Puerto Rico Commonwealth","Ceiba Municipio",5,39,107,49,58
050,72,037,"Puerto Rico Commonwealth","Ceiba Municipio",5,40,109,49,60
050,72,037,"Puerto Rico Commonwealth","Ceiba Municipio",5,41,107,51,56
050,72,037,"Puerto Rico Commonwealth","Ceiba Municipio",5,42,112,56,56
050,72,037,"Puerto Rico Commonwealth","Ceiba Municipio",5,43,125,60,65
050,72,037,"Puerto Rico Commonwealth","Ceiba Municipio",5,44,130,64,66
050,72,037,"Puerto Rico Commonwealth","Ceiba Municipio",5,45,121,55,66
050,72,037,"Puerto Rico Commonwealth","Ceiba Municipio",5,46,116,50,66
050,72,037,"Puerto Rico Commonwealth","Ceiba Municipio",5,47,128,57,71
050,72,037,"Puerto Rico Commonwealth","Ceiba Municipio",5,48,141,62,79
050,72,037,"Puerto Rico Commonwealth","Ceiba Municipio",5,49,143,64,79
050,72,037,"Puerto Rico Commonwealth","Ceiba Municipio",5,50,148,69,79
050,72,037,"Puerto Rico Commonwealth","Ceiba Municipio",5,51,150,69,81
050,72,037,"Puerto Rico Commonwealth","Ceiba Municipio",5,52,157,71,86
050,72,037,"Puerto Rico Commonwealth","Ceiba Municipio",5,53,153,67,86
050,72,037,"Puerto Rico Commonwealth","Ceiba Municipio",5,54,149,69,80
050,72,037,"Puerto Rico Commonwealth","Ceiba Municipio",5,55,139,61,78
050,72,037,"Puerto Rico Commonwealth","Ceiba Municipio",5,56,136,55,81
050,72,037,"Puerto Rico Commonwealth","Ceiba Municipio",5,57,158,67,91
050,72,037,"Puerto Rico Commonwealth","Ceiba Municipio",5,58,175,84,91
050,72,037,"Puerto Rico Commonwealth","Ceiba Municipio",5,59,152,68,84
050,72,037,"Puerto Rico Commonwealth","Ceiba Municipio",5,60,135,63,72
050,72,037,"Puerto Rico Commonwealth","Ceiba Municipio",5,61,122,51,71
050,72,037,"Puerto Rico Commonwealth","Ceiba Municipio",5,62,123,55,68
050,72,037,"Puerto Rico Commonwealth","Ceiba Municipio",5,63,128,58,70
050,72,037,"Puerto Rico Commonwealth","Ceiba Municipio",5,64,122,56,66
050,72,037,"Puerto Rico Commonwealth","Ceiba Municipio",5,65,123,57,66
050,72,037,"Puerto Rico Commonwealth","Ceiba Municipio",5,66,123,53,70
050,72,037,"Puerto Rico Commonwealth","Ceiba Municipio",5,67,121,47,74
050,72,037,"Puerto Rico Commonwealth","Ceiba Municipio",5,68,117,46,71
050,72,037,"Puerto Rico Commonwealth","Ceiba Municipio",5,69,119,48,71
050,72,037,"Puerto Rico Commonwealth","Ceiba Municipio",5,70,122,51,71
050,72,037,"Puerto Rico Commonwealth","Ceiba Municipio",5,71,107,40,67
050,72,037,"Puerto Rico Commonwealth","Ceiba Municipio",5,72,108,43,65
050,72,037,"Puerto Rico Commonwealth","Ceiba Municipio",5,73,130,51,79
050,72,037,"Puerto Rico Commonwealth","Ceiba Municipio",5,74,132,53,79
050,72,037,"Puerto Rico Commonwealth","Ceiba Municipio",5,75,138,59,79
050,72,037,"Puerto Rico Commonwealth","Ceiba Municipio",5,76,147,68,79
050,72,037,"Puerto Rico Commonwealth","Ceiba Municipio",5,77,150,65,85
050,72,037,"Puerto Rico Commonwealth","Ceiba Municipio",5,78,137,59,78
050,72,037,"Puerto Rico Commonwealth","Ceiba Municipio",5,79,126,55,71
050,72,037,"Puerto Rico Commonwealth","Ceiba Municipio",5,80,105,51,54
050,72,037,"Puerto Rico Commonwealth","Ceiba Municipio",5,81,94,38,56
050,72,037,"Puerto Rico Commonwealth","Ceiba Municipio",5,82,89,35,54
050,72,037,"Puerto Rico Commonwealth","Ceiba Municipio",5,83,78,29,49
050,72,037,"Puerto Rico Commonwealth","Ceiba Municipio",5,84,85,32,53
050,72,037,"Puerto Rico Commonwealth","Ceiba Municipio",5,85,566,246,320
050,72,039,"Puerto Rico Commonwealth","Ciales Municipio",1,0,116,53,63
050,72,039,"Puerto Rico Commonwealth","Ciales Municipio",1,1,115,52,63
050,72,039,"Puerto Rico Commonwealth","Ciales Municipio",1,2,122,60,62
050,72,039,"Puerto Rico Commonwealth","Ciales Municipio",1,3,142,73,69
050,72,039,"Puerto Rico Commonwealth","Ciales Municipio",1,4,154,74,80
050,72,039,"Puerto Rico Commonwealth","Ciales Municipio",1,5,161,80,81
050,72,039,"Puerto Rico Commonwealth","Ciales Municipio",1,6,189,94,95
050,72,039,"Puerto Rico Commonwealth","Ciales Municipio",1,7,194,94,100
050,72,039,"Puerto Rico Commonwealth","Ciales Municipio",1,8,184,80,104
050,72,039,"Puerto Rico Commonwealth","Ciales Municipio",1,9,176,80,96
050,72,039,"Puerto Rico Commonwealth","Ciales Municipio",1,10,185,90,95
050,72,039,"Puerto Rico Commonwealth","Ciales Municipio",1,11,194,95,99
050,72,039,"Puerto Rico Commonwealth","Ciales Municipio",1,12,196,100,96
050,72,039,"Puerto Rico Commonwealth","Ciales Municipio",1,13,184,90,94
050,72,039,"Puerto Rico Commonwealth","Ciales Municipio",1,14,189,88,101
050,72,039,"Puerto Rico Commonwealth","Ciales Municipio",1,15,195,91,104
050,72,039,"Puerto Rico Commonwealth","Ciales Municipio",1,16,200,100,100
050,72,039,"Puerto Rico Commonwealth","Ciales Municipio",1,17,185,87,98
050,72,039,"Puerto Rico Commonwealth","Ciales Municipio",1,18,176,90,86
050,72,039,"Puerto Rico Commonwealth","Ciales Municipio",1,19,198,100,98
050,72,039,"Puerto Rico Commonwealth","Ciales Municipio",1,20,216,112,104
050,72,039,"Puerto Rico Commonwealth","Ciales Municipio",1,21,199,112,87
050,72,039,"Puerto Rico Commonwealth","Ciales Municipio",1,22,178,85,93
050,72,039,"Puerto Rico Commonwealth","Ciales Municipio",1,23,211,94,117
050,72,039,"Puerto Rico Commonwealth","Ciales Municipio",1,24,219,107,112
050,72,039,"Puerto Rico Commonwealth","Ciales Municipio",1,25,207,94,113
050,72,039,"Puerto Rico Commonwealth","Ciales Municipio",1,26,216,102,114
050,72,039,"Puerto Rico Commonwealth","Ciales Municipio",1,27,239,126,113
050,72,039,"Puerto Rico Commonwealth","Ciales Municipio",1,28,226,116,110
050,72,039,"Puerto Rico Commonwealth","Ciales Municipio",1,29,225,105,120
050,72,039,"Puerto Rico Commonwealth","Ciales Municipio",1,30,209,92,117
050,72,039,"Puerto Rico Commonwealth","Ciales Municipio",1,31,210,95,115
050,72,039,"Puerto Rico Commonwealth","Ciales Municipio",1,32,205,89,116
050,72,039,"Puerto Rico Commonwealth","Ciales Municipio",1,33,204,106,98
050,72,039,"Puerto Rico Commonwealth","Ciales Municipio",1,34,192,96,96
050,72,039,"Puerto Rico Commonwealth","Ciales Municipio",1,35,182,90,92
050,72,039,"Puerto Rico Commonwealth","Ciales Municipio",1,36,185,92,93
050,72,039,"Puerto Rico Commonwealth","Ciales Municipio",1,37,204,98,106
050,72,039,"Puerto Rico Commonwealth","Ciales Municipio",1,38,196,93,103
050,72,039,"Puerto Rico Commonwealth","Ciales Municipio",1,39,193,95,98
050,72,039,"Puerto Rico Commonwealth","Ciales Municipio",1,40,204,99,105
050,72,039,"Puerto Rico Commonwealth","Ciales Municipio",1,41,191,89,102
050,72,039,"Puerto Rico Commonwealth","Ciales Municipio",1,42,189,89,100
050,72,039,"Puerto Rico Commonwealth","Ciales Municipio",1,43,188,95,93
050,72,039,"Puerto Rico Commonwealth","Ciales Municipio",1,44,179,96,83
050,72,039,"Puerto Rico Commonwealth","Ciales Municipio",1,45,177,90,87
050,72,039,"Puerto Rico Commonwealth","Ciales Municipio",1,46,163,80,83
050,72,039,"Puerto Rico Commonwealth","Ciales Municipio",1,47,182,82,100
050,72,039,"Puerto Rico Commonwealth","Ciales Municipio",1,48,201,93,108
050,72,039,"Puerto Rico Commonwealth","Ciales Municipio",1,49,208,96,112
050,72,039,"Puerto Rico Commonwealth","Ciales Municipio",1,50,213,98,115
050,72,039,"Puerto Rico Commonwealth","Ciales Municipio",1,51,214,94,120
050,72,039,"Puerto Rico Commonwealth","Ciales Municipio",1,52,218,104,114
050,72,039,"Puerto Rico Commonwealth","Ciales Municipio",1,53,223,123,100
050,72,039,"Puerto Rico Commonwealth","Ciales Municipio",1,54,247,139,108
050,72,039,"Puerto Rico Commonwealth","Ciales Municipio",1,55,253,126,127
050,72,039,"Puerto Rico Commonwealth","Ciales Municipio",1,56,257,111,146
050,72,039,"Puerto Rico Commonwealth","Ciales Municipio",1,57,246,106,140
050,72,039,"Puerto Rico Commonwealth","Ciales Municipio",1,58,253,127,126
050,72,039,"Puerto Rico Commonwealth","Ciales Municipio",1,59,273,136,137
050,72,039,"Puerto Rico Commonwealth","Ciales Municipio",1,60,279,126,153
050,72,039,"Puerto Rico Commonwealth","Ciales Municipio",1,61,294,136,158
050,72,039,"Puerto Rico Commonwealth","Ciales Municipio",1,62,295,138,157
050,72,039,"Puerto Rico Commonwealth","Ciales Municipio",1,63,279,138,141
050,72,039,"Puerto Rico Commonwealth","Ciales Municipio",1,64,265,138,127
050,72,039,"Puerto Rico Commonwealth","Ciales Municipio",1,65,248,121,127
050,72,039,"Puerto Rico Commonwealth","Ciales Municipio",1,66,226,114,112
050,72,039,"Puerto Rico Commonwealth","Ciales Municipio",1,67,201,99,102
050,72,039,"Puerto Rico Commonwealth","Ciales Municipio",1,68,206,96,110
050,72,039,"Puerto Rico Commonwealth","Ciales Municipio",1,69,212,106,106
050,72,039,"Puerto Rico Commonwealth","Ciales Municipio",1,70,207,107,100
050,72,039,"Puerto Rico Commonwealth","Ciales Municipio",1,71,210,109,101
050,72,039,"Puerto Rico Commonwealth","Ciales Municipio",1,72,206,107,99
050,72,039,"Puerto Rico Commonwealth","Ciales Municipio",1,73,193,95,98
050,72,039,"Puerto Rico Commonwealth","Ciales Municipio",1,74,175,93,82
050,72,039,"Puerto Rico Commonwealth","Ciales Municipio",1,75,153,75,78
050,72,039,"Puerto Rico Commonwealth","Ciales Municipio",1,76,134,59,75
050,72,039,"Puerto Rico Commonwealth","Ciales Municipio",1,77,145,76,69
050,72,039,"Puerto Rico Commonwealth","Ciales Municipio",1,78,133,70,63
050,72,039,"Puerto Rico Commonwealth","Ciales Municipio",1,79,109,52,57
050,72,039,"Puerto Rico Commonwealth","Ciales Municipio",1,80,111,60,51
050,72,039,"Puerto Rico Commonwealth","Ciales Municipio",1,81,100,47,53
050,72,039,"Puerto Rico Commonwealth","Ciales Municipio",1,82,90,41,49
050,72,039,"Puerto Rico Commonwealth","Ciales Municipio",1,83,84,43,41
050,72,039,"Puerto Rico Commonwealth","Ciales Municipio",1,84,66,30,36
050,72,039,"Puerto Rico Commonwealth","Ciales Municipio",1,85,513,194,319
050,72,039,"Puerto Rico Commonwealth","Ciales Municipio",2,0,106,49,57
050,72,039,"Puerto Rico Commonwealth","Ciales Municipio",2,1,115,52,63
050,72,039,"Puerto Rico Commonwealth","Ciales Municipio",2,2,121,58,63
050,72,039,"Puerto Rico Commonwealth","Ciales Municipio",2,3,137,70,67
050,72,039,"Puerto Rico Commonwealth","Ciales Municipio",2,4,150,73,77
050,72,039,"Puerto Rico Commonwealth","Ciales Municipio",2,5,160,79,81
050,72,039,"Puerto Rico Commonwealth","Ciales Municipio",2,6,182,91,91
050,72,039,"Puerto Rico Commonwealth","Ciales Municipio",2,7,193,94,99
050,72,039,"Puerto Rico Commonwealth","Ciales Municipio",2,8,186,83,103
050,72,039,"Puerto Rico Commonwealth","Ciales Municipio",2,9,178,80,98
050,72,039,"Puerto Rico Commonwealth","Ciales Municipio",2,10,183,88,95
050,72,039,"Puerto Rico Commonwealth","Ciales Municipio",2,11,191,93,98
050,72,039,"Puerto Rico Commonwealth","Ciales Municipio",2,12,196,99,97
050,72,039,"Puerto Rico Commonwealth","Ciales Municipio",2,13,188,93,95
050,72,039,"Puerto Rico Commonwealth","Ciales Municipio",2,14,187,88,99
050,72,039,"Puerto Rico Commonwealth","Ciales Municipio",2,15,193,90,103
050,72,039,"Puerto Rico Commonwealth","Ciales Municipio",2,16,198,97,101
050,72,039,"Puerto Rico Commonwealth","Ciales Municipio",2,17,189,90,99
050,72,039,"Puerto Rico Commonwealth","Ciales Municipio",2,18,178,89,89
050,72,039,"Puerto Rico Commonwealth","Ciales Municipio",2,19,191,96,95
050,72,039,"Puerto Rico Commonwealth","Ciales Municipio",2,20,210,108,102
050,72,039,"Puerto Rico Commonwealth","Ciales Municipio",2,21,202,111,91
050,72,039,"Puerto Rico Commonwealth","Ciales Municipio",2,22,184,92,92
050,72,039,"Puerto Rico Commonwealth","Ciales Municipio",2,23,203,92,111
050,72,039,"Puerto Rico Commonwealth","Ciales Municipio",2,24,216,103,113
050,72,039,"Puerto Rico Commonwealth","Ciales Municipio",2,25,211,98,113
050,72,039,"Puerto Rico Commonwealth","Ciales Municipio",2,26,214,100,114
050,72,039,"Puerto Rico Commonwealth","Ciales Municipio",2,27,233,120,113
050,72,039,"Puerto Rico Commonwealth","Ciales Municipio",2,28,228,117,111
050,72,039,"Puerto Rico Commonwealth","Ciales Municipio",2,29,225,108,117
050,72,039,"Puerto Rico Commonwealth","Ciales Municipio",2,30,213,95,118
050,72,039,"Puerto Rico Commonwealth","Ciales Municipio",2,31,209,94,115
050,72,039,"Puerto Rico Commonwealth","Ciales Municipio",2,32,207,91,116
050,72,039,"Puerto Rico Commonwealth","Ciales Municipio",2,33,205,102,103
050,72,039,"Puerto Rico Commonwealth","Ciales Municipio",2,34,194,98,96
050,72,039,"Puerto Rico Commonwealth","Ciales Municipio",2,35,185,92,93
050,72,039,"Puerto Rico Commonwealth","Ciales Municipio",2,36,184,91,93
050,72,039,"Puerto Rico Commonwealth","Ciales Municipio",2,37,199,97,102
050,72,039,"Puerto Rico Commonwealth","Ciales Municipio",2,38,198,94,104
050,72,039,"Puerto Rico Commonwealth","Ciales Municipio",2,39,194,94,100
050,72,039,"Puerto Rico Commonwealth","Ciales Municipio",2,40,201,98,103
050,72,039,"Puerto Rico Commonwealth","Ciales Municipio",2,41,195,92,103
050,72,039,"Puerto Rico Commonwealth","Ciales Municipio",2,42,189,89,100
050,72,039,"Puerto Rico Commonwealth","Ciales Municipio",2,43,188,93,95
050,72,039,"Puerto Rico Commonwealth","Ciales Municipio",2,44,181,96,85
050,72,039,"Puerto Rico Commonwealth","Ciales Municipio",2,45,178,92,86
050,72,039,"Puerto Rico Commonwealth","Ciales Municipio",2,46,166,82,84
050,72,039,"Puerto Rico Commonwealth","Ciales Municipio",2,47,177,81,96
050,72,039,"Puerto Rico Commonwealth","Ciales Municipio",2,48,197,91,106
050,72,039,"Puerto Rico Commonwealth","Ciales Municipio",2,49,206,95,111
050,72,039,"Puerto Rico Commonwealth","Ciales Municipio",2,50,211,98,113
050,72,039,"Puerto Rico Commonwealth","Ciales Municipio",2,51,214,95,119
050,72,039,"Puerto Rico Commonwealth","Ciales Municipio",2,52,217,101,116
050,72,039,"Puerto Rico Commonwealth","Ciales Municipio",2,53,221,118,103
050,72,039,"Puerto Rico Commonwealth","Ciales Municipio",2,54,239,133,106
050,72,039,"Puerto Rico Commonwealth","Ciales Municipio",2,55,252,130,122
050,72,039,"Puerto Rico Commonwealth","Ciales Municipio",2,56,255,113,142
050,72,039,"Puerto Rico Commonwealth","Ciales Municipio",2,57,249,108,141
050,72,039,"Puerto Rico Commonwealth","Ciales Municipio",2,58,251,121,130
050,72,039,"Puerto Rico Commonwealth","Ciales Municipio",2,59,268,134,134
050,72,039,"Puerto Rico Commonwealth","Ciales Municipio",2,60,278,129,149
050,72,039,"Puerto Rico Commonwealth","Ciales Municipio",2,61,289,132,157
050,72,039,"Puerto Rico Commonwealth","Ciales Municipio",2,62,295,138,157
050,72,039,"Puerto Rico Commonwealth","Ciales Municipio",2,63,283,138,145
050,72,039,"Puerto Rico Commonwealth","Ciales Municipio",2,64,267,138,129
050,72,039,"Puerto Rico Commonwealth","Ciales Municipio",2,65,253,126,127
050,72,039,"Puerto Rico Commonwealth","Ciales Municipio",2,66,231,115,116
050,72,039,"Puerto Rico Commonwealth","Ciales Municipio",2,67,206,101,105
050,72,039,"Puerto Rico Commonwealth","Ciales Municipio",2,68,205,97,108
050,72,039,"Puerto Rico Commonwealth","Ciales Municipio",2,69,211,104,107
050,72,039,"Puerto Rico Commonwealth","Ciales Municipio",2,70,207,106,101
050,72,039,"Puerto Rico Commonwealth","Ciales Municipio",2,71,209,108,101
050,72,039,"Puerto Rico Commonwealth","Ciales Municipio",2,72,204,105,99
050,72,039,"Puerto Rico Commonwealth","Ciales Municipio",2,73,197,98,99
050,72,039,"Puerto Rico Commonwealth","Ciales Municipio",2,74,179,94,85
050,72,039,"Puerto Rico Commonwealth","Ciales Municipio",2,75,156,77,79
050,72,039,"Puerto Rico Commonwealth","Ciales Municipio",2,76,139,63,76
050,72,039,"Puerto Rico Commonwealth","Ciales Municipio",2,77,143,71,72
050,72,039,"Puerto Rico Commonwealth","Ciales Municipio",2,78,136,71,65
050,72,039,"Puerto Rico Commonwealth","Ciales Municipio",2,79,116,56,60
050,72,039,"Puerto Rico Commonwealth","Ciales Municipio",2,80,110,57,53
050,72,039,"Puerto Rico Commonwealth","Ciales Municipio",2,81,103,51,52
050,72,039,"Puerto Rico Commonwealth","Ciales Municipio",2,82,93,42,51
050,72,039,"Puerto Rico Commonwealth","Ciales Municipio",2,83,82,39,43
050,72,039,"Puerto Rico Commonwealth","Ciales Municipio",2,84,69,32,37
050,72,039,"Puerto Rico Commonwealth","Ciales Municipio",2,85,520,199,321
050,72,039,"Puerto Rico Commonwealth","Ciales Municipio",3,0,101,56,45
050,72,039,"Puerto Rico Commonwealth","Ciales Municipio",3,1,107,49,58
050,72,039,"Puerto Rico Commonwealth","Ciales Municipio",3,2,115,52,63
050,72,039,"Puerto Rico Commonwealth","Ciales Municipio",3,3,121,58,63
050,72,039,"Puerto Rico Commonwealth","Ciales Municipio",3,4,137,70,67
050,72,039,"Puerto Rico Commonwealth","Ciales Municipio",3,5,150,73,77
050,72,039,"Puerto Rico Commonwealth","Ciales Municipio",3,6,159,78,81
050,72,039,"Puerto Rico Commonwealth","Ciales Municipio",3,7,181,90,91
050,72,039,"Puerto Rico Commonwealth","Ciales Municipio",3,8,193,94,99
050,72,039,"Puerto Rico Commonwealth","Ciales Municipio",3,9,185,82,103
050,72,039,"Puerto Rico Commonwealth","Ciales Municipio",3,10,176,79,97
050,72,039,"Puerto Rico Commonwealth","Ciales Municipio",3,11,181,87,94
050,72,039,"Puerto Rico Commonwealth","Ciales Municipio",3,12,188,91,97
050,72,039,"Puerto Rico Commonwealth","Ciales Municipio",3,13,194,98,96
050,72,039,"Puerto Rico Commonwealth","Ciales Municipio",3,14,185,91,94
050,72,039,"Puerto Rico Commonwealth","Ciales Municipio",3,15,184,86,98
050,72,039,"Puerto Rico Commonwealth","Ciales Municipio",3,16,190,88,102
050,72,039,"Puerto Rico Commonwealth","Ciales Municipio",3,17,194,95,99
050,72,039,"Puerto Rico Commonwealth","Ciales Municipio",3,18,184,87,97
050,72,039,"Puerto Rico Commonwealth","Ciales Municipio",3,19,173,87,86
050,72,039,"Puerto Rico Commonwealth","Ciales Municipio",3,20,187,93,94
050,72,039,"Puerto Rico Commonwealth","Ciales Municipio",3,21,206,105,101
050,72,039,"Puerto Rico Commonwealth","Ciales Municipio",3,22,199,109,90
050,72,039,"Puerto Rico Commonwealth","Ciales Municipio",3,23,182,91,91
050,72,039,"Puerto Rico Commonwealth","Ciales Municipio",3,24,202,91,111
050,72,039,"Puerto Rico Commonwealth","Ciales Municipio",3,25,215,102,113
050,72,039,"Puerto Rico Commonwealth","Ciales Municipio",3,26,209,97,112
050,72,039,"Puerto Rico Commonwealth","Ciales Municipio",3,27,212,99,113
050,72,039,"Puerto Rico Commonwealth","Ciales Municipio",3,28,231,119,112
050,72,039,"Puerto Rico Commonwealth","Ciales Municipio",3,29,225,115,110
050,72,039,"Puerto Rico Commonwealth","Ciales Municipio",3,30,226,109,117
050,72,039,"Puerto Rico Commonwealth","Ciales Municipio",3,31,212,95,117
050,72,039,"Puerto Rico Commonwealth","Ciales Municipio",3,32,208,94,114
050,72,039,"Puerto Rico Commonwealth","Ciales Municipio",3,33,207,91,116
050,72,039,"Puerto Rico Commonwealth","Ciales Municipio",3,34,205,102,103
050,72,039,"Puerto Rico Commonwealth","Ciales Municipio",3,35,194,98,96
050,72,039,"Puerto Rico Commonwealth","Ciales Municipio",3,36,185,92,93
050,72,039,"Puerto Rico Commonwealth","Ciales Municipio",3,37,184,91,93
050,72,039,"Puerto Rico Commonwealth","Ciales Municipio",3,38,199,97,102
050,72,039,"Puerto Rico Commonwealth","Ciales Municipio",3,39,198,94,104
050,72,039,"Puerto Rico Commonwealth","Ciales Municipio",3,40,194,94,100
050,72,039,"Puerto Rico Commonwealth","Ciales Municipio",3,41,201,98,103
050,72,039,"Puerto Rico Commonwealth","Ciales Municipio",3,42,196,93,103
050,72,039,"Puerto Rico Commonwealth","Ciales Municipio",3,43,189,89,100
050,72,039,"Puerto Rico Commonwealth","Ciales Municipio",3,44,186,91,95
050,72,039,"Puerto Rico Commonwealth","Ciales Municipio",3,45,181,96,85
050,72,039,"Puerto Rico Commonwealth","Ciales Municipio",3,46,176,90,86
050,72,039,"Puerto Rico Commonwealth","Ciales Municipio",3,47,165,83,82
050,72,039,"Puerto Rico Commonwealth","Ciales Municipio",3,48,177,82,95
050,72,039,"Puerto Rico Commonwealth","Ciales Municipio",3,49,198,92,106
050,72,039,"Puerto Rico Commonwealth","Ciales Municipio",3,50,206,96,110
050,72,039,"Puerto Rico Commonwealth","Ciales Municipio",3,51,210,97,113
050,72,039,"Puerto Rico Commonwealth","Ciales Municipio",3,52,216,96,120
050,72,039,"Puerto Rico Commonwealth","Ciales Municipio",3,53,216,101,115
050,72,039,"Puerto Rico Commonwealth","Ciales Municipio",3,54,221,117,104
050,72,039,"Puerto Rico Commonwealth","Ciales Municipio",3,55,240,133,107
050,72,039,"Puerto Rico Commonwealth","Ciales Municipio",3,56,254,131,123
050,72,039,"Puerto Rico Commonwealth","Ciales Municipio",3,57,256,114,142
050,72,039,"Puerto Rico Commonwealth","Ciales Municipio",3,58,251,109,142
050,72,039,"Puerto Rico Commonwealth","Ciales Municipio",3,59,251,120,131
050,72,039,"Puerto Rico Commonwealth","Ciales Municipio",3,60,266,130,136
050,72,039,"Puerto Rico Commonwealth","Ciales Municipio",3,61,280,130,150
050,72,039,"Puerto Rico Commonwealth","Ciales Municipio",3,62,290,133,157
050,72,039,"Puerto Rico Commonwealth","Ciales Municipio",3,63,294,138,156
050,72,039,"Puerto Rico Commonwealth","Ciales Municipio",3,64,285,140,145
050,72,039,"Puerto Rico Commonwealth","Ciales Municipio",3,65,266,137,129
050,72,039,"Puerto Rico Commonwealth","Ciales Municipio",3,66,254,126,128
050,72,039,"Puerto Rico Commonwealth","Ciales Municipio",3,67,230,113,117
050,72,039,"Puerto Rico Commonwealth","Ciales Municipio",3,68,205,101,104
050,72,039,"Puerto Rico Commonwealth","Ciales Municipio",3,69,204,97,107
050,72,039,"Puerto Rico Commonwealth","Ciales Municipio",3,70,209,102,107
050,72,039,"Puerto Rico Commonwealth","Ciales Municipio",3,71,204,103,101
050,72,039,"Puerto Rico Commonwealth","Ciales Municipio",3,72,206,108,98
050,72,039,"Puerto Rico Commonwealth","Ciales Municipio",3,73,201,104,97
050,72,039,"Puerto Rico Commonwealth","Ciales Municipio",3,74,195,96,99
050,72,039,"Puerto Rico Commonwealth","Ciales Municipio",3,75,176,92,84
050,72,039,"Puerto Rico Commonwealth","Ciales Municipio",3,76,151,76,75
050,72,039,"Puerto Rico Commonwealth","Ciales Municipio",3,77,136,61,75
050,72,039,"Puerto Rico Commonwealth","Ciales Municipio",3,78,141,69,72
050,72,039,"Puerto Rico Commonwealth","Ciales Municipio",3,79,128,65,63
050,72,039,"Puerto Rico Commonwealth","Ciales Municipio",3,80,115,55,60
050,72,039,"Puerto Rico Commonwealth","Ciales Municipio",3,81,110,57,53
050,72,039,"Puerto Rico Commonwealth","Ciales Municipio",3,82,99,49,50
050,72,039,"Puerto Rico Commonwealth","Ciales Municipio",3,83,90,39,51
050,72,039,"Puerto Rico Commonwealth","Ciales Municipio",3,84,78,36,42
050,72,039,"Puerto Rico Commonwealth","Ciales Municipio",3,85,556,215,341
050,72,039,"Puerto Rico Commonwealth","Ciales Municipio",4,0,99,54,45
050,72,039,"Puerto Rico Commonwealth","Ciales Municipio",4,1,100,55,45
050,72,039,"Puerto Rico Commonwealth","Ciales Municipio",4,2,105,48,57
050,72,039,"Puerto Rico Commonwealth","Ciales Municipio",4,3,113,51,62
050,72,039,"Puerto Rico Commonwealth","Ciales Municipio",4,4,119,57,62
050,72,039,"Puerto Rico Commonwealth","Ciales Municipio",4,5,135,69,66
050,72,039,"Puerto Rico Commonwealth","Ciales Municipio",4,6,147,71,76
050,72,039,"Puerto Rico Commonwealth","Ciales Municipio",4,7,156,76,80
050,72,039,"Puerto Rico Commonwealth","Ciales Municipio",4,8,178,88,90
050,72,039,"Puerto Rico Commonwealth","Ciales Municipio",4,9,189,92,97
050,72,039,"Puerto Rico Commonwealth","Ciales Municipio",4,10,181,80,101
050,72,039,"Puerto Rico Commonwealth","Ciales Municipio",4,11,172,77,95
050,72,039,"Puerto Rico Commonwealth","Ciales Municipio",4,12,177,85,92
050,72,039,"Puerto Rico Commonwealth","Ciales Municipio",4,13,183,88,95
050,72,039,"Puerto Rico Commonwealth","Ciales Municipio",4,14,189,95,94
050,72,039,"Puerto Rico Commonwealth","Ciales Municipio",4,15,180,88,92
050,72,039,"Puerto Rico Commonwealth","Ciales Municipio",4,16,178,83,95
050,72,039,"Puerto Rico Commonwealth","Ciales Municipio",4,17,184,85,99
050,72,039,"Puerto Rico Commonwealth","Ciales Municipio",4,18,186,91,95
050,72,039,"Puerto Rico Commonwealth","Ciales Municipio",4,19,176,83,93
050,72,039,"Puerto Rico Commonwealth","Ciales Municipio",4,20,167,83,84
050,72,039,"Puerto Rico Commonwealth","Ciales Municipio",4,21,181,90,91
050,72,039,"Puerto Rico Commonwealth","Ciales Municipio",4,22,199,101,98
050,72,039,"Puerto Rico Commonwealth","Ciales Municipio",4,23,196,107,89
050,72,039,"Puerto Rico Commonwealth","Ciales Municipio",4,24,178,89,89
050,72,039,"Puerto Rico Commonwealth","Ciales Municipio",4,25,196,87,109
050,72,039,"Puerto Rico Commonwealth","Ciales Municipio",4,26,210,99,111
050,72,039,"Puerto Rico Commonwealth","Ciales Municipio",4,27,205,95,110
050,72,039,"Puerto Rico Commonwealth","Ciales Municipio",4,28,207,96,111
050,72,039,"Puerto Rico Commonwealth","Ciales Municipio",4,29,224,114,110
050,72,039,"Puerto Rico Commonwealth","Ciales Municipio",4,30,221,113,108
050,72,039,"Puerto Rico Commonwealth","Ciales Municipio",4,31,223,108,115
050,72,039,"Puerto Rico Commonwealth","Ciales Municipio",4,32,208,93,115
050,72,039,"Puerto Rico Commonwealth","Ciales Municipio",4,33,204,93,111
050,72,039,"Puerto Rico Commonwealth","Ciales Municipio",4,34,204,89,115
050,72,039,"Puerto Rico Commonwealth","Ciales Municipio",4,35,201,99,102
050,72,039,"Puerto Rico Commonwealth","Ciales Municipio",4,36,191,96,95
050,72,039,"Puerto Rico Commonwealth","Ciales Municipio",4,37,183,91,92
050,72,039,"Puerto Rico Commonwealth","Ciales Municipio",4,38,180,89,91
050,72,039,"Puerto Rico Commonwealth","Ciales Municipio",4,39,198,97,101
050,72,039,"Puerto Rico Commonwealth","Ciales Municipio",4,40,197,94,103
050,72,039,"Puerto Rico Commonwealth","Ciales Municipio",4,41,192,93,99
050,72,039,"Puerto Rico Commonwealth","Ciales Municipio",4,42,199,97,102
050,72,039,"Puerto Rico Commonwealth","Ciales Municipio",4,43,194,92,102
050,72,039,"Puerto Rico Commonwealth","Ciales Municipio",4,44,187,88,99
050,72,039,"Puerto Rico Commonwealth","Ciales Municipio",4,45,183,89,94
050,72,039,"Puerto Rico Commonwealth","Ciales Municipio",4,46,181,96,85
050,72,039,"Puerto Rico Commonwealth","Ciales Municipio",4,47,177,91,86
050,72,039,"Puerto Rico Commonwealth","Ciales Municipio",4,48,165,83,82
050,72,039,"Puerto Rico Commonwealth","Ciales Municipio",4,49,177,82,95
050,72,039,"Puerto Rico Commonwealth","Ciales Municipio",4,50,199,93,106
050,72,039,"Puerto Rico Commonwealth","Ciales Municipio",4,51,206,96,110
050,72,039,"Puerto Rico Commonwealth","Ciales Municipio",4,52,207,97,110
050,72,039,"Puerto Rico Commonwealth","Ciales Municipio",4,53,216,97,119
050,72,039,"Puerto Rico Commonwealth","Ciales Municipio",4,54,214,99,115
050,72,039,"Puerto Rico Commonwealth","Ciales Municipio",4,55,221,118,103
050,72,039,"Puerto Rico Commonwealth","Ciales Municipio",4,56,240,134,106
050,72,039,"Puerto Rico Commonwealth","Ciales Municipio",4,57,253,130,123
050,72,039,"Puerto Rico Commonwealth","Ciales Municipio",4,58,258,115,143
050,72,039,"Puerto Rico Commonwealth","Ciales Municipio",4,59,251,109,142
050,72,039,"Puerto Rico Commonwealth","Ciales Municipio",4,60,251,120,131
050,72,039,"Puerto Rico Commonwealth","Ciales Municipio",4,61,267,130,137
050,72,039,"Puerto Rico Commonwealth","Ciales Municipio",4,62,282,132,150
050,72,039,"Puerto Rico Commonwealth","Ciales Municipio",4,63,290,133,157
050,72,039,"Puerto Rico Commonwealth","Ciales Municipio",4,64,295,140,155
050,72,039,"Puerto Rico Commonwealth","Ciales Municipio",4,65,284,140,144
050,72,039,"Puerto Rico Commonwealth","Ciales Municipio",4,66,268,138,130
050,72,039,"Puerto Rico Commonwealth","Ciales Municipio",4,67,254,126,128
050,72,039,"Puerto Rico Commonwealth","Ciales Municipio",4,68,229,114,115
050,72,039,"Puerto Rico Commonwealth","Ciales Municipio",4,69,202,100,102
050,72,039,"Puerto Rico Commonwealth","Ciales Municipio",4,70,203,98,105
050,72,039,"Puerto Rico Commonwealth","Ciales Municipio",4,71,206,101,105
050,72,039,"Puerto Rico Commonwealth","Ciales Municipio",4,72,202,102,100
050,72,039,"Puerto Rico Commonwealth","Ciales Municipio",4,73,202,107,95
050,72,039,"Puerto Rico Commonwealth","Ciales Municipio",4,74,193,98,95
050,72,039,"Puerto Rico Commonwealth","Ciales Municipio",4,75,187,93,94
050,72,039,"Puerto Rico Commonwealth","Ciales Municipio",4,76,173,89,84
050,72,039,"Puerto Rico Commonwealth","Ciales Municipio",4,77,143,71,72
050,72,039,"Puerto Rico Commonwealth","Ciales Municipio",4,78,132,58,74
050,72,039,"Puerto Rico Commonwealth","Ciales Municipio",4,79,134,64,70
050,72,039,"Puerto Rico Commonwealth","Ciales Municipio",4,80,122,61,61
050,72,039,"Puerto Rico Commonwealth","Ciales Municipio",4,81,113,53,60
050,72,039,"Puerto Rico Commonwealth","Ciales Municipio",4,82,104,54,50
050,72,039,"Puerto Rico Commonwealth","Ciales Municipio",4,83,96,47,49
050,72,039,"Puerto Rico Commonwealth","Ciales Municipio",4,84,82,34,48
050,72,039,"Puerto Rico Commonwealth","Ciales Municipio",4,85,573,223,350
050,72,039,"Puerto Rico Commonwealth","Ciales Municipio",5,0,85,49,36
050,72,039,"Puerto Rico Commonwealth","Ciales Municipio",5,1,100,54,46
050,72,039,"Puerto Rico Commonwealth","Ciales Municipio",5,2,100,55,45
050,72,039,"Puerto Rico Commonwealth","Ciales Municipio",5,3,105,48,57
050,72,039,"Puerto Rico Commonwealth","Ciales Municipio",5,4,113,51,62
050,72,039,"Puerto Rico Commonwealth","Ciales Municipio",5,5,119,57,62
050,72,039,"Puerto Rico Commonwealth","Ciales Municipio",5,6,135,69,66
050,72,039,"Puerto Rico Commonwealth","Ciales Municipio",5,7,147,71,76
050,72,039,"Puerto Rico Commonwealth","Ciales Municipio",5,8,155,75,80
050,72,039,"Puerto Rico Commonwealth","Ciales Municipio",5,9,178,88,90
050,72,039,"Puerto Rico Commonwealth","Ciales Municipio",5,10,189,92,97
050,72,039,"Puerto Rico Commonwealth","Ciales Municipio",5,11,179,79,100
050,72,039,"Puerto Rico Commonwealth","Ciales Municipio",5,12,171,76,95
050,72,039,"Puerto Rico Commonwealth","Ciales Municipio",5,13,175,84,91
050,72,039,"Puerto Rico Commonwealth","Ciales Municipio",5,14,181,87,94
050,72,039,"Puerto Rico Commonwealth","Ciales Municipio",5,15,187,94,93
050,72,039,"Puerto Rico Commonwealth","Ciales Municipio",5,16,178,87,91
050,72,039,"Puerto Rico Commonwealth","Ciales Municipio",5,17,175,82,93
050,72,039,"Puerto Rico Commonwealth","Ciales Municipio",5,18,178,81,97
050,72,039,"Puerto Rico Commonwealth","Ciales Municipio",5,19,182,89,93
050,72,039,"Puerto Rico Commonwealth","Ciales Municipio",5,20,173,81,92
050,72,039,"Puerto Rico Commonwealth","Ciales Municipio",5,21,165,82,83
050,72,039,"Puerto Rico Commonwealth","Ciales Municipio",5,22,178,88,90
050,72,039,"Puerto Rico Commonwealth","Ciales Municipio",5,23,198,100,98
050,72,039,"Puerto Rico Commonwealth","Ciales Municipio",5,24,196,107,89
050,72,039,"Puerto Rico Commonwealth","Ciales Municipio",5,25,176,88,88
050,72,039,"Puerto Rico Commonwealth","Ciales Municipio",5,26,195,86,109
050,72,039,"Puerto Rico Commonwealth","Ciales Municipio",5,27,210,99,111
050,72,039,"Puerto Rico Commonwealth","Ciales Municipio",5,28,205,95,110
050,72,039,"Puerto Rico Commonwealth","Ciales Municipio",5,29,204,93,111
050,72,039,"Puerto Rico Commonwealth","Ciales Municipio",5,30,224,114,110
050,72,039,"Puerto Rico Commonwealth","Ciales Municipio",5,31,221,113,108
050,72,039,"Puerto Rico Commonwealth","Ciales Municipio",5,32,224,109,115
050,72,039,"Puerto Rico Commonwealth","Ciales Municipio",5,33,207,92,115
050,72,039,"Puerto Rico Commonwealth","Ciales Municipio",5,34,204,93,111
050,72,039,"Puerto Rico Commonwealth","Ciales Municipio",5,35,204,89,115
050,72,039,"Puerto Rico Commonwealth","Ciales Municipio",5,36,199,97,102
050,72,039,"Puerto Rico Commonwealth","Ciales Municipio",5,37,192,97,95
050,72,039,"Puerto Rico Commonwealth","Ciales Municipio",5,38,183,91,92
050,72,039,"Puerto Rico Commonwealth","Ciales Municipio",5,39,181,90,91
050,72,039,"Puerto Rico Commonwealth","Ciales Municipio",5,40,199,98,101
050,72,039,"Puerto Rico Commonwealth","Ciales Municipio",5,41,197,94,103
050,72,039,"Puerto Rico Commonwealth","Ciales Municipio",5,42,192,93,99
050,72,039,"Puerto Rico Commonwealth","Ciales Municipio",5,43,200,98,102
050,72,039,"Puerto Rico Commonwealth","Ciales Municipio",5,44,195,93,102
050,72,039,"Puerto Rico Commonwealth","Ciales Municipio",5,45,188,89,99
050,72,039,"Puerto Rico Commonwealth","Ciales Municipio",5,46,182,88,94
050,72,039,"Puerto Rico Commonwealth","Ciales Municipio",5,47,183,98,85
050,72,039,"Puerto Rico Commonwealth","Ciales Municipio",5,48,177,91,86
050,72,039,"Puerto Rico Commonwealth","Ciales Municipio",5,49,165,83,82
050,72,039,"Puerto Rico Commonwealth","Ciales Municipio",5,50,178,83,95
050,72,039,"Puerto Rico Commonwealth","Ciales Municipio",5,51,200,93,107
050,72,039,"Puerto Rico Commonwealth","Ciales Municipio",5,52,208,97,111
050,72,039,"Puerto Rico Commonwealth","Ciales Municipio",5,53,208,97,111
050,72,039,"Puerto Rico Commonwealth","Ciales Municipio",5,54,216,96,120
050,72,039,"Puerto Rico Commonwealth","Ciales Municipio",5,55,217,101,116
050,72,039,"Puerto Rico Commonwealth","Ciales Municipio",5,56,222,118,104
050,72,039,"Puerto Rico Commonwealth","Ciales Municipio",5,57,241,134,107
050,72,039,"Puerto Rico Commonwealth","Ciales Municipio",5,58,253,130,123
050,72,039,"Puerto Rico Commonwealth","Ciales Municipio",5,59,258,114,144
050,72,039,"Puerto Rico Commonwealth","Ciales Municipio",5,60,251,109,142
050,72,039,"Puerto Rico Commonwealth","Ciales Municipio",5,61,254,122,132
050,72,039,"Puerto Rico Commonwealth","Ciales Municipio",5,62,269,130,139
050,72,039,"Puerto Rico Commonwealth","Ciales Municipio",5,63,284,132,152
050,72,039,"Puerto Rico Commonwealth","Ciales Municipio",5,64,291,134,157
050,72,039,"Puerto Rico Commonwealth","Ciales Municipio",5,65,294,139,155
050,72,039,"Puerto Rico Commonwealth","Ciales Municipio",5,66,285,141,144
050,72,039,"Puerto Rico Commonwealth","Ciales Municipio",5,67,267,137,130
050,72,039,"Puerto Rico Commonwealth","Ciales Municipio",5,68,255,127,128
050,72,039,"Puerto Rico Commonwealth","Ciales Municipio",5,69,227,112,115
050,72,039,"Puerto Rico Commonwealth","Ciales Municipio",5,70,202,100,102
050,72,039,"Puerto Rico Commonwealth","Ciales Municipio",5,71,199,96,103
050,72,039,"Puerto Rico Commonwealth","Ciales Municipio",5,72,203,101,102
050,72,039,"Puerto Rico Commonwealth","Ciales Municipio",5,73,202,102,100
050,72,039,"Puerto Rico Commonwealth","Ciales Municipio",5,74,200,105,95
050,72,039,"Puerto Rico Commonwealth","Ciales Municipio",5,75,191,97,94
050,72,039,"Puerto Rico Commonwealth","Ciales Municipio",5,76,181,90,91
050,72,039,"Puerto Rico Commonwealth","Ciales Municipio",5,77,169,86,83
050,72,039,"Puerto Rico Commonwealth","Ciales Municipio",5,78,137,70,67
050,72,039,"Puerto Rico Commonwealth","Ciales Municipio",5,79,122,51,71
050,72,039,"Puerto Rico Commonwealth","Ciales Municipio",5,80,129,62,67
050,72,039,"Puerto Rico Commonwealth","Ciales Municipio",5,81,119,60,59
050,72,039,"Puerto Rico Commonwealth","Ciales Municipio",5,82,105,49,56
050,72,039,"Puerto Rico Commonwealth","Ciales Municipio",5,83,100,50,50
050,72,039,"Puerto Rico Commonwealth","Ciales Municipio",5,84,90,45,45
050,72,039,"Puerto Rico Commonwealth","Ciales Municipio",5,85,615,242,373
050,72,041,"Puerto Rico Commonwealth","Cidra Municipio",1,0,269,140,129
050,72,041,"Puerto Rico Commonwealth","Cidra Municipio",1,1,265,146,119
050,72,041,"Puerto Rico Commonwealth","Cidra Municipio",1,2,284,149,135
050,72,041,"Puerto Rico Commonwealth","Cidra Municipio",1,3,326,167,159
050,72,041,"Puerto Rico Commonwealth","Cidra Municipio",1,4,355,181,174
050,72,041,"Puerto Rico Commonwealth","Cidra Municipio",1,5,352,176,176
050,72,041,"Puerto Rico Commonwealth","Cidra Municipio",1,6,373,187,186
050,72,041,"Puerto Rico Commonwealth","Cidra Municipio",1,7,432,220,212
050,72,041,"Puerto Rico Commonwealth","Cidra Municipio",1,8,427,208,219
050,72,041,"Puerto Rico Commonwealth","Cidra Municipio",1,9,449,232,217
050,72,041,"Puerto Rico Commonwealth","Cidra Municipio",1,10,455,227,228
050,72,041,"Puerto Rico Commonwealth","Cidra Municipio",1,11,459,228,231
050,72,041,"Puerto Rico Commonwealth","Cidra Municipio",1,12,431,222,209
050,72,041,"Puerto Rico Commonwealth","Cidra Municipio",1,13,458,232,226
050,72,041,"Puerto Rico Commonwealth","Cidra Municipio",1,14,515,272,243
050,72,041,"Puerto Rico Commonwealth","Cidra Municipio",1,15,510,262,248
050,72,041,"Puerto Rico Commonwealth","Cidra Municipio",1,16,470,235,235
050,72,041,"Puerto Rico Commonwealth","Cidra Municipio",1,17,480,228,252
050,72,041,"Puerto Rico Commonwealth","Cidra Municipio",1,18,500,252,248
050,72,041,"Puerto Rico Commonwealth","Cidra Municipio",1,19,516,268,248
050,72,041,"Puerto Rico Commonwealth","Cidra Municipio",1,20,525,260,265
050,72,041,"Puerto Rico Commonwealth","Cidra Municipio",1,21,518,261,257
050,72,041,"Puerto Rico Commonwealth","Cidra Municipio",1,22,528,270,258
050,72,041,"Puerto Rico Commonwealth","Cidra Municipio",1,23,511,266,245
050,72,041,"Puerto Rico Commonwealth","Cidra Municipio",1,24,522,260,262
050,72,041,"Puerto Rico Commonwealth","Cidra Municipio",1,25,550,289,261
050,72,041,"Puerto Rico Commonwealth","Cidra Municipio",1,26,540,266,274
050,72,041,"Puerto Rico Commonwealth","Cidra Municipio",1,27,536,253,283
050,72,041,"Puerto Rico Commonwealth","Cidra Municipio",1,28,526,270,256
050,72,041,"Puerto Rico Commonwealth","Cidra Municipio",1,29,510,247,263
050,72,041,"Puerto Rico Commonwealth","Cidra Municipio",1,30,547,274,273
050,72,041,"Puerto Rico Commonwealth","Cidra Municipio",1,31,524,272,252
050,72,041,"Puerto Rico Commonwealth","Cidra Municipio",1,32,506,253,253
050,72,041,"Puerto Rico Commonwealth","Cidra Municipio",1,33,480,229,251
050,72,041,"Puerto Rico Commonwealth","Cidra Municipio",1,34,443,211,232
050,72,041,"Puerto Rico Commonwealth","Cidra Municipio",1,35,447,204,243
050,72,041,"Puerto Rico Commonwealth","Cidra Municipio",1,36,482,221,261
050,72,041,"Puerto Rico Commonwealth","Cidra Municipio",1,37,497,242,255
050,72,041,"Puerto Rico Commonwealth","Cidra Municipio",1,38,486,230,256
050,72,041,"Puerto Rico Commonwealth","Cidra Municipio",1,39,518,242,276
050,72,041,"Puerto Rico Commonwealth","Cidra Municipio",1,40,520,246,274
050,72,041,"Puerto Rico Commonwealth","Cidra Municipio",1,41,497,232,265
050,72,041,"Puerto Rico Commonwealth","Cidra Municipio",1,42,525,256,269
050,72,041,"Puerto Rico Commonwealth","Cidra Municipio",1,43,536,248,288
050,72,041,"Puerto Rico Commonwealth","Cidra Municipio",1,44,506,232,274
050,72,041,"Puerto Rico Commonwealth","Cidra Municipio",1,45,497,228,269
050,72,041,"Puerto Rico Commonwealth","Cidra Municipio",1,46,489,213,276
050,72,041,"Puerto Rico Commonwealth","Cidra Municipio",1,47,488,226,262
050,72,041,"Puerto Rico Commonwealth","Cidra Municipio",1,48,528,239,289
050,72,041,"Puerto Rico Commonwealth","Cidra Municipio",1,49,557,252,305
050,72,041,"Puerto Rico Commonwealth","Cidra Municipio",1,50,568,283,285
050,72,041,"Puerto Rico Commonwealth","Cidra Municipio",1,51,547,273,274
050,72,041,"Puerto Rico Commonwealth","Cidra Municipio",1,52,515,264,251
050,72,041,"Puerto Rico Commonwealth","Cidra Municipio",1,53,510,253,257
050,72,041,"Puerto Rico Commonwealth","Cidra Municipio",1,54,575,272,303
050,72,041,"Puerto Rico Commonwealth","Cidra Municipio",1,55,601,277,324
050,72,041,"Puerto Rico Commonwealth","Cidra Municipio",1,56,602,279,323
050,72,041,"Puerto Rico Commonwealth","Cidra Municipio",1,57,603,265,338
050,72,041,"Puerto Rico Commonwealth","Cidra Municipio",1,58,592,266,326
050,72,041,"Puerto Rico Commonwealth","Cidra Municipio",1,59,620,295,325
050,72,041,"Puerto Rico Commonwealth","Cidra Municipio",1,60,612,301,311
050,72,041,"Puerto Rico Commonwealth","Cidra Municipio",1,61,598,304,294
050,72,041,"Puerto Rico Commonwealth","Cidra Municipio",1,62,560,271,289
050,72,041,"Puerto Rico Commonwealth","Cidra Municipio",1,63,555,277,278
050,72,041,"Puerto Rico Commonwealth","Cidra Municipio",1,64,525,251,274
050,72,041,"Puerto Rico Commonwealth","Cidra Municipio",1,65,536,252,284
050,72,041,"Puerto Rico Commonwealth","Cidra Municipio",1,66,519,248,271
050,72,041,"Puerto Rico Commonwealth","Cidra Municipio",1,67,508,250,258
050,72,041,"Puerto Rico Commonwealth","Cidra Municipio",1,68,475,228,247
050,72,041,"Puerto Rico Commonwealth","Cidra Municipio",1,69,441,221,220
050,72,041,"Puerto Rico Commonwealth","Cidra Municipio",1,70,431,214,217
050,72,041,"Puerto Rico Commonwealth","Cidra Municipio",1,71,414,194,220
050,72,041,"Puerto Rico Commonwealth","Cidra Municipio",1,72,430,205,225
050,72,041,"Puerto Rico Commonwealth","Cidra Municipio",1,73,420,198,222
050,72,041,"Puerto Rico Commonwealth","Cidra Municipio",1,74,404,195,209
050,72,041,"Puerto Rico Commonwealth","Cidra Municipio",1,75,359,171,188
050,72,041,"Puerto Rico Commonwealth","Cidra Municipio",1,76,333,152,181
050,72,041,"Puerto Rico Commonwealth","Cidra Municipio",1,77,281,124,157
050,72,041,"Puerto Rico Commonwealth","Cidra Municipio",1,78,247,99,148
050,72,041,"Puerto Rico Commonwealth","Cidra Municipio",1,79,262,115,147
050,72,041,"Puerto Rico Commonwealth","Cidra Municipio",1,80,217,91,126
050,72,041,"Puerto Rico Commonwealth","Cidra Municipio",1,81,161,63,98
050,72,041,"Puerto Rico Commonwealth","Cidra Municipio",1,82,179,64,115
050,72,041,"Puerto Rico Commonwealth","Cidra Municipio",1,83,170,70,100
050,72,041,"Puerto Rico Commonwealth","Cidra Municipio",1,84,124,49,75
050,72,041,"Puerto Rico Commonwealth","Cidra Municipio",1,85,811,317,494
050,72,041,"Puerto Rico Commonwealth","Cidra Municipio",2,0,262,135,127
050,72,041,"Puerto Rico Commonwealth","Cidra Municipio",2,1,266,145,121
050,72,041,"Puerto Rico Commonwealth","Cidra Municipio",2,2,279,148,131
050,72,041,"Puerto Rico Commonwealth","Cidra Municipio",2,3,315,162,153
050,72,041,"Puerto Rico Commonwealth","Cidra Municipio",2,4,349,178,171
050,72,041,"Puerto Rico Commonwealth","Cidra Municipio",2,5,352,177,175
050,72,041,"Puerto Rico Commonwealth","Cidra Municipio",2,6,368,184,184
050,72,041,"Puerto Rico Commonwealth","Cidra Municipio",2,7,417,212,205
050,72,041,"Puerto Rico Commonwealth","Cidra Municipio",2,8,428,211,217
050,72,041,"Puerto Rico Commonwealth","Cidra Municipio",2,9,444,226,218
050,72,041,"Puerto Rico Commonwealth","Cidra Municipio",2,10,453,228,225
050,72,041,"Puerto Rico Commonwealth","Cidra Municipio",2,11,458,228,230
050,72,041,"Puerto Rico Commonwealth","Cidra Municipio",2,12,439,224,215
050,72,041,"Puerto Rico Commonwealth","Cidra Municipio",2,13,451,229,222
050,72,041,"Puerto Rico Commonwealth","Cidra Municipio",2,14,500,262,238
050,72,041,"Puerto Rico Commonwealth","Cidra Municipio",2,15,512,265,247
050,72,041,"Puerto Rico Commonwealth","Cidra Municipio",2,16,479,241,238
050,72,041,"Puerto Rico Commonwealth","Cidra Municipio",2,17,478,230,248
050,72,041,"Puerto Rico Commonwealth","Cidra Municipio",2,18,495,246,249
050,72,041,"Puerto Rico Commonwealth","Cidra Municipio",2,19,512,264,248
050,72,041,"Puerto Rico Commonwealth","Cidra Municipio",2,20,523,262,261
050,72,041,"Puerto Rico Commonwealth","Cidra Municipio",2,21,520,261,259
050,72,041,"Puerto Rico Commonwealth","Cidra Municipio",2,22,526,268,258
050,72,041,"Puerto Rico Commonwealth","Cidra Municipio",2,23,515,267,248
050,72,041,"Puerto Rico Commonwealth","Cidra Municipio",2,24,517,259,258
050,72,041,"Puerto Rico Commonwealth","Cidra Municipio",2,25,542,281,261
050,72,041,"Puerto Rico Commonwealth","Cidra Municipio",2,26,541,270,271
050,72,041,"Puerto Rico Commonwealth","Cidra Municipio",2,27,536,256,280
050,72,041,"Puerto Rico Commonwealth","Cidra Municipio",2,28,529,266,263
050,72,041,"Puerto Rico Commonwealth","Cidra Municipio",2,29,513,251,262
050,72,041,"Puerto Rico Commonwealth","Cidra Municipio",2,30,538,268,270
050,72,041,"Puerto Rico Commonwealth","Cidra Municipio",2,31,529,272,257
050,72,041,"Puerto Rico Commonwealth","Cidra Municipio",2,32,511,258,253
050,72,041,"Puerto Rico Commonwealth","Cidra Municipio",2,33,486,235,251
050,72,041,"Puerto Rico Commonwealth","Cidra Municipio",2,34,452,215,237
050,72,041,"Puerto Rico Commonwealth","Cidra Municipio",2,35,446,206,240
050,72,041,"Puerto Rico Commonwealth","Cidra Municipio",2,36,474,217,257
050,72,041,"Puerto Rico Commonwealth","Cidra Municipio",2,37,492,236,256
050,72,041,"Puerto Rico Commonwealth","Cidra Municipio",2,38,489,233,256
050,72,041,"Puerto Rico Commonwealth","Cidra Municipio",2,39,510,239,271
050,72,041,"Puerto Rico Commonwealth","Cidra Municipio",2,40,520,245,275
050,72,041,"Puerto Rico Commonwealth","Cidra Municipio",2,41,502,235,267
050,72,041,"Puerto Rico Commonwealth","Cidra Municipio",2,42,518,250,268
050,72,041,"Puerto Rico Commonwealth","Cidra Municipio",2,43,532,249,283
050,72,041,"Puerto Rico Commonwealth","Cidra Municipio",2,44,514,236,278
050,72,041,"Puerto Rico Commonwealth","Cidra Municipio",2,45,499,229,270
050,72,041,"Puerto Rico Commonwealth","Cidra Municipio",2,46,491,217,274
050,72,041,"Puerto Rico Commonwealth","Cidra Municipio",2,47,489,223,266
050,72,041,"Puerto Rico Commonwealth","Cidra Municipio",2,48,517,235,282
050,72,041,"Puerto Rico Commonwealth","Cidra Municipio",2,49,549,248,301
050,72,041,"Puerto Rico Commonwealth","Cidra Municipio",2,50,565,275,290
050,72,041,"Puerto Rico Commonwealth","Cidra Municipio",2,51,553,276,277
050,72,041,"Puerto Rico Commonwealth","Cidra Municipio",2,52,521,265,256
050,72,041,"Puerto Rico Commonwealth","Cidra Municipio",2,53,510,255,255
050,72,041,"Puerto Rico Commonwealth","Cidra Municipio",2,54,558,267,291
050,72,041,"Puerto Rico Commonwealth","Cidra Municipio",2,55,595,276,319
050,72,041,"Puerto Rico Commonwealth","Cidra Municipio",2,56,601,278,323
050,72,041,"Puerto Rico Commonwealth","Cidra Municipio",2,57,604,269,335
050,72,041,"Puerto Rico Commonwealth","Cidra Municipio",2,58,595,266,329
050,72,041,"Puerto Rico Commonwealth","Cidra Municipio",2,59,612,287,325
050,72,041,"Puerto Rico Commonwealth","Cidra Municipio",2,60,612,298,314
050,72,041,"Puerto Rico Commonwealth","Cidra Municipio",2,61,602,303,299
050,72,041,"Puerto Rico Commonwealth","Cidra Municipio",2,62,569,279,290
050,72,041,"Puerto Rico Commonwealth","Cidra Municipio",2,63,556,275,281
050,72,041,"Puerto Rico Commonwealth","Cidra Municipio",2,64,530,256,274
050,72,041,"Puerto Rico Commonwealth","Cidra Municipio",2,65,532,251,281
050,72,041,"Puerto Rico Commonwealth","Cidra Municipio",2,66,519,247,272
050,72,041,"Puerto Rico Commonwealth","Cidra Municipio",2,67,512,250,262
050,72,041,"Puerto Rico Commonwealth","Cidra Municipio",2,68,481,231,250
050,72,041,"Puerto Rico Commonwealth","Cidra Municipio",2,69,446,223,223
050,72,041,"Puerto Rico Commonwealth","Cidra Municipio",2,70,432,214,218
050,72,041,"Puerto Rico Commonwealth","Cidra Municipio",2,71,416,197,219
050,72,041,"Puerto Rico Commonwealth","Cidra Municipio",2,72,426,202,224
050,72,041,"Puerto Rico Commonwealth","Cidra Municipio",2,73,423,200,223
050,72,041,"Puerto Rico Commonwealth","Cidra Municipio",2,74,403,193,210
050,72,041,"Puerto Rico Commonwealth","Cidra Municipio",2,75,370,177,193
050,72,041,"Puerto Rico Commonwealth","Cidra Municipio",2,76,338,156,182
050,72,041,"Puerto Rico Commonwealth","Cidra Municipio",2,77,292,129,163
050,72,041,"Puerto Rico Commonwealth","Cidra Municipio",2,78,253,103,150
050,72,041,"Puerto Rico Commonwealth","Cidra Municipio",2,79,254,108,146
050,72,041,"Puerto Rico Commonwealth","Cidra Municipio",2,80,229,97,132
050,72,041,"Puerto Rico Commonwealth","Cidra Municipio",2,81,172,69,103
050,72,041,"Puerto Rico Commonwealth","Cidra Municipio",2,82,170,62,108
050,72,041,"Puerto Rico Commonwealth","Cidra Municipio",2,83,170,68,102
050,72,041,"Puerto Rico Commonwealth","Cidra Municipio",2,84,134,54,80
050,72,041,"Puerto Rico Commonwealth","Cidra Municipio",2,85,825,319,506
050,72,041,"Puerto Rico Commonwealth","Cidra Municipio",3,0,231,106,125
050,72,041,"Puerto Rico Commonwealth","Cidra Municipio",3,1,265,136,129
050,72,041,"Puerto Rico Commonwealth","Cidra Municipio",3,2,267,146,121
050,72,041,"Puerto Rico Commonwealth","Cidra Municipio",3,3,279,148,131
050,72,041,"Puerto Rico Commonwealth","Cidra Municipio",3,4,317,163,154
050,72,041,"Puerto Rico Commonwealth","Cidra Municipio",3,5,351,179,172
050,72,041,"Puerto Rico Commonwealth","Cidra Municipio",3,6,354,178,176
050,72,041,"Puerto Rico Commonwealth","Cidra Municipio",3,7,373,188,185
050,72,041,"Puerto Rico Commonwealth","Cidra Municipio",3,8,419,213,206
050,72,041,"Puerto Rico Commonwealth","Cidra Municipio",3,9,427,209,218
050,72,041,"Puerto Rico Commonwealth","Cidra Municipio",3,10,449,230,219
050,72,041,"Puerto Rico Commonwealth","Cidra Municipio",3,11,450,225,225
050,72,041,"Puerto Rico Commonwealth","Cidra Municipio",3,12,459,228,231
050,72,041,"Puerto Rico Commonwealth","Cidra Municipio",3,13,443,224,219
050,72,041,"Puerto Rico Commonwealth","Cidra Municipio",3,14,452,228,224
050,72,041,"Puerto Rico Commonwealth","Cidra Municipio",3,15,510,270,240
050,72,041,"Puerto Rico Commonwealth","Cidra Municipio",3,16,501,259,242
050,72,041,"Puerto Rico Commonwealth","Cidra Municipio",3,17,472,238,234
050,72,041,"Puerto Rico Commonwealth","Cidra Municipio",3,18,466,224,242
050,72,041,"Puerto Rico Commonwealth","Cidra Municipio",3,19,490,243,247
050,72,041,"Puerto Rico Commonwealth","Cidra Municipio",3,20,506,262,244
050,72,041,"Puerto Rico Commonwealth","Cidra Municipio",3,21,520,261,259
050,72,041,"Puerto Rico Commonwealth","Cidra Municipio",3,22,518,259,259
050,72,041,"Puerto Rico Commonwealth","Cidra Municipio",3,23,526,267,259
050,72,041,"Puerto Rico Commonwealth","Cidra Municipio",3,24,518,269,249
050,72,041,"Puerto Rico Commonwealth","Cidra Municipio",3,25,517,258,259
050,72,041,"Puerto Rico Commonwealth","Cidra Municipio",3,26,543,281,262
050,72,041,"Puerto Rico Commonwealth","Cidra Municipio",3,27,542,271,271
050,72,041,"Puerto Rico Commonwealth","Cidra Municipio",3,28,538,257,281
050,72,041,"Puerto Rico Commonwealth","Cidra Municipio",3,29,526,262,264
050,72,041,"Puerto Rico Commonwealth","Cidra Municipio",3,30,516,253,263
050,72,041,"Puerto Rico Commonwealth","Cidra Municipio",3,31,543,272,271
050,72,041,"Puerto Rico Commonwealth","Cidra Municipio",3,32,532,274,258
050,72,041,"Puerto Rico Commonwealth","Cidra Municipio",3,33,513,258,255
050,72,041,"Puerto Rico Commonwealth","Cidra Municipio",3,34,488,235,253
050,72,041,"Puerto Rico Commonwealth","Cidra Municipio",3,35,456,218,238
050,72,041,"Puerto Rico Commonwealth","Cidra Municipio",3,36,446,206,240
050,72,041,"Puerto Rico Commonwealth","Cidra Municipio",3,37,475,216,259
050,72,041,"Puerto Rico Commonwealth","Cidra Municipio",3,38,493,236,257
050,72,041,"Puerto Rico Commonwealth","Cidra Municipio",3,39,493,236,257
050,72,041,"Puerto Rico Commonwealth","Cidra Municipio",3,40,517,239,278
050,72,041,"Puerto Rico Commonwealth","Cidra Municipio",3,41,516,246,270
050,72,041,"Puerto Rico Commonwealth","Cidra Municipio",3,42,505,237,268
050,72,041,"Puerto Rico Commonwealth","Cidra Municipio",3,43,519,251,268
050,72,041,"Puerto Rico Commonwealth","Cidra Municipio",3,44,529,247,282
050,72,041,"Puerto Rico Commonwealth","Cidra Municipio",3,45,513,236,277
050,72,041,"Puerto Rico Commonwealth","Cidra Municipio",3,46,500,230,270
050,72,041,"Puerto Rico Commonwealth","Cidra Municipio",3,47,492,218,274
050,72,041,"Puerto Rico Commonwealth","Cidra Municipio",3,48,492,223,269
050,72,041,"Puerto Rico Commonwealth","Cidra Municipio",3,49,515,236,279
050,72,041,"Puerto Rico Commonwealth","Cidra Municipio",3,50,545,245,300
050,72,041,"Puerto Rico Commonwealth","Cidra Municipio",3,51,564,275,289
050,72,041,"Puerto Rico Commonwealth","Cidra Municipio",3,52,556,279,277
050,72,041,"Puerto Rico Commonwealth","Cidra Municipio",3,53,520,264,256
050,72,041,"Puerto Rico Commonwealth","Cidra Municipio",3,54,513,259,254
050,72,041,"Puerto Rico Commonwealth","Cidra Municipio",3,55,554,263,291
050,72,041,"Puerto Rico Commonwealth","Cidra Municipio",3,56,595,277,318
050,72,041,"Puerto Rico Commonwealth","Cidra Municipio",3,57,598,274,324
050,72,041,"Puerto Rico Commonwealth","Cidra Municipio",3,58,605,271,334
050,72,041,"Puerto Rico Commonwealth","Cidra Municipio",3,59,604,274,330
050,72,041,"Puerto Rico Commonwealth","Cidra Municipio",3,60,602,278,324
050,72,041,"Puerto Rico Commonwealth","Cidra Municipio",3,61,612,298,314
050,72,041,"Puerto Rico Commonwealth","Cidra Municipio",3,62,599,300,299
050,72,041,"Puerto Rico Commonwealth","Cidra Municipio",3,63,572,279,293
050,72,041,"Puerto Rico Commonwealth","Cidra Municipio",3,64,548,270,278
050,72,041,"Puerto Rico Commonwealth","Cidra Municipio",3,65,521,250,271
050,72,041,"Puerto Rico Commonwealth","Cidra Municipio",3,66,528,245,283
050,72,041,"Puerto Rico Commonwealth","Cidra Municipio",3,67,525,252,273
050,72,041,"Puerto Rico Commonwealth","Cidra Municipio",3,68,503,243,260
050,72,041,"Puerto Rico Commonwealth","Cidra Municipio",3,69,478,230,248
050,72,041,"Puerto Rico Commonwealth","Cidra Municipio",3,70,434,218,216
050,72,041,"Puerto Rico Commonwealth","Cidra Municipio",3,71,428,202,226
050,72,041,"Puerto Rico Commonwealth","Cidra Municipio",3,72,398,195,203
050,72,041,"Puerto Rico Commonwealth","Cidra Municipio",3,73,414,192,222
050,72,041,"Puerto Rico Commonwealth","Cidra Municipio",3,74,432,212,220
050,72,041,"Puerto Rico Commonwealth","Cidra Municipio",3,75,373,169,204
050,72,041,"Puerto Rico Commonwealth","Cidra Municipio",3,76,358,168,190
050,72,041,"Puerto Rico Commonwealth","Cidra Municipio",3,77,327,149,178
050,72,041,"Puerto Rico Commonwealth","Cidra Municipio",3,78,281,125,156
050,72,041,"Puerto Rico Commonwealth","Cidra Municipio",3,79,237,100,137
050,72,041,"Puerto Rico Commonwealth","Cidra Municipio",3,80,238,96,142
050,72,041,"Puerto Rico Commonwealth","Cidra Municipio",3,81,224,93,131
050,72,041,"Puerto Rico Commonwealth","Cidra Municipio",3,82,161,66,95
050,72,041,"Puerto Rico Commonwealth","Cidra Municipio",3,83,164,63,101
050,72,041,"Puerto Rico Commonwealth","Cidra Municipio",3,84,158,65,93
050,72,041,"Puerto Rico Commonwealth","Cidra Municipio",3,85,857,327,530
050,72,041,"Puerto Rico Commonwealth","Cidra Municipio",4,0,200,110,90
050,72,041,"Puerto Rico Commonwealth","Cidra Municipio",4,1,229,105,124
050,72,041,"Puerto Rico Commonwealth","Cidra Municipio",4,2,262,135,127
050,72,041,"Puerto Rico Commonwealth","Cidra Municipio",4,3,263,144,119
050,72,041,"Puerto Rico Commonwealth","Cidra Municipio",4,4,275,146,129
050,72,041,"Puerto Rico Commonwealth","Cidra Municipio",4,5,314,162,152
050,72,041,"Puerto Rico Commonwealth","Cidra Municipio",4,6,349,178,171
050,72,041,"Puerto Rico Commonwealth","Cidra Municipio",4,7,356,181,175
050,72,041,"Puerto Rico Commonwealth","Cidra Municipio",4,8,371,187,184
050,72,041,"Puerto Rico Commonwealth","Cidra Municipio",4,9,412,208,204
050,72,041,"Puerto Rico Commonwealth","Cidra Municipio",4,10,427,211,216
050,72,041,"Puerto Rico Commonwealth","Cidra Municipio",4,11,440,224,216
050,72,041,"Puerto Rico Commonwealth","Cidra Municipio",4,12,445,222,223
050,72,041,"Puerto Rico Commonwealth","Cidra Municipio",4,13,458,225,233
050,72,041,"Puerto Rico Commonwealth","Cidra Municipio",4,14,440,221,219
050,72,041,"Puerto Rico Commonwealth","Cidra Municipio",4,15,455,232,223
050,72,041,"Puerto Rico Commonwealth","Cidra Municipio",4,16,492,260,232
050,72,041,"Puerto Rico Commonwealth","Cidra Municipio",4,17,488,253,235
050,72,041,"Puerto Rico Commonwealth","Cidra Municipio",4,18,453,228,225
050,72,041,"Puerto Rico Commonwealth","Cidra Municipio",4,19,455,217,238
050,72,041,"Puerto Rico Commonwealth","Cidra Municipio",4,20,478,237,241
050,72,041,"Puerto Rico Commonwealth","Cidra Municipio",4,21,494,255,239
050,72,041,"Puerto Rico Commonwealth","Cidra Municipio",4,22,511,255,256
050,72,041,"Puerto Rico Commonwealth","Cidra Municipio",4,23,509,252,257
050,72,041,"Puerto Rico Commonwealth","Cidra Municipio",4,24,520,263,257
050,72,041,"Puerto Rico Commonwealth","Cidra Municipio",4,25,512,265,247
050,72,041,"Puerto Rico Commonwealth","Cidra Municipio",4,26,510,253,257
050,72,041,"Puerto Rico Commonwealth","Cidra Municipio",4,27,535,275,260
050,72,041,"Puerto Rico Commonwealth","Cidra Municipio",4,28,536,267,269
050,72,041,"Puerto Rico Commonwealth","Cidra Municipio",4,29,525,246,279
050,72,041,"Puerto Rico Commonwealth","Cidra Municipio",4,30,522,259,263
050,72,041,"Puerto Rico Commonwealth","Cidra Municipio",4,31,511,250,261
050,72,041,"Puerto Rico Commonwealth","Cidra Municipio",4,32,542,272,270
050,72,041,"Puerto Rico Commonwealth","Cidra Municipio",4,33,525,268,257
050,72,041,"Puerto Rico Commonwealth","Cidra Municipio",4,34,508,254,254
050,72,041,"Puerto Rico Commonwealth","Cidra Municipio",4,35,484,233,251
050,72,041,"Puerto Rico Commonwealth","Cidra Municipio",4,36,451,214,237
050,72,041,"Puerto Rico Commonwealth","Cidra Municipio",4,37,441,204,237
050,72,041,"Puerto Rico Commonwealth","Cidra Municipio",4,38,469,211,258
050,72,041,"Puerto Rico Commonwealth","Cidra Municipio",4,39,491,235,256
050,72,041,"Puerto Rico Commonwealth","Cidra Municipio",4,40,495,232,263
050,72,041,"Puerto Rico Commonwealth","Cidra Municipio",4,41,505,235,270
050,72,041,"Puerto Rico Commonwealth","Cidra Municipio",4,42,510,242,268
050,72,041,"Puerto Rico Commonwealth","Cidra Municipio",4,43,505,239,266
050,72,041,"Puerto Rico Commonwealth","Cidra Municipio",4,44,512,246,266
050,72,041,"Puerto Rico Commonwealth","Cidra Municipio",4,45,521,241,280
050,72,041,"Puerto Rico Commonwealth","Cidra Municipio",4,46,507,232,275
050,72,041,"Puerto Rico Commonwealth","Cidra Municipio",4,47,495,228,267
050,72,041,"Puerto Rico Commonwealth","Cidra Municipio",4,48,492,215,277
050,72,041,"Puerto Rico Commonwealth","Cidra Municipio",4,49,486,222,264
050,72,041,"Puerto Rico Commonwealth","Cidra Municipio",4,50,512,235,277
050,72,041,"Puerto Rico Commonwealth","Cidra Municipio",4,51,542,243,299
050,72,041,"Puerto Rico Commonwealth","Cidra Municipio",4,52,564,278,286
050,72,041,"Puerto Rico Commonwealth","Cidra Municipio",4,53,550,274,276
050,72,041,"Puerto Rico Commonwealth","Cidra Municipio",4,54,522,267,255
050,72,041,"Puerto Rico Commonwealth","Cidra Municipio",4,55,502,251,251
050,72,041,"Puerto Rico Commonwealth","Cidra Municipio",4,56,554,266,288
050,72,041,"Puerto Rico Commonwealth","Cidra Municipio",4,57,589,271,318
050,72,041,"Puerto Rico Commonwealth","Cidra Municipio",4,58,596,274,322
050,72,041,"Puerto Rico Commonwealth","Cidra Municipio",4,59,612,279,333
050,72,041,"Puerto Rico Commonwealth","Cidra Municipio",4,60,593,265,328
050,72,041,"Puerto Rico Commonwealth","Cidra Municipio",4,61,598,275,323
050,72,041,"Puerto Rico Commonwealth","Cidra Municipio",4,62,610,297,313
050,72,041,"Puerto Rico Commonwealth","Cidra Municipio",4,63,601,301,300
050,72,041,"Puerto Rico Commonwealth","Cidra Municipio",4,64,564,276,288
050,72,041,"Puerto Rico Commonwealth","Cidra Municipio",4,65,539,264,275
050,72,041,"Puerto Rico Commonwealth","Cidra Municipio",4,66,521,248,273
050,72,041,"Puerto Rico Commonwealth","Cidra Municipio",4,67,531,252,279
050,72,041,"Puerto Rico Commonwealth","Cidra Municipio",4,68,509,240,269
050,72,041,"Puerto Rico Commonwealth","Cidra Municipio",4,69,500,244,256
050,72,041,"Puerto Rico Commonwealth","Cidra Municipio",4,70,469,227,242
050,72,041,"Puerto Rico Commonwealth","Cidra Municipio",4,71,436,209,227
050,72,041,"Puerto Rico Commonwealth","Cidra Municipio",4,72,409,197,212
050,72,041,"Puerto Rico Commonwealth","Cidra Municipio",4,73,392,189,203
050,72,041,"Puerto Rico Commonwealth","Cidra Municipio",4,74,426,205,221
050,72,041,"Puerto Rico Commonwealth","Cidra Municipio",4,75,403,186,217
050,72,041,"Puerto Rico Commonwealth","Cidra Municipio",4,76,360,160,200
050,72,041,"Puerto Rico Commonwealth","Cidra Municipio",4,77,351,162,189
050,72,041,"Puerto Rico Commonwealth","Cidra Municipio",4,78,318,143,175
050,72,041,"Puerto Rico Commonwealth","Cidra Municipio",4,79,264,122,142
050,72,041,"Puerto Rico Commonwealth","Cidra Municipio",4,80,221,90,131
050,72,041,"Puerto Rico Commonwealth","Cidra Municipio",4,81,231,89,142
050,72,041,"Puerto Rico Commonwealth","Cidra Municipio",4,82,214,90,124
050,72,041,"Puerto Rico Commonwealth","Cidra Municipio",4,83,149,62,87
050,72,041,"Puerto Rico Commonwealth","Cidra Municipio",4,84,147,56,91
050,72,041,"Puerto Rico Commonwealth","Cidra Municipio",4,85,902,353,549
050,72,041,"Puerto Rico Commonwealth","Cidra Municipio",5,0,216,115,101
050,72,041,"Puerto Rico Commonwealth","Cidra Municipio",5,1,202,111,91
050,72,041,"Puerto Rico Commonwealth","Cidra Municipio",5,2,231,106,125
050,72,041,"Puerto Rico Commonwealth","Cidra Municipio",5,3,264,136,128
050,72,041,"Puerto Rico Commonwealth","Cidra Municipio",5,4,265,145,120
050,72,041,"Puerto Rico Commonwealth","Cidra Municipio",5,5,277,147,130
050,72,041,"Puerto Rico Commonwealth","Cidra Municipio",5,6,316,163,153
050,72,041,"Puerto Rico Commonwealth","Cidra Municipio",5,7,356,184,172
050,72,041,"Puerto Rico Commonwealth","Cidra Municipio",5,8,358,182,176
050,72,041,"Puerto Rico Commonwealth","Cidra Municipio",5,9,369,184,185
050,72,041,"Puerto Rico Commonwealth","Cidra Municipio",5,10,419,214,205
050,72,041,"Puerto Rico Commonwealth","Cidra Municipio",5,11,425,208,217
050,72,041,"Puerto Rico Commonwealth","Cidra Municipio",5,12,442,225,217
050,72,041,"Puerto Rico Commonwealth","Cidra Municipio",5,13,451,223,228
050,72,041,"Puerto Rico Commonwealth","Cidra Municipio",5,14,462,226,236
050,72,041,"Puerto Rico Commonwealth","Cidra Municipio",5,15,450,230,220
050,72,041,"Puerto Rico Commonwealth","Cidra Municipio",5,16,444,226,218
050,72,041,"Puerto Rico Commonwealth","Cidra Municipio",5,17,487,258,229
050,72,041,"Puerto Rico Commonwealth","Cidra Municipio",5,18,477,247,230
050,72,041,"Puerto Rico Commonwealth","Cidra Municipio",5,19,450,225,225
050,72,041,"Puerto Rico Commonwealth","Cidra Municipio",5,20,449,215,234
050,72,041,"Puerto Rico Commonwealth","Cidra Municipio",5,21,476,235,241
050,72,041,"Puerto Rico Commonwealth","Cidra Municipio",5,22,492,253,239
050,72,041,"Puerto Rico Commonwealth","Cidra Municipio",5,23,513,255,258
050,72,041,"Puerto Rico Commonwealth","Cidra Municipio",5,24,512,253,259
050,72,041,"Puerto Rico Commonwealth","Cidra Municipio",5,25,522,263,259
050,72,041,"Puerto Rico Commonwealth","Cidra Municipio",5,26,513,265,248
050,72,041,"Puerto Rico Commonwealth","Cidra Municipio",5,27,512,254,258
050,72,041,"Puerto Rico Commonwealth","Cidra Municipio",5,28,536,275,261
050,72,041,"Puerto Rico Commonwealth","Cidra Municipio",5,29,533,263,270
050,72,041,"Puerto Rico Commonwealth","Cidra Municipio",5,30,530,248,282
050,72,041,"Puerto Rico Commonwealth","Cidra Municipio",5,31,527,262,265
050,72,041,"Puerto Rico Commonwealth","Cidra Municipio",5,32,516,254,262
050,72,041,"Puerto Rico Commonwealth","Cidra Municipio",5,33,543,270,273
050,72,041,"Puerto Rico Commonwealth","Cidra Municipio",5,34,527,269,258
050,72,041,"Puerto Rico Commonwealth","Cidra Municipio",5,35,510,254,256
050,72,041,"Puerto Rico Commonwealth","Cidra Municipio",5,36,486,233,253
050,72,041,"Puerto Rico Commonwealth","Cidra Municipio",5,37,455,216,239
050,72,041,"Puerto Rico Commonwealth","Cidra Municipio",5,38,441,204,237
050,72,041,"Puerto Rico Commonwealth","Cidra Municipio",5,39,473,214,259
050,72,041,"Puerto Rico Commonwealth","Cidra Municipio",5,40,499,234,265
050,72,041,"Puerto Rico Commonwealth","Cidra Municipio",5,41,486,232,254
050,72,041,"Puerto Rico Commonwealth","Cidra Municipio",5,42,503,232,271
050,72,041,"Puerto Rico Commonwealth","Cidra Municipio",5,43,515,247,268
050,72,041,"Puerto Rico Commonwealth","Cidra Municipio",5,44,502,236,266
050,72,041,"Puerto Rico Commonwealth","Cidra Municipio",5,45,509,243,266
050,72,041,"Puerto Rico Commonwealth","Cidra Municipio",5,46,524,243,281
050,72,041,"Puerto Rico Commonwealth","Cidra Municipio",5,47,508,232,276
050,72,041,"Puerto Rico Commonwealth","Cidra Municipio",5,48,499,227,272
050,72,041,"Puerto Rico Commonwealth","Cidra Municipio",5,49,489,216,273
050,72,041,"Puerto Rico Commonwealth","Cidra Municipio",5,50,486,222,264
050,72,041,"Puerto Rico Commonwealth","Cidra Municipio",5,51,512,237,275
050,72,041,"Puerto Rico Commonwealth","Cidra Municipio",5,52,548,248,300
050,72,041,"Puerto Rico Commonwealth","Cidra Municipio",5,53,558,275,283
050,72,041,"Puerto Rico Commonwealth","Cidra Municipio",5,54,551,276,275
050,72,041,"Puerto Rico Commonwealth","Cidra Municipio",5,55,515,261,254
050,72,041,"Puerto Rico Commonwealth","Cidra Municipio",5,56,506,256,250
050,72,041,"Puerto Rico Commonwealth","Cidra Municipio",5,57,552,264,288
050,72,041,"Puerto Rico Commonwealth","Cidra Municipio",5,58,591,273,318
050,72,041,"Puerto Rico Commonwealth","Cidra Municipio",5,59,604,281,323
050,72,041,"Puerto Rico Commonwealth","Cidra Municipio",5,60,601,268,333
050,72,041,"Puerto Rico Commonwealth","Cidra Municipio",5,61,591,263,328
050,72,041,"Puerto Rico Commonwealth","Cidra Municipio",5,62,589,270,319
050,72,041,"Puerto Rico Commonwealth","Cidra Municipio",5,63,612,294,318
050,72,041,"Puerto Rico Commonwealth","Cidra Municipio",5,64,588,294,294
050,72,041,"Puerto Rico Commonwealth","Cidra Municipio",5,65,555,269,286
050,72,041,"Puerto Rico Commonwealth","Cidra Municipio",5,66,540,261,279
050,72,041,"Puerto Rico Commonwealth","Cidra Municipio",5,67,527,255,272
050,72,041,"Puerto Rico Commonwealth","Cidra Municipio",5,68,524,245,279
050,72,041,"Puerto Rico Commonwealth","Cidra Municipio",5,69,506,237,269
050,72,041,"Puerto Rico Commonwealth","Cidra Municipio",5,70,489,241,248
050,72,041,"Puerto Rico Commonwealth","Cidra Municipio",5,71,465,212,253
050,72,041,"Puerto Rico Commonwealth","Cidra Municipio",5,72,425,212,213
050,72,041,"Puerto Rico Commonwealth","Cidra Municipio",5,73,396,187,209
050,72,041,"Puerto Rico Commonwealth","Cidra Municipio",5,74,404,199,205
050,72,041,"Puerto Rico Commonwealth","Cidra Municipio",5,75,399,182,217
050,72,041,"Puerto Rico Commonwealth","Cidra Municipio",5,76,389,177,212
050,72,041,"Puerto Rico Commonwealth","Cidra Municipio",5,77,349,154,195
050,72,041,"Puerto Rico Commonwealth","Cidra Municipio",5,78,345,156,189
050,72,041,"Puerto Rico Commonwealth","Cidra Municipio",5,79,300,135,165
050,72,041,"Puerto Rico Commonwealth","Cidra Municipio",5,80,245,110,135
050,72,041,"Puerto Rico Commonwealth","Cidra Municipio",5,81,210,82,128
050,72,041,"Puerto Rico Commonwealth","Cidra Municipio",5,82,217,82,135
050,72,041,"Puerto Rico Commonwealth","Cidra Municipio",5,83,205,89,116
050,72,041,"Puerto Rico Commonwealth","Cidra Municipio",5,84,128,51,77
050,72,041,"Puerto Rico Commonwealth","Cidra Municipio",5,85,935,371,564
050,72,043,"Puerto Rico Commonwealth","Coamo Municipio",1,0,231,124,107
050,72,043,"Puerto Rico Commonwealth","Coamo Municipio",1,1,211,112,99
050,72,043,"Puerto Rico Commonwealth","Coamo Municipio",1,2,226,131,95
050,72,043,"Puerto Rico Commonwealth","Coamo Municipio",1,3,246,134,112
050,72,043,"Puerto Rico Commonwealth","Coamo Municipio",1,4,251,120,131
050,72,043,"Puerto Rico Commonwealth","Coamo Municipio",1,5,294,144,150
050,72,043,"Puerto Rico Commonwealth","Coamo Municipio",1,6,321,170,151
050,72,043,"Puerto Rico Commonwealth","Coamo Municipio",1,7,343,186,157
050,72,043,"Puerto Rico Commonwealth","Coamo Municipio",1,8,361,181,180
050,72,043,"Puerto Rico Commonwealth","Coamo Municipio",1,9,389,193,196
050,72,043,"Puerto Rico Commonwealth","Coamo Municipio",1,10,420,217,203
050,72,043,"Puerto Rico Commonwealth","Coamo Municipio",1,11,457,230,227
050,72,043,"Puerto Rico Commonwealth","Coamo Municipio",1,12,452,224,228
050,72,043,"Puerto Rico Commonwealth","Coamo Municipio",1,13,432,212,220
050,72,043,"Puerto Rico Commonwealth","Coamo Municipio",1,14,427,214,213
050,72,043,"Puerto Rico Commonwealth","Coamo Municipio",1,15,415,214,201
050,72,043,"Puerto Rico Commonwealth","Coamo Municipio",1,16,361,193,168
050,72,043,"Puerto Rico Commonwealth","Coamo Municipio",1,17,354,184,170
050,72,043,"Puerto Rico Commonwealth","Coamo Municipio",1,18,376,195,181
050,72,043,"Puerto Rico Commonwealth","Coamo Municipio",1,19,379,202,177
050,72,043,"Puerto Rico Commonwealth","Coamo Municipio",1,20,381,193,188
050,72,043,"Puerto Rico Commonwealth","Coamo Municipio",1,21,384,194,190
050,72,043,"Puerto Rico Commonwealth","Coamo Municipio",1,22,367,183,184
050,72,043,"Puerto Rico Commonwealth","Coamo Municipio",1,23,371,184,187
050,72,043,"Puerto Rico Commonwealth","Coamo Municipio",1,24,373,198,175
050,72,043,"Puerto Rico Commonwealth","Coamo Municipio",1,25,388,198,190
050,72,043,"Puerto Rico Commonwealth","Coamo Municipio",1,26,369,189,180
050,72,043,"Puerto Rico Commonwealth","Coamo Municipio",1,27,412,205,207
050,72,043,"Puerto Rico Commonwealth","Coamo Municipio",1,28,416,209,207
050,72,043,"Puerto Rico Commonwealth","Coamo Municipio",1,29,428,220,208
050,72,043,"Puerto Rico Commonwealth","Coamo Municipio",1,30,434,208,226
050,72,043,"Puerto Rico Commonwealth","Coamo Municipio",1,31,424,204,220
050,72,043,"Puerto Rico Commonwealth","Coamo Municipio",1,32,428,205,223
050,72,043,"Puerto Rico Commonwealth","Coamo Municipio",1,33,390,182,208
050,72,043,"Puerto Rico Commonwealth","Coamo Municipio",1,34,400,176,224
050,72,043,"Puerto Rico Commonwealth","Coamo Municipio",1,35,430,194,236
050,72,043,"Puerto Rico Commonwealth","Coamo Municipio",1,36,437,199,238
050,72,043,"Puerto Rico Commonwealth","Coamo Municipio",1,37,442,204,238
050,72,043,"Puerto Rico Commonwealth","Coamo Municipio",1,38,470,207,263
050,72,043,"Puerto Rico Commonwealth","Coamo Municipio",1,39,498,211,287
050,72,043,"Puerto Rico Commonwealth","Coamo Municipio",1,40,508,226,282
050,72,043,"Puerto Rico Commonwealth","Coamo Municipio",1,41,483,210,273
050,72,043,"Puerto Rico Commonwealth","Coamo Municipio",1,42,512,232,280
050,72,043,"Puerto Rico Commonwealth","Coamo Municipio",1,43,477,234,243
050,72,043,"Puerto Rico Commonwealth","Coamo Municipio",1,44,463,225,238
050,72,043,"Puerto Rico Commonwealth","Coamo Municipio",1,45,491,234,257
050,72,043,"Puerto Rico Commonwealth","Coamo Municipio",1,46,496,240,256
050,72,043,"Puerto Rico Commonwealth","Coamo Municipio",1,47,508,248,260
050,72,043,"Puerto Rico Commonwealth","Coamo Municipio",1,48,535,253,282
050,72,043,"Puerto Rico Commonwealth","Coamo Municipio",1,49,511,239,272
050,72,043,"Puerto Rico Commonwealth","Coamo Municipio",1,50,497,228,269
050,72,043,"Puerto Rico Commonwealth","Coamo Municipio",1,51,476,237,239
050,72,043,"Puerto Rico Commonwealth","Coamo Municipio",1,52,481,246,235
050,72,043,"Puerto Rico Commonwealth","Coamo Municipio",1,53,514,258,256
050,72,043,"Puerto Rico Commonwealth","Coamo Municipio",1,54,522,254,268
050,72,043,"Puerto Rico Commonwealth","Coamo Municipio",1,55,501,236,265
050,72,043,"Puerto Rico Commonwealth","Coamo Municipio",1,56,507,238,269
050,72,043,"Puerto Rico Commonwealth","Coamo Municipio",1,57,521,258,263
050,72,043,"Puerto Rico Commonwealth","Coamo Municipio",1,58,508,250,258
050,72,043,"Puerto Rico Commonwealth","Coamo Municipio",1,59,519,244,275
050,72,043,"Puerto Rico Commonwealth","Coamo Municipio",1,60,530,259,271
050,72,043,"Puerto Rico Commonwealth","Coamo Municipio",1,61,546,264,282
050,72,043,"Puerto Rico Commonwealth","Coamo Municipio",1,62,560,265,295
050,72,043,"Puerto Rico Commonwealth","Coamo Municipio",1,63,560,266,294
050,72,043,"Puerto Rico Commonwealth","Coamo Municipio",1,64,533,253,280
050,72,043,"Puerto Rico Commonwealth","Coamo Municipio",1,65,489,238,251
050,72,043,"Puerto Rico Commonwealth","Coamo Municipio",1,66,435,224,211
050,72,043,"Puerto Rico Commonwealth","Coamo Municipio",1,67,418,214,204
050,72,043,"Puerto Rico Commonwealth","Coamo Municipio",1,68,418,202,216
050,72,043,"Puerto Rico Commonwealth","Coamo Municipio",1,69,441,216,225
050,72,043,"Puerto Rico Commonwealth","Coamo Municipio",1,70,439,220,219
050,72,043,"Puerto Rico Commonwealth","Coamo Municipio",1,71,399,193,206
050,72,043,"Puerto Rico Commonwealth","Coamo Municipio",1,72,392,188,204
050,72,043,"Puerto Rico Commonwealth","Coamo Municipio",1,73,370,176,194
050,72,043,"Puerto Rico Commonwealth","Coamo Municipio",1,74,339,163,176
050,72,043,"Puerto Rico Commonwealth","Coamo Municipio",1,75,288,131,157
050,72,043,"Puerto Rico Commonwealth","Coamo Municipio",1,76,256,106,150
050,72,043,"Puerto Rico Commonwealth","Coamo Municipio",1,77,215,96,119
050,72,043,"Puerto Rico Commonwealth","Coamo Municipio",1,78,221,103,118
050,72,043,"Puerto Rico Commonwealth","Coamo Municipio",1,79,170,70,100
050,72,043,"Puerto Rico Commonwealth","Coamo Municipio",1,80,154,66,88
050,72,043,"Puerto Rico Commonwealth","Coamo Municipio",1,81,162,71,91
050,72,043,"Puerto Rico Commonwealth","Coamo Municipio",1,82,148,61,87
050,72,043,"Puerto Rico Commonwealth","Coamo Municipio",1,83,121,45,76
050,72,043,"Puerto Rico Commonwealth","Coamo Municipio",1,84,116,54,62
050,72,043,"Puerto Rico Commonwealth","Coamo Municipio",1,85,730,305,425
050,72,043,"Puerto Rico Commonwealth","Coamo Municipio",2,0,230,123,107
050,72,043,"Puerto Rico Commonwealth","Coamo Municipio",2,1,216,115,101
050,72,043,"Puerto Rico Commonwealth","Coamo Municipio",2,2,222,126,96
050,72,043,"Puerto Rico Commonwealth","Coamo Municipio",2,3,242,134,108
050,72,043,"Puerto Rico Commonwealth","Coamo Municipio",2,4,249,123,126
050,72,043,"Puerto Rico Commonwealth","Coamo Municipio",2,5,284,138,146
050,72,043,"Puerto Rico Commonwealth","Coamo Municipio",2,6,314,164,150
050,72,043,"Puerto Rico Commonwealth","Coamo Municipio",2,7,338,182,156
050,72,043,"Puerto Rico Commonwealth","Coamo Municipio",2,8,356,182,174
050,72,043,"Puerto Rico Commonwealth","Coamo Municipio",2,9,380,189,191
050,72,043,"Puerto Rico Commonwealth","Coamo Municipio",2,10,410,210,200
050,72,043,"Puerto Rico Commonwealth","Coamo Municipio",2,11,446,226,220
050,72,043,"Puerto Rico Commonwealth","Coamo Municipio",2,12,451,224,227
050,72,043,"Puerto Rico Commonwealth","Coamo Municipio",2,13,434,214,220
050,72,043,"Puerto Rico Commonwealth","Coamo Municipio",2,14,425,212,213
050,72,043,"Puerto Rico Commonwealth","Coamo Municipio",2,15,414,212,202
050,72,043,"Puerto Rico Commonwealth","Coamo Municipio",2,16,370,196,174
050,72,043,"Puerto Rico Commonwealth","Coamo Municipio",2,17,352,184,168
050,72,043,"Puerto Rico Commonwealth","Coamo Municipio",2,18,366,190,176
050,72,043,"Puerto Rico Commonwealth","Coamo Municipio",2,19,375,199,176
050,72,043,"Puerto Rico Commonwealth","Coamo Municipio",2,20,376,193,183
050,72,043,"Puerto Rico Commonwealth","Coamo Municipio",2,21,380,192,188
050,72,043,"Puerto Rico Commonwealth","Coamo Municipio",2,22,368,184,184
050,72,043,"Puerto Rico Commonwealth","Coamo Municipio",2,23,367,182,185
050,72,043,"Puerto Rico Commonwealth","Coamo Municipio",2,24,371,194,177
050,72,043,"Puerto Rico Commonwealth","Coamo Municipio",2,25,383,197,186
050,72,043,"Puerto Rico Commonwealth","Coamo Municipio",2,26,372,190,182
050,72,043,"Puerto Rico Commonwealth","Coamo Municipio",2,27,400,200,200
050,72,043,"Puerto Rico Commonwealth","Coamo Municipio",2,28,414,207,207
050,72,043,"Puerto Rico Commonwealth","Coamo Municipio",2,29,424,216,208
050,72,043,"Puerto Rico Commonwealth","Coamo Municipio",2,30,433,211,222
050,72,043,"Puerto Rico Commonwealth","Coamo Municipio",2,31,426,205,221
050,72,043,"Puerto Rico Commonwealth","Coamo Municipio",2,32,427,205,222
050,72,043,"Puerto Rico Commonwealth","Coamo Municipio",2,33,400,188,212
050,72,043,"Puerto Rico Commonwealth","Coamo Municipio",2,34,397,177,220
050,72,043,"Puerto Rico Commonwealth","Coamo Municipio",2,35,423,190,233
050,72,043,"Puerto Rico Commonwealth","Coamo Municipio",2,36,435,197,238
050,72,043,"Puerto Rico Commonwealth","Coamo Municipio",2,37,441,203,238
050,72,043,"Puerto Rico Commonwealth","Coamo Municipio",2,38,462,206,256
050,72,043,"Puerto Rico Commonwealth","Coamo Municipio",2,39,491,210,281
050,72,043,"Puerto Rico Commonwealth","Coamo Municipio",2,40,507,223,284
050,72,043,"Puerto Rico Commonwealth","Coamo Municipio",2,41,488,213,275
050,72,043,"Puerto Rico Commonwealth","Coamo Municipio",2,42,504,226,278
050,72,043,"Puerto Rico Commonwealth","Coamo Municipio",2,43,486,234,252
050,72,043,"Puerto Rico Commonwealth","Coamo Municipio",2,44,466,227,239
050,72,043,"Puerto Rico Commonwealth","Coamo Municipio",2,45,484,232,252
050,72,043,"Puerto Rico Commonwealth","Coamo Municipio",2,46,494,238,256
050,72,043,"Puerto Rico Commonwealth","Coamo Municipio",2,47,505,246,259
050,72,043,"Puerto Rico Commonwealth","Coamo Municipio",2,48,530,253,277
050,72,043,"Puerto Rico Commonwealth","Coamo Municipio",2,49,517,243,274
050,72,043,"Puerto Rico Commonwealth","Coamo Municipio",2,50,502,232,270
050,72,043,"Puerto Rico Commonwealth","Coamo Municipio",2,51,482,236,246
050,72,043,"Puerto Rico Commonwealth","Coamo Municipio",2,52,480,244,236
050,72,043,"Puerto Rico Commonwealth","Coamo Municipio",2,53,507,256,251
050,72,043,"Puerto Rico Commonwealth","Coamo Municipio",2,54,522,256,266
050,72,043,"Puerto Rico Commonwealth","Coamo Municipio",2,55,506,239,267
050,72,043,"Puerto Rico Commonwealth","Coamo Municipio",2,56,507,239,268
050,72,043,"Puerto Rico Commonwealth","Coamo Municipio",2,57,519,254,265
050,72,043,"Puerto Rico Commonwealth","Coamo Municipio",2,58,514,253,261
050,72,043,"Puerto Rico Commonwealth","Coamo Municipio",2,59,516,245,271
050,72,043,"Puerto Rico Commonwealth","Coamo Municipio",2,60,528,256,272
050,72,043,"Puerto Rico Commonwealth","Coamo Municipio",2,61,543,263,280
050,72,043,"Puerto Rico Commonwealth","Coamo Municipio",2,62,557,266,291
050,72,043,"Puerto Rico Commonwealth","Coamo Municipio",2,63,562,266,296
050,72,043,"Puerto Rico Commonwealth","Coamo Municipio",2,64,538,255,283
050,72,043,"Puerto Rico Commonwealth","Coamo Municipio",2,65,500,242,258
050,72,043,"Puerto Rico Commonwealth","Coamo Municipio",2,66,446,226,220
050,72,043,"Puerto Rico Commonwealth","Coamo Municipio",2,67,423,217,206
050,72,043,"Puerto Rico Commonwealth","Coamo Municipio",2,68,416,204,212
050,72,043,"Puerto Rico Commonwealth","Coamo Municipio",2,69,434,211,223
050,72,043,"Puerto Rico Commonwealth","Coamo Municipio",2,70,433,215,218
050,72,043,"Puerto Rico Commonwealth","Coamo Municipio",2,71,408,199,209
050,72,043,"Puerto Rico Commonwealth","Coamo Municipio",2,72,390,188,202
050,72,043,"Puerto Rico Commonwealth","Coamo Municipio",2,73,372,177,195
050,72,043,"Puerto Rico Commonwealth","Coamo Municipio",2,74,343,164,179
050,72,043,"Puerto Rico Commonwealth","Coamo Municipio",2,75,297,137,160
050,72,043,"Puerto Rico Commonwealth","Coamo Municipio",2,76,263,112,151
050,72,043,"Puerto Rico Commonwealth","Coamo Municipio",2,77,220,96,124
050,72,043,"Puerto Rico Commonwealth","Coamo Municipio",2,78,217,100,117
050,72,043,"Puerto Rico Commonwealth","Coamo Municipio",2,79,179,78,101
050,72,043,"Puerto Rico Commonwealth","Coamo Municipio",2,80,155,65,90
050,72,043,"Puerto Rico Commonwealth","Coamo Municipio",2,81,156,67,89
050,72,043,"Puerto Rico Commonwealth","Coamo Municipio",2,82,147,62,85
050,72,043,"Puerto Rico Commonwealth","Coamo Municipio",2,83,127,49,78
050,72,043,"Puerto Rico Commonwealth","Coamo Municipio",2,84,115,51,64
050,72,043,"Puerto Rico Commonwealth","Coamo Municipio",2,85,734,310,424
050,72,043,"Puerto Rico Commonwealth","Coamo Municipio",3,0,178,86,92
050,72,043,"Puerto Rico Commonwealth","Coamo Municipio",3,1,233,125,108
050,72,043,"Puerto Rico Commonwealth","Coamo Municipio",3,2,217,116,101
050,72,043,"Puerto Rico Commonwealth","Coamo Municipio",3,3,222,126,96
050,72,043,"Puerto Rico Commonwealth","Coamo Municipio",3,4,243,135,108
050,72,043,"Puerto Rico Commonwealth","Coamo Municipio",3,5,248,123,125
050,72,043,"Puerto Rico Commonwealth","Coamo Municipio",3,6,283,137,146
050,72,043,"Puerto Rico Commonwealth","Coamo Municipio",3,7,312,163,149
050,72,043,"Puerto Rico Commonwealth","Coamo Municipio",3,8,335,181,154
050,72,043,"Puerto Rico Commonwealth","Coamo Municipio",3,9,352,180,172
050,72,043,"Puerto Rico Commonwealth","Coamo Municipio",3,10,373,186,187
050,72,043,"Puerto Rico Commonwealth","Coamo Municipio",3,11,400,205,195
050,72,043,"Puerto Rico Commonwealth","Coamo Municipio",3,12,436,221,215
050,72,043,"Puerto Rico Commonwealth","Coamo Municipio",3,13,441,219,222
050,72,043,"Puerto Rico Commonwealth","Coamo Municipio",3,14,422,208,214
050,72,043,"Puerto Rico Commonwealth","Coamo Municipio",3,15,411,204,207
050,72,043,"Puerto Rico Commonwealth","Coamo Municipio",3,16,401,205,196
050,72,043,"Puerto Rico Commonwealth","Coamo Municipio",3,17,356,189,167
050,72,043,"Puerto Rico Commonwealth","Coamo Municipio",3,18,337,176,161
050,72,043,"Puerto Rico Commonwealth","Coamo Municipio",3,19,346,179,167
050,72,043,"Puerto Rico Commonwealth","Coamo Municipio",3,20,358,189,169
050,72,043,"Puerto Rico Commonwealth","Coamo Municipio",3,21,363,186,177
050,72,043,"Puerto Rico Commonwealth","Coamo Municipio",3,22,370,186,184
050,72,043,"Puerto Rico Commonwealth","Coamo Municipio",3,23,361,177,184
050,72,043,"Puerto Rico Commonwealth","Coamo Municipio",3,24,360,181,179
050,72,043,"Puerto Rico Commonwealth","Coamo Municipio",3,25,364,190,174
050,72,043,"Puerto Rico Commonwealth","Coamo Municipio",3,26,376,191,185
050,72,043,"Puerto Rico Commonwealth","Coamo Municipio",3,27,373,192,181
050,72,043,"Puerto Rico Commonwealth","Coamo Municipio",3,28,397,197,200
050,72,043,"Puerto Rico Commonwealth","Coamo Municipio",3,29,414,204,210
050,72,043,"Puerto Rico Commonwealth","Coamo Municipio",3,30,423,213,210
050,72,043,"Puerto Rico Commonwealth","Coamo Municipio",3,31,429,214,215
050,72,043,"Puerto Rico Commonwealth","Coamo Municipio",3,32,428,205,223
050,72,043,"Puerto Rico Commonwealth","Coamo Municipio",3,33,433,208,225
050,72,043,"Puerto Rico Commonwealth","Coamo Municipio",3,34,402,187,215
050,72,043,"Puerto Rico Commonwealth","Coamo Municipio",3,35,400,180,220
050,72,043,"Puerto Rico Commonwealth","Coamo Municipio",3,36,426,191,235
050,72,043,"Puerto Rico Commonwealth","Coamo Municipio",3,37,440,200,240
050,72,043,"Puerto Rico Commonwealth","Coamo Municipio",3,38,441,202,239
050,72,043,"Puerto Rico Commonwealth","Coamo Municipio",3,39,467,210,257
050,72,043,"Puerto Rico Commonwealth","Coamo Municipio",3,40,491,210,281
050,72,043,"Puerto Rico Commonwealth","Coamo Municipio",3,41,509,225,284
050,72,043,"Puerto Rico Commonwealth","Coamo Municipio",3,42,491,216,275
050,72,043,"Puerto Rico Commonwealth","Coamo Municipio",3,43,505,228,277
050,72,043,"Puerto Rico Commonwealth","Coamo Municipio",3,44,487,236,251
050,72,043,"Puerto Rico Commonwealth","Coamo Municipio",3,45,469,227,242
050,72,043,"Puerto Rico Commonwealth","Coamo Municipio",3,46,486,236,250
050,72,043,"Puerto Rico Commonwealth","Coamo Municipio",3,47,490,236,254
050,72,043,"Puerto Rico Commonwealth","Coamo Municipio",3,48,509,249,260
050,72,043,"Puerto Rico Commonwealth","Coamo Municipio",3,49,533,255,278
050,72,043,"Puerto Rico Commonwealth","Coamo Municipio",3,50,518,244,274
050,72,043,"Puerto Rico Commonwealth","Coamo Municipio",3,51,507,237,270
050,72,043,"Puerto Rico Commonwealth","Coamo Municipio",3,52,482,234,248
050,72,043,"Puerto Rico Commonwealth","Coamo Municipio",3,53,489,251,238
050,72,043,"Puerto Rico Commonwealth","Coamo Municipio",3,54,510,258,252
050,72,043,"Puerto Rico Commonwealth","Coamo Municipio",3,55,528,260,268
050,72,043,"Puerto Rico Commonwealth","Coamo Municipio",3,56,505,236,269
050,72,043,"Puerto Rico Commonwealth","Coamo Municipio",3,57,516,242,274
050,72,043,"Puerto Rico Commonwealth","Coamo Municipio",3,58,522,257,265
050,72,043,"Puerto Rico Commonwealth","Coamo Municipio",3,59,513,250,263
050,72,043,"Puerto Rico Commonwealth","Coamo Municipio",3,60,527,253,274
050,72,043,"Puerto Rico Commonwealth","Coamo Municipio",3,61,523,252,271
050,72,043,"Puerto Rico Commonwealth","Coamo Municipio",3,62,548,265,283
050,72,043,"Puerto Rico Commonwealth","Coamo Municipio",3,63,557,267,290
050,72,043,"Puerto Rico Commonwealth","Coamo Municipio",3,64,564,263,301
050,72,043,"Puerto Rico Commonwealth","Coamo Municipio",3,65,533,254,279
050,72,043,"Puerto Rico Commonwealth","Coamo Municipio",3,66,502,245,257
050,72,043,"Puerto Rico Commonwealth","Coamo Municipio",3,67,442,224,218
050,72,043,"Puerto Rico Commonwealth","Coamo Municipio",3,68,417,213,204
050,72,043,"Puerto Rico Commonwealth","Coamo Municipio",3,69,411,199,212
050,72,043,"Puerto Rico Commonwealth","Coamo Municipio",3,70,418,204,214
050,72,043,"Puerto Rico Commonwealth","Coamo Municipio",3,71,425,209,216
050,72,043,"Puerto Rico Commonwealth","Coamo Municipio",3,72,399,195,204
050,72,043,"Puerto Rico Commonwealth","Coamo Municipio",3,73,369,177,192
050,72,043,"Puerto Rico Commonwealth","Coamo Municipio",3,74,356,162,194
050,72,043,"Puerto Rico Commonwealth","Coamo Municipio",3,75,326,158,168
050,72,043,"Puerto Rico Commonwealth","Coamo Municipio",3,76,287,132,155
050,72,043,"Puerto Rico Commonwealth","Coamo Municipio",3,77,248,106,142
050,72,043,"Puerto Rico Commonwealth","Coamo Municipio",3,78,208,93,115
050,72,043,"Puerto Rico Commonwealth","Coamo Municipio",3,79,199,85,114
050,72,043,"Puerto Rico Commonwealth","Coamo Municipio",3,80,172,75,97
050,72,043,"Puerto Rico Commonwealth","Coamo Municipio",3,81,144,64,80
050,72,043,"Puerto Rico Commonwealth","Coamo Municipio",3,82,148,63,85
050,72,043,"Puerto Rico Commonwealth","Coamo Municipio",3,83,130,55,75
050,72,043,"Puerto Rico Commonwealth","Coamo Municipio",3,84,114,46,68
050,72,043,"Puerto Rico Commonwealth","Coamo Municipio",3,85,753,323,430
050,72,043,"Puerto Rico Commonwealth","Coamo Municipio",4,0,221,118,103
050,72,043,"Puerto Rico Commonwealth","Coamo Municipio",4,1,176,85,91
050,72,043,"Puerto Rico Commonwealth","Coamo Municipio",4,2,230,124,106
050,72,043,"Puerto Rico Commonwealth","Coamo Municipio",4,3,214,114,100
050,72,043,"Puerto Rico Commonwealth","Coamo Municipio",4,4,218,124,94
050,72,043,"Puerto Rico Commonwealth","Coamo Municipio",4,5,240,134,106
050,72,043,"Puerto Rico Commonwealth","Coamo Municipio",4,6,244,121,123
050,72,043,"Puerto Rico Commonwealth","Coamo Municipio",4,7,277,134,143
050,72,043,"Puerto Rico Commonwealth","Coamo Municipio",4,8,305,159,146
050,72,043,"Puerto Rico Commonwealth","Coamo Municipio",4,9,327,177,150
050,72,043,"Puerto Rico Commonwealth","Coamo Municipio",4,10,342,175,167
050,72,043,"Puerto Rico Commonwealth","Coamo Municipio",4,11,360,179,181
050,72,043,"Puerto Rico Commonwealth","Coamo Municipio",4,12,385,197,188
050,72,043,"Puerto Rico Commonwealth","Coamo Municipio",4,13,420,213,207
050,72,043,"Puerto Rico Commonwealth","Coamo Municipio",4,14,424,210,214
050,72,043,"Puerto Rico Commonwealth","Coamo Municipio",4,15,402,198,204
050,72,043,"Puerto Rico Commonwealth","Coamo Municipio",4,16,392,194,198
050,72,043,"Puerto Rico Commonwealth","Coamo Municipio",4,17,382,195,187
050,72,043,"Puerto Rico Commonwealth","Coamo Municipio",4,18,339,180,159
050,72,043,"Puerto Rico Commonwealth","Coamo Municipio",4,19,316,164,152
050,72,043,"Puerto Rico Commonwealth","Coamo Municipio",4,20,327,168,159
050,72,043,"Puerto Rico Commonwealth","Coamo Municipio",4,21,342,180,162
050,72,043,"Puerto Rico Commonwealth","Coamo Municipio",4,22,349,178,171
050,72,043,"Puerto Rico Commonwealth","Coamo Municipio",4,23,363,178,185
050,72,043,"Puerto Rico Commonwealth","Coamo Municipio",4,24,349,172,177
050,72,043,"Puerto Rico Commonwealth","Coamo Municipio",4,25,351,175,176
050,72,043,"Puerto Rico Commonwealth","Coamo Municipio",4,26,353,182,171
050,72,043,"Puerto Rico Commonwealth","Coamo Municipio",4,27,373,190,183
050,72,043,"Puerto Rico Commonwealth","Coamo Municipio",4,28,367,187,180
050,72,043,"Puerto Rico Commonwealth","Coamo Municipio",4,29,394,193,201
050,72,043,"Puerto Rico Commonwealth","Coamo Municipio",4,30,413,198,215
050,72,043,"Puerto Rico Commonwealth","Coamo Municipio",4,31,415,211,204
050,72,043,"Puerto Rico Commonwealth","Coamo Municipio",4,32,425,211,214
050,72,043,"Puerto Rico Commonwealth","Coamo Municipio",4,33,428,205,223
050,72,043,"Puerto Rico Commonwealth","Coamo Municipio",4,34,432,205,227
050,72,043,"Puerto Rico Commonwealth","Coamo Municipio",4,35,398,185,213
050,72,043,"Puerto Rico Commonwealth","Coamo Municipio",4,36,395,176,219
050,72,043,"Puerto Rico Commonwealth","Coamo Municipio",4,37,426,192,234
050,72,043,"Puerto Rico Commonwealth","Coamo Municipio",4,38,433,196,237
050,72,043,"Puerto Rico Commonwealth","Coamo Municipio",4,39,442,202,240
050,72,043,"Puerto Rico Commonwealth","Coamo Municipio",4,40,465,208,257
050,72,043,"Puerto Rico Commonwealth","Coamo Municipio",4,41,487,207,280
050,72,043,"Puerto Rico Commonwealth","Coamo Municipio",4,42,507,225,282
050,72,043,"Puerto Rico Commonwealth","Coamo Municipio",4,43,487,215,272
050,72,043,"Puerto Rico Commonwealth","Coamo Municipio",4,44,500,227,273
050,72,043,"Puerto Rico Commonwealth","Coamo Municipio",4,45,485,232,253
050,72,043,"Puerto Rico Commonwealth","Coamo Municipio",4,46,466,227,239
050,72,043,"Puerto Rico Commonwealth","Coamo Municipio",4,47,483,235,248
050,72,043,"Puerto Rico Commonwealth","Coamo Municipio",4,48,485,233,252
050,72,043,"Puerto Rico Commonwealth","Coamo Municipio",4,49,508,249,259
050,72,043,"Puerto Rico Commonwealth","Coamo Municipio",4,50,532,255,277
050,72,043,"Puerto Rico Commonwealth","Coamo Municipio",4,51,522,248,274
050,72,043,"Puerto Rico Commonwealth","Coamo Municipio",4,52,507,237,270
050,72,043,"Puerto Rico Commonwealth","Coamo Municipio",4,53,486,238,248
050,72,043,"Puerto Rico Commonwealth","Coamo Municipio",4,54,490,252,238
050,72,043,"Puerto Rico Commonwealth","Coamo Municipio",4,55,515,262,253
050,72,043,"Puerto Rico Commonwealth","Coamo Municipio",4,56,523,254,269
050,72,043,"Puerto Rico Commonwealth","Coamo Municipio",4,57,510,236,274
050,72,043,"Puerto Rico Commonwealth","Coamo Municipio",4,58,517,245,272
050,72,043,"Puerto Rico Commonwealth","Coamo Municipio",4,59,524,257,267
050,72,043,"Puerto Rico Commonwealth","Coamo Municipio",4,60,519,255,264
050,72,043,"Puerto Rico Commonwealth","Coamo Municipio",4,61,528,250,278
050,72,043,"Puerto Rico Commonwealth","Coamo Municipio",4,62,524,251,273
050,72,043,"Puerto Rico Commonwealth","Coamo Municipio",4,63,550,270,280
050,72,043,"Puerto Rico Commonwealth","Coamo Municipio",4,64,560,265,295
050,72,043,"Puerto Rico Commonwealth","Coamo Municipio",4,65,559,264,295
050,72,043,"Puerto Rico Commonwealth","Coamo Municipio",4,66,530,255,275
050,72,043,"Puerto Rico Commonwealth","Coamo Municipio",4,67,496,242,254
050,72,043,"Puerto Rico Commonwealth","Coamo Municipio",4,68,429,214,215
050,72,043,"Puerto Rico Commonwealth","Coamo Municipio",4,69,410,205,205
050,72,043,"Puerto Rico Commonwealth","Coamo Municipio",4,70,396,193,203
050,72,043,"Puerto Rico Commonwealth","Coamo Municipio",4,71,406,195,211
050,72,043,"Puerto Rico Commonwealth","Coamo Municipio",4,72,411,205,206
050,72,043,"Puerto Rico Commonwealth","Coamo Municipio",4,73,377,183,194
050,72,043,"Puerto Rico Commonwealth","Coamo Municipio",4,74,359,166,193
050,72,043,"Puerto Rico Commonwealth","Coamo Municipio",4,75,340,155,185
050,72,043,"Puerto Rico Commonwealth","Coamo Municipio",4,76,307,149,158
050,72,043,"Puerto Rico Commonwealth","Coamo Municipio",4,77,263,118,145
050,72,043,"Puerto Rico Commonwealth","Coamo Municipio",4,78,235,104,131
050,72,043,"Puerto Rico Commonwealth","Coamo Municipio",4,79,189,79,110
050,72,043,"Puerto Rico Commonwealth","Coamo Municipio",4,80,184,81,103
050,72,043,"Puerto Rico Commonwealth","Coamo Municipio",4,81,161,69,92
050,72,043,"Puerto Rico Commonwealth","Coamo Municipio",4,82,133,57,76
050,72,043,"Puerto Rico Commonwealth","Coamo Municipio",4,83,133,54,79
050,72,043,"Puerto Rico Commonwealth","Coamo Municipio",4,84,118,52,66
050,72,043,"Puerto Rico Commonwealth","Coamo Municipio",4,85,771,332,439
050,72,043,"Puerto Rico Commonwealth","Coamo Municipio",5,0,173,83,90
050,72,043,"Puerto Rico Commonwealth","Coamo Municipio",5,1,224,120,104
050,72,043,"Puerto Rico Commonwealth","Coamo Municipio",5,2,176,85,91
050,72,043,"Puerto Rico Commonwealth","Coamo Municipio",5,3,232,125,107
050,72,043,"Puerto Rico Commonwealth","Coamo Municipio",5,4,214,114,100
050,72,043,"Puerto Rico Commonwealth","Coamo Municipio",5,5,219,125,94
050,72,043,"Puerto Rico Commonwealth","Coamo Municipio",5,6,240,134,106
050,72,043,"Puerto Rico Commonwealth","Coamo Municipio",5,7,243,121,122
050,72,043,"Puerto Rico Commonwealth","Coamo Municipio",5,8,275,133,142
050,72,043,"Puerto Rico Commonwealth","Coamo Municipio",5,9,303,158,145
050,72,043,"Puerto Rico Commonwealth","Coamo Municipio",5,10,323,175,148
050,72,043,"Puerto Rico Commonwealth","Coamo Municipio",5,11,335,172,163
050,72,043,"Puerto Rico Commonwealth","Coamo Municipio",5,12,352,175,177
050,72,043,"Puerto Rico Commonwealth","Coamo Municipio",5,13,375,192,183
050,72,043,"Puerto Rico Commonwealth","Coamo Municipio",5,14,409,208,201
050,72,043,"Puerto Rico Commonwealth","Coamo Municipio",5,15,412,204,208
050,72,043,"Puerto Rico Commonwealth","Coamo Municipio",5,16,388,191,197
050,72,043,"Puerto Rico Commonwealth","Coamo Municipio",5,17,378,187,191
050,72,043,"Puerto Rico Commonwealth","Coamo Municipio",5,18,372,189,183
050,72,043,"Puerto Rico Commonwealth","Coamo Municipio",5,19,324,171,153
050,72,043,"Puerto Rico Commonwealth","Coamo Municipio",5,20,304,158,146
050,72,043,"Puerto Rico Commonwealth","Coamo Municipio",5,21,319,165,154
050,72,043,"Puerto Rico Commonwealth","Coamo Municipio",5,22,334,175,159
050,72,043,"Puerto Rico Commonwealth","Coamo Municipio",5,23,344,170,174
050,72,043,"Puerto Rico Commonwealth","Coamo Municipio",5,24,357,179,178
050,72,043,"Puerto Rico Commonwealth","Coamo Municipio",5,25,347,171,176
050,72,043,"Puerto Rico Commonwealth","Coamo Municipio",5,26,347,171,176
050,72,043,"Puerto Rico Commonwealth","Coamo Municipio",5,27,355,184,171
050,72,043,"Puerto Rico Commonwealth","Coamo Municipio",5,28,373,188,185
050,72,043,"Puerto Rico Commonwealth","Coamo Municipio",5,29,371,186,185
050,72,043,"Puerto Rico Commonwealth","Coamo Municipio",5,30,398,188,210
050,72,043,"Puerto Rico Commonwealth","Coamo Municipio",5,31,407,200,207
050,72,043,"Puerto Rico Commonwealth","Coamo Municipio",5,32,417,211,206
050,72,043,"Puerto Rico Commonwealth","Coamo Municipio",5,33,431,214,217
050,72,043,"Puerto Rico Commonwealth","Coamo Municipio",5,34,432,203,229
050,72,043,"Puerto Rico Commonwealth","Coamo Municipio",5,35,435,207,228
050,72,043,"Puerto Rico Commonwealth","Coamo Municipio",5,36,400,186,214
050,72,043,"Puerto Rico Commonwealth","Coamo Municipio",5,37,402,181,221
050,72,043,"Puerto Rico Commonwealth","Coamo Municipio",5,38,427,191,236
050,72,043,"Puerto Rico Commonwealth","Coamo Municipio",5,39,442,200,242
050,72,043,"Puerto Rico Commonwealth","Coamo Municipio",5,40,446,204,242
050,72,043,"Puerto Rico Commonwealth","Coamo Municipio",5,41,468,210,258
050,72,043,"Puerto Rico Commonwealth","Coamo Municipio",5,42,490,210,280
050,72,043,"Puerto Rico Commonwealth","Coamo Municipio",5,43,508,227,281
050,72,043,"Puerto Rico Commonwealth","Coamo Municipio",5,44,491,219,272
050,72,043,"Puerto Rico Commonwealth","Coamo Municipio",5,45,504,227,277
050,72,043,"Puerto Rico Commonwealth","Coamo Municipio",5,46,492,238,254
050,72,043,"Puerto Rico Commonwealth","Coamo Municipio",5,47,463,225,238
050,72,043,"Puerto Rico Commonwealth","Coamo Municipio",5,48,486,238,248
050,72,043,"Puerto Rico Commonwealth","Coamo Municipio",5,49,485,233,252
050,72,043,"Puerto Rico Commonwealth","Coamo Municipio",5,50,508,249,259
050,72,043,"Puerto Rico Commonwealth","Coamo Municipio",5,51,540,261,279
050,72,043,"Puerto Rico Commonwealth","Coamo Municipio",5,52,524,248,276
050,72,043,"Puerto Rico Commonwealth","Coamo Municipio",5,53,510,238,272
050,72,043,"Puerto Rico Commonwealth","Coamo Municipio",5,54,489,240,249
050,72,043,"Puerto Rico Commonwealth","Coamo Municipio",5,55,496,256,240
050,72,043,"Puerto Rico Commonwealth","Coamo Municipio",5,56,514,260,254
050,72,043,"Puerto Rico Commonwealth","Coamo Municipio",5,57,531,256,275
050,72,043,"Puerto Rico Commonwealth","Coamo Municipio",5,58,510,238,272
050,72,043,"Puerto Rico Commonwealth","Coamo Municipio",5,59,518,246,272
050,72,043,"Puerto Rico Commonwealth","Coamo Municipio",5,60,534,266,268
050,72,043,"Puerto Rico Commonwealth","Coamo Municipio",5,61,519,250,269
050,72,043,"Puerto Rico Commonwealth","Coamo Municipio",5,62,530,251,279
050,72,043,"Puerto Rico Commonwealth","Coamo Municipio",5,63,528,255,273
050,72,043,"Puerto Rico Commonwealth","Coamo Municipio",5,64,544,262,282
050,72,043,"Puerto Rico Commonwealth","Coamo Municipio",5,65,555,265,290
050,72,043,"Puerto Rico Commonwealth","Coamo Municipio",5,66,558,266,292
050,72,043,"Puerto Rico Commonwealth","Coamo Municipio",5,67,524,253,271
050,72,043,"Puerto Rico Commonwealth","Coamo Municipio",5,68,487,236,251
050,72,043,"Puerto Rico Commonwealth","Coamo Municipio",5,69,427,211,216
050,72,043,"Puerto Rico Commonwealth","Coamo Municipio",5,70,392,198,194
050,72,043,"Puerto Rico Commonwealth","Coamo Municipio",5,71,390,189,201
050,72,043,"Puerto Rico Commonwealth","Coamo Municipio",5,72,397,189,208
050,72,043,"Puerto Rico Commonwealth","Coamo Municipio",5,73,389,192,197
050,72,043,"Puerto Rico Commonwealth","Coamo Municipio",5,74,365,172,193
050,72,043,"Puerto Rico Commonwealth","Coamo Municipio",5,75,339,156,183
050,72,043,"Puerto Rico Commonwealth","Coamo Municipio",5,76,324,147,177
050,72,043,"Puerto Rico Commonwealth","Coamo Municipio",5,77,286,138,148
050,72,043,"Puerto Rico Commonwealth","Coamo Municipio",5,78,254,117,137
050,72,043,"Puerto Rico Commonwealth","Coamo Municipio",5,79,212,90,122
050,72,043,"Puerto Rico Commonwealth","Coamo Municipio",5,80,171,67,104
050,72,043,"Puerto Rico Commonwealth","Coamo Municipio",5,81,173,77,96
050,72,043,"Puerto Rico Commonwealth","Coamo Municipio",5,82,150,62,88
050,72,043,"Puerto Rico Commonwealth","Coamo Municipio",5,83,122,51,71
050,72,043,"Puerto Rico Commonwealth","Coamo Municipio",5,84,122,51,71
050,72,043,"Puerto Rico Commonwealth","Coamo Municipio",5,85,788,351,437
050,72,045,"Puerto Rico Commonwealth","Comerío Municipio",1,0,103,52,51
050,72,045,"Puerto Rico Commonwealth","Comerío Municipio",1,1,112,58,54
050,72,045,"Puerto Rico Commonwealth","Comerío Municipio",1,2,129,66,63
050,72,045,"Puerto Rico Commonwealth","Comerío Municipio",1,3,156,80,76
050,72,045,"Puerto Rico Commonwealth","Comerío Municipio",1,4,153,78,75
050,72,045,"Puerto Rico Commonwealth","Comerío Municipio",1,5,175,95,80
050,72,045,"Puerto Rico Commonwealth","Comerío Municipio",1,6,190,106,84
050,72,045,"Puerto Rico Commonwealth","Comerío Municipio",1,7,192,102,90
050,72,045,"Puerto Rico Commonwealth","Comerío Municipio",1,8,194,99,95
050,72,045,"Puerto Rico Commonwealth","Comerío Municipio",1,9,196,107,89
050,72,045,"Puerto Rico Commonwealth","Comerío Municipio",1,10,230,112,118
050,72,045,"Puerto Rico Commonwealth","Comerío Municipio",1,11,237,120,117
050,72,045,"Puerto Rico Commonwealth","Comerío Municipio",1,12,238,111,127
050,72,045,"Puerto Rico Commonwealth","Comerío Municipio",1,13,240,124,116
050,72,045,"Puerto Rico Commonwealth","Comerío Municipio",1,14,237,122,115
050,72,045,"Puerto Rico Commonwealth","Comerío Municipio",1,15,224,113,111
050,72,045,"Puerto Rico Commonwealth","Comerío Municipio",1,16,217,112,105
050,72,045,"Puerto Rico Commonwealth","Comerío Municipio",1,17,228,122,106
050,72,045,"Puerto Rico Commonwealth","Comerío Municipio",1,18,244,133,111
050,72,045,"Puerto Rico Commonwealth","Comerío Municipio",1,19,250,135,115
050,72,045,"Puerto Rico Commonwealth","Comerío Municipio",1,20,224,111,113
050,72,045,"Puerto Rico Commonwealth","Comerío Municipio",1,21,220,104,116
050,72,045,"Puerto Rico Commonwealth","Comerío Municipio",1,22,257,129,128
050,72,045,"Puerto Rico Commonwealth","Comerío Municipio",1,23,261,136,125
050,72,045,"Puerto Rico Commonwealth","Comerío Municipio",1,24,280,148,132
050,72,045,"Puerto Rico Commonwealth","Comerío Municipio",1,25,276,144,132
050,72,045,"Puerto Rico Commonwealth","Comerío Municipio",1,26,254,140,114
050,72,045,"Puerto Rico Commonwealth","Comerío Municipio",1,27,269,147,122
050,72,045,"Puerto Rico Commonwealth","Comerío Municipio",1,28,277,150,127
050,72,045,"Puerto Rico Commonwealth","Comerío Municipio",1,29,288,143,145
050,72,045,"Puerto Rico Commonwealth","Comerío Municipio",1,30,301,148,153
050,72,045,"Puerto Rico Commonwealth","Comerío Municipio",1,31,263,136,127
050,72,045,"Puerto Rico Commonwealth","Comerío Municipio",1,32,256,134,122
050,72,045,"Puerto Rico Commonwealth","Comerío Municipio",1,33,236,124,112
050,72,045,"Puerto Rico Commonwealth","Comerío Municipio",1,34,222,112,110
050,72,045,"Puerto Rico Commonwealth","Comerío Municipio",1,35,209,111,98
050,72,045,"Puerto Rico Commonwealth","Comerío Municipio",1,36,224,109,115
050,72,045,"Puerto Rico Commonwealth","Comerío Municipio",1,37,251,125,126
050,72,045,"Puerto Rico Commonwealth","Comerío Municipio",1,38,261,130,131
050,72,045,"Puerto Rico Commonwealth","Comerío Municipio",1,39,277,140,137
050,72,045,"Puerto Rico Commonwealth","Comerío Municipio",1,40,271,142,129
050,72,045,"Puerto Rico Commonwealth","Comerío Municipio",1,41,241,125,116
050,72,045,"Puerto Rico Commonwealth","Comerío Municipio",1,42,221,123,98
050,72,045,"Puerto Rico Commonwealth","Comerío Municipio",1,43,210,115,95
050,72,045,"Puerto Rico Commonwealth","Comerío Municipio",1,44,215,106,109
050,72,045,"Puerto Rico Commonwealth","Comerío Municipio",1,45,225,110,115
050,72,045,"Puerto Rico Commonwealth","Comerío Municipio",1,46,201,99,102
050,72,045,"Puerto Rico Commonwealth","Comerío Municipio",1,47,189,88,101
050,72,045,"Puerto Rico Commonwealth","Comerío Municipio",1,48,212,100,112
050,72,045,"Puerto Rico Commonwealth","Comerío Municipio",1,49,242,118,124
050,72,045,"Puerto Rico Commonwealth","Comerío Municipio",1,50,238,116,122
050,72,045,"Puerto Rico Commonwealth","Comerío Municipio",1,51,222,112,110
050,72,045,"Puerto Rico Commonwealth","Comerío Municipio",1,52,224,111,113
050,72,045,"Puerto Rico Commonwealth","Comerío Municipio",1,53,237,120,117
050,72,045,"Puerto Rico Commonwealth","Comerío Municipio",1,54,277,139,138
050,72,045,"Puerto Rico Commonwealth","Comerío Municipio",1,55,283,137,146
050,72,045,"Puerto Rico Commonwealth","Comerío Municipio",1,56,287,146,141
050,72,045,"Puerto Rico Commonwealth","Comerío Municipio",1,57,288,145,143
050,72,045,"Puerto Rico Commonwealth","Comerío Municipio",1,58,292,138,154
050,72,045,"Puerto Rico Commonwealth","Comerío Municipio",1,59,271,123,148
050,72,045,"Puerto Rico Commonwealth","Comerío Municipio",1,60,258,118,140
050,72,045,"Puerto Rico Commonwealth","Comerío Municipio",1,61,263,126,137
050,72,045,"Puerto Rico Commonwealth","Comerío Municipio",1,62,255,114,141
050,72,045,"Puerto Rico Commonwealth","Comerío Municipio",1,63,257,121,136
050,72,045,"Puerto Rico Commonwealth","Comerío Municipio",1,64,229,102,127
050,72,045,"Puerto Rico Commonwealth","Comerío Municipio",1,65,226,99,127
050,72,045,"Puerto Rico Commonwealth","Comerío Municipio",1,66,233,105,128
050,72,045,"Puerto Rico Commonwealth","Comerío Municipio",1,67,221,103,118
050,72,045,"Puerto Rico Commonwealth","Comerío Municipio",1,68,198,93,105
050,72,045,"Puerto Rico Commonwealth","Comerío Municipio",1,69,198,92,106
050,72,045,"Puerto Rico Commonwealth","Comerío Municipio",1,70,209,99,110
050,72,045,"Puerto Rico Commonwealth","Comerío Municipio",1,71,201,89,112
050,72,045,"Puerto Rico Commonwealth","Comerío Municipio",1,72,185,84,101
050,72,045,"Puerto Rico Commonwealth","Comerío Municipio",1,73,195,97,98
050,72,045,"Puerto Rico Commonwealth","Comerío Municipio",1,74,186,92,94
050,72,045,"Puerto Rico Commonwealth","Comerío Municipio",1,75,169,78,91
050,72,045,"Puerto Rico Commonwealth","Comerío Municipio",1,76,154,64,90
050,72,045,"Puerto Rico Commonwealth","Comerío Municipio",1,77,143,64,79
050,72,045,"Puerto Rico Commonwealth","Comerío Municipio",1,78,138,59,79
050,72,045,"Puerto Rico Commonwealth","Comerío Municipio",1,79,121,50,71
050,72,045,"Puerto Rico Commonwealth","Comerío Municipio",1,80,127,59,68
050,72,045,"Puerto Rico Commonwealth","Comerío Municipio",1,81,99,45,54
050,72,045,"Puerto Rico Commonwealth","Comerío Municipio",1,82,102,54,48
050,72,045,"Puerto Rico Commonwealth","Comerío Municipio",1,83,85,49,36
050,72,045,"Puerto Rico Commonwealth","Comerío Municipio",1,84,62,28,34
050,72,045,"Puerto Rico Commonwealth","Comerío Municipio",1,85,472,180,292
050,72,045,"Puerto Rico Commonwealth","Comerío Municipio",2,0,92,45,47
050,72,045,"Puerto Rico Commonwealth","Comerío Municipio",2,1,110,57,53
050,72,045,"Puerto Rico Commonwealth","Comerío Municipio",2,2,124,63,61
050,72,045,"Puerto Rico Commonwealth","Comerío Municipio",2,3,150,77,73
050,72,045,"Puerto Rico Commonwealth","Comerío Municipio",2,4,154,79,75
050,72,045,"Puerto Rico Commonwealth","Comerío Municipio",2,5,169,90,79
050,72,045,"Puerto Rico Commonwealth","Comerío Municipio",2,6,187,104,83
050,72,045,"Puerto Rico Commonwealth","Comerío Municipio",2,7,192,103,89
050,72,045,"Puerto Rico Commonwealth","Comerío Municipio",2,8,192,99,93
050,72,045,"Puerto Rico Commonwealth","Comerío Municipio",2,9,196,105,91
050,72,045,"Puerto Rico Commonwealth","Comerío Municipio",2,10,222,111,111
050,72,045,"Puerto Rico Commonwealth","Comerío Municipio",2,11,235,118,117
050,72,045,"Puerto Rico Commonwealth","Comerío Municipio",2,12,237,113,124
050,72,045,"Puerto Rico Commonwealth","Comerío Municipio",2,13,240,121,119
050,72,045,"Puerto Rico Commonwealth","Comerío Municipio",2,14,238,123,115
050,72,045,"Puerto Rico Commonwealth","Comerío Municipio",2,15,227,115,112
050,72,045,"Puerto Rico Commonwealth","Comerío Municipio",2,16,218,111,107
050,72,045,"Puerto Rico Commonwealth","Comerío Municipio",2,17,225,119,106
050,72,045,"Puerto Rico Commonwealth","Comerío Municipio",2,18,239,130,109
050,72,045,"Puerto Rico Commonwealth","Comerío Municipio",2,19,248,134,114
050,72,045,"Puerto Rico Commonwealth","Comerío Municipio",2,20,230,116,114
050,72,045,"Puerto Rico Commonwealth","Comerío Municipio",2,21,221,106,115
050,72,045,"Puerto Rico Commonwealth","Comerío Municipio",2,22,248,123,125
050,72,045,"Puerto Rico Commonwealth","Comerío Municipio",2,23,260,134,126
050,72,045,"Puerto Rico Commonwealth","Comerío Municipio",2,24,275,145,130
050,72,045,"Puerto Rico Commonwealth","Comerío Municipio",2,25,277,145,132
050,72,045,"Puerto Rico Commonwealth","Comerío Municipio",2,26,259,140,119
050,72,045,"Puerto Rico Commonwealth","Comerío Municipio",2,27,265,145,120
050,72,045,"Puerto Rico Commonwealth","Comerío Municipio",2,28,275,150,125
050,72,045,"Puerto Rico Commonwealth","Comerío Municipio",2,29,285,144,141
050,72,045,"Puerto Rico Commonwealth","Comerío Municipio",2,30,298,147,151
050,72,045,"Puerto Rico Commonwealth","Comerío Municipio",2,31,272,139,133
050,72,045,"Puerto Rico Commonwealth","Comerío Municipio",2,32,259,135,124
050,72,045,"Puerto Rico Commonwealth","Comerío Municipio",2,33,240,126,114
050,72,045,"Puerto Rico Commonwealth","Comerío Municipio",2,34,226,115,111
050,72,045,"Puerto Rico Commonwealth","Comerío Municipio",2,35,212,111,101
050,72,045,"Puerto Rico Commonwealth","Comerío Municipio",2,36,220,110,110
050,72,045,"Puerto Rico Commonwealth","Comerío Municipio",2,37,244,121,123
050,72,045,"Puerto Rico Commonwealth","Comerío Municipio",2,38,259,129,130
050,72,045,"Puerto Rico Commonwealth","Comerío Municipio",2,39,273,137,136
050,72,045,"Puerto Rico Commonwealth","Comerío Municipio",2,40,273,142,131
050,72,045,"Puerto Rico Commonwealth","Comerío Municipio",2,41,247,128,119
050,72,045,"Puerto Rico Commonwealth","Comerío Municipio",2,42,226,123,103
050,72,045,"Puerto Rico Commonwealth","Comerío Municipio",2,43,212,117,95
050,72,045,"Puerto Rico Commonwealth","Comerío Municipio",2,44,214,108,106
050,72,045,"Puerto Rico Commonwealth","Comerío Municipio",2,45,222,109,113
050,72,045,"Puerto Rico Commonwealth","Comerío Municipio",2,46,207,101,106
050,72,045,"Puerto Rico Commonwealth","Comerío Municipio",2,47,191,91,100
050,72,045,"Puerto Rico Commonwealth","Comerío Municipio",2,48,206,97,109
050,72,045,"Puerto Rico Commonwealth","Comerío Municipio",2,49,234,113,121
050,72,045,"Puerto Rico Commonwealth","Comerío Municipio",2,50,240,117,123
050,72,045,"Puerto Rico Commonwealth","Comerío Municipio",2,51,225,112,113
050,72,045,"Puerto Rico Commonwealth","Comerío Municipio",2,52,223,111,112
050,72,045,"Puerto Rico Commonwealth","Comerío Municipio",2,53,233,118,115
050,72,045,"Puerto Rico Commonwealth","Comerío Municipio",2,54,266,134,132
050,72,045,"Puerto Rico Commonwealth","Comerío Municipio",2,55,282,138,144
050,72,045,"Puerto Rico Commonwealth","Comerío Municipio",2,56,286,144,142
050,72,045,"Puerto Rico Commonwealth","Comerío Municipio",2,57,287,145,142
050,72,045,"Puerto Rico Commonwealth","Comerío Municipio",2,58,292,140,152
050,72,045,"Puerto Rico Commonwealth","Comerío Municipio",2,59,274,125,149
050,72,045,"Puerto Rico Commonwealth","Comerío Municipio",2,60,262,120,142
050,72,045,"Puerto Rico Commonwealth","Comerío Municipio",2,61,262,124,138
050,72,045,"Puerto Rico Commonwealth","Comerío Municipio",2,62,257,117,140
050,72,045,"Puerto Rico Commonwealth","Comerío Municipio",2,63,256,119,137
050,72,045,"Puerto Rico Commonwealth","Comerío Municipio",2,64,235,107,128
050,72,045,"Puerto Rico Commonwealth","Comerío Municipio",2,65,225,98,127
050,72,045,"Puerto Rico Commonwealth","Comerío Municipio",2,66,231,104,127
050,72,045,"Puerto Rico Commonwealth","Comerío Municipio",2,67,224,103,121
050,72,045,"Puerto Rico Commonwealth","Comerío Municipio",2,68,203,95,108
050,72,045,"Puerto Rico Commonwealth","Comerío Municipio",2,69,198,92,106
050,72,045,"Puerto Rico Commonwealth","Comerío Municipio",2,70,204,95,109
050,72,045,"Puerto Rico Commonwealth","Comerío Municipio",2,71,203,92,111
050,72,045,"Puerto Rico Commonwealth","Comerío Municipio",2,72,189,85,104
050,72,045,"Puerto Rico Commonwealth","Comerío Municipio",2,73,192,93,99
050,72,045,"Puerto Rico Commonwealth","Comerío Municipio",2,74,187,92,95
050,72,045,"Puerto Rico Commonwealth","Comerío Municipio",2,75,173,82,91
050,72,045,"Puerto Rico Commonwealth","Comerío Municipio",2,76,157,67,90
050,72,045,"Puerto Rico Commonwealth","Comerío Municipio",2,77,144,63,81
050,72,045,"Puerto Rico Commonwealth","Comerío Municipio",2,78,137,59,78
050,72,045,"Puerto Rico Commonwealth","Comerío Municipio",2,79,127,53,74
050,72,045,"Puerto Rico Commonwealth","Comerío Municipio",2,80,125,56,69
050,72,045,"Puerto Rico Commonwealth","Comerío Municipio",2,81,108,49,59
050,72,045,"Puerto Rico Commonwealth","Comerío Municipio",2,82,101,52,49
050,72,045,"Puerto Rico Commonwealth","Comerío Municipio",2,83,89,50,39
050,72,045,"Puerto Rico Commonwealth","Comerío Municipio",2,84,68,32,36
050,72,045,"Puerto Rico Commonwealth","Comerío Municipio",2,85,477,182,295
050,72,045,"Puerto Rico Commonwealth","Comerío Municipio",3,0,116,61,55
050,72,045,"Puerto Rico Commonwealth","Comerío Municipio",3,1,91,45,46
050,72,045,"Puerto Rico Commonwealth","Comerío Municipio",3,2,110,57,53
050,72,045,"Puerto Rico Commonwealth","Comerío Municipio",3,3,124,63,61
050,72,045,"Puerto Rico Commonwealth","Comerío Municipio",3,4,151,78,73
050,72,045,"Puerto Rico Commonwealth","Comerío Municipio",3,5,154,79,75
050,72,045,"Puerto Rico Commonwealth","Comerío Municipio",3,6,169,90,79
050,72,045,"Puerto Rico Commonwealth","Comerío Municipio",3,7,188,105,83
050,72,045,"Puerto Rico Commonwealth","Comerío Municipio",3,8,193,104,89
050,72,045,"Puerto Rico Commonwealth","Comerío Municipio",3,9,191,98,93
050,72,045,"Puerto Rico Commonwealth","Comerío Municipio",3,10,196,105,91
050,72,045,"Puerto Rico Commonwealth","Comerío Municipio",3,11,222,111,111
050,72,045,"Puerto Rico Commonwealth","Comerío Municipio",3,12,235,118,117
050,72,045,"Puerto Rico Commonwealth","Comerío Municipio",3,13,237,113,124
050,72,045,"Puerto Rico Commonwealth","Comerío Municipio",3,14,240,121,119
050,72,045,"Puerto Rico Commonwealth","Comerío Municipio",3,15,238,123,115
050,72,045,"Puerto Rico Commonwealth","Comerío Municipio",3,16,226,114,112
050,72,045,"Puerto Rico Commonwealth","Comerío Municipio",3,17,216,110,106
050,72,045,"Puerto Rico Commonwealth","Comerío Municipio",3,18,223,119,104
050,72,045,"Puerto Rico Commonwealth","Comerío Municipio",3,19,234,127,107
050,72,045,"Puerto Rico Commonwealth","Comerío Municipio",3,20,250,136,114
050,72,045,"Puerto Rico Commonwealth","Comerío Municipio",3,21,228,114,114
050,72,045,"Puerto Rico Commonwealth","Comerío Municipio",3,22,220,105,115
050,72,045,"Puerto Rico Commonwealth","Comerío Municipio",3,23,252,126,126
050,72,045,"Puerto Rico Commonwealth","Comerío Municipio",3,24,262,135,127
050,72,045,"Puerto Rico Commonwealth","Comerío Municipio",3,25,274,143,131
050,72,045,"Puerto Rico Commonwealth","Comerío Municipio",3,26,279,146,133
050,72,045,"Puerto Rico Commonwealth","Comerío Municipio",3,27,260,141,119
050,72,045,"Puerto Rico Commonwealth","Comerío Municipio",3,28,267,147,120
050,72,045,"Puerto Rico Commonwealth","Comerío Municipio",3,29,273,148,125
050,72,045,"Puerto Rico Commonwealth","Comerío Municipio",3,30,287,146,141
050,72,045,"Puerto Rico Commonwealth","Comerío Municipio",3,31,301,150,151
050,72,045,"Puerto Rico Commonwealth","Comerío Municipio",3,32,269,137,132
050,72,045,"Puerto Rico Commonwealth","Comerío Municipio",3,33,260,136,124
050,72,045,"Puerto Rico Commonwealth","Comerío Municipio",3,34,240,126,114
050,72,045,"Puerto Rico Commonwealth","Comerío Municipio",3,35,231,120,111
050,72,045,"Puerto Rico Commonwealth","Comerío Municipio",3,36,209,108,101
050,72,045,"Puerto Rico Commonwealth","Comerío Municipio",3,37,222,113,109
050,72,045,"Puerto Rico Commonwealth","Comerío Municipio",3,38,242,119,123
050,72,045,"Puerto Rico Commonwealth","Comerío Municipio",3,39,257,127,130
050,72,045,"Puerto Rico Commonwealth","Comerío Municipio",3,40,275,139,136
050,72,045,"Puerto Rico Commonwealth","Comerío Municipio",3,41,272,141,131
050,72,045,"Puerto Rico Commonwealth","Comerío Municipio",3,42,248,130,118
050,72,045,"Puerto Rico Commonwealth","Comerío Municipio",3,43,226,123,103
050,72,045,"Puerto Rico Commonwealth","Comerío Municipio",3,44,212,117,95
050,72,045,"Puerto Rico Commonwealth","Comerío Municipio",3,45,215,109,106
050,72,045,"Puerto Rico Commonwealth","Comerío Municipio",3,46,222,110,112
050,72,045,"Puerto Rico Commonwealth","Comerío Municipio",3,47,204,100,104
050,72,045,"Puerto Rico Commonwealth","Comerío Municipio",3,48,192,92,100
050,72,045,"Puerto Rico Commonwealth","Comerío Municipio",3,49,206,97,109
050,72,045,"Puerto Rico Commonwealth","Comerío Municipio",3,50,236,115,121
050,72,045,"Puerto Rico Commonwealth","Comerío Municipio",3,51,238,115,123
050,72,045,"Puerto Rico Commonwealth","Comerío Municipio",3,52,223,110,113
050,72,045,"Puerto Rico Commonwealth","Comerío Municipio",3,53,221,110,111
050,72,045,"Puerto Rico Commonwealth","Comerío Municipio",3,54,235,120,115
050,72,045,"Puerto Rico Commonwealth","Comerío Municipio",3,55,262,131,131
050,72,045,"Puerto Rico Commonwealth","Comerío Municipio",3,56,284,140,144
050,72,045,"Puerto Rico Commonwealth","Comerío Municipio",3,57,281,139,142
050,72,045,"Puerto Rico Commonwealth","Comerío Municipio",3,58,285,143,142
050,72,045,"Puerto Rico Commonwealth","Comerío Municipio",3,59,289,138,151
050,72,045,"Puerto Rico Commonwealth","Comerío Municipio",3,60,271,121,150
050,72,045,"Puerto Rico Commonwealth","Comerío Municipio",3,61,261,119,142
050,72,045,"Puerto Rico Commonwealth","Comerío Municipio",3,62,263,124,139
050,72,045,"Puerto Rico Commonwealth","Comerío Municipio",3,63,256,115,141
050,72,045,"Puerto Rico Commonwealth","Comerío Municipio",3,64,256,118,138
050,72,045,"Puerto Rico Commonwealth","Comerío Municipio",3,65,235,106,129
050,72,045,"Puerto Rico Commonwealth","Comerío Municipio",3,66,222,95,127
050,72,045,"Puerto Rico Commonwealth","Comerío Municipio",3,67,229,104,125
050,72,045,"Puerto Rico Commonwealth","Comerío Municipio",3,68,222,101,121
050,72,045,"Puerto Rico Commonwealth","Comerío Municipio",3,69,193,87,106
050,72,045,"Puerto Rico Commonwealth","Comerío Municipio",3,70,196,90,106
050,72,045,"Puerto Rico Commonwealth","Comerío Municipio",3,71,200,94,106
050,72,045,"Puerto Rico Commonwealth","Comerío Municipio",3,72,194,86,108
050,72,045,"Puerto Rico Commonwealth","Comerío Municipio",3,73,188,84,104
050,72,045,"Puerto Rico Commonwealth","Comerío Municipio",3,74,189,90,99
050,72,045,"Puerto Rico Commonwealth","Comerío Municipio",3,75,182,90,92
050,72,045,"Puerto Rico Commonwealth","Comerío Municipio",3,76,165,76,89
050,72,045,"Puerto Rico Commonwealth","Comerío Municipio",3,77,150,63,87
050,72,045,"Puerto Rico Commonwealth","Comerío Municipio",3,78,141,62,79
050,72,045,"Puerto Rico Commonwealth","Comerío Municipio",3,79,131,55,76
050,72,045,"Puerto Rico Commonwealth","Comerío Municipio",3,80,122,53,69
050,72,045,"Puerto Rico Commonwealth","Comerío Municipio",3,81,119,52,67
050,72,045,"Puerto Rico Commonwealth","Comerío Municipio",3,82,103,47,56
050,72,045,"Puerto Rico Commonwealth","Comerío Municipio",3,83,97,51,46
050,72,045,"Puerto Rico Commonwealth","Comerío Municipio",3,84,86,48,38
050,72,045,"Puerto Rico Commonwealth","Comerío Municipio",3,85,521,201,320
050,72,045,"Puerto Rico Commonwealth","Comerío Municipio",4,0,91,52,39
050,72,045,"Puerto Rico Commonwealth","Comerío Municipio",4,1,115,61,54
050,72,045,"Puerto Rico Commonwealth","Comerío Municipio",4,2,90,45,45
050,72,045,"Puerto Rico Commonwealth","Comerío Municipio",4,3,108,56,52
050,72,045,"Puerto Rico Commonwealth","Comerío Municipio",4,4,122,62,60
050,72,045,"Puerto Rico Commonwealth","Comerío Municipio",4,5,150,78,72
050,72,045,"Puerto Rico Commonwealth","Comerío Municipio",4,6,152,78,74
050,72,045,"Puerto Rico Commonwealth","Comerío Municipio",4,7,166,88,78
050,72,045,"Puerto Rico Commonwealth","Comerío Municipio",4,8,187,105,82
050,72,045,"Puerto Rico Commonwealth","Comerío Municipio",4,9,190,102,88
050,72,045,"Puerto Rico Commonwealth","Comerío Municipio",4,10,189,97,92
050,72,045,"Puerto Rico Commonwealth","Comerío Municipio",4,11,194,104,90
050,72,045,"Puerto Rico Commonwealth","Comerío Municipio",4,12,219,109,110
050,72,045,"Puerto Rico Commonwealth","Comerío Municipio",4,13,232,116,116
050,72,045,"Puerto Rico Commonwealth","Comerío Municipio",4,14,233,110,123
050,72,045,"Puerto Rico Commonwealth","Comerío Municipio",4,15,237,119,118
050,72,045,"Puerto Rico Commonwealth","Comerío Municipio",4,16,234,121,113
050,72,045,"Puerto Rico Commonwealth","Comerío Municipio",4,17,222,112,110
050,72,045,"Puerto Rico Commonwealth","Comerío Municipio",4,18,212,109,103
050,72,045,"Puerto Rico Commonwealth","Comerío Municipio",4,19,215,114,101
050,72,045,"Puerto Rico Commonwealth","Comerío Municipio",4,20,232,126,106
050,72,045,"Puerto Rico Commonwealth","Comerío Municipio",4,21,244,132,112
050,72,045,"Puerto Rico Commonwealth","Comerío Municipio",4,22,225,112,113
050,72,045,"Puerto Rico Commonwealth","Comerío Municipio",4,23,221,107,114
050,72,045,"Puerto Rico Commonwealth","Comerío Municipio",4,24,250,125,125
050,72,045,"Puerto Rico Commonwealth","Comerío Municipio",4,25,256,130,126
050,72,045,"Puerto Rico Commonwealth","Comerío Municipio",4,26,270,141,129
050,72,045,"Puerto Rico Commonwealth","Comerío Municipio",4,27,277,145,132
050,72,045,"Puerto Rico Commonwealth","Comerío Municipio",4,28,258,140,118
050,72,045,"Puerto Rico Commonwealth","Comerío Municipio",4,29,261,142,119
050,72,045,"Puerto Rico Commonwealth","Comerío Municipio",4,30,270,147,123
050,72,045,"Puerto Rico Commonwealth","Comerío Municipio",4,31,287,148,139
050,72,045,"Puerto Rico Commonwealth","Comerío Municipio",4,32,295,145,150
050,72,045,"Puerto Rico Commonwealth","Comerío Municipio",4,33,267,136,131
050,72,045,"Puerto Rico Commonwealth","Comerío Municipio",4,34,258,135,123
050,72,045,"Puerto Rico Commonwealth","Comerío Municipio",4,35,242,129,113
050,72,045,"Puerto Rico Commonwealth","Comerío Municipio",4,36,228,118,110
050,72,045,"Puerto Rico Commonwealth","Comerío Municipio",4,37,209,109,100
050,72,045,"Puerto Rico Commonwealth","Comerío Municipio",4,38,217,109,108
050,72,045,"Puerto Rico Commonwealth","Comerío Municipio",4,39,236,114,122
050,72,045,"Puerto Rico Commonwealth","Comerío Municipio",4,40,255,126,129
050,72,045,"Puerto Rico Commonwealth","Comerío Municipio",4,41,270,135,135
050,72,045,"Puerto Rico Commonwealth","Comerío Municipio",4,42,273,143,130
050,72,045,"Puerto Rico Commonwealth","Comerío Municipio",4,43,245,128,117
050,72,045,"Puerto Rico Commonwealth","Comerío Municipio",4,44,219,117,102
050,72,045,"Puerto Rico Commonwealth","Comerío Municipio",4,45,209,116,93
050,72,045,"Puerto Rico Commonwealth","Comerío Municipio",4,46,211,106,105
050,72,045,"Puerto Rico Commonwealth","Comerío Municipio",4,47,216,106,110
050,72,045,"Puerto Rico Commonwealth","Comerío Municipio",4,48,202,99,103
050,72,045,"Puerto Rico Commonwealth","Comerío Municipio",4,49,190,91,99
050,72,045,"Puerto Rico Commonwealth","Comerío Municipio",4,50,205,97,108
050,72,045,"Puerto Rico Commonwealth","Comerío Municipio",4,51,231,112,119
050,72,045,"Puerto Rico Commonwealth","Comerío Municipio",4,52,232,113,119
050,72,045,"Puerto Rico Commonwealth","Comerío Municipio",4,53,218,106,112
050,72,045,"Puerto Rico Commonwealth","Comerío Municipio",4,54,221,111,110
050,72,045,"Puerto Rico Commonwealth","Comerío Municipio",4,55,226,114,112
050,72,045,"Puerto Rico Commonwealth","Comerío Municipio",4,56,263,132,131
050,72,045,"Puerto Rico Commonwealth","Comerío Municipio",4,57,277,134,143
050,72,045,"Puerto Rico Commonwealth","Comerío Municipio",4,58,281,139,142
050,72,045,"Puerto Rico Commonwealth","Comerío Municipio",4,59,282,140,142
050,72,045,"Puerto Rico Commonwealth","Comerío Municipio",4,60,286,137,149
050,72,045,"Puerto Rico Commonwealth","Comerío Municipio",4,61,270,120,150
050,72,045,"Puerto Rico Commonwealth","Comerío Municipio",4,62,257,116,141
050,72,045,"Puerto Rico Commonwealth","Comerío Municipio",4,63,263,124,139
050,72,045,"Puerto Rico Commonwealth","Comerío Municipio",4,64,255,115,140
050,72,045,"Puerto Rico Commonwealth","Comerío Municipio",4,65,255,118,137
050,72,045,"Puerto Rico Commonwealth","Comerío Municipio",4,66,235,106,129
050,72,045,"Puerto Rico Commonwealth","Comerío Municipio",4,67,220,94,126
050,72,045,"Puerto Rico Commonwealth","Comerío Municipio",4,68,228,104,124
050,72,045,"Puerto Rico Commonwealth","Comerío Municipio",4,69,220,100,120
050,72,045,"Puerto Rico Commonwealth","Comerío Municipio",4,70,190,86,104
050,72,045,"Puerto Rico Commonwealth","Comerío Municipio",4,71,189,86,103
050,72,045,"Puerto Rico Commonwealth","Comerío Municipio",4,72,198,93,105
050,72,045,"Puerto Rico Commonwealth","Comerío Municipio",4,73,188,81,107
050,72,045,"Puerto Rico Commonwealth","Comerío Municipio",4,74,182,80,102
050,72,045,"Puerto Rico Commonwealth","Comerío Municipio",4,75,184,87,97
050,72,045,"Puerto Rico Commonwealth","Comerío Municipio",4,76,173,86,87
050,72,045,"Puerto Rico Commonwealth","Comerío Municipio",4,77,160,73,87
050,72,045,"Puerto Rico Commonwealth","Comerío Municipio",4,78,140,59,81
050,72,045,"Puerto Rico Commonwealth","Comerío Municipio",4,79,135,59,76
050,72,045,"Puerto Rico Commonwealth","Comerío Municipio",4,80,128,54,74
050,72,045,"Puerto Rico Commonwealth","Comerío Municipio",4,81,116,50,66
050,72,045,"Puerto Rico Commonwealth","Comerío Municipio",4,82,114,51,63
050,72,045,"Puerto Rico Commonwealth","Comerío Municipio",4,83,90,39,51
050,72,045,"Puerto Rico Commonwealth","Comerío Municipio",4,84,93,49,44
050,72,045,"Puerto Rico Commonwealth","Comerío Municipio",4,85,557,232,325
050,72,045,"Puerto Rico Commonwealth","Comerío Municipio",5,0,109,62,47
050,72,045,"Puerto Rico Commonwealth","Comerío Municipio",5,1,91,53,38
050,72,045,"Puerto Rico Commonwealth","Comerío Municipio",5,2,116,62,54
050,72,045,"Puerto Rico Commonwealth","Comerío Municipio",5,3,90,45,45
050,72,045,"Puerto Rico Commonwealth","Comerío Municipio",5,4,108,56,52
050,72,045,"Puerto Rico Commonwealth","Comerío Municipio",5,5,123,63,60
050,72,045,"Puerto Rico Commonwealth","Comerío Municipio",5,6,152,79,73
050,72,045,"Puerto Rico Commonwealth","Comerío Municipio",5,7,153,78,75
050,72,045,"Puerto Rico Commonwealth","Comerío Municipio",5,8,169,90,79
050,72,045,"Puerto Rico Commonwealth","Comerío Municipio",5,9,187,105,82
050,72,045,"Puerto Rico Commonwealth","Comerío Municipio",5,10,191,103,88
050,72,045,"Puerto Rico Commonwealth","Comerío Municipio",5,11,189,97,92
050,72,045,"Puerto Rico Commonwealth","Comerío Municipio",5,12,194,104,90
050,72,045,"Puerto Rico Commonwealth","Comerío Municipio",5,13,219,109,110
050,72,045,"Puerto Rico Commonwealth","Comerío Municipio",5,14,232,116,116
050,72,045,"Puerto Rico Commonwealth","Comerío Municipio",5,15,233,110,123
050,72,045,"Puerto Rico Commonwealth","Comerío Municipio",5,16,237,119,118
050,72,045,"Puerto Rico Commonwealth","Comerío Municipio",5,17,234,121,113
050,72,045,"Puerto Rico Commonwealth","Comerío Municipio",5,18,223,114,109
050,72,045,"Puerto Rico Commonwealth","Comerío Municipio",5,19,207,106,101
050,72,045,"Puerto Rico Commonwealth","Comerío Municipio",5,20,218,117,101
050,72,045,"Puerto Rico Commonwealth","Comerío Municipio",5,21,230,124,106
050,72,045,"Puerto Rico Commonwealth","Comerío Municipio",5,22,245,132,113
050,72,045,"Puerto Rico Commonwealth","Comerío Municipio",5,23,231,117,114
050,72,045,"Puerto Rico Commonwealth","Comerío Municipio",5,24,222,107,115
050,72,045,"Puerto Rico Commonwealth","Comerío Municipio",5,25,248,122,126
050,72,045,"Puerto Rico Commonwealth","Comerío Municipio",5,26,257,130,127
050,72,045,"Puerto Rico Commonwealth","Comerío Municipio",5,27,272,142,130
050,72,045,"Puerto Rico Commonwealth","Comerío Municipio",5,28,282,149,133
050,72,045,"Puerto Rico Commonwealth","Comerío Municipio",5,29,255,137,118
050,72,045,"Puerto Rico Commonwealth","Comerío Municipio",5,30,263,144,119
050,72,045,"Puerto Rico Commonwealth","Comerío Municipio",5,31,276,153,123
050,72,045,"Puerto Rico Commonwealth","Comerío Municipio",5,32,284,145,139
050,72,045,"Puerto Rico Commonwealth","Comerío Municipio",5,33,298,147,151
050,72,045,"Puerto Rico Commonwealth","Comerío Municipio",5,34,269,137,132
050,72,045,"Puerto Rico Commonwealth","Comerío Municipio",5,35,265,142,123
050,72,045,"Puerto Rico Commonwealth","Comerío Municipio",5,36,245,132,113
050,72,045,"Puerto Rico Commonwealth","Comerío Municipio",5,37,231,121,110
050,72,045,"Puerto Rico Commonwealth","Comerío Municipio",5,38,209,109,100
050,72,045,"Puerto Rico Commonwealth","Comerío Municipio",5,39,215,107,108
050,72,045,"Puerto Rico Commonwealth","Comerío Municipio",5,40,237,115,122
050,72,045,"Puerto Rico Commonwealth","Comerío Municipio",5,41,254,125,129
050,72,045,"Puerto Rico Commonwealth","Comerío Municipio",5,42,272,138,134
050,72,045,"Puerto Rico Commonwealth","Comerío Municipio",5,43,272,143,129
050,72,045,"Puerto Rico Commonwealth","Comerío Municipio",5,44,244,127,117
050,72,045,"Puerto Rico Commonwealth","Comerío Municipio",5,45,218,117,101
050,72,045,"Puerto Rico Commonwealth","Comerío Municipio",5,46,210,117,93
050,72,045,"Puerto Rico Commonwealth","Comerío Municipio",5,47,210,105,105
050,72,045,"Puerto Rico Commonwealth","Comerío Municipio",5,48,216,107,109
050,72,045,"Puerto Rico Commonwealth","Comerío Municipio",5,49,202,99,103
050,72,045,"Puerto Rico Commonwealth","Comerío Municipio",5,50,192,94,98
050,72,045,"Puerto Rico Commonwealth","Comerío Municipio",5,51,201,93,108
050,72,045,"Puerto Rico Commonwealth","Comerío Municipio",5,52,229,110,119
050,72,045,"Puerto Rico Commonwealth","Comerío Municipio",5,53,230,112,118
050,72,045,"Puerto Rico Commonwealth","Comerío Municipio",5,54,224,111,113
050,72,045,"Puerto Rico Commonwealth","Comerío Municipio",5,55,215,106,109
050,72,045,"Puerto Rico Commonwealth","Comerío Municipio",5,56,228,116,112
050,72,045,"Puerto Rico Commonwealth","Comerío Municipio",5,57,256,126,130
050,72,045,"Puerto Rico Commonwealth","Comerío Municipio",5,58,277,134,143
050,72,045,"Puerto Rico Commonwealth","Comerío Municipio",5,59,280,137,143
050,72,045,"Puerto Rico Commonwealth","Comerío Municipio",5,60,281,138,143
050,72,045,"Puerto Rico Commonwealth","Comerío Municipio",5,61,284,134,150
050,72,045,"Puerto Rico Commonwealth","Comerío Municipio",5,62,268,119,149
050,72,045,"Puerto Rico Commonwealth","Comerío Municipio",5,63,255,114,141
050,72,045,"Puerto Rico Commonwealth","Comerío Municipio",5,64,258,120,138
050,72,045,"Puerto Rico Commonwealth","Comerío Municipio",5,65,256,116,140
050,72,045,"Puerto Rico Commonwealth","Comerío Municipio",5,66,253,117,136
050,72,045,"Puerto Rico Commonwealth","Comerío Municipio",5,67,231,103,128
050,72,045,"Puerto Rico Commonwealth","Comerío Municipio",5,68,219,93,126
050,72,045,"Puerto Rico Commonwealth","Comerío Municipio",5,69,224,101,123
050,72,045,"Puerto Rico Commonwealth","Comerío Municipio",5,70,217,97,120
050,72,045,"Puerto Rico Commonwealth","Comerío Municipio",5,71,188,85,103
050,72,045,"Puerto Rico Commonwealth","Comerío Municipio",5,72,188,86,102
050,72,045,"Puerto Rico Commonwealth","Comerío Municipio",5,73,196,92,104
050,72,045,"Puerto Rico Commonwealth","Comerío Municipio",5,74,183,78,105
050,72,045,"Puerto Rico Commonwealth","Comerío Municipio",5,75,178,78,100
050,72,045,"Puerto Rico Commonwealth","Comerío Municipio",5,76,181,85,96
050,72,045,"Puerto Rico Commonwealth","Comerío Municipio",5,77,166,83,83
050,72,045,"Puerto Rico Commonwealth","Comerío Municipio",5,78,153,71,82
050,72,045,"Puerto Rico Commonwealth","Comerío Municipio",5,79,133,55,78
050,72,045,"Puerto Rico Commonwealth","Comerío Municipio",5,80,130,57,73
050,72,045,"Puerto Rico Commonwealth","Comerío Municipio",5,81,120,51,69
050,72,045,"Puerto Rico Commonwealth","Comerío Municipio",5,82,114,49,65
050,72,045,"Puerto Rico Commonwealth","Comerío Municipio",5,83,106,47,59
050,72,045,"Puerto Rico Commonwealth","Comerío Municipio",5,84,83,39,44
050,72,045,"Puerto Rico Commonwealth","Comerío Municipio",5,85,597,257,340
050,72,047,"Puerto Rico Commonwealth","Corozal Municipio",1,0,241,122,119
050,72,047,"Puerto Rico Commonwealth","Corozal Municipio",1,1,255,141,114
050,72,047,"Puerto Rico Commonwealth","Corozal Municipio",1,2,255,131,124
050,72,047,"Puerto Rico Commonwealth","Corozal Municipio",1,3,276,138,138
050,72,047,"Puerto Rico Commonwealth","Corozal Municipio",1,4,308,156,152
050,72,047,"Puerto Rico Commonwealth","Corozal Municipio",1,5,345,181,164
050,72,047,"Puerto Rico Commonwealth","Corozal Municipio",1,6,345,182,163
050,72,047,"Puerto Rico Commonwealth","Corozal Municipio",1,7,356,190,166
050,72,047,"Puerto Rico Commonwealth","Corozal Municipio",1,8,389,199,190
050,72,047,"Puerto Rico Commonwealth","Corozal Municipio",1,9,415,204,211
050,72,047,"Puerto Rico Commonwealth","Corozal Municipio",1,10,440,227,213
050,72,047,"Puerto Rico Commonwealth","Corozal Municipio",1,11,432,211,221
050,72,047,"Puerto Rico Commonwealth","Corozal Municipio",1,12,445,223,222
050,72,047,"Puerto Rico Commonwealth","Corozal Municipio",1,13,446,221,225
050,72,047,"Puerto Rico Commonwealth","Corozal Municipio",1,14,427,222,205
050,72,047,"Puerto Rico Commonwealth","Corozal Municipio",1,15,446,241,205
050,72,047,"Puerto Rico Commonwealth","Corozal Municipio",1,16,408,210,198
050,72,047,"Puerto Rico Commonwealth","Corozal Municipio",1,17,407,215,192
050,72,047,"Puerto Rico Commonwealth","Corozal Municipio",1,18,425,211,214
050,72,047,"Puerto Rico Commonwealth","Corozal Municipio",1,19,456,215,241
050,72,047,"Puerto Rico Commonwealth","Corozal Municipio",1,20,440,221,219
050,72,047,"Puerto Rico Commonwealth","Corozal Municipio",1,21,415,227,188
050,72,047,"Puerto Rico Commonwealth","Corozal Municipio",1,22,465,249,216
050,72,047,"Puerto Rico Commonwealth","Corozal Municipio",1,23,490,252,238
050,72,047,"Puerto Rico Commonwealth","Corozal Municipio",1,24,480,236,244
050,72,047,"Puerto Rico Commonwealth","Corozal Municipio",1,25,486,242,244
050,72,047,"Puerto Rico Commonwealth","Corozal Municipio",1,26,463,221,242
050,72,047,"Puerto Rico Commonwealth","Corozal Municipio",1,27,466,230,236
050,72,047,"Puerto Rico Commonwealth","Corozal Municipio",1,28,501,264,237
050,72,047,"Puerto Rico Commonwealth","Corozal Municipio",1,29,503,247,256
050,72,047,"Puerto Rico Commonwealth","Corozal Municipio",1,30,490,239,251
050,72,047,"Puerto Rico Commonwealth","Corozal Municipio",1,31,459,235,224
050,72,047,"Puerto Rico Commonwealth","Corozal Municipio",1,32,397,196,201
050,72,047,"Puerto Rico Commonwealth","Corozal Municipio",1,33,418,197,221
050,72,047,"Puerto Rico Commonwealth","Corozal Municipio",1,34,411,207,204
050,72,047,"Puerto Rico Commonwealth","Corozal Municipio",1,35,414,207,207
050,72,047,"Puerto Rico Commonwealth","Corozal Municipio",1,36,407,193,214
050,72,047,"Puerto Rico Commonwealth","Corozal Municipio",1,37,412,187,225
050,72,047,"Puerto Rico Commonwealth","Corozal Municipio",1,38,426,201,225
050,72,047,"Puerto Rico Commonwealth","Corozal Municipio",1,39,465,229,236
050,72,047,"Puerto Rico Commonwealth","Corozal Municipio",1,40,452,219,233
050,72,047,"Puerto Rico Commonwealth","Corozal Municipio",1,41,440,209,231
050,72,047,"Puerto Rico Commonwealth","Corozal Municipio",1,42,461,231,230
050,72,047,"Puerto Rico Commonwealth","Corozal Municipio",1,43,421,207,214
050,72,047,"Puerto Rico Commonwealth","Corozal Municipio",1,44,408,181,227
050,72,047,"Puerto Rico Commonwealth","Corozal Municipio",1,45,401,190,211
050,72,047,"Puerto Rico Commonwealth","Corozal Municipio",1,46,407,206,201
050,72,047,"Puerto Rico Commonwealth","Corozal Municipio",1,47,392,191,201
050,72,047,"Puerto Rico Commonwealth","Corozal Municipio",1,48,404,195,209
050,72,047,"Puerto Rico Commonwealth","Corozal Municipio",1,49,431,210,221
050,72,047,"Puerto Rico Commonwealth","Corozal Municipio",1,50,449,204,245
050,72,047,"Puerto Rico Commonwealth","Corozal Municipio",1,51,430,207,223
050,72,047,"Puerto Rico Commonwealth","Corozal Municipio",1,52,412,202,210
050,72,047,"Puerto Rico Commonwealth","Corozal Municipio",1,53,461,211,250
050,72,047,"Puerto Rico Commonwealth","Corozal Municipio",1,54,497,225,272
050,72,047,"Puerto Rico Commonwealth","Corozal Municipio",1,55,540,243,297
050,72,047,"Puerto Rico Commonwealth","Corozal Municipio",1,56,509,229,280
050,72,047,"Puerto Rico Commonwealth","Corozal Municipio",1,57,478,212,266
050,72,047,"Puerto Rico Commonwealth","Corozal Municipio",1,58,492,235,257
050,72,047,"Puerto Rico Commonwealth","Corozal Municipio",1,59,512,242,270
050,72,047,"Puerto Rico Commonwealth","Corozal Municipio",1,60,507,236,271
050,72,047,"Puerto Rico Commonwealth","Corozal Municipio",1,61,477,223,254
050,72,047,"Puerto Rico Commonwealth","Corozal Municipio",1,62,447,209,238
050,72,047,"Puerto Rico Commonwealth","Corozal Municipio",1,63,463,217,246
050,72,047,"Puerto Rico Commonwealth","Corozal Municipio",1,64,455,218,237
050,72,047,"Puerto Rico Commonwealth","Corozal Municipio",1,65,427,194,233
050,72,047,"Puerto Rico Commonwealth","Corozal Municipio",1,66,415,188,227
050,72,047,"Puerto Rico Commonwealth","Corozal Municipio",1,67,397,183,214
050,72,047,"Puerto Rico Commonwealth","Corozal Municipio",1,68,403,192,211
050,72,047,"Puerto Rico Commonwealth","Corozal Municipio",1,69,370,170,200
050,72,047,"Puerto Rico Commonwealth","Corozal Municipio",1,70,363,156,207
050,72,047,"Puerto Rico Commonwealth","Corozal Municipio",1,71,339,145,194
050,72,047,"Puerto Rico Commonwealth","Corozal Municipio",1,72,337,158,179
050,72,047,"Puerto Rico Commonwealth","Corozal Municipio",1,73,327,142,185
050,72,047,"Puerto Rico Commonwealth","Corozal Municipio",1,74,342,161,181
050,72,047,"Puerto Rico Commonwealth","Corozal Municipio",1,75,309,159,150
050,72,047,"Puerto Rico Commonwealth","Corozal Municipio",1,76,266,128,138
050,72,047,"Puerto Rico Commonwealth","Corozal Municipio",1,77,260,121,139
050,72,047,"Puerto Rico Commonwealth","Corozal Municipio",1,78,241,112,129
050,72,047,"Puerto Rico Commonwealth","Corozal Municipio",1,79,212,104,108
050,72,047,"Puerto Rico Commonwealth","Corozal Municipio",1,80,222,108,114
050,72,047,"Puerto Rico Commonwealth","Corozal Municipio",1,81,200,88,112
050,72,047,"Puerto Rico Commonwealth","Corozal Municipio",1,82,152,64,88
050,72,047,"Puerto Rico Commonwealth","Corozal Municipio",1,83,149,64,85
050,72,047,"Puerto Rico Commonwealth","Corozal Municipio",1,84,147,65,82
050,72,047,"Puerto Rico Commonwealth","Corozal Municipio",1,85,822,309,513
050,72,047,"Puerto Rico Commonwealth","Corozal Municipio",2,0,236,119,117
050,72,047,"Puerto Rico Commonwealth","Corozal Municipio",2,1,252,136,116
050,72,047,"Puerto Rico Commonwealth","Corozal Municipio",2,2,254,133,121
050,72,047,"Puerto Rico Commonwealth","Corozal Municipio",2,3,272,137,135
050,72,047,"Puerto Rico Commonwealth","Corozal Municipio",2,4,299,151,148
050,72,047,"Puerto Rico Commonwealth","Corozal Municipio",2,5,336,175,161
050,72,047,"Puerto Rico Commonwealth","Corozal Municipio",2,6,345,182,163
050,72,047,"Puerto Rico Commonwealth","Corozal Municipio",2,7,354,188,166
050,72,047,"Puerto Rico Commonwealth","Corozal Municipio",2,8,380,196,184
050,72,047,"Puerto Rico Commonwealth","Corozal Municipio",2,9,408,203,205
050,72,047,"Puerto Rico Commonwealth","Corozal Municipio",2,10,434,221,213
050,72,047,"Puerto Rico Commonwealth","Corozal Municipio",2,11,434,215,219
050,72,047,"Puerto Rico Commonwealth","Corozal Municipio",2,12,442,220,222
050,72,047,"Puerto Rico Commonwealth","Corozal Municipio",2,13,446,222,224
050,72,047,"Puerto Rico Commonwealth","Corozal Municipio",2,14,432,222,210
050,72,047,"Puerto Rico Commonwealth","Corozal Municipio",2,15,441,236,205
050,72,047,"Puerto Rico Commonwealth","Corozal Municipio",2,16,418,218,200
050,72,047,"Puerto Rico Commonwealth","Corozal Municipio",2,17,406,213,193
050,72,047,"Puerto Rico Commonwealth","Corozal Municipio",2,18,421,212,209
050,72,047,"Puerto Rico Commonwealth","Corozal Municipio",2,19,448,214,234
050,72,047,"Puerto Rico Commonwealth","Corozal Municipio",2,20,444,220,224
050,72,047,"Puerto Rico Commonwealth","Corozal Municipio",2,21,421,225,196
050,72,047,"Puerto Rico Commonwealth","Corozal Municipio",2,22,453,244,209
050,72,047,"Puerto Rico Commonwealth","Corozal Municipio",2,23,484,251,233
050,72,047,"Puerto Rico Commonwealth","Corozal Municipio",2,24,482,240,242
050,72,047,"Puerto Rico Commonwealth","Corozal Municipio",2,25,485,241,244
050,72,047,"Puerto Rico Commonwealth","Corozal Municipio",2,26,468,226,242
050,72,047,"Puerto Rico Commonwealth","Corozal Municipio",2,27,465,228,237
050,72,047,"Puerto Rico Commonwealth","Corozal Municipio",2,28,492,255,237
050,72,047,"Puerto Rico Commonwealth","Corozal Municipio",2,29,502,251,251
050,72,047,"Puerto Rico Commonwealth","Corozal Municipio",2,30,493,241,252
050,72,047,"Puerto Rico Commonwealth","Corozal Municipio",2,31,467,236,231
050,72,047,"Puerto Rico Commonwealth","Corozal Municipio",2,32,413,206,207
050,72,047,"Puerto Rico Commonwealth","Corozal Municipio",2,33,413,197,216
050,72,047,"Puerto Rico Commonwealth","Corozal Municipio",2,34,411,204,207
050,72,047,"Puerto Rico Commonwealth","Corozal Municipio",2,35,413,207,206
050,72,047,"Puerto Rico Commonwealth","Corozal Municipio",2,36,410,197,213
050,72,047,"Puerto Rico Commonwealth","Corozal Municipio",2,37,410,188,222
050,72,047,"Puerto Rico Commonwealth","Corozal Municipio",2,38,423,198,225
050,72,047,"Puerto Rico Commonwealth","Corozal Municipio",2,39,455,222,233
050,72,047,"Puerto Rico Commonwealth","Corozal Municipio",2,40,455,221,234
050,72,047,"Puerto Rico Commonwealth","Corozal Municipio",2,41,443,212,231
050,72,047,"Puerto Rico Commonwealth","Corozal Municipio",2,42,456,225,231
050,72,047,"Puerto Rico Commonwealth","Corozal Municipio",2,43,431,213,218
050,72,047,"Puerto Rico Commonwealth","Corozal Municipio",2,44,411,188,223
050,72,047,"Puerto Rico Commonwealth","Corozal Municipio",2,45,403,188,215
050,72,047,"Puerto Rico Commonwealth","Corozal Municipio",2,46,406,202,204
050,72,047,"Puerto Rico Commonwealth","Corozal Municipio",2,47,394,194,200
050,72,047,"Puerto Rico Commonwealth","Corozal Municipio",2,48,401,194,207
050,72,047,"Puerto Rico Commonwealth","Corozal Municipio",2,49,425,207,218
050,72,047,"Puerto Rico Commonwealth","Corozal Municipio",2,50,444,205,239
050,72,047,"Puerto Rico Commonwealth","Corozal Municipio",2,51,434,206,228
050,72,047,"Puerto Rico Commonwealth","Corozal Municipio",2,52,418,204,214
050,72,047,"Puerto Rico Commonwealth","Corozal Municipio",2,53,447,207,240
050,72,047,"Puerto Rico Commonwealth","Corozal Municipio",2,54,487,221,266
050,72,047,"Puerto Rico Commonwealth","Corozal Municipio",2,55,527,236,291
050,72,047,"Puerto Rico Commonwealth","Corozal Municipio",2,56,516,232,284
050,72,047,"Puerto Rico Commonwealth","Corozal Municipio",2,57,485,216,269
050,72,047,"Puerto Rico Commonwealth","Corozal Municipio",2,58,488,229,259
050,72,047,"Puerto Rico Commonwealth","Corozal Municipio",2,59,507,240,267
050,72,047,"Puerto Rico Commonwealth","Corozal Municipio",2,60,507,237,270
050,72,047,"Puerto Rico Commonwealth","Corozal Municipio",2,61,483,224,259
050,72,047,"Puerto Rico Commonwealth","Corozal Municipio",2,62,455,213,242
050,72,047,"Puerto Rico Commonwealth","Corozal Municipio",2,63,458,214,244
050,72,047,"Puerto Rico Commonwealth","Corozal Municipio",2,64,456,217,239
050,72,047,"Puerto Rico Commonwealth","Corozal Municipio",2,65,432,198,234
050,72,047,"Puerto Rico Commonwealth","Corozal Municipio",2,66,414,187,227
050,72,047,"Puerto Rico Commonwealth","Corozal Municipio",2,67,400,182,218
050,72,047,"Puerto Rico Commonwealth","Corozal Municipio",2,68,400,190,210
050,72,047,"Puerto Rico Commonwealth","Corozal Municipio",2,69,378,176,202
050,72,047,"Puerto Rico Commonwealth","Corozal Municipio",2,70,363,158,205
050,72,047,"Puerto Rico Commonwealth","Corozal Municipio",2,71,344,146,198
050,72,047,"Puerto Rico Commonwealth","Corozal Municipio",2,72,334,153,181
050,72,047,"Puerto Rico Commonwealth","Corozal Municipio",2,73,328,145,183
050,72,047,"Puerto Rico Commonwealth","Corozal Municipio",2,74,336,154,182
050,72,047,"Puerto Rico Commonwealth","Corozal Municipio",2,75,316,159,157
050,72,047,"Puerto Rico Commonwealth","Corozal Municipio",2,76,275,134,141
050,72,047,"Puerto Rico Commonwealth","Corozal Municipio",2,77,255,119,136
050,72,047,"Puerto Rico Commonwealth","Corozal Municipio",2,78,243,112,131
050,72,047,"Puerto Rico Commonwealth","Corozal Municipio",2,79,218,104,114
050,72,047,"Puerto Rico Commonwealth","Corozal Municipio",2,80,219,105,114
050,72,047,"Puerto Rico Commonwealth","Corozal Municipio",2,81,203,92,111
050,72,047,"Puerto Rico Commonwealth","Corozal Municipio",2,82,162,69,93
050,72,047,"Puerto Rico Commonwealth","Corozal Municipio",2,83,146,63,83
050,72,047,"Puerto Rico Commonwealth","Corozal Municipio",2,84,148,64,84
050,72,047,"Puerto Rico Commonwealth","Corozal Municipio",2,85,838,313,525
050,72,047,"Puerto Rico Commonwealth","Corozal Municipio",3,0,238,130,108
050,72,047,"Puerto Rico Commonwealth","Corozal Municipio",3,1,236,118,118
050,72,047,"Puerto Rico Commonwealth","Corozal Municipio",3,2,253,136,117
050,72,047,"Puerto Rico Commonwealth","Corozal Municipio",3,3,255,133,122
050,72,047,"Puerto Rico Commonwealth","Corozal Municipio",3,4,273,137,136
050,72,047,"Puerto Rico Commonwealth","Corozal Municipio",3,5,300,151,149
050,72,047,"Puerto Rico Commonwealth","Corozal Municipio",3,6,338,176,162
050,72,047,"Puerto Rico Commonwealth","Corozal Municipio",3,7,347,183,164
050,72,047,"Puerto Rico Commonwealth","Corozal Municipio",3,8,356,189,167
050,72,047,"Puerto Rico Commonwealth","Corozal Municipio",3,9,382,197,185
050,72,047,"Puerto Rico Commonwealth","Corozal Municipio",3,10,410,204,206
050,72,047,"Puerto Rico Commonwealth","Corozal Municipio",3,11,434,221,213
050,72,047,"Puerto Rico Commonwealth","Corozal Municipio",3,12,434,215,219
050,72,047,"Puerto Rico Commonwealth","Corozal Municipio",3,13,442,220,222
050,72,047,"Puerto Rico Commonwealth","Corozal Municipio",3,14,445,221,224
050,72,047,"Puerto Rico Commonwealth","Corozal Municipio",3,15,429,219,210
050,72,047,"Puerto Rico Commonwealth","Corozal Municipio",3,16,439,235,204
050,72,047,"Puerto Rico Commonwealth","Corozal Municipio",3,17,415,217,198
050,72,047,"Puerto Rico Commonwealth","Corozal Municipio",3,18,398,209,189
050,72,047,"Puerto Rico Commonwealth","Corozal Municipio",3,19,413,209,204
050,72,047,"Puerto Rico Commonwealth","Corozal Municipio",3,20,446,212,234
050,72,047,"Puerto Rico Commonwealth","Corozal Municipio",3,21,442,219,223
050,72,047,"Puerto Rico Commonwealth","Corozal Municipio",3,22,420,224,196
050,72,047,"Puerto Rico Commonwealth","Corozal Municipio",3,23,450,241,209
050,72,047,"Puerto Rico Commonwealth","Corozal Municipio",3,24,487,253,234
050,72,047,"Puerto Rico Commonwealth","Corozal Municipio",3,25,490,247,243
050,72,047,"Puerto Rico Commonwealth","Corozal Municipio",3,26,484,235,249
050,72,047,"Puerto Rico Commonwealth","Corozal Municipio",3,27,466,229,237
050,72,047,"Puerto Rico Commonwealth","Corozal Municipio",3,28,472,235,237
050,72,047,"Puerto Rico Commonwealth","Corozal Municipio",3,29,477,240,237
050,72,047,"Puerto Rico Commonwealth","Corozal Municipio",3,30,507,255,252
050,72,047,"Puerto Rico Commonwealth","Corozal Municipio",3,31,501,249,252
050,72,047,"Puerto Rico Commonwealth","Corozal Municipio",3,32,466,235,231
050,72,047,"Puerto Rico Commonwealth","Corozal Municipio",3,33,425,211,214
050,72,047,"Puerto Rico Commonwealth","Corozal Municipio",3,34,406,196,210
050,72,047,"Puerto Rico Commonwealth","Corozal Municipio",3,35,415,208,207
050,72,047,"Puerto Rico Commonwealth","Corozal Municipio",3,36,415,209,206
050,72,047,"Puerto Rico Commonwealth","Corozal Municipio",3,37,414,202,212
050,72,047,"Puerto Rico Commonwealth","Corozal Municipio",3,38,408,183,225
050,72,047,"Puerto Rico Commonwealth","Corozal Municipio",3,39,429,202,227
050,72,047,"Puerto Rico Commonwealth","Corozal Municipio",3,40,461,227,234
050,72,047,"Puerto Rico Commonwealth","Corozal Municipio",3,41,454,220,234
050,72,047,"Puerto Rico Commonwealth","Corozal Municipio",3,42,444,214,230
050,72,047,"Puerto Rico Commonwealth","Corozal Municipio",3,43,456,224,232
050,72,047,"Puerto Rico Commonwealth","Corozal Municipio",3,44,439,215,224
050,72,047,"Puerto Rico Commonwealth","Corozal Municipio",3,45,410,192,218
050,72,047,"Puerto Rico Commonwealth","Corozal Municipio",3,46,402,184,218
050,72,047,"Puerto Rico Commonwealth","Corozal Municipio",3,47,410,206,204
050,72,047,"Puerto Rico Commonwealth","Corozal Municipio",3,48,393,192,201
050,72,047,"Puerto Rico Commonwealth","Corozal Municipio",3,49,406,195,211
050,72,047,"Puerto Rico Commonwealth","Corozal Municipio",3,50,427,207,220
050,72,047,"Puerto Rico Commonwealth","Corozal Municipio",3,51,443,207,236
050,72,047,"Puerto Rico Commonwealth","Corozal Municipio",3,52,431,204,227
050,72,047,"Puerto Rico Commonwealth","Corozal Municipio",3,53,419,200,219
050,72,047,"Puerto Rico Commonwealth","Corozal Municipio",3,54,442,204,238
050,72,047,"Puerto Rico Commonwealth","Corozal Municipio",3,55,488,224,264
050,72,047,"Puerto Rico Commonwealth","Corozal Municipio",3,56,528,236,292
050,72,047,"Puerto Rico Commonwealth","Corozal Municipio",3,57,510,227,283
050,72,047,"Puerto Rico Commonwealth","Corozal Municipio",3,58,486,216,270
050,72,047,"Puerto Rico Commonwealth","Corozal Municipio",3,59,491,229,262
050,72,047,"Puerto Rico Commonwealth","Corozal Municipio",3,60,505,240,265
050,72,047,"Puerto Rico Commonwealth","Corozal Municipio",3,61,501,232,269
050,72,047,"Puerto Rico Commonwealth","Corozal Municipio",3,62,482,221,261
050,72,047,"Puerto Rico Commonwealth","Corozal Municipio",3,63,447,209,238
050,72,047,"Puerto Rico Commonwealth","Corozal Municipio",3,64,455,209,246
050,72,047,"Puerto Rico Commonwealth","Corozal Municipio",3,65,446,210,236
050,72,047,"Puerto Rico Commonwealth","Corozal Municipio",3,66,427,196,231
050,72,047,"Puerto Rico Commonwealth","Corozal Municipio",3,67,409,184,225
050,72,047,"Puerto Rico Commonwealth","Corozal Municipio",3,68,397,181,216
050,72,047,"Puerto Rico Commonwealth","Corozal Municipio",3,69,395,185,210
050,72,047,"Puerto Rico Commonwealth","Corozal Municipio",3,70,374,174,200
050,72,047,"Puerto Rico Commonwealth","Corozal Municipio",3,71,354,152,202
050,72,047,"Puerto Rico Commonwealth","Corozal Municipio",3,72,337,141,196
050,72,047,"Puerto Rico Commonwealth","Corozal Municipio",3,73,322,147,175
050,72,047,"Puerto Rico Commonwealth","Corozal Municipio",3,74,319,137,182
050,72,047,"Puerto Rico Commonwealth","Corozal Municipio",3,75,332,151,181
050,72,047,"Puerto Rico Commonwealth","Corozal Municipio",3,76,311,155,156
050,72,047,"Puerto Rico Commonwealth","Corozal Municipio",3,77,270,128,142
050,72,047,"Puerto Rico Commonwealth","Corozal Municipio",3,78,242,113,129
050,72,047,"Puerto Rico Commonwealth","Corozal Municipio",3,79,232,109,123
050,72,047,"Puerto Rico Commonwealth","Corozal Municipio",3,80,211,97,114
050,72,047,"Puerto Rico Commonwealth","Corozal Municipio",3,81,212,102,110
050,72,047,"Puerto Rico Commonwealth","Corozal Municipio",3,82,198,89,109
050,72,047,"Puerto Rico Commonwealth","Corozal Municipio",3,83,154,64,90
050,72,047,"Puerto Rico Commonwealth","Corozal Municipio",3,84,141,62,79
050,72,047,"Puerto Rico Commonwealth","Corozal Municipio",3,85,911,337,574
050,72,047,"Puerto Rico Commonwealth","Corozal Municipio",4,0,223,110,113
050,72,047,"Puerto Rico Commonwealth","Corozal Municipio",4,1,235,128,107
050,72,047,"Puerto Rico Commonwealth","Corozal Municipio",4,2,233,116,117
050,72,047,"Puerto Rico Commonwealth","Corozal Municipio",4,3,250,134,116
050,72,047,"Puerto Rico Commonwealth","Corozal Municipio",4,4,252,131,121
050,72,047,"Puerto Rico Commonwealth","Corozal Municipio",4,5,270,135,135
050,72,047,"Puerto Rico Commonwealth","Corozal Municipio",4,6,297,149,148
050,72,047,"Puerto Rico Commonwealth","Corozal Municipio",4,7,336,175,161
050,72,047,"Puerto Rico Commonwealth","Corozal Municipio",4,8,345,182,163
050,72,047,"Puerto Rico Commonwealth","Corozal Municipio",4,9,354,188,166
050,72,047,"Puerto Rico Commonwealth","Corozal Municipio",4,10,378,195,183
050,72,047,"Puerto Rico Commonwealth","Corozal Municipio",4,11,405,201,204
050,72,047,"Puerto Rico Commonwealth","Corozal Municipio",4,12,430,219,211
050,72,047,"Puerto Rico Commonwealth","Corozal Municipio",4,13,429,212,217
050,72,047,"Puerto Rico Commonwealth","Corozal Municipio",4,14,436,217,219
050,72,047,"Puerto Rico Commonwealth","Corozal Municipio",4,15,439,217,222
050,72,047,"Puerto Rico Commonwealth","Corozal Municipio",4,16,421,214,207
050,72,047,"Puerto Rico Commonwealth","Corozal Municipio",4,17,431,231,200
050,72,047,"Puerto Rico Commonwealth","Corozal Municipio",4,18,402,210,192
050,72,047,"Puerto Rico Commonwealth","Corozal Municipio",4,19,385,203,182
050,72,047,"Puerto Rico Commonwealth","Corozal Municipio",4,20,405,204,201
050,72,047,"Puerto Rico Commonwealth","Corozal Municipio",4,21,437,208,229
050,72,047,"Puerto Rico Commonwealth","Corozal Municipio",4,22,434,214,220
050,72,047,"Puerto Rico Commonwealth","Corozal Municipio",4,23,413,220,193
050,72,047,"Puerto Rico Commonwealth","Corozal Municipio",4,24,444,237,207
050,72,047,"Puerto Rico Commonwealth","Corozal Municipio",4,25,490,258,232
050,72,047,"Puerto Rico Commonwealth","Corozal Municipio",4,26,484,238,246
050,72,047,"Puerto Rico Commonwealth","Corozal Municipio",4,27,478,235,243
050,72,047,"Puerto Rico Commonwealth","Corozal Municipio",4,28,470,235,235
050,72,047,"Puerto Rico Commonwealth","Corozal Municipio",4,29,453,219,234
050,72,047,"Puerto Rico Commonwealth","Corozal Municipio",4,30,473,238,235
050,72,047,"Puerto Rico Commonwealth","Corozal Municipio",4,31,506,257,249
050,72,047,"Puerto Rico Commonwealth","Corozal Municipio",4,32,491,242,249
050,72,047,"Puerto Rico Commonwealth","Corozal Municipio",4,33,474,237,237
050,72,047,"Puerto Rico Commonwealth","Corozal Municipio",4,34,414,208,206
050,72,047,"Puerto Rico Commonwealth","Corozal Municipio",4,35,402,194,208
050,72,047,"Puerto Rico Commonwealth","Corozal Municipio",4,36,408,204,204
050,72,047,"Puerto Rico Commonwealth","Corozal Municipio",4,37,413,209,204
050,72,047,"Puerto Rico Commonwealth","Corozal Municipio",4,38,406,194,212
050,72,047,"Puerto Rico Commonwealth","Corozal Municipio",4,39,409,184,225
050,72,047,"Puerto Rico Commonwealth","Corozal Municipio",4,40,429,203,226
050,72,047,"Puerto Rico Commonwealth","Corozal Municipio",4,41,453,224,229
050,72,047,"Puerto Rico Commonwealth","Corozal Municipio",4,42,451,220,231
050,72,047,"Puerto Rico Commonwealth","Corozal Municipio",4,43,438,209,229
050,72,047,"Puerto Rico Commonwealth","Corozal Municipio",4,44,459,223,236
050,72,047,"Puerto Rico Commonwealth","Corozal Municipio",4,45,436,218,218
050,72,047,"Puerto Rico Commonwealth","Corozal Municipio",4,46,407,187,220
050,72,047,"Puerto Rico Commonwealth","Corozal Municipio",4,47,403,185,218
050,72,047,"Puerto Rico Commonwealth","Corozal Municipio",4,48,408,204,204
050,72,047,"Puerto Rico Commonwealth","Corozal Municipio",4,49,395,191,204
050,72,047,"Puerto Rico Commonwealth","Corozal Municipio",4,50,404,191,213
050,72,047,"Puerto Rico Commonwealth","Corozal Municipio",4,51,425,208,217
050,72,047,"Puerto Rico Commonwealth","Corozal Municipio",4,52,437,202,235
050,72,047,"Puerto Rico Commonwealth","Corozal Municipio",4,53,432,201,231
050,72,047,"Puerto Rico Commonwealth","Corozal Municipio",4,54,414,196,218
050,72,047,"Puerto Rico Commonwealth","Corozal Municipio",4,55,441,206,235
050,72,047,"Puerto Rico Commonwealth","Corozal Municipio",4,56,490,224,266
050,72,047,"Puerto Rico Commonwealth","Corozal Municipio",4,57,521,230,291
050,72,047,"Puerto Rico Commonwealth","Corozal Municipio",4,58,512,227,285
050,72,047,"Puerto Rico Commonwealth","Corozal Municipio",4,59,486,215,271
050,72,047,"Puerto Rico Commonwealth","Corozal Municipio",4,60,488,228,260
050,72,047,"Puerto Rico Commonwealth","Corozal Municipio",4,61,502,237,265
050,72,047,"Puerto Rico Commonwealth","Corozal Municipio",4,62,496,226,270
050,72,047,"Puerto Rico Commonwealth","Corozal Municipio",4,63,477,219,258
050,72,047,"Puerto Rico Commonwealth","Corozal Municipio",4,64,440,202,238
050,72,047,"Puerto Rico Commonwealth","Corozal Municipio",4,65,449,205,244
050,72,047,"Puerto Rico Commonwealth","Corozal Municipio",4,66,434,205,229
050,72,047,"Puerto Rico Commonwealth","Corozal Municipio",4,67,420,192,228
050,72,047,"Puerto Rico Commonwealth","Corozal Municipio",4,68,406,182,224
050,72,047,"Puerto Rico Commonwealth","Corozal Municipio",4,69,392,176,216
050,72,047,"Puerto Rico Commonwealth","Corozal Municipio",4,70,390,182,208
050,72,047,"Puerto Rico Commonwealth","Corozal Municipio",4,71,371,171,200
050,72,047,"Puerto Rico Commonwealth","Corozal Municipio",4,72,349,145,204
050,72,047,"Puerto Rico Commonwealth","Corozal Municipio",4,73,327,137,190
050,72,047,"Puerto Rico Commonwealth","Corozal Municipio",4,74,317,143,174
050,72,047,"Puerto Rico Commonwealth","Corozal Municipio",4,75,315,134,181
050,72,047,"Puerto Rico Commonwealth","Corozal Municipio",4,76,320,142,178
050,72,047,"Puerto Rico Commonwealth","Corozal Municipio",4,77,298,146,152
050,72,047,"Puerto Rico Commonwealth","Corozal Municipio",4,78,264,126,138
050,72,047,"Puerto Rico Commonwealth","Corozal Municipio",4,79,229,109,120
050,72,047,"Puerto Rico Commonwealth","Corozal Municipio",4,80,221,101,120
050,72,047,"Puerto Rico Commonwealth","Corozal Municipio",4,81,201,90,111
050,72,047,"Puerto Rico Commonwealth","Corozal Municipio",4,82,206,100,106
050,72,047,"Puerto Rico Commonwealth","Corozal Municipio",4,83,186,82,104
050,72,047,"Puerto Rico Commonwealth","Corozal Municipio",4,84,144,59,85
050,72,047,"Puerto Rico Commonwealth","Corozal Municipio",4,85,966,365,601
050,72,047,"Puerto Rico Commonwealth","Corozal Municipio",5,0,211,121,90
050,72,047,"Puerto Rico Commonwealth","Corozal Municipio",5,1,224,109,115
050,72,047,"Puerto Rico Commonwealth","Corozal Municipio",5,2,237,129,108
050,72,047,"Puerto Rico Commonwealth","Corozal Municipio",5,3,234,116,118
050,72,047,"Puerto Rico Commonwealth","Corozal Municipio",5,4,252,135,117
050,72,047,"Puerto Rico Commonwealth","Corozal Municipio",5,5,254,132,122
050,72,047,"Puerto Rico Commonwealth","Corozal Municipio",5,6,272,136,136
050,72,047,"Puerto Rico Commonwealth","Corozal Municipio",5,7,299,150,149
050,72,047,"Puerto Rico Commonwealth","Corozal Municipio",5,8,338,176,162
050,72,047,"Puerto Rico Commonwealth","Corozal Municipio",5,9,348,184,164
050,72,047,"Puerto Rico Commonwealth","Corozal Municipio",5,10,356,189,167
050,72,047,"Puerto Rico Commonwealth","Corozal Municipio",5,11,379,196,183
050,72,047,"Puerto Rico Commonwealth","Corozal Municipio",5,12,407,202,205
050,72,047,"Puerto Rico Commonwealth","Corozal Municipio",5,13,432,220,212
050,72,047,"Puerto Rico Commonwealth","Corozal Municipio",5,14,429,212,217
050,72,047,"Puerto Rico Commonwealth","Corozal Municipio",5,15,435,216,219
050,72,047,"Puerto Rico Commonwealth","Corozal Municipio",5,16,438,216,222
050,72,047,"Puerto Rico Commonwealth","Corozal Municipio",5,17,419,213,206
050,72,047,"Puerto Rico Commonwealth","Corozal Municipio",5,18,423,227,196
050,72,047,"Puerto Rico Commonwealth","Corozal Municipio",5,19,396,207,189
050,72,047,"Puerto Rico Commonwealth","Corozal Municipio",5,20,384,202,182
050,72,047,"Puerto Rico Commonwealth","Corozal Municipio",5,21,404,204,200
050,72,047,"Puerto Rico Commonwealth","Corozal Municipio",5,22,437,207,230
050,72,047,"Puerto Rico Commonwealth","Corozal Municipio",5,23,436,214,222
050,72,047,"Puerto Rico Commonwealth","Corozal Municipio",5,24,415,221,194
050,72,047,"Puerto Rico Commonwealth","Corozal Municipio",5,25,454,246,208
050,72,047,"Puerto Rico Commonwealth","Corozal Municipio",5,26,490,251,239
050,72,047,"Puerto Rico Commonwealth","Corozal Municipio",5,27,485,243,242
050,72,047,"Puerto Rico Commonwealth","Corozal Municipio",5,28,489,246,243
050,72,047,"Puerto Rico Commonwealth","Corozal Municipio",5,29,456,222,234
050,72,047,"Puerto Rico Commonwealth","Corozal Municipio",5,30,456,221,235
050,72,047,"Puerto Rico Commonwealth","Corozal Municipio",5,31,480,245,235
050,72,047,"Puerto Rico Commonwealth","Corozal Municipio",5,32,504,254,250
050,72,047,"Puerto Rico Commonwealth","Corozal Municipio",5,33,506,248,258
050,72,047,"Puerto Rico Commonwealth","Corozal Municipio",5,34,468,238,230
050,72,047,"Puerto Rico Commonwealth","Corozal Municipio",5,35,417,210,207
050,72,047,"Puerto Rico Commonwealth","Corozal Municipio",5,36,405,196,209
050,72,047,"Puerto Rico Commonwealth","Corozal Municipio",5,37,415,210,205
050,72,047,"Puerto Rico Commonwealth","Corozal Municipio",5,38,411,204,207
050,72,047,"Puerto Rico Commonwealth","Corozal Municipio",5,39,413,198,215
050,72,047,"Puerto Rico Commonwealth","Corozal Municipio",5,40,414,188,226
050,72,047,"Puerto Rico Commonwealth","Corozal Municipio",5,41,430,203,227
050,72,047,"Puerto Rico Commonwealth","Corozal Municipio",5,42,453,224,229
050,72,047,"Puerto Rico Commonwealth","Corozal Municipio",5,43,450,219,231
050,72,047,"Puerto Rico Commonwealth","Corozal Municipio",5,44,447,210,237
050,72,047,"Puerto Rico Commonwealth","Corozal Municipio",5,45,463,230,233
050,72,047,"Puerto Rico Commonwealth","Corozal Municipio",5,46,436,215,221
050,72,047,"Puerto Rico Commonwealth","Corozal Municipio",5,47,414,192,222
050,72,047,"Puerto Rico Commonwealth","Corozal Municipio",5,48,403,185,218
050,72,047,"Puerto Rico Commonwealth","Corozal Municipio",5,49,414,204,210
050,72,047,"Puerto Rico Commonwealth","Corozal Municipio",5,50,398,191,207
050,72,047,"Puerto Rico Commonwealth","Corozal Municipio",5,51,406,196,210
050,72,047,"Puerto Rico Commonwealth","Corozal Municipio",5,52,424,206,218
050,72,047,"Puerto Rico Commonwealth","Corozal Municipio",5,53,441,200,241
050,72,047,"Puerto Rico Commonwealth","Corozal Municipio",5,54,432,202,230
050,72,047,"Puerto Rico Commonwealth","Corozal Municipio",5,55,413,198,215
050,72,047,"Puerto Rico Commonwealth","Corozal Municipio",5,56,443,205,238
050,72,047,"Puerto Rico Commonwealth","Corozal Municipio",5,57,482,220,262
050,72,047,"Puerto Rico Commonwealth","Corozal Municipio",5,58,523,229,294
050,72,047,"Puerto Rico Commonwealth","Corozal Municipio",5,59,510,224,286
050,72,047,"Puerto Rico Commonwealth","Corozal Municipio",5,60,481,213,268
050,72,047,"Puerto Rico Commonwealth","Corozal Municipio",5,61,484,225,259
050,72,047,"Puerto Rico Commonwealth","Corozal Municipio",5,62,507,237,270
050,72,047,"Puerto Rico Commonwealth","Corozal Municipio",5,63,488,220,268
050,72,047,"Puerto Rico Commonwealth","Corozal Municipio",5,64,476,214,262
050,72,047,"Puerto Rico Commonwealth","Corozal Municipio",5,65,436,201,235
050,72,047,"Puerto Rico Commonwealth","Corozal Municipio",5,66,443,204,239
050,72,047,"Puerto Rico Commonwealth","Corozal Municipio",5,67,425,199,226
050,72,047,"Puerto Rico Commonwealth","Corozal Municipio",5,68,418,190,228
050,72,047,"Puerto Rico Commonwealth","Corozal Municipio",5,69,398,177,221
050,72,047,"Puerto Rico Commonwealth","Corozal Municipio",5,70,386,173,213
050,72,047,"Puerto Rico Commonwealth","Corozal Municipio",5,71,380,176,204
050,72,047,"Puerto Rico Commonwealth","Corozal Municipio",5,72,366,169,197
050,72,047,"Puerto Rico Commonwealth","Corozal Municipio",5,73,340,142,198
050,72,047,"Puerto Rico Commonwealth","Corozal Municipio",5,74,320,133,187
050,72,047,"Puerto Rico Commonwealth","Corozal Municipio",5,75,307,136,171
050,72,047,"Puerto Rico Commonwealth","Corozal Municipio",5,76,307,126,181
050,72,047,"Puerto Rico Commonwealth","Corozal Municipio",5,77,318,139,179
050,72,047,"Puerto Rico Commonwealth","Corozal Municipio",5,78,290,139,151
050,72,047,"Puerto Rico Commonwealth","Corozal Municipio",5,79,256,121,135
050,72,047,"Puerto Rico Commonwealth","Corozal Municipio",5,80,217,104,113
050,72,047,"Puerto Rico Commonwealth","Corozal Municipio",5,81,213,94,119
050,72,047,"Puerto Rico Commonwealth","Corozal Municipio",5,82,195,87,108
050,72,047,"Puerto Rico Commonwealth","Corozal Municipio",5,83,195,94,101
050,72,047,"Puerto Rico Commonwealth","Corozal Municipio",5,84,179,76,103
050,72,047,"Puerto Rico Commonwealth","Corozal Municipio",5,85,1019,384,635
050,72,049,"Puerto Rico Commonwealth","Culebra Municipio",1,0,13,9,4
050,72,049,"Puerto Rico Commonwealth","Culebra Municipio",1,1,9,5,4
050,72,049,"Puerto Rico Commonwealth","Culebra Municipio",1,2,15,9,6
050,72,049,"Puerto Rico Commonwealth","Culebra Municipio",1,3,14,9,5
050,72,049,"Puerto Rico Commonwealth","Culebra Municipio",1,4,18,13,5
050,72,049,"Puerto Rico Commonwealth","Culebra Municipio",1,5,18,10,8
050,72,049,"Puerto Rico Commonwealth","Culebra Municipio",1,6,19,10,9
050,72,049,"Puerto Rico Commonwealth","Culebra Municipio",1,7,21,9,12
050,72,049,"Puerto Rico Commonwealth","Culebra Municipio",1,8,19,10,9
050,72,049,"Puerto Rico Commonwealth","Culebra Municipio",1,9,16,8,8
050,72,049,"Puerto Rico Commonwealth","Culebra Municipio",1,10,21,8,13
050,72,049,"Puerto Rico Commonwealth","Culebra Municipio",1,11,19,7,12
050,72,049,"Puerto Rico Commonwealth","Culebra Municipio",1,12,18,8,10
050,72,049,"Puerto Rico Commonwealth","Culebra Municipio",1,13,18,8,10
050,72,049,"Puerto Rico Commonwealth","Culebra Municipio",1,14,16,6,10
050,72,049,"Puerto Rico Commonwealth","Culebra Municipio",1,15,13,7,6
050,72,049,"Puerto Rico Commonwealth","Culebra Municipio",1,16,16,8,8
050,72,049,"Puerto Rico Commonwealth","Culebra Municipio",1,17,21,9,12
050,72,049,"Puerto Rico Commonwealth","Culebra Municipio",1,18,23,9,14
050,72,049,"Puerto Rico Commonwealth","Culebra Municipio",1,19,19,6,13
050,72,049,"Puerto Rico Commonwealth","Culebra Municipio",1,20,19,7,12
050,72,049,"Puerto Rico Commonwealth","Culebra Municipio",1,21,17,7,10
050,72,049,"Puerto Rico Commonwealth","Culebra Municipio",1,22,21,11,10
050,72,049,"Puerto Rico Commonwealth","Culebra Municipio",1,23,23,10,13
050,72,049,"Puerto Rico Commonwealth","Culebra Municipio",1,24,18,9,9
050,72,049,"Puerto Rico Commonwealth","Culebra Municipio",1,25,19,10,9
050,72,049,"Puerto Rico Commonwealth","Culebra Municipio",1,26,29,12,17
050,72,049,"Puerto Rico Commonwealth","Culebra Municipio",1,27,25,10,15
050,72,049,"Puerto Rico Commonwealth","Culebra Municipio",1,28,25,13,12
050,72,049,"Puerto Rico Commonwealth","Culebra Municipio",1,29,25,13,12
050,72,049,"Puerto Rico Commonwealth","Culebra Municipio",1,30,23,13,10
050,72,049,"Puerto Rico Commonwealth","Culebra Municipio",1,31,22,12,10
050,72,049,"Puerto Rico Commonwealth","Culebra Municipio",1,32,20,7,13
050,72,049,"Puerto Rico Commonwealth","Culebra Municipio",1,33,16,9,7
050,72,049,"Puerto Rico Commonwealth","Culebra Municipio",1,34,15,10,5
050,72,049,"Puerto Rico Commonwealth","Culebra Municipio",1,35,14,9,5
050,72,049,"Puerto Rico Commonwealth","Culebra Municipio",1,36,20,12,8
050,72,049,"Puerto Rico Commonwealth","Culebra Municipio",1,37,21,12,9
050,72,049,"Puerto Rico Commonwealth","Culebra Municipio",1,38,24,12,12
050,72,049,"Puerto Rico Commonwealth","Culebra Municipio",1,39,30,16,14
050,72,049,"Puerto Rico Commonwealth","Culebra Municipio",1,40,25,9,16
050,72,049,"Puerto Rico Commonwealth","Culebra Municipio",1,41,20,7,13
050,72,049,"Puerto Rico Commonwealth","Culebra Municipio",1,42,15,6,9
050,72,049,"Puerto Rico Commonwealth","Culebra Municipio",1,43,23,10,13
050,72,049,"Puerto Rico Commonwealth","Culebra Municipio",1,44,28,15,13
050,72,049,"Puerto Rico Commonwealth","Culebra Municipio",1,45,29,15,14
050,72,049,"Puerto Rico Commonwealth","Culebra Municipio",1,46,23,14,9
050,72,049,"Puerto Rico Commonwealth","Culebra Municipio",1,47,23,14,9
050,72,049,"Puerto Rico Commonwealth","Culebra Municipio",1,48,23,12,11
050,72,049,"Puerto Rico Commonwealth","Culebra Municipio",1,49,24,8,16
050,72,049,"Puerto Rico Commonwealth","Culebra Municipio",1,50,18,6,12
050,72,049,"Puerto Rico Commonwealth","Culebra Municipio",1,51,26,10,16
050,72,049,"Puerto Rico Commonwealth","Culebra Municipio",1,52,25,13,12
050,72,049,"Puerto Rico Commonwealth","Culebra Municipio",1,53,27,14,13
050,72,049,"Puerto Rico Commonwealth","Culebra Municipio",1,54,22,13,9
050,72,049,"Puerto Rico Commonwealth","Culebra Municipio",1,55,22,14,8
050,72,049,"Puerto Rico Commonwealth","Culebra Municipio",1,56,26,16,10
050,72,049,"Puerto Rico Commonwealth","Culebra Municipio",1,57,26,16,10
050,72,049,"Puerto Rico Commonwealth","Culebra Municipio",1,58,27,14,13
050,72,049,"Puerto Rico Commonwealth","Culebra Municipio",1,59,29,15,14
050,72,049,"Puerto Rico Commonwealth","Culebra Municipio",1,60,26,11,15
050,72,049,"Puerto Rico Commonwealth","Culebra Municipio",1,61,22,10,12
050,72,049,"Puerto Rico Commonwealth","Culebra Municipio",1,62,18,9,9
050,72,049,"Puerto Rico Commonwealth","Culebra Municipio",1,63,26,13,13
050,72,049,"Puerto Rico Commonwealth","Culebra Municipio",1,64,28,12,16
050,72,049,"Puerto Rico Commonwealth","Culebra Municipio",1,65,24,10,14
050,72,049,"Puerto Rico Commonwealth","Culebra Municipio",1,66,20,10,10
050,72,049,"Puerto Rico Commonwealth","Culebra Municipio",1,67,27,14,13
050,72,049,"Puerto Rico Commonwealth","Culebra Municipio",1,68,32,16,16
050,72,049,"Puerto Rico Commonwealth","Culebra Municipio",1,69,27,13,14
050,72,049,"Puerto Rico Commonwealth","Culebra Municipio",1,70,21,12,9
050,72,049,"Puerto Rico Commonwealth","Culebra Municipio",1,71,24,14,10
050,72,049,"Puerto Rico Commonwealth","Culebra Municipio",1,72,28,15,13
050,72,049,"Puerto Rico Commonwealth","Culebra Municipio",1,73,16,6,10
050,72,049,"Puerto Rico Commonwealth","Culebra Municipio",1,74,19,10,9
050,72,049,"Puerto Rico Commonwealth","Culebra Municipio",1,75,19,9,10
050,72,049,"Puerto Rico Commonwealth","Culebra Municipio",1,76,17,9,8
050,72,049,"Puerto Rico Commonwealth","Culebra Municipio",1,77,15,10,5
050,72,049,"Puerto Rico Commonwealth","Culebra Municipio",1,78,13,6,7
050,72,049,"Puerto Rico Commonwealth","Culebra Municipio",1,79,10,5,5
050,72,049,"Puerto Rico Commonwealth","Culebra Municipio",1,80,15,6,9
050,72,049,"Puerto Rico Commonwealth","Culebra Municipio",1,81,11,4,7
050,72,049,"Puerto Rico Commonwealth","Culebra Municipio",1,82,13,8,5
050,72,049,"Puerto Rico Commonwealth","Culebra Municipio",1,83,8,4,4
050,72,049,"Puerto Rico Commonwealth","Culebra Municipio",1,84,7,4,3
050,72,049,"Puerto Rico Commonwealth","Culebra Municipio",1,85,53,22,31
050,72,049,"Puerto Rico Commonwealth","Culebra Municipio",2,0,10,6,4
050,72,049,"Puerto Rico Commonwealth","Culebra Municipio",2,1,10,6,4
050,72,049,"Puerto Rico Commonwealth","Culebra Municipio",2,2,13,8,5
050,72,049,"Puerto Rico Commonwealth","Culebra Municipio",2,3,15,9,6
050,72,049,"Puerto Rico Commonwealth","Culebra Municipio",2,4,17,12,5
050,72,049,"Puerto Rico Commonwealth","Culebra Municipio",2,5,18,11,7
050,72,049,"Puerto Rico Commonwealth","Culebra Municipio",2,6,18,9,9
050,72,049,"Puerto Rico Commonwealth","Culebra Municipio",2,7,21,10,11
050,72,049,"Puerto Rico Commonwealth","Culebra Municipio",2,8,19,9,10
050,72,049,"Puerto Rico Commonwealth","Culebra Municipio",2,9,17,9,8
050,72,049,"Puerto Rico Commonwealth","Culebra Municipio",2,10,20,8,12
050,72,049,"Puerto Rico Commonwealth","Culebra Municipio",2,11,19,7,12
050,72,049,"Puerto Rico Commonwealth","Culebra Municipio",2,12,19,8,11
050,72,049,"Puerto Rico Commonwealth","Culebra Municipio",2,13,17,8,9
050,72,049,"Puerto Rico Commonwealth","Culebra Municipio",2,14,17,6,11
050,72,049,"Puerto Rico Commonwealth","Culebra Municipio",2,15,13,7,6
050,72,049,"Puerto Rico Commonwealth","Culebra Municipio",2,16,16,8,8
050,72,049,"Puerto Rico Commonwealth","Culebra Municipio",2,17,20,9,11
050,72,049,"Puerto Rico Commonwealth","Culebra Municipio",2,18,23,9,14
050,72,049,"Puerto Rico Commonwealth","Culebra Municipio",2,19,20,6,14
050,72,049,"Puerto Rico Commonwealth","Culebra Municipio",2,20,18,6,12
050,72,049,"Puerto Rico Commonwealth","Culebra Municipio",2,21,17,6,11
050,72,049,"Puerto Rico Commonwealth","Culebra Municipio",2,22,18,9,9
050,72,049,"Puerto Rico Commonwealth","Culebra Municipio",2,23,24,11,13
050,72,049,"Puerto Rico Commonwealth","Culebra Municipio",2,24,19,9,10
050,72,049,"Puerto Rico Commonwealth","Culebra Municipio",2,25,19,10,9
050,72,049,"Puerto Rico Commonwealth","Culebra Municipio",2,26,26,11,15
050,72,049,"Puerto Rico Commonwealth","Culebra Municipio",2,27,26,11,15
050,72,049,"Puerto Rico Commonwealth","Culebra Municipio",2,28,25,12,13
050,72,049,"Puerto Rico Commonwealth","Culebra Municipio",2,29,25,13,12
050,72,049,"Puerto Rico Commonwealth","Culebra Municipio",2,30,23,13,10
050,72,049,"Puerto Rico Commonwealth","Culebra Municipio",2,31,23,12,11
050,72,049,"Puerto Rico Commonwealth","Culebra Municipio",2,32,20,8,12
050,72,049,"Puerto Rico Commonwealth","Culebra Municipio",2,33,17,9,8
050,72,049,"Puerto Rico Commonwealth","Culebra Municipio",2,34,15,9,6
050,72,049,"Puerto Rico Commonwealth","Culebra Municipio",2,35,15,10,5
050,72,049,"Puerto Rico Commonwealth","Culebra Municipio",2,36,18,11,7
050,72,049,"Puerto Rico Commonwealth","Culebra Municipio",2,37,21,12,9
050,72,049,"Puerto Rico Commonwealth","Culebra Municipio",2,38,23,12,11
050,72,049,"Puerto Rico Commonwealth","Culebra Municipio",2,39,29,15,14
050,72,049,"Puerto Rico Commonwealth","Culebra Municipio",2,40,27,12,15
050,72,049,"Puerto Rico Commonwealth","Culebra Municipio",2,41,21,7,14
050,72,049,"Puerto Rico Commonwealth","Culebra Municipio",2,42,16,6,10
050,72,049,"Puerto Rico Commonwealth","Culebra Municipio",2,43,22,10,12
050,72,049,"Puerto Rico Commonwealth","Culebra Municipio",2,44,26,13,13
050,72,049,"Puerto Rico Commonwealth","Culebra Municipio",2,45,28,15,13
050,72,049,"Puerto Rico Commonwealth","Culebra Municipio",2,46,25,14,11
050,72,049,"Puerto Rico Commonwealth","Culebra Municipio",2,47,23,14,9
050,72,049,"Puerto Rico Commonwealth","Culebra Municipio",2,48,23,13,10
050,72,049,"Puerto Rico Commonwealth","Culebra Municipio",2,49,24,9,15
050,72,049,"Puerto Rico Commonwealth","Culebra Municipio",2,50,20,7,13
050,72,049,"Puerto Rico Commonwealth","Culebra Municipio",2,51,23,8,15
050,72,049,"Puerto Rico Commonwealth","Culebra Municipio",2,52,26,13,13
050,72,049,"Puerto Rico Commonwealth","Culebra Municipio",2,53,27,14,13
050,72,049,"Puerto Rico Commonwealth","Culebra Municipio",2,54,23,13,10
050,72,049,"Puerto Rico Commonwealth","Culebra Municipio",2,55,22,14,8
050,72,049,"Puerto Rico Commonwealth","Culebra Municipio",2,56,24,15,9
050,72,049,"Puerto Rico Commonwealth","Culebra Municipio",2,57,27,16,11
050,72,049,"Puerto Rico Commonwealth","Culebra Municipio",2,58,27,15,12
050,72,049,"Puerto Rico Commonwealth","Culebra Municipio",2,59,28,14,14
050,72,049,"Puerto Rico Commonwealth","Culebra Municipio",2,60,26,12,14
050,72,049,"Puerto Rico Commonwealth","Culebra Municipio",2,61,23,10,13
050,72,049,"Puerto Rico Commonwealth","Culebra Municipio",2,62,20,10,10
050,72,049,"Puerto Rico Commonwealth","Culebra Municipio",2,63,24,12,12
050,72,049,"Puerto Rico Commonwealth","Culebra Municipio",2,64,27,12,15
050,72,049,"Puerto Rico Commonwealth","Culebra Municipio",2,65,26,11,15
050,72,049,"Puerto Rico Commonwealth","Culebra Municipio",2,66,21,10,11
050,72,049,"Puerto Rico Commonwealth","Culebra Municipio",2,67,24,12,12
050,72,049,"Puerto Rico Commonwealth","Culebra Municipio",2,68,31,16,15
050,72,049,"Puerto Rico Commonwealth","Culebra Municipio",2,69,29,14,15
050,72,049,"Puerto Rico Commonwealth","Culebra Municipio",2,70,22,12,10
050,72,049,"Puerto Rico Commonwealth","Culebra Municipio",2,71,22,13,9
050,72,049,"Puerto Rico Commonwealth","Culebra Municipio",2,72,28,15,13
050,72,049,"Puerto Rico Commonwealth","Culebra Municipio",2,73,19,9,10
050,72,049,"Puerto Rico Commonwealth","Culebra Municipio",2,74,18,8,10
050,72,049,"Puerto Rico Commonwealth","Culebra Municipio",2,75,19,10,9
050,72,049,"Puerto Rico Commonwealth","Culebra Municipio",2,76,18,9,9
050,72,049,"Puerto Rico Commonwealth","Culebra Municipio",2,77,15,9,6
050,72,049,"Puerto Rico Commonwealth","Culebra Municipio",2,78,13,7,6
050,72,049,"Puerto Rico Commonwealth","Culebra Municipio",2,79,12,6,6
050,72,049,"Puerto Rico Commonwealth","Culebra Municipio",2,80,13,5,8
050,72,049,"Puerto Rico Commonwealth","Culebra Municipio",2,81,12,5,7
050,72,049,"Puerto Rico Commonwealth","Culebra Municipio",2,82,13,7,6
050,72,049,"Puerto Rico Commonwealth","Culebra Municipio",2,83,8,4,4
050,72,049,"Puerto Rico Commonwealth","Culebra Municipio",2,84,7,4,3
050,72,049,"Puerto Rico Commonwealth","Culebra Municipio",2,85,55,23,32
050,72,049,"Puerto Rico Commonwealth","Culebra Municipio",3,0,10,3,7
050,72,049,"Puerto Rico Commonwealth","Culebra Municipio",3,1,10,6,4
050,72,049,"Puerto Rico Commonwealth","Culebra Municipio",3,2,10,6,4
050,72,049,"Puerto Rico Commonwealth","Culebra Municipio",3,3,13,8,5
050,72,049,"Puerto Rico Commonwealth","Culebra Municipio",3,4,15,9,6
050,72,049,"Puerto Rico Commonwealth","Culebra Municipio",3,5,17,12,5
050,72,049,"Puerto Rico Commonwealth","Culebra Municipio",3,6,18,11,7
050,72,049,"Puerto Rico Commonwealth","Culebra Municipio",3,7,18,9,9
050,72,049,"Puerto Rico Commonwealth","Culebra Municipio",3,8,21,10,11
050,72,049,"Puerto Rico Commonwealth","Culebra Municipio",3,9,19,9,10
050,72,049,"Puerto Rico Commonwealth","Culebra Municipio",3,10,17,9,8
050,72,049,"Puerto Rico Commonwealth","Culebra Municipio",3,11,20,8,12
050,72,049,"Puerto Rico Commonwealth","Culebra Municipio",3,12,19,7,12
050,72,049,"Puerto Rico Commonwealth","Culebra Municipio",3,13,19,8,11
050,72,049,"Puerto Rico Commonwealth","Culebra Municipio",3,14,17,8,9
050,72,049,"Puerto Rico Commonwealth","Culebra Municipio",3,15,17,6,11
050,72,049,"Puerto Rico Commonwealth","Culebra Municipio",3,16,13,7,6
050,72,049,"Puerto Rico Commonwealth","Culebra Municipio",3,17,16,8,8
050,72,049,"Puerto Rico Commonwealth","Culebra Municipio",3,18,21,9,12
050,72,049,"Puerto Rico Commonwealth","Culebra Municipio",3,19,23,9,14
050,72,049,"Puerto Rico Commonwealth","Culebra Municipio",3,20,19,6,13
050,72,049,"Puerto Rico Commonwealth","Culebra Municipio",3,21,19,6,13
050,72,049,"Puerto Rico Commonwealth","Culebra Municipio",3,22,16,6,10
050,72,049,"Puerto Rico Commonwealth","Culebra Municipio",3,23,18,9,9
050,72,049,"Puerto Rico Commonwealth","Culebra Municipio",3,24,24,11,13
050,72,049,"Puerto Rico Commonwealth","Culebra Municipio",3,25,19,9,10
050,72,049,"Puerto Rico Commonwealth","Culebra Municipio",3,26,19,10,9
050,72,049,"Puerto Rico Commonwealth","Culebra Municipio",3,27,26,11,15
050,72,049,"Puerto Rico Commonwealth","Culebra Municipio",3,28,26,11,15
050,72,049,"Puerto Rico Commonwealth","Culebra Municipio",3,29,25,12,13
050,72,049,"Puerto Rico Commonwealth","Culebra Municipio",3,30,25,13,12
050,72,049,"Puerto Rico Commonwealth","Culebra Municipio",3,31,23,13,10
050,72,049,"Puerto Rico Commonwealth","Culebra Municipio",3,32,23,12,11
050,72,049,"Puerto Rico Commonwealth","Culebra Municipio",3,33,20,8,12
050,72,049,"Puerto Rico Commonwealth","Culebra Municipio",3,34,17,9,8
050,72,049,"Puerto Rico Commonwealth","Culebra Municipio",3,35,15,9,6
050,72,049,"Puerto Rico Commonwealth","Culebra Municipio",3,36,15,10,5
050,72,049,"Puerto Rico Commonwealth","Culebra Municipio",3,37,18,11,7
050,72,049,"Puerto Rico Commonwealth","Culebra Municipio",3,38,21,12,9
050,72,049,"Puerto Rico Commonwealth","Culebra Municipio",3,39,23,12,11
050,72,049,"Puerto Rico Commonwealth","Culebra Municipio",3,40,30,16,14
050,72,049,"Puerto Rico Commonwealth","Culebra Municipio",3,41,26,11,15
050,72,049,"Puerto Rico Commonwealth","Culebra Municipio",3,42,20,6,14
050,72,049,"Puerto Rico Commonwealth","Culebra Municipio",3,43,15,6,9
050,72,049,"Puerto Rico Commonwealth","Culebra Municipio",3,44,21,9,12
050,72,049,"Puerto Rico Commonwealth","Culebra Municipio",3,45,26,13,13
050,72,049,"Puerto Rico Commonwealth","Culebra Municipio",3,46,28,15,13
050,72,049,"Puerto Rico Commonwealth","Culebra Municipio",3,47,25,14,11
050,72,049,"Puerto Rico Commonwealth","Culebra Municipio",3,48,23,14,9
050,72,049,"Puerto Rico Commonwealth","Culebra Municipio",3,49,23,13,10
050,72,049,"Puerto Rico Commonwealth","Culebra Municipio",3,50,23,8,15
050,72,049,"Puerto Rico Commonwealth","Culebra Municipio",3,51,20,7,13
050,72,049,"Puerto Rico Commonwealth","Culebra Municipio",3,52,22,7,15
050,72,049,"Puerto Rico Commonwealth","Culebra Municipio",3,53,26,13,13
050,72,049,"Puerto Rico Commonwealth","Culebra Municipio",3,54,27,14,13
050,72,049,"Puerto Rico Commonwealth","Culebra Municipio",3,55,23,13,10
050,72,049,"Puerto Rico Commonwealth","Culebra Municipio",3,56,21,14,7
050,72,049,"Puerto Rico Commonwealth","Culebra Municipio",3,57,24,15,9
050,72,049,"Puerto Rico Commonwealth","Culebra Municipio",3,58,25,14,11
050,72,049,"Puerto Rico Commonwealth","Culebra Municipio",3,59,27,15,12
050,72,049,"Puerto Rico Commonwealth","Culebra Municipio",3,60,28,14,14
050,72,049,"Puerto Rico Commonwealth","Culebra Municipio",3,61,26,12,14
050,72,049,"Puerto Rico Commonwealth","Culebra Municipio",3,62,23,10,13
050,72,049,"Puerto Rico Commonwealth","Culebra Municipio",3,63,20,10,10
050,72,049,"Puerto Rico Commonwealth","Culebra Municipio",3,64,24,12,12
050,72,049,"Puerto Rico Commonwealth","Culebra Municipio",3,65,27,12,15
050,72,049,"Puerto Rico Commonwealth","Culebra Municipio",3,66,26,11,15
050,72,049,"Puerto Rico Commonwealth","Culebra Municipio",3,67,21,10,11
050,72,049,"Puerto Rico Commonwealth","Culebra Municipio",3,68,24,12,12
050,72,049,"Puerto Rico Commonwealth","Culebra Municipio",3,69,31,16,15
050,72,049,"Puerto Rico Commonwealth","Culebra Municipio",3,70,29,14,15
050,72,049,"Puerto Rico Commonwealth","Culebra Municipio",3,71,22,12,10
050,72,049,"Puerto Rico Commonwealth","Culebra Municipio",3,72,22,13,9
050,72,049,"Puerto Rico Commonwealth","Culebra Municipio",3,73,27,15,12
050,72,049,"Puerto Rico Commonwealth","Culebra Municipio",3,74,17,7,10
050,72,049,"Puerto Rico Commonwealth","Culebra Municipio",3,75,18,8,10
050,72,049,"Puerto Rico Commonwealth","Culebra Municipio",3,76,18,9,9
050,72,049,"Puerto Rico Commonwealth","Culebra Municipio",3,77,18,9,9
050,72,049,"Puerto Rico Commonwealth","Culebra Municipio",3,78,15,9,6
050,72,049,"Puerto Rico Commonwealth","Culebra Municipio",3,79,13,7,6
050,72,049,"Puerto Rico Commonwealth","Culebra Municipio",3,80,12,6,6
050,72,049,"Puerto Rico Commonwealth","Culebra Municipio",3,81,13,5,8
050,72,049,"Puerto Rico Commonwealth","Culebra Municipio",3,82,12,5,7
050,72,049,"Puerto Rico Commonwealth","Culebra Municipio",3,83,13,7,6
050,72,049,"Puerto Rico Commonwealth","Culebra Municipio",3,84,8,4,4
050,72,049,"Puerto Rico Commonwealth","Culebra Municipio",3,85,57,24,33
050,72,049,"Puerto Rico Commonwealth","Culebra Municipio",4,0,8,3,5
050,72,049,"Puerto Rico Commonwealth","Culebra Municipio",4,1,10,3,7
050,72,049,"Puerto Rico Commonwealth","Culebra Municipio",4,2,10,6,4
050,72,049,"Puerto Rico Commonwealth","Culebra Municipio",4,3,10,6,4
050,72,049,"Puerto Rico Commonwealth","Culebra Municipio",4,4,13,8,5
050,72,049,"Puerto Rico Commonwealth","Culebra Municipio",4,5,15,9,6
050,72,049,"Puerto Rico Commonwealth","Culebra Municipio",4,6,17,12,5
050,72,049,"Puerto Rico Commonwealth","Culebra Municipio",4,7,18,11,7
050,72,049,"Puerto Rico Commonwealth","Culebra Municipio",4,8,18,9,9
050,72,049,"Puerto Rico Commonwealth","Culebra Municipio",4,9,20,9,11
050,72,049,"Puerto Rico Commonwealth","Culebra Municipio",4,10,19,9,10
050,72,049,"Puerto Rico Commonwealth","Culebra Municipio",4,11,17,9,8
050,72,049,"Puerto Rico Commonwealth","Culebra Municipio",4,12,20,8,12
050,72,049,"Puerto Rico Commonwealth","Culebra Municipio",4,13,19,7,12
050,72,049,"Puerto Rico Commonwealth","Culebra Municipio",4,14,19,8,11
050,72,049,"Puerto Rico Commonwealth","Culebra Municipio",4,15,17,8,9
050,72,049,"Puerto Rico Commonwealth","Culebra Municipio",4,16,17,6,11
050,72,049,"Puerto Rico Commonwealth","Culebra Municipio",4,17,13,7,6
050,72,049,"Puerto Rico Commonwealth","Culebra Municipio",4,18,17,8,9
050,72,049,"Puerto Rico Commonwealth","Culebra Municipio",4,19,21,9,12
050,72,049,"Puerto Rico Commonwealth","Culebra Municipio",4,20,22,9,13
050,72,049,"Puerto Rico Commonwealth","Culebra Municipio",4,21,20,6,14
050,72,049,"Puerto Rico Commonwealth","Culebra Municipio",4,22,18,6,12
050,72,049,"Puerto Rico Commonwealth","Culebra Municipio",4,23,16,6,10
050,72,049,"Puerto Rico Commonwealth","Culebra Municipio",4,24,18,9,9
050,72,049,"Puerto Rico Commonwealth","Culebra Municipio",4,25,24,11,13
050,72,049,"Puerto Rico Commonwealth","Culebra Municipio",4,26,18,8,10
050,72,049,"Puerto Rico Commonwealth","Culebra Municipio",4,27,19,10,9
050,72,049,"Puerto Rico Commonwealth","Culebra Municipio",4,28,26,11,15
050,72,049,"Puerto Rico Commonwealth","Culebra Municipio",4,29,26,11,15
050,72,049,"Puerto Rico Commonwealth","Culebra Municipio",4,30,25,12,13
050,72,049,"Puerto Rico Commonwealth","Culebra Municipio",4,31,25,13,12
050,72,049,"Puerto Rico Commonwealth","Culebra Municipio",4,32,22,12,10
050,72,049,"Puerto Rico Commonwealth","Culebra Municipio",4,33,23,12,11
050,72,049,"Puerto Rico Commonwealth","Culebra Municipio",4,34,20,8,12
050,72,049,"Puerto Rico Commonwealth","Culebra Municipio",4,35,17,9,8
050,72,049,"Puerto Rico Commonwealth","Culebra Municipio",4,36,15,9,6
050,72,049,"Puerto Rico Commonwealth","Culebra Municipio",4,37,15,10,5
050,72,049,"Puerto Rico Commonwealth","Culebra Municipio",4,38,18,11,7
050,72,049,"Puerto Rico Commonwealth","Culebra Municipio",4,39,21,12,9
050,72,049,"Puerto Rico Commonwealth","Culebra Municipio",4,40,24,13,11
050,72,049,"Puerto Rico Commonwealth","Culebra Municipio",4,41,29,15,14
050,72,049,"Puerto Rico Commonwealth","Culebra Municipio",4,42,25,11,14
050,72,049,"Puerto Rico Commonwealth","Culebra Municipio",4,43,20,6,14
050,72,049,"Puerto Rico Commonwealth","Culebra Municipio",4,44,15,6,9
050,72,049,"Puerto Rico Commonwealth","Culebra Municipio",4,45,20,9,11
050,72,049,"Puerto Rico Commonwealth","Culebra Municipio",4,46,26,13,13
050,72,049,"Puerto Rico Commonwealth","Culebra Municipio",4,47,28,15,13
050,72,049,"Puerto Rico Commonwealth","Culebra Municipio",4,48,25,14,11
050,72,049,"Puerto Rico Commonwealth","Culebra Municipio",4,49,23,14,9
050,72,049,"Puerto Rico Commonwealth","Culebra Municipio",4,50,23,13,10
050,72,049,"Puerto Rico Commonwealth","Culebra Municipio",4,51,23,8,15
050,72,049,"Puerto Rico Commonwealth","Culebra Municipio",4,52,20,7,13
050,72,049,"Puerto Rico Commonwealth","Culebra Municipio",4,53,22,7,15
050,72,049,"Puerto Rico Commonwealth","Culebra Municipio",4,54,26,13,13
050,72,049,"Puerto Rico Commonwealth","Culebra Municipio",4,55,27,14,13
050,72,049,"Puerto Rico Commonwealth","Culebra Municipio",4,56,22,12,10
050,72,049,"Puerto Rico Commonwealth","Culebra Municipio",4,57,21,14,7
050,72,049,"Puerto Rico Commonwealth","Culebra Municipio",4,58,24,15,9
050,72,049,"Puerto Rico Commonwealth","Culebra Municipio",4,59,25,14,11
050,72,049,"Puerto Rico Commonwealth","Culebra Municipio",4,60,27,15,12
050,72,049,"Puerto Rico Commonwealth","Culebra Municipio",4,61,26,12,14
050,72,049,"Puerto Rico Commonwealth","Culebra Municipio",4,62,26,12,14
050,72,049,"Puerto Rico Commonwealth","Culebra Municipio",4,63,23,10,13
050,72,049,"Puerto Rico Commonwealth","Culebra Municipio",4,64,20,10,10
050,72,049,"Puerto Rico Commonwealth","Culebra Municipio",4,65,23,11,12
050,72,049,"Puerto Rico Commonwealth","Culebra Municipio",4,66,26,11,15
050,72,049,"Puerto Rico Commonwealth","Culebra Municipio",4,67,25,11,14
050,72,049,"Puerto Rico Commonwealth","Culebra Municipio",4,68,21,10,11
050,72,049,"Puerto Rico Commonwealth","Culebra Municipio",4,69,24,12,12
050,72,049,"Puerto Rico Commonwealth","Culebra Municipio",4,70,31,16,15
050,72,049,"Puerto Rico Commonwealth","Culebra Municipio",4,71,28,13,15
050,72,049,"Puerto Rico Commonwealth","Culebra Municipio",4,72,22,12,10
050,72,049,"Puerto Rico Commonwealth","Culebra Municipio",4,73,21,13,8
050,72,049,"Puerto Rico Commonwealth","Culebra Municipio",4,74,27,15,12
050,72,049,"Puerto Rico Commonwealth","Culebra Municipio",4,75,15,6,9
050,72,049,"Puerto Rico Commonwealth","Culebra Municipio",4,76,17,7,10
050,72,049,"Puerto Rico Commonwealth","Culebra Municipio",4,77,17,9,8
050,72,049,"Puerto Rico Commonwealth","Culebra Municipio",4,78,17,8,9
050,72,049,"Puerto Rico Commonwealth","Culebra Municipio",4,79,14,8,6
050,72,049,"Puerto Rico Commonwealth","Culebra Municipio",4,80,13,7,6
050,72,049,"Puerto Rico Commonwealth","Culebra Municipio",4,81,12,6,6
050,72,049,"Puerto Rico Commonwealth","Culebra Municipio",4,82,13,5,8
050,72,049,"Puerto Rico Commonwealth","Culebra Municipio",4,83,12,5,7
050,72,049,"Puerto Rico Commonwealth","Culebra Municipio",4,84,12,6,6
050,72,049,"Puerto Rico Commonwealth","Culebra Municipio",4,85,63,28,35
050,72,049,"Puerto Rico Commonwealth","Culebra Municipio",5,0,17,9,8
050,72,049,"Puerto Rico Commonwealth","Culebra Municipio",5,1,8,3,5
050,72,049,"Puerto Rico Commonwealth","Culebra Municipio",5,2,10,3,7
050,72,049,"Puerto Rico Commonwealth","Culebra Municipio",5,3,10,6,4
050,72,049,"Puerto Rico Commonwealth","Culebra Municipio",5,4,10,6,4
050,72,049,"Puerto Rico Commonwealth","Culebra Municipio",5,5,13,8,5
050,72,049,"Puerto Rico Commonwealth","Culebra Municipio",5,6,15,9,6
050,72,049,"Puerto Rico Commonwealth","Culebra Municipio",5,7,17,12,5
050,72,049,"Puerto Rico Commonwealth","Culebra Municipio",5,8,18,11,7
050,72,049,"Puerto Rico Commonwealth","Culebra Municipio",5,9,18,9,9
050,72,049,"Puerto Rico Commonwealth","Culebra Municipio",5,10,20,9,11
050,72,049,"Puerto Rico Commonwealth","Culebra Municipio",5,11,19,9,10
050,72,049,"Puerto Rico Commonwealth","Culebra Municipio",5,12,17,9,8
050,72,049,"Puerto Rico Commonwealth","Culebra Municipio",5,13,20,8,12
050,72,049,"Puerto Rico Commonwealth","Culebra Municipio",5,14,19,7,12
050,72,049,"Puerto Rico Commonwealth","Culebra Municipio",5,15,19,8,11
050,72,049,"Puerto Rico Commonwealth","Culebra Municipio",5,16,17,8,9
050,72,049,"Puerto Rico Commonwealth","Culebra Municipio",5,17,17,6,11
050,72,049,"Puerto Rico Commonwealth","Culebra Municipio",5,18,14,7,7
050,72,049,"Puerto Rico Commonwealth","Culebra Municipio",5,19,17,8,9
050,72,049,"Puerto Rico Commonwealth","Culebra Municipio",5,20,20,9,11
050,72,049,"Puerto Rico Commonwealth","Culebra Municipio",5,21,23,9,14
050,72,049,"Puerto Rico Commonwealth","Culebra Municipio",5,22,18,5,13
050,72,049,"Puerto Rico Commonwealth","Culebra Municipio",5,23,18,6,12
050,72,049,"Puerto Rico Commonwealth","Culebra Municipio",5,24,16,6,10
050,72,049,"Puerto Rico Commonwealth","Culebra Municipio",5,25,18,9,9
050,72,049,"Puerto Rico Commonwealth","Culebra Municipio",5,26,24,11,13
050,72,049,"Puerto Rico Commonwealth","Culebra Municipio",5,27,18,8,10
050,72,049,"Puerto Rico Commonwealth","Culebra Municipio",5,28,19,10,9
050,72,049,"Puerto Rico Commonwealth","Culebra Municipio",5,29,26,11,15
050,72,049,"Puerto Rico Commonwealth","Culebra Municipio",5,30,26,11,15
050,72,049,"Puerto Rico Commonwealth","Culebra Municipio",5,31,25,12,13
050,72,049,"Puerto Rico Commonwealth","Culebra Municipio",5,32,25,13,12
050,72,049,"Puerto Rico Commonwealth","Culebra Municipio",5,33,22,12,10
050,72,049,"Puerto Rico Commonwealth","Culebra Municipio",5,34,23,12,11
050,72,049,"Puerto Rico Commonwealth","Culebra Municipio",5,35,20,8,12
050,72,049,"Puerto Rico Commonwealth","Culebra Municipio",5,36,17,9,8
050,72,049,"Puerto Rico Commonwealth","Culebra Municipio",5,37,15,9,6
050,72,049,"Puerto Rico Commonwealth","Culebra Municipio",5,38,13,8,5
050,72,049,"Puerto Rico Commonwealth","Culebra Municipio",5,39,18,11,7
050,72,049,"Puerto Rico Commonwealth","Culebra Municipio",5,40,22,13,9
050,72,049,"Puerto Rico Commonwealth","Culebra Municipio",5,41,23,12,11
050,72,049,"Puerto Rico Commonwealth","Culebra Municipio",5,42,29,15,14
050,72,049,"Puerto Rico Commonwealth","Culebra Municipio",5,43,24,10,14
050,72,049,"Puerto Rico Commonwealth","Culebra Municipio",5,44,20,6,14
050,72,049,"Puerto Rico Commonwealth","Culebra Municipio",5,45,15,6,9
050,72,049,"Puerto Rico Commonwealth","Culebra Municipio",5,46,19,9,10
050,72,049,"Puerto Rico Commonwealth","Culebra Municipio",5,47,26,13,13
050,72,049,"Puerto Rico Commonwealth","Culebra Municipio",5,48,28,15,13
050,72,049,"Puerto Rico Commonwealth","Culebra Municipio",5,49,25,14,11
050,72,049,"Puerto Rico Commonwealth","Culebra Municipio",5,50,23,14,9
050,72,049,"Puerto Rico Commonwealth","Culebra Municipio",5,51,23,13,10
050,72,049,"Puerto Rico Commonwealth","Culebra Municipio",5,52,23,8,15
050,72,049,"Puerto Rico Commonwealth","Culebra Municipio",5,53,20,7,13
050,72,049,"Puerto Rico Commonwealth","Culebra Municipio",5,54,22,7,15
050,72,049,"Puerto Rico Commonwealth","Culebra Municipio",5,55,26,13,13
050,72,049,"Puerto Rico Commonwealth","Culebra Municipio",5,56,27,14,13
050,72,049,"Puerto Rico Commonwealth","Culebra Municipio",5,57,22,12,10
050,72,049,"Puerto Rico Commonwealth","Culebra Municipio",5,58,21,14,7
050,72,049,"Puerto Rico Commonwealth","Culebra Municipio",5,59,24,15,9
050,72,049,"Puerto Rico Commonwealth","Culebra Municipio",5,60,24,13,11
050,72,049,"Puerto Rico Commonwealth","Culebra Municipio",5,61,27,15,12
050,72,049,"Puerto Rico Commonwealth","Culebra Municipio",5,62,26,12,14
050,72,049,"Puerto Rico Commonwealth","Culebra Municipio",5,63,26,12,14
050,72,049,"Puerto Rico Commonwealth","Culebra Municipio",5,64,21,9,12
050,72,049,"Puerto Rico Commonwealth","Culebra Municipio",5,65,20,10,10
050,72,049,"Puerto Rico Commonwealth","Culebra Municipio",5,66,23,11,12
050,72,049,"Puerto Rico Commonwealth","Culebra Municipio",5,67,26,11,15
050,72,049,"Puerto Rico Commonwealth","Culebra Municipio",5,68,25,11,14
050,72,049,"Puerto Rico Commonwealth","Culebra Municipio",5,69,20,10,10
050,72,049,"Puerto Rico Commonwealth","Culebra Municipio",5,70,24,12,12
050,72,049,"Puerto Rico Commonwealth","Culebra Municipio",5,71,30,16,14
050,72,049,"Puerto Rico Commonwealth","Culebra Municipio",5,72,27,13,14
050,72,049,"Puerto Rico Commonwealth","Culebra Municipio",5,73,22,12,10
050,72,049,"Puerto Rico Commonwealth","Culebra Municipio",5,74,21,13,8
050,72,049,"Puerto Rico Commonwealth","Culebra Municipio",5,75,26,14,12
050,72,049,"Puerto Rico Commonwealth","Culebra Municipio",5,76,15,6,9
050,72,049,"Puerto Rico Commonwealth","Culebra Municipio",5,77,17,7,10
050,72,049,"Puerto Rico Commonwealth","Culebra Municipio",5,78,13,7,6
050,72,049,"Puerto Rico Commonwealth","Culebra Municipio",5,79,16,7,9
050,72,049,"Puerto Rico Commonwealth","Culebra Municipio",5,80,14,8,6
050,72,049,"Puerto Rico Commonwealth","Culebra Municipio",5,81,13,7,6
050,72,049,"Puerto Rico Commonwealth","Culebra Municipio",5,82,11,6,5
050,72,049,"Puerto Rico Commonwealth","Culebra Municipio",5,83,12,5,7
050,72,049,"Puerto Rico Commonwealth","Culebra Municipio",5,84,12,5,7
050,72,049,"Puerto Rico Commonwealth","Culebra Municipio",5,85,69,35,34
050,72,051,"Puerto Rico Commonwealth","Dorado Municipio",1,0,220,116,104
050,72,051,"Puerto Rico Commonwealth","Dorado Municipio",1,1,246,120,126
050,72,051,"Puerto Rico Commonwealth","Dorado Municipio",1,2,249,129,120
050,72,051,"Puerto Rico Commonwealth","Dorado Municipio",1,3,279,151,128
050,72,051,"Puerto Rico Commonwealth","Dorado Municipio",1,4,304,146,158
050,72,051,"Puerto Rico Commonwealth","Dorado Municipio",1,5,339,157,182
050,72,051,"Puerto Rico Commonwealth","Dorado Municipio",1,6,369,180,189
050,72,051,"Puerto Rico Commonwealth","Dorado Municipio",1,7,364,186,178
050,72,051,"Puerto Rico Commonwealth","Dorado Municipio",1,8,383,197,186
050,72,051,"Puerto Rico Commonwealth","Dorado Municipio",1,9,422,208,214
050,72,051,"Puerto Rico Commonwealth","Dorado Municipio",1,10,424,213,211
050,72,051,"Puerto Rico Commonwealth","Dorado Municipio",1,11,431,209,222
050,72,051,"Puerto Rico Commonwealth","Dorado Municipio",1,12,454,229,225
050,72,051,"Puerto Rico Commonwealth","Dorado Municipio",1,13,479,232,247
050,72,051,"Puerto Rico Commonwealth","Dorado Municipio",1,14,495,234,261
050,72,051,"Puerto Rico Commonwealth","Dorado Municipio",1,15,488,229,259
050,72,051,"Puerto Rico Commonwealth","Dorado Municipio",1,16,489,231,258
050,72,051,"Puerto Rico Commonwealth","Dorado Municipio",1,17,488,244,244
050,72,051,"Puerto Rico Commonwealth","Dorado Municipio",1,18,496,268,228
050,72,051,"Puerto Rico Commonwealth","Dorado Municipio",1,19,526,278,248
050,72,051,"Puerto Rico Commonwealth","Dorado Municipio",1,20,522,268,254
050,72,051,"Puerto Rico Commonwealth","Dorado Municipio",1,21,463,235,228
050,72,051,"Puerto Rico Commonwealth","Dorado Municipio",1,22,443,220,223
050,72,051,"Puerto Rico Commonwealth","Dorado Municipio",1,23,445,218,227
050,72,051,"Puerto Rico Commonwealth","Dorado Municipio",1,24,471,240,231
050,72,051,"Puerto Rico Commonwealth","Dorado Municipio",1,25,475,243,232
050,72,051,"Puerto Rico Commonwealth","Dorado Municipio",1,26,449,226,223
050,72,051,"Puerto Rico Commonwealth","Dorado Municipio",1,27,422,199,223
050,72,051,"Puerto Rico Commonwealth","Dorado Municipio",1,28,435,202,233
050,72,051,"Puerto Rico Commonwealth","Dorado Municipio",1,29,456,207,249
050,72,051,"Puerto Rico Commonwealth","Dorado Municipio",1,30,432,203,229
050,72,051,"Puerto Rico Commonwealth","Dorado Municipio",1,31,382,189,193
050,72,051,"Puerto Rico Commonwealth","Dorado Municipio",1,32,374,176,198
050,72,051,"Puerto Rico Commonwealth","Dorado Municipio",1,33,366,178,188
050,72,051,"Puerto Rico Commonwealth","Dorado Municipio",1,34,388,186,202
050,72,051,"Puerto Rico Commonwealth","Dorado Municipio",1,35,395,183,212
050,72,051,"Puerto Rico Commonwealth","Dorado Municipio",1,36,416,193,223
050,72,051,"Puerto Rico Commonwealth","Dorado Municipio",1,37,442,209,233
050,72,051,"Puerto Rico Commonwealth","Dorado Municipio",1,38,474,224,250
050,72,051,"Puerto Rico Commonwealth","Dorado Municipio",1,39,505,229,276
050,72,051,"Puerto Rico Commonwealth","Dorado Municipio",1,40,521,236,285
050,72,051,"Puerto Rico Commonwealth","Dorado Municipio",1,41,506,234,272
050,72,051,"Puerto Rico Commonwealth","Dorado Municipio",1,42,525,238,287
050,72,051,"Puerto Rico Commonwealth","Dorado Municipio",1,43,554,241,313
050,72,051,"Puerto Rico Commonwealth","Dorado Municipio",1,44,565,265,300
050,72,051,"Puerto Rico Commonwealth","Dorado Municipio",1,45,554,276,278
050,72,051,"Puerto Rico Commonwealth","Dorado Municipio",1,46,546,263,283
050,72,051,"Puerto Rico Commonwealth","Dorado Municipio",1,47,571,279,292
050,72,051,"Puerto Rico Commonwealth","Dorado Municipio",1,48,574,275,299
050,72,051,"Puerto Rico Commonwealth","Dorado Municipio",1,49,585,272,313
050,72,051,"Puerto Rico Commonwealth","Dorado Municipio",1,50,569,264,305
050,72,051,"Puerto Rico Commonwealth","Dorado Municipio",1,51,526,255,271
050,72,051,"Puerto Rico Commonwealth","Dorado Municipio",1,52,496,244,252
050,72,051,"Puerto Rico Commonwealth","Dorado Municipio",1,53,486,229,257
050,72,051,"Puerto Rico Commonwealth","Dorado Municipio",1,54,480,231,249
050,72,051,"Puerto Rico Commonwealth","Dorado Municipio",1,55,511,254,257
050,72,051,"Puerto Rico Commonwealth","Dorado Municipio",1,56,493,241,252
050,72,051,"Puerto Rico Commonwealth","Dorado Municipio",1,57,446,214,232
050,72,051,"Puerto Rico Commonwealth","Dorado Municipio",1,58,428,200,228
050,72,051,"Puerto Rico Commonwealth","Dorado Municipio",1,59,451,210,241
050,72,051,"Puerto Rico Commonwealth","Dorado Municipio",1,60,424,204,220
050,72,051,"Puerto Rico Commonwealth","Dorado Municipio",1,61,411,189,222
050,72,051,"Puerto Rico Commonwealth","Dorado Municipio",1,62,422,179,243
050,72,051,"Puerto Rico Commonwealth","Dorado Municipio",1,63,423,177,246
050,72,051,"Puerto Rico Commonwealth","Dorado Municipio",1,64,408,182,226
050,72,051,"Puerto Rico Commonwealth","Dorado Municipio",1,65,388,184,204
050,72,051,"Puerto Rico Commonwealth","Dorado Municipio",1,66,363,167,196
050,72,051,"Puerto Rico Commonwealth","Dorado Municipio",1,67,384,166,218
050,72,051,"Puerto Rico Commonwealth","Dorado Municipio",1,68,373,157,216
050,72,051,"Puerto Rico Commonwealth","Dorado Municipio",1,69,375,177,198
050,72,051,"Puerto Rico Commonwealth","Dorado Municipio",1,70,410,194,216
050,72,051,"Puerto Rico Commonwealth","Dorado Municipio",1,71,381,169,212
050,72,051,"Puerto Rico Commonwealth","Dorado Municipio",1,72,388,165,223
050,72,051,"Puerto Rico Commonwealth","Dorado Municipio",1,73,364,175,189
050,72,051,"Puerto Rico Commonwealth","Dorado Municipio",1,74,332,151,181
050,72,051,"Puerto Rico Commonwealth","Dorado Municipio",1,75,308,130,178
050,72,051,"Puerto Rico Commonwealth","Dorado Municipio",1,76,281,127,154
050,72,051,"Puerto Rico Commonwealth","Dorado Municipio",1,77,261,113,148
050,72,051,"Puerto Rico Commonwealth","Dorado Municipio",1,78,234,104,130
050,72,051,"Puerto Rico Commonwealth","Dorado Municipio",1,79,228,101,127
050,72,051,"Puerto Rico Commonwealth","Dorado Municipio",1,80,205,91,114
050,72,051,"Puerto Rico Commonwealth","Dorado Municipio",1,81,185,80,105
050,72,051,"Puerto Rico Commonwealth","Dorado Municipio",1,82,142,59,83
050,72,051,"Puerto Rico Commonwealth","Dorado Municipio",1,83,153,72,81
050,72,051,"Puerto Rico Commonwealth","Dorado Municipio",1,84,141,57,84
050,72,051,"Puerto Rico Commonwealth","Dorado Municipio",1,85,808,307,501
050,72,051,"Puerto Rico Commonwealth","Dorado Municipio",2,0,222,118,104
050,72,051,"Puerto Rico Commonwealth","Dorado Municipio",2,1,240,119,121
050,72,051,"Puerto Rico Commonwealth","Dorado Municipio",2,2,248,127,121
050,72,051,"Puerto Rico Commonwealth","Dorado Municipio",2,3,271,145,126
050,72,051,"Puerto Rico Commonwealth","Dorado Municipio",2,4,299,148,151
050,72,051,"Puerto Rico Commonwealth","Dorado Municipio",2,5,330,154,176
050,72,051,"Puerto Rico Commonwealth","Dorado Municipio",2,6,361,174,187
050,72,051,"Puerto Rico Commonwealth","Dorado Municipio",2,7,366,185,181
050,72,051,"Puerto Rico Commonwealth","Dorado Municipio",2,8,378,194,184
050,72,051,"Puerto Rico Commonwealth","Dorado Municipio",2,9,412,205,207
050,72,051,"Puerto Rico Commonwealth","Dorado Municipio",2,10,423,212,211
050,72,051,"Puerto Rico Commonwealth","Dorado Municipio",2,11,430,210,220
050,72,051,"Puerto Rico Commonwealth","Dorado Municipio",2,12,448,224,224
050,72,051,"Puerto Rico Commonwealth","Dorado Municipio",2,13,472,231,241
050,72,051,"Puerto Rico Commonwealth","Dorado Municipio",2,14,492,234,258
050,72,051,"Puerto Rico Commonwealth","Dorado Municipio",2,15,489,230,259
050,72,051,"Puerto Rico Commonwealth","Dorado Municipio",2,16,489,230,259
050,72,051,"Puerto Rico Commonwealth","Dorado Municipio",2,17,488,241,247
050,72,051,"Puerto Rico Commonwealth","Dorado Municipio",2,18,494,262,232
050,72,051,"Puerto Rico Commonwealth","Dorado Municipio",2,19,519,276,243
050,72,051,"Puerto Rico Commonwealth","Dorado Municipio",2,20,523,270,253
050,72,051,"Puerto Rico Commonwealth","Dorado Municipio",2,21,478,244,234
050,72,051,"Puerto Rico Commonwealth","Dorado Municipio",2,22,447,223,224
050,72,051,"Puerto Rico Commonwealth","Dorado Municipio",2,23,445,219,226
050,72,051,"Puerto Rico Commonwealth","Dorado Municipio",2,24,464,234,230
050,72,051,"Puerto Rico Commonwealth","Dorado Municipio",2,25,474,242,232
050,72,051,"Puerto Rico Commonwealth","Dorado Municipio",2,26,457,231,226
050,72,051,"Puerto Rico Commonwealth","Dorado Municipio",2,27,429,205,224
050,72,051,"Puerto Rico Commonwealth","Dorado Municipio",2,28,435,203,232
050,72,051,"Puerto Rico Commonwealth","Dorado Municipio",2,29,451,205,246
050,72,051,"Puerto Rico Commonwealth","Dorado Municipio",2,30,440,205,235
050,72,051,"Puerto Rico Commonwealth","Dorado Municipio",2,31,397,194,203
050,72,051,"Puerto Rico Commonwealth","Dorado Municipio",2,32,378,180,198
050,72,051,"Puerto Rico Commonwealth","Dorado Municipio",2,33,370,179,191
050,72,051,"Puerto Rico Commonwealth","Dorado Municipio",2,34,385,185,200
050,72,051,"Puerto Rico Commonwealth","Dorado Municipio",2,35,394,184,210
050,72,051,"Puerto Rico Commonwealth","Dorado Municipio",2,36,413,192,221
050,72,051,"Puerto Rico Commonwealth","Dorado Municipio",2,37,438,206,232
050,72,051,"Puerto Rico Commonwealth","Dorado Municipio",2,38,468,221,247
050,72,051,"Puerto Rico Commonwealth","Dorado Municipio",2,39,499,229,270
050,72,051,"Puerto Rico Commonwealth","Dorado Municipio",2,40,519,235,284
050,72,051,"Puerto Rico Commonwealth","Dorado Municipio",2,41,512,236,276
050,72,051,"Puerto Rico Commonwealth","Dorado Municipio",2,42,520,237,283
050,72,051,"Puerto Rico Commonwealth","Dorado Municipio",2,43,547,240,307
050,72,051,"Puerto Rico Commonwealth","Dorado Municipio",2,44,562,259,303
050,72,051,"Puerto Rico Commonwealth","Dorado Municipio",2,45,557,273,284
050,72,051,"Puerto Rico Commonwealth","Dorado Municipio",2,46,546,265,281
050,72,051,"Puerto Rico Commonwealth","Dorado Municipio",2,47,564,274,290
050,72,051,"Puerto Rico Commonwealth","Dorado Municipio",2,48,573,276,297
050,72,051,"Puerto Rico Commonwealth","Dorado Municipio",2,49,583,273,310
050,72,051,"Puerto Rico Commonwealth","Dorado Municipio",2,50,573,266,307
050,72,051,"Puerto Rico Commonwealth","Dorado Municipio",2,51,534,257,277
050,72,051,"Puerto Rico Commonwealth","Dorado Municipio",2,52,504,247,257
050,72,051,"Puerto Rico Commonwealth","Dorado Municipio",2,53,489,233,256
050,72,051,"Puerto Rico Commonwealth","Dorado Municipio",2,54,481,230,251
050,72,051,"Puerto Rico Commonwealth","Dorado Municipio",2,55,503,248,255
050,72,051,"Puerto Rico Commonwealth","Dorado Municipio",2,56,497,244,253
050,72,051,"Puerto Rico Commonwealth","Dorado Municipio",2,57,458,221,237
050,72,051,"Puerto Rico Commonwealth","Dorado Municipio",2,58,431,203,228
050,72,051,"Puerto Rico Commonwealth","Dorado Municipio",2,59,445,208,237
050,72,051,"Puerto Rico Commonwealth","Dorado Municipio",2,60,429,204,225
050,72,051,"Puerto Rico Commonwealth","Dorado Municipio",2,61,415,193,222
050,72,051,"Puerto Rico Commonwealth","Dorado Municipio",2,62,417,181,236
050,72,051,"Puerto Rico Commonwealth","Dorado Municipio",2,63,424,178,246
050,72,051,"Puerto Rico Commonwealth","Dorado Municipio",2,64,412,181,231
050,72,051,"Puerto Rico Commonwealth","Dorado Municipio",2,65,392,183,209
050,72,051,"Puerto Rico Commonwealth","Dorado Municipio",2,66,368,171,197
050,72,051,"Puerto Rico Commonwealth","Dorado Municipio",2,67,378,166,212
050,72,051,"Puerto Rico Commonwealth","Dorado Municipio",2,68,371,156,215
050,72,051,"Puerto Rico Commonwealth","Dorado Municipio",2,69,375,172,203
050,72,051,"Puerto Rico Commonwealth","Dorado Municipio",2,70,400,190,210
050,72,051,"Puerto Rico Commonwealth","Dorado Municipio",2,71,386,173,213
050,72,051,"Puerto Rico Commonwealth","Dorado Municipio",2,72,385,165,220
050,72,051,"Puerto Rico Commonwealth","Dorado Municipio",2,73,367,171,196
050,72,051,"Puerto Rico Commonwealth","Dorado Municipio",2,74,338,156,182
050,72,051,"Puerto Rico Commonwealth","Dorado Municipio",2,75,312,135,177
050,72,051,"Puerto Rico Commonwealth","Dorado Municipio",2,76,285,126,159
050,72,051,"Puerto Rico Commonwealth","Dorado Municipio",2,77,266,117,149
050,72,051,"Puerto Rico Commonwealth","Dorado Municipio",2,78,239,106,133
050,72,051,"Puerto Rico Commonwealth","Dorado Municipio",2,79,225,98,127
050,72,051,"Puerto Rico Commonwealth","Dorado Municipio",2,80,210,92,118
050,72,051,"Puerto Rico Commonwealth","Dorado Municipio",2,81,189,83,106
050,72,051,"Puerto Rico Commonwealth","Dorado Municipio",2,82,148,62,86
050,72,051,"Puerto Rico Commonwealth","Dorado Municipio",2,83,150,69,81
050,72,051,"Puerto Rico Commonwealth","Dorado Municipio",2,84,143,61,82
050,72,051,"Puerto Rico Commonwealth","Dorado Municipio",2,85,824,313,511
050,72,051,"Puerto Rico Commonwealth","Dorado Municipio",3,0,218,117,101
050,72,051,"Puerto Rico Commonwealth","Dorado Municipio",3,1,225,119,106
050,72,051,"Puerto Rico Commonwealth","Dorado Municipio",3,2,241,119,122
050,72,051,"Puerto Rico Commonwealth","Dorado Municipio",3,3,250,127,123
050,72,051,"Puerto Rico Commonwealth","Dorado Municipio",3,4,274,146,128
050,72,051,"Puerto Rico Commonwealth","Dorado Municipio",3,5,302,149,153
050,72,051,"Puerto Rico Commonwealth","Dorado Municipio",3,6,333,155,178
050,72,051,"Puerto Rico Commonwealth","Dorado Municipio",3,7,364,175,189
050,72,051,"Puerto Rico Commonwealth","Dorado Municipio",3,8,367,185,182
050,72,051,"Puerto Rico Commonwealth","Dorado Municipio",3,9,380,195,185
050,72,051,"Puerto Rico Commonwealth","Dorado Municipio",3,10,414,206,208
050,72,051,"Puerto Rico Commonwealth","Dorado Municipio",3,11,423,212,211
050,72,051,"Puerto Rico Commonwealth","Dorado Municipio",3,12,430,210,220
050,72,051,"Puerto Rico Commonwealth","Dorado Municipio",3,13,448,224,224
050,72,051,"Puerto Rico Commonwealth","Dorado Municipio",3,14,470,230,240
050,72,051,"Puerto Rico Commonwealth","Dorado Municipio",3,15,489,232,257
050,72,051,"Puerto Rico Commonwealth","Dorado Municipio",3,16,485,228,257
050,72,051,"Puerto Rico Commonwealth","Dorado Municipio",3,17,487,230,257
050,72,051,"Puerto Rico Commonwealth","Dorado Municipio",3,18,477,235,242
050,72,051,"Puerto Rico Commonwealth","Dorado Municipio",3,19,488,260,228
050,72,051,"Puerto Rico Commonwealth","Dorado Municipio",3,20,516,273,243
050,72,051,"Puerto Rico Commonwealth","Dorado Municipio",3,21,523,270,253
050,72,051,"Puerto Rico Commonwealth","Dorado Municipio",3,22,479,243,236
050,72,051,"Puerto Rico Commonwealth","Dorado Municipio",3,23,452,226,226
050,72,051,"Puerto Rico Commonwealth","Dorado Municipio",3,24,449,221,228
050,72,051,"Puerto Rico Commonwealth","Dorado Municipio",3,25,469,236,233
050,72,051,"Puerto Rico Commonwealth","Dorado Municipio",3,26,481,245,236
050,72,051,"Puerto Rico Commonwealth","Dorado Municipio",3,27,462,233,229
050,72,051,"Puerto Rico Commonwealth","Dorado Municipio",3,28,438,210,228
050,72,051,"Puerto Rico Commonwealth","Dorado Municipio",3,29,437,201,236
050,72,051,"Puerto Rico Commonwealth","Dorado Municipio",3,30,463,212,251
050,72,051,"Puerto Rico Commonwealth","Dorado Municipio",3,31,451,212,239
050,72,051,"Puerto Rico Commonwealth","Dorado Municipio",3,32,405,198,207
050,72,051,"Puerto Rico Commonwealth","Dorado Municipio",3,33,384,182,202
050,72,051,"Puerto Rico Commonwealth","Dorado Municipio",3,34,376,181,195
050,72,051,"Puerto Rico Commonwealth","Dorado Municipio",3,35,392,189,203
050,72,051,"Puerto Rico Commonwealth","Dorado Municipio",3,36,401,187,214
050,72,051,"Puerto Rico Commonwealth","Dorado Municipio",3,37,420,195,225
050,72,051,"Puerto Rico Commonwealth","Dorado Municipio",3,38,443,209,234
050,72,051,"Puerto Rico Commonwealth","Dorado Municipio",3,39,475,225,250
050,72,051,"Puerto Rico Commonwealth","Dorado Municipio",3,40,504,232,272
050,72,051,"Puerto Rico Commonwealth","Dorado Municipio",3,41,523,236,287
050,72,051,"Puerto Rico Commonwealth","Dorado Municipio",3,42,516,239,277
050,72,051,"Puerto Rico Commonwealth","Dorado Municipio",3,43,522,238,284
050,72,051,"Puerto Rico Commonwealth","Dorado Municipio",3,44,547,239,308
050,72,051,"Puerto Rico Commonwealth","Dorado Municipio",3,45,565,261,304
050,72,051,"Puerto Rico Commonwealth","Dorado Municipio",3,46,555,273,282
050,72,051,"Puerto Rico Commonwealth","Dorado Municipio",3,47,546,265,281
050,72,051,"Puerto Rico Commonwealth","Dorado Municipio",3,48,564,274,290
050,72,051,"Puerto Rico Commonwealth","Dorado Municipio",3,49,574,277,297
050,72,051,"Puerto Rico Commonwealth","Dorado Municipio",3,50,583,273,310
050,72,051,"Puerto Rico Commonwealth","Dorado Municipio",3,51,573,266,307
050,72,051,"Puerto Rico Commonwealth","Dorado Municipio",3,52,533,256,277
050,72,051,"Puerto Rico Commonwealth","Dorado Municipio",3,53,500,244,256
050,72,051,"Puerto Rico Commonwealth","Dorado Municipio",3,54,488,234,254
050,72,051,"Puerto Rico Commonwealth","Dorado Municipio",3,55,474,225,249
050,72,051,"Puerto Rico Commonwealth","Dorado Municipio",3,56,500,247,253
050,72,051,"Puerto Rico Commonwealth","Dorado Municipio",3,57,493,242,251
050,72,051,"Puerto Rico Commonwealth","Dorado Municipio",3,58,454,219,235
050,72,051,"Puerto Rico Commonwealth","Dorado Municipio",3,59,425,199,226
050,72,051,"Puerto Rico Commonwealth","Dorado Municipio",3,60,437,204,233
050,72,051,"Puerto Rico Commonwealth","Dorado Municipio",3,61,423,203,220
050,72,051,"Puerto Rico Commonwealth","Dorado Municipio",3,62,409,189,220
050,72,051,"Puerto Rico Commonwealth","Dorado Municipio",3,63,411,178,233
050,72,051,"Puerto Rico Commonwealth","Dorado Municipio",3,64,417,173,244
050,72,051,"Puerto Rico Commonwealth","Dorado Municipio",3,65,406,179,227
050,72,051,"Puerto Rico Commonwealth","Dorado Municipio",3,66,385,180,205
050,72,051,"Puerto Rico Commonwealth","Dorado Municipio",3,67,361,167,194
050,72,051,"Puerto Rico Commonwealth","Dorado Municipio",3,68,373,165,208
050,72,051,"Puerto Rico Commonwealth","Dorado Municipio",3,69,362,149,213
050,72,051,"Puerto Rico Commonwealth","Dorado Municipio",3,70,368,171,197
050,72,051,"Puerto Rico Commonwealth","Dorado Municipio",3,71,392,184,208
050,72,051,"Puerto Rico Commonwealth","Dorado Municipio",3,72,381,169,212
050,72,051,"Puerto Rico Commonwealth","Dorado Municipio",3,73,371,158,213
050,72,051,"Puerto Rico Commonwealth","Dorado Municipio",3,74,359,166,193
050,72,051,"Puerto Rico Commonwealth","Dorado Municipio",3,75,330,153,177
050,72,051,"Puerto Rico Commonwealth","Dorado Municipio",3,76,304,132,172
050,72,051,"Puerto Rico Commonwealth","Dorado Municipio",3,77,279,120,159
050,72,051,"Puerto Rico Commonwealth","Dorado Municipio",3,78,256,115,141
050,72,051,"Puerto Rico Commonwealth","Dorado Municipio",3,79,250,104,146
050,72,051,"Puerto Rico Commonwealth","Dorado Municipio",3,80,202,89,113
050,72,051,"Puerto Rico Commonwealth","Dorado Municipio",3,81,193,83,110
050,72,051,"Puerto Rico Commonwealth","Dorado Municipio",3,82,172,76,96
050,72,051,"Puerto Rico Commonwealth","Dorado Municipio",3,83,156,68,88
050,72,051,"Puerto Rico Commonwealth","Dorado Municipio",3,84,131,59,72
050,72,051,"Puerto Rico Commonwealth","Dorado Municipio",3,85,884,329,555
050,72,051,"Puerto Rico Commonwealth","Dorado Municipio",4,0,231,114,117
050,72,051,"Puerto Rico Commonwealth","Dorado Municipio",4,1,217,116,101
050,72,051,"Puerto Rico Commonwealth","Dorado Municipio",4,2,223,118,105
050,72,051,"Puerto Rico Commonwealth","Dorado Municipio",4,3,238,116,122
050,72,051,"Puerto Rico Commonwealth","Dorado Municipio",4,4,249,126,123
050,72,051,"Puerto Rico Commonwealth","Dorado Municipio",4,5,273,145,128
050,72,051,"Puerto Rico Commonwealth","Dorado Municipio",4,6,301,148,153
050,72,051,"Puerto Rico Commonwealth","Dorado Municipio",4,7,331,154,177
050,72,051,"Puerto Rico Commonwealth","Dorado Municipio",4,8,362,174,188
050,72,051,"Puerto Rico Commonwealth","Dorado Municipio",4,9,365,184,181
050,72,051,"Puerto Rico Commonwealth","Dorado Municipio",4,10,376,193,183
050,72,051,"Puerto Rico Commonwealth","Dorado Municipio",4,11,409,203,206
050,72,051,"Puerto Rico Commonwealth","Dorado Municipio",4,12,418,209,209
050,72,051,"Puerto Rico Commonwealth","Dorado Municipio",4,13,425,207,218
050,72,051,"Puerto Rico Commonwealth","Dorado Municipio",4,14,441,220,221
050,72,051,"Puerto Rico Commonwealth","Dorado Municipio",4,15,462,225,237
050,72,051,"Puerto Rico Commonwealth","Dorado Municipio",4,16,480,227,253
050,72,051,"Puerto Rico Commonwealth","Dorado Municipio",4,17,476,224,252
050,72,051,"Puerto Rico Commonwealth","Dorado Municipio",4,18,471,221,250
050,72,051,"Puerto Rico Commonwealth","Dorado Municipio",4,19,463,228,235
050,72,051,"Puerto Rico Commonwealth","Dorado Municipio",4,20,478,253,225
050,72,051,"Puerto Rico Commonwealth","Dorado Municipio",4,21,509,269,240
050,72,051,"Puerto Rico Commonwealth","Dorado Municipio",4,22,516,264,252
050,72,051,"Puerto Rico Commonwealth","Dorado Municipio",4,23,479,243,236
050,72,051,"Puerto Rico Commonwealth","Dorado Municipio",4,24,451,225,226
050,72,051,"Puerto Rico Commonwealth","Dorado Municipio",4,25,448,219,229
050,72,051,"Puerto Rico Commonwealth","Dorado Municipio",4,26,472,238,234
050,72,051,"Puerto Rico Commonwealth","Dorado Municipio",4,27,481,244,237
050,72,051,"Puerto Rico Commonwealth","Dorado Municipio",4,28,466,236,230
050,72,051,"Puerto Rico Commonwealth","Dorado Municipio",4,29,433,204,229
050,72,051,"Puerto Rico Commonwealth","Dorado Municipio",4,30,442,204,238
050,72,051,"Puerto Rico Commonwealth","Dorado Municipio",4,31,468,215,253
050,72,051,"Puerto Rico Commonwealth","Dorado Municipio",4,32,454,213,241
050,72,051,"Puerto Rico Commonwealth","Dorado Municipio",4,33,407,198,209
050,72,051,"Puerto Rico Commonwealth","Dorado Municipio",4,34,386,182,204
050,72,051,"Puerto Rico Commonwealth","Dorado Municipio",4,35,379,183,196
050,72,051,"Puerto Rico Commonwealth","Dorado Municipio",4,36,392,188,204
050,72,051,"Puerto Rico Commonwealth","Dorado Municipio",4,37,403,188,215
050,72,051,"Puerto Rico Commonwealth","Dorado Municipio",4,38,423,197,226
050,72,051,"Puerto Rico Commonwealth","Dorado Municipio",4,39,444,209,235
050,72,051,"Puerto Rico Commonwealth","Dorado Municipio",4,40,475,225,250
050,72,051,"Puerto Rico Commonwealth","Dorado Municipio",4,41,501,229,272
050,72,051,"Puerto Rico Commonwealth","Dorado Municipio",4,42,523,236,287
050,72,051,"Puerto Rico Commonwealth","Dorado Municipio",4,43,516,240,276
050,72,051,"Puerto Rico Commonwealth","Dorado Municipio",4,44,518,236,282
050,72,051,"Puerto Rico Commonwealth","Dorado Municipio",4,45,545,238,307
050,72,051,"Puerto Rico Commonwealth","Dorado Municipio",4,46,559,258,301
050,72,051,"Puerto Rico Commonwealth","Dorado Municipio",4,47,551,271,280
050,72,051,"Puerto Rico Commonwealth","Dorado Municipio",4,48,542,263,279
050,72,051,"Puerto Rico Commonwealth","Dorado Municipio",4,49,558,271,287
050,72,051,"Puerto Rico Commonwealth","Dorado Municipio",4,50,570,275,295
050,72,051,"Puerto Rico Commonwealth","Dorado Municipio",4,51,578,270,308
050,72,051,"Puerto Rico Commonwealth","Dorado Municipio",4,52,571,266,305
050,72,051,"Puerto Rico Commonwealth","Dorado Municipio",4,53,528,253,275
050,72,051,"Puerto Rico Commonwealth","Dorado Municipio",4,54,496,242,254
050,72,051,"Puerto Rico Commonwealth","Dorado Municipio",4,55,481,229,252
050,72,051,"Puerto Rico Commonwealth","Dorado Municipio",4,56,468,221,247
050,72,051,"Puerto Rico Commonwealth","Dorado Municipio",4,57,493,244,249
050,72,051,"Puerto Rico Commonwealth","Dorado Municipio",4,58,485,238,247
050,72,051,"Puerto Rico Commonwealth","Dorado Municipio",4,59,447,214,233
050,72,051,"Puerto Rico Commonwealth","Dorado Municipio",4,60,417,194,223
050,72,051,"Puerto Rico Commonwealth","Dorado Municipio",4,61,433,203,230
050,72,051,"Puerto Rico Commonwealth","Dorado Municipio",4,62,416,201,215
050,72,051,"Puerto Rico Commonwealth","Dorado Municipio",4,63,403,185,218
050,72,051,"Puerto Rico Commonwealth","Dorado Municipio",4,64,404,173,231
050,72,051,"Puerto Rico Commonwealth","Dorado Municipio",4,65,412,171,241
050,72,051,"Puerto Rico Commonwealth","Dorado Municipio",4,66,395,171,224
050,72,051,"Puerto Rico Commonwealth","Dorado Municipio",4,67,378,176,202
050,72,051,"Puerto Rico Commonwealth","Dorado Municipio",4,68,351,160,191
050,72,051,"Puerto Rico Commonwealth","Dorado Municipio",4,69,364,162,202
050,72,051,"Puerto Rico Commonwealth","Dorado Municipio",4,70,353,146,207
050,72,051,"Puerto Rico Commonwealth","Dorado Municipio",4,71,359,168,191
050,72,051,"Puerto Rico Commonwealth","Dorado Municipio",4,72,381,176,205
050,72,051,"Puerto Rico Commonwealth","Dorado Municipio",4,73,370,165,205
050,72,051,"Puerto Rico Commonwealth","Dorado Municipio",4,74,362,151,211
050,72,051,"Puerto Rico Commonwealth","Dorado Municipio",4,75,349,159,190
050,72,051,"Puerto Rico Commonwealth","Dorado Municipio",4,76,319,146,173
050,72,051,"Puerto Rico Commonwealth","Dorado Municipio",4,77,298,125,173
050,72,051,"Puerto Rico Commonwealth","Dorado Municipio",4,78,263,113,150
050,72,051,"Puerto Rico Commonwealth","Dorado Municipio",4,79,262,109,153
050,72,051,"Puerto Rico Commonwealth","Dorado Municipio",4,80,228,95,133
050,72,051,"Puerto Rico Commonwealth","Dorado Municipio",4,81,183,80,103
050,72,051,"Puerto Rico Commonwealth","Dorado Municipio",4,82,179,76,103
050,72,051,"Puerto Rico Commonwealth","Dorado Municipio",4,83,171,77,94
050,72,051,"Puerto Rico Commonwealth","Dorado Municipio",4,84,140,61,79
050,72,051,"Puerto Rico Commonwealth","Dorado Municipio",4,85,903,333,570
050,72,051,"Puerto Rico Commonwealth","Dorado Municipio",5,0,243,127,116
050,72,051,"Puerto Rico Commonwealth","Dorado Municipio",5,1,235,115,120
050,72,051,"Puerto Rico Commonwealth","Dorado Municipio",5,2,220,117,103
050,72,051,"Puerto Rico Commonwealth","Dorado Municipio",5,3,226,119,107
050,72,051,"Puerto Rico Commonwealth","Dorado Municipio",5,4,241,117,124
050,72,051,"Puerto Rico Commonwealth","Dorado Municipio",5,5,252,127,125
050,72,051,"Puerto Rico Commonwealth","Dorado Municipio",5,6,276,146,130
050,72,051,"Puerto Rico Commonwealth","Dorado Municipio",5,7,304,149,155
050,72,051,"Puerto Rico Commonwealth","Dorado Municipio",5,8,334,155,179
050,72,051,"Puerto Rico Commonwealth","Dorado Municipio",5,9,365,175,190
050,72,051,"Puerto Rico Commonwealth","Dorado Municipio",5,10,367,185,182
050,72,051,"Puerto Rico Commonwealth","Dorado Municipio",5,11,376,193,183
050,72,051,"Puerto Rico Commonwealth","Dorado Municipio",5,12,411,204,207
050,72,051,"Puerto Rico Commonwealth","Dorado Municipio",5,13,417,208,209
050,72,051,"Puerto Rico Commonwealth","Dorado Municipio",5,14,425,207,218
050,72,051,"Puerto Rico Commonwealth","Dorado Municipio",5,15,440,219,221
050,72,051,"Puerto Rico Commonwealth","Dorado Municipio",5,16,460,224,236
050,72,051,"Puerto Rico Commonwealth","Dorado Municipio",5,17,481,229,252
050,72,051,"Puerto Rico Commonwealth","Dorado Municipio",5,18,465,217,248
050,72,051,"Puerto Rico Commonwealth","Dorado Municipio",5,19,465,219,246
050,72,051,"Puerto Rico Commonwealth","Dorado Municipio",5,20,461,225,236
050,72,051,"Puerto Rico Commonwealth","Dorado Municipio",5,21,478,253,225
050,72,051,"Puerto Rico Commonwealth","Dorado Municipio",5,22,511,269,242
050,72,051,"Puerto Rico Commonwealth","Dorado Municipio",5,23,524,268,256
050,72,051,"Puerto Rico Commonwealth","Dorado Municipio",5,24,486,246,240
050,72,051,"Puerto Rico Commonwealth","Dorado Municipio",5,25,455,225,230
050,72,051,"Puerto Rico Commonwealth","Dorado Municipio",5,26,458,225,233
050,72,051,"Puerto Rico Commonwealth","Dorado Municipio",5,27,478,240,238
050,72,051,"Puerto Rico Commonwealth","Dorado Municipio",5,28,491,250,241
050,72,051,"Puerto Rico Commonwealth","Dorado Municipio",5,29,467,233,234
050,72,051,"Puerto Rico Commonwealth","Dorado Municipio",5,30,446,212,234
050,72,051,"Puerto Rico Commonwealth","Dorado Municipio",5,31,449,206,243
050,72,051,"Puerto Rico Commonwealth","Dorado Municipio",5,32,481,222,259
050,72,051,"Puerto Rico Commonwealth","Dorado Municipio",5,33,461,215,246
050,72,051,"Puerto Rico Commonwealth","Dorado Municipio",5,34,416,202,214
050,72,051,"Puerto Rico Commonwealth","Dorado Municipio",5,35,394,186,208
050,72,051,"Puerto Rico Commonwealth","Dorado Municipio",5,36,386,186,200
050,72,051,"Puerto Rico Commonwealth","Dorado Municipio",5,37,400,192,208
050,72,051,"Puerto Rico Commonwealth","Dorado Municipio",5,38,411,193,218
050,72,051,"Puerto Rico Commonwealth","Dorado Municipio",5,39,428,199,229
050,72,051,"Puerto Rico Commonwealth","Dorado Municipio",5,40,449,212,237
050,72,051,"Puerto Rico Commonwealth","Dorado Municipio",5,41,477,224,253
050,72,051,"Puerto Rico Commonwealth","Dorado Municipio",5,42,506,231,275
050,72,051,"Puerto Rico Commonwealth","Dorado Municipio",5,43,529,240,289
050,72,051,"Puerto Rico Commonwealth","Dorado Municipio",5,44,516,238,278
050,72,051,"Puerto Rico Commonwealth","Dorado Municipio",5,45,518,236,282
050,72,051,"Puerto Rico Commonwealth","Dorado Municipio",5,46,545,237,308
050,72,051,"Puerto Rico Commonwealth","Dorado Municipio",5,47,561,259,302
050,72,051,"Puerto Rico Commonwealth","Dorado Municipio",5,48,551,272,279
050,72,051,"Puerto Rico Commonwealth","Dorado Municipio",5,49,540,263,277
050,72,051,"Puerto Rico Commonwealth","Dorado Municipio",5,50,560,273,287
050,72,051,"Puerto Rico Commonwealth","Dorado Municipio",5,51,569,274,295
050,72,051,"Puerto Rico Commonwealth","Dorado Municipio",5,52,578,271,307
050,72,051,"Puerto Rico Commonwealth","Dorado Municipio",5,53,563,258,305
050,72,051,"Puerto Rico Commonwealth","Dorado Municipio",5,54,527,252,275
050,72,051,"Puerto Rico Commonwealth","Dorado Municipio",5,55,491,237,254
050,72,051,"Puerto Rico Commonwealth","Dorado Municipio",5,56,481,230,251
050,72,051,"Puerto Rico Commonwealth","Dorado Municipio",5,57,464,219,245
050,72,051,"Puerto Rico Commonwealth","Dorado Municipio",5,58,488,241,247
050,72,051,"Puerto Rico Commonwealth","Dorado Municipio",5,59,479,234,245
050,72,051,"Puerto Rico Commonwealth","Dorado Municipio",5,60,444,212,232
050,72,051,"Puerto Rico Commonwealth","Dorado Municipio",5,61,413,192,221
050,72,051,"Puerto Rico Commonwealth","Dorado Municipio",5,62,429,201,228
050,72,051,"Puerto Rico Commonwealth","Dorado Municipio",5,63,403,194,209
050,72,051,"Puerto Rico Commonwealth","Dorado Municipio",5,64,397,183,214
050,72,051,"Puerto Rico Commonwealth","Dorado Municipio",5,65,401,172,229
050,72,051,"Puerto Rico Commonwealth","Dorado Municipio",5,66,409,170,239
050,72,051,"Puerto Rico Commonwealth","Dorado Municipio",5,67,386,167,219
050,72,051,"Puerto Rico Commonwealth","Dorado Municipio",5,68,370,173,197
050,72,051,"Puerto Rico Commonwealth","Dorado Municipio",5,69,343,156,187
050,72,051,"Puerto Rico Commonwealth","Dorado Municipio",5,70,357,158,199
050,72,051,"Puerto Rico Commonwealth","Dorado Municipio",5,71,347,142,205
050,72,051,"Puerto Rico Commonwealth","Dorado Municipio",5,72,351,162,189
050,72,051,"Puerto Rico Commonwealth","Dorado Municipio",5,73,370,167,203
050,72,051,"Puerto Rico Commonwealth","Dorado Municipio",5,74,363,162,201
050,72,051,"Puerto Rico Commonwealth","Dorado Municipio",5,75,352,146,206
050,72,051,"Puerto Rico Commonwealth","Dorado Municipio",5,76,341,155,186
050,72,051,"Puerto Rico Commonwealth","Dorado Municipio",5,77,310,136,174
050,72,051,"Puerto Rico Commonwealth","Dorado Municipio",5,78,281,118,163
050,72,051,"Puerto Rico Commonwealth","Dorado Municipio",5,79,279,112,167
050,72,051,"Puerto Rico Commonwealth","Dorado Municipio",5,80,241,101,140
050,72,051,"Puerto Rico Commonwealth","Dorado Municipio",5,81,215,92,123
050,72,051,"Puerto Rico Commonwealth","Dorado Municipio",5,82,168,75,93
050,72,051,"Puerto Rico Commonwealth","Dorado Municipio",5,83,183,81,102
050,72,051,"Puerto Rico Commonwealth","Dorado Municipio",5,84,150,67,83
050,72,051,"Puerto Rico Commonwealth","Dorado Municipio",5,85,923,337,586
050,72,053,"Puerto Rico Commonwealth","Fajardo Municipio",1,0,202,101,101
050,72,053,"Puerto Rico Commonwealth","Fajardo Municipio",1,1,251,125,126
050,72,053,"Puerto Rico Commonwealth","Fajardo Municipio",1,2,216,116,100
050,72,053,"Puerto Rico Commonwealth","Fajardo Municipio",1,3,259,144,115
050,72,053,"Puerto Rico Commonwealth","Fajardo Municipio",1,4,290,145,145
050,72,053,"Puerto Rico Commonwealth","Fajardo Municipio",1,5,289,135,154
050,72,053,"Puerto Rico Commonwealth","Fajardo Municipio",1,6,305,155,150
050,72,053,"Puerto Rico Commonwealth","Fajardo Municipio",1,7,345,169,176
050,72,053,"Puerto Rico Commonwealth","Fajardo Municipio",1,8,357,177,180
050,72,053,"Puerto Rico Commonwealth","Fajardo Municipio",1,9,366,181,185
050,72,053,"Puerto Rico Commonwealth","Fajardo Municipio",1,10,337,161,176
050,72,053,"Puerto Rico Commonwealth","Fajardo Municipio",1,11,345,186,159
050,72,053,"Puerto Rico Commonwealth","Fajardo Municipio",1,12,340,169,171
050,72,053,"Puerto Rico Commonwealth","Fajardo Municipio",1,13,363,172,191
050,72,053,"Puerto Rico Commonwealth","Fajardo Municipio",1,14,382,189,193
050,72,053,"Puerto Rico Commonwealth","Fajardo Municipio",1,15,367,196,171
050,72,053,"Puerto Rico Commonwealth","Fajardo Municipio",1,16,365,201,164
050,72,053,"Puerto Rico Commonwealth","Fajardo Municipio",1,17,375,200,175
050,72,053,"Puerto Rico Commonwealth","Fajardo Municipio",1,18,391,191,200
050,72,053,"Puerto Rico Commonwealth","Fajardo Municipio",1,19,406,196,210
050,72,053,"Puerto Rico Commonwealth","Fajardo Municipio",1,20,422,213,209
050,72,053,"Puerto Rico Commonwealth","Fajardo Municipio",1,21,446,229,217
050,72,053,"Puerto Rico Commonwealth","Fajardo Municipio",1,22,424,216,208
050,72,053,"Puerto Rico Commonwealth","Fajardo Municipio",1,23,446,231,215
050,72,053,"Puerto Rico Commonwealth","Fajardo Municipio",1,24,455,218,237
050,72,053,"Puerto Rico Commonwealth","Fajardo Municipio",1,25,501,243,258
050,72,053,"Puerto Rico Commonwealth","Fajardo Municipio",1,26,502,232,270
050,72,053,"Puerto Rico Commonwealth","Fajardo Municipio",1,27,457,216,241
050,72,053,"Puerto Rico Commonwealth","Fajardo Municipio",1,28,467,234,233
050,72,053,"Puerto Rico Commonwealth","Fajardo Municipio",1,29,456,228,228
050,72,053,"Puerto Rico Commonwealth","Fajardo Municipio",1,30,472,228,244
050,72,053,"Puerto Rico Commonwealth","Fajardo Municipio",1,31,409,206,203
050,72,053,"Puerto Rico Commonwealth","Fajardo Municipio",1,32,352,171,181
050,72,053,"Puerto Rico Commonwealth","Fajardo Municipio",1,33,320,155,165
050,72,053,"Puerto Rico Commonwealth","Fajardo Municipio",1,34,324,146,178
050,72,053,"Puerto Rico Commonwealth","Fajardo Municipio",1,35,322,143,179
050,72,053,"Puerto Rico Commonwealth","Fajardo Municipio",1,36,301,126,175
050,72,053,"Puerto Rico Commonwealth","Fajardo Municipio",1,37,301,136,165
050,72,053,"Puerto Rico Commonwealth","Fajardo Municipio",1,38,316,137,179
050,72,053,"Puerto Rico Commonwealth","Fajardo Municipio",1,39,355,163,192
050,72,053,"Puerto Rico Commonwealth","Fajardo Municipio",1,40,369,189,180
050,72,053,"Puerto Rico Commonwealth","Fajardo Municipio",1,41,335,157,178
050,72,053,"Puerto Rico Commonwealth","Fajardo Municipio",1,42,353,158,195
050,72,053,"Puerto Rico Commonwealth","Fajardo Municipio",1,43,379,163,216
050,72,053,"Puerto Rico Commonwealth","Fajardo Municipio",1,44,406,182,224
050,72,053,"Puerto Rico Commonwealth","Fajardo Municipio",1,45,419,189,230
050,72,053,"Puerto Rico Commonwealth","Fajardo Municipio",1,46,409,187,222
050,72,053,"Puerto Rico Commonwealth","Fajardo Municipio",1,47,430,203,227
050,72,053,"Puerto Rico Commonwealth","Fajardo Municipio",1,48,467,215,252
050,72,053,"Puerto Rico Commonwealth","Fajardo Municipio",1,49,480,216,264
050,72,053,"Puerto Rico Commonwealth","Fajardo Municipio",1,50,469,212,257
050,72,053,"Puerto Rico Commonwealth","Fajardo Municipio",1,51,424,202,222
050,72,053,"Puerto Rico Commonwealth","Fajardo Municipio",1,52,443,216,227
050,72,053,"Puerto Rico Commonwealth","Fajardo Municipio",1,53,466,218,248
050,72,053,"Puerto Rico Commonwealth","Fajardo Municipio",1,54,453,209,244
050,72,053,"Puerto Rico Commonwealth","Fajardo Municipio",1,55,437,207,230
050,72,053,"Puerto Rico Commonwealth","Fajardo Municipio",1,56,422,198,224
050,72,053,"Puerto Rico Commonwealth","Fajardo Municipio",1,57,424,191,233
050,72,053,"Puerto Rico Commonwealth","Fajardo Municipio",1,58,377,164,213
050,72,053,"Puerto Rico Commonwealth","Fajardo Municipio",1,59,365,155,210
050,72,053,"Puerto Rico Commonwealth","Fajardo Municipio",1,60,382,162,220
050,72,053,"Puerto Rico Commonwealth","Fajardo Municipio",1,61,374,160,214
050,72,053,"Puerto Rico Commonwealth","Fajardo Municipio",1,62,372,174,198
050,72,053,"Puerto Rico Commonwealth","Fajardo Municipio",1,63,367,155,212
050,72,053,"Puerto Rico Commonwealth","Fajardo Municipio",1,64,347,144,203
050,72,053,"Puerto Rico Commonwealth","Fajardo Municipio",1,65,324,144,180
050,72,053,"Puerto Rico Commonwealth","Fajardo Municipio",1,66,315,142,173
050,72,053,"Puerto Rico Commonwealth","Fajardo Municipio",1,67,317,140,177
050,72,053,"Puerto Rico Commonwealth","Fajardo Municipio",1,68,335,150,185
050,72,053,"Puerto Rico Commonwealth","Fajardo Municipio",1,69,319,129,190
050,72,053,"Puerto Rico Commonwealth","Fajardo Municipio",1,70,354,145,209
050,72,053,"Puerto Rico Commonwealth","Fajardo Municipio",1,71,365,164,201
050,72,053,"Puerto Rico Commonwealth","Fajardo Municipio",1,72,376,169,207
050,72,053,"Puerto Rico Commonwealth","Fajardo Municipio",1,73,388,163,225
050,72,053,"Puerto Rico Commonwealth","Fajardo Municipio",1,74,385,163,222
050,72,053,"Puerto Rico Commonwealth","Fajardo Municipio",1,75,374,179,195
050,72,053,"Puerto Rico Commonwealth","Fajardo Municipio",1,76,329,148,181
050,72,053,"Puerto Rico Commonwealth","Fajardo Municipio",1,77,277,119,158
050,72,053,"Puerto Rico Commonwealth","Fajardo Municipio",1,78,301,130,171
050,72,053,"Puerto Rico Commonwealth","Fajardo Municipio",1,79,291,139,152
050,72,053,"Puerto Rico Commonwealth","Fajardo Municipio",1,80,256,117,139
050,72,053,"Puerto Rico Commonwealth","Fajardo Municipio",1,81,222,88,134
050,72,053,"Puerto Rico Commonwealth","Fajardo Municipio",1,82,219,92,127
050,72,053,"Puerto Rico Commonwealth","Fajardo Municipio",1,83,208,81,127
050,72,053,"Puerto Rico Commonwealth","Fajardo Municipio",1,84,189,86,103
050,72,053,"Puerto Rico Commonwealth","Fajardo Municipio",1,85,1212,446,766
050,72,053,"Puerto Rico Commonwealth","Fajardo Municipio",2,0,196,99,97
050,72,053,"Puerto Rico Commonwealth","Fajardo Municipio",2,1,239,119,120
050,72,053,"Puerto Rico Commonwealth","Fajardo Municipio",2,2,224,118,106
050,72,053,"Puerto Rico Commonwealth","Fajardo Municipio",2,3,248,137,111
050,72,053,"Puerto Rico Commonwealth","Fajardo Municipio",2,4,283,145,138
050,72,053,"Puerto Rico Commonwealth","Fajardo Municipio",2,5,289,137,152
050,72,053,"Puerto Rico Commonwealth","Fajardo Municipio",2,6,301,150,151
050,72,053,"Puerto Rico Commonwealth","Fajardo Municipio",2,7,335,166,169
050,72,053,"Puerto Rico Commonwealth","Fajardo Municipio",2,8,354,175,179
050,72,053,"Puerto Rico Commonwealth","Fajardo Municipio",2,9,364,180,184
050,72,053,"Puerto Rico Commonwealth","Fajardo Municipio",2,10,343,165,178
050,72,053,"Puerto Rico Commonwealth","Fajardo Municipio",2,11,343,180,163
050,72,053,"Puerto Rico Commonwealth","Fajardo Municipio",2,12,341,173,168
050,72,053,"Puerto Rico Commonwealth","Fajardo Municipio",2,13,357,171,186
050,72,053,"Puerto Rico Commonwealth","Fajardo Municipio",2,14,378,185,193
050,72,053,"Puerto Rico Commonwealth","Fajardo Municipio",2,15,370,194,176
050,72,053,"Puerto Rico Commonwealth","Fajardo Municipio",2,16,366,200,166
050,72,053,"Puerto Rico Commonwealth","Fajardo Municipio",2,17,372,200,172
050,72,053,"Puerto Rico Commonwealth","Fajardo Municipio",2,18,387,193,194
050,72,053,"Puerto Rico Commonwealth","Fajardo Municipio",2,19,403,195,208
050,72,053,"Puerto Rico Commonwealth","Fajardo Municipio",2,20,418,209,209
050,72,053,"Puerto Rico Commonwealth","Fajardo Municipio",2,21,440,225,215
050,72,053,"Puerto Rico Commonwealth","Fajardo Municipio",2,22,429,219,210
050,72,053,"Puerto Rico Commonwealth","Fajardo Municipio",2,23,440,227,213
050,72,053,"Puerto Rico Commonwealth","Fajardo Municipio",2,24,454,222,232
050,72,053,"Puerto Rico Commonwealth","Fajardo Municipio",2,25,489,236,253
050,72,053,"Puerto Rico Commonwealth","Fajardo Municipio",2,26,502,235,267
050,72,053,"Puerto Rico Commonwealth","Fajardo Municipio",2,27,468,220,248
050,72,053,"Puerto Rico Commonwealth","Fajardo Municipio",2,28,465,230,235
050,72,053,"Puerto Rico Commonwealth","Fajardo Municipio",2,29,459,230,229
050,72,053,"Puerto Rico Commonwealth","Fajardo Municipio",2,30,469,229,240
050,72,053,"Puerto Rico Commonwealth","Fajardo Municipio",2,31,424,211,213
050,72,053,"Puerto Rico Commonwealth","Fajardo Municipio",2,32,366,179,187
050,72,053,"Puerto Rico Commonwealth","Fajardo Municipio",2,33,328,159,169
050,72,053,"Puerto Rico Commonwealth","Fajardo Municipio",2,34,324,149,175
050,72,053,"Puerto Rico Commonwealth","Fajardo Municipio",2,35,321,143,178
050,72,053,"Puerto Rico Commonwealth","Fajardo Municipio",2,36,307,131,176
050,72,053,"Puerto Rico Commonwealth","Fajardo Municipio",2,37,301,133,168
050,72,053,"Puerto Rico Commonwealth","Fajardo Municipio",2,38,312,137,175
050,72,053,"Puerto Rico Commonwealth","Fajardo Municipio",2,39,345,156,189
050,72,053,"Puerto Rico Commonwealth","Fajardo Municipio",2,40,366,183,183
050,72,053,"Puerto Rico Commonwealth","Fajardo Municipio",2,41,344,165,179
050,72,053,"Puerto Rico Commonwealth","Fajardo Municipio",2,42,348,158,190
050,72,053,"Puerto Rico Commonwealth","Fajardo Municipio",2,43,371,160,211
050,72,053,"Puerto Rico Commonwealth","Fajardo Municipio",2,44,400,178,222
050,72,053,"Puerto Rico Commonwealth","Fajardo Municipio",2,45,416,187,229
050,72,053,"Puerto Rico Commonwealth","Fajardo Municipio",2,46,410,186,224
050,72,053,"Puerto Rico Commonwealth","Fajardo Municipio",2,47,424,199,225
050,72,053,"Puerto Rico Commonwealth","Fajardo Municipio",2,48,458,212,246
050,72,053,"Puerto Rico Commonwealth","Fajardo Municipio",2,49,476,215,261
050,72,053,"Puerto Rico Commonwealth","Fajardo Municipio",2,50,470,212,258
050,72,053,"Puerto Rico Commonwealth","Fajardo Municipio",2,51,436,205,231
050,72,053,"Puerto Rico Commonwealth","Fajardo Municipio",2,52,437,212,225
050,72,053,"Puerto Rico Commonwealth","Fajardo Municipio",2,53,461,218,243
050,72,053,"Puerto Rico Commonwealth","Fajardo Municipio",2,54,456,211,245
050,72,053,"Puerto Rico Commonwealth","Fajardo Municipio",2,55,440,206,234
050,72,053,"Puerto Rico Commonwealth","Fajardo Municipio",2,56,425,200,225
050,72,053,"Puerto Rico Commonwealth","Fajardo Municipio",2,57,423,192,231
050,72,053,"Puerto Rico Commonwealth","Fajardo Municipio",2,58,388,170,218
050,72,053,"Puerto Rico Commonwealth","Fajardo Municipio",2,59,366,155,211
050,72,053,"Puerto Rico Commonwealth","Fajardo Municipio",2,60,376,159,217
050,72,053,"Puerto Rico Commonwealth","Fajardo Municipio",2,61,375,159,216
050,72,053,"Puerto Rico Commonwealth","Fajardo Municipio",2,62,372,170,202
050,72,053,"Puerto Rico Commonwealth","Fajardo Municipio",2,63,366,158,208
050,72,053,"Puerto Rico Commonwealth","Fajardo Municipio",2,64,350,146,204
050,72,053,"Puerto Rico Commonwealth","Fajardo Municipio",2,65,330,144,186
050,72,053,"Puerto Rico Commonwealth","Fajardo Municipio",2,66,318,143,175
050,72,053,"Puerto Rico Commonwealth","Fajardo Municipio",2,67,315,139,176
050,72,053,"Puerto Rico Commonwealth","Fajardo Municipio",2,68,330,148,182
050,72,053,"Puerto Rico Commonwealth","Fajardo Municipio",2,69,323,134,189
050,72,053,"Puerto Rico Commonwealth","Fajardo Municipio",2,70,344,140,204
050,72,053,"Puerto Rico Commonwealth","Fajardo Municipio",2,71,361,159,202
050,72,053,"Puerto Rico Commonwealth","Fajardo Municipio",2,72,371,166,205
050,72,053,"Puerto Rico Commonwealth","Fajardo Municipio",2,73,378,159,219
050,72,053,"Puerto Rico Commonwealth","Fajardo Municipio",2,74,381,161,220
050,72,053,"Puerto Rico Commonwealth","Fajardo Municipio",2,75,375,175,200
050,72,053,"Puerto Rico Commonwealth","Fajardo Municipio",2,76,336,153,183
050,72,053,"Puerto Rico Commonwealth","Fajardo Municipio",2,77,287,125,162
050,72,053,"Puerto Rico Commonwealth","Fajardo Municipio",2,78,293,126,167
050,72,053,"Puerto Rico Commonwealth","Fajardo Municipio",2,79,288,133,155
050,72,053,"Puerto Rico Commonwealth","Fajardo Municipio",2,80,262,122,140
050,72,053,"Puerto Rico Commonwealth","Fajardo Municipio",2,81,230,95,135
050,72,053,"Puerto Rico Commonwealth","Fajardo Municipio",2,82,214,89,125
050,72,053,"Puerto Rico Commonwealth","Fajardo Municipio",2,83,210,83,127
050,72,053,"Puerto Rico Commonwealth","Fajardo Municipio",2,84,192,84,108
050,72,053,"Puerto Rico Commonwealth","Fajardo Municipio",2,85,1241,461,780
050,72,053,"Puerto Rico Commonwealth","Fajardo Municipio",3,0,169,90,79
050,72,053,"Puerto Rico Commonwealth","Fajardo Municipio",3,1,196,99,97
050,72,053,"Puerto Rico Commonwealth","Fajardo Municipio",3,2,239,119,120
050,72,053,"Puerto Rico Commonwealth","Fajardo Municipio",3,3,223,117,106
050,72,053,"Puerto Rico Commonwealth","Fajardo Municipio",3,4,246,136,110
050,72,053,"Puerto Rico Commonwealth","Fajardo Municipio",3,5,282,145,137
050,72,053,"Puerto Rico Commonwealth","Fajardo Municipio",3,6,287,136,151
050,72,053,"Puerto Rico Commonwealth","Fajardo Municipio",3,7,299,149,150
050,72,053,"Puerto Rico Commonwealth","Fajardo Municipio",3,8,333,165,168
050,72,053,"Puerto Rico Commonwealth","Fajardo Municipio",3,9,351,174,177
050,72,053,"Puerto Rico Commonwealth","Fajardo Municipio",3,10,362,179,183
050,72,053,"Puerto Rico Commonwealth","Fajardo Municipio",3,11,339,163,176
050,72,053,"Puerto Rico Commonwealth","Fajardo Municipio",3,12,340,179,161
050,72,053,"Puerto Rico Commonwealth","Fajardo Municipio",3,13,338,172,166
050,72,053,"Puerto Rico Commonwealth","Fajardo Municipio",3,14,354,169,185
050,72,053,"Puerto Rico Commonwealth","Fajardo Municipio",3,15,375,183,192
050,72,053,"Puerto Rico Commonwealth","Fajardo Municipio",3,16,367,192,175
050,72,053,"Puerto Rico Commonwealth","Fajardo Municipio",3,17,364,199,165
050,72,053,"Puerto Rico Commonwealth","Fajardo Municipio",3,18,367,198,169
050,72,053,"Puerto Rico Commonwealth","Fajardo Municipio",3,19,380,189,191
050,72,053,"Puerto Rico Commonwealth","Fajardo Municipio",3,20,405,193,212
050,72,053,"Puerto Rico Commonwealth","Fajardo Municipio",3,21,417,211,206
050,72,053,"Puerto Rico Commonwealth","Fajardo Municipio",3,22,437,221,216
050,72,053,"Puerto Rico Commonwealth","Fajardo Municipio",3,23,431,219,212
050,72,053,"Puerto Rico Commonwealth","Fajardo Municipio",3,24,443,229,214
050,72,053,"Puerto Rico Commonwealth","Fajardo Municipio",3,25,454,221,233
050,72,053,"Puerto Rico Commonwealth","Fajardo Municipio",3,26,490,236,254
050,72,053,"Puerto Rico Commonwealth","Fajardo Municipio",3,27,503,237,266
050,72,053,"Puerto Rico Commonwealth","Fajardo Municipio",3,28,466,219,247
050,72,053,"Puerto Rico Commonwealth","Fajardo Municipio",3,29,460,226,234
050,72,053,"Puerto Rico Commonwealth","Fajardo Municipio",3,30,458,230,228
050,72,053,"Puerto Rico Commonwealth","Fajardo Municipio",3,31,471,232,239
050,72,053,"Puerto Rico Commonwealth","Fajardo Municipio",3,32,419,207,212
050,72,053,"Puerto Rico Commonwealth","Fajardo Municipio",3,33,365,179,186
050,72,053,"Puerto Rico Commonwealth","Fajardo Municipio",3,34,331,163,168
050,72,053,"Puerto Rico Commonwealth","Fajardo Municipio",3,35,321,147,174
050,72,053,"Puerto Rico Commonwealth","Fajardo Municipio",3,36,318,141,177
050,72,053,"Puerto Rico Commonwealth","Fajardo Municipio",3,37,309,135,174
050,72,053,"Puerto Rico Commonwealth","Fajardo Municipio",3,38,298,131,167
050,72,053,"Puerto Rico Commonwealth","Fajardo Municipio",3,39,312,139,173
050,72,053,"Puerto Rico Commonwealth","Fajardo Municipio",3,40,343,155,188
050,72,053,"Puerto Rico Commonwealth","Fajardo Municipio",3,41,365,182,183
050,72,053,"Puerto Rico Commonwealth","Fajardo Municipio",3,42,345,167,178
050,72,053,"Puerto Rico Commonwealth","Fajardo Municipio",3,43,341,152,189
050,72,053,"Puerto Rico Commonwealth","Fajardo Municipio",3,44,363,155,208
050,72,053,"Puerto Rico Commonwealth","Fajardo Municipio",3,45,397,175,222
050,72,053,"Puerto Rico Commonwealth","Fajardo Municipio",3,46,414,185,229
050,72,053,"Puerto Rico Commonwealth","Fajardo Municipio",3,47,409,185,224
050,72,053,"Puerto Rico Commonwealth","Fajardo Municipio",3,48,418,194,224
050,72,053,"Puerto Rico Commonwealth","Fajardo Municipio",3,49,464,218,246
050,72,053,"Puerto Rico Commonwealth","Fajardo Municipio",3,50,473,212,261
050,72,053,"Puerto Rico Commonwealth","Fajardo Municipio",3,51,466,208,258
050,72,053,"Puerto Rico Commonwealth","Fajardo Municipio",3,52,434,203,231
050,72,053,"Puerto Rico Commonwealth","Fajardo Municipio",3,53,433,209,224
050,72,053,"Puerto Rico Commonwealth","Fajardo Municipio",3,54,464,222,242
050,72,053,"Puerto Rico Commonwealth","Fajardo Municipio",3,55,456,212,244
050,72,053,"Puerto Rico Commonwealth","Fajardo Municipio",3,56,434,203,231
050,72,053,"Puerto Rico Commonwealth","Fajardo Municipio",3,57,419,196,223
050,72,053,"Puerto Rico Commonwealth","Fajardo Municipio",3,58,419,191,228
050,72,053,"Puerto Rico Commonwealth","Fajardo Municipio",3,59,384,167,217
050,72,053,"Puerto Rico Commonwealth","Fajardo Municipio",3,60,366,156,210
050,72,053,"Puerto Rico Commonwealth","Fajardo Municipio",3,61,368,153,215
050,72,053,"Puerto Rico Commonwealth","Fajardo Municipio",3,62,372,160,212
050,72,053,"Puerto Rico Commonwealth","Fajardo Municipio",3,63,363,163,200
050,72,053,"Puerto Rico Commonwealth","Fajardo Municipio",3,64,370,159,211
050,72,053,"Puerto Rico Commonwealth","Fajardo Municipio",3,65,337,142,195
050,72,053,"Puerto Rico Commonwealth","Fajardo Municipio",3,66,332,144,188
050,72,053,"Puerto Rico Commonwealth","Fajardo Municipio",3,67,308,135,173
050,72,053,"Puerto Rico Commonwealth","Fajardo Municipio",3,68,314,137,177
050,72,053,"Puerto Rico Commonwealth","Fajardo Municipio",3,69,318,143,175
050,72,053,"Puerto Rico Commonwealth","Fajardo Municipio",3,70,316,129,187
050,72,053,"Puerto Rico Commonwealth","Fajardo Municipio",3,71,338,139,199
050,72,053,"Puerto Rico Commonwealth","Fajardo Municipio",3,72,358,153,205
050,72,053,"Puerto Rico Commonwealth","Fajardo Municipio",3,73,364,163,201
050,72,053,"Puerto Rico Commonwealth","Fajardo Municipio",3,74,367,156,211
050,72,053,"Puerto Rico Commonwealth","Fajardo Municipio",3,75,374,160,214
050,72,053,"Puerto Rico Commonwealth","Fajardo Municipio",3,76,359,163,196
050,72,053,"Puerto Rico Commonwealth","Fajardo Municipio",3,77,327,149,178
050,72,053,"Puerto Rico Commonwealth","Fajardo Municipio",3,78,278,119,159
050,72,053,"Puerto Rico Commonwealth","Fajardo Municipio",3,79,278,118,160
050,72,053,"Puerto Rico Commonwealth","Fajardo Municipio",3,80,278,127,151
050,72,053,"Puerto Rico Commonwealth","Fajardo Municipio",3,81,257,116,141
050,72,053,"Puerto Rico Commonwealth","Fajardo Municipio",3,82,215,87,128
050,72,053,"Puerto Rico Commonwealth","Fajardo Municipio",3,83,211,86,125
050,72,053,"Puerto Rico Commonwealth","Fajardo Municipio",3,84,202,80,122
050,72,053,"Puerto Rico Commonwealth","Fajardo Municipio",3,85,1288,476,812
050,72,053,"Puerto Rico Commonwealth","Fajardo Municipio",4,0,223,109,114
050,72,053,"Puerto Rico Commonwealth","Fajardo Municipio",4,1,166,88,78
050,72,053,"Puerto Rico Commonwealth","Fajardo Municipio",4,2,192,97,95
050,72,053,"Puerto Rico Commonwealth","Fajardo Municipio",4,3,233,116,117
050,72,053,"Puerto Rico Commonwealth","Fajardo Municipio",4,4,218,114,104
050,72,053,"Puerto Rico Commonwealth","Fajardo Municipio",4,5,240,133,107
050,72,053,"Puerto Rico Commonwealth","Fajardo Municipio",4,6,276,142,134
050,72,053,"Puerto Rico Commonwealth","Fajardo Municipio",4,7,280,133,147
050,72,053,"Puerto Rico Commonwealth","Fajardo Municipio",4,8,293,146,147
050,72,053,"Puerto Rico Commonwealth","Fajardo Municipio",4,9,326,162,164
050,72,053,"Puerto Rico Commonwealth","Fajardo Municipio",4,10,343,170,173
050,72,053,"Puerto Rico Commonwealth","Fajardo Municipio",4,11,354,175,179
050,72,053,"Puerto Rico Commonwealth","Fajardo Municipio",4,12,332,159,173
050,72,053,"Puerto Rico Commonwealth","Fajardo Municipio",4,13,333,175,158
050,72,053,"Puerto Rico Commonwealth","Fajardo Municipio",4,14,331,168,163
050,72,053,"Puerto Rico Commonwealth","Fajardo Municipio",4,15,347,165,182
050,72,053,"Puerto Rico Commonwealth","Fajardo Municipio",4,16,367,178,189
050,72,053,"Puerto Rico Commonwealth","Fajardo Municipio",4,17,360,188,172
050,72,053,"Puerto Rico Commonwealth","Fajardo Municipio",4,18,356,196,160
050,72,053,"Puerto Rico Commonwealth","Fajardo Municipio",4,19,353,189,164
050,72,053,"Puerto Rico Commonwealth","Fajardo Municipio",4,20,378,184,194
050,72,053,"Puerto Rico Commonwealth","Fajardo Municipio",4,21,399,193,206
050,72,053,"Puerto Rico Commonwealth","Fajardo Municipio",4,22,407,203,204
050,72,053,"Puerto Rico Commonwealth","Fajardo Municipio",4,23,433,217,216
050,72,053,"Puerto Rico Commonwealth","Fajardo Municipio",4,24,427,216,211
050,72,053,"Puerto Rico Commonwealth","Fajardo Municipio",4,25,438,226,212
050,72,053,"Puerto Rico Commonwealth","Fajardo Municipio",4,26,446,215,231
050,72,053,"Puerto Rico Commonwealth","Fajardo Municipio",4,27,483,232,251
050,72,053,"Puerto Rico Commonwealth","Fajardo Municipio",4,28,495,232,263
050,72,053,"Puerto Rico Commonwealth","Fajardo Municipio",4,29,453,211,242
050,72,053,"Puerto Rico Commonwealth","Fajardo Municipio",4,30,453,222,231
050,72,053,"Puerto Rico Commonwealth","Fajardo Municipio",4,31,455,231,224
050,72,053,"Puerto Rico Commonwealth","Fajardo Municipio",4,32,457,222,235
050,72,053,"Puerto Rico Commonwealth","Fajardo Municipio",4,33,413,204,209
050,72,053,"Puerto Rico Commonwealth","Fajardo Municipio",4,34,361,178,183
050,72,053,"Puerto Rico Commonwealth","Fajardo Municipio",4,35,322,157,165
050,72,053,"Puerto Rico Commonwealth","Fajardo Municipio",4,36,311,141,170
050,72,053,"Puerto Rico Commonwealth","Fajardo Municipio",4,37,318,144,174
050,72,053,"Puerto Rico Commonwealth","Fajardo Municipio",4,38,301,131,170
050,72,053,"Puerto Rico Commonwealth","Fajardo Municipio",4,39,295,131,164
050,72,053,"Puerto Rico Commonwealth","Fajardo Municipio",4,40,308,138,170
050,72,053,"Puerto Rico Commonwealth","Fajardo Municipio",4,41,338,152,186
050,72,053,"Puerto Rico Commonwealth","Fajardo Municipio",4,42,362,183,179
050,72,053,"Puerto Rico Commonwealth","Fajardo Municipio",4,43,340,164,176
050,72,053,"Puerto Rico Commonwealth","Fajardo Municipio",4,44,332,146,186
050,72,053,"Puerto Rico Commonwealth","Fajardo Municipio",4,45,354,149,205
050,72,053,"Puerto Rico Commonwealth","Fajardo Municipio",4,46,393,173,220
050,72,053,"Puerto Rico Commonwealth","Fajardo Municipio",4,47,413,187,226
050,72,053,"Puerto Rico Commonwealth","Fajardo Municipio",4,48,399,180,219
050,72,053,"Puerto Rico Commonwealth","Fajardo Municipio",4,49,420,199,221
050,72,053,"Puerto Rico Commonwealth","Fajardo Municipio",4,50,454,211,243
050,72,053,"Puerto Rico Commonwealth","Fajardo Municipio",4,51,468,208,260
050,72,053,"Puerto Rico Commonwealth","Fajardo Municipio",4,52,458,205,253
050,72,053,"Puerto Rico Commonwealth","Fajardo Municipio",4,53,425,197,228
050,72,053,"Puerto Rico Commonwealth","Fajardo Municipio",4,54,434,211,223
050,72,053,"Puerto Rico Commonwealth","Fajardo Municipio",4,55,458,218,240
050,72,053,"Puerto Rico Commonwealth","Fajardo Municipio",4,56,447,207,240
050,72,053,"Puerto Rico Commonwealth","Fajardo Municipio",4,57,427,200,227
050,72,053,"Puerto Rico Commonwealth","Fajardo Municipio",4,58,417,194,223
050,72,053,"Puerto Rico Commonwealth","Fajardo Municipio",4,59,416,190,226
050,72,053,"Puerto Rico Commonwealth","Fajardo Municipio",4,60,388,172,216
050,72,053,"Puerto Rico Commonwealth","Fajardo Municipio",4,61,360,150,210
050,72,053,"Puerto Rico Commonwealth","Fajardo Municipio",4,62,367,155,212
050,72,053,"Puerto Rico Commonwealth","Fajardo Municipio",4,63,361,152,209
050,72,053,"Puerto Rico Commonwealth","Fajardo Municipio",4,64,366,162,204
050,72,053,"Puerto Rico Commonwealth","Fajardo Municipio",4,65,355,153,202
050,72,053,"Puerto Rico Commonwealth","Fajardo Municipio",4,66,335,140,195
050,72,053,"Puerto Rico Commonwealth","Fajardo Municipio",4,67,323,138,185
050,72,053,"Puerto Rico Commonwealth","Fajardo Municipio",4,68,303,129,174
050,72,053,"Puerto Rico Commonwealth","Fajardo Municipio",4,69,305,134,171
050,72,053,"Puerto Rico Commonwealth","Fajardo Municipio",4,70,311,138,173
050,72,053,"Puerto Rico Commonwealth","Fajardo Municipio",4,71,308,129,179
050,72,053,"Puerto Rico Commonwealth","Fajardo Municipio",4,72,333,132,201
050,72,053,"Puerto Rico Commonwealth","Fajardo Municipio",4,73,350,149,201
050,72,053,"Puerto Rico Commonwealth","Fajardo Municipio",4,74,351,159,192
050,72,053,"Puerto Rico Commonwealth","Fajardo Municipio",4,75,360,156,204
050,72,053,"Puerto Rico Commonwealth","Fajardo Municipio",4,76,355,150,205
050,72,053,"Puerto Rico Commonwealth","Fajardo Municipio",4,77,351,160,191
050,72,053,"Puerto Rico Commonwealth","Fajardo Municipio",4,78,313,139,174
050,72,053,"Puerto Rico Commonwealth","Fajardo Municipio",4,79,267,111,156
050,72,053,"Puerto Rico Commonwealth","Fajardo Municipio",4,80,270,116,154
050,72,053,"Puerto Rico Commonwealth","Fajardo Municipio",4,81,267,115,152
050,72,053,"Puerto Rico Commonwealth","Fajardo Municipio",4,82,240,109,131
050,72,053,"Puerto Rico Commonwealth","Fajardo Municipio",4,83,208,84,124
050,72,053,"Puerto Rico Commonwealth","Fajardo Municipio",4,84,202,79,123
050,72,053,"Puerto Rico Commonwealth","Fajardo Municipio",4,85,1371,505,866
050,72,053,"Puerto Rico Commonwealth","Fajardo Municipio",5,0,210,92,118
050,72,053,"Puerto Rico Commonwealth","Fajardo Municipio",5,1,226,110,116
050,72,053,"Puerto Rico Commonwealth","Fajardo Municipio",5,2,166,88,78
050,72,053,"Puerto Rico Commonwealth","Fajardo Municipio",5,3,191,96,95
050,72,053,"Puerto Rico Commonwealth","Fajardo Municipio",5,4,233,116,117
050,72,053,"Puerto Rico Commonwealth","Fajardo Municipio",5,5,217,113,104
050,72,053,"Puerto Rico Commonwealth","Fajardo Municipio",5,6,238,132,106
050,72,053,"Puerto Rico Commonwealth","Fajardo Municipio",5,7,275,142,133
050,72,053,"Puerto Rico Commonwealth","Fajardo Municipio",5,8,278,132,146
050,72,053,"Puerto Rico Commonwealth","Fajardo Municipio",5,9,291,145,146
050,72,053,"Puerto Rico Commonwealth","Fajardo Municipio",5,10,324,161,163
050,72,053,"Puerto Rico Commonwealth","Fajardo Municipio",5,11,340,169,171
050,72,053,"Puerto Rico Commonwealth","Fajardo Municipio",5,12,352,174,178
050,72,053,"Puerto Rico Commonwealth","Fajardo Municipio",5,13,331,158,173
050,72,053,"Puerto Rico Commonwealth","Fajardo Municipio",5,14,331,174,157
050,72,053,"Puerto Rico Commonwealth","Fajardo Municipio",5,15,329,167,162
050,72,053,"Puerto Rico Commonwealth","Fajardo Municipio",5,16,345,164,181
050,72,053,"Puerto Rico Commonwealth","Fajardo Municipio",5,17,365,177,188
050,72,053,"Puerto Rico Commonwealth","Fajardo Municipio",5,18,357,187,170
050,72,053,"Puerto Rico Commonwealth","Fajardo Municipio",5,19,348,190,158
050,72,053,"Puerto Rico Commonwealth","Fajardo Municipio",5,20,357,186,171
050,72,053,"Puerto Rico Commonwealth","Fajardo Municipio",5,21,377,188,189
050,72,053,"Puerto Rico Commonwealth","Fajardo Municipio",5,22,395,187,208
050,72,053,"Puerto Rico Commonwealth","Fajardo Municipio",5,23,409,203,206
050,72,053,"Puerto Rico Commonwealth","Fajardo Municipio",5,24,438,219,219
050,72,053,"Puerto Rico Commonwealth","Fajardo Municipio",5,25,429,216,213
050,72,053,"Puerto Rico Commonwealth","Fajardo Municipio",5,26,438,225,213
050,72,053,"Puerto Rico Commonwealth","Fajardo Municipio",5,27,444,213,231
050,72,053,"Puerto Rico Commonwealth","Fajardo Municipio",5,28,483,232,251
050,72,053,"Puerto Rico Commonwealth","Fajardo Municipio",5,29,491,229,262
050,72,053,"Puerto Rico Commonwealth","Fajardo Municipio",5,30,452,210,242
050,72,053,"Puerto Rico Commonwealth","Fajardo Municipio",5,31,458,228,230
050,72,053,"Puerto Rico Commonwealth","Fajardo Municipio",5,32,446,223,223
050,72,053,"Puerto Rico Commonwealth","Fajardo Municipio",5,33,455,220,235
050,72,053,"Puerto Rico Commonwealth","Fajardo Municipio",5,34,419,210,209
050,72,053,"Puerto Rico Commonwealth","Fajardo Municipio",5,35,356,174,182
050,72,053,"Puerto Rico Commonwealth","Fajardo Municipio",5,36,319,155,164
050,72,053,"Puerto Rico Commonwealth","Fajardo Municipio",5,37,314,145,169
050,72,053,"Puerto Rico Commonwealth","Fajardo Municipio",5,38,315,142,173
050,72,053,"Puerto Rico Commonwealth","Fajardo Municipio",5,39,300,131,169
050,72,053,"Puerto Rico Commonwealth","Fajardo Municipio",5,40,292,129,163
050,72,053,"Puerto Rico Commonwealth","Fajardo Municipio",5,41,307,137,170
050,72,053,"Puerto Rico Commonwealth","Fajardo Municipio",5,42,339,153,186
050,72,053,"Puerto Rico Commonwealth","Fajardo Municipio",5,43,361,182,179
050,72,053,"Puerto Rico Commonwealth","Fajardo Municipio",5,44,335,160,175
050,72,053,"Puerto Rico Commonwealth","Fajardo Municipio",5,45,331,145,186
050,72,053,"Puerto Rico Commonwealth","Fajardo Municipio",5,46,352,148,204
050,72,053,"Puerto Rico Commonwealth","Fajardo Municipio",5,47,396,177,219
050,72,053,"Puerto Rico Commonwealth","Fajardo Municipio",5,48,404,178,226
050,72,053,"Puerto Rico Commonwealth","Fajardo Municipio",5,49,405,186,219
050,72,053,"Puerto Rico Commonwealth","Fajardo Municipio",5,50,416,195,221
050,72,053,"Puerto Rico Commonwealth","Fajardo Municipio",5,51,448,206,242
050,72,053,"Puerto Rico Commonwealth","Fajardo Municipio",5,52,467,208,259
050,72,053,"Puerto Rico Commonwealth","Fajardo Municipio",5,53,456,205,251
050,72,053,"Puerto Rico Commonwealth","Fajardo Municipio",5,54,429,202,227
050,72,053,"Puerto Rico Commonwealth","Fajardo Municipio",5,55,430,207,223
050,72,053,"Puerto Rico Commonwealth","Fajardo Municipio",5,56,451,213,238
050,72,053,"Puerto Rico Commonwealth","Fajardo Municipio",5,57,442,206,236
050,72,053,"Puerto Rico Commonwealth","Fajardo Municipio",5,58,424,196,228
050,72,053,"Puerto Rico Commonwealth","Fajardo Municipio",5,59,411,191,220
050,72,053,"Puerto Rico Commonwealth","Fajardo Municipio",5,60,420,193,227
050,72,053,"Puerto Rico Commonwealth","Fajardo Municipio",5,61,375,165,210
050,72,053,"Puerto Rico Commonwealth","Fajardo Municipio",5,62,356,150,206
050,72,053,"Puerto Rico Commonwealth","Fajardo Municipio",5,63,359,148,211
050,72,053,"Puerto Rico Commonwealth","Fajardo Municipio",5,64,363,151,212
050,72,053,"Puerto Rico Commonwealth","Fajardo Municipio",5,65,355,159,196
050,72,053,"Puerto Rico Commonwealth","Fajardo Municipio",5,66,351,152,199
050,72,053,"Puerto Rico Commonwealth","Fajardo Municipio",5,67,326,133,193
050,72,053,"Puerto Rico Commonwealth","Fajardo Municipio",5,68,319,134,185
050,72,053,"Puerto Rico Commonwealth","Fajardo Municipio",5,69,292,124,168
050,72,053,"Puerto Rico Commonwealth","Fajardo Municipio",5,70,301,131,170
050,72,053,"Puerto Rico Commonwealth","Fajardo Municipio",5,71,305,138,167
050,72,053,"Puerto Rico Commonwealth","Fajardo Municipio",5,72,303,121,182
050,72,053,"Puerto Rico Commonwealth","Fajardo Municipio",5,73,327,129,198
050,72,053,"Puerto Rico Commonwealth","Fajardo Municipio",5,74,340,150,190
050,72,053,"Puerto Rico Commonwealth","Fajardo Municipio",5,75,349,158,191
050,72,053,"Puerto Rico Commonwealth","Fajardo Municipio",5,76,337,141,196
050,72,053,"Puerto Rico Commonwealth","Fajardo Municipio",5,77,345,150,195
050,72,053,"Puerto Rico Commonwealth","Fajardo Municipio",5,78,337,149,188
050,72,053,"Puerto Rico Commonwealth","Fajardo Municipio",5,79,307,134,173
050,72,053,"Puerto Rico Commonwealth","Fajardo Municipio",5,80,255,106,149
050,72,053,"Puerto Rico Commonwealth","Fajardo Municipio",5,81,269,111,158
050,72,053,"Puerto Rico Commonwealth","Fajardo Municipio",5,82,241,101,140
050,72,053,"Puerto Rico Commonwealth","Fajardo Municipio",5,83,229,99,130
050,72,053,"Puerto Rico Commonwealth","Fajardo Municipio",5,84,198,83,115
050,72,053,"Puerto Rico Commonwealth","Fajardo Municipio",5,85,1469,541,928
050,72,054,"Puerto Rico Commonwealth","Florida Municipio",1,0,82,44,38
050,72,054,"Puerto Rico Commonwealth","Florida Municipio",1,1,86,38,48
050,72,054,"Puerto Rico Commonwealth","Florida Municipio",1,2,82,40,42
050,72,054,"Puerto Rico Commonwealth","Florida Municipio",1,3,86,49,37
050,72,054,"Puerto Rico Commonwealth","Florida Municipio",1,4,108,57,51
050,72,054,"Puerto Rico Commonwealth","Florida Municipio",1,5,114,58,56
050,72,054,"Puerto Rico Commonwealth","Florida Municipio",1,6,128,55,73
050,72,054,"Puerto Rico Commonwealth","Florida Municipio",1,7,131,71,60
050,72,054,"Puerto Rico Commonwealth","Florida Municipio",1,8,127,66,61
050,72,054,"Puerto Rico Commonwealth","Florida Municipio",1,9,119,61,58
050,72,054,"Puerto Rico Commonwealth","Florida Municipio",1,10,132,66,66
050,72,054,"Puerto Rico Commonwealth","Florida Municipio",1,11,132,70,62
050,72,054,"Puerto Rico Commonwealth","Florida Municipio",1,12,132,64,68
050,72,054,"Puerto Rico Commonwealth","Florida Municipio",1,13,137,71,66
050,72,054,"Puerto Rico Commonwealth","Florida Municipio",1,14,137,69,68
050,72,054,"Puerto Rico Commonwealth","Florida Municipio",1,15,136,68,68
050,72,054,"Puerto Rico Commonwealth","Florida Municipio",1,16,140,65,75
050,72,054,"Puerto Rico Commonwealth","Florida Municipio",1,17,144,75,69
050,72,054,"Puerto Rico Commonwealth","Florida Municipio",1,18,147,75,72
050,72,054,"Puerto Rico Commonwealth","Florida Municipio",1,19,155,89,66
050,72,054,"Puerto Rico Commonwealth","Florida Municipio",1,20,168,89,79
050,72,054,"Puerto Rico Commonwealth","Florida Municipio",1,21,163,83,80
050,72,054,"Puerto Rico Commonwealth","Florida Municipio",1,22,179,94,85
050,72,054,"Puerto Rico Commonwealth","Florida Municipio",1,23,185,99,86
050,72,054,"Puerto Rico Commonwealth","Florida Municipio",1,24,167,82,85
050,72,054,"Puerto Rico Commonwealth","Florida Municipio",1,25,173,82,91
050,72,054,"Puerto Rico Commonwealth","Florida Municipio",1,26,182,77,105
050,72,054,"Puerto Rico Commonwealth","Florida Municipio",1,27,165,69,96
050,72,054,"Puerto Rico Commonwealth","Florida Municipio",1,28,165,80,85
050,72,054,"Puerto Rico Commonwealth","Florida Municipio",1,29,175,88,87
050,72,054,"Puerto Rico Commonwealth","Florida Municipio",1,30,173,79,94
050,72,054,"Puerto Rico Commonwealth","Florida Municipio",1,31,172,78,94
050,72,054,"Puerto Rico Commonwealth","Florida Municipio",1,32,154,75,79
050,72,054,"Puerto Rico Commonwealth","Florida Municipio",1,33,130,62,68
050,72,054,"Puerto Rico Commonwealth","Florida Municipio",1,34,115,51,64
050,72,054,"Puerto Rico Commonwealth","Florida Municipio",1,35,119,60,59
050,72,054,"Puerto Rico Commonwealth","Florida Municipio",1,36,121,62,59
050,72,054,"Puerto Rico Commonwealth","Florida Municipio",1,37,119,59,60
050,72,054,"Puerto Rico Commonwealth","Florida Municipio",1,38,125,57,68
050,72,054,"Puerto Rico Commonwealth","Florida Municipio",1,39,145,68,77
050,72,054,"Puerto Rico Commonwealth","Florida Municipio",1,40,156,77,79
050,72,054,"Puerto Rico Commonwealth","Florida Municipio",1,41,161,71,90
050,72,054,"Puerto Rico Commonwealth","Florida Municipio",1,42,151,65,86
050,72,054,"Puerto Rico Commonwealth","Florida Municipio",1,43,153,67,86
050,72,054,"Puerto Rico Commonwealth","Florida Municipio",1,44,154,72,82
050,72,054,"Puerto Rico Commonwealth","Florida Municipio",1,45,155,72,83
050,72,054,"Puerto Rico Commonwealth","Florida Municipio",1,46,147,73,74
050,72,054,"Puerto Rico Commonwealth","Florida Municipio",1,47,152,80,72
050,72,054,"Puerto Rico Commonwealth","Florida Municipio",1,48,157,69,88
050,72,054,"Puerto Rico Commonwealth","Florida Municipio",1,49,152,67,85
050,72,054,"Puerto Rico Commonwealth","Florida Municipio",1,50,155,71,84
050,72,054,"Puerto Rico Commonwealth","Florida Municipio",1,51,160,72,88
050,72,054,"Puerto Rico Commonwealth","Florida Municipio",1,52,156,73,83
050,72,054,"Puerto Rico Commonwealth","Florida Municipio",1,53,169,79,90
050,72,054,"Puerto Rico Commonwealth","Florida Municipio",1,54,160,72,88
050,72,054,"Puerto Rico Commonwealth","Florida Municipio",1,55,160,72,88
050,72,054,"Puerto Rico Commonwealth","Florida Municipio",1,56,157,72,85
050,72,054,"Puerto Rico Commonwealth","Florida Municipio",1,57,145,63,82
050,72,054,"Puerto Rico Commonwealth","Florida Municipio",1,58,133,51,82
050,72,054,"Puerto Rico Commonwealth","Florida Municipio",1,59,139,58,81
050,72,054,"Puerto Rico Commonwealth","Florida Municipio",1,60,129,56,73
050,72,054,"Puerto Rico Commonwealth","Florida Municipio",1,61,131,61,70
050,72,054,"Puerto Rico Commonwealth","Florida Municipio",1,62,147,67,80
050,72,054,"Puerto Rico Commonwealth","Florida Municipio",1,63,151,67,84
050,72,054,"Puerto Rico Commonwealth","Florida Municipio",1,64,159,75,84
050,72,054,"Puerto Rico Commonwealth","Florida Municipio",1,65,157,74,83
050,72,054,"Puerto Rico Commonwealth","Florida Municipio",1,66,149,71,78
050,72,054,"Puerto Rico Commonwealth","Florida Municipio",1,67,149,67,82
050,72,054,"Puerto Rico Commonwealth","Florida Municipio",1,68,149,63,86
050,72,054,"Puerto Rico Commonwealth","Florida Municipio",1,69,132,57,75
050,72,054,"Puerto Rico Commonwealth","Florida Municipio",1,70,123,52,71
050,72,054,"Puerto Rico Commonwealth","Florida Municipio",1,71,121,49,72
050,72,054,"Puerto Rico Commonwealth","Florida Municipio",1,72,124,55,69
050,72,054,"Puerto Rico Commonwealth","Florida Municipio",1,73,124,61,63
050,72,054,"Puerto Rico Commonwealth","Florida Municipio",1,74,114,62,52
050,72,054,"Puerto Rico Commonwealth","Florida Municipio",1,75,108,50,58
050,72,054,"Puerto Rico Commonwealth","Florida Municipio",1,76,99,45,54
050,72,054,"Puerto Rico Commonwealth","Florida Municipio",1,77,89,36,53
050,72,054,"Puerto Rico Commonwealth","Florida Municipio",1,78,88,40,48
050,72,054,"Puerto Rico Commonwealth","Florida Municipio",1,79,78,33,45
050,72,054,"Puerto Rico Commonwealth","Florida Municipio",1,80,69,31,38
050,72,054,"Puerto Rico Commonwealth","Florida Municipio",1,81,65,30,35
050,72,054,"Puerto Rico Commonwealth","Florida Municipio",1,82,58,28,30
050,72,054,"Puerto Rico Commonwealth","Florida Municipio",1,83,54,20,34
050,72,054,"Puerto Rico Commonwealth","Florida Municipio",1,84,50,23,27
050,72,054,"Puerto Rico Commonwealth","Florida Municipio",1,85,253,94,159
050,72,054,"Puerto Rico Commonwealth","Florida Municipio",2,0,78,42,36
050,72,054,"Puerto Rico Commonwealth","Florida Municipio",2,1,84,39,45
050,72,054,"Puerto Rico Commonwealth","Florida Municipio",2,2,84,40,44
050,72,054,"Puerto Rico Commonwealth","Florida Municipio",2,3,85,47,38
050,72,054,"Puerto Rico Commonwealth","Florida Municipio",2,4,102,55,47
050,72,054,"Puerto Rico Commonwealth","Florida Municipio",2,5,113,58,55
050,72,054,"Puerto Rico Commonwealth","Florida Municipio",2,6,124,55,69
050,72,054,"Puerto Rico Commonwealth","Florida Municipio",2,7,130,67,63
050,72,054,"Puerto Rico Commonwealth","Florida Municipio",2,8,128,67,61
050,72,054,"Puerto Rico Commonwealth","Florida Municipio",2,9,121,63,58
050,72,054,"Puerto Rico Commonwealth","Florida Municipio",2,10,129,64,65
050,72,054,"Puerto Rico Commonwealth","Florida Municipio",2,11,132,69,63
050,72,054,"Puerto Rico Commonwealth","Florida Municipio",2,12,132,66,66
050,72,054,"Puerto Rico Commonwealth","Florida Municipio",2,13,136,69,67
050,72,054,"Puerto Rico Commonwealth","Florida Municipio",2,14,137,70,67
050,72,054,"Puerto Rico Commonwealth","Florida Municipio",2,15,136,68,68
050,72,054,"Puerto Rico Commonwealth","Florida Municipio",2,16,139,66,73
050,72,054,"Puerto Rico Commonwealth","Florida Municipio",2,17,143,72,71
050,72,054,"Puerto Rico Commonwealth","Florida Municipio",2,18,145,74,71
050,72,054,"Puerto Rico Commonwealth","Florida Municipio",2,19,154,86,68
050,72,054,"Puerto Rico Commonwealth","Florida Municipio",2,20,164,89,75
050,72,054,"Puerto Rico Commonwealth","Florida Municipio",2,21,164,84,80
050,72,054,"Puerto Rico Commonwealth","Florida Municipio",2,22,175,91,84
050,72,054,"Puerto Rico Commonwealth","Florida Municipio",2,23,182,96,86
050,72,054,"Puerto Rico Commonwealth","Florida Municipio",2,24,172,87,85
050,72,054,"Puerto Rico Commonwealth","Florida Municipio",2,25,171,82,89
050,72,054,"Puerto Rico Commonwealth","Florida Municipio",2,26,180,78,102
050,72,054,"Puerto Rico Commonwealth","Florida Municipio",2,27,169,71,98
050,72,054,"Puerto Rico Commonwealth","Florida Municipio",2,28,165,77,88
050,72,054,"Puerto Rico Commonwealth","Florida Municipio",2,29,172,86,86
050,72,054,"Puerto Rico Commonwealth","Florida Municipio",2,30,173,81,92
050,72,054,"Puerto Rico Commonwealth","Florida Municipio",2,31,173,78,95
050,72,054,"Puerto Rico Commonwealth","Florida Municipio",2,32,158,76,82
050,72,054,"Puerto Rico Commonwealth","Florida Municipio",2,33,136,65,71
050,72,054,"Puerto Rico Commonwealth","Florida Municipio",2,34,119,54,65
050,72,054,"Puerto Rico Commonwealth","Florida Municipio",2,35,118,58,60
050,72,054,"Puerto Rico Commonwealth","Florida Municipio",2,36,120,61,59
050,72,054,"Puerto Rico Commonwealth","Florida Municipio",2,37,120,60,60
050,72,054,"Puerto Rico Commonwealth","Florida Municipio",2,38,124,58,66
050,72,054,"Puerto Rico Commonwealth","Florida Municipio",2,39,139,64,75
050,72,054,"Puerto Rico Commonwealth","Florida Municipio",2,40,153,75,78
050,72,054,"Puerto Rico Commonwealth","Florida Municipio",2,41,160,72,88
050,72,054,"Puerto Rico Commonwealth","Florida Municipio",2,42,154,67,87
050,72,054,"Puerto Rico Commonwealth","Florida Municipio",2,43,152,66,86
050,72,054,"Puerto Rico Commonwealth","Florida Municipio",2,44,154,72,82
050,72,054,"Puerto Rico Commonwealth","Florida Municipio",2,45,154,72,82
050,72,054,"Puerto Rico Commonwealth","Florida Municipio",2,46,150,73,77
050,72,054,"Puerto Rico Commonwealth","Florida Municipio",2,47,150,78,72
050,72,054,"Puerto Rico Commonwealth","Florida Municipio",2,48,156,72,84
050,72,054,"Puerto Rico Commonwealth","Florida Municipio",2,49,153,67,86
050,72,054,"Puerto Rico Commonwealth","Florida Municipio",2,50,153,69,84
050,72,054,"Puerto Rico Commonwealth","Florida Municipio",2,51,159,72,87
050,72,054,"Puerto Rico Commonwealth","Florida Municipio",2,52,158,74,84
050,72,054,"Puerto Rico Commonwealth","Florida Municipio",2,53,166,77,89
050,72,054,"Puerto Rico Commonwealth","Florida Municipio",2,54,161,73,88
050,72,054,"Puerto Rico Commonwealth","Florida Municipio",2,55,160,72,88
050,72,054,"Puerto Rico Commonwealth","Florida Municipio",2,56,158,72,86
050,72,054,"Puerto Rico Commonwealth","Florida Municipio",2,57,148,65,83
050,72,054,"Puerto Rico Commonwealth","Florida Municipio",2,58,136,54,82
050,72,054,"Puerto Rico Commonwealth","Florida Municipio",2,59,138,57,81
050,72,054,"Puerto Rico Commonwealth","Florida Municipio",2,60,129,54,75
050,72,054,"Puerto Rico Commonwealth","Florida Municipio",2,61,131,60,71
050,72,054,"Puerto Rico Commonwealth","Florida Municipio",2,62,142,65,77
050,72,054,"Puerto Rico Commonwealth","Florida Municipio",2,63,150,67,83
050,72,054,"Puerto Rico Commonwealth","Florida Municipio",2,64,157,73,84
050,72,054,"Puerto Rico Commonwealth","Florida Municipio",2,65,158,75,83
050,72,054,"Puerto Rico Commonwealth","Florida Municipio",2,66,150,70,80
050,72,054,"Puerto Rico Commonwealth","Florida Municipio",2,67,149,68,81
050,72,054,"Puerto Rico Commonwealth","Florida Municipio",2,68,149,64,85
050,72,054,"Puerto Rico Commonwealth","Florida Municipio",2,69,135,58,77
050,72,054,"Puerto Rico Commonwealth","Florida Municipio",2,70,124,52,72
050,72,054,"Puerto Rico Commonwealth","Florida Municipio",2,71,122,50,72
050,72,054,"Puerto Rico Commonwealth","Florida Municipio",2,72,123,53,70
050,72,054,"Puerto Rico Commonwealth","Florida Municipio",2,73,124,60,64
050,72,054,"Puerto Rico Commonwealth","Florida Municipio",2,74,115,61,54
050,72,054,"Puerto Rico Commonwealth","Florida Municipio",2,75,109,53,56
050,72,054,"Puerto Rico Commonwealth","Florida Municipio",2,76,102,47,55
050,72,054,"Puerto Rico Commonwealth","Florida Municipio",2,77,91,38,53
050,72,054,"Puerto Rico Commonwealth","Florida Municipio",2,78,86,38,48
050,72,054,"Puerto Rico Commonwealth","Florida Municipio",2,79,81,35,46
050,72,054,"Puerto Rico Commonwealth","Florida Municipio",2,80,69,30,39
050,72,054,"Puerto Rico Commonwealth","Florida Municipio",2,81,66,30,36
050,72,054,"Puerto Rico Commonwealth","Florida Municipio",2,82,59,28,31
050,72,054,"Puerto Rico Commonwealth","Florida Municipio",2,83,52,21,31
050,72,054,"Puerto Rico Commonwealth","Florida Municipio",2,84,51,22,29
050,72,054,"Puerto Rico Commonwealth","Florida Municipio",2,85,259,99,160
050,72,054,"Puerto Rico Commonwealth","Florida Municipio",3,0,78,43,35
050,72,054,"Puerto Rico Commonwealth","Florida Municipio",3,1,72,39,33
050,72,054,"Puerto Rico Commonwealth","Florida Municipio",3,2,84,39,45
050,72,054,"Puerto Rico Commonwealth","Florida Municipio",3,3,84,40,44
050,72,054,"Puerto Rico Commonwealth","Florida Municipio",3,4,85,47,38
050,72,054,"Puerto Rico Commonwealth","Florida Municipio",3,5,102,55,47
050,72,054,"Puerto Rico Commonwealth","Florida Municipio",3,6,113,58,55
050,72,054,"Puerto Rico Commonwealth","Florida Municipio",3,7,124,55,69
050,72,054,"Puerto Rico Commonwealth","Florida Municipio",3,8,130,67,63
050,72,054,"Puerto Rico Commonwealth","Florida Municipio",3,9,128,67,61
050,72,054,"Puerto Rico Commonwealth","Florida Municipio",3,10,121,63,58
050,72,054,"Puerto Rico Commonwealth","Florida Municipio",3,11,129,64,65
050,72,054,"Puerto Rico Commonwealth","Florida Municipio",3,12,132,69,63
050,72,054,"Puerto Rico Commonwealth","Florida Municipio",3,13,132,66,66
050,72,054,"Puerto Rico Commonwealth","Florida Municipio",3,14,136,69,67
050,72,054,"Puerto Rico Commonwealth","Florida Municipio",3,15,137,70,67
050,72,054,"Puerto Rico Commonwealth","Florida Municipio",3,16,136,68,68
050,72,054,"Puerto Rico Commonwealth","Florida Municipio",3,17,139,66,73
050,72,054,"Puerto Rico Commonwealth","Florida Municipio",3,18,142,71,71
050,72,054,"Puerto Rico Commonwealth","Florida Municipio",3,19,144,74,70
050,72,054,"Puerto Rico Commonwealth","Florida Municipio",3,20,155,86,69
050,72,054,"Puerto Rico Commonwealth","Florida Municipio",3,21,164,89,75
050,72,054,"Puerto Rico Commonwealth","Florida Municipio",3,22,164,83,81
050,72,054,"Puerto Rico Commonwealth","Florida Municipio",3,23,173,90,83
050,72,054,"Puerto Rico Commonwealth","Florida Municipio",3,24,184,97,87
050,72,054,"Puerto Rico Commonwealth","Florida Municipio",3,25,174,88,86
050,72,054,"Puerto Rico Commonwealth","Florida Municipio",3,26,172,82,90
050,72,054,"Puerto Rico Commonwealth","Florida Municipio",3,27,182,79,103
050,72,054,"Puerto Rico Commonwealth","Florida Municipio",3,28,169,70,99
050,72,054,"Puerto Rico Commonwealth","Florida Municipio",3,29,166,77,89
050,72,054,"Puerto Rico Commonwealth","Florida Municipio",3,30,171,86,85
050,72,054,"Puerto Rico Commonwealth","Florida Municipio",3,31,174,82,92
050,72,054,"Puerto Rico Commonwealth","Florida Municipio",3,32,173,78,95
050,72,054,"Puerto Rico Commonwealth","Florida Municipio",3,33,159,77,82
050,72,054,"Puerto Rico Commonwealth","Florida Municipio",3,34,136,65,71
050,72,054,"Puerto Rico Commonwealth","Florida Municipio",3,35,120,55,65
050,72,054,"Puerto Rico Commonwealth","Florida Municipio",3,36,117,57,60
050,72,054,"Puerto Rico Commonwealth","Florida Municipio",3,37,121,62,59
050,72,054,"Puerto Rico Commonwealth","Florida Municipio",3,38,120,60,60
050,72,054,"Puerto Rico Commonwealth","Florida Municipio",3,39,125,59,66
050,72,054,"Puerto Rico Commonwealth","Florida Municipio",3,40,138,64,74
050,72,054,"Puerto Rico Commonwealth","Florida Municipio",3,41,152,74,78
050,72,054,"Puerto Rico Commonwealth","Florida Municipio",3,42,161,73,88
050,72,054,"Puerto Rico Commonwealth","Florida Municipio",3,43,151,65,86
050,72,054,"Puerto Rico Commonwealth","Florida Municipio",3,44,153,67,86
050,72,054,"Puerto Rico Commonwealth","Florida Municipio",3,45,154,72,82
050,72,054,"Puerto Rico Commonwealth","Florida Municipio",3,46,153,71,82
050,72,054,"Puerto Rico Commonwealth","Florida Municipio",3,47,151,74,77
050,72,054,"Puerto Rico Commonwealth","Florida Municipio",3,48,148,76,72
050,72,054,"Puerto Rico Commonwealth","Florida Municipio",3,49,154,72,82
050,72,054,"Puerto Rico Commonwealth","Florida Municipio",3,50,152,67,85
050,72,054,"Puerto Rico Commonwealth","Florida Municipio",3,51,152,68,84
050,72,054,"Puerto Rico Commonwealth","Florida Municipio",3,52,160,72,88
050,72,054,"Puerto Rico Commonwealth","Florida Municipio",3,53,156,73,83
050,72,054,"Puerto Rico Commonwealth","Florida Municipio",3,54,166,76,90
050,72,054,"Puerto Rico Commonwealth","Florida Municipio",3,55,162,73,89
050,72,054,"Puerto Rico Commonwealth","Florida Municipio",3,56,158,72,86
050,72,054,"Puerto Rico Commonwealth","Florida Municipio",3,57,158,72,86
050,72,054,"Puerto Rico Commonwealth","Florida Municipio",3,58,148,65,83
050,72,054,"Puerto Rico Commonwealth","Florida Municipio",3,59,136,54,82
050,72,054,"Puerto Rico Commonwealth","Florida Municipio",3,60,138,57,81
050,72,054,"Puerto Rico Commonwealth","Florida Municipio",3,61,127,53,74
050,72,054,"Puerto Rico Commonwealth","Florida Municipio",3,62,130,60,70
050,72,054,"Puerto Rico Commonwealth","Florida Municipio",3,63,140,64,76
050,72,054,"Puerto Rico Commonwealth","Florida Municipio",3,64,148,66,82
050,72,054,"Puerto Rico Commonwealth","Florida Municipio",3,65,155,71,84
050,72,054,"Puerto Rico Commonwealth","Florida Municipio",3,66,157,75,82
050,72,054,"Puerto Rico Commonwealth","Florida Municipio",3,67,149,69,80
050,72,054,"Puerto Rico Commonwealth","Florida Municipio",3,68,147,67,80
050,72,054,"Puerto Rico Commonwealth","Florida Municipio",3,69,148,64,84
050,72,054,"Puerto Rico Commonwealth","Florida Municipio",3,70,133,58,75
050,72,054,"Puerto Rico Commonwealth","Florida Municipio",3,71,123,52,71
050,72,054,"Puerto Rico Commonwealth","Florida Municipio",3,72,121,49,72
050,72,054,"Puerto Rico Commonwealth","Florida Municipio",3,73,123,53,70
050,72,054,"Puerto Rico Commonwealth","Florida Municipio",3,74,119,57,62
050,72,054,"Puerto Rico Commonwealth","Florida Municipio",3,75,111,57,54
050,72,054,"Puerto Rico Commonwealth","Florida Municipio",3,76,106,51,55
050,72,054,"Puerto Rico Commonwealth","Florida Municipio",3,77,97,44,53
050,72,054,"Puerto Rico Commonwealth","Florida Municipio",3,78,92,36,56
050,72,054,"Puerto Rico Commonwealth","Florida Municipio",3,79,84,37,47
050,72,054,"Puerto Rico Commonwealth","Florida Municipio",3,80,77,33,44
050,72,054,"Puerto Rico Commonwealth","Florida Municipio",3,81,67,28,39
050,72,054,"Puerto Rico Commonwealth","Florida Municipio",3,82,64,29,35
050,72,054,"Puerto Rico Commonwealth","Florida Municipio",3,83,53,24,29
050,72,054,"Puerto Rico Commonwealth","Florida Municipio",3,84,48,19,29
050,72,054,"Puerto Rico Commonwealth","Florida Municipio",3,85,280,113,167
050,72,054,"Puerto Rico Commonwealth","Florida Municipio",4,0,73,35,38
050,72,054,"Puerto Rico Commonwealth","Florida Municipio",4,1,70,40,30
050,72,054,"Puerto Rico Commonwealth","Florida Municipio",4,2,71,39,32
050,72,054,"Puerto Rico Commonwealth","Florida Municipio",4,3,83,39,44
050,72,054,"Puerto Rico Commonwealth","Florida Municipio",4,4,83,40,43
050,72,054,"Puerto Rico Commonwealth","Florida Municipio",4,5,84,47,37
050,72,054,"Puerto Rico Commonwealth","Florida Municipio",4,6,100,54,46
050,72,054,"Puerto Rico Commonwealth","Florida Municipio",4,7,112,58,54
050,72,054,"Puerto Rico Commonwealth","Florida Municipio",4,8,122,54,68
050,72,054,"Puerto Rico Commonwealth","Florida Municipio",4,9,128,66,62
050,72,054,"Puerto Rico Commonwealth","Florida Municipio",4,10,126,66,60
050,72,054,"Puerto Rico Commonwealth","Florida Municipio",4,11,119,62,57
050,72,054,"Puerto Rico Commonwealth","Florida Municipio",4,12,127,63,64
050,72,054,"Puerto Rico Commonwealth","Florida Municipio",4,13,130,68,62
050,72,054,"Puerto Rico Commonwealth","Florida Municipio",4,14,130,65,65
050,72,054,"Puerto Rico Commonwealth","Florida Municipio",4,15,134,68,66
050,72,054,"Puerto Rico Commonwealth","Florida Municipio",4,16,135,69,66
050,72,054,"Puerto Rico Commonwealth","Florida Municipio",4,17,134,67,67
050,72,054,"Puerto Rico Commonwealth","Florida Municipio",4,18,136,64,72
050,72,054,"Puerto Rico Commonwealth","Florida Municipio",4,19,139,70,69
050,72,054,"Puerto Rico Commonwealth","Florida Municipio",4,20,142,72,70
050,72,054,"Puerto Rico Commonwealth","Florida Municipio",4,21,154,85,69
050,72,054,"Puerto Rico Commonwealth","Florida Municipio",4,22,162,87,75
050,72,054,"Puerto Rico Commonwealth","Florida Municipio",4,23,162,82,80
050,72,054,"Puerto Rico Commonwealth","Florida Municipio",4,24,172,89,83
050,72,054,"Puerto Rico Commonwealth","Florida Municipio",4,25,182,95,87
050,72,054,"Puerto Rico Commonwealth","Florida Municipio",4,26,173,87,86
050,72,054,"Puerto Rico Commonwealth","Florida Municipio",4,27,171,81,90
050,72,054,"Puerto Rico Commonwealth","Florida Municipio",4,28,181,78,103
050,72,054,"Puerto Rico Commonwealth","Florida Municipio",4,29,167,68,99
050,72,054,"Puerto Rico Commonwealth","Florida Municipio",4,30,164,75,89
050,72,054,"Puerto Rico Commonwealth","Florida Municipio",4,31,170,86,84
050,72,054,"Puerto Rico Commonwealth","Florida Municipio",4,32,172,81,91
050,72,054,"Puerto Rico Commonwealth","Florida Municipio",4,33,172,77,95
050,72,054,"Puerto Rico Commonwealth","Florida Municipio",4,34,157,76,81
050,72,054,"Puerto Rico Commonwealth","Florida Municipio",4,35,135,65,70
050,72,054,"Puerto Rico Commonwealth","Florida Municipio",4,36,117,53,64
050,72,054,"Puerto Rico Commonwealth","Florida Municipio",4,37,115,56,59
050,72,054,"Puerto Rico Commonwealth","Florida Municipio",4,38,119,61,58
050,72,054,"Puerto Rico Commonwealth","Florida Municipio",4,39,119,60,59
050,72,054,"Puerto Rico Commonwealth","Florida Municipio",4,40,124,59,65
050,72,054,"Puerto Rico Commonwealth","Florida Municipio",4,41,133,60,73
050,72,054,"Puerto Rico Commonwealth","Florida Municipio",4,42,151,74,77
050,72,054,"Puerto Rico Commonwealth","Florida Municipio",4,43,159,72,87
050,72,054,"Puerto Rico Commonwealth","Florida Municipio",4,44,148,64,84
050,72,054,"Puerto Rico Commonwealth","Florida Municipio",4,45,151,65,86
050,72,054,"Puerto Rico Commonwealth","Florida Municipio",4,46,153,71,82
050,72,054,"Puerto Rico Commonwealth","Florida Municipio",4,47,152,70,82
050,72,054,"Puerto Rico Commonwealth","Florida Municipio",4,48,150,73,77
050,72,054,"Puerto Rico Commonwealth","Florida Municipio",4,49,147,75,72
050,72,054,"Puerto Rico Commonwealth","Florida Municipio",4,50,154,72,82
050,72,054,"Puerto Rico Commonwealth","Florida Municipio",4,51,151,66,85
050,72,054,"Puerto Rico Commonwealth","Florida Municipio",4,52,153,69,84
050,72,054,"Puerto Rico Commonwealth","Florida Municipio",4,53,159,71,88
050,72,054,"Puerto Rico Commonwealth","Florida Municipio",4,54,152,70,82
050,72,054,"Puerto Rico Commonwealth","Florida Municipio",4,55,166,76,90
050,72,054,"Puerto Rico Commonwealth","Florida Municipio",4,56,160,72,88
050,72,054,"Puerto Rico Commonwealth","Florida Municipio",4,57,156,71,85
050,72,054,"Puerto Rico Commonwealth","Florida Municipio",4,58,156,70,86
050,72,054,"Puerto Rico Commonwealth","Florida Municipio",4,59,146,64,82
050,72,054,"Puerto Rico Commonwealth","Florida Municipio",4,60,136,54,82
050,72,054,"Puerto Rico Commonwealth","Florida Municipio",4,61,138,57,81
050,72,054,"Puerto Rico Commonwealth","Florida Municipio",4,62,125,52,73
050,72,054,"Puerto Rico Commonwealth","Florida Municipio",4,63,129,59,70
050,72,054,"Puerto Rico Commonwealth","Florida Municipio",4,64,138,62,76
050,72,054,"Puerto Rico Commonwealth","Florida Municipio",4,65,146,65,81
050,72,054,"Puerto Rico Commonwealth","Florida Municipio",4,66,154,70,84
050,72,054,"Puerto Rico Commonwealth","Florida Municipio",4,67,156,75,81
050,72,054,"Puerto Rico Commonwealth","Florida Municipio",4,68,148,68,80
050,72,054,"Puerto Rico Commonwealth","Florida Municipio",4,69,146,66,80
050,72,054,"Puerto Rico Commonwealth","Florida Municipio",4,70,145,63,82
050,72,054,"Puerto Rico Commonwealth","Florida Municipio",4,71,130,56,74
050,72,054,"Puerto Rico Commonwealth","Florida Municipio",4,72,123,52,71
050,72,054,"Puerto Rico Commonwealth","Florida Municipio",4,73,117,49,68
050,72,054,"Puerto Rico Commonwealth","Florida Municipio",4,74,121,51,70
050,72,054,"Puerto Rico Commonwealth","Florida Municipio",4,75,118,56,62
050,72,054,"Puerto Rico Commonwealth","Florida Municipio",4,76,111,57,54
050,72,054,"Puerto Rico Commonwealth","Florida Municipio",4,77,102,47,55
050,72,054,"Puerto Rico Commonwealth","Florida Municipio",4,78,99,43,56
050,72,054,"Puerto Rico Commonwealth","Florida Municipio",4,79,88,34,54
050,72,054,"Puerto Rico Commonwealth","Florida Municipio",4,80,81,36,45
050,72,054,"Puerto Rico Commonwealth","Florida Municipio",4,81,71,30,41
050,72,054,"Puerto Rico Commonwealth","Florida Municipio",4,82,65,27,38
050,72,054,"Puerto Rico Commonwealth","Florida Municipio",4,83,62,28,34
050,72,054,"Puerto Rico Commonwealth","Florida Municipio",4,84,45,21,24
050,72,054,"Puerto Rico Commonwealth","Florida Municipio",4,85,281,111,170
050,72,054,"Puerto Rico Commonwealth","Florida Municipio",5,0,93,45,48
050,72,054,"Puerto Rico Commonwealth","Florida Municipio",5,1,67,32,35
050,72,054,"Puerto Rico Commonwealth","Florida Municipio",5,2,71,41,30
050,72,054,"Puerto Rico Commonwealth","Florida Municipio",5,3,71,39,32
050,72,054,"Puerto Rico Commonwealth","Florida Municipio",5,4,83,39,44
050,72,054,"Puerto Rico Commonwealth","Florida Municipio",5,5,83,40,43
050,72,054,"Puerto Rico Commonwealth","Florida Municipio",5,6,84,47,37
050,72,054,"Puerto Rico Commonwealth","Florida Municipio",5,7,100,54,46
050,72,054,"Puerto Rico Commonwealth","Florida Municipio",5,8,112,58,54
050,72,054,"Puerto Rico Commonwealth","Florida Municipio",5,9,122,54,68
050,72,054,"Puerto Rico Commonwealth","Florida Municipio",5,10,128,66,62
050,72,054,"Puerto Rico Commonwealth","Florida Municipio",5,11,126,66,60
050,72,054,"Puerto Rico Commonwealth","Florida Municipio",5,12,119,62,57
050,72,054,"Puerto Rico Commonwealth","Florida Municipio",5,13,127,63,64
050,72,054,"Puerto Rico Commonwealth","Florida Municipio",5,14,130,68,62
050,72,054,"Puerto Rico Commonwealth","Florida Municipio",5,15,130,65,65
050,72,054,"Puerto Rico Commonwealth","Florida Municipio",5,16,134,68,66
050,72,054,"Puerto Rico Commonwealth","Florida Municipio",5,17,135,69,66
050,72,054,"Puerto Rico Commonwealth","Florida Municipio",5,18,133,66,67
050,72,054,"Puerto Rico Commonwealth","Florida Municipio",5,19,135,64,71
050,72,054,"Puerto Rico Commonwealth","Florida Municipio",5,20,140,70,70
050,72,054,"Puerto Rico Commonwealth","Florida Municipio",5,21,143,72,71
050,72,054,"Puerto Rico Commonwealth","Florida Municipio",5,22,154,84,70
050,72,054,"Puerto Rico Commonwealth","Florida Municipio",5,23,162,87,75
050,72,054,"Puerto Rico Commonwealth","Florida Municipio",5,24,164,82,82
050,72,054,"Puerto Rico Commonwealth","Florida Municipio",5,25,173,89,84
050,72,054,"Puerto Rico Commonwealth","Florida Municipio",5,26,184,96,88
050,72,054,"Puerto Rico Commonwealth","Florida Municipio",5,27,175,88,87
050,72,054,"Puerto Rico Commonwealth","Florida Municipio",5,28,172,81,91
050,72,054,"Puerto Rico Commonwealth","Florida Municipio",5,29,181,77,104
050,72,054,"Puerto Rico Commonwealth","Florida Municipio",5,30,168,68,100
050,72,054,"Puerto Rico Commonwealth","Florida Municipio",5,31,166,76,90
050,72,054,"Puerto Rico Commonwealth","Florida Municipio",5,32,171,87,84
050,72,054,"Puerto Rico Commonwealth","Florida Municipio",5,33,173,82,91
050,72,054,"Puerto Rico Commonwealth","Florida Municipio",5,34,172,77,95
050,72,054,"Puerto Rico Commonwealth","Florida Municipio",5,35,157,76,81
050,72,054,"Puerto Rico Commonwealth","Florida Municipio",5,36,135,65,70
050,72,054,"Puerto Rico Commonwealth","Florida Municipio",5,37,117,53,64
050,72,054,"Puerto Rico Commonwealth","Florida Municipio",5,38,115,56,59
050,72,054,"Puerto Rico Commonwealth","Florida Municipio",5,39,120,62,58
050,72,054,"Puerto Rico Commonwealth","Florida Municipio",5,40,118,59,59
050,72,054,"Puerto Rico Commonwealth","Florida Municipio",5,41,123,58,65
050,72,054,"Puerto Rico Commonwealth","Florida Municipio",5,42,132,59,73
050,72,054,"Puerto Rico Commonwealth","Florida Municipio",5,43,150,73,77
050,72,054,"Puerto Rico Commonwealth","Florida Municipio",5,44,158,71,87
050,72,054,"Puerto Rico Commonwealth","Florida Municipio",5,45,148,64,84
050,72,054,"Puerto Rico Commonwealth","Florida Municipio",5,46,151,65,86
050,72,054,"Puerto Rico Commonwealth","Florida Municipio",5,47,153,71,82
050,72,054,"Puerto Rico Commonwealth","Florida Municipio",5,48,151,69,82
050,72,054,"Puerto Rico Commonwealth","Florida Municipio",5,49,150,73,77
050,72,054,"Puerto Rico Commonwealth","Florida Municipio",5,50,148,75,73
050,72,054,"Puerto Rico Commonwealth","Florida Municipio",5,51,154,71,83
050,72,054,"Puerto Rico Commonwealth","Florida Municipio",5,52,153,67,86
050,72,054,"Puerto Rico Commonwealth","Florida Municipio",5,53,151,66,85
050,72,054,"Puerto Rico Commonwealth","Florida Municipio",5,54,159,70,89
050,72,054,"Puerto Rico Commonwealth","Florida Municipio",5,55,153,70,83
050,72,054,"Puerto Rico Commonwealth","Florida Municipio",5,56,166,75,91
050,72,054,"Puerto Rico Commonwealth","Florida Municipio",5,57,157,70,87
050,72,054,"Puerto Rico Commonwealth","Florida Municipio",5,58,155,72,83
050,72,054,"Puerto Rico Commonwealth","Florida Municipio",5,59,154,68,86
050,72,054,"Puerto Rico Commonwealth","Florida Municipio",5,60,146,64,82
050,72,054,"Puerto Rico Commonwealth","Florida Municipio",5,61,135,53,82
050,72,054,"Puerto Rico Commonwealth","Florida Municipio",5,62,137,57,80
050,72,054,"Puerto Rico Commonwealth","Florida Municipio",5,63,124,52,72
050,72,054,"Puerto Rico Commonwealth","Florida Municipio",5,64,128,59,69
050,72,054,"Puerto Rico Commonwealth","Florida Municipio",5,65,138,62,76
050,72,054,"Puerto Rico Commonwealth","Florida Municipio",5,66,146,65,81
050,72,054,"Puerto Rico Commonwealth","Florida Municipio",5,67,151,68,83
050,72,054,"Puerto Rico Commonwealth","Florida Municipio",5,68,153,72,81
050,72,054,"Puerto Rico Commonwealth","Florida Municipio",5,69,144,64,80
050,72,054,"Puerto Rico Commonwealth","Florida Municipio",5,70,145,65,80
050,72,054,"Puerto Rico Commonwealth","Florida Municipio",5,71,140,61,79
050,72,054,"Puerto Rico Commonwealth","Florida Municipio",5,72,127,55,72
050,72,054,"Puerto Rico Commonwealth","Florida Municipio",5,73,121,50,71
050,72,054,"Puerto Rico Commonwealth","Florida Municipio",5,74,114,47,67
050,72,054,"Puerto Rico Commonwealth","Florida Municipio",5,75,116,47,69
050,72,054,"Puerto Rico Commonwealth","Florida Municipio",5,76,116,54,62
050,72,054,"Puerto Rico Commonwealth","Florida Municipio",5,77,107,54,53
050,72,054,"Puerto Rico Commonwealth","Florida Municipio",5,78,103,45,58
050,72,054,"Puerto Rico Commonwealth","Florida Municipio",5,79,95,41,54
050,72,054,"Puerto Rico Commonwealth","Florida Municipio",5,80,86,34,52
050,72,054,"Puerto Rico Commonwealth","Florida Municipio",5,81,78,35,43
050,72,054,"Puerto Rico Commonwealth","Florida Municipio",5,82,67,29,38
050,72,054,"Puerto Rico Commonwealth","Florida Municipio",5,83,60,24,36
050,72,054,"Puerto Rico Commonwealth","Florida Municipio",5,84,60,27,33
050,72,054,"Puerto Rico Commonwealth","Florida Municipio",5,85,279,113,166
050,72,055,"Puerto Rico Commonwealth","Guánica Municipio",1,0,92,48,44
050,72,055,"Puerto Rico Commonwealth","Guánica Municipio",1,1,90,42,48
050,72,055,"Puerto Rico Commonwealth","Guánica Municipio",1,2,99,45,54
050,72,055,"Puerto Rico Commonwealth","Guánica Municipio",1,3,129,66,63
050,72,055,"Puerto Rico Commonwealth","Guánica Municipio",1,4,124,70,54
050,72,055,"Puerto Rico Commonwealth","Guánica Municipio",1,5,135,75,60
050,72,055,"Puerto Rico Commonwealth","Guánica Municipio",1,6,145,77,68
050,72,055,"Puerto Rico Commonwealth","Guánica Municipio",1,7,146,74,72
050,72,055,"Puerto Rico Commonwealth","Guánica Municipio",1,8,168,85,83
050,72,055,"Puerto Rico Commonwealth","Guánica Municipio",1,9,142,69,73
050,72,055,"Puerto Rico Commonwealth","Guánica Municipio",1,10,154,78,76
050,72,055,"Puerto Rico Commonwealth","Guánica Municipio",1,11,154,78,76
050,72,055,"Puerto Rico Commonwealth","Guánica Municipio",1,12,154,81,73
050,72,055,"Puerto Rico Commonwealth","Guánica Municipio",1,13,158,84,74
050,72,055,"Puerto Rico Commonwealth","Guánica Municipio",1,14,163,78,85
050,72,055,"Puerto Rico Commonwealth","Guánica Municipio",1,15,159,80,79
050,72,055,"Puerto Rico Commonwealth","Guánica Municipio",1,16,157,81,76
050,72,055,"Puerto Rico Commonwealth","Guánica Municipio",1,17,162,90,72
050,72,055,"Puerto Rico Commonwealth","Guánica Municipio",1,18,156,83,73
050,72,055,"Puerto Rico Commonwealth","Guánica Municipio",1,19,165,81,84
050,72,055,"Puerto Rico Commonwealth","Guánica Municipio",1,20,148,79,69
050,72,055,"Puerto Rico Commonwealth","Guánica Municipio",1,21,173,93,80
050,72,055,"Puerto Rico Commonwealth","Guánica Municipio",1,22,168,78,90
050,72,055,"Puerto Rico Commonwealth","Guánica Municipio",1,23,172,88,84
050,72,055,"Puerto Rico Commonwealth","Guánica Municipio",1,24,176,78,98
050,72,055,"Puerto Rico Commonwealth","Guánica Municipio",1,25,172,87,85
050,72,055,"Puerto Rico Commonwealth","Guánica Municipio",1,26,186,86,100
050,72,055,"Puerto Rico Commonwealth","Guánica Municipio",1,27,177,81,96
050,72,055,"Puerto Rico Commonwealth","Guánica Municipio",1,28,175,84,91
050,72,055,"Puerto Rico Commonwealth","Guánica Municipio",1,29,148,75,73
050,72,055,"Puerto Rico Commonwealth","Guánica Municipio",1,30,167,80,87
050,72,055,"Puerto Rico Commonwealth","Guánica Municipio",1,31,165,77,88
050,72,055,"Puerto Rico Commonwealth","Guánica Municipio",1,32,152,73,79
050,72,055,"Puerto Rico Commonwealth","Guánica Municipio",1,33,132,61,71
050,72,055,"Puerto Rico Commonwealth","Guánica Municipio",1,34,123,53,70
050,72,055,"Puerto Rico Commonwealth","Guánica Municipio",1,35,126,59,67
050,72,055,"Puerto Rico Commonwealth","Guánica Municipio",1,36,146,69,77
050,72,055,"Puerto Rico Commonwealth","Guánica Municipio",1,37,150,66,84
050,72,055,"Puerto Rico Commonwealth","Guánica Municipio",1,38,151,66,85
050,72,055,"Puerto Rico Commonwealth","Guánica Municipio",1,39,157,80,77
050,72,055,"Puerto Rico Commonwealth","Guánica Municipio",1,40,175,88,87
050,72,055,"Puerto Rico Commonwealth","Guánica Municipio",1,41,188,88,100
050,72,055,"Puerto Rico Commonwealth","Guánica Municipio",1,42,185,90,95
050,72,055,"Puerto Rico Commonwealth","Guánica Municipio",1,43,174,84,90
050,72,055,"Puerto Rico Commonwealth","Guánica Municipio",1,44,162,74,88
050,72,055,"Puerto Rico Commonwealth","Guánica Municipio",1,45,168,81,87
050,72,055,"Puerto Rico Commonwealth","Guánica Municipio",1,46,158,78,80
050,72,055,"Puerto Rico Commonwealth","Guánica Municipio",1,47,160,79,81
050,72,055,"Puerto Rico Commonwealth","Guánica Municipio",1,48,175,76,99
050,72,055,"Puerto Rico Commonwealth","Guánica Municipio",1,49,168,69,99
050,72,055,"Puerto Rico Commonwealth","Guánica Municipio",1,50,180,80,100
050,72,055,"Puerto Rico Commonwealth","Guánica Municipio",1,51,171,87,84
050,72,055,"Puerto Rico Commonwealth","Guánica Municipio",1,52,172,91,81
050,72,055,"Puerto Rico Commonwealth","Guánica Municipio",1,53,169,84,85
050,72,055,"Puerto Rico Commonwealth","Guánica Municipio",1,54,154,72,82
050,72,055,"Puerto Rico Commonwealth","Guánica Municipio",1,55,171,75,96
050,72,055,"Puerto Rico Commonwealth","Guánica Municipio",1,56,173,77,96
050,72,055,"Puerto Rico Commonwealth","Guánica Municipio",1,57,156,66,90
050,72,055,"Puerto Rico Commonwealth","Guánica Municipio",1,58,147,59,88
050,72,055,"Puerto Rico Commonwealth","Guánica Municipio",1,59,171,71,100
050,72,055,"Puerto Rico Commonwealth","Guánica Municipio",1,60,171,77,94
050,72,055,"Puerto Rico Commonwealth","Guánica Municipio",1,61,165,78,87
050,72,055,"Puerto Rico Commonwealth","Guánica Municipio",1,62,167,83,84
050,72,055,"Puerto Rico Commonwealth","Guánica Municipio",1,63,184,90,94
050,72,055,"Puerto Rico Commonwealth","Guánica Municipio",1,64,187,89,98
050,72,055,"Puerto Rico Commonwealth","Guánica Municipio",1,65,184,89,95
050,72,055,"Puerto Rico Commonwealth","Guánica Municipio",1,66,183,83,100
050,72,055,"Puerto Rico Commonwealth","Guánica Municipio",1,67,192,91,101
050,72,055,"Puerto Rico Commonwealth","Guánica Municipio",1,68,188,92,96
050,72,055,"Puerto Rico Commonwealth","Guánica Municipio",1,69,201,96,105
050,72,055,"Puerto Rico Commonwealth","Guánica Municipio",1,70,204,100,104
050,72,055,"Puerto Rico Commonwealth","Guánica Municipio",1,71,192,90,102
050,72,055,"Puerto Rico Commonwealth","Guánica Municipio",1,72,207,104,103
050,72,055,"Puerto Rico Commonwealth","Guánica Municipio",1,73,205,107,98
050,72,055,"Puerto Rico Commonwealth","Guánica Municipio",1,74,180,94,86
050,72,055,"Puerto Rico Commonwealth","Guánica Municipio",1,75,177,83,94
050,72,055,"Puerto Rico Commonwealth","Guánica Municipio",1,76,142,58,84
050,72,055,"Puerto Rico Commonwealth","Guánica Municipio",1,77,134,59,75
050,72,055,"Puerto Rico Commonwealth","Guánica Municipio",1,78,126,65,61
050,72,055,"Puerto Rico Commonwealth","Guánica Municipio",1,79,129,61,68
050,72,055,"Puerto Rico Commonwealth","Guánica Municipio",1,80,110,50,60
050,72,055,"Puerto Rico Commonwealth","Guánica Municipio",1,81,98,47,51
050,72,055,"Puerto Rico Commonwealth","Guánica Municipio",1,82,89,42,47
050,72,055,"Puerto Rico Commonwealth","Guánica Municipio",1,83,74,32,42
050,72,055,"Puerto Rico Commonwealth","Guánica Municipio",1,84,67,28,39
050,72,055,"Puerto Rico Commonwealth","Guánica Municipio",1,85,438,193,245
050,72,055,"Puerto Rico Commonwealth","Guánica Municipio",2,0,92,44,48
050,72,055,"Puerto Rico Commonwealth","Guánica Municipio",2,1,91,44,47
050,72,055,"Puerto Rico Commonwealth","Guánica Municipio",2,2,97,44,53
050,72,055,"Puerto Rico Commonwealth","Guánica Municipio",2,3,121,61,60
050,72,055,"Puerto Rico Commonwealth","Guánica Municipio",2,4,124,68,56
050,72,055,"Puerto Rico Commonwealth","Guánica Municipio",2,5,133,74,59
050,72,055,"Puerto Rico Commonwealth","Guánica Municipio",2,6,142,76,66
050,72,055,"Puerto Rico Commonwealth","Guánica Municipio",2,7,143,73,70
050,72,055,"Puerto Rico Commonwealth","Guánica Municipio",2,8,161,82,79
050,72,055,"Puerto Rico Commonwealth","Guánica Municipio",2,9,147,72,75
050,72,055,"Puerto Rico Commonwealth","Guánica Municipio",2,10,149,75,74
050,72,055,"Puerto Rico Commonwealth","Guánica Municipio",2,11,152,77,75
050,72,055,"Puerto Rico Commonwealth","Guánica Municipio",2,12,152,79,73
050,72,055,"Puerto Rico Commonwealth","Guánica Municipio",2,13,155,82,73
050,72,055,"Puerto Rico Commonwealth","Guánica Municipio",2,14,159,78,81
050,72,055,"Puerto Rico Commonwealth","Guánica Municipio",2,15,158,79,79
050,72,055,"Puerto Rico Commonwealth","Guánica Municipio",2,16,156,80,76
050,72,055,"Puerto Rico Commonwealth","Guánica Municipio",2,17,159,87,72
050,72,055,"Puerto Rico Commonwealth","Guánica Municipio",2,18,155,83,72
050,72,055,"Puerto Rico Commonwealth","Guánica Municipio",2,19,161,81,80
050,72,055,"Puerto Rico Commonwealth","Guánica Municipio",2,20,150,78,72
050,72,055,"Puerto Rico Commonwealth","Guánica Municipio",2,21,165,89,76
050,72,055,"Puerto Rico Commonwealth","Guánica Municipio",2,22,168,81,87
050,72,055,"Puerto Rico Commonwealth","Guánica Municipio",2,23,168,84,84
050,72,055,"Puerto Rico Commonwealth","Guánica Municipio",2,24,174,80,94
050,72,055,"Puerto Rico Commonwealth","Guánica Municipio",2,25,170,83,87
050,72,055,"Puerto Rico Commonwealth","Guánica Municipio",2,26,181,86,95
050,72,055,"Puerto Rico Commonwealth","Guánica Municipio",2,27,177,81,96
050,72,055,"Puerto Rico Commonwealth","Guánica Municipio",2,28,173,82,91
050,72,055,"Puerto Rico Commonwealth","Guánica Municipio",2,29,153,76,77
050,72,055,"Puerto Rico Commonwealth","Guánica Municipio",2,30,160,78,82
050,72,055,"Puerto Rico Commonwealth","Guánica Municipio",2,31,164,77,87
050,72,055,"Puerto Rico Commonwealth","Guánica Municipio",2,32,153,73,80
050,72,055,"Puerto Rico Commonwealth","Guánica Municipio",2,33,135,63,72
050,72,055,"Puerto Rico Commonwealth","Guánica Municipio",2,34,124,55,69
050,72,055,"Puerto Rico Commonwealth","Guánica Municipio",2,35,124,57,67
050,72,055,"Puerto Rico Commonwealth","Guánica Municipio",2,36,141,67,74
050,72,055,"Puerto Rico Commonwealth","Guánica Municipio",2,37,147,66,81
050,72,055,"Puerto Rico Commonwealth","Guánica Municipio",2,38,150,66,84
050,72,055,"Puerto Rico Commonwealth","Guánica Municipio",2,39,156,77,79
050,72,055,"Puerto Rico Commonwealth","Guánica Municipio",2,40,170,86,84
050,72,055,"Puerto Rico Commonwealth","Guánica Municipio",2,41,185,88,97
050,72,055,"Puerto Rico Commonwealth","Guánica Municipio",2,42,186,90,96
050,72,055,"Puerto Rico Commonwealth","Guánica Municipio",2,43,177,85,92
050,72,055,"Puerto Rico Commonwealth","Guánica Municipio",2,44,165,77,88
050,72,055,"Puerto Rico Commonwealth","Guánica Municipio",2,45,166,79,87
050,72,055,"Puerto Rico Commonwealth","Guánica Municipio",2,46,161,79,82
050,72,055,"Puerto Rico Commonwealth","Guánica Municipio",2,47,159,78,81
050,72,055,"Puerto Rico Commonwealth","Guánica Municipio",2,48,171,77,94
050,72,055,"Puerto Rico Commonwealth","Guánica Municipio",2,49,169,70,99
050,72,055,"Puerto Rico Commonwealth","Guánica Municipio",2,50,177,77,100
050,72,055,"Puerto Rico Commonwealth","Guánica Municipio",2,51,173,85,88
050,72,055,"Puerto Rico Commonwealth","Guánica Municipio",2,52,172,90,82
050,72,055,"Puerto Rico Commonwealth","Guánica Municipio",2,53,170,86,84
050,72,055,"Puerto Rico Commonwealth","Guánica Municipio",2,54,158,75,83
050,72,055,"Puerto Rico Commonwealth","Guánica Municipio",2,55,166,74,92
050,72,055,"Puerto Rico Commonwealth","Guánica Municipio",2,56,173,77,96
050,72,055,"Puerto Rico Commonwealth","Guánica Municipio",2,57,161,69,92
050,72,055,"Puerto Rico Commonwealth","Guánica Municipio",2,58,148,60,88
050,72,055,"Puerto Rico Commonwealth","Guánica Municipio",2,59,165,68,97
050,72,055,"Puerto Rico Commonwealth","Guánica Municipio",2,60,172,76,96
050,72,055,"Puerto Rico Commonwealth","Guánica Municipio",2,61,166,78,88
050,72,055,"Puerto Rico Commonwealth","Guánica Municipio",2,62,166,81,85
050,72,055,"Puerto Rico Commonwealth","Guánica Municipio",2,63,180,89,91
050,72,055,"Puerto Rico Commonwealth","Guánica Municipio",2,64,186,89,97
050,72,055,"Puerto Rico Commonwealth","Guánica Municipio",2,65,183,88,95
050,72,055,"Puerto Rico Commonwealth","Guánica Municipio",2,66,182,84,98
050,72,055,"Puerto Rico Commonwealth","Guánica Municipio",2,67,189,89,100
050,72,055,"Puerto Rico Commonwealth","Guánica Municipio",2,68,186,91,95
050,72,055,"Puerto Rico Commonwealth","Guánica Municipio",2,69,193,92,101
050,72,055,"Puerto Rico Commonwealth","Guánica Municipio",2,70,201,99,102
050,72,055,"Puerto Rico Commonwealth","Guánica Municipio",2,71,195,93,102
050,72,055,"Puerto Rico Commonwealth","Guánica Municipio",2,72,197,96,101
050,72,055,"Puerto Rico Commonwealth","Guánica Municipio",2,73,203,104,99
050,72,055,"Puerto Rico Commonwealth","Guánica Municipio",2,74,185,97,88
050,72,055,"Puerto Rico Commonwealth","Guánica Municipio",2,75,173,84,89
050,72,055,"Puerto Rico Commonwealth","Guánica Municipio",2,76,150,65,85
050,72,055,"Puerto Rico Commonwealth","Guánica Municipio",2,77,134,58,76
050,72,055,"Puerto Rico Commonwealth","Guánica Municipio",2,78,126,63,63
050,72,055,"Puerto Rico Commonwealth","Guánica Municipio",2,79,125,61,64
050,72,055,"Puerto Rico Commonwealth","Guánica Municipio",2,80,112,51,61
050,72,055,"Puerto Rico Commonwealth","Guánica Municipio",2,81,97,47,50
050,72,055,"Puerto Rico Commonwealth","Guánica Municipio",2,82,87,41,46
050,72,055,"Puerto Rico Commonwealth","Guánica Municipio",2,83,77,34,43
050,72,055,"Puerto Rico Commonwealth","Guánica Municipio",2,84,66,29,37
050,72,055,"Puerto Rico Commonwealth","Guánica Municipio",2,85,443,196,247
050,72,055,"Puerto Rico Commonwealth","Guánica Municipio",3,0,56,26,30
050,72,055,"Puerto Rico Commonwealth","Guánica Municipio",3,1,92,44,48
050,72,055,"Puerto Rico Commonwealth","Guánica Municipio",3,2,90,44,46
050,72,055,"Puerto Rico Commonwealth","Guánica Municipio",3,3,95,43,52
050,72,055,"Puerto Rico Commonwealth","Guánica Municipio",3,4,119,60,59
050,72,055,"Puerto Rico Commonwealth","Guánica Municipio",3,5,122,67,55
050,72,055,"Puerto Rico Commonwealth","Guánica Municipio",3,6,129,72,57
050,72,055,"Puerto Rico Commonwealth","Guánica Municipio",3,7,138,74,64
050,72,055,"Puerto Rico Commonwealth","Guánica Municipio",3,8,139,71,68
050,72,055,"Puerto Rico Commonwealth","Guánica Municipio",3,9,157,80,77
050,72,055,"Puerto Rico Commonwealth","Guánica Municipio",3,10,143,70,73
050,72,055,"Puerto Rico Commonwealth","Guánica Municipio",3,11,144,72,72
050,72,055,"Puerto Rico Commonwealth","Guánica Municipio",3,12,147,74,73
050,72,055,"Puerto Rico Commonwealth","Guánica Municipio",3,13,147,76,71
050,72,055,"Puerto Rico Commonwealth","Guánica Municipio",3,14,149,79,70
050,72,055,"Puerto Rico Commonwealth","Guánica Municipio",3,15,154,75,79
050,72,055,"Puerto Rico Commonwealth","Guánica Municipio",3,16,153,76,77
050,72,055,"Puerto Rico Commonwealth","Guánica Municipio",3,17,151,77,74
050,72,055,"Puerto Rico Commonwealth","Guánica Municipio",3,18,152,83,69
050,72,055,"Puerto Rico Commonwealth","Guánica Municipio",3,19,148,80,68
050,72,055,"Puerto Rico Commonwealth","Guánica Municipio",3,20,156,78,78
050,72,055,"Puerto Rico Commonwealth","Guánica Municipio",3,21,145,75,70
050,72,055,"Puerto Rico Commonwealth","Guánica Municipio",3,22,160,86,74
050,72,055,"Puerto Rico Commonwealth","Guánica Municipio",3,23,163,78,85
050,72,055,"Puerto Rico Commonwealth","Guánica Municipio",3,24,164,83,81
050,72,055,"Puerto Rico Commonwealth","Guánica Municipio",3,25,168,76,92
050,72,055,"Puerto Rico Commonwealth","Guánica Municipio",3,26,163,79,84
050,72,055,"Puerto Rico Commonwealth","Guánica Municipio",3,27,175,83,92
050,72,055,"Puerto Rico Commonwealth","Guánica Municipio",3,28,172,78,94
050,72,055,"Puerto Rico Commonwealth","Guánica Municipio",3,29,168,79,89
050,72,055,"Puerto Rico Commonwealth","Guánica Municipio",3,30,149,74,75
050,72,055,"Puerto Rico Commonwealth","Guánica Municipio",3,31,156,77,79
050,72,055,"Puerto Rico Commonwealth","Guánica Municipio",3,32,161,76,85
050,72,055,"Puerto Rico Commonwealth","Guánica Municipio",3,33,149,71,78
050,72,055,"Puerto Rico Commonwealth","Guánica Municipio",3,34,132,62,70
050,72,055,"Puerto Rico Commonwealth","Guánica Municipio",3,35,121,54,67
050,72,055,"Puerto Rico Commonwealth","Guánica Municipio",3,36,120,55,65
050,72,055,"Puerto Rico Commonwealth","Guánica Municipio",3,37,138,66,72
050,72,055,"Puerto Rico Commonwealth","Guánica Municipio",3,38,143,64,79
050,72,055,"Puerto Rico Commonwealth","Guánica Municipio",3,39,147,65,82
050,72,055,"Puerto Rico Commonwealth","Guánica Municipio",3,40,151,74,77
050,72,055,"Puerto Rico Commonwealth","Guánica Municipio",3,41,166,84,82
050,72,055,"Puerto Rico Commonwealth","Guánica Municipio",3,42,181,86,95
050,72,055,"Puerto Rico Commonwealth","Guánica Municipio",3,43,182,89,93
050,72,055,"Puerto Rico Commonwealth","Guánica Municipio",3,44,172,82,90
050,72,055,"Puerto Rico Commonwealth","Guánica Municipio",3,45,161,74,87
050,72,055,"Puerto Rico Commonwealth","Guánica Municipio",3,46,162,78,84
050,72,055,"Puerto Rico Commonwealth","Guánica Municipio",3,47,160,78,82
050,72,055,"Puerto Rico Commonwealth","Guánica Municipio",3,48,155,77,78
050,72,055,"Puerto Rico Commonwealth","Guánica Municipio",3,49,168,76,92
050,72,055,"Puerto Rico Commonwealth","Guánica Municipio",3,50,163,68,95
050,72,055,"Puerto Rico Commonwealth","Guánica Municipio",3,51,172,75,97
050,72,055,"Puerto Rico Commonwealth","Guánica Municipio",3,52,169,83,86
050,72,055,"Puerto Rico Commonwealth","Guánica Municipio",3,53,167,87,80
050,72,055,"Puerto Rico Commonwealth","Guánica Municipio",3,54,162,83,79
050,72,055,"Puerto Rico Commonwealth","Guánica Municipio",3,55,153,74,79
050,72,055,"Puerto Rico Commonwealth","Guánica Municipio",3,56,161,72,89
050,72,055,"Puerto Rico Commonwealth","Guánica Municipio",3,57,166,73,93
050,72,055,"Puerto Rico Commonwealth","Guánica Municipio",3,58,159,68,91
050,72,055,"Puerto Rico Commonwealth","Guánica Municipio",3,59,141,56,85
050,72,055,"Puerto Rico Commonwealth","Guánica Municipio",3,60,163,67,96
050,72,055,"Puerto Rico Commonwealth","Guánica Municipio",3,61,165,72,93
050,72,055,"Puerto Rico Commonwealth","Guánica Municipio",3,62,164,76,88
050,72,055,"Puerto Rico Commonwealth","Guánica Municipio",3,63,162,80,82
050,72,055,"Puerto Rico Commonwealth","Guánica Municipio",3,64,177,87,90
050,72,055,"Puerto Rico Commonwealth","Guánica Municipio",3,65,181,87,94
050,72,055,"Puerto Rico Commonwealth","Guánica Municipio",3,66,177,84,93
050,72,055,"Puerto Rico Commonwealth","Guánica Municipio",3,67,175,81,94
050,72,055,"Puerto Rico Commonwealth","Guánica Municipio",3,68,184,87,97
050,72,055,"Puerto Rico Commonwealth","Guánica Municipio",3,69,178,87,91
050,72,055,"Puerto Rico Commonwealth","Guánica Municipio",3,70,187,89,98
050,72,055,"Puerto Rico Commonwealth","Guánica Municipio",3,71,194,95,99
050,72,055,"Puerto Rico Commonwealth","Guánica Municipio",3,72,189,90,99
050,72,055,"Puerto Rico Commonwealth","Guánica Municipio",3,73,186,91,95
050,72,055,"Puerto Rico Commonwealth","Guánica Municipio",3,74,192,99,93
050,72,055,"Puerto Rico Commonwealth","Guánica Municipio",3,75,176,94,82
050,72,055,"Puerto Rico Commonwealth","Guánica Municipio",3,76,166,81,85
050,72,055,"Puerto Rico Commonwealth","Guánica Municipio",3,77,141,61,80
050,72,055,"Puerto Rico Commonwealth","Guánica Municipio",3,78,123,55,68
050,72,055,"Puerto Rico Commonwealth","Guánica Municipio",3,79,123,62,61
050,72,055,"Puerto Rico Commonwealth","Guánica Municipio",3,80,121,58,63
050,72,055,"Puerto Rico Commonwealth","Guánica Municipio",3,81,99,42,57
050,72,055,"Puerto Rico Commonwealth","Guánica Municipio",3,82,92,46,46
050,72,055,"Puerto Rico Commonwealth","Guánica Municipio",3,83,82,39,43
050,72,055,"Puerto Rico Commonwealth","Guánica Municipio",3,84,70,31,39
050,72,055,"Puerto Rico Commonwealth","Guánica Municipio",3,85,463,210,253
050,72,055,"Puerto Rico Commonwealth","Guánica Municipio",4,0,68,42,26
050,72,055,"Puerto Rico Commonwealth","Guánica Municipio",4,1,54,25,29
050,72,055,"Puerto Rico Commonwealth","Guánica Municipio",4,2,89,43,46
050,72,055,"Puerto Rico Commonwealth","Guánica Municipio",4,3,87,43,44
050,72,055,"Puerto Rico Commonwealth","Guánica Municipio",4,4,91,41,50
050,72,055,"Puerto Rico Commonwealth","Guánica Municipio",4,5,115,58,57
050,72,055,"Puerto Rico Commonwealth","Guánica Municipio",4,6,118,65,53
050,72,055,"Puerto Rico Commonwealth","Guánica Municipio",4,7,124,69,55
050,72,055,"Puerto Rico Commonwealth","Guánica Municipio",4,8,133,71,62
050,72,055,"Puerto Rico Commonwealth","Guánica Municipio",4,9,133,68,65
050,72,055,"Puerto Rico Commonwealth","Guánica Municipio",4,10,151,77,74
050,72,055,"Puerto Rico Commonwealth","Guánica Municipio",4,11,137,67,70
050,72,055,"Puerto Rico Commonwealth","Guánica Municipio",4,12,138,69,69
050,72,055,"Puerto Rico Commonwealth","Guánica Municipio",4,13,141,71,70
050,72,055,"Puerto Rico Commonwealth","Guánica Municipio",4,14,140,72,68
050,72,055,"Puerto Rico Commonwealth","Guánica Municipio",4,15,142,75,67
050,72,055,"Puerto Rico Commonwealth","Guánica Municipio",4,16,147,71,76
050,72,055,"Puerto Rico Commonwealth","Guánica Municipio",4,17,145,72,73
050,72,055,"Puerto Rico Commonwealth","Guánica Municipio",4,18,142,72,70
050,72,055,"Puerto Rico Commonwealth","Guánica Municipio",4,19,143,78,65
050,72,055,"Puerto Rico Commonwealth","Guánica Municipio",4,20,141,76,65
050,72,055,"Puerto Rico Commonwealth","Guánica Municipio",4,21,149,74,75
050,72,055,"Puerto Rico Commonwealth","Guánica Municipio",4,22,137,70,67
050,72,055,"Puerto Rico Commonwealth","Guánica Municipio",4,23,153,82,71
050,72,055,"Puerto Rico Commonwealth","Guánica Municipio",4,24,159,77,82
050,72,055,"Puerto Rico Commonwealth","Guánica Municipio",4,25,158,80,78
050,72,055,"Puerto Rico Commonwealth","Guánica Municipio",4,26,161,72,89
050,72,055,"Puerto Rico Commonwealth","Guánica Municipio",4,27,155,75,80
050,72,055,"Puerto Rico Commonwealth","Guánica Municipio",4,28,167,79,88
050,72,055,"Puerto Rico Commonwealth","Guánica Municipio",4,29,163,72,91
050,72,055,"Puerto Rico Commonwealth","Guánica Municipio",4,30,162,76,86
050,72,055,"Puerto Rico Commonwealth","Guánica Municipio",4,31,143,71,72
050,72,055,"Puerto Rico Commonwealth","Guánica Municipio",4,32,152,76,76
050,72,055,"Puerto Rico Commonwealth","Guánica Municipio",4,33,153,72,81
050,72,055,"Puerto Rico Commonwealth","Guánica Municipio",4,34,143,68,75
050,72,055,"Puerto Rico Commonwealth","Guánica Municipio",4,35,127,60,67
050,72,055,"Puerto Rico Commonwealth","Guánica Municipio",4,36,117,52,65
050,72,055,"Puerto Rico Commonwealth","Guánica Municipio",4,37,115,53,62
050,72,055,"Puerto Rico Commonwealth","Guánica Municipio",4,38,132,63,69
050,72,055,"Puerto Rico Commonwealth","Guánica Municipio",4,39,137,61,76
050,72,055,"Puerto Rico Commonwealth","Guánica Municipio",4,40,142,63,79
050,72,055,"Puerto Rico Commonwealth","Guánica Municipio",4,41,145,70,75
050,72,055,"Puerto Rico Commonwealth","Guánica Municipio",4,42,159,81,78
050,72,055,"Puerto Rico Commonwealth","Guánica Municipio",4,43,177,84,93
050,72,055,"Puerto Rico Commonwealth","Guánica Municipio",4,44,177,86,91
050,72,055,"Puerto Rico Commonwealth","Guánica Municipio",4,45,170,80,90
050,72,055,"Puerto Rico Commonwealth","Guánica Municipio",4,46,155,71,84
050,72,055,"Puerto Rico Commonwealth","Guánica Municipio",4,47,158,76,82
050,72,055,"Puerto Rico Commonwealth","Guánica Municipio",4,48,155,76,79
050,72,055,"Puerto Rico Commonwealth","Guánica Municipio",4,49,151,75,76
050,72,055,"Puerto Rico Commonwealth","Guánica Municipio",4,50,164,74,90
050,72,055,"Puerto Rico Commonwealth","Guánica Municipio",4,51,158,66,92
050,72,055,"Puerto Rico Commonwealth","Guánica Municipio",4,52,167,72,95
050,72,055,"Puerto Rico Commonwealth","Guánica Municipio",4,53,165,80,85
050,72,055,"Puerto Rico Commonwealth","Guánica Municipio",4,54,161,84,77
050,72,055,"Puerto Rico Commonwealth","Guánica Municipio",4,55,155,78,77
050,72,055,"Puerto Rico Commonwealth","Guánica Municipio",4,56,151,73,78
050,72,055,"Puerto Rico Commonwealth","Guánica Municipio",4,57,155,70,85
050,72,055,"Puerto Rico Commonwealth","Guánica Municipio",4,58,161,71,90
050,72,055,"Puerto Rico Commonwealth","Guánica Municipio",4,59,155,66,89
050,72,055,"Puerto Rico Commonwealth","Guánica Municipio",4,60,140,55,85
050,72,055,"Puerto Rico Commonwealth","Guánica Municipio",4,61,156,65,91
050,72,055,"Puerto Rico Commonwealth","Guánica Municipio",4,62,159,69,90
050,72,055,"Puerto Rico Commonwealth","Guánica Municipio",4,63,158,73,85
050,72,055,"Puerto Rico Commonwealth","Guánica Municipio",4,64,160,79,81
050,72,055,"Puerto Rico Commonwealth","Guánica Municipio",4,65,173,86,87
050,72,055,"Puerto Rico Commonwealth","Guánica Municipio",4,66,175,84,91
050,72,055,"Puerto Rico Commonwealth","Guánica Municipio",4,67,170,81,89
050,72,055,"Puerto Rico Commonwealth","Guánica Municipio",4,68,171,78,93
050,72,055,"Puerto Rico Commonwealth","Guánica Municipio",4,69,177,84,93
050,72,055,"Puerto Rico Commonwealth","Guánica Municipio",4,70,170,83,87
050,72,055,"Puerto Rico Commonwealth","Guánica Municipio",4,71,179,84,95
050,72,055,"Puerto Rico Commonwealth","Guánica Municipio",4,72,189,94,95
050,72,055,"Puerto Rico Commonwealth","Guánica Municipio",4,73,179,85,94
050,72,055,"Puerto Rico Commonwealth","Guánica Municipio",4,74,182,88,94
050,72,055,"Puerto Rico Commonwealth","Guánica Municipio",4,75,177,90,87
050,72,055,"Puerto Rico Commonwealth","Guánica Municipio",4,76,167,89,78
050,72,055,"Puerto Rico Commonwealth","Guánica Municipio",4,77,162,79,83
050,72,055,"Puerto Rico Commonwealth","Guánica Municipio",4,78,133,57,76
050,72,055,"Puerto Rico Commonwealth","Guánica Municipio",4,79,118,52,66
050,72,055,"Puerto Rico Commonwealth","Guánica Municipio",4,80,113,57,56
050,72,055,"Puerto Rico Commonwealth","Guánica Municipio",4,81,111,51,60
050,72,055,"Puerto Rico Commonwealth","Guánica Municipio",4,82,91,36,55
050,72,055,"Puerto Rico Commonwealth","Guánica Municipio",4,83,86,43,43
050,72,055,"Puerto Rico Commonwealth","Guánica Municipio",4,84,73,32,41
050,72,055,"Puerto Rico Commonwealth","Guánica Municipio",4,85,479,216,263
050,72,055,"Puerto Rico Commonwealth","Guánica Municipio",5,0,87,43,44
050,72,055,"Puerto Rico Commonwealth","Guánica Municipio",5,1,68,42,26
050,72,055,"Puerto Rico Commonwealth","Guánica Municipio",5,2,52,24,28
050,72,055,"Puerto Rico Commonwealth","Guánica Municipio",5,3,87,42,45
050,72,055,"Puerto Rico Commonwealth","Guánica Municipio",5,4,85,42,43
050,72,055,"Puerto Rico Commonwealth","Guánica Municipio",5,5,89,40,49
050,72,055,"Puerto Rico Commonwealth","Guánica Municipio",5,6,113,57,56
050,72,055,"Puerto Rico Commonwealth","Guánica Municipio",5,7,116,64,52
050,72,055,"Puerto Rico Commonwealth","Guánica Municipio",5,8,121,67,54
050,72,055,"Puerto Rico Commonwealth","Guánica Municipio",5,9,130,70,60
050,72,055,"Puerto Rico Commonwealth","Guánica Municipio",5,10,129,66,63
050,72,055,"Puerto Rico Commonwealth","Guánica Municipio",5,11,147,75,72
050,72,055,"Puerto Rico Commonwealth","Guánica Municipio",5,12,133,65,68
050,72,055,"Puerto Rico Commonwealth","Guánica Municipio",5,13,134,67,67
050,72,055,"Puerto Rico Commonwealth","Guánica Municipio",5,14,137,69,68
050,72,055,"Puerto Rico Commonwealth","Guánica Municipio",5,15,135,69,66
050,72,055,"Puerto Rico Commonwealth","Guánica Municipio",5,16,138,73,65
050,72,055,"Puerto Rico Commonwealth","Guánica Municipio",5,17,143,69,74
050,72,055,"Puerto Rico Commonwealth","Guánica Municipio",5,18,139,69,70
050,72,055,"Puerto Rico Commonwealth","Guánica Municipio",5,19,135,68,67
050,72,055,"Puerto Rico Commonwealth","Guánica Municipio",5,20,138,75,63
050,72,055,"Puerto Rico Commonwealth","Guánica Municipio",5,21,137,74,63
050,72,055,"Puerto Rico Commonwealth","Guánica Municipio",5,22,146,72,74
050,72,055,"Puerto Rico Commonwealth","Guánica Municipio",5,23,133,67,66
050,72,055,"Puerto Rico Commonwealth","Guánica Municipio",5,24,152,83,69
050,72,055,"Puerto Rico Commonwealth","Guánica Municipio",5,25,154,74,80
050,72,055,"Puerto Rico Commonwealth","Guánica Municipio",5,26,154,78,76
050,72,055,"Puerto Rico Commonwealth","Guánica Municipio",5,27,156,69,87
050,72,055,"Puerto Rico Commonwealth","Guánica Municipio",5,28,151,73,78
050,72,055,"Puerto Rico Commonwealth","Guánica Municipio",5,29,161,76,85
050,72,055,"Puerto Rico Commonwealth","Guánica Municipio",5,30,159,70,89
050,72,055,"Puerto Rico Commonwealth","Guánica Municipio",5,31,159,75,84
050,72,055,"Puerto Rico Commonwealth","Guánica Municipio",5,32,140,70,70
050,72,055,"Puerto Rico Commonwealth","Guánica Municipio",5,33,146,72,74
050,72,055,"Puerto Rico Commonwealth","Guánica Municipio",5,34,148,69,79
050,72,055,"Puerto Rico Commonwealth","Guánica Municipio",5,35,140,67,73
050,72,055,"Puerto Rico Commonwealth","Guánica Municipio",5,36,124,59,65
050,72,055,"Puerto Rico Commonwealth","Guánica Municipio",5,37,115,51,64
050,72,055,"Puerto Rico Commonwealth","Guánica Municipio",5,38,110,50,60
050,72,055,"Puerto Rico Commonwealth","Guánica Municipio",5,39,130,63,67
050,72,055,"Puerto Rico Commonwealth","Guánica Municipio",5,40,134,59,75
050,72,055,"Puerto Rico Commonwealth","Guánica Municipio",5,41,140,62,78
050,72,055,"Puerto Rico Commonwealth","Guánica Municipio",5,42,142,68,74
050,72,055,"Puerto Rico Commonwealth","Guánica Municipio",5,43,156,80,76
050,72,055,"Puerto Rico Commonwealth","Guánica Municipio",5,44,173,82,91
050,72,055,"Puerto Rico Commonwealth","Guánica Municipio",5,45,173,83,90
050,72,055,"Puerto Rico Commonwealth","Guánica Municipio",5,46,164,78,86
050,72,055,"Puerto Rico Commonwealth","Guánica Municipio",5,47,151,68,83
050,72,055,"Puerto Rico Commonwealth","Guánica Municipio",5,48,153,73,80
050,72,055,"Puerto Rico Commonwealth","Guánica Municipio",5,49,152,74,78
050,72,055,"Puerto Rico Commonwealth","Guánica Municipio",5,50,146,72,74
050,72,055,"Puerto Rico Commonwealth","Guánica Municipio",5,51,160,72,88
050,72,055,"Puerto Rico Commonwealth","Guánica Municipio",5,52,155,65,90
050,72,055,"Puerto Rico Commonwealth","Guánica Municipio",5,53,163,68,95
050,72,055,"Puerto Rico Commonwealth","Guánica Municipio",5,54,160,79,81
050,72,055,"Puerto Rico Commonwealth","Guánica Municipio",5,55,157,81,76
050,72,055,"Puerto Rico Commonwealth","Guánica Municipio",5,56,151,76,75
050,72,055,"Puerto Rico Commonwealth","Guánica Municipio",5,57,146,70,76
050,72,055,"Puerto Rico Commonwealth","Guánica Municipio",5,58,153,69,84
050,72,055,"Puerto Rico Commonwealth","Guánica Municipio",5,59,157,68,89
050,72,055,"Puerto Rico Commonwealth","Guánica Municipio",5,60,155,65,90
050,72,055,"Puerto Rico Commonwealth","Guánica Municipio",5,61,134,53,81
050,72,055,"Puerto Rico Commonwealth","Guánica Municipio",5,62,153,63,90
050,72,055,"Puerto Rico Commonwealth","Guánica Municipio",5,63,155,67,88
050,72,055,"Puerto Rico Commonwealth","Guánica Municipio",5,64,152,68,84
050,72,055,"Puerto Rico Commonwealth","Guánica Municipio",5,65,154,78,76
050,72,055,"Puerto Rico Commonwealth","Guánica Municipio",5,66,166,81,85
050,72,055,"Puerto Rico Commonwealth","Guánica Municipio",5,67,172,83,89
050,72,055,"Puerto Rico Commonwealth","Guánica Municipio",5,68,166,80,86
050,72,055,"Puerto Rico Commonwealth","Guánica Municipio",5,69,166,76,90
050,72,055,"Puerto Rico Commonwealth","Guánica Municipio",5,70,168,79,89
050,72,055,"Puerto Rico Commonwealth","Guánica Municipio",5,71,165,80,85
050,72,055,"Puerto Rico Commonwealth","Guánica Municipio",5,72,170,79,91
050,72,055,"Puerto Rico Commonwealth","Guánica Municipio",5,73,179,90,89
050,72,055,"Puerto Rico Commonwealth","Guánica Municipio",5,74,172,82,90
050,72,055,"Puerto Rico Commonwealth","Guánica Municipio",5,75,166,85,81
050,72,055,"Puerto Rico Commonwealth","Guánica Municipio",5,76,164,85,79
050,72,055,"Puerto Rico Commonwealth","Guánica Municipio",5,77,158,83,75
050,72,055,"Puerto Rico Commonwealth","Guánica Municipio",5,78,155,75,80
050,72,055,"Puerto Rico Commonwealth","Guánica Municipio",5,79,131,56,75
050,72,055,"Puerto Rico Commonwealth","Guánica Municipio",5,80,109,47,62
050,72,055,"Puerto Rico Commonwealth","Guánica Municipio",5,81,101,53,48
050,72,055,"Puerto Rico Commonwealth","Guánica Municipio",5,82,100,46,54
050,72,055,"Puerto Rico Commonwealth","Guánica Municipio",5,83,85,33,52
050,72,055,"Puerto Rico Commonwealth","Guánica Municipio",5,84,78,40,38
050,72,055,"Puerto Rico Commonwealth","Guánica Municipio",5,85,484,210,274
050,72,057,"Puerto Rico Commonwealth","Guayama Municipio",1,0,212,99,113
050,72,057,"Puerto Rico Commonwealth","Guayama Municipio",1,1,235,120,115
050,72,057,"Puerto Rico Commonwealth","Guayama Municipio",1,2,221,105,116
050,72,057,"Puerto Rico Commonwealth","Guayama Municipio",1,3,255,130,125
050,72,057,"Puerto Rico Commonwealth","Guayama Municipio",1,4,296,156,140
050,72,057,"Puerto Rico Commonwealth","Guayama Municipio",1,5,305,156,149
050,72,057,"Puerto Rico Commonwealth","Guayama Municipio",1,6,316,168,148
050,72,057,"Puerto Rico Commonwealth","Guayama Municipio",1,7,363,190,173
050,72,057,"Puerto Rico Commonwealth","Guayama Municipio",1,8,385,194,191
050,72,057,"Puerto Rico Commonwealth","Guayama Municipio",1,9,379,180,199
050,72,057,"Puerto Rico Commonwealth","Guayama Municipio",1,10,414,201,213
050,72,057,"Puerto Rico Commonwealth","Guayama Municipio",1,11,432,222,210
050,72,057,"Puerto Rico Commonwealth","Guayama Municipio",1,12,427,223,204
050,72,057,"Puerto Rico Commonwealth","Guayama Municipio",1,13,454,236,218
050,72,057,"Puerto Rico Commonwealth","Guayama Municipio",1,14,453,233,220
050,72,057,"Puerto Rico Commonwealth","Guayama Municipio",1,15,455,232,223
050,72,057,"Puerto Rico Commonwealth","Guayama Municipio",1,16,495,259,236
050,72,057,"Puerto Rico Commonwealth","Guayama Municipio",1,17,482,244,238
050,72,057,"Puerto Rico Commonwealth","Guayama Municipio",1,18,498,265,233
050,72,057,"Puerto Rico Commonwealth","Guayama Municipio",1,19,515,286,229
050,72,057,"Puerto Rico Commonwealth","Guayama Municipio",1,20,504,273,231
050,72,057,"Puerto Rico Commonwealth","Guayama Municipio",1,21,527,301,226
050,72,057,"Puerto Rico Commonwealth","Guayama Municipio",1,22,553,328,225
050,72,057,"Puerto Rico Commonwealth","Guayama Municipio",1,23,587,348,239
050,72,057,"Puerto Rico Commonwealth","Guayama Municipio",1,24,610,359,251
050,72,057,"Puerto Rico Commonwealth","Guayama Municipio",1,25,592,347,245
050,72,057,"Puerto Rico Commonwealth","Guayama Municipio",1,26,589,353,236
050,72,057,"Puerto Rico Commonwealth","Guayama Municipio",1,27,605,374,231
050,72,057,"Puerto Rico Commonwealth","Guayama Municipio",1,28,594,373,221
050,72,057,"Puerto Rico Commonwealth","Guayama Municipio",1,29,581,338,243
050,72,057,"Puerto Rico Commonwealth","Guayama Municipio",1,30,539,302,237
050,72,057,"Puerto Rico Commonwealth","Guayama Municipio",1,31,505,282,223
050,72,057,"Puerto Rico Commonwealth","Guayama Municipio",1,32,474,255,219
050,72,057,"Puerto Rico Commonwealth","Guayama Municipio",1,33,478,244,234
050,72,057,"Puerto Rico Commonwealth","Guayama Municipio",1,34,447,231,216
050,72,057,"Puerto Rico Commonwealth","Guayama Municipio",1,35,443,220,223
050,72,057,"Puerto Rico Commonwealth","Guayama Municipio",1,36,414,193,221
050,72,057,"Puerto Rico Commonwealth","Guayama Municipio",1,37,422,197,225
050,72,057,"Puerto Rico Commonwealth","Guayama Municipio",1,38,423,187,236
050,72,057,"Puerto Rico Commonwealth","Guayama Municipio",1,39,464,216,248
050,72,057,"Puerto Rico Commonwealth","Guayama Municipio",1,40,464,211,253
050,72,057,"Puerto Rico Commonwealth","Guayama Municipio",1,41,441,211,230
050,72,057,"Puerto Rico Commonwealth","Guayama Municipio",1,42,458,228,230
050,72,057,"Puerto Rico Commonwealth","Guayama Municipio",1,43,442,213,229
050,72,057,"Puerto Rico Commonwealth","Guayama Municipio",1,44,448,211,237
050,72,057,"Puerto Rico Commonwealth","Guayama Municipio",1,45,449,214,235
050,72,057,"Puerto Rico Commonwealth","Guayama Municipio",1,46,452,205,247
050,72,057,"Puerto Rico Commonwealth","Guayama Municipio",1,47,464,236,228
050,72,057,"Puerto Rico Commonwealth","Guayama Municipio",1,48,490,242,248
050,72,057,"Puerto Rico Commonwealth","Guayama Municipio",1,49,487,229,258
050,72,057,"Puerto Rico Commonwealth","Guayama Municipio",1,50,484,233,251
050,72,057,"Puerto Rico Commonwealth","Guayama Municipio",1,51,446,225,221
050,72,057,"Puerto Rico Commonwealth","Guayama Municipio",1,52,429,198,231
050,72,057,"Puerto Rico Commonwealth","Guayama Municipio",1,53,448,206,242
050,72,057,"Puerto Rico Commonwealth","Guayama Municipio",1,54,481,210,271
050,72,057,"Puerto Rico Commonwealth","Guayama Municipio",1,55,467,211,256
050,72,057,"Puerto Rico Commonwealth","Guayama Municipio",1,56,448,216,232
050,72,057,"Puerto Rico Commonwealth","Guayama Municipio",1,57,446,214,232
050,72,057,"Puerto Rico Commonwealth","Guayama Municipio",1,58,470,215,255
050,72,057,"Puerto Rico Commonwealth","Guayama Municipio",1,59,463,210,253
050,72,057,"Puerto Rico Commonwealth","Guayama Municipio",1,60,472,221,251
050,72,057,"Puerto Rico Commonwealth","Guayama Municipio",1,61,459,217,242
050,72,057,"Puerto Rico Commonwealth","Guayama Municipio",1,62,463,207,256
050,72,057,"Puerto Rico Commonwealth","Guayama Municipio",1,63,462,201,261
050,72,057,"Puerto Rico Commonwealth","Guayama Municipio",1,64,475,219,256
050,72,057,"Puerto Rico Commonwealth","Guayama Municipio",1,65,463,218,245
050,72,057,"Puerto Rico Commonwealth","Guayama Municipio",1,66,433,190,243
050,72,057,"Puerto Rico Commonwealth","Guayama Municipio",1,67,391,173,218
050,72,057,"Puerto Rico Commonwealth","Guayama Municipio",1,68,373,158,215
050,72,057,"Puerto Rico Commonwealth","Guayama Municipio",1,69,402,178,224
050,72,057,"Puerto Rico Commonwealth","Guayama Municipio",1,70,388,182,206
050,72,057,"Puerto Rico Commonwealth","Guayama Municipio",1,71,383,175,208
050,72,057,"Puerto Rico Commonwealth","Guayama Municipio",1,72,412,183,229
050,72,057,"Puerto Rico Commonwealth","Guayama Municipio",1,73,402,188,214
050,72,057,"Puerto Rico Commonwealth","Guayama Municipio",1,74,360,160,200
050,72,057,"Puerto Rico Commonwealth","Guayama Municipio",1,75,314,142,172
050,72,057,"Puerto Rico Commonwealth","Guayama Municipio",1,76,305,147,158
050,72,057,"Puerto Rico Commonwealth","Guayama Municipio",1,77,265,134,131
050,72,057,"Puerto Rico Commonwealth","Guayama Municipio",1,78,247,116,131
050,72,057,"Puerto Rico Commonwealth","Guayama Municipio",1,79,252,112,140
050,72,057,"Puerto Rico Commonwealth","Guayama Municipio",1,80,210,90,120
050,72,057,"Puerto Rico Commonwealth","Guayama Municipio",1,81,175,74,101
050,72,057,"Puerto Rico Commonwealth","Guayama Municipio",1,82,179,74,105
050,72,057,"Puerto Rico Commonwealth","Guayama Municipio",1,83,168,65,103
050,72,057,"Puerto Rico Commonwealth","Guayama Municipio",1,84,150,61,89
050,72,057,"Puerto Rico Commonwealth","Guayama Municipio",1,85,891,343,548
050,72,057,"Puerto Rico Commonwealth","Guayama Municipio",2,0,204,93,111
050,72,057,"Puerto Rico Commonwealth","Guayama Municipio",2,1,229,115,114
050,72,057,"Puerto Rico Commonwealth","Guayama Municipio",2,2,225,109,116
050,72,057,"Puerto Rico Commonwealth","Guayama Municipio",2,3,247,124,123
050,72,057,"Puerto Rico Commonwealth","Guayama Municipio",2,4,285,149,136
050,72,057,"Puerto Rico Commonwealth","Guayama Municipio",2,5,303,156,147
050,72,057,"Puerto Rico Commonwealth","Guayama Municipio",2,6,313,165,148
050,72,057,"Puerto Rico Commonwealth","Guayama Municipio",2,7,351,185,166
050,72,057,"Puerto Rico Commonwealth","Guayama Municipio",2,8,378,193,185
050,72,057,"Puerto Rico Commonwealth","Guayama Municipio",2,9,379,183,196
050,72,057,"Puerto Rico Commonwealth","Guayama Municipio",2,10,405,196,209
050,72,057,"Puerto Rico Commonwealth","Guayama Municipio",2,11,427,217,210
050,72,057,"Puerto Rico Commonwealth","Guayama Municipio",2,12,426,222,204
050,72,057,"Puerto Rico Commonwealth","Guayama Municipio",2,13,447,233,214
050,72,057,"Puerto Rico Commonwealth","Guayama Municipio",2,14,452,234,218
050,72,057,"Puerto Rico Commonwealth","Guayama Municipio",2,15,453,232,221
050,72,057,"Puerto Rico Commonwealth","Guayama Municipio",2,16,484,252,232
050,72,057,"Puerto Rico Commonwealth","Guayama Municipio",2,17,485,248,237
050,72,057,"Puerto Rico Commonwealth","Guayama Municipio",2,18,493,260,233
050,72,057,"Puerto Rico Commonwealth","Guayama Municipio",2,19,511,282,229
050,72,057,"Puerto Rico Commonwealth","Guayama Municipio",2,20,506,277,229
050,72,057,"Puerto Rico Commonwealth","Guayama Municipio",2,21,522,295,227
050,72,057,"Puerto Rico Commonwealth","Guayama Municipio",2,22,546,322,224
050,72,057,"Puerto Rico Commonwealth","Guayama Municipio",2,23,578,344,234
050,72,057,"Puerto Rico Commonwealth","Guayama Municipio",2,24,604,357,247
050,72,057,"Puerto Rico Commonwealth","Guayama Municipio",2,25,597,351,246
050,72,057,"Puerto Rico Commonwealth","Guayama Municipio",2,26,589,352,237
050,72,057,"Puerto Rico Commonwealth","Guayama Municipio",2,27,600,369,231
050,72,057,"Puerto Rico Commonwealth","Guayama Municipio",2,28,595,372,223
050,72,057,"Puerto Rico Commonwealth","Guayama Municipio",2,29,583,346,237
050,72,057,"Puerto Rico Commonwealth","Guayama Municipio",2,30,549,310,239
050,72,057,"Puerto Rico Commonwealth","Guayama Municipio",2,31,511,285,226
050,72,057,"Puerto Rico Commonwealth","Guayama Municipio",2,32,479,259,220
050,72,057,"Puerto Rico Commonwealth","Guayama Municipio",2,33,476,245,231
050,72,057,"Puerto Rico Commonwealth","Guayama Municipio",2,34,451,231,220
050,72,057,"Puerto Rico Commonwealth","Guayama Municipio",2,35,442,221,221
050,72,057,"Puerto Rico Commonwealth","Guayama Municipio",2,36,418,196,222
050,72,057,"Puerto Rico Commonwealth","Guayama Municipio",2,37,419,195,224
050,72,057,"Puerto Rico Commonwealth","Guayama Municipio",2,38,420,188,232
050,72,057,"Puerto Rico Commonwealth","Guayama Municipio",2,39,451,207,244
050,72,057,"Puerto Rico Commonwealth","Guayama Municipio",2,40,461,210,251
050,72,057,"Puerto Rico Commonwealth","Guayama Municipio",2,41,445,210,235
050,72,057,"Puerto Rico Commonwealth","Guayama Municipio",2,42,451,222,229
050,72,057,"Puerto Rico Commonwealth","Guayama Municipio",2,43,444,216,228
050,72,057,"Puerto Rico Commonwealth","Guayama Municipio",2,44,444,210,234
050,72,057,"Puerto Rico Commonwealth","Guayama Municipio",2,45,447,213,234
050,72,057,"Puerto Rico Commonwealth","Guayama Municipio",2,46,449,206,243
050,72,057,"Puerto Rico Commonwealth","Guayama Municipio",2,47,458,227,231
050,72,057,"Puerto Rico Commonwealth","Guayama Municipio",2,48,482,240,242
050,72,057,"Puerto Rico Commonwealth","Guayama Municipio",2,49,486,231,255
050,72,057,"Puerto Rico Commonwealth","Guayama Municipio",2,50,482,231,251
050,72,057,"Puerto Rico Commonwealth","Guayama Municipio",2,51,454,226,228
050,72,057,"Puerto Rico Commonwealth","Guayama Municipio",2,52,429,202,227
050,72,057,"Puerto Rico Commonwealth","Guayama Municipio",2,53,441,203,238
050,72,057,"Puerto Rico Commonwealth","Guayama Municipio",2,54,470,208,262
050,72,057,"Puerto Rico Commonwealth","Guayama Municipio",2,55,468,209,259
050,72,057,"Puerto Rico Commonwealth","Guayama Municipio",2,56,450,213,237
050,72,057,"Puerto Rico Commonwealth","Guayama Municipio",2,57,444,213,231
050,72,057,"Puerto Rico Commonwealth","Guayama Municipio",2,58,459,211,248
050,72,057,"Puerto Rico Commonwealth","Guayama Municipio",2,59,463,210,253
050,72,057,"Puerto Rico Commonwealth","Guayama Municipio",2,60,465,216,249
050,72,057,"Puerto Rico Commonwealth","Guayama Municipio",2,61,462,217,245
050,72,057,"Puerto Rico Commonwealth","Guayama Municipio",2,62,460,208,252
050,72,057,"Puerto Rico Commonwealth","Guayama Municipio",2,63,463,203,260
050,72,057,"Puerto Rico Commonwealth","Guayama Municipio",2,64,470,213,257
050,72,057,"Puerto Rico Commonwealth","Guayama Municipio",2,65,467,219,248
050,72,057,"Puerto Rico Commonwealth","Guayama Municipio",2,66,439,197,242
050,72,057,"Puerto Rico Commonwealth","Guayama Municipio",2,67,400,176,224
050,72,057,"Puerto Rico Commonwealth","Guayama Municipio",2,68,375,161,214
050,72,057,"Puerto Rico Commonwealth","Guayama Municipio",2,69,394,173,221
050,72,057,"Puerto Rico Commonwealth","Guayama Municipio",2,70,385,178,207
050,72,057,"Puerto Rico Commonwealth","Guayama Municipio",2,71,382,176,206
050,72,057,"Puerto Rico Commonwealth","Guayama Municipio",2,72,402,180,222
050,72,057,"Puerto Rico Commonwealth","Guayama Municipio",2,73,402,186,216
050,72,057,"Puerto Rico Commonwealth","Guayama Municipio",2,74,367,165,202
050,72,057,"Puerto Rico Commonwealth","Guayama Municipio",2,75,324,146,178
050,72,057,"Puerto Rico Commonwealth","Guayama Municipio",2,76,303,143,160
050,72,057,"Puerto Rico Commonwealth","Guayama Municipio",2,77,273,137,136
050,72,057,"Puerto Rico Commonwealth","Guayama Municipio",2,78,242,114,128
050,72,057,"Puerto Rico Commonwealth","Guayama Municipio",2,79,247,112,135
050,72,057,"Puerto Rico Commonwealth","Guayama Municipio",2,80,215,93,122
050,72,057,"Puerto Rico Commonwealth","Guayama Municipio",2,81,179,77,102
050,72,057,"Puerto Rico Commonwealth","Guayama Municipio",2,82,172,73,99
050,72,057,"Puerto Rico Commonwealth","Guayama Municipio",2,83,166,65,101
050,72,057,"Puerto Rico Commonwealth","Guayama Municipio",2,84,155,62,93
050,72,057,"Puerto Rico Commonwealth","Guayama Municipio",2,85,905,350,555
050,72,057,"Puerto Rico Commonwealth","Guayama Municipio",3,0,222,119,103
050,72,057,"Puerto Rico Commonwealth","Guayama Municipio",3,1,202,91,111
050,72,057,"Puerto Rico Commonwealth","Guayama Municipio",3,2,227,114,113
050,72,057,"Puerto Rico Commonwealth","Guayama Municipio",3,3,225,108,117
050,72,057,"Puerto Rico Commonwealth","Guayama Municipio",3,4,242,123,119
050,72,057,"Puerto Rico Commonwealth","Guayama Municipio",3,5,285,148,137
050,72,057,"Puerto Rico Commonwealth","Guayama Municipio",3,6,299,155,144
050,72,057,"Puerto Rico Commonwealth","Guayama Municipio",3,7,309,163,146
050,72,057,"Puerto Rico Commonwealth","Guayama Municipio",3,8,350,186,164
050,72,057,"Puerto Rico Commonwealth","Guayama Municipio",3,9,373,190,183
050,72,057,"Puerto Rico Commonwealth","Guayama Municipio",3,10,374,181,193
050,72,057,"Puerto Rico Commonwealth","Guayama Municipio",3,11,400,194,206
050,72,057,"Puerto Rico Commonwealth","Guayama Municipio",3,12,422,216,206
050,72,057,"Puerto Rico Commonwealth","Guayama Municipio",3,13,426,225,201
050,72,057,"Puerto Rico Commonwealth","Guayama Municipio",3,14,448,237,211
050,72,057,"Puerto Rico Commonwealth","Guayama Municipio",3,15,441,228,213
050,72,057,"Puerto Rico Commonwealth","Guayama Municipio",3,16,461,244,217
050,72,057,"Puerto Rico Commonwealth","Guayama Municipio",3,17,475,249,226
050,72,057,"Puerto Rico Commonwealth","Guayama Municipio",3,18,486,252,234
050,72,057,"Puerto Rico Commonwealth","Guayama Municipio",3,19,468,246,222
050,72,057,"Puerto Rico Commonwealth","Guayama Municipio",3,20,502,276,226
050,72,057,"Puerto Rico Commonwealth","Guayama Municipio",3,21,517,292,225
050,72,057,"Puerto Rico Commonwealth","Guayama Municipio",3,22,529,304,225
050,72,057,"Puerto Rico Commonwealth","Guayama Municipio",3,23,553,331,222
050,72,057,"Puerto Rico Commonwealth","Guayama Municipio",3,24,562,330,232
050,72,057,"Puerto Rico Commonwealth","Guayama Municipio",3,25,590,345,245
050,72,057,"Puerto Rico Commonwealth","Guayama Municipio",3,26,599,353,246
050,72,057,"Puerto Rico Commonwealth","Guayama Municipio",3,27,564,330,234
050,72,057,"Puerto Rico Commonwealth","Guayama Municipio",3,28,579,349,230
050,72,057,"Puerto Rico Commonwealth","Guayama Municipio",3,29,556,335,221
050,72,057,"Puerto Rico Commonwealth","Guayama Municipio",3,30,557,319,238
050,72,057,"Puerto Rico Commonwealth","Guayama Municipio",3,31,519,286,233
050,72,057,"Puerto Rico Commonwealth","Guayama Municipio",3,32,475,250,225
050,72,057,"Puerto Rico Commonwealth","Guayama Municipio",3,33,463,244,219
050,72,057,"Puerto Rico Commonwealth","Guayama Municipio",3,34,439,209,230
050,72,057,"Puerto Rico Commonwealth","Guayama Municipio",3,35,435,216,219
050,72,057,"Puerto Rico Commonwealth","Guayama Municipio",3,36,410,192,218
050,72,057,"Puerto Rico Commonwealth","Guayama Municipio",3,37,403,178,225
050,72,057,"Puerto Rico Commonwealth","Guayama Municipio",3,38,389,171,218
050,72,057,"Puerto Rico Commonwealth","Guayama Municipio",3,39,407,179,228
050,72,057,"Puerto Rico Commonwealth","Guayama Municipio",3,40,428,187,241
050,72,057,"Puerto Rico Commonwealth","Guayama Municipio",3,41,442,193,249
050,72,057,"Puerto Rico Commonwealth","Guayama Municipio",3,42,430,196,234
050,72,057,"Puerto Rico Commonwealth","Guayama Municipio",3,43,437,211,226
050,72,057,"Puerto Rico Commonwealth","Guayama Municipio",3,44,426,201,225
050,72,057,"Puerto Rico Commonwealth","Guayama Municipio",3,45,438,207,231
050,72,057,"Puerto Rico Commonwealth","Guayama Municipio",3,46,430,200,230
050,72,057,"Puerto Rico Commonwealth","Guayama Municipio",3,47,437,196,241
050,72,057,"Puerto Rico Commonwealth","Guayama Municipio",3,48,442,214,228
050,72,057,"Puerto Rico Commonwealth","Guayama Municipio",3,49,471,235,236
050,72,057,"Puerto Rico Commonwealth","Guayama Municipio",3,50,474,224,250
050,72,057,"Puerto Rico Commonwealth","Guayama Municipio",3,51,467,219,248
050,72,057,"Puerto Rico Commonwealth","Guayama Municipio",3,52,439,215,224
050,72,057,"Puerto Rico Commonwealth","Guayama Municipio",3,53,423,197,226
050,72,057,"Puerto Rico Commonwealth","Guayama Municipio",3,54,427,195,232
050,72,057,"Puerto Rico Commonwealth","Guayama Municipio",3,55,462,203,259
050,72,057,"Puerto Rico Commonwealth","Guayama Municipio",3,56,460,204,256
050,72,057,"Puerto Rico Commonwealth","Guayama Municipio",3,57,443,209,234
050,72,057,"Puerto Rico Commonwealth","Guayama Municipio",3,58,434,206,228
050,72,057,"Puerto Rico Commonwealth","Guayama Municipio",3,59,446,201,245
050,72,057,"Puerto Rico Commonwealth","Guayama Municipio",3,60,456,205,251
050,72,057,"Puerto Rico Commonwealth","Guayama Municipio",3,61,454,210,244
050,72,057,"Puerto Rico Commonwealth","Guayama Municipio",3,62,454,213,241
050,72,057,"Puerto Rico Commonwealth","Guayama Municipio",3,63,449,200,249
050,72,057,"Puerto Rico Commonwealth","Guayama Municipio",3,64,457,200,257
050,72,057,"Puerto Rico Commonwealth","Guayama Municipio",3,65,453,202,251
050,72,057,"Puerto Rico Commonwealth","Guayama Municipio",3,66,455,209,246
050,72,057,"Puerto Rico Commonwealth","Guayama Municipio",3,67,426,188,238
050,72,057,"Puerto Rico Commonwealth","Guayama Municipio",3,68,391,172,219
050,72,057,"Puerto Rico Commonwealth","Guayama Municipio",3,69,366,157,209
050,72,057,"Puerto Rico Commonwealth","Guayama Municipio",3,70,383,167,216
050,72,057,"Puerto Rico Commonwealth","Guayama Municipio",3,71,373,174,199
050,72,057,"Puerto Rico Commonwealth","Guayama Municipio",3,72,368,171,197
050,72,057,"Puerto Rico Commonwealth","Guayama Municipio",3,73,391,177,214
050,72,057,"Puerto Rico Commonwealth","Guayama Municipio",3,74,390,176,214
050,72,057,"Puerto Rico Commonwealth","Guayama Municipio",3,75,355,159,196
050,72,057,"Puerto Rico Commonwealth","Guayama Municipio",3,76,315,144,171
050,72,057,"Puerto Rico Commonwealth","Guayama Municipio",3,77,293,137,156
050,72,057,"Puerto Rico Commonwealth","Guayama Municipio",3,78,255,126,129
050,72,057,"Puerto Rico Commonwealth","Guayama Municipio",3,79,227,105,122
050,72,057,"Puerto Rico Commonwealth","Guayama Municipio",3,80,233,103,130
050,72,057,"Puerto Rico Commonwealth","Guayama Municipio",3,81,197,82,115
050,72,057,"Puerto Rico Commonwealth","Guayama Municipio",3,82,171,72,99
050,72,057,"Puerto Rico Commonwealth","Guayama Municipio",3,83,161,69,92
050,72,057,"Puerto Rico Commonwealth","Guayama Municipio",3,84,157,59,98
050,72,057,"Puerto Rico Commonwealth","Guayama Municipio",3,85,953,370,583
050,72,057,"Puerto Rico Commonwealth","Guayama Municipio",4,0,241,113,128
050,72,057,"Puerto Rico Commonwealth","Guayama Municipio",4,1,218,117,101
050,72,057,"Puerto Rico Commonwealth","Guayama Municipio",4,2,195,87,108
050,72,057,"Puerto Rico Commonwealth","Guayama Municipio",4,3,224,111,113
050,72,057,"Puerto Rico Commonwealth","Guayama Municipio",4,4,217,105,112
050,72,057,"Puerto Rico Commonwealth","Guayama Municipio",4,5,238,120,118
050,72,057,"Puerto Rico Commonwealth","Guayama Municipio",4,6,276,144,132
050,72,057,"Puerto Rico Commonwealth","Guayama Municipio",4,7,293,152,141
050,72,057,"Puerto Rico Commonwealth","Guayama Municipio",4,8,304,162,142
050,72,057,"Puerto Rico Commonwealth","Guayama Municipio",4,9,342,182,160
050,72,057,"Puerto Rico Commonwealth","Guayama Municipio",4,10,364,186,178
050,72,057,"Puerto Rico Commonwealth","Guayama Municipio",4,11,365,177,188
050,72,057,"Puerto Rico Commonwealth","Guayama Municipio",4,12,390,190,200
050,72,057,"Puerto Rico Commonwealth","Guayama Municipio",4,13,418,217,201
050,72,057,"Puerto Rico Commonwealth","Guayama Municipio",4,14,423,227,196
050,72,057,"Puerto Rico Commonwealth","Guayama Municipio",4,15,433,229,204
050,72,057,"Puerto Rico Commonwealth","Guayama Municipio",4,16,446,239,207
050,72,057,"Puerto Rico Commonwealth","Guayama Municipio",4,17,449,241,208
050,72,057,"Puerto Rico Commonwealth","Guayama Municipio",4,18,471,251,220
050,72,057,"Puerto Rico Commonwealth","Guayama Municipio",4,19,458,238,220
050,72,057,"Puerto Rico Commonwealth","Guayama Municipio",4,20,451,235,216
050,72,057,"Puerto Rico Commonwealth","Guayama Municipio",4,21,512,292,220
050,72,057,"Puerto Rico Commonwealth","Guayama Municipio",4,22,536,316,220
050,72,057,"Puerto Rico Commonwealth","Guayama Municipio",4,23,558,339,219
050,72,057,"Puerto Rico Commonwealth","Guayama Municipio",4,24,564,346,218
050,72,057,"Puerto Rico Commonwealth","Guayama Municipio",4,25,572,344,228
050,72,057,"Puerto Rico Commonwealth","Guayama Municipio",4,26,624,382,242
050,72,057,"Puerto Rico Commonwealth","Guayama Municipio",4,27,615,374,241
050,72,057,"Puerto Rico Commonwealth","Guayama Municipio",4,28,582,352,230
050,72,057,"Puerto Rico Commonwealth","Guayama Municipio",4,29,583,357,226
050,72,057,"Puerto Rico Commonwealth","Guayama Municipio",4,30,565,345,220
050,72,057,"Puerto Rico Commonwealth","Guayama Municipio",4,31,564,332,232
050,72,057,"Puerto Rico Commonwealth","Guayama Municipio",4,32,511,283,228
050,72,057,"Puerto Rico Commonwealth","Guayama Municipio",4,33,491,269,222
050,72,057,"Puerto Rico Commonwealth","Guayama Municipio",4,34,453,238,215
050,72,057,"Puerto Rico Commonwealth","Guayama Municipio",4,35,446,219,227
050,72,057,"Puerto Rico Commonwealth","Guayama Municipio",4,36,424,210,214
050,72,057,"Puerto Rico Commonwealth","Guayama Municipio",4,37,412,192,220
050,72,057,"Puerto Rico Commonwealth","Guayama Municipio",4,38,391,173,218
050,72,057,"Puerto Rico Commonwealth","Guayama Municipio",4,39,394,182,212
050,72,057,"Puerto Rico Commonwealth","Guayama Municipio",4,40,399,177,222
050,72,057,"Puerto Rico Commonwealth","Guayama Municipio",4,41,418,182,236
050,72,057,"Puerto Rico Commonwealth","Guayama Municipio",4,42,435,191,244
050,72,057,"Puerto Rico Commonwealth","Guayama Municipio",4,43,422,193,229
050,72,057,"Puerto Rico Commonwealth","Guayama Municipio",4,44,422,201,221
050,72,057,"Puerto Rico Commonwealth","Guayama Municipio",4,45,428,207,221
050,72,057,"Puerto Rico Commonwealth","Guayama Municipio",4,46,430,203,227
050,72,057,"Puerto Rico Commonwealth","Guayama Municipio",4,47,422,198,224
050,72,057,"Puerto Rico Commonwealth","Guayama Municipio",4,48,426,189,237
050,72,057,"Puerto Rico Commonwealth","Guayama Municipio",4,49,437,215,222
050,72,057,"Puerto Rico Commonwealth","Guayama Municipio",4,50,461,230,231
050,72,057,"Puerto Rico Commonwealth","Guayama Municipio",4,51,462,217,245
050,72,057,"Puerto Rico Commonwealth","Guayama Municipio",4,52,454,211,243
050,72,057,"Puerto Rico Commonwealth","Guayama Municipio",4,53,431,214,217
050,72,057,"Puerto Rico Commonwealth","Guayama Municipio",4,54,410,189,221
050,72,057,"Puerto Rico Commonwealth","Guayama Municipio",4,55,420,192,228
050,72,057,"Puerto Rico Commonwealth","Guayama Municipio",4,56,453,197,256
050,72,057,"Puerto Rico Commonwealth","Guayama Municipio",4,57,453,201,252
050,72,057,"Puerto Rico Commonwealth","Guayama Municipio",4,58,435,205,230
050,72,057,"Puerto Rico Commonwealth","Guayama Municipio",4,59,422,199,223
050,72,057,"Puerto Rico Commonwealth","Guayama Municipio",4,60,439,197,242
050,72,057,"Puerto Rico Commonwealth","Guayama Municipio",4,61,446,199,247
050,72,057,"Puerto Rico Commonwealth","Guayama Municipio",4,62,448,207,241
050,72,057,"Puerto Rico Commonwealth","Guayama Municipio",4,63,442,204,238
050,72,057,"Puerto Rico Commonwealth","Guayama Municipio",4,64,447,202,245
050,72,057,"Puerto Rico Commonwealth","Guayama Municipio",4,65,447,195,252
050,72,057,"Puerto Rico Commonwealth","Guayama Municipio",4,66,441,193,248
050,72,057,"Puerto Rico Commonwealth","Guayama Municipio",4,67,443,203,240
050,72,057,"Puerto Rico Commonwealth","Guayama Municipio",4,68,416,182,234
050,72,057,"Puerto Rico Commonwealth","Guayama Municipio",4,69,379,170,209
050,72,057,"Puerto Rico Commonwealth","Guayama Municipio",4,70,357,153,204
050,72,057,"Puerto Rico Commonwealth","Guayama Municipio",4,71,367,155,212
050,72,057,"Puerto Rico Commonwealth","Guayama Municipio",4,72,364,168,196
050,72,057,"Puerto Rico Commonwealth","Guayama Municipio",4,73,355,163,192
050,72,057,"Puerto Rico Commonwealth","Guayama Municipio",4,74,378,169,209
050,72,057,"Puerto Rico Commonwealth","Guayama Municipio",4,75,370,165,205
050,72,057,"Puerto Rico Commonwealth","Guayama Municipio",4,76,342,153,189
050,72,057,"Puerto Rico Commonwealth","Guayama Municipio",4,77,294,136,158
050,72,057,"Puerto Rico Commonwealth","Guayama Municipio",4,78,283,132,151
050,72,057,"Puerto Rico Commonwealth","Guayama Municipio",4,79,240,121,119
050,72,057,"Puerto Rico Commonwealth","Guayama Municipio",4,80,214,100,114
050,72,057,"Puerto Rico Commonwealth","Guayama Municipio",4,81,215,95,120
050,72,057,"Puerto Rico Commonwealth","Guayama Municipio",4,82,188,77,111
050,72,057,"Puerto Rico Commonwealth","Guayama Municipio",4,83,158,63,95
050,72,057,"Puerto Rico Commonwealth","Guayama Municipio",4,84,148,67,81
050,72,057,"Puerto Rico Commonwealth","Guayama Municipio",4,85,976,370,606
050,72,057,"Puerto Rico Commonwealth","Guayama Municipio",5,0,235,124,111
050,72,057,"Puerto Rico Commonwealth","Guayama Municipio",5,1,241,113,128
050,72,057,"Puerto Rico Commonwealth","Guayama Municipio",5,2,218,118,100
050,72,057,"Puerto Rico Commonwealth","Guayama Municipio",5,3,197,86,111
050,72,057,"Puerto Rico Commonwealth","Guayama Municipio",5,4,220,111,109
050,72,057,"Puerto Rico Commonwealth","Guayama Municipio",5,5,217,104,113
050,72,057,"Puerto Rico Commonwealth","Guayama Municipio",5,6,234,119,115
050,72,057,"Puerto Rico Commonwealth","Guayama Municipio",5,7,274,143,131
050,72,057,"Puerto Rico Commonwealth","Guayama Municipio",5,8,294,154,140
050,72,057,"Puerto Rico Commonwealth","Guayama Municipio",5,9,299,159,140
050,72,057,"Puerto Rico Commonwealth","Guayama Municipio",5,10,338,180,158
050,72,057,"Puerto Rico Commonwealth","Guayama Municipio",5,11,361,185,176
050,72,057,"Puerto Rico Commonwealth","Guayama Municipio",5,12,360,176,184
050,72,057,"Puerto Rico Commonwealth","Guayama Municipio",5,13,391,194,197
050,72,057,"Puerto Rico Commonwealth","Guayama Municipio",5,14,423,224,199
050,72,057,"Puerto Rico Commonwealth","Guayama Municipio",5,15,415,223,192
050,72,057,"Puerto Rico Commonwealth","Guayama Municipio",5,16,446,245,201
050,72,057,"Puerto Rico Commonwealth","Guayama Municipio",5,17,440,238,202
050,72,057,"Puerto Rico Commonwealth","Guayama Municipio",5,18,454,248,206
050,72,057,"Puerto Rico Commonwealth","Guayama Municipio",5,19,450,241,209
050,72,057,"Puerto Rico Commonwealth","Guayama Municipio",5,20,450,232,218
050,72,057,"Puerto Rico Commonwealth","Guayama Municipio",5,21,470,257,213
050,72,057,"Puerto Rico Commonwealth","Guayama Municipio",5,22,532,314,218
050,72,057,"Puerto Rico Commonwealth","Guayama Municipio",5,23,561,342,219
050,72,057,"Puerto Rico Commonwealth","Guayama Municipio",5,24,557,339,218
050,72,057,"Puerto Rico Commonwealth","Guayama Municipio",5,25,565,348,217
050,72,057,"Puerto Rico Commonwealth","Guayama Municipio",5,26,597,369,228
050,72,057,"Puerto Rico Commonwealth","Guayama Municipio",5,27,623,383,240
050,72,057,"Puerto Rico Commonwealth","Guayama Municipio",5,28,616,376,240
050,72,057,"Puerto Rico Commonwealth","Guayama Municipio",5,29,566,337,229
050,72,057,"Puerto Rico Commonwealth","Guayama Municipio",5,30,574,345,229
050,72,057,"Puerto Rico Commonwealth","Guayama Municipio",5,31,551,336,215
050,72,057,"Puerto Rico Commonwealth","Guayama Municipio",5,32,544,313,231
050,72,057,"Puerto Rico Commonwealth","Guayama Municipio",5,33,512,285,227
050,72,057,"Puerto Rico Commonwealth","Guayama Municipio",5,34,464,244,220
050,72,057,"Puerto Rico Commonwealth","Guayama Municipio",5,35,453,238,215
050,72,057,"Puerto Rico Commonwealth","Guayama Municipio",5,36,423,198,225
050,72,057,"Puerto Rico Commonwealth","Guayama Municipio",5,37,425,205,220
050,72,057,"Puerto Rico Commonwealth","Guayama Municipio",5,38,395,180,215
050,72,057,"Puerto Rico Commonwealth","Guayama Municipio",5,39,387,173,214
050,72,057,"Puerto Rico Commonwealth","Guayama Municipio",5,40,382,172,210
050,72,057,"Puerto Rico Commonwealth","Guayama Municipio",5,41,389,169,220
050,72,057,"Puerto Rico Commonwealth","Guayama Municipio",5,42,409,174,235
050,72,057,"Puerto Rico Commonwealth","Guayama Municipio",5,43,423,182,241
050,72,057,"Puerto Rico Commonwealth","Guayama Municipio",5,44,406,180,226
050,72,057,"Puerto Rico Commonwealth","Guayama Municipio",5,45,424,205,219
050,72,057,"Puerto Rico Commonwealth","Guayama Municipio",5,46,413,195,218
050,72,057,"Puerto Rico Commonwealth","Guayama Municipio",5,47,420,196,224
050,72,057,"Puerto Rico Commonwealth","Guayama Municipio",5,48,410,188,222
050,72,057,"Puerto Rico Commonwealth","Guayama Municipio",5,49,421,187,234
050,72,057,"Puerto Rico Commonwealth","Guayama Municipio",5,50,430,210,220
050,72,057,"Puerto Rico Commonwealth","Guayama Municipio",5,51,450,221,229
050,72,057,"Puerto Rico Commonwealth","Guayama Municipio",5,52,453,210,243
050,72,057,"Puerto Rico Commonwealth","Guayama Municipio",5,53,451,208,243
050,72,057,"Puerto Rico Commonwealth","Guayama Municipio",5,54,419,206,213
050,72,057,"Puerto Rico Commonwealth","Guayama Municipio",5,55,401,185,216
050,72,057,"Puerto Rico Commonwealth","Guayama Municipio",5,56,411,186,225
050,72,057,"Puerto Rico Commonwealth","Guayama Municipio",5,57,447,195,252
050,72,057,"Puerto Rico Commonwealth","Guayama Municipio",5,58,444,196,248
050,72,057,"Puerto Rico Commonwealth","Guayama Municipio",5,59,423,197,226
050,72,057,"Puerto Rico Commonwealth","Guayama Municipio",5,60,412,194,218
050,72,057,"Puerto Rico Commonwealth","Guayama Municipio",5,61,431,192,239
050,72,057,"Puerto Rico Commonwealth","Guayama Municipio",5,62,440,196,244
050,72,057,"Puerto Rico Commonwealth","Guayama Municipio",5,63,436,199,237
050,72,057,"Puerto Rico Commonwealth","Guayama Municipio",5,64,433,201,232
050,72,057,"Puerto Rico Commonwealth","Guayama Municipio",5,65,432,192,240
050,72,057,"Puerto Rico Commonwealth","Guayama Municipio",5,66,436,185,251
050,72,057,"Puerto Rico Commonwealth","Guayama Municipio",5,67,432,188,244
050,72,057,"Puerto Rico Commonwealth","Guayama Municipio",5,68,433,198,235
050,72,057,"Puerto Rico Commonwealth","Guayama Municipio",5,69,407,177,230
050,72,057,"Puerto Rico Commonwealth","Guayama Municipio",5,70,373,167,206
050,72,057,"Puerto Rico Commonwealth","Guayama Municipio",5,71,343,145,198
050,72,057,"Puerto Rico Commonwealth","Guayama Municipio",5,72,359,151,208
050,72,057,"Puerto Rico Commonwealth","Guayama Municipio",5,73,349,157,192
050,72,057,"Puerto Rico Commonwealth","Guayama Municipio",5,74,342,154,188
050,72,057,"Puerto Rico Commonwealth","Guayama Municipio",5,75,361,161,200
050,72,057,"Puerto Rico Commonwealth","Guayama Municipio",5,76,360,160,200
050,72,057,"Puerto Rico Commonwealth","Guayama Municipio",5,77,323,146,177
050,72,057,"Puerto Rico Commonwealth","Guayama Municipio",5,78,276,123,153
050,72,057,"Puerto Rico Commonwealth","Guayama Municipio",5,79,268,126,142
050,72,057,"Puerto Rico Commonwealth","Guayama Municipio",5,80,225,111,114
050,72,057,"Puerto Rico Commonwealth","Guayama Municipio",5,81,195,90,105
050,72,057,"Puerto Rico Commonwealth","Guayama Municipio",5,82,204,85,119
050,72,057,"Puerto Rico Commonwealth","Guayama Municipio",5,83,166,64,102
050,72,057,"Puerto Rico Commonwealth","Guayama Municipio",5,84,146,59,87
050,72,057,"Puerto Rico Commonwealth","Guayama Municipio",5,85,985,384,601
050,72,059,"Puerto Rico Commonwealth","Guayanilla Municipio",1,0,115,56,59
050,72,059,"Puerto Rico Commonwealth","Guayanilla Municipio",1,1,120,60,60
050,72,059,"Puerto Rico Commonwealth","Guayanilla Municipio",1,2,134,63,71
050,72,059,"Puerto Rico Commonwealth","Guayanilla Municipio",1,3,130,59,71
050,72,059,"Puerto Rico Commonwealth","Guayanilla Municipio",1,4,152,67,85
050,72,059,"Puerto Rico Commonwealth","Guayanilla Municipio",1,5,163,77,86
050,72,059,"Puerto Rico Commonwealth","Guayanilla Municipio",1,6,172,83,89
050,72,059,"Puerto Rico Commonwealth","Guayanilla Municipio",1,7,181,87,94
050,72,059,"Puerto Rico Commonwealth","Guayanilla Municipio",1,8,194,94,100
050,72,059,"Puerto Rico Commonwealth","Guayanilla Municipio",1,9,196,81,115
050,72,059,"Puerto Rico Commonwealth","Guayanilla Municipio",1,10,212,109,103
050,72,059,"Puerto Rico Commonwealth","Guayanilla Municipio",1,11,210,106,104
050,72,059,"Puerto Rico Commonwealth","Guayanilla Municipio",1,12,208,99,109
050,72,059,"Puerto Rico Commonwealth","Guayanilla Municipio",1,13,225,106,119
050,72,059,"Puerto Rico Commonwealth","Guayanilla Municipio",1,14,237,118,119
050,72,059,"Puerto Rico Commonwealth","Guayanilla Municipio",1,15,226,116,110
050,72,059,"Puerto Rico Commonwealth","Guayanilla Municipio",1,16,217,113,104
050,72,059,"Puerto Rico Commonwealth","Guayanilla Municipio",1,17,228,118,110
050,72,059,"Puerto Rico Commonwealth","Guayanilla Municipio",1,18,232,122,110
050,72,059,"Puerto Rico Commonwealth","Guayanilla Municipio",1,19,226,117,109
050,72,059,"Puerto Rico Commonwealth","Guayanilla Municipio",1,20,229,118,111
050,72,059,"Puerto Rico Commonwealth","Guayanilla Municipio",1,21,236,117,119
050,72,059,"Puerto Rico Commonwealth","Guayanilla Municipio",1,22,249,124,125
050,72,059,"Puerto Rico Commonwealth","Guayanilla Municipio",1,23,237,119,118
050,72,059,"Puerto Rico Commonwealth","Guayanilla Municipio",1,24,213,91,122
050,72,059,"Puerto Rico Commonwealth","Guayanilla Municipio",1,25,217,102,115
050,72,059,"Puerto Rico Commonwealth","Guayanilla Municipio",1,26,228,104,124
050,72,059,"Puerto Rico Commonwealth","Guayanilla Municipio",1,27,219,100,119
050,72,059,"Puerto Rico Commonwealth","Guayanilla Municipio",1,28,207,100,107
050,72,059,"Puerto Rico Commonwealth","Guayanilla Municipio",1,29,216,116,100
050,72,059,"Puerto Rico Commonwealth","Guayanilla Municipio",1,30,210,105,105
050,72,059,"Puerto Rico Commonwealth","Guayanilla Municipio",1,31,220,106,114
050,72,059,"Puerto Rico Commonwealth","Guayanilla Municipio",1,32,204,93,111
050,72,059,"Puerto Rico Commonwealth","Guayanilla Municipio",1,33,204,92,112
050,72,059,"Puerto Rico Commonwealth","Guayanilla Municipio",1,34,212,99,113
050,72,059,"Puerto Rico Commonwealth","Guayanilla Municipio",1,35,217,107,110
050,72,059,"Puerto Rico Commonwealth","Guayanilla Municipio",1,36,200,100,100
050,72,059,"Puerto Rico Commonwealth","Guayanilla Municipio",1,37,188,90,98
050,72,059,"Puerto Rico Commonwealth","Guayanilla Municipio",1,38,194,93,101
050,72,059,"Puerto Rico Commonwealth","Guayanilla Municipio",1,39,227,111,116
050,72,059,"Puerto Rico Commonwealth","Guayanilla Municipio",1,40,243,120,123
050,72,059,"Puerto Rico Commonwealth","Guayanilla Municipio",1,41,217,105,112
050,72,059,"Puerto Rico Commonwealth","Guayanilla Municipio",1,42,210,98,112
050,72,059,"Puerto Rico Commonwealth","Guayanilla Municipio",1,43,221,112,109
050,72,059,"Puerto Rico Commonwealth","Guayanilla Municipio",1,44,220,108,112
050,72,059,"Puerto Rico Commonwealth","Guayanilla Municipio",1,45,206,100,106
050,72,059,"Puerto Rico Commonwealth","Guayanilla Municipio",1,46,230,108,122
050,72,059,"Puerto Rico Commonwealth","Guayanilla Municipio",1,47,240,122,118
050,72,059,"Puerto Rico Commonwealth","Guayanilla Municipio",1,48,224,112,112
050,72,059,"Puerto Rico Commonwealth","Guayanilla Municipio",1,49,223,108,115
050,72,059,"Puerto Rico Commonwealth","Guayanilla Municipio",1,50,218,105,113
050,72,059,"Puerto Rico Commonwealth","Guayanilla Municipio",1,51,211,98,113
050,72,059,"Puerto Rico Commonwealth","Guayanilla Municipio",1,52,218,94,124
050,72,059,"Puerto Rico Commonwealth","Guayanilla Municipio",1,53,235,100,135
050,72,059,"Puerto Rico Commonwealth","Guayanilla Municipio",1,54,235,106,129
050,72,059,"Puerto Rico Commonwealth","Guayanilla Municipio",1,55,246,111,135
050,72,059,"Puerto Rico Commonwealth","Guayanilla Municipio",1,56,229,103,126
050,72,059,"Puerto Rico Commonwealth","Guayanilla Municipio",1,57,218,102,116
050,72,059,"Puerto Rico Commonwealth","Guayanilla Municipio",1,58,214,102,112
050,72,059,"Puerto Rico Commonwealth","Guayanilla Municipio",1,59,219,95,124
050,72,059,"Puerto Rico Commonwealth","Guayanilla Municipio",1,60,256,115,141
050,72,059,"Puerto Rico Commonwealth","Guayanilla Municipio",1,61,250,120,130
050,72,059,"Puerto Rico Commonwealth","Guayanilla Municipio",1,62,252,118,134
050,72,059,"Puerto Rico Commonwealth","Guayanilla Municipio",1,63,251,131,120
050,72,059,"Puerto Rico Commonwealth","Guayanilla Municipio",1,64,227,114,113
050,72,059,"Puerto Rico Commonwealth","Guayanilla Municipio",1,65,216,99,117
050,72,059,"Puerto Rico Commonwealth","Guayanilla Municipio",1,66,219,105,114
050,72,059,"Puerto Rico Commonwealth","Guayanilla Municipio",1,67,226,102,124
050,72,059,"Puerto Rico Commonwealth","Guayanilla Municipio",1,68,243,108,135
050,72,059,"Puerto Rico Commonwealth","Guayanilla Municipio",1,69,241,112,129
050,72,059,"Puerto Rico Commonwealth","Guayanilla Municipio",1,70,228,109,119
050,72,059,"Puerto Rico Commonwealth","Guayanilla Municipio",1,71,204,93,111
050,72,059,"Puerto Rico Commonwealth","Guayanilla Municipio",1,72,218,95,123
050,72,059,"Puerto Rico Commonwealth","Guayanilla Municipio",1,73,228,95,133
050,72,059,"Puerto Rico Commonwealth","Guayanilla Municipio",1,74,195,80,115
050,72,059,"Puerto Rico Commonwealth","Guayanilla Municipio",1,75,198,93,105
050,72,059,"Puerto Rico Commonwealth","Guayanilla Municipio",1,76,166,84,82
050,72,059,"Puerto Rico Commonwealth","Guayanilla Municipio",1,77,157,77,80
050,72,059,"Puerto Rico Commonwealth","Guayanilla Municipio",1,78,125,62,63
050,72,059,"Puerto Rico Commonwealth","Guayanilla Municipio",1,79,131,59,72
050,72,059,"Puerto Rico Commonwealth","Guayanilla Municipio",1,80,139,59,80
050,72,059,"Puerto Rico Commonwealth","Guayanilla Municipio",1,81,112,48,64
050,72,059,"Puerto Rico Commonwealth","Guayanilla Municipio",1,82,88,36,52
050,72,059,"Puerto Rico Commonwealth","Guayanilla Municipio",1,83,91,42,49
050,72,059,"Puerto Rico Commonwealth","Guayanilla Municipio",1,84,84,40,44
050,72,059,"Puerto Rico Commonwealth","Guayanilla Municipio",1,85,457,166,291
050,72,059,"Puerto Rico Commonwealth","Guayanilla Municipio",2,0,106,49,57
050,72,059,"Puerto Rico Commonwealth","Guayanilla Municipio",2,1,119,59,60
050,72,059,"Puerto Rico Commonwealth","Guayanilla Municipio",2,2,130,62,68
050,72,059,"Puerto Rico Commonwealth","Guayanilla Municipio",2,3,131,60,71
050,72,059,"Puerto Rico Commonwealth","Guayanilla Municipio",2,4,147,65,82
050,72,059,"Puerto Rico Commonwealth","Guayanilla Municipio",2,5,160,75,85
050,72,059,"Puerto Rico Commonwealth","Guayanilla Municipio",2,6,170,81,89
050,72,059,"Puerto Rico Commonwealth","Guayanilla Municipio",2,7,179,86,93
050,72,059,"Puerto Rico Commonwealth","Guayanilla Municipio",2,8,191,93,98
050,72,059,"Puerto Rico Commonwealth","Guayanilla Municipio",2,9,195,84,111
050,72,059,"Puerto Rico Commonwealth","Guayanilla Municipio",2,10,208,102,106
050,72,059,"Puerto Rico Commonwealth","Guayanilla Municipio",2,11,211,107,104
050,72,059,"Puerto Rico Commonwealth","Guayanilla Municipio",2,12,208,100,108
050,72,059,"Puerto Rico Commonwealth","Guayanilla Municipio",2,13,221,105,116
050,72,059,"Puerto Rico Commonwealth","Guayanilla Municipio",2,14,233,114,119
050,72,059,"Puerto Rico Commonwealth","Guayanilla Municipio",2,15,227,114,113
050,72,059,"Puerto Rico Commonwealth","Guayanilla Municipio",2,16,219,114,105
050,72,059,"Puerto Rico Commonwealth","Guayanilla Municipio",2,17,226,117,109
050,72,059,"Puerto Rico Commonwealth","Guayanilla Municipio",2,18,231,121,110
050,72,059,"Puerto Rico Commonwealth","Guayanilla Municipio",2,19,226,117,109
050,72,059,"Puerto Rico Commonwealth","Guayanilla Municipio",2,20,226,116,110
050,72,059,"Puerto Rico Commonwealth","Guayanilla Municipio",2,21,233,116,117
050,72,059,"Puerto Rico Commonwealth","Guayanilla Municipio",2,22,245,121,124
050,72,059,"Puerto Rico Commonwealth","Guayanilla Municipio",2,23,238,118,120
050,72,059,"Puerto Rico Commonwealth","Guayanilla Municipio",2,24,218,97,121
050,72,059,"Puerto Rico Commonwealth","Guayanilla Municipio",2,25,215,99,116
050,72,059,"Puerto Rico Commonwealth","Guayanilla Municipio",2,26,224,102,122
050,72,059,"Puerto Rico Commonwealth","Guayanilla Municipio",2,27,220,100,120
050,72,059,"Puerto Rico Commonwealth","Guayanilla Municipio",2,28,210,100,110
050,72,059,"Puerto Rico Commonwealth","Guayanilla Municipio",2,29,213,111,102
050,72,059,"Puerto Rico Commonwealth","Guayanilla Municipio",2,30,212,108,104
050,72,059,"Puerto Rico Commonwealth","Guayanilla Municipio",2,31,218,106,112
050,72,059,"Puerto Rico Commonwealth","Guayanilla Municipio",2,32,207,96,111
050,72,059,"Puerto Rico Commonwealth","Guayanilla Municipio",2,33,204,92,112
050,72,059,"Puerto Rico Commonwealth","Guayanilla Municipio",2,34,210,97,113
050,72,059,"Puerto Rico Commonwealth","Guayanilla Municipio",2,35,216,105,111
050,72,059,"Puerto Rico Commonwealth","Guayanilla Municipio",2,36,204,102,102
050,72,059,"Puerto Rico Commonwealth","Guayanilla Municipio",2,37,191,93,98
050,72,059,"Puerto Rico Commonwealth","Guayanilla Municipio",2,38,193,92,101
050,72,059,"Puerto Rico Commonwealth","Guayanilla Municipio",2,39,218,106,112
050,72,059,"Puerto Rico Commonwealth","Guayanilla Municipio",2,40,239,118,121
050,72,059,"Puerto Rico Commonwealth","Guayanilla Municipio",2,41,221,107,114
050,72,059,"Puerto Rico Commonwealth","Guayanilla Municipio",2,42,212,100,112
050,72,059,"Puerto Rico Commonwealth","Guayanilla Municipio",2,43,218,108,110
050,72,059,"Puerto Rico Commonwealth","Guayanilla Municipio",2,44,220,109,111
050,72,059,"Puerto Rico Commonwealth","Guayanilla Municipio",2,45,209,101,108
050,72,059,"Puerto Rico Commonwealth","Guayanilla Municipio",2,46,224,106,118
050,72,059,"Puerto Rico Commonwealth","Guayanilla Municipio",2,47,238,119,119
050,72,059,"Puerto Rico Commonwealth","Guayanilla Municipio",2,48,226,114,112
050,72,059,"Puerto Rico Commonwealth","Guayanilla Municipio",2,49,223,109,114
050,72,059,"Puerto Rico Commonwealth","Guayanilla Municipio",2,50,219,106,113
050,72,059,"Puerto Rico Commonwealth","Guayanilla Municipio",2,51,213,100,113
050,72,059,"Puerto Rico Commonwealth","Guayanilla Municipio",2,52,216,95,121
050,72,059,"Puerto Rico Commonwealth","Guayanilla Municipio",2,53,230,98,132
050,72,059,"Puerto Rico Commonwealth","Guayanilla Municipio",2,54,236,105,131
050,72,059,"Puerto Rico Commonwealth","Guayanilla Municipio",2,55,242,109,133
050,72,059,"Puerto Rico Commonwealth","Guayanilla Municipio",2,56,234,105,129
050,72,059,"Puerto Rico Commonwealth","Guayanilla Municipio",2,57,221,103,118
050,72,059,"Puerto Rico Commonwealth","Guayanilla Municipio",2,58,215,102,113
050,72,059,"Puerto Rico Commonwealth","Guayanilla Municipio",2,59,216,95,121
050,72,059,"Puerto Rico Commonwealth","Guayanilla Municipio",2,60,245,108,137
050,72,059,"Puerto Rico Commonwealth","Guayanilla Municipio",2,61,252,119,133
050,72,059,"Puerto Rico Commonwealth","Guayanilla Municipio",2,62,252,119,133
050,72,059,"Puerto Rico Commonwealth","Guayanilla Municipio",2,63,249,126,123
050,72,059,"Puerto Rico Commonwealth","Guayanilla Municipio",2,64,234,119,115
050,72,059,"Puerto Rico Commonwealth","Guayanilla Municipio",2,65,216,100,116
050,72,059,"Puerto Rico Commonwealth","Guayanilla Municipio",2,66,219,104,115
050,72,059,"Puerto Rico Commonwealth","Guayanilla Municipio",2,67,224,103,121
050,72,059,"Puerto Rico Commonwealth","Guayanilla Municipio",2,68,237,105,132
050,72,059,"Puerto Rico Commonwealth","Guayanilla Municipio",2,69,241,110,131
050,72,059,"Puerto Rico Commonwealth","Guayanilla Municipio",2,70,229,108,121
050,72,059,"Puerto Rico Commonwealth","Guayanilla Municipio",2,71,206,96,110
050,72,059,"Puerto Rico Commonwealth","Guayanilla Municipio",2,72,213,93,120
050,72,059,"Puerto Rico Commonwealth","Guayanilla Municipio",2,73,224,93,131
050,72,059,"Puerto Rico Commonwealth","Guayanilla Municipio",2,74,201,83,118
050,72,059,"Puerto Rico Commonwealth","Guayanilla Municipio",2,75,197,89,108
050,72,059,"Puerto Rico Commonwealth","Guayanilla Municipio",2,76,172,86,86
050,72,059,"Puerto Rico Commonwealth","Guayanilla Municipio",2,77,159,77,82
050,72,059,"Puerto Rico Commonwealth","Guayanilla Municipio",2,78,134,66,68
050,72,059,"Puerto Rico Commonwealth","Guayanilla Municipio",2,79,129,59,70
050,72,059,"Puerto Rico Commonwealth","Guayanilla Municipio",2,80,135,58,77
050,72,059,"Puerto Rico Commonwealth","Guayanilla Municipio",2,81,118,51,67
050,72,059,"Puerto Rico Commonwealth","Guayanilla Municipio",2,82,93,40,53
050,72,059,"Puerto Rico Commonwealth","Guayanilla Municipio",2,83,90,40,50
050,72,059,"Puerto Rico Commonwealth","Guayanilla Municipio",2,84,84,38,46
050,72,059,"Puerto Rico Commonwealth","Guayanilla Municipio",2,85,461,171,290
050,72,059,"Puerto Rico Commonwealth","Guayanilla Municipio",3,0,75,36,39
050,72,059,"Puerto Rico Commonwealth","Guayanilla Municipio",3,1,104,48,56
050,72,059,"Puerto Rico Commonwealth","Guayanilla Municipio",3,2,117,58,59
050,72,059,"Puerto Rico Commonwealth","Guayanilla Municipio",3,3,129,61,68
050,72,059,"Puerto Rico Commonwealth","Guayanilla Municipio",3,4,129,59,70
050,72,059,"Puerto Rico Commonwealth","Guayanilla Municipio",3,5,146,64,82
050,72,059,"Puerto Rico Commonwealth","Guayanilla Municipio",3,6,159,74,85
050,72,059,"Puerto Rico Commonwealth","Guayanilla Municipio",3,7,168,80,88
050,72,059,"Puerto Rico Commonwealth","Guayanilla Municipio",3,8,177,85,92
050,72,059,"Puerto Rico Commonwealth","Guayanilla Municipio",3,9,189,92,97
050,72,059,"Puerto Rico Commonwealth","Guayanilla Municipio",3,10,193,83,110
050,72,059,"Puerto Rico Commonwealth","Guayanilla Municipio",3,11,206,101,105
050,72,059,"Puerto Rico Commonwealth","Guayanilla Municipio",3,12,209,106,103
050,72,059,"Puerto Rico Commonwealth","Guayanilla Municipio",3,13,206,99,107
050,72,059,"Puerto Rico Commonwealth","Guayanilla Municipio",3,14,218,103,115
050,72,059,"Puerto Rico Commonwealth","Guayanilla Municipio",3,15,230,112,118
050,72,059,"Puerto Rico Commonwealth","Guayanilla Municipio",3,16,225,113,112
050,72,059,"Puerto Rico Commonwealth","Guayanilla Municipio",3,17,215,112,103
050,72,059,"Puerto Rico Commonwealth","Guayanilla Municipio",3,18,219,113,106
050,72,059,"Puerto Rico Commonwealth","Guayanilla Municipio",3,19,225,118,107
050,72,059,"Puerto Rico Commonwealth","Guayanilla Municipio",3,20,221,113,108
050,72,059,"Puerto Rico Commonwealth","Guayanilla Municipio",3,21,222,114,108
050,72,059,"Puerto Rico Commonwealth","Guayanilla Municipio",3,22,229,113,116
050,72,059,"Puerto Rico Commonwealth","Guayanilla Municipio",3,23,243,119,124
050,72,059,"Puerto Rico Commonwealth","Guayanilla Municipio",3,24,237,118,119
050,72,059,"Puerto Rico Commonwealth","Guayanilla Municipio",3,25,216,96,120
050,72,059,"Puerto Rico Commonwealth","Guayanilla Municipio",3,26,213,98,115
050,72,059,"Puerto Rico Commonwealth","Guayanilla Municipio",3,27,221,101,120
050,72,059,"Puerto Rico Commonwealth","Guayanilla Municipio",3,28,218,99,119
050,72,059,"Puerto Rico Commonwealth","Guayanilla Municipio",3,29,206,97,109
050,72,059,"Puerto Rico Commonwealth","Guayanilla Municipio",3,30,211,110,101
050,72,059,"Puerto Rico Commonwealth","Guayanilla Municipio",3,31,209,107,102
050,72,059,"Puerto Rico Commonwealth","Guayanilla Municipio",3,32,216,105,111
050,72,059,"Puerto Rico Commonwealth","Guayanilla Municipio",3,33,206,96,110
050,72,059,"Puerto Rico Commonwealth","Guayanilla Municipio",3,34,201,90,111
050,72,059,"Puerto Rico Commonwealth","Guayanilla Municipio",3,35,209,97,112
050,72,059,"Puerto Rico Commonwealth","Guayanilla Municipio",3,36,213,103,110
050,72,059,"Puerto Rico Commonwealth","Guayanilla Municipio",3,37,201,101,100
050,72,059,"Puerto Rico Commonwealth","Guayanilla Municipio",3,38,189,92,97
050,72,059,"Puerto Rico Commonwealth","Guayanilla Municipio",3,39,193,93,100
050,72,059,"Puerto Rico Commonwealth","Guayanilla Municipio",3,40,227,116,111
050,72,059,"Puerto Rico Commonwealth","Guayanilla Municipio",3,41,230,110,120
050,72,059,"Puerto Rico Commonwealth","Guayanilla Municipio",3,42,220,107,113
050,72,059,"Puerto Rico Commonwealth","Guayanilla Municipio",3,43,210,100,110
050,72,059,"Puerto Rico Commonwealth","Guayanilla Municipio",3,44,217,108,109
050,72,059,"Puerto Rico Commonwealth","Guayanilla Municipio",3,45,218,108,110
050,72,059,"Puerto Rico Commonwealth","Guayanilla Municipio",3,46,208,101,107
050,72,059,"Puerto Rico Commonwealth","Guayanilla Municipio",3,47,221,105,116
050,72,059,"Puerto Rico Commonwealth","Guayanilla Municipio",3,48,235,117,118
050,72,059,"Puerto Rico Commonwealth","Guayanilla Municipio",3,49,225,114,111
050,72,059,"Puerto Rico Commonwealth","Guayanilla Municipio",3,50,229,117,112
050,72,059,"Puerto Rico Commonwealth","Guayanilla Municipio",3,51,208,96,112
050,72,059,"Puerto Rico Commonwealth","Guayanilla Municipio",3,52,210,98,112
050,72,059,"Puerto Rico Commonwealth","Guayanilla Municipio",3,53,213,95,118
050,72,059,"Puerto Rico Commonwealth","Guayanilla Municipio",3,54,228,97,131
050,72,059,"Puerto Rico Commonwealth","Guayanilla Municipio",3,55,244,114,130
050,72,059,"Puerto Rico Commonwealth","Guayanilla Municipio",3,56,232,101,131
050,72,059,"Puerto Rico Commonwealth","Guayanilla Municipio",3,57,232,103,129
050,72,059,"Puerto Rico Commonwealth","Guayanilla Municipio",3,58,218,102,116
050,72,059,"Puerto Rico Commonwealth","Guayanilla Municipio",3,59,210,98,112
050,72,059,"Puerto Rico Commonwealth","Guayanilla Municipio",3,60,214,94,120
050,72,059,"Puerto Rico Commonwealth","Guayanilla Municipio",3,61,237,103,134
050,72,059,"Puerto Rico Commonwealth","Guayanilla Municipio",3,62,245,114,131
050,72,059,"Puerto Rico Commonwealth","Guayanilla Municipio",3,63,251,119,132
050,72,059,"Puerto Rico Commonwealth","Guayanilla Municipio",3,64,247,124,123
050,72,059,"Puerto Rico Commonwealth","Guayanilla Municipio",3,65,231,118,113
050,72,059,"Puerto Rico Commonwealth","Guayanilla Municipio",3,66,213,99,114
050,72,059,"Puerto Rico Commonwealth","Guayanilla Municipio",3,67,215,101,114
050,72,059,"Puerto Rico Commonwealth","Guayanilla Municipio",3,68,220,102,118
050,72,059,"Puerto Rico Commonwealth","Guayanilla Municipio",3,69,233,103,130
050,72,059,"Puerto Rico Commonwealth","Guayanilla Municipio",3,70,236,107,129
050,72,059,"Puerto Rico Commonwealth","Guayanilla Municipio",3,71,222,103,119
050,72,059,"Puerto Rico Commonwealth","Guayanilla Municipio",3,72,202,95,107
050,72,059,"Puerto Rico Commonwealth","Guayanilla Municipio",3,73,205,88,117
050,72,059,"Puerto Rico Commonwealth","Guayanilla Municipio",3,74,215,90,125
050,72,059,"Puerto Rico Commonwealth","Guayanilla Municipio",3,75,192,78,114
050,72,059,"Puerto Rico Commonwealth","Guayanilla Municipio",3,76,192,86,106
050,72,059,"Puerto Rico Commonwealth","Guayanilla Municipio",3,77,167,82,85
050,72,059,"Puerto Rico Commonwealth","Guayanilla Municipio",3,78,150,70,80
050,72,059,"Puerto Rico Commonwealth","Guayanilla Municipio",3,79,128,61,67
050,72,059,"Puerto Rico Commonwealth","Guayanilla Municipio",3,80,121,55,66
050,72,059,"Puerto Rico Commonwealth","Guayanilla Municipio",3,81,130,53,77
050,72,059,"Puerto Rico Commonwealth","Guayanilla Municipio",3,82,109,45,64
050,72,059,"Puerto Rico Commonwealth","Guayanilla Municipio",3,83,83,35,48
050,72,059,"Puerto Rico Commonwealth","Guayanilla Municipio",3,84,87,38,49
050,72,059,"Puerto Rico Commonwealth","Guayanilla Municipio",3,85,485,186,299
050,72,059,"Puerto Rico Commonwealth","Guayanilla Municipio",4,0,100,53,47
050,72,059,"Puerto Rico Commonwealth","Guayanilla Municipio",4,1,72,35,37
050,72,059,"Puerto Rico Commonwealth","Guayanilla Municipio",4,2,101,46,55
050,72,059,"Puerto Rico Commonwealth","Guayanilla Municipio",4,3,114,56,58
050,72,059,"Puerto Rico Commonwealth","Guayanilla Municipio",4,4,127,60,67
050,72,059,"Puerto Rico Commonwealth","Guayanilla Municipio",4,5,126,58,68
050,72,059,"Puerto Rico Commonwealth","Guayanilla Municipio",4,6,143,62,81
050,72,059,"Puerto Rico Commonwealth","Guayanilla Municipio",4,7,155,72,83
050,72,059,"Puerto Rico Commonwealth","Guayanilla Municipio",4,8,164,78,86
050,72,059,"Puerto Rico Commonwealth","Guayanilla Municipio",4,9,173,83,90
050,72,059,"Puerto Rico Commonwealth","Guayanilla Municipio",4,10,185,90,95
050,72,059,"Puerto Rico Commonwealth","Guayanilla Municipio",4,11,188,80,108
050,72,059,"Puerto Rico Commonwealth","Guayanilla Municipio",4,12,201,98,103
050,72,059,"Puerto Rico Commonwealth","Guayanilla Municipio",4,13,204,103,101
050,72,059,"Puerto Rico Commonwealth","Guayanilla Municipio",4,14,200,96,104
050,72,059,"Puerto Rico Commonwealth","Guayanilla Municipio",4,15,211,99,112
050,72,059,"Puerto Rico Commonwealth","Guayanilla Municipio",4,16,224,109,115
050,72,059,"Puerto Rico Commonwealth","Guayanilla Municipio",4,17,218,109,109
050,72,059,"Puerto Rico Commonwealth","Guayanilla Municipio",4,18,206,107,99
050,72,059,"Puerto Rico Commonwealth","Guayanilla Municipio",4,19,210,108,102
050,72,059,"Puerto Rico Commonwealth","Guayanilla Municipio",4,20,218,113,105
050,72,059,"Puerto Rico Commonwealth","Guayanilla Municipio",4,21,214,109,105
050,72,059,"Puerto Rico Commonwealth","Guayanilla Municipio",4,22,214,109,105
050,72,059,"Puerto Rico Commonwealth","Guayanilla Municipio",4,23,222,108,114
050,72,059,"Puerto Rico Commonwealth","Guayanilla Municipio",4,24,238,116,122
050,72,059,"Puerto Rico Commonwealth","Guayanilla Municipio",4,25,231,114,117
050,72,059,"Puerto Rico Commonwealth","Guayanilla Municipio",4,26,210,92,118
050,72,059,"Puerto Rico Commonwealth","Guayanilla Municipio",4,27,206,94,112
050,72,059,"Puerto Rico Commonwealth","Guayanilla Municipio",4,28,214,97,117
050,72,059,"Puerto Rico Commonwealth","Guayanilla Municipio",4,29,210,94,116
050,72,059,"Puerto Rico Commonwealth","Guayanilla Municipio",4,30,200,93,107
050,72,059,"Puerto Rico Commonwealth","Guayanilla Municipio",4,31,207,108,99
050,72,059,"Puerto Rico Commonwealth","Guayanilla Municipio",4,32,202,103,99
050,72,059,"Puerto Rico Commonwealth","Guayanilla Municipio",4,33,211,102,109
050,72,059,"Puerto Rico Commonwealth","Guayanilla Municipio",4,34,201,94,107
050,72,059,"Puerto Rico Commonwealth","Guayanilla Municipio",4,35,196,87,109
050,72,059,"Puerto Rico Commonwealth","Guayanilla Municipio",4,36,204,94,110
050,72,059,"Puerto Rico Commonwealth","Guayanilla Municipio",4,37,208,100,108
050,72,059,"Puerto Rico Commonwealth","Guayanilla Municipio",4,38,196,99,97
050,72,059,"Puerto Rico Commonwealth","Guayanilla Municipio",4,39,186,91,95
050,72,059,"Puerto Rico Commonwealth","Guayanilla Municipio",4,40,203,105,98
050,72,059,"Puerto Rico Commonwealth","Guayanilla Municipio",4,41,213,104,109
050,72,059,"Puerto Rico Commonwealth","Guayanilla Municipio",4,42,227,109,118
050,72,059,"Puerto Rico Commonwealth","Guayanilla Municipio",4,43,216,104,112
050,72,059,"Puerto Rico Commonwealth","Guayanilla Municipio",4,44,205,96,109
050,72,059,"Puerto Rico Commonwealth","Guayanilla Municipio",4,45,214,106,108
050,72,059,"Puerto Rico Commonwealth","Guayanilla Municipio",4,46,214,106,108
050,72,059,"Puerto Rico Commonwealth","Guayanilla Municipio",4,47,204,98,106
050,72,059,"Puerto Rico Commonwealth","Guayanilla Municipio",4,48,217,103,114
050,72,059,"Puerto Rico Commonwealth","Guayanilla Municipio",4,49,233,116,117
050,72,059,"Puerto Rico Commonwealth","Guayanilla Municipio",4,50,235,126,109
050,72,059,"Puerto Rico Commonwealth","Guayanilla Municipio",4,51,217,106,111
050,72,059,"Puerto Rico Commonwealth","Guayanilla Municipio",4,52,205,95,110
050,72,059,"Puerto Rico Commonwealth","Guayanilla Municipio",4,53,207,96,111
050,72,059,"Puerto Rico Commonwealth","Guayanilla Municipio",4,54,211,94,117
050,72,059,"Puerto Rico Commonwealth","Guayanilla Municipio",4,55,237,107,130
050,72,059,"Puerto Rico Commonwealth","Guayanilla Municipio",4,56,232,104,128
050,72,059,"Puerto Rico Commonwealth","Guayanilla Municipio",4,57,228,98,130
050,72,059,"Puerto Rico Commonwealth","Guayanilla Municipio",4,58,227,102,125
050,72,059,"Puerto Rico Commonwealth","Guayanilla Municipio",4,59,216,101,115
050,72,059,"Puerto Rico Commonwealth","Guayanilla Municipio",4,60,209,98,111
050,72,059,"Puerto Rico Commonwealth","Guayanilla Municipio",4,61,209,91,118
050,72,059,"Puerto Rico Commonwealth","Guayanilla Municipio",4,62,234,101,133
050,72,059,"Puerto Rico Commonwealth","Guayanilla Municipio",4,63,242,112,130
050,72,059,"Puerto Rico Commonwealth","Guayanilla Municipio",4,64,246,118,128
050,72,059,"Puerto Rico Commonwealth","Guayanilla Municipio",4,65,241,122,119
050,72,059,"Puerto Rico Commonwealth","Guayanilla Municipio",4,66,227,115,112
050,72,059,"Puerto Rico Commonwealth","Guayanilla Municipio",4,67,209,96,113
050,72,059,"Puerto Rico Commonwealth","Guayanilla Municipio",4,68,211,99,112
050,72,059,"Puerto Rico Commonwealth","Guayanilla Municipio",4,69,211,99,112
050,72,059,"Puerto Rico Commonwealth","Guayanilla Municipio",4,70,221,97,124
050,72,059,"Puerto Rico Commonwealth","Guayanilla Municipio",4,71,227,102,125
050,72,059,"Puerto Rico Commonwealth","Guayanilla Municipio",4,72,213,97,116
050,72,059,"Puerto Rico Commonwealth","Guayanilla Municipio",4,73,188,89,99
050,72,059,"Puerto Rico Commonwealth","Guayanilla Municipio",4,74,198,85,113
050,72,059,"Puerto Rico Commonwealth","Guayanilla Municipio",4,75,207,83,124
050,72,059,"Puerto Rico Commonwealth","Guayanilla Municipio",4,76,180,71,109
050,72,059,"Puerto Rico Commonwealth","Guayanilla Municipio",4,77,187,83,104
050,72,059,"Puerto Rico Commonwealth","Guayanilla Municipio",4,78,159,76,83
050,72,059,"Puerto Rico Commonwealth","Guayanilla Municipio",4,79,140,65,75
050,72,059,"Puerto Rico Commonwealth","Guayanilla Municipio",4,80,118,56,62
050,72,059,"Puerto Rico Commonwealth","Guayanilla Municipio",4,81,113,49,64
050,72,059,"Puerto Rico Commonwealth","Guayanilla Municipio",4,82,120,48,72
050,72,059,"Puerto Rico Commonwealth","Guayanilla Municipio",4,83,102,39,63
050,72,059,"Puerto Rico Commonwealth","Guayanilla Municipio",4,84,79,33,46
050,72,059,"Puerto Rico Commonwealth","Guayanilla Municipio",4,85,494,184,310
050,72,059,"Puerto Rico Commonwealth","Guayanilla Municipio",5,0,102,57,45
050,72,059,"Puerto Rico Commonwealth","Guayanilla Municipio",5,1,99,53,46
050,72,059,"Puerto Rico Commonwealth","Guayanilla Municipio",5,2,69,34,35
050,72,059,"Puerto Rico Commonwealth","Guayanilla Municipio",5,3,100,45,55
050,72,059,"Puerto Rico Commonwealth","Guayanilla Municipio",5,4,113,55,58
050,72,059,"Puerto Rico Commonwealth","Guayanilla Municipio",5,5,127,60,67
050,72,059,"Puerto Rico Commonwealth","Guayanilla Municipio",5,6,125,57,68
050,72,059,"Puerto Rico Commonwealth","Guayanilla Municipio",5,7,142,61,81
050,72,059,"Puerto Rico Commonwealth","Guayanilla Municipio",5,8,154,71,83
050,72,059,"Puerto Rico Commonwealth","Guayanilla Municipio",5,9,163,77,86
050,72,059,"Puerto Rico Commonwealth","Guayanilla Municipio",5,10,171,82,89
050,72,059,"Puerto Rico Commonwealth","Guayanilla Municipio",5,11,183,89,94
050,72,059,"Puerto Rico Commonwealth","Guayanilla Municipio",5,12,186,79,107
050,72,059,"Puerto Rico Commonwealth","Guayanilla Municipio",5,13,199,97,102
050,72,059,"Puerto Rico Commonwealth","Guayanilla Municipio",5,14,202,102,100
050,72,059,"Puerto Rico Commonwealth","Guayanilla Municipio",5,15,197,94,103
050,72,059,"Puerto Rico Commonwealth","Guayanilla Municipio",5,16,209,98,111
050,72,059,"Puerto Rico Commonwealth","Guayanilla Municipio",5,17,221,107,114
050,72,059,"Puerto Rico Commonwealth","Guayanilla Municipio",5,18,213,106,107
050,72,059,"Puerto Rico Commonwealth","Guayanilla Municipio",5,19,199,103,96
050,72,059,"Puerto Rico Commonwealth","Guayanilla Municipio",5,20,205,104,101
050,72,059,"Puerto Rico Commonwealth","Guayanilla Municipio",5,21,215,111,104
050,72,059,"Puerto Rico Commonwealth","Guayanilla Municipio",5,22,210,106,104
050,72,059,"Puerto Rico Commonwealth","Guayanilla Municipio",5,23,211,107,104
050,72,059,"Puerto Rico Commonwealth","Guayanilla Municipio",5,24,220,107,113
050,72,059,"Puerto Rico Commonwealth","Guayanilla Municipio",5,25,235,115,120
050,72,059,"Puerto Rico Commonwealth","Guayanilla Municipio",5,26,229,113,116
050,72,059,"Puerto Rico Commonwealth","Guayanilla Municipio",5,27,208,91,117
050,72,059,"Puerto Rico Commonwealth","Guayanilla Municipio",5,28,204,93,111
050,72,059,"Puerto Rico Commonwealth","Guayanilla Municipio",5,29,210,94,116
050,72,059,"Puerto Rico Commonwealth","Guayanilla Municipio",5,30,209,94,115
050,72,059,"Puerto Rico Commonwealth","Guayanilla Municipio",5,31,199,93,106
050,72,059,"Puerto Rico Commonwealth","Guayanilla Municipio",5,32,205,107,98
050,72,059,"Puerto Rico Commonwealth","Guayanilla Municipio",5,33,201,103,98
050,72,059,"Puerto Rico Commonwealth","Guayanilla Municipio",5,34,209,101,108
050,72,059,"Puerto Rico Commonwealth","Guayanilla Municipio",5,35,200,94,106
050,72,059,"Puerto Rico Commonwealth","Guayanilla Municipio",5,36,193,85,108
050,72,059,"Puerto Rico Commonwealth","Guayanilla Municipio",5,37,203,94,109
050,72,059,"Puerto Rico Commonwealth","Guayanilla Municipio",5,38,207,99,108
050,72,059,"Puerto Rico Commonwealth","Guayanilla Municipio",5,39,197,100,97
050,72,059,"Puerto Rico Commonwealth","Guayanilla Municipio",5,40,202,107,95
050,72,059,"Puerto Rico Commonwealth","Guayanilla Municipio",5,41,185,88,97
050,72,059,"Puerto Rico Commonwealth","Guayanilla Municipio",5,42,213,104,109
050,72,059,"Puerto Rico Commonwealth","Guayanilla Municipio",5,43,226,108,118
050,72,059,"Puerto Rico Commonwealth","Guayanilla Municipio",5,44,216,104,112
050,72,059,"Puerto Rico Commonwealth","Guayanilla Municipio",5,45,204,95,109
050,72,059,"Puerto Rico Commonwealth","Guayanilla Municipio",5,46,212,105,107
050,72,059,"Puerto Rico Commonwealth","Guayanilla Municipio",5,47,213,106,107
050,72,059,"Puerto Rico Commonwealth","Guayanilla Municipio",5,48,201,96,105
050,72,059,"Puerto Rico Commonwealth","Guayanilla Municipio",5,49,216,103,113
050,72,059,"Puerto Rico Commonwealth","Guayanilla Municipio",5,50,246,129,117
050,72,059,"Puerto Rico Commonwealth","Guayanilla Municipio",5,51,219,110,109
050,72,059,"Puerto Rico Commonwealth","Guayanilla Municipio",5,52,217,106,111
050,72,059,"Puerto Rico Commonwealth","Guayanilla Municipio",5,53,203,94,109
050,72,059,"Puerto Rico Commonwealth","Guayanilla Municipio",5,54,204,95,109
050,72,059,"Puerto Rico Commonwealth","Guayanilla Municipio",5,55,224,108,116
050,72,059,"Puerto Rico Commonwealth","Guayanilla Municipio",5,56,221,92,129
050,72,059,"Puerto Rico Commonwealth","Guayanilla Municipio",5,57,229,102,127
050,72,059,"Puerto Rico Commonwealth","Guayanilla Municipio",5,58,227,98,129
050,72,059,"Puerto Rico Commonwealth","Guayanilla Municipio",5,59,225,101,124
050,72,059,"Puerto Rico Commonwealth","Guayanilla Municipio",5,60,211,100,111
050,72,059,"Puerto Rico Commonwealth","Guayanilla Municipio",5,61,203,97,106
050,72,059,"Puerto Rico Commonwealth","Guayanilla Municipio",5,62,204,88,116
050,72,059,"Puerto Rico Commonwealth","Guayanilla Municipio",5,63,230,100,130
050,72,059,"Puerto Rico Commonwealth","Guayanilla Municipio",5,64,233,110,123
050,72,059,"Puerto Rico Commonwealth","Guayanilla Municipio",5,65,244,118,126
050,72,059,"Puerto Rico Commonwealth","Guayanilla Municipio",5,66,238,120,118
050,72,059,"Puerto Rico Commonwealth","Guayanilla Municipio",5,67,223,112,111
050,72,059,"Puerto Rico Commonwealth","Guayanilla Municipio",5,68,205,93,112
050,72,059,"Puerto Rico Commonwealth","Guayanilla Municipio",5,69,207,97,110
050,72,059,"Puerto Rico Commonwealth","Guayanilla Municipio",5,70,206,95,111
050,72,059,"Puerto Rico Commonwealth","Guayanilla Municipio",5,71,215,96,119
050,72,059,"Puerto Rico Commonwealth","Guayanilla Municipio",5,72,219,98,121
050,72,059,"Puerto Rico Commonwealth","Guayanilla Municipio",5,73,204,91,113
050,72,059,"Puerto Rico Commonwealth","Guayanilla Municipio",5,74,179,84,95
050,72,059,"Puerto Rico Commonwealth","Guayanilla Municipio",5,75,191,82,109
050,72,059,"Puerto Rico Commonwealth","Guayanilla Municipio",5,76,200,80,120
050,72,059,"Puerto Rico Commonwealth","Guayanilla Municipio",5,77,172,65,107
050,72,059,"Puerto Rico Commonwealth","Guayanilla Municipio",5,78,180,78,102
050,72,059,"Puerto Rico Commonwealth","Guayanilla Municipio",5,79,150,69,81
050,72,059,"Puerto Rico Commonwealth","Guayanilla Municipio",5,80,132,62,70
050,72,059,"Puerto Rico Commonwealth","Guayanilla Municipio",5,81,109,49,60
050,72,059,"Puerto Rico Commonwealth","Guayanilla Municipio",5,82,104,43,61
050,72,059,"Puerto Rico Commonwealth","Guayanilla Municipio",5,83,112,45,67
050,72,059,"Puerto Rico Commonwealth","Guayanilla Municipio",5,84,93,34,59
050,72,059,"Puerto Rico Commonwealth","Guayanilla Municipio",5,85,502,183,319
050,72,061,"Puerto Rico Commonwealth","Guaynabo Municipio",1,0,581,287,294
050,72,061,"Puerto Rico Commonwealth","Guaynabo Municipio",1,1,567,289,278
050,72,061,"Puerto Rico Commonwealth","Guaynabo Municipio",1,2,524,272,252
050,72,061,"Puerto Rico Commonwealth","Guaynabo Municipio",1,3,577,297,280
050,72,061,"Puerto Rico Commonwealth","Guaynabo Municipio",1,4,659,334,325
050,72,061,"Puerto Rico Commonwealth","Guaynabo Municipio",1,5,683,345,338
050,72,061,"Puerto Rico Commonwealth","Guaynabo Municipio",1,6,691,347,344
050,72,061,"Puerto Rico Commonwealth","Guaynabo Municipio",1,7,717,382,335
050,72,061,"Puerto Rico Commonwealth","Guaynabo Municipio",1,8,710,363,347
050,72,061,"Puerto Rico Commonwealth","Guaynabo Municipio",1,9,783,385,398
050,72,061,"Puerto Rico Commonwealth","Guaynabo Municipio",1,10,792,408,384
050,72,061,"Puerto Rico Commonwealth","Guaynabo Municipio",1,11,773,402,371
050,72,061,"Puerto Rico Commonwealth","Guaynabo Municipio",1,12,832,430,402
050,72,061,"Puerto Rico Commonwealth","Guaynabo Municipio",1,13,868,442,426
050,72,061,"Puerto Rico Commonwealth","Guaynabo Municipio",1,14,879,430,449
050,72,061,"Puerto Rico Commonwealth","Guaynabo Municipio",1,15,913,460,453
050,72,061,"Puerto Rico Commonwealth","Guaynabo Municipio",1,16,937,483,454
050,72,061,"Puerto Rico Commonwealth","Guaynabo Municipio",1,17,952,479,473
050,72,061,"Puerto Rico Commonwealth","Guaynabo Municipio",1,18,953,489,464
050,72,061,"Puerto Rico Commonwealth","Guaynabo Municipio",1,19,1034,535,499
050,72,061,"Puerto Rico Commonwealth","Guaynabo Municipio",1,20,1043,548,495
050,72,061,"Puerto Rico Commonwealth","Guaynabo Municipio",1,21,1065,586,479
050,72,061,"Puerto Rico Commonwealth","Guaynabo Municipio",1,22,1082,572,510
050,72,061,"Puerto Rico Commonwealth","Guaynabo Municipio",1,23,1137,594,543
050,72,061,"Puerto Rico Commonwealth","Guaynabo Municipio",1,24,1213,665,548
050,72,061,"Puerto Rico Commonwealth","Guaynabo Municipio",1,25,1223,660,563
050,72,061,"Puerto Rico Commonwealth","Guaynabo Municipio",1,26,1286,669,617
050,72,061,"Puerto Rico Commonwealth","Guaynabo Municipio",1,27,1280,643,637
050,72,061,"Puerto Rico Commonwealth","Guaynabo Municipio",1,28,1259,651,608
050,72,061,"Puerto Rico Commonwealth","Guaynabo Municipio",1,29,1288,668,620
050,72,061,"Puerto Rico Commonwealth","Guaynabo Municipio",1,30,1245,660,585
050,72,061,"Puerto Rico Commonwealth","Guaynabo Municipio",1,31,1120,577,543
050,72,061,"Puerto Rico Commonwealth","Guaynabo Municipio",1,32,1068,570,498
050,72,061,"Puerto Rico Commonwealth","Guaynabo Municipio",1,33,1042,527,515
050,72,061,"Puerto Rico Commonwealth","Guaynabo Municipio",1,34,1030,546,484
050,72,061,"Puerto Rico Commonwealth","Guaynabo Municipio",1,35,989,506,483
050,72,061,"Puerto Rico Commonwealth","Guaynabo Municipio",1,36,1027,507,520
050,72,061,"Puerto Rico Commonwealth","Guaynabo Municipio",1,37,1103,537,566
050,72,061,"Puerto Rico Commonwealth","Guaynabo Municipio",1,38,1145,553,592
050,72,061,"Puerto Rico Commonwealth","Guaynabo Municipio",1,39,1151,527,624
050,72,061,"Puerto Rico Commonwealth","Guaynabo Municipio",1,40,1138,539,599
050,72,061,"Puerto Rico Commonwealth","Guaynabo Municipio",1,41,1060,530,530
050,72,061,"Puerto Rico Commonwealth","Guaynabo Municipio",1,42,1087,528,559
050,72,061,"Puerto Rico Commonwealth","Guaynabo Municipio",1,43,1064,521,543
050,72,061,"Puerto Rico Commonwealth","Guaynabo Municipio",1,44,1041,491,550
050,72,061,"Puerto Rico Commonwealth","Guaynabo Municipio",1,45,1071,506,565
050,72,061,"Puerto Rico Commonwealth","Guaynabo Municipio",1,46,1061,505,556
050,72,061,"Puerto Rico Commonwealth","Guaynabo Municipio",1,47,1090,527,563
050,72,061,"Puerto Rico Commonwealth","Guaynabo Municipio",1,48,1102,505,597
050,72,061,"Puerto Rico Commonwealth","Guaynabo Municipio",1,49,1158,534,624
050,72,061,"Puerto Rico Commonwealth","Guaynabo Municipio",1,50,1226,548,678
050,72,061,"Puerto Rico Commonwealth","Guaynabo Municipio",1,51,1167,531,636
050,72,061,"Puerto Rico Commonwealth","Guaynabo Municipio",1,52,1169,522,647
050,72,061,"Puerto Rico Commonwealth","Guaynabo Municipio",1,53,1221,538,683
050,72,061,"Puerto Rico Commonwealth","Guaynabo Municipio",1,54,1282,581,701
050,72,061,"Puerto Rico Commonwealth","Guaynabo Municipio",1,55,1294,581,713
050,72,061,"Puerto Rico Commonwealth","Guaynabo Municipio",1,56,1323,580,743
050,72,061,"Puerto Rico Commonwealth","Guaynabo Municipio",1,57,1317,582,735
050,72,061,"Puerto Rico Commonwealth","Guaynabo Municipio",1,58,1339,578,761
050,72,061,"Puerto Rico Commonwealth","Guaynabo Municipio",1,59,1324,563,761
050,72,061,"Puerto Rico Commonwealth","Guaynabo Municipio",1,60,1308,552,756
050,72,061,"Puerto Rico Commonwealth","Guaynabo Municipio",1,61,1275,562,713
050,72,061,"Puerto Rico Commonwealth","Guaynabo Municipio",1,62,1305,569,736
050,72,061,"Puerto Rico Commonwealth","Guaynabo Municipio",1,63,1345,591,754
050,72,061,"Puerto Rico Commonwealth","Guaynabo Municipio",1,64,1386,605,781
050,72,061,"Puerto Rico Commonwealth","Guaynabo Municipio",1,65,1287,567,720
050,72,061,"Puerto Rico Commonwealth","Guaynabo Municipio",1,66,1191,518,673
050,72,061,"Puerto Rico Commonwealth","Guaynabo Municipio",1,67,1161,511,650
050,72,061,"Puerto Rico Commonwealth","Guaynabo Municipio",1,68,1138,497,641
050,72,061,"Puerto Rico Commonwealth","Guaynabo Municipio",1,69,1124,500,624
050,72,061,"Puerto Rico Commonwealth","Guaynabo Municipio",1,70,1114,497,617
050,72,061,"Puerto Rico Commonwealth","Guaynabo Municipio",1,71,1001,440,561
050,72,061,"Puerto Rico Commonwealth","Guaynabo Municipio",1,72,997,419,578
050,72,061,"Puerto Rico Commonwealth","Guaynabo Municipio",1,73,1009,444,565
050,72,061,"Puerto Rico Commonwealth","Guaynabo Municipio",1,74,973,421,552
050,72,061,"Puerto Rico Commonwealth","Guaynabo Municipio",1,75,934,387,547
050,72,061,"Puerto Rico Commonwealth","Guaynabo Municipio",1,76,859,352,507
050,72,061,"Puerto Rico Commonwealth","Guaynabo Municipio",1,77,847,352,495
050,72,061,"Puerto Rico Commonwealth","Guaynabo Municipio",1,78,772,313,459
050,72,061,"Puerto Rico Commonwealth","Guaynabo Municipio",1,79,688,271,417
050,72,061,"Puerto Rico Commonwealth","Guaynabo Municipio",1,80,658,273,385
050,72,061,"Puerto Rico Commonwealth","Guaynabo Municipio",1,81,619,267,352
050,72,061,"Puerto Rico Commonwealth","Guaynabo Municipio",1,82,604,246,358
050,72,061,"Puerto Rico Commonwealth","Guaynabo Municipio",1,83,617,229,388
050,72,061,"Puerto Rico Commonwealth","Guaynabo Municipio",1,84,532,204,328
050,72,061,"Puerto Rico Commonwealth","Guaynabo Municipio",1,85,3281,1122,2159
050,72,061,"Puerto Rico Commonwealth","Guaynabo Municipio",2,0,541,269,272
050,72,061,"Puerto Rico Commonwealth","Guaynabo Municipio",2,1,571,289,282
050,72,061,"Puerto Rico Commonwealth","Guaynabo Municipio",2,2,534,276,258
050,72,061,"Puerto Rico Commonwealth","Guaynabo Municipio",2,3,564,291,273
050,72,061,"Puerto Rico Commonwealth","Guaynabo Municipio",2,4,639,325,314
050,72,061,"Puerto Rico Commonwealth","Guaynabo Municipio",2,5,677,342,335
050,72,061,"Puerto Rico Commonwealth","Guaynabo Municipio",2,6,688,346,342
050,72,061,"Puerto Rico Commonwealth","Guaynabo Municipio",2,7,711,374,337
050,72,061,"Puerto Rico Commonwealth","Guaynabo Municipio",2,8,712,367,345
050,72,061,"Puerto Rico Commonwealth","Guaynabo Municipio",2,9,765,380,385
050,72,061,"Puerto Rico Commonwealth","Guaynabo Municipio",2,10,789,402,387
050,72,061,"Puerto Rico Commonwealth","Guaynabo Municipio",2,11,779,404,375
050,72,061,"Puerto Rico Commonwealth","Guaynabo Municipio",2,12,817,423,394
050,72,061,"Puerto Rico Commonwealth","Guaynabo Municipio",2,13,859,439,420
050,72,061,"Puerto Rico Commonwealth","Guaynabo Municipio",2,14,876,433,443
050,72,061,"Puerto Rico Commonwealth","Guaynabo Municipio",2,15,904,452,452
050,72,061,"Puerto Rico Commonwealth","Guaynabo Municipio",2,16,933,479,454
050,72,061,"Puerto Rico Commonwealth","Guaynabo Municipio",2,17,949,481,468
050,72,061,"Puerto Rico Commonwealth","Guaynabo Municipio",2,18,953,487,466
050,72,061,"Puerto Rico Commonwealth","Guaynabo Municipio",2,19,1017,526,491
050,72,061,"Puerto Rico Commonwealth","Guaynabo Municipio",2,20,1043,546,497
050,72,061,"Puerto Rico Commonwealth","Guaynabo Municipio",2,21,1063,579,484
050,72,061,"Puerto Rico Commonwealth","Guaynabo Municipio",2,22,1080,577,503
050,72,061,"Puerto Rico Commonwealth","Guaynabo Municipio",2,23,1127,591,536
050,72,061,"Puerto Rico Commonwealth","Guaynabo Municipio",2,24,1196,649,547
050,72,061,"Puerto Rico Commonwealth","Guaynabo Municipio",2,25,1224,663,561
050,72,061,"Puerto Rico Commonwealth","Guaynabo Municipio",2,26,1274,669,605
050,72,061,"Puerto Rico Commonwealth","Guaynabo Municipio",2,27,1285,651,634
050,72,061,"Puerto Rico Commonwealth","Guaynabo Municipio",2,28,1266,651,615
050,72,061,"Puerto Rico Commonwealth","Guaynabo Municipio",2,29,1282,664,618
050,72,061,"Puerto Rico Commonwealth","Guaynabo Municipio",2,30,1259,664,595
050,72,061,"Puerto Rico Commonwealth","Guaynabo Municipio",2,31,1152,597,555
050,72,061,"Puerto Rico Commonwealth","Guaynabo Municipio",2,32,1082,572,510
050,72,061,"Puerto Rico Commonwealth","Guaynabo Municipio",2,33,1049,538,511
050,72,061,"Puerto Rico Commonwealth","Guaynabo Municipio",2,34,1031,540,491
050,72,061,"Puerto Rico Commonwealth","Guaynabo Municipio",2,35,1000,516,484
050,72,061,"Puerto Rico Commonwealth","Guaynabo Municipio",2,36,1016,506,510
050,72,061,"Puerto Rico Commonwealth","Guaynabo Municipio",2,37,1084,529,555
050,72,061,"Puerto Rico Commonwealth","Guaynabo Municipio",2,38,1133,548,585
050,72,061,"Puerto Rico Commonwealth","Guaynabo Municipio",2,39,1149,533,616
050,72,061,"Puerto Rico Commonwealth","Guaynabo Municipio",2,40,1141,535,606
050,72,061,"Puerto Rico Commonwealth","Guaynabo Municipio",2,41,1078,531,547
050,72,061,"Puerto Rico Commonwealth","Guaynabo Municipio",2,42,1078,526,552
050,72,061,"Puerto Rico Commonwealth","Guaynabo Municipio",2,43,1069,522,547
050,72,061,"Puerto Rico Commonwealth","Guaynabo Municipio",2,44,1046,498,548
050,72,061,"Puerto Rico Commonwealth","Guaynabo Municipio",2,45,1062,501,561
050,72,061,"Puerto Rico Commonwealth","Guaynabo Municipio",2,46,1062,504,558
050,72,061,"Puerto Rico Commonwealth","Guaynabo Municipio",2,47,1083,521,562
050,72,061,"Puerto Rico Commonwealth","Guaynabo Municipio",2,48,1097,510,587
050,72,061,"Puerto Rico Commonwealth","Guaynabo Municipio",2,49,1142,525,617
050,72,061,"Puerto Rico Commonwealth","Guaynabo Municipio",2,50,1208,543,665
050,72,061,"Puerto Rico Commonwealth","Guaynabo Municipio",2,51,1181,535,646
050,72,061,"Puerto Rico Commonwealth","Guaynabo Municipio",2,52,1169,524,645
050,72,061,"Puerto Rico Commonwealth","Guaynabo Municipio",2,53,1206,533,673
050,72,061,"Puerto Rico Commonwealth","Guaynabo Municipio",2,54,1265,569,696
050,72,061,"Puerto Rico Commonwealth","Guaynabo Municipio",2,55,1290,581,709
050,72,061,"Puerto Rico Commonwealth","Guaynabo Municipio",2,56,1315,579,736
050,72,061,"Puerto Rico Commonwealth","Guaynabo Municipio",2,57,1317,579,738
050,72,061,"Puerto Rico Commonwealth","Guaynabo Municipio",2,58,1331,577,754
050,72,061,"Puerto Rico Commonwealth","Guaynabo Municipio",2,59,1327,567,760
050,72,061,"Puerto Rico Commonwealth","Guaynabo Municipio",2,60,1314,555,759
050,72,061,"Puerto Rico Commonwealth","Guaynabo Municipio",2,61,1283,560,723
050,72,061,"Puerto Rico Commonwealth","Guaynabo Municipio",2,62,1297,566,731
050,72,061,"Puerto Rico Commonwealth","Guaynabo Municipio",2,63,1336,585,751
050,72,061,"Puerto Rico Commonwealth","Guaynabo Municipio",2,64,1372,598,774
050,72,061,"Puerto Rico Commonwealth","Guaynabo Municipio",2,65,1311,576,735
050,72,061,"Puerto Rico Commonwealth","Guaynabo Municipio",2,66,1215,529,686
050,72,061,"Puerto Rico Commonwealth","Guaynabo Municipio",2,67,1166,510,656
050,72,061,"Puerto Rico Commonwealth","Guaynabo Municipio",2,68,1143,499,644
050,72,061,"Puerto Rico Commonwealth","Guaynabo Municipio",2,69,1128,499,629
050,72,061,"Puerto Rico Commonwealth","Guaynabo Municipio",2,70,1113,496,617
050,72,061,"Puerto Rico Commonwealth","Guaynabo Municipio",2,71,1028,452,576
050,72,061,"Puerto Rico Commonwealth","Guaynabo Municipio",2,72,995,421,574
050,72,061,"Puerto Rico Commonwealth","Guaynabo Municipio",2,73,1003,435,568
050,72,061,"Puerto Rico Commonwealth","Guaynabo Municipio",2,74,982,426,556
050,72,061,"Puerto Rico Commonwealth","Guaynabo Municipio",2,75,942,393,549
050,72,061,"Puerto Rico Commonwealth","Guaynabo Municipio",2,76,876,358,518
050,72,061,"Puerto Rico Commonwealth","Guaynabo Municipio",2,77,846,350,496
050,72,061,"Puerto Rico Commonwealth","Guaynabo Municipio",2,78,789,321,468
050,72,061,"Puerto Rico Commonwealth","Guaynabo Municipio",2,79,704,280,424
050,72,061,"Puerto Rico Commonwealth","Guaynabo Municipio",2,80,659,269,390
050,72,061,"Puerto Rico Commonwealth","Guaynabo Municipio",2,81,619,261,358
050,72,061,"Puerto Rico Commonwealth","Guaynabo Municipio",2,82,604,248,356
050,72,061,"Puerto Rico Commonwealth","Guaynabo Municipio",2,83,609,232,377
050,72,061,"Puerto Rico Commonwealth","Guaynabo Municipio",2,84,548,206,342
050,72,061,"Puerto Rico Commonwealth","Guaynabo Municipio",2,85,3336,1146,2190
050,72,061,"Puerto Rico Commonwealth","Guaynabo Municipio",3,0,483,247,236
050,72,061,"Puerto Rico Commonwealth","Guaynabo Municipio",3,1,543,270,273
050,72,061,"Puerto Rico Commonwealth","Guaynabo Municipio",3,2,572,290,282
050,72,061,"Puerto Rico Commonwealth","Guaynabo Municipio",3,3,534,276,258
050,72,061,"Puerto Rico Commonwealth","Guaynabo Municipio",3,4,565,292,273
050,72,061,"Puerto Rico Commonwealth","Guaynabo Municipio",3,5,639,324,315
050,72,061,"Puerto Rico Commonwealth","Guaynabo Municipio",3,6,680,343,337
050,72,061,"Puerto Rico Commonwealth","Guaynabo Municipio",3,7,684,344,340
050,72,061,"Puerto Rico Commonwealth","Guaynabo Municipio",3,8,710,374,336
050,72,061,"Puerto Rico Commonwealth","Guaynabo Municipio",3,9,714,368,346
050,72,061,"Puerto Rico Commonwealth","Guaynabo Municipio",3,10,762,378,384
050,72,061,"Puerto Rico Commonwealth","Guaynabo Municipio",3,11,788,401,387
050,72,061,"Puerto Rico Commonwealth","Guaynabo Municipio",3,12,778,405,373
050,72,061,"Puerto Rico Commonwealth","Guaynabo Municipio",3,13,817,425,392
050,72,061,"Puerto Rico Commonwealth","Guaynabo Municipio",3,14,857,439,418
050,72,061,"Puerto Rico Commonwealth","Guaynabo Municipio",3,15,881,437,444
050,72,061,"Puerto Rico Commonwealth","Guaynabo Municipio",3,16,909,457,452
050,72,061,"Puerto Rico Commonwealth","Guaynabo Municipio",3,17,935,484,451
050,72,061,"Puerto Rico Commonwealth","Guaynabo Municipio",3,18,946,481,465
050,72,061,"Puerto Rico Commonwealth","Guaynabo Municipio",3,19,963,495,468
050,72,061,"Puerto Rico Commonwealth","Guaynabo Municipio",3,20,1035,543,492
050,72,061,"Puerto Rico Commonwealth","Guaynabo Municipio",3,21,1065,566,499
050,72,061,"Puerto Rico Commonwealth","Guaynabo Municipio",3,22,1095,601,494
050,72,061,"Puerto Rico Commonwealth","Guaynabo Municipio",3,23,1100,588,512
050,72,061,"Puerto Rico Commonwealth","Guaynabo Municipio",3,24,1166,622,544
050,72,061,"Puerto Rico Commonwealth","Guaynabo Municipio",3,25,1202,646,556
050,72,061,"Puerto Rico Commonwealth","Guaynabo Municipio",3,26,1239,673,566
050,72,061,"Puerto Rico Commonwealth","Guaynabo Municipio",3,27,1293,681,612
050,72,061,"Puerto Rico Commonwealth","Guaynabo Municipio",3,28,1311,668,643
050,72,061,"Puerto Rico Commonwealth","Guaynabo Municipio",3,29,1275,653,622
050,72,061,"Puerto Rico Commonwealth","Guaynabo Municipio",3,30,1295,674,621
050,72,061,"Puerto Rico Commonwealth","Guaynabo Municipio",3,31,1272,667,605
050,72,061,"Puerto Rico Commonwealth","Guaynabo Municipio",3,32,1156,607,549
050,72,061,"Puerto Rico Commonwealth","Guaynabo Municipio",3,33,1079,559,520
050,72,061,"Puerto Rico Commonwealth","Guaynabo Municipio",3,34,1055,547,508
050,72,061,"Puerto Rico Commonwealth","Guaynabo Municipio",3,35,1019,527,492
050,72,061,"Puerto Rico Commonwealth","Guaynabo Municipio",3,36,1007,524,483
050,72,061,"Puerto Rico Commonwealth","Guaynabo Municipio",3,37,1003,491,512
050,72,061,"Puerto Rico Commonwealth","Guaynabo Municipio",3,38,1076,530,546
050,72,061,"Puerto Rico Commonwealth","Guaynabo Municipio",3,39,1123,535,588
050,72,061,"Puerto Rico Commonwealth","Guaynabo Municipio",3,40,1133,522,611
050,72,061,"Puerto Rico Commonwealth","Guaynabo Municipio",3,41,1143,536,607
050,72,061,"Puerto Rico Commonwealth","Guaynabo Municipio",3,42,1063,517,546
050,72,061,"Puerto Rico Commonwealth","Guaynabo Municipio",3,43,1076,523,553
050,72,061,"Puerto Rico Commonwealth","Guaynabo Municipio",3,44,1057,512,545
050,72,061,"Puerto Rico Commonwealth","Guaynabo Municipio",3,45,1037,493,544
050,72,061,"Puerto Rico Commonwealth","Guaynabo Municipio",3,46,1057,493,564
050,72,061,"Puerto Rico Commonwealth","Guaynabo Municipio",3,47,1064,504,560
050,72,061,"Puerto Rico Commonwealth","Guaynabo Municipio",3,48,1083,521,562
050,72,061,"Puerto Rico Commonwealth","Guaynabo Municipio",3,49,1080,496,584
050,72,061,"Puerto Rico Commonwealth","Guaynabo Municipio",3,50,1137,519,618
050,72,061,"Puerto Rico Commonwealth","Guaynabo Municipio",3,51,1206,545,661
050,72,061,"Puerto Rico Commonwealth","Guaynabo Municipio",3,52,1184,533,651
050,72,061,"Puerto Rico Commonwealth","Guaynabo Municipio",3,53,1162,523,639
050,72,061,"Puerto Rico Commonwealth","Guaynabo Municipio",3,54,1206,532,674
050,72,061,"Puerto Rico Commonwealth","Guaynabo Municipio",3,55,1257,554,703
050,72,061,"Puerto Rico Commonwealth","Guaynabo Municipio",3,56,1291,585,706
050,72,061,"Puerto Rico Commonwealth","Guaynabo Municipio",3,57,1309,574,735
050,72,061,"Puerto Rico Commonwealth","Guaynabo Municipio",3,58,1314,572,742
050,72,061,"Puerto Rico Commonwealth","Guaynabo Municipio",3,59,1324,572,752
050,72,061,"Puerto Rico Commonwealth","Guaynabo Municipio",3,60,1329,566,763
050,72,061,"Puerto Rico Commonwealth","Guaynabo Municipio",3,61,1314,552,762
050,72,061,"Puerto Rico Commonwealth","Guaynabo Municipio",3,62,1287,560,727
050,72,061,"Puerto Rico Commonwealth","Guaynabo Municipio",3,63,1286,561,725
050,72,061,"Puerto Rico Commonwealth","Guaynabo Municipio",3,64,1329,580,749
050,72,061,"Puerto Rico Commonwealth","Guaynabo Municipio",3,65,1364,593,771
050,72,061,"Puerto Rico Commonwealth","Guaynabo Municipio",3,66,1309,571,738
050,72,061,"Puerto Rico Commonwealth","Guaynabo Municipio",3,67,1203,521,682
050,72,061,"Puerto Rico Commonwealth","Guaynabo Municipio",3,68,1158,508,650
050,72,061,"Puerto Rico Commonwealth","Guaynabo Municipio",3,69,1139,494,645
050,72,061,"Puerto Rico Commonwealth","Guaynabo Municipio",3,70,1136,500,636
050,72,061,"Puerto Rico Commonwealth","Guaynabo Municipio",3,71,1104,489,615
050,72,061,"Puerto Rico Commonwealth","Guaynabo Municipio",3,72,1017,445,572
050,72,061,"Puerto Rico Commonwealth","Guaynabo Municipio",3,73,988,419,569
050,72,061,"Puerto Rico Commonwealth","Guaynabo Municipio",3,74,986,423,563
050,72,061,"Puerto Rico Commonwealth","Guaynabo Municipio",3,75,968,412,556
050,72,061,"Puerto Rico Commonwealth","Guaynabo Municipio",3,76,923,386,537
050,72,061,"Puerto Rico Commonwealth","Guaynabo Municipio",3,77,872,353,519
050,72,061,"Puerto Rico Commonwealth","Guaynabo Municipio",3,78,823,337,486
050,72,061,"Puerto Rico Commonwealth","Guaynabo Municipio",3,79,783,316,467
050,72,061,"Puerto Rico Commonwealth","Guaynabo Municipio",3,80,685,268,417
050,72,061,"Puerto Rico Commonwealth","Guaynabo Municipio",3,81,648,264,384
050,72,061,"Puerto Rico Commonwealth","Guaynabo Municipio",3,82,589,243,346
050,72,061,"Puerto Rico Commonwealth","Guaynabo Municipio",3,83,598,241,357
050,72,061,"Puerto Rico Commonwealth","Guaynabo Municipio",3,84,572,213,359
050,72,061,"Puerto Rico Commonwealth","Guaynabo Municipio",3,85,3504,1195,2309
050,72,061,"Puerto Rico Commonwealth","Guaynabo Municipio",4,0,500,262,238
050,72,061,"Puerto Rico Commonwealth","Guaynabo Municipio",4,1,476,244,232
050,72,061,"Puerto Rico Commonwealth","Guaynabo Municipio",4,2,533,265,268
050,72,061,"Puerto Rico Commonwealth","Guaynabo Municipio",4,3,563,285,278
050,72,061,"Puerto Rico Commonwealth","Guaynabo Municipio",4,4,527,273,254
050,72,061,"Puerto Rico Commonwealth","Guaynabo Municipio",4,5,556,287,269
050,72,061,"Puerto Rico Commonwealth","Guaynabo Municipio",4,6,634,320,314
050,72,061,"Puerto Rico Commonwealth","Guaynabo Municipio",4,7,667,337,330
050,72,061,"Puerto Rico Commonwealth","Guaynabo Municipio",4,8,674,339,335
050,72,061,"Puerto Rico Commonwealth","Guaynabo Municipio",4,9,704,371,333
050,72,061,"Puerto Rico Commonwealth","Guaynabo Municipio",4,10,703,362,341
050,72,061,"Puerto Rico Commonwealth","Guaynabo Municipio",4,11,753,372,381
050,72,061,"Puerto Rico Commonwealth","Guaynabo Municipio",4,12,779,397,382
050,72,061,"Puerto Rico Commonwealth","Guaynabo Municipio",4,13,769,401,368
050,72,061,"Puerto Rico Commonwealth","Guaynabo Municipio",4,14,805,419,386
050,72,061,"Puerto Rico Commonwealth","Guaynabo Municipio",4,15,853,438,415
050,72,061,"Puerto Rico Commonwealth","Guaynabo Municipio",4,16,875,436,439
050,72,061,"Puerto Rico Commonwealth","Guaynabo Municipio",4,17,898,454,444
050,72,061,"Puerto Rico Commonwealth","Guaynabo Municipio",4,18,919,477,442
050,72,061,"Puerto Rico Commonwealth","Guaynabo Municipio",4,19,942,482,460
050,72,061,"Puerto Rico Commonwealth","Guaynabo Municipio",4,20,968,505,463
050,72,061,"Puerto Rico Commonwealth","Guaynabo Municipio",4,21,1043,555,488
050,72,061,"Puerto Rico Commonwealth","Guaynabo Municipio",4,22,1084,581,503
050,72,061,"Puerto Rico Commonwealth","Guaynabo Municipio",4,23,1104,606,498
050,72,061,"Puerto Rico Commonwealth","Guaynabo Municipio",4,24,1122,609,513
050,72,061,"Puerto Rico Commonwealth","Guaynabo Municipio",4,25,1158,610,548
050,72,061,"Puerto Rico Commonwealth","Guaynabo Municipio",4,26,1200,644,556
050,72,061,"Puerto Rico Commonwealth","Guaynabo Municipio",4,27,1240,674,566
050,72,061,"Puerto Rico Commonwealth","Guaynabo Municipio",4,28,1302,688,614
050,72,061,"Puerto Rico Commonwealth","Guaynabo Municipio",4,29,1305,660,645
050,72,061,"Puerto Rico Commonwealth","Guaynabo Municipio",4,30,1272,653,619
050,72,061,"Puerto Rico Commonwealth","Guaynabo Municipio",4,31,1289,664,625
050,72,061,"Puerto Rico Commonwealth","Guaynabo Municipio",4,32,1265,671,594
050,72,061,"Puerto Rico Commonwealth","Guaynabo Municipio",4,33,1140,586,554
050,72,061,"Puerto Rico Commonwealth","Guaynabo Municipio",4,34,1075,563,512
050,72,061,"Puerto Rico Commonwealth","Guaynabo Municipio",4,35,1030,525,505
050,72,061,"Puerto Rico Commonwealth","Guaynabo Municipio",4,36,1012,525,487
050,72,061,"Puerto Rico Commonwealth","Guaynabo Municipio",4,37,987,506,481
050,72,061,"Puerto Rico Commonwealth","Guaynabo Municipio",4,38,991,490,501
050,72,061,"Puerto Rico Commonwealth","Guaynabo Municipio",4,39,1057,510,547
050,72,061,"Puerto Rico Commonwealth","Guaynabo Municipio",4,40,1096,518,578
050,72,061,"Puerto Rico Commonwealth","Guaynabo Municipio",4,41,1122,515,607
050,72,061,"Puerto Rico Commonwealth","Guaynabo Municipio",4,42,1122,519,603
050,72,061,"Puerto Rico Commonwealth","Guaynabo Municipio",4,43,1052,510,542
050,72,061,"Puerto Rico Commonwealth","Guaynabo Municipio",4,44,1059,509,550
050,72,061,"Puerto Rico Commonwealth","Guaynabo Municipio",4,45,1038,501,537
050,72,061,"Puerto Rico Commonwealth","Guaynabo Municipio",4,46,1023,482,541
050,72,061,"Puerto Rico Commonwealth","Guaynabo Municipio",4,47,1049,486,563
050,72,061,"Puerto Rico Commonwealth","Guaynabo Municipio",4,48,1058,500,558
050,72,061,"Puerto Rico Commonwealth","Guaynabo Municipio",4,49,1060,505,555
050,72,061,"Puerto Rico Commonwealth","Guaynabo Municipio",4,50,1067,485,582
050,72,061,"Puerto Rico Commonwealth","Guaynabo Municipio",4,51,1128,516,612
050,72,061,"Puerto Rico Commonwealth","Guaynabo Municipio",4,52,1196,532,664
050,72,061,"Puerto Rico Commonwealth","Guaynabo Municipio",4,53,1175,531,644
050,72,061,"Puerto Rico Commonwealth","Guaynabo Municipio",4,54,1155,517,638
050,72,061,"Puerto Rico Commonwealth","Guaynabo Municipio",4,55,1190,515,675
050,72,061,"Puerto Rico Commonwealth","Guaynabo Municipio",4,56,1250,553,697
050,72,061,"Puerto Rico Commonwealth","Guaynabo Municipio",4,57,1277,575,702
050,72,061,"Puerto Rico Commonwealth","Guaynabo Municipio",4,58,1306,570,736
050,72,061,"Puerto Rico Commonwealth","Guaynabo Municipio",4,59,1301,561,740
050,72,061,"Puerto Rico Commonwealth","Guaynabo Municipio",4,60,1328,574,754
050,72,061,"Puerto Rico Commonwealth","Guaynabo Municipio",4,61,1333,564,769
050,72,061,"Puerto Rico Commonwealth","Guaynabo Municipio",4,62,1316,553,763
050,72,061,"Puerto Rico Commonwealth","Guaynabo Municipio",4,63,1281,556,725
050,72,061,"Puerto Rico Commonwealth","Guaynabo Municipio",4,64,1274,554,720
050,72,061,"Puerto Rico Commonwealth","Guaynabo Municipio",4,65,1321,579,742
050,72,061,"Puerto Rico Commonwealth","Guaynabo Municipio",4,66,1363,592,771
050,72,061,"Puerto Rico Commonwealth","Guaynabo Municipio",4,67,1302,565,737
050,72,061,"Puerto Rico Commonwealth","Guaynabo Municipio",4,68,1183,513,670
050,72,061,"Puerto Rico Commonwealth","Guaynabo Municipio",4,69,1146,501,645
050,72,061,"Puerto Rico Commonwealth","Guaynabo Municipio",4,70,1142,494,648
050,72,061,"Puerto Rico Commonwealth","Guaynabo Municipio",4,71,1128,496,632
050,72,061,"Puerto Rico Commonwealth","Guaynabo Municipio",4,72,1092,476,616
050,72,061,"Puerto Rico Commonwealth","Guaynabo Municipio",4,73,1004,436,568
050,72,061,"Puerto Rico Commonwealth","Guaynabo Municipio",4,74,970,407,563
050,72,061,"Puerto Rico Commonwealth","Guaynabo Municipio",4,75,970,408,562
050,72,061,"Puerto Rico Commonwealth","Guaynabo Municipio",4,76,960,412,548
050,72,061,"Puerto Rico Commonwealth","Guaynabo Municipio",4,77,920,385,535
050,72,061,"Puerto Rico Commonwealth","Guaynabo Municipio",4,78,847,338,509
050,72,061,"Puerto Rico Commonwealth","Guaynabo Municipio",4,79,812,332,480
050,72,061,"Puerto Rico Commonwealth","Guaynabo Municipio",4,80,764,305,459
050,72,061,"Puerto Rico Commonwealth","Guaynabo Municipio",4,81,673,264,409
050,72,061,"Puerto Rico Commonwealth","Guaynabo Municipio",4,82,618,244,374
050,72,061,"Puerto Rico Commonwealth","Guaynabo Municipio",4,83,562,227,335
050,72,061,"Puerto Rico Commonwealth","Guaynabo Municipio",4,84,558,223,335
050,72,061,"Puerto Rico Commonwealth","Guaynabo Municipio",4,85,3646,1225,2421
050,72,061,"Puerto Rico Commonwealth","Guaynabo Municipio",5,0,497,249,248
050,72,061,"Puerto Rico Commonwealth","Guaynabo Municipio",5,1,501,263,238
050,72,061,"Puerto Rico Commonwealth","Guaynabo Municipio",5,2,477,245,232
050,72,061,"Puerto Rico Commonwealth","Guaynabo Municipio",5,3,534,265,269
050,72,061,"Puerto Rico Commonwealth","Guaynabo Municipio",5,4,566,287,279
050,72,061,"Puerto Rico Commonwealth","Guaynabo Municipio",5,5,528,273,255
050,72,061,"Puerto Rico Commonwealth","Guaynabo Municipio",5,6,559,288,271
050,72,061,"Puerto Rico Commonwealth","Guaynabo Municipio",5,7,630,319,311
050,72,061,"Puerto Rico Commonwealth","Guaynabo Municipio",5,8,666,337,329
050,72,061,"Puerto Rico Commonwealth","Guaynabo Municipio",5,9,678,341,337
050,72,061,"Puerto Rico Commonwealth","Guaynabo Municipio",5,10,704,371,333
050,72,061,"Puerto Rico Commonwealth","Guaynabo Municipio",5,11,705,362,343
050,72,061,"Puerto Rico Commonwealth","Guaynabo Municipio",5,12,754,374,380
050,72,061,"Puerto Rico Commonwealth","Guaynabo Municipio",5,13,781,400,381
050,72,061,"Puerto Rico Commonwealth","Guaynabo Municipio",5,14,769,402,367
050,72,061,"Puerto Rico Commonwealth","Guaynabo Municipio",5,15,813,425,388
050,72,061,"Puerto Rico Commonwealth","Guaynabo Municipio",5,16,860,444,416
050,72,061,"Puerto Rico Commonwealth","Guaynabo Municipio",5,17,879,442,437
050,72,061,"Puerto Rico Commonwealth","Guaynabo Municipio",5,18,898,456,442
050,72,061,"Puerto Rico Commonwealth","Guaynabo Municipio",5,19,927,483,444
050,72,061,"Puerto Rico Commonwealth","Guaynabo Municipio",5,20,962,501,461
050,72,061,"Puerto Rico Commonwealth","Guaynabo Municipio",5,21,994,528,466
050,72,061,"Puerto Rico Commonwealth","Guaynabo Municipio",5,22,1077,578,499
050,72,061,"Puerto Rico Commonwealth","Guaynabo Municipio",5,23,1107,593,514
050,72,061,"Puerto Rico Commonwealth","Guaynabo Municipio",5,24,1145,638,507
050,72,061,"Puerto Rico Commonwealth","Guaynabo Municipio",5,25,1126,603,523
050,72,061,"Puerto Rico Commonwealth","Guaynabo Municipio",5,26,1173,618,555
050,72,061,"Puerto Rico Commonwealth","Guaynabo Municipio",5,27,1219,656,563
050,72,061,"Puerto Rico Commonwealth","Guaynabo Municipio",5,28,1267,691,576
050,72,061,"Puerto Rico Commonwealth","Guaynabo Municipio",5,29,1314,690,624
050,72,061,"Puerto Rico Commonwealth","Guaynabo Municipio",5,30,1318,669,649
050,72,061,"Puerto Rico Commonwealth","Guaynabo Municipio",5,31,1285,655,630
050,72,061,"Puerto Rico Commonwealth","Guaynabo Municipio",5,32,1297,676,621
050,72,061,"Puerto Rico Commonwealth","Guaynabo Municipio",5,33,1265,659,606
050,72,061,"Puerto Rico Commonwealth","Guaynabo Municipio",5,34,1148,596,552
050,72,061,"Puerto Rico Commonwealth","Guaynabo Municipio",5,35,1063,548,515
050,72,061,"Puerto Rico Commonwealth","Guaynabo Municipio",5,36,1037,531,506
050,72,061,"Puerto Rico Commonwealth","Guaynabo Municipio",5,37,1004,515,489
050,72,061,"Puerto Rico Commonwealth","Guaynabo Municipio",5,38,987,511,476
050,72,061,"Puerto Rico Commonwealth","Guaynabo Municipio",5,39,982,474,508
050,72,061,"Puerto Rico Commonwealth","Guaynabo Municipio",5,40,1041,500,541
050,72,061,"Puerto Rico Commonwealth","Guaynabo Municipio",5,41,1097,519,578
050,72,061,"Puerto Rico Commonwealth","Guaynabo Municipio",5,42,1111,503,608
050,72,061,"Puerto Rico Commonwealth","Guaynabo Municipio",5,43,1122,516,606
050,72,061,"Puerto Rico Commonwealth","Guaynabo Municipio",5,44,1043,499,544
050,72,061,"Puerto Rico Commonwealth","Guaynabo Municipio",5,45,1052,505,547
050,72,061,"Puerto Rico Commonwealth","Guaynabo Municipio",5,46,1037,497,540
050,72,061,"Puerto Rico Commonwealth","Guaynabo Municipio",5,47,1028,482,546
050,72,061,"Puerto Rico Commonwealth","Guaynabo Municipio",5,48,1052,488,564
050,72,061,"Puerto Rico Commonwealth","Guaynabo Municipio",5,49,1045,490,555
050,72,061,"Puerto Rico Commonwealth","Guaynabo Municipio",5,50,1054,495,559
050,72,061,"Puerto Rico Commonwealth","Guaynabo Municipio",5,51,1059,481,578
050,72,061,"Puerto Rico Commonwealth","Guaynabo Municipio",5,52,1133,513,620
050,72,061,"Puerto Rico Commonwealth","Guaynabo Municipio",5,53,1188,532,656
050,72,061,"Puerto Rico Commonwealth","Guaynabo Municipio",5,54,1169,526,643
050,72,061,"Puerto Rico Commonwealth","Guaynabo Municipio",5,55,1143,497,646
050,72,061,"Puerto Rico Commonwealth","Guaynabo Municipio",5,56,1194,523,671
050,72,061,"Puerto Rico Commonwealth","Guaynabo Municipio",5,57,1250,551,699
050,72,061,"Puerto Rico Commonwealth","Guaynabo Municipio",5,58,1276,570,706
050,72,061,"Puerto Rico Commonwealth","Guaynabo Municipio",5,59,1301,567,734
050,72,061,"Puerto Rico Commonwealth","Guaynabo Municipio",5,60,1303,561,742
050,72,061,"Puerto Rico Commonwealth","Guaynabo Municipio",5,61,1330,572,758
050,72,061,"Puerto Rico Commonwealth","Guaynabo Municipio",5,62,1338,566,772
050,72,061,"Puerto Rico Commonwealth","Guaynabo Municipio",5,63,1310,550,760
050,72,061,"Puerto Rico Commonwealth","Guaynabo Municipio",5,64,1271,548,723
050,72,061,"Puerto Rico Commonwealth","Guaynabo Municipio",5,65,1264,552,712
050,72,061,"Puerto Rico Commonwealth","Guaynabo Municipio",5,66,1325,577,748
050,72,061,"Puerto Rico Commonwealth","Guaynabo Municipio",5,67,1358,583,775
050,72,061,"Puerto Rico Commonwealth","Guaynabo Municipio",5,68,1283,549,734
050,72,061,"Puerto Rico Commonwealth","Guaynabo Municipio",5,69,1180,510,670
050,72,061,"Puerto Rico Commonwealth","Guaynabo Municipio",5,70,1147,499,648
050,72,061,"Puerto Rico Commonwealth","Guaynabo Municipio",5,71,1132,486,646
050,72,061,"Puerto Rico Commonwealth","Guaynabo Municipio",5,72,1123,491,632
050,72,061,"Puerto Rico Commonwealth","Guaynabo Municipio",5,73,1092,476,616
050,72,061,"Puerto Rico Commonwealth","Guaynabo Municipio",5,74,987,427,560
050,72,061,"Puerto Rico Commonwealth","Guaynabo Municipio",5,75,958,390,568
050,72,061,"Puerto Rico Commonwealth","Guaynabo Municipio",5,76,952,401,551
050,72,061,"Puerto Rico Commonwealth","Guaynabo Municipio",5,77,960,406,554
050,72,061,"Puerto Rico Commonwealth","Guaynabo Municipio",5,78,888,362,526
050,72,061,"Puerto Rico Commonwealth","Guaynabo Municipio",5,79,839,332,507
050,72,061,"Puerto Rico Commonwealth","Guaynabo Municipio",5,80,795,325,470
050,72,061,"Puerto Rico Commonwealth","Guaynabo Municipio",5,81,752,297,455
050,72,061,"Puerto Rico Commonwealth","Guaynabo Municipio",5,82,650,248,402
050,72,061,"Puerto Rico Commonwealth","Guaynabo Municipio",5,83,598,232,366
050,72,061,"Puerto Rico Commonwealth","Guaynabo Municipio",5,84,522,210,312
050,72,061,"Puerto Rico Commonwealth","Guaynabo Municipio",5,85,3791,1290,2501
050,72,063,"Puerto Rico Commonwealth","Gurabo Municipio",1,0,215,109,106
050,72,063,"Puerto Rico Commonwealth","Gurabo Municipio",1,1,235,121,114
050,72,063,"Puerto Rico Commonwealth","Gurabo Municipio",1,2,246,131,115
050,72,063,"Puerto Rico Commonwealth","Gurabo Municipio",1,3,261,144,117
050,72,063,"Puerto Rico Commonwealth","Gurabo Municipio",1,4,293,147,146
050,72,063,"Puerto Rico Commonwealth","Gurabo Municipio",1,5,341,169,172
050,72,063,"Puerto Rico Commonwealth","Gurabo Municipio",1,6,371,191,180
050,72,063,"Puerto Rico Commonwealth","Gurabo Municipio",1,7,386,189,197
050,72,063,"Puerto Rico Commonwealth","Gurabo Municipio",1,8,421,209,212
050,72,063,"Puerto Rico Commonwealth","Gurabo Municipio",1,9,455,228,227
050,72,063,"Puerto Rico Commonwealth","Gurabo Municipio",1,10,481,243,238
050,72,063,"Puerto Rico Commonwealth","Gurabo Municipio",1,11,491,249,242
050,72,063,"Puerto Rico Commonwealth","Gurabo Municipio",1,12,519,264,255
050,72,063,"Puerto Rico Commonwealth","Gurabo Municipio",1,13,534,275,259
050,72,063,"Puerto Rico Commonwealth","Gurabo Municipio",1,14,536,278,258
050,72,063,"Puerto Rico Commonwealth","Gurabo Municipio",1,15,519,258,261
050,72,063,"Puerto Rico Commonwealth","Gurabo Municipio",1,16,519,246,273
050,72,063,"Puerto Rico Commonwealth","Gurabo Municipio",1,17,529,251,278
050,72,063,"Puerto Rico Commonwealth","Gurabo Municipio",1,18,532,266,266
050,72,063,"Puerto Rico Commonwealth","Gurabo Municipio",1,19,556,281,275
050,72,063,"Puerto Rico Commonwealth","Gurabo Municipio",1,20,550,268,282
050,72,063,"Puerto Rico Commonwealth","Gurabo Municipio",1,21,544,267,277
050,72,063,"Puerto Rico Commonwealth","Gurabo Municipio",1,22,561,272,289
050,72,063,"Puerto Rico Commonwealth","Gurabo Municipio",1,23,551,258,293
050,72,063,"Puerto Rico Commonwealth","Gurabo Municipio",1,24,575,276,299
050,72,063,"Puerto Rico Commonwealth","Gurabo Municipio",1,25,585,298,287
050,72,063,"Puerto Rico Commonwealth","Gurabo Municipio",1,26,571,276,295
050,72,063,"Puerto Rico Commonwealth","Gurabo Municipio",1,27,606,285,321
050,72,063,"Puerto Rico Commonwealth","Gurabo Municipio",1,28,600,279,321
050,72,063,"Puerto Rico Commonwealth","Gurabo Municipio",1,29,611,266,345
050,72,063,"Puerto Rico Commonwealth","Gurabo Municipio",1,30,595,267,328
050,72,063,"Puerto Rico Commonwealth","Gurabo Municipio",1,31,557,266,291
050,72,063,"Puerto Rico Commonwealth","Gurabo Municipio",1,32,514,245,269
050,72,063,"Puerto Rico Commonwealth","Gurabo Municipio",1,33,487,223,264
050,72,063,"Puerto Rico Commonwealth","Gurabo Municipio",1,34,477,228,249
050,72,063,"Puerto Rico Commonwealth","Gurabo Municipio",1,35,474,227,247
050,72,063,"Puerto Rico Commonwealth","Gurabo Municipio",1,36,500,231,269
050,72,063,"Puerto Rico Commonwealth","Gurabo Municipio",1,37,526,240,286
050,72,063,"Puerto Rico Commonwealth","Gurabo Municipio",1,38,566,267,299
050,72,063,"Puerto Rico Commonwealth","Gurabo Municipio",1,39,622,285,337
050,72,063,"Puerto Rico Commonwealth","Gurabo Municipio",1,40,621,282,339
050,72,063,"Puerto Rico Commonwealth","Gurabo Municipio",1,41,604,276,328
050,72,063,"Puerto Rico Commonwealth","Gurabo Municipio",1,42,608,277,331
050,72,063,"Puerto Rico Commonwealth","Gurabo Municipio",1,43,614,282,332
050,72,063,"Puerto Rico Commonwealth","Gurabo Municipio",1,44,651,305,346
050,72,063,"Puerto Rico Commonwealth","Gurabo Municipio",1,45,651,309,342
050,72,063,"Puerto Rico Commonwealth","Gurabo Municipio",1,46,622,294,328
050,72,063,"Puerto Rico Commonwealth","Gurabo Municipio",1,47,626,309,317
050,72,063,"Puerto Rico Commonwealth","Gurabo Municipio",1,48,615,304,311
050,72,063,"Puerto Rico Commonwealth","Gurabo Municipio",1,49,598,286,312
050,72,063,"Puerto Rico Commonwealth","Gurabo Municipio",1,50,582,270,312
050,72,063,"Puerto Rico Commonwealth","Gurabo Municipio",1,51,578,271,307
050,72,063,"Puerto Rico Commonwealth","Gurabo Municipio",1,52,567,266,301
050,72,063,"Puerto Rico Commonwealth","Gurabo Municipio",1,53,590,271,319
050,72,063,"Puerto Rico Commonwealth","Gurabo Municipio",1,54,591,260,331
050,72,063,"Puerto Rico Commonwealth","Gurabo Municipio",1,55,565,257,308
050,72,063,"Puerto Rico Commonwealth","Gurabo Municipio",1,56,543,250,293
050,72,063,"Puerto Rico Commonwealth","Gurabo Municipio",1,57,549,249,300
050,72,063,"Puerto Rico Commonwealth","Gurabo Municipio",1,58,554,249,305
050,72,063,"Puerto Rico Commonwealth","Gurabo Municipio",1,59,538,232,306
050,72,063,"Puerto Rico Commonwealth","Gurabo Municipio",1,60,525,239,286
050,72,063,"Puerto Rico Commonwealth","Gurabo Municipio",1,61,482,228,254
050,72,063,"Puerto Rico Commonwealth","Gurabo Municipio",1,62,455,209,246
050,72,063,"Puerto Rico Commonwealth","Gurabo Municipio",1,63,460,196,264
050,72,063,"Puerto Rico Commonwealth","Gurabo Municipio",1,64,464,208,256
050,72,063,"Puerto Rico Commonwealth","Gurabo Municipio",1,65,430,189,241
050,72,063,"Puerto Rico Commonwealth","Gurabo Municipio",1,66,399,177,222
050,72,063,"Puerto Rico Commonwealth","Gurabo Municipio",1,67,395,174,221
050,72,063,"Puerto Rico Commonwealth","Gurabo Municipio",1,68,407,189,218
050,72,063,"Puerto Rico Commonwealth","Gurabo Municipio",1,69,401,187,214
050,72,063,"Puerto Rico Commonwealth","Gurabo Municipio",1,70,388,179,209
050,72,063,"Puerto Rico Commonwealth","Gurabo Municipio",1,71,364,168,196
050,72,063,"Puerto Rico Commonwealth","Gurabo Municipio",1,72,359,161,198
050,72,063,"Puerto Rico Commonwealth","Gurabo Municipio",1,73,338,153,185
050,72,063,"Puerto Rico Commonwealth","Gurabo Municipio",1,74,323,151,172
050,72,063,"Puerto Rico Commonwealth","Gurabo Municipio",1,75,303,141,162
050,72,063,"Puerto Rico Commonwealth","Gurabo Municipio",1,76,288,124,164
050,72,063,"Puerto Rico Commonwealth","Gurabo Municipio",1,77,266,117,149
050,72,063,"Puerto Rico Commonwealth","Gurabo Municipio",1,78,256,113,143
050,72,063,"Puerto Rico Commonwealth","Gurabo Municipio",1,79,223,100,123
050,72,063,"Puerto Rico Commonwealth","Gurabo Municipio",1,80,229,102,127
050,72,063,"Puerto Rico Commonwealth","Gurabo Municipio",1,81,198,88,110
050,72,063,"Puerto Rico Commonwealth","Gurabo Municipio",1,82,176,79,97
050,72,063,"Puerto Rico Commonwealth","Gurabo Municipio",1,83,155,63,92
050,72,063,"Puerto Rico Commonwealth","Gurabo Municipio",1,84,153,65,88
050,72,063,"Puerto Rico Commonwealth","Gurabo Municipio",1,85,806,329,477
050,72,063,"Puerto Rico Commonwealth","Gurabo Municipio",2,0,231,115,116
050,72,063,"Puerto Rico Commonwealth","Gurabo Municipio",2,1,230,118,112
050,72,063,"Puerto Rico Commonwealth","Gurabo Municipio",2,2,242,128,114
050,72,063,"Puerto Rico Commonwealth","Gurabo Municipio",2,3,258,141,117
050,72,063,"Puerto Rico Commonwealth","Gurabo Municipio",2,4,285,146,139
050,72,063,"Puerto Rico Commonwealth","Gurabo Municipio",2,5,329,164,165
050,72,063,"Puerto Rico Commonwealth","Gurabo Municipio",2,6,363,185,178
050,72,063,"Puerto Rico Commonwealth","Gurabo Municipio",2,7,383,190,193
050,72,063,"Puerto Rico Commonwealth","Gurabo Municipio",2,8,412,204,208
050,72,063,"Puerto Rico Commonwealth","Gurabo Municipio",2,9,446,223,223
050,72,063,"Puerto Rico Commonwealth","Gurabo Municipio",2,10,475,239,236
050,72,063,"Puerto Rico Commonwealth","Gurabo Municipio",2,11,489,248,241
050,72,063,"Puerto Rico Commonwealth","Gurabo Municipio",2,12,511,260,251
050,72,063,"Puerto Rico Commonwealth","Gurabo Municipio",2,13,530,272,258
050,72,063,"Puerto Rico Commonwealth","Gurabo Municipio",2,14,535,277,258
050,72,063,"Puerto Rico Commonwealth","Gurabo Municipio",2,15,522,262,260
050,72,063,"Puerto Rico Commonwealth","Gurabo Municipio",2,16,518,248,270
050,72,063,"Puerto Rico Commonwealth","Gurabo Municipio",2,17,525,248,277
050,72,063,"Puerto Rico Commonwealth","Gurabo Municipio",2,18,531,262,269
050,72,063,"Puerto Rico Commonwealth","Gurabo Municipio",2,19,547,275,272
050,72,063,"Puerto Rico Commonwealth","Gurabo Municipio",2,20,552,271,281
050,72,063,"Puerto Rico Commonwealth","Gurabo Municipio",2,21,545,267,278
050,72,063,"Puerto Rico Commonwealth","Gurabo Municipio",2,22,557,270,287
050,72,063,"Puerto Rico Commonwealth","Gurabo Municipio",2,23,554,261,293
050,72,063,"Puerto Rico Commonwealth","Gurabo Municipio",2,24,569,271,298
050,72,063,"Puerto Rico Commonwealth","Gurabo Municipio",2,25,584,293,291
050,72,063,"Puerto Rico Commonwealth","Gurabo Municipio",2,26,575,282,293
050,72,063,"Puerto Rico Commonwealth","Gurabo Municipio",2,27,601,284,317
050,72,063,"Puerto Rico Commonwealth","Gurabo Municipio",2,28,604,281,323
050,72,063,"Puerto Rico Commonwealth","Gurabo Municipio",2,29,612,271,341
050,72,063,"Puerto Rico Commonwealth","Gurabo Municipio",2,30,600,266,334
050,72,063,"Puerto Rico Commonwealth","Gurabo Municipio",2,31,570,268,302
050,72,063,"Puerto Rico Commonwealth","Gurabo Municipio",2,32,526,251,275
050,72,063,"Puerto Rico Commonwealth","Gurabo Municipio",2,33,495,229,266
050,72,063,"Puerto Rico Commonwealth","Gurabo Municipio",2,34,482,228,254
050,72,063,"Puerto Rico Commonwealth","Gurabo Municipio",2,35,476,228,248
050,72,063,"Puerto Rico Commonwealth","Gurabo Municipio",2,36,494,230,264
050,72,063,"Puerto Rico Commonwealth","Gurabo Municipio",2,37,519,237,282
050,72,063,"Puerto Rico Commonwealth","Gurabo Municipio",2,38,555,260,295
050,72,063,"Puerto Rico Commonwealth","Gurabo Municipio",2,39,609,281,328
050,72,063,"Puerto Rico Commonwealth","Gurabo Municipio",2,40,622,283,339
050,72,063,"Puerto Rico Commonwealth","Gurabo Municipio",2,41,607,277,330
050,72,063,"Puerto Rico Commonwealth","Gurabo Municipio",2,42,607,277,330
050,72,063,"Puerto Rico Commonwealth","Gurabo Municipio",2,43,613,281,332
050,72,063,"Puerto Rico Commonwealth","Gurabo Municipio",2,44,641,298,343
050,72,063,"Puerto Rico Commonwealth","Gurabo Municipio",2,45,649,306,343
050,72,063,"Puerto Rico Commonwealth","Gurabo Municipio",2,46,628,297,331
050,72,063,"Puerto Rico Commonwealth","Gurabo Municipio",2,47,624,304,320
050,72,063,"Puerto Rico Commonwealth","Gurabo Municipio",2,48,615,303,312
050,72,063,"Puerto Rico Commonwealth","Gurabo Municipio",2,49,602,290,312
050,72,063,"Puerto Rico Commonwealth","Gurabo Municipio",2,50,585,273,312
050,72,063,"Puerto Rico Commonwealth","Gurabo Municipio",2,51,578,269,309
050,72,063,"Puerto Rico Commonwealth","Gurabo Municipio",2,52,567,266,301
050,72,063,"Puerto Rico Commonwealth","Gurabo Municipio",2,53,578,266,312
050,72,063,"Puerto Rico Commonwealth","Gurabo Municipio",2,54,591,263,328
050,72,063,"Puerto Rico Commonwealth","Gurabo Municipio",2,55,569,257,312
050,72,063,"Puerto Rico Commonwealth","Gurabo Municipio",2,56,548,252,296
050,72,063,"Puerto Rico Commonwealth","Gurabo Municipio",2,57,546,249,297
050,72,063,"Puerto Rico Commonwealth","Gurabo Municipio",2,58,550,247,303
050,72,063,"Puerto Rico Commonwealth","Gurabo Municipio",2,59,541,236,305
050,72,063,"Puerto Rico Commonwealth","Gurabo Municipio",2,60,527,237,290
050,72,063,"Puerto Rico Commonwealth","Gurabo Municipio",2,61,492,231,261
050,72,063,"Puerto Rico Commonwealth","Gurabo Municipio",2,62,460,214,246
050,72,063,"Puerto Rico Commonwealth","Gurabo Municipio",2,63,455,198,257
050,72,063,"Puerto Rico Commonwealth","Gurabo Municipio",2,64,460,203,257
050,72,063,"Puerto Rico Commonwealth","Gurabo Municipio",2,65,437,194,243
050,72,063,"Puerto Rico Commonwealth","Gurabo Municipio",2,66,404,179,225
050,72,063,"Puerto Rico Commonwealth","Gurabo Municipio",2,67,393,174,219
050,72,063,"Puerto Rico Commonwealth","Gurabo Municipio",2,68,399,184,215
050,72,063,"Puerto Rico Commonwealth","Gurabo Municipio",2,69,397,184,213
050,72,063,"Puerto Rico Commonwealth","Gurabo Municipio",2,70,387,178,209
050,72,063,"Puerto Rico Commonwealth","Gurabo Municipio",2,71,366,168,198
050,72,063,"Puerto Rico Commonwealth","Gurabo Municipio",2,72,359,161,198
050,72,063,"Puerto Rico Commonwealth","Gurabo Municipio",2,73,342,154,188
050,72,063,"Puerto Rico Commonwealth","Gurabo Municipio",2,74,323,148,175
050,72,063,"Puerto Rico Commonwealth","Gurabo Municipio",2,75,307,142,165
050,72,063,"Puerto Rico Commonwealth","Gurabo Municipio",2,76,290,127,163
050,72,063,"Puerto Rico Commonwealth","Gurabo Municipio",2,77,267,116,151
050,72,063,"Puerto Rico Commonwealth","Gurabo Municipio",2,78,250,107,143
050,72,063,"Puerto Rico Commonwealth","Gurabo Municipio",2,79,228,100,128
050,72,063,"Puerto Rico Commonwealth","Gurabo Municipio",2,80,226,101,125
050,72,063,"Puerto Rico Commonwealth","Gurabo Municipio",2,81,202,89,113
050,72,063,"Puerto Rico Commonwealth","Gurabo Municipio",2,82,180,81,99
050,72,063,"Puerto Rico Commonwealth","Gurabo Municipio",2,83,159,67,92
050,72,063,"Puerto Rico Commonwealth","Gurabo Municipio",2,84,153,64,89
050,72,063,"Puerto Rico Commonwealth","Gurabo Municipio",2,85,824,336,488
050,72,063,"Puerto Rico Commonwealth","Gurabo Municipio",3,0,232,120,112
050,72,063,"Puerto Rico Commonwealth","Gurabo Municipio",3,1,234,116,118
050,72,063,"Puerto Rico Commonwealth","Gurabo Municipio",3,2,232,119,113
050,72,063,"Puerto Rico Commonwealth","Gurabo Municipio",3,3,244,129,115
050,72,063,"Puerto Rico Commonwealth","Gurabo Municipio",3,4,260,142,118
050,72,063,"Puerto Rico Commonwealth","Gurabo Municipio",3,5,287,147,140
050,72,063,"Puerto Rico Commonwealth","Gurabo Municipio",3,6,331,165,166
050,72,063,"Puerto Rico Commonwealth","Gurabo Municipio",3,7,365,186,179
050,72,063,"Puerto Rico Commonwealth","Gurabo Municipio",3,8,383,190,193
050,72,063,"Puerto Rico Commonwealth","Gurabo Municipio",3,9,412,204,208
050,72,063,"Puerto Rico Commonwealth","Gurabo Municipio",3,10,446,223,223
050,72,063,"Puerto Rico Commonwealth","Gurabo Municipio",3,11,473,238,235
050,72,063,"Puerto Rico Commonwealth","Gurabo Municipio",3,12,487,247,240
050,72,063,"Puerto Rico Commonwealth","Gurabo Municipio",3,13,508,258,250
050,72,063,"Puerto Rico Commonwealth","Gurabo Municipio",3,14,527,270,257
050,72,063,"Puerto Rico Commonwealth","Gurabo Municipio",3,15,531,274,257
050,72,063,"Puerto Rico Commonwealth","Gurabo Municipio",3,16,517,259,258
050,72,063,"Puerto Rico Commonwealth","Gurabo Municipio",3,17,514,246,268
050,72,063,"Puerto Rico Commonwealth","Gurabo Municipio",3,18,515,242,273
050,72,063,"Puerto Rico Commonwealth","Gurabo Municipio",3,19,528,261,267
050,72,063,"Puerto Rico Commonwealth","Gurabo Municipio",3,20,545,273,272
050,72,063,"Puerto Rico Commonwealth","Gurabo Municipio",3,21,555,273,282
050,72,063,"Puerto Rico Commonwealth","Gurabo Municipio",3,22,552,268,284
050,72,063,"Puerto Rico Commonwealth","Gurabo Municipio",3,23,557,267,290
050,72,063,"Puerto Rico Commonwealth","Gurabo Municipio",3,24,561,262,299
050,72,063,"Puerto Rico Commonwealth","Gurabo Municipio",3,25,580,275,305
050,72,063,"Puerto Rico Commonwealth","Gurabo Municipio",3,26,597,299,298
050,72,063,"Puerto Rico Commonwealth","Gurabo Municipio",3,27,589,290,299
050,72,063,"Puerto Rico Commonwealth","Gurabo Municipio",3,28,607,283,324
050,72,063,"Puerto Rico Commonwealth","Gurabo Municipio",3,29,612,279,333
050,72,063,"Puerto Rico Commonwealth","Gurabo Municipio",3,30,625,279,346
050,72,063,"Puerto Rico Commonwealth","Gurabo Municipio",3,31,621,279,342
050,72,063,"Puerto Rico Commonwealth","Gurabo Municipio",3,32,577,272,305
050,72,063,"Puerto Rico Commonwealth","Gurabo Municipio",3,33,534,251,283
050,72,063,"Puerto Rico Commonwealth","Gurabo Municipio",3,34,507,238,269
050,72,063,"Puerto Rico Commonwealth","Gurabo Municipio",3,35,483,228,255
050,72,063,"Puerto Rico Commonwealth","Gurabo Municipio",3,36,483,233,250
050,72,063,"Puerto Rico Commonwealth","Gurabo Municipio",3,37,496,227,269
050,72,063,"Puerto Rico Commonwealth","Gurabo Municipio",3,38,522,241,281
050,72,063,"Puerto Rico Commonwealth","Gurabo Municipio",3,39,558,262,296
050,72,063,"Puerto Rico Commonwealth","Gurabo Municipio",3,40,604,281,323
050,72,063,"Puerto Rico Commonwealth","Gurabo Municipio",3,41,629,287,342
050,72,063,"Puerto Rico Commonwealth","Gurabo Municipio",3,42,600,272,328
050,72,063,"Puerto Rico Commonwealth","Gurabo Municipio",3,43,604,274,330
050,72,063,"Puerto Rico Commonwealth","Gurabo Municipio",3,44,608,279,329
050,72,063,"Puerto Rico Commonwealth","Gurabo Municipio",3,45,636,298,338
050,72,063,"Puerto Rico Commonwealth","Gurabo Municipio",3,46,646,304,342
050,72,063,"Puerto Rico Commonwealth","Gurabo Municipio",3,47,637,304,333
050,72,063,"Puerto Rico Commonwealth","Gurabo Municipio",3,48,613,297,316
050,72,063,"Puerto Rico Commonwealth","Gurabo Municipio",3,49,606,297,309
050,72,063,"Puerto Rico Commonwealth","Gurabo Municipio",3,50,598,288,310
050,72,063,"Puerto Rico Commonwealth","Gurabo Municipio",3,51,580,266,314
050,72,063,"Puerto Rico Commonwealth","Gurabo Municipio",3,52,562,265,297
050,72,063,"Puerto Rico Commonwealth","Gurabo Municipio",3,53,569,268,301
050,72,063,"Puerto Rico Commonwealth","Gurabo Municipio",3,54,561,254,307
050,72,063,"Puerto Rico Commonwealth","Gurabo Municipio",3,55,586,262,324
050,72,063,"Puerto Rico Commonwealth","Gurabo Municipio",3,56,560,249,311
050,72,063,"Puerto Rico Commonwealth","Gurabo Municipio",3,57,541,250,291
050,72,063,"Puerto Rico Commonwealth","Gurabo Municipio",3,58,537,248,289
050,72,063,"Puerto Rico Commonwealth","Gurabo Municipio",3,59,541,240,301
050,72,063,"Puerto Rico Commonwealth","Gurabo Municipio",3,60,526,229,297
050,72,063,"Puerto Rico Commonwealth","Gurabo Municipio",3,61,518,236,282
050,72,063,"Puerto Rico Commonwealth","Gurabo Municipio",3,62,486,230,256
050,72,063,"Puerto Rico Commonwealth","Gurabo Municipio",3,63,445,201,244
050,72,063,"Puerto Rico Commonwealth","Gurabo Municipio",3,64,450,198,252
050,72,063,"Puerto Rico Commonwealth","Gurabo Municipio",3,65,453,199,254
050,72,063,"Puerto Rico Commonwealth","Gurabo Municipio",3,66,420,184,236
050,72,063,"Puerto Rico Commonwealth","Gurabo Municipio",3,67,393,174,219
050,72,063,"Puerto Rico Commonwealth","Gurabo Municipio",3,68,386,170,216
050,72,063,"Puerto Rico Commonwealth","Gurabo Municipio",3,69,388,178,210
050,72,063,"Puerto Rico Commonwealth","Gurabo Municipio",3,70,394,182,212
050,72,063,"Puerto Rico Commonwealth","Gurabo Municipio",3,71,376,172,204
050,72,063,"Puerto Rico Commonwealth","Gurabo Municipio",3,72,357,163,194
050,72,063,"Puerto Rico Commonwealth","Gurabo Municipio",3,73,346,152,194
050,72,063,"Puerto Rico Commonwealth","Gurabo Municipio",3,74,334,149,185
050,72,063,"Puerto Rico Commonwealth","Gurabo Municipio",3,75,314,144,170
050,72,063,"Puerto Rico Commonwealth","Gurabo Municipio",3,76,297,138,159
050,72,063,"Puerto Rico Commonwealth","Gurabo Municipio",3,77,275,121,154
050,72,063,"Puerto Rico Commonwealth","Gurabo Municipio",3,78,262,111,151
050,72,063,"Puerto Rico Commonwealth","Gurabo Municipio",3,79,237,101,136
050,72,063,"Puerto Rico Commonwealth","Gurabo Municipio",3,80,225,95,130
050,72,063,"Puerto Rico Commonwealth","Gurabo Municipio",3,81,215,96,119
050,72,063,"Puerto Rico Commonwealth","Gurabo Municipio",3,82,188,87,101
050,72,063,"Puerto Rico Commonwealth","Gurabo Municipio",3,83,164,72,92
050,72,063,"Puerto Rico Commonwealth","Gurabo Municipio",3,84,148,61,87
050,72,063,"Puerto Rico Commonwealth","Gurabo Municipio",3,85,884,357,527
050,72,063,"Puerto Rico Commonwealth","Gurabo Municipio",4,0,265,122,143
050,72,063,"Puerto Rico Commonwealth","Gurabo Municipio",4,1,232,120,112
050,72,063,"Puerto Rico Commonwealth","Gurabo Municipio",4,2,232,115,117
050,72,063,"Puerto Rico Commonwealth","Gurabo Municipio",4,3,230,118,112
050,72,063,"Puerto Rico Commonwealth","Gurabo Municipio",4,4,242,128,114
050,72,063,"Puerto Rico Commonwealth","Gurabo Municipio",4,5,258,141,117
050,72,063,"Puerto Rico Commonwealth","Gurabo Municipio",4,6,285,146,139
050,72,063,"Puerto Rico Commonwealth","Gurabo Municipio",4,7,327,163,164
050,72,063,"Puerto Rico Commonwealth","Gurabo Municipio",4,8,361,184,177
050,72,063,"Puerto Rico Commonwealth","Gurabo Municipio",4,9,379,188,191
050,72,063,"Puerto Rico Commonwealth","Gurabo Municipio",4,10,406,201,205
050,72,063,"Puerto Rico Commonwealth","Gurabo Municipio",4,11,438,219,219
050,72,063,"Puerto Rico Commonwealth","Gurabo Municipio",4,12,466,234,232
050,72,063,"Puerto Rico Commonwealth","Gurabo Municipio",4,13,479,242,237
050,72,063,"Puerto Rico Commonwealth","Gurabo Municipio",4,14,499,253,246
050,72,063,"Puerto Rico Commonwealth","Gurabo Municipio",4,15,516,263,253
050,72,063,"Puerto Rico Commonwealth","Gurabo Municipio",4,16,520,267,253
050,72,063,"Puerto Rico Commonwealth","Gurabo Municipio",4,17,506,253,253
050,72,063,"Puerto Rico Commonwealth","Gurabo Municipio",4,18,498,237,261
050,72,063,"Puerto Rico Commonwealth","Gurabo Municipio",4,19,505,237,268
050,72,063,"Puerto Rico Commonwealth","Gurabo Municipio",4,20,519,255,264
050,72,063,"Puerto Rico Commonwealth","Gurabo Municipio",4,21,542,271,271
050,72,063,"Puerto Rico Commonwealth","Gurabo Municipio",4,22,554,270,284
050,72,063,"Puerto Rico Commonwealth","Gurabo Municipio",4,23,544,261,283
050,72,063,"Puerto Rico Commonwealth","Gurabo Municipio",4,24,558,265,293
050,72,063,"Puerto Rico Commonwealth","Gurabo Municipio",4,25,564,262,302
050,72,063,"Puerto Rico Commonwealth","Gurabo Municipio",4,26,584,275,309
050,72,063,"Puerto Rico Commonwealth","Gurabo Municipio",4,27,604,303,301
050,72,063,"Puerto Rico Commonwealth","Gurabo Municipio",4,28,585,283,302
050,72,063,"Puerto Rico Commonwealth","Gurabo Municipio",4,29,606,276,330
050,72,063,"Puerto Rico Commonwealth","Gurabo Municipio",4,30,615,281,334
050,72,063,"Puerto Rico Commonwealth","Gurabo Municipio",4,31,639,288,351
050,72,063,"Puerto Rico Commonwealth","Gurabo Municipio",4,32,619,277,342
050,72,063,"Puerto Rico Commonwealth","Gurabo Municipio",4,33,577,267,310
050,72,063,"Puerto Rico Commonwealth","Gurabo Municipio",4,34,538,255,283
050,72,063,"Puerto Rico Commonwealth","Gurabo Municipio",4,35,501,235,266
050,72,063,"Puerto Rico Commonwealth","Gurabo Municipio",4,36,482,228,254
050,72,063,"Puerto Rico Commonwealth","Gurabo Municipio",4,37,479,226,253
050,72,063,"Puerto Rico Commonwealth","Gurabo Municipio",4,38,492,227,265
050,72,063,"Puerto Rico Commonwealth","Gurabo Municipio",4,39,518,238,280
050,72,063,"Puerto Rico Commonwealth","Gurabo Municipio",4,40,547,258,289
050,72,063,"Puerto Rico Commonwealth","Gurabo Municipio",4,41,610,286,324
050,72,063,"Puerto Rico Commonwealth","Gurabo Municipio",4,42,617,279,338
050,72,063,"Puerto Rico Commonwealth","Gurabo Municipio",4,43,592,265,327
050,72,063,"Puerto Rico Commonwealth","Gurabo Municipio",4,44,591,268,323
050,72,063,"Puerto Rico Commonwealth","Gurabo Municipio",4,45,598,276,322
050,72,063,"Puerto Rico Commonwealth","Gurabo Municipio",4,46,628,294,334
050,72,063,"Puerto Rico Commonwealth","Gurabo Municipio",4,47,650,309,341
050,72,063,"Puerto Rico Commonwealth","Gurabo Municipio",4,48,621,294,327
050,72,063,"Puerto Rico Commonwealth","Gurabo Municipio",4,49,598,287,311
050,72,063,"Puerto Rico Commonwealth","Gurabo Municipio",4,50,600,295,305
050,72,063,"Puerto Rico Commonwealth","Gurabo Municipio",4,51,590,279,311
050,72,063,"Puerto Rico Commonwealth","Gurabo Municipio",4,52,562,261,301
050,72,063,"Puerto Rico Commonwealth","Gurabo Municipio",4,53,560,265,295
050,72,063,"Puerto Rico Commonwealth","Gurabo Municipio",4,54,547,253,294
050,72,063,"Puerto Rico Commonwealth","Gurabo Municipio",4,55,549,247,302
050,72,063,"Puerto Rico Commonwealth","Gurabo Municipio",4,56,578,253,325
050,72,063,"Puerto Rico Commonwealth","Gurabo Municipio",4,57,547,243,304
050,72,063,"Puerto Rico Commonwealth","Gurabo Municipio",4,58,537,253,284
050,72,063,"Puerto Rico Commonwealth","Gurabo Municipio",4,59,530,244,286
050,72,063,"Puerto Rico Commonwealth","Gurabo Municipio",4,60,525,232,293
050,72,063,"Puerto Rico Commonwealth","Gurabo Municipio",4,61,521,231,290
050,72,063,"Puerto Rico Commonwealth","Gurabo Municipio",4,62,508,230,278
050,72,063,"Puerto Rico Commonwealth","Gurabo Municipio",4,63,468,216,252
050,72,063,"Puerto Rico Commonwealth","Gurabo Municipio",4,64,436,200,236
050,72,063,"Puerto Rico Commonwealth","Gurabo Municipio",4,65,442,195,247
050,72,063,"Puerto Rico Commonwealth","Gurabo Municipio",4,66,440,193,247
050,72,063,"Puerto Rico Commonwealth","Gurabo Municipio",4,67,414,180,234
050,72,063,"Puerto Rico Commonwealth","Gurabo Municipio",4,68,383,169,214
050,72,063,"Puerto Rico Commonwealth","Gurabo Municipio",4,69,372,164,208
050,72,063,"Puerto Rico Commonwealth","Gurabo Municipio",4,70,378,172,206
050,72,063,"Puerto Rico Commonwealth","Gurabo Municipio",4,71,373,171,202
050,72,063,"Puerto Rico Commonwealth","Gurabo Municipio",4,72,364,164,200
050,72,063,"Puerto Rico Commonwealth","Gurabo Municipio",4,73,346,157,189
050,72,063,"Puerto Rico Commonwealth","Gurabo Municipio",4,74,338,145,193
050,72,063,"Puerto Rico Commonwealth","Gurabo Municipio",4,75,325,146,179
050,72,063,"Puerto Rico Commonwealth","Gurabo Municipio",4,76,304,139,165
050,72,063,"Puerto Rico Commonwealth","Gurabo Municipio",4,77,283,130,153
050,72,063,"Puerto Rico Commonwealth","Gurabo Municipio",4,78,263,113,150
050,72,063,"Puerto Rico Commonwealth","Gurabo Municipio",4,79,241,102,139
050,72,063,"Puerto Rico Commonwealth","Gurabo Municipio",4,80,227,91,136
050,72,063,"Puerto Rico Commonwealth","Gurabo Municipio",4,81,212,89,123
050,72,063,"Puerto Rico Commonwealth","Gurabo Municipio",4,82,205,93,112
050,72,063,"Puerto Rico Commonwealth","Gurabo Municipio",4,83,175,82,93
050,72,063,"Puerto Rico Commonwealth","Gurabo Municipio",4,84,156,69,87
050,72,063,"Puerto Rico Commonwealth","Gurabo Municipio",4,85,927,373,554
050,72,063,"Puerto Rico Commonwealth","Gurabo Municipio",5,0,229,118,111
050,72,063,"Puerto Rico Commonwealth","Gurabo Municipio",5,1,270,124,146
050,72,063,"Puerto Rico Commonwealth","Gurabo Municipio",5,2,235,122,113
050,72,063,"Puerto Rico Commonwealth","Gurabo Municipio",5,3,234,116,118
050,72,063,"Puerto Rico Commonwealth","Gurabo Municipio",5,4,232,119,113
050,72,063,"Puerto Rico Commonwealth","Gurabo Municipio",5,5,244,129,115
050,72,063,"Puerto Rico Commonwealth","Gurabo Municipio",5,6,260,142,118
050,72,063,"Puerto Rico Commonwealth","Gurabo Municipio",5,7,287,147,140
050,72,063,"Puerto Rico Commonwealth","Gurabo Municipio",5,8,329,164,165
050,72,063,"Puerto Rico Commonwealth","Gurabo Municipio",5,9,363,185,178
050,72,063,"Puerto Rico Commonwealth","Gurabo Municipio",5,10,379,188,191
050,72,063,"Puerto Rico Commonwealth","Gurabo Municipio",5,11,405,200,205
050,72,063,"Puerto Rico Commonwealth","Gurabo Municipio",5,12,437,218,219
050,72,063,"Puerto Rico Commonwealth","Gurabo Municipio",5,13,465,233,232
050,72,063,"Puerto Rico Commonwealth","Gurabo Municipio",5,14,477,241,236
050,72,063,"Puerto Rico Commonwealth","Gurabo Municipio",5,15,497,251,246
050,72,063,"Puerto Rico Commonwealth","Gurabo Municipio",5,16,513,261,252
050,72,063,"Puerto Rico Commonwealth","Gurabo Municipio",5,17,518,266,252
050,72,063,"Puerto Rico Commonwealth","Gurabo Municipio",5,18,498,248,250
050,72,063,"Puerto Rico Commonwealth","Gurabo Municipio",5,19,496,237,259
050,72,063,"Puerto Rico Commonwealth","Gurabo Municipio",5,20,505,236,269
050,72,063,"Puerto Rico Commonwealth","Gurabo Municipio",5,21,524,257,267
050,72,063,"Puerto Rico Commonwealth","Gurabo Municipio",5,22,549,272,277
050,72,063,"Puerto Rico Commonwealth","Gurabo Municipio",5,23,554,267,287
050,72,063,"Puerto Rico Commonwealth","Gurabo Municipio",5,24,553,263,290
050,72,063,"Puerto Rico Commonwealth","Gurabo Municipio",5,25,571,270,301
050,72,063,"Puerto Rico Commonwealth","Gurabo Municipio",5,26,578,268,310
050,72,063,"Puerto Rico Commonwealth","Gurabo Municipio",5,27,603,286,317
050,72,063,"Puerto Rico Commonwealth","Gurabo Municipio",5,28,609,300,309
050,72,063,"Puerto Rico Commonwealth","Gurabo Municipio",5,29,593,281,312
050,72,063,"Puerto Rico Commonwealth","Gurabo Municipio",5,30,618,283,335
050,72,063,"Puerto Rico Commonwealth","Gurabo Municipio",5,31,635,292,343
050,72,063,"Puerto Rico Commonwealth","Gurabo Municipio",5,32,648,292,356
050,72,063,"Puerto Rico Commonwealth","Gurabo Municipio",5,33,630,278,352
050,72,063,"Puerto Rico Commonwealth","Gurabo Municipio",5,34,589,275,314
050,72,063,"Puerto Rico Commonwealth","Gurabo Municipio",5,35,541,256,285
050,72,063,"Puerto Rico Commonwealth","Gurabo Municipio",5,36,509,240,269
050,72,063,"Puerto Rico Commonwealth","Gurabo Municipio",5,37,484,225,259
050,72,063,"Puerto Rico Commonwealth","Gurabo Municipio",5,38,481,229,252
050,72,063,"Puerto Rico Commonwealth","Gurabo Municipio",5,39,495,228,267
050,72,063,"Puerto Rico Commonwealth","Gurabo Municipio",5,40,514,237,277
050,72,063,"Puerto Rico Commonwealth","Gurabo Municipio",5,41,559,266,293
050,72,063,"Puerto Rico Commonwealth","Gurabo Municipio",5,42,603,280,323
050,72,063,"Puerto Rico Commonwealth","Gurabo Municipio",5,43,618,277,341
050,72,063,"Puerto Rico Commonwealth","Gurabo Municipio",5,44,587,263,324
050,72,063,"Puerto Rico Commonwealth","Gurabo Municipio",5,45,588,269,319
050,72,063,"Puerto Rico Commonwealth","Gurabo Municipio",5,46,598,277,321
050,72,063,"Puerto Rico Commonwealth","Gurabo Municipio",5,47,638,300,338
050,72,063,"Puerto Rico Commonwealth","Gurabo Municipio",5,48,640,300,340
050,72,063,"Puerto Rico Commonwealth","Gurabo Municipio",5,49,608,285,323
050,72,063,"Puerto Rico Commonwealth","Gurabo Municipio",5,50,596,286,310
050,72,063,"Puerto Rico Commonwealth","Gurabo Municipio",5,51,593,285,308
050,72,063,"Puerto Rico Commonwealth","Gurabo Municipio",5,52,576,275,301
050,72,063,"Puerto Rico Commonwealth","Gurabo Municipio",5,53,568,266,302
050,72,063,"Puerto Rico Commonwealth","Gurabo Municipio",5,54,540,252,288
050,72,063,"Puerto Rico Commonwealth","Gurabo Municipio",5,55,545,254,291
050,72,063,"Puerto Rico Commonwealth","Gurabo Municipio",5,56,547,242,305
050,72,063,"Puerto Rico Commonwealth","Gurabo Municipio",5,57,568,249,319
050,72,063,"Puerto Rico Commonwealth","Gurabo Municipio",5,58,542,244,298
050,72,063,"Puerto Rico Commonwealth","Gurabo Municipio",5,59,535,249,286
050,72,063,"Puerto Rico Commonwealth","Gurabo Municipio",5,60,512,237,275
050,72,063,"Puerto Rico Commonwealth","Gurabo Municipio",5,61,517,232,285
050,72,063,"Puerto Rico Commonwealth","Gurabo Municipio",5,62,516,228,288
050,72,063,"Puerto Rico Commonwealth","Gurabo Municipio",5,63,496,220,276
050,72,063,"Puerto Rico Commonwealth","Gurabo Municipio",5,64,464,217,247
050,72,063,"Puerto Rico Commonwealth","Gurabo Municipio",5,65,431,197,234
050,72,063,"Puerto Rico Commonwealth","Gurabo Municipio",5,66,430,187,243
050,72,063,"Puerto Rico Commonwealth","Gurabo Municipio",5,67,435,190,245
050,72,063,"Puerto Rico Commonwealth","Gurabo Municipio",5,68,405,175,230
050,72,063,"Puerto Rico Commonwealth","Gurabo Municipio",5,69,371,164,207
050,72,063,"Puerto Rico Commonwealth","Gurabo Municipio",5,70,367,159,208
050,72,063,"Puerto Rico Commonwealth","Gurabo Municipio",5,71,364,163,201
050,72,063,"Puerto Rico Commonwealth","Gurabo Municipio",5,72,360,162,198
050,72,063,"Puerto Rico Commonwealth","Gurabo Municipio",5,73,351,155,196
050,72,063,"Puerto Rico Commonwealth","Gurabo Municipio",5,74,332,150,182
050,72,063,"Puerto Rico Commonwealth","Gurabo Municipio",5,75,329,141,188
050,72,063,"Puerto Rico Commonwealth","Gurabo Municipio",5,76,309,137,172
050,72,063,"Puerto Rico Commonwealth","Gurabo Municipio",5,77,292,133,159
050,72,063,"Puerto Rico Commonwealth","Gurabo Municipio",5,78,267,123,144
050,72,063,"Puerto Rico Commonwealth","Gurabo Municipio",5,79,252,111,141
050,72,063,"Puerto Rico Commonwealth","Gurabo Municipio",5,80,236,95,141
050,72,063,"Puerto Rico Commonwealth","Gurabo Municipio",5,81,205,83,122
050,72,063,"Puerto Rico Commonwealth","Gurabo Municipio",5,82,202,84,118
050,72,063,"Puerto Rico Commonwealth","Gurabo Municipio",5,83,199,91,108
050,72,063,"Puerto Rico Commonwealth","Gurabo Municipio",5,84,165,78,87
050,72,063,"Puerto Rico Commonwealth","Gurabo Municipio",5,85,964,395,569
050,72,065,"Puerto Rico Commonwealth","Hatillo Municipio",1,0,187,91,96
050,72,065,"Puerto Rico Commonwealth","Hatillo Municipio",1,1,217,113,104
050,72,065,"Puerto Rico Commonwealth","Hatillo Municipio",1,2,216,104,112
050,72,065,"Puerto Rico Commonwealth","Hatillo Municipio",1,3,232,115,117
050,72,065,"Puerto Rico Commonwealth","Hatillo Municipio",1,4,264,128,136
050,72,065,"Puerto Rico Commonwealth","Hatillo Municipio",1,5,299,142,157
050,72,065,"Puerto Rico Commonwealth","Hatillo Municipio",1,6,321,157,164
050,72,065,"Puerto Rico Commonwealth","Hatillo Municipio",1,7,372,183,189
050,72,065,"Puerto Rico Commonwealth","Hatillo Municipio",1,8,363,190,173
050,72,065,"Puerto Rico Commonwealth","Hatillo Municipio",1,9,385,201,184
050,72,065,"Puerto Rico Commonwealth","Hatillo Municipio",1,10,423,229,194
050,72,065,"Puerto Rico Commonwealth","Hatillo Municipio",1,11,434,236,198
050,72,065,"Puerto Rico Commonwealth","Hatillo Municipio",1,12,462,243,219
050,72,065,"Puerto Rico Commonwealth","Hatillo Municipio",1,13,449,233,216
050,72,065,"Puerto Rico Commonwealth","Hatillo Municipio",1,14,435,228,207
050,72,065,"Puerto Rico Commonwealth","Hatillo Municipio",1,15,434,229,205
050,72,065,"Puerto Rico Commonwealth","Hatillo Municipio",1,16,421,210,211
050,72,065,"Puerto Rico Commonwealth","Hatillo Municipio",1,17,425,218,207
050,72,065,"Puerto Rico Commonwealth","Hatillo Municipio",1,18,445,225,220
050,72,065,"Puerto Rico Commonwealth","Hatillo Municipio",1,19,464,249,215
050,72,065,"Puerto Rico Commonwealth","Hatillo Municipio",1,20,474,245,229
050,72,065,"Puerto Rico Commonwealth","Hatillo Municipio",1,21,474,235,239
050,72,065,"Puerto Rico Commonwealth","Hatillo Municipio",1,22,502,241,261
050,72,065,"Puerto Rico Commonwealth","Hatillo Municipio",1,23,484,246,238
050,72,065,"Puerto Rico Commonwealth","Hatillo Municipio",1,24,469,237,232
050,72,065,"Puerto Rico Commonwealth","Hatillo Municipio",1,25,476,255,221
050,72,065,"Puerto Rico Commonwealth","Hatillo Municipio",1,26,510,275,235
050,72,065,"Puerto Rico Commonwealth","Hatillo Municipio",1,27,536,264,272
050,72,065,"Puerto Rico Commonwealth","Hatillo Municipio",1,28,513,242,271
050,72,065,"Puerto Rico Commonwealth","Hatillo Municipio",1,29,516,249,267
050,72,065,"Puerto Rico Commonwealth","Hatillo Municipio",1,30,515,258,257
050,72,065,"Puerto Rico Commonwealth","Hatillo Municipio",1,31,489,242,247
050,72,065,"Puerto Rico Commonwealth","Hatillo Municipio",1,32,448,213,235
050,72,065,"Puerto Rico Commonwealth","Hatillo Municipio",1,33,470,225,245
050,72,065,"Puerto Rico Commonwealth","Hatillo Municipio",1,34,452,208,244
050,72,065,"Puerto Rico Commonwealth","Hatillo Municipio",1,35,439,210,229
050,72,065,"Puerto Rico Commonwealth","Hatillo Municipio",1,36,441,195,246
050,72,065,"Puerto Rico Commonwealth","Hatillo Municipio",1,37,467,202,265
050,72,065,"Puerto Rico Commonwealth","Hatillo Municipio",1,38,491,228,263
050,72,065,"Puerto Rico Commonwealth","Hatillo Municipio",1,39,520,252,268
050,72,065,"Puerto Rico Commonwealth","Hatillo Municipio",1,40,537,265,272
050,72,065,"Puerto Rico Commonwealth","Hatillo Municipio",1,41,490,248,242
050,72,065,"Puerto Rico Commonwealth","Hatillo Municipio",1,42,474,238,236
050,72,065,"Puerto Rico Commonwealth","Hatillo Municipio",1,43,493,237,256
050,72,065,"Puerto Rico Commonwealth","Hatillo Municipio",1,44,520,234,286
050,72,065,"Puerto Rico Commonwealth","Hatillo Municipio",1,45,529,245,284
050,72,065,"Puerto Rico Commonwealth","Hatillo Municipio",1,46,488,238,250
050,72,065,"Puerto Rico Commonwealth","Hatillo Municipio",1,47,473,231,242
050,72,065,"Puerto Rico Commonwealth","Hatillo Municipio",1,48,535,255,280
050,72,065,"Puerto Rico Commonwealth","Hatillo Municipio",1,49,569,258,311
050,72,065,"Puerto Rico Commonwealth","Hatillo Municipio",1,50,541,258,283
050,72,065,"Puerto Rico Commonwealth","Hatillo Municipio",1,51,549,271,278
050,72,065,"Puerto Rico Commonwealth","Hatillo Municipio",1,52,529,248,281
050,72,065,"Puerto Rico Commonwealth","Hatillo Municipio",1,53,557,258,299
050,72,065,"Puerto Rico Commonwealth","Hatillo Municipio",1,54,545,247,298
050,72,065,"Puerto Rico Commonwealth","Hatillo Municipio",1,55,553,243,310
050,72,065,"Puerto Rico Commonwealth","Hatillo Municipio",1,56,542,237,305
050,72,065,"Puerto Rico Commonwealth","Hatillo Municipio",1,57,542,253,289
050,72,065,"Puerto Rico Commonwealth","Hatillo Municipio",1,58,537,255,282
050,72,065,"Puerto Rico Commonwealth","Hatillo Municipio",1,59,546,248,298
050,72,065,"Puerto Rico Commonwealth","Hatillo Municipio",1,60,526,257,269
050,72,065,"Puerto Rico Commonwealth","Hatillo Municipio",1,61,491,244,247
050,72,065,"Puerto Rico Commonwealth","Hatillo Municipio",1,62,503,236,267
050,72,065,"Puerto Rico Commonwealth","Hatillo Municipio",1,63,486,223,263
050,72,065,"Puerto Rico Commonwealth","Hatillo Municipio",1,64,503,231,272
050,72,065,"Puerto Rico Commonwealth","Hatillo Municipio",1,65,517,246,271
050,72,065,"Puerto Rico Commonwealth","Hatillo Municipio",1,66,496,229,267
050,72,065,"Puerto Rico Commonwealth","Hatillo Municipio",1,67,457,210,247
050,72,065,"Puerto Rico Commonwealth","Hatillo Municipio",1,68,427,207,220
050,72,065,"Puerto Rico Commonwealth","Hatillo Municipio",1,69,440,193,247
050,72,065,"Puerto Rico Commonwealth","Hatillo Municipio",1,70,455,188,267
050,72,065,"Puerto Rico Commonwealth","Hatillo Municipio",1,71,470,205,265
050,72,065,"Puerto Rico Commonwealth","Hatillo Municipio",1,72,435,204,231
050,72,065,"Puerto Rico Commonwealth","Hatillo Municipio",1,73,460,227,233
050,72,065,"Puerto Rico Commonwealth","Hatillo Municipio",1,74,447,203,244
050,72,065,"Puerto Rico Commonwealth","Hatillo Municipio",1,75,418,177,241
050,72,065,"Puerto Rico Commonwealth","Hatillo Municipio",1,76,369,161,208
050,72,065,"Puerto Rico Commonwealth","Hatillo Municipio",1,77,359,168,191
050,72,065,"Puerto Rico Commonwealth","Hatillo Municipio",1,78,334,157,177
050,72,065,"Puerto Rico Commonwealth","Hatillo Municipio",1,79,291,135,156
050,72,065,"Puerto Rico Commonwealth","Hatillo Municipio",1,80,266,130,136
050,72,065,"Puerto Rico Commonwealth","Hatillo Municipio",1,81,249,115,134
050,72,065,"Puerto Rico Commonwealth","Hatillo Municipio",1,82,225,99,126
050,72,065,"Puerto Rico Commonwealth","Hatillo Municipio",1,83,195,86,109
050,72,065,"Puerto Rico Commonwealth","Hatillo Municipio",1,84,180,69,111
050,72,065,"Puerto Rico Commonwealth","Hatillo Municipio",1,85,1004,344,660
050,72,065,"Puerto Rico Commonwealth","Hatillo Municipio",2,0,186,97,89
050,72,065,"Puerto Rico Commonwealth","Hatillo Municipio",2,1,210,108,102
050,72,065,"Puerto Rico Commonwealth","Hatillo Municipio",2,2,216,106,110
050,72,065,"Puerto Rico Commonwealth","Hatillo Municipio",2,3,228,112,116
050,72,065,"Puerto Rico Commonwealth","Hatillo Municipio",2,4,256,125,131
050,72,065,"Puerto Rico Commonwealth","Hatillo Municipio",2,5,291,139,152
050,72,065,"Puerto Rico Commonwealth","Hatillo Municipio",2,6,315,153,162
050,72,065,"Puerto Rico Commonwealth","Hatillo Municipio",2,7,359,176,183
050,72,065,"Puerto Rico Commonwealth","Hatillo Municipio",2,8,366,189,177
050,72,065,"Puerto Rico Commonwealth","Hatillo Municipio",2,9,379,198,181
050,72,065,"Puerto Rico Commonwealth","Hatillo Municipio",2,10,414,222,192
050,72,065,"Puerto Rico Commonwealth","Hatillo Municipio",2,11,431,234,197
050,72,065,"Puerto Rico Commonwealth","Hatillo Municipio",2,12,454,241,213
050,72,065,"Puerto Rico Commonwealth","Hatillo Municipio",2,13,453,236,217
050,72,065,"Puerto Rico Commonwealth","Hatillo Municipio",2,14,438,229,209
050,72,065,"Puerto Rico Commonwealth","Hatillo Municipio",2,15,435,229,206
050,72,065,"Puerto Rico Commonwealth","Hatillo Municipio",2,16,424,215,209
050,72,065,"Puerto Rico Commonwealth","Hatillo Municipio",2,17,423,215,208
050,72,065,"Puerto Rico Commonwealth","Hatillo Municipio",2,18,439,222,217
050,72,065,"Puerto Rico Commonwealth","Hatillo Municipio",2,19,458,242,216
050,72,065,"Puerto Rico Commonwealth","Hatillo Municipio",2,20,472,246,226
050,72,065,"Puerto Rico Commonwealth","Hatillo Municipio",2,21,474,238,236
050,72,065,"Puerto Rico Commonwealth","Hatillo Municipio",2,22,495,239,256
050,72,065,"Puerto Rico Commonwealth","Hatillo Municipio",2,23,489,245,244
050,72,065,"Puerto Rico Commonwealth","Hatillo Municipio",2,24,472,239,233
050,72,065,"Puerto Rico Commonwealth","Hatillo Municipio",2,25,474,250,224
050,72,065,"Puerto Rico Commonwealth","Hatillo Municipio",2,26,501,270,231
050,72,065,"Puerto Rico Commonwealth","Hatillo Municipio",2,27,530,267,263
050,72,065,"Puerto Rico Commonwealth","Hatillo Municipio",2,28,519,248,271
050,72,065,"Puerto Rico Commonwealth","Hatillo Municipio",2,29,516,247,269
050,72,065,"Puerto Rico Commonwealth","Hatillo Municipio",2,30,515,256,259
050,72,065,"Puerto Rico Commonwealth","Hatillo Municipio",2,31,495,246,249
050,72,065,"Puerto Rico Commonwealth","Hatillo Municipio",2,32,458,220,238
050,72,065,"Puerto Rico Commonwealth","Hatillo Municipio",2,33,465,222,243
050,72,065,"Puerto Rico Commonwealth","Hatillo Municipio",2,34,456,212,244
050,72,065,"Puerto Rico Commonwealth","Hatillo Municipio",2,35,442,210,232
050,72,065,"Puerto Rico Commonwealth","Hatillo Municipio",2,36,440,198,242
050,72,065,"Puerto Rico Commonwealth","Hatillo Municipio",2,37,461,201,260
050,72,065,"Puerto Rico Commonwealth","Hatillo Municipio",2,38,484,221,263
050,72,065,"Puerto Rico Commonwealth","Hatillo Municipio",2,39,513,246,267
050,72,065,"Puerto Rico Commonwealth","Hatillo Municipio",2,40,534,263,271
050,72,065,"Puerto Rico Commonwealth","Hatillo Municipio",2,41,502,252,250
050,72,065,"Puerto Rico Commonwealth","Hatillo Municipio",2,42,478,241,237
050,72,065,"Puerto Rico Commonwealth","Hatillo Municipio",2,43,488,237,251
050,72,065,"Puerto Rico Commonwealth","Hatillo Municipio",2,44,514,235,279
050,72,065,"Puerto Rico Commonwealth","Hatillo Municipio",2,45,526,242,284
050,72,065,"Puerto Rico Commonwealth","Hatillo Municipio",2,46,499,240,259
050,72,065,"Puerto Rico Commonwealth","Hatillo Municipio",2,47,476,232,244
050,72,065,"Puerto Rico Commonwealth","Hatillo Municipio",2,48,519,249,270
050,72,065,"Puerto Rico Commonwealth","Hatillo Municipio",2,49,561,258,303
050,72,065,"Puerto Rico Commonwealth","Hatillo Municipio",2,50,549,258,291
050,72,065,"Puerto Rico Commonwealth","Hatillo Municipio",2,51,546,267,279
050,72,065,"Puerto Rico Commonwealth","Hatillo Municipio",2,52,534,254,280
050,72,065,"Puerto Rico Commonwealth","Hatillo Municipio",2,53,548,254,294
050,72,065,"Puerto Rico Commonwealth","Hatillo Municipio",2,54,548,249,299
050,72,065,"Puerto Rico Commonwealth","Hatillo Municipio",2,55,551,244,307
050,72,065,"Puerto Rico Commonwealth","Hatillo Municipio",2,56,544,238,306
050,72,065,"Puerto Rico Commonwealth","Hatillo Municipio",2,57,540,247,293
050,72,065,"Puerto Rico Commonwealth","Hatillo Municipio",2,58,539,255,284
050,72,065,"Puerto Rico Commonwealth","Hatillo Municipio",2,59,546,251,295
050,72,065,"Puerto Rico Commonwealth","Hatillo Municipio",2,60,532,255,277
050,72,065,"Puerto Rico Commonwealth","Hatillo Municipio",2,61,500,248,252
050,72,065,"Puerto Rico Commonwealth","Hatillo Municipio",2,62,502,239,263
050,72,065,"Puerto Rico Commonwealth","Hatillo Municipio",2,63,489,225,264
050,72,065,"Puerto Rico Commonwealth","Hatillo Municipio",2,64,500,229,271
050,72,065,"Puerto Rico Commonwealth","Hatillo Municipio",2,65,512,242,270
050,72,065,"Puerto Rico Commonwealth","Hatillo Municipio",2,66,498,231,267
050,72,065,"Puerto Rico Commonwealth","Hatillo Municipio",2,67,465,214,251
050,72,065,"Puerto Rico Commonwealth","Hatillo Municipio",2,68,432,205,227
050,72,065,"Puerto Rico Commonwealth","Hatillo Municipio",2,69,437,197,240
050,72,065,"Puerto Rico Commonwealth","Hatillo Municipio",2,70,447,185,262
050,72,065,"Puerto Rico Commonwealth","Hatillo Municipio",2,71,466,201,265
050,72,065,"Puerto Rico Commonwealth","Hatillo Municipio",2,72,442,203,239
050,72,065,"Puerto Rico Commonwealth","Hatillo Municipio",2,73,452,220,232
050,72,065,"Puerto Rico Commonwealth","Hatillo Municipio",2,74,449,208,241
050,72,065,"Puerto Rico Commonwealth","Hatillo Municipio",2,75,426,184,242
050,72,065,"Puerto Rico Commonwealth","Hatillo Municipio",2,76,379,164,215
050,72,065,"Puerto Rico Commonwealth","Hatillo Municipio",2,77,353,161,192
050,72,065,"Puerto Rico Commonwealth","Hatillo Municipio",2,78,338,157,181
050,72,065,"Puerto Rico Commonwealth","Hatillo Municipio",2,79,296,136,160
050,72,065,"Puerto Rico Commonwealth","Hatillo Municipio",2,80,269,129,140
050,72,065,"Puerto Rico Commonwealth","Hatillo Municipio",2,81,250,115,135
050,72,065,"Puerto Rico Commonwealth","Hatillo Municipio",2,82,222,99,123
050,72,065,"Puerto Rico Commonwealth","Hatillo Municipio",2,83,201,89,112
050,72,065,"Puerto Rico Commonwealth","Hatillo Municipio",2,84,180,72,108
050,72,065,"Puerto Rico Commonwealth","Hatillo Municipio",2,85,1022,353,669
050,72,065,"Puerto Rico Commonwealth","Hatillo Municipio",3,0,179,94,85
050,72,065,"Puerto Rico Commonwealth","Hatillo Municipio",3,1,188,98,90
050,72,065,"Puerto Rico Commonwealth","Hatillo Municipio",3,2,211,109,102
050,72,065,"Puerto Rico Commonwealth","Hatillo Municipio",3,3,217,106,111
050,72,065,"Puerto Rico Commonwealth","Hatillo Municipio",3,4,230,113,117
050,72,065,"Puerto Rico Commonwealth","Hatillo Municipio",3,5,257,126,131
050,72,065,"Puerto Rico Commonwealth","Hatillo Municipio",3,6,293,140,153
050,72,065,"Puerto Rico Commonwealth","Hatillo Municipio",3,7,316,154,162
050,72,065,"Puerto Rico Commonwealth","Hatillo Municipio",3,8,360,177,183
050,72,065,"Puerto Rico Commonwealth","Hatillo Municipio",3,9,367,190,177
050,72,065,"Puerto Rico Commonwealth","Hatillo Municipio",3,10,378,198,180
050,72,065,"Puerto Rico Commonwealth","Hatillo Municipio",3,11,413,222,191
050,72,065,"Puerto Rico Commonwealth","Hatillo Municipio",3,12,429,233,196
050,72,065,"Puerto Rico Commonwealth","Hatillo Municipio",3,13,452,240,212
050,72,065,"Puerto Rico Commonwealth","Hatillo Municipio",3,14,451,235,216
050,72,065,"Puerto Rico Commonwealth","Hatillo Municipio",3,15,435,227,208
050,72,065,"Puerto Rico Commonwealth","Hatillo Municipio",3,16,431,227,204
050,72,065,"Puerto Rico Commonwealth","Hatillo Municipio",3,17,420,213,207
050,72,065,"Puerto Rico Commonwealth","Hatillo Municipio",3,18,416,212,204
050,72,065,"Puerto Rico Commonwealth","Hatillo Municipio",3,19,429,216,213
050,72,065,"Puerto Rico Commonwealth","Hatillo Municipio",3,20,456,240,216
050,72,065,"Puerto Rico Commonwealth","Hatillo Municipio",3,21,468,242,226
050,72,065,"Puerto Rico Commonwealth","Hatillo Municipio",3,22,477,240,237
050,72,065,"Puerto Rico Commonwealth","Hatillo Municipio",3,23,497,238,259
050,72,065,"Puerto Rico Commonwealth","Hatillo Municipio",3,24,494,247,247
050,72,065,"Puerto Rico Commonwealth","Hatillo Municipio",3,25,476,239,237
050,72,065,"Puerto Rico Commonwealth","Hatillo Municipio",3,26,476,251,225
050,72,065,"Puerto Rico Commonwealth","Hatillo Municipio",3,27,503,272,231
050,72,065,"Puerto Rico Commonwealth","Hatillo Municipio",3,28,536,271,265
050,72,065,"Puerto Rico Commonwealth","Hatillo Municipio",3,29,518,243,275
050,72,065,"Puerto Rico Commonwealth","Hatillo Municipio",3,30,521,251,270
050,72,065,"Puerto Rico Commonwealth","Hatillo Municipio",3,31,525,262,263
050,72,065,"Puerto Rico Commonwealth","Hatillo Municipio",3,32,497,248,249
050,72,065,"Puerto Rico Commonwealth","Hatillo Municipio",3,33,464,224,240
050,72,065,"Puerto Rico Commonwealth","Hatillo Municipio",3,34,470,225,245
050,72,065,"Puerto Rico Commonwealth","Hatillo Municipio",3,35,460,214,246
050,72,065,"Puerto Rico Commonwealth","Hatillo Municipio",3,36,444,211,233
050,72,065,"Puerto Rico Commonwealth","Hatillo Municipio",3,37,445,200,245
050,72,065,"Puerto Rico Commonwealth","Hatillo Municipio",3,38,461,203,258
050,72,065,"Puerto Rico Commonwealth","Hatillo Municipio",3,39,488,224,264
050,72,065,"Puerto Rico Commonwealth","Hatillo Municipio",3,40,516,248,268
050,72,065,"Puerto Rico Commonwealth","Hatillo Municipio",3,41,538,266,272
050,72,065,"Puerto Rico Commonwealth","Hatillo Municipio",3,42,504,252,252
050,72,065,"Puerto Rico Commonwealth","Hatillo Municipio",3,43,478,242,236
050,72,065,"Puerto Rico Commonwealth","Hatillo Municipio",3,44,487,236,251
050,72,065,"Puerto Rico Commonwealth","Hatillo Municipio",3,45,511,232,279
050,72,065,"Puerto Rico Commonwealth","Hatillo Municipio",3,46,528,244,284
050,72,065,"Puerto Rico Commonwealth","Hatillo Municipio",3,47,500,241,259
050,72,065,"Puerto Rico Commonwealth","Hatillo Municipio",3,48,476,232,244
050,72,065,"Puerto Rico Commonwealth","Hatillo Municipio",3,49,521,251,270
050,72,065,"Puerto Rico Commonwealth","Hatillo Municipio",3,50,557,255,302
050,72,065,"Puerto Rico Commonwealth","Hatillo Municipio",3,51,551,260,291
050,72,065,"Puerto Rico Commonwealth","Hatillo Municipio",3,52,548,268,280
050,72,065,"Puerto Rico Commonwealth","Hatillo Municipio",3,53,537,256,281
050,72,065,"Puerto Rico Commonwealth","Hatillo Municipio",3,54,548,253,295
050,72,065,"Puerto Rico Commonwealth","Hatillo Municipio",3,55,553,247,306
050,72,065,"Puerto Rico Commonwealth","Hatillo Municipio",3,56,544,244,300
050,72,065,"Puerto Rico Commonwealth","Hatillo Municipio",3,57,545,238,307
050,72,065,"Puerto Rico Commonwealth","Hatillo Municipio",3,58,542,248,294
050,72,065,"Puerto Rico Commonwealth","Hatillo Municipio",3,59,535,251,284
050,72,065,"Puerto Rico Commonwealth","Hatillo Municipio",3,60,548,251,297
050,72,065,"Puerto Rico Commonwealth","Hatillo Municipio",3,61,532,254,278
050,72,065,"Puerto Rico Commonwealth","Hatillo Municipio",3,62,498,245,253
050,72,065,"Puerto Rico Commonwealth","Hatillo Municipio",3,63,504,240,264
050,72,065,"Puerto Rico Commonwealth","Hatillo Municipio",3,64,486,220,266
050,72,065,"Puerto Rico Commonwealth","Hatillo Municipio",3,65,499,228,271
050,72,065,"Puerto Rico Commonwealth","Hatillo Municipio",3,66,513,241,272
050,72,065,"Puerto Rico Commonwealth","Hatillo Municipio",3,67,492,228,264
050,72,065,"Puerto Rico Commonwealth","Hatillo Municipio",3,68,463,213,250
050,72,065,"Puerto Rico Commonwealth","Hatillo Municipio",3,69,425,199,226
050,72,065,"Puerto Rico Commonwealth","Hatillo Municipio",3,70,436,193,243
050,72,065,"Puerto Rico Commonwealth","Hatillo Municipio",3,71,458,180,278
050,72,065,"Puerto Rico Commonwealth","Hatillo Municipio",3,72,431,196,235
050,72,065,"Puerto Rico Commonwealth","Hatillo Municipio",3,73,438,200,238
050,72,065,"Puerto Rico Commonwealth","Hatillo Municipio",3,74,434,207,227
050,72,065,"Puerto Rico Commonwealth","Hatillo Municipio",3,75,447,205,242
050,72,065,"Puerto Rico Commonwealth","Hatillo Municipio",3,76,421,178,243
050,72,065,"Puerto Rico Commonwealth","Hatillo Municipio",3,77,366,158,208
050,72,065,"Puerto Rico Commonwealth","Hatillo Municipio",3,78,354,173,181
050,72,065,"Puerto Rico Commonwealth","Hatillo Municipio",3,79,311,130,181
050,72,065,"Puerto Rico Commonwealth","Hatillo Municipio",3,80,284,128,156
050,72,065,"Puerto Rico Commonwealth","Hatillo Municipio",3,81,251,121,130
050,72,065,"Puerto Rico Commonwealth","Hatillo Municipio",3,82,243,108,135
050,72,065,"Puerto Rico Commonwealth","Hatillo Municipio",3,83,197,89,108
050,72,065,"Puerto Rico Commonwealth","Hatillo Municipio",3,84,208,83,125
050,72,065,"Puerto Rico Commonwealth","Hatillo Municipio",3,85,1074,382,692
050,72,065,"Puerto Rico Commonwealth","Hatillo Municipio",4,0,168,83,85
050,72,065,"Puerto Rico Commonwealth","Hatillo Municipio",4,1,178,93,85
050,72,065,"Puerto Rico Commonwealth","Hatillo Municipio",4,2,186,97,89
050,72,065,"Puerto Rico Commonwealth","Hatillo Municipio",4,3,209,108,101
050,72,065,"Puerto Rico Commonwealth","Hatillo Municipio",4,4,215,105,110
050,72,065,"Puerto Rico Commonwealth","Hatillo Municipio",4,5,228,112,116
050,72,065,"Puerto Rico Commonwealth","Hatillo Municipio",4,6,255,125,130
050,72,065,"Puerto Rico Commonwealth","Hatillo Municipio",4,7,290,139,151
050,72,065,"Puerto Rico Commonwealth","Hatillo Municipio",4,8,313,153,160
050,72,065,"Puerto Rico Commonwealth","Hatillo Municipio",4,9,357,176,181
050,72,065,"Puerto Rico Commonwealth","Hatillo Municipio",4,10,363,188,175
050,72,065,"Puerto Rico Commonwealth","Hatillo Municipio",4,11,372,195,177
050,72,065,"Puerto Rico Commonwealth","Hatillo Municipio",4,12,407,219,188
050,72,065,"Puerto Rico Commonwealth","Hatillo Municipio",4,13,422,229,193
050,72,065,"Puerto Rico Commonwealth","Hatillo Municipio",4,14,445,236,209
050,72,065,"Puerto Rico Commonwealth","Hatillo Municipio",4,15,443,230,213
050,72,065,"Puerto Rico Commonwealth","Hatillo Municipio",4,16,426,222,204
050,72,065,"Puerto Rico Commonwealth","Hatillo Municipio",4,17,422,222,200
050,72,065,"Puerto Rico Commonwealth","Hatillo Municipio",4,18,409,208,201
050,72,065,"Puerto Rico Commonwealth","Hatillo Municipio",4,19,400,203,197
050,72,065,"Puerto Rico Commonwealth","Hatillo Municipio",4,20,421,210,211
050,72,065,"Puerto Rico Commonwealth","Hatillo Municipio",4,21,449,236,213
050,72,065,"Puerto Rico Commonwealth","Hatillo Municipio",4,22,463,239,224
050,72,065,"Puerto Rico Commonwealth","Hatillo Municipio",4,23,471,234,237
050,72,065,"Puerto Rico Commonwealth","Hatillo Municipio",4,24,496,237,259
050,72,065,"Puerto Rico Commonwealth","Hatillo Municipio",4,25,493,243,250
050,72,065,"Puerto Rico Commonwealth","Hatillo Municipio",4,26,474,238,236
050,72,065,"Puerto Rico Commonwealth","Hatillo Municipio",4,27,472,249,223
050,72,065,"Puerto Rico Commonwealth","Hatillo Municipio",4,28,503,273,230
050,72,065,"Puerto Rico Commonwealth","Hatillo Municipio",4,29,530,263,267
050,72,065,"Puerto Rico Commonwealth","Hatillo Municipio",4,30,514,242,272
050,72,065,"Puerto Rico Commonwealth","Hatillo Municipio",4,31,524,252,272
050,72,065,"Puerto Rico Commonwealth","Hatillo Municipio",4,32,520,260,260
050,72,065,"Puerto Rico Commonwealth","Hatillo Municipio",4,33,496,247,249
050,72,065,"Puerto Rico Commonwealth","Hatillo Municipio",4,34,460,221,239
050,72,065,"Puerto Rico Commonwealth","Hatillo Municipio",4,35,469,225,244
050,72,065,"Puerto Rico Commonwealth","Hatillo Municipio",4,36,457,212,245
050,72,065,"Puerto Rico Commonwealth","Hatillo Municipio",4,37,442,207,235
050,72,065,"Puerto Rico Commonwealth","Hatillo Municipio",4,38,441,199,242
050,72,065,"Puerto Rico Commonwealth","Hatillo Municipio",4,39,457,201,256
050,72,065,"Puerto Rico Commonwealth","Hatillo Municipio",4,40,483,221,262
050,72,065,"Puerto Rico Commonwealth","Hatillo Municipio",4,41,516,249,267
050,72,065,"Puerto Rico Commonwealth","Hatillo Municipio",4,42,535,263,272
050,72,065,"Puerto Rico Commonwealth","Hatillo Municipio",4,43,500,250,250
050,72,065,"Puerto Rico Commonwealth","Hatillo Municipio",4,44,473,240,233
050,72,065,"Puerto Rico Commonwealth","Hatillo Municipio",4,45,482,233,249
050,72,065,"Puerto Rico Commonwealth","Hatillo Municipio",4,46,509,232,277
050,72,065,"Puerto Rico Commonwealth","Hatillo Municipio",4,47,522,241,281
050,72,065,"Puerto Rico Commonwealth","Hatillo Municipio",4,48,494,237,257
050,72,065,"Puerto Rico Commonwealth","Hatillo Municipio",4,49,476,233,243
050,72,065,"Puerto Rico Commonwealth","Hatillo Municipio",4,50,515,247,268
050,72,065,"Puerto Rico Commonwealth","Hatillo Municipio",4,51,554,254,300
050,72,065,"Puerto Rico Commonwealth","Hatillo Municipio",4,52,548,259,289
050,72,065,"Puerto Rico Commonwealth","Hatillo Municipio",4,53,545,268,277
050,72,065,"Puerto Rico Commonwealth","Hatillo Municipio",4,54,536,255,281
050,72,065,"Puerto Rico Commonwealth","Hatillo Municipio",4,55,553,251,302
050,72,065,"Puerto Rico Commonwealth","Hatillo Municipio",4,56,546,248,298
050,72,065,"Puerto Rico Commonwealth","Hatillo Municipio",4,57,542,241,301
050,72,065,"Puerto Rico Commonwealth","Hatillo Municipio",4,58,544,238,306
050,72,065,"Puerto Rico Commonwealth","Hatillo Municipio",4,59,543,248,295
050,72,065,"Puerto Rico Commonwealth","Hatillo Municipio",4,60,535,250,285
050,72,065,"Puerto Rico Commonwealth","Hatillo Municipio",4,61,550,251,299
050,72,065,"Puerto Rico Commonwealth","Hatillo Municipio",4,62,533,255,278
050,72,065,"Puerto Rico Commonwealth","Hatillo Municipio",4,63,492,238,254
050,72,065,"Puerto Rico Commonwealth","Hatillo Municipio",4,64,503,239,264
050,72,065,"Puerto Rico Commonwealth","Hatillo Municipio",4,65,484,218,266
050,72,065,"Puerto Rico Commonwealth","Hatillo Municipio",4,66,499,226,273
050,72,065,"Puerto Rico Commonwealth","Hatillo Municipio",4,67,505,238,267
050,72,065,"Puerto Rico Commonwealth","Hatillo Municipio",4,68,487,226,261
050,72,065,"Puerto Rico Commonwealth","Hatillo Municipio",4,69,460,210,250
050,72,065,"Puerto Rico Commonwealth","Hatillo Municipio",4,70,428,196,232
050,72,065,"Puerto Rico Commonwealth","Hatillo Municipio",4,71,442,186,256
050,72,065,"Puerto Rico Commonwealth","Hatillo Municipio",4,72,425,177,248
050,72,065,"Puerto Rico Commonwealth","Hatillo Municipio",4,73,424,194,230
050,72,065,"Puerto Rico Commonwealth","Hatillo Municipio",4,74,424,188,236
050,72,065,"Puerto Rico Commonwealth","Hatillo Municipio",4,75,427,201,226
050,72,065,"Puerto Rico Commonwealth","Hatillo Municipio",4,76,442,198,244
050,72,065,"Puerto Rico Commonwealth","Hatillo Municipio",4,77,402,170,232
050,72,065,"Puerto Rico Commonwealth","Hatillo Municipio",4,78,372,168,204
050,72,065,"Puerto Rico Commonwealth","Hatillo Municipio",4,79,326,142,184
050,72,065,"Puerto Rico Commonwealth","Hatillo Municipio",4,80,301,125,176
050,72,065,"Puerto Rico Commonwealth","Hatillo Municipio",4,81,269,118,151
050,72,065,"Puerto Rico Commonwealth","Hatillo Municipio",4,82,244,115,129
050,72,065,"Puerto Rico Commonwealth","Hatillo Municipio",4,83,223,104,119
050,72,065,"Puerto Rico Commonwealth","Hatillo Municipio",4,84,204,80,124
050,72,065,"Puerto Rico Commonwealth","Hatillo Municipio",4,85,1124,409,715
050,72,065,"Puerto Rico Commonwealth","Hatillo Municipio",5,0,167,86,81
050,72,065,"Puerto Rico Commonwealth","Hatillo Municipio",5,1,170,84,86
050,72,065,"Puerto Rico Commonwealth","Hatillo Municipio",5,2,179,94,85
050,72,065,"Puerto Rico Commonwealth","Hatillo Municipio",5,3,188,98,90
050,72,065,"Puerto Rico Commonwealth","Hatillo Municipio",5,4,211,109,102
050,72,065,"Puerto Rico Commonwealth","Hatillo Municipio",5,5,217,106,111
050,72,065,"Puerto Rico Commonwealth","Hatillo Municipio",5,6,230,113,117
050,72,065,"Puerto Rico Commonwealth","Hatillo Municipio",5,7,256,126,130
050,72,065,"Puerto Rico Commonwealth","Hatillo Municipio",5,8,292,140,152
050,72,065,"Puerto Rico Commonwealth","Hatillo Municipio",5,9,314,154,160
050,72,065,"Puerto Rico Commonwealth","Hatillo Municipio",5,10,358,177,181
050,72,065,"Puerto Rico Commonwealth","Hatillo Municipio",5,11,362,188,174
050,72,065,"Puerto Rico Commonwealth","Hatillo Municipio",5,12,371,195,176
050,72,065,"Puerto Rico Commonwealth","Hatillo Municipio",5,13,407,219,188
050,72,065,"Puerto Rico Commonwealth","Hatillo Municipio",5,14,420,228,192
050,72,065,"Puerto Rico Commonwealth","Hatillo Municipio",5,15,443,235,208
050,72,065,"Puerto Rico Commonwealth","Hatillo Municipio",5,16,441,229,212
050,72,065,"Puerto Rico Commonwealth","Hatillo Municipio",5,17,424,221,203
050,72,065,"Puerto Rico Commonwealth","Hatillo Municipio",5,18,418,221,197
050,72,065,"Puerto Rico Commonwealth","Hatillo Municipio",5,19,399,201,198
050,72,065,"Puerto Rico Commonwealth","Hatillo Municipio",5,20,400,202,198
050,72,065,"Puerto Rico Commonwealth","Hatillo Municipio",5,21,421,209,212
050,72,065,"Puerto Rico Commonwealth","Hatillo Municipio",5,22,452,238,214
050,72,065,"Puerto Rico Commonwealth","Hatillo Municipio",5,23,463,236,227
050,72,065,"Puerto Rico Commonwealth","Hatillo Municipio",5,24,477,237,240
050,72,065,"Puerto Rico Commonwealth","Hatillo Municipio",5,25,505,239,266
050,72,065,"Puerto Rico Commonwealth","Hatillo Municipio",5,26,497,246,251
050,72,065,"Puerto Rico Commonwealth","Hatillo Municipio",5,27,478,240,238
050,72,065,"Puerto Rico Commonwealth","Hatillo Municipio",5,28,479,254,225
050,72,065,"Puerto Rico Commonwealth","Hatillo Municipio",5,29,503,268,235
050,72,065,"Puerto Rico Commonwealth","Hatillo Municipio",5,30,535,268,267
050,72,065,"Puerto Rico Commonwealth","Hatillo Municipio",5,31,526,248,278
050,72,065,"Puerto Rico Commonwealth","Hatillo Municipio",5,32,526,254,272
050,72,065,"Puerto Rico Commonwealth","Hatillo Municipio",5,33,527,264,263
050,72,065,"Puerto Rico Commonwealth","Hatillo Municipio",5,34,502,250,252
050,72,065,"Puerto Rico Commonwealth","Hatillo Municipio",5,35,466,225,241
050,72,065,"Puerto Rico Commonwealth","Hatillo Municipio",5,36,473,227,246
050,72,065,"Puerto Rico Commonwealth","Hatillo Municipio",5,37,465,215,250
050,72,065,"Puerto Rico Commonwealth","Hatillo Municipio",5,38,442,208,234
050,72,065,"Puerto Rico Commonwealth","Hatillo Municipio",5,39,445,202,243
050,72,065,"Puerto Rico Commonwealth","Hatillo Municipio",5,40,458,201,257
050,72,065,"Puerto Rico Commonwealth","Hatillo Municipio",5,41,488,225,263
050,72,065,"Puerto Rico Commonwealth","Hatillo Municipio",5,42,518,249,269
050,72,065,"Puerto Rico Commonwealth","Hatillo Municipio",5,43,536,264,272
050,72,065,"Puerto Rico Commonwealth","Hatillo Municipio",5,44,503,253,250
050,72,065,"Puerto Rico Commonwealth","Hatillo Municipio",5,45,471,239,232
050,72,065,"Puerto Rico Commonwealth","Hatillo Municipio",5,46,485,236,249
050,72,065,"Puerto Rico Commonwealth","Hatillo Municipio",5,47,510,232,278
050,72,065,"Puerto Rico Commonwealth","Hatillo Municipio",5,48,521,239,282
050,72,065,"Puerto Rico Commonwealth","Hatillo Municipio",5,49,498,240,258
050,72,065,"Puerto Rico Commonwealth","Hatillo Municipio",5,50,473,229,244
050,72,065,"Puerto Rico Commonwealth","Hatillo Municipio",5,51,517,248,269
050,72,065,"Puerto Rico Commonwealth","Hatillo Municipio",5,52,553,252,301
050,72,065,"Puerto Rico Commonwealth","Hatillo Municipio",5,53,549,259,290
050,72,065,"Puerto Rico Commonwealth","Hatillo Municipio",5,54,545,268,277
050,72,065,"Puerto Rico Commonwealth","Hatillo Municipio",5,55,543,254,289
050,72,065,"Puerto Rico Commonwealth","Hatillo Municipio",5,56,547,251,296
050,72,065,"Puerto Rico Commonwealth","Hatillo Municipio",5,57,550,250,300
050,72,065,"Puerto Rico Commonwealth","Hatillo Municipio",5,58,546,244,302
050,72,065,"Puerto Rico Commonwealth","Hatillo Municipio",5,59,546,240,306
050,72,065,"Puerto Rico Commonwealth","Hatillo Municipio",5,60,541,247,294
050,72,065,"Puerto Rico Commonwealth","Hatillo Municipio",5,61,539,253,286
050,72,065,"Puerto Rico Commonwealth","Hatillo Municipio",5,62,543,246,297
050,72,065,"Puerto Rico Commonwealth","Hatillo Municipio",5,63,534,256,278
050,72,065,"Puerto Rico Commonwealth","Hatillo Municipio",5,64,490,235,255
050,72,065,"Puerto Rico Commonwealth","Hatillo Municipio",5,65,503,240,263
050,72,065,"Puerto Rico Commonwealth","Hatillo Municipio",5,66,487,217,270
050,72,065,"Puerto Rico Commonwealth","Hatillo Municipio",5,67,492,225,267
050,72,065,"Puerto Rico Commonwealth","Hatillo Municipio",5,68,503,235,268
050,72,065,"Puerto Rico Commonwealth","Hatillo Municipio",5,69,482,222,260
050,72,065,"Puerto Rico Commonwealth","Hatillo Municipio",5,70,464,208,256
050,72,065,"Puerto Rico Commonwealth","Hatillo Municipio",5,71,437,190,247
050,72,065,"Puerto Rico Commonwealth","Hatillo Municipio",5,72,412,185,227
050,72,065,"Puerto Rico Commonwealth","Hatillo Municipio",5,73,424,180,244
050,72,065,"Puerto Rico Commonwealth","Hatillo Municipio",5,74,408,179,229
050,72,065,"Puerto Rico Commonwealth","Hatillo Municipio",5,75,419,185,234
050,72,065,"Puerto Rico Commonwealth","Hatillo Municipio",5,76,417,192,225
050,72,065,"Puerto Rico Commonwealth","Hatillo Municipio",5,77,422,189,233
050,72,065,"Puerto Rico Commonwealth","Hatillo Municipio",5,78,406,180,226
050,72,065,"Puerto Rico Commonwealth","Hatillo Municipio",5,79,350,146,204
050,72,065,"Puerto Rico Commonwealth","Hatillo Municipio",5,80,313,134,179
050,72,065,"Puerto Rico Commonwealth","Hatillo Municipio",5,81,281,115,166
050,72,065,"Puerto Rico Commonwealth","Hatillo Municipio",5,82,259,109,150
050,72,065,"Puerto Rico Commonwealth","Hatillo Municipio",5,83,226,115,111
050,72,065,"Puerto Rico Commonwealth","Hatillo Municipio",5,84,228,96,132
050,72,065,"Puerto Rico Commonwealth","Hatillo Municipio",5,85,1164,428,736
050,72,067,"Puerto Rico Commonwealth","Hormigueros Municipio",1,0,70,42,28
050,72,067,"Puerto Rico Commonwealth","Hormigueros Municipio",1,1,76,45,31
050,72,067,"Puerto Rico Commonwealth","Hormigueros Municipio",1,2,79,45,34
050,72,067,"Puerto Rico Commonwealth","Hormigueros Municipio",1,3,87,42,45
050,72,067,"Puerto Rico Commonwealth","Hormigueros Municipio",1,4,97,44,53
050,72,067,"Puerto Rico Commonwealth","Hormigueros Municipio",1,5,113,59,54
050,72,067,"Puerto Rico Commonwealth","Hormigueros Municipio",1,6,121,61,60
050,72,067,"Puerto Rico Commonwealth","Hormigueros Municipio",1,7,111,55,56
050,72,067,"Puerto Rico Commonwealth","Hormigueros Municipio",1,8,131,66,65
050,72,067,"Puerto Rico Commonwealth","Hormigueros Municipio",1,9,145,80,65
050,72,067,"Puerto Rico Commonwealth","Hormigueros Municipio",1,10,150,79,71
050,72,067,"Puerto Rico Commonwealth","Hormigueros Municipio",1,11,146,69,77
050,72,067,"Puerto Rico Commonwealth","Hormigueros Municipio",1,12,161,75,86
050,72,067,"Puerto Rico Commonwealth","Hormigueros Municipio",1,13,159,79,80
050,72,067,"Puerto Rico Commonwealth","Hormigueros Municipio",1,14,168,85,83
050,72,067,"Puerto Rico Commonwealth","Hormigueros Municipio",1,15,167,84,83
050,72,067,"Puerto Rico Commonwealth","Hormigueros Municipio",1,16,166,76,90
050,72,067,"Puerto Rico Commonwealth","Hormigueros Municipio",1,17,175,87,88
050,72,067,"Puerto Rico Commonwealth","Hormigueros Municipio",1,18,190,100,90
050,72,067,"Puerto Rico Commonwealth","Hormigueros Municipio",1,19,205,104,101
050,72,067,"Puerto Rico Commonwealth","Hormigueros Municipio",1,20,204,106,98
050,72,067,"Puerto Rico Commonwealth","Hormigueros Municipio",1,21,188,99,89
050,72,067,"Puerto Rico Commonwealth","Hormigueros Municipio",1,22,176,90,86
050,72,067,"Puerto Rico Commonwealth","Hormigueros Municipio",1,23,183,91,92
050,72,067,"Puerto Rico Commonwealth","Hormigueros Municipio",1,24,195,96,99
050,72,067,"Puerto Rico Commonwealth","Hormigueros Municipio",1,25,194,103,91
050,72,067,"Puerto Rico Commonwealth","Hormigueros Municipio",1,26,176,80,96
050,72,067,"Puerto Rico Commonwealth","Hormigueros Municipio",1,27,176,82,94
050,72,067,"Puerto Rico Commonwealth","Hormigueros Municipio",1,28,167,83,84
050,72,067,"Puerto Rico Commonwealth","Hormigueros Municipio",1,29,151,73,78
050,72,067,"Puerto Rico Commonwealth","Hormigueros Municipio",1,30,168,84,84
050,72,067,"Puerto Rico Commonwealth","Hormigueros Municipio",1,31,151,76,75
050,72,067,"Puerto Rico Commonwealth","Hormigueros Municipio",1,32,150,71,79
050,72,067,"Puerto Rico Commonwealth","Hormigueros Municipio",1,33,141,76,65
050,72,067,"Puerto Rico Commonwealth","Hormigueros Municipio",1,34,134,70,64
050,72,067,"Puerto Rico Commonwealth","Hormigueros Municipio",1,35,135,65,70
050,72,067,"Puerto Rico Commonwealth","Hormigueros Municipio",1,36,137,68,69
050,72,067,"Puerto Rico Commonwealth","Hormigueros Municipio",1,37,155,74,81
050,72,067,"Puerto Rico Commonwealth","Hormigueros Municipio",1,38,169,78,91
050,72,067,"Puerto Rico Commonwealth","Hormigueros Municipio",1,39,171,78,93
050,72,067,"Puerto Rico Commonwealth","Hormigueros Municipio",1,40,174,83,91
050,72,067,"Puerto Rico Commonwealth","Hormigueros Municipio",1,41,180,81,99
050,72,067,"Puerto Rico Commonwealth","Hormigueros Municipio",1,42,192,93,99
050,72,067,"Puerto Rico Commonwealth","Hormigueros Municipio",1,43,199,96,103
050,72,067,"Puerto Rico Commonwealth","Hormigueros Municipio",1,44,203,89,114
050,72,067,"Puerto Rico Commonwealth","Hormigueros Municipio",1,45,194,85,109
050,72,067,"Puerto Rico Commonwealth","Hormigueros Municipio",1,46,194,84,110
050,72,067,"Puerto Rico Commonwealth","Hormigueros Municipio",1,47,213,93,120
050,72,067,"Puerto Rico Commonwealth","Hormigueros Municipio",1,48,226,99,127
050,72,067,"Puerto Rico Commonwealth","Hormigueros Municipio",1,49,234,113,121
050,72,067,"Puerto Rico Commonwealth","Hormigueros Municipio",1,50,218,105,113
050,72,067,"Puerto Rico Commonwealth","Hormigueros Municipio",1,51,205,84,121
050,72,067,"Puerto Rico Commonwealth","Hormigueros Municipio",1,52,193,80,113
050,72,067,"Puerto Rico Commonwealth","Hormigueros Municipio",1,53,208,86,122
050,72,067,"Puerto Rico Commonwealth","Hormigueros Municipio",1,54,211,91,120
050,72,067,"Puerto Rico Commonwealth","Hormigueros Municipio",1,55,196,87,109
050,72,067,"Puerto Rico Commonwealth","Hormigueros Municipio",1,56,202,93,109
050,72,067,"Puerto Rico Commonwealth","Hormigueros Municipio",1,57,198,90,108
050,72,067,"Puerto Rico Commonwealth","Hormigueros Municipio",1,58,189,87,102
050,72,067,"Puerto Rico Commonwealth","Hormigueros Municipio",1,59,195,87,108
050,72,067,"Puerto Rico Commonwealth","Hormigueros Municipio",1,60,210,96,114
050,72,067,"Puerto Rico Commonwealth","Hormigueros Municipio",1,61,199,93,106
050,72,067,"Puerto Rico Commonwealth","Hormigueros Municipio",1,62,203,91,112
050,72,067,"Puerto Rico Commonwealth","Hormigueros Municipio",1,63,205,82,123
050,72,067,"Puerto Rico Commonwealth","Hormigueros Municipio",1,64,202,87,115
050,72,067,"Puerto Rico Commonwealth","Hormigueros Municipio",1,65,199,95,104
050,72,067,"Puerto Rico Commonwealth","Hormigueros Municipio",1,66,201,92,109
050,72,067,"Puerto Rico Commonwealth","Hormigueros Municipio",1,67,199,93,106
050,72,067,"Puerto Rico Commonwealth","Hormigueros Municipio",1,68,192,85,107
050,72,067,"Puerto Rico Commonwealth","Hormigueros Municipio",1,69,199,81,118
050,72,067,"Puerto Rico Commonwealth","Hormigueros Municipio",1,70,230,102,128
050,72,067,"Puerto Rico Commonwealth","Hormigueros Municipio",1,71,232,100,132
050,72,067,"Puerto Rico Commonwealth","Hormigueros Municipio",1,72,231,99,132
050,72,067,"Puerto Rico Commonwealth","Hormigueros Municipio",1,73,222,98,124
050,72,067,"Puerto Rico Commonwealth","Hormigueros Municipio",1,74,246,109,137
050,72,067,"Puerto Rico Commonwealth","Hormigueros Municipio",1,75,215,89,126
050,72,067,"Puerto Rico Commonwealth","Hormigueros Municipio",1,76,189,76,113
050,72,067,"Puerto Rico Commonwealth","Hormigueros Municipio",1,77,185,74,111
050,72,067,"Puerto Rico Commonwealth","Hormigueros Municipio",1,78,184,74,110
050,72,067,"Puerto Rico Commonwealth","Hormigueros Municipio",1,79,169,68,101
050,72,067,"Puerto Rico Commonwealth","Hormigueros Municipio",1,80,167,71,96
050,72,067,"Puerto Rico Commonwealth","Hormigueros Municipio",1,81,162,65,97
050,72,067,"Puerto Rico Commonwealth","Hormigueros Municipio",1,82,142,48,94
050,72,067,"Puerto Rico Commonwealth","Hormigueros Municipio",1,83,134,47,87
050,72,067,"Puerto Rico Commonwealth","Hormigueros Municipio",1,84,127,47,80
050,72,067,"Puerto Rico Commonwealth","Hormigueros Municipio",1,85,748,291,457
050,72,067,"Puerto Rico Commonwealth","Hormigueros Municipio",2,0,64,40,24
050,72,067,"Puerto Rico Commonwealth","Hormigueros Municipio",2,1,74,44,30
050,72,067,"Puerto Rico Commonwealth","Hormigueros Municipio",2,2,78,45,33
050,72,067,"Puerto Rico Commonwealth","Hormigueros Municipio",2,3,85,42,43
050,72,067,"Puerto Rico Commonwealth","Hormigueros Municipio",2,4,95,44,51
050,72,067,"Puerto Rico Commonwealth","Hormigueros Municipio",2,5,108,55,53
050,72,067,"Puerto Rico Commonwealth","Hormigueros Municipio",2,6,120,61,59
050,72,067,"Puerto Rico Commonwealth","Hormigueros Municipio",2,7,113,56,57
050,72,067,"Puerto Rico Commonwealth","Hormigueros Municipio",2,8,127,64,63
050,72,067,"Puerto Rico Commonwealth","Hormigueros Municipio",2,9,141,76,65
050,72,067,"Puerto Rico Commonwealth","Hormigueros Municipio",2,10,148,79,69
050,72,067,"Puerto Rico Commonwealth","Hormigueros Municipio",2,11,148,72,76
050,72,067,"Puerto Rico Commonwealth","Hormigueros Municipio",2,12,157,73,84
050,72,067,"Puerto Rico Commonwealth","Hormigueros Municipio",2,13,159,78,81
050,72,067,"Puerto Rico Commonwealth","Hormigueros Municipio",2,14,166,84,82
050,72,067,"Puerto Rico Commonwealth","Hormigueros Municipio",2,15,167,84,83
050,72,067,"Puerto Rico Commonwealth","Hormigueros Municipio",2,16,167,78,89
050,72,067,"Puerto Rico Commonwealth","Hormigueros Municipio",2,17,172,84,88
050,72,067,"Puerto Rico Commonwealth","Hormigueros Municipio",2,18,186,96,90
050,72,067,"Puerto Rico Commonwealth","Hormigueros Municipio",2,19,201,103,98
050,72,067,"Puerto Rico Commonwealth","Hormigueros Municipio",2,20,205,105,100
050,72,067,"Puerto Rico Commonwealth","Hormigueros Municipio",2,21,191,100,91
050,72,067,"Puerto Rico Commonwealth","Hormigueros Municipio",2,22,179,92,87
050,72,067,"Puerto Rico Commonwealth","Hormigueros Municipio",2,23,179,89,90
050,72,067,"Puerto Rico Commonwealth","Hormigueros Municipio",2,24,192,95,97
050,72,067,"Puerto Rico Commonwealth","Hormigueros Municipio",2,25,194,101,93
050,72,067,"Puerto Rico Commonwealth","Hormigueros Municipio",2,26,181,86,95
050,72,067,"Puerto Rico Commonwealth","Hormigueros Municipio",2,27,176,82,94
050,72,067,"Puerto Rico Commonwealth","Hormigueros Municipio",2,28,168,82,86
050,72,067,"Puerto Rico Commonwealth","Hormigueros Municipio",2,29,155,75,80
050,72,067,"Puerto Rico Commonwealth","Hormigueros Municipio",2,30,163,81,82
050,72,067,"Puerto Rico Commonwealth","Hormigueros Municipio",2,31,155,78,77
050,72,067,"Puerto Rico Commonwealth","Hormigueros Municipio",2,32,150,72,78
050,72,067,"Puerto Rico Commonwealth","Hormigueros Municipio",2,33,144,75,69
050,72,067,"Puerto Rico Commonwealth","Hormigueros Municipio",2,34,136,72,64
050,72,067,"Puerto Rico Commonwealth","Hormigueros Municipio",2,35,135,66,69
050,72,067,"Puerto Rico Commonwealth","Hormigueros Municipio",2,36,136,67,69
050,72,067,"Puerto Rico Commonwealth","Hormigueros Municipio",2,37,150,72,78
050,72,067,"Puerto Rico Commonwealth","Hormigueros Municipio",2,38,166,78,88
050,72,067,"Puerto Rico Commonwealth","Hormigueros Municipio",2,39,171,78,93
050,72,067,"Puerto Rico Commonwealth","Hormigueros Municipio",2,40,172,81,91
050,72,067,"Puerto Rico Commonwealth","Hormigueros Municipio",2,41,179,82,97
050,72,067,"Puerto Rico Commonwealth","Hormigueros Municipio",2,42,189,90,99
050,72,067,"Puerto Rico Commonwealth","Hormigueros Municipio",2,43,197,95,102
050,72,067,"Puerto Rico Commonwealth","Hormigueros Municipio",2,44,202,90,112
050,72,067,"Puerto Rico Commonwealth","Hormigueros Municipio",2,45,197,87,110
050,72,067,"Puerto Rico Commonwealth","Hormigueros Municipio",2,46,194,84,110
050,72,067,"Puerto Rico Commonwealth","Hormigueros Municipio",2,47,207,90,117
050,72,067,"Puerto Rico Commonwealth","Hormigueros Municipio",2,48,222,97,125
050,72,067,"Puerto Rico Commonwealth","Hormigueros Municipio",2,49,232,110,122
050,72,067,"Puerto Rico Commonwealth","Hormigueros Municipio",2,50,222,107,115
050,72,067,"Puerto Rico Commonwealth","Hormigueros Municipio",2,51,208,89,119
050,72,067,"Puerto Rico Commonwealth","Hormigueros Municipio",2,52,197,82,115
050,72,067,"Puerto Rico Commonwealth","Hormigueros Municipio",2,53,205,85,120
050,72,067,"Puerto Rico Commonwealth","Hormigueros Municipio",2,54,209,89,120
050,72,067,"Puerto Rico Commonwealth","Hormigueros Municipio",2,55,200,88,112
050,72,067,"Puerto Rico Commonwealth","Hormigueros Municipio",2,56,201,92,109
050,72,067,"Puerto Rico Commonwealth","Hormigueros Municipio",2,57,199,91,108
050,72,067,"Puerto Rico Commonwealth","Hormigueros Municipio",2,58,191,87,104
050,72,067,"Puerto Rico Commonwealth","Hormigueros Municipio",2,59,193,87,106
050,72,067,"Puerto Rico Commonwealth","Hormigueros Municipio",2,60,206,94,112
050,72,067,"Puerto Rico Commonwealth","Hormigueros Municipio",2,61,202,94,108
050,72,067,"Puerto Rico Commonwealth","Hormigueros Municipio",2,62,201,91,110
050,72,067,"Puerto Rico Commonwealth","Hormigueros Municipio",2,63,205,85,120
050,72,067,"Puerto Rico Commonwealth","Hormigueros Municipio",2,64,202,85,117
050,72,067,"Puerto Rico Commonwealth","Hormigueros Municipio",2,65,199,92,107
050,72,067,"Puerto Rico Commonwealth","Hormigueros Municipio",2,66,199,92,107
050,72,067,"Puerto Rico Commonwealth","Hormigueros Municipio",2,67,200,93,107
050,72,067,"Puerto Rico Commonwealth","Hormigueros Municipio",2,68,192,87,105
050,72,067,"Puerto Rico Commonwealth","Hormigueros Municipio",2,69,198,82,116
050,72,067,"Puerto Rico Commonwealth","Hormigueros Municipio",2,70,221,96,125
050,72,067,"Puerto Rico Commonwealth","Hormigueros Municipio",2,71,231,100,131
050,72,067,"Puerto Rico Commonwealth","Hormigueros Municipio",2,72,228,98,130
050,72,067,"Puerto Rico Commonwealth","Hormigueros Municipio",2,73,223,97,126
050,72,067,"Puerto Rico Commonwealth","Hormigueros Municipio",2,74,240,106,134
050,72,067,"Puerto Rico Commonwealth","Hormigueros Municipio",2,75,221,93,128
050,72,067,"Puerto Rico Commonwealth","Hormigueros Municipio",2,76,194,78,116
050,72,067,"Puerto Rico Commonwealth","Hormigueros Municipio",2,77,185,75,110
050,72,067,"Puerto Rico Commonwealth","Hormigueros Municipio",2,78,183,73,110
050,72,067,"Puerto Rico Commonwealth","Hormigueros Municipio",2,79,171,69,102
050,72,067,"Puerto Rico Commonwealth","Hormigueros Municipio",2,80,165,69,96
050,72,067,"Puerto Rico Commonwealth","Hormigueros Municipio",2,81,164,67,97
050,72,067,"Puerto Rico Commonwealth","Hormigueros Municipio",2,82,146,52,94
050,72,067,"Puerto Rico Commonwealth","Hormigueros Municipio",2,83,134,46,88
050,72,067,"Puerto Rico Commonwealth","Hormigueros Municipio",2,84,128,47,81
050,72,067,"Puerto Rico Commonwealth","Hormigueros Municipio",2,85,762,295,467
050,72,067,"Puerto Rico Commonwealth","Hormigueros Municipio",3,0,59,28,31
050,72,067,"Puerto Rico Commonwealth","Hormigueros Municipio",3,1,64,40,24
050,72,067,"Puerto Rico Commonwealth","Hormigueros Municipio",3,2,74,44,30
050,72,067,"Puerto Rico Commonwealth","Hormigueros Municipio",3,3,78,45,33
050,72,067,"Puerto Rico Commonwealth","Hormigueros Municipio",3,4,86,42,44
050,72,067,"Puerto Rico Commonwealth","Hormigueros Municipio",3,5,96,44,52
050,72,067,"Puerto Rico Commonwealth","Hormigueros Municipio",3,6,109,55,54
050,72,067,"Puerto Rico Commonwealth","Hormigueros Municipio",3,7,122,62,60
050,72,067,"Puerto Rico Commonwealth","Hormigueros Municipio",3,8,114,56,58
050,72,067,"Puerto Rico Commonwealth","Hormigueros Municipio",3,9,129,65,64
050,72,067,"Puerto Rico Commonwealth","Hormigueros Municipio",3,10,143,77,66
050,72,067,"Puerto Rico Commonwealth","Hormigueros Municipio",3,11,148,79,69
050,72,067,"Puerto Rico Commonwealth","Hormigueros Municipio",3,12,148,72,76
050,72,067,"Puerto Rico Commonwealth","Hormigueros Municipio",3,13,158,73,85
050,72,067,"Puerto Rico Commonwealth","Hormigueros Municipio",3,14,159,78,81
050,72,067,"Puerto Rico Commonwealth","Hormigueros Municipio",3,15,166,84,82
050,72,067,"Puerto Rico Commonwealth","Hormigueros Municipio",3,16,167,84,83
050,72,067,"Puerto Rico Commonwealth","Hormigueros Municipio",3,17,167,78,89
050,72,067,"Puerto Rico Commonwealth","Hormigueros Municipio",3,18,170,82,88
050,72,067,"Puerto Rico Commonwealth","Hormigueros Municipio",3,19,185,96,89
050,72,067,"Puerto Rico Commonwealth","Hormigueros Municipio",3,20,199,101,98
050,72,067,"Puerto Rico Commonwealth","Hormigueros Municipio",3,21,206,106,100
050,72,067,"Puerto Rico Commonwealth","Hormigueros Municipio",3,22,190,99,91
050,72,067,"Puerto Rico Commonwealth","Hormigueros Municipio",3,23,179,92,87
050,72,067,"Puerto Rico Commonwealth","Hormigueros Municipio",3,24,179,89,90
050,72,067,"Puerto Rico Commonwealth","Hormigueros Municipio",3,25,193,95,98
050,72,067,"Puerto Rico Commonwealth","Hormigueros Municipio",3,26,193,100,93
050,72,067,"Puerto Rico Commonwealth","Hormigueros Municipio",3,27,182,87,95
050,72,067,"Puerto Rico Commonwealth","Hormigueros Municipio",3,28,176,82,94
050,72,067,"Puerto Rico Commonwealth","Hormigueros Municipio",3,29,170,81,89
050,72,067,"Puerto Rico Commonwealth","Hormigueros Municipio",3,30,151,74,77
050,72,067,"Puerto Rico Commonwealth","Hormigueros Municipio",3,31,163,81,82
050,72,067,"Puerto Rico Commonwealth","Hormigueros Municipio",3,32,154,77,77
050,72,067,"Puerto Rico Commonwealth","Hormigueros Municipio",3,33,150,71,79
050,72,067,"Puerto Rico Commonwealth","Hormigueros Municipio",3,34,144,75,69
050,72,067,"Puerto Rico Commonwealth","Hormigueros Municipio",3,35,137,73,64
050,72,067,"Puerto Rico Commonwealth","Hormigueros Municipio",3,36,135,66,69
050,72,067,"Puerto Rico Commonwealth","Hormigueros Municipio",3,37,136,67,69
050,72,067,"Puerto Rico Commonwealth","Hormigueros Municipio",3,38,150,72,78
050,72,067,"Puerto Rico Commonwealth","Hormigueros Municipio",3,39,167,79,88
050,72,067,"Puerto Rico Commonwealth","Hormigueros Municipio",3,40,172,79,93
050,72,067,"Puerto Rico Commonwealth","Hormigueros Municipio",3,41,172,80,92
050,72,067,"Puerto Rico Commonwealth","Hormigueros Municipio",3,42,180,82,98
050,72,067,"Puerto Rico Commonwealth","Hormigueros Municipio",3,43,190,90,100
050,72,067,"Puerto Rico Commonwealth","Hormigueros Municipio",3,44,196,94,102
050,72,067,"Puerto Rico Commonwealth","Hormigueros Municipio",3,45,203,90,113
050,72,067,"Puerto Rico Commonwealth","Hormigueros Municipio",3,46,197,86,111
050,72,067,"Puerto Rico Commonwealth","Hormigueros Municipio",3,47,196,85,111
050,72,067,"Puerto Rico Commonwealth","Hormigueros Municipio",3,48,210,89,121
050,72,067,"Puerto Rico Commonwealth","Hormigueros Municipio",3,49,219,96,123
050,72,067,"Puerto Rico Commonwealth","Hormigueros Municipio",3,50,234,111,123
050,72,067,"Puerto Rico Commonwealth","Hormigueros Municipio",3,51,223,107,116
050,72,067,"Puerto Rico Commonwealth","Hormigueros Municipio",3,52,211,91,120
050,72,067,"Puerto Rico Commonwealth","Hormigueros Municipio",3,53,196,81,115
050,72,067,"Puerto Rico Commonwealth","Hormigueros Municipio",3,54,205,85,120
050,72,067,"Puerto Rico Commonwealth","Hormigueros Municipio",3,55,212,91,121
050,72,067,"Puerto Rico Commonwealth","Hormigueros Municipio",3,56,202,88,114
050,72,067,"Puerto Rico Commonwealth","Hormigueros Municipio",3,57,196,89,107
050,72,067,"Puerto Rico Commonwealth","Hormigueros Municipio",3,58,201,93,108
050,72,067,"Puerto Rico Commonwealth","Hormigueros Municipio",3,59,191,88,103
050,72,067,"Puerto Rico Commonwealth","Hormigueros Municipio",3,60,195,89,106
050,72,067,"Puerto Rico Commonwealth","Hormigueros Municipio",3,61,206,95,111
050,72,067,"Puerto Rico Commonwealth","Hormigueros Municipio",3,62,202,94,108
050,72,067,"Puerto Rico Commonwealth","Hormigueros Municipio",3,63,204,94,110
050,72,067,"Puerto Rico Commonwealth","Hormigueros Municipio",3,64,202,83,119
050,72,067,"Puerto Rico Commonwealth","Hormigueros Municipio",3,65,202,85,117
050,72,067,"Puerto Rico Commonwealth","Hormigueros Municipio",3,66,201,91,110
050,72,067,"Puerto Rico Commonwealth","Hormigueros Municipio",3,67,195,92,103
050,72,067,"Puerto Rico Commonwealth","Hormigueros Municipio",3,68,198,92,106
050,72,067,"Puerto Rico Commonwealth","Hormigueros Municipio",3,69,194,86,108
050,72,067,"Puerto Rico Commonwealth","Hormigueros Municipio",3,70,195,82,113
050,72,067,"Puerto Rico Commonwealth","Hormigueros Municipio",3,71,218,94,124
050,72,067,"Puerto Rico Commonwealth","Hormigueros Municipio",3,72,230,98,132
050,72,067,"Puerto Rico Commonwealth","Hormigueros Municipio",3,73,223,93,130
050,72,067,"Puerto Rico Commonwealth","Hormigueros Municipio",3,74,231,96,135
050,72,067,"Puerto Rico Commonwealth","Hormigueros Municipio",3,75,231,105,126
050,72,067,"Puerto Rico Commonwealth","Hormigueros Municipio",3,76,215,92,123
050,72,067,"Puerto Rico Commonwealth","Hormigueros Municipio",3,77,188,74,114
050,72,067,"Puerto Rico Commonwealth","Hormigueros Municipio",3,78,180,74,106
050,72,067,"Puerto Rico Commonwealth","Hormigueros Municipio",3,79,177,70,107
050,72,067,"Puerto Rico Commonwealth","Hormigueros Municipio",3,80,173,68,105
050,72,067,"Puerto Rico Commonwealth","Hormigueros Municipio",3,81,162,67,95
050,72,067,"Puerto Rico Commonwealth","Hormigueros Municipio",3,82,154,64,90
050,72,067,"Puerto Rico Commonwealth","Hormigueros Municipio",3,83,134,47,87
050,72,067,"Puerto Rico Commonwealth","Hormigueros Municipio",3,84,130,41,89
050,72,067,"Puerto Rico Commonwealth","Hormigueros Municipio",3,85,825,316,509
050,72,067,"Puerto Rico Commonwealth","Hormigueros Municipio",4,0,67,33,34
050,72,067,"Puerto Rico Commonwealth","Hormigueros Municipio",4,1,58,27,31
050,72,067,"Puerto Rico Commonwealth","Hormigueros Municipio",4,2,63,39,24
050,72,067,"Puerto Rico Commonwealth","Hormigueros Municipio",4,3,73,43,30
050,72,067,"Puerto Rico Commonwealth","Hormigueros Municipio",4,4,78,45,33
050,72,067,"Puerto Rico Commonwealth","Hormigueros Municipio",4,5,86,42,44
050,72,067,"Puerto Rico Commonwealth","Hormigueros Municipio",4,6,96,44,52
050,72,067,"Puerto Rico Commonwealth","Hormigueros Municipio",4,7,109,55,54
050,72,067,"Puerto Rico Commonwealth","Hormigueros Municipio",4,8,122,62,60
050,72,067,"Puerto Rico Commonwealth","Hormigueros Municipio",4,9,114,56,58
050,72,067,"Puerto Rico Commonwealth","Hormigueros Municipio",4,10,129,65,64
050,72,067,"Puerto Rico Commonwealth","Hormigueros Municipio",4,11,142,76,66
050,72,067,"Puerto Rico Commonwealth","Hormigueros Municipio",4,12,147,78,69
050,72,067,"Puerto Rico Commonwealth","Hormigueros Municipio",4,13,147,71,76
050,72,067,"Puerto Rico Commonwealth","Hormigueros Municipio",4,14,156,72,84
050,72,067,"Puerto Rico Commonwealth","Hormigueros Municipio",4,15,157,77,80
050,72,067,"Puerto Rico Commonwealth","Hormigueros Municipio",4,16,163,82,81
050,72,067,"Puerto Rico Commonwealth","Hormigueros Municipio",4,17,164,83,81
050,72,067,"Puerto Rico Commonwealth","Hormigueros Municipio",4,18,164,76,88
050,72,067,"Puerto Rico Commonwealth","Hormigueros Municipio",4,19,166,81,85
050,72,067,"Puerto Rico Commonwealth","Hormigueros Municipio",4,20,181,93,88
050,72,067,"Puerto Rico Commonwealth","Hormigueros Municipio",4,21,198,101,97
050,72,067,"Puerto Rico Commonwealth","Hormigueros Municipio",4,22,202,103,99
050,72,067,"Puerto Rico Commonwealth","Hormigueros Municipio",4,23,188,98,90
050,72,067,"Puerto Rico Commonwealth","Hormigueros Municipio",4,24,178,91,87
050,72,067,"Puerto Rico Commonwealth","Hormigueros Municipio",4,25,177,88,89
050,72,067,"Puerto Rico Commonwealth","Hormigueros Municipio",4,26,191,94,97
050,72,067,"Puerto Rico Commonwealth","Hormigueros Municipio",4,27,192,100,92
050,72,067,"Puerto Rico Commonwealth","Hormigueros Municipio",4,28,181,87,94
050,72,067,"Puerto Rico Commonwealth","Hormigueros Municipio",4,29,176,80,96
050,72,067,"Puerto Rico Commonwealth","Hormigueros Municipio",4,30,165,80,85
050,72,067,"Puerto Rico Commonwealth","Hormigueros Municipio",4,31,150,74,76
050,72,067,"Puerto Rico Commonwealth","Hormigueros Municipio",4,32,162,81,81
050,72,067,"Puerto Rico Commonwealth","Hormigueros Municipio",4,33,153,77,76
050,72,067,"Puerto Rico Commonwealth","Hormigueros Municipio",4,34,149,70,79
050,72,067,"Puerto Rico Commonwealth","Hormigueros Municipio",4,35,144,75,69
050,72,067,"Puerto Rico Commonwealth","Hormigueros Municipio",4,36,136,73,63
050,72,067,"Puerto Rico Commonwealth","Hormigueros Municipio",4,37,135,66,69
050,72,067,"Puerto Rico Commonwealth","Hormigueros Municipio",4,38,135,66,69
050,72,067,"Puerto Rico Commonwealth","Hormigueros Municipio",4,39,150,73,77
050,72,067,"Puerto Rico Commonwealth","Hormigueros Municipio",4,40,166,78,88
050,72,067,"Puerto Rico Commonwealth","Hormigueros Municipio",4,41,171,78,93
050,72,067,"Puerto Rico Commonwealth","Hormigueros Municipio",4,42,172,80,92
050,72,067,"Puerto Rico Commonwealth","Hormigueros Municipio",4,43,180,82,98
050,72,067,"Puerto Rico Commonwealth","Hormigueros Municipio",4,44,190,90,100
050,72,067,"Puerto Rico Commonwealth","Hormigueros Municipio",4,45,196,94,102
050,72,067,"Puerto Rico Commonwealth","Hormigueros Municipio",4,46,201,89,112
050,72,067,"Puerto Rico Commonwealth","Hormigueros Municipio",4,47,197,86,111
050,72,067,"Puerto Rico Commonwealth","Hormigueros Municipio",4,48,198,84,114
050,72,067,"Puerto Rico Commonwealth","Hormigueros Municipio",4,49,208,90,118
050,72,067,"Puerto Rico Commonwealth","Hormigueros Municipio",4,50,217,96,121
050,72,067,"Puerto Rico Commonwealth","Hormigueros Municipio",4,51,233,110,123
050,72,067,"Puerto Rico Commonwealth","Hormigueros Municipio",4,52,224,108,116
050,72,067,"Puerto Rico Commonwealth","Hormigueros Municipio",4,53,211,91,120
050,72,067,"Puerto Rico Commonwealth","Hormigueros Municipio",4,54,195,80,115
050,72,067,"Puerto Rico Commonwealth","Hormigueros Municipio",4,55,203,84,119
050,72,067,"Puerto Rico Commonwealth","Hormigueros Municipio",4,56,213,91,122
050,72,067,"Puerto Rico Commonwealth","Hormigueros Municipio",4,57,201,89,112
050,72,067,"Puerto Rico Commonwealth","Hormigueros Municipio",4,58,194,87,107
050,72,067,"Puerto Rico Commonwealth","Hormigueros Municipio",4,59,203,95,108
050,72,067,"Puerto Rico Commonwealth","Hormigueros Municipio",4,60,191,89,102
050,72,067,"Puerto Rico Commonwealth","Hormigueros Municipio",4,61,196,90,106
050,72,067,"Puerto Rico Commonwealth","Hormigueros Municipio",4,62,207,96,111
050,72,067,"Puerto Rico Commonwealth","Hormigueros Municipio",4,63,200,93,107
050,72,067,"Puerto Rico Commonwealth","Hormigueros Municipio",4,64,203,94,109
050,72,067,"Puerto Rico Commonwealth","Hormigueros Municipio",4,65,202,81,121
050,72,067,"Puerto Rico Commonwealth","Hormigueros Municipio",4,66,201,83,118
050,72,067,"Puerto Rico Commonwealth","Hormigueros Municipio",4,67,195,91,104
050,72,067,"Puerto Rico Commonwealth","Hormigueros Municipio",4,68,194,91,103
050,72,067,"Puerto Rico Commonwealth","Hormigueros Municipio",4,69,200,93,107
050,72,067,"Puerto Rico Commonwealth","Hormigueros Municipio",4,70,191,86,105
050,72,067,"Puerto Rico Commonwealth","Hormigueros Municipio",4,71,193,80,113
050,72,067,"Puerto Rico Commonwealth","Hormigueros Municipio",4,72,216,93,123
050,72,067,"Puerto Rico Commonwealth","Hormigueros Municipio",4,73,225,96,129
050,72,067,"Puerto Rico Commonwealth","Hormigueros Municipio",4,74,231,94,137
050,72,067,"Puerto Rico Commonwealth","Hormigueros Municipio",4,75,220,93,127
050,72,067,"Puerto Rico Commonwealth","Hormigueros Municipio",4,76,227,108,119
050,72,067,"Puerto Rico Commonwealth","Hormigueros Municipio",4,77,210,89,121
050,72,067,"Puerto Rico Commonwealth","Hormigueros Municipio",4,78,184,73,111
050,72,067,"Puerto Rico Commonwealth","Hormigueros Municipio",4,79,171,68,103
050,72,067,"Puerto Rico Commonwealth","Hormigueros Municipio",4,80,175,68,107
050,72,067,"Puerto Rico Commonwealth","Hormigueros Municipio",4,81,176,69,107
050,72,067,"Puerto Rico Commonwealth","Hormigueros Municipio",4,82,148,60,88
050,72,067,"Puerto Rico Commonwealth","Hormigueros Municipio",4,83,148,64,84
050,72,067,"Puerto Rico Commonwealth","Hormigueros Municipio",4,84,126,43,83
050,72,067,"Puerto Rico Commonwealth","Hormigueros Municipio",4,85,854,317,537
050,72,067,"Puerto Rico Commonwealth","Hormigueros Municipio",5,0,67,35,32
050,72,067,"Puerto Rico Commonwealth","Hormigueros Municipio",5,1,68,33,35
050,72,067,"Puerto Rico Commonwealth","Hormigueros Municipio",5,2,59,27,32
050,72,067,"Puerto Rico Commonwealth","Hormigueros Municipio",5,3,63,39,24
050,72,067,"Puerto Rico Commonwealth","Hormigueros Municipio",5,4,73,43,30
050,72,067,"Puerto Rico Commonwealth","Hormigueros Municipio",5,5,79,46,33
050,72,067,"Puerto Rico Commonwealth","Hormigueros Municipio",5,6,87,42,45
050,72,067,"Puerto Rico Commonwealth","Hormigueros Municipio",5,7,97,44,53
050,72,067,"Puerto Rico Commonwealth","Hormigueros Municipio",5,8,111,56,55
050,72,067,"Puerto Rico Commonwealth","Hormigueros Municipio",5,9,124,63,61
050,72,067,"Puerto Rico Commonwealth","Hormigueros Municipio",5,10,116,57,59
050,72,067,"Puerto Rico Commonwealth","Hormigueros Municipio",5,11,130,65,65
050,72,067,"Puerto Rico Commonwealth","Hormigueros Municipio",5,12,144,77,67
050,72,067,"Puerto Rico Commonwealth","Hormigueros Municipio",5,13,149,79,70
050,72,067,"Puerto Rico Commonwealth","Hormigueros Municipio",5,14,147,71,76
050,72,067,"Puerto Rico Commonwealth","Hormigueros Municipio",5,15,157,72,85
050,72,067,"Puerto Rico Commonwealth","Hormigueros Municipio",5,16,157,77,80
050,72,067,"Puerto Rico Commonwealth","Hormigueros Municipio",5,17,163,82,81
050,72,067,"Puerto Rico Commonwealth","Hormigueros Municipio",5,18,164,83,81
050,72,067,"Puerto Rico Commonwealth","Hormigueros Municipio",5,19,163,76,87
050,72,067,"Puerto Rico Commonwealth","Hormigueros Municipio",5,20,163,78,85
050,72,067,"Puerto Rico Commonwealth","Hormigueros Municipio",5,21,183,95,88
050,72,067,"Puerto Rico Commonwealth","Hormigueros Municipio",5,22,198,100,98
050,72,067,"Puerto Rico Commonwealth","Hormigueros Municipio",5,23,202,103,99
050,72,067,"Puerto Rico Commonwealth","Hormigueros Municipio",5,24,189,98,91
050,72,067,"Puerto Rico Commonwealth","Hormigueros Municipio",5,25,180,92,88
050,72,067,"Puerto Rico Commonwealth","Hormigueros Municipio",5,26,178,88,90
050,72,067,"Puerto Rico Commonwealth","Hormigueros Municipio",5,27,192,94,98
050,72,067,"Puerto Rico Commonwealth","Hormigueros Municipio",5,28,193,101,92
050,72,067,"Puerto Rico Commonwealth","Hormigueros Municipio",5,29,183,86,97
050,72,067,"Puerto Rico Commonwealth","Hormigueros Municipio",5,30,175,81,94
050,72,067,"Puerto Rico Commonwealth","Hormigueros Municipio",5,31,167,81,86
050,72,067,"Puerto Rico Commonwealth","Hormigueros Municipio",5,32,150,74,76
050,72,067,"Puerto Rico Commonwealth","Hormigueros Municipio",5,33,162,80,82
050,72,067,"Puerto Rico Commonwealth","Hormigueros Municipio",5,34,152,77,75
050,72,067,"Puerto Rico Commonwealth","Hormigueros Municipio",5,35,150,70,80
050,72,067,"Puerto Rico Commonwealth","Hormigueros Municipio",5,36,143,74,69
050,72,067,"Puerto Rico Commonwealth","Hormigueros Municipio",5,37,137,74,63
050,72,067,"Puerto Rico Commonwealth","Hormigueros Municipio",5,38,135,66,69
050,72,067,"Puerto Rico Commonwealth","Hormigueros Municipio",5,39,136,67,69
050,72,067,"Puerto Rico Commonwealth","Hormigueros Municipio",5,40,151,73,78
050,72,067,"Puerto Rico Commonwealth","Hormigueros Municipio",5,41,166,78,88
050,72,067,"Puerto Rico Commonwealth","Hormigueros Municipio",5,42,172,78,94
050,72,067,"Puerto Rico Commonwealth","Hormigueros Municipio",5,43,172,79,93
050,72,067,"Puerto Rico Commonwealth","Hormigueros Municipio",5,44,180,82,98
050,72,067,"Puerto Rico Commonwealth","Hormigueros Municipio",5,45,191,90,101
050,72,067,"Puerto Rico Commonwealth","Hormigueros Municipio",5,46,196,93,103
050,72,067,"Puerto Rico Commonwealth","Hormigueros Municipio",5,47,201,88,113
050,72,067,"Puerto Rico Commonwealth","Hormigueros Municipio",5,48,200,86,114
050,72,067,"Puerto Rico Commonwealth","Hormigueros Municipio",5,49,195,83,112
050,72,067,"Puerto Rico Commonwealth","Hormigueros Municipio",5,50,207,88,119
050,72,067,"Puerto Rico Commonwealth","Hormigueros Municipio",5,51,218,97,121
050,72,067,"Puerto Rico Commonwealth","Hormigueros Municipio",5,52,233,109,124
050,72,067,"Puerto Rico Commonwealth","Hormigueros Municipio",5,53,225,108,117
050,72,067,"Puerto Rico Commonwealth","Hormigueros Municipio",5,54,210,90,120
050,72,067,"Puerto Rico Commonwealth","Hormigueros Municipio",5,55,194,78,116
050,72,067,"Puerto Rico Commonwealth","Hormigueros Municipio",5,56,206,85,121
050,72,067,"Puerto Rico Commonwealth","Hormigueros Municipio",5,57,213,92,121
050,72,067,"Puerto Rico Commonwealth","Hormigueros Municipio",5,58,202,90,112
050,72,067,"Puerto Rico Commonwealth","Hormigueros Municipio",5,59,193,86,107
050,72,067,"Puerto Rico Commonwealth","Hormigueros Municipio",5,60,204,96,108
050,72,067,"Puerto Rico Commonwealth","Hormigueros Municipio",5,61,191,89,102
050,72,067,"Puerto Rico Commonwealth","Hormigueros Municipio",5,62,197,91,106
050,72,067,"Puerto Rico Commonwealth","Hormigueros Municipio",5,63,209,99,110
050,72,067,"Puerto Rico Commonwealth","Hormigueros Municipio",5,64,199,93,106
050,72,067,"Puerto Rico Commonwealth","Hormigueros Municipio",5,65,202,93,109
050,72,067,"Puerto Rico Commonwealth","Hormigueros Municipio",5,66,202,79,123
050,72,067,"Puerto Rico Commonwealth","Hormigueros Municipio",5,67,196,82,114
050,72,067,"Puerto Rico Commonwealth","Hormigueros Municipio",5,68,193,89,104
050,72,067,"Puerto Rico Commonwealth","Hormigueros Municipio",5,69,194,88,106
050,72,067,"Puerto Rico Commonwealth","Hormigueros Municipio",5,70,198,94,104
050,72,067,"Puerto Rico Commonwealth","Hormigueros Municipio",5,71,188,85,103
050,72,067,"Puerto Rico Commonwealth","Hormigueros Municipio",5,72,193,79,114
050,72,067,"Puerto Rico Commonwealth","Hormigueros Municipio",5,73,214,89,125
050,72,067,"Puerto Rico Commonwealth","Hormigueros Municipio",5,74,235,97,138
050,72,067,"Puerto Rico Commonwealth","Hormigueros Municipio",5,75,222,91,131
050,72,067,"Puerto Rico Commonwealth","Hormigueros Municipio",5,76,214,93,121
050,72,067,"Puerto Rico Commonwealth","Hormigueros Municipio",5,77,224,105,119
050,72,067,"Puerto Rico Commonwealth","Hormigueros Municipio",5,78,207,87,120
050,72,067,"Puerto Rico Commonwealth","Hormigueros Municipio",5,79,175,68,107
050,72,067,"Puerto Rico Commonwealth","Hormigueros Municipio",5,80,165,63,102
050,72,067,"Puerto Rico Commonwealth","Hormigueros Municipio",5,81,175,65,110
050,72,067,"Puerto Rico Commonwealth","Hormigueros Municipio",5,82,163,64,99
050,72,067,"Puerto Rico Commonwealth","Hormigueros Municipio",5,83,138,58,80
050,72,067,"Puerto Rico Commonwealth","Hormigueros Municipio",5,84,145,60,85
050,72,067,"Puerto Rico Commonwealth","Hormigueros Municipio",5,85,882,316,566
050,72,069,"Puerto Rico Commonwealth","Humacao Municipio",1,0,308,158,150
050,72,069,"Puerto Rico Commonwealth","Humacao Municipio",1,1,320,144,176
050,72,069,"Puerto Rico Commonwealth","Humacao Municipio",1,2,312,156,156
050,72,069,"Puerto Rico Commonwealth","Humacao Municipio",1,3,393,210,183
050,72,069,"Puerto Rico Commonwealth","Humacao Municipio",1,4,404,199,205
050,72,069,"Puerto Rico Commonwealth","Humacao Municipio",1,5,437,228,209
050,72,069,"Puerto Rico Commonwealth","Humacao Municipio",1,6,455,232,223
050,72,069,"Puerto Rico Commonwealth","Humacao Municipio",1,7,459,234,225
050,72,069,"Puerto Rico Commonwealth","Humacao Municipio",1,8,494,251,243
050,72,069,"Puerto Rico Commonwealth","Humacao Municipio",1,9,517,258,259
050,72,069,"Puerto Rico Commonwealth","Humacao Municipio",1,10,488,246,242
050,72,069,"Puerto Rico Commonwealth","Humacao Municipio",1,11,521,258,263
050,72,069,"Puerto Rico Commonwealth","Humacao Municipio",1,12,548,270,278
050,72,069,"Puerto Rico Commonwealth","Humacao Municipio",1,13,551,276,275
050,72,069,"Puerto Rico Commonwealth","Humacao Municipio",1,14,584,299,285
050,72,069,"Puerto Rico Commonwealth","Humacao Municipio",1,15,596,294,302
050,72,069,"Puerto Rico Commonwealth","Humacao Municipio",1,16,606,295,311
050,72,069,"Puerto Rico Commonwealth","Humacao Municipio",1,17,620,324,296
050,72,069,"Puerto Rico Commonwealth","Humacao Municipio",1,18,666,371,295
050,72,069,"Puerto Rico Commonwealth","Humacao Municipio",1,19,680,360,320
050,72,069,"Puerto Rico Commonwealth","Humacao Municipio",1,20,669,346,323
050,72,069,"Puerto Rico Commonwealth","Humacao Municipio",1,21,610,296,314
050,72,069,"Puerto Rico Commonwealth","Humacao Municipio",1,22,626,304,322
050,72,069,"Puerto Rico Commonwealth","Humacao Municipio",1,23,632,298,334
050,72,069,"Puerto Rico Commonwealth","Humacao Municipio",1,24,633,298,335
050,72,069,"Puerto Rico Commonwealth","Humacao Municipio",1,25,618,290,328
050,72,069,"Puerto Rico Commonwealth","Humacao Municipio",1,26,608,284,324
050,72,069,"Puerto Rico Commonwealth","Humacao Municipio",1,27,605,296,309
050,72,069,"Puerto Rico Commonwealth","Humacao Municipio",1,28,613,295,318
050,72,069,"Puerto Rico Commonwealth","Humacao Municipio",1,29,605,275,330
050,72,069,"Puerto Rico Commonwealth","Humacao Municipio",1,30,616,287,329
050,72,069,"Puerto Rico Commonwealth","Humacao Municipio",1,31,594,292,302
050,72,069,"Puerto Rico Commonwealth","Humacao Municipio",1,32,552,263,289
050,72,069,"Puerto Rico Commonwealth","Humacao Municipio",1,33,496,245,251
050,72,069,"Puerto Rico Commonwealth","Humacao Municipio",1,34,505,247,258
050,72,069,"Puerto Rico Commonwealth","Humacao Municipio",1,35,532,239,293
050,72,069,"Puerto Rico Commonwealth","Humacao Municipio",1,36,518,234,284
050,72,069,"Puerto Rico Commonwealth","Humacao Municipio",1,37,554,272,282
050,72,069,"Puerto Rico Commonwealth","Humacao Municipio",1,38,594,286,308
050,72,069,"Puerto Rico Commonwealth","Humacao Municipio",1,39,620,304,316
050,72,069,"Puerto Rico Commonwealth","Humacao Municipio",1,40,628,312,316
050,72,069,"Puerto Rico Commonwealth","Humacao Municipio",1,41,623,292,331
050,72,069,"Puerto Rico Commonwealth","Humacao Municipio",1,42,663,320,343
050,72,069,"Puerto Rico Commonwealth","Humacao Municipio",1,43,670,336,334
050,72,069,"Puerto Rico Commonwealth","Humacao Municipio",1,44,645,308,337
050,72,069,"Puerto Rico Commonwealth","Humacao Municipio",1,45,639,292,347
050,72,069,"Puerto Rico Commonwealth","Humacao Municipio",1,46,654,294,360
050,72,069,"Puerto Rico Commonwealth","Humacao Municipio",1,47,683,305,378
050,72,069,"Puerto Rico Commonwealth","Humacao Municipio",1,48,698,329,369
050,72,069,"Puerto Rico Commonwealth","Humacao Municipio",1,49,717,354,363
050,72,069,"Puerto Rico Commonwealth","Humacao Municipio",1,50,659,325,334
050,72,069,"Puerto Rico Commonwealth","Humacao Municipio",1,51,649,311,338
050,72,069,"Puerto Rico Commonwealth","Humacao Municipio",1,52,648,302,346
050,72,069,"Puerto Rico Commonwealth","Humacao Municipio",1,53,657,303,354
050,72,069,"Puerto Rico Commonwealth","Humacao Municipio",1,54,693,318,375
050,72,069,"Puerto Rico Commonwealth","Humacao Municipio",1,55,722,336,386
050,72,069,"Puerto Rico Commonwealth","Humacao Municipio",1,56,696,321,375
050,72,069,"Puerto Rico Commonwealth","Humacao Municipio",1,57,674,299,375
050,72,069,"Puerto Rico Commonwealth","Humacao Municipio",1,58,680,302,378
050,72,069,"Puerto Rico Commonwealth","Humacao Municipio",1,59,718,321,397
050,72,069,"Puerto Rico Commonwealth","Humacao Municipio",1,60,703,310,393
050,72,069,"Puerto Rico Commonwealth","Humacao Municipio",1,61,674,293,381
050,72,069,"Puerto Rico Commonwealth","Humacao Municipio",1,62,688,309,379
050,72,069,"Puerto Rico Commonwealth","Humacao Municipio",1,63,682,311,371
050,72,069,"Puerto Rico Commonwealth","Humacao Municipio",1,64,735,332,403
050,72,069,"Puerto Rico Commonwealth","Humacao Municipio",1,65,727,324,403
050,72,069,"Puerto Rico Commonwealth","Humacao Municipio",1,66,704,323,381
050,72,069,"Puerto Rico Commonwealth","Humacao Municipio",1,67,704,316,388
050,72,069,"Puerto Rico Commonwealth","Humacao Municipio",1,68,692,313,379
050,72,069,"Puerto Rico Commonwealth","Humacao Municipio",1,69,686,318,368
050,72,069,"Puerto Rico Commonwealth","Humacao Municipio",1,70,700,333,367
050,72,069,"Puerto Rico Commonwealth","Humacao Municipio",1,71,667,312,355
050,72,069,"Puerto Rico Commonwealth","Humacao Municipio",1,72,664,295,369
050,72,069,"Puerto Rico Commonwealth","Humacao Municipio",1,73,647,271,376
050,72,069,"Puerto Rico Commonwealth","Humacao Municipio",1,74,618,270,348
050,72,069,"Puerto Rico Commonwealth","Humacao Municipio",1,75,546,257,289
050,72,069,"Puerto Rico Commonwealth","Humacao Municipio",1,76,500,230,270
050,72,069,"Puerto Rico Commonwealth","Humacao Municipio",1,77,470,208,262
050,72,069,"Puerto Rico Commonwealth","Humacao Municipio",1,78,434,198,236
050,72,069,"Puerto Rico Commonwealth","Humacao Municipio",1,79,365,163,202
050,72,069,"Puerto Rico Commonwealth","Humacao Municipio",1,80,394,189,205
050,72,069,"Puerto Rico Commonwealth","Humacao Municipio",1,81,315,154,161
050,72,069,"Puerto Rico Commonwealth","Humacao Municipio",1,82,311,156,155
050,72,069,"Puerto Rico Commonwealth","Humacao Municipio",1,83,293,129,164
050,72,069,"Puerto Rico Commonwealth","Humacao Municipio",1,84,266,106,160
050,72,069,"Puerto Rico Commonwealth","Humacao Municipio",1,85,1536,560,976
050,72,069,"Puerto Rico Commonwealth","Humacao Municipio",2,0,305,161,144
050,72,069,"Puerto Rico Commonwealth","Humacao Municipio",2,1,315,147,168
050,72,069,"Puerto Rico Commonwealth","Humacao Municipio",2,2,313,153,160
050,72,069,"Puerto Rico Commonwealth","Humacao Municipio",2,3,372,197,175
050,72,069,"Puerto Rico Commonwealth","Humacao Municipio",2,4,399,200,199
050,72,069,"Puerto Rico Commonwealth","Humacao Municipio",2,5,429,221,208
050,72,069,"Puerto Rico Commonwealth","Humacao Municipio",2,6,449,231,218
050,72,069,"Puerto Rico Commonwealth","Humacao Municipio",2,7,459,234,225
050,72,069,"Puerto Rico Commonwealth","Humacao Municipio",2,8,484,246,238
050,72,069,"Puerto Rico Commonwealth","Humacao Municipio",2,9,512,257,255
050,72,069,"Puerto Rico Commonwealth","Humacao Municipio",2,10,496,249,247
050,72,069,"Puerto Rico Commonwealth","Humacao Municipio",2,11,512,255,257
050,72,069,"Puerto Rico Commonwealth","Humacao Municipio",2,12,542,267,275
050,72,069,"Puerto Rico Commonwealth","Humacao Municipio",2,13,549,274,275
050,72,069,"Puerto Rico Commonwealth","Humacao Municipio",2,14,576,293,283
050,72,069,"Puerto Rico Commonwealth","Humacao Municipio",2,15,593,295,298
050,72,069,"Puerto Rico Commonwealth","Humacao Municipio",2,16,602,293,309
050,72,069,"Puerto Rico Commonwealth","Humacao Municipio",2,17,615,316,299
050,72,069,"Puerto Rico Commonwealth","Humacao Municipio",2,18,652,359,293
050,72,069,"Puerto Rico Commonwealth","Humacao Municipio",2,19,674,361,313
050,72,069,"Puerto Rico Commonwealth","Humacao Municipio",2,20,670,349,321
050,72,069,"Puerto Rico Commonwealth","Humacao Municipio",2,21,623,307,316
050,72,069,"Puerto Rico Commonwealth","Humacao Municipio",2,22,619,300,319
050,72,069,"Puerto Rico Commonwealth","Humacao Municipio",2,23,628,298,330
050,72,069,"Puerto Rico Commonwealth","Humacao Municipio",2,24,630,296,334
050,72,069,"Puerto Rico Commonwealth","Humacao Municipio",2,25,618,290,328
050,72,069,"Puerto Rico Commonwealth","Humacao Municipio",2,26,607,283,324
050,72,069,"Puerto Rico Commonwealth","Humacao Municipio",2,27,604,292,312
050,72,069,"Puerto Rico Commonwealth","Humacao Municipio",2,28,609,294,315
050,72,069,"Puerto Rico Commonwealth","Humacao Municipio",2,29,604,279,325
050,72,069,"Puerto Rico Commonwealth","Humacao Municipio",2,30,610,282,328
050,72,069,"Puerto Rico Commonwealth","Humacao Municipio",2,31,598,290,308
050,72,069,"Puerto Rico Commonwealth","Humacao Municipio",2,32,561,270,291
050,72,069,"Puerto Rico Commonwealth","Humacao Municipio",2,33,510,250,260
050,72,069,"Puerto Rico Commonwealth","Humacao Municipio",2,34,503,246,257
050,72,069,"Puerto Rico Commonwealth","Humacao Municipio",2,35,525,241,284
050,72,069,"Puerto Rico Commonwealth","Humacao Municipio",2,36,522,236,286
050,72,069,"Puerto Rico Commonwealth","Humacao Municipio",2,37,544,261,283
050,72,069,"Puerto Rico Commonwealth","Humacao Municipio",2,38,584,283,301
050,72,069,"Puerto Rico Commonwealth","Humacao Municipio",2,39,613,299,314
050,72,069,"Puerto Rico Commonwealth","Humacao Municipio",2,40,626,310,316
050,72,069,"Puerto Rico Commonwealth","Humacao Municipio",2,41,623,296,327
050,72,069,"Puerto Rico Commonwealth","Humacao Municipio",2,42,652,313,339
050,72,069,"Puerto Rico Commonwealth","Humacao Municipio",2,43,669,332,337
050,72,069,"Puerto Rico Commonwealth","Humacao Municipio",2,44,651,315,336
050,72,069,"Puerto Rico Commonwealth","Humacao Municipio",2,45,640,296,344
050,72,069,"Puerto Rico Commonwealth","Humacao Municipio",2,46,650,294,356
050,72,069,"Puerto Rico Commonwealth","Humacao Municipio",2,47,675,301,374
050,72,069,"Puerto Rico Commonwealth","Humacao Municipio",2,48,693,323,370
050,72,069,"Puerto Rico Commonwealth","Humacao Municipio",2,49,712,348,364
050,72,069,"Puerto Rico Commonwealth","Humacao Municipio",2,50,674,332,342
050,72,069,"Puerto Rico Commonwealth","Humacao Municipio",2,51,651,314,337
050,72,069,"Puerto Rico Commonwealth","Humacao Municipio",2,52,649,305,344
050,72,069,"Puerto Rico Commonwealth","Humacao Municipio",2,53,654,302,352
050,72,069,"Puerto Rico Commonwealth","Humacao Municipio",2,54,683,315,368
050,72,069,"Puerto Rico Commonwealth","Humacao Municipio",2,55,714,331,383
050,72,069,"Puerto Rico Commonwealth","Humacao Municipio",2,56,702,325,377
050,72,069,"Puerto Rico Commonwealth","Humacao Municipio",2,57,680,304,376
050,72,069,"Puerto Rico Commonwealth","Humacao Municipio",2,58,679,302,377
050,72,069,"Puerto Rico Commonwealth","Humacao Municipio",2,59,707,315,392
050,72,069,"Puerto Rico Commonwealth","Humacao Municipio",2,60,706,312,394
050,72,069,"Puerto Rico Commonwealth","Humacao Municipio",2,61,681,297,384
050,72,069,"Puerto Rico Commonwealth","Humacao Municipio",2,62,684,305,379
050,72,069,"Puerto Rico Commonwealth","Humacao Municipio",2,63,681,309,372
050,72,069,"Puerto Rico Commonwealth","Humacao Municipio",2,64,722,327,395
050,72,069,"Puerto Rico Commonwealth","Humacao Municipio",2,65,727,324,403
050,72,069,"Puerto Rico Commonwealth","Humacao Municipio",2,66,708,323,385
050,72,069,"Puerto Rico Commonwealth","Humacao Municipio",2,67,704,318,386
050,72,069,"Puerto Rico Commonwealth","Humacao Municipio",2,68,693,314,379
050,72,069,"Puerto Rico Commonwealth","Humacao Municipio",2,69,684,314,370
050,72,069,"Puerto Rico Commonwealth","Humacao Municipio",2,70,693,327,366
050,72,069,"Puerto Rico Commonwealth","Humacao Municipio",2,71,670,315,355
050,72,069,"Puerto Rico Commonwealth","Humacao Municipio",2,72,665,300,365
050,72,069,"Puerto Rico Commonwealth","Humacao Municipio",2,73,650,276,374
050,72,069,"Puerto Rico Commonwealth","Humacao Municipio",2,74,623,269,354
050,72,069,"Puerto Rico Commonwealth","Humacao Municipio",2,75,562,258,304
050,72,069,"Puerto Rico Commonwealth","Humacao Municipio",2,76,512,237,275
050,72,069,"Puerto Rico Commonwealth","Humacao Municipio",2,77,469,208,261
050,72,069,"Puerto Rico Commonwealth","Humacao Municipio",2,78,440,198,242
050,72,069,"Puerto Rico Commonwealth","Humacao Municipio",2,79,377,168,209
050,72,069,"Puerto Rico Commonwealth","Humacao Municipio",2,80,383,181,202
050,72,069,"Puerto Rico Commonwealth","Humacao Municipio",2,81,328,158,170
050,72,069,"Puerto Rico Commonwealth","Humacao Municipio",2,82,309,154,155
050,72,069,"Puerto Rico Commonwealth","Humacao Municipio",2,83,292,135,157
050,72,069,"Puerto Rico Commonwealth","Humacao Municipio",2,84,270,110,160
050,72,069,"Puerto Rico Commonwealth","Humacao Municipio",2,85,1577,578,999
050,72,069,"Puerto Rico Commonwealth","Humacao Municipio",3,0,304,166,138
050,72,069,"Puerto Rico Commonwealth","Humacao Municipio",3,1,303,161,142
050,72,069,"Puerto Rico Commonwealth","Humacao Municipio",3,2,312,146,166
050,72,069,"Puerto Rico Commonwealth","Humacao Municipio",3,3,308,150,158
050,72,069,"Puerto Rico Commonwealth","Humacao Municipio",3,4,369,196,173
050,72,069,"Puerto Rico Commonwealth","Humacao Municipio",3,5,397,199,198
050,72,069,"Puerto Rico Commonwealth","Humacao Municipio",3,6,427,220,207
050,72,069,"Puerto Rico Commonwealth","Humacao Municipio",3,7,448,230,218
050,72,069,"Puerto Rico Commonwealth","Humacao Municipio",3,8,456,233,223
050,72,069,"Puerto Rico Commonwealth","Humacao Municipio",3,9,483,246,237
050,72,069,"Puerto Rico Commonwealth","Humacao Municipio",3,10,511,256,255
050,72,069,"Puerto Rico Commonwealth","Humacao Municipio",3,11,492,248,244
050,72,069,"Puerto Rico Commonwealth","Humacao Municipio",3,12,511,254,257
050,72,069,"Puerto Rico Commonwealth","Humacao Municipio",3,13,541,267,274
050,72,069,"Puerto Rico Commonwealth","Humacao Municipio",3,14,546,272,274
050,72,069,"Puerto Rico Commonwealth","Humacao Municipio",3,15,576,294,282
050,72,069,"Puerto Rico Commonwealth","Humacao Municipio",3,16,601,305,296
050,72,069,"Puerto Rico Commonwealth","Humacao Municipio",3,17,607,301,306
050,72,069,"Puerto Rico Commonwealth","Humacao Municipio",3,18,635,341,294
050,72,069,"Puerto Rico Commonwealth","Humacao Municipio",3,19,603,317,286
050,72,069,"Puerto Rico Commonwealth","Humacao Municipio",3,20,657,345,312
050,72,069,"Puerto Rico Commonwealth","Humacao Municipio",3,21,644,328,316
050,72,069,"Puerto Rico Commonwealth","Humacao Municipio",3,22,615,301,314
050,72,069,"Puerto Rico Commonwealth","Humacao Municipio",3,23,618,302,316
050,72,069,"Puerto Rico Commonwealth","Humacao Municipio",3,24,613,285,328
050,72,069,"Puerto Rico Commonwealth","Humacao Municipio",3,25,632,297,335
050,72,069,"Puerto Rico Commonwealth","Humacao Municipio",3,26,606,284,322
050,72,069,"Puerto Rico Commonwealth","Humacao Municipio",3,27,598,277,321
050,72,069,"Puerto Rico Commonwealth","Humacao Municipio",3,28,609,298,311
050,72,069,"Puerto Rico Commonwealth","Humacao Municipio",3,29,590,281,309
050,72,069,"Puerto Rico Commonwealth","Humacao Municipio",3,30,606,283,323
050,72,069,"Puerto Rico Commonwealth","Humacao Municipio",3,31,601,278,323
050,72,069,"Puerto Rico Commonwealth","Humacao Municipio",3,32,596,288,308
050,72,069,"Puerto Rico Commonwealth","Humacao Municipio",3,33,561,272,289
050,72,069,"Puerto Rico Commonwealth","Humacao Municipio",3,34,507,248,259
050,72,069,"Puerto Rico Commonwealth","Humacao Municipio",3,35,502,247,255
050,72,069,"Puerto Rico Commonwealth","Humacao Municipio",3,36,529,245,284
050,72,069,"Puerto Rico Commonwealth","Humacao Municipio",3,37,517,232,285
050,72,069,"Puerto Rico Commonwealth","Humacao Municipio",3,38,549,267,282
050,72,069,"Puerto Rico Commonwealth","Humacao Municipio",3,39,580,278,302
050,72,069,"Puerto Rico Commonwealth","Humacao Municipio",3,40,610,297,313
050,72,069,"Puerto Rico Commonwealth","Humacao Municipio",3,41,621,304,317
050,72,069,"Puerto Rico Commonwealth","Humacao Municipio",3,42,623,297,326
050,72,069,"Puerto Rico Commonwealth","Humacao Municipio",3,43,650,312,338
050,72,069,"Puerto Rico Commonwealth","Humacao Municipio",3,44,665,329,336
050,72,069,"Puerto Rico Commonwealth","Humacao Municipio",3,45,654,316,338
050,72,069,"Puerto Rico Commonwealth","Humacao Municipio",3,46,640,300,340
050,72,069,"Puerto Rico Commonwealth","Humacao Municipio",3,47,641,285,356
050,72,069,"Puerto Rico Commonwealth","Humacao Municipio",3,48,669,297,372
050,72,069,"Puerto Rico Commonwealth","Humacao Municipio",3,49,695,326,369
050,72,069,"Puerto Rico Commonwealth","Humacao Municipio",3,50,708,345,363
050,72,069,"Puerto Rico Commonwealth","Humacao Municipio",3,51,670,331,339
050,72,069,"Puerto Rico Commonwealth","Humacao Municipio",3,52,649,312,337
050,72,069,"Puerto Rico Commonwealth","Humacao Municipio",3,53,648,307,341
050,72,069,"Puerto Rico Commonwealth","Humacao Municipio",3,54,648,300,348
050,72,069,"Puerto Rico Commonwealth","Humacao Municipio",3,55,678,310,368
050,72,069,"Puerto Rico Commonwealth","Humacao Municipio",3,56,714,333,381
050,72,069,"Puerto Rico Commonwealth","Humacao Municipio",3,57,695,317,378
050,72,069,"Puerto Rico Commonwealth","Humacao Municipio",3,58,676,303,373
050,72,069,"Puerto Rico Commonwealth","Humacao Municipio",3,59,685,308,377
050,72,069,"Puerto Rico Commonwealth","Humacao Municipio",3,60,691,304,387
050,72,069,"Puerto Rico Commonwealth","Humacao Municipio",3,61,705,311,394
050,72,069,"Puerto Rico Commonwealth","Humacao Municipio",3,62,685,298,387
050,72,069,"Puerto Rico Commonwealth","Humacao Municipio",3,63,674,301,373
050,72,069,"Puerto Rico Commonwealth","Humacao Municipio",3,64,684,310,374
050,72,069,"Puerto Rico Commonwealth","Humacao Municipio",3,65,721,328,393
050,72,069,"Puerto Rico Commonwealth","Humacao Municipio",3,66,717,315,402
050,72,069,"Puerto Rico Commonwealth","Humacao Municipio",3,67,699,316,383
050,72,069,"Puerto Rico Commonwealth","Humacao Municipio",3,68,695,313,382
050,72,069,"Puerto Rico Commonwealth","Humacao Municipio",3,69,682,308,374
050,72,069,"Puerto Rico Commonwealth","Humacao Municipio",3,70,679,311,368
050,72,069,"Puerto Rico Commonwealth","Humacao Municipio",3,71,690,329,361
050,72,069,"Puerto Rico Commonwealth","Humacao Municipio",3,72,646,300,346
050,72,069,"Puerto Rico Commonwealth","Humacao Municipio",3,73,651,292,359
050,72,069,"Puerto Rico Commonwealth","Humacao Municipio",3,74,649,275,374
050,72,069,"Puerto Rico Commonwealth","Humacao Municipio",3,75,597,261,336
050,72,069,"Puerto Rico Commonwealth","Humacao Municipio",3,76,548,252,296
050,72,069,"Puerto Rico Commonwealth","Humacao Municipio",3,77,498,232,266
050,72,069,"Puerto Rico Commonwealth","Humacao Municipio",3,78,461,211,250
050,72,069,"Puerto Rico Commonwealth","Humacao Municipio",3,79,416,182,234
050,72,069,"Puerto Rico Commonwealth","Humacao Municipio",3,80,375,170,205
050,72,069,"Puerto Rico Commonwealth","Humacao Municipio",3,81,374,172,202
050,72,069,"Puerto Rico Commonwealth","Humacao Municipio",3,82,308,144,164
050,72,069,"Puerto Rico Commonwealth","Humacao Municipio",3,83,294,146,148
050,72,069,"Puerto Rico Commonwealth","Humacao Municipio",3,84,280,128,152
050,72,069,"Puerto Rico Commonwealth","Humacao Municipio",3,85,1705,631,1074
050,72,069,"Puerto Rico Commonwealth","Humacao Municipio",4,0,323,180,143
050,72,069,"Puerto Rico Commonwealth","Humacao Municipio",4,1,297,163,134
050,72,069,"Puerto Rico Commonwealth","Humacao Municipio",4,2,295,157,138
050,72,069,"Puerto Rico Commonwealth","Humacao Municipio",4,3,303,141,162
050,72,069,"Puerto Rico Commonwealth","Humacao Municipio",4,4,300,146,154
050,72,069,"Puerto Rico Commonwealth","Humacao Municipio",4,5,361,192,169
050,72,069,"Puerto Rico Commonwealth","Humacao Municipio",4,6,389,195,194
050,72,069,"Puerto Rico Commonwealth","Humacao Municipio",4,7,420,216,204
050,72,069,"Puerto Rico Commonwealth","Humacao Municipio",4,8,439,226,213
050,72,069,"Puerto Rico Commonwealth","Humacao Municipio",4,9,450,231,219
050,72,069,"Puerto Rico Commonwealth","Humacao Municipio",4,10,475,241,234
050,72,069,"Puerto Rico Commonwealth","Humacao Municipio",4,11,502,252,250
050,72,069,"Puerto Rico Commonwealth","Humacao Municipio",4,12,486,244,242
050,72,069,"Puerto Rico Commonwealth","Humacao Municipio",4,13,506,253,253
050,72,069,"Puerto Rico Commonwealth","Humacao Municipio",4,14,533,262,271
050,72,069,"Puerto Rico Commonwealth","Humacao Municipio",4,15,540,270,270
050,72,069,"Puerto Rico Commonwealth","Humacao Municipio",4,16,576,299,277
050,72,069,"Puerto Rico Commonwealth","Humacao Municipio",4,17,600,310,290
050,72,069,"Puerto Rico Commonwealth","Humacao Municipio",4,18,621,324,297
050,72,069,"Puerto Rico Commonwealth","Humacao Municipio",4,19,580,296,284
050,72,069,"Puerto Rico Commonwealth","Humacao Municipio",4,20,578,297,281
050,72,069,"Puerto Rico Commonwealth","Humacao Municipio",4,21,623,319,304
050,72,069,"Puerto Rico Commonwealth","Humacao Municipio",4,22,629,319,310
050,72,069,"Puerto Rico Commonwealth","Humacao Municipio",4,23,612,303,309
050,72,069,"Puerto Rico Commonwealth","Humacao Municipio",4,24,595,285,310
050,72,069,"Puerto Rico Commonwealth","Humacao Municipio",4,25,606,281,325
050,72,069,"Puerto Rico Commonwealth","Humacao Municipio",4,26,613,287,326
050,72,069,"Puerto Rico Commonwealth","Humacao Municipio",4,27,591,276,315
050,72,069,"Puerto Rico Commonwealth","Humacao Municipio",4,28,598,281,317
050,72,069,"Puerto Rico Commonwealth","Humacao Municipio",4,29,587,285,302
050,72,069,"Puerto Rico Commonwealth","Humacao Municipio",4,30,588,284,304
050,72,069,"Puerto Rico Commonwealth","Humacao Municipio",4,31,594,278,316
050,72,069,"Puerto Rico Commonwealth","Humacao Municipio",4,32,592,272,320
050,72,069,"Puerto Rico Commonwealth","Humacao Municipio",4,33,588,288,300
050,72,069,"Puerto Rico Commonwealth","Humacao Municipio",4,34,549,264,285
050,72,069,"Puerto Rico Commonwealth","Humacao Municipio",4,35,497,242,255
050,72,069,"Puerto Rico Commonwealth","Humacao Municipio",4,36,500,248,252
050,72,069,"Puerto Rico Commonwealth","Humacao Municipio",4,37,516,238,278
050,72,069,"Puerto Rico Commonwealth","Humacao Municipio",4,38,523,242,281
050,72,069,"Puerto Rico Commonwealth","Humacao Municipio",4,39,542,262,280
050,72,069,"Puerto Rico Commonwealth","Humacao Municipio",4,40,577,279,298
050,72,069,"Puerto Rico Commonwealth","Humacao Municipio",4,41,602,290,312
050,72,069,"Puerto Rico Commonwealth","Humacao Municipio",4,42,612,301,311
050,72,069,"Puerto Rico Commonwealth","Humacao Municipio",4,43,615,292,323
050,72,069,"Puerto Rico Commonwealth","Humacao Municipio",4,44,639,305,334
050,72,069,"Puerto Rico Commonwealth","Humacao Municipio",4,45,666,328,338
050,72,069,"Puerto Rico Commonwealth","Humacao Municipio",4,46,654,321,333
050,72,069,"Puerto Rico Commonwealth","Humacao Municipio",4,47,630,293,337
050,72,069,"Puerto Rico Commonwealth","Humacao Municipio",4,48,636,282,354
050,72,069,"Puerto Rico Commonwealth","Humacao Municipio",4,49,666,301,365
050,72,069,"Puerto Rico Commonwealth","Humacao Municipio",4,50,689,323,366
050,72,069,"Puerto Rico Commonwealth","Humacao Municipio",4,51,701,342,359
050,72,069,"Puerto Rico Commonwealth","Humacao Municipio",4,52,662,325,337
050,72,069,"Puerto Rico Commonwealth","Humacao Municipio",4,53,645,311,334
050,72,069,"Puerto Rico Commonwealth","Humacao Municipio",4,54,642,302,340
050,72,069,"Puerto Rico Commonwealth","Humacao Municipio",4,55,640,292,348
050,72,069,"Puerto Rico Commonwealth","Humacao Municipio",4,56,674,312,362
050,72,069,"Puerto Rico Commonwealth","Humacao Municipio",4,57,712,331,381
050,72,069,"Puerto Rico Commonwealth","Humacao Municipio",4,58,692,317,375
050,72,069,"Puerto Rico Commonwealth","Humacao Municipio",4,59,679,305,374
050,72,069,"Puerto Rico Commonwealth","Humacao Municipio",4,60,671,300,371
050,72,069,"Puerto Rico Commonwealth","Humacao Municipio",4,61,688,303,385
050,72,069,"Puerto Rico Commonwealth","Humacao Municipio",4,62,709,315,394
050,72,069,"Puerto Rico Commonwealth","Humacao Municipio",4,63,673,294,379
050,72,069,"Puerto Rico Commonwealth","Humacao Municipio",4,64,675,299,376
050,72,069,"Puerto Rico Commonwealth","Humacao Municipio",4,65,679,311,368
050,72,069,"Puerto Rico Commonwealth","Humacao Municipio",4,66,707,321,386
050,72,069,"Puerto Rico Commonwealth","Humacao Municipio",4,67,716,319,397
050,72,069,"Puerto Rico Commonwealth","Humacao Municipio",4,68,681,303,378
050,72,069,"Puerto Rico Commonwealth","Humacao Municipio",4,69,686,310,376
050,72,069,"Puerto Rico Commonwealth","Humacao Municipio",4,70,678,306,372
050,72,069,"Puerto Rico Commonwealth","Humacao Municipio",4,71,675,314,361
050,72,069,"Puerto Rico Commonwealth","Humacao Municipio",4,72,656,310,346
050,72,069,"Puerto Rico Commonwealth","Humacao Municipio",4,73,633,294,339
050,72,069,"Puerto Rico Commonwealth","Humacao Municipio",4,74,647,288,359
050,72,069,"Puerto Rico Commonwealth","Humacao Municipio",4,75,626,266,360
050,72,069,"Puerto Rico Commonwealth","Humacao Municipio",4,76,580,254,326
050,72,069,"Puerto Rico Commonwealth","Humacao Municipio",4,77,523,237,286
050,72,069,"Puerto Rico Commonwealth","Humacao Municipio",4,78,494,235,259
050,72,069,"Puerto Rico Commonwealth","Humacao Municipio",4,79,435,198,237
050,72,069,"Puerto Rico Commonwealth","Humacao Municipio",4,80,409,182,227
050,72,069,"Puerto Rico Commonwealth","Humacao Municipio",4,81,353,157,196
050,72,069,"Puerto Rico Commonwealth","Humacao Municipio",4,82,358,161,197
050,72,069,"Puerto Rico Commonwealth","Humacao Municipio",4,83,290,134,156
050,72,069,"Puerto Rico Commonwealth","Humacao Municipio",4,84,284,142,142
050,72,069,"Puerto Rico Commonwealth","Humacao Municipio",4,85,1820,692,1128
050,72,069,"Puerto Rico Commonwealth","Humacao Municipio",5,0,343,179,164
050,72,069,"Puerto Rico Commonwealth","Humacao Municipio",5,1,322,180,142
050,72,069,"Puerto Rico Commonwealth","Humacao Municipio",5,2,296,163,133
050,72,069,"Puerto Rico Commonwealth","Humacao Municipio",5,3,294,157,137
050,72,069,"Puerto Rico Commonwealth","Humacao Municipio",5,4,301,140,161
050,72,069,"Puerto Rico Commonwealth","Humacao Municipio",5,5,297,144,153
050,72,069,"Puerto Rico Commonwealth","Humacao Municipio",5,6,360,192,168
050,72,069,"Puerto Rico Commonwealth","Humacao Municipio",5,7,388,194,194
050,72,069,"Puerto Rico Commonwealth","Humacao Municipio",5,8,419,216,203
050,72,069,"Puerto Rico Commonwealth","Humacao Municipio",5,9,440,227,213
050,72,069,"Puerto Rico Commonwealth","Humacao Municipio",5,10,450,230,220
050,72,069,"Puerto Rico Commonwealth","Humacao Municipio",5,11,473,241,232
050,72,069,"Puerto Rico Commonwealth","Humacao Municipio",5,12,504,253,251
050,72,069,"Puerto Rico Commonwealth","Humacao Municipio",5,13,488,247,241
050,72,069,"Puerto Rico Commonwealth","Humacao Municipio",5,14,504,251,253
050,72,069,"Puerto Rico Commonwealth","Humacao Municipio",5,15,536,265,271
050,72,069,"Puerto Rico Commonwealth","Humacao Municipio",5,16,550,281,269
050,72,069,"Puerto Rico Commonwealth","Humacao Municipio",5,17,584,309,275
050,72,069,"Puerto Rico Commonwealth","Humacao Municipio",5,18,621,336,285
050,72,069,"Puerto Rico Commonwealth","Humacao Municipio",5,19,574,283,291
050,72,069,"Puerto Rico Commonwealth","Humacao Municipio",5,20,567,282,285
050,72,069,"Puerto Rico Commonwealth","Humacao Municipio",5,21,552,275,277
050,72,069,"Puerto Rico Commonwealth","Humacao Municipio",5,22,616,313,303
050,72,069,"Puerto Rico Commonwealth","Humacao Municipio",5,23,634,325,309
050,72,069,"Puerto Rico Commonwealth","Humacao Municipio",5,24,596,288,308
050,72,069,"Puerto Rico Commonwealth","Humacao Municipio",5,25,599,287,312
050,72,069,"Puerto Rico Commonwealth","Humacao Municipio",5,26,593,274,319
050,72,069,"Puerto Rico Commonwealth","Humacao Municipio",5,27,608,284,324
050,72,069,"Puerto Rico Commonwealth","Humacao Municipio",5,28,603,287,316
050,72,069,"Puerto Rico Commonwealth","Humacao Municipio",5,29,581,269,312
050,72,069,"Puerto Rico Commonwealth","Humacao Municipio",5,30,590,289,301
050,72,069,"Puerto Rico Commonwealth","Humacao Municipio",5,31,582,281,301
050,72,069,"Puerto Rico Commonwealth","Humacao Municipio",5,32,594,277,317
050,72,069,"Puerto Rico Commonwealth","Humacao Municipio",5,33,593,276,317
050,72,069,"Puerto Rico Commonwealth","Humacao Municipio",5,34,582,282,300
050,72,069,"Puerto Rico Commonwealth","Humacao Municipio",5,35,550,265,285
050,72,069,"Puerto Rico Commonwealth","Humacao Municipio",5,36,503,247,256
050,72,069,"Puerto Rico Commonwealth","Humacao Municipio",5,37,495,244,251
050,72,069,"Puerto Rico Commonwealth","Humacao Municipio",5,38,529,251,278
050,72,069,"Puerto Rico Commonwealth","Humacao Municipio",5,39,517,235,282
050,72,069,"Puerto Rico Commonwealth","Humacao Municipio",5,40,544,265,279
050,72,069,"Puerto Rico Commonwealth","Humacao Municipio",5,41,572,272,300
050,72,069,"Puerto Rico Commonwealth","Humacao Municipio",5,42,603,291,312
050,72,069,"Puerto Rico Commonwealth","Humacao Municipio",5,43,611,300,311
050,72,069,"Puerto Rico Commonwealth","Humacao Municipio",5,44,611,288,323
050,72,069,"Puerto Rico Commonwealth","Humacao Municipio",5,45,646,309,337
050,72,069,"Puerto Rico Commonwealth","Humacao Municipio",5,46,669,335,334
050,72,069,"Puerto Rico Commonwealth","Humacao Municipio",5,47,646,313,333
050,72,069,"Puerto Rico Commonwealth","Humacao Municipio",5,48,628,290,338
050,72,069,"Puerto Rico Commonwealth","Humacao Municipio",5,49,640,288,352
050,72,069,"Puerto Rico Commonwealth","Humacao Municipio",5,50,663,296,367
050,72,069,"Puerto Rico Commonwealth","Humacao Municipio",5,51,690,324,366
050,72,069,"Puerto Rico Commonwealth","Humacao Municipio",5,52,698,338,360
050,72,069,"Puerto Rico Commonwealth","Humacao Municipio",5,53,659,324,335
050,72,069,"Puerto Rico Commonwealth","Humacao Municipio",5,54,643,308,335
050,72,069,"Puerto Rico Commonwealth","Humacao Municipio",5,55,636,296,340
050,72,069,"Puerto Rico Commonwealth","Humacao Municipio",5,56,642,297,345
050,72,069,"Puerto Rico Commonwealth","Humacao Municipio",5,57,669,307,362
050,72,069,"Puerto Rico Commonwealth","Humacao Municipio",5,58,706,328,378
050,72,069,"Puerto Rico Commonwealth","Humacao Municipio",5,59,701,326,375
050,72,069,"Puerto Rico Commonwealth","Humacao Municipio",5,60,662,294,368
050,72,069,"Puerto Rico Commonwealth","Humacao Municipio",5,61,667,299,368
050,72,069,"Puerto Rico Commonwealth","Humacao Municipio",5,62,693,305,388
050,72,069,"Puerto Rico Commonwealth","Humacao Municipio",5,63,698,311,387
050,72,069,"Puerto Rico Commonwealth","Humacao Municipio",5,64,670,290,380
050,72,069,"Puerto Rico Commonwealth","Humacao Municipio",5,65,673,299,374
050,72,069,"Puerto Rico Commonwealth","Humacao Municipio",5,66,669,306,363
050,72,069,"Puerto Rico Commonwealth","Humacao Municipio",5,67,712,327,385
050,72,069,"Puerto Rico Commonwealth","Humacao Municipio",5,68,707,313,394
050,72,069,"Puerto Rico Commonwealth","Humacao Municipio",5,69,671,300,371
050,72,069,"Puerto Rico Commonwealth","Humacao Municipio",5,70,675,304,371
050,72,069,"Puerto Rico Commonwealth","Humacao Municipio",5,71,673,306,367
050,72,069,"Puerto Rico Commonwealth","Humacao Municipio",5,72,649,296,353
050,72,069,"Puerto Rico Commonwealth","Humacao Municipio",5,73,645,303,342
050,72,069,"Puerto Rico Commonwealth","Humacao Municipio",5,74,633,291,342
050,72,069,"Puerto Rico Commonwealth","Humacao Municipio",5,75,622,280,342
050,72,069,"Puerto Rico Commonwealth","Humacao Municipio",5,76,614,258,356
050,72,069,"Puerto Rico Commonwealth","Humacao Municipio",5,77,569,246,323
050,72,069,"Puerto Rico Commonwealth","Humacao Municipio",5,78,518,238,280
050,72,069,"Puerto Rico Commonwealth","Humacao Municipio",5,79,474,225,249
050,72,069,"Puerto Rico Commonwealth","Humacao Municipio",5,80,425,192,233
050,72,069,"Puerto Rico Commonwealth","Humacao Municipio",5,81,386,170,216
050,72,069,"Puerto Rico Commonwealth","Humacao Municipio",5,82,328,145,183
050,72,069,"Puerto Rico Commonwealth","Humacao Municipio",5,83,338,153,185
050,72,069,"Puerto Rico Commonwealth","Humacao Municipio",5,84,284,132,152
050,72,069,"Puerto Rico Commonwealth","Humacao Municipio",5,85,1952,777,1175
050,72,071,"Puerto Rico Commonwealth","Isabela Municipio",1,0,258,131,127
050,72,071,"Puerto Rico Commonwealth","Isabela Municipio",1,1,252,130,122
050,72,071,"Puerto Rico Commonwealth","Isabela Municipio",1,2,246,129,117
050,72,071,"Puerto Rico Commonwealth","Isabela Municipio",1,3,295,136,159
050,72,071,"Puerto Rico Commonwealth","Isabela Municipio",1,4,324,157,167
050,72,071,"Puerto Rico Commonwealth","Isabela Municipio",1,5,338,184,154
050,72,071,"Puerto Rico Commonwealth","Isabela Municipio",1,6,360,180,180
050,72,071,"Puerto Rico Commonwealth","Isabela Municipio",1,7,380,187,193
050,72,071,"Puerto Rico Commonwealth","Isabela Municipio",1,8,389,203,186
050,72,071,"Puerto Rico Commonwealth","Isabela Municipio",1,9,430,227,203
050,72,071,"Puerto Rico Commonwealth","Isabela Municipio",1,10,458,242,216
050,72,071,"Puerto Rico Commonwealth","Isabela Municipio",1,11,472,255,217
050,72,071,"Puerto Rico Commonwealth","Isabela Municipio",1,12,479,240,239
050,72,071,"Puerto Rico Commonwealth","Isabela Municipio",1,13,521,253,268
050,72,071,"Puerto Rico Commonwealth","Isabela Municipio",1,14,504,255,249
050,72,071,"Puerto Rico Commonwealth","Isabela Municipio",1,15,485,267,218
050,72,071,"Puerto Rico Commonwealth","Isabela Municipio",1,16,506,277,229
050,72,071,"Puerto Rico Commonwealth","Isabela Municipio",1,17,496,274,222
050,72,071,"Puerto Rico Commonwealth","Isabela Municipio",1,18,523,287,236
050,72,071,"Puerto Rico Commonwealth","Isabela Municipio",1,19,550,287,263
050,72,071,"Puerto Rico Commonwealth","Isabela Municipio",1,20,551,276,275
050,72,071,"Puerto Rico Commonwealth","Isabela Municipio",1,21,548,272,276
050,72,071,"Puerto Rico Commonwealth","Isabela Municipio",1,22,554,281,273
050,72,071,"Puerto Rico Commonwealth","Isabela Municipio",1,23,571,304,267
050,72,071,"Puerto Rico Commonwealth","Isabela Municipio",1,24,567,292,275
050,72,071,"Puerto Rico Commonwealth","Isabela Municipio",1,25,571,296,275
050,72,071,"Puerto Rico Commonwealth","Isabela Municipio",1,26,582,322,260
050,72,071,"Puerto Rico Commonwealth","Isabela Municipio",1,27,595,324,271
050,72,071,"Puerto Rico Commonwealth","Isabela Municipio",1,28,603,319,284
050,72,071,"Puerto Rico Commonwealth","Isabela Municipio",1,29,594,297,297
050,72,071,"Puerto Rico Commonwealth","Isabela Municipio",1,30,585,287,298
050,72,071,"Puerto Rico Commonwealth","Isabela Municipio",1,31,515,244,271
050,72,071,"Puerto Rico Commonwealth","Isabela Municipio",1,32,473,232,241
050,72,071,"Puerto Rico Commonwealth","Isabela Municipio",1,33,495,242,253
050,72,071,"Puerto Rico Commonwealth","Isabela Municipio",1,34,487,236,251
050,72,071,"Puerto Rico Commonwealth","Isabela Municipio",1,35,457,222,235
050,72,071,"Puerto Rico Commonwealth","Isabela Municipio",1,36,442,213,229
050,72,071,"Puerto Rico Commonwealth","Isabela Municipio",1,37,471,229,242
050,72,071,"Puerto Rico Commonwealth","Isabela Municipio",1,38,547,252,295
050,72,071,"Puerto Rico Commonwealth","Isabela Municipio",1,39,589,289,300
050,72,071,"Puerto Rico Commonwealth","Isabela Municipio",1,40,589,301,288
050,72,071,"Puerto Rico Commonwealth","Isabela Municipio",1,41,569,283,286
050,72,071,"Puerto Rico Commonwealth","Isabela Municipio",1,42,588,289,299
050,72,071,"Puerto Rico Commonwealth","Isabela Municipio",1,43,573,290,283
050,72,071,"Puerto Rico Commonwealth","Isabela Municipio",1,44,547,271,276
050,72,071,"Puerto Rico Commonwealth","Isabela Municipio",1,45,556,271,285
050,72,071,"Puerto Rico Commonwealth","Isabela Municipio",1,46,588,280,308
050,72,071,"Puerto Rico Commonwealth","Isabela Municipio",1,47,601,292,309
050,72,071,"Puerto Rico Commonwealth","Isabela Municipio",1,48,630,309,321
050,72,071,"Puerto Rico Commonwealth","Isabela Municipio",1,49,625,304,321
050,72,071,"Puerto Rico Commonwealth","Isabela Municipio",1,50,608,290,318
050,72,071,"Puerto Rico Commonwealth","Isabela Municipio",1,51,597,280,317
050,72,071,"Puerto Rico Commonwealth","Isabela Municipio",1,52,575,261,314
050,72,071,"Puerto Rico Commonwealth","Isabela Municipio",1,53,583,268,315
050,72,071,"Puerto Rico Commonwealth","Isabela Municipio",1,54,600,273,327
050,72,071,"Puerto Rico Commonwealth","Isabela Municipio",1,55,619,298,321
050,72,071,"Puerto Rico Commonwealth","Isabela Municipio",1,56,632,299,333
050,72,071,"Puerto Rico Commonwealth","Isabela Municipio",1,57,616,293,323
050,72,071,"Puerto Rico Commonwealth","Isabela Municipio",1,58,594,272,322
050,72,071,"Puerto Rico Commonwealth","Isabela Municipio",1,59,604,287,317
050,72,071,"Puerto Rico Commonwealth","Isabela Municipio",1,60,594,279,315
050,72,071,"Puerto Rico Commonwealth","Isabela Municipio",1,61,568,264,304
050,72,071,"Puerto Rico Commonwealth","Isabela Municipio",1,62,584,273,311
050,72,071,"Puerto Rico Commonwealth","Isabela Municipio",1,63,569,260,309
050,72,071,"Puerto Rico Commonwealth","Isabela Municipio",1,64,566,260,306
050,72,071,"Puerto Rico Commonwealth","Isabela Municipio",1,65,535,252,283
050,72,071,"Puerto Rico Commonwealth","Isabela Municipio",1,66,529,252,277
050,72,071,"Puerto Rico Commonwealth","Isabela Municipio",1,67,502,239,263
050,72,071,"Puerto Rico Commonwealth","Isabela Municipio",1,68,466,223,243
050,72,071,"Puerto Rico Commonwealth","Isabela Municipio",1,69,474,210,264
050,72,071,"Puerto Rico Commonwealth","Isabela Municipio",1,70,487,200,287
050,72,071,"Puerto Rico Commonwealth","Isabela Municipio",1,71,470,209,261
050,72,071,"Puerto Rico Commonwealth","Isabela Municipio",1,72,498,235,263
050,72,071,"Puerto Rico Commonwealth","Isabela Municipio",1,73,491,236,255
050,72,071,"Puerto Rico Commonwealth","Isabela Municipio",1,74,465,233,232
050,72,071,"Puerto Rico Commonwealth","Isabela Municipio",1,75,413,202,211
050,72,071,"Puerto Rico Commonwealth","Isabela Municipio",1,76,388,174,214
050,72,071,"Puerto Rico Commonwealth","Isabela Municipio",1,77,393,174,219
050,72,071,"Puerto Rico Commonwealth","Isabela Municipio",1,78,344,156,188
050,72,071,"Puerto Rico Commonwealth","Isabela Municipio",1,79,301,143,158
050,72,071,"Puerto Rico Commonwealth","Isabela Municipio",1,80,270,128,142
050,72,071,"Puerto Rico Commonwealth","Isabela Municipio",1,81,268,123,145
050,72,071,"Puerto Rico Commonwealth","Isabela Municipio",1,82,216,98,118
050,72,071,"Puerto Rico Commonwealth","Isabela Municipio",1,83,213,98,115
050,72,071,"Puerto Rico Commonwealth","Isabela Municipio",1,84,203,78,125
050,72,071,"Puerto Rico Commonwealth","Isabela Municipio",1,85,1179,429,750
050,72,071,"Puerto Rico Commonwealth","Isabela Municipio",2,0,250,127,123
050,72,071,"Puerto Rico Commonwealth","Isabela Municipio",2,1,255,131,124
050,72,071,"Puerto Rico Commonwealth","Isabela Municipio",2,2,247,129,118
050,72,071,"Puerto Rico Commonwealth","Isabela Municipio",2,3,282,134,148
050,72,071,"Puerto Rico Commonwealth","Isabela Municipio",2,4,317,152,165
050,72,071,"Puerto Rico Commonwealth","Isabela Municipio",2,5,335,177,158
050,72,071,"Puerto Rico Commonwealth","Isabela Municipio",2,6,354,181,173
050,72,071,"Puerto Rico Commonwealth","Isabela Municipio",2,7,375,185,190
050,72,071,"Puerto Rico Commonwealth","Isabela Municipio",2,8,387,199,188
050,72,071,"Puerto Rico Commonwealth","Isabela Municipio",2,9,419,221,198
050,72,071,"Puerto Rico Commonwealth","Isabela Municipio",2,10,452,239,213
050,72,071,"Puerto Rico Commonwealth","Isabela Municipio",2,11,468,251,217
050,72,071,"Puerto Rico Commonwealth","Isabela Municipio",2,12,477,244,233
050,72,071,"Puerto Rico Commonwealth","Isabela Municipio",2,13,511,250,261
050,72,071,"Puerto Rico Commonwealth","Isabela Municipio",2,14,508,254,254
050,72,071,"Puerto Rico Commonwealth","Isabela Municipio",2,15,490,264,226
050,72,071,"Puerto Rico Commonwealth","Isabela Municipio",2,16,501,275,226
050,72,071,"Puerto Rico Commonwealth","Isabela Municipio",2,17,499,275,224
050,72,071,"Puerto Rico Commonwealth","Isabela Municipio",2,18,515,283,232
050,72,071,"Puerto Rico Commonwealth","Isabela Municipio",2,19,543,287,256
050,72,071,"Puerto Rico Commonwealth","Isabela Municipio",2,20,550,279,271
050,72,071,"Puerto Rico Commonwealth","Isabela Municipio",2,21,549,273,276
050,72,071,"Puerto Rico Commonwealth","Isabela Municipio",2,22,553,279,274
050,72,071,"Puerto Rico Commonwealth","Isabela Municipio",2,23,568,299,269
050,72,071,"Puerto Rico Commonwealth","Isabela Municipio",2,24,568,296,272
050,72,071,"Puerto Rico Commonwealth","Isabela Municipio",2,25,572,296,276
050,72,071,"Puerto Rico Commonwealth","Isabela Municipio",2,26,582,317,265
050,72,071,"Puerto Rico Commonwealth","Isabela Municipio",2,27,593,324,269
050,72,071,"Puerto Rico Commonwealth","Isabela Municipio",2,28,603,321,282
050,72,071,"Puerto Rico Commonwealth","Isabela Municipio",2,29,599,304,295
050,72,071,"Puerto Rico Commonwealth","Isabela Municipio",2,30,589,290,299
050,72,071,"Puerto Rico Commonwealth","Isabela Municipio",2,31,534,256,278
050,72,071,"Puerto Rico Commonwealth","Isabela Municipio",2,32,486,236,250
050,72,071,"Puerto Rico Commonwealth","Isabela Municipio",2,33,490,240,250
050,72,071,"Puerto Rico Commonwealth","Isabela Municipio",2,34,488,237,251
050,72,071,"Puerto Rico Commonwealth","Isabela Municipio",2,35,466,227,239
050,72,071,"Puerto Rico Commonwealth","Isabela Municipio",2,36,446,215,231
050,72,071,"Puerto Rico Commonwealth","Isabela Municipio",2,37,465,226,239
050,72,071,"Puerto Rico Commonwealth","Isabela Municipio",2,38,528,247,281
050,72,071,"Puerto Rico Commonwealth","Isabela Municipio",2,39,580,281,299
050,72,071,"Puerto Rico Commonwealth","Isabela Municipio",2,40,589,299,290
050,72,071,"Puerto Rico Commonwealth","Isabela Municipio",2,41,576,288,288
050,72,071,"Puerto Rico Commonwealth","Isabela Municipio",2,42,584,289,295
050,72,071,"Puerto Rico Commonwealth","Isabela Municipio",2,43,577,290,287
050,72,071,"Puerto Rico Commonwealth","Isabela Municipio",2,44,554,276,278
050,72,071,"Puerto Rico Commonwealth","Isabela Municipio",2,45,553,270,283
050,72,071,"Puerto Rico Commonwealth","Isabela Municipio",2,46,580,278,302
050,72,071,"Puerto Rico Commonwealth","Isabela Municipio",2,47,598,289,309
050,72,071,"Puerto Rico Commonwealth","Isabela Municipio",2,48,623,305,318
050,72,071,"Puerto Rico Commonwealth","Isabela Municipio",2,49,624,304,320
050,72,071,"Puerto Rico Commonwealth","Isabela Municipio",2,50,613,294,319
050,72,071,"Puerto Rico Commonwealth","Isabela Municipio",2,51,598,281,317
050,72,071,"Puerto Rico Commonwealth","Isabela Municipio",2,52,577,263,314
050,72,071,"Puerto Rico Commonwealth","Isabela Municipio",2,53,580,266,314
050,72,071,"Puerto Rico Commonwealth","Isabela Municipio",2,54,596,272,324
050,72,071,"Puerto Rico Commonwealth","Isabela Municipio",2,55,614,291,323
050,72,071,"Puerto Rico Commonwealth","Isabela Municipio",2,56,629,299,330
050,72,071,"Puerto Rico Commonwealth","Isabela Municipio",2,57,621,296,325
050,72,071,"Puerto Rico Commonwealth","Isabela Municipio",2,58,601,278,323
050,72,071,"Puerto Rico Commonwealth","Isabela Municipio",2,59,601,283,318
050,72,071,"Puerto Rico Commonwealth","Isabela Municipio",2,60,596,281,315
050,72,071,"Puerto Rico Commonwealth","Isabela Municipio",2,61,574,267,307
050,72,071,"Puerto Rico Commonwealth","Isabela Municipio",2,62,580,271,309
050,72,071,"Puerto Rico Commonwealth","Isabela Municipio",2,63,571,262,309
050,72,071,"Puerto Rico Commonwealth","Isabela Municipio",2,64,566,259,307
050,72,071,"Puerto Rico Commonwealth","Isabela Municipio",2,65,539,252,287
050,72,071,"Puerto Rico Commonwealth","Isabela Municipio",2,66,531,252,279
050,72,071,"Puerto Rico Commonwealth","Isabela Municipio",2,67,506,242,264
050,72,071,"Puerto Rico Commonwealth","Isabela Municipio",2,68,473,226,247
050,72,071,"Puerto Rico Commonwealth","Isabela Municipio",2,69,472,214,258
050,72,071,"Puerto Rico Commonwealth","Isabela Municipio",2,70,483,202,281
050,72,071,"Puerto Rico Commonwealth","Isabela Municipio",2,71,472,204,268
050,72,071,"Puerto Rico Commonwealth","Isabela Municipio",2,72,487,226,261
050,72,071,"Puerto Rico Commonwealth","Isabela Municipio",2,73,490,234,256
050,72,071,"Puerto Rico Commonwealth","Isabela Municipio",2,74,468,231,237
050,72,071,"Puerto Rico Commonwealth","Isabela Municipio",2,75,424,209,215
050,72,071,"Puerto Rico Commonwealth","Isabela Municipio",2,76,393,180,213
050,72,071,"Puerto Rico Commonwealth","Isabela Municipio",2,77,389,173,216
050,72,071,"Puerto Rico Commonwealth","Isabela Municipio",2,78,353,159,194
050,72,071,"Puerto Rico Commonwealth","Isabela Municipio",2,79,309,144,165
050,72,071,"Puerto Rico Commonwealth","Isabela Municipio",2,80,276,131,145
050,72,071,"Puerto Rico Commonwealth","Isabela Municipio",2,81,266,124,142
050,72,071,"Puerto Rico Commonwealth","Isabela Municipio",2,82,229,105,124
050,72,071,"Puerto Rico Commonwealth","Isabela Municipio",2,83,210,96,114
050,72,071,"Puerto Rico Commonwealth","Isabela Municipio",2,84,204,82,122
050,72,071,"Puerto Rico Commonwealth","Isabela Municipio",2,85,1196,436,760
050,72,071,"Puerto Rico Commonwealth","Isabela Municipio",3,0,222,119,103
050,72,071,"Puerto Rico Commonwealth","Isabela Municipio",3,1,256,131,125
050,72,071,"Puerto Rico Commonwealth","Isabela Municipio",3,2,255,130,125
050,72,071,"Puerto Rico Commonwealth","Isabela Municipio",3,3,251,131,120
050,72,071,"Puerto Rico Commonwealth","Isabela Municipio",3,4,284,136,148
050,72,071,"Puerto Rico Commonwealth","Isabela Municipio",3,5,326,159,167
050,72,071,"Puerto Rico Commonwealth","Isabela Municipio",3,6,334,174,160
050,72,071,"Puerto Rico Commonwealth","Isabela Municipio",3,7,357,183,174
050,72,071,"Puerto Rico Commonwealth","Isabela Municipio",3,8,379,189,190
050,72,071,"Puerto Rico Commonwealth","Isabela Municipio",3,9,388,199,189
050,72,071,"Puerto Rico Commonwealth","Isabela Municipio",3,10,421,223,198
050,72,071,"Puerto Rico Commonwealth","Isabela Municipio",3,11,455,242,213
050,72,071,"Puerto Rico Commonwealth","Isabela Municipio",3,12,473,256,217
050,72,071,"Puerto Rico Commonwealth","Isabela Municipio",3,13,473,240,233
050,72,071,"Puerto Rico Commonwealth","Isabela Municipio",3,14,514,252,262
050,72,071,"Puerto Rico Commonwealth","Isabela Municipio",3,15,509,255,254
050,72,071,"Puerto Rico Commonwealth","Isabela Municipio",3,16,492,268,224
050,72,071,"Puerto Rico Commonwealth","Isabela Municipio",3,17,504,277,227
050,72,071,"Puerto Rico Commonwealth","Isabela Municipio",3,18,490,269,221
050,72,071,"Puerto Rico Commonwealth","Isabela Municipio",3,19,509,280,229
050,72,071,"Puerto Rico Commonwealth","Isabela Municipio",3,20,544,287,257
050,72,071,"Puerto Rico Commonwealth","Isabela Municipio",3,21,555,282,273
050,72,071,"Puerto Rico Commonwealth","Isabela Municipio",3,22,553,275,278
050,72,071,"Puerto Rico Commonwealth","Isabela Municipio",3,23,561,283,278
050,72,071,"Puerto Rico Commonwealth","Isabela Municipio",3,24,576,303,273
050,72,071,"Puerto Rico Commonwealth","Isabela Municipio",3,25,576,301,275
050,72,071,"Puerto Rico Commonwealth","Isabela Municipio",3,26,581,301,280
050,72,071,"Puerto Rico Commonwealth","Isabela Municipio",3,27,592,324,268
050,72,071,"Puerto Rico Commonwealth","Isabela Municipio",3,28,600,329,271
050,72,071,"Puerto Rico Commonwealth","Isabela Municipio",3,29,607,321,286
050,72,071,"Puerto Rico Commonwealth","Isabela Municipio",3,30,609,311,298
050,72,071,"Puerto Rico Commonwealth","Isabela Municipio",3,31,598,298,300
050,72,071,"Puerto Rico Commonwealth","Isabela Municipio",3,32,539,259,280
050,72,071,"Puerto Rico Commonwealth","Isabela Municipio",3,33,495,241,254
050,72,071,"Puerto Rico Commonwealth","Isabela Municipio",3,34,494,244,250
050,72,071,"Puerto Rico Commonwealth","Isabela Municipio",3,35,491,239,252
050,72,071,"Puerto Rico Commonwealth","Isabela Municipio",3,36,470,229,241
050,72,071,"Puerto Rico Commonwealth","Isabela Municipio",3,37,451,218,233
050,72,071,"Puerto Rico Commonwealth","Isabela Municipio",3,38,469,228,241
050,72,071,"Puerto Rico Commonwealth","Isabela Municipio",3,39,535,252,283
050,72,071,"Puerto Rico Commonwealth","Isabela Municipio",3,40,583,282,301
050,72,071,"Puerto Rico Commonwealth","Isabela Municipio",3,41,592,301,291
050,72,071,"Puerto Rico Commonwealth","Isabela Municipio",3,42,581,292,289
050,72,071,"Puerto Rico Commonwealth","Isabela Municipio",3,43,589,292,297
050,72,071,"Puerto Rico Commonwealth","Isabela Municipio",3,44,579,290,289
050,72,071,"Puerto Rico Commonwealth","Isabela Municipio",3,45,555,276,279
050,72,071,"Puerto Rico Commonwealth","Isabela Municipio",3,46,556,272,284
050,72,071,"Puerto Rico Commonwealth","Isabela Municipio",3,47,583,280,303
050,72,071,"Puerto Rico Commonwealth","Isabela Municipio",3,48,600,290,310
050,72,071,"Puerto Rico Commonwealth","Isabela Municipio",3,49,624,306,318
050,72,071,"Puerto Rico Commonwealth","Isabela Municipio",3,50,627,305,322
050,72,071,"Puerto Rico Commonwealth","Isabela Municipio",3,51,611,290,321
050,72,071,"Puerto Rico Commonwealth","Isabela Municipio",3,52,599,282,317
050,72,071,"Puerto Rico Commonwealth","Isabela Municipio",3,53,579,263,316
050,72,071,"Puerto Rico Commonwealth","Isabela Municipio",3,54,583,267,316
050,72,071,"Puerto Rico Commonwealth","Isabela Municipio",3,55,592,271,321
050,72,071,"Puerto Rico Commonwealth","Isabela Municipio",3,56,617,293,324
050,72,071,"Puerto Rico Commonwealth","Isabela Municipio",3,57,627,296,331
050,72,071,"Puerto Rico Commonwealth","Isabela Municipio",3,58,626,299,327
050,72,071,"Puerto Rico Commonwealth","Isabela Municipio",3,59,599,277,322
050,72,071,"Puerto Rico Commonwealth","Isabela Municipio",3,60,607,287,320
050,72,071,"Puerto Rico Commonwealth","Isabela Municipio",3,61,596,283,313
050,72,071,"Puerto Rico Commonwealth","Isabela Municipio",3,62,571,265,306
050,72,071,"Puerto Rico Commonwealth","Isabela Municipio",3,63,575,268,307
050,72,071,"Puerto Rico Commonwealth","Isabela Municipio",3,64,564,257,307
050,72,071,"Puerto Rico Commonwealth","Isabela Municipio",3,65,559,257,302
050,72,071,"Puerto Rico Commonwealth","Isabela Municipio",3,66,536,246,290
050,72,071,"Puerto Rico Commonwealth","Isabela Municipio",3,67,520,249,271
050,72,071,"Puerto Rico Commonwealth","Isabela Municipio",3,68,501,238,263
050,72,071,"Puerto Rico Commonwealth","Isabela Municipio",3,69,469,223,246
050,72,071,"Puerto Rico Commonwealth","Isabela Municipio",3,70,467,212,255
050,72,071,"Puerto Rico Commonwealth","Isabela Municipio",3,71,473,196,277
050,72,071,"Puerto Rico Commonwealth","Isabela Municipio",3,72,463,203,260
050,72,071,"Puerto Rico Commonwealth","Isabela Municipio",3,73,476,219,257
050,72,071,"Puerto Rico Commonwealth","Isabela Municipio",3,74,478,224,254
050,72,071,"Puerto Rico Commonwealth","Isabela Municipio",3,75,451,223,228
050,72,071,"Puerto Rico Commonwealth","Isabela Municipio",3,76,415,202,213
050,72,071,"Puerto Rico Commonwealth","Isabela Municipio",3,77,376,172,204
050,72,071,"Puerto Rico Commonwealth","Isabela Municipio",3,78,376,164,212
050,72,071,"Puerto Rico Commonwealth","Isabela Municipio",3,79,336,149,187
050,72,071,"Puerto Rico Commonwealth","Isabela Municipio",3,80,297,138,159
050,72,071,"Puerto Rico Commonwealth","Isabela Municipio",3,81,263,124,139
050,72,071,"Puerto Rico Commonwealth","Isabela Municipio",3,82,245,109,136
050,72,071,"Puerto Rico Commonwealth","Isabela Municipio",3,83,213,99,114
050,72,071,"Puerto Rico Commonwealth","Isabela Municipio",3,84,204,92,112
050,72,071,"Puerto Rico Commonwealth","Isabela Municipio",3,85,1261,454,807
050,72,071,"Puerto Rico Commonwealth","Isabela Municipio",4,0,260,141,119
050,72,071,"Puerto Rico Commonwealth","Isabela Municipio",4,1,225,122,103
050,72,071,"Puerto Rico Commonwealth","Isabela Municipio",4,2,252,128,124
050,72,071,"Puerto Rico Commonwealth","Isabela Municipio",4,3,255,130,125
050,72,071,"Puerto Rico Commonwealth","Isabela Municipio",4,4,249,131,118
050,72,071,"Puerto Rico Commonwealth","Isabela Municipio",4,5,288,141,147
050,72,071,"Puerto Rico Commonwealth","Isabela Municipio",4,6,321,154,167
050,72,071,"Puerto Rico Commonwealth","Isabela Municipio",4,7,333,174,159
050,72,071,"Puerto Rico Commonwealth","Isabela Municipio",4,8,357,185,172
050,72,071,"Puerto Rico Commonwealth","Isabela Municipio",4,9,376,187,189
050,72,071,"Puerto Rico Commonwealth","Isabela Municipio",4,10,385,198,187
050,72,071,"Puerto Rico Commonwealth","Isabela Municipio",4,11,418,223,195
050,72,071,"Puerto Rico Commonwealth","Isabela Municipio",4,12,454,243,211
050,72,071,"Puerto Rico Commonwealth","Isabela Municipio",4,13,464,249,215
050,72,071,"Puerto Rico Commonwealth","Isabela Municipio",4,14,470,239,231
050,72,071,"Puerto Rico Commonwealth","Isabela Municipio",4,15,509,250,259
050,72,071,"Puerto Rico Commonwealth","Isabela Municipio",4,16,507,257,250
050,72,071,"Puerto Rico Commonwealth","Isabela Municipio",4,17,489,266,223
050,72,071,"Puerto Rico Commonwealth","Isabela Municipio",4,18,491,268,223
050,72,071,"Puerto Rico Commonwealth","Isabela Municipio",4,19,479,263,216
050,72,071,"Puerto Rico Commonwealth","Isabela Municipio",4,20,503,277,226
050,72,071,"Puerto Rico Commonwealth","Isabela Municipio",4,21,542,286,256
050,72,071,"Puerto Rico Commonwealth","Isabela Municipio",4,22,552,281,271
050,72,071,"Puerto Rico Commonwealth","Isabela Municipio",4,23,554,275,279
050,72,071,"Puerto Rico Commonwealth","Isabela Municipio",4,24,562,283,279
050,72,071,"Puerto Rico Commonwealth","Isabela Municipio",4,25,576,303,273
050,72,071,"Puerto Rico Commonwealth","Isabela Municipio",4,26,578,302,276
050,72,071,"Puerto Rico Commonwealth","Isabela Municipio",4,27,582,303,279
050,72,071,"Puerto Rico Commonwealth","Isabela Municipio",4,28,590,323,267
050,72,071,"Puerto Rico Commonwealth","Isabela Municipio",4,29,595,322,273
050,72,071,"Puerto Rico Commonwealth","Isabela Municipio",4,30,609,322,287
050,72,071,"Puerto Rico Commonwealth","Isabela Municipio",4,31,612,314,298
050,72,071,"Puerto Rico Commonwealth","Isabela Municipio",4,32,596,298,298
050,72,071,"Puerto Rico Commonwealth","Isabela Municipio",4,33,537,258,279
050,72,071,"Puerto Rico Commonwealth","Isabela Municipio",4,34,493,240,253
050,72,071,"Puerto Rico Commonwealth","Isabela Municipio",4,35,491,243,248
050,72,071,"Puerto Rico Commonwealth","Isabela Municipio",4,36,488,237,251
050,72,071,"Puerto Rico Commonwealth","Isabela Municipio",4,37,470,230,240
050,72,071,"Puerto Rico Commonwealth","Isabela Municipio",4,38,447,215,232
050,72,071,"Puerto Rico Commonwealth","Isabela Municipio",4,39,469,230,239
050,72,071,"Puerto Rico Commonwealth","Isabela Municipio",4,40,532,250,282
050,72,071,"Puerto Rico Commonwealth","Isabela Municipio",4,41,581,280,301
050,72,071,"Puerto Rico Commonwealth","Isabela Municipio",4,42,593,302,291
050,72,071,"Puerto Rico Commonwealth","Isabela Municipio",4,43,578,291,287
050,72,071,"Puerto Rico Commonwealth","Isabela Municipio",4,44,587,291,296
050,72,071,"Puerto Rico Commonwealth","Isabela Municipio",4,45,575,287,288
050,72,071,"Puerto Rico Commonwealth","Isabela Municipio",4,46,555,276,279
050,72,071,"Puerto Rico Commonwealth","Isabela Municipio",4,47,554,271,283
050,72,071,"Puerto Rico Commonwealth","Isabela Municipio",4,48,580,277,303
050,72,071,"Puerto Rico Commonwealth","Isabela Municipio",4,49,602,291,311
050,72,071,"Puerto Rico Commonwealth","Isabela Municipio",4,50,621,303,318
050,72,071,"Puerto Rico Commonwealth","Isabela Municipio",4,51,627,306,321
050,72,071,"Puerto Rico Commonwealth","Isabela Municipio",4,52,609,289,320
050,72,071,"Puerto Rico Commonwealth","Isabela Municipio",4,53,593,280,313
050,72,071,"Puerto Rico Commonwealth","Isabela Municipio",4,54,579,263,316
050,72,071,"Puerto Rico Commonwealth","Isabela Municipio",4,55,583,267,316
050,72,071,"Puerto Rico Commonwealth","Isabela Municipio",4,56,597,275,322
050,72,071,"Puerto Rico Commonwealth","Isabela Municipio",4,57,616,291,325
050,72,071,"Puerto Rico Commonwealth","Isabela Municipio",4,58,631,300,331
050,72,071,"Puerto Rico Commonwealth","Isabela Municipio",4,59,624,298,326
050,72,071,"Puerto Rico Commonwealth","Isabela Municipio",4,60,604,281,323
050,72,071,"Puerto Rico Commonwealth","Isabela Municipio",4,61,606,286,320
050,72,071,"Puerto Rico Commonwealth","Isabela Municipio",4,62,590,282,308
050,72,071,"Puerto Rico Commonwealth","Isabela Municipio",4,63,569,266,303
050,72,071,"Puerto Rico Commonwealth","Isabela Municipio",4,64,569,264,305
050,72,071,"Puerto Rico Commonwealth","Isabela Municipio",4,65,564,260,304
050,72,071,"Puerto Rico Commonwealth","Isabela Municipio",4,66,551,247,304
050,72,071,"Puerto Rico Commonwealth","Isabela Municipio",4,67,528,246,282
050,72,071,"Puerto Rico Commonwealth","Isabela Municipio",4,68,510,244,266
050,72,071,"Puerto Rico Commonwealth","Isabela Municipio",4,69,497,235,262
050,72,071,"Puerto Rico Commonwealth","Isabela Municipio",4,70,462,219,243
050,72,071,"Puerto Rico Commonwealth","Isabela Municipio",4,71,456,204,252
050,72,071,"Puerto Rico Commonwealth","Isabela Municipio",4,72,460,197,263
050,72,071,"Puerto Rico Commonwealth","Isabela Municipio",4,73,444,192,252
050,72,071,"Puerto Rico Commonwealth","Isabela Municipio",4,74,464,210,254
050,72,071,"Puerto Rico Commonwealth","Isabela Municipio",4,75,465,216,249
050,72,071,"Puerto Rico Commonwealth","Isabela Municipio",4,76,442,215,227
050,72,071,"Puerto Rico Commonwealth","Isabela Municipio",4,77,402,195,207
050,72,071,"Puerto Rico Commonwealth","Isabela Municipio",4,78,371,167,204
050,72,071,"Puerto Rico Commonwealth","Isabela Municipio",4,79,358,150,208
050,72,071,"Puerto Rico Commonwealth","Isabela Municipio",4,80,322,140,182
050,72,071,"Puerto Rico Commonwealth","Isabela Municipio",4,81,283,131,152
050,72,071,"Puerto Rico Commonwealth","Isabela Municipio",4,82,247,115,132
050,72,071,"Puerto Rico Commonwealth","Isabela Municipio",4,83,226,99,127
050,72,071,"Puerto Rico Commonwealth","Isabela Municipio",4,84,198,88,110
050,72,071,"Puerto Rico Commonwealth","Isabela Municipio",4,85,1307,474,833
050,72,071,"Puerto Rico Commonwealth","Isabela Municipio",5,0,211,101,110
050,72,071,"Puerto Rico Commonwealth","Isabela Municipio",5,1,268,147,121
050,72,071,"Puerto Rico Commonwealth","Isabela Municipio",5,2,224,121,103
050,72,071,"Puerto Rico Commonwealth","Isabela Municipio",5,3,258,131,127
050,72,071,"Puerto Rico Commonwealth","Isabela Municipio",5,4,257,132,125
050,72,071,"Puerto Rico Commonwealth","Isabela Municipio",5,5,257,138,119
050,72,071,"Puerto Rico Commonwealth","Isabela Municipio",5,6,288,138,150
050,72,071,"Puerto Rico Commonwealth","Isabela Municipio",5,7,325,156,169
050,72,071,"Puerto Rico Commonwealth","Isabela Municipio",5,8,337,178,159
050,72,071,"Puerto Rico Commonwealth","Isabela Municipio",5,9,359,186,173
050,72,071,"Puerto Rico Commonwealth","Isabela Municipio",5,10,379,189,190
050,72,071,"Puerto Rico Commonwealth","Isabela Municipio",5,11,388,201,187
050,72,071,"Puerto Rico Commonwealth","Isabela Municipio",5,12,423,228,195
050,72,071,"Puerto Rico Commonwealth","Isabela Municipio",5,13,452,240,212
050,72,071,"Puerto Rico Commonwealth","Isabela Municipio",5,14,468,252,216
050,72,071,"Puerto Rico Commonwealth","Isabela Municipio",5,15,472,241,231
050,72,071,"Puerto Rico Commonwealth","Isabela Municipio",5,16,514,256,258
050,72,071,"Puerto Rico Commonwealth","Isabela Municipio",5,17,511,258,253
050,72,071,"Puerto Rico Commonwealth","Isabela Municipio",5,18,482,262,220
050,72,071,"Puerto Rico Commonwealth","Isabela Municipio",5,19,486,266,220
050,72,071,"Puerto Rico Commonwealth","Isabela Municipio",5,20,479,263,216
050,72,071,"Puerto Rico Commonwealth","Isabela Municipio",5,21,509,280,229
050,72,071,"Puerto Rico Commonwealth","Isabela Municipio",5,22,547,289,258
050,72,071,"Puerto Rico Commonwealth","Isabela Municipio",5,23,560,284,276
050,72,071,"Puerto Rico Commonwealth","Isabela Municipio",5,24,562,279,283
050,72,071,"Puerto Rico Commonwealth","Isabela Municipio",5,25,570,288,282
050,72,071,"Puerto Rico Commonwealth","Isabela Municipio",5,26,586,309,277
050,72,071,"Puerto Rico Commonwealth","Isabela Municipio",5,27,589,309,280
050,72,071,"Puerto Rico Commonwealth","Isabela Municipio",5,28,589,306,283
050,72,071,"Puerto Rico Commonwealth","Isabela Municipio",5,29,594,322,272
050,72,071,"Puerto Rico Commonwealth","Isabela Municipio",5,30,603,328,275
050,72,071,"Puerto Rico Commonwealth","Isabela Municipio",5,31,621,331,290
050,72,071,"Puerto Rico Commonwealth","Isabela Municipio",5,32,620,319,301
050,72,071,"Puerto Rico Commonwealth","Isabela Municipio",5,33,607,304,303
050,72,071,"Puerto Rico Commonwealth","Isabela Municipio",5,34,543,263,280
050,72,071,"Puerto Rico Commonwealth","Isabela Municipio",5,35,498,243,255
050,72,071,"Puerto Rico Commonwealth","Isabela Municipio",5,36,493,244,249
050,72,071,"Puerto Rico Commonwealth","Isabela Municipio",5,37,496,242,254
050,72,071,"Puerto Rico Commonwealth","Isabela Municipio",5,38,471,229,242
050,72,071,"Puerto Rico Commonwealth","Isabela Municipio",5,39,452,219,233
050,72,071,"Puerto Rico Commonwealth","Isabela Municipio",5,40,471,231,240
050,72,071,"Puerto Rico Commonwealth","Isabela Municipio",5,41,535,250,285
050,72,071,"Puerto Rico Commonwealth","Isabela Municipio",5,42,587,284,303
050,72,071,"Puerto Rico Commonwealth","Isabela Municipio",5,43,599,306,293
050,72,071,"Puerto Rico Commonwealth","Isabela Municipio",5,44,581,292,289
050,72,071,"Puerto Rico Commonwealth","Isabela Municipio",5,45,591,293,298
050,72,071,"Puerto Rico Commonwealth","Isabela Municipio",5,46,581,289,292
050,72,071,"Puerto Rico Commonwealth","Isabela Municipio",5,47,558,278,280
050,72,071,"Puerto Rico Commonwealth","Isabela Municipio",5,48,557,272,285
050,72,071,"Puerto Rico Commonwealth","Isabela Municipio",5,49,583,277,306
050,72,071,"Puerto Rico Commonwealth","Isabela Municipio",5,50,603,291,312
050,72,071,"Puerto Rico Commonwealth","Isabela Municipio",5,51,621,302,319
050,72,071,"Puerto Rico Commonwealth","Isabela Municipio",5,52,629,307,322
050,72,071,"Puerto Rico Commonwealth","Isabela Municipio",5,53,608,287,321
050,72,071,"Puerto Rico Commonwealth","Isabela Municipio",5,54,597,281,316
050,72,071,"Puerto Rico Commonwealth","Isabela Municipio",5,55,578,262,316
050,72,071,"Puerto Rico Commonwealth","Isabela Municipio",5,56,584,268,316
050,72,071,"Puerto Rico Commonwealth","Isabela Municipio",5,57,595,272,323
050,72,071,"Puerto Rico Commonwealth","Isabela Municipio",5,58,621,293,328
050,72,071,"Puerto Rico Commonwealth","Isabela Municipio",5,59,623,294,329
050,72,071,"Puerto Rico Commonwealth","Isabela Municipio",5,60,628,301,327
050,72,071,"Puerto Rico Commonwealth","Isabela Municipio",5,61,605,282,323
050,72,071,"Puerto Rico Commonwealth","Isabela Municipio",5,62,598,279,319
050,72,071,"Puerto Rico Commonwealth","Isabela Municipio",5,63,592,284,308
050,72,071,"Puerto Rico Commonwealth","Isabela Municipio",5,64,563,260,303
050,72,071,"Puerto Rico Commonwealth","Isabela Municipio",5,65,565,262,303
050,72,071,"Puerto Rico Commonwealth","Isabela Municipio",5,66,554,250,304
050,72,071,"Puerto Rico Commonwealth","Isabela Municipio",5,67,545,247,298
050,72,071,"Puerto Rico Commonwealth","Isabela Municipio",5,68,521,244,277
050,72,071,"Puerto Rico Commonwealth","Isabela Municipio",5,69,504,238,266
050,72,071,"Puerto Rico Commonwealth","Isabela Municipio",5,70,496,232,264
050,72,071,"Puerto Rico Commonwealth","Isabela Municipio",5,71,449,211,238
050,72,071,"Puerto Rico Commonwealth","Isabela Municipio",5,72,441,200,241
050,72,071,"Puerto Rico Commonwealth","Isabela Municipio",5,73,453,192,261
050,72,071,"Puerto Rico Commonwealth","Isabela Municipio",5,74,434,185,249
050,72,071,"Puerto Rico Commonwealth","Isabela Municipio",5,75,453,202,251
050,72,071,"Puerto Rico Commonwealth","Isabela Municipio",5,76,451,205,246
050,72,071,"Puerto Rico Commonwealth","Isabela Municipio",5,77,422,204,218
050,72,071,"Puerto Rico Commonwealth","Isabela Municipio",5,78,392,187,205
050,72,071,"Puerto Rico Commonwealth","Isabela Municipio",5,79,354,156,198
050,72,071,"Puerto Rico Commonwealth","Isabela Municipio",5,80,345,143,202
050,72,071,"Puerto Rico Commonwealth","Isabela Municipio",5,81,306,136,170
050,72,071,"Puerto Rico Commonwealth","Isabela Municipio",5,82,264,125,139
050,72,071,"Puerto Rico Commonwealth","Isabela Municipio",5,83,233,110,123
050,72,071,"Puerto Rico Commonwealth","Isabela Municipio",5,84,214,90,124
050,72,071,"Puerto Rico Commonwealth","Isabela Municipio",5,85,1362,496,866
050,72,073,"Puerto Rico Commonwealth","Jayuya Municipio",1,0,108,49,59
050,72,073,"Puerto Rico Commonwealth","Jayuya Municipio",1,1,129,71,58
050,72,073,"Puerto Rico Commonwealth","Jayuya Municipio",1,2,117,62,55
050,72,073,"Puerto Rico Commonwealth","Jayuya Municipio",1,3,131,63,68
050,72,073,"Puerto Rico Commonwealth","Jayuya Municipio",1,4,140,77,63
050,72,073,"Puerto Rico Commonwealth","Jayuya Municipio",1,5,139,71,68
050,72,073,"Puerto Rico Commonwealth","Jayuya Municipio",1,6,159,82,77
050,72,073,"Puerto Rico Commonwealth","Jayuya Municipio",1,7,161,87,74
050,72,073,"Puerto Rico Commonwealth","Jayuya Municipio",1,8,171,87,84
050,72,073,"Puerto Rico Commonwealth","Jayuya Municipio",1,9,181,91,90
050,72,073,"Puerto Rico Commonwealth","Jayuya Municipio",1,10,192,106,86
050,72,073,"Puerto Rico Commonwealth","Jayuya Municipio",1,11,191,100,91
050,72,073,"Puerto Rico Commonwealth","Jayuya Municipio",1,12,188,98,90
050,72,073,"Puerto Rico Commonwealth","Jayuya Municipio",1,13,199,97,102
050,72,073,"Puerto Rico Commonwealth","Jayuya Municipio",1,14,199,94,105
050,72,073,"Puerto Rico Commonwealth","Jayuya Municipio",1,15,186,94,92
050,72,073,"Puerto Rico Commonwealth","Jayuya Municipio",1,16,187,99,88
050,72,073,"Puerto Rico Commonwealth","Jayuya Municipio",1,17,194,101,93
050,72,073,"Puerto Rico Commonwealth","Jayuya Municipio",1,18,185,97,88
050,72,073,"Puerto Rico Commonwealth","Jayuya Municipio",1,19,190,103,87
050,72,073,"Puerto Rico Commonwealth","Jayuya Municipio",1,20,200,113,87
050,72,073,"Puerto Rico Commonwealth","Jayuya Municipio",1,21,193,105,88
050,72,073,"Puerto Rico Commonwealth","Jayuya Municipio",1,22,196,98,98
050,72,073,"Puerto Rico Commonwealth","Jayuya Municipio",1,23,200,110,90
050,72,073,"Puerto Rico Commonwealth","Jayuya Municipio",1,24,205,119,86
050,72,073,"Puerto Rico Commonwealth","Jayuya Municipio",1,25,215,115,100
050,72,073,"Puerto Rico Commonwealth","Jayuya Municipio",1,26,226,118,108
050,72,073,"Puerto Rico Commonwealth","Jayuya Municipio",1,27,216,115,101
050,72,073,"Puerto Rico Commonwealth","Jayuya Municipio",1,28,223,114,109
050,72,073,"Puerto Rico Commonwealth","Jayuya Municipio",1,29,210,109,101
050,72,073,"Puerto Rico Commonwealth","Jayuya Municipio",1,30,206,117,89
050,72,073,"Puerto Rico Commonwealth","Jayuya Municipio",1,31,204,102,102
050,72,073,"Puerto Rico Commonwealth","Jayuya Municipio",1,32,181,88,93
050,72,073,"Puerto Rico Commonwealth","Jayuya Municipio",1,33,171,83,88
050,72,073,"Puerto Rico Commonwealth","Jayuya Municipio",1,34,187,89,98
050,72,073,"Puerto Rico Commonwealth","Jayuya Municipio",1,35,182,85,97
050,72,073,"Puerto Rico Commonwealth","Jayuya Municipio",1,36,173,83,90
050,72,073,"Puerto Rico Commonwealth","Jayuya Municipio",1,37,173,90,83
050,72,073,"Puerto Rico Commonwealth","Jayuya Municipio",1,38,178,84,94
050,72,073,"Puerto Rico Commonwealth","Jayuya Municipio",1,39,208,103,105
050,72,073,"Puerto Rico Commonwealth","Jayuya Municipio",1,40,213,108,105
050,72,073,"Puerto Rico Commonwealth","Jayuya Municipio",1,41,212,106,106
050,72,073,"Puerto Rico Commonwealth","Jayuya Municipio",1,42,195,98,97
050,72,073,"Puerto Rico Commonwealth","Jayuya Municipio",1,43,190,98,92
050,72,073,"Puerto Rico Commonwealth","Jayuya Municipio",1,44,176,97,79
050,72,073,"Puerto Rico Commonwealth","Jayuya Municipio",1,45,162,80,82
050,72,073,"Puerto Rico Commonwealth","Jayuya Municipio",1,46,177,79,98
050,72,073,"Puerto Rico Commonwealth","Jayuya Municipio",1,47,181,85,96
050,72,073,"Puerto Rico Commonwealth","Jayuya Municipio",1,48,183,86,97
050,72,073,"Puerto Rico Commonwealth","Jayuya Municipio",1,49,177,83,94
050,72,073,"Puerto Rico Commonwealth","Jayuya Municipio",1,50,175,82,93
050,72,073,"Puerto Rico Commonwealth","Jayuya Municipio",1,51,193,101,92
050,72,073,"Puerto Rico Commonwealth","Jayuya Municipio",1,52,188,98,90
050,72,073,"Puerto Rico Commonwealth","Jayuya Municipio",1,53,201,88,113
050,72,073,"Puerto Rico Commonwealth","Jayuya Municipio",1,54,197,73,124
050,72,073,"Puerto Rico Commonwealth","Jayuya Municipio",1,55,197,82,115
050,72,073,"Puerto Rico Commonwealth","Jayuya Municipio",1,56,203,89,114
050,72,073,"Puerto Rico Commonwealth","Jayuya Municipio",1,57,189,83,106
050,72,073,"Puerto Rico Commonwealth","Jayuya Municipio",1,58,186,92,94
050,72,073,"Puerto Rico Commonwealth","Jayuya Municipio",1,59,194,98,96
050,72,073,"Puerto Rico Commonwealth","Jayuya Municipio",1,60,188,90,98
050,72,073,"Puerto Rico Commonwealth","Jayuya Municipio",1,61,190,97,93
050,72,073,"Puerto Rico Commonwealth","Jayuya Municipio",1,62,184,92,92
050,72,073,"Puerto Rico Commonwealth","Jayuya Municipio",1,63,200,94,106
050,72,073,"Puerto Rico Commonwealth","Jayuya Municipio",1,64,210,104,106
050,72,073,"Puerto Rico Commonwealth","Jayuya Municipio",1,65,200,104,96
050,72,073,"Puerto Rico Commonwealth","Jayuya Municipio",1,66,182,88,94
050,72,073,"Puerto Rico Commonwealth","Jayuya Municipio",1,67,182,86,96
050,72,073,"Puerto Rico Commonwealth","Jayuya Municipio",1,68,177,88,89
050,72,073,"Puerto Rico Commonwealth","Jayuya Municipio",1,69,160,82,78
050,72,073,"Puerto Rico Commonwealth","Jayuya Municipio",1,70,154,78,76
050,72,073,"Puerto Rico Commonwealth","Jayuya Municipio",1,71,148,65,83
050,72,073,"Puerto Rico Commonwealth","Jayuya Municipio",1,72,142,67,75
050,72,073,"Puerto Rico Commonwealth","Jayuya Municipio",1,73,142,71,71
050,72,073,"Puerto Rico Commonwealth","Jayuya Municipio",1,74,131,68,63
050,72,073,"Puerto Rico Commonwealth","Jayuya Municipio",1,75,117,56,61
050,72,073,"Puerto Rico Commonwealth","Jayuya Municipio",1,76,111,47,64
050,72,073,"Puerto Rico Commonwealth","Jayuya Municipio",1,77,94,39,55
050,72,073,"Puerto Rico Commonwealth","Jayuya Municipio",1,78,107,48,59
050,72,073,"Puerto Rico Commonwealth","Jayuya Municipio",1,79,81,35,46
050,72,073,"Puerto Rico Commonwealth","Jayuya Municipio",1,80,64,30,34
050,72,073,"Puerto Rico Commonwealth","Jayuya Municipio",1,81,60,24,36
050,72,073,"Puerto Rico Commonwealth","Jayuya Municipio",1,82,61,28,33
050,72,073,"Puerto Rico Commonwealth","Jayuya Municipio",1,83,53,23,30
050,72,073,"Puerto Rico Commonwealth","Jayuya Municipio",1,84,50,21,29
050,72,073,"Puerto Rico Commonwealth","Jayuya Municipio",1,85,308,123,185
050,72,073,"Puerto Rico Commonwealth","Jayuya Municipio",2,0,105,44,61
050,72,073,"Puerto Rico Commonwealth","Jayuya Municipio",2,1,123,65,58
050,72,073,"Puerto Rico Commonwealth","Jayuya Municipio",2,2,120,64,56
050,72,073,"Puerto Rico Commonwealth","Jayuya Municipio",2,3,128,63,65
050,72,073,"Puerto Rico Commonwealth","Jayuya Municipio",2,4,138,74,64
050,72,073,"Puerto Rico Commonwealth","Jayuya Municipio",2,5,139,72,67
050,72,073,"Puerto Rico Commonwealth","Jayuya Municipio",2,6,155,80,75
050,72,073,"Puerto Rico Commonwealth","Jayuya Municipio",2,7,159,85,74
050,72,073,"Puerto Rico Commonwealth","Jayuya Municipio",2,8,169,87,82
050,72,073,"Puerto Rico Commonwealth","Jayuya Municipio",2,9,179,90,89
050,72,073,"Puerto Rico Commonwealth","Jayuya Municipio",2,10,190,103,87
050,72,073,"Puerto Rico Commonwealth","Jayuya Municipio",2,11,190,101,89
050,72,073,"Puerto Rico Commonwealth","Jayuya Municipio",2,12,190,99,91
050,72,073,"Puerto Rico Commonwealth","Jayuya Municipio",2,13,196,97,99
050,72,073,"Puerto Rico Commonwealth","Jayuya Municipio",2,14,199,95,104
050,72,073,"Puerto Rico Commonwealth","Jayuya Municipio",2,15,189,94,95
050,72,073,"Puerto Rico Commonwealth","Jayuya Municipio",2,16,186,97,89
050,72,073,"Puerto Rico Commonwealth","Jayuya Municipio",2,17,193,101,92
050,72,073,"Puerto Rico Commonwealth","Jayuya Municipio",2,18,187,98,89
050,72,073,"Puerto Rico Commonwealth","Jayuya Municipio",2,19,188,101,87
050,72,073,"Puerto Rico Commonwealth","Jayuya Municipio",2,20,198,111,87
050,72,073,"Puerto Rico Commonwealth","Jayuya Municipio",2,21,194,106,88
050,72,073,"Puerto Rico Commonwealth","Jayuya Municipio",2,22,196,100,96
050,72,073,"Puerto Rico Commonwealth","Jayuya Municipio",2,23,199,107,92
050,72,073,"Puerto Rico Commonwealth","Jayuya Municipio",2,24,203,116,87
050,72,073,"Puerto Rico Commonwealth","Jayuya Municipio",2,25,212,116,96
050,72,073,"Puerto Rico Commonwealth","Jayuya Municipio",2,26,224,118,106
050,72,073,"Puerto Rico Commonwealth","Jayuya Municipio",2,27,218,115,103
050,72,073,"Puerto Rico Commonwealth","Jayuya Municipio",2,28,222,115,107
050,72,073,"Puerto Rico Commonwealth","Jayuya Municipio",2,29,213,110,103
050,72,073,"Puerto Rico Commonwealth","Jayuya Municipio",2,30,207,115,92
050,72,073,"Puerto Rico Commonwealth","Jayuya Municipio",2,31,205,106,99
050,72,073,"Puerto Rico Commonwealth","Jayuya Municipio",2,32,186,91,95
050,72,073,"Puerto Rico Commonwealth","Jayuya Municipio",2,33,173,84,89
050,72,073,"Puerto Rico Commonwealth","Jayuya Municipio",2,34,184,88,96
050,72,073,"Puerto Rico Commonwealth","Jayuya Municipio",2,35,183,86,97
050,72,073,"Puerto Rico Commonwealth","Jayuya Municipio",2,36,175,83,92
050,72,073,"Puerto Rico Commonwealth","Jayuya Municipio",2,37,173,89,84
050,72,073,"Puerto Rico Commonwealth","Jayuya Municipio",2,38,177,85,92
050,72,073,"Puerto Rico Commonwealth","Jayuya Municipio",2,39,200,98,102
050,72,073,"Puerto Rico Commonwealth","Jayuya Municipio",2,40,211,107,104
050,72,073,"Puerto Rico Commonwealth","Jayuya Municipio",2,41,213,107,106
050,72,073,"Puerto Rico Commonwealth","Jayuya Municipio",2,42,199,100,99
050,72,073,"Puerto Rico Commonwealth","Jayuya Municipio",2,43,191,98,93
050,72,073,"Puerto Rico Commonwealth","Jayuya Municipio",2,44,179,97,82
050,72,073,"Puerto Rico Commonwealth","Jayuya Municipio",2,45,166,84,82
050,72,073,"Puerto Rico Commonwealth","Jayuya Municipio",2,46,173,79,94
050,72,073,"Puerto Rico Commonwealth","Jayuya Municipio",2,47,180,84,96
050,72,073,"Puerto Rico Commonwealth","Jayuya Municipio",2,48,183,86,97
050,72,073,"Puerto Rico Commonwealth","Jayuya Municipio",2,49,178,83,95
050,72,073,"Puerto Rico Commonwealth","Jayuya Municipio",2,50,176,83,93
050,72,073,"Puerto Rico Commonwealth","Jayuya Municipio",2,51,188,96,92
050,72,073,"Puerto Rico Commonwealth","Jayuya Municipio",2,52,190,99,91
050,72,073,"Puerto Rico Commonwealth","Jayuya Municipio",2,53,197,90,107
050,72,073,"Puerto Rico Commonwealth","Jayuya Municipio",2,54,197,77,120
050,72,073,"Puerto Rico Commonwealth","Jayuya Municipio",2,55,197,80,117
050,72,073,"Puerto Rico Commonwealth","Jayuya Municipio",2,56,202,87,115
050,72,073,"Puerto Rico Commonwealth","Jayuya Municipio",2,57,192,84,108
050,72,073,"Puerto Rico Commonwealth","Jayuya Municipio",2,58,186,89,97
050,72,073,"Puerto Rico Commonwealth","Jayuya Municipio",2,59,191,97,94
050,72,073,"Puerto Rico Commonwealth","Jayuya Municipio",2,60,188,91,97
050,72,073,"Puerto Rico Commonwealth","Jayuya Municipio",2,61,189,95,94
050,72,073,"Puerto Rico Commonwealth","Jayuya Municipio",2,62,184,92,92
050,72,073,"Puerto Rico Commonwealth","Jayuya Municipio",2,63,197,94,103
050,72,073,"Puerto Rico Commonwealth","Jayuya Municipio",2,64,205,100,105
050,72,073,"Puerto Rico Commonwealth","Jayuya Municipio",2,65,201,104,97
050,72,073,"Puerto Rico Commonwealth","Jayuya Municipio",2,66,187,92,95
050,72,073,"Puerto Rico Commonwealth","Jayuya Municipio",2,67,182,87,95
050,72,073,"Puerto Rico Commonwealth","Jayuya Municipio",2,68,177,87,90
050,72,073,"Puerto Rico Commonwealth","Jayuya Municipio",2,69,165,84,81
050,72,073,"Puerto Rico Commonwealth","Jayuya Municipio",2,70,154,79,75
050,72,073,"Puerto Rico Commonwealth","Jayuya Municipio",2,71,148,67,81
050,72,073,"Puerto Rico Commonwealth","Jayuya Municipio",2,72,143,66,77
050,72,073,"Puerto Rico Commonwealth","Jayuya Municipio",2,73,140,69,71
050,72,073,"Puerto Rico Commonwealth","Jayuya Municipio",2,74,133,69,64
050,72,073,"Puerto Rico Commonwealth","Jayuya Municipio",2,75,121,59,62
050,72,073,"Puerto Rico Commonwealth","Jayuya Municipio",2,76,112,49,63
050,72,073,"Puerto Rico Commonwealth","Jayuya Municipio",2,77,98,41,57
050,72,073,"Puerto Rico Commonwealth","Jayuya Municipio",2,78,104,46,58
050,72,073,"Puerto Rico Commonwealth","Jayuya Municipio",2,79,88,38,50
050,72,073,"Puerto Rico Commonwealth","Jayuya Municipio",2,80,67,31,36
050,72,073,"Puerto Rico Commonwealth","Jayuya Municipio",2,81,61,26,35
050,72,073,"Puerto Rico Commonwealth","Jayuya Municipio",2,82,62,28,34
050,72,073,"Puerto Rico Commonwealth","Jayuya Municipio",2,83,53,24,29
050,72,073,"Puerto Rico Commonwealth","Jayuya Municipio",2,84,51,21,30
050,72,073,"Puerto Rico Commonwealth","Jayuya Municipio",2,85,307,125,182
050,72,073,"Puerto Rico Commonwealth","Jayuya Municipio",3,0,90,51,39
050,72,073,"Puerto Rico Commonwealth","Jayuya Municipio",3,1,106,44,62
050,72,073,"Puerto Rico Commonwealth","Jayuya Municipio",3,2,123,65,58
050,72,073,"Puerto Rico Commonwealth","Jayuya Municipio",3,3,120,64,56
050,72,073,"Puerto Rico Commonwealth","Jayuya Municipio",3,4,128,63,65
050,72,073,"Puerto Rico Commonwealth","Jayuya Municipio",3,5,138,74,64
050,72,073,"Puerto Rico Commonwealth","Jayuya Municipio",3,6,139,72,67
050,72,073,"Puerto Rico Commonwealth","Jayuya Municipio",3,7,155,80,75
050,72,073,"Puerto Rico Commonwealth","Jayuya Municipio",3,8,159,85,74
050,72,073,"Puerto Rico Commonwealth","Jayuya Municipio",3,9,168,87,81
050,72,073,"Puerto Rico Commonwealth","Jayuya Municipio",3,10,178,90,88
050,72,073,"Puerto Rico Commonwealth","Jayuya Municipio",3,11,189,103,86
050,72,073,"Puerto Rico Commonwealth","Jayuya Municipio",3,12,189,101,88
050,72,073,"Puerto Rico Commonwealth","Jayuya Municipio",3,13,189,99,90
050,72,073,"Puerto Rico Commonwealth","Jayuya Municipio",3,14,195,97,98
050,72,073,"Puerto Rico Commonwealth","Jayuya Municipio",3,15,197,94,103
050,72,073,"Puerto Rico Commonwealth","Jayuya Municipio",3,16,186,92,94
050,72,073,"Puerto Rico Commonwealth","Jayuya Municipio",3,17,183,96,87
050,72,073,"Puerto Rico Commonwealth","Jayuya Municipio",3,18,189,99,90
050,72,073,"Puerto Rico Commonwealth","Jayuya Municipio",3,19,183,96,87
050,72,073,"Puerto Rico Commonwealth","Jayuya Municipio",3,20,186,100,86
050,72,073,"Puerto Rico Commonwealth","Jayuya Municipio",3,21,196,110,86
050,72,073,"Puerto Rico Commonwealth","Jayuya Municipio",3,22,192,105,87
050,72,073,"Puerto Rico Commonwealth","Jayuya Municipio",3,23,195,99,96
050,72,073,"Puerto Rico Commonwealth","Jayuya Municipio",3,24,199,107,92
050,72,073,"Puerto Rico Commonwealth","Jayuya Municipio",3,25,202,116,86
050,72,073,"Puerto Rico Commonwealth","Jayuya Municipio",3,26,213,118,95
050,72,073,"Puerto Rico Commonwealth","Jayuya Municipio",3,27,223,117,106
050,72,073,"Puerto Rico Commonwealth","Jayuya Municipio",3,28,216,113,103
050,72,073,"Puerto Rico Commonwealth","Jayuya Municipio",3,29,218,111,107
050,72,073,"Puerto Rico Commonwealth","Jayuya Municipio",3,30,212,109,103
050,72,073,"Puerto Rico Commonwealth","Jayuya Municipio",3,31,206,114,92
050,72,073,"Puerto Rico Commonwealth","Jayuya Municipio",3,32,205,106,99
050,72,073,"Puerto Rico Commonwealth","Jayuya Municipio",3,33,185,89,96
050,72,073,"Puerto Rico Commonwealth","Jayuya Municipio",3,34,173,84,89
050,72,073,"Puerto Rico Commonwealth","Jayuya Municipio",3,35,186,89,97
050,72,073,"Puerto Rico Commonwealth","Jayuya Municipio",3,36,184,86,98
050,72,073,"Puerto Rico Commonwealth","Jayuya Municipio",3,37,176,83,93
050,72,073,"Puerto Rico Commonwealth","Jayuya Municipio",3,38,175,90,85
050,72,073,"Puerto Rico Commonwealth","Jayuya Municipio",3,39,178,85,93
050,72,073,"Puerto Rico Commonwealth","Jayuya Municipio",3,40,200,98,102
050,72,073,"Puerto Rico Commonwealth","Jayuya Municipio",3,41,209,106,103
050,72,073,"Puerto Rico Commonwealth","Jayuya Municipio",3,42,213,107,106
050,72,073,"Puerto Rico Commonwealth","Jayuya Municipio",3,43,200,101,99
050,72,073,"Puerto Rico Commonwealth","Jayuya Municipio",3,44,190,97,93
050,72,073,"Puerto Rico Commonwealth","Jayuya Municipio",3,45,180,98,82
050,72,073,"Puerto Rico Commonwealth","Jayuya Municipio",3,46,166,84,82
050,72,073,"Puerto Rico Commonwealth","Jayuya Municipio",3,47,170,77,93
050,72,073,"Puerto Rico Commonwealth","Jayuya Municipio",3,48,182,86,96
050,72,073,"Puerto Rico Commonwealth","Jayuya Municipio",3,49,180,83,97
050,72,073,"Puerto Rico Commonwealth","Jayuya Municipio",3,50,178,83,95
050,72,073,"Puerto Rico Commonwealth","Jayuya Municipio",3,51,175,82,93
050,72,073,"Puerto Rico Commonwealth","Jayuya Municipio",3,52,188,96,92
050,72,073,"Puerto Rico Commonwealth","Jayuya Municipio",3,53,187,97,90
050,72,073,"Puerto Rico Commonwealth","Jayuya Municipio",3,54,195,90,105
050,72,073,"Puerto Rico Commonwealth","Jayuya Municipio",3,55,197,77,120
050,72,073,"Puerto Rico Commonwealth","Jayuya Municipio",3,56,196,79,117
050,72,073,"Puerto Rico Commonwealth","Jayuya Municipio",3,57,200,85,115
050,72,073,"Puerto Rico Commonwealth","Jayuya Municipio",3,58,191,83,108
050,72,073,"Puerto Rico Commonwealth","Jayuya Municipio",3,59,184,87,97
050,72,073,"Puerto Rico Commonwealth","Jayuya Municipio",3,60,189,96,93
050,72,073,"Puerto Rico Commonwealth","Jayuya Municipio",3,61,187,90,97
050,72,073,"Puerto Rico Commonwealth","Jayuya Municipio",3,62,189,95,94
050,72,073,"Puerto Rico Commonwealth","Jayuya Municipio",3,63,179,88,91
050,72,073,"Puerto Rico Commonwealth","Jayuya Municipio",3,64,196,94,102
050,72,073,"Puerto Rico Commonwealth","Jayuya Municipio",3,65,203,98,105
050,72,073,"Puerto Rico Commonwealth","Jayuya Municipio",3,66,198,101,97
050,72,073,"Puerto Rico Commonwealth","Jayuya Municipio",3,67,183,91,92
050,72,073,"Puerto Rico Commonwealth","Jayuya Municipio",3,68,177,83,94
050,72,073,"Puerto Rico Commonwealth","Jayuya Municipio",3,69,175,85,90
050,72,073,"Puerto Rico Commonwealth","Jayuya Municipio",3,70,163,84,79
050,72,073,"Puerto Rico Commonwealth","Jayuya Municipio",3,71,150,77,73
050,72,073,"Puerto Rico Commonwealth","Jayuya Municipio",3,72,146,66,80
050,72,073,"Puerto Rico Commonwealth","Jayuya Municipio",3,73,140,65,75
050,72,073,"Puerto Rico Commonwealth","Jayuya Municipio",3,74,136,65,71
050,72,073,"Puerto Rico Commonwealth","Jayuya Municipio",3,75,130,67,63
050,72,073,"Puerto Rico Commonwealth","Jayuya Municipio",3,76,119,59,60
050,72,073,"Puerto Rico Commonwealth","Jayuya Municipio",3,77,109,48,61
050,72,073,"Puerto Rico Commonwealth","Jayuya Municipio",3,78,96,40,56
050,72,073,"Puerto Rico Commonwealth","Jayuya Municipio",3,79,98,43,55
050,72,073,"Puerto Rico Commonwealth","Jayuya Municipio",3,80,83,35,48
050,72,073,"Puerto Rico Commonwealth","Jayuya Municipio",3,81,66,30,36
050,72,073,"Puerto Rico Commonwealth","Jayuya Municipio",3,82,59,24,35
050,72,073,"Puerto Rico Commonwealth","Jayuya Municipio",3,83,58,24,34
050,72,073,"Puerto Rico Commonwealth","Jayuya Municipio",3,84,51,23,28
050,72,073,"Puerto Rico Commonwealth","Jayuya Municipio",3,85,323,128,195
050,72,073,"Puerto Rico Commonwealth","Jayuya Municipio",4,0,94,49,45
050,72,073,"Puerto Rico Commonwealth","Jayuya Municipio",4,1,88,50,38
050,72,073,"Puerto Rico Commonwealth","Jayuya Municipio",4,2,104,43,61
050,72,073,"Puerto Rico Commonwealth","Jayuya Municipio",4,3,121,64,57
050,72,073,"Puerto Rico Commonwealth","Jayuya Municipio",4,4,118,63,55
050,72,073,"Puerto Rico Commonwealth","Jayuya Municipio",4,5,126,62,64
050,72,073,"Puerto Rico Commonwealth","Jayuya Municipio",4,6,136,73,63
050,72,073,"Puerto Rico Commonwealth","Jayuya Municipio",4,7,137,71,66
050,72,073,"Puerto Rico Commonwealth","Jayuya Municipio",4,8,153,79,74
050,72,073,"Puerto Rico Commonwealth","Jayuya Municipio",4,9,157,84,73
050,72,073,"Puerto Rico Commonwealth","Jayuya Municipio",4,10,165,86,79
050,72,073,"Puerto Rico Commonwealth","Jayuya Municipio",4,11,175,89,86
050,72,073,"Puerto Rico Commonwealth","Jayuya Municipio",4,12,186,102,84
050,72,073,"Puerto Rico Commonwealth","Jayuya Municipio",4,13,186,100,86
050,72,073,"Puerto Rico Commonwealth","Jayuya Municipio",4,14,185,97,88
050,72,073,"Puerto Rico Commonwealth","Jayuya Municipio",4,15,191,95,96
050,72,073,"Puerto Rico Commonwealth","Jayuya Municipio",4,16,193,92,101
050,72,073,"Puerto Rico Commonwealth","Jayuya Municipio",4,17,181,90,91
050,72,073,"Puerto Rico Commonwealth","Jayuya Municipio",4,18,175,92,83
050,72,073,"Puerto Rico Commonwealth","Jayuya Municipio",4,19,181,95,86
050,72,073,"Puerto Rico Commonwealth","Jayuya Municipio",4,20,178,93,85
050,72,073,"Puerto Rico Commonwealth","Jayuya Municipio",4,21,180,96,84
050,72,073,"Puerto Rico Commonwealth","Jayuya Municipio",4,22,190,106,84
050,72,073,"Puerto Rico Commonwealth","Jayuya Municipio",4,23,187,102,85
050,72,073,"Puerto Rico Commonwealth","Jayuya Municipio",4,24,191,96,95
050,72,073,"Puerto Rico Commonwealth","Jayuya Municipio",4,25,195,104,91
050,72,073,"Puerto Rico Commonwealth","Jayuya Municipio",4,26,197,113,84
050,72,073,"Puerto Rico Commonwealth","Jayuya Municipio",4,27,207,114,93
050,72,073,"Puerto Rico Commonwealth","Jayuya Municipio",4,28,218,113,105
050,72,073,"Puerto Rico Commonwealth","Jayuya Municipio",4,29,210,109,101
050,72,073,"Puerto Rico Commonwealth","Jayuya Municipio",4,30,214,108,106
050,72,073,"Puerto Rico Commonwealth","Jayuya Municipio",4,31,209,107,102
050,72,073,"Puerto Rico Commonwealth","Jayuya Municipio",4,32,202,111,91
050,72,073,"Puerto Rico Commonwealth","Jayuya Municipio",4,33,202,104,98
050,72,073,"Puerto Rico Commonwealth","Jayuya Municipio",4,34,183,87,96
050,72,073,"Puerto Rico Commonwealth","Jayuya Municipio",4,35,170,82,88
050,72,073,"Puerto Rico Commonwealth","Jayuya Municipio",4,36,181,85,96
050,72,073,"Puerto Rico Commonwealth","Jayuya Municipio",4,37,181,83,98
050,72,073,"Puerto Rico Commonwealth","Jayuya Municipio",4,38,174,81,93
050,72,073,"Puerto Rico Commonwealth","Jayuya Municipio",4,39,173,88,85
050,72,073,"Puerto Rico Commonwealth","Jayuya Municipio",4,40,176,83,93
050,72,073,"Puerto Rico Commonwealth","Jayuya Municipio",4,41,197,95,102
050,72,073,"Puerto Rico Commonwealth","Jayuya Municipio",4,42,205,103,102
050,72,073,"Puerto Rico Commonwealth","Jayuya Municipio",4,43,211,106,105
050,72,073,"Puerto Rico Commonwealth","Jayuya Municipio",4,44,196,98,98
050,72,073,"Puerto Rico Commonwealth","Jayuya Municipio",4,45,187,95,92
050,72,073,"Puerto Rico Commonwealth","Jayuya Municipio",4,46,176,96,80
050,72,073,"Puerto Rico Commonwealth","Jayuya Municipio",4,47,162,81,81
050,72,073,"Puerto Rico Commonwealth","Jayuya Municipio",4,48,169,77,92
050,72,073,"Puerto Rico Commonwealth","Jayuya Municipio",4,49,177,82,95
050,72,073,"Puerto Rico Commonwealth","Jayuya Municipio",4,50,178,82,96
050,72,073,"Puerto Rico Commonwealth","Jayuya Municipio",4,51,175,81,94
050,72,073,"Puerto Rico Commonwealth","Jayuya Municipio",4,52,172,80,92
050,72,073,"Puerto Rico Commonwealth","Jayuya Municipio",4,53,187,96,91
050,72,073,"Puerto Rico Commonwealth","Jayuya Municipio",4,54,186,96,90
050,72,073,"Puerto Rico Commonwealth","Jayuya Municipio",4,55,193,89,104
050,72,073,"Puerto Rico Commonwealth","Jayuya Municipio",4,56,196,76,120
050,72,073,"Puerto Rico Commonwealth","Jayuya Municipio",4,57,195,78,117
050,72,073,"Puerto Rico Commonwealth","Jayuya Municipio",4,58,200,85,115
050,72,073,"Puerto Rico Commonwealth","Jayuya Municipio",4,59,189,82,107
050,72,073,"Puerto Rico Commonwealth","Jayuya Municipio",4,60,181,85,96
050,72,073,"Puerto Rico Commonwealth","Jayuya Municipio",4,61,187,94,93
050,72,073,"Puerto Rico Commonwealth","Jayuya Municipio",4,62,186,89,97
050,72,073,"Puerto Rico Commonwealth","Jayuya Municipio",4,63,188,95,93
050,72,073,"Puerto Rico Commonwealth","Jayuya Municipio",4,64,175,86,89
050,72,073,"Puerto Rico Commonwealth","Jayuya Municipio",4,65,193,93,100
050,72,073,"Puerto Rico Commonwealth","Jayuya Municipio",4,66,199,95,104
050,72,073,"Puerto Rico Commonwealth","Jayuya Municipio",4,67,197,101,96
050,72,073,"Puerto Rico Commonwealth","Jayuya Municipio",4,68,176,86,90
050,72,073,"Puerto Rico Commonwealth","Jayuya Municipio",4,69,172,82,90
050,72,073,"Puerto Rico Commonwealth","Jayuya Municipio",4,70,171,83,88
050,72,073,"Puerto Rico Commonwealth","Jayuya Municipio",4,71,159,82,77
050,72,073,"Puerto Rico Commonwealth","Jayuya Municipio",4,72,146,75,71
050,72,073,"Puerto Rico Commonwealth","Jayuya Municipio",4,73,143,64,79
050,72,073,"Puerto Rico Commonwealth","Jayuya Municipio",4,74,134,61,73
050,72,073,"Puerto Rico Commonwealth","Jayuya Municipio",4,75,131,62,69
050,72,073,"Puerto Rico Commonwealth","Jayuya Municipio",4,76,122,61,61
050,72,073,"Puerto Rico Commonwealth","Jayuya Municipio",4,77,115,58,57
050,72,073,"Puerto Rico Commonwealth","Jayuya Municipio",4,78,103,47,56
050,72,073,"Puerto Rico Commonwealth","Jayuya Municipio",4,79,93,39,54
050,72,073,"Puerto Rico Commonwealth","Jayuya Municipio",4,80,90,38,52
050,72,073,"Puerto Rico Commonwealth","Jayuya Municipio",4,81,83,35,48
050,72,073,"Puerto Rico Commonwealth","Jayuya Municipio",4,82,62,26,36
050,72,073,"Puerto Rico Commonwealth","Jayuya Municipio",4,83,55,22,33
050,72,073,"Puerto Rico Commonwealth","Jayuya Municipio",4,84,56,22,34
050,72,073,"Puerto Rico Commonwealth","Jayuya Municipio",4,85,348,136,212
050,72,073,"Puerto Rico Commonwealth","Jayuya Municipio",5,0,93,41,52
050,72,073,"Puerto Rico Commonwealth","Jayuya Municipio",5,1,95,49,46
050,72,073,"Puerto Rico Commonwealth","Jayuya Municipio",5,2,89,51,38
050,72,073,"Puerto Rico Commonwealth","Jayuya Municipio",5,3,104,43,61
050,72,073,"Puerto Rico Commonwealth","Jayuya Municipio",5,4,121,64,57
050,72,073,"Puerto Rico Commonwealth","Jayuya Municipio",5,5,119,64,55
050,72,073,"Puerto Rico Commonwealth","Jayuya Municipio",5,6,126,62,64
050,72,073,"Puerto Rico Commonwealth","Jayuya Municipio",5,7,137,74,63
050,72,073,"Puerto Rico Commonwealth","Jayuya Municipio",5,8,137,71,66
050,72,073,"Puerto Rico Commonwealth","Jayuya Municipio",5,9,154,80,74
050,72,073,"Puerto Rico Commonwealth","Jayuya Municipio",5,10,158,85,73
050,72,073,"Puerto Rico Commonwealth","Jayuya Municipio",5,11,164,86,78
050,72,073,"Puerto Rico Commonwealth","Jayuya Municipio",5,12,174,89,85
050,72,073,"Puerto Rico Commonwealth","Jayuya Municipio",5,13,185,102,83
050,72,073,"Puerto Rico Commonwealth","Jayuya Municipio",5,14,185,100,85
050,72,073,"Puerto Rico Commonwealth","Jayuya Municipio",5,15,183,96,87
050,72,073,"Puerto Rico Commonwealth","Jayuya Municipio",5,16,189,94,95
050,72,073,"Puerto Rico Commonwealth","Jayuya Municipio",5,17,191,91,100
050,72,073,"Puerto Rico Commonwealth","Jayuya Municipio",5,18,177,88,89
050,72,073,"Puerto Rico Commonwealth","Jayuya Municipio",5,19,170,90,80
050,72,073,"Puerto Rico Commonwealth","Jayuya Municipio",5,20,179,94,85
050,72,073,"Puerto Rico Commonwealth","Jayuya Municipio",5,21,176,92,84
050,72,073,"Puerto Rico Commonwealth","Jayuya Municipio",5,22,179,95,84
050,72,073,"Puerto Rico Commonwealth","Jayuya Municipio",5,23,190,106,84
050,72,073,"Puerto Rico Commonwealth","Jayuya Municipio",5,24,187,102,85
050,72,073,"Puerto Rico Commonwealth","Jayuya Municipio",5,25,191,96,95
050,72,073,"Puerto Rico Commonwealth","Jayuya Municipio",5,26,195,104,91
050,72,073,"Puerto Rico Commonwealth","Jayuya Municipio",5,27,197,113,84
050,72,073,"Puerto Rico Commonwealth","Jayuya Municipio",5,28,206,113,93
050,72,073,"Puerto Rico Commonwealth","Jayuya Municipio",5,29,217,112,105
050,72,073,"Puerto Rico Commonwealth","Jayuya Municipio",5,30,210,109,101
050,72,073,"Puerto Rico Commonwealth","Jayuya Municipio",5,31,215,109,106
050,72,073,"Puerto Rico Commonwealth","Jayuya Municipio",5,32,209,106,103
050,72,073,"Puerto Rico Commonwealth","Jayuya Municipio",5,33,203,111,92
050,72,073,"Puerto Rico Commonwealth","Jayuya Municipio",5,34,203,104,99
050,72,073,"Puerto Rico Commonwealth","Jayuya Municipio",5,35,185,88,97
050,72,073,"Puerto Rico Commonwealth","Jayuya Municipio",5,36,171,82,89
050,72,073,"Puerto Rico Commonwealth","Jayuya Municipio",5,37,183,86,97
050,72,073,"Puerto Rico Commonwealth","Jayuya Municipio",5,38,181,82,99
050,72,073,"Puerto Rico Commonwealth","Jayuya Municipio",5,39,175,81,94
050,72,073,"Puerto Rico Commonwealth","Jayuya Municipio",5,40,175,89,86
050,72,073,"Puerto Rico Commonwealth","Jayuya Municipio",5,41,176,82,94
050,72,073,"Puerto Rico Commonwealth","Jayuya Municipio",5,42,197,95,102
050,72,073,"Puerto Rico Commonwealth","Jayuya Municipio",5,43,205,103,102
050,72,073,"Puerto Rico Commonwealth","Jayuya Municipio",5,44,209,105,104
050,72,073,"Puerto Rico Commonwealth","Jayuya Municipio",5,45,197,99,98
050,72,073,"Puerto Rico Commonwealth","Jayuya Municipio",5,46,187,95,92
050,72,073,"Puerto Rico Commonwealth","Jayuya Municipio",5,47,175,95,80
050,72,073,"Puerto Rico Commonwealth","Jayuya Municipio",5,48,162,81,81
050,72,073,"Puerto Rico Commonwealth","Jayuya Municipio",5,49,165,73,92
050,72,073,"Puerto Rico Commonwealth","Jayuya Municipio",5,50,177,83,94
050,72,073,"Puerto Rico Commonwealth","Jayuya Municipio",5,51,176,81,95
050,72,073,"Puerto Rico Commonwealth","Jayuya Municipio",5,52,175,81,94
050,72,073,"Puerto Rico Commonwealth","Jayuya Municipio",5,53,171,79,92
050,72,073,"Puerto Rico Commonwealth","Jayuya Municipio",5,54,186,95,91
050,72,073,"Puerto Rico Commonwealth","Jayuya Municipio",5,55,187,97,90
050,72,073,"Puerto Rico Commonwealth","Jayuya Municipio",5,56,191,87,104
050,72,073,"Puerto Rico Commonwealth","Jayuya Municipio",5,57,195,75,120
050,72,073,"Puerto Rico Commonwealth","Jayuya Municipio",5,58,195,78,117
050,72,073,"Puerto Rico Commonwealth","Jayuya Municipio",5,59,199,85,114
050,72,073,"Puerto Rico Commonwealth","Jayuya Municipio",5,60,186,80,106
050,72,073,"Puerto Rico Commonwealth","Jayuya Municipio",5,61,180,85,95
050,72,073,"Puerto Rico Commonwealth","Jayuya Municipio",5,62,187,94,93
050,72,073,"Puerto Rico Commonwealth","Jayuya Municipio",5,63,184,87,97
050,72,073,"Puerto Rico Commonwealth","Jayuya Municipio",5,64,185,93,92
050,72,073,"Puerto Rico Commonwealth","Jayuya Municipio",5,65,172,83,89
050,72,073,"Puerto Rico Commonwealth","Jayuya Municipio",5,66,190,91,99
050,72,073,"Puerto Rico Commonwealth","Jayuya Municipio",5,67,195,91,104
050,72,073,"Puerto Rico Commonwealth","Jayuya Municipio",5,68,195,100,95
050,72,073,"Puerto Rico Commonwealth","Jayuya Municipio",5,69,172,84,88
050,72,073,"Puerto Rico Commonwealth","Jayuya Municipio",5,70,168,81,87
050,72,073,"Puerto Rico Commonwealth","Jayuya Municipio",5,71,163,78,85
050,72,073,"Puerto Rico Commonwealth","Jayuya Municipio",5,72,157,80,77
050,72,073,"Puerto Rico Commonwealth","Jayuya Municipio",5,73,143,75,68
050,72,073,"Puerto Rico Commonwealth","Jayuya Municipio",5,74,140,63,77
050,72,073,"Puerto Rico Commonwealth","Jayuya Municipio",5,75,133,61,72
050,72,073,"Puerto Rico Commonwealth","Jayuya Municipio",5,76,129,61,68
050,72,073,"Puerto Rico Commonwealth","Jayuya Municipio",5,77,120,60,60
050,72,073,"Puerto Rico Commonwealth","Jayuya Municipio",5,78,113,57,56
050,72,073,"Puerto Rico Commonwealth","Jayuya Municipio",5,79,96,43,53
050,72,073,"Puerto Rico Commonwealth","Jayuya Municipio",5,80,90,37,53
050,72,073,"Puerto Rico Commonwealth","Jayuya Municipio",5,81,85,36,49
050,72,073,"Puerto Rico Commonwealth","Jayuya Municipio",5,82,79,33,46
050,72,073,"Puerto Rico Commonwealth","Jayuya Municipio",5,83,59,24,35
050,72,073,"Puerto Rico Commonwealth","Jayuya Municipio",5,84,50,19,31
050,72,073,"Puerto Rico Commonwealth","Jayuya Municipio",5,85,361,142,219
050,72,075,"Puerto Rico Commonwealth","Juana Díaz Municipio",1,0,311,163,148
050,72,075,"Puerto Rico Commonwealth","Juana Díaz Municipio",1,1,317,172,145
050,72,075,"Puerto Rico Commonwealth","Juana Díaz Municipio",1,2,343,185,158
050,72,075,"Puerto Rico Commonwealth","Juana Díaz Municipio",1,3,394,209,185
050,72,075,"Puerto Rico Commonwealth","Juana Díaz Municipio",1,4,454,236,218
050,72,075,"Puerto Rico Commonwealth","Juana Díaz Municipio",1,5,487,248,239
050,72,075,"Puerto Rico Commonwealth","Juana Díaz Municipio",1,6,528,258,270
050,72,075,"Puerto Rico Commonwealth","Juana Díaz Municipio",1,7,521,258,263
050,72,075,"Puerto Rico Commonwealth","Juana Díaz Municipio",1,8,499,252,247
050,72,075,"Puerto Rico Commonwealth","Juana Díaz Municipio",1,9,518,255,263
050,72,075,"Puerto Rico Commonwealth","Juana Díaz Municipio",1,10,598,307,291
050,72,075,"Puerto Rico Commonwealth","Juana Díaz Municipio",1,11,585,298,287
050,72,075,"Puerto Rico Commonwealth","Juana Díaz Municipio",1,12,561,283,278
050,72,075,"Puerto Rico Commonwealth","Juana Díaz Municipio",1,13,566,289,277
050,72,075,"Puerto Rico Commonwealth","Juana Díaz Municipio",1,14,603,312,291
050,72,075,"Puerto Rico Commonwealth","Juana Díaz Municipio",1,15,601,303,298
050,72,075,"Puerto Rico Commonwealth","Juana Díaz Municipio",1,16,582,287,295
050,72,075,"Puerto Rico Commonwealth","Juana Díaz Municipio",1,17,606,294,312
050,72,075,"Puerto Rico Commonwealth","Juana Díaz Municipio",1,18,609,294,315
050,72,075,"Puerto Rico Commonwealth","Juana Díaz Municipio",1,19,611,320,291
050,72,075,"Puerto Rico Commonwealth","Juana Díaz Municipio",1,20,623,311,312
050,72,075,"Puerto Rico Commonwealth","Juana Díaz Municipio",1,21,608,298,310
050,72,075,"Puerto Rico Commonwealth","Juana Díaz Municipio",1,22,612,303,309
050,72,075,"Puerto Rico Commonwealth","Juana Díaz Municipio",1,23,641,323,318
050,72,075,"Puerto Rico Commonwealth","Juana Díaz Municipio",1,24,675,351,324
050,72,075,"Puerto Rico Commonwealth","Juana Díaz Municipio",1,25,668,342,326
050,72,075,"Puerto Rico Commonwealth","Juana Díaz Municipio",1,26,675,322,353
050,72,075,"Puerto Rico Commonwealth","Juana Díaz Municipio",1,27,665,314,351
050,72,075,"Puerto Rico Commonwealth","Juana Díaz Municipio",1,28,676,333,343
050,72,075,"Puerto Rico Commonwealth","Juana Díaz Municipio",1,29,664,319,345
050,72,075,"Puerto Rico Commonwealth","Juana Díaz Municipio",1,30,628,303,325
050,72,075,"Puerto Rico Commonwealth","Juana Díaz Municipio",1,31,596,296,300
050,72,075,"Puerto Rico Commonwealth","Juana Díaz Municipio",1,32,544,265,279
050,72,075,"Puerto Rico Commonwealth","Juana Díaz Municipio",1,33,514,242,272
050,72,075,"Puerto Rico Commonwealth","Juana Díaz Municipio",1,34,489,222,267
050,72,075,"Puerto Rico Commonwealth","Juana Díaz Municipio",1,35,496,228,268
050,72,075,"Puerto Rico Commonwealth","Juana Díaz Municipio",1,36,505,220,285
050,72,075,"Puerto Rico Commonwealth","Juana Díaz Municipio",1,37,492,208,284
050,72,075,"Puerto Rico Commonwealth","Juana Díaz Municipio",1,38,528,221,307
050,72,075,"Puerto Rico Commonwealth","Juana Díaz Municipio",1,39,572,245,327
050,72,075,"Puerto Rico Commonwealth","Juana Díaz Municipio",1,40,605,260,345
050,72,075,"Puerto Rico Commonwealth","Juana Díaz Municipio",1,41,606,272,334
050,72,075,"Puerto Rico Commonwealth","Juana Díaz Municipio",1,42,626,283,343
050,72,075,"Puerto Rico Commonwealth","Juana Díaz Municipio",1,43,614,282,332
050,72,075,"Puerto Rico Commonwealth","Juana Díaz Municipio",1,44,579,278,301
050,72,075,"Puerto Rico Commonwealth","Juana Díaz Municipio",1,45,594,263,331
050,72,075,"Puerto Rico Commonwealth","Juana Díaz Municipio",1,46,591,271,320
050,72,075,"Puerto Rico Commonwealth","Juana Díaz Municipio",1,47,608,289,319
050,72,075,"Puerto Rico Commonwealth","Juana Díaz Municipio",1,48,629,305,324
050,72,075,"Puerto Rico Commonwealth","Juana Díaz Municipio",1,49,639,306,333
050,72,075,"Puerto Rico Commonwealth","Juana Díaz Municipio",1,50,608,283,325
050,72,075,"Puerto Rico Commonwealth","Juana Díaz Municipio",1,51,599,279,320
050,72,075,"Puerto Rico Commonwealth","Juana Díaz Municipio",1,52,619,294,325
050,72,075,"Puerto Rico Commonwealth","Juana Díaz Municipio",1,53,652,288,364
050,72,075,"Puerto Rico Commonwealth","Juana Díaz Municipio",1,54,653,294,359
050,72,075,"Puerto Rico Commonwealth","Juana Díaz Municipio",1,55,632,288,344
050,72,075,"Puerto Rico Commonwealth","Juana Díaz Municipio",1,56,645,292,353
050,72,075,"Puerto Rico Commonwealth","Juana Díaz Municipio",1,57,635,299,336
050,72,075,"Puerto Rico Commonwealth","Juana Díaz Municipio",1,58,637,294,343
050,72,075,"Puerto Rico Commonwealth","Juana Díaz Municipio",1,59,654,306,348
050,72,075,"Puerto Rico Commonwealth","Juana Díaz Municipio",1,60,636,310,326
050,72,075,"Puerto Rico Commonwealth","Juana Díaz Municipio",1,61,593,289,304
050,72,075,"Puerto Rico Commonwealth","Juana Díaz Municipio",1,62,596,280,316
050,72,075,"Puerto Rico Commonwealth","Juana Díaz Municipio",1,63,586,273,313
050,72,075,"Puerto Rico Commonwealth","Juana Díaz Municipio",1,64,574,269,305
050,72,075,"Puerto Rico Commonwealth","Juana Díaz Municipio",1,65,557,268,289
050,72,075,"Puerto Rico Commonwealth","Juana Díaz Municipio",1,66,503,249,254
050,72,075,"Puerto Rico Commonwealth","Juana Díaz Municipio",1,67,466,230,236
050,72,075,"Puerto Rico Commonwealth","Juana Díaz Municipio",1,68,476,231,245
050,72,075,"Puerto Rico Commonwealth","Juana Díaz Municipio",1,69,489,231,258
050,72,075,"Puerto Rico Commonwealth","Juana Díaz Municipio",1,70,510,228,282
050,72,075,"Puerto Rico Commonwealth","Juana Díaz Municipio",1,71,494,228,266
050,72,075,"Puerto Rico Commonwealth","Juana Díaz Municipio",1,72,499,228,271
050,72,075,"Puerto Rico Commonwealth","Juana Díaz Municipio",1,73,487,223,264
050,72,075,"Puerto Rico Commonwealth","Juana Díaz Municipio",1,74,452,215,237
050,72,075,"Puerto Rico Commonwealth","Juana Díaz Municipio",1,75,426,197,229
050,72,075,"Puerto Rico Commonwealth","Juana Díaz Municipio",1,76,364,161,203
050,72,075,"Puerto Rico Commonwealth","Juana Díaz Municipio",1,77,338,166,172
050,72,075,"Puerto Rico Commonwealth","Juana Díaz Municipio",1,78,314,151,163
050,72,075,"Puerto Rico Commonwealth","Juana Díaz Municipio",1,79,285,131,154
050,72,075,"Puerto Rico Commonwealth","Juana Díaz Municipio",1,80,293,126,167
050,72,075,"Puerto Rico Commonwealth","Juana Díaz Municipio",1,81,245,104,141
050,72,075,"Puerto Rico Commonwealth","Juana Díaz Municipio",1,82,224,82,142
050,72,075,"Puerto Rico Commonwealth","Juana Díaz Municipio",1,83,206,84,122
050,72,075,"Puerto Rico Commonwealth","Juana Díaz Municipio",1,84,211,92,119
050,72,075,"Puerto Rico Commonwealth","Juana Díaz Municipio",1,85,1124,429,695
050,72,075,"Puerto Rico Commonwealth","Juana Díaz Municipio",2,0,313,164,149
050,72,075,"Puerto Rico Commonwealth","Juana Díaz Municipio",2,1,316,170,146
050,72,075,"Puerto Rico Commonwealth","Juana Díaz Municipio",2,2,337,182,155
050,72,075,"Puerto Rico Commonwealth","Juana Díaz Municipio",2,3,381,203,178
050,72,075,"Puerto Rico Commonwealth","Juana Díaz Municipio",2,4,439,229,210
050,72,075,"Puerto Rico Commonwealth","Juana Díaz Municipio",2,5,478,245,233
050,72,075,"Puerto Rico Commonwealth","Juana Díaz Municipio",2,6,519,256,263
050,72,075,"Puerto Rico Commonwealth","Juana Díaz Municipio",2,7,522,258,264
050,72,075,"Puerto Rico Commonwealth","Juana Díaz Municipio",2,8,504,253,251
050,72,075,"Puerto Rico Commonwealth","Juana Díaz Municipio",2,9,513,254,259
050,72,075,"Puerto Rico Commonwealth","Juana Díaz Municipio",2,10,578,294,284
050,72,075,"Puerto Rico Commonwealth","Juana Díaz Municipio",2,11,589,301,288
050,72,075,"Puerto Rico Commonwealth","Juana Díaz Municipio",2,12,567,286,281
050,72,075,"Puerto Rico Commonwealth","Juana Díaz Municipio",2,13,563,286,277
050,72,075,"Puerto Rico Commonwealth","Juana Díaz Municipio",2,14,593,305,288
050,72,075,"Puerto Rico Commonwealth","Juana Díaz Municipio",2,15,600,304,296
050,72,075,"Puerto Rico Commonwealth","Juana Díaz Municipio",2,16,584,290,294
050,72,075,"Puerto Rico Commonwealth","Juana Díaz Municipio",2,17,599,292,307
050,72,075,"Puerto Rico Commonwealth","Juana Díaz Municipio",2,18,606,293,313
050,72,075,"Puerto Rico Commonwealth","Juana Díaz Municipio",2,19,609,312,297
050,72,075,"Puerto Rico Commonwealth","Juana Díaz Municipio",2,20,618,313,305
050,72,075,"Puerto Rico Commonwealth","Juana Díaz Municipio",2,21,611,300,311
050,72,075,"Puerto Rico Commonwealth","Juana Díaz Municipio",2,22,609,300,309
050,72,075,"Puerto Rico Commonwealth","Juana Díaz Municipio",2,23,633,317,316
050,72,075,"Puerto Rico Commonwealth","Juana Díaz Municipio",2,24,665,343,322
050,72,075,"Puerto Rico Commonwealth","Juana Díaz Municipio",2,25,670,344,326
050,72,075,"Puerto Rico Commonwealth","Juana Díaz Municipio",2,26,672,326,346
050,72,075,"Puerto Rico Commonwealth","Juana Díaz Municipio",2,27,666,315,351
050,72,075,"Puerto Rico Commonwealth","Juana Díaz Municipio",2,28,673,328,345
050,72,075,"Puerto Rico Commonwealth","Juana Díaz Municipio",2,29,667,322,345
050,72,075,"Puerto Rico Commonwealth","Juana Díaz Municipio",2,30,638,308,330
050,72,075,"Puerto Rico Commonwealth","Juana Díaz Municipio",2,31,603,297,306
050,72,075,"Puerto Rico Commonwealth","Juana Díaz Municipio",2,32,557,273,284
050,72,075,"Puerto Rico Commonwealth","Juana Díaz Municipio",2,33,521,247,274
050,72,075,"Puerto Rico Commonwealth","Juana Díaz Municipio",2,34,495,227,268
050,72,075,"Puerto Rico Commonwealth","Juana Díaz Municipio",2,35,494,226,268
050,72,075,"Puerto Rico Commonwealth","Juana Díaz Municipio",2,36,503,222,281
050,72,075,"Puerto Rico Commonwealth","Juana Díaz Municipio",2,37,494,210,284
050,72,075,"Puerto Rico Commonwealth","Juana Díaz Municipio",2,38,519,218,301
050,72,075,"Puerto Rico Commonwealth","Juana Díaz Municipio",2,39,560,239,321
050,72,075,"Puerto Rico Commonwealth","Juana Díaz Municipio",2,40,595,255,340
050,72,075,"Puerto Rico Commonwealth","Juana Díaz Municipio",2,41,605,268,337
050,72,075,"Puerto Rico Commonwealth","Juana Díaz Municipio",2,42,620,280,340
050,72,075,"Puerto Rico Commonwealth","Juana Díaz Municipio",2,43,618,283,335
050,72,075,"Puerto Rico Commonwealth","Juana Díaz Municipio",2,44,588,279,309
050,72,075,"Puerto Rico Commonwealth","Juana Díaz Municipio",2,45,587,265,322
050,72,075,"Puerto Rico Commonwealth","Juana Díaz Municipio",2,46,591,268,323
050,72,075,"Puerto Rico Commonwealth","Juana Díaz Municipio",2,47,603,285,318
050,72,075,"Puerto Rico Commonwealth","Juana Díaz Municipio",2,48,624,301,323
050,72,075,"Puerto Rico Commonwealth","Juana Díaz Municipio",2,49,637,306,331
050,72,075,"Puerto Rico Commonwealth","Juana Díaz Municipio",2,50,615,288,327
050,72,075,"Puerto Rico Commonwealth","Juana Díaz Municipio",2,51,601,280,321
050,72,075,"Puerto Rico Commonwealth","Juana Díaz Municipio",2,52,615,291,324
050,72,075,"Puerto Rico Commonwealth","Juana Díaz Municipio",2,53,642,288,354
050,72,075,"Puerto Rico Commonwealth","Juana Díaz Municipio",2,54,654,293,361
050,72,075,"Puerto Rico Commonwealth","Juana Díaz Municipio",2,55,635,288,347
050,72,075,"Puerto Rico Commonwealth","Juana Díaz Municipio",2,56,641,290,351
050,72,075,"Puerto Rico Commonwealth","Juana Díaz Municipio",2,57,637,297,340
050,72,075,"Puerto Rico Commonwealth","Juana Díaz Municipio",2,58,635,295,340
050,72,075,"Puerto Rico Commonwealth","Juana Díaz Municipio",2,59,647,301,346
050,72,075,"Puerto Rico Commonwealth","Juana Díaz Municipio",2,60,639,307,332
050,72,075,"Puerto Rico Commonwealth","Juana Díaz Municipio",2,61,601,294,307
050,72,075,"Puerto Rico Commonwealth","Juana Díaz Municipio",2,62,595,282,313
050,72,075,"Puerto Rico Commonwealth","Juana Díaz Municipio",2,63,584,271,313
050,72,075,"Puerto Rico Commonwealth","Juana Díaz Municipio",2,64,575,269,306
050,72,075,"Puerto Rico Commonwealth","Juana Díaz Municipio",2,65,560,267,293
050,72,075,"Puerto Rico Commonwealth","Juana Díaz Municipio",2,66,516,253,263
050,72,075,"Puerto Rico Commonwealth","Juana Díaz Municipio",2,67,474,234,240
050,72,075,"Puerto Rico Commonwealth","Juana Díaz Municipio",2,68,471,228,243
050,72,075,"Puerto Rico Commonwealth","Juana Díaz Municipio",2,69,483,228,255
050,72,075,"Puerto Rico Commonwealth","Juana Díaz Municipio",2,70,504,229,275
050,72,075,"Puerto Rico Commonwealth","Juana Díaz Municipio",2,71,497,227,270
050,72,075,"Puerto Rico Commonwealth","Juana Díaz Municipio",2,72,497,227,270
050,72,075,"Puerto Rico Commonwealth","Juana Díaz Municipio",2,73,485,223,262
050,72,075,"Puerto Rico Commonwealth","Juana Díaz Municipio",2,74,457,214,243
050,72,075,"Puerto Rico Commonwealth","Juana Díaz Municipio",2,75,431,200,231
050,72,075,"Puerto Rico Commonwealth","Juana Díaz Municipio",2,76,375,167,208
050,72,075,"Puerto Rico Commonwealth","Juana Díaz Municipio",2,77,342,165,177
050,72,075,"Puerto Rico Commonwealth","Juana Díaz Municipio",2,78,317,153,164
050,72,075,"Puerto Rico Commonwealth","Juana Díaz Municipio",2,79,292,136,156
050,72,075,"Puerto Rico Commonwealth","Juana Díaz Municipio",2,80,290,126,164
050,72,075,"Puerto Rico Commonwealth","Juana Díaz Municipio",2,81,253,106,147
050,72,075,"Puerto Rico Commonwealth","Juana Díaz Municipio",2,82,230,88,142
050,72,075,"Puerto Rico Commonwealth","Juana Díaz Municipio",2,83,208,83,125
050,72,075,"Puerto Rico Commonwealth","Juana Díaz Municipio",2,84,207,90,117
050,72,075,"Puerto Rico Commonwealth","Juana Díaz Municipio",2,85,1148,436,712
050,72,075,"Puerto Rico Commonwealth","Juana Díaz Municipio",3,0,266,133,133
050,72,075,"Puerto Rico Commonwealth","Juana Díaz Municipio",3,1,314,165,149
050,72,075,"Puerto Rico Commonwealth","Juana Díaz Municipio",3,2,317,171,146
050,72,075,"Puerto Rico Commonwealth","Juana Díaz Municipio",3,3,337,182,155
050,72,075,"Puerto Rico Commonwealth","Juana Díaz Municipio",3,4,387,209,178
050,72,075,"Puerto Rico Commonwealth","Juana Díaz Municipio",3,5,435,225,210
050,72,075,"Puerto Rico Commonwealth","Juana Díaz Municipio",3,6,479,246,233
050,72,075,"Puerto Rico Commonwealth","Juana Díaz Municipio",3,7,525,257,268
050,72,075,"Puerto Rico Commonwealth","Juana Díaz Municipio",3,8,518,259,259
050,72,075,"Puerto Rico Commonwealth","Juana Díaz Municipio",3,9,504,253,251
050,72,075,"Puerto Rico Commonwealth","Juana Díaz Municipio",3,10,516,258,258
050,72,075,"Puerto Rico Commonwealth","Juana Díaz Municipio",3,11,570,288,282
050,72,075,"Puerto Rico Commonwealth","Juana Díaz Municipio",3,12,587,300,287
050,72,075,"Puerto Rico Commonwealth","Juana Díaz Municipio",3,13,568,288,280
050,72,075,"Puerto Rico Commonwealth","Juana Díaz Municipio",3,14,561,283,278
050,72,075,"Puerto Rico Commonwealth","Juana Díaz Municipio",3,15,589,301,288
050,72,075,"Puerto Rico Commonwealth","Juana Díaz Municipio",3,16,598,304,294
050,72,075,"Puerto Rico Commonwealth","Juana Díaz Municipio",3,17,578,290,288
050,72,075,"Puerto Rico Commonwealth","Juana Díaz Municipio",3,18,586,285,301
050,72,075,"Puerto Rico Commonwealth","Juana Díaz Municipio",3,19,595,288,307
050,72,075,"Puerto Rico Commonwealth","Juana Díaz Municipio",3,20,605,308,297
050,72,075,"Puerto Rico Commonwealth","Juana Díaz Municipio",3,21,605,302,303
050,72,075,"Puerto Rico Commonwealth","Juana Díaz Municipio",3,22,608,296,312
050,72,075,"Puerto Rico Commonwealth","Juana Díaz Municipio",3,23,620,304,316
050,72,075,"Puerto Rico Commonwealth","Juana Díaz Municipio",3,24,624,312,312
050,72,075,"Puerto Rico Commonwealth","Juana Díaz Municipio",3,25,668,344,324
050,72,075,"Puerto Rico Commonwealth","Juana Díaz Municipio",3,26,665,338,327
050,72,075,"Puerto Rico Commonwealth","Juana Díaz Municipio",3,27,680,333,347
050,72,075,"Puerto Rico Commonwealth","Juana Díaz Municipio",3,28,663,311,352
050,72,075,"Puerto Rico Commonwealth","Juana Díaz Municipio",3,29,674,328,346
050,72,075,"Puerto Rico Commonwealth","Juana Díaz Municipio",3,30,669,323,346
050,72,075,"Puerto Rico Commonwealth","Juana Díaz Municipio",3,31,640,309,331
050,72,075,"Puerto Rico Commonwealth","Juana Díaz Municipio",3,32,598,291,307
050,72,075,"Puerto Rico Commonwealth","Juana Díaz Municipio",3,33,559,273,286
050,72,075,"Puerto Rico Commonwealth","Juana Díaz Municipio",3,34,529,253,276
050,72,075,"Puerto Rico Commonwealth","Juana Díaz Municipio",3,35,501,232,269
050,72,075,"Puerto Rico Commonwealth","Juana Díaz Municipio",3,36,488,220,268
050,72,075,"Puerto Rico Commonwealth","Juana Díaz Municipio",3,37,507,225,282
050,72,075,"Puerto Rico Commonwealth","Juana Díaz Municipio",3,38,494,201,293
050,72,075,"Puerto Rico Commonwealth","Juana Díaz Municipio",3,39,514,220,294
050,72,075,"Puerto Rico Commonwealth","Juana Díaz Municipio",3,40,565,243,322
050,72,075,"Puerto Rico Commonwealth","Juana Díaz Municipio",3,41,589,249,340
050,72,075,"Puerto Rico Commonwealth","Juana Díaz Municipio",3,42,607,270,337
050,72,075,"Puerto Rico Commonwealth","Juana Díaz Municipio",3,43,620,279,341
050,72,075,"Puerto Rico Commonwealth","Juana Díaz Municipio",3,44,617,282,335
050,72,075,"Puerto Rico Commonwealth","Juana Díaz Municipio",3,45,590,280,310
050,72,075,"Puerto Rico Commonwealth","Juana Díaz Municipio",3,46,594,271,323
050,72,075,"Puerto Rico Commonwealth","Juana Díaz Municipio",3,47,590,266,324
050,72,075,"Puerto Rico Commonwealth","Juana Díaz Municipio",3,48,601,282,319
050,72,075,"Puerto Rico Commonwealth","Juana Díaz Municipio",3,49,634,310,324
050,72,075,"Puerto Rico Commonwealth","Juana Díaz Municipio",3,50,631,300,331
050,72,075,"Puerto Rico Commonwealth","Juana Díaz Municipio",3,51,625,297,328
050,72,075,"Puerto Rico Commonwealth","Juana Díaz Municipio",3,52,604,284,320
050,72,075,"Puerto Rico Commonwealth","Juana Díaz Municipio",3,53,608,284,324
050,72,075,"Puerto Rico Commonwealth","Juana Díaz Municipio",3,54,640,288,352
050,72,075,"Puerto Rico Commonwealth","Juana Díaz Municipio",3,55,644,286,358
050,72,075,"Puerto Rico Commonwealth","Juana Díaz Municipio",3,56,651,296,355
050,72,075,"Puerto Rico Commonwealth","Juana Díaz Municipio",3,57,635,291,344
050,72,075,"Puerto Rico Commonwealth","Juana Díaz Municipio",3,58,630,291,339
050,72,075,"Puerto Rico Commonwealth","Juana Díaz Municipio",3,59,641,301,340
050,72,075,"Puerto Rico Commonwealth","Juana Díaz Municipio",3,60,637,293,344
050,72,075,"Puerto Rico Commonwealth","Juana Díaz Municipio",3,61,638,309,329
050,72,075,"Puerto Rico Commonwealth","Juana Díaz Municipio",3,62,605,297,308
050,72,075,"Puerto Rico Commonwealth","Juana Díaz Municipio",3,63,585,278,307
050,72,075,"Puerto Rico Commonwealth","Juana Díaz Municipio",3,64,566,255,311
050,72,075,"Puerto Rico Commonwealth","Juana Díaz Municipio",3,65,579,271,308
050,72,075,"Puerto Rico Commonwealth","Juana Díaz Municipio",3,66,558,270,288
050,72,075,"Puerto Rico Commonwealth","Juana Díaz Municipio",3,67,504,242,262
050,72,075,"Puerto Rico Commonwealth","Juana Díaz Municipio",3,68,469,232,237
050,72,075,"Puerto Rico Commonwealth","Juana Díaz Municipio",3,69,469,226,243
050,72,075,"Puerto Rico Commonwealth","Juana Díaz Municipio",3,70,470,215,255
050,72,075,"Puerto Rico Commonwealth","Juana Díaz Municipio",3,71,502,230,272
050,72,075,"Puerto Rico Commonwealth","Juana Díaz Municipio",3,72,483,219,264
050,72,075,"Puerto Rico Commonwealth","Juana Díaz Municipio",3,73,475,212,263
050,72,075,"Puerto Rico Commonwealth","Juana Díaz Municipio",3,74,475,218,257
050,72,075,"Puerto Rico Commonwealth","Juana Díaz Municipio",3,75,449,205,244
050,72,075,"Puerto Rico Commonwealth","Juana Díaz Municipio",3,76,412,187,225
050,72,075,"Puerto Rico Commonwealth","Juana Díaz Municipio",3,77,359,159,200
050,72,075,"Puerto Rico Commonwealth","Juana Díaz Municipio",3,78,340,164,176
050,72,075,"Puerto Rico Commonwealth","Juana Díaz Municipio",3,79,301,145,156
050,72,075,"Puerto Rico Commonwealth","Juana Díaz Municipio",3,80,283,126,157
050,72,075,"Puerto Rico Commonwealth","Juana Díaz Municipio",3,81,274,114,160
050,72,075,"Puerto Rico Commonwealth","Juana Díaz Municipio",3,82,249,104,145
050,72,075,"Puerto Rico Commonwealth","Juana Díaz Municipio",3,83,219,85,134
050,72,075,"Puerto Rico Commonwealth","Juana Díaz Municipio",3,84,197,78,119
050,72,075,"Puerto Rico Commonwealth","Juana Díaz Municipio",3,85,1243,460,783
050,72,075,"Puerto Rico Commonwealth","Juana Díaz Municipio",4,0,256,127,129
050,72,075,"Puerto Rico Commonwealth","Juana Díaz Municipio",4,1,260,130,130
050,72,075,"Puerto Rico Commonwealth","Juana Díaz Municipio",4,2,309,163,146
050,72,075,"Puerto Rico Commonwealth","Juana Díaz Municipio",4,3,313,169,144
050,72,075,"Puerto Rico Commonwealth","Juana Díaz Municipio",4,4,339,187,152
050,72,075,"Puerto Rico Commonwealth","Juana Díaz Municipio",4,5,377,202,175
050,72,075,"Puerto Rico Commonwealth","Juana Díaz Municipio",4,6,429,222,207
050,72,075,"Puerto Rico Commonwealth","Juana Díaz Municipio",4,7,479,243,236
050,72,075,"Puerto Rico Commonwealth","Juana Díaz Municipio",4,8,514,254,260
050,72,075,"Puerto Rico Commonwealth","Juana Díaz Municipio",4,9,512,256,256
050,72,075,"Puerto Rico Commonwealth","Juana Díaz Municipio",4,10,505,257,248
050,72,075,"Puerto Rico Commonwealth","Juana Díaz Municipio",4,11,502,248,254
050,72,075,"Puerto Rico Commonwealth","Juana Díaz Municipio",4,12,561,283,278
050,72,075,"Puerto Rico Commonwealth","Juana Díaz Municipio",4,13,581,298,283
050,72,075,"Puerto Rico Commonwealth","Juana Díaz Municipio",4,14,559,281,278
050,72,075,"Puerto Rico Commonwealth","Juana Díaz Municipio",4,15,551,276,275
050,72,075,"Puerto Rico Commonwealth","Juana Díaz Municipio",4,16,579,296,283
050,72,075,"Puerto Rico Commonwealth","Juana Díaz Municipio",4,17,585,300,285
050,72,075,"Puerto Rico Commonwealth","Juana Díaz Municipio",4,18,557,278,279
050,72,075,"Puerto Rico Commonwealth","Juana Díaz Municipio",4,19,568,277,291
050,72,075,"Puerto Rico Commonwealth","Juana Díaz Municipio",4,20,585,282,303
050,72,075,"Puerto Rico Commonwealth","Juana Díaz Municipio",4,21,585,293,292
050,72,075,"Puerto Rico Commonwealth","Juana Díaz Municipio",4,22,593,294,299
050,72,075,"Puerto Rico Commonwealth","Juana Díaz Municipio",4,23,617,300,317
050,72,075,"Puerto Rico Commonwealth","Juana Díaz Municipio",4,24,605,296,309
050,72,075,"Puerto Rico Commonwealth","Juana Díaz Municipio",4,25,620,310,310
050,72,075,"Puerto Rico Commonwealth","Juana Díaz Municipio",4,26,654,333,321
050,72,075,"Puerto Rico Commonwealth","Juana Díaz Municipio",4,27,664,340,324
050,72,075,"Puerto Rico Commonwealth","Juana Díaz Municipio",4,28,667,323,344
050,72,075,"Puerto Rico Commonwealth","Juana Díaz Municipio",4,29,654,305,349
050,72,075,"Puerto Rico Commonwealth","Juana Díaz Municipio",4,30,670,326,344
050,72,075,"Puerto Rico Commonwealth","Juana Díaz Municipio",4,31,666,322,344
050,72,075,"Puerto Rico Commonwealth","Juana Díaz Municipio",4,32,627,298,329
050,72,075,"Puerto Rico Commonwealth","Juana Díaz Municipio",4,33,591,287,304
050,72,075,"Puerto Rico Commonwealth","Juana Díaz Municipio",4,34,558,274,284
050,72,075,"Puerto Rico Commonwealth","Juana Díaz Municipio",4,35,529,255,274
050,72,075,"Puerto Rico Commonwealth","Juana Díaz Municipio",4,36,488,221,267
050,72,075,"Puerto Rico Commonwealth","Juana Díaz Municipio",4,37,482,217,265
050,72,075,"Puerto Rico Commonwealth","Juana Díaz Municipio",4,38,505,215,290
050,72,075,"Puerto Rico Commonwealth","Juana Díaz Municipio",4,39,482,199,283
050,72,075,"Puerto Rico Commonwealth","Juana Díaz Municipio",4,40,515,223,292
050,72,075,"Puerto Rico Commonwealth","Juana Díaz Municipio",4,41,555,235,320
050,72,075,"Puerto Rico Commonwealth","Juana Díaz Municipio",4,42,584,246,338
050,72,075,"Puerto Rico Commonwealth","Juana Díaz Municipio",4,43,604,269,335
050,72,075,"Puerto Rico Commonwealth","Juana Díaz Municipio",4,44,609,271,338
050,72,075,"Puerto Rico Commonwealth","Juana Díaz Municipio",4,45,610,276,334
050,72,075,"Puerto Rico Commonwealth","Juana Díaz Municipio",4,46,591,283,308
050,72,075,"Puerto Rico Commonwealth","Juana Díaz Municipio",4,47,588,266,322
050,72,075,"Puerto Rico Commonwealth","Juana Díaz Municipio",4,48,584,261,323
050,72,075,"Puerto Rico Commonwealth","Juana Díaz Municipio",4,49,609,292,317
050,72,075,"Puerto Rico Commonwealth","Juana Díaz Municipio",4,50,619,299,320
050,72,075,"Puerto Rico Commonwealth","Juana Díaz Municipio",4,51,639,309,330
050,72,075,"Puerto Rico Commonwealth","Juana Díaz Municipio",4,52,629,303,326
050,72,075,"Puerto Rico Commonwealth","Juana Díaz Municipio",4,53,599,278,321
050,72,075,"Puerto Rico Commonwealth","Juana Díaz Municipio",4,54,604,282,322
050,72,075,"Puerto Rico Commonwealth","Juana Díaz Municipio",4,55,630,282,348
050,72,075,"Puerto Rico Commonwealth","Juana Díaz Municipio",4,56,665,297,368
050,72,075,"Puerto Rico Commonwealth","Juana Díaz Municipio",4,57,644,299,345
050,72,075,"Puerto Rico Commonwealth","Juana Díaz Municipio",4,58,626,285,341
050,72,075,"Puerto Rico Commonwealth","Juana Díaz Municipio",4,59,634,298,336
050,72,075,"Puerto Rico Commonwealth","Juana Díaz Municipio",4,60,629,292,337
050,72,075,"Puerto Rico Commonwealth","Juana Díaz Municipio",4,61,637,297,340
050,72,075,"Puerto Rico Commonwealth","Juana Díaz Municipio",4,62,642,314,328
050,72,075,"Puerto Rico Commonwealth","Juana Díaz Municipio",4,63,596,294,302
050,72,075,"Puerto Rico Commonwealth","Juana Díaz Municipio",4,64,570,266,304
050,72,075,"Puerto Rico Commonwealth","Juana Díaz Municipio",4,65,571,261,310
050,72,075,"Puerto Rico Commonwealth","Juana Díaz Municipio",4,66,575,271,304
050,72,075,"Puerto Rico Commonwealth","Juana Díaz Municipio",4,67,543,258,285
050,72,075,"Puerto Rico Commonwealth","Juana Díaz Municipio",4,68,502,241,261
050,72,075,"Puerto Rico Commonwealth","Juana Díaz Municipio",4,69,465,230,235
050,72,075,"Puerto Rico Commonwealth","Juana Díaz Municipio",4,70,455,213,242
050,72,075,"Puerto Rico Commonwealth","Juana Díaz Municipio",4,71,469,217,252
050,72,075,"Puerto Rico Commonwealth","Juana Díaz Municipio",4,72,490,222,268
050,72,075,"Puerto Rico Commonwealth","Juana Díaz Municipio",4,73,466,209,257
050,72,075,"Puerto Rico Commonwealth","Juana Díaz Municipio",4,74,464,204,260
050,72,075,"Puerto Rico Commonwealth","Juana Díaz Municipio",4,75,475,219,256
050,72,075,"Puerto Rico Commonwealth","Juana Díaz Municipio",4,76,426,191,235
050,72,075,"Puerto Rico Commonwealth","Juana Díaz Municipio",4,77,399,181,218
050,72,075,"Puerto Rico Commonwealth","Juana Díaz Municipio",4,78,356,158,198
050,72,075,"Puerto Rico Commonwealth","Juana Díaz Municipio",4,79,324,154,170
050,72,075,"Puerto Rico Commonwealth","Juana Díaz Municipio",4,80,292,137,155
050,72,075,"Puerto Rico Commonwealth","Juana Díaz Municipio",4,81,269,120,149
050,72,075,"Puerto Rico Commonwealth","Juana Díaz Municipio",4,82,266,108,158
050,72,075,"Puerto Rico Commonwealth","Juana Díaz Municipio",4,83,236,103,133
050,72,075,"Puerto Rico Commonwealth","Juana Díaz Municipio",4,84,206,82,124
050,72,075,"Puerto Rico Commonwealth","Juana Díaz Municipio",4,85,1302,476,826
050,72,075,"Puerto Rico Commonwealth","Juana Díaz Municipio",5,0,261,135,126
050,72,075,"Puerto Rico Commonwealth","Juana Díaz Municipio",5,1,256,127,129
050,72,075,"Puerto Rico Commonwealth","Juana Díaz Municipio",5,2,261,131,130
050,72,075,"Puerto Rico Commonwealth","Juana Díaz Municipio",5,3,311,164,147
050,72,075,"Puerto Rico Commonwealth","Juana Díaz Municipio",5,4,323,179,144
050,72,075,"Puerto Rico Commonwealth","Juana Díaz Municipio",5,5,333,181,152
050,72,075,"Puerto Rico Commonwealth","Juana Díaz Municipio",5,6,379,203,176
050,72,075,"Puerto Rico Commonwealth","Juana Díaz Municipio",5,7,439,223,216
050,72,075,"Puerto Rico Commonwealth","Juana Díaz Municipio",5,8,473,244,229
050,72,075,"Puerto Rico Commonwealth","Juana Díaz Municipio",5,9,516,255,261
050,72,075,"Puerto Rico Commonwealth","Juana Díaz Municipio",5,10,522,266,256
050,72,075,"Puerto Rico Commonwealth","Juana Díaz Municipio",5,11,497,250,247
050,72,075,"Puerto Rico Commonwealth","Juana Díaz Municipio",5,12,500,247,253
050,72,075,"Puerto Rico Commonwealth","Juana Díaz Municipio",5,13,563,285,278
050,72,075,"Puerto Rico Commonwealth","Juana Díaz Municipio",5,14,580,296,284
050,72,075,"Puerto Rico Commonwealth","Juana Díaz Municipio",5,15,558,279,279
050,72,075,"Puerto Rico Commonwealth","Juana Díaz Municipio",5,16,549,276,273
050,72,075,"Puerto Rico Commonwealth","Juana Díaz Municipio",5,17,575,297,278
050,72,075,"Puerto Rico Commonwealth","Juana Díaz Municipio",5,18,575,294,281
050,72,075,"Puerto Rico Commonwealth","Juana Díaz Municipio",5,19,551,278,273
050,72,075,"Puerto Rico Commonwealth","Juana Díaz Municipio",5,20,567,276,291
050,72,075,"Puerto Rico Commonwealth","Juana Díaz Municipio",5,21,572,269,303
050,72,075,"Puerto Rico Commonwealth","Juana Díaz Municipio",5,22,583,290,293
050,72,075,"Puerto Rico Commonwealth","Juana Díaz Municipio",5,23,615,305,310
050,72,075,"Puerto Rico Commonwealth","Juana Díaz Municipio",5,24,608,295,313
050,72,075,"Puerto Rico Commonwealth","Juana Díaz Municipio",5,25,613,301,312
050,72,075,"Puerto Rico Commonwealth","Juana Díaz Municipio",5,26,613,301,312
050,72,075,"Puerto Rico Commonwealth","Juana Díaz Municipio",5,27,665,342,323
050,72,075,"Puerto Rico Commonwealth","Juana Díaz Municipio",5,28,659,333,326
050,72,075,"Puerto Rico Commonwealth","Juana Díaz Municipio",5,29,670,325,345
050,72,075,"Puerto Rico Commonwealth","Juana Díaz Municipio",5,30,659,307,352
050,72,075,"Puerto Rico Commonwealth","Juana Díaz Municipio",5,31,677,332,345
050,72,075,"Puerto Rico Commonwealth","Juana Díaz Municipio",5,32,661,314,347
050,72,075,"Puerto Rico Commonwealth","Juana Díaz Municipio",5,33,631,299,332
050,72,075,"Puerto Rico Commonwealth","Juana Díaz Municipio",5,34,604,297,307
050,72,075,"Puerto Rico Commonwealth","Juana Díaz Municipio",5,35,564,278,286
050,72,075,"Puerto Rico Commonwealth","Juana Díaz Municipio",5,36,524,248,276
050,72,075,"Puerto Rico Commonwealth","Juana Díaz Municipio",5,37,496,227,269
050,72,075,"Puerto Rico Commonwealth","Juana Díaz Municipio",5,38,486,207,279
050,72,075,"Puerto Rico Commonwealth","Juana Díaz Municipio",5,39,499,218,281
050,72,075,"Puerto Rico Commonwealth","Juana Díaz Municipio",5,40,486,205,281
050,72,075,"Puerto Rico Commonwealth","Juana Díaz Municipio",5,41,510,217,293
050,72,075,"Puerto Rico Commonwealth","Juana Díaz Municipio",5,42,559,237,322
050,72,075,"Puerto Rico Commonwealth","Juana Díaz Municipio",5,43,586,248,338
050,72,075,"Puerto Rico Commonwealth","Juana Díaz Municipio",5,44,604,268,336
050,72,075,"Puerto Rico Commonwealth","Juana Díaz Municipio",5,45,608,269,339
050,72,075,"Puerto Rico Commonwealth","Juana Díaz Municipio",5,46,619,285,334
050,72,075,"Puerto Rico Commonwealth","Juana Díaz Municipio",5,47,588,279,309
050,72,075,"Puerto Rico Commonwealth","Juana Díaz Municipio",5,48,586,263,323
050,72,075,"Puerto Rico Commonwealth","Juana Díaz Municipio",5,49,598,275,323
050,72,075,"Puerto Rico Commonwealth","Juana Díaz Municipio",5,50,599,282,317
050,72,075,"Puerto Rico Commonwealth","Juana Díaz Municipio",5,51,631,311,320
050,72,075,"Puerto Rico Commonwealth","Juana Díaz Municipio",5,52,644,313,331
050,72,075,"Puerto Rico Commonwealth","Juana Díaz Municipio",5,53,629,299,330
050,72,075,"Puerto Rico Commonwealth","Juana Díaz Municipio",5,54,592,274,318
050,72,075,"Puerto Rico Commonwealth","Juana Díaz Municipio",5,55,593,274,319
050,72,075,"Puerto Rico Commonwealth","Juana Díaz Municipio",5,56,656,295,361
050,72,075,"Puerto Rico Commonwealth","Juana Díaz Municipio",5,57,658,302,356
050,72,075,"Puerto Rico Commonwealth","Juana Díaz Municipio",5,58,630,288,342
050,72,075,"Puerto Rico Commonwealth","Juana Díaz Municipio",5,59,638,297,341
050,72,075,"Puerto Rico Commonwealth","Juana Díaz Municipio",5,60,622,287,335
050,72,075,"Puerto Rico Commonwealth","Juana Díaz Municipio",5,61,634,298,336
050,72,075,"Puerto Rico Commonwealth","Juana Díaz Municipio",5,62,643,303,340
050,72,075,"Puerto Rico Commonwealth","Juana Díaz Municipio",5,63,637,313,324
050,72,075,"Puerto Rico Commonwealth","Juana Díaz Municipio",5,64,581,278,303
050,72,075,"Puerto Rico Commonwealth","Juana Díaz Municipio",5,65,575,272,303
050,72,075,"Puerto Rico Commonwealth","Juana Díaz Municipio",5,66,565,261,304
050,72,075,"Puerto Rico Commonwealth","Juana Díaz Municipio",5,67,565,263,302
050,72,075,"Puerto Rico Commonwealth","Juana Díaz Municipio",5,68,540,258,282
050,72,075,"Puerto Rico Commonwealth","Juana Díaz Municipio",5,69,500,244,256
050,72,075,"Puerto Rico Commonwealth","Juana Díaz Municipio",5,70,447,213,234
050,72,075,"Puerto Rico Commonwealth","Juana Díaz Municipio",5,71,459,219,240
050,72,075,"Puerto Rico Commonwealth","Juana Díaz Municipio",5,72,465,211,254
050,72,075,"Puerto Rico Commonwealth","Juana Díaz Municipio",5,73,474,212,262
050,72,075,"Puerto Rico Commonwealth","Juana Díaz Municipio",5,74,457,204,253
050,72,075,"Puerto Rico Commonwealth","Juana Díaz Municipio",5,75,464,202,262
050,72,075,"Puerto Rico Commonwealth","Juana Díaz Municipio",5,76,454,205,249
050,72,075,"Puerto Rico Commonwealth","Juana Díaz Municipio",5,77,405,184,221
050,72,075,"Puerto Rico Commonwealth","Juana Díaz Municipio",5,78,401,188,213
050,72,075,"Puerto Rico Commonwealth","Juana Díaz Municipio",5,79,342,151,191
050,72,075,"Puerto Rico Commonwealth","Juana Díaz Municipio",5,80,309,140,169
050,72,075,"Puerto Rico Commonwealth","Juana Díaz Municipio",5,81,271,125,146
050,72,075,"Puerto Rico Commonwealth","Juana Díaz Municipio",5,82,261,113,148
050,72,075,"Puerto Rico Commonwealth","Juana Díaz Municipio",5,83,248,101,147
050,72,075,"Puerto Rico Commonwealth","Juana Díaz Municipio",5,84,228,99,129
050,72,075,"Puerto Rico Commonwealth","Juana Díaz Municipio",5,85,1370,487,883
050,72,077,"Puerto Rico Commonwealth","Juncos Municipio",1,0,244,125,119
050,72,077,"Puerto Rico Commonwealth","Juncos Municipio",1,1,271,139,132
050,72,077,"Puerto Rico Commonwealth","Juncos Municipio",1,2,264,133,131
050,72,077,"Puerto Rico Commonwealth","Juncos Municipio",1,3,312,159,153
050,72,077,"Puerto Rico Commonwealth","Juncos Municipio",1,4,350,176,174
050,72,077,"Puerto Rico Commonwealth","Juncos Municipio",1,5,357,187,170
050,72,077,"Puerto Rico Commonwealth","Juncos Municipio",1,6,352,183,169
050,72,077,"Puerto Rico Commonwealth","Juncos Municipio",1,7,377,188,189
050,72,077,"Puerto Rico Commonwealth","Juncos Municipio",1,8,388,202,186
050,72,077,"Puerto Rico Commonwealth","Juncos Municipio",1,9,400,203,197
050,72,077,"Puerto Rico Commonwealth","Juncos Municipio",1,10,452,226,226
050,72,077,"Puerto Rico Commonwealth","Juncos Municipio",1,11,448,228,220
050,72,077,"Puerto Rico Commonwealth","Juncos Municipio",1,12,482,249,233
050,72,077,"Puerto Rico Commonwealth","Juncos Municipio",1,13,476,238,238
050,72,077,"Puerto Rico Commonwealth","Juncos Municipio",1,14,475,234,241
050,72,077,"Puerto Rico Commonwealth","Juncos Municipio",1,15,492,245,247
050,72,077,"Puerto Rico Commonwealth","Juncos Municipio",1,16,502,247,255
050,72,077,"Puerto Rico Commonwealth","Juncos Municipio",1,17,498,241,257
050,72,077,"Puerto Rico Commonwealth","Juncos Municipio",1,18,483,238,245
050,72,077,"Puerto Rico Commonwealth","Juncos Municipio",1,19,489,248,241
050,72,077,"Puerto Rico Commonwealth","Juncos Municipio",1,20,507,267,240
050,72,077,"Puerto Rico Commonwealth","Juncos Municipio",1,21,512,261,251
050,72,077,"Puerto Rico Commonwealth","Juncos Municipio",1,22,536,249,287
050,72,077,"Puerto Rico Commonwealth","Juncos Municipio",1,23,527,245,282
050,72,077,"Puerto Rico Commonwealth","Juncos Municipio",1,24,548,271,277
050,72,077,"Puerto Rico Commonwealth","Juncos Municipio",1,25,564,279,285
050,72,077,"Puerto Rico Commonwealth","Juncos Municipio",1,26,581,267,314
050,72,077,"Puerto Rico Commonwealth","Juncos Municipio",1,27,576,277,299
050,72,077,"Puerto Rico Commonwealth","Juncos Municipio",1,28,554,266,288
050,72,077,"Puerto Rico Commonwealth","Juncos Municipio",1,29,573,275,298
050,72,077,"Puerto Rico Commonwealth","Juncos Municipio",1,30,534,272,262
050,72,077,"Puerto Rico Commonwealth","Juncos Municipio",1,31,509,254,255
050,72,077,"Puerto Rico Commonwealth","Juncos Municipio",1,32,473,225,248
050,72,077,"Puerto Rico Commonwealth","Juncos Municipio",1,33,444,196,248
050,72,077,"Puerto Rico Commonwealth","Juncos Municipio",1,34,425,181,244
050,72,077,"Puerto Rico Commonwealth","Juncos Municipio",1,35,443,200,243
050,72,077,"Puerto Rico Commonwealth","Juncos Municipio",1,36,460,201,259
050,72,077,"Puerto Rico Commonwealth","Juncos Municipio",1,37,489,211,278
050,72,077,"Puerto Rico Commonwealth","Juncos Municipio",1,38,502,216,286
050,72,077,"Puerto Rico Commonwealth","Juncos Municipio",1,39,516,239,277
050,72,077,"Puerto Rico Commonwealth","Juncos Municipio",1,40,541,262,279
050,72,077,"Puerto Rico Commonwealth","Juncos Municipio",1,41,529,253,276
050,72,077,"Puerto Rico Commonwealth","Juncos Municipio",1,42,552,264,288
050,72,077,"Puerto Rico Commonwealth","Juncos Municipio",1,43,565,261,304
050,72,077,"Puerto Rico Commonwealth","Juncos Municipio",1,44,555,263,292
050,72,077,"Puerto Rico Commonwealth","Juncos Municipio",1,45,570,280,290
050,72,077,"Puerto Rico Commonwealth","Juncos Municipio",1,46,545,265,280
050,72,077,"Puerto Rico Commonwealth","Juncos Municipio",1,47,557,263,294
050,72,077,"Puerto Rico Commonwealth","Juncos Municipio",1,48,558,262,296
050,72,077,"Puerto Rico Commonwealth","Juncos Municipio",1,49,529,242,287
050,72,077,"Puerto Rico Commonwealth","Juncos Municipio",1,50,498,223,275
050,72,077,"Puerto Rico Commonwealth","Juncos Municipio",1,51,487,220,267
050,72,077,"Puerto Rico Commonwealth","Juncos Municipio",1,52,483,227,256
050,72,077,"Puerto Rico Commonwealth","Juncos Municipio",1,53,480,233,247
050,72,077,"Puerto Rico Commonwealth","Juncos Municipio",1,54,459,213,246
050,72,077,"Puerto Rico Commonwealth","Juncos Municipio",1,55,460,211,249
050,72,077,"Puerto Rico Commonwealth","Juncos Municipio",1,56,463,209,254
050,72,077,"Puerto Rico Commonwealth","Juncos Municipio",1,57,446,201,245
050,72,077,"Puerto Rico Commonwealth","Juncos Municipio",1,58,436,185,251
050,72,077,"Puerto Rico Commonwealth","Juncos Municipio",1,59,434,181,253
050,72,077,"Puerto Rico Commonwealth","Juncos Municipio",1,60,428,187,241
050,72,077,"Puerto Rico Commonwealth","Juncos Municipio",1,61,395,178,217
050,72,077,"Puerto Rico Commonwealth","Juncos Municipio",1,62,425,199,226
050,72,077,"Puerto Rico Commonwealth","Juncos Municipio",1,63,434,206,228
050,72,077,"Puerto Rico Commonwealth","Juncos Municipio",1,64,426,196,230
050,72,077,"Puerto Rico Commonwealth","Juncos Municipio",1,65,418,191,227
050,72,077,"Puerto Rico Commonwealth","Juncos Municipio",1,66,406,197,209
050,72,077,"Puerto Rico Commonwealth","Juncos Municipio",1,67,371,181,190
050,72,077,"Puerto Rico Commonwealth","Juncos Municipio",1,68,364,169,195
050,72,077,"Puerto Rico Commonwealth","Juncos Municipio",1,69,337,160,177
050,72,077,"Puerto Rico Commonwealth","Juncos Municipio",1,70,349,170,179
050,72,077,"Puerto Rico Commonwealth","Juncos Municipio",1,71,315,154,161
050,72,077,"Puerto Rico Commonwealth","Juncos Municipio",1,72,312,151,161
050,72,077,"Puerto Rico Commonwealth","Juncos Municipio",1,73,342,150,192
050,72,077,"Puerto Rico Commonwealth","Juncos Municipio",1,74,333,144,189
050,72,077,"Puerto Rico Commonwealth","Juncos Municipio",1,75,262,115,147
050,72,077,"Puerto Rico Commonwealth","Juncos Municipio",1,76,268,120,148
050,72,077,"Puerto Rico Commonwealth","Juncos Municipio",1,77,268,125,143
050,72,077,"Puerto Rico Commonwealth","Juncos Municipio",1,78,233,111,122
050,72,077,"Puerto Rico Commonwealth","Juncos Municipio",1,79,216,102,114
050,72,077,"Puerto Rico Commonwealth","Juncos Municipio",1,80,210,97,113
050,72,077,"Puerto Rico Commonwealth","Juncos Municipio",1,81,175,88,87
050,72,077,"Puerto Rico Commonwealth","Juncos Municipio",1,82,139,69,70
050,72,077,"Puerto Rico Commonwealth","Juncos Municipio",1,83,134,59,75
050,72,077,"Puerto Rico Commonwealth","Juncos Municipio",1,84,130,58,72
050,72,077,"Puerto Rico Commonwealth","Juncos Municipio",1,85,790,320,470
050,72,077,"Puerto Rico Commonwealth","Juncos Municipio",2,0,240,116,124
050,72,077,"Puerto Rico Commonwealth","Juncos Municipio",2,1,264,135,129
050,72,077,"Puerto Rico Commonwealth","Juncos Municipio",2,2,266,135,131
050,72,077,"Puerto Rico Commonwealth","Juncos Municipio",2,3,300,152,148
050,72,077,"Puerto Rico Commonwealth","Juncos Municipio",2,4,341,172,169
050,72,077,"Puerto Rico Commonwealth","Juncos Municipio",2,5,355,184,171
050,72,077,"Puerto Rico Commonwealth","Juncos Municipio",2,6,353,184,169
050,72,077,"Puerto Rico Commonwealth","Juncos Municipio",2,7,371,187,184
050,72,077,"Puerto Rico Commonwealth","Juncos Municipio",2,8,386,199,187
050,72,077,"Puerto Rico Commonwealth","Juncos Municipio",2,9,396,202,194
050,72,077,"Puerto Rico Commonwealth","Juncos Municipio",2,10,440,221,219
050,72,077,"Puerto Rico Commonwealth","Juncos Municipio",2,11,448,227,221
050,72,077,"Puerto Rico Commonwealth","Juncos Municipio",2,12,474,244,230
050,72,077,"Puerto Rico Commonwealth","Juncos Municipio",2,13,478,241,237
050,72,077,"Puerto Rico Commonwealth","Juncos Municipio",2,14,475,235,240
050,72,077,"Puerto Rico Commonwealth","Juncos Municipio",2,15,487,242,245
050,72,077,"Puerto Rico Commonwealth","Juncos Municipio",2,16,499,246,253
050,72,077,"Puerto Rico Commonwealth","Juncos Municipio",2,17,500,243,257
050,72,077,"Puerto Rico Commonwealth","Juncos Municipio",2,18,487,239,248
050,72,077,"Puerto Rico Commonwealth","Juncos Municipio",2,19,487,245,242
050,72,077,"Puerto Rico Commonwealth","Juncos Municipio",2,20,504,263,241
050,72,077,"Puerto Rico Commonwealth","Juncos Municipio",2,21,512,262,250
050,72,077,"Puerto Rico Commonwealth","Juncos Municipio",2,22,530,252,278
050,72,077,"Puerto Rico Commonwealth","Juncos Municipio",2,23,532,247,285
050,72,077,"Puerto Rico Commonwealth","Juncos Municipio",2,24,544,265,279
050,72,077,"Puerto Rico Commonwealth","Juncos Municipio",2,25,562,278,284
050,72,077,"Puerto Rico Commonwealth","Juncos Municipio",2,26,579,271,308
050,72,077,"Puerto Rico Commonwealth","Juncos Municipio",2,27,579,276,303
050,72,077,"Puerto Rico Commonwealth","Juncos Municipio",2,28,562,270,292
050,72,077,"Puerto Rico Commonwealth","Juncos Municipio",2,29,570,273,297
050,72,077,"Puerto Rico Commonwealth","Juncos Municipio",2,30,545,273,272
050,72,077,"Puerto Rico Commonwealth","Juncos Municipio",2,31,515,259,256
050,72,077,"Puerto Rico Commonwealth","Juncos Municipio",2,32,482,232,250
050,72,077,"Puerto Rico Commonwealth","Juncos Municipio",2,33,451,203,248
050,72,077,"Puerto Rico Commonwealth","Juncos Municipio",2,34,430,185,245
050,72,077,"Puerto Rico Commonwealth","Juncos Municipio",2,35,436,193,243
050,72,077,"Puerto Rico Commonwealth","Juncos Municipio",2,36,456,201,255
050,72,077,"Puerto Rico Commonwealth","Juncos Municipio",2,37,482,208,274
050,72,077,"Puerto Rico Commonwealth","Juncos Municipio",2,38,498,215,283
050,72,077,"Puerto Rico Commonwealth","Juncos Municipio",2,39,512,233,279
050,72,077,"Puerto Rico Commonwealth","Juncos Municipio",2,40,535,257,278
050,72,077,"Puerto Rico Commonwealth","Juncos Municipio",2,41,532,255,277
050,72,077,"Puerto Rico Commonwealth","Juncos Municipio",2,42,546,261,285
050,72,077,"Puerto Rico Commonwealth","Juncos Municipio",2,43,562,262,300
050,72,077,"Puerto Rico Commonwealth","Juncos Municipio",2,44,556,261,295
050,72,077,"Puerto Rico Commonwealth","Juncos Municipio",2,45,567,276,291
050,72,077,"Puerto Rico Commonwealth","Juncos Municipio",2,46,551,269,282
050,72,077,"Puerto Rico Commonwealth","Juncos Municipio",2,47,554,263,291
050,72,077,"Puerto Rico Commonwealth","Juncos Municipio",2,48,558,263,295
050,72,077,"Puerto Rico Commonwealth","Juncos Municipio",2,49,536,247,289
050,72,077,"Puerto Rico Commonwealth","Juncos Municipio",2,50,505,227,278
050,72,077,"Puerto Rico Commonwealth","Juncos Municipio",2,51,490,221,269
050,72,077,"Puerto Rico Commonwealth","Juncos Municipio",2,52,483,225,258
050,72,077,"Puerto Rico Commonwealth","Juncos Municipio",2,53,481,232,249
050,72,077,"Puerto Rico Commonwealth","Juncos Municipio",2,54,465,218,247
050,72,077,"Puerto Rico Commonwealth","Juncos Municipio",2,55,459,211,248
050,72,077,"Puerto Rico Commonwealth","Juncos Municipio",2,56,462,210,252
050,72,077,"Puerto Rico Commonwealth","Juncos Municipio",2,57,450,203,247
050,72,077,"Puerto Rico Commonwealth","Juncos Municipio",2,58,438,189,249
050,72,077,"Puerto Rico Commonwealth","Juncos Municipio",2,59,434,182,252
050,72,077,"Puerto Rico Commonwealth","Juncos Municipio",2,60,429,185,244
050,72,077,"Puerto Rico Commonwealth","Juncos Municipio",2,61,404,181,223
050,72,077,"Puerto Rico Commonwealth","Juncos Municipio",2,62,417,193,224
050,72,077,"Puerto Rico Commonwealth","Juncos Municipio",2,63,431,204,227
050,72,077,"Puerto Rico Commonwealth","Juncos Municipio",2,64,427,198,229
050,72,077,"Puerto Rico Commonwealth","Juncos Municipio",2,65,417,191,226
050,72,077,"Puerto Rico Commonwealth","Juncos Municipio",2,66,408,196,212
050,72,077,"Puerto Rico Commonwealth","Juncos Municipio",2,67,378,185,193
050,72,077,"Puerto Rico Commonwealth","Juncos Municipio",2,68,362,172,190
050,72,077,"Puerto Rico Commonwealth","Juncos Municipio",2,69,341,161,180
050,72,077,"Puerto Rico Commonwealth","Juncos Municipio",2,70,342,167,175
050,72,077,"Puerto Rico Commonwealth","Juncos Municipio",2,71,323,157,166
050,72,077,"Puerto Rico Commonwealth","Juncos Municipio",2,72,312,151,161
050,72,077,"Puerto Rico Commonwealth","Juncos Municipio",2,73,331,148,183
050,72,077,"Puerto Rico Commonwealth","Juncos Municipio",2,74,333,144,189
050,72,077,"Puerto Rico Commonwealth","Juncos Municipio",2,75,279,122,157
050,72,077,"Puerto Rico Commonwealth","Juncos Municipio",2,76,266,119,147
050,72,077,"Puerto Rico Commonwealth","Juncos Municipio",2,77,266,122,144
050,72,077,"Puerto Rico Commonwealth","Juncos Municipio",2,78,241,113,128
050,72,077,"Puerto Rico Commonwealth","Juncos Municipio",2,79,220,105,115
050,72,077,"Puerto Rico Commonwealth","Juncos Municipio",2,80,209,97,112
050,72,077,"Puerto Rico Commonwealth","Juncos Municipio",2,81,181,89,92
050,72,077,"Puerto Rico Commonwealth","Juncos Municipio",2,82,146,74,72
050,72,077,"Puerto Rico Commonwealth","Juncos Municipio",2,83,131,58,73
050,72,077,"Puerto Rico Commonwealth","Juncos Municipio",2,84,131,58,73
050,72,077,"Puerto Rico Commonwealth","Juncos Municipio",2,85,813,330,483
050,72,077,"Puerto Rico Commonwealth","Juncos Municipio",3,0,226,123,103
050,72,077,"Puerto Rico Commonwealth","Juncos Municipio",3,1,240,114,126
050,72,077,"Puerto Rico Commonwealth","Juncos Municipio",3,2,265,135,130
050,72,077,"Puerto Rico Commonwealth","Juncos Municipio",3,3,267,135,132
050,72,077,"Puerto Rico Commonwealth","Juncos Municipio",3,4,301,152,149
050,72,077,"Puerto Rico Commonwealth","Juncos Municipio",3,5,344,174,170
050,72,077,"Puerto Rico Commonwealth","Juncos Municipio",3,6,355,183,172
050,72,077,"Puerto Rico Commonwealth","Juncos Municipio",3,7,353,184,169
050,72,077,"Puerto Rico Commonwealth","Juncos Municipio",3,8,372,187,185
050,72,077,"Puerto Rico Commonwealth","Juncos Municipio",3,9,385,199,186
050,72,077,"Puerto Rico Commonwealth","Juncos Municipio",3,10,397,202,195
050,72,077,"Puerto Rico Commonwealth","Juncos Municipio",3,11,437,220,217
050,72,077,"Puerto Rico Commonwealth","Juncos Municipio",3,12,445,226,219
050,72,077,"Puerto Rico Commonwealth","Juncos Municipio",3,13,473,243,230
050,72,077,"Puerto Rico Commonwealth","Juncos Municipio",3,14,477,240,237
050,72,077,"Puerto Rico Commonwealth","Juncos Municipio",3,15,473,233,240
050,72,077,"Puerto Rico Commonwealth","Juncos Municipio",3,16,486,240,246
050,72,077,"Puerto Rico Commonwealth","Juncos Municipio",3,17,500,246,254
050,72,077,"Puerto Rico Commonwealth","Juncos Municipio",3,18,496,241,255
050,72,077,"Puerto Rico Commonwealth","Juncos Municipio",3,19,486,238,248
050,72,077,"Puerto Rico Commonwealth","Juncos Municipio",3,20,490,246,244
050,72,077,"Puerto Rico Commonwealth","Juncos Municipio",3,21,508,264,244
050,72,077,"Puerto Rico Commonwealth","Juncos Municipio",3,22,519,264,255
050,72,077,"Puerto Rico Commonwealth","Juncos Municipio",3,23,541,255,286
050,72,077,"Puerto Rico Commonwealth","Juncos Municipio",3,24,540,249,291
050,72,077,"Puerto Rico Commonwealth","Juncos Municipio",3,25,553,268,285
050,72,077,"Puerto Rico Commonwealth","Juncos Municipio",3,26,575,283,292
050,72,077,"Puerto Rico Commonwealth","Juncos Municipio",3,27,585,274,311
050,72,077,"Puerto Rico Commonwealth","Juncos Municipio",3,28,590,282,308
050,72,077,"Puerto Rico Commonwealth","Juncos Municipio",3,29,568,271,297
050,72,077,"Puerto Rico Commonwealth","Juncos Municipio",3,30,580,280,300
050,72,077,"Puerto Rico Commonwealth","Juncos Municipio",3,31,550,276,274
050,72,077,"Puerto Rico Commonwealth","Juncos Municipio",3,32,522,262,260
050,72,077,"Puerto Rico Commonwealth","Juncos Municipio",3,33,486,236,250
050,72,077,"Puerto Rico Commonwealth","Juncos Municipio",3,34,451,202,249
050,72,077,"Puerto Rico Commonwealth","Juncos Municipio",3,35,435,191,244
050,72,077,"Puerto Rico Commonwealth","Juncos Municipio",3,36,432,188,244
050,72,077,"Puerto Rico Commonwealth","Juncos Municipio",3,37,456,202,254
050,72,077,"Puerto Rico Commonwealth","Juncos Municipio",3,38,481,208,273
050,72,077,"Puerto Rico Commonwealth","Juncos Municipio",3,39,501,218,283
050,72,077,"Puerto Rico Commonwealth","Juncos Municipio",3,40,513,234,279
050,72,077,"Puerto Rico Commonwealth","Juncos Municipio",3,41,530,254,276
050,72,077,"Puerto Rico Commonwealth","Juncos Municipio",3,42,533,256,277
050,72,077,"Puerto Rico Commonwealth","Juncos Municipio",3,43,545,260,285
050,72,077,"Puerto Rico Commonwealth","Juncos Municipio",3,44,563,263,300
050,72,077,"Puerto Rico Commonwealth","Juncos Municipio",3,45,553,258,295
050,72,077,"Puerto Rico Commonwealth","Juncos Municipio",3,46,567,276,291
050,72,077,"Puerto Rico Commonwealth","Juncos Municipio",3,47,550,268,282
050,72,077,"Puerto Rico Commonwealth","Juncos Municipio",3,48,550,260,290
050,72,077,"Puerto Rico Commonwealth","Juncos Municipio",3,49,555,264,291
050,72,077,"Puerto Rico Commonwealth","Juncos Municipio",3,50,534,246,288
050,72,077,"Puerto Rico Commonwealth","Juncos Municipio",3,51,499,223,276
050,72,077,"Puerto Rico Commonwealth","Juncos Municipio",3,52,487,220,267
050,72,077,"Puerto Rico Commonwealth","Juncos Municipio",3,53,479,223,256
050,72,077,"Puerto Rico Commonwealth","Juncos Municipio",3,54,478,230,248
050,72,077,"Puerto Rico Commonwealth","Juncos Municipio",3,55,459,214,245
050,72,077,"Puerto Rico Commonwealth","Juncos Municipio",3,56,452,208,244
050,72,077,"Puerto Rico Commonwealth","Juncos Municipio",3,57,461,210,251
050,72,077,"Puerto Rico Commonwealth","Juncos Municipio",3,58,445,200,245
050,72,077,"Puerto Rico Commonwealth","Juncos Municipio",3,59,432,185,247
050,72,077,"Puerto Rico Commonwealth","Juncos Municipio",3,60,425,179,246
050,72,077,"Puerto Rico Commonwealth","Juncos Municipio",3,61,423,182,241
050,72,077,"Puerto Rico Commonwealth","Juncos Municipio",3,62,395,177,218
050,72,077,"Puerto Rico Commonwealth","Juncos Municipio",3,63,409,190,219
050,72,077,"Puerto Rico Commonwealth","Juncos Municipio",3,64,427,203,224
050,72,077,"Puerto Rico Commonwealth","Juncos Municipio",3,65,416,194,222
050,72,077,"Puerto Rico Commonwealth","Juncos Municipio",3,66,408,186,222
050,72,077,"Puerto Rico Commonwealth","Juncos Municipio",3,67,401,194,207
050,72,077,"Puerto Rico Commonwealth","Juncos Municipio",3,68,374,183,191
050,72,077,"Puerto Rico Commonwealth","Juncos Municipio",3,69,349,164,185
050,72,077,"Puerto Rico Commonwealth","Juncos Municipio",3,70,329,154,175
050,72,077,"Puerto Rico Commonwealth","Juncos Municipio",3,71,329,158,171
050,72,077,"Puerto Rico Commonwealth","Juncos Municipio",3,72,319,153,166
050,72,077,"Puerto Rico Commonwealth","Juncos Municipio",3,73,303,148,155
050,72,077,"Puerto Rico Commonwealth","Juncos Municipio",3,74,320,144,176
050,72,077,"Puerto Rico Commonwealth","Juncos Municipio",3,75,322,140,182
050,72,077,"Puerto Rico Commonwealth","Juncos Municipio",3,76,268,113,155
050,72,077,"Puerto Rico Commonwealth","Juncos Municipio",3,77,262,115,147
050,72,077,"Puerto Rico Commonwealth","Juncos Municipio",3,78,257,118,139
050,72,077,"Puerto Rico Commonwealth","Juncos Municipio",3,79,226,104,122
050,72,077,"Puerto Rico Commonwealth","Juncos Municipio",3,80,215,103,112
050,72,077,"Puerto Rico Commonwealth","Juncos Municipio",3,81,199,91,108
050,72,077,"Puerto Rico Commonwealth","Juncos Municipio",3,82,169,82,87
050,72,077,"Puerto Rico Commonwealth","Juncos Municipio",3,83,138,70,68
050,72,077,"Puerto Rico Commonwealth","Juncos Municipio",3,84,125,56,69
050,72,077,"Puerto Rico Commonwealth","Juncos Municipio",3,85,859,341,518
050,72,077,"Puerto Rico Commonwealth","Juncos Municipio",4,0,251,111,140
050,72,077,"Puerto Rico Commonwealth","Juncos Municipio",4,1,223,121,102
050,72,077,"Puerto Rico Commonwealth","Juncos Municipio",4,2,237,112,125
050,72,077,"Puerto Rico Commonwealth","Juncos Municipio",4,3,262,133,129
050,72,077,"Puerto Rico Commonwealth","Juncos Municipio",4,4,264,133,131
050,72,077,"Puerto Rico Commonwealth","Juncos Municipio",4,5,298,151,147
050,72,077,"Puerto Rico Commonwealth","Juncos Municipio",4,6,340,171,169
050,72,077,"Puerto Rico Commonwealth","Juncos Municipio",4,7,351,181,170
050,72,077,"Puerto Rico Commonwealth","Juncos Municipio",4,8,350,182,168
050,72,077,"Puerto Rico Commonwealth","Juncos Municipio",4,9,367,185,182
050,72,077,"Puerto Rico Commonwealth","Juncos Municipio",4,10,383,196,187
050,72,077,"Puerto Rico Commonwealth","Juncos Municipio",4,11,389,198,191
050,72,077,"Puerto Rico Commonwealth","Juncos Municipio",4,12,429,216,213
050,72,077,"Puerto Rico Commonwealth","Juncos Municipio",4,13,439,222,217
050,72,077,"Puerto Rico Commonwealth","Juncos Municipio",4,14,467,239,228
050,72,077,"Puerto Rico Commonwealth","Juncos Municipio",4,15,470,235,235
050,72,077,"Puerto Rico Commonwealth","Juncos Municipio",4,16,467,228,239
050,72,077,"Puerto Rico Commonwealth","Juncos Municipio",4,17,481,236,245
050,72,077,"Puerto Rico Commonwealth","Juncos Municipio",4,18,488,240,248
050,72,077,"Puerto Rico Commonwealth","Juncos Municipio",4,19,488,236,252
050,72,077,"Puerto Rico Commonwealth","Juncos Municipio",4,20,484,237,247
050,72,077,"Puerto Rico Commonwealth","Juncos Municipio",4,21,489,245,244
050,72,077,"Puerto Rico Commonwealth","Juncos Municipio",4,22,509,263,246
050,72,077,"Puerto Rico Commonwealth","Juncos Municipio",4,23,520,261,259
050,72,077,"Puerto Rico Commonwealth","Juncos Municipio",4,24,547,258,289
050,72,077,"Puerto Rico Commonwealth","Juncos Municipio",4,25,542,248,294
050,72,077,"Puerto Rico Commonwealth","Juncos Municipio",4,26,561,270,291
050,72,077,"Puerto Rico Commonwealth","Juncos Municipio",4,27,575,283,292
050,72,077,"Puerto Rico Commonwealth","Juncos Municipio",4,28,588,276,312
050,72,077,"Puerto Rico Commonwealth","Juncos Municipio",4,29,587,277,310
050,72,077,"Puerto Rico Commonwealth","Juncos Municipio",4,30,570,274,296
050,72,077,"Puerto Rico Commonwealth","Juncos Municipio",4,31,578,278,300
050,72,077,"Puerto Rico Commonwealth","Juncos Municipio",4,32,549,273,276
050,72,077,"Puerto Rico Commonwealth","Juncos Municipio",4,33,519,261,258
050,72,077,"Puerto Rico Commonwealth","Juncos Municipio",4,34,478,229,249
050,72,077,"Puerto Rico Commonwealth","Juncos Municipio",4,35,449,204,245
050,72,077,"Puerto Rico Commonwealth","Juncos Municipio",4,36,424,181,243
050,72,077,"Puerto Rico Commonwealth","Juncos Municipio",4,37,426,187,239
050,72,077,"Puerto Rico Commonwealth","Juncos Municipio",4,38,451,200,251
050,72,077,"Puerto Rico Commonwealth","Juncos Municipio",4,39,478,208,270
050,72,077,"Puerto Rico Commonwealth","Juncos Municipio",4,40,494,214,280
050,72,077,"Puerto Rico Commonwealth","Juncos Municipio",4,41,505,228,277
050,72,077,"Puerto Rico Commonwealth","Juncos Municipio",4,42,526,253,273
050,72,077,"Puerto Rico Commonwealth","Juncos Municipio",4,43,527,252,275
050,72,077,"Puerto Rico Commonwealth","Juncos Municipio",4,44,539,259,280
050,72,077,"Puerto Rico Commonwealth","Juncos Municipio",4,45,557,259,298
050,72,077,"Puerto Rico Commonwealth","Juncos Municipio",4,46,548,256,292
050,72,077,"Puerto Rico Commonwealth","Juncos Municipio",4,47,560,272,288
050,72,077,"Puerto Rico Commonwealth","Juncos Municipio",4,48,543,263,280
050,72,077,"Puerto Rico Commonwealth","Juncos Municipio",4,49,544,258,286
050,72,077,"Puerto Rico Commonwealth","Juncos Municipio",4,50,550,262,288
050,72,077,"Puerto Rico Commonwealth","Juncos Municipio",4,51,529,243,286
050,72,077,"Puerto Rico Commonwealth","Juncos Municipio",4,52,493,219,274
050,72,077,"Puerto Rico Commonwealth","Juncos Municipio",4,53,479,214,265
050,72,077,"Puerto Rico Commonwealth","Juncos Municipio",4,54,474,221,253
050,72,077,"Puerto Rico Commonwealth","Juncos Municipio",4,55,467,222,245
050,72,077,"Puerto Rico Commonwealth","Juncos Municipio",4,56,453,211,242
050,72,077,"Puerto Rico Commonwealth","Juncos Municipio",4,57,446,205,241
050,72,077,"Puerto Rico Commonwealth","Juncos Municipio",4,58,454,207,247
050,72,077,"Puerto Rico Commonwealth","Juncos Municipio",4,59,444,199,245
050,72,077,"Puerto Rico Commonwealth","Juncos Municipio",4,60,422,181,241
050,72,077,"Puerto Rico Commonwealth","Juncos Municipio",4,61,420,175,245
050,72,077,"Puerto Rico Commonwealth","Juncos Municipio",4,62,415,178,237
050,72,077,"Puerto Rico Commonwealth","Juncos Municipio",4,63,383,173,210
050,72,077,"Puerto Rico Commonwealth","Juncos Municipio",4,64,403,189,214
050,72,077,"Puerto Rico Commonwealth","Juncos Municipio",4,65,417,198,219
050,72,077,"Puerto Rico Commonwealth","Juncos Municipio",4,66,408,189,219
050,72,077,"Puerto Rico Commonwealth","Juncos Municipio",4,67,398,182,216
050,72,077,"Puerto Rico Commonwealth","Juncos Municipio",4,68,393,190,203
050,72,077,"Puerto Rico Commonwealth","Juncos Municipio",4,69,362,178,184
050,72,077,"Puerto Rico Commonwealth","Juncos Municipio",4,70,339,159,180
050,72,077,"Puerto Rico Commonwealth","Juncos Municipio",4,71,316,146,170
050,72,077,"Puerto Rico Commonwealth","Juncos Municipio",4,72,323,155,168
050,72,077,"Puerto Rico Commonwealth","Juncos Municipio",4,73,309,147,162
050,72,077,"Puerto Rico Commonwealth","Juncos Municipio",4,74,291,141,150
050,72,077,"Puerto Rico Commonwealth","Juncos Municipio",4,75,310,140,170
050,72,077,"Puerto Rico Commonwealth","Juncos Municipio",4,76,310,135,175
050,72,077,"Puerto Rico Commonwealth","Juncos Municipio",4,77,256,105,151
050,72,077,"Puerto Rico Commonwealth","Juncos Municipio",4,78,246,111,135
050,72,077,"Puerto Rico Commonwealth","Juncos Municipio",4,79,244,112,132
050,72,077,"Puerto Rico Commonwealth","Juncos Municipio",4,80,221,101,120
050,72,077,"Puerto Rico Commonwealth","Juncos Municipio",4,81,202,94,108
050,72,077,"Puerto Rico Commonwealth","Juncos Municipio",4,82,190,86,104
050,72,077,"Puerto Rico Commonwealth","Juncos Municipio",4,83,148,73,75
050,72,077,"Puerto Rico Commonwealth","Juncos Municipio",4,84,125,66,59
050,72,077,"Puerto Rico Commonwealth","Juncos Municipio",4,85,894,357,537
050,72,077,"Puerto Rico Commonwealth","Juncos Municipio",5,0,239,123,116
050,72,077,"Puerto Rico Commonwealth","Juncos Municipio",5,1,253,111,142
050,72,077,"Puerto Rico Commonwealth","Juncos Municipio",5,2,224,121,103
050,72,077,"Puerto Rico Commonwealth","Juncos Municipio",5,3,238,112,126
050,72,077,"Puerto Rico Commonwealth","Juncos Municipio",5,4,264,134,130
050,72,077,"Puerto Rico Commonwealth","Juncos Municipio",5,5,267,135,132
050,72,077,"Puerto Rico Commonwealth","Juncos Municipio",5,6,298,150,148
050,72,077,"Puerto Rico Commonwealth","Juncos Municipio",5,7,342,172,170
050,72,077,"Puerto Rico Commonwealth","Juncos Municipio",5,8,354,182,172
050,72,077,"Puerto Rico Commonwealth","Juncos Municipio",5,9,350,183,167
050,72,077,"Puerto Rico Commonwealth","Juncos Municipio",5,10,370,185,185
050,72,077,"Puerto Rico Commonwealth","Juncos Municipio",5,11,381,196,185
050,72,077,"Puerto Rico Commonwealth","Juncos Municipio",5,12,388,198,190
050,72,077,"Puerto Rico Commonwealth","Juncos Municipio",5,13,429,216,213
050,72,077,"Puerto Rico Commonwealth","Juncos Municipio",5,14,439,222,217
050,72,077,"Puerto Rico Commonwealth","Juncos Municipio",5,15,467,238,229
050,72,077,"Puerto Rico Commonwealth","Juncos Municipio",5,16,472,235,237
050,72,077,"Puerto Rico Commonwealth","Juncos Municipio",5,17,470,228,242
050,72,077,"Puerto Rico Commonwealth","Juncos Municipio",5,18,476,234,242
050,72,077,"Puerto Rico Commonwealth","Juncos Municipio",5,19,488,239,249
050,72,077,"Puerto Rico Commonwealth","Juncos Municipio",5,20,492,239,253
050,72,077,"Puerto Rico Commonwealth","Juncos Municipio",5,21,490,239,251
050,72,077,"Puerto Rico Commonwealth","Juncos Municipio",5,22,496,247,249
050,72,077,"Puerto Rico Commonwealth","Juncos Municipio",5,23,520,266,254
050,72,077,"Puerto Rico Commonwealth","Juncos Municipio",5,24,532,267,265
050,72,077,"Puerto Rico Commonwealth","Juncos Municipio",5,25,557,261,296
050,72,077,"Puerto Rico Commonwealth","Juncos Municipio",5,26,558,254,304
050,72,077,"Puerto Rico Commonwealth","Juncos Municipio",5,27,567,273,294
050,72,077,"Puerto Rico Commonwealth","Juncos Municipio",5,28,587,290,297
050,72,077,"Puerto Rico Commonwealth","Juncos Municipio",5,29,595,278,317
050,72,077,"Puerto Rico Commonwealth","Juncos Municipio",5,30,596,283,313
050,72,077,"Puerto Rico Commonwealth","Juncos Municipio",5,31,574,275,299
050,72,077,"Puerto Rico Commonwealth","Juncos Municipio",5,32,587,281,306
050,72,077,"Puerto Rico Commonwealth","Juncos Municipio",5,33,552,276,276
050,72,077,"Puerto Rico Commonwealth","Juncos Municipio",5,34,519,260,259
050,72,077,"Puerto Rico Commonwealth","Juncos Municipio",5,35,486,238,248
050,72,077,"Puerto Rico Commonwealth","Juncos Municipio",5,36,444,197,247
050,72,077,"Puerto Rico Commonwealth","Juncos Municipio",5,37,425,182,243
050,72,077,"Puerto Rico Commonwealth","Juncos Municipio",5,38,428,189,239
050,72,077,"Puerto Rico Commonwealth","Juncos Municipio",5,39,453,202,251
050,72,077,"Puerto Rico Commonwealth","Juncos Municipio",5,40,478,208,270
050,72,077,"Puerto Rico Commonwealth","Juncos Municipio",5,41,490,209,281
050,72,077,"Puerto Rico Commonwealth","Juncos Municipio",5,42,508,231,277
050,72,077,"Puerto Rico Commonwealth","Juncos Municipio",5,43,525,252,273
050,72,077,"Puerto Rico Commonwealth","Juncos Municipio",5,44,529,254,275
050,72,077,"Puerto Rico Commonwealth","Juncos Municipio",5,45,535,255,280
050,72,077,"Puerto Rico Commonwealth","Juncos Municipio",5,46,557,260,297
050,72,077,"Puerto Rico Commonwealth","Juncos Municipio",5,47,546,254,292
050,72,077,"Puerto Rico Commonwealth","Juncos Municipio",5,48,559,271,288
050,72,077,"Puerto Rico Commonwealth","Juncos Municipio",5,49,540,260,280
050,72,077,"Puerto Rico Commonwealth","Juncos Municipio",5,50,540,254,286
050,72,077,"Puerto Rico Commonwealth","Juncos Municipio",5,51,547,260,287
050,72,077,"Puerto Rico Commonwealth","Juncos Municipio",5,52,528,243,285
050,72,077,"Puerto Rico Commonwealth","Juncos Municipio",5,53,489,217,272
050,72,077,"Puerto Rico Commonwealth","Juncos Municipio",5,54,478,214,264
050,72,077,"Puerto Rico Commonwealth","Juncos Municipio",5,55,470,218,252
050,72,077,"Puerto Rico Commonwealth","Juncos Municipio",5,56,462,219,243
050,72,077,"Puerto Rico Commonwealth","Juncos Municipio",5,57,452,210,242
050,72,077,"Puerto Rico Commonwealth","Juncos Municipio",5,58,442,202,240
050,72,077,"Puerto Rico Commonwealth","Juncos Municipio",5,59,455,207,248
050,72,077,"Puerto Rico Commonwealth","Juncos Municipio",5,60,438,197,241
050,72,077,"Puerto Rico Commonwealth","Juncos Municipio",5,61,419,180,239
050,72,077,"Puerto Rico Commonwealth","Juncos Municipio",5,62,415,172,243
050,72,077,"Puerto Rico Commonwealth","Juncos Municipio",5,63,405,173,232
050,72,077,"Puerto Rico Commonwealth","Juncos Municipio",5,64,379,172,207
050,72,077,"Puerto Rico Commonwealth","Juncos Municipio",5,65,394,184,210
050,72,077,"Puerto Rico Commonwealth","Juncos Municipio",5,66,409,196,213
050,72,077,"Puerto Rico Commonwealth","Juncos Municipio",5,67,398,184,214
050,72,077,"Puerto Rico Commonwealth","Juncos Municipio",5,68,391,179,212
050,72,077,"Puerto Rico Commonwealth","Juncos Municipio",5,69,383,184,199
050,72,077,"Puerto Rico Commonwealth","Juncos Municipio",5,70,355,177,178
050,72,077,"Puerto Rico Commonwealth","Juncos Municipio",5,71,328,155,173
050,72,077,"Puerto Rico Commonwealth","Juncos Municipio",5,72,309,143,166
050,72,077,"Puerto Rico Commonwealth","Juncos Municipio",5,73,311,147,164
050,72,077,"Puerto Rico Commonwealth","Juncos Municipio",5,74,301,143,158
050,72,077,"Puerto Rico Commonwealth","Juncos Municipio",5,75,281,136,145
050,72,077,"Puerto Rico Commonwealth","Juncos Municipio",5,76,302,136,166
050,72,077,"Puerto Rico Commonwealth","Juncos Municipio",5,77,298,128,170
050,72,077,"Puerto Rico Commonwealth","Juncos Municipio",5,78,242,99,143
050,72,077,"Puerto Rico Commonwealth","Juncos Municipio",5,79,237,106,131
050,72,077,"Puerto Rico Commonwealth","Juncos Municipio",5,80,241,112,129
050,72,077,"Puerto Rico Commonwealth","Juncos Municipio",5,81,215,96,119
050,72,077,"Puerto Rico Commonwealth","Juncos Municipio",5,82,188,87,101
050,72,077,"Puerto Rico Commonwealth","Juncos Municipio",5,83,179,82,97
050,72,077,"Puerto Rico Commonwealth","Juncos Municipio",5,84,141,71,70
050,72,077,"Puerto Rico Commonwealth","Juncos Municipio",5,85,928,386,542
050,72,079,"Puerto Rico Commonwealth","Lajas Municipio",1,0,134,69,65
050,72,079,"Puerto Rico Commonwealth","Lajas Municipio",1,1,152,76,76
050,72,079,"Puerto Rico Commonwealth","Lajas Municipio",1,2,152,82,70
050,72,079,"Puerto Rico Commonwealth","Lajas Municipio",1,3,162,88,74
050,72,079,"Puerto Rico Commonwealth","Lajas Municipio",1,4,171,92,79
050,72,079,"Puerto Rico Commonwealth","Lajas Municipio",1,5,167,89,78
050,72,079,"Puerto Rico Commonwealth","Lajas Municipio",1,6,196,106,90
050,72,079,"Puerto Rico Commonwealth","Lajas Municipio",1,7,198,101,97
050,72,079,"Puerto Rico Commonwealth","Lajas Municipio",1,8,229,118,111
050,72,079,"Puerto Rico Commonwealth","Lajas Municipio",1,9,219,107,112
050,72,079,"Puerto Rico Commonwealth","Lajas Municipio",1,10,243,130,113
050,72,079,"Puerto Rico Commonwealth","Lajas Municipio",1,11,248,126,122
050,72,079,"Puerto Rico Commonwealth","Lajas Municipio",1,12,253,130,123
050,72,079,"Puerto Rico Commonwealth","Lajas Municipio",1,13,259,141,118
050,72,079,"Puerto Rico Commonwealth","Lajas Municipio",1,14,261,135,126
050,72,079,"Puerto Rico Commonwealth","Lajas Municipio",1,15,239,109,130
050,72,079,"Puerto Rico Commonwealth","Lajas Municipio",1,16,248,124,124
050,72,079,"Puerto Rico Commonwealth","Lajas Municipio",1,17,255,132,123
050,72,079,"Puerto Rico Commonwealth","Lajas Municipio",1,18,248,127,121
050,72,079,"Puerto Rico Commonwealth","Lajas Municipio",1,19,286,153,133
050,72,079,"Puerto Rico Commonwealth","Lajas Municipio",1,20,302,163,139
050,72,079,"Puerto Rico Commonwealth","Lajas Municipio",1,21,309,164,145
050,72,079,"Puerto Rico Commonwealth","Lajas Municipio",1,22,309,169,140
050,72,079,"Puerto Rico Commonwealth","Lajas Municipio",1,23,275,137,138
050,72,079,"Puerto Rico Commonwealth","Lajas Municipio",1,24,265,134,131
050,72,079,"Puerto Rico Commonwealth","Lajas Municipio",1,25,306,168,138
050,72,079,"Puerto Rico Commonwealth","Lajas Municipio",1,26,328,188,140
050,72,079,"Puerto Rico Commonwealth","Lajas Municipio",1,27,325,178,147
050,72,079,"Puerto Rico Commonwealth","Lajas Municipio",1,28,308,159,149
050,72,079,"Puerto Rico Commonwealth","Lajas Municipio",1,29,291,150,141
050,72,079,"Puerto Rico Commonwealth","Lajas Municipio",1,30,279,149,130
050,72,079,"Puerto Rico Commonwealth","Lajas Municipio",1,31,253,127,126
050,72,079,"Puerto Rico Commonwealth","Lajas Municipio",1,32,255,133,122
050,72,079,"Puerto Rico Commonwealth","Lajas Municipio",1,33,227,125,102
050,72,079,"Puerto Rico Commonwealth","Lajas Municipio",1,34,222,113,109
050,72,079,"Puerto Rico Commonwealth","Lajas Municipio",1,35,222,107,115
050,72,079,"Puerto Rico Commonwealth","Lajas Municipio",1,36,222,111,111
050,72,079,"Puerto Rico Commonwealth","Lajas Municipio",1,37,239,126,113
050,72,079,"Puerto Rico Commonwealth","Lajas Municipio",1,38,233,116,117
050,72,079,"Puerto Rico Commonwealth","Lajas Municipio",1,39,244,112,132
050,72,079,"Puerto Rico Commonwealth","Lajas Municipio",1,40,241,108,133
050,72,079,"Puerto Rico Commonwealth","Lajas Municipio",1,41,261,122,139
050,72,079,"Puerto Rico Commonwealth","Lajas Municipio",1,42,271,137,134
050,72,079,"Puerto Rico Commonwealth","Lajas Municipio",1,43,273,135,138
050,72,079,"Puerto Rico Commonwealth","Lajas Municipio",1,44,284,142,142
050,72,079,"Puerto Rico Commonwealth","Lajas Municipio",1,45,269,133,136
050,72,079,"Puerto Rico Commonwealth","Lajas Municipio",1,46,302,149,153
050,72,079,"Puerto Rico Commonwealth","Lajas Municipio",1,47,321,162,159
050,72,079,"Puerto Rico Commonwealth","Lajas Municipio",1,48,311,157,154
050,72,079,"Puerto Rico Commonwealth","Lajas Municipio",1,49,296,142,154
050,72,079,"Puerto Rico Commonwealth","Lajas Municipio",1,50,305,137,168
050,72,079,"Puerto Rico Commonwealth","Lajas Municipio",1,51,315,141,174
050,72,079,"Puerto Rico Commonwealth","Lajas Municipio",1,52,311,142,169
050,72,079,"Puerto Rico Commonwealth","Lajas Municipio",1,53,338,161,177
050,72,079,"Puerto Rico Commonwealth","Lajas Municipio",1,54,324,154,170
050,72,079,"Puerto Rico Commonwealth","Lajas Municipio",1,55,298,144,154
050,72,079,"Puerto Rico Commonwealth","Lajas Municipio",1,56,293,145,148
050,72,079,"Puerto Rico Commonwealth","Lajas Municipio",1,57,314,155,159
050,72,079,"Puerto Rico Commonwealth","Lajas Municipio",1,58,308,141,167
050,72,079,"Puerto Rico Commonwealth","Lajas Municipio",1,59,301,138,163
050,72,079,"Puerto Rico Commonwealth","Lajas Municipio",1,60,321,154,167
050,72,079,"Puerto Rico Commonwealth","Lajas Municipio",1,61,314,139,175
050,72,079,"Puerto Rico Commonwealth","Lajas Municipio",1,62,318,141,177
050,72,079,"Puerto Rico Commonwealth","Lajas Municipio",1,63,348,162,186
050,72,079,"Puerto Rico Commonwealth","Lajas Municipio",1,64,341,154,187
050,72,079,"Puerto Rico Commonwealth","Lajas Municipio",1,65,325,155,170
050,72,079,"Puerto Rico Commonwealth","Lajas Municipio",1,66,304,139,165
050,72,079,"Puerto Rico Commonwealth","Lajas Municipio",1,67,314,137,177
050,72,079,"Puerto Rico Commonwealth","Lajas Municipio",1,68,312,145,167
050,72,079,"Puerto Rico Commonwealth","Lajas Municipio",1,69,306,141,165
050,72,079,"Puerto Rico Commonwealth","Lajas Municipio",1,70,321,141,180
050,72,079,"Puerto Rico Commonwealth","Lajas Municipio",1,71,322,151,171
050,72,079,"Puerto Rico Commonwealth","Lajas Municipio",1,72,325,159,166
050,72,079,"Puerto Rico Commonwealth","Lajas Municipio",1,73,321,152,169
050,72,079,"Puerto Rico Commonwealth","Lajas Municipio",1,74,295,126,169
050,72,079,"Puerto Rico Commonwealth","Lajas Municipio",1,75,294,133,161
050,72,079,"Puerto Rico Commonwealth","Lajas Municipio",1,76,267,113,154
050,72,079,"Puerto Rico Commonwealth","Lajas Municipio",1,77,253,107,146
050,72,079,"Puerto Rico Commonwealth","Lajas Municipio",1,78,229,94,135
050,72,079,"Puerto Rico Commonwealth","Lajas Municipio",1,79,202,81,121
050,72,079,"Puerto Rico Commonwealth","Lajas Municipio",1,80,196,95,101
050,72,079,"Puerto Rico Commonwealth","Lajas Municipio",1,81,169,82,87
050,72,079,"Puerto Rico Commonwealth","Lajas Municipio",1,82,183,75,108
050,72,079,"Puerto Rico Commonwealth","Lajas Municipio",1,83,159,67,92
050,72,079,"Puerto Rico Commonwealth","Lajas Municipio",1,84,140,50,90
050,72,079,"Puerto Rico Commonwealth","Lajas Municipio",1,85,785,307,478
050,72,079,"Puerto Rico Commonwealth","Lajas Municipio",2,0,121,59,62
050,72,079,"Puerto Rico Commonwealth","Lajas Municipio",2,1,147,74,73
050,72,079,"Puerto Rico Commonwealth","Lajas Municipio",2,2,153,81,72
050,72,079,"Puerto Rico Commonwealth","Lajas Municipio",2,3,158,86,72
050,72,079,"Puerto Rico Commonwealth","Lajas Municipio",2,4,169,91,78
050,72,079,"Puerto Rico Commonwealth","Lajas Municipio",2,5,168,90,78
050,72,079,"Puerto Rico Commonwealth","Lajas Municipio",2,6,190,102,88
050,72,079,"Puerto Rico Commonwealth","Lajas Municipio",2,7,197,102,95
050,72,079,"Puerto Rico Commonwealth","Lajas Municipio",2,8,221,114,107
050,72,079,"Puerto Rico Commonwealth","Lajas Municipio",2,9,221,109,112
050,72,079,"Puerto Rico Commonwealth","Lajas Municipio",2,10,238,125,113
050,72,079,"Puerto Rico Commonwealth","Lajas Municipio",2,11,247,127,120
050,72,079,"Puerto Rico Commonwealth","Lajas Municipio",2,12,251,129,122
050,72,079,"Puerto Rico Commonwealth","Lajas Municipio",2,13,258,138,120
050,72,079,"Puerto Rico Commonwealth","Lajas Municipio",2,14,260,136,124
050,72,079,"Puerto Rico Commonwealth","Lajas Municipio",2,15,245,116,129
050,72,079,"Puerto Rico Commonwealth","Lajas Municipio",2,16,245,120,125
050,72,079,"Puerto Rico Commonwealth","Lajas Municipio",2,17,253,130,123
050,72,079,"Puerto Rico Commonwealth","Lajas Municipio",2,18,250,128,122
050,72,079,"Puerto Rico Commonwealth","Lajas Municipio",2,19,277,147,130
050,72,079,"Puerto Rico Commonwealth","Lajas Municipio",2,20,297,160,137
050,72,079,"Puerto Rico Commonwealth","Lajas Municipio",2,21,308,164,144
050,72,079,"Puerto Rico Commonwealth","Lajas Municipio",2,22,309,168,141
050,72,079,"Puerto Rico Commonwealth","Lajas Municipio",2,23,284,145,139
050,72,079,"Puerto Rico Commonwealth","Lajas Municipio",2,24,267,135,132
050,72,079,"Puerto Rico Commonwealth","Lajas Municipio",2,25,296,159,137
050,72,079,"Puerto Rico Commonwealth","Lajas Municipio",2,26,322,183,139
050,72,079,"Puerto Rico Commonwealth","Lajas Municipio",2,27,325,181,144
050,72,079,"Puerto Rico Commonwealth","Lajas Municipio",2,28,312,163,149
050,72,079,"Puerto Rico Commonwealth","Lajas Municipio",2,29,296,153,143
050,72,079,"Puerto Rico Commonwealth","Lajas Municipio",2,30,282,149,133
050,72,079,"Puerto Rico Commonwealth","Lajas Municipio",2,31,259,132,127
050,72,079,"Puerto Rico Commonwealth","Lajas Municipio",2,32,255,132,123
050,72,079,"Puerto Rico Commonwealth","Lajas Municipio",2,33,234,127,107
050,72,079,"Puerto Rico Commonwealth","Lajas Municipio",2,34,223,116,107
050,72,079,"Puerto Rico Commonwealth","Lajas Municipio",2,35,221,108,113
050,72,079,"Puerto Rico Commonwealth","Lajas Municipio",2,36,222,110,112
050,72,079,"Puerto Rico Commonwealth","Lajas Municipio",2,37,236,123,113
050,72,079,"Puerto Rico Commonwealth","Lajas Municipio",2,38,234,118,116
050,72,079,"Puerto Rico Commonwealth","Lajas Municipio",2,39,241,113,128
050,72,079,"Puerto Rico Commonwealth","Lajas Municipio",2,40,242,109,133
050,72,079,"Puerto Rico Commonwealth","Lajas Municipio",2,41,256,119,137
050,72,079,"Puerto Rico Commonwealth","Lajas Municipio",2,42,269,133,136
050,72,079,"Puerto Rico Commonwealth","Lajas Municipio",2,43,271,135,136
050,72,079,"Puerto Rico Commonwealth","Lajas Municipio",2,44,282,141,141
050,72,079,"Puerto Rico Commonwealth","Lajas Municipio",2,45,270,133,137
050,72,079,"Puerto Rico Commonwealth","Lajas Municipio",2,46,293,144,149
050,72,079,"Puerto Rico Commonwealth","Lajas Municipio",2,47,316,159,157
050,72,079,"Puerto Rico Commonwealth","Lajas Municipio",2,48,314,158,156
050,72,079,"Puerto Rico Commonwealth","Lajas Municipio",2,49,300,146,154
050,72,079,"Puerto Rico Commonwealth","Lajas Municipio",2,50,301,137,164
050,72,079,"Puerto Rico Commonwealth","Lajas Municipio",2,51,313,140,173
050,72,079,"Puerto Rico Commonwealth","Lajas Municipio",2,52,310,141,169
050,72,079,"Puerto Rico Commonwealth","Lajas Municipio",2,53,331,156,175
050,72,079,"Puerto Rico Commonwealth","Lajas Municipio",2,54,327,156,171
050,72,079,"Puerto Rico Commonwealth","Lajas Municipio",2,55,304,146,158
050,72,079,"Puerto Rico Commonwealth","Lajas Municipio",2,56,294,145,149
050,72,079,"Puerto Rico Commonwealth","Lajas Municipio",2,57,308,152,156
050,72,079,"Puerto Rico Commonwealth","Lajas Municipio",2,58,308,144,164
050,72,079,"Puerto Rico Commonwealth","Lajas Municipio",2,59,302,138,164
050,72,079,"Puerto Rico Commonwealth","Lajas Municipio",2,60,316,150,166
050,72,079,"Puerto Rico Commonwealth","Lajas Municipio",2,61,315,142,173
050,72,079,"Puerto Rico Commonwealth","Lajas Municipio",2,62,317,140,177
050,72,079,"Puerto Rico Commonwealth","Lajas Municipio",2,63,340,156,184
050,72,079,"Puerto Rico Commonwealth","Lajas Municipio",2,64,341,155,186
050,72,079,"Puerto Rico Commonwealth","Lajas Municipio",2,65,327,152,175
050,72,079,"Puerto Rico Commonwealth","Lajas Municipio",2,66,309,143,166
050,72,079,"Puerto Rico Commonwealth","Lajas Municipio",2,67,311,137,174
050,72,079,"Puerto Rico Commonwealth","Lajas Municipio",2,68,311,142,169
050,72,079,"Puerto Rico Commonwealth","Lajas Municipio",2,69,306,140,166
050,72,079,"Puerto Rico Commonwealth","Lajas Municipio",2,70,315,140,175
050,72,079,"Puerto Rico Commonwealth","Lajas Municipio",2,71,320,148,172
050,72,079,"Puerto Rico Commonwealth","Lajas Municipio",2,72,323,156,167
050,72,079,"Puerto Rico Commonwealth","Lajas Municipio",2,73,316,151,165
050,72,079,"Puerto Rico Commonwealth","Lajas Municipio",2,74,302,133,169
050,72,079,"Puerto Rico Commonwealth","Lajas Municipio",2,75,292,129,163
050,72,079,"Puerto Rico Commonwealth","Lajas Municipio",2,76,274,118,156
050,72,079,"Puerto Rico Commonwealth","Lajas Municipio",2,77,255,108,147
050,72,079,"Puerto Rico Commonwealth","Lajas Municipio",2,78,233,97,136
050,72,079,"Puerto Rico Commonwealth","Lajas Municipio",2,79,210,84,126
050,72,079,"Puerto Rico Commonwealth","Lajas Municipio",2,80,194,88,106
050,72,079,"Puerto Rico Commonwealth","Lajas Municipio",2,81,173,82,91
050,72,079,"Puerto Rico Commonwealth","Lajas Municipio",2,82,177,75,102
050,72,079,"Puerto Rico Commonwealth","Lajas Municipio",2,83,163,68,95
050,72,079,"Puerto Rico Commonwealth","Lajas Municipio",2,84,144,55,89
050,72,079,"Puerto Rico Commonwealth","Lajas Municipio",2,85,792,309,483
050,72,079,"Puerto Rico Commonwealth","Lajas Municipio",3,0,114,51,63
050,72,079,"Puerto Rico Commonwealth","Lajas Municipio",3,1,119,59,60
050,72,079,"Puerto Rico Commonwealth","Lajas Municipio",3,2,147,74,73
050,72,079,"Puerto Rico Commonwealth","Lajas Municipio",3,3,153,81,72
050,72,079,"Puerto Rico Commonwealth","Lajas Municipio",3,4,158,86,72
050,72,079,"Puerto Rico Commonwealth","Lajas Municipio",3,5,168,90,78
050,72,079,"Puerto Rico Commonwealth","Lajas Municipio",3,6,168,90,78
050,72,079,"Puerto Rico Commonwealth","Lajas Municipio",3,7,190,102,88
050,72,079,"Puerto Rico Commonwealth","Lajas Municipio",3,8,197,102,95
050,72,079,"Puerto Rico Commonwealth","Lajas Municipio",3,9,221,114,107
050,72,079,"Puerto Rico Commonwealth","Lajas Municipio",3,10,221,109,112
050,72,079,"Puerto Rico Commonwealth","Lajas Municipio",3,11,238,125,113
050,72,079,"Puerto Rico Commonwealth","Lajas Municipio",3,12,247,127,120
050,72,079,"Puerto Rico Commonwealth","Lajas Municipio",3,13,251,129,122
050,72,079,"Puerto Rico Commonwealth","Lajas Municipio",3,14,258,138,120
050,72,079,"Puerto Rico Commonwealth","Lajas Municipio",3,15,260,136,124
050,72,079,"Puerto Rico Commonwealth","Lajas Municipio",3,16,245,116,129
050,72,079,"Puerto Rico Commonwealth","Lajas Municipio",3,17,243,119,124
050,72,079,"Puerto Rico Commonwealth","Lajas Municipio",3,18,249,128,121
050,72,079,"Puerto Rico Commonwealth","Lajas Municipio",3,19,247,127,120
050,72,079,"Puerto Rico Commonwealth","Lajas Municipio",3,20,276,146,130
050,72,079,"Puerto Rico Commonwealth","Lajas Municipio",3,21,295,159,136
050,72,079,"Puerto Rico Commonwealth","Lajas Municipio",3,22,308,164,144
050,72,079,"Puerto Rico Commonwealth","Lajas Municipio",3,23,310,169,141
050,72,079,"Puerto Rico Commonwealth","Lajas Municipio",3,24,286,147,139
050,72,079,"Puerto Rico Commonwealth","Lajas Municipio",3,25,267,135,132
050,72,079,"Puerto Rico Commonwealth","Lajas Municipio",3,26,295,159,136
050,72,079,"Puerto Rico Commonwealth","Lajas Municipio",3,27,321,183,138
050,72,079,"Puerto Rico Commonwealth","Lajas Municipio",3,28,325,182,143
050,72,079,"Puerto Rico Commonwealth","Lajas Municipio",3,29,309,161,148
050,72,079,"Puerto Rico Commonwealth","Lajas Municipio",3,30,297,154,143
050,72,079,"Puerto Rico Commonwealth","Lajas Municipio",3,31,282,151,131
050,72,079,"Puerto Rico Commonwealth","Lajas Municipio",3,32,259,132,127
050,72,079,"Puerto Rico Commonwealth","Lajas Municipio",3,33,255,132,123
050,72,079,"Puerto Rico Commonwealth","Lajas Municipio",3,34,235,128,107
050,72,079,"Puerto Rico Commonwealth","Lajas Municipio",3,35,225,118,107
050,72,079,"Puerto Rico Commonwealth","Lajas Municipio",3,36,220,108,112
050,72,079,"Puerto Rico Commonwealth","Lajas Municipio",3,37,223,111,112
050,72,079,"Puerto Rico Commonwealth","Lajas Municipio",3,38,236,123,113
050,72,079,"Puerto Rico Commonwealth","Lajas Municipio",3,39,236,120,116
050,72,079,"Puerto Rico Commonwealth","Lajas Municipio",3,40,243,114,129
050,72,079,"Puerto Rico Commonwealth","Lajas Municipio",3,41,242,108,134
050,72,079,"Puerto Rico Commonwealth","Lajas Municipio",3,42,259,121,138
050,72,079,"Puerto Rico Commonwealth","Lajas Municipio",3,43,270,133,137
050,72,079,"Puerto Rico Commonwealth","Lajas Municipio",3,44,272,135,137
050,72,079,"Puerto Rico Commonwealth","Lajas Municipio",3,45,280,141,139
050,72,079,"Puerto Rico Commonwealth","Lajas Municipio",3,46,272,134,138
050,72,079,"Puerto Rico Commonwealth","Lajas Municipio",3,47,296,146,150
050,72,079,"Puerto Rico Commonwealth","Lajas Municipio",3,48,318,161,157
050,72,079,"Puerto Rico Commonwealth","Lajas Municipio",3,49,317,160,157
050,72,079,"Puerto Rico Commonwealth","Lajas Municipio",3,50,304,147,157
050,72,079,"Puerto Rico Commonwealth","Lajas Municipio",3,51,304,138,166
050,72,079,"Puerto Rico Commonwealth","Lajas Municipio",3,52,313,142,171
050,72,079,"Puerto Rico Commonwealth","Lajas Municipio",3,53,314,145,169
050,72,079,"Puerto Rico Commonwealth","Lajas Municipio",3,54,327,151,176
050,72,079,"Puerto Rico Commonwealth","Lajas Municipio",3,55,328,157,171
050,72,079,"Puerto Rico Commonwealth","Lajas Municipio",3,56,303,145,158
050,72,079,"Puerto Rico Commonwealth","Lajas Municipio",3,57,293,144,149
050,72,079,"Puerto Rico Commonwealth","Lajas Municipio",3,58,310,153,157
050,72,079,"Puerto Rico Commonwealth","Lajas Municipio",3,59,307,143,164
050,72,079,"Puerto Rico Commonwealth","Lajas Municipio",3,60,304,140,164
050,72,079,"Puerto Rico Commonwealth","Lajas Municipio",3,61,315,147,168
050,72,079,"Puerto Rico Commonwealth","Lajas Municipio",3,62,312,140,172
050,72,079,"Puerto Rico Commonwealth","Lajas Municipio",3,63,314,137,177
050,72,079,"Puerto Rico Commonwealth","Lajas Municipio",3,64,337,152,185
050,72,079,"Puerto Rico Commonwealth","Lajas Municipio",3,65,338,151,187
050,72,079,"Puerto Rico Commonwealth","Lajas Municipio",3,66,327,152,175
050,72,079,"Puerto Rico Commonwealth","Lajas Municipio",3,67,312,142,170
050,72,079,"Puerto Rico Commonwealth","Lajas Municipio",3,68,305,136,169
050,72,079,"Puerto Rico Commonwealth","Lajas Municipio",3,69,310,141,169
050,72,079,"Puerto Rico Commonwealth","Lajas Municipio",3,70,301,136,165
050,72,079,"Puerto Rico Commonwealth","Lajas Municipio",3,71,310,137,173
050,72,079,"Puerto Rico Commonwealth","Lajas Municipio",3,72,314,143,171
050,72,079,"Puerto Rico Commonwealth","Lajas Municipio",3,73,316,151,165
050,72,079,"Puerto Rico Commonwealth","Lajas Municipio",3,74,312,148,164
050,72,079,"Puerto Rico Commonwealth","Lajas Municipio",3,75,291,130,161
050,72,079,"Puerto Rico Commonwealth","Lajas Municipio",3,76,294,128,166
050,72,079,"Puerto Rico Commonwealth","Lajas Municipio",3,77,263,112,151
050,72,079,"Puerto Rico Commonwealth","Lajas Municipio",3,78,249,103,146
050,72,079,"Puerto Rico Commonwealth","Lajas Municipio",3,79,225,94,131
050,72,079,"Puerto Rico Commonwealth","Lajas Municipio",3,80,196,80,116
050,72,079,"Puerto Rico Commonwealth","Lajas Municipio",3,81,184,79,105
050,72,079,"Puerto Rico Commonwealth","Lajas Municipio",3,82,175,81,94
050,72,079,"Puerto Rico Commonwealth","Lajas Municipio",3,83,170,73,97
050,72,079,"Puerto Rico Commonwealth","Lajas Municipio",3,84,153,67,86
050,72,079,"Puerto Rico Commonwealth","Lajas Municipio",3,85,858,319,539
050,72,079,"Puerto Rico Commonwealth","Lajas Municipio",4,0,124,61,63
050,72,079,"Puerto Rico Commonwealth","Lajas Municipio",4,1,112,51,61
050,72,079,"Puerto Rico Commonwealth","Lajas Municipio",4,2,117,58,59
050,72,079,"Puerto Rico Commonwealth","Lajas Municipio",4,3,145,73,72
050,72,079,"Puerto Rico Commonwealth","Lajas Municipio",4,4,151,80,71
050,72,079,"Puerto Rico Commonwealth","Lajas Municipio",4,5,156,85,71
050,72,079,"Puerto Rico Commonwealth","Lajas Municipio",4,6,166,89,77
050,72,079,"Puerto Rico Commonwealth","Lajas Municipio",4,7,166,89,77
050,72,079,"Puerto Rico Commonwealth","Lajas Municipio",4,8,188,101,87
050,72,079,"Puerto Rico Commonwealth","Lajas Municipio",4,9,195,101,94
050,72,079,"Puerto Rico Commonwealth","Lajas Municipio",4,10,219,113,106
050,72,079,"Puerto Rico Commonwealth","Lajas Municipio",4,11,218,107,111
050,72,079,"Puerto Rico Commonwealth","Lajas Municipio",4,12,235,123,112
050,72,079,"Puerto Rico Commonwealth","Lajas Municipio",4,13,244,125,119
050,72,079,"Puerto Rico Commonwealth","Lajas Municipio",4,14,248,127,121
050,72,079,"Puerto Rico Commonwealth","Lajas Municipio",4,15,255,136,119
050,72,079,"Puerto Rico Commonwealth","Lajas Municipio",4,16,256,134,122
050,72,079,"Puerto Rico Commonwealth","Lajas Municipio",4,17,241,114,127
050,72,079,"Puerto Rico Commonwealth","Lajas Municipio",4,18,236,115,121
050,72,079,"Puerto Rico Commonwealth","Lajas Municipio",4,19,242,125,117
050,72,079,"Puerto Rico Commonwealth","Lajas Municipio",4,20,242,124,118
050,72,079,"Puerto Rico Commonwealth","Lajas Municipio",4,21,272,144,128
050,72,079,"Puerto Rico Commonwealth","Lajas Municipio",4,22,290,156,134
050,72,079,"Puerto Rico Commonwealth","Lajas Municipio",4,23,305,162,143
050,72,079,"Puerto Rico Commonwealth","Lajas Municipio",4,24,306,167,139
050,72,079,"Puerto Rico Commonwealth","Lajas Municipio",4,25,282,145,137
050,72,079,"Puerto Rico Commonwealth","Lajas Municipio",4,26,262,132,130
050,72,079,"Puerto Rico Commonwealth","Lajas Municipio",4,27,290,156,134
050,72,079,"Puerto Rico Commonwealth","Lajas Municipio",4,28,316,180,136
050,72,079,"Puerto Rico Commonwealth","Lajas Municipio",4,29,318,177,141
050,72,079,"Puerto Rico Commonwealth","Lajas Municipio",4,30,305,159,146
050,72,079,"Puerto Rico Commonwealth","Lajas Municipio",4,31,295,154,141
050,72,079,"Puerto Rico Commonwealth","Lajas Municipio",4,32,278,149,129
050,72,079,"Puerto Rico Commonwealth","Lajas Municipio",4,33,256,130,126
050,72,079,"Puerto Rico Commonwealth","Lajas Municipio",4,34,251,130,121
050,72,079,"Puerto Rico Commonwealth","Lajas Municipio",4,35,231,125,106
050,72,079,"Puerto Rico Commonwealth","Lajas Municipio",4,36,223,117,106
050,72,079,"Puerto Rico Commonwealth","Lajas Municipio",4,37,217,106,111
050,72,079,"Puerto Rico Commonwealth","Lajas Municipio",4,38,220,109,111
050,72,079,"Puerto Rico Commonwealth","Lajas Municipio",4,39,235,124,111
050,72,079,"Puerto Rico Commonwealth","Lajas Municipio",4,40,233,118,115
050,72,079,"Puerto Rico Commonwealth","Lajas Municipio",4,41,242,113,129
050,72,079,"Puerto Rico Commonwealth","Lajas Municipio",4,42,242,108,134
050,72,079,"Puerto Rico Commonwealth","Lajas Municipio",4,43,257,119,138
050,72,079,"Puerto Rico Commonwealth","Lajas Municipio",4,44,270,134,136
050,72,079,"Puerto Rico Commonwealth","Lajas Municipio",4,45,270,133,137
050,72,079,"Puerto Rico Commonwealth","Lajas Municipio",4,46,281,142,139
050,72,079,"Puerto Rico Commonwealth","Lajas Municipio",4,47,272,135,137
050,72,079,"Puerto Rico Commonwealth","Lajas Municipio",4,48,292,144,148
050,72,079,"Puerto Rico Commonwealth","Lajas Municipio",4,49,318,161,157
050,72,079,"Puerto Rico Commonwealth","Lajas Municipio",4,50,319,161,158
050,72,079,"Puerto Rico Commonwealth","Lajas Municipio",4,51,305,147,158
050,72,079,"Puerto Rico Commonwealth","Lajas Municipio",4,52,302,139,163
050,72,079,"Puerto Rico Commonwealth","Lajas Municipio",4,53,315,145,170
050,72,079,"Puerto Rico Commonwealth","Lajas Municipio",4,54,311,143,168
050,72,079,"Puerto Rico Commonwealth","Lajas Municipio",4,55,328,152,176
050,72,079,"Puerto Rico Commonwealth","Lajas Municipio",4,56,323,153,170
050,72,079,"Puerto Rico Commonwealth","Lajas Municipio",4,57,302,144,158
050,72,079,"Puerto Rico Commonwealth","Lajas Municipio",4,58,293,144,149
050,72,079,"Puerto Rico Commonwealth","Lajas Municipio",4,59,310,153,157
050,72,079,"Puerto Rico Commonwealth","Lajas Municipio",4,60,308,144,164
050,72,079,"Puerto Rico Commonwealth","Lajas Municipio",4,61,304,139,165
050,72,079,"Puerto Rico Commonwealth","Lajas Municipio",4,62,311,145,166
050,72,079,"Puerto Rico Commonwealth","Lajas Municipio",4,63,312,139,173
050,72,079,"Puerto Rico Commonwealth","Lajas Municipio",4,64,313,136,177
050,72,079,"Puerto Rico Commonwealth","Lajas Municipio",4,65,334,150,184
050,72,079,"Puerto Rico Commonwealth","Lajas Municipio",4,66,338,150,188
050,72,079,"Puerto Rico Commonwealth","Lajas Municipio",4,67,321,147,174
050,72,079,"Puerto Rico Commonwealth","Lajas Municipio",4,68,306,141,165
050,72,079,"Puerto Rico Commonwealth","Lajas Municipio",4,69,298,131,167
050,72,079,"Puerto Rico Commonwealth","Lajas Municipio",4,70,304,137,167
050,72,079,"Puerto Rico Commonwealth","Lajas Municipio",4,71,295,133,162
050,72,079,"Puerto Rico Commonwealth","Lajas Municipio",4,72,306,134,172
050,72,079,"Puerto Rico Commonwealth","Lajas Municipio",4,73,307,135,172
050,72,079,"Puerto Rico Commonwealth","Lajas Municipio",4,74,310,149,161
050,72,079,"Puerto Rico Commonwealth","Lajas Municipio",4,75,302,143,159
050,72,079,"Puerto Rico Commonwealth","Lajas Municipio",4,76,292,131,161
050,72,079,"Puerto Rico Commonwealth","Lajas Municipio",4,77,278,120,158
050,72,079,"Puerto Rico Commonwealth","Lajas Municipio",4,78,255,104,151
050,72,079,"Puerto Rico Commonwealth","Lajas Municipio",4,79,237,98,139
050,72,079,"Puerto Rico Commonwealth","Lajas Municipio",4,80,212,88,124
050,72,079,"Puerto Rico Commonwealth","Lajas Municipio",4,81,189,75,114
050,72,079,"Puerto Rico Commonwealth","Lajas Municipio",4,82,181,74,107
050,72,079,"Puerto Rico Commonwealth","Lajas Municipio",4,83,171,80,91
050,72,079,"Puerto Rico Commonwealth","Lajas Municipio",4,84,158,70,88
050,72,079,"Puerto Rico Commonwealth","Lajas Municipio",4,85,894,339,555
050,72,079,"Puerto Rico Commonwealth","Lajas Municipio",5,0,130,63,67
050,72,079,"Puerto Rico Commonwealth","Lajas Municipio",5,1,125,62,63
050,72,079,"Puerto Rico Commonwealth","Lajas Municipio",5,2,112,51,61
050,72,079,"Puerto Rico Commonwealth","Lajas Municipio",5,3,117,58,59
050,72,079,"Puerto Rico Commonwealth","Lajas Municipio",5,4,145,73,72
050,72,079,"Puerto Rico Commonwealth","Lajas Municipio",5,5,152,81,71
050,72,079,"Puerto Rico Commonwealth","Lajas Municipio",5,6,156,85,71
050,72,079,"Puerto Rico Commonwealth","Lajas Municipio",5,7,167,90,77
050,72,079,"Puerto Rico Commonwealth","Lajas Municipio",5,8,166,89,77
050,72,079,"Puerto Rico Commonwealth","Lajas Municipio",5,9,189,102,87
050,72,079,"Puerto Rico Commonwealth","Lajas Municipio",5,10,195,101,94
050,72,079,"Puerto Rico Commonwealth","Lajas Municipio",5,11,219,113,106
050,72,079,"Puerto Rico Commonwealth","Lajas Municipio",5,12,218,107,111
050,72,079,"Puerto Rico Commonwealth","Lajas Municipio",5,13,235,123,112
050,72,079,"Puerto Rico Commonwealth","Lajas Municipio",5,14,244,125,119
050,72,079,"Puerto Rico Commonwealth","Lajas Municipio",5,15,248,127,121
050,72,079,"Puerto Rico Commonwealth","Lajas Municipio",5,16,255,136,119
050,72,079,"Puerto Rico Commonwealth","Lajas Municipio",5,17,256,135,121
050,72,079,"Puerto Rico Commonwealth","Lajas Municipio",5,18,238,113,125
050,72,079,"Puerto Rico Commonwealth","Lajas Municipio",5,19,232,113,119
050,72,079,"Puerto Rico Commonwealth","Lajas Municipio",5,20,242,125,117
050,72,079,"Puerto Rico Commonwealth","Lajas Municipio",5,21,241,124,117
050,72,079,"Puerto Rico Commonwealth","Lajas Municipio",5,22,269,141,128
050,72,079,"Puerto Rico Commonwealth","Lajas Municipio",5,23,290,156,134
050,72,079,"Puerto Rico Commonwealth","Lajas Municipio",5,24,308,164,144
050,72,079,"Puerto Rico Commonwealth","Lajas Municipio",5,25,307,168,139
050,72,079,"Puerto Rico Commonwealth","Lajas Municipio",5,26,282,146,136
050,72,079,"Puerto Rico Commonwealth","Lajas Municipio",5,27,262,132,130
050,72,079,"Puerto Rico Commonwealth","Lajas Municipio",5,28,290,156,134
050,72,079,"Puerto Rico Commonwealth","Lajas Municipio",5,29,313,178,135
050,72,079,"Puerto Rico Commonwealth","Lajas Municipio",5,30,319,178,141
050,72,079,"Puerto Rico Commonwealth","Lajas Municipio",5,31,308,162,146
050,72,079,"Puerto Rico Commonwealth","Lajas Municipio",5,32,295,154,141
050,72,079,"Puerto Rico Commonwealth","Lajas Municipio",5,33,279,151,128
050,72,079,"Puerto Rico Commonwealth","Lajas Municipio",5,34,256,130,126
050,72,079,"Puerto Rico Commonwealth","Lajas Municipio",5,35,250,130,120
050,72,079,"Puerto Rico Commonwealth","Lajas Municipio",5,36,231,125,106
050,72,079,"Puerto Rico Commonwealth","Lajas Municipio",5,37,223,117,106
050,72,079,"Puerto Rico Commonwealth","Lajas Municipio",5,38,218,106,112
050,72,079,"Puerto Rico Commonwealth","Lajas Municipio",5,39,223,111,112
050,72,079,"Puerto Rico Commonwealth","Lajas Municipio",5,40,236,124,112
050,72,079,"Puerto Rico Commonwealth","Lajas Municipio",5,41,233,118,115
050,72,079,"Puerto Rico Commonwealth","Lajas Municipio",5,42,245,115,130
050,72,079,"Puerto Rico Commonwealth","Lajas Municipio",5,43,243,109,134
050,72,079,"Puerto Rico Commonwealth","Lajas Municipio",5,44,259,120,139
050,72,079,"Puerto Rico Commonwealth","Lajas Municipio",5,45,271,134,137
050,72,079,"Puerto Rico Commonwealth","Lajas Municipio",5,46,272,134,138
050,72,079,"Puerto Rico Commonwealth","Lajas Municipio",5,47,281,143,138
050,72,079,"Puerto Rico Commonwealth","Lajas Municipio",5,48,273,136,137
050,72,079,"Puerto Rico Commonwealth","Lajas Municipio",5,49,293,145,148
050,72,079,"Puerto Rico Commonwealth","Lajas Municipio",5,50,323,163,160
050,72,079,"Puerto Rico Commonwealth","Lajas Municipio",5,51,319,159,160
050,72,079,"Puerto Rico Commonwealth","Lajas Municipio",5,52,304,149,155
050,72,079,"Puerto Rico Commonwealth","Lajas Municipio",5,53,307,144,163
050,72,079,"Puerto Rico Commonwealth","Lajas Municipio",5,54,313,142,171
050,72,079,"Puerto Rico Commonwealth","Lajas Municipio",5,55,312,144,168
050,72,079,"Puerto Rico Commonwealth","Lajas Municipio",5,56,330,153,177
050,72,079,"Puerto Rico Commonwealth","Lajas Municipio",5,57,323,153,170
050,72,079,"Puerto Rico Commonwealth","Lajas Municipio",5,58,304,145,159
050,72,079,"Puerto Rico Commonwealth","Lajas Municipio",5,59,294,145,149
050,72,079,"Puerto Rico Commonwealth","Lajas Municipio",5,60,312,154,158
050,72,079,"Puerto Rico Commonwealth","Lajas Municipio",5,61,308,141,167
050,72,079,"Puerto Rico Commonwealth","Lajas Municipio",5,62,300,139,161
050,72,079,"Puerto Rico Commonwealth","Lajas Municipio",5,63,308,144,164
050,72,079,"Puerto Rico Commonwealth","Lajas Municipio",5,64,310,137,173
050,72,079,"Puerto Rico Commonwealth","Lajas Municipio",5,65,310,134,176
050,72,079,"Puerto Rico Commonwealth","Lajas Municipio",5,66,334,149,185
050,72,079,"Puerto Rico Commonwealth","Lajas Municipio",5,67,336,145,191
050,72,079,"Puerto Rico Commonwealth","Lajas Municipio",5,68,314,145,169
050,72,079,"Puerto Rico Commonwealth","Lajas Municipio",5,69,305,141,164
050,72,079,"Puerto Rico Commonwealth","Lajas Municipio",5,70,296,129,167
050,72,079,"Puerto Rico Commonwealth","Lajas Municipio",5,71,297,133,164
050,72,079,"Puerto Rico Commonwealth","Lajas Municipio",5,72,290,131,159
050,72,079,"Puerto Rico Commonwealth","Lajas Municipio",5,73,301,129,172
050,72,079,"Puerto Rico Commonwealth","Lajas Municipio",5,74,297,127,170
050,72,079,"Puerto Rico Commonwealth","Lajas Municipio",5,75,302,143,159
050,72,079,"Puerto Rico Commonwealth","Lajas Municipio",5,76,298,140,158
050,72,079,"Puerto Rico Commonwealth","Lajas Municipio",5,77,275,120,155
050,72,079,"Puerto Rico Commonwealth","Lajas Municipio",5,78,275,117,158
050,72,079,"Puerto Rico Commonwealth","Lajas Municipio",5,79,245,96,149
050,72,079,"Puerto Rico Commonwealth","Lajas Municipio",5,80,222,90,132
050,72,079,"Puerto Rico Commonwealth","Lajas Municipio",5,81,207,85,122
050,72,079,"Puerto Rico Commonwealth","Lajas Municipio",5,82,191,74,117
050,72,079,"Puerto Rico Commonwealth","Lajas Municipio",5,83,166,65,101
050,72,079,"Puerto Rico Commonwealth","Lajas Municipio",5,84,159,78,81
050,72,079,"Puerto Rico Commonwealth","Lajas Municipio",5,85,974,375,599
050,72,081,"Puerto Rico Commonwealth","Lares Municipio",1,0,181,105,76
050,72,081,"Puerto Rico Commonwealth","Lares Municipio",1,1,187,102,85
050,72,081,"Puerto Rico Commonwealth","Lares Municipio",1,2,187,97,90
050,72,081,"Puerto Rico Commonwealth","Lares Municipio",1,3,220,113,107
050,72,081,"Puerto Rico Commonwealth","Lares Municipio",1,4,229,127,102
050,72,081,"Puerto Rico Commonwealth","Lares Municipio",1,5,265,140,125
050,72,081,"Puerto Rico Commonwealth","Lares Municipio",1,6,277,147,130
050,72,081,"Puerto Rico Commonwealth","Lares Municipio",1,7,279,145,134
050,72,081,"Puerto Rico Commonwealth","Lares Municipio",1,8,268,135,133
050,72,081,"Puerto Rico Commonwealth","Lares Municipio",1,9,287,162,125
050,72,081,"Puerto Rico Commonwealth","Lares Municipio",1,10,314,164,150
050,72,081,"Puerto Rico Commonwealth","Lares Municipio",1,11,284,144,140
050,72,081,"Puerto Rico Commonwealth","Lares Municipio",1,12,276,140,136
050,72,081,"Puerto Rico Commonwealth","Lares Municipio",1,13,314,150,164
050,72,081,"Puerto Rico Commonwealth","Lares Municipio",1,14,304,147,157
050,72,081,"Puerto Rico Commonwealth","Lares Municipio",1,15,323,162,161
050,72,081,"Puerto Rico Commonwealth","Lares Municipio",1,16,319,162,157
050,72,081,"Puerto Rico Commonwealth","Lares Municipio",1,17,313,166,147
050,72,081,"Puerto Rico Commonwealth","Lares Municipio",1,18,337,177,160
050,72,081,"Puerto Rico Commonwealth","Lares Municipio",1,19,348,177,171
050,72,081,"Puerto Rico Commonwealth","Lares Municipio",1,20,365,194,171
050,72,081,"Puerto Rico Commonwealth","Lares Municipio",1,21,314,160,154
050,72,081,"Puerto Rico Commonwealth","Lares Municipio",1,22,325,154,171
050,72,081,"Puerto Rico Commonwealth","Lares Municipio",1,23,345,171,174
050,72,081,"Puerto Rico Commonwealth","Lares Municipio",1,24,351,181,170
050,72,081,"Puerto Rico Commonwealth","Lares Municipio",1,25,354,171,183
050,72,081,"Puerto Rico Commonwealth","Lares Municipio",1,26,373,184,189
050,72,081,"Puerto Rico Commonwealth","Lares Municipio",1,27,382,209,173
050,72,081,"Puerto Rico Commonwealth","Lares Municipio",1,28,365,195,170
050,72,081,"Puerto Rico Commonwealth","Lares Municipio",1,29,371,207,164
050,72,081,"Puerto Rico Commonwealth","Lares Municipio",1,30,394,201,193
050,72,081,"Puerto Rico Commonwealth","Lares Municipio",1,31,348,171,177
050,72,081,"Puerto Rico Commonwealth","Lares Municipio",1,32,333,170,163
050,72,081,"Puerto Rico Commonwealth","Lares Municipio",1,33,332,164,168
050,72,081,"Puerto Rico Commonwealth","Lares Municipio",1,34,324,162,162
050,72,081,"Puerto Rico Commonwealth","Lares Municipio",1,35,350,174,176
050,72,081,"Puerto Rico Commonwealth","Lares Municipio",1,36,355,168,187
050,72,081,"Puerto Rico Commonwealth","Lares Municipio",1,37,335,161,174
050,72,081,"Puerto Rico Commonwealth","Lares Municipio",1,38,336,170,166
050,72,081,"Puerto Rico Commonwealth","Lares Municipio",1,39,351,181,170
050,72,081,"Puerto Rico Commonwealth","Lares Municipio",1,40,359,191,168
050,72,081,"Puerto Rico Commonwealth","Lares Municipio",1,41,356,181,175
050,72,081,"Puerto Rico Commonwealth","Lares Municipio",1,42,344,177,167
050,72,081,"Puerto Rico Commonwealth","Lares Municipio",1,43,330,176,154
050,72,081,"Puerto Rico Commonwealth","Lares Municipio",1,44,336,167,169
050,72,081,"Puerto Rico Commonwealth","Lares Municipio",1,45,348,167,181
050,72,081,"Puerto Rico Commonwealth","Lares Municipio",1,46,338,160,178
050,72,081,"Puerto Rico Commonwealth","Lares Municipio",1,47,333,164,169
050,72,081,"Puerto Rico Commonwealth","Lares Municipio",1,48,360,183,177
050,72,081,"Puerto Rico Commonwealth","Lares Municipio",1,49,368,181,187
050,72,081,"Puerto Rico Commonwealth","Lares Municipio",1,50,359,187,172
050,72,081,"Puerto Rico Commonwealth","Lares Municipio",1,51,349,174,175
050,72,081,"Puerto Rico Commonwealth","Lares Municipio",1,52,357,166,191
050,72,081,"Puerto Rico Commonwealth","Lares Municipio",1,53,381,174,207
050,72,081,"Puerto Rico Commonwealth","Lares Municipio",1,54,428,199,229
050,72,081,"Puerto Rico Commonwealth","Lares Municipio",1,55,437,202,235
050,72,081,"Puerto Rico Commonwealth","Lares Municipio",1,56,397,187,210
050,72,081,"Puerto Rico Commonwealth","Lares Municipio",1,57,371,178,193
050,72,081,"Puerto Rico Commonwealth","Lares Municipio",1,58,380,186,194
050,72,081,"Puerto Rico Commonwealth","Lares Municipio",1,59,429,206,223
050,72,081,"Puerto Rico Commonwealth","Lares Municipio",1,60,444,211,233
050,72,081,"Puerto Rico Commonwealth","Lares Municipio",1,61,405,195,210
050,72,081,"Puerto Rico Commonwealth","Lares Municipio",1,62,398,196,202
050,72,081,"Puerto Rico Commonwealth","Lares Municipio",1,63,386,183,203
050,72,081,"Puerto Rico Commonwealth","Lares Municipio",1,64,382,188,194
050,72,081,"Puerto Rico Commonwealth","Lares Municipio",1,65,391,189,202
050,72,081,"Puerto Rico Commonwealth","Lares Municipio",1,66,365,170,195
050,72,081,"Puerto Rico Commonwealth","Lares Municipio",1,67,336,165,171
050,72,081,"Puerto Rico Commonwealth","Lares Municipio",1,68,327,163,164
050,72,081,"Puerto Rico Commonwealth","Lares Municipio",1,69,325,155,170
050,72,081,"Puerto Rico Commonwealth","Lares Municipio",1,70,334,154,180
050,72,081,"Puerto Rico Commonwealth","Lares Municipio",1,71,357,172,185
050,72,081,"Puerto Rico Commonwealth","Lares Municipio",1,72,349,163,186
050,72,081,"Puerto Rico Commonwealth","Lares Municipio",1,73,345,165,180
050,72,081,"Puerto Rico Commonwealth","Lares Municipio",1,74,326,163,163
050,72,081,"Puerto Rico Commonwealth","Lares Municipio",1,75,276,126,150
050,72,081,"Puerto Rico Commonwealth","Lares Municipio",1,76,263,116,147
050,72,081,"Puerto Rico Commonwealth","Lares Municipio",1,77,236,110,126
050,72,081,"Puerto Rico Commonwealth","Lares Municipio",1,78,204,91,113
050,72,081,"Puerto Rico Commonwealth","Lares Municipio",1,79,209,94,115
050,72,081,"Puerto Rico Commonwealth","Lares Municipio",1,80,190,93,97
050,72,081,"Puerto Rico Commonwealth","Lares Municipio",1,81,170,68,102
050,72,081,"Puerto Rico Commonwealth","Lares Municipio",1,82,156,54,102
050,72,081,"Puerto Rico Commonwealth","Lares Municipio",1,83,142,59,83
050,72,081,"Puerto Rico Commonwealth","Lares Municipio",1,84,135,62,73
050,72,081,"Puerto Rico Commonwealth","Lares Municipio",1,85,779,334,445
050,72,081,"Puerto Rico Commonwealth","Lares Municipio",2,0,180,109,71
050,72,081,"Puerto Rico Commonwealth","Lares Municipio",2,1,186,103,83
050,72,081,"Puerto Rico Commonwealth","Lares Municipio",2,2,187,98,89
050,72,081,"Puerto Rico Commonwealth","Lares Municipio",2,3,211,109,102
050,72,081,"Puerto Rico Commonwealth","Lares Municipio",2,4,227,123,104
050,72,081,"Puerto Rico Commonwealth","Lares Municipio",2,5,256,137,119
050,72,081,"Puerto Rico Commonwealth","Lares Municipio",2,6,274,145,129
050,72,081,"Puerto Rico Commonwealth","Lares Municipio",2,7,279,146,133
050,72,081,"Puerto Rico Commonwealth","Lares Municipio",2,8,270,137,133
050,72,081,"Puerto Rico Commonwealth","Lares Municipio",2,9,283,156,127
050,72,081,"Puerto Rico Commonwealth","Lares Municipio",2,10,307,163,144
050,72,081,"Puerto Rico Commonwealth","Lares Municipio",2,11,291,149,142
050,72,081,"Puerto Rico Commonwealth","Lares Municipio",2,12,278,141,137
050,72,081,"Puerto Rico Commonwealth","Lares Municipio",2,13,305,148,157
050,72,081,"Puerto Rico Commonwealth","Lares Municipio",2,14,305,146,159
050,72,081,"Puerto Rico Commonwealth","Lares Municipio",2,15,319,159,160
050,72,081,"Puerto Rico Commonwealth","Lares Municipio",2,16,320,162,158
050,72,081,"Puerto Rico Commonwealth","Lares Municipio",2,17,315,166,149
050,72,081,"Puerto Rico Commonwealth","Lares Municipio",2,18,331,174,157
050,72,081,"Puerto Rico Commonwealth","Lares Municipio",2,19,344,176,168
050,72,081,"Puerto Rico Commonwealth","Lares Municipio",2,20,361,190,171
050,72,081,"Puerto Rico Commonwealth","Lares Municipio",2,21,327,168,159
050,72,081,"Puerto Rico Commonwealth","Lares Municipio",2,22,322,156,166
050,72,081,"Puerto Rico Commonwealth","Lares Municipio",2,23,340,166,174
050,72,081,"Puerto Rico Commonwealth","Lares Municipio",2,24,350,179,171
050,72,081,"Puerto Rico Commonwealth","Lares Municipio",2,25,352,173,179
050,72,081,"Puerto Rico Commonwealth","Lares Municipio",2,26,369,181,188
050,72,081,"Puerto Rico Commonwealth","Lares Municipio",2,27,380,203,177
050,72,081,"Puerto Rico Commonwealth","Lares Municipio",2,28,369,198,171
050,72,081,"Puerto Rico Commonwealth","Lares Municipio",2,29,369,204,165
050,72,081,"Puerto Rico Commonwealth","Lares Municipio",2,30,389,203,186
050,72,081,"Puerto Rico Commonwealth","Lares Municipio",2,31,359,178,181
050,72,081,"Puerto Rico Commonwealth","Lares Municipio",2,32,337,171,166
050,72,081,"Puerto Rico Commonwealth","Lares Municipio",2,33,332,165,167
050,72,081,"Puerto Rico Commonwealth","Lares Municipio",2,34,327,163,164
050,72,081,"Puerto Rico Commonwealth","Lares Municipio",2,35,343,171,172
050,72,081,"Puerto Rico Commonwealth","Lares Municipio",2,36,353,169,184
050,72,081,"Puerto Rico Commonwealth","Lares Municipio",2,37,341,163,178
050,72,081,"Puerto Rico Commonwealth","Lares Municipio",2,38,336,168,168
050,72,081,"Puerto Rico Commonwealth","Lares Municipio",2,39,347,178,169
050,72,081,"Puerto Rico Commonwealth","Lares Municipio",2,40,356,188,168
050,72,081,"Puerto Rico Commonwealth","Lares Municipio",2,41,357,184,173
050,72,081,"Puerto Rico Commonwealth","Lares Municipio",2,42,347,178,169
050,72,081,"Puerto Rico Commonwealth","Lares Municipio",2,43,334,176,158
050,72,081,"Puerto Rico Commonwealth","Lares Municipio",2,44,333,168,165
050,72,081,"Puerto Rico Commonwealth","Lares Municipio",2,45,345,167,178
050,72,081,"Puerto Rico Commonwealth","Lares Municipio",2,46,341,162,179
050,72,081,"Puerto Rico Commonwealth","Lares Municipio",2,47,334,163,171
050,72,081,"Puerto Rico Commonwealth","Lares Municipio",2,48,353,178,175
050,72,081,"Puerto Rico Commonwealth","Lares Municipio",2,49,366,182,184
050,72,081,"Puerto Rico Commonwealth","Lares Municipio",2,50,361,185,176
050,72,081,"Puerto Rico Commonwealth","Lares Municipio",2,51,352,178,174
050,72,081,"Puerto Rico Commonwealth","Lares Municipio",2,52,354,168,186
050,72,081,"Puerto Rico Commonwealth","Lares Municipio",2,53,375,172,203
050,72,081,"Puerto Rico Commonwealth","Lares Municipio",2,54,416,192,224
050,72,081,"Puerto Rico Commonwealth","Lares Municipio",2,55,435,202,233
050,72,081,"Puerto Rico Commonwealth","Lares Municipio",2,56,406,189,217
050,72,081,"Puerto Rico Commonwealth","Lares Municipio",2,57,378,181,197
050,72,081,"Puerto Rico Commonwealth","Lares Municipio",2,58,377,183,194
050,72,081,"Puerto Rico Commonwealth","Lares Municipio",2,59,417,202,215
050,72,081,"Puerto Rico Commonwealth","Lares Municipio",2,60,440,209,231
050,72,081,"Puerto Rico Commonwealth","Lares Municipio",2,61,414,199,215
050,72,081,"Puerto Rico Commonwealth","Lares Municipio",2,62,400,196,204
050,72,081,"Puerto Rico Commonwealth","Lares Municipio",2,63,386,184,202
050,72,081,"Puerto Rico Commonwealth","Lares Municipio",2,64,384,187,197
050,72,081,"Puerto Rico Commonwealth","Lares Municipio",2,65,387,188,199
050,72,081,"Puerto Rico Commonwealth","Lares Municipio",2,66,371,175,196
050,72,081,"Puerto Rico Commonwealth","Lares Municipio",2,67,341,164,177
050,72,081,"Puerto Rico Commonwealth","Lares Municipio",2,68,328,162,166
050,72,081,"Puerto Rico Commonwealth","Lares Municipio",2,69,325,156,169
050,72,081,"Puerto Rico Commonwealth","Lares Municipio",2,70,329,154,175
050,72,081,"Puerto Rico Commonwealth","Lares Municipio",2,71,349,167,182
050,72,081,"Puerto Rico Commonwealth","Lares Municipio",2,72,350,165,185
050,72,081,"Puerto Rico Commonwealth","Lares Municipio",2,73,346,165,181
050,72,081,"Puerto Rico Commonwealth","Lares Municipio",2,74,329,162,167
050,72,081,"Puerto Rico Commonwealth","Lares Municipio",2,75,289,136,153
050,72,081,"Puerto Rico Commonwealth","Lares Municipio",2,76,264,118,146
050,72,081,"Puerto Rico Commonwealth","Lares Municipio",2,77,242,111,131
050,72,081,"Puerto Rico Commonwealth","Lares Municipio",2,78,210,94,116
050,72,081,"Puerto Rico Commonwealth","Lares Municipio",2,79,207,93,114
050,72,081,"Puerto Rico Commonwealth","Lares Municipio",2,80,192,90,102
050,72,081,"Puerto Rico Commonwealth","Lares Municipio",2,81,173,73,100
050,72,081,"Puerto Rico Commonwealth","Lares Municipio",2,82,159,57,102
050,72,081,"Puerto Rico Commonwealth","Lares Municipio",2,83,142,56,86
050,72,081,"Puerto Rico Commonwealth","Lares Municipio",2,84,132,60,72
050,72,081,"Puerto Rico Commonwealth","Lares Municipio",2,85,793,343,450
050,72,081,"Puerto Rico Commonwealth","Lares Municipio",3,0,128,70,58
050,72,081,"Puerto Rico Commonwealth","Lares Municipio",3,1,181,109,72
050,72,081,"Puerto Rico Commonwealth","Lares Municipio",3,2,186,103,83
050,72,081,"Puerto Rico Commonwealth","Lares Municipio",3,3,187,98,89
050,72,081,"Puerto Rico Commonwealth","Lares Municipio",3,4,212,109,103
050,72,081,"Puerto Rico Commonwealth","Lares Municipio",3,5,226,122,104
050,72,081,"Puerto Rico Commonwealth","Lares Municipio",3,6,257,137,120
050,72,081,"Puerto Rico Commonwealth","Lares Municipio",3,7,277,147,130
050,72,081,"Puerto Rico Commonwealth","Lares Municipio",3,8,280,146,134
050,72,081,"Puerto Rico Commonwealth","Lares Municipio",3,9,270,137,133
050,72,081,"Puerto Rico Commonwealth","Lares Municipio",3,10,283,156,127
050,72,081,"Puerto Rico Commonwealth","Lares Municipio",3,11,306,163,143
050,72,081,"Puerto Rico Commonwealth","Lares Municipio",3,12,291,149,142
050,72,081,"Puerto Rico Commonwealth","Lares Municipio",3,13,278,141,137
050,72,081,"Puerto Rico Commonwealth","Lares Municipio",3,14,302,147,155
050,72,081,"Puerto Rico Commonwealth","Lares Municipio",3,15,303,145,158
050,72,081,"Puerto Rico Commonwealth","Lares Municipio",3,16,315,157,158
050,72,081,"Puerto Rico Commonwealth","Lares Municipio",3,17,322,165,157
050,72,081,"Puerto Rico Commonwealth","Lares Municipio",3,18,306,160,146
050,72,081,"Puerto Rico Commonwealth","Lares Municipio",3,19,324,170,154
050,72,081,"Puerto Rico Commonwealth","Lares Municipio",3,20,340,174,166
050,72,081,"Puerto Rico Commonwealth","Lares Municipio",3,21,356,187,169
050,72,081,"Puerto Rico Commonwealth","Lares Municipio",3,22,326,167,159
050,72,081,"Puerto Rico Commonwealth","Lares Municipio",3,23,322,156,166
050,72,081,"Puerto Rico Commonwealth","Lares Municipio",3,24,339,166,173
050,72,081,"Puerto Rico Commonwealth","Lares Municipio",3,25,350,179,171
050,72,081,"Puerto Rico Commonwealth","Lares Municipio",3,26,353,174,179
050,72,081,"Puerto Rico Commonwealth","Lares Municipio",3,27,371,183,188
050,72,081,"Puerto Rico Commonwealth","Lares Municipio",3,28,383,205,178
050,72,081,"Puerto Rico Commonwealth","Lares Municipio",3,29,366,196,170
050,72,081,"Puerto Rico Commonwealth","Lares Municipio",3,30,372,207,165
050,72,081,"Puerto Rico Commonwealth","Lares Municipio",3,31,393,207,186
050,72,081,"Puerto Rico Commonwealth","Lares Municipio",3,32,358,177,181
050,72,081,"Puerto Rico Commonwealth","Lares Municipio",3,33,340,173,167
050,72,081,"Puerto Rico Commonwealth","Lares Municipio",3,34,335,167,168
050,72,081,"Puerto Rico Commonwealth","Lares Municipio",3,35,328,164,164
050,72,081,"Puerto Rico Commonwealth","Lares Municipio",3,36,344,171,173
050,72,081,"Puerto Rico Commonwealth","Lares Municipio",3,37,356,170,186
050,72,081,"Puerto Rico Commonwealth","Lares Municipio",3,38,345,164,181
050,72,081,"Puerto Rico Commonwealth","Lares Municipio",3,39,334,171,163
050,72,081,"Puerto Rico Commonwealth","Lares Municipio",3,40,348,179,169
050,72,081,"Puerto Rico Commonwealth","Lares Municipio",3,41,357,189,168
050,72,081,"Puerto Rico Commonwealth","Lares Municipio",3,42,361,186,175
050,72,081,"Puerto Rico Commonwealth","Lares Municipio",3,43,347,178,169
050,72,081,"Puerto Rico Commonwealth","Lares Municipio",3,44,334,176,158
050,72,081,"Puerto Rico Commonwealth","Lares Municipio",3,45,334,168,166
050,72,081,"Puerto Rico Commonwealth","Lares Municipio",3,46,346,167,179
050,72,081,"Puerto Rico Commonwealth","Lares Municipio",3,47,343,163,180
050,72,081,"Puerto Rico Commonwealth","Lares Municipio",3,48,335,164,171
050,72,081,"Puerto Rico Commonwealth","Lares Municipio",3,49,357,181,176
050,72,081,"Puerto Rico Commonwealth","Lares Municipio",3,50,363,179,184
050,72,081,"Puerto Rico Commonwealth","Lares Municipio",3,51,362,185,177
050,72,081,"Puerto Rico Commonwealth","Lares Municipio",3,52,356,180,176
050,72,081,"Puerto Rico Commonwealth","Lares Municipio",3,53,349,167,182
050,72,081,"Puerto Rico Commonwealth","Lares Municipio",3,54,375,171,204
050,72,081,"Puerto Rico Commonwealth","Lares Municipio",3,55,415,188,227
050,72,081,"Puerto Rico Commonwealth","Lares Municipio",3,56,432,197,235
050,72,081,"Puerto Rico Commonwealth","Lares Municipio",3,57,408,191,217
050,72,081,"Puerto Rico Commonwealth","Lares Municipio",3,58,382,181,201
050,72,081,"Puerto Rico Commonwealth","Lares Municipio",3,59,377,186,191
050,72,081,"Puerto Rico Commonwealth","Lares Municipio",3,60,420,205,215
050,72,081,"Puerto Rico Commonwealth","Lares Municipio",3,61,432,205,227
050,72,081,"Puerto Rico Commonwealth","Lares Municipio",3,62,416,202,214
050,72,081,"Puerto Rico Commonwealth","Lares Municipio",3,63,405,197,208
050,72,081,"Puerto Rico Commonwealth","Lares Municipio",3,64,381,180,201
050,72,081,"Puerto Rico Commonwealth","Lares Municipio",3,65,385,188,197
050,72,081,"Puerto Rico Commonwealth","Lares Municipio",3,66,384,184,200
050,72,081,"Puerto Rico Commonwealth","Lares Municipio",3,67,363,172,191
050,72,081,"Puerto Rico Commonwealth","Lares Municipio",3,68,339,164,175
050,72,081,"Puerto Rico Commonwealth","Lares Municipio",3,69,327,159,168
050,72,081,"Puerto Rico Commonwealth","Lares Municipio",3,70,331,158,173
050,72,081,"Puerto Rico Commonwealth","Lares Municipio",3,71,316,148,168
050,72,081,"Puerto Rico Commonwealth","Lares Municipio",3,72,342,165,177
050,72,081,"Puerto Rico Commonwealth","Lares Municipio",3,73,342,160,182
050,72,081,"Puerto Rico Commonwealth","Lares Municipio",3,74,338,158,180
050,72,081,"Puerto Rico Commonwealth","Lares Municipio",3,75,320,156,164
050,72,081,"Puerto Rico Commonwealth","Lares Municipio",3,76,278,131,147
050,72,081,"Puerto Rico Commonwealth","Lares Municipio",3,77,263,115,148
050,72,081,"Puerto Rico Commonwealth","Lares Municipio",3,78,227,105,122
050,72,081,"Puerto Rico Commonwealth","Lares Municipio",3,79,206,90,116
050,72,081,"Puerto Rico Commonwealth","Lares Municipio",3,80,192,82,110
050,72,081,"Puerto Rico Commonwealth","Lares Municipio",3,81,181,83,98
050,72,081,"Puerto Rico Commonwealth","Lares Municipio",3,82,160,64,96
050,72,081,"Puerto Rico Commonwealth","Lares Municipio",3,83,146,55,91
050,72,081,"Puerto Rico Commonwealth","Lares Municipio",3,84,136,57,79
050,72,081,"Puerto Rico Commonwealth","Lares Municipio",3,85,830,348,482
050,72,081,"Puerto Rico Commonwealth","Lares Municipio",4,0,160,73,87
050,72,081,"Puerto Rico Commonwealth","Lares Municipio",4,1,126,69,57
050,72,081,"Puerto Rico Commonwealth","Lares Municipio",4,2,179,108,71
050,72,081,"Puerto Rico Commonwealth","Lares Municipio",4,3,184,102,82
050,72,081,"Puerto Rico Commonwealth","Lares Municipio",4,4,185,97,88
050,72,081,"Puerto Rico Commonwealth","Lares Municipio",4,5,210,108,102
050,72,081,"Puerto Rico Commonwealth","Lares Municipio",4,6,224,121,103
050,72,081,"Puerto Rico Commonwealth","Lares Municipio",4,7,256,137,119
050,72,081,"Puerto Rico Commonwealth","Lares Municipio",4,8,274,145,129
050,72,081,"Puerto Rico Commonwealth","Lares Municipio",4,9,278,145,133
050,72,081,"Puerto Rico Commonwealth","Lares Municipio",4,10,267,135,132
050,72,081,"Puerto Rico Commonwealth","Lares Municipio",4,11,279,154,125
050,72,081,"Puerto Rico Commonwealth","Lares Municipio",4,12,302,161,141
050,72,081,"Puerto Rico Commonwealth","Lares Municipio",4,13,288,147,141
050,72,081,"Puerto Rico Commonwealth","Lares Municipio",4,14,272,139,133
050,72,081,"Puerto Rico Commonwealth","Lares Municipio",4,15,297,145,152
050,72,081,"Puerto Rico Commonwealth","Lares Municipio",4,16,296,141,155
050,72,081,"Puerto Rico Commonwealth","Lares Municipio",4,17,313,157,156
050,72,081,"Puerto Rico Commonwealth","Lares Municipio",4,18,311,157,154
050,72,081,"Puerto Rico Commonwealth","Lares Municipio",4,19,300,156,144
050,72,081,"Puerto Rico Commonwealth","Lares Municipio",4,20,315,165,150
050,72,081,"Puerto Rico Commonwealth","Lares Municipio",4,21,334,169,165
050,72,081,"Puerto Rico Commonwealth","Lares Municipio",4,22,350,183,167
050,72,081,"Puerto Rico Commonwealth","Lares Municipio",4,23,321,164,157
050,72,081,"Puerto Rico Commonwealth","Lares Municipio",4,24,317,154,163
050,72,081,"Puerto Rico Commonwealth","Lares Municipio",4,25,333,162,171
050,72,081,"Puerto Rico Commonwealth","Lares Municipio",4,26,347,179,168
050,72,081,"Puerto Rico Commonwealth","Lares Municipio",4,27,351,174,177
050,72,081,"Puerto Rico Commonwealth","Lares Municipio",4,28,368,181,187
050,72,081,"Puerto Rico Commonwealth","Lares Municipio",4,29,374,199,175
050,72,081,"Puerto Rico Commonwealth","Lares Municipio",4,30,361,193,168
050,72,081,"Puerto Rico Commonwealth","Lares Municipio",4,31,373,210,163
050,72,081,"Puerto Rico Commonwealth","Lares Municipio",4,32,392,208,184
050,72,081,"Puerto Rico Commonwealth","Lares Municipio",4,33,356,176,180
050,72,081,"Puerto Rico Commonwealth","Lares Municipio",4,34,341,175,166
050,72,081,"Puerto Rico Commonwealth","Lares Municipio",4,35,334,168,166
050,72,081,"Puerto Rico Commonwealth","Lares Municipio",4,36,325,162,163
050,72,081,"Puerto Rico Commonwealth","Lares Municipio",4,37,343,171,172
050,72,081,"Puerto Rico Commonwealth","Lares Municipio",4,38,355,169,186
050,72,081,"Puerto Rico Commonwealth","Lares Municipio",4,39,344,168,176
050,72,081,"Puerto Rico Commonwealth","Lares Municipio",4,40,333,171,162
050,72,081,"Puerto Rico Commonwealth","Lares Municipio",4,41,346,178,168
050,72,081,"Puerto Rico Commonwealth","Lares Municipio",4,42,358,190,168
050,72,081,"Puerto Rico Commonwealth","Lares Municipio",4,43,360,187,173
050,72,081,"Puerto Rico Commonwealth","Lares Municipio",4,44,347,179,168
050,72,081,"Puerto Rico Commonwealth","Lares Municipio",4,45,333,176,157
050,72,081,"Puerto Rico Commonwealth","Lares Municipio",4,46,335,169,166
050,72,081,"Puerto Rico Commonwealth","Lares Municipio",4,47,346,168,178
050,72,081,"Puerto Rico Commonwealth","Lares Municipio",4,48,341,162,179
050,72,081,"Puerto Rico Commonwealth","Lares Municipio",4,49,340,169,171
050,72,081,"Puerto Rico Commonwealth","Lares Municipio",4,50,354,179,175
050,72,081,"Puerto Rico Commonwealth","Lares Municipio",4,51,365,181,184
050,72,081,"Puerto Rico Commonwealth","Lares Municipio",4,52,367,187,180
050,72,081,"Puerto Rico Commonwealth","Lares Municipio",4,53,350,178,172
050,72,081,"Puerto Rico Commonwealth","Lares Municipio",4,54,349,168,181
050,72,081,"Puerto Rico Commonwealth","Lares Municipio",4,55,378,173,205
050,72,081,"Puerto Rico Commonwealth","Lares Municipio",4,56,418,189,229
050,72,081,"Puerto Rico Commonwealth","Lares Municipio",4,57,432,199,233
050,72,081,"Puerto Rico Commonwealth","Lares Municipio",4,58,414,192,222
050,72,081,"Puerto Rico Commonwealth","Lares Municipio",4,59,383,186,197
050,72,081,"Puerto Rico Commonwealth","Lares Municipio",4,60,382,189,193
050,72,081,"Puerto Rico Commonwealth","Lares Municipio",4,61,416,203,213
050,72,081,"Puerto Rico Commonwealth","Lares Municipio",4,62,431,207,224
050,72,081,"Puerto Rico Commonwealth","Lares Municipio",4,63,419,202,217
050,72,081,"Puerto Rico Commonwealth","Lares Municipio",4,64,401,195,206
050,72,081,"Puerto Rico Commonwealth","Lares Municipio",4,65,385,183,202
050,72,081,"Puerto Rico Commonwealth","Lares Municipio",4,66,384,187,197
050,72,081,"Puerto Rico Commonwealth","Lares Municipio",4,67,373,177,196
050,72,081,"Puerto Rico Commonwealth","Lares Municipio",4,68,361,174,187
050,72,081,"Puerto Rico Commonwealth","Lares Municipio",4,69,334,158,176
050,72,081,"Puerto Rico Commonwealth","Lares Municipio",4,70,331,159,172
050,72,081,"Puerto Rico Commonwealth","Lares Municipio",4,71,319,154,165
050,72,081,"Puerto Rico Commonwealth","Lares Municipio",4,72,307,145,162
050,72,081,"Puerto Rico Commonwealth","Lares Municipio",4,73,335,162,173
050,72,081,"Puerto Rico Commonwealth","Lares Municipio",4,74,335,156,179
050,72,081,"Puerto Rico Commonwealth","Lares Municipio",4,75,332,154,178
050,72,081,"Puerto Rico Commonwealth","Lares Municipio",4,76,307,150,157
050,72,081,"Puerto Rico Commonwealth","Lares Municipio",4,77,272,125,147
050,72,081,"Puerto Rico Commonwealth","Lares Municipio",4,78,245,107,138
050,72,081,"Puerto Rico Commonwealth","Lares Municipio",4,79,226,103,123
050,72,081,"Puerto Rico Commonwealth","Lares Municipio",4,80,197,85,112
050,72,081,"Puerto Rico Commonwealth","Lares Municipio",4,81,181,72,109
050,72,081,"Puerto Rico Commonwealth","Lares Municipio",4,82,166,75,91
050,72,081,"Puerto Rico Commonwealth","Lares Municipio",4,83,142,55,87
050,72,081,"Puerto Rico Commonwealth","Lares Municipio",4,84,136,53,83
050,72,081,"Puerto Rico Commonwealth","Lares Municipio",4,85,853,350,503
050,72,081,"Puerto Rico Commonwealth","Lares Municipio",5,0,136,69,67
050,72,081,"Puerto Rico Commonwealth","Lares Municipio",5,1,163,74,89
050,72,081,"Puerto Rico Commonwealth","Lares Municipio",5,2,125,68,57
050,72,081,"Puerto Rico Commonwealth","Lares Municipio",5,3,180,109,71
050,72,081,"Puerto Rico Commonwealth","Lares Municipio",5,4,186,103,83
050,72,081,"Puerto Rico Commonwealth","Lares Municipio",5,5,186,98,88
050,72,081,"Puerto Rico Commonwealth","Lares Municipio",5,6,212,109,103
050,72,081,"Puerto Rico Commonwealth","Lares Municipio",5,7,227,123,104
050,72,081,"Puerto Rico Commonwealth","Lares Municipio",5,8,257,137,120
050,72,081,"Puerto Rico Commonwealth","Lares Municipio",5,9,276,146,130
050,72,081,"Puerto Rico Commonwealth","Lares Municipio",5,10,279,146,133
050,72,081,"Puerto Rico Commonwealth","Lares Municipio",5,11,267,135,132
050,72,081,"Puerto Rico Commonwealth","Lares Municipio",5,12,279,154,125
050,72,081,"Puerto Rico Commonwealth","Lares Municipio",5,13,303,161,142
050,72,081,"Puerto Rico Commonwealth","Lares Municipio",5,14,287,147,140
050,72,081,"Puerto Rico Commonwealth","Lares Municipio",5,15,271,139,132
050,72,081,"Puerto Rico Commonwealth","Lares Municipio",5,16,295,144,151
050,72,081,"Puerto Rico Commonwealth","Lares Municipio",5,17,301,144,157
050,72,081,"Puerto Rico Commonwealth","Lares Municipio",5,18,306,152,154
050,72,081,"Puerto Rico Commonwealth","Lares Municipio",5,19,310,157,153
050,72,081,"Puerto Rico Commonwealth","Lares Municipio",5,20,292,151,141
050,72,081,"Puerto Rico Commonwealth","Lares Municipio",5,21,315,163,152
050,72,081,"Puerto Rico Commonwealth","Lares Municipio",5,22,331,168,163
050,72,081,"Puerto Rico Commonwealth","Lares Municipio",5,23,351,183,168
050,72,081,"Puerto Rico Commonwealth","Lares Municipio",5,24,323,166,157
050,72,081,"Puerto Rico Commonwealth","Lares Municipio",5,25,317,153,164
050,72,081,"Puerto Rico Commonwealth","Lares Municipio",5,26,337,165,172
050,72,081,"Puerto Rico Commonwealth","Lares Municipio",5,27,350,182,168
050,72,081,"Puerto Rico Commonwealth","Lares Municipio",5,28,350,172,178
050,72,081,"Puerto Rico Commonwealth","Lares Municipio",5,29,365,179,186
050,72,081,"Puerto Rico Commonwealth","Lares Municipio",5,30,378,202,176
050,72,081,"Puerto Rico Commonwealth","Lares Municipio",5,31,369,200,169
050,72,081,"Puerto Rico Commonwealth","Lares Municipio",5,32,377,214,163
050,72,081,"Puerto Rico Commonwealth","Lares Municipio",5,33,397,212,185
050,72,081,"Puerto Rico Commonwealth","Lares Municipio",5,34,360,179,181
050,72,081,"Puerto Rico Commonwealth","Lares Municipio",5,35,344,178,166
050,72,081,"Puerto Rico Commonwealth","Lares Municipio",5,36,335,167,168
050,72,081,"Puerto Rico Commonwealth","Lares Municipio",5,37,331,167,164
050,72,081,"Puerto Rico Commonwealth","Lares Municipio",5,38,348,173,175
050,72,081,"Puerto Rico Commonwealth","Lares Municipio",5,39,356,173,183
050,72,081,"Puerto Rico Commonwealth","Lares Municipio",5,40,345,168,177
050,72,081,"Puerto Rico Commonwealth","Lares Municipio",5,41,332,169,163
050,72,081,"Puerto Rico Commonwealth","Lares Municipio",5,42,353,183,170
050,72,081,"Puerto Rico Commonwealth","Lares Municipio",5,43,361,193,168
050,72,081,"Puerto Rico Commonwealth","Lares Municipio",5,44,362,188,174
050,72,081,"Puerto Rico Commonwealth","Lares Municipio",5,45,349,180,169
050,72,081,"Puerto Rico Commonwealth","Lares Municipio",5,46,338,179,159
050,72,081,"Puerto Rico Commonwealth","Lares Municipio",5,47,337,171,166
050,72,081,"Puerto Rico Commonwealth","Lares Municipio",5,48,346,167,179
050,72,081,"Puerto Rico Commonwealth","Lares Municipio",5,49,349,169,180
050,72,081,"Puerto Rico Commonwealth","Lares Municipio",5,50,336,165,171
050,72,081,"Puerto Rico Commonwealth","Lares Municipio",5,51,359,183,176
050,72,081,"Puerto Rico Commonwealth","Lares Municipio",5,52,370,182,188
050,72,081,"Puerto Rico Commonwealth","Lares Municipio",5,53,367,189,178
050,72,081,"Puerto Rico Commonwealth","Lares Municipio",5,54,349,178,171
050,72,081,"Puerto Rico Commonwealth","Lares Municipio",5,55,353,170,183
050,72,081,"Puerto Rico Commonwealth","Lares Municipio",5,56,379,172,207
050,72,081,"Puerto Rico Commonwealth","Lares Municipio",5,57,418,189,229
050,72,081,"Puerto Rico Commonwealth","Lares Municipio",5,58,435,197,238
050,72,081,"Puerto Rico Commonwealth","Lares Municipio",5,59,417,199,218
050,72,081,"Puerto Rico Commonwealth","Lares Municipio",5,60,385,187,198
050,72,081,"Puerto Rico Commonwealth","Lares Municipio",5,61,372,184,188
050,72,081,"Puerto Rico Commonwealth","Lares Municipio",5,62,415,203,212
050,72,081,"Puerto Rico Commonwealth","Lares Municipio",5,63,434,210,224
050,72,081,"Puerto Rico Commonwealth","Lares Municipio",5,64,413,198,215
050,72,081,"Puerto Rico Commonwealth","Lares Municipio",5,65,404,196,208
050,72,081,"Puerto Rico Commonwealth","Lares Municipio",5,66,386,182,204
050,72,081,"Puerto Rico Commonwealth","Lares Municipio",5,67,377,182,195
050,72,081,"Puerto Rico Commonwealth","Lares Municipio",5,68,373,177,196
050,72,081,"Puerto Rico Commonwealth","Lares Municipio",5,69,361,171,190
050,72,081,"Puerto Rico Commonwealth","Lares Municipio",5,70,340,159,181
050,72,081,"Puerto Rico Commonwealth","Lares Municipio",5,71,319,152,167
050,72,081,"Puerto Rico Commonwealth","Lares Municipio",5,72,311,152,159
050,72,081,"Puerto Rico Commonwealth","Lares Municipio",5,73,293,137,156
050,72,081,"Puerto Rico Commonwealth","Lares Municipio",5,74,331,159,172
050,72,081,"Puerto Rico Commonwealth","Lares Municipio",5,75,329,153,176
050,72,081,"Puerto Rico Commonwealth","Lares Municipio",5,76,317,149,168
050,72,081,"Puerto Rico Commonwealth","Lares Municipio",5,77,300,144,156
050,72,081,"Puerto Rico Commonwealth","Lares Municipio",5,78,257,120,137
050,72,081,"Puerto Rico Commonwealth","Lares Municipio",5,79,245,106,139
050,72,081,"Puerto Rico Commonwealth","Lares Municipio",5,80,212,97,115
050,72,081,"Puerto Rico Commonwealth","Lares Municipio",5,81,189,79,110
050,72,081,"Puerto Rico Commonwealth","Lares Municipio",5,82,176,66,110
050,72,081,"Puerto Rico Commonwealth","Lares Municipio",5,83,151,73,78
050,72,081,"Puerto Rico Commonwealth","Lares Municipio",5,84,132,54,78
050,72,081,"Puerto Rico Commonwealth","Lares Municipio",5,85,880,348,532
050,72,083,"Puerto Rico Commonwealth","Las Marías Municipio",1,0,53,22,31
050,72,083,"Puerto Rico Commonwealth","Las Marías Municipio",1,1,66,33,33
050,72,083,"Puerto Rico Commonwealth","Las Marías Municipio",1,2,59,23,36
050,72,083,"Puerto Rico Commonwealth","Las Marías Municipio",1,3,77,37,40
050,72,083,"Puerto Rico Commonwealth","Las Marías Municipio",1,4,86,48,38
050,72,083,"Puerto Rico Commonwealth","Las Marías Municipio",1,5,81,40,41
050,72,083,"Puerto Rico Commonwealth","Las Marías Municipio",1,6,96,48,48
050,72,083,"Puerto Rico Commonwealth","Las Marías Municipio",1,7,114,54,60
050,72,083,"Puerto Rico Commonwealth","Las Marías Municipio",1,8,116,60,56
050,72,083,"Puerto Rico Commonwealth","Las Marías Municipio",1,9,103,52,51
050,72,083,"Puerto Rico Commonwealth","Las Marías Municipio",1,10,114,58,56
050,72,083,"Puerto Rico Commonwealth","Las Marías Municipio",1,11,123,56,67
050,72,083,"Puerto Rico Commonwealth","Las Marías Municipio",1,12,103,55,48
050,72,083,"Puerto Rico Commonwealth","Las Marías Municipio",1,13,106,59,47
050,72,083,"Puerto Rico Commonwealth","Las Marías Municipio",1,14,106,53,53
050,72,083,"Puerto Rico Commonwealth","Las Marías Municipio",1,15,98,45,53
050,72,083,"Puerto Rico Commonwealth","Las Marías Municipio",1,16,106,54,52
050,72,083,"Puerto Rico Commonwealth","Las Marías Municipio",1,17,101,54,47
050,72,083,"Puerto Rico Commonwealth","Las Marías Municipio",1,18,90,44,46
050,72,083,"Puerto Rico Commonwealth","Las Marías Municipio",1,19,115,64,51
050,72,083,"Puerto Rico Commonwealth","Las Marías Municipio",1,20,108,56,52
050,72,083,"Puerto Rico Commonwealth","Las Marías Municipio",1,21,93,53,40
050,72,083,"Puerto Rico Commonwealth","Las Marías Municipio",1,22,113,59,54
050,72,083,"Puerto Rico Commonwealth","Las Marías Municipio",1,23,119,55,64
050,72,083,"Puerto Rico Commonwealth","Las Marías Municipio",1,24,118,55,63
050,72,083,"Puerto Rico Commonwealth","Las Marías Municipio",1,25,122,60,62
050,72,083,"Puerto Rico Commonwealth","Las Marías Municipio",1,26,126,72,54
050,72,083,"Puerto Rico Commonwealth","Las Marías Municipio",1,27,115,52,63
050,72,083,"Puerto Rico Commonwealth","Las Marías Municipio",1,28,117,57,60
050,72,083,"Puerto Rico Commonwealth","Las Marías Municipio",1,29,128,64,64
050,72,083,"Puerto Rico Commonwealth","Las Marías Municipio",1,30,124,69,55
050,72,083,"Puerto Rico Commonwealth","Las Marías Municipio",1,31,103,52,51
050,72,083,"Puerto Rico Commonwealth","Las Marías Municipio",1,32,104,56,48
050,72,083,"Puerto Rico Commonwealth","Las Marías Municipio",1,33,94,43,51
050,72,083,"Puerto Rico Commonwealth","Las Marías Municipio",1,34,98,50,48
050,72,083,"Puerto Rico Commonwealth","Las Marías Municipio",1,35,81,40,41
050,72,083,"Puerto Rico Commonwealth","Las Marías Municipio",1,36,87,40,47
050,72,083,"Puerto Rico Commonwealth","Las Marías Municipio",1,37,98,43,55
050,72,083,"Puerto Rico Commonwealth","Las Marías Municipio",1,38,102,49,53
050,72,083,"Puerto Rico Commonwealth","Las Marías Municipio",1,39,103,47,56
050,72,083,"Puerto Rico Commonwealth","Las Marías Municipio",1,40,111,59,52
050,72,083,"Puerto Rico Commonwealth","Las Marías Municipio",1,41,105,58,47
050,72,083,"Puerto Rico Commonwealth","Las Marías Municipio",1,42,101,55,46
050,72,083,"Puerto Rico Commonwealth","Las Marías Municipio",1,43,100,53,47
050,72,083,"Puerto Rico Commonwealth","Las Marías Municipio",1,44,102,47,55
050,72,083,"Puerto Rico Commonwealth","Las Marías Municipio",1,45,119,61,58
050,72,083,"Puerto Rico Commonwealth","Las Marías Municipio",1,46,92,46,46
050,72,083,"Puerto Rico Commonwealth","Las Marías Municipio",1,47,99,55,44
050,72,083,"Puerto Rico Commonwealth","Las Marías Municipio",1,48,109,55,54
050,72,083,"Puerto Rico Commonwealth","Las Marías Municipio",1,49,109,51,58
050,72,083,"Puerto Rico Commonwealth","Las Marías Municipio",1,50,108,59,49
050,72,083,"Puerto Rico Commonwealth","Las Marías Municipio",1,51,103,48,55
050,72,083,"Puerto Rico Commonwealth","Las Marías Municipio",1,52,102,47,55
050,72,083,"Puerto Rico Commonwealth","Las Marías Municipio",1,53,123,55,68
050,72,083,"Puerto Rico Commonwealth","Las Marías Municipio",1,54,127,56,71
050,72,083,"Puerto Rico Commonwealth","Las Marías Municipio",1,55,125,56,69
050,72,083,"Puerto Rico Commonwealth","Las Marías Municipio",1,56,127,60,67
050,72,083,"Puerto Rico Commonwealth","Las Marías Municipio",1,57,123,63,60
050,72,083,"Puerto Rico Commonwealth","Las Marías Municipio",1,58,115,60,55
050,72,083,"Puerto Rico Commonwealth","Las Marías Municipio",1,59,129,67,62
050,72,083,"Puerto Rico Commonwealth","Las Marías Municipio",1,60,135,73,62
050,72,083,"Puerto Rico Commonwealth","Las Marías Municipio",1,61,121,63,58
050,72,083,"Puerto Rico Commonwealth","Las Marías Municipio",1,62,124,63,61
050,72,083,"Puerto Rico Commonwealth","Las Marías Municipio",1,63,125,62,63
050,72,083,"Puerto Rico Commonwealth","Las Marías Municipio",1,64,120,57,63
050,72,083,"Puerto Rico Commonwealth","Las Marías Municipio",1,65,127,59,68
050,72,083,"Puerto Rico Commonwealth","Las Marías Municipio",1,66,119,59,60
050,72,083,"Puerto Rico Commonwealth","Las Marías Municipio",1,67,110,51,59
050,72,083,"Puerto Rico Commonwealth","Las Marías Municipio",1,68,101,41,60
050,72,083,"Puerto Rico Commonwealth","Las Marías Municipio",1,69,104,44,60
050,72,083,"Puerto Rico Commonwealth","Las Marías Municipio",1,70,113,58,55
050,72,083,"Puerto Rico Commonwealth","Las Marías Municipio",1,71,103,54,49
050,72,083,"Puerto Rico Commonwealth","Las Marías Municipio",1,72,105,51,54
050,72,083,"Puerto Rico Commonwealth","Las Marías Municipio",1,73,110,49,61
050,72,083,"Puerto Rico Commonwealth","Las Marías Municipio",1,74,106,53,53
050,72,083,"Puerto Rico Commonwealth","Las Marías Municipio",1,75,93,48,45
050,72,083,"Puerto Rico Commonwealth","Las Marías Municipio",1,76,83,38,45
050,72,083,"Puerto Rico Commonwealth","Las Marías Municipio",1,77,69,36,33
050,72,083,"Puerto Rico Commonwealth","Las Marías Municipio",1,78,61,36,25
050,72,083,"Puerto Rico Commonwealth","Las Marías Municipio",1,79,55,25,30
050,72,083,"Puerto Rico Commonwealth","Las Marías Municipio",1,80,64,36,28
050,72,083,"Puerto Rico Commonwealth","Las Marías Municipio",1,81,57,29,28
050,72,083,"Puerto Rico Commonwealth","Las Marías Municipio",1,82,55,26,29
050,72,083,"Puerto Rico Commonwealth","Las Marías Municipio",1,83,49,25,24
050,72,083,"Puerto Rico Commonwealth","Las Marías Municipio",1,84,41,23,18
050,72,083,"Puerto Rico Commonwealth","Las Marías Municipio",1,85,229,91,138
050,72,083,"Puerto Rico Commonwealth","Las Marías Municipio",2,0,46,17,29
050,72,083,"Puerto Rico Commonwealth","Las Marías Municipio",2,1,64,31,33
050,72,083,"Puerto Rico Commonwealth","Las Marías Municipio",2,2,60,25,35
050,72,083,"Puerto Rico Commonwealth","Las Marías Municipio",2,3,73,34,39
050,72,083,"Puerto Rico Commonwealth","Las Marías Municipio",2,4,83,45,38
050,72,083,"Puerto Rico Commonwealth","Las Marías Municipio",2,5,83,42,41
050,72,083,"Puerto Rico Commonwealth","Las Marías Municipio",2,6,92,46,46
050,72,083,"Puerto Rico Commonwealth","Las Marías Municipio",2,7,109,52,57
050,72,083,"Puerto Rico Commonwealth","Las Marías Municipio",2,8,116,59,57
050,72,083,"Puerto Rico Commonwealth","Las Marías Municipio",2,9,106,54,52
050,72,083,"Puerto Rico Commonwealth","Las Marías Municipio",2,10,111,56,55
050,72,083,"Puerto Rico Commonwealth","Las Marías Municipio",2,11,121,57,64
050,72,083,"Puerto Rico Commonwealth","Las Marías Municipio",2,12,108,55,53
050,72,083,"Puerto Rico Commonwealth","Las Marías Municipio",2,13,105,58,47
050,72,083,"Puerto Rico Commonwealth","Las Marías Municipio",2,14,107,55,52
050,72,083,"Puerto Rico Commonwealth","Las Marías Municipio",2,15,99,47,52
050,72,083,"Puerto Rico Commonwealth","Las Marías Municipio",2,16,104,52,52
050,72,083,"Puerto Rico Commonwealth","Las Marías Municipio",2,17,102,54,48
050,72,083,"Puerto Rico Commonwealth","Las Marías Municipio",2,18,93,46,47
050,72,083,"Puerto Rico Commonwealth","Las Marías Municipio",2,19,108,59,49
050,72,083,"Puerto Rico Commonwealth","Las Marías Municipio",2,20,110,58,52
050,72,083,"Puerto Rico Commonwealth","Las Marías Municipio",2,21,97,54,43
050,72,083,"Puerto Rico Commonwealth","Las Marías Municipio",2,22,108,57,51
050,72,083,"Puerto Rico Commonwealth","Las Marías Municipio",2,23,117,56,61
050,72,083,"Puerto Rico Commonwealth","Las Marías Municipio",2,24,118,55,63
050,72,083,"Puerto Rico Commonwealth","Las Marías Municipio",2,25,122,59,63
050,72,083,"Puerto Rico Commonwealth","Las Marías Municipio",2,26,124,69,55
050,72,083,"Puerto Rico Commonwealth","Las Marías Municipio",2,27,118,57,61
050,72,083,"Puerto Rico Commonwealth","Las Marías Municipio",2,28,117,56,61
050,72,083,"Puerto Rico Commonwealth","Las Marías Municipio",2,29,125,62,63
050,72,083,"Puerto Rico Commonwealth","Las Marías Municipio",2,30,125,68,57
050,72,083,"Puerto Rico Commonwealth","Las Marías Municipio",2,31,108,56,52
050,72,083,"Puerto Rico Commonwealth","Las Marías Municipio",2,32,104,55,49
050,72,083,"Puerto Rico Commonwealth","Las Marías Municipio",2,33,96,46,50
050,72,083,"Puerto Rico Commonwealth","Las Marías Municipio",2,34,97,48,49
050,72,083,"Puerto Rico Commonwealth","Las Marías Municipio",2,35,86,43,43
050,72,083,"Puerto Rico Commonwealth","Las Marías Municipio",2,36,85,40,45
050,72,083,"Puerto Rico Commonwealth","Las Marías Municipio",2,37,95,42,53
050,72,083,"Puerto Rico Commonwealth","Las Marías Municipio",2,38,102,48,54
050,72,083,"Puerto Rico Commonwealth","Las Marías Municipio",2,39,102,47,55
050,72,083,"Puerto Rico Commonwealth","Las Marías Municipio",2,40,109,56,53
050,72,083,"Puerto Rico Commonwealth","Las Marías Municipio",2,41,107,59,48
050,72,083,"Puerto Rico Commonwealth","Las Marías Municipio",2,42,101,55,46
050,72,083,"Puerto Rico Commonwealth","Las Marías Municipio",2,43,101,54,47
050,72,083,"Puerto Rico Commonwealth","Las Marías Municipio",2,44,101,48,53
050,72,083,"Puerto Rico Commonwealth","Las Marías Municipio",2,45,116,58,58
050,72,083,"Puerto Rico Commonwealth","Las Marías Municipio",2,46,98,49,49
050,72,083,"Puerto Rico Commonwealth","Las Marías Municipio",2,47,97,53,44
050,72,083,"Puerto Rico Commonwealth","Las Marías Municipio",2,48,107,55,52
050,72,083,"Puerto Rico Commonwealth","Las Marías Municipio",2,49,109,52,57
050,72,083,"Puerto Rico Commonwealth","Las Marías Municipio",2,50,108,57,51
050,72,083,"Puerto Rico Commonwealth","Las Marías Municipio",2,51,104,51,53
050,72,083,"Puerto Rico Commonwealth","Las Marías Municipio",2,52,101,46,55
050,72,083,"Puerto Rico Commonwealth","Las Marías Municipio",2,53,118,53,65
050,72,083,"Puerto Rico Commonwealth","Las Marías Municipio",2,54,126,56,70
050,72,083,"Puerto Rico Commonwealth","Las Marías Municipio",2,55,126,56,70
050,72,083,"Puerto Rico Commonwealth","Las Marías Municipio",2,56,126,59,67
050,72,083,"Puerto Rico Commonwealth","Las Marías Municipio",2,57,124,62,62
050,72,083,"Puerto Rico Commonwealth","Las Marías Municipio",2,58,116,60,56
050,72,083,"Puerto Rico Commonwealth","Las Marías Municipio",2,59,126,65,61
050,72,083,"Puerto Rico Commonwealth","Las Marías Municipio",2,60,134,72,62
050,72,083,"Puerto Rico Commonwealth","Las Marías Municipio",2,61,122,64,58
050,72,083,"Puerto Rico Commonwealth","Las Marías Municipio",2,62,123,63,60
050,72,083,"Puerto Rico Commonwealth","Las Marías Municipio",2,63,124,63,61
050,72,083,"Puerto Rico Commonwealth","Las Marías Municipio",2,64,121,58,63
050,72,083,"Puerto Rico Commonwealth","Las Marías Municipio",2,65,124,58,66
050,72,083,"Puerto Rico Commonwealth","Las Marías Municipio",2,66,119,57,62
050,72,083,"Puerto Rico Commonwealth","Las Marías Municipio",2,67,112,53,59
050,72,083,"Puerto Rico Commonwealth","Las Marías Municipio",2,68,104,44,60
050,72,083,"Puerto Rico Commonwealth","Las Marías Municipio",2,69,103,43,60
050,72,083,"Puerto Rico Commonwealth","Las Marías Municipio",2,70,111,55,56
050,72,083,"Puerto Rico Commonwealth","Las Marías Municipio",2,71,105,54,51
050,72,083,"Puerto Rico Commonwealth","Las Marías Municipio",2,72,104,52,52
050,72,083,"Puerto Rico Commonwealth","Las Marías Municipio",2,73,109,50,59
050,72,083,"Puerto Rico Commonwealth","Las Marías Municipio",2,74,107,52,55
050,72,083,"Puerto Rico Commonwealth","Las Marías Municipio",2,75,95,49,46
050,72,083,"Puerto Rico Commonwealth","Las Marías Municipio",2,76,86,41,45
050,72,083,"Puerto Rico Commonwealth","Las Marías Municipio",2,77,70,35,35
050,72,083,"Puerto Rico Commonwealth","Las Marías Municipio",2,78,62,36,26
050,72,083,"Puerto Rico Commonwealth","Las Marías Municipio",2,79,55,27,28
050,72,083,"Puerto Rico Commonwealth","Las Marías Municipio",2,80,62,33,29
050,72,083,"Puerto Rico Commonwealth","Las Marías Municipio",2,81,57,30,27
050,72,083,"Puerto Rico Commonwealth","Las Marías Municipio",2,82,55,26,29
050,72,083,"Puerto Rico Commonwealth","Las Marías Municipio",2,83,50,25,25
050,72,083,"Puerto Rico Commonwealth","Las Marías Municipio",2,84,43,23,20
050,72,083,"Puerto Rico Commonwealth","Las Marías Municipio",2,85,232,93,139
050,72,083,"Puerto Rico Commonwealth","Las Marías Municipio",3,0,43,20,23
050,72,083,"Puerto Rico Commonwealth","Las Marías Municipio",3,1,46,17,29
050,72,083,"Puerto Rico Commonwealth","Las Marías Municipio",3,2,64,31,33
050,72,083,"Puerto Rico Commonwealth","Las Marías Municipio",3,3,60,25,35
050,72,083,"Puerto Rico Commonwealth","Las Marías Municipio",3,4,73,34,39
050,72,083,"Puerto Rico Commonwealth","Las Marías Municipio",3,5,83,45,38
050,72,083,"Puerto Rico Commonwealth","Las Marías Municipio",3,6,83,42,41
050,72,083,"Puerto Rico Commonwealth","Las Marías Municipio",3,7,92,46,46
050,72,083,"Puerto Rico Commonwealth","Las Marías Municipio",3,8,109,52,57
050,72,083,"Puerto Rico Commonwealth","Las Marías Municipio",3,9,116,59,57
050,72,083,"Puerto Rico Commonwealth","Las Marías Municipio",3,10,106,54,52
050,72,083,"Puerto Rico Commonwealth","Las Marías Municipio",3,11,110,56,54
050,72,083,"Puerto Rico Commonwealth","Las Marías Municipio",3,12,121,57,64
050,72,083,"Puerto Rico Commonwealth","Las Marías Municipio",3,13,108,55,53
050,72,083,"Puerto Rico Commonwealth","Las Marías Municipio",3,14,105,58,47
050,72,083,"Puerto Rico Commonwealth","Las Marías Municipio",3,15,107,55,52
050,72,083,"Puerto Rico Commonwealth","Las Marías Municipio",3,16,99,47,52
050,72,083,"Puerto Rico Commonwealth","Las Marías Municipio",3,17,104,52,52
050,72,083,"Puerto Rico Commonwealth","Las Marías Municipio",3,18,100,53,47
050,72,083,"Puerto Rico Commonwealth","Las Marías Municipio",3,19,93,47,46
050,72,083,"Puerto Rico Commonwealth","Las Marías Municipio",3,20,108,59,49
050,72,083,"Puerto Rico Commonwealth","Las Marías Municipio",3,21,107,56,51
050,72,083,"Puerto Rico Commonwealth","Las Marías Municipio",3,22,96,53,43
050,72,083,"Puerto Rico Commonwealth","Las Marías Municipio",3,23,109,58,51
050,72,083,"Puerto Rico Commonwealth","Las Marías Municipio",3,24,115,54,61
050,72,083,"Puerto Rico Commonwealth","Las Marías Municipio",3,25,117,54,63
050,72,083,"Puerto Rico Commonwealth","Las Marías Municipio",3,26,123,60,63
050,72,083,"Puerto Rico Commonwealth","Las Marías Municipio",3,27,122,68,54
050,72,083,"Puerto Rico Commonwealth","Las Marías Municipio",3,28,118,58,60
050,72,083,"Puerto Rico Commonwealth","Las Marías Municipio",3,29,112,52,60
050,72,083,"Puerto Rico Commonwealth","Las Marías Municipio",3,30,127,65,62
050,72,083,"Puerto Rico Commonwealth","Las Marías Municipio",3,31,122,66,56
050,72,083,"Puerto Rico Commonwealth","Las Marías Municipio",3,32,108,56,52
050,72,083,"Puerto Rico Commonwealth","Las Marías Municipio",3,33,104,55,49
050,72,083,"Puerto Rico Commonwealth","Las Marías Municipio",3,34,96,46,50
050,72,083,"Puerto Rico Commonwealth","Las Marías Municipio",3,35,99,50,49
050,72,083,"Puerto Rico Commonwealth","Las Marías Municipio",3,36,85,42,43
050,72,083,"Puerto Rico Commonwealth","Las Marías Municipio",3,37,85,40,45
050,72,083,"Puerto Rico Commonwealth","Las Marías Municipio",3,38,94,41,53
050,72,083,"Puerto Rico Commonwealth","Las Marías Municipio",3,39,102,49,53
050,72,083,"Puerto Rico Commonwealth","Las Marías Municipio",3,40,102,47,55
050,72,083,"Puerto Rico Commonwealth","Las Marías Municipio",3,41,108,55,53
050,72,083,"Puerto Rico Commonwealth","Las Marías Municipio",3,42,110,62,48
050,72,083,"Puerto Rico Commonwealth","Las Marías Municipio",3,43,100,54,46
050,72,083,"Puerto Rico Commonwealth","Las Marías Municipio",3,44,100,53,47
050,72,083,"Puerto Rico Commonwealth","Las Marías Municipio",3,45,102,49,53
050,72,083,"Puerto Rico Commonwealth","Las Marías Municipio",3,46,115,57,58
050,72,083,"Puerto Rico Commonwealth","Las Marías Municipio",3,47,99,50,49
050,72,083,"Puerto Rico Commonwealth","Las Marías Municipio",3,48,96,52,44
050,72,083,"Puerto Rico Commonwealth","Las Marías Municipio",3,49,106,54,52
050,72,083,"Puerto Rico Commonwealth","Las Marías Municipio",3,50,109,52,57
050,72,083,"Puerto Rico Commonwealth","Las Marías Municipio",3,51,108,57,51
050,72,083,"Puerto Rico Commonwealth","Las Marías Municipio",3,52,102,49,53
050,72,083,"Puerto Rico Commonwealth","Las Marías Municipio",3,53,101,46,55
050,72,083,"Puerto Rico Commonwealth","Las Marías Municipio",3,54,117,52,65
050,72,083,"Puerto Rico Commonwealth","Las Marías Municipio",3,55,128,58,70
050,72,083,"Puerto Rico Commonwealth","Las Marías Municipio",3,56,124,54,70
050,72,083,"Puerto Rico Commonwealth","Las Marías Municipio",3,57,126,59,67
050,72,083,"Puerto Rico Commonwealth","Las Marías Municipio",3,58,125,63,62
050,72,083,"Puerto Rico Commonwealth","Las Marías Municipio",3,59,114,58,56
050,72,083,"Puerto Rico Commonwealth","Las Marías Municipio",3,60,127,66,61
050,72,083,"Puerto Rico Commonwealth","Las Marías Municipio",3,61,135,73,62
050,72,083,"Puerto Rico Commonwealth","Las Marías Municipio",3,62,120,62,58
050,72,083,"Puerto Rico Commonwealth","Las Marías Municipio",3,63,123,63,60
050,72,083,"Puerto Rico Commonwealth","Las Marías Municipio",3,64,125,64,61
050,72,083,"Puerto Rico Commonwealth","Las Marías Municipio",3,65,116,55,61
050,72,083,"Puerto Rico Commonwealth","Las Marías Municipio",3,66,123,57,66
050,72,083,"Puerto Rico Commonwealth","Las Marías Municipio",3,67,116,54,62
050,72,083,"Puerto Rico Commonwealth","Las Marías Municipio",3,68,111,52,59
050,72,083,"Puerto Rico Commonwealth","Las Marías Municipio",3,69,102,43,59
050,72,083,"Puerto Rico Commonwealth","Las Marías Municipio",3,70,101,42,59
050,72,083,"Puerto Rico Commonwealth","Las Marías Municipio",3,71,111,55,56
050,72,083,"Puerto Rico Commonwealth","Las Marías Municipio",3,72,104,53,51
050,72,083,"Puerto Rico Commonwealth","Las Marías Municipio",3,73,104,52,52
050,72,083,"Puerto Rico Commonwealth","Las Marías Municipio",3,74,108,49,59
050,72,083,"Puerto Rico Commonwealth","Las Marías Municipio",3,75,106,52,54
050,72,083,"Puerto Rico Commonwealth","Las Marías Municipio",3,76,92,47,45
050,72,083,"Puerto Rico Commonwealth","Las Marías Municipio",3,77,83,39,44
050,72,083,"Puerto Rico Commonwealth","Las Marías Municipio",3,78,70,35,35
050,72,083,"Puerto Rico Commonwealth","Las Marías Municipio",3,79,60,35,25
050,72,083,"Puerto Rico Commonwealth","Las Marías Municipio",3,80,54,26,28
050,72,083,"Puerto Rico Commonwealth","Las Marías Municipio",3,81,61,32,29
050,72,083,"Puerto Rico Commonwealth","Las Marías Municipio",3,82,53,28,25
050,72,083,"Puerto Rico Commonwealth","Las Marías Municipio",3,83,52,24,28
050,72,083,"Puerto Rico Commonwealth","Las Marías Municipio",3,84,48,25,23
050,72,083,"Puerto Rico Commonwealth","Las Marías Municipio",3,85,250,100,150
050,72,083,"Puerto Rico Commonwealth","Las Marías Municipio",4,0,37,20,17
050,72,083,"Puerto Rico Commonwealth","Las Marías Municipio",4,1,43,20,23
050,72,083,"Puerto Rico Commonwealth","Las Marías Municipio",4,2,46,17,29
050,72,083,"Puerto Rico Commonwealth","Las Marías Municipio",4,3,64,31,33
050,72,083,"Puerto Rico Commonwealth","Las Marías Municipio",4,4,60,25,35
050,72,083,"Puerto Rico Commonwealth","Las Marías Municipio",4,5,73,34,39
050,72,083,"Puerto Rico Commonwealth","Las Marías Municipio",4,6,83,45,38
050,72,083,"Puerto Rico Commonwealth","Las Marías Municipio",4,7,82,42,40
050,72,083,"Puerto Rico Commonwealth","Las Marías Municipio",4,8,90,45,45
050,72,083,"Puerto Rico Commonwealth","Las Marías Municipio",4,9,107,51,56
050,72,083,"Puerto Rico Commonwealth","Las Marías Municipio",4,10,114,58,56
050,72,083,"Puerto Rico Commonwealth","Las Marías Municipio",4,11,104,53,51
050,72,083,"Puerto Rico Commonwealth","Las Marías Municipio",4,12,108,55,53
050,72,083,"Puerto Rico Commonwealth","Las Marías Municipio",4,13,119,56,63
050,72,083,"Puerto Rico Commonwealth","Las Marías Municipio",4,14,106,54,52
050,72,083,"Puerto Rico Commonwealth","Las Marías Municipio",4,15,103,57,46
050,72,083,"Puerto Rico Commonwealth","Las Marías Municipio",4,16,105,54,51
050,72,083,"Puerto Rico Commonwealth","Las Marías Municipio",4,17,97,46,51
050,72,083,"Puerto Rico Commonwealth","Las Marías Municipio",4,18,101,50,51
050,72,083,"Puerto Rico Commonwealth","Las Marías Municipio",4,19,100,55,45
050,72,083,"Puerto Rico Commonwealth","Las Marías Municipio",4,20,93,48,45
050,72,083,"Puerto Rico Commonwealth","Las Marías Municipio",4,21,105,57,48
050,72,083,"Puerto Rico Commonwealth","Las Marías Municipio",4,22,104,54,50
050,72,083,"Puerto Rico Commonwealth","Las Marías Municipio",4,23,95,53,42
050,72,083,"Puerto Rico Commonwealth","Las Marías Municipio",4,24,106,56,50
050,72,083,"Puerto Rico Commonwealth","Las Marías Municipio",4,25,112,52,60
050,72,083,"Puerto Rico Commonwealth","Las Marías Municipio",4,26,118,56,62
050,72,083,"Puerto Rico Commonwealth","Las Marías Municipio",4,27,120,58,62
050,72,083,"Puerto Rico Commonwealth","Las Marías Municipio",4,28,122,69,53
050,72,083,"Puerto Rico Commonwealth","Las Marías Municipio",4,29,112,53,59
050,72,083,"Puerto Rico Commonwealth","Las Marías Municipio",4,30,114,55,59
050,72,083,"Puerto Rico Commonwealth","Las Marías Municipio",4,31,122,61,61
050,72,083,"Puerto Rico Commonwealth","Las Marías Municipio",4,32,120,65,55
050,72,083,"Puerto Rico Commonwealth","Las Marías Municipio",4,33,106,55,51
050,72,083,"Puerto Rico Commonwealth","Las Marías Municipio",4,34,102,54,48
050,72,083,"Puerto Rico Commonwealth","Las Marías Municipio",4,35,95,46,49
050,72,083,"Puerto Rico Commonwealth","Las Marías Municipio",4,36,96,48,48
050,72,083,"Puerto Rico Commonwealth","Las Marías Municipio",4,37,84,42,42
050,72,083,"Puerto Rico Commonwealth","Las Marías Municipio",4,38,83,39,44
050,72,083,"Puerto Rico Commonwealth","Las Marías Municipio",4,39,93,41,52
050,72,083,"Puerto Rico Commonwealth","Las Marías Municipio",4,40,101,49,52
050,72,083,"Puerto Rico Commonwealth","Las Marías Municipio",4,41,101,47,54
050,72,083,"Puerto Rico Commonwealth","Las Marías Municipio",4,42,110,58,52
050,72,083,"Puerto Rico Commonwealth","Las Marías Municipio",4,43,109,61,48
050,72,083,"Puerto Rico Commonwealth","Las Marías Municipio",4,44,99,53,46
050,72,083,"Puerto Rico Commonwealth","Las Marías Municipio",4,45,100,53,47
050,72,083,"Puerto Rico Commonwealth","Las Marías Municipio",4,46,101,48,53
050,72,083,"Puerto Rico Commonwealth","Las Marías Municipio",4,47,115,57,58
050,72,083,"Puerto Rico Commonwealth","Las Marías Municipio",4,48,99,50,49
050,72,083,"Puerto Rico Commonwealth","Las Marías Municipio",4,49,95,51,44
050,72,083,"Puerto Rico Commonwealth","Las Marías Municipio",4,50,104,53,51
050,72,083,"Puerto Rico Commonwealth","Las Marías Municipio",4,51,109,52,57
050,72,083,"Puerto Rico Commonwealth","Las Marías Municipio",4,52,108,57,51
050,72,083,"Puerto Rico Commonwealth","Las Marías Municipio",4,53,101,49,52
050,72,083,"Puerto Rico Commonwealth","Las Marías Municipio",4,54,101,46,55
050,72,083,"Puerto Rico Commonwealth","Las Marías Municipio",4,55,119,54,65
050,72,083,"Puerto Rico Commonwealth","Las Marías Municipio",4,56,126,56,70
050,72,083,"Puerto Rico Commonwealth","Las Marías Municipio",4,57,124,54,70
050,72,083,"Puerto Rico Commonwealth","Las Marías Municipio",4,58,127,60,67
050,72,083,"Puerto Rico Commonwealth","Las Marías Municipio",4,59,124,63,61
050,72,083,"Puerto Rico Commonwealth","Las Marías Municipio",4,60,113,57,56
050,72,083,"Puerto Rico Commonwealth","Las Marías Municipio",4,61,129,68,61
050,72,083,"Puerto Rico Commonwealth","Las Marías Municipio",4,62,134,72,62
050,72,083,"Puerto Rico Commonwealth","Las Marías Municipio",4,63,120,62,58
050,72,083,"Puerto Rico Commonwealth","Las Marías Municipio",4,64,124,64,60
050,72,083,"Puerto Rico Commonwealth","Las Marías Municipio",4,65,122,62,60
050,72,083,"Puerto Rico Commonwealth","Las Marías Municipio",4,66,116,55,61
050,72,083,"Puerto Rico Commonwealth","Las Marías Municipio",4,67,120,56,64
050,72,083,"Puerto Rico Commonwealth","Las Marías Municipio",4,68,114,54,60
050,72,083,"Puerto Rico Commonwealth","Las Marías Municipio",4,69,108,50,58
050,72,083,"Puerto Rico Commonwealth","Las Marías Municipio",4,70,99,42,57
050,72,083,"Puerto Rico Commonwealth","Las Marías Municipio",4,71,99,40,59
050,72,083,"Puerto Rico Commonwealth","Las Marías Municipio",4,72,110,55,55
050,72,083,"Puerto Rico Commonwealth","Las Marías Municipio",4,73,102,52,50
050,72,083,"Puerto Rico Commonwealth","Las Marías Municipio",4,74,101,49,52
050,72,083,"Puerto Rico Commonwealth","Las Marías Municipio",4,75,105,48,57
050,72,083,"Puerto Rico Commonwealth","Las Marías Municipio",4,76,104,50,54
050,72,083,"Puerto Rico Commonwealth","Las Marías Municipio",4,77,91,47,44
050,72,083,"Puerto Rico Commonwealth","Las Marías Municipio",4,78,78,35,43
050,72,083,"Puerto Rico Commonwealth","Las Marías Municipio",4,79,64,30,34
050,72,083,"Puerto Rico Commonwealth","Las Marías Municipio",4,80,52,30,22
050,72,083,"Puerto Rico Commonwealth","Las Marías Municipio",4,81,51,24,27
050,72,083,"Puerto Rico Commonwealth","Las Marías Municipio",4,82,57,29,28
050,72,083,"Puerto Rico Commonwealth","Las Marías Municipio",4,83,52,27,25
050,72,083,"Puerto Rico Commonwealth","Las Marías Municipio",4,84,50,24,26
050,72,083,"Puerto Rico Commonwealth","Las Marías Municipio",4,85,272,112,160
050,72,083,"Puerto Rico Commonwealth","Las Marías Municipio",5,0,46,20,26
050,72,083,"Puerto Rico Commonwealth","Las Marías Municipio",5,1,37,20,17
050,72,083,"Puerto Rico Commonwealth","Las Marías Municipio",5,2,43,20,23
050,72,083,"Puerto Rico Commonwealth","Las Marías Municipio",5,3,46,17,29
050,72,083,"Puerto Rico Commonwealth","Las Marías Municipio",5,4,64,31,33
050,72,083,"Puerto Rico Commonwealth","Las Marías Municipio",5,5,60,25,35
050,72,083,"Puerto Rico Commonwealth","Las Marías Municipio",5,6,73,34,39
050,72,083,"Puerto Rico Commonwealth","Las Marías Municipio",5,7,83,45,38
050,72,083,"Puerto Rico Commonwealth","Las Marías Municipio",5,8,82,42,40
050,72,083,"Puerto Rico Commonwealth","Las Marías Municipio",5,9,90,45,45
050,72,083,"Puerto Rico Commonwealth","Las Marías Municipio",5,10,107,51,56
050,72,083,"Puerto Rico Commonwealth","Las Marías Municipio",5,11,114,58,56
050,72,083,"Puerto Rico Commonwealth","Las Marías Municipio",5,12,104,53,51
050,72,083,"Puerto Rico Commonwealth","Las Marías Municipio",5,13,108,55,53
050,72,083,"Puerto Rico Commonwealth","Las Marías Municipio",5,14,119,56,63
050,72,083,"Puerto Rico Commonwealth","Las Marías Municipio",5,15,106,54,52
050,72,083,"Puerto Rico Commonwealth","Las Marías Municipio",5,16,103,57,46
050,72,083,"Puerto Rico Commonwealth","Las Marías Municipio",5,17,105,54,51
050,72,083,"Puerto Rico Commonwealth","Las Marías Municipio",5,18,95,45,50
050,72,083,"Puerto Rico Commonwealth","Las Marías Municipio",5,19,102,52,50
050,72,083,"Puerto Rico Commonwealth","Las Marías Municipio",5,20,101,56,45
050,72,083,"Puerto Rico Commonwealth","Las Marías Municipio",5,21,90,45,45
050,72,083,"Puerto Rico Commonwealth","Las Marías Municipio",5,22,104,56,48
050,72,083,"Puerto Rico Commonwealth","Las Marías Municipio",5,23,105,55,50
050,72,083,"Puerto Rico Commonwealth","Las Marías Municipio",5,24,93,51,42
050,72,083,"Puerto Rico Commonwealth","Las Marías Municipio",5,25,105,55,50
050,72,083,"Puerto Rico Commonwealth","Las Marías Municipio",5,26,115,55,60
050,72,083,"Puerto Rico Commonwealth","Las Marías Municipio",5,27,115,54,61
050,72,083,"Puerto Rico Commonwealth","Las Marías Municipio",5,28,121,59,62
050,72,083,"Puerto Rico Commonwealth","Las Marías Municipio",5,29,117,65,52
050,72,083,"Puerto Rico Commonwealth","Las Marías Municipio",5,30,115,57,58
050,72,083,"Puerto Rico Commonwealth","Las Marías Municipio",5,31,109,51,58
050,72,083,"Puerto Rico Commonwealth","Las Marías Municipio",5,32,121,60,61
050,72,083,"Puerto Rico Commonwealth","Las Marías Municipio",5,33,120,65,55
050,72,083,"Puerto Rico Commonwealth","Las Marías Municipio",5,34,106,55,51
050,72,083,"Puerto Rico Commonwealth","Las Marías Municipio",5,35,103,55,48
050,72,083,"Puerto Rico Commonwealth","Las Marías Municipio",5,36,93,45,48
050,72,083,"Puerto Rico Commonwealth","Las Marías Municipio",5,37,96,48,48
050,72,083,"Puerto Rico Commonwealth","Las Marías Municipio",5,38,84,42,42
050,72,083,"Puerto Rico Commonwealth","Las Marías Municipio",5,39,84,40,44
050,72,083,"Puerto Rico Commonwealth","Las Marías Municipio",5,40,93,41,52
050,72,083,"Puerto Rico Commonwealth","Las Marías Municipio",5,41,101,49,52
050,72,083,"Puerto Rico Commonwealth","Las Marías Municipio",5,42,105,51,54
050,72,083,"Puerto Rico Commonwealth","Las Marías Municipio",5,43,108,56,52
050,72,083,"Puerto Rico Commonwealth","Las Marías Municipio",5,44,109,61,48
050,72,083,"Puerto Rico Commonwealth","Las Marías Municipio",5,45,99,54,45
050,72,083,"Puerto Rico Commonwealth","Las Marías Municipio",5,46,99,52,47
050,72,083,"Puerto Rico Commonwealth","Las Marías Municipio",5,47,102,49,53
050,72,083,"Puerto Rico Commonwealth","Las Marías Municipio",5,48,115,57,58
050,72,083,"Puerto Rico Commonwealth","Las Marías Municipio",5,49,97,48,49
050,72,083,"Puerto Rico Commonwealth","Las Marías Municipio",5,50,95,51,44
050,72,083,"Puerto Rico Commonwealth","Las Marías Municipio",5,51,104,53,51
050,72,083,"Puerto Rico Commonwealth","Las Marías Municipio",5,52,109,52,57
050,72,083,"Puerto Rico Commonwealth","Las Marías Municipio",5,53,108,57,51
050,72,083,"Puerto Rico Commonwealth","Las Marías Municipio",5,54,100,48,52
050,72,083,"Puerto Rico Commonwealth","Las Marías Municipio",5,55,104,49,55
050,72,083,"Puerto Rico Commonwealth","Las Marías Municipio",5,56,118,53,65
050,72,083,"Puerto Rico Commonwealth","Las Marías Municipio",5,57,126,56,70
050,72,083,"Puerto Rico Commonwealth","Las Marías Municipio",5,58,124,54,70
050,72,083,"Puerto Rico Commonwealth","Las Marías Municipio",5,59,126,59,67
050,72,083,"Puerto Rico Commonwealth","Las Marías Municipio",5,60,124,63,61
050,72,083,"Puerto Rico Commonwealth","Las Marías Municipio",5,61,115,59,56
050,72,083,"Puerto Rico Commonwealth","Las Marías Municipio",5,62,128,67,61
050,72,083,"Puerto Rico Commonwealth","Las Marías Municipio",5,63,134,72,62
050,72,083,"Puerto Rico Commonwealth","Las Marías Municipio",5,64,122,64,58
050,72,083,"Puerto Rico Commonwealth","Las Marías Municipio",5,65,121,61,60
050,72,083,"Puerto Rico Commonwealth","Las Marías Municipio",5,66,122,62,60
050,72,083,"Puerto Rico Commonwealth","Las Marías Municipio",5,67,115,55,60
050,72,083,"Puerto Rico Commonwealth","Las Marías Municipio",5,68,120,56,64
050,72,083,"Puerto Rico Commonwealth","Las Marías Municipio",5,69,113,54,59
050,72,083,"Puerto Rico Commonwealth","Las Marías Municipio",5,70,107,49,58
050,72,083,"Puerto Rico Commonwealth","Las Marías Municipio",5,71,98,41,57
050,72,083,"Puerto Rico Commonwealth","Las Marías Municipio",5,72,98,39,59
050,72,083,"Puerto Rico Commonwealth","Las Marías Municipio",5,73,108,53,55
050,72,083,"Puerto Rico Commonwealth","Las Marías Municipio",5,74,101,51,50
050,72,083,"Puerto Rico Commonwealth","Las Marías Municipio",5,75,98,48,50
050,72,083,"Puerto Rico Commonwealth","Las Marías Municipio",5,76,100,44,56
050,72,083,"Puerto Rico Commonwealth","Las Marías Municipio",5,77,101,49,52
050,72,083,"Puerto Rico Commonwealth","Las Marías Municipio",5,78,87,44,43
050,72,083,"Puerto Rico Commonwealth","Las Marías Municipio",5,79,74,34,40
050,72,083,"Puerto Rico Commonwealth","Las Marías Municipio",5,80,62,30,32
050,72,083,"Puerto Rico Commonwealth","Las Marías Municipio",5,81,50,28,22
050,72,083,"Puerto Rico Commonwealth","Las Marías Municipio",5,82,50,24,26
050,72,083,"Puerto Rico Commonwealth","Las Marías Municipio",5,83,57,29,28
050,72,083,"Puerto Rico Commonwealth","Las Marías Municipio",5,84,52,27,25
050,72,083,"Puerto Rico Commonwealth","Las Marías Municipio",5,85,289,117,172
050,72,085,"Puerto Rico Commonwealth","Las Piedras Municipio",1,0,206,109,97
050,72,085,"Puerto Rico Commonwealth","Las Piedras Municipio",1,1,235,123,112
050,72,085,"Puerto Rico Commonwealth","Las Piedras Municipio",1,2,218,115,103
050,72,085,"Puerto Rico Commonwealth","Las Piedras Municipio",1,3,236,124,112
050,72,085,"Puerto Rico Commonwealth","Las Piedras Municipio",1,4,280,134,146
050,72,085,"Puerto Rico Commonwealth","Las Piedras Municipio",1,5,293,149,144
050,72,085,"Puerto Rico Commonwealth","Las Piedras Municipio",1,6,313,165,148
050,72,085,"Puerto Rico Commonwealth","Las Piedras Municipio",1,7,333,180,153
050,72,085,"Puerto Rico Commonwealth","Las Piedras Municipio",1,8,349,185,164
050,72,085,"Puerto Rico Commonwealth","Las Piedras Municipio",1,9,391,202,189
050,72,085,"Puerto Rico Commonwealth","Las Piedras Municipio",1,10,415,212,203
050,72,085,"Puerto Rico Commonwealth","Las Piedras Municipio",1,11,414,217,197
050,72,085,"Puerto Rico Commonwealth","Las Piedras Municipio",1,12,426,232,194
050,72,085,"Puerto Rico Commonwealth","Las Piedras Municipio",1,13,437,240,197
050,72,085,"Puerto Rico Commonwealth","Las Piedras Municipio",1,14,444,229,215
050,72,085,"Puerto Rico Commonwealth","Las Piedras Municipio",1,15,457,236,221
050,72,085,"Puerto Rico Commonwealth","Las Piedras Municipio",1,16,447,231,216
050,72,085,"Puerto Rico Commonwealth","Las Piedras Municipio",1,17,428,223,205
050,72,085,"Puerto Rico Commonwealth","Las Piedras Municipio",1,18,425,219,206
050,72,085,"Puerto Rico Commonwealth","Las Piedras Municipio",1,19,470,248,222
050,72,085,"Puerto Rico Commonwealth","Las Piedras Municipio",1,20,462,244,218
050,72,085,"Puerto Rico Commonwealth","Las Piedras Municipio",1,21,448,225,223
050,72,085,"Puerto Rico Commonwealth","Las Piedras Municipio",1,22,440,206,234
050,72,085,"Puerto Rico Commonwealth","Las Piedras Municipio",1,23,457,213,244
050,72,085,"Puerto Rico Commonwealth","Las Piedras Municipio",1,24,460,225,235
050,72,085,"Puerto Rico Commonwealth","Las Piedras Municipio",1,25,477,230,247
050,72,085,"Puerto Rico Commonwealth","Las Piedras Municipio",1,26,475,227,248
050,72,085,"Puerto Rico Commonwealth","Las Piedras Municipio",1,27,454,212,242
050,72,085,"Puerto Rico Commonwealth","Las Piedras Municipio",1,28,461,216,245
050,72,085,"Puerto Rico Commonwealth","Las Piedras Municipio",1,29,483,220,263
050,72,085,"Puerto Rico Commonwealth","Las Piedras Municipio",1,30,480,212,268
050,72,085,"Puerto Rico Commonwealth","Las Piedras Municipio",1,31,452,205,247
050,72,085,"Puerto Rico Commonwealth","Las Piedras Municipio",1,32,435,189,246
050,72,085,"Puerto Rico Commonwealth","Las Piedras Municipio",1,33,423,201,222
050,72,085,"Puerto Rico Commonwealth","Las Piedras Municipio",1,34,407,191,216
050,72,085,"Puerto Rico Commonwealth","Las Piedras Municipio",1,35,419,193,226
050,72,085,"Puerto Rico Commonwealth","Las Piedras Municipio",1,36,436,192,244
050,72,085,"Puerto Rico Commonwealth","Las Piedras Municipio",1,37,458,206,252
050,72,085,"Puerto Rico Commonwealth","Las Piedras Municipio",1,38,493,220,273
050,72,085,"Puerto Rico Commonwealth","Las Piedras Municipio",1,39,509,234,275
050,72,085,"Puerto Rico Commonwealth","Las Piedras Municipio",1,40,530,245,285
050,72,085,"Puerto Rico Commonwealth","Las Piedras Municipio",1,41,534,258,276
050,72,085,"Puerto Rico Commonwealth","Las Piedras Municipio",1,42,530,255,275
050,72,085,"Puerto Rico Commonwealth","Las Piedras Municipio",1,43,511,241,270
050,72,085,"Puerto Rico Commonwealth","Las Piedras Municipio",1,44,506,238,268
050,72,085,"Puerto Rico Commonwealth","Las Piedras Municipio",1,45,498,244,254
050,72,085,"Puerto Rico Commonwealth","Las Piedras Municipio",1,46,476,224,252
050,72,085,"Puerto Rico Commonwealth","Las Piedras Municipio",1,47,458,228,230
050,72,085,"Puerto Rico Commonwealth","Las Piedras Municipio",1,48,472,236,236
050,72,085,"Puerto Rico Commonwealth","Las Piedras Municipio",1,49,500,241,259
050,72,085,"Puerto Rico Commonwealth","Las Piedras Municipio",1,50,504,239,265
050,72,085,"Puerto Rico Commonwealth","Las Piedras Municipio",1,51,472,220,252
050,72,085,"Puerto Rico Commonwealth","Las Piedras Municipio",1,52,447,203,244
050,72,085,"Puerto Rico Commonwealth","Las Piedras Municipio",1,53,458,212,246
050,72,085,"Puerto Rico Commonwealth","Las Piedras Municipio",1,54,448,212,236
050,72,085,"Puerto Rico Commonwealth","Las Piedras Municipio",1,55,452,211,241
050,72,085,"Puerto Rico Commonwealth","Las Piedras Municipio",1,56,460,212,248
050,72,085,"Puerto Rico Commonwealth","Las Piedras Municipio",1,57,434,203,231
050,72,085,"Puerto Rico Commonwealth","Las Piedras Municipio",1,58,426,196,230
050,72,085,"Puerto Rico Commonwealth","Las Piedras Municipio",1,59,431,185,246
050,72,085,"Puerto Rico Commonwealth","Las Piedras Municipio",1,60,442,201,241
050,72,085,"Puerto Rico Commonwealth","Las Piedras Municipio",1,61,425,196,229
050,72,085,"Puerto Rico Commonwealth","Las Piedras Municipio",1,62,447,210,237
050,72,085,"Puerto Rico Commonwealth","Las Piedras Municipio",1,63,447,209,238
050,72,085,"Puerto Rico Commonwealth","Las Piedras Municipio",1,64,462,207,255
050,72,085,"Puerto Rico Commonwealth","Las Piedras Municipio",1,65,451,208,243
050,72,085,"Puerto Rico Commonwealth","Las Piedras Municipio",1,66,438,208,230
050,72,085,"Puerto Rico Commonwealth","Las Piedras Municipio",1,67,408,183,225
050,72,085,"Puerto Rico Commonwealth","Las Piedras Municipio",1,68,379,161,218
050,72,085,"Puerto Rico Commonwealth","Las Piedras Municipio",1,69,385,175,210
050,72,085,"Puerto Rico Commonwealth","Las Piedras Municipio",1,70,378,180,198
050,72,085,"Puerto Rico Commonwealth","Las Piedras Municipio",1,71,390,193,197
050,72,085,"Puerto Rico Commonwealth","Las Piedras Municipio",1,72,379,180,199
050,72,085,"Puerto Rico Commonwealth","Las Piedras Municipio",1,73,364,171,193
050,72,085,"Puerto Rico Commonwealth","Las Piedras Municipio",1,74,350,161,189
050,72,085,"Puerto Rico Commonwealth","Las Piedras Municipio",1,75,310,136,174
050,72,085,"Puerto Rico Commonwealth","Las Piedras Municipio",1,76,278,129,149
050,72,085,"Puerto Rico Commonwealth","Las Piedras Municipio",1,77,253,113,140
050,72,085,"Puerto Rico Commonwealth","Las Piedras Municipio",1,78,231,116,115
050,72,085,"Puerto Rico Commonwealth","Las Piedras Municipio",1,79,237,123,114
050,72,085,"Puerto Rico Commonwealth","Las Piedras Municipio",1,80,220,104,116
050,72,085,"Puerto Rico Commonwealth","Las Piedras Municipio",1,81,192,93,99
050,72,085,"Puerto Rico Commonwealth","Las Piedras Municipio",1,82,193,95,98
050,72,085,"Puerto Rico Commonwealth","Las Piedras Municipio",1,83,171,80,91
050,72,085,"Puerto Rico Commonwealth","Las Piedras Municipio",1,84,142,64,78
050,72,085,"Puerto Rico Commonwealth","Las Piedras Municipio",1,85,915,372,543
050,72,085,"Puerto Rico Commonwealth","Las Piedras Municipio",2,0,205,111,94
050,72,085,"Puerto Rico Commonwealth","Las Piedras Municipio",2,1,226,119,107
050,72,085,"Puerto Rico Commonwealth","Las Piedras Municipio",2,2,222,117,105
050,72,085,"Puerto Rico Commonwealth","Las Piedras Municipio",2,3,232,122,110
050,72,085,"Puerto Rico Commonwealth","Las Piedras Municipio",2,4,270,132,138
050,72,085,"Puerto Rico Commonwealth","Las Piedras Municipio",2,5,289,145,144
050,72,085,"Puerto Rico Commonwealth","Las Piedras Municipio",2,6,308,161,147
050,72,085,"Puerto Rico Commonwealth","Las Piedras Municipio",2,7,328,176,152
050,72,085,"Puerto Rico Commonwealth","Las Piedras Municipio",2,8,345,184,161
050,72,085,"Puerto Rico Commonwealth","Las Piedras Municipio",2,9,381,198,183
050,72,085,"Puerto Rico Commonwealth","Las Piedras Municipio",2,10,408,209,199
050,72,085,"Puerto Rico Commonwealth","Las Piedras Municipio",2,11,415,216,199
050,72,085,"Puerto Rico Commonwealth","Las Piedras Municipio",2,12,423,228,195
050,72,085,"Puerto Rico Commonwealth","Las Piedras Municipio",2,13,434,238,196
050,72,085,"Puerto Rico Commonwealth","Las Piedras Municipio",2,14,442,232,210
050,72,085,"Puerto Rico Commonwealth","Las Piedras Municipio",2,15,453,233,220
050,72,085,"Puerto Rico Commonwealth","Las Piedras Municipio",2,16,448,231,217
050,72,085,"Puerto Rico Commonwealth","Las Piedras Municipio",2,17,433,225,208
050,72,085,"Puerto Rico Commonwealth","Las Piedras Municipio",2,18,426,220,206
050,72,085,"Puerto Rico Commonwealth","Las Piedras Municipio",2,19,459,241,218
050,72,085,"Puerto Rico Commonwealth","Las Piedras Municipio",2,20,464,245,219
050,72,085,"Puerto Rico Commonwealth","Las Piedras Municipio",2,21,450,230,220
050,72,085,"Puerto Rico Commonwealth","Las Piedras Municipio",2,22,443,211,232
050,72,085,"Puerto Rico Commonwealth","Las Piedras Municipio",2,23,452,211,241
050,72,085,"Puerto Rico Commonwealth","Las Piedras Municipio",2,24,460,222,238
050,72,085,"Puerto Rico Commonwealth","Las Piedras Municipio",2,25,474,229,245
050,72,085,"Puerto Rico Commonwealth","Las Piedras Municipio",2,26,476,227,249
050,72,085,"Puerto Rico Commonwealth","Las Piedras Municipio",2,27,461,216,245
050,72,085,"Puerto Rico Commonwealth","Las Piedras Municipio",2,28,460,215,245
050,72,085,"Puerto Rico Commonwealth","Las Piedras Municipio",2,29,477,218,259
050,72,085,"Puerto Rico Commonwealth","Las Piedras Municipio",2,30,482,214,268
050,72,085,"Puerto Rico Commonwealth","Las Piedras Municipio",2,31,459,207,252
050,72,085,"Puerto Rico Commonwealth","Las Piedras Municipio",2,32,440,193,247
050,72,085,"Puerto Rico Commonwealth","Las Piedras Municipio",2,33,425,198,227
050,72,085,"Puerto Rico Commonwealth","Las Piedras Municipio",2,34,410,193,217
050,72,085,"Puerto Rico Commonwealth","Las Piedras Municipio",2,35,417,193,224
050,72,085,"Puerto Rico Commonwealth","Las Piedras Municipio",2,36,431,192,239
050,72,085,"Puerto Rico Commonwealth","Las Piedras Municipio",2,37,453,203,250
050,72,085,"Puerto Rico Commonwealth","Las Piedras Municipio",2,38,484,216,268
050,72,085,"Puerto Rico Commonwealth","Las Piedras Municipio",2,39,505,231,274
050,72,085,"Puerto Rico Commonwealth","Las Piedras Municipio",2,40,524,242,282
050,72,085,"Puerto Rico Commonwealth","Las Piedras Municipio",2,41,533,255,278
050,72,085,"Puerto Rico Commonwealth","Las Piedras Municipio",2,42,530,255,275
050,72,085,"Puerto Rico Commonwealth","Las Piedras Municipio",2,43,517,245,272
050,72,085,"Puerto Rico Commonwealth","Las Piedras Municipio",2,44,507,239,268
050,72,085,"Puerto Rico Commonwealth","Las Piedras Municipio",2,45,500,242,258
050,72,085,"Puerto Rico Commonwealth","Las Piedras Municipio",2,46,481,229,252
050,72,085,"Puerto Rico Commonwealth","Las Piedras Municipio",2,47,463,227,236
050,72,085,"Puerto Rico Commonwealth","Las Piedras Municipio",2,48,468,234,234
050,72,085,"Puerto Rico Commonwealth","Las Piedras Municipio",2,49,493,240,253
050,72,085,"Puerto Rico Commonwealth","Las Piedras Municipio",2,50,502,239,263
050,72,085,"Puerto Rico Commonwealth","Las Piedras Municipio",2,51,480,225,255
050,72,085,"Puerto Rico Commonwealth","Las Piedras Municipio",2,52,453,207,246
050,72,085,"Puerto Rico Commonwealth","Las Piedras Municipio",2,53,455,210,245
050,72,085,"Puerto Rico Commonwealth","Las Piedras Municipio",2,54,448,211,237
050,72,085,"Puerto Rico Commonwealth","Las Piedras Municipio",2,55,451,211,240
050,72,085,"Puerto Rico Commonwealth","Las Piedras Municipio",2,56,457,212,245
050,72,085,"Puerto Rico Commonwealth","Las Piedras Municipio",2,57,440,205,235
050,72,085,"Puerto Rico Commonwealth","Las Piedras Municipio",2,58,427,196,231
050,72,085,"Puerto Rico Commonwealth","Las Piedras Municipio",2,59,429,187,242
050,72,085,"Puerto Rico Commonwealth","Las Piedras Municipio",2,60,439,197,242
050,72,085,"Puerto Rico Commonwealth","Las Piedras Municipio",2,61,426,196,230
050,72,085,"Puerto Rico Commonwealth","Las Piedras Municipio",2,62,442,207,235
050,72,085,"Puerto Rico Commonwealth","Las Piedras Municipio",2,63,447,209,238
050,72,085,"Puerto Rico Commonwealth","Las Piedras Municipio",2,64,457,207,250
050,72,085,"Puerto Rico Commonwealth","Las Piedras Municipio",2,65,454,208,246
050,72,085,"Puerto Rico Commonwealth","Las Piedras Municipio",2,66,440,206,234
050,72,085,"Puerto Rico Commonwealth","Las Piedras Municipio",2,67,415,189,226
050,72,085,"Puerto Rico Commonwealth","Las Piedras Municipio",2,68,387,167,220
050,72,085,"Puerto Rico Commonwealth","Las Piedras Municipio",2,69,380,169,211
050,72,085,"Puerto Rico Commonwealth","Las Piedras Municipio",2,70,379,178,201
050,72,085,"Puerto Rico Commonwealth","Las Piedras Municipio",2,71,386,190,196
050,72,085,"Puerto Rico Commonwealth","Las Piedras Municipio",2,72,379,182,197
050,72,085,"Puerto Rico Commonwealth","Las Piedras Municipio",2,73,368,173,195
050,72,085,"Puerto Rico Commonwealth","Las Piedras Municipio",2,74,354,164,190
050,72,085,"Puerto Rico Commonwealth","Las Piedras Municipio",2,75,320,142,178
050,72,085,"Puerto Rico Commonwealth","Las Piedras Municipio",2,76,283,130,153
050,72,085,"Puerto Rico Commonwealth","Las Piedras Municipio",2,77,258,117,141
050,72,085,"Puerto Rico Commonwealth","Las Piedras Municipio",2,78,233,114,119
050,72,085,"Puerto Rico Commonwealth","Las Piedras Municipio",2,79,236,121,115
050,72,085,"Puerto Rico Commonwealth","Las Piedras Municipio",2,80,223,109,114
050,72,085,"Puerto Rico Commonwealth","Las Piedras Municipio",2,81,199,96,103
050,72,085,"Puerto Rico Commonwealth","Las Piedras Municipio",2,82,192,94,98
050,72,085,"Puerto Rico Commonwealth","Las Piedras Municipio",2,83,176,84,92
050,72,085,"Puerto Rico Commonwealth","Las Piedras Municipio",2,84,149,67,82
050,72,085,"Puerto Rico Commonwealth","Las Piedras Municipio",2,85,929,378,551
050,72,085,"Puerto Rico Commonwealth","Las Piedras Municipio",3,0,204,112,92
050,72,085,"Puerto Rico Commonwealth","Las Piedras Municipio",3,1,206,112,94
050,72,085,"Puerto Rico Commonwealth","Las Piedras Municipio",3,2,227,120,107
050,72,085,"Puerto Rico Commonwealth","Las Piedras Municipio",3,3,222,117,105
050,72,085,"Puerto Rico Commonwealth","Las Piedras Municipio",3,4,232,123,109
050,72,085,"Puerto Rico Commonwealth","Las Piedras Municipio",3,5,271,133,138
050,72,085,"Puerto Rico Commonwealth","Las Piedras Municipio",3,6,289,145,144
050,72,085,"Puerto Rico Commonwealth","Las Piedras Municipio",3,7,308,161,147
050,72,085,"Puerto Rico Commonwealth","Las Piedras Municipio",3,8,328,176,152
050,72,085,"Puerto Rico Commonwealth","Las Piedras Municipio",3,9,345,184,161
050,72,085,"Puerto Rico Commonwealth","Las Piedras Municipio",3,10,381,198,183
050,72,085,"Puerto Rico Commonwealth","Las Piedras Municipio",3,11,406,208,198
050,72,085,"Puerto Rico Commonwealth","Las Piedras Municipio",3,12,414,215,199
050,72,085,"Puerto Rico Commonwealth","Las Piedras Municipio",3,13,422,227,195
050,72,085,"Puerto Rico Commonwealth","Las Piedras Municipio",3,14,432,237,195
050,72,085,"Puerto Rico Commonwealth","Las Piedras Municipio",3,15,439,229,210
050,72,085,"Puerto Rico Commonwealth","Las Piedras Municipio",3,16,450,231,219
050,72,085,"Puerto Rico Commonwealth","Las Piedras Municipio",3,17,445,229,216
050,72,085,"Puerto Rico Commonwealth","Las Piedras Municipio",3,18,427,221,206
050,72,085,"Puerto Rico Commonwealth","Las Piedras Municipio",3,19,421,217,204
050,72,085,"Puerto Rico Commonwealth","Las Piedras Municipio",3,20,459,239,220
050,72,085,"Puerto Rico Commonwealth","Las Piedras Municipio",3,21,465,245,220
050,72,085,"Puerto Rico Commonwealth","Las Piedras Municipio",3,22,453,230,223
050,72,085,"Puerto Rico Commonwealth","Las Piedras Municipio",3,23,448,212,236
050,72,085,"Puerto Rico Commonwealth","Las Piedras Municipio",3,24,458,213,245
050,72,085,"Puerto Rico Commonwealth","Las Piedras Municipio",3,25,464,222,242
050,72,085,"Puerto Rico Commonwealth","Las Piedras Municipio",3,26,478,230,248
050,72,085,"Puerto Rico Commonwealth","Las Piedras Municipio",3,27,480,228,252
050,72,085,"Puerto Rico Commonwealth","Las Piedras Municipio",3,28,464,216,248
050,72,085,"Puerto Rico Commonwealth","Las Piedras Municipio",3,29,461,213,248
050,72,085,"Puerto Rico Commonwealth","Las Piedras Municipio",3,30,484,222,262
050,72,085,"Puerto Rico Commonwealth","Las Piedras Municipio",3,31,488,218,270
050,72,085,"Puerto Rico Commonwealth","Las Piedras Municipio",3,32,462,208,254
050,72,085,"Puerto Rico Commonwealth","Las Piedras Municipio",3,33,444,195,249
050,72,085,"Puerto Rico Commonwealth","Las Piedras Municipio",3,34,427,200,227
050,72,085,"Puerto Rico Commonwealth","Las Piedras Municipio",3,35,414,197,217
050,72,085,"Puerto Rico Commonwealth","Las Piedras Municipio",3,36,416,191,225
050,72,085,"Puerto Rico Commonwealth","Las Piedras Municipio",3,37,433,195,238
050,72,085,"Puerto Rico Commonwealth","Las Piedras Municipio",3,38,452,202,250
050,72,085,"Puerto Rico Commonwealth","Las Piedras Municipio",3,39,485,217,268
050,72,085,"Puerto Rico Commonwealth","Las Piedras Municipio",3,40,506,233,273
050,72,085,"Puerto Rico Commonwealth","Las Piedras Municipio",3,41,523,241,282
050,72,085,"Puerto Rico Commonwealth","Las Piedras Municipio",3,42,536,257,279
050,72,085,"Puerto Rico Commonwealth","Las Piedras Municipio",3,43,528,255,273
050,72,085,"Puerto Rico Commonwealth","Las Piedras Municipio",3,44,515,245,270
050,72,085,"Puerto Rico Commonwealth","Las Piedras Municipio",3,45,506,238,268
050,72,085,"Puerto Rico Commonwealth","Las Piedras Municipio",3,46,499,241,258
050,72,085,"Puerto Rico Commonwealth","Las Piedras Municipio",3,47,483,231,252
050,72,085,"Puerto Rico Commonwealth","Las Piedras Municipio",3,48,461,225,236
050,72,085,"Puerto Rico Commonwealth","Las Piedras Municipio",3,49,468,234,234
050,72,085,"Puerto Rico Commonwealth","Las Piedras Municipio",3,50,492,239,253
050,72,085,"Puerto Rico Commonwealth","Las Piedras Municipio",3,51,501,239,262
050,72,085,"Puerto Rico Commonwealth","Las Piedras Municipio",3,52,481,225,256
050,72,085,"Puerto Rico Commonwealth","Las Piedras Municipio",3,53,452,206,246
050,72,085,"Puerto Rico Commonwealth","Las Piedras Municipio",3,54,455,211,244
050,72,085,"Puerto Rico Commonwealth","Las Piedras Municipio",3,55,442,205,237
050,72,085,"Puerto Rico Commonwealth","Las Piedras Municipio",3,56,449,210,239
050,72,085,"Puerto Rico Commonwealth","Las Piedras Municipio",3,57,456,212,244
050,72,085,"Puerto Rico Commonwealth","Las Piedras Municipio",3,58,440,206,234
050,72,085,"Puerto Rico Commonwealth","Las Piedras Municipio",3,59,418,190,228
050,72,085,"Puerto Rico Commonwealth","Las Piedras Municipio",3,60,426,186,240
050,72,085,"Puerto Rico Commonwealth","Las Piedras Municipio",3,61,432,192,240
050,72,085,"Puerto Rico Commonwealth","Las Piedras Municipio",3,62,422,196,226
050,72,085,"Puerto Rico Commonwealth","Las Piedras Municipio",3,63,437,206,231
050,72,085,"Puerto Rico Commonwealth","Las Piedras Municipio",3,64,443,208,235
050,72,085,"Puerto Rico Commonwealth","Las Piedras Municipio",3,65,449,199,250
050,72,085,"Puerto Rico Commonwealth","Las Piedras Municipio",3,66,442,200,242
050,72,085,"Puerto Rico Commonwealth","Las Piedras Municipio",3,67,437,204,233
050,72,085,"Puerto Rico Commonwealth","Las Piedras Municipio",3,68,405,184,221
050,72,085,"Puerto Rico Commonwealth","Las Piedras Municipio",3,69,383,164,219
050,72,085,"Puerto Rico Commonwealth","Las Piedras Municipio",3,70,372,167,205
050,72,085,"Puerto Rico Commonwealth","Las Piedras Municipio",3,71,374,175,199
050,72,085,"Puerto Rico Commonwealth","Las Piedras Municipio",3,72,376,186,190
050,72,085,"Puerto Rico Commonwealth","Las Piedras Municipio",3,73,367,176,191
050,72,085,"Puerto Rico Commonwealth","Las Piedras Municipio",3,74,362,169,193
050,72,085,"Puerto Rico Commonwealth","Las Piedras Municipio",3,75,346,160,186
050,72,085,"Puerto Rico Commonwealth","Las Piedras Municipio",3,76,309,137,172
050,72,085,"Puerto Rico Commonwealth","Las Piedras Municipio",3,77,280,129,151
050,72,085,"Puerto Rico Commonwealth","Las Piedras Municipio",3,78,251,113,138
050,72,085,"Puerto Rico Commonwealth","Las Piedras Municipio",3,79,241,115,126
050,72,085,"Puerto Rico Commonwealth","Las Piedras Municipio",3,80,226,117,109
050,72,085,"Puerto Rico Commonwealth","Las Piedras Municipio",3,81,224,115,109
050,72,085,"Puerto Rico Commonwealth","Las Piedras Municipio",3,82,190,92,98
050,72,085,"Puerto Rico Commonwealth","Las Piedras Municipio",3,83,172,79,93
050,72,085,"Puerto Rico Commonwealth","Las Piedras Municipio",3,84,168,81,87
050,72,085,"Puerto Rico Commonwealth","Las Piedras Municipio",3,85,993,412,581
050,72,085,"Puerto Rico Commonwealth","Las Piedras Municipio",4,0,233,110,123
050,72,085,"Puerto Rico Commonwealth","Las Piedras Municipio",4,1,202,111,91
050,72,085,"Puerto Rico Commonwealth","Las Piedras Municipio",4,2,203,111,92
050,72,085,"Puerto Rico Commonwealth","Las Piedras Municipio",4,3,224,119,105
050,72,085,"Puerto Rico Commonwealth","Las Piedras Municipio",4,4,219,116,103
050,72,085,"Puerto Rico Commonwealth","Las Piedras Municipio",4,5,229,122,107
050,72,085,"Puerto Rico Commonwealth","Las Piedras Municipio",4,6,267,131,136
050,72,085,"Puerto Rico Commonwealth","Las Piedras Municipio",4,7,285,143,142
050,72,085,"Puerto Rico Commonwealth","Las Piedras Municipio",4,8,304,159,145
050,72,085,"Puerto Rico Commonwealth","Las Piedras Municipio",4,9,323,174,149
050,72,085,"Puerto Rico Commonwealth","Las Piedras Municipio",4,10,340,181,159
050,72,085,"Puerto Rico Commonwealth","Las Piedras Municipio",4,11,374,194,180
050,72,085,"Puerto Rico Commonwealth","Las Piedras Municipio",4,12,400,204,196
050,72,085,"Puerto Rico Commonwealth","Las Piedras Municipio",4,13,408,211,197
050,72,085,"Puerto Rico Commonwealth","Las Piedras Municipio",4,14,415,222,193
050,72,085,"Puerto Rico Commonwealth","Las Piedras Municipio",4,15,425,232,193
050,72,085,"Puerto Rico Commonwealth","Las Piedras Municipio",4,16,431,224,207
050,72,085,"Puerto Rico Commonwealth","Las Piedras Municipio",4,17,441,225,216
050,72,085,"Puerto Rico Commonwealth","Las Piedras Municipio",4,18,431,220,211
050,72,085,"Puerto Rico Commonwealth","Las Piedras Municipio",4,19,415,214,201
050,72,085,"Puerto Rico Commonwealth","Las Piedras Municipio",4,20,414,211,203
050,72,085,"Puerto Rico Commonwealth","Las Piedras Municipio",4,21,454,235,219
050,72,085,"Puerto Rico Commonwealth","Las Piedras Municipio",4,22,460,240,220
050,72,085,"Puerto Rico Commonwealth","Las Piedras Municipio",4,23,451,227,224
050,72,085,"Puerto Rico Commonwealth","Las Piedras Municipio",4,24,448,211,237
050,72,085,"Puerto Rico Commonwealth","Las Piedras Municipio",4,25,456,210,246
050,72,085,"Puerto Rico Commonwealth","Las Piedras Municipio",4,26,462,219,243
050,72,085,"Puerto Rico Commonwealth","Las Piedras Municipio",4,27,478,229,249
050,72,085,"Puerto Rico Commonwealth","Las Piedras Municipio",4,28,476,224,252
050,72,085,"Puerto Rico Commonwealth","Las Piedras Municipio",4,29,458,210,248
050,72,085,"Puerto Rico Commonwealth","Las Piedras Municipio",4,30,457,210,247
050,72,085,"Puerto Rico Commonwealth","Las Piedras Municipio",4,31,483,222,261
050,72,085,"Puerto Rico Commonwealth","Las Piedras Municipio",4,32,484,215,269
050,72,085,"Puerto Rico Commonwealth","Las Piedras Municipio",4,33,459,206,253
050,72,085,"Puerto Rico Commonwealth","Las Piedras Municipio",4,34,440,192,248
050,72,085,"Puerto Rico Commonwealth","Las Piedras Municipio",4,35,424,200,224
050,72,085,"Puerto Rico Commonwealth","Las Piedras Municipio",4,36,406,191,215
050,72,085,"Puerto Rico Commonwealth","Las Piedras Municipio",4,37,410,189,221
050,72,085,"Puerto Rico Commonwealth","Las Piedras Municipio",4,38,427,192,235
050,72,085,"Puerto Rico Commonwealth","Las Piedras Municipio",4,39,448,201,247
050,72,085,"Puerto Rico Commonwealth","Las Piedras Municipio",4,40,476,211,265
050,72,085,"Puerto Rico Commonwealth","Las Piedras Municipio",4,41,495,225,270
050,72,085,"Puerto Rico Commonwealth","Las Piedras Municipio",4,42,518,238,280
050,72,085,"Puerto Rico Commonwealth","Las Piedras Municipio",4,43,529,254,275
050,72,085,"Puerto Rico Commonwealth","Las Piedras Municipio",4,44,523,253,270
050,72,085,"Puerto Rico Commonwealth","Las Piedras Municipio",4,45,509,242,267
050,72,085,"Puerto Rico Commonwealth","Las Piedras Municipio",4,46,499,233,266
050,72,085,"Puerto Rico Commonwealth","Las Piedras Municipio",4,47,496,241,255
050,72,085,"Puerto Rico Commonwealth","Las Piedras Municipio",4,48,473,224,249
050,72,085,"Puerto Rico Commonwealth","Las Piedras Municipio",4,49,457,223,234
050,72,085,"Puerto Rico Commonwealth","Las Piedras Municipio",4,50,466,232,234
050,72,085,"Puerto Rico Commonwealth","Las Piedras Municipio",4,51,489,239,250
050,72,085,"Puerto Rico Commonwealth","Las Piedras Municipio",4,52,498,237,261
050,72,085,"Puerto Rico Commonwealth","Las Piedras Municipio",4,53,478,223,255
050,72,085,"Puerto Rico Commonwealth","Las Piedras Municipio",4,54,452,207,245
050,72,085,"Puerto Rico Commonwealth","Las Piedras Municipio",4,55,451,208,243
050,72,085,"Puerto Rico Commonwealth","Las Piedras Municipio",4,56,441,205,236
050,72,085,"Puerto Rico Commonwealth","Las Piedras Municipio",4,57,447,209,238
050,72,085,"Puerto Rico Commonwealth","Las Piedras Municipio",4,58,457,213,244
050,72,085,"Puerto Rico Commonwealth","Las Piedras Municipio",4,59,433,201,232
050,72,085,"Puerto Rico Commonwealth","Las Piedras Municipio",4,60,412,186,226
050,72,085,"Puerto Rico Commonwealth","Las Piedras Municipio",4,61,421,183,238
050,72,085,"Puerto Rico Commonwealth","Las Piedras Municipio",4,62,427,189,238
050,72,085,"Puerto Rico Commonwealth","Las Piedras Municipio",4,63,415,193,222
050,72,085,"Puerto Rico Commonwealth","Las Piedras Municipio",4,64,429,202,227
050,72,085,"Puerto Rico Commonwealth","Las Piedras Municipio",4,65,435,203,232
050,72,085,"Puerto Rico Commonwealth","Las Piedras Municipio",4,66,443,196,247
050,72,085,"Puerto Rico Commonwealth","Las Piedras Municipio",4,67,441,198,243
050,72,085,"Puerto Rico Commonwealth","Las Piedras Municipio",4,68,425,199,226
050,72,085,"Puerto Rico Commonwealth","Las Piedras Municipio",4,69,396,179,217
050,72,085,"Puerto Rico Commonwealth","Las Piedras Municipio",4,70,377,163,214
050,72,085,"Puerto Rico Commonwealth","Las Piedras Municipio",4,71,363,159,204
050,72,085,"Puerto Rico Commonwealth","Las Piedras Municipio",4,72,370,173,197
050,72,085,"Puerto Rico Commonwealth","Las Piedras Municipio",4,73,369,183,186
050,72,085,"Puerto Rico Commonwealth","Las Piedras Municipio",4,74,360,174,186
050,72,085,"Puerto Rico Commonwealth","Las Piedras Municipio",4,75,352,164,188
050,72,085,"Puerto Rico Commonwealth","Las Piedras Municipio",4,76,337,157,180
050,72,085,"Puerto Rico Commonwealth","Las Piedras Municipio",4,77,297,130,167
050,72,085,"Puerto Rico Commonwealth","Las Piedras Municipio",4,78,270,124,146
050,72,085,"Puerto Rico Commonwealth","Las Piedras Municipio",4,79,247,109,138
050,72,085,"Puerto Rico Commonwealth","Las Piedras Municipio",4,80,235,112,123
050,72,085,"Puerto Rico Commonwealth","Las Piedras Municipio",4,81,229,126,103
050,72,085,"Puerto Rico Commonwealth","Las Piedras Municipio",4,82,212,108,104
050,72,085,"Puerto Rico Commonwealth","Las Piedras Municipio",4,83,172,79,93
050,72,085,"Puerto Rico Commonwealth","Las Piedras Municipio",4,84,162,71,91
050,72,085,"Puerto Rico Commonwealth","Las Piedras Municipio",4,85,1048,453,595
050,72,085,"Puerto Rico Commonwealth","Las Piedras Municipio",5,0,229,116,113
050,72,085,"Puerto Rico Commonwealth","Las Piedras Municipio",5,1,236,111,125
050,72,085,"Puerto Rico Commonwealth","Las Piedras Municipio",5,2,203,112,91
050,72,085,"Puerto Rico Commonwealth","Las Piedras Municipio",5,3,204,112,92
050,72,085,"Puerto Rico Commonwealth","Las Piedras Municipio",5,4,225,120,105
050,72,085,"Puerto Rico Commonwealth","Las Piedras Municipio",5,5,220,117,103
050,72,085,"Puerto Rico Commonwealth","Las Piedras Municipio",5,6,230,123,107
050,72,085,"Puerto Rico Commonwealth","Las Piedras Municipio",5,7,268,132,136
050,72,085,"Puerto Rico Commonwealth","Las Piedras Municipio",5,8,285,143,142
050,72,085,"Puerto Rico Commonwealth","Las Piedras Municipio",5,9,305,160,145
050,72,085,"Puerto Rico Commonwealth","Las Piedras Municipio",5,10,323,174,149
050,72,085,"Puerto Rico Commonwealth","Las Piedras Municipio",5,11,339,180,159
050,72,085,"Puerto Rico Commonwealth","Las Piedras Municipio",5,12,374,194,180
050,72,085,"Puerto Rico Commonwealth","Las Piedras Municipio",5,13,399,203,196
050,72,085,"Puerto Rico Commonwealth","Las Piedras Municipio",5,14,407,210,197
050,72,085,"Puerto Rico Commonwealth","Las Piedras Municipio",5,15,413,220,193
050,72,085,"Puerto Rico Commonwealth","Las Piedras Municipio",5,16,424,231,193
050,72,085,"Puerto Rico Commonwealth","Las Piedras Municipio",5,17,430,223,207
050,72,085,"Puerto Rico Commonwealth","Las Piedras Municipio",5,18,435,221,214
050,72,085,"Puerto Rico Commonwealth","Las Piedras Municipio",5,19,426,217,209
050,72,085,"Puerto Rico Commonwealth","Las Piedras Municipio",5,20,416,213,203
050,72,085,"Puerto Rico Commonwealth","Las Piedras Municipio",5,21,416,211,205
050,72,085,"Puerto Rico Commonwealth","Las Piedras Municipio",5,22,457,234,223
050,72,085,"Puerto Rico Commonwealth","Las Piedras Municipio",5,23,465,240,225
050,72,085,"Puerto Rico Commonwealth","Las Piedras Municipio",5,24,459,230,229
050,72,085,"Puerto Rico Commonwealth","Las Piedras Municipio",5,25,455,213,242
050,72,085,"Puerto Rico Commonwealth","Las Piedras Municipio",5,26,461,210,251
050,72,085,"Puerto Rico Commonwealth","Las Piedras Municipio",5,27,468,221,247
050,72,085,"Puerto Rico Commonwealth","Las Piedras Municipio",5,28,484,231,253
050,72,085,"Puerto Rico Commonwealth","Las Piedras Municipio",5,29,477,222,255
050,72,085,"Puerto Rico Commonwealth","Las Piedras Municipio",5,30,462,212,250
050,72,085,"Puerto Rico Commonwealth","Las Piedras Municipio",5,31,463,213,250
050,72,085,"Puerto Rico Commonwealth","Las Piedras Municipio",5,32,487,224,263
050,72,085,"Puerto Rico Commonwealth","Las Piedras Municipio",5,33,488,217,271
050,72,085,"Puerto Rico Commonwealth","Las Piedras Municipio",5,34,463,208,255
050,72,085,"Puerto Rico Commonwealth","Las Piedras Municipio",5,35,444,195,249
050,72,085,"Puerto Rico Commonwealth","Las Piedras Municipio",5,36,424,198,226
050,72,085,"Puerto Rico Commonwealth","Las Piedras Municipio",5,37,407,193,214
050,72,085,"Puerto Rico Commonwealth","Las Piedras Municipio",5,38,409,189,220
050,72,085,"Puerto Rico Commonwealth","Las Piedras Municipio",5,39,428,193,235
050,72,085,"Puerto Rico Commonwealth","Las Piedras Municipio",5,40,449,202,247
050,72,085,"Puerto Rico Commonwealth","Las Piedras Municipio",5,41,475,210,265
050,72,085,"Puerto Rico Commonwealth","Las Piedras Municipio",5,42,497,226,271
050,72,085,"Puerto Rico Commonwealth","Las Piedras Municipio",5,43,513,235,278
050,72,085,"Puerto Rico Commonwealth","Las Piedras Municipio",5,44,530,255,275
050,72,085,"Puerto Rico Commonwealth","Las Piedras Municipio",5,45,522,252,270
050,72,085,"Puerto Rico Commonwealth","Las Piedras Municipio",5,46,508,242,266
050,72,085,"Puerto Rico Commonwealth","Las Piedras Municipio",5,47,503,236,267
050,72,085,"Puerto Rico Commonwealth","Las Piedras Municipio",5,48,495,239,256
050,72,085,"Puerto Rico Commonwealth","Las Piedras Municipio",5,49,474,225,249
050,72,085,"Puerto Rico Commonwealth","Las Piedras Municipio",5,50,459,224,235
050,72,085,"Puerto Rico Commonwealth","Las Piedras Municipio",5,51,465,231,234
050,72,085,"Puerto Rico Commonwealth","Las Piedras Municipio",5,52,488,238,250
050,72,085,"Puerto Rico Commonwealth","Las Piedras Municipio",5,53,496,237,259
050,72,085,"Puerto Rico Commonwealth","Las Piedras Municipio",5,54,481,227,254
050,72,085,"Puerto Rico Commonwealth","Las Piedras Municipio",5,55,447,204,243
050,72,085,"Puerto Rico Commonwealth","Las Piedras Municipio",5,56,446,204,242
050,72,085,"Puerto Rico Commonwealth","Las Piedras Municipio",5,57,439,203,236
050,72,085,"Puerto Rico Commonwealth","Las Piedras Municipio",5,58,447,211,236
050,72,085,"Puerto Rico Commonwealth","Las Piedras Municipio",5,59,448,207,241
050,72,085,"Puerto Rico Commonwealth","Las Piedras Municipio",5,60,426,199,227
050,72,085,"Puerto Rico Commonwealth","Las Piedras Municipio",5,61,408,184,224
050,72,085,"Puerto Rico Commonwealth","Las Piedras Municipio",5,62,419,182,237
050,72,085,"Puerto Rico Commonwealth","Las Piedras Municipio",5,63,417,181,236
050,72,085,"Puerto Rico Commonwealth","Las Piedras Municipio",5,64,412,193,219
050,72,085,"Puerto Rico Commonwealth","Las Piedras Municipio",5,65,424,198,226
050,72,085,"Puerto Rico Commonwealth","Las Piedras Municipio",5,66,430,200,230
050,72,085,"Puerto Rico Commonwealth","Las Piedras Municipio",5,67,440,194,246
050,72,085,"Puerto Rico Commonwealth","Las Piedras Municipio",5,68,430,195,235
050,72,085,"Puerto Rico Commonwealth","Las Piedras Municipio",5,69,420,194,226
050,72,085,"Puerto Rico Commonwealth","Las Piedras Municipio",5,70,387,174,213
050,72,085,"Puerto Rico Commonwealth","Las Piedras Municipio",5,71,368,158,210
050,72,085,"Puerto Rico Commonwealth","Las Piedras Municipio",5,72,355,156,199
050,72,085,"Puerto Rico Commonwealth","Las Piedras Municipio",5,73,363,169,194
050,72,085,"Puerto Rico Commonwealth","Las Piedras Municipio",5,74,363,179,184
050,72,085,"Puerto Rico Commonwealth","Las Piedras Municipio",5,75,352,169,183
050,72,085,"Puerto Rico Commonwealth","Las Piedras Municipio",5,76,339,160,179
050,72,085,"Puerto Rico Commonwealth","Las Piedras Municipio",5,77,327,152,175
050,72,085,"Puerto Rico Commonwealth","Las Piedras Municipio",5,78,284,124,160
050,72,085,"Puerto Rico Commonwealth","Las Piedras Municipio",5,79,269,121,148
050,72,085,"Puerto Rico Commonwealth","Las Piedras Municipio",5,80,232,100,132
050,72,085,"Puerto Rico Commonwealth","Las Piedras Municipio",5,81,235,118,117
050,72,085,"Puerto Rico Commonwealth","Las Piedras Municipio",5,82,218,120,98
050,72,085,"Puerto Rico Commonwealth","Las Piedras Municipio",5,83,178,87,91
050,72,085,"Puerto Rico Commonwealth","Las Piedras Municipio",5,84,164,78,86
050,72,085,"Puerto Rico Commonwealth","Las Piedras Municipio",5,85,1100,478,622
050,72,087,"Puerto Rico Commonwealth","Loíza Municipio",1,0,127,62,65
050,72,087,"Puerto Rico Commonwealth","Loíza Municipio",1,1,141,65,76
050,72,087,"Puerto Rico Commonwealth","Loíza Municipio",1,2,147,74,73
050,72,087,"Puerto Rico Commonwealth","Loíza Municipio",1,3,171,91,80
050,72,087,"Puerto Rico Commonwealth","Loíza Municipio",1,4,182,89,93
050,72,087,"Puerto Rico Commonwealth","Loíza Municipio",1,5,201,100,101
050,72,087,"Puerto Rico Commonwealth","Loíza Municipio",1,6,235,110,125
050,72,087,"Puerto Rico Commonwealth","Loíza Municipio",1,7,253,133,120
050,72,087,"Puerto Rico Commonwealth","Loíza Municipio",1,8,254,129,125
050,72,087,"Puerto Rico Commonwealth","Loíza Municipio",1,9,270,148,122
050,72,087,"Puerto Rico Commonwealth","Loíza Municipio",1,10,307,162,145
050,72,087,"Puerto Rico Commonwealth","Loíza Municipio",1,11,303,153,150
050,72,087,"Puerto Rico Commonwealth","Loíza Municipio",1,12,293,149,144
050,72,087,"Puerto Rico Commonwealth","Loíza Municipio",1,13,303,158,145
050,72,087,"Puerto Rico Commonwealth","Loíza Municipio",1,14,311,152,159
050,72,087,"Puerto Rico Commonwealth","Loíza Municipio",1,15,297,137,160
050,72,087,"Puerto Rico Commonwealth","Loíza Municipio",1,16,303,145,158
050,72,087,"Puerto Rico Commonwealth","Loíza Municipio",1,17,292,140,152
050,72,087,"Puerto Rico Commonwealth","Loíza Municipio",1,18,285,137,148
050,72,087,"Puerto Rico Commonwealth","Loíza Municipio",1,19,306,142,164
050,72,087,"Puerto Rico Commonwealth","Loíza Municipio",1,20,292,147,145
050,72,087,"Puerto Rico Commonwealth","Loíza Municipio",1,21,278,143,135
050,72,087,"Puerto Rico Commonwealth","Loíza Municipio",1,22,298,141,157
050,72,087,"Puerto Rico Commonwealth","Loíza Municipio",1,23,314,150,164
050,72,087,"Puerto Rico Commonwealth","Loíza Municipio",1,24,327,148,179
050,72,087,"Puerto Rico Commonwealth","Loíza Municipio",1,25,335,153,182
050,72,087,"Puerto Rico Commonwealth","Loíza Municipio",1,26,308,145,163
050,72,087,"Puerto Rico Commonwealth","Loíza Municipio",1,27,353,155,198
050,72,087,"Puerto Rico Commonwealth","Loíza Municipio",1,28,362,165,197
050,72,087,"Puerto Rico Commonwealth","Loíza Municipio",1,29,366,168,198
050,72,087,"Puerto Rico Commonwealth","Loíza Municipio",1,30,373,164,209
050,72,087,"Puerto Rico Commonwealth","Loíza Municipio",1,31,331,148,183
050,72,087,"Puerto Rico Commonwealth","Loíza Municipio",1,32,299,137,162
050,72,087,"Puerto Rico Commonwealth","Loíza Municipio",1,33,305,145,160
050,72,087,"Puerto Rico Commonwealth","Loíza Municipio",1,34,290,134,156
050,72,087,"Puerto Rico Commonwealth","Loíza Municipio",1,35,263,119,144
050,72,087,"Puerto Rico Commonwealth","Loíza Municipio",1,36,262,122,140
050,72,087,"Puerto Rico Commonwealth","Loíza Municipio",1,37,272,121,151
050,72,087,"Puerto Rico Commonwealth","Loíza Municipio",1,38,287,130,157
050,72,087,"Puerto Rico Commonwealth","Loíza Municipio",1,39,287,129,158
050,72,087,"Puerto Rico Commonwealth","Loíza Municipio",1,40,305,134,171
050,72,087,"Puerto Rico Commonwealth","Loíza Municipio",1,41,305,148,157
050,72,087,"Puerto Rico Commonwealth","Loíza Municipio",1,42,270,130,140
050,72,087,"Puerto Rico Commonwealth","Loíza Municipio",1,43,260,121,139
050,72,087,"Puerto Rico Commonwealth","Loíza Municipio",1,44,294,135,159
050,72,087,"Puerto Rico Commonwealth","Loíza Municipio",1,45,306,140,166
050,72,087,"Puerto Rico Commonwealth","Loíza Municipio",1,46,265,118,147
050,72,087,"Puerto Rico Commonwealth","Loíza Municipio",1,47,272,126,146
050,72,087,"Puerto Rico Commonwealth","Loíza Municipio",1,48,268,122,146
050,72,087,"Puerto Rico Commonwealth","Loíza Municipio",1,49,284,134,150
050,72,087,"Puerto Rico Commonwealth","Loíza Municipio",1,50,276,133,143
050,72,087,"Puerto Rico Commonwealth","Loíza Municipio",1,51,274,134,140
050,72,087,"Puerto Rico Commonwealth","Loíza Municipio",1,52,283,121,162
050,72,087,"Puerto Rico Commonwealth","Loíza Municipio",1,53,298,136,162
050,72,087,"Puerto Rico Commonwealth","Loíza Municipio",1,54,327,145,182
050,72,087,"Puerto Rico Commonwealth","Loíza Municipio",1,55,347,150,197
050,72,087,"Puerto Rico Commonwealth","Loíza Municipio",1,56,336,140,196
050,72,087,"Puerto Rico Commonwealth","Loíza Municipio",1,57,339,153,186
050,72,087,"Puerto Rico Commonwealth","Loíza Municipio",1,58,334,152,182
050,72,087,"Puerto Rico Commonwealth","Loíza Municipio",1,59,355,156,199
050,72,087,"Puerto Rico Commonwealth","Loíza Municipio",1,60,349,162,187
050,72,087,"Puerto Rico Commonwealth","Loíza Municipio",1,61,330,159,171
050,72,087,"Puerto Rico Commonwealth","Loíza Municipio",1,62,344,146,198
050,72,087,"Puerto Rico Commonwealth","Loíza Municipio",1,63,361,159,202
050,72,087,"Puerto Rico Commonwealth","Loíza Municipio",1,64,353,168,185
050,72,087,"Puerto Rico Commonwealth","Loíza Municipio",1,65,323,150,173
050,72,087,"Puerto Rico Commonwealth","Loíza Municipio",1,66,311,142,169
050,72,087,"Puerto Rico Commonwealth","Loíza Municipio",1,67,307,140,167
050,72,087,"Puerto Rico Commonwealth","Loíza Municipio",1,68,304,135,169
050,72,087,"Puerto Rico Commonwealth","Loíza Municipio",1,69,282,125,157
050,72,087,"Puerto Rico Commonwealth","Loíza Municipio",1,70,276,119,157
050,72,087,"Puerto Rico Commonwealth","Loíza Municipio",1,71,245,109,136
050,72,087,"Puerto Rico Commonwealth","Loíza Municipio",1,72,240,109,131
050,72,087,"Puerto Rico Commonwealth","Loíza Municipio",1,73,236,112,124
050,72,087,"Puerto Rico Commonwealth","Loíza Municipio",1,74,214,97,117
050,72,087,"Puerto Rico Commonwealth","Loíza Municipio",1,75,199,87,112
050,72,087,"Puerto Rico Commonwealth","Loíza Municipio",1,76,172,75,97
050,72,087,"Puerto Rico Commonwealth","Loíza Municipio",1,77,177,75,102
050,72,087,"Puerto Rico Commonwealth","Loíza Municipio",1,78,162,69,93
050,72,087,"Puerto Rico Commonwealth","Loíza Municipio",1,79,153,70,83
050,72,087,"Puerto Rico Commonwealth","Loíza Municipio",1,80,139,71,68
050,72,087,"Puerto Rico Commonwealth","Loíza Municipio",1,81,119,50,69
050,72,087,"Puerto Rico Commonwealth","Loíza Municipio",1,82,109,48,61
050,72,087,"Puerto Rico Commonwealth","Loíza Municipio",1,83,105,44,61
050,72,087,"Puerto Rico Commonwealth","Loíza Municipio",1,84,97,50,47
050,72,087,"Puerto Rico Commonwealth","Loíza Municipio",1,85,605,253,352
050,72,087,"Puerto Rico Commonwealth","Loíza Municipio",2,0,131,70,61
050,72,087,"Puerto Rico Commonwealth","Loíza Municipio",2,1,137,64,73
050,72,087,"Puerto Rico Commonwealth","Loíza Municipio",2,2,145,71,74
050,72,087,"Puerto Rico Commonwealth","Loíza Municipio",2,3,165,87,78
050,72,087,"Puerto Rico Commonwealth","Loíza Municipio",2,4,180,90,90
050,72,087,"Puerto Rico Commonwealth","Loíza Municipio",2,5,196,97,99
050,72,087,"Puerto Rico Commonwealth","Loíza Municipio",2,6,227,108,119
050,72,087,"Puerto Rico Commonwealth","Loíza Municipio",2,7,247,126,121
050,72,087,"Puerto Rico Commonwealth","Loíza Municipio",2,8,253,129,124
050,72,087,"Puerto Rico Commonwealth","Loíza Municipio",2,9,264,142,122
050,72,087,"Puerto Rico Commonwealth","Loíza Municipio",2,10,295,158,137
050,72,087,"Puerto Rico Commonwealth","Loíza Municipio",2,11,302,154,148
050,72,087,"Puerto Rico Commonwealth","Loíza Municipio",2,12,292,149,143
050,72,087,"Puerto Rico Commonwealth","Loíza Municipio",2,13,297,155,142
050,72,087,"Puerto Rico Commonwealth","Loíza Municipio",2,14,304,152,152
050,72,087,"Puerto Rico Commonwealth","Loíza Municipio",2,15,300,141,159
050,72,087,"Puerto Rico Commonwealth","Loíza Municipio",2,16,300,143,157
050,72,087,"Puerto Rico Commonwealth","Loíza Municipio",2,17,293,142,151
050,72,087,"Puerto Rico Commonwealth","Loíza Municipio",2,18,287,139,148
050,72,087,"Puerto Rico Commonwealth","Loíza Municipio",2,19,300,141,159
050,72,087,"Puerto Rico Commonwealth","Loíza Municipio",2,20,294,145,149
050,72,087,"Puerto Rico Commonwealth","Loíza Municipio",2,21,279,143,136
050,72,087,"Puerto Rico Commonwealth","Loíza Municipio",2,22,292,141,151
050,72,087,"Puerto Rico Commonwealth","Loíza Municipio",2,23,308,147,161
050,72,087,"Puerto Rico Commonwealth","Loíza Municipio",2,24,321,147,174
050,72,087,"Puerto Rico Commonwealth","Loíza Municipio",2,25,332,151,181
050,72,087,"Puerto Rico Commonwealth","Loíza Municipio",2,26,312,146,166
050,72,087,"Puerto Rico Commonwealth","Loíza Municipio",2,27,339,151,188
050,72,087,"Puerto Rico Commonwealth","Loíza Municipio",2,28,358,162,196
050,72,087,"Puerto Rico Commonwealth","Loíza Municipio",2,29,362,165,197
050,72,087,"Puerto Rico Commonwealth","Loíza Municipio",2,30,369,164,205
050,72,087,"Puerto Rico Commonwealth","Loíza Municipio",2,31,339,151,188
050,72,087,"Puerto Rico Commonwealth","Loíza Municipio",2,32,306,139,167
050,72,087,"Puerto Rico Commonwealth","Loíza Municipio",2,33,301,142,159
050,72,087,"Puerto Rico Commonwealth","Loíza Municipio",2,34,292,136,156
050,72,087,"Puerto Rico Commonwealth","Loíza Municipio",2,35,268,122,146
050,72,087,"Puerto Rico Commonwealth","Loíza Municipio",2,36,261,121,140
050,72,087,"Puerto Rico Commonwealth","Loíza Municipio",2,37,268,121,147
050,72,087,"Puerto Rico Commonwealth","Loíza Municipio",2,38,282,127,155
050,72,087,"Puerto Rico Commonwealth","Loíza Municipio",2,39,285,128,157
050,72,087,"Puerto Rico Commonwealth","Loíza Municipio",2,40,299,133,166
050,72,087,"Puerto Rico Commonwealth","Loíza Municipio",2,41,303,143,160
050,72,087,"Puerto Rico Commonwealth","Loíza Municipio",2,42,277,134,143
050,72,087,"Puerto Rico Commonwealth","Loíza Municipio",2,43,261,123,138
050,72,087,"Puerto Rico Commonwealth","Loíza Municipio",2,44,283,130,153
050,72,087,"Puerto Rico Commonwealth","Loíza Municipio",2,45,303,139,164
050,72,087,"Puerto Rico Commonwealth","Loíza Municipio",2,46,273,123,150
050,72,087,"Puerto Rico Commonwealth","Loíza Municipio",2,47,270,124,146
050,72,087,"Puerto Rico Commonwealth","Loíza Municipio",2,48,269,123,146
050,72,087,"Puerto Rico Commonwealth","Loíza Municipio",2,49,279,130,149
050,72,087,"Puerto Rico Commonwealth","Loíza Municipio",2,50,278,134,144
050,72,087,"Puerto Rico Commonwealth","Loíza Municipio",2,51,274,134,140
050,72,087,"Puerto Rico Commonwealth","Loíza Municipio",2,52,280,123,157
050,72,087,"Puerto Rico Commonwealth","Loíza Municipio",2,53,294,132,162
050,72,087,"Puerto Rico Commonwealth","Loíza Municipio",2,54,319,142,177
050,72,087,"Puerto Rico Commonwealth","Loíza Municipio",2,55,340,149,191
050,72,087,"Puerto Rico Commonwealth","Loíza Municipio",2,56,338,142,196
050,72,087,"Puerto Rico Commonwealth","Loíza Municipio",2,57,338,149,189
050,72,087,"Puerto Rico Commonwealth","Loíza Municipio",2,58,333,150,183
050,72,087,"Puerto Rico Commonwealth","Loíza Municipio",2,59,348,154,194
050,72,087,"Puerto Rico Commonwealth","Loíza Municipio",2,60,350,160,190
050,72,087,"Puerto Rico Commonwealth","Loíza Municipio",2,61,333,159,174
050,72,087,"Puerto Rico Commonwealth","Loíza Municipio",2,62,340,149,191
050,72,087,"Puerto Rico Commonwealth","Loíza Municipio",2,63,354,153,201
050,72,087,"Puerto Rico Commonwealth","Loíza Municipio",2,64,355,166,189
050,72,087,"Puerto Rico Commonwealth","Loíza Municipio",2,65,331,155,176
050,72,087,"Puerto Rico Commonwealth","Loíza Municipio",2,66,313,143,170
050,72,087,"Puerto Rico Commonwealth","Loíza Municipio",2,67,307,140,167
050,72,087,"Puerto Rico Commonwealth","Loíza Municipio",2,68,304,136,168
050,72,087,"Puerto Rico Commonwealth","Loíza Municipio",2,69,287,128,159
050,72,087,"Puerto Rico Commonwealth","Loíza Municipio",2,70,276,120,156
050,72,087,"Puerto Rico Commonwealth","Loíza Municipio",2,71,253,112,141
050,72,087,"Puerto Rico Commonwealth","Loíza Municipio",2,72,241,109,132
050,72,087,"Puerto Rico Commonwealth","Loíza Municipio",2,73,236,111,125
050,72,087,"Puerto Rico Commonwealth","Loíza Municipio",2,74,220,101,119
050,72,087,"Puerto Rico Commonwealth","Loíza Municipio",2,75,202,89,113
050,72,087,"Puerto Rico Commonwealth","Loíza Municipio",2,76,177,76,101
050,72,087,"Puerto Rico Commonwealth","Loíza Municipio",2,77,174,73,101
050,72,087,"Puerto Rico Commonwealth","Loíza Municipio",2,78,164,71,93
050,72,087,"Puerto Rico Commonwealth","Loíza Municipio",2,79,154,69,85
050,72,087,"Puerto Rico Commonwealth","Loíza Municipio",2,80,141,70,71
050,72,087,"Puerto Rico Commonwealth","Loíza Municipio",2,81,122,53,69
050,72,087,"Puerto Rico Commonwealth","Loíza Municipio",2,82,112,49,63
050,72,087,"Puerto Rico Commonwealth","Loíza Municipio",2,83,104,45,59
050,72,087,"Puerto Rico Commonwealth","Loíza Municipio",2,84,96,48,48
050,72,087,"Puerto Rico Commonwealth","Loíza Municipio",2,85,620,264,356
050,72,087,"Puerto Rico Commonwealth","Loíza Municipio",3,0,127,72,55
050,72,087,"Puerto Rico Commonwealth","Loíza Municipio",3,1,131,70,61
050,72,087,"Puerto Rico Commonwealth","Loíza Municipio",3,2,135,63,72
050,72,087,"Puerto Rico Commonwealth","Loíza Municipio",3,3,144,70,74
050,72,087,"Puerto Rico Commonwealth","Loíza Municipio",3,4,163,86,77
050,72,087,"Puerto Rico Commonwealth","Loíza Municipio",3,5,178,89,89
050,72,087,"Puerto Rico Commonwealth","Loíza Municipio",3,6,193,95,98
050,72,087,"Puerto Rico Commonwealth","Loíza Municipio",3,7,224,106,118
050,72,087,"Puerto Rico Commonwealth","Loíza Municipio",3,8,243,124,119
050,72,087,"Puerto Rico Commonwealth","Loíza Municipio",3,9,248,126,122
050,72,087,"Puerto Rico Commonwealth","Loíza Municipio",3,10,258,138,120
050,72,087,"Puerto Rico Commonwealth","Loíza Municipio",3,11,288,154,134
050,72,087,"Puerto Rico Commonwealth","Loíza Municipio",3,12,295,150,145
050,72,087,"Puerto Rico Commonwealth","Loíza Municipio",3,13,285,145,140
050,72,087,"Puerto Rico Commonwealth","Loíza Municipio",3,14,289,150,139
050,72,087,"Puerto Rico Commonwealth","Loíza Municipio",3,15,296,147,149
050,72,087,"Puerto Rico Commonwealth","Loíza Municipio",3,16,292,136,156
050,72,087,"Puerto Rico Commonwealth","Loíza Municipio",3,17,292,140,152
050,72,087,"Puerto Rico Commonwealth","Loíza Municipio",3,18,282,135,147
050,72,087,"Puerto Rico Commonwealth","Loíza Municipio",3,19,273,132,141
050,72,087,"Puerto Rico Commonwealth","Loíza Municipio",3,20,294,137,157
050,72,087,"Puerto Rico Commonwealth","Loíza Municipio",3,21,285,139,146
050,72,087,"Puerto Rico Commonwealth","Loíza Municipio",3,22,272,139,133
050,72,087,"Puerto Rico Commonwealth","Loíza Municipio",3,23,284,135,149
050,72,087,"Puerto Rico Commonwealth","Loíza Municipio",3,24,302,144,158
050,72,087,"Puerto Rico Commonwealth","Loíza Municipio",3,25,313,142,171
050,72,087,"Puerto Rico Commonwealth","Loíza Municipio",3,26,325,146,179
050,72,087,"Puerto Rico Commonwealth","Loíza Municipio",3,27,304,142,162
050,72,087,"Puerto Rico Commonwealth","Loíza Municipio",3,28,334,150,184
050,72,087,"Puerto Rico Commonwealth","Loíza Municipio",3,29,349,157,192
050,72,087,"Puerto Rico Commonwealth","Loíza Municipio",3,30,356,163,193
050,72,087,"Puerto Rico Commonwealth","Loíza Municipio",3,31,365,163,202
050,72,087,"Puerto Rico Commonwealth","Loíza Municipio",3,32,333,148,185
050,72,087,"Puerto Rico Commonwealth","Loíza Municipio",3,33,302,138,164
050,72,087,"Puerto Rico Commonwealth","Loíza Municipio",3,34,295,139,156
050,72,087,"Puerto Rico Commonwealth","Loíza Municipio",3,35,289,136,153
050,72,087,"Puerto Rico Commonwealth","Loíza Municipio",3,36,262,119,143
050,72,087,"Puerto Rico Commonwealth","Loíza Municipio",3,37,257,120,137
050,72,087,"Puerto Rico Commonwealth","Loíza Municipio",3,38,264,120,144
050,72,087,"Puerto Rico Commonwealth","Loíza Municipio",3,39,277,125,152
050,72,087,"Puerto Rico Commonwealth","Loíza Municipio",3,40,278,124,154
050,72,087,"Puerto Rico Commonwealth","Loíza Municipio",3,41,294,131,163
050,72,087,"Puerto Rico Commonwealth","Loíza Municipio",3,42,299,142,157
050,72,087,"Puerto Rico Commonwealth","Loíza Municipio",3,43,274,133,141
050,72,087,"Puerto Rico Commonwealth","Loíza Municipio",3,44,253,120,133
050,72,087,"Puerto Rico Commonwealth","Loíza Municipio",3,45,273,123,150
050,72,087,"Puerto Rico Commonwealth","Loíza Municipio",3,46,300,138,162
050,72,087,"Puerto Rico Commonwealth","Loíza Municipio",3,47,269,121,148
050,72,087,"Puerto Rico Commonwealth","Loíza Municipio",3,48,263,120,143
050,72,087,"Puerto Rico Commonwealth","Loíza Municipio",3,49,266,121,145
050,72,087,"Puerto Rico Commonwealth","Loíza Municipio",3,50,272,126,146
050,72,087,"Puerto Rico Commonwealth","Loíza Municipio",3,51,273,132,141
050,72,087,"Puerto Rico Commonwealth","Loíza Municipio",3,52,267,131,136
050,72,087,"Puerto Rico Commonwealth","Loíza Municipio",3,53,274,120,154
050,72,087,"Puerto Rico Commonwealth","Loíza Municipio",3,54,289,130,159
050,72,087,"Puerto Rico Commonwealth","Loíza Municipio",3,55,313,138,175
050,72,087,"Puerto Rico Commonwealth","Loíza Municipio",3,56,332,145,187
050,72,087,"Puerto Rico Commonwealth","Loíza Municipio",3,57,332,138,194
050,72,087,"Puerto Rico Commonwealth","Loíza Municipio",3,58,336,149,187
050,72,087,"Puerto Rico Commonwealth","Loíza Municipio",3,59,329,148,181
050,72,087,"Puerto Rico Commonwealth","Loíza Municipio",3,60,342,152,190
050,72,087,"Puerto Rico Commonwealth","Loíza Municipio",3,61,346,157,189
050,72,087,"Puerto Rico Commonwealth","Loíza Municipio",3,62,326,156,170
050,72,087,"Puerto Rico Commonwealth","Loíza Municipio",3,63,334,147,187
050,72,087,"Puerto Rico Commonwealth","Loíza Municipio",3,64,347,149,198
050,72,087,"Puerto Rico Commonwealth","Loíza Municipio",3,65,350,164,186
050,72,087,"Puerto Rico Commonwealth","Loíza Municipio",3,66,326,151,175
050,72,087,"Puerto Rico Commonwealth","Loíza Municipio",3,67,306,138,168
050,72,087,"Puerto Rico Commonwealth","Loíza Municipio",3,68,301,139,162
050,72,087,"Puerto Rico Commonwealth","Loíza Municipio",3,69,300,133,167
050,72,087,"Puerto Rico Commonwealth","Loíza Municipio",3,70,280,125,155
050,72,087,"Puerto Rico Commonwealth","Loíza Municipio",3,71,273,119,154
050,72,087,"Puerto Rico Commonwealth","Loíza Municipio",3,72,245,107,138
050,72,087,"Puerto Rico Commonwealth","Loíza Municipio",3,73,237,107,130
050,72,087,"Puerto Rico Commonwealth","Loíza Municipio",3,74,232,110,122
050,72,087,"Puerto Rico Commonwealth","Loíza Municipio",3,75,215,97,118
050,72,087,"Puerto Rico Commonwealth","Loíza Municipio",3,76,193,83,110
050,72,087,"Puerto Rico Commonwealth","Loíza Municipio",3,77,168,71,97
050,72,087,"Puerto Rico Commonwealth","Loíza Municipio",3,78,165,66,99
050,72,087,"Puerto Rico Commonwealth","Loíza Municipio",3,79,159,71,88
050,72,087,"Puerto Rico Commonwealth","Loíza Municipio",3,80,151,67,84
050,72,087,"Puerto Rico Commonwealth","Loíza Municipio",3,81,137,67,70
050,72,087,"Puerto Rico Commonwealth","Loíza Municipio",3,82,120,51,69
050,72,087,"Puerto Rico Commonwealth","Loíza Municipio",3,83,109,49,60
050,72,087,"Puerto Rico Commonwealth","Loíza Municipio",3,84,104,46,58
050,72,087,"Puerto Rico Commonwealth","Loíza Municipio",3,85,680,297,383
050,72,087,"Puerto Rico Commonwealth","Loíza Municipio",4,0,116,54,62
050,72,087,"Puerto Rico Commonwealth","Loíza Municipio",4,1,125,71,54
050,72,087,"Puerto Rico Commonwealth","Loíza Municipio",4,2,128,69,59
050,72,087,"Puerto Rico Commonwealth","Loíza Municipio",4,3,131,61,70
050,72,087,"Puerto Rico Commonwealth","Loíza Municipio",4,4,140,68,72
050,72,087,"Puerto Rico Commonwealth","Loíza Municipio",4,5,159,84,75
050,72,087,"Puerto Rico Commonwealth","Loíza Municipio",4,6,173,86,87
050,72,087,"Puerto Rico Commonwealth","Loíza Municipio",4,7,187,92,95
050,72,087,"Puerto Rico Commonwealth","Loíza Municipio",4,8,217,102,115
050,72,087,"Puerto Rico Commonwealth","Loíza Municipio",4,9,236,120,116
050,72,087,"Puerto Rico Commonwealth","Loíza Municipio",4,10,240,121,119
050,72,087,"Puerto Rico Commonwealth","Loíza Municipio",4,11,248,132,116
050,72,087,"Puerto Rico Commonwealth","Loíza Municipio",4,12,278,148,130
050,72,087,"Puerto Rico Commonwealth","Loíza Municipio",4,13,285,144,141
050,72,087,"Puerto Rico Commonwealth","Loíza Municipio",4,14,275,139,136
050,72,087,"Puerto Rico Commonwealth","Loíza Municipio",4,15,278,144,134
050,72,087,"Puerto Rico Commonwealth","Loíza Municipio",4,16,285,140,145
050,72,087,"Puerto Rico Commonwealth","Loíza Municipio",4,17,280,131,149
050,72,087,"Puerto Rico Commonwealth","Loíza Municipio",4,18,277,131,146
050,72,087,"Puerto Rico Commonwealth","Loíza Municipio",4,19,264,125,139
050,72,087,"Puerto Rico Commonwealth","Loíza Municipio",4,20,262,126,136
050,72,087,"Puerto Rico Commonwealth","Loíza Municipio",4,21,281,129,152
050,72,087,"Puerto Rico Commonwealth","Loíza Municipio",4,22,274,132,142
050,72,087,"Puerto Rico Commonwealth","Loíza Municipio",4,23,262,133,129
050,72,087,"Puerto Rico Commonwealth","Loíza Municipio",4,24,274,129,145
050,72,087,"Puerto Rico Commonwealth","Loíza Municipio",4,25,291,138,153
050,72,087,"Puerto Rico Commonwealth","Loíza Municipio",4,26,302,136,166
050,72,087,"Puerto Rico Commonwealth","Loíza Municipio",4,27,316,142,174
050,72,087,"Puerto Rico Commonwealth","Loíza Municipio",4,28,294,138,156
050,72,087,"Puerto Rico Commonwealth","Loíza Municipio",4,29,319,141,178
050,72,087,"Puerto Rico Commonwealth","Loíza Municipio",4,30,338,151,187
050,72,087,"Puerto Rico Commonwealth","Loíza Municipio",4,31,345,158,187
050,72,087,"Puerto Rico Commonwealth","Loíza Municipio",4,32,354,158,196
050,72,087,"Puerto Rico Commonwealth","Loíza Municipio",4,33,322,141,181
050,72,087,"Puerto Rico Commonwealth","Loíza Municipio",4,34,294,134,160
050,72,087,"Puerto Rico Commonwealth","Loíza Municipio",4,35,287,136,151
050,72,087,"Puerto Rico Commonwealth","Loíza Municipio",4,36,279,130,149
050,72,087,"Puerto Rico Commonwealth","Loíza Municipio",4,37,255,116,139
050,72,087,"Puerto Rico Commonwealth","Loíza Municipio",4,38,250,117,133
050,72,087,"Puerto Rico Commonwealth","Loíza Municipio",4,39,256,117,139
050,72,087,"Puerto Rico Commonwealth","Loíza Municipio",4,40,268,120,148
050,72,087,"Puerto Rico Commonwealth","Loíza Municipio",4,41,270,121,149
050,72,087,"Puerto Rico Commonwealth","Loíza Municipio",4,42,287,128,159
050,72,087,"Puerto Rico Commonwealth","Loíza Municipio",4,43,292,139,153
050,72,087,"Puerto Rico Commonwealth","Loíza Municipio",4,44,264,128,136
050,72,087,"Puerto Rico Commonwealth","Loíza Municipio",4,45,244,115,129
050,72,087,"Puerto Rico Commonwealth","Loíza Municipio",4,46,266,120,146
050,72,087,"Puerto Rico Commonwealth","Loíza Municipio",4,47,290,131,159
050,72,087,"Puerto Rico Commonwealth","Loíza Municipio",4,48,262,118,144
050,72,087,"Puerto Rico Commonwealth","Loíza Municipio",4,49,257,116,141
050,72,087,"Puerto Rico Commonwealth","Loíza Municipio",4,50,260,118,142
050,72,087,"Puerto Rico Commonwealth","Loíza Municipio",4,51,266,123,143
050,72,087,"Puerto Rico Commonwealth","Loíza Municipio",4,52,266,129,137
050,72,087,"Puerto Rico Commonwealth","Loíza Municipio",4,53,262,129,133
050,72,087,"Puerto Rico Commonwealth","Loíza Municipio",4,54,268,117,151
050,72,087,"Puerto Rico Commonwealth","Loíza Municipio",4,55,282,125,157
050,72,087,"Puerto Rico Commonwealth","Loíza Municipio",4,56,304,133,171
050,72,087,"Puerto Rico Commonwealth","Loíza Municipio",4,57,327,143,184
050,72,087,"Puerto Rico Commonwealth","Loíza Municipio",4,58,328,136,192
050,72,087,"Puerto Rico Commonwealth","Loíza Municipio",4,59,330,146,184
050,72,087,"Puerto Rico Commonwealth","Loíza Municipio",4,60,324,146,178
050,72,087,"Puerto Rico Commonwealth","Loíza Municipio",4,61,333,147,186
050,72,087,"Puerto Rico Commonwealth","Loíza Municipio",4,62,339,154,185
050,72,087,"Puerto Rico Commonwealth","Loíza Municipio",4,63,318,153,165
050,72,087,"Puerto Rico Commonwealth","Loíza Municipio",4,64,325,143,182
050,72,087,"Puerto Rico Commonwealth","Loíza Municipio",4,65,342,148,194
050,72,087,"Puerto Rico Commonwealth","Loíza Municipio",4,66,341,161,180
050,72,087,"Puerto Rico Commonwealth","Loíza Municipio",4,67,318,145,173
050,72,087,"Puerto Rico Commonwealth","Loíza Municipio",4,68,302,137,165
050,72,087,"Puerto Rico Commonwealth","Loíza Municipio",4,69,296,135,161
050,72,087,"Puerto Rico Commonwealth","Loíza Municipio",4,70,293,130,163
050,72,087,"Puerto Rico Commonwealth","Loíza Municipio",4,71,273,120,153
050,72,087,"Puerto Rico Commonwealth","Loíza Municipio",4,72,265,116,149
050,72,087,"Puerto Rico Commonwealth","Loíza Municipio",4,73,239,104,135
050,72,087,"Puerto Rico Commonwealth","Loíza Municipio",4,74,232,106,126
050,72,087,"Puerto Rico Commonwealth","Loíza Municipio",4,75,224,109,115
050,72,087,"Puerto Rico Commonwealth","Loíza Municipio",4,76,212,97,115
050,72,087,"Puerto Rico Commonwealth","Loíza Municipio",4,77,190,81,109
050,72,087,"Puerto Rico Commonwealth","Loíza Municipio",4,78,166,70,96
050,72,087,"Puerto Rico Commonwealth","Loíza Municipio",4,79,158,62,96
050,72,087,"Puerto Rico Commonwealth","Loíza Municipio",4,80,154,69,85
050,72,087,"Puerto Rico Commonwealth","Loíza Municipio",4,81,149,68,81
050,72,087,"Puerto Rico Commonwealth","Loíza Municipio",4,82,134,66,68
050,72,087,"Puerto Rico Commonwealth","Loíza Municipio",4,83,115,50,65
050,72,087,"Puerto Rico Commonwealth","Loíza Municipio",4,84,106,49,57
050,72,087,"Puerto Rico Commonwealth","Loíza Municipio",4,85,728,318,410
050,72,087,"Puerto Rico Commonwealth","Loíza Municipio",5,0,115,59,56
050,72,087,"Puerto Rico Commonwealth","Loíza Municipio",5,1,116,53,63
050,72,087,"Puerto Rico Commonwealth","Loíza Municipio",5,2,125,71,54
050,72,087,"Puerto Rico Commonwealth","Loíza Municipio",5,3,128,69,59
050,72,087,"Puerto Rico Commonwealth","Loíza Municipio",5,4,130,60,70
050,72,087,"Puerto Rico Commonwealth","Loíza Municipio",5,5,137,66,71
050,72,087,"Puerto Rico Commonwealth","Loíza Municipio",5,6,157,83,74
050,72,087,"Puerto Rico Commonwealth","Loíza Municipio",5,7,171,85,86
050,72,087,"Puerto Rico Commonwealth","Loíza Municipio",5,8,184,90,94
050,72,087,"Puerto Rico Commonwealth","Loíza Municipio",5,9,214,100,114
050,72,087,"Puerto Rico Commonwealth","Loíza Municipio",5,10,232,118,114
050,72,087,"Puerto Rico Commonwealth","Loíza Municipio",5,11,235,118,117
050,72,087,"Puerto Rico Commonwealth","Loíza Municipio",5,12,242,128,114
050,72,087,"Puerto Rico Commonwealth","Loíza Municipio",5,13,272,144,128
050,72,087,"Puerto Rico Commonwealth","Loíza Municipio",5,14,279,140,139
050,72,087,"Puerto Rico Commonwealth","Loíza Municipio",5,15,269,135,134
050,72,087,"Puerto Rico Commonwealth","Loíza Municipio",5,16,272,140,132
050,72,087,"Puerto Rico Commonwealth","Loíza Municipio",5,17,278,138,140
050,72,087,"Puerto Rico Commonwealth","Loíza Municipio",5,18,268,123,145
050,72,087,"Puerto Rico Commonwealth","Loíza Municipio",5,19,263,123,140
050,72,087,"Puerto Rico Commonwealth","Loíza Municipio",5,20,259,122,137
050,72,087,"Puerto Rico Commonwealth","Loíza Municipio",5,21,253,120,133
050,72,087,"Puerto Rico Commonwealth","Loíza Municipio",5,22,275,125,150
050,72,087,"Puerto Rico Commonwealth","Loíza Municipio",5,23,270,129,141
050,72,087,"Puerto Rico Commonwealth","Loíza Municipio",5,24,257,130,127
050,72,087,"Puerto Rico Commonwealth","Loíza Municipio",5,25,269,126,143
050,72,087,"Puerto Rico Commonwealth","Loíza Municipio",5,26,286,136,150
050,72,087,"Puerto Rico Commonwealth","Loíza Municipio",5,27,297,134,163
050,72,087,"Puerto Rico Commonwealth","Loíza Municipio",5,28,312,140,172
050,72,087,"Puerto Rico Commonwealth","Loíza Municipio",5,29,285,133,152
050,72,087,"Puerto Rico Commonwealth","Loíza Municipio",5,30,314,139,175
050,72,087,"Puerto Rico Commonwealth","Loíza Municipio",5,31,331,148,183
050,72,087,"Puerto Rico Commonwealth","Loíza Municipio",5,32,340,156,184
050,72,087,"Puerto Rico Commonwealth","Loíza Municipio",5,33,351,157,194
050,72,087,"Puerto Rico Commonwealth","Loíza Municipio",5,34,318,139,179
050,72,087,"Puerto Rico Commonwealth","Loíza Municipio",5,35,291,133,158
050,72,087,"Puerto Rico Commonwealth","Loíza Municipio",5,36,279,132,147
050,72,087,"Puerto Rico Commonwealth","Loíza Municipio",5,37,275,129,146
050,72,087,"Puerto Rico Commonwealth","Loíza Municipio",5,38,251,115,136
050,72,087,"Puerto Rico Commonwealth","Loíza Municipio",5,39,245,116,129
050,72,087,"Puerto Rico Commonwealth","Loíza Municipio",5,40,251,115,136
050,72,087,"Puerto Rico Commonwealth","Loíza Municipio",5,41,265,119,146
050,72,087,"Puerto Rico Commonwealth","Loíza Municipio",5,42,266,120,146
050,72,087,"Puerto Rico Commonwealth","Loíza Municipio",5,43,284,127,157
050,72,087,"Puerto Rico Commonwealth","Loíza Municipio",5,44,286,138,148
050,72,087,"Puerto Rico Commonwealth","Loíza Municipio",5,45,259,125,134
050,72,087,"Puerto Rico Commonwealth","Loíza Municipio",5,46,240,113,127
050,72,087,"Puerto Rico Commonwealth","Loíza Municipio",5,47,260,119,141
050,72,087,"Puerto Rico Commonwealth","Loíza Municipio",5,48,286,130,156
050,72,087,"Puerto Rico Commonwealth","Loíza Municipio",5,49,260,117,143
050,72,087,"Puerto Rico Commonwealth","Loíza Municipio",5,50,253,114,139
050,72,087,"Puerto Rico Commonwealth","Loíza Municipio",5,51,255,115,140
050,72,087,"Puerto Rico Commonwealth","Loíza Municipio",5,52,262,121,141
050,72,087,"Puerto Rico Commonwealth","Loíza Municipio",5,53,263,127,136
050,72,087,"Puerto Rico Commonwealth","Loíza Municipio",5,54,256,127,129
050,72,087,"Puerto Rico Commonwealth","Loíza Municipio",5,55,266,116,150
050,72,087,"Puerto Rico Commonwealth","Loíza Municipio",5,56,276,122,154
050,72,087,"Puerto Rico Commonwealth","Loíza Municipio",5,57,300,130,170
050,72,087,"Puerto Rico Commonwealth","Loíza Municipio",5,58,325,143,182
050,72,087,"Puerto Rico Commonwealth","Loíza Municipio",5,59,323,133,190
050,72,087,"Puerto Rico Commonwealth","Loíza Municipio",5,60,326,143,183
050,72,087,"Puerto Rico Commonwealth","Loíza Municipio",5,61,316,139,177
050,72,087,"Puerto Rico Commonwealth","Loíza Municipio",5,62,327,143,184
050,72,087,"Puerto Rico Commonwealth","Loíza Municipio",5,63,336,152,184
050,72,087,"Puerto Rico Commonwealth","Loíza Municipio",5,64,310,150,160
050,72,087,"Puerto Rico Commonwealth","Loíza Municipio",5,65,322,142,180
050,72,087,"Puerto Rico Commonwealth","Loíza Municipio",5,66,334,143,191
050,72,087,"Puerto Rico Commonwealth","Loíza Municipio",5,67,334,158,176
050,72,087,"Puerto Rico Commonwealth","Loíza Municipio",5,68,309,142,167
050,72,087,"Puerto Rico Commonwealth","Loíza Municipio",5,69,294,131,163
050,72,087,"Puerto Rico Commonwealth","Loíza Municipio",5,70,290,133,157
050,72,087,"Puerto Rico Commonwealth","Loíza Municipio",5,71,288,128,160
050,72,087,"Puerto Rico Commonwealth","Loíza Municipio",5,72,267,116,151
050,72,087,"Puerto Rico Commonwealth","Loíza Municipio",5,73,257,113,144
050,72,087,"Puerto Rico Commonwealth","Loíza Municipio",5,74,233,101,132
050,72,087,"Puerto Rico Commonwealth","Loíza Municipio",5,75,227,106,121
050,72,087,"Puerto Rico Commonwealth","Loíza Municipio",5,76,223,108,115
050,72,087,"Puerto Rico Commonwealth","Loíza Municipio",5,77,206,93,113
050,72,087,"Puerto Rico Commonwealth","Loíza Municipio",5,78,185,79,106
050,72,087,"Puerto Rico Commonwealth","Loíza Municipio",5,79,162,69,93
050,72,087,"Puerto Rico Commonwealth","Loíza Municipio",5,80,150,57,93
050,72,087,"Puerto Rico Commonwealth","Loíza Municipio",5,81,148,68,80
050,72,087,"Puerto Rico Commonwealth","Loíza Municipio",5,82,142,64,78
050,72,087,"Puerto Rico Commonwealth","Loíza Municipio",5,83,127,62,65
050,72,087,"Puerto Rico Commonwealth","Loíza Municipio",5,84,113,48,65
050,72,087,"Puerto Rico Commonwealth","Loíza Municipio",5,85,795,350,445
050,72,089,"Puerto Rico Commonwealth","Luquillo Municipio",1,0,104,56,48
050,72,089,"Puerto Rico Commonwealth","Luquillo Municipio",1,1,111,55,56
050,72,089,"Puerto Rico Commonwealth","Luquillo Municipio",1,2,111,66,45
050,72,089,"Puerto Rico Commonwealth","Luquillo Municipio",1,3,125,62,63
050,72,089,"Puerto Rico Commonwealth","Luquillo Municipio",1,4,123,63,60
050,72,089,"Puerto Rico Commonwealth","Luquillo Municipio",1,5,134,68,66
050,72,089,"Puerto Rico Commonwealth","Luquillo Municipio",1,6,160,78,82
050,72,089,"Puerto Rico Commonwealth","Luquillo Municipio",1,7,158,72,86
050,72,089,"Puerto Rico Commonwealth","Luquillo Municipio",1,8,182,79,103
050,72,089,"Puerto Rico Commonwealth","Luquillo Municipio",1,9,188,97,91
050,72,089,"Puerto Rico Commonwealth","Luquillo Municipio",1,10,186,95,91
050,72,089,"Puerto Rico Commonwealth","Luquillo Municipio",1,11,197,94,103
050,72,089,"Puerto Rico Commonwealth","Luquillo Municipio",1,12,206,103,103
050,72,089,"Puerto Rico Commonwealth","Luquillo Municipio",1,13,205,107,98
050,72,089,"Puerto Rico Commonwealth","Luquillo Municipio",1,14,221,105,116
050,72,089,"Puerto Rico Commonwealth","Luquillo Municipio",1,15,213,106,107
050,72,089,"Puerto Rico Commonwealth","Luquillo Municipio",1,16,206,99,107
050,72,089,"Puerto Rico Commonwealth","Luquillo Municipio",1,17,213,103,110
050,72,089,"Puerto Rico Commonwealth","Luquillo Municipio",1,18,228,106,122
050,72,089,"Puerto Rico Commonwealth","Luquillo Municipio",1,19,241,114,127
050,72,089,"Puerto Rico Commonwealth","Luquillo Municipio",1,20,257,130,127
050,72,089,"Puerto Rico Commonwealth","Luquillo Municipio",1,21,229,116,113
050,72,089,"Puerto Rico Commonwealth","Luquillo Municipio",1,22,254,117,137
050,72,089,"Puerto Rico Commonwealth","Luquillo Municipio",1,23,267,124,143
050,72,089,"Puerto Rico Commonwealth","Luquillo Municipio",1,24,255,114,141
050,72,089,"Puerto Rico Commonwealth","Luquillo Municipio",1,25,248,121,127
050,72,089,"Puerto Rico Commonwealth","Luquillo Municipio",1,26,247,130,117
050,72,089,"Puerto Rico Commonwealth","Luquillo Municipio",1,27,241,124,117
050,72,089,"Puerto Rico Commonwealth","Luquillo Municipio",1,28,254,126,128
050,72,089,"Puerto Rico Commonwealth","Luquillo Municipio",1,29,251,117,134
050,72,089,"Puerto Rico Commonwealth","Luquillo Municipio",1,30,236,105,131
050,72,089,"Puerto Rico Commonwealth","Luquillo Municipio",1,31,211,89,122
050,72,089,"Puerto Rico Commonwealth","Luquillo Municipio",1,32,188,80,108
050,72,089,"Puerto Rico Commonwealth","Luquillo Municipio",1,33,176,76,100
050,72,089,"Puerto Rico Commonwealth","Luquillo Municipio",1,34,183,85,98
050,72,089,"Puerto Rico Commonwealth","Luquillo Municipio",1,35,178,84,94
050,72,089,"Puerto Rico Commonwealth","Luquillo Municipio",1,36,163,75,88
050,72,089,"Puerto Rico Commonwealth","Luquillo Municipio",1,37,181,80,101
050,72,089,"Puerto Rico Commonwealth","Luquillo Municipio",1,38,197,86,111
050,72,089,"Puerto Rico Commonwealth","Luquillo Municipio",1,39,218,101,117
050,72,089,"Puerto Rico Commonwealth","Luquillo Municipio",1,40,204,88,116
050,72,089,"Puerto Rico Commonwealth","Luquillo Municipio",1,41,203,90,113
050,72,089,"Puerto Rico Commonwealth","Luquillo Municipio",1,42,228,98,130
050,72,089,"Puerto Rico Commonwealth","Luquillo Municipio",1,43,235,101,134
050,72,089,"Puerto Rico Commonwealth","Luquillo Municipio",1,44,234,105,129
050,72,089,"Puerto Rico Commonwealth","Luquillo Municipio",1,45,237,103,134
050,72,089,"Puerto Rico Commonwealth","Luquillo Municipio",1,46,237,98,139
050,72,089,"Puerto Rico Commonwealth","Luquillo Municipio",1,47,225,97,128
050,72,089,"Puerto Rico Commonwealth","Luquillo Municipio",1,48,234,106,128
050,72,089,"Puerto Rico Commonwealth","Luquillo Municipio",1,49,250,113,137
050,72,089,"Puerto Rico Commonwealth","Luquillo Municipio",1,50,228,105,123
050,72,089,"Puerto Rico Commonwealth","Luquillo Municipio",1,51,217,109,108
050,72,089,"Puerto Rico Commonwealth","Luquillo Municipio",1,52,231,121,110
050,72,089,"Puerto Rico Commonwealth","Luquillo Municipio",1,53,237,116,121
050,72,089,"Puerto Rico Commonwealth","Luquillo Municipio",1,54,253,115,138
050,72,089,"Puerto Rico Commonwealth","Luquillo Municipio",1,55,231,105,126
050,72,089,"Puerto Rico Commonwealth","Luquillo Municipio",1,56,218,101,117
050,72,089,"Puerto Rico Commonwealth","Luquillo Municipio",1,57,224,111,113
050,72,089,"Puerto Rico Commonwealth","Luquillo Municipio",1,58,219,103,116
050,72,089,"Puerto Rico Commonwealth","Luquillo Municipio",1,59,240,111,129
050,72,089,"Puerto Rico Commonwealth","Luquillo Municipio",1,60,235,104,131
050,72,089,"Puerto Rico Commonwealth","Luquillo Municipio",1,61,224,99,125
050,72,089,"Puerto Rico Commonwealth","Luquillo Municipio",1,62,250,120,130
050,72,089,"Puerto Rico Commonwealth","Luquillo Municipio",1,63,248,125,123
050,72,089,"Puerto Rico Commonwealth","Luquillo Municipio",1,64,213,101,112
050,72,089,"Puerto Rico Commonwealth","Luquillo Municipio",1,65,205,98,107
050,72,089,"Puerto Rico Commonwealth","Luquillo Municipio",1,66,196,87,109
050,72,089,"Puerto Rico Commonwealth","Luquillo Municipio",1,67,208,91,117
050,72,089,"Puerto Rico Commonwealth","Luquillo Municipio",1,68,204,89,115
050,72,089,"Puerto Rico Commonwealth","Luquillo Municipio",1,69,215,95,120
050,72,089,"Puerto Rico Commonwealth","Luquillo Municipio",1,70,225,110,115
050,72,089,"Puerto Rico Commonwealth","Luquillo Municipio",1,71,225,105,120
050,72,089,"Puerto Rico Commonwealth","Luquillo Municipio",1,72,237,107,130
050,72,089,"Puerto Rico Commonwealth","Luquillo Municipio",1,73,211,102,109
050,72,089,"Puerto Rico Commonwealth","Luquillo Municipio",1,74,200,94,106
050,72,089,"Puerto Rico Commonwealth","Luquillo Municipio",1,75,190,88,102
050,72,089,"Puerto Rico Commonwealth","Luquillo Municipio",1,76,172,84,88
050,72,089,"Puerto Rico Commonwealth","Luquillo Municipio",1,77,159,69,90
050,72,089,"Puerto Rico Commonwealth","Luquillo Municipio",1,78,164,75,89
050,72,089,"Puerto Rico Commonwealth","Luquillo Municipio",1,79,159,72,87
050,72,089,"Puerto Rico Commonwealth","Luquillo Municipio",1,80,146,61,85
050,72,089,"Puerto Rico Commonwealth","Luquillo Municipio",1,81,111,50,61
050,72,089,"Puerto Rico Commonwealth","Luquillo Municipio",1,82,98,41,57
050,72,089,"Puerto Rico Commonwealth","Luquillo Municipio",1,83,92,44,48
050,72,089,"Puerto Rico Commonwealth","Luquillo Municipio",1,84,107,47,60
050,72,089,"Puerto Rico Commonwealth","Luquillo Municipio",1,85,556,240,316
050,72,089,"Puerto Rico Commonwealth","Luquillo Municipio",2,0,103,55,48
050,72,089,"Puerto Rico Commonwealth","Luquillo Municipio",2,1,109,55,54
050,72,089,"Puerto Rico Commonwealth","Luquillo Municipio",2,2,111,63,48
050,72,089,"Puerto Rico Commonwealth","Luquillo Municipio",2,3,122,64,58
050,72,089,"Puerto Rico Commonwealth","Luquillo Municipio",2,4,123,62,61
050,72,089,"Puerto Rico Commonwealth","Luquillo Municipio",2,5,131,67,64
050,72,089,"Puerto Rico Commonwealth","Luquillo Municipio",2,6,155,76,79
050,72,089,"Puerto Rico Commonwealth","Luquillo Municipio",2,7,158,73,85
050,72,089,"Puerto Rico Commonwealth","Luquillo Municipio",2,8,175,77,98
050,72,089,"Puerto Rico Commonwealth","Luquillo Municipio",2,9,187,93,94
050,72,089,"Puerto Rico Commonwealth","Luquillo Municipio",2,10,186,95,91
050,72,089,"Puerto Rico Commonwealth","Luquillo Municipio",2,11,195,95,100
050,72,089,"Puerto Rico Commonwealth","Luquillo Municipio",2,12,203,100,103
050,72,089,"Puerto Rico Commonwealth","Luquillo Municipio",2,13,206,106,100
050,72,089,"Puerto Rico Commonwealth","Luquillo Municipio",2,14,217,106,111
050,72,089,"Puerto Rico Commonwealth","Luquillo Municipio",2,15,215,106,109
050,72,089,"Puerto Rico Commonwealth","Luquillo Municipio",2,16,207,100,107
050,72,089,"Puerto Rico Commonwealth","Luquillo Municipio",2,17,211,101,110
050,72,089,"Puerto Rico Commonwealth","Luquillo Municipio",2,18,223,105,118
050,72,089,"Puerto Rico Commonwealth","Luquillo Municipio",2,19,236,111,125
050,72,089,"Puerto Rico Commonwealth","Luquillo Municipio",2,20,251,125,126
050,72,089,"Puerto Rico Commonwealth","Luquillo Municipio",2,21,234,117,117
050,72,089,"Puerto Rico Commonwealth","Luquillo Municipio",2,22,248,117,131
050,72,089,"Puerto Rico Commonwealth","Luquillo Municipio",2,23,262,121,141
050,72,089,"Puerto Rico Commonwealth","Luquillo Municipio",2,24,258,116,142
050,72,089,"Puerto Rico Commonwealth","Luquillo Municipio",2,25,249,119,130
050,72,089,"Puerto Rico Commonwealth","Luquillo Municipio",2,26,245,126,119
050,72,089,"Puerto Rico Commonwealth","Luquillo Municipio",2,27,242,125,117
050,72,089,"Puerto Rico Commonwealth","Luquillo Municipio",2,28,250,125,125
050,72,089,"Puerto Rico Commonwealth","Luquillo Municipio",2,29,253,120,133
050,72,089,"Puerto Rico Commonwealth","Luquillo Municipio",2,30,238,107,131
050,72,089,"Puerto Rico Commonwealth","Luquillo Municipio",2,31,218,93,125
050,72,089,"Puerto Rico Commonwealth","Luquillo Municipio",2,32,193,82,111
050,72,089,"Puerto Rico Commonwealth","Luquillo Municipio",2,33,180,78,102
050,72,089,"Puerto Rico Commonwealth","Luquillo Municipio",2,34,182,83,99
050,72,089,"Puerto Rico Commonwealth","Luquillo Municipio",2,35,178,83,95
050,72,089,"Puerto Rico Commonwealth","Luquillo Municipio",2,36,167,78,89
050,72,089,"Puerto Rico Commonwealth","Luquillo Municipio",2,37,176,78,98
050,72,089,"Puerto Rico Commonwealth","Luquillo Municipio",2,38,192,84,108
050,72,089,"Puerto Rico Commonwealth","Luquillo Municipio",2,39,212,96,116
050,72,089,"Puerto Rico Commonwealth","Luquillo Municipio",2,40,207,91,116
050,72,089,"Puerto Rico Commonwealth","Luquillo Municipio",2,41,201,88,113
050,72,089,"Puerto Rico Commonwealth","Luquillo Municipio",2,42,220,95,125
050,72,089,"Puerto Rico Commonwealth","Luquillo Municipio",2,43,234,101,133
050,72,089,"Puerto Rico Commonwealth","Luquillo Municipio",2,44,235,105,130
050,72,089,"Puerto Rico Commonwealth","Luquillo Municipio",2,45,236,103,133
050,72,089,"Puerto Rico Commonwealth","Luquillo Municipio",2,46,238,101,137
050,72,089,"Puerto Rico Commonwealth","Luquillo Municipio",2,47,229,98,131
050,72,089,"Puerto Rico Commonwealth","Luquillo Municipio",2,48,232,104,128
050,72,089,"Puerto Rico Commonwealth","Luquillo Municipio",2,49,246,111,135
050,72,089,"Puerto Rico Commonwealth","Luquillo Municipio",2,50,234,108,126
050,72,089,"Puerto Rico Commonwealth","Luquillo Municipio",2,51,221,109,112
050,72,089,"Puerto Rico Commonwealth","Luquillo Municipio",2,52,227,118,109
050,72,089,"Puerto Rico Commonwealth","Luquillo Municipio",2,53,236,118,118
050,72,089,"Puerto Rico Commonwealth","Luquillo Municipio",2,54,249,115,134
050,72,089,"Puerto Rico Commonwealth","Luquillo Municipio",2,55,236,107,129
050,72,089,"Puerto Rico Commonwealth","Luquillo Municipio",2,56,221,102,119
050,72,089,"Puerto Rico Commonwealth","Luquillo Municipio",2,57,221,108,113
050,72,089,"Puerto Rico Commonwealth","Luquillo Municipio",2,58,219,104,115
050,72,089,"Puerto Rico Commonwealth","Luquillo Municipio",2,59,234,109,125
050,72,089,"Puerto Rico Commonwealth","Luquillo Municipio",2,60,236,106,130
050,72,089,"Puerto Rico Commonwealth","Luquillo Municipio",2,61,225,99,126
050,72,089,"Puerto Rico Commonwealth","Luquillo Municipio",2,62,244,115,129
050,72,089,"Puerto Rico Commonwealth","Luquillo Municipio",2,63,247,124,123
050,72,089,"Puerto Rico Commonwealth","Luquillo Municipio",2,64,222,107,115
050,72,089,"Puerto Rico Commonwealth","Luquillo Municipio",2,65,206,99,107
050,72,089,"Puerto Rico Commonwealth","Luquillo Municipio",2,66,197,88,109
050,72,089,"Puerto Rico Commonwealth","Luquillo Municipio",2,67,204,89,115
050,72,089,"Puerto Rico Commonwealth","Luquillo Municipio",2,68,204,90,114
050,72,089,"Puerto Rico Commonwealth","Luquillo Municipio",2,69,212,93,119
050,72,089,"Puerto Rico Commonwealth","Luquillo Municipio",2,70,222,107,115
050,72,089,"Puerto Rico Commonwealth","Luquillo Municipio",2,71,224,106,118
050,72,089,"Puerto Rico Commonwealth","Luquillo Municipio",2,72,234,106,128
050,72,089,"Puerto Rico Commonwealth","Luquillo Municipio",2,73,216,103,113
050,72,089,"Puerto Rico Commonwealth","Luquillo Municipio",2,74,202,95,107
050,72,089,"Puerto Rico Commonwealth","Luquillo Municipio",2,75,191,89,102
050,72,089,"Puerto Rico Commonwealth","Luquillo Municipio",2,76,176,85,91
050,72,089,"Puerto Rico Commonwealth","Luquillo Municipio",2,77,162,73,89
050,72,089,"Puerto Rico Commonwealth","Luquillo Municipio",2,78,161,73,88
050,72,089,"Puerto Rico Commonwealth","Luquillo Municipio",2,79,160,73,87
050,72,089,"Puerto Rico Commonwealth","Luquillo Municipio",2,80,150,64,86
050,72,089,"Puerto Rico Commonwealth","Luquillo Municipio",2,81,120,53,67
050,72,089,"Puerto Rico Commonwealth","Luquillo Municipio",2,82,102,45,57
050,72,089,"Puerto Rico Commonwealth","Luquillo Municipio",2,83,92,41,51
050,72,089,"Puerto Rico Commonwealth","Luquillo Municipio",2,84,104,46,58
050,72,089,"Puerto Rico Commonwealth","Luquillo Municipio",2,85,576,254,322
050,72,089,"Puerto Rico Commonwealth","Luquillo Municipio",3,0,99,56,43
050,72,089,"Puerto Rico Commonwealth","Luquillo Municipio",3,1,103,55,48
050,72,089,"Puerto Rico Commonwealth","Luquillo Municipio",3,2,108,54,54
050,72,089,"Puerto Rico Commonwealth","Luquillo Municipio",3,3,110,63,47
050,72,089,"Puerto Rico Commonwealth","Luquillo Municipio",3,4,122,64,58
050,72,089,"Puerto Rico Commonwealth","Luquillo Municipio",3,5,123,62,61
050,72,089,"Puerto Rico Commonwealth","Luquillo Municipio",3,6,131,67,64
050,72,089,"Puerto Rico Commonwealth","Luquillo Municipio",3,7,155,76,79
050,72,089,"Puerto Rico Commonwealth","Luquillo Municipio",3,8,158,73,85
050,72,089,"Puerto Rico Commonwealth","Luquillo Municipio",3,9,175,77,98
050,72,089,"Puerto Rico Commonwealth","Luquillo Municipio",3,10,187,93,94
050,72,089,"Puerto Rico Commonwealth","Luquillo Municipio",3,11,185,95,90
050,72,089,"Puerto Rico Commonwealth","Luquillo Municipio",3,12,195,95,100
050,72,089,"Puerto Rico Commonwealth","Luquillo Municipio",3,13,203,100,103
050,72,089,"Puerto Rico Commonwealth","Luquillo Municipio",3,14,205,105,100
050,72,089,"Puerto Rico Commonwealth","Luquillo Municipio",3,15,216,105,111
050,72,089,"Puerto Rico Commonwealth","Luquillo Municipio",3,16,214,105,109
050,72,089,"Puerto Rico Commonwealth","Luquillo Municipio",3,17,205,99,106
050,72,089,"Puerto Rico Commonwealth","Luquillo Municipio",3,18,207,99,108
050,72,089,"Puerto Rico Commonwealth","Luquillo Municipio",3,19,219,103,116
050,72,089,"Puerto Rico Commonwealth","Luquillo Municipio",3,20,234,109,125
050,72,089,"Puerto Rico Commonwealth","Luquillo Municipio",3,21,250,124,126
050,72,089,"Puerto Rico Commonwealth","Luquillo Municipio",3,22,234,117,117
050,72,089,"Puerto Rico Commonwealth","Luquillo Municipio",3,23,250,118,132
050,72,089,"Puerto Rico Commonwealth","Luquillo Municipio",3,24,263,121,142
050,72,089,"Puerto Rico Commonwealth","Luquillo Municipio",3,25,259,116,143
050,72,089,"Puerto Rico Commonwealth","Luquillo Municipio",3,26,249,118,131
050,72,089,"Puerto Rico Commonwealth","Luquillo Municipio",3,27,245,125,120
050,72,089,"Puerto Rico Commonwealth","Luquillo Municipio",3,28,243,125,118
050,72,089,"Puerto Rico Commonwealth","Luquillo Municipio",3,29,248,124,124
050,72,089,"Puerto Rico Commonwealth","Luquillo Municipio",3,30,254,120,134
050,72,089,"Puerto Rico Commonwealth","Luquillo Municipio",3,31,240,109,131
050,72,089,"Puerto Rico Commonwealth","Luquillo Municipio",3,32,217,91,126
050,72,089,"Puerto Rico Commonwealth","Luquillo Municipio",3,33,195,83,112
050,72,089,"Puerto Rico Commonwealth","Luquillo Municipio",3,34,178,77,101
050,72,089,"Puerto Rico Commonwealth","Luquillo Municipio",3,35,181,82,99
050,72,089,"Puerto Rico Commonwealth","Luquillo Municipio",3,36,179,84,95
050,72,089,"Puerto Rico Commonwealth","Luquillo Municipio",3,37,164,76,88
050,72,089,"Puerto Rico Commonwealth","Luquillo Municipio",3,38,176,78,98
050,72,089,"Puerto Rico Commonwealth","Luquillo Municipio",3,39,191,83,108
050,72,089,"Puerto Rico Commonwealth","Luquillo Municipio",3,40,213,97,116
050,72,089,"Puerto Rico Commonwealth","Luquillo Municipio",3,41,206,90,116
050,72,089,"Puerto Rico Commonwealth","Luquillo Municipio",3,42,200,87,113
050,72,089,"Puerto Rico Commonwealth","Luquillo Municipio",3,43,218,93,125
050,72,089,"Puerto Rico Commonwealth","Luquillo Municipio",3,44,233,101,132
050,72,089,"Puerto Rico Commonwealth","Luquillo Municipio",3,45,233,104,129
050,72,089,"Puerto Rico Commonwealth","Luquillo Municipio",3,46,234,101,133
050,72,089,"Puerto Rico Commonwealth","Luquillo Municipio",3,47,236,100,136
050,72,089,"Puerto Rico Commonwealth","Luquillo Municipio",3,48,229,98,131
050,72,089,"Puerto Rico Commonwealth","Luquillo Municipio",3,49,231,103,128
050,72,089,"Puerto Rico Commonwealth","Luquillo Municipio",3,50,247,112,135
050,72,089,"Puerto Rico Commonwealth","Luquillo Municipio",3,51,235,109,126
050,72,089,"Puerto Rico Commonwealth","Luquillo Municipio",3,52,222,110,112
050,72,089,"Puerto Rico Commonwealth","Luquillo Municipio",3,53,226,117,109
050,72,089,"Puerto Rico Commonwealth","Luquillo Municipio",3,54,235,118,117
050,72,089,"Puerto Rico Commonwealth","Luquillo Municipio",3,55,248,114,134
050,72,089,"Puerto Rico Commonwealth","Luquillo Municipio",3,56,233,105,128
050,72,089,"Puerto Rico Commonwealth","Luquillo Municipio",3,57,220,101,119
050,72,089,"Puerto Rico Commonwealth","Luquillo Municipio",3,58,221,108,113
050,72,089,"Puerto Rico Commonwealth","Luquillo Municipio",3,59,216,102,114
050,72,089,"Puerto Rico Commonwealth","Luquillo Municipio",3,60,231,106,125
050,72,089,"Puerto Rico Commonwealth","Luquillo Municipio",3,61,233,103,130
050,72,089,"Puerto Rico Commonwealth","Luquillo Municipio",3,62,224,98,126
050,72,089,"Puerto Rico Commonwealth","Luquillo Municipio",3,63,238,112,126
050,72,089,"Puerto Rico Commonwealth","Luquillo Municipio",3,64,242,119,123
050,72,089,"Puerto Rico Commonwealth","Luquillo Municipio",3,65,218,106,112
050,72,089,"Puerto Rico Commonwealth","Luquillo Municipio",3,66,203,96,107
050,72,089,"Puerto Rico Commonwealth","Luquillo Municipio",3,67,191,85,106
050,72,089,"Puerto Rico Commonwealth","Luquillo Municipio",3,68,199,86,113
050,72,089,"Puerto Rico Commonwealth","Luquillo Municipio",3,69,199,87,112
050,72,089,"Puerto Rico Commonwealth","Luquillo Municipio",3,70,208,92,116
050,72,089,"Puerto Rico Commonwealth","Luquillo Municipio",3,71,220,105,115
050,72,089,"Puerto Rico Commonwealth","Luquillo Municipio",3,72,218,103,115
050,72,089,"Puerto Rico Commonwealth","Luquillo Municipio",3,73,228,104,124
050,72,089,"Puerto Rico Commonwealth","Luquillo Municipio",3,74,214,103,111
050,72,089,"Puerto Rico Commonwealth","Luquillo Municipio",3,75,192,87,105
050,72,089,"Puerto Rico Commonwealth","Luquillo Municipio",3,76,186,85,101
050,72,089,"Puerto Rico Commonwealth","Luquillo Municipio",3,77,173,84,89
050,72,089,"Puerto Rico Commonwealth","Luquillo Municipio",3,78,161,74,87
050,72,089,"Puerto Rico Commonwealth","Luquillo Municipio",3,79,156,71,85
050,72,089,"Puerto Rico Commonwealth","Luquillo Municipio",3,80,154,69,85
050,72,089,"Puerto Rico Commonwealth","Luquillo Municipio",3,81,150,65,85
050,72,089,"Puerto Rico Commonwealth","Luquillo Municipio",3,82,112,49,63
050,72,089,"Puerto Rico Commonwealth","Luquillo Municipio",3,83,99,44,55
050,72,089,"Puerto Rico Commonwealth","Luquillo Municipio",3,84,91,40,51
050,72,089,"Puerto Rico Commonwealth","Luquillo Municipio",3,85,638,287,351
050,72,089,"Puerto Rico Commonwealth","Luquillo Municipio",4,0,96,55,41
050,72,089,"Puerto Rico Commonwealth","Luquillo Municipio",4,1,97,55,42
050,72,089,"Puerto Rico Commonwealth","Luquillo Municipio",4,2,101,54,47
050,72,089,"Puerto Rico Commonwealth","Luquillo Municipio",4,3,106,53,53
050,72,089,"Puerto Rico Commonwealth","Luquillo Municipio",4,4,108,62,46
050,72,089,"Puerto Rico Commonwealth","Luquillo Municipio",4,5,120,63,57
050,72,089,"Puerto Rico Commonwealth","Luquillo Municipio",4,6,121,61,60
050,72,089,"Puerto Rico Commonwealth","Luquillo Municipio",4,7,129,66,63
050,72,089,"Puerto Rico Commonwealth","Luquillo Municipio",4,8,153,75,78
050,72,089,"Puerto Rico Commonwealth","Luquillo Municipio",4,9,156,72,84
050,72,089,"Puerto Rico Commonwealth","Luquillo Municipio",4,10,173,76,97
050,72,089,"Puerto Rico Commonwealth","Luquillo Municipio",4,11,184,91,93
050,72,089,"Puerto Rico Commonwealth","Luquillo Municipio",4,12,183,94,89
050,72,089,"Puerto Rico Commonwealth","Luquillo Municipio",4,13,192,93,99
050,72,089,"Puerto Rico Commonwealth","Luquillo Municipio",4,14,200,98,102
050,72,089,"Puerto Rico Commonwealth","Luquillo Municipio",4,15,202,103,99
050,72,089,"Puerto Rico Commonwealth","Luquillo Municipio",4,16,212,103,109
050,72,089,"Puerto Rico Commonwealth","Luquillo Municipio",4,17,210,103,107
050,72,089,"Puerto Rico Commonwealth","Luquillo Municipio",4,18,199,96,103
050,72,089,"Puerto Rico Commonwealth","Luquillo Municipio",4,19,200,95,105
050,72,089,"Puerto Rico Commonwealth","Luquillo Municipio",4,20,215,100,115
050,72,089,"Puerto Rico Commonwealth","Luquillo Municipio",4,21,229,106,123
050,72,089,"Puerto Rico Commonwealth","Luquillo Municipio",4,22,246,121,125
050,72,089,"Puerto Rico Commonwealth","Luquillo Municipio",4,23,232,116,116
050,72,089,"Puerto Rico Commonwealth","Luquillo Municipio",4,24,246,115,131
050,72,089,"Puerto Rico Commonwealth","Luquillo Municipio",4,25,260,119,141
050,72,089,"Puerto Rico Commonwealth","Luquillo Municipio",4,26,257,114,143
050,72,089,"Puerto Rico Commonwealth","Luquillo Municipio",4,27,246,116,130
050,72,089,"Puerto Rico Commonwealth","Luquillo Municipio",4,28,242,123,119
050,72,089,"Puerto Rico Commonwealth","Luquillo Municipio",4,29,238,121,117
050,72,089,"Puerto Rico Commonwealth","Luquillo Municipio",4,30,245,122,123
050,72,089,"Puerto Rico Commonwealth","Luquillo Municipio",4,31,253,120,133
050,72,089,"Puerto Rico Commonwealth","Luquillo Municipio",4,32,237,107,130
050,72,089,"Puerto Rico Commonwealth","Luquillo Municipio",4,33,215,91,124
050,72,089,"Puerto Rico Commonwealth","Luquillo Municipio",4,34,190,79,111
050,72,089,"Puerto Rico Commonwealth","Luquillo Municipio",4,35,176,76,100
050,72,089,"Puerto Rico Commonwealth","Luquillo Municipio",4,36,180,82,98
050,72,089,"Puerto Rico Commonwealth","Luquillo Municipio",4,37,174,80,94
050,72,089,"Puerto Rico Commonwealth","Luquillo Municipio",4,38,163,76,87
050,72,089,"Puerto Rico Commonwealth","Luquillo Municipio",4,39,171,74,97
050,72,089,"Puerto Rico Commonwealth","Luquillo Municipio",4,40,189,82,107
050,72,089,"Puerto Rico Commonwealth","Luquillo Municipio",4,41,211,96,115
050,72,089,"Puerto Rico Commonwealth","Luquillo Municipio",4,42,204,89,115
050,72,089,"Puerto Rico Commonwealth","Luquillo Municipio",4,43,198,86,112
050,72,089,"Puerto Rico Commonwealth","Luquillo Municipio",4,44,216,92,124
050,72,089,"Puerto Rico Commonwealth","Luquillo Municipio",4,45,229,99,130
050,72,089,"Puerto Rico Commonwealth","Luquillo Municipio",4,46,229,102,127
050,72,089,"Puerto Rico Commonwealth","Luquillo Municipio",4,47,230,98,132
050,72,089,"Puerto Rico Commonwealth","Luquillo Municipio",4,48,234,99,135
050,72,089,"Puerto Rico Commonwealth","Luquillo Municipio",4,49,227,97,130
050,72,089,"Puerto Rico Commonwealth","Luquillo Municipio",4,50,229,102,127
050,72,089,"Puerto Rico Commonwealth","Luquillo Municipio",4,51,245,111,134
050,72,089,"Puerto Rico Commonwealth","Luquillo Municipio",4,52,234,109,125
050,72,089,"Puerto Rico Commonwealth","Luquillo Municipio",4,53,221,110,111
050,72,089,"Puerto Rico Commonwealth","Luquillo Municipio",4,54,223,116,107
050,72,089,"Puerto Rico Commonwealth","Luquillo Municipio",4,55,233,117,116
050,72,089,"Puerto Rico Commonwealth","Luquillo Municipio",4,56,247,114,133
050,72,089,"Puerto Rico Commonwealth","Luquillo Municipio",4,57,232,105,127
050,72,089,"Puerto Rico Commonwealth","Luquillo Municipio",4,58,217,101,116
050,72,089,"Puerto Rico Commonwealth","Luquillo Municipio",4,59,217,105,112
050,72,089,"Puerto Rico Commonwealth","Luquillo Municipio",4,60,213,100,113
050,72,089,"Puerto Rico Commonwealth","Luquillo Municipio",4,61,228,105,123
050,72,089,"Puerto Rico Commonwealth","Luquillo Municipio",4,62,226,100,126
050,72,089,"Puerto Rico Commonwealth","Luquillo Municipio",4,63,220,95,125
050,72,089,"Puerto Rico Commonwealth","Luquillo Municipio",4,64,233,108,125
050,72,089,"Puerto Rico Commonwealth","Luquillo Municipio",4,65,239,117,122
050,72,089,"Puerto Rico Commonwealth","Luquillo Municipio",4,66,217,106,111
050,72,089,"Puerto Rico Commonwealth","Luquillo Municipio",4,67,200,94,106
050,72,089,"Puerto Rico Commonwealth","Luquillo Municipio",4,68,186,82,104
050,72,089,"Puerto Rico Commonwealth","Luquillo Municipio",4,69,195,83,112
050,72,089,"Puerto Rico Commonwealth","Luquillo Municipio",4,70,197,87,110
050,72,089,"Puerto Rico Commonwealth","Luquillo Municipio",4,71,202,88,114
050,72,089,"Puerto Rico Commonwealth","Luquillo Municipio",4,72,214,102,112
050,72,089,"Puerto Rico Commonwealth","Luquillo Municipio",4,73,213,100,113
050,72,089,"Puerto Rico Commonwealth","Luquillo Municipio",4,74,220,101,119
050,72,089,"Puerto Rico Commonwealth","Luquillo Municipio",4,75,205,99,106
050,72,089,"Puerto Rico Commonwealth","Luquillo Municipio",4,76,188,86,102
050,72,089,"Puerto Rico Commonwealth","Luquillo Municipio",4,77,179,80,99
050,72,089,"Puerto Rico Commonwealth","Luquillo Municipio",4,78,168,83,85
050,72,089,"Puerto Rico Commonwealth","Luquillo Municipio",4,79,157,73,84
050,72,089,"Puerto Rico Commonwealth","Luquillo Municipio",4,80,149,70,79
050,72,089,"Puerto Rico Commonwealth","Luquillo Municipio",4,81,149,67,82
050,72,089,"Puerto Rico Commonwealth","Luquillo Municipio",4,82,142,59,83
050,72,089,"Puerto Rico Commonwealth","Luquillo Municipio",4,83,105,43,62
050,72,089,"Puerto Rico Commonwealth","Luquillo Municipio",4,84,93,41,52
050,72,089,"Puerto Rico Commonwealth","Luquillo Municipio",4,85,678,312,366
050,72,089,"Puerto Rico Commonwealth","Luquillo Municipio",5,0,101,50,51
050,72,089,"Puerto Rico Commonwealth","Luquillo Municipio",5,1,96,55,41
050,72,089,"Puerto Rico Commonwealth","Luquillo Municipio",5,2,97,55,42
050,72,089,"Puerto Rico Commonwealth","Luquillo Municipio",5,3,101,54,47
050,72,089,"Puerto Rico Commonwealth","Luquillo Municipio",5,4,106,53,53
050,72,089,"Puerto Rico Commonwealth","Luquillo Municipio",5,5,108,62,46
050,72,089,"Puerto Rico Commonwealth","Luquillo Municipio",5,6,120,63,57
050,72,089,"Puerto Rico Commonwealth","Luquillo Municipio",5,7,121,61,60
050,72,089,"Puerto Rico Commonwealth","Luquillo Municipio",5,8,129,66,63
050,72,089,"Puerto Rico Commonwealth","Luquillo Municipio",5,9,153,75,78
050,72,089,"Puerto Rico Commonwealth","Luquillo Municipio",5,10,156,72,84
050,72,089,"Puerto Rico Commonwealth","Luquillo Municipio",5,11,173,76,97
050,72,089,"Puerto Rico Commonwealth","Luquillo Municipio",5,12,184,91,93
050,72,089,"Puerto Rico Commonwealth","Luquillo Municipio",5,13,183,94,89
050,72,089,"Puerto Rico Commonwealth","Luquillo Municipio",5,14,192,93,99
050,72,089,"Puerto Rico Commonwealth","Luquillo Municipio",5,15,199,97,102
050,72,089,"Puerto Rico Commonwealth","Luquillo Municipio",5,16,201,102,99
050,72,089,"Puerto Rico Commonwealth","Luquillo Municipio",5,17,212,103,109
050,72,089,"Puerto Rico Commonwealth","Luquillo Municipio",5,18,207,101,106
050,72,089,"Puerto Rico Commonwealth","Luquillo Municipio",5,19,194,93,101
050,72,089,"Puerto Rico Commonwealth","Luquillo Municipio",5,20,199,94,105
050,72,089,"Puerto Rico Commonwealth","Luquillo Municipio",5,21,215,100,115
050,72,089,"Puerto Rico Commonwealth","Luquillo Municipio",5,22,230,106,124
050,72,089,"Puerto Rico Commonwealth","Luquillo Municipio",5,23,249,122,127
050,72,089,"Puerto Rico Commonwealth","Luquillo Municipio",5,24,233,116,117
050,72,089,"Puerto Rico Commonwealth","Luquillo Municipio",5,25,247,115,132
050,72,089,"Puerto Rico Commonwealth","Luquillo Municipio",5,26,261,119,142
050,72,089,"Puerto Rico Commonwealth","Luquillo Municipio",5,27,257,113,144
050,72,089,"Puerto Rico Commonwealth","Luquillo Municipio",5,28,247,116,131
050,72,089,"Puerto Rico Commonwealth","Luquillo Municipio",5,29,242,122,120
050,72,089,"Puerto Rico Commonwealth","Luquillo Municipio",5,30,238,120,118
050,72,089,"Puerto Rico Commonwealth","Luquillo Municipio",5,31,247,123,124
050,72,089,"Puerto Rico Commonwealth","Luquillo Municipio",5,32,253,119,134
050,72,089,"Puerto Rico Commonwealth","Luquillo Municipio",5,33,237,107,130
050,72,089,"Puerto Rico Commonwealth","Luquillo Municipio",5,34,215,90,125
050,72,089,"Puerto Rico Commonwealth","Luquillo Municipio",5,35,190,79,111
050,72,089,"Puerto Rico Commonwealth","Luquillo Municipio",5,36,176,76,100
050,72,089,"Puerto Rico Commonwealth","Luquillo Municipio",5,37,179,81,98
050,72,089,"Puerto Rico Commonwealth","Luquillo Municipio",5,38,173,79,94
050,72,089,"Puerto Rico Commonwealth","Luquillo Municipio",5,39,162,75,87
050,72,089,"Puerto Rico Commonwealth","Luquillo Municipio",5,40,171,74,97
050,72,089,"Puerto Rico Commonwealth","Luquillo Municipio",5,41,189,82,107
050,72,089,"Puerto Rico Commonwealth","Luquillo Municipio",5,42,210,95,115
050,72,089,"Puerto Rico Commonwealth","Luquillo Municipio",5,43,204,89,115
050,72,089,"Puerto Rico Commonwealth","Luquillo Municipio",5,44,196,84,112
050,72,089,"Puerto Rico Commonwealth","Luquillo Municipio",5,45,216,92,124
050,72,089,"Puerto Rico Commonwealth","Luquillo Municipio",5,46,229,99,130
050,72,089,"Puerto Rico Commonwealth","Luquillo Municipio",5,47,229,102,127
050,72,089,"Puerto Rico Commonwealth","Luquillo Municipio",5,48,230,98,132
050,72,089,"Puerto Rico Commonwealth","Luquillo Municipio",5,49,234,100,134
050,72,089,"Puerto Rico Commonwealth","Luquillo Municipio",5,50,225,96,129
050,72,089,"Puerto Rico Commonwealth","Luquillo Municipio",5,51,229,102,127
050,72,089,"Puerto Rico Commonwealth","Luquillo Municipio",5,52,246,112,134
050,72,089,"Puerto Rico Commonwealth","Luquillo Municipio",5,53,233,109,124
050,72,089,"Puerto Rico Commonwealth","Luquillo Municipio",5,54,222,111,111
050,72,089,"Puerto Rico Commonwealth","Luquillo Municipio",5,55,222,116,106
050,72,089,"Puerto Rico Commonwealth","Luquillo Municipio",5,56,232,117,115
050,72,089,"Puerto Rico Commonwealth","Luquillo Municipio",5,57,245,112,133
050,72,089,"Puerto Rico Commonwealth","Luquillo Municipio",5,58,232,106,126
050,72,089,"Puerto Rico Commonwealth","Luquillo Municipio",5,59,216,101,115
050,72,089,"Puerto Rico Commonwealth","Luquillo Municipio",5,60,217,105,112
050,72,089,"Puerto Rico Commonwealth","Luquillo Municipio",5,61,211,99,112
050,72,089,"Puerto Rico Commonwealth","Luquillo Municipio",5,62,227,104,123
050,72,089,"Puerto Rico Commonwealth","Luquillo Municipio",5,63,224,98,126
050,72,089,"Puerto Rico Commonwealth","Luquillo Municipio",5,64,220,95,125
050,72,089,"Puerto Rico Commonwealth","Luquillo Municipio",5,65,230,107,123
050,72,089,"Puerto Rico Commonwealth","Luquillo Municipio",5,66,237,116,121
050,72,089,"Puerto Rico Commonwealth","Luquillo Municipio",5,67,214,105,109
050,72,089,"Puerto Rico Commonwealth","Luquillo Municipio",5,68,196,91,105
050,72,089,"Puerto Rico Commonwealth","Luquillo Municipio",5,69,184,81,103
050,72,089,"Puerto Rico Commonwealth","Luquillo Municipio",5,70,193,82,111
050,72,089,"Puerto Rico Commonwealth","Luquillo Municipio",5,71,194,85,109
050,72,089,"Puerto Rico Commonwealth","Luquillo Municipio",5,72,199,87,112
050,72,089,"Puerto Rico Commonwealth","Luquillo Municipio",5,73,208,98,110
050,72,089,"Puerto Rico Commonwealth","Luquillo Municipio",5,74,209,97,112
050,72,089,"Puerto Rico Commonwealth","Luquillo Municipio",5,75,216,97,119
050,72,089,"Puerto Rico Commonwealth","Luquillo Municipio",5,76,201,96,105
050,72,089,"Puerto Rico Commonwealth","Luquillo Municipio",5,77,180,82,98
050,72,089,"Puerto Rico Commonwealth","Luquillo Municipio",5,78,175,77,98
050,72,089,"Puerto Rico Commonwealth","Luquillo Municipio",5,79,164,80,84
050,72,089,"Puerto Rico Commonwealth","Luquillo Municipio",5,80,152,71,81
050,72,089,"Puerto Rico Commonwealth","Luquillo Municipio",5,81,143,68,75
050,72,089,"Puerto Rico Commonwealth","Luquillo Municipio",5,82,147,67,80
050,72,089,"Puerto Rico Commonwealth","Luquillo Municipio",5,83,136,55,81
050,72,089,"Puerto Rico Commonwealth","Luquillo Municipio",5,84,99,39,60
050,72,089,"Puerto Rico Commonwealth","Luquillo Municipio",5,85,717,327,390
050,72,091,"Puerto Rico Commonwealth","Manatí Municipio",1,0,267,131,136
050,72,091,"Puerto Rico Commonwealth","Manatí Municipio",1,1,283,138,145
050,72,091,"Puerto Rico Commonwealth","Manatí Municipio",1,2,296,147,149
050,72,091,"Puerto Rico Commonwealth","Manatí Municipio",1,3,311,163,148
050,72,091,"Puerto Rico Commonwealth","Manatí Municipio",1,4,340,182,158
050,72,091,"Puerto Rico Commonwealth","Manatí Municipio",1,5,343,174,169
050,72,091,"Puerto Rico Commonwealth","Manatí Municipio",1,6,378,181,197
050,72,091,"Puerto Rico Commonwealth","Manatí Municipio",1,7,388,193,195
050,72,091,"Puerto Rico Commonwealth","Manatí Municipio",1,8,408,208,200
050,72,091,"Puerto Rico Commonwealth","Manatí Municipio",1,9,419,204,215
050,72,091,"Puerto Rico Commonwealth","Manatí Municipio",1,10,426,227,199
050,72,091,"Puerto Rico Commonwealth","Manatí Municipio",1,11,435,221,214
050,72,091,"Puerto Rico Commonwealth","Manatí Municipio",1,12,430,217,213
050,72,091,"Puerto Rico Commonwealth","Manatí Municipio",1,13,433,226,207
050,72,091,"Puerto Rico Commonwealth","Manatí Municipio",1,14,471,250,221
050,72,091,"Puerto Rico Commonwealth","Manatí Municipio",1,15,482,253,229
050,72,091,"Puerto Rico Commonwealth","Manatí Municipio",1,16,468,244,224
050,72,091,"Puerto Rico Commonwealth","Manatí Municipio",1,17,473,245,228
050,72,091,"Puerto Rico Commonwealth","Manatí Municipio",1,18,469,248,221
050,72,091,"Puerto Rico Commonwealth","Manatí Municipio",1,19,509,266,243
050,72,091,"Puerto Rico Commonwealth","Manatí Municipio",1,20,553,279,274
050,72,091,"Puerto Rico Commonwealth","Manatí Municipio",1,21,492,244,248
050,72,091,"Puerto Rico Commonwealth","Manatí Municipio",1,22,512,244,268
050,72,091,"Puerto Rico Commonwealth","Manatí Municipio",1,23,543,274,269
050,72,091,"Puerto Rico Commonwealth","Manatí Municipio",1,24,546,265,281
050,72,091,"Puerto Rico Commonwealth","Manatí Municipio",1,25,561,275,286
050,72,091,"Puerto Rico Commonwealth","Manatí Municipio",1,26,546,253,293
050,72,091,"Puerto Rico Commonwealth","Manatí Municipio",1,27,507,255,252
050,72,091,"Puerto Rico Commonwealth","Manatí Municipio",1,28,517,248,269
050,72,091,"Puerto Rico Commonwealth","Manatí Municipio",1,29,514,232,282
050,72,091,"Puerto Rico Commonwealth","Manatí Municipio",1,30,475,218,257
050,72,091,"Puerto Rico Commonwealth","Manatí Municipio",1,31,469,213,256
050,72,091,"Puerto Rico Commonwealth","Manatí Municipio",1,32,418,185,233
050,72,091,"Puerto Rico Commonwealth","Manatí Municipio",1,33,401,197,204
050,72,091,"Puerto Rico Commonwealth","Manatí Municipio",1,34,422,195,227
050,72,091,"Puerto Rico Commonwealth","Manatí Municipio",1,35,410,183,227
050,72,091,"Puerto Rico Commonwealth","Manatí Municipio",1,36,420,194,226
050,72,091,"Puerto Rico Commonwealth","Manatí Municipio",1,37,446,200,246
050,72,091,"Puerto Rico Commonwealth","Manatí Municipio",1,38,457,207,250
050,72,091,"Puerto Rico Commonwealth","Manatí Municipio",1,39,458,210,248
050,72,091,"Puerto Rico Commonwealth","Manatí Municipio",1,40,489,227,262
050,72,091,"Puerto Rico Commonwealth","Manatí Municipio",1,41,445,204,241
050,72,091,"Puerto Rico Commonwealth","Manatí Municipio",1,42,451,216,235
050,72,091,"Puerto Rico Commonwealth","Manatí Municipio",1,43,491,239,252
050,72,091,"Puerto Rico Commonwealth","Manatí Municipio",1,44,468,218,250
050,72,091,"Puerto Rico Commonwealth","Manatí Municipio",1,45,471,226,245
050,72,091,"Puerto Rico Commonwealth","Manatí Municipio",1,46,490,229,261
050,72,091,"Puerto Rico Commonwealth","Manatí Municipio",1,47,488,230,258
050,72,091,"Puerto Rico Commonwealth","Manatí Municipio",1,48,485,224,261
050,72,091,"Puerto Rico Commonwealth","Manatí Municipio",1,49,479,231,248
050,72,091,"Puerto Rico Commonwealth","Manatí Municipio",1,50,506,231,275
050,72,091,"Puerto Rico Commonwealth","Manatí Municipio",1,51,448,205,243
050,72,091,"Puerto Rico Commonwealth","Manatí Municipio",1,52,455,208,247
050,72,091,"Puerto Rico Commonwealth","Manatí Municipio",1,53,486,231,255
050,72,091,"Puerto Rico Commonwealth","Manatí Municipio",1,54,531,251,280
050,72,091,"Puerto Rico Commonwealth","Manatí Municipio",1,55,520,251,269
050,72,091,"Puerto Rico Commonwealth","Manatí Municipio",1,56,524,231,293
050,72,091,"Puerto Rico Commonwealth","Manatí Municipio",1,57,527,230,297
050,72,091,"Puerto Rico Commonwealth","Manatí Municipio",1,58,525,237,288
050,72,091,"Puerto Rico Commonwealth","Manatí Municipio",1,59,540,252,288
050,72,091,"Puerto Rico Commonwealth","Manatí Municipio",1,60,554,259,295
050,72,091,"Puerto Rico Commonwealth","Manatí Municipio",1,61,527,241,286
050,72,091,"Puerto Rico Commonwealth","Manatí Municipio",1,62,535,245,290
050,72,091,"Puerto Rico Commonwealth","Manatí Municipio",1,63,559,251,308
050,72,091,"Puerto Rico Commonwealth","Manatí Municipio",1,64,563,257,306
050,72,091,"Puerto Rico Commonwealth","Manatí Municipio",1,65,554,248,306
050,72,091,"Puerto Rico Commonwealth","Manatí Municipio",1,66,533,239,294
050,72,091,"Puerto Rico Commonwealth","Manatí Municipio",1,67,510,223,287
050,72,091,"Puerto Rico Commonwealth","Manatí Municipio",1,68,506,236,270
050,72,091,"Puerto Rico Commonwealth","Manatí Municipio",1,69,484,217,267
050,72,091,"Puerto Rico Commonwealth","Manatí Municipio",1,70,462,207,255
050,72,091,"Puerto Rico Commonwealth","Manatí Municipio",1,71,429,183,246
050,72,091,"Puerto Rico Commonwealth","Manatí Municipio",1,72,456,195,261
050,72,091,"Puerto Rico Commonwealth","Manatí Municipio",1,73,465,207,258
050,72,091,"Puerto Rico Commonwealth","Manatí Municipio",1,74,464,208,256
050,72,091,"Puerto Rico Commonwealth","Manatí Municipio",1,75,418,180,238
050,72,091,"Puerto Rico Commonwealth","Manatí Municipio",1,76,373,145,228
050,72,091,"Puerto Rico Commonwealth","Manatí Municipio",1,77,379,150,229
050,72,091,"Puerto Rico Commonwealth","Manatí Municipio",1,78,323,127,196
050,72,091,"Puerto Rico Commonwealth","Manatí Municipio",1,79,323,138,185
050,72,091,"Puerto Rico Commonwealth","Manatí Municipio",1,80,336,139,197
050,72,091,"Puerto Rico Commonwealth","Manatí Municipio",1,81,269,101,168
050,72,091,"Puerto Rico Commonwealth","Manatí Municipio",1,82,233,98,135
050,72,091,"Puerto Rico Commonwealth","Manatí Municipio",1,83,226,91,135
050,72,091,"Puerto Rico Commonwealth","Manatí Municipio",1,84,223,109,114
050,72,091,"Puerto Rico Commonwealth","Manatí Municipio",1,85,1273,503,770
050,72,091,"Puerto Rico Commonwealth","Manatí Municipio",2,0,253,124,129
050,72,091,"Puerto Rico Commonwealth","Manatí Municipio",2,1,280,137,143
050,72,091,"Puerto Rico Commonwealth","Manatí Municipio",2,2,292,144,148
050,72,091,"Puerto Rico Commonwealth","Manatí Municipio",2,3,307,159,148
050,72,091,"Puerto Rico Commonwealth","Manatí Municipio",2,4,334,178,156
050,72,091,"Puerto Rico Commonwealth","Manatí Municipio",2,5,342,176,166
050,72,091,"Puerto Rico Commonwealth","Manatí Municipio",2,6,369,179,190
050,72,091,"Puerto Rico Commonwealth","Manatí Municipio",2,7,385,190,195
050,72,091,"Puerto Rico Commonwealth","Manatí Municipio",2,8,403,204,199
050,72,091,"Puerto Rico Commonwealth","Manatí Municipio",2,9,416,205,211
050,72,091,"Puerto Rico Commonwealth","Manatí Municipio",2,10,424,221,203
050,72,091,"Puerto Rico Commonwealth","Manatí Municipio",2,11,434,223,211
050,72,091,"Puerto Rico Commonwealth","Manatí Municipio",2,12,430,217,213
050,72,091,"Puerto Rico Commonwealth","Manatí Municipio",2,13,431,223,208
050,72,091,"Puerto Rico Commonwealth","Manatí Municipio",2,14,461,243,218
050,72,091,"Puerto Rico Commonwealth","Manatí Municipio",2,15,478,251,227
050,72,091,"Puerto Rico Commonwealth","Manatí Municipio",2,16,470,245,225
050,72,091,"Puerto Rico Commonwealth","Manatí Municipio",2,17,471,244,227
050,72,091,"Puerto Rico Commonwealth","Manatí Municipio",2,18,469,246,223
050,72,091,"Puerto Rico Commonwealth","Manatí Municipio",2,19,498,261,237
050,72,091,"Puerto Rico Commonwealth","Manatí Municipio",2,20,542,275,267
050,72,091,"Puerto Rico Commonwealth","Manatí Municipio",2,21,505,251,254
050,72,091,"Puerto Rico Commonwealth","Manatí Municipio",2,22,506,243,263
050,72,091,"Puerto Rico Commonwealth","Manatí Municipio",2,23,536,267,269
050,72,091,"Puerto Rico Commonwealth","Manatí Municipio",2,24,544,266,278
050,72,091,"Puerto Rico Commonwealth","Manatí Municipio",2,25,556,271,285
050,72,091,"Puerto Rico Commonwealth","Manatí Municipio",2,26,550,259,291
050,72,091,"Puerto Rico Commonwealth","Manatí Municipio",2,27,516,254,262
050,72,091,"Puerto Rico Commonwealth","Manatí Municipio",2,28,515,250,265
050,72,091,"Puerto Rico Commonwealth","Manatí Municipio",2,29,515,236,279
050,72,091,"Puerto Rico Commonwealth","Manatí Municipio",2,30,485,222,263
050,72,091,"Puerto Rico Commonwealth","Manatí Municipio",2,31,470,214,256
050,72,091,"Puerto Rico Commonwealth","Manatí Municipio",2,32,431,192,239
050,72,091,"Puerto Rico Commonwealth","Manatí Municipio",2,33,405,194,211
050,72,091,"Puerto Rico Commonwealth","Manatí Municipio",2,34,416,195,221
050,72,091,"Puerto Rico Commonwealth","Manatí Municipio",2,35,413,186,227
050,72,091,"Puerto Rico Commonwealth","Manatí Municipio",2,36,419,192,227
050,72,091,"Puerto Rico Commonwealth","Manatí Municipio",2,37,439,198,241
050,72,091,"Puerto Rico Commonwealth","Manatí Municipio",2,38,454,205,249
050,72,091,"Puerto Rico Commonwealth","Manatí Municipio",2,39,458,210,248
050,72,091,"Puerto Rico Commonwealth","Manatí Municipio",2,40,481,222,259
050,72,091,"Puerto Rico Commonwealth","Manatí Municipio",2,41,455,209,246
050,72,091,"Puerto Rico Commonwealth","Manatí Municipio",2,42,449,213,236
050,72,091,"Puerto Rico Commonwealth","Manatí Municipio",2,43,480,233,247
050,72,091,"Puerto Rico Commonwealth","Manatí Municipio",2,44,474,223,251
050,72,091,"Puerto Rico Commonwealth","Manatí Municipio",2,45,468,222,246
050,72,091,"Puerto Rico Commonwealth","Manatí Municipio",2,46,485,228,257
050,72,091,"Puerto Rico Commonwealth","Manatí Municipio",2,47,489,230,259
050,72,091,"Puerto Rico Commonwealth","Manatí Municipio",2,48,485,225,260
050,72,091,"Puerto Rico Commonwealth","Manatí Municipio",2,49,480,229,251
050,72,091,"Puerto Rico Commonwealth","Manatí Municipio",2,50,498,230,268
050,72,091,"Puerto Rico Commonwealth","Manatí Municipio",2,51,462,211,251
050,72,091,"Puerto Rico Commonwealth","Manatí Municipio",2,52,451,205,246
050,72,091,"Puerto Rico Commonwealth","Manatí Municipio",2,53,478,225,253
050,72,091,"Puerto Rico Commonwealth","Manatí Municipio",2,54,520,246,274
050,72,091,"Puerto Rico Commonwealth","Manatí Municipio",2,55,522,251,271
050,72,091,"Puerto Rico Commonwealth","Manatí Municipio",2,56,521,235,286
050,72,091,"Puerto Rico Commonwealth","Manatí Municipio",2,57,526,231,295
050,72,091,"Puerto Rico Commonwealth","Manatí Municipio",2,58,524,235,289
050,72,091,"Puerto Rico Commonwealth","Manatí Municipio",2,59,535,248,287
050,72,091,"Puerto Rico Commonwealth","Manatí Municipio",2,60,549,256,293
050,72,091,"Puerto Rico Commonwealth","Manatí Municipio",2,61,534,245,289
050,72,091,"Puerto Rico Commonwealth","Manatí Municipio",2,62,532,243,289
050,72,091,"Puerto Rico Commonwealth","Manatí Municipio",2,63,552,249,303
050,72,091,"Puerto Rico Commonwealth","Manatí Municipio",2,64,563,256,307
050,72,091,"Puerto Rico Commonwealth","Manatí Municipio",2,65,556,250,306
050,72,091,"Puerto Rico Commonwealth","Manatí Municipio",2,66,535,241,294
050,72,091,"Puerto Rico Commonwealth","Manatí Municipio",2,67,513,225,288
050,72,091,"Puerto Rico Commonwealth","Manatí Municipio",2,68,508,233,275
050,72,091,"Puerto Rico Commonwealth","Manatí Municipio",2,69,487,221,266
050,72,091,"Puerto Rico Commonwealth","Manatí Municipio",2,70,466,208,258
050,72,091,"Puerto Rico Commonwealth","Manatí Municipio",2,71,438,189,249
050,72,091,"Puerto Rico Commonwealth","Manatí Municipio",2,72,448,191,257
050,72,091,"Puerto Rico Commonwealth","Manatí Municipio",2,73,459,203,256
050,72,091,"Puerto Rico Commonwealth","Manatí Municipio",2,74,463,207,256
050,72,091,"Puerto Rico Commonwealth","Manatí Municipio",2,75,429,186,243
050,72,091,"Puerto Rico Commonwealth","Manatí Municipio",2,76,381,152,229
050,72,091,"Puerto Rico Commonwealth","Manatí Municipio",2,77,376,148,228
050,72,091,"Puerto Rico Commonwealth","Manatí Municipio",2,78,334,132,202
050,72,091,"Puerto Rico Commonwealth","Manatí Municipio",2,79,322,135,187
050,72,091,"Puerto Rico Commonwealth","Manatí Municipio",2,80,332,138,194
050,72,091,"Puerto Rico Commonwealth","Manatí Municipio",2,81,282,109,173
050,72,091,"Puerto Rico Commonwealth","Manatí Municipio",2,82,240,98,142
050,72,091,"Puerto Rico Commonwealth","Manatí Municipio",2,83,227,92,135
050,72,091,"Puerto Rico Commonwealth","Manatí Municipio",2,84,222,103,119
050,72,091,"Puerto Rico Commonwealth","Manatí Municipio",2,85,1298,519,779
050,72,091,"Puerto Rico Commonwealth","Manatí Municipio",3,0,233,122,111
050,72,091,"Puerto Rico Commonwealth","Manatí Municipio",3,1,254,124,130
050,72,091,"Puerto Rico Commonwealth","Manatí Municipio",3,2,280,137,143
050,72,091,"Puerto Rico Commonwealth","Manatí Municipio",3,3,291,143,148
050,72,091,"Puerto Rico Commonwealth","Manatí Municipio",3,4,306,158,148
050,72,091,"Puerto Rico Commonwealth","Manatí Municipio",3,5,334,178,156
050,72,091,"Puerto Rico Commonwealth","Manatí Municipio",3,6,340,175,165
050,72,091,"Puerto Rico Commonwealth","Manatí Municipio",3,7,370,178,192
050,72,091,"Puerto Rico Commonwealth","Manatí Municipio",3,8,381,189,192
050,72,091,"Puerto Rico Commonwealth","Manatí Municipio",3,9,401,203,198
050,72,091,"Puerto Rico Commonwealth","Manatí Municipio",3,10,414,204,210
050,72,091,"Puerto Rico Commonwealth","Manatí Municipio",3,11,422,221,201
050,72,091,"Puerto Rico Commonwealth","Manatí Municipio",3,12,430,220,210
050,72,091,"Puerto Rico Commonwealth","Manatí Municipio",3,13,425,213,212
050,72,091,"Puerto Rico Commonwealth","Manatí Municipio",3,14,427,220,207
050,72,091,"Puerto Rico Commonwealth","Manatí Municipio",3,15,456,239,217
050,72,091,"Puerto Rico Commonwealth","Manatí Municipio",3,16,474,248,226
050,72,091,"Puerto Rico Commonwealth","Manatí Municipio",3,17,470,244,226
050,72,091,"Puerto Rico Commonwealth","Manatí Municipio",3,18,460,236,224
050,72,091,"Puerto Rico Commonwealth","Manatí Municipio",3,19,464,245,219
050,72,091,"Puerto Rico Commonwealth","Manatí Municipio",3,20,496,256,240
050,72,091,"Puerto Rico Commonwealth","Manatí Municipio",3,21,533,271,262
050,72,091,"Puerto Rico Commonwealth","Manatí Municipio",3,22,509,250,259
050,72,091,"Puerto Rico Commonwealth","Manatí Municipio",3,23,512,247,265
050,72,091,"Puerto Rico Commonwealth","Manatí Municipio",3,24,529,262,267
050,72,091,"Puerto Rico Commonwealth","Manatí Municipio",3,25,545,265,280
050,72,091,"Puerto Rico Commonwealth","Manatí Municipio",3,26,552,270,282
050,72,091,"Puerto Rico Commonwealth","Manatí Municipio",3,27,558,266,292
050,72,091,"Puerto Rico Commonwealth","Manatí Municipio",3,28,517,250,267
050,72,091,"Puerto Rico Commonwealth","Manatí Municipio",3,29,506,246,260
050,72,091,"Puerto Rico Commonwealth","Manatí Municipio",3,30,515,238,277
050,72,091,"Puerto Rico Commonwealth","Manatí Municipio",3,31,488,224,264
050,72,091,"Puerto Rico Commonwealth","Manatí Municipio",3,32,476,218,258
050,72,091,"Puerto Rico Commonwealth","Manatí Municipio",3,33,427,193,234
050,72,091,"Puerto Rico Commonwealth","Manatí Municipio",3,34,405,193,212
050,72,091,"Puerto Rico Commonwealth","Manatí Municipio",3,35,412,192,220
050,72,091,"Puerto Rico Commonwealth","Manatí Municipio",3,36,408,186,222
050,72,091,"Puerto Rico Commonwealth","Manatí Municipio",3,37,421,193,228
050,72,091,"Puerto Rico Commonwealth","Manatí Municipio",3,38,435,197,238
050,72,091,"Puerto Rico Commonwealth","Manatí Municipio",3,39,455,206,249
050,72,091,"Puerto Rico Commonwealth","Manatí Municipio",3,40,461,211,250
050,72,091,"Puerto Rico Commonwealth","Manatí Municipio",3,41,483,225,258
050,72,091,"Puerto Rico Commonwealth","Manatí Municipio",3,42,449,206,243
050,72,091,"Puerto Rico Commonwealth","Manatí Municipio",3,43,458,216,242
050,72,091,"Puerto Rico Commonwealth","Manatí Municipio",3,44,469,229,240
050,72,091,"Puerto Rico Commonwealth","Manatí Municipio",3,45,474,223,251
050,72,091,"Puerto Rico Commonwealth","Manatí Municipio",3,46,475,223,252
050,72,091,"Puerto Rico Commonwealth","Manatí Municipio",3,47,482,230,252
050,72,091,"Puerto Rico Commonwealth","Manatí Municipio",3,48,496,234,262
050,72,091,"Puerto Rico Commonwealth","Manatí Municipio",3,49,473,218,255
050,72,091,"Puerto Rico Commonwealth","Manatí Municipio",3,50,480,227,253
050,72,091,"Puerto Rico Commonwealth","Manatí Municipio",3,51,496,231,265
050,72,091,"Puerto Rico Commonwealth","Manatí Municipio",3,52,460,212,248
050,72,091,"Puerto Rico Commonwealth","Manatí Municipio",3,53,454,207,247
050,72,091,"Puerto Rico Commonwealth","Manatí Municipio",3,54,477,221,256
050,72,091,"Puerto Rico Commonwealth","Manatí Municipio",3,55,517,248,269
050,72,091,"Puerto Rico Commonwealth","Manatí Municipio",3,56,533,252,281
050,72,091,"Puerto Rico Commonwealth","Manatí Municipio",3,57,513,233,280
050,72,091,"Puerto Rico Commonwealth","Manatí Municipio",3,58,523,231,292
050,72,091,"Puerto Rico Commonwealth","Manatí Municipio",3,59,521,232,289
050,72,091,"Puerto Rico Commonwealth","Manatí Municipio",3,60,534,248,286
050,72,091,"Puerto Rico Commonwealth","Manatí Municipio",3,61,548,254,294
050,72,091,"Puerto Rico Commonwealth","Manatí Municipio",3,62,528,237,291
050,72,091,"Puerto Rico Commonwealth","Manatí Municipio",3,63,531,242,289
050,72,091,"Puerto Rico Commonwealth","Manatí Municipio",3,64,548,246,302
050,72,091,"Puerto Rico Commonwealth","Manatí Municipio",3,65,570,257,313
050,72,091,"Puerto Rico Commonwealth","Manatí Municipio",3,66,549,250,299
050,72,091,"Puerto Rico Commonwealth","Manatí Municipio",3,67,526,233,293
050,72,091,"Puerto Rico Commonwealth","Manatí Municipio",3,68,505,218,287
050,72,091,"Puerto Rico Commonwealth","Manatí Municipio",3,69,500,226,274
050,72,091,"Puerto Rico Commonwealth","Manatí Municipio",3,70,478,212,266
050,72,091,"Puerto Rico Commonwealth","Manatí Municipio",3,71,448,198,250
050,72,091,"Puerto Rico Commonwealth","Manatí Municipio",3,72,433,187,246
050,72,091,"Puerto Rico Commonwealth","Manatí Municipio",3,73,442,187,255
050,72,091,"Puerto Rico Commonwealth","Manatí Municipio",3,74,436,185,251
050,72,091,"Puerto Rico Commonwealth","Manatí Municipio",3,75,460,202,258
050,72,091,"Puerto Rico Commonwealth","Manatí Municipio",3,76,421,181,240
050,72,091,"Puerto Rico Commonwealth","Manatí Municipio",3,77,378,145,233
050,72,091,"Puerto Rico Commonwealth","Manatí Municipio",3,78,350,135,215
050,72,091,"Puerto Rico Commonwealth","Manatí Municipio",3,79,326,129,197
050,72,091,"Puerto Rico Commonwealth","Manatí Municipio",3,80,308,131,177
050,72,091,"Puerto Rico Commonwealth","Manatí Municipio",3,81,326,129,197
050,72,091,"Puerto Rico Commonwealth","Manatí Municipio",3,82,262,105,157
050,72,091,"Puerto Rico Commonwealth","Manatí Municipio",3,83,225,86,139
050,72,091,"Puerto Rico Commonwealth","Manatí Municipio",3,84,222,95,127
050,72,091,"Puerto Rico Commonwealth","Manatí Municipio",3,85,1379,543,836
050,72,091,"Puerto Rico Commonwealth","Manatí Municipio",4,0,235,122,113
050,72,091,"Puerto Rico Commonwealth","Manatí Municipio",4,1,229,119,110
050,72,091,"Puerto Rico Commonwealth","Manatí Municipio",4,2,250,122,128
050,72,091,"Puerto Rico Commonwealth","Manatí Municipio",4,3,275,134,141
050,72,091,"Puerto Rico Commonwealth","Manatí Municipio",4,4,286,140,146
050,72,091,"Puerto Rico Commonwealth","Manatí Municipio",4,5,301,155,146
050,72,091,"Puerto Rico Commonwealth","Manatí Municipio",4,6,329,175,154
050,72,091,"Puerto Rico Commonwealth","Manatí Municipio",4,7,336,172,164
050,72,091,"Puerto Rico Commonwealth","Manatí Municipio",4,8,362,175,187
050,72,091,"Puerto Rico Commonwealth","Manatí Municipio",4,9,375,186,189
050,72,091,"Puerto Rico Commonwealth","Manatí Municipio",4,10,394,199,195
050,72,091,"Puerto Rico Commonwealth","Manatí Municipio",4,11,407,201,206
050,72,091,"Puerto Rico Commonwealth","Manatí Municipio",4,12,414,216,198
050,72,091,"Puerto Rico Commonwealth","Manatí Municipio",4,13,420,213,207
050,72,091,"Puerto Rico Commonwealth","Manatí Municipio",4,14,417,208,209
050,72,091,"Puerto Rico Commonwealth","Manatí Municipio",4,15,418,214,204
050,72,091,"Puerto Rico Commonwealth","Manatí Municipio",4,16,446,232,214
050,72,091,"Puerto Rico Commonwealth","Manatí Municipio",4,17,466,242,224
050,72,091,"Puerto Rico Commonwealth","Manatí Municipio",4,18,453,233,220
050,72,091,"Puerto Rico Commonwealth","Manatí Municipio",4,19,451,233,218
050,72,091,"Puerto Rico Commonwealth","Manatí Municipio",4,20,459,238,221
050,72,091,"Puerto Rico Commonwealth","Manatí Municipio",4,21,478,246,232
050,72,091,"Puerto Rico Commonwealth","Manatí Municipio",4,22,527,262,265
050,72,091,"Puerto Rico Commonwealth","Manatí Municipio",4,23,509,249,260
050,72,091,"Puerto Rico Commonwealth","Manatí Municipio",4,24,499,238,261
050,72,091,"Puerto Rico Commonwealth","Manatí Municipio",4,25,523,256,267
050,72,091,"Puerto Rico Commonwealth","Manatí Municipio",4,26,532,258,274
050,72,091,"Puerto Rico Commonwealth","Manatí Municipio",4,27,552,273,279
050,72,091,"Puerto Rico Commonwealth","Manatí Municipio",4,28,550,256,294
050,72,091,"Puerto Rico Commonwealth","Manatí Municipio",4,29,500,240,260
050,72,091,"Puerto Rico Commonwealth","Manatí Municipio",4,30,496,242,254
050,72,091,"Puerto Rico Commonwealth","Manatí Municipio",4,31,512,236,276
050,72,091,"Puerto Rico Commonwealth","Manatí Municipio",4,32,488,224,264
050,72,091,"Puerto Rico Commonwealth","Manatí Municipio",4,33,466,216,250
050,72,091,"Puerto Rico Commonwealth","Manatí Municipio",4,34,422,189,233
050,72,091,"Puerto Rico Commonwealth","Manatí Municipio",4,35,397,187,210
050,72,091,"Puerto Rico Commonwealth","Manatí Municipio",4,36,402,187,215
050,72,091,"Puerto Rico Commonwealth","Manatí Municipio",4,37,404,183,221
050,72,091,"Puerto Rico Commonwealth","Manatí Municipio",4,38,411,189,222
050,72,091,"Puerto Rico Commonwealth","Manatí Municipio",4,39,432,197,235
050,72,091,"Puerto Rico Commonwealth","Manatí Municipio",4,40,452,202,250
050,72,091,"Puerto Rico Commonwealth","Manatí Municipio",4,41,460,213,247
050,72,091,"Puerto Rico Commonwealth","Manatí Municipio",4,42,472,218,254
050,72,091,"Puerto Rico Commonwealth","Manatí Municipio",4,43,456,206,250
050,72,091,"Puerto Rico Commonwealth","Manatí Municipio",4,44,445,211,234
050,72,091,"Puerto Rico Commonwealth","Manatí Municipio",4,45,465,227,238
050,72,091,"Puerto Rico Commonwealth","Manatí Municipio",4,46,475,219,256
050,72,091,"Puerto Rico Commonwealth","Manatí Municipio",4,47,472,226,246
050,72,091,"Puerto Rico Commonwealth","Manatí Municipio",4,48,485,231,254
050,72,091,"Puerto Rico Commonwealth","Manatí Municipio",4,49,482,225,257
050,72,091,"Puerto Rico Commonwealth","Manatí Municipio",4,50,472,215,257
050,72,091,"Puerto Rico Commonwealth","Manatí Municipio",4,51,475,225,250
050,72,091,"Puerto Rico Commonwealth","Manatí Municipio",4,52,493,232,261
050,72,091,"Puerto Rico Commonwealth","Manatí Municipio",4,53,466,216,250
050,72,091,"Puerto Rico Commonwealth","Manatí Municipio",4,54,450,201,249
050,72,091,"Puerto Rico Commonwealth","Manatí Municipio",4,55,471,221,250
050,72,091,"Puerto Rico Commonwealth","Manatí Municipio",4,56,524,246,278
050,72,091,"Puerto Rico Commonwealth","Manatí Municipio",4,57,524,249,275
050,72,091,"Puerto Rico Commonwealth","Manatí Municipio",4,58,508,229,279
050,72,091,"Puerto Rico Commonwealth","Manatí Municipio",4,59,518,227,291
050,72,091,"Puerto Rico Commonwealth","Manatí Municipio",4,60,511,226,285
050,72,091,"Puerto Rico Commonwealth","Manatí Municipio",4,61,532,247,285
050,72,091,"Puerto Rico Commonwealth","Manatí Municipio",4,62,542,249,293
050,72,091,"Puerto Rico Commonwealth","Manatí Municipio",4,63,526,235,291
050,72,091,"Puerto Rico Commonwealth","Manatí Municipio",4,64,518,236,282
050,72,091,"Puerto Rico Commonwealth","Manatí Municipio",4,65,557,247,310
050,72,091,"Puerto Rico Commonwealth","Manatí Municipio",4,66,560,256,304
050,72,091,"Puerto Rico Commonwealth","Manatí Municipio",4,67,538,237,301
050,72,091,"Puerto Rico Commonwealth","Manatí Municipio",4,68,516,227,289
050,72,091,"Puerto Rico Commonwealth","Manatí Municipio",4,69,498,211,287
050,72,091,"Puerto Rico Commonwealth","Manatí Municipio",4,70,490,221,269
050,72,091,"Puerto Rico Commonwealth","Manatí Municipio",4,71,467,207,260
050,72,091,"Puerto Rico Commonwealth","Manatí Municipio",4,72,439,192,247
050,72,091,"Puerto Rico Commonwealth","Manatí Municipio",4,73,433,188,245
050,72,091,"Puerto Rico Commonwealth","Manatí Municipio",4,74,420,171,249
050,72,091,"Puerto Rico Commonwealth","Manatí Municipio",4,75,427,177,250
050,72,091,"Puerto Rico Commonwealth","Manatí Municipio",4,76,449,193,256
050,72,091,"Puerto Rico Commonwealth","Manatí Municipio",4,77,419,177,242
050,72,091,"Puerto Rico Commonwealth","Manatí Municipio",4,78,349,129,220
050,72,091,"Puerto Rico Commonwealth","Manatí Municipio",4,79,332,128,204
050,72,091,"Puerto Rico Commonwealth","Manatí Municipio",4,80,315,128,187
050,72,091,"Puerto Rico Commonwealth","Manatí Municipio",4,81,298,117,181
050,72,091,"Puerto Rico Commonwealth","Manatí Municipio",4,82,309,126,183
050,72,091,"Puerto Rico Commonwealth","Manatí Municipio",4,83,256,99,157
050,72,091,"Puerto Rico Commonwealth","Manatí Municipio",4,84,214,88,126
050,72,091,"Puerto Rico Commonwealth","Manatí Municipio",4,85,1438,553,885
050,72,091,"Puerto Rico Commonwealth","Manatí Municipio",5,0,247,121,126
050,72,091,"Puerto Rico Commonwealth","Manatí Municipio",5,1,236,122,114
050,72,091,"Puerto Rico Commonwealth","Manatí Municipio",5,2,229,119,110
050,72,091,"Puerto Rico Commonwealth","Manatí Municipio",5,3,250,122,128
050,72,091,"Puerto Rico Commonwealth","Manatí Municipio",5,4,275,134,141
050,72,091,"Puerto Rico Commonwealth","Manatí Municipio",5,5,286,140,146
050,72,091,"Puerto Rico Commonwealth","Manatí Municipio",5,6,301,155,146
050,72,091,"Puerto Rico Commonwealth","Manatí Municipio",5,7,331,175,156
050,72,091,"Puerto Rico Commonwealth","Manatí Municipio",5,8,334,172,162
050,72,091,"Puerto Rico Commonwealth","Manatí Municipio",5,9,362,175,187
050,72,091,"Puerto Rico Commonwealth","Manatí Municipio",5,10,374,185,189
050,72,091,"Puerto Rico Commonwealth","Manatí Municipio",5,11,394,200,194
050,72,091,"Puerto Rico Commonwealth","Manatí Municipio",5,12,406,200,206
050,72,091,"Puerto Rico Commonwealth","Manatí Municipio",5,13,411,213,198
050,72,091,"Puerto Rico Commonwealth","Manatí Municipio",5,14,419,212,207
050,72,091,"Puerto Rico Commonwealth","Manatí Municipio",5,15,415,206,209
050,72,091,"Puerto Rico Commonwealth","Manatí Municipio",5,16,414,211,203
050,72,091,"Puerto Rico Commonwealth","Manatí Municipio",5,17,447,232,215
050,72,091,"Puerto Rico Commonwealth","Manatí Municipio",5,18,457,235,222
050,72,091,"Puerto Rico Commonwealth","Manatí Municipio",5,19,450,234,216
050,72,091,"Puerto Rico Commonwealth","Manatí Municipio",5,20,453,229,224
050,72,091,"Puerto Rico Commonwealth","Manatí Municipio",5,21,448,233,215
050,72,091,"Puerto Rico Commonwealth","Manatí Municipio",5,22,481,243,238
050,72,091,"Puerto Rico Commonwealth","Manatí Municipio",5,23,538,268,270
050,72,091,"Puerto Rico Commonwealth","Manatí Municipio",5,24,503,244,259
050,72,091,"Puerto Rico Commonwealth","Manatí Municipio",5,25,502,237,265
050,72,091,"Puerto Rico Commonwealth","Manatí Municipio",5,26,520,256,264
050,72,091,"Puerto Rico Commonwealth","Manatí Municipio",5,27,539,264,275
050,72,091,"Puerto Rico Commonwealth","Manatí Municipio",5,28,553,267,286
050,72,091,"Puerto Rico Commonwealth","Manatí Municipio",5,29,541,251,290
050,72,091,"Puerto Rico Commonwealth","Manatí Municipio",5,30,500,242,258
050,72,091,"Puerto Rico Commonwealth","Manatí Municipio",5,31,501,245,256
050,72,091,"Puerto Rico Commonwealth","Manatí Municipio",5,32,518,240,278
050,72,091,"Puerto Rico Commonwealth","Manatí Municipio",5,33,485,228,257
050,72,091,"Puerto Rico Commonwealth","Manatí Municipio",5,34,467,215,252
050,72,091,"Puerto Rico Commonwealth","Manatí Municipio",5,35,418,184,234
050,72,091,"Puerto Rico Commonwealth","Manatí Municipio",5,36,394,187,207
050,72,091,"Puerto Rico Commonwealth","Manatí Municipio",5,37,406,188,218
050,72,091,"Puerto Rico Commonwealth","Manatí Municipio",5,38,400,182,218
050,72,091,"Puerto Rico Commonwealth","Manatí Municipio",5,39,413,191,222
050,72,091,"Puerto Rico Commonwealth","Manatí Municipio",5,40,434,195,239
050,72,091,"Puerto Rico Commonwealth","Manatí Municipio",5,41,455,207,248
050,72,091,"Puerto Rico Commonwealth","Manatí Municipio",5,42,453,209,244
050,72,091,"Puerto Rico Commonwealth","Manatí Municipio",5,43,482,219,263
050,72,091,"Puerto Rico Commonwealth","Manatí Municipio",5,44,444,203,241
050,72,091,"Puerto Rico Commonwealth","Manatí Municipio",5,45,444,210,234
050,72,091,"Puerto Rico Commonwealth","Manatí Municipio",5,46,472,227,245
050,72,091,"Puerto Rico Commonwealth","Manatí Municipio",5,47,473,224,249
050,72,091,"Puerto Rico Commonwealth","Manatí Municipio",5,48,481,230,251
050,72,091,"Puerto Rico Commonwealth","Manatí Municipio",5,49,474,224,250
050,72,091,"Puerto Rico Commonwealth","Manatí Municipio",5,50,485,225,260
050,72,091,"Puerto Rico Commonwealth","Manatí Municipio",5,51,471,217,254
050,72,091,"Puerto Rico Commonwealth","Manatí Municipio",5,52,474,226,248
050,72,091,"Puerto Rico Commonwealth","Manatí Municipio",5,53,501,236,265
050,72,091,"Puerto Rico Commonwealth","Manatí Municipio",5,54,466,211,255
050,72,091,"Puerto Rico Commonwealth","Manatí Municipio",5,55,444,201,243
050,72,091,"Puerto Rico Commonwealth","Manatí Municipio",5,56,484,222,262
050,72,091,"Puerto Rico Commonwealth","Manatí Municipio",5,57,520,247,273
050,72,091,"Puerto Rico Commonwealth","Manatí Municipio",5,58,525,249,276
050,72,091,"Puerto Rico Commonwealth","Manatí Municipio",5,59,506,227,279
050,72,091,"Puerto Rico Commonwealth","Manatí Municipio",5,60,515,225,290
050,72,091,"Puerto Rico Commonwealth","Manatí Municipio",5,61,515,228,287
050,72,091,"Puerto Rico Commonwealth","Manatí Municipio",5,62,529,244,285
050,72,091,"Puerto Rico Commonwealth","Manatí Municipio",5,63,538,245,293
050,72,091,"Puerto Rico Commonwealth","Manatí Municipio",5,64,520,232,288
050,72,091,"Puerto Rico Commonwealth","Manatí Municipio",5,65,528,236,292
050,72,091,"Puerto Rico Commonwealth","Manatí Municipio",5,66,547,248,299
050,72,091,"Puerto Rico Commonwealth","Manatí Municipio",5,67,553,249,304
050,72,091,"Puerto Rico Commonwealth","Manatí Municipio",5,68,526,233,293
050,72,091,"Puerto Rico Commonwealth","Manatí Municipio",5,69,508,217,291
050,72,091,"Puerto Rico Commonwealth","Manatí Municipio",5,70,492,206,286
050,72,091,"Puerto Rico Commonwealth","Manatí Municipio",5,71,479,215,264
050,72,091,"Puerto Rico Commonwealth","Manatí Municipio",5,72,467,209,258
050,72,091,"Puerto Rico Commonwealth","Manatí Municipio",5,73,441,193,248
050,72,091,"Puerto Rico Commonwealth","Manatí Municipio",5,74,421,178,243
050,72,091,"Puerto Rico Commonwealth","Manatí Municipio",5,75,409,165,244
050,72,091,"Puerto Rico Commonwealth","Manatí Municipio",5,76,415,173,242
050,72,091,"Puerto Rico Commonwealth","Manatí Municipio",5,77,446,185,261
050,72,091,"Puerto Rico Commonwealth","Manatí Municipio",5,78,388,166,222
050,72,091,"Puerto Rico Commonwealth","Manatí Municipio",5,79,336,124,212
050,72,091,"Puerto Rico Commonwealth","Manatí Municipio",5,80,322,127,195
050,72,091,"Puerto Rico Commonwealth","Manatí Municipio",5,81,308,117,191
050,72,091,"Puerto Rico Commonwealth","Manatí Municipio",5,82,285,116,169
050,72,091,"Puerto Rico Commonwealth","Manatí Municipio",5,83,299,115,184
050,72,091,"Puerto Rico Commonwealth","Manatí Municipio",5,84,249,103,146
050,72,091,"Puerto Rico Commonwealth","Manatí Municipio",5,85,1513,579,934
050,72,093,"Puerto Rico Commonwealth","Maricao Municipio",1,0,30,14,16
050,72,093,"Puerto Rico Commonwealth","Maricao Municipio",1,1,37,18,19
050,72,093,"Puerto Rico Commonwealth","Maricao Municipio",1,2,33,15,18
050,72,093,"Puerto Rico Commonwealth","Maricao Municipio",1,3,34,23,11
050,72,093,"Puerto Rico Commonwealth","Maricao Municipio",1,4,33,17,16
050,72,093,"Puerto Rico Commonwealth","Maricao Municipio",1,5,37,18,19
050,72,093,"Puerto Rico Commonwealth","Maricao Municipio",1,6,39,20,19
050,72,093,"Puerto Rico Commonwealth","Maricao Municipio",1,7,47,24,23
050,72,093,"Puerto Rico Commonwealth","Maricao Municipio",1,8,46,25,21
050,72,093,"Puerto Rico Commonwealth","Maricao Municipio",1,9,42,21,21
050,72,093,"Puerto Rico Commonwealth","Maricao Municipio",1,10,52,25,27
050,72,093,"Puerto Rico Commonwealth","Maricao Municipio",1,11,61,29,32
050,72,093,"Puerto Rico Commonwealth","Maricao Municipio",1,12,55,30,25
050,72,093,"Puerto Rico Commonwealth","Maricao Municipio",1,13,60,33,27
050,72,093,"Puerto Rico Commonwealth","Maricao Municipio",1,14,57,33,24
050,72,093,"Puerto Rico Commonwealth","Maricao Municipio",1,15,52,30,22
050,72,093,"Puerto Rico Commonwealth","Maricao Municipio",1,16,52,23,29
050,72,093,"Puerto Rico Commonwealth","Maricao Municipio",1,17,50,25,25
050,72,093,"Puerto Rico Commonwealth","Maricao Municipio",1,18,49,27,22
050,72,093,"Puerto Rico Commonwealth","Maricao Municipio",1,19,54,26,28
050,72,093,"Puerto Rico Commonwealth","Maricao Municipio",1,20,57,31,26
050,72,093,"Puerto Rico Commonwealth","Maricao Municipio",1,21,55,28,27
050,72,093,"Puerto Rico Commonwealth","Maricao Municipio",1,22,51,26,25
050,72,093,"Puerto Rico Commonwealth","Maricao Municipio",1,23,65,33,32
050,72,093,"Puerto Rico Commonwealth","Maricao Municipio",1,24,58,25,33
050,72,093,"Puerto Rico Commonwealth","Maricao Municipio",1,25,61,31,30
050,72,093,"Puerto Rico Commonwealth","Maricao Municipio",1,26,62,31,31
050,72,093,"Puerto Rico Commonwealth","Maricao Municipio",1,27,56,26,30
050,72,093,"Puerto Rico Commonwealth","Maricao Municipio",1,28,51,29,22
050,72,093,"Puerto Rico Commonwealth","Maricao Municipio",1,29,47,24,23
050,72,093,"Puerto Rico Commonwealth","Maricao Municipio",1,30,59,26,33
050,72,093,"Puerto Rico Commonwealth","Maricao Municipio",1,31,51,24,27
050,72,093,"Puerto Rico Commonwealth","Maricao Municipio",1,32,54,30,24
050,72,093,"Puerto Rico Commonwealth","Maricao Municipio",1,33,60,29,31
050,72,093,"Puerto Rico Commonwealth","Maricao Municipio",1,34,58,25,33
050,72,093,"Puerto Rico Commonwealth","Maricao Municipio",1,35,60,27,33
050,72,093,"Puerto Rico Commonwealth","Maricao Municipio",1,36,61,32,29
050,72,093,"Puerto Rico Commonwealth","Maricao Municipio",1,37,57,32,25
050,72,093,"Puerto Rico Commonwealth","Maricao Municipio",1,38,61,31,30
050,72,093,"Puerto Rico Commonwealth","Maricao Municipio",1,39,57,28,29
050,72,093,"Puerto Rico Commonwealth","Maricao Municipio",1,40,63,32,31
050,72,093,"Puerto Rico Commonwealth","Maricao Municipio",1,41,55,25,30
050,72,093,"Puerto Rico Commonwealth","Maricao Municipio",1,42,53,28,25
050,72,093,"Puerto Rico Commonwealth","Maricao Municipio",1,43,61,36,25
050,72,093,"Puerto Rico Commonwealth","Maricao Municipio",1,44,57,32,25
050,72,093,"Puerto Rico Commonwealth","Maricao Municipio",1,45,58,32,26
050,72,093,"Puerto Rico Commonwealth","Maricao Municipio",1,46,63,33,30
050,72,093,"Puerto Rico Commonwealth","Maricao Municipio",1,47,55,27,28
050,72,093,"Puerto Rico Commonwealth","Maricao Municipio",1,48,53,26,27
050,72,093,"Puerto Rico Commonwealth","Maricao Municipio",1,49,58,32,26
050,72,093,"Puerto Rico Commonwealth","Maricao Municipio",1,50,59,30,29
050,72,093,"Puerto Rico Commonwealth","Maricao Municipio",1,51,60,32,28
050,72,093,"Puerto Rico Commonwealth","Maricao Municipio",1,52,68,38,30
050,72,093,"Puerto Rico Commonwealth","Maricao Municipio",1,53,64,33,31
050,72,093,"Puerto Rico Commonwealth","Maricao Municipio",1,54,65,32,33
050,72,093,"Puerto Rico Commonwealth","Maricao Municipio",1,55,67,29,38
050,72,093,"Puerto Rico Commonwealth","Maricao Municipio",1,56,70,29,41
050,72,093,"Puerto Rico Commonwealth","Maricao Municipio",1,57,74,34,40
050,72,093,"Puerto Rico Commonwealth","Maricao Municipio",1,58,72,38,34
050,72,093,"Puerto Rico Commonwealth","Maricao Municipio",1,59,70,34,36
050,72,093,"Puerto Rico Commonwealth","Maricao Municipio",1,60,72,35,37
050,72,093,"Puerto Rico Commonwealth","Maricao Municipio",1,61,69,34,35
050,72,093,"Puerto Rico Commonwealth","Maricao Municipio",1,62,69,35,34
050,72,093,"Puerto Rico Commonwealth","Maricao Municipio",1,63,76,38,38
050,72,093,"Puerto Rico Commonwealth","Maricao Municipio",1,64,76,33,43
050,72,093,"Puerto Rico Commonwealth","Maricao Municipio",1,65,65,31,34
050,72,093,"Puerto Rico Commonwealth","Maricao Municipio",1,66,64,32,32
050,72,093,"Puerto Rico Commonwealth","Maricao Municipio",1,67,70,30,40
050,72,093,"Puerto Rico Commonwealth","Maricao Municipio",1,68,68,27,41
050,72,093,"Puerto Rico Commonwealth","Maricao Municipio",1,69,58,26,32
050,72,093,"Puerto Rico Commonwealth","Maricao Municipio",1,70,57,28,29
050,72,093,"Puerto Rico Commonwealth","Maricao Municipio",1,71,52,27,25
050,72,093,"Puerto Rico Commonwealth","Maricao Municipio",1,72,47,26,21
050,72,093,"Puerto Rico Commonwealth","Maricao Municipio",1,73,58,33,25
050,72,093,"Puerto Rico Commonwealth","Maricao Municipio",1,74,44,21,23
050,72,093,"Puerto Rico Commonwealth","Maricao Municipio",1,75,39,21,18
050,72,093,"Puerto Rico Commonwealth","Maricao Municipio",1,76,38,18,20
050,72,093,"Puerto Rico Commonwealth","Maricao Municipio",1,77,41,18,23
050,72,093,"Puerto Rico Commonwealth","Maricao Municipio",1,78,43,18,25
050,72,093,"Puerto Rico Commonwealth","Maricao Municipio",1,79,35,16,19
050,72,093,"Puerto Rico Commonwealth","Maricao Municipio",1,80,25,10,15
050,72,093,"Puerto Rico Commonwealth","Maricao Municipio",1,81,22,9,13
050,72,093,"Puerto Rico Commonwealth","Maricao Municipio",1,82,22,11,11
050,72,093,"Puerto Rico Commonwealth","Maricao Municipio",1,83,27,12,15
050,72,093,"Puerto Rico Commonwealth","Maricao Municipio",1,84,32,13,19
050,72,093,"Puerto Rico Commonwealth","Maricao Municipio",1,85,180,91,89
050,72,093,"Puerto Rico Commonwealth","Maricao Municipio",2,0,27,11,16
050,72,093,"Puerto Rico Commonwealth","Maricao Municipio",2,1,35,17,18
050,72,093,"Puerto Rico Commonwealth","Maricao Municipio",2,2,34,16,18
050,72,093,"Puerto Rico Commonwealth","Maricao Municipio",2,3,34,21,13
050,72,093,"Puerto Rico Commonwealth","Maricao Municipio",2,4,34,19,15
050,72,093,"Puerto Rico Commonwealth","Maricao Municipio",2,5,36,18,18
050,72,093,"Puerto Rico Commonwealth","Maricao Municipio",2,6,38,19,19
050,72,093,"Puerto Rico Commonwealth","Maricao Municipio",2,7,45,23,22
050,72,093,"Puerto Rico Commonwealth","Maricao Municipio",2,8,47,25,22
050,72,093,"Puerto Rico Commonwealth","Maricao Municipio",2,9,43,22,21
050,72,093,"Puerto Rico Commonwealth","Maricao Municipio",2,10,49,24,25
050,72,093,"Puerto Rico Commonwealth","Maricao Municipio",2,11,59,28,31
050,72,093,"Puerto Rico Commonwealth","Maricao Municipio",2,12,57,30,27
050,72,093,"Puerto Rico Commonwealth","Maricao Municipio",2,13,58,32,26
050,72,093,"Puerto Rico Commonwealth","Maricao Municipio",2,14,58,33,25
050,72,093,"Puerto Rico Commonwealth","Maricao Municipio",2,15,53,30,23
050,72,093,"Puerto Rico Commonwealth","Maricao Municipio",2,16,52,25,27
050,72,093,"Puerto Rico Commonwealth","Maricao Municipio",2,17,51,25,26
050,72,093,"Puerto Rico Commonwealth","Maricao Municipio",2,18,48,26,22
050,72,093,"Puerto Rico Commonwealth","Maricao Municipio",2,19,53,26,27
050,72,093,"Puerto Rico Commonwealth","Maricao Municipio",2,20,57,30,27
050,72,093,"Puerto Rico Commonwealth","Maricao Municipio",2,21,55,29,26
050,72,093,"Puerto Rico Commonwealth","Maricao Municipio",2,22,52,26,26
050,72,093,"Puerto Rico Commonwealth","Maricao Municipio",2,23,62,32,30
050,72,093,"Puerto Rico Commonwealth","Maricao Municipio",2,24,60,27,33
050,72,093,"Puerto Rico Commonwealth","Maricao Municipio",2,25,59,29,30
050,72,093,"Puerto Rico Commonwealth","Maricao Municipio",2,26,62,31,31
050,72,093,"Puerto Rico Commonwealth","Maricao Municipio",2,27,58,28,30
050,72,093,"Puerto Rico Commonwealth","Maricao Municipio",2,28,53,28,25
050,72,093,"Puerto Rico Commonwealth","Maricao Municipio",2,29,47,25,22
050,72,093,"Puerto Rico Commonwealth","Maricao Municipio",2,30,57,26,31
050,72,093,"Puerto Rico Commonwealth","Maricao Municipio",2,31,52,24,28
050,72,093,"Puerto Rico Commonwealth","Maricao Municipio",2,32,54,29,25
050,72,093,"Puerto Rico Commonwealth","Maricao Municipio",2,33,57,28,29
050,72,093,"Puerto Rico Commonwealth","Maricao Municipio",2,34,59,26,33
050,72,093,"Puerto Rico Commonwealth","Maricao Municipio",2,35,59,26,33
050,72,093,"Puerto Rico Commonwealth","Maricao Municipio",2,36,62,32,30
050,72,093,"Puerto Rico Commonwealth","Maricao Municipio",2,37,58,32,26
050,72,093,"Puerto Rico Commonwealth","Maricao Municipio",2,38,58,29,29
050,72,093,"Puerto Rico Commonwealth","Maricao Municipio",2,39,58,29,29
050,72,093,"Puerto Rico Commonwealth","Maricao Municipio",2,40,61,31,30
050,72,093,"Puerto Rico Commonwealth","Maricao Municipio",2,41,59,28,31
050,72,093,"Puerto Rico Commonwealth","Maricao Municipio",2,42,53,27,26
050,72,093,"Puerto Rico Commonwealth","Maricao Municipio",2,43,59,34,25
050,72,093,"Puerto Rico Commonwealth","Maricao Municipio",2,44,58,33,25
050,72,093,"Puerto Rico Commonwealth","Maricao Municipio",2,45,57,31,26
050,72,093,"Puerto Rico Commonwealth","Maricao Municipio",2,46,59,31,28
050,72,093,"Puerto Rico Commonwealth","Maricao Municipio",2,47,56,27,29
050,72,093,"Puerto Rico Commonwealth","Maricao Municipio",2,48,54,27,27
050,72,093,"Puerto Rico Commonwealth","Maricao Municipio",2,49,58,31,27
050,72,093,"Puerto Rico Commonwealth","Maricao Municipio",2,50,58,30,28
050,72,093,"Puerto Rico Commonwealth","Maricao Municipio",2,51,60,32,28
050,72,093,"Puerto Rico Commonwealth","Maricao Municipio",2,52,66,36,30
050,72,093,"Puerto Rico Commonwealth","Maricao Municipio",2,53,64,34,30
050,72,093,"Puerto Rico Commonwealth","Maricao Municipio",2,54,66,33,33
050,72,093,"Puerto Rico Commonwealth","Maricao Municipio",2,55,66,30,36
050,72,093,"Puerto Rico Commonwealth","Maricao Municipio",2,56,70,29,41
050,72,093,"Puerto Rico Commonwealth","Maricao Municipio",2,57,72,32,40
050,72,093,"Puerto Rico Commonwealth","Maricao Municipio",2,58,72,38,34
050,72,093,"Puerto Rico Commonwealth","Maricao Municipio",2,59,71,35,36
050,72,093,"Puerto Rico Commonwealth","Maricao Municipio",2,60,71,34,37
050,72,093,"Puerto Rico Commonwealth","Maricao Municipio",2,61,69,34,35
050,72,093,"Puerto Rico Commonwealth","Maricao Municipio",2,62,69,35,34
050,72,093,"Puerto Rico Commonwealth","Maricao Municipio",2,63,74,37,37
050,72,093,"Puerto Rico Commonwealth","Maricao Municipio",2,64,77,35,42
050,72,093,"Puerto Rico Commonwealth","Maricao Municipio",2,65,68,31,37
050,72,093,"Puerto Rico Commonwealth","Maricao Municipio",2,66,64,32,32
050,72,093,"Puerto Rico Commonwealth","Maricao Municipio",2,67,69,31,38
050,72,093,"Puerto Rico Commonwealth","Maricao Municipio",2,68,68,27,41
050,72,093,"Puerto Rico Commonwealth","Maricao Municipio",2,69,60,26,34
050,72,093,"Puerto Rico Commonwealth","Maricao Municipio",2,70,58,28,30
050,72,093,"Puerto Rico Commonwealth","Maricao Municipio",2,71,53,27,26
050,72,093,"Puerto Rico Commonwealth","Maricao Municipio",2,72,49,27,22
050,72,093,"Puerto Rico Commonwealth","Maricao Municipio",2,73,55,31,24
050,72,093,"Puerto Rico Commonwealth","Maricao Municipio",2,74,46,23,23
050,72,093,"Puerto Rico Commonwealth","Maricao Municipio",2,75,40,21,19
050,72,093,"Puerto Rico Commonwealth","Maricao Municipio",2,76,38,18,20
050,72,093,"Puerto Rico Commonwealth","Maricao Municipio",2,77,40,18,22
050,72,093,"Puerto Rico Commonwealth","Maricao Municipio",2,78,43,18,25
050,72,093,"Puerto Rico Commonwealth","Maricao Municipio",2,79,37,17,20
050,72,093,"Puerto Rico Commonwealth","Maricao Municipio",2,80,27,11,16
050,72,093,"Puerto Rico Commonwealth","Maricao Municipio",2,81,24,10,14
050,72,093,"Puerto Rico Commonwealth","Maricao Municipio",2,82,20,10,10
050,72,093,"Puerto Rico Commonwealth","Maricao Municipio",2,83,25,11,14
050,72,093,"Puerto Rico Commonwealth","Maricao Municipio",2,84,31,13,18
050,72,093,"Puerto Rico Commonwealth","Maricao Municipio",2,85,188,93,95
050,72,093,"Puerto Rico Commonwealth","Maricao Municipio",3,0,31,16,15
050,72,093,"Puerto Rico Commonwealth","Maricao Municipio",3,1,27,11,16
050,72,093,"Puerto Rico Commonwealth","Maricao Municipio",3,2,35,17,18
050,72,093,"Puerto Rico Commonwealth","Maricao Municipio",3,3,34,16,18
050,72,093,"Puerto Rico Commonwealth","Maricao Municipio",3,4,34,21,13
050,72,093,"Puerto Rico Commonwealth","Maricao Municipio",3,5,34,19,15
050,72,093,"Puerto Rico Commonwealth","Maricao Municipio",3,6,36,18,18
050,72,093,"Puerto Rico Commonwealth","Maricao Municipio",3,7,36,18,18
050,72,093,"Puerto Rico Commonwealth","Maricao Municipio",3,8,44,22,22
050,72,093,"Puerto Rico Commonwealth","Maricao Municipio",3,9,47,25,22
050,72,093,"Puerto Rico Commonwealth","Maricao Municipio",3,10,41,21,20
050,72,093,"Puerto Rico Commonwealth","Maricao Municipio",3,11,47,23,24
050,72,093,"Puerto Rico Commonwealth","Maricao Municipio",3,12,57,27,30
050,72,093,"Puerto Rico Commonwealth","Maricao Municipio",3,13,55,29,26
050,72,093,"Puerto Rico Commonwealth","Maricao Municipio",3,14,56,31,25
050,72,093,"Puerto Rico Commonwealth","Maricao Municipio",3,15,56,32,24
050,72,093,"Puerto Rico Commonwealth","Maricao Municipio",3,16,51,29,22
050,72,093,"Puerto Rico Commonwealth","Maricao Municipio",3,17,50,24,26
050,72,093,"Puerto Rico Commonwealth","Maricao Municipio",3,18,48,23,25
050,72,093,"Puerto Rico Commonwealth","Maricao Municipio",3,19,46,25,21
050,72,093,"Puerto Rico Commonwealth","Maricao Municipio",3,20,51,25,26
050,72,093,"Puerto Rico Commonwealth","Maricao Municipio",3,21,55,29,26
050,72,093,"Puerto Rico Commonwealth","Maricao Municipio",3,22,53,28,25
050,72,093,"Puerto Rico Commonwealth","Maricao Municipio",3,23,50,25,25
050,72,093,"Puerto Rico Commonwealth","Maricao Municipio",3,24,61,32,29
050,72,093,"Puerto Rico Commonwealth","Maricao Municipio",3,25,58,26,32
050,72,093,"Puerto Rico Commonwealth","Maricao Municipio",3,26,56,27,29
050,72,093,"Puerto Rico Commonwealth","Maricao Municipio",3,27,61,31,30
050,72,093,"Puerto Rico Commonwealth","Maricao Municipio",3,28,57,28,29
050,72,093,"Puerto Rico Commonwealth","Maricao Municipio",3,29,52,28,24
050,72,093,"Puerto Rico Commonwealth","Maricao Municipio",3,30,45,24,21
050,72,093,"Puerto Rico Commonwealth","Maricao Municipio",3,31,57,27,30
050,72,093,"Puerto Rico Commonwealth","Maricao Municipio",3,32,51,23,28
050,72,093,"Puerto Rico Commonwealth","Maricao Municipio",3,33,54,30,24
050,72,093,"Puerto Rico Commonwealth","Maricao Municipio",3,34,54,26,28
050,72,093,"Puerto Rico Commonwealth","Maricao Municipio",3,35,57,25,32
050,72,093,"Puerto Rico Commonwealth","Maricao Municipio",3,36,60,27,33
050,72,093,"Puerto Rico Commonwealth","Maricao Municipio",3,37,61,31,30
050,72,093,"Puerto Rico Commonwealth","Maricao Municipio",3,38,57,32,25
050,72,093,"Puerto Rico Commonwealth","Maricao Municipio",3,39,58,29,29
050,72,093,"Puerto Rico Commonwealth","Maricao Municipio",3,40,58,30,28
050,72,093,"Puerto Rico Commonwealth","Maricao Municipio",3,41,59,30,29
050,72,093,"Puerto Rico Commonwealth","Maricao Municipio",3,42,57,26,31
050,72,093,"Puerto Rico Commonwealth","Maricao Municipio",3,43,54,28,26
050,72,093,"Puerto Rico Commonwealth","Maricao Municipio",3,44,59,34,25
050,72,093,"Puerto Rico Commonwealth","Maricao Municipio",3,45,58,33,25
050,72,093,"Puerto Rico Commonwealth","Maricao Municipio",3,46,55,31,24
050,72,093,"Puerto Rico Commonwealth","Maricao Municipio",3,47,58,30,28
050,72,093,"Puerto Rico Commonwealth","Maricao Municipio",3,48,55,26,29
050,72,093,"Puerto Rico Commonwealth","Maricao Municipio",3,49,53,26,27
050,72,093,"Puerto Rico Commonwealth","Maricao Municipio",3,50,59,32,27
050,72,093,"Puerto Rico Commonwealth","Maricao Municipio",3,51,58,30,28
050,72,093,"Puerto Rico Commonwealth","Maricao Municipio",3,52,60,32,28
050,72,093,"Puerto Rico Commonwealth","Maricao Municipio",3,53,66,36,30
050,72,093,"Puerto Rico Commonwealth","Maricao Municipio",3,54,64,34,30
050,72,093,"Puerto Rico Commonwealth","Maricao Municipio",3,55,65,32,33
050,72,093,"Puerto Rico Commonwealth","Maricao Municipio",3,56,63,29,34
050,72,093,"Puerto Rico Commonwealth","Maricao Municipio",3,57,70,29,41
050,72,093,"Puerto Rico Commonwealth","Maricao Municipio",3,58,72,32,40
050,72,093,"Puerto Rico Commonwealth","Maricao Municipio",3,59,72,38,34
050,72,093,"Puerto Rico Commonwealth","Maricao Municipio",3,60,71,35,36
050,72,093,"Puerto Rico Commonwealth","Maricao Municipio",3,61,71,34,37
050,72,093,"Puerto Rico Commonwealth","Maricao Municipio",3,62,68,33,35
050,72,093,"Puerto Rico Commonwealth","Maricao Municipio",3,63,67,33,34
050,72,093,"Puerto Rico Commonwealth","Maricao Municipio",3,64,72,36,36
050,72,093,"Puerto Rico Commonwealth","Maricao Municipio",3,65,76,35,41
050,72,093,"Puerto Rico Commonwealth","Maricao Municipio",3,66,67,31,36
050,72,093,"Puerto Rico Commonwealth","Maricao Municipio",3,67,62,31,31
050,72,093,"Puerto Rico Commonwealth","Maricao Municipio",3,68,68,31,37
050,72,093,"Puerto Rico Commonwealth","Maricao Municipio",3,69,67,27,40
050,72,093,"Puerto Rico Commonwealth","Maricao Municipio",3,70,58,25,33
050,72,093,"Puerto Rico Commonwealth","Maricao Municipio",3,71,54,25,29
050,72,093,"Puerto Rico Commonwealth","Maricao Municipio",3,72,53,27,26
050,72,093,"Puerto Rico Commonwealth","Maricao Municipio",3,73,48,27,21
050,72,093,"Puerto Rico Commonwealth","Maricao Municipio",3,74,51,28,23
050,72,093,"Puerto Rico Commonwealth","Maricao Municipio",3,75,43,21,22
050,72,093,"Puerto Rico Commonwealth","Maricao Municipio",3,76,39,21,18
050,72,093,"Puerto Rico Commonwealth","Maricao Municipio",3,77,37,17,20
050,72,093,"Puerto Rico Commonwealth","Maricao Municipio",3,78,38,18,20
050,72,093,"Puerto Rico Commonwealth","Maricao Municipio",3,79,43,18,25
050,72,093,"Puerto Rico Commonwealth","Maricao Municipio",3,80,37,17,20
050,72,093,"Puerto Rico Commonwealth","Maricao Municipio",3,81,26,11,15
050,72,093,"Puerto Rico Commonwealth","Maricao Municipio",3,82,24,10,14
050,72,093,"Puerto Rico Commonwealth","Maricao Municipio",3,83,19,9,10
050,72,093,"Puerto Rico Commonwealth","Maricao Municipio",3,84,24,11,13
050,72,093,"Puerto Rico Commonwealth","Maricao Municipio",3,85,209,105,104
050,72,093,"Puerto Rico Commonwealth","Maricao Municipio",4,0,25,12,13
050,72,093,"Puerto Rico Commonwealth","Maricao Municipio",4,1,31,16,15
050,72,093,"Puerto Rico Commonwealth","Maricao Municipio",4,2,25,10,15
050,72,093,"Puerto Rico Commonwealth","Maricao Municipio",4,3,33,16,17
050,72,093,"Puerto Rico Commonwealth","Maricao Municipio",4,4,33,15,18
050,72,093,"Puerto Rico Commonwealth","Maricao Municipio",4,5,33,20,13
050,72,093,"Puerto Rico Commonwealth","Maricao Municipio",4,6,32,18,14
050,72,093,"Puerto Rico Commonwealth","Maricao Municipio",4,7,34,17,17
050,72,093,"Puerto Rico Commonwealth","Maricao Municipio",4,8,34,17,17
050,72,093,"Puerto Rico Commonwealth","Maricao Municipio",4,9,42,21,21
050,72,093,"Puerto Rico Commonwealth","Maricao Municipio",4,10,45,24,21
050,72,093,"Puerto Rico Commonwealth","Maricao Municipio",4,11,39,20,19
050,72,093,"Puerto Rico Commonwealth","Maricao Municipio",4,12,45,22,23
050,72,093,"Puerto Rico Commonwealth","Maricao Municipio",4,13,55,26,29
050,72,093,"Puerto Rico Commonwealth","Maricao Municipio",4,14,53,28,25
050,72,093,"Puerto Rico Commonwealth","Maricao Municipio",4,15,54,30,24
050,72,093,"Puerto Rico Commonwealth","Maricao Municipio",4,16,54,31,23
050,72,093,"Puerto Rico Commonwealth","Maricao Municipio",4,17,49,28,21
050,72,093,"Puerto Rico Commonwealth","Maricao Municipio",4,18,48,23,25
050,72,093,"Puerto Rico Commonwealth","Maricao Municipio",4,19,46,22,24
050,72,093,"Puerto Rico Commonwealth","Maricao Municipio",4,20,44,24,20
050,72,093,"Puerto Rico Commonwealth","Maricao Municipio",4,21,49,24,25
050,72,093,"Puerto Rico Commonwealth","Maricao Municipio",4,22,53,28,25
050,72,093,"Puerto Rico Commonwealth","Maricao Municipio",4,23,51,27,24
050,72,093,"Puerto Rico Commonwealth","Maricao Municipio",4,24,48,24,24
050,72,093,"Puerto Rico Commonwealth","Maricao Municipio",4,25,59,31,28
050,72,093,"Puerto Rico Commonwealth","Maricao Municipio",4,26,56,25,31
050,72,093,"Puerto Rico Commonwealth","Maricao Municipio",4,27,53,25,28
050,72,093,"Puerto Rico Commonwealth","Maricao Municipio",4,28,59,30,29
050,72,093,"Puerto Rico Commonwealth","Maricao Municipio",4,29,56,28,28
050,72,093,"Puerto Rico Commonwealth","Maricao Municipio",4,30,49,26,23
050,72,093,"Puerto Rico Commonwealth","Maricao Municipio",4,31,44,24,20
050,72,093,"Puerto Rico Commonwealth","Maricao Municipio",4,32,54,25,29
050,72,093,"Puerto Rico Commonwealth","Maricao Municipio",4,33,50,23,27
050,72,093,"Puerto Rico Commonwealth","Maricao Municipio",4,34,51,28,23
050,72,093,"Puerto Rico Commonwealth","Maricao Municipio",4,35,53,26,27
050,72,093,"Puerto Rico Commonwealth","Maricao Municipio",4,36,56,25,31
050,72,093,"Puerto Rico Commonwealth","Maricao Municipio",4,37,57,25,32
050,72,093,"Puerto Rico Commonwealth","Maricao Municipio",4,38,58,29,29
050,72,093,"Puerto Rico Commonwealth","Maricao Municipio",4,39,56,32,24
050,72,093,"Puerto Rico Commonwealth","Maricao Municipio",4,40,57,29,28
050,72,093,"Puerto Rico Commonwealth","Maricao Municipio",4,41,56,29,27
050,72,093,"Puerto Rico Commonwealth","Maricao Municipio",4,42,57,29,28
050,72,093,"Puerto Rico Commonwealth","Maricao Municipio",4,43,57,27,30
050,72,093,"Puerto Rico Commonwealth","Maricao Municipio",4,44,52,27,25
050,72,093,"Puerto Rico Commonwealth","Maricao Municipio",4,45,57,33,24
050,72,093,"Puerto Rico Commonwealth","Maricao Municipio",4,46,56,32,24
050,72,093,"Puerto Rico Commonwealth","Maricao Municipio",4,47,52,29,23
050,72,093,"Puerto Rico Commonwealth","Maricao Municipio",4,48,56,29,27
050,72,093,"Puerto Rico Commonwealth","Maricao Municipio",4,49,53,25,28
050,72,093,"Puerto Rico Commonwealth","Maricao Municipio",4,50,52,26,26
050,72,093,"Puerto Rico Commonwealth","Maricao Municipio",4,51,59,32,27
050,72,093,"Puerto Rico Commonwealth","Maricao Municipio",4,52,58,30,28
050,72,093,"Puerto Rico Commonwealth","Maricao Municipio",4,53,59,31,28
050,72,093,"Puerto Rico Commonwealth","Maricao Municipio",4,54,65,35,30
050,72,093,"Puerto Rico Commonwealth","Maricao Municipio",4,55,62,32,30
050,72,093,"Puerto Rico Commonwealth","Maricao Municipio",4,56,64,31,33
050,72,093,"Puerto Rico Commonwealth","Maricao Municipio",4,57,63,29,34
050,72,093,"Puerto Rico Commonwealth","Maricao Municipio",4,58,70,29,41
050,72,093,"Puerto Rico Commonwealth","Maricao Municipio",4,59,72,32,40
050,72,093,"Puerto Rico Commonwealth","Maricao Municipio",4,60,71,37,34
050,72,093,"Puerto Rico Commonwealth","Maricao Municipio",4,61,70,34,36
050,72,093,"Puerto Rico Commonwealth","Maricao Municipio",4,62,71,34,37
050,72,093,"Puerto Rico Commonwealth","Maricao Municipio",4,63,67,33,34
050,72,093,"Puerto Rico Commonwealth","Maricao Municipio",4,64,65,32,33
050,72,093,"Puerto Rico Commonwealth","Maricao Municipio",4,65,71,36,35
050,72,093,"Puerto Rico Commonwealth","Maricao Municipio",4,66,73,33,40
050,72,093,"Puerto Rico Commonwealth","Maricao Municipio",4,67,66,31,35
050,72,093,"Puerto Rico Commonwealth","Maricao Municipio",4,68,61,31,30
050,72,093,"Puerto Rico Commonwealth","Maricao Municipio",4,69,66,30,36
050,72,093,"Puerto Rico Commonwealth","Maricao Municipio",4,70,65,26,39
050,72,093,"Puerto Rico Commonwealth","Maricao Municipio",4,71,57,25,32
050,72,093,"Puerto Rico Commonwealth","Maricao Municipio",4,72,52,25,27
050,72,093,"Puerto Rico Commonwealth","Maricao Municipio",4,73,52,26,26
050,72,093,"Puerto Rico Commonwealth","Maricao Municipio",4,74,48,27,21
050,72,093,"Puerto Rico Commonwealth","Maricao Municipio",4,75,50,27,23
050,72,093,"Puerto Rico Commonwealth","Maricao Municipio",4,76,43,21,22
050,72,093,"Puerto Rico Commonwealth","Maricao Municipio",4,77,34,18,16
050,72,093,"Puerto Rico Commonwealth","Maricao Municipio",4,78,37,17,20
050,72,093,"Puerto Rico Commonwealth","Maricao Municipio",4,79,37,17,20
050,72,093,"Puerto Rico Commonwealth","Maricao Municipio",4,80,43,18,25
050,72,093,"Puerto Rico Commonwealth","Maricao Municipio",4,81,34,17,17
050,72,093,"Puerto Rico Commonwealth","Maricao Municipio",4,82,25,11,14
050,72,093,"Puerto Rico Commonwealth","Maricao Municipio",4,83,23,9,14
050,72,093,"Puerto Rico Commonwealth","Maricao Municipio",4,84,19,9,10
050,72,093,"Puerto Rico Commonwealth","Maricao Municipio",4,85,227,112,115
050,72,093,"Puerto Rico Commonwealth","Maricao Municipio",5,0,37,16,21
050,72,093,"Puerto Rico Commonwealth","Maricao Municipio",5,1,25,12,13
050,72,093,"Puerto Rico Commonwealth","Maricao Municipio",5,2,31,16,15
050,72,093,"Puerto Rico Commonwealth","Maricao Municipio",5,3,25,10,15
050,72,093,"Puerto Rico Commonwealth","Maricao Municipio",5,4,33,16,17
050,72,093,"Puerto Rico Commonwealth","Maricao Municipio",5,5,33,15,18
050,72,093,"Puerto Rico Commonwealth","Maricao Municipio",5,6,33,20,13
050,72,093,"Puerto Rico Commonwealth","Maricao Municipio",5,7,32,18,14
050,72,093,"Puerto Rico Commonwealth","Maricao Municipio",5,8,34,17,17
050,72,093,"Puerto Rico Commonwealth","Maricao Municipio",5,9,33,17,16
050,72,093,"Puerto Rico Commonwealth","Maricao Municipio",5,10,42,21,21
050,72,093,"Puerto Rico Commonwealth","Maricao Municipio",5,11,45,24,21
050,72,093,"Puerto Rico Commonwealth","Maricao Municipio",5,12,38,20,18
050,72,093,"Puerto Rico Commonwealth","Maricao Municipio",5,13,43,21,22
050,72,093,"Puerto Rico Commonwealth","Maricao Municipio",5,14,53,25,28
050,72,093,"Puerto Rico Commonwealth","Maricao Municipio",5,15,52,27,25
050,72,093,"Puerto Rico Commonwealth","Maricao Municipio",5,16,52,29,23
050,72,093,"Puerto Rico Commonwealth","Maricao Municipio",5,17,52,30,22
050,72,093,"Puerto Rico Commonwealth","Maricao Municipio",5,18,47,27,20
050,72,093,"Puerto Rico Commonwealth","Maricao Municipio",5,19,46,22,24
050,72,093,"Puerto Rico Commonwealth","Maricao Municipio",5,20,45,21,24
050,72,093,"Puerto Rico Commonwealth","Maricao Municipio",5,21,42,23,19
050,72,093,"Puerto Rico Commonwealth","Maricao Municipio",5,22,47,23,24
050,72,093,"Puerto Rico Commonwealth","Maricao Municipio",5,23,52,27,25
050,72,093,"Puerto Rico Commonwealth","Maricao Municipio",5,24,50,27,23
050,72,093,"Puerto Rico Commonwealth","Maricao Municipio",5,25,46,23,23
050,72,093,"Puerto Rico Commonwealth","Maricao Municipio",5,26,58,31,27
050,72,093,"Puerto Rico Commonwealth","Maricao Municipio",5,27,55,25,30
050,72,093,"Puerto Rico Commonwealth","Maricao Municipio",5,28,51,24,27
050,72,093,"Puerto Rico Commonwealth","Maricao Municipio",5,29,58,30,28
050,72,093,"Puerto Rico Commonwealth","Maricao Municipio",5,30,55,27,28
050,72,093,"Puerto Rico Commonwealth","Maricao Municipio",5,31,50,27,23
050,72,093,"Puerto Rico Commonwealth","Maricao Municipio",5,32,42,23,19
050,72,093,"Puerto Rico Commonwealth","Maricao Municipio",5,33,55,26,29
050,72,093,"Puerto Rico Commonwealth","Maricao Municipio",5,34,49,22,27
050,72,093,"Puerto Rico Commonwealth","Maricao Municipio",5,35,50,28,22
050,72,093,"Puerto Rico Commonwealth","Maricao Municipio",5,36,53,27,26
050,72,093,"Puerto Rico Commonwealth","Maricao Municipio",5,37,53,23,30
050,72,093,"Puerto Rico Commonwealth","Maricao Municipio",5,38,57,25,32
050,72,093,"Puerto Rico Commonwealth","Maricao Municipio",5,39,58,29,29
050,72,093,"Puerto Rico Commonwealth","Maricao Municipio",5,40,57,33,24
050,72,093,"Puerto Rico Commonwealth","Maricao Municipio",5,41,57,29,28
050,72,093,"Puerto Rico Commonwealth","Maricao Municipio",5,42,55,28,27
050,72,093,"Puerto Rico Commonwealth","Maricao Municipio",5,43,57,30,27
050,72,093,"Puerto Rico Commonwealth","Maricao Municipio",5,44,57,27,30
050,72,093,"Puerto Rico Commonwealth","Maricao Municipio",5,45,52,27,25
050,72,093,"Puerto Rico Commonwealth","Maricao Municipio",5,46,55,32,23
050,72,093,"Puerto Rico Commonwealth","Maricao Municipio",5,47,56,32,24
050,72,093,"Puerto Rico Commonwealth","Maricao Municipio",5,48,52,29,23
050,72,093,"Puerto Rico Commonwealth","Maricao Municipio",5,49,55,28,27
050,72,093,"Puerto Rico Commonwealth","Maricao Municipio",5,50,54,26,28
050,72,093,"Puerto Rico Commonwealth","Maricao Municipio",5,51,52,26,26
050,72,093,"Puerto Rico Commonwealth","Maricao Municipio",5,52,59,32,27
050,72,093,"Puerto Rico Commonwealth","Maricao Municipio",5,53,58,30,28
050,72,093,"Puerto Rico Commonwealth","Maricao Municipio",5,54,59,31,28
050,72,093,"Puerto Rico Commonwealth","Maricao Municipio",5,55,65,35,30
050,72,093,"Puerto Rico Commonwealth","Maricao Municipio",5,56,60,30,30
050,72,093,"Puerto Rico Commonwealth","Maricao Municipio",5,57,64,31,33
050,72,093,"Puerto Rico Commonwealth","Maricao Municipio",5,58,60,27,33
050,72,093,"Puerto Rico Commonwealth","Maricao Municipio",5,59,70,29,41
050,72,093,"Puerto Rico Commonwealth","Maricao Municipio",5,60,71,31,40
050,72,093,"Puerto Rico Commonwealth","Maricao Municipio",5,61,71,37,34
050,72,093,"Puerto Rico Commonwealth","Maricao Municipio",5,62,69,33,36
050,72,093,"Puerto Rico Commonwealth","Maricao Municipio",5,63,71,34,37
050,72,093,"Puerto Rico Commonwealth","Maricao Municipio",5,64,66,32,34
050,72,093,"Puerto Rico Commonwealth","Maricao Municipio",5,65,63,31,32
050,72,093,"Puerto Rico Commonwealth","Maricao Municipio",5,66,68,35,33
050,72,093,"Puerto Rico Commonwealth","Maricao Municipio",5,67,72,33,39
050,72,093,"Puerto Rico Commonwealth","Maricao Municipio",5,68,64,31,33
050,72,093,"Puerto Rico Commonwealth","Maricao Municipio",5,69,60,31,29
050,72,093,"Puerto Rico Commonwealth","Maricao Municipio",5,70,65,30,35
050,72,093,"Puerto Rico Commonwealth","Maricao Municipio",5,71,62,26,36
050,72,093,"Puerto Rico Commonwealth","Maricao Municipio",5,72,57,25,32
050,72,093,"Puerto Rico Commonwealth","Maricao Municipio",5,73,51,24,27
050,72,093,"Puerto Rico Commonwealth","Maricao Municipio",5,74,51,25,26
050,72,093,"Puerto Rico Commonwealth","Maricao Municipio",5,75,47,26,21
050,72,093,"Puerto Rico Commonwealth","Maricao Municipio",5,76,50,27,23
050,72,093,"Puerto Rico Commonwealth","Maricao Municipio",5,77,41,20,21
050,72,093,"Puerto Rico Commonwealth","Maricao Municipio",5,78,32,17,15
050,72,093,"Puerto Rico Commonwealth","Maricao Municipio",5,79,35,16,19
050,72,093,"Puerto Rico Commonwealth","Maricao Municipio",5,80,36,17,19
050,72,093,"Puerto Rico Commonwealth","Maricao Municipio",5,81,41,17,24
050,72,093,"Puerto Rico Commonwealth","Maricao Municipio",5,82,33,17,16
050,72,093,"Puerto Rico Commonwealth","Maricao Municipio",5,83,23,11,12
050,72,093,"Puerto Rico Commonwealth","Maricao Municipio",5,84,19,8,11
050,72,093,"Puerto Rico Commonwealth","Maricao Municipio",5,85,239,119,120
050,72,095,"Puerto Rico Commonwealth","Maunabo Municipio",1,0,58,31,27
050,72,095,"Puerto Rico Commonwealth","Maunabo Municipio",1,1,60,32,28
050,72,095,"Puerto Rico Commonwealth","Maunabo Municipio",1,2,59,31,28
050,72,095,"Puerto Rico Commonwealth","Maunabo Municipio",1,3,64,32,32
050,72,095,"Puerto Rico Commonwealth","Maunabo Municipio",1,4,80,43,37
050,72,095,"Puerto Rico Commonwealth","Maunabo Municipio",1,5,94,49,45
050,72,095,"Puerto Rico Commonwealth","Maunabo Municipio",1,6,110,61,49
050,72,095,"Puerto Rico Commonwealth","Maunabo Municipio",1,7,107,54,53
050,72,095,"Puerto Rico Commonwealth","Maunabo Municipio",1,8,111,53,58
050,72,095,"Puerto Rico Commonwealth","Maunabo Municipio",1,9,116,62,54
050,72,095,"Puerto Rico Commonwealth","Maunabo Municipio",1,10,137,72,65
050,72,095,"Puerto Rico Commonwealth","Maunabo Municipio",1,11,120,60,60
050,72,095,"Puerto Rico Commonwealth","Maunabo Municipio",1,12,107,58,49
050,72,095,"Puerto Rico Commonwealth","Maunabo Municipio",1,13,106,59,47
050,72,095,"Puerto Rico Commonwealth","Maunabo Municipio",1,14,114,56,58
050,72,095,"Puerto Rico Commonwealth","Maunabo Municipio",1,15,123,59,64
050,72,095,"Puerto Rico Commonwealth","Maunabo Municipio",1,16,119,67,52
050,72,095,"Puerto Rico Commonwealth","Maunabo Municipio",1,17,129,60,69
050,72,095,"Puerto Rico Commonwealth","Maunabo Municipio",1,18,114,56,58
050,72,095,"Puerto Rico Commonwealth","Maunabo Municipio",1,19,114,60,54
050,72,095,"Puerto Rico Commonwealth","Maunabo Municipio",1,20,113,59,54
050,72,095,"Puerto Rico Commonwealth","Maunabo Municipio",1,21,105,50,55
050,72,095,"Puerto Rico Commonwealth","Maunabo Municipio",1,22,102,43,59
050,72,095,"Puerto Rico Commonwealth","Maunabo Municipio",1,23,120,56,64
050,72,095,"Puerto Rico Commonwealth","Maunabo Municipio",1,24,135,68,67
050,72,095,"Puerto Rico Commonwealth","Maunabo Municipio",1,25,137,71,66
050,72,095,"Puerto Rico Commonwealth","Maunabo Municipio",1,26,132,65,67
050,72,095,"Puerto Rico Commonwealth","Maunabo Municipio",1,27,132,67,65
050,72,095,"Puerto Rico Commonwealth","Maunabo Municipio",1,28,130,66,64
050,72,095,"Puerto Rico Commonwealth","Maunabo Municipio",1,29,117,58,59
050,72,095,"Puerto Rico Commonwealth","Maunabo Municipio",1,30,135,67,68
050,72,095,"Puerto Rico Commonwealth","Maunabo Municipio",1,31,122,57,65
050,72,095,"Puerto Rico Commonwealth","Maunabo Municipio",1,32,110,46,64
050,72,095,"Puerto Rico Commonwealth","Maunabo Municipio",1,33,107,52,55
050,72,095,"Puerto Rico Commonwealth","Maunabo Municipio",1,34,110,56,54
050,72,095,"Puerto Rico Commonwealth","Maunabo Municipio",1,35,114,59,55
050,72,095,"Puerto Rico Commonwealth","Maunabo Municipio",1,36,94,45,49
050,72,095,"Puerto Rico Commonwealth","Maunabo Municipio",1,37,104,52,52
050,72,095,"Puerto Rico Commonwealth","Maunabo Municipio",1,38,107,49,58
050,72,095,"Puerto Rico Commonwealth","Maunabo Municipio",1,39,106,51,55
050,72,095,"Puerto Rico Commonwealth","Maunabo Municipio",1,40,115,57,58
050,72,095,"Puerto Rico Commonwealth","Maunabo Municipio",1,41,120,63,57
050,72,095,"Puerto Rico Commonwealth","Maunabo Municipio",1,42,118,62,56
050,72,095,"Puerto Rico Commonwealth","Maunabo Municipio",1,43,107,61,46
050,72,095,"Puerto Rico Commonwealth","Maunabo Municipio",1,44,138,82,56
050,72,095,"Puerto Rico Commonwealth","Maunabo Municipio",1,45,138,76,62
050,72,095,"Puerto Rico Commonwealth","Maunabo Municipio",1,46,131,70,61
050,72,095,"Puerto Rico Commonwealth","Maunabo Municipio",1,47,147,73,74
050,72,095,"Puerto Rico Commonwealth","Maunabo Municipio",1,48,152,72,80
050,72,095,"Puerto Rico Commonwealth","Maunabo Municipio",1,49,143,72,71
050,72,095,"Puerto Rico Commonwealth","Maunabo Municipio",1,50,138,60,78
050,72,095,"Puerto Rico Commonwealth","Maunabo Municipio",1,51,128,54,74
050,72,095,"Puerto Rico Commonwealth","Maunabo Municipio",1,52,128,63,65
050,72,095,"Puerto Rico Commonwealth","Maunabo Municipio",1,53,148,70,78
050,72,095,"Puerto Rico Commonwealth","Maunabo Municipio",1,54,167,84,83
050,72,095,"Puerto Rico Commonwealth","Maunabo Municipio",1,55,165,95,70
050,72,095,"Puerto Rico Commonwealth","Maunabo Municipio",1,56,165,93,72
050,72,095,"Puerto Rico Commonwealth","Maunabo Municipio",1,57,166,83,83
050,72,095,"Puerto Rico Commonwealth","Maunabo Municipio",1,58,160,76,84
050,72,095,"Puerto Rico Commonwealth","Maunabo Municipio",1,59,155,79,76
050,72,095,"Puerto Rico Commonwealth","Maunabo Municipio",1,60,163,78,85
050,72,095,"Puerto Rico Commonwealth","Maunabo Municipio",1,61,153,69,84
050,72,095,"Puerto Rico Commonwealth","Maunabo Municipio",1,62,146,72,74
050,72,095,"Puerto Rico Commonwealth","Maunabo Municipio",1,63,158,72,86
050,72,095,"Puerto Rico Commonwealth","Maunabo Municipio",1,64,170,77,93
050,72,095,"Puerto Rico Commonwealth","Maunabo Municipio",1,65,171,84,87
050,72,095,"Puerto Rico Commonwealth","Maunabo Municipio",1,66,161,81,80
050,72,095,"Puerto Rico Commonwealth","Maunabo Municipio",1,67,138,67,71
050,72,095,"Puerto Rico Commonwealth","Maunabo Municipio",1,68,121,57,64
050,72,095,"Puerto Rico Commonwealth","Maunabo Municipio",1,69,131,57,74
050,72,095,"Puerto Rico Commonwealth","Maunabo Municipio",1,70,135,60,75
050,72,095,"Puerto Rico Commonwealth","Maunabo Municipio",1,71,149,71,78
050,72,095,"Puerto Rico Commonwealth","Maunabo Municipio",1,72,151,77,74
050,72,095,"Puerto Rico Commonwealth","Maunabo Municipio",1,73,136,61,75
050,72,095,"Puerto Rico Commonwealth","Maunabo Municipio",1,74,123,57,66
050,72,095,"Puerto Rico Commonwealth","Maunabo Municipio",1,75,117,54,63
050,72,095,"Puerto Rico Commonwealth","Maunabo Municipio",1,76,111,46,65
050,72,095,"Puerto Rico Commonwealth","Maunabo Municipio",1,77,94,47,47
050,72,095,"Puerto Rico Commonwealth","Maunabo Municipio",1,78,92,40,52
050,72,095,"Puerto Rico Commonwealth","Maunabo Municipio",1,79,88,43,45
050,72,095,"Puerto Rico Commonwealth","Maunabo Municipio",1,80,77,39,38
050,72,095,"Puerto Rico Commonwealth","Maunabo Municipio",1,81,69,34,35
050,72,095,"Puerto Rico Commonwealth","Maunabo Municipio",1,82,64,35,29
050,72,095,"Puerto Rico Commonwealth","Maunabo Municipio",1,83,65,34,31
050,72,095,"Puerto Rico Commonwealth","Maunabo Municipio",1,84,55,23,32
050,72,095,"Puerto Rico Commonwealth","Maunabo Municipio",1,85,348,147,201
050,72,095,"Puerto Rico Commonwealth","Maunabo Municipio",2,0,54,27,27
050,72,095,"Puerto Rico Commonwealth","Maunabo Municipio",2,1,60,32,28
050,72,095,"Puerto Rico Commonwealth","Maunabo Municipio",2,2,59,31,28
050,72,095,"Puerto Rico Commonwealth","Maunabo Municipio",2,3,63,32,31
050,72,095,"Puerto Rico Commonwealth","Maunabo Municipio",2,4,76,40,36
050,72,095,"Puerto Rico Commonwealth","Maunabo Municipio",2,5,91,48,43
050,72,095,"Puerto Rico Commonwealth","Maunabo Municipio",2,6,106,58,48
050,72,095,"Puerto Rico Commonwealth","Maunabo Municipio",2,7,107,55,52
050,72,095,"Puerto Rico Commonwealth","Maunabo Municipio",2,8,111,54,57
050,72,095,"Puerto Rico Commonwealth","Maunabo Municipio",2,9,113,60,53
050,72,095,"Puerto Rico Commonwealth","Maunabo Municipio",2,10,132,69,63
050,72,095,"Puerto Rico Commonwealth","Maunabo Municipio",2,11,123,63,60
050,72,095,"Puerto Rico Commonwealth","Maunabo Municipio",2,12,111,59,52
050,72,095,"Puerto Rico Commonwealth","Maunabo Municipio",2,13,105,58,47
050,72,095,"Puerto Rico Commonwealth","Maunabo Municipio",2,14,112,56,56
050,72,095,"Puerto Rico Commonwealth","Maunabo Municipio",2,15,120,58,62
050,72,095,"Puerto Rico Commonwealth","Maunabo Municipio",2,16,120,65,55
050,72,095,"Puerto Rico Commonwealth","Maunabo Municipio",2,17,127,62,65
050,72,095,"Puerto Rico Commonwealth","Maunabo Municipio",2,18,118,57,61
050,72,095,"Puerto Rico Commonwealth","Maunabo Municipio",2,19,114,59,55
050,72,095,"Puerto Rico Commonwealth","Maunabo Municipio",2,20,113,59,54
050,72,095,"Puerto Rico Commonwealth","Maunabo Municipio",2,21,107,53,54
050,72,095,"Puerto Rico Commonwealth","Maunabo Municipio",2,22,102,44,58
050,72,095,"Puerto Rico Commonwealth","Maunabo Municipio",2,23,116,53,63
050,72,095,"Puerto Rico Commonwealth","Maunabo Municipio",2,24,131,65,66
050,72,095,"Puerto Rico Commonwealth","Maunabo Municipio",2,25,137,70,67
050,72,095,"Puerto Rico Commonwealth","Maunabo Municipio",2,26,133,67,66
050,72,095,"Puerto Rico Commonwealth","Maunabo Municipio",2,27,131,66,65
050,72,095,"Puerto Rico Commonwealth","Maunabo Municipio",2,28,130,66,64
050,72,095,"Puerto Rico Commonwealth","Maunabo Municipio",2,29,119,59,60
050,72,095,"Puerto Rico Commonwealth","Maunabo Municipio",2,30,130,64,66
050,72,095,"Puerto Rico Commonwealth","Maunabo Municipio",2,31,126,60,66
050,72,095,"Puerto Rico Commonwealth","Maunabo Municipio",2,32,113,49,64
050,72,095,"Puerto Rico Commonwealth","Maunabo Municipio",2,33,107,50,57
050,72,095,"Puerto Rico Commonwealth","Maunabo Municipio",2,34,109,55,54
050,72,095,"Puerto Rico Commonwealth","Maunabo Municipio",2,35,113,58,55
050,72,095,"Puerto Rico Commonwealth","Maunabo Municipio",2,36,100,49,51
050,72,095,"Puerto Rico Commonwealth","Maunabo Municipio",2,37,101,50,51
050,72,095,"Puerto Rico Commonwealth","Maunabo Municipio",2,38,107,50,57
050,72,095,"Puerto Rico Commonwealth","Maunabo Municipio",2,39,105,50,55
050,72,095,"Puerto Rico Commonwealth","Maunabo Municipio",2,40,115,57,58
050,72,095,"Puerto Rico Commonwealth","Maunabo Municipio",2,41,118,61,57
050,72,095,"Puerto Rico Commonwealth","Maunabo Municipio",2,42,119,63,56
050,72,095,"Puerto Rico Commonwealth","Maunabo Municipio",2,43,109,61,48
050,72,095,"Puerto Rico Commonwealth","Maunabo Municipio",2,44,131,77,54
050,72,095,"Puerto Rico Commonwealth","Maunabo Municipio",2,45,139,78,61
050,72,095,"Puerto Rico Commonwealth","Maunabo Municipio",2,46,133,72,61
050,72,095,"Puerto Rico Commonwealth","Maunabo Municipio",2,47,143,73,70
050,72,095,"Puerto Rico Commonwealth","Maunabo Municipio",2,48,151,72,79
050,72,095,"Puerto Rico Commonwealth","Maunabo Municipio",2,49,144,72,72
050,72,095,"Puerto Rico Commonwealth","Maunabo Municipio",2,50,141,64,77
050,72,095,"Puerto Rico Commonwealth","Maunabo Municipio",2,51,130,55,75
050,72,095,"Puerto Rico Commonwealth","Maunabo Municipio",2,52,129,62,67
050,72,095,"Puerto Rico Commonwealth","Maunabo Municipio",2,53,144,69,75
050,72,095,"Puerto Rico Commonwealth","Maunabo Municipio",2,54,161,80,81
050,72,095,"Puerto Rico Commonwealth","Maunabo Municipio",2,55,167,93,74
050,72,095,"Puerto Rico Commonwealth","Maunabo Municipio",2,56,165,94,71
050,72,095,"Puerto Rico Commonwealth","Maunabo Municipio",2,57,165,85,80
050,72,095,"Puerto Rico Commonwealth","Maunabo Municipio",2,58,161,78,83
050,72,095,"Puerto Rico Commonwealth","Maunabo Municipio",2,59,155,77,78
050,72,095,"Puerto Rico Commonwealth","Maunabo Municipio",2,60,162,79,83
050,72,095,"Puerto Rico Commonwealth","Maunabo Municipio",2,61,155,71,84
050,72,095,"Puerto Rico Commonwealth","Maunabo Municipio",2,62,148,71,77
050,72,095,"Puerto Rico Commonwealth","Maunabo Municipio",2,63,155,72,83
050,72,095,"Puerto Rico Commonwealth","Maunabo Municipio",2,64,167,76,91
050,72,095,"Puerto Rico Commonwealth","Maunabo Municipio",2,65,169,81,88
050,72,095,"Puerto Rico Commonwealth","Maunabo Municipio",2,66,164,82,82
050,72,095,"Puerto Rico Commonwealth","Maunabo Municipio",2,67,143,70,73
050,72,095,"Puerto Rico Commonwealth","Maunabo Municipio",2,68,126,60,66
050,72,095,"Puerto Rico Commonwealth","Maunabo Municipio",2,69,129,57,72
050,72,095,"Puerto Rico Commonwealth","Maunabo Municipio",2,70,133,59,74
050,72,095,"Puerto Rico Commonwealth","Maunabo Municipio",2,71,145,67,78
050,72,095,"Puerto Rico Commonwealth","Maunabo Municipio",2,72,151,76,75
050,72,095,"Puerto Rico Commonwealth","Maunabo Municipio",2,73,139,65,74
050,72,095,"Puerto Rico Commonwealth","Maunabo Municipio",2,74,126,58,68
050,72,095,"Puerto Rico Commonwealth","Maunabo Municipio",2,75,118,54,64
050,72,095,"Puerto Rico Commonwealth","Maunabo Municipio",2,76,113,49,64
050,72,095,"Puerto Rico Commonwealth","Maunabo Municipio",2,77,97,46,51
050,72,095,"Puerto Rico Commonwealth","Maunabo Municipio",2,78,95,43,52
050,72,095,"Puerto Rico Commonwealth","Maunabo Municipio",2,79,87,41,46
050,72,095,"Puerto Rico Commonwealth","Maunabo Municipio",2,80,80,40,40
050,72,095,"Puerto Rico Commonwealth","Maunabo Municipio",2,81,73,36,37
050,72,095,"Puerto Rico Commonwealth","Maunabo Municipio",2,82,68,36,32
050,72,095,"Puerto Rico Commonwealth","Maunabo Municipio",2,83,64,34,30
050,72,095,"Puerto Rico Commonwealth","Maunabo Municipio",2,84,57,24,33
050,72,095,"Puerto Rico Commonwealth","Maunabo Municipio",2,85,345,153,192
050,72,095,"Puerto Rico Commonwealth","Maunabo Municipio",3,0,63,39,24
050,72,095,"Puerto Rico Commonwealth","Maunabo Municipio",3,1,54,27,27
050,72,095,"Puerto Rico Commonwealth","Maunabo Municipio",3,2,60,32,28
050,72,095,"Puerto Rico Commonwealth","Maunabo Municipio",3,3,59,31,28
050,72,095,"Puerto Rico Commonwealth","Maunabo Municipio",3,4,63,32,31
050,72,095,"Puerto Rico Commonwealth","Maunabo Municipio",3,5,76,40,36
050,72,095,"Puerto Rico Commonwealth","Maunabo Municipio",3,6,91,48,43
050,72,095,"Puerto Rico Commonwealth","Maunabo Municipio",3,7,106,58,48
050,72,095,"Puerto Rico Commonwealth","Maunabo Municipio",3,8,107,55,52
050,72,095,"Puerto Rico Commonwealth","Maunabo Municipio",3,9,111,54,57
050,72,095,"Puerto Rico Commonwealth","Maunabo Municipio",3,10,111,59,52
050,72,095,"Puerto Rico Commonwealth","Maunabo Municipio",3,11,130,68,62
050,72,095,"Puerto Rico Commonwealth","Maunabo Municipio",3,12,122,62,60
050,72,095,"Puerto Rico Commonwealth","Maunabo Municipio",3,13,110,58,52
050,72,095,"Puerto Rico Commonwealth","Maunabo Municipio",3,14,103,57,46
050,72,095,"Puerto Rico Commonwealth","Maunabo Municipio",3,15,110,55,55
050,72,095,"Puerto Rico Commonwealth","Maunabo Municipio",3,16,117,56,61
050,72,095,"Puerto Rico Commonwealth","Maunabo Municipio",3,17,118,64,54
050,72,095,"Puerto Rico Commonwealth","Maunabo Municipio",3,18,123,60,63
050,72,095,"Puerto Rico Commonwealth","Maunabo Municipio",3,19,114,55,59
050,72,095,"Puerto Rico Commonwealth","Maunabo Municipio",3,20,111,57,54
050,72,095,"Puerto Rico Commonwealth","Maunabo Municipio",3,21,111,58,53
050,72,095,"Puerto Rico Commonwealth","Maunabo Municipio",3,22,105,52,53
050,72,095,"Puerto Rico Commonwealth","Maunabo Municipio",3,23,100,43,57
050,72,095,"Puerto Rico Commonwealth","Maunabo Municipio",3,24,114,52,62
050,72,095,"Puerto Rico Commonwealth","Maunabo Municipio",3,25,129,64,65
050,72,095,"Puerto Rico Commonwealth","Maunabo Municipio",3,26,135,69,66
050,72,095,"Puerto Rico Commonwealth","Maunabo Municipio",3,27,132,67,65
050,72,095,"Puerto Rico Commonwealth","Maunabo Municipio",3,28,129,65,64
050,72,095,"Puerto Rico Commonwealth","Maunabo Municipio",3,29,128,65,63
050,72,095,"Puerto Rico Commonwealth","Maunabo Municipio",3,30,118,59,59
050,72,095,"Puerto Rico Commonwealth","Maunabo Municipio",3,31,128,63,65
050,72,095,"Puerto Rico Commonwealth","Maunabo Municipio",3,32,125,60,65
050,72,095,"Puerto Rico Commonwealth","Maunabo Municipio",3,33,113,49,64
050,72,095,"Puerto Rico Commonwealth","Maunabo Municipio",3,34,106,49,57
050,72,095,"Puerto Rico Commonwealth","Maunabo Municipio",3,35,110,56,54
050,72,095,"Puerto Rico Commonwealth","Maunabo Municipio",3,36,111,56,55
050,72,095,"Puerto Rico Commonwealth","Maunabo Municipio",3,37,100,49,51
050,72,095,"Puerto Rico Commonwealth","Maunabo Municipio",3,38,101,50,51
050,72,095,"Puerto Rico Commonwealth","Maunabo Municipio",3,39,106,49,57
050,72,095,"Puerto Rico Commonwealth","Maunabo Municipio",3,40,106,51,55
050,72,095,"Puerto Rico Commonwealth","Maunabo Municipio",3,41,114,56,58
050,72,095,"Puerto Rico Commonwealth","Maunabo Municipio",3,42,119,62,57
050,72,095,"Puerto Rico Commonwealth","Maunabo Municipio",3,43,118,63,55
050,72,095,"Puerto Rico Commonwealth","Maunabo Municipio",3,44,109,61,48
050,72,095,"Puerto Rico Commonwealth","Maunabo Municipio",3,45,132,78,54
050,72,095,"Puerto Rico Commonwealth","Maunabo Municipio",3,46,138,78,60
050,72,095,"Puerto Rico Commonwealth","Maunabo Municipio",3,47,134,73,61
050,72,095,"Puerto Rico Commonwealth","Maunabo Municipio",3,48,142,72,70
050,72,095,"Puerto Rico Commonwealth","Maunabo Municipio",3,49,152,73,79
050,72,095,"Puerto Rico Commonwealth","Maunabo Municipio",3,50,144,72,72
050,72,095,"Puerto Rico Commonwealth","Maunabo Municipio",3,51,141,64,77
050,72,095,"Puerto Rico Commonwealth","Maunabo Municipio",3,52,132,57,75
050,72,095,"Puerto Rico Commonwealth","Maunabo Municipio",3,53,130,62,68
050,72,095,"Puerto Rico Commonwealth","Maunabo Municipio",3,54,145,69,76
050,72,095,"Puerto Rico Commonwealth","Maunabo Municipio",3,55,164,82,82
050,72,095,"Puerto Rico Commonwealth","Maunabo Municipio",3,56,167,92,75
050,72,095,"Puerto Rico Commonwealth","Maunabo Municipio",3,57,167,95,72
050,72,095,"Puerto Rico Commonwealth","Maunabo Municipio",3,58,166,86,80
050,72,095,"Puerto Rico Commonwealth","Maunabo Municipio",3,59,161,78,83
050,72,095,"Puerto Rico Commonwealth","Maunabo Municipio",3,60,157,78,79
050,72,095,"Puerto Rico Commonwealth","Maunabo Municipio",3,61,164,80,84
050,72,095,"Puerto Rico Commonwealth","Maunabo Municipio",3,62,155,71,84
050,72,095,"Puerto Rico Commonwealth","Maunabo Municipio",3,63,147,70,77
050,72,095,"Puerto Rico Commonwealth","Maunabo Municipio",3,64,154,71,83
050,72,095,"Puerto Rico Commonwealth","Maunabo Municipio",3,65,167,77,90
050,72,095,"Puerto Rico Commonwealth","Maunabo Municipio",3,66,166,79,87
050,72,095,"Puerto Rico Commonwealth","Maunabo Municipio",3,67,162,82,80
050,72,095,"Puerto Rico Commonwealth","Maunabo Municipio",3,68,140,69,71
050,72,095,"Puerto Rico Commonwealth","Maunabo Municipio",3,69,123,58,65
050,72,095,"Puerto Rico Commonwealth","Maunabo Municipio",3,70,124,54,70
050,72,095,"Puerto Rico Commonwealth","Maunabo Municipio",3,71,132,58,74
050,72,095,"Puerto Rico Commonwealth","Maunabo Municipio",3,72,144,67,77
050,72,095,"Puerto Rico Commonwealth","Maunabo Municipio",3,73,146,74,72
050,72,095,"Puerto Rico Commonwealth","Maunabo Municipio",3,74,136,64,72
050,72,095,"Puerto Rico Commonwealth","Maunabo Municipio",3,75,124,58,66
050,72,095,"Puerto Rico Commonwealth","Maunabo Municipio",3,76,114,53,61
050,72,095,"Puerto Rico Commonwealth","Maunabo Municipio",3,77,112,47,65
050,72,095,"Puerto Rico Commonwealth","Maunabo Municipio",3,78,94,44,50
050,72,095,"Puerto Rico Commonwealth","Maunabo Municipio",3,79,93,41,52
050,72,095,"Puerto Rico Commonwealth","Maunabo Municipio",3,80,83,40,43
050,72,095,"Puerto Rico Commonwealth","Maunabo Municipio",3,81,80,41,39
050,72,095,"Puerto Rico Commonwealth","Maunabo Municipio",3,82,70,34,36
050,72,095,"Puerto Rico Commonwealth","Maunabo Municipio",3,83,63,32,31
050,72,095,"Puerto Rico Commonwealth","Maunabo Municipio",3,84,60,33,27
050,72,095,"Puerto Rico Commonwealth","Maunabo Municipio",3,85,374,162,212
050,72,095,"Puerto Rico Commonwealth","Maunabo Municipio",4,0,56,23,33
050,72,095,"Puerto Rico Commonwealth","Maunabo Municipio",4,1,63,39,24
050,72,095,"Puerto Rico Commonwealth","Maunabo Municipio",4,2,52,26,26
050,72,095,"Puerto Rico Commonwealth","Maunabo Municipio",4,3,59,31,28
050,72,095,"Puerto Rico Commonwealth","Maunabo Municipio",4,4,57,30,27
050,72,095,"Puerto Rico Commonwealth","Maunabo Municipio",4,5,61,31,30
050,72,095,"Puerto Rico Commonwealth","Maunabo Municipio",4,6,74,39,35
050,72,095,"Puerto Rico Commonwealth","Maunabo Municipio",4,7,89,47,42
050,72,095,"Puerto Rico Commonwealth","Maunabo Municipio",4,8,104,57,47
050,72,095,"Puerto Rico Commonwealth","Maunabo Municipio",4,9,105,54,51
050,72,095,"Puerto Rico Commonwealth","Maunabo Municipio",4,10,109,53,56
050,72,095,"Puerto Rico Commonwealth","Maunabo Municipio",4,11,109,58,51
050,72,095,"Puerto Rico Commonwealth","Maunabo Municipio",4,12,128,67,61
050,72,095,"Puerto Rico Commonwealth","Maunabo Municipio",4,13,120,61,59
050,72,095,"Puerto Rico Commonwealth","Maunabo Municipio",4,14,107,56,51
050,72,095,"Puerto Rico Commonwealth","Maunabo Municipio",4,15,100,55,45
050,72,095,"Puerto Rico Commonwealth","Maunabo Municipio",4,16,106,53,53
050,72,095,"Puerto Rico Commonwealth","Maunabo Municipio",4,17,113,54,59
050,72,095,"Puerto Rico Commonwealth","Maunabo Municipio",4,18,112,61,51
050,72,095,"Puerto Rico Commonwealth","Maunabo Municipio",4,19,117,57,60
050,72,095,"Puerto Rico Commonwealth","Maunabo Municipio",4,20,111,53,58
050,72,095,"Puerto Rico Commonwealth","Maunabo Municipio",4,21,107,55,52
050,72,095,"Puerto Rico Commonwealth","Maunabo Municipio",4,22,107,55,52
050,72,095,"Puerto Rico Commonwealth","Maunabo Municipio",4,23,103,51,52
050,72,095,"Puerto Rico Commonwealth","Maunabo Municipio",4,24,96,40,56
050,72,095,"Puerto Rico Commonwealth","Maunabo Municipio",4,25,110,50,60
050,72,095,"Puerto Rico Commonwealth","Maunabo Municipio",4,26,125,62,63
050,72,095,"Puerto Rico Commonwealth","Maunabo Municipio",4,27,132,68,64
050,72,095,"Puerto Rico Commonwealth","Maunabo Municipio",4,28,129,66,63
050,72,095,"Puerto Rico Commonwealth","Maunabo Municipio",4,29,125,63,62
050,72,095,"Puerto Rico Commonwealth","Maunabo Municipio",4,30,126,64,62
050,72,095,"Puerto Rico Commonwealth","Maunabo Municipio",4,31,115,58,57
050,72,095,"Puerto Rico Commonwealth","Maunabo Municipio",4,32,125,62,63
050,72,095,"Puerto Rico Commonwealth","Maunabo Municipio",4,33,122,58,64
050,72,095,"Puerto Rico Commonwealth","Maunabo Municipio",4,34,110,48,62
050,72,095,"Puerto Rico Commonwealth","Maunabo Municipio",4,35,104,49,55
050,72,095,"Puerto Rico Commonwealth","Maunabo Municipio",4,36,108,55,53
050,72,095,"Puerto Rico Commonwealth","Maunabo Municipio",4,37,110,56,54
050,72,095,"Puerto Rico Commonwealth","Maunabo Municipio",4,38,98,48,50
050,72,095,"Puerto Rico Commonwealth","Maunabo Municipio",4,39,100,50,50
050,72,095,"Puerto Rico Commonwealth","Maunabo Municipio",4,40,104,48,56
050,72,095,"Puerto Rico Commonwealth","Maunabo Municipio",4,41,104,50,54
050,72,095,"Puerto Rico Commonwealth","Maunabo Municipio",4,42,113,56,57
050,72,095,"Puerto Rico Commonwealth","Maunabo Municipio",4,43,119,62,57
050,72,095,"Puerto Rico Commonwealth","Maunabo Municipio",4,44,119,64,55
050,72,095,"Puerto Rico Commonwealth","Maunabo Municipio",4,45,108,60,48
050,72,095,"Puerto Rico Commonwealth","Maunabo Municipio",4,46,131,77,54
050,72,095,"Puerto Rico Commonwealth","Maunabo Municipio",4,47,139,79,60
050,72,095,"Puerto Rico Commonwealth","Maunabo Municipio",4,48,133,72,61
050,72,095,"Puerto Rico Commonwealth","Maunabo Municipio",4,49,142,72,70
050,72,095,"Puerto Rico Commonwealth","Maunabo Municipio",4,50,152,73,79
050,72,095,"Puerto Rico Commonwealth","Maunabo Municipio",4,51,142,71,71
050,72,095,"Puerto Rico Commonwealth","Maunabo Municipio",4,52,142,65,77
050,72,095,"Puerto Rico Commonwealth","Maunabo Municipio",4,53,131,56,75
050,72,095,"Puerto Rico Commonwealth","Maunabo Municipio",4,54,130,62,68
050,72,095,"Puerto Rico Commonwealth","Maunabo Municipio",4,55,146,70,76
050,72,095,"Puerto Rico Commonwealth","Maunabo Municipio",4,56,163,81,82
050,72,095,"Puerto Rico Commonwealth","Maunabo Municipio",4,57,166,91,75
050,72,095,"Puerto Rico Commonwealth","Maunabo Municipio",4,58,169,96,73
050,72,095,"Puerto Rico Commonwealth","Maunabo Municipio",4,59,164,85,79
050,72,095,"Puerto Rico Commonwealth","Maunabo Municipio",4,60,162,78,84
050,72,095,"Puerto Rico Commonwealth","Maunabo Municipio",4,61,156,78,78
050,72,095,"Puerto Rico Commonwealth","Maunabo Municipio",4,62,162,78,84
050,72,095,"Puerto Rico Commonwealth","Maunabo Municipio",4,63,154,71,83
050,72,095,"Puerto Rico Commonwealth","Maunabo Municipio",4,64,145,69,76
050,72,095,"Puerto Rico Commonwealth","Maunabo Municipio",4,65,151,68,83
050,72,095,"Puerto Rico Commonwealth","Maunabo Municipio",4,66,164,75,89
050,72,095,"Puerto Rico Commonwealth","Maunabo Municipio",4,67,163,78,85
050,72,095,"Puerto Rico Commonwealth","Maunabo Municipio",4,68,159,80,79
050,72,095,"Puerto Rico Commonwealth","Maunabo Municipio",4,69,139,69,70
050,72,095,"Puerto Rico Commonwealth","Maunabo Municipio",4,70,119,55,64
050,72,095,"Puerto Rico Commonwealth","Maunabo Municipio",4,71,120,54,66
050,72,095,"Puerto Rico Commonwealth","Maunabo Municipio",4,72,128,56,72
050,72,095,"Puerto Rico Commonwealth","Maunabo Municipio",4,73,137,65,72
050,72,095,"Puerto Rico Commonwealth","Maunabo Municipio",4,74,140,71,69
050,72,095,"Puerto Rico Commonwealth","Maunabo Municipio",4,75,132,62,70
050,72,095,"Puerto Rico Commonwealth","Maunabo Municipio",4,76,119,55,64
050,72,095,"Puerto Rico Commonwealth","Maunabo Municipio",4,77,113,52,61
050,72,095,"Puerto Rico Commonwealth","Maunabo Municipio",4,78,110,45,65
050,72,095,"Puerto Rico Commonwealth","Maunabo Municipio",4,79,87,40,47
050,72,095,"Puerto Rico Commonwealth","Maunabo Municipio",4,80,91,41,50
050,72,095,"Puerto Rico Commonwealth","Maunabo Municipio",4,81,78,36,42
050,72,095,"Puerto Rico Commonwealth","Maunabo Municipio",4,82,78,41,37
050,72,095,"Puerto Rico Commonwealth","Maunabo Municipio",4,83,64,30,34
050,72,095,"Puerto Rico Commonwealth","Maunabo Municipio",4,84,61,32,29
050,72,095,"Puerto Rico Commonwealth","Maunabo Municipio",4,85,406,188,218
050,72,095,"Puerto Rico Commonwealth","Maunabo Municipio",5,0,56,30,26
050,72,095,"Puerto Rico Commonwealth","Maunabo Municipio",5,1,56,23,33
050,72,095,"Puerto Rico Commonwealth","Maunabo Municipio",5,2,63,39,24
050,72,095,"Puerto Rico Commonwealth","Maunabo Municipio",5,3,52,26,26
050,72,095,"Puerto Rico Commonwealth","Maunabo Municipio",5,4,59,31,28
050,72,095,"Puerto Rico Commonwealth","Maunabo Municipio",5,5,57,30,27
050,72,095,"Puerto Rico Commonwealth","Maunabo Municipio",5,6,61,31,30
050,72,095,"Puerto Rico Commonwealth","Maunabo Municipio",5,7,74,39,35
050,72,095,"Puerto Rico Commonwealth","Maunabo Municipio",5,8,89,47,42
050,72,095,"Puerto Rico Commonwealth","Maunabo Municipio",5,9,104,57,47
050,72,095,"Puerto Rico Commonwealth","Maunabo Municipio",5,10,105,54,51
050,72,095,"Puerto Rico Commonwealth","Maunabo Municipio",5,11,109,53,56
050,72,095,"Puerto Rico Commonwealth","Maunabo Municipio",5,12,107,57,50
050,72,095,"Puerto Rico Commonwealth","Maunabo Municipio",5,13,128,67,61
050,72,095,"Puerto Rico Commonwealth","Maunabo Municipio",5,14,120,61,59
050,72,095,"Puerto Rico Commonwealth","Maunabo Municipio",5,15,106,55,51
050,72,095,"Puerto Rico Commonwealth","Maunabo Municipio",5,16,98,54,44
050,72,095,"Puerto Rico Commonwealth","Maunabo Municipio",5,17,104,52,52
050,72,095,"Puerto Rico Commonwealth","Maunabo Municipio",5,18,110,52,58
050,72,095,"Puerto Rico Commonwealth","Maunabo Municipio",5,19,108,59,49
050,72,095,"Puerto Rico Commonwealth","Maunabo Municipio",5,20,115,56,59
050,72,095,"Puerto Rico Commonwealth","Maunabo Municipio",5,21,109,52,57
050,72,095,"Puerto Rico Commonwealth","Maunabo Municipio",5,22,105,54,51
050,72,095,"Puerto Rico Commonwealth","Maunabo Municipio",5,23,106,54,52
050,72,095,"Puerto Rico Commonwealth","Maunabo Municipio",5,24,102,51,51
050,72,095,"Puerto Rico Commonwealth","Maunabo Municipio",5,25,94,39,55
050,72,095,"Puerto Rico Commonwealth","Maunabo Municipio",5,26,108,49,59
050,72,095,"Puerto Rico Commonwealth","Maunabo Municipio",5,27,122,60,62
050,72,095,"Puerto Rico Commonwealth","Maunabo Municipio",5,28,130,67,63
050,72,095,"Puerto Rico Commonwealth","Maunabo Municipio",5,29,128,66,62
050,72,095,"Puerto Rico Commonwealth","Maunabo Municipio",5,30,123,62,61
050,72,095,"Puerto Rico Commonwealth","Maunabo Municipio",5,31,127,65,62
050,72,095,"Puerto Rico Commonwealth","Maunabo Municipio",5,32,114,58,56
050,72,095,"Puerto Rico Commonwealth","Maunabo Municipio",5,33,123,62,61
050,72,095,"Puerto Rico Commonwealth","Maunabo Municipio",5,34,120,56,64
050,72,095,"Puerto Rico Commonwealth","Maunabo Municipio",5,35,110,48,62
050,72,095,"Puerto Rico Commonwealth","Maunabo Municipio",5,36,103,48,55
050,72,095,"Puerto Rico Commonwealth","Maunabo Municipio",5,37,106,53,53
050,72,095,"Puerto Rico Commonwealth","Maunabo Municipio",5,38,110,56,54
050,72,095,"Puerto Rico Commonwealth","Maunabo Municipio",5,39,99,49,50
050,72,095,"Puerto Rico Commonwealth","Maunabo Municipio",5,40,100,50,50
050,72,095,"Puerto Rico Commonwealth","Maunabo Municipio",5,41,102,46,56
050,72,095,"Puerto Rico Commonwealth","Maunabo Municipio",5,42,105,51,54
050,72,095,"Puerto Rico Commonwealth","Maunabo Municipio",5,43,112,55,57
050,72,095,"Puerto Rico Commonwealth","Maunabo Municipio",5,44,120,63,57
050,72,095,"Puerto Rico Commonwealth","Maunabo Municipio",5,45,118,63,55
050,72,095,"Puerto Rico Commonwealth","Maunabo Municipio",5,46,108,60,48
050,72,095,"Puerto Rico Commonwealth","Maunabo Municipio",5,47,131,77,54
050,72,095,"Puerto Rico Commonwealth","Maunabo Municipio",5,48,137,79,58
050,72,095,"Puerto Rico Commonwealth","Maunabo Municipio",5,49,134,73,61
050,72,095,"Puerto Rico Commonwealth","Maunabo Municipio",5,50,141,71,70
050,72,095,"Puerto Rico Commonwealth","Maunabo Municipio",5,51,152,73,79
050,72,095,"Puerto Rico Commonwealth","Maunabo Municipio",5,52,145,73,72
050,72,095,"Puerto Rico Commonwealth","Maunabo Municipio",5,53,143,65,78
050,72,095,"Puerto Rico Commonwealth","Maunabo Municipio",5,54,133,57,76
050,72,095,"Puerto Rico Commonwealth","Maunabo Municipio",5,55,132,63,69
050,72,095,"Puerto Rico Commonwealth","Maunabo Municipio",5,56,146,70,76
050,72,095,"Puerto Rico Commonwealth","Maunabo Municipio",5,57,163,80,83
050,72,095,"Puerto Rico Commonwealth","Maunabo Municipio",5,58,167,91,76
050,72,095,"Puerto Rico Commonwealth","Maunabo Municipio",5,59,169,95,74
050,72,095,"Puerto Rico Commonwealth","Maunabo Municipio",5,60,166,86,80
050,72,095,"Puerto Rico Commonwealth","Maunabo Municipio",5,61,161,76,85
050,72,095,"Puerto Rico Commonwealth","Maunabo Municipio",5,62,157,78,79
050,72,095,"Puerto Rico Commonwealth","Maunabo Municipio",5,63,159,76,83
050,72,095,"Puerto Rico Commonwealth","Maunabo Municipio",5,64,153,70,83
050,72,095,"Puerto Rico Commonwealth","Maunabo Municipio",5,65,144,69,75
050,72,095,"Puerto Rico Commonwealth","Maunabo Municipio",5,66,148,67,81
050,72,095,"Puerto Rico Commonwealth","Maunabo Municipio",5,67,161,73,88
050,72,095,"Puerto Rico Commonwealth","Maunabo Municipio",5,68,155,74,81
050,72,095,"Puerto Rico Commonwealth","Maunabo Municipio",5,69,152,74,78
050,72,095,"Puerto Rico Commonwealth","Maunabo Municipio",5,70,133,63,70
050,72,095,"Puerto Rico Commonwealth","Maunabo Municipio",5,71,118,54,64
050,72,095,"Puerto Rico Commonwealth","Maunabo Municipio",5,72,118,54,64
050,72,095,"Puerto Rico Commonwealth","Maunabo Municipio",5,73,122,53,69
050,72,095,"Puerto Rico Commonwealth","Maunabo Municipio",5,74,129,61,68
050,72,095,"Puerto Rico Commonwealth","Maunabo Municipio",5,75,139,70,69
050,72,095,"Puerto Rico Commonwealth","Maunabo Municipio",5,76,129,60,69
050,72,095,"Puerto Rico Commonwealth","Maunabo Municipio",5,77,116,53,63
050,72,095,"Puerto Rico Commonwealth","Maunabo Municipio",5,78,105,46,59
050,72,095,"Puerto Rico Commonwealth","Maunabo Municipio",5,79,104,40,64
050,72,095,"Puerto Rico Commonwealth","Maunabo Municipio",5,80,80,40,40
050,72,095,"Puerto Rico Commonwealth","Maunabo Municipio",5,81,86,39,47
050,72,095,"Puerto Rico Commonwealth","Maunabo Municipio",5,82,74,34,40
050,72,095,"Puerto Rico Commonwealth","Maunabo Municipio",5,83,76,39,37
050,72,095,"Puerto Rico Commonwealth","Maunabo Municipio",5,84,60,27,33
050,72,095,"Puerto Rico Commonwealth","Maunabo Municipio",5,85,443,212,231
050,72,097,"Puerto Rico Commonwealth","Mayagüez Municipio",1,0,418,226,192
050,72,097,"Puerto Rico Commonwealth","Mayagüez Municipio",1,1,465,235,230
050,72,097,"Puerto Rico Commonwealth","Mayagüez Municipio",1,2,462,233,229
050,72,097,"Puerto Rico Commonwealth","Mayagüez Municipio",1,3,489,267,222
050,72,097,"Puerto Rico Commonwealth","Mayagüez Municipio",1,4,518,264,254
050,72,097,"Puerto Rico Commonwealth","Mayagüez Municipio",1,5,549,277,272
050,72,097,"Puerto Rico Commonwealth","Mayagüez Municipio",1,6,532,272,260
050,72,097,"Puerto Rico Commonwealth","Mayagüez Municipio",1,7,612,310,302
050,72,097,"Puerto Rico Commonwealth","Mayagüez Municipio",1,8,621,314,307
050,72,097,"Puerto Rico Commonwealth","Mayagüez Municipio",1,9,608,307,301
050,72,097,"Puerto Rico Commonwealth","Mayagüez Municipio",1,10,654,348,306
050,72,097,"Puerto Rico Commonwealth","Mayagüez Municipio",1,11,796,402,394
050,72,097,"Puerto Rico Commonwealth","Mayagüez Municipio",1,12,806,408,398
050,72,097,"Puerto Rico Commonwealth","Mayagüez Municipio",1,13,788,397,391
050,72,097,"Puerto Rico Commonwealth","Mayagüez Municipio",1,14,821,433,388
050,72,097,"Puerto Rico Commonwealth","Mayagüez Municipio",1,15,849,472,377
050,72,097,"Puerto Rico Commonwealth","Mayagüez Municipio",1,16,857,434,423
050,72,097,"Puerto Rico Commonwealth","Mayagüez Municipio",1,17,918,460,458
050,72,097,"Puerto Rico Commonwealth","Mayagüez Municipio",1,18,1407,693,714
050,72,097,"Puerto Rico Commonwealth","Mayagüez Municipio",1,19,1813,963,850
050,72,097,"Puerto Rico Commonwealth","Mayagüez Municipio",1,20,1899,976,923
050,72,097,"Puerto Rico Commonwealth","Mayagüez Municipio",1,21,1884,996,888
050,72,097,"Puerto Rico Commonwealth","Mayagüez Municipio",1,22,1715,937,778
050,72,097,"Puerto Rico Commonwealth","Mayagüez Municipio",1,23,1490,813,677
050,72,097,"Puerto Rico Commonwealth","Mayagüez Municipio",1,24,1238,686,552
050,72,097,"Puerto Rico Commonwealth","Mayagüez Municipio",1,25,1035,576,459
050,72,097,"Puerto Rico Commonwealth","Mayagüez Municipio",1,26,895,479,416
050,72,097,"Puerto Rico Commonwealth","Mayagüez Municipio",1,27,852,448,404
050,72,097,"Puerto Rico Commonwealth","Mayagüez Municipio",1,28,800,423,377
050,72,097,"Puerto Rico Commonwealth","Mayagüez Municipio",1,29,785,421,364
050,72,097,"Puerto Rico Commonwealth","Mayagüez Municipio",1,30,835,460,375
050,72,097,"Puerto Rico Commonwealth","Mayagüez Municipio",1,31,807,416,391
050,72,097,"Puerto Rico Commonwealth","Mayagüez Municipio",1,32,795,386,409
050,72,097,"Puerto Rico Commonwealth","Mayagüez Municipio",1,33,736,381,355
050,72,097,"Puerto Rico Commonwealth","Mayagüez Municipio",1,34,707,360,347
050,72,097,"Puerto Rico Commonwealth","Mayagüez Municipio",1,35,706,359,347
050,72,097,"Puerto Rico Commonwealth","Mayagüez Municipio",1,36,697,355,342
050,72,097,"Puerto Rico Commonwealth","Mayagüez Municipio",1,37,691,347,344
050,72,097,"Puerto Rico Commonwealth","Mayagüez Municipio",1,38,685,337,348
050,72,097,"Puerto Rico Commonwealth","Mayagüez Municipio",1,39,680,334,346
050,72,097,"Puerto Rico Commonwealth","Mayagüez Municipio",1,40,680,329,351
050,72,097,"Puerto Rico Commonwealth","Mayagüez Municipio",1,41,672,326,346
050,72,097,"Puerto Rico Commonwealth","Mayagüez Municipio",1,42,676,326,350
050,72,097,"Puerto Rico Commonwealth","Mayagüez Municipio",1,43,676,321,355
050,72,097,"Puerto Rico Commonwealth","Mayagüez Municipio",1,44,697,333,364
050,72,097,"Puerto Rico Commonwealth","Mayagüez Municipio",1,45,722,344,378
050,72,097,"Puerto Rico Commonwealth","Mayagüez Municipio",1,46,694,322,372
050,72,097,"Puerto Rico Commonwealth","Mayagüez Municipio",1,47,690,339,351
050,72,097,"Puerto Rico Commonwealth","Mayagüez Municipio",1,48,730,355,375
050,72,097,"Puerto Rico Commonwealth","Mayagüez Municipio",1,49,745,346,399
050,72,097,"Puerto Rico Commonwealth","Mayagüez Municipio",1,50,738,346,392
050,72,097,"Puerto Rico Commonwealth","Mayagüez Municipio",1,51,738,346,392
050,72,097,"Puerto Rico Commonwealth","Mayagüez Municipio",1,52,731,339,392
050,72,097,"Puerto Rico Commonwealth","Mayagüez Municipio",1,53,814,375,439
050,72,097,"Puerto Rico Commonwealth","Mayagüez Municipio",1,54,825,385,440
050,72,097,"Puerto Rico Commonwealth","Mayagüez Municipio",1,55,834,381,453
050,72,097,"Puerto Rico Commonwealth","Mayagüez Municipio",1,56,847,380,467
050,72,097,"Puerto Rico Commonwealth","Mayagüez Municipio",1,57,847,384,463
050,72,097,"Puerto Rico Commonwealth","Mayagüez Municipio",1,58,840,391,449
050,72,097,"Puerto Rico Commonwealth","Mayagüez Municipio",1,59,903,412,491
050,72,097,"Puerto Rico Commonwealth","Mayagüez Municipio",1,60,864,403,461
050,72,097,"Puerto Rico Commonwealth","Mayagüez Municipio",1,61,884,420,464
050,72,097,"Puerto Rico Commonwealth","Mayagüez Municipio",1,62,946,454,492
050,72,097,"Puerto Rico Commonwealth","Mayagüez Municipio",1,63,940,438,502
050,72,097,"Puerto Rico Commonwealth","Mayagüez Municipio",1,64,933,419,514
050,72,097,"Puerto Rico Commonwealth","Mayagüez Municipio",1,65,922,413,509
050,72,097,"Puerto Rico Commonwealth","Mayagüez Municipio",1,66,883,398,485
050,72,097,"Puerto Rico Commonwealth","Mayagüez Municipio",1,67,833,368,465
050,72,097,"Puerto Rico Commonwealth","Mayagüez Municipio",1,68,865,367,498
050,72,097,"Puerto Rico Commonwealth","Mayagüez Municipio",1,69,901,392,509
050,72,097,"Puerto Rico Commonwealth","Mayagüez Municipio",1,70,914,411,503
050,72,097,"Puerto Rico Commonwealth","Mayagüez Municipio",1,71,917,404,513
050,72,097,"Puerto Rico Commonwealth","Mayagüez Municipio",1,72,920,401,519
050,72,097,"Puerto Rico Commonwealth","Mayagüez Municipio",1,73,885,358,527
050,72,097,"Puerto Rico Commonwealth","Mayagüez Municipio",1,74,870,358,512
050,72,097,"Puerto Rico Commonwealth","Mayagüez Municipio",1,75,860,364,496
050,72,097,"Puerto Rico Commonwealth","Mayagüez Municipio",1,76,764,325,439
050,72,097,"Puerto Rico Commonwealth","Mayagüez Municipio",1,77,789,327,462
050,72,097,"Puerto Rico Commonwealth","Mayagüez Municipio",1,78,723,290,433
050,72,097,"Puerto Rico Commonwealth","Mayagüez Municipio",1,79,654,270,384
050,72,097,"Puerto Rico Commonwealth","Mayagüez Municipio",1,80,652,262,390
050,72,097,"Puerto Rico Commonwealth","Mayagüez Municipio",1,81,558,233,325
050,72,097,"Puerto Rico Commonwealth","Mayagüez Municipio",1,82,512,200,312
050,72,097,"Puerto Rico Commonwealth","Mayagüez Municipio",1,83,465,179,286
050,72,097,"Puerto Rico Commonwealth","Mayagüez Municipio",1,84,472,187,285
050,72,097,"Puerto Rico Commonwealth","Mayagüez Municipio",1,85,3137,1034,2103
050,72,097,"Puerto Rico Commonwealth","Mayagüez Municipio",2,0,401,219,182
050,72,097,"Puerto Rico Commonwealth","Mayagüez Municipio",2,1,451,231,220
050,72,097,"Puerto Rico Commonwealth","Mayagüez Municipio",2,2,461,233,228
050,72,097,"Puerto Rico Commonwealth","Mayagüez Municipio",2,3,480,257,223
050,72,097,"Puerto Rico Commonwealth","Mayagüez Municipio",2,4,509,264,245
050,72,097,"Puerto Rico Commonwealth","Mayagüez Municipio",2,5,540,274,266
050,72,097,"Puerto Rico Commonwealth","Mayagüez Municipio",2,6,536,273,263
050,72,097,"Puerto Rico Commonwealth","Mayagüez Municipio",2,7,593,301,292
050,72,097,"Puerto Rico Commonwealth","Mayagüez Municipio",2,8,619,314,305
050,72,097,"Puerto Rico Commonwealth","Mayagüez Municipio",2,9,613,309,304
050,72,097,"Puerto Rico Commonwealth","Mayagüez Municipio",2,10,646,340,306
050,72,097,"Puerto Rico Commonwealth","Mayagüez Municipio",2,11,759,388,371
050,72,097,"Puerto Rico Commonwealth","Mayagüez Municipio",2,12,801,405,396
050,72,097,"Puerto Rico Commonwealth","Mayagüez Municipio",2,13,790,399,391
050,72,097,"Puerto Rico Commonwealth","Mayagüez Municipio",2,14,811,423,388
050,72,097,"Puerto Rico Commonwealth","Mayagüez Municipio",2,15,840,461,379
050,72,097,"Puerto Rico Commonwealth","Mayagüez Municipio",2,16,854,443,411
050,72,097,"Puerto Rico Commonwealth","Mayagüez Municipio",2,17,900,452,448
050,72,097,"Puerto Rico Commonwealth","Mayagüez Municipio",2,18,1282,634,648
050,72,097,"Puerto Rico Commonwealth","Mayagüez Municipio",2,19,1709,895,814
050,72,097,"Puerto Rico Commonwealth","Mayagüez Municipio",2,20,1875,972,903
050,72,097,"Puerto Rico Commonwealth","Mayagüez Municipio",2,21,1885,990,895
050,72,097,"Puerto Rico Commonwealth","Mayagüez Municipio",2,22,1753,950,803
050,72,097,"Puerto Rico Commonwealth","Mayagüez Municipio",2,23,1543,843,700
050,72,097,"Puerto Rico Commonwealth","Mayagüez Municipio",2,24,1299,717,582
050,72,097,"Puerto Rico Commonwealth","Mayagüez Municipio",2,25,1085,603,482
050,72,097,"Puerto Rico Commonwealth","Mayagüez Municipio",2,26,929,504,425
050,72,097,"Puerto Rico Commonwealth","Mayagüez Municipio",2,27,861,455,406
050,72,097,"Puerto Rico Commonwealth","Mayagüez Municipio",2,28,813,430,383
050,72,097,"Puerto Rico Commonwealth","Mayagüez Municipio",2,29,787,421,366
050,72,097,"Puerto Rico Commonwealth","Mayagüez Municipio",2,30,821,450,371
050,72,097,"Puerto Rico Commonwealth","Mayagüez Municipio",2,31,814,427,387
050,72,097,"Puerto Rico Commonwealth","Mayagüez Municipio",2,32,797,394,403
050,72,097,"Puerto Rico Commonwealth","Mayagüez Municipio",2,33,750,382,368
050,72,097,"Puerto Rico Commonwealth","Mayagüez Municipio",2,34,712,365,347
050,72,097,"Puerto Rico Commonwealth","Mayagüez Municipio",2,35,704,358,346
050,72,097,"Puerto Rico Commonwealth","Mayagüez Municipio",2,36,695,353,342
050,72,097,"Puerto Rico Commonwealth","Mayagüez Municipio",2,37,687,346,341
050,72,097,"Puerto Rico Commonwealth","Mayagüez Municipio",2,38,685,339,346
050,72,097,"Puerto Rico Commonwealth","Mayagüez Municipio",2,39,680,334,346
050,72,097,"Puerto Rico Commonwealth","Mayagüez Municipio",2,40,677,328,349
050,72,097,"Puerto Rico Commonwealth","Mayagüez Municipio",2,41,672,326,346
050,72,097,"Puerto Rico Commonwealth","Mayagüez Municipio",2,42,673,325,348
050,72,097,"Puerto Rico Commonwealth","Mayagüez Municipio",2,43,672,320,352
050,72,097,"Puerto Rico Commonwealth","Mayagüez Municipio",2,44,689,328,361
050,72,097,"Puerto Rico Commonwealth","Mayagüez Municipio",2,45,714,340,374
050,72,097,"Puerto Rico Commonwealth","Mayagüez Municipio",2,46,698,326,372
050,72,097,"Puerto Rico Commonwealth","Mayagüez Municipio",2,47,687,332,355
050,72,097,"Puerto Rico Commonwealth","Mayagüez Municipio",2,48,719,350,369
050,72,097,"Puerto Rico Commonwealth","Mayagüez Municipio",2,49,740,348,392
050,72,097,"Puerto Rico Commonwealth","Mayagüez Municipio",2,50,734,343,391
050,72,097,"Puerto Rico Commonwealth","Mayagüez Municipio",2,51,736,345,391
050,72,097,"Puerto Rico Commonwealth","Mayagüez Municipio",2,52,730,339,391
050,72,097,"Puerto Rico Commonwealth","Mayagüez Municipio",2,53,790,363,427
050,72,097,"Puerto Rico Commonwealth","Mayagüez Municipio",2,54,818,380,438
050,72,097,"Puerto Rico Commonwealth","Mayagüez Municipio",2,55,829,380,449
050,72,097,"Puerto Rico Commonwealth","Mayagüez Municipio",2,56,839,378,461
050,72,097,"Puerto Rico Commonwealth","Mayagüez Municipio",2,57,843,382,461
050,72,097,"Puerto Rico Commonwealth","Mayagüez Municipio",2,58,837,387,450
050,72,097,"Puerto Rico Commonwealth","Mayagüez Municipio",2,59,883,404,479
050,72,097,"Puerto Rico Commonwealth","Mayagüez Municipio",2,60,868,401,467
050,72,097,"Puerto Rico Commonwealth","Mayagüez Municipio",2,61,875,413,462
050,72,097,"Puerto Rico Commonwealth","Mayagüez Municipio",2,62,927,444,483
050,72,097,"Puerto Rico Commonwealth","Mayagüez Municipio",2,63,937,440,497
050,72,097,"Puerto Rico Commonwealth","Mayagüez Municipio",2,64,931,422,509
050,72,097,"Puerto Rico Commonwealth","Mayagüez Municipio",2,65,919,411,508
050,72,097,"Puerto Rico Commonwealth","Mayagüez Municipio",2,66,890,400,490
050,72,097,"Puerto Rico Commonwealth","Mayagüez Municipio",2,67,842,373,469
050,72,097,"Puerto Rico Commonwealth","Mayagüez Municipio",2,68,854,366,488
050,72,097,"Puerto Rico Commonwealth","Mayagüez Municipio",2,69,889,384,505
050,72,097,"Puerto Rico Commonwealth","Mayagüez Municipio",2,70,906,404,502
050,72,097,"Puerto Rico Commonwealth","Mayagüez Municipio",2,71,908,400,508
050,72,097,"Puerto Rico Commonwealth","Mayagüez Municipio",2,72,914,398,516
050,72,097,"Puerto Rico Commonwealth","Mayagüez Municipio",2,73,889,367,522
050,72,097,"Puerto Rico Commonwealth","Mayagüez Municipio",2,74,869,355,514
050,72,097,"Puerto Rico Commonwealth","Mayagüez Municipio",2,75,861,361,500
050,72,097,"Puerto Rico Commonwealth","Mayagüez Municipio",2,76,783,331,452
050,72,097,"Puerto Rico Commonwealth","Mayagüez Municipio",2,77,767,319,448
050,72,097,"Puerto Rico Commonwealth","Mayagüez Municipio",2,78,736,299,437
050,72,097,"Puerto Rico Commonwealth","Mayagüez Municipio",2,79,669,274,395
050,72,097,"Puerto Rico Commonwealth","Mayagüez Municipio",2,80,647,259,388
050,72,097,"Puerto Rico Commonwealth","Mayagüez Municipio",2,81,577,238,339
050,72,097,"Puerto Rico Commonwealth","Mayagüez Municipio",2,82,520,206,314
050,72,097,"Puerto Rico Commonwealth","Mayagüez Municipio",2,83,470,180,290
050,72,097,"Puerto Rico Commonwealth","Mayagüez Municipio",2,84,461,177,284
050,72,097,"Puerto Rico Commonwealth","Mayagüez Municipio",2,85,3184,1046,2138
050,72,097,"Puerto Rico Commonwealth","Mayagüez Municipio",3,0,373,193,180
050,72,097,"Puerto Rico Commonwealth","Mayagüez Municipio",3,1,398,218,180
050,72,097,"Puerto Rico Commonwealth","Mayagüez Municipio",3,2,446,227,219
050,72,097,"Puerto Rico Commonwealth","Mayagüez Municipio",3,3,459,235,224
050,72,097,"Puerto Rico Commonwealth","Mayagüez Municipio",3,4,471,250,221
050,72,097,"Puerto Rico Commonwealth","Mayagüez Municipio",3,5,506,263,243
050,72,097,"Puerto Rico Commonwealth","Mayagüez Municipio",3,6,540,274,266
050,72,097,"Puerto Rico Commonwealth","Mayagüez Municipio",3,7,537,274,263
050,72,097,"Puerto Rico Commonwealth","Mayagüez Municipio",3,8,600,306,294
050,72,097,"Puerto Rico Commonwealth","Mayagüez Municipio",3,9,626,317,309
050,72,097,"Puerto Rico Commonwealth","Mayagüez Municipio",3,10,634,319,315
050,72,097,"Puerto Rico Commonwealth","Mayagüez Municipio",3,11,748,384,364
050,72,097,"Puerto Rico Commonwealth","Mayagüez Municipio",3,12,790,401,389
050,72,097,"Puerto Rico Commonwealth","Mayagüez Municipio",3,13,781,396,385
050,72,097,"Puerto Rico Commonwealth","Mayagüez Municipio",3,14,802,420,382
050,72,097,"Puerto Rico Commonwealth","Mayagüez Municipio",3,15,830,456,374
050,72,097,"Puerto Rico Commonwealth","Mayagüez Municipio",3,16,842,438,404
050,72,097,"Puerto Rico Commonwealth","Mayagüez Municipio",3,17,889,449,440
050,72,097,"Puerto Rico Commonwealth","Mayagüez Municipio",3,18,1256,622,634
050,72,097,"Puerto Rico Commonwealth","Mayagüez Municipio",3,19,1679,886,793
050,72,097,"Puerto Rico Commonwealth","Mayagüez Municipio",3,20,1860,965,895
050,72,097,"Puerto Rico Commonwealth","Mayagüez Municipio",3,21,1867,984,883
050,72,097,"Puerto Rico Commonwealth","Mayagüez Municipio",3,22,1741,944,797
050,72,097,"Puerto Rico Commonwealth","Mayagüez Municipio",3,23,1538,841,697
050,72,097,"Puerto Rico Commonwealth","Mayagüez Municipio",3,24,1296,718,578
050,72,097,"Puerto Rico Commonwealth","Mayagüez Municipio",3,25,1079,601,478
050,72,097,"Puerto Rico Commonwealth","Mayagüez Municipio",3,26,921,500,421
050,72,097,"Puerto Rico Commonwealth","Mayagüez Municipio",3,27,855,453,402
050,72,097,"Puerto Rico Commonwealth","Mayagüez Municipio",3,28,807,428,379
050,72,097,"Puerto Rico Commonwealth","Mayagüez Municipio",3,29,773,411,362
050,72,097,"Puerto Rico Commonwealth","Mayagüez Municipio",3,30,817,450,367
050,72,097,"Puerto Rico Commonwealth","Mayagüez Municipio",3,31,809,427,382
050,72,097,"Puerto Rico Commonwealth","Mayagüez Municipio",3,32,787,389,398
050,72,097,"Puerto Rico Commonwealth","Mayagüez Municipio",3,33,744,380,364
050,72,097,"Puerto Rico Commonwealth","Mayagüez Municipio",3,34,703,360,343
050,72,097,"Puerto Rico Commonwealth","Mayagüez Municipio",3,35,702,359,343
050,72,097,"Puerto Rico Commonwealth","Mayagüez Municipio",3,36,688,350,338
050,72,097,"Puerto Rico Commonwealth","Mayagüez Municipio",3,37,686,346,340
050,72,097,"Puerto Rico Commonwealth","Mayagüez Municipio",3,38,668,331,337
050,72,097,"Puerto Rico Commonwealth","Mayagüez Municipio",3,39,672,332,340
050,72,097,"Puerto Rico Commonwealth","Mayagüez Municipio",3,40,664,319,345
050,72,097,"Puerto Rico Commonwealth","Mayagüez Municipio",3,41,661,319,342
050,72,097,"Puerto Rico Commonwealth","Mayagüez Municipio",3,42,667,324,343
050,72,097,"Puerto Rico Commonwealth","Mayagüez Municipio",3,43,658,312,346
050,72,097,"Puerto Rico Commonwealth","Mayagüez Municipio",3,44,676,327,349
050,72,097,"Puerto Rico Commonwealth","Mayagüez Municipio",3,45,680,320,360
050,72,097,"Puerto Rico Commonwealth","Mayagüez Municipio",3,46,693,329,364
050,72,097,"Puerto Rico Commonwealth","Mayagüez Municipio",3,47,694,323,371
050,72,097,"Puerto Rico Commonwealth","Mayagüez Municipio",3,48,691,339,352
050,72,097,"Puerto Rico Commonwealth","Mayagüez Municipio",3,49,703,331,372
050,72,097,"Puerto Rico Commonwealth","Mayagüez Municipio",3,50,729,344,385
050,72,097,"Puerto Rico Commonwealth","Mayagüez Municipio",3,51,722,335,387
050,72,097,"Puerto Rico Commonwealth","Mayagüez Municipio",3,52,720,335,385
050,72,097,"Puerto Rico Commonwealth","Mayagüez Municipio",3,53,726,335,391
050,72,097,"Puerto Rico Commonwealth","Mayagüez Municipio",3,54,783,361,422
050,72,097,"Puerto Rico Commonwealth","Mayagüez Municipio",3,55,810,375,435
050,72,097,"Puerto Rico Commonwealth","Mayagüez Municipio",3,56,805,367,438
050,72,097,"Puerto Rico Commonwealth","Mayagüez Municipio",3,57,822,367,455
050,72,097,"Puerto Rico Commonwealth","Mayagüez Municipio",3,58,833,378,455
050,72,097,"Puerto Rico Commonwealth","Mayagüez Municipio",3,59,828,386,442
050,72,097,"Puerto Rico Commonwealth","Mayagüez Municipio",3,60,855,386,469
050,72,097,"Puerto Rico Commonwealth","Mayagüez Municipio",3,61,862,400,462
050,72,097,"Puerto Rico Commonwealth","Mayagüez Municipio",3,62,860,404,456
050,72,097,"Puerto Rico Commonwealth","Mayagüez Municipio",3,63,912,434,478
050,72,097,"Puerto Rico Commonwealth","Mayagüez Municipio",3,64,933,442,491
050,72,097,"Puerto Rico Commonwealth","Mayagüez Municipio",3,65,907,398,509
050,72,097,"Puerto Rico Commonwealth","Mayagüez Municipio",3,66,896,400,496
050,72,097,"Puerto Rico Commonwealth","Mayagüez Municipio",3,67,881,393,488
050,72,097,"Puerto Rico Commonwealth","Mayagüez Municipio",3,68,828,369,459
050,72,097,"Puerto Rico Commonwealth","Mayagüez Municipio",3,69,840,358,482
050,72,097,"Puerto Rico Commonwealth","Mayagüez Municipio",3,70,877,379,498
050,72,097,"Puerto Rico Commonwealth","Mayagüez Municipio",3,71,887,394,493
050,72,097,"Puerto Rico Commonwealth","Mayagüez Municipio",3,72,878,382,496
050,72,097,"Puerto Rico Commonwealth","Mayagüez Municipio",3,73,894,386,508
050,72,097,"Puerto Rico Commonwealth","Mayagüez Municipio",3,74,859,348,511
050,72,097,"Puerto Rico Commonwealth","Mayagüez Municipio",3,75,855,351,504
050,72,097,"Puerto Rico Commonwealth","Mayagüez Municipio",3,76,828,337,491
050,72,097,"Puerto Rico Commonwealth","Mayagüez Municipio",3,77,776,325,451
050,72,097,"Puerto Rico Commonwealth","Mayagüez Municipio",3,78,745,300,445
050,72,097,"Puerto Rico Commonwealth","Mayagüez Municipio",3,79,694,286,408
050,72,097,"Puerto Rico Commonwealth","Mayagüez Municipio",3,80,654,260,394
050,72,097,"Puerto Rico Commonwealth","Mayagüez Municipio",3,81,613,248,365
050,72,097,"Puerto Rico Commonwealth","Mayagüez Municipio",3,82,556,215,341
050,72,097,"Puerto Rico Commonwealth","Mayagüez Municipio",3,83,481,186,295
050,72,097,"Puerto Rico Commonwealth","Mayagüez Municipio",3,84,452,168,284
050,72,097,"Puerto Rico Commonwealth","Mayagüez Municipio",3,85,3321,1089,2232
050,72,097,"Puerto Rico Commonwealth","Mayagüez Municipio",4,0,378,204,174
050,72,097,"Puerto Rico Commonwealth","Mayagüez Municipio",4,1,363,188,175
050,72,097,"Puerto Rico Commonwealth","Mayagüez Municipio",4,2,387,211,176
050,72,097,"Puerto Rico Commonwealth","Mayagüez Municipio",4,3,438,227,211
050,72,097,"Puerto Rico Commonwealth","Mayagüez Municipio",4,4,444,225,219
050,72,097,"Puerto Rico Commonwealth","Mayagüez Municipio",4,5,462,246,216
050,72,097,"Puerto Rico Commonwealth","Mayagüez Municipio",4,6,498,259,239
050,72,097,"Puerto Rico Commonwealth","Mayagüez Municipio",4,7,536,272,264
050,72,097,"Puerto Rico Commonwealth","Mayagüez Municipio",4,8,538,276,262
050,72,097,"Puerto Rico Commonwealth","Mayagüez Municipio",4,9,600,305,295
050,72,097,"Puerto Rico Commonwealth","Mayagüez Municipio",4,10,641,323,318
050,72,097,"Puerto Rico Commonwealth","Mayagüez Municipio",4,11,733,378,355
050,72,097,"Puerto Rico Commonwealth","Mayagüez Municipio",4,12,774,394,380
050,72,097,"Puerto Rico Commonwealth","Mayagüez Municipio",4,13,765,389,376
050,72,097,"Puerto Rico Commonwealth","Mayagüez Municipio",4,14,785,412,373
050,72,097,"Puerto Rico Commonwealth","Mayagüez Municipio",4,15,812,447,365
050,72,097,"Puerto Rico Commonwealth","Mayagüez Municipio",4,16,825,430,395
050,72,097,"Puerto Rico Commonwealth","Mayagüez Municipio",4,17,870,440,430
050,72,097,"Puerto Rico Commonwealth","Mayagüez Municipio",4,18,1229,609,620
050,72,097,"Puerto Rico Commonwealth","Mayagüez Municipio",4,19,1642,868,774
050,72,097,"Puerto Rico Commonwealth","Mayagüez Municipio",4,20,1821,947,874
050,72,097,"Puerto Rico Commonwealth","Mayagüez Municipio",4,21,1832,968,864
050,72,097,"Puerto Rico Commonwealth","Mayagüez Municipio",4,22,1706,928,778
050,72,097,"Puerto Rico Commonwealth","Mayagüez Municipio",4,23,1508,827,681
050,72,097,"Puerto Rico Commonwealth","Mayagüez Municipio",4,24,1272,707,565
050,72,097,"Puerto Rico Commonwealth","Mayagüez Municipio",4,25,1059,592,467
050,72,097,"Puerto Rico Commonwealth","Mayagüez Municipio",4,26,904,492,412
050,72,097,"Puerto Rico Commonwealth","Mayagüez Municipio",4,27,840,446,394
050,72,097,"Puerto Rico Commonwealth","Mayagüez Municipio",4,28,792,422,370
050,72,097,"Puerto Rico Commonwealth","Mayagüez Municipio",4,29,758,405,353
050,72,097,"Puerto Rico Commonwealth","Mayagüez Municipio",4,30,800,441,359
050,72,097,"Puerto Rico Commonwealth","Mayagüez Municipio",4,31,794,419,375
050,72,097,"Puerto Rico Commonwealth","Mayagüez Municipio",4,32,771,382,389
050,72,097,"Puerto Rico Commonwealth","Mayagüez Municipio",4,33,727,372,355
050,72,097,"Puerto Rico Commonwealth","Mayagüez Municipio",4,34,687,353,334
050,72,097,"Puerto Rico Commonwealth","Mayagüez Municipio",4,35,688,353,335
050,72,097,"Puerto Rico Commonwealth","Mayagüez Municipio",4,36,681,350,331
050,72,097,"Puerto Rico Commonwealth","Mayagüez Municipio",4,37,674,342,332
050,72,097,"Puerto Rico Commonwealth","Mayagüez Municipio",4,38,663,331,332
050,72,097,"Puerto Rico Commonwealth","Mayagüez Municipio",4,39,651,323,328
050,72,097,"Puerto Rico Commonwealth","Mayagüez Municipio",4,40,655,317,338
050,72,097,"Puerto Rico Commonwealth","Mayagüez Municipio",4,41,646,310,336
050,72,097,"Puerto Rico Commonwealth","Mayagüez Municipio",4,42,653,317,336
050,72,097,"Puerto Rico Commonwealth","Mayagüez Municipio",4,43,647,306,341
050,72,097,"Puerto Rico Commonwealth","Mayagüez Municipio",4,44,656,317,339
050,72,097,"Puerto Rico Commonwealth","Mayagüez Municipio",4,45,660,312,348
050,72,097,"Puerto Rico Commonwealth","Mayagüez Municipio",4,46,660,309,351
050,72,097,"Puerto Rico Commonwealth","Mayagüez Municipio",4,47,685,325,360
050,72,097,"Puerto Rico Commonwealth","Mayagüez Municipio",4,48,695,328,367
050,72,097,"Puerto Rico Commonwealth","Mayagüez Municipio",4,49,678,323,355
050,72,097,"Puerto Rico Commonwealth","Mayagüez Municipio",4,50,686,326,360
050,72,097,"Puerto Rico Commonwealth","Mayagüez Municipio",4,51,717,338,379
050,72,097,"Puerto Rico Commonwealth","Mayagüez Municipio",4,52,706,329,377
050,72,097,"Puerto Rico Commonwealth","Mayagüez Municipio",4,53,714,332,382
050,72,097,"Puerto Rico Commonwealth","Mayagüez Municipio",4,54,721,337,384
050,72,097,"Puerto Rico Commonwealth","Mayagüez Municipio",4,55,778,358,420
050,72,097,"Puerto Rico Commonwealth","Mayagüez Municipio",4,56,785,362,423
050,72,097,"Puerto Rico Commonwealth","Mayagüez Municipio",4,57,781,353,428
050,72,097,"Puerto Rico Commonwealth","Mayagüez Municipio",4,58,814,364,450
050,72,097,"Puerto Rico Commonwealth","Mayagüez Municipio",4,59,825,378,447
050,72,097,"Puerto Rico Commonwealth","Mayagüez Municipio",4,60,803,372,431
050,72,097,"Puerto Rico Commonwealth","Mayagüez Municipio",4,61,847,382,465
050,72,097,"Puerto Rico Commonwealth","Mayagüez Municipio",4,62,847,392,455
050,72,097,"Puerto Rico Commonwealth","Mayagüez Municipio",4,63,846,396,450
050,72,097,"Puerto Rico Commonwealth","Mayagüez Municipio",4,64,896,427,469
050,72,097,"Puerto Rico Commonwealth","Mayagüez Municipio",4,65,913,425,488
050,72,097,"Puerto Rico Commonwealth","Mayagüez Municipio",4,66,876,380,496
050,72,097,"Puerto Rico Commonwealth","Mayagüez Municipio",4,67,876,387,489
050,72,097,"Puerto Rico Commonwealth","Mayagüez Municipio",4,68,861,381,480
050,72,097,"Puerto Rico Commonwealth","Mayagüez Municipio",4,69,803,351,452
050,72,097,"Puerto Rico Commonwealth","Mayagüez Municipio",4,70,832,355,477
050,72,097,"Puerto Rico Commonwealth","Mayagüez Municipio",4,71,861,373,488
050,72,097,"Puerto Rico Commonwealth","Mayagüez Municipio",4,72,863,380,483
050,72,097,"Puerto Rico Commonwealth","Mayagüez Municipio",4,73,858,367,491
050,72,097,"Puerto Rico Commonwealth","Mayagüez Municipio",4,74,861,369,492
050,72,097,"Puerto Rico Commonwealth","Mayagüez Municipio",4,75,835,337,498
050,72,097,"Puerto Rico Commonwealth","Mayagüez Municipio",4,76,825,330,495
050,72,097,"Puerto Rico Commonwealth","Mayagüez Municipio",4,77,817,329,488
050,72,097,"Puerto Rico Commonwealth","Mayagüez Municipio",4,78,756,308,448
050,72,097,"Puerto Rico Commonwealth","Mayagüez Municipio",4,79,702,281,421
050,72,097,"Puerto Rico Commonwealth","Mayagüez Municipio",4,80,680,274,406
050,72,097,"Puerto Rico Commonwealth","Mayagüez Municipio",4,81,619,252,367
050,72,097,"Puerto Rico Commonwealth","Mayagüez Municipio",4,82,588,229,359
050,72,097,"Puerto Rico Commonwealth","Mayagüez Municipio",4,83,511,194,317
050,72,097,"Puerto Rico Commonwealth","Mayagüez Municipio",4,84,463,179,284
050,72,097,"Puerto Rico Commonwealth","Mayagüez Municipio",4,85,3439,1109,2330
050,72,097,"Puerto Rico Commonwealth","Mayagüez Municipio",5,0,412,210,202
050,72,097,"Puerto Rico Commonwealth","Mayagüez Municipio",5,1,376,203,173
050,72,097,"Puerto Rico Commonwealth","Mayagüez Municipio",5,2,361,185,176
050,72,097,"Puerto Rico Commonwealth","Mayagüez Municipio",5,3,387,216,171
050,72,097,"Puerto Rico Commonwealth","Mayagüez Municipio",5,4,430,220,210
050,72,097,"Puerto Rico Commonwealth","Mayagüez Municipio",5,5,443,225,218
050,72,097,"Puerto Rico Commonwealth","Mayagüez Municipio",5,6,462,246,216
050,72,097,"Puerto Rico Commonwealth","Mayagüez Municipio",5,7,501,261,240
050,72,097,"Puerto Rico Commonwealth","Mayagüez Municipio",5,8,545,278,267
050,72,097,"Puerto Rico Commonwealth","Mayagüez Municipio",5,9,545,279,266
050,72,097,"Puerto Rico Commonwealth","Mayagüez Municipio",5,10,625,316,309
050,72,097,"Puerto Rico Commonwealth","Mayagüez Municipio",5,11,728,376,352
050,72,097,"Puerto Rico Commonwealth","Mayagüez Municipio",5,12,769,392,377
050,72,097,"Puerto Rico Commonwealth","Mayagüez Municipio",5,13,759,387,372
050,72,097,"Puerto Rico Commonwealth","Mayagüez Municipio",5,14,779,410,369
050,72,097,"Puerto Rico Commonwealth","Mayagüez Municipio",5,15,806,445,361
050,72,097,"Puerto Rico Commonwealth","Mayagüez Municipio",5,16,819,428,391
050,72,097,"Puerto Rico Commonwealth","Mayagüez Municipio",5,17,864,438,426
050,72,097,"Puerto Rico Commonwealth","Mayagüez Municipio",5,18,1222,607,615
050,72,097,"Puerto Rico Commonwealth","Mayagüez Municipio",5,19,1633,865,768
050,72,097,"Puerto Rico Commonwealth","Mayagüez Municipio",5,20,1810,943,867
050,72,097,"Puerto Rico Commonwealth","Mayagüez Municipio",5,21,1825,967,858
050,72,097,"Puerto Rico Commonwealth","Mayagüez Municipio",5,22,1700,928,772
050,72,097,"Puerto Rico Commonwealth","Mayagüez Municipio",5,23,1501,826,675
050,72,097,"Puerto Rico Commonwealth","Mayagüez Municipio",5,24,1266,706,560
050,72,097,"Puerto Rico Commonwealth","Mayagüez Municipio",5,25,1056,593,463
050,72,097,"Puerto Rico Commonwealth","Mayagüez Municipio",5,26,900,492,408
050,72,097,"Puerto Rico Commonwealth","Mayagüez Municipio",5,27,837,447,390
050,72,097,"Puerto Rico Commonwealth","Mayagüez Municipio",5,28,789,422,367
050,72,097,"Puerto Rico Commonwealth","Mayagüez Municipio",5,29,756,406,350
050,72,097,"Puerto Rico Commonwealth","Mayagüez Municipio",5,30,797,442,355
050,72,097,"Puerto Rico Commonwealth","Mayagüez Municipio",5,31,793,421,372
050,72,097,"Puerto Rico Commonwealth","Mayagüez Municipio",5,32,769,383,386
050,72,097,"Puerto Rico Commonwealth","Mayagüez Municipio",5,33,723,372,351
050,72,097,"Puerto Rico Commonwealth","Mayagüez Municipio",5,34,684,353,331
050,72,097,"Puerto Rico Commonwealth","Mayagüez Municipio",5,35,682,350,332
050,72,097,"Puerto Rico Commonwealth","Mayagüez Municipio",5,36,676,350,326
050,72,097,"Puerto Rico Commonwealth","Mayagüez Municipio",5,37,675,347,328
050,72,097,"Puerto Rico Commonwealth","Mayagüez Municipio",5,38,657,329,328
050,72,097,"Puerto Rico Commonwealth","Mayagüez Municipio",5,39,657,330,327
050,72,097,"Puerto Rico Commonwealth","Mayagüez Municipio",5,40,642,313,329
050,72,097,"Puerto Rico Commonwealth","Mayagüez Municipio",5,41,642,310,332
050,72,097,"Puerto Rico Commonwealth","Mayagüez Municipio",5,42,649,315,334
050,72,097,"Puerto Rico Commonwealth","Mayagüez Municipio",5,43,637,300,337
050,72,097,"Puerto Rico Commonwealth","Mayagüez Municipio",5,44,653,315,338
050,72,097,"Puerto Rico Commonwealth","Mayagüez Municipio",5,45,648,307,341
050,72,097,"Puerto Rico Commonwealth","Mayagüez Municipio",5,46,646,305,341
050,72,097,"Puerto Rico Commonwealth","Mayagüez Municipio",5,47,656,306,350
050,72,097,"Puerto Rico Commonwealth","Mayagüez Municipio",5,48,689,333,356
050,72,097,"Puerto Rico Commonwealth","Mayagüez Municipio",5,49,682,310,372
050,72,097,"Puerto Rico Commonwealth","Mayagüez Municipio",5,50,664,318,346
050,72,097,"Puerto Rico Commonwealth","Mayagüez Municipio",5,51,674,321,353
050,72,097,"Puerto Rico Commonwealth","Mayagüez Municipio",5,52,704,333,371
050,72,097,"Puerto Rico Commonwealth","Mayagüez Municipio",5,53,706,328,378
050,72,097,"Puerto Rico Commonwealth","Mayagüez Municipio",5,54,711,334,377
050,72,097,"Puerto Rico Commonwealth","Mayagüez Municipio",5,55,719,337,382
050,72,097,"Puerto Rico Commonwealth","Mayagüez Municipio",5,56,748,337,411
050,72,097,"Puerto Rico Commonwealth","Mayagüez Municipio",5,57,760,348,412
050,72,097,"Puerto Rico Commonwealth","Mayagüez Municipio",5,58,770,349,421
050,72,097,"Puerto Rico Commonwealth","Mayagüez Municipio",5,59,806,366,440
050,72,097,"Puerto Rico Commonwealth","Mayagüez Municipio",5,60,800,361,439
050,72,097,"Puerto Rico Commonwealth","Mayagüez Municipio",5,61,800,372,428
050,72,097,"Puerto Rico Commonwealth","Mayagüez Municipio",5,62,834,378,456
050,72,097,"Puerto Rico Commonwealth","Mayagüez Municipio",5,63,830,381,449
050,72,097,"Puerto Rico Commonwealth","Mayagüez Municipio",5,64,836,396,440
050,72,097,"Puerto Rico Commonwealth","Mayagüez Municipio",5,65,873,404,469
050,72,097,"Puerto Rico Commonwealth","Mayagüez Municipio",5,66,886,412,474
050,72,097,"Puerto Rico Commonwealth","Mayagüez Municipio",5,67,865,371,494
050,72,097,"Puerto Rico Commonwealth","Mayagüez Municipio",5,68,861,379,482
050,72,097,"Puerto Rico Commonwealth","Mayagüez Municipio",5,69,838,366,472
050,72,097,"Puerto Rico Commonwealth","Mayagüez Municipio",5,70,798,347,451
050,72,097,"Puerto Rico Commonwealth","Mayagüez Municipio",5,71,817,347,470
050,72,097,"Puerto Rico Commonwealth","Mayagüez Municipio",5,72,839,362,477
050,72,097,"Puerto Rico Commonwealth","Mayagüez Municipio",5,73,842,364,478
050,72,097,"Puerto Rico Commonwealth","Mayagüez Municipio",5,74,833,354,479
050,72,097,"Puerto Rico Commonwealth","Mayagüez Municipio",5,75,840,359,481
050,72,097,"Puerto Rico Commonwealth","Mayagüez Municipio",5,76,808,316,492
050,72,097,"Puerto Rico Commonwealth","Mayagüez Municipio",5,77,815,321,494
050,72,097,"Puerto Rico Commonwealth","Mayagüez Municipio",5,78,786,310,476
050,72,097,"Puerto Rico Commonwealth","Mayagüez Municipio",5,79,723,300,423
050,72,097,"Puerto Rico Commonwealth","Mayagüez Municipio",5,80,690,270,420
050,72,097,"Puerto Rico Commonwealth","Mayagüez Municipio",5,81,637,261,376
050,72,097,"Puerto Rico Commonwealth","Mayagüez Municipio",5,82,588,231,357
050,72,097,"Puerto Rico Commonwealth","Mayagüez Municipio",5,83,542,205,337
050,72,097,"Puerto Rico Commonwealth","Mayagüez Municipio",5,84,482,182,300
050,72,097,"Puerto Rico Commonwealth","Mayagüez Municipio",5,85,3510,1124,2386
050,72,099,"Puerto Rico Commonwealth","Moca Municipio",1,0,241,129,112
050,72,099,"Puerto Rico Commonwealth","Moca Municipio",1,1,260,136,124
050,72,099,"Puerto Rico Commonwealth","Moca Municipio",1,2,257,121,136
050,72,099,"Puerto Rico Commonwealth","Moca Municipio",1,3,283,143,140
050,72,099,"Puerto Rico Commonwealth","Moca Municipio",1,4,321,165,156
050,72,099,"Puerto Rico Commonwealth","Moca Municipio",1,5,352,183,169
050,72,099,"Puerto Rico Commonwealth","Moca Municipio",1,6,359,170,189
050,72,099,"Puerto Rico Commonwealth","Moca Municipio",1,7,363,176,187
050,72,099,"Puerto Rico Commonwealth","Moca Municipio",1,8,385,197,188
050,72,099,"Puerto Rico Commonwealth","Moca Municipio",1,9,398,205,193
050,72,099,"Puerto Rico Commonwealth","Moca Municipio",1,10,424,209,215
050,72,099,"Puerto Rico Commonwealth","Moca Municipio",1,11,436,232,204
050,72,099,"Puerto Rico Commonwealth","Moca Municipio",1,12,439,228,211
050,72,099,"Puerto Rico Commonwealth","Moca Municipio",1,13,450,239,211
050,72,099,"Puerto Rico Commonwealth","Moca Municipio",1,14,467,240,227
050,72,099,"Puerto Rico Commonwealth","Moca Municipio",1,15,472,241,231
050,72,099,"Puerto Rico Commonwealth","Moca Municipio",1,16,466,236,230
050,72,099,"Puerto Rico Commonwealth","Moca Municipio",1,17,461,227,234
050,72,099,"Puerto Rico Commonwealth","Moca Municipio",1,18,474,237,237
050,72,099,"Puerto Rico Commonwealth","Moca Municipio",1,19,545,270,275
050,72,099,"Puerto Rico Commonwealth","Moca Municipio",1,20,561,281,280
050,72,099,"Puerto Rico Commonwealth","Moca Municipio",1,21,517,260,257
050,72,099,"Puerto Rico Commonwealth","Moca Municipio",1,22,534,267,267
050,72,099,"Puerto Rico Commonwealth","Moca Municipio",1,23,550,264,286
050,72,099,"Puerto Rico Commonwealth","Moca Municipio",1,24,534,258,276
050,72,099,"Puerto Rico Commonwealth","Moca Municipio",1,25,528,253,275
050,72,099,"Puerto Rico Commonwealth","Moca Municipio",1,26,516,258,258
050,72,099,"Puerto Rico Commonwealth","Moca Municipio",1,27,504,250,254
050,72,099,"Puerto Rico Commonwealth","Moca Municipio",1,28,483,246,237
050,72,099,"Puerto Rico Commonwealth","Moca Municipio",1,29,495,250,245
050,72,099,"Puerto Rico Commonwealth","Moca Municipio",1,30,522,249,273
050,72,099,"Puerto Rico Commonwealth","Moca Municipio",1,31,471,222,249
050,72,099,"Puerto Rico Commonwealth","Moca Municipio",1,32,445,223,222
050,72,099,"Puerto Rico Commonwealth","Moca Municipio",1,33,436,216,220
050,72,099,"Puerto Rico Commonwealth","Moca Municipio",1,34,428,206,222
050,72,099,"Puerto Rico Commonwealth","Moca Municipio",1,35,446,216,230
050,72,099,"Puerto Rico Commonwealth","Moca Municipio",1,36,435,210,225
050,72,099,"Puerto Rico Commonwealth","Moca Municipio",1,37,435,202,233
050,72,099,"Puerto Rico Commonwealth","Moca Municipio",1,38,437,210,227
050,72,099,"Puerto Rico Commonwealth","Moca Municipio",1,39,484,234,250
050,72,099,"Puerto Rico Commonwealth","Moca Municipio",1,40,535,261,274
050,72,099,"Puerto Rico Commonwealth","Moca Municipio",1,41,496,244,252
050,72,099,"Puerto Rico Commonwealth","Moca Municipio",1,42,503,252,251
050,72,099,"Puerto Rico Commonwealth","Moca Municipio",1,43,474,228,246
050,72,099,"Puerto Rico Commonwealth","Moca Municipio",1,44,478,225,253
050,72,099,"Puerto Rico Commonwealth","Moca Municipio",1,45,495,241,254
050,72,099,"Puerto Rico Commonwealth","Moca Municipio",1,46,469,231,238
050,72,099,"Puerto Rico Commonwealth","Moca Municipio",1,47,460,217,243
050,72,099,"Puerto Rico Commonwealth","Moca Municipio",1,48,491,230,261
050,72,099,"Puerto Rico Commonwealth","Moca Municipio",1,49,489,251,238
050,72,099,"Puerto Rico Commonwealth","Moca Municipio",1,50,475,237,238
050,72,099,"Puerto Rico Commonwealth","Moca Municipio",1,51,467,223,244
050,72,099,"Puerto Rico Commonwealth","Moca Municipio",1,52,500,232,268
050,72,099,"Puerto Rico Commonwealth","Moca Municipio",1,53,545,255,290
050,72,099,"Puerto Rico Commonwealth","Moca Municipio",1,54,561,252,309
050,72,099,"Puerto Rico Commonwealth","Moca Municipio",1,55,556,253,303
050,72,099,"Puerto Rico Commonwealth","Moca Municipio",1,56,528,255,273
050,72,099,"Puerto Rico Commonwealth","Moca Municipio",1,57,524,246,278
050,72,099,"Puerto Rico Commonwealth","Moca Municipio",1,58,539,261,278
050,72,099,"Puerto Rico Commonwealth","Moca Municipio",1,59,539,272,267
050,72,099,"Puerto Rico Commonwealth","Moca Municipio",1,60,521,256,265
050,72,099,"Puerto Rico Commonwealth","Moca Municipio",1,61,517,253,264
050,72,099,"Puerto Rico Commonwealth","Moca Municipio",1,62,515,236,279
050,72,099,"Puerto Rico Commonwealth","Moca Municipio",1,63,505,236,269
050,72,099,"Puerto Rico Commonwealth","Moca Municipio",1,64,485,229,256
050,72,099,"Puerto Rico Commonwealth","Moca Municipio",1,65,498,240,258
050,72,099,"Puerto Rico Commonwealth","Moca Municipio",1,66,453,227,226
050,72,099,"Puerto Rico Commonwealth","Moca Municipio",1,67,450,223,227
050,72,099,"Puerto Rico Commonwealth","Moca Municipio",1,68,423,200,223
050,72,099,"Puerto Rico Commonwealth","Moca Municipio",1,69,431,199,232
050,72,099,"Puerto Rico Commonwealth","Moca Municipio",1,70,404,197,207
050,72,099,"Puerto Rico Commonwealth","Moca Municipio",1,71,399,190,209
050,72,099,"Puerto Rico Commonwealth","Moca Municipio",1,72,410,202,208
050,72,099,"Puerto Rico Commonwealth","Moca Municipio",1,73,391,196,195
050,72,099,"Puerto Rico Commonwealth","Moca Municipio",1,74,375,184,191
050,72,099,"Puerto Rico Commonwealth","Moca Municipio",1,75,323,158,165
050,72,099,"Puerto Rico Commonwealth","Moca Municipio",1,76,300,143,157
050,72,099,"Puerto Rico Commonwealth","Moca Municipio",1,77,282,131,151
050,72,099,"Puerto Rico Commonwealth","Moca Municipio",1,78,270,118,152
050,72,099,"Puerto Rico Commonwealth","Moca Municipio",1,79,220,107,113
050,72,099,"Puerto Rico Commonwealth","Moca Municipio",1,80,229,109,120
050,72,099,"Puerto Rico Commonwealth","Moca Municipio",1,81,203,98,105
050,72,099,"Puerto Rico Commonwealth","Moca Municipio",1,82,154,77,77
050,72,099,"Puerto Rico Commonwealth","Moca Municipio",1,83,131,56,75
050,72,099,"Puerto Rico Commonwealth","Moca Municipio",1,84,147,76,71
050,72,099,"Puerto Rico Commonwealth","Moca Municipio",1,85,686,293,393
050,72,099,"Puerto Rico Commonwealth","Moca Municipio",2,0,240,131,109
050,72,099,"Puerto Rico Commonwealth","Moca Municipio",2,1,255,134,121
050,72,099,"Puerto Rico Commonwealth","Moca Municipio",2,2,258,125,133
050,72,099,"Puerto Rico Commonwealth","Moca Municipio",2,3,276,137,139
050,72,099,"Puerto Rico Commonwealth","Moca Municipio",2,4,312,160,152
050,72,099,"Puerto Rico Commonwealth","Moca Municipio",2,5,344,178,166
050,72,099,"Puerto Rico Commonwealth","Moca Municipio",2,6,358,174,184
050,72,099,"Puerto Rico Commonwealth","Moca Municipio",2,7,361,174,187
050,72,099,"Puerto Rico Commonwealth","Moca Municipio",2,8,380,192,188
050,72,099,"Puerto Rico Commonwealth","Moca Municipio",2,9,395,203,192
050,72,099,"Puerto Rico Commonwealth","Moca Municipio",2,10,417,208,209
050,72,099,"Puerto Rico Commonwealth","Moca Municipio",2,11,432,225,207
050,72,099,"Puerto Rico Commonwealth","Moca Municipio",2,12,438,229,209
050,72,099,"Puerto Rico Commonwealth","Moca Municipio",2,13,447,236,211
050,72,099,"Puerto Rico Commonwealth","Moca Municipio",2,14,463,240,223
050,72,099,"Puerto Rico Commonwealth","Moca Municipio",2,15,471,241,230
050,72,099,"Puerto Rico Commonwealth","Moca Municipio",2,16,468,237,231
050,72,099,"Puerto Rico Commonwealth","Moca Municipio",2,17,462,229,233
050,72,099,"Puerto Rico Commonwealth","Moca Municipio",2,18,471,235,236
050,72,099,"Puerto Rico Commonwealth","Moca Municipio",2,19,527,262,265
050,72,099,"Puerto Rico Commonwealth","Moca Municipio",2,20,557,278,279
050,72,099,"Puerto Rico Commonwealth","Moca Municipio",2,21,527,264,263
050,72,099,"Puerto Rico Commonwealth","Moca Municipio",2,22,529,265,264
050,72,099,"Puerto Rico Commonwealth","Moca Municipio",2,23,547,265,282
050,72,099,"Puerto Rico Commonwealth","Moca Municipio",2,24,538,260,278
050,72,099,"Puerto Rico Commonwealth","Moca Municipio",2,25,529,254,275
050,72,099,"Puerto Rico Commonwealth","Moca Municipio",2,26,520,257,263
050,72,099,"Puerto Rico Commonwealth","Moca Municipio",2,27,507,252,255
050,72,099,"Puerto Rico Commonwealth","Moca Municipio",2,28,488,247,241
050,72,099,"Puerto Rico Commonwealth","Moca Municipio",2,29,492,249,243
050,72,099,"Puerto Rico Commonwealth","Moca Municipio",2,30,515,249,266
050,72,099,"Puerto Rico Commonwealth","Moca Municipio",2,31,484,229,255
050,72,099,"Puerto Rico Commonwealth","Moca Municipio",2,32,451,222,229
050,72,099,"Puerto Rico Commonwealth","Moca Municipio",2,33,438,218,220
050,72,099,"Puerto Rico Commonwealth","Moca Municipio",2,34,429,207,222
050,72,099,"Puerto Rico Commonwealth","Moca Municipio",2,35,441,213,228
050,72,099,"Puerto Rico Commonwealth","Moca Municipio",2,36,438,212,226
050,72,099,"Puerto Rico Commonwealth","Moca Municipio",2,37,435,204,231
050,72,099,"Puerto Rico Commonwealth","Moca Municipio",2,38,436,208,228
050,72,099,"Puerto Rico Commonwealth","Moca Municipio",2,39,472,228,244
050,72,099,"Puerto Rico Commonwealth","Moca Municipio",2,40,521,254,267
050,72,099,"Puerto Rico Commonwealth","Moca Municipio",2,41,505,248,257
050,72,099,"Puerto Rico Commonwealth","Moca Municipio",2,42,501,250,251
050,72,099,"Puerto Rico Commonwealth","Moca Municipio",2,43,482,234,248
050,72,099,"Puerto Rico Commonwealth","Moca Municipio",2,44,477,226,251
050,72,099,"Puerto Rico Commonwealth","Moca Municipio",2,45,491,237,254
050,72,099,"Puerto Rico Commonwealth","Moca Municipio",2,46,475,233,242
050,72,099,"Puerto Rico Commonwealth","Moca Municipio",2,47,462,221,241
050,72,099,"Puerto Rico Commonwealth","Moca Municipio",2,48,484,227,257
050,72,099,"Puerto Rico Commonwealth","Moca Municipio",2,49,488,244,244
050,72,099,"Puerto Rico Commonwealth","Moca Municipio",2,50,479,241,238
050,72,099,"Puerto Rico Commonwealth","Moca Municipio",2,51,467,225,242
050,72,099,"Puerto Rico Commonwealth","Moca Municipio",2,52,492,230,262
050,72,099,"Puerto Rico Commonwealth","Moca Municipio",2,53,533,248,285
050,72,099,"Puerto Rico Commonwealth","Moca Municipio",2,54,558,254,304
050,72,099,"Puerto Rico Commonwealth","Moca Municipio",2,55,556,252,304
050,72,099,"Puerto Rico Commonwealth","Moca Municipio",2,56,534,254,280
050,72,099,"Puerto Rico Commonwealth","Moca Municipio",2,57,527,250,277
050,72,099,"Puerto Rico Commonwealth","Moca Municipio",2,58,535,258,277
050,72,099,"Puerto Rico Commonwealth","Moca Municipio",2,59,539,270,269
050,72,099,"Puerto Rico Commonwealth","Moca Municipio",2,60,525,260,265
050,72,099,"Puerto Rico Commonwealth","Moca Municipio",2,61,518,254,264
050,72,099,"Puerto Rico Commonwealth","Moca Municipio",2,62,515,241,274
050,72,099,"Puerto Rico Commonwealth","Moca Municipio",2,63,508,236,272
050,72,099,"Puerto Rico Commonwealth","Moca Municipio",2,64,490,231,259
050,72,099,"Puerto Rico Commonwealth","Moca Municipio",2,65,494,236,258
050,72,099,"Puerto Rico Commonwealth","Moca Municipio",2,66,464,230,234
050,72,099,"Puerto Rico Commonwealth","Moca Municipio",2,67,449,224,225
050,72,099,"Puerto Rico Commonwealth","Moca Municipio",2,68,429,205,224
050,72,099,"Puerto Rico Commonwealth","Moca Municipio",2,69,429,199,230
050,72,099,"Puerto Rico Commonwealth","Moca Municipio",2,70,411,198,213
050,72,099,"Puerto Rico Commonwealth","Moca Municipio",2,71,401,192,209
050,72,099,"Puerto Rico Commonwealth","Moca Municipio",2,72,407,199,208
050,72,099,"Puerto Rico Commonwealth","Moca Municipio",2,73,392,194,198
050,72,099,"Puerto Rico Commonwealth","Moca Municipio",2,74,379,187,192
050,72,099,"Puerto Rico Commonwealth","Moca Municipio",2,75,335,164,171
050,72,099,"Puerto Rico Commonwealth","Moca Municipio",2,76,303,145,158
050,72,099,"Puerto Rico Commonwealth","Moca Municipio",2,77,279,129,150
050,72,099,"Puerto Rico Commonwealth","Moca Municipio",2,78,271,121,150
050,72,099,"Puerto Rico Commonwealth","Moca Municipio",2,79,230,108,122
050,72,099,"Puerto Rico Commonwealth","Moca Municipio",2,80,222,106,116
050,72,099,"Puerto Rico Commonwealth","Moca Municipio",2,81,208,100,108
050,72,099,"Puerto Rico Commonwealth","Moca Municipio",2,82,162,81,81
050,72,099,"Puerto Rico Commonwealth","Moca Municipio",2,83,132,58,74
050,72,099,"Puerto Rico Commonwealth","Moca Municipio",2,84,142,71,71
050,72,099,"Puerto Rico Commonwealth","Moca Municipio",2,85,706,304,402
050,72,099,"Puerto Rico Commonwealth","Moca Municipio",3,0,220,124,96
050,72,099,"Puerto Rico Commonwealth","Moca Municipio",3,1,243,133,110
050,72,099,"Puerto Rico Commonwealth","Moca Municipio",3,2,256,135,121
050,72,099,"Puerto Rico Commonwealth","Moca Municipio",3,3,259,126,133
050,72,099,"Puerto Rico Commonwealth","Moca Municipio",3,4,278,138,140
050,72,099,"Puerto Rico Commonwealth","Moca Municipio",3,5,313,161,152
050,72,099,"Puerto Rico Commonwealth","Moca Municipio",3,6,346,179,167
050,72,099,"Puerto Rico Commonwealth","Moca Municipio",3,7,362,175,187
050,72,099,"Puerto Rico Commonwealth","Moca Municipio",3,8,360,174,186
050,72,099,"Puerto Rico Commonwealth","Moca Municipio",3,9,381,192,189
050,72,099,"Puerto Rico Commonwealth","Moca Municipio",3,10,395,203,192
050,72,099,"Puerto Rico Commonwealth","Moca Municipio",3,11,416,207,209
050,72,099,"Puerto Rico Commonwealth","Moca Municipio",3,12,435,228,207
050,72,099,"Puerto Rico Commonwealth","Moca Municipio",3,13,436,226,210
050,72,099,"Puerto Rico Commonwealth","Moca Municipio",3,14,448,236,212
050,72,099,"Puerto Rico Commonwealth","Moca Municipio",3,15,463,239,224
050,72,099,"Puerto Rico Commonwealth","Moca Municipio",3,16,470,240,230
050,72,099,"Puerto Rico Commonwealth","Moca Municipio",3,17,468,237,231
050,72,099,"Puerto Rico Commonwealth","Moca Municipio",3,18,459,228,231
050,72,099,"Puerto Rico Commonwealth","Moca Municipio",3,19,465,231,234
050,72,099,"Puerto Rico Commonwealth","Moca Municipio",3,20,529,262,267
050,72,099,"Puerto Rico Commonwealth","Moca Municipio",3,21,561,281,280
050,72,099,"Puerto Rico Commonwealth","Moca Municipio",3,22,529,263,266
050,72,099,"Puerto Rico Commonwealth","Moca Municipio",3,23,537,268,269
050,72,099,"Puerto Rico Commonwealth","Moca Municipio",3,24,551,268,283
050,72,099,"Puerto Rico Commonwealth","Moca Municipio",3,25,545,264,281
050,72,099,"Puerto Rico Commonwealth","Moca Municipio",3,26,530,255,275
050,72,099,"Puerto Rico Commonwealth","Moca Municipio",3,27,524,260,264
050,72,099,"Puerto Rico Commonwealth","Moca Municipio",3,28,509,253,256
050,72,099,"Puerto Rico Commonwealth","Moca Municipio",3,29,485,244,241
050,72,099,"Puerto Rico Commonwealth","Moca Municipio",3,30,495,252,243
050,72,099,"Puerto Rico Commonwealth","Moca Municipio",3,31,521,253,268
050,72,099,"Puerto Rico Commonwealth","Moca Municipio",3,32,481,228,253
050,72,099,"Puerto Rico Commonwealth","Moca Municipio",3,33,453,225,228
050,72,099,"Puerto Rico Commonwealth","Moca Municipio",3,34,437,217,220
050,72,099,"Puerto Rico Commonwealth","Moca Municipio",3,35,432,210,222
050,72,099,"Puerto Rico Commonwealth","Moca Municipio",3,36,441,213,228
050,72,099,"Puerto Rico Commonwealth","Moca Municipio",3,37,443,214,229
050,72,099,"Puerto Rico Commonwealth","Moca Municipio",3,38,432,204,228
050,72,099,"Puerto Rico Commonwealth","Moca Municipio",3,39,439,211,228
050,72,099,"Puerto Rico Commonwealth","Moca Municipio",3,40,476,231,245
050,72,099,"Puerto Rico Commonwealth","Moca Municipio",3,41,521,254,267
050,72,099,"Puerto Rico Commonwealth","Moca Municipio",3,42,509,251,258
050,72,099,"Puerto Rico Commonwealth","Moca Municipio",3,43,500,248,252
050,72,099,"Puerto Rico Commonwealth","Moca Municipio",3,44,483,234,249
050,72,099,"Puerto Rico Commonwealth","Moca Municipio",3,45,477,225,252
050,72,099,"Puerto Rico Commonwealth","Moca Municipio",3,46,493,240,253
050,72,099,"Puerto Rico Commonwealth","Moca Municipio",3,47,479,237,242
050,72,099,"Puerto Rico Commonwealth","Moca Municipio",3,48,462,220,242
050,72,099,"Puerto Rico Commonwealth","Moca Municipio",3,49,481,225,256
050,72,099,"Puerto Rico Commonwealth","Moca Municipio",3,50,489,245,244
050,72,099,"Puerto Rico Commonwealth","Moca Municipio",3,51,480,242,238
050,72,099,"Puerto Rico Commonwealth","Moca Municipio",3,52,470,226,244
050,72,099,"Puerto Rico Commonwealth","Moca Municipio",3,53,498,236,262
050,72,099,"Puerto Rico Commonwealth","Moca Municipio",3,54,529,244,285
050,72,099,"Puerto Rico Commonwealth","Moca Municipio",3,55,556,252,304
050,72,099,"Puerto Rico Commonwealth","Moca Municipio",3,56,559,254,305
050,72,099,"Puerto Rico Commonwealth","Moca Municipio",3,57,540,258,282
050,72,099,"Puerto Rico Commonwealth","Moca Municipio",3,58,526,248,278
050,72,099,"Puerto Rico Commonwealth","Moca Municipio",3,59,535,261,274
050,72,099,"Puerto Rico Commonwealth","Moca Municipio",3,60,545,270,275
050,72,099,"Puerto Rico Commonwealth","Moca Municipio",3,61,515,258,257
050,72,099,"Puerto Rico Commonwealth","Moca Municipio",3,62,515,250,265
050,72,099,"Puerto Rico Commonwealth","Moca Municipio",3,63,519,244,275
050,72,099,"Puerto Rico Commonwealth","Moca Municipio",3,64,502,232,270
050,72,099,"Puerto Rico Commonwealth","Moca Municipio",3,65,492,235,257
050,72,099,"Puerto Rico Commonwealth","Moca Municipio",3,66,491,233,258
050,72,099,"Puerto Rico Commonwealth","Moca Municipio",3,67,463,229,234
050,72,099,"Puerto Rico Commonwealth","Moca Municipio",3,68,443,223,220
050,72,099,"Puerto Rico Commonwealth","Moca Municipio",3,69,420,199,221
050,72,099,"Puerto Rico Commonwealth","Moca Municipio",3,70,429,200,229
050,72,099,"Puerto Rico Commonwealth","Moca Municipio",3,71,411,197,214
050,72,099,"Puerto Rico Commonwealth","Moca Municipio",3,72,395,191,204
050,72,099,"Puerto Rico Commonwealth","Moca Municipio",3,73,401,194,207
050,72,099,"Puerto Rico Commonwealth","Moca Municipio",3,74,385,192,193
050,72,099,"Puerto Rico Commonwealth","Moca Municipio",3,75,363,178,185
050,72,099,"Puerto Rico Commonwealth","Moca Municipio",3,76,326,155,171
050,72,099,"Puerto Rico Commonwealth","Moca Municipio",3,77,297,147,150
050,72,099,"Puerto Rico Commonwealth","Moca Municipio",3,78,261,114,147
050,72,099,"Puerto Rico Commonwealth","Moca Municipio",3,79,261,120,141
050,72,099,"Puerto Rico Commonwealth","Moca Municipio",3,80,225,100,125
050,72,099,"Puerto Rico Commonwealth","Moca Municipio",3,81,204,99,105
050,72,099,"Puerto Rico Commonwealth","Moca Municipio",3,82,198,95,103
050,72,099,"Puerto Rico Commonwealth","Moca Municipio",3,83,151,73,78
050,72,099,"Puerto Rico Commonwealth","Moca Municipio",3,84,125,54,71
050,72,099,"Puerto Rico Commonwealth","Moca Municipio",3,85,753,334,419
050,72,099,"Puerto Rico Commonwealth","Moca Municipio",4,0,236,122,114
050,72,099,"Puerto Rico Commonwealth","Moca Municipio",4,1,219,124,95
050,72,099,"Puerto Rico Commonwealth","Moca Municipio",4,2,240,132,108
050,72,099,"Puerto Rico Commonwealth","Moca Municipio",4,3,253,134,119
050,72,099,"Puerto Rico Commonwealth","Moca Municipio",4,4,256,125,131
050,72,099,"Puerto Rico Commonwealth","Moca Municipio",4,5,275,137,138
050,72,099,"Puerto Rico Commonwealth","Moca Municipio",4,6,310,159,151
050,72,099,"Puerto Rico Commonwealth","Moca Municipio",4,7,344,177,167
050,72,099,"Puerto Rico Commonwealth","Moca Municipio",4,8,357,173,184
050,72,099,"Puerto Rico Commonwealth","Moca Municipio",4,9,356,172,184
050,72,099,"Puerto Rico Commonwealth","Moca Municipio",4,10,376,189,187
050,72,099,"Puerto Rico Commonwealth","Moca Municipio",4,11,390,200,190
050,72,099,"Puerto Rico Commonwealth","Moca Municipio",4,12,414,207,207
050,72,099,"Puerto Rico Commonwealth","Moca Municipio",4,13,428,222,206
050,72,099,"Puerto Rico Commonwealth","Moca Municipio",4,14,432,223,209
050,72,099,"Puerto Rico Commonwealth","Moca Municipio",4,15,443,232,211
050,72,099,"Puerto Rico Commonwealth","Moca Municipio",4,16,457,235,222
050,72,099,"Puerto Rico Commonwealth","Moca Municipio",4,17,464,237,227
050,72,099,"Puerto Rico Commonwealth","Moca Municipio",4,18,459,233,226
050,72,099,"Puerto Rico Commonwealth","Moca Municipio",4,19,447,221,226
050,72,099,"Puerto Rico Commonwealth","Moca Municipio",4,20,460,227,233
050,72,099,"Puerto Rico Commonwealth","Moca Municipio",4,21,524,259,265
050,72,099,"Puerto Rico Commonwealth","Moca Municipio",4,22,555,276,279
050,72,099,"Puerto Rico Commonwealth","Moca Municipio",4,23,529,261,268
050,72,099,"Puerto Rico Commonwealth","Moca Municipio",4,24,534,268,266
050,72,099,"Puerto Rico Commonwealth","Moca Municipio",4,25,551,267,284
050,72,099,"Puerto Rico Commonwealth","Moca Municipio",4,26,539,261,278
050,72,099,"Puerto Rico Commonwealth","Moca Municipio",4,27,525,252,273
050,72,099,"Puerto Rico Commonwealth","Moca Municipio",4,28,520,258,262
050,72,099,"Puerto Rico Commonwealth","Moca Municipio",4,29,499,246,253
050,72,099,"Puerto Rico Commonwealth","Moca Municipio",4,30,481,242,239
050,72,099,"Puerto Rico Commonwealth","Moca Municipio",4,31,493,251,242
050,72,099,"Puerto Rico Commonwealth","Moca Municipio",4,32,512,249,263
050,72,099,"Puerto Rico Commonwealth","Moca Municipio",4,33,477,226,251
050,72,099,"Puerto Rico Commonwealth","Moca Municipio",4,34,448,222,226
050,72,099,"Puerto Rico Commonwealth","Moca Municipio",4,35,430,213,217
050,72,099,"Puerto Rico Commonwealth","Moca Municipio",4,36,422,204,218
050,72,099,"Puerto Rico Commonwealth","Moca Municipio",4,37,440,211,229
050,72,099,"Puerto Rico Commonwealth","Moca Municipio",4,38,434,210,224
050,72,099,"Puerto Rico Commonwealth","Moca Municipio",4,39,430,204,226
050,72,099,"Puerto Rico Commonwealth","Moca Municipio",4,40,437,210,227
050,72,099,"Puerto Rico Commonwealth","Moca Municipio",4,41,471,228,243
050,72,099,"Puerto Rico Commonwealth","Moca Municipio",4,42,517,251,266
050,72,099,"Puerto Rico Commonwealth","Moca Municipio",4,43,504,248,256
050,72,099,"Puerto Rico Commonwealth","Moca Municipio",4,44,498,246,252
050,72,099,"Puerto Rico Commonwealth","Moca Municipio",4,45,478,231,247
050,72,099,"Puerto Rico Commonwealth","Moca Municipio",4,46,474,225,249
050,72,099,"Puerto Rico Commonwealth","Moca Municipio",4,47,494,242,252
050,72,099,"Puerto Rico Commonwealth","Moca Municipio",4,48,476,234,242
050,72,099,"Puerto Rico Commonwealth","Moca Municipio",4,49,457,214,243
050,72,099,"Puerto Rico Commonwealth","Moca Municipio",4,50,479,225,254
050,72,099,"Puerto Rico Commonwealth","Moca Municipio",4,51,489,245,244
050,72,099,"Puerto Rico Commonwealth","Moca Municipio",4,52,480,240,240
050,72,099,"Puerto Rico Commonwealth","Moca Municipio",4,53,473,230,243
050,72,099,"Puerto Rico Commonwealth","Moca Municipio",4,54,491,231,260
050,72,099,"Puerto Rico Commonwealth","Moca Municipio",4,55,529,246,283
050,72,099,"Puerto Rico Commonwealth","Moca Municipio",4,56,555,252,303
050,72,099,"Puerto Rico Commonwealth","Moca Municipio",4,57,565,258,307
050,72,099,"Puerto Rico Commonwealth","Moca Municipio",4,58,536,251,285
050,72,099,"Puerto Rico Commonwealth","Moca Municipio",4,59,526,253,273
050,72,099,"Puerto Rico Commonwealth","Moca Municipio",4,60,540,259,281
050,72,099,"Puerto Rico Commonwealth","Moca Municipio",4,61,538,273,265
050,72,099,"Puerto Rico Commonwealth","Moca Municipio",4,62,517,256,261
050,72,099,"Puerto Rico Commonwealth","Moca Municipio",4,63,516,253,263
050,72,099,"Puerto Rico Commonwealth","Moca Municipio",4,64,516,242,274
050,72,099,"Puerto Rico Commonwealth","Moca Municipio",4,65,498,231,267
050,72,099,"Puerto Rico Commonwealth","Moca Municipio",4,66,484,229,255
050,72,099,"Puerto Rico Commonwealth","Moca Municipio",4,67,492,235,257
050,72,099,"Puerto Rico Commonwealth","Moca Municipio",4,68,456,227,229
050,72,099,"Puerto Rico Commonwealth","Moca Municipio",4,69,433,218,215
050,72,099,"Puerto Rico Commonwealth","Moca Municipio",4,70,422,201,221
050,72,099,"Puerto Rico Commonwealth","Moca Municipio",4,71,423,199,224
050,72,099,"Puerto Rico Commonwealth","Moca Municipio",4,72,401,196,205
050,72,099,"Puerto Rico Commonwealth","Moca Municipio",4,73,393,188,205
050,72,099,"Puerto Rico Commonwealth","Moca Municipio",4,74,393,192,201
050,72,099,"Puerto Rico Commonwealth","Moca Municipio",4,75,370,183,187
050,72,099,"Puerto Rico Commonwealth","Moca Municipio",4,76,354,176,178
050,72,099,"Puerto Rico Commonwealth","Moca Municipio",4,77,320,156,164
050,72,099,"Puerto Rico Commonwealth","Moca Municipio",4,78,292,139,153
050,72,099,"Puerto Rico Commonwealth","Moca Municipio",4,79,246,113,133
050,72,099,"Puerto Rico Commonwealth","Moca Municipio",4,80,261,119,142
050,72,099,"Puerto Rico Commonwealth","Moca Municipio",4,81,209,95,114
050,72,099,"Puerto Rico Commonwealth","Moca Municipio",4,82,191,92,99
050,72,099,"Puerto Rico Commonwealth","Moca Municipio",4,83,180,83,97
050,72,099,"Puerto Rico Commonwealth","Moca Municipio",4,84,147,76,71
050,72,099,"Puerto Rico Commonwealth","Moca Municipio",4,85,773,336,437
050,72,099,"Puerto Rico Commonwealth","Moca Municipio",5,0,231,115,116
050,72,099,"Puerto Rico Commonwealth","Moca Municipio",5,1,240,124,116
050,72,099,"Puerto Rico Commonwealth","Moca Municipio",5,2,221,126,95
050,72,099,"Puerto Rico Commonwealth","Moca Municipio",5,3,242,133,109
050,72,099,"Puerto Rico Commonwealth","Moca Municipio",5,4,255,135,120
050,72,099,"Puerto Rico Commonwealth","Moca Municipio",5,5,258,126,132
050,72,099,"Puerto Rico Commonwealth","Moca Municipio",5,6,277,138,139
050,72,099,"Puerto Rico Commonwealth","Moca Municipio",5,7,314,160,154
050,72,099,"Puerto Rico Commonwealth","Moca Municipio",5,8,344,178,166
050,72,099,"Puerto Rico Commonwealth","Moca Municipio",5,9,359,174,185
050,72,099,"Puerto Rico Commonwealth","Moca Municipio",5,10,357,172,185
050,72,099,"Puerto Rico Commonwealth","Moca Municipio",5,11,376,188,188
050,72,099,"Puerto Rico Commonwealth","Moca Municipio",5,12,394,203,191
050,72,099,"Puerto Rico Commonwealth","Moca Municipio",5,13,412,204,208
050,72,099,"Puerto Rico Commonwealth","Moca Municipio",5,14,430,223,207
050,72,099,"Puerto Rico Commonwealth","Moca Municipio",5,15,433,222,211
050,72,099,"Puerto Rico Commonwealth","Moca Municipio",5,16,444,232,212
050,72,099,"Puerto Rico Commonwealth","Moca Municipio",5,17,459,236,223
050,72,099,"Puerto Rico Commonwealth","Moca Municipio",5,18,463,237,226
050,72,099,"Puerto Rico Commonwealth","Moca Municipio",5,19,453,230,223
050,72,099,"Puerto Rico Commonwealth","Moca Municipio",5,20,451,222,229
050,72,099,"Puerto Rico Commonwealth","Moca Municipio",5,21,465,230,235
050,72,099,"Puerto Rico Commonwealth","Moca Municipio",5,22,526,258,268
050,72,099,"Puerto Rico Commonwealth","Moca Municipio",5,23,564,279,285
050,72,099,"Puerto Rico Commonwealth","Moca Municipio",5,24,535,265,270
050,72,099,"Puerto Rico Commonwealth","Moca Municipio",5,25,544,273,271
050,72,099,"Puerto Rico Commonwealth","Moca Municipio",5,26,552,267,285
050,72,099,"Puerto Rico Commonwealth","Moca Municipio",5,27,545,265,280
050,72,099,"Puerto Rico Commonwealth","Moca Municipio",5,28,527,253,274
050,72,099,"Puerto Rico Commonwealth","Moca Municipio",5,29,517,254,263
050,72,099,"Puerto Rico Commonwealth","Moca Municipio",5,30,503,249,254
050,72,099,"Puerto Rico Commonwealth","Moca Municipio",5,31,487,246,241
050,72,099,"Puerto Rico Commonwealth","Moca Municipio",5,32,493,253,240
050,72,099,"Puerto Rico Commonwealth","Moca Municipio",5,33,516,252,264
050,72,099,"Puerto Rico Commonwealth","Moca Municipio",5,34,478,227,251
050,72,099,"Puerto Rico Commonwealth","Moca Municipio",5,35,449,222,227
050,72,099,"Puerto Rico Commonwealth","Moca Municipio",5,36,428,211,217
050,72,099,"Puerto Rico Commonwealth","Moca Municipio",5,37,426,204,222
050,72,099,"Puerto Rico Commonwealth","Moca Municipio",5,38,437,210,227
050,72,099,"Puerto Rico Commonwealth","Moca Municipio",5,39,436,212,224
050,72,099,"Puerto Rico Commonwealth","Moca Municipio",5,40,434,207,227
050,72,099,"Puerto Rico Commonwealth","Moca Municipio",5,41,437,210,227
050,72,099,"Puerto Rico Commonwealth","Moca Municipio",5,42,474,230,244
050,72,099,"Puerto Rico Commonwealth","Moca Municipio",5,43,519,252,267
050,72,099,"Puerto Rico Commonwealth","Moca Municipio",5,44,507,249,258
050,72,099,"Puerto Rico Commonwealth","Moca Municipio",5,45,500,246,254
050,72,099,"Puerto Rico Commonwealth","Moca Municipio",5,46,480,233,247
050,72,099,"Puerto Rico Commonwealth","Moca Municipio",5,47,479,228,251
050,72,099,"Puerto Rico Commonwealth","Moca Municipio",5,48,494,242,252
050,72,099,"Puerto Rico Commonwealth","Moca Municipio",5,49,477,232,245
050,72,099,"Puerto Rico Commonwealth","Moca Municipio",5,50,458,217,241
050,72,099,"Puerto Rico Commonwealth","Moca Municipio",5,51,480,225,255
050,72,099,"Puerto Rico Commonwealth","Moca Municipio",5,52,490,244,246
050,72,099,"Puerto Rico Commonwealth","Moca Municipio",5,53,491,252,239
050,72,099,"Puerto Rico Commonwealth","Moca Municipio",5,54,466,222,244
050,72,099,"Puerto Rico Commonwealth","Moca Municipio",5,55,492,232,260
050,72,099,"Puerto Rico Commonwealth","Moca Municipio",5,56,529,245,284
050,72,099,"Puerto Rico Commonwealth","Moca Municipio",5,57,562,256,306
050,72,099,"Puerto Rico Commonwealth","Moca Municipio",5,58,568,256,312
050,72,099,"Puerto Rico Commonwealth","Moca Municipio",5,59,536,255,281
050,72,099,"Puerto Rico Commonwealth","Moca Municipio",5,60,533,250,283
050,72,099,"Puerto Rico Commonwealth","Moca Municipio",5,61,529,258,271
050,72,099,"Puerto Rico Commonwealth","Moca Municipio",5,62,539,272,267
050,72,099,"Puerto Rico Commonwealth","Moca Municipio",5,63,522,261,261
050,72,099,"Puerto Rico Commonwealth","Moca Municipio",5,64,511,248,263
050,72,099,"Puerto Rico Commonwealth","Moca Municipio",5,65,516,243,273
050,72,099,"Puerto Rico Commonwealth","Moca Municipio",5,66,495,227,268
050,72,099,"Puerto Rico Commonwealth","Moca Municipio",5,67,490,236,254
050,72,099,"Puerto Rico Commonwealth","Moca Municipio",5,68,484,229,255
050,72,099,"Puerto Rico Commonwealth","Moca Municipio",5,69,451,222,229
050,72,099,"Puerto Rico Commonwealth","Moca Municipio",5,70,435,221,214
050,72,099,"Puerto Rico Commonwealth","Moca Municipio",5,71,419,199,220
050,72,099,"Puerto Rico Commonwealth","Moca Municipio",5,72,412,197,215
050,72,099,"Puerto Rico Commonwealth","Moca Municipio",5,73,404,197,207
050,72,099,"Puerto Rico Commonwealth","Moca Municipio",5,74,381,183,198
050,72,099,"Puerto Rico Commonwealth","Moca Municipio",5,75,380,183,197
050,72,099,"Puerto Rico Commonwealth","Moca Municipio",5,76,360,176,184
050,72,099,"Puerto Rico Commonwealth","Moca Municipio",5,77,350,178,172
050,72,099,"Puerto Rico Commonwealth","Moca Municipio",5,78,308,143,165
050,72,099,"Puerto Rico Commonwealth","Moca Municipio",5,79,281,136,145
050,72,099,"Puerto Rico Commonwealth","Moca Municipio",5,80,238,110,128
050,72,099,"Puerto Rico Commonwealth","Moca Municipio",5,81,233,108,125
050,72,099,"Puerto Rico Commonwealth","Moca Municipio",5,82,196,91,105
050,72,099,"Puerto Rico Commonwealth","Moca Municipio",5,83,180,84,96
050,72,099,"Puerto Rico Commonwealth","Moca Municipio",5,84,168,82,86
050,72,099,"Puerto Rico Commonwealth","Moca Municipio",5,85,796,358,438
050,72,101,"Puerto Rico Commonwealth","Morovis Municipio",1,0,211,106,105
050,72,101,"Puerto Rico Commonwealth","Morovis Municipio",1,1,201,99,102
050,72,101,"Puerto Rico Commonwealth","Morovis Municipio",1,2,198,102,96
050,72,101,"Puerto Rico Commonwealth","Morovis Municipio",1,3,223,121,102
050,72,101,"Puerto Rico Commonwealth","Morovis Municipio",1,4,229,117,112
050,72,101,"Puerto Rico Commonwealth","Morovis Municipio",1,5,266,137,129
050,72,101,"Puerto Rico Commonwealth","Morovis Municipio",1,6,266,121,145
050,72,101,"Puerto Rico Commonwealth","Morovis Municipio",1,7,282,152,130
050,72,101,"Puerto Rico Commonwealth","Morovis Municipio",1,8,305,162,143
050,72,101,"Puerto Rico Commonwealth","Morovis Municipio",1,9,321,159,162
050,72,101,"Puerto Rico Commonwealth","Morovis Municipio",1,10,330,158,172
050,72,101,"Puerto Rico Commonwealth","Morovis Municipio",1,11,337,166,171
050,72,101,"Puerto Rico Commonwealth","Morovis Municipio",1,12,342,171,171
050,72,101,"Puerto Rico Commonwealth","Morovis Municipio",1,13,361,194,167
050,72,101,"Puerto Rico Commonwealth","Morovis Municipio",1,14,402,209,193
050,72,101,"Puerto Rico Commonwealth","Morovis Municipio",1,15,386,200,186
050,72,101,"Puerto Rico Commonwealth","Morovis Municipio",1,16,356,183,173
050,72,101,"Puerto Rico Commonwealth","Morovis Municipio",1,17,351,176,175
050,72,101,"Puerto Rico Commonwealth","Morovis Municipio",1,18,358,182,176
050,72,101,"Puerto Rico Commonwealth","Morovis Municipio",1,19,384,209,175
050,72,101,"Puerto Rico Commonwealth","Morovis Municipio",1,20,421,211,210
050,72,101,"Puerto Rico Commonwealth","Morovis Municipio",1,21,384,176,208
050,72,101,"Puerto Rico Commonwealth","Morovis Municipio",1,22,401,178,223
050,72,101,"Puerto Rico Commonwealth","Morovis Municipio",1,23,435,218,217
050,72,101,"Puerto Rico Commonwealth","Morovis Municipio",1,24,406,208,198
050,72,101,"Puerto Rico Commonwealth","Morovis Municipio",1,25,409,203,206
050,72,101,"Puerto Rico Commonwealth","Morovis Municipio",1,26,425,208,217
050,72,101,"Puerto Rico Commonwealth","Morovis Municipio",1,27,412,194,218
050,72,101,"Puerto Rico Commonwealth","Morovis Municipio",1,28,409,193,216
050,72,101,"Puerto Rico Commonwealth","Morovis Municipio",1,29,445,223,222
050,72,101,"Puerto Rico Commonwealth","Morovis Municipio",1,30,434,229,205
050,72,101,"Puerto Rico Commonwealth","Morovis Municipio",1,31,403,200,203
050,72,101,"Puerto Rico Commonwealth","Morovis Municipio",1,32,381,180,201
050,72,101,"Puerto Rico Commonwealth","Morovis Municipio",1,33,364,174,190
050,72,101,"Puerto Rico Commonwealth","Morovis Municipio",1,34,353,174,179
050,72,101,"Puerto Rico Commonwealth","Morovis Municipio",1,35,357,181,176
050,72,101,"Puerto Rico Commonwealth","Morovis Municipio",1,36,343,177,166
050,72,101,"Puerto Rico Commonwealth","Morovis Municipio",1,37,345,167,178
050,72,101,"Puerto Rico Commonwealth","Morovis Municipio",1,38,368,173,195
050,72,101,"Puerto Rico Commonwealth","Morovis Municipio",1,39,364,174,190
050,72,101,"Puerto Rico Commonwealth","Morovis Municipio",1,40,368,177,191
050,72,101,"Puerto Rico Commonwealth","Morovis Municipio",1,41,359,169,190
050,72,101,"Puerto Rico Commonwealth","Morovis Municipio",1,42,360,166,194
050,72,101,"Puerto Rico Commonwealth","Morovis Municipio",1,43,368,180,188
050,72,101,"Puerto Rico Commonwealth","Morovis Municipio",1,44,344,171,173
050,72,101,"Puerto Rico Commonwealth","Morovis Municipio",1,45,338,165,173
050,72,101,"Puerto Rico Commonwealth","Morovis Municipio",1,46,333,168,165
050,72,101,"Puerto Rico Commonwealth","Morovis Municipio",1,47,352,177,175
050,72,101,"Puerto Rico Commonwealth","Morovis Municipio",1,48,385,186,199
050,72,101,"Puerto Rico Commonwealth","Morovis Municipio",1,49,418,203,215
050,72,101,"Puerto Rico Commonwealth","Morovis Municipio",1,50,380,181,199
050,72,101,"Puerto Rico Commonwealth","Morovis Municipio",1,51,367,185,182
050,72,101,"Puerto Rico Commonwealth","Morovis Municipio",1,52,392,188,204
050,72,101,"Puerto Rico Commonwealth","Morovis Municipio",1,53,394,187,207
050,72,101,"Puerto Rico Commonwealth","Morovis Municipio",1,54,414,201,213
050,72,101,"Puerto Rico Commonwealth","Morovis Municipio",1,55,430,205,225
050,72,101,"Puerto Rico Commonwealth","Morovis Municipio",1,56,425,208,217
050,72,101,"Puerto Rico Commonwealth","Morovis Municipio",1,57,415,200,215
050,72,101,"Puerto Rico Commonwealth","Morovis Municipio",1,58,414,208,206
050,72,101,"Puerto Rico Commonwealth","Morovis Municipio",1,59,421,211,210
050,72,101,"Puerto Rico Commonwealth","Morovis Municipio",1,60,406,209,197
050,72,101,"Puerto Rico Commonwealth","Morovis Municipio",1,61,420,221,199
050,72,101,"Puerto Rico Commonwealth","Morovis Municipio",1,62,419,213,206
050,72,101,"Puerto Rico Commonwealth","Morovis Municipio",1,63,385,188,197
050,72,101,"Puerto Rico Commonwealth","Morovis Municipio",1,64,389,197,192
050,72,101,"Puerto Rico Commonwealth","Morovis Municipio",1,65,365,199,166
050,72,101,"Puerto Rico Commonwealth","Morovis Municipio",1,66,348,187,161
050,72,101,"Puerto Rico Commonwealth","Morovis Municipio",1,67,323,174,149
050,72,101,"Puerto Rico Commonwealth","Morovis Municipio",1,68,306,161,145
050,72,101,"Puerto Rico Commonwealth","Morovis Municipio",1,69,286,143,143
050,72,101,"Puerto Rico Commonwealth","Morovis Municipio",1,70,277,131,146
050,72,101,"Puerto Rico Commonwealth","Morovis Municipio",1,71,268,131,137
050,72,101,"Puerto Rico Commonwealth","Morovis Municipio",1,72,263,133,130
050,72,101,"Puerto Rico Commonwealth","Morovis Municipio",1,73,261,131,130
050,72,101,"Puerto Rico Commonwealth","Morovis Municipio",1,74,249,121,128
050,72,101,"Puerto Rico Commonwealth","Morovis Municipio",1,75,230,105,125
050,72,101,"Puerto Rico Commonwealth","Morovis Municipio",1,76,203,91,112
050,72,101,"Puerto Rico Commonwealth","Morovis Municipio",1,77,182,85,97
050,72,101,"Puerto Rico Commonwealth","Morovis Municipio",1,78,169,83,86
050,72,101,"Puerto Rico Commonwealth","Morovis Municipio",1,79,151,71,80
050,72,101,"Puerto Rico Commonwealth","Morovis Municipio",1,80,150,69,81
050,72,101,"Puerto Rico Commonwealth","Morovis Municipio",1,81,144,74,70
050,72,101,"Puerto Rico Commonwealth","Morovis Municipio",1,82,131,60,71
050,72,101,"Puerto Rico Commonwealth","Morovis Municipio",1,83,117,51,66
050,72,101,"Puerto Rico Commonwealth","Morovis Municipio",1,84,92,35,57
050,72,101,"Puerto Rico Commonwealth","Morovis Municipio",1,85,548,266,282
050,72,101,"Puerto Rico Commonwealth","Morovis Municipio",2,0,204,103,101
050,72,101,"Puerto Rico Commonwealth","Morovis Municipio",2,1,203,100,103
050,72,101,"Puerto Rico Commonwealth","Morovis Municipio",2,2,199,102,97
050,72,101,"Puerto Rico Commonwealth","Morovis Municipio",2,3,217,116,101
050,72,101,"Puerto Rico Commonwealth","Morovis Municipio",2,4,227,118,109
050,72,101,"Puerto Rico Commonwealth","Morovis Municipio",2,5,257,132,125
050,72,101,"Puerto Rico Commonwealth","Morovis Municipio",2,6,266,125,141
050,72,101,"Puerto Rico Commonwealth","Morovis Municipio",2,7,278,144,134
050,72,101,"Puerto Rico Commonwealth","Morovis Municipio",2,8,299,160,139
050,72,101,"Puerto Rico Commonwealth","Morovis Municipio",2,9,317,159,158
050,72,101,"Puerto Rico Commonwealth","Morovis Municipio",2,10,328,159,169
050,72,101,"Puerto Rico Commonwealth","Morovis Municipio",2,11,335,164,171
050,72,101,"Puerto Rico Commonwealth","Morovis Municipio",2,12,339,168,171
050,72,101,"Puerto Rico Commonwealth","Morovis Municipio",2,13,356,188,168
050,72,101,"Puerto Rico Commonwealth","Morovis Municipio",2,14,391,204,187
050,72,101,"Puerto Rico Commonwealth","Morovis Municipio",2,15,389,201,188
050,72,101,"Puerto Rico Commonwealth","Morovis Municipio",2,16,362,186,176
050,72,101,"Puerto Rico Commonwealth","Morovis Municipio",2,17,351,177,174
050,72,101,"Puerto Rico Commonwealth","Morovis Municipio",2,18,356,180,176
050,72,101,"Puerto Rico Commonwealth","Morovis Municipio",2,19,376,201,175
050,72,101,"Puerto Rico Commonwealth","Morovis Municipio",2,20,411,209,202
050,72,101,"Puerto Rico Commonwealth","Morovis Municipio",2,21,392,184,208
050,72,101,"Puerto Rico Commonwealth","Morovis Municipio",2,22,396,177,219
050,72,101,"Puerto Rico Commonwealth","Morovis Municipio",2,23,426,207,219
050,72,101,"Puerto Rico Commonwealth","Morovis Municipio",2,24,412,209,203
050,72,101,"Puerto Rico Commonwealth","Morovis Municipio",2,25,407,203,204
050,72,101,"Puerto Rico Commonwealth","Morovis Municipio",2,26,420,206,214
050,72,101,"Puerto Rico Commonwealth","Morovis Municipio",2,27,415,197,218
050,72,101,"Puerto Rico Commonwealth","Morovis Municipio",2,28,409,193,216
050,72,101,"Puerto Rico Commonwealth","Morovis Municipio",2,29,436,215,221
050,72,101,"Puerto Rico Commonwealth","Morovis Municipio",2,30,437,228,209
050,72,101,"Puerto Rico Commonwealth","Morovis Municipio",2,31,410,207,203
050,72,101,"Puerto Rico Commonwealth","Morovis Municipio",2,32,387,185,202
050,72,101,"Puerto Rico Commonwealth","Morovis Municipio",2,33,369,176,193
050,72,101,"Puerto Rico Commonwealth","Morovis Municipio",2,34,355,174,181
050,72,101,"Puerto Rico Commonwealth","Morovis Municipio",2,35,356,179,177
050,72,101,"Puerto Rico Commonwealth","Morovis Municipio",2,36,347,178,169
050,72,101,"Puerto Rico Commonwealth","Morovis Municipio",2,37,344,169,175
050,72,101,"Puerto Rico Commonwealth","Morovis Municipio",2,38,362,172,190
050,72,101,"Puerto Rico Commonwealth","Morovis Municipio",2,39,366,174,192
050,72,101,"Puerto Rico Commonwealth","Morovis Municipio",2,40,366,176,190
050,72,101,"Puerto Rico Commonwealth","Morovis Municipio",2,41,362,171,191
050,72,101,"Puerto Rico Commonwealth","Morovis Municipio",2,42,360,167,193
050,72,101,"Puerto Rico Commonwealth","Morovis Municipio",2,43,365,176,189
050,72,101,"Puerto Rico Commonwealth","Morovis Municipio",2,44,350,173,177
050,72,101,"Puerto Rico Commonwealth","Morovis Municipio",2,45,340,167,173
050,72,101,"Puerto Rico Commonwealth","Morovis Municipio",2,46,333,167,166
050,72,101,"Puerto Rico Commonwealth","Morovis Municipio",2,47,347,175,172
050,72,101,"Puerto Rico Commonwealth","Morovis Municipio",2,48,377,184,193
050,72,101,"Puerto Rico Commonwealth","Morovis Municipio",2,49,409,198,211
050,72,101,"Puerto Rico Commonwealth","Morovis Municipio",2,50,390,187,203
050,72,101,"Puerto Rico Commonwealth","Morovis Municipio",2,51,371,184,187
050,72,101,"Puerto Rico Commonwealth","Morovis Municipio",2,52,385,187,198
050,72,101,"Puerto Rico Commonwealth","Morovis Municipio",2,53,392,187,205
050,72,101,"Puerto Rico Commonwealth","Morovis Municipio",2,54,411,199,212
050,72,101,"Puerto Rico Commonwealth","Morovis Municipio",2,55,426,204,222
050,72,101,"Puerto Rico Commonwealth","Morovis Municipio",2,56,427,208,219
050,72,101,"Puerto Rico Commonwealth","Morovis Municipio",2,57,417,202,215
050,72,101,"Puerto Rico Commonwealth","Morovis Municipio",2,58,416,207,209
050,72,101,"Puerto Rico Commonwealth","Morovis Municipio",2,59,420,211,209
050,72,101,"Puerto Rico Commonwealth","Morovis Municipio",2,60,410,211,199
050,72,101,"Puerto Rico Commonwealth","Morovis Municipio",2,61,416,218,198
050,72,101,"Puerto Rico Commonwealth","Morovis Municipio",2,62,418,213,205
050,72,101,"Puerto Rico Commonwealth","Morovis Municipio",2,63,392,193,199
050,72,101,"Puerto Rico Commonwealth","Morovis Municipio",2,64,386,193,193
050,72,101,"Puerto Rico Commonwealth","Morovis Municipio",2,65,372,199,173
050,72,101,"Puerto Rico Commonwealth","Morovis Municipio",2,66,351,189,162
050,72,101,"Puerto Rico Commonwealth","Morovis Municipio",2,67,329,177,152
050,72,101,"Puerto Rico Commonwealth","Morovis Municipio",2,68,310,164,146
050,72,101,"Puerto Rico Commonwealth","Morovis Municipio",2,69,288,145,143
050,72,101,"Puerto Rico Commonwealth","Morovis Municipio",2,70,279,133,146
050,72,101,"Puerto Rico Commonwealth","Morovis Municipio",2,71,269,131,138
050,72,101,"Puerto Rico Commonwealth","Morovis Municipio",2,72,263,132,131
050,72,101,"Puerto Rico Commonwealth","Morovis Municipio",2,73,260,131,129
050,72,101,"Puerto Rico Commonwealth","Morovis Municipio",2,74,250,123,127
050,72,101,"Puerto Rico Commonwealth","Morovis Municipio",2,75,233,108,125
050,72,101,"Puerto Rico Commonwealth","Morovis Municipio",2,76,208,93,115
050,72,101,"Puerto Rico Commonwealth","Morovis Municipio",2,77,186,85,101
050,72,101,"Puerto Rico Commonwealth","Morovis Municipio",2,78,172,83,89
050,72,101,"Puerto Rico Commonwealth","Morovis Municipio",2,79,153,72,81
050,72,101,"Puerto Rico Commonwealth","Morovis Municipio",2,80,150,70,80
050,72,101,"Puerto Rico Commonwealth","Morovis Municipio",2,81,140,68,72
050,72,101,"Puerto Rico Commonwealth","Morovis Municipio",2,82,132,62,70
050,72,101,"Puerto Rico Commonwealth","Morovis Municipio",2,83,117,52,65
050,72,101,"Puerto Rico Commonwealth","Morovis Municipio",2,84,97,38,59
050,72,101,"Puerto Rico Commonwealth","Morovis Municipio",2,85,552,266,286
050,72,101,"Puerto Rico Commonwealth","Morovis Municipio",3,0,195,99,96
050,72,101,"Puerto Rico Commonwealth","Morovis Municipio",3,1,205,103,102
050,72,101,"Puerto Rico Commonwealth","Morovis Municipio",3,2,202,99,103
050,72,101,"Puerto Rico Commonwealth","Morovis Municipio",3,3,198,101,97
050,72,101,"Puerto Rico Commonwealth","Morovis Municipio",3,4,216,116,100
050,72,101,"Puerto Rico Commonwealth","Morovis Municipio",3,5,225,117,108
050,72,101,"Puerto Rico Commonwealth","Morovis Municipio",3,6,255,131,124
050,72,101,"Puerto Rico Commonwealth","Morovis Municipio",3,7,265,124,141
050,72,101,"Puerto Rico Commonwealth","Morovis Municipio",3,8,276,143,133
050,72,101,"Puerto Rico Commonwealth","Morovis Municipio",3,9,296,158,138
050,72,101,"Puerto Rico Commonwealth","Morovis Municipio",3,10,315,158,157
050,72,101,"Puerto Rico Commonwealth","Morovis Municipio",3,11,324,157,167
050,72,101,"Puerto Rico Commonwealth","Morovis Municipio",3,12,332,162,170
050,72,101,"Puerto Rico Commonwealth","Morovis Municipio",3,13,335,165,170
050,72,101,"Puerto Rico Commonwealth","Morovis Municipio",3,14,351,185,166
050,72,101,"Puerto Rico Commonwealth","Morovis Municipio",3,15,386,200,186
050,72,101,"Puerto Rico Commonwealth","Morovis Municipio",3,16,384,198,186
050,72,101,"Puerto Rico Commonwealth","Morovis Municipio",3,17,357,183,174
050,72,101,"Puerto Rico Commonwealth","Morovis Municipio",3,18,343,172,171
050,72,101,"Puerto Rico Commonwealth","Morovis Municipio",3,19,348,176,172
050,72,101,"Puerto Rico Commonwealth","Morovis Municipio",3,20,373,199,174
050,72,101,"Puerto Rico Commonwealth","Morovis Municipio",3,21,406,205,201
050,72,101,"Puerto Rico Commonwealth","Morovis Municipio",3,22,389,181,208
050,72,101,"Puerto Rico Commonwealth","Morovis Municipio",3,23,396,176,220
050,72,101,"Puerto Rico Commonwealth","Morovis Municipio",3,24,424,205,219
050,72,101,"Puerto Rico Commonwealth","Morovis Municipio",3,25,412,208,204
050,72,101,"Puerto Rico Commonwealth","Morovis Municipio",3,26,406,203,203
050,72,101,"Puerto Rico Commonwealth","Morovis Municipio",3,27,419,205,214
050,72,101,"Puerto Rico Commonwealth","Morovis Municipio",3,28,415,197,218
050,72,101,"Puerto Rico Commonwealth","Morovis Municipio",3,29,408,192,216
050,72,101,"Puerto Rico Commonwealth","Morovis Municipio",3,30,433,212,221
050,72,101,"Puerto Rico Commonwealth","Morovis Municipio",3,31,440,231,209
050,72,101,"Puerto Rico Commonwealth","Morovis Municipio",3,32,410,207,203
050,72,101,"Puerto Rico Commonwealth","Morovis Municipio",3,33,388,186,202
050,72,101,"Puerto Rico Commonwealth","Morovis Municipio",3,34,366,174,192
050,72,101,"Puerto Rico Commonwealth","Morovis Municipio",3,35,353,172,181
050,72,101,"Puerto Rico Commonwealth","Morovis Municipio",3,36,357,180,177
050,72,101,"Puerto Rico Commonwealth","Morovis Municipio",3,37,342,174,168
050,72,101,"Puerto Rico Commonwealth","Morovis Municipio",3,38,339,166,173
050,72,101,"Puerto Rico Commonwealth","Morovis Municipio",3,39,363,174,189
050,72,101,"Puerto Rico Commonwealth","Morovis Municipio",3,40,365,174,191
050,72,101,"Puerto Rico Commonwealth","Morovis Municipio",3,41,365,176,189
050,72,101,"Puerto Rico Commonwealth","Morovis Municipio",3,42,360,171,189
050,72,101,"Puerto Rico Commonwealth","Morovis Municipio",3,43,358,167,191
050,72,101,"Puerto Rico Commonwealth","Morovis Municipio",3,44,365,177,188
050,72,101,"Puerto Rico Commonwealth","Morovis Municipio",3,45,347,172,175
050,72,101,"Puerto Rico Commonwealth","Morovis Municipio",3,46,339,168,171
050,72,101,"Puerto Rico Commonwealth","Morovis Municipio",3,47,332,167,165
050,72,101,"Puerto Rico Commonwealth","Morovis Municipio",3,48,347,176,171
050,72,101,"Puerto Rico Commonwealth","Morovis Municipio",3,49,377,185,192
050,72,101,"Puerto Rico Commonwealth","Morovis Municipio",3,50,407,197,210
050,72,101,"Puerto Rico Commonwealth","Morovis Municipio",3,51,391,189,202
050,72,101,"Puerto Rico Commonwealth","Morovis Municipio",3,52,372,185,187
050,72,101,"Puerto Rico Commonwealth","Morovis Municipio",3,53,386,188,198
050,72,101,"Puerto Rico Commonwealth","Morovis Municipio",3,54,395,190,205
050,72,101,"Puerto Rico Commonwealth","Morovis Municipio",3,55,408,197,211
050,72,101,"Puerto Rico Commonwealth","Morovis Municipio",3,56,426,204,222
050,72,101,"Puerto Rico Commonwealth","Morovis Municipio",3,57,426,208,218
050,72,101,"Puerto Rico Commonwealth","Morovis Municipio",3,58,419,205,214
050,72,101,"Puerto Rico Commonwealth","Morovis Municipio",3,59,412,204,208
050,72,101,"Puerto Rico Commonwealth","Morovis Municipio",3,60,418,211,207
050,72,101,"Puerto Rico Commonwealth","Morovis Municipio",3,61,409,210,199
050,72,101,"Puerto Rico Commonwealth","Morovis Municipio",3,62,414,217,197
050,72,101,"Puerto Rico Commonwealth","Morovis Municipio",3,63,415,212,203
050,72,101,"Puerto Rico Commonwealth","Morovis Municipio",3,64,390,192,198
050,72,101,"Puerto Rico Commonwealth","Morovis Municipio",3,65,380,191,189
050,72,101,"Puerto Rico Commonwealth","Morovis Municipio",3,66,371,198,173
050,72,101,"Puerto Rico Commonwealth","Morovis Municipio",3,67,346,187,159
050,72,101,"Puerto Rico Commonwealth","Morovis Municipio",3,68,325,176,149
050,72,101,"Puerto Rico Commonwealth","Morovis Municipio",3,69,305,160,145
050,72,101,"Puerto Rico Commonwealth","Morovis Municipio",3,70,282,143,139
050,72,101,"Puerto Rico Commonwealth","Morovis Municipio",3,71,274,131,143
050,72,101,"Puerto Rico Commonwealth","Morovis Municipio",3,72,265,129,136
050,72,101,"Puerto Rico Commonwealth","Morovis Municipio",3,73,257,129,128
050,72,101,"Puerto Rico Commonwealth","Morovis Municipio",3,74,252,129,123
050,72,101,"Puerto Rico Commonwealth","Morovis Municipio",3,75,243,121,122
050,72,101,"Puerto Rico Commonwealth","Morovis Municipio",3,76,225,103,122
050,72,101,"Puerto Rico Commonwealth","Morovis Municipio",3,77,200,87,113
050,72,101,"Puerto Rico Commonwealth","Morovis Municipio",3,78,178,79,99
050,72,101,"Puerto Rico Commonwealth","Morovis Municipio",3,79,167,77,90
050,72,101,"Puerto Rico Commonwealth","Morovis Municipio",3,80,144,69,75
050,72,101,"Puerto Rico Commonwealth","Morovis Municipio",3,81,144,67,77
050,72,101,"Puerto Rico Commonwealth","Morovis Municipio",3,82,132,63,69
050,72,101,"Puerto Rico Commonwealth","Morovis Municipio",3,83,119,51,68
050,72,101,"Puerto Rico Commonwealth","Morovis Municipio",3,84,108,46,62
050,72,101,"Puerto Rico Commonwealth","Morovis Municipio",3,85,582,270,312
050,72,101,"Puerto Rico Commonwealth","Morovis Municipio",4,0,202,105,97
050,72,101,"Puerto Rico Commonwealth","Morovis Municipio",4,1,192,97,95
050,72,101,"Puerto Rico Commonwealth","Morovis Municipio",4,2,201,101,100
050,72,101,"Puerto Rico Commonwealth","Morovis Municipio",4,3,198,97,101
050,72,101,"Puerto Rico Commonwealth","Morovis Municipio",4,4,194,99,95
050,72,101,"Puerto Rico Commonwealth","Morovis Municipio",4,5,212,114,98
050,72,101,"Puerto Rico Commonwealth","Morovis Municipio",4,6,220,114,106
050,72,101,"Puerto Rico Commonwealth","Morovis Municipio",4,7,251,129,122
050,72,101,"Puerto Rico Commonwealth","Morovis Municipio",4,8,260,121,139
050,72,101,"Puerto Rico Commonwealth","Morovis Municipio",4,9,271,140,131
050,72,101,"Puerto Rico Commonwealth","Morovis Municipio",4,10,290,155,135
050,72,101,"Puerto Rico Commonwealth","Morovis Municipio",4,11,308,154,154
050,72,101,"Puerto Rico Commonwealth","Morovis Municipio",4,12,316,153,163
050,72,101,"Puerto Rico Commonwealth","Morovis Municipio",4,13,325,158,167
050,72,101,"Puerto Rico Commonwealth","Morovis Municipio",4,14,327,160,167
050,72,101,"Puerto Rico Commonwealth","Morovis Municipio",4,15,341,178,163
050,72,101,"Puerto Rico Commonwealth","Morovis Municipio",4,16,375,193,182
050,72,101,"Puerto Rico Commonwealth","Morovis Municipio",4,17,374,192,182
050,72,101,"Puerto Rico Commonwealth","Morovis Municipio",4,18,343,175,168
050,72,101,"Puerto Rico Commonwealth","Morovis Municipio",4,19,332,167,165
050,72,101,"Puerto Rico Commonwealth","Morovis Municipio",4,20,343,174,169
050,72,101,"Puerto Rico Commonwealth","Morovis Municipio",4,21,362,192,170
050,72,101,"Puerto Rico Commonwealth","Morovis Municipio",4,22,396,198,198
050,72,101,"Puerto Rico Commonwealth","Morovis Municipio",4,23,385,179,206
050,72,101,"Puerto Rico Commonwealth","Morovis Municipio",4,24,389,171,218
050,72,101,"Puerto Rico Commonwealth","Morovis Municipio",4,25,419,201,218
050,72,101,"Puerto Rico Commonwealth","Morovis Municipio",4,26,408,206,202
050,72,101,"Puerto Rico Commonwealth","Morovis Municipio",4,27,400,199,201
050,72,101,"Puerto Rico Commonwealth","Morovis Municipio",4,28,414,202,212
050,72,101,"Puerto Rico Commonwealth","Morovis Municipio",4,29,410,195,215
050,72,101,"Puerto Rico Commonwealth","Morovis Municipio",4,30,399,185,214
050,72,101,"Puerto Rico Commonwealth","Morovis Municipio",4,31,429,210,219
050,72,101,"Puerto Rico Commonwealth","Morovis Municipio",4,32,433,227,206
050,72,101,"Puerto Rico Commonwealth","Morovis Municipio",4,33,407,206,201
050,72,101,"Puerto Rico Commonwealth","Morovis Municipio",4,34,384,184,200
050,72,101,"Puerto Rico Commonwealth","Morovis Municipio",4,35,361,171,190
050,72,101,"Puerto Rico Commonwealth","Morovis Municipio",4,36,353,174,179
050,72,101,"Puerto Rico Commonwealth","Morovis Municipio",4,37,349,174,175
050,72,101,"Puerto Rico Commonwealth","Morovis Municipio",4,38,334,168,166
050,72,101,"Puerto Rico Commonwealth","Morovis Municipio",4,39,335,165,170
050,72,101,"Puerto Rico Commonwealth","Morovis Municipio",4,40,357,171,186
050,72,101,"Puerto Rico Commonwealth","Morovis Municipio",4,41,362,173,189
050,72,101,"Puerto Rico Commonwealth","Morovis Municipio",4,42,361,174,187
050,72,101,"Puerto Rico Commonwealth","Morovis Municipio",4,43,355,169,186
050,72,101,"Puerto Rico Commonwealth","Morovis Municipio",4,44,353,164,189
050,72,101,"Puerto Rico Commonwealth","Morovis Municipio",4,45,360,175,185
050,72,101,"Puerto Rico Commonwealth","Morovis Municipio",4,46,346,173,173
050,72,101,"Puerto Rico Commonwealth","Morovis Municipio",4,47,336,167,169
050,72,101,"Puerto Rico Commonwealth","Morovis Municipio",4,48,330,167,163
050,72,101,"Puerto Rico Commonwealth","Morovis Municipio",4,49,341,172,169
050,72,101,"Puerto Rico Commonwealth","Morovis Municipio",4,50,374,184,190
050,72,101,"Puerto Rico Commonwealth","Morovis Municipio",4,51,403,195,208
050,72,101,"Puerto Rico Commonwealth","Morovis Municipio",4,52,389,189,200
050,72,101,"Puerto Rico Commonwealth","Morovis Municipio",4,53,369,183,186
050,72,101,"Puerto Rico Commonwealth","Morovis Municipio",4,54,387,190,197
050,72,101,"Puerto Rico Commonwealth","Morovis Municipio",4,55,392,188,204
050,72,101,"Puerto Rico Commonwealth","Morovis Municipio",4,56,407,197,210
050,72,101,"Puerto Rico Commonwealth","Morovis Municipio",4,57,426,205,221
050,72,101,"Puerto Rico Commonwealth","Morovis Municipio",4,58,429,212,217
050,72,101,"Puerto Rico Commonwealth","Morovis Municipio",4,59,413,201,212
050,72,101,"Puerto Rico Commonwealth","Morovis Municipio",4,60,411,205,206
050,72,101,"Puerto Rico Commonwealth","Morovis Municipio",4,61,417,212,205
050,72,101,"Puerto Rico Commonwealth","Morovis Municipio",4,62,407,209,198
050,72,101,"Puerto Rico Commonwealth","Morovis Municipio",4,63,409,214,195
050,72,101,"Puerto Rico Commonwealth","Morovis Municipio",4,64,413,212,201
050,72,101,"Puerto Rico Commonwealth","Morovis Municipio",4,65,385,190,195
050,72,101,"Puerto Rico Commonwealth","Morovis Municipio",4,66,376,188,188
050,72,101,"Puerto Rico Commonwealth","Morovis Municipio",4,67,369,199,170
050,72,101,"Puerto Rico Commonwealth","Morovis Municipio",4,68,339,183,156
050,72,101,"Puerto Rico Commonwealth","Morovis Municipio",4,69,320,172,148
050,72,101,"Puerto Rico Commonwealth","Morovis Municipio",4,70,303,160,143
050,72,101,"Puerto Rico Commonwealth","Morovis Municipio",4,71,276,141,135
050,72,101,"Puerto Rico Commonwealth","Morovis Municipio",4,72,268,128,140
050,72,101,"Puerto Rico Commonwealth","Morovis Municipio",4,73,260,128,132
050,72,101,"Puerto Rico Commonwealth","Morovis Municipio",4,74,249,125,124
050,72,101,"Puerto Rico Commonwealth","Morovis Municipio",4,75,247,128,119
050,72,101,"Puerto Rico Commonwealth","Morovis Municipio",4,76,236,117,119
050,72,101,"Puerto Rico Commonwealth","Morovis Municipio",4,77,218,100,118
050,72,101,"Puerto Rico Commonwealth","Morovis Municipio",4,78,188,82,106
050,72,101,"Puerto Rico Commonwealth","Morovis Municipio",4,79,172,73,99
050,72,101,"Puerto Rico Commonwealth","Morovis Municipio",4,80,159,73,86
050,72,101,"Puerto Rico Commonwealth","Morovis Municipio",4,81,133,62,71
050,72,101,"Puerto Rico Commonwealth","Morovis Municipio",4,82,133,62,71
050,72,101,"Puerto Rico Commonwealth","Morovis Municipio",4,83,122,57,65
050,72,101,"Puerto Rico Commonwealth","Morovis Municipio",4,84,107,46,61
050,72,101,"Puerto Rico Commonwealth","Morovis Municipio",4,85,617,286,331
050,72,101,"Puerto Rico Commonwealth","Morovis Municipio",5,0,194,96,98
050,72,101,"Puerto Rico Commonwealth","Morovis Municipio",5,1,201,105,96
050,72,101,"Puerto Rico Commonwealth","Morovis Municipio",5,2,192,97,95
050,72,101,"Puerto Rico Commonwealth","Morovis Municipio",5,3,201,101,100
050,72,101,"Puerto Rico Commonwealth","Morovis Municipio",5,4,198,97,101
050,72,101,"Puerto Rico Commonwealth","Morovis Municipio",5,5,194,99,95
050,72,101,"Puerto Rico Commonwealth","Morovis Municipio",5,6,212,114,98
050,72,101,"Puerto Rico Commonwealth","Morovis Municipio",5,7,219,113,106
050,72,101,"Puerto Rico Commonwealth","Morovis Municipio",5,8,251,129,122
050,72,101,"Puerto Rico Commonwealth","Morovis Municipio",5,9,258,119,139
050,72,101,"Puerto Rico Commonwealth","Morovis Municipio",5,10,269,139,130
050,72,101,"Puerto Rico Commonwealth","Morovis Municipio",5,11,288,154,134
050,72,101,"Puerto Rico Commonwealth","Morovis Municipio",5,12,306,153,153
050,72,101,"Puerto Rico Commonwealth","Morovis Municipio",5,13,313,151,162
050,72,101,"Puerto Rico Commonwealth","Morovis Municipio",5,14,322,156,166
050,72,101,"Puerto Rico Commonwealth","Morovis Municipio",5,15,323,157,166
050,72,101,"Puerto Rico Commonwealth","Morovis Municipio",5,16,336,175,161
050,72,101,"Puerto Rico Commonwealth","Morovis Municipio",5,17,370,190,180
050,72,101,"Puerto Rico Commonwealth","Morovis Municipio",5,18,366,187,179
050,72,101,"Puerto Rico Commonwealth","Morovis Municipio",5,19,338,173,165
050,72,101,"Puerto Rico Commonwealth","Morovis Municipio",5,20,332,167,165
050,72,101,"Puerto Rico Commonwealth","Morovis Municipio",5,21,338,169,169
050,72,101,"Puerto Rico Commonwealth","Morovis Municipio",5,22,357,187,170
050,72,101,"Puerto Rico Commonwealth","Morovis Municipio",5,23,398,199,199
050,72,101,"Puerto Rico Commonwealth","Morovis Municipio",5,24,383,176,207
050,72,101,"Puerto Rico Commonwealth","Morovis Municipio",5,25,389,170,219
050,72,101,"Puerto Rico Commonwealth","Morovis Municipio",5,26,422,202,220
050,72,101,"Puerto Rico Commonwealth","Morovis Municipio",5,27,408,205,203
050,72,101,"Puerto Rico Commonwealth","Morovis Municipio",5,28,400,199,201
050,72,101,"Puerto Rico Commonwealth","Morovis Municipio",5,29,416,204,212
050,72,101,"Puerto Rico Commonwealth","Morovis Municipio",5,30,407,191,216
050,72,101,"Puerto Rico Commonwealth","Morovis Municipio",5,31,399,185,214
050,72,101,"Puerto Rico Commonwealth","Morovis Municipio",5,32,427,207,220
050,72,101,"Puerto Rico Commonwealth","Morovis Municipio",5,33,437,230,207
050,72,101,"Puerto Rico Commonwealth","Morovis Municipio",5,34,408,207,201
050,72,101,"Puerto Rico Commonwealth","Morovis Municipio",5,35,381,181,200
050,72,101,"Puerto Rico Commonwealth","Morovis Municipio",5,36,368,178,190
050,72,101,"Puerto Rico Commonwealth","Morovis Municipio",5,37,345,166,179
050,72,101,"Puerto Rico Commonwealth","Morovis Municipio",5,38,348,173,175
050,72,101,"Puerto Rico Commonwealth","Morovis Municipio",5,39,333,168,165
050,72,101,"Puerto Rico Commonwealth","Morovis Municipio",5,40,334,166,168
050,72,101,"Puerto Rico Commonwealth","Morovis Municipio",5,41,359,173,186
050,72,101,"Puerto Rico Commonwealth","Morovis Municipio",5,42,357,170,187
050,72,101,"Puerto Rico Commonwealth","Morovis Municipio",5,43,361,175,186
050,72,101,"Puerto Rico Commonwealth","Morovis Municipio",5,44,354,169,185
050,72,101,"Puerto Rico Commonwealth","Morovis Municipio",5,45,352,164,188
050,72,101,"Puerto Rico Commonwealth","Morovis Municipio",5,46,362,178,184
050,72,101,"Puerto Rico Commonwealth","Morovis Municipio",5,47,345,173,172
050,72,101,"Puerto Rico Commonwealth","Morovis Municipio",5,48,338,169,169
050,72,101,"Puerto Rico Commonwealth","Morovis Municipio",5,49,328,167,161
050,72,101,"Puerto Rico Commonwealth","Morovis Municipio",5,50,340,173,167
050,72,101,"Puerto Rico Commonwealth","Morovis Municipio",5,51,374,185,189
050,72,101,"Puerto Rico Commonwealth","Morovis Municipio",5,52,404,196,208
050,72,101,"Puerto Rico Commonwealth","Morovis Municipio",5,53,389,191,198
050,72,101,"Puerto Rico Commonwealth","Morovis Municipio",5,54,371,185,186
050,72,101,"Puerto Rico Commonwealth","Morovis Municipio",5,55,384,188,196
050,72,101,"Puerto Rico Commonwealth","Morovis Municipio",5,56,389,186,203
050,72,101,"Puerto Rico Commonwealth","Morovis Municipio",5,57,407,199,208
050,72,101,"Puerto Rico Commonwealth","Morovis Municipio",5,58,430,211,219
050,72,101,"Puerto Rico Commonwealth","Morovis Municipio",5,59,426,210,216
050,72,101,"Puerto Rico Commonwealth","Morovis Municipio",5,60,410,200,210
050,72,101,"Puerto Rico Commonwealth","Morovis Municipio",5,61,410,205,205
050,72,101,"Puerto Rico Commonwealth","Morovis Municipio",5,62,414,210,204
050,72,101,"Puerto Rico Commonwealth","Morovis Municipio",5,63,406,209,197
050,72,101,"Puerto Rico Commonwealth","Morovis Municipio",5,64,410,215,195
050,72,101,"Puerto Rico Commonwealth","Morovis Municipio",5,65,411,211,200
050,72,101,"Puerto Rico Commonwealth","Morovis Municipio",5,66,381,187,194
050,72,101,"Puerto Rico Commonwealth","Morovis Municipio",5,67,373,186,187
050,72,101,"Puerto Rico Commonwealth","Morovis Municipio",5,68,365,196,169
050,72,101,"Puerto Rico Commonwealth","Morovis Municipio",5,69,337,182,155
050,72,101,"Puerto Rico Commonwealth","Morovis Municipio",5,70,316,170,146
050,72,101,"Puerto Rico Commonwealth","Morovis Municipio",5,71,299,158,141
050,72,101,"Puerto Rico Commonwealth","Morovis Municipio",5,72,272,138,134
050,72,101,"Puerto Rico Commonwealth","Morovis Municipio",5,73,263,125,138
050,72,101,"Puerto Rico Commonwealth","Morovis Municipio",5,74,255,127,128
050,72,101,"Puerto Rico Commonwealth","Morovis Municipio",5,75,242,123,119
050,72,101,"Puerto Rico Commonwealth","Morovis Municipio",5,76,240,123,117
050,72,101,"Puerto Rico Commonwealth","Morovis Municipio",5,77,229,113,116
050,72,101,"Puerto Rico Commonwealth","Morovis Municipio",5,78,211,98,113
050,72,101,"Puerto Rico Commonwealth","Morovis Municipio",5,79,186,79,107
050,72,101,"Puerto Rico Commonwealth","Morovis Municipio",5,80,169,72,97
050,72,101,"Puerto Rico Commonwealth","Morovis Municipio",5,81,140,66,74
050,72,101,"Puerto Rico Commonwealth","Morovis Municipio",5,82,122,56,66
050,72,101,"Puerto Rico Commonwealth","Morovis Municipio",5,83,125,59,66
050,72,101,"Puerto Rico Commonwealth","Morovis Municipio",5,84,118,57,61
050,72,101,"Puerto Rico Commonwealth","Morovis Municipio",5,85,642,295,347
050,72,103,"Puerto Rico Commonwealth","Naguabo Municipio",1,0,157,85,72
050,72,103,"Puerto Rico Commonwealth","Naguabo Municipio",1,1,158,81,77
050,72,103,"Puerto Rico Commonwealth","Naguabo Municipio",1,2,162,80,82
050,72,103,"Puerto Rico Commonwealth","Naguabo Municipio",1,3,178,93,85
050,72,103,"Puerto Rico Commonwealth","Naguabo Municipio",1,4,199,100,99
050,72,103,"Puerto Rico Commonwealth","Naguabo Municipio",1,5,200,94,106
050,72,103,"Puerto Rico Commonwealth","Naguabo Municipio",1,6,224,115,109
050,72,103,"Puerto Rico Commonwealth","Naguabo Municipio",1,7,240,125,115
050,72,103,"Puerto Rico Commonwealth","Naguabo Municipio",1,8,267,134,133
050,72,103,"Puerto Rico Commonwealth","Naguabo Municipio",1,9,292,141,151
050,72,103,"Puerto Rico Commonwealth","Naguabo Municipio",1,10,310,151,159
050,72,103,"Puerto Rico Commonwealth","Naguabo Municipio",1,11,322,164,158
050,72,103,"Puerto Rico Commonwealth","Naguabo Municipio",1,12,322,165,157
050,72,103,"Puerto Rico Commonwealth","Naguabo Municipio",1,13,347,170,177
050,72,103,"Puerto Rico Commonwealth","Naguabo Municipio",1,14,351,172,179
050,72,103,"Puerto Rico Commonwealth","Naguabo Municipio",1,15,322,156,166
050,72,103,"Puerto Rico Commonwealth","Naguabo Municipio",1,16,320,158,162
050,72,103,"Puerto Rico Commonwealth","Naguabo Municipio",1,17,329,169,160
050,72,103,"Puerto Rico Commonwealth","Naguabo Municipio",1,18,315,150,165
050,72,103,"Puerto Rico Commonwealth","Naguabo Municipio",1,19,312,157,155
050,72,103,"Puerto Rico Commonwealth","Naguabo Municipio",1,20,314,160,154
050,72,103,"Puerto Rico Commonwealth","Naguabo Municipio",1,21,302,147,155
050,72,103,"Puerto Rico Commonwealth","Naguabo Municipio",1,22,314,159,155
050,72,103,"Puerto Rico Commonwealth","Naguabo Municipio",1,23,320,157,163
050,72,103,"Puerto Rico Commonwealth","Naguabo Municipio",1,24,335,155,180
050,72,103,"Puerto Rico Commonwealth","Naguabo Municipio",1,25,335,147,188
050,72,103,"Puerto Rico Commonwealth","Naguabo Municipio",1,26,341,160,181
050,72,103,"Puerto Rico Commonwealth","Naguabo Municipio",1,27,341,159,182
050,72,103,"Puerto Rico Commonwealth","Naguabo Municipio",1,28,351,165,186
050,72,103,"Puerto Rico Commonwealth","Naguabo Municipio",1,29,353,155,198
050,72,103,"Puerto Rico Commonwealth","Naguabo Municipio",1,30,346,157,189
050,72,103,"Puerto Rico Commonwealth","Naguabo Municipio",1,31,314,139,175
050,72,103,"Puerto Rico Commonwealth","Naguabo Municipio",1,32,271,123,148
050,72,103,"Puerto Rico Commonwealth","Naguabo Municipio",1,33,279,126,153
050,72,103,"Puerto Rico Commonwealth","Naguabo Municipio",1,34,287,121,166
050,72,103,"Puerto Rico Commonwealth","Naguabo Municipio",1,35,288,114,174
050,72,103,"Puerto Rico Commonwealth","Naguabo Municipio",1,36,305,118,187
050,72,103,"Puerto Rico Commonwealth","Naguabo Municipio",1,37,291,124,167
050,72,103,"Puerto Rico Commonwealth","Naguabo Municipio",1,38,305,144,161
050,72,103,"Puerto Rico Commonwealth","Naguabo Municipio",1,39,340,155,185
050,72,103,"Puerto Rico Commonwealth","Naguabo Municipio",1,40,358,169,189
050,72,103,"Puerto Rico Commonwealth","Naguabo Municipio",1,41,329,149,180
050,72,103,"Puerto Rico Commonwealth","Naguabo Municipio",1,42,338,155,183
050,72,103,"Puerto Rico Commonwealth","Naguabo Municipio",1,43,323,143,180
050,72,103,"Puerto Rico Commonwealth","Naguabo Municipio",1,44,314,134,180
050,72,103,"Puerto Rico Commonwealth","Naguabo Municipio",1,45,316,132,184
050,72,103,"Puerto Rico Commonwealth","Naguabo Municipio",1,46,308,134,174
050,72,103,"Puerto Rico Commonwealth","Naguabo Municipio",1,47,320,144,176
050,72,103,"Puerto Rico Commonwealth","Naguabo Municipio",1,48,323,152,171
050,72,103,"Puerto Rico Commonwealth","Naguabo Municipio",1,49,313,149,164
050,72,103,"Puerto Rico Commonwealth","Naguabo Municipio",1,50,309,145,164
050,72,103,"Puerto Rico Commonwealth","Naguabo Municipio",1,51,278,130,148
050,72,103,"Puerto Rico Commonwealth","Naguabo Municipio",1,52,264,121,143
050,72,103,"Puerto Rico Commonwealth","Naguabo Municipio",1,53,261,121,140
050,72,103,"Puerto Rico Commonwealth","Naguabo Municipio",1,54,269,118,151
050,72,103,"Puerto Rico Commonwealth","Naguabo Municipio",1,55,269,122,147
050,72,103,"Puerto Rico Commonwealth","Naguabo Municipio",1,56,255,115,140
050,72,103,"Puerto Rico Commonwealth","Naguabo Municipio",1,57,262,116,146
050,72,103,"Puerto Rico Commonwealth","Naguabo Municipio",1,58,259,121,138
050,72,103,"Puerto Rico Commonwealth","Naguabo Municipio",1,59,259,118,141
050,72,103,"Puerto Rico Commonwealth","Naguabo Municipio",1,60,254,118,136
050,72,103,"Puerto Rico Commonwealth","Naguabo Municipio",1,61,257,118,139
050,72,103,"Puerto Rico Commonwealth","Naguabo Municipio",1,62,249,109,140
050,72,103,"Puerto Rico Commonwealth","Naguabo Municipio",1,63,269,130,139
050,72,103,"Puerto Rico Commonwealth","Naguabo Municipio",1,64,276,127,149
050,72,103,"Puerto Rico Commonwealth","Naguabo Municipio",1,65,266,124,142
050,72,103,"Puerto Rico Commonwealth","Naguabo Municipio",1,66,265,121,144
050,72,103,"Puerto Rico Commonwealth","Naguabo Municipio",1,67,250,118,132
050,72,103,"Puerto Rico Commonwealth","Naguabo Municipio",1,68,228,106,122
050,72,103,"Puerto Rico Commonwealth","Naguabo Municipio",1,69,230,108,122
050,72,103,"Puerto Rico Commonwealth","Naguabo Municipio",1,70,225,101,124
050,72,103,"Puerto Rico Commonwealth","Naguabo Municipio",1,71,233,110,123
050,72,103,"Puerto Rico Commonwealth","Naguabo Municipio",1,72,253,122,131
050,72,103,"Puerto Rico Commonwealth","Naguabo Municipio",1,73,248,117,131
050,72,103,"Puerto Rico Commonwealth","Naguabo Municipio",1,74,231,104,127
050,72,103,"Puerto Rico Commonwealth","Naguabo Municipio",1,75,223,107,116
050,72,103,"Puerto Rico Commonwealth","Naguabo Municipio",1,76,200,97,103
050,72,103,"Puerto Rico Commonwealth","Naguabo Municipio",1,77,165,82,83
050,72,103,"Puerto Rico Commonwealth","Naguabo Municipio",1,78,154,71,83
050,72,103,"Puerto Rico Commonwealth","Naguabo Municipio",1,79,155,67,88
050,72,103,"Puerto Rico Commonwealth","Naguabo Municipio",1,80,149,61,88
050,72,103,"Puerto Rico Commonwealth","Naguabo Municipio",1,81,124,53,71
050,72,103,"Puerto Rico Commonwealth","Naguabo Municipio",1,82,115,54,61
050,72,103,"Puerto Rico Commonwealth","Naguabo Municipio",1,83,107,43,64
050,72,103,"Puerto Rico Commonwealth","Naguabo Municipio",1,84,99,39,60
050,72,103,"Puerto Rico Commonwealth","Naguabo Municipio",1,85,575,203,372
050,72,103,"Puerto Rico Commonwealth","Naguabo Municipio",2,0,159,87,72
050,72,103,"Puerto Rico Commonwealth","Naguabo Municipio",2,1,158,82,76
050,72,103,"Puerto Rico Commonwealth","Naguabo Municipio",2,2,161,80,81
050,72,103,"Puerto Rico Commonwealth","Naguabo Municipio",2,3,174,90,84
050,72,103,"Puerto Rico Commonwealth","Naguabo Municipio",2,4,193,98,95
050,72,103,"Puerto Rico Commonwealth","Naguabo Municipio",2,5,201,96,105
050,72,103,"Puerto Rico Commonwealth","Naguabo Municipio",2,6,217,109,108
050,72,103,"Puerto Rico Commonwealth","Naguabo Municipio",2,7,236,123,113
050,72,103,"Puerto Rico Commonwealth","Naguabo Municipio",2,8,261,132,129
050,72,103,"Puerto Rico Commonwealth","Naguabo Municipio",2,9,285,139,146
050,72,103,"Puerto Rico Commonwealth","Naguabo Municipio",2,10,305,148,157
050,72,103,"Puerto Rico Commonwealth","Naguabo Municipio",2,11,320,161,159
050,72,103,"Puerto Rico Commonwealth","Naguabo Municipio",2,12,322,165,157
050,72,103,"Puerto Rico Commonwealth","Naguabo Municipio",2,13,341,169,172
050,72,103,"Puerto Rico Commonwealth","Naguabo Municipio",2,14,349,171,178
050,72,103,"Puerto Rico Commonwealth","Naguabo Municipio",2,15,330,160,170
050,72,103,"Puerto Rico Commonwealth","Naguabo Municipio",2,16,321,158,163
050,72,103,"Puerto Rico Commonwealth","Naguabo Municipio",2,17,326,166,160
050,72,103,"Puerto Rico Commonwealth","Naguabo Municipio",2,18,319,155,164
050,72,103,"Puerto Rico Commonwealth","Naguabo Municipio",2,19,312,155,157
050,72,103,"Puerto Rico Commonwealth","Naguabo Municipio",2,20,313,159,154
050,72,103,"Puerto Rico Commonwealth","Naguabo Municipio",2,21,303,150,153
050,72,103,"Puerto Rico Commonwealth","Naguabo Municipio",2,22,311,156,155
050,72,103,"Puerto Rico Commonwealth","Naguabo Municipio",2,23,319,158,161
050,72,103,"Puerto Rico Commonwealth","Naguabo Municipio",2,24,331,155,176
050,72,103,"Puerto Rico Commonwealth","Naguabo Municipio",2,25,335,149,186
050,72,103,"Puerto Rico Commonwealth","Naguabo Municipio",2,26,340,157,183
050,72,103,"Puerto Rico Commonwealth","Naguabo Municipio",2,27,341,159,182
050,72,103,"Puerto Rico Commonwealth","Naguabo Municipio",2,28,349,164,185
050,72,103,"Puerto Rico Commonwealth","Naguabo Municipio",2,29,352,157,195
050,72,103,"Puerto Rico Commonwealth","Naguabo Municipio",2,30,348,157,191
050,72,103,"Puerto Rico Commonwealth","Naguabo Municipio",2,31,321,143,178
050,72,103,"Puerto Rico Commonwealth","Naguabo Municipio",2,32,282,127,155
050,72,103,"Puerto Rico Commonwealth","Naguabo Municipio",2,33,278,126,152
050,72,103,"Puerto Rico Commonwealth","Naguabo Municipio",2,34,285,122,163
050,72,103,"Puerto Rico Commonwealth","Naguabo Municipio",2,35,288,116,172
050,72,103,"Puerto Rico Commonwealth","Naguabo Municipio",2,36,300,117,183
050,72,103,"Puerto Rico Commonwealth","Naguabo Municipio",2,37,293,121,172
050,72,103,"Puerto Rico Commonwealth","Naguabo Municipio",2,38,302,139,163
050,72,103,"Puerto Rico Commonwealth","Naguabo Municipio",2,39,331,152,179
050,72,103,"Puerto Rico Commonwealth","Naguabo Municipio",2,40,354,166,188
050,72,103,"Puerto Rico Commonwealth","Naguabo Municipio",2,41,336,154,182
050,72,103,"Puerto Rico Commonwealth","Naguabo Municipio",2,42,335,153,182
050,72,103,"Puerto Rico Commonwealth","Naguabo Municipio",2,43,327,146,181
050,72,103,"Puerto Rico Commonwealth","Naguabo Municipio",2,44,317,137,180
050,72,103,"Puerto Rico Commonwealth","Naguabo Municipio",2,45,314,132,182
050,72,103,"Puerto Rico Commonwealth","Naguabo Municipio",2,46,311,134,177
050,72,103,"Puerto Rico Commonwealth","Naguabo Municipio",2,47,315,141,174
050,72,103,"Puerto Rico Commonwealth","Naguabo Municipio",2,48,322,150,172
050,72,103,"Puerto Rico Commonwealth","Naguabo Municipio",2,49,315,149,166
050,72,103,"Puerto Rico Commonwealth","Naguabo Municipio",2,50,310,146,164
050,72,103,"Puerto Rico Commonwealth","Naguabo Municipio",2,51,286,134,152
050,72,103,"Puerto Rico Commonwealth","Naguabo Municipio",2,52,267,123,144
050,72,103,"Puerto Rico Commonwealth","Naguabo Municipio",2,53,262,121,141
050,72,103,"Puerto Rico Commonwealth","Naguabo Municipio",2,54,267,119,148
050,72,103,"Puerto Rico Commonwealth","Naguabo Municipio",2,55,269,121,148
050,72,103,"Puerto Rico Commonwealth","Naguabo Municipio",2,56,257,115,142
050,72,103,"Puerto Rico Commonwealth","Naguabo Municipio",2,57,261,116,145
050,72,103,"Puerto Rico Commonwealth","Naguabo Municipio",2,58,260,120,140
050,72,103,"Puerto Rico Commonwealth","Naguabo Municipio",2,59,259,119,140
050,72,103,"Puerto Rico Commonwealth","Naguabo Municipio",2,60,255,118,137
050,72,103,"Puerto Rico Commonwealth","Naguabo Municipio",2,61,255,117,138
050,72,103,"Puerto Rico Commonwealth","Naguabo Municipio",2,62,250,111,139
050,72,103,"Puerto Rico Commonwealth","Naguabo Municipio",2,63,264,125,139
050,72,103,"Puerto Rico Commonwealth","Naguabo Municipio",2,64,274,127,147
050,72,103,"Puerto Rico Commonwealth","Naguabo Municipio",2,65,268,124,144
050,72,103,"Puerto Rico Commonwealth","Naguabo Municipio",2,66,264,122,142
050,72,103,"Puerto Rico Commonwealth","Naguabo Municipio",2,67,253,119,134
050,72,103,"Puerto Rico Commonwealth","Naguabo Municipio",2,68,233,108,125
050,72,103,"Puerto Rico Commonwealth","Naguabo Municipio",2,69,229,107,122
050,72,103,"Puerto Rico Commonwealth","Naguabo Municipio",2,70,225,102,123
050,72,103,"Puerto Rico Commonwealth","Naguabo Municipio",2,71,231,108,123
050,72,103,"Puerto Rico Commonwealth","Naguabo Municipio",2,72,246,117,129
050,72,103,"Puerto Rico Commonwealth","Naguabo Municipio",2,73,248,118,130
050,72,103,"Puerto Rico Commonwealth","Naguabo Municipio",2,74,233,107,126
050,72,103,"Puerto Rico Commonwealth","Naguabo Municipio",2,75,223,105,118
050,72,103,"Puerto Rico Commonwealth","Naguabo Municipio",2,76,206,100,106
050,72,103,"Puerto Rico Commonwealth","Naguabo Municipio",2,77,173,85,88
050,72,103,"Puerto Rico Commonwealth","Naguabo Municipio",2,78,156,73,83
050,72,103,"Puerto Rico Commonwealth","Naguabo Municipio",2,79,156,68,88
050,72,103,"Puerto Rico Commonwealth","Naguabo Municipio",2,80,150,63,87
050,72,103,"Puerto Rico Commonwealth","Naguabo Municipio",2,81,130,55,75
050,72,103,"Puerto Rico Commonwealth","Naguabo Municipio",2,82,117,53,64
050,72,103,"Puerto Rico Commonwealth","Naguabo Municipio",2,83,107,45,62
050,72,103,"Puerto Rico Commonwealth","Naguabo Municipio",2,84,100,39,61
050,72,103,"Puerto Rico Commonwealth","Naguabo Municipio",2,85,582,203,379
050,72,103,"Puerto Rico Commonwealth","Naguabo Municipio",3,0,164,83,81
050,72,103,"Puerto Rico Commonwealth","Naguabo Municipio",3,1,160,88,72
050,72,103,"Puerto Rico Commonwealth","Naguabo Municipio",3,2,159,83,76
050,72,103,"Puerto Rico Commonwealth","Naguabo Municipio",3,3,162,81,81
050,72,103,"Puerto Rico Commonwealth","Naguabo Municipio",3,4,175,91,84
050,72,103,"Puerto Rico Commonwealth","Naguabo Municipio",3,5,194,99,95
050,72,103,"Puerto Rico Commonwealth","Naguabo Municipio",3,6,201,96,105
050,72,103,"Puerto Rico Commonwealth","Naguabo Municipio",3,7,217,109,108
050,72,103,"Puerto Rico Commonwealth","Naguabo Municipio",3,8,238,125,113
050,72,103,"Puerto Rico Commonwealth","Naguabo Municipio",3,9,259,130,129
050,72,103,"Puerto Rico Commonwealth","Naguabo Municipio",3,10,285,139,146
050,72,103,"Puerto Rico Commonwealth","Naguabo Municipio",3,11,303,147,156
050,72,103,"Puerto Rico Commonwealth","Naguabo Municipio",3,12,319,160,159
050,72,103,"Puerto Rico Commonwealth","Naguabo Municipio",3,13,320,164,156
050,72,103,"Puerto Rico Commonwealth","Naguabo Municipio",3,14,338,167,171
050,72,103,"Puerto Rico Commonwealth","Naguabo Municipio",3,15,347,169,178
050,72,103,"Puerto Rico Commonwealth","Naguabo Municipio",3,16,328,158,170
050,72,103,"Puerto Rico Commonwealth","Naguabo Municipio",3,17,317,155,162
050,72,103,"Puerto Rico Commonwealth","Naguabo Municipio",3,18,321,163,158
050,72,103,"Puerto Rico Commonwealth","Naguabo Municipio",3,19,314,152,162
050,72,103,"Puerto Rico Commonwealth","Naguabo Municipio",3,20,311,153,158
050,72,103,"Puerto Rico Commonwealth","Naguabo Municipio",3,21,314,159,155
050,72,103,"Puerto Rico Commonwealth","Naguabo Municipio",3,22,304,149,155
050,72,103,"Puerto Rico Commonwealth","Naguabo Municipio",3,23,314,156,158
050,72,103,"Puerto Rico Commonwealth","Naguabo Municipio",3,24,321,157,164
050,72,103,"Puerto Rico Commonwealth","Naguabo Municipio",3,25,338,155,183
050,72,103,"Puerto Rico Commonwealth","Naguabo Municipio",3,26,333,148,185
050,72,103,"Puerto Rico Commonwealth","Naguabo Municipio",3,27,343,158,185
050,72,103,"Puerto Rico Commonwealth","Naguabo Municipio",3,28,340,157,183
050,72,103,"Puerto Rico Commonwealth","Naguabo Municipio",3,29,348,161,187
050,72,103,"Puerto Rico Commonwealth","Naguabo Municipio",3,30,355,158,197
050,72,103,"Puerto Rico Commonwealth","Naguabo Municipio",3,31,351,159,192
050,72,103,"Puerto Rico Commonwealth","Naguabo Municipio",3,32,318,139,179
050,72,103,"Puerto Rico Commonwealth","Naguabo Municipio",3,33,293,137,156
050,72,103,"Puerto Rico Commonwealth","Naguabo Municipio",3,34,268,117,151
050,72,103,"Puerto Rico Commonwealth","Naguabo Municipio",3,35,285,122,163
050,72,103,"Puerto Rico Commonwealth","Naguabo Municipio",3,36,289,115,174
050,72,103,"Puerto Rico Commonwealth","Naguabo Municipio",3,37,297,116,181
050,72,103,"Puerto Rico Commonwealth","Naguabo Municipio",3,38,292,120,172
050,72,103,"Puerto Rico Commonwealth","Naguabo Municipio",3,39,300,138,162
050,72,103,"Puerto Rico Commonwealth","Naguabo Municipio",3,40,338,160,178
050,72,103,"Puerto Rico Commonwealth","Naguabo Municipio",3,41,346,159,187
050,72,103,"Puerto Rico Commonwealth","Naguabo Municipio",3,42,335,154,181
050,72,103,"Puerto Rico Commonwealth","Naguabo Municipio",3,43,329,149,180
050,72,103,"Puerto Rico Commonwealth","Naguabo Municipio",3,44,324,144,180
050,72,103,"Puerto Rico Commonwealth","Naguabo Municipio",3,45,315,136,179
050,72,103,"Puerto Rico Commonwealth","Naguabo Municipio",3,46,317,137,180
050,72,103,"Puerto Rico Commonwealth","Naguabo Municipio",3,47,303,127,176
050,72,103,"Puerto Rico Commonwealth","Naguabo Municipio",3,48,314,141,173
050,72,103,"Puerto Rico Commonwealth","Naguabo Municipio",3,49,316,145,171
050,72,103,"Puerto Rico Commonwealth","Naguabo Municipio",3,50,310,145,165
050,72,103,"Puerto Rico Commonwealth","Naguabo Municipio",3,51,307,146,161
050,72,103,"Puerto Rico Commonwealth","Naguabo Municipio",3,52,283,132,151
050,72,103,"Puerto Rico Commonwealth","Naguabo Municipio",3,53,266,124,142
050,72,103,"Puerto Rico Commonwealth","Naguabo Municipio",3,54,256,117,139
050,72,103,"Puerto Rico Commonwealth","Naguabo Municipio",3,55,267,120,147
050,72,103,"Puerto Rico Commonwealth","Naguabo Municipio",3,56,266,121,145
050,72,103,"Puerto Rico Commonwealth","Naguabo Municipio",3,57,252,111,141
050,72,103,"Puerto Rico Commonwealth","Naguabo Municipio",3,58,260,116,144
050,72,103,"Puerto Rico Commonwealth","Naguabo Municipio",3,59,258,119,139
050,72,103,"Puerto Rico Commonwealth","Naguabo Municipio",3,60,255,117,138
050,72,103,"Puerto Rico Commonwealth","Naguabo Municipio",3,61,253,117,136
050,72,103,"Puerto Rico Commonwealth","Naguabo Municipio",3,62,250,113,137
050,72,103,"Puerto Rico Commonwealth","Naguabo Municipio",3,63,245,108,137
050,72,103,"Puerto Rico Commonwealth","Naguabo Municipio",3,64,260,124,136
050,72,103,"Puerto Rico Commonwealth","Naguabo Municipio",3,65,269,123,146
050,72,103,"Puerto Rico Commonwealth","Naguabo Municipio",3,66,265,122,143
050,72,103,"Puerto Rico Commonwealth","Naguabo Municipio",3,67,258,118,140
050,72,103,"Puerto Rico Commonwealth","Naguabo Municipio",3,68,246,114,132
050,72,103,"Puerto Rico Commonwealth","Naguabo Municipio",3,69,227,106,121
050,72,103,"Puerto Rico Commonwealth","Naguabo Municipio",3,70,225,105,120
050,72,103,"Puerto Rico Commonwealth","Naguabo Municipio",3,71,216,99,117
050,72,103,"Puerto Rico Commonwealth","Naguabo Municipio",3,72,220,101,119
050,72,103,"Puerto Rico Commonwealth","Naguabo Municipio",3,73,237,112,125
050,72,103,"Puerto Rico Commonwealth","Naguabo Municipio",3,74,239,114,125
050,72,103,"Puerto Rico Commonwealth","Naguabo Municipio",3,75,228,104,124
050,72,103,"Puerto Rico Commonwealth","Naguabo Municipio",3,76,216,102,114
050,72,103,"Puerto Rico Commonwealth","Naguabo Municipio",3,77,198,98,100
050,72,103,"Puerto Rico Commonwealth","Naguabo Municipio",3,78,166,82,84
050,72,103,"Puerto Rico Commonwealth","Naguabo Municipio",3,79,151,70,81
050,72,103,"Puerto Rico Commonwealth","Naguabo Municipio",3,80,150,65,85
050,72,103,"Puerto Rico Commonwealth","Naguabo Municipio",3,81,141,59,82
050,72,103,"Puerto Rico Commonwealth","Naguabo Municipio",3,82,126,52,74
050,72,103,"Puerto Rico Commonwealth","Naguabo Municipio",3,83,109,48,61
050,72,103,"Puerto Rico Commonwealth","Naguabo Municipio",3,84,102,42,60
050,72,103,"Puerto Rico Commonwealth","Naguabo Municipio",3,85,626,215,411
050,72,103,"Puerto Rico Commonwealth","Naguabo Municipio",4,0,162,88,74
050,72,103,"Puerto Rico Commonwealth","Naguabo Municipio",4,1,162,82,80
050,72,103,"Puerto Rico Commonwealth","Naguabo Municipio",4,2,159,88,71
050,72,103,"Puerto Rico Commonwealth","Naguabo Municipio",4,3,158,83,75
050,72,103,"Puerto Rico Commonwealth","Naguabo Municipio",4,4,161,81,80
050,72,103,"Puerto Rico Commonwealth","Naguabo Municipio",4,5,174,91,83
050,72,103,"Puerto Rico Commonwealth","Naguabo Municipio",4,6,192,98,94
050,72,103,"Puerto Rico Commonwealth","Naguabo Municipio",4,7,199,95,104
050,72,103,"Puerto Rico Commonwealth","Naguabo Municipio",4,8,218,111,107
050,72,103,"Puerto Rico Commonwealth","Naguabo Municipio",4,9,233,121,112
050,72,103,"Puerto Rico Commonwealth","Naguabo Municipio",4,10,255,128,127
050,72,103,"Puerto Rico Commonwealth","Naguabo Municipio",4,11,280,136,144
050,72,103,"Puerto Rico Commonwealth","Naguabo Municipio",4,12,298,144,154
050,72,103,"Puerto Rico Commonwealth","Naguabo Municipio",4,13,314,157,157
050,72,103,"Puerto Rico Commonwealth","Naguabo Municipio",4,14,314,160,154
050,72,103,"Puerto Rico Commonwealth","Naguabo Municipio",4,15,332,163,169
050,72,103,"Puerto Rico Commonwealth","Naguabo Municipio",4,16,341,165,176
050,72,103,"Puerto Rico Commonwealth","Naguabo Municipio",4,17,321,154,167
050,72,103,"Puerto Rico Commonwealth","Naguabo Municipio",4,18,307,149,158
050,72,103,"Puerto Rico Commonwealth","Naguabo Municipio",4,19,312,158,154
050,72,103,"Puerto Rico Commonwealth","Naguabo Municipio",4,20,309,148,161
050,72,103,"Puerto Rico Commonwealth","Naguabo Municipio",4,21,307,150,157
050,72,103,"Puerto Rico Commonwealth","Naguabo Municipio",4,22,311,156,155
050,72,103,"Puerto Rico Commonwealth","Naguabo Municipio",4,23,304,148,156
050,72,103,"Puerto Rico Commonwealth","Naguabo Municipio",4,24,312,153,159
050,72,103,"Puerto Rico Commonwealth","Naguabo Municipio",4,25,325,155,170
050,72,103,"Puerto Rico Commonwealth","Naguabo Municipio",4,26,333,153,180
050,72,103,"Puerto Rico Commonwealth","Naguabo Municipio",4,27,331,146,185
050,72,103,"Puerto Rico Commonwealth","Naguabo Municipio",4,28,340,156,184
050,72,103,"Puerto Rico Commonwealth","Naguabo Municipio",4,29,334,151,183
050,72,103,"Puerto Rico Commonwealth","Naguabo Municipio",4,30,345,159,186
050,72,103,"Puerto Rico Commonwealth","Naguabo Municipio",4,31,354,158,196
050,72,103,"Puerto Rico Commonwealth","Naguabo Municipio",4,32,344,153,191
050,72,103,"Puerto Rico Commonwealth","Naguabo Municipio",4,33,325,147,178
050,72,103,"Puerto Rico Commonwealth","Naguabo Municipio",4,34,280,125,155
050,72,103,"Puerto Rico Commonwealth","Naguabo Municipio",4,35,264,115,149
050,72,103,"Puerto Rico Commonwealth","Naguabo Municipio",4,36,280,117,163
050,72,103,"Puerto Rico Commonwealth","Naguabo Municipio",4,37,282,112,170
050,72,103,"Puerto Rico Commonwealth","Naguabo Municipio",4,38,294,115,179
050,72,103,"Puerto Rico Commonwealth","Naguabo Municipio",4,39,285,115,170
050,72,103,"Puerto Rico Commonwealth","Naguabo Municipio",4,40,303,143,160
050,72,103,"Puerto Rico Commonwealth","Naguabo Municipio",4,41,326,150,176
050,72,103,"Puerto Rico Commonwealth","Naguabo Municipio",4,42,342,157,185
050,72,103,"Puerto Rico Commonwealth","Naguabo Municipio",4,43,328,149,179
050,72,103,"Puerto Rico Commonwealth","Naguabo Municipio",4,44,322,146,176
050,72,103,"Puerto Rico Commonwealth","Naguabo Municipio",4,45,319,141,178
050,72,103,"Puerto Rico Commonwealth","Naguabo Municipio",4,46,317,141,176
050,72,103,"Puerto Rico Commonwealth","Naguabo Municipio",4,47,305,128,177
050,72,103,"Puerto Rico Commonwealth","Naguabo Municipio",4,48,302,128,174
050,72,103,"Puerto Rico Commonwealth","Naguabo Municipio",4,49,308,137,171
050,72,103,"Puerto Rico Commonwealth","Naguabo Municipio",4,50,310,142,168
050,72,103,"Puerto Rico Commonwealth","Naguabo Municipio",4,51,306,143,163
050,72,103,"Puerto Rico Commonwealth","Naguabo Municipio",4,52,304,144,160
050,72,103,"Puerto Rico Commonwealth","Naguabo Municipio",4,53,280,131,149
050,72,103,"Puerto Rico Commonwealth","Naguabo Municipio",4,54,261,120,141
050,72,103,"Puerto Rico Commonwealth","Naguabo Municipio",4,55,252,115,137
050,72,103,"Puerto Rico Commonwealth","Naguabo Municipio",4,56,262,119,143
050,72,103,"Puerto Rico Commonwealth","Naguabo Municipio",4,57,262,118,144
050,72,103,"Puerto Rico Commonwealth","Naguabo Municipio",4,58,249,110,139
050,72,103,"Puerto Rico Commonwealth","Naguabo Municipio",4,59,257,114,143
050,72,103,"Puerto Rico Commonwealth","Naguabo Municipio",4,60,254,118,136
050,72,103,"Puerto Rico Commonwealth","Naguabo Municipio",4,61,253,117,136
050,72,103,"Puerto Rico Commonwealth","Naguabo Municipio",4,62,245,112,133
050,72,103,"Puerto Rico Commonwealth","Naguabo Municipio",4,63,242,109,133
050,72,103,"Puerto Rico Commonwealth","Naguabo Municipio",4,64,239,105,134
050,72,103,"Puerto Rico Commonwealth","Naguabo Municipio",4,65,257,123,134
050,72,103,"Puerto Rico Commonwealth","Naguabo Municipio",4,66,264,121,143
050,72,103,"Puerto Rico Commonwealth","Naguabo Municipio",4,67,259,119,140
050,72,103,"Puerto Rico Commonwealth","Naguabo Municipio",4,68,250,114,136
050,72,103,"Puerto Rico Commonwealth","Naguabo Municipio",4,69,234,109,125
050,72,103,"Puerto Rico Commonwealth","Naguabo Municipio",4,70,221,103,118
050,72,103,"Puerto Rico Commonwealth","Naguabo Municipio",4,71,222,104,118
050,72,103,"Puerto Rico Commonwealth","Naguabo Municipio",4,72,208,94,114
050,72,103,"Puerto Rico Commonwealth","Naguabo Municipio",4,73,209,96,113
050,72,103,"Puerto Rico Commonwealth","Naguabo Municipio",4,74,229,105,124
050,72,103,"Puerto Rico Commonwealth","Naguabo Municipio",4,75,230,108,122
050,72,103,"Puerto Rico Commonwealth","Naguabo Municipio",4,76,220,99,121
050,72,103,"Puerto Rico Commonwealth","Naguabo Municipio",4,77,204,97,107
050,72,103,"Puerto Rico Commonwealth","Naguabo Municipio",4,78,193,95,98
050,72,103,"Puerto Rico Commonwealth","Naguabo Municipio",4,79,159,76,83
050,72,103,"Puerto Rico Commonwealth","Naguabo Municipio",4,80,143,67,76
050,72,103,"Puerto Rico Commonwealth","Naguabo Municipio",4,81,142,60,82
050,72,103,"Puerto Rico Commonwealth","Naguabo Municipio",4,82,131,55,76
050,72,103,"Puerto Rico Commonwealth","Naguabo Municipio",4,83,120,49,71
050,72,103,"Puerto Rico Commonwealth","Naguabo Municipio",4,84,104,45,59
050,72,103,"Puerto Rico Commonwealth","Naguabo Municipio",4,85,661,224,437
050,72,103,"Puerto Rico Commonwealth","Naguabo Municipio",5,0,159,78,81
050,72,103,"Puerto Rico Commonwealth","Naguabo Municipio",5,1,163,89,74
050,72,103,"Puerto Rico Commonwealth","Naguabo Municipio",5,2,165,84,81
050,72,103,"Puerto Rico Commonwealth","Naguabo Municipio",5,3,161,89,72
050,72,103,"Puerto Rico Commonwealth","Naguabo Municipio",5,4,159,84,75
050,72,103,"Puerto Rico Commonwealth","Naguabo Municipio",5,5,163,82,81
050,72,103,"Puerto Rico Commonwealth","Naguabo Municipio",5,6,176,92,84
050,72,103,"Puerto Rico Commonwealth","Naguabo Municipio",5,7,192,99,93
050,72,103,"Puerto Rico Commonwealth","Naguabo Municipio",5,8,203,98,105
050,72,103,"Puerto Rico Commonwealth","Naguabo Municipio",5,9,215,108,107
050,72,103,"Puerto Rico Commonwealth","Naguabo Municipio",5,10,233,121,112
050,72,103,"Puerto Rico Commonwealth","Naguabo Municipio",5,11,254,127,127
050,72,103,"Puerto Rico Commonwealth","Naguabo Municipio",5,12,279,135,144
050,72,103,"Puerto Rico Commonwealth","Naguabo Municipio",5,13,297,143,154
050,72,103,"Puerto Rico Commonwealth","Naguabo Municipio",5,14,313,156,157
050,72,103,"Puerto Rico Commonwealth","Naguabo Municipio",5,15,312,158,154
050,72,103,"Puerto Rico Commonwealth","Naguabo Municipio",5,16,331,162,169
050,72,103,"Puerto Rico Commonwealth","Naguabo Municipio",5,17,339,163,176
050,72,103,"Puerto Rico Commonwealth","Naguabo Municipio",5,18,317,151,166
050,72,103,"Puerto Rico Commonwealth","Naguabo Municipio",5,19,303,147,156
050,72,103,"Puerto Rico Commonwealth","Naguabo Municipio",5,20,312,156,156
050,72,103,"Puerto Rico Commonwealth","Naguabo Municipio",5,21,311,148,163
050,72,103,"Puerto Rico Commonwealth","Naguabo Municipio",5,22,309,150,159
050,72,103,"Puerto Rico Commonwealth","Naguabo Municipio",5,23,318,160,158
050,72,103,"Puerto Rico Commonwealth","Naguabo Municipio",5,24,305,146,159
050,72,103,"Puerto Rico Commonwealth","Naguabo Municipio",5,25,321,154,167
050,72,103,"Puerto Rico Commonwealth","Naguabo Municipio",5,26,322,154,168
050,72,103,"Puerto Rico Commonwealth","Naguabo Municipio",5,27,337,154,183
050,72,103,"Puerto Rico Commonwealth","Naguabo Municipio",5,28,334,146,188
050,72,103,"Puerto Rico Commonwealth","Naguabo Municipio",5,29,339,153,186
050,72,103,"Puerto Rico Commonwealth","Naguabo Municipio",5,30,337,152,185
050,72,103,"Puerto Rico Commonwealth","Naguabo Municipio",5,31,351,163,188
050,72,103,"Puerto Rico Commonwealth","Naguabo Municipio",5,32,353,155,198
050,72,103,"Puerto Rico Commonwealth","Naguabo Municipio",5,33,356,163,193
050,72,103,"Puerto Rico Commonwealth","Naguabo Municipio",5,34,315,136,179
050,72,103,"Puerto Rico Commonwealth","Naguabo Municipio",5,35,281,125,156
050,72,103,"Puerto Rico Commonwealth","Naguabo Municipio",5,36,264,113,151
050,72,103,"Puerto Rico Commonwealth","Naguabo Municipio",5,37,278,117,161
050,72,103,"Puerto Rico Commonwealth","Naguabo Municipio",5,38,284,114,170
050,72,103,"Puerto Rico Commonwealth","Naguabo Municipio",5,39,293,114,179
050,72,103,"Puerto Rico Commonwealth","Naguabo Municipio",5,40,293,124,169
050,72,103,"Puerto Rico Commonwealth","Naguabo Municipio",5,41,294,135,159
050,72,103,"Puerto Rico Commonwealth","Naguabo Municipio",5,42,324,149,175
050,72,103,"Puerto Rico Commonwealth","Naguabo Municipio",5,43,336,152,184
050,72,103,"Puerto Rico Commonwealth","Naguabo Municipio",5,44,325,148,177
050,72,103,"Puerto Rico Commonwealth","Naguabo Municipio",5,45,320,145,175
050,72,103,"Puerto Rico Commonwealth","Naguabo Municipio",5,46,325,149,176
050,72,103,"Puerto Rico Commonwealth","Naguabo Municipio",5,47,306,132,174
050,72,103,"Puerto Rico Commonwealth","Naguabo Municipio",5,48,305,129,176
050,72,103,"Puerto Rico Commonwealth","Naguabo Municipio",5,49,294,121,173
050,72,103,"Puerto Rico Commonwealth","Naguabo Municipio",5,50,306,136,170
050,72,103,"Puerto Rico Commonwealth","Naguabo Municipio",5,51,307,140,167
050,72,103,"Puerto Rico Commonwealth","Naguabo Municipio",5,52,305,142,163
050,72,103,"Puerto Rico Commonwealth","Naguabo Municipio",5,53,306,147,159
050,72,103,"Puerto Rico Commonwealth","Naguabo Municipio",5,54,274,128,146
050,72,103,"Puerto Rico Commonwealth","Naguabo Municipio",5,55,263,122,141
050,72,103,"Puerto Rico Commonwealth","Naguabo Municipio",5,56,250,114,136
050,72,103,"Puerto Rico Commonwealth","Naguabo Municipio",5,57,257,114,143
050,72,103,"Puerto Rico Commonwealth","Naguabo Municipio",5,58,260,116,144
050,72,103,"Puerto Rico Commonwealth","Naguabo Municipio",5,59,246,109,137
050,72,103,"Puerto Rico Commonwealth","Naguabo Municipio",5,60,252,110,142
050,72,103,"Puerto Rico Commonwealth","Naguabo Municipio",5,61,252,117,135
050,72,103,"Puerto Rico Commonwealth","Naguabo Municipio",5,62,249,115,134
050,72,103,"Puerto Rico Commonwealth","Naguabo Municipio",5,63,237,109,128
050,72,103,"Puerto Rico Commonwealth","Naguabo Municipio",5,64,236,106,130
050,72,103,"Puerto Rico Commonwealth","Naguabo Municipio",5,65,236,104,132
050,72,103,"Puerto Rico Commonwealth","Naguabo Municipio",5,66,253,121,132
050,72,103,"Puerto Rico Commonwealth","Naguabo Municipio",5,67,255,114,141
050,72,103,"Puerto Rico Commonwealth","Naguabo Municipio",5,68,254,117,137
050,72,103,"Puerto Rico Commonwealth","Naguabo Municipio",5,69,241,108,133
050,72,103,"Puerto Rico Commonwealth","Naguabo Municipio",5,70,231,107,124
050,72,103,"Puerto Rico Commonwealth","Naguabo Municipio",5,71,214,99,115
050,72,103,"Puerto Rico Commonwealth","Naguabo Municipio",5,72,215,100,115
050,72,103,"Puerto Rico Commonwealth","Naguabo Municipio",5,73,202,91,111
050,72,103,"Puerto Rico Commonwealth","Naguabo Municipio",5,74,204,92,112
050,72,103,"Puerto Rico Commonwealth","Naguabo Municipio",5,75,223,102,121
050,72,103,"Puerto Rico Commonwealth","Naguabo Municipio",5,76,218,100,118
050,72,103,"Puerto Rico Commonwealth","Naguabo Municipio",5,77,210,94,116
050,72,103,"Puerto Rico Commonwealth","Naguabo Municipio",5,78,189,86,103
050,72,103,"Puerto Rico Commonwealth","Naguabo Municipio",5,79,190,91,99
050,72,103,"Puerto Rico Commonwealth","Naguabo Municipio",5,80,151,70,81
050,72,103,"Puerto Rico Commonwealth","Naguabo Municipio",5,81,132,64,68
050,72,103,"Puerto Rico Commonwealth","Naguabo Municipio",5,82,131,54,77
050,72,103,"Puerto Rico Commonwealth","Naguabo Municipio",5,83,124,49,75
050,72,103,"Puerto Rico Commonwealth","Naguabo Municipio",5,84,112,45,67
050,72,103,"Puerto Rico Commonwealth","Naguabo Municipio",5,85,677,231,446
050,72,105,"Puerto Rico Commonwealth","Naranjito Municipio",1,0,209,101,108
050,72,105,"Puerto Rico Commonwealth","Naranjito Municipio",1,1,218,115,103
050,72,105,"Puerto Rico Commonwealth","Naranjito Municipio",1,2,219,109,110
050,72,105,"Puerto Rico Commonwealth","Naranjito Municipio",1,3,253,119,134
050,72,105,"Puerto Rico Commonwealth","Naranjito Municipio",1,4,249,126,123
050,72,105,"Puerto Rico Commonwealth","Naranjito Municipio",1,5,286,151,135
050,72,105,"Puerto Rico Commonwealth","Naranjito Municipio",1,6,291,151,140
050,72,105,"Puerto Rico Commonwealth","Naranjito Municipio",1,7,314,146,168
050,72,105,"Puerto Rico Commonwealth","Naranjito Municipio",1,8,345,170,175
050,72,105,"Puerto Rico Commonwealth","Naranjito Municipio",1,9,318,161,157
050,72,105,"Puerto Rico Commonwealth","Naranjito Municipio",1,10,305,149,156
050,72,105,"Puerto Rico Commonwealth","Naranjito Municipio",1,11,313,154,159
050,72,105,"Puerto Rico Commonwealth","Naranjito Municipio",1,12,323,162,161
050,72,105,"Puerto Rico Commonwealth","Naranjito Municipio",1,13,338,173,165
050,72,105,"Puerto Rico Commonwealth","Naranjito Municipio",1,14,341,163,178
050,72,105,"Puerto Rico Commonwealth","Naranjito Municipio",1,15,340,171,169
050,72,105,"Puerto Rico Commonwealth","Naranjito Municipio",1,16,342,180,162
050,72,105,"Puerto Rico Commonwealth","Naranjito Municipio",1,17,341,182,159
050,72,105,"Puerto Rico Commonwealth","Naranjito Municipio",1,18,341,185,156
050,72,105,"Puerto Rico Commonwealth","Naranjito Municipio",1,19,378,192,186
050,72,105,"Puerto Rico Commonwealth","Naranjito Municipio",1,20,387,192,195
050,72,105,"Puerto Rico Commonwealth","Naranjito Municipio",1,21,364,169,195
050,72,105,"Puerto Rico Commonwealth","Naranjito Municipio",1,22,384,191,193
050,72,105,"Puerto Rico Commonwealth","Naranjito Municipio",1,23,402,191,211
050,72,105,"Puerto Rico Commonwealth","Naranjito Municipio",1,24,379,191,188
050,72,105,"Puerto Rico Commonwealth","Naranjito Municipio",1,25,389,206,183
050,72,105,"Puerto Rico Commonwealth","Naranjito Municipio",1,26,394,207,187
050,72,105,"Puerto Rico Commonwealth","Naranjito Municipio",1,27,387,209,178
050,72,105,"Puerto Rico Commonwealth","Naranjito Municipio",1,28,418,213,205
050,72,105,"Puerto Rico Commonwealth","Naranjito Municipio",1,29,444,221,223
050,72,105,"Puerto Rico Commonwealth","Naranjito Municipio",1,30,438,229,209
050,72,105,"Puerto Rico Commonwealth","Naranjito Municipio",1,31,386,198,188
050,72,105,"Puerto Rico Commonwealth","Naranjito Municipio",1,32,365,179,186
050,72,105,"Puerto Rico Commonwealth","Naranjito Municipio",1,33,360,180,180
050,72,105,"Puerto Rico Commonwealth","Naranjito Municipio",1,34,336,170,166
050,72,105,"Puerto Rico Commonwealth","Naranjito Municipio",1,35,323,163,160
050,72,105,"Puerto Rico Commonwealth","Naranjito Municipio",1,36,314,157,157
050,72,105,"Puerto Rico Commonwealth","Naranjito Municipio",1,37,345,175,170
050,72,105,"Puerto Rico Commonwealth","Naranjito Municipio",1,38,353,170,183
050,72,105,"Puerto Rico Commonwealth","Naranjito Municipio",1,39,355,170,185
050,72,105,"Puerto Rico Commonwealth","Naranjito Municipio",1,40,375,178,197
050,72,105,"Puerto Rico Commonwealth","Naranjito Municipio",1,41,374,171,203
050,72,105,"Puerto Rico Commonwealth","Naranjito Municipio",1,42,390,194,196
050,72,105,"Puerto Rico Commonwealth","Naranjito Municipio",1,43,357,189,168
050,72,105,"Puerto Rico Commonwealth","Naranjito Municipio",1,44,322,166,156
050,72,105,"Puerto Rico Commonwealth","Naranjito Municipio",1,45,304,159,145
050,72,105,"Puerto Rico Commonwealth","Naranjito Municipio",1,46,283,150,133
050,72,105,"Puerto Rico Commonwealth","Naranjito Municipio",1,47,267,129,138
050,72,105,"Puerto Rico Commonwealth","Naranjito Municipio",1,48,294,134,160
050,72,105,"Puerto Rico Commonwealth","Naranjito Municipio",1,49,365,189,176
050,72,105,"Puerto Rico Commonwealth","Naranjito Municipio",1,50,390,203,187
050,72,105,"Puerto Rico Commonwealth","Naranjito Municipio",1,51,371,190,181
050,72,105,"Puerto Rico Commonwealth","Naranjito Municipio",1,52,367,184,183
050,72,105,"Puerto Rico Commonwealth","Naranjito Municipio",1,53,386,185,201
050,72,105,"Puerto Rico Commonwealth","Naranjito Municipio",1,54,420,197,223
050,72,105,"Puerto Rico Commonwealth","Naranjito Municipio",1,55,433,195,238
050,72,105,"Puerto Rico Commonwealth","Naranjito Municipio",1,56,415,190,225
050,72,105,"Puerto Rico Commonwealth","Naranjito Municipio",1,57,438,203,235
050,72,105,"Puerto Rico Commonwealth","Naranjito Municipio",1,58,429,202,227
050,72,105,"Puerto Rico Commonwealth","Naranjito Municipio",1,59,429,210,219
050,72,105,"Puerto Rico Commonwealth","Naranjito Municipio",1,60,441,214,227
050,72,105,"Puerto Rico Commonwealth","Naranjito Municipio",1,61,414,204,210
050,72,105,"Puerto Rico Commonwealth","Naranjito Municipio",1,62,413,199,214
050,72,105,"Puerto Rico Commonwealth","Naranjito Municipio",1,63,399,193,206
050,72,105,"Puerto Rico Commonwealth","Naranjito Municipio",1,64,387,183,204
050,72,105,"Puerto Rico Commonwealth","Naranjito Municipio",1,65,396,190,206
050,72,105,"Puerto Rico Commonwealth","Naranjito Municipio",1,66,384,195,189
050,72,105,"Puerto Rico Commonwealth","Naranjito Municipio",1,67,367,172,195
050,72,105,"Puerto Rico Commonwealth","Naranjito Municipio",1,68,348,153,195
050,72,105,"Puerto Rico Commonwealth","Naranjito Municipio",1,69,328,138,190
050,72,105,"Puerto Rico Commonwealth","Naranjito Municipio",1,70,323,145,178
050,72,105,"Puerto Rico Commonwealth","Naranjito Municipio",1,71,332,165,167
050,72,105,"Puerto Rico Commonwealth","Naranjito Municipio",1,72,331,169,162
050,72,105,"Puerto Rico Commonwealth","Naranjito Municipio",1,73,304,143,161
050,72,105,"Puerto Rico Commonwealth","Naranjito Municipio",1,74,289,133,156
050,72,105,"Puerto Rico Commonwealth","Naranjito Municipio",1,75,269,115,154
050,72,105,"Puerto Rico Commonwealth","Naranjito Municipio",1,76,254,111,143
050,72,105,"Puerto Rico Commonwealth","Naranjito Municipio",1,77,260,109,151
050,72,105,"Puerto Rico Commonwealth","Naranjito Municipio",1,78,235,105,130
050,72,105,"Puerto Rico Commonwealth","Naranjito Municipio",1,79,196,100,96
050,72,105,"Puerto Rico Commonwealth","Naranjito Municipio",1,80,188,96,92
050,72,105,"Puerto Rico Commonwealth","Naranjito Municipio",1,81,176,77,99
050,72,105,"Puerto Rico Commonwealth","Naranjito Municipio",1,82,156,75,81
050,72,105,"Puerto Rico Commonwealth","Naranjito Municipio",1,83,137,75,62
050,72,105,"Puerto Rico Commonwealth","Naranjito Municipio",1,84,128,67,61
050,72,105,"Puerto Rico Commonwealth","Naranjito Municipio",1,85,790,318,472
050,72,105,"Puerto Rico Commonwealth","Naranjito Municipio",2,0,212,104,108
050,72,105,"Puerto Rico Commonwealth","Naranjito Municipio",2,1,215,111,104
050,72,105,"Puerto Rico Commonwealth","Naranjito Municipio",2,2,220,111,109
050,72,105,"Puerto Rico Commonwealth","Naranjito Municipio",2,3,244,116,128
050,72,105,"Puerto Rico Commonwealth","Naranjito Municipio",2,4,250,125,125
050,72,105,"Puerto Rico Commonwealth","Naranjito Municipio",2,5,276,144,132
050,72,105,"Puerto Rico Commonwealth","Naranjito Municipio",2,6,290,151,139
050,72,105,"Puerto Rico Commonwealth","Naranjito Municipio",2,7,309,148,161
050,72,105,"Puerto Rico Commonwealth","Naranjito Municipio",2,8,337,164,173
050,72,105,"Puerto Rico Commonwealth","Naranjito Municipio",2,9,325,163,162
050,72,105,"Puerto Rico Commonwealth","Naranjito Municipio",2,10,308,152,156
050,72,105,"Puerto Rico Commonwealth","Naranjito Municipio",2,11,311,153,158
050,72,105,"Puerto Rico Commonwealth","Naranjito Municipio",2,12,321,160,161
050,72,105,"Puerto Rico Commonwealth","Naranjito Municipio",2,13,334,170,164
050,72,105,"Puerto Rico Commonwealth","Naranjito Municipio",2,14,340,165,175
050,72,105,"Puerto Rico Commonwealth","Naranjito Municipio",2,15,340,169,171
050,72,105,"Puerto Rico Commonwealth","Naranjito Municipio",2,16,342,178,164
050,72,105,"Puerto Rico Commonwealth","Naranjito Municipio",2,17,341,182,159
050,72,105,"Puerto Rico Commonwealth","Naranjito Municipio",2,18,341,184,157
050,72,105,"Puerto Rico Commonwealth","Naranjito Municipio",2,19,370,191,179
050,72,105,"Puerto Rico Commonwealth","Naranjito Municipio",2,20,383,191,192
050,72,105,"Puerto Rico Commonwealth","Naranjito Municipio",2,21,370,175,195
050,72,105,"Puerto Rico Commonwealth","Naranjito Municipio",2,22,379,185,194
050,72,105,"Puerto Rico Commonwealth","Naranjito Municipio",2,23,397,191,206
050,72,105,"Puerto Rico Commonwealth","Naranjito Municipio",2,24,385,191,194
050,72,105,"Puerto Rico Commonwealth","Naranjito Municipio",2,25,387,203,184
050,72,105,"Puerto Rico Commonwealth","Naranjito Municipio",2,26,392,206,186
050,72,105,"Puerto Rico Commonwealth","Naranjito Municipio",2,27,390,209,181
050,72,105,"Puerto Rico Commonwealth","Naranjito Municipio",2,28,410,212,198
050,72,105,"Puerto Rico Commonwealth","Naranjito Municipio",2,29,437,219,218
050,72,105,"Puerto Rico Commonwealth","Naranjito Municipio",2,30,440,227,213
050,72,105,"Puerto Rico Commonwealth","Naranjito Municipio",2,31,399,206,193
050,72,105,"Puerto Rico Commonwealth","Naranjito Municipio",2,32,370,183,187
050,72,105,"Puerto Rico Commonwealth","Naranjito Municipio",2,33,361,180,181
050,72,105,"Puerto Rico Commonwealth","Naranjito Municipio",2,34,343,173,170
050,72,105,"Puerto Rico Commonwealth","Naranjito Municipio",2,35,325,164,161
050,72,105,"Puerto Rico Commonwealth","Naranjito Municipio",2,36,315,157,158
050,72,105,"Puerto Rico Commonwealth","Naranjito Municipio",2,37,336,169,167
050,72,105,"Puerto Rico Commonwealth","Naranjito Municipio",2,38,351,172,179
050,72,105,"Puerto Rico Commonwealth","Naranjito Municipio",2,39,355,170,185
050,72,105,"Puerto Rico Commonwealth","Naranjito Municipio",2,40,369,175,194
050,72,105,"Puerto Rico Commonwealth","Naranjito Municipio",2,41,373,172,201
050,72,105,"Puerto Rico Commonwealth","Naranjito Municipio",2,42,387,189,198
050,72,105,"Puerto Rico Commonwealth","Naranjito Municipio",2,43,364,189,175
050,72,105,"Puerto Rico Commonwealth","Naranjito Municipio",2,44,331,172,159
050,72,105,"Puerto Rico Commonwealth","Naranjito Municipio",2,45,307,159,148
050,72,105,"Puerto Rico Commonwealth","Naranjito Municipio",2,46,287,152,135
050,72,105,"Puerto Rico Commonwealth","Naranjito Municipio",2,47,271,134,137
050,72,105,"Puerto Rico Commonwealth","Naranjito Municipio",2,48,287,133,154
050,72,105,"Puerto Rico Commonwealth","Naranjito Municipio",2,49,345,174,171
050,72,105,"Puerto Rico Commonwealth","Naranjito Municipio",2,50,383,199,184
050,72,105,"Puerto Rico Commonwealth","Naranjito Municipio",2,51,376,194,182
050,72,105,"Puerto Rico Commonwealth","Naranjito Municipio",2,52,367,185,182
050,72,105,"Puerto Rico Commonwealth","Naranjito Municipio",2,53,382,185,197
050,72,105,"Puerto Rico Commonwealth","Naranjito Municipio",2,54,410,194,216
050,72,105,"Puerto Rico Commonwealth","Naranjito Municipio",2,55,431,195,236
050,72,105,"Puerto Rico Commonwealth","Naranjito Municipio",2,56,420,192,228
050,72,105,"Puerto Rico Commonwealth","Naranjito Municipio",2,57,431,198,233
050,72,105,"Puerto Rico Commonwealth","Naranjito Municipio",2,58,431,202,229
050,72,105,"Puerto Rico Commonwealth","Naranjito Municipio",2,59,429,208,221
050,72,105,"Puerto Rico Commonwealth","Naranjito Municipio",2,60,437,213,224
050,72,105,"Puerto Rico Commonwealth","Naranjito Municipio",2,61,422,206,216
050,72,105,"Puerto Rico Commonwealth","Naranjito Municipio",2,62,413,199,214
050,72,105,"Puerto Rico Commonwealth","Naranjito Municipio",2,63,402,194,208
050,72,105,"Puerto Rico Commonwealth","Naranjito Municipio",2,64,389,185,204
050,72,105,"Puerto Rico Commonwealth","Naranjito Municipio",2,65,394,188,206
050,72,105,"Puerto Rico Commonwealth","Naranjito Municipio",2,66,387,194,193
050,72,105,"Puerto Rico Commonwealth","Naranjito Municipio",2,67,371,178,193
050,72,105,"Puerto Rico Commonwealth","Naranjito Municipio",2,68,352,157,195
050,72,105,"Puerto Rico Commonwealth","Naranjito Municipio",2,69,334,142,192
050,72,105,"Puerto Rico Commonwealth","Naranjito Municipio",2,70,322,142,180
050,72,105,"Puerto Rico Commonwealth","Naranjito Municipio",2,71,328,160,168
050,72,105,"Puerto Rico Commonwealth","Naranjito Municipio",2,72,330,167,163
050,72,105,"Puerto Rico Commonwealth","Naranjito Municipio",2,73,307,148,159
050,72,105,"Puerto Rico Commonwealth","Naranjito Municipio",2,74,292,136,156
050,72,105,"Puerto Rico Commonwealth","Naranjito Municipio",2,75,271,118,153
050,72,105,"Puerto Rico Commonwealth","Naranjito Municipio",2,76,254,111,143
050,72,105,"Puerto Rico Commonwealth","Naranjito Municipio",2,77,257,109,148
050,72,105,"Puerto Rico Commonwealth","Naranjito Municipio",2,78,242,106,136
050,72,105,"Puerto Rico Commonwealth","Naranjito Municipio",2,79,204,100,104
050,72,105,"Puerto Rico Commonwealth","Naranjito Municipio",2,80,187,94,93
050,72,105,"Puerto Rico Commonwealth","Naranjito Municipio",2,81,177,80,97
050,72,105,"Puerto Rico Commonwealth","Naranjito Municipio",2,82,160,74,86
050,72,105,"Puerto Rico Commonwealth","Naranjito Municipio",2,83,143,76,67
050,72,105,"Puerto Rico Commonwealth","Naranjito Municipio",2,84,130,68,62
050,72,105,"Puerto Rico Commonwealth","Naranjito Municipio",2,85,809,331,478
050,72,105,"Puerto Rico Commonwealth","Naranjito Municipio",3,0,179,80,99
050,72,105,"Puerto Rico Commonwealth","Naranjito Municipio",3,1,211,103,108
050,72,105,"Puerto Rico Commonwealth","Naranjito Municipio",3,2,215,111,104
050,72,105,"Puerto Rico Commonwealth","Naranjito Municipio",3,3,220,111,109
050,72,105,"Puerto Rico Commonwealth","Naranjito Municipio",3,4,244,116,128
050,72,105,"Puerto Rico Commonwealth","Naranjito Municipio",3,5,250,125,125
050,72,105,"Puerto Rico Commonwealth","Naranjito Municipio",3,6,278,146,132
050,72,105,"Puerto Rico Commonwealth","Naranjito Municipio",3,7,289,150,139
050,72,105,"Puerto Rico Commonwealth","Naranjito Municipio",3,8,309,148,161
050,72,105,"Puerto Rico Commonwealth","Naranjito Municipio",3,9,339,165,174
050,72,105,"Puerto Rico Commonwealth","Naranjito Municipio",3,10,326,164,162
050,72,105,"Puerto Rico Commonwealth","Naranjito Municipio",3,11,308,152,156
050,72,105,"Puerto Rico Commonwealth","Naranjito Municipio",3,12,311,153,158
050,72,105,"Puerto Rico Commonwealth","Naranjito Municipio",3,13,322,161,161
050,72,105,"Puerto Rico Commonwealth","Naranjito Municipio",3,14,335,171,164
050,72,105,"Puerto Rico Commonwealth","Naranjito Municipio",3,15,341,165,176
050,72,105,"Puerto Rico Commonwealth","Naranjito Municipio",3,16,340,169,171
050,72,105,"Puerto Rico Commonwealth","Naranjito Municipio",3,17,342,178,164
050,72,105,"Puerto Rico Commonwealth","Naranjito Municipio",3,18,339,181,158
050,72,105,"Puerto Rico Commonwealth","Naranjito Municipio",3,19,339,184,155
050,72,105,"Puerto Rico Commonwealth","Naranjito Municipio",3,20,368,188,180
050,72,105,"Puerto Rico Commonwealth","Naranjito Municipio",3,21,382,190,192
050,72,105,"Puerto Rico Commonwealth","Naranjito Municipio",3,22,370,175,195
050,72,105,"Puerto Rico Commonwealth","Naranjito Municipio",3,23,380,185,195
050,72,105,"Puerto Rico Commonwealth","Naranjito Municipio",3,24,402,194,208
050,72,105,"Puerto Rico Commonwealth","Naranjito Municipio",3,25,385,190,195
050,72,105,"Puerto Rico Commonwealth","Naranjito Municipio",3,26,391,206,185
050,72,105,"Puerto Rico Commonwealth","Naranjito Municipio",3,27,390,205,185
050,72,105,"Puerto Rico Commonwealth","Naranjito Municipio",3,28,390,209,181
050,72,105,"Puerto Rico Commonwealth","Naranjito Municipio",3,29,406,209,197
050,72,105,"Puerto Rico Commonwealth","Naranjito Municipio",3,30,437,220,217
050,72,105,"Puerto Rico Commonwealth","Naranjito Municipio",3,31,442,229,213
050,72,105,"Puerto Rico Commonwealth","Naranjito Municipio",3,32,406,213,193
050,72,105,"Puerto Rico Commonwealth","Naranjito Municipio",3,33,371,181,190
050,72,105,"Puerto Rico Commonwealth","Naranjito Municipio",3,34,363,184,179
050,72,105,"Puerto Rico Commonwealth","Naranjito Municipio",3,35,344,174,170
050,72,105,"Puerto Rico Commonwealth","Naranjito Municipio",3,36,325,164,161
050,72,105,"Puerto Rico Commonwealth","Naranjito Municipio",3,37,317,159,158
050,72,105,"Puerto Rico Commonwealth","Naranjito Municipio",3,38,336,168,168
050,72,105,"Puerto Rico Commonwealth","Naranjito Municipio",3,39,356,176,180
050,72,105,"Puerto Rico Commonwealth","Naranjito Municipio",3,40,358,171,187
050,72,105,"Puerto Rico Commonwealth","Naranjito Municipio",3,41,370,176,194
050,72,105,"Puerto Rico Commonwealth","Naranjito Municipio",3,42,377,175,202
050,72,105,"Puerto Rico Commonwealth","Naranjito Municipio",3,43,386,188,198
050,72,105,"Puerto Rico Commonwealth","Naranjito Municipio",3,44,367,191,176
050,72,105,"Puerto Rico Commonwealth","Naranjito Municipio",3,45,331,171,160
050,72,105,"Puerto Rico Commonwealth","Naranjito Municipio",3,46,310,161,149
050,72,105,"Puerto Rico Commonwealth","Naranjito Municipio",3,47,285,150,135
050,72,105,"Puerto Rico Commonwealth","Naranjito Municipio",3,48,272,134,138
050,72,105,"Puerto Rico Commonwealth","Naranjito Municipio",3,49,288,133,155
050,72,105,"Puerto Rico Commonwealth","Naranjito Municipio",3,50,348,176,172
050,72,105,"Puerto Rico Commonwealth","Naranjito Municipio",3,51,379,195,184
050,72,105,"Puerto Rico Commonwealth","Naranjito Municipio",3,52,379,196,183
050,72,105,"Puerto Rico Commonwealth","Naranjito Municipio",3,53,371,186,185
050,72,105,"Puerto Rico Commonwealth","Naranjito Municipio",3,54,384,186,198
050,72,105,"Puerto Rico Commonwealth","Naranjito Municipio",3,55,408,191,217
050,72,105,"Puerto Rico Commonwealth","Naranjito Municipio",3,56,433,195,238
050,72,105,"Puerto Rico Commonwealth","Naranjito Municipio",3,57,418,190,228
050,72,105,"Puerto Rico Commonwealth","Naranjito Municipio",3,58,432,199,233
050,72,105,"Puerto Rico Commonwealth","Naranjito Municipio",3,59,431,200,231
050,72,105,"Puerto Rico Commonwealth","Naranjito Municipio",3,60,430,207,223
050,72,105,"Puerto Rico Commonwealth","Naranjito Municipio",3,61,440,215,225
050,72,105,"Puerto Rico Commonwealth","Naranjito Municipio",3,62,418,201,217
050,72,105,"Puerto Rico Commonwealth","Naranjito Municipio",3,63,416,199,217
050,72,105,"Puerto Rico Commonwealth","Naranjito Municipio",3,64,398,189,209
050,72,105,"Puerto Rico Commonwealth","Naranjito Municipio",3,65,388,183,205
050,72,105,"Puerto Rico Commonwealth","Naranjito Municipio",3,66,396,189,207
050,72,105,"Puerto Rico Commonwealth","Naranjito Municipio",3,67,383,192,191
050,72,105,"Puerto Rico Commonwealth","Naranjito Municipio",3,68,371,179,192
050,72,105,"Puerto Rico Commonwealth","Naranjito Municipio",3,69,353,159,194
050,72,105,"Puerto Rico Commonwealth","Naranjito Municipio",3,70,330,140,190
050,72,105,"Puerto Rico Commonwealth","Naranjito Municipio",3,71,325,143,182
050,72,105,"Puerto Rico Commonwealth","Naranjito Municipio",3,72,322,156,166
050,72,105,"Puerto Rico Commonwealth","Naranjito Municipio",3,73,324,165,159
050,72,105,"Puerto Rico Commonwealth","Naranjito Municipio",3,74,304,146,158
050,72,105,"Puerto Rico Commonwealth","Naranjito Municipio",3,75,288,132,156
050,72,105,"Puerto Rico Commonwealth","Naranjito Municipio",3,76,263,114,149
050,72,105,"Puerto Rico Commonwealth","Naranjito Municipio",3,77,250,110,140
050,72,105,"Puerto Rico Commonwealth","Naranjito Municipio",3,78,251,107,144
050,72,105,"Puerto Rico Commonwealth","Naranjito Municipio",3,79,239,103,136
050,72,105,"Puerto Rico Commonwealth","Naranjito Municipio",3,80,203,99,104
050,72,105,"Puerto Rico Commonwealth","Naranjito Municipio",3,81,181,90,91
050,72,105,"Puerto Rico Commonwealth","Naranjito Municipio",3,82,175,79,96
050,72,105,"Puerto Rico Commonwealth","Naranjito Municipio",3,83,154,71,83
050,72,105,"Puerto Rico Commonwealth","Naranjito Municipio",3,84,133,70,63
050,72,105,"Puerto Rico Commonwealth","Naranjito Municipio",3,85,884,376,508
050,72,105,"Puerto Rico Commonwealth","Naranjito Municipio",4,0,172,85,87
050,72,105,"Puerto Rico Commonwealth","Naranjito Municipio",4,1,175,78,97
050,72,105,"Puerto Rico Commonwealth","Naranjito Municipio",4,2,208,102,106
050,72,105,"Puerto Rico Commonwealth","Naranjito Municipio",4,3,211,109,102
050,72,105,"Puerto Rico Commonwealth","Naranjito Municipio",4,4,217,110,107
050,72,105,"Puerto Rico Commonwealth","Naranjito Municipio",4,5,241,115,126
050,72,105,"Puerto Rico Commonwealth","Naranjito Municipio",4,6,249,125,124
050,72,105,"Puerto Rico Commonwealth","Naranjito Municipio",4,7,274,143,131
050,72,105,"Puerto Rico Commonwealth","Naranjito Municipio",4,8,286,149,137
050,72,105,"Puerto Rico Commonwealth","Naranjito Municipio",4,9,306,147,159
050,72,105,"Puerto Rico Commonwealth","Naranjito Municipio",4,10,337,164,173
050,72,105,"Puerto Rico Commonwealth","Naranjito Municipio",4,11,322,162,160
050,72,105,"Puerto Rico Commonwealth","Naranjito Municipio",4,12,306,151,155
050,72,105,"Puerto Rico Commonwealth","Naranjito Municipio",4,13,309,152,157
050,72,105,"Puerto Rico Commonwealth","Naranjito Municipio",4,14,319,159,160
050,72,105,"Puerto Rico Commonwealth","Naranjito Municipio",4,15,332,169,163
050,72,105,"Puerto Rico Commonwealth","Naranjito Municipio",4,16,337,163,174
050,72,105,"Puerto Rico Commonwealth","Naranjito Municipio",4,17,335,166,169
050,72,105,"Puerto Rico Commonwealth","Naranjito Municipio",4,18,335,174,161
050,72,105,"Puerto Rico Commonwealth","Naranjito Municipio",4,19,332,178,154
050,72,105,"Puerto Rico Commonwealth","Naranjito Municipio",4,20,334,181,153
050,72,105,"Puerto Rico Commonwealth","Naranjito Municipio",4,21,362,184,178
050,72,105,"Puerto Rico Commonwealth","Naranjito Municipio",4,22,378,187,191
050,72,105,"Puerto Rico Commonwealth","Naranjito Municipio",4,23,364,171,193
050,72,105,"Puerto Rico Commonwealth","Naranjito Municipio",4,24,379,185,194
050,72,105,"Puerto Rico Commonwealth","Naranjito Municipio",4,25,397,190,207
050,72,105,"Puerto Rico Commonwealth","Naranjito Municipio",4,26,382,189,193
050,72,105,"Puerto Rico Commonwealth","Naranjito Municipio",4,27,385,202,183
050,72,105,"Puerto Rico Commonwealth","Naranjito Municipio",4,28,384,201,183
050,72,105,"Puerto Rico Commonwealth","Naranjito Municipio",4,29,379,200,179
050,72,105,"Puerto Rico Commonwealth","Naranjito Municipio",4,30,404,209,195
050,72,105,"Puerto Rico Commonwealth","Naranjito Municipio",4,31,431,216,215
050,72,105,"Puerto Rico Commonwealth","Naranjito Municipio",4,32,442,231,211
050,72,105,"Puerto Rico Commonwealth","Naranjito Municipio",4,33,400,206,194
050,72,105,"Puerto Rico Commonwealth","Naranjito Municipio",4,34,367,182,185
050,72,105,"Puerto Rico Commonwealth","Naranjito Municipio",4,35,356,179,177
050,72,105,"Puerto Rico Commonwealth","Naranjito Municipio",4,36,340,172,168
050,72,105,"Puerto Rico Commonwealth","Naranjito Municipio",4,37,322,162,160
050,72,105,"Puerto Rico Commonwealth","Naranjito Municipio",4,38,313,156,157
050,72,105,"Puerto Rico Commonwealth","Naranjito Municipio",4,39,336,169,167
050,72,105,"Puerto Rico Commonwealth","Naranjito Municipio",4,40,354,174,180
050,72,105,"Puerto Rico Commonwealth","Naranjito Municipio",4,41,355,170,185
050,72,105,"Puerto Rico Commonwealth","Naranjito Municipio",4,42,371,178,193
050,72,105,"Puerto Rico Commonwealth","Naranjito Municipio",4,43,369,169,200
050,72,105,"Puerto Rico Commonwealth","Naranjito Municipio",4,44,384,187,197
050,72,105,"Puerto Rico Commonwealth","Naranjito Municipio",4,45,361,185,176
050,72,105,"Puerto Rico Commonwealth","Naranjito Municipio",4,46,330,170,160
050,72,105,"Puerto Rico Commonwealth","Naranjito Municipio",4,47,309,160,149
050,72,105,"Puerto Rico Commonwealth","Naranjito Municipio",4,48,283,150,133
050,72,105,"Puerto Rico Commonwealth","Naranjito Municipio",4,49,271,133,138
050,72,105,"Puerto Rico Commonwealth","Naranjito Municipio",4,50,290,135,155
050,72,105,"Puerto Rico Commonwealth","Naranjito Municipio",4,51,344,173,171
050,72,105,"Puerto Rico Commonwealth","Naranjito Municipio",4,52,379,194,185
050,72,105,"Puerto Rico Commonwealth","Naranjito Municipio",4,53,379,195,184
050,72,105,"Puerto Rico Commonwealth","Naranjito Municipio",4,54,371,186,185
050,72,105,"Puerto Rico Commonwealth","Naranjito Municipio",4,55,382,183,199
050,72,105,"Puerto Rico Commonwealth","Naranjito Municipio",4,56,407,190,217
050,72,105,"Puerto Rico Commonwealth","Naranjito Municipio",4,57,434,195,239
050,72,105,"Puerto Rico Commonwealth","Naranjito Municipio",4,58,416,187,229
050,72,105,"Puerto Rico Commonwealth","Naranjito Municipio",4,59,434,200,234
050,72,105,"Puerto Rico Commonwealth","Naranjito Municipio",4,60,432,199,233
050,72,105,"Puerto Rico Commonwealth","Naranjito Municipio",4,61,434,209,225
050,72,105,"Puerto Rico Commonwealth","Naranjito Municipio",4,62,439,214,225
050,72,105,"Puerto Rico Commonwealth","Naranjito Municipio",4,63,420,201,219
050,72,105,"Puerto Rico Commonwealth","Naranjito Municipio",4,64,412,198,214
050,72,105,"Puerto Rico Commonwealth","Naranjito Municipio",4,65,397,187,210
050,72,105,"Puerto Rico Commonwealth","Naranjito Municipio",4,66,384,178,206
050,72,105,"Puerto Rico Commonwealth","Naranjito Municipio",4,67,393,186,207
050,72,105,"Puerto Rico Commonwealth","Naranjito Municipio",4,68,380,189,191
050,72,105,"Puerto Rico Commonwealth","Naranjito Municipio",4,69,370,177,193
050,72,105,"Puerto Rico Commonwealth","Naranjito Municipio",4,70,353,160,193
050,72,105,"Puerto Rico Commonwealth","Naranjito Municipio",4,71,327,138,189
050,72,105,"Puerto Rico Commonwealth","Naranjito Municipio",4,72,322,142,180
050,72,105,"Puerto Rico Commonwealth","Naranjito Municipio",4,73,320,154,166
050,72,105,"Puerto Rico Commonwealth","Naranjito Municipio",4,74,318,162,156
050,72,105,"Puerto Rico Commonwealth","Naranjito Municipio",4,75,304,147,157
050,72,105,"Puerto Rico Commonwealth","Naranjito Municipio",4,76,285,129,156
050,72,105,"Puerto Rico Commonwealth","Naranjito Municipio",4,77,258,110,148
050,72,105,"Puerto Rico Commonwealth","Naranjito Municipio",4,78,248,107,141
050,72,105,"Puerto Rico Commonwealth","Naranjito Municipio",4,79,245,103,142
050,72,105,"Puerto Rico Commonwealth","Naranjito Municipio",4,80,238,105,133
050,72,105,"Puerto Rico Commonwealth","Naranjito Municipio",4,81,193,91,102
050,72,105,"Puerto Rico Commonwealth","Naranjito Municipio",4,82,179,88,91
050,72,105,"Puerto Rico Commonwealth","Naranjito Municipio",4,83,172,77,95
050,72,105,"Puerto Rico Commonwealth","Naranjito Municipio",4,84,145,68,77
050,72,105,"Puerto Rico Commonwealth","Naranjito Municipio",4,85,936,408,528
050,72,105,"Puerto Rico Commonwealth","Naranjito Municipio",5,0,151,92,59
050,72,105,"Puerto Rico Commonwealth","Naranjito Municipio",5,1,171,85,86
050,72,105,"Puerto Rico Commonwealth","Naranjito Municipio",5,2,175,78,97
050,72,105,"Puerto Rico Commonwealth","Naranjito Municipio",5,3,208,102,106
050,72,105,"Puerto Rico Commonwealth","Naranjito Municipio",5,4,212,110,102
050,72,105,"Puerto Rico Commonwealth","Naranjito Municipio",5,5,218,111,107
050,72,105,"Puerto Rico Commonwealth","Naranjito Municipio",5,6,246,119,127
050,72,105,"Puerto Rico Commonwealth","Naranjito Municipio",5,7,249,124,125
050,72,105,"Puerto Rico Commonwealth","Naranjito Municipio",5,8,276,144,132
050,72,105,"Puerto Rico Commonwealth","Naranjito Municipio",5,9,287,150,137
050,72,105,"Puerto Rico Commonwealth","Naranjito Municipio",5,10,308,148,160
050,72,105,"Puerto Rico Commonwealth","Naranjito Municipio",5,11,339,165,174
050,72,105,"Puerto Rico Commonwealth","Naranjito Municipio",5,12,324,163,161
050,72,105,"Puerto Rico Commonwealth","Naranjito Municipio",5,13,308,152,156
050,72,105,"Puerto Rico Commonwealth","Naranjito Municipio",5,14,311,153,158
050,72,105,"Puerto Rico Commonwealth","Naranjito Municipio",5,15,320,159,161
050,72,105,"Puerto Rico Commonwealth","Naranjito Municipio",5,16,333,170,163
050,72,105,"Puerto Rico Commonwealth","Naranjito Municipio",5,17,338,164,174
050,72,105,"Puerto Rico Commonwealth","Naranjito Municipio",5,18,334,165,169
050,72,105,"Puerto Rico Commonwealth","Naranjito Municipio",5,19,333,174,159
050,72,105,"Puerto Rico Commonwealth","Naranjito Municipio",5,20,333,178,155
050,72,105,"Puerto Rico Commonwealth","Naranjito Municipio",5,21,334,181,153
050,72,105,"Puerto Rico Commonwealth","Naranjito Municipio",5,22,364,185,179
050,72,105,"Puerto Rico Commonwealth","Naranjito Municipio",5,23,379,187,192
050,72,105,"Puerto Rico Commonwealth","Naranjito Municipio",5,24,369,174,195
050,72,105,"Puerto Rico Commonwealth","Naranjito Municipio",5,25,379,184,195
050,72,105,"Puerto Rico Commonwealth","Naranjito Municipio",5,26,402,193,209
050,72,105,"Puerto Rico Commonwealth","Naranjito Municipio",5,27,382,188,194
050,72,105,"Puerto Rico Commonwealth","Naranjito Municipio",5,28,385,202,183
050,72,105,"Puerto Rico Commonwealth","Naranjito Municipio",5,29,382,199,183
050,72,105,"Puerto Rico Commonwealth","Naranjito Municipio",5,30,383,204,179
050,72,105,"Puerto Rico Commonwealth","Naranjito Municipio",5,31,405,210,195
050,72,105,"Puerto Rico Commonwealth","Naranjito Municipio",5,32,437,221,216
050,72,105,"Puerto Rico Commonwealth","Naranjito Municipio",5,33,443,228,215
050,72,105,"Puerto Rico Commonwealth","Naranjito Municipio",5,34,404,212,192
050,72,105,"Puerto Rico Commonwealth","Naranjito Municipio",5,35,366,180,186
050,72,105,"Puerto Rico Commonwealth","Naranjito Municipio",5,36,358,180,178
050,72,105,"Puerto Rico Commonwealth","Naranjito Municipio",5,37,343,174,169
050,72,105,"Puerto Rico Commonwealth","Naranjito Municipio",5,38,321,160,161
050,72,105,"Puerto Rico Commonwealth","Naranjito Municipio",5,39,317,159,158
050,72,105,"Puerto Rico Commonwealth","Naranjito Municipio",5,40,338,169,169
050,72,105,"Puerto Rico Commonwealth","Naranjito Municipio",5,41,355,175,180
050,72,105,"Puerto Rico Commonwealth","Naranjito Municipio",5,42,360,174,186
050,72,105,"Puerto Rico Commonwealth","Naranjito Municipio",5,43,369,177,192
050,72,105,"Puerto Rico Commonwealth","Naranjito Municipio",5,44,373,172,201
050,72,105,"Puerto Rico Commonwealth","Naranjito Municipio",5,45,385,187,198
050,72,105,"Puerto Rico Commonwealth","Naranjito Municipio",5,46,365,188,177
050,72,105,"Puerto Rico Commonwealth","Naranjito Municipio",5,47,332,171,161
050,72,105,"Puerto Rico Commonwealth","Naranjito Municipio",5,48,312,162,150
050,72,105,"Puerto Rico Commonwealth","Naranjito Municipio",5,49,286,152,134
050,72,105,"Puerto Rico Commonwealth","Naranjito Municipio",5,50,275,136,139
050,72,105,"Puerto Rico Commonwealth","Naranjito Municipio",5,51,290,133,157
050,72,105,"Puerto Rico Commonwealth","Naranjito Municipio",5,52,347,174,173
050,72,105,"Puerto Rico Commonwealth","Naranjito Municipio",5,53,383,195,188
050,72,105,"Puerto Rico Commonwealth","Naranjito Municipio",5,54,377,193,184
050,72,105,"Puerto Rico Commonwealth","Naranjito Municipio",5,55,368,184,184
050,72,105,"Puerto Rico Commonwealth","Naranjito Municipio",5,56,384,185,199
050,72,105,"Puerto Rico Commonwealth","Naranjito Municipio",5,57,411,191,220
050,72,105,"Puerto Rico Commonwealth","Naranjito Municipio",5,58,435,196,239
050,72,105,"Puerto Rico Commonwealth","Naranjito Municipio",5,59,415,186,229
050,72,105,"Puerto Rico Commonwealth","Naranjito Municipio",5,60,434,198,236
050,72,105,"Puerto Rico Commonwealth","Naranjito Municipio",5,61,435,201,234
050,72,105,"Puerto Rico Commonwealth","Naranjito Municipio",5,62,434,208,226
050,72,105,"Puerto Rico Commonwealth","Naranjito Municipio",5,63,440,213,227
050,72,105,"Puerto Rico Commonwealth","Naranjito Municipio",5,64,418,200,218
050,72,105,"Puerto Rico Commonwealth","Naranjito Municipio",5,65,414,200,214
050,72,105,"Puerto Rico Commonwealth","Naranjito Municipio",5,66,395,185,210
050,72,105,"Puerto Rico Commonwealth","Naranjito Municipio",5,67,380,175,205
050,72,105,"Puerto Rico Commonwealth","Naranjito Municipio",5,68,391,183,208
050,72,105,"Puerto Rico Commonwealth","Naranjito Municipio",5,69,381,189,192
050,72,105,"Puerto Rico Commonwealth","Naranjito Municipio",5,70,366,175,191
050,72,105,"Puerto Rico Commonwealth","Naranjito Municipio",5,71,353,161,192
050,72,105,"Puerto Rico Commonwealth","Naranjito Municipio",5,72,326,138,188
050,72,105,"Puerto Rico Commonwealth","Naranjito Municipio",5,73,323,142,181
050,72,105,"Puerto Rico Commonwealth","Naranjito Municipio",5,74,317,150,167
050,72,105,"Puerto Rico Commonwealth","Naranjito Municipio",5,75,314,160,154
050,72,105,"Puerto Rico Commonwealth","Naranjito Municipio",5,76,287,134,153
050,72,105,"Puerto Rico Commonwealth","Naranjito Municipio",5,77,280,128,152
050,72,105,"Puerto Rico Commonwealth","Naranjito Municipio",5,78,257,110,147
050,72,105,"Puerto Rico Commonwealth","Naranjito Municipio",5,79,241,103,138
050,72,105,"Puerto Rico Commonwealth","Naranjito Municipio",5,80,242,100,142
050,72,105,"Puerto Rico Commonwealth","Naranjito Municipio",5,81,234,102,132
050,72,105,"Puerto Rico Commonwealth","Naranjito Municipio",5,82,190,88,102
050,72,105,"Puerto Rico Commonwealth","Naranjito Municipio",5,83,170,81,89
050,72,105,"Puerto Rico Commonwealth","Naranjito Municipio",5,84,163,74,89
050,72,105,"Puerto Rico Commonwealth","Naranjito Municipio",5,85,1010,442,568
050,72,107,"Puerto Rico Commonwealth","Orocovis Municipio",1,0,165,88,77
050,72,107,"Puerto Rico Commonwealth","Orocovis Municipio",1,1,171,93,78
050,72,107,"Puerto Rico Commonwealth","Orocovis Municipio",1,2,183,90,93
050,72,107,"Puerto Rico Commonwealth","Orocovis Municipio",1,3,194,105,89
050,72,107,"Puerto Rico Commonwealth","Orocovis Municipio",1,4,213,110,103
050,72,107,"Puerto Rico Commonwealth","Orocovis Municipio",1,5,218,109,109
050,72,107,"Puerto Rico Commonwealth","Orocovis Municipio",1,6,235,120,115
050,72,107,"Puerto Rico Commonwealth","Orocovis Municipio",1,7,235,127,108
050,72,107,"Puerto Rico Commonwealth","Orocovis Municipio",1,8,240,132,108
050,72,107,"Puerto Rico Commonwealth","Orocovis Municipio",1,9,252,122,130
050,72,107,"Puerto Rico Commonwealth","Orocovis Municipio",1,10,249,113,136
050,72,107,"Puerto Rico Commonwealth","Orocovis Municipio",1,11,227,108,119
050,72,107,"Puerto Rico Commonwealth","Orocovis Municipio",1,12,238,127,111
050,72,107,"Puerto Rico Commonwealth","Orocovis Municipio",1,13,280,154,126
050,72,107,"Puerto Rico Commonwealth","Orocovis Municipio",1,14,280,157,123
050,72,107,"Puerto Rico Commonwealth","Orocovis Municipio",1,15,262,141,121
050,72,107,"Puerto Rico Commonwealth","Orocovis Municipio",1,16,250,133,117
050,72,107,"Puerto Rico Commonwealth","Orocovis Municipio",1,17,249,132,117
050,72,107,"Puerto Rico Commonwealth","Orocovis Municipio",1,18,254,138,116
050,72,107,"Puerto Rico Commonwealth","Orocovis Municipio",1,19,274,147,127
050,72,107,"Puerto Rico Commonwealth","Orocovis Municipio",1,20,296,164,132
050,72,107,"Puerto Rico Commonwealth","Orocovis Municipio",1,21,302,164,138
050,72,107,"Puerto Rico Commonwealth","Orocovis Municipio",1,22,304,154,150
050,72,107,"Puerto Rico Commonwealth","Orocovis Municipio",1,23,290,139,151
050,72,107,"Puerto Rico Commonwealth","Orocovis Municipio",1,24,284,143,141
050,72,107,"Puerto Rico Commonwealth","Orocovis Municipio",1,25,319,169,150
050,72,107,"Puerto Rico Commonwealth","Orocovis Municipio",1,26,340,168,172
050,72,107,"Puerto Rico Commonwealth","Orocovis Municipio",1,27,318,168,150
050,72,107,"Puerto Rico Commonwealth","Orocovis Municipio",1,28,306,163,143
050,72,107,"Puerto Rico Commonwealth","Orocovis Municipio",1,29,313,160,153
050,72,107,"Puerto Rico Commonwealth","Orocovis Municipio",1,30,324,158,166
050,72,107,"Puerto Rico Commonwealth","Orocovis Municipio",1,31,290,148,142
050,72,107,"Puerto Rico Commonwealth","Orocovis Municipio",1,32,256,124,132
050,72,107,"Puerto Rico Commonwealth","Orocovis Municipio",1,33,221,103,118
050,72,107,"Puerto Rico Commonwealth","Orocovis Municipio",1,34,229,108,121
050,72,107,"Puerto Rico Commonwealth","Orocovis Municipio",1,35,228,116,112
050,72,107,"Puerto Rico Commonwealth","Orocovis Municipio",1,36,236,115,121
050,72,107,"Puerto Rico Commonwealth","Orocovis Municipio",1,37,255,125,130
050,72,107,"Puerto Rico Commonwealth","Orocovis Municipio",1,38,254,132,122
050,72,107,"Puerto Rico Commonwealth","Orocovis Municipio",1,39,261,129,132
050,72,107,"Puerto Rico Commonwealth","Orocovis Municipio",1,40,248,117,131
050,72,107,"Puerto Rico Commonwealth","Orocovis Municipio",1,41,244,128,116
050,72,107,"Puerto Rico Commonwealth","Orocovis Municipio",1,42,235,119,116
050,72,107,"Puerto Rico Commonwealth","Orocovis Municipio",1,43,230,118,112
050,72,107,"Puerto Rico Commonwealth","Orocovis Municipio",1,44,234,117,117
050,72,107,"Puerto Rico Commonwealth","Orocovis Municipio",1,45,264,125,139
050,72,107,"Puerto Rico Commonwealth","Orocovis Municipio",1,46,291,134,157
050,72,107,"Puerto Rico Commonwealth","Orocovis Municipio",1,47,270,137,133
050,72,107,"Puerto Rico Commonwealth","Orocovis Municipio",1,48,272,137,135
050,72,107,"Puerto Rico Commonwealth","Orocovis Municipio",1,49,279,134,145
050,72,107,"Puerto Rico Commonwealth","Orocovis Municipio",1,50,288,137,151
050,72,107,"Puerto Rico Commonwealth","Orocovis Municipio",1,51,292,135,157
050,72,107,"Puerto Rico Commonwealth","Orocovis Municipio",1,52,306,152,154
050,72,107,"Puerto Rico Commonwealth","Orocovis Municipio",1,53,317,154,163
050,72,107,"Puerto Rico Commonwealth","Orocovis Municipio",1,54,321,152,169
050,72,107,"Puerto Rico Commonwealth","Orocovis Municipio",1,55,315,158,157
050,72,107,"Puerto Rico Commonwealth","Orocovis Municipio",1,56,316,149,167
050,72,107,"Puerto Rico Commonwealth","Orocovis Municipio",1,57,329,157,172
050,72,107,"Puerto Rico Commonwealth","Orocovis Municipio",1,58,321,162,159
050,72,107,"Puerto Rico Commonwealth","Orocovis Municipio",1,59,324,165,159
050,72,107,"Puerto Rico Commonwealth","Orocovis Municipio",1,60,324,155,169
050,72,107,"Puerto Rico Commonwealth","Orocovis Municipio",1,61,308,149,159
050,72,107,"Puerto Rico Commonwealth","Orocovis Municipio",1,62,310,152,158
050,72,107,"Puerto Rico Commonwealth","Orocovis Municipio",1,63,300,146,154
050,72,107,"Puerto Rico Commonwealth","Orocovis Municipio",1,64,290,138,152
050,72,107,"Puerto Rico Commonwealth","Orocovis Municipio",1,65,280,143,137
050,72,107,"Puerto Rico Commonwealth","Orocovis Municipio",1,66,261,126,135
050,72,107,"Puerto Rico Commonwealth","Orocovis Municipio",1,67,239,113,126
050,72,107,"Puerto Rico Commonwealth","Orocovis Municipio",1,68,213,109,104
050,72,107,"Puerto Rico Commonwealth","Orocovis Municipio",1,69,228,116,112
050,72,107,"Puerto Rico Commonwealth","Orocovis Municipio",1,70,218,111,107
050,72,107,"Puerto Rico Commonwealth","Orocovis Municipio",1,71,212,108,104
050,72,107,"Puerto Rico Commonwealth","Orocovis Municipio",1,72,224,109,115
050,72,107,"Puerto Rico Commonwealth","Orocovis Municipio",1,73,205,92,113
050,72,107,"Puerto Rico Commonwealth","Orocovis Municipio",1,74,180,90,90
050,72,107,"Puerto Rico Commonwealth","Orocovis Municipio",1,75,161,77,84
050,72,107,"Puerto Rico Commonwealth","Orocovis Municipio",1,76,151,72,79
050,72,107,"Puerto Rico Commonwealth","Orocovis Municipio",1,77,138,64,74
050,72,107,"Puerto Rico Commonwealth","Orocovis Municipio",1,78,151,74,77
050,72,107,"Puerto Rico Commonwealth","Orocovis Municipio",1,79,101,50,51
050,72,107,"Puerto Rico Commonwealth","Orocovis Municipio",1,80,106,62,44
050,72,107,"Puerto Rico Commonwealth","Orocovis Municipio",1,81,93,51,42
050,72,107,"Puerto Rico Commonwealth","Orocovis Municipio",1,82,81,41,40
050,72,107,"Puerto Rico Commonwealth","Orocovis Municipio",1,83,79,41,38
050,72,107,"Puerto Rico Commonwealth","Orocovis Municipio",1,84,80,35,45
050,72,107,"Puerto Rico Commonwealth","Orocovis Municipio",1,85,510,203,307
050,72,107,"Puerto Rico Commonwealth","Orocovis Municipio",2,0,163,91,72
050,72,107,"Puerto Rico Commonwealth","Orocovis Municipio",2,1,170,92,78
050,72,107,"Puerto Rico Commonwealth","Orocovis Municipio",2,2,180,91,89
050,72,107,"Puerto Rico Commonwealth","Orocovis Municipio",2,3,191,101,90
050,72,107,"Puerto Rico Commonwealth","Orocovis Municipio",2,4,208,109,99
050,72,107,"Puerto Rico Commonwealth","Orocovis Municipio",2,5,217,109,108
050,72,107,"Puerto Rico Commonwealth","Orocovis Municipio",2,6,230,117,113
050,72,107,"Puerto Rico Commonwealth","Orocovis Municipio",2,7,235,125,110
050,72,107,"Puerto Rico Commonwealth","Orocovis Municipio",2,8,239,131,108
050,72,107,"Puerto Rico Commonwealth","Orocovis Municipio",2,9,250,125,125
050,72,107,"Puerto Rico Commonwealth","Orocovis Municipio",2,10,249,115,134
050,72,107,"Puerto Rico Commonwealth","Orocovis Municipio",2,11,232,109,123
050,72,107,"Puerto Rico Commonwealth","Orocovis Municipio",2,12,235,122,113
050,72,107,"Puerto Rico Commonwealth","Orocovis Municipio",2,13,271,148,123
050,72,107,"Puerto Rico Commonwealth","Orocovis Municipio",2,14,279,156,123
050,72,107,"Puerto Rico Commonwealth","Orocovis Municipio",2,15,267,145,122
050,72,107,"Puerto Rico Commonwealth","Orocovis Municipio",2,16,253,135,118
050,72,107,"Puerto Rico Commonwealth","Orocovis Municipio",2,17,248,131,117
050,72,107,"Puerto Rico Commonwealth","Orocovis Municipio",2,18,253,137,116
050,72,107,"Puerto Rico Commonwealth","Orocovis Municipio",2,19,267,143,124
050,72,107,"Puerto Rico Commonwealth","Orocovis Municipio",2,20,289,159,130
050,72,107,"Puerto Rico Commonwealth","Orocovis Municipio",2,21,299,163,136
050,72,107,"Puerto Rico Commonwealth","Orocovis Municipio",2,22,302,155,147
050,72,107,"Puerto Rico Commonwealth","Orocovis Municipio",2,23,292,142,150
050,72,107,"Puerto Rico Commonwealth","Orocovis Municipio",2,24,286,142,144
050,72,107,"Puerto Rico Commonwealth","Orocovis Municipio",2,25,311,163,148
050,72,107,"Puerto Rico Commonwealth","Orocovis Municipio",2,26,334,168,166
050,72,107,"Puerto Rico Commonwealth","Orocovis Municipio",2,27,324,168,156
050,72,107,"Puerto Rico Commonwealth","Orocovis Municipio",2,28,308,164,144
050,72,107,"Puerto Rico Commonwealth","Orocovis Municipio",2,29,313,162,151
050,72,107,"Puerto Rico Commonwealth","Orocovis Municipio",2,30,322,159,163
050,72,107,"Puerto Rico Commonwealth","Orocovis Municipio",2,31,298,150,148
050,72,107,"Puerto Rico Commonwealth","Orocovis Municipio",2,32,264,130,134
050,72,107,"Puerto Rico Commonwealth","Orocovis Municipio",2,33,229,107,122
050,72,107,"Puerto Rico Commonwealth","Orocovis Municipio",2,34,226,107,119
050,72,107,"Puerto Rico Commonwealth","Orocovis Municipio",2,35,228,114,114
050,72,107,"Puerto Rico Commonwealth","Orocovis Municipio",2,36,234,115,119
050,72,107,"Puerto Rico Commonwealth","Orocovis Municipio",2,37,251,123,128
050,72,107,"Puerto Rico Commonwealth","Orocovis Municipio",2,38,254,130,124
050,72,107,"Puerto Rico Commonwealth","Orocovis Municipio",2,39,259,130,129
050,72,107,"Puerto Rico Commonwealth","Orocovis Municipio",2,40,251,120,131
050,72,107,"Puerto Rico Commonwealth","Orocovis Municipio",2,41,245,125,120
050,72,107,"Puerto Rico Commonwealth","Orocovis Municipio",2,42,237,121,116
050,72,107,"Puerto Rico Commonwealth","Orocovis Municipio",2,43,232,119,113
050,72,107,"Puerto Rico Commonwealth","Orocovis Municipio",2,44,232,116,116
050,72,107,"Puerto Rico Commonwealth","Orocovis Municipio",2,45,256,123,133
050,72,107,"Puerto Rico Commonwealth","Orocovis Municipio",2,46,285,132,153
050,72,107,"Puerto Rico Commonwealth","Orocovis Municipio",2,47,275,136,139
050,72,107,"Puerto Rico Commonwealth","Orocovis Municipio",2,48,271,137,134
050,72,107,"Puerto Rico Commonwealth","Orocovis Municipio",2,49,277,134,143
050,72,107,"Puerto Rico Commonwealth","Orocovis Municipio",2,50,286,137,149
050,72,107,"Puerto Rico Commonwealth","Orocovis Municipio",2,51,290,135,155
050,72,107,"Puerto Rico Commonwealth","Orocovis Municipio",2,52,303,148,155
050,72,107,"Puerto Rico Commonwealth","Orocovis Municipio",2,53,314,154,160
050,72,107,"Puerto Rico Commonwealth","Orocovis Municipio",2,54,319,151,168
050,72,107,"Puerto Rico Commonwealth","Orocovis Municipio",2,55,317,157,160
050,72,107,"Puerto Rico Commonwealth","Orocovis Municipio",2,56,315,151,164
050,72,107,"Puerto Rico Commonwealth","Orocovis Municipio",2,57,326,155,171
050,72,107,"Puerto Rico Commonwealth","Orocovis Municipio",2,58,323,161,162
050,72,107,"Puerto Rico Commonwealth","Orocovis Municipio",2,59,323,164,159
050,72,107,"Puerto Rico Commonwealth","Orocovis Municipio",2,60,323,157,166
050,72,107,"Puerto Rico Commonwealth","Orocovis Municipio",2,61,312,151,161
050,72,107,"Puerto Rico Commonwealth","Orocovis Municipio",2,62,306,148,158
050,72,107,"Puerto Rico Commonwealth","Orocovis Municipio",2,63,302,147,155
050,72,107,"Puerto Rico Commonwealth","Orocovis Municipio",2,64,292,140,152
050,72,107,"Puerto Rico Commonwealth","Orocovis Municipio",2,65,282,141,141
050,72,107,"Puerto Rico Commonwealth","Orocovis Municipio",2,66,265,130,135
050,72,107,"Puerto Rico Commonwealth","Orocovis Municipio",2,67,244,116,128
050,72,107,"Puerto Rico Commonwealth","Orocovis Municipio",2,68,217,109,108
050,72,107,"Puerto Rico Commonwealth","Orocovis Municipio",2,69,223,113,110
050,72,107,"Puerto Rico Commonwealth","Orocovis Municipio",2,70,219,111,108
050,72,107,"Puerto Rico Commonwealth","Orocovis Municipio",2,71,212,108,104
050,72,107,"Puerto Rico Commonwealth","Orocovis Municipio",2,72,220,108,112
050,72,107,"Puerto Rico Commonwealth","Orocovis Municipio",2,73,208,94,114
050,72,107,"Puerto Rico Commonwealth","Orocovis Municipio",2,74,186,90,96
050,72,107,"Puerto Rico Commonwealth","Orocovis Municipio",2,75,164,79,85
050,72,107,"Puerto Rico Commonwealth","Orocovis Municipio",2,76,152,73,79
050,72,107,"Puerto Rico Commonwealth","Orocovis Municipio",2,77,141,66,75
050,72,107,"Puerto Rico Commonwealth","Orocovis Municipio",2,78,147,72,75
050,72,107,"Puerto Rico Commonwealth","Orocovis Municipio",2,79,112,56,56
050,72,107,"Puerto Rico Commonwealth","Orocovis Municipio",2,80,105,59,46
050,72,107,"Puerto Rico Commonwealth","Orocovis Municipio",2,81,96,53,43
050,72,107,"Puerto Rico Commonwealth","Orocovis Municipio",2,82,85,43,42
050,72,107,"Puerto Rico Commonwealth","Orocovis Municipio",2,83,78,41,37
050,72,107,"Puerto Rico Commonwealth","Orocovis Municipio",2,84,80,36,44
050,72,107,"Puerto Rico Commonwealth","Orocovis Municipio",2,85,523,208,315
050,72,107,"Puerto Rico Commonwealth","Orocovis Municipio",3,0,144,65,79
050,72,107,"Puerto Rico Commonwealth","Orocovis Municipio",3,1,166,92,74
050,72,107,"Puerto Rico Commonwealth","Orocovis Municipio",3,2,171,92,79
050,72,107,"Puerto Rico Commonwealth","Orocovis Municipio",3,3,181,91,90
050,72,107,"Puerto Rico Commonwealth","Orocovis Municipio",3,4,192,101,91
050,72,107,"Puerto Rico Commonwealth","Orocovis Municipio",3,5,210,110,100
050,72,107,"Puerto Rico Commonwealth","Orocovis Municipio",3,6,218,109,109
050,72,107,"Puerto Rico Commonwealth","Orocovis Municipio",3,7,231,117,114
050,72,107,"Puerto Rico Commonwealth","Orocovis Municipio",3,8,236,125,111
050,72,107,"Puerto Rico Commonwealth","Orocovis Municipio",3,9,239,131,108
050,72,107,"Puerto Rico Commonwealth","Orocovis Municipio",3,10,254,125,129
050,72,107,"Puerto Rico Commonwealth","Orocovis Municipio",3,11,244,115,129
050,72,107,"Puerto Rico Commonwealth","Orocovis Municipio",3,12,230,108,122
050,72,107,"Puerto Rico Commonwealth","Orocovis Municipio",3,13,233,121,112
050,72,107,"Puerto Rico Commonwealth","Orocovis Municipio",3,14,269,147,122
050,72,107,"Puerto Rico Commonwealth","Orocovis Municipio",3,15,277,155,122
050,72,107,"Puerto Rico Commonwealth","Orocovis Municipio",3,16,264,144,120
050,72,107,"Puerto Rico Commonwealth","Orocovis Municipio",3,17,249,133,116
050,72,107,"Puerto Rico Commonwealth","Orocovis Municipio",3,18,242,128,114
050,72,107,"Puerto Rico Commonwealth","Orocovis Municipio",3,19,247,134,113
050,72,107,"Puerto Rico Commonwealth","Orocovis Municipio",3,20,263,140,123
050,72,107,"Puerto Rico Commonwealth","Orocovis Municipio",3,21,285,157,128
050,72,107,"Puerto Rico Commonwealth","Orocovis Municipio",3,22,296,161,135
050,72,107,"Puerto Rico Commonwealth","Orocovis Municipio",3,23,301,154,147
050,72,107,"Puerto Rico Commonwealth","Orocovis Municipio",3,24,292,142,150
050,72,107,"Puerto Rico Commonwealth","Orocovis Municipio",3,25,285,141,144
050,72,107,"Puerto Rico Commonwealth","Orocovis Municipio",3,26,310,163,147
050,72,107,"Puerto Rico Commonwealth","Orocovis Municipio",3,27,335,169,166
050,72,107,"Puerto Rico Commonwealth","Orocovis Municipio",3,28,325,169,156
050,72,107,"Puerto Rico Commonwealth","Orocovis Municipio",3,29,311,165,146
050,72,107,"Puerto Rico Commonwealth","Orocovis Municipio",3,30,309,163,146
050,72,107,"Puerto Rico Commonwealth","Orocovis Municipio",3,31,319,156,163
050,72,107,"Puerto Rico Commonwealth","Orocovis Municipio",3,32,303,151,152
050,72,107,"Puerto Rico Commonwealth","Orocovis Municipio",3,33,261,131,130
050,72,107,"Puerto Rico Commonwealth","Orocovis Municipio",3,34,228,106,122
050,72,107,"Puerto Rico Commonwealth","Orocovis Municipio",3,35,227,108,119
050,72,107,"Puerto Rico Commonwealth","Orocovis Municipio",3,36,227,113,114
050,72,107,"Puerto Rico Commonwealth","Orocovis Municipio",3,37,234,115,119
050,72,107,"Puerto Rico Commonwealth","Orocovis Municipio",3,38,251,122,129
050,72,107,"Puerto Rico Commonwealth","Orocovis Municipio",3,39,261,136,125
050,72,107,"Puerto Rico Commonwealth","Orocovis Municipio",3,40,257,127,130
050,72,107,"Puerto Rico Commonwealth","Orocovis Municipio",3,41,250,120,130
050,72,107,"Puerto Rico Commonwealth","Orocovis Municipio",3,42,246,125,121
050,72,107,"Puerto Rico Commonwealth","Orocovis Municipio",3,43,249,132,117
050,72,107,"Puerto Rico Commonwealth","Orocovis Municipio",3,44,222,109,113
050,72,107,"Puerto Rico Commonwealth","Orocovis Municipio",3,45,234,117,117
050,72,107,"Puerto Rico Commonwealth","Orocovis Municipio",3,46,260,126,134
050,72,107,"Puerto Rico Commonwealth","Orocovis Municipio",3,47,286,132,154
050,72,107,"Puerto Rico Commonwealth","Orocovis Municipio",3,48,277,137,140
050,72,107,"Puerto Rico Commonwealth","Orocovis Municipio",3,49,273,138,135
050,72,107,"Puerto Rico Commonwealth","Orocovis Municipio",3,50,277,133,144
050,72,107,"Puerto Rico Commonwealth","Orocovis Municipio",3,51,281,131,150
050,72,107,"Puerto Rico Commonwealth","Orocovis Municipio",3,52,292,136,156
050,72,107,"Puerto Rico Commonwealth","Orocovis Municipio",3,53,305,149,156
050,72,107,"Puerto Rico Commonwealth","Orocovis Municipio",3,54,320,159,161
050,72,107,"Puerto Rico Commonwealth","Orocovis Municipio",3,55,318,151,167
050,72,107,"Puerto Rico Commonwealth","Orocovis Municipio",3,56,314,154,160
050,72,107,"Puerto Rico Commonwealth","Orocovis Municipio",3,57,313,148,165
050,72,107,"Puerto Rico Commonwealth","Orocovis Municipio",3,58,327,156,171
050,72,107,"Puerto Rico Commonwealth","Orocovis Municipio",3,59,318,156,162
050,72,107,"Puerto Rico Commonwealth","Orocovis Municipio",3,60,327,163,164
050,72,107,"Puerto Rico Commonwealth","Orocovis Municipio",3,61,315,153,162
050,72,107,"Puerto Rico Commonwealth","Orocovis Municipio",3,62,313,151,162
050,72,107,"Puerto Rico Commonwealth","Orocovis Municipio",3,63,306,149,157
050,72,107,"Puerto Rico Commonwealth","Orocovis Municipio",3,64,296,140,156
050,72,107,"Puerto Rico Commonwealth","Orocovis Municipio",3,65,292,140,152
050,72,107,"Puerto Rico Commonwealth","Orocovis Municipio",3,66,279,139,140
050,72,107,"Puerto Rico Commonwealth","Orocovis Municipio",3,67,262,127,135
050,72,107,"Puerto Rico Commonwealth","Orocovis Municipio",3,68,238,115,123
050,72,107,"Puerto Rico Commonwealth","Orocovis Municipio",3,69,214,108,106
050,72,107,"Puerto Rico Commonwealth","Orocovis Municipio",3,70,221,111,110
050,72,107,"Puerto Rico Commonwealth","Orocovis Municipio",3,71,210,106,104
050,72,107,"Puerto Rico Commonwealth","Orocovis Municipio",3,72,210,106,104
050,72,107,"Puerto Rico Commonwealth","Orocovis Municipio",3,73,217,106,111
050,72,107,"Puerto Rico Commonwealth","Orocovis Municipio",3,74,207,95,112
050,72,107,"Puerto Rico Commonwealth","Orocovis Municipio",3,75,177,85,92
050,72,107,"Puerto Rico Commonwealth","Orocovis Municipio",3,76,158,77,81
050,72,107,"Puerto Rico Commonwealth","Orocovis Municipio",3,77,147,69,78
050,72,107,"Puerto Rico Commonwealth","Orocovis Municipio",3,78,135,62,73
050,72,107,"Puerto Rico Commonwealth","Orocovis Municipio",3,79,141,68,73
050,72,107,"Puerto Rico Commonwealth","Orocovis Municipio",3,80,110,56,54
050,72,107,"Puerto Rico Commonwealth","Orocovis Municipio",3,81,96,51,45
050,72,107,"Puerto Rico Commonwealth","Orocovis Municipio",3,82,92,50,42
050,72,107,"Puerto Rico Commonwealth","Orocovis Municipio",3,83,79,39,40
050,72,107,"Puerto Rico Commonwealth","Orocovis Municipio",3,84,78,41,37
050,72,107,"Puerto Rico Commonwealth","Orocovis Municipio",3,85,555,225,330
050,72,107,"Puerto Rico Commonwealth","Orocovis Municipio",4,0,151,74,77
050,72,107,"Puerto Rico Commonwealth","Orocovis Municipio",4,1,143,64,79
050,72,107,"Puerto Rico Commonwealth","Orocovis Municipio",4,2,165,91,74
050,72,107,"Puerto Rico Commonwealth","Orocovis Municipio",4,3,170,91,79
050,72,107,"Puerto Rico Commonwealth","Orocovis Municipio",4,4,180,90,90
050,72,107,"Puerto Rico Commonwealth","Orocovis Municipio",4,5,190,100,90
050,72,107,"Puerto Rico Commonwealth","Orocovis Municipio",4,6,208,109,99
050,72,107,"Puerto Rico Commonwealth","Orocovis Municipio",4,7,216,108,108
050,72,107,"Puerto Rico Commonwealth","Orocovis Municipio",4,8,229,116,113
050,72,107,"Puerto Rico Commonwealth","Orocovis Municipio",4,9,234,124,110
050,72,107,"Puerto Rico Commonwealth","Orocovis Municipio",4,10,240,130,110
050,72,107,"Puerto Rico Commonwealth","Orocovis Municipio",4,11,246,123,123
050,72,107,"Puerto Rico Commonwealth","Orocovis Municipio",4,12,240,113,127
050,72,107,"Puerto Rico Commonwealth","Orocovis Municipio",4,13,226,106,120
050,72,107,"Puerto Rico Commonwealth","Orocovis Municipio",4,14,228,118,110
050,72,107,"Puerto Rico Commonwealth","Orocovis Municipio",4,15,263,143,120
050,72,107,"Puerto Rico Commonwealth","Orocovis Municipio",4,16,270,151,119
050,72,107,"Puerto Rico Commonwealth","Orocovis Municipio",4,17,258,141,117
050,72,107,"Puerto Rico Commonwealth","Orocovis Municipio",4,18,240,128,112
050,72,107,"Puerto Rico Commonwealth","Orocovis Municipio",4,19,231,122,109
050,72,107,"Puerto Rico Commonwealth","Orocovis Municipio",4,20,240,130,110
050,72,107,"Puerto Rico Commonwealth","Orocovis Municipio",4,21,256,136,120
050,72,107,"Puerto Rico Commonwealth","Orocovis Municipio",4,22,277,152,125
050,72,107,"Puerto Rico Commonwealth","Orocovis Municipio",4,23,290,157,133
050,72,107,"Puerto Rico Commonwealth","Orocovis Municipio",4,24,297,152,145
050,72,107,"Puerto Rico Commonwealth","Orocovis Municipio",4,25,287,139,148
050,72,107,"Puerto Rico Commonwealth","Orocovis Municipio",4,26,278,136,142
050,72,107,"Puerto Rico Commonwealth","Orocovis Municipio",4,27,304,160,144
050,72,107,"Puerto Rico Commonwealth","Orocovis Municipio",4,28,330,166,164
050,72,107,"Puerto Rico Commonwealth","Orocovis Municipio",4,29,325,168,157
050,72,107,"Puerto Rico Commonwealth","Orocovis Municipio",4,30,304,163,141
050,72,107,"Puerto Rico Commonwealth","Orocovis Municipio",4,31,300,156,144
050,72,107,"Puerto Rico Commonwealth","Orocovis Municipio",4,32,319,154,165
050,72,107,"Puerto Rico Commonwealth","Orocovis Municipio",4,33,296,149,147
050,72,107,"Puerto Rico Commonwealth","Orocovis Municipio",4,34,258,129,129
050,72,107,"Puerto Rico Commonwealth","Orocovis Municipio",4,35,226,105,121
050,72,107,"Puerto Rico Commonwealth","Orocovis Municipio",4,36,224,106,118
050,72,107,"Puerto Rico Commonwealth","Orocovis Municipio",4,37,225,112,113
050,72,107,"Puerto Rico Commonwealth","Orocovis Municipio",4,38,231,113,118
050,72,107,"Puerto Rico Commonwealth","Orocovis Municipio",4,39,254,126,128
050,72,107,"Puerto Rico Commonwealth","Orocovis Municipio",4,40,255,131,124
050,72,107,"Puerto Rico Commonwealth","Orocovis Municipio",4,41,256,126,130
050,72,107,"Puerto Rico Commonwealth","Orocovis Municipio",4,42,250,120,130
050,72,107,"Puerto Rico Commonwealth","Orocovis Municipio",4,43,255,134,121
050,72,107,"Puerto Rico Commonwealth","Orocovis Municipio",4,44,238,121,117
050,72,107,"Puerto Rico Commonwealth","Orocovis Municipio",4,45,220,107,113
050,72,107,"Puerto Rico Commonwealth","Orocovis Municipio",4,46,237,121,116
050,72,107,"Puerto Rico Commonwealth","Orocovis Municipio",4,47,258,124,134
050,72,107,"Puerto Rico Commonwealth","Orocovis Municipio",4,48,286,132,154
050,72,107,"Puerto Rico Commonwealth","Orocovis Municipio",4,49,278,138,140
050,72,107,"Puerto Rico Commonwealth","Orocovis Municipio",4,50,274,139,135
050,72,107,"Puerto Rico Commonwealth","Orocovis Municipio",4,51,269,125,144
050,72,107,"Puerto Rico Commonwealth","Orocovis Municipio",4,52,277,129,148
050,72,107,"Puerto Rico Commonwealth","Orocovis Municipio",4,53,290,134,156
050,72,107,"Puerto Rico Commonwealth","Orocovis Municipio",4,54,308,152,156
050,72,107,"Puerto Rico Commonwealth","Orocovis Municipio",4,55,319,158,161
050,72,107,"Puerto Rico Commonwealth","Orocovis Municipio",4,56,315,147,168
050,72,107,"Puerto Rico Commonwealth","Orocovis Municipio",4,57,312,151,161
050,72,107,"Puerto Rico Commonwealth","Orocovis Municipio",4,58,313,147,166
050,72,107,"Puerto Rico Commonwealth","Orocovis Municipio",4,59,326,154,172
050,72,107,"Puerto Rico Commonwealth","Orocovis Municipio",4,60,318,151,167
050,72,107,"Puerto Rico Commonwealth","Orocovis Municipio",4,61,320,159,161
050,72,107,"Puerto Rico Commonwealth","Orocovis Municipio",4,62,315,153,162
050,72,107,"Puerto Rico Commonwealth","Orocovis Municipio",4,63,313,153,160
050,72,107,"Puerto Rico Commonwealth","Orocovis Municipio",4,64,297,142,155
050,72,107,"Puerto Rico Commonwealth","Orocovis Municipio",4,65,293,139,154
050,72,107,"Puerto Rico Commonwealth","Orocovis Municipio",4,66,292,140,152
050,72,107,"Puerto Rico Commonwealth","Orocovis Municipio",4,67,278,139,139
050,72,107,"Puerto Rico Commonwealth","Orocovis Municipio",4,68,260,125,135
050,72,107,"Puerto Rico Commonwealth","Orocovis Municipio",4,69,233,111,122
050,72,107,"Puerto Rico Commonwealth","Orocovis Municipio",4,70,209,104,105
050,72,107,"Puerto Rico Commonwealth","Orocovis Municipio",4,71,216,108,108
050,72,107,"Puerto Rico Commonwealth","Orocovis Municipio",4,72,205,104,101
050,72,107,"Puerto Rico Commonwealth","Orocovis Municipio",4,73,204,101,103
050,72,107,"Puerto Rico Commonwealth","Orocovis Municipio",4,74,213,104,109
050,72,107,"Puerto Rico Commonwealth","Orocovis Municipio",4,75,201,90,111
050,72,107,"Puerto Rico Commonwealth","Orocovis Municipio",4,76,175,86,89
050,72,107,"Puerto Rico Commonwealth","Orocovis Municipio",4,77,151,73,78
050,72,107,"Puerto Rico Commonwealth","Orocovis Municipio",4,78,142,65,77
050,72,107,"Puerto Rico Commonwealth","Orocovis Municipio",4,79,130,61,69
050,72,107,"Puerto Rico Commonwealth","Orocovis Municipio",4,80,136,67,69
050,72,107,"Puerto Rico Commonwealth","Orocovis Municipio",4,81,103,51,52
050,72,107,"Puerto Rico Commonwealth","Orocovis Municipio",4,82,93,50,43
050,72,107,"Puerto Rico Commonwealth","Orocovis Municipio",4,83,86,47,39
050,72,107,"Puerto Rico Commonwealth","Orocovis Municipio",4,84,75,35,40
050,72,107,"Puerto Rico Commonwealth","Orocovis Municipio",4,85,571,237,334
050,72,107,"Puerto Rico Commonwealth","Orocovis Municipio",5,0,133,78,55
050,72,107,"Puerto Rico Commonwealth","Orocovis Municipio",5,1,154,75,79
050,72,107,"Puerto Rico Commonwealth","Orocovis Municipio",5,2,144,64,80
050,72,107,"Puerto Rico Commonwealth","Orocovis Municipio",5,3,167,92,75
050,72,107,"Puerto Rico Commonwealth","Orocovis Municipio",5,4,172,92,80
050,72,107,"Puerto Rico Commonwealth","Orocovis Municipio",5,5,182,91,91
050,72,107,"Puerto Rico Commonwealth","Orocovis Municipio",5,6,192,101,91
050,72,107,"Puerto Rico Commonwealth","Orocovis Municipio",5,7,210,110,100
050,72,107,"Puerto Rico Commonwealth","Orocovis Municipio",5,8,218,109,109
050,72,107,"Puerto Rico Commonwealth","Orocovis Municipio",5,9,231,117,114
050,72,107,"Puerto Rico Commonwealth","Orocovis Municipio",5,10,238,124,114
050,72,107,"Puerto Rico Commonwealth","Orocovis Municipio",5,11,235,130,105
050,72,107,"Puerto Rico Commonwealth","Orocovis Municipio",5,12,246,123,123
050,72,107,"Puerto Rico Commonwealth","Orocovis Municipio",5,13,240,113,127
050,72,107,"Puerto Rico Commonwealth","Orocovis Municipio",5,14,225,106,119
050,72,107,"Puerto Rico Commonwealth","Orocovis Municipio",5,15,226,117,109
050,72,107,"Puerto Rico Commonwealth","Orocovis Municipio",5,16,261,142,119
050,72,107,"Puerto Rico Commonwealth","Orocovis Municipio",5,17,267,150,117
050,72,107,"Puerto Rico Commonwealth","Orocovis Municipio",5,18,252,138,114
050,72,107,"Puerto Rico Commonwealth","Orocovis Municipio",5,19,235,126,109
050,72,107,"Puerto Rico Commonwealth","Orocovis Municipio",5,20,228,120,108
050,72,107,"Puerto Rico Commonwealth","Orocovis Municipio",5,21,238,129,109
050,72,107,"Puerto Rico Commonwealth","Orocovis Municipio",5,22,253,134,119
050,72,107,"Puerto Rico Commonwealth","Orocovis Municipio",5,23,275,150,125
050,72,107,"Puerto Rico Commonwealth","Orocovis Municipio",5,24,291,158,133
050,72,107,"Puerto Rico Commonwealth","Orocovis Municipio",5,25,296,151,145
050,72,107,"Puerto Rico Commonwealth","Orocovis Municipio",5,26,287,139,148
050,72,107,"Puerto Rico Commonwealth","Orocovis Municipio",5,27,278,136,142
050,72,107,"Puerto Rico Commonwealth","Orocovis Municipio",5,28,303,160,143
050,72,107,"Puerto Rico Commonwealth","Orocovis Municipio",5,29,336,168,168
050,72,107,"Puerto Rico Commonwealth","Orocovis Municipio",5,30,324,169,155
050,72,107,"Puerto Rico Commonwealth","Orocovis Municipio",5,31,301,160,141
050,72,107,"Puerto Rico Commonwealth","Orocovis Municipio",5,32,304,156,148
050,72,107,"Puerto Rico Commonwealth","Orocovis Municipio",5,33,315,154,161
050,72,107,"Puerto Rico Commonwealth","Orocovis Municipio",5,34,298,150,148
050,72,107,"Puerto Rico Commonwealth","Orocovis Municipio",5,35,261,131,130
050,72,107,"Puerto Rico Commonwealth","Orocovis Municipio",5,36,227,105,122
050,72,107,"Puerto Rico Commonwealth","Orocovis Municipio",5,37,226,107,119
050,72,107,"Puerto Rico Commonwealth","Orocovis Municipio",5,38,226,112,114
050,72,107,"Puerto Rico Commonwealth","Orocovis Municipio",5,39,238,119,119
050,72,107,"Puerto Rico Commonwealth","Orocovis Municipio",5,40,251,122,129
050,72,107,"Puerto Rico Commonwealth","Orocovis Municipio",5,41,257,132,125
050,72,107,"Puerto Rico Commonwealth","Orocovis Municipio",5,42,258,127,131
050,72,107,"Puerto Rico Commonwealth","Orocovis Municipio",5,43,259,128,131
050,72,107,"Puerto Rico Commonwealth","Orocovis Municipio",5,44,245,125,120
050,72,107,"Puerto Rico Commonwealth","Orocovis Municipio",5,45,238,120,118
050,72,107,"Puerto Rico Commonwealth","Orocovis Municipio",5,46,225,112,113
050,72,107,"Puerto Rico Commonwealth","Orocovis Municipio",5,47,237,120,117
050,72,107,"Puerto Rico Commonwealth","Orocovis Municipio",5,48,258,125,133
050,72,107,"Puerto Rico Commonwealth","Orocovis Municipio",5,49,288,133,155
050,72,107,"Puerto Rico Commonwealth","Orocovis Municipio",5,50,281,140,141
050,72,107,"Puerto Rico Commonwealth","Orocovis Municipio",5,51,270,134,136
050,72,107,"Puerto Rico Commonwealth","Orocovis Municipio",5,52,271,126,145
050,72,107,"Puerto Rico Commonwealth","Orocovis Municipio",5,53,276,127,149
050,72,107,"Puerto Rico Commonwealth","Orocovis Municipio",5,54,294,138,156
050,72,107,"Puerto Rico Commonwealth","Orocovis Municipio",5,55,308,151,157
050,72,107,"Puerto Rico Commonwealth","Orocovis Municipio",5,56,316,154,162
050,72,107,"Puerto Rico Commonwealth","Orocovis Municipio",5,57,315,147,168
050,72,107,"Puerto Rico Commonwealth","Orocovis Municipio",5,58,312,150,162
050,72,107,"Puerto Rico Commonwealth","Orocovis Municipio",5,59,310,145,165
050,72,107,"Puerto Rico Commonwealth","Orocovis Municipio",5,60,330,153,177
050,72,107,"Puerto Rico Commonwealth","Orocovis Municipio",5,61,313,149,164
050,72,107,"Puerto Rico Commonwealth","Orocovis Municipio",5,62,320,158,162
050,72,107,"Puerto Rico Commonwealth","Orocovis Municipio",5,63,319,156,163
050,72,107,"Puerto Rico Commonwealth","Orocovis Municipio",5,64,310,149,161
050,72,107,"Puerto Rico Commonwealth","Orocovis Municipio",5,65,293,138,155
050,72,107,"Puerto Rico Commonwealth","Orocovis Municipio",5,66,292,137,155
050,72,107,"Puerto Rico Commonwealth","Orocovis Municipio",5,67,287,135,152
050,72,107,"Puerto Rico Commonwealth","Orocovis Municipio",5,68,277,140,137
050,72,107,"Puerto Rico Commonwealth","Orocovis Municipio",5,69,258,124,134
050,72,107,"Puerto Rico Commonwealth","Orocovis Municipio",5,70,230,110,120
050,72,107,"Puerto Rico Commonwealth","Orocovis Municipio",5,71,206,102,104
050,72,107,"Puerto Rico Commonwealth","Orocovis Municipio",5,72,214,107,107
050,72,107,"Puerto Rico Commonwealth","Orocovis Municipio",5,73,202,102,100
050,72,107,"Puerto Rico Commonwealth","Orocovis Municipio",5,74,204,103,101
050,72,107,"Puerto Rico Commonwealth","Orocovis Municipio",5,75,205,99,106
050,72,107,"Puerto Rico Commonwealth","Orocovis Municipio",5,76,198,90,108
050,72,107,"Puerto Rico Commonwealth","Orocovis Municipio",5,77,166,80,86
050,72,107,"Puerto Rico Commonwealth","Orocovis Municipio",5,78,139,70,69
050,72,107,"Puerto Rico Commonwealth","Orocovis Municipio",5,79,138,64,74
050,72,107,"Puerto Rico Commonwealth","Orocovis Municipio",5,80,129,64,65
050,72,107,"Puerto Rico Commonwealth","Orocovis Municipio",5,81,125,59,66
050,72,107,"Puerto Rico Commonwealth","Orocovis Municipio",5,82,98,48,50
050,72,107,"Puerto Rico Commonwealth","Orocovis Municipio",5,83,87,49,38
050,72,107,"Puerto Rico Commonwealth","Orocovis Municipio",5,84,79,43,36
050,72,107,"Puerto Rico Commonwealth","Orocovis Municipio",5,85,583,246,337
050,72,109,"Puerto Rico Commonwealth","Patillas Municipio",1,0,93,48,45
050,72,109,"Puerto Rico Commonwealth","Patillas Municipio",1,1,93,42,51
050,72,109,"Puerto Rico Commonwealth","Patillas Municipio",1,2,81,43,38
050,72,109,"Puerto Rico Commonwealth","Patillas Municipio",1,3,96,50,46
050,72,109,"Puerto Rico Commonwealth","Patillas Municipio",1,4,119,62,57
050,72,109,"Puerto Rico Commonwealth","Patillas Municipio",1,5,120,62,58
050,72,109,"Puerto Rico Commonwealth","Patillas Municipio",1,6,139,66,73
050,72,109,"Puerto Rico Commonwealth","Patillas Municipio",1,7,150,80,70
050,72,109,"Puerto Rico Commonwealth","Patillas Municipio",1,8,162,87,75
050,72,109,"Puerto Rico Commonwealth","Patillas Municipio",1,9,148,74,74
050,72,109,"Puerto Rico Commonwealth","Patillas Municipio",1,10,175,93,82
050,72,109,"Puerto Rico Commonwealth","Patillas Municipio",1,11,178,91,87
050,72,109,"Puerto Rico Commonwealth","Patillas Municipio",1,12,170,86,84
050,72,109,"Puerto Rico Commonwealth","Patillas Municipio",1,13,183,92,91
050,72,109,"Puerto Rico Commonwealth","Patillas Municipio",1,14,182,95,87
050,72,109,"Puerto Rico Commonwealth","Patillas Municipio",1,15,187,101,86
050,72,109,"Puerto Rico Commonwealth","Patillas Municipio",1,16,194,105,89
050,72,109,"Puerto Rico Commonwealth","Patillas Municipio",1,17,179,89,90
050,72,109,"Puerto Rico Commonwealth","Patillas Municipio",1,18,175,83,92
050,72,109,"Puerto Rico Commonwealth","Patillas Municipio",1,19,188,100,88
050,72,109,"Puerto Rico Commonwealth","Patillas Municipio",1,20,181,107,74
050,72,109,"Puerto Rico Commonwealth","Patillas Municipio",1,21,180,99,81
050,72,109,"Puerto Rico Commonwealth","Patillas Municipio",1,22,174,89,85
050,72,109,"Puerto Rico Commonwealth","Patillas Municipio",1,23,190,94,96
050,72,109,"Puerto Rico Commonwealth","Patillas Municipio",1,24,193,98,95
050,72,109,"Puerto Rico Commonwealth","Patillas Municipio",1,25,217,114,103
050,72,109,"Puerto Rico Commonwealth","Patillas Municipio",1,26,210,111,99
050,72,109,"Puerto Rico Commonwealth","Patillas Municipio",1,27,205,101,104
050,72,109,"Puerto Rico Commonwealth","Patillas Municipio",1,28,196,99,97
050,72,109,"Puerto Rico Commonwealth","Patillas Municipio",1,29,208,114,94
050,72,109,"Puerto Rico Commonwealth","Patillas Municipio",1,30,201,107,94
050,72,109,"Puerto Rico Commonwealth","Patillas Municipio",1,31,184,91,93
050,72,109,"Puerto Rico Commonwealth","Patillas Municipio",1,32,167,78,89
050,72,109,"Puerto Rico Commonwealth","Patillas Municipio",1,33,174,86,88
050,72,109,"Puerto Rico Commonwealth","Patillas Municipio",1,34,155,74,81
050,72,109,"Puerto Rico Commonwealth","Patillas Municipio",1,35,151,73,78
050,72,109,"Puerto Rico Commonwealth","Patillas Municipio",1,36,172,82,90
050,72,109,"Puerto Rico Commonwealth","Patillas Municipio",1,37,176,84,92
050,72,109,"Puerto Rico Commonwealth","Patillas Municipio",1,38,170,84,86
050,72,109,"Puerto Rico Commonwealth","Patillas Municipio",1,39,165,79,86
050,72,109,"Puerto Rico Commonwealth","Patillas Municipio",1,40,168,84,84
050,72,109,"Puerto Rico Commonwealth","Patillas Municipio",1,41,157,77,80
050,72,109,"Puerto Rico Commonwealth","Patillas Municipio",1,42,174,86,88
050,72,109,"Puerto Rico Commonwealth","Patillas Municipio",1,43,189,95,94
050,72,109,"Puerto Rico Commonwealth","Patillas Municipio",1,44,169,87,82
050,72,109,"Puerto Rico Commonwealth","Patillas Municipio",1,45,179,85,94
050,72,109,"Puerto Rico Commonwealth","Patillas Municipio",1,46,188,86,102
050,72,109,"Puerto Rico Commonwealth","Patillas Municipio",1,47,199,97,102
050,72,109,"Puerto Rico Commonwealth","Patillas Municipio",1,48,205,104,101
050,72,109,"Puerto Rico Commonwealth","Patillas Municipio",1,49,199,103,96
050,72,109,"Puerto Rico Commonwealth","Patillas Municipio",1,50,208,104,104
050,72,109,"Puerto Rico Commonwealth","Patillas Municipio",1,51,220,107,113
050,72,109,"Puerto Rico Commonwealth","Patillas Municipio",1,52,234,114,120
050,72,109,"Puerto Rico Commonwealth","Patillas Municipio",1,53,227,104,123
050,72,109,"Puerto Rico Commonwealth","Patillas Municipio",1,54,235,112,123
050,72,109,"Puerto Rico Commonwealth","Patillas Municipio",1,55,251,117,134
050,72,109,"Puerto Rico Commonwealth","Patillas Municipio",1,56,239,114,125
050,72,109,"Puerto Rico Commonwealth","Patillas Municipio",1,57,246,121,125
050,72,109,"Puerto Rico Commonwealth","Patillas Municipio",1,58,257,131,126
050,72,109,"Puerto Rico Commonwealth","Patillas Municipio",1,59,264,137,127
050,72,109,"Puerto Rico Commonwealth","Patillas Municipio",1,60,274,135,139
050,72,109,"Puerto Rico Commonwealth","Patillas Municipio",1,61,264,129,135
050,72,109,"Puerto Rico Commonwealth","Patillas Municipio",1,62,241,114,127
050,72,109,"Puerto Rico Commonwealth","Patillas Municipio",1,63,245,115,130
050,72,109,"Puerto Rico Commonwealth","Patillas Municipio",1,64,231,106,125
050,72,109,"Puerto Rico Commonwealth","Patillas Municipio",1,65,232,115,117
050,72,109,"Puerto Rico Commonwealth","Patillas Municipio",1,66,244,120,124
050,72,109,"Puerto Rico Commonwealth","Patillas Municipio",1,67,230,113,117
050,72,109,"Puerto Rico Commonwealth","Patillas Municipio",1,68,216,97,119
050,72,109,"Puerto Rico Commonwealth","Patillas Municipio",1,69,205,96,109
050,72,109,"Puerto Rico Commonwealth","Patillas Municipio",1,70,210,105,105
050,72,109,"Puerto Rico Commonwealth","Patillas Municipio",1,71,197,105,92
050,72,109,"Puerto Rico Commonwealth","Patillas Municipio",1,72,209,105,104
050,72,109,"Puerto Rico Commonwealth","Patillas Municipio",1,73,199,86,113
050,72,109,"Puerto Rico Commonwealth","Patillas Municipio",1,74,174,84,90
050,72,109,"Puerto Rico Commonwealth","Patillas Municipio",1,75,158,63,95
050,72,109,"Puerto Rico Commonwealth","Patillas Municipio",1,76,160,63,97
050,72,109,"Puerto Rico Commonwealth","Patillas Municipio",1,77,153,61,92
050,72,109,"Puerto Rico Commonwealth","Patillas Municipio",1,78,123,55,68
050,72,109,"Puerto Rico Commonwealth","Patillas Municipio",1,79,134,68,66
050,72,109,"Puerto Rico Commonwealth","Patillas Municipio",1,80,139,64,75
050,72,109,"Puerto Rico Commonwealth","Patillas Municipio",1,81,119,49,70
050,72,109,"Puerto Rico Commonwealth","Patillas Municipio",1,82,90,34,56
050,72,109,"Puerto Rico Commonwealth","Patillas Municipio",1,83,87,35,52
050,72,109,"Puerto Rico Commonwealth","Patillas Municipio",1,84,85,33,52
050,72,109,"Puerto Rico Commonwealth","Patillas Municipio",1,85,477,175,302
050,72,109,"Puerto Rico Commonwealth","Patillas Municipio",2,0,83,41,42
050,72,109,"Puerto Rico Commonwealth","Patillas Municipio",2,1,93,44,49
050,72,109,"Puerto Rico Commonwealth","Patillas Municipio",2,2,83,42,41
050,72,109,"Puerto Rico Commonwealth","Patillas Municipio",2,3,92,48,44
050,72,109,"Puerto Rico Commonwealth","Patillas Municipio",2,4,114,59,55
050,72,109,"Puerto Rico Commonwealth","Patillas Municipio",2,5,120,63,57
050,72,109,"Puerto Rico Commonwealth","Patillas Municipio",2,6,135,65,70
050,72,109,"Puerto Rico Commonwealth","Patillas Municipio",2,7,146,76,70
050,72,109,"Puerto Rico Commonwealth","Patillas Municipio",2,8,159,85,74
050,72,109,"Puerto Rico Commonwealth","Patillas Municipio",2,9,153,78,75
050,72,109,"Puerto Rico Commonwealth","Patillas Municipio",2,10,168,88,80
050,72,109,"Puerto Rico Commonwealth","Patillas Municipio",2,11,176,91,85
050,72,109,"Puerto Rico Commonwealth","Patillas Municipio",2,12,173,88,85
050,72,109,"Puerto Rico Commonwealth","Patillas Municipio",2,13,179,90,89
050,72,109,"Puerto Rico Commonwealth","Patillas Municipio",2,14,182,94,88
050,72,109,"Puerto Rico Commonwealth","Patillas Municipio",2,15,187,100,87
050,72,109,"Puerto Rico Commonwealth","Patillas Municipio",2,16,191,103,88
050,72,109,"Puerto Rico Commonwealth","Patillas Municipio",2,17,182,93,89
050,72,109,"Puerto Rico Commonwealth","Patillas Municipio",2,18,173,83,90
050,72,109,"Puerto Rico Commonwealth","Patillas Municipio",2,19,183,95,88
050,72,109,"Puerto Rico Commonwealth","Patillas Municipio",2,20,181,104,77
050,72,109,"Puerto Rico Commonwealth","Patillas Municipio",2,21,178,100,78
050,72,109,"Puerto Rico Commonwealth","Patillas Municipio",2,22,174,91,83
050,72,109,"Puerto Rico Commonwealth","Patillas Municipio",2,23,183,91,92
050,72,109,"Puerto Rico Commonwealth","Patillas Municipio",2,24,190,96,94
050,72,109,"Puerto Rico Commonwealth","Patillas Municipio",2,25,209,109,100
050,72,109,"Puerto Rico Commonwealth","Patillas Municipio",2,26,210,110,100
050,72,109,"Puerto Rico Commonwealth","Patillas Municipio",2,27,205,103,102
050,72,109,"Puerto Rico Commonwealth","Patillas Municipio",2,28,197,98,99
050,72,109,"Puerto Rico Commonwealth","Patillas Municipio",2,29,205,110,95
050,72,109,"Puerto Rico Commonwealth","Patillas Municipio",2,30,201,107,94
050,72,109,"Puerto Rico Commonwealth","Patillas Municipio",2,31,188,95,93
050,72,109,"Puerto Rico Commonwealth","Patillas Municipio",2,32,172,82,90
050,72,109,"Puerto Rico Commonwealth","Patillas Municipio",2,33,172,84,88
050,72,109,"Puerto Rico Commonwealth","Patillas Municipio",2,34,160,77,83
050,72,109,"Puerto Rico Commonwealth","Patillas Municipio",2,35,152,73,79
050,72,109,"Puerto Rico Commonwealth","Patillas Municipio",2,36,167,80,87
050,72,109,"Puerto Rico Commonwealth","Patillas Municipio",2,37,174,83,91
050,72,109,"Puerto Rico Commonwealth","Patillas Municipio",2,38,172,84,88
050,72,109,"Puerto Rico Commonwealth","Patillas Municipio",2,39,166,80,86
050,72,109,"Puerto Rico Commonwealth","Patillas Municipio",2,40,167,83,84
050,72,109,"Puerto Rico Commonwealth","Patillas Municipio",2,41,160,79,81
050,72,109,"Puerto Rico Commonwealth","Patillas Municipio",2,42,170,84,86
050,72,109,"Puerto Rico Commonwealth","Patillas Municipio",2,43,185,92,93
050,72,109,"Puerto Rico Commonwealth","Patillas Municipio",2,44,174,89,85
050,72,109,"Puerto Rico Commonwealth","Patillas Municipio",2,45,177,86,91
050,72,109,"Puerto Rico Commonwealth","Patillas Municipio",2,46,186,86,100
050,72,109,"Puerto Rico Commonwealth","Patillas Municipio",2,47,195,94,101
050,72,109,"Puerto Rico Commonwealth","Patillas Municipio",2,48,204,102,102
050,72,109,"Puerto Rico Commonwealth","Patillas Municipio",2,49,200,103,97
050,72,109,"Puerto Rico Commonwealth","Patillas Municipio",2,50,206,104,102
050,72,109,"Puerto Rico Commonwealth","Patillas Municipio",2,51,217,106,111
050,72,109,"Puerto Rico Commonwealth","Patillas Municipio",2,52,230,113,117
050,72,109,"Puerto Rico Commonwealth","Patillas Municipio",2,53,228,106,122
050,72,109,"Puerto Rico Commonwealth","Patillas Municipio",2,54,232,110,122
050,72,109,"Puerto Rico Commonwealth","Patillas Municipio",2,55,248,116,132
050,72,109,"Puerto Rico Commonwealth","Patillas Municipio",2,56,242,115,127
050,72,109,"Puerto Rico Commonwealth","Patillas Municipio",2,57,243,118,125
050,72,109,"Puerto Rico Commonwealth","Patillas Municipio",2,58,254,128,126
050,72,109,"Puerto Rico Commonwealth","Patillas Municipio",2,59,262,136,126
050,72,109,"Puerto Rico Commonwealth","Patillas Municipio",2,60,271,135,136
050,72,109,"Puerto Rico Commonwealth","Patillas Municipio",2,61,267,131,136
050,72,109,"Puerto Rico Commonwealth","Patillas Municipio",2,62,247,118,129
050,72,109,"Puerto Rico Commonwealth","Patillas Municipio",2,63,243,113,130
050,72,109,"Puerto Rico Commonwealth","Patillas Municipio",2,64,235,109,126
050,72,109,"Puerto Rico Commonwealth","Patillas Municipio",2,65,231,112,119
050,72,109,"Puerto Rico Commonwealth","Patillas Municipio",2,66,241,119,122
050,72,109,"Puerto Rico Commonwealth","Patillas Municipio",2,67,234,115,119
050,72,109,"Puerto Rico Commonwealth","Patillas Municipio",2,68,217,99,118
050,72,109,"Puerto Rico Commonwealth","Patillas Municipio",2,69,208,96,112
050,72,109,"Puerto Rico Commonwealth","Patillas Municipio",2,70,209,103,106
050,72,109,"Puerto Rico Commonwealth","Patillas Municipio",2,71,197,103,94
050,72,109,"Puerto Rico Commonwealth","Patillas Municipio",2,72,206,105,101
050,72,109,"Puerto Rico Commonwealth","Patillas Municipio",2,73,200,90,110
050,72,109,"Puerto Rico Commonwealth","Patillas Municipio",2,74,179,84,95
050,72,109,"Puerto Rico Commonwealth","Patillas Municipio",2,75,161,68,93
050,72,109,"Puerto Rico Commonwealth","Patillas Municipio",2,76,159,62,97
050,72,109,"Puerto Rico Commonwealth","Patillas Municipio",2,77,155,62,93
050,72,109,"Puerto Rico Commonwealth","Patillas Municipio",2,78,129,55,74
050,72,109,"Puerto Rico Commonwealth","Patillas Municipio",2,79,132,65,67
050,72,109,"Puerto Rico Commonwealth","Patillas Municipio",2,80,135,65,70
050,72,109,"Puerto Rico Commonwealth","Patillas Municipio",2,81,123,51,72
050,72,109,"Puerto Rico Commonwealth","Patillas Municipio",2,82,95,36,59
050,72,109,"Puerto Rico Commonwealth","Patillas Municipio",2,83,86,33,53
050,72,109,"Puerto Rico Commonwealth","Patillas Municipio",2,84,85,33,52
050,72,109,"Puerto Rico Commonwealth","Patillas Municipio",2,85,484,177,307
050,72,109,"Puerto Rico Commonwealth","Patillas Municipio",3,0,85,51,34
050,72,109,"Puerto Rico Commonwealth","Patillas Municipio",3,1,81,40,41
050,72,109,"Puerto Rico Commonwealth","Patillas Municipio",3,2,93,44,49
050,72,109,"Puerto Rico Commonwealth","Patillas Municipio",3,3,82,41,41
050,72,109,"Puerto Rico Commonwealth","Patillas Municipio",3,4,90,47,43
050,72,109,"Puerto Rico Commonwealth","Patillas Municipio",3,5,113,58,55
050,72,109,"Puerto Rico Commonwealth","Patillas Municipio",3,6,118,62,56
050,72,109,"Puerto Rico Commonwealth","Patillas Municipio",3,7,134,64,70
050,72,109,"Puerto Rico Commonwealth","Patillas Municipio",3,8,144,75,69
050,72,109,"Puerto Rico Commonwealth","Patillas Municipio",3,9,158,85,73
050,72,109,"Puerto Rico Commonwealth","Patillas Municipio",3,10,151,77,74
050,72,109,"Puerto Rico Commonwealth","Patillas Municipio",3,11,166,87,79
050,72,109,"Puerto Rico Commonwealth","Patillas Municipio",3,12,174,90,84
050,72,109,"Puerto Rico Commonwealth","Patillas Municipio",3,13,171,87,84
050,72,109,"Puerto Rico Commonwealth","Patillas Municipio",3,14,177,89,88
050,72,109,"Puerto Rico Commonwealth","Patillas Municipio",3,15,180,93,87
050,72,109,"Puerto Rico Commonwealth","Patillas Municipio",3,16,183,98,85
050,72,109,"Puerto Rico Commonwealth","Patillas Municipio",3,17,187,101,86
050,72,109,"Puerto Rico Commonwealth","Patillas Municipio",3,18,175,89,86
050,72,109,"Puerto Rico Commonwealth","Patillas Municipio",3,19,167,80,87
050,72,109,"Puerto Rico Commonwealth","Patillas Municipio",3,20,180,93,87
050,72,109,"Puerto Rico Commonwealth","Patillas Municipio",3,21,176,101,75
050,72,109,"Puerto Rico Commonwealth","Patillas Municipio",3,22,175,99,76
050,72,109,"Puerto Rico Commonwealth","Patillas Municipio",3,23,171,89,82
050,72,109,"Puerto Rico Commonwealth","Patillas Municipio",3,24,182,91,91
050,72,109,"Puerto Rico Commonwealth","Patillas Municipio",3,25,185,93,92
050,72,109,"Puerto Rico Commonwealth","Patillas Municipio",3,26,206,108,98
050,72,109,"Puerto Rico Commonwealth","Patillas Municipio",3,27,206,108,98
050,72,109,"Puerto Rico Commonwealth","Patillas Municipio",3,28,200,100,100
050,72,109,"Puerto Rico Commonwealth","Patillas Municipio",3,29,194,96,98
050,72,109,"Puerto Rico Commonwealth","Patillas Municipio",3,30,202,108,94
050,72,109,"Puerto Rico Commonwealth","Patillas Municipio",3,31,199,106,93
050,72,109,"Puerto Rico Commonwealth","Patillas Municipio",3,32,186,94,92
050,72,109,"Puerto Rico Commonwealth","Patillas Municipio",3,33,170,81,89
050,72,109,"Puerto Rico Commonwealth","Patillas Municipio",3,34,173,85,88
050,72,109,"Puerto Rico Commonwealth","Patillas Municipio",3,35,158,76,82
050,72,109,"Puerto Rico Commonwealth","Patillas Municipio",3,36,151,72,79
050,72,109,"Puerto Rico Commonwealth","Patillas Municipio",3,37,166,79,87
050,72,109,"Puerto Rico Commonwealth","Patillas Municipio",3,38,175,84,91
050,72,109,"Puerto Rico Commonwealth","Patillas Municipio",3,39,172,84,88
050,72,109,"Puerto Rico Commonwealth","Patillas Municipio",3,40,165,79,86
050,72,109,"Puerto Rico Commonwealth","Patillas Municipio",3,41,168,84,84
050,72,109,"Puerto Rico Commonwealth","Patillas Municipio",3,42,159,78,81
050,72,109,"Puerto Rico Commonwealth","Patillas Municipio",3,43,170,84,86
050,72,109,"Puerto Rico Commonwealth","Patillas Municipio",3,44,185,92,93
050,72,109,"Puerto Rico Commonwealth","Patillas Municipio",3,45,171,87,84
050,72,109,"Puerto Rico Commonwealth","Patillas Municipio",3,46,177,87,90
050,72,109,"Puerto Rico Commonwealth","Patillas Municipio",3,47,185,85,100
050,72,109,"Puerto Rico Commonwealth","Patillas Municipio",3,48,195,94,101
050,72,109,"Puerto Rico Commonwealth","Patillas Municipio",3,49,205,103,102
050,72,109,"Puerto Rico Commonwealth","Patillas Municipio",3,50,200,103,97
050,72,109,"Puerto Rico Commonwealth","Patillas Municipio",3,51,206,104,102
050,72,109,"Puerto Rico Commonwealth","Patillas Municipio",3,52,217,106,111
050,72,109,"Puerto Rico Commonwealth","Patillas Municipio",3,53,230,113,117
050,72,109,"Puerto Rico Commonwealth","Patillas Municipio",3,54,227,106,121
050,72,109,"Puerto Rico Commonwealth","Patillas Municipio",3,55,230,108,122
050,72,109,"Puerto Rico Commonwealth","Patillas Municipio",3,56,248,116,132
050,72,109,"Puerto Rico Commonwealth","Patillas Municipio",3,57,241,114,127
050,72,109,"Puerto Rico Commonwealth","Patillas Municipio",3,58,242,118,124
050,72,109,"Puerto Rico Commonwealth","Patillas Municipio",3,59,255,129,126
050,72,109,"Puerto Rico Commonwealth","Patillas Municipio",3,60,260,134,126
050,72,109,"Puerto Rico Commonwealth","Patillas Municipio",3,61,269,134,135
050,72,109,"Puerto Rico Commonwealth","Patillas Municipio",3,62,265,131,134
050,72,109,"Puerto Rico Commonwealth","Patillas Municipio",3,63,243,116,127
050,72,109,"Puerto Rico Commonwealth","Patillas Municipio",3,64,241,112,129
050,72,109,"Puerto Rico Commonwealth","Patillas Municipio",3,65,231,107,124
050,72,109,"Puerto Rico Commonwealth","Patillas Municipio",3,66,229,111,118
050,72,109,"Puerto Rico Commonwealth","Patillas Municipio",3,67,238,118,120
050,72,109,"Puerto Rico Commonwealth","Patillas Municipio",3,68,229,112,117
050,72,109,"Puerto Rico Commonwealth","Patillas Municipio",3,69,216,98,118
050,72,109,"Puerto Rico Commonwealth","Patillas Municipio",3,70,204,93,111
050,72,109,"Puerto Rico Commonwealth","Patillas Municipio",3,71,207,101,106
050,72,109,"Puerto Rico Commonwealth","Patillas Municipio",3,72,193,100,93
050,72,109,"Puerto Rico Commonwealth","Patillas Municipio",3,73,200,100,100
050,72,109,"Puerto Rico Commonwealth","Patillas Municipio",3,74,197,88,109
050,72,109,"Puerto Rico Commonwealth","Patillas Municipio",3,75,175,81,94
050,72,109,"Puerto Rico Commonwealth","Patillas Municipio",3,76,158,65,93
050,72,109,"Puerto Rico Commonwealth","Patillas Municipio",3,77,157,62,95
050,72,109,"Puerto Rico Commonwealth","Patillas Municipio",3,78,153,60,93
050,72,109,"Puerto Rico Commonwealth","Patillas Municipio",3,79,123,52,71
050,72,109,"Puerto Rico Commonwealth","Patillas Municipio",3,80,131,64,67
050,72,109,"Puerto Rico Commonwealth","Patillas Municipio",3,81,131,62,69
050,72,109,"Puerto Rico Commonwealth","Patillas Municipio",3,82,118,47,71
050,72,109,"Puerto Rico Commonwealth","Patillas Municipio",3,83,94,35,59
050,72,109,"Puerto Rico Commonwealth","Patillas Municipio",3,84,83,31,52
050,72,109,"Puerto Rico Commonwealth","Patillas Municipio",3,85,527,184,343
050,72,109,"Puerto Rico Commonwealth","Patillas Municipio",4,0,93,53,40
050,72,109,"Puerto Rico Commonwealth","Patillas Municipio",4,1,81,49,32
050,72,109,"Puerto Rico Commonwealth","Patillas Municipio",4,2,79,39,40
050,72,109,"Puerto Rico Commonwealth","Patillas Municipio",4,3,91,43,48
050,72,109,"Puerto Rico Commonwealth","Patillas Municipio",4,4,80,40,40
050,72,109,"Puerto Rico Commonwealth","Patillas Municipio",4,5,88,46,42
050,72,109,"Puerto Rico Commonwealth","Patillas Municipio",4,6,111,57,54
050,72,109,"Puerto Rico Commonwealth","Patillas Municipio",4,7,116,61,55
050,72,109,"Puerto Rico Commonwealth","Patillas Municipio",4,8,131,62,69
050,72,109,"Puerto Rico Commonwealth","Patillas Municipio",4,9,141,73,68
050,72,109,"Puerto Rico Commonwealth","Patillas Municipio",4,10,154,83,71
050,72,109,"Puerto Rico Commonwealth","Patillas Municipio",4,11,147,75,72
050,72,109,"Puerto Rico Commonwealth","Patillas Municipio",4,12,162,85,77
050,72,109,"Puerto Rico Commonwealth","Patillas Municipio",4,13,170,88,82
050,72,109,"Puerto Rico Commonwealth","Patillas Municipio",4,14,167,85,82
050,72,109,"Puerto Rico Commonwealth","Patillas Municipio",4,15,173,87,86
050,72,109,"Puerto Rico Commonwealth","Patillas Municipio",4,16,174,90,84
050,72,109,"Puerto Rico Commonwealth","Patillas Municipio",4,17,178,96,82
050,72,109,"Puerto Rico Commonwealth","Patillas Municipio",4,18,177,95,82
050,72,109,"Puerto Rico Commonwealth","Patillas Municipio",4,19,167,85,82
050,72,109,"Puerto Rico Commonwealth","Patillas Municipio",4,20,161,77,84
050,72,109,"Puerto Rico Commonwealth","Patillas Municipio",4,21,173,88,85
050,72,109,"Puerto Rico Commonwealth","Patillas Municipio",4,22,171,98,73
050,72,109,"Puerto Rico Commonwealth","Patillas Municipio",4,23,170,96,74
050,72,109,"Puerto Rico Commonwealth","Patillas Municipio",4,24,167,87,80
050,72,109,"Puerto Rico Commonwealth","Patillas Municipio",4,25,177,88,89
050,72,109,"Puerto Rico Commonwealth","Patillas Municipio",4,26,179,90,89
050,72,109,"Puerto Rico Commonwealth","Patillas Municipio",4,27,199,104,95
050,72,109,"Puerto Rico Commonwealth","Patillas Municipio",4,28,199,104,95
050,72,109,"Puerto Rico Commonwealth","Patillas Municipio",4,29,194,97,97
050,72,109,"Puerto Rico Commonwealth","Patillas Municipio",4,30,188,92,96
050,72,109,"Puerto Rico Commonwealth","Patillas Municipio",4,31,196,104,92
050,72,109,"Puerto Rico Commonwealth","Patillas Municipio",4,32,194,103,91
050,72,109,"Puerto Rico Commonwealth","Patillas Municipio",4,33,181,91,90
050,72,109,"Puerto Rico Commonwealth","Patillas Municipio",4,34,166,79,87
050,72,109,"Puerto Rico Commonwealth","Patillas Municipio",4,35,170,83,87
050,72,109,"Puerto Rico Commonwealth","Patillas Municipio",4,36,155,74,81
050,72,109,"Puerto Rico Commonwealth","Patillas Municipio",4,37,149,71,78
050,72,109,"Puerto Rico Commonwealth","Patillas Municipio",4,38,164,78,86
050,72,109,"Puerto Rico Commonwealth","Patillas Municipio",4,39,173,83,90
050,72,109,"Puerto Rico Commonwealth","Patillas Municipio",4,40,168,81,87
050,72,109,"Puerto Rico Commonwealth","Patillas Municipio",4,41,164,79,85
050,72,109,"Puerto Rico Commonwealth","Patillas Municipio",4,42,166,83,83
050,72,109,"Puerto Rico Commonwealth","Patillas Municipio",4,43,157,77,80
050,72,109,"Puerto Rico Commonwealth","Patillas Municipio",4,44,167,83,84
050,72,109,"Puerto Rico Commonwealth","Patillas Municipio",4,45,183,91,92
050,72,109,"Puerto Rico Commonwealth","Patillas Municipio",4,46,169,86,83
050,72,109,"Puerto Rico Commonwealth","Patillas Municipio",4,47,175,86,89
050,72,109,"Puerto Rico Commonwealth","Patillas Municipio",4,48,181,82,99
050,72,109,"Puerto Rico Commonwealth","Patillas Municipio",4,49,192,92,100
050,72,109,"Puerto Rico Commonwealth","Patillas Municipio",4,50,202,102,100
050,72,109,"Puerto Rico Commonwealth","Patillas Municipio",4,51,199,103,96
050,72,109,"Puerto Rico Commonwealth","Patillas Municipio",4,52,204,103,101
050,72,109,"Puerto Rico Commonwealth","Patillas Municipio",4,53,215,106,109
050,72,109,"Puerto Rico Commonwealth","Patillas Municipio",4,54,227,112,115
050,72,109,"Puerto Rico Commonwealth","Patillas Municipio",4,55,226,106,120
050,72,109,"Puerto Rico Commonwealth","Patillas Municipio",4,56,230,109,121
050,72,109,"Puerto Rico Commonwealth","Patillas Municipio",4,57,246,115,131
050,72,109,"Puerto Rico Commonwealth","Patillas Municipio",4,58,242,115,127
050,72,109,"Puerto Rico Commonwealth","Patillas Municipio",4,59,240,117,123
050,72,109,"Puerto Rico Commonwealth","Patillas Municipio",4,60,252,128,124
050,72,109,"Puerto Rico Commonwealth","Patillas Municipio",4,61,261,135,126
050,72,109,"Puerto Rico Commonwealth","Patillas Municipio",4,62,268,133,135
050,72,109,"Puerto Rico Commonwealth","Patillas Municipio",4,63,260,128,132
050,72,109,"Puerto Rico Commonwealth","Patillas Municipio",4,64,239,115,124
050,72,109,"Puerto Rico Commonwealth","Patillas Municipio",4,65,238,112,126
050,72,109,"Puerto Rico Commonwealth","Patillas Municipio",4,66,227,104,123
050,72,109,"Puerto Rico Commonwealth","Patillas Municipio",4,67,227,110,117
050,72,109,"Puerto Rico Commonwealth","Patillas Municipio",4,68,232,116,116
050,72,109,"Puerto Rico Commonwealth","Patillas Municipio",4,69,224,109,115
050,72,109,"Puerto Rico Commonwealth","Patillas Municipio",4,70,212,94,118
050,72,109,"Puerto Rico Commonwealth","Patillas Municipio",4,71,199,91,108
050,72,109,"Puerto Rico Commonwealth","Patillas Municipio",4,72,201,97,104
050,72,109,"Puerto Rico Commonwealth","Patillas Municipio",4,73,188,98,90
050,72,109,"Puerto Rico Commonwealth","Patillas Municipio",4,74,194,98,96
050,72,109,"Puerto Rico Commonwealth","Patillas Municipio",4,75,192,85,107
050,72,109,"Puerto Rico Commonwealth","Patillas Municipio",4,76,165,75,90
050,72,109,"Puerto Rico Commonwealth","Patillas Municipio",4,77,155,62,93
050,72,109,"Puerto Rico Commonwealth","Patillas Municipio",4,78,152,59,93
050,72,109,"Puerto Rico Commonwealth","Patillas Municipio",4,79,147,57,90
050,72,109,"Puerto Rico Commonwealth","Patillas Municipio",4,80,114,45,69
050,72,109,"Puerto Rico Commonwealth","Patillas Municipio",4,81,121,57,64
050,72,109,"Puerto Rico Commonwealth","Patillas Municipio",4,82,123,56,67
050,72,109,"Puerto Rico Commonwealth","Patillas Municipio",4,83,113,46,67
050,72,109,"Puerto Rico Commonwealth","Patillas Municipio",4,84,87,31,56
050,72,109,"Puerto Rico Commonwealth","Patillas Municipio",4,85,567,193,374
050,72,109,"Puerto Rico Commonwealth","Patillas Municipio",5,0,83,37,46
050,72,109,"Puerto Rico Commonwealth","Patillas Municipio",5,1,91,52,39
050,72,109,"Puerto Rico Commonwealth","Patillas Municipio",5,2,81,49,32
050,72,109,"Puerto Rico Commonwealth","Patillas Municipio",5,3,79,39,40
050,72,109,"Puerto Rico Commonwealth","Patillas Municipio",5,4,91,43,48
050,72,109,"Puerto Rico Commonwealth","Patillas Municipio",5,5,80,40,40
050,72,109,"Puerto Rico Commonwealth","Patillas Municipio",5,6,87,45,42
050,72,109,"Puerto Rico Commonwealth","Patillas Municipio",5,7,111,57,54
050,72,109,"Puerto Rico Commonwealth","Patillas Municipio",5,8,115,61,54
050,72,109,"Puerto Rico Commonwealth","Patillas Municipio",5,9,131,62,69
050,72,109,"Puerto Rico Commonwealth","Patillas Municipio",5,10,139,72,67
050,72,109,"Puerto Rico Commonwealth","Patillas Municipio",5,11,153,83,70
050,72,109,"Puerto Rico Commonwealth","Patillas Municipio",5,12,145,74,71
050,72,109,"Puerto Rico Commonwealth","Patillas Municipio",5,13,160,84,76
050,72,109,"Puerto Rico Commonwealth","Patillas Municipio",5,14,168,87,81
050,72,109,"Puerto Rico Commonwealth","Patillas Municipio",5,15,166,85,81
050,72,109,"Puerto Rico Commonwealth","Patillas Municipio",5,16,170,85,85
050,72,109,"Puerto Rico Commonwealth","Patillas Municipio",5,17,171,89,82
050,72,109,"Puerto Rico Commonwealth","Patillas Municipio",5,18,172,92,80
050,72,109,"Puerto Rico Commonwealth","Patillas Municipio",5,19,172,93,79
050,72,109,"Puerto Rico Commonwealth","Patillas Municipio",5,20,165,84,81
050,72,109,"Puerto Rico Commonwealth","Patillas Municipio",5,21,156,74,82
050,72,109,"Puerto Rico Commonwealth","Patillas Municipio",5,22,171,87,84
050,72,109,"Puerto Rico Commonwealth","Patillas Municipio",5,23,168,96,72
050,72,109,"Puerto Rico Commonwealth","Patillas Municipio",5,24,169,96,73
050,72,109,"Puerto Rico Commonwealth","Patillas Municipio",5,25,164,85,79
050,72,109,"Puerto Rico Commonwealth","Patillas Municipio",5,26,175,87,88
050,72,109,"Puerto Rico Commonwealth","Patillas Municipio",5,27,173,87,86
050,72,109,"Puerto Rico Commonwealth","Patillas Municipio",5,28,195,101,94
050,72,109,"Puerto Rico Commonwealth","Patillas Municipio",5,29,197,103,94
050,72,109,"Puerto Rico Commonwealth","Patillas Municipio",5,30,190,94,96
050,72,109,"Puerto Rico Commonwealth","Patillas Municipio",5,31,184,89,95
050,72,109,"Puerto Rico Commonwealth","Patillas Municipio",5,32,193,103,90
050,72,109,"Puerto Rico Commonwealth","Patillas Municipio",5,33,193,102,91
050,72,109,"Puerto Rico Commonwealth","Patillas Municipio",5,34,182,92,90
050,72,109,"Puerto Rico Commonwealth","Patillas Municipio",5,35,165,78,87
050,72,109,"Puerto Rico Commonwealth","Patillas Municipio",5,36,170,83,87
050,72,109,"Puerto Rico Commonwealth","Patillas Municipio",5,37,153,73,80
050,72,109,"Puerto Rico Commonwealth","Patillas Municipio",5,38,149,71,78
050,72,109,"Puerto Rico Commonwealth","Patillas Municipio",5,39,163,77,86
050,72,109,"Puerto Rico Commonwealth","Patillas Municipio",5,40,172,83,89
050,72,109,"Puerto Rico Commonwealth","Patillas Municipio",5,41,168,81,87
050,72,109,"Puerto Rico Commonwealth","Patillas Municipio",5,42,164,79,85
050,72,109,"Puerto Rico Commonwealth","Patillas Municipio",5,43,166,83,83
050,72,109,"Puerto Rico Commonwealth","Patillas Municipio",5,44,157,77,80
050,72,109,"Puerto Rico Commonwealth","Patillas Municipio",5,45,168,84,84
050,72,109,"Puerto Rico Commonwealth","Patillas Municipio",5,46,182,90,92
050,72,109,"Puerto Rico Commonwealth","Patillas Municipio",5,47,170,87,83
050,72,109,"Puerto Rico Commonwealth","Patillas Municipio",5,48,173,84,89
050,72,109,"Puerto Rico Commonwealth","Patillas Municipio",5,49,180,82,98
050,72,109,"Puerto Rico Commonwealth","Patillas Municipio",5,50,193,93,100
050,72,109,"Puerto Rico Commonwealth","Patillas Municipio",5,51,200,100,100
050,72,109,"Puerto Rico Commonwealth","Patillas Municipio",5,52,199,103,96
050,72,109,"Puerto Rico Commonwealth","Patillas Municipio",5,53,204,103,101
050,72,109,"Puerto Rico Commonwealth","Patillas Municipio",5,54,215,106,109
050,72,109,"Puerto Rico Commonwealth","Patillas Municipio",5,55,227,113,114
050,72,109,"Puerto Rico Commonwealth","Patillas Municipio",5,56,225,106,119
050,72,109,"Puerto Rico Commonwealth","Patillas Municipio",5,57,230,110,120
050,72,109,"Puerto Rico Commonwealth","Patillas Municipio",5,58,244,114,130
050,72,109,"Puerto Rico Commonwealth","Patillas Municipio",5,59,241,114,127
050,72,109,"Puerto Rico Commonwealth","Patillas Municipio",5,60,240,117,123
050,72,109,"Puerto Rico Commonwealth","Patillas Municipio",5,61,252,128,124
050,72,109,"Puerto Rico Commonwealth","Patillas Municipio",5,62,261,135,126
050,72,109,"Puerto Rico Commonwealth","Patillas Municipio",5,63,267,133,134
050,72,109,"Puerto Rico Commonwealth","Patillas Municipio",5,64,258,127,131
050,72,109,"Puerto Rico Commonwealth","Patillas Municipio",5,65,233,111,122
050,72,109,"Puerto Rico Commonwealth","Patillas Municipio",5,66,233,109,124
050,72,109,"Puerto Rico Commonwealth","Patillas Municipio",5,67,225,103,122
050,72,109,"Puerto Rico Commonwealth","Patillas Municipio",5,68,220,104,116
050,72,109,"Puerto Rico Commonwealth","Patillas Municipio",5,69,230,116,114
050,72,109,"Puerto Rico Commonwealth","Patillas Municipio",5,70,220,107,113
050,72,109,"Puerto Rico Commonwealth","Patillas Municipio",5,71,209,92,117
050,72,109,"Puerto Rico Commonwealth","Patillas Municipio",5,72,196,89,107
050,72,109,"Puerto Rico Commonwealth","Patillas Municipio",5,73,195,91,104
050,72,109,"Puerto Rico Commonwealth","Patillas Municipio",5,74,184,95,89
050,72,109,"Puerto Rico Commonwealth","Patillas Municipio",5,75,191,96,95
050,72,109,"Puerto Rico Commonwealth","Patillas Municipio",5,76,186,82,104
050,72,109,"Puerto Rico Commonwealth","Patillas Municipio",5,77,155,66,89
050,72,109,"Puerto Rico Commonwealth","Patillas Municipio",5,78,143,55,88
050,72,109,"Puerto Rico Commonwealth","Patillas Municipio",5,79,145,55,90
050,72,109,"Puerto Rico Commonwealth","Patillas Municipio",5,80,144,55,89
050,72,109,"Puerto Rico Commonwealth","Patillas Municipio",5,81,108,41,67
050,72,109,"Puerto Rico Commonwealth","Patillas Municipio",5,82,117,54,63
050,72,109,"Puerto Rico Commonwealth","Patillas Municipio",5,83,120,53,67
050,72,109,"Puerto Rico Commonwealth","Patillas Municipio",5,84,106,41,65
050,72,109,"Puerto Rico Commonwealth","Patillas Municipio",5,85,591,191,400
050,72,111,"Puerto Rico Commonwealth","Peñuelas Municipio",1,0,141,73,68
050,72,111,"Puerto Rico Commonwealth","Peñuelas Municipio",1,1,167,95,72
050,72,111,"Puerto Rico Commonwealth","Peñuelas Municipio",1,2,188,91,97
050,72,111,"Puerto Rico Commonwealth","Peñuelas Municipio",1,3,194,111,83
050,72,111,"Puerto Rico Commonwealth","Peñuelas Municipio",1,4,200,104,96
050,72,111,"Puerto Rico Commonwealth","Peñuelas Municipio",1,5,236,118,118
050,72,111,"Puerto Rico Commonwealth","Peñuelas Municipio",1,6,237,123,114
050,72,111,"Puerto Rico Commonwealth","Peñuelas Municipio",1,7,228,118,110
050,72,111,"Puerto Rico Commonwealth","Peñuelas Municipio",1,8,248,126,122
050,72,111,"Puerto Rico Commonwealth","Peñuelas Municipio",1,9,248,117,131
050,72,111,"Puerto Rico Commonwealth","Peñuelas Municipio",1,10,260,132,128
050,72,111,"Puerto Rico Commonwealth","Peñuelas Municipio",1,11,274,133,141
050,72,111,"Puerto Rico Commonwealth","Peñuelas Municipio",1,12,262,125,137
050,72,111,"Puerto Rico Commonwealth","Peñuelas Municipio",1,13,243,109,134
050,72,111,"Puerto Rico Commonwealth","Peñuelas Municipio",1,14,274,127,147
050,72,111,"Puerto Rico Commonwealth","Peñuelas Municipio",1,15,278,130,148
050,72,111,"Puerto Rico Commonwealth","Peñuelas Municipio",1,16,262,138,124
050,72,111,"Puerto Rico Commonwealth","Peñuelas Municipio",1,17,257,133,124
050,72,111,"Puerto Rico Commonwealth","Peñuelas Municipio",1,18,274,140,134
050,72,111,"Puerto Rico Commonwealth","Peñuelas Municipio",1,19,299,152,147
050,72,111,"Puerto Rico Commonwealth","Peñuelas Municipio",1,20,289,134,155
050,72,111,"Puerto Rico Commonwealth","Peñuelas Municipio",1,21,257,118,139
050,72,111,"Puerto Rico Commonwealth","Peñuelas Municipio",1,22,264,123,141
050,72,111,"Puerto Rico Commonwealth","Peñuelas Municipio",1,23,265,125,140
050,72,111,"Puerto Rico Commonwealth","Peñuelas Municipio",1,24,249,123,126
050,72,111,"Puerto Rico Commonwealth","Peñuelas Municipio",1,25,278,141,137
050,72,111,"Puerto Rico Commonwealth","Peñuelas Municipio",1,26,265,138,127
050,72,111,"Puerto Rico Commonwealth","Peñuelas Municipio",1,27,283,143,140
050,72,111,"Puerto Rico Commonwealth","Peñuelas Municipio",1,28,289,144,145
050,72,111,"Puerto Rico Commonwealth","Peñuelas Municipio",1,29,291,144,147
050,72,111,"Puerto Rico Commonwealth","Peñuelas Municipio",1,30,305,148,157
050,72,111,"Puerto Rico Commonwealth","Peñuelas Municipio",1,31,266,119,147
050,72,111,"Puerto Rico Commonwealth","Peñuelas Municipio",1,32,263,127,136
050,72,111,"Puerto Rico Commonwealth","Peñuelas Municipio",1,33,262,123,139
050,72,111,"Puerto Rico Commonwealth","Peñuelas Municipio",1,34,236,110,126
050,72,111,"Puerto Rico Commonwealth","Peñuelas Municipio",1,35,227,110,117
050,72,111,"Puerto Rico Commonwealth","Peñuelas Municipio",1,36,238,113,125
050,72,111,"Puerto Rico Commonwealth","Peñuelas Municipio",1,37,239,115,124
050,72,111,"Puerto Rico Commonwealth","Peñuelas Municipio",1,38,228,104,124
050,72,111,"Puerto Rico Commonwealth","Peñuelas Municipio",1,39,256,126,130
050,72,111,"Puerto Rico Commonwealth","Peñuelas Municipio",1,40,259,136,123
050,72,111,"Puerto Rico Commonwealth","Peñuelas Municipio",1,41,241,110,131
050,72,111,"Puerto Rico Commonwealth","Peñuelas Municipio",1,42,250,118,132
050,72,111,"Puerto Rico Commonwealth","Peñuelas Municipio",1,43,225,117,108
050,72,111,"Puerto Rico Commonwealth","Peñuelas Municipio",1,44,230,113,117
050,72,111,"Puerto Rico Commonwealth","Peñuelas Municipio",1,45,236,117,119
050,72,111,"Puerto Rico Commonwealth","Peñuelas Municipio",1,46,251,123,128
050,72,111,"Puerto Rico Commonwealth","Peñuelas Municipio",1,47,264,131,133
050,72,111,"Puerto Rico Commonwealth","Peñuelas Municipio",1,48,287,142,145
050,72,111,"Puerto Rico Commonwealth","Peñuelas Municipio",1,49,260,126,134
050,72,111,"Puerto Rico Commonwealth","Peñuelas Municipio",1,50,249,120,129
050,72,111,"Puerto Rico Commonwealth","Peñuelas Municipio",1,51,270,125,145
050,72,111,"Puerto Rico Commonwealth","Peñuelas Municipio",1,52,266,125,141
050,72,111,"Puerto Rico Commonwealth","Peñuelas Municipio",1,53,274,130,144
050,72,111,"Puerto Rico Commonwealth","Peñuelas Municipio",1,54,283,132,151
050,72,111,"Puerto Rico Commonwealth","Peñuelas Municipio",1,55,275,125,150
050,72,111,"Puerto Rico Commonwealth","Peñuelas Municipio",1,56,290,146,144
050,72,111,"Puerto Rico Commonwealth","Peñuelas Municipio",1,57,287,147,140
050,72,111,"Puerto Rico Commonwealth","Peñuelas Municipio",1,58,297,136,161
050,72,111,"Puerto Rico Commonwealth","Peñuelas Municipio",1,59,289,136,153
050,72,111,"Puerto Rico Commonwealth","Peñuelas Municipio",1,60,295,150,145
050,72,111,"Puerto Rico Commonwealth","Peñuelas Municipio",1,61,272,129,143
050,72,111,"Puerto Rico Commonwealth","Peñuelas Municipio",1,62,290,128,162
050,72,111,"Puerto Rico Commonwealth","Peñuelas Municipio",1,63,276,132,144
050,72,111,"Puerto Rico Commonwealth","Peñuelas Municipio",1,64,273,127,146
050,72,111,"Puerto Rico Commonwealth","Peñuelas Municipio",1,65,269,127,142
050,72,111,"Puerto Rico Commonwealth","Peñuelas Municipio",1,66,236,123,113
050,72,111,"Puerto Rico Commonwealth","Peñuelas Municipio",1,67,211,104,107
050,72,111,"Puerto Rico Commonwealth","Peñuelas Municipio",1,68,224,96,128
050,72,111,"Puerto Rico Commonwealth","Peñuelas Municipio",1,69,215,100,115
050,72,111,"Puerto Rico Commonwealth","Peñuelas Municipio",1,70,204,103,101
050,72,111,"Puerto Rico Commonwealth","Peñuelas Municipio",1,71,190,91,99
050,72,111,"Puerto Rico Commonwealth","Peñuelas Municipio",1,72,191,90,101
050,72,111,"Puerto Rico Commonwealth","Peñuelas Municipio",1,73,197,96,101
050,72,111,"Puerto Rico Commonwealth","Peñuelas Municipio",1,74,213,99,114
050,72,111,"Puerto Rico Commonwealth","Peñuelas Municipio",1,75,170,72,98
050,72,111,"Puerto Rico Commonwealth","Peñuelas Municipio",1,76,145,69,76
050,72,111,"Puerto Rico Commonwealth","Peñuelas Municipio",1,77,133,61,72
050,72,111,"Puerto Rico Commonwealth","Peñuelas Municipio",1,78,131,60,71
050,72,111,"Puerto Rico Commonwealth","Peñuelas Municipio",1,79,128,55,73
050,72,111,"Puerto Rico Commonwealth","Peñuelas Municipio",1,80,99,48,51
050,72,111,"Puerto Rico Commonwealth","Peñuelas Municipio",1,81,77,37,40
050,72,111,"Puerto Rico Commonwealth","Peñuelas Municipio",1,82,75,33,42
050,72,111,"Puerto Rico Commonwealth","Peñuelas Municipio",1,83,79,36,43
050,72,111,"Puerto Rico Commonwealth","Peñuelas Municipio",1,84,83,42,41
050,72,111,"Puerto Rico Commonwealth","Peñuelas Municipio",1,85,420,179,241
050,72,111,"Puerto Rico Commonwealth","Peñuelas Municipio",2,0,140,68,72
050,72,111,"Puerto Rico Commonwealth","Peñuelas Municipio",2,1,160,89,71
050,72,111,"Puerto Rico Commonwealth","Peñuelas Municipio",2,2,183,92,91
050,72,111,"Puerto Rico Commonwealth","Peñuelas Municipio",2,3,192,106,86
050,72,111,"Puerto Rico Commonwealth","Peñuelas Municipio",2,4,199,106,93
050,72,111,"Puerto Rico Commonwealth","Peñuelas Municipio",2,5,228,115,113
050,72,111,"Puerto Rico Commonwealth","Peñuelas Municipio",2,6,236,121,115
050,72,111,"Puerto Rico Commonwealth","Peñuelas Municipio",2,7,231,120,111
050,72,111,"Puerto Rico Commonwealth","Peñuelas Municipio",2,8,243,124,119
050,72,111,"Puerto Rico Commonwealth","Peñuelas Municipio",2,9,247,119,128
050,72,111,"Puerto Rico Commonwealth","Peñuelas Municipio",2,10,256,127,129
050,72,111,"Puerto Rico Commonwealth","Peñuelas Municipio",2,11,270,132,138
050,72,111,"Puerto Rico Commonwealth","Peñuelas Municipio",2,12,264,126,138
050,72,111,"Puerto Rico Commonwealth","Peñuelas Municipio",2,13,246,112,134
050,72,111,"Puerto Rico Commonwealth","Peñuelas Municipio",2,14,263,121,142
050,72,111,"Puerto Rico Commonwealth","Peñuelas Municipio",2,15,276,129,147
050,72,111,"Puerto Rico Commonwealth","Peñuelas Municipio",2,16,264,135,129
050,72,111,"Puerto Rico Commonwealth","Peñuelas Municipio",2,17,256,133,123
050,72,111,"Puerto Rico Commonwealth","Peñuelas Municipio",2,18,268,137,131
050,72,111,"Puerto Rico Commonwealth","Peñuelas Municipio",2,19,290,148,142
050,72,111,"Puerto Rico Commonwealth","Peñuelas Municipio",2,20,290,138,152
050,72,111,"Puerto Rico Commonwealth","Peñuelas Municipio",2,21,263,121,142
050,72,111,"Puerto Rico Commonwealth","Peñuelas Municipio",2,22,259,119,140
050,72,111,"Puerto Rico Commonwealth","Peñuelas Municipio",2,23,263,124,139
050,72,111,"Puerto Rico Commonwealth","Peñuelas Municipio",2,24,251,122,129
050,72,111,"Puerto Rico Commonwealth","Peñuelas Municipio",2,25,269,136,133
050,72,111,"Puerto Rico Commonwealth","Peñuelas Municipio",2,26,266,138,128
050,72,111,"Puerto Rico Commonwealth","Peñuelas Municipio",2,27,276,140,136
050,72,111,"Puerto Rico Commonwealth","Peñuelas Municipio",2,28,286,143,143
050,72,111,"Puerto Rico Commonwealth","Peñuelas Municipio",2,29,289,144,145
050,72,111,"Puerto Rico Commonwealth","Peñuelas Municipio",2,30,300,146,154
050,72,111,"Puerto Rico Commonwealth","Peñuelas Municipio",2,31,275,126,149
050,72,111,"Puerto Rico Commonwealth","Peñuelas Municipio",2,32,264,125,139
050,72,111,"Puerto Rico Commonwealth","Peñuelas Municipio",2,33,262,124,138
050,72,111,"Puerto Rico Commonwealth","Peñuelas Municipio",2,34,244,114,130
050,72,111,"Puerto Rico Commonwealth","Peñuelas Municipio",2,35,228,109,119
050,72,111,"Puerto Rico Commonwealth","Peñuelas Municipio",2,36,235,112,123
050,72,111,"Puerto Rico Commonwealth","Peñuelas Municipio",2,37,237,113,124
050,72,111,"Puerto Rico Commonwealth","Peñuelas Municipio",2,38,231,107,124
050,72,111,"Puerto Rico Commonwealth","Peñuelas Municipio",2,39,249,120,129
050,72,111,"Puerto Rico Commonwealth","Peñuelas Municipio",2,40,242,119,123
050,72,111,"Puerto Rico Commonwealth","Peñuelas Municipio",2,41,246,117,129
050,72,111,"Puerto Rico Commonwealth","Peñuelas Municipio",2,42,248,116,132
050,72,111,"Puerto Rico Commonwealth","Peñuelas Municipio",2,43,231,117,114
050,72,111,"Puerto Rico Commonwealth","Peñuelas Municipio",2,44,230,115,115
050,72,111,"Puerto Rico Commonwealth","Peñuelas Municipio",2,45,235,117,118
050,72,111,"Puerto Rico Commonwealth","Peñuelas Municipio",2,46,248,122,126
050,72,111,"Puerto Rico Commonwealth","Peñuelas Municipio",2,47,261,130,131
050,72,111,"Puerto Rico Commonwealth","Peñuelas Municipio",2,48,282,140,142
050,72,111,"Puerto Rico Commonwealth","Peñuelas Municipio",2,49,265,128,137
050,72,111,"Puerto Rico Commonwealth","Peñuelas Municipio",2,50,253,123,130
050,72,111,"Puerto Rico Commonwealth","Peñuelas Municipio",2,51,266,125,141
050,72,111,"Puerto Rico Commonwealth","Peñuelas Municipio",2,52,268,126,142
050,72,111,"Puerto Rico Commonwealth","Peñuelas Municipio",2,53,272,130,142
050,72,111,"Puerto Rico Commonwealth","Peñuelas Municipio",2,54,280,131,149
050,72,111,"Puerto Rico Commonwealth","Peñuelas Municipio",2,55,278,127,151
050,72,111,"Puerto Rico Commonwealth","Peñuelas Municipio",2,56,286,141,145
050,72,111,"Puerto Rico Commonwealth","Peñuelas Municipio",2,57,286,146,140
050,72,111,"Puerto Rico Commonwealth","Peñuelas Municipio",2,58,295,139,156
050,72,111,"Puerto Rico Commonwealth","Peñuelas Municipio",2,59,290,136,154
050,72,111,"Puerto Rico Commonwealth","Peñuelas Municipio",2,60,294,147,147
050,72,111,"Puerto Rico Commonwealth","Peñuelas Municipio",2,61,276,133,143
050,72,111,"Puerto Rico Commonwealth","Peñuelas Municipio",2,62,286,128,158
050,72,111,"Puerto Rico Commonwealth","Peñuelas Municipio",2,63,278,131,147
050,72,111,"Puerto Rico Commonwealth","Peñuelas Municipio",2,64,274,128,146
050,72,111,"Puerto Rico Commonwealth","Peñuelas Municipio",2,65,269,126,143
050,72,111,"Puerto Rico Commonwealth","Peñuelas Municipio",2,66,243,123,120
050,72,111,"Puerto Rico Commonwealth","Peñuelas Municipio",2,67,216,108,108
050,72,111,"Puerto Rico Commonwealth","Peñuelas Municipio",2,68,218,96,122
050,72,111,"Puerto Rico Commonwealth","Peñuelas Municipio",2,69,216,98,118
050,72,111,"Puerto Rico Commonwealth","Peñuelas Municipio",2,70,205,102,103
050,72,111,"Puerto Rico Commonwealth","Peñuelas Municipio",2,71,193,94,99
050,72,111,"Puerto Rico Commonwealth","Peñuelas Municipio",2,72,192,91,101
050,72,111,"Puerto Rico Commonwealth","Peñuelas Municipio",2,73,195,94,101
050,72,111,"Puerto Rico Commonwealth","Peñuelas Municipio",2,74,207,97,110
050,72,111,"Puerto Rico Commonwealth","Peñuelas Municipio",2,75,181,79,102
050,72,111,"Puerto Rico Commonwealth","Peñuelas Municipio",2,76,149,69,80
050,72,111,"Puerto Rico Commonwealth","Peñuelas Municipio",2,77,135,62,73
050,72,111,"Puerto Rico Commonwealth","Peñuelas Municipio",2,78,128,59,69
050,72,111,"Puerto Rico Commonwealth","Peñuelas Municipio",2,79,129,56,73
050,72,111,"Puerto Rico Commonwealth","Peñuelas Municipio",2,80,103,48,55
050,72,111,"Puerto Rico Commonwealth","Peñuelas Municipio",2,81,82,39,43
050,72,111,"Puerto Rico Commonwealth","Peñuelas Municipio",2,82,75,33,42
050,72,111,"Puerto Rico Commonwealth","Peñuelas Municipio",2,83,78,35,43
050,72,111,"Puerto Rico Commonwealth","Peñuelas Municipio",2,84,81,39,42
050,72,111,"Puerto Rico Commonwealth","Peñuelas Municipio",2,85,435,188,247
050,72,111,"Puerto Rico Commonwealth","Peñuelas Municipio",3,0,122,76,46
050,72,111,"Puerto Rico Commonwealth","Peñuelas Municipio",3,1,140,67,73
050,72,111,"Puerto Rico Commonwealth","Peñuelas Municipio",3,2,157,87,70
050,72,111,"Puerto Rico Commonwealth","Peñuelas Municipio",3,3,182,91,91
050,72,111,"Puerto Rico Commonwealth","Peñuelas Municipio",3,4,191,105,86
050,72,111,"Puerto Rico Commonwealth","Peñuelas Municipio",3,5,197,105,92
050,72,111,"Puerto Rico Commonwealth","Peñuelas Municipio",3,6,226,114,112
050,72,111,"Puerto Rico Commonwealth","Peñuelas Municipio",3,7,234,120,114
050,72,111,"Puerto Rico Commonwealth","Peñuelas Municipio",3,8,228,118,110
050,72,111,"Puerto Rico Commonwealth","Peñuelas Municipio",3,9,241,123,118
050,72,111,"Puerto Rico Commonwealth","Peñuelas Municipio",3,10,244,117,127
050,72,111,"Puerto Rico Commonwealth","Peñuelas Municipio",3,11,252,125,127
050,72,111,"Puerto Rico Commonwealth","Peñuelas Municipio",3,12,266,130,136
050,72,111,"Puerto Rico Commonwealth","Peñuelas Municipio",3,13,261,124,137
050,72,111,"Puerto Rico Commonwealth","Peñuelas Municipio",3,14,242,110,132
050,72,111,"Puerto Rico Commonwealth","Peñuelas Municipio",3,15,257,118,139
050,72,111,"Puerto Rico Commonwealth","Peñuelas Municipio",3,16,271,126,145
050,72,111,"Puerto Rico Commonwealth","Peñuelas Municipio",3,17,259,132,127
050,72,111,"Puerto Rico Commonwealth","Peñuelas Municipio",3,18,247,128,119
050,72,111,"Puerto Rico Commonwealth","Peñuelas Municipio",3,19,260,133,127
050,72,111,"Puerto Rico Commonwealth","Peñuelas Municipio",3,20,285,145,140
050,72,111,"Puerto Rico Commonwealth","Peñuelas Municipio",3,21,285,136,149
050,72,111,"Puerto Rico Commonwealth","Peñuelas Municipio",3,22,259,119,140
050,72,111,"Puerto Rico Commonwealth","Peñuelas Municipio",3,23,257,118,139
050,72,111,"Puerto Rico Commonwealth","Peñuelas Municipio",3,24,261,123,138
050,72,111,"Puerto Rico Commonwealth","Peñuelas Municipio",3,25,247,120,127
050,72,111,"Puerto Rico Commonwealth","Peñuelas Municipio",3,26,265,134,131
050,72,111,"Puerto Rico Commonwealth","Peñuelas Municipio",3,27,263,137,126
050,72,111,"Puerto Rico Commonwealth","Peñuelas Municipio",3,28,273,139,134
050,72,111,"Puerto Rico Commonwealth","Peñuelas Municipio",3,29,281,140,141
050,72,111,"Puerto Rico Commonwealth","Peñuelas Municipio",3,30,285,142,143
050,72,111,"Puerto Rico Commonwealth","Peñuelas Municipio",3,31,300,148,152
050,72,111,"Puerto Rico Commonwealth","Peñuelas Municipio",3,32,271,123,148
050,72,111,"Puerto Rico Commonwealth","Peñuelas Municipio",3,33,263,125,138
050,72,111,"Puerto Rico Commonwealth","Peñuelas Municipio",3,34,259,122,137
050,72,111,"Puerto Rico Commonwealth","Peñuelas Municipio",3,35,242,113,129
050,72,111,"Puerto Rico Commonwealth","Peñuelas Municipio",3,36,226,108,118
050,72,111,"Puerto Rico Commonwealth","Peñuelas Municipio",3,37,233,111,122
050,72,111,"Puerto Rico Commonwealth","Peñuelas Municipio",3,38,235,112,123
050,72,111,"Puerto Rico Commonwealth","Peñuelas Municipio",3,39,230,107,123
050,72,111,"Puerto Rico Commonwealth","Peñuelas Municipio",3,40,250,121,129
050,72,111,"Puerto Rico Commonwealth","Peñuelas Municipio",3,41,240,117,123
050,72,111,"Puerto Rico Commonwealth","Peñuelas Municipio",3,42,246,117,129
050,72,111,"Puerto Rico Commonwealth","Peñuelas Municipio",3,43,248,116,132
050,72,111,"Puerto Rico Commonwealth","Peñuelas Municipio",3,44,231,117,114
050,72,111,"Puerto Rico Commonwealth","Peñuelas Municipio",3,45,228,114,114
050,72,111,"Puerto Rico Commonwealth","Peñuelas Municipio",3,46,232,116,116
050,72,111,"Puerto Rico Commonwealth","Peñuelas Municipio",3,47,245,121,124
050,72,111,"Puerto Rico Commonwealth","Peñuelas Municipio",3,48,258,129,129
050,72,111,"Puerto Rico Commonwealth","Peñuelas Municipio",3,49,281,140,141
050,72,111,"Puerto Rico Commonwealth","Peñuelas Municipio",3,50,265,129,136
050,72,111,"Puerto Rico Commonwealth","Peñuelas Municipio",3,51,251,122,129
050,72,111,"Puerto Rico Commonwealth","Peñuelas Municipio",3,52,263,124,139
050,72,111,"Puerto Rico Commonwealth","Peñuelas Municipio",3,53,265,125,140
050,72,111,"Puerto Rico Commonwealth","Peñuelas Municipio",3,54,267,129,138
050,72,111,"Puerto Rico Commonwealth","Peñuelas Municipio",3,55,277,129,148
050,72,111,"Puerto Rico Commonwealth","Peñuelas Municipio",3,56,275,126,149
050,72,111,"Puerto Rico Commonwealth","Peñuelas Municipio",3,57,285,140,145
050,72,111,"Puerto Rico Commonwealth","Peñuelas Municipio",3,58,282,143,139
050,72,111,"Puerto Rico Commonwealth","Peñuelas Municipio",3,59,291,137,154
050,72,111,"Puerto Rico Commonwealth","Peñuelas Municipio",3,60,285,133,152
050,72,111,"Puerto Rico Commonwealth","Peñuelas Municipio",3,61,291,146,145
050,72,111,"Puerto Rico Commonwealth","Peñuelas Municipio",3,62,272,131,141
050,72,111,"Puerto Rico Commonwealth","Peñuelas Municipio",3,63,281,124,157
050,72,111,"Puerto Rico Commonwealth","Peñuelas Municipio",3,64,275,131,144
050,72,111,"Puerto Rico Commonwealth","Peñuelas Municipio",3,65,270,126,144
050,72,111,"Puerto Rico Commonwealth","Peñuelas Municipio",3,66,262,121,141
050,72,111,"Puerto Rico Commonwealth","Peñuelas Municipio",3,67,239,122,117
050,72,111,"Puerto Rico Commonwealth","Peñuelas Municipio",3,68,210,104,106
050,72,111,"Puerto Rico Commonwealth","Peñuelas Municipio",3,69,215,94,121
050,72,111,"Puerto Rico Commonwealth","Peñuelas Municipio",3,70,209,94,115
050,72,111,"Puerto Rico Commonwealth","Peñuelas Municipio",3,71,202,101,101
050,72,111,"Puerto Rico Commonwealth","Peñuelas Municipio",3,72,189,91,98
050,72,111,"Puerto Rico Commonwealth","Peñuelas Municipio",3,73,185,86,99
050,72,111,"Puerto Rico Commonwealth","Peñuelas Municipio",3,74,187,89,98
050,72,111,"Puerto Rico Commonwealth","Peñuelas Municipio",3,75,202,95,107
050,72,111,"Puerto Rico Commonwealth","Peñuelas Municipio",3,76,176,75,101
050,72,111,"Puerto Rico Commonwealth","Peñuelas Municipio",3,77,146,68,78
050,72,111,"Puerto Rico Commonwealth","Peñuelas Municipio",3,78,128,59,69
050,72,111,"Puerto Rico Commonwealth","Peñuelas Municipio",3,79,124,58,66
050,72,111,"Puerto Rico Commonwealth","Peñuelas Municipio",3,80,118,50,68
050,72,111,"Puerto Rico Commonwealth","Peñuelas Municipio",3,81,101,47,54
050,72,111,"Puerto Rico Commonwealth","Peñuelas Municipio",3,82,78,37,41
050,72,111,"Puerto Rico Commonwealth","Peñuelas Municipio",3,83,72,31,41
050,72,111,"Puerto Rico Commonwealth","Peñuelas Municipio",3,84,70,29,41
050,72,111,"Puerto Rico Commonwealth","Peñuelas Municipio",3,85,478,208,270
050,72,111,"Puerto Rico Commonwealth","Peñuelas Municipio",4,0,132,67,65
050,72,111,"Puerto Rico Commonwealth","Peñuelas Municipio",4,1,120,75,45
050,72,111,"Puerto Rico Commonwealth","Peñuelas Municipio",4,2,137,65,72
050,72,111,"Puerto Rico Commonwealth","Peñuelas Municipio",4,3,153,85,68
050,72,111,"Puerto Rico Commonwealth","Peñuelas Municipio",4,4,178,89,89
050,72,111,"Puerto Rico Commonwealth","Peñuelas Municipio",4,5,187,103,84
050,72,111,"Puerto Rico Commonwealth","Peñuelas Municipio",4,6,192,102,90
050,72,111,"Puerto Rico Commonwealth","Peñuelas Municipio",4,7,221,111,110
050,72,111,"Puerto Rico Commonwealth","Peñuelas Municipio",4,8,229,117,112
050,72,111,"Puerto Rico Commonwealth","Peñuelas Municipio",4,9,223,115,108
050,72,111,"Puerto Rico Commonwealth","Peñuelas Municipio",4,10,235,120,115
050,72,111,"Puerto Rico Commonwealth","Peñuelas Municipio",4,11,237,113,124
050,72,111,"Puerto Rico Commonwealth","Peñuelas Municipio",4,12,245,121,124
050,72,111,"Puerto Rico Commonwealth","Peñuelas Municipio",4,13,259,126,133
050,72,111,"Puerto Rico Commonwealth","Peñuelas Municipio",4,14,255,121,134
050,72,111,"Puerto Rico Commonwealth","Peñuelas Municipio",4,15,235,106,129
050,72,111,"Puerto Rico Commonwealth","Peñuelas Municipio",4,16,249,114,135
050,72,111,"Puerto Rico Commonwealth","Peñuelas Municipio",4,17,262,121,141
050,72,111,"Puerto Rico Commonwealth","Peñuelas Municipio",4,18,248,126,122
050,72,111,"Puerto Rico Commonwealth","Peñuelas Municipio",4,19,235,122,113
050,72,111,"Puerto Rico Commonwealth","Peñuelas Municipio",4,20,251,128,123
050,72,111,"Puerto Rico Commonwealth","Peñuelas Municipio",4,21,276,141,135
050,72,111,"Puerto Rico Commonwealth","Peñuelas Municipio",4,22,277,132,145
050,72,111,"Puerto Rico Commonwealth","Peñuelas Municipio",4,23,253,116,137
050,72,111,"Puerto Rico Commonwealth","Peñuelas Municipio",4,24,251,115,136
050,72,111,"Puerto Rico Commonwealth","Peñuelas Municipio",4,25,255,120,135
050,72,111,"Puerto Rico Commonwealth","Peñuelas Municipio",4,26,240,116,124
050,72,111,"Puerto Rico Commonwealth","Peñuelas Municipio",4,27,258,130,128
050,72,111,"Puerto Rico Commonwealth","Peñuelas Municipio",4,28,256,133,123
050,72,111,"Puerto Rico Commonwealth","Peñuelas Municipio",4,29,263,133,130
050,72,111,"Puerto Rico Commonwealth","Peñuelas Municipio",4,30,272,134,138
050,72,111,"Puerto Rico Commonwealth","Peñuelas Municipio",4,31,279,140,139
050,72,111,"Puerto Rico Commonwealth","Peñuelas Municipio",4,32,292,143,149
050,72,111,"Puerto Rico Commonwealth","Peñuelas Municipio",4,33,265,120,145
050,72,111,"Puerto Rico Commonwealth","Peñuelas Municipio",4,34,255,120,135
050,72,111,"Puerto Rico Commonwealth","Peñuelas Municipio",4,35,253,118,135
050,72,111,"Puerto Rico Commonwealth","Peñuelas Municipio",4,36,238,111,127
050,72,111,"Puerto Rico Commonwealth","Peñuelas Municipio",4,37,221,105,116
050,72,111,"Puerto Rico Commonwealth","Peñuelas Municipio",4,38,230,110,120
050,72,111,"Puerto Rico Commonwealth","Peñuelas Municipio",4,39,229,108,121
050,72,111,"Puerto Rico Commonwealth","Peñuelas Municipio",4,40,225,104,121
050,72,111,"Puerto Rico Commonwealth","Peñuelas Municipio",4,41,248,120,128
050,72,111,"Puerto Rico Commonwealth","Peñuelas Municipio",4,42,238,116,122
050,72,111,"Puerto Rico Commonwealth","Peñuelas Municipio",4,43,244,117,127
050,72,111,"Puerto Rico Commonwealth","Peñuelas Municipio",4,44,245,115,130
050,72,111,"Puerto Rico Commonwealth","Peñuelas Municipio",4,45,229,116,113
050,72,111,"Puerto Rico Commonwealth","Peñuelas Municipio",4,46,225,113,112
050,72,111,"Puerto Rico Commonwealth","Peñuelas Municipio",4,47,230,115,115
050,72,111,"Puerto Rico Commonwealth","Peñuelas Municipio",4,48,242,120,122
050,72,111,"Puerto Rico Commonwealth","Peñuelas Municipio",4,49,253,127,126
050,72,111,"Puerto Rico Commonwealth","Peñuelas Municipio",4,50,277,137,140
050,72,111,"Puerto Rico Commonwealth","Peñuelas Municipio",4,51,259,124,135
050,72,111,"Puerto Rico Commonwealth","Peñuelas Municipio",4,52,249,121,128
050,72,111,"Puerto Rico Commonwealth","Peñuelas Municipio",4,53,260,122,138
050,72,111,"Puerto Rico Commonwealth","Peñuelas Municipio",4,54,261,122,139
050,72,111,"Puerto Rico Commonwealth","Peñuelas Municipio",4,55,264,128,136
050,72,111,"Puerto Rico Commonwealth","Peñuelas Municipio",4,56,275,128,147
050,72,111,"Puerto Rico Commonwealth","Peñuelas Municipio",4,57,269,123,146
050,72,111,"Puerto Rico Commonwealth","Peñuelas Municipio",4,58,283,140,143
050,72,111,"Puerto Rico Commonwealth","Peñuelas Municipio",4,59,277,139,138
050,72,111,"Puerto Rico Commonwealth","Peñuelas Municipio",4,60,286,134,152
050,72,111,"Puerto Rico Commonwealth","Peñuelas Municipio",4,61,281,132,149
050,72,111,"Puerto Rico Commonwealth","Peñuelas Municipio",4,62,286,142,144
050,72,111,"Puerto Rico Commonwealth","Peñuelas Municipio",4,63,269,130,139
050,72,111,"Puerto Rico Commonwealth","Peñuelas Municipio",4,64,277,121,156
050,72,111,"Puerto Rico Commonwealth","Peñuelas Municipio",4,65,272,130,142
050,72,111,"Puerto Rico Commonwealth","Peñuelas Municipio",4,66,264,123,141
050,72,111,"Puerto Rico Commonwealth","Peñuelas Municipio",4,67,256,118,138
050,72,111,"Puerto Rico Commonwealth","Peñuelas Municipio",4,68,232,117,115
050,72,111,"Puerto Rico Commonwealth","Peñuelas Municipio",4,69,200,99,101
050,72,111,"Puerto Rico Commonwealth","Peñuelas Municipio",4,70,208,90,118
050,72,111,"Puerto Rico Commonwealth","Peñuelas Municipio",4,71,205,92,113
050,72,111,"Puerto Rico Commonwealth","Peñuelas Municipio",4,72,196,98,98
050,72,111,"Puerto Rico Commonwealth","Peñuelas Municipio",4,73,184,88,96
050,72,111,"Puerto Rico Commonwealth","Peñuelas Municipio",4,74,174,80,94
050,72,111,"Puerto Rico Commonwealth","Peñuelas Municipio",4,75,175,82,93
050,72,111,"Puerto Rico Commonwealth","Peñuelas Municipio",4,76,191,91,100
050,72,111,"Puerto Rico Commonwealth","Peñuelas Municipio",4,77,172,73,99
050,72,111,"Puerto Rico Commonwealth","Peñuelas Municipio",4,78,140,65,75
050,72,111,"Puerto Rico Commonwealth","Peñuelas Municipio",4,79,117,54,63
050,72,111,"Puerto Rico Commonwealth","Peñuelas Municipio",4,80,121,58,63
050,72,111,"Puerto Rico Commonwealth","Peñuelas Municipio",4,81,113,48,65
050,72,111,"Puerto Rico Commonwealth","Peñuelas Municipio",4,82,98,46,52
050,72,111,"Puerto Rico Commonwealth","Peñuelas Municipio",4,83,75,36,39
050,72,111,"Puerto Rico Commonwealth","Peñuelas Municipio",4,84,61,25,36
050,72,111,"Puerto Rico Commonwealth","Peñuelas Municipio",4,85,499,210,289
050,72,111,"Puerto Rico Commonwealth","Peñuelas Municipio",5,0,137,78,59
050,72,111,"Puerto Rico Commonwealth","Peñuelas Municipio",5,1,133,67,66
050,72,111,"Puerto Rico Commonwealth","Peñuelas Municipio",5,2,119,75,44
050,72,111,"Puerto Rico Commonwealth","Peñuelas Municipio",5,3,136,64,72
050,72,111,"Puerto Rico Commonwealth","Peñuelas Municipio",5,4,151,84,67
050,72,111,"Puerto Rico Commonwealth","Peñuelas Municipio",5,5,177,88,89
050,72,111,"Puerto Rico Commonwealth","Peñuelas Municipio",5,6,186,102,84
050,72,111,"Puerto Rico Commonwealth","Peñuelas Municipio",5,7,190,101,89
050,72,111,"Puerto Rico Commonwealth","Peñuelas Municipio",5,8,220,110,110
050,72,111,"Puerto Rico Commonwealth","Peñuelas Municipio",5,9,227,116,111
050,72,111,"Puerto Rico Commonwealth","Peñuelas Municipio",5,10,220,113,107
050,72,111,"Puerto Rico Commonwealth","Peñuelas Municipio",5,11,232,118,114
050,72,111,"Puerto Rico Commonwealth","Peñuelas Municipio",5,12,234,111,123
050,72,111,"Puerto Rico Commonwealth","Peñuelas Municipio",5,13,242,119,123
050,72,111,"Puerto Rico Commonwealth","Peñuelas Municipio",5,14,256,124,132
050,72,111,"Puerto Rico Commonwealth","Peñuelas Municipio",5,15,252,119,133
050,72,111,"Puerto Rico Commonwealth","Peñuelas Municipio",5,16,231,104,127
050,72,111,"Puerto Rico Commonwealth","Peñuelas Municipio",5,17,245,112,133
050,72,111,"Puerto Rico Commonwealth","Peñuelas Municipio",5,18,255,117,138
050,72,111,"Puerto Rico Commonwealth","Peñuelas Municipio",5,19,242,123,119
050,72,111,"Puerto Rico Commonwealth","Peñuelas Municipio",5,20,230,119,111
050,72,111,"Puerto Rico Commonwealth","Peñuelas Municipio",5,21,247,126,121
050,72,111,"Puerto Rico Commonwealth","Peñuelas Municipio",5,22,270,139,131
050,72,111,"Puerto Rico Commonwealth","Peñuelas Municipio",5,23,276,132,144
050,72,111,"Puerto Rico Commonwealth","Peñuelas Municipio",5,24,251,115,136
050,72,111,"Puerto Rico Commonwealth","Peñuelas Municipio",5,25,247,112,135
050,72,111,"Puerto Rico Commonwealth","Peñuelas Municipio",5,26,253,119,134
050,72,111,"Puerto Rico Commonwealth","Peñuelas Municipio",5,27,236,114,122
050,72,111,"Puerto Rico Commonwealth","Peñuelas Municipio",5,28,255,128,127
050,72,111,"Puerto Rico Commonwealth","Peñuelas Municipio",5,29,250,129,121
050,72,111,"Puerto Rico Commonwealth","Peñuelas Municipio",5,30,259,131,128
050,72,111,"Puerto Rico Commonwealth","Peñuelas Municipio",5,31,272,135,137
050,72,111,"Puerto Rico Commonwealth","Peñuelas Municipio",5,32,275,138,137
050,72,111,"Puerto Rico Commonwealth","Peñuelas Municipio",5,33,291,143,148
050,72,111,"Puerto Rico Commonwealth","Peñuelas Municipio",5,34,263,119,144
050,72,111,"Puerto Rico Commonwealth","Peñuelas Municipio",5,35,253,119,134
050,72,111,"Puerto Rico Commonwealth","Peñuelas Municipio",5,36,252,118,134
050,72,111,"Puerto Rico Commonwealth","Peñuelas Municipio",5,37,237,110,127
050,72,111,"Puerto Rico Commonwealth","Peñuelas Municipio",5,38,220,104,116
050,72,111,"Puerto Rico Commonwealth","Peñuelas Municipio",5,39,230,110,120
050,72,111,"Puerto Rico Commonwealth","Peñuelas Municipio",5,40,230,109,121
050,72,111,"Puerto Rico Commonwealth","Peñuelas Municipio",5,41,225,104,121
050,72,111,"Puerto Rico Commonwealth","Peñuelas Municipio",5,42,247,120,127
050,72,111,"Puerto Rico Commonwealth","Peñuelas Municipio",5,43,238,117,121
050,72,111,"Puerto Rico Commonwealth","Peñuelas Municipio",5,44,244,117,127
050,72,111,"Puerto Rico Commonwealth","Peñuelas Municipio",5,45,244,114,130
050,72,111,"Puerto Rico Commonwealth","Peñuelas Municipio",5,46,228,115,113
050,72,111,"Puerto Rico Commonwealth","Peñuelas Municipio",5,47,225,113,112
050,72,111,"Puerto Rico Commonwealth","Peñuelas Municipio",5,48,230,115,115
050,72,111,"Puerto Rico Commonwealth","Peñuelas Municipio",5,49,240,119,121
050,72,111,"Puerto Rico Commonwealth","Peñuelas Municipio",5,50,250,126,124
050,72,111,"Puerto Rico Commonwealth","Peñuelas Municipio",5,51,276,137,139
050,72,111,"Puerto Rico Commonwealth","Peñuelas Municipio",5,52,258,124,134
050,72,111,"Puerto Rico Commonwealth","Peñuelas Municipio",5,53,245,120,125
050,72,111,"Puerto Rico Commonwealth","Peñuelas Municipio",5,54,259,122,137
050,72,111,"Puerto Rico Commonwealth","Peñuelas Municipio",5,55,260,121,139
050,72,111,"Puerto Rico Commonwealth","Peñuelas Municipio",5,56,262,127,135
050,72,111,"Puerto Rico Commonwealth","Peñuelas Municipio",5,57,271,125,146
050,72,111,"Puerto Rico Commonwealth","Peñuelas Municipio",5,58,267,123,144
050,72,111,"Puerto Rico Commonwealth","Peñuelas Municipio",5,59,277,136,141
050,72,111,"Puerto Rico Commonwealth","Peñuelas Municipio",5,60,274,137,137
050,72,111,"Puerto Rico Commonwealth","Peñuelas Municipio",5,61,282,132,150
050,72,111,"Puerto Rico Commonwealth","Peñuelas Municipio",5,62,277,130,147
050,72,111,"Puerto Rico Commonwealth","Peñuelas Municipio",5,63,281,138,143
050,72,111,"Puerto Rico Commonwealth","Peñuelas Municipio",5,64,266,128,138
050,72,111,"Puerto Rico Commonwealth","Peñuelas Municipio",5,65,272,120,152
050,72,111,"Puerto Rico Commonwealth","Peñuelas Municipio",5,66,264,125,139
050,72,111,"Puerto Rico Commonwealth","Peñuelas Municipio",5,67,260,121,139
050,72,111,"Puerto Rico Commonwealth","Peñuelas Municipio",5,68,248,113,135
050,72,111,"Puerto Rico Commonwealth","Peñuelas Municipio",5,69,224,113,111
050,72,111,"Puerto Rico Commonwealth","Peñuelas Municipio",5,70,195,95,100
050,72,111,"Puerto Rico Commonwealth","Peñuelas Municipio",5,71,199,86,113
050,72,111,"Puerto Rico Commonwealth","Peñuelas Municipio",5,72,198,87,111
050,72,111,"Puerto Rico Commonwealth","Peñuelas Municipio",5,73,191,94,97
050,72,111,"Puerto Rico Commonwealth","Peñuelas Municipio",5,74,177,84,93
050,72,111,"Puerto Rico Commonwealth","Peñuelas Municipio",5,75,168,77,91
050,72,111,"Puerto Rico Commonwealth","Peñuelas Municipio",5,76,167,77,90
050,72,111,"Puerto Rico Commonwealth","Peñuelas Municipio",5,77,181,88,93
050,72,111,"Puerto Rico Commonwealth","Peñuelas Municipio",5,78,165,68,97
050,72,111,"Puerto Rico Commonwealth","Peñuelas Municipio",5,79,133,62,71
050,72,111,"Puerto Rico Commonwealth","Peñuelas Municipio",5,80,108,49,59
050,72,111,"Puerto Rico Commonwealth","Peñuelas Municipio",5,81,118,56,62
050,72,111,"Puerto Rico Commonwealth","Peñuelas Municipio",5,82,105,47,58
050,72,111,"Puerto Rico Commonwealth","Peñuelas Municipio",5,83,93,44,49
050,72,111,"Puerto Rico Commonwealth","Peñuelas Municipio",5,84,73,36,37
050,72,111,"Puerto Rico Commonwealth","Peñuelas Municipio",5,85,516,216,300
050,72,113,"Puerto Rico Commonwealth","Ponce Municipio",1,0,942,481,461
050,72,113,"Puerto Rico Commonwealth","Ponce Municipio",1,1,999,517,482
050,72,113,"Puerto Rico Commonwealth","Ponce Municipio",1,2,1012,532,480
050,72,113,"Puerto Rico Commonwealth","Ponce Municipio",1,3,1112,587,525
050,72,113,"Puerto Rico Commonwealth","Ponce Municipio",1,4,1245,615,630
050,72,113,"Puerto Rico Commonwealth","Ponce Municipio",1,5,1318,668,650
050,72,113,"Puerto Rico Commonwealth","Ponce Municipio",1,6,1388,720,668
050,72,113,"Puerto Rico Commonwealth","Ponce Municipio",1,7,1470,767,703
050,72,113,"Puerto Rico Commonwealth","Ponce Municipio",1,8,1440,728,712
050,72,113,"Puerto Rico Commonwealth","Ponce Municipio",1,9,1416,723,693
050,72,113,"Puerto Rico Commonwealth","Ponce Municipio",1,10,1566,781,785
050,72,113,"Puerto Rico Commonwealth","Ponce Municipio",1,11,1524,764,760
050,72,113,"Puerto Rico Commonwealth","Ponce Municipio",1,12,1544,781,763
050,72,113,"Puerto Rico Commonwealth","Ponce Municipio",1,13,1605,821,784
050,72,113,"Puerto Rico Commonwealth","Ponce Municipio",1,14,1649,843,806
050,72,113,"Puerto Rico Commonwealth","Ponce Municipio",1,15,1631,806,825
050,72,113,"Puerto Rico Commonwealth","Ponce Municipio",1,16,1599,810,789
050,72,113,"Puerto Rico Commonwealth","Ponce Municipio",1,17,1594,812,782
050,72,113,"Puerto Rico Commonwealth","Ponce Municipio",1,18,1744,892,852
050,72,113,"Puerto Rico Commonwealth","Ponce Municipio",1,19,1925,1024,901
050,72,113,"Puerto Rico Commonwealth","Ponce Municipio",1,20,1967,1046,921
050,72,113,"Puerto Rico Commonwealth","Ponce Municipio",1,21,1853,971,882
050,72,113,"Puerto Rico Commonwealth","Ponce Municipio",1,22,1955,1053,902
050,72,113,"Puerto Rico Commonwealth","Ponce Municipio",1,23,1940,1050,890
050,72,113,"Puerto Rico Commonwealth","Ponce Municipio",1,24,1964,1056,908
050,72,113,"Puerto Rico Commonwealth","Ponce Municipio",1,25,1901,1025,876
050,72,113,"Puerto Rico Commonwealth","Ponce Municipio",1,26,1964,1054,910
050,72,113,"Puerto Rico Commonwealth","Ponce Municipio",1,27,1853,982,871
050,72,113,"Puerto Rico Commonwealth","Ponce Municipio",1,28,1895,1005,890
050,72,113,"Puerto Rico Commonwealth","Ponce Municipio",1,29,1885,1000,885
050,72,113,"Puerto Rico Commonwealth","Ponce Municipio",1,30,1817,955,862
050,72,113,"Puerto Rico Commonwealth","Ponce Municipio",1,31,1692,887,805
050,72,113,"Puerto Rico Commonwealth","Ponce Municipio",1,32,1557,783,774
050,72,113,"Puerto Rico Commonwealth","Ponce Municipio",1,33,1553,775,778
050,72,113,"Puerto Rico Commonwealth","Ponce Municipio",1,34,1523,741,782
050,72,113,"Puerto Rico Commonwealth","Ponce Municipio",1,35,1454,711,743
050,72,113,"Puerto Rico Commonwealth","Ponce Municipio",1,36,1413,692,721
050,72,113,"Puerto Rico Commonwealth","Ponce Municipio",1,37,1459,720,739
050,72,113,"Puerto Rico Commonwealth","Ponce Municipio",1,38,1505,727,778
050,72,113,"Puerto Rico Commonwealth","Ponce Municipio",1,39,1571,772,799
050,72,113,"Puerto Rico Commonwealth","Ponce Municipio",1,40,1584,767,817
050,72,113,"Puerto Rico Commonwealth","Ponce Municipio",1,41,1467,693,774
050,72,113,"Puerto Rico Commonwealth","Ponce Municipio",1,42,1552,752,800
050,72,113,"Puerto Rico Commonwealth","Ponce Municipio",1,43,1549,737,812
050,72,113,"Puerto Rico Commonwealth","Ponce Municipio",1,44,1527,730,797
050,72,113,"Puerto Rico Commonwealth","Ponce Municipio",1,45,1530,737,793
050,72,113,"Puerto Rico Commonwealth","Ponce Municipio",1,46,1539,744,795
050,72,113,"Puerto Rico Commonwealth","Ponce Municipio",1,47,1542,754,788
050,72,113,"Puerto Rico Commonwealth","Ponce Municipio",1,48,1606,771,835
050,72,113,"Puerto Rico Commonwealth","Ponce Municipio",1,49,1603,770,833
050,72,113,"Puerto Rico Commonwealth","Ponce Municipio",1,50,1591,778,813
050,72,113,"Puerto Rico Commonwealth","Ponce Municipio",1,51,1516,711,805
050,72,113,"Puerto Rico Commonwealth","Ponce Municipio",1,52,1515,698,817
050,72,113,"Puerto Rico Commonwealth","Ponce Municipio",1,53,1655,754,901
050,72,113,"Puerto Rico Commonwealth","Ponce Municipio",1,54,1750,795,955
050,72,113,"Puerto Rico Commonwealth","Ponce Municipio",1,55,1762,797,965
050,72,113,"Puerto Rico Commonwealth","Ponce Municipio",1,56,1727,755,972
050,72,113,"Puerto Rico Commonwealth","Ponce Municipio",1,57,1728,781,947
050,72,113,"Puerto Rico Commonwealth","Ponce Municipio",1,58,1749,756,993
050,72,113,"Puerto Rico Commonwealth","Ponce Municipio",1,59,1828,794,1034
050,72,113,"Puerto Rico Commonwealth","Ponce Municipio",1,60,1870,824,1046
050,72,113,"Puerto Rico Commonwealth","Ponce Municipio",1,61,1871,851,1020
050,72,113,"Puerto Rico Commonwealth","Ponce Municipio",1,62,1811,815,996
050,72,113,"Puerto Rico Commonwealth","Ponce Municipio",1,63,1859,820,1039
050,72,113,"Puerto Rico Commonwealth","Ponce Municipio",1,64,1879,823,1056
050,72,113,"Puerto Rico Commonwealth","Ponce Municipio",1,65,1859,821,1038
050,72,113,"Puerto Rico Commonwealth","Ponce Municipio",1,66,1798,781,1017
050,72,113,"Puerto Rico Commonwealth","Ponce Municipio",1,67,1754,764,990
050,72,113,"Puerto Rico Commonwealth","Ponce Municipio",1,68,1714,774,940
050,72,113,"Puerto Rico Commonwealth","Ponce Municipio",1,69,1751,791,960
050,72,113,"Puerto Rico Commonwealth","Ponce Municipio",1,70,1786,777,1009
050,72,113,"Puerto Rico Commonwealth","Ponce Municipio",1,71,1705,774,931
050,72,113,"Puerto Rico Commonwealth","Ponce Municipio",1,72,1685,750,935
050,72,113,"Puerto Rico Commonwealth","Ponce Municipio",1,73,1649,710,939
050,72,113,"Puerto Rico Commonwealth","Ponce Municipio",1,74,1585,685,900
050,72,113,"Puerto Rico Commonwealth","Ponce Municipio",1,75,1455,642,813
050,72,113,"Puerto Rico Commonwealth","Ponce Municipio",1,76,1313,589,724
050,72,113,"Puerto Rico Commonwealth","Ponce Municipio",1,77,1208,530,678
050,72,113,"Puerto Rico Commonwealth","Ponce Municipio",1,78,1154,497,657
050,72,113,"Puerto Rico Commonwealth","Ponce Municipio",1,79,1104,447,657
050,72,113,"Puerto Rico Commonwealth","Ponce Municipio",1,80,1034,428,606
050,72,113,"Puerto Rico Commonwealth","Ponce Municipio",1,81,954,379,575
050,72,113,"Puerto Rico Commonwealth","Ponce Municipio",1,82,904,367,537
050,72,113,"Puerto Rico Commonwealth","Ponce Municipio",1,83,857,371,486
050,72,113,"Puerto Rico Commonwealth","Ponce Municipio",1,84,765,328,437
050,72,113,"Puerto Rico Commonwealth","Ponce Municipio",1,85,4403,1611,2792
050,72,113,"Puerto Rico Commonwealth","Ponce Municipio",2,0,886,444,442
050,72,113,"Puerto Rico Commonwealth","Ponce Municipio",2,1,981,506,475
050,72,113,"Puerto Rico Commonwealth","Ponce Municipio",2,2,1004,526,478
050,72,113,"Puerto Rico Commonwealth","Ponce Municipio",2,3,1085,572,513
050,72,113,"Puerto Rico Commonwealth","Ponce Municipio",2,4,1208,606,602
050,72,113,"Puerto Rico Commonwealth","Ponce Municipio",2,5,1295,652,643
050,72,113,"Puerto Rico Commonwealth","Ponce Municipio",2,6,1366,705,661
050,72,113,"Puerto Rico Commonwealth","Ponce Municipio",2,7,1447,754,693
050,72,113,"Puerto Rico Commonwealth","Ponce Municipio",2,8,1442,735,707
050,72,113,"Puerto Rico Commonwealth","Ponce Municipio",2,9,1419,723,696
050,72,113,"Puerto Rico Commonwealth","Ponce Municipio",2,10,1524,764,760
050,72,113,"Puerto Rico Commonwealth","Ponce Municipio",2,11,1532,766,766
050,72,113,"Puerto Rico Commonwealth","Ponce Municipio",2,12,1537,776,761
050,72,113,"Puerto Rico Commonwealth","Ponce Municipio",2,13,1587,810,777
050,72,113,"Puerto Rico Commonwealth","Ponce Municipio",2,14,1638,838,800
050,72,113,"Puerto Rico Commonwealth","Ponce Municipio",2,15,1633,814,819
050,72,113,"Puerto Rico Commonwealth","Ponce Municipio",2,16,1604,808,796
050,72,113,"Puerto Rico Commonwealth","Ponce Municipio",2,17,1594,812,782
050,72,113,"Puerto Rico Commonwealth","Ponce Municipio",2,18,1705,872,833
050,72,113,"Puerto Rico Commonwealth","Ponce Municipio",2,19,1875,990,885
050,72,113,"Puerto Rico Commonwealth","Ponce Municipio",2,20,1952,1040,912
050,72,113,"Puerto Rico Commonwealth","Ponce Municipio",2,21,1877,989,888
050,72,113,"Puerto Rico Commonwealth","Ponce Municipio",2,22,1925,1032,893
050,72,113,"Puerto Rico Commonwealth","Ponce Municipio",2,23,1937,1049,888
050,72,113,"Puerto Rico Commonwealth","Ponce Municipio",2,24,1951,1052,899
050,72,113,"Puerto Rico Commonwealth","Ponce Municipio",2,25,1908,1029,879
050,72,113,"Puerto Rico Commonwealth","Ponce Municipio",2,26,1940,1044,896
050,72,113,"Puerto Rico Commonwealth","Ponce Municipio",2,27,1872,996,876
050,72,113,"Puerto Rico Commonwealth","Ponce Municipio",2,28,1873,994,879
050,72,113,"Puerto Rico Commonwealth","Ponce Municipio",2,29,1878,997,881
050,72,113,"Puerto Rico Commonwealth","Ponce Municipio",2,30,1825,962,863
050,72,113,"Puerto Rico Commonwealth","Ponce Municipio",2,31,1715,900,815
050,72,113,"Puerto Rico Commonwealth","Ponce Municipio",2,32,1582,804,778
050,72,113,"Puerto Rico Commonwealth","Ponce Municipio",2,33,1547,773,774
050,72,113,"Puerto Rico Commonwealth","Ponce Municipio",2,34,1524,746,778
050,72,113,"Puerto Rico Commonwealth","Ponce Municipio",2,35,1463,713,750
050,72,113,"Puerto Rico Commonwealth","Ponce Municipio",2,36,1417,693,724
050,72,113,"Puerto Rico Commonwealth","Ponce Municipio",2,37,1441,710,731
050,72,113,"Puerto Rico Commonwealth","Ponce Municipio",2,38,1488,722,766
050,72,113,"Puerto Rico Commonwealth","Ponce Municipio",2,39,1549,757,792
050,72,113,"Puerto Rico Commonwealth","Ponce Municipio",2,40,1575,766,809
050,72,113,"Puerto Rico Commonwealth","Ponce Municipio",2,41,1490,707,783
050,72,113,"Puerto Rico Commonwealth","Ponce Municipio",2,42,1527,735,792
050,72,113,"Puerto Rico Commonwealth","Ponce Municipio",2,43,1546,739,807
050,72,113,"Puerto Rico Commonwealth","Ponce Municipio",2,44,1527,728,799
050,72,113,"Puerto Rico Commonwealth","Ponce Municipio",2,45,1522,731,791
050,72,113,"Puerto Rico Commonwealth","Ponce Municipio",2,46,1535,741,794
050,72,113,"Puerto Rico Commonwealth","Ponce Municipio",2,47,1537,749,788
050,72,113,"Puerto Rico Commonwealth","Ponce Municipio",2,48,1588,765,823
050,72,113,"Puerto Rico Commonwealth","Ponce Municipio",2,49,1597,765,832
050,72,113,"Puerto Rico Commonwealth","Ponce Municipio",2,50,1589,772,817
050,72,113,"Puerto Rico Commonwealth","Ponce Municipio",2,51,1532,726,806
050,72,113,"Puerto Rico Commonwealth","Ponce Municipio",2,52,1509,696,813
050,72,113,"Puerto Rico Commonwealth","Ponce Municipio",2,53,1615,737,878
050,72,113,"Puerto Rico Commonwealth","Ponce Municipio",2,54,1725,784,941
050,72,113,"Puerto Rico Commonwealth","Ponce Municipio",2,55,1752,793,959
050,72,113,"Puerto Rico Commonwealth","Ponce Municipio",2,56,1733,764,969
050,72,113,"Puerto Rico Commonwealth","Ponce Municipio",2,57,1721,771,950
050,72,113,"Puerto Rico Commonwealth","Ponce Municipio",2,58,1739,760,979
050,72,113,"Puerto Rico Commonwealth","Ponce Municipio",2,59,1805,782,1023
050,72,113,"Puerto Rico Commonwealth","Ponce Municipio",2,60,1855,815,1040
050,72,113,"Puerto Rico Commonwealth","Ponce Municipio",2,61,1867,842,1025
050,72,113,"Puerto Rico Commonwealth","Ponce Municipio",2,62,1819,818,1001
050,72,113,"Puerto Rico Commonwealth","Ponce Municipio",2,63,1844,816,1028
050,72,113,"Puerto Rico Commonwealth","Ponce Municipio",2,64,1866,815,1051
050,72,113,"Puerto Rico Commonwealth","Ponce Municipio",2,65,1855,817,1038
050,72,113,"Puerto Rico Commonwealth","Ponce Municipio",2,66,1808,788,1020
050,72,113,"Puerto Rico Commonwealth","Ponce Municipio",2,67,1757,764,993
050,72,113,"Puerto Rico Commonwealth","Ponce Municipio",2,68,1716,766,950
050,72,113,"Puerto Rico Commonwealth","Ponce Municipio",2,69,1742,788,954
050,72,113,"Puerto Rico Commonwealth","Ponce Municipio",2,70,1774,779,995
050,72,113,"Puerto Rico Commonwealth","Ponce Municipio",2,71,1720,770,950
050,72,113,"Puerto Rico Commonwealth","Ponce Municipio",2,72,1683,750,933
050,72,113,"Puerto Rico Commonwealth","Ponce Municipio",2,73,1650,716,934
050,72,113,"Puerto Rico Commonwealth","Ponce Municipio",2,74,1596,687,909
050,72,113,"Puerto Rico Commonwealth","Ponce Municipio",2,75,1480,650,830
050,72,113,"Puerto Rico Commonwealth","Ponce Municipio",2,76,1343,599,744
050,72,113,"Puerto Rico Commonwealth","Ponce Municipio",2,77,1231,541,690
050,72,113,"Puerto Rico Commonwealth","Ponce Municipio",2,78,1155,499,656
050,72,113,"Puerto Rico Commonwealth","Ponce Municipio",2,79,1113,459,654
050,72,113,"Puerto Rico Commonwealth","Ponce Municipio",2,80,1039,425,614
050,72,113,"Puerto Rico Commonwealth","Ponce Municipio",2,81,968,388,580
050,72,113,"Puerto Rico Commonwealth","Ponce Municipio",2,82,909,364,545
050,72,113,"Puerto Rico Commonwealth","Ponce Municipio",2,83,861,369,492
050,72,113,"Puerto Rico Commonwealth","Ponce Municipio",2,84,779,333,446
050,72,113,"Puerto Rico Commonwealth","Ponce Municipio",2,85,4529,1659,2870
050,72,113,"Puerto Rico Commonwealth","Ponce Municipio",3,0,814,422,392
050,72,113,"Puerto Rico Commonwealth","Ponce Municipio",3,1,880,440,440
050,72,113,"Puerto Rico Commonwealth","Ponce Municipio",3,2,971,501,470
050,72,113,"Puerto Rico Commonwealth","Ponce Municipio",3,3,992,519,473
050,72,113,"Puerto Rico Commonwealth","Ponce Municipio",3,4,1072,566,506
050,72,113,"Puerto Rico Commonwealth","Ponce Municipio",3,5,1194,599,595
050,72,113,"Puerto Rico Commonwealth","Ponce Municipio",3,6,1279,643,636
050,72,113,"Puerto Rico Commonwealth","Ponce Municipio",3,7,1351,697,654
050,72,113,"Puerto Rico Commonwealth","Ponce Municipio",3,8,1435,748,687
050,72,113,"Puerto Rico Commonwealth","Ponce Municipio",3,9,1430,728,702
050,72,113,"Puerto Rico Commonwealth","Ponce Municipio",3,10,1405,716,689
050,72,113,"Puerto Rico Commonwealth","Ponce Municipio",3,11,1510,758,752
050,72,113,"Puerto Rico Commonwealth","Ponce Municipio",3,12,1520,759,761
050,72,113,"Puerto Rico Commonwealth","Ponce Municipio",3,13,1531,774,757
050,72,113,"Puerto Rico Commonwealth","Ponce Municipio",3,14,1578,806,772
050,72,113,"Puerto Rico Commonwealth","Ponce Municipio",3,15,1628,833,795
050,72,113,"Puerto Rico Commonwealth","Ponce Municipio",3,16,1627,815,812
050,72,113,"Puerto Rico Commonwealth","Ponce Municipio",3,17,1596,808,788
050,72,113,"Puerto Rico Commonwealth","Ponce Municipio",3,18,1622,828,794
050,72,113,"Puerto Rico Commonwealth","Ponce Municipio",3,19,1684,882,802
050,72,113,"Puerto Rico Commonwealth","Ponce Municipio",3,20,1882,1014,868
050,72,113,"Puerto Rico Commonwealth","Ponce Municipio",3,21,1864,967,897
050,72,113,"Puerto Rico Commonwealth","Ponce Municipio",3,22,1870,992,878
050,72,113,"Puerto Rico Commonwealth","Ponce Municipio",3,23,1875,1005,870
050,72,113,"Puerto Rico Commonwealth","Ponce Municipio",3,24,1919,1050,869
050,72,113,"Puerto Rico Commonwealth","Ponce Municipio",3,25,1898,1015,883
050,72,113,"Puerto Rico Commonwealth","Ponce Municipio",3,26,1856,997,859
050,72,113,"Puerto Rico Commonwealth","Ponce Municipio",3,27,1880,1000,880
050,72,113,"Puerto Rico Commonwealth","Ponce Municipio",3,28,1821,967,854
050,72,113,"Puerto Rico Commonwealth","Ponce Municipio",3,29,1803,939,864
050,72,113,"Puerto Rico Commonwealth","Ponce Municipio",3,30,1826,964,862
050,72,113,"Puerto Rico Commonwealth","Ponce Municipio",3,31,1775,930,845
050,72,113,"Puerto Rico Commonwealth","Ponce Municipio",3,32,1666,865,801
050,72,113,"Puerto Rico Commonwealth","Ponce Municipio",3,33,1509,745,764
050,72,113,"Puerto Rico Commonwealth","Ponce Municipio",3,34,1505,737,768
050,72,113,"Puerto Rico Commonwealth","Ponce Municipio",3,35,1474,706,768
050,72,113,"Puerto Rico Commonwealth","Ponce Municipio",3,36,1420,683,737
050,72,113,"Puerto Rico Commonwealth","Ponce Municipio",3,37,1376,662,714
050,72,113,"Puerto Rico Commonwealth","Ponce Municipio",3,38,1388,666,722
050,72,113,"Puerto Rico Commonwealth","Ponce Municipio",3,39,1454,697,757
050,72,113,"Puerto Rico Commonwealth","Ponce Municipio",3,40,1502,716,786
050,72,113,"Puerto Rico Commonwealth","Ponce Municipio",3,41,1514,711,803
050,72,113,"Puerto Rico Commonwealth","Ponce Municipio",3,42,1462,688,774
050,72,113,"Puerto Rico Commonwealth","Ponce Municipio",3,43,1496,713,783
050,72,113,"Puerto Rico Commonwealth","Ponce Municipio",3,44,1536,734,802
050,72,113,"Puerto Rico Commonwealth","Ponce Municipio",3,45,1487,691,796
050,72,113,"Puerto Rico Commonwealth","Ponce Municipio",3,46,1499,717,782
050,72,113,"Puerto Rico Commonwealth","Ponce Municipio",3,47,1484,700,784
050,72,113,"Puerto Rico Commonwealth","Ponce Municipio",3,48,1519,733,786
050,72,113,"Puerto Rico Commonwealth","Ponce Municipio",3,49,1551,737,814
050,72,113,"Puerto Rico Commonwealth","Ponce Municipio",3,50,1587,758,829
050,72,113,"Puerto Rico Commonwealth","Ponce Municipio",3,51,1539,731,808
050,72,113,"Puerto Rico Commonwealth","Ponce Municipio",3,52,1519,719,800
050,72,113,"Puerto Rico Commonwealth","Ponce Municipio",3,53,1486,678,808
050,72,113,"Puerto Rico Commonwealth","Ponce Municipio",3,54,1590,717,873
050,72,113,"Puerto Rico Commonwealth","Ponce Municipio",3,55,1697,759,938
050,72,113,"Puerto Rico Commonwealth","Ponce Municipio",3,56,1724,773,951
050,72,113,"Puerto Rico Commonwealth","Ponce Municipio",3,57,1717,758,959
050,72,113,"Puerto Rico Commonwealth","Ponce Municipio",3,58,1698,755,943
050,72,113,"Puerto Rico Commonwealth","Ponce Municipio",3,59,1726,756,970
050,72,113,"Puerto Rico Commonwealth","Ponce Municipio",3,60,1779,761,1018
050,72,113,"Puerto Rico Commonwealth","Ponce Municipio",3,61,1823,796,1027
050,72,113,"Puerto Rico Commonwealth","Ponce Municipio",3,62,1851,831,1020
050,72,113,"Puerto Rico Commonwealth","Ponce Municipio",3,63,1792,795,997
050,72,113,"Puerto Rico Commonwealth","Ponce Municipio",3,64,1804,793,1011
050,72,113,"Puerto Rico Commonwealth","Ponce Municipio",3,65,1838,804,1034
050,72,113,"Puerto Rico Commonwealth","Ponce Municipio",3,66,1811,786,1025
050,72,113,"Puerto Rico Commonwealth","Ponce Municipio",3,67,1786,774,1012
050,72,113,"Puerto Rico Commonwealth","Ponce Municipio",3,68,1727,751,976
050,72,113,"Puerto Rico Commonwealth","Ponce Municipio",3,69,1682,751,931
050,72,113,"Puerto Rico Commonwealth","Ponce Municipio",3,70,1708,769,939
050,72,113,"Puerto Rico Commonwealth","Ponce Municipio",3,71,1740,765,975
050,72,113,"Puerto Rico Commonwealth","Ponce Municipio",3,72,1681,745,936
050,72,113,"Puerto Rico Commonwealth","Ponce Municipio",3,73,1642,728,914
050,72,113,"Puerto Rico Commonwealth","Ponce Municipio",3,74,1608,703,905
050,72,113,"Puerto Rico Commonwealth","Ponce Municipio",3,75,1559,663,896
050,72,113,"Puerto Rico Commonwealth","Ponce Municipio",3,76,1435,624,811
050,72,113,"Puerto Rico Commonwealth","Ponce Municipio",3,77,1295,576,719
050,72,113,"Puerto Rico Commonwealth","Ponce Municipio",3,78,1182,518,664
050,72,113,"Puerto Rico Commonwealth","Ponce Municipio",3,79,1114,477,637
050,72,113,"Puerto Rico Commonwealth","Ponce Municipio",3,80,1064,443,621
050,72,113,"Puerto Rico Commonwealth","Ponce Municipio",3,81,981,391,590
050,72,113,"Puerto Rico Commonwealth","Ponce Municipio",3,82,925,365,560
050,72,113,"Puerto Rico Commonwealth","Ponce Municipio",3,83,859,332,527
050,72,113,"Puerto Rico Commonwealth","Ponce Municipio",3,84,816,352,464
050,72,113,"Puerto Rico Commonwealth","Ponce Municipio",3,85,4737,1761,2976
050,72,113,"Puerto Rico Commonwealth","Ponce Municipio",4,0,822,422,400
050,72,113,"Puerto Rico Commonwealth","Ponce Municipio",4,1,794,412,382
050,72,113,"Puerto Rico Commonwealth","Ponce Municipio",4,2,855,428,427
050,72,113,"Puerto Rico Commonwealth","Ponce Municipio",4,3,945,487,458
050,72,113,"Puerto Rico Commonwealth","Ponce Municipio",4,4,966,505,461
050,72,113,"Puerto Rico Commonwealth","Ponce Municipio",4,5,1044,552,492
050,72,113,"Puerto Rico Commonwealth","Ponce Municipio",4,6,1164,583,581
050,72,113,"Puerto Rico Commonwealth","Ponce Municipio",4,7,1249,627,622
050,72,113,"Puerto Rico Commonwealth","Ponce Municipio",4,8,1321,681,640
050,72,113,"Puerto Rico Commonwealth","Ponce Municipio",4,9,1406,732,674
050,72,113,"Puerto Rico Commonwealth","Ponce Municipio",4,10,1402,713,689
050,72,113,"Puerto Rico Commonwealth","Ponce Municipio",4,11,1374,700,674
050,72,113,"Puerto Rico Commonwealth","Ponce Municipio",4,12,1480,741,739
050,72,113,"Puerto Rico Commonwealth","Ponce Municipio",4,13,1497,748,749
050,72,113,"Puerto Rico Commonwealth","Ponce Municipio",4,14,1504,760,744
050,72,113,"Puerto Rico Commonwealth","Ponce Municipio",4,15,1550,791,759
050,72,113,"Puerto Rico Commonwealth","Ponce Municipio",4,16,1603,824,779
050,72,113,"Puerto Rico Commonwealth","Ponce Municipio",4,17,1600,805,795
050,72,113,"Puerto Rico Commonwealth","Ponce Municipio",4,18,1603,812,791
050,72,113,"Puerto Rico Commonwealth","Ponce Municipio",4,19,1589,834,755
050,72,113,"Puerto Rico Commonwealth","Ponce Municipio",4,20,1681,908,773
050,72,113,"Puerto Rico Commonwealth","Ponce Municipio",4,21,1797,954,843
050,72,113,"Puerto Rico Commonwealth","Ponce Municipio",4,22,1847,970,877
050,72,113,"Puerto Rico Commonwealth","Ponce Municipio",4,23,1817,972,845
050,72,113,"Puerto Rico Commonwealth","Ponce Municipio",4,24,1854,1011,843
050,72,113,"Puerto Rico Commonwealth","Ponce Municipio",4,25,1872,1029,843
050,72,113,"Puerto Rico Commonwealth","Ponce Municipio",4,26,1853,998,855
050,72,113,"Puerto Rico Commonwealth","Ponce Municipio",4,27,1799,965,834
050,72,113,"Puerto Rico Commonwealth","Ponce Municipio",4,28,1832,982,850
050,72,113,"Puerto Rico Commonwealth","Ponce Municipio",4,29,1755,925,830
050,72,113,"Puerto Rico Commonwealth","Ponce Municipio",4,30,1748,914,834
050,72,113,"Puerto Rico Commonwealth","Ponce Municipio",4,31,1781,948,833
050,72,113,"Puerto Rico Commonwealth","Ponce Municipio",4,32,1729,907,822
050,72,113,"Puerto Rico Commonwealth","Ponce Municipio",4,33,1600,821,779
050,72,113,"Puerto Rico Commonwealth","Ponce Municipio",4,34,1471,721,750
050,72,113,"Puerto Rico Commonwealth","Ponce Municipio",4,35,1462,712,750
050,72,113,"Puerto Rico Commonwealth","Ponce Municipio",4,36,1436,690,746
050,72,113,"Puerto Rico Commonwealth","Ponce Municipio",4,37,1390,669,721
050,72,113,"Puerto Rico Commonwealth","Ponce Municipio",4,38,1333,633,700
050,72,113,"Puerto Rico Commonwealth","Ponce Municipio",4,39,1362,654,708
050,72,113,"Puerto Rico Commonwealth","Ponce Municipio",4,40,1421,676,745
050,72,113,"Puerto Rico Commonwealth","Ponce Municipio",4,41,1442,673,769
050,72,113,"Puerto Rico Commonwealth","Ponce Municipio",4,42,1484,694,790
050,72,113,"Puerto Rico Commonwealth","Ponce Municipio",4,43,1429,671,758
050,72,113,"Puerto Rico Commonwealth","Ponce Municipio",4,44,1482,712,770
050,72,113,"Puerto Rico Commonwealth","Ponce Municipio",4,45,1500,708,792
050,72,113,"Puerto Rico Commonwealth","Ponce Municipio",4,46,1468,685,783
050,72,113,"Puerto Rico Commonwealth","Ponce Municipio",4,47,1449,682,767
050,72,113,"Puerto Rico Commonwealth","Ponce Municipio",4,48,1469,688,781
050,72,113,"Puerto Rico Commonwealth","Ponce Municipio",4,49,1481,711,770
050,72,113,"Puerto Rico Commonwealth","Ponce Municipio",4,50,1547,740,807
050,72,113,"Puerto Rico Commonwealth","Ponce Municipio",4,51,1539,723,816
050,72,113,"Puerto Rico Commonwealth","Ponce Municipio",4,52,1521,723,798
050,72,113,"Puerto Rico Commonwealth","Ponce Municipio",4,53,1498,707,791
050,72,113,"Puerto Rico Commonwealth","Ponce Municipio",4,54,1469,670,799
050,72,113,"Puerto Rico Commonwealth","Ponce Municipio",4,55,1562,697,865
050,72,113,"Puerto Rico Commonwealth","Ponce Municipio",4,56,1664,742,922
050,72,113,"Puerto Rico Commonwealth","Ponce Municipio",4,57,1703,767,936
050,72,113,"Puerto Rico Commonwealth","Ponce Municipio",4,58,1695,742,953
050,72,113,"Puerto Rico Commonwealth","Ponce Municipio",4,59,1685,751,934
050,72,113,"Puerto Rico Commonwealth","Ponce Municipio",4,60,1694,737,957
050,72,113,"Puerto Rico Commonwealth","Ponce Municipio",4,61,1753,746,1007
050,72,113,"Puerto Rico Commonwealth","Ponce Municipio",4,62,1810,789,1021
050,72,113,"Puerto Rico Commonwealth","Ponce Municipio",4,63,1816,808,1008
050,72,113,"Puerto Rico Commonwealth","Ponce Municipio",4,64,1765,785,980
050,72,113,"Puerto Rico Commonwealth","Ponce Municipio",4,65,1777,784,993
050,72,113,"Puerto Rico Commonwealth","Ponce Municipio",4,66,1791,770,1021
050,72,113,"Puerto Rico Commonwealth","Ponce Municipio",4,67,1782,765,1017
050,72,113,"Puerto Rico Commonwealth","Ponce Municipio",4,68,1752,754,998
050,72,113,"Puerto Rico Commonwealth","Ponce Municipio",4,69,1688,733,955
050,72,113,"Puerto Rico Commonwealth","Ponce Municipio",4,70,1637,723,914
050,72,113,"Puerto Rico Commonwealth","Ponce Municipio",4,71,1667,749,918
050,72,113,"Puerto Rico Commonwealth","Ponce Municipio",4,72,1690,732,958
050,72,113,"Puerto Rico Commonwealth","Ponce Municipio",4,73,1639,721,918
050,72,113,"Puerto Rico Commonwealth","Ponce Municipio",4,74,1600,715,885
050,72,113,"Puerto Rico Commonwealth","Ponce Municipio",4,75,1560,683,877
050,72,113,"Puerto Rico Commonwealth","Ponce Municipio",4,76,1497,627,870
050,72,113,"Puerto Rico Commonwealth","Ponce Municipio",4,77,1400,605,795
050,72,113,"Puerto Rico Commonwealth","Ponce Municipio",4,78,1251,555,696
050,72,113,"Puerto Rico Commonwealth","Ponce Municipio",4,79,1141,487,654
050,72,113,"Puerto Rico Commonwealth","Ponce Municipio",4,80,1067,458,609
050,72,113,"Puerto Rico Commonwealth","Ponce Municipio",4,81,1014,412,602
050,72,113,"Puerto Rico Commonwealth","Ponce Municipio",4,82,935,370,565
050,72,113,"Puerto Rico Commonwealth","Ponce Municipio",4,83,871,331,540
050,72,113,"Puerto Rico Commonwealth","Ponce Municipio",4,84,811,315,496
050,72,113,"Puerto Rico Commonwealth","Ponce Municipio",4,85,5011,1882,3129
050,72,113,"Puerto Rico Commonwealth","Ponce Municipio",5,0,782,408,374
050,72,113,"Puerto Rico Commonwealth","Ponce Municipio",5,1,817,419,398
050,72,113,"Puerto Rico Commonwealth","Ponce Municipio",5,2,788,410,378
050,72,113,"Puerto Rico Commonwealth","Ponce Municipio",5,3,847,423,424
050,72,113,"Puerto Rico Commonwealth","Ponce Municipio",5,4,938,483,455
050,72,113,"Puerto Rico Commonwealth","Ponce Municipio",5,5,957,500,457
050,72,113,"Puerto Rico Commonwealth","Ponce Municipio",5,6,1033,546,487
050,72,113,"Puerto Rico Commonwealth","Ponce Municipio",5,7,1155,578,577
050,72,113,"Puerto Rico Commonwealth","Ponce Municipio",5,8,1240,622,618
050,72,113,"Puerto Rico Commonwealth","Ponce Municipio",5,9,1311,675,636
050,72,113,"Puerto Rico Commonwealth","Ponce Municipio",5,10,1398,728,670
050,72,113,"Puerto Rico Commonwealth","Ponce Municipio",5,11,1394,709,685
050,72,113,"Puerto Rico Commonwealth","Ponce Municipio",5,12,1366,696,670
050,72,113,"Puerto Rico Commonwealth","Ponce Municipio",5,13,1479,742,737
050,72,113,"Puerto Rico Commonwealth","Ponce Municipio",5,14,1492,746,746
050,72,113,"Puerto Rico Commonwealth","Ponce Municipio",5,15,1500,758,742
050,72,113,"Puerto Rico Commonwealth","Ponce Municipio",5,16,1546,792,754
050,72,113,"Puerto Rico Commonwealth","Ponce Municipio",5,17,1599,826,773
050,72,113,"Puerto Rico Commonwealth","Ponce Municipio",5,18,1633,823,810
050,72,113,"Puerto Rico Commonwealth","Ponce Municipio",5,19,1595,831,764
050,72,113,"Puerto Rico Commonwealth","Ponce Municipio",5,20,1613,872,741
050,72,113,"Puerto Rico Commonwealth","Ponce Municipio",5,21,1623,863,760
050,72,113,"Puerto Rico Commonwealth","Ponce Municipio",5,22,1808,973,835
050,72,113,"Puerto Rico Commonwealth","Ponce Municipio",5,23,1819,962,857
050,72,113,"Puerto Rico Commonwealth","Ponce Municipio",5,24,1820,990,830
050,72,113,"Puerto Rico Commonwealth","Ponce Municipio",5,25,1828,998,830
050,72,113,"Puerto Rico Commonwealth","Ponce Municipio",5,26,1846,1020,826
050,72,113,"Puerto Rico Commonwealth","Ponce Municipio",5,27,1818,976,842
050,72,113,"Puerto Rico Commonwealth","Ponce Municipio",5,28,1769,955,814
050,72,113,"Puerto Rico Commonwealth","Ponce Municipio",5,29,1788,952,836
050,72,113,"Puerto Rico Commonwealth","Ponce Municipio",5,30,1725,915,810
050,72,113,"Puerto Rico Commonwealth","Ponce Municipio",5,31,1719,902,817
050,72,113,"Puerto Rico Commonwealth","Ponce Municipio",5,32,1752,933,819
050,72,113,"Puerto Rico Commonwealth","Ponce Municipio",5,33,1685,873,812
050,72,113,"Puerto Rico Commonwealth","Ponce Municipio",5,34,1584,810,774
050,72,113,"Puerto Rico Commonwealth","Ponce Municipio",5,35,1438,698,740
050,72,113,"Puerto Rico Commonwealth","Ponce Municipio",5,36,1433,697,736
050,72,113,"Puerto Rico Commonwealth","Ponce Municipio",5,37,1416,678,738
050,72,113,"Puerto Rico Commonwealth","Ponce Municipio",5,38,1358,642,716
050,72,113,"Puerto Rico Commonwealth","Ponce Municipio",5,39,1318,626,692
050,72,113,"Puerto Rico Commonwealth","Ponce Municipio",5,40,1331,628,703
050,72,113,"Puerto Rico Commonwealth","Ponce Municipio",5,41,1370,631,739
050,72,113,"Puerto Rico Commonwealth","Ponce Municipio",5,42,1429,664,765
050,72,113,"Puerto Rico Commonwealth","Ponce Municipio",5,43,1465,681,784
050,72,113,"Puerto Rico Commonwealth","Ponce Municipio",5,44,1423,670,753
050,72,113,"Puerto Rico Commonwealth","Ponce Municipio",5,45,1449,682,767
050,72,113,"Puerto Rico Commonwealth","Ponce Municipio",5,46,1482,698,784
050,72,113,"Puerto Rico Commonwealth","Ponce Municipio",5,47,1424,649,775
050,72,113,"Puerto Rico Commonwealth","Ponce Municipio",5,48,1439,673,766
050,72,113,"Puerto Rico Commonwealth","Ponce Municipio",5,49,1433,663,770
050,72,113,"Puerto Rico Commonwealth","Ponce Municipio",5,50,1477,706,771
050,72,113,"Puerto Rico Commonwealth","Ponce Municipio",5,51,1501,702,799
050,72,113,"Puerto Rico Commonwealth","Ponce Municipio",5,52,1525,715,810
050,72,113,"Puerto Rico Commonwealth","Ponce Municipio",5,53,1493,703,790
050,72,113,"Puerto Rico Commonwealth","Ponce Municipio",5,54,1482,695,787
050,72,113,"Puerto Rico Commonwealth","Ponce Municipio",5,55,1443,651,792
050,72,113,"Puerto Rico Commonwealth","Ponce Municipio",5,56,1534,677,857
050,72,113,"Puerto Rico Commonwealth","Ponce Municipio",5,57,1638,729,909
050,72,113,"Puerto Rico Commonwealth","Ponce Municipio",5,58,1683,752,931
050,72,113,"Puerto Rico Commonwealth","Ponce Municipio",5,59,1684,738,946
050,72,113,"Puerto Rico Commonwealth","Ponce Municipio",5,60,1657,731,926
050,72,113,"Puerto Rico Commonwealth","Ponce Municipio",5,61,1668,717,951
050,72,113,"Puerto Rico Commonwealth","Ponce Municipio",5,62,1740,739,1001
050,72,113,"Puerto Rico Commonwealth","Ponce Municipio",5,63,1773,759,1014
050,72,113,"Puerto Rico Commonwealth","Ponce Municipio",5,64,1791,794,997
050,72,113,"Puerto Rico Commonwealth","Ponce Municipio",5,65,1746,776,970
050,72,113,"Puerto Rico Commonwealth","Ponce Municipio",5,66,1740,756,984
050,72,113,"Puerto Rico Commonwealth","Ponce Municipio",5,67,1764,752,1012
050,72,113,"Puerto Rico Commonwealth","Ponce Municipio",5,68,1752,753,999
050,72,113,"Puerto Rico Commonwealth","Ponce Municipio",5,69,1726,742,984
050,72,113,"Puerto Rico Commonwealth","Ponce Municipio",5,70,1653,712,941
050,72,113,"Puerto Rico Commonwealth","Ponce Municipio",5,71,1599,698,901
050,72,113,"Puerto Rico Commonwealth","Ponce Municipio",5,72,1626,728,898
050,72,113,"Puerto Rico Commonwealth","Ponce Municipio",5,73,1651,712,939
050,72,113,"Puerto Rico Commonwealth","Ponce Municipio",5,74,1596,707,889
050,72,113,"Puerto Rico Commonwealth","Ponce Municipio",5,75,1563,692,871
050,72,113,"Puerto Rico Commonwealth","Ponce Municipio",5,76,1495,642,853
050,72,113,"Puerto Rico Commonwealth","Ponce Municipio",5,77,1454,603,851
050,72,113,"Puerto Rico Commonwealth","Ponce Municipio",5,78,1350,582,768
050,72,113,"Puerto Rico Commonwealth","Ponce Municipio",5,79,1213,533,680
050,72,113,"Puerto Rico Commonwealth","Ponce Municipio",5,80,1083,466,617
050,72,113,"Puerto Rico Commonwealth","Ponce Municipio",5,81,1011,434,577
050,72,113,"Puerto Rico Commonwealth","Ponce Municipio",5,82,958,388,570
050,72,113,"Puerto Rico Commonwealth","Ponce Municipio",5,83,891,347,544
050,72,113,"Puerto Rico Commonwealth","Ponce Municipio",5,84,834,319,515
050,72,113,"Puerto Rico Commonwealth","Ponce Municipio",5,85,5182,1946,3236
050,72,115,"Puerto Rico Commonwealth","Quebradillas Municipio",1,0,149,78,71
050,72,115,"Puerto Rico Commonwealth","Quebradillas Municipio",1,1,169,94,75
050,72,115,"Puerto Rico Commonwealth","Quebradillas Municipio",1,2,153,76,77
050,72,115,"Puerto Rico Commonwealth","Quebradillas Municipio",1,3,160,79,81
050,72,115,"Puerto Rico Commonwealth","Quebradillas Municipio",1,4,178,91,87
050,72,115,"Puerto Rico Commonwealth","Quebradillas Municipio",1,5,201,95,106
050,72,115,"Puerto Rico Commonwealth","Quebradillas Municipio",1,6,213,101,112
050,72,115,"Puerto Rico Commonwealth","Quebradillas Municipio",1,7,237,110,127
050,72,115,"Puerto Rico Commonwealth","Quebradillas Municipio",1,8,260,128,132
050,72,115,"Puerto Rico Commonwealth","Quebradillas Municipio",1,9,262,140,122
050,72,115,"Puerto Rico Commonwealth","Quebradillas Municipio",1,10,251,127,124
050,72,115,"Puerto Rico Commonwealth","Quebradillas Municipio",1,11,264,128,136
050,72,115,"Puerto Rico Commonwealth","Quebradillas Municipio",1,12,265,130,135
050,72,115,"Puerto Rico Commonwealth","Quebradillas Municipio",1,13,265,137,128
050,72,115,"Puerto Rico Commonwealth","Quebradillas Municipio",1,14,279,154,125
050,72,115,"Puerto Rico Commonwealth","Quebradillas Municipio",1,15,301,166,135
050,72,115,"Puerto Rico Commonwealth","Quebradillas Municipio",1,16,301,161,140
050,72,115,"Puerto Rico Commonwealth","Quebradillas Municipio",1,17,298,160,138
050,72,115,"Puerto Rico Commonwealth","Quebradillas Municipio",1,18,302,160,142
050,72,115,"Puerto Rico Commonwealth","Quebradillas Municipio",1,19,308,154,154
050,72,115,"Puerto Rico Commonwealth","Quebradillas Municipio",1,20,309,159,150
050,72,115,"Puerto Rico Commonwealth","Quebradillas Municipio",1,21,279,142,137
050,72,115,"Puerto Rico Commonwealth","Quebradillas Municipio",1,22,289,150,139
050,72,115,"Puerto Rico Commonwealth","Quebradillas Municipio",1,23,306,156,150
050,72,115,"Puerto Rico Commonwealth","Quebradillas Municipio",1,24,315,162,153
050,72,115,"Puerto Rico Commonwealth","Quebradillas Municipio",1,25,314,160,154
050,72,115,"Puerto Rico Commonwealth","Quebradillas Municipio",1,26,320,162,158
050,72,115,"Puerto Rico Commonwealth","Quebradillas Municipio",1,27,311,157,154
050,72,115,"Puerto Rico Commonwealth","Quebradillas Municipio",1,28,311,164,147
050,72,115,"Puerto Rico Commonwealth","Quebradillas Municipio",1,29,332,177,155
050,72,115,"Puerto Rico Commonwealth","Quebradillas Municipio",1,30,343,163,180
050,72,115,"Puerto Rico Commonwealth","Quebradillas Municipio",1,31,298,146,152
050,72,115,"Puerto Rico Commonwealth","Quebradillas Municipio",1,32,271,132,139
050,72,115,"Puerto Rico Commonwealth","Quebradillas Municipio",1,33,246,113,133
050,72,115,"Puerto Rico Commonwealth","Quebradillas Municipio",1,34,245,116,129
050,72,115,"Puerto Rico Commonwealth","Quebradillas Municipio",1,35,248,120,128
050,72,115,"Puerto Rico Commonwealth","Quebradillas Municipio",1,36,252,119,133
050,72,115,"Puerto Rico Commonwealth","Quebradillas Municipio",1,37,276,122,154
050,72,115,"Puerto Rico Commonwealth","Quebradillas Municipio",1,38,296,134,162
050,72,115,"Puerto Rico Commonwealth","Quebradillas Municipio",1,39,300,137,163
050,72,115,"Puerto Rico Commonwealth","Quebradillas Municipio",1,40,323,165,158
050,72,115,"Puerto Rico Commonwealth","Quebradillas Municipio",1,41,305,156,149
050,72,115,"Puerto Rico Commonwealth","Quebradillas Municipio",1,42,296,138,158
050,72,115,"Puerto Rico Commonwealth","Quebradillas Municipio",1,43,296,147,149
050,72,115,"Puerto Rico Commonwealth","Quebradillas Municipio",1,44,302,146,156
050,72,115,"Puerto Rico Commonwealth","Quebradillas Municipio",1,45,296,140,156
050,72,115,"Puerto Rico Commonwealth","Quebradillas Municipio",1,46,279,136,143
050,72,115,"Puerto Rico Commonwealth","Quebradillas Municipio",1,47,294,146,148
050,72,115,"Puerto Rico Commonwealth","Quebradillas Municipio",1,48,292,147,145
050,72,115,"Puerto Rico Commonwealth","Quebradillas Municipio",1,49,314,152,162
050,72,115,"Puerto Rico Commonwealth","Quebradillas Municipio",1,50,326,149,177
050,72,115,"Puerto Rico Commonwealth","Quebradillas Municipio",1,51,296,142,154
050,72,115,"Puerto Rico Commonwealth","Quebradillas Municipio",1,52,310,150,160
050,72,115,"Puerto Rico Commonwealth","Quebradillas Municipio",1,53,326,158,168
050,72,115,"Puerto Rico Commonwealth","Quebradillas Municipio",1,54,345,158,187
050,72,115,"Puerto Rico Commonwealth","Quebradillas Municipio",1,55,353,152,201
050,72,115,"Puerto Rico Commonwealth","Quebradillas Municipio",1,56,354,160,194
050,72,115,"Puerto Rico Commonwealth","Quebradillas Municipio",1,57,333,153,180
050,72,115,"Puerto Rico Commonwealth","Quebradillas Municipio",1,58,326,164,162
050,72,115,"Puerto Rico Commonwealth","Quebradillas Municipio",1,59,343,160,183
050,72,115,"Puerto Rico Commonwealth","Quebradillas Municipio",1,60,348,152,196
050,72,115,"Puerto Rico Commonwealth","Quebradillas Municipio",1,61,325,145,180
050,72,115,"Puerto Rico Commonwealth","Quebradillas Municipio",1,62,302,141,161
050,72,115,"Puerto Rico Commonwealth","Quebradillas Municipio",1,63,290,140,150
050,72,115,"Puerto Rico Commonwealth","Quebradillas Municipio",1,64,292,135,157
050,72,115,"Puerto Rico Commonwealth","Quebradillas Municipio",1,65,300,135,165
050,72,115,"Puerto Rico Commonwealth","Quebradillas Municipio",1,66,281,134,147
050,72,115,"Puerto Rico Commonwealth","Quebradillas Municipio",1,67,265,128,137
050,72,115,"Puerto Rico Commonwealth","Quebradillas Municipio",1,68,278,133,145
050,72,115,"Puerto Rico Commonwealth","Quebradillas Municipio",1,69,307,140,167
050,72,115,"Puerto Rico Commonwealth","Quebradillas Municipio",1,70,297,132,165
050,72,115,"Puerto Rico Commonwealth","Quebradillas Municipio",1,71,277,130,147
050,72,115,"Puerto Rico Commonwealth","Quebradillas Municipio",1,72,308,145,163
050,72,115,"Puerto Rico Commonwealth","Quebradillas Municipio",1,73,278,125,153
050,72,115,"Puerto Rico Commonwealth","Quebradillas Municipio",1,74,259,113,146
050,72,115,"Puerto Rico Commonwealth","Quebradillas Municipio",1,75,210,87,123
050,72,115,"Puerto Rico Commonwealth","Quebradillas Municipio",1,76,221,105,116
050,72,115,"Puerto Rico Commonwealth","Quebradillas Municipio",1,77,190,94,96
050,72,115,"Puerto Rico Commonwealth","Quebradillas Municipio",1,78,190,86,104
050,72,115,"Puerto Rico Commonwealth","Quebradillas Municipio",1,79,176,81,95
050,72,115,"Puerto Rico Commonwealth","Quebradillas Municipio",1,80,168,83,85
050,72,115,"Puerto Rico Commonwealth","Quebradillas Municipio",1,81,140,61,79
050,72,115,"Puerto Rico Commonwealth","Quebradillas Municipio",1,82,125,58,67
050,72,115,"Puerto Rico Commonwealth","Quebradillas Municipio",1,83,114,55,59
050,72,115,"Puerto Rico Commonwealth","Quebradillas Municipio",1,84,103,47,56
050,72,115,"Puerto Rico Commonwealth","Quebradillas Municipio",1,85,608,223,385
050,72,115,"Puerto Rico Commonwealth","Quebradillas Municipio",2,0,141,75,66
050,72,115,"Puerto Rico Commonwealth","Quebradillas Municipio",2,1,164,90,74
050,72,115,"Puerto Rico Commonwealth","Quebradillas Municipio",2,2,157,80,77
050,72,115,"Puerto Rico Commonwealth","Quebradillas Municipio",2,3,158,78,80
050,72,115,"Puerto Rico Commonwealth","Quebradillas Municipio",2,4,173,88,85
050,72,115,"Puerto Rico Commonwealth","Quebradillas Municipio",2,5,196,94,102
050,72,115,"Puerto Rico Commonwealth","Quebradillas Municipio",2,6,210,100,110
050,72,115,"Puerto Rico Commonwealth","Quebradillas Municipio",2,7,231,108,123
050,72,115,"Puerto Rico Commonwealth","Quebradillas Municipio",2,8,254,123,131
050,72,115,"Puerto Rico Commonwealth","Quebradillas Municipio",2,9,262,137,125
050,72,115,"Puerto Rico Commonwealth","Quebradillas Municipio",2,10,253,130,123
050,72,115,"Puerto Rico Commonwealth","Quebradillas Municipio",2,11,261,128,133
050,72,115,"Puerto Rico Commonwealth","Quebradillas Municipio",2,12,265,130,135
050,72,115,"Puerto Rico Commonwealth","Quebradillas Municipio",2,13,265,135,130
050,72,115,"Puerto Rico Commonwealth","Quebradillas Municipio",2,14,276,150,126
050,72,115,"Puerto Rico Commonwealth","Quebradillas Municipio",2,15,295,163,132
050,72,115,"Puerto Rico Commonwealth","Quebradillas Municipio",2,16,301,162,139
050,72,115,"Puerto Rico Commonwealth","Quebradillas Municipio",2,17,299,160,139
050,72,115,"Puerto Rico Commonwealth","Quebradillas Municipio",2,18,301,160,141
050,72,115,"Puerto Rico Commonwealth","Quebradillas Municipio",2,19,307,156,151
050,72,115,"Puerto Rico Commonwealth","Quebradillas Municipio",2,20,308,157,151
050,72,115,"Puerto Rico Commonwealth","Quebradillas Municipio",2,21,287,147,140
050,72,115,"Puerto Rico Commonwealth","Quebradillas Municipio",2,22,286,148,138
050,72,115,"Puerto Rico Commonwealth","Quebradillas Municipio",2,23,302,154,148
050,72,115,"Puerto Rico Commonwealth","Quebradillas Municipio",2,24,313,161,152
050,72,115,"Puerto Rico Commonwealth","Quebradillas Municipio",2,25,313,159,154
050,72,115,"Puerto Rico Commonwealth","Quebradillas Municipio",2,26,318,161,157
050,72,115,"Puerto Rico Commonwealth","Quebradillas Municipio",2,27,313,158,155
050,72,115,"Puerto Rico Commonwealth","Quebradillas Municipio",2,28,310,162,148
050,72,115,"Puerto Rico Commonwealth","Quebradillas Municipio",2,29,327,174,153
050,72,115,"Puerto Rico Commonwealth","Quebradillas Municipio",2,30,340,166,174
050,72,115,"Puerto Rico Commonwealth","Quebradillas Municipio",2,31,309,150,159
050,72,115,"Puerto Rico Commonwealth","Quebradillas Municipio",2,32,277,135,142
050,72,115,"Puerto Rico Commonwealth","Quebradillas Municipio",2,33,253,118,135
050,72,115,"Puerto Rico Commonwealth","Quebradillas Municipio",2,34,245,115,130
050,72,115,"Puerto Rico Commonwealth","Quebradillas Municipio",2,35,246,119,127
050,72,115,"Puerto Rico Commonwealth","Quebradillas Municipio",2,36,251,119,132
050,72,115,"Puerto Rico Commonwealth","Quebradillas Municipio",2,37,271,122,149
050,72,115,"Puerto Rico Commonwealth","Quebradillas Municipio",2,38,291,131,160
050,72,115,"Puerto Rico Commonwealth","Quebradillas Municipio",2,39,298,136,162
050,72,115,"Puerto Rico Commonwealth","Quebradillas Municipio",2,40,319,159,160
050,72,115,"Puerto Rico Commonwealth","Quebradillas Municipio",2,41,309,158,151
050,72,115,"Puerto Rico Commonwealth","Quebradillas Municipio",2,42,299,143,156
050,72,115,"Puerto Rico Commonwealth","Quebradillas Municipio",2,43,295,144,151
050,72,115,"Puerto Rico Commonwealth","Quebradillas Municipio",2,44,301,147,154
050,72,115,"Puerto Rico Commonwealth","Quebradillas Municipio",2,45,297,141,156
050,72,115,"Puerto Rico Commonwealth","Quebradillas Municipio",2,46,283,137,146
050,72,115,"Puerto Rico Commonwealth","Quebradillas Municipio",2,47,290,143,147
050,72,115,"Puerto Rico Commonwealth","Quebradillas Municipio",2,48,292,146,146
050,72,115,"Puerto Rico Commonwealth","Quebradillas Municipio",2,49,308,150,158
050,72,115,"Puerto Rico Commonwealth","Quebradillas Municipio",2,50,323,150,173
050,72,115,"Puerto Rico Commonwealth","Quebradillas Municipio",2,51,304,144,160
050,72,115,"Puerto Rico Commonwealth","Quebradillas Municipio",2,52,306,148,158
050,72,115,"Puerto Rico Commonwealth","Quebradillas Municipio",2,53,321,155,166
050,72,115,"Puerto Rico Commonwealth","Quebradillas Municipio",2,54,340,158,182
050,72,115,"Puerto Rico Commonwealth","Quebradillas Municipio",2,55,351,154,197
050,72,115,"Puerto Rico Commonwealth","Quebradillas Municipio",2,56,353,158,195
050,72,115,"Puerto Rico Commonwealth","Quebradillas Municipio",2,57,338,155,183
050,72,115,"Puerto Rico Commonwealth","Quebradillas Municipio",2,58,328,161,167
050,72,115,"Puerto Rico Commonwealth","Quebradillas Municipio",2,59,338,161,177
050,72,115,"Puerto Rico Commonwealth","Quebradillas Municipio",2,60,347,154,193
050,72,115,"Puerto Rico Commonwealth","Quebradillas Municipio",2,61,330,146,184
050,72,115,"Puerto Rico Commonwealth","Quebradillas Municipio",2,62,307,142,165
050,72,115,"Puerto Rico Commonwealth","Quebradillas Municipio",2,63,293,140,153
050,72,115,"Puerto Rico Commonwealth","Quebradillas Municipio",2,64,290,135,155
050,72,115,"Puerto Rico Commonwealth","Quebradillas Municipio",2,65,298,135,163
050,72,115,"Puerto Rico Commonwealth","Quebradillas Municipio",2,66,286,135,151
050,72,115,"Puerto Rico Commonwealth","Quebradillas Municipio",2,67,268,128,140
050,72,115,"Puerto Rico Commonwealth","Quebradillas Municipio",2,68,275,132,143
050,72,115,"Puerto Rico Commonwealth","Quebradillas Municipio",2,69,299,138,161
050,72,115,"Puerto Rico Commonwealth","Quebradillas Municipio",2,70,300,134,166
050,72,115,"Puerto Rico Commonwealth","Quebradillas Municipio",2,71,279,130,149
050,72,115,"Puerto Rico Commonwealth","Quebradillas Municipio",2,72,298,139,159
050,72,115,"Puerto Rico Commonwealth","Quebradillas Municipio",2,73,285,129,156
050,72,115,"Puerto Rico Commonwealth","Quebradillas Municipio",2,74,261,114,147
050,72,115,"Puerto Rico Commonwealth","Quebradillas Municipio",2,75,220,93,127
050,72,115,"Puerto Rico Commonwealth","Quebradillas Municipio",2,76,217,101,116
050,72,115,"Puerto Rico Commonwealth","Quebradillas Municipio",2,77,197,96,101
050,72,115,"Puerto Rico Commonwealth","Quebradillas Municipio",2,78,190,88,102
050,72,115,"Puerto Rico Commonwealth","Quebradillas Municipio",2,79,178,82,96
050,72,115,"Puerto Rico Commonwealth","Quebradillas Municipio",2,80,169,81,88
050,72,115,"Puerto Rico Commonwealth","Quebradillas Municipio",2,81,146,67,79
050,72,115,"Puerto Rico Commonwealth","Quebradillas Municipio",2,82,127,58,69
050,72,115,"Puerto Rico Commonwealth","Quebradillas Municipio",2,83,116,55,61
050,72,115,"Puerto Rico Commonwealth","Quebradillas Municipio",2,84,104,49,55
050,72,115,"Puerto Rico Commonwealth","Quebradillas Municipio",2,85,617,230,387
050,72,115,"Puerto Rico Commonwealth","Quebradillas Municipio",3,0,124,64,60
050,72,115,"Puerto Rico Commonwealth","Quebradillas Municipio",3,1,142,75,67
050,72,115,"Puerto Rico Commonwealth","Quebradillas Municipio",3,2,165,91,74
050,72,115,"Puerto Rico Commonwealth","Quebradillas Municipio",3,3,157,80,77
050,72,115,"Puerto Rico Commonwealth","Quebradillas Municipio",3,4,158,78,80
050,72,115,"Puerto Rico Commonwealth","Quebradillas Municipio",3,5,173,88,85
050,72,115,"Puerto Rico Commonwealth","Quebradillas Municipio",3,6,196,94,102
050,72,115,"Puerto Rico Commonwealth","Quebradillas Municipio",3,7,210,100,110
050,72,115,"Puerto Rico Commonwealth","Quebradillas Municipio",3,8,231,108,123
050,72,115,"Puerto Rico Commonwealth","Quebradillas Municipio",3,9,254,123,131
050,72,115,"Puerto Rico Commonwealth","Quebradillas Municipio",3,10,262,137,125
050,72,115,"Puerto Rico Commonwealth","Quebradillas Municipio",3,11,252,130,122
050,72,115,"Puerto Rico Commonwealth","Quebradillas Municipio",3,12,260,128,132
050,72,115,"Puerto Rico Commonwealth","Quebradillas Municipio",3,13,265,130,135
050,72,115,"Puerto Rico Commonwealth","Quebradillas Municipio",3,14,274,145,129
050,72,115,"Puerto Rico Commonwealth","Quebradillas Municipio",3,15,274,149,125
050,72,115,"Puerto Rico Commonwealth","Quebradillas Municipio",3,16,294,163,131
050,72,115,"Puerto Rico Commonwealth","Quebradillas Municipio",3,17,297,160,137
050,72,115,"Puerto Rico Commonwealth","Quebradillas Municipio",3,18,294,158,136
050,72,115,"Puerto Rico Commonwealth","Quebradillas Municipio",3,19,296,158,138
050,72,115,"Puerto Rico Commonwealth","Quebradillas Municipio",3,20,305,154,151
050,72,115,"Puerto Rico Commonwealth","Quebradillas Municipio",3,21,298,147,151
050,72,115,"Puerto Rico Commonwealth","Quebradillas Municipio",3,22,287,147,140
050,72,115,"Puerto Rico Commonwealth","Quebradillas Municipio",3,23,287,148,139
050,72,115,"Puerto Rico Commonwealth","Quebradillas Municipio",3,24,304,155,149
050,72,115,"Puerto Rico Commonwealth","Quebradillas Municipio",3,25,315,162,153
050,72,115,"Puerto Rico Commonwealth","Quebradillas Municipio",3,26,314,159,155
050,72,115,"Puerto Rico Commonwealth","Quebradillas Municipio",3,27,320,162,158
050,72,115,"Puerto Rico Commonwealth","Quebradillas Municipio",3,28,314,159,155
050,72,115,"Puerto Rico Commonwealth","Quebradillas Municipio",3,29,307,159,148
050,72,115,"Puerto Rico Commonwealth","Quebradillas Municipio",3,30,329,176,153
050,72,115,"Puerto Rico Commonwealth","Quebradillas Municipio",3,31,343,169,174
050,72,115,"Puerto Rico Commonwealth","Quebradillas Municipio",3,32,309,150,159
050,72,115,"Puerto Rico Commonwealth","Quebradillas Municipio",3,33,279,136,143
050,72,115,"Puerto Rico Commonwealth","Quebradillas Municipio",3,34,253,118,135
050,72,115,"Puerto Rico Commonwealth","Quebradillas Municipio",3,35,246,116,130
050,72,115,"Puerto Rico Commonwealth","Quebradillas Municipio",3,36,244,118,126
050,72,115,"Puerto Rico Commonwealth","Quebradillas Municipio",3,37,251,119,132
050,72,115,"Puerto Rico Commonwealth","Quebradillas Municipio",3,38,270,121,149
050,72,115,"Puerto Rico Commonwealth","Quebradillas Municipio",3,39,290,130,160
050,72,115,"Puerto Rico Commonwealth","Quebradillas Municipio",3,40,298,136,162
050,72,115,"Puerto Rico Commonwealth","Quebradillas Municipio",3,41,317,157,160
050,72,115,"Puerto Rico Commonwealth","Quebradillas Municipio",3,42,310,159,151
050,72,115,"Puerto Rico Commonwealth","Quebradillas Municipio",3,43,300,144,156
050,72,115,"Puerto Rico Commonwealth","Quebradillas Municipio",3,44,295,145,150
050,72,115,"Puerto Rico Commonwealth","Quebradillas Municipio",3,45,303,148,155
050,72,115,"Puerto Rico Commonwealth","Quebradillas Municipio",3,46,297,141,156
050,72,115,"Puerto Rico Commonwealth","Quebradillas Municipio",3,47,282,136,146
050,72,115,"Puerto Rico Commonwealth","Quebradillas Municipio",3,48,291,144,147
050,72,115,"Puerto Rico Commonwealth","Quebradillas Municipio",3,49,293,146,147
050,72,115,"Puerto Rico Commonwealth","Quebradillas Municipio",3,50,310,151,159
050,72,115,"Puerto Rico Commonwealth","Quebradillas Municipio",3,51,324,150,174
050,72,115,"Puerto Rico Commonwealth","Quebradillas Municipio",3,52,304,144,160
050,72,115,"Puerto Rico Commonwealth","Quebradillas Municipio",3,53,308,149,159
050,72,115,"Puerto Rico Commonwealth","Quebradillas Municipio",3,54,321,154,167
050,72,115,"Puerto Rico Commonwealth","Quebradillas Municipio",3,55,341,159,182
050,72,115,"Puerto Rico Commonwealth","Quebradillas Municipio",3,56,347,150,197
050,72,115,"Puerto Rico Commonwealth","Quebradillas Municipio",3,57,352,156,196
050,72,115,"Puerto Rico Commonwealth","Quebradillas Municipio",3,58,340,156,184
050,72,115,"Puerto Rico Commonwealth","Quebradillas Municipio",3,59,328,160,168
050,72,115,"Puerto Rico Commonwealth","Quebradillas Municipio",3,60,337,159,178
050,72,115,"Puerto Rico Commonwealth","Quebradillas Municipio",3,61,346,152,194
050,72,115,"Puerto Rico Commonwealth","Quebradillas Municipio",3,62,329,146,183
050,72,115,"Puerto Rico Commonwealth","Quebradillas Municipio",3,63,306,141,165
050,72,115,"Puerto Rico Commonwealth","Quebradillas Municipio",3,64,291,137,154
050,72,115,"Puerto Rico Commonwealth","Quebradillas Municipio",3,65,288,135,153
050,72,115,"Puerto Rico Commonwealth","Quebradillas Municipio",3,66,295,132,163
050,72,115,"Puerto Rico Commonwealth","Quebradillas Municipio",3,67,284,135,149
050,72,115,"Puerto Rico Commonwealth","Quebradillas Municipio",3,68,267,128,139
050,72,115,"Puerto Rico Commonwealth","Quebradillas Municipio",3,69,273,130,143
050,72,115,"Puerto Rico Commonwealth","Quebradillas Municipio",3,70,292,135,157
050,72,115,"Puerto Rico Commonwealth","Quebradillas Municipio",3,71,293,128,165
050,72,115,"Puerto Rico Commonwealth","Quebradillas Municipio",3,72,274,125,149
050,72,115,"Puerto Rico Commonwealth","Quebradillas Municipio",3,73,292,137,155
050,72,115,"Puerto Rico Commonwealth","Quebradillas Municipio",3,74,275,122,153
050,72,115,"Puerto Rico Commonwealth","Quebradillas Municipio",3,75,255,109,146
050,72,115,"Puerto Rico Commonwealth","Quebradillas Municipio",3,76,215,90,125
050,72,115,"Puerto Rico Commonwealth","Quebradillas Municipio",3,77,210,96,114
050,72,115,"Puerto Rico Commonwealth","Quebradillas Municipio",3,78,189,92,97
050,72,115,"Puerto Rico Commonwealth","Quebradillas Municipio",3,79,184,85,99
050,72,115,"Puerto Rico Commonwealth","Quebradillas Municipio",3,80,165,73,92
050,72,115,"Puerto Rico Commonwealth","Quebradillas Municipio",3,81,162,79,83
050,72,115,"Puerto Rico Commonwealth","Quebradillas Municipio",3,82,141,65,76
050,72,115,"Puerto Rico Commonwealth","Quebradillas Municipio",3,83,121,56,65
050,72,115,"Puerto Rico Commonwealth","Quebradillas Municipio",3,84,108,50,58
050,72,115,"Puerto Rico Commonwealth","Quebradillas Municipio",3,85,644,250,394
050,72,115,"Puerto Rico Commonwealth","Quebradillas Municipio",4,0,160,77,83
050,72,115,"Puerto Rico Commonwealth","Quebradillas Municipio",4,1,123,63,60
050,72,115,"Puerto Rico Commonwealth","Quebradillas Municipio",4,2,140,74,66
050,72,115,"Puerto Rico Commonwealth","Quebradillas Municipio",4,3,163,90,73
050,72,115,"Puerto Rico Commonwealth","Quebradillas Municipio",4,4,155,79,76
050,72,115,"Puerto Rico Commonwealth","Quebradillas Municipio",4,5,156,77,79
050,72,115,"Puerto Rico Commonwealth","Quebradillas Municipio",4,6,171,87,84
050,72,115,"Puerto Rico Commonwealth","Quebradillas Municipio",4,7,194,93,101
050,72,115,"Puerto Rico Commonwealth","Quebradillas Municipio",4,8,208,99,109
050,72,115,"Puerto Rico Commonwealth","Quebradillas Municipio",4,9,229,107,122
050,72,115,"Puerto Rico Commonwealth","Quebradillas Municipio",4,10,251,121,130
050,72,115,"Puerto Rico Commonwealth","Quebradillas Municipio",4,11,258,135,123
050,72,115,"Puerto Rico Commonwealth","Quebradillas Municipio",4,12,248,128,120
050,72,115,"Puerto Rico Commonwealth","Quebradillas Municipio",4,13,256,126,130
050,72,115,"Puerto Rico Commonwealth","Quebradillas Municipio",4,14,271,138,133
050,72,115,"Puerto Rico Commonwealth","Quebradillas Municipio",4,15,269,142,127
050,72,115,"Puerto Rico Commonwealth","Quebradillas Municipio",4,16,269,147,122
050,72,115,"Puerto Rico Commonwealth","Quebradillas Municipio",4,17,287,159,128
050,72,115,"Puerto Rico Commonwealth","Quebradillas Municipio",4,18,289,156,133
050,72,115,"Puerto Rico Commonwealth","Quebradillas Municipio",4,19,285,154,131
050,72,115,"Puerto Rico Commonwealth","Quebradillas Municipio",4,20,290,154,136
050,72,115,"Puerto Rico Commonwealth","Quebradillas Municipio",4,21,289,140,149
050,72,115,"Puerto Rico Commonwealth","Quebradillas Municipio",4,22,293,143,150
050,72,115,"Puerto Rico Commonwealth","Quebradillas Municipio",4,23,284,145,139
050,72,115,"Puerto Rico Commonwealth","Quebradillas Municipio",4,24,284,147,137
050,72,115,"Puerto Rico Commonwealth","Quebradillas Municipio",4,25,301,153,148
050,72,115,"Puerto Rico Commonwealth","Quebradillas Municipio",4,26,312,160,152
050,72,115,"Puerto Rico Commonwealth","Quebradillas Municipio",4,27,311,157,154
050,72,115,"Puerto Rico Commonwealth","Quebradillas Municipio",4,28,317,160,157
050,72,115,"Puerto Rico Commonwealth","Quebradillas Municipio",4,29,309,155,154
050,72,115,"Puerto Rico Commonwealth","Quebradillas Municipio",4,30,304,157,147
050,72,115,"Puerto Rico Commonwealth","Quebradillas Municipio",4,31,327,176,151
050,72,115,"Puerto Rico Commonwealth","Quebradillas Municipio",4,32,338,165,173
050,72,115,"Puerto Rico Commonwealth","Quebradillas Municipio",4,33,307,149,158
050,72,115,"Puerto Rico Commonwealth","Quebradillas Municipio",4,34,275,133,142
050,72,115,"Puerto Rico Commonwealth","Quebradillas Municipio",4,35,251,117,134
050,72,115,"Puerto Rico Commonwealth","Quebradillas Municipio",4,36,244,115,129
050,72,115,"Puerto Rico Commonwealth","Quebradillas Municipio",4,37,242,117,125
050,72,115,"Puerto Rico Commonwealth","Quebradillas Municipio",4,38,246,115,131
050,72,115,"Puerto Rico Commonwealth","Quebradillas Municipio",4,39,268,121,147
050,72,115,"Puerto Rico Commonwealth","Quebradillas Municipio",4,40,288,129,159
050,72,115,"Puerto Rico Commonwealth","Quebradillas Municipio",4,41,296,135,161
050,72,115,"Puerto Rico Commonwealth","Quebradillas Municipio",4,42,315,156,159
050,72,115,"Puerto Rico Commonwealth","Quebradillas Municipio",4,43,309,159,150
050,72,115,"Puerto Rico Commonwealth","Quebradillas Municipio",4,44,298,144,154
050,72,115,"Puerto Rico Commonwealth","Quebradillas Municipio",4,45,294,145,149
050,72,115,"Puerto Rico Commonwealth","Quebradillas Municipio",4,46,302,148,154
050,72,115,"Puerto Rico Commonwealth","Quebradillas Municipio",4,47,297,141,156
050,72,115,"Puerto Rico Commonwealth","Quebradillas Municipio",4,48,280,135,145
050,72,115,"Puerto Rico Commonwealth","Quebradillas Municipio",4,49,290,143,147
050,72,115,"Puerto Rico Commonwealth","Quebradillas Municipio",4,50,292,145,147
050,72,115,"Puerto Rico Commonwealth","Quebradillas Municipio",4,51,310,151,159
050,72,115,"Puerto Rico Commonwealth","Quebradillas Municipio",4,52,325,151,174
050,72,115,"Puerto Rico Commonwealth","Quebradillas Municipio",4,53,304,144,160
050,72,115,"Puerto Rico Commonwealth","Quebradillas Municipio",4,54,307,148,159
050,72,115,"Puerto Rico Commonwealth","Quebradillas Municipio",4,55,322,155,167
050,72,115,"Puerto Rico Commonwealth","Quebradillas Municipio",4,56,341,160,181
050,72,115,"Puerto Rico Commonwealth","Quebradillas Municipio",4,57,345,151,194
050,72,115,"Puerto Rico Commonwealth","Quebradillas Municipio",4,58,350,155,195
050,72,115,"Puerto Rico Commonwealth","Quebradillas Municipio",4,59,338,154,184
050,72,115,"Puerto Rico Commonwealth","Quebradillas Municipio",4,60,326,158,168
050,72,115,"Puerto Rico Commonwealth","Quebradillas Municipio",4,61,337,159,178
050,72,115,"Puerto Rico Commonwealth","Quebradillas Municipio",4,62,343,150,193
050,72,115,"Puerto Rico Commonwealth","Quebradillas Municipio",4,63,327,147,180
050,72,115,"Puerto Rico Commonwealth","Quebradillas Municipio",4,64,304,139,165
050,72,115,"Puerto Rico Commonwealth","Quebradillas Municipio",4,65,286,135,151
050,72,115,"Puerto Rico Commonwealth","Quebradillas Municipio",4,66,284,134,150
050,72,115,"Puerto Rico Commonwealth","Quebradillas Municipio",4,67,293,130,163
050,72,115,"Puerto Rico Commonwealth","Quebradillas Municipio",4,68,279,130,149
050,72,115,"Puerto Rico Commonwealth","Quebradillas Municipio",4,69,263,125,138
050,72,115,"Puerto Rico Commonwealth","Quebradillas Municipio",4,70,265,127,138
050,72,115,"Puerto Rico Commonwealth","Quebradillas Municipio",4,71,283,129,154
050,72,115,"Puerto Rico Commonwealth","Quebradillas Municipio",4,72,283,122,161
050,72,115,"Puerto Rico Commonwealth","Quebradillas Municipio",4,73,267,121,146
050,72,115,"Puerto Rico Commonwealth","Quebradillas Municipio",4,74,282,132,150
050,72,115,"Puerto Rico Commonwealth","Quebradillas Municipio",4,75,271,119,152
050,72,115,"Puerto Rico Commonwealth","Quebradillas Municipio",4,76,245,103,142
050,72,115,"Puerto Rico Commonwealth","Quebradillas Municipio",4,77,212,89,123
050,72,115,"Puerto Rico Commonwealth","Quebradillas Municipio",4,78,200,92,108
050,72,115,"Puerto Rico Commonwealth","Quebradillas Municipio",4,79,184,90,94
050,72,115,"Puerto Rico Commonwealth","Quebradillas Municipio",4,80,178,82,96
050,72,115,"Puerto Rico Commonwealth","Quebradillas Municipio",4,81,155,66,89
050,72,115,"Puerto Rico Commonwealth","Quebradillas Municipio",4,82,157,77,80
050,72,115,"Puerto Rico Commonwealth","Quebradillas Municipio",4,83,130,60,70
050,72,115,"Puerto Rico Commonwealth","Quebradillas Municipio",4,84,111,53,58
050,72,115,"Puerto Rico Commonwealth","Quebradillas Municipio",4,85,680,262,418
050,72,115,"Puerto Rico Commonwealth","Quebradillas Municipio",5,0,129,66,63
050,72,115,"Puerto Rico Commonwealth","Quebradillas Municipio",5,1,162,78,84
050,72,115,"Puerto Rico Commonwealth","Quebradillas Municipio",5,2,124,64,60
050,72,115,"Puerto Rico Commonwealth","Quebradillas Municipio",5,3,140,74,66
050,72,115,"Puerto Rico Commonwealth","Quebradillas Municipio",5,4,164,91,73
050,72,115,"Puerto Rico Commonwealth","Quebradillas Municipio",5,5,156,80,76
050,72,115,"Puerto Rico Commonwealth","Quebradillas Municipio",5,6,157,77,80
050,72,115,"Puerto Rico Commonwealth","Quebradillas Municipio",5,7,171,87,84
050,72,115,"Puerto Rico Commonwealth","Quebradillas Municipio",5,8,194,93,101
050,72,115,"Puerto Rico Commonwealth","Quebradillas Municipio",5,9,207,98,109
050,72,115,"Puerto Rico Commonwealth","Quebradillas Municipio",5,10,229,107,122
050,72,115,"Puerto Rico Commonwealth","Quebradillas Municipio",5,11,251,121,130
050,72,115,"Puerto Rico Commonwealth","Quebradillas Municipio",5,12,258,135,123
050,72,115,"Puerto Rico Commonwealth","Quebradillas Municipio",5,13,248,128,120
050,72,115,"Puerto Rico Commonwealth","Quebradillas Municipio",5,14,266,136,130
050,72,115,"Puerto Rico Commonwealth","Quebradillas Municipio",5,15,271,138,133
050,72,115,"Puerto Rico Commonwealth","Quebradillas Municipio",5,16,268,142,126
050,72,115,"Puerto Rico Commonwealth","Quebradillas Municipio",5,17,266,145,121
050,72,115,"Puerto Rico Commonwealth","Quebradillas Municipio",5,18,284,158,126
050,72,115,"Puerto Rico Commonwealth","Quebradillas Municipio",5,19,284,154,130
050,72,115,"Puerto Rico Commonwealth","Quebradillas Municipio",5,20,283,152,131
050,72,115,"Puerto Rico Commonwealth","Quebradillas Municipio",5,21,279,144,135
050,72,115,"Puerto Rico Commonwealth","Quebradillas Municipio",5,22,290,140,150
050,72,115,"Puerto Rico Commonwealth","Quebradillas Municipio",5,23,296,144,152
050,72,115,"Puerto Rico Commonwealth","Quebradillas Municipio",5,24,286,146,140
050,72,115,"Puerto Rico Commonwealth","Quebradillas Municipio",5,25,286,148,138
050,72,115,"Puerto Rico Commonwealth","Quebradillas Municipio",5,26,302,153,149
050,72,115,"Puerto Rico Commonwealth","Quebradillas Municipio",5,27,314,161,153
050,72,115,"Puerto Rico Commonwealth","Quebradillas Municipio",5,28,313,158,155
050,72,115,"Puerto Rico Commonwealth","Quebradillas Municipio",5,29,317,159,158
050,72,115,"Puerto Rico Commonwealth","Quebradillas Municipio",5,30,309,155,154
050,72,115,"Puerto Rico Commonwealth","Quebradillas Municipio",5,31,308,160,148
050,72,115,"Puerto Rico Commonwealth","Quebradillas Municipio",5,32,327,176,151
050,72,115,"Puerto Rico Commonwealth","Quebradillas Municipio",5,33,341,167,174
050,72,115,"Puerto Rico Commonwealth","Quebradillas Municipio",5,34,308,149,159
050,72,115,"Puerto Rico Commonwealth","Quebradillas Municipio",5,35,277,135,142
050,72,115,"Puerto Rico Commonwealth","Quebradillas Municipio",5,36,250,116,134
050,72,115,"Puerto Rico Commonwealth","Quebradillas Municipio",5,37,244,115,129
050,72,115,"Puerto Rico Commonwealth","Quebradillas Municipio",5,38,242,118,124
050,72,115,"Puerto Rico Commonwealth","Quebradillas Municipio",5,39,247,116,131
050,72,115,"Puerto Rico Commonwealth","Quebradillas Municipio",5,40,269,122,147
050,72,115,"Puerto Rico Commonwealth","Quebradillas Municipio",5,41,289,129,160
050,72,115,"Puerto Rico Commonwealth","Quebradillas Municipio",5,42,298,136,162
050,72,115,"Puerto Rico Commonwealth","Quebradillas Municipio",5,43,317,157,160
050,72,115,"Puerto Rico Commonwealth","Quebradillas Municipio",5,44,309,158,151
050,72,115,"Puerto Rico Commonwealth","Quebradillas Municipio",5,45,298,145,153
050,72,115,"Puerto Rico Commonwealth","Quebradillas Municipio",5,46,295,146,149
050,72,115,"Puerto Rico Commonwealth","Quebradillas Municipio",5,47,304,149,155
050,72,115,"Puerto Rico Commonwealth","Quebradillas Municipio",5,48,297,142,155
050,72,115,"Puerto Rico Commonwealth","Quebradillas Municipio",5,49,283,137,146
050,72,115,"Puerto Rico Commonwealth","Quebradillas Municipio",5,50,292,144,148
050,72,115,"Puerto Rico Commonwealth","Quebradillas Municipio",5,51,295,147,148
050,72,115,"Puerto Rico Commonwealth","Quebradillas Municipio",5,52,312,152,160
050,72,115,"Puerto Rico Commonwealth","Quebradillas Municipio",5,53,323,149,174
050,72,115,"Puerto Rico Commonwealth","Quebradillas Municipio",5,54,303,145,158
050,72,115,"Puerto Rico Commonwealth","Quebradillas Municipio",5,55,305,146,159
050,72,115,"Puerto Rico Commonwealth","Quebradillas Municipio",5,56,324,156,168
050,72,115,"Puerto Rico Commonwealth","Quebradillas Municipio",5,57,340,158,182
050,72,115,"Puerto Rico Commonwealth","Quebradillas Municipio",5,58,347,152,195
050,72,115,"Puerto Rico Commonwealth","Quebradillas Municipio",5,59,349,154,195
050,72,115,"Puerto Rico Commonwealth","Quebradillas Municipio",5,60,336,153,183
050,72,115,"Puerto Rico Commonwealth","Quebradillas Municipio",5,61,328,159,169
050,72,115,"Puerto Rico Commonwealth","Quebradillas Municipio",5,62,334,156,178
050,72,115,"Puerto Rico Commonwealth","Quebradillas Municipio",5,63,341,147,194
050,72,115,"Puerto Rico Commonwealth","Quebradillas Municipio",5,64,323,143,180
050,72,115,"Puerto Rico Commonwealth","Quebradillas Municipio",5,65,298,136,162
050,72,115,"Puerto Rico Commonwealth","Quebradillas Municipio",5,66,278,129,149
050,72,115,"Puerto Rico Commonwealth","Quebradillas Municipio",5,67,281,132,149
050,72,115,"Puerto Rico Commonwealth","Quebradillas Municipio",5,68,288,125,163
050,72,115,"Puerto Rico Commonwealth","Quebradillas Municipio",5,69,275,128,147
050,72,115,"Puerto Rico Commonwealth","Quebradillas Municipio",5,70,256,119,137
050,72,115,"Puerto Rico Commonwealth","Quebradillas Municipio",5,71,260,125,135
050,72,115,"Puerto Rico Commonwealth","Quebradillas Municipio",5,72,276,124,152
050,72,115,"Puerto Rico Commonwealth","Quebradillas Municipio",5,73,280,120,160
050,72,115,"Puerto Rico Commonwealth","Quebradillas Municipio",5,74,254,113,141
050,72,115,"Puerto Rico Commonwealth","Quebradillas Municipio",5,75,275,129,146
050,72,115,"Puerto Rico Commonwealth","Quebradillas Municipio",5,76,260,114,146
050,72,115,"Puerto Rico Commonwealth","Quebradillas Municipio",5,77,238,98,140
050,72,115,"Puerto Rico Commonwealth","Quebradillas Municipio",5,78,203,83,120
050,72,115,"Puerto Rico Commonwealth","Quebradillas Municipio",5,79,190,88,102
050,72,115,"Puerto Rico Commonwealth","Quebradillas Municipio",5,80,179,88,91
050,72,115,"Puerto Rico Commonwealth","Quebradillas Municipio",5,81,170,78,92
050,72,115,"Puerto Rico Commonwealth","Quebradillas Municipio",5,82,147,60,87
050,72,115,"Puerto Rico Commonwealth","Quebradillas Municipio",5,83,148,74,74
050,72,115,"Puerto Rico Commonwealth","Quebradillas Municipio",5,84,126,58,68
050,72,115,"Puerto Rico Commonwealth","Quebradillas Municipio",5,85,713,283,430
050,72,117,"Puerto Rico Commonwealth","Rincón Municipio",1,0,77,39,38
050,72,117,"Puerto Rico Commonwealth","Rincón Municipio",1,1,76,41,35
050,72,117,"Puerto Rico Commonwealth","Rincón Municipio",1,2,86,41,45
050,72,117,"Puerto Rico Commonwealth","Rincón Municipio",1,3,96,48,48
050,72,117,"Puerto Rico Commonwealth","Rincón Municipio",1,4,101,50,51
050,72,117,"Puerto Rico Commonwealth","Rincón Municipio",1,5,122,63,59
050,72,117,"Puerto Rico Commonwealth","Rincón Municipio",1,6,131,65,66
050,72,117,"Puerto Rico Commonwealth","Rincón Municipio",1,7,122,64,58
050,72,117,"Puerto Rico Commonwealth","Rincón Municipio",1,8,134,66,68
050,72,117,"Puerto Rico Commonwealth","Rincón Municipio",1,9,134,62,72
050,72,117,"Puerto Rico Commonwealth","Rincón Municipio",1,10,143,74,69
050,72,117,"Puerto Rico Commonwealth","Rincón Municipio",1,11,157,83,74
050,72,117,"Puerto Rico Commonwealth","Rincón Municipio",1,12,161,83,78
050,72,117,"Puerto Rico Commonwealth","Rincón Municipio",1,13,167,90,77
050,72,117,"Puerto Rico Commonwealth","Rincón Municipio",1,14,148,77,71
050,72,117,"Puerto Rico Commonwealth","Rincón Municipio",1,15,145,76,69
050,72,117,"Puerto Rico Commonwealth","Rincón Municipio",1,16,144,78,66
050,72,117,"Puerto Rico Commonwealth","Rincón Municipio",1,17,146,72,74
050,72,117,"Puerto Rico Commonwealth","Rincón Municipio",1,18,159,78,81
050,72,117,"Puerto Rico Commonwealth","Rincón Municipio",1,19,177,95,82
050,72,117,"Puerto Rico Commonwealth","Rincón Municipio",1,20,173,95,78
050,72,117,"Puerto Rico Commonwealth","Rincón Municipio",1,21,170,83,87
050,72,117,"Puerto Rico Commonwealth","Rincón Municipio",1,22,160,75,85
050,72,117,"Puerto Rico Commonwealth","Rincón Municipio",1,23,167,81,86
050,72,117,"Puerto Rico Commonwealth","Rincón Municipio",1,24,166,74,92
050,72,117,"Puerto Rico Commonwealth","Rincón Municipio",1,25,165,73,92
050,72,117,"Puerto Rico Commonwealth","Rincón Municipio",1,26,157,73,84
050,72,117,"Puerto Rico Commonwealth","Rincón Municipio",1,27,161,85,76
050,72,117,"Puerto Rico Commonwealth","Rincón Municipio",1,28,148,67,81
050,72,117,"Puerto Rico Commonwealth","Rincón Municipio",1,29,169,69,100
050,72,117,"Puerto Rico Commonwealth","Rincón Municipio",1,30,153,65,88
050,72,117,"Puerto Rico Commonwealth","Rincón Municipio",1,31,132,56,76
050,72,117,"Puerto Rico Commonwealth","Rincón Municipio",1,32,147,64,83
050,72,117,"Puerto Rico Commonwealth","Rincón Municipio",1,33,142,64,78
050,72,117,"Puerto Rico Commonwealth","Rincón Municipio",1,34,145,74,71
050,72,117,"Puerto Rico Commonwealth","Rincón Municipio",1,35,141,72,69
050,72,117,"Puerto Rico Commonwealth","Rincón Municipio",1,36,146,73,73
050,72,117,"Puerto Rico Commonwealth","Rincón Municipio",1,37,158,67,91
050,72,117,"Puerto Rico Commonwealth","Rincón Municipio",1,38,173,81,92
050,72,117,"Puerto Rico Commonwealth","Rincón Municipio",1,39,199,94,105
050,72,117,"Puerto Rico Commonwealth","Rincón Municipio",1,40,197,97,100
050,72,117,"Puerto Rico Commonwealth","Rincón Municipio",1,41,198,94,104
050,72,117,"Puerto Rico Commonwealth","Rincón Municipio",1,42,221,105,116
050,72,117,"Puerto Rico Commonwealth","Rincón Municipio",1,43,220,110,110
050,72,117,"Puerto Rico Commonwealth","Rincón Municipio",1,44,208,107,101
050,72,117,"Puerto Rico Commonwealth","Rincón Municipio",1,45,189,96,93
050,72,117,"Puerto Rico Commonwealth","Rincón Municipio",1,46,195,104,91
050,72,117,"Puerto Rico Commonwealth","Rincón Municipio",1,47,212,110,102
050,72,117,"Puerto Rico Commonwealth","Rincón Municipio",1,48,203,113,90
050,72,117,"Puerto Rico Commonwealth","Rincón Municipio",1,49,221,111,110
050,72,117,"Puerto Rico Commonwealth","Rincón Municipio",1,50,223,105,118
050,72,117,"Puerto Rico Commonwealth","Rincón Municipio",1,51,213,110,103
050,72,117,"Puerto Rico Commonwealth","Rincón Municipio",1,52,214,109,105
050,72,117,"Puerto Rico Commonwealth","Rincón Municipio",1,53,220,107,113
050,72,117,"Puerto Rico Commonwealth","Rincón Municipio",1,54,221,109,112
050,72,117,"Puerto Rico Commonwealth","Rincón Municipio",1,55,235,115,120
050,72,117,"Puerto Rico Commonwealth","Rincón Municipio",1,56,244,119,125
050,72,117,"Puerto Rico Commonwealth","Rincón Municipio",1,57,225,112,113
050,72,117,"Puerto Rico Commonwealth","Rincón Municipio",1,58,232,110,122
050,72,117,"Puerto Rico Commonwealth","Rincón Municipio",1,59,211,102,109
050,72,117,"Puerto Rico Commonwealth","Rincón Municipio",1,60,198,93,105
050,72,117,"Puerto Rico Commonwealth","Rincón Municipio",1,61,207,97,110
050,72,117,"Puerto Rico Commonwealth","Rincón Municipio",1,62,239,115,124
050,72,117,"Puerto Rico Commonwealth","Rincón Municipio",1,63,244,124,120
050,72,117,"Puerto Rico Commonwealth","Rincón Municipio",1,64,225,110,115
050,72,117,"Puerto Rico Commonwealth","Rincón Municipio",1,65,209,103,106
050,72,117,"Puerto Rico Commonwealth","Rincón Municipio",1,66,189,94,95
050,72,117,"Puerto Rico Commonwealth","Rincón Municipio",1,67,201,97,104
050,72,117,"Puerto Rico Commonwealth","Rincón Municipio",1,68,218,94,124
050,72,117,"Puerto Rico Commonwealth","Rincón Municipio",1,69,215,99,116
050,72,117,"Puerto Rico Commonwealth","Rincón Municipio",1,70,205,101,104
050,72,117,"Puerto Rico Commonwealth","Rincón Municipio",1,71,197,104,93
050,72,117,"Puerto Rico Commonwealth","Rincón Municipio",1,72,212,102,110
050,72,117,"Puerto Rico Commonwealth","Rincón Municipio",1,73,218,103,115
050,72,117,"Puerto Rico Commonwealth","Rincón Municipio",1,74,211,85,126
050,72,117,"Puerto Rico Commonwealth","Rincón Municipio",1,75,165,68,97
050,72,117,"Puerto Rico Commonwealth","Rincón Municipio",1,76,173,76,97
050,72,117,"Puerto Rico Commonwealth","Rincón Municipio",1,77,155,72,83
050,72,117,"Puerto Rico Commonwealth","Rincón Municipio",1,78,156,68,88
050,72,117,"Puerto Rico Commonwealth","Rincón Municipio",1,79,162,76,86
050,72,117,"Puerto Rico Commonwealth","Rincón Municipio",1,80,129,68,61
050,72,117,"Puerto Rico Commonwealth","Rincón Municipio",1,81,114,52,62
050,72,117,"Puerto Rico Commonwealth","Rincón Municipio",1,82,122,55,67
050,72,117,"Puerto Rico Commonwealth","Rincón Municipio",1,83,95,37,58
050,72,117,"Puerto Rico Commonwealth","Rincón Municipio",1,84,92,38,54
050,72,117,"Puerto Rico Commonwealth","Rincón Municipio",1,85,536,174,362
050,72,117,"Puerto Rico Commonwealth","Rincón Municipio",2,0,77,37,40
050,72,117,"Puerto Rico Commonwealth","Rincón Municipio",2,1,76,41,35
050,72,117,"Puerto Rico Commonwealth","Rincón Municipio",2,2,84,41,43
050,72,117,"Puerto Rico Commonwealth","Rincón Municipio",2,3,93,46,47
050,72,117,"Puerto Rico Commonwealth","Rincón Municipio",2,4,99,49,50
050,72,117,"Puerto Rico Commonwealth","Rincón Municipio",2,5,117,60,57
050,72,117,"Puerto Rico Commonwealth","Rincón Municipio",2,6,130,65,65
050,72,117,"Puerto Rico Commonwealth","Rincón Municipio",2,7,123,64,59
050,72,117,"Puerto Rico Commonwealth","Rincón Municipio",2,8,131,65,66
050,72,117,"Puerto Rico Commonwealth","Rincón Municipio",2,9,135,64,71
050,72,117,"Puerto Rico Commonwealth","Rincón Municipio",2,10,141,71,70
050,72,117,"Puerto Rico Commonwealth","Rincón Municipio",2,11,153,80,73
050,72,117,"Puerto Rico Commonwealth","Rincón Municipio",2,12,160,83,77
050,72,117,"Puerto Rico Commonwealth","Rincón Municipio",2,13,166,89,77
050,72,117,"Puerto Rico Commonwealth","Rincón Municipio",2,14,152,80,72
050,72,117,"Puerto Rico Commonwealth","Rincón Municipio",2,15,146,76,70
050,72,117,"Puerto Rico Commonwealth","Rincón Municipio",2,16,145,78,67
050,72,117,"Puerto Rico Commonwealth","Rincón Municipio",2,17,145,73,72
050,72,117,"Puerto Rico Commonwealth","Rincón Municipio",2,18,155,76,79
050,72,117,"Puerto Rico Commonwealth","Rincón Municipio",2,19,172,90,82
050,72,117,"Puerto Rico Commonwealth","Rincón Municipio",2,20,174,95,79
050,72,117,"Puerto Rico Commonwealth","Rincón Municipio",2,21,170,86,84
050,72,117,"Puerto Rico Commonwealth","Rincón Municipio",2,22,163,77,86
050,72,117,"Puerto Rico Commonwealth","Rincón Municipio",2,23,166,80,86
050,72,117,"Puerto Rico Commonwealth","Rincón Municipio",2,24,166,76,90
050,72,117,"Puerto Rico Commonwealth","Rincón Municipio",2,25,165,73,92
050,72,117,"Puerto Rico Commonwealth","Rincón Municipio",2,26,159,73,86
050,72,117,"Puerto Rico Commonwealth","Rincón Municipio",2,27,160,82,78
050,72,117,"Puerto Rico Commonwealth","Rincón Municipio",2,28,151,71,80
050,72,117,"Puerto Rico Commonwealth","Rincón Municipio",2,29,164,69,95
050,72,117,"Puerto Rico Commonwealth","Rincón Municipio",2,30,157,66,91
050,72,117,"Puerto Rico Commonwealth","Rincón Municipio",2,31,138,59,79
050,72,117,"Puerto Rico Commonwealth","Rincón Municipio",2,32,143,62,81
050,72,117,"Puerto Rico Commonwealth","Rincón Municipio",2,33,145,65,80
050,72,117,"Puerto Rico Commonwealth","Rincón Municipio",2,34,144,72,72
050,72,117,"Puerto Rico Commonwealth","Rincón Municipio",2,35,142,72,70
050,72,117,"Puerto Rico Commonwealth","Rincón Municipio",2,36,146,74,72
050,72,117,"Puerto Rico Commonwealth","Rincón Municipio",2,37,154,68,86
050,72,117,"Puerto Rico Commonwealth","Rincón Municipio",2,38,169,78,91
050,72,117,"Puerto Rico Commonwealth","Rincón Municipio",2,39,194,92,102
050,72,117,"Puerto Rico Commonwealth","Rincón Municipio",2,40,199,98,101
050,72,117,"Puerto Rico Commonwealth","Rincón Municipio",2,41,199,96,103
050,72,117,"Puerto Rico Commonwealth","Rincón Municipio",2,42,216,103,113
050,72,117,"Puerto Rico Commonwealth","Rincón Municipio",2,43,222,110,112
050,72,117,"Puerto Rico Commonwealth","Rincón Municipio",2,44,212,109,103
050,72,117,"Puerto Rico Commonwealth","Rincón Municipio",2,45,196,101,95
050,72,117,"Puerto Rico Commonwealth","Rincón Municipio",2,46,194,103,91
050,72,117,"Puerto Rico Commonwealth","Rincón Municipio",2,47,209,110,99
050,72,117,"Puerto Rico Commonwealth","Rincón Municipio",2,48,206,112,94
050,72,117,"Puerto Rico Commonwealth","Rincón Municipio",2,49,216,111,105
050,72,117,"Puerto Rico Commonwealth","Rincón Municipio",2,50,225,108,117
050,72,117,"Puerto Rico Commonwealth","Rincón Municipio",2,51,218,111,107
050,72,117,"Puerto Rico Commonwealth","Rincón Municipio",2,52,217,111,106
050,72,117,"Puerto Rico Commonwealth","Rincón Municipio",2,53,221,109,112
050,72,117,"Puerto Rico Commonwealth","Rincón Municipio",2,54,221,109,112
050,72,117,"Puerto Rico Commonwealth","Rincón Municipio",2,55,234,115,119
050,72,117,"Puerto Rico Commonwealth","Rincón Municipio",2,56,244,119,125
050,72,117,"Puerto Rico Commonwealth","Rincón Municipio",2,57,232,115,117
050,72,117,"Puerto Rico Commonwealth","Rincón Municipio",2,58,233,112,121
050,72,117,"Puerto Rico Commonwealth","Rincón Municipio",2,59,218,105,113
050,72,117,"Puerto Rico Commonwealth","Rincón Municipio",2,60,202,95,107
050,72,117,"Puerto Rico Commonwealth","Rincón Municipio",2,61,206,97,109
050,72,117,"Puerto Rico Commonwealth","Rincón Municipio",2,62,230,110,120
050,72,117,"Puerto Rico Commonwealth","Rincón Municipio",2,63,242,122,120
050,72,117,"Puerto Rico Commonwealth","Rincón Municipio",2,64,230,114,116
050,72,117,"Puerto Rico Commonwealth","Rincón Municipio",2,65,214,105,109
050,72,117,"Puerto Rico Commonwealth","Rincón Municipio",2,66,195,98,97
050,72,117,"Puerto Rico Commonwealth","Rincón Municipio",2,67,196,96,100
050,72,117,"Puerto Rico Commonwealth","Rincón Municipio",2,68,210,93,117
050,72,117,"Puerto Rico Commonwealth","Rincón Municipio",2,69,214,96,118
050,72,117,"Puerto Rico Commonwealth","Rincón Municipio",2,70,205,100,105
050,72,117,"Puerto Rico Commonwealth","Rincón Municipio",2,71,197,102,95
050,72,117,"Puerto Rico Commonwealth","Rincón Municipio",2,72,207,102,105
050,72,117,"Puerto Rico Commonwealth","Rincón Municipio",2,73,214,101,113
050,72,117,"Puerto Rico Commonwealth","Rincón Municipio",2,74,213,89,124
050,72,117,"Puerto Rico Commonwealth","Rincón Municipio",2,75,176,72,104
050,72,117,"Puerto Rico Commonwealth","Rincón Municipio",2,76,170,74,96
050,72,117,"Puerto Rico Commonwealth","Rincón Municipio",2,77,159,73,86
050,72,117,"Puerto Rico Commonwealth","Rincón Municipio",2,78,156,69,87
050,72,117,"Puerto Rico Commonwealth","Rincón Municipio",2,79,160,74,86
050,72,117,"Puerto Rico Commonwealth","Rincón Municipio",2,80,136,70,66
050,72,117,"Puerto Rico Commonwealth","Rincón Municipio",2,81,117,56,61
050,72,117,"Puerto Rico Commonwealth","Rincón Municipio",2,82,116,52,64
050,72,117,"Puerto Rico Commonwealth","Rincón Municipio",2,83,101,41,60
050,72,117,"Puerto Rico Commonwealth","Rincón Municipio",2,84,92,37,55
050,72,117,"Puerto Rico Commonwealth","Rincón Municipio",2,85,546,176,370
050,72,117,"Puerto Rico Commonwealth","Rincón Municipio",3,0,69,32,37
050,72,117,"Puerto Rico Commonwealth","Rincón Municipio",3,1,79,38,41
050,72,117,"Puerto Rico Commonwealth","Rincón Municipio",3,2,77,42,35
050,72,117,"Puerto Rico Commonwealth","Rincón Municipio",3,3,85,42,43
050,72,117,"Puerto Rico Commonwealth","Rincón Municipio",3,4,94,47,47
050,72,117,"Puerto Rico Commonwealth","Rincón Municipio",3,5,100,50,50
050,72,117,"Puerto Rico Commonwealth","Rincón Municipio",3,6,118,61,57
050,72,117,"Puerto Rico Commonwealth","Rincón Municipio",3,7,131,66,65
050,72,117,"Puerto Rico Commonwealth","Rincón Municipio",3,8,123,64,59
050,72,117,"Puerto Rico Commonwealth","Rincón Municipio",3,9,131,65,66
050,72,117,"Puerto Rico Commonwealth","Rincón Municipio",3,10,135,64,71
050,72,117,"Puerto Rico Commonwealth","Rincón Municipio",3,11,141,71,70
050,72,117,"Puerto Rico Commonwealth","Rincón Municipio",3,12,153,80,73
050,72,117,"Puerto Rico Commonwealth","Rincón Municipio",3,13,160,83,77
050,72,117,"Puerto Rico Commonwealth","Rincón Municipio",3,14,166,89,77
050,72,117,"Puerto Rico Commonwealth","Rincón Municipio",3,15,151,79,72
050,72,117,"Puerto Rico Commonwealth","Rincón Municipio",3,16,145,75,70
050,72,117,"Puerto Rico Commonwealth","Rincón Municipio",3,17,144,77,67
050,72,117,"Puerto Rico Commonwealth","Rincón Municipio",3,18,142,71,71
050,72,117,"Puerto Rico Commonwealth","Rincón Municipio",3,19,152,74,78
050,72,117,"Puerto Rico Commonwealth","Rincón Municipio",3,20,172,89,83
050,72,117,"Puerto Rico Commonwealth","Rincón Municipio",3,21,174,95,79
050,72,117,"Puerto Rico Commonwealth","Rincón Municipio",3,22,170,85,85
050,72,117,"Puerto Rico Commonwealth","Rincón Municipio",3,23,165,77,88
050,72,117,"Puerto Rico Commonwealth","Rincón Municipio",3,24,168,81,87
050,72,117,"Puerto Rico Commonwealth","Rincón Municipio",3,25,168,76,92
050,72,117,"Puerto Rico Commonwealth","Rincón Municipio",3,26,167,73,94
050,72,117,"Puerto Rico Commonwealth","Rincón Municipio",3,27,161,74,87
050,72,117,"Puerto Rico Commonwealth","Rincón Municipio",3,28,162,83,79
050,72,117,"Puerto Rico Commonwealth","Rincón Municipio",3,29,153,72,81
050,72,117,"Puerto Rico Commonwealth","Rincón Municipio",3,30,166,69,97
050,72,117,"Puerto Rico Commonwealth","Rincón Municipio",3,31,162,69,93
050,72,117,"Puerto Rico Commonwealth","Rincón Municipio",3,32,139,59,80
050,72,117,"Puerto Rico Commonwealth","Rincón Municipio",3,33,147,65,82
050,72,117,"Puerto Rico Commonwealth","Rincón Municipio",3,34,146,64,82
050,72,117,"Puerto Rico Commonwealth","Rincón Municipio",3,35,147,74,73
050,72,117,"Puerto Rico Commonwealth","Rincón Municipio",3,36,146,75,71
050,72,117,"Puerto Rico Commonwealth","Rincón Municipio",3,37,148,75,73
050,72,117,"Puerto Rico Commonwealth","Rincón Municipio",3,38,156,69,87
050,72,117,"Puerto Rico Commonwealth","Rincón Municipio",3,39,172,80,92
050,72,117,"Puerto Rico Commonwealth","Rincón Municipio",3,40,199,96,103
050,72,117,"Puerto Rico Commonwealth","Rincón Municipio",3,41,201,99,102
050,72,117,"Puerto Rico Commonwealth","Rincón Municipio",3,42,202,98,104
050,72,117,"Puerto Rico Commonwealth","Rincón Municipio",3,43,221,107,114
050,72,117,"Puerto Rico Commonwealth","Rincón Municipio",3,44,226,113,113
050,72,117,"Puerto Rico Commonwealth","Rincón Municipio",3,45,213,110,103
050,72,117,"Puerto Rico Commonwealth","Rincón Municipio",3,46,199,103,96
050,72,117,"Puerto Rico Commonwealth","Rincón Municipio",3,47,198,105,93
050,72,117,"Puerto Rico Commonwealth","Rincón Municipio",3,48,212,111,101
050,72,117,"Puerto Rico Commonwealth","Rincón Municipio",3,49,209,113,96
050,72,117,"Puerto Rico Commonwealth","Rincón Municipio",3,50,220,113,107
050,72,117,"Puerto Rico Commonwealth","Rincón Municipio",3,51,229,110,119
050,72,117,"Puerto Rico Commonwealth","Rincón Municipio",3,52,222,113,109
050,72,117,"Puerto Rico Commonwealth","Rincón Municipio",3,53,221,113,108
050,72,117,"Puerto Rico Commonwealth","Rincón Municipio",3,54,224,110,114
050,72,117,"Puerto Rico Commonwealth","Rincón Municipio",3,55,225,110,115
050,72,117,"Puerto Rico Commonwealth","Rincón Municipio",3,56,239,117,122
050,72,117,"Puerto Rico Commonwealth","Rincón Municipio",3,57,248,122,126
050,72,117,"Puerto Rico Commonwealth","Rincón Municipio",3,58,237,118,119
050,72,117,"Puerto Rico Commonwealth","Rincón Municipio",3,59,237,115,122
050,72,117,"Puerto Rico Commonwealth","Rincón Municipio",3,60,221,107,114
050,72,117,"Puerto Rico Commonwealth","Rincón Municipio",3,61,207,98,109
050,72,117,"Puerto Rico Commonwealth","Rincón Municipio",3,62,209,98,111
050,72,117,"Puerto Rico Commonwealth","Rincón Municipio",3,63,233,111,122
050,72,117,"Puerto Rico Commonwealth","Rincón Municipio",3,64,245,125,120
050,72,117,"Puerto Rico Commonwealth","Rincón Municipio",3,65,231,115,116
050,72,117,"Puerto Rico Commonwealth","Rincón Municipio",3,66,217,107,110
050,72,117,"Puerto Rico Commonwealth","Rincón Municipio",3,67,197,99,98
050,72,117,"Puerto Rico Commonwealth","Rincón Municipio",3,68,195,94,101
050,72,117,"Puerto Rico Commonwealth","Rincón Municipio",3,69,210,94,116
050,72,117,"Puerto Rico Commonwealth","Rincón Municipio",3,70,209,92,117
050,72,117,"Puerto Rico Commonwealth","Rincón Municipio",3,71,202,98,104
050,72,117,"Puerto Rico Commonwealth","Rincón Municipio",3,72,198,103,95
050,72,117,"Puerto Rico Commonwealth","Rincón Municipio",3,73,206,101,105
050,72,117,"Puerto Rico Commonwealth","Rincón Municipio",3,74,213,99,114
050,72,117,"Puerto Rico Commonwealth","Rincón Municipio",3,75,210,88,122
050,72,117,"Puerto Rico Commonwealth","Rincón Municipio",3,76,172,69,103
050,72,117,"Puerto Rico Commonwealth","Rincón Municipio",3,77,169,73,96
050,72,117,"Puerto Rico Commonwealth","Rincón Municipio",3,78,156,72,84
050,72,117,"Puerto Rico Commonwealth","Rincón Municipio",3,79,154,65,89
050,72,117,"Puerto Rico Commonwealth","Rincón Municipio",3,80,157,71,86
050,72,117,"Puerto Rico Commonwealth","Rincón Municipio",3,81,133,68,65
050,72,117,"Puerto Rico Commonwealth","Rincón Municipio",3,82,118,56,62
050,72,117,"Puerto Rico Commonwealth","Rincón Municipio",3,83,110,47,63
050,72,117,"Puerto Rico Commonwealth","Rincón Municipio",3,84,95,36,59
050,72,117,"Puerto Rico Commonwealth","Rincón Municipio",3,85,601,195,406
050,72,117,"Puerto Rico Commonwealth","Rincón Municipio",4,0,71,43,28
050,72,117,"Puerto Rico Commonwealth","Rincón Municipio",4,1,69,32,37
050,72,117,"Puerto Rico Commonwealth","Rincón Municipio",4,2,79,38,41
050,72,117,"Puerto Rico Commonwealth","Rincón Municipio",4,3,76,42,34
050,72,117,"Puerto Rico Commonwealth","Rincón Municipio",4,4,84,42,42
050,72,117,"Puerto Rico Commonwealth","Rincón Municipio",4,5,93,47,46
050,72,117,"Puerto Rico Commonwealth","Rincón Municipio",4,6,99,50,49
050,72,117,"Puerto Rico Commonwealth","Rincón Municipio",4,7,117,61,56
050,72,117,"Puerto Rico Commonwealth","Rincón Municipio",4,8,131,66,65
050,72,117,"Puerto Rico Commonwealth","Rincón Municipio",4,9,122,64,58
050,72,117,"Puerto Rico Commonwealth","Rincón Municipio",4,10,129,64,65
050,72,117,"Puerto Rico Commonwealth","Rincón Municipio",4,11,133,63,70
050,72,117,"Puerto Rico Commonwealth","Rincón Municipio",4,12,139,70,69
050,72,117,"Puerto Rico Commonwealth","Rincón Municipio",4,13,151,79,72
050,72,117,"Puerto Rico Commonwealth","Rincón Municipio",4,14,157,81,76
050,72,117,"Puerto Rico Commonwealth","Rincón Municipio",4,15,163,87,76
050,72,117,"Puerto Rico Commonwealth","Rincón Municipio",4,16,148,77,71
050,72,117,"Puerto Rico Commonwealth","Rincón Municipio",4,17,142,73,69
050,72,117,"Puerto Rico Commonwealth","Rincón Municipio",4,18,139,74,65
050,72,117,"Puerto Rico Commonwealth","Rincón Municipio",4,19,138,69,69
050,72,117,"Puerto Rico Commonwealth","Rincón Municipio",4,20,150,72,78
050,72,117,"Puerto Rico Commonwealth","Rincón Municipio",4,21,169,87,82
050,72,117,"Puerto Rico Commonwealth","Rincón Municipio",4,22,172,93,79
050,72,117,"Puerto Rico Commonwealth","Rincón Municipio",4,23,170,84,86
050,72,117,"Puerto Rico Commonwealth","Rincón Municipio",4,24,165,76,89
050,72,117,"Puerto Rico Commonwealth","Rincón Municipio",4,25,167,80,87
050,72,117,"Puerto Rico Commonwealth","Rincón Municipio",4,26,168,75,93
050,72,117,"Puerto Rico Commonwealth","Rincón Municipio",4,27,167,72,95
050,72,117,"Puerto Rico Commonwealth","Rincón Municipio",4,28,161,73,88
050,72,117,"Puerto Rico Commonwealth","Rincón Municipio",4,29,158,80,78
050,72,117,"Puerto Rico Commonwealth","Rincón Municipio",4,30,153,71,82
050,72,117,"Puerto Rico Commonwealth","Rincón Municipio",4,31,169,71,98
050,72,117,"Puerto Rico Commonwealth","Rincón Municipio",4,32,162,68,94
050,72,117,"Puerto Rico Commonwealth","Rincón Municipio",4,33,141,60,81
050,72,117,"Puerto Rico Commonwealth","Rincón Municipio",4,34,146,63,83
050,72,117,"Puerto Rico Commonwealth","Rincón Municipio",4,35,147,65,82
050,72,117,"Puerto Rico Commonwealth","Rincón Municipio",4,36,148,75,73
050,72,117,"Puerto Rico Commonwealth","Rincón Municipio",4,37,146,75,71
050,72,117,"Puerto Rico Commonwealth","Rincón Municipio",4,38,148,75,73
050,72,117,"Puerto Rico Commonwealth","Rincón Municipio",4,39,156,69,87
050,72,117,"Puerto Rico Commonwealth","Rincón Municipio",4,40,174,82,92
050,72,117,"Puerto Rico Commonwealth","Rincón Municipio",4,41,199,96,103
050,72,117,"Puerto Rico Commonwealth","Rincón Municipio",4,42,200,98,102
050,72,117,"Puerto Rico Commonwealth","Rincón Municipio",4,43,204,99,105
050,72,117,"Puerto Rico Commonwealth","Rincón Municipio",4,44,220,105,115
050,72,117,"Puerto Rico Commonwealth","Rincón Municipio",4,45,228,114,114
050,72,117,"Puerto Rico Commonwealth","Rincón Municipio",4,46,213,109,104
050,72,117,"Puerto Rico Commonwealth","Rincón Municipio",4,47,201,104,97
050,72,117,"Puerto Rico Commonwealth","Rincón Municipio",4,48,199,105,94
050,72,117,"Puerto Rico Commonwealth","Rincón Municipio",4,49,214,112,102
050,72,117,"Puerto Rico Commonwealth","Rincón Municipio",4,50,212,115,97
050,72,117,"Puerto Rico Commonwealth","Rincón Municipio",4,51,223,114,109
050,72,117,"Puerto Rico Commonwealth","Rincón Municipio",4,52,232,111,121
050,72,117,"Puerto Rico Commonwealth","Rincón Municipio",4,53,223,114,109
050,72,117,"Puerto Rico Commonwealth","Rincón Municipio",4,54,223,113,110
050,72,117,"Puerto Rico Commonwealth","Rincón Municipio",4,55,226,112,114
050,72,117,"Puerto Rico Commonwealth","Rincón Municipio",4,56,229,112,117
050,72,117,"Puerto Rico Commonwealth","Rincón Municipio",4,57,243,118,125
050,72,117,"Puerto Rico Commonwealth","Rincón Municipio",4,58,253,125,128
050,72,117,"Puerto Rico Commonwealth","Rincón Municipio",4,59,240,120,120
050,72,117,"Puerto Rico Commonwealth","Rincón Municipio",4,60,238,115,123
050,72,117,"Puerto Rico Commonwealth","Rincón Municipio",4,61,224,109,115
050,72,117,"Puerto Rico Commonwealth","Rincón Municipio",4,62,210,100,110
050,72,117,"Puerto Rico Commonwealth","Rincón Municipio",4,63,212,100,112
050,72,117,"Puerto Rico Commonwealth","Rincón Municipio",4,64,234,112,122
050,72,117,"Puerto Rico Commonwealth","Rincón Municipio",4,65,248,127,121
050,72,117,"Puerto Rico Commonwealth","Rincón Municipio",4,66,231,114,117
050,72,117,"Puerto Rico Commonwealth","Rincón Municipio",4,67,216,108,108
050,72,117,"Puerto Rico Commonwealth","Rincón Municipio",4,68,196,100,96
050,72,117,"Puerto Rico Commonwealth","Rincón Municipio",4,69,192,92,100
050,72,117,"Puerto Rico Commonwealth","Rincón Municipio",4,70,209,94,115
050,72,117,"Puerto Rico Commonwealth","Rincón Municipio",4,71,205,90,115
050,72,117,"Puerto Rico Commonwealth","Rincón Municipio",4,72,200,99,101
050,72,117,"Puerto Rico Commonwealth","Rincón Municipio",4,73,196,101,95
050,72,117,"Puerto Rico Commonwealth","Rincón Municipio",4,74,205,98,107
050,72,117,"Puerto Rico Commonwealth","Rincón Municipio",4,75,208,96,112
050,72,117,"Puerto Rico Commonwealth","Rincón Municipio",4,76,203,83,120
050,72,117,"Puerto Rico Commonwealth","Rincón Municipio",4,77,170,67,103
050,72,117,"Puerto Rico Commonwealth","Rincón Municipio",4,78,163,68,95
050,72,117,"Puerto Rico Commonwealth","Rincón Municipio",4,79,155,70,85
050,72,117,"Puerto Rico Commonwealth","Rincón Municipio",4,80,152,64,88
050,72,117,"Puerto Rico Commonwealth","Rincón Municipio",4,81,152,67,85
050,72,117,"Puerto Rico Commonwealth","Rincón Municipio",4,82,129,66,63
050,72,117,"Puerto Rico Commonwealth","Rincón Municipio",4,83,112,51,61
050,72,117,"Puerto Rico Commonwealth","Rincón Municipio",4,84,103,42,61
050,72,117,"Puerto Rico Commonwealth","Rincón Municipio",4,85,645,204,441
050,72,117,"Puerto Rico Commonwealth","Rincón Municipio",5,0,62,22,40
050,72,117,"Puerto Rico Commonwealth","Rincón Municipio",5,1,72,44,28
050,72,117,"Puerto Rico Commonwealth","Rincón Municipio",5,2,70,33,37
050,72,117,"Puerto Rico Commonwealth","Rincón Municipio",5,3,80,39,41
050,72,117,"Puerto Rico Commonwealth","Rincón Municipio",5,4,77,43,34
050,72,117,"Puerto Rico Commonwealth","Rincón Municipio",5,5,85,43,42
050,72,117,"Puerto Rico Commonwealth","Rincón Municipio",5,6,94,48,46
050,72,117,"Puerto Rico Commonwealth","Rincón Municipio",5,7,99,50,49
050,72,117,"Puerto Rico Commonwealth","Rincón Municipio",5,8,118,62,56
050,72,117,"Puerto Rico Commonwealth","Rincón Municipio",5,9,132,67,65
050,72,117,"Puerto Rico Commonwealth","Rincón Municipio",5,10,122,64,58
050,72,117,"Puerto Rico Commonwealth","Rincón Municipio",5,11,129,64,65
050,72,117,"Puerto Rico Commonwealth","Rincón Municipio",5,12,133,63,70
050,72,117,"Puerto Rico Commonwealth","Rincón Municipio",5,13,139,70,69
050,72,117,"Puerto Rico Commonwealth","Rincón Municipio",5,14,151,79,72
050,72,117,"Puerto Rico Commonwealth","Rincón Municipio",5,15,156,80,76
050,72,117,"Puerto Rico Commonwealth","Rincón Municipio",5,16,163,87,76
050,72,117,"Puerto Rico Commonwealth","Rincón Municipio",5,17,148,77,71
050,72,117,"Puerto Rico Commonwealth","Rincón Municipio",5,18,139,71,68
050,72,117,"Puerto Rico Commonwealth","Rincón Municipio",5,19,137,73,64
050,72,117,"Puerto Rico Commonwealth","Rincón Municipio",5,20,138,68,70
050,72,117,"Puerto Rico Commonwealth","Rincón Municipio",5,21,150,71,79
050,72,117,"Puerto Rico Commonwealth","Rincón Municipio",5,22,168,85,83
050,72,117,"Puerto Rico Commonwealth","Rincón Municipio",5,23,174,93,81
050,72,117,"Puerto Rico Commonwealth","Rincón Municipio",5,24,173,85,88
050,72,117,"Puerto Rico Commonwealth","Rincón Municipio",5,25,167,76,91
050,72,117,"Puerto Rico Commonwealth","Rincón Municipio",5,26,169,80,89
050,72,117,"Puerto Rico Commonwealth","Rincón Municipio",5,27,171,76,95
050,72,117,"Puerto Rico Commonwealth","Rincón Municipio",5,28,170,73,97
050,72,117,"Puerto Rico Commonwealth","Rincón Municipio",5,29,163,73,90
050,72,117,"Puerto Rico Commonwealth","Rincón Municipio",5,30,161,81,80
050,72,117,"Puerto Rico Commonwealth","Rincón Municipio",5,31,158,74,84
050,72,117,"Puerto Rico Commonwealth","Rincón Municipio",5,32,171,71,100
050,72,117,"Puerto Rico Commonwealth","Rincón Municipio",5,33,167,71,96
050,72,117,"Puerto Rico Commonwealth","Rincón Municipio",5,34,143,60,83
050,72,117,"Puerto Rico Commonwealth","Rincón Municipio",5,35,149,65,84
050,72,117,"Puerto Rico Commonwealth","Rincón Municipio",5,36,150,67,83
050,72,117,"Puerto Rico Commonwealth","Rincón Municipio",5,37,150,76,74
050,72,117,"Puerto Rico Commonwealth","Rincón Municipio",5,38,148,76,72
050,72,117,"Puerto Rico Commonwealth","Rincón Municipio",5,39,152,78,74
050,72,117,"Puerto Rico Commonwealth","Rincón Municipio",5,40,160,72,88
050,72,117,"Puerto Rico Commonwealth","Rincón Municipio",5,41,176,83,93
050,72,117,"Puerto Rico Commonwealth","Rincón Municipio",5,42,204,99,105
050,72,117,"Puerto Rico Commonwealth","Rincón Municipio",5,43,204,101,103
050,72,117,"Puerto Rico Commonwealth","Rincón Municipio",5,44,206,99,107
050,72,117,"Puerto Rico Commonwealth","Rincón Municipio",5,45,223,106,117
050,72,117,"Puerto Rico Commonwealth","Rincón Municipio",5,46,232,117,115
050,72,117,"Puerto Rico Commonwealth","Rincón Municipio",5,47,217,111,106
050,72,117,"Puerto Rico Commonwealth","Rincón Municipio",5,48,204,105,99
050,72,117,"Puerto Rico Commonwealth","Rincón Municipio",5,49,200,107,93
050,72,117,"Puerto Rico Commonwealth","Rincón Municipio",5,50,218,114,104
050,72,117,"Puerto Rico Commonwealth","Rincón Municipio",5,51,214,115,99
050,72,117,"Puerto Rico Commonwealth","Rincón Municipio",5,52,227,115,112
050,72,117,"Puerto Rico Commonwealth","Rincón Municipio",5,53,233,110,123
050,72,117,"Puerto Rico Commonwealth","Rincón Municipio",5,54,227,115,112
050,72,117,"Puerto Rico Commonwealth","Rincón Municipio",5,55,228,115,113
050,72,117,"Puerto Rico Commonwealth","Rincón Municipio",5,56,229,113,116
050,72,117,"Puerto Rico Commonwealth","Rincón Municipio",5,57,233,115,118
050,72,117,"Puerto Rico Commonwealth","Rincón Municipio",5,58,246,118,128
050,72,117,"Puerto Rico Commonwealth","Rincón Municipio",5,59,258,127,131
050,72,117,"Puerto Rico Commonwealth","Rincón Municipio",5,60,243,122,121
050,72,117,"Puerto Rico Commonwealth","Rincón Municipio",5,61,241,117,124
050,72,117,"Puerto Rico Commonwealth","Rincón Municipio",5,62,225,108,117
050,72,117,"Puerto Rico Commonwealth","Rincón Municipio",5,63,214,102,112
050,72,117,"Puerto Rico Commonwealth","Rincón Municipio",5,64,215,103,112
050,72,117,"Puerto Rico Commonwealth","Rincón Municipio",5,65,237,114,123
050,72,117,"Puerto Rico Commonwealth","Rincón Municipio",5,66,250,128,122
050,72,117,"Puerto Rico Commonwealth","Rincón Municipio",5,67,234,116,118
050,72,117,"Puerto Rico Commonwealth","Rincón Municipio",5,68,215,108,107
050,72,117,"Puerto Rico Commonwealth","Rincón Municipio",5,69,196,100,96
050,72,117,"Puerto Rico Commonwealth","Rincón Municipio",5,70,190,91,99
050,72,117,"Puerto Rico Commonwealth","Rincón Municipio",5,71,207,93,114
050,72,117,"Puerto Rico Commonwealth","Rincón Municipio",5,72,203,89,114
050,72,117,"Puerto Rico Commonwealth","Rincón Municipio",5,73,198,98,100
050,72,117,"Puerto Rico Commonwealth","Rincón Municipio",5,74,195,100,95
050,72,117,"Puerto Rico Commonwealth","Rincón Municipio",5,75,203,98,105
050,72,117,"Puerto Rico Commonwealth","Rincón Municipio",5,76,209,95,114
050,72,117,"Puerto Rico Commonwealth","Rincón Municipio",5,77,197,82,115
050,72,117,"Puerto Rico Commonwealth","Rincón Municipio",5,78,164,63,101
050,72,117,"Puerto Rico Commonwealth","Rincón Municipio",5,79,165,68,97
050,72,117,"Puerto Rico Commonwealth","Rincón Municipio",5,80,153,67,86
050,72,117,"Puerto Rico Commonwealth","Rincón Municipio",5,81,148,60,88
050,72,117,"Puerto Rico Commonwealth","Rincón Municipio",5,82,152,68,84
050,72,117,"Puerto Rico Commonwealth","Rincón Municipio",5,83,124,62,62
050,72,117,"Puerto Rico Commonwealth","Rincón Municipio",5,84,107,47,60
050,72,117,"Puerto Rico Commonwealth","Rincón Municipio",5,85,703,224,479
050,72,119,"Puerto Rico Commonwealth","Río Grande Municipio",1,0,274,141,133
050,72,119,"Puerto Rico Commonwealth","Río Grande Municipio",1,1,286,147,139
050,72,119,"Puerto Rico Commonwealth","Río Grande Municipio",1,2,284,147,137
050,72,119,"Puerto Rico Commonwealth","Río Grande Municipio",1,3,318,161,157
050,72,119,"Puerto Rico Commonwealth","Río Grande Municipio",1,4,353,173,180
050,72,119,"Puerto Rico Commonwealth","Río Grande Municipio",1,5,367,184,183
050,72,119,"Puerto Rico Commonwealth","Río Grande Municipio",1,6,398,210,188
050,72,119,"Puerto Rico Commonwealth","Río Grande Municipio",1,7,448,221,227
050,72,119,"Puerto Rico Commonwealth","Río Grande Municipio",1,8,470,231,239
050,72,119,"Puerto Rico Commonwealth","Río Grande Municipio",1,9,458,230,228
050,72,119,"Puerto Rico Commonwealth","Río Grande Municipio",1,10,477,245,232
050,72,119,"Puerto Rico Commonwealth","Río Grande Municipio",1,11,510,268,242
050,72,119,"Puerto Rico Commonwealth","Río Grande Municipio",1,12,506,257,249
050,72,119,"Puerto Rico Commonwealth","Río Grande Municipio",1,13,526,272,254
050,72,119,"Puerto Rico Commonwealth","Río Grande Municipio",1,14,556,288,268
050,72,119,"Puerto Rico Commonwealth","Río Grande Municipio",1,15,568,295,273
050,72,119,"Puerto Rico Commonwealth","Río Grande Municipio",1,16,553,285,268
050,72,119,"Puerto Rico Commonwealth","Río Grande Municipio",1,17,569,290,279
050,72,119,"Puerto Rico Commonwealth","Río Grande Municipio",1,18,602,291,311
050,72,119,"Puerto Rico Commonwealth","Río Grande Municipio",1,19,611,306,305
050,72,119,"Puerto Rico Commonwealth","Río Grande Municipio",1,20,620,324,296
050,72,119,"Puerto Rico Commonwealth","Río Grande Municipio",1,21,618,312,306
050,72,119,"Puerto Rico Commonwealth","Río Grande Municipio",1,22,653,322,331
050,72,119,"Puerto Rico Commonwealth","Río Grande Municipio",1,23,660,350,310
050,72,119,"Puerto Rico Commonwealth","Río Grande Municipio",1,24,656,361,295
050,72,119,"Puerto Rico Commonwealth","Río Grande Municipio",1,25,692,374,318
050,72,119,"Puerto Rico Commonwealth","Río Grande Municipio",1,26,692,356,336
050,72,119,"Puerto Rico Commonwealth","Río Grande Municipio",1,27,712,371,341
050,72,119,"Puerto Rico Commonwealth","Río Grande Municipio",1,28,696,353,343
050,72,119,"Puerto Rico Commonwealth","Río Grande Municipio",1,29,684,351,333
050,72,119,"Puerto Rico Commonwealth","Río Grande Municipio",1,30,667,338,329
050,72,119,"Puerto Rico Commonwealth","Río Grande Municipio",1,31,629,328,301
050,72,119,"Puerto Rico Commonwealth","Río Grande Municipio",1,32,548,280,268
050,72,119,"Puerto Rico Commonwealth","Río Grande Municipio",1,33,530,267,263
050,72,119,"Puerto Rico Commonwealth","Río Grande Municipio",1,34,508,254,254
050,72,119,"Puerto Rico Commonwealth","Río Grande Municipio",1,35,502,255,247
050,72,119,"Puerto Rico Commonwealth","Río Grande Municipio",1,36,522,248,274
050,72,119,"Puerto Rico Commonwealth","Río Grande Municipio",1,37,545,265,280
050,72,119,"Puerto Rico Commonwealth","Río Grande Municipio",1,38,536,251,285
050,72,119,"Puerto Rico Commonwealth","Río Grande Municipio",1,39,574,281,293
050,72,119,"Puerto Rico Commonwealth","Río Grande Municipio",1,40,592,301,291
050,72,119,"Puerto Rico Commonwealth","Río Grande Municipio",1,41,560,260,300
050,72,119,"Puerto Rico Commonwealth","Río Grande Municipio",1,42,614,293,321
050,72,119,"Puerto Rico Commonwealth","Río Grande Municipio",1,43,600,287,313
050,72,119,"Puerto Rico Commonwealth","Río Grande Municipio",1,44,598,280,318
050,72,119,"Puerto Rico Commonwealth","Río Grande Municipio",1,45,617,290,327
050,72,119,"Puerto Rico Commonwealth","Río Grande Municipio",1,46,631,296,335
050,72,119,"Puerto Rico Commonwealth","Río Grande Municipio",1,47,631,294,337
050,72,119,"Puerto Rico Commonwealth","Río Grande Municipio",1,48,638,288,350
050,72,119,"Puerto Rico Commonwealth","Río Grande Municipio",1,49,651,311,340
050,72,119,"Puerto Rico Commonwealth","Río Grande Municipio",1,50,678,320,358
050,72,119,"Puerto Rico Commonwealth","Río Grande Municipio",1,51,643,307,336
050,72,119,"Puerto Rico Commonwealth","Río Grande Municipio",1,52,632,300,332
050,72,119,"Puerto Rico Commonwealth","Río Grande Municipio",1,53,696,315,381
050,72,119,"Puerto Rico Commonwealth","Río Grande Municipio",1,54,682,311,371
050,72,119,"Puerto Rico Commonwealth","Río Grande Municipio",1,55,692,320,372
050,72,119,"Puerto Rico Commonwealth","Río Grande Municipio",1,56,682,318,364
050,72,119,"Puerto Rico Commonwealth","Río Grande Municipio",1,57,645,299,346
050,72,119,"Puerto Rico Commonwealth","Río Grande Municipio",1,58,619,275,344
050,72,119,"Puerto Rico Commonwealth","Río Grande Municipio",1,59,611,276,335
050,72,119,"Puerto Rico Commonwealth","Río Grande Municipio",1,60,606,283,323
050,72,119,"Puerto Rico Commonwealth","Río Grande Municipio",1,61,581,277,304
050,72,119,"Puerto Rico Commonwealth","Río Grande Municipio",1,62,570,267,303
050,72,119,"Puerto Rico Commonwealth","Río Grande Municipio",1,63,561,254,307
050,72,119,"Puerto Rico Commonwealth","Río Grande Municipio",1,64,580,262,318
050,72,119,"Puerto Rico Commonwealth","Río Grande Municipio",1,65,583,261,322
050,72,119,"Puerto Rico Commonwealth","Río Grande Municipio",1,66,531,224,307
050,72,119,"Puerto Rico Commonwealth","Río Grande Municipio",1,67,525,212,313
050,72,119,"Puerto Rico Commonwealth","Río Grande Municipio",1,68,566,230,336
050,72,119,"Puerto Rico Commonwealth","Río Grande Municipio",1,69,566,237,329
050,72,119,"Puerto Rico Commonwealth","Río Grande Municipio",1,70,563,243,320
050,72,119,"Puerto Rico Commonwealth","Río Grande Municipio",1,71,565,251,314
050,72,119,"Puerto Rico Commonwealth","Río Grande Municipio",1,72,555,258,297
050,72,119,"Puerto Rico Commonwealth","Río Grande Municipio",1,73,567,267,300
050,72,119,"Puerto Rico Commonwealth","Río Grande Municipio",1,74,531,245,286
050,72,119,"Puerto Rico Commonwealth","Río Grande Municipio",1,75,487,219,268
050,72,119,"Puerto Rico Commonwealth","Río Grande Municipio",1,76,433,188,245
050,72,119,"Puerto Rico Commonwealth","Río Grande Municipio",1,77,391,166,225
050,72,119,"Puerto Rico Commonwealth","Río Grande Municipio",1,78,371,171,200
050,72,119,"Puerto Rico Commonwealth","Río Grande Municipio",1,79,375,169,206
050,72,119,"Puerto Rico Commonwealth","Río Grande Municipio",1,80,328,146,182
050,72,119,"Puerto Rico Commonwealth","Río Grande Municipio",1,81,279,126,153
050,72,119,"Puerto Rico Commonwealth","Río Grande Municipio",1,82,253,107,146
050,72,119,"Puerto Rico Commonwealth","Río Grande Municipio",1,83,234,102,132
050,72,119,"Puerto Rico Commonwealth","Río Grande Municipio",1,84,234,119,115
050,72,119,"Puerto Rico Commonwealth","Río Grande Municipio",1,85,1135,420,715
050,72,119,"Puerto Rico Commonwealth","Río Grande Municipio",2,0,276,148,128
050,72,119,"Puerto Rico Commonwealth","Río Grande Municipio",2,1,282,145,137
050,72,119,"Puerto Rico Commonwealth","Río Grande Municipio",2,2,285,147,138
050,72,119,"Puerto Rico Commonwealth","Río Grande Municipio",2,3,310,158,152
050,72,119,"Puerto Rico Commonwealth","Río Grande Municipio",2,4,344,170,174
050,72,119,"Puerto Rico Commonwealth","Río Grande Municipio",2,5,363,181,182
050,72,119,"Puerto Rico Commonwealth","Río Grande Municipio",2,6,391,204,187
050,72,119,"Puerto Rico Commonwealth","Río Grande Municipio",2,7,435,218,217
050,72,119,"Puerto Rico Commonwealth","Río Grande Municipio",2,8,464,228,236
050,72,119,"Puerto Rico Commonwealth","Río Grande Municipio",2,9,462,231,231
050,72,119,"Puerto Rico Commonwealth","Río Grande Municipio",2,10,471,240,231
050,72,119,"Puerto Rico Commonwealth","Río Grande Municipio",2,11,501,261,240
050,72,119,"Puerto Rico Commonwealth","Río Grande Municipio",2,12,506,259,247
050,72,119,"Puerto Rico Commonwealth","Río Grande Municipio",2,13,520,267,253
050,72,119,"Puerto Rico Commonwealth","Río Grande Municipio",2,14,547,283,264
050,72,119,"Puerto Rico Commonwealth","Río Grande Municipio",2,15,564,292,272
050,72,119,"Puerto Rico Commonwealth","Río Grande Municipio",2,16,556,287,269
050,72,119,"Puerto Rico Commonwealth","Río Grande Municipio",2,17,564,289,275
050,72,119,"Puerto Rico Commonwealth","Río Grande Municipio",2,18,593,291,302
050,72,119,"Puerto Rico Commonwealth","Río Grande Municipio",2,19,608,302,306
050,72,119,"Puerto Rico Commonwealth","Río Grande Municipio",2,20,616,319,297
050,72,119,"Puerto Rico Commonwealth","Río Grande Municipio",2,21,618,315,303
050,72,119,"Puerto Rico Commonwealth","Río Grande Municipio",2,22,642,319,323
050,72,119,"Puerto Rico Commonwealth","Río Grande Municipio",2,23,657,342,315
050,72,119,"Puerto Rico Commonwealth","Río Grande Municipio",2,24,656,358,298
050,72,119,"Puerto Rico Commonwealth","Río Grande Municipio",2,25,684,371,313
050,72,119,"Puerto Rico Commonwealth","Río Grande Municipio",2,26,691,360,331
050,72,119,"Puerto Rico Commonwealth","Río Grande Municipio",2,27,707,367,340
050,72,119,"Puerto Rico Commonwealth","Río Grande Municipio",2,28,700,358,342
050,72,119,"Puerto Rico Commonwealth","Río Grande Municipio",2,29,687,351,336
050,72,119,"Puerto Rico Commonwealth","Río Grande Municipio",2,30,672,342,330
050,72,119,"Puerto Rico Commonwealth","Río Grande Municipio",2,31,637,330,307
050,72,119,"Puerto Rico Commonwealth","Río Grande Municipio",2,32,568,292,276
050,72,119,"Puerto Rico Commonwealth","Río Grande Municipio",2,33,534,270,264
050,72,119,"Puerto Rico Commonwealth","Río Grande Municipio",2,34,515,258,257
050,72,119,"Puerto Rico Commonwealth","Río Grande Municipio",2,35,502,254,248
050,72,119,"Puerto Rico Commonwealth","Río Grande Municipio",2,36,517,249,268
050,72,119,"Puerto Rico Commonwealth","Río Grande Municipio",2,37,538,261,277
050,72,119,"Puerto Rico Commonwealth","Río Grande Municipio",2,38,538,254,284
050,72,119,"Puerto Rico Commonwealth","Río Grande Municipio",2,39,565,274,291
050,72,119,"Puerto Rico Commonwealth","Río Grande Municipio",2,40,587,296,291
050,72,119,"Puerto Rico Commonwealth","Río Grande Municipio",2,41,568,270,298
050,72,119,"Puerto Rico Commonwealth","Río Grande Municipio",2,42,600,284,316
050,72,119,"Puerto Rico Commonwealth","Río Grande Municipio",2,43,603,288,315
050,72,119,"Puerto Rico Commonwealth","Río Grande Municipio",2,44,597,280,317
050,72,119,"Puerto Rico Commonwealth","Río Grande Municipio",2,45,610,287,323
050,72,119,"Puerto Rico Commonwealth","Río Grande Municipio",2,46,626,293,333
050,72,119,"Puerto Rico Commonwealth","Río Grande Municipio",2,47,630,294,336
050,72,119,"Puerto Rico Commonwealth","Río Grande Municipio",2,48,635,288,347
050,72,119,"Puerto Rico Commonwealth","Río Grande Municipio",2,49,647,305,342
050,72,119,"Puerto Rico Commonwealth","Río Grande Municipio",2,50,671,318,353
050,72,119,"Puerto Rico Commonwealth","Río Grande Municipio",2,51,651,310,341
050,72,119,"Puerto Rico Commonwealth","Río Grande Municipio",2,52,635,302,333
050,72,119,"Puerto Rico Commonwealth","Río Grande Municipio",2,53,679,311,368
050,72,119,"Puerto Rico Commonwealth","Río Grande Municipio",2,54,686,312,374
050,72,119,"Puerto Rico Commonwealth","Río Grande Municipio",2,55,688,317,371
050,72,119,"Puerto Rico Commonwealth","Río Grande Municipio",2,56,685,319,366
050,72,119,"Puerto Rico Commonwealth","Río Grande Municipio",2,57,653,303,350
050,72,119,"Puerto Rico Commonwealth","Río Grande Municipio",2,58,624,281,343
050,72,119,"Puerto Rico Commonwealth","Río Grande Municipio",2,59,614,276,338
050,72,119,"Puerto Rico Commonwealth","Río Grande Municipio",2,60,606,281,325
050,72,119,"Puerto Rico Commonwealth","Río Grande Municipio",2,61,584,277,307
050,72,119,"Puerto Rico Commonwealth","Río Grande Municipio",2,62,569,267,302
050,72,119,"Puerto Rico Commonwealth","Río Grande Municipio",2,63,560,257,303
050,72,119,"Puerto Rico Commonwealth","Río Grande Municipio",2,64,575,260,315
050,72,119,"Puerto Rico Commonwealth","Río Grande Municipio",2,65,582,261,321
050,72,119,"Puerto Rico Commonwealth","Río Grande Municipio",2,66,542,233,309
050,72,119,"Puerto Rico Commonwealth","Río Grande Municipio",2,67,524,213,311
050,72,119,"Puerto Rico Commonwealth","Río Grande Municipio",2,68,553,225,328
050,72,119,"Puerto Rico Commonwealth","Río Grande Municipio",2,69,565,235,330
050,72,119,"Puerto Rico Commonwealth","Río Grande Municipio",2,70,562,241,321
050,72,119,"Puerto Rico Commonwealth","Río Grande Municipio",2,71,561,245,316
050,72,119,"Puerto Rico Commonwealth","Río Grande Municipio",2,72,553,255,298
050,72,119,"Puerto Rico Commonwealth","Río Grande Municipio",2,73,558,263,295
050,72,119,"Puerto Rico Commonwealth","Río Grande Municipio",2,74,536,249,287
050,72,119,"Puerto Rico Commonwealth","Río Grande Municipio",2,75,494,224,270
050,72,119,"Puerto Rico Commonwealth","Río Grande Municipio",2,76,444,194,250
050,72,119,"Puerto Rico Commonwealth","Río Grande Municipio",2,77,397,168,229
050,72,119,"Puerto Rico Commonwealth","Río Grande Municipio",2,78,372,168,204
050,72,119,"Puerto Rico Commonwealth","Río Grande Municipio",2,79,370,168,202
050,72,119,"Puerto Rico Commonwealth","Río Grande Municipio",2,80,339,151,188
050,72,119,"Puerto Rico Commonwealth","Río Grande Municipio",2,81,287,130,157
050,72,119,"Puerto Rico Commonwealth","Río Grande Municipio",2,82,258,110,148
050,72,119,"Puerto Rico Commonwealth","Río Grande Municipio",2,83,240,104,136
050,72,119,"Puerto Rico Commonwealth","Río Grande Municipio",2,84,234,115,119
050,72,119,"Puerto Rico Commonwealth","Río Grande Municipio",2,85,1165,439,726
050,72,119,"Puerto Rico Commonwealth","Río Grande Municipio",3,0,279,156,123
050,72,119,"Puerto Rico Commonwealth","Río Grande Municipio",3,1,277,148,129
050,72,119,"Puerto Rico Commonwealth","Río Grande Municipio",3,2,282,145,137
050,72,119,"Puerto Rico Commonwealth","Río Grande Municipio",3,3,284,146,138
050,72,119,"Puerto Rico Commonwealth","Río Grande Municipio",3,4,310,158,152
050,72,119,"Puerto Rico Commonwealth","Río Grande Municipio",3,5,344,170,174
050,72,119,"Puerto Rico Commonwealth","Río Grande Municipio",3,6,362,180,182
050,72,119,"Puerto Rico Commonwealth","Río Grande Municipio",3,7,389,203,186
050,72,119,"Puerto Rico Commonwealth","Río Grande Municipio",3,8,433,217,216
050,72,119,"Puerto Rico Commonwealth","Río Grande Municipio",3,9,462,227,235
050,72,119,"Puerto Rico Commonwealth","Río Grande Municipio",3,10,460,230,230
050,72,119,"Puerto Rico Commonwealth","Río Grande Municipio",3,11,467,238,229
050,72,119,"Puerto Rico Commonwealth","Río Grande Municipio",3,12,498,259,239
050,72,119,"Puerto Rico Commonwealth","Río Grande Municipio",3,13,503,257,246
050,72,119,"Puerto Rico Commonwealth","Río Grande Municipio",3,14,516,265,251
050,72,119,"Puerto Rico Commonwealth","Río Grande Municipio",3,15,543,280,263
050,72,119,"Puerto Rico Commonwealth","Río Grande Municipio",3,16,559,289,270
050,72,119,"Puerto Rico Commonwealth","Río Grande Municipio",3,17,551,285,266
050,72,119,"Puerto Rico Commonwealth","Río Grande Municipio",3,18,556,286,270
050,72,119,"Puerto Rico Commonwealth","Río Grande Municipio",3,19,585,289,296
050,72,119,"Puerto Rico Commonwealth","Río Grande Municipio",3,20,604,298,306
050,72,119,"Puerto Rico Commonwealth","Río Grande Municipio",3,21,622,326,296
050,72,119,"Puerto Rico Commonwealth","Río Grande Municipio",3,22,615,312,303
050,72,119,"Puerto Rico Commonwealth","Río Grande Municipio",3,23,641,321,320
050,72,119,"Puerto Rico Commonwealth","Río Grande Municipio",3,24,658,340,318
050,72,119,"Puerto Rico Commonwealth","Río Grande Municipio",3,25,663,366,297
050,72,119,"Puerto Rico Commonwealth","Río Grande Municipio",3,26,680,368,312
050,72,119,"Puerto Rico Commonwealth","Río Grande Municipio",3,27,688,358,330
050,72,119,"Puerto Rico Commonwealth","Río Grande Municipio",3,28,698,359,339
050,72,119,"Puerto Rico Commonwealth","Río Grande Municipio",3,29,701,361,340
050,72,119,"Puerto Rico Commonwealth","Río Grande Municipio",3,30,677,338,339
050,72,119,"Puerto Rico Commonwealth","Río Grande Municipio",3,31,670,344,326
050,72,119,"Puerto Rico Commonwealth","Río Grande Municipio",3,32,625,317,308
050,72,119,"Puerto Rico Commonwealth","Río Grande Municipio",3,33,566,291,275
050,72,119,"Puerto Rico Commonwealth","Río Grande Municipio",3,34,529,262,267
050,72,119,"Puerto Rico Commonwealth","Río Grande Municipio",3,35,513,257,256
050,72,119,"Puerto Rico Commonwealth","Río Grande Municipio",3,36,490,245,245
050,72,119,"Puerto Rico Commonwealth","Río Grande Municipio",3,37,520,249,271
050,72,119,"Puerto Rico Commonwealth","Río Grande Municipio",3,38,520,246,274
050,72,119,"Puerto Rico Commonwealth","Río Grande Municipio",3,39,538,252,286
050,72,119,"Puerto Rico Commonwealth","Río Grande Municipio",3,40,551,264,287
050,72,119,"Puerto Rico Commonwealth","Río Grande Municipio",3,41,586,296,290
050,72,119,"Puerto Rico Commonwealth","Río Grande Municipio",3,42,564,264,300
050,72,119,"Puerto Rico Commonwealth","Río Grande Municipio",3,43,591,278,313
050,72,119,"Puerto Rico Commonwealth","Río Grande Municipio",3,44,602,284,318
050,72,119,"Puerto Rico Commonwealth","Río Grande Municipio",3,45,588,277,311
050,72,119,"Puerto Rico Commonwealth","Río Grande Municipio",3,46,608,284,324
050,72,119,"Puerto Rico Commonwealth","Río Grande Municipio",3,47,623,286,337
050,72,119,"Puerto Rico Commonwealth","Río Grande Municipio",3,48,619,287,332
050,72,119,"Puerto Rico Commonwealth","Río Grande Municipio",3,49,630,289,341
050,72,119,"Puerto Rico Commonwealth","Río Grande Municipio",3,50,641,298,343
050,72,119,"Puerto Rico Commonwealth","Río Grande Municipio",3,51,668,314,354
050,72,119,"Puerto Rico Commonwealth","Río Grande Municipio",3,52,643,308,335
050,72,119,"Puerto Rico Commonwealth","Río Grande Municipio",3,53,633,297,336
050,72,119,"Puerto Rico Commonwealth","Río Grande Municipio",3,54,675,307,368
050,72,119,"Puerto Rico Commonwealth","Río Grande Municipio",3,55,682,312,370
050,72,119,"Puerto Rico Commonwealth","Río Grande Municipio",3,56,672,306,366
050,72,119,"Puerto Rico Commonwealth","Río Grande Municipio",3,57,683,316,367
050,72,119,"Puerto Rico Commonwealth","Río Grande Municipio",3,58,649,298,351
050,72,119,"Puerto Rico Commonwealth","Río Grande Municipio",3,59,617,276,341
050,72,119,"Puerto Rico Commonwealth","Río Grande Municipio",3,60,618,280,338
050,72,119,"Puerto Rico Commonwealth","Río Grande Municipio",3,61,594,275,319
050,72,119,"Puerto Rico Commonwealth","Río Grande Municipio",3,62,571,268,303
050,72,119,"Puerto Rico Commonwealth","Río Grande Municipio",3,63,559,262,297
050,72,119,"Puerto Rico Commonwealth","Río Grande Municipio",3,64,558,260,298
050,72,119,"Puerto Rico Commonwealth","Río Grande Municipio",3,65,566,254,312
050,72,119,"Puerto Rico Commonwealth","Río Grande Municipio",3,66,565,248,317
050,72,119,"Puerto Rico Commonwealth","Río Grande Municipio",3,67,531,230,301
050,72,119,"Puerto Rico Commonwealth","Río Grande Municipio",3,68,518,208,310
050,72,119,"Puerto Rico Commonwealth","Río Grande Municipio",3,69,541,224,317
050,72,119,"Puerto Rico Commonwealth","Río Grande Municipio",3,70,555,227,328
050,72,119,"Puerto Rico Commonwealth","Río Grande Municipio",3,71,555,238,317
050,72,119,"Puerto Rico Commonwealth","Río Grande Municipio",3,72,537,230,307
050,72,119,"Puerto Rico Commonwealth","Río Grande Municipio",3,73,531,246,285
050,72,119,"Puerto Rico Commonwealth","Río Grande Municipio",3,74,545,257,288
050,72,119,"Puerto Rico Commonwealth","Río Grande Municipio",3,75,521,244,277
050,72,119,"Puerto Rico Commonwealth","Río Grande Municipio",3,76,465,209,256
050,72,119,"Puerto Rico Commonwealth","Río Grande Municipio",3,77,432,188,244
050,72,119,"Puerto Rico Commonwealth","Río Grande Municipio",3,78,375,155,220
050,72,119,"Puerto Rico Commonwealth","Río Grande Municipio",3,79,370,165,205
050,72,119,"Puerto Rico Commonwealth","Río Grande Municipio",3,80,343,158,185
050,72,119,"Puerto Rico Commonwealth","Río Grande Municipio",3,81,330,146,184
050,72,119,"Puerto Rico Commonwealth","Río Grande Municipio",3,82,269,123,146
050,72,119,"Puerto Rico Commonwealth","Río Grande Municipio",3,83,248,107,141
050,72,119,"Puerto Rico Commonwealth","Río Grande Municipio",3,84,236,99,137
050,72,119,"Puerto Rico Commonwealth","Río Grande Municipio",3,85,1238,485,753
050,72,119,"Puerto Rico Commonwealth","Río Grande Municipio",4,0,273,135,138
050,72,119,"Puerto Rico Commonwealth","Río Grande Municipio",4,1,273,153,120
050,72,119,"Puerto Rico Commonwealth","Río Grande Municipio",4,2,273,146,127
050,72,119,"Puerto Rico Commonwealth","Río Grande Municipio",4,3,277,142,135
050,72,119,"Puerto Rico Commonwealth","Río Grande Municipio",4,4,279,143,136
050,72,119,"Puerto Rico Commonwealth","Río Grande Municipio",4,5,304,154,150
050,72,119,"Puerto Rico Commonwealth","Río Grande Municipio",4,6,339,167,172
050,72,119,"Puerto Rico Commonwealth","Río Grande Municipio",4,7,356,177,179
050,72,119,"Puerto Rico Commonwealth","Río Grande Municipio",4,8,382,199,183
050,72,119,"Puerto Rico Commonwealth","Río Grande Municipio",4,9,426,213,213
050,72,119,"Puerto Rico Commonwealth","Río Grande Municipio",4,10,455,223,232
050,72,119,"Puerto Rico Commonwealth","Río Grande Municipio",4,11,451,225,226
050,72,119,"Puerto Rico Commonwealth","Río Grande Municipio",4,12,458,233,225
050,72,119,"Puerto Rico Commonwealth","Río Grande Municipio",4,13,489,254,235
050,72,119,"Puerto Rico Commonwealth","Río Grande Municipio",4,14,494,252,242
050,72,119,"Puerto Rico Commonwealth","Río Grande Municipio",4,15,505,258,247
050,72,119,"Puerto Rico Commonwealth","Río Grande Municipio",4,16,530,273,257
050,72,119,"Puerto Rico Commonwealth","Río Grande Municipio",4,17,546,283,263
050,72,119,"Puerto Rico Commonwealth","Río Grande Municipio",4,18,536,278,258
050,72,119,"Puerto Rico Commonwealth","Río Grande Municipio",4,19,540,280,260
050,72,119,"Puerto Rico Commonwealth","Río Grande Municipio",4,20,572,280,292
050,72,119,"Puerto Rico Commonwealth","Río Grande Municipio",4,21,604,301,303
050,72,119,"Puerto Rico Commonwealth","Río Grande Municipio",4,22,617,323,294
050,72,119,"Puerto Rico Commonwealth","Río Grande Municipio",4,23,605,308,297
050,72,119,"Puerto Rico Commonwealth","Río Grande Municipio",4,24,635,315,320
050,72,119,"Puerto Rico Commonwealth","Río Grande Municipio",4,25,658,344,314
050,72,119,"Puerto Rico Commonwealth","Río Grande Municipio",4,26,652,360,292
050,72,119,"Puerto Rico Commonwealth","Río Grande Municipio",4,27,672,364,308
050,72,119,"Puerto Rico Commonwealth","Río Grande Municipio",4,28,674,348,326
050,72,119,"Puerto Rico Commonwealth","Río Grande Municipio",4,29,688,355,333
050,72,119,"Puerto Rico Commonwealth","Río Grande Municipio",4,30,685,345,340
050,72,119,"Puerto Rico Commonwealth","Río Grande Municipio",4,31,667,335,332
050,72,119,"Puerto Rico Commonwealth","Río Grande Municipio",4,32,651,329,322
050,72,119,"Puerto Rico Commonwealth","Río Grande Municipio",4,33,616,312,304
050,72,119,"Puerto Rico Commonwealth","Río Grande Municipio",4,34,556,280,276
050,72,119,"Puerto Rico Commonwealth","Río Grande Municipio",4,35,520,257,263
050,72,119,"Puerto Rico Commonwealth","Río Grande Municipio",4,36,494,243,251
050,72,119,"Puerto Rico Commonwealth","Río Grande Municipio",4,37,491,245,246
050,72,119,"Puerto Rico Commonwealth","Río Grande Municipio",4,38,501,235,266
050,72,119,"Puerto Rico Commonwealth","Río Grande Municipio",4,39,516,242,274
050,72,119,"Puerto Rico Commonwealth","Río Grande Municipio",4,40,521,242,279
050,72,119,"Puerto Rico Commonwealth","Río Grande Municipio",4,41,543,260,283
050,72,119,"Puerto Rico Commonwealth","Río Grande Municipio",4,42,577,285,292
050,72,119,"Puerto Rico Commonwealth","Río Grande Municipio",4,43,552,257,295
050,72,119,"Puerto Rico Commonwealth","Río Grande Municipio",4,44,584,269,315
050,72,119,"Puerto Rico Commonwealth","Río Grande Municipio",4,45,590,281,309
050,72,119,"Puerto Rico Commonwealth","Río Grande Municipio",4,46,583,274,309
050,72,119,"Puerto Rico Commonwealth","Río Grande Municipio",4,47,601,274,327
050,72,119,"Puerto Rico Commonwealth","Río Grande Municipio",4,48,610,280,330
050,72,119,"Puerto Rico Commonwealth","Río Grande Municipio",4,49,614,289,325
050,72,119,"Puerto Rico Commonwealth","Río Grande Municipio",4,50,621,280,341
050,72,119,"Puerto Rico Commonwealth","Río Grande Municipio",4,51,634,291,343
050,72,119,"Puerto Rico Commonwealth","Río Grande Municipio",4,52,654,308,346
050,72,119,"Puerto Rico Commonwealth","Río Grande Municipio",4,53,643,305,338
050,72,119,"Puerto Rico Commonwealth","Río Grande Municipio",4,54,622,290,332
050,72,119,"Puerto Rico Commonwealth","Río Grande Municipio",4,55,673,307,366
050,72,119,"Puerto Rico Commonwealth","Río Grande Municipio",4,56,661,296,365
050,72,119,"Puerto Rico Commonwealth","Río Grande Municipio",4,57,666,303,363
050,72,119,"Puerto Rico Commonwealth","Río Grande Municipio",4,58,677,312,365
050,72,119,"Puerto Rico Commonwealth","Río Grande Municipio",4,59,643,294,349
050,72,119,"Puerto Rico Commonwealth","Río Grande Municipio",4,60,619,278,341
050,72,119,"Puerto Rico Commonwealth","Río Grande Municipio",4,61,605,271,334
050,72,119,"Puerto Rico Commonwealth","Río Grande Municipio",4,62,579,264,315
050,72,119,"Puerto Rico Commonwealth","Río Grande Municipio",4,63,564,263,301
050,72,119,"Puerto Rico Commonwealth","Río Grande Municipio",4,64,553,262,291
050,72,119,"Puerto Rico Commonwealth","Río Grande Municipio",4,65,551,257,294
050,72,119,"Puerto Rico Commonwealth","Río Grande Municipio",4,66,551,244,307
050,72,119,"Puerto Rico Commonwealth","Río Grande Municipio",4,67,553,243,310
050,72,119,"Puerto Rico Commonwealth","Río Grande Municipio",4,68,519,223,296
050,72,119,"Puerto Rico Commonwealth","Río Grande Municipio",4,69,509,207,302
050,72,119,"Puerto Rico Commonwealth","Río Grande Municipio",4,70,530,217,313
050,72,119,"Puerto Rico Commonwealth","Río Grande Municipio",4,71,551,226,325
050,72,119,"Puerto Rico Commonwealth","Río Grande Municipio",4,72,536,227,309
050,72,119,"Puerto Rico Commonwealth","Río Grande Municipio",4,73,519,225,294
050,72,119,"Puerto Rico Commonwealth","Río Grande Municipio",4,74,514,237,277
050,72,119,"Puerto Rico Commonwealth","Río Grande Municipio",4,75,531,250,281
050,72,119,"Puerto Rico Commonwealth","Río Grande Municipio",4,76,499,235,264
050,72,119,"Puerto Rico Commonwealth","Río Grande Municipio",4,77,453,204,249
050,72,119,"Puerto Rico Commonwealth","Río Grande Municipio",4,78,408,175,233
050,72,119,"Puerto Rico Commonwealth","Río Grande Municipio",4,79,369,150,219
050,72,119,"Puerto Rico Commonwealth","Río Grande Municipio",4,80,342,152,190
050,72,119,"Puerto Rico Commonwealth","Río Grande Municipio",4,81,323,151,172
050,72,119,"Puerto Rico Commonwealth","Río Grande Municipio",4,82,308,136,172
050,72,119,"Puerto Rico Commonwealth","Río Grande Municipio",4,83,239,104,135
050,72,119,"Puerto Rico Commonwealth","Río Grande Municipio",4,84,236,102,134
050,72,119,"Puerto Rico Commonwealth","Río Grande Municipio",4,85,1321,522,799
050,72,119,"Puerto Rico Commonwealth","Río Grande Municipio",5,0,306,157,149
050,72,119,"Puerto Rico Commonwealth","Río Grande Municipio",5,1,272,134,138
050,72,119,"Puerto Rico Commonwealth","Río Grande Municipio",5,2,275,154,121
050,72,119,"Puerto Rico Commonwealth","Río Grande Municipio",5,3,274,146,128
050,72,119,"Puerto Rico Commonwealth","Río Grande Municipio",5,4,277,142,135
050,72,119,"Puerto Rico Commonwealth","Río Grande Municipio",5,5,279,143,136
050,72,119,"Puerto Rico Commonwealth","Río Grande Municipio",5,6,304,154,150
050,72,119,"Puerto Rico Commonwealth","Río Grande Municipio",5,7,339,167,172
050,72,119,"Puerto Rico Commonwealth","Río Grande Municipio",5,8,355,176,179
050,72,119,"Puerto Rico Commonwealth","Río Grande Municipio",5,9,381,199,182
050,72,119,"Puerto Rico Commonwealth","Río Grande Municipio",5,10,424,212,212
050,72,119,"Puerto Rico Commonwealth","Río Grande Municipio",5,11,453,222,231
050,72,119,"Puerto Rico Commonwealth","Río Grande Municipio",5,12,450,224,226
050,72,119,"Puerto Rico Commonwealth","Río Grande Municipio",5,13,456,232,224
050,72,119,"Puerto Rico Commonwealth","Río Grande Municipio",5,14,487,253,234
050,72,119,"Puerto Rico Commonwealth","Río Grande Municipio",5,15,492,250,242
050,72,119,"Puerto Rico Commonwealth","Río Grande Municipio",5,16,502,256,246
050,72,119,"Puerto Rico Commonwealth","Río Grande Municipio",5,17,527,272,255
050,72,119,"Puerto Rico Commonwealth","Río Grande Municipio",5,18,541,282,259
050,72,119,"Puerto Rico Commonwealth","Río Grande Municipio",5,19,529,276,253
050,72,119,"Puerto Rico Commonwealth","Río Grande Municipio",5,20,535,275,260
050,72,119,"Puerto Rico Commonwealth","Río Grande Municipio",5,21,583,289,294
050,72,119,"Puerto Rico Commonwealth","Río Grande Municipio",5,22,610,304,306
050,72,119,"Puerto Rico Commonwealth","Río Grande Municipio",5,23,615,325,290
050,72,119,"Puerto Rico Commonwealth","Río Grande Municipio",5,24,610,309,301
050,72,119,"Puerto Rico Commonwealth","Río Grande Municipio",5,25,644,325,319
050,72,119,"Puerto Rico Commonwealth","Río Grande Municipio",5,26,662,347,315
050,72,119,"Puerto Rico Commonwealth","Río Grande Municipio",5,27,654,362,292
050,72,119,"Puerto Rico Commonwealth","Río Grande Municipio",5,28,669,362,307
050,72,119,"Puerto Rico Commonwealth","Río Grande Municipio",5,29,679,353,326
050,72,119,"Puerto Rico Commonwealth","Río Grande Municipio",5,30,685,347,338
050,72,119,"Puerto Rico Commonwealth","Río Grande Municipio",5,31,688,352,336
050,72,119,"Puerto Rico Commonwealth","Río Grande Municipio",5,32,663,329,334
050,72,119,"Puerto Rico Commonwealth","Río Grande Municipio",5,33,653,331,322
050,72,119,"Puerto Rico Commonwealth","Río Grande Municipio",5,34,618,309,309
050,72,119,"Puerto Rico Commonwealth","Río Grande Municipio",5,35,557,282,275
050,72,119,"Puerto Rico Commonwealth","Río Grande Municipio",5,36,511,251,260
050,72,119,"Puerto Rico Commonwealth","Río Grande Municipio",5,37,504,249,255
050,72,119,"Puerto Rico Commonwealth","Río Grande Municipio",5,38,477,235,242
050,72,119,"Puerto Rico Commonwealth","Río Grande Municipio",5,39,504,236,268
050,72,119,"Puerto Rico Commonwealth","Río Grande Municipio",5,40,506,237,269
050,72,119,"Puerto Rico Commonwealth","Río Grande Municipio",5,41,524,245,279
050,72,119,"Puerto Rico Commonwealth","Río Grande Municipio",5,42,540,253,287
050,72,119,"Puerto Rico Commonwealth","Río Grande Municipio",5,43,570,281,289
050,72,119,"Puerto Rico Commonwealth","Río Grande Municipio",5,44,555,255,300
050,72,119,"Puerto Rico Commonwealth","Río Grande Municipio",5,45,577,269,308
050,72,119,"Puerto Rico Commonwealth","Río Grande Municipio",5,46,590,278,312
050,72,119,"Puerto Rico Commonwealth","Río Grande Municipio",5,47,581,268,313
050,72,119,"Puerto Rico Commonwealth","Río Grande Municipio",5,48,590,269,321
050,72,119,"Puerto Rico Commonwealth","Río Grande Municipio",5,49,608,284,324
050,72,119,"Puerto Rico Commonwealth","Río Grande Municipio",5,50,614,286,328
050,72,119,"Puerto Rico Commonwealth","Río Grande Municipio",5,51,618,275,343
050,72,119,"Puerto Rico Commonwealth","Río Grande Municipio",5,52,624,288,336
050,72,119,"Puerto Rico Commonwealth","Río Grande Municipio",5,53,654,302,352
050,72,119,"Puerto Rico Commonwealth","Río Grande Municipio",5,54,640,302,338
050,72,119,"Puerto Rico Commonwealth","Río Grande Municipio",5,55,619,289,330
050,72,119,"Puerto Rico Commonwealth","Río Grande Municipio",5,56,656,295,361
050,72,119,"Puerto Rico Commonwealth","Río Grande Municipio",5,57,657,292,365
050,72,119,"Puerto Rico Commonwealth","Río Grande Municipio",5,58,666,300,366
050,72,119,"Puerto Rico Commonwealth","Río Grande Municipio",5,59,667,305,362
050,72,119,"Puerto Rico Commonwealth","Río Grande Municipio",5,60,647,299,348
050,72,119,"Puerto Rico Commonwealth","Río Grande Municipio",5,61,611,272,339
050,72,119,"Puerto Rico Commonwealth","Río Grande Municipio",5,62,594,262,332
050,72,119,"Puerto Rico Commonwealth","Río Grande Municipio",5,63,570,260,310
050,72,119,"Puerto Rico Commonwealth","Río Grande Municipio",5,64,558,261,297
050,72,119,"Puerto Rico Commonwealth","Río Grande Municipio",5,65,546,259,287
050,72,119,"Puerto Rico Commonwealth","Río Grande Municipio",5,66,533,240,293
050,72,119,"Puerto Rico Commonwealth","Río Grande Municipio",5,67,541,239,302
050,72,119,"Puerto Rico Commonwealth","Río Grande Municipio",5,68,547,241,306
050,72,119,"Puerto Rico Commonwealth","Río Grande Municipio",5,69,514,221,293
050,72,119,"Puerto Rico Commonwealth","Río Grande Municipio",5,70,491,195,296
050,72,119,"Puerto Rico Commonwealth","Río Grande Municipio",5,71,526,215,311
050,72,119,"Puerto Rico Commonwealth","Río Grande Municipio",5,72,537,218,319
050,72,119,"Puerto Rico Commonwealth","Río Grande Municipio",5,73,514,215,299
050,72,119,"Puerto Rico Commonwealth","Río Grande Municipio",5,74,507,216,291
050,72,119,"Puerto Rico Commonwealth","Río Grande Municipio",5,75,505,232,273
050,72,119,"Puerto Rico Commonwealth","Río Grande Municipio",5,76,511,245,266
050,72,119,"Puerto Rico Commonwealth","Río Grande Municipio",5,77,478,227,251
050,72,119,"Puerto Rico Commonwealth","Río Grande Municipio",5,78,433,191,242
050,72,119,"Puerto Rico Commonwealth","Río Grande Municipio",5,79,398,169,229
050,72,119,"Puerto Rico Commonwealth","Río Grande Municipio",5,80,343,136,207
050,72,119,"Puerto Rico Commonwealth","Río Grande Municipio",5,81,325,142,183
050,72,119,"Puerto Rico Commonwealth","Río Grande Municipio",5,82,307,144,163
050,72,119,"Puerto Rico Commonwealth","Río Grande Municipio",5,83,293,127,166
050,72,119,"Puerto Rico Commonwealth","Río Grande Municipio",5,84,226,97,129
050,72,119,"Puerto Rico Commonwealth","Río Grande Municipio",5,85,1413,562,851
050,72,121,"Puerto Rico Commonwealth","Sabana Grande Municipio",1,0,153,84,69
050,72,121,"Puerto Rico Commonwealth","Sabana Grande Municipio",1,1,164,94,70
050,72,121,"Puerto Rico Commonwealth","Sabana Grande Municipio",1,2,153,85,68
050,72,121,"Puerto Rico Commonwealth","Sabana Grande Municipio",1,3,166,89,77
050,72,121,"Puerto Rico Commonwealth","Sabana Grande Municipio",1,4,190,101,89
050,72,121,"Puerto Rico Commonwealth","Sabana Grande Municipio",1,5,199,98,101
050,72,121,"Puerto Rico Commonwealth","Sabana Grande Municipio",1,6,227,119,108
050,72,121,"Puerto Rico Commonwealth","Sabana Grande Municipio",1,7,231,116,115
050,72,121,"Puerto Rico Commonwealth","Sabana Grande Municipio",1,8,228,109,119
050,72,121,"Puerto Rico Commonwealth","Sabana Grande Municipio",1,9,249,128,121
050,72,121,"Puerto Rico Commonwealth","Sabana Grande Municipio",1,10,254,133,121
050,72,121,"Puerto Rico Commonwealth","Sabana Grande Municipio",1,11,266,134,132
050,72,121,"Puerto Rico Commonwealth","Sabana Grande Municipio",1,12,251,127,124
050,72,121,"Puerto Rico Commonwealth","Sabana Grande Municipio",1,13,255,132,123
050,72,121,"Puerto Rico Commonwealth","Sabana Grande Municipio",1,14,269,146,123
050,72,121,"Puerto Rico Commonwealth","Sabana Grande Municipio",1,15,277,139,138
050,72,121,"Puerto Rico Commonwealth","Sabana Grande Municipio",1,16,264,136,128
050,72,121,"Puerto Rico Commonwealth","Sabana Grande Municipio",1,17,245,132,113
050,72,121,"Puerto Rico Commonwealth","Sabana Grande Municipio",1,18,270,147,123
050,72,121,"Puerto Rico Commonwealth","Sabana Grande Municipio",1,19,274,138,136
050,72,121,"Puerto Rico Commonwealth","Sabana Grande Municipio",1,20,293,151,142
050,72,121,"Puerto Rico Commonwealth","Sabana Grande Municipio",1,21,299,149,150
050,72,121,"Puerto Rico Commonwealth","Sabana Grande Municipio",1,22,314,151,163
050,72,121,"Puerto Rico Commonwealth","Sabana Grande Municipio",1,23,301,141,160
050,72,121,"Puerto Rico Commonwealth","Sabana Grande Municipio",1,24,313,152,161
050,72,121,"Puerto Rico Commonwealth","Sabana Grande Municipio",1,25,307,159,148
050,72,121,"Puerto Rico Commonwealth","Sabana Grande Municipio",1,26,313,155,158
050,72,121,"Puerto Rico Commonwealth","Sabana Grande Municipio",1,27,304,143,161
050,72,121,"Puerto Rico Commonwealth","Sabana Grande Municipio",1,28,299,145,154
050,72,121,"Puerto Rico Commonwealth","Sabana Grande Municipio",1,29,278,139,139
050,72,121,"Puerto Rico Commonwealth","Sabana Grande Municipio",1,30,276,131,145
050,72,121,"Puerto Rico Commonwealth","Sabana Grande Municipio",1,31,260,119,141
050,72,121,"Puerto Rico Commonwealth","Sabana Grande Municipio",1,32,248,119,129
050,72,121,"Puerto Rico Commonwealth","Sabana Grande Municipio",1,33,219,108,111
050,72,121,"Puerto Rico Commonwealth","Sabana Grande Municipio",1,34,224,112,112
050,72,121,"Puerto Rico Commonwealth","Sabana Grande Municipio",1,35,216,102,114
050,72,121,"Puerto Rico Commonwealth","Sabana Grande Municipio",1,36,224,106,118
050,72,121,"Puerto Rico Commonwealth","Sabana Grande Municipio",1,37,237,111,126
050,72,121,"Puerto Rico Commonwealth","Sabana Grande Municipio",1,38,257,125,132
050,72,121,"Puerto Rico Commonwealth","Sabana Grande Municipio",1,39,270,133,137
050,72,121,"Puerto Rico Commonwealth","Sabana Grande Municipio",1,40,270,124,146
050,72,121,"Puerto Rico Commonwealth","Sabana Grande Municipio",1,41,264,120,144
050,72,121,"Puerto Rico Commonwealth","Sabana Grande Municipio",1,42,279,134,145
050,72,121,"Puerto Rico Commonwealth","Sabana Grande Municipio",1,43,291,132,159
050,72,121,"Puerto Rico Commonwealth","Sabana Grande Municipio",1,44,282,127,155
050,72,121,"Puerto Rico Commonwealth","Sabana Grande Municipio",1,45,279,138,141
050,72,121,"Puerto Rico Commonwealth","Sabana Grande Municipio",1,46,282,132,150
050,72,121,"Puerto Rico Commonwealth","Sabana Grande Municipio",1,47,299,135,164
050,72,121,"Puerto Rico Commonwealth","Sabana Grande Municipio",1,48,310,143,167
050,72,121,"Puerto Rico Commonwealth","Sabana Grande Municipio",1,49,298,138,160
050,72,121,"Puerto Rico Commonwealth","Sabana Grande Municipio",1,50,298,141,157
050,72,121,"Puerto Rico Commonwealth","Sabana Grande Municipio",1,51,285,134,151
050,72,121,"Puerto Rico Commonwealth","Sabana Grande Municipio",1,52,293,140,153
050,72,121,"Puerto Rico Commonwealth","Sabana Grande Municipio",1,53,286,138,148
050,72,121,"Puerto Rico Commonwealth","Sabana Grande Municipio",1,54,262,122,140
050,72,121,"Puerto Rico Commonwealth","Sabana Grande Municipio",1,55,260,115,145
050,72,121,"Puerto Rico Commonwealth","Sabana Grande Municipio",1,56,267,110,157
050,72,121,"Puerto Rico Commonwealth","Sabana Grande Municipio",1,57,281,109,172
050,72,121,"Puerto Rico Commonwealth","Sabana Grande Municipio",1,58,297,126,171
050,72,121,"Puerto Rico Commonwealth","Sabana Grande Municipio",1,59,317,140,177
050,72,121,"Puerto Rico Commonwealth","Sabana Grande Municipio",1,60,314,135,179
050,72,121,"Puerto Rico Commonwealth","Sabana Grande Municipio",1,61,292,125,167
050,72,121,"Puerto Rico Commonwealth","Sabana Grande Municipio",1,62,294,125,169
050,72,121,"Puerto Rico Commonwealth","Sabana Grande Municipio",1,63,297,130,167
050,72,121,"Puerto Rico Commonwealth","Sabana Grande Municipio",1,64,294,139,155
050,72,121,"Puerto Rico Commonwealth","Sabana Grande Municipio",1,65,295,136,159
050,72,121,"Puerto Rico Commonwealth","Sabana Grande Municipio",1,66,288,132,156
050,72,121,"Puerto Rico Commonwealth","Sabana Grande Municipio",1,67,280,125,155
050,72,121,"Puerto Rico Commonwealth","Sabana Grande Municipio",1,68,280,129,151
050,72,121,"Puerto Rico Commonwealth","Sabana Grande Municipio",1,69,279,126,153
050,72,121,"Puerto Rico Commonwealth","Sabana Grande Municipio",1,70,304,137,167
050,72,121,"Puerto Rico Commonwealth","Sabana Grande Municipio",1,71,298,127,171
050,72,121,"Puerto Rico Commonwealth","Sabana Grande Municipio",1,72,294,123,171
050,72,121,"Puerto Rico Commonwealth","Sabana Grande Municipio",1,73,286,123,163
050,72,121,"Puerto Rico Commonwealth","Sabana Grande Municipio",1,74,286,121,165
050,72,121,"Puerto Rico Commonwealth","Sabana Grande Municipio",1,75,253,114,139
050,72,121,"Puerto Rico Commonwealth","Sabana Grande Municipio",1,76,231,92,139
050,72,121,"Puerto Rico Commonwealth","Sabana Grande Municipio",1,77,206,83,123
050,72,121,"Puerto Rico Commonwealth","Sabana Grande Municipio",1,78,216,98,118
050,72,121,"Puerto Rico Commonwealth","Sabana Grande Municipio",1,79,193,81,112
050,72,121,"Puerto Rico Commonwealth","Sabana Grande Municipio",1,80,205,94,111
050,72,121,"Puerto Rico Commonwealth","Sabana Grande Municipio",1,81,181,75,106
050,72,121,"Puerto Rico Commonwealth","Sabana Grande Municipio",1,82,157,61,96
050,72,121,"Puerto Rico Commonwealth","Sabana Grande Municipio",1,83,148,60,88
050,72,121,"Puerto Rico Commonwealth","Sabana Grande Municipio",1,84,134,55,79
050,72,121,"Puerto Rico Commonwealth","Sabana Grande Municipio",1,85,687,274,413
050,72,121,"Puerto Rico Commonwealth","Sabana Grande Municipio",2,0,142,77,65
050,72,121,"Puerto Rico Commonwealth","Sabana Grande Municipio",2,1,162,92,70
050,72,121,"Puerto Rico Commonwealth","Sabana Grande Municipio",2,2,155,87,68
050,72,121,"Puerto Rico Commonwealth","Sabana Grande Municipio",2,3,163,88,75
050,72,121,"Puerto Rico Commonwealth","Sabana Grande Municipio",2,4,184,98,86
050,72,121,"Puerto Rico Commonwealth","Sabana Grande Municipio",2,5,197,99,98
050,72,121,"Puerto Rico Commonwealth","Sabana Grande Municipio",2,6,219,113,106
050,72,121,"Puerto Rico Commonwealth","Sabana Grande Municipio",2,7,230,117,113
050,72,121,"Puerto Rico Commonwealth","Sabana Grande Municipio",2,8,229,111,118
050,72,121,"Puerto Rico Commonwealth","Sabana Grande Municipio",2,9,244,123,121
050,72,121,"Puerto Rico Commonwealth","Sabana Grande Municipio",2,10,253,132,121
050,72,121,"Puerto Rico Commonwealth","Sabana Grande Municipio",2,11,263,134,129
050,72,121,"Puerto Rico Commonwealth","Sabana Grande Municipio",2,12,254,128,126
050,72,121,"Puerto Rico Commonwealth","Sabana Grande Municipio",2,13,254,131,123
050,72,121,"Puerto Rico Commonwealth","Sabana Grande Municipio",2,14,266,143,123
050,72,121,"Puerto Rico Commonwealth","Sabana Grande Municipio",2,15,275,140,135
050,72,121,"Puerto Rico Commonwealth","Sabana Grande Municipio",2,16,267,137,130
050,72,121,"Puerto Rico Commonwealth","Sabana Grande Municipio",2,17,250,133,117
050,72,121,"Puerto Rico Commonwealth","Sabana Grande Municipio",2,18,263,143,120
050,72,121,"Puerto Rico Commonwealth","Sabana Grande Municipio",2,19,274,141,133
050,72,121,"Puerto Rico Commonwealth","Sabana Grande Municipio",2,20,288,147,141
050,72,121,"Puerto Rico Commonwealth","Sabana Grande Municipio",2,21,298,150,148
050,72,121,"Puerto Rico Commonwealth","Sabana Grande Municipio",2,22,309,150,159
050,72,121,"Puerto Rico Commonwealth","Sabana Grande Municipio",2,23,305,144,161
050,72,121,"Puerto Rico Commonwealth","Sabana Grande Municipio",2,24,310,149,161
050,72,121,"Puerto Rico Commonwealth","Sabana Grande Municipio",2,25,308,157,151
050,72,121,"Puerto Rico Commonwealth","Sabana Grande Municipio",2,26,312,156,156
050,72,121,"Puerto Rico Commonwealth","Sabana Grande Municipio",2,27,306,146,160
050,72,121,"Puerto Rico Commonwealth","Sabana Grande Municipio",2,28,301,145,156
050,72,121,"Puerto Rico Commonwealth","Sabana Grande Municipio",2,29,282,140,142
050,72,121,"Puerto Rico Commonwealth","Sabana Grande Municipio",2,30,277,133,144
050,72,121,"Puerto Rico Commonwealth","Sabana Grande Municipio",2,31,264,122,142
050,72,121,"Puerto Rico Commonwealth","Sabana Grande Municipio",2,32,251,119,132
050,72,121,"Puerto Rico Commonwealth","Sabana Grande Municipio",2,33,226,111,115
050,72,121,"Puerto Rico Commonwealth","Sabana Grande Municipio",2,34,223,111,112
050,72,121,"Puerto Rico Commonwealth","Sabana Grande Municipio",2,35,219,105,114
050,72,121,"Puerto Rico Commonwealth","Sabana Grande Municipio",2,36,222,105,117
050,72,121,"Puerto Rico Commonwealth","Sabana Grande Municipio",2,37,232,109,123
050,72,121,"Puerto Rico Commonwealth","Sabana Grande Municipio",2,38,253,122,131
050,72,121,"Puerto Rico Commonwealth","Sabana Grande Municipio",2,39,267,131,136
050,72,121,"Puerto Rico Commonwealth","Sabana Grande Municipio",2,40,269,125,144
050,72,121,"Puerto Rico Commonwealth","Sabana Grande Municipio",2,41,264,120,144
050,72,121,"Puerto Rico Commonwealth","Sabana Grande Municipio",2,42,276,131,145
050,72,121,"Puerto Rico Commonwealth","Sabana Grande Municipio",2,43,287,132,155
050,72,121,"Puerto Rico Commonwealth","Sabana Grande Municipio",2,44,284,128,156
050,72,121,"Puerto Rico Commonwealth","Sabana Grande Municipio",2,45,281,136,145
050,72,121,"Puerto Rico Commonwealth","Sabana Grande Municipio",2,46,281,133,148
050,72,121,"Puerto Rico Commonwealth","Sabana Grande Municipio",2,47,294,134,160
050,72,121,"Puerto Rico Commonwealth","Sabana Grande Municipio",2,48,307,141,166
050,72,121,"Puerto Rico Commonwealth","Sabana Grande Municipio",2,49,302,140,162
050,72,121,"Puerto Rico Commonwealth","Sabana Grande Municipio",2,50,298,140,158
050,72,121,"Puerto Rico Commonwealth","Sabana Grande Municipio",2,51,286,134,152
050,72,121,"Puerto Rico Commonwealth","Sabana Grande Municipio",2,52,291,138,153
050,72,121,"Puerto Rico Commonwealth","Sabana Grande Municipio",2,53,288,139,149
050,72,121,"Puerto Rico Commonwealth","Sabana Grande Municipio",2,54,268,126,142
050,72,121,"Puerto Rico Commonwealth","Sabana Grande Municipio",2,55,260,116,144
050,72,121,"Puerto Rico Commonwealth","Sabana Grande Municipio",2,56,266,112,154
050,72,121,"Puerto Rico Commonwealth","Sabana Grande Municipio",2,57,277,109,168
050,72,121,"Puerto Rico Commonwealth","Sabana Grande Municipio",2,58,292,121,171
050,72,121,"Puerto Rico Commonwealth","Sabana Grande Municipio",2,59,312,136,176
050,72,121,"Puerto Rico Commonwealth","Sabana Grande Municipio",2,60,314,136,178
050,72,121,"Puerto Rico Commonwealth","Sabana Grande Municipio",2,61,297,127,170
050,72,121,"Puerto Rico Commonwealth","Sabana Grande Municipio",2,62,294,125,169
050,72,121,"Puerto Rico Commonwealth","Sabana Grande Municipio",2,63,295,128,167
050,72,121,"Puerto Rico Commonwealth","Sabana Grande Municipio",2,64,292,134,158
050,72,121,"Puerto Rico Commonwealth","Sabana Grande Municipio",2,65,293,136,157
050,72,121,"Puerto Rico Commonwealth","Sabana Grande Municipio",2,66,289,133,156
050,72,121,"Puerto Rico Commonwealth","Sabana Grande Municipio",2,67,282,127,155
050,72,121,"Puerto Rico Commonwealth","Sabana Grande Municipio",2,68,279,127,152
050,72,121,"Puerto Rico Commonwealth","Sabana Grande Municipio",2,69,276,123,153
050,72,121,"Puerto Rico Commonwealth","Sabana Grande Municipio",2,70,295,132,163
050,72,121,"Puerto Rico Commonwealth","Sabana Grande Municipio",2,71,299,129,170
050,72,121,"Puerto Rico Commonwealth","Sabana Grande Municipio",2,72,293,123,170
050,72,121,"Puerto Rico Commonwealth","Sabana Grande Municipio",2,73,287,122,165
050,72,121,"Puerto Rico Commonwealth","Sabana Grande Municipio",2,74,286,121,165
050,72,121,"Puerto Rico Commonwealth","Sabana Grande Municipio",2,75,260,115,145
050,72,121,"Puerto Rico Commonwealth","Sabana Grande Municipio",2,76,232,94,138
050,72,121,"Puerto Rico Commonwealth","Sabana Grande Municipio",2,77,211,85,126
050,72,121,"Puerto Rico Commonwealth","Sabana Grande Municipio",2,78,215,95,120
050,72,121,"Puerto Rico Commonwealth","Sabana Grande Municipio",2,79,198,85,113
050,72,121,"Puerto Rico Commonwealth","Sabana Grande Municipio",2,80,200,91,109
050,72,121,"Puerto Rico Commonwealth","Sabana Grande Municipio",2,81,185,78,107
050,72,121,"Puerto Rico Commonwealth","Sabana Grande Municipio",2,82,161,64,97
050,72,121,"Puerto Rico Commonwealth","Sabana Grande Municipio",2,83,148,59,89
050,72,121,"Puerto Rico Commonwealth","Sabana Grande Municipio",2,84,136,56,80
050,72,121,"Puerto Rico Commonwealth","Sabana Grande Municipio",2,85,704,278,426
050,72,121,"Puerto Rico Commonwealth","Sabana Grande Municipio",3,0,128,69,59
050,72,121,"Puerto Rico Commonwealth","Sabana Grande Municipio",3,1,144,79,65
050,72,121,"Puerto Rico Commonwealth","Sabana Grande Municipio",3,2,162,92,70
050,72,121,"Puerto Rico Commonwealth","Sabana Grande Municipio",3,3,156,88,68
050,72,121,"Puerto Rico Commonwealth","Sabana Grande Municipio",3,4,164,89,75
050,72,121,"Puerto Rico Commonwealth","Sabana Grande Municipio",3,5,184,99,85
050,72,121,"Puerto Rico Commonwealth","Sabana Grande Municipio",3,6,197,99,98
050,72,121,"Puerto Rico Commonwealth","Sabana Grande Municipio",3,7,219,113,106
050,72,121,"Puerto Rico Commonwealth","Sabana Grande Municipio",3,8,232,119,113
050,72,121,"Puerto Rico Commonwealth","Sabana Grande Municipio",3,9,227,109,118
050,72,121,"Puerto Rico Commonwealth","Sabana Grande Municipio",3,10,244,123,121
050,72,121,"Puerto Rico Commonwealth","Sabana Grande Municipio",3,11,251,131,120
050,72,121,"Puerto Rico Commonwealth","Sabana Grande Municipio",3,12,262,133,129
050,72,121,"Puerto Rico Commonwealth","Sabana Grande Municipio",3,13,253,127,126
050,72,121,"Puerto Rico Commonwealth","Sabana Grande Municipio",3,14,253,130,123
050,72,121,"Puerto Rico Commonwealth","Sabana Grande Municipio",3,15,264,142,122
050,72,121,"Puerto Rico Commonwealth","Sabana Grande Municipio",3,16,273,139,134
050,72,121,"Puerto Rico Commonwealth","Sabana Grande Municipio",3,17,265,136,129
050,72,121,"Puerto Rico Commonwealth","Sabana Grande Municipio",3,18,246,131,115
050,72,121,"Puerto Rico Commonwealth","Sabana Grande Municipio",3,19,258,140,118
050,72,121,"Puerto Rico Commonwealth","Sabana Grande Municipio",3,20,274,141,133
050,72,121,"Puerto Rico Commonwealth","Sabana Grande Municipio",3,21,287,146,141
050,72,121,"Puerto Rico Commonwealth","Sabana Grande Municipio",3,22,301,152,149
050,72,121,"Puerto Rico Commonwealth","Sabana Grande Municipio",3,23,306,146,160
050,72,121,"Puerto Rico Commonwealth","Sabana Grande Municipio",3,24,309,147,162
050,72,121,"Puerto Rico Commonwealth","Sabana Grande Municipio",3,25,310,148,162
050,72,121,"Puerto Rico Commonwealth","Sabana Grande Municipio",3,26,309,157,152
050,72,121,"Puerto Rico Commonwealth","Sabana Grande Municipio",3,27,313,157,156
050,72,121,"Puerto Rico Commonwealth","Sabana Grande Municipio",3,28,309,149,160
050,72,121,"Puerto Rico Commonwealth","Sabana Grande Municipio",3,29,299,143,156
050,72,121,"Puerto Rico Commonwealth","Sabana Grande Municipio",3,30,282,140,142
050,72,121,"Puerto Rico Commonwealth","Sabana Grande Municipio",3,31,277,133,144
050,72,121,"Puerto Rico Commonwealth","Sabana Grande Municipio",3,32,265,122,143
050,72,121,"Puerto Rico Commonwealth","Sabana Grande Municipio",3,33,252,121,131
050,72,121,"Puerto Rico Commonwealth","Sabana Grande Municipio",3,34,224,109,115
050,72,121,"Puerto Rico Commonwealth","Sabana Grande Municipio",3,35,227,114,113
050,72,121,"Puerto Rico Commonwealth","Sabana Grande Municipio",3,36,214,102,112
050,72,121,"Puerto Rico Commonwealth","Sabana Grande Municipio",3,37,222,105,117
050,72,121,"Puerto Rico Commonwealth","Sabana Grande Municipio",3,38,230,107,123
050,72,121,"Puerto Rico Commonwealth","Sabana Grande Municipio",3,39,257,126,131
050,72,121,"Puerto Rico Commonwealth","Sabana Grande Municipio",3,40,261,125,136
050,72,121,"Puerto Rico Commonwealth","Sabana Grande Municipio",3,41,269,126,143
050,72,121,"Puerto Rico Commonwealth","Sabana Grande Municipio",3,42,262,118,144
050,72,121,"Puerto Rico Commonwealth","Sabana Grande Municipio",3,43,277,132,145
050,72,121,"Puerto Rico Commonwealth","Sabana Grande Municipio",3,44,285,130,155
050,72,121,"Puerto Rico Commonwealth","Sabana Grande Municipio",3,45,284,128,156
050,72,121,"Puerto Rico Commonwealth","Sabana Grande Municipio",3,46,280,135,145
050,72,121,"Puerto Rico Commonwealth","Sabana Grande Municipio",3,47,283,135,148
050,72,121,"Puerto Rico Commonwealth","Sabana Grande Municipio",3,48,292,132,160
050,72,121,"Puerto Rico Commonwealth","Sabana Grande Municipio",3,49,304,138,166
050,72,121,"Puerto Rico Commonwealth","Sabana Grande Municipio",3,50,303,141,162
050,72,121,"Puerto Rico Commonwealth","Sabana Grande Municipio",3,51,296,141,155
050,72,121,"Puerto Rico Commonwealth","Sabana Grande Municipio",3,52,285,133,152
050,72,121,"Puerto Rico Commonwealth","Sabana Grande Municipio",3,53,292,138,154
050,72,121,"Puerto Rico Commonwealth","Sabana Grande Municipio",3,54,284,137,147
050,72,121,"Puerto Rico Commonwealth","Sabana Grande Municipio",3,55,267,125,142
050,72,121,"Puerto Rico Commonwealth","Sabana Grande Municipio",3,56,257,113,144
050,72,121,"Puerto Rico Commonwealth","Sabana Grande Municipio",3,57,267,112,155
050,72,121,"Puerto Rico Commonwealth","Sabana Grande Municipio",3,58,277,108,169
050,72,121,"Puerto Rico Commonwealth","Sabana Grande Municipio",3,59,295,124,171
050,72,121,"Puerto Rico Commonwealth","Sabana Grande Municipio",3,60,308,133,175
050,72,121,"Puerto Rico Commonwealth","Sabana Grande Municipio",3,61,312,134,178
050,72,121,"Puerto Rico Commonwealth","Sabana Grande Municipio",3,62,297,126,171
050,72,121,"Puerto Rico Commonwealth","Sabana Grande Municipio",3,63,294,125,169
050,72,121,"Puerto Rico Commonwealth","Sabana Grande Municipio",3,64,292,126,166
050,72,121,"Puerto Rico Commonwealth","Sabana Grande Municipio",3,65,287,132,155
050,72,121,"Puerto Rico Commonwealth","Sabana Grande Municipio",3,66,288,132,156
050,72,121,"Puerto Rico Commonwealth","Sabana Grande Municipio",3,67,285,130,155
050,72,121,"Puerto Rico Commonwealth","Sabana Grande Municipio",3,68,281,125,156
050,72,121,"Puerto Rico Commonwealth","Sabana Grande Municipio",3,69,275,124,151
050,72,121,"Puerto Rico Commonwealth","Sabana Grande Municipio",3,70,276,123,153
050,72,121,"Puerto Rico Commonwealth","Sabana Grande Municipio",3,71,286,126,160
050,72,121,"Puerto Rico Commonwealth","Sabana Grande Municipio",3,72,296,127,169
050,72,121,"Puerto Rico Commonwealth","Sabana Grande Municipio",3,73,289,121,168
050,72,121,"Puerto Rico Commonwealth","Sabana Grande Municipio",3,74,285,118,167
050,72,121,"Puerto Rico Commonwealth","Sabana Grande Municipio",3,75,281,120,161
050,72,121,"Puerto Rico Commonwealth","Sabana Grande Municipio",3,76,251,108,143
050,72,121,"Puerto Rico Commonwealth","Sabana Grande Municipio",3,77,229,92,137
050,72,121,"Puerto Rico Commonwealth","Sabana Grande Municipio",3,78,203,81,122
050,72,121,"Puerto Rico Commonwealth","Sabana Grande Municipio",3,79,210,93,117
050,72,121,"Puerto Rico Commonwealth","Sabana Grande Municipio",3,80,199,85,114
050,72,121,"Puerto Rico Commonwealth","Sabana Grande Municipio",3,81,192,86,106
050,72,121,"Puerto Rico Commonwealth","Sabana Grande Municipio",3,82,180,77,103
050,72,121,"Puerto Rico Commonwealth","Sabana Grande Municipio",3,83,155,61,94
050,72,121,"Puerto Rico Commonwealth","Sabana Grande Municipio",3,84,140,53,87
050,72,121,"Puerto Rico Commonwealth","Sabana Grande Municipio",3,85,772,308,464
050,72,121,"Puerto Rico Commonwealth","Sabana Grande Municipio",4,0,137,65,72
050,72,121,"Puerto Rico Commonwealth","Sabana Grande Municipio",4,1,128,70,58
050,72,121,"Puerto Rico Commonwealth","Sabana Grande Municipio",4,2,140,77,63
050,72,121,"Puerto Rico Commonwealth","Sabana Grande Municipio",4,3,160,91,69
050,72,121,"Puerto Rico Commonwealth","Sabana Grande Municipio",4,4,154,87,67
050,72,121,"Puerto Rico Commonwealth","Sabana Grande Municipio",4,5,161,88,73
050,72,121,"Puerto Rico Commonwealth","Sabana Grande Municipio",4,6,181,98,83
050,72,121,"Puerto Rico Commonwealth","Sabana Grande Municipio",4,7,194,98,96
050,72,121,"Puerto Rico Commonwealth","Sabana Grande Municipio",4,8,218,114,104
050,72,121,"Puerto Rico Commonwealth","Sabana Grande Municipio",4,9,227,116,111
050,72,121,"Puerto Rico Commonwealth","Sabana Grande Municipio",4,10,223,107,116
050,72,121,"Puerto Rico Commonwealth","Sabana Grande Municipio",4,11,240,121,119
050,72,121,"Puerto Rico Commonwealth","Sabana Grande Municipio",4,12,247,129,118
050,72,121,"Puerto Rico Commonwealth","Sabana Grande Municipio",4,13,258,131,127
050,72,121,"Puerto Rico Commonwealth","Sabana Grande Municipio",4,14,249,125,124
050,72,121,"Puerto Rico Commonwealth","Sabana Grande Municipio",4,15,248,127,121
050,72,121,"Puerto Rico Commonwealth","Sabana Grande Municipio",4,16,259,139,120
050,72,121,"Puerto Rico Commonwealth","Sabana Grande Municipio",4,17,268,136,132
050,72,121,"Puerto Rico Commonwealth","Sabana Grande Municipio",4,18,258,132,126
050,72,121,"Puerto Rico Commonwealth","Sabana Grande Municipio",4,19,237,126,111
050,72,121,"Puerto Rico Commonwealth","Sabana Grande Municipio",4,20,254,137,117
050,72,121,"Puerto Rico Commonwealth","Sabana Grande Municipio",4,21,269,138,131
050,72,121,"Puerto Rico Commonwealth","Sabana Grande Municipio",4,22,286,146,140
050,72,121,"Puerto Rico Commonwealth","Sabana Grande Municipio",4,23,293,145,148
050,72,121,"Puerto Rico Commonwealth","Sabana Grande Municipio",4,24,304,145,159
050,72,121,"Puerto Rico Commonwealth","Sabana Grande Municipio",4,25,305,144,161
050,72,121,"Puerto Rico Commonwealth","Sabana Grande Municipio",4,26,306,145,161
050,72,121,"Puerto Rico Commonwealth","Sabana Grande Municipio",4,27,306,155,151
050,72,121,"Puerto Rico Commonwealth","Sabana Grande Municipio",4,28,312,158,154
050,72,121,"Puerto Rico Commonwealth","Sabana Grande Municipio",4,29,302,144,158
050,72,121,"Puerto Rico Commonwealth","Sabana Grande Municipio",4,30,296,141,155
050,72,121,"Puerto Rico Commonwealth","Sabana Grande Municipio",4,31,276,136,140
050,72,121,"Puerto Rico Commonwealth","Sabana Grande Municipio",4,32,274,131,143
050,72,121,"Puerto Rico Commonwealth","Sabana Grande Municipio",4,33,261,120,141
050,72,121,"Puerto Rico Commonwealth","Sabana Grande Municipio",4,34,248,118,130
050,72,121,"Puerto Rico Commonwealth","Sabana Grande Municipio",4,35,225,110,115
050,72,121,"Puerto Rico Commonwealth","Sabana Grande Municipio",4,36,221,110,111
050,72,121,"Puerto Rico Commonwealth","Sabana Grande Municipio",4,37,213,102,111
050,72,121,"Puerto Rico Commonwealth","Sabana Grande Municipio",4,38,218,102,116
050,72,121,"Puerto Rico Commonwealth","Sabana Grande Municipio",4,39,231,110,121
050,72,121,"Puerto Rico Commonwealth","Sabana Grande Municipio",4,40,249,119,130
050,72,121,"Puerto Rico Commonwealth","Sabana Grande Municipio",4,41,259,124,135
050,72,121,"Puerto Rico Commonwealth","Sabana Grande Municipio",4,42,266,124,142
050,72,121,"Puerto Rico Commonwealth","Sabana Grande Municipio",4,43,261,118,143
050,72,121,"Puerto Rico Commonwealth","Sabana Grande Municipio",4,44,273,129,144
050,72,121,"Puerto Rico Commonwealth","Sabana Grande Municipio",4,45,281,127,154
050,72,121,"Puerto Rico Commonwealth","Sabana Grande Municipio",4,46,280,126,154
050,72,121,"Puerto Rico Commonwealth","Sabana Grande Municipio",4,47,279,135,144
050,72,121,"Puerto Rico Commonwealth","Sabana Grande Municipio",4,48,280,133,147
050,72,121,"Puerto Rico Commonwealth","Sabana Grande Municipio",4,49,288,129,159
050,72,121,"Puerto Rico Commonwealth","Sabana Grande Municipio",4,50,302,137,165
050,72,121,"Puerto Rico Commonwealth","Sabana Grande Municipio",4,51,302,141,161
050,72,121,"Puerto Rico Commonwealth","Sabana Grande Municipio",4,52,293,139,154
050,72,121,"Puerto Rico Commonwealth","Sabana Grande Municipio",4,53,283,132,151
050,72,121,"Puerto Rico Commonwealth","Sabana Grande Municipio",4,54,290,137,153
050,72,121,"Puerto Rico Commonwealth","Sabana Grande Municipio",4,55,280,134,146
050,72,121,"Puerto Rico Commonwealth","Sabana Grande Municipio",4,56,264,124,140
050,72,121,"Puerto Rico Commonwealth","Sabana Grande Municipio",4,57,252,111,141
050,72,121,"Puerto Rico Commonwealth","Sabana Grande Municipio",4,58,267,112,155
050,72,121,"Puerto Rico Commonwealth","Sabana Grande Municipio",4,59,279,109,170
050,72,121,"Puerto Rico Commonwealth","Sabana Grande Municipio",4,60,289,121,168
050,72,121,"Puerto Rico Commonwealth","Sabana Grande Municipio",4,61,304,131,173
050,72,121,"Puerto Rico Commonwealth","Sabana Grande Municipio",4,62,310,132,178
050,72,121,"Puerto Rico Commonwealth","Sabana Grande Municipio",4,63,294,124,170
050,72,121,"Puerto Rico Commonwealth","Sabana Grande Municipio",4,64,293,126,167
050,72,121,"Puerto Rico Commonwealth","Sabana Grande Municipio",4,65,289,126,163
050,72,121,"Puerto Rico Commonwealth","Sabana Grande Municipio",4,66,282,128,154
050,72,121,"Puerto Rico Commonwealth","Sabana Grande Municipio",4,67,285,128,157
050,72,121,"Puerto Rico Commonwealth","Sabana Grande Municipio",4,68,283,129,154
050,72,121,"Puerto Rico Commonwealth","Sabana Grande Municipio",4,69,276,121,155
050,72,121,"Puerto Rico Commonwealth","Sabana Grande Municipio",4,70,272,121,151
050,72,121,"Puerto Rico Commonwealth","Sabana Grande Municipio",4,71,264,113,151
050,72,121,"Puerto Rico Commonwealth","Sabana Grande Municipio",4,72,279,124,155
050,72,121,"Puerto Rico Commonwealth","Sabana Grande Municipio",4,73,294,127,167
050,72,121,"Puerto Rico Commonwealth","Sabana Grande Municipio",4,74,290,120,170
050,72,121,"Puerto Rico Commonwealth","Sabana Grande Municipio",4,75,278,116,162
050,72,121,"Puerto Rico Commonwealth","Sabana Grande Municipio",4,76,266,111,155
050,72,121,"Puerto Rico Commonwealth","Sabana Grande Municipio",4,77,248,107,141
050,72,121,"Puerto Rico Commonwealth","Sabana Grande Municipio",4,78,219,87,132
050,72,121,"Puerto Rico Commonwealth","Sabana Grande Municipio",4,79,196,76,120
050,72,121,"Puerto Rico Commonwealth","Sabana Grande Municipio",4,80,208,92,116
050,72,121,"Puerto Rico Commonwealth","Sabana Grande Municipio",4,81,186,79,107
050,72,121,"Puerto Rico Commonwealth","Sabana Grande Municipio",4,82,180,79,101
050,72,121,"Puerto Rico Commonwealth","Sabana Grande Municipio",4,83,166,67,99
050,72,121,"Puerto Rico Commonwealth","Sabana Grande Municipio",4,84,147,57,90
050,72,121,"Puerto Rico Commonwealth","Sabana Grande Municipio",4,85,830,321,509
050,72,121,"Puerto Rico Commonwealth","Sabana Grande Municipio",5,0,107,60,47
050,72,121,"Puerto Rico Commonwealth","Sabana Grande Municipio",5,1,140,67,73
050,72,121,"Puerto Rico Commonwealth","Sabana Grande Municipio",5,2,128,70,58
050,72,121,"Puerto Rico Commonwealth","Sabana Grande Municipio",5,3,141,78,63
050,72,121,"Puerto Rico Commonwealth","Sabana Grande Municipio",5,4,161,92,69
050,72,121,"Puerto Rico Commonwealth","Sabana Grande Municipio",5,5,155,88,67
050,72,121,"Puerto Rico Commonwealth","Sabana Grande Municipio",5,6,161,88,73
050,72,121,"Puerto Rico Commonwealth","Sabana Grande Municipio",5,7,182,99,83
050,72,121,"Puerto Rico Commonwealth","Sabana Grande Municipio",5,8,196,100,96
050,72,121,"Puerto Rico Commonwealth","Sabana Grande Municipio",5,9,216,112,104
050,72,121,"Puerto Rico Commonwealth","Sabana Grande Municipio",5,10,227,116,111
050,72,121,"Puerto Rico Commonwealth","Sabana Grande Municipio",5,11,222,106,116
050,72,121,"Puerto Rico Commonwealth","Sabana Grande Municipio",5,12,240,121,119
050,72,121,"Puerto Rico Commonwealth","Sabana Grande Municipio",5,13,247,129,118
050,72,121,"Puerto Rico Commonwealth","Sabana Grande Municipio",5,14,258,131,127
050,72,121,"Puerto Rico Commonwealth","Sabana Grande Municipio",5,15,248,124,124
050,72,121,"Puerto Rico Commonwealth","Sabana Grande Municipio",5,16,247,126,121
050,72,121,"Puerto Rico Commonwealth","Sabana Grande Municipio",5,17,258,139,119
050,72,121,"Puerto Rico Commonwealth","Sabana Grande Municipio",5,18,264,134,130
050,72,121,"Puerto Rico Commonwealth","Sabana Grande Municipio",5,19,253,129,124
050,72,121,"Puerto Rico Commonwealth","Sabana Grande Municipio",5,20,238,126,112
050,72,121,"Puerto Rico Commonwealth","Sabana Grande Municipio",5,21,254,137,117
050,72,121,"Puerto Rico Commonwealth","Sabana Grande Municipio",5,22,272,140,132
050,72,121,"Puerto Rico Commonwealth","Sabana Grande Municipio",5,23,283,142,141
050,72,121,"Puerto Rico Commonwealth","Sabana Grande Municipio",5,24,297,148,149
050,72,121,"Puerto Rico Commonwealth","Sabana Grande Municipio",5,25,303,143,160
050,72,121,"Puerto Rico Commonwealth","Sabana Grande Municipio",5,26,306,144,162
050,72,121,"Puerto Rico Commonwealth","Sabana Grande Municipio",5,27,308,146,162
050,72,121,"Puerto Rico Commonwealth","Sabana Grande Municipio",5,28,309,158,151
050,72,121,"Puerto Rico Commonwealth","Sabana Grande Municipio",5,29,310,156,154
050,72,121,"Puerto Rico Commonwealth","Sabana Grande Municipio",5,30,303,144,159
050,72,121,"Puerto Rico Commonwealth","Sabana Grande Municipio",5,31,297,141,156
050,72,121,"Puerto Rico Commonwealth","Sabana Grande Municipio",5,32,276,135,141
050,72,121,"Puerto Rico Commonwealth","Sabana Grande Municipio",5,33,275,133,142
050,72,121,"Puerto Rico Commonwealth","Sabana Grande Municipio",5,34,261,119,142
050,72,121,"Puerto Rico Commonwealth","Sabana Grande Municipio",5,35,252,121,131
050,72,121,"Puerto Rico Commonwealth","Sabana Grande Municipio",5,36,222,108,114
050,72,121,"Puerto Rico Commonwealth","Sabana Grande Municipio",5,37,223,112,111
050,72,121,"Puerto Rico Commonwealth","Sabana Grande Municipio",5,38,209,99,110
050,72,121,"Puerto Rico Commonwealth","Sabana Grande Municipio",5,39,221,105,116
050,72,121,"Puerto Rico Commonwealth","Sabana Grande Municipio",5,40,225,104,121
050,72,121,"Puerto Rico Commonwealth","Sabana Grande Municipio",5,41,250,120,130
050,72,121,"Puerto Rico Commonwealth","Sabana Grande Municipio",5,42,259,124,135
050,72,121,"Puerto Rico Commonwealth","Sabana Grande Municipio",5,43,266,124,142
050,72,121,"Puerto Rico Commonwealth","Sabana Grande Municipio",5,44,258,116,142
050,72,121,"Puerto Rico Commonwealth","Sabana Grande Municipio",5,45,274,130,144
050,72,121,"Puerto Rico Commonwealth","Sabana Grande Municipio",5,46,279,126,153
050,72,121,"Puerto Rico Commonwealth","Sabana Grande Municipio",5,47,281,128,153
050,72,121,"Puerto Rico Commonwealth","Sabana Grande Municipio",5,48,277,133,144
050,72,121,"Puerto Rico Commonwealth","Sabana Grande Municipio",5,49,277,130,147
050,72,121,"Puerto Rico Commonwealth","Sabana Grande Municipio",5,50,286,128,158
050,72,121,"Puerto Rico Commonwealth","Sabana Grande Municipio",5,51,299,135,164
050,72,121,"Puerto Rico Commonwealth","Sabana Grande Municipio",5,52,298,138,160
050,72,121,"Puerto Rico Commonwealth","Sabana Grande Municipio",5,53,293,139,154
050,72,121,"Puerto Rico Commonwealth","Sabana Grande Municipio",5,54,280,131,149
050,72,121,"Puerto Rico Commonwealth","Sabana Grande Municipio",5,55,291,137,154
050,72,121,"Puerto Rico Commonwealth","Sabana Grande Municipio",5,56,277,132,145
050,72,121,"Puerto Rico Commonwealth","Sabana Grande Municipio",5,57,264,123,141
050,72,121,"Puerto Rico Commonwealth","Sabana Grande Municipio",5,58,249,110,139
050,72,121,"Puerto Rico Commonwealth","Sabana Grande Municipio",5,59,269,113,156
050,72,121,"Puerto Rico Commonwealth","Sabana Grande Municipio",5,60,275,106,169
050,72,121,"Puerto Rico Commonwealth","Sabana Grande Municipio",5,61,290,122,168
050,72,121,"Puerto Rico Commonwealth","Sabana Grande Municipio",5,62,303,129,174
050,72,121,"Puerto Rico Commonwealth","Sabana Grande Municipio",5,63,308,130,178
050,72,121,"Puerto Rico Commonwealth","Sabana Grande Municipio",5,64,293,122,171
050,72,121,"Puerto Rico Commonwealth","Sabana Grande Municipio",5,65,289,124,165
050,72,121,"Puerto Rico Commonwealth","Sabana Grande Municipio",5,66,285,121,164
050,72,121,"Puerto Rico Commonwealth","Sabana Grande Municipio",5,67,277,123,154
050,72,121,"Puerto Rico Commonwealth","Sabana Grande Municipio",5,68,284,127,157
050,72,121,"Puerto Rico Commonwealth","Sabana Grande Municipio",5,69,280,127,153
050,72,121,"Puerto Rico Commonwealth","Sabana Grande Municipio",5,70,278,121,157
050,72,121,"Puerto Rico Commonwealth","Sabana Grande Municipio",5,71,265,117,148
050,72,121,"Puerto Rico Commonwealth","Sabana Grande Municipio",5,72,260,113,147
050,72,121,"Puerto Rico Commonwealth","Sabana Grande Municipio",5,73,276,123,153
050,72,121,"Puerto Rico Commonwealth","Sabana Grande Municipio",5,74,294,126,168
050,72,121,"Puerto Rico Commonwealth","Sabana Grande Municipio",5,75,282,116,166
050,72,121,"Puerto Rico Commonwealth","Sabana Grande Municipio",5,76,267,108,159
050,72,121,"Puerto Rico Commonwealth","Sabana Grande Municipio",5,77,257,106,151
050,72,121,"Puerto Rico Commonwealth","Sabana Grande Municipio",5,78,238,98,140
050,72,121,"Puerto Rico Commonwealth","Sabana Grande Municipio",5,79,213,84,129
050,72,121,"Puerto Rico Commonwealth","Sabana Grande Municipio",5,80,188,69,119
050,72,121,"Puerto Rico Commonwealth","Sabana Grande Municipio",5,81,194,83,111
050,72,121,"Puerto Rico Commonwealth","Sabana Grande Municipio",5,82,177,73,104
050,72,121,"Puerto Rico Commonwealth","Sabana Grande Municipio",5,83,174,77,97
050,72,121,"Puerto Rico Commonwealth","Sabana Grande Municipio",5,84,159,63,96
050,72,121,"Puerto Rico Commonwealth","Sabana Grande Municipio",5,85,882,342,540
050,72,123,"Puerto Rico Commonwealth","Salinas Municipio",1,0,141,69,72
050,72,123,"Puerto Rico Commonwealth","Salinas Municipio",1,1,164,85,79
050,72,123,"Puerto Rico Commonwealth","Salinas Municipio",1,2,186,101,85
050,72,123,"Puerto Rico Commonwealth","Salinas Municipio",1,3,206,108,98
050,72,123,"Puerto Rico Commonwealth","Salinas Municipio",1,4,222,111,111
050,72,123,"Puerto Rico Commonwealth","Salinas Municipio",1,5,238,119,119
050,72,123,"Puerto Rico Commonwealth","Salinas Municipio",1,6,256,130,126
050,72,123,"Puerto Rico Commonwealth","Salinas Municipio",1,7,263,129,134
050,72,123,"Puerto Rico Commonwealth","Salinas Municipio",1,8,267,133,134
050,72,123,"Puerto Rico Commonwealth","Salinas Municipio",1,9,301,155,146
050,72,123,"Puerto Rico Commonwealth","Salinas Municipio",1,10,305,159,146
050,72,123,"Puerto Rico Commonwealth","Salinas Municipio",1,11,317,162,155
050,72,123,"Puerto Rico Commonwealth","Salinas Municipio",1,12,334,177,157
050,72,123,"Puerto Rico Commonwealth","Salinas Municipio",1,13,349,191,158
050,72,123,"Puerto Rico Commonwealth","Salinas Municipio",1,14,346,180,166
050,72,123,"Puerto Rico Commonwealth","Salinas Municipio",1,15,351,183,168
050,72,123,"Puerto Rico Commonwealth","Salinas Municipio",1,16,359,191,168
050,72,123,"Puerto Rico Commonwealth","Salinas Municipio",1,17,351,196,155
050,72,123,"Puerto Rico Commonwealth","Salinas Municipio",1,18,352,188,164
050,72,123,"Puerto Rico Commonwealth","Salinas Municipio",1,19,339,175,164
050,72,123,"Puerto Rico Commonwealth","Salinas Municipio",1,20,333,173,160
050,72,123,"Puerto Rico Commonwealth","Salinas Municipio",1,21,327,172,155
050,72,123,"Puerto Rico Commonwealth","Salinas Municipio",1,22,328,161,167
050,72,123,"Puerto Rico Commonwealth","Salinas Municipio",1,23,345,178,167
050,72,123,"Puerto Rico Commonwealth","Salinas Municipio",1,24,364,181,183
050,72,123,"Puerto Rico Commonwealth","Salinas Municipio",1,25,358,170,188
050,72,123,"Puerto Rico Commonwealth","Salinas Municipio",1,26,353,173,180
050,72,123,"Puerto Rico Commonwealth","Salinas Municipio",1,27,341,179,162
050,72,123,"Puerto Rico Commonwealth","Salinas Municipio",1,28,361,184,177
050,72,123,"Puerto Rico Commonwealth","Salinas Municipio",1,29,361,178,183
050,72,123,"Puerto Rico Commonwealth","Salinas Municipio",1,30,339,183,156
050,72,123,"Puerto Rico Commonwealth","Salinas Municipio",1,31,303,153,150
050,72,123,"Puerto Rico Commonwealth","Salinas Municipio",1,32,280,129,151
050,72,123,"Puerto Rico Commonwealth","Salinas Municipio",1,33,266,122,144
050,72,123,"Puerto Rico Commonwealth","Salinas Municipio",1,34,267,112,155
050,72,123,"Puerto Rico Commonwealth","Salinas Municipio",1,35,277,129,148
050,72,123,"Puerto Rico Commonwealth","Salinas Municipio",1,36,279,134,145
050,72,123,"Puerto Rico Commonwealth","Salinas Municipio",1,37,302,144,158
050,72,123,"Puerto Rico Commonwealth","Salinas Municipio",1,38,314,137,177
050,72,123,"Puerto Rico Commonwealth","Salinas Municipio",1,39,350,176,174
050,72,123,"Puerto Rico Commonwealth","Salinas Municipio",1,40,348,173,175
050,72,123,"Puerto Rico Commonwealth","Salinas Municipio",1,41,331,155,176
050,72,123,"Puerto Rico Commonwealth","Salinas Municipio",1,42,321,147,174
050,72,123,"Puerto Rico Commonwealth","Salinas Municipio",1,43,320,153,167
050,72,123,"Puerto Rico Commonwealth","Salinas Municipio",1,44,335,164,171
050,72,123,"Puerto Rico Commonwealth","Salinas Municipio",1,45,335,163,172
050,72,123,"Puerto Rico Commonwealth","Salinas Municipio",1,46,323,153,170
050,72,123,"Puerto Rico Commonwealth","Salinas Municipio",1,47,316,155,161
050,72,123,"Puerto Rico Commonwealth","Salinas Municipio",1,48,348,170,178
050,72,123,"Puerto Rico Commonwealth","Salinas Municipio",1,49,358,181,177
050,72,123,"Puerto Rico Commonwealth","Salinas Municipio",1,50,344,170,174
050,72,123,"Puerto Rico Commonwealth","Salinas Municipio",1,51,322,153,169
050,72,123,"Puerto Rico Commonwealth","Salinas Municipio",1,52,311,143,168
050,72,123,"Puerto Rico Commonwealth","Salinas Municipio",1,53,308,150,158
050,72,123,"Puerto Rico Commonwealth","Salinas Municipio",1,54,328,156,172
050,72,123,"Puerto Rico Commonwealth","Salinas Municipio",1,55,339,169,170
050,72,123,"Puerto Rico Commonwealth","Salinas Municipio",1,56,333,166,167
050,72,123,"Puerto Rico Commonwealth","Salinas Municipio",1,57,334,150,184
050,72,123,"Puerto Rico Commonwealth","Salinas Municipio",1,58,335,160,175
050,72,123,"Puerto Rico Commonwealth","Salinas Municipio",1,59,344,165,179
050,72,123,"Puerto Rico Commonwealth","Salinas Municipio",1,60,332,156,176
050,72,123,"Puerto Rico Commonwealth","Salinas Municipio",1,61,319,147,172
050,72,123,"Puerto Rico Commonwealth","Salinas Municipio",1,62,322,148,174
050,72,123,"Puerto Rico Commonwealth","Salinas Municipio",1,63,329,145,184
050,72,123,"Puerto Rico Commonwealth","Salinas Municipio",1,64,327,144,183
050,72,123,"Puerto Rico Commonwealth","Salinas Municipio",1,65,329,149,180
050,72,123,"Puerto Rico Commonwealth","Salinas Municipio",1,66,325,147,178
050,72,123,"Puerto Rico Commonwealth","Salinas Municipio",1,67,306,140,166
050,72,123,"Puerto Rico Commonwealth","Salinas Municipio",1,68,298,129,169
050,72,123,"Puerto Rico Commonwealth","Salinas Municipio",1,69,306,136,170
050,72,123,"Puerto Rico Commonwealth","Salinas Municipio",1,70,296,139,157
050,72,123,"Puerto Rico Commonwealth","Salinas Municipio",1,71,296,146,150
050,72,123,"Puerto Rico Commonwealth","Salinas Municipio",1,72,305,145,160
050,72,123,"Puerto Rico Commonwealth","Salinas Municipio",1,73,295,134,161
050,72,123,"Puerto Rico Commonwealth","Salinas Municipio",1,74,275,115,160
050,72,123,"Puerto Rico Commonwealth","Salinas Municipio",1,75,234,100,134
050,72,123,"Puerto Rico Commonwealth","Salinas Municipio",1,76,208,97,111
050,72,123,"Puerto Rico Commonwealth","Salinas Municipio",1,77,206,87,119
050,72,123,"Puerto Rico Commonwealth","Salinas Municipio",1,78,192,82,110
050,72,123,"Puerto Rico Commonwealth","Salinas Municipio",1,79,184,77,107
050,72,123,"Puerto Rico Commonwealth","Salinas Municipio",1,80,165,70,95
050,72,123,"Puerto Rico Commonwealth","Salinas Municipio",1,81,151,63,88
050,72,123,"Puerto Rico Commonwealth","Salinas Municipio",1,82,151,62,89
050,72,123,"Puerto Rico Commonwealth","Salinas Municipio",1,83,131,56,75
050,72,123,"Puerto Rico Commonwealth","Salinas Municipio",1,84,114,49,65
050,72,123,"Puerto Rico Commonwealth","Salinas Municipio",1,85,665,261,404
050,72,123,"Puerto Rico Commonwealth","Salinas Municipio",2,0,136,66,70
050,72,123,"Puerto Rico Commonwealth","Salinas Municipio",2,1,158,81,77
050,72,123,"Puerto Rico Commonwealth","Salinas Municipio",2,2,181,97,84
050,72,123,"Puerto Rico Commonwealth","Salinas Municipio",2,3,200,106,94
050,72,123,"Puerto Rico Commonwealth","Salinas Municipio",2,4,218,110,108
050,72,123,"Puerto Rico Commonwealth","Salinas Municipio",2,5,234,117,117
050,72,123,"Puerto Rico Commonwealth","Salinas Municipio",2,6,253,128,125
050,72,123,"Puerto Rico Commonwealth","Salinas Municipio",2,7,261,129,132
050,72,123,"Puerto Rico Commonwealth","Salinas Municipio",2,8,266,132,134
050,72,123,"Puerto Rico Commonwealth","Salinas Municipio",2,9,292,149,143
050,72,123,"Puerto Rico Commonwealth","Salinas Municipio",2,10,304,158,146
050,72,123,"Puerto Rico Commonwealth","Salinas Municipio",2,11,314,162,152
050,72,123,"Puerto Rico Commonwealth","Salinas Municipio",2,12,330,173,157
050,72,123,"Puerto Rico Commonwealth","Salinas Municipio",2,13,344,187,157
050,72,123,"Puerto Rico Commonwealth","Salinas Municipio",2,14,346,183,163
050,72,123,"Puerto Rico Commonwealth","Salinas Municipio",2,15,348,182,166
050,72,123,"Puerto Rico Commonwealth","Salinas Municipio",2,16,355,188,167
050,72,123,"Puerto Rico Commonwealth","Salinas Municipio",2,17,351,194,157
050,72,123,"Puerto Rico Commonwealth","Salinas Municipio",2,18,349,188,161
050,72,123,"Puerto Rico Commonwealth","Salinas Municipio",2,19,340,177,163
050,72,123,"Puerto Rico Commonwealth","Salinas Municipio",2,20,333,173,160
050,72,123,"Puerto Rico Commonwealth","Salinas Municipio",2,21,325,171,154
050,72,123,"Puerto Rico Commonwealth","Salinas Municipio",2,22,326,163,163
050,72,123,"Puerto Rico Commonwealth","Salinas Municipio",2,23,339,173,166
050,72,123,"Puerto Rico Commonwealth","Salinas Municipio",2,24,357,179,178
050,72,123,"Puerto Rico Commonwealth","Salinas Municipio",2,25,358,172,186
050,72,123,"Puerto Rico Commonwealth","Salinas Municipio",2,26,352,171,181
050,72,123,"Puerto Rico Commonwealth","Salinas Municipio",2,27,343,176,167
050,72,123,"Puerto Rico Commonwealth","Salinas Municipio",2,28,355,182,173
050,72,123,"Puerto Rico Commonwealth","Salinas Municipio",2,29,361,180,181
050,72,123,"Puerto Rico Commonwealth","Salinas Municipio",2,30,344,181,163
050,72,123,"Puerto Rico Commonwealth","Salinas Municipio",2,31,313,161,152
050,72,123,"Puerto Rico Commonwealth","Salinas Municipio",2,32,285,135,150
050,72,123,"Puerto Rico Commonwealth","Salinas Municipio",2,33,270,124,146
050,72,123,"Puerto Rico Commonwealth","Salinas Municipio",2,34,266,114,152
050,72,123,"Puerto Rico Commonwealth","Salinas Municipio",2,35,273,124,149
050,72,123,"Puerto Rico Commonwealth","Salinas Municipio",2,36,279,133,146
050,72,123,"Puerto Rico Commonwealth","Salinas Municipio",2,37,295,140,155
050,72,123,"Puerto Rico Commonwealth","Salinas Municipio",2,38,311,139,172
050,72,123,"Puerto Rico Commonwealth","Salinas Municipio",2,39,341,166,175
050,72,123,"Puerto Rico Commonwealth","Salinas Municipio",2,40,348,174,174
050,72,123,"Puerto Rico Commonwealth","Salinas Municipio",2,41,335,159,176
050,72,123,"Puerto Rico Commonwealth","Salinas Municipio",2,42,324,149,175
050,72,123,"Puerto Rico Commonwealth","Salinas Municipio",2,43,319,151,168
050,72,123,"Puerto Rico Commonwealth","Salinas Municipio",2,44,331,161,170
050,72,123,"Puerto Rico Commonwealth","Salinas Municipio",2,45,335,163,172
050,72,123,"Puerto Rico Commonwealth","Salinas Municipio",2,46,327,156,171
050,72,123,"Puerto Rico Commonwealth","Salinas Municipio",2,47,317,154,163
050,72,123,"Puerto Rico Commonwealth","Salinas Municipio",2,48,341,167,174
050,72,123,"Puerto Rico Commonwealth","Salinas Municipio",2,49,353,178,175
050,72,123,"Puerto Rico Commonwealth","Salinas Municipio",2,50,348,173,175
050,72,123,"Puerto Rico Commonwealth","Salinas Municipio",2,51,326,156,170
050,72,123,"Puerto Rico Commonwealth","Salinas Municipio",2,52,311,143,168
050,72,123,"Puerto Rico Commonwealth","Salinas Municipio",2,53,310,149,161
050,72,123,"Puerto Rico Commonwealth","Salinas Municipio",2,54,322,154,168
050,72,123,"Puerto Rico Commonwealth","Salinas Municipio",2,55,336,166,170
050,72,123,"Puerto Rico Commonwealth","Salinas Municipio",2,56,334,167,167
050,72,123,"Puerto Rico Commonwealth","Salinas Municipio",2,57,334,154,180
050,72,123,"Puerto Rico Commonwealth","Salinas Municipio",2,58,334,157,177
050,72,123,"Puerto Rico Commonwealth","Salinas Municipio",2,59,342,164,178
050,72,123,"Puerto Rico Commonwealth","Salinas Municipio",2,60,335,158,177
050,72,123,"Puerto Rico Commonwealth","Salinas Municipio",2,61,322,149,173
050,72,123,"Puerto Rico Commonwealth","Salinas Municipio",2,62,321,147,174
050,72,123,"Puerto Rico Commonwealth","Salinas Municipio",2,63,326,146,180
050,72,123,"Puerto Rico Commonwealth","Salinas Municipio",2,64,327,144,183
050,72,123,"Puerto Rico Commonwealth","Salinas Municipio",2,65,328,147,181
050,72,123,"Puerto Rico Commonwealth","Salinas Municipio",2,66,324,146,178
050,72,123,"Puerto Rico Commonwealth","Salinas Municipio",2,67,309,142,167
050,72,123,"Puerto Rico Commonwealth","Salinas Municipio",2,68,300,132,168
050,72,123,"Puerto Rico Commonwealth","Salinas Municipio",2,69,304,134,170
050,72,123,"Puerto Rico Commonwealth","Salinas Municipio",2,70,296,137,159
050,72,123,"Puerto Rico Commonwealth","Salinas Municipio",2,71,294,143,151
050,72,123,"Puerto Rico Commonwealth","Salinas Municipio",2,72,300,144,156
050,72,123,"Puerto Rico Commonwealth","Salinas Municipio",2,73,294,134,160
050,72,123,"Puerto Rico Commonwealth","Salinas Municipio",2,74,278,118,160
050,72,123,"Puerto Rico Commonwealth","Salinas Municipio",2,75,244,103,141
050,72,123,"Puerto Rico Commonwealth","Salinas Municipio",2,76,213,97,116
050,72,123,"Puerto Rico Commonwealth","Salinas Municipio",2,77,204,88,116
050,72,123,"Puerto Rico Commonwealth","Salinas Municipio",2,78,196,83,113
050,72,123,"Puerto Rico Commonwealth","Salinas Municipio",2,79,182,76,106
050,72,123,"Puerto Rico Commonwealth","Salinas Municipio",2,80,169,71,98
050,72,123,"Puerto Rico Commonwealth","Salinas Municipio",2,81,153,63,90
050,72,123,"Puerto Rico Commonwealth","Salinas Municipio",2,82,152,64,88
050,72,123,"Puerto Rico Commonwealth","Salinas Municipio",2,83,133,55,78
050,72,123,"Puerto Rico Commonwealth","Salinas Municipio",2,84,115,48,67
050,72,123,"Puerto Rico Commonwealth","Salinas Municipio",2,85,670,266,404
050,72,123,"Puerto Rico Commonwealth","Salinas Municipio",3,0,167,87,80
050,72,123,"Puerto Rico Commonwealth","Salinas Municipio",3,1,135,65,70
050,72,123,"Puerto Rico Commonwealth","Salinas Municipio",3,2,155,79,76
050,72,123,"Puerto Rico Commonwealth","Salinas Municipio",3,3,179,96,83
050,72,123,"Puerto Rico Commonwealth","Salinas Municipio",3,4,198,105,93
050,72,123,"Puerto Rico Commonwealth","Salinas Municipio",3,5,216,109,107
050,72,123,"Puerto Rico Commonwealth","Salinas Municipio",3,6,232,116,116
050,72,123,"Puerto Rico Commonwealth","Salinas Municipio",3,7,252,128,124
050,72,123,"Puerto Rico Commonwealth","Salinas Municipio",3,8,260,129,131
050,72,123,"Puerto Rico Commonwealth","Salinas Municipio",3,9,265,132,133
050,72,123,"Puerto Rico Commonwealth","Salinas Municipio",3,10,291,149,142
050,72,123,"Puerto Rico Commonwealth","Salinas Municipio",3,11,302,158,144
050,72,123,"Puerto Rico Commonwealth","Salinas Municipio",3,12,323,166,157
050,72,123,"Puerto Rico Commonwealth","Salinas Municipio",3,13,337,178,159
050,72,123,"Puerto Rico Commonwealth","Salinas Municipio",3,14,344,188,156
050,72,123,"Puerto Rico Commonwealth","Salinas Municipio",3,15,354,190,164
050,72,123,"Puerto Rico Commonwealth","Salinas Municipio",3,16,353,189,164
050,72,123,"Puerto Rico Commonwealth","Salinas Municipio",3,17,350,185,165
050,72,123,"Puerto Rico Commonwealth","Salinas Municipio",3,18,315,174,141
050,72,123,"Puerto Rico Commonwealth","Salinas Municipio",3,19,324,173,151
050,72,123,"Puerto Rico Commonwealth","Salinas Municipio",3,20,331,170,161
050,72,123,"Puerto Rico Commonwealth","Salinas Municipio",3,21,324,166,158
050,72,123,"Puerto Rico Commonwealth","Salinas Municipio",3,22,318,167,151
050,72,123,"Puerto Rico Commonwealth","Salinas Municipio",3,23,323,161,162
050,72,123,"Puerto Rico Commonwealth","Salinas Municipio",3,24,334,170,164
050,72,123,"Puerto Rico Commonwealth","Salinas Municipio",3,25,354,178,176
050,72,123,"Puerto Rico Commonwealth","Salinas Municipio",3,26,357,172,185
050,72,123,"Puerto Rico Commonwealth","Salinas Municipio",3,27,350,170,180
050,72,123,"Puerto Rico Commonwealth","Salinas Municipio",3,28,340,175,165
050,72,123,"Puerto Rico Commonwealth","Salinas Municipio",3,29,350,179,171
050,72,123,"Puerto Rico Commonwealth","Salinas Municipio",3,30,359,179,180
050,72,123,"Puerto Rico Commonwealth","Salinas Municipio",3,31,342,181,161
050,72,123,"Puerto Rico Commonwealth","Salinas Municipio",3,32,311,161,150
050,72,123,"Puerto Rico Commonwealth","Salinas Municipio",3,33,284,135,149
050,72,123,"Puerto Rico Commonwealth","Salinas Municipio",3,34,270,125,145
050,72,123,"Puerto Rico Commonwealth","Salinas Municipio",3,35,262,112,150
050,72,123,"Puerto Rico Commonwealth","Salinas Municipio",3,36,270,122,148
050,72,123,"Puerto Rico Commonwealth","Salinas Municipio",3,37,277,133,144
050,72,123,"Puerto Rico Commonwealth","Salinas Municipio",3,38,292,139,153
050,72,123,"Puerto Rico Commonwealth","Salinas Municipio",3,39,309,140,169
050,72,123,"Puerto Rico Commonwealth","Salinas Municipio",3,40,338,165,173
050,72,123,"Puerto Rico Commonwealth","Salinas Municipio",3,41,347,175,172
050,72,123,"Puerto Rico Commonwealth","Salinas Municipio",3,42,332,158,174
050,72,123,"Puerto Rico Commonwealth","Salinas Municipio",3,43,322,149,173
050,72,123,"Puerto Rico Commonwealth","Salinas Municipio",3,44,314,150,164
050,72,123,"Puerto Rico Commonwealth","Salinas Municipio",3,45,329,160,169
050,72,123,"Puerto Rico Commonwealth","Salinas Municipio",3,46,330,162,168
050,72,123,"Puerto Rico Commonwealth","Salinas Municipio",3,47,323,153,170
050,72,123,"Puerto Rico Commonwealth","Salinas Municipio",3,48,315,153,162
050,72,123,"Puerto Rico Commonwealth","Salinas Municipio",3,49,340,166,174
050,72,123,"Puerto Rico Commonwealth","Salinas Municipio",3,50,349,177,172
050,72,123,"Puerto Rico Commonwealth","Salinas Municipio",3,51,345,172,173
050,72,123,"Puerto Rico Commonwealth","Salinas Municipio",3,52,324,155,169
050,72,123,"Puerto Rico Commonwealth","Salinas Municipio",3,53,307,141,166
050,72,123,"Puerto Rico Commonwealth","Salinas Municipio",3,54,307,147,160
050,72,123,"Puerto Rico Commonwealth","Salinas Municipio",3,55,316,151,165
050,72,123,"Puerto Rico Commonwealth","Salinas Municipio",3,56,330,163,167
050,72,123,"Puerto Rico Commonwealth","Salinas Municipio",3,57,332,166,166
050,72,123,"Puerto Rico Commonwealth","Salinas Municipio",3,58,332,153,179
050,72,123,"Puerto Rico Commonwealth","Salinas Municipio",3,59,328,155,173
050,72,123,"Puerto Rico Commonwealth","Salinas Municipio",3,60,338,161,177
050,72,123,"Puerto Rico Commonwealth","Salinas Municipio",3,61,331,157,174
050,72,123,"Puerto Rico Commonwealth","Salinas Municipio",3,62,317,144,173
050,72,123,"Puerto Rico Commonwealth","Salinas Municipio",3,63,316,143,173
050,72,123,"Puerto Rico Commonwealth","Salinas Municipio",3,64,323,144,179
050,72,123,"Puerto Rico Commonwealth","Salinas Municipio",3,65,320,142,178
050,72,123,"Puerto Rico Commonwealth","Salinas Municipio",3,66,327,148,179
050,72,123,"Puerto Rico Commonwealth","Salinas Municipio",3,67,316,140,176
050,72,123,"Puerto Rico Commonwealth","Salinas Municipio",3,68,310,140,170
050,72,123,"Puerto Rico Commonwealth","Salinas Municipio",3,69,294,132,162
050,72,123,"Puerto Rico Commonwealth","Salinas Municipio",3,70,291,125,166
050,72,123,"Puerto Rico Commonwealth","Salinas Municipio",3,71,292,135,157
050,72,123,"Puerto Rico Commonwealth","Salinas Municipio",3,72,291,142,149
050,72,123,"Puerto Rico Commonwealth","Salinas Municipio",3,73,281,132,149
050,72,123,"Puerto Rico Commonwealth","Salinas Municipio",3,74,291,131,160
050,72,123,"Puerto Rico Commonwealth","Salinas Municipio",3,75,269,112,157
050,72,123,"Puerto Rico Commonwealth","Salinas Municipio",3,76,240,100,140
050,72,123,"Puerto Rico Commonwealth","Salinas Municipio",3,77,202,93,109
050,72,123,"Puerto Rico Commonwealth","Salinas Municipio",3,78,193,81,112
050,72,123,"Puerto Rico Commonwealth","Salinas Municipio",3,79,196,84,112
050,72,123,"Puerto Rico Commonwealth","Salinas Municipio",3,80,177,73,104
050,72,123,"Puerto Rico Commonwealth","Salinas Municipio",3,81,156,64,92
050,72,123,"Puerto Rico Commonwealth","Salinas Municipio",3,82,152,61,91
050,72,123,"Puerto Rico Commonwealth","Salinas Municipio",3,83,141,61,80
050,72,123,"Puerto Rico Commonwealth","Salinas Municipio",3,84,126,51,75
050,72,123,"Puerto Rico Commonwealth","Salinas Municipio",3,85,708,279,429
050,72,123,"Puerto Rico Commonwealth","Salinas Municipio",4,0,163,92,71
050,72,123,"Puerto Rico Commonwealth","Salinas Municipio",4,1,165,86,79
050,72,123,"Puerto Rico Commonwealth","Salinas Municipio",4,2,131,63,68
050,72,123,"Puerto Rico Commonwealth","Salinas Municipio",4,3,150,76,74
050,72,123,"Puerto Rico Commonwealth","Salinas Municipio",4,4,175,94,81
050,72,123,"Puerto Rico Commonwealth","Salinas Municipio",4,5,194,103,91
050,72,123,"Puerto Rico Commonwealth","Salinas Municipio",4,6,212,107,105
050,72,123,"Puerto Rico Commonwealth","Salinas Municipio",4,7,228,114,114
050,72,123,"Puerto Rico Commonwealth","Salinas Municipio",4,8,247,126,121
050,72,123,"Puerto Rico Commonwealth","Salinas Municipio",4,9,257,128,129
050,72,123,"Puerto Rico Commonwealth","Salinas Municipio",4,10,261,131,130
050,72,123,"Puerto Rico Commonwealth","Salinas Municipio",4,11,285,146,139
050,72,123,"Puerto Rico Commonwealth","Salinas Municipio",4,12,307,160,147
050,72,123,"Puerto Rico Commonwealth","Salinas Municipio",4,13,326,169,157
050,72,123,"Puerto Rico Commonwealth","Salinas Municipio",4,14,334,177,157
050,72,123,"Puerto Rico Commonwealth","Salinas Municipio",4,15,348,193,155
050,72,123,"Puerto Rico Commonwealth","Salinas Municipio",4,16,356,195,161
050,72,123,"Puerto Rico Commonwealth","Salinas Municipio",4,17,345,185,160
050,72,123,"Puerto Rico Commonwealth","Salinas Municipio",4,18,311,163,148
050,72,123,"Puerto Rico Commonwealth","Salinas Municipio",4,19,286,156,130
050,72,123,"Puerto Rico Commonwealth","Salinas Municipio",4,20,311,165,146
050,72,123,"Puerto Rico Commonwealth","Salinas Municipio",4,21,319,162,157
050,72,123,"Puerto Rico Commonwealth","Salinas Municipio",4,22,311,158,153
050,72,123,"Puerto Rico Commonwealth","Salinas Municipio",4,23,312,164,148
050,72,123,"Puerto Rico Commonwealth","Salinas Municipio",4,24,314,156,158
050,72,123,"Puerto Rico Commonwealth","Salinas Municipio",4,25,326,165,161
050,72,123,"Puerto Rico Commonwealth","Salinas Municipio",4,26,349,176,173
050,72,123,"Puerto Rico Commonwealth","Salinas Municipio",4,27,348,166,182
050,72,123,"Puerto Rico Commonwealth","Salinas Municipio",4,28,342,165,177
050,72,123,"Puerto Rico Commonwealth","Salinas Municipio",4,29,331,171,160
050,72,123,"Puerto Rico Commonwealth","Salinas Municipio",4,30,342,175,167
050,72,123,"Puerto Rico Commonwealth","Salinas Municipio",4,31,354,177,177
050,72,123,"Puerto Rico Commonwealth","Salinas Municipio",4,32,336,178,158
050,72,123,"Puerto Rico Commonwealth","Salinas Municipio",4,33,303,156,147
050,72,123,"Puerto Rico Commonwealth","Salinas Municipio",4,34,279,133,146
050,72,123,"Puerto Rico Commonwealth","Salinas Municipio",4,35,265,123,142
050,72,123,"Puerto Rico Commonwealth","Salinas Municipio",4,36,255,108,147
050,72,123,"Puerto Rico Commonwealth","Salinas Municipio",4,37,264,119,145
050,72,123,"Puerto Rico Commonwealth","Salinas Municipio",4,38,271,130,141
050,72,123,"Puerto Rico Commonwealth","Salinas Municipio",4,39,285,135,150
050,72,123,"Puerto Rico Commonwealth","Salinas Municipio",4,40,302,136,166
050,72,123,"Puerto Rico Commonwealth","Salinas Municipio",4,41,333,163,170
050,72,123,"Puerto Rico Commonwealth","Salinas Municipio",4,42,342,173,169
050,72,123,"Puerto Rico Commonwealth","Salinas Municipio",4,43,324,154,170
050,72,123,"Puerto Rico Commonwealth","Salinas Municipio",4,44,317,147,170
050,72,123,"Puerto Rico Commonwealth","Salinas Municipio",4,45,308,148,160
050,72,123,"Puerto Rico Commonwealth","Salinas Municipio",4,46,323,157,166
050,72,123,"Puerto Rico Commonwealth","Salinas Municipio",4,47,322,158,164
050,72,123,"Puerto Rico Commonwealth","Salinas Municipio",4,48,319,151,168
050,72,123,"Puerto Rico Commonwealth","Salinas Municipio",4,49,310,149,161
050,72,123,"Puerto Rico Commonwealth","Salinas Municipio",4,50,336,165,171
050,72,123,"Puerto Rico Commonwealth","Salinas Municipio",4,51,344,174,170
050,72,123,"Puerto Rico Commonwealth","Salinas Municipio",4,52,341,170,171
050,72,123,"Puerto Rico Commonwealth","Salinas Municipio",4,53,320,153,167
050,72,123,"Puerto Rico Commonwealth","Salinas Municipio",4,54,300,137,163
050,72,123,"Puerto Rico Commonwealth","Salinas Municipio",4,55,303,145,158
050,72,123,"Puerto Rico Commonwealth","Salinas Municipio",4,56,310,147,163
050,72,123,"Puerto Rico Commonwealth","Salinas Municipio",4,57,328,162,166
050,72,123,"Puerto Rico Commonwealth","Salinas Municipio",4,58,328,163,165
050,72,123,"Puerto Rico Commonwealth","Salinas Municipio",4,59,327,150,177
050,72,123,"Puerto Rico Commonwealth","Salinas Municipio",4,60,322,150,172
050,72,123,"Puerto Rico Commonwealth","Salinas Municipio",4,61,333,158,175
050,72,123,"Puerto Rico Commonwealth","Salinas Municipio",4,62,328,155,173
050,72,123,"Puerto Rico Commonwealth","Salinas Municipio",4,63,312,141,171
050,72,123,"Puerto Rico Commonwealth","Salinas Municipio",4,64,311,139,172
050,72,123,"Puerto Rico Commonwealth","Salinas Municipio",4,65,316,140,176
050,72,123,"Puerto Rico Commonwealth","Salinas Municipio",4,66,319,143,176
050,72,123,"Puerto Rico Commonwealth","Salinas Municipio",4,67,315,139,176
050,72,123,"Puerto Rico Commonwealth","Salinas Municipio",4,68,318,140,178
050,72,123,"Puerto Rico Commonwealth","Salinas Municipio",4,69,300,138,162
050,72,123,"Puerto Rico Commonwealth","Salinas Municipio",4,70,281,125,156
050,72,123,"Puerto Rico Commonwealth","Salinas Municipio",4,71,284,122,162
050,72,123,"Puerto Rico Commonwealth","Salinas Municipio",4,72,287,130,157
050,72,123,"Puerto Rico Commonwealth","Salinas Municipio",4,73,268,129,139
050,72,123,"Puerto Rico Commonwealth","Salinas Municipio",4,74,270,124,146
050,72,123,"Puerto Rico Commonwealth","Salinas Municipio",4,75,280,126,154
050,72,123,"Puerto Rico Commonwealth","Salinas Municipio",4,76,266,110,156
050,72,123,"Puerto Rico Commonwealth","Salinas Municipio",4,77,227,95,132
050,72,123,"Puerto Rico Commonwealth","Salinas Municipio",4,78,200,92,108
050,72,123,"Puerto Rico Commonwealth","Salinas Municipio",4,79,189,80,109
050,72,123,"Puerto Rico Commonwealth","Salinas Municipio",4,80,184,74,110
050,72,123,"Puerto Rico Commonwealth","Salinas Municipio",4,81,170,68,102
050,72,123,"Puerto Rico Commonwealth","Salinas Municipio",4,82,155,63,92
050,72,123,"Puerto Rico Commonwealth","Salinas Municipio",4,83,133,53,80
050,72,123,"Puerto Rico Commonwealth","Salinas Municipio",4,84,126,52,74
050,72,123,"Puerto Rico Commonwealth","Salinas Municipio",4,85,761,304,457
050,72,123,"Puerto Rico Commonwealth","Salinas Municipio",5,0,147,71,76
050,72,123,"Puerto Rico Commonwealth","Salinas Municipio",5,1,162,91,71
050,72,123,"Puerto Rico Commonwealth","Salinas Municipio",5,2,165,86,79
050,72,123,"Puerto Rico Commonwealth","Salinas Municipio",5,3,129,62,67
050,72,123,"Puerto Rico Commonwealth","Salinas Municipio",5,4,148,75,73
050,72,123,"Puerto Rico Commonwealth","Salinas Municipio",5,5,173,93,80
050,72,123,"Puerto Rico Commonwealth","Salinas Municipio",5,6,193,103,90
050,72,123,"Puerto Rico Commonwealth","Salinas Municipio",5,7,211,107,104
050,72,123,"Puerto Rico Commonwealth","Salinas Municipio",5,8,228,114,114
050,72,123,"Puerto Rico Commonwealth","Salinas Municipio",5,9,248,127,121
050,72,123,"Puerto Rico Commonwealth","Salinas Municipio",5,10,257,129,128
050,72,123,"Puerto Rico Commonwealth","Salinas Municipio",5,11,260,131,129
050,72,123,"Puerto Rico Commonwealth","Salinas Municipio",5,12,295,151,144
050,72,123,"Puerto Rico Commonwealth","Salinas Municipio",5,13,314,165,149
050,72,123,"Puerto Rico Commonwealth","Salinas Municipio",5,14,327,171,156
050,72,123,"Puerto Rico Commonwealth","Salinas Municipio",5,15,342,184,158
050,72,123,"Puerto Rico Commonwealth","Salinas Municipio",5,16,354,201,153
050,72,123,"Puerto Rico Commonwealth","Salinas Municipio",5,17,353,194,159
050,72,123,"Puerto Rico Commonwealth","Salinas Municipio",5,18,311,166,145
050,72,123,"Puerto Rico Commonwealth","Salinas Municipio",5,19,288,148,140
050,72,123,"Puerto Rico Commonwealth","Salinas Municipio",5,20,276,148,128
050,72,123,"Puerto Rico Commonwealth","Salinas Municipio",5,21,302,158,144
050,72,123,"Puerto Rico Commonwealth","Salinas Municipio",5,22,314,159,155
050,72,123,"Puerto Rico Commonwealth","Salinas Municipio",5,23,309,157,152
050,72,123,"Puerto Rico Commonwealth","Salinas Municipio",5,24,308,161,147
050,72,123,"Puerto Rico Commonwealth","Salinas Municipio",5,25,310,153,157
050,72,123,"Puerto Rico Commonwealth","Salinas Municipio",5,26,323,163,160
050,72,123,"Puerto Rico Commonwealth","Salinas Municipio",5,27,345,173,172
050,72,123,"Puerto Rico Commonwealth","Salinas Municipio",5,28,346,165,181
050,72,123,"Puerto Rico Commonwealth","Salinas Municipio",5,29,338,162,176
050,72,123,"Puerto Rico Commonwealth","Salinas Municipio",5,30,327,168,159
050,72,123,"Puerto Rico Commonwealth","Salinas Municipio",5,31,339,174,165
050,72,123,"Puerto Rico Commonwealth","Salinas Municipio",5,32,352,176,176
050,72,123,"Puerto Rico Commonwealth","Salinas Municipio",5,33,335,178,157
050,72,123,"Puerto Rico Commonwealth","Salinas Municipio",5,34,301,155,146
050,72,123,"Puerto Rico Commonwealth","Salinas Municipio",5,35,278,133,145
050,72,123,"Puerto Rico Commonwealth","Salinas Municipio",5,36,264,123,141
050,72,123,"Puerto Rico Commonwealth","Salinas Municipio",5,37,254,108,146
050,72,123,"Puerto Rico Commonwealth","Salinas Municipio",5,38,260,116,144
050,72,123,"Puerto Rico Commonwealth","Salinas Municipio",5,39,271,132,139
050,72,123,"Puerto Rico Commonwealth","Salinas Municipio",5,40,282,134,148
050,72,123,"Puerto Rico Commonwealth","Salinas Municipio",5,41,301,136,165
050,72,123,"Puerto Rico Commonwealth","Salinas Municipio",5,42,331,162,169
050,72,123,"Puerto Rico Commonwealth","Salinas Municipio",5,43,340,172,168
050,72,123,"Puerto Rico Commonwealth","Salinas Municipio",5,44,323,154,169
050,72,123,"Puerto Rico Commonwealth","Salinas Municipio",5,45,315,146,169
050,72,123,"Puerto Rico Commonwealth","Salinas Municipio",5,46,306,147,159
050,72,123,"Puerto Rico Commonwealth","Salinas Municipio",5,47,319,156,163
050,72,123,"Puerto Rico Commonwealth","Salinas Municipio",5,48,320,158,162
050,72,123,"Puerto Rico Commonwealth","Salinas Municipio",5,49,318,150,168
050,72,123,"Puerto Rico Commonwealth","Salinas Municipio",5,50,307,148,159
050,72,123,"Puerto Rico Commonwealth","Salinas Municipio",5,51,334,164,170
050,72,123,"Puerto Rico Commonwealth","Salinas Municipio",5,52,339,171,168
050,72,123,"Puerto Rico Commonwealth","Salinas Municipio",5,53,339,169,170
050,72,123,"Puerto Rico Commonwealth","Salinas Municipio",5,54,316,150,166
050,72,123,"Puerto Rico Commonwealth","Salinas Municipio",5,55,298,136,162
050,72,123,"Puerto Rico Commonwealth","Salinas Municipio",5,56,299,143,156
050,72,123,"Puerto Rico Commonwealth","Salinas Municipio",5,57,306,145,161
050,72,123,"Puerto Rico Commonwealth","Salinas Municipio",5,58,324,160,164
050,72,123,"Puerto Rico Commonwealth","Salinas Municipio",5,59,323,159,164
050,72,123,"Puerto Rico Commonwealth","Salinas Municipio",5,60,323,147,176
050,72,123,"Puerto Rico Commonwealth","Salinas Municipio",5,61,318,148,170
050,72,123,"Puerto Rico Commonwealth","Salinas Municipio",5,62,328,154,174
050,72,123,"Puerto Rico Commonwealth","Salinas Municipio",5,63,322,151,171
050,72,123,"Puerto Rico Commonwealth","Salinas Municipio",5,64,310,139,171
050,72,123,"Puerto Rico Commonwealth","Salinas Municipio",5,65,307,137,170
050,72,123,"Puerto Rico Commonwealth","Salinas Municipio",5,66,316,142,174
050,72,123,"Puerto Rico Commonwealth","Salinas Municipio",5,67,312,137,175
050,72,123,"Puerto Rico Commonwealth","Salinas Municipio",5,68,316,136,180
050,72,123,"Puerto Rico Commonwealth","Salinas Municipio",5,69,312,139,173
050,72,123,"Puerto Rico Commonwealth","Salinas Municipio",5,70,287,128,159
050,72,123,"Puerto Rico Commonwealth","Salinas Municipio",5,71,276,124,152
050,72,123,"Puerto Rico Commonwealth","Salinas Municipio",5,72,280,121,159
050,72,123,"Puerto Rico Commonwealth","Salinas Municipio",5,73,269,121,148
050,72,123,"Puerto Rico Commonwealth","Salinas Municipio",5,74,265,125,140
050,72,123,"Puerto Rico Commonwealth","Salinas Municipio",5,75,260,116,144
050,72,123,"Puerto Rico Commonwealth","Salinas Municipio",5,76,275,121,154
050,72,123,"Puerto Rico Commonwealth","Salinas Municipio",5,77,249,103,146
050,72,123,"Puerto Rico Commonwealth","Salinas Municipio",5,78,219,90,129
050,72,123,"Puerto Rico Commonwealth","Salinas Municipio",5,79,198,91,107
050,72,123,"Puerto Rico Commonwealth","Salinas Municipio",5,80,180,73,107
050,72,123,"Puerto Rico Commonwealth","Salinas Municipio",5,81,174,67,107
050,72,123,"Puerto Rico Commonwealth","Salinas Municipio",5,82,164,63,101
050,72,123,"Puerto Rico Commonwealth","Salinas Municipio",5,83,139,58,81
050,72,123,"Puerto Rico Commonwealth","Salinas Municipio",5,84,121,47,74
050,72,123,"Puerto Rico Commonwealth","Salinas Municipio",5,85,801,319,482
050,72,125,"Puerto Rico Commonwealth","San Germán Municipio",1,0,182,95,87
050,72,125,"Puerto Rico Commonwealth","San Germán Municipio",1,1,203,104,99
050,72,125,"Puerto Rico Commonwealth","San Germán Municipio",1,2,226,126,100
050,72,125,"Puerto Rico Commonwealth","San Germán Municipio",1,3,231,120,111
050,72,125,"Puerto Rico Commonwealth","San Germán Municipio",1,4,283,143,140
050,72,125,"Puerto Rico Commonwealth","San Germán Municipio",1,5,291,152,139
050,72,125,"Puerto Rico Commonwealth","San Germán Municipio",1,6,289,155,134
050,72,125,"Puerto Rico Commonwealth","San Germán Municipio",1,7,308,165,143
050,72,125,"Puerto Rico Commonwealth","San Germán Municipio",1,8,337,173,164
050,72,125,"Puerto Rico Commonwealth","San Germán Municipio",1,9,331,168,163
050,72,125,"Puerto Rico Commonwealth","San Germán Municipio",1,10,340,177,163
050,72,125,"Puerto Rico Commonwealth","San Germán Municipio",1,11,340,178,162
050,72,125,"Puerto Rico Commonwealth","San Germán Municipio",1,12,332,172,160
050,72,125,"Puerto Rico Commonwealth","San Germán Municipio",1,13,335,165,170
050,72,125,"Puerto Rico Commonwealth","San Germán Municipio",1,14,374,195,179
050,72,125,"Puerto Rico Commonwealth","San Germán Municipio",1,15,390,205,185
050,72,125,"Puerto Rico Commonwealth","San Germán Municipio",1,16,394,202,192
050,72,125,"Puerto Rico Commonwealth","San Germán Municipio",1,17,372,201,171
050,72,125,"Puerto Rico Commonwealth","San Germán Municipio",1,18,398,224,174
050,72,125,"Puerto Rico Commonwealth","San Germán Municipio",1,19,428,219,209
050,72,125,"Puerto Rico Commonwealth","San Germán Municipio",1,20,477,241,236
050,72,125,"Puerto Rico Commonwealth","San Germán Municipio",1,21,436,219,217
050,72,125,"Puerto Rico Commonwealth","San Germán Municipio",1,22,410,213,197
050,72,125,"Puerto Rico Commonwealth","San Germán Municipio",1,23,410,199,211
050,72,125,"Puerto Rico Commonwealth","San Germán Municipio",1,24,418,208,210
050,72,125,"Puerto Rico Commonwealth","San Germán Municipio",1,25,394,211,183
050,72,125,"Puerto Rico Commonwealth","San Germán Municipio",1,26,395,201,194
050,72,125,"Puerto Rico Commonwealth","San Germán Municipio",1,27,399,210,189
050,72,125,"Puerto Rico Commonwealth","San Germán Municipio",1,28,398,204,194
050,72,125,"Puerto Rico Commonwealth","San Germán Municipio",1,29,371,189,182
050,72,125,"Puerto Rico Commonwealth","San Germán Municipio",1,30,371,187,184
050,72,125,"Puerto Rico Commonwealth","San Germán Municipio",1,31,338,182,156
050,72,125,"Puerto Rico Commonwealth","San Germán Municipio",1,32,342,175,167
050,72,125,"Puerto Rico Commonwealth","San Germán Municipio",1,33,316,153,163
050,72,125,"Puerto Rico Commonwealth","San Germán Municipio",1,34,289,139,150
050,72,125,"Puerto Rico Commonwealth","San Germán Municipio",1,35,294,146,148
050,72,125,"Puerto Rico Commonwealth","San Germán Municipio",1,36,301,152,149
050,72,125,"Puerto Rico Commonwealth","San Germán Municipio",1,37,320,153,167
050,72,125,"Puerto Rico Commonwealth","San Germán Municipio",1,38,322,159,163
050,72,125,"Puerto Rico Commonwealth","San Germán Municipio",1,39,358,171,187
050,72,125,"Puerto Rico Commonwealth","San Germán Municipio",1,40,354,171,183
050,72,125,"Puerto Rico Commonwealth","San Germán Municipio",1,41,329,166,163
050,72,125,"Puerto Rico Commonwealth","San Germán Municipio",1,42,337,178,159
050,72,125,"Puerto Rico Commonwealth","San Germán Municipio",1,43,361,181,180
050,72,125,"Puerto Rico Commonwealth","San Germán Municipio",1,44,371,179,192
050,72,125,"Puerto Rico Commonwealth","San Germán Municipio",1,45,354,162,192
050,72,125,"Puerto Rico Commonwealth","San Germán Municipio",1,46,316,147,169
050,72,125,"Puerto Rico Commonwealth","San Germán Municipio",1,47,344,156,188
050,72,125,"Puerto Rico Commonwealth","San Germán Municipio",1,48,399,181,218
050,72,125,"Puerto Rico Commonwealth","San Germán Municipio",1,49,409,198,211
050,72,125,"Puerto Rico Commonwealth","San Germán Municipio",1,50,400,205,195
050,72,125,"Puerto Rico Commonwealth","San Germán Municipio",1,51,386,192,194
050,72,125,"Puerto Rico Commonwealth","San Germán Municipio",1,52,383,189,194
050,72,125,"Puerto Rico Commonwealth","San Germán Municipio",1,53,390,189,201
050,72,125,"Puerto Rico Commonwealth","San Germán Municipio",1,54,418,208,210
050,72,125,"Puerto Rico Commonwealth","San Germán Municipio",1,55,426,218,208
050,72,125,"Puerto Rico Commonwealth","San Germán Municipio",1,56,402,190,212
050,72,125,"Puerto Rico Commonwealth","San Germán Municipio",1,57,406,183,223
050,72,125,"Puerto Rico Commonwealth","San Germán Municipio",1,58,433,204,229
050,72,125,"Puerto Rico Commonwealth","San Germán Municipio",1,59,420,197,223
050,72,125,"Puerto Rico Commonwealth","San Germán Municipio",1,60,426,200,226
050,72,125,"Puerto Rico Commonwealth","San Germán Municipio",1,61,417,189,228
050,72,125,"Puerto Rico Commonwealth","San Germán Municipio",1,62,413,197,216
050,72,125,"Puerto Rico Commonwealth","San Germán Municipio",1,63,428,214,214
050,72,125,"Puerto Rico Commonwealth","San Germán Municipio",1,64,439,205,234
050,72,125,"Puerto Rico Commonwealth","San Germán Municipio",1,65,414,191,223
050,72,125,"Puerto Rico Commonwealth","San Germán Municipio",1,66,418,193,225
050,72,125,"Puerto Rico Commonwealth","San Germán Municipio",1,67,392,184,208
050,72,125,"Puerto Rico Commonwealth","San Germán Municipio",1,68,419,194,225
050,72,125,"Puerto Rico Commonwealth","San Germán Municipio",1,69,434,208,226
050,72,125,"Puerto Rico Commonwealth","San Germán Municipio",1,70,427,204,223
050,72,125,"Puerto Rico Commonwealth","San Germán Municipio",1,71,405,180,225
050,72,125,"Puerto Rico Commonwealth","San Germán Municipio",1,72,457,211,246
050,72,125,"Puerto Rico Commonwealth","San Germán Municipio",1,73,443,202,241
050,72,125,"Puerto Rico Commonwealth","San Germán Municipio",1,74,404,195,209
050,72,125,"Puerto Rico Commonwealth","San Germán Municipio",1,75,399,186,213
050,72,125,"Puerto Rico Commonwealth","San Germán Municipio",1,76,376,182,194
050,72,125,"Puerto Rico Commonwealth","San Germán Municipio",1,77,344,166,178
050,72,125,"Puerto Rico Commonwealth","San Germán Municipio",1,78,340,160,180
050,72,125,"Puerto Rico Commonwealth","San Germán Municipio",1,79,300,133,167
050,72,125,"Puerto Rico Commonwealth","San Germán Municipio",1,80,259,116,143
050,72,125,"Puerto Rico Commonwealth","San Germán Municipio",1,81,250,105,145
050,72,125,"Puerto Rico Commonwealth","San Germán Municipio",1,82,236,89,147
050,72,125,"Puerto Rico Commonwealth","San Germán Municipio",1,83,231,95,136
050,72,125,"Puerto Rico Commonwealth","San Germán Municipio",1,84,219,92,127
050,72,125,"Puerto Rico Commonwealth","San Germán Municipio",1,85,1208,451,757
050,72,125,"Puerto Rico Commonwealth","San Germán Municipio",2,0,175,90,85
050,72,125,"Puerto Rico Commonwealth","San Germán Municipio",2,1,198,102,96
050,72,125,"Puerto Rico Commonwealth","San Germán Municipio",2,2,221,121,100
050,72,125,"Puerto Rico Commonwealth","San Germán Municipio",2,3,229,121,108
050,72,125,"Puerto Rico Commonwealth","San Germán Municipio",2,4,270,137,133
050,72,125,"Puerto Rico Commonwealth","San Germán Municipio",2,5,289,150,139
050,72,125,"Puerto Rico Commonwealth","San Germán Municipio",2,6,290,154,136
050,72,125,"Puerto Rico Commonwealth","San Germán Municipio",2,7,303,163,140
050,72,125,"Puerto Rico Commonwealth","San Germán Municipio",2,8,330,171,159
050,72,125,"Puerto Rico Commonwealth","San Germán Municipio",2,9,332,169,163
050,72,125,"Puerto Rico Commonwealth","San Germán Municipio",2,10,338,175,163
050,72,125,"Puerto Rico Commonwealth","San Germán Municipio",2,11,341,178,163
050,72,125,"Puerto Rico Commonwealth","San Germán Municipio",2,12,333,173,160
050,72,125,"Puerto Rico Commonwealth","San Germán Municipio",2,13,336,167,169
050,72,125,"Puerto Rico Commonwealth","San Germán Municipio",2,14,365,188,177
050,72,125,"Puerto Rico Commonwealth","San Germán Municipio",2,15,389,204,185
050,72,125,"Puerto Rico Commonwealth","San Germán Municipio",2,16,395,204,191
050,72,125,"Puerto Rico Commonwealth","San Germán Municipio",2,17,379,202,177
050,72,125,"Puerto Rico Commonwealth","San Germán Municipio",2,18,392,218,174
050,72,125,"Puerto Rico Commonwealth","San Germán Municipio",2,19,420,220,200
050,72,125,"Puerto Rico Commonwealth","San Germán Municipio",2,20,465,236,229
050,72,125,"Puerto Rico Commonwealth","San Germán Municipio",2,21,446,224,222
050,72,125,"Puerto Rico Commonwealth","San Germán Municipio",2,22,416,215,201
050,72,125,"Puerto Rico Commonwealth","San Germán Municipio",2,23,407,201,206
050,72,125,"Puerto Rico Commonwealth","San Germán Municipio",2,24,415,205,210
050,72,125,"Puerto Rico Commonwealth","San Germán Municipio",2,25,397,209,188
050,72,125,"Puerto Rico Commonwealth","San Germán Municipio",2,26,394,203,191
050,72,125,"Puerto Rico Commonwealth","San Germán Municipio",2,27,396,207,189
050,72,125,"Puerto Rico Commonwealth","San Germán Municipio",2,28,396,204,192
050,72,125,"Puerto Rico Commonwealth","San Germán Municipio",2,29,377,193,184
050,72,125,"Puerto Rico Commonwealth","San Germán Municipio",2,30,368,186,182
050,72,125,"Puerto Rico Commonwealth","San Germán Municipio",2,31,346,184,162
050,72,125,"Puerto Rico Commonwealth","San Germán Municipio",2,32,338,175,163
050,72,125,"Puerto Rico Commonwealth","San Germán Municipio",2,33,324,160,164
050,72,125,"Puerto Rico Commonwealth","San Germán Municipio",2,34,295,141,154
050,72,125,"Puerto Rico Commonwealth","San Germán Municipio",2,35,293,145,148
050,72,125,"Puerto Rico Commonwealth","San Germán Municipio",2,36,300,151,149
050,72,125,"Puerto Rico Commonwealth","San Germán Municipio",2,37,315,153,162
050,72,125,"Puerto Rico Commonwealth","San Germán Municipio",2,38,321,157,164
050,72,125,"Puerto Rico Commonwealth","San Germán Municipio",2,39,349,168,181
050,72,125,"Puerto Rico Commonwealth","San Germán Municipio",2,40,356,172,184
050,72,125,"Puerto Rico Commonwealth","San Germán Municipio",2,41,336,168,168
050,72,125,"Puerto Rico Commonwealth","San Germán Municipio",2,42,335,175,160
050,72,125,"Puerto Rico Commonwealth","San Germán Municipio",2,43,356,181,175
050,72,125,"Puerto Rico Commonwealth","San Germán Municipio",2,44,369,180,189
050,72,125,"Puerto Rico Commonwealth","San Germán Municipio",2,45,360,168,192
050,72,125,"Puerto Rico Commonwealth","San Germán Municipio",2,46,326,151,175
050,72,125,"Puerto Rico Commonwealth","San Germán Municipio",2,47,337,154,183
050,72,125,"Puerto Rico Commonwealth","San Germán Municipio",2,48,386,175,211
050,72,125,"Puerto Rico Commonwealth","San Germán Municipio",2,49,405,194,211
050,72,125,"Puerto Rico Commonwealth","San Germán Municipio",2,50,401,203,198
050,72,125,"Puerto Rico Commonwealth","San Germán Municipio",2,51,391,196,195
050,72,125,"Puerto Rico Commonwealth","San Germán Municipio",2,52,385,191,194
050,72,125,"Puerto Rico Commonwealth","San Germán Municipio",2,53,389,190,199
050,72,125,"Puerto Rico Commonwealth","San Germán Municipio",2,54,410,204,206
050,72,125,"Puerto Rico Commonwealth","San Germán Municipio",2,55,425,217,208
050,72,125,"Puerto Rico Commonwealth","San Germán Municipio",2,56,408,197,211
050,72,125,"Puerto Rico Commonwealth","San Germán Municipio",2,57,404,184,220
050,72,125,"Puerto Rico Commonwealth","San Germán Municipio",2,58,424,196,228
050,72,125,"Puerto Rico Commonwealth","San Germán Municipio",2,59,423,199,224
050,72,125,"Puerto Rico Commonwealth","San Germán Municipio",2,60,423,197,226
050,72,125,"Puerto Rico Commonwealth","San Germán Municipio",2,61,418,191,227
050,72,125,"Puerto Rico Commonwealth","San Germán Municipio",2,62,413,195,218
050,72,125,"Puerto Rico Commonwealth","San Germán Municipio",2,63,423,209,214
050,72,125,"Puerto Rico Commonwealth","San Germán Municipio",2,64,436,207,229
050,72,125,"Puerto Rico Commonwealth","San Germán Municipio",2,65,419,194,225
050,72,125,"Puerto Rico Commonwealth","San Germán Municipio",2,66,415,192,223
050,72,125,"Puerto Rico Commonwealth","San Germán Municipio",2,67,397,186,211
050,72,125,"Puerto Rico Commonwealth","San Germán Municipio",2,68,411,191,220
050,72,125,"Puerto Rico Commonwealth","San Germán Municipio",2,69,425,202,223
050,72,125,"Puerto Rico Commonwealth","San Germán Municipio",2,70,427,204,223
050,72,125,"Puerto Rico Commonwealth","San Germán Municipio",2,71,409,186,223
050,72,125,"Puerto Rico Commonwealth","San Germán Municipio",2,72,442,203,239
050,72,125,"Puerto Rico Commonwealth","San Germán Municipio",2,73,446,204,242
050,72,125,"Puerto Rico Commonwealth","San Germán Municipio",2,74,411,195,216
050,72,125,"Puerto Rico Commonwealth","San Germán Municipio",2,75,399,187,212
050,72,125,"Puerto Rico Commonwealth","San Germán Municipio",2,76,381,183,198
050,72,125,"Puerto Rico Commonwealth","San Germán Municipio",2,77,347,168,179
050,72,125,"Puerto Rico Commonwealth","San Germán Municipio",2,78,339,161,178
050,72,125,"Puerto Rico Commonwealth","San Germán Municipio",2,79,307,138,169
050,72,125,"Puerto Rico Commonwealth","San Germán Municipio",2,80,264,117,147
050,72,125,"Puerto Rico Commonwealth","San Germán Municipio",2,81,247,104,143
050,72,125,"Puerto Rico Commonwealth","San Germán Municipio",2,82,235,91,144
050,72,125,"Puerto Rico Commonwealth","San Germán Municipio",2,83,226,90,136
050,72,125,"Puerto Rico Commonwealth","San Germán Municipio",2,84,219,93,126
050,72,125,"Puerto Rico Commonwealth","San Germán Municipio",2,85,1236,457,779
050,72,125,"Puerto Rico Commonwealth","San Germán Municipio",3,0,154,82,72
050,72,125,"Puerto Rico Commonwealth","San Germán Municipio",3,1,176,90,86
050,72,125,"Puerto Rico Commonwealth","San Germán Municipio",3,2,197,101,96
050,72,125,"Puerto Rico Commonwealth","San Germán Municipio",3,3,221,121,100
050,72,125,"Puerto Rico Commonwealth","San Germán Municipio",3,4,229,121,108
050,72,125,"Puerto Rico Commonwealth","San Germán Municipio",3,5,270,137,133
050,72,125,"Puerto Rico Commonwealth","San Germán Municipio",3,6,290,150,140
050,72,125,"Puerto Rico Commonwealth","San Germán Municipio",3,7,291,154,137
050,72,125,"Puerto Rico Commonwealth","San Germán Municipio",3,8,305,164,141
050,72,125,"Puerto Rico Commonwealth","San Germán Municipio",3,9,332,172,160
050,72,125,"Puerto Rico Commonwealth","San Germán Municipio",3,10,335,170,165
050,72,125,"Puerto Rico Commonwealth","San Germán Municipio",3,11,340,176,164
050,72,125,"Puerto Rico Commonwealth","San Germán Municipio",3,12,345,180,165
050,72,125,"Puerto Rico Commonwealth","San Germán Municipio",3,13,341,178,163
050,72,125,"Puerto Rico Commonwealth","San Germán Municipio",3,14,344,170,174
050,72,125,"Puerto Rico Commonwealth","San Germán Municipio",3,15,373,191,182
050,72,125,"Puerto Rico Commonwealth","San Germán Municipio",3,16,395,208,187
050,72,125,"Puerto Rico Commonwealth","San Germán Municipio",3,17,400,209,191
050,72,125,"Puerto Rico Commonwealth","San Germán Municipio",3,18,377,201,176
050,72,125,"Puerto Rico Commonwealth","San Germán Municipio",3,19,376,210,166
050,72,125,"Puerto Rico Commonwealth","San Germán Municipio",3,20,404,212,192
050,72,125,"Puerto Rico Commonwealth","San Germán Municipio",3,21,445,225,220
050,72,125,"Puerto Rico Commonwealth","San Germán Municipio",3,22,429,216,213
050,72,125,"Puerto Rico Commonwealth","San Germán Municipio",3,23,404,210,194
050,72,125,"Puerto Rico Commonwealth","San Germán Municipio",3,24,398,198,200
050,72,125,"Puerto Rico Commonwealth","San Germán Municipio",3,25,405,200,205
050,72,125,"Puerto Rico Commonwealth","San Germán Municipio",3,26,388,204,184
050,72,125,"Puerto Rico Commonwealth","San Germán Municipio",3,27,385,199,186
050,72,125,"Puerto Rico Commonwealth","San Germán Municipio",3,28,389,204,185
050,72,125,"Puerto Rico Commonwealth","San Germán Municipio",3,29,386,197,189
050,72,125,"Puerto Rico Commonwealth","San Germán Municipio",3,30,372,191,181
050,72,125,"Puerto Rico Commonwealth","San Germán Municipio",3,31,366,186,180
050,72,125,"Puerto Rico Commonwealth","San Germán Municipio",3,32,341,181,160
050,72,125,"Puerto Rico Commonwealth","San Germán Municipio",3,33,336,174,162
050,72,125,"Puerto Rico Commonwealth","San Germán Municipio",3,34,320,158,162
050,72,125,"Puerto Rico Commonwealth","San Germán Municipio",3,35,295,142,153
050,72,125,"Puerto Rico Commonwealth","San Germán Municipio",3,36,291,144,147
050,72,125,"Puerto Rico Commonwealth","San Germán Municipio",3,37,298,150,148
050,72,125,"Puerto Rico Commonwealth","San Germán Municipio",3,38,314,152,162
050,72,125,"Puerto Rico Commonwealth","San Germán Municipio",3,39,322,159,163
050,72,125,"Puerto Rico Commonwealth","San Germán Municipio",3,40,346,167,179
050,72,125,"Puerto Rico Commonwealth","San Germán Municipio",3,41,355,171,184
050,72,125,"Puerto Rico Commonwealth","San Germán Municipio",3,42,334,167,167
050,72,125,"Puerto Rico Commonwealth","San Germán Municipio",3,43,333,175,158
050,72,125,"Puerto Rico Commonwealth","San Germán Municipio",3,44,355,181,174
050,72,125,"Puerto Rico Commonwealth","San Germán Municipio",3,45,365,178,187
050,72,125,"Puerto Rico Commonwealth","San Germán Municipio",3,46,360,168,192
050,72,125,"Puerto Rico Commonwealth","San Germán Municipio",3,47,323,150,173
050,72,125,"Puerto Rico Commonwealth","San Germán Municipio",3,48,336,153,183
050,72,125,"Puerto Rico Commonwealth","San Germán Municipio",3,49,385,174,211
050,72,125,"Puerto Rico Commonwealth","San Germán Municipio",3,50,405,194,211
050,72,125,"Puerto Rico Commonwealth","San Germán Municipio",3,51,399,201,198
050,72,125,"Puerto Rico Commonwealth","San Germán Municipio",3,52,389,194,195
050,72,125,"Puerto Rico Commonwealth","San Germán Municipio",3,53,382,188,194
050,72,125,"Puerto Rico Commonwealth","San Germán Municipio",3,54,384,187,197
050,72,125,"Puerto Rico Commonwealth","San Germán Municipio",3,55,408,202,206
050,72,125,"Puerto Rico Commonwealth","San Germán Municipio",3,56,427,218,209
050,72,125,"Puerto Rico Commonwealth","San Germán Municipio",3,57,408,198,210
050,72,125,"Puerto Rico Commonwealth","San Germán Municipio",3,58,407,188,219
050,72,125,"Puerto Rico Commonwealth","San Germán Municipio",3,59,421,193,228
050,72,125,"Puerto Rico Commonwealth","San Germán Municipio",3,60,425,200,225
050,72,125,"Puerto Rico Commonwealth","San Germán Municipio",3,61,422,196,226
050,72,125,"Puerto Rico Commonwealth","San Germán Municipio",3,62,416,189,227
050,72,125,"Puerto Rico Commonwealth","San Germán Municipio",3,63,411,197,214
050,72,125,"Puerto Rico Commonwealth","San Germán Municipio",3,64,423,208,215
050,72,125,"Puerto Rico Commonwealth","San Germán Municipio",3,65,435,209,226
050,72,125,"Puerto Rico Commonwealth","San Germán Municipio",3,66,422,196,226
050,72,125,"Puerto Rico Commonwealth","San Germán Municipio",3,67,409,191,218
050,72,125,"Puerto Rico Commonwealth","San Germán Municipio",3,68,397,183,214
050,72,125,"Puerto Rico Commonwealth","San Germán Municipio",3,69,403,189,214
050,72,125,"Puerto Rico Commonwealth","San Germán Municipio",3,70,418,199,219
050,72,125,"Puerto Rico Commonwealth","San Germán Municipio",3,71,414,197,217
050,72,125,"Puerto Rico Commonwealth","San Germán Municipio",3,72,405,184,221
050,72,125,"Puerto Rico Commonwealth","San Germán Municipio",3,73,436,198,238
050,72,125,"Puerto Rico Commonwealth","San Germán Municipio",3,74,435,199,236
050,72,125,"Puerto Rico Commonwealth","San Germán Municipio",3,75,406,188,218
050,72,125,"Puerto Rico Commonwealth","San Germán Municipio",3,76,383,183,200
050,72,125,"Puerto Rico Commonwealth","San Germán Municipio",3,77,365,174,191
050,72,125,"Puerto Rico Commonwealth","San Germán Municipio",3,78,333,159,174
050,72,125,"Puerto Rico Commonwealth","San Germán Municipio",3,79,333,157,176
050,72,125,"Puerto Rico Commonwealth","San Germán Municipio",3,80,289,128,161
050,72,125,"Puerto Rico Commonwealth","San Germán Municipio",3,81,262,112,150
050,72,125,"Puerto Rico Commonwealth","San Germán Municipio",3,82,237,101,136
050,72,125,"Puerto Rico Commonwealth","San Germán Municipio",3,83,229,88,141
050,72,125,"Puerto Rico Commonwealth","San Germán Municipio",3,84,220,89,131
050,72,125,"Puerto Rico Commonwealth","San Germán Municipio",3,85,1342,511,831
050,72,125,"Puerto Rico Commonwealth","San Germán Municipio",4,0,160,83,77
050,72,125,"Puerto Rico Commonwealth","San Germán Municipio",4,1,152,81,71
050,72,125,"Puerto Rico Commonwealth","San Germán Municipio",4,2,173,88,85
050,72,125,"Puerto Rico Commonwealth","San Germán Municipio",4,3,194,99,95
050,72,125,"Puerto Rico Commonwealth","San Germán Municipio",4,4,218,119,99
050,72,125,"Puerto Rico Commonwealth","San Germán Municipio",4,5,226,119,107
050,72,125,"Puerto Rico Commonwealth","San Germán Municipio",4,6,266,134,132
050,72,125,"Puerto Rico Commonwealth","San Germán Municipio",4,7,288,149,139
050,72,125,"Puerto Rico Commonwealth","San Germán Municipio",4,8,289,153,136
050,72,125,"Puerto Rico Commonwealth","San Germán Municipio",4,9,303,163,140
050,72,125,"Puerto Rico Commonwealth","San Germán Municipio",4,10,331,171,160
050,72,125,"Puerto Rico Commonwealth","San Germán Municipio",4,11,334,169,165
050,72,125,"Puerto Rico Commonwealth","San Germán Municipio",4,12,341,176,165
050,72,125,"Puerto Rico Commonwealth","San Germán Municipio",4,13,348,182,166
050,72,125,"Puerto Rico Commonwealth","San Germán Municipio",4,14,345,179,166
050,72,125,"Puerto Rico Commonwealth","San Germán Municipio",4,15,348,171,177
050,72,125,"Puerto Rico Commonwealth","San Germán Municipio",4,16,375,193,182
050,72,125,"Puerto Rico Commonwealth","San Germán Municipio",4,17,395,210,185
050,72,125,"Puerto Rico Commonwealth","San Germán Municipio",4,18,392,205,187
050,72,125,"Puerto Rico Commonwealth","San Germán Municipio",4,19,366,195,171
050,72,125,"Puerto Rico Commonwealth","San Germán Municipio",4,20,368,204,164
050,72,125,"Puerto Rico Commonwealth","San Germán Municipio",4,21,394,206,188
050,72,125,"Puerto Rico Commonwealth","San Germán Municipio",4,22,437,221,216
050,72,125,"Puerto Rico Commonwealth","San Germán Municipio",4,23,422,212,210
050,72,125,"Puerto Rico Commonwealth","San Germán Municipio",4,24,395,206,189
050,72,125,"Puerto Rico Commonwealth","San Germán Municipio",4,25,386,192,194
050,72,125,"Puerto Rico Commonwealth","San Germán Municipio",4,26,394,194,200
050,72,125,"Puerto Rico Commonwealth","San Germán Municipio",4,27,376,199,177
050,72,125,"Puerto Rico Commonwealth","San Germán Municipio",4,28,374,194,180
050,72,125,"Puerto Rico Commonwealth","San Germán Municipio",4,29,374,195,179
050,72,125,"Puerto Rico Commonwealth","San Germán Municipio",4,30,378,194,184
050,72,125,"Puerto Rico Commonwealth","San Germán Municipio",4,31,366,189,177
050,72,125,"Puerto Rico Commonwealth","San Germán Municipio",4,32,359,182,177
050,72,125,"Puerto Rico Commonwealth","San Germán Municipio",4,33,336,179,157
050,72,125,"Puerto Rico Commonwealth","San Germán Municipio",4,34,330,171,159
050,72,125,"Puerto Rico Commonwealth","San Germán Municipio",4,35,316,157,159
050,72,125,"Puerto Rico Commonwealth","San Germán Municipio",4,36,291,140,151
050,72,125,"Puerto Rico Commonwealth","San Germán Municipio",4,37,288,143,145
050,72,125,"Puerto Rico Commonwealth","San Germán Municipio",4,38,294,148,146
050,72,125,"Puerto Rico Commonwealth","San Germán Municipio",4,39,313,153,160
050,72,125,"Puerto Rico Commonwealth","San Germán Municipio",4,40,319,158,161
050,72,125,"Puerto Rico Commonwealth","San Germán Municipio",4,41,342,165,177
050,72,125,"Puerto Rico Commonwealth","San Germán Municipio",4,42,352,171,181
050,72,125,"Puerto Rico Commonwealth","San Germán Municipio",4,43,331,166,165
050,72,125,"Puerto Rico Commonwealth","San Germán Municipio",4,44,329,173,156
050,72,125,"Puerto Rico Commonwealth","San Germán Municipio",4,45,352,180,172
050,72,125,"Puerto Rico Commonwealth","San Germán Municipio",4,46,360,176,184
050,72,125,"Puerto Rico Commonwealth","San Germán Municipio",4,47,357,166,191
050,72,125,"Puerto Rico Commonwealth","San Germán Municipio",4,48,317,147,170
050,72,125,"Puerto Rico Commonwealth","San Germán Municipio",4,49,334,153,181
050,72,125,"Puerto Rico Commonwealth","San Germán Municipio",4,50,385,175,210
050,72,125,"Puerto Rico Commonwealth","San Germán Municipio",4,51,401,191,210
050,72,125,"Puerto Rico Commonwealth","San Germán Municipio",4,52,397,200,197
050,72,125,"Puerto Rico Commonwealth","San Germán Municipio",4,53,384,190,194
050,72,125,"Puerto Rico Commonwealth","San Germán Municipio",4,54,382,189,193
050,72,125,"Puerto Rico Commonwealth","San Germán Municipio",4,55,382,187,195
050,72,125,"Puerto Rico Commonwealth","San Germán Municipio",4,56,408,203,205
050,72,125,"Puerto Rico Commonwealth","San Germán Municipio",4,57,424,216,208
050,72,125,"Puerto Rico Commonwealth","San Germán Municipio",4,58,412,203,209
050,72,125,"Puerto Rico Commonwealth","San Germán Municipio",4,59,405,186,219
050,72,125,"Puerto Rico Commonwealth","San Germán Municipio",4,60,420,194,226
050,72,125,"Puerto Rico Commonwealth","San Germán Municipio",4,61,425,202,223
050,72,125,"Puerto Rico Commonwealth","San Germán Municipio",4,62,419,193,226
050,72,125,"Puerto Rico Commonwealth","San Germán Municipio",4,63,415,188,227
050,72,125,"Puerto Rico Commonwealth","San Germán Municipio",4,64,412,198,214
050,72,125,"Puerto Rico Commonwealth","San Germán Municipio",4,65,421,209,212
050,72,125,"Puerto Rico Commonwealth","San Germán Municipio",4,66,439,210,229
050,72,125,"Puerto Rico Commonwealth","San Germán Municipio",4,67,408,191,217
050,72,125,"Puerto Rico Commonwealth","San Germán Municipio",4,68,409,190,219
050,72,125,"Puerto Rico Commonwealth","San Germán Municipio",4,69,390,183,207
050,72,125,"Puerto Rico Commonwealth","San Germán Municipio",4,70,394,187,207
050,72,125,"Puerto Rico Commonwealth","San Germán Municipio",4,71,407,191,216
050,72,125,"Puerto Rico Commonwealth","San Germán Municipio",4,72,405,191,214
050,72,125,"Puerto Rico Commonwealth","San Germán Municipio",4,73,391,173,218
050,72,125,"Puerto Rico Commonwealth","San Germán Municipio",4,74,427,194,233
050,72,125,"Puerto Rico Commonwealth","San Germán Municipio",4,75,432,191,241
050,72,125,"Puerto Rico Commonwealth","San Germán Municipio",4,76,396,189,207
050,72,125,"Puerto Rico Commonwealth","San Germán Municipio",4,77,370,174,196
050,72,125,"Puerto Rico Commonwealth","San Germán Municipio",4,78,354,166,188
050,72,125,"Puerto Rico Commonwealth","San Germán Municipio",4,79,331,155,176
050,72,125,"Puerto Rico Commonwealth","San Germán Municipio",4,80,315,146,169
050,72,125,"Puerto Rico Commonwealth","San Germán Municipio",4,81,282,121,161
050,72,125,"Puerto Rico Commonwealth","San Germán Municipio",4,82,253,111,142
050,72,125,"Puerto Rico Commonwealth","San Germán Municipio",4,83,222,93,129
050,72,125,"Puerto Rico Commonwealth","San Germán Municipio",4,84,226,90,136
050,72,125,"Puerto Rico Commonwealth","San Germán Municipio",4,85,1407,536,871
050,72,125,"Puerto Rico Commonwealth","San Germán Municipio",5,0,162,81,81
050,72,125,"Puerto Rico Commonwealth","San Germán Municipio",5,1,161,83,78
050,72,125,"Puerto Rico Commonwealth","San Germán Municipio",5,2,152,81,71
050,72,125,"Puerto Rico Commonwealth","San Germán Municipio",5,3,173,88,85
050,72,125,"Puerto Rico Commonwealth","San Germán Municipio",5,4,195,99,96
050,72,125,"Puerto Rico Commonwealth","San Germán Municipio",5,5,218,120,98
050,72,125,"Puerto Rico Commonwealth","San Germán Municipio",5,6,227,119,108
050,72,125,"Puerto Rico Commonwealth","San Germán Municipio",5,7,268,135,133
050,72,125,"Puerto Rico Commonwealth","San Germán Municipio",5,8,290,150,140
050,72,125,"Puerto Rico Commonwealth","San Germán Municipio",5,9,292,155,137
050,72,125,"Puerto Rico Commonwealth","San Germán Municipio",5,10,306,165,141
050,72,125,"Puerto Rico Commonwealth","San Germán Municipio",5,11,335,173,162
050,72,125,"Puerto Rico Commonwealth","San Germán Municipio",5,12,340,172,168
050,72,125,"Puerto Rico Commonwealth","San Germán Municipio",5,13,349,181,168
050,72,125,"Puerto Rico Commonwealth","San Germán Municipio",5,14,358,186,172
050,72,125,"Puerto Rico Commonwealth","San Germán Municipio",5,15,354,183,171
050,72,125,"Puerto Rico Commonwealth","San Germán Municipio",5,16,355,176,179
050,72,125,"Puerto Rico Commonwealth","San Germán Municipio",5,17,380,198,182
050,72,125,"Puerto Rico Commonwealth","San Germán Municipio",5,18,396,211,185
050,72,125,"Puerto Rico Commonwealth","San Germán Municipio",5,19,388,202,186
050,72,125,"Puerto Rico Commonwealth","San Germán Municipio",5,20,364,192,172
050,72,125,"Puerto Rico Commonwealth","San Germán Municipio",5,21,367,204,163
050,72,125,"Puerto Rico Commonwealth","San Germán Municipio",5,22,392,206,186
050,72,125,"Puerto Rico Commonwealth","San Germán Municipio",5,23,435,220,215
050,72,125,"Puerto Rico Commonwealth","San Germán Municipio",5,24,420,211,209
050,72,125,"Puerto Rico Commonwealth","San Germán Municipio",5,25,392,206,186
050,72,125,"Puerto Rico Commonwealth","San Germán Municipio",5,26,382,191,191
050,72,125,"Puerto Rico Commonwealth","San Germán Municipio",5,27,390,193,197
050,72,125,"Puerto Rico Commonwealth","San Germán Municipio",5,28,372,198,174
050,72,125,"Puerto Rico Commonwealth","San Germán Municipio",5,29,366,189,177
050,72,125,"Puerto Rico Commonwealth","San Germán Municipio",5,30,371,194,177
050,72,125,"Puerto Rico Commonwealth","San Germán Municipio",5,31,377,195,182
050,72,125,"Puerto Rico Commonwealth","San Germán Municipio",5,32,363,188,175
050,72,125,"Puerto Rico Commonwealth","San Germán Municipio",5,33,359,182,177
050,72,125,"Puerto Rico Commonwealth","San Germán Municipio",5,34,335,179,156
050,72,125,"Puerto Rico Commonwealth","San Germán Municipio",5,35,330,173,157
050,72,125,"Puerto Rico Commonwealth","San Germán Municipio",5,36,316,157,159
050,72,125,"Puerto Rico Commonwealth","San Germán Municipio",5,37,291,140,151
050,72,125,"Puerto Rico Commonwealth","San Germán Municipio",5,38,287,142,145
050,72,125,"Puerto Rico Commonwealth","San Germán Municipio",5,39,294,149,145
050,72,125,"Puerto Rico Commonwealth","San Germán Municipio",5,40,313,153,160
050,72,125,"Puerto Rico Commonwealth","San Germán Municipio",5,41,320,159,161
050,72,125,"Puerto Rico Commonwealth","San Germán Municipio",5,42,341,164,177
050,72,125,"Puerto Rico Commonwealth","San Germán Municipio",5,43,350,169,181
050,72,125,"Puerto Rico Commonwealth","San Germán Municipio",5,44,329,165,164
050,72,125,"Puerto Rico Commonwealth","San Germán Municipio",5,45,327,172,155
050,72,125,"Puerto Rico Commonwealth","San Germán Municipio",5,46,353,181,172
050,72,125,"Puerto Rico Commonwealth","San Germán Municipio",5,47,360,176,184
050,72,125,"Puerto Rico Commonwealth","San Germán Municipio",5,48,357,167,190
050,72,125,"Puerto Rico Commonwealth","San Germán Municipio",5,49,315,146,169
050,72,125,"Puerto Rico Commonwealth","San Germán Municipio",5,50,335,154,181
050,72,125,"Puerto Rico Commonwealth","San Germán Municipio",5,51,384,173,211
050,72,125,"Puerto Rico Commonwealth","San Germán Municipio",5,52,401,190,211
050,72,125,"Puerto Rico Commonwealth","San Germán Municipio",5,53,395,198,197
050,72,125,"Puerto Rico Commonwealth","San Germán Municipio",5,54,384,190,194
050,72,125,"Puerto Rico Commonwealth","San Germán Municipio",5,55,381,188,193
050,72,125,"Puerto Rico Commonwealth","San Germán Municipio",5,56,384,188,196
050,72,125,"Puerto Rico Commonwealth","San Germán Municipio",5,57,409,204,205
050,72,125,"Puerto Rico Commonwealth","San Germán Municipio",5,58,427,218,209
050,72,125,"Puerto Rico Commonwealth","San Germán Municipio",5,59,411,201,210
050,72,125,"Puerto Rico Commonwealth","San Germán Municipio",5,60,404,185,219
050,72,125,"Puerto Rico Commonwealth","San Germán Municipio",5,61,420,193,227
050,72,125,"Puerto Rico Commonwealth","San Germán Municipio",5,62,421,202,219
050,72,125,"Puerto Rico Commonwealth","San Germán Municipio",5,63,418,192,226
050,72,125,"Puerto Rico Commonwealth","San Germán Municipio",5,64,410,187,223
050,72,125,"Puerto Rico Commonwealth","San Germán Municipio",5,65,406,196,210
050,72,125,"Puerto Rico Commonwealth","San Germán Municipio",5,66,424,208,216
050,72,125,"Puerto Rico Commonwealth","San Germán Municipio",5,67,426,206,220
050,72,125,"Puerto Rico Commonwealth","San Germán Municipio",5,68,409,189,220
050,72,125,"Puerto Rico Commonwealth","San Germán Municipio",5,69,403,191,212
050,72,125,"Puerto Rico Commonwealth","San Germán Municipio",5,70,380,179,201
050,72,125,"Puerto Rico Commonwealth","San Germán Municipio",5,71,382,178,204
050,72,125,"Puerto Rico Commonwealth","San Germán Municipio",5,72,399,188,211
050,72,125,"Puerto Rico Commonwealth","San Germán Municipio",5,73,395,186,209
050,72,125,"Puerto Rico Commonwealth","San Germán Municipio",5,74,383,174,209
050,72,125,"Puerto Rico Commonwealth","San Germán Municipio",5,75,428,188,240
050,72,125,"Puerto Rico Commonwealth","San Germán Municipio",5,76,420,186,234
050,72,125,"Puerto Rico Commonwealth","San Germán Municipio",5,77,377,176,201
050,72,125,"Puerto Rico Commonwealth","San Germán Municipio",5,78,353,162,191
050,72,125,"Puerto Rico Commonwealth","San Germán Municipio",5,79,353,163,190
050,72,125,"Puerto Rico Commonwealth","San Germán Municipio",5,80,311,141,170
050,72,125,"Puerto Rico Commonwealth","San Germán Municipio",5,81,304,140,164
050,72,125,"Puerto Rico Commonwealth","San Germán Municipio",5,82,264,113,151
050,72,125,"Puerto Rico Commonwealth","San Germán Municipio",5,83,235,100,135
050,72,125,"Puerto Rico Commonwealth","San Germán Municipio",5,84,214,94,120
050,72,125,"Puerto Rico Commonwealth","San Germán Municipio",5,85,1479,554,925
050,72,127,"Puerto Rico Commonwealth","San Juan Municipio",1,0,2492,1310,1182
050,72,127,"Puerto Rico Commonwealth","San Juan Municipio",1,1,2467,1272,1195
050,72,127,"Puerto Rico Commonwealth","San Juan Municipio",1,2,2327,1197,1130
050,72,127,"Puerto Rico Commonwealth","San Juan Municipio",1,3,2530,1285,1245
050,72,127,"Puerto Rico Commonwealth","San Juan Municipio",1,4,2804,1417,1387
050,72,127,"Puerto Rico Commonwealth","San Juan Municipio",1,5,2888,1476,1412
050,72,127,"Puerto Rico Commonwealth","San Juan Municipio",1,6,2970,1526,1444
050,72,127,"Puerto Rico Commonwealth","San Juan Municipio",1,7,2997,1537,1460
050,72,127,"Puerto Rico Commonwealth","San Juan Municipio",1,8,3086,1567,1519
050,72,127,"Puerto Rico Commonwealth","San Juan Municipio",1,9,3089,1552,1537
050,72,127,"Puerto Rico Commonwealth","San Juan Municipio",1,10,3201,1555,1646
050,72,127,"Puerto Rico Commonwealth","San Juan Municipio",1,11,3333,1629,1704
050,72,127,"Puerto Rico Commonwealth","San Juan Municipio",1,12,3327,1639,1688
050,72,127,"Puerto Rico Commonwealth","San Juan Municipio",1,13,3550,1766,1784
050,72,127,"Puerto Rico Commonwealth","San Juan Municipio",1,14,3682,1838,1844
050,72,127,"Puerto Rico Commonwealth","San Juan Municipio",1,15,3710,1831,1879
050,72,127,"Puerto Rico Commonwealth","San Juan Municipio",1,16,3753,1892,1861
050,72,127,"Puerto Rico Commonwealth","San Juan Municipio",1,17,4051,2017,2034
050,72,127,"Puerto Rico Commonwealth","San Juan Municipio",1,18,4300,2070,2230
050,72,127,"Puerto Rico Commonwealth","San Juan Municipio",1,19,4651,2189,2462
050,72,127,"Puerto Rico Commonwealth","San Juan Municipio",1,20,4640,2231,2409
050,72,127,"Puerto Rico Commonwealth","San Juan Municipio",1,21,4537,2144,2393
050,72,127,"Puerto Rico Commonwealth","San Juan Municipio",1,22,4713,2221,2492
050,72,127,"Puerto Rico Commonwealth","San Juan Municipio",1,23,4756,2293,2463
050,72,127,"Puerto Rico Commonwealth","San Juan Municipio",1,24,4735,2269,2466
050,72,127,"Puerto Rico Commonwealth","San Juan Municipio",1,25,4762,2336,2426
050,72,127,"Puerto Rico Commonwealth","San Juan Municipio",1,26,4609,2250,2359
050,72,127,"Puerto Rico Commonwealth","San Juan Municipio",1,27,4558,2219,2339
050,72,127,"Puerto Rico Commonwealth","San Juan Municipio",1,28,4544,2211,2333
050,72,127,"Puerto Rico Commonwealth","San Juan Municipio",1,29,4586,2164,2422
050,72,127,"Puerto Rico Commonwealth","San Juan Municipio",1,30,4582,2149,2433
050,72,127,"Puerto Rico Commonwealth","San Juan Municipio",1,31,4124,2008,2116
050,72,127,"Puerto Rico Commonwealth","San Juan Municipio",1,32,3997,1910,2087
050,72,127,"Puerto Rico Commonwealth","San Juan Municipio",1,33,3945,1866,2079
050,72,127,"Puerto Rico Commonwealth","San Juan Municipio",1,34,3699,1735,1964
050,72,127,"Puerto Rico Commonwealth","San Juan Municipio",1,35,3741,1736,2005
050,72,127,"Puerto Rico Commonwealth","San Juan Municipio",1,36,3804,1769,2035
050,72,127,"Puerto Rico Commonwealth","San Juan Municipio",1,37,3855,1758,2097
050,72,127,"Puerto Rico Commonwealth","San Juan Municipio",1,38,4007,1792,2215
050,72,127,"Puerto Rico Commonwealth","San Juan Municipio",1,39,4057,1859,2198
050,72,127,"Puerto Rico Commonwealth","San Juan Municipio",1,40,4207,1950,2257
050,72,127,"Puerto Rico Commonwealth","San Juan Municipio",1,41,3967,1853,2114
050,72,127,"Puerto Rico Commonwealth","San Juan Municipio",1,42,4053,1852,2201
050,72,127,"Puerto Rico Commonwealth","San Juan Municipio",1,43,3988,1805,2183
050,72,127,"Puerto Rico Commonwealth","San Juan Municipio",1,44,3973,1821,2152
050,72,127,"Puerto Rico Commonwealth","San Juan Municipio",1,45,4065,1885,2180
050,72,127,"Puerto Rico Commonwealth","San Juan Municipio",1,46,4031,1878,2153
050,72,127,"Puerto Rico Commonwealth","San Juan Municipio",1,47,3997,1850,2147
050,72,127,"Puerto Rico Commonwealth","San Juan Municipio",1,48,4093,1894,2199
050,72,127,"Puerto Rico Commonwealth","San Juan Municipio",1,49,4315,2027,2288
050,72,127,"Puerto Rico Commonwealth","San Juan Municipio",1,50,4372,2045,2327
050,72,127,"Puerto Rico Commonwealth","San Juan Municipio",1,51,4218,1978,2240
050,72,127,"Puerto Rico Commonwealth","San Juan Municipio",1,52,4297,1999,2298
050,72,127,"Puerto Rico Commonwealth","San Juan Municipio",1,53,4429,2074,2355
050,72,127,"Puerto Rico Commonwealth","San Juan Municipio",1,54,4617,2173,2444
050,72,127,"Puerto Rico Commonwealth","San Juan Municipio",1,55,4756,2178,2578
050,72,127,"Puerto Rico Commonwealth","San Juan Municipio",1,56,4821,2165,2656
050,72,127,"Puerto Rico Commonwealth","San Juan Municipio",1,57,4695,2113,2582
050,72,127,"Puerto Rico Commonwealth","San Juan Municipio",1,58,4630,2084,2546
050,72,127,"Puerto Rico Commonwealth","San Juan Municipio",1,59,4724,2150,2574
050,72,127,"Puerto Rico Commonwealth","San Juan Municipio",1,60,4717,2119,2598
050,72,127,"Puerto Rico Commonwealth","San Juan Municipio",1,61,4471,1978,2493
050,72,127,"Puerto Rico Commonwealth","San Juan Municipio",1,62,4457,1959,2498
050,72,127,"Puerto Rico Commonwealth","San Juan Municipio",1,63,4564,2022,2542
050,72,127,"Puerto Rico Commonwealth","San Juan Municipio",1,64,4566,1988,2578
050,72,127,"Puerto Rico Commonwealth","San Juan Municipio",1,65,4455,1920,2535
050,72,127,"Puerto Rico Commonwealth","San Juan Municipio",1,66,4325,1825,2500
050,72,127,"Puerto Rico Commonwealth","San Juan Municipio",1,67,4261,1765,2496
050,72,127,"Puerto Rico Commonwealth","San Juan Municipio",1,68,4144,1718,2426
050,72,127,"Puerto Rico Commonwealth","San Juan Municipio",1,69,4120,1726,2394
050,72,127,"Puerto Rico Commonwealth","San Juan Municipio",1,70,4129,1738,2391
050,72,127,"Puerto Rico Commonwealth","San Juan Municipio",1,71,3950,1687,2263
050,72,127,"Puerto Rico Commonwealth","San Juan Municipio",1,72,3903,1634,2269
050,72,127,"Puerto Rico Commonwealth","San Juan Municipio",1,73,3820,1599,2221
050,72,127,"Puerto Rico Commonwealth","San Juan Municipio",1,74,3573,1481,2092
050,72,127,"Puerto Rico Commonwealth","San Juan Municipio",1,75,3374,1401,1973
050,72,127,"Puerto Rico Commonwealth","San Juan Municipio",1,76,3144,1316,1828
050,72,127,"Puerto Rico Commonwealth","San Juan Municipio",1,77,3109,1286,1823
050,72,127,"Puerto Rico Commonwealth","San Juan Municipio",1,78,2791,1133,1658
050,72,127,"Puerto Rico Commonwealth","San Juan Municipio",1,79,2572,1062,1510
050,72,127,"Puerto Rico Commonwealth","San Juan Municipio",1,80,2578,1059,1519
050,72,127,"Puerto Rico Commonwealth","San Juan Municipio",1,81,2391,997,1394
050,72,127,"Puerto Rico Commonwealth","San Juan Municipio",1,82,2245,929,1316
050,72,127,"Puerto Rico Commonwealth","San Juan Municipio",1,83,2072,835,1237
050,72,127,"Puerto Rico Commonwealth","San Juan Municipio",1,84,1951,749,1202
050,72,127,"Puerto Rico Commonwealth","San Juan Municipio",1,85,14870,5250,9620
050,72,127,"Puerto Rico Commonwealth","San Juan Municipio",2,0,2342,1227,1115
050,72,127,"Puerto Rico Commonwealth","San Juan Municipio",2,1,2464,1277,1187
050,72,127,"Puerto Rico Commonwealth","San Juan Municipio",2,2,2351,1211,1140
050,72,127,"Puerto Rico Commonwealth","San Juan Municipio",2,3,2469,1258,1211
050,72,127,"Puerto Rico Commonwealth","San Juan Municipio",2,4,2725,1379,1346
050,72,127,"Puerto Rico Commonwealth","San Juan Municipio",2,5,2857,1456,1401
050,72,127,"Puerto Rico Commonwealth","San Juan Municipio",2,6,2941,1509,1432
050,72,127,"Puerto Rico Commonwealth","San Juan Municipio",2,7,2982,1530,1452
050,72,127,"Puerto Rico Commonwealth","San Juan Municipio",2,8,3056,1555,1501
050,72,127,"Puerto Rico Commonwealth","San Juan Municipio",2,9,3085,1553,1532
050,72,127,"Puerto Rico Commonwealth","San Juan Municipio",2,10,3170,1551,1619
050,72,127,"Puerto Rico Commonwealth","San Juan Municipio",2,11,3299,1609,1690
050,72,127,"Puerto Rico Commonwealth","San Juan Municipio",2,12,3330,1635,1695
050,72,127,"Puerto Rico Commonwealth","San Juan Municipio",2,13,3500,1735,1765
050,72,127,"Puerto Rico Commonwealth","San Juan Municipio",2,14,3657,1822,1835
050,72,127,"Puerto Rico Commonwealth","San Juan Municipio",2,15,3711,1834,1877
050,72,127,"Puerto Rico Commonwealth","San Juan Municipio",2,16,3754,1880,1874
050,72,127,"Puerto Rico Commonwealth","San Juan Municipio",2,17,3988,1989,1999
050,72,127,"Puerto Rico Commonwealth","San Juan Municipio",2,18,4249,2060,2189
050,72,127,"Puerto Rico Commonwealth","San Juan Municipio",2,19,4575,2163,2412
050,72,127,"Puerto Rico Commonwealth","San Juan Municipio",2,20,4652,2224,2428
050,72,127,"Puerto Rico Commonwealth","San Juan Municipio",2,21,4571,2169,2402
050,72,127,"Puerto Rico Commonwealth","San Juan Municipio",2,22,4671,2202,2469
050,72,127,"Puerto Rico Commonwealth","San Juan Municipio",2,23,4747,2276,2471
050,72,127,"Puerto Rico Commonwealth","San Juan Municipio",2,24,4737,2273,2464
050,72,127,"Puerto Rico Commonwealth","San Juan Municipio",2,25,4750,2318,2432
050,72,127,"Puerto Rico Commonwealth","San Juan Municipio",2,26,4637,2267,2370
050,72,127,"Puerto Rico Commonwealth","San Juan Municipio",2,27,4558,2222,2336
050,72,127,"Puerto Rico Commonwealth","San Juan Municipio",2,28,4531,2205,2326
050,72,127,"Puerto Rico Commonwealth","San Juan Municipio",2,29,4561,2170,2391
050,72,127,"Puerto Rico Commonwealth","San Juan Municipio",2,30,4567,2146,2421
050,72,127,"Puerto Rico Commonwealth","San Juan Municipio",2,31,4223,2036,2187
050,72,127,"Puerto Rico Commonwealth","San Juan Municipio",2,32,4014,1927,2087
050,72,127,"Puerto Rico Commonwealth","San Juan Municipio",2,33,3945,1871,2074
050,72,127,"Puerto Rico Commonwealth","San Juan Municipio",2,34,3748,1762,1986
050,72,127,"Puerto Rico Commonwealth","San Juan Municipio",2,35,3721,1732,1989
050,72,127,"Puerto Rico Commonwealth","San Juan Municipio",2,36,3775,1754,2021
050,72,127,"Puerto Rico Commonwealth","San Juan Municipio",2,37,3832,1755,2077
050,72,127,"Puerto Rico Commonwealth","San Juan Municipio",2,38,3961,1779,2182
050,72,127,"Puerto Rico Commonwealth","San Juan Municipio",2,39,4037,1838,2199
050,72,127,"Puerto Rico Commonwealth","San Juan Municipio",2,40,4164,1925,2239
050,72,127,"Puerto Rico Commonwealth","San Juan Municipio",2,41,4018,1871,2147
050,72,127,"Puerto Rico Commonwealth","San Juan Municipio",2,42,4027,1850,2177
050,72,127,"Puerto Rico Commonwealth","San Juan Municipio",2,43,3997,1812,2185
050,72,127,"Puerto Rico Commonwealth","San Juan Municipio",2,44,3967,1811,2156
050,72,127,"Puerto Rico Commonwealth","San Juan Municipio",2,45,4036,1864,2172
050,72,127,"Puerto Rico Commonwealth","San Juan Municipio",2,46,4029,1873,2156
050,72,127,"Puerto Rico Commonwealth","San Juan Municipio",2,47,3994,1849,2145
050,72,127,"Puerto Rico Commonwealth","San Juan Municipio",2,48,4061,1877,2184
050,72,127,"Puerto Rico Commonwealth","San Juan Municipio",2,49,4253,1989,2264
050,72,127,"Puerto Rico Commonwealth","San Juan Municipio",2,50,4347,2035,2312
050,72,127,"Puerto Rico Commonwealth","San Juan Municipio",2,51,4249,1992,2257
050,72,127,"Puerto Rico Commonwealth","San Juan Municipio",2,52,4265,1987,2278
050,72,127,"Puerto Rico Commonwealth","San Juan Municipio",2,53,4387,2051,2336
050,72,127,"Puerto Rico Commonwealth","San Juan Municipio",2,54,4559,2142,2417
050,72,127,"Puerto Rico Commonwealth","San Juan Municipio",2,55,4706,2167,2539
050,72,127,"Puerto Rico Commonwealth","San Juan Municipio",2,56,4792,2160,2632
050,72,127,"Puerto Rico Commonwealth","San Juan Municipio",2,57,4713,2116,2597
050,72,127,"Puerto Rico Commonwealth","San Juan Municipio",2,58,4627,2079,2548
050,72,127,"Puerto Rico Commonwealth","San Juan Municipio",2,59,4682,2120,2562
050,72,127,"Puerto Rico Commonwealth","San Juan Municipio",2,60,4704,2118,2586
050,72,127,"Puerto Rico Commonwealth","San Juan Municipio",2,61,4525,2009,2516
050,72,127,"Puerto Rico Commonwealth","San Juan Municipio",2,62,4447,1955,2492
050,72,127,"Puerto Rico Commonwealth","San Juan Municipio",2,63,4521,1998,2523
050,72,127,"Puerto Rico Commonwealth","San Juan Municipio",2,64,4549,1986,2563
050,72,127,"Puerto Rico Commonwealth","San Juan Municipio",2,65,4467,1927,2540
050,72,127,"Puerto Rico Commonwealth","San Juan Municipio",2,66,4345,1841,2504
050,72,127,"Puerto Rico Commonwealth","San Juan Municipio",2,67,4264,1771,2493
050,72,127,"Puerto Rico Commonwealth","San Juan Municipio",2,68,4161,1721,2440
050,72,127,"Puerto Rico Commonwealth","San Juan Municipio",2,69,4114,1714,2400
050,72,127,"Puerto Rico Commonwealth","San Juan Municipio",2,70,4115,1727,2388
050,72,127,"Puerto Rico Commonwealth","San Juan Municipio",2,71,3979,1690,2289
050,72,127,"Puerto Rico Commonwealth","San Juan Municipio",2,72,3892,1637,2255
050,72,127,"Puerto Rico Commonwealth","San Juan Municipio",2,73,3828,1599,2229
050,72,127,"Puerto Rico Commonwealth","San Juan Municipio",2,74,3616,1498,2118
050,72,127,"Puerto Rico Commonwealth","San Juan Municipio",2,75,3414,1415,1999
050,72,127,"Puerto Rico Commonwealth","San Juan Municipio",2,76,3182,1325,1857
050,72,127,"Puerto Rico Commonwealth","San Juan Municipio",2,77,3100,1282,1818
050,72,127,"Puerto Rico Commonwealth","San Juan Municipio",2,78,2851,1163,1688
050,72,127,"Puerto Rico Commonwealth","San Juan Municipio",2,79,2614,1074,1540
050,72,127,"Puerto Rico Commonwealth","San Juan Municipio",2,80,2565,1049,1516
050,72,127,"Puerto Rico Commonwealth","San Juan Municipio",2,81,2424,1004,1420
050,72,127,"Puerto Rico Commonwealth","San Juan Municipio",2,82,2266,937,1329
050,72,127,"Puerto Rico Commonwealth","San Juan Municipio",2,83,2094,852,1242
050,72,127,"Puerto Rico Commonwealth","San Juan Municipio",2,84,1971,770,1201
050,72,127,"Puerto Rico Commonwealth","San Juan Municipio",2,85,15043,5331,9712
050,72,127,"Puerto Rico Commonwealth","San Juan Municipio",3,0,2016,1046,970
050,72,127,"Puerto Rico Commonwealth","San Juan Municipio",3,1,2254,1198,1056
050,72,127,"Puerto Rico Commonwealth","San Juan Municipio",3,2,2416,1248,1168
050,72,127,"Puerto Rico Commonwealth","San Juan Municipio",3,3,2326,1204,1122
050,72,127,"Puerto Rico Commonwealth","San Juan Municipio",3,4,2416,1227,1189
050,72,127,"Puerto Rico Commonwealth","San Juan Municipio",3,5,2685,1351,1334
050,72,127,"Puerto Rico Commonwealth","San Juan Municipio",3,6,2832,1453,1379
050,72,127,"Puerto Rico Commonwealth","San Juan Municipio",3,7,2905,1490,1415
050,72,127,"Puerto Rico Commonwealth","San Juan Municipio",3,8,2957,1507,1450
050,72,127,"Puerto Rico Commonwealth","San Juan Municipio",3,9,3037,1547,1490
050,72,127,"Puerto Rico Commonwealth","San Juan Municipio",3,10,3072,1541,1531
050,72,127,"Puerto Rico Commonwealth","San Juan Municipio",3,11,3176,1545,1631
050,72,127,"Puerto Rico Commonwealth","San Juan Municipio",3,12,3297,1608,1689
050,72,127,"Puerto Rico Commonwealth","San Juan Municipio",3,13,3367,1649,1718
050,72,127,"Puerto Rico Commonwealth","San Juan Municipio",3,14,3516,1725,1791
050,72,127,"Puerto Rico Commonwealth","San Juan Municipio",3,15,3694,1831,1863
050,72,127,"Puerto Rico Commonwealth","San Juan Municipio",3,16,3740,1839,1901
050,72,127,"Puerto Rico Commonwealth","San Juan Municipio",3,17,3821,1887,1934
050,72,127,"Puerto Rico Commonwealth","San Juan Municipio",3,18,4021,1997,2024
050,72,127,"Puerto Rico Commonwealth","San Juan Municipio",3,19,4369,2053,2316
050,72,127,"Puerto Rico Commonwealth","San Juan Municipio",3,20,4509,2194,2315
050,72,127,"Puerto Rico Commonwealth","San Juan Municipio",3,21,4736,2259,2477
050,72,127,"Puerto Rico Commonwealth","San Juan Municipio",3,22,4572,2152,2420
050,72,127,"Puerto Rico Commonwealth","San Juan Municipio",3,23,4666,2213,2453
050,72,127,"Puerto Rico Commonwealth","San Juan Municipio",3,24,4725,2242,2483
050,72,127,"Puerto Rico Commonwealth","San Juan Municipio",3,25,4742,2295,2447
050,72,127,"Puerto Rico Commonwealth","San Juan Municipio",3,26,4730,2309,2421
050,72,127,"Puerto Rico Commonwealth","San Juan Municipio",3,27,4628,2272,2356
050,72,127,"Puerto Rico Commonwealth","San Juan Municipio",3,28,4511,2204,2307
050,72,127,"Puerto Rico Commonwealth","San Juan Municipio",3,29,4490,2182,2308
050,72,127,"Puerto Rico Commonwealth","San Juan Municipio",3,30,4497,2151,2346
050,72,127,"Puerto Rico Commonwealth","San Juan Municipio",3,31,4549,2162,2387
050,72,127,"Puerto Rico Commonwealth","San Juan Municipio",3,32,4163,2023,2140
050,72,127,"Puerto Rico Commonwealth","San Juan Municipio",3,33,3969,1914,2055
050,72,127,"Puerto Rico Commonwealth","San Juan Municipio",3,34,3877,1828,2049
050,72,127,"Puerto Rico Commonwealth","San Juan Municipio",3,35,3737,1762,1975
050,72,127,"Puerto Rico Commonwealth","San Juan Municipio",3,36,3688,1714,1974
050,72,127,"Puerto Rico Commonwealth","San Juan Municipio",3,37,3714,1734,1980
050,72,127,"Puerto Rico Commonwealth","San Juan Municipio",3,38,3810,1739,2071
050,72,127,"Puerto Rico Commonwealth","San Juan Municipio",3,39,3918,1746,2172
050,72,127,"Puerto Rico Commonwealth","San Juan Municipio",3,40,4042,1849,2193
050,72,127,"Puerto Rico Commonwealth","San Juan Municipio",3,41,4115,1895,2220
050,72,127,"Puerto Rico Commonwealth","San Juan Municipio",3,42,3997,1857,2140
050,72,127,"Puerto Rico Commonwealth","San Juan Municipio",3,43,3992,1834,2158
050,72,127,"Puerto Rico Commonwealth","San Juan Municipio",3,44,3999,1815,2184
050,72,127,"Puerto Rico Commonwealth","San Juan Municipio",3,45,3949,1800,2149
050,72,127,"Puerto Rico Commonwealth","San Juan Municipio",3,46,3999,1834,2165
050,72,127,"Puerto Rico Commonwealth","San Juan Municipio",3,47,4000,1858,2142
050,72,127,"Puerto Rico Commonwealth","San Juan Municipio",3,48,3940,1822,2118
050,72,127,"Puerto Rico Commonwealth","San Juan Municipio",3,49,4059,1882,2177
050,72,127,"Puerto Rico Commonwealth","San Juan Municipio",3,50,4201,1970,2231
050,72,127,"Puerto Rico Commonwealth","San Juan Municipio",3,51,4327,2028,2299
050,72,127,"Puerto Rico Commonwealth","San Juan Municipio",3,52,4239,1989,2250
050,72,127,"Puerto Rico Commonwealth","San Juan Municipio",3,53,4205,1954,2251
050,72,127,"Puerto Rico Commonwealth","San Juan Municipio",3,54,4370,2045,2325
050,72,127,"Puerto Rico Commonwealth","San Juan Municipio",3,55,4503,2114,2389
050,72,127,"Puerto Rico Commonwealth","San Juan Municipio",3,56,4633,2120,2513
050,72,127,"Puerto Rico Commonwealth","San Juan Municipio",3,57,4711,2108,2603
050,72,127,"Puerto Rico Commonwealth","San Juan Municipio",3,58,4648,2077,2571
050,72,127,"Puerto Rico Commonwealth","San Juan Municipio",3,59,4565,2050,2515
050,72,127,"Puerto Rico Commonwealth","San Juan Municipio",3,60,4613,2079,2534
050,72,127,"Puerto Rico Commonwealth","San Juan Municipio",3,61,4631,2080,2551
050,72,127,"Puerto Rico Commonwealth","San Juan Municipio",3,62,4463,1963,2500
050,72,127,"Puerto Rico Commonwealth","San Juan Municipio",3,63,4377,1913,2464
050,72,127,"Puerto Rico Commonwealth","San Juan Municipio",3,64,4484,1975,2509
050,72,127,"Puerto Rico Commonwealth","San Juan Municipio",3,65,4461,1923,2538
050,72,127,"Puerto Rico Commonwealth","San Juan Municipio",3,66,4403,1891,2512
050,72,127,"Puerto Rico Commonwealth","San Juan Municipio",3,67,4282,1804,2478
050,72,127,"Puerto Rico Commonwealth","San Juan Municipio",3,68,4197,1722,2475
050,72,127,"Puerto Rico Commonwealth","San Juan Municipio",3,69,4099,1695,2404
050,72,127,"Puerto Rico Commonwealth","San Juan Municipio",3,70,4051,1674,2377
050,72,127,"Puerto Rico Commonwealth","San Juan Municipio",3,71,4034,1689,2345
050,72,127,"Puerto Rico Commonwealth","San Juan Municipio",3,72,3906,1641,2265
050,72,127,"Puerto Rico Commonwealth","San Juan Municipio",3,73,3841,1603,2238
050,72,127,"Puerto Rico Commonwealth","San Juan Municipio",3,74,3763,1559,2204
050,72,127,"Puerto Rico Commonwealth","San Juan Municipio",3,75,3521,1435,2086
050,72,127,"Puerto Rico Commonwealth","San Juan Municipio",3,76,3357,1390,1967
050,72,127,"Puerto Rico Commonwealth","San Juan Municipio",3,77,3107,1274,1833
050,72,127,"Puerto Rico Commonwealth","San Juan Municipio",3,78,3012,1249,1763
050,72,127,"Puerto Rico Commonwealth","San Juan Municipio",3,79,2759,1124,1635
050,72,127,"Puerto Rico Commonwealth","San Juan Municipio",3,80,2573,1053,1520
050,72,127,"Puerto Rico Commonwealth","San Juan Municipio",3,81,2486,1012,1474
050,72,127,"Puerto Rico Commonwealth","San Juan Municipio",3,82,2334,974,1360
050,72,127,"Puerto Rico Commonwealth","San Juan Municipio",3,83,2201,906,1295
050,72,127,"Puerto Rico Commonwealth","San Juan Municipio",3,84,2016,807,1209
050,72,127,"Puerto Rico Commonwealth","San Juan Municipio",3,85,15719,5648,10071
050,72,127,"Puerto Rico Commonwealth","San Juan Municipio",4,0,2045,1043,1002
050,72,127,"Puerto Rico Commonwealth","San Juan Municipio",4,1,1891,999,892
050,72,127,"Puerto Rico Commonwealth","San Juan Municipio",4,2,2169,1153,1016
050,72,127,"Puerto Rico Commonwealth","San Juan Municipio",4,3,2357,1224,1133
050,72,127,"Puerto Rico Commonwealth","San Juan Municipio",4,4,2245,1160,1085
050,72,127,"Puerto Rico Commonwealth","San Juan Municipio",4,5,2344,1183,1161
050,72,127,"Puerto Rico Commonwealth","San Juan Municipio",4,6,2628,1331,1297
050,72,127,"Puerto Rico Commonwealth","San Juan Municipio",4,7,2760,1416,1344
050,72,127,"Puerto Rico Commonwealth","San Juan Municipio",4,8,2845,1449,1396
050,72,127,"Puerto Rico Commonwealth","San Juan Municipio",4,9,2904,1481,1423
050,72,127,"Puerto Rico Commonwealth","San Juan Municipio",4,10,2987,1515,1472
050,72,127,"Puerto Rico Commonwealth","San Juan Municipio",4,11,3044,1516,1528
050,72,127,"Puerto Rico Commonwealth","San Juan Municipio",4,12,3136,1524,1612
050,72,127,"Puerto Rico Commonwealth","San Juan Municipio",4,13,3296,1603,1693
050,72,127,"Puerto Rico Commonwealth","San Juan Municipio",4,14,3344,1618,1726
050,72,127,"Puerto Rico Commonwealth","San Juan Municipio",4,15,3512,1711,1801
050,72,127,"Puerto Rico Commonwealth","San Juan Municipio",4,16,3680,1812,1868
050,72,127,"Puerto Rico Commonwealth","San Juan Municipio",4,17,3756,1817,1939
050,72,127,"Puerto Rico Commonwealth","San Juan Municipio",4,18,3804,1868,1936
050,72,127,"Puerto Rico Commonwealth","San Juan Municipio",4,19,4075,1954,2121
050,72,127,"Puerto Rico Commonwealth","San Juan Municipio",4,20,4248,2054,2194
050,72,127,"Puerto Rico Commonwealth","San Juan Municipio",4,21,4537,2198,2339
050,72,127,"Puerto Rico Commonwealth","San Juan Municipio",4,22,4677,2211,2466
050,72,127,"Puerto Rico Commonwealth","San Juan Municipio",4,23,4505,2130,2375
050,72,127,"Puerto Rico Commonwealth","San Juan Municipio",4,24,4586,2147,2439
050,72,127,"Puerto Rico Commonwealth","San Juan Municipio",4,25,4670,2230,2440
050,72,127,"Puerto Rico Commonwealth","San Juan Municipio",4,26,4655,2245,2410
050,72,127,"Puerto Rico Commonwealth","San Juan Municipio",4,27,4658,2272,2386
050,72,127,"Puerto Rico Commonwealth","San Juan Municipio",4,28,4515,2209,2306
050,72,127,"Puerto Rico Commonwealth","San Juan Municipio",4,29,4414,2143,2271
050,72,127,"Puerto Rico Commonwealth","San Juan Municipio",4,30,4361,2118,2243
050,72,127,"Puerto Rico Commonwealth","San Juan Municipio",4,31,4418,2126,2292
050,72,127,"Puerto Rico Commonwealth","San Juan Municipio",4,32,4440,2117,2323
050,72,127,"Puerto Rico Commonwealth","San Juan Municipio",4,33,4070,1984,2086
050,72,127,"Puerto Rico Commonwealth","San Juan Municipio",4,34,3841,1833,2008
050,72,127,"Puerto Rico Commonwealth","San Juan Municipio",4,35,3824,1804,2020
050,72,127,"Puerto Rico Commonwealth","San Juan Municipio",4,36,3664,1720,1944
050,72,127,"Puerto Rico Commonwealth","San Juan Municipio",4,37,3585,1666,1919
050,72,127,"Puerto Rico Commonwealth","San Juan Municipio",4,38,3655,1699,1956
050,72,127,"Puerto Rico Commonwealth","San Juan Municipio",4,39,3724,1681,2043
050,72,127,"Puerto Rico Commonwealth","San Juan Municipio",4,40,3888,1734,2154
050,72,127,"Puerto Rico Commonwealth","San Juan Municipio",4,41,3967,1805,2162
050,72,127,"Puerto Rico Commonwealth","San Juan Municipio",4,42,4067,1867,2200
050,72,127,"Puerto Rico Commonwealth","San Juan Municipio",4,43,3928,1826,2102
050,72,127,"Puerto Rico Commonwealth","San Juan Municipio",4,44,3967,1825,2142
050,72,127,"Puerto Rico Commonwealth","San Juan Municipio",4,45,3952,1789,2163
050,72,127,"Puerto Rico Commonwealth","San Juan Municipio",4,46,3886,1757,2129
050,72,127,"Puerto Rico Commonwealth","San Juan Municipio",4,47,3950,1806,2144
050,72,127,"Puerto Rico Commonwealth","San Juan Municipio",4,48,3918,1813,2105
050,72,127,"Puerto Rico Commonwealth","San Juan Municipio",4,49,3911,1820,2091
050,72,127,"Puerto Rico Commonwealth","San Juan Municipio",4,50,3995,1854,2141
050,72,127,"Puerto Rico Commonwealth","San Juan Municipio",4,51,4159,1955,2204
050,72,127,"Puerto Rico Commonwealth","San Juan Municipio",4,52,4295,2016,2279
050,72,127,"Puerto Rico Commonwealth","San Juan Municipio",4,53,4161,1951,2210
050,72,127,"Puerto Rico Commonwealth","San Juan Municipio",4,54,4184,1953,2231
050,72,127,"Puerto Rico Commonwealth","San Juan Municipio",4,55,4319,2025,2294
050,72,127,"Puerto Rico Commonwealth","San Juan Municipio",4,56,4436,2075,2361
050,72,127,"Puerto Rico Commonwealth","San Juan Municipio",4,57,4559,2082,2477
050,72,127,"Puerto Rico Commonwealth","San Juan Municipio",4,58,4650,2074,2576
050,72,127,"Puerto Rico Commonwealth","San Juan Municipio",4,59,4573,2041,2532
050,72,127,"Puerto Rico Commonwealth","San Juan Municipio",4,60,4504,2018,2486
050,72,127,"Puerto Rico Commonwealth","San Juan Municipio",4,61,4557,2054,2503
050,72,127,"Puerto Rico Commonwealth","San Juan Municipio",4,62,4562,2036,2526
050,72,127,"Puerto Rico Commonwealth","San Juan Municipio",4,63,4383,1915,2468
050,72,127,"Puerto Rico Commonwealth","San Juan Municipio",4,64,4353,1910,2443
050,72,127,"Puerto Rico Commonwealth","San Juan Municipio",4,65,4386,1914,2472
050,72,127,"Puerto Rico Commonwealth","San Juan Municipio",4,66,4386,1893,2493
050,72,127,"Puerto Rico Commonwealth","San Juan Municipio",4,67,4327,1845,2482
050,72,127,"Puerto Rico Commonwealth","San Juan Municipio",4,68,4194,1748,2446
050,72,127,"Puerto Rico Commonwealth","San Juan Municipio",4,69,4126,1690,2436
050,72,127,"Puerto Rico Commonwealth","San Juan Municipio",4,70,4033,1660,2373
050,72,127,"Puerto Rico Commonwealth","San Juan Municipio",4,71,3974,1633,2341
050,72,127,"Puerto Rico Commonwealth","San Juan Municipio",4,72,3938,1628,2310
050,72,127,"Puerto Rico Commonwealth","San Juan Municipio",4,73,3857,1609,2248
050,72,127,"Puerto Rico Commonwealth","San Juan Municipio",4,74,3764,1561,2203
050,72,127,"Puerto Rico Commonwealth","San Juan Municipio",4,75,3644,1478,2166
050,72,127,"Puerto Rico Commonwealth","San Juan Municipio",4,76,3461,1413,2048
050,72,127,"Puerto Rico Commonwealth","San Juan Municipio",4,77,3270,1338,1932
050,72,127,"Puerto Rico Commonwealth","San Juan Municipio",4,78,3034,1240,1794
050,72,127,"Puerto Rico Commonwealth","San Juan Municipio",4,79,2945,1214,1731
050,72,127,"Puerto Rico Commonwealth","San Juan Municipio",4,80,2693,1087,1606
050,72,127,"Puerto Rico Commonwealth","San Juan Municipio",4,81,2499,1011,1488
050,72,127,"Puerto Rico Commonwealth","San Juan Municipio",4,82,2387,970,1417
050,72,127,"Puerto Rico Commonwealth","San Juan Municipio",4,83,2244,937,1307
050,72,127,"Puerto Rico Commonwealth","San Juan Municipio",4,84,2087,835,1252
050,72,127,"Puerto Rico Commonwealth","San Juan Municipio",4,85,16345,5956,10389
050,72,127,"Puerto Rico Commonwealth","San Juan Municipio",5,0,2082,1052,1030
050,72,127,"Puerto Rico Commonwealth","San Juan Municipio",5,1,1974,1024,950
050,72,127,"Puerto Rico Commonwealth","San Juan Municipio",5,2,1848,973,875
050,72,127,"Puerto Rico Commonwealth","San Juan Municipio",5,3,2151,1150,1001
050,72,127,"Puerto Rico Commonwealth","San Juan Municipio",5,4,2323,1204,1119
050,72,127,"Puerto Rico Commonwealth","San Juan Municipio",5,5,2217,1138,1079
050,72,127,"Puerto Rico Commonwealth","San Juan Municipio",5,6,2330,1186,1144
050,72,127,"Puerto Rico Commonwealth","San Juan Municipio",5,7,2600,1316,1284
050,72,127,"Puerto Rico Commonwealth","San Juan Municipio",5,8,2745,1399,1346
050,72,127,"Puerto Rico Commonwealth","San Juan Municipio",5,9,2837,1447,1390
050,72,127,"Puerto Rico Commonwealth","San Juan Municipio",5,10,2897,1471,1426
050,72,127,"Puerto Rico Commonwealth","San Juan Municipio",5,11,3005,1514,1491
050,72,127,"Puerto Rico Commonwealth","San Juan Municipio",5,12,3047,1519,1528
050,72,127,"Puerto Rico Commonwealth","San Juan Municipio",5,13,3183,1546,1637
050,72,127,"Puerto Rico Commonwealth","San Juan Municipio",5,14,3318,1596,1722
050,72,127,"Puerto Rico Commonwealth","San Juan Municipio",5,15,3390,1632,1758
050,72,127,"Puerto Rico Commonwealth","San Juan Municipio",5,16,3552,1723,1829
050,72,127,"Puerto Rico Commonwealth","San Juan Municipio",5,17,3754,1820,1934
050,72,127,"Puerto Rico Commonwealth","San Juan Municipio",5,18,3798,1828,1970
050,72,127,"Puerto Rico Commonwealth","San Juan Municipio",5,19,3924,1859,2065
050,72,127,"Puerto Rico Commonwealth","San Juan Municipio",5,20,4017,1989,2028
050,72,127,"Puerto Rico Commonwealth","San Juan Municipio",5,21,4341,2091,2250
050,72,127,"Puerto Rico Commonwealth","San Juan Municipio",5,22,4544,2183,2361
050,72,127,"Puerto Rico Commonwealth","San Juan Municipio",5,23,4688,2231,2457
050,72,127,"Puerto Rico Commonwealth","San Juan Municipio",5,24,4491,2097,2394
050,72,127,"Puerto Rico Commonwealth","San Juan Municipio",5,25,4605,2177,2428
050,72,127,"Puerto Rico Commonwealth","San Juan Municipio",5,26,4657,2221,2436
050,72,127,"Puerto Rico Commonwealth","San Juan Municipio",5,27,4648,2242,2406
050,72,127,"Puerto Rico Commonwealth","San Juan Municipio",5,28,4614,2244,2370
050,72,127,"Puerto Rico Commonwealth","San Juan Municipio",5,29,4493,2194,2299
050,72,127,"Puerto Rico Commonwealth","San Juan Municipio",5,30,4359,2125,2234
050,72,127,"Puerto Rico Commonwealth","San Juan Municipio",5,31,4353,2136,2217
050,72,127,"Puerto Rico Commonwealth","San Juan Municipio",5,32,4365,2115,2250
050,72,127,"Puerto Rico Commonwealth","San Juan Municipio",5,33,4406,2109,2297
050,72,127,"Puerto Rico Commonwealth","San Juan Municipio",5,34,4002,1934,2068
050,72,127,"Puerto Rico Commonwealth","San Juan Municipio",5,35,3837,1833,2004
050,72,127,"Puerto Rico Commonwealth","San Juan Municipio",5,36,3811,1796,2015
050,72,127,"Puerto Rico Commonwealth","San Juan Municipio",5,37,3604,1693,1911
050,72,127,"Puerto Rico Commonwealth","San Juan Municipio",5,38,3565,1645,1920
050,72,127,"Puerto Rico Commonwealth","San Juan Municipio",5,39,3627,1674,1953
050,72,127,"Puerto Rico Commonwealth","San Juan Municipio",5,40,3738,1692,2046
050,72,127,"Puerto Rico Commonwealth","San Juan Municipio",5,41,3851,1716,2135
050,72,127,"Puerto Rico Commonwealth","San Juan Municipio",5,42,3961,1801,2160
050,72,127,"Puerto Rico Commonwealth","San Juan Municipio",5,43,4050,1864,2186
050,72,127,"Puerto Rico Commonwealth","San Juan Municipio",5,44,3947,1842,2105
050,72,127,"Puerto Rico Commonwealth","San Juan Municipio",5,45,3955,1817,2138
050,72,127,"Puerto Rico Commonwealth","San Juan Municipio",5,46,3923,1761,2162
050,72,127,"Puerto Rico Commonwealth","San Juan Municipio",5,47,3865,1744,2121
050,72,127,"Puerto Rico Commonwealth","San Juan Municipio",5,48,3900,1775,2125
050,72,127,"Puerto Rico Commonwealth","San Juan Municipio",5,49,3929,1826,2103
050,72,127,"Puerto Rico Commonwealth","San Juan Municipio",5,50,3874,1800,2074
050,72,127,"Puerto Rico Commonwealth","San Juan Municipio",5,51,3984,1854,2130
050,72,127,"Puerto Rico Commonwealth","San Juan Municipio",5,52,4160,1955,2205
050,72,127,"Puerto Rico Commonwealth","San Juan Municipio",5,53,4232,1980,2252
050,72,127,"Puerto Rico Commonwealth","San Juan Municipio",5,54,4158,1954,2204
050,72,127,"Puerto Rico Commonwealth","San Juan Municipio",5,55,4149,1932,2217
050,72,127,"Puerto Rico Commonwealth","San Juan Municipio",5,56,4242,1970,2272
050,72,127,"Puerto Rico Commonwealth","San Juan Municipio",5,57,4365,2028,2337
050,72,127,"Puerto Rico Commonwealth","San Juan Municipio",5,58,4514,2052,2462
050,72,127,"Puerto Rico Commonwealth","San Juan Municipio",5,59,4591,2040,2551
050,72,127,"Puerto Rico Commonwealth","San Juan Municipio",5,60,4526,2018,2508
050,72,127,"Puerto Rico Commonwealth","San Juan Municipio",5,61,4443,1988,2455
050,72,127,"Puerto Rico Commonwealth","San Juan Municipio",5,62,4488,2006,2482
050,72,127,"Puerto Rico Commonwealth","San Juan Municipio",5,63,4493,2001,2492
050,72,127,"Puerto Rico Commonwealth","San Juan Municipio",5,64,4356,1900,2456
050,72,127,"Puerto Rico Commonwealth","San Juan Municipio",5,65,4256,1835,2421
050,72,127,"Puerto Rico Commonwealth","San Juan Municipio",5,66,4319,1882,2437
050,72,127,"Puerto Rico Commonwealth","San Juan Municipio",5,67,4338,1855,2483
050,72,127,"Puerto Rico Commonwealth","San Juan Municipio",5,68,4254,1798,2456
050,72,127,"Puerto Rico Commonwealth","San Juan Municipio",5,69,4143,1724,2419
050,72,127,"Puerto Rico Commonwealth","San Juan Municipio",5,70,4084,1667,2417
050,72,127,"Puerto Rico Commonwealth","San Juan Municipio",5,71,3966,1622,2344
050,72,127,"Puerto Rico Commonwealth","San Juan Municipio",5,72,3911,1600,2311
050,72,127,"Puerto Rico Commonwealth","San Juan Municipio",5,73,3885,1597,2288
050,72,127,"Puerto Rico Commonwealth","San Juan Municipio",5,74,3824,1595,2229
050,72,127,"Puerto Rico Commonwealth","San Juan Municipio",5,75,3678,1499,2179
050,72,127,"Puerto Rico Commonwealth","San Juan Municipio",5,76,3597,1460,2137
050,72,127,"Puerto Rico Commonwealth","San Juan Municipio",5,77,3394,1368,2026
050,72,127,"Puerto Rico Commonwealth","San Juan Municipio",5,78,3203,1312,1891
050,72,127,"Puerto Rico Commonwealth","San Juan Municipio",5,79,2965,1209,1756
050,72,127,"Puerto Rico Commonwealth","San Juan Municipio",5,80,2909,1201,1708
050,72,127,"Puerto Rico Commonwealth","San Juan Municipio",5,81,2614,1045,1569
050,72,127,"Puerto Rico Commonwealth","San Juan Municipio",5,82,2439,990,1449
050,72,127,"Puerto Rico Commonwealth","San Juan Municipio",5,83,2315,947,1368
050,72,127,"Puerto Rico Commonwealth","San Juan Municipio",5,84,2149,870,1279
050,72,127,"Puerto Rico Commonwealth","San Juan Municipio",5,85,17066,6337,10729
050,72,129,"Puerto Rico Commonwealth","San Lorenzo Municipio",1,0,249,125,124
050,72,129,"Puerto Rico Commonwealth","San Lorenzo Municipio",1,1,227,120,107
050,72,129,"Puerto Rico Commonwealth","San Lorenzo Municipio",1,2,228,121,107
050,72,129,"Puerto Rico Commonwealth","San Lorenzo Municipio",1,3,271,137,134
050,72,129,"Puerto Rico Commonwealth","San Lorenzo Municipio",1,4,303,144,159
050,72,129,"Puerto Rico Commonwealth","San Lorenzo Municipio",1,5,330,157,173
050,72,129,"Puerto Rico Commonwealth","San Lorenzo Municipio",1,6,318,155,163
050,72,129,"Puerto Rico Commonwealth","San Lorenzo Municipio",1,7,354,175,179
050,72,129,"Puerto Rico Commonwealth","San Lorenzo Municipio",1,8,373,194,179
050,72,129,"Puerto Rico Commonwealth","San Lorenzo Municipio",1,9,372,183,189
050,72,129,"Puerto Rico Commonwealth","San Lorenzo Municipio",1,10,371,188,183
050,72,129,"Puerto Rico Commonwealth","San Lorenzo Municipio",1,11,396,208,188
050,72,129,"Puerto Rico Commonwealth","San Lorenzo Municipio",1,12,427,228,199
050,72,129,"Puerto Rico Commonwealth","San Lorenzo Municipio",1,13,439,236,203
050,72,129,"Puerto Rico Commonwealth","San Lorenzo Municipio",1,14,439,222,217
050,72,129,"Puerto Rico Commonwealth","San Lorenzo Municipio",1,15,460,235,225
050,72,129,"Puerto Rico Commonwealth","San Lorenzo Municipio",1,16,458,233,225
050,72,129,"Puerto Rico Commonwealth","San Lorenzo Municipio",1,17,451,227,224
050,72,129,"Puerto Rico Commonwealth","San Lorenzo Municipio",1,18,443,230,213
050,72,129,"Puerto Rico Commonwealth","San Lorenzo Municipio",1,19,457,221,236
050,72,129,"Puerto Rico Commonwealth","San Lorenzo Municipio",1,20,476,231,245
050,72,129,"Puerto Rico Commonwealth","San Lorenzo Municipio",1,21,484,257,227
050,72,129,"Puerto Rico Commonwealth","San Lorenzo Municipio",1,22,503,260,243
050,72,129,"Puerto Rico Commonwealth","San Lorenzo Municipio",1,23,503,253,250
050,72,129,"Puerto Rico Commonwealth","San Lorenzo Municipio",1,24,489,250,239
050,72,129,"Puerto Rico Commonwealth","San Lorenzo Municipio",1,25,521,261,260
050,72,129,"Puerto Rico Commonwealth","San Lorenzo Municipio",1,26,509,250,259
050,72,129,"Puerto Rico Commonwealth","San Lorenzo Municipio",1,27,511,239,272
050,72,129,"Puerto Rico Commonwealth","San Lorenzo Municipio",1,28,537,256,281
050,72,129,"Puerto Rico Commonwealth","San Lorenzo Municipio",1,29,530,248,282
050,72,129,"Puerto Rico Commonwealth","San Lorenzo Municipio",1,30,491,244,247
050,72,129,"Puerto Rico Commonwealth","San Lorenzo Municipio",1,31,444,224,220
050,72,129,"Puerto Rico Commonwealth","San Lorenzo Municipio",1,32,432,214,218
050,72,129,"Puerto Rico Commonwealth","San Lorenzo Municipio",1,33,444,218,226
050,72,129,"Puerto Rico Commonwealth","San Lorenzo Municipio",1,34,430,213,217
050,72,129,"Puerto Rico Commonwealth","San Lorenzo Municipio",1,35,438,223,215
050,72,129,"Puerto Rico Commonwealth","San Lorenzo Municipio",1,36,431,209,222
050,72,129,"Puerto Rico Commonwealth","San Lorenzo Municipio",1,37,471,221,250
050,72,129,"Puerto Rico Commonwealth","San Lorenzo Municipio",1,38,470,215,255
050,72,129,"Puerto Rico Commonwealth","San Lorenzo Municipio",1,39,490,226,264
050,72,129,"Puerto Rico Commonwealth","San Lorenzo Municipio",1,40,497,244,253
050,72,129,"Puerto Rico Commonwealth","San Lorenzo Municipio",1,41,462,228,234
050,72,129,"Puerto Rico Commonwealth","San Lorenzo Municipio",1,42,488,233,255
050,72,129,"Puerto Rico Commonwealth","San Lorenzo Municipio",1,43,478,227,251
050,72,129,"Puerto Rico Commonwealth","San Lorenzo Municipio",1,44,463,223,240
050,72,129,"Puerto Rico Commonwealth","San Lorenzo Municipio",1,45,461,224,237
050,72,129,"Puerto Rico Commonwealth","San Lorenzo Municipio",1,46,450,220,230
050,72,129,"Puerto Rico Commonwealth","San Lorenzo Municipio",1,47,468,234,234
050,72,129,"Puerto Rico Commonwealth","San Lorenzo Municipio",1,48,504,257,247
050,72,129,"Puerto Rico Commonwealth","San Lorenzo Municipio",1,49,512,252,260
050,72,129,"Puerto Rico Commonwealth","San Lorenzo Municipio",1,50,522,250,272
050,72,129,"Puerto Rico Commonwealth","San Lorenzo Municipio",1,51,524,242,282
050,72,129,"Puerto Rico Commonwealth","San Lorenzo Municipio",1,52,533,251,282
050,72,129,"Puerto Rico Commonwealth","San Lorenzo Municipio",1,53,522,245,277
050,72,129,"Puerto Rico Commonwealth","San Lorenzo Municipio",1,54,547,264,283
050,72,129,"Puerto Rico Commonwealth","San Lorenzo Municipio",1,55,578,286,292
050,72,129,"Puerto Rico Commonwealth","San Lorenzo Municipio",1,56,557,271,286
050,72,129,"Puerto Rico Commonwealth","San Lorenzo Municipio",1,57,558,272,286
050,72,129,"Puerto Rico Commonwealth","San Lorenzo Municipio",1,58,566,275,291
050,72,129,"Puerto Rico Commonwealth","San Lorenzo Municipio",1,59,580,271,309
050,72,129,"Puerto Rico Commonwealth","San Lorenzo Municipio",1,60,593,268,325
050,72,129,"Puerto Rico Commonwealth","San Lorenzo Municipio",1,61,567,258,309
050,72,129,"Puerto Rico Commonwealth","San Lorenzo Municipio",1,62,515,243,272
050,72,129,"Puerto Rico Commonwealth","San Lorenzo Municipio",1,63,531,263,268
050,72,129,"Puerto Rico Commonwealth","San Lorenzo Municipio",1,64,535,272,263
050,72,129,"Puerto Rico Commonwealth","San Lorenzo Municipio",1,65,521,244,277
050,72,129,"Puerto Rico Commonwealth","San Lorenzo Municipio",1,66,455,211,244
050,72,129,"Puerto Rico Commonwealth","San Lorenzo Municipio",1,67,478,228,250
050,72,129,"Puerto Rico Commonwealth","San Lorenzo Municipio",1,68,451,203,248
050,72,129,"Puerto Rico Commonwealth","San Lorenzo Municipio",1,69,415,177,238
050,72,129,"Puerto Rico Commonwealth","San Lorenzo Municipio",1,70,414,201,213
050,72,129,"Puerto Rico Commonwealth","San Lorenzo Municipio",1,71,406,202,204
050,72,129,"Puerto Rico Commonwealth","San Lorenzo Municipio",1,72,378,179,199
050,72,129,"Puerto Rico Commonwealth","San Lorenzo Municipio",1,73,351,169,182
050,72,129,"Puerto Rico Commonwealth","San Lorenzo Municipio",1,74,333,153,180
050,72,129,"Puerto Rico Commonwealth","San Lorenzo Municipio",1,75,328,161,167
050,72,129,"Puerto Rico Commonwealth","San Lorenzo Municipio",1,76,339,165,174
050,72,129,"Puerto Rico Commonwealth","San Lorenzo Municipio",1,77,294,151,143
050,72,129,"Puerto Rico Commonwealth","San Lorenzo Municipio",1,78,274,132,142
050,72,129,"Puerto Rico Commonwealth","San Lorenzo Municipio",1,79,268,123,145
050,72,129,"Puerto Rico Commonwealth","San Lorenzo Municipio",1,80,240,106,134
050,72,129,"Puerto Rico Commonwealth","San Lorenzo Municipio",1,81,222,95,127
050,72,129,"Puerto Rico Commonwealth","San Lorenzo Municipio",1,82,184,82,102
050,72,129,"Puerto Rico Commonwealth","San Lorenzo Municipio",1,83,190,87,103
050,72,129,"Puerto Rico Commonwealth","San Lorenzo Municipio",1,84,166,77,89
050,72,129,"Puerto Rico Commonwealth","San Lorenzo Municipio",1,85,1005,452,553
050,72,129,"Puerto Rico Commonwealth","San Lorenzo Municipio",2,0,246,124,122
050,72,129,"Puerto Rico Commonwealth","San Lorenzo Municipio",2,1,231,121,110
050,72,129,"Puerto Rico Commonwealth","San Lorenzo Municipio",2,2,228,121,107
050,72,129,"Puerto Rico Commonwealth","San Lorenzo Municipio",2,3,261,133,128
050,72,129,"Puerto Rico Commonwealth","San Lorenzo Municipio",2,4,294,142,152
050,72,129,"Puerto Rico Commonwealth","San Lorenzo Municipio",2,5,324,154,170
050,72,129,"Puerto Rico Commonwealth","San Lorenzo Municipio",2,6,320,155,165
050,72,129,"Puerto Rico Commonwealth","San Lorenzo Municipio",2,7,345,170,175
050,72,129,"Puerto Rico Commonwealth","San Lorenzo Municipio",2,8,369,190,179
050,72,129,"Puerto Rico Commonwealth","San Lorenzo Municipio",2,9,372,185,187
050,72,129,"Puerto Rico Commonwealth","San Lorenzo Municipio",2,10,371,187,184
050,72,129,"Puerto Rico Commonwealth","San Lorenzo Municipio",2,11,390,203,187
050,72,129,"Puerto Rico Commonwealth","San Lorenzo Municipio",2,12,419,223,196
050,72,129,"Puerto Rico Commonwealth","San Lorenzo Municipio",2,13,436,234,202
050,72,129,"Puerto Rico Commonwealth","San Lorenzo Municipio",2,14,440,226,214
050,72,129,"Puerto Rico Commonwealth","San Lorenzo Municipio",2,15,454,231,223
050,72,129,"Puerto Rico Commonwealth","San Lorenzo Municipio",2,16,459,234,225
050,72,129,"Puerto Rico Commonwealth","San Lorenzo Municipio",2,17,452,228,224
050,72,129,"Puerto Rico Commonwealth","San Lorenzo Municipio",2,18,445,229,216
050,72,129,"Puerto Rico Commonwealth","San Lorenzo Municipio",2,19,453,223,230
050,72,129,"Puerto Rico Commonwealth","San Lorenzo Municipio",2,20,471,228,243
050,72,129,"Puerto Rico Commonwealth","San Lorenzo Municipio",2,21,482,251,231
050,72,129,"Puerto Rico Commonwealth","San Lorenzo Municipio",2,22,498,259,239
050,72,129,"Puerto Rico Commonwealth","San Lorenzo Municipio",2,23,504,255,249
050,72,129,"Puerto Rico Commonwealth","San Lorenzo Municipio",2,24,492,251,241
050,72,129,"Puerto Rico Commonwealth","San Lorenzo Municipio",2,25,513,258,255
050,72,129,"Puerto Rico Commonwealth","San Lorenzo Municipio",2,26,512,253,259
050,72,129,"Puerto Rico Commonwealth","San Lorenzo Municipio",2,27,510,241,269
050,72,129,"Puerto Rico Commonwealth","San Lorenzo Municipio",2,28,531,252,279
050,72,129,"Puerto Rico Commonwealth","San Lorenzo Municipio",2,29,532,250,282
050,72,129,"Puerto Rico Commonwealth","San Lorenzo Municipio",2,30,500,245,255
050,72,129,"Puerto Rico Commonwealth","San Lorenzo Municipio",2,31,455,228,227
050,72,129,"Puerto Rico Commonwealth","San Lorenzo Municipio",2,32,436,217,219
050,72,129,"Puerto Rico Commonwealth","San Lorenzo Municipio",2,33,441,217,224
050,72,129,"Puerto Rico Commonwealth","San Lorenzo Municipio",2,34,433,214,219
050,72,129,"Puerto Rico Commonwealth","San Lorenzo Municipio",2,35,435,220,215
050,72,129,"Puerto Rico Commonwealth","San Lorenzo Municipio",2,36,434,213,221
050,72,129,"Puerto Rico Commonwealth","San Lorenzo Municipio",2,37,461,218,243
050,72,129,"Puerto Rico Commonwealth","San Lorenzo Municipio",2,38,469,216,253
050,72,129,"Puerto Rico Commonwealth","San Lorenzo Municipio",2,39,486,224,262
050,72,129,"Puerto Rico Commonwealth","San Lorenzo Municipio",2,40,494,238,256
050,72,129,"Puerto Rico Commonwealth","San Lorenzo Municipio",2,41,471,232,239
050,72,129,"Puerto Rico Commonwealth","San Lorenzo Municipio",2,42,481,232,249
050,72,129,"Puerto Rico Commonwealth","San Lorenzo Municipio",2,43,480,228,252
050,72,129,"Puerto Rico Commonwealth","San Lorenzo Municipio",2,44,467,224,243
050,72,129,"Puerto Rico Commonwealth","San Lorenzo Municipio",2,45,462,224,238
050,72,129,"Puerto Rico Commonwealth","San Lorenzo Municipio",2,46,453,221,232
050,72,129,"Puerto Rico Commonwealth","San Lorenzo Municipio",2,47,464,231,233
050,72,129,"Puerto Rico Commonwealth","San Lorenzo Municipio",2,48,494,251,243
050,72,129,"Puerto Rico Commonwealth","San Lorenzo Municipio",2,49,509,252,257
050,72,129,"Puerto Rico Commonwealth","San Lorenzo Municipio",2,50,519,250,269
050,72,129,"Puerto Rico Commonwealth","San Lorenzo Municipio",2,51,523,244,279
050,72,129,"Puerto Rico Commonwealth","San Lorenzo Municipio",2,52,530,248,282
050,72,129,"Puerto Rico Commonwealth","San Lorenzo Municipio",2,53,524,246,278
050,72,129,"Puerto Rico Commonwealth","San Lorenzo Municipio",2,54,539,258,281
050,72,129,"Puerto Rico Commonwealth","San Lorenzo Municipio",2,55,571,281,290
050,72,129,"Puerto Rico Commonwealth","San Lorenzo Municipio",2,56,562,274,288
050,72,129,"Puerto Rico Commonwealth","San Lorenzo Municipio",2,57,557,271,286
050,72,129,"Puerto Rico Commonwealth","San Lorenzo Municipio",2,58,561,274,287
050,72,129,"Puerto Rico Commonwealth","San Lorenzo Municipio",2,59,576,271,305
050,72,129,"Puerto Rico Commonwealth","San Lorenzo Municipio",2,60,590,269,321
050,72,129,"Puerto Rico Commonwealth","San Lorenzo Municipio",2,61,573,260,313
050,72,129,"Puerto Rico Commonwealth","San Lorenzo Municipio",2,62,526,245,281
050,72,129,"Puerto Rico Commonwealth","San Lorenzo Municipio",2,63,527,258,269
050,72,129,"Puerto Rico Commonwealth","San Lorenzo Municipio",2,64,532,268,264
050,72,129,"Puerto Rico Commonwealth","San Lorenzo Municipio",2,65,525,251,274
050,72,129,"Puerto Rico Commonwealth","San Lorenzo Municipio",2,66,470,218,252
050,72,129,"Puerto Rico Commonwealth","San Lorenzo Municipio",2,67,470,222,248
050,72,129,"Puerto Rico Commonwealth","San Lorenzo Municipio",2,68,455,207,248
050,72,129,"Puerto Rico Commonwealth","San Lorenzo Municipio",2,69,424,183,241
050,72,129,"Puerto Rico Commonwealth","San Lorenzo Municipio",2,70,411,194,217
050,72,129,"Puerto Rico Commonwealth","San Lorenzo Municipio",2,71,406,200,206
050,72,129,"Puerto Rico Commonwealth","San Lorenzo Municipio",2,72,382,184,198
050,72,129,"Puerto Rico Commonwealth","San Lorenzo Municipio",2,73,357,171,186
050,72,129,"Puerto Rico Commonwealth","San Lorenzo Municipio",2,74,333,155,178
050,72,129,"Puerto Rico Commonwealth","San Lorenzo Municipio",2,75,325,155,170
050,72,129,"Puerto Rico Commonwealth","San Lorenzo Municipio",2,76,337,164,173
050,72,129,"Puerto Rico Commonwealth","San Lorenzo Municipio",2,77,302,152,150
050,72,129,"Puerto Rico Commonwealth","San Lorenzo Municipio",2,78,275,133,142
050,72,129,"Puerto Rico Commonwealth","San Lorenzo Municipio",2,79,269,125,144
050,72,129,"Puerto Rico Commonwealth","San Lorenzo Municipio",2,80,247,111,136
050,72,129,"Puerto Rico Commonwealth","San Lorenzo Municipio",2,81,223,97,126
050,72,129,"Puerto Rico Commonwealth","San Lorenzo Municipio",2,82,191,84,107
050,72,129,"Puerto Rico Commonwealth","San Lorenzo Municipio",2,83,184,83,101
050,72,129,"Puerto Rico Commonwealth","San Lorenzo Municipio",2,84,171,79,92
050,72,129,"Puerto Rico Commonwealth","San Lorenzo Municipio",2,85,1025,460,565
050,72,129,"Puerto Rico Commonwealth","San Lorenzo Municipio",3,0,191,91,100
050,72,129,"Puerto Rico Commonwealth","San Lorenzo Municipio",3,1,250,125,125
050,72,129,"Puerto Rico Commonwealth","San Lorenzo Municipio",3,2,233,122,111
050,72,129,"Puerto Rico Commonwealth","San Lorenzo Municipio",3,3,229,121,108
050,72,129,"Puerto Rico Commonwealth","San Lorenzo Municipio",3,4,262,133,129
050,72,129,"Puerto Rico Commonwealth","San Lorenzo Municipio",3,5,296,143,153
050,72,129,"Puerto Rico Commonwealth","San Lorenzo Municipio",3,6,326,155,171
050,72,129,"Puerto Rico Commonwealth","San Lorenzo Municipio",3,7,321,155,166
050,72,129,"Puerto Rico Commonwealth","San Lorenzo Municipio",3,8,346,170,176
050,72,129,"Puerto Rico Commonwealth","San Lorenzo Municipio",3,9,370,191,179
050,72,129,"Puerto Rico Commonwealth","San Lorenzo Municipio",3,10,371,185,186
050,72,129,"Puerto Rico Commonwealth","San Lorenzo Municipio",3,11,371,187,184
050,72,129,"Puerto Rico Commonwealth","San Lorenzo Municipio",3,12,390,203,187
050,72,129,"Puerto Rico Commonwealth","San Lorenzo Municipio",3,13,419,223,196
050,72,129,"Puerto Rico Commonwealth","San Lorenzo Municipio",3,14,436,234,202
050,72,129,"Puerto Rico Commonwealth","San Lorenzo Municipio",3,15,444,230,214
050,72,129,"Puerto Rico Commonwealth","San Lorenzo Municipio",3,16,463,241,222
050,72,129,"Puerto Rico Commonwealth","San Lorenzo Municipio",3,17,452,228,224
050,72,129,"Puerto Rico Commonwealth","San Lorenzo Municipio",3,18,433,212,221
050,72,129,"Puerto Rico Commonwealth","San Lorenzo Municipio",3,19,440,227,213
050,72,129,"Puerto Rico Commonwealth","San Lorenzo Municipio",3,20,452,221,231
050,72,129,"Puerto Rico Commonwealth","San Lorenzo Municipio",3,21,469,226,243
050,72,129,"Puerto Rico Commonwealth","San Lorenzo Municipio",3,22,490,258,232
050,72,129,"Puerto Rico Commonwealth","San Lorenzo Municipio",3,23,494,253,241
050,72,129,"Puerto Rico Commonwealth","San Lorenzo Municipio",3,24,509,258,251
050,72,129,"Puerto Rico Commonwealth","San Lorenzo Municipio",3,25,496,253,243
050,72,129,"Puerto Rico Commonwealth","San Lorenzo Municipio",3,26,514,257,257
050,72,129,"Puerto Rico Commonwealth","San Lorenzo Municipio",3,27,516,256,260
050,72,129,"Puerto Rico Commonwealth","San Lorenzo Municipio",3,28,511,241,270
050,72,129,"Puerto Rico Commonwealth","San Lorenzo Municipio",3,29,528,248,280
050,72,129,"Puerto Rico Commonwealth","San Lorenzo Municipio",3,30,544,260,284
050,72,129,"Puerto Rico Commonwealth","San Lorenzo Municipio",3,31,498,242,256
050,72,129,"Puerto Rico Commonwealth","San Lorenzo Municipio",3,32,456,229,227
050,72,129,"Puerto Rico Commonwealth","San Lorenzo Municipio",3,33,440,220,220
050,72,129,"Puerto Rico Commonwealth","San Lorenzo Municipio",3,34,443,218,225
050,72,129,"Puerto Rico Commonwealth","San Lorenzo Municipio",3,35,443,224,219
050,72,129,"Puerto Rico Commonwealth","San Lorenzo Municipio",3,36,430,215,215
050,72,129,"Puerto Rico Commonwealth","San Lorenzo Municipio",3,37,436,215,221
050,72,129,"Puerto Rico Commonwealth","San Lorenzo Municipio",3,38,462,219,243
050,72,129,"Puerto Rico Commonwealth","San Lorenzo Municipio",3,39,472,219,253
050,72,129,"Puerto Rico Commonwealth","San Lorenzo Municipio",3,40,496,233,263
050,72,129,"Puerto Rico Commonwealth","San Lorenzo Municipio",3,41,490,233,257
050,72,129,"Puerto Rico Commonwealth","San Lorenzo Municipio",3,42,471,232,239
050,72,129,"Puerto Rico Commonwealth","San Lorenzo Municipio",3,43,481,233,248
050,72,129,"Puerto Rico Commonwealth","San Lorenzo Municipio",3,44,481,228,253
050,72,129,"Puerto Rico Commonwealth","San Lorenzo Municipio",3,45,473,230,243
050,72,129,"Puerto Rico Commonwealth","San Lorenzo Municipio",3,46,457,219,238
050,72,129,"Puerto Rico Commonwealth","San Lorenzo Municipio",3,47,454,221,233
050,72,129,"Puerto Rico Commonwealth","San Lorenzo Municipio",3,48,470,237,233
050,72,129,"Puerto Rico Commonwealth","San Lorenzo Municipio",3,49,488,246,242
050,72,129,"Puerto Rico Commonwealth","San Lorenzo Municipio",3,50,510,253,257
050,72,129,"Puerto Rico Commonwealth","San Lorenzo Municipio",3,51,519,251,268
050,72,129,"Puerto Rico Commonwealth","San Lorenzo Municipio",3,52,531,253,278
050,72,129,"Puerto Rico Commonwealth","San Lorenzo Municipio",3,53,525,243,282
050,72,129,"Puerto Rico Commonwealth","San Lorenzo Municipio",3,54,524,245,279
050,72,129,"Puerto Rico Commonwealth","San Lorenzo Municipio",3,55,549,267,282
050,72,129,"Puerto Rico Commonwealth","San Lorenzo Municipio",3,56,564,274,290
050,72,129,"Puerto Rico Commonwealth","San Lorenzo Municipio",3,57,562,274,288
050,72,129,"Puerto Rico Commonwealth","San Lorenzo Municipio",3,58,553,270,283
050,72,129,"Puerto Rico Commonwealth","San Lorenzo Municipio",3,59,559,273,286
050,72,129,"Puerto Rico Commonwealth","San Lorenzo Municipio",3,60,576,273,303
050,72,129,"Puerto Rico Commonwealth","San Lorenzo Municipio",3,61,586,265,321
050,72,129,"Puerto Rico Commonwealth","San Lorenzo Municipio",3,62,571,259,312
050,72,129,"Puerto Rico Commonwealth","San Lorenzo Municipio",3,63,529,241,288
050,72,129,"Puerto Rico Commonwealth","San Lorenzo Municipio",3,64,519,259,260
050,72,129,"Puerto Rico Commonwealth","San Lorenzo Municipio",3,65,527,264,263
050,72,129,"Puerto Rico Commonwealth","San Lorenzo Municipio",3,66,518,248,270
050,72,129,"Puerto Rico Commonwealth","San Lorenzo Municipio",3,67,467,217,250
050,72,129,"Puerto Rico Commonwealth","San Lorenzo Municipio",3,68,460,217,243
050,72,129,"Puerto Rico Commonwealth","San Lorenzo Municipio",3,69,450,206,244
050,72,129,"Puerto Rico Commonwealth","San Lorenzo Municipio",3,70,427,188,239
050,72,129,"Puerto Rico Commonwealth","San Lorenzo Municipio",3,71,396,182,214
050,72,129,"Puerto Rico Commonwealth","San Lorenzo Municipio",3,72,400,197,203
050,72,129,"Puerto Rico Commonwealth","San Lorenzo Municipio",3,73,372,177,195
050,72,129,"Puerto Rico Commonwealth","San Lorenzo Municipio",3,74,353,165,188
050,72,129,"Puerto Rico Commonwealth","San Lorenzo Municipio",3,75,320,148,172
050,72,129,"Puerto Rico Commonwealth","San Lorenzo Municipio",3,76,313,150,163
050,72,129,"Puerto Rico Commonwealth","San Lorenzo Municipio",3,77,333,162,171
050,72,129,"Puerto Rico Commonwealth","San Lorenzo Municipio",3,78,292,145,147
050,72,129,"Puerto Rico Commonwealth","San Lorenzo Municipio",3,79,264,131,133
050,72,129,"Puerto Rico Commonwealth","San Lorenzo Municipio",3,80,254,112,142
050,72,129,"Puerto Rico Commonwealth","San Lorenzo Municipio",3,81,236,105,131
050,72,129,"Puerto Rico Commonwealth","San Lorenzo Municipio",3,82,209,89,120
050,72,129,"Puerto Rico Commonwealth","San Lorenzo Municipio",3,83,188,81,107
050,72,129,"Puerto Rico Commonwealth","San Lorenzo Municipio",3,84,174,82,92
050,72,129,"Puerto Rico Commonwealth","San Lorenzo Municipio",3,85,1096,499,597
050,72,129,"Puerto Rico Commonwealth","San Lorenzo Municipio",4,0,180,87,93
050,72,129,"Puerto Rico Commonwealth","San Lorenzo Municipio",4,1,190,90,100
050,72,129,"Puerto Rico Commonwealth","San Lorenzo Municipio",4,2,248,124,124
050,72,129,"Puerto Rico Commonwealth","San Lorenzo Municipio",4,3,231,121,110
050,72,129,"Puerto Rico Commonwealth","San Lorenzo Municipio",4,4,227,120,107
050,72,129,"Puerto Rico Commonwealth","San Lorenzo Municipio",4,5,260,132,128
050,72,129,"Puerto Rico Commonwealth","San Lorenzo Municipio",4,6,293,141,152
050,72,129,"Puerto Rico Commonwealth","San Lorenzo Municipio",4,7,324,154,170
050,72,129,"Puerto Rico Commonwealth","San Lorenzo Municipio",4,8,318,153,165
050,72,129,"Puerto Rico Commonwealth","San Lorenzo Municipio",4,9,343,168,175
050,72,129,"Puerto Rico Commonwealth","San Lorenzo Municipio",4,10,366,189,177
050,72,129,"Puerto Rico Commonwealth","San Lorenzo Municipio",4,11,366,182,184
050,72,129,"Puerto Rico Commonwealth","San Lorenzo Municipio",4,12,366,184,182
050,72,129,"Puerto Rico Commonwealth","San Lorenzo Municipio",4,13,385,200,185
050,72,129,"Puerto Rico Commonwealth","San Lorenzo Municipio",4,14,414,220,194
050,72,129,"Puerto Rico Commonwealth","San Lorenzo Municipio",4,15,435,235,200
050,72,129,"Puerto Rico Commonwealth","San Lorenzo Municipio",4,16,448,237,211
050,72,129,"Puerto Rico Commonwealth","San Lorenzo Municipio",4,17,451,233,218
050,72,129,"Puerto Rico Commonwealth","San Lorenzo Municipio",4,18,427,209,218
050,72,129,"Puerto Rico Commonwealth","San Lorenzo Municipio",4,19,421,206,215
050,72,129,"Puerto Rico Commonwealth","San Lorenzo Municipio",4,20,433,222,211
050,72,129,"Puerto Rico Commonwealth","San Lorenzo Municipio",4,21,444,216,228
050,72,129,"Puerto Rico Commonwealth","San Lorenzo Municipio",4,22,471,230,241
050,72,129,"Puerto Rico Commonwealth","San Lorenzo Municipio",4,23,475,244,231
050,72,129,"Puerto Rico Commonwealth","San Lorenzo Municipio",4,24,491,251,240
050,72,129,"Puerto Rico Commonwealth","San Lorenzo Municipio",4,25,506,256,250
050,72,129,"Puerto Rico Commonwealth","San Lorenzo Municipio",4,26,488,247,241
050,72,129,"Puerto Rico Commonwealth","San Lorenzo Municipio",4,27,510,255,255
050,72,129,"Puerto Rico Commonwealth","San Lorenzo Municipio",4,28,510,253,257
050,72,129,"Puerto Rico Commonwealth","San Lorenzo Municipio",4,29,500,233,267
050,72,129,"Puerto Rico Commonwealth","San Lorenzo Municipio",4,30,534,256,278
050,72,129,"Puerto Rico Commonwealth","San Lorenzo Municipio",4,31,533,251,282
050,72,129,"Puerto Rico Commonwealth","San Lorenzo Municipio",4,32,491,238,253
050,72,129,"Puerto Rico Commonwealth","San Lorenzo Municipio",4,33,451,226,225
050,72,129,"Puerto Rico Commonwealth","San Lorenzo Municipio",4,34,435,217,218
050,72,129,"Puerto Rico Commonwealth","San Lorenzo Municipio",4,35,449,226,223
050,72,129,"Puerto Rico Commonwealth","San Lorenzo Municipio",4,36,428,211,217
050,72,129,"Puerto Rico Commonwealth","San Lorenzo Municipio",4,37,425,212,213
050,72,129,"Puerto Rico Commonwealth","San Lorenzo Municipio",4,38,431,212,219
050,72,129,"Puerto Rico Commonwealth","San Lorenzo Municipio",4,39,461,220,241
050,72,129,"Puerto Rico Commonwealth","San Lorenzo Municipio",4,40,475,224,251
050,72,129,"Puerto Rico Commonwealth","San Lorenzo Municipio",4,41,485,223,262
050,72,129,"Puerto Rico Commonwealth","San Lorenzo Municipio",4,42,488,232,256
050,72,129,"Puerto Rico Commonwealth","San Lorenzo Municipio",4,43,468,230,238
050,72,129,"Puerto Rico Commonwealth","San Lorenzo Municipio",4,44,478,231,247
050,72,129,"Puerto Rico Commonwealth","San Lorenzo Municipio",4,45,486,234,252
050,72,129,"Puerto Rico Commonwealth","San Lorenzo Municipio",4,46,462,220,242
050,72,129,"Puerto Rico Commonwealth","San Lorenzo Municipio",4,47,451,214,237
050,72,129,"Puerto Rico Commonwealth","San Lorenzo Municipio",4,48,461,229,232
050,72,129,"Puerto Rico Commonwealth","San Lorenzo Municipio",4,49,459,227,232
050,72,129,"Puerto Rico Commonwealth","San Lorenzo Municipio",4,50,485,244,241
050,72,129,"Puerto Rico Commonwealth","San Lorenzo Municipio",4,51,509,253,256
050,72,129,"Puerto Rico Commonwealth","San Lorenzo Municipio",4,52,527,259,268
050,72,129,"Puerto Rico Commonwealth","San Lorenzo Municipio",4,53,517,240,277
050,72,129,"Puerto Rico Commonwealth","San Lorenzo Municipio",4,54,521,241,280
050,72,129,"Puerto Rico Commonwealth","San Lorenzo Municipio",4,55,531,252,279
050,72,129,"Puerto Rico Commonwealth","San Lorenzo Municipio",4,56,542,260,282
050,72,129,"Puerto Rico Commonwealth","San Lorenzo Municipio",4,57,563,273,290
050,72,129,"Puerto Rico Commonwealth","San Lorenzo Municipio",4,58,562,275,287
050,72,129,"Puerto Rico Commonwealth","San Lorenzo Municipio",4,59,550,268,282
050,72,129,"Puerto Rico Commonwealth","San Lorenzo Municipio",4,60,556,271,285
050,72,129,"Puerto Rico Commonwealth","San Lorenzo Municipio",4,61,574,273,301
050,72,129,"Puerto Rico Commonwealth","San Lorenzo Municipio",4,62,581,261,320
050,72,129,"Puerto Rico Commonwealth","San Lorenzo Municipio",4,63,573,253,320
050,72,129,"Puerto Rico Commonwealth","San Lorenzo Municipio",4,64,520,239,281
050,72,129,"Puerto Rico Commonwealth","San Lorenzo Municipio",4,65,509,249,260
050,72,129,"Puerto Rico Commonwealth","San Lorenzo Municipio",4,66,519,261,258
050,72,129,"Puerto Rico Commonwealth","San Lorenzo Municipio",4,67,516,246,270
050,72,129,"Puerto Rico Commonwealth","San Lorenzo Municipio",4,68,455,208,247
050,72,129,"Puerto Rico Commonwealth","San Lorenzo Municipio",4,69,449,211,238
050,72,129,"Puerto Rico Commonwealth","San Lorenzo Municipio",4,70,447,210,237
050,72,129,"Puerto Rico Commonwealth","San Lorenzo Municipio",4,71,411,176,235
050,72,129,"Puerto Rico Commonwealth","San Lorenzo Municipio",4,72,387,175,212
050,72,129,"Puerto Rico Commonwealth","San Lorenzo Municipio",4,73,392,195,197
050,72,129,"Puerto Rico Commonwealth","San Lorenzo Municipio",4,74,363,172,191
050,72,129,"Puerto Rico Commonwealth","San Lorenzo Municipio",4,75,339,160,179
050,72,129,"Puerto Rico Commonwealth","San Lorenzo Municipio",4,76,309,141,168
050,72,129,"Puerto Rico Commonwealth","San Lorenzo Municipio",4,77,304,147,157
050,72,129,"Puerto Rico Commonwealth","San Lorenzo Municipio",4,78,323,157,166
050,72,129,"Puerto Rico Commonwealth","San Lorenzo Municipio",4,79,276,137,139
050,72,129,"Puerto Rico Commonwealth","San Lorenzo Municipio",4,80,256,127,129
050,72,129,"Puerto Rico Commonwealth","San Lorenzo Municipio",4,81,244,107,137
050,72,129,"Puerto Rico Commonwealth","San Lorenzo Municipio",4,82,221,100,121
050,72,129,"Puerto Rico Commonwealth","San Lorenzo Municipio",4,83,199,82,117
050,72,129,"Puerto Rico Commonwealth","San Lorenzo Municipio",4,84,176,76,100
050,72,129,"Puerto Rico Commonwealth","San Lorenzo Municipio",4,85,1166,550,616
050,72,129,"Puerto Rico Commonwealth","San Lorenzo Municipio",5,0,198,101,97
050,72,129,"Puerto Rico Commonwealth","San Lorenzo Municipio",5,1,183,88,95
050,72,129,"Puerto Rico Commonwealth","San Lorenzo Municipio",5,2,192,91,101
050,72,129,"Puerto Rico Commonwealth","San Lorenzo Municipio",5,3,250,124,126
050,72,129,"Puerto Rico Commonwealth","San Lorenzo Municipio",5,4,233,122,111
050,72,129,"Puerto Rico Commonwealth","San Lorenzo Municipio",5,5,229,121,108
050,72,129,"Puerto Rico Commonwealth","San Lorenzo Municipio",5,6,262,133,129
050,72,129,"Puerto Rico Commonwealth","San Lorenzo Municipio",5,7,295,142,153
050,72,129,"Puerto Rico Commonwealth","San Lorenzo Municipio",5,8,326,155,171
050,72,129,"Puerto Rico Commonwealth","San Lorenzo Municipio",5,9,320,154,166
050,72,129,"Puerto Rico Commonwealth","San Lorenzo Municipio",5,10,345,169,176
050,72,129,"Puerto Rico Commonwealth","San Lorenzo Municipio",5,11,366,189,177
050,72,129,"Puerto Rico Commonwealth","San Lorenzo Municipio",5,12,368,183,185
050,72,129,"Puerto Rico Commonwealth","San Lorenzo Municipio",5,13,367,184,183
050,72,129,"Puerto Rico Commonwealth","San Lorenzo Municipio",5,14,385,200,185
050,72,129,"Puerto Rico Commonwealth","San Lorenzo Municipio",5,15,419,224,195
050,72,129,"Puerto Rico Commonwealth","San Lorenzo Municipio",5,16,446,246,200
050,72,129,"Puerto Rico Commonwealth","San Lorenzo Municipio",5,17,443,233,210
050,72,129,"Puerto Rico Commonwealth","San Lorenzo Municipio",5,18,433,217,216
050,72,129,"Puerto Rico Commonwealth","San Lorenzo Municipio",5,19,422,207,215
050,72,129,"Puerto Rico Commonwealth","San Lorenzo Municipio",5,20,422,205,217
050,72,129,"Puerto Rico Commonwealth","San Lorenzo Municipio",5,21,433,222,211
050,72,129,"Puerto Rico Commonwealth","San Lorenzo Municipio",5,22,455,225,230
050,72,129,"Puerto Rico Commonwealth","San Lorenzo Municipio",5,23,464,220,244
050,72,129,"Puerto Rico Commonwealth","San Lorenzo Municipio",5,24,481,247,234
050,72,129,"Puerto Rico Commonwealth","San Lorenzo Municipio",5,25,496,254,242
050,72,129,"Puerto Rico Commonwealth","San Lorenzo Municipio",5,26,508,255,253
050,72,129,"Puerto Rico Commonwealth","San Lorenzo Municipio",5,27,491,249,242
050,72,129,"Puerto Rico Commonwealth","San Lorenzo Municipio",5,28,514,257,257
050,72,129,"Puerto Rico Commonwealth","San Lorenzo Municipio",5,29,508,250,258
050,72,129,"Puerto Rico Commonwealth","San Lorenzo Municipio",5,30,511,243,268
050,72,129,"Puerto Rico Commonwealth","San Lorenzo Municipio",5,31,529,250,279
050,72,129,"Puerto Rico Commonwealth","San Lorenzo Municipio",5,32,537,253,284
050,72,129,"Puerto Rico Commonwealth","San Lorenzo Municipio",5,33,494,239,255
050,72,129,"Puerto Rico Commonwealth","San Lorenzo Municipio",5,34,452,226,226
050,72,129,"Puerto Rico Commonwealth","San Lorenzo Municipio",5,35,447,228,219
050,72,129,"Puerto Rico Commonwealth","San Lorenzo Municipio",5,36,441,217,224
050,72,129,"Puerto Rico Commonwealth","San Lorenzo Municipio",5,37,431,213,218
050,72,129,"Puerto Rico Commonwealth","San Lorenzo Municipio",5,38,426,212,214
050,72,129,"Puerto Rico Commonwealth","San Lorenzo Municipio",5,39,432,213,219
050,72,129,"Puerto Rico Commonwealth","San Lorenzo Municipio",5,40,472,230,242
050,72,129,"Puerto Rico Commonwealth","San Lorenzo Municipio",5,41,468,216,252
050,72,129,"Puerto Rico Commonwealth","San Lorenzo Municipio",5,42,489,226,263
050,72,129,"Puerto Rico Commonwealth","San Lorenzo Municipio",5,43,490,233,257
050,72,129,"Puerto Rico Commonwealth","San Lorenzo Municipio",5,44,469,230,239
050,72,129,"Puerto Rico Commonwealth","San Lorenzo Municipio",5,45,490,242,248
050,72,129,"Puerto Rico Commonwealth","San Lorenzo Municipio",5,46,475,225,250
050,72,129,"Puerto Rico Commonwealth","San Lorenzo Municipio",5,47,464,221,243
050,72,129,"Puerto Rico Commonwealth","San Lorenzo Municipio",5,48,462,224,238
050,72,129,"Puerto Rico Commonwealth","San Lorenzo Municipio",5,49,454,221,233
050,72,129,"Puerto Rico Commonwealth","San Lorenzo Municipio",5,50,458,225,233
050,72,129,"Puerto Rico Commonwealth","San Lorenzo Municipio",5,51,487,245,242
050,72,129,"Puerto Rico Commonwealth","San Lorenzo Municipio",5,52,519,262,257
050,72,129,"Puerto Rico Commonwealth","San Lorenzo Municipio",5,53,519,250,269
050,72,129,"Puerto Rico Commonwealth","San Lorenzo Municipio",5,54,516,241,275
050,72,129,"Puerto Rico Commonwealth","San Lorenzo Municipio",5,55,529,249,280
050,72,129,"Puerto Rico Commonwealth","San Lorenzo Municipio",5,56,524,244,280
050,72,129,"Puerto Rico Commonwealth","San Lorenzo Municipio",5,57,543,259,284
050,72,129,"Puerto Rico Commonwealth","San Lorenzo Municipio",5,58,562,273,289
050,72,129,"Puerto Rico Commonwealth","San Lorenzo Municipio",5,59,561,274,287
050,72,129,"Puerto Rico Commonwealth","San Lorenzo Municipio",5,60,551,269,282
050,72,129,"Puerto Rico Commonwealth","San Lorenzo Municipio",5,61,553,267,286
050,72,129,"Puerto Rico Commonwealth","San Lorenzo Municipio",5,62,572,271,301
050,72,129,"Puerto Rico Commonwealth","San Lorenzo Municipio",5,63,578,253,325
050,72,129,"Puerto Rico Commonwealth","San Lorenzo Municipio",5,64,561,254,307
050,72,129,"Puerto Rico Commonwealth","San Lorenzo Municipio",5,65,515,235,280
050,72,129,"Puerto Rico Commonwealth","San Lorenzo Municipio",5,66,500,245,255
050,72,129,"Puerto Rico Commonwealth","San Lorenzo Municipio",5,67,517,260,257
050,72,129,"Puerto Rico Commonwealth","San Lorenzo Municipio",5,68,513,243,270
050,72,129,"Puerto Rico Commonwealth","San Lorenzo Municipio",5,69,446,205,241
050,72,129,"Puerto Rico Commonwealth","San Lorenzo Municipio",5,70,455,219,236
050,72,129,"Puerto Rico Commonwealth","San Lorenzo Municipio",5,71,428,198,230
050,72,129,"Puerto Rico Commonwealth","San Lorenzo Municipio",5,72,404,173,231
050,72,129,"Puerto Rico Commonwealth","San Lorenzo Municipio",5,73,383,172,211
050,72,129,"Puerto Rico Commonwealth","San Lorenzo Municipio",5,74,385,191,194
050,72,129,"Puerto Rico Commonwealth","San Lorenzo Municipio",5,75,357,172,185
050,72,129,"Puerto Rico Commonwealth","San Lorenzo Municipio",5,76,326,153,173
050,72,129,"Puerto Rico Commonwealth","San Lorenzo Municipio",5,77,301,138,163
050,72,129,"Puerto Rico Commonwealth","San Lorenzo Municipio",5,78,295,143,152
050,72,129,"Puerto Rico Commonwealth","San Lorenzo Municipio",5,79,313,156,157
050,72,129,"Puerto Rico Commonwealth","San Lorenzo Municipio",5,80,264,133,131
050,72,129,"Puerto Rico Commonwealth","San Lorenzo Municipio",5,81,250,123,127
050,72,129,"Puerto Rico Commonwealth","San Lorenzo Municipio",5,82,239,106,133
050,72,129,"Puerto Rico Commonwealth","San Lorenzo Municipio",5,83,218,100,118
050,72,129,"Puerto Rico Commonwealth","San Lorenzo Municipio",5,84,191,80,111
050,72,129,"Puerto Rico Commonwealth","San Lorenzo Municipio",5,85,1244,586,658
050,72,131,"Puerto Rico Commonwealth","San Sebastián Municipio",1,0,231,124,107
050,72,131,"Puerto Rico Commonwealth","San Sebastián Municipio",1,1,255,132,123
050,72,131,"Puerto Rico Commonwealth","San Sebastián Municipio",1,2,252,132,120
050,72,131,"Puerto Rico Commonwealth","San Sebastián Municipio",1,3,280,134,146
050,72,131,"Puerto Rico Commonwealth","San Sebastián Municipio",1,4,287,145,142
050,72,131,"Puerto Rico Commonwealth","San Sebastián Municipio",1,5,326,164,162
050,72,131,"Puerto Rico Commonwealth","San Sebastián Municipio",1,6,360,195,165
050,72,131,"Puerto Rico Commonwealth","San Sebastián Municipio",1,7,384,214,170
050,72,131,"Puerto Rico Commonwealth","San Sebastián Municipio",1,8,411,214,197
050,72,131,"Puerto Rico Commonwealth","San Sebastián Municipio",1,9,410,204,206
050,72,131,"Puerto Rico Commonwealth","San Sebastián Municipio",1,10,431,216,215
050,72,131,"Puerto Rico Commonwealth","San Sebastián Municipio",1,11,448,219,229
050,72,131,"Puerto Rico Commonwealth","San Sebastián Municipio",1,12,451,218,233
050,72,131,"Puerto Rico Commonwealth","San Sebastián Municipio",1,13,479,245,234
050,72,131,"Puerto Rico Commonwealth","San Sebastián Municipio",1,14,493,257,236
050,72,131,"Puerto Rico Commonwealth","San Sebastián Municipio",1,15,469,244,225
050,72,131,"Puerto Rico Commonwealth","San Sebastián Municipio",1,16,440,221,219
050,72,131,"Puerto Rico Commonwealth","San Sebastián Municipio",1,17,437,219,218
050,72,131,"Puerto Rico Commonwealth","San Sebastián Municipio",1,18,446,241,205
050,72,131,"Puerto Rico Commonwealth","San Sebastián Municipio",1,19,480,250,230
050,72,131,"Puerto Rico Commonwealth","San Sebastián Municipio",1,20,477,256,221
050,72,131,"Puerto Rico Commonwealth","San Sebastián Municipio",1,21,456,240,216
050,72,131,"Puerto Rico Commonwealth","San Sebastián Municipio",1,22,502,263,239
050,72,131,"Puerto Rico Commonwealth","San Sebastián Municipio",1,23,494,247,247
050,72,131,"Puerto Rico Commonwealth","San Sebastián Municipio",1,24,491,245,246
050,72,131,"Puerto Rico Commonwealth","San Sebastián Municipio",1,25,459,229,230
050,72,131,"Puerto Rico Commonwealth","San Sebastián Municipio",1,26,465,231,234
050,72,131,"Puerto Rico Commonwealth","San Sebastián Municipio",1,27,430,218,212
050,72,131,"Puerto Rico Commonwealth","San Sebastián Municipio",1,28,450,239,211
050,72,131,"Puerto Rico Commonwealth","San Sebastián Municipio",1,29,485,250,235
050,72,131,"Puerto Rico Commonwealth","San Sebastián Municipio",1,30,458,238,220
050,72,131,"Puerto Rico Commonwealth","San Sebastián Municipio",1,31,431,227,204
050,72,131,"Puerto Rico Commonwealth","San Sebastián Municipio",1,32,397,198,199
050,72,131,"Puerto Rico Commonwealth","San Sebastián Municipio",1,33,388,184,204
050,72,131,"Puerto Rico Commonwealth","San Sebastián Municipio",1,34,388,181,207
050,72,131,"Puerto Rico Commonwealth","San Sebastián Municipio",1,35,430,214,216
050,72,131,"Puerto Rico Commonwealth","San Sebastián Municipio",1,36,427,216,211
050,72,131,"Puerto Rico Commonwealth","San Sebastián Municipio",1,37,438,214,224
050,72,131,"Puerto Rico Commonwealth","San Sebastián Municipio",1,38,471,226,245
050,72,131,"Puerto Rico Commonwealth","San Sebastián Municipio",1,39,482,245,237
050,72,131,"Puerto Rico Commonwealth","San Sebastián Municipio",1,40,479,230,249
050,72,131,"Puerto Rico Commonwealth","San Sebastián Municipio",1,41,479,242,237
050,72,131,"Puerto Rico Commonwealth","San Sebastián Municipio",1,42,462,238,224
050,72,131,"Puerto Rico Commonwealth","San Sebastián Municipio",1,43,479,239,240
050,72,131,"Puerto Rico Commonwealth","San Sebastián Municipio",1,44,525,249,276
050,72,131,"Puerto Rico Commonwealth","San Sebastián Municipio",1,45,526,254,272
050,72,131,"Puerto Rico Commonwealth","San Sebastián Municipio",1,46,493,243,250
050,72,131,"Puerto Rico Commonwealth","San Sebastián Municipio",1,47,466,226,240
050,72,131,"Puerto Rico Commonwealth","San Sebastián Municipio",1,48,485,229,256
050,72,131,"Puerto Rico Commonwealth","San Sebastián Municipio",1,49,479,216,263
050,72,131,"Puerto Rico Commonwealth","San Sebastián Municipio",1,50,471,224,247
050,72,131,"Puerto Rico Commonwealth","San Sebastián Municipio",1,51,434,199,235
050,72,131,"Puerto Rico Commonwealth","San Sebastián Municipio",1,52,452,205,247
050,72,131,"Puerto Rico Commonwealth","San Sebastián Municipio",1,53,493,236,257
050,72,131,"Puerto Rico Commonwealth","San Sebastián Municipio",1,54,529,244,285
050,72,131,"Puerto Rico Commonwealth","San Sebastián Municipio",1,55,552,249,303
050,72,131,"Puerto Rico Commonwealth","San Sebastián Municipio",1,56,556,252,304
050,72,131,"Puerto Rico Commonwealth","San Sebastián Municipio",1,57,539,244,295
050,72,131,"Puerto Rico Commonwealth","San Sebastián Municipio",1,58,541,253,288
050,72,131,"Puerto Rico Commonwealth","San Sebastián Municipio",1,59,565,262,303
050,72,131,"Puerto Rico Commonwealth","San Sebastián Municipio",1,60,579,270,309
050,72,131,"Puerto Rico Commonwealth","San Sebastián Municipio",1,61,560,269,291
050,72,131,"Puerto Rico Commonwealth","San Sebastián Municipio",1,62,577,272,305
050,72,131,"Puerto Rico Commonwealth","San Sebastián Municipio",1,63,556,253,303
050,72,131,"Puerto Rico Commonwealth","San Sebastián Municipio",1,64,580,268,312
050,72,131,"Puerto Rico Commonwealth","San Sebastián Municipio",1,65,592,280,312
050,72,131,"Puerto Rico Commonwealth","San Sebastián Municipio",1,66,533,251,282
050,72,131,"Puerto Rico Commonwealth","San Sebastián Municipio",1,67,509,232,277
050,72,131,"Puerto Rico Commonwealth","San Sebastián Municipio",1,68,531,259,272
050,72,131,"Puerto Rico Commonwealth","San Sebastián Municipio",1,69,568,283,285
050,72,131,"Puerto Rico Commonwealth","San Sebastián Municipio",1,70,521,255,266
050,72,131,"Puerto Rico Commonwealth","San Sebastián Municipio",1,71,522,245,277
050,72,131,"Puerto Rico Commonwealth","San Sebastián Municipio",1,72,562,249,313
050,72,131,"Puerto Rico Commonwealth","San Sebastián Municipio",1,73,553,237,316
050,72,131,"Puerto Rico Commonwealth","San Sebastián Municipio",1,74,523,246,277
050,72,131,"Puerto Rico Commonwealth","San Sebastián Municipio",1,75,462,237,225
050,72,131,"Puerto Rico Commonwealth","San Sebastián Municipio",1,76,418,213,205
050,72,131,"Puerto Rico Commonwealth","San Sebastián Municipio",1,77,392,187,205
050,72,131,"Puerto Rico Commonwealth","San Sebastián Municipio",1,78,350,157,193
050,72,131,"Puerto Rico Commonwealth","San Sebastián Municipio",1,79,313,135,178
050,72,131,"Puerto Rico Commonwealth","San Sebastián Municipio",1,80,316,145,171
050,72,131,"Puerto Rico Commonwealth","San Sebastián Municipio",1,81,286,139,147
050,72,131,"Puerto Rico Commonwealth","San Sebastián Municipio",1,82,250,117,133
050,72,131,"Puerto Rico Commonwealth","San Sebastián Municipio",1,83,217,95,122
050,72,131,"Puerto Rico Commonwealth","San Sebastián Municipio",1,84,193,81,112
050,72,131,"Puerto Rico Commonwealth","San Sebastián Municipio",1,85,1088,461,627
050,72,131,"Puerto Rico Commonwealth","San Sebastián Municipio",2,0,227,120,107
050,72,131,"Puerto Rico Commonwealth","San Sebastián Municipio",2,1,249,130,119
050,72,131,"Puerto Rico Commonwealth","San Sebastián Municipio",2,2,253,132,121
050,72,131,"Puerto Rico Commonwealth","San Sebastián Municipio",2,3,274,134,140
050,72,131,"Puerto Rico Commonwealth","San Sebastián Municipio",2,4,285,142,143
050,72,131,"Puerto Rico Commonwealth","San Sebastián Municipio",2,5,316,159,157
050,72,131,"Puerto Rico Commonwealth","San Sebastián Municipio",2,6,351,187,164
050,72,131,"Puerto Rico Commonwealth","San Sebastián Municipio",2,7,379,210,169
050,72,131,"Puerto Rico Commonwealth","San Sebastián Municipio",2,8,404,214,190
050,72,131,"Puerto Rico Commonwealth","San Sebastián Municipio",2,9,410,206,204
050,72,131,"Puerto Rico Commonwealth","San Sebastián Municipio",2,10,425,213,212
050,72,131,"Puerto Rico Commonwealth","San Sebastián Municipio",2,11,444,218,226
050,72,131,"Puerto Rico Commonwealth","San Sebastián Municipio",2,12,451,219,232
050,72,131,"Puerto Rico Commonwealth","San Sebastián Municipio",2,13,472,238,234
050,72,131,"Puerto Rico Commonwealth","San Sebastián Municipio",2,14,489,254,235
050,72,131,"Puerto Rico Commonwealth","San Sebastián Municipio",2,15,475,248,227
050,72,131,"Puerto Rico Commonwealth","San Sebastián Municipio",2,16,446,227,219
050,72,131,"Puerto Rico Commonwealth","San Sebastián Municipio",2,17,436,218,218
050,72,131,"Puerto Rico Commonwealth","San Sebastián Municipio",2,18,444,237,207
050,72,131,"Puerto Rico Commonwealth","San Sebastián Municipio",2,19,471,248,223
050,72,131,"Puerto Rico Commonwealth","San Sebastián Municipio",2,20,476,254,222
050,72,131,"Puerto Rico Commonwealth","San Sebastián Municipio",2,21,460,244,216
050,72,131,"Puerto Rico Commonwealth","San Sebastián Municipio",2,22,490,257,233
050,72,131,"Puerto Rico Commonwealth","San Sebastián Municipio",2,23,496,251,245
050,72,131,"Puerto Rico Commonwealth","San Sebastián Municipio",2,24,493,246,247
050,72,131,"Puerto Rico Commonwealth","San Sebastián Municipio",2,25,467,233,234
050,72,131,"Puerto Rico Commonwealth","San Sebastián Municipio",2,26,463,230,233
050,72,131,"Puerto Rico Commonwealth","San Sebastián Municipio",2,27,439,222,217
050,72,131,"Puerto Rico Commonwealth","San Sebastián Municipio",2,28,444,233,211
050,72,131,"Puerto Rico Commonwealth","San Sebastián Municipio",2,29,477,248,229
050,72,131,"Puerto Rico Commonwealth","San Sebastián Municipio",2,30,465,241,224
050,72,131,"Puerto Rico Commonwealth","San Sebastián Municipio",2,31,437,229,208
050,72,131,"Puerto Rico Commonwealth","San Sebastián Municipio",2,32,406,206,200
050,72,131,"Puerto Rico Commonwealth","San Sebastián Municipio",2,33,390,187,203
050,72,131,"Puerto Rico Commonwealth","San Sebastián Municipio",2,34,388,182,206
050,72,131,"Puerto Rico Commonwealth","San Sebastián Municipio",2,35,420,206,214
050,72,131,"Puerto Rico Commonwealth","San Sebastián Municipio",2,36,426,214,212
050,72,131,"Puerto Rico Commonwealth","San Sebastián Municipio",2,37,436,215,221
050,72,131,"Puerto Rico Commonwealth","San Sebastián Municipio",2,38,462,222,240
050,72,131,"Puerto Rico Commonwealth","San Sebastián Municipio",2,39,478,239,239
050,72,131,"Puerto Rico Commonwealth","San Sebastián Municipio",2,40,481,235,246
050,72,131,"Puerto Rico Commonwealth","San Sebastián Municipio",2,41,478,238,240
050,72,131,"Puerto Rico Commonwealth","San Sebastián Municipio",2,42,466,239,227
050,72,131,"Puerto Rico Commonwealth","San Sebastián Municipio",2,43,474,238,236
050,72,131,"Puerto Rico Commonwealth","San Sebastián Municipio",2,44,513,246,267
050,72,131,"Puerto Rico Commonwealth","San Sebastián Municipio",2,45,526,253,273
050,72,131,"Puerto Rico Commonwealth","San Sebastián Municipio",2,46,501,245,256
050,72,131,"Puerto Rico Commonwealth","San Sebastián Municipio",2,47,473,231,242
050,72,131,"Puerto Rico Commonwealth","San Sebastián Municipio",2,48,479,228,251
050,72,131,"Puerto Rico Commonwealth","San Sebastián Municipio",2,49,479,219,260
050,72,131,"Puerto Rico Commonwealth","San Sebastián Municipio",2,50,473,222,251
050,72,131,"Puerto Rico Commonwealth","San Sebastián Municipio",2,51,442,204,238
050,72,131,"Puerto Rico Commonwealth","San Sebastián Municipio",2,52,448,203,245
050,72,131,"Puerto Rico Commonwealth","San Sebastián Municipio",2,53,485,229,256
050,72,131,"Puerto Rico Commonwealth","San Sebastián Municipio",2,54,521,242,279
050,72,131,"Puerto Rico Commonwealth","San Sebastián Municipio",2,55,547,249,298
050,72,131,"Puerto Rico Commonwealth","San Sebastián Municipio",2,56,556,251,305
050,72,131,"Puerto Rico Commonwealth","San Sebastián Municipio",2,57,545,247,298
050,72,131,"Puerto Rico Commonwealth","San Sebastián Municipio",2,58,541,252,289
050,72,131,"Puerto Rico Commonwealth","San Sebastián Municipio",2,59,561,261,300
050,72,131,"Puerto Rico Commonwealth","San Sebastián Municipio",2,60,577,269,308
050,72,131,"Puerto Rico Commonwealth","San Sebastián Municipio",2,61,564,268,296
050,72,131,"Puerto Rico Commonwealth","San Sebastián Municipio",2,62,574,271,303
050,72,131,"Puerto Rico Commonwealth","San Sebastián Municipio",2,63,561,257,304
050,72,131,"Puerto Rico Commonwealth","San Sebastián Municipio",2,64,572,263,309
050,72,131,"Puerto Rico Commonwealth","San Sebastián Municipio",2,65,590,278,312
050,72,131,"Puerto Rico Commonwealth","San Sebastián Municipio",2,66,549,259,290
050,72,131,"Puerto Rico Commonwealth","San Sebastián Municipio",2,67,515,238,277
050,72,131,"Puerto Rico Commonwealth","San Sebastián Municipio",2,68,526,253,273
050,72,131,"Puerto Rico Commonwealth","San Sebastián Municipio",2,69,557,276,281
050,72,131,"Puerto Rico Commonwealth","San Sebastián Municipio",2,70,531,261,270
050,72,131,"Puerto Rico Commonwealth","San Sebastián Municipio",2,71,520,247,273
050,72,131,"Puerto Rico Commonwealth","San Sebastián Municipio",2,72,550,247,303
050,72,131,"Puerto Rico Commonwealth","San Sebastián Municipio",2,73,549,237,312
050,72,131,"Puerto Rico Commonwealth","San Sebastián Municipio",2,74,529,243,286
050,72,131,"Puerto Rico Commonwealth","San Sebastián Municipio",2,75,477,239,238
050,72,131,"Puerto Rico Commonwealth","San Sebastián Municipio",2,76,421,215,206
050,72,131,"Puerto Rico Commonwealth","San Sebastián Municipio",2,77,397,193,204
050,72,131,"Puerto Rico Commonwealth","San Sebastián Municipio",2,78,359,163,196
050,72,131,"Puerto Rico Commonwealth","San Sebastián Municipio",2,79,318,136,182
050,72,131,"Puerto Rico Commonwealth","San Sebastián Municipio",2,80,308,138,170
050,72,131,"Puerto Rico Commonwealth","San Sebastián Municipio",2,81,291,140,151
050,72,131,"Puerto Rico Commonwealth","San Sebastián Municipio",2,82,254,122,132
050,72,131,"Puerto Rico Commonwealth","San Sebastián Municipio",2,83,223,99,124
050,72,131,"Puerto Rico Commonwealth","San Sebastián Municipio",2,84,195,83,112
050,72,131,"Puerto Rico Commonwealth","San Sebastián Municipio",2,85,1102,470,632
050,72,131,"Puerto Rico Commonwealth","San Sebastián Municipio",3,0,208,105,103
050,72,131,"Puerto Rico Commonwealth","San Sebastián Municipio",3,1,231,121,110
050,72,131,"Puerto Rico Commonwealth","San Sebastián Municipio",3,2,252,131,121
050,72,131,"Puerto Rico Commonwealth","San Sebastián Municipio",3,3,256,133,123
050,72,131,"Puerto Rico Commonwealth","San Sebastián Municipio",3,4,277,135,142
050,72,131,"Puerto Rico Commonwealth","San Sebastián Municipio",3,5,288,143,145
050,72,131,"Puerto Rico Commonwealth","San Sebastián Municipio",3,6,318,159,159
050,72,131,"Puerto Rico Commonwealth","San Sebastián Municipio",3,7,354,188,166
050,72,131,"Puerto Rico Commonwealth","San Sebastián Municipio",3,8,381,211,170
050,72,131,"Puerto Rico Commonwealth","San Sebastián Municipio",3,9,407,216,191
050,72,131,"Puerto Rico Commonwealth","San Sebastián Municipio",3,10,412,207,205
050,72,131,"Puerto Rico Commonwealth","San Sebastián Municipio",3,11,425,213,212
050,72,131,"Puerto Rico Commonwealth","San Sebastián Municipio",3,12,444,218,226
050,72,131,"Puerto Rico Commonwealth","San Sebastián Municipio",3,13,451,219,232
050,72,131,"Puerto Rico Commonwealth","San Sebastián Municipio",3,14,471,237,234
050,72,131,"Puerto Rico Commonwealth","San Sebastián Municipio",3,15,486,253,233
050,72,131,"Puerto Rico Commonwealth","San Sebastián Municipio",3,16,472,247,225
050,72,131,"Puerto Rico Commonwealth","San Sebastián Municipio",3,17,442,226,216
050,72,131,"Puerto Rico Commonwealth","San Sebastián Municipio",3,18,446,232,214
050,72,131,"Puerto Rico Commonwealth","San Sebastián Municipio",3,19,415,213,202
050,72,131,"Puerto Rico Commonwealth","San Sebastián Municipio",3,20,467,245,222
050,72,131,"Puerto Rico Commonwealth","San Sebastián Municipio",3,21,472,252,220
050,72,131,"Puerto Rico Commonwealth","San Sebastián Municipio",3,22,457,242,215
050,72,131,"Puerto Rico Commonwealth","San Sebastián Municipio",3,23,489,255,234
050,72,131,"Puerto Rico Commonwealth","San Sebastián Municipio",3,24,499,253,246
050,72,131,"Puerto Rico Commonwealth","San Sebastián Municipio",3,25,492,246,246
050,72,131,"Puerto Rico Commonwealth","San Sebastián Municipio",3,26,469,234,235
050,72,131,"Puerto Rico Commonwealth","San Sebastián Municipio",3,27,466,232,234
050,72,131,"Puerto Rico Commonwealth","San Sebastián Municipio",3,28,442,224,218
050,72,131,"Puerto Rico Commonwealth","San Sebastián Municipio",3,29,459,247,212
050,72,131,"Puerto Rico Commonwealth","San Sebastián Municipio",3,30,464,233,231
050,72,131,"Puerto Rico Commonwealth","San Sebastián Municipio",3,31,472,246,226
050,72,131,"Puerto Rico Commonwealth","San Sebastián Municipio",3,32,442,232,210
050,72,131,"Puerto Rico Commonwealth","San Sebastián Municipio",3,33,410,209,201
050,72,131,"Puerto Rico Commonwealth","San Sebastián Municipio",3,34,393,188,205
050,72,131,"Puerto Rico Commonwealth","San Sebastián Municipio",3,35,408,201,207
050,72,131,"Puerto Rico Commonwealth","San Sebastián Municipio",3,36,424,208,216
050,72,131,"Puerto Rico Commonwealth","San Sebastián Municipio",3,37,412,199,213
050,72,131,"Puerto Rico Commonwealth","San Sebastián Municipio",3,38,436,216,220
050,72,131,"Puerto Rico Commonwealth","San Sebastián Municipio",3,39,468,226,242
050,72,131,"Puerto Rico Commonwealth","San Sebastián Municipio",3,40,480,241,239
050,72,131,"Puerto Rico Commonwealth","San Sebastián Municipio",3,41,500,253,247
050,72,131,"Puerto Rico Commonwealth","San Sebastián Municipio",3,42,464,223,241
050,72,131,"Puerto Rico Commonwealth","San Sebastián Municipio",3,43,467,239,228
050,72,131,"Puerto Rico Commonwealth","San Sebastián Municipio",3,44,473,237,236
050,72,131,"Puerto Rico Commonwealth","San Sebastián Municipio",3,45,514,245,269
050,72,131,"Puerto Rico Commonwealth","San Sebastián Municipio",3,46,528,255,273
050,72,131,"Puerto Rico Commonwealth","San Sebastián Municipio",3,47,503,246,257
050,72,131,"Puerto Rico Commonwealth","San Sebastián Municipio",3,48,472,230,242
050,72,131,"Puerto Rico Commonwealth","San Sebastián Municipio",3,49,480,229,251
050,72,131,"Puerto Rico Commonwealth","San Sebastián Municipio",3,50,483,220,263
050,72,131,"Puerto Rico Commonwealth","San Sebastián Municipio",3,51,474,222,252
050,72,131,"Puerto Rico Commonwealth","San Sebastián Municipio",3,52,440,201,239
050,72,131,"Puerto Rico Commonwealth","San Sebastián Municipio",3,53,448,204,244
050,72,131,"Puerto Rico Commonwealth","San Sebastián Municipio",3,54,488,231,257
050,72,131,"Puerto Rico Commonwealth","San Sebastián Municipio",3,55,523,243,280
050,72,131,"Puerto Rico Commonwealth","San Sebastián Municipio",3,56,551,251,300
050,72,131,"Puerto Rico Commonwealth","San Sebastián Municipio",3,57,559,252,307
050,72,131,"Puerto Rico Commonwealth","San Sebastián Municipio",3,58,547,248,299
050,72,131,"Puerto Rico Commonwealth","San Sebastián Municipio",3,59,548,254,294
050,72,131,"Puerto Rico Commonwealth","San Sebastián Municipio",3,60,563,265,298
050,72,131,"Puerto Rico Commonwealth","San Sebastián Municipio",3,61,572,265,307
050,72,131,"Puerto Rico Commonwealth","San Sebastián Municipio",3,62,566,267,299
050,72,131,"Puerto Rico Commonwealth","San Sebastián Municipio",3,63,574,273,301
050,72,131,"Puerto Rico Commonwealth","San Sebastián Municipio",3,64,567,261,306
050,72,131,"Puerto Rico Commonwealth","San Sebastián Municipio",3,65,570,262,308
050,72,131,"Puerto Rico Commonwealth","San Sebastián Municipio",3,66,590,278,312
050,72,131,"Puerto Rico Commonwealth","San Sebastián Municipio",3,67,549,260,289
050,72,131,"Puerto Rico Commonwealth","San Sebastián Municipio",3,68,514,239,275
050,72,131,"Puerto Rico Commonwealth","San Sebastián Municipio",3,69,545,268,277
050,72,131,"Puerto Rico Commonwealth","San Sebastián Municipio",3,70,526,249,277
050,72,131,"Puerto Rico Commonwealth","San Sebastián Municipio",3,71,525,258,267
050,72,131,"Puerto Rico Commonwealth","San Sebastián Municipio",3,72,515,242,273
050,72,131,"Puerto Rico Commonwealth","San Sebastián Municipio",3,73,542,242,300
050,72,131,"Puerto Rico Commonwealth","San Sebastián Municipio",3,74,542,234,308
050,72,131,"Puerto Rico Commonwealth","San Sebastián Municipio",3,75,521,241,280
050,72,131,"Puerto Rico Commonwealth","San Sebastián Municipio",3,76,468,236,232
050,72,131,"Puerto Rico Commonwealth","San Sebastián Municipio",3,77,405,203,202
050,72,131,"Puerto Rico Commonwealth","San Sebastián Municipio",3,78,389,189,200
050,72,131,"Puerto Rico Commonwealth","San Sebastián Municipio",3,79,348,159,189
050,72,131,"Puerto Rico Commonwealth","San Sebastián Municipio",3,80,301,129,172
050,72,131,"Puerto Rico Commonwealth","San Sebastián Municipio",3,81,288,126,162
050,72,131,"Puerto Rico Commonwealth","San Sebastián Municipio",3,82,275,129,146
050,72,131,"Puerto Rico Commonwealth","San Sebastián Municipio",3,83,251,116,135
050,72,131,"Puerto Rico Commonwealth","San Sebastián Municipio",3,84,198,85,113
050,72,131,"Puerto Rico Commonwealth","San Sebastián Municipio",3,85,1157,493,664
050,72,131,"Puerto Rico Commonwealth","San Sebastián Municipio",4,0,227,121,106
050,72,131,"Puerto Rico Commonwealth","San Sebastián Municipio",4,1,208,104,104
050,72,131,"Puerto Rico Commonwealth","San Sebastián Municipio",4,2,230,120,110
050,72,131,"Puerto Rico Commonwealth","San Sebastián Municipio",4,3,250,129,121
050,72,131,"Puerto Rico Commonwealth","San Sebastián Municipio",4,4,255,132,123
050,72,131,"Puerto Rico Commonwealth","San Sebastián Municipio",4,5,276,134,142
050,72,131,"Puerto Rico Commonwealth","San Sebastián Municipio",4,6,287,142,145
050,72,131,"Puerto Rico Commonwealth","San Sebastián Municipio",4,7,317,158,159
050,72,131,"Puerto Rico Commonwealth","San Sebastián Municipio",4,8,353,187,166
050,72,131,"Puerto Rico Commonwealth","San Sebastián Municipio",4,9,379,210,169
050,72,131,"Puerto Rico Commonwealth","San Sebastián Municipio",4,10,404,214,190
050,72,131,"Puerto Rico Commonwealth","San Sebastián Municipio",4,11,406,204,202
050,72,131,"Puerto Rico Commonwealth","San Sebastián Municipio",4,12,420,210,210
050,72,131,"Puerto Rico Commonwealth","San Sebastián Municipio",4,13,439,216,223
050,72,131,"Puerto Rico Commonwealth","San Sebastián Municipio",4,14,445,215,230
050,72,131,"Puerto Rico Commonwealth","San Sebastián Municipio",4,15,462,233,229
050,72,131,"Puerto Rico Commonwealth","San Sebastián Municipio",4,16,478,249,229
050,72,131,"Puerto Rico Commonwealth","San Sebastián Municipio",4,17,462,242,220
050,72,131,"Puerto Rico Commonwealth","San Sebastián Municipio",4,18,451,242,209
050,72,131,"Puerto Rico Commonwealth","San Sebastián Municipio",4,19,412,206,206
050,72,131,"Puerto Rico Commonwealth","San Sebastián Municipio",4,20,403,205,198
050,72,131,"Puerto Rico Commonwealth","San Sebastián Municipio",4,21,457,239,218
050,72,131,"Puerto Rico Commonwealth","San Sebastián Municipio",4,22,464,247,217
050,72,131,"Puerto Rico Commonwealth","San Sebastián Municipio",4,23,451,238,213
050,72,131,"Puerto Rico Commonwealth","San Sebastián Municipio",4,24,484,252,232
050,72,131,"Puerto Rico Commonwealth","San Sebastián Municipio",4,25,492,249,243
050,72,131,"Puerto Rico Commonwealth","San Sebastián Municipio",4,26,488,243,245
050,72,131,"Puerto Rico Commonwealth","San Sebastián Municipio",4,27,464,231,233
050,72,131,"Puerto Rico Commonwealth","San Sebastián Municipio",4,28,463,230,233
050,72,131,"Puerto Rico Commonwealth","San Sebastián Municipio",4,29,455,238,217
050,72,131,"Puerto Rico Commonwealth","San Sebastián Municipio",4,30,440,229,211
050,72,131,"Puerto Rico Commonwealth","San Sebastián Municipio",4,31,462,232,230
050,72,131,"Puerto Rico Commonwealth","San Sebastián Municipio",4,32,468,244,224
050,72,131,"Puerto Rico Commonwealth","San Sebastián Municipio",4,33,441,231,210
050,72,131,"Puerto Rico Commonwealth","San Sebastián Municipio",4,34,408,208,200
050,72,131,"Puerto Rico Commonwealth","San Sebastián Municipio",4,35,415,211,204
050,72,131,"Puerto Rico Commonwealth","San Sebastián Municipio",4,36,413,206,207
050,72,131,"Puerto Rico Commonwealth","San Sebastián Municipio",4,37,405,190,215
050,72,131,"Puerto Rico Commonwealth","San Sebastián Municipio",4,38,408,197,211
050,72,131,"Puerto Rico Commonwealth","San Sebastián Municipio",4,39,437,217,220
050,72,131,"Puerto Rico Commonwealth","San Sebastián Municipio",4,40,464,224,240
050,72,131,"Puerto Rico Commonwealth","San Sebastián Municipio",4,41,501,263,238
050,72,131,"Puerto Rico Commonwealth","San Sebastián Municipio",4,42,480,234,246
050,72,131,"Puerto Rico Commonwealth","San Sebastián Municipio",4,43,461,221,240
050,72,131,"Puerto Rico Commonwealth","San Sebastián Municipio",4,44,464,237,227
050,72,131,"Puerto Rico Commonwealth","San Sebastián Municipio",4,45,468,233,235
050,72,131,"Puerto Rico Commonwealth","San Sebastián Municipio",4,46,510,243,267
050,72,131,"Puerto Rico Commonwealth","San Sebastián Municipio",4,47,524,252,272
050,72,131,"Puerto Rico Commonwealth","San Sebastián Municipio",4,48,501,244,257
050,72,131,"Puerto Rico Commonwealth","San Sebastián Municipio",4,49,468,228,240
050,72,131,"Puerto Rico Commonwealth","San Sebastián Municipio",4,50,479,227,252
050,72,131,"Puerto Rico Commonwealth","San Sebastián Municipio",4,51,481,219,262
050,72,131,"Puerto Rico Commonwealth","San Sebastián Municipio",4,52,472,221,251
050,72,131,"Puerto Rico Commonwealth","San Sebastián Municipio",4,53,441,202,239
050,72,131,"Puerto Rico Commonwealth","San Sebastián Municipio",4,54,447,203,244
050,72,131,"Puerto Rico Commonwealth","San Sebastián Municipio",4,55,483,229,254
050,72,131,"Puerto Rico Commonwealth","San Sebastián Municipio",4,56,523,242,281
050,72,131,"Puerto Rico Commonwealth","San Sebastián Municipio",4,57,552,251,301
050,72,131,"Puerto Rico Commonwealth","San Sebastián Municipio",4,58,563,255,308
050,72,131,"Puerto Rico Commonwealth","San Sebastián Municipio",4,59,551,249,302
050,72,131,"Puerto Rico Commonwealth","San Sebastián Municipio",4,60,547,256,291
050,72,131,"Puerto Rico Commonwealth","San Sebastián Municipio",4,61,565,265,300
050,72,131,"Puerto Rico Commonwealth","San Sebastián Municipio",4,62,575,264,311
050,72,131,"Puerto Rico Commonwealth","San Sebastián Municipio",4,63,561,265,296
050,72,131,"Puerto Rico Commonwealth","San Sebastián Municipio",4,64,569,271,298
050,72,131,"Puerto Rico Commonwealth","San Sebastián Municipio",4,65,564,259,305
050,72,131,"Puerto Rico Commonwealth","San Sebastián Municipio",4,66,569,264,305
050,72,131,"Puerto Rico Commonwealth","San Sebastián Municipio",4,67,584,274,310
050,72,131,"Puerto Rico Commonwealth","San Sebastián Municipio",4,68,547,258,289
050,72,131,"Puerto Rico Commonwealth","San Sebastián Municipio",4,69,533,258,275
050,72,131,"Puerto Rico Commonwealth","San Sebastián Municipio",4,70,516,247,269
050,72,131,"Puerto Rico Commonwealth","San Sebastián Municipio",4,71,515,242,273
050,72,131,"Puerto Rico Commonwealth","San Sebastián Municipio",4,72,518,252,266
050,72,131,"Puerto Rico Commonwealth","San Sebastián Municipio",4,73,501,234,267
050,72,131,"Puerto Rico Commonwealth","San Sebastián Municipio",4,74,526,237,289
050,72,131,"Puerto Rico Commonwealth","San Sebastián Municipio",4,75,535,232,303
050,72,131,"Puerto Rico Commonwealth","San Sebastián Municipio",4,76,504,233,271
050,72,131,"Puerto Rico Commonwealth","San Sebastián Municipio",4,77,450,224,226
050,72,131,"Puerto Rico Commonwealth","San Sebastián Municipio",4,78,402,203,199
050,72,131,"Puerto Rico Commonwealth","San Sebastián Municipio",4,79,370,180,190
050,72,131,"Puerto Rico Commonwealth","San Sebastián Municipio",4,80,333,151,182
050,72,131,"Puerto Rico Commonwealth","San Sebastián Municipio",4,81,282,119,163
050,72,131,"Puerto Rico Commonwealth","San Sebastián Municipio",4,82,268,116,152
050,72,131,"Puerto Rico Commonwealth","San Sebastián Municipio",4,83,269,123,146
050,72,131,"Puerto Rico Commonwealth","San Sebastián Municipio",4,84,227,105,122
050,72,131,"Puerto Rico Commonwealth","San Sebastián Municipio",4,85,1215,515,700
050,72,131,"Puerto Rico Commonwealth","San Sebastián Municipio",5,0,233,113,120
050,72,131,"Puerto Rico Commonwealth","San Sebastián Municipio",5,1,232,123,109
050,72,131,"Puerto Rico Commonwealth","San Sebastián Municipio",5,2,211,105,106
050,72,131,"Puerto Rico Commonwealth","San Sebastián Municipio",5,3,233,121,112
050,72,131,"Puerto Rico Commonwealth","San Sebastián Municipio",5,4,253,130,123
050,72,131,"Puerto Rico Commonwealth","San Sebastián Municipio",5,5,259,134,125
050,72,131,"Puerto Rico Commonwealth","San Sebastián Municipio",5,6,279,135,144
050,72,131,"Puerto Rico Commonwealth","San Sebastián Municipio",5,7,290,143,147
050,72,131,"Puerto Rico Commonwealth","San Sebastián Municipio",5,8,320,159,161
050,72,131,"Puerto Rico Commonwealth","San Sebastián Municipio",5,9,357,189,168
050,72,131,"Puerto Rico Commonwealth","San Sebastián Municipio",5,10,381,211,170
050,72,131,"Puerto Rico Commonwealth","San Sebastián Municipio",5,11,405,215,190
050,72,131,"Puerto Rico Commonwealth","San Sebastián Municipio",5,12,407,205,202
050,72,131,"Puerto Rico Commonwealth","San Sebastián Municipio",5,13,421,211,210
050,72,131,"Puerto Rico Commonwealth","San Sebastián Municipio",5,14,439,216,223
050,72,131,"Puerto Rico Commonwealth","San Sebastián Municipio",5,15,443,215,228
050,72,131,"Puerto Rico Commonwealth","San Sebastián Municipio",5,16,459,232,227
050,72,131,"Puerto Rico Commonwealth","San Sebastián Municipio",5,17,475,248,227
050,72,131,"Puerto Rico Commonwealth","San Sebastián Municipio",5,18,484,268,216
050,72,131,"Puerto Rico Commonwealth","San Sebastián Municipio",5,19,417,213,204
050,72,131,"Puerto Rico Commonwealth","San Sebastián Municipio",5,20,410,204,206
050,72,131,"Puerto Rico Commonwealth","San Sebastián Municipio",5,21,400,203,197
050,72,131,"Puerto Rico Commonwealth","San Sebastián Municipio",5,22,455,237,218
050,72,131,"Puerto Rico Commonwealth","San Sebastián Municipio",5,23,463,245,218
050,72,131,"Puerto Rico Commonwealth","San Sebastián Municipio",5,24,454,240,214
050,72,131,"Puerto Rico Commonwealth","San Sebastián Municipio",5,25,486,253,233
050,72,131,"Puerto Rico Commonwealth","San Sebastián Municipio",5,26,495,250,245
050,72,131,"Puerto Rico Commonwealth","San Sebastián Municipio",5,27,493,246,247
050,72,131,"Puerto Rico Commonwealth","San Sebastián Municipio",5,28,467,233,234
050,72,131,"Puerto Rico Commonwealth","San Sebastián Municipio",5,29,491,256,235
050,72,131,"Puerto Rico Commonwealth","San Sebastián Municipio",5,30,437,218,219
050,72,131,"Puerto Rico Commonwealth","San Sebastián Municipio",5,31,447,234,213
050,72,131,"Puerto Rico Commonwealth","San Sebastián Municipio",5,32,467,234,233
050,72,131,"Puerto Rico Commonwealth","San Sebastián Municipio",5,33,475,248,227
050,72,131,"Puerto Rico Commonwealth","San Sebastián Municipio",5,34,445,233,212
050,72,131,"Puerto Rico Commonwealth","San Sebastián Municipio",5,35,442,240,202
050,72,131,"Puerto Rico Commonwealth","San Sebastián Municipio",5,36,426,219,207
050,72,131,"Puerto Rico Commonwealth","San Sebastián Municipio",5,37,394,185,209
050,72,131,"Puerto Rico Commonwealth","San Sebastián Municipio",5,38,406,190,216
050,72,131,"Puerto Rico Commonwealth","San Sebastián Municipio",5,39,413,200,213
050,72,131,"Puerto Rico Commonwealth","San Sebastián Municipio",5,40,438,218,220
050,72,131,"Puerto Rico Commonwealth","San Sebastián Municipio",5,41,493,252,241
050,72,131,"Puerto Rico Commonwealth","San Sebastián Municipio",5,42,483,243,240
050,72,131,"Puerto Rico Commonwealth","San Sebastián Municipio",5,43,481,234,247
050,72,131,"Puerto Rico Commonwealth","San Sebastián Municipio",5,44,461,220,241
050,72,131,"Puerto Rico Commonwealth","San Sebastián Municipio",5,45,465,237,228
050,72,131,"Puerto Rico Commonwealth","San Sebastián Municipio",5,46,468,233,235
050,72,131,"Puerto Rico Commonwealth","San Sebastián Municipio",5,47,513,244,269
050,72,131,"Puerto Rico Commonwealth","San Sebastián Municipio",5,48,524,250,274
050,72,131,"Puerto Rico Commonwealth","San Sebastián Municipio",5,49,505,246,259
050,72,131,"Puerto Rico Commonwealth","San Sebastián Municipio",5,50,471,228,243
050,72,131,"Puerto Rico Commonwealth","San Sebastián Municipio",5,51,482,229,253
050,72,131,"Puerto Rico Commonwealth","San Sebastián Municipio",5,52,480,218,262
050,72,131,"Puerto Rico Commonwealth","San Sebastián Municipio",5,53,475,222,253
050,72,131,"Puerto Rico Commonwealth","San Sebastián Municipio",5,54,443,202,241
050,72,131,"Puerto Rico Commonwealth","San Sebastián Municipio",5,55,449,205,244
050,72,131,"Puerto Rico Commonwealth","San Sebastián Municipio",5,56,490,233,257
050,72,131,"Puerto Rico Commonwealth","San Sebastián Municipio",5,57,528,244,284
050,72,131,"Puerto Rico Commonwealth","San Sebastián Municipio",5,58,555,253,302
050,72,131,"Puerto Rico Commonwealth","San Sebastián Municipio",5,59,569,256,313
050,72,131,"Puerto Rico Commonwealth","San Sebastián Municipio",5,60,553,252,301
050,72,131,"Puerto Rico Commonwealth","San Sebastián Municipio",5,61,550,256,294
050,72,131,"Puerto Rico Commonwealth","San Sebastián Municipio",5,62,572,267,305
050,72,131,"Puerto Rico Commonwealth","San Sebastián Municipio",5,63,569,261,308
050,72,131,"Puerto Rico Commonwealth","San Sebastián Municipio",5,64,561,265,296
050,72,131,"Puerto Rico Commonwealth","San Sebastián Municipio",5,65,566,268,298
050,72,131,"Puerto Rico Commonwealth","San Sebastián Municipio",5,66,566,261,305
050,72,131,"Puerto Rico Commonwealth","San Sebastián Municipio",5,67,564,262,302
050,72,131,"Puerto Rico Commonwealth","San Sebastián Municipio",5,68,585,275,310
050,72,131,"Puerto Rico Commonwealth","San Sebastián Municipio",5,69,577,286,291
050,72,131,"Puerto Rico Commonwealth","San Sebastián Municipio",5,70,493,224,269
050,72,131,"Puerto Rico Commonwealth","San Sebastián Municipio",5,71,514,245,269
050,72,131,"Puerto Rico Commonwealth","San Sebastián Municipio",5,72,508,237,271
050,72,131,"Puerto Rico Commonwealth","San Sebastián Municipio",5,73,504,245,259
050,72,131,"Puerto Rico Commonwealth","San Sebastián Municipio",5,74,490,228,262
050,72,131,"Puerto Rico Commonwealth","San Sebastián Municipio",5,75,516,232,284
050,72,131,"Puerto Rico Commonwealth","San Sebastián Municipio",5,76,516,223,293
050,72,131,"Puerto Rico Commonwealth","San Sebastián Municipio",5,77,481,219,262
050,72,131,"Puerto Rico Commonwealth","San Sebastián Municipio",5,78,436,213,223
050,72,131,"Puerto Rico Commonwealth","San Sebastián Municipio",5,79,386,193,193
050,72,131,"Puerto Rico Commonwealth","San Sebastián Municipio",5,80,349,171,178
050,72,131,"Puerto Rico Commonwealth","San Sebastián Municipio",5,81,309,141,168
050,72,131,"Puerto Rico Commonwealth","San Sebastián Municipio",5,82,264,112,152
050,72,131,"Puerto Rico Commonwealth","San Sebastián Municipio",5,83,257,106,151
050,72,131,"Puerto Rico Commonwealth","San Sebastián Municipio",5,84,248,113,135
050,72,131,"Puerto Rico Commonwealth","San Sebastián Municipio",5,85,1255,538,717
050,72,133,"Puerto Rico Commonwealth","Santa Isabel Municipio",1,0,144,74,70
050,72,133,"Puerto Rico Commonwealth","Santa Isabel Municipio",1,1,141,63,78
050,72,133,"Puerto Rico Commonwealth","Santa Isabel Municipio",1,2,145,76,69
050,72,133,"Puerto Rico Commonwealth","Santa Isabel Municipio",1,3,146,78,68
050,72,133,"Puerto Rico Commonwealth","Santa Isabel Municipio",1,4,166,83,83
050,72,133,"Puerto Rico Commonwealth","Santa Isabel Municipio",1,5,196,98,98
050,72,133,"Puerto Rico Commonwealth","Santa Isabel Municipio",1,6,193,104,89
050,72,133,"Puerto Rico Commonwealth","Santa Isabel Municipio",1,7,204,109,95
050,72,133,"Puerto Rico Commonwealth","Santa Isabel Municipio",1,8,217,107,110
050,72,133,"Puerto Rico Commonwealth","Santa Isabel Municipio",1,9,227,117,110
050,72,133,"Puerto Rico Commonwealth","Santa Isabel Municipio",1,10,257,115,142
050,72,133,"Puerto Rico Commonwealth","Santa Isabel Municipio",1,11,256,127,129
050,72,133,"Puerto Rico Commonwealth","Santa Isabel Municipio",1,12,259,130,129
050,72,133,"Puerto Rico Commonwealth","Santa Isabel Municipio",1,13,262,131,131
050,72,133,"Puerto Rico Commonwealth","Santa Isabel Municipio",1,14,277,139,138
050,72,133,"Puerto Rico Commonwealth","Santa Isabel Municipio",1,15,296,149,147
050,72,133,"Puerto Rico Commonwealth","Santa Isabel Municipio",1,16,280,143,137
050,72,133,"Puerto Rico Commonwealth","Santa Isabel Municipio",1,17,264,139,125
050,72,133,"Puerto Rico Commonwealth","Santa Isabel Municipio",1,18,277,139,138
050,72,133,"Puerto Rico Commonwealth","Santa Isabel Municipio",1,19,297,155,142
050,72,133,"Puerto Rico Commonwealth","Santa Isabel Municipio",1,20,291,158,133
050,72,133,"Puerto Rico Commonwealth","Santa Isabel Municipio",1,21,291,152,139
050,72,133,"Puerto Rico Commonwealth","Santa Isabel Municipio",1,22,289,150,139
050,72,133,"Puerto Rico Commonwealth","Santa Isabel Municipio",1,23,301,150,151
050,72,133,"Puerto Rico Commonwealth","Santa Isabel Municipio",1,24,303,150,153
050,72,133,"Puerto Rico Commonwealth","Santa Isabel Municipio",1,25,308,151,157
050,72,133,"Puerto Rico Commonwealth","Santa Isabel Municipio",1,26,292,130,162
050,72,133,"Puerto Rico Commonwealth","Santa Isabel Municipio",1,27,304,138,166
050,72,133,"Puerto Rico Commonwealth","Santa Isabel Municipio",1,28,299,141,158
050,72,133,"Puerto Rico Commonwealth","Santa Isabel Municipio",1,29,298,136,162
050,72,133,"Puerto Rico Commonwealth","Santa Isabel Municipio",1,30,287,136,151
050,72,133,"Puerto Rico Commonwealth","Santa Isabel Municipio",1,31,247,109,138
050,72,133,"Puerto Rico Commonwealth","Santa Isabel Municipio",1,32,220,96,124
050,72,133,"Puerto Rico Commonwealth","Santa Isabel Municipio",1,33,222,96,126
050,72,133,"Puerto Rico Commonwealth","Santa Isabel Municipio",1,34,214,95,119
050,72,133,"Puerto Rico Commonwealth","Santa Isabel Municipio",1,35,227,104,123
050,72,133,"Puerto Rico Commonwealth","Santa Isabel Municipio",1,36,228,111,117
050,72,133,"Puerto Rico Commonwealth","Santa Isabel Municipio",1,37,241,113,128
050,72,133,"Puerto Rico Commonwealth","Santa Isabel Municipio",1,38,263,115,148
050,72,133,"Puerto Rico Commonwealth","Santa Isabel Municipio",1,39,295,132,163
050,72,133,"Puerto Rico Commonwealth","Santa Isabel Municipio",1,40,306,138,168
050,72,133,"Puerto Rico Commonwealth","Santa Isabel Municipio",1,41,301,137,164
050,72,133,"Puerto Rico Commonwealth","Santa Isabel Municipio",1,42,319,153,166
050,72,133,"Puerto Rico Commonwealth","Santa Isabel Municipio",1,43,342,161,181
050,72,133,"Puerto Rico Commonwealth","Santa Isabel Municipio",1,44,321,152,169
050,72,133,"Puerto Rico Commonwealth","Santa Isabel Municipio",1,45,315,142,173
050,72,133,"Puerto Rico Commonwealth","Santa Isabel Municipio",1,46,314,147,167
050,72,133,"Puerto Rico Commonwealth","Santa Isabel Municipio",1,47,312,152,160
050,72,133,"Puerto Rico Commonwealth","Santa Isabel Municipio",1,48,328,167,161
050,72,133,"Puerto Rico Commonwealth","Santa Isabel Municipio",1,49,326,165,161
050,72,133,"Puerto Rico Commonwealth","Santa Isabel Municipio",1,50,299,151,148
050,72,133,"Puerto Rico Commonwealth","Santa Isabel Municipio",1,51,267,133,134
050,72,133,"Puerto Rico Commonwealth","Santa Isabel Municipio",1,52,250,114,136
050,72,133,"Puerto Rico Commonwealth","Santa Isabel Municipio",1,53,253,114,139
050,72,133,"Puerto Rico Commonwealth","Santa Isabel Municipio",1,54,269,126,143
050,72,133,"Puerto Rico Commonwealth","Santa Isabel Municipio",1,55,262,131,131
050,72,133,"Puerto Rico Commonwealth","Santa Isabel Municipio",1,56,249,124,125
050,72,133,"Puerto Rico Commonwealth","Santa Isabel Municipio",1,57,239,117,122
050,72,133,"Puerto Rico Commonwealth","Santa Isabel Municipio",1,58,238,116,122
050,72,133,"Puerto Rico Commonwealth","Santa Isabel Municipio",1,59,237,116,121
050,72,133,"Puerto Rico Commonwealth","Santa Isabel Municipio",1,60,228,113,115
050,72,133,"Puerto Rico Commonwealth","Santa Isabel Municipio",1,61,217,111,106
050,72,133,"Puerto Rico Commonwealth","Santa Isabel Municipio",1,62,236,116,120
050,72,133,"Puerto Rico Commonwealth","Santa Isabel Municipio",1,63,221,109,112
050,72,133,"Puerto Rico Commonwealth","Santa Isabel Municipio",1,64,212,102,110
050,72,133,"Puerto Rico Commonwealth","Santa Isabel Municipio",1,65,205,96,109
050,72,133,"Puerto Rico Commonwealth","Santa Isabel Municipio",1,66,186,96,90
050,72,133,"Puerto Rico Commonwealth","Santa Isabel Municipio",1,67,192,97,95
050,72,133,"Puerto Rico Commonwealth","Santa Isabel Municipio",1,68,195,88,107
050,72,133,"Puerto Rico Commonwealth","Santa Isabel Municipio",1,69,198,93,105
050,72,133,"Puerto Rico Commonwealth","Santa Isabel Municipio",1,70,195,98,97
050,72,133,"Puerto Rico Commonwealth","Santa Isabel Municipio",1,71,189,86,103
050,72,133,"Puerto Rico Commonwealth","Santa Isabel Municipio",1,72,207,91,116
050,72,133,"Puerto Rico Commonwealth","Santa Isabel Municipio",1,73,210,99,111
050,72,133,"Puerto Rico Commonwealth","Santa Isabel Municipio",1,74,192,87,105
050,72,133,"Puerto Rico Commonwealth","Santa Isabel Municipio",1,75,160,69,91
050,72,133,"Puerto Rico Commonwealth","Santa Isabel Municipio",1,76,152,70,82
050,72,133,"Puerto Rico Commonwealth","Santa Isabel Municipio",1,77,147,69,78
050,72,133,"Puerto Rico Commonwealth","Santa Isabel Municipio",1,78,125,57,68
050,72,133,"Puerto Rico Commonwealth","Santa Isabel Municipio",1,79,109,50,59
050,72,133,"Puerto Rico Commonwealth","Santa Isabel Municipio",1,80,116,54,62
050,72,133,"Puerto Rico Commonwealth","Santa Isabel Municipio",1,81,93,41,52
050,72,133,"Puerto Rico Commonwealth","Santa Isabel Municipio",1,82,92,37,55
050,72,133,"Puerto Rico Commonwealth","Santa Isabel Municipio",1,83,89,37,52
050,72,133,"Puerto Rico Commonwealth","Santa Isabel Municipio",1,84,72,31,41
050,72,133,"Puerto Rico Commonwealth","Santa Isabel Municipio",1,85,372,152,220
050,72,133,"Puerto Rico Commonwealth","Santa Isabel Municipio",2,0,155,79,76
050,72,133,"Puerto Rico Commonwealth","Santa Isabel Municipio",2,1,141,65,76
050,72,133,"Puerto Rico Commonwealth","Santa Isabel Municipio",2,2,144,73,71
050,72,133,"Puerto Rico Commonwealth","Santa Isabel Municipio",2,3,146,78,68
050,72,133,"Puerto Rico Commonwealth","Santa Isabel Municipio",2,4,160,81,79
050,72,133,"Puerto Rico Commonwealth","Santa Isabel Municipio",2,5,190,95,95
050,72,133,"Puerto Rico Commonwealth","Santa Isabel Municipio",2,6,193,102,91
050,72,133,"Puerto Rico Commonwealth","Santa Isabel Municipio",2,7,201,108,93
050,72,133,"Puerto Rico Commonwealth","Santa Isabel Municipio",2,8,214,107,107
050,72,133,"Puerto Rico Commonwealth","Santa Isabel Municipio",2,9,225,115,110
050,72,133,"Puerto Rico Commonwealth","Santa Isabel Municipio",2,10,249,115,134
050,72,133,"Puerto Rico Commonwealth","Santa Isabel Municipio",2,11,256,124,132
050,72,133,"Puerto Rico Commonwealth","Santa Isabel Municipio",2,12,258,129,129
050,72,133,"Puerto Rico Commonwealth","Santa Isabel Municipio",2,13,259,129,130
050,72,133,"Puerto Rico Commonwealth","Santa Isabel Municipio",2,14,273,136,137
050,72,133,"Puerto Rico Commonwealth","Santa Isabel Municipio",2,15,290,146,144
050,72,133,"Puerto Rico Commonwealth","Santa Isabel Municipio",2,16,282,142,140
050,72,133,"Puerto Rico Commonwealth","Santa Isabel Municipio",2,17,266,138,128
050,72,133,"Puerto Rico Commonwealth","Santa Isabel Municipio",2,18,271,136,135
050,72,133,"Puerto Rico Commonwealth","Santa Isabel Municipio",2,19,290,149,141
050,72,133,"Puerto Rico Commonwealth","Santa Isabel Municipio",2,20,291,156,135
050,72,133,"Puerto Rico Commonwealth","Santa Isabel Municipio",2,21,289,152,137
050,72,133,"Puerto Rico Commonwealth","Santa Isabel Municipio",2,22,291,152,139
050,72,133,"Puerto Rico Commonwealth","Santa Isabel Municipio",2,23,298,150,148
050,72,133,"Puerto Rico Commonwealth","Santa Isabel Municipio",2,24,302,149,153
050,72,133,"Puerto Rico Commonwealth","Santa Isabel Municipio",2,25,305,149,156
050,72,133,"Puerto Rico Commonwealth","Santa Isabel Municipio",2,26,298,137,161
050,72,133,"Puerto Rico Commonwealth","Santa Isabel Municipio",2,27,301,136,165
050,72,133,"Puerto Rico Commonwealth","Santa Isabel Municipio",2,28,301,141,160
050,72,133,"Puerto Rico Commonwealth","Santa Isabel Municipio",2,29,297,136,161
050,72,133,"Puerto Rico Commonwealth","Santa Isabel Municipio",2,30,287,134,153
050,72,133,"Puerto Rico Commonwealth","Santa Isabel Municipio",2,31,258,116,142
050,72,133,"Puerto Rico Commonwealth","Santa Isabel Municipio",2,32,226,99,127
050,72,133,"Puerto Rico Commonwealth","Santa Isabel Municipio",2,33,222,96,126
050,72,133,"Puerto Rico Commonwealth","Santa Isabel Municipio",2,34,214,95,119
050,72,133,"Puerto Rico Commonwealth","Santa Isabel Municipio",2,35,225,103,122
050,72,133,"Puerto Rico Commonwealth","Santa Isabel Municipio",2,36,228,109,119
050,72,133,"Puerto Rico Commonwealth","Santa Isabel Municipio",2,37,238,113,125
050,72,133,"Puerto Rico Commonwealth","Santa Isabel Municipio",2,38,258,115,143
050,72,133,"Puerto Rico Commonwealth","Santa Isabel Municipio",2,39,287,128,159
050,72,133,"Puerto Rico Commonwealth","Santa Isabel Municipio",2,40,304,137,167
050,72,133,"Puerto Rico Commonwealth","Santa Isabel Municipio",2,41,302,137,165
050,72,133,"Puerto Rico Commonwealth","Santa Isabel Municipio",2,42,315,149,166
050,72,133,"Puerto Rico Commonwealth","Santa Isabel Municipio",2,43,335,158,177
050,72,133,"Puerto Rico Commonwealth","Santa Isabel Municipio",2,44,325,153,172
050,72,133,"Puerto Rico Commonwealth","Santa Isabel Municipio",2,45,316,144,172
050,72,133,"Puerto Rico Commonwealth","Santa Isabel Municipio",2,46,313,145,168
050,72,133,"Puerto Rico Commonwealth","Santa Isabel Municipio",2,47,312,151,161
050,72,133,"Puerto Rico Commonwealth","Santa Isabel Municipio",2,48,324,163,161
050,72,133,"Puerto Rico Commonwealth","Santa Isabel Municipio",2,49,327,166,161
050,72,133,"Puerto Rico Commonwealth","Santa Isabel Municipio",2,50,305,154,151
050,72,133,"Puerto Rico Commonwealth","Santa Isabel Municipio",2,51,276,138,138
050,72,133,"Puerto Rico Commonwealth","Santa Isabel Municipio",2,52,254,119,135
050,72,133,"Puerto Rico Commonwealth","Santa Isabel Municipio",2,53,251,113,138
050,72,133,"Puerto Rico Commonwealth","Santa Isabel Municipio",2,54,265,123,142
050,72,133,"Puerto Rico Commonwealth","Santa Isabel Municipio",2,55,264,130,134
050,72,133,"Puerto Rico Commonwealth","Santa Isabel Municipio",2,56,253,126,127
050,72,133,"Puerto Rico Commonwealth","Santa Isabel Municipio",2,57,242,119,123
050,72,133,"Puerto Rico Commonwealth","Santa Isabel Municipio",2,58,235,113,122
050,72,133,"Puerto Rico Commonwealth","Santa Isabel Municipio",2,59,237,116,121
050,72,133,"Puerto Rico Commonwealth","Santa Isabel Municipio",2,60,229,113,116
050,72,133,"Puerto Rico Commonwealth","Santa Isabel Municipio",2,61,220,111,109
050,72,133,"Puerto Rico Commonwealth","Santa Isabel Municipio",2,62,231,115,116
050,72,133,"Puerto Rico Commonwealth","Santa Isabel Municipio",2,63,225,111,114
050,72,133,"Puerto Rico Commonwealth","Santa Isabel Municipio",2,64,215,104,111
050,72,133,"Puerto Rico Commonwealth","Santa Isabel Municipio",2,65,206,97,109
050,72,133,"Puerto Rico Commonwealth","Santa Isabel Municipio",2,66,190,95,95
050,72,133,"Puerto Rico Commonwealth","Santa Isabel Municipio",2,67,190,97,93
050,72,133,"Puerto Rico Commonwealth","Santa Isabel Municipio",2,68,194,90,104
050,72,133,"Puerto Rico Commonwealth","Santa Isabel Municipio",2,69,196,90,106
050,72,133,"Puerto Rico Commonwealth","Santa Isabel Municipio",2,70,196,97,99
050,72,133,"Puerto Rico Commonwealth","Santa Isabel Municipio",2,71,189,88,101
050,72,133,"Puerto Rico Commonwealth","Santa Isabel Municipio",2,72,201,89,112
050,72,133,"Puerto Rico Commonwealth","Santa Isabel Municipio",2,73,206,97,109
050,72,133,"Puerto Rico Commonwealth","Santa Isabel Municipio",2,74,196,90,106
050,72,133,"Puerto Rico Commonwealth","Santa Isabel Municipio",2,75,167,73,94
050,72,133,"Puerto Rico Commonwealth","Santa Isabel Municipio",2,76,152,69,83
050,72,133,"Puerto Rico Commonwealth","Santa Isabel Municipio",2,77,149,69,80
050,72,133,"Puerto Rico Commonwealth","Santa Isabel Municipio",2,78,129,60,69
050,72,133,"Puerto Rico Commonwealth","Santa Isabel Municipio",2,79,112,52,60
050,72,133,"Puerto Rico Commonwealth","Santa Isabel Municipio",2,80,112,51,61
050,72,133,"Puerto Rico Commonwealth","Santa Isabel Municipio",2,81,97,43,54
050,72,133,"Puerto Rico Commonwealth","Santa Isabel Municipio",2,82,91,38,53
050,72,133,"Puerto Rico Commonwealth","Santa Isabel Municipio",2,83,86,35,51
050,72,133,"Puerto Rico Commonwealth","Santa Isabel Municipio",2,84,76,32,44
050,72,133,"Puerto Rico Commonwealth","Santa Isabel Municipio",2,85,380,158,222
050,72,133,"Puerto Rico Commonwealth","Santa Isabel Municipio",3,0,130,56,74
050,72,133,"Puerto Rico Commonwealth","Santa Isabel Municipio",3,1,154,80,74
050,72,133,"Puerto Rico Commonwealth","Santa Isabel Municipio",3,2,140,65,75
050,72,133,"Puerto Rico Commonwealth","Santa Isabel Municipio",3,3,143,73,70
050,72,133,"Puerto Rico Commonwealth","Santa Isabel Municipio",3,4,145,78,67
050,72,133,"Puerto Rico Commonwealth","Santa Isabel Municipio",3,5,159,81,78
050,72,133,"Puerto Rico Commonwealth","Santa Isabel Municipio",3,6,190,95,95
050,72,133,"Puerto Rico Commonwealth","Santa Isabel Municipio",3,7,191,101,90
050,72,133,"Puerto Rico Commonwealth","Santa Isabel Municipio",3,8,199,107,92
050,72,133,"Puerto Rico Commonwealth","Santa Isabel Municipio",3,9,212,106,106
050,72,133,"Puerto Rico Commonwealth","Santa Isabel Municipio",3,10,223,114,109
050,72,133,"Puerto Rico Commonwealth","Santa Isabel Municipio",3,11,245,113,132
050,72,133,"Puerto Rico Commonwealth","Santa Isabel Municipio",3,12,253,122,131
050,72,133,"Puerto Rico Commonwealth","Santa Isabel Municipio",3,13,255,127,128
050,72,133,"Puerto Rico Commonwealth","Santa Isabel Municipio",3,14,255,127,128
050,72,133,"Puerto Rico Commonwealth","Santa Isabel Municipio",3,15,268,133,135
050,72,133,"Puerto Rico Commonwealth","Santa Isabel Municipio",3,16,285,143,142
050,72,133,"Puerto Rico Commonwealth","Santa Isabel Municipio",3,17,278,140,138
050,72,133,"Puerto Rico Commonwealth","Santa Isabel Municipio",3,18,258,133,125
050,72,133,"Puerto Rico Commonwealth","Santa Isabel Municipio",3,19,264,132,132
050,72,133,"Puerto Rico Commonwealth","Santa Isabel Municipio",3,20,286,145,141
050,72,133,"Puerto Rico Commonwealth","Santa Isabel Municipio",3,21,287,153,134
050,72,133,"Puerto Rico Commonwealth","Santa Isabel Municipio",3,22,291,153,138
050,72,133,"Puerto Rico Commonwealth","Santa Isabel Municipio",3,23,292,152,140
050,72,133,"Puerto Rico Commonwealth","Santa Isabel Municipio",3,24,299,150,149
050,72,133,"Puerto Rico Commonwealth","Santa Isabel Municipio",3,25,305,150,155
050,72,133,"Puerto Rico Commonwealth","Santa Isabel Municipio",3,26,309,151,158
050,72,133,"Puerto Rico Commonwealth","Santa Isabel Municipio",3,27,300,138,162
050,72,133,"Puerto Rico Commonwealth","Santa Isabel Municipio",3,28,305,138,167
050,72,133,"Puerto Rico Commonwealth","Santa Isabel Municipio",3,29,300,139,161
050,72,133,"Puerto Rico Commonwealth","Santa Isabel Municipio",3,30,301,138,163
050,72,133,"Puerto Rico Commonwealth","Santa Isabel Municipio",3,31,291,137,154
050,72,133,"Puerto Rico Commonwealth","Santa Isabel Municipio",3,32,260,118,142
050,72,133,"Puerto Rico Commonwealth","Santa Isabel Municipio",3,33,228,100,128
050,72,133,"Puerto Rico Commonwealth","Santa Isabel Municipio",3,34,224,97,127
050,72,133,"Puerto Rico Commonwealth","Santa Isabel Municipio",3,35,217,98,119
050,72,133,"Puerto Rico Commonwealth","Santa Isabel Municipio",3,36,223,101,122
050,72,133,"Puerto Rico Commonwealth","Santa Isabel Municipio",3,37,227,108,119
050,72,133,"Puerto Rico Commonwealth","Santa Isabel Municipio",3,38,238,114,124
050,72,133,"Puerto Rico Commonwealth","Santa Isabel Municipio",3,39,259,116,143
050,72,133,"Puerto Rico Commonwealth","Santa Isabel Municipio",3,40,288,129,159
050,72,133,"Puerto Rico Commonwealth","Santa Isabel Municipio",3,41,304,137,167
050,72,133,"Puerto Rico Commonwealth","Santa Isabel Municipio",3,42,303,138,165
050,72,133,"Puerto Rico Commonwealth","Santa Isabel Municipio",3,43,312,147,165
050,72,133,"Puerto Rico Commonwealth","Santa Isabel Municipio",3,44,335,159,176
050,72,133,"Puerto Rico Commonwealth","Santa Isabel Municipio",3,45,324,153,171
050,72,133,"Puerto Rico Commonwealth","Santa Isabel Municipio",3,46,314,144,170
050,72,133,"Puerto Rico Commonwealth","Santa Isabel Municipio",3,47,312,145,167
050,72,133,"Puerto Rico Commonwealth","Santa Isabel Municipio",3,48,311,152,159
050,72,133,"Puerto Rico Commonwealth","Santa Isabel Municipio",3,49,322,162,160
050,72,133,"Puerto Rico Commonwealth","Santa Isabel Municipio",3,50,323,164,159
050,72,133,"Puerto Rico Commonwealth","Santa Isabel Municipio",3,51,305,155,150
050,72,133,"Puerto Rico Commonwealth","Santa Isabel Municipio",3,52,275,138,137
050,72,133,"Puerto Rico Commonwealth","Santa Isabel Municipio",3,53,251,118,133
050,72,133,"Puerto Rico Commonwealth","Santa Isabel Municipio",3,54,248,111,137
050,72,133,"Puerto Rico Commonwealth","Santa Isabel Municipio",3,55,263,122,141
050,72,133,"Puerto Rico Commonwealth","Santa Isabel Municipio",3,56,263,130,133
050,72,133,"Puerto Rico Commonwealth","Santa Isabel Municipio",3,57,251,126,125
050,72,133,"Puerto Rico Commonwealth","Santa Isabel Municipio",3,58,239,117,122
050,72,133,"Puerto Rico Commonwealth","Santa Isabel Municipio",3,59,232,111,121
050,72,133,"Puerto Rico Commonwealth","Santa Isabel Municipio",3,60,233,114,119
050,72,133,"Puerto Rico Commonwealth","Santa Isabel Municipio",3,61,225,111,114
050,72,133,"Puerto Rico Commonwealth","Santa Isabel Municipio",3,62,215,108,107
050,72,133,"Puerto Rico Commonwealth","Santa Isabel Municipio",3,63,227,112,115
050,72,133,"Puerto Rico Commonwealth","Santa Isabel Municipio",3,64,222,108,114
050,72,133,"Puerto Rico Commonwealth","Santa Isabel Municipio",3,65,211,102,109
050,72,133,"Puerto Rico Commonwealth","Santa Isabel Municipio",3,66,203,95,108
050,72,133,"Puerto Rico Commonwealth","Santa Isabel Municipio",3,67,185,90,95
050,72,133,"Puerto Rico Commonwealth","Santa Isabel Municipio",3,68,186,95,91
050,72,133,"Puerto Rico Commonwealth","Santa Isabel Municipio",3,69,190,88,102
050,72,133,"Puerto Rico Commonwealth","Santa Isabel Municipio",3,70,189,88,101
050,72,133,"Puerto Rico Commonwealth","Santa Isabel Municipio",3,71,190,93,97
050,72,133,"Puerto Rico Commonwealth","Santa Isabel Municipio",3,72,183,83,100
050,72,133,"Puerto Rico Commonwealth","Santa Isabel Municipio",3,73,195,87,108
050,72,133,"Puerto Rico Commonwealth","Santa Isabel Municipio",3,74,197,92,105
050,72,133,"Puerto Rico Commonwealth","Santa Isabel Municipio",3,75,183,83,100
050,72,133,"Puerto Rico Commonwealth","Santa Isabel Municipio",3,76,160,68,92
050,72,133,"Puerto Rico Commonwealth","Santa Isabel Municipio",3,77,144,65,79
050,72,133,"Puerto Rico Commonwealth","Santa Isabel Municipio",3,78,138,65,73
050,72,133,"Puerto Rico Commonwealth","Santa Isabel Municipio",3,79,119,55,64
050,72,133,"Puerto Rico Commonwealth","Santa Isabel Municipio",3,80,106,49,57
050,72,133,"Puerto Rico Commonwealth","Santa Isabel Municipio",3,81,108,50,58
050,72,133,"Puerto Rico Commonwealth","Santa Isabel Municipio",3,82,91,40,51
050,72,133,"Puerto Rico Commonwealth","Santa Isabel Municipio",3,83,85,33,52
050,72,133,"Puerto Rico Commonwealth","Santa Isabel Municipio",3,84,79,30,49
050,72,133,"Puerto Rico Commonwealth","Santa Isabel Municipio",3,85,385,159,226
050,72,133,"Puerto Rico Commonwealth","Santa Isabel Municipio",4,0,146,79,67
050,72,133,"Puerto Rico Commonwealth","Santa Isabel Municipio",4,1,127,55,72
050,72,133,"Puerto Rico Commonwealth","Santa Isabel Municipio",4,2,151,79,72
050,72,133,"Puerto Rico Commonwealth","Santa Isabel Municipio",4,3,137,64,73
050,72,133,"Puerto Rico Commonwealth","Santa Isabel Municipio",4,4,141,72,69
050,72,133,"Puerto Rico Commonwealth","Santa Isabel Municipio",4,5,142,77,65
050,72,133,"Puerto Rico Commonwealth","Santa Isabel Municipio",4,6,155,79,76
050,72,133,"Puerto Rico Commonwealth","Santa Isabel Municipio",4,7,186,93,93
050,72,133,"Puerto Rico Commonwealth","Santa Isabel Municipio",4,8,187,99,88
050,72,133,"Puerto Rico Commonwealth","Santa Isabel Municipio",4,9,195,105,90
050,72,133,"Puerto Rico Commonwealth","Santa Isabel Municipio",4,10,207,103,104
050,72,133,"Puerto Rico Commonwealth","Santa Isabel Municipio",4,11,217,111,106
050,72,133,"Puerto Rico Commonwealth","Santa Isabel Municipio",4,12,239,110,129
050,72,133,"Puerto Rico Commonwealth","Santa Isabel Municipio",4,13,247,118,129
050,72,133,"Puerto Rico Commonwealth","Santa Isabel Municipio",4,14,248,123,125
050,72,133,"Puerto Rico Commonwealth","Santa Isabel Municipio",4,15,247,122,125
050,72,133,"Puerto Rico Commonwealth","Santa Isabel Municipio",4,16,260,128,132
050,72,133,"Puerto Rico Commonwealth","Santa Isabel Municipio",4,17,277,139,138
050,72,133,"Puerto Rico Commonwealth","Santa Isabel Municipio",4,18,268,134,134
050,72,133,"Puerto Rico Commonwealth","Santa Isabel Municipio",4,19,248,128,120
050,72,133,"Puerto Rico Commonwealth","Santa Isabel Municipio",4,20,257,127,130
050,72,133,"Puerto Rico Commonwealth","Santa Isabel Municipio",4,21,279,140,139
050,72,133,"Puerto Rico Commonwealth","Santa Isabel Municipio",4,22,283,150,133
050,72,133,"Puerto Rico Commonwealth","Santa Isabel Municipio",4,23,287,150,137
050,72,133,"Puerto Rico Commonwealth","Santa Isabel Municipio",4,24,289,149,140
050,72,133,"Puerto Rico Commonwealth","Santa Isabel Municipio",4,25,297,148,149
050,72,133,"Puerto Rico Commonwealth","Santa Isabel Municipio",4,26,304,149,155
050,72,133,"Puerto Rico Commonwealth","Santa Isabel Municipio",4,27,305,147,158
050,72,133,"Puerto Rico Commonwealth","Santa Isabel Municipio",4,28,300,138,162
050,72,133,"Puerto Rico Commonwealth","Santa Isabel Municipio",4,29,300,134,166
050,72,133,"Puerto Rico Commonwealth","Santa Isabel Municipio",4,30,299,138,161
050,72,133,"Puerto Rico Commonwealth","Santa Isabel Municipio",4,31,302,140,162
050,72,133,"Puerto Rico Commonwealth","Santa Isabel Municipio",4,32,287,134,153
050,72,133,"Puerto Rico Commonwealth","Santa Isabel Municipio",4,33,261,119,142
050,72,133,"Puerto Rico Commonwealth","Santa Isabel Municipio",4,34,225,98,127
050,72,133,"Puerto Rico Commonwealth","Santa Isabel Municipio",4,35,222,96,126
050,72,133,"Puerto Rico Commonwealth","Santa Isabel Municipio",4,36,213,95,118
050,72,133,"Puerto Rico Commonwealth","Santa Isabel Municipio",4,37,221,100,121
050,72,133,"Puerto Rico Commonwealth","Santa Isabel Municipio",4,38,223,105,118
050,72,133,"Puerto Rico Commonwealth","Santa Isabel Municipio",4,39,234,113,121
050,72,133,"Puerto Rico Commonwealth","Santa Isabel Municipio",4,40,256,115,141
050,72,133,"Puerto Rico Commonwealth","Santa Isabel Municipio",4,41,286,129,157
050,72,133,"Puerto Rico Commonwealth","Santa Isabel Municipio",4,42,301,136,165
050,72,133,"Puerto Rico Commonwealth","Santa Isabel Municipio",4,43,300,137,163
050,72,133,"Puerto Rico Commonwealth","Santa Isabel Municipio",4,44,309,146,163
050,72,133,"Puerto Rico Commonwealth","Santa Isabel Municipio",4,45,328,155,173
050,72,133,"Puerto Rico Commonwealth","Santa Isabel Municipio",4,46,322,153,169
050,72,133,"Puerto Rico Commonwealth","Santa Isabel Municipio",4,47,311,143,168
050,72,133,"Puerto Rico Commonwealth","Santa Isabel Municipio",4,48,310,145,165
050,72,133,"Puerto Rico Commonwealth","Santa Isabel Municipio",4,49,304,147,157
050,72,133,"Puerto Rico Commonwealth","Santa Isabel Municipio",4,50,319,161,158
050,72,133,"Puerto Rico Commonwealth","Santa Isabel Municipio",4,51,320,165,155
050,72,133,"Puerto Rico Commonwealth","Santa Isabel Municipio",4,52,302,154,148
050,72,133,"Puerto Rico Commonwealth","Santa Isabel Municipio",4,53,273,138,135
050,72,133,"Puerto Rico Commonwealth","Santa Isabel Municipio",4,54,249,119,130
050,72,133,"Puerto Rico Commonwealth","Santa Isabel Municipio",4,55,244,110,134
050,72,133,"Puerto Rico Commonwealth","Santa Isabel Municipio",4,56,259,121,138
050,72,133,"Puerto Rico Commonwealth","Santa Isabel Municipio",4,57,259,129,130
050,72,133,"Puerto Rico Commonwealth","Santa Isabel Municipio",4,58,246,124,122
050,72,133,"Puerto Rico Commonwealth","Santa Isabel Municipio",4,59,235,114,121
050,72,133,"Puerto Rico Commonwealth","Santa Isabel Municipio",4,60,229,111,118
050,72,133,"Puerto Rico Commonwealth","Santa Isabel Municipio",4,61,231,113,118
050,72,133,"Puerto Rico Commonwealth","Santa Isabel Municipio",4,62,220,107,113
050,72,133,"Puerto Rico Commonwealth","Santa Isabel Municipio",4,63,213,107,106
050,72,133,"Puerto Rico Commonwealth","Santa Isabel Municipio",4,64,224,111,113
050,72,133,"Puerto Rico Commonwealth","Santa Isabel Municipio",4,65,217,106,111
050,72,133,"Puerto Rico Commonwealth","Santa Isabel Municipio",4,66,206,99,107
050,72,133,"Puerto Rico Commonwealth","Santa Isabel Municipio",4,67,199,94,105
050,72,133,"Puerto Rico Commonwealth","Santa Isabel Municipio",4,68,181,88,93
050,72,133,"Puerto Rico Commonwealth","Santa Isabel Municipio",4,69,182,92,90
050,72,133,"Puerto Rico Commonwealth","Santa Isabel Municipio",4,70,185,86,99
050,72,133,"Puerto Rico Commonwealth","Santa Isabel Municipio",4,71,184,84,100
050,72,133,"Puerto Rico Commonwealth","Santa Isabel Municipio",4,72,185,89,96
050,72,133,"Puerto Rico Commonwealth","Santa Isabel Municipio",4,73,172,78,94
050,72,133,"Puerto Rico Commonwealth","Santa Isabel Municipio",4,74,189,83,106
050,72,133,"Puerto Rico Commonwealth","Santa Isabel Municipio",4,75,186,85,101
050,72,133,"Puerto Rico Commonwealth","Santa Isabel Municipio",4,76,174,80,94
050,72,133,"Puerto Rico Commonwealth","Santa Isabel Municipio",4,77,152,62,90
050,72,133,"Puerto Rico Commonwealth","Santa Isabel Municipio",4,78,135,61,74
050,72,133,"Puerto Rico Commonwealth","Santa Isabel Municipio",4,79,131,61,70
050,72,133,"Puerto Rico Commonwealth","Santa Isabel Municipio",4,80,108,50,58
050,72,133,"Puerto Rico Commonwealth","Santa Isabel Municipio",4,81,100,45,55
050,72,133,"Puerto Rico Commonwealth","Santa Isabel Municipio",4,82,99,46,53
050,72,133,"Puerto Rico Commonwealth","Santa Isabel Municipio",4,83,81,35,46
050,72,133,"Puerto Rico Commonwealth","Santa Isabel Municipio",4,84,78,31,47
050,72,133,"Puerto Rico Commonwealth","Santa Isabel Municipio",4,85,399,161,238
050,72,133,"Puerto Rico Commonwealth","Santa Isabel Municipio",5,0,132,70,62
050,72,133,"Puerto Rico Commonwealth","Santa Isabel Municipio",5,1,146,80,66
050,72,133,"Puerto Rico Commonwealth","Santa Isabel Municipio",5,2,127,55,72
050,72,133,"Puerto Rico Commonwealth","Santa Isabel Municipio",5,3,152,80,72
050,72,133,"Puerto Rico Commonwealth","Santa Isabel Municipio",5,4,137,64,73
050,72,133,"Puerto Rico Commonwealth","Santa Isabel Municipio",5,5,141,72,69
050,72,133,"Puerto Rico Commonwealth","Santa Isabel Municipio",5,6,142,77,65
050,72,133,"Puerto Rico Commonwealth","Santa Isabel Municipio",5,7,154,79,75
050,72,133,"Puerto Rico Commonwealth","Santa Isabel Municipio",5,8,186,93,93
050,72,133,"Puerto Rico Commonwealth","Santa Isabel Municipio",5,9,186,98,88
050,72,133,"Puerto Rico Commonwealth","Santa Isabel Municipio",5,10,193,104,89
050,72,133,"Puerto Rico Commonwealth","Santa Isabel Municipio",5,11,205,102,103
050,72,133,"Puerto Rico Commonwealth","Santa Isabel Municipio",5,12,215,110,105
050,72,133,"Puerto Rico Commonwealth","Santa Isabel Municipio",5,13,236,108,128
050,72,133,"Puerto Rico Commonwealth","Santa Isabel Municipio",5,14,244,116,128
050,72,133,"Puerto Rico Commonwealth","Santa Isabel Municipio",5,15,245,121,124
050,72,133,"Puerto Rico Commonwealth","Santa Isabel Municipio",5,16,244,120,124
050,72,133,"Puerto Rico Commonwealth","Santa Isabel Municipio",5,17,256,126,130
050,72,133,"Puerto Rico Commonwealth","Santa Isabel Municipio",5,18,271,135,136
050,72,133,"Puerto Rico Commonwealth","Santa Isabel Municipio",5,19,262,130,132
050,72,133,"Puerto Rico Commonwealth","Santa Isabel Municipio",5,20,246,126,120
050,72,133,"Puerto Rico Commonwealth","Santa Isabel Municipio",5,21,256,126,130
050,72,133,"Puerto Rico Commonwealth","Santa Isabel Municipio",5,22,281,141,140
050,72,133,"Puerto Rico Commonwealth","Santa Isabel Municipio",5,23,285,150,135
050,72,133,"Puerto Rico Commonwealth","Santa Isabel Municipio",5,24,289,150,139
050,72,133,"Puerto Rico Commonwealth","Santa Isabel Municipio",5,25,291,149,142
050,72,133,"Puerto Rico Commonwealth","Santa Isabel Municipio",5,26,300,149,151
050,72,133,"Puerto Rico Commonwealth","Santa Isabel Municipio",5,27,306,149,157
050,72,133,"Puerto Rico Commonwealth","Santa Isabel Municipio",5,28,310,150,160
050,72,133,"Puerto Rico Commonwealth","Santa Isabel Municipio",5,29,299,136,163
050,72,133,"Puerto Rico Commonwealth","Santa Isabel Municipio",5,30,302,134,168
050,72,133,"Puerto Rico Commonwealth","Santa Isabel Municipio",5,31,304,142,162
050,72,133,"Puerto Rico Commonwealth","Santa Isabel Municipio",5,32,304,140,164
050,72,133,"Puerto Rico Commonwealth","Santa Isabel Municipio",5,33,292,137,155
050,72,133,"Puerto Rico Commonwealth","Santa Isabel Municipio",5,34,263,120,143
050,72,133,"Puerto Rico Commonwealth","Santa Isabel Municipio",5,35,229,101,128
050,72,133,"Puerto Rico Commonwealth","Santa Isabel Municipio",5,36,223,96,127
050,72,133,"Puerto Rico Commonwealth","Santa Isabel Municipio",5,37,212,94,118
050,72,133,"Puerto Rico Commonwealth","Santa Isabel Municipio",5,38,221,101,120
050,72,133,"Puerto Rico Commonwealth","Santa Isabel Municipio",5,39,224,106,118
050,72,133,"Puerto Rico Commonwealth","Santa Isabel Municipio",5,40,234,113,121
050,72,133,"Puerto Rico Commonwealth","Santa Isabel Municipio",5,41,258,117,141
050,72,133,"Puerto Rico Commonwealth","Santa Isabel Municipio",5,42,284,127,157
050,72,133,"Puerto Rico Commonwealth","Santa Isabel Municipio",5,43,301,136,165
050,72,133,"Puerto Rico Commonwealth","Santa Isabel Municipio",5,44,300,137,163
050,72,133,"Puerto Rico Commonwealth","Santa Isabel Municipio",5,45,308,146,162
050,72,133,"Puerto Rico Commonwealth","Santa Isabel Municipio",5,46,327,155,172
050,72,133,"Puerto Rico Commonwealth","Santa Isabel Municipio",5,47,320,152,168
050,72,133,"Puerto Rico Commonwealth","Santa Isabel Municipio",5,48,308,141,167
050,72,133,"Puerto Rico Commonwealth","Santa Isabel Municipio",5,49,308,145,163
050,72,133,"Puerto Rico Commonwealth","Santa Isabel Municipio",5,50,304,148,156
050,72,133,"Puerto Rico Commonwealth","Santa Isabel Municipio",5,51,319,162,157
050,72,133,"Puerto Rico Commonwealth","Santa Isabel Municipio",5,52,318,165,153
050,72,133,"Puerto Rico Commonwealth","Santa Isabel Municipio",5,53,302,155,147
050,72,133,"Puerto Rico Commonwealth","Santa Isabel Municipio",5,54,272,138,134
050,72,133,"Puerto Rico Commonwealth","Santa Isabel Municipio",5,55,247,118,129
050,72,133,"Puerto Rico Commonwealth","Santa Isabel Municipio",5,56,242,110,132
050,72,133,"Puerto Rico Commonwealth","Santa Isabel Municipio",5,57,254,118,136
050,72,133,"Puerto Rico Commonwealth","Santa Isabel Municipio",5,58,255,127,128
050,72,133,"Puerto Rico Commonwealth","Santa Isabel Municipio",5,59,242,122,120
050,72,133,"Puerto Rico Commonwealth","Santa Isabel Municipio",5,60,231,111,120
050,72,133,"Puerto Rico Commonwealth","Santa Isabel Municipio",5,61,227,110,117
050,72,133,"Puerto Rico Commonwealth","Santa Isabel Municipio",5,62,228,112,116
050,72,133,"Puerto Rico Commonwealth","Santa Isabel Municipio",5,63,218,107,111
050,72,133,"Puerto Rico Commonwealth","Santa Isabel Municipio",5,64,208,105,103
050,72,133,"Puerto Rico Commonwealth","Santa Isabel Municipio",5,65,212,104,108
050,72,133,"Puerto Rico Commonwealth","Santa Isabel Municipio",5,66,211,100,111
050,72,133,"Puerto Rico Commonwealth","Santa Isabel Municipio",5,67,199,94,105
050,72,133,"Puerto Rico Commonwealth","Santa Isabel Municipio",5,68,198,94,104
050,72,133,"Puerto Rico Commonwealth","Santa Isabel Municipio",5,69,175,83,92
050,72,133,"Puerto Rico Commonwealth","Santa Isabel Municipio",5,70,173,89,84
050,72,133,"Puerto Rico Commonwealth","Santa Isabel Municipio",5,71,182,84,98
050,72,133,"Puerto Rico Commonwealth","Santa Isabel Municipio",5,72,179,82,97
050,72,133,"Puerto Rico Commonwealth","Santa Isabel Municipio",5,73,179,88,91
050,72,133,"Puerto Rico Commonwealth","Santa Isabel Municipio",5,74,168,76,92
050,72,133,"Puerto Rico Commonwealth","Santa Isabel Municipio",5,75,180,81,99
050,72,133,"Puerto Rico Commonwealth","Santa Isabel Municipio",5,76,175,78,97
050,72,133,"Puerto Rico Commonwealth","Santa Isabel Municipio",5,77,165,79,86
050,72,133,"Puerto Rico Commonwealth","Santa Isabel Municipio",5,78,145,58,87
050,72,133,"Puerto Rico Commonwealth","Santa Isabel Municipio",5,79,125,55,70
050,72,133,"Puerto Rico Commonwealth","Santa Isabel Municipio",5,80,118,53,65
050,72,133,"Puerto Rico Commonwealth","Santa Isabel Municipio",5,81,100,47,53
050,72,133,"Puerto Rico Commonwealth","Santa Isabel Municipio",5,82,93,42,51
050,72,133,"Puerto Rico Commonwealth","Santa Isabel Municipio",5,83,89,41,48
050,72,133,"Puerto Rico Commonwealth","Santa Isabel Municipio",5,84,77,32,45
050,72,133,"Puerto Rico Commonwealth","Santa Isabel Municipio",5,85,424,169,255
050,72,135,"Puerto Rico Commonwealth","Toa Alta Municipio",1,0,346,165,181
050,72,135,"Puerto Rico Commonwealth","Toa Alta Municipio",1,1,402,207,195
050,72,135,"Puerto Rico Commonwealth","Toa Alta Municipio",1,2,407,203,204
050,72,135,"Puerto Rico Commonwealth","Toa Alta Municipio",1,3,458,240,218
050,72,135,"Puerto Rico Commonwealth","Toa Alta Municipio",1,4,541,289,252
050,72,135,"Puerto Rico Commonwealth","Toa Alta Municipio",1,5,593,313,280
050,72,135,"Puerto Rico Commonwealth","Toa Alta Municipio",1,6,630,327,303
050,72,135,"Puerto Rico Commonwealth","Toa Alta Municipio",1,7,661,336,325
050,72,135,"Puerto Rico Commonwealth","Toa Alta Municipio",1,8,694,352,342
050,72,135,"Puerto Rico Commonwealth","Toa Alta Municipio",1,9,746,368,378
050,72,135,"Puerto Rico Commonwealth","Toa Alta Municipio",1,10,813,409,404
050,72,135,"Puerto Rico Commonwealth","Toa Alta Municipio",1,11,803,405,398
050,72,135,"Puerto Rico Commonwealth","Toa Alta Municipio",1,12,795,395,400
050,72,135,"Puerto Rico Commonwealth","Toa Alta Municipio",1,13,827,404,423
050,72,135,"Puerto Rico Commonwealth","Toa Alta Municipio",1,14,834,413,421
050,72,135,"Puerto Rico Commonwealth","Toa Alta Municipio",1,15,876,447,429
050,72,135,"Puerto Rico Commonwealth","Toa Alta Municipio",1,16,853,437,416
050,72,135,"Puerto Rico Commonwealth","Toa Alta Municipio",1,17,858,432,426
050,72,135,"Puerto Rico Commonwealth","Toa Alta Municipio",1,18,908,475,433
050,72,135,"Puerto Rico Commonwealth","Toa Alta Municipio",1,19,961,503,458
050,72,135,"Puerto Rico Commonwealth","Toa Alta Municipio",1,20,984,506,478
050,72,135,"Puerto Rico Commonwealth","Toa Alta Municipio",1,21,947,468,479
050,72,135,"Puerto Rico Commonwealth","Toa Alta Municipio",1,22,977,474,503
050,72,135,"Puerto Rico Commonwealth","Toa Alta Municipio",1,23,994,482,512
050,72,135,"Puerto Rico Commonwealth","Toa Alta Municipio",1,24,997,502,495
050,72,135,"Puerto Rico Commonwealth","Toa Alta Municipio",1,25,1009,499,510
050,72,135,"Puerto Rico Commonwealth","Toa Alta Municipio",1,26,1057,503,554
050,72,135,"Puerto Rico Commonwealth","Toa Alta Municipio",1,27,1023,476,547
050,72,135,"Puerto Rico Commonwealth","Toa Alta Municipio",1,28,1018,491,527
050,72,135,"Puerto Rico Commonwealth","Toa Alta Municipio",1,29,1069,533,536
050,72,135,"Puerto Rico Commonwealth","Toa Alta Municipio",1,30,1040,512,528
050,72,135,"Puerto Rico Commonwealth","Toa Alta Municipio",1,31,964,473,491
050,72,135,"Puerto Rico Commonwealth","Toa Alta Municipio",1,32,901,441,460
050,72,135,"Puerto Rico Commonwealth","Toa Alta Municipio",1,33,830,412,418
050,72,135,"Puerto Rico Commonwealth","Toa Alta Municipio",1,34,809,397,412
050,72,135,"Puerto Rico Commonwealth","Toa Alta Municipio",1,35,791,384,407
050,72,135,"Puerto Rico Commonwealth","Toa Alta Municipio",1,36,766,375,391
050,72,135,"Puerto Rico Commonwealth","Toa Alta Municipio",1,37,777,374,403
050,72,135,"Puerto Rico Commonwealth","Toa Alta Municipio",1,38,836,377,459
050,72,135,"Puerto Rico Commonwealth","Toa Alta Municipio",1,39,902,420,482
050,72,135,"Puerto Rico Commonwealth","Toa Alta Municipio",1,40,939,452,487
050,72,135,"Puerto Rico Commonwealth","Toa Alta Municipio",1,41,913,433,480
050,72,135,"Puerto Rico Commonwealth","Toa Alta Municipio",1,42,935,447,488
050,72,135,"Puerto Rico Commonwealth","Toa Alta Municipio",1,43,952,456,496
050,72,135,"Puerto Rico Commonwealth","Toa Alta Municipio",1,44,943,440,503
050,72,135,"Puerto Rico Commonwealth","Toa Alta Municipio",1,45,948,434,514
050,72,135,"Puerto Rico Commonwealth","Toa Alta Municipio",1,46,923,430,493
050,72,135,"Puerto Rico Commonwealth","Toa Alta Municipio",1,47,924,441,483
050,72,135,"Puerto Rico Commonwealth","Toa Alta Municipio",1,48,971,479,492
050,72,135,"Puerto Rico Commonwealth","Toa Alta Municipio",1,49,1023,486,537
050,72,135,"Puerto Rico Commonwealth","Toa Alta Municipio",1,50,1036,474,562
050,72,135,"Puerto Rico Commonwealth","Toa Alta Municipio",1,51,969,446,523
050,72,135,"Puerto Rico Commonwealth","Toa Alta Municipio",1,52,923,445,478
050,72,135,"Puerto Rico Commonwealth","Toa Alta Municipio",1,53,950,452,498
050,72,135,"Puerto Rico Commonwealth","Toa Alta Municipio",1,54,1029,479,550
050,72,135,"Puerto Rico Commonwealth","Toa Alta Municipio",1,55,1043,485,558
050,72,135,"Puerto Rico Commonwealth","Toa Alta Municipio",1,56,1024,477,547
050,72,135,"Puerto Rico Commonwealth","Toa Alta Municipio",1,57,961,435,526
050,72,135,"Puerto Rico Commonwealth","Toa Alta Municipio",1,58,969,432,537
050,72,135,"Puerto Rico Commonwealth","Toa Alta Municipio",1,59,967,428,539
050,72,135,"Puerto Rico Commonwealth","Toa Alta Municipio",1,60,924,426,498
050,72,135,"Puerto Rico Commonwealth","Toa Alta Municipio",1,61,870,399,471
050,72,135,"Puerto Rico Commonwealth","Toa Alta Municipio",1,62,846,398,448
050,72,135,"Puerto Rico Commonwealth","Toa Alta Municipio",1,63,840,403,437
050,72,135,"Puerto Rico Commonwealth","Toa Alta Municipio",1,64,771,355,416
050,72,135,"Puerto Rico Commonwealth","Toa Alta Municipio",1,65,751,346,405
050,72,135,"Puerto Rico Commonwealth","Toa Alta Municipio",1,66,690,318,372
050,72,135,"Puerto Rico Commonwealth","Toa Alta Municipio",1,67,681,327,354
050,72,135,"Puerto Rico Commonwealth","Toa Alta Municipio",1,68,624,296,328
050,72,135,"Puerto Rico Commonwealth","Toa Alta Municipio",1,69,619,284,335
050,72,135,"Puerto Rico Commonwealth","Toa Alta Municipio",1,70,587,269,318
050,72,135,"Puerto Rico Commonwealth","Toa Alta Municipio",1,71,556,273,283
050,72,135,"Puerto Rico Commonwealth","Toa Alta Municipio",1,72,552,259,293
050,72,135,"Puerto Rico Commonwealth","Toa Alta Municipio",1,73,538,236,302
050,72,135,"Puerto Rico Commonwealth","Toa Alta Municipio",1,74,488,229,259
050,72,135,"Puerto Rico Commonwealth","Toa Alta Municipio",1,75,431,194,237
050,72,135,"Puerto Rico Commonwealth","Toa Alta Municipio",1,76,411,171,240
050,72,135,"Puerto Rico Commonwealth","Toa Alta Municipio",1,77,405,172,233
050,72,135,"Puerto Rico Commonwealth","Toa Alta Municipio",1,78,416,178,238
050,72,135,"Puerto Rico Commonwealth","Toa Alta Municipio",1,79,332,145,187
050,72,135,"Puerto Rico Commonwealth","Toa Alta Municipio",1,80,324,134,190
050,72,135,"Puerto Rico Commonwealth","Toa Alta Municipio",1,81,286,126,160
050,72,135,"Puerto Rico Commonwealth","Toa Alta Municipio",1,82,278,129,149
050,72,135,"Puerto Rico Commonwealth","Toa Alta Municipio",1,83,259,118,141
050,72,135,"Puerto Rico Commonwealth","Toa Alta Municipio",1,84,216,97,119
050,72,135,"Puerto Rico Commonwealth","Toa Alta Municipio",1,85,1118,416,702
050,72,135,"Puerto Rico Commonwealth","Toa Alta Municipio",2,0,344,160,184
050,72,135,"Puerto Rico Commonwealth","Toa Alta Municipio",2,1,387,196,191
050,72,135,"Puerto Rico Commonwealth","Toa Alta Municipio",2,2,406,204,202
050,72,135,"Puerto Rico Commonwealth","Toa Alta Municipio",2,3,446,231,215
050,72,135,"Puerto Rico Commonwealth","Toa Alta Municipio",2,4,520,277,243
050,72,135,"Puerto Rico Commonwealth","Toa Alta Municipio",2,5,580,307,273
050,72,135,"Puerto Rico Commonwealth","Toa Alta Municipio",2,6,621,323,298
050,72,135,"Puerto Rico Commonwealth","Toa Alta Municipio",2,7,653,334,319
050,72,135,"Puerto Rico Commonwealth","Toa Alta Municipio",2,8,686,348,338
050,72,135,"Puerto Rico Commonwealth","Toa Alta Municipio",2,9,733,364,369
050,72,135,"Puerto Rico Commonwealth","Toa Alta Municipio",2,10,796,399,397
050,72,135,"Puerto Rico Commonwealth","Toa Alta Municipio",2,11,805,405,400
050,72,135,"Puerto Rico Commonwealth","Toa Alta Municipio",2,12,796,397,399
050,72,135,"Puerto Rico Commonwealth","Toa Alta Municipio",2,13,818,400,418
050,72,135,"Puerto Rico Commonwealth","Toa Alta Municipio",2,14,830,410,420
050,72,135,"Puerto Rico Commonwealth","Toa Alta Municipio",2,15,864,438,426
050,72,135,"Puerto Rico Commonwealth","Toa Alta Municipio",2,16,855,437,418
050,72,135,"Puerto Rico Commonwealth","Toa Alta Municipio",2,17,855,432,423
050,72,135,"Puerto Rico Commonwealth","Toa Alta Municipio",2,18,894,464,430
050,72,135,"Puerto Rico Commonwealth","Toa Alta Municipio",2,19,947,495,452
050,72,135,"Puerto Rico Commonwealth","Toa Alta Municipio",2,20,978,505,473
050,72,135,"Puerto Rico Commonwealth","Toa Alta Municipio",2,21,956,477,479
050,72,135,"Puerto Rico Commonwealth","Toa Alta Municipio",2,22,970,473,497
050,72,135,"Puerto Rico Commonwealth","Toa Alta Municipio",2,23,990,480,510
050,72,135,"Puerto Rico Commonwealth","Toa Alta Municipio",2,24,998,497,501
050,72,135,"Puerto Rico Commonwealth","Toa Alta Municipio",2,25,1008,501,507
050,72,135,"Puerto Rico Commonwealth","Toa Alta Municipio",2,26,1047,503,544
050,72,135,"Puerto Rico Commonwealth","Toa Alta Municipio",2,27,1034,483,551
050,72,135,"Puerto Rico Commonwealth","Toa Alta Municipio",2,28,1023,489,534
050,72,135,"Puerto Rico Commonwealth","Toa Alta Municipio",2,29,1058,523,535
050,72,135,"Puerto Rico Commonwealth","Toa Alta Municipio",2,30,1049,518,531
050,72,135,"Puerto Rico Commonwealth","Toa Alta Municipio",2,31,986,484,502
050,72,135,"Puerto Rico Commonwealth","Toa Alta Municipio",2,32,917,449,468
050,72,135,"Puerto Rico Commonwealth","Toa Alta Municipio",2,33,850,420,430
050,72,135,"Puerto Rico Commonwealth","Toa Alta Municipio",2,34,813,400,413
050,72,135,"Puerto Rico Commonwealth","Toa Alta Municipio",2,35,796,387,409
050,72,135,"Puerto Rico Commonwealth","Toa Alta Municipio",2,36,771,377,394
050,72,135,"Puerto Rico Commonwealth","Toa Alta Municipio",2,37,775,375,400
050,72,135,"Puerto Rico Commonwealth","Toa Alta Municipio",2,38,822,376,446
050,72,135,"Puerto Rico Commonwealth","Toa Alta Municipio",2,39,884,408,476
050,72,135,"Puerto Rico Commonwealth","Toa Alta Municipio",2,40,930,444,486
050,72,135,"Puerto Rico Commonwealth","Toa Alta Municipio",2,41,919,438,481
050,72,135,"Puerto Rico Commonwealth","Toa Alta Municipio",2,42,930,444,486
050,72,135,"Puerto Rico Commonwealth","Toa Alta Municipio",2,43,947,453,494
050,72,135,"Puerto Rico Commonwealth","Toa Alta Municipio",2,44,946,444,502
050,72,135,"Puerto Rico Commonwealth","Toa Alta Municipio",2,45,947,436,511
050,72,135,"Puerto Rico Commonwealth","Toa Alta Municipio",2,46,928,430,498
050,72,135,"Puerto Rico Commonwealth","Toa Alta Municipio",2,47,923,437,486
050,72,135,"Puerto Rico Commonwealth","Toa Alta Municipio",2,48,958,470,488
050,72,135,"Puerto Rico Commonwealth","Toa Alta Municipio",2,49,1008,483,525
050,72,135,"Puerto Rico Commonwealth","Toa Alta Municipio",2,50,1031,476,555
050,72,135,"Puerto Rico Commonwealth","Toa Alta Municipio",2,51,984,452,532
050,72,135,"Puerto Rico Commonwealth","Toa Alta Municipio",2,52,932,444,488
050,72,135,"Puerto Rico Commonwealth","Toa Alta Municipio",2,53,941,449,492
050,72,135,"Puerto Rico Commonwealth","Toa Alta Municipio",2,54,1008,472,536
050,72,135,"Puerto Rico Commonwealth","Toa Alta Municipio",2,55,1037,482,555
050,72,135,"Puerto Rico Commonwealth","Toa Alta Municipio",2,56,1025,477,548
050,72,135,"Puerto Rico Commonwealth","Toa Alta Municipio",2,57,975,446,529
050,72,135,"Puerto Rico Commonwealth","Toa Alta Municipio",2,58,964,432,532
050,72,135,"Puerto Rico Commonwealth","Toa Alta Municipio",2,59,966,428,538
050,72,135,"Puerto Rico Commonwealth","Toa Alta Municipio",2,60,933,426,507
050,72,135,"Puerto Rico Commonwealth","Toa Alta Municipio",2,61,881,406,475
050,72,135,"Puerto Rico Commonwealth","Toa Alta Municipio",2,62,851,398,453
050,72,135,"Puerto Rico Commonwealth","Toa Alta Municipio",2,63,841,401,440
050,72,135,"Puerto Rico Commonwealth","Toa Alta Municipio",2,64,788,367,421
050,72,135,"Puerto Rico Commonwealth","Toa Alta Municipio",2,65,753,346,407
050,72,135,"Puerto Rico Commonwealth","Toa Alta Municipio",2,66,703,324,379
050,72,135,"Puerto Rico Commonwealth","Toa Alta Municipio",2,67,683,324,359
050,72,135,"Puerto Rico Commonwealth","Toa Alta Municipio",2,68,637,304,333
050,72,135,"Puerto Rico Commonwealth","Toa Alta Municipio",2,69,619,286,333
050,72,135,"Puerto Rico Commonwealth","Toa Alta Municipio",2,70,596,273,323
050,72,135,"Puerto Rico Commonwealth","Toa Alta Municipio",2,71,561,270,291
050,72,135,"Puerto Rico Commonwealth","Toa Alta Municipio",2,72,552,261,291
050,72,135,"Puerto Rico Commonwealth","Toa Alta Municipio",2,73,540,241,299
050,72,135,"Puerto Rico Commonwealth","Toa Alta Municipio",2,74,497,230,267
050,72,135,"Puerto Rico Commonwealth","Toa Alta Municipio",2,75,444,203,241
050,72,135,"Puerto Rico Commonwealth","Toa Alta Municipio",2,76,412,174,238
050,72,135,"Puerto Rico Commonwealth","Toa Alta Municipio",2,77,406,172,234
050,72,135,"Puerto Rico Commonwealth","Toa Alta Municipio",2,78,411,175,236
050,72,135,"Puerto Rico Commonwealth","Toa Alta Municipio",2,79,350,152,198
050,72,135,"Puerto Rico Commonwealth","Toa Alta Municipio",2,80,322,134,188
050,72,135,"Puerto Rico Commonwealth","Toa Alta Municipio",2,81,294,128,166
050,72,135,"Puerto Rico Commonwealth","Toa Alta Municipio",2,82,277,125,152
050,72,135,"Puerto Rico Commonwealth","Toa Alta Municipio",2,83,262,119,143
050,72,135,"Puerto Rico Commonwealth","Toa Alta Municipio",2,84,222,100,122
050,72,135,"Puerto Rico Commonwealth","Toa Alta Municipio",2,85,1147,433,714
050,72,135,"Puerto Rico Commonwealth","Toa Alta Municipio",3,0,358,184,174
050,72,135,"Puerto Rico Commonwealth","Toa Alta Municipio",3,1,349,162,187
050,72,135,"Puerto Rico Commonwealth","Toa Alta Municipio",3,2,390,198,192
050,72,135,"Puerto Rico Commonwealth","Toa Alta Municipio",3,3,409,205,204
050,72,135,"Puerto Rico Commonwealth","Toa Alta Municipio",3,4,450,233,217
050,72,135,"Puerto Rico Commonwealth","Toa Alta Municipio",3,5,523,279,244
050,72,135,"Puerto Rico Commonwealth","Toa Alta Municipio",3,6,582,308,274
050,72,135,"Puerto Rico Commonwealth","Toa Alta Municipio",3,7,623,324,299
050,72,135,"Puerto Rico Commonwealth","Toa Alta Municipio",3,8,654,334,320
050,72,135,"Puerto Rico Commonwealth","Toa Alta Municipio",3,9,686,348,338
050,72,135,"Puerto Rico Commonwealth","Toa Alta Municipio",3,10,731,363,368
050,72,135,"Puerto Rico Commonwealth","Toa Alta Municipio",3,11,792,397,395
050,72,135,"Puerto Rico Commonwealth","Toa Alta Municipio",3,12,802,403,399
050,72,135,"Puerto Rico Commonwealth","Toa Alta Municipio",3,13,791,394,397
050,72,135,"Puerto Rico Commonwealth","Toa Alta Municipio",3,14,813,397,416
050,72,135,"Puerto Rico Commonwealth","Toa Alta Municipio",3,15,823,405,418
050,72,135,"Puerto Rico Commonwealth","Toa Alta Municipio",3,16,858,435,423
050,72,135,"Puerto Rico Commonwealth","Toa Alta Municipio",3,17,846,432,414
050,72,135,"Puerto Rico Commonwealth","Toa Alta Municipio",3,18,839,423,416
050,72,135,"Puerto Rico Commonwealth","Toa Alta Municipio",3,19,877,454,423
050,72,135,"Puerto Rico Commonwealth","Toa Alta Municipio",3,20,946,492,454
050,72,135,"Puerto Rico Commonwealth","Toa Alta Municipio",3,21,979,506,473
050,72,135,"Puerto Rico Commonwealth","Toa Alta Municipio",3,22,961,478,483
050,72,135,"Puerto Rico Commonwealth","Toa Alta Municipio",3,23,981,477,504
050,72,135,"Puerto Rico Commonwealth","Toa Alta Municipio",3,24,1002,484,518
050,72,135,"Puerto Rico Commonwealth","Toa Alta Municipio",3,25,1016,506,510
050,72,135,"Puerto Rico Commonwealth","Toa Alta Municipio",3,26,1019,507,512
050,72,135,"Puerto Rico Commonwealth","Toa Alta Municipio",3,27,1066,514,552
050,72,135,"Puerto Rico Commonwealth","Toa Alta Municipio",3,28,1046,489,557
050,72,135,"Puerto Rico Commonwealth","Toa Alta Municipio",3,29,1039,498,541
050,72,135,"Puerto Rico Commonwealth","Toa Alta Municipio",3,30,1073,533,540
050,72,135,"Puerto Rico Commonwealth","Toa Alta Municipio",3,31,1056,519,537
050,72,135,"Puerto Rico Commonwealth","Toa Alta Municipio",3,32,996,489,507
050,72,135,"Puerto Rico Commonwealth","Toa Alta Municipio",3,33,927,455,472
050,72,135,"Puerto Rico Commonwealth","Toa Alta Municipio",3,34,856,423,433
050,72,135,"Puerto Rico Commonwealth","Toa Alta Municipio",3,35,820,405,415
050,72,135,"Puerto Rico Commonwealth","Toa Alta Municipio",3,36,799,388,411
050,72,135,"Puerto Rico Commonwealth","Toa Alta Municipio",3,37,774,380,394
050,72,135,"Puerto Rico Commonwealth","Toa Alta Municipio",3,38,771,372,399
050,72,135,"Puerto Rico Commonwealth","Toa Alta Municipio",3,39,826,381,445
050,72,135,"Puerto Rico Commonwealth","Toa Alta Municipio",3,40,884,409,475
050,72,135,"Puerto Rico Commonwealth","Toa Alta Municipio",3,41,930,443,487
050,72,135,"Puerto Rico Commonwealth","Toa Alta Municipio",3,42,916,438,478
050,72,135,"Puerto Rico Commonwealth","Toa Alta Municipio",3,43,931,445,486
050,72,135,"Puerto Rico Commonwealth","Toa Alta Municipio",3,44,944,452,492
050,72,135,"Puerto Rico Commonwealth","Toa Alta Municipio",3,45,942,443,499
050,72,135,"Puerto Rico Commonwealth","Toa Alta Municipio",3,46,943,434,509
050,72,135,"Puerto Rico Commonwealth","Toa Alta Municipio",3,47,923,429,494
050,72,135,"Puerto Rico Commonwealth","Toa Alta Municipio",3,48,917,434,483
050,72,135,"Puerto Rico Commonwealth","Toa Alta Municipio",3,49,956,470,486
050,72,135,"Puerto Rico Commonwealth","Toa Alta Municipio",3,50,1017,486,531
050,72,135,"Puerto Rico Commonwealth","Toa Alta Municipio",3,51,1012,464,548
050,72,135,"Puerto Rico Commonwealth","Toa Alta Municipio",3,52,966,448,518
050,72,135,"Puerto Rico Commonwealth","Toa Alta Municipio",3,53,920,435,485
050,72,135,"Puerto Rico Commonwealth","Toa Alta Municipio",3,54,929,443,486
050,72,135,"Puerto Rico Commonwealth","Toa Alta Municipio",3,55,1004,473,531
050,72,135,"Puerto Rico Commonwealth","Toa Alta Municipio",3,56,1019,470,549
050,72,135,"Puerto Rico Commonwealth","Toa Alta Municipio",3,57,1027,481,546
050,72,135,"Puerto Rico Commonwealth","Toa Alta Municipio",3,58,967,442,525
050,72,135,"Puerto Rico Commonwealth","Toa Alta Municipio",3,59,946,420,526
050,72,135,"Puerto Rico Commonwealth","Toa Alta Municipio",3,60,951,418,533
050,72,135,"Puerto Rico Commonwealth","Toa Alta Municipio",3,61,925,420,505
050,72,135,"Puerto Rico Commonwealth","Toa Alta Municipio",3,62,875,406,469
050,72,135,"Puerto Rico Commonwealth","Toa Alta Municipio",3,63,850,404,446
050,72,135,"Puerto Rico Commonwealth","Toa Alta Municipio",3,64,808,378,430
050,72,135,"Puerto Rico Commonwealth","Toa Alta Municipio",3,65,806,368,438
050,72,135,"Puerto Rico Commonwealth","Toa Alta Municipio",3,66,711,332,379
050,72,135,"Puerto Rico Commonwealth","Toa Alta Municipio",3,67,695,320,375
050,72,135,"Puerto Rico Commonwealth","Toa Alta Municipio",3,68,675,318,357
050,72,135,"Puerto Rico Commonwealth","Toa Alta Municipio",3,69,624,294,330
050,72,135,"Puerto Rico Commonwealth","Toa Alta Municipio",3,70,604,277,327
050,72,135,"Puerto Rico Commonwealth","Toa Alta Municipio",3,71,596,277,319
050,72,135,"Puerto Rico Commonwealth","Toa Alta Municipio",3,72,536,249,287
050,72,135,"Puerto Rico Commonwealth","Toa Alta Municipio",3,73,551,255,296
050,72,135,"Puerto Rico Commonwealth","Toa Alta Municipio",3,74,522,238,284
050,72,135,"Puerto Rico Commonwealth","Toa Alta Municipio",3,75,474,211,263
050,72,135,"Puerto Rico Commonwealth","Toa Alta Municipio",3,76,451,197,254
050,72,135,"Puerto Rico Commonwealth","Toa Alta Municipio",3,77,389,164,225
050,72,135,"Puerto Rico Commonwealth","Toa Alta Municipio",3,78,413,173,240
050,72,135,"Puerto Rico Commonwealth","Toa Alta Municipio",3,79,366,157,209
050,72,135,"Puerto Rico Commonwealth","Toa Alta Municipio",3,80,343,144,199
050,72,135,"Puerto Rico Commonwealth","Toa Alta Municipio",3,81,310,129,181
050,72,135,"Puerto Rico Commonwealth","Toa Alta Municipio",3,82,313,150,163
050,72,135,"Puerto Rico Commonwealth","Toa Alta Municipio",3,83,251,111,140
050,72,135,"Puerto Rico Commonwealth","Toa Alta Municipio",3,84,221,102,119
050,72,135,"Puerto Rico Commonwealth","Toa Alta Municipio",3,85,1207,456,751
050,72,135,"Puerto Rico Commonwealth","Toa Alta Municipio",4,0,403,214,189
050,72,135,"Puerto Rico Commonwealth","Toa Alta Municipio",4,1,356,182,174
050,72,135,"Puerto Rico Commonwealth","Toa Alta Municipio",4,2,346,161,185
050,72,135,"Puerto Rico Commonwealth","Toa Alta Municipio",4,3,386,196,190
050,72,135,"Puerto Rico Commonwealth","Toa Alta Municipio",4,4,405,203,202
050,72,135,"Puerto Rico Commonwealth","Toa Alta Municipio",4,5,446,231,215
050,72,135,"Puerto Rico Commonwealth","Toa Alta Municipio",4,6,518,276,242
050,72,135,"Puerto Rico Commonwealth","Toa Alta Municipio",4,7,576,305,271
050,72,135,"Puerto Rico Commonwealth","Toa Alta Municipio",4,8,616,320,296
050,72,135,"Puerto Rico Commonwealth","Toa Alta Municipio",4,9,646,330,316
050,72,135,"Puerto Rico Commonwealth","Toa Alta Municipio",4,10,676,343,333
050,72,135,"Puerto Rico Commonwealth","Toa Alta Municipio",4,11,718,356,362
050,72,135,"Puerto Rico Commonwealth","Toa Alta Municipio",4,12,779,390,389
050,72,135,"Puerto Rico Commonwealth","Toa Alta Municipio",4,13,789,395,394
050,72,135,"Puerto Rico Commonwealth","Toa Alta Municipio",4,14,777,386,391
050,72,135,"Puerto Rico Commonwealth","Toa Alta Municipio",4,15,797,387,410
050,72,135,"Puerto Rico Commonwealth","Toa Alta Municipio",4,16,808,397,411
050,72,135,"Puerto Rico Commonwealth","Toa Alta Municipio",4,17,839,424,415
050,72,135,"Puerto Rico Commonwealth","Toa Alta Municipio",4,18,819,417,402
050,72,135,"Puerto Rico Commonwealth","Toa Alta Municipio",4,19,812,409,403
050,72,135,"Puerto Rico Commonwealth","Toa Alta Municipio",4,20,863,444,419
050,72,135,"Puerto Rico Commonwealth","Toa Alta Municipio",4,21,934,486,448
050,72,135,"Puerto Rico Commonwealth","Toa Alta Municipio",4,22,969,498,471
050,72,135,"Puerto Rico Commonwealth","Toa Alta Municipio",4,23,958,474,484
050,72,135,"Puerto Rico Commonwealth","Toa Alta Municipio",4,24,981,475,506
050,72,135,"Puerto Rico Commonwealth","Toa Alta Municipio",4,25,1005,484,521
050,72,135,"Puerto Rico Commonwealth","Toa Alta Municipio",4,26,1016,505,511
050,72,135,"Puerto Rico Commonwealth","Toa Alta Municipio",4,27,1021,507,514
050,72,135,"Puerto Rico Commonwealth","Toa Alta Municipio",4,28,1064,512,552
050,72,135,"Puerto Rico Commonwealth","Toa Alta Municipio",4,29,1046,488,558
050,72,135,"Puerto Rico Commonwealth","Toa Alta Municipio",4,30,1037,496,541
050,72,135,"Puerto Rico Commonwealth","Toa Alta Municipio",4,31,1066,525,541
050,72,135,"Puerto Rico Commonwealth","Toa Alta Municipio",4,32,1052,516,536
050,72,135,"Puerto Rico Commonwealth","Toa Alta Municipio",4,33,989,485,504
050,72,135,"Puerto Rico Commonwealth","Toa Alta Municipio",4,34,919,449,470
050,72,135,"Puerto Rico Commonwealth","Toa Alta Municipio",4,35,851,421,430
050,72,135,"Puerto Rico Commonwealth","Toa Alta Municipio",4,36,810,398,412
050,72,135,"Puerto Rico Commonwealth","Toa Alta Municipio",4,37,789,383,406
050,72,135,"Puerto Rico Commonwealth","Toa Alta Municipio",4,38,760,370,390
050,72,135,"Puerto Rico Commonwealth","Toa Alta Municipio",4,39,766,372,394
050,72,135,"Puerto Rico Commonwealth","Toa Alta Municipio",4,40,811,372,439
050,72,135,"Puerto Rico Commonwealth","Toa Alta Municipio",4,41,876,404,472
050,72,135,"Puerto Rico Commonwealth","Toa Alta Municipio",4,42,921,439,482
050,72,135,"Puerto Rico Commonwealth","Toa Alta Municipio",4,43,904,431,473
050,72,135,"Puerto Rico Commonwealth","Toa Alta Municipio",4,44,919,439,480
050,72,135,"Puerto Rico Commonwealth","Toa Alta Municipio",4,45,929,444,485
050,72,135,"Puerto Rico Commonwealth","Toa Alta Municipio",4,46,931,437,494
050,72,135,"Puerto Rico Commonwealth","Toa Alta Municipio",4,47,929,427,502
050,72,135,"Puerto Rico Commonwealth","Toa Alta Municipio",4,48,911,422,489
050,72,135,"Puerto Rico Commonwealth","Toa Alta Municipio",4,49,910,432,478
050,72,135,"Puerto Rico Commonwealth","Toa Alta Municipio",4,50,956,467,489
050,72,135,"Puerto Rico Commonwealth","Toa Alta Municipio",4,51,995,474,521
050,72,135,"Puerto Rico Commonwealth","Toa Alta Municipio",4,52,989,457,532
050,72,135,"Puerto Rico Commonwealth","Toa Alta Municipio",4,53,953,442,511
050,72,135,"Puerto Rico Commonwealth","Toa Alta Municipio",4,54,907,426,481
050,72,135,"Puerto Rico Commonwealth","Toa Alta Municipio",4,55,921,441,480
050,72,135,"Puerto Rico Commonwealth","Toa Alta Municipio",4,56,984,460,524
050,72,135,"Puerto Rico Commonwealth","Toa Alta Municipio",4,57,1016,472,544
050,72,135,"Puerto Rico Commonwealth","Toa Alta Municipio",4,58,1015,476,539
050,72,135,"Puerto Rico Commonwealth","Toa Alta Municipio",4,59,945,427,518
050,72,135,"Puerto Rico Commonwealth","Toa Alta Municipio",4,60,936,414,522
050,72,135,"Puerto Rico Commonwealth","Toa Alta Municipio",4,61,942,413,529
050,72,135,"Puerto Rico Commonwealth","Toa Alta Municipio",4,62,917,419,498
050,72,135,"Puerto Rico Commonwealth","Toa Alta Municipio",4,63,869,409,460
050,72,135,"Puerto Rico Commonwealth","Toa Alta Municipio",4,64,819,382,437
050,72,135,"Puerto Rico Commonwealth","Toa Alta Municipio",4,65,825,382,443
050,72,135,"Puerto Rico Commonwealth","Toa Alta Municipio",4,66,764,354,410
050,72,135,"Puerto Rico Commonwealth","Toa Alta Municipio",4,67,701,325,376
050,72,135,"Puerto Rico Commonwealth","Toa Alta Municipio",4,68,676,312,364
050,72,135,"Puerto Rico Commonwealth","Toa Alta Municipio",4,69,659,309,350
050,72,135,"Puerto Rico Commonwealth","Toa Alta Municipio",4,70,606,284,322
050,72,135,"Puerto Rico Commonwealth","Toa Alta Municipio",4,71,601,279,322
050,72,135,"Puerto Rico Commonwealth","Toa Alta Municipio",4,72,571,259,312
050,72,135,"Puerto Rico Commonwealth","Toa Alta Municipio",4,73,533,241,292
050,72,135,"Puerto Rico Commonwealth","Toa Alta Municipio",4,74,531,251,280
050,72,135,"Puerto Rico Commonwealth","Toa Alta Municipio",4,75,501,222,279
050,72,135,"Puerto Rico Commonwealth","Toa Alta Municipio",4,76,473,198,275
050,72,135,"Puerto Rico Commonwealth","Toa Alta Municipio",4,77,430,189,241
050,72,135,"Puerto Rico Commonwealth","Toa Alta Municipio",4,78,400,166,234
050,72,135,"Puerto Rico Commonwealth","Toa Alta Municipio",4,79,367,156,211
050,72,135,"Puerto Rico Commonwealth","Toa Alta Municipio",4,80,360,149,211
050,72,135,"Puerto Rico Commonwealth","Toa Alta Municipio",4,81,316,133,183
050,72,135,"Puerto Rico Commonwealth","Toa Alta Municipio",4,82,331,150,181
050,72,135,"Puerto Rico Commonwealth","Toa Alta Municipio",4,83,287,133,154
050,72,135,"Puerto Rico Commonwealth","Toa Alta Municipio",4,84,208,92,116
050,72,135,"Puerto Rico Commonwealth","Toa Alta Municipio",4,85,1263,477,786
050,72,135,"Puerto Rico Commonwealth","Toa Alta Municipio",5,0,371,203,168
050,72,135,"Puerto Rico Commonwealth","Toa Alta Municipio",5,1,410,217,193
050,72,135,"Puerto Rico Commonwealth","Toa Alta Municipio",5,2,361,185,176
050,72,135,"Puerto Rico Commonwealth","Toa Alta Municipio",5,3,347,160,187
050,72,135,"Puerto Rico Commonwealth","Toa Alta Municipio",5,4,390,198,192
050,72,135,"Puerto Rico Commonwealth","Toa Alta Municipio",5,5,409,205,204
050,72,135,"Puerto Rico Commonwealth","Toa Alta Municipio",5,6,449,232,217
050,72,135,"Puerto Rico Commonwealth","Toa Alta Municipio",5,7,521,278,243
050,72,135,"Puerto Rico Commonwealth","Toa Alta Municipio",5,8,578,306,272
050,72,135,"Puerto Rico Commonwealth","Toa Alta Municipio",5,9,618,321,297
050,72,135,"Puerto Rico Commonwealth","Toa Alta Municipio",5,10,646,330,316
050,72,135,"Puerto Rico Commonwealth","Toa Alta Municipio",5,11,673,342,331
050,72,135,"Puerto Rico Commonwealth","Toa Alta Municipio",5,12,716,355,361
050,72,135,"Puerto Rico Commonwealth","Toa Alta Municipio",5,13,778,389,389
050,72,135,"Puerto Rico Commonwealth","Toa Alta Municipio",5,14,787,394,393
050,72,135,"Puerto Rico Commonwealth","Toa Alta Municipio",5,15,773,383,390
050,72,135,"Puerto Rico Commonwealth","Toa Alta Municipio",5,16,794,386,408
050,72,135,"Puerto Rico Commonwealth","Toa Alta Municipio",5,17,803,394,409
050,72,135,"Puerto Rico Commonwealth","Toa Alta Municipio",5,18,826,416,410
050,72,135,"Puerto Rico Commonwealth","Toa Alta Municipio",5,19,808,412,396
050,72,135,"Puerto Rico Commonwealth","Toa Alta Municipio",5,20,814,408,406
050,72,135,"Puerto Rico Commonwealth","Toa Alta Municipio",5,21,866,446,420
050,72,135,"Puerto Rico Commonwealth","Toa Alta Municipio",5,22,940,488,452
050,72,135,"Puerto Rico Commonwealth","Toa Alta Municipio",5,23,981,502,479
050,72,135,"Puerto Rico Commonwealth","Toa Alta Municipio",5,24,972,479,493
050,72,135,"Puerto Rico Commonwealth","Toa Alta Municipio",5,25,1000,484,516
050,72,135,"Puerto Rico Commonwealth","Toa Alta Municipio",5,26,1021,491,530
050,72,135,"Puerto Rico Commonwealth","Toa Alta Municipio",5,27,1033,513,520
050,72,135,"Puerto Rico Commonwealth","Toa Alta Municipio",5,28,1034,513,521
050,72,135,"Puerto Rico Commonwealth","Toa Alta Municipio",5,29,1082,521,561
050,72,135,"Puerto Rico Commonwealth","Toa Alta Municipio",5,30,1062,497,565
050,72,135,"Puerto Rico Commonwealth","Toa Alta Municipio",5,31,1046,497,549
050,72,135,"Puerto Rico Commonwealth","Toa Alta Municipio",5,32,1081,533,548
050,72,135,"Puerto Rico Commonwealth","Toa Alta Municipio",5,33,1064,523,541
050,72,135,"Puerto Rico Commonwealth","Toa Alta Municipio",5,34,997,488,509
050,72,135,"Puerto Rico Commonwealth","Toa Alta Municipio",5,35,924,452,472
050,72,135,"Puerto Rico Commonwealth","Toa Alta Municipio",5,36,856,423,433
050,72,135,"Puerto Rico Commonwealth","Toa Alta Municipio",5,37,815,402,413
050,72,135,"Puerto Rico Commonwealth","Toa Alta Municipio",5,38,786,379,407
050,72,135,"Puerto Rico Commonwealth","Toa Alta Municipio",5,39,766,377,389
050,72,135,"Puerto Rico Commonwealth","Toa Alta Municipio",5,40,765,371,394
050,72,135,"Puerto Rico Commonwealth","Toa Alta Municipio",5,41,810,370,440
050,72,135,"Puerto Rico Commonwealth","Toa Alta Municipio",5,42,872,404,468
050,72,135,"Puerto Rico Commonwealth","Toa Alta Municipio",5,43,922,439,483
050,72,135,"Puerto Rico Commonwealth","Toa Alta Municipio",5,44,904,432,472
050,72,135,"Puerto Rico Commonwealth","Toa Alta Municipio",5,45,915,437,478
050,72,135,"Puerto Rico Commonwealth","Toa Alta Municipio",5,46,927,443,484
050,72,135,"Puerto Rico Commonwealth","Toa Alta Municipio",5,47,928,436,492
050,72,135,"Puerto Rico Commonwealth","Toa Alta Municipio",5,48,924,423,501
050,72,135,"Puerto Rico Commonwealth","Toa Alta Municipio",5,49,912,424,488
050,72,135,"Puerto Rico Commonwealth","Toa Alta Municipio",5,50,919,434,485
050,72,135,"Puerto Rico Commonwealth","Toa Alta Municipio",5,51,943,458,485
050,72,135,"Puerto Rico Commonwealth","Toa Alta Municipio",5,52,977,470,507
050,72,135,"Puerto Rico Commonwealth","Toa Alta Municipio",5,53,980,452,528
050,72,135,"Puerto Rico Commonwealth","Toa Alta Municipio",5,54,945,436,509
050,72,135,"Puerto Rico Commonwealth","Toa Alta Municipio",5,55,905,427,478
050,72,135,"Puerto Rico Commonwealth","Toa Alta Municipio",5,56,906,430,476
050,72,135,"Puerto Rico Commonwealth","Toa Alta Municipio",5,57,984,462,522
050,72,135,"Puerto Rico Commonwealth","Toa Alta Municipio",5,58,1005,467,538
050,72,135,"Puerto Rico Commonwealth","Toa Alta Municipio",5,59,996,463,533
050,72,135,"Puerto Rico Commonwealth","Toa Alta Municipio",5,60,937,423,514
050,72,135,"Puerto Rico Commonwealth","Toa Alta Municipio",5,61,926,407,519
050,72,135,"Puerto Rico Commonwealth","Toa Alta Municipio",5,62,940,417,523
050,72,135,"Puerto Rico Commonwealth","Toa Alta Municipio",5,63,916,423,493
050,72,135,"Puerto Rico Commonwealth","Toa Alta Municipio",5,64,840,385,455
050,72,135,"Puerto Rico Commonwealth","Toa Alta Municipio",5,65,829,380,449
050,72,135,"Puerto Rico Commonwealth","Toa Alta Municipio",5,66,787,367,420
050,72,135,"Puerto Rico Commonwealth","Toa Alta Municipio",5,67,753,350,403
050,72,135,"Puerto Rico Commonwealth","Toa Alta Municipio",5,68,693,320,373
050,72,135,"Puerto Rico Commonwealth","Toa Alta Municipio",5,69,663,303,360
050,72,135,"Puerto Rico Commonwealth","Toa Alta Municipio",5,70,646,302,344
050,72,135,"Puerto Rico Commonwealth","Toa Alta Municipio",5,71,602,287,315
050,72,135,"Puerto Rico Commonwealth","Toa Alta Municipio",5,72,580,261,319
050,72,135,"Puerto Rico Commonwealth","Toa Alta Municipio",5,73,564,249,315
050,72,135,"Puerto Rico Commonwealth","Toa Alta Municipio",5,74,513,236,277
050,72,135,"Puerto Rico Commonwealth","Toa Alta Municipio",5,75,501,232,269
050,72,135,"Puerto Rico Commonwealth","Toa Alta Municipio",5,76,506,216,290
050,72,135,"Puerto Rico Commonwealth","Toa Alta Municipio",5,77,449,190,259
050,72,135,"Puerto Rico Commonwealth","Toa Alta Municipio",5,78,436,190,246
050,72,135,"Puerto Rico Commonwealth","Toa Alta Municipio",5,79,354,149,205
050,72,135,"Puerto Rico Commonwealth","Toa Alta Municipio",5,80,357,149,208
050,72,135,"Puerto Rico Commonwealth","Toa Alta Municipio",5,81,342,140,202
050,72,135,"Puerto Rico Commonwealth","Toa Alta Municipio",5,82,341,156,185
050,72,135,"Puerto Rico Commonwealth","Toa Alta Municipio",5,83,310,134,176
050,72,135,"Puerto Rico Commonwealth","Toa Alta Municipio",5,84,247,115,132
050,72,135,"Puerto Rico Commonwealth","Toa Alta Municipio",5,85,1288,492,796
050,72,137,"Puerto Rico Commonwealth","Toa Baja Municipio",1,0,436,228,208
050,72,137,"Puerto Rico Commonwealth","Toa Baja Municipio",1,1,462,236,226
050,72,137,"Puerto Rico Commonwealth","Toa Baja Municipio",1,2,501,254,247
050,72,137,"Puerto Rico Commonwealth","Toa Baja Municipio",1,3,547,281,266
050,72,137,"Puerto Rico Commonwealth","Toa Baja Municipio",1,4,609,318,291
050,72,137,"Puerto Rico Commonwealth","Toa Baja Municipio",1,5,666,343,323
050,72,137,"Puerto Rico Commonwealth","Toa Baja Municipio",1,6,716,372,344
050,72,137,"Puerto Rico Commonwealth","Toa Baja Municipio",1,7,763,378,385
050,72,137,"Puerto Rico Commonwealth","Toa Baja Municipio",1,8,770,404,366
050,72,137,"Puerto Rico Commonwealth","Toa Baja Municipio",1,9,735,381,354
050,72,137,"Puerto Rico Commonwealth","Toa Baja Municipio",1,10,819,417,402
050,72,137,"Puerto Rico Commonwealth","Toa Baja Municipio",1,11,826,407,419
050,72,137,"Puerto Rico Commonwealth","Toa Baja Municipio",1,12,833,409,424
050,72,137,"Puerto Rico Commonwealth","Toa Baja Municipio",1,13,865,421,444
050,72,137,"Puerto Rico Commonwealth","Toa Baja Municipio",1,14,870,427,443
050,72,137,"Puerto Rico Commonwealth","Toa Baja Municipio",1,15,884,436,448
050,72,137,"Puerto Rico Commonwealth","Toa Baja Municipio",1,16,896,456,440
050,72,137,"Puerto Rico Commonwealth","Toa Baja Municipio",1,17,914,458,456
050,72,137,"Puerto Rico Commonwealth","Toa Baja Municipio",1,18,942,454,488
050,72,137,"Puerto Rico Commonwealth","Toa Baja Municipio",1,19,1070,529,541
050,72,137,"Puerto Rico Commonwealth","Toa Baja Municipio",1,20,1099,559,540
050,72,137,"Puerto Rico Commonwealth","Toa Baja Municipio",1,21,1011,539,472
050,72,137,"Puerto Rico Commonwealth","Toa Baja Municipio",1,22,1028,529,499
050,72,137,"Puerto Rico Commonwealth","Toa Baja Municipio",1,23,1013,485,528
050,72,137,"Puerto Rico Commonwealth","Toa Baja Municipio",1,24,1027,490,537
050,72,137,"Puerto Rico Commonwealth","Toa Baja Municipio",1,25,1057,514,543
050,72,137,"Puerto Rico Commonwealth","Toa Baja Municipio",1,26,1055,521,534
050,72,137,"Puerto Rico Commonwealth","Toa Baja Municipio",1,27,1007,493,514
050,72,137,"Puerto Rico Commonwealth","Toa Baja Municipio",1,28,1066,541,525
050,72,137,"Puerto Rico Commonwealth","Toa Baja Municipio",1,29,1082,535,547
050,72,137,"Puerto Rico Commonwealth","Toa Baja Municipio",1,30,1091,516,575
050,72,137,"Puerto Rico Commonwealth","Toa Baja Municipio",1,31,1043,486,557
050,72,137,"Puerto Rico Commonwealth","Toa Baja Municipio",1,32,911,418,493
050,72,137,"Puerto Rico Commonwealth","Toa Baja Municipio",1,33,886,420,466
050,72,137,"Puerto Rico Commonwealth","Toa Baja Municipio",1,34,863,410,453
050,72,137,"Puerto Rico Commonwealth","Toa Baja Municipio",1,35,871,412,459
050,72,137,"Puerto Rico Commonwealth","Toa Baja Municipio",1,36,888,410,478
050,72,137,"Puerto Rico Commonwealth","Toa Baja Municipio",1,37,956,463,493
050,72,137,"Puerto Rico Commonwealth","Toa Baja Municipio",1,38,1023,473,550
050,72,137,"Puerto Rico Commonwealth","Toa Baja Municipio",1,39,1050,484,566
050,72,137,"Puerto Rico Commonwealth","Toa Baja Municipio",1,40,1051,497,554
050,72,137,"Puerto Rico Commonwealth","Toa Baja Municipio",1,41,974,452,522
050,72,137,"Puerto Rico Commonwealth","Toa Baja Municipio",1,42,956,435,521
050,72,137,"Puerto Rico Commonwealth","Toa Baja Municipio",1,43,968,479,489
050,72,137,"Puerto Rico Commonwealth","Toa Baja Municipio",1,44,1003,502,501
050,72,137,"Puerto Rico Commonwealth","Toa Baja Municipio",1,45,976,462,514
050,72,137,"Puerto Rico Commonwealth","Toa Baja Municipio",1,46,933,436,497
050,72,137,"Puerto Rico Commonwealth","Toa Baja Municipio",1,47,900,408,492
050,72,137,"Puerto Rico Commonwealth","Toa Baja Municipio",1,48,919,428,491
050,72,137,"Puerto Rico Commonwealth","Toa Baja Municipio",1,49,987,466,521
050,72,137,"Puerto Rico Commonwealth","Toa Baja Municipio",1,50,978,448,530
050,72,137,"Puerto Rico Commonwealth","Toa Baja Municipio",1,51,944,443,501
050,72,137,"Puerto Rico Commonwealth","Toa Baja Municipio",1,52,909,417,492
050,72,137,"Puerto Rico Commonwealth","Toa Baja Municipio",1,53,917,426,491
050,72,137,"Puerto Rico Commonwealth","Toa Baja Municipio",1,54,954,437,517
050,72,137,"Puerto Rico Commonwealth","Toa Baja Municipio",1,55,987,426,561
050,72,137,"Puerto Rico Commonwealth","Toa Baja Municipio",1,56,1029,445,584
050,72,137,"Puerto Rico Commonwealth","Toa Baja Municipio",1,57,1056,450,606
050,72,137,"Puerto Rico Commonwealth","Toa Baja Municipio",1,58,1034,446,588
050,72,137,"Puerto Rico Commonwealth","Toa Baja Municipio",1,59,1050,432,618
050,72,137,"Puerto Rico Commonwealth","Toa Baja Municipio",1,60,1016,437,579
050,72,137,"Puerto Rico Commonwealth","Toa Baja Municipio",1,61,977,425,552
050,72,137,"Puerto Rico Commonwealth","Toa Baja Municipio",1,62,951,410,541
050,72,137,"Puerto Rico Commonwealth","Toa Baja Municipio",1,63,955,421,534
050,72,137,"Puerto Rico Commonwealth","Toa Baja Municipio",1,64,908,398,510
050,72,137,"Puerto Rico Commonwealth","Toa Baja Municipio",1,65,876,383,493
050,72,137,"Puerto Rico Commonwealth","Toa Baja Municipio",1,66,868,371,497
050,72,137,"Puerto Rico Commonwealth","Toa Baja Municipio",1,67,821,346,475
050,72,137,"Puerto Rico Commonwealth","Toa Baja Municipio",1,68,824,336,488
050,72,137,"Puerto Rico Commonwealth","Toa Baja Municipio",1,69,836,339,497
050,72,137,"Puerto Rico Commonwealth","Toa Baja Municipio",1,70,833,338,495
050,72,137,"Puerto Rico Commonwealth","Toa Baja Municipio",1,71,852,355,497
050,72,137,"Puerto Rico Commonwealth","Toa Baja Municipio",1,72,852,373,479
050,72,137,"Puerto Rico Commonwealth","Toa Baja Municipio",1,73,840,367,473
050,72,137,"Puerto Rico Commonwealth","Toa Baja Municipio",1,74,788,337,451
050,72,137,"Puerto Rico Commonwealth","Toa Baja Municipio",1,75,752,330,422
050,72,137,"Puerto Rico Commonwealth","Toa Baja Municipio",1,76,681,302,379
050,72,137,"Puerto Rico Commonwealth","Toa Baja Municipio",1,77,609,260,349
050,72,137,"Puerto Rico Commonwealth","Toa Baja Municipio",1,78,566,240,326
050,72,137,"Puerto Rico Commonwealth","Toa Baja Municipio",1,79,530,223,307
050,72,137,"Puerto Rico Commonwealth","Toa Baja Municipio",1,80,514,211,303
050,72,137,"Puerto Rico Commonwealth","Toa Baja Municipio",1,81,469,182,287
050,72,137,"Puerto Rico Commonwealth","Toa Baja Municipio",1,82,415,175,240
050,72,137,"Puerto Rico Commonwealth","Toa Baja Municipio",1,83,387,165,222
050,72,137,"Puerto Rico Commonwealth","Toa Baja Municipio",1,84,379,160,219
050,72,137,"Puerto Rico Commonwealth","Toa Baja Municipio",1,85,2118,829,1289
050,72,137,"Puerto Rico Commonwealth","Toa Baja Municipio",2,0,433,229,204
050,72,137,"Puerto Rico Commonwealth","Toa Baja Municipio",2,1,456,234,222
050,72,137,"Puerto Rico Commonwealth","Toa Baja Municipio",2,2,490,249,241
050,72,137,"Puerto Rico Commonwealth","Toa Baja Municipio",2,3,535,273,262
050,72,137,"Puerto Rico Commonwealth","Toa Baja Municipio",2,4,592,308,284
050,72,137,"Puerto Rico Commonwealth","Toa Baja Municipio",2,5,649,335,314
050,72,137,"Puerto Rico Commonwealth","Toa Baja Municipio",2,6,702,364,338
050,72,137,"Puerto Rico Commonwealth","Toa Baja Municipio",2,7,750,376,374
050,72,137,"Puerto Rico Commonwealth","Toa Baja Municipio",2,8,766,396,370
050,72,137,"Puerto Rico Commonwealth","Toa Baja Municipio",2,9,742,386,356
050,72,137,"Puerto Rico Commonwealth","Toa Baja Municipio",2,10,796,407,389
050,72,137,"Puerto Rico Commonwealth","Toa Baja Municipio",2,11,822,408,414
050,72,137,"Puerto Rico Commonwealth","Toa Baja Municipio",2,12,829,408,421
050,72,137,"Puerto Rico Commonwealth","Toa Baja Municipio",2,13,855,417,438
050,72,137,"Puerto Rico Commonwealth","Toa Baja Municipio",2,14,867,424,443
050,72,137,"Puerto Rico Commonwealth","Toa Baja Municipio",2,15,878,433,445
050,72,137,"Puerto Rico Commonwealth","Toa Baja Municipio",2,16,890,450,440
050,72,137,"Puerto Rico Commonwealth","Toa Baja Municipio",2,17,908,457,451
050,72,137,"Puerto Rico Commonwealth","Toa Baja Municipio",2,18,933,454,479
050,72,137,"Puerto Rico Commonwealth","Toa Baja Municipio",2,19,1037,509,528
050,72,137,"Puerto Rico Commonwealth","Toa Baja Municipio",2,20,1091,551,540
050,72,137,"Puerto Rico Commonwealth","Toa Baja Municipio",2,21,1032,543,489
050,72,137,"Puerto Rico Commonwealth","Toa Baja Municipio",2,22,1021,529,492
050,72,137,"Puerto Rico Commonwealth","Toa Baja Municipio",2,23,1015,495,520
050,72,137,"Puerto Rico Commonwealth","Toa Baja Municipio",2,24,1023,488,535
050,72,137,"Puerto Rico Commonwealth","Toa Baja Municipio",2,25,1049,507,542
050,72,137,"Puerto Rico Commonwealth","Toa Baja Municipio",2,26,1053,518,535
050,72,137,"Puerto Rico Commonwealth","Toa Baja Municipio",2,27,1015,497,518
050,72,137,"Puerto Rico Commonwealth","Toa Baja Municipio",2,28,1049,528,521
050,72,137,"Puerto Rico Commonwealth","Toa Baja Municipio",2,29,1076,535,541
050,72,137,"Puerto Rico Commonwealth","Toa Baja Municipio",2,30,1085,518,567
050,72,137,"Puerto Rico Commonwealth","Toa Baja Municipio",2,31,1053,493,560
050,72,137,"Puerto Rico Commonwealth","Toa Baja Municipio",2,32,941,433,508
050,72,137,"Puerto Rico Commonwealth","Toa Baja Municipio",2,33,889,418,471
050,72,137,"Puerto Rico Commonwealth","Toa Baja Municipio",2,34,867,412,455
050,72,137,"Puerto Rico Commonwealth","Toa Baja Municipio",2,35,867,410,457
050,72,137,"Puerto Rico Commonwealth","Toa Baja Municipio",2,36,882,410,472
050,72,137,"Puerto Rico Commonwealth","Toa Baja Municipio",2,37,937,449,488
050,72,137,"Puerto Rico Commonwealth","Toa Baja Municipio",2,38,1004,469,535
050,72,137,"Puerto Rico Commonwealth","Toa Baja Municipio",2,39,1039,479,560
050,72,137,"Puerto Rico Commonwealth","Toa Baja Municipio",2,40,1048,492,556
050,72,137,"Puerto Rico Commonwealth","Toa Baja Municipio",2,41,991,462,529
050,72,137,"Puerto Rico Commonwealth","Toa Baja Municipio",2,42,959,439,520
050,72,137,"Puerto Rico Commonwealth","Toa Baja Municipio",2,43,962,466,496
050,72,137,"Puerto Rico Commonwealth","Toa Baja Municipio",2,44,990,493,497
050,72,137,"Puerto Rico Commonwealth","Toa Baja Municipio",2,45,981,471,510
050,72,137,"Puerto Rico Commonwealth","Toa Baja Municipio",2,46,939,440,499
050,72,137,"Puerto Rico Commonwealth","Toa Baja Municipio",2,47,904,412,492
050,72,137,"Puerto Rico Commonwealth","Toa Baja Municipio",2,48,911,421,490
050,72,137,"Puerto Rico Commonwealth","Toa Baja Municipio",2,49,968,456,512
050,72,137,"Puerto Rico Commonwealth","Toa Baja Municipio",2,50,978,451,527
050,72,137,"Puerto Rico Commonwealth","Toa Baja Municipio",2,51,950,444,506
050,72,137,"Puerto Rico Commonwealth","Toa Baja Municipio",2,52,914,422,492
050,72,137,"Puerto Rico Commonwealth","Toa Baja Municipio",2,53,914,423,491
050,72,137,"Puerto Rico Commonwealth","Toa Baja Municipio",2,54,940,432,508
050,72,137,"Puerto Rico Commonwealth","Toa Baja Municipio",2,55,974,426,548
050,72,137,"Puerto Rico Commonwealth","Toa Baja Municipio",2,56,1011,434,577
050,72,137,"Puerto Rico Commonwealth","Toa Baja Municipio",2,57,1046,447,599
050,72,137,"Puerto Rico Commonwealth","Toa Baja Municipio",2,58,1036,445,591
050,72,137,"Puerto Rico Commonwealth","Toa Baja Municipio",2,59,1043,434,609
050,72,137,"Puerto Rico Commonwealth","Toa Baja Municipio",2,60,1020,433,587
050,72,137,"Puerto Rico Commonwealth","Toa Baja Municipio",2,61,984,427,557
050,72,137,"Puerto Rico Commonwealth","Toa Baja Municipio",2,62,954,413,541
050,72,137,"Puerto Rico Commonwealth","Toa Baja Municipio",2,63,949,415,534
050,72,137,"Puerto Rico Commonwealth","Toa Baja Municipio",2,64,917,402,515
050,72,137,"Puerto Rico Commonwealth","Toa Baja Municipio",2,65,880,385,495
050,72,137,"Puerto Rico Commonwealth","Toa Baja Municipio",2,66,865,371,494
050,72,137,"Puerto Rico Commonwealth","Toa Baja Municipio",2,67,828,350,478
050,72,137,"Puerto Rico Commonwealth","Toa Baja Municipio",2,68,820,337,483
050,72,137,"Puerto Rico Commonwealth","Toa Baja Municipio",2,69,827,335,492
050,72,137,"Puerto Rico Commonwealth","Toa Baja Municipio",2,70,829,335,494
050,72,137,"Puerto Rico Commonwealth","Toa Baja Municipio",2,71,838,345,493
050,72,137,"Puerto Rico Commonwealth","Toa Baja Municipio",2,72,848,366,482
050,72,137,"Puerto Rico Commonwealth","Toa Baja Municipio",2,73,838,366,472
050,72,137,"Puerto Rico Commonwealth","Toa Baja Municipio",2,74,796,341,455
050,72,137,"Puerto Rico Commonwealth","Toa Baja Municipio",2,75,759,329,430
050,72,137,"Puerto Rico Commonwealth","Toa Baja Municipio",2,76,693,304,389
050,72,137,"Puerto Rico Commonwealth","Toa Baja Municipio",2,77,618,266,352
050,72,137,"Puerto Rico Commonwealth","Toa Baja Municipio",2,78,570,241,329
050,72,137,"Puerto Rico Commonwealth","Toa Baja Municipio",2,79,534,224,310
050,72,137,"Puerto Rico Commonwealth","Toa Baja Municipio",2,80,516,213,303
050,72,137,"Puerto Rico Commonwealth","Toa Baja Municipio",2,81,478,187,291
050,72,137,"Puerto Rico Commonwealth","Toa Baja Municipio",2,82,424,174,250
050,72,137,"Puerto Rico Commonwealth","Toa Baja Municipio",2,83,393,166,227
050,72,137,"Puerto Rico Commonwealth","Toa Baja Municipio",2,84,375,157,218
050,72,137,"Puerto Rico Commonwealth","Toa Baja Municipio",2,85,2162,854,1308
050,72,137,"Puerto Rico Commonwealth","Toa Baja Municipio",3,0,409,206,203
050,72,137,"Puerto Rico Commonwealth","Toa Baja Municipio",3,1,434,229,205
050,72,137,"Puerto Rico Commonwealth","Toa Baja Municipio",3,2,454,233,221
050,72,137,"Puerto Rico Commonwealth","Toa Baja Municipio",3,3,487,247,240
050,72,137,"Puerto Rico Commonwealth","Toa Baja Municipio",3,4,532,271,261
050,72,137,"Puerto Rico Commonwealth","Toa Baja Municipio",3,5,587,305,282
050,72,137,"Puerto Rico Commonwealth","Toa Baja Municipio",3,6,643,331,312
050,72,137,"Puerto Rico Commonwealth","Toa Baja Municipio",3,7,696,361,335
050,72,137,"Puerto Rico Commonwealth","Toa Baja Municipio",3,8,744,372,372
050,72,137,"Puerto Rico Commonwealth","Toa Baja Municipio",3,9,761,393,368
050,72,137,"Puerto Rico Commonwealth","Toa Baja Municipio",3,10,734,381,353
050,72,137,"Puerto Rico Commonwealth","Toa Baja Municipio",3,11,786,402,384
050,72,137,"Puerto Rico Commonwealth","Toa Baja Municipio",3,12,813,402,411
050,72,137,"Puerto Rico Commonwealth","Toa Baja Municipio",3,13,822,404,418
050,72,137,"Puerto Rico Commonwealth","Toa Baja Municipio",3,14,849,413,436
050,72,137,"Puerto Rico Commonwealth","Toa Baja Municipio",3,15,858,418,440
050,72,137,"Puerto Rico Commonwealth","Toa Baja Municipio",3,16,870,427,443
050,72,137,"Puerto Rico Commonwealth","Toa Baja Municipio",3,17,880,445,435
050,72,137,"Puerto Rico Commonwealth","Toa Baja Municipio",3,18,892,448,444
050,72,137,"Puerto Rico Commonwealth","Toa Baja Municipio",3,19,919,449,470
050,72,137,"Puerto Rico Commonwealth","Toa Baja Municipio",3,20,1030,502,528
050,72,137,"Puerto Rico Commonwealth","Toa Baja Municipio",3,21,1087,547,540
050,72,137,"Puerto Rico Commonwealth","Toa Baja Municipio",3,22,1026,536,490
050,72,137,"Puerto Rico Commonwealth","Toa Baja Municipio",3,23,1022,527,495
050,72,137,"Puerto Rico Commonwealth","Toa Baja Municipio",3,24,1019,497,522
050,72,137,"Puerto Rico Commonwealth","Toa Baja Municipio",3,25,1025,489,536
050,72,137,"Puerto Rico Commonwealth","Toa Baja Municipio",3,26,1043,501,542
050,72,137,"Puerto Rico Commonwealth","Toa Baja Municipio",3,27,1055,521,534
050,72,137,"Puerto Rico Commonwealth","Toa Baja Municipio",3,28,1012,496,516
050,72,137,"Puerto Rico Commonwealth","Toa Baja Municipio",3,29,1030,513,517
050,72,137,"Puerto Rico Commonwealth","Toa Baja Municipio",3,30,1074,536,538
050,72,137,"Puerto Rico Commonwealth","Toa Baja Municipio",3,31,1081,519,562
050,72,137,"Puerto Rico Commonwealth","Toa Baja Municipio",3,32,1044,488,556
050,72,137,"Puerto Rico Commonwealth","Toa Baja Municipio",3,33,942,436,506
050,72,137,"Puerto Rico Commonwealth","Toa Baja Municipio",3,34,879,411,468
050,72,137,"Puerto Rico Commonwealth","Toa Baja Municipio",3,35,865,415,450
050,72,137,"Puerto Rico Commonwealth","Toa Baja Municipio",3,36,860,407,453
050,72,137,"Puerto Rico Commonwealth","Toa Baja Municipio",3,37,878,409,469
050,72,137,"Puerto Rico Commonwealth","Toa Baja Municipio",3,38,926,441,485
050,72,137,"Puerto Rico Commonwealth","Toa Baja Municipio",3,39,998,474,524
050,72,137,"Puerto Rico Commonwealth","Toa Baja Municipio",3,40,1027,473,554
050,72,137,"Puerto Rico Commonwealth","Toa Baja Municipio",3,41,1041,490,551
050,72,137,"Puerto Rico Commonwealth","Toa Baja Municipio",3,42,981,456,525
050,72,137,"Puerto Rico Commonwealth","Toa Baja Municipio",3,43,944,430,514
050,72,137,"Puerto Rico Commonwealth","Toa Baja Municipio",3,44,952,460,492
050,72,137,"Puerto Rico Commonwealth","Toa Baja Municipio",3,45,978,486,492
050,72,137,"Puerto Rico Commonwealth","Toa Baja Municipio",3,46,969,464,505
050,72,137,"Puerto Rico Commonwealth","Toa Baja Municipio",3,47,931,436,495
050,72,137,"Puerto Rico Commonwealth","Toa Baja Municipio",3,48,893,405,488
050,72,137,"Puerto Rico Commonwealth","Toa Baja Municipio",3,49,903,417,486
050,72,137,"Puerto Rico Commonwealth","Toa Baja Municipio",3,50,955,449,506
050,72,137,"Puerto Rico Commonwealth","Toa Baja Municipio",3,51,962,442,520
050,72,137,"Puerto Rico Commonwealth","Toa Baja Municipio",3,52,942,439,503
050,72,137,"Puerto Rico Commonwealth","Toa Baja Municipio",3,53,899,417,482
050,72,137,"Puerto Rico Commonwealth","Toa Baja Municipio",3,54,896,415,481
050,72,137,"Puerto Rico Commonwealth","Toa Baja Municipio",3,55,917,417,500
050,72,137,"Puerto Rico Commonwealth","Toa Baja Municipio",3,56,960,418,542
050,72,137,"Puerto Rico Commonwealth","Toa Baja Municipio",3,57,999,427,572
050,72,137,"Puerto Rico Commonwealth","Toa Baja Municipio",3,58,1029,438,591
050,72,137,"Puerto Rico Commonwealth","Toa Baja Municipio",3,59,1019,437,582
050,72,137,"Puerto Rico Commonwealth","Toa Baja Municipio",3,60,1028,424,604
050,72,137,"Puerto Rico Commonwealth","Toa Baja Municipio",3,61,1004,419,585
050,72,137,"Puerto Rico Commonwealth","Toa Baja Municipio",3,62,950,414,536
050,72,137,"Puerto Rico Commonwealth","Toa Baja Municipio",3,63,936,407,529
050,72,137,"Puerto Rico Commonwealth","Toa Baja Municipio",3,64,928,401,527
050,72,137,"Puerto Rico Commonwealth","Toa Baja Municipio",3,65,893,389,504
050,72,137,"Puerto Rico Commonwealth","Toa Baja Municipio",3,66,866,378,488
050,72,137,"Puerto Rico Commonwealth","Toa Baja Municipio",3,67,844,356,488
050,72,137,"Puerto Rico Commonwealth","Toa Baja Municipio",3,68,814,345,469
050,72,137,"Puerto Rico Commonwealth","Toa Baja Municipio",3,69,801,329,472
050,72,137,"Puerto Rico Commonwealth","Toa Baja Municipio",3,70,810,320,490
050,72,137,"Puerto Rico Commonwealth","Toa Baja Municipio",3,71,799,320,479
050,72,137,"Puerto Rico Commonwealth","Toa Baja Municipio",3,72,820,332,488
050,72,137,"Puerto Rico Commonwealth","Toa Baja Municipio",3,73,824,349,475
050,72,137,"Puerto Rico Commonwealth","Toa Baja Municipio",3,74,822,349,473
050,72,137,"Puerto Rico Commonwealth","Toa Baja Municipio",3,75,766,324,442
050,72,137,"Puerto Rico Commonwealth","Toa Baja Municipio",3,76,720,313,407
050,72,137,"Puerto Rico Commonwealth","Toa Baja Municipio",3,77,667,288,379
050,72,137,"Puerto Rico Commonwealth","Toa Baja Municipio",3,78,592,245,347
050,72,137,"Puerto Rico Commonwealth","Toa Baja Municipio",3,79,535,223,312
050,72,137,"Puerto Rico Commonwealth","Toa Baja Municipio",3,80,507,214,293
050,72,137,"Puerto Rico Commonwealth","Toa Baja Municipio",3,81,496,197,299
050,72,137,"Puerto Rico Commonwealth","Toa Baja Municipio",3,82,453,175,278
050,72,137,"Puerto Rico Commonwealth","Toa Baja Municipio",3,83,398,162,236
050,72,137,"Puerto Rico Commonwealth","Toa Baja Municipio",3,84,368,158,210
050,72,137,"Puerto Rico Commonwealth","Toa Baja Municipio",3,85,2284,906,1378
050,72,137,"Puerto Rico Commonwealth","Toa Baja Municipio",4,0,414,207,207
050,72,137,"Puerto Rico Commonwealth","Toa Baja Municipio",4,1,403,202,201
050,72,137,"Puerto Rico Commonwealth","Toa Baja Municipio",4,2,426,225,201
050,72,137,"Puerto Rico Commonwealth","Toa Baja Municipio",4,3,443,227,216
050,72,137,"Puerto Rico Commonwealth","Toa Baja Municipio",4,4,476,241,235
050,72,137,"Puerto Rico Commonwealth","Toa Baja Municipio",4,5,521,265,256
050,72,137,"Puerto Rico Commonwealth","Toa Baja Municipio",4,6,574,298,276
050,72,137,"Puerto Rico Commonwealth","Toa Baja Municipio",4,7,629,323,306
050,72,137,"Puerto Rico Commonwealth","Toa Baja Municipio",4,8,681,353,328
050,72,137,"Puerto Rico Commonwealth","Toa Baja Municipio",4,9,729,364,365
050,72,137,"Puerto Rico Commonwealth","Toa Baja Municipio",4,10,745,384,361
050,72,137,"Puerto Rico Commonwealth","Toa Baja Municipio",4,11,716,371,345
050,72,137,"Puerto Rico Commonwealth","Toa Baja Municipio",4,12,770,393,377
050,72,137,"Puerto Rico Commonwealth","Toa Baja Municipio",4,13,797,393,404
050,72,137,"Puerto Rico Commonwealth","Toa Baja Municipio",4,14,807,395,412
050,72,137,"Puerto Rico Commonwealth","Toa Baja Municipio",4,15,831,402,429
050,72,137,"Puerto Rico Commonwealth","Toa Baja Municipio",4,16,841,407,434
050,72,137,"Puerto Rico Commonwealth","Toa Baja Municipio",4,17,851,417,434
050,72,137,"Puerto Rico Commonwealth","Toa Baja Municipio",4,18,851,428,423
050,72,137,"Puerto Rico Commonwealth","Toa Baja Municipio",4,19,866,436,430
050,72,137,"Puerto Rico Commonwealth","Toa Baja Municipio",4,20,898,434,464
050,72,137,"Puerto Rico Commonwealth","Toa Baja Municipio",4,21,1013,492,521
050,72,137,"Puerto Rico Commonwealth","Toa Baja Municipio",4,22,1068,533,535
050,72,137,"Puerto Rico Commonwealth","Toa Baja Municipio",4,23,1009,522,487
050,72,137,"Puerto Rico Commonwealth","Toa Baja Municipio",4,24,1011,520,491
050,72,137,"Puerto Rico Commonwealth","Toa Baja Municipio",4,25,1008,491,517
050,72,137,"Puerto Rico Commonwealth","Toa Baja Municipio",4,26,1006,476,530
050,72,137,"Puerto Rico Commonwealth","Toa Baja Municipio",4,27,1028,493,535
050,72,137,"Puerto Rico Commonwealth","Toa Baja Municipio",4,28,1039,514,525
050,72,137,"Puerto Rico Commonwealth","Toa Baja Municipio",4,29,981,474,507
050,72,137,"Puerto Rico Commonwealth","Toa Baja Municipio",4,30,1011,503,508
050,72,137,"Puerto Rico Commonwealth","Toa Baja Municipio",4,31,1053,527,526
050,72,137,"Puerto Rico Commonwealth","Toa Baja Municipio",4,32,1054,504,550
050,72,137,"Puerto Rico Commonwealth","Toa Baja Municipio",4,33,1030,484,546
050,72,137,"Puerto Rico Commonwealth","Toa Baja Municipio",4,34,913,418,495
050,72,137,"Puerto Rico Commonwealth","Toa Baja Municipio",4,35,863,404,459
050,72,137,"Puerto Rico Commonwealth","Toa Baja Municipio",4,36,843,402,441
050,72,137,"Puerto Rico Commonwealth","Toa Baja Municipio",4,37,843,398,445
050,72,137,"Puerto Rico Commonwealth","Toa Baja Municipio",4,38,857,394,463
050,72,137,"Puerto Rico Commonwealth","Toa Baja Municipio",4,39,910,438,472
050,72,137,"Puerto Rico Commonwealth","Toa Baja Municipio",4,40,974,464,510
050,72,137,"Puerto Rico Commonwealth","Toa Baja Municipio",4,41,1009,464,545
050,72,137,"Puerto Rico Commonwealth","Toa Baja Municipio",4,42,1024,482,542
050,72,137,"Puerto Rico Commonwealth","Toa Baja Municipio",4,43,961,444,517
050,72,137,"Puerto Rico Commonwealth","Toa Baja Municipio",4,44,926,422,504
050,72,137,"Puerto Rico Commonwealth","Toa Baja Municipio",4,45,925,443,482
050,72,137,"Puerto Rico Commonwealth","Toa Baja Municipio",4,46,957,474,483
050,72,137,"Puerto Rico Commonwealth","Toa Baja Municipio",4,47,952,455,497
050,72,137,"Puerto Rico Commonwealth","Toa Baja Municipio",4,48,914,426,488
050,72,137,"Puerto Rico Commonwealth","Toa Baja Municipio",4,49,877,396,481
050,72,137,"Puerto Rico Commonwealth","Toa Baja Municipio",4,50,888,409,479
050,72,137,"Puerto Rico Commonwealth","Toa Baja Municipio",4,51,938,440,498
050,72,137,"Puerto Rico Commonwealth","Toa Baja Municipio",4,52,946,433,513
050,72,137,"Puerto Rico Commonwealth","Toa Baja Municipio",4,53,923,430,493
050,72,137,"Puerto Rico Commonwealth","Toa Baja Municipio",4,54,880,406,474
050,72,137,"Puerto Rico Commonwealth","Toa Baja Municipio",4,55,876,402,474
050,72,137,"Puerto Rico Commonwealth","Toa Baja Municipio",4,56,901,410,491
050,72,137,"Puerto Rico Commonwealth","Toa Baja Municipio",4,57,944,410,534
050,72,137,"Puerto Rico Commonwealth","Toa Baja Municipio",4,58,982,416,566
050,72,137,"Puerto Rico Commonwealth","Toa Baja Municipio",4,59,1009,428,581
050,72,137,"Puerto Rico Commonwealth","Toa Baja Municipio",4,60,1007,433,574
050,72,137,"Puerto Rico Commonwealth","Toa Baja Municipio",4,61,1021,418,603
050,72,137,"Puerto Rico Commonwealth","Toa Baja Municipio",4,62,968,405,563
050,72,137,"Puerto Rico Commonwealth","Toa Baja Municipio",4,63,934,405,529
050,72,137,"Puerto Rico Commonwealth","Toa Baja Municipio",4,64,915,395,520
050,72,137,"Puerto Rico Commonwealth","Toa Baja Municipio",4,65,902,391,511
050,72,137,"Puerto Rico Commonwealth","Toa Baja Municipio",4,66,875,380,495
050,72,137,"Puerto Rico Commonwealth","Toa Baja Municipio",4,67,845,366,479
050,72,137,"Puerto Rico Commonwealth","Toa Baja Municipio",4,68,826,348,478
050,72,137,"Puerto Rico Commonwealth","Toa Baja Municipio",4,69,793,336,457
050,72,137,"Puerto Rico Commonwealth","Toa Baja Municipio",4,70,787,319,468
050,72,137,"Puerto Rico Commonwealth","Toa Baja Municipio",4,71,772,303,469
050,72,137,"Puerto Rico Commonwealth","Toa Baja Municipio",4,72,787,312,475
050,72,137,"Puerto Rico Commonwealth","Toa Baja Municipio",4,73,794,312,482
050,72,137,"Puerto Rico Commonwealth","Toa Baja Municipio",4,74,807,336,471
050,72,137,"Puerto Rico Commonwealth","Toa Baja Municipio",4,75,781,327,454
050,72,137,"Puerto Rico Commonwealth","Toa Baja Municipio",4,76,738,320,418
050,72,137,"Puerto Rico Commonwealth","Toa Baja Municipio",4,77,699,303,396
050,72,137,"Puerto Rico Commonwealth","Toa Baja Municipio",4,78,652,273,379
050,72,137,"Puerto Rico Commonwealth","Toa Baja Municipio",4,79,562,233,329
050,72,137,"Puerto Rico Commonwealth","Toa Baja Municipio",4,80,501,208,293
050,72,137,"Puerto Rico Commonwealth","Toa Baja Municipio",4,81,487,203,284
050,72,137,"Puerto Rico Commonwealth","Toa Baja Municipio",4,82,470,183,287
050,72,137,"Puerto Rico Commonwealth","Toa Baja Municipio",4,83,433,168,265
050,72,137,"Puerto Rico Commonwealth","Toa Baja Municipio",4,84,375,149,226
050,72,137,"Puerto Rico Commonwealth","Toa Baja Municipio",4,85,2380,951,1429
050,72,137,"Puerto Rico Commonwealth","Toa Baja Municipio",5,0,392,193,199
050,72,137,"Puerto Rico Commonwealth","Toa Baja Municipio",5,1,417,208,209
050,72,137,"Puerto Rico Commonwealth","Toa Baja Municipio",5,2,403,202,201
050,72,137,"Puerto Rico Commonwealth","Toa Baja Municipio",5,3,425,224,201
050,72,137,"Puerto Rico Commonwealth","Toa Baja Municipio",5,4,441,226,215
050,72,137,"Puerto Rico Commonwealth","Toa Baja Municipio",5,5,474,240,234
050,72,137,"Puerto Rico Commonwealth","Toa Baja Municipio",5,6,518,263,255
050,72,137,"Puerto Rico Commonwealth","Toa Baja Municipio",5,7,570,296,274
050,72,137,"Puerto Rico Commonwealth","Toa Baja Municipio",5,8,625,320,305
050,72,137,"Puerto Rico Commonwealth","Toa Baja Municipio",5,9,677,351,326
050,72,137,"Puerto Rico Commonwealth","Toa Baja Municipio",5,10,724,361,363
050,72,137,"Puerto Rico Commonwealth","Toa Baja Municipio",5,11,739,381,358
050,72,137,"Puerto Rico Commonwealth","Toa Baja Municipio",5,12,711,368,343
050,72,137,"Puerto Rico Commonwealth","Toa Baja Municipio",5,13,765,390,375
050,72,137,"Puerto Rico Commonwealth","Toa Baja Municipio",5,14,794,390,404
050,72,137,"Puerto Rico Commonwealth","Toa Baja Municipio",5,15,800,390,410
050,72,137,"Puerto Rico Commonwealth","Toa Baja Municipio",5,16,827,398,429
050,72,137,"Puerto Rico Commonwealth","Toa Baja Municipio",5,17,836,405,431
050,72,137,"Puerto Rico Commonwealth","Toa Baja Municipio",5,18,836,408,428
050,72,137,"Puerto Rico Commonwealth","Toa Baja Municipio",5,19,840,424,416
050,72,137,"Puerto Rico Commonwealth","Toa Baja Municipio",5,20,862,431,431
050,72,137,"Puerto Rico Commonwealth","Toa Baja Municipio",5,21,900,435,465
050,72,137,"Puerto Rico Commonwealth","Toa Baja Municipio",5,22,1008,486,522
050,72,137,"Puerto Rico Commonwealth","Toa Baja Municipio",5,23,1070,529,541
050,72,137,"Puerto Rico Commonwealth","Toa Baja Municipio",5,24,1015,524,491
050,72,137,"Puerto Rico Commonwealth","Toa Baja Municipio",5,25,1014,522,492
050,72,137,"Puerto Rico Commonwealth","Toa Baja Municipio",5,26,1003,485,518
050,72,137,"Puerto Rico Commonwealth","Toa Baja Municipio",5,27,1008,478,530
050,72,137,"Puerto Rico Commonwealth","Toa Baja Municipio",5,28,1027,492,535
050,72,137,"Puerto Rico Commonwealth","Toa Baja Municipio",5,29,1024,501,523
050,72,137,"Puerto Rico Commonwealth","Toa Baja Municipio",5,30,977,472,505
050,72,137,"Puerto Rico Commonwealth","Toa Baja Municipio",5,31,1006,501,505
050,72,137,"Puerto Rico Commonwealth","Toa Baja Municipio",5,32,1046,523,523
050,72,137,"Puerto Rico Commonwealth","Toa Baja Municipio",5,33,1057,509,548
050,72,137,"Puerto Rico Commonwealth","Toa Baja Municipio",5,34,1020,476,544
050,72,137,"Puerto Rico Commonwealth","Toa Baja Municipio",5,35,910,419,491
050,72,137,"Puerto Rico Commonwealth","Toa Baja Municipio",5,36,857,401,456
050,72,137,"Puerto Rico Commonwealth","Toa Baja Municipio",5,37,839,400,439
050,72,137,"Puerto Rico Commonwealth","Toa Baja Municipio",5,38,832,389,443
050,72,137,"Puerto Rico Commonwealth","Toa Baja Municipio",5,39,856,400,456
050,72,137,"Puerto Rico Commonwealth","Toa Baja Municipio",5,40,900,433,467
050,72,137,"Puerto Rico Commonwealth","Toa Baja Municipio",5,41,967,462,505
050,72,137,"Puerto Rico Commonwealth","Toa Baja Municipio",5,42,996,455,541
050,72,137,"Puerto Rico Commonwealth","Toa Baja Municipio",5,43,1010,473,537
050,72,137,"Puerto Rico Commonwealth","Toa Baja Municipio",5,44,953,442,511
050,72,137,"Puerto Rico Commonwealth","Toa Baja Municipio",5,45,912,413,499
050,72,137,"Puerto Rico Commonwealth","Toa Baja Municipio",5,46,909,432,477
050,72,137,"Puerto Rico Commonwealth","Toa Baja Municipio",5,47,952,473,479
050,72,137,"Puerto Rico Commonwealth","Toa Baja Municipio",5,48,940,447,493
050,72,137,"Puerto Rico Commonwealth","Toa Baja Municipio",5,49,905,421,484
050,72,137,"Puerto Rico Commonwealth","Toa Baja Municipio",5,50,868,390,478
050,72,137,"Puerto Rico Commonwealth","Toa Baja Municipio",5,51,871,398,473
050,72,137,"Puerto Rico Commonwealth","Toa Baja Municipio",5,52,927,434,493
050,72,137,"Puerto Rico Commonwealth","Toa Baja Municipio",5,53,933,427,506
050,72,137,"Puerto Rico Commonwealth","Toa Baja Municipio",5,54,906,420,486
050,72,137,"Puerto Rico Commonwealth","Toa Baja Municipio",5,55,865,397,468
050,72,137,"Puerto Rico Commonwealth","Toa Baja Municipio",5,56,865,397,468
050,72,137,"Puerto Rico Commonwealth","Toa Baja Municipio",5,57,892,408,484
050,72,137,"Puerto Rico Commonwealth","Toa Baja Municipio",5,58,924,398,526
050,72,137,"Puerto Rico Commonwealth","Toa Baja Municipio",5,59,960,406,554
050,72,137,"Puerto Rico Commonwealth","Toa Baja Municipio",5,60,996,421,575
050,72,137,"Puerto Rico Commonwealth","Toa Baja Municipio",5,61,992,418,574
050,72,137,"Puerto Rico Commonwealth","Toa Baja Municipio",5,62,989,405,584
050,72,137,"Puerto Rico Commonwealth","Toa Baja Municipio",5,63,952,397,555
050,72,137,"Puerto Rico Commonwealth","Toa Baja Municipio",5,64,914,390,524
050,72,137,"Puerto Rico Commonwealth","Toa Baja Municipio",5,65,888,382,506
050,72,137,"Puerto Rico Commonwealth","Toa Baja Municipio",5,66,888,385,503
050,72,137,"Puerto Rico Commonwealth","Toa Baja Municipio",5,67,855,370,485
050,72,137,"Puerto Rico Commonwealth","Toa Baja Municipio",5,68,829,358,471
050,72,137,"Puerto Rico Commonwealth","Toa Baja Municipio",5,69,806,337,469
050,72,137,"Puerto Rico Commonwealth","Toa Baja Municipio",5,70,777,324,453
050,72,137,"Puerto Rico Commonwealth","Toa Baja Municipio",5,71,765,312,453
050,72,137,"Puerto Rico Commonwealth","Toa Baja Municipio",5,72,762,299,463
050,72,137,"Puerto Rico Commonwealth","Toa Baja Municipio",5,73,765,302,463
050,72,137,"Puerto Rico Commonwealth","Toa Baja Municipio",5,74,773,300,473
050,72,137,"Puerto Rico Commonwealth","Toa Baja Municipio",5,75,778,319,459
050,72,137,"Puerto Rico Commonwealth","Toa Baja Municipio",5,76,748,310,438
050,72,137,"Puerto Rico Commonwealth","Toa Baja Municipio",5,77,721,311,410
050,72,137,"Puerto Rico Commonwealth","Toa Baja Municipio",5,78,685,291,394
050,72,137,"Puerto Rico Commonwealth","Toa Baja Municipio",5,79,623,259,364
050,72,137,"Puerto Rico Commonwealth","Toa Baja Municipio",5,80,527,217,310
050,72,137,"Puerto Rico Commonwealth","Toa Baja Municipio",5,81,483,193,290
050,72,137,"Puerto Rico Commonwealth","Toa Baja Municipio",5,82,464,194,270
050,72,137,"Puerto Rico Commonwealth","Toa Baja Municipio",5,83,453,179,274
050,72,137,"Puerto Rico Commonwealth","Toa Baja Municipio",5,84,408,157,251
050,72,137,"Puerto Rico Commonwealth","Toa Baja Municipio",5,85,2447,975,1472
050,72,139,"Puerto Rico Commonwealth","Trujillo Alto Municipio",1,0,377,190,187
050,72,139,"Puerto Rico Commonwealth","Trujillo Alto Municipio",1,1,402,212,190
050,72,139,"Puerto Rico Commonwealth","Trujillo Alto Municipio",1,2,392,211,181
050,72,139,"Puerto Rico Commonwealth","Trujillo Alto Municipio",1,3,451,228,223
050,72,139,"Puerto Rico Commonwealth","Trujillo Alto Municipio",1,4,511,277,234
050,72,139,"Puerto Rico Commonwealth","Trujillo Alto Municipio",1,5,567,299,268
050,72,139,"Puerto Rico Commonwealth","Trujillo Alto Municipio",1,6,606,311,295
050,72,139,"Puerto Rico Commonwealth","Trujillo Alto Municipio",1,7,633,330,303
050,72,139,"Puerto Rico Commonwealth","Trujillo Alto Municipio",1,8,669,338,331
050,72,139,"Puerto Rico Commonwealth","Trujillo Alto Municipio",1,9,717,371,346
050,72,139,"Puerto Rico Commonwealth","Trujillo Alto Municipio",1,10,797,411,386
050,72,139,"Puerto Rico Commonwealth","Trujillo Alto Municipio",1,11,787,405,382
050,72,139,"Puerto Rico Commonwealth","Trujillo Alto Municipio",1,12,813,416,397
050,72,139,"Puerto Rico Commonwealth","Trujillo Alto Municipio",1,13,834,444,390
050,72,139,"Puerto Rico Commonwealth","Trujillo Alto Municipio",1,14,810,433,377
050,72,139,"Puerto Rico Commonwealth","Trujillo Alto Municipio",1,15,803,404,399
050,72,139,"Puerto Rico Commonwealth","Trujillo Alto Municipio",1,16,806,418,388
050,72,139,"Puerto Rico Commonwealth","Trujillo Alto Municipio",1,17,832,442,390
050,72,139,"Puerto Rico Commonwealth","Trujillo Alto Municipio",1,18,840,449,391
050,72,139,"Puerto Rico Commonwealth","Trujillo Alto Municipio",1,19,893,463,430
050,72,139,"Puerto Rico Commonwealth","Trujillo Alto Municipio",1,20,913,457,456
050,72,139,"Puerto Rico Commonwealth","Trujillo Alto Municipio",1,21,885,459,426
050,72,139,"Puerto Rico Commonwealth","Trujillo Alto Municipio",1,22,926,478,448
050,72,139,"Puerto Rico Commonwealth","Trujillo Alto Municipio",1,23,926,462,464
050,72,139,"Puerto Rico Commonwealth","Trujillo Alto Municipio",1,24,933,462,471
050,72,139,"Puerto Rico Commonwealth","Trujillo Alto Municipio",1,25,962,466,496
050,72,139,"Puerto Rico Commonwealth","Trujillo Alto Municipio",1,26,983,477,506
050,72,139,"Puerto Rico Commonwealth","Trujillo Alto Municipio",1,27,977,495,482
050,72,139,"Puerto Rico Commonwealth","Trujillo Alto Municipio",1,28,934,468,466
050,72,139,"Puerto Rico Commonwealth","Trujillo Alto Municipio",1,29,958,451,507
050,72,139,"Puerto Rico Commonwealth","Trujillo Alto Municipio",1,30,942,443,499
050,72,139,"Puerto Rico Commonwealth","Trujillo Alto Municipio",1,31,860,414,446
050,72,139,"Puerto Rico Commonwealth","Trujillo Alto Municipio",1,32,829,393,436
050,72,139,"Puerto Rico Commonwealth","Trujillo Alto Municipio",1,33,791,372,419
050,72,139,"Puerto Rico Commonwealth","Trujillo Alto Municipio",1,34,760,363,397
050,72,139,"Puerto Rico Commonwealth","Trujillo Alto Municipio",1,35,756,363,393
050,72,139,"Puerto Rico Commonwealth","Trujillo Alto Municipio",1,36,795,367,428
050,72,139,"Puerto Rico Commonwealth","Trujillo Alto Municipio",1,37,848,391,457
050,72,139,"Puerto Rico Commonwealth","Trujillo Alto Municipio",1,38,873,397,476
050,72,139,"Puerto Rico Commonwealth","Trujillo Alto Municipio",1,39,899,403,496
050,72,139,"Puerto Rico Commonwealth","Trujillo Alto Municipio",1,40,936,427,509
050,72,139,"Puerto Rico Commonwealth","Trujillo Alto Municipio",1,41,902,424,478
050,72,139,"Puerto Rico Commonwealth","Trujillo Alto Municipio",1,42,914,451,463
050,72,139,"Puerto Rico Commonwealth","Trujillo Alto Municipio",1,43,930,450,480
050,72,139,"Puerto Rico Commonwealth","Trujillo Alto Municipio",1,44,899,422,477
050,72,139,"Puerto Rico Commonwealth","Trujillo Alto Municipio",1,45,892,402,490
050,72,139,"Puerto Rico Commonwealth","Trujillo Alto Municipio",1,46,850,376,474
050,72,139,"Puerto Rico Commonwealth","Trujillo Alto Municipio",1,47,856,422,434
050,72,139,"Puerto Rico Commonwealth","Trujillo Alto Municipio",1,48,875,423,452
050,72,139,"Puerto Rico Commonwealth","Trujillo Alto Municipio",1,49,877,398,479
050,72,139,"Puerto Rico Commonwealth","Trujillo Alto Municipio",1,50,879,400,479
050,72,139,"Puerto Rico Commonwealth","Trujillo Alto Municipio",1,51,890,406,484
050,72,139,"Puerto Rico Commonwealth","Trujillo Alto Municipio",1,52,906,416,490
050,72,139,"Puerto Rico Commonwealth","Trujillo Alto Municipio",1,53,936,425,511
050,72,139,"Puerto Rico Commonwealth","Trujillo Alto Municipio",1,54,1015,455,560
050,72,139,"Puerto Rico Commonwealth","Trujillo Alto Municipio",1,55,1011,442,569
050,72,139,"Puerto Rico Commonwealth","Trujillo Alto Municipio",1,56,949,416,533
050,72,139,"Puerto Rico Commonwealth","Trujillo Alto Municipio",1,57,910,413,497
050,72,139,"Puerto Rico Commonwealth","Trujillo Alto Municipio",1,58,870,394,476
050,72,139,"Puerto Rico Commonwealth","Trujillo Alto Municipio",1,59,909,395,514
050,72,139,"Puerto Rico Commonwealth","Trujillo Alto Municipio",1,60,893,399,494
050,72,139,"Puerto Rico Commonwealth","Trujillo Alto Municipio",1,61,831,377,454
050,72,139,"Puerto Rico Commonwealth","Trujillo Alto Municipio",1,62,846,392,454
050,72,139,"Puerto Rico Commonwealth","Trujillo Alto Municipio",1,63,877,398,479
050,72,139,"Puerto Rico Commonwealth","Trujillo Alto Municipio",1,64,867,379,488
050,72,139,"Puerto Rico Commonwealth","Trujillo Alto Municipio",1,65,835,365,470
050,72,139,"Puerto Rico Commonwealth","Trujillo Alto Municipio",1,66,792,337,455
050,72,139,"Puerto Rico Commonwealth","Trujillo Alto Municipio",1,67,791,340,451
050,72,139,"Puerto Rico Commonwealth","Trujillo Alto Municipio",1,68,790,344,446
050,72,139,"Puerto Rico Commonwealth","Trujillo Alto Municipio",1,69,815,341,474
050,72,139,"Puerto Rico Commonwealth","Trujillo Alto Municipio",1,70,761,314,447
050,72,139,"Puerto Rico Commonwealth","Trujillo Alto Municipio",1,71,725,318,407
050,72,139,"Puerto Rico Commonwealth","Trujillo Alto Municipio",1,72,713,309,404
050,72,139,"Puerto Rico Commonwealth","Trujillo Alto Municipio",1,73,709,298,411
050,72,139,"Puerto Rico Commonwealth","Trujillo Alto Municipio",1,74,649,276,373
050,72,139,"Puerto Rico Commonwealth","Trujillo Alto Municipio",1,75,646,282,364
050,72,139,"Puerto Rico Commonwealth","Trujillo Alto Municipio",1,76,613,259,354
050,72,139,"Puerto Rico Commonwealth","Trujillo Alto Municipio",1,77,561,236,325
050,72,139,"Puerto Rico Commonwealth","Trujillo Alto Municipio",1,78,501,215,286
050,72,139,"Puerto Rico Commonwealth","Trujillo Alto Municipio",1,79,463,192,271
050,72,139,"Puerto Rico Commonwealth","Trujillo Alto Municipio",1,80,405,165,240
050,72,139,"Puerto Rico Commonwealth","Trujillo Alto Municipio",1,81,388,148,240
050,72,139,"Puerto Rico Commonwealth","Trujillo Alto Municipio",1,82,383,140,243
050,72,139,"Puerto Rico Commonwealth","Trujillo Alto Municipio",1,83,349,136,213
050,72,139,"Puerto Rico Commonwealth","Trujillo Alto Municipio",1,84,326,140,186
050,72,139,"Puerto Rico Commonwealth","Trujillo Alto Municipio",1,85,1715,620,1095
050,72,139,"Puerto Rico Commonwealth","Trujillo Alto Municipio",2,0,352,167,185
050,72,139,"Puerto Rico Commonwealth","Trujillo Alto Municipio",2,1,396,206,190
050,72,139,"Puerto Rico Commonwealth","Trujillo Alto Municipio",2,2,394,211,183
050,72,139,"Puerto Rico Commonwealth","Trujillo Alto Municipio",2,3,436,224,212
050,72,139,"Puerto Rico Commonwealth","Trujillo Alto Municipio",2,4,497,265,232
050,72,139,"Puerto Rico Commonwealth","Trujillo Alto Municipio",2,5,552,293,259
050,72,139,"Puerto Rico Commonwealth","Trujillo Alto Municipio",2,6,596,308,288
050,72,139,"Puerto Rico Commonwealth","Trujillo Alto Municipio",2,7,627,326,301
050,72,139,"Puerto Rico Commonwealth","Trujillo Alto Municipio",2,8,660,336,324
050,72,139,"Puerto Rico Commonwealth","Trujillo Alto Municipio",2,9,705,362,343
050,72,139,"Puerto Rico Commonwealth","Trujillo Alto Municipio",2,10,777,401,376
050,72,139,"Puerto Rico Commonwealth","Trujillo Alto Municipio",2,11,790,407,383
050,72,139,"Puerto Rico Commonwealth","Trujillo Alto Municipio",2,12,806,413,393
050,72,139,"Puerto Rico Commonwealth","Trujillo Alto Municipio",2,13,828,436,392
050,72,139,"Puerto Rico Commonwealth","Trujillo Alto Municipio",2,14,816,436,380
050,72,139,"Puerto Rico Commonwealth","Trujillo Alto Municipio",2,15,804,410,394
050,72,139,"Puerto Rico Commonwealth","Trujillo Alto Municipio",2,16,804,414,390
050,72,139,"Puerto Rico Commonwealth","Trujillo Alto Municipio",2,17,825,435,390
050,72,139,"Puerto Rico Commonwealth","Trujillo Alto Municipio",2,18,837,447,390
050,72,139,"Puerto Rico Commonwealth","Trujillo Alto Municipio",2,19,880,459,421
050,72,139,"Puerto Rico Commonwealth","Trujillo Alto Municipio",2,20,909,459,450
050,72,139,"Puerto Rico Commonwealth","Trujillo Alto Municipio",2,21,894,459,435
050,72,139,"Puerto Rico Commonwealth","Trujillo Alto Municipio",2,22,916,473,443
050,72,139,"Puerto Rico Commonwealth","Trujillo Alto Municipio",2,23,927,466,461
050,72,139,"Puerto Rico Commonwealth","Trujillo Alto Municipio",2,24,933,462,471
050,72,139,"Puerto Rico Commonwealth","Trujillo Alto Municipio",2,25,955,465,490
050,72,139,"Puerto Rico Commonwealth","Trujillo Alto Municipio",2,26,979,474,505
050,72,139,"Puerto Rico Commonwealth","Trujillo Alto Municipio",2,27,980,491,489
050,72,139,"Puerto Rico Commonwealth","Trujillo Alto Municipio",2,28,944,473,471
050,72,139,"Puerto Rico Commonwealth","Trujillo Alto Municipio",2,29,953,456,497
050,72,139,"Puerto Rico Commonwealth","Trujillo Alto Municipio",2,30,947,445,502
050,72,139,"Puerto Rico Commonwealth","Trujillo Alto Municipio",2,31,881,421,460
050,72,139,"Puerto Rico Commonwealth","Trujillo Alto Municipio",2,32,835,398,437
050,72,139,"Puerto Rico Commonwealth","Trujillo Alto Municipio",2,33,801,377,424
050,72,139,"Puerto Rico Commonwealth","Trujillo Alto Municipio",2,34,767,365,402
050,72,139,"Puerto Rico Commonwealth","Trujillo Alto Municipio",2,35,758,364,394
050,72,139,"Puerto Rico Commonwealth","Trujillo Alto Municipio",2,36,784,365,419
050,72,139,"Puerto Rico Commonwealth","Trujillo Alto Municipio",2,37,835,385,450
050,72,139,"Puerto Rico Commonwealth","Trujillo Alto Municipio",2,38,867,396,471
050,72,139,"Puerto Rico Commonwealth","Trujillo Alto Municipio",2,39,893,402,491
050,72,139,"Puerto Rico Commonwealth","Trujillo Alto Municipio",2,40,927,421,506
050,72,139,"Puerto Rico Commonwealth","Trujillo Alto Municipio",2,41,910,424,486
050,72,139,"Puerto Rico Commonwealth","Trujillo Alto Municipio",2,42,912,445,467
050,72,139,"Puerto Rico Commonwealth","Trujillo Alto Municipio",2,43,924,450,474
050,72,139,"Puerto Rico Commonwealth","Trujillo Alto Municipio",2,44,907,429,478
050,72,139,"Puerto Rico Commonwealth","Trujillo Alto Municipio",2,45,894,407,487
050,72,139,"Puerto Rico Commonwealth","Trujillo Alto Municipio",2,46,860,382,478
050,72,139,"Puerto Rico Commonwealth","Trujillo Alto Municipio",2,47,852,409,443
050,72,139,"Puerto Rico Commonwealth","Trujillo Alto Municipio",2,48,870,423,447
050,72,139,"Puerto Rico Commonwealth","Trujillo Alto Municipio",2,49,877,404,473
050,72,139,"Puerto Rico Commonwealth","Trujillo Alto Municipio",2,50,878,399,479
050,72,139,"Puerto Rico Commonwealth","Trujillo Alto Municipio",2,51,885,404,481
050,72,139,"Puerto Rico Commonwealth","Trujillo Alto Municipio",2,52,901,412,489
050,72,139,"Puerto Rico Commonwealth","Trujillo Alto Municipio",2,53,929,423,506
050,72,139,"Puerto Rico Commonwealth","Trujillo Alto Municipio",2,54,994,447,547
050,72,139,"Puerto Rico Commonwealth","Trujillo Alto Municipio",2,55,1010,443,567
050,72,139,"Puerto Rico Commonwealth","Trujillo Alto Municipio",2,56,961,419,542
050,72,139,"Puerto Rico Commonwealth","Trujillo Alto Municipio",2,57,920,414,506
050,72,139,"Puerto Rico Commonwealth","Trujillo Alto Municipio",2,58,878,399,479
050,72,139,"Puerto Rico Commonwealth","Trujillo Alto Municipio",2,59,898,394,504
050,72,139,"Puerto Rico Commonwealth","Trujillo Alto Municipio",2,60,893,395,498
050,72,139,"Puerto Rico Commonwealth","Trujillo Alto Municipio",2,61,845,381,464
050,72,139,"Puerto Rico Commonwealth","Trujillo Alto Municipio",2,62,840,387,453
050,72,139,"Puerto Rico Commonwealth","Trujillo Alto Municipio",2,63,869,397,472
050,72,139,"Puerto Rico Commonwealth","Trujillo Alto Municipio",2,64,865,383,482
050,72,139,"Puerto Rico Commonwealth","Trujillo Alto Municipio",2,65,844,369,475
050,72,139,"Puerto Rico Commonwealth","Trujillo Alto Municipio",2,66,798,341,457
050,72,139,"Puerto Rico Commonwealth","Trujillo Alto Municipio",2,67,790,339,451
050,72,139,"Puerto Rico Commonwealth","Trujillo Alto Municipio",2,68,788,343,445
050,72,139,"Puerto Rico Commonwealth","Trujillo Alto Municipio",2,69,807,340,467
050,72,139,"Puerto Rico Commonwealth","Trujillo Alto Municipio",2,70,769,316,453
050,72,139,"Puerto Rico Commonwealth","Trujillo Alto Municipio",2,71,733,316,417
050,72,139,"Puerto Rico Commonwealth","Trujillo Alto Municipio",2,72,713,309,404
050,72,139,"Puerto Rico Commonwealth","Trujillo Alto Municipio",2,73,708,299,409
050,72,139,"Puerto Rico Commonwealth","Trujillo Alto Municipio",2,74,662,278,384
050,72,139,"Puerto Rico Commonwealth","Trujillo Alto Municipio",2,75,643,281,362
050,72,139,"Puerto Rico Commonwealth","Trujillo Alto Municipio",2,76,619,263,356
050,72,139,"Puerto Rico Commonwealth","Trujillo Alto Municipio",2,77,571,241,330
050,72,139,"Puerto Rico Commonwealth","Trujillo Alto Municipio",2,78,512,216,296
050,72,139,"Puerto Rico Commonwealth","Trujillo Alto Municipio",2,79,466,195,271
050,72,139,"Puerto Rico Commonwealth","Trujillo Alto Municipio",2,80,418,172,246
050,72,139,"Puerto Rico Commonwealth","Trujillo Alto Municipio",2,81,388,150,238
050,72,139,"Puerto Rico Commonwealth","Trujillo Alto Municipio",2,82,383,141,242
050,72,139,"Puerto Rico Commonwealth","Trujillo Alto Municipio",2,83,355,136,219
050,72,139,"Puerto Rico Commonwealth","Trujillo Alto Municipio",2,84,329,138,191
050,72,139,"Puerto Rico Commonwealth","Trujillo Alto Municipio",2,85,1752,634,1118
050,72,139,"Puerto Rico Commonwealth","Trujillo Alto Municipio",3,0,326,181,145
050,72,139,"Puerto Rico Commonwealth","Trujillo Alto Municipio",3,1,356,169,187
050,72,139,"Puerto Rico Commonwealth","Trujillo Alto Municipio",3,2,398,208,190
050,72,139,"Puerto Rico Commonwealth","Trujillo Alto Municipio",3,3,395,212,183
050,72,139,"Puerto Rico Commonwealth","Trujillo Alto Municipio",3,4,437,225,212
050,72,139,"Puerto Rico Commonwealth","Trujillo Alto Municipio",3,5,499,267,232
050,72,139,"Puerto Rico Commonwealth","Trujillo Alto Municipio",3,6,553,294,259
050,72,139,"Puerto Rico Commonwealth","Trujillo Alto Municipio",3,7,597,309,288
050,72,139,"Puerto Rico Commonwealth","Trujillo Alto Municipio",3,8,628,327,301
050,72,139,"Puerto Rico Commonwealth","Trujillo Alto Municipio",3,9,659,336,323
050,72,139,"Puerto Rico Commonwealth","Trujillo Alto Municipio",3,10,703,361,342
050,72,139,"Puerto Rico Commonwealth","Trujillo Alto Municipio",3,11,773,399,374
050,72,139,"Puerto Rico Commonwealth","Trujillo Alto Municipio",3,12,787,405,382
050,72,139,"Puerto Rico Commonwealth","Trujillo Alto Municipio",3,13,803,411,392
050,72,139,"Puerto Rico Commonwealth","Trujillo Alto Municipio",3,14,826,434,392
050,72,139,"Puerto Rico Commonwealth","Trujillo Alto Municipio",3,15,813,433,380
050,72,139,"Puerto Rico Commonwealth","Trujillo Alto Municipio",3,16,800,406,394
050,72,139,"Puerto Rico Commonwealth","Trujillo Alto Municipio",3,17,800,412,388
050,72,139,"Puerto Rico Commonwealth","Trujillo Alto Municipio",3,18,816,427,389
050,72,139,"Puerto Rico Commonwealth","Trujillo Alto Municipio",3,19,829,445,384
050,72,139,"Puerto Rico Commonwealth","Trujillo Alto Municipio",3,20,881,455,426
050,72,139,"Puerto Rico Commonwealth","Trujillo Alto Municipio",3,21,917,464,453
050,72,139,"Puerto Rico Commonwealth","Trujillo Alto Municipio",3,22,902,456,446
050,72,139,"Puerto Rico Commonwealth","Trujillo Alto Municipio",3,23,923,478,445
050,72,139,"Puerto Rico Commonwealth","Trujillo Alto Municipio",3,24,941,467,474
050,72,139,"Puerto Rico Commonwealth","Trujillo Alto Municipio",3,25,943,466,477
050,72,139,"Puerto Rico Commonwealth","Trujillo Alto Municipio",3,26,970,472,498
050,72,139,"Puerto Rico Commonwealth","Trujillo Alto Municipio",3,27,984,480,504
050,72,139,"Puerto Rico Commonwealth","Trujillo Alto Municipio",3,28,990,493,497
050,72,139,"Puerto Rico Commonwealth","Trujillo Alto Municipio",3,29,950,473,477
050,72,139,"Puerto Rico Commonwealth","Trujillo Alto Municipio",3,30,955,458,497
050,72,139,"Puerto Rico Commonwealth","Trujillo Alto Municipio",3,31,959,454,505
050,72,139,"Puerto Rico Commonwealth","Trujillo Alto Municipio",3,32,881,422,459
050,72,139,"Puerto Rico Commonwealth","Trujillo Alto Municipio",3,33,848,408,440
050,72,139,"Puerto Rico Commonwealth","Trujillo Alto Municipio",3,34,808,381,427
050,72,139,"Puerto Rico Commonwealth","Trujillo Alto Municipio",3,35,776,372,404
050,72,139,"Puerto Rico Commonwealth","Trujillo Alto Municipio",3,36,760,362,398
050,72,139,"Puerto Rico Commonwealth","Trujillo Alto Municipio",3,37,781,363,418
050,72,139,"Puerto Rico Commonwealth","Trujillo Alto Municipio",3,38,829,383,446
050,72,139,"Puerto Rico Commonwealth","Trujillo Alto Municipio",3,39,872,400,472
050,72,139,"Puerto Rico Commonwealth","Trujillo Alto Municipio",3,40,892,402,490
050,72,139,"Puerto Rico Commonwealth","Trujillo Alto Municipio",3,41,926,421,505
050,72,139,"Puerto Rico Commonwealth","Trujillo Alto Municipio",3,42,924,441,483
050,72,139,"Puerto Rico Commonwealth","Trujillo Alto Municipio",3,43,901,433,468
050,72,139,"Puerto Rico Commonwealth","Trujillo Alto Municipio",3,44,907,441,466
050,72,139,"Puerto Rico Commonwealth","Trujillo Alto Municipio",3,45,908,428,480
050,72,139,"Puerto Rico Commonwealth","Trujillo Alto Municipio",3,46,901,416,485
050,72,139,"Puerto Rico Commonwealth","Trujillo Alto Municipio",3,47,843,371,472
050,72,139,"Puerto Rico Commonwealth","Trujillo Alto Municipio",3,48,849,406,443
050,72,139,"Puerto Rico Commonwealth","Trujillo Alto Municipio",3,49,864,418,446
050,72,139,"Puerto Rico Commonwealth","Trujillo Alto Municipio",3,50,873,403,470
050,72,139,"Puerto Rico Commonwealth","Trujillo Alto Municipio",3,51,883,402,481
050,72,139,"Puerto Rico Commonwealth","Trujillo Alto Municipio",3,52,873,396,477
050,72,139,"Puerto Rico Commonwealth","Trujillo Alto Municipio",3,53,902,413,489
050,72,139,"Puerto Rico Commonwealth","Trujillo Alto Municipio",3,54,909,411,498
050,72,139,"Puerto Rico Commonwealth","Trujillo Alto Municipio",3,55,985,441,544
050,72,139,"Puerto Rico Commonwealth","Trujillo Alto Municipio",3,56,1007,438,569
050,72,139,"Puerto Rico Commonwealth","Trujillo Alto Municipio",3,57,948,411,537
050,72,139,"Puerto Rico Commonwealth","Trujillo Alto Municipio",3,58,911,414,497
050,72,139,"Puerto Rico Commonwealth","Trujillo Alto Municipio",3,59,872,392,480
050,72,139,"Puerto Rico Commonwealth","Trujillo Alto Municipio",3,60,898,394,504
050,72,139,"Puerto Rico Commonwealth","Trujillo Alto Municipio",3,61,879,381,498
050,72,139,"Puerto Rico Commonwealth","Trujillo Alto Municipio",3,62,835,381,454
050,72,139,"Puerto Rico Commonwealth","Trujillo Alto Municipio",3,63,837,382,455
050,72,139,"Puerto Rico Commonwealth","Trujillo Alto Municipio",3,64,862,395,467
050,72,139,"Puerto Rico Commonwealth","Trujillo Alto Municipio",3,65,853,376,477
050,72,139,"Puerto Rico Commonwealth","Trujillo Alto Municipio",3,66,830,354,476
050,72,139,"Puerto Rico Commonwealth","Trujillo Alto Municipio",3,67,786,330,456
050,72,139,"Puerto Rico Commonwealth","Trujillo Alto Municipio",3,68,775,330,445
050,72,139,"Puerto Rico Commonwealth","Trujillo Alto Municipio",3,69,777,334,443
050,72,139,"Puerto Rico Commonwealth","Trujillo Alto Municipio",3,70,793,326,467
050,72,139,"Puerto Rico Commonwealth","Trujillo Alto Municipio",3,71,759,314,445
050,72,139,"Puerto Rico Commonwealth","Trujillo Alto Municipio",3,72,725,311,414
050,72,139,"Puerto Rico Commonwealth","Trujillo Alto Municipio",3,73,693,293,400
050,72,139,"Puerto Rico Commonwealth","Trujillo Alto Municipio",3,74,697,294,403
050,72,139,"Puerto Rico Commonwealth","Trujillo Alto Municipio",3,75,657,277,380
050,72,139,"Puerto Rico Commonwealth","Trujillo Alto Municipio",3,76,628,269,359
050,72,139,"Puerto Rico Commonwealth","Trujillo Alto Municipio",3,77,601,253,348
050,72,139,"Puerto Rico Commonwealth","Trujillo Alto Municipio",3,78,553,227,326
050,72,139,"Puerto Rico Commonwealth","Trujillo Alto Municipio",3,79,489,204,285
050,72,139,"Puerto Rico Commonwealth","Trujillo Alto Municipio",3,80,454,186,268
050,72,139,"Puerto Rico Commonwealth","Trujillo Alto Municipio",3,81,406,165,241
050,72,139,"Puerto Rico Commonwealth","Trujillo Alto Municipio",3,82,384,145,239
050,72,139,"Puerto Rico Commonwealth","Trujillo Alto Municipio",3,83,357,126,231
050,72,139,"Puerto Rico Commonwealth","Trujillo Alto Municipio",3,84,346,132,214
050,72,139,"Puerto Rico Commonwealth","Trujillo Alto Municipio",3,85,1900,697,1203
050,72,139,"Puerto Rico Commonwealth","Trujillo Alto Municipio",4,0,343,167,176
050,72,139,"Puerto Rico Commonwealth","Trujillo Alto Municipio",4,1,324,181,143
050,72,139,"Puerto Rico Commonwealth","Trujillo Alto Municipio",4,2,352,168,184
050,72,139,"Puerto Rico Commonwealth","Trujillo Alto Municipio",4,3,393,206,187
050,72,139,"Puerto Rico Commonwealth","Trujillo Alto Municipio",4,4,390,210,180
050,72,139,"Puerto Rico Commonwealth","Trujillo Alto Municipio",4,5,432,223,209
050,72,139,"Puerto Rico Commonwealth","Trujillo Alto Municipio",4,6,493,264,229
050,72,139,"Puerto Rico Commonwealth","Trujillo Alto Municipio",4,7,546,291,255
050,72,139,"Puerto Rico Commonwealth","Trujillo Alto Municipio",4,8,589,305,284
050,72,139,"Puerto Rico Commonwealth","Trujillo Alto Municipio",4,9,620,323,297
050,72,139,"Puerto Rico Commonwealth","Trujillo Alto Municipio",4,10,649,331,318
050,72,139,"Puerto Rico Commonwealth","Trujillo Alto Municipio",4,11,690,354,336
050,72,139,"Puerto Rico Commonwealth","Trujillo Alto Municipio",4,12,761,392,369
050,72,139,"Puerto Rico Commonwealth","Trujillo Alto Municipio",4,13,775,398,377
050,72,139,"Puerto Rico Commonwealth","Trujillo Alto Municipio",4,14,791,404,387
050,72,139,"Puerto Rico Commonwealth","Trujillo Alto Municipio",4,15,813,425,388
050,72,139,"Puerto Rico Commonwealth","Trujillo Alto Municipio",4,16,801,425,376
050,72,139,"Puerto Rico Commonwealth","Trujillo Alto Municipio",4,17,787,399,388
050,72,139,"Puerto Rico Commonwealth","Trujillo Alto Municipio",4,18,779,397,382
050,72,139,"Puerto Rico Commonwealth","Trujillo Alto Municipio",4,19,796,417,379
050,72,139,"Puerto Rico Commonwealth","Trujillo Alto Municipio",4,20,818,434,384
050,72,139,"Puerto Rico Commonwealth","Trujillo Alto Municipio",4,21,877,453,424
050,72,139,"Puerto Rico Commonwealth","Trujillo Alto Municipio",4,22,915,456,459
050,72,139,"Puerto Rico Commonwealth","Trujillo Alto Municipio",4,23,895,452,443
050,72,139,"Puerto Rico Commonwealth","Trujillo Alto Municipio",4,24,923,471,452
050,72,139,"Puerto Rico Commonwealth","Trujillo Alto Municipio",4,25,939,464,475
050,72,139,"Puerto Rico Commonwealth","Trujillo Alto Municipio",4,26,946,466,480
050,72,139,"Puerto Rico Commonwealth","Trujillo Alto Municipio",4,27,959,467,492
050,72,139,"Puerto Rico Commonwealth","Trujillo Alto Municipio",4,28,977,472,505
050,72,139,"Puerto Rico Commonwealth","Trujillo Alto Municipio",4,29,981,483,498
050,72,139,"Puerto Rico Commonwealth","Trujillo Alto Municipio",4,30,935,464,471
050,72,139,"Puerto Rico Commonwealth","Trujillo Alto Municipio",4,31,955,461,494
050,72,139,"Puerto Rico Commonwealth","Trujillo Alto Municipio",4,32,944,446,498
050,72,139,"Puerto Rico Commonwealth","Trujillo Alto Municipio",4,33,881,424,457
050,72,139,"Puerto Rico Commonwealth","Trujillo Alto Municipio",4,34,842,404,438
050,72,139,"Puerto Rico Commonwealth","Trujillo Alto Municipio",4,35,804,380,424
050,72,139,"Puerto Rico Commonwealth","Trujillo Alto Municipio",4,36,769,365,404
050,72,139,"Puerto Rico Commonwealth","Trujillo Alto Municipio",4,37,747,355,392
050,72,139,"Puerto Rico Commonwealth","Trujillo Alto Municipio",4,38,763,354,409
050,72,139,"Puerto Rico Commonwealth","Trujillo Alto Municipio",4,39,824,381,443
050,72,139,"Puerto Rico Commonwealth","Trujillo Alto Municipio",4,40,863,396,467
050,72,139,"Puerto Rico Commonwealth","Trujillo Alto Municipio",4,41,881,396,485
050,72,139,"Puerto Rico Commonwealth","Trujillo Alto Municipio",4,42,931,434,497
050,72,139,"Puerto Rico Commonwealth","Trujillo Alto Municipio",4,43,908,427,481
050,72,139,"Puerto Rico Commonwealth","Trujillo Alto Municipio",4,44,876,417,459
050,72,139,"Puerto Rico Commonwealth","Trujillo Alto Municipio",4,45,897,433,464
050,72,139,"Puerto Rico Commonwealth","Trujillo Alto Municipio",4,46,909,436,473
050,72,139,"Puerto Rico Commonwealth","Trujillo Alto Municipio",4,47,880,404,476
050,72,139,"Puerto Rico Commonwealth","Trujillo Alto Municipio",4,48,836,366,470
050,72,139,"Puerto Rico Commonwealth","Trujillo Alto Municipio",4,49,835,394,441
050,72,139,"Puerto Rico Commonwealth","Trujillo Alto Municipio",4,50,856,416,440
050,72,139,"Puerto Rico Commonwealth","Trujillo Alto Municipio",4,51,877,406,471
050,72,139,"Puerto Rico Commonwealth","Trujillo Alto Municipio",4,52,868,392,476
050,72,139,"Puerto Rico Commonwealth","Trujillo Alto Municipio",4,53,873,397,476
050,72,139,"Puerto Rico Commonwealth","Trujillo Alto Municipio",4,54,881,403,478
050,72,139,"Puerto Rico Commonwealth","Trujillo Alto Municipio",4,55,897,405,492
050,72,139,"Puerto Rico Commonwealth","Trujillo Alto Municipio",4,56,979,434,545
050,72,139,"Puerto Rico Commonwealth","Trujillo Alto Municipio",4,57,993,429,564
050,72,139,"Puerto Rico Commonwealth","Trujillo Alto Municipio",4,58,941,412,529
050,72,139,"Puerto Rico Commonwealth","Trujillo Alto Municipio",4,59,903,407,496
050,72,139,"Puerto Rico Commonwealth","Trujillo Alto Municipio",4,60,870,393,477
050,72,139,"Puerto Rico Commonwealth","Trujillo Alto Municipio",4,61,881,380,501
050,72,139,"Puerto Rico Commonwealth","Trujillo Alto Municipio",4,62,865,378,487
050,72,139,"Puerto Rico Commonwealth","Trujillo Alto Municipio",4,63,837,378,459
050,72,139,"Puerto Rico Commonwealth","Trujillo Alto Municipio",4,64,822,373,449
050,72,139,"Puerto Rico Commonwealth","Trujillo Alto Municipio",4,65,852,392,460
050,72,139,"Puerto Rico Commonwealth","Trujillo Alto Municipio",4,66,840,362,478
050,72,139,"Puerto Rico Commonwealth","Trujillo Alto Municipio",4,67,814,343,471
050,72,139,"Puerto Rico Commonwealth","Trujillo Alto Municipio",4,68,769,323,446
050,72,139,"Puerto Rico Commonwealth","Trujillo Alto Municipio",4,69,761,320,441
050,72,139,"Puerto Rico Commonwealth","Trujillo Alto Municipio",4,70,752,317,435
050,72,139,"Puerto Rico Commonwealth","Trujillo Alto Municipio",4,71,779,320,459
050,72,139,"Puerto Rico Commonwealth","Trujillo Alto Municipio",4,72,755,311,444
050,72,139,"Puerto Rico Commonwealth","Trujillo Alto Municipio",4,73,705,294,411
050,72,139,"Puerto Rico Commonwealth","Trujillo Alto Municipio",4,74,679,291,388
050,72,139,"Puerto Rico Commonwealth","Trujillo Alto Municipio",4,75,694,292,402
050,72,139,"Puerto Rico Commonwealth","Trujillo Alto Municipio",4,76,636,260,376
050,72,139,"Puerto Rico Commonwealth","Trujillo Alto Municipio",4,77,615,263,352
050,72,139,"Puerto Rico Commonwealth","Trujillo Alto Municipio",4,78,583,242,341
050,72,139,"Puerto Rico Commonwealth","Trujillo Alto Municipio",4,79,536,225,311
050,72,139,"Puerto Rico Commonwealth","Trujillo Alto Municipio",4,80,472,193,279
050,72,139,"Puerto Rico Commonwealth","Trujillo Alto Municipio",4,81,435,176,259
050,72,139,"Puerto Rico Commonwealth","Trujillo Alto Municipio",4,82,387,154,233
050,72,139,"Puerto Rico Commonwealth","Trujillo Alto Municipio",4,83,352,133,219
050,72,139,"Puerto Rico Commonwealth","Trujillo Alto Municipio",4,84,344,123,221
050,72,139,"Puerto Rico Commonwealth","Trujillo Alto Municipio",4,85,2033,733,1300
050,72,139,"Puerto Rico Commonwealth","Trujillo Alto Municipio",5,0,320,158,162
050,72,139,"Puerto Rico Commonwealth","Trujillo Alto Municipio",5,1,346,168,178
050,72,139,"Puerto Rico Commonwealth","Trujillo Alto Municipio",5,2,326,184,142
050,72,139,"Puerto Rico Commonwealth","Trujillo Alto Municipio",5,3,354,169,185
050,72,139,"Puerto Rico Commonwealth","Trujillo Alto Municipio",5,4,396,208,188
050,72,139,"Puerto Rico Commonwealth","Trujillo Alto Municipio",5,5,392,212,180
050,72,139,"Puerto Rico Commonwealth","Trujillo Alto Municipio",5,6,434,224,210
050,72,139,"Puerto Rico Commonwealth","Trujillo Alto Municipio",5,7,494,265,229
050,72,139,"Puerto Rico Commonwealth","Trujillo Alto Municipio",5,8,547,292,255
050,72,139,"Puerto Rico Commonwealth","Trujillo Alto Municipio",5,9,590,306,284
050,72,139,"Puerto Rico Commonwealth","Trujillo Alto Municipio",5,10,621,324,297
050,72,139,"Puerto Rico Commonwealth","Trujillo Alto Municipio",5,11,647,330,317
050,72,139,"Puerto Rico Commonwealth","Trujillo Alto Municipio",5,12,688,353,335
050,72,139,"Puerto Rico Commonwealth","Trujillo Alto Municipio",5,13,761,392,369
050,72,139,"Puerto Rico Commonwealth","Trujillo Alto Municipio",5,14,775,398,377
050,72,139,"Puerto Rico Commonwealth","Trujillo Alto Municipio",5,15,790,402,388
050,72,139,"Puerto Rico Commonwealth","Trujillo Alto Municipio",5,16,813,423,390
050,72,139,"Puerto Rico Commonwealth","Trujillo Alto Municipio",5,17,801,426,375
050,72,139,"Puerto Rico Commonwealth","Trujillo Alto Municipio",5,18,779,392,387
050,72,139,"Puerto Rico Commonwealth","Trujillo Alto Municipio",5,19,773,395,378
050,72,139,"Puerto Rico Commonwealth","Trujillo Alto Municipio",5,20,797,412,385
050,72,139,"Puerto Rico Commonwealth","Trujillo Alto Municipio",5,21,828,440,388
050,72,139,"Puerto Rico Commonwealth","Trujillo Alto Municipio",5,22,889,453,436
050,72,139,"Puerto Rico Commonwealth","Trujillo Alto Municipio",5,23,923,461,462
050,72,139,"Puerto Rico Commonwealth","Trujillo Alto Municipio",5,24,911,454,457
050,72,139,"Puerto Rico Commonwealth","Trujillo Alto Municipio",5,25,935,476,459
050,72,139,"Puerto Rico Commonwealth","Trujillo Alto Municipio",5,26,955,471,484
050,72,139,"Puerto Rico Commonwealth","Trujillo Alto Municipio",5,27,951,471,480
050,72,139,"Puerto Rico Commonwealth","Trujillo Alto Municipio",5,28,967,466,501
050,72,139,"Puerto Rico Commonwealth","Trujillo Alto Municipio",5,29,984,471,513
050,72,139,"Puerto Rico Commonwealth","Trujillo Alto Municipio",5,30,985,485,500
050,72,139,"Puerto Rico Commonwealth","Trujillo Alto Municipio",5,31,947,472,475
050,72,139,"Puerto Rico Commonwealth","Trujillo Alto Municipio",5,32,958,463,495
050,72,139,"Puerto Rico Commonwealth","Trujillo Alto Municipio",5,33,958,456,502
050,72,139,"Puerto Rico Commonwealth","Trujillo Alto Municipio",5,34,890,429,461
050,72,139,"Puerto Rico Commonwealth","Trujillo Alto Municipio",5,35,850,412,438
050,72,139,"Puerto Rico Commonwealth","Trujillo Alto Municipio",5,36,809,381,428
050,72,139,"Puerto Rico Commonwealth","Trujillo Alto Municipio",5,37,765,362,403
050,72,139,"Puerto Rico Commonwealth","Trujillo Alto Municipio",5,38,739,352,387
050,72,139,"Puerto Rico Commonwealth","Trujillo Alto Municipio",5,39,770,359,411
050,72,139,"Puerto Rico Commonwealth","Trujillo Alto Municipio",5,40,825,383,442
050,72,139,"Puerto Rico Commonwealth","Trujillo Alto Municipio",5,41,865,397,468
050,72,139,"Puerto Rico Commonwealth","Trujillo Alto Municipio",5,42,896,413,483
050,72,139,"Puerto Rico Commonwealth","Trujillo Alto Municipio",5,43,923,424,499
050,72,139,"Puerto Rico Commonwealth","Trujillo Alto Municipio",5,44,896,418,478
050,72,139,"Puerto Rico Commonwealth","Trujillo Alto Municipio",5,45,877,416,461
050,72,139,"Puerto Rico Commonwealth","Trujillo Alto Municipio",5,46,909,446,463
050,72,139,"Puerto Rico Commonwealth","Trujillo Alto Municipio",5,47,895,426,469
050,72,139,"Puerto Rico Commonwealth","Trujillo Alto Municipio",5,48,882,404,478
050,72,139,"Puerto Rico Commonwealth","Trujillo Alto Municipio",5,49,834,364,470
050,72,139,"Puerto Rico Commonwealth","Trujillo Alto Municipio",5,50,836,398,438
050,72,139,"Puerto Rico Commonwealth","Trujillo Alto Municipio",5,51,865,424,441
050,72,139,"Puerto Rico Commonwealth","Trujillo Alto Municipio",5,52,874,404,470
050,72,139,"Puerto Rico Commonwealth","Trujillo Alto Municipio",5,53,872,393,479
050,72,139,"Puerto Rico Commonwealth","Trujillo Alto Municipio",5,54,857,388,469
050,72,139,"Puerto Rico Commonwealth","Trujillo Alto Municipio",5,55,873,401,472
050,72,139,"Puerto Rico Commonwealth","Trujillo Alto Municipio",5,56,898,402,496
050,72,139,"Puerto Rico Commonwealth","Trujillo Alto Municipio",5,57,968,425,543
050,72,139,"Puerto Rico Commonwealth","Trujillo Alto Municipio",5,58,982,427,555
050,72,139,"Puerto Rico Commonwealth","Trujillo Alto Municipio",5,59,930,401,529
050,72,139,"Puerto Rico Commonwealth","Trujillo Alto Municipio",5,60,908,414,494
050,72,139,"Puerto Rico Commonwealth","Trujillo Alto Municipio",5,61,858,379,479
050,72,139,"Puerto Rico Commonwealth","Trujillo Alto Municipio",5,62,868,380,488
050,72,139,"Puerto Rico Commonwealth","Trujillo Alto Municipio",5,63,868,374,494
050,72,139,"Puerto Rico Commonwealth","Trujillo Alto Municipio",5,64,830,377,453
050,72,139,"Puerto Rico Commonwealth","Trujillo Alto Municipio",5,65,814,373,441
050,72,139,"Puerto Rico Commonwealth","Trujillo Alto Municipio",5,66,845,380,465
050,72,139,"Puerto Rico Commonwealth","Trujillo Alto Municipio",5,67,836,360,476
050,72,139,"Puerto Rico Commonwealth","Trujillo Alto Municipio",5,68,807,340,467
050,72,139,"Puerto Rico Commonwealth","Trujillo Alto Municipio",5,69,754,312,442
050,72,139,"Puerto Rico Commonwealth","Trujillo Alto Municipio",5,70,750,311,439
050,72,139,"Puerto Rico Commonwealth","Trujillo Alto Municipio",5,71,739,313,426
050,72,139,"Puerto Rico Commonwealth","Trujillo Alto Municipio",5,72,777,317,460
050,72,139,"Puerto Rico Commonwealth","Trujillo Alto Municipio",5,73,739,299,440
050,72,139,"Puerto Rico Commonwealth","Trujillo Alto Municipio",5,74,695,292,403
050,72,139,"Puerto Rico Commonwealth","Trujillo Alto Municipio",5,75,671,290,381
050,72,139,"Puerto Rico Commonwealth","Trujillo Alto Municipio",5,76,680,281,399
050,72,139,"Puerto Rico Commonwealth","Trujillo Alto Municipio",5,77,617,245,372
050,72,139,"Puerto Rico Commonwealth","Trujillo Alto Municipio",5,78,590,250,340
050,72,139,"Puerto Rico Commonwealth","Trujillo Alto Municipio",5,79,564,234,330
050,72,139,"Puerto Rico Commonwealth","Trujillo Alto Municipio",5,80,513,208,305
050,72,139,"Puerto Rico Commonwealth","Trujillo Alto Municipio",5,81,449,184,265
050,72,139,"Puerto Rico Commonwealth","Trujillo Alto Municipio",5,82,417,163,254
050,72,139,"Puerto Rico Commonwealth","Trujillo Alto Municipio",5,83,362,144,218
050,72,139,"Puerto Rico Commonwealth","Trujillo Alto Municipio",5,84,342,133,209
050,72,139,"Puerto Rico Commonwealth","Trujillo Alto Municipio",5,85,2197,789,1408
050,72,141,"Puerto Rico Commonwealth","Utuado Municipio",1,0,180,94,86
050,72,141,"Puerto Rico Commonwealth","Utuado Municipio",1,1,177,99,78
050,72,141,"Puerto Rico Commonwealth","Utuado Municipio",1,2,172,90,82
050,72,141,"Puerto Rico Commonwealth","Utuado Municipio",1,3,216,114,102
050,72,141,"Puerto Rico Commonwealth","Utuado Municipio",1,4,208,109,99
050,72,141,"Puerto Rico Commonwealth","Utuado Municipio",1,5,243,126,117
050,72,141,"Puerto Rico Commonwealth","Utuado Municipio",1,6,265,138,127
050,72,141,"Puerto Rico Commonwealth","Utuado Municipio",1,7,297,144,153
050,72,141,"Puerto Rico Commonwealth","Utuado Municipio",1,8,306,155,151
050,72,141,"Puerto Rico Commonwealth","Utuado Municipio",1,9,310,156,154
050,72,141,"Puerto Rico Commonwealth","Utuado Municipio",1,10,316,153,163
050,72,141,"Puerto Rico Commonwealth","Utuado Municipio",1,11,339,170,169
050,72,141,"Puerto Rico Commonwealth","Utuado Municipio",1,12,327,156,171
050,72,141,"Puerto Rico Commonwealth","Utuado Municipio",1,13,333,159,174
050,72,141,"Puerto Rico Commonwealth","Utuado Municipio",1,14,316,152,164
050,72,141,"Puerto Rico Commonwealth","Utuado Municipio",1,15,332,165,167
050,72,141,"Puerto Rico Commonwealth","Utuado Municipio",1,16,317,170,147
050,72,141,"Puerto Rico Commonwealth","Utuado Municipio",1,17,321,169,152
050,72,141,"Puerto Rico Commonwealth","Utuado Municipio",1,18,346,169,177
050,72,141,"Puerto Rico Commonwealth","Utuado Municipio",1,19,381,195,186
050,72,141,"Puerto Rico Commonwealth","Utuado Municipio",1,20,350,170,180
050,72,141,"Puerto Rico Commonwealth","Utuado Municipio",1,21,325,160,165
050,72,141,"Puerto Rico Commonwealth","Utuado Municipio",1,22,324,165,159
050,72,141,"Puerto Rico Commonwealth","Utuado Municipio",1,23,328,166,162
050,72,141,"Puerto Rico Commonwealth","Utuado Municipio",1,24,346,172,174
050,72,141,"Puerto Rico Commonwealth","Utuado Municipio",1,25,325,167,158
050,72,141,"Puerto Rico Commonwealth","Utuado Municipio",1,26,367,178,189
050,72,141,"Puerto Rico Commonwealth","Utuado Municipio",1,27,361,187,174
050,72,141,"Puerto Rico Commonwealth","Utuado Municipio",1,28,348,166,182
050,72,141,"Puerto Rico Commonwealth","Utuado Municipio",1,29,373,178,195
050,72,141,"Puerto Rico Commonwealth","Utuado Municipio",1,30,364,179,185
050,72,141,"Puerto Rico Commonwealth","Utuado Municipio",1,31,349,169,180
050,72,141,"Puerto Rico Commonwealth","Utuado Municipio",1,32,328,155,173
050,72,141,"Puerto Rico Commonwealth","Utuado Municipio",1,33,290,134,156
050,72,141,"Puerto Rico Commonwealth","Utuado Municipio",1,34,290,147,143
050,72,141,"Puerto Rico Commonwealth","Utuado Municipio",1,35,309,152,157
050,72,141,"Puerto Rico Commonwealth","Utuado Municipio",1,36,289,136,153
050,72,141,"Puerto Rico Commonwealth","Utuado Municipio",1,37,319,150,169
050,72,141,"Puerto Rico Commonwealth","Utuado Municipio",1,38,318,144,174
050,72,141,"Puerto Rico Commonwealth","Utuado Municipio",1,39,299,132,167
050,72,141,"Puerto Rico Commonwealth","Utuado Municipio",1,40,329,150,179
050,72,141,"Puerto Rico Commonwealth","Utuado Municipio",1,41,327,153,174
050,72,141,"Puerto Rico Commonwealth","Utuado Municipio",1,42,316,143,173
050,72,141,"Puerto Rico Commonwealth","Utuado Municipio",1,43,321,157,164
050,72,141,"Puerto Rico Commonwealth","Utuado Municipio",1,44,321,150,171
050,72,141,"Puerto Rico Commonwealth","Utuado Municipio",1,45,316,147,169
050,72,141,"Puerto Rico Commonwealth","Utuado Municipio",1,46,311,141,170
050,72,141,"Puerto Rico Commonwealth","Utuado Municipio",1,47,315,146,169
050,72,141,"Puerto Rico Commonwealth","Utuado Municipio",1,48,346,170,176
050,72,141,"Puerto Rico Commonwealth","Utuado Municipio",1,49,372,188,184
050,72,141,"Puerto Rico Commonwealth","Utuado Municipio",1,50,363,182,181
050,72,141,"Puerto Rico Commonwealth","Utuado Municipio",1,51,346,167,179
050,72,141,"Puerto Rico Commonwealth","Utuado Municipio",1,52,387,179,208
050,72,141,"Puerto Rico Commonwealth","Utuado Municipio",1,53,391,191,200
050,72,141,"Puerto Rico Commonwealth","Utuado Municipio",1,54,404,198,206
050,72,141,"Puerto Rico Commonwealth","Utuado Municipio",1,55,417,196,221
050,72,141,"Puerto Rico Commonwealth","Utuado Municipio",1,56,430,187,243
050,72,141,"Puerto Rico Commonwealth","Utuado Municipio",1,57,413,194,219
050,72,141,"Puerto Rico Commonwealth","Utuado Municipio",1,58,389,196,193
050,72,141,"Puerto Rico Commonwealth","Utuado Municipio",1,59,372,189,183
050,72,141,"Puerto Rico Commonwealth","Utuado Municipio",1,60,418,220,198
050,72,141,"Puerto Rico Commonwealth","Utuado Municipio",1,61,451,230,221
050,72,141,"Puerto Rico Commonwealth","Utuado Municipio",1,62,430,217,213
050,72,141,"Puerto Rico Commonwealth","Utuado Municipio",1,63,410,192,218
050,72,141,"Puerto Rico Commonwealth","Utuado Municipio",1,64,416,198,218
050,72,141,"Puerto Rico Commonwealth","Utuado Municipio",1,65,418,198,220
050,72,141,"Puerto Rico Commonwealth","Utuado Municipio",1,66,400,199,201
050,72,141,"Puerto Rico Commonwealth","Utuado Municipio",1,67,389,204,185
050,72,141,"Puerto Rico Commonwealth","Utuado Municipio",1,68,372,188,184
050,72,141,"Puerto Rico Commonwealth","Utuado Municipio",1,69,378,186,192
050,72,141,"Puerto Rico Commonwealth","Utuado Municipio",1,70,354,180,174
050,72,141,"Puerto Rico Commonwealth","Utuado Municipio",1,71,343,166,177
050,72,141,"Puerto Rico Commonwealth","Utuado Municipio",1,72,369,175,194
050,72,141,"Puerto Rico Commonwealth","Utuado Municipio",1,73,366,182,184
050,72,141,"Puerto Rico Commonwealth","Utuado Municipio",1,74,351,169,182
050,72,141,"Puerto Rico Commonwealth","Utuado Municipio",1,75,283,136,147
050,72,141,"Puerto Rico Commonwealth","Utuado Municipio",1,76,242,109,133
050,72,141,"Puerto Rico Commonwealth","Utuado Municipio",1,77,265,124,141
050,72,141,"Puerto Rico Commonwealth","Utuado Municipio",1,78,259,126,133
050,72,141,"Puerto Rico Commonwealth","Utuado Municipio",1,79,213,99,114
050,72,141,"Puerto Rico Commonwealth","Utuado Municipio",1,80,162,66,96
050,72,141,"Puerto Rico Commonwealth","Utuado Municipio",1,81,178,76,102
050,72,141,"Puerto Rico Commonwealth","Utuado Municipio",1,82,160,63,97
050,72,141,"Puerto Rico Commonwealth","Utuado Municipio",1,83,145,60,85
050,72,141,"Puerto Rico Commonwealth","Utuado Municipio",1,84,109,40,69
050,72,141,"Puerto Rico Commonwealth","Utuado Municipio",1,85,916,331,585
050,72,141,"Puerto Rico Commonwealth","Utuado Municipio",2,0,172,91,81
050,72,141,"Puerto Rico Commonwealth","Utuado Municipio",2,1,177,97,80
050,72,141,"Puerto Rico Commonwealth","Utuado Municipio",2,2,174,93,81
050,72,141,"Puerto Rico Commonwealth","Utuado Municipio",2,3,204,108,96
050,72,141,"Puerto Rico Commonwealth","Utuado Municipio",2,4,210,110,100
050,72,141,"Puerto Rico Commonwealth","Utuado Municipio",2,5,235,122,113
050,72,141,"Puerto Rico Commonwealth","Utuado Municipio",2,6,259,135,124
050,72,141,"Puerto Rico Commonwealth","Utuado Municipio",2,7,289,142,147
050,72,141,"Puerto Rico Commonwealth","Utuado Municipio",2,8,303,152,151
050,72,141,"Puerto Rico Commonwealth","Utuado Municipio",2,9,310,156,154
050,72,141,"Puerto Rico Commonwealth","Utuado Municipio",2,10,314,154,160
050,72,141,"Puerto Rico Commonwealth","Utuado Municipio",2,11,334,166,168
050,72,141,"Puerto Rico Commonwealth","Utuado Municipio",2,12,329,159,170
050,72,141,"Puerto Rico Commonwealth","Utuado Municipio",2,13,331,157,174
050,72,141,"Puerto Rico Commonwealth","Utuado Municipio",2,14,318,153,165
050,72,141,"Puerto Rico Commonwealth","Utuado Municipio",2,15,326,161,165
050,72,141,"Puerto Rico Commonwealth","Utuado Municipio",2,16,319,168,151
050,72,141,"Puerto Rico Commonwealth","Utuado Municipio",2,17,318,168,150
050,72,141,"Puerto Rico Commonwealth","Utuado Municipio",2,18,338,168,170
050,72,141,"Puerto Rico Commonwealth","Utuado Municipio",2,19,370,187,183
050,72,141,"Puerto Rico Commonwealth","Utuado Municipio",2,20,356,176,180
050,72,141,"Puerto Rico Commonwealth","Utuado Municipio",2,21,329,161,168
050,72,141,"Puerto Rico Commonwealth","Utuado Municipio",2,22,322,163,159
050,72,141,"Puerto Rico Commonwealth","Utuado Municipio",2,23,326,165,161
050,72,141,"Puerto Rico Commonwealth","Utuado Municipio",2,24,339,169,170
050,72,141,"Puerto Rico Commonwealth","Utuado Municipio",2,25,328,167,161
050,72,141,"Puerto Rico Commonwealth","Utuado Municipio",2,26,355,175,180
050,72,141,"Puerto Rico Commonwealth","Utuado Municipio",2,27,360,183,177
050,72,141,"Puerto Rico Commonwealth","Utuado Municipio",2,28,350,171,179
050,72,141,"Puerto Rico Commonwealth","Utuado Municipio",2,29,365,174,191
050,72,141,"Puerto Rico Commonwealth","Utuado Municipio",2,30,365,177,188
050,72,141,"Puerto Rico Commonwealth","Utuado Municipio",2,31,352,171,181
050,72,141,"Puerto Rico Commonwealth","Utuado Municipio",2,32,333,158,175
050,72,141,"Puerto Rico Commonwealth","Utuado Municipio",2,33,300,140,160
050,72,141,"Puerto Rico Commonwealth","Utuado Municipio",2,34,289,143,146
050,72,141,"Puerto Rico Commonwealth","Utuado Municipio",2,35,305,151,154
050,72,141,"Puerto Rico Commonwealth","Utuado Municipio",2,36,293,139,154
050,72,141,"Puerto Rico Commonwealth","Utuado Municipio",2,37,311,147,164
050,72,141,"Puerto Rico Commonwealth","Utuado Municipio",2,38,318,145,173
050,72,141,"Puerto Rico Commonwealth","Utuado Municipio",2,39,303,135,168
050,72,141,"Puerto Rico Commonwealth","Utuado Municipio",2,40,322,146,176
050,72,141,"Puerto Rico Commonwealth","Utuado Municipio",2,41,327,151,176
050,72,141,"Puerto Rico Commonwealth","Utuado Municipio",2,42,318,145,173
050,72,141,"Puerto Rico Commonwealth","Utuado Municipio",2,43,320,154,166
050,72,141,"Puerto Rico Commonwealth","Utuado Municipio",2,44,321,152,169
050,72,141,"Puerto Rico Commonwealth","Utuado Municipio",2,45,317,147,170
050,72,141,"Puerto Rico Commonwealth","Utuado Municipio",2,46,313,143,170
050,72,141,"Puerto Rico Commonwealth","Utuado Municipio",2,47,314,145,169
050,72,141,"Puerto Rico Commonwealth","Utuado Municipio",2,48,338,164,174
050,72,141,"Puerto Rico Commonwealth","Utuado Municipio",2,49,365,183,182
050,72,141,"Puerto Rico Commonwealth","Utuado Municipio",2,50,366,184,182
050,72,141,"Puerto Rico Commonwealth","Utuado Municipio",2,51,349,170,179
050,72,141,"Puerto Rico Commonwealth","Utuado Municipio",2,52,377,176,201
050,72,141,"Puerto Rico Commonwealth","Utuado Municipio",2,53,390,188,202
050,72,141,"Puerto Rico Commonwealth","Utuado Municipio",2,54,401,196,205
050,72,141,"Puerto Rico Commonwealth","Utuado Municipio",2,55,413,196,217
050,72,141,"Puerto Rico Commonwealth","Utuado Municipio",2,56,426,189,237
050,72,141,"Puerto Rico Commonwealth","Utuado Municipio",2,57,418,193,225
050,72,141,"Puerto Rico Commonwealth","Utuado Municipio",2,58,395,195,200
050,72,141,"Puerto Rico Commonwealth","Utuado Municipio",2,59,374,189,185
050,72,141,"Puerto Rico Commonwealth","Utuado Municipio",2,60,407,212,195
050,72,141,"Puerto Rico Commonwealth","Utuado Municipio",2,61,442,227,215
050,72,141,"Puerto Rico Commonwealth","Utuado Municipio",2,62,435,220,215
050,72,141,"Puerto Rico Commonwealth","Utuado Municipio",2,63,415,198,217
050,72,141,"Puerto Rico Commonwealth","Utuado Municipio",2,64,415,197,218
050,72,141,"Puerto Rico Commonwealth","Utuado Municipio",2,65,417,198,219
050,72,141,"Puerto Rico Commonwealth","Utuado Municipio",2,66,402,198,204
050,72,141,"Puerto Rico Commonwealth","Utuado Municipio",2,67,390,202,188
050,72,141,"Puerto Rico Commonwealth","Utuado Municipio",2,68,375,191,184
050,72,141,"Puerto Rico Commonwealth","Utuado Municipio",2,69,375,186,189
050,72,141,"Puerto Rico Commonwealth","Utuado Municipio",2,70,358,179,179
050,72,141,"Puerto Rico Commonwealth","Utuado Municipio",2,71,344,169,175
050,72,141,"Puerto Rico Commonwealth","Utuado Municipio",2,72,360,170,190
050,72,141,"Puerto Rico Commonwealth","Utuado Municipio",2,73,366,180,186
050,72,141,"Puerto Rico Commonwealth","Utuado Municipio",2,74,351,168,183
050,72,141,"Puerto Rico Commonwealth","Utuado Municipio",2,75,297,143,154
050,72,141,"Puerto Rico Commonwealth","Utuado Municipio",2,76,251,115,136
050,72,141,"Puerto Rico Commonwealth","Utuado Municipio",2,77,257,118,139
050,72,141,"Puerto Rico Commonwealth","Utuado Municipio",2,78,259,125,134
050,72,141,"Puerto Rico Commonwealth","Utuado Municipio",2,79,222,104,118
050,72,141,"Puerto Rico Commonwealth","Utuado Municipio",2,80,174,74,100
050,72,141,"Puerto Rico Commonwealth","Utuado Municipio",2,81,171,73,98
050,72,141,"Puerto Rico Commonwealth","Utuado Municipio",2,82,164,66,98
050,72,141,"Puerto Rico Commonwealth","Utuado Municipio",2,83,148,60,88
050,72,141,"Puerto Rico Commonwealth","Utuado Municipio",2,84,118,45,73
050,72,141,"Puerto Rico Commonwealth","Utuado Municipio",2,85,919,337,582
050,72,141,"Puerto Rico Commonwealth","Utuado Municipio",3,0,159,80,79
050,72,141,"Puerto Rico Commonwealth","Utuado Municipio",3,1,173,91,82
050,72,141,"Puerto Rico Commonwealth","Utuado Municipio",3,2,177,97,80
050,72,141,"Puerto Rico Commonwealth","Utuado Municipio",3,3,173,92,81
050,72,141,"Puerto Rico Commonwealth","Utuado Municipio",3,4,204,108,96
050,72,141,"Puerto Rico Commonwealth","Utuado Municipio",3,5,210,110,100
050,72,141,"Puerto Rico Commonwealth","Utuado Municipio",3,6,235,122,113
050,72,141,"Puerto Rico Commonwealth","Utuado Municipio",3,7,259,135,124
050,72,141,"Puerto Rico Commonwealth","Utuado Municipio",3,8,288,141,147
050,72,141,"Puerto Rico Commonwealth","Utuado Municipio",3,9,303,152,151
050,72,141,"Puerto Rico Commonwealth","Utuado Municipio",3,10,309,155,154
050,72,141,"Puerto Rico Commonwealth","Utuado Municipio",3,11,311,152,159
050,72,141,"Puerto Rico Commonwealth","Utuado Municipio",3,12,331,164,167
050,72,141,"Puerto Rico Commonwealth","Utuado Municipio",3,13,326,157,169
050,72,141,"Puerto Rico Commonwealth","Utuado Municipio",3,14,328,155,173
050,72,141,"Puerto Rico Commonwealth","Utuado Municipio",3,15,312,149,163
050,72,141,"Puerto Rico Commonwealth","Utuado Municipio",3,16,320,157,163
050,72,141,"Puerto Rico Commonwealth","Utuado Municipio",3,17,312,164,148
050,72,141,"Puerto Rico Commonwealth","Utuado Municipio",3,18,307,162,145
050,72,141,"Puerto Rico Commonwealth","Utuado Municipio",3,19,326,162,164
050,72,141,"Puerto Rico Commonwealth","Utuado Municipio",3,20,363,182,181
050,72,141,"Puerto Rico Commonwealth","Utuado Municipio",3,21,349,172,177
050,72,141,"Puerto Rico Commonwealth","Utuado Municipio",3,22,323,157,166
050,72,141,"Puerto Rico Commonwealth","Utuado Municipio",3,23,318,160,158
050,72,141,"Puerto Rico Commonwealth","Utuado Municipio",3,24,321,163,158
050,72,141,"Puerto Rico Commonwealth","Utuado Municipio",3,25,334,165,169
050,72,141,"Puerto Rico Commonwealth","Utuado Municipio",3,26,322,163,159
050,72,141,"Puerto Rico Commonwealth","Utuado Municipio",3,27,351,173,178
050,72,141,"Puerto Rico Commonwealth","Utuado Municipio",3,28,356,181,175
050,72,141,"Puerto Rico Commonwealth","Utuado Municipio",3,29,343,166,177
050,72,141,"Puerto Rico Commonwealth","Utuado Municipio",3,30,363,174,189
050,72,141,"Puerto Rico Commonwealth","Utuado Municipio",3,31,364,177,187
050,72,141,"Puerto Rico Commonwealth","Utuado Municipio",3,32,351,171,180
050,72,141,"Puerto Rico Commonwealth","Utuado Municipio",3,33,333,158,175
050,72,141,"Puerto Rico Commonwealth","Utuado Municipio",3,34,299,139,160
050,72,141,"Puerto Rico Commonwealth","Utuado Municipio",3,35,289,143,146
050,72,141,"Puerto Rico Commonwealth","Utuado Municipio",3,36,305,151,154
050,72,141,"Puerto Rico Commonwealth","Utuado Municipio",3,37,294,140,154
050,72,141,"Puerto Rico Commonwealth","Utuado Municipio",3,38,311,147,164
050,72,141,"Puerto Rico Commonwealth","Utuado Municipio",3,39,321,148,173
050,72,141,"Puerto Rico Commonwealth","Utuado Municipio",3,40,303,135,168
050,72,141,"Puerto Rico Commonwealth","Utuado Municipio",3,41,323,147,176
050,72,141,"Puerto Rico Commonwealth","Utuado Municipio",3,42,326,150,176
050,72,141,"Puerto Rico Commonwealth","Utuado Municipio",3,43,317,144,173
050,72,141,"Puerto Rico Commonwealth","Utuado Municipio",3,44,321,155,166
050,72,141,"Puerto Rico Commonwealth","Utuado Municipio",3,45,321,153,168
050,72,141,"Puerto Rico Commonwealth","Utuado Municipio",3,46,318,148,170
050,72,141,"Puerto Rico Commonwealth","Utuado Municipio",3,47,312,143,169
050,72,141,"Puerto Rico Commonwealth","Utuado Municipio",3,48,315,147,168
050,72,141,"Puerto Rico Commonwealth","Utuado Municipio",3,49,338,164,174
050,72,141,"Puerto Rico Commonwealth","Utuado Municipio",3,50,365,183,182
050,72,141,"Puerto Rico Commonwealth","Utuado Municipio",3,51,367,185,182
050,72,141,"Puerto Rico Commonwealth","Utuado Municipio",3,52,350,170,180
050,72,141,"Puerto Rico Commonwealth","Utuado Municipio",3,53,378,178,200
050,72,141,"Puerto Rico Commonwealth","Utuado Municipio",3,54,390,188,202
050,72,141,"Puerto Rico Commonwealth","Utuado Municipio",3,55,399,194,205
050,72,141,"Puerto Rico Commonwealth","Utuado Municipio",3,56,411,195,216
050,72,141,"Puerto Rico Commonwealth","Utuado Municipio",3,57,425,189,236
050,72,141,"Puerto Rico Commonwealth","Utuado Municipio",3,58,417,193,224
050,72,141,"Puerto Rico Commonwealth","Utuado Municipio",3,59,395,196,199
050,72,141,"Puerto Rico Commonwealth","Utuado Municipio",3,60,373,188,185
050,72,141,"Puerto Rico Commonwealth","Utuado Municipio",3,61,401,210,191
050,72,141,"Puerto Rico Commonwealth","Utuado Municipio",3,62,440,226,214
050,72,141,"Puerto Rico Commonwealth","Utuado Municipio",3,63,431,216,215
050,72,141,"Puerto Rico Commonwealth","Utuado Municipio",3,64,408,195,213
050,72,141,"Puerto Rico Commonwealth","Utuado Municipio",3,65,407,193,214
050,72,141,"Puerto Rico Commonwealth","Utuado Municipio",3,66,411,195,216
050,72,141,"Puerto Rico Commonwealth","Utuado Municipio",3,67,401,199,202
050,72,141,"Puerto Rico Commonwealth","Utuado Municipio",3,68,380,195,185
050,72,141,"Puerto Rico Commonwealth","Utuado Municipio",3,69,365,182,183
050,72,141,"Puerto Rico Commonwealth","Utuado Municipio",3,70,369,184,185
050,72,141,"Puerto Rico Commonwealth","Utuado Municipio",3,71,353,175,178
050,72,141,"Puerto Rico Commonwealth","Utuado Municipio",3,72,338,164,174
050,72,141,"Puerto Rico Commonwealth","Utuado Municipio",3,73,354,168,186
050,72,141,"Puerto Rico Commonwealth","Utuado Municipio",3,74,351,171,180
050,72,141,"Puerto Rico Commonwealth","Utuado Municipio",3,75,336,161,175
050,72,141,"Puerto Rico Commonwealth","Utuado Municipio",3,76,288,139,149
050,72,141,"Puerto Rico Commonwealth","Utuado Municipio",3,77,242,111,131
050,72,141,"Puerto Rico Commonwealth","Utuado Municipio",3,78,247,110,137
050,72,141,"Puerto Rico Commonwealth","Utuado Municipio",3,79,248,119,129
050,72,141,"Puerto Rico Commonwealth","Utuado Municipio",3,80,211,96,115
050,72,141,"Puerto Rico Commonwealth","Utuado Municipio",3,81,167,69,98
050,72,141,"Puerto Rico Commonwealth","Utuado Municipio",3,82,159,67,92
050,72,141,"Puerto Rico Commonwealth","Utuado Municipio",3,83,152,62,90
050,72,141,"Puerto Rico Commonwealth","Utuado Municipio",3,84,141,58,83
050,72,141,"Puerto Rico Commonwealth","Utuado Municipio",3,85,937,345,592
050,72,141,"Puerto Rico Commonwealth","Utuado Municipio",4,0,141,72,69
050,72,141,"Puerto Rico Commonwealth","Utuado Municipio",4,1,157,79,78
050,72,141,"Puerto Rico Commonwealth","Utuado Municipio",4,2,169,89,80
050,72,141,"Puerto Rico Commonwealth","Utuado Municipio",4,3,174,95,79
050,72,141,"Puerto Rico Commonwealth","Utuado Municipio",4,4,169,90,79
050,72,141,"Puerto Rico Commonwealth","Utuado Municipio",4,5,202,107,95
050,72,141,"Puerto Rico Commonwealth","Utuado Municipio",4,6,207,108,99
050,72,141,"Puerto Rico Commonwealth","Utuado Municipio",4,7,231,120,111
050,72,141,"Puerto Rico Commonwealth","Utuado Municipio",4,8,255,133,122
050,72,141,"Puerto Rico Commonwealth","Utuado Municipio",4,9,284,139,145
050,72,141,"Puerto Rico Commonwealth","Utuado Municipio",4,10,298,149,149
050,72,141,"Puerto Rico Commonwealth","Utuado Municipio",4,11,303,152,151
050,72,141,"Puerto Rico Commonwealth","Utuado Municipio",4,12,304,148,156
050,72,141,"Puerto Rico Commonwealth","Utuado Municipio",4,13,324,160,164
050,72,141,"Puerto Rico Commonwealth","Utuado Municipio",4,14,319,153,166
050,72,141,"Puerto Rico Commonwealth","Utuado Municipio",4,15,320,150,170
050,72,141,"Puerto Rico Commonwealth","Utuado Municipio",4,16,302,143,159
050,72,141,"Puerto Rico Commonwealth","Utuado Municipio",4,17,309,151,158
050,72,141,"Puerto Rico Commonwealth","Utuado Municipio",4,18,297,155,142
050,72,141,"Puerto Rico Commonwealth","Utuado Municipio",4,19,292,154,138
050,72,141,"Puerto Rico Commonwealth","Utuado Municipio",4,20,313,154,159
050,72,141,"Puerto Rico Commonwealth","Utuado Municipio",4,21,351,175,176
050,72,141,"Puerto Rico Commonwealth","Utuado Municipio",4,22,338,165,173
050,72,141,"Puerto Rico Commonwealth","Utuado Municipio",4,23,313,150,163
050,72,141,"Puerto Rico Commonwealth","Utuado Municipio",4,24,310,155,155
050,72,141,"Puerto Rico Commonwealth","Utuado Municipio",4,25,312,158,154
050,72,141,"Puerto Rico Commonwealth","Utuado Municipio",4,26,326,160,166
050,72,141,"Puerto Rico Commonwealth","Utuado Municipio",4,27,312,157,155
050,72,141,"Puerto Rico Commonwealth","Utuado Municipio",4,28,342,168,174
050,72,141,"Puerto Rico Commonwealth","Utuado Municipio",4,29,343,172,171
050,72,141,"Puerto Rico Commonwealth","Utuado Municipio",4,30,336,162,174
050,72,141,"Puerto Rico Commonwealth","Utuado Municipio",4,31,357,171,186
050,72,141,"Puerto Rico Commonwealth","Utuado Municipio",4,32,357,173,184
050,72,141,"Puerto Rico Commonwealth","Utuado Municipio",4,33,346,168,178
050,72,141,"Puerto Rico Commonwealth","Utuado Municipio",4,34,327,154,173
050,72,141,"Puerto Rico Commonwealth","Utuado Municipio",4,35,295,137,158
050,72,141,"Puerto Rico Commonwealth","Utuado Municipio",4,36,281,137,144
050,72,141,"Puerto Rico Commonwealth","Utuado Municipio",4,37,301,149,152
050,72,141,"Puerto Rico Commonwealth","Utuado Municipio",4,38,288,136,152
050,72,141,"Puerto Rico Commonwealth","Utuado Municipio",4,39,311,149,162
050,72,141,"Puerto Rico Commonwealth","Utuado Municipio",4,40,317,145,172
050,72,141,"Puerto Rico Commonwealth","Utuado Municipio",4,41,299,133,166
050,72,141,"Puerto Rico Commonwealth","Utuado Municipio",4,42,320,145,175
050,72,141,"Puerto Rico Commonwealth","Utuado Municipio",4,43,324,149,175
050,72,141,"Puerto Rico Commonwealth","Utuado Municipio",4,44,315,143,172
050,72,141,"Puerto Rico Commonwealth","Utuado Municipio",4,45,319,154,165
050,72,141,"Puerto Rico Commonwealth","Utuado Municipio",4,46,320,154,166
050,72,141,"Puerto Rico Commonwealth","Utuado Municipio",4,47,315,146,169
050,72,141,"Puerto Rico Commonwealth","Utuado Municipio",4,48,311,143,168
050,72,141,"Puerto Rico Commonwealth","Utuado Municipio",4,49,313,146,167
050,72,141,"Puerto Rico Commonwealth","Utuado Municipio",4,50,335,162,173
050,72,141,"Puerto Rico Commonwealth","Utuado Municipio",4,51,365,184,181
050,72,141,"Puerto Rico Commonwealth","Utuado Municipio",4,52,362,180,182
050,72,141,"Puerto Rico Commonwealth","Utuado Municipio",4,53,346,169,177
050,72,141,"Puerto Rico Commonwealth","Utuado Municipio",4,54,375,178,197
050,72,141,"Puerto Rico Commonwealth","Utuado Municipio",4,55,387,187,200
050,72,141,"Puerto Rico Commonwealth","Utuado Municipio",4,56,396,194,202
050,72,141,"Puerto Rico Commonwealth","Utuado Municipio",4,57,408,195,213
050,72,141,"Puerto Rico Commonwealth","Utuado Municipio",4,58,421,188,233
050,72,141,"Puerto Rico Commonwealth","Utuado Municipio",4,59,415,193,222
050,72,141,"Puerto Rico Commonwealth","Utuado Municipio",4,60,389,192,197
050,72,141,"Puerto Rico Commonwealth","Utuado Municipio",4,61,372,188,184
050,72,141,"Puerto Rico Commonwealth","Utuado Municipio",4,62,397,207,190
050,72,141,"Puerto Rico Commonwealth","Utuado Municipio",4,63,437,223,214
050,72,141,"Puerto Rico Commonwealth","Utuado Municipio",4,64,427,214,213
050,72,141,"Puerto Rico Commonwealth","Utuado Municipio",4,65,399,189,210
050,72,141,"Puerto Rico Commonwealth","Utuado Municipio",4,66,403,190,213
050,72,141,"Puerto Rico Commonwealth","Utuado Municipio",4,67,406,194,212
050,72,141,"Puerto Rico Commonwealth","Utuado Municipio",4,68,396,197,199
050,72,141,"Puerto Rico Commonwealth","Utuado Municipio",4,69,373,191,182
050,72,141,"Puerto Rico Commonwealth","Utuado Municipio",4,70,358,177,181
050,72,141,"Puerto Rico Commonwealth","Utuado Municipio",4,71,361,178,183
050,72,141,"Puerto Rico Commonwealth","Utuado Municipio",4,72,348,174,174
050,72,141,"Puerto Rico Commonwealth","Utuado Municipio",4,73,331,159,172
050,72,141,"Puerto Rico Commonwealth","Utuado Municipio",4,74,340,159,181
050,72,141,"Puerto Rico Commonwealth","Utuado Municipio",4,75,344,165,179
050,72,141,"Puerto Rico Commonwealth","Utuado Municipio",4,76,321,152,169
050,72,141,"Puerto Rico Commonwealth","Utuado Municipio",4,77,283,136,147
050,72,141,"Puerto Rico Commonwealth","Utuado Municipio",4,78,230,103,127
050,72,141,"Puerto Rico Commonwealth","Utuado Municipio",4,79,244,106,138
050,72,141,"Puerto Rico Commonwealth","Utuado Municipio",4,80,241,115,126
050,72,141,"Puerto Rico Commonwealth","Utuado Municipio",4,81,204,91,113
050,72,141,"Puerto Rico Commonwealth","Utuado Municipio",4,82,157,63,94
050,72,141,"Puerto Rico Commonwealth","Utuado Municipio",4,83,152,63,89
050,72,141,"Puerto Rico Commonwealth","Utuado Municipio",4,84,141,58,83
050,72,141,"Puerto Rico Commonwealth","Utuado Municipio",4,85,981,353,628
050,72,141,"Puerto Rico Commonwealth","Utuado Municipio",5,0,133,68,65
050,72,141,"Puerto Rico Commonwealth","Utuado Municipio",5,1,141,72,69
050,72,141,"Puerto Rico Commonwealth","Utuado Municipio",5,2,157,79,78
050,72,141,"Puerto Rico Commonwealth","Utuado Municipio",5,3,169,89,80
050,72,141,"Puerto Rico Commonwealth","Utuado Municipio",5,4,174,95,79
050,72,141,"Puerto Rico Commonwealth","Utuado Municipio",5,5,169,90,79
050,72,141,"Puerto Rico Commonwealth","Utuado Municipio",5,6,202,107,95
050,72,141,"Puerto Rico Commonwealth","Utuado Municipio",5,7,207,108,99
050,72,141,"Puerto Rico Commonwealth","Utuado Municipio",5,8,231,120,111
050,72,141,"Puerto Rico Commonwealth","Utuado Municipio",5,9,255,133,122
050,72,141,"Puerto Rico Commonwealth","Utuado Municipio",5,10,283,138,145
050,72,141,"Puerto Rico Commonwealth","Utuado Municipio",5,11,296,148,148
050,72,141,"Puerto Rico Commonwealth","Utuado Municipio",5,12,301,151,150
050,72,141,"Puerto Rico Commonwealth","Utuado Municipio",5,13,301,146,155
050,72,141,"Puerto Rico Commonwealth","Utuado Municipio",5,14,321,158,163
050,72,141,"Puerto Rico Commonwealth","Utuado Municipio",5,15,315,150,165
050,72,141,"Puerto Rico Commonwealth","Utuado Municipio",5,16,315,147,168
050,72,141,"Puerto Rico Commonwealth","Utuado Municipio",5,17,296,140,156
050,72,141,"Puerto Rico Commonwealth","Utuado Municipio",5,18,299,145,154
050,72,141,"Puerto Rico Commonwealth","Utuado Municipio",5,19,288,150,138
050,72,141,"Puerto Rico Commonwealth","Utuado Municipio",5,20,286,150,136
050,72,141,"Puerto Rico Commonwealth","Utuado Municipio",5,21,306,150,156
050,72,141,"Puerto Rico Commonwealth","Utuado Municipio",5,22,345,171,174
050,72,141,"Puerto Rico Commonwealth","Utuado Municipio",5,23,334,162,172
050,72,141,"Puerto Rico Commonwealth","Utuado Municipio",5,24,310,148,162
050,72,141,"Puerto Rico Commonwealth","Utuado Municipio",5,25,307,153,154
050,72,141,"Puerto Rico Commonwealth","Utuado Municipio",5,26,309,156,153
050,72,141,"Puerto Rico Commonwealth","Utuado Municipio",5,27,323,158,165
050,72,141,"Puerto Rico Commonwealth","Utuado Municipio",5,28,307,154,153
050,72,141,"Puerto Rico Commonwealth","Utuado Municipio",5,29,336,163,173
050,72,141,"Puerto Rico Commonwealth","Utuado Municipio",5,30,342,172,170
050,72,141,"Puerto Rico Commonwealth","Utuado Municipio",5,31,336,163,173
050,72,141,"Puerto Rico Commonwealth","Utuado Municipio",5,32,356,170,186
050,72,141,"Puerto Rico Commonwealth","Utuado Municipio",5,33,357,173,184
050,72,141,"Puerto Rico Commonwealth","Utuado Municipio",5,34,345,168,177
050,72,141,"Puerto Rico Commonwealth","Utuado Municipio",5,35,328,155,173
050,72,141,"Puerto Rico Commonwealth","Utuado Municipio",5,36,294,136,158
050,72,141,"Puerto Rico Commonwealth","Utuado Municipio",5,37,282,138,144
050,72,141,"Puerto Rico Commonwealth","Utuado Municipio",5,38,301,149,152
050,72,141,"Puerto Rico Commonwealth","Utuado Municipio",5,39,291,139,152
050,72,141,"Puerto Rico Commonwealth","Utuado Municipio",5,40,310,148,162
050,72,141,"Puerto Rico Commonwealth","Utuado Municipio",5,41,316,143,173
050,72,141,"Puerto Rico Commonwealth","Utuado Municipio",5,42,297,132,165
050,72,141,"Puerto Rico Commonwealth","Utuado Municipio",5,43,320,145,175
050,72,141,"Puerto Rico Commonwealth","Utuado Municipio",5,44,324,149,175
050,72,141,"Puerto Rico Commonwealth","Utuado Municipio",5,45,313,142,171
050,72,141,"Puerto Rico Commonwealth","Utuado Municipio",5,46,319,155,164
050,72,141,"Puerto Rico Commonwealth","Utuado Municipio",5,47,320,154,166
050,72,141,"Puerto Rico Commonwealth","Utuado Municipio",5,48,316,147,169
050,72,141,"Puerto Rico Commonwealth","Utuado Municipio",5,49,311,143,168
050,72,141,"Puerto Rico Commonwealth","Utuado Municipio",5,50,315,148,167
050,72,141,"Puerto Rico Commonwealth","Utuado Municipio",5,51,337,164,173
050,72,141,"Puerto Rico Commonwealth","Utuado Municipio",5,52,364,183,181
050,72,141,"Puerto Rico Commonwealth","Utuado Municipio",5,53,357,179,178
050,72,141,"Puerto Rico Commonwealth","Utuado Municipio",5,54,347,170,177
050,72,141,"Puerto Rico Commonwealth","Utuado Municipio",5,55,374,178,196
050,72,141,"Puerto Rico Commonwealth","Utuado Municipio",5,56,386,186,200
050,72,141,"Puerto Rico Commonwealth","Utuado Municipio",5,57,397,195,202
050,72,141,"Puerto Rico Commonwealth","Utuado Municipio",5,58,407,194,213
050,72,141,"Puerto Rico Commonwealth","Utuado Municipio",5,59,422,190,232
050,72,141,"Puerto Rico Commonwealth","Utuado Municipio",5,60,411,189,222
050,72,141,"Puerto Rico Commonwealth","Utuado Municipio",5,61,387,192,195
050,72,141,"Puerto Rico Commonwealth","Utuado Municipio",5,62,368,186,182
050,72,141,"Puerto Rico Commonwealth","Utuado Municipio",5,63,392,203,189
050,72,141,"Puerto Rico Commonwealth","Utuado Municipio",5,64,430,219,211
050,72,141,"Puerto Rico Commonwealth","Utuado Municipio",5,65,416,210,206
050,72,141,"Puerto Rico Commonwealth","Utuado Municipio",5,66,396,187,209
050,72,141,"Puerto Rico Commonwealth","Utuado Municipio",5,67,399,189,210
050,72,141,"Puerto Rico Commonwealth","Utuado Municipio",5,68,401,189,212
050,72,141,"Puerto Rico Commonwealth","Utuado Municipio",5,69,389,191,198
050,72,141,"Puerto Rico Commonwealth","Utuado Municipio",5,70,368,188,180
050,72,141,"Puerto Rico Commonwealth","Utuado Municipio",5,71,349,171,178
050,72,141,"Puerto Rico Commonwealth","Utuado Municipio",5,72,353,173,180
050,72,141,"Puerto Rico Commonwealth","Utuado Municipio",5,73,339,169,170
050,72,141,"Puerto Rico Commonwealth","Utuado Municipio",5,74,322,151,171
050,72,141,"Puerto Rico Commonwealth","Utuado Municipio",5,75,330,154,176
050,72,141,"Puerto Rico Commonwealth","Utuado Municipio",5,76,328,159,169
050,72,141,"Puerto Rico Commonwealth","Utuado Municipio",5,77,310,146,164
050,72,141,"Puerto Rico Commonwealth","Utuado Municipio",5,78,270,128,142
050,72,141,"Puerto Rico Commonwealth","Utuado Municipio",5,79,227,101,126
050,72,141,"Puerto Rico Commonwealth","Utuado Municipio",5,80,231,98,133
050,72,141,"Puerto Rico Commonwealth","Utuado Municipio",5,81,234,111,123
050,72,141,"Puerto Rico Commonwealth","Utuado Municipio",5,82,191,85,106
050,72,141,"Puerto Rico Commonwealth","Utuado Municipio",5,83,150,61,89
050,72,141,"Puerto Rico Commonwealth","Utuado Municipio",5,84,141,58,83
050,72,141,"Puerto Rico Commonwealth","Utuado Municipio",5,85,1010,362,648
050,72,143,"Puerto Rico Commonwealth","Vega Alta Municipio",1,0,214,104,110
050,72,143,"Puerto Rico Commonwealth","Vega Alta Municipio",1,1,244,119,125
050,72,143,"Puerto Rico Commonwealth","Vega Alta Municipio",1,2,235,122,113
050,72,143,"Puerto Rico Commonwealth","Vega Alta Municipio",1,3,267,141,126
050,72,143,"Puerto Rico Commonwealth","Vega Alta Municipio",1,4,299,148,151
050,72,143,"Puerto Rico Commonwealth","Vega Alta Municipio",1,5,333,168,165
050,72,143,"Puerto Rico Commonwealth","Vega Alta Municipio",1,6,351,178,173
050,72,143,"Puerto Rico Commonwealth","Vega Alta Municipio",1,7,370,185,185
050,72,143,"Puerto Rico Commonwealth","Vega Alta Municipio",1,8,389,195,194
050,72,143,"Puerto Rico Commonwealth","Vega Alta Municipio",1,9,409,196,213
050,72,143,"Puerto Rico Commonwealth","Vega Alta Municipio",1,10,450,224,226
050,72,143,"Puerto Rico Commonwealth","Vega Alta Municipio",1,11,430,224,206
050,72,143,"Puerto Rico Commonwealth","Vega Alta Municipio",1,12,444,226,218
050,72,143,"Puerto Rico Commonwealth","Vega Alta Municipio",1,13,451,238,213
050,72,143,"Puerto Rico Commonwealth","Vega Alta Municipio",1,14,460,240,220
050,72,143,"Puerto Rico Commonwealth","Vega Alta Municipio",1,15,486,238,248
050,72,143,"Puerto Rico Commonwealth","Vega Alta Municipio",1,16,477,241,236
050,72,143,"Puerto Rico Commonwealth","Vega Alta Municipio",1,17,465,240,225
050,72,143,"Puerto Rico Commonwealth","Vega Alta Municipio",1,18,455,245,210
050,72,143,"Puerto Rico Commonwealth","Vega Alta Municipio",1,19,486,250,236
050,72,143,"Puerto Rico Commonwealth","Vega Alta Municipio",1,20,490,251,239
050,72,143,"Puerto Rico Commonwealth","Vega Alta Municipio",1,21,481,246,235
050,72,143,"Puerto Rico Commonwealth","Vega Alta Municipio",1,22,492,240,252
050,72,143,"Puerto Rico Commonwealth","Vega Alta Municipio",1,23,478,239,239
050,72,143,"Puerto Rico Commonwealth","Vega Alta Municipio",1,24,491,251,240
050,72,143,"Puerto Rico Commonwealth","Vega Alta Municipio",1,25,505,249,256
050,72,143,"Puerto Rico Commonwealth","Vega Alta Municipio",1,26,516,257,259
050,72,143,"Puerto Rico Commonwealth","Vega Alta Municipio",1,27,493,239,254
050,72,143,"Puerto Rico Commonwealth","Vega Alta Municipio",1,28,487,241,246
050,72,143,"Puerto Rico Commonwealth","Vega Alta Municipio",1,29,507,251,256
050,72,143,"Puerto Rico Commonwealth","Vega Alta Municipio",1,30,523,265,258
050,72,143,"Puerto Rico Commonwealth","Vega Alta Municipio",1,31,489,250,239
050,72,143,"Puerto Rico Commonwealth","Vega Alta Municipio",1,32,440,214,226
050,72,143,"Puerto Rico Commonwealth","Vega Alta Municipio",1,33,439,206,233
050,72,143,"Puerto Rico Commonwealth","Vega Alta Municipio",1,34,397,187,210
050,72,143,"Puerto Rico Commonwealth","Vega Alta Municipio",1,35,375,172,203
050,72,143,"Puerto Rico Commonwealth","Vega Alta Municipio",1,36,394,177,217
050,72,143,"Puerto Rico Commonwealth","Vega Alta Municipio",1,37,442,214,228
050,72,143,"Puerto Rico Commonwealth","Vega Alta Municipio",1,38,440,208,232
050,72,143,"Puerto Rico Commonwealth","Vega Alta Municipio",1,39,467,212,255
050,72,143,"Puerto Rico Commonwealth","Vega Alta Municipio",1,40,455,204,251
050,72,143,"Puerto Rico Commonwealth","Vega Alta Municipio",1,41,442,210,232
050,72,143,"Puerto Rico Commonwealth","Vega Alta Municipio",1,42,467,231,236
050,72,143,"Puerto Rico Commonwealth","Vega Alta Municipio",1,43,463,229,234
050,72,143,"Puerto Rico Commonwealth","Vega Alta Municipio",1,44,456,223,233
050,72,143,"Puerto Rico Commonwealth","Vega Alta Municipio",1,45,438,199,239
050,72,143,"Puerto Rico Commonwealth","Vega Alta Municipio",1,46,426,198,228
050,72,143,"Puerto Rico Commonwealth","Vega Alta Municipio",1,47,424,206,218
050,72,143,"Puerto Rico Commonwealth","Vega Alta Municipio",1,48,433,217,216
050,72,143,"Puerto Rico Commonwealth","Vega Alta Municipio",1,49,482,230,252
050,72,143,"Puerto Rico Commonwealth","Vega Alta Municipio",1,50,467,227,240
050,72,143,"Puerto Rico Commonwealth","Vega Alta Municipio",1,51,421,209,212
050,72,143,"Puerto Rico Commonwealth","Vega Alta Municipio",1,52,436,204,232
050,72,143,"Puerto Rico Commonwealth","Vega Alta Municipio",1,53,445,199,246
050,72,143,"Puerto Rico Commonwealth","Vega Alta Municipio",1,54,485,220,265
050,72,143,"Puerto Rico Commonwealth","Vega Alta Municipio",1,55,478,225,253
050,72,143,"Puerto Rico Commonwealth","Vega Alta Municipio",1,56,458,221,237
050,72,143,"Puerto Rico Commonwealth","Vega Alta Municipio",1,57,482,215,267
050,72,143,"Puerto Rico Commonwealth","Vega Alta Municipio",1,58,475,218,257
050,72,143,"Puerto Rico Commonwealth","Vega Alta Municipio",1,59,488,236,252
050,72,143,"Puerto Rico Commonwealth","Vega Alta Municipio",1,60,499,234,265
050,72,143,"Puerto Rico Commonwealth","Vega Alta Municipio",1,61,471,221,250
050,72,143,"Puerto Rico Commonwealth","Vega Alta Municipio",1,62,448,219,229
050,72,143,"Puerto Rico Commonwealth","Vega Alta Municipio",1,63,443,219,224
050,72,143,"Puerto Rico Commonwealth","Vega Alta Municipio",1,64,433,211,222
050,72,143,"Puerto Rico Commonwealth","Vega Alta Municipio",1,65,395,174,221
050,72,143,"Puerto Rico Commonwealth","Vega Alta Municipio",1,66,368,166,202
050,72,143,"Puerto Rico Commonwealth","Vega Alta Municipio",1,67,364,172,192
050,72,143,"Puerto Rico Commonwealth","Vega Alta Municipio",1,68,355,171,184
050,72,143,"Puerto Rico Commonwealth","Vega Alta Municipio",1,69,362,164,198
050,72,143,"Puerto Rico Commonwealth","Vega Alta Municipio",1,70,360,161,199
050,72,143,"Puerto Rico Commonwealth","Vega Alta Municipio",1,71,360,166,194
050,72,143,"Puerto Rico Commonwealth","Vega Alta Municipio",1,72,378,167,211
050,72,143,"Puerto Rico Commonwealth","Vega Alta Municipio",1,73,369,160,209
050,72,143,"Puerto Rico Commonwealth","Vega Alta Municipio",1,74,354,159,195
050,72,143,"Puerto Rico Commonwealth","Vega Alta Municipio",1,75,311,149,162
050,72,143,"Puerto Rico Commonwealth","Vega Alta Municipio",1,76,293,136,157
050,72,143,"Puerto Rico Commonwealth","Vega Alta Municipio",1,77,274,120,154
050,72,143,"Puerto Rico Commonwealth","Vega Alta Municipio",1,78,261,122,139
050,72,143,"Puerto Rico Commonwealth","Vega Alta Municipio",1,79,249,107,142
050,72,143,"Puerto Rico Commonwealth","Vega Alta Municipio",1,80,235,105,130
050,72,143,"Puerto Rico Commonwealth","Vega Alta Municipio",1,81,206,86,120
050,72,143,"Puerto Rico Commonwealth","Vega Alta Municipio",1,82,191,74,117
050,72,143,"Puerto Rico Commonwealth","Vega Alta Municipio",1,83,173,80,93
050,72,143,"Puerto Rico Commonwealth","Vega Alta Municipio",1,84,155,76,79
050,72,143,"Puerto Rico Commonwealth","Vega Alta Municipio",1,85,906,357,549
050,72,143,"Puerto Rico Commonwealth","Vega Alta Municipio",2,0,209,99,110
050,72,143,"Puerto Rico Commonwealth","Vega Alta Municipio",2,1,236,115,121
050,72,143,"Puerto Rico Commonwealth","Vega Alta Municipio",2,2,238,122,116
050,72,143,"Puerto Rico Commonwealth","Vega Alta Municipio",2,3,259,136,123
050,72,143,"Puerto Rico Commonwealth","Vega Alta Municipio",2,4,290,146,144
050,72,143,"Puerto Rico Commonwealth","Vega Alta Municipio",2,5,325,163,162
050,72,143,"Puerto Rico Commonwealth","Vega Alta Municipio",2,6,347,176,171
050,72,143,"Puerto Rico Commonwealth","Vega Alta Municipio",2,7,365,183,182
050,72,143,"Puerto Rico Commonwealth","Vega Alta Municipio",2,8,384,192,192
050,72,143,"Puerto Rico Commonwealth","Vega Alta Municipio",2,9,404,196,208
050,72,143,"Puerto Rico Commonwealth","Vega Alta Municipio",2,10,440,217,223
050,72,143,"Puerto Rico Commonwealth","Vega Alta Municipio",2,11,435,224,211
050,72,143,"Puerto Rico Commonwealth","Vega Alta Municipio",2,12,441,226,215
050,72,143,"Puerto Rico Commonwealth","Vega Alta Municipio",2,13,449,235,214
050,72,143,"Puerto Rico Commonwealth","Vega Alta Municipio",2,14,457,239,218
050,72,143,"Puerto Rico Commonwealth","Vega Alta Municipio",2,15,480,239,241
050,72,143,"Puerto Rico Commonwealth","Vega Alta Municipio",2,16,479,240,239
050,72,143,"Puerto Rico Commonwealth","Vega Alta Municipio",2,17,468,240,228
050,72,143,"Puerto Rico Commonwealth","Vega Alta Municipio",2,18,458,244,214
050,72,143,"Puerto Rico Commonwealth","Vega Alta Municipio",2,19,478,249,229
050,72,143,"Puerto Rico Commonwealth","Vega Alta Municipio",2,20,488,250,238
050,72,143,"Puerto Rico Commonwealth","Vega Alta Municipio",2,21,484,248,236
050,72,143,"Puerto Rico Commonwealth","Vega Alta Municipio",2,22,489,241,248
050,72,143,"Puerto Rico Commonwealth","Vega Alta Municipio",2,23,481,239,242
050,72,143,"Puerto Rico Commonwealth","Vega Alta Municipio",2,24,488,248,240
050,72,143,"Puerto Rico Commonwealth","Vega Alta Municipio",2,25,502,250,252
050,72,143,"Puerto Rico Commonwealth","Vega Alta Municipio",2,26,513,255,258
050,72,143,"Puerto Rico Commonwealth","Vega Alta Municipio",2,27,499,243,256
050,72,143,"Puerto Rico Commonwealth","Vega Alta Municipio",2,28,489,241,248
050,72,143,"Puerto Rico Commonwealth","Vega Alta Municipio",2,29,501,248,253
050,72,143,"Puerto Rico Commonwealth","Vega Alta Municipio",2,30,520,262,258
050,72,143,"Puerto Rico Commonwealth","Vega Alta Municipio",2,31,497,254,243
050,72,143,"Puerto Rico Commonwealth","Vega Alta Municipio",2,32,452,222,230
050,72,143,"Puerto Rico Commonwealth","Vega Alta Municipio",2,33,439,208,231
050,72,143,"Puerto Rico Commonwealth","Vega Alta Municipio",2,34,405,189,216
050,72,143,"Puerto Rico Commonwealth","Vega Alta Municipio",2,35,380,176,204
050,72,143,"Puerto Rico Commonwealth","Vega Alta Municipio",2,36,390,176,214
050,72,143,"Puerto Rico Commonwealth","Vega Alta Municipio",2,37,429,205,224
050,72,143,"Puerto Rico Commonwealth","Vega Alta Municipio",2,38,439,209,230
050,72,143,"Puerto Rico Commonwealth","Vega Alta Municipio",2,39,459,211,248
050,72,143,"Puerto Rico Commonwealth","Vega Alta Municipio",2,40,457,206,251
050,72,143,"Puerto Rico Commonwealth","Vega Alta Municipio",2,41,445,209,236
050,72,143,"Puerto Rico Commonwealth","Vega Alta Municipio",2,42,460,225,235
050,72,143,"Puerto Rico Commonwealth","Vega Alta Municipio",2,43,463,228,235
050,72,143,"Puerto Rico Commonwealth","Vega Alta Municipio",2,44,457,224,233
050,72,143,"Puerto Rico Commonwealth","Vega Alta Municipio",2,45,440,203,237
050,72,143,"Puerto Rico Commonwealth","Vega Alta Municipio",2,46,430,199,231
050,72,143,"Puerto Rico Commonwealth","Vega Alta Municipio",2,47,425,204,221
050,72,143,"Puerto Rico Commonwealth","Vega Alta Municipio",2,48,430,214,216
050,72,143,"Puerto Rico Commonwealth","Vega Alta Municipio",2,49,470,227,243
050,72,143,"Puerto Rico Commonwealth","Vega Alta Municipio",2,50,469,226,243
050,72,143,"Puerto Rico Commonwealth","Vega Alta Municipio",2,51,433,214,219
050,72,143,"Puerto Rico Commonwealth","Vega Alta Municipio",2,52,432,205,227
050,72,143,"Puerto Rico Commonwealth","Vega Alta Municipio",2,53,443,200,243
050,72,143,"Puerto Rico Commonwealth","Vega Alta Municipio",2,54,475,215,260
050,72,143,"Puerto Rico Commonwealth","Vega Alta Municipio",2,55,479,223,256
050,72,143,"Puerto Rico Commonwealth","Vega Alta Municipio",2,56,461,220,241
050,72,143,"Puerto Rico Commonwealth","Vega Alta Municipio",2,57,475,216,259
050,72,143,"Puerto Rico Commonwealth","Vega Alta Municipio",2,58,478,218,260
050,72,143,"Puerto Rico Commonwealth","Vega Alta Municipio",2,59,483,231,252
050,72,143,"Puerto Rico Commonwealth","Vega Alta Municipio",2,60,497,235,262
050,72,143,"Puerto Rico Commonwealth","Vega Alta Municipio",2,61,478,224,254
050,72,143,"Puerto Rico Commonwealth","Vega Alta Municipio",2,62,453,219,234
050,72,143,"Puerto Rico Commonwealth","Vega Alta Municipio",2,63,444,219,225
050,72,143,"Puerto Rico Commonwealth","Vega Alta Municipio",2,64,435,213,222
050,72,143,"Puerto Rico Commonwealth","Vega Alta Municipio",2,65,404,183,221
050,72,143,"Puerto Rico Commonwealth","Vega Alta Municipio",2,66,374,168,206
050,72,143,"Puerto Rico Commonwealth","Vega Alta Municipio",2,67,364,170,194
050,72,143,"Puerto Rico Commonwealth","Vega Alta Municipio",2,68,354,170,184
050,72,143,"Puerto Rico Commonwealth","Vega Alta Municipio",2,69,361,166,195
050,72,143,"Puerto Rico Commonwealth","Vega Alta Municipio",2,70,358,161,197
050,72,143,"Puerto Rico Commonwealth","Vega Alta Municipio",2,71,361,165,196
050,72,143,"Puerto Rico Commonwealth","Vega Alta Municipio",2,72,371,165,206
050,72,143,"Puerto Rico Commonwealth","Vega Alta Municipio",2,73,368,158,210
050,72,143,"Puerto Rico Commonwealth","Vega Alta Municipio",2,74,353,155,198
050,72,143,"Puerto Rico Commonwealth","Vega Alta Municipio",2,75,321,150,171
050,72,143,"Puerto Rico Commonwealth","Vega Alta Municipio",2,76,295,137,158
050,72,143,"Puerto Rico Commonwealth","Vega Alta Municipio",2,77,275,121,154
050,72,143,"Puerto Rico Commonwealth","Vega Alta Municipio",2,78,264,122,142
050,72,143,"Puerto Rico Commonwealth","Vega Alta Municipio",2,79,251,109,142
050,72,143,"Puerto Rico Commonwealth","Vega Alta Municipio",2,80,238,105,133
050,72,143,"Puerto Rico Commonwealth","Vega Alta Municipio",2,81,210,90,120
050,72,143,"Puerto Rico Commonwealth","Vega Alta Municipio",2,82,193,76,117
050,72,143,"Puerto Rico Commonwealth","Vega Alta Municipio",2,83,173,75,98
050,72,143,"Puerto Rico Commonwealth","Vega Alta Municipio",2,84,156,76,80
050,72,143,"Puerto Rico Commonwealth","Vega Alta Municipio",2,85,925,367,558
050,72,143,"Puerto Rico Commonwealth","Vega Alta Municipio",3,0,211,99,112
050,72,143,"Puerto Rico Commonwealth","Vega Alta Municipio",3,1,209,99,110
050,72,143,"Puerto Rico Commonwealth","Vega Alta Municipio",3,2,235,115,120
050,72,143,"Puerto Rico Commonwealth","Vega Alta Municipio",3,3,238,122,116
050,72,143,"Puerto Rico Commonwealth","Vega Alta Municipio",3,4,258,136,122
050,72,143,"Puerto Rico Commonwealth","Vega Alta Municipio",3,5,289,146,143
050,72,143,"Puerto Rico Commonwealth","Vega Alta Municipio",3,6,325,163,162
050,72,143,"Puerto Rico Commonwealth","Vega Alta Municipio",3,7,346,176,170
050,72,143,"Puerto Rico Commonwealth","Vega Alta Municipio",3,8,364,183,181
050,72,143,"Puerto Rico Commonwealth","Vega Alta Municipio",3,9,383,192,191
050,72,143,"Puerto Rico Commonwealth","Vega Alta Municipio",3,10,402,195,207
050,72,143,"Puerto Rico Commonwealth","Vega Alta Municipio",3,11,437,216,221
050,72,143,"Puerto Rico Commonwealth","Vega Alta Municipio",3,12,433,223,210
050,72,143,"Puerto Rico Commonwealth","Vega Alta Municipio",3,13,440,226,214
050,72,143,"Puerto Rico Commonwealth","Vega Alta Municipio",3,14,450,235,215
050,72,143,"Puerto Rico Commonwealth","Vega Alta Municipio",3,15,454,238,216
050,72,143,"Puerto Rico Commonwealth","Vega Alta Municipio",3,16,477,237,240
050,72,143,"Puerto Rico Commonwealth","Vega Alta Municipio",3,17,478,241,237
050,72,143,"Puerto Rico Commonwealth","Vega Alta Municipio",3,18,462,237,225
050,72,143,"Puerto Rico Commonwealth","Vega Alta Municipio",3,19,451,240,211
050,72,143,"Puerto Rico Commonwealth","Vega Alta Municipio",3,20,475,245,230
050,72,143,"Puerto Rico Commonwealth","Vega Alta Municipio",3,21,486,248,238
050,72,143,"Puerto Rico Commonwealth","Vega Alta Municipio",3,22,485,248,237
050,72,143,"Puerto Rico Commonwealth","Vega Alta Municipio",3,23,493,242,251
050,72,143,"Puerto Rico Commonwealth","Vega Alta Municipio",3,24,486,243,243
050,72,143,"Puerto Rico Commonwealth","Vega Alta Municipio",3,25,491,249,242
050,72,143,"Puerto Rico Commonwealth","Vega Alta Municipio",3,26,504,252,252
050,72,143,"Puerto Rico Commonwealth","Vega Alta Municipio",3,27,518,259,259
050,72,143,"Puerto Rico Commonwealth","Vega Alta Municipio",3,28,504,247,257
050,72,143,"Puerto Rico Commonwealth","Vega Alta Municipio",3,29,487,239,248
050,72,143,"Puerto Rico Commonwealth","Vega Alta Municipio",3,30,504,251,253
050,72,143,"Puerto Rico Commonwealth","Vega Alta Municipio",3,31,524,267,257
050,72,143,"Puerto Rico Commonwealth","Vega Alta Municipio",3,32,495,254,241
050,72,143,"Puerto Rico Commonwealth","Vega Alta Municipio",3,33,453,224,229
050,72,143,"Puerto Rico Commonwealth","Vega Alta Municipio",3,34,439,209,230
050,72,143,"Puerto Rico Commonwealth","Vega Alta Municipio",3,35,406,191,215
050,72,143,"Puerto Rico Commonwealth","Vega Alta Municipio",3,36,378,176,202
050,72,143,"Puerto Rico Commonwealth","Vega Alta Municipio",3,37,389,177,212
050,72,143,"Puerto Rico Commonwealth","Vega Alta Municipio",3,38,426,205,221
050,72,143,"Puerto Rico Commonwealth","Vega Alta Municipio",3,39,438,210,228
050,72,143,"Puerto Rico Commonwealth","Vega Alta Municipio",3,40,455,210,245
050,72,143,"Puerto Rico Commonwealth","Vega Alta Municipio",3,41,453,205,248
050,72,143,"Puerto Rico Commonwealth","Vega Alta Municipio",3,42,442,208,234
050,72,143,"Puerto Rico Commonwealth","Vega Alta Municipio",3,43,458,225,233
050,72,143,"Puerto Rico Commonwealth","Vega Alta Municipio",3,44,458,225,233
050,72,143,"Puerto Rico Commonwealth","Vega Alta Municipio",3,45,452,222,230
050,72,143,"Puerto Rico Commonwealth","Vega Alta Municipio",3,46,437,203,234
050,72,143,"Puerto Rico Commonwealth","Vega Alta Municipio",3,47,429,200,229
050,72,143,"Puerto Rico Commonwealth","Vega Alta Municipio",3,48,422,203,219
050,72,143,"Puerto Rico Commonwealth","Vega Alta Municipio",3,49,427,213,214
050,72,143,"Puerto Rico Commonwealth","Vega Alta Municipio",3,50,462,221,241
050,72,143,"Puerto Rico Commonwealth","Vega Alta Municipio",3,51,469,227,242
050,72,143,"Puerto Rico Commonwealth","Vega Alta Municipio",3,52,428,211,217
050,72,143,"Puerto Rico Commonwealth","Vega Alta Municipio",3,53,428,202,226
050,72,143,"Puerto Rico Commonwealth","Vega Alta Municipio",3,54,439,199,240
050,72,143,"Puerto Rico Commonwealth","Vega Alta Municipio",3,55,473,214,259
050,72,143,"Puerto Rico Commonwealth","Vega Alta Municipio",3,56,475,221,254
050,72,143,"Puerto Rico Commonwealth","Vega Alta Municipio",3,57,461,221,240
050,72,143,"Puerto Rico Commonwealth","Vega Alta Municipio",3,58,469,212,257
050,72,143,"Puerto Rico Commonwealth","Vega Alta Municipio",3,59,469,212,257
050,72,143,"Puerto Rico Commonwealth","Vega Alta Municipio",3,60,480,230,250
050,72,143,"Puerto Rico Commonwealth","Vega Alta Municipio",3,61,488,230,258
050,72,143,"Puerto Rico Commonwealth","Vega Alta Municipio",3,62,471,219,252
050,72,143,"Puerto Rico Commonwealth","Vega Alta Municipio",3,63,450,218,232
050,72,143,"Puerto Rico Commonwealth","Vega Alta Municipio",3,64,430,207,223
050,72,143,"Puerto Rico Commonwealth","Vega Alta Municipio",3,65,429,210,219
050,72,143,"Puerto Rico Commonwealth","Vega Alta Municipio",3,66,404,185,219
050,72,143,"Puerto Rico Commonwealth","Vega Alta Municipio",3,67,370,163,207
050,72,143,"Puerto Rico Commonwealth","Vega Alta Municipio",3,68,356,167,189
050,72,143,"Puerto Rico Commonwealth","Vega Alta Municipio",3,69,342,168,174
050,72,143,"Puerto Rico Commonwealth","Vega Alta Municipio",3,70,355,159,196
050,72,143,"Puerto Rico Commonwealth","Vega Alta Municipio",3,71,349,159,190
050,72,143,"Puerto Rico Commonwealth","Vega Alta Municipio",3,72,350,154,196
050,72,143,"Puerto Rico Commonwealth","Vega Alta Municipio",3,73,366,163,203
050,72,143,"Puerto Rico Commonwealth","Vega Alta Municipio",3,74,355,152,203
050,72,143,"Puerto Rico Commonwealth","Vega Alta Municipio",3,75,343,149,194
050,72,143,"Puerto Rico Commonwealth","Vega Alta Municipio",3,76,314,149,165
050,72,143,"Puerto Rico Commonwealth","Vega Alta Municipio",3,77,293,135,158
050,72,143,"Puerto Rico Commonwealth","Vega Alta Municipio",3,78,259,114,145
050,72,143,"Puerto Rico Commonwealth","Vega Alta Municipio",3,79,256,119,137
050,72,143,"Puerto Rico Commonwealth","Vega Alta Municipio",3,80,245,105,140
050,72,143,"Puerto Rico Commonwealth","Vega Alta Municipio",3,81,226,100,126
050,72,143,"Puerto Rico Commonwealth","Vega Alta Municipio",3,82,192,84,108
050,72,143,"Puerto Rico Commonwealth","Vega Alta Municipio",3,83,187,73,114
050,72,143,"Puerto Rico Commonwealth","Vega Alta Municipio",3,84,171,74,97
050,72,143,"Puerto Rico Commonwealth","Vega Alta Municipio",3,85,995,407,588
050,72,143,"Puerto Rico Commonwealth","Vega Alta Municipio",4,0,231,117,114
050,72,143,"Puerto Rico Commonwealth","Vega Alta Municipio",4,1,208,98,110
050,72,143,"Puerto Rico Commonwealth","Vega Alta Municipio",4,2,204,97,107
050,72,143,"Puerto Rico Commonwealth","Vega Alta Municipio",4,3,231,113,118
050,72,143,"Puerto Rico Commonwealth","Vega Alta Municipio",4,4,234,120,114
050,72,143,"Puerto Rico Commonwealth","Vega Alta Municipio",4,5,254,134,120
050,72,143,"Puerto Rico Commonwealth","Vega Alta Municipio",4,6,285,144,141
050,72,143,"Puerto Rico Commonwealth","Vega Alta Municipio",4,7,321,161,160
050,72,143,"Puerto Rico Commonwealth","Vega Alta Municipio",4,8,340,173,167
050,72,143,"Puerto Rico Commonwealth","Vega Alta Municipio",4,9,358,180,178
050,72,143,"Puerto Rico Commonwealth","Vega Alta Municipio",4,10,377,189,188
050,72,143,"Puerto Rico Commonwealth","Vega Alta Municipio",4,11,394,191,203
050,72,143,"Puerto Rico Commonwealth","Vega Alta Municipio",4,12,430,212,218
050,72,143,"Puerto Rico Commonwealth","Vega Alta Municipio",4,13,427,220,207
050,72,143,"Puerto Rico Commonwealth","Vega Alta Municipio",4,14,436,223,213
050,72,143,"Puerto Rico Commonwealth","Vega Alta Municipio",4,15,442,231,211
050,72,143,"Puerto Rico Commonwealth","Vega Alta Municipio",4,16,445,233,212
050,72,143,"Puerto Rico Commonwealth","Vega Alta Municipio",4,17,470,235,235
050,72,143,"Puerto Rico Commonwealth","Vega Alta Municipio",4,18,464,234,230
050,72,143,"Puerto Rico Commonwealth","Vega Alta Municipio",4,19,448,229,219
050,72,143,"Puerto Rico Commonwealth","Vega Alta Municipio",4,20,442,233,209
050,72,143,"Puerto Rico Commonwealth","Vega Alta Municipio",4,21,468,240,228
050,72,143,"Puerto Rico Commonwealth","Vega Alta Municipio",4,22,481,244,237
050,72,143,"Puerto Rico Commonwealth","Vega Alta Municipio",4,23,481,245,236
050,72,143,"Puerto Rico Commonwealth","Vega Alta Municipio",4,24,491,240,251
050,72,143,"Puerto Rico Commonwealth","Vega Alta Municipio",4,25,482,240,242
050,72,143,"Puerto Rico Commonwealth","Vega Alta Municipio",4,26,488,247,241
050,72,143,"Puerto Rico Commonwealth","Vega Alta Municipio",4,27,501,251,250
050,72,143,"Puerto Rico Commonwealth","Vega Alta Municipio",4,28,515,258,257
050,72,143,"Puerto Rico Commonwealth","Vega Alta Municipio",4,29,493,240,253
050,72,143,"Puerto Rico Commonwealth","Vega Alta Municipio",4,30,480,235,245
050,72,143,"Puerto Rico Commonwealth","Vega Alta Municipio",4,31,499,250,249
050,72,143,"Puerto Rico Commonwealth","Vega Alta Municipio",4,32,514,261,253
050,72,143,"Puerto Rico Commonwealth","Vega Alta Municipio",4,33,491,253,238
050,72,143,"Puerto Rico Commonwealth","Vega Alta Municipio",4,34,445,220,225
050,72,143,"Puerto Rico Commonwealth","Vega Alta Municipio",4,35,432,206,226
050,72,143,"Puerto Rico Commonwealth","Vega Alta Municipio",4,36,397,187,210
050,72,143,"Puerto Rico Commonwealth","Vega Alta Municipio",4,37,373,175,198
050,72,143,"Puerto Rico Commonwealth","Vega Alta Municipio",4,38,380,172,208
050,72,143,"Puerto Rico Commonwealth","Vega Alta Municipio",4,39,419,202,217
050,72,143,"Puerto Rico Commonwealth","Vega Alta Municipio",4,40,430,206,224
050,72,143,"Puerto Rico Commonwealth","Vega Alta Municipio",4,41,447,206,241
050,72,143,"Puerto Rico Commonwealth","Vega Alta Municipio",4,42,446,203,243
050,72,143,"Puerto Rico Commonwealth","Vega Alta Municipio",4,43,436,206,230
050,72,143,"Puerto Rico Commonwealth","Vega Alta Municipio",4,44,449,221,228
050,72,143,"Puerto Rico Commonwealth","Vega Alta Municipio",4,45,450,220,230
050,72,143,"Puerto Rico Commonwealth","Vega Alta Municipio",4,46,445,219,226
050,72,143,"Puerto Rico Commonwealth","Vega Alta Municipio",4,47,432,202,230
050,72,143,"Puerto Rico Commonwealth","Vega Alta Municipio",4,48,422,197,225
050,72,143,"Puerto Rico Commonwealth","Vega Alta Municipio",4,49,417,201,216
050,72,143,"Puerto Rico Commonwealth","Vega Alta Municipio",4,50,419,209,210
050,72,143,"Puerto Rico Commonwealth","Vega Alta Municipio",4,51,457,220,237
050,72,143,"Puerto Rico Commonwealth","Vega Alta Municipio",4,52,462,223,239
050,72,143,"Puerto Rico Commonwealth","Vega Alta Municipio",4,53,422,208,214
050,72,143,"Puerto Rico Commonwealth","Vega Alta Municipio",4,54,418,200,218
050,72,143,"Puerto Rico Commonwealth","Vega Alta Municipio",4,55,432,196,236
050,72,143,"Puerto Rico Commonwealth","Vega Alta Municipio",4,56,468,211,257
050,72,143,"Puerto Rico Commonwealth","Vega Alta Municipio",4,57,472,222,250
050,72,143,"Puerto Rico Commonwealth","Vega Alta Municipio",4,58,458,220,238
050,72,143,"Puerto Rico Commonwealth","Vega Alta Municipio",4,59,464,211,253
050,72,143,"Puerto Rico Commonwealth","Vega Alta Municipio",4,60,464,211,253
050,72,143,"Puerto Rico Commonwealth","Vega Alta Municipio",4,61,473,226,247
050,72,143,"Puerto Rico Commonwealth","Vega Alta Municipio",4,62,481,226,255
050,72,143,"Puerto Rico Commonwealth","Vega Alta Municipio",4,63,466,219,247
050,72,143,"Puerto Rico Commonwealth","Vega Alta Municipio",4,64,438,210,228
050,72,143,"Puerto Rico Commonwealth","Vega Alta Municipio",4,65,421,203,218
050,72,143,"Puerto Rico Commonwealth","Vega Alta Municipio",4,66,425,208,217
050,72,143,"Puerto Rico Commonwealth","Vega Alta Municipio",4,67,395,177,218
050,72,143,"Puerto Rico Commonwealth","Vega Alta Municipio",4,68,365,161,204
050,72,143,"Puerto Rico Commonwealth","Vega Alta Municipio",4,69,347,162,185
050,72,143,"Puerto Rico Commonwealth","Vega Alta Municipio",4,70,336,162,174
050,72,143,"Puerto Rico Commonwealth","Vega Alta Municipio",4,71,345,157,188
050,72,143,"Puerto Rico Commonwealth","Vega Alta Municipio",4,72,340,152,188
050,72,143,"Puerto Rico Commonwealth","Vega Alta Municipio",4,73,342,149,193
050,72,143,"Puerto Rico Commonwealth","Vega Alta Municipio",4,74,349,155,194
050,72,143,"Puerto Rico Commonwealth","Vega Alta Municipio",4,75,347,148,199
050,72,143,"Puerto Rico Commonwealth","Vega Alta Municipio",4,76,336,147,189
050,72,143,"Puerto Rico Commonwealth","Vega Alta Municipio",4,77,306,143,163
050,72,143,"Puerto Rico Commonwealth","Vega Alta Municipio",4,78,278,129,149
050,72,143,"Puerto Rico Commonwealth","Vega Alta Municipio",4,79,253,110,143
050,72,143,"Puerto Rico Commonwealth","Vega Alta Municipio",4,80,238,108,130
050,72,143,"Puerto Rico Commonwealth","Vega Alta Municipio",4,81,226,100,126
050,72,143,"Puerto Rico Commonwealth","Vega Alta Municipio",4,82,217,97,120
050,72,143,"Puerto Rico Commonwealth","Vega Alta Municipio",4,83,183,78,105
050,72,143,"Puerto Rico Commonwealth","Vega Alta Municipio",4,84,173,66,107
050,72,143,"Puerto Rico Commonwealth","Vega Alta Municipio",4,85,1101,454,647
050,72,143,"Puerto Rico Commonwealth","Vega Alta Municipio",5,0,173,82,91
050,72,143,"Puerto Rico Commonwealth","Vega Alta Municipio",5,1,233,118,115
050,72,143,"Puerto Rico Commonwealth","Vega Alta Municipio",5,2,209,99,110
050,72,143,"Puerto Rico Commonwealth","Vega Alta Municipio",5,3,204,97,107
050,72,143,"Puerto Rico Commonwealth","Vega Alta Municipio",5,4,231,113,118
050,72,143,"Puerto Rico Commonwealth","Vega Alta Municipio",5,5,234,120,114
050,72,143,"Puerto Rico Commonwealth","Vega Alta Municipio",5,6,254,134,120
050,72,143,"Puerto Rico Commonwealth","Vega Alta Municipio",5,7,285,144,141
050,72,143,"Puerto Rico Commonwealth","Vega Alta Municipio",5,8,321,161,160
050,72,143,"Puerto Rico Commonwealth","Vega Alta Municipio",5,9,340,173,167
050,72,143,"Puerto Rico Commonwealth","Vega Alta Municipio",5,10,357,180,177
050,72,143,"Puerto Rico Commonwealth","Vega Alta Municipio",5,11,375,188,187
050,72,143,"Puerto Rico Commonwealth","Vega Alta Municipio",5,12,392,190,202
050,72,143,"Puerto Rico Commonwealth","Vega Alta Municipio",5,13,431,213,218
050,72,143,"Puerto Rico Commonwealth","Vega Alta Municipio",5,14,430,221,209
050,72,143,"Puerto Rico Commonwealth","Vega Alta Municipio",5,15,435,223,212
050,72,143,"Puerto Rico Commonwealth","Vega Alta Municipio",5,16,441,230,211
050,72,143,"Puerto Rico Commonwealth","Vega Alta Municipio",5,17,445,235,210
050,72,143,"Puerto Rico Commonwealth","Vega Alta Municipio",5,18,463,231,232
050,72,143,"Puerto Rico Commonwealth","Vega Alta Municipio",5,19,457,230,227
050,72,143,"Puerto Rico Commonwealth","Vega Alta Municipio",5,20,446,225,221
050,72,143,"Puerto Rico Commonwealth","Vega Alta Municipio",5,21,441,231,210
050,72,143,"Puerto Rico Commonwealth","Vega Alta Municipio",5,22,470,240,230
050,72,143,"Puerto Rico Commonwealth","Vega Alta Municipio",5,23,484,244,240
050,72,143,"Puerto Rico Commonwealth","Vega Alta Municipio",5,24,488,249,239
050,72,143,"Puerto Rico Commonwealth","Vega Alta Municipio",5,25,495,242,253
050,72,143,"Puerto Rico Commonwealth","Vega Alta Municipio",5,26,486,242,244
050,72,143,"Puerto Rico Commonwealth","Vega Alta Municipio",5,27,492,250,242
050,72,143,"Puerto Rico Commonwealth","Vega Alta Municipio",5,28,506,255,251
050,72,143,"Puerto Rico Commonwealth","Vega Alta Municipio",5,29,513,255,258
050,72,143,"Puerto Rico Commonwealth","Vega Alta Municipio",5,30,498,244,254
050,72,143,"Puerto Rico Commonwealth","Vega Alta Municipio",5,31,482,237,245
050,72,143,"Puerto Rico Commonwealth","Vega Alta Municipio",5,32,500,251,249
050,72,143,"Puerto Rico Commonwealth","Vega Alta Municipio",5,33,518,265,253
050,72,143,"Puerto Rico Commonwealth","Vega Alta Municipio",5,34,492,254,238
050,72,143,"Puerto Rico Commonwealth","Vega Alta Municipio",5,35,445,221,224
050,72,143,"Puerto Rico Commonwealth","Vega Alta Municipio",5,36,431,206,225
050,72,143,"Puerto Rico Commonwealth","Vega Alta Municipio",5,37,395,187,208
050,72,143,"Puerto Rico Commonwealth","Vega Alta Municipio",5,38,370,175,195
050,72,143,"Puerto Rico Commonwealth","Vega Alta Municipio",5,39,379,173,206
050,72,143,"Puerto Rico Commonwealth","Vega Alta Municipio",5,40,416,201,215
050,72,143,"Puerto Rico Commonwealth","Vega Alta Municipio",5,41,428,206,222
050,72,143,"Puerto Rico Commonwealth","Vega Alta Municipio",5,42,444,207,237
050,72,143,"Puerto Rico Commonwealth","Vega Alta Municipio",5,43,446,204,242
050,72,143,"Puerto Rico Commonwealth","Vega Alta Municipio",5,44,431,203,228
050,72,143,"Puerto Rico Commonwealth","Vega Alta Municipio",5,45,447,220,227
050,72,143,"Puerto Rico Commonwealth","Vega Alta Municipio",5,46,449,221,228
050,72,143,"Puerto Rico Commonwealth","Vega Alta Municipio",5,47,440,218,222
050,72,143,"Puerto Rico Commonwealth","Vega Alta Municipio",5,48,430,201,229
050,72,143,"Puerto Rico Commonwealth","Vega Alta Municipio",5,49,416,192,224
050,72,143,"Puerto Rico Commonwealth","Vega Alta Municipio",5,50,413,198,215
050,72,143,"Puerto Rico Commonwealth","Vega Alta Municipio",5,51,420,211,209
050,72,143,"Puerto Rico Commonwealth","Vega Alta Municipio",5,52,454,218,236
050,72,143,"Puerto Rico Commonwealth","Vega Alta Municipio",5,53,456,220,236
050,72,143,"Puerto Rico Commonwealth","Vega Alta Municipio",5,54,419,207,212
050,72,143,"Puerto Rico Commonwealth","Vega Alta Municipio",5,55,415,198,217
050,72,143,"Puerto Rico Commonwealth","Vega Alta Municipio",5,56,429,194,235
050,72,143,"Puerto Rico Commonwealth","Vega Alta Municipio",5,57,465,209,256
050,72,143,"Puerto Rico Commonwealth","Vega Alta Municipio",5,58,468,220,248
050,72,143,"Puerto Rico Commonwealth","Vega Alta Municipio",5,59,451,215,236
050,72,143,"Puerto Rico Commonwealth","Vega Alta Municipio",5,60,458,209,249
050,72,143,"Puerto Rico Commonwealth","Vega Alta Municipio",5,61,456,206,250
050,72,143,"Puerto Rico Commonwealth","Vega Alta Municipio",5,62,469,223,246
050,72,143,"Puerto Rico Commonwealth","Vega Alta Municipio",5,63,481,229,252
050,72,143,"Puerto Rico Commonwealth","Vega Alta Municipio",5,64,458,212,246
050,72,143,"Puerto Rico Commonwealth","Vega Alta Municipio",5,65,433,208,225
050,72,143,"Puerto Rico Commonwealth","Vega Alta Municipio",5,66,424,206,218
050,72,143,"Puerto Rico Commonwealth","Vega Alta Municipio",5,67,419,203,216
050,72,143,"Puerto Rico Commonwealth","Vega Alta Municipio",5,68,394,177,217
050,72,143,"Puerto Rico Commonwealth","Vega Alta Municipio",5,69,356,158,198
050,72,143,"Puerto Rico Commonwealth","Vega Alta Municipio",5,70,344,157,187
050,72,143,"Puerto Rico Commonwealth","Vega Alta Municipio",5,71,328,160,168
050,72,143,"Puerto Rico Commonwealth","Vega Alta Municipio",5,72,340,152,188
050,72,143,"Puerto Rico Commonwealth","Vega Alta Municipio",5,73,333,151,182
050,72,143,"Puerto Rico Commonwealth","Vega Alta Municipio",5,74,323,137,186
050,72,143,"Puerto Rico Commonwealth","Vega Alta Municipio",5,75,339,149,190
050,72,143,"Puerto Rico Commonwealth","Vega Alta Municipio",5,76,339,145,194
050,72,143,"Puerto Rico Commonwealth","Vega Alta Municipio",5,77,327,143,184
050,72,143,"Puerto Rico Commonwealth","Vega Alta Municipio",5,78,291,133,158
050,72,143,"Puerto Rico Commonwealth","Vega Alta Municipio",5,79,278,131,147
050,72,143,"Puerto Rico Commonwealth","Vega Alta Municipio",5,80,248,108,140
050,72,143,"Puerto Rico Commonwealth","Vega Alta Municipio",5,81,232,109,123
050,72,143,"Puerto Rico Commonwealth","Vega Alta Municipio",5,82,219,96,123
050,72,143,"Puerto Rico Commonwealth","Vega Alta Municipio",5,83,213,93,120
050,72,143,"Puerto Rico Commonwealth","Vega Alta Municipio",5,84,174,76,98
050,72,143,"Puerto Rico Commonwealth","Vega Alta Municipio",5,85,1184,481,703
050,72,145,"Puerto Rico Commonwealth","Vega Baja Municipio",1,0,397,213,184
050,72,145,"Puerto Rico Commonwealth","Vega Baja Municipio",1,1,373,195,178
050,72,145,"Puerto Rico Commonwealth","Vega Baja Municipio",1,2,399,197,202
050,72,145,"Puerto Rico Commonwealth","Vega Baja Municipio",1,3,457,235,222
050,72,145,"Puerto Rico Commonwealth","Vega Baja Municipio",1,4,473,219,254
050,72,145,"Puerto Rico Commonwealth","Vega Baja Municipio",1,5,475,222,253
050,72,145,"Puerto Rico Commonwealth","Vega Baja Municipio",1,6,462,230,232
050,72,145,"Puerto Rico Commonwealth","Vega Baja Municipio",1,7,522,272,250
050,72,145,"Puerto Rico Commonwealth","Vega Baja Municipio",1,8,534,276,258
050,72,145,"Puerto Rico Commonwealth","Vega Baja Municipio",1,9,527,263,264
050,72,145,"Puerto Rico Commonwealth","Vega Baja Municipio",1,10,535,274,261
050,72,145,"Puerto Rico Commonwealth","Vega Baja Municipio",1,11,579,302,277
050,72,145,"Puerto Rico Commonwealth","Vega Baja Municipio",1,12,621,332,289
050,72,145,"Puerto Rico Commonwealth","Vega Baja Municipio",1,13,613,331,282
050,72,145,"Puerto Rico Commonwealth","Vega Baja Municipio",1,14,640,339,301
050,72,145,"Puerto Rico Commonwealth","Vega Baja Municipio",1,15,668,352,316
050,72,145,"Puerto Rico Commonwealth","Vega Baja Municipio",1,16,637,326,311
050,72,145,"Puerto Rico Commonwealth","Vega Baja Municipio",1,17,644,332,312
050,72,145,"Puerto Rico Commonwealth","Vega Baja Municipio",1,18,684,344,340
050,72,145,"Puerto Rico Commonwealth","Vega Baja Municipio",1,19,725,365,360
050,72,145,"Puerto Rico Commonwealth","Vega Baja Municipio",1,20,708,364,344
050,72,145,"Puerto Rico Commonwealth","Vega Baja Municipio",1,21,671,348,323
050,72,145,"Puerto Rico Commonwealth","Vega Baja Municipio",1,22,691,355,336
050,72,145,"Puerto Rico Commonwealth","Vega Baja Municipio",1,23,711,355,356
050,72,145,"Puerto Rico Commonwealth","Vega Baja Municipio",1,24,735,370,365
050,72,145,"Puerto Rico Commonwealth","Vega Baja Municipio",1,25,773,396,377
050,72,145,"Puerto Rico Commonwealth","Vega Baja Municipio",1,26,741,369,372
050,72,145,"Puerto Rico Commonwealth","Vega Baja Municipio",1,27,750,390,360
050,72,145,"Puerto Rico Commonwealth","Vega Baja Municipio",1,28,758,393,365
050,72,145,"Puerto Rico Commonwealth","Vega Baja Municipio",1,29,752,366,386
050,72,145,"Puerto Rico Commonwealth","Vega Baja Municipio",1,30,721,350,371
050,72,145,"Puerto Rico Commonwealth","Vega Baja Municipio",1,31,699,355,344
050,72,145,"Puerto Rico Commonwealth","Vega Baja Municipio",1,32,660,329,331
050,72,145,"Puerto Rico Commonwealth","Vega Baja Municipio",1,33,616,288,328
050,72,145,"Puerto Rico Commonwealth","Vega Baja Municipio",1,34,614,279,335
050,72,145,"Puerto Rico Commonwealth","Vega Baja Municipio",1,35,608,285,323
050,72,145,"Puerto Rico Commonwealth","Vega Baja Municipio",1,36,621,289,332
050,72,145,"Puerto Rico Commonwealth","Vega Baja Municipio",1,37,653,303,350
050,72,145,"Puerto Rico Commonwealth","Vega Baja Municipio",1,38,644,299,345
050,72,145,"Puerto Rico Commonwealth","Vega Baja Municipio",1,39,663,300,363
050,72,145,"Puerto Rico Commonwealth","Vega Baja Municipio",1,40,682,324,358
050,72,145,"Puerto Rico Commonwealth","Vega Baja Municipio",1,41,683,320,363
050,72,145,"Puerto Rico Commonwealth","Vega Baja Municipio",1,42,683,321,362
050,72,145,"Puerto Rico Commonwealth","Vega Baja Municipio",1,43,661,316,345
050,72,145,"Puerto Rico Commonwealth","Vega Baja Municipio",1,44,657,327,330
050,72,145,"Puerto Rico Commonwealth","Vega Baja Municipio",1,45,645,311,334
050,72,145,"Puerto Rico Commonwealth","Vega Baja Municipio",1,46,644,304,340
050,72,145,"Puerto Rico Commonwealth","Vega Baja Municipio",1,47,692,335,357
050,72,145,"Puerto Rico Commonwealth","Vega Baja Municipio",1,48,699,339,360
050,72,145,"Puerto Rico Commonwealth","Vega Baja Municipio",1,49,731,353,378
050,72,145,"Puerto Rico Commonwealth","Vega Baja Municipio",1,50,722,339,383
050,72,145,"Puerto Rico Commonwealth","Vega Baja Municipio",1,51,697,339,358
050,72,145,"Puerto Rico Commonwealth","Vega Baja Municipio",1,52,697,329,368
050,72,145,"Puerto Rico Commonwealth","Vega Baja Municipio",1,53,727,336,391
050,72,145,"Puerto Rico Commonwealth","Vega Baja Municipio",1,54,760,334,426
050,72,145,"Puerto Rico Commonwealth","Vega Baja Municipio",1,55,754,339,415
050,72,145,"Puerto Rico Commonwealth","Vega Baja Municipio",1,56,774,352,422
050,72,145,"Puerto Rico Commonwealth","Vega Baja Municipio",1,57,767,337,430
050,72,145,"Puerto Rico Commonwealth","Vega Baja Municipio",1,58,776,343,433
050,72,145,"Puerto Rico Commonwealth","Vega Baja Municipio",1,59,786,359,427
050,72,145,"Puerto Rico Commonwealth","Vega Baja Municipio",1,60,775,358,417
050,72,145,"Puerto Rico Commonwealth","Vega Baja Municipio",1,61,737,343,394
050,72,145,"Puerto Rico Commonwealth","Vega Baja Municipio",1,62,707,328,379
050,72,145,"Puerto Rico Commonwealth","Vega Baja Municipio",1,63,718,327,391
050,72,145,"Puerto Rico Commonwealth","Vega Baja Municipio",1,64,712,325,387
050,72,145,"Puerto Rico Commonwealth","Vega Baja Municipio",1,65,699,317,382
050,72,145,"Puerto Rico Commonwealth","Vega Baja Municipio",1,66,661,315,346
050,72,145,"Puerto Rico Commonwealth","Vega Baja Municipio",1,67,634,309,325
050,72,145,"Puerto Rico Commonwealth","Vega Baja Municipio",1,68,621,296,325
050,72,145,"Puerto Rico Commonwealth","Vega Baja Municipio",1,69,617,278,339
050,72,145,"Puerto Rico Commonwealth","Vega Baja Municipio",1,70,627,264,363
050,72,145,"Puerto Rico Commonwealth","Vega Baja Municipio",1,71,590,264,326
050,72,145,"Puerto Rico Commonwealth","Vega Baja Municipio",1,72,587,257,330
050,72,145,"Puerto Rico Commonwealth","Vega Baja Municipio",1,73,603,276,327
050,72,145,"Puerto Rico Commonwealth","Vega Baja Municipio",1,74,581,268,313
050,72,145,"Puerto Rico Commonwealth","Vega Baja Municipio",1,75,551,254,297
050,72,145,"Puerto Rico Commonwealth","Vega Baja Municipio",1,76,518,246,272
050,72,145,"Puerto Rico Commonwealth","Vega Baja Municipio",1,77,508,230,278
050,72,145,"Puerto Rico Commonwealth","Vega Baja Municipio",1,78,462,204,258
050,72,145,"Puerto Rico Commonwealth","Vega Baja Municipio",1,79,396,187,209
050,72,145,"Puerto Rico Commonwealth","Vega Baja Municipio",1,80,382,172,210
050,72,145,"Puerto Rico Commonwealth","Vega Baja Municipio",1,81,371,160,211
050,72,145,"Puerto Rico Commonwealth","Vega Baja Municipio",1,82,330,141,189
050,72,145,"Puerto Rico Commonwealth","Vega Baja Municipio",1,83,302,130,172
050,72,145,"Puerto Rico Commonwealth","Vega Baja Municipio",1,84,244,106,138
050,72,145,"Puerto Rico Commonwealth","Vega Baja Municipio",1,85,1490,549,941
050,72,145,"Puerto Rico Commonwealth","Vega Baja Municipio",2,0,379,201,178
050,72,145,"Puerto Rico Commonwealth","Vega Baja Municipio",2,1,378,198,180
050,72,145,"Puerto Rico Commonwealth","Vega Baja Municipio",2,2,393,197,196
050,72,145,"Puerto Rico Commonwealth","Vega Baja Municipio",2,3,442,225,217
050,72,145,"Puerto Rico Commonwealth","Vega Baja Municipio",2,4,469,223,246
050,72,145,"Puerto Rico Commonwealth","Vega Baja Municipio",2,5,475,222,253
050,72,145,"Puerto Rico Commonwealth","Vega Baja Municipio",2,6,465,228,237
050,72,145,"Puerto Rico Commonwealth","Vega Baja Municipio",2,7,507,261,246
050,72,145,"Puerto Rico Commonwealth","Vega Baja Municipio",2,8,531,275,256
050,72,145,"Puerto Rico Commonwealth","Vega Baja Municipio",2,9,528,266,262
050,72,145,"Puerto Rico Commonwealth","Vega Baja Municipio",2,10,534,272,262
050,72,145,"Puerto Rico Commonwealth","Vega Baja Municipio",2,11,567,295,272
050,72,145,"Puerto Rico Commonwealth","Vega Baja Municipio",2,12,609,324,285
050,72,145,"Puerto Rico Commonwealth","Vega Baja Municipio",2,13,613,330,283
050,72,145,"Puerto Rico Commonwealth","Vega Baja Municipio",2,14,631,336,295
050,72,145,"Puerto Rico Commonwealth","Vega Baja Municipio",2,15,659,348,311
050,72,145,"Puerto Rico Commonwealth","Vega Baja Municipio",2,16,646,333,313
050,72,145,"Puerto Rico Commonwealth","Vega Baja Municipio",2,17,640,329,311
050,72,145,"Puerto Rico Commonwealth","Vega Baja Municipio",2,18,673,340,333
050,72,145,"Puerto Rico Commonwealth","Vega Baja Municipio",2,19,715,360,355
050,72,145,"Puerto Rico Commonwealth","Vega Baja Municipio",2,20,712,364,348
050,72,145,"Puerto Rico Commonwealth","Vega Baja Municipio",2,21,681,352,329
050,72,145,"Puerto Rico Commonwealth","Vega Baja Municipio",2,22,685,353,332
050,72,145,"Puerto Rico Commonwealth","Vega Baja Municipio",2,23,707,356,351
050,72,145,"Puerto Rico Commonwealth","Vega Baja Municipio",2,24,729,366,363
050,72,145,"Puerto Rico Commonwealth","Vega Baja Municipio",2,25,763,389,374
050,72,145,"Puerto Rico Commonwealth","Vega Baja Municipio",2,26,749,376,373
050,72,145,"Puerto Rico Commonwealth","Vega Baja Municipio",2,27,748,385,363
050,72,145,"Puerto Rico Commonwealth","Vega Baja Municipio",2,28,756,392,364
050,72,145,"Puerto Rico Commonwealth","Vega Baja Municipio",2,29,753,372,381
050,72,145,"Puerto Rico Commonwealth","Vega Baja Municipio",2,30,727,354,373
050,72,145,"Puerto Rico Commonwealth","Vega Baja Municipio",2,31,704,353,351
050,72,145,"Puerto Rico Commonwealth","Vega Baja Municipio",2,32,670,335,335
050,72,145,"Puerto Rico Commonwealth","Vega Baja Municipio",2,33,626,298,328
050,72,145,"Puerto Rico Commonwealth","Vega Baja Municipio",2,34,614,281,333
050,72,145,"Puerto Rico Commonwealth","Vega Baja Municipio",2,35,610,283,327
050,72,145,"Puerto Rico Commonwealth","Vega Baja Municipio",2,36,617,288,329
050,72,145,"Puerto Rico Commonwealth","Vega Baja Municipio",2,37,644,298,346
050,72,145,"Puerto Rico Commonwealth","Vega Baja Municipio",2,38,645,299,346
050,72,145,"Puerto Rico Commonwealth","Vega Baja Municipio",2,39,657,299,358
050,72,145,"Puerto Rico Commonwealth","Vega Baja Municipio",2,40,677,317,360
050,72,145,"Puerto Rico Commonwealth","Vega Baja Municipio",2,41,682,321,361
050,72,145,"Puerto Rico Commonwealth","Vega Baja Municipio",2,42,682,319,363
050,72,145,"Puerto Rico Commonwealth","Vega Baja Municipio",2,43,665,316,349
050,72,145,"Puerto Rico Commonwealth","Vega Baja Municipio",2,44,659,325,334
050,72,145,"Puerto Rico Commonwealth","Vega Baja Municipio",2,45,647,314,333
050,72,145,"Puerto Rico Commonwealth","Vega Baja Municipio",2,46,643,306,337
050,72,145,"Puerto Rico Commonwealth","Vega Baja Municipio",2,47,679,327,352
050,72,145,"Puerto Rico Commonwealth","Vega Baja Municipio",2,48,696,337,359
050,72,145,"Puerto Rico Commonwealth","Vega Baja Municipio",2,49,724,350,374
050,72,145,"Puerto Rico Commonwealth","Vega Baja Municipio",2,50,724,342,382
050,72,145,"Puerto Rico Commonwealth","Vega Baja Municipio",2,51,702,338,364
050,72,145,"Puerto Rico Commonwealth","Vega Baja Municipio",2,52,696,331,365
050,72,145,"Puerto Rico Commonwealth","Vega Baja Municipio",2,53,718,333,385
050,72,145,"Puerto Rico Commonwealth","Vega Baja Municipio",2,54,753,335,418
050,72,145,"Puerto Rico Commonwealth","Vega Baja Municipio",2,55,756,338,418
050,72,145,"Puerto Rico Commonwealth","Vega Baja Municipio",2,56,768,348,420
050,72,145,"Puerto Rico Commonwealth","Vega Baja Municipio",2,57,768,340,428
050,72,145,"Puerto Rico Commonwealth","Vega Baja Municipio",2,58,771,340,431
050,72,145,"Puerto Rico Commonwealth","Vega Baja Municipio",2,59,782,353,429
050,72,145,"Puerto Rico Commonwealth","Vega Baja Municipio",2,60,776,358,418
050,72,145,"Puerto Rico Commonwealth","Vega Baja Municipio",2,61,746,346,400
050,72,145,"Puerto Rico Commonwealth","Vega Baja Municipio",2,62,709,330,379
050,72,145,"Puerto Rico Commonwealth","Vega Baja Municipio",2,63,714,327,387
050,72,145,"Puerto Rico Commonwealth","Vega Baja Municipio",2,64,713,326,387
050,72,145,"Puerto Rico Commonwealth","Vega Baja Municipio",2,65,698,315,383
050,72,145,"Puerto Rico Commonwealth","Vega Baja Municipio",2,66,670,315,355
050,72,145,"Puerto Rico Commonwealth","Vega Baja Municipio",2,67,636,308,328
050,72,145,"Puerto Rico Commonwealth","Vega Baja Municipio",2,68,623,298,325
050,72,145,"Puerto Rico Commonwealth","Vega Baja Municipio",2,69,616,281,335
050,72,145,"Puerto Rico Commonwealth","Vega Baja Municipio",2,70,624,267,357
050,72,145,"Puerto Rico Commonwealth","Vega Baja Municipio",2,71,598,262,336
050,72,145,"Puerto Rico Commonwealth","Vega Baja Municipio",2,72,583,256,327
050,72,145,"Puerto Rico Commonwealth","Vega Baja Municipio",2,73,593,268,325
050,72,145,"Puerto Rico Commonwealth","Vega Baja Municipio",2,74,582,268,314
050,72,145,"Puerto Rico Commonwealth","Vega Baja Municipio",2,75,558,257,301
050,72,145,"Puerto Rico Commonwealth","Vega Baja Municipio",2,76,521,245,276
050,72,145,"Puerto Rico Commonwealth","Vega Baja Municipio",2,77,508,234,274
050,72,145,"Puerto Rico Commonwealth","Vega Baja Municipio",2,78,470,209,261
050,72,145,"Puerto Rico Commonwealth","Vega Baja Municipio",2,79,408,189,219
050,72,145,"Puerto Rico Commonwealth","Vega Baja Municipio",2,80,383,174,209
050,72,145,"Puerto Rico Commonwealth","Vega Baja Municipio",2,81,369,162,207
050,72,145,"Puerto Rico Commonwealth","Vega Baja Municipio",2,82,339,145,194
050,72,145,"Puerto Rico Commonwealth","Vega Baja Municipio",2,83,306,132,174
050,72,145,"Puerto Rico Commonwealth","Vega Baja Municipio",2,84,255,110,145
050,72,145,"Puerto Rico Commonwealth","Vega Baja Municipio",2,85,1516,556,960
050,72,145,"Puerto Rico Commonwealth","Vega Baja Municipio",3,0,330,182,148
050,72,145,"Puerto Rico Commonwealth","Vega Baja Municipio",3,1,380,201,179
050,72,145,"Puerto Rico Commonwealth","Vega Baja Municipio",3,2,376,197,179
050,72,145,"Puerto Rico Commonwealth","Vega Baja Municipio",3,3,390,195,195
050,72,145,"Puerto Rico Commonwealth","Vega Baja Municipio",3,4,440,224,216
050,72,145,"Puerto Rico Commonwealth","Vega Baja Municipio",3,5,467,222,245
050,72,145,"Puerto Rico Commonwealth","Vega Baja Municipio",3,6,473,221,252
050,72,145,"Puerto Rico Commonwealth","Vega Baja Municipio",3,7,463,227,236
050,72,145,"Puerto Rico Commonwealth","Vega Baja Municipio",3,8,505,260,245
050,72,145,"Puerto Rico Commonwealth","Vega Baja Municipio",3,9,530,275,255
050,72,145,"Puerto Rico Commonwealth","Vega Baja Municipio",3,10,525,265,260
050,72,145,"Puerto Rico Commonwealth","Vega Baja Municipio",3,11,529,270,259
050,72,145,"Puerto Rico Commonwealth","Vega Baja Municipio",3,12,563,293,270
050,72,145,"Puerto Rico Commonwealth","Vega Baja Municipio",3,13,605,322,283
050,72,145,"Puerto Rico Commonwealth","Vega Baja Municipio",3,14,609,328,281
050,72,145,"Puerto Rico Commonwealth","Vega Baja Municipio",3,15,626,333,293
050,72,145,"Puerto Rico Commonwealth","Vega Baja Municipio",3,16,656,347,309
050,72,145,"Puerto Rico Commonwealth","Vega Baja Municipio",3,17,640,330,310
050,72,145,"Puerto Rico Commonwealth","Vega Baja Municipio",3,18,631,324,307
050,72,145,"Puerto Rico Commonwealth","Vega Baja Municipio",3,19,660,334,326
050,72,145,"Puerto Rico Commonwealth","Vega Baja Municipio",3,20,716,360,356
050,72,145,"Puerto Rico Commonwealth","Vega Baja Municipio",3,21,707,360,347
050,72,145,"Puerto Rico Commonwealth","Vega Baja Municipio",3,22,683,351,332
050,72,145,"Puerto Rico Commonwealth","Vega Baja Municipio",3,23,690,356,334
050,72,145,"Puerto Rico Commonwealth","Vega Baja Municipio",3,24,714,360,354
050,72,145,"Puerto Rico Commonwealth","Vega Baja Municipio",3,25,735,369,366
050,72,145,"Puerto Rico Commonwealth","Vega Baja Municipio",3,26,767,389,378
050,72,145,"Puerto Rico Commonwealth","Vega Baja Municipio",3,27,752,378,374
050,72,145,"Puerto Rico Commonwealth","Vega Baja Municipio",3,28,756,391,365
050,72,145,"Puerto Rico Commonwealth","Vega Baja Municipio",3,29,751,388,363
050,72,145,"Puerto Rico Commonwealth","Vega Baja Municipio",3,30,757,376,381
050,72,145,"Puerto Rico Commonwealth","Vega Baja Municipio",3,31,731,358,373
050,72,145,"Puerto Rico Commonwealth","Vega Baja Municipio",3,32,708,357,351
050,72,145,"Puerto Rico Commonwealth","Vega Baja Municipio",3,33,673,337,336
050,72,145,"Puerto Rico Commonwealth","Vega Baja Municipio",3,34,626,300,326
050,72,145,"Puerto Rico Commonwealth","Vega Baja Municipio",3,35,617,285,332
050,72,145,"Puerto Rico Commonwealth","Vega Baja Municipio",3,36,609,284,325
050,72,145,"Puerto Rico Commonwealth","Vega Baja Municipio",3,37,619,290,329
050,72,145,"Puerto Rico Commonwealth","Vega Baja Municipio",3,38,640,294,346
050,72,145,"Puerto Rico Commonwealth","Vega Baja Municipio",3,39,648,302,346
050,72,145,"Puerto Rico Commonwealth","Vega Baja Municipio",3,40,656,299,357
050,72,145,"Puerto Rico Commonwealth","Vega Baja Municipio",3,41,672,312,360
050,72,145,"Puerto Rico Commonwealth","Vega Baja Municipio",3,42,682,320,362
050,72,145,"Puerto Rico Commonwealth","Vega Baja Municipio",3,43,679,315,364
050,72,145,"Puerto Rico Commonwealth","Vega Baja Municipio",3,44,665,316,349
050,72,145,"Puerto Rico Commonwealth","Vega Baja Municipio",3,45,661,324,337
050,72,145,"Puerto Rico Commonwealth","Vega Baja Municipio",3,46,642,313,329
050,72,145,"Puerto Rico Commonwealth","Vega Baja Municipio",3,47,644,306,338
050,72,145,"Puerto Rico Commonwealth","Vega Baja Municipio",3,48,677,324,353
050,72,145,"Puerto Rico Commonwealth","Vega Baja Municipio",3,49,697,337,360
050,72,145,"Puerto Rico Commonwealth","Vega Baja Municipio",3,50,720,345,375
050,72,145,"Puerto Rico Commonwealth","Vega Baja Municipio",3,51,726,343,383
050,72,145,"Puerto Rico Commonwealth","Vega Baja Municipio",3,52,702,337,365
050,72,145,"Puerto Rico Commonwealth","Vega Baja Municipio",3,53,695,328,367
050,72,145,"Puerto Rico Commonwealth","Vega Baja Municipio",3,54,715,331,384
050,72,145,"Puerto Rico Commonwealth","Vega Baja Municipio",3,55,750,332,418
050,72,145,"Puerto Rico Commonwealth","Vega Baja Municipio",3,56,753,335,418
050,72,145,"Puerto Rico Commonwealth","Vega Baja Municipio",3,57,769,349,420
050,72,145,"Puerto Rico Commonwealth","Vega Baja Municipio",3,58,766,337,429
050,72,145,"Puerto Rico Commonwealth","Vega Baja Municipio",3,59,767,338,429
050,72,145,"Puerto Rico Commonwealth","Vega Baja Municipio",3,60,779,352,427
050,72,145,"Puerto Rico Commonwealth","Vega Baja Municipio",3,61,772,354,418
050,72,145,"Puerto Rico Commonwealth","Vega Baja Municipio",3,62,743,345,398
050,72,145,"Puerto Rico Commonwealth","Vega Baja Municipio",3,63,708,329,379
050,72,145,"Puerto Rico Commonwealth","Vega Baja Municipio",3,64,710,328,382
050,72,145,"Puerto Rico Commonwealth","Vega Baja Municipio",3,65,710,322,388
050,72,145,"Puerto Rico Commonwealth","Vega Baja Municipio",3,66,693,312,381
050,72,145,"Puerto Rico Commonwealth","Vega Baja Municipio",3,67,660,312,348
050,72,145,"Puerto Rico Commonwealth","Vega Baja Municipio",3,68,626,304,322
050,72,145,"Puerto Rico Commonwealth","Vega Baja Municipio",3,69,620,295,325
050,72,145,"Puerto Rico Commonwealth","Vega Baja Municipio",3,70,603,273,330
050,72,145,"Puerto Rico Commonwealth","Vega Baja Municipio",3,71,608,258,350
050,72,145,"Puerto Rico Commonwealth","Vega Baja Municipio",3,72,595,261,334
050,72,145,"Puerto Rico Commonwealth","Vega Baja Municipio",3,73,566,245,321
050,72,145,"Puerto Rico Commonwealth","Vega Baja Municipio",3,74,580,265,315
050,72,145,"Puerto Rico Commonwealth","Vega Baja Municipio",3,75,566,259,307
050,72,145,"Puerto Rico Commonwealth","Vega Baja Municipio",3,76,545,246,299
050,72,145,"Puerto Rico Commonwealth","Vega Baja Municipio",3,77,504,238,266
050,72,145,"Puerto Rico Commonwealth","Vega Baja Municipio",3,78,492,227,265
050,72,145,"Puerto Rico Commonwealth","Vega Baja Municipio",3,79,456,205,251
050,72,145,"Puerto Rico Commonwealth","Vega Baja Municipio",3,80,399,183,216
050,72,145,"Puerto Rico Commonwealth","Vega Baja Municipio",3,81,360,162,198
050,72,145,"Puerto Rico Commonwealth","Vega Baja Municipio",3,82,358,157,201
050,72,145,"Puerto Rico Commonwealth","Vega Baja Municipio",3,83,324,130,194
050,72,145,"Puerto Rico Commonwealth","Vega Baja Municipio",3,84,286,124,162
050,72,145,"Puerto Rico Commonwealth","Vega Baja Municipio",3,85,1629,594,1035
050,72,145,"Puerto Rico Commonwealth","Vega Baja Municipio",4,0,340,177,163
050,72,145,"Puerto Rico Commonwealth","Vega Baja Municipio",4,1,321,176,145
050,72,145,"Puerto Rico Commonwealth","Vega Baja Municipio",4,2,372,197,175
050,72,145,"Puerto Rico Commonwealth","Vega Baja Municipio",4,3,368,193,175
050,72,145,"Puerto Rico Commonwealth","Vega Baja Municipio",4,4,382,191,191
050,72,145,"Puerto Rico Commonwealth","Vega Baja Municipio",4,5,431,220,211
050,72,145,"Puerto Rico Commonwealth","Vega Baja Municipio",4,6,459,218,241
050,72,145,"Puerto Rico Commonwealth","Vega Baja Municipio",4,7,465,217,248
050,72,145,"Puerto Rico Commonwealth","Vega Baja Municipio",4,8,455,223,232
050,72,145,"Puerto Rico Commonwealth","Vega Baja Municipio",4,9,497,256,241
050,72,145,"Puerto Rico Commonwealth","Vega Baja Municipio",4,10,521,271,250
050,72,145,"Puerto Rico Commonwealth","Vega Baja Municipio",4,11,515,260,255
050,72,145,"Puerto Rico Commonwealth","Vega Baja Municipio",4,12,519,265,254
050,72,145,"Puerto Rico Commonwealth","Vega Baja Municipio",4,13,552,287,265
050,72,145,"Puerto Rico Commonwealth","Vega Baja Municipio",4,14,594,316,278
050,72,145,"Puerto Rico Commonwealth","Vega Baja Municipio",4,15,597,321,276
050,72,145,"Puerto Rico Commonwealth","Vega Baja Municipio",4,16,614,327,287
050,72,145,"Puerto Rico Commonwealth","Vega Baja Municipio",4,17,642,339,303
050,72,145,"Puerto Rico Commonwealth","Vega Baja Municipio",4,18,622,320,302
050,72,145,"Puerto Rico Commonwealth","Vega Baja Municipio",4,19,607,311,296
050,72,145,"Puerto Rico Commonwealth","Vega Baja Municipio",4,20,651,328,323
050,72,145,"Puerto Rico Commonwealth","Vega Baja Municipio",4,21,702,351,351
050,72,145,"Puerto Rico Commonwealth","Vega Baja Municipio",4,22,700,354,346
050,72,145,"Puerto Rico Commonwealth","Vega Baja Municipio",4,23,680,349,331
050,72,145,"Puerto Rico Commonwealth","Vega Baja Municipio",4,24,688,355,333
050,72,145,"Puerto Rico Commonwealth","Vega Baja Municipio",4,25,707,354,353
050,72,145,"Puerto Rico Commonwealth","Vega Baja Municipio",4,26,726,361,365
050,72,145,"Puerto Rico Commonwealth","Vega Baja Municipio",4,27,761,386,375
050,72,145,"Puerto Rico Commonwealth","Vega Baja Municipio",4,28,748,376,372
050,72,145,"Puerto Rico Commonwealth","Vega Baja Municipio",4,29,741,380,361
050,72,145,"Puerto Rico Commonwealth","Vega Baja Municipio",4,30,743,383,360
050,72,145,"Puerto Rico Commonwealth","Vega Baja Municipio",4,31,750,373,377
050,72,145,"Puerto Rico Commonwealth","Vega Baja Municipio",4,32,722,353,369
050,72,145,"Puerto Rico Commonwealth","Vega Baja Municipio",4,33,698,353,345
050,72,145,"Puerto Rico Commonwealth","Vega Baja Municipio",4,34,665,332,333
050,72,145,"Puerto Rico Commonwealth","Vega Baja Municipio",4,35,618,296,322
050,72,145,"Puerto Rico Commonwealth","Vega Baja Municipio",4,36,609,281,328
050,72,145,"Puerto Rico Commonwealth","Vega Baja Municipio",4,37,601,279,322
050,72,145,"Puerto Rico Commonwealth","Vega Baja Municipio",4,38,607,281,326
050,72,145,"Puerto Rico Commonwealth","Vega Baja Municipio",4,39,637,294,343
050,72,145,"Puerto Rico Commonwealth","Vega Baja Municipio",4,40,640,297,343
050,72,145,"Puerto Rico Commonwealth","Vega Baja Municipio",4,41,647,293,354
050,72,145,"Puerto Rico Commonwealth","Vega Baja Municipio",4,42,665,308,357
050,72,145,"Puerto Rico Commonwealth","Vega Baja Municipio",4,43,675,314,361
050,72,145,"Puerto Rico Commonwealth","Vega Baja Municipio",4,44,673,313,360
050,72,145,"Puerto Rico Commonwealth","Vega Baja Municipio",4,45,661,312,349
050,72,145,"Puerto Rico Commonwealth","Vega Baja Municipio",4,46,650,318,332
050,72,145,"Puerto Rico Commonwealth","Vega Baja Municipio",4,47,636,308,328
050,72,145,"Puerto Rico Commonwealth","Vega Baja Municipio",4,48,636,299,337
050,72,145,"Puerto Rico Commonwealth","Vega Baja Municipio",4,49,675,323,352
050,72,145,"Puerto Rico Commonwealth","Vega Baja Municipio",4,50,690,331,359
050,72,145,"Puerto Rico Commonwealth","Vega Baja Municipio",4,51,719,345,374
050,72,145,"Puerto Rico Commonwealth","Vega Baja Municipio",4,52,722,341,381
050,72,145,"Puerto Rico Commonwealth","Vega Baja Municipio",4,53,698,333,365
050,72,145,"Puerto Rico Commonwealth","Vega Baja Municipio",4,54,687,323,364
050,72,145,"Puerto Rico Commonwealth","Vega Baja Municipio",4,55,711,329,382
050,72,145,"Puerto Rico Commonwealth","Vega Baja Municipio",4,56,745,331,414
050,72,145,"Puerto Rico Commonwealth","Vega Baja Municipio",4,57,747,331,416
050,72,145,"Puerto Rico Commonwealth","Vega Baja Municipio",4,58,767,347,420
050,72,145,"Puerto Rico Commonwealth","Vega Baja Municipio",4,59,763,335,428
050,72,145,"Puerto Rico Commonwealth","Vega Baja Municipio",4,60,762,336,426
050,72,145,"Puerto Rico Commonwealth","Vega Baja Municipio",4,61,777,350,427
050,72,145,"Puerto Rico Commonwealth","Vega Baja Municipio",4,62,767,352,415
050,72,145,"Puerto Rico Commonwealth","Vega Baja Municipio",4,63,734,341,393
050,72,145,"Puerto Rico Commonwealth","Vega Baja Municipio",4,64,703,327,376
050,72,145,"Puerto Rico Commonwealth","Vega Baja Municipio",4,65,710,326,384
050,72,145,"Puerto Rico Commonwealth","Vega Baja Municipio",4,66,703,319,384
050,72,145,"Puerto Rico Commonwealth","Vega Baja Municipio",4,67,686,308,378
050,72,145,"Puerto Rico Commonwealth","Vega Baja Municipio",4,68,658,312,346
050,72,145,"Puerto Rico Commonwealth","Vega Baja Municipio",4,69,621,300,321
050,72,145,"Puerto Rico Commonwealth","Vega Baja Municipio",4,70,614,294,320
050,72,145,"Puerto Rico Commonwealth","Vega Baja Municipio",4,71,594,267,327
050,72,145,"Puerto Rico Commonwealth","Vega Baja Municipio",4,72,600,258,342
050,72,145,"Puerto Rico Commonwealth","Vega Baja Municipio",4,73,587,256,331
050,72,145,"Puerto Rico Commonwealth","Vega Baja Municipio",4,74,554,242,312
050,72,145,"Puerto Rico Commonwealth","Vega Baja Municipio",4,75,569,255,314
050,72,145,"Puerto Rico Commonwealth","Vega Baja Municipio",4,76,555,254,301
050,72,145,"Puerto Rico Commonwealth","Vega Baja Municipio",4,77,530,239,291
050,72,145,"Puerto Rico Commonwealth","Vega Baja Municipio",4,78,490,236,254
050,72,145,"Puerto Rico Commonwealth","Vega Baja Municipio",4,79,470,214,256
050,72,145,"Puerto Rico Commonwealth","Vega Baja Municipio",4,80,436,194,242
050,72,145,"Puerto Rico Commonwealth","Vega Baja Municipio",4,81,387,179,208
050,72,145,"Puerto Rico Commonwealth","Vega Baja Municipio",4,82,342,156,186
050,72,145,"Puerto Rico Commonwealth","Vega Baja Municipio",4,83,345,148,197
050,72,145,"Puerto Rico Commonwealth","Vega Baja Municipio",4,84,296,116,180
050,72,145,"Puerto Rico Commonwealth","Vega Baja Municipio",4,85,1728,631,1097
050,72,145,"Puerto Rico Commonwealth","Vega Baja Municipio",5,0,327,165,162
050,72,145,"Puerto Rico Commonwealth","Vega Baja Municipio",5,1,340,176,164
050,72,145,"Puerto Rico Commonwealth","Vega Baja Municipio",5,2,320,176,144
050,72,145,"Puerto Rico Commonwealth","Vega Baja Municipio",5,3,372,197,175
050,72,145,"Puerto Rico Commonwealth","Vega Baja Municipio",5,4,367,193,174
050,72,145,"Puerto Rico Commonwealth","Vega Baja Municipio",5,5,381,191,190
050,72,145,"Puerto Rico Commonwealth","Vega Baja Municipio",5,6,430,220,210
050,72,145,"Puerto Rico Commonwealth","Vega Baja Municipio",5,7,458,218,240
050,72,145,"Puerto Rico Commonwealth","Vega Baja Municipio",5,8,465,217,248
050,72,145,"Puerto Rico Commonwealth","Vega Baja Municipio",5,9,454,223,231
050,72,145,"Puerto Rico Commonwealth","Vega Baja Municipio",5,10,496,256,240
050,72,145,"Puerto Rico Commonwealth","Vega Baja Municipio",5,11,518,270,248
050,72,145,"Puerto Rico Commonwealth","Vega Baja Municipio",5,12,513,259,254
050,72,145,"Puerto Rico Commonwealth","Vega Baja Municipio",5,13,517,264,253
050,72,145,"Puerto Rico Commonwealth","Vega Baja Municipio",5,14,550,286,264
050,72,145,"Puerto Rico Commonwealth","Vega Baja Municipio",5,15,592,315,277
050,72,145,"Puerto Rico Commonwealth","Vega Baja Municipio",5,16,596,321,275
050,72,145,"Puerto Rico Commonwealth","Vega Baja Municipio",5,17,610,325,285
050,72,145,"Puerto Rico Commonwealth","Vega Baja Municipio",5,18,634,335,299
050,72,145,"Puerto Rico Commonwealth","Vega Baja Municipio",5,19,611,315,296
050,72,145,"Puerto Rico Commonwealth","Vega Baja Municipio",5,20,609,311,298
050,72,145,"Puerto Rico Commonwealth","Vega Baja Municipio",5,21,646,325,321
050,72,145,"Puerto Rico Commonwealth","Vega Baja Municipio",5,22,706,351,355
050,72,145,"Puerto Rico Commonwealth","Vega Baja Municipio",5,23,707,357,350
050,72,145,"Puerto Rico Commonwealth","Vega Baja Municipio",5,24,689,355,334
050,72,145,"Puerto Rico Commonwealth","Vega Baja Municipio",5,25,692,357,335
050,72,145,"Puerto Rico Commonwealth","Vega Baja Municipio",5,26,711,354,357
050,72,145,"Puerto Rico Commonwealth","Vega Baja Municipio",5,27,730,363,367
050,72,145,"Puerto Rico Commonwealth","Vega Baja Municipio",5,28,771,392,379
050,72,145,"Puerto Rico Commonwealth","Vega Baja Municipio",5,29,745,372,373
050,72,145,"Puerto Rico Commonwealth","Vega Baja Municipio",5,30,745,382,363
050,72,145,"Puerto Rico Commonwealth","Vega Baja Municipio",5,31,750,389,361
050,72,145,"Puerto Rico Commonwealth","Vega Baja Municipio",5,32,753,375,378
050,72,145,"Puerto Rico Commonwealth","Vega Baja Municipio",5,33,727,356,371
050,72,145,"Puerto Rico Commonwealth","Vega Baja Municipio",5,34,698,352,346
050,72,145,"Puerto Rico Commonwealth","Vega Baja Municipio",5,35,669,335,334
050,72,145,"Puerto Rico Commonwealth","Vega Baja Municipio",5,36,618,296,322
050,72,145,"Puerto Rico Commonwealth","Vega Baja Municipio",5,37,611,282,329
050,72,145,"Puerto Rico Commonwealth","Vega Baja Municipio",5,38,599,276,323
050,72,145,"Puerto Rico Commonwealth","Vega Baja Municipio",5,39,613,286,327
050,72,145,"Puerto Rico Commonwealth","Vega Baja Municipio",5,40,641,297,344
050,72,145,"Puerto Rico Commonwealth","Vega Baja Municipio",5,41,638,294,344
050,72,145,"Puerto Rico Commonwealth","Vega Baja Municipio",5,42,649,294,355
050,72,145,"Puerto Rico Commonwealth","Vega Baja Municipio",5,43,665,306,359
050,72,145,"Puerto Rico Commonwealth","Vega Baja Municipio",5,44,674,315,359
050,72,145,"Puerto Rico Commonwealth","Vega Baja Municipio",5,45,675,312,363
050,72,145,"Puerto Rico Commonwealth","Vega Baja Municipio",5,46,658,310,348
050,72,145,"Puerto Rico Commonwealth","Vega Baja Municipio",5,47,649,318,331
050,72,145,"Puerto Rico Commonwealth","Vega Baja Municipio",5,48,632,303,329
050,72,145,"Puerto Rico Commonwealth","Vega Baja Municipio",5,49,637,299,338
050,72,145,"Puerto Rico Commonwealth","Vega Baja Municipio",5,50,674,320,354
050,72,145,"Puerto Rico Commonwealth","Vega Baja Municipio",5,51,690,330,360
050,72,145,"Puerto Rico Commonwealth","Vega Baja Municipio",5,52,716,343,373
050,72,145,"Puerto Rico Commonwealth","Vega Baja Municipio",5,53,725,342,383
050,72,145,"Puerto Rico Commonwealth","Vega Baja Municipio",5,54,695,330,365
050,72,145,"Puerto Rico Commonwealth","Vega Baja Municipio",5,55,686,321,365
050,72,145,"Puerto Rico Commonwealth","Vega Baja Municipio",5,56,714,333,381
050,72,145,"Puerto Rico Commonwealth","Vega Baja Municipio",5,57,739,327,412
050,72,145,"Puerto Rico Commonwealth","Vega Baja Municipio",5,58,747,329,418
050,72,145,"Puerto Rico Commonwealth","Vega Baja Municipio",5,59,765,346,419
050,72,145,"Puerto Rico Commonwealth","Vega Baja Municipio",5,60,759,334,425
050,72,145,"Puerto Rico Commonwealth","Vega Baja Municipio",5,61,755,332,423
050,72,145,"Puerto Rico Commonwealth","Vega Baja Municipio",5,62,773,344,429
050,72,145,"Puerto Rico Commonwealth","Vega Baja Municipio",5,63,761,348,413
050,72,145,"Puerto Rico Commonwealth","Vega Baja Municipio",5,64,729,337,392
050,72,145,"Puerto Rico Commonwealth","Vega Baja Municipio",5,65,701,322,379
050,72,145,"Puerto Rico Commonwealth","Vega Baja Municipio",5,66,704,324,380
050,72,145,"Puerto Rico Commonwealth","Vega Baja Municipio",5,67,698,319,379
050,72,145,"Puerto Rico Commonwealth","Vega Baja Municipio",5,68,681,306,375
050,72,145,"Puerto Rico Commonwealth","Vega Baja Municipio",5,69,650,305,345
050,72,145,"Puerto Rico Commonwealth","Vega Baja Municipio",5,70,615,296,319
050,72,145,"Puerto Rico Commonwealth","Vega Baja Municipio",5,71,600,283,317
050,72,145,"Puerto Rico Commonwealth","Vega Baja Municipio",5,72,589,260,329
050,72,145,"Puerto Rico Commonwealth","Vega Baja Municipio",5,73,587,251,336
050,72,145,"Puerto Rico Commonwealth","Vega Baja Municipio",5,74,576,254,322
050,72,145,"Puerto Rico Commonwealth","Vega Baja Municipio",5,75,546,239,307
050,72,145,"Puerto Rico Commonwealth","Vega Baja Municipio",5,76,554,248,306
050,72,145,"Puerto Rico Commonwealth","Vega Baja Municipio",5,77,535,240,295
050,72,145,"Puerto Rico Commonwealth","Vega Baja Municipio",5,78,507,229,278
050,72,145,"Puerto Rico Commonwealth","Vega Baja Municipio",5,79,469,225,244
050,72,145,"Puerto Rico Commonwealth","Vega Baja Municipio",5,80,448,198,250
050,72,145,"Puerto Rico Commonwealth","Vega Baja Municipio",5,81,412,186,226
050,72,145,"Puerto Rico Commonwealth","Vega Baja Municipio",5,82,375,177,198
050,72,145,"Puerto Rico Commonwealth","Vega Baja Municipio",5,83,323,139,184
050,72,145,"Puerto Rico Commonwealth","Vega Baja Municipio",5,84,319,134,185
050,72,145,"Puerto Rico Commonwealth","Vega Baja Municipio",5,85,1852,671,1181
050,72,147,"Puerto Rico Commonwealth","Vieques Municipio",1,0,56,27,29
050,72,147,"Puerto Rico Commonwealth","Vieques Municipio",1,1,66,36,30
050,72,147,"Puerto Rico Commonwealth","Vieques Municipio",1,2,61,35,26
050,72,147,"Puerto Rico Commonwealth","Vieques Municipio",1,3,68,33,35
050,72,147,"Puerto Rico Commonwealth","Vieques Municipio",1,4,72,40,32
050,72,147,"Puerto Rico Commonwealth","Vieques Municipio",1,5,80,39,41
050,72,147,"Puerto Rico Commonwealth","Vieques Municipio",1,6,86,42,44
050,72,147,"Puerto Rico Commonwealth","Vieques Municipio",1,7,92,44,48
050,72,147,"Puerto Rico Commonwealth","Vieques Municipio",1,8,112,54,58
050,72,147,"Puerto Rico Commonwealth","Vieques Municipio",1,9,82,28,54
050,72,147,"Puerto Rico Commonwealth","Vieques Municipio",1,10,102,52,50
050,72,147,"Puerto Rico Commonwealth","Vieques Municipio",1,11,95,47,48
050,72,147,"Puerto Rico Commonwealth","Vieques Municipio",1,12,84,40,44
050,72,147,"Puerto Rico Commonwealth","Vieques Municipio",1,13,91,41,50
050,72,147,"Puerto Rico Commonwealth","Vieques Municipio",1,14,90,41,49
050,72,147,"Puerto Rico Commonwealth","Vieques Municipio",1,15,80,41,39
050,72,147,"Puerto Rico Commonwealth","Vieques Municipio",1,16,88,47,41
050,72,147,"Puerto Rico Commonwealth","Vieques Municipio",1,17,87,46,41
050,72,147,"Puerto Rico Commonwealth","Vieques Municipio",1,18,78,39,39
050,72,147,"Puerto Rico Commonwealth","Vieques Municipio",1,19,70,37,33
050,72,147,"Puerto Rico Commonwealth","Vieques Municipio",1,20,81,37,44
050,72,147,"Puerto Rico Commonwealth","Vieques Municipio",1,21,80,40,40
050,72,147,"Puerto Rico Commonwealth","Vieques Municipio",1,22,83,44,39
050,72,147,"Puerto Rico Commonwealth","Vieques Municipio",1,23,87,46,41
050,72,147,"Puerto Rico Commonwealth","Vieques Municipio",1,24,84,39,45
050,72,147,"Puerto Rico Commonwealth","Vieques Municipio",1,25,92,42,50
050,72,147,"Puerto Rico Commonwealth","Vieques Municipio",1,26,85,45,40
050,72,147,"Puerto Rico Commonwealth","Vieques Municipio",1,27,83,43,40
050,72,147,"Puerto Rico Commonwealth","Vieques Municipio",1,28,92,40,52
050,72,147,"Puerto Rico Commonwealth","Vieques Municipio",1,29,100,50,50
050,72,147,"Puerto Rico Commonwealth","Vieques Municipio",1,30,103,52,51
050,72,147,"Puerto Rico Commonwealth","Vieques Municipio",1,31,98,46,52
050,72,147,"Puerto Rico Commonwealth","Vieques Municipio",1,32,85,44,41
050,72,147,"Puerto Rico Commonwealth","Vieques Municipio",1,33,85,46,39
050,72,147,"Puerto Rico Commonwealth","Vieques Municipio",1,34,92,45,47
050,72,147,"Puerto Rico Commonwealth","Vieques Municipio",1,35,88,41,47
050,72,147,"Puerto Rico Commonwealth","Vieques Municipio",1,36,80,36,44
050,72,147,"Puerto Rico Commonwealth","Vieques Municipio",1,37,84,43,41
050,72,147,"Puerto Rico Commonwealth","Vieques Municipio",1,38,82,51,31
050,72,147,"Puerto Rico Commonwealth","Vieques Municipio",1,39,84,51,33
050,72,147,"Puerto Rico Commonwealth","Vieques Municipio",1,40,94,54,40
050,72,147,"Puerto Rico Commonwealth","Vieques Municipio",1,41,76,38,38
050,72,147,"Puerto Rico Commonwealth","Vieques Municipio",1,42,90,45,45
050,72,147,"Puerto Rico Commonwealth","Vieques Municipio",1,43,103,58,45
050,72,147,"Puerto Rico Commonwealth","Vieques Municipio",1,44,101,56,45
050,72,147,"Puerto Rico Commonwealth","Vieques Municipio",1,45,95,55,40
050,72,147,"Puerto Rico Commonwealth","Vieques Municipio",1,46,96,55,41
050,72,147,"Puerto Rico Commonwealth","Vieques Municipio",1,47,101,52,49
050,72,147,"Puerto Rico Commonwealth","Vieques Municipio",1,48,104,53,51
050,72,147,"Puerto Rico Commonwealth","Vieques Municipio",1,49,118,57,61
050,72,147,"Puerto Rico Commonwealth","Vieques Municipio",1,50,132,69,63
050,72,147,"Puerto Rico Commonwealth","Vieques Municipio",1,51,125,62,63
050,72,147,"Puerto Rico Commonwealth","Vieques Municipio",1,52,127,68,59
050,72,147,"Puerto Rico Commonwealth","Vieques Municipio",1,53,118,66,52
050,72,147,"Puerto Rico Commonwealth","Vieques Municipio",1,54,134,69,65
050,72,147,"Puerto Rico Commonwealth","Vieques Municipio",1,55,149,76,73
050,72,147,"Puerto Rico Commonwealth","Vieques Municipio",1,56,138,69,69
050,72,147,"Puerto Rico Commonwealth","Vieques Municipio",1,57,120,66,54
050,72,147,"Puerto Rico Commonwealth","Vieques Municipio",1,58,114,66,48
050,72,147,"Puerto Rico Commonwealth","Vieques Municipio",1,59,125,67,58
050,72,147,"Puerto Rico Commonwealth","Vieques Municipio",1,60,136,64,72
050,72,147,"Puerto Rico Commonwealth","Vieques Municipio",1,61,133,66,67
050,72,147,"Puerto Rico Commonwealth","Vieques Municipio",1,62,131,65,66
050,72,147,"Puerto Rico Commonwealth","Vieques Municipio",1,63,132,68,64
050,72,147,"Puerto Rico Commonwealth","Vieques Municipio",1,64,136,70,66
050,72,147,"Puerto Rico Commonwealth","Vieques Municipio",1,65,131,67,64
050,72,147,"Puerto Rico Commonwealth","Vieques Municipio",1,66,115,64,51
050,72,147,"Puerto Rico Commonwealth","Vieques Municipio",1,67,102,58,44
050,72,147,"Puerto Rico Commonwealth","Vieques Municipio",1,68,95,53,42
050,72,147,"Puerto Rico Commonwealth","Vieques Municipio",1,69,98,48,50
050,72,147,"Puerto Rico Commonwealth","Vieques Municipio",1,70,98,48,50
050,72,147,"Puerto Rico Commonwealth","Vieques Municipio",1,71,93,39,54
050,72,147,"Puerto Rico Commonwealth","Vieques Municipio",1,72,107,48,59
050,72,147,"Puerto Rico Commonwealth","Vieques Municipio",1,73,113,59,54
050,72,147,"Puerto Rico Commonwealth","Vieques Municipio",1,74,90,49,41
050,72,147,"Puerto Rico Commonwealth","Vieques Municipio",1,75,82,39,43
050,72,147,"Puerto Rico Commonwealth","Vieques Municipio",1,76,89,42,47
050,72,147,"Puerto Rico Commonwealth","Vieques Municipio",1,77,91,43,48
050,72,147,"Puerto Rico Commonwealth","Vieques Municipio",1,78,68,30,38
050,72,147,"Puerto Rico Commonwealth","Vieques Municipio",1,79,71,33,38
050,72,147,"Puerto Rico Commonwealth","Vieques Municipio",1,80,64,29,35
050,72,147,"Puerto Rico Commonwealth","Vieques Municipio",1,81,59,29,30
050,72,147,"Puerto Rico Commonwealth","Vieques Municipio",1,82,50,30,20
050,72,147,"Puerto Rico Commonwealth","Vieques Municipio",1,83,48,30,18
050,72,147,"Puerto Rico Commonwealth","Vieques Municipio",1,84,34,18,16
050,72,147,"Puerto Rico Commonwealth","Vieques Municipio",1,85,235,76,159
050,72,147,"Puerto Rico Commonwealth","Vieques Municipio",2,0,58,28,30
050,72,147,"Puerto Rico Commonwealth","Vieques Municipio",2,1,63,34,29
050,72,147,"Puerto Rico Commonwealth","Vieques Municipio",2,2,62,35,27
050,72,147,"Puerto Rico Commonwealth","Vieques Municipio",2,3,67,34,33
050,72,147,"Puerto Rico Commonwealth","Vieques Municipio",2,4,71,38,33
050,72,147,"Puerto Rico Commonwealth","Vieques Municipio",2,5,78,39,39
050,72,147,"Puerto Rico Commonwealth","Vieques Municipio",2,6,84,41,43
050,72,147,"Puerto Rico Commonwealth","Vieques Municipio",2,7,91,44,47
050,72,147,"Puerto Rico Commonwealth","Vieques Municipio",2,8,107,51,56
050,72,147,"Puerto Rico Commonwealth","Vieques Municipio",2,9,89,35,54
050,72,147,"Puerto Rico Commonwealth","Vieques Municipio",2,10,98,46,52
050,72,147,"Puerto Rico Commonwealth","Vieques Municipio",2,11,96,48,48
050,72,147,"Puerto Rico Commonwealth","Vieques Municipio",2,12,87,42,45
050,72,147,"Puerto Rico Commonwealth","Vieques Municipio",2,13,90,41,49
050,72,147,"Puerto Rico Commonwealth","Vieques Municipio",2,14,90,41,49
050,72,147,"Puerto Rico Commonwealth","Vieques Municipio",2,15,82,41,41
050,72,147,"Puerto Rico Commonwealth","Vieques Municipio",2,16,86,45,41
050,72,147,"Puerto Rico Commonwealth","Vieques Municipio",2,17,88,47,41
050,72,147,"Puerto Rico Commonwealth","Vieques Municipio",2,18,79,40,39
050,72,147,"Puerto Rico Commonwealth","Vieques Municipio",2,19,73,38,35
050,72,147,"Puerto Rico Commonwealth","Vieques Municipio",2,20,78,37,41
050,72,147,"Puerto Rico Commonwealth","Vieques Municipio",2,21,80,39,41
050,72,147,"Puerto Rico Commonwealth","Vieques Municipio",2,22,82,43,39
050,72,147,"Puerto Rico Commonwealth","Vieques Municipio",2,23,86,45,41
050,72,147,"Puerto Rico Commonwealth","Vieques Municipio",2,24,84,40,44
050,72,147,"Puerto Rico Commonwealth","Vieques Municipio",2,25,89,41,48
050,72,147,"Puerto Rico Commonwealth","Vieques Municipio",2,26,87,44,43
050,72,147,"Puerto Rico Commonwealth","Vieques Municipio",2,27,83,43,40
050,72,147,"Puerto Rico Commonwealth","Vieques Municipio",2,28,90,41,49
050,72,147,"Puerto Rico Commonwealth","Vieques Municipio",2,29,99,48,51
050,72,147,"Puerto Rico Commonwealth","Vieques Municipio",2,30,100,50,50
050,72,147,"Puerto Rico Commonwealth","Vieques Municipio",2,31,99,47,52
050,72,147,"Puerto Rico Commonwealth","Vieques Municipio",2,32,89,45,44
050,72,147,"Puerto Rico Commonwealth","Vieques Municipio",2,33,83,45,38
050,72,147,"Puerto Rico Commonwealth","Vieques Municipio",2,34,91,46,45
050,72,147,"Puerto Rico Commonwealth","Vieques Municipio",2,35,89,42,47
050,72,147,"Puerto Rico Commonwealth","Vieques Municipio",2,36,82,37,45
050,72,147,"Puerto Rico Commonwealth","Vieques Municipio",2,37,83,41,42
050,72,147,"Puerto Rico Commonwealth","Vieques Municipio",2,38,82,49,33
050,72,147,"Puerto Rico Commonwealth","Vieques Municipio",2,39,83,50,33
050,72,147,"Puerto Rico Commonwealth","Vieques Municipio",2,40,91,53,38
050,72,147,"Puerto Rico Commonwealth","Vieques Municipio",2,41,80,41,39
050,72,147,"Puerto Rico Commonwealth","Vieques Municipio",2,42,87,44,43
050,72,147,"Puerto Rico Commonwealth","Vieques Municipio",2,43,100,55,45
050,72,147,"Puerto Rico Commonwealth","Vieques Municipio",2,44,101,56,45
050,72,147,"Puerto Rico Commonwealth","Vieques Municipio",2,45,96,55,41
050,72,147,"Puerto Rico Commonwealth","Vieques Municipio",2,46,96,55,41
050,72,147,"Puerto Rico Commonwealth","Vieques Municipio",2,47,100,53,47
050,72,147,"Puerto Rico Commonwealth","Vieques Municipio",2,48,103,53,50
050,72,147,"Puerto Rico Commonwealth","Vieques Municipio",2,49,115,56,59
050,72,147,"Puerto Rico Commonwealth","Vieques Municipio",2,50,127,65,62
050,72,147,"Puerto Rico Commonwealth","Vieques Municipio",2,51,127,64,63
050,72,147,"Puerto Rico Commonwealth","Vieques Municipio",2,52,126,66,60
050,72,147,"Puerto Rico Commonwealth","Vieques Municipio",2,53,121,67,54
050,72,147,"Puerto Rico Commonwealth","Vieques Municipio",2,54,130,68,62
050,72,147,"Puerto Rico Commonwealth","Vieques Municipio",2,55,145,74,71
050,72,147,"Puerto Rico Commonwealth","Vieques Municipio",2,56,141,71,70
050,72,147,"Puerto Rico Commonwealth","Vieques Municipio",2,57,125,67,58
050,72,147,"Puerto Rico Commonwealth","Vieques Municipio",2,58,115,66,49
050,72,147,"Puerto Rico Commonwealth","Vieques Municipio",2,59,121,65,56
050,72,147,"Puerto Rico Commonwealth","Vieques Municipio",2,60,133,65,68
050,72,147,"Puerto Rico Commonwealth","Vieques Municipio",2,61,134,66,68
050,72,147,"Puerto Rico Commonwealth","Vieques Municipio",2,62,132,65,67
050,72,147,"Puerto Rico Commonwealth","Vieques Municipio",2,63,131,67,64
050,72,147,"Puerto Rico Commonwealth","Vieques Municipio",2,64,136,70,66
050,72,147,"Puerto Rico Commonwealth","Vieques Municipio",2,65,131,67,64
050,72,147,"Puerto Rico Commonwealth","Vieques Municipio",2,66,119,65,54
050,72,147,"Puerto Rico Commonwealth","Vieques Municipio",2,67,104,58,46
050,72,147,"Puerto Rico Commonwealth","Vieques Municipio",2,68,97,54,43
050,72,147,"Puerto Rico Commonwealth","Vieques Municipio",2,69,95,47,48
050,72,147,"Puerto Rico Commonwealth","Vieques Municipio",2,70,97,47,50
050,72,147,"Puerto Rico Commonwealth","Vieques Municipio",2,71,94,41,53
050,72,147,"Puerto Rico Commonwealth","Vieques Municipio",2,72,103,46,57
050,72,147,"Puerto Rico Commonwealth","Vieques Municipio",2,73,111,56,55
050,72,147,"Puerto Rico Commonwealth","Vieques Municipio",2,74,97,52,45
050,72,147,"Puerto Rico Commonwealth","Vieques Municipio",2,75,83,41,42
050,72,147,"Puerto Rico Commonwealth","Vieques Municipio",2,76,88,42,46
050,72,147,"Puerto Rico Commonwealth","Vieques Municipio",2,77,89,41,48
050,72,147,"Puerto Rico Commonwealth","Vieques Municipio",2,78,73,33,40
050,72,147,"Puerto Rico Commonwealth","Vieques Municipio",2,79,70,32,38
050,72,147,"Puerto Rico Commonwealth","Vieques Municipio",2,80,65,29,36
050,72,147,"Puerto Rico Commonwealth","Vieques Municipio",2,81,60,29,31
050,72,147,"Puerto Rico Commonwealth","Vieques Municipio",2,82,52,29,23
050,72,147,"Puerto Rico Commonwealth","Vieques Municipio",2,83,45,30,15
050,72,147,"Puerto Rico Commonwealth","Vieques Municipio",2,84,37,20,17
050,72,147,"Puerto Rico Commonwealth","Vieques Municipio",2,85,235,78,157
050,72,147,"Puerto Rico Commonwealth","Vieques Municipio",3,0,48,26,22
050,72,147,"Puerto Rico Commonwealth","Vieques Municipio",3,1,57,27,30
050,72,147,"Puerto Rico Commonwealth","Vieques Municipio",3,2,63,34,29
050,72,147,"Puerto Rico Commonwealth","Vieques Municipio",3,3,61,34,27
050,72,147,"Puerto Rico Commonwealth","Vieques Municipio",3,4,66,33,33
050,72,147,"Puerto Rico Commonwealth","Vieques Municipio",3,5,70,37,33
050,72,147,"Puerto Rico Commonwealth","Vieques Municipio",3,6,77,38,39
050,72,147,"Puerto Rico Commonwealth","Vieques Municipio",3,7,82,40,42
050,72,147,"Puerto Rico Commonwealth","Vieques Municipio",3,8,89,43,46
050,72,147,"Puerto Rico Commonwealth","Vieques Municipio",3,9,106,51,55
050,72,147,"Puerto Rico Commonwealth","Vieques Municipio",3,10,87,34,53
050,72,147,"Puerto Rico Commonwealth","Vieques Municipio",3,11,96,45,51
050,72,147,"Puerto Rico Commonwealth","Vieques Municipio",3,12,94,47,47
050,72,147,"Puerto Rico Commonwealth","Vieques Municipio",3,13,85,41,44
050,72,147,"Puerto Rico Commonwealth","Vieques Municipio",3,14,88,40,48
050,72,147,"Puerto Rico Commonwealth","Vieques Municipio",3,15,89,40,49
050,72,147,"Puerto Rico Commonwealth","Vieques Municipio",3,16,80,40,40
050,72,147,"Puerto Rico Commonwealth","Vieques Municipio",3,17,84,44,40
050,72,147,"Puerto Rico Commonwealth","Vieques Municipio",3,18,86,46,40
050,72,147,"Puerto Rico Commonwealth","Vieques Municipio",3,19,77,39,38
050,72,147,"Puerto Rico Commonwealth","Vieques Municipio",3,20,71,37,34
050,72,147,"Puerto Rico Commonwealth","Vieques Municipio",3,21,76,36,40
050,72,147,"Puerto Rico Commonwealth","Vieques Municipio",3,22,79,38,41
050,72,147,"Puerto Rico Commonwealth","Vieques Municipio",3,23,81,42,39
050,72,147,"Puerto Rico Commonwealth","Vieques Municipio",3,24,85,44,41
050,72,147,"Puerto Rico Commonwealth","Vieques Municipio",3,25,84,40,44
050,72,147,"Puerto Rico Commonwealth","Vieques Municipio",3,26,89,41,48
050,72,147,"Puerto Rico Commonwealth","Vieques Municipio",3,27,87,44,43
050,72,147,"Puerto Rico Commonwealth","Vieques Municipio",3,28,81,43,38
050,72,147,"Puerto Rico Commonwealth","Vieques Municipio",3,29,87,39,48
050,72,147,"Puerto Rico Commonwealth","Vieques Municipio",3,30,99,48,51
050,72,147,"Puerto Rico Commonwealth","Vieques Municipio",3,31,101,51,50
050,72,147,"Puerto Rico Commonwealth","Vieques Municipio",3,32,99,47,52
050,72,147,"Puerto Rico Commonwealth","Vieques Municipio",3,33,90,46,44
050,72,147,"Puerto Rico Commonwealth","Vieques Municipio",3,34,84,46,38
050,72,147,"Puerto Rico Commonwealth","Vieques Municipio",3,35,92,47,45
050,72,147,"Puerto Rico Commonwealth","Vieques Municipio",3,36,89,42,47
050,72,147,"Puerto Rico Commonwealth","Vieques Municipio",3,37,83,38,45
050,72,147,"Puerto Rico Commonwealth","Vieques Municipio",3,38,84,42,42
050,72,147,"Puerto Rico Commonwealth","Vieques Municipio",3,39,83,50,33
050,72,147,"Puerto Rico Commonwealth","Vieques Municipio",3,40,92,59,33
050,72,147,"Puerto Rico Commonwealth","Vieques Municipio",3,41,84,46,38
050,72,147,"Puerto Rico Commonwealth","Vieques Municipio",3,42,82,42,40
050,72,147,"Puerto Rico Commonwealth","Vieques Municipio",3,43,89,45,44
050,72,147,"Puerto Rico Commonwealth","Vieques Municipio",3,44,102,56,46
050,72,147,"Puerto Rico Commonwealth","Vieques Municipio",3,45,102,56,46
050,72,147,"Puerto Rico Commonwealth","Vieques Municipio",3,46,97,55,42
050,72,147,"Puerto Rico Commonwealth","Vieques Municipio",3,47,97,56,41
050,72,147,"Puerto Rico Commonwealth","Vieques Municipio",3,48,101,54,47
050,72,147,"Puerto Rico Commonwealth","Vieques Municipio",3,49,105,54,51
050,72,147,"Puerto Rico Commonwealth","Vieques Municipio",3,50,124,64,60
050,72,147,"Puerto Rico Commonwealth","Vieques Municipio",3,51,120,59,61
050,72,147,"Puerto Rico Commonwealth","Vieques Municipio",3,52,129,65,64
050,72,147,"Puerto Rico Commonwealth","Vieques Municipio",3,53,128,68,60
050,72,147,"Puerto Rico Commonwealth","Vieques Municipio",3,54,122,68,54
050,72,147,"Puerto Rico Commonwealth","Vieques Municipio",3,55,138,76,62
050,72,147,"Puerto Rico Commonwealth","Vieques Municipio",3,56,135,65,70
050,72,147,"Puerto Rico Commonwealth","Vieques Municipio",3,57,140,70,70
050,72,147,"Puerto Rico Commonwealth","Vieques Municipio",3,58,124,66,58
050,72,147,"Puerto Rico Commonwealth","Vieques Municipio",3,59,113,64,49
050,72,147,"Puerto Rico Commonwealth","Vieques Municipio",3,60,120,65,55
050,72,147,"Puerto Rico Commonwealth","Vieques Municipio",3,61,134,66,68
050,72,147,"Puerto Rico Commonwealth","Vieques Municipio",3,62,132,66,66
050,72,147,"Puerto Rico Commonwealth","Vieques Municipio",3,63,130,63,67
050,72,147,"Puerto Rico Commonwealth","Vieques Municipio",3,64,130,67,63
050,72,147,"Puerto Rico Commonwealth","Vieques Municipio",3,65,134,69,65
050,72,147,"Puerto Rico Commonwealth","Vieques Municipio",3,66,130,66,64
050,72,147,"Puerto Rico Commonwealth","Vieques Municipio",3,67,114,64,50
050,72,147,"Puerto Rico Commonwealth","Vieques Municipio",3,68,103,57,46
050,72,147,"Puerto Rico Commonwealth","Vieques Municipio",3,69,96,54,42
050,72,147,"Puerto Rico Commonwealth","Vieques Municipio",3,70,91,45,46
050,72,147,"Puerto Rico Commonwealth","Vieques Municipio",3,71,95,46,49
050,72,147,"Puerto Rico Commonwealth","Vieques Municipio",3,72,93,41,52
050,72,147,"Puerto Rico Commonwealth","Vieques Municipio",3,73,99,46,53
050,72,147,"Puerto Rico Commonwealth","Vieques Municipio",3,74,109,56,53
050,72,147,"Puerto Rico Commonwealth","Vieques Municipio",3,75,90,49,41
050,72,147,"Puerto Rico Commonwealth","Vieques Municipio",3,76,80,40,40
050,72,147,"Puerto Rico Commonwealth","Vieques Municipio",3,77,84,40,44
050,72,147,"Puerto Rico Commonwealth","Vieques Municipio",3,78,86,41,45
050,72,147,"Puerto Rico Commonwealth","Vieques Municipio",3,79,71,33,38
050,72,147,"Puerto Rico Commonwealth","Vieques Municipio",3,80,66,31,35
050,72,147,"Puerto Rico Commonwealth","Vieques Municipio",3,81,57,26,31
050,72,147,"Puerto Rico Commonwealth","Vieques Municipio",3,82,56,25,31
050,72,147,"Puerto Rico Commonwealth","Vieques Municipio",3,83,47,25,22
050,72,147,"Puerto Rico Commonwealth","Vieques Municipio",3,84,43,28,15
050,72,147,"Puerto Rico Commonwealth","Vieques Municipio",3,85,248,86,162
050,72,147,"Puerto Rico Commonwealth","Vieques Municipio",4,0,51,31,20
050,72,147,"Puerto Rico Commonwealth","Vieques Municipio",4,1,46,25,21
050,72,147,"Puerto Rico Commonwealth","Vieques Municipio",4,2,55,26,29
050,72,147,"Puerto Rico Commonwealth","Vieques Municipio",4,3,61,33,28
050,72,147,"Puerto Rico Commonwealth","Vieques Municipio",4,4,59,33,26
050,72,147,"Puerto Rico Commonwealth","Vieques Municipio",4,5,64,32,32
050,72,147,"Puerto Rico Commonwealth","Vieques Municipio",4,6,68,36,32
050,72,147,"Puerto Rico Commonwealth","Vieques Municipio",4,7,75,37,38
050,72,147,"Puerto Rico Commonwealth","Vieques Municipio",4,8,80,39,41
050,72,147,"Puerto Rico Commonwealth","Vieques Municipio",4,9,87,42,45
050,72,147,"Puerto Rico Commonwealth","Vieques Municipio",4,10,104,50,54
050,72,147,"Puerto Rico Commonwealth","Vieques Municipio",4,11,85,33,52
050,72,147,"Puerto Rico Commonwealth","Vieques Municipio",4,12,94,44,50
050,72,147,"Puerto Rico Commonwealth","Vieques Municipio",4,13,92,46,46
050,72,147,"Puerto Rico Commonwealth","Vieques Municipio",4,14,83,40,43
050,72,147,"Puerto Rico Commonwealth","Vieques Municipio",4,15,86,39,47
050,72,147,"Puerto Rico Commonwealth","Vieques Municipio",4,16,86,38,48
050,72,147,"Puerto Rico Commonwealth","Vieques Municipio",4,17,77,38,39
050,72,147,"Puerto Rico Commonwealth","Vieques Municipio",4,18,79,41,38
050,72,147,"Puerto Rico Commonwealth","Vieques Municipio",4,19,82,44,38
050,72,147,"Puerto Rico Commonwealth","Vieques Municipio",4,20,73,36,37
050,72,147,"Puerto Rico Commonwealth","Vieques Municipio",4,21,69,36,33
050,72,147,"Puerto Rico Commonwealth","Vieques Municipio",4,22,74,35,39
050,72,147,"Puerto Rico Commonwealth","Vieques Municipio",4,23,77,37,40
050,72,147,"Puerto Rico Commonwealth","Vieques Municipio",4,24,79,41,38
050,72,147,"Puerto Rico Commonwealth","Vieques Municipio",4,25,82,42,40
050,72,147,"Puerto Rico Commonwealth","Vieques Municipio",4,26,82,39,43
050,72,147,"Puerto Rico Commonwealth","Vieques Municipio",4,27,87,40,47
050,72,147,"Puerto Rico Commonwealth","Vieques Municipio",4,28,85,43,42
050,72,147,"Puerto Rico Commonwealth","Vieques Municipio",4,29,79,42,37
050,72,147,"Puerto Rico Commonwealth","Vieques Municipio",4,30,85,38,47
050,72,147,"Puerto Rico Commonwealth","Vieques Municipio",4,31,98,48,50
050,72,147,"Puerto Rico Commonwealth","Vieques Municipio",4,32,100,51,49
050,72,147,"Puerto Rico Commonwealth","Vieques Municipio",4,33,97,46,51
050,72,147,"Puerto Rico Commonwealth","Vieques Municipio",4,34,89,46,43
050,72,147,"Puerto Rico Commonwealth","Vieques Municipio",4,35,82,46,36
050,72,147,"Puerto Rico Commonwealth","Vieques Municipio",4,36,91,47,44
050,72,147,"Puerto Rico Commonwealth","Vieques Municipio",4,37,88,41,47
050,72,147,"Puerto Rico Commonwealth","Vieques Municipio",4,38,82,38,44
050,72,147,"Puerto Rico Commonwealth","Vieques Municipio",4,39,84,42,42
050,72,147,"Puerto Rico Commonwealth","Vieques Municipio",4,40,91,58,33
050,72,147,"Puerto Rico Commonwealth","Vieques Municipio",4,41,84,51,33
050,72,147,"Puerto Rico Commonwealth","Vieques Municipio",4,42,84,46,38
050,72,147,"Puerto Rico Commonwealth","Vieques Municipio",4,43,83,43,40
050,72,147,"Puerto Rico Commonwealth","Vieques Municipio",4,44,90,46,44
050,72,147,"Puerto Rico Commonwealth","Vieques Municipio",4,45,104,57,47
050,72,147,"Puerto Rico Commonwealth","Vieques Municipio",4,46,102,57,45
050,72,147,"Puerto Rico Commonwealth","Vieques Municipio",4,47,99,56,43
050,72,147,"Puerto Rico Commonwealth","Vieques Municipio",4,48,98,56,42
050,72,147,"Puerto Rico Commonwealth","Vieques Municipio",4,49,102,54,48
050,72,147,"Puerto Rico Commonwealth","Vieques Municipio",4,50,115,63,52
050,72,147,"Puerto Rico Commonwealth","Vieques Municipio",4,51,117,57,60
050,72,147,"Puerto Rico Commonwealth","Vieques Municipio",4,52,121,60,61
050,72,147,"Puerto Rico Commonwealth","Vieques Municipio",4,53,130,66,64
050,72,147,"Puerto Rico Commonwealth","Vieques Municipio",4,54,129,69,60
050,72,147,"Puerto Rico Commonwealth","Vieques Municipio",4,55,130,77,53
050,72,147,"Puerto Rico Commonwealth","Vieques Municipio",4,56,131,69,62
050,72,147,"Puerto Rico Commonwealth","Vieques Municipio",4,57,135,66,69
050,72,147,"Puerto Rico Commonwealth","Vieques Municipio",4,58,139,70,69
050,72,147,"Puerto Rico Commonwealth","Vieques Municipio",4,59,124,66,58
050,72,147,"Puerto Rico Commonwealth","Vieques Municipio",4,60,114,65,49
050,72,147,"Puerto Rico Commonwealth","Vieques Municipio",4,61,118,64,54
050,72,147,"Puerto Rico Commonwealth","Vieques Municipio",4,62,132,65,67
050,72,147,"Puerto Rico Commonwealth","Vieques Municipio",4,63,127,63,64
050,72,147,"Puerto Rico Commonwealth","Vieques Municipio",4,64,127,62,65
050,72,147,"Puerto Rico Commonwealth","Vieques Municipio",4,65,125,65,60
050,72,147,"Puerto Rico Commonwealth","Vieques Municipio",4,66,130,67,63
050,72,147,"Puerto Rico Commonwealth","Vieques Municipio",4,67,126,64,62
050,72,147,"Puerto Rico Commonwealth","Vieques Municipio",4,68,111,62,49
050,72,147,"Puerto Rico Commonwealth","Vieques Municipio",4,69,100,56,44
050,72,147,"Puerto Rico Commonwealth","Vieques Municipio",4,70,90,51,39
050,72,147,"Puerto Rico Commonwealth","Vieques Municipio",4,71,85,43,42
050,72,147,"Puerto Rico Commonwealth","Vieques Municipio",4,72,91,45,46
050,72,147,"Puerto Rico Commonwealth","Vieques Municipio",4,73,91,41,50
050,72,147,"Puerto Rico Commonwealth","Vieques Municipio",4,74,96,44,52
050,72,147,"Puerto Rico Commonwealth","Vieques Municipio",4,75,105,55,50
050,72,147,"Puerto Rico Commonwealth","Vieques Municipio",4,76,86,48,38
050,72,147,"Puerto Rico Commonwealth","Vieques Municipio",4,77,77,40,37
050,72,147,"Puerto Rico Commonwealth","Vieques Municipio",4,78,77,36,41
050,72,147,"Puerto Rico Commonwealth","Vieques Municipio",4,79,82,40,42
050,72,147,"Puerto Rico Commonwealth","Vieques Municipio",4,80,67,31,36
050,72,147,"Puerto Rico Commonwealth","Vieques Municipio",4,81,61,28,33
050,72,147,"Puerto Rico Commonwealth","Vieques Municipio",4,82,49,22,27
050,72,147,"Puerto Rico Commonwealth","Vieques Municipio",4,83,52,24,28
050,72,147,"Puerto Rico Commonwealth","Vieques Municipio",4,84,45,24,21
050,72,147,"Puerto Rico Commonwealth","Vieques Municipio",4,85,271,104,167
050,72,147,"Puerto Rico Commonwealth","Vieques Municipio",5,0,38,21,17
050,72,147,"Puerto Rico Commonwealth","Vieques Municipio",5,1,51,31,20
050,72,147,"Puerto Rico Commonwealth","Vieques Municipio",5,2,46,25,21
050,72,147,"Puerto Rico Commonwealth","Vieques Municipio",5,3,54,25,29
050,72,147,"Puerto Rico Commonwealth","Vieques Municipio",5,4,61,33,28
050,72,147,"Puerto Rico Commonwealth","Vieques Municipio",5,5,59,33,26
050,72,147,"Puerto Rico Commonwealth","Vieques Municipio",5,6,64,32,32
050,72,147,"Puerto Rico Commonwealth","Vieques Municipio",5,7,68,36,32
050,72,147,"Puerto Rico Commonwealth","Vieques Municipio",5,8,75,37,38
050,72,147,"Puerto Rico Commonwealth","Vieques Municipio",5,9,79,38,41
050,72,147,"Puerto Rico Commonwealth","Vieques Municipio",5,10,85,41,44
050,72,147,"Puerto Rico Commonwealth","Vieques Municipio",5,11,103,50,53
050,72,147,"Puerto Rico Commonwealth","Vieques Municipio",5,12,84,32,52
050,72,147,"Puerto Rico Commonwealth","Vieques Municipio",5,13,93,43,50
050,72,147,"Puerto Rico Commonwealth","Vieques Municipio",5,14,91,45,46
050,72,147,"Puerto Rico Commonwealth","Vieques Municipio",5,15,81,39,42
050,72,147,"Puerto Rico Commonwealth","Vieques Municipio",5,16,84,38,46
050,72,147,"Puerto Rico Commonwealth","Vieques Municipio",5,17,84,37,47
050,72,147,"Puerto Rico Commonwealth","Vieques Municipio",5,18,74,36,38
050,72,147,"Puerto Rico Commonwealth","Vieques Municipio",5,19,75,38,37
050,72,147,"Puerto Rico Commonwealth","Vieques Municipio",5,20,81,43,38
050,72,147,"Puerto Rico Commonwealth","Vieques Municipio",5,21,70,33,37
050,72,147,"Puerto Rico Commonwealth","Vieques Municipio",5,22,68,35,33
050,72,147,"Puerto Rico Commonwealth","Vieques Municipio",5,23,73,34,39
050,72,147,"Puerto Rico Commonwealth","Vieques Municipio",5,24,77,37,40
050,72,147,"Puerto Rico Commonwealth","Vieques Municipio",5,25,78,40,38
050,72,147,"Puerto Rico Commonwealth","Vieques Municipio",5,26,82,42,40
050,72,147,"Puerto Rico Commonwealth","Vieques Municipio",5,27,82,39,43
050,72,147,"Puerto Rico Commonwealth","Vieques Municipio",5,28,87,40,47
050,72,147,"Puerto Rico Commonwealth","Vieques Municipio",5,29,84,42,42
050,72,147,"Puerto Rico Commonwealth","Vieques Municipio",5,30,79,42,37
050,72,147,"Puerto Rico Commonwealth","Vieques Municipio",5,31,85,38,47
050,72,147,"Puerto Rico Commonwealth","Vieques Municipio",5,32,97,47,50
050,72,147,"Puerto Rico Commonwealth","Vieques Municipio",5,33,101,52,49
050,72,147,"Puerto Rico Commonwealth","Vieques Municipio",5,34,98,47,51
050,72,147,"Puerto Rico Commonwealth","Vieques Municipio",5,35,90,47,43
050,72,147,"Puerto Rico Commonwealth","Vieques Municipio",5,36,83,47,36
050,72,147,"Puerto Rico Commonwealth","Vieques Municipio",5,37,92,48,44
050,72,147,"Puerto Rico Commonwealth","Vieques Municipio",5,38,88,41,47
050,72,147,"Puerto Rico Commonwealth","Vieques Municipio",5,39,83,39,44
050,72,147,"Puerto Rico Commonwealth","Vieques Municipio",5,40,94,51,43
050,72,147,"Puerto Rico Commonwealth","Vieques Municipio",5,41,83,50,33
050,72,147,"Puerto Rico Commonwealth","Vieques Municipio",5,42,85,52,33
050,72,147,"Puerto Rico Commonwealth","Vieques Municipio",5,43,85,47,38
050,72,147,"Puerto Rico Commonwealth","Vieques Municipio",5,44,85,44,41
050,72,147,"Puerto Rico Commonwealth","Vieques Municipio",5,45,91,46,45
050,72,147,"Puerto Rico Commonwealth","Vieques Municipio",5,46,107,59,48
050,72,147,"Puerto Rico Commonwealth","Vieques Municipio",5,47,104,58,46
050,72,147,"Puerto Rico Commonwealth","Vieques Municipio",5,48,101,57,44
050,72,147,"Puerto Rico Commonwealth","Vieques Municipio",5,49,99,56,43
050,72,147,"Puerto Rico Commonwealth","Vieques Municipio",5,50,110,61,49
050,72,147,"Puerto Rico Commonwealth","Vieques Municipio",5,51,107,55,52
050,72,147,"Puerto Rico Commonwealth","Vieques Municipio",5,52,118,57,61
050,72,147,"Puerto Rico Commonwealth","Vieques Municipio",5,53,123,62,61
050,72,147,"Puerto Rico Commonwealth","Vieques Municipio",5,54,131,67,64
050,72,147,"Puerto Rico Commonwealth","Vieques Municipio",5,55,138,78,60
050,72,147,"Puerto Rico Commonwealth","Vieques Municipio",5,56,121,68,53
050,72,147,"Puerto Rico Commonwealth","Vieques Municipio",5,57,132,70,62
050,72,147,"Puerto Rico Commonwealth","Vieques Municipio",5,58,133,64,69
050,72,147,"Puerto Rico Commonwealth","Vieques Municipio",5,59,140,71,69
050,72,147,"Puerto Rico Commonwealth","Vieques Municipio",5,60,124,66,58
050,72,147,"Puerto Rico Commonwealth","Vieques Municipio",5,61,113,65,48
050,72,147,"Puerto Rico Commonwealth","Vieques Municipio",5,62,115,64,51
050,72,147,"Puerto Rico Commonwealth","Vieques Municipio",5,63,129,64,65
050,72,147,"Puerto Rico Commonwealth","Vieques Municipio",5,64,126,63,63
050,72,147,"Puerto Rico Commonwealth","Vieques Municipio",5,65,126,62,64
050,72,147,"Puerto Rico Commonwealth","Vieques Municipio",5,66,123,63,60
050,72,147,"Puerto Rico Commonwealth","Vieques Municipio",5,67,130,67,63
050,72,147,"Puerto Rico Commonwealth","Vieques Municipio",5,68,123,62,61
050,72,147,"Puerto Rico Commonwealth","Vieques Municipio",5,69,109,60,49
050,72,147,"Puerto Rico Commonwealth","Vieques Municipio",5,70,100,56,44
050,72,147,"Puerto Rico Commonwealth","Vieques Municipio",5,71,88,49,39
050,72,147,"Puerto Rico Commonwealth","Vieques Municipio",5,72,84,43,41
050,72,147,"Puerto Rico Commonwealth","Vieques Municipio",5,73,88,45,43
050,72,147,"Puerto Rico Commonwealth","Vieques Municipio",5,74,89,40,49
050,72,147,"Puerto Rico Commonwealth","Vieques Municipio",5,75,94,44,50
050,72,147,"Puerto Rico Commonwealth","Vieques Municipio",5,76,103,54,49
050,72,147,"Puerto Rico Commonwealth","Vieques Municipio",5,77,84,47,37
050,72,147,"Puerto Rico Commonwealth","Vieques Municipio",5,78,73,39,34
050,72,147,"Puerto Rico Commonwealth","Vieques Municipio",5,79,76,36,40
050,72,147,"Puerto Rico Commonwealth","Vieques Municipio",5,80,78,38,40
050,72,147,"Puerto Rico Commonwealth","Vieques Municipio",5,81,63,29,34
050,72,147,"Puerto Rico Commonwealth","Vieques Municipio",5,82,57,26,31
050,72,147,"Puerto Rico Commonwealth","Vieques Municipio",5,83,47,21,26
050,72,147,"Puerto Rico Commonwealth","Vieques Municipio",5,84,49,23,26
050,72,147,"Puerto Rico Commonwealth","Vieques Municipio",5,85,294,116,178
050,72,149,"Puerto Rico Commonwealth","Villalba Municipio",1,0,182,95,87
050,72,149,"Puerto Rico Commonwealth","Villalba Municipio",1,1,195,95,100
050,72,149,"Puerto Rico Commonwealth","Villalba Municipio",1,2,168,90,78
050,72,149,"Puerto Rico Commonwealth","Villalba Municipio",1,3,198,101,97
050,72,149,"Puerto Rico Commonwealth","Villalba Municipio",1,4,200,103,97
050,72,149,"Puerto Rico Commonwealth","Villalba Municipio",1,5,224,124,100
050,72,149,"Puerto Rico Commonwealth","Villalba Municipio",1,6,252,133,119
050,72,149,"Puerto Rico Commonwealth","Villalba Municipio",1,7,236,123,113
050,72,149,"Puerto Rico Commonwealth","Villalba Municipio",1,8,222,112,110
050,72,149,"Puerto Rico Commonwealth","Villalba Municipio",1,9,233,117,116
050,72,149,"Puerto Rico Commonwealth","Villalba Municipio",1,10,261,132,129
050,72,149,"Puerto Rico Commonwealth","Villalba Municipio",1,11,260,137,123
050,72,149,"Puerto Rico Commonwealth","Villalba Municipio",1,12,262,129,133
050,72,149,"Puerto Rico Commonwealth","Villalba Municipio",1,13,295,143,152
050,72,149,"Puerto Rico Commonwealth","Villalba Municipio",1,14,272,140,132
050,72,149,"Puerto Rico Commonwealth","Villalba Municipio",1,15,278,140,138
050,72,149,"Puerto Rico Commonwealth","Villalba Municipio",1,16,273,140,133
050,72,149,"Puerto Rico Commonwealth","Villalba Municipio",1,17,273,154,119
050,72,149,"Puerto Rico Commonwealth","Villalba Municipio",1,18,313,178,135
050,72,149,"Puerto Rico Commonwealth","Villalba Municipio",1,19,335,189,146
050,72,149,"Puerto Rico Commonwealth","Villalba Municipio",1,20,336,174,162
050,72,149,"Puerto Rico Commonwealth","Villalba Municipio",1,21,311,151,160
050,72,149,"Puerto Rico Commonwealth","Villalba Municipio",1,22,317,155,162
050,72,149,"Puerto Rico Commonwealth","Villalba Municipio",1,23,323,163,160
050,72,149,"Puerto Rico Commonwealth","Villalba Municipio",1,24,291,136,155
050,72,149,"Puerto Rico Commonwealth","Villalba Municipio",1,25,311,155,156
050,72,149,"Puerto Rico Commonwealth","Villalba Municipio",1,26,294,159,135
050,72,149,"Puerto Rico Commonwealth","Villalba Municipio",1,27,289,145,144
050,72,149,"Puerto Rico Commonwealth","Villalba Municipio",1,28,295,135,160
050,72,149,"Puerto Rico Commonwealth","Villalba Municipio",1,29,297,146,151
050,72,149,"Puerto Rico Commonwealth","Villalba Municipio",1,30,296,139,157
050,72,149,"Puerto Rico Commonwealth","Villalba Municipio",1,31,253,122,131
050,72,149,"Puerto Rico Commonwealth","Villalba Municipio",1,32,230,108,122
050,72,149,"Puerto Rico Commonwealth","Villalba Municipio",1,33,225,106,119
050,72,149,"Puerto Rico Commonwealth","Villalba Municipio",1,34,246,110,136
050,72,149,"Puerto Rico Commonwealth","Villalba Municipio",1,35,223,98,125
050,72,149,"Puerto Rico Commonwealth","Villalba Municipio",1,36,231,109,122
050,72,149,"Puerto Rico Commonwealth","Villalba Municipio",1,37,227,104,123
050,72,149,"Puerto Rico Commonwealth","Villalba Municipio",1,38,225,104,121
050,72,149,"Puerto Rico Commonwealth","Villalba Municipio",1,39,243,118,125
050,72,149,"Puerto Rico Commonwealth","Villalba Municipio",1,40,247,116,131
050,72,149,"Puerto Rico Commonwealth","Villalba Municipio",1,41,232,112,120
050,72,149,"Puerto Rico Commonwealth","Villalba Municipio",1,42,261,127,134
050,72,149,"Puerto Rico Commonwealth","Villalba Municipio",1,43,248,119,129
050,72,149,"Puerto Rico Commonwealth","Villalba Municipio",1,44,263,127,136
050,72,149,"Puerto Rico Commonwealth","Villalba Municipio",1,45,262,121,141
050,72,149,"Puerto Rico Commonwealth","Villalba Municipio",1,46,243,110,133
050,72,149,"Puerto Rico Commonwealth","Villalba Municipio",1,47,265,133,132
050,72,149,"Puerto Rico Commonwealth","Villalba Municipio",1,48,282,139,143
050,72,149,"Puerto Rico Commonwealth","Villalba Municipio",1,49,310,161,149
050,72,149,"Puerto Rico Commonwealth","Villalba Municipio",1,50,325,165,160
050,72,149,"Puerto Rico Commonwealth","Villalba Municipio",1,51,277,134,143
050,72,149,"Puerto Rico Commonwealth","Villalba Municipio",1,52,278,133,145
050,72,149,"Puerto Rico Commonwealth","Villalba Municipio",1,53,292,137,155
050,72,149,"Puerto Rico Commonwealth","Villalba Municipio",1,54,312,145,167
050,72,149,"Puerto Rico Commonwealth","Villalba Municipio",1,55,332,159,173
050,72,149,"Puerto Rico Commonwealth","Villalba Municipio",1,56,336,163,173
050,72,149,"Puerto Rico Commonwealth","Villalba Municipio",1,57,319,152,167
050,72,149,"Puerto Rico Commonwealth","Villalba Municipio",1,58,325,145,180
050,72,149,"Puerto Rico Commonwealth","Villalba Municipio",1,59,329,149,180
050,72,149,"Puerto Rico Commonwealth","Villalba Municipio",1,60,329,161,168
050,72,149,"Puerto Rico Commonwealth","Villalba Municipio",1,61,326,158,168
050,72,149,"Puerto Rico Commonwealth","Villalba Municipio",1,62,337,149,188
050,72,149,"Puerto Rico Commonwealth","Villalba Municipio",1,63,353,162,191
050,72,149,"Puerto Rico Commonwealth","Villalba Municipio",1,64,339,161,178
050,72,149,"Puerto Rico Commonwealth","Villalba Municipio",1,65,299,139,160
050,72,149,"Puerto Rico Commonwealth","Villalba Municipio",1,66,288,144,144
050,72,149,"Puerto Rico Commonwealth","Villalba Municipio",1,67,296,142,154
050,72,149,"Puerto Rico Commonwealth","Villalba Municipio",1,68,270,124,146
050,72,149,"Puerto Rico Commonwealth","Villalba Municipio",1,69,267,131,136
050,72,149,"Puerto Rico Commonwealth","Villalba Municipio",1,70,261,129,132
050,72,149,"Puerto Rico Commonwealth","Villalba Municipio",1,71,245,114,131
050,72,149,"Puerto Rico Commonwealth","Villalba Municipio",1,72,233,108,125
050,72,149,"Puerto Rico Commonwealth","Villalba Municipio",1,73,230,110,120
050,72,149,"Puerto Rico Commonwealth","Villalba Municipio",1,74,238,108,130
050,72,149,"Puerto Rico Commonwealth","Villalba Municipio",1,75,196,88,108
050,72,149,"Puerto Rico Commonwealth","Villalba Municipio",1,76,156,72,84
050,72,149,"Puerto Rico Commonwealth","Villalba Municipio",1,77,160,75,85
050,72,149,"Puerto Rico Commonwealth","Villalba Municipio",1,78,152,71,81
050,72,149,"Puerto Rico Commonwealth","Villalba Municipio",1,79,133,54,79
050,72,149,"Puerto Rico Commonwealth","Villalba Municipio",1,80,107,41,66
050,72,149,"Puerto Rico Commonwealth","Villalba Municipio",1,81,102,45,57
050,72,149,"Puerto Rico Commonwealth","Villalba Municipio",1,82,109,48,61
050,72,149,"Puerto Rico Commonwealth","Villalba Municipio",1,83,79,29,50
050,72,149,"Puerto Rico Commonwealth","Villalba Municipio",1,84,69,26,43
050,72,149,"Puerto Rico Commonwealth","Villalba Municipio",1,85,386,138,248
050,72,149,"Puerto Rico Commonwealth","Villalba Municipio",2,0,168,87,81
050,72,149,"Puerto Rico Commonwealth","Villalba Municipio",2,1,192,95,97
050,72,149,"Puerto Rico Commonwealth","Villalba Municipio",2,2,176,92,84
050,72,149,"Puerto Rico Commonwealth","Villalba Municipio",2,3,190,98,92
050,72,149,"Puerto Rico Commonwealth","Villalba Municipio",2,4,199,102,97
050,72,149,"Puerto Rico Commonwealth","Villalba Municipio",2,5,218,119,99
050,72,149,"Puerto Rico Commonwealth","Villalba Municipio",2,6,245,131,114
050,72,149,"Puerto Rico Commonwealth","Villalba Municipio",2,7,240,125,115
050,72,149,"Puerto Rico Commonwealth","Villalba Municipio",2,8,226,115,111
050,72,149,"Puerto Rico Commonwealth","Villalba Municipio",2,9,230,116,114
050,72,149,"Puerto Rico Commonwealth","Villalba Municipio",2,10,254,128,126
050,72,149,"Puerto Rico Commonwealth","Villalba Municipio",2,11,260,136,124
050,72,149,"Puerto Rico Commonwealth","Villalba Municipio",2,12,262,131,131
050,72,149,"Puerto Rico Commonwealth","Villalba Municipio",2,13,286,139,147
050,72,149,"Puerto Rico Commonwealth","Villalba Municipio",2,14,278,141,137
050,72,149,"Puerto Rico Commonwealth","Villalba Municipio",2,15,276,140,136
050,72,149,"Puerto Rico Commonwealth","Villalba Municipio",2,16,273,140,133
050,72,149,"Puerto Rico Commonwealth","Villalba Municipio",2,17,271,150,121
050,72,149,"Puerto Rico Commonwealth","Villalba Municipio",2,18,301,171,130
050,72,149,"Puerto Rico Commonwealth","Villalba Municipio",2,19,327,184,143
050,72,149,"Puerto Rico Commonwealth","Villalba Municipio",2,20,334,177,157
050,72,149,"Puerto Rico Commonwealth","Villalba Municipio",2,21,314,155,159
050,72,149,"Puerto Rico Commonwealth","Villalba Municipio",2,22,314,153,161
050,72,149,"Puerto Rico Commonwealth","Villalba Municipio",2,23,319,160,159
050,72,149,"Puerto Rico Commonwealth","Villalba Municipio",2,24,297,142,155
050,72,149,"Puerto Rico Commonwealth","Villalba Municipio",2,25,304,149,155
050,72,149,"Puerto Rico Commonwealth","Villalba Municipio",2,26,296,157,139
050,72,149,"Puerto Rico Commonwealth","Villalba Municipio",2,27,289,148,141
050,72,149,"Puerto Rico Commonwealth","Villalba Municipio",2,28,291,136,155
050,72,149,"Puerto Rico Commonwealth","Villalba Municipio",2,29,295,143,152
050,72,149,"Puerto Rico Commonwealth","Villalba Municipio",2,30,294,139,155
050,72,149,"Puerto Rico Commonwealth","Villalba Municipio",2,31,262,126,136
050,72,149,"Puerto Rico Commonwealth","Villalba Municipio",2,32,235,110,125
050,72,149,"Puerto Rico Commonwealth","Villalba Municipio",2,33,225,106,119
050,72,149,"Puerto Rico Commonwealth","Villalba Municipio",2,34,240,108,132
050,72,149,"Puerto Rico Commonwealth","Villalba Municipio",2,35,229,101,128
050,72,149,"Puerto Rico Commonwealth","Villalba Municipio",2,36,229,106,123
050,72,149,"Puerto Rico Commonwealth","Villalba Municipio",2,37,227,105,122
050,72,149,"Puerto Rico Commonwealth","Villalba Municipio",2,38,226,104,122
050,72,149,"Puerto Rico Commonwealth","Villalba Municipio",2,39,239,115,124
050,72,149,"Puerto Rico Commonwealth","Villalba Municipio",2,40,245,116,129
050,72,149,"Puerto Rico Commonwealth","Villalba Municipio",2,41,236,113,123
050,72,149,"Puerto Rico Commonwealth","Villalba Municipio",2,42,254,123,131
050,72,149,"Puerto Rico Commonwealth","Villalba Municipio",2,43,251,121,130
050,72,149,"Puerto Rico Commonwealth","Villalba Municipio",2,44,258,124,134
050,72,149,"Puerto Rico Commonwealth","Villalba Municipio",2,45,263,123,140
050,72,149,"Puerto Rico Commonwealth","Villalba Municipio",2,46,248,113,135
050,72,149,"Puerto Rico Commonwealth","Villalba Municipio",2,47,259,127,132
050,72,149,"Puerto Rico Commonwealth","Villalba Municipio",2,48,277,137,140
050,72,149,"Puerto Rico Commonwealth","Villalba Municipio",2,49,304,156,148
050,72,149,"Puerto Rico Commonwealth","Villalba Municipio",2,50,320,164,156
050,72,149,"Puerto Rico Commonwealth","Villalba Municipio",2,51,289,142,147
050,72,149,"Puerto Rico Commonwealth","Villalba Municipio",2,52,277,133,144
050,72,149,"Puerto Rico Commonwealth","Villalba Municipio",2,53,288,136,152
050,72,149,"Puerto Rico Commonwealth","Villalba Municipio",2,54,307,143,164
050,72,149,"Puerto Rico Commonwealth","Villalba Municipio",2,55,326,154,172
050,72,149,"Puerto Rico Commonwealth","Villalba Municipio",2,56,335,162,173
050,72,149,"Puerto Rico Commonwealth","Villalba Municipio",2,57,322,155,167
050,72,149,"Puerto Rico Commonwealth","Villalba Municipio",2,58,324,147,177
050,72,149,"Puerto Rico Commonwealth","Villalba Municipio",2,59,327,147,180
050,72,149,"Puerto Rico Commonwealth","Villalba Municipio",2,60,329,158,171
050,72,149,"Puerto Rico Commonwealth","Villalba Municipio",2,61,326,159,167
050,72,149,"Puerto Rico Commonwealth","Villalba Municipio",2,62,333,151,182
050,72,149,"Puerto Rico Commonwealth","Villalba Municipio",2,63,347,158,189
050,72,149,"Puerto Rico Commonwealth","Villalba Municipio",2,64,342,160,182
050,72,149,"Puerto Rico Commonwealth","Villalba Municipio",2,65,307,143,164
050,72,149,"Puerto Rico Commonwealth","Villalba Municipio",2,66,290,143,147
050,72,149,"Puerto Rico Commonwealth","Villalba Municipio",2,67,295,143,152
050,72,149,"Puerto Rico Commonwealth","Villalba Municipio",2,68,276,128,148
050,72,149,"Puerto Rico Commonwealth","Villalba Municipio",2,69,267,129,138
050,72,149,"Puerto Rico Commonwealth","Villalba Municipio",2,70,261,128,133
050,72,149,"Puerto Rico Commonwealth","Villalba Municipio",2,71,246,115,131
050,72,149,"Puerto Rico Commonwealth","Villalba Municipio",2,72,235,108,127
050,72,149,"Puerto Rico Commonwealth","Villalba Municipio",2,73,230,110,120
050,72,149,"Puerto Rico Commonwealth","Villalba Municipio",2,74,236,108,128
050,72,149,"Puerto Rico Commonwealth","Villalba Municipio",2,75,204,93,111
050,72,149,"Puerto Rico Commonwealth","Villalba Municipio",2,76,165,75,90
050,72,149,"Puerto Rico Commonwealth","Villalba Municipio",2,77,157,72,85
050,72,149,"Puerto Rico Commonwealth","Villalba Municipio",2,78,155,72,83
050,72,149,"Puerto Rico Commonwealth","Villalba Municipio",2,79,137,58,79
050,72,149,"Puerto Rico Commonwealth","Villalba Municipio",2,80,113,44,69
050,72,149,"Puerto Rico Commonwealth","Villalba Municipio",2,81,101,42,59
050,72,149,"Puerto Rico Commonwealth","Villalba Municipio",2,82,105,46,59
050,72,149,"Puerto Rico Commonwealth","Villalba Municipio",2,83,86,33,53
050,72,149,"Puerto Rico Commonwealth","Villalba Municipio",2,84,71,27,44
050,72,149,"Puerto Rico Commonwealth","Villalba Municipio",2,85,386,144,242
050,72,149,"Puerto Rico Commonwealth","Villalba Municipio",3,0,158,74,84
050,72,149,"Puerto Rico Commonwealth","Villalba Municipio",3,1,165,85,80
050,72,149,"Puerto Rico Commonwealth","Villalba Municipio",3,2,191,94,97
050,72,149,"Puerto Rico Commonwealth","Villalba Municipio",3,3,174,91,83
050,72,149,"Puerto Rico Commonwealth","Villalba Municipio",3,4,190,98,92
050,72,149,"Puerto Rico Commonwealth","Villalba Municipio",3,5,197,100,97
050,72,149,"Puerto Rico Commonwealth","Villalba Municipio",3,6,216,118,98
050,72,149,"Puerto Rico Commonwealth","Villalba Municipio",3,7,244,131,113
050,72,149,"Puerto Rico Commonwealth","Villalba Municipio",3,8,240,125,115
050,72,149,"Puerto Rico Commonwealth","Villalba Municipio",3,9,225,115,110
050,72,149,"Puerto Rico Commonwealth","Villalba Municipio",3,10,229,116,113
050,72,149,"Puerto Rico Commonwealth","Villalba Municipio",3,11,253,128,125
050,72,149,"Puerto Rico Commonwealth","Villalba Municipio",3,12,259,136,123
050,72,149,"Puerto Rico Commonwealth","Villalba Municipio",3,13,261,131,130
050,72,149,"Puerto Rico Commonwealth","Villalba Municipio",3,14,285,139,146
050,72,149,"Puerto Rico Commonwealth","Villalba Municipio",3,15,281,146,135
050,72,149,"Puerto Rico Commonwealth","Villalba Municipio",3,16,270,135,135
050,72,149,"Puerto Rico Commonwealth","Villalba Municipio",3,17,273,143,130
050,72,149,"Puerto Rico Commonwealth","Villalba Municipio",3,18,262,144,118
050,72,149,"Puerto Rico Commonwealth","Villalba Municipio",3,19,272,148,124
050,72,149,"Puerto Rico Commonwealth","Villalba Municipio",3,20,310,170,140
050,72,149,"Puerto Rico Commonwealth","Villalba Municipio",3,21,321,167,154
050,72,149,"Puerto Rico Commonwealth","Villalba Municipio",3,22,306,150,156
050,72,149,"Puerto Rico Commonwealth","Villalba Municipio",3,23,306,148,158
050,72,149,"Puerto Rico Commonwealth","Villalba Municipio",3,24,314,157,157
050,72,149,"Puerto Rico Commonwealth","Villalba Municipio",3,25,290,137,153
050,72,149,"Puerto Rico Commonwealth","Villalba Municipio",3,26,297,144,153
050,72,149,"Puerto Rico Commonwealth","Villalba Municipio",3,27,289,153,136
050,72,149,"Puerto Rico Commonwealth","Villalba Municipio",3,28,283,145,138
050,72,149,"Puerto Rico Commonwealth","Villalba Municipio",3,29,291,139,152
050,72,149,"Puerto Rico Commonwealth","Villalba Municipio",3,30,282,132,150
050,72,149,"Puerto Rico Commonwealth","Villalba Municipio",3,31,291,138,153
050,72,149,"Puerto Rico Commonwealth","Villalba Municipio",3,32,258,124,134
050,72,149,"Puerto Rico Commonwealth","Villalba Municipio",3,33,233,109,124
050,72,149,"Puerto Rico Commonwealth","Villalba Municipio",3,34,220,103,117
050,72,149,"Puerto Rico Commonwealth","Villalba Municipio",3,35,239,108,131
050,72,149,"Puerto Rico Commonwealth","Villalba Municipio",3,36,225,98,127
050,72,149,"Puerto Rico Commonwealth","Villalba Municipio",3,37,228,106,122
050,72,149,"Puerto Rico Commonwealth","Villalba Municipio",3,38,225,104,121
050,72,149,"Puerto Rico Commonwealth","Villalba Municipio",3,39,225,104,121
050,72,149,"Puerto Rico Commonwealth","Villalba Municipio",3,40,246,123,123
050,72,149,"Puerto Rico Commonwealth","Villalba Municipio",3,41,235,107,128
050,72,149,"Puerto Rico Commonwealth","Villalba Municipio",3,42,233,112,121
050,72,149,"Puerto Rico Commonwealth","Villalba Municipio",3,43,251,121,130
050,72,149,"Puerto Rico Commonwealth","Villalba Municipio",3,44,258,129,129
050,72,149,"Puerto Rico Commonwealth","Villalba Municipio",3,45,258,125,133
050,72,149,"Puerto Rico Commonwealth","Villalba Municipio",3,46,252,112,140
050,72,149,"Puerto Rico Commonwealth","Villalba Municipio",3,47,255,121,134
050,72,149,"Puerto Rico Commonwealth","Villalba Municipio",3,48,250,118,132
050,72,149,"Puerto Rico Commonwealth","Villalba Municipio",3,49,278,138,140
050,72,149,"Puerto Rico Commonwealth","Villalba Municipio",3,50,310,163,147
050,72,149,"Puerto Rico Commonwealth","Villalba Municipio",3,51,313,157,156
050,72,149,"Puerto Rico Commonwealth","Villalba Municipio",3,52,296,149,147
050,72,149,"Puerto Rico Commonwealth","Villalba Municipio",3,53,267,124,143
050,72,149,"Puerto Rico Commonwealth","Villalba Municipio",3,54,290,137,153
050,72,149,"Puerto Rico Commonwealth","Villalba Municipio",3,55,317,153,164
050,72,149,"Puerto Rico Commonwealth","Villalba Municipio",3,56,316,143,173
050,72,149,"Puerto Rico Commonwealth","Villalba Municipio",3,57,335,162,173
050,72,149,"Puerto Rico Commonwealth","Villalba Municipio",3,58,319,153,166
050,72,149,"Puerto Rico Commonwealth","Villalba Municipio",3,59,326,148,178
050,72,149,"Puerto Rico Commonwealth","Villalba Municipio",3,60,324,143,181
050,72,149,"Puerto Rico Commonwealth","Villalba Municipio",3,61,329,158,171
050,72,149,"Puerto Rico Commonwealth","Villalba Municipio",3,62,324,156,168
050,72,149,"Puerto Rico Commonwealth","Villalba Municipio",3,63,332,149,183
050,72,149,"Puerto Rico Commonwealth","Villalba Municipio",3,64,346,158,188
050,72,149,"Puerto Rico Commonwealth","Villalba Municipio",3,65,339,157,182
050,72,149,"Puerto Rico Commonwealth","Villalba Municipio",3,66,306,141,165
050,72,149,"Puerto Rico Commonwealth","Villalba Municipio",3,67,288,143,145
050,72,149,"Puerto Rico Commonwealth","Villalba Municipio",3,68,292,140,152
050,72,149,"Puerto Rico Commonwealth","Villalba Municipio",3,69,274,127,147
050,72,149,"Puerto Rico Commonwealth","Villalba Municipio",3,70,264,126,138
050,72,149,"Puerto Rico Commonwealth","Villalba Municipio",3,71,250,123,127
050,72,149,"Puerto Rico Commonwealth","Villalba Municipio",3,72,242,114,128
050,72,149,"Puerto Rico Commonwealth","Villalba Municipio",3,73,232,106,126
050,72,149,"Puerto Rico Commonwealth","Villalba Municipio",3,74,219,104,115
050,72,149,"Puerto Rico Commonwealth","Villalba Municipio",3,75,230,104,126
050,72,149,"Puerto Rico Commonwealth","Villalba Municipio",3,76,197,90,107
050,72,149,"Puerto Rico Commonwealth","Villalba Municipio",3,77,156,71,85
050,72,149,"Puerto Rico Commonwealth","Villalba Municipio",3,78,148,66,82
050,72,149,"Puerto Rico Commonwealth","Villalba Municipio",3,79,145,66,79
050,72,149,"Puerto Rico Commonwealth","Villalba Municipio",3,80,131,55,76
050,72,149,"Puerto Rico Commonwealth","Villalba Municipio",3,81,104,40,64
050,72,149,"Puerto Rico Commonwealth","Villalba Municipio",3,82,94,37,57
050,72,149,"Puerto Rico Commonwealth","Villalba Municipio",3,83,101,44,57
050,72,149,"Puerto Rico Commonwealth","Villalba Municipio",3,84,75,28,47
050,72,149,"Puerto Rico Commonwealth","Villalba Municipio",3,85,392,140,252
050,72,149,"Puerto Rico Commonwealth","Villalba Municipio",4,0,155,88,67
050,72,149,"Puerto Rico Commonwealth","Villalba Municipio",4,1,153,71,82
050,72,149,"Puerto Rico Commonwealth","Villalba Municipio",4,2,161,83,78
050,72,149,"Puerto Rico Commonwealth","Villalba Municipio",4,3,187,92,95
050,72,149,"Puerto Rico Commonwealth","Villalba Municipio",4,4,171,90,81
050,72,149,"Puerto Rico Commonwealth","Villalba Municipio",4,5,185,95,90
050,72,149,"Puerto Rico Commonwealth","Villalba Municipio",4,6,193,98,95
050,72,149,"Puerto Rico Commonwealth","Villalba Municipio",4,7,212,116,96
050,72,149,"Puerto Rico Commonwealth","Villalba Municipio",4,8,240,129,111
050,72,149,"Puerto Rico Commonwealth","Villalba Municipio",4,9,237,124,113
050,72,149,"Puerto Rico Commonwealth","Villalba Municipio",4,10,221,113,108
050,72,149,"Puerto Rico Commonwealth","Villalba Municipio",4,11,224,114,110
050,72,149,"Puerto Rico Commonwealth","Villalba Municipio",4,12,249,126,123
050,72,149,"Puerto Rico Commonwealth","Villalba Municipio",4,13,255,134,121
050,72,149,"Puerto Rico Commonwealth","Villalba Municipio",4,14,257,130,127
050,72,149,"Puerto Rico Commonwealth","Villalba Municipio",4,15,284,141,143
050,72,149,"Puerto Rico Commonwealth","Villalba Municipio",4,16,274,141,133
050,72,149,"Puerto Rico Commonwealth","Villalba Municipio",4,17,268,138,130
050,72,149,"Puerto Rico Commonwealth","Villalba Municipio",4,18,266,140,126
050,72,149,"Puerto Rico Commonwealth","Villalba Municipio",4,19,238,127,111
050,72,149,"Puerto Rico Commonwealth","Villalba Municipio",4,20,255,135,120
050,72,149,"Puerto Rico Commonwealth","Villalba Municipio",4,21,293,158,135
050,72,149,"Puerto Rico Commonwealth","Villalba Municipio",4,22,308,159,149
050,72,149,"Puerto Rico Commonwealth","Villalba Municipio",4,23,295,143,152
050,72,149,"Puerto Rico Commonwealth","Villalba Municipio",4,24,295,141,154
050,72,149,"Puerto Rico Commonwealth","Villalba Municipio",4,25,303,150,153
050,72,149,"Puerto Rico Commonwealth","Villalba Municipio",4,26,279,130,149
050,72,149,"Puerto Rico Commonwealth","Villalba Municipio",4,27,285,136,149
050,72,149,"Puerto Rico Commonwealth","Villalba Municipio",4,28,278,146,132
050,72,149,"Puerto Rico Commonwealth","Villalba Municipio",4,29,282,148,134
050,72,149,"Puerto Rico Commonwealth","Villalba Municipio",4,30,272,125,147
050,72,149,"Puerto Rico Commonwealth","Villalba Municipio",4,31,274,128,146
050,72,149,"Puerto Rico Commonwealth","Villalba Municipio",4,32,283,133,150
050,72,149,"Puerto Rico Commonwealth","Villalba Municipio",4,33,252,121,131
050,72,149,"Puerto Rico Commonwealth","Villalba Municipio",4,34,225,105,120
050,72,149,"Puerto Rico Commonwealth","Villalba Municipio",4,35,215,101,114
050,72,149,"Puerto Rico Commonwealth","Villalba Municipio",4,36,233,105,128
050,72,149,"Puerto Rico Commonwealth","Villalba Municipio",4,37,221,96,125
050,72,149,"Puerto Rico Commonwealth","Villalba Municipio",4,38,222,102,120
050,72,149,"Puerto Rico Commonwealth","Villalba Municipio",4,39,222,103,119
050,72,149,"Puerto Rico Commonwealth","Villalba Municipio",4,40,232,113,119
050,72,149,"Puerto Rico Commonwealth","Villalba Municipio",4,41,233,112,121
050,72,149,"Puerto Rico Commonwealth","Villalba Municipio",4,42,232,106,126
050,72,149,"Puerto Rico Commonwealth","Villalba Municipio",4,43,229,110,119
050,72,149,"Puerto Rico Commonwealth","Villalba Municipio",4,44,256,128,128
050,72,149,"Puerto Rico Commonwealth","Villalba Municipio",4,45,255,128,127
050,72,149,"Puerto Rico Commonwealth","Villalba Municipio",4,46,245,115,130
050,72,149,"Puerto Rico Commonwealth","Villalba Municipio",4,47,259,121,138
050,72,149,"Puerto Rico Commonwealth","Villalba Municipio",4,48,245,112,133
050,72,149,"Puerto Rico Commonwealth","Villalba Municipio",4,49,246,116,130
050,72,149,"Puerto Rico Commonwealth","Villalba Municipio",4,50,286,147,139
050,72,149,"Puerto Rico Commonwealth","Villalba Municipio",4,51,300,154,146
050,72,149,"Puerto Rico Commonwealth","Villalba Municipio",4,52,322,167,155
050,72,149,"Puerto Rico Commonwealth","Villalba Municipio",4,53,287,140,147
050,72,149,"Puerto Rico Commonwealth","Villalba Municipio",4,54,266,123,143
050,72,149,"Puerto Rico Commonwealth","Villalba Municipio",4,55,298,148,150
050,72,149,"Puerto Rico Commonwealth","Villalba Municipio",4,56,307,144,163
050,72,149,"Puerto Rico Commonwealth","Villalba Municipio",4,57,317,143,174
050,72,149,"Puerto Rico Commonwealth","Villalba Municipio",4,58,334,162,172
050,72,149,"Puerto Rico Commonwealth","Villalba Municipio",4,59,319,153,166
050,72,149,"Puerto Rico Commonwealth","Villalba Municipio",4,60,327,149,178
050,72,149,"Puerto Rico Commonwealth","Villalba Municipio",4,61,321,141,180
050,72,149,"Puerto Rico Commonwealth","Villalba Municipio",4,62,324,154,170
050,72,149,"Puerto Rico Commonwealth","Villalba Municipio",4,63,320,152,168
050,72,149,"Puerto Rico Commonwealth","Villalba Municipio",4,64,328,148,180
050,72,149,"Puerto Rico Commonwealth","Villalba Municipio",4,65,342,156,186
050,72,149,"Puerto Rico Commonwealth","Villalba Municipio",4,66,335,156,179
050,72,149,"Puerto Rico Commonwealth","Villalba Municipio",4,67,304,141,163
050,72,149,"Puerto Rico Commonwealth","Villalba Municipio",4,68,286,142,144
050,72,149,"Puerto Rico Commonwealth","Villalba Municipio",4,69,287,136,151
050,72,149,"Puerto Rico Commonwealth","Villalba Municipio",4,70,271,126,145
050,72,149,"Puerto Rico Commonwealth","Villalba Municipio",4,71,259,123,136
050,72,149,"Puerto Rico Commonwealth","Villalba Municipio",4,72,248,122,126
050,72,149,"Puerto Rico Commonwealth","Villalba Municipio",4,73,237,112,125
050,72,149,"Puerto Rico Commonwealth","Villalba Municipio",4,74,224,101,123
050,72,149,"Puerto Rico Commonwealth","Villalba Municipio",4,75,213,102,111
050,72,149,"Puerto Rico Commonwealth","Villalba Municipio",4,76,221,99,122
050,72,149,"Puerto Rico Commonwealth","Villalba Municipio",4,77,187,84,103
050,72,149,"Puerto Rico Commonwealth","Villalba Municipio",4,78,149,68,81
050,72,149,"Puerto Rico Commonwealth","Villalba Municipio",4,79,141,61,80
050,72,149,"Puerto Rico Commonwealth","Villalba Municipio",4,80,135,60,75
050,72,149,"Puerto Rico Commonwealth","Villalba Municipio",4,81,124,51,73
050,72,149,"Puerto Rico Commonwealth","Villalba Municipio",4,82,98,36,62
050,72,149,"Puerto Rico Commonwealth","Villalba Municipio",4,83,83,31,52
050,72,149,"Puerto Rico Commonwealth","Villalba Municipio",4,84,96,40,56
050,72,149,"Puerto Rico Commonwealth","Villalba Municipio",4,85,404,143,261
050,72,149,"Puerto Rico Commonwealth","Villalba Municipio",5,0,157,73,84
050,72,149,"Puerto Rico Commonwealth","Villalba Municipio",5,1,153,87,66
050,72,149,"Puerto Rico Commonwealth","Villalba Municipio",5,2,152,70,82
050,72,149,"Puerto Rico Commonwealth","Villalba Municipio",5,3,160,82,78
050,72,149,"Puerto Rico Commonwealth","Villalba Municipio",5,4,188,93,95
050,72,149,"Puerto Rico Commonwealth","Villalba Municipio",5,5,170,89,81
050,72,149,"Puerto Rico Commonwealth","Villalba Municipio",5,6,185,95,90
050,72,149,"Puerto Rico Commonwealth","Villalba Municipio",5,7,191,97,94
050,72,149,"Puerto Rico Commonwealth","Villalba Municipio",5,8,211,116,95
050,72,149,"Puerto Rico Commonwealth","Villalba Municipio",5,9,241,130,111
050,72,149,"Puerto Rico Commonwealth","Villalba Municipio",5,10,238,125,113
050,72,149,"Puerto Rico Commonwealth","Villalba Municipio",5,11,220,113,107
050,72,149,"Puerto Rico Commonwealth","Villalba Municipio",5,12,223,114,109
050,72,149,"Puerto Rico Commonwealth","Villalba Municipio",5,13,248,126,122
050,72,149,"Puerto Rico Commonwealth","Villalba Municipio",5,14,255,135,120
050,72,149,"Puerto Rico Commonwealth","Villalba Municipio",5,15,260,135,125
050,72,149,"Puerto Rico Commonwealth","Villalba Municipio",5,16,281,139,142
050,72,149,"Puerto Rico Commonwealth","Villalba Municipio",5,17,280,150,130
050,72,149,"Puerto Rico Commonwealth","Villalba Municipio",5,18,270,142,128
050,72,149,"Puerto Rico Commonwealth","Villalba Municipio",5,19,252,130,122
050,72,149,"Puerto Rico Commonwealth","Villalba Municipio",5,20,228,119,109
050,72,149,"Puerto Rico Commonwealth","Villalba Municipio",5,21,242,125,117
050,72,149,"Puerto Rico Commonwealth","Villalba Municipio",5,22,286,153,133
050,72,149,"Puerto Rico Commonwealth","Villalba Municipio",5,23,302,155,147
050,72,149,"Puerto Rico Commonwealth","Villalba Municipio",5,24,290,140,150
050,72,149,"Puerto Rico Commonwealth","Villalba Municipio",5,25,288,136,152
050,72,149,"Puerto Rico Commonwealth","Villalba Municipio",5,26,298,147,151
050,72,149,"Puerto Rico Commonwealth","Villalba Municipio",5,27,273,126,147
050,72,149,"Puerto Rico Commonwealth","Villalba Municipio",5,28,278,131,147
050,72,149,"Puerto Rico Commonwealth","Villalba Municipio",5,29,281,151,130
050,72,149,"Puerto Rico Commonwealth","Villalba Municipio",5,30,266,134,132
050,72,149,"Puerto Rico Commonwealth","Villalba Municipio",5,31,268,123,145
050,72,149,"Puerto Rico Commonwealth","Villalba Municipio",5,32,270,126,144
050,72,149,"Puerto Rico Commonwealth","Villalba Municipio",5,33,281,132,149
050,72,149,"Puerto Rico Commonwealth","Villalba Municipio",5,34,249,119,130
050,72,149,"Puerto Rico Commonwealth","Villalba Municipio",5,35,224,105,119
050,72,149,"Puerto Rico Commonwealth","Villalba Municipio",5,36,213,100,113
050,72,149,"Puerto Rico Commonwealth","Villalba Municipio",5,37,231,104,127
050,72,149,"Puerto Rico Commonwealth","Villalba Municipio",5,38,218,94,124
050,72,149,"Puerto Rico Commonwealth","Villalba Municipio",5,39,222,103,119
050,72,149,"Puerto Rico Commonwealth","Villalba Municipio",5,40,232,114,118
050,72,149,"Puerto Rico Commonwealth","Villalba Municipio",5,41,221,102,119
050,72,149,"Puerto Rico Commonwealth","Villalba Municipio",5,42,234,113,121
050,72,149,"Puerto Rico Commonwealth","Villalba Municipio",5,43,232,106,126
050,72,149,"Puerto Rico Commonwealth","Villalba Municipio",5,44,237,119,118
050,72,149,"Puerto Rico Commonwealth","Villalba Municipio",5,45,257,129,128
050,72,149,"Puerto Rico Commonwealth","Villalba Municipio",5,46,245,118,127
050,72,149,"Puerto Rico Commonwealth","Villalba Municipio",5,47,254,124,130
050,72,149,"Puerto Rico Commonwealth","Villalba Municipio",5,48,250,112,138
050,72,149,"Puerto Rico Commonwealth","Villalba Municipio",5,49,246,113,133
050,72,149,"Puerto Rico Commonwealth","Villalba Municipio",5,50,256,126,130
050,72,149,"Puerto Rico Commonwealth","Villalba Municipio",5,51,277,138,139
050,72,149,"Puerto Rico Commonwealth","Villalba Municipio",5,52,312,166,146
050,72,149,"Puerto Rico Commonwealth","Villalba Municipio",5,53,310,156,154
050,72,149,"Puerto Rico Commonwealth","Villalba Municipio",5,54,288,140,148
050,72,149,"Puerto Rico Commonwealth","Villalba Municipio",5,55,277,134,143
050,72,149,"Puerto Rico Commonwealth","Villalba Municipio",5,56,288,138,150
050,72,149,"Puerto Rico Commonwealth","Villalba Municipio",5,57,305,144,161
050,72,149,"Puerto Rico Commonwealth","Villalba Municipio",5,58,318,143,175
050,72,149,"Puerto Rico Commonwealth","Villalba Municipio",5,59,329,161,168
050,72,149,"Puerto Rico Commonwealth","Villalba Municipio",5,60,320,153,167
050,72,149,"Puerto Rico Commonwealth","Villalba Municipio",5,61,327,149,178
050,72,149,"Puerto Rico Commonwealth","Villalba Municipio",5,62,318,138,180
050,72,149,"Puerto Rico Commonwealth","Villalba Municipio",5,63,321,151,170
050,72,149,"Puerto Rico Commonwealth","Villalba Municipio",5,64,319,152,167
050,72,149,"Puerto Rico Commonwealth","Villalba Municipio",5,65,326,146,180
050,72,149,"Puerto Rico Commonwealth","Villalba Municipio",5,66,341,154,187
050,72,149,"Puerto Rico Commonwealth","Villalba Municipio",5,67,332,154,178
050,72,149,"Puerto Rico Commonwealth","Villalba Municipio",5,68,300,139,161
050,72,149,"Puerto Rico Commonwealth","Villalba Municipio",5,69,281,138,143
050,72,149,"Puerto Rico Commonwealth","Villalba Municipio",5,70,286,135,151
050,72,149,"Puerto Rico Commonwealth","Villalba Municipio",5,71,265,124,141
050,72,149,"Puerto Rico Commonwealth","Villalba Municipio",5,72,256,120,136
050,72,149,"Puerto Rico Commonwealth","Villalba Municipio",5,73,243,117,126
050,72,149,"Puerto Rico Commonwealth","Villalba Municipio",5,74,229,106,123
050,72,149,"Puerto Rico Commonwealth","Villalba Municipio",5,75,216,96,120
050,72,149,"Puerto Rico Commonwealth","Villalba Municipio",5,76,204,97,107
050,72,149,"Puerto Rico Commonwealth","Villalba Municipio",5,77,213,95,118
050,72,149,"Puerto Rico Commonwealth","Villalba Municipio",5,78,180,79,101
050,72,149,"Puerto Rico Commonwealth","Villalba Municipio",5,79,139,62,77
050,72,149,"Puerto Rico Commonwealth","Villalba Municipio",5,80,126,54,72
050,72,149,"Puerto Rico Commonwealth","Villalba Municipio",5,81,124,54,70
050,72,149,"Puerto Rico Commonwealth","Villalba Municipio",5,82,117,46,71
050,72,149,"Puerto Rico Commonwealth","Villalba Municipio",5,83,93,33,60
050,72,149,"Puerto Rico Commonwealth","Villalba Municipio",5,84,75,28,47
050,72,149,"Puerto Rico Commonwealth","Villalba Municipio",5,85,423,147,276
050,72,151,"Puerto Rico Commonwealth","Yabucoa Municipio",1,0,161,88,73
050,72,151,"Puerto Rico Commonwealth","Yabucoa Municipio",1,1,186,96,90
050,72,151,"Puerto Rico Commonwealth","Yabucoa Municipio",1,2,192,91,101
050,72,151,"Puerto Rico Commonwealth","Yabucoa Municipio",1,3,198,99,99
050,72,151,"Puerto Rico Commonwealth","Yabucoa Municipio",1,4,215,119,96
050,72,151,"Puerto Rico Commonwealth","Yabucoa Municipio",1,5,234,121,113
050,72,151,"Puerto Rico Commonwealth","Yabucoa Municipio",1,6,257,130,127
050,72,151,"Puerto Rico Commonwealth","Yabucoa Municipio",1,7,270,145,125
050,72,151,"Puerto Rico Commonwealth","Yabucoa Municipio",1,8,280,146,134
050,72,151,"Puerto Rico Commonwealth","Yabucoa Municipio",1,9,295,143,152
050,72,151,"Puerto Rico Commonwealth","Yabucoa Municipio",1,10,336,180,156
050,72,151,"Puerto Rico Commonwealth","Yabucoa Municipio",1,11,345,178,167
050,72,151,"Puerto Rico Commonwealth","Yabucoa Municipio",1,12,368,195,173
050,72,151,"Puerto Rico Commonwealth","Yabucoa Municipio",1,13,367,200,167
050,72,151,"Puerto Rico Commonwealth","Yabucoa Municipio",1,14,358,190,168
050,72,151,"Puerto Rico Commonwealth","Yabucoa Municipio",1,15,361,180,181
050,72,151,"Puerto Rico Commonwealth","Yabucoa Municipio",1,16,354,174,180
050,72,151,"Puerto Rico Commonwealth","Yabucoa Municipio",1,17,357,186,171
050,72,151,"Puerto Rico Commonwealth","Yabucoa Municipio",1,18,372,191,181
050,72,151,"Puerto Rico Commonwealth","Yabucoa Municipio",1,19,407,206,201
050,72,151,"Puerto Rico Commonwealth","Yabucoa Municipio",1,20,407,207,200
050,72,151,"Puerto Rico Commonwealth","Yabucoa Municipio",1,21,377,185,192
050,72,151,"Puerto Rico Commonwealth","Yabucoa Municipio",1,22,392,201,191
050,72,151,"Puerto Rico Commonwealth","Yabucoa Municipio",1,23,387,193,194
050,72,151,"Puerto Rico Commonwealth","Yabucoa Municipio",1,24,417,199,218
050,72,151,"Puerto Rico Commonwealth","Yabucoa Municipio",1,25,403,182,221
050,72,151,"Puerto Rico Commonwealth","Yabucoa Municipio",1,26,395,188,207
050,72,151,"Puerto Rico Commonwealth","Yabucoa Municipio",1,27,397,198,199
050,72,151,"Puerto Rico Commonwealth","Yabucoa Municipio",1,28,384,196,188
050,72,151,"Puerto Rico Commonwealth","Yabucoa Municipio",1,29,372,177,195
050,72,151,"Puerto Rico Commonwealth","Yabucoa Municipio",1,30,384,186,198
050,72,151,"Puerto Rico Commonwealth","Yabucoa Municipio",1,31,330,159,171
050,72,151,"Puerto Rico Commonwealth","Yabucoa Municipio",1,32,315,140,175
050,72,151,"Puerto Rico Commonwealth","Yabucoa Municipio",1,33,316,145,171
050,72,151,"Puerto Rico Commonwealth","Yabucoa Municipio",1,34,310,149,161
050,72,151,"Puerto Rico Commonwealth","Yabucoa Municipio",1,35,290,130,160
050,72,151,"Puerto Rico Commonwealth","Yabucoa Municipio",1,36,288,137,151
050,72,151,"Puerto Rico Commonwealth","Yabucoa Municipio",1,37,301,144,157
050,72,151,"Puerto Rico Commonwealth","Yabucoa Municipio",1,38,311,146,165
050,72,151,"Puerto Rico Commonwealth","Yabucoa Municipio",1,39,334,166,168
050,72,151,"Puerto Rico Commonwealth","Yabucoa Municipio",1,40,369,182,187
050,72,151,"Puerto Rico Commonwealth","Yabucoa Municipio",1,41,355,171,184
050,72,151,"Puerto Rico Commonwealth","Yabucoa Municipio",1,42,395,184,211
050,72,151,"Puerto Rico Commonwealth","Yabucoa Municipio",1,43,387,190,197
050,72,151,"Puerto Rico Commonwealth","Yabucoa Municipio",1,44,371,182,189
050,72,151,"Puerto Rico Commonwealth","Yabucoa Municipio",1,45,375,183,192
050,72,151,"Puerto Rico Commonwealth","Yabucoa Municipio",1,46,391,177,214
050,72,151,"Puerto Rico Commonwealth","Yabucoa Municipio",1,47,387,183,204
050,72,151,"Puerto Rico Commonwealth","Yabucoa Municipio",1,48,390,203,187
050,72,151,"Puerto Rico Commonwealth","Yabucoa Municipio",1,49,414,205,209
050,72,151,"Puerto Rico Commonwealth","Yabucoa Municipio",1,50,380,183,197
050,72,151,"Puerto Rico Commonwealth","Yabucoa Municipio",1,51,380,188,192
050,72,151,"Puerto Rico Commonwealth","Yabucoa Municipio",1,52,422,196,226
050,72,151,"Puerto Rico Commonwealth","Yabucoa Municipio",1,53,422,201,221
050,72,151,"Puerto Rico Commonwealth","Yabucoa Municipio",1,54,435,201,234
050,72,151,"Puerto Rico Commonwealth","Yabucoa Municipio",1,55,436,204,232
050,72,151,"Puerto Rico Commonwealth","Yabucoa Municipio",1,56,440,210,230
050,72,151,"Puerto Rico Commonwealth","Yabucoa Municipio",1,57,467,228,239
050,72,151,"Puerto Rico Commonwealth","Yabucoa Municipio",1,58,477,231,246
050,72,151,"Puerto Rico Commonwealth","Yabucoa Municipio",1,59,480,236,244
050,72,151,"Puerto Rico Commonwealth","Yabucoa Municipio",1,60,492,241,251
050,72,151,"Puerto Rico Commonwealth","Yabucoa Municipio",1,61,451,219,232
050,72,151,"Puerto Rico Commonwealth","Yabucoa Municipio",1,62,420,192,228
050,72,151,"Puerto Rico Commonwealth","Yabucoa Municipio",1,63,434,203,231
050,72,151,"Puerto Rico Commonwealth","Yabucoa Municipio",1,64,449,204,245
050,72,151,"Puerto Rico Commonwealth","Yabucoa Municipio",1,65,426,199,227
050,72,151,"Puerto Rico Commonwealth","Yabucoa Municipio",1,66,420,197,223
050,72,151,"Puerto Rico Commonwealth","Yabucoa Municipio",1,67,426,202,224
050,72,151,"Puerto Rico Commonwealth","Yabucoa Municipio",1,68,429,209,220
050,72,151,"Puerto Rico Commonwealth","Yabucoa Municipio",1,69,406,195,211
050,72,151,"Puerto Rico Commonwealth","Yabucoa Municipio",1,70,391,189,202
050,72,151,"Puerto Rico Commonwealth","Yabucoa Municipio",1,71,373,178,195
050,72,151,"Puerto Rico Commonwealth","Yabucoa Municipio",1,72,385,183,202
050,72,151,"Puerto Rico Commonwealth","Yabucoa Municipio",1,73,372,178,194
050,72,151,"Puerto Rico Commonwealth","Yabucoa Municipio",1,74,357,176,181
050,72,151,"Puerto Rico Commonwealth","Yabucoa Municipio",1,75,290,143,147
050,72,151,"Puerto Rico Commonwealth","Yabucoa Municipio",1,76,266,128,138
050,72,151,"Puerto Rico Commonwealth","Yabucoa Municipio",1,77,248,115,133
050,72,151,"Puerto Rico Commonwealth","Yabucoa Municipio",1,78,221,106,115
050,72,151,"Puerto Rico Commonwealth","Yabucoa Municipio",1,79,214,93,121
050,72,151,"Puerto Rico Commonwealth","Yabucoa Municipio",1,80,209,90,119
050,72,151,"Puerto Rico Commonwealth","Yabucoa Municipio",1,81,171,71,100
050,72,151,"Puerto Rico Commonwealth","Yabucoa Municipio",1,82,143,66,77
050,72,151,"Puerto Rico Commonwealth","Yabucoa Municipio",1,83,152,71,81
050,72,151,"Puerto Rico Commonwealth","Yabucoa Municipio",1,84,139,70,69
050,72,151,"Puerto Rico Commonwealth","Yabucoa Municipio",1,85,946,344,602
050,72,151,"Puerto Rico Commonwealth","Yabucoa Municipio",2,0,156,80,76
050,72,151,"Puerto Rico Commonwealth","Yabucoa Municipio",2,1,180,94,86
050,72,151,"Puerto Rico Commonwealth","Yabucoa Municipio",2,2,190,92,98
050,72,151,"Puerto Rico Commonwealth","Yabucoa Municipio",2,3,196,97,99
050,72,151,"Puerto Rico Commonwealth","Yabucoa Municipio",2,4,211,114,97
050,72,151,"Puerto Rico Commonwealth","Yabucoa Municipio",2,5,229,121,108
050,72,151,"Puerto Rico Commonwealth","Yabucoa Municipio",2,6,250,128,122
050,72,151,"Puerto Rico Commonwealth","Yabucoa Municipio",2,7,265,140,125
050,72,151,"Puerto Rico Commonwealth","Yabucoa Municipio",2,8,276,145,131
050,72,151,"Puerto Rico Commonwealth","Yabucoa Municipio",2,9,288,142,146
050,72,151,"Puerto Rico Commonwealth","Yabucoa Municipio",2,10,324,170,154
050,72,151,"Puerto Rico Commonwealth","Yabucoa Municipio",2,11,341,178,163
050,72,151,"Puerto Rico Commonwealth","Yabucoa Municipio",2,12,360,189,171
050,72,151,"Puerto Rico Commonwealth","Yabucoa Municipio",2,13,365,198,167
050,72,151,"Puerto Rico Commonwealth","Yabucoa Municipio",2,14,359,192,167
050,72,151,"Puerto Rico Commonwealth","Yabucoa Municipio",2,15,358,181,177
050,72,151,"Puerto Rico Commonwealth","Yabucoa Municipio",2,16,354,175,179
050,72,151,"Puerto Rico Commonwealth","Yabucoa Municipio",2,17,354,182,172
050,72,151,"Puerto Rico Commonwealth","Yabucoa Municipio",2,18,366,188,178
050,72,151,"Puerto Rico Commonwealth","Yabucoa Municipio",2,19,397,202,195
050,72,151,"Puerto Rico Commonwealth","Yabucoa Municipio",2,20,404,205,199
050,72,151,"Puerto Rico Commonwealth","Yabucoa Municipio",2,21,383,190,193
050,72,151,"Puerto Rico Commonwealth","Yabucoa Municipio",2,22,386,196,190
050,72,151,"Puerto Rico Commonwealth","Yabucoa Municipio",2,23,387,194,193
050,72,151,"Puerto Rico Commonwealth","Yabucoa Municipio",2,24,407,196,211
050,72,151,"Puerto Rico Commonwealth","Yabucoa Municipio",2,25,405,186,219
050,72,151,"Puerto Rico Commonwealth","Yabucoa Municipio",2,26,394,185,209
050,72,151,"Puerto Rico Commonwealth","Yabucoa Municipio",2,27,395,195,200
050,72,151,"Puerto Rico Commonwealth","Yabucoa Municipio",2,28,384,194,190
050,72,151,"Puerto Rico Commonwealth","Yabucoa Municipio",2,29,373,181,192
050,72,151,"Puerto Rico Commonwealth","Yabucoa Municipio",2,30,380,183,197
050,72,151,"Puerto Rico Commonwealth","Yabucoa Municipio",2,31,340,164,176
050,72,151,"Puerto Rico Commonwealth","Yabucoa Municipio",2,32,317,144,173
050,72,151,"Puerto Rico Commonwealth","Yabucoa Municipio",2,33,314,143,171
050,72,151,"Puerto Rico Commonwealth","Yabucoa Municipio",2,34,310,147,163
050,72,151,"Puerto Rico Commonwealth","Yabucoa Municipio",2,35,293,134,159
050,72,151,"Puerto Rico Commonwealth","Yabucoa Municipio",2,36,287,135,152
050,72,151,"Puerto Rico Commonwealth","Yabucoa Municipio",2,37,297,142,155
050,72,151,"Puerto Rico Commonwealth","Yabucoa Municipio",2,38,308,146,162
050,72,151,"Puerto Rico Commonwealth","Yabucoa Municipio",2,39,327,161,166
050,72,151,"Puerto Rico Commonwealth","Yabucoa Municipio",2,40,359,178,181
050,72,151,"Puerto Rico Commonwealth","Yabucoa Municipio",2,41,358,173,185
050,72,151,"Puerto Rico Commonwealth","Yabucoa Municipio",2,42,384,181,203
050,72,151,"Puerto Rico Commonwealth","Yabucoa Municipio",2,43,390,189,201
050,72,151,"Puerto Rico Commonwealth","Yabucoa Municipio",2,44,375,184,191
050,72,151,"Puerto Rico Commonwealth","Yabucoa Municipio",2,45,373,182,191
050,72,151,"Puerto Rico Commonwealth","Yabucoa Municipio",2,46,388,179,209
050,72,151,"Puerto Rico Commonwealth","Yabucoa Municipio",2,47,387,181,206
050,72,151,"Puerto Rico Commonwealth","Yabucoa Municipio",2,48,389,198,191
050,72,151,"Puerto Rico Commonwealth","Yabucoa Municipio",2,49,409,205,204
050,72,151,"Puerto Rico Commonwealth","Yabucoa Municipio",2,50,388,188,200
050,72,151,"Puerto Rico Commonwealth","Yabucoa Municipio",2,51,380,187,193
050,72,151,"Puerto Rico Commonwealth","Yabucoa Municipio",2,52,411,193,218
050,72,151,"Puerto Rico Commonwealth","Yabucoa Municipio",2,53,422,200,222
050,72,151,"Puerto Rico Commonwealth","Yabucoa Municipio",2,54,432,201,231
050,72,151,"Puerto Rico Commonwealth","Yabucoa Municipio",2,55,435,203,232
050,72,151,"Puerto Rico Commonwealth","Yabucoa Municipio",2,56,440,209,231
050,72,151,"Puerto Rico Commonwealth","Yabucoa Municipio",2,57,459,223,236
050,72,151,"Puerto Rico Commonwealth","Yabucoa Municipio",2,58,472,228,244
050,72,151,"Puerto Rico Commonwealth","Yabucoa Municipio",2,59,479,235,244
050,72,151,"Puerto Rico Commonwealth","Yabucoa Municipio",2,60,487,238,249
050,72,151,"Puerto Rico Commonwealth","Yabucoa Municipio",2,61,460,224,236
050,72,151,"Puerto Rico Commonwealth","Yabucoa Municipio",2,62,428,199,229
050,72,151,"Puerto Rico Commonwealth","Yabucoa Municipio",2,63,429,199,230
050,72,151,"Puerto Rico Commonwealth","Yabucoa Municipio",2,64,446,204,242
050,72,151,"Puerto Rico Commonwealth","Yabucoa Municipio",2,65,432,201,231
050,72,151,"Puerto Rico Commonwealth","Yabucoa Municipio",2,66,417,194,223
050,72,151,"Puerto Rico Commonwealth","Yabucoa Municipio",2,67,423,201,222
050,72,151,"Puerto Rico Commonwealth","Yabucoa Municipio",2,68,427,207,220
050,72,151,"Puerto Rico Commonwealth","Yabucoa Municipio",2,69,409,196,213
050,72,151,"Puerto Rico Commonwealth","Yabucoa Municipio",2,70,393,188,205
050,72,151,"Puerto Rico Commonwealth","Yabucoa Municipio",2,71,375,179,196
050,72,151,"Puerto Rico Commonwealth","Yabucoa Municipio",2,72,382,181,201
050,72,151,"Puerto Rico Commonwealth","Yabucoa Municipio",2,73,376,180,196
050,72,151,"Puerto Rico Commonwealth","Yabucoa Municipio",2,74,358,174,184
050,72,151,"Puerto Rico Commonwealth","Yabucoa Municipio",2,75,301,147,154
050,72,151,"Puerto Rico Commonwealth","Yabucoa Municipio",2,76,271,131,140
050,72,151,"Puerto Rico Commonwealth","Yabucoa Municipio",2,77,252,118,134
050,72,151,"Puerto Rico Commonwealth","Yabucoa Municipio",2,78,224,107,117
050,72,151,"Puerto Rico Commonwealth","Yabucoa Municipio",2,79,213,95,118
050,72,151,"Puerto Rico Commonwealth","Yabucoa Municipio",2,80,207,89,118
050,72,151,"Puerto Rico Commonwealth","Yabucoa Municipio",2,81,178,75,103
050,72,151,"Puerto Rico Commonwealth","Yabucoa Municipio",2,82,150,68,82
050,72,151,"Puerto Rico Commonwealth","Yabucoa Municipio",2,83,146,68,78
050,72,151,"Puerto Rico Commonwealth","Yabucoa Municipio",2,84,144,71,73
050,72,151,"Puerto Rico Commonwealth","Yabucoa Municipio",2,85,961,354,607
050,72,151,"Puerto Rico Commonwealth","Yabucoa Municipio",3,0,184,90,94
050,72,151,"Puerto Rico Commonwealth","Yabucoa Municipio",3,1,154,79,75
050,72,151,"Puerto Rico Commonwealth","Yabucoa Municipio",3,2,177,93,84
050,72,151,"Puerto Rico Commonwealth","Yabucoa Municipio",3,3,187,90,97
050,72,151,"Puerto Rico Commonwealth","Yabucoa Municipio",3,4,194,96,98
050,72,151,"Puerto Rico Commonwealth","Yabucoa Municipio",3,5,208,113,95
050,72,151,"Puerto Rico Commonwealth","Yabucoa Municipio",3,6,225,119,106
050,72,151,"Puerto Rico Commonwealth","Yabucoa Municipio",3,7,246,126,120
050,72,151,"Puerto Rico Commonwealth","Yabucoa Municipio",3,8,261,138,123
050,72,151,"Puerto Rico Commonwealth","Yabucoa Municipio",3,9,272,143,129
050,72,151,"Puerto Rico Commonwealth","Yabucoa Municipio",3,10,283,139,144
050,72,151,"Puerto Rico Commonwealth","Yabucoa Municipio",3,11,318,167,151
050,72,151,"Puerto Rico Commonwealth","Yabucoa Municipio",3,12,335,175,160
050,72,151,"Puerto Rico Commonwealth","Yabucoa Municipio",3,13,355,186,169
050,72,151,"Puerto Rico Commonwealth","Yabucoa Municipio",3,14,360,195,165
050,72,151,"Puerto Rico Commonwealth","Yabucoa Municipio",3,15,353,188,165
050,72,151,"Puerto Rico Commonwealth","Yabucoa Municipio",3,16,351,177,174
050,72,151,"Puerto Rico Commonwealth","Yabucoa Municipio",3,17,347,171,176
050,72,151,"Puerto Rico Commonwealth","Yabucoa Municipio",3,18,344,177,167
050,72,151,"Puerto Rico Commonwealth","Yabucoa Municipio",3,19,356,184,172
050,72,151,"Puerto Rico Commonwealth","Yabucoa Municipio",3,20,389,197,192
050,72,151,"Puerto Rico Commonwealth","Yabucoa Municipio",3,21,398,203,195
050,72,151,"Puerto Rico Commonwealth","Yabucoa Municipio",3,22,374,184,190
050,72,151,"Puerto Rico Commonwealth","Yabucoa Municipio",3,23,382,194,188
050,72,151,"Puerto Rico Commonwealth","Yabucoa Municipio",3,24,383,194,189
050,72,151,"Puerto Rico Commonwealth","Yabucoa Municipio",3,25,397,190,207
050,72,151,"Puerto Rico Commonwealth","Yabucoa Municipio",3,26,398,184,214
050,72,151,"Puerto Rico Commonwealth","Yabucoa Municipio",3,27,387,182,205
050,72,151,"Puerto Rico Commonwealth","Yabucoa Municipio",3,28,390,194,196
050,72,151,"Puerto Rico Commonwealth","Yabucoa Municipio",3,29,367,182,185
050,72,151,"Puerto Rico Commonwealth","Yabucoa Municipio",3,30,368,180,188
050,72,151,"Puerto Rico Commonwealth","Yabucoa Municipio",3,31,376,183,193
050,72,151,"Puerto Rico Commonwealth","Yabucoa Municipio",3,32,332,161,171
050,72,151,"Puerto Rico Commonwealth","Yabucoa Municipio",3,33,313,141,172
050,72,151,"Puerto Rico Commonwealth","Yabucoa Municipio",3,34,312,146,166
050,72,151,"Puerto Rico Commonwealth","Yabucoa Municipio",3,35,302,142,160
050,72,151,"Puerto Rico Commonwealth","Yabucoa Municipio",3,36,291,134,157
050,72,151,"Puerto Rico Commonwealth","Yabucoa Municipio",3,37,283,133,150
050,72,151,"Puerto Rico Commonwealth","Yabucoa Municipio",3,38,293,140,153
050,72,151,"Puerto Rico Commonwealth","Yabucoa Municipio",3,39,301,141,160
050,72,151,"Puerto Rico Commonwealth","Yabucoa Municipio",3,40,321,157,164
050,72,151,"Puerto Rico Commonwealth","Yabucoa Municipio",3,41,356,177,179
050,72,151,"Puerto Rico Commonwealth","Yabucoa Municipio",3,42,355,171,184
050,72,151,"Puerto Rico Commonwealth","Yabucoa Municipio",3,43,377,177,200
050,72,151,"Puerto Rico Commonwealth","Yabucoa Municipio",3,44,386,187,199
050,72,151,"Puerto Rico Commonwealth","Yabucoa Municipio",3,45,372,183,189
050,72,151,"Puerto Rico Commonwealth","Yabucoa Municipio",3,46,371,183,188
050,72,151,"Puerto Rico Commonwealth","Yabucoa Municipio",3,47,383,176,207
050,72,151,"Puerto Rico Commonwealth","Yabucoa Municipio",3,48,384,179,205
050,72,151,"Puerto Rico Commonwealth","Yabucoa Municipio",3,49,386,197,189
050,72,151,"Puerto Rico Commonwealth","Yabucoa Municipio",3,50,399,198,201
050,72,151,"Puerto Rico Commonwealth","Yabucoa Municipio",3,51,386,187,199
050,72,151,"Puerto Rico Commonwealth","Yabucoa Municipio",3,52,380,188,192
050,72,151,"Puerto Rico Commonwealth","Yabucoa Municipio",3,53,405,190,215
050,72,151,"Puerto Rico Commonwealth","Yabucoa Municipio",3,54,416,196,220
050,72,151,"Puerto Rico Commonwealth","Yabucoa Municipio",3,55,425,199,226
050,72,151,"Puerto Rico Commonwealth","Yabucoa Municipio",3,56,428,198,230
050,72,151,"Puerto Rico Commonwealth","Yabucoa Municipio",3,57,433,204,229
050,72,151,"Puerto Rico Commonwealth","Yabucoa Municipio",3,58,453,220,233
050,72,151,"Puerto Rico Commonwealth","Yabucoa Municipio",3,59,468,226,242
050,72,151,"Puerto Rico Commonwealth","Yabucoa Municipio",3,60,474,234,240
050,72,151,"Puerto Rico Commonwealth","Yabucoa Municipio",3,61,482,237,245
050,72,151,"Puerto Rico Commonwealth","Yabucoa Municipio",3,62,454,220,234
050,72,151,"Puerto Rico Commonwealth","Yabucoa Municipio",3,63,422,196,226
050,72,151,"Puerto Rico Commonwealth","Yabucoa Municipio",3,64,422,195,227
050,72,151,"Puerto Rico Commonwealth","Yabucoa Municipio",3,65,439,199,240
050,72,151,"Puerto Rico Commonwealth","Yabucoa Municipio",3,66,429,199,230
050,72,151,"Puerto Rico Commonwealth","Yabucoa Municipio",3,67,409,189,220
050,72,151,"Puerto Rico Commonwealth","Yabucoa Municipio",3,68,414,197,217
050,72,151,"Puerto Rico Commonwealth","Yabucoa Municipio",3,69,422,204,218
050,72,151,"Puerto Rico Commonwealth","Yabucoa Municipio",3,70,400,189,211
050,72,151,"Puerto Rico Commonwealth","Yabucoa Municipio",3,71,386,185,201
050,72,151,"Puerto Rico Commonwealth","Yabucoa Municipio",3,72,368,175,193
050,72,151,"Puerto Rico Commonwealth","Yabucoa Municipio",3,73,371,174,197
050,72,151,"Puerto Rico Commonwealth","Yabucoa Municipio",3,74,369,178,191
050,72,151,"Puerto Rico Commonwealth","Yabucoa Municipio",3,75,347,167,180
050,72,151,"Puerto Rico Commonwealth","Yabucoa Municipio",3,76,287,137,150
050,72,151,"Puerto Rico Commonwealth","Yabucoa Municipio",3,77,262,125,137
050,72,151,"Puerto Rico Commonwealth","Yabucoa Municipio",3,78,238,108,130
050,72,151,"Puerto Rico Commonwealth","Yabucoa Municipio",3,79,220,104,116
050,72,151,"Puerto Rico Commonwealth","Yabucoa Municipio",3,80,201,89,112
050,72,151,"Puerto Rico Commonwealth","Yabucoa Municipio",3,81,204,87,117
050,72,151,"Puerto Rico Commonwealth","Yabucoa Municipio",3,82,179,76,103
050,72,151,"Puerto Rico Commonwealth","Yabucoa Municipio",3,83,142,64,78
050,72,151,"Puerto Rico Commonwealth","Yabucoa Municipio",3,84,140,62,78
050,72,151,"Puerto Rico Commonwealth","Yabucoa Municipio",3,85,1033,390,643
050,72,151,"Puerto Rico Commonwealth","Yabucoa Municipio",4,0,163,76,87
050,72,151,"Puerto Rico Commonwealth","Yabucoa Municipio",4,1,180,88,92
050,72,151,"Puerto Rico Commonwealth","Yabucoa Municipio",4,2,149,77,72
050,72,151,"Puerto Rico Commonwealth","Yabucoa Municipio",4,3,171,90,81
050,72,151,"Puerto Rico Commonwealth","Yabucoa Municipio",4,4,182,88,94
050,72,151,"Puerto Rico Commonwealth","Yabucoa Municipio",4,5,188,93,95
050,72,151,"Puerto Rico Commonwealth","Yabucoa Municipio",4,6,202,110,92
050,72,151,"Puerto Rico Commonwealth","Yabucoa Municipio",4,7,219,116,103
050,72,151,"Puerto Rico Commonwealth","Yabucoa Municipio",4,8,240,123,117
050,72,151,"Puerto Rico Commonwealth","Yabucoa Municipio",4,9,255,135,120
050,72,151,"Puerto Rico Commonwealth","Yabucoa Municipio",4,10,264,139,125
050,72,151,"Puerto Rico Commonwealth","Yabucoa Municipio",4,11,274,134,140
050,72,151,"Puerto Rico Commonwealth","Yabucoa Municipio",4,12,309,162,147
050,72,151,"Puerto Rico Commonwealth","Yabucoa Municipio",4,13,326,170,156
050,72,151,"Puerto Rico Commonwealth","Yabucoa Municipio",4,14,345,180,165
050,72,151,"Puerto Rico Commonwealth","Yabucoa Municipio",4,15,348,188,160
050,72,151,"Puerto Rico Commonwealth","Yabucoa Municipio",4,16,342,182,160
050,72,151,"Puerto Rico Commonwealth","Yabucoa Municipio",4,17,340,171,169
050,72,151,"Puerto Rico Commonwealth","Yabucoa Municipio",4,18,332,163,169
050,72,151,"Puerto Rico Commonwealth","Yabucoa Municipio",4,19,332,172,160
050,72,151,"Puerto Rico Commonwealth","Yabucoa Municipio",4,20,343,176,167
050,72,151,"Puerto Rico Commonwealth","Yabucoa Municipio",4,21,376,190,186
050,72,151,"Puerto Rico Commonwealth","Yabucoa Municipio",4,22,384,194,190
050,72,151,"Puerto Rico Commonwealth","Yabucoa Municipio",4,23,363,177,186
050,72,151,"Puerto Rico Commonwealth","Yabucoa Municipio",4,24,374,191,183
050,72,151,"Puerto Rico Commonwealth","Yabucoa Municipio",4,25,366,182,184
050,72,151,"Puerto Rico Commonwealth","Yabucoa Municipio",4,26,379,181,198
050,72,151,"Puerto Rico Commonwealth","Yabucoa Municipio",4,27,384,178,206
050,72,151,"Puerto Rico Commonwealth","Yabucoa Municipio",4,28,376,177,199
050,72,151,"Puerto Rico Commonwealth","Yabucoa Municipio",4,29,368,178,190
050,72,151,"Puerto Rico Commonwealth","Yabucoa Municipio",4,30,356,177,179
050,72,151,"Puerto Rico Commonwealth","Yabucoa Municipio",4,31,357,175,182
050,72,151,"Puerto Rico Commonwealth","Yabucoa Municipio",4,32,363,176,187
050,72,151,"Puerto Rico Commonwealth","Yabucoa Municipio",4,33,324,155,169
050,72,151,"Puerto Rico Commonwealth","Yabucoa Municipio",4,34,307,142,165
050,72,151,"Puerto Rico Commonwealth","Yabucoa Municipio",4,35,300,138,162
050,72,151,"Puerto Rico Commonwealth","Yabucoa Municipio",4,36,295,139,156
050,72,151,"Puerto Rico Commonwealth","Yabucoa Municipio",4,37,283,130,153
050,72,151,"Puerto Rico Commonwealth","Yabucoa Municipio",4,38,274,128,146
050,72,151,"Puerto Rico Commonwealth","Yabucoa Municipio",4,39,283,135,148
050,72,151,"Puerto Rico Commonwealth","Yabucoa Municipio",4,40,292,135,157
050,72,151,"Puerto Rico Commonwealth","Yabucoa Municipio",4,41,315,154,161
050,72,151,"Puerto Rico Commonwealth","Yabucoa Municipio",4,42,351,174,177
050,72,151,"Puerto Rico Commonwealth","Yabucoa Municipio",4,43,347,167,180
050,72,151,"Puerto Rico Commonwealth","Yabucoa Municipio",4,44,371,174,197
050,72,151,"Puerto Rico Commonwealth","Yabucoa Municipio",4,45,378,182,196
050,72,151,"Puerto Rico Commonwealth","Yabucoa Municipio",4,46,367,182,185
050,72,151,"Puerto Rico Commonwealth","Yabucoa Municipio",4,47,366,181,185
050,72,151,"Puerto Rico Commonwealth","Yabucoa Municipio",4,48,376,172,204
050,72,151,"Puerto Rico Commonwealth","Yabucoa Municipio",4,49,376,175,201
050,72,151,"Puerto Rico Commonwealth","Yabucoa Municipio",4,50,378,192,186
050,72,151,"Puerto Rico Commonwealth","Yabucoa Municipio",4,51,394,197,197
050,72,151,"Puerto Rico Commonwealth","Yabucoa Municipio",4,52,385,187,198
050,72,151,"Puerto Rico Commonwealth","Yabucoa Municipio",4,53,370,185,185
050,72,151,"Puerto Rico Commonwealth","Yabucoa Municipio",4,54,396,184,212
050,72,151,"Puerto Rico Commonwealth","Yabucoa Municipio",4,55,409,193,216
050,72,151,"Puerto Rico Commonwealth","Yabucoa Municipio",4,56,420,197,223
050,72,151,"Puerto Rico Commonwealth","Yabucoa Municipio",4,57,421,195,226
050,72,151,"Puerto Rico Commonwealth","Yabucoa Municipio",4,58,427,202,225
050,72,151,"Puerto Rico Commonwealth","Yabucoa Municipio",4,59,443,213,230
050,72,151,"Puerto Rico Commonwealth","Yabucoa Municipio",4,60,463,223,240
050,72,151,"Puerto Rico Commonwealth","Yabucoa Municipio",4,61,471,233,238
050,72,151,"Puerto Rico Commonwealth","Yabucoa Municipio",4,62,475,232,243
050,72,151,"Puerto Rico Commonwealth","Yabucoa Municipio",4,63,446,215,231
050,72,151,"Puerto Rico Commonwealth","Yabucoa Municipio",4,64,413,192,221
050,72,151,"Puerto Rico Commonwealth","Yabucoa Municipio",4,65,416,193,223
050,72,151,"Puerto Rico Commonwealth","Yabucoa Municipio",4,66,433,197,236
050,72,151,"Puerto Rico Commonwealth","Yabucoa Municipio",4,67,425,198,227
050,72,151,"Puerto Rico Commonwealth","Yabucoa Municipio",4,68,396,181,215
050,72,151,"Puerto Rico Commonwealth","Yabucoa Municipio",4,69,405,193,212
050,72,151,"Puerto Rico Commonwealth","Yabucoa Municipio",4,70,414,201,213
050,72,151,"Puerto Rico Commonwealth","Yabucoa Municipio",4,71,389,181,208
050,72,151,"Puerto Rico Commonwealth","Yabucoa Municipio",4,72,377,180,197
050,72,151,"Puerto Rico Commonwealth","Yabucoa Municipio",4,73,359,172,187
050,72,151,"Puerto Rico Commonwealth","Yabucoa Municipio",4,74,359,165,194
050,72,151,"Puerto Rico Commonwealth","Yabucoa Municipio",4,75,356,169,187
050,72,151,"Puerto Rico Commonwealth","Yabucoa Municipio",4,76,335,160,175
050,72,151,"Puerto Rico Commonwealth","Yabucoa Municipio",4,77,275,131,144
050,72,151,"Puerto Rico Commonwealth","Yabucoa Municipio",4,78,252,119,133
050,72,151,"Puerto Rico Commonwealth","Yabucoa Municipio",4,79,229,103,126
050,72,151,"Puerto Rico Commonwealth","Yabucoa Municipio",4,80,212,98,114
050,72,151,"Puerto Rico Commonwealth","Yabucoa Municipio",4,81,193,86,107
050,72,151,"Puerto Rico Commonwealth","Yabucoa Municipio",4,82,195,85,110
050,72,151,"Puerto Rico Commonwealth","Yabucoa Municipio",4,83,177,75,102
050,72,151,"Puerto Rico Commonwealth","Yabucoa Municipio",4,84,133,58,75
050,72,151,"Puerto Rico Commonwealth","Yabucoa Municipio",4,85,1090,412,678
050,72,151,"Puerto Rico Commonwealth","Yabucoa Municipio",5,0,157,78,79
050,72,151,"Puerto Rico Commonwealth","Yabucoa Municipio",5,1,161,75,86
050,72,151,"Puerto Rico Commonwealth","Yabucoa Municipio",5,2,180,88,92
050,72,151,"Puerto Rico Commonwealth","Yabucoa Municipio",5,3,147,76,71
050,72,151,"Puerto Rico Commonwealth","Yabucoa Municipio",5,4,169,89,80
050,72,151,"Puerto Rico Commonwealth","Yabucoa Municipio",5,5,180,87,93
050,72,151,"Puerto Rico Commonwealth","Yabucoa Municipio",5,6,186,92,94
050,72,151,"Puerto Rico Commonwealth","Yabucoa Municipio",5,7,198,108,90
050,72,151,"Puerto Rico Commonwealth","Yabucoa Municipio",5,8,216,115,101
050,72,151,"Puerto Rico Commonwealth","Yabucoa Municipio",5,9,237,122,115
050,72,151,"Puerto Rico Commonwealth","Yabucoa Municipio",5,10,252,134,118
050,72,151,"Puerto Rico Commonwealth","Yabucoa Municipio",5,11,260,137,123
050,72,151,"Puerto Rico Commonwealth","Yabucoa Municipio",5,12,270,132,138
050,72,151,"Puerto Rico Commonwealth","Yabucoa Municipio",5,13,305,160,145
050,72,151,"Puerto Rico Commonwealth","Yabucoa Municipio",5,14,321,167,154
050,72,151,"Puerto Rico Commonwealth","Yabucoa Municipio",5,15,339,176,163
050,72,151,"Puerto Rico Commonwealth","Yabucoa Municipio",5,16,343,185,158
050,72,151,"Puerto Rico Commonwealth","Yabucoa Municipio",5,17,335,178,157
050,72,151,"Puerto Rico Commonwealth","Yabucoa Municipio",5,18,332,167,165
050,72,151,"Puerto Rico Commonwealth","Yabucoa Municipio",5,19,325,161,164
050,72,151,"Puerto Rico Commonwealth","Yabucoa Municipio",5,20,323,166,157
050,72,151,"Puerto Rico Commonwealth","Yabucoa Municipio",5,21,337,173,164
050,72,151,"Puerto Rico Commonwealth","Yabucoa Municipio",5,22,367,183,184
050,72,151,"Puerto Rico Commonwealth","Yabucoa Municipio",5,23,379,191,188
050,72,151,"Puerto Rico Commonwealth","Yabucoa Municipio",5,24,361,177,184
050,72,151,"Puerto Rico Commonwealth","Yabucoa Municipio",5,25,365,184,181
050,72,151,"Puerto Rico Commonwealth","Yabucoa Municipio",5,26,359,180,179
050,72,151,"Puerto Rico Commonwealth","Yabucoa Municipio",5,27,374,180,194
050,72,151,"Puerto Rico Commonwealth","Yabucoa Municipio",5,28,378,176,202
050,72,151,"Puerto Rico Commonwealth","Yabucoa Municipio",5,29,360,165,195
050,72,151,"Puerto Rico Commonwealth","Yabucoa Municipio",5,30,365,178,187
050,72,151,"Puerto Rico Commonwealth","Yabucoa Municipio",5,31,350,175,175
050,72,151,"Puerto Rico Commonwealth","Yabucoa Municipio",5,32,349,170,179
050,72,151,"Puerto Rico Commonwealth","Yabucoa Municipio",5,33,360,173,187
050,72,151,"Puerto Rico Commonwealth","Yabucoa Municipio",5,34,322,158,164
050,72,151,"Puerto Rico Commonwealth","Yabucoa Municipio",5,35,299,136,163
050,72,151,"Puerto Rico Commonwealth","Yabucoa Municipio",5,36,298,138,160
050,72,151,"Puerto Rico Commonwealth","Yabucoa Municipio",5,37,290,136,154
050,72,151,"Puerto Rico Commonwealth","Yabucoa Municipio",5,38,279,127,152
050,72,151,"Puerto Rico Commonwealth","Yabucoa Municipio",5,39,269,125,144
050,72,151,"Puerto Rico Commonwealth","Yabucoa Municipio",5,40,278,133,145
050,72,151,"Puerto Rico Commonwealth","Yabucoa Municipio",5,41,291,135,156
050,72,151,"Puerto Rico Commonwealth","Yabucoa Municipio",5,42,313,153,160
050,72,151,"Puerto Rico Commonwealth","Yabucoa Municipio",5,43,346,173,173
050,72,151,"Puerto Rico Commonwealth","Yabucoa Municipio",5,44,343,165,178
050,72,151,"Puerto Rico Commonwealth","Yabucoa Municipio",5,45,366,172,194
050,72,151,"Puerto Rico Commonwealth","Yabucoa Municipio",5,46,378,183,195
050,72,151,"Puerto Rico Commonwealth","Yabucoa Municipio",5,47,365,181,184
050,72,151,"Puerto Rico Commonwealth","Yabucoa Municipio",5,48,360,177,183
050,72,151,"Puerto Rico Commonwealth","Yabucoa Municipio",5,49,371,170,201
050,72,151,"Puerto Rico Commonwealth","Yabucoa Municipio",5,50,368,169,199
050,72,151,"Puerto Rico Commonwealth","Yabucoa Municipio",5,51,377,193,184
050,72,151,"Puerto Rico Commonwealth","Yabucoa Municipio",5,52,393,197,196
050,72,151,"Puerto Rico Commonwealth","Yabucoa Municipio",5,53,380,184,196
050,72,151,"Puerto Rico Commonwealth","Yabucoa Municipio",5,54,362,179,183
050,72,151,"Puerto Rico Commonwealth","Yabucoa Municipio",5,55,390,180,210
050,72,151,"Puerto Rico Commonwealth","Yabucoa Municipio",5,56,406,192,214
050,72,151,"Puerto Rico Commonwealth","Yabucoa Municipio",5,57,416,196,220
050,72,151,"Puerto Rico Commonwealth","Yabucoa Municipio",5,58,415,190,225
050,72,151,"Puerto Rico Commonwealth","Yabucoa Municipio",5,59,422,199,223
050,72,151,"Puerto Rico Commonwealth","Yabucoa Municipio",5,60,438,210,228
050,72,151,"Puerto Rico Commonwealth","Yabucoa Municipio",5,61,453,216,237
050,72,151,"Puerto Rico Commonwealth","Yabucoa Municipio",5,62,467,230,237
050,72,151,"Puerto Rico Commonwealth","Yabucoa Municipio",5,63,469,228,241
050,72,151,"Puerto Rico Commonwealth","Yabucoa Municipio",5,64,442,213,229
050,72,151,"Puerto Rico Commonwealth","Yabucoa Municipio",5,65,404,187,217
050,72,151,"Puerto Rico Commonwealth","Yabucoa Municipio",5,66,412,190,222
050,72,151,"Puerto Rico Commonwealth","Yabucoa Municipio",5,67,428,193,235
050,72,151,"Puerto Rico Commonwealth","Yabucoa Municipio",5,68,418,194,224
050,72,151,"Puerto Rico Commonwealth","Yabucoa Municipio",5,69,388,178,210
050,72,151,"Puerto Rico Commonwealth","Yabucoa Municipio",5,70,397,188,209
050,72,151,"Puerto Rico Commonwealth","Yabucoa Municipio",5,71,406,197,209
050,72,151,"Puerto Rico Commonwealth","Yabucoa Municipio",5,72,381,176,205
050,72,151,"Puerto Rico Commonwealth","Yabucoa Municipio",5,73,362,171,191
050,72,151,"Puerto Rico Commonwealth","Yabucoa Municipio",5,74,344,162,182
050,72,151,"Puerto Rico Commonwealth","Yabucoa Municipio",5,75,349,159,190
050,72,151,"Puerto Rico Commonwealth","Yabucoa Municipio",5,76,351,166,185
050,72,151,"Puerto Rico Commonwealth","Yabucoa Municipio",5,77,329,158,171
050,72,151,"Puerto Rico Commonwealth","Yabucoa Municipio",5,78,267,125,142
050,72,151,"Puerto Rico Commonwealth","Yabucoa Municipio",5,79,246,115,131
050,72,151,"Puerto Rico Commonwealth","Yabucoa Municipio",5,80,221,97,124
050,72,151,"Puerto Rico Commonwealth","Yabucoa Municipio",5,81,202,90,112
050,72,151,"Puerto Rico Commonwealth","Yabucoa Municipio",5,82,190,86,104
050,72,151,"Puerto Rico Commonwealth","Yabucoa Municipio",5,83,187,79,108
050,72,151,"Puerto Rico Commonwealth","Yabucoa Municipio",5,84,169,70,99
050,72,151,"Puerto Rico Commonwealth","Yabucoa Municipio",5,85,1140,434,706
050,72,153,"Puerto Rico Commonwealth","Yauco Municipio",1,0,193,101,92
050,72,153,"Puerto Rico Commonwealth","Yauco Municipio",1,1,202,90,112
050,72,153,"Puerto Rico Commonwealth","Yauco Municipio",1,2,224,106,118
050,72,153,"Puerto Rico Commonwealth","Yauco Municipio",1,3,223,109,114
050,72,153,"Puerto Rico Commonwealth","Yauco Municipio",1,4,263,137,126
050,72,153,"Puerto Rico Commonwealth","Yauco Municipio",1,5,300,160,140
050,72,153,"Puerto Rico Commonwealth","Yauco Municipio",1,6,283,145,138
050,72,153,"Puerto Rico Commonwealth","Yauco Municipio",1,7,321,163,158
050,72,153,"Puerto Rico Commonwealth","Yauco Municipio",1,8,351,190,161
050,72,153,"Puerto Rico Commonwealth","Yauco Municipio",1,9,352,193,159
050,72,153,"Puerto Rico Commonwealth","Yauco Municipio",1,10,364,170,194
050,72,153,"Puerto Rico Commonwealth","Yauco Municipio",1,11,379,186,193
050,72,153,"Puerto Rico Commonwealth","Yauco Municipio",1,12,392,210,182
050,72,153,"Puerto Rico Commonwealth","Yauco Municipio",1,13,387,212,175
050,72,153,"Puerto Rico Commonwealth","Yauco Municipio",1,14,410,232,178
050,72,153,"Puerto Rico Commonwealth","Yauco Municipio",1,15,392,207,185
050,72,153,"Puerto Rico Commonwealth","Yauco Municipio",1,16,408,209,199
050,72,153,"Puerto Rico Commonwealth","Yauco Municipio",1,17,365,185,180
050,72,153,"Puerto Rico Commonwealth","Yauco Municipio",1,18,368,196,172
050,72,153,"Puerto Rico Commonwealth","Yauco Municipio",1,19,399,208,191
050,72,153,"Puerto Rico Commonwealth","Yauco Municipio",1,20,409,203,206
050,72,153,"Puerto Rico Commonwealth","Yauco Municipio",1,21,397,195,202
050,72,153,"Puerto Rico Commonwealth","Yauco Municipio",1,22,428,225,203
050,72,153,"Puerto Rico Commonwealth","Yauco Municipio",1,23,403,212,191
050,72,153,"Puerto Rico Commonwealth","Yauco Municipio",1,24,396,198,198
050,72,153,"Puerto Rico Commonwealth","Yauco Municipio",1,25,423,219,204
050,72,153,"Puerto Rico Commonwealth","Yauco Municipio",1,26,401,184,217
050,72,153,"Puerto Rico Commonwealth","Yauco Municipio",1,27,410,195,215
050,72,153,"Puerto Rico Commonwealth","Yauco Municipio",1,28,375,192,183
050,72,153,"Puerto Rico Commonwealth","Yauco Municipio",1,29,402,193,209
050,72,153,"Puerto Rico Commonwealth","Yauco Municipio",1,30,409,182,227
050,72,153,"Puerto Rico Commonwealth","Yauco Municipio",1,31,380,182,198
050,72,153,"Puerto Rico Commonwealth","Yauco Municipio",1,32,396,199,197
050,72,153,"Puerto Rico Commonwealth","Yauco Municipio",1,33,361,171,190
050,72,153,"Puerto Rico Commonwealth","Yauco Municipio",1,34,355,177,178
050,72,153,"Puerto Rico Commonwealth","Yauco Municipio",1,35,353,181,172
050,72,153,"Puerto Rico Commonwealth","Yauco Municipio",1,36,355,172,183
050,72,153,"Puerto Rico Commonwealth","Yauco Municipio",1,37,354,170,184
050,72,153,"Puerto Rico Commonwealth","Yauco Municipio",1,38,384,178,206
050,72,153,"Puerto Rico Commonwealth","Yauco Municipio",1,39,403,174,229
050,72,153,"Puerto Rico Commonwealth","Yauco Municipio",1,40,424,187,237
050,72,153,"Puerto Rico Commonwealth","Yauco Municipio",1,41,436,209,227
050,72,153,"Puerto Rico Commonwealth","Yauco Municipio",1,42,412,211,201
050,72,153,"Puerto Rico Commonwealth","Yauco Municipio",1,43,405,192,213
050,72,153,"Puerto Rico Commonwealth","Yauco Municipio",1,44,417,199,218
050,72,153,"Puerto Rico Commonwealth","Yauco Municipio",1,45,426,210,216
050,72,153,"Puerto Rico Commonwealth","Yauco Municipio",1,46,413,198,215
050,72,153,"Puerto Rico Commonwealth","Yauco Municipio",1,47,429,209,220
050,72,153,"Puerto Rico Commonwealth","Yauco Municipio",1,48,451,213,238
050,72,153,"Puerto Rico Commonwealth","Yauco Municipio",1,49,470,213,257
050,72,153,"Puerto Rico Commonwealth","Yauco Municipio",1,50,453,210,243
050,72,153,"Puerto Rico Commonwealth","Yauco Municipio",1,51,408,187,221
050,72,153,"Puerto Rico Commonwealth","Yauco Municipio",1,52,440,203,237
050,72,153,"Puerto Rico Commonwealth","Yauco Municipio",1,53,512,224,288
050,72,153,"Puerto Rico Commonwealth","Yauco Municipio",1,54,517,219,298
050,72,153,"Puerto Rico Commonwealth","Yauco Municipio",1,55,506,238,268
050,72,153,"Puerto Rico Commonwealth","Yauco Municipio",1,56,485,222,263
050,72,153,"Puerto Rico Commonwealth","Yauco Municipio",1,57,476,206,270
050,72,153,"Puerto Rico Commonwealth","Yauco Municipio",1,58,477,224,253
050,72,153,"Puerto Rico Commonwealth","Yauco Municipio",1,59,518,264,254
050,72,153,"Puerto Rico Commonwealth","Yauco Municipio",1,60,528,247,281
050,72,153,"Puerto Rico Commonwealth","Yauco Municipio",1,61,512,237,275
050,72,153,"Puerto Rico Commonwealth","Yauco Municipio",1,62,508,243,265
050,72,153,"Puerto Rico Commonwealth","Yauco Municipio",1,63,529,251,278
050,72,153,"Puerto Rico Commonwealth","Yauco Municipio",1,64,503,239,264
050,72,153,"Puerto Rico Commonwealth","Yauco Municipio",1,65,488,239,249
050,72,153,"Puerto Rico Commonwealth","Yauco Municipio",1,66,447,216,231
050,72,153,"Puerto Rico Commonwealth","Yauco Municipio",1,67,445,219,226
050,72,153,"Puerto Rico Commonwealth","Yauco Municipio",1,68,461,217,244
050,72,153,"Puerto Rico Commonwealth","Yauco Municipio",1,69,479,223,256
050,72,153,"Puerto Rico Commonwealth","Yauco Municipio",1,70,467,212,255
050,72,153,"Puerto Rico Commonwealth","Yauco Municipio",1,71,439,195,244
050,72,153,"Puerto Rico Commonwealth","Yauco Municipio",1,72,459,195,264
050,72,153,"Puerto Rico Commonwealth","Yauco Municipio",1,73,444,192,252
050,72,153,"Puerto Rico Commonwealth","Yauco Municipio",1,74,398,182,216
050,72,153,"Puerto Rico Commonwealth","Yauco Municipio",1,75,371,179,192
050,72,153,"Puerto Rico Commonwealth","Yauco Municipio",1,76,362,161,201
050,72,153,"Puerto Rico Commonwealth","Yauco Municipio",1,77,323,144,179
050,72,153,"Puerto Rico Commonwealth","Yauco Municipio",1,78,284,139,145
050,72,153,"Puerto Rico Commonwealth","Yauco Municipio",1,79,261,127,134
050,72,153,"Puerto Rico Commonwealth","Yauco Municipio",1,80,253,108,145
050,72,153,"Puerto Rico Commonwealth","Yauco Municipio",1,81,219,96,123
050,72,153,"Puerto Rico Commonwealth","Yauco Municipio",1,82,206,93,113
050,72,153,"Puerto Rico Commonwealth","Yauco Municipio",1,83,191,74,117
050,72,153,"Puerto Rico Commonwealth","Yauco Municipio",1,84,201,70,131
050,72,153,"Puerto Rico Commonwealth","Yauco Municipio",1,85,949,307,642
050,72,153,"Puerto Rico Commonwealth","Yauco Municipio",2,0,194,103,91
050,72,153,"Puerto Rico Commonwealth","Yauco Municipio",2,1,200,93,107
050,72,153,"Puerto Rico Commonwealth","Yauco Municipio",2,2,219,102,117
050,72,153,"Puerto Rico Commonwealth","Yauco Municipio",2,3,223,108,115
050,72,153,"Puerto Rico Commonwealth","Yauco Municipio",2,4,253,130,123
050,72,153,"Puerto Rico Commonwealth","Yauco Municipio",2,5,290,154,136
050,72,153,"Puerto Rico Commonwealth","Yauco Municipio",2,6,288,149,139
050,72,153,"Puerto Rico Commonwealth","Yauco Municipio",2,7,311,158,153
050,72,153,"Puerto Rico Commonwealth","Yauco Municipio",2,8,344,184,160
050,72,153,"Puerto Rico Commonwealth","Yauco Municipio",2,9,349,191,158
050,72,153,"Puerto Rico Commonwealth","Yauco Municipio",2,10,360,175,185
050,72,153,"Puerto Rico Commonwealth","Yauco Municipio",2,11,373,181,192
050,72,153,"Puerto Rico Commonwealth","Yauco Municipio",2,12,387,203,184
050,72,153,"Puerto Rico Commonwealth","Yauco Municipio",2,13,385,210,175
050,72,153,"Puerto Rico Commonwealth","Yauco Municipio",2,14,403,226,177
050,72,153,"Puerto Rico Commonwealth","Yauco Municipio",2,15,394,212,182
050,72,153,"Puerto Rico Commonwealth","Yauco Municipio",2,16,402,208,194
050,72,153,"Puerto Rico Commonwealth","Yauco Municipio",2,17,374,190,184
050,72,153,"Puerto Rico Commonwealth","Yauco Municipio",2,18,365,192,173
050,72,153,"Puerto Rico Commonwealth","Yauco Municipio",2,19,388,204,184
050,72,153,"Puerto Rico Commonwealth","Yauco Municipio",2,20,405,203,202
050,72,153,"Puerto Rico Commonwealth","Yauco Municipio",2,21,397,195,202
050,72,153,"Puerto Rico Commonwealth","Yauco Municipio",2,22,417,216,201
050,72,153,"Puerto Rico Commonwealth","Yauco Municipio",2,23,407,214,193
050,72,153,"Puerto Rico Commonwealth","Yauco Municipio",2,24,397,201,196
050,72,153,"Puerto Rico Commonwealth","Yauco Municipio",2,25,412,211,201
050,72,153,"Puerto Rico Commonwealth","Yauco Municipio",2,26,405,192,213
050,72,153,"Puerto Rico Commonwealth","Yauco Municipio",2,27,405,191,214
050,72,153,"Puerto Rico Commonwealth","Yauco Municipio",2,28,382,192,190
050,72,153,"Puerto Rico Commonwealth","Yauco Municipio",2,29,394,192,202
050,72,153,"Puerto Rico Commonwealth","Yauco Municipio",2,30,405,184,221
050,72,153,"Puerto Rico Commonwealth","Yauco Municipio",2,31,386,181,205
050,72,153,"Puerto Rico Commonwealth","Yauco Municipio",2,32,389,193,196
050,72,153,"Puerto Rico Commonwealth","Yauco Municipio",2,33,368,176,192
050,72,153,"Puerto Rico Commonwealth","Yauco Municipio",2,34,356,175,181
050,72,153,"Puerto Rico Commonwealth","Yauco Municipio",2,35,352,179,173
050,72,153,"Puerto Rico Commonwealth","Yauco Municipio",2,36,354,174,180
050,72,153,"Puerto Rico Commonwealth","Yauco Municipio",2,37,355,171,184
050,72,153,"Puerto Rico Commonwealth","Yauco Municipio",2,38,377,176,201
050,72,153,"Puerto Rico Commonwealth","Yauco Municipio",2,39,397,175,222
050,72,153,"Puerto Rico Commonwealth","Yauco Municipio",2,40,417,183,234
050,72,153,"Puerto Rico Commonwealth","Yauco Municipio",2,41,432,204,228
050,72,153,"Puerto Rico Commonwealth","Yauco Municipio",2,42,418,210,208
050,72,153,"Puerto Rico Commonwealth","Yauco Municipio",2,43,407,197,210
050,72,153,"Puerto Rico Commonwealth","Yauco Municipio",2,44,414,197,217
050,72,153,"Puerto Rico Commonwealth","Yauco Municipio",2,45,423,208,215
050,72,153,"Puerto Rico Commonwealth","Yauco Municipio",2,46,413,199,214
050,72,153,"Puerto Rico Commonwealth","Yauco Municipio",2,47,425,206,219
050,72,153,"Puerto Rico Commonwealth","Yauco Municipio",2,48,446,212,234
050,72,153,"Puerto Rico Commonwealth","Yauco Municipio",2,49,465,213,252
050,72,153,"Puerto Rico Commonwealth","Yauco Municipio",2,50,457,211,246
050,72,153,"Puerto Rico Commonwealth","Yauco Municipio",2,51,419,192,227
050,72,153,"Puerto Rico Commonwealth","Yauco Municipio",2,52,431,199,232
050,72,153,"Puerto Rico Commonwealth","Yauco Municipio",2,53,494,219,275
050,72,153,"Puerto Rico Commonwealth","Yauco Municipio",2,54,515,220,295
050,72,153,"Puerto Rico Commonwealth","Yauco Municipio",2,55,508,233,275
050,72,153,"Puerto Rico Commonwealth","Yauco Municipio",2,56,490,226,264
050,72,153,"Puerto Rico Commonwealth","Yauco Municipio",2,57,478,209,269
050,72,153,"Puerto Rico Commonwealth","Yauco Municipio",2,58,476,219,257
050,72,153,"Puerto Rico Commonwealth","Yauco Municipio",2,59,507,253,254
050,72,153,"Puerto Rico Commonwealth","Yauco Municipio",2,60,524,251,273
050,72,153,"Puerto Rico Commonwealth","Yauco Municipio",2,61,516,240,276
050,72,153,"Puerto Rico Commonwealth","Yauco Municipio",2,62,509,241,268
050,72,153,"Puerto Rico Commonwealth","Yauco Municipio",2,63,522,248,274
050,72,153,"Puerto Rico Commonwealth","Yauco Municipio",2,64,506,240,266
050,72,153,"Puerto Rico Commonwealth","Yauco Municipio",2,65,493,240,253
050,72,153,"Puerto Rico Commonwealth","Yauco Municipio",2,66,453,219,234
050,72,153,"Puerto Rico Commonwealth","Yauco Municipio",2,67,444,216,228
050,72,153,"Puerto Rico Commonwealth","Yauco Municipio",2,68,454,216,238
050,72,153,"Puerto Rico Commonwealth","Yauco Municipio",2,69,471,218,253
050,72,153,"Puerto Rico Commonwealth","Yauco Municipio",2,70,468,214,254
050,72,153,"Puerto Rico Commonwealth","Yauco Municipio",2,71,444,198,246
050,72,153,"Puerto Rico Commonwealth","Yauco Municipio",2,72,451,192,259
050,72,153,"Puerto Rico Commonwealth","Yauco Municipio",2,73,445,192,253
050,72,153,"Puerto Rico Commonwealth","Yauco Municipio",2,74,405,181,224
050,72,153,"Puerto Rico Commonwealth","Yauco Municipio",2,75,375,178,197
050,72,153,"Puerto Rico Commonwealth","Yauco Municipio",2,76,362,165,197
050,72,153,"Puerto Rico Commonwealth","Yauco Municipio",2,77,331,147,184
050,72,153,"Puerto Rico Commonwealth","Yauco Municipio",2,78,290,139,151
050,72,153,"Puerto Rico Commonwealth","Yauco Municipio",2,79,266,129,137
050,72,153,"Puerto Rico Commonwealth","Yauco Municipio",2,80,251,111,140
050,72,153,"Puerto Rico Commonwealth","Yauco Municipio",2,81,224,97,127
050,72,153,"Puerto Rico Commonwealth","Yauco Municipio",2,82,208,92,116
050,72,153,"Puerto Rico Commonwealth","Yauco Municipio",2,83,188,75,113
050,72,153,"Puerto Rico Commonwealth","Yauco Municipio",2,84,191,67,124
050,72,153,"Puerto Rico Commonwealth","Yauco Municipio",2,85,960,308,652
050,72,153,"Puerto Rico Commonwealth","Yauco Municipio",3,0,188,108,80
050,72,153,"Puerto Rico Commonwealth","Yauco Municipio",3,1,196,104,92
050,72,153,"Puerto Rico Commonwealth","Yauco Municipio",3,2,200,93,107
050,72,153,"Puerto Rico Commonwealth","Yauco Municipio",3,3,219,102,117
050,72,153,"Puerto Rico Commonwealth","Yauco Municipio",3,4,222,107,115
050,72,153,"Puerto Rico Commonwealth","Yauco Municipio",3,5,250,129,121
050,72,153,"Puerto Rico Commonwealth","Yauco Municipio",3,6,288,153,135
050,72,153,"Puerto Rico Commonwealth","Yauco Municipio",3,7,286,148,138
050,72,153,"Puerto Rico Commonwealth","Yauco Municipio",3,8,307,156,151
050,72,153,"Puerto Rico Commonwealth","Yauco Municipio",3,9,340,182,158
050,72,153,"Puerto Rico Commonwealth","Yauco Municipio",3,10,344,189,155
050,72,153,"Puerto Rico Commonwealth","Yauco Municipio",3,11,353,172,181
050,72,153,"Puerto Rico Commonwealth","Yauco Municipio",3,12,366,177,189
050,72,153,"Puerto Rico Commonwealth","Yauco Municipio",3,13,380,199,181
050,72,153,"Puerto Rico Commonwealth","Yauco Municipio",3,14,377,205,172
050,72,153,"Puerto Rico Commonwealth","Yauco Municipio",3,15,394,221,173
050,72,153,"Puerto Rico Commonwealth","Yauco Municipio",3,16,383,206,177
050,72,153,"Puerto Rico Commonwealth","Yauco Municipio",3,17,392,203,189
050,72,153,"Puerto Rico Commonwealth","Yauco Municipio",3,18,360,182,178
050,72,153,"Puerto Rico Commonwealth","Yauco Municipio",3,19,352,186,166
050,72,153,"Puerto Rico Commonwealth","Yauco Municipio",3,20,377,197,180
050,72,153,"Puerto Rico Commonwealth","Yauco Municipio",3,21,396,198,198
050,72,153,"Puerto Rico Commonwealth","Yauco Municipio",3,22,391,191,200
050,72,153,"Puerto Rico Commonwealth","Yauco Municipio",3,23,409,210,199
050,72,153,"Puerto Rico Commonwealth","Yauco Municipio",3,24,403,213,190
050,72,153,"Puerto Rico Commonwealth","Yauco Municipio",3,25,393,198,195
050,72,153,"Puerto Rico Commonwealth","Yauco Municipio",3,26,404,207,197
050,72,153,"Puerto Rico Commonwealth","Yauco Municipio",3,27,398,187,211
050,72,153,"Puerto Rico Commonwealth","Yauco Municipio",3,28,401,190,211
050,72,153,"Puerto Rico Commonwealth","Yauco Municipio",3,29,373,186,187
050,72,153,"Puerto Rico Commonwealth","Yauco Municipio",3,30,392,192,200
050,72,153,"Puerto Rico Commonwealth","Yauco Municipio",3,31,403,184,219
050,72,153,"Puerto Rico Commonwealth","Yauco Municipio",3,32,382,179,203
050,72,153,"Puerto Rico Commonwealth","Yauco Municipio",3,33,387,192,195
050,72,153,"Puerto Rico Commonwealth","Yauco Municipio",3,34,366,175,191
050,72,153,"Puerto Rico Commonwealth","Yauco Municipio",3,35,355,175,180
050,72,153,"Puerto Rico Commonwealth","Yauco Municipio",3,36,346,176,170
050,72,153,"Puerto Rico Commonwealth","Yauco Municipio",3,37,354,175,179
050,72,153,"Puerto Rico Commonwealth","Yauco Municipio",3,38,355,173,182
050,72,153,"Puerto Rico Commonwealth","Yauco Municipio",3,39,372,172,200
050,72,153,"Puerto Rico Commonwealth","Yauco Municipio",3,40,390,171,219
050,72,153,"Puerto Rico Commonwealth","Yauco Municipio",3,41,414,182,232
050,72,153,"Puerto Rico Commonwealth","Yauco Municipio",3,42,430,204,226
050,72,153,"Puerto Rico Commonwealth","Yauco Municipio",3,43,411,206,205
050,72,153,"Puerto Rico Commonwealth","Yauco Municipio",3,44,403,196,207
050,72,153,"Puerto Rico Commonwealth","Yauco Municipio",3,45,410,193,217
050,72,153,"Puerto Rico Commonwealth","Yauco Municipio",3,46,415,205,210
050,72,153,"Puerto Rico Commonwealth","Yauco Municipio",3,47,410,198,212
050,72,153,"Puerto Rico Commonwealth","Yauco Municipio",3,48,421,205,216
050,72,153,"Puerto Rico Commonwealth","Yauco Municipio",3,49,445,212,233
050,72,153,"Puerto Rico Commonwealth","Yauco Municipio",3,50,456,208,248
050,72,153,"Puerto Rico Commonwealth","Yauco Municipio",3,51,455,210,245
050,72,153,"Puerto Rico Commonwealth","Yauco Municipio",3,52,417,192,225
050,72,153,"Puerto Rico Commonwealth","Yauco Municipio",3,53,429,199,230
050,72,153,"Puerto Rico Commonwealth","Yauco Municipio",3,54,487,217,270
050,72,153,"Puerto Rico Commonwealth","Yauco Municipio",3,55,511,217,294
050,72,153,"Puerto Rico Commonwealth","Yauco Municipio",3,56,506,234,272
050,72,153,"Puerto Rico Commonwealth","Yauco Municipio",3,57,488,224,264
050,72,153,"Puerto Rico Commonwealth","Yauco Municipio",3,58,475,209,266
050,72,153,"Puerto Rico Commonwealth","Yauco Municipio",3,59,467,213,254
050,72,153,"Puerto Rico Commonwealth","Yauco Municipio",3,60,503,251,252
050,72,153,"Puerto Rico Commonwealth","Yauco Municipio",3,61,521,249,272
050,72,153,"Puerto Rico Commonwealth","Yauco Municipio",3,62,516,243,273
050,72,153,"Puerto Rico Commonwealth","Yauco Municipio",3,63,500,235,265
050,72,153,"Puerto Rico Commonwealth","Yauco Municipio",3,64,516,243,273
050,72,153,"Puerto Rico Commonwealth","Yauco Municipio",3,65,496,234,262
050,72,153,"Puerto Rico Commonwealth","Yauco Municipio",3,66,492,240,252
050,72,153,"Puerto Rico Commonwealth","Yauco Municipio",3,67,444,211,233
050,72,153,"Puerto Rico Commonwealth","Yauco Municipio",3,68,442,214,228
050,72,153,"Puerto Rico Commonwealth","Yauco Municipio",3,69,446,214,232
050,72,153,"Puerto Rico Commonwealth","Yauco Municipio",3,70,462,215,247
050,72,153,"Puerto Rico Commonwealth","Yauco Municipio",3,71,463,213,250
050,72,153,"Puerto Rico Commonwealth","Yauco Municipio",3,72,439,193,246
050,72,153,"Puerto Rico Commonwealth","Yauco Municipio",3,73,440,187,253
050,72,153,"Puerto Rico Commonwealth","Yauco Municipio",3,74,435,190,245
050,72,153,"Puerto Rico Commonwealth","Yauco Municipio",3,75,393,174,219
050,72,153,"Puerto Rico Commonwealth","Yauco Municipio",3,76,368,172,196
050,72,153,"Puerto Rico Commonwealth","Yauco Municipio",3,77,348,158,190
050,72,153,"Puerto Rico Commonwealth","Yauco Municipio",3,78,321,140,181
050,72,153,"Puerto Rico Commonwealth","Yauco Municipio",3,79,278,131,147
050,72,153,"Puerto Rico Commonwealth","Yauco Municipio",3,80,242,115,127
050,72,153,"Puerto Rico Commonwealth","Yauco Municipio",3,81,245,106,139
050,72,153,"Puerto Rico Commonwealth","Yauco Municipio",3,82,211,90,121
050,72,153,"Puerto Rico Commonwealth","Yauco Municipio",3,83,189,79,110
050,72,153,"Puerto Rico Commonwealth","Yauco Municipio",3,84,178,71,107
050,72,153,"Puerto Rico Commonwealth","Yauco Municipio",3,85,1021,318,703
050,72,153,"Puerto Rico Commonwealth","Yauco Municipio",4,0,188,108,80
050,72,153,"Puerto Rico Commonwealth","Yauco Municipio",4,1,185,106,79
050,72,153,"Puerto Rico Commonwealth","Yauco Municipio",4,2,193,103,90
050,72,153,"Puerto Rico Commonwealth","Yauco Municipio",4,3,196,91,105
050,72,153,"Puerto Rico Commonwealth","Yauco Municipio",4,4,215,100,115
050,72,153,"Puerto Rico Commonwealth","Yauco Municipio",4,5,218,105,113
050,72,153,"Puerto Rico Commonwealth","Yauco Municipio",4,6,244,126,118
050,72,153,"Puerto Rico Commonwealth","Yauco Municipio",4,7,282,150,132
050,72,153,"Puerto Rico Commonwealth","Yauco Municipio",4,8,280,145,135
050,72,153,"Puerto Rico Commonwealth","Yauco Municipio",4,9,299,152,147
050,72,153,"Puerto Rico Commonwealth","Yauco Municipio",4,10,332,178,154
050,72,153,"Puerto Rico Commonwealth","Yauco Municipio",4,11,334,184,150
050,72,153,"Puerto Rico Commonwealth","Yauco Municipio",4,12,343,167,176
050,72,153,"Puerto Rico Commonwealth","Yauco Municipio",4,13,355,171,184
050,72,153,"Puerto Rico Commonwealth","Yauco Municipio",4,14,368,192,176
050,72,153,"Puerto Rico Commonwealth","Yauco Municipio",4,15,363,196,167
050,72,153,"Puerto Rico Commonwealth","Yauco Municipio",4,16,380,213,167
050,72,153,"Puerto Rico Commonwealth","Yauco Municipio",4,17,368,198,170
050,72,153,"Puerto Rico Commonwealth","Yauco Municipio",4,18,374,193,181
050,72,153,"Puerto Rico Commonwealth","Yauco Municipio",4,19,342,172,170
050,72,153,"Puerto Rico Commonwealth","Yauco Municipio",4,20,337,176,161
050,72,153,"Puerto Rico Commonwealth","Yauco Municipio",4,21,362,189,173
050,72,153,"Puerto Rico Commonwealth","Yauco Municipio",4,22,387,193,194
050,72,153,"Puerto Rico Commonwealth","Yauco Municipio",4,23,376,180,196
050,72,153,"Puerto Rico Commonwealth","Yauco Municipio",4,24,398,204,194
050,72,153,"Puerto Rico Commonwealth","Yauco Municipio",4,25,396,209,187
050,72,153,"Puerto Rico Commonwealth","Yauco Municipio",4,26,381,191,190
050,72,153,"Puerto Rico Commonwealth","Yauco Municipio",4,27,394,201,193
050,72,153,"Puerto Rico Commonwealth","Yauco Municipio",4,28,387,182,205
050,72,153,"Puerto Rico Commonwealth","Yauco Municipio",4,29,386,179,207
050,72,153,"Puerto Rico Commonwealth","Yauco Municipio",4,30,365,182,183
050,72,153,"Puerto Rico Commonwealth","Yauco Municipio",4,31,384,189,195
050,72,153,"Puerto Rico Commonwealth","Yauco Municipio",4,32,392,177,215
050,72,153,"Puerto Rico Commonwealth","Yauco Municipio",4,33,371,171,200
050,72,153,"Puerto Rico Commonwealth","Yauco Municipio",4,34,378,187,191
050,72,153,"Puerto Rico Commonwealth","Yauco Municipio",4,35,361,174,187
050,72,153,"Puerto Rico Commonwealth","Yauco Municipio",4,36,347,170,177
050,72,153,"Puerto Rico Commonwealth","Yauco Municipio",4,37,339,172,167
050,72,153,"Puerto Rico Commonwealth","Yauco Municipio",4,38,352,176,176
050,72,153,"Puerto Rico Commonwealth","Yauco Municipio",4,39,346,167,179
050,72,153,"Puerto Rico Commonwealth","Yauco Municipio",4,40,362,167,195
050,72,153,"Puerto Rico Commonwealth","Yauco Municipio",4,41,386,171,215
050,72,153,"Puerto Rico Commonwealth","Yauco Municipio",4,42,407,180,227
050,72,153,"Puerto Rico Commonwealth","Yauco Municipio",4,43,422,199,223
050,72,153,"Puerto Rico Commonwealth","Yauco Municipio",4,44,404,203,201
050,72,153,"Puerto Rico Commonwealth","Yauco Municipio",4,45,398,193,205
050,72,153,"Puerto Rico Commonwealth","Yauco Municipio",4,46,401,189,212
050,72,153,"Puerto Rico Commonwealth","Yauco Municipio",4,47,410,202,208
050,72,153,"Puerto Rico Commonwealth","Yauco Municipio",4,48,398,191,207
050,72,153,"Puerto Rico Commonwealth","Yauco Municipio",4,49,418,204,214
050,72,153,"Puerto Rico Commonwealth","Yauco Municipio",4,50,434,205,229
050,72,153,"Puerto Rico Commonwealth","Yauco Municipio",4,51,449,203,246
050,72,153,"Puerto Rico Commonwealth","Yauco Municipio",4,52,451,209,242
050,72,153,"Puerto Rico Commonwealth","Yauco Municipio",4,53,414,192,222
050,72,153,"Puerto Rico Commonwealth","Yauco Municipio",4,54,420,194,226
050,72,153,"Puerto Rico Commonwealth","Yauco Municipio",4,55,479,212,267
050,72,153,"Puerto Rico Commonwealth","Yauco Municipio",4,56,504,215,289
050,72,153,"Puerto Rico Commonwealth","Yauco Municipio",4,57,501,230,271
050,72,153,"Puerto Rico Commonwealth","Yauco Municipio",4,58,487,226,261
050,72,153,"Puerto Rico Commonwealth","Yauco Municipio",4,59,463,202,261
050,72,153,"Puerto Rico Commonwealth","Yauco Municipio",4,60,460,209,251
050,72,153,"Puerto Rico Commonwealth","Yauco Municipio",4,61,499,251,248
050,72,153,"Puerto Rico Commonwealth","Yauco Municipio",4,62,516,247,269
050,72,153,"Puerto Rico Commonwealth","Yauco Municipio",4,63,502,234,268
050,72,153,"Puerto Rico Commonwealth","Yauco Municipio",4,64,495,231,264
050,72,153,"Puerto Rico Commonwealth","Yauco Municipio",4,65,509,240,269
050,72,153,"Puerto Rico Commonwealth","Yauco Municipio",4,66,493,235,258
050,72,153,"Puerto Rico Commonwealth","Yauco Municipio",4,67,482,233,249
050,72,153,"Puerto Rico Commonwealth","Yauco Municipio",4,68,431,203,228
050,72,153,"Puerto Rico Commonwealth","Yauco Municipio",4,69,436,213,223
050,72,153,"Puerto Rico Commonwealth","Yauco Municipio",4,70,435,208,227
050,72,153,"Puerto Rico Commonwealth","Yauco Municipio",4,71,452,210,242
050,72,153,"Puerto Rico Commonwealth","Yauco Municipio",4,72,454,208,246
050,72,153,"Puerto Rico Commonwealth","Yauco Municipio",4,73,430,192,238
050,72,153,"Puerto Rico Commonwealth","Yauco Municipio",4,74,428,182,246
050,72,153,"Puerto Rico Commonwealth","Yauco Municipio",4,75,425,185,240
050,72,153,"Puerto Rico Commonwealth","Yauco Municipio",4,76,383,164,219
050,72,153,"Puerto Rico Commonwealth","Yauco Municipio",4,77,347,163,184
050,72,153,"Puerto Rico Commonwealth","Yauco Municipio",4,78,331,147,184
050,72,153,"Puerto Rico Commonwealth","Yauco Municipio",4,79,309,134,175
050,72,153,"Puerto Rico Commonwealth","Yauco Municipio",4,80,260,122,138
050,72,153,"Puerto Rico Commonwealth","Yauco Municipio",4,81,232,113,119
050,72,153,"Puerto Rico Commonwealth","Yauco Municipio",4,82,228,96,132
050,72,153,"Puerto Rico Commonwealth","Yauco Municipio",4,83,188,75,113
050,72,153,"Puerto Rico Commonwealth","Yauco Municipio",4,84,181,76,105
050,72,153,"Puerto Rico Commonwealth","Yauco Municipio",4,85,1069,333,736
050,72,153,"Puerto Rico Commonwealth","Yauco Municipio",5,0,170,91,79
050,72,153,"Puerto Rico Commonwealth","Yauco Municipio",5,1,190,109,81
050,72,153,"Puerto Rico Commonwealth","Yauco Municipio",5,2,186,107,79
050,72,153,"Puerto Rico Commonwealth","Yauco Municipio",5,3,193,103,90
050,72,153,"Puerto Rico Commonwealth","Yauco Municipio",5,4,196,91,105
050,72,153,"Puerto Rico Commonwealth","Yauco Municipio",5,5,215,100,115
050,72,153,"Puerto Rico Commonwealth","Yauco Municipio",5,6,217,104,113
050,72,153,"Puerto Rico Commonwealth","Yauco Municipio",5,7,242,125,117
050,72,153,"Puerto Rico Commonwealth","Yauco Municipio",5,8,281,150,131
050,72,153,"Puerto Rico Commonwealth","Yauco Municipio",5,9,278,144,134
050,72,153,"Puerto Rico Commonwealth","Yauco Municipio",5,10,295,150,145
050,72,153,"Puerto Rico Commonwealth","Yauco Municipio",5,11,328,176,152
050,72,153,"Puerto Rico Commonwealth","Yauco Municipio",5,12,329,182,147
050,72,153,"Puerto Rico Commonwealth","Yauco Municipio",5,13,337,164,173
050,72,153,"Puerto Rico Commonwealth","Yauco Municipio",5,14,348,167,181
050,72,153,"Puerto Rico Commonwealth","Yauco Municipio",5,15,361,188,173
050,72,153,"Puerto Rico Commonwealth","Yauco Municipio",5,16,355,191,164
050,72,153,"Puerto Rico Commonwealth","Yauco Municipio",5,17,372,209,163
050,72,153,"Puerto Rico Commonwealth","Yauco Municipio",5,18,354,190,164
050,72,153,"Puerto Rico Commonwealth","Yauco Municipio",5,19,363,188,175
050,72,153,"Puerto Rico Commonwealth","Yauco Municipio",5,20,333,165,168
050,72,153,"Puerto Rico Commonwealth","Yauco Municipio",5,21,328,170,158
050,72,153,"Puerto Rico Commonwealth","Yauco Municipio",5,22,358,187,171
050,72,153,"Puerto Rico Commonwealth","Yauco Municipio",5,23,378,186,192
050,72,153,"Puerto Rico Commonwealth","Yauco Municipio",5,24,371,177,194
050,72,153,"Puerto Rico Commonwealth","Yauco Municipio",5,25,395,201,194
050,72,153,"Puerto Rico Commonwealth","Yauco Municipio",5,26,389,205,184
050,72,153,"Puerto Rico Commonwealth","Yauco Municipio",5,27,376,187,189
050,72,153,"Puerto Rico Commonwealth","Yauco Municipio",5,28,391,202,189
050,72,153,"Puerto Rico Commonwealth","Yauco Municipio",5,29,379,176,203
050,72,153,"Puerto Rico Commonwealth","Yauco Municipio",5,30,385,179,206
050,72,153,"Puerto Rico Commonwealth","Yauco Municipio",5,31,363,182,181
050,72,153,"Puerto Rico Commonwealth","Yauco Municipio",5,32,381,188,193
050,72,153,"Puerto Rico Commonwealth","Yauco Municipio",5,33,387,173,214
050,72,153,"Puerto Rico Commonwealth","Yauco Municipio",5,34,368,169,199
050,72,153,"Puerto Rico Commonwealth","Yauco Municipio",5,35,379,190,189
050,72,153,"Puerto Rico Commonwealth","Yauco Municipio",5,36,357,171,186
050,72,153,"Puerto Rico Commonwealth","Yauco Municipio",5,37,344,169,175
050,72,153,"Puerto Rico Commonwealth","Yauco Municipio",5,38,338,172,166
050,72,153,"Puerto Rico Commonwealth","Yauco Municipio",5,39,347,171,176
050,72,153,"Puerto Rico Commonwealth","Yauco Municipio",5,40,340,164,176
050,72,153,"Puerto Rico Commonwealth","Yauco Municipio",5,41,361,168,193
050,72,153,"Puerto Rico Commonwealth","Yauco Municipio",5,42,384,171,213
050,72,153,"Puerto Rico Commonwealth","Yauco Municipio",5,43,401,176,225
050,72,153,"Puerto Rico Commonwealth","Yauco Municipio",5,44,420,198,222
050,72,153,"Puerto Rico Commonwealth","Yauco Municipio",5,45,405,203,202
050,72,153,"Puerto Rico Commonwealth","Yauco Municipio",5,46,392,191,201
050,72,153,"Puerto Rico Commonwealth","Yauco Municipio",5,47,401,189,212
050,72,153,"Puerto Rico Commonwealth","Yauco Municipio",5,48,406,200,206
050,72,153,"Puerto Rico Commonwealth","Yauco Municipio",5,49,400,192,208
050,72,153,"Puerto Rico Commonwealth","Yauco Municipio",5,50,410,199,211
050,72,153,"Puerto Rico Commonwealth","Yauco Municipio",5,51,431,202,229
050,72,153,"Puerto Rico Commonwealth","Yauco Municipio",5,52,446,202,244
050,72,153,"Puerto Rico Commonwealth","Yauco Municipio",5,53,449,209,240
050,72,153,"Puerto Rico Commonwealth","Yauco Municipio",5,54,410,191,219
050,72,153,"Puerto Rico Commonwealth","Yauco Municipio",5,55,414,190,224
050,72,153,"Puerto Rico Commonwealth","Yauco Municipio",5,56,474,210,264
050,72,153,"Puerto Rico Commonwealth","Yauco Municipio",5,57,500,212,288
050,72,153,"Puerto Rico Commonwealth","Yauco Municipio",5,58,498,230,268
050,72,153,"Puerto Rico Commonwealth","Yauco Municipio",5,59,477,221,256
050,72,153,"Puerto Rico Commonwealth","Yauco Municipio",5,60,456,198,258
050,72,153,"Puerto Rico Commonwealth","Yauco Municipio",5,61,459,208,251
050,72,153,"Puerto Rico Commonwealth","Yauco Municipio",5,62,501,254,247
050,72,153,"Puerto Rico Commonwealth","Yauco Municipio",5,63,499,236,263
050,72,153,"Puerto Rico Commonwealth","Yauco Municipio",5,64,494,228,266
050,72,153,"Puerto Rico Commonwealth","Yauco Municipio",5,65,489,226,263
050,72,153,"Puerto Rico Commonwealth","Yauco Municipio",5,66,505,238,267
050,72,153,"Puerto Rico Commonwealth","Yauco Municipio",5,67,486,228,258
050,72,153,"Puerto Rico Commonwealth","Yauco Municipio",5,68,477,229,248
050,72,153,"Puerto Rico Commonwealth","Yauco Municipio",5,69,418,196,222
050,72,153,"Puerto Rico Commonwealth","Yauco Municipio",5,70,427,208,219
050,72,153,"Puerto Rico Commonwealth","Yauco Municipio",5,71,425,204,221
050,72,153,"Puerto Rico Commonwealth","Yauco Municipio",5,72,444,202,242
050,72,153,"Puerto Rico Commonwealth","Yauco Municipio",5,73,436,199,237
050,72,153,"Puerto Rico Commonwealth","Yauco Municipio",5,74,422,188,234
050,72,153,"Puerto Rico Commonwealth","Yauco Municipio",5,75,422,180,242
050,72,153,"Puerto Rico Commonwealth","Yauco Municipio",5,76,413,175,238
050,72,153,"Puerto Rico Commonwealth","Yauco Municipio",5,77,365,158,207
050,72,153,"Puerto Rico Commonwealth","Yauco Municipio",5,78,331,150,181
050,72,153,"Puerto Rico Commonwealth","Yauco Municipio",5,79,320,141,179
050,72,153,"Puerto Rico Commonwealth","Yauco Municipio",5,80,285,123,162
050,72,153,"Puerto Rico Commonwealth","Yauco Municipio",5,81,246,117,129
050,72,153,"Puerto Rico Commonwealth","Yauco Municipio",5,82,216,103,113
050,72,153,"Puerto Rico Commonwealth","Yauco Municipio",5,83,201,79,122
050,72,153,"Puerto Rico Commonwealth","Yauco Municipio",5,84,183,72,111
050,72,153,"Puerto Rico Commonwealth","Yauco Municipio",5,85,1110,334,776

