"SUMLEV","STATE","COUNTY","STNAME","CTYNAME","YEAR","AGE","TOT_POP","TOT_MALE","TOT_FEMALE"
050,55,001,"Wisconsin","Adams County",1,0,131,67,64
050,55,001,"Wisconsin","Adams County",1,1,123,68,55
050,55,001,"Wisconsin","Adams County",1,2,128,73,55
050,55,001,"Wisconsin","Adams County",1,3,146,80,66
050,55,001,"Wisconsin","Adams County",1,4,143,79,64
050,55,001,"Wisconsin","Adams County",1,5,151,76,75
050,55,001,"Wisconsin","Adams County",1,6,153,70,83
050,55,001,"Wisconsin","Adams County",1,7,151,74,77
050,55,001,"Wisconsin","Adams County",1,8,160,77,83
050,55,001,"Wisconsin","Adams County",1,9,132,69,63
050,55,001,"Wisconsin","Adams County",1,10,171,86,85
050,55,001,"Wisconsin","Adams County",1,11,182,89,93
050,55,001,"Wisconsin","Adams County",1,12,181,100,81
050,55,001,"Wisconsin","Adams County",1,13,201,112,89
050,55,001,"Wisconsin","Adams County",1,14,182,93,89
050,55,001,"Wisconsin","Adams County",1,15,192,91,101
050,55,001,"Wisconsin","Adams County",1,16,198,90,108
050,55,001,"Wisconsin","Adams County",1,17,166,83,83
050,55,001,"Wisconsin","Adams County",1,18,161,93,68
050,55,001,"Wisconsin","Adams County",1,19,149,88,61
050,55,001,"Wisconsin","Adams County",1,20,137,81,56
050,55,001,"Wisconsin","Adams County",1,21,163,91,72
050,55,001,"Wisconsin","Adams County",1,22,154,90,64
050,55,001,"Wisconsin","Adams County",1,23,166,92,74
050,55,001,"Wisconsin","Adams County",1,24,169,99,70
050,55,001,"Wisconsin","Adams County",1,25,164,95,69
050,55,001,"Wisconsin","Adams County",1,26,187,115,72
050,55,001,"Wisconsin","Adams County",1,27,198,128,70
050,55,001,"Wisconsin","Adams County",1,28,206,123,83
050,55,001,"Wisconsin","Adams County",1,29,187,118,69
050,55,001,"Wisconsin","Adams County",1,30,207,128,79
050,55,001,"Wisconsin","Adams County",1,31,209,133,76
050,55,001,"Wisconsin","Adams County",1,32,198,125,73
050,55,001,"Wisconsin","Adams County",1,33,199,128,71
050,55,001,"Wisconsin","Adams County",1,34,205,133,72
050,55,001,"Wisconsin","Adams County",1,35,204,128,76
050,55,001,"Wisconsin","Adams County",1,36,194,115,79
050,55,001,"Wisconsin","Adams County",1,37,201,127,74
050,55,001,"Wisconsin","Adams County",1,38,205,116,89
050,55,001,"Wisconsin","Adams County",1,39,217,126,91
050,55,001,"Wisconsin","Adams County",1,40,215,124,91
050,55,001,"Wisconsin","Adams County",1,41,191,113,78
050,55,001,"Wisconsin","Adams County",1,42,200,127,73
050,55,001,"Wisconsin","Adams County",1,43,180,106,74
050,55,001,"Wisconsin","Adams County",1,44,189,109,80
050,55,001,"Wisconsin","Adams County",1,45,227,131,96
050,55,001,"Wisconsin","Adams County",1,46,213,120,93
050,55,001,"Wisconsin","Adams County",1,47,206,110,96
050,55,001,"Wisconsin","Adams County",1,48,207,121,86
050,55,001,"Wisconsin","Adams County",1,49,252,130,122
050,55,001,"Wisconsin","Adams County",1,50,243,132,111
050,55,001,"Wisconsin","Adams County",1,51,237,117,120
050,55,001,"Wisconsin","Adams County",1,52,255,138,117
050,55,001,"Wisconsin","Adams County",1,53,289,150,139
050,55,001,"Wisconsin","Adams County",1,54,295,156,139
050,55,001,"Wisconsin","Adams County",1,55,321,158,163
050,55,001,"Wisconsin","Adams County",1,56,343,179,164
050,55,001,"Wisconsin","Adams County",1,57,387,192,195
050,55,001,"Wisconsin","Adams County",1,58,426,219,207
050,55,001,"Wisconsin","Adams County",1,59,415,221,194
050,55,001,"Wisconsin","Adams County",1,60,423,221,202
050,55,001,"Wisconsin","Adams County",1,61,401,191,210
050,55,001,"Wisconsin","Adams County",1,62,432,223,209
050,55,001,"Wisconsin","Adams County",1,63,445,247,198
050,55,001,"Wisconsin","Adams County",1,64,456,249,207
050,55,001,"Wisconsin","Adams County",1,65,451,250,201
050,55,001,"Wisconsin","Adams County",1,66,453,240,213
050,55,001,"Wisconsin","Adams County",1,67,459,243,216
050,55,001,"Wisconsin","Adams County",1,68,408,217,191
050,55,001,"Wisconsin","Adams County",1,69,385,192,193
050,55,001,"Wisconsin","Adams County",1,70,367,175,192
050,55,001,"Wisconsin","Adams County",1,71,357,195,162
050,55,001,"Wisconsin","Adams County",1,72,343,186,157
050,55,001,"Wisconsin","Adams County",1,73,358,187,171
050,55,001,"Wisconsin","Adams County",1,74,242,125,117
050,55,001,"Wisconsin","Adams County",1,75,262,142,120
050,55,001,"Wisconsin","Adams County",1,76,267,132,135
050,55,001,"Wisconsin","Adams County",1,77,251,122,129
050,55,001,"Wisconsin","Adams County",1,78,229,117,112
050,55,001,"Wisconsin","Adams County",1,79,193,96,97
050,55,001,"Wisconsin","Adams County",1,80,181,111,70
050,55,001,"Wisconsin","Adams County",1,81,167,98,69
050,55,001,"Wisconsin","Adams County",1,82,152,78,74
050,55,001,"Wisconsin","Adams County",1,83,129,64,65
050,55,001,"Wisconsin","Adams County",1,84,104,49,55
050,55,001,"Wisconsin","Adams County",1,85,470,193,277
050,55,001,"Wisconsin","Adams County",2,0,135,71,64
050,55,001,"Wisconsin","Adams County",2,1,128,71,57
050,55,001,"Wisconsin","Adams County",2,2,126,71,55
050,55,001,"Wisconsin","Adams County",2,3,139,78,61
050,55,001,"Wisconsin","Adams County",2,4,144,80,64
050,55,001,"Wisconsin","Adams County",2,5,150,77,73
050,55,001,"Wisconsin","Adams County",2,6,153,73,80
050,55,001,"Wisconsin","Adams County",2,7,152,73,79
050,55,001,"Wisconsin","Adams County",2,8,157,77,80
050,55,001,"Wisconsin","Adams County",2,9,141,71,70
050,55,001,"Wisconsin","Adams County",2,10,162,82,80
050,55,001,"Wisconsin","Adams County",2,11,180,90,90
050,55,001,"Wisconsin","Adams County",2,12,183,99,84
050,55,001,"Wisconsin","Adams County",2,13,195,108,87
050,55,001,"Wisconsin","Adams County",2,14,184,97,87
050,55,001,"Wisconsin","Adams County",2,15,188,91,97
050,55,001,"Wisconsin","Adams County",2,16,196,90,106
050,55,001,"Wisconsin","Adams County",2,17,173,84,89
050,55,001,"Wisconsin","Adams County",2,18,157,89,68
050,55,001,"Wisconsin","Adams County",2,19,145,87,58
050,55,001,"Wisconsin","Adams County",2,20,144,85,59
050,55,001,"Wisconsin","Adams County",2,21,160,90,70
050,55,001,"Wisconsin","Adams County",2,22,158,92,66
050,55,001,"Wisconsin","Adams County",2,23,164,91,73
050,55,001,"Wisconsin","Adams County",2,24,167,96,71
050,55,001,"Wisconsin","Adams County",2,25,170,100,70
050,55,001,"Wisconsin","Adams County",2,26,186,114,72
050,55,001,"Wisconsin","Adams County",2,27,195,125,70
050,55,001,"Wisconsin","Adams County",2,28,206,127,79
050,55,001,"Wisconsin","Adams County",2,29,192,118,74
050,55,001,"Wisconsin","Adams County",2,30,204,127,77
050,55,001,"Wisconsin","Adams County",2,31,211,134,77
050,55,001,"Wisconsin","Adams County",2,32,203,129,74
050,55,001,"Wisconsin","Adams County",2,33,199,126,73
050,55,001,"Wisconsin","Adams County",2,34,207,135,72
050,55,001,"Wisconsin","Adams County",2,35,206,131,75
050,55,001,"Wisconsin","Adams County",2,36,188,111,77
050,55,001,"Wisconsin","Adams County",2,37,204,128,76
050,55,001,"Wisconsin","Adams County",2,38,207,119,88
050,55,001,"Wisconsin","Adams County",2,39,216,126,90
050,55,001,"Wisconsin","Adams County",2,40,218,127,91
050,55,001,"Wisconsin","Adams County",2,41,200,117,83
050,55,001,"Wisconsin","Adams County",2,42,198,125,73
050,55,001,"Wisconsin","Adams County",2,43,185,110,75
050,55,001,"Wisconsin","Adams County",2,44,186,109,77
050,55,001,"Wisconsin","Adams County",2,45,219,127,92
050,55,001,"Wisconsin","Adams County",2,46,217,122,95
050,55,001,"Wisconsin","Adams County",2,47,206,109,97
050,55,001,"Wisconsin","Adams County",2,48,209,120,89
050,55,001,"Wisconsin","Adams County",2,49,246,129,117
050,55,001,"Wisconsin","Adams County",2,50,243,133,110
050,55,001,"Wisconsin","Adams County",2,51,235,118,117
050,55,001,"Wisconsin","Adams County",2,52,254,134,120
050,55,001,"Wisconsin","Adams County",2,53,282,147,135
050,55,001,"Wisconsin","Adams County",2,54,296,155,141
050,55,001,"Wisconsin","Adams County",2,55,315,160,155
050,55,001,"Wisconsin","Adams County",2,56,339,174,165
050,55,001,"Wisconsin","Adams County",2,57,385,193,192
050,55,001,"Wisconsin","Adams County",2,58,418,213,205
050,55,001,"Wisconsin","Adams County",2,59,420,222,198
050,55,001,"Wisconsin","Adams County",2,60,425,224,201
050,55,001,"Wisconsin","Adams County",2,61,406,199,207
050,55,001,"Wisconsin","Adams County",2,62,428,215,213
050,55,001,"Wisconsin","Adams County",2,63,451,248,203
050,55,001,"Wisconsin","Adams County",2,64,451,246,205
050,55,001,"Wisconsin","Adams County",2,65,454,251,203
050,55,001,"Wisconsin","Adams County",2,66,459,247,212
050,55,001,"Wisconsin","Adams County",2,67,459,245,214
050,55,001,"Wisconsin","Adams County",2,68,415,221,194
050,55,001,"Wisconsin","Adams County",2,69,393,200,193
050,55,001,"Wisconsin","Adams County",2,70,366,177,189
050,55,001,"Wisconsin","Adams County",2,71,354,185,169
050,55,001,"Wisconsin","Adams County",2,72,339,183,156
050,55,001,"Wisconsin","Adams County",2,73,369,193,176
050,55,001,"Wisconsin","Adams County",2,74,252,130,122
050,55,001,"Wisconsin","Adams County",2,75,257,139,118
050,55,001,"Wisconsin","Adams County",2,76,260,131,129
050,55,001,"Wisconsin","Adams County",2,77,260,127,133
050,55,001,"Wisconsin","Adams County",2,78,226,114,112
050,55,001,"Wisconsin","Adams County",2,79,198,99,99
050,55,001,"Wisconsin","Adams County",2,80,179,105,74
050,55,001,"Wisconsin","Adams County",2,81,168,99,69
050,55,001,"Wisconsin","Adams County",2,82,151,80,71
050,55,001,"Wisconsin","Adams County",2,83,131,64,67
050,55,001,"Wisconsin","Adams County",2,84,106,50,56
050,55,001,"Wisconsin","Adams County",2,85,474,194,280
050,55,001,"Wisconsin","Adams County",3,0,108,51,57
050,55,001,"Wisconsin","Adams County",3,1,139,67,72
050,55,001,"Wisconsin","Adams County",3,2,113,63,50
050,55,001,"Wisconsin","Adams County",3,3,117,66,51
050,55,001,"Wisconsin","Adams County",3,4,153,87,66
050,55,001,"Wisconsin","Adams County",3,5,148,82,66
050,55,001,"Wisconsin","Adams County",3,6,146,71,75
050,55,001,"Wisconsin","Adams County",3,7,153,74,79
050,55,001,"Wisconsin","Adams County",3,8,155,73,82
050,55,001,"Wisconsin","Adams County",3,9,150,68,82
050,55,001,"Wisconsin","Adams County",3,10,144,79,65
050,55,001,"Wisconsin","Adams County",3,11,152,78,74
050,55,001,"Wisconsin","Adams County",3,12,187,95,92
050,55,001,"Wisconsin","Adams County",3,13,192,97,95
050,55,001,"Wisconsin","Adams County",3,14,200,103,97
050,55,001,"Wisconsin","Adams County",3,15,186,97,89
050,55,001,"Wisconsin","Adams County",3,16,193,93,100
050,55,001,"Wisconsin","Adams County",3,17,197,90,107
050,55,001,"Wisconsin","Adams County",3,18,154,76,78
050,55,001,"Wisconsin","Adams County",3,19,131,78,53
050,55,001,"Wisconsin","Adams County",3,20,153,85,68
050,55,001,"Wisconsin","Adams County",3,21,169,103,66
050,55,001,"Wisconsin","Adams County",3,22,172,102,70
050,55,001,"Wisconsin","Adams County",3,23,175,93,82
050,55,001,"Wisconsin","Adams County",3,24,149,86,63
050,55,001,"Wisconsin","Adams County",3,25,172,99,73
050,55,001,"Wisconsin","Adams County",3,26,173,94,79
050,55,001,"Wisconsin","Adams County",3,27,197,123,74
050,55,001,"Wisconsin","Adams County",3,28,205,134,71
050,55,001,"Wisconsin","Adams County",3,29,202,123,79
050,55,001,"Wisconsin","Adams County",3,30,187,115,72
050,55,001,"Wisconsin","Adams County",3,31,204,131,73
050,55,001,"Wisconsin","Adams County",3,32,200,123,77
050,55,001,"Wisconsin","Adams County",3,33,184,112,72
050,55,001,"Wisconsin","Adams County",3,34,204,130,74
050,55,001,"Wisconsin","Adams County",3,35,204,130,74
050,55,001,"Wisconsin","Adams County",3,36,173,100,73
050,55,001,"Wisconsin","Adams County",3,37,215,130,85
050,55,001,"Wisconsin","Adams County",3,38,204,120,84
050,55,001,"Wisconsin","Adams County",3,39,214,131,83
050,55,001,"Wisconsin","Adams County",3,40,213,120,93
050,55,001,"Wisconsin","Adams County",3,41,225,127,98
050,55,001,"Wisconsin","Adams County",3,42,207,125,82
050,55,001,"Wisconsin","Adams County",3,43,193,115,78
050,55,001,"Wisconsin","Adams County",3,44,179,108,71
050,55,001,"Wisconsin","Adams County",3,45,187,108,79
050,55,001,"Wisconsin","Adams County",3,46,217,127,90
050,55,001,"Wisconsin","Adams County",3,47,209,112,97
050,55,001,"Wisconsin","Adams County",3,48,217,116,101
050,55,001,"Wisconsin","Adams County",3,49,221,120,101
050,55,001,"Wisconsin","Adams County",3,50,249,140,109
050,55,001,"Wisconsin","Adams County",3,51,238,121,117
050,55,001,"Wisconsin","Adams County",3,52,250,127,123
050,55,001,"Wisconsin","Adams County",3,53,257,130,127
050,55,001,"Wisconsin","Adams County",3,54,293,154,139
050,55,001,"Wisconsin","Adams County",3,55,300,162,138
050,55,001,"Wisconsin","Adams County",3,56,337,173,164
050,55,001,"Wisconsin","Adams County",3,57,369,188,181
050,55,001,"Wisconsin","Adams County",3,58,409,214,195
050,55,001,"Wisconsin","Adams County",3,59,428,221,207
050,55,001,"Wisconsin","Adams County",3,60,460,246,214
050,55,001,"Wisconsin","Adams County",3,61,433,223,210
050,55,001,"Wisconsin","Adams County",3,62,439,214,225
050,55,001,"Wisconsin","Adams County",3,63,436,227,209
050,55,001,"Wisconsin","Adams County",3,64,480,269,211
050,55,001,"Wisconsin","Adams County",3,65,455,248,207
050,55,001,"Wisconsin","Adams County",3,66,464,257,207
050,55,001,"Wisconsin","Adams County",3,67,466,256,210
050,55,001,"Wisconsin","Adams County",3,68,454,238,216
050,55,001,"Wisconsin","Adams County",3,69,414,226,188
050,55,001,"Wisconsin","Adams County",3,70,388,197,191
050,55,001,"Wisconsin","Adams County",3,71,362,170,192
050,55,001,"Wisconsin","Adams County",3,72,352,188,164
050,55,001,"Wisconsin","Adams County",3,73,327,181,146
050,55,001,"Wisconsin","Adams County",3,74,357,183,174
050,55,001,"Wisconsin","Adams County",3,75,245,129,116
050,55,001,"Wisconsin","Adams County",3,76,240,126,114
050,55,001,"Wisconsin","Adams County",3,77,249,125,124
050,55,001,"Wisconsin","Adams County",3,78,248,123,125
050,55,001,"Wisconsin","Adams County",3,79,225,113,112
050,55,001,"Wisconsin","Adams County",3,80,183,92,91
050,55,001,"Wisconsin","Adams County",3,81,172,101,71
050,55,001,"Wisconsin","Adams County",3,82,152,87,65
050,55,001,"Wisconsin","Adams County",3,83,140,71,69
050,55,001,"Wisconsin","Adams County",3,84,121,62,59
050,55,001,"Wisconsin","Adams County",3,85,503,210,293
050,55,001,"Wisconsin","Adams County",4,0,122,63,59
050,55,001,"Wisconsin","Adams County",4,1,109,60,49
050,55,001,"Wisconsin","Adams County",4,2,147,74,73
050,55,001,"Wisconsin","Adams County",4,3,124,64,60
050,55,001,"Wisconsin","Adams County",4,4,129,72,57
050,55,001,"Wisconsin","Adams County",4,5,153,82,71
050,55,001,"Wisconsin","Adams County",4,6,143,75,68
050,55,001,"Wisconsin","Adams County",4,7,156,80,76
050,55,001,"Wisconsin","Adams County",4,8,158,75,83
050,55,001,"Wisconsin","Adams County",4,9,152,73,79
050,55,001,"Wisconsin","Adams County",4,10,153,72,81
050,55,001,"Wisconsin","Adams County",4,11,135,71,64
050,55,001,"Wisconsin","Adams County",4,12,166,88,78
050,55,001,"Wisconsin","Adams County",4,13,186,95,91
050,55,001,"Wisconsin","Adams County",4,14,192,95,97
050,55,001,"Wisconsin","Adams County",4,15,200,110,90
050,55,001,"Wisconsin","Adams County",4,16,188,97,91
050,55,001,"Wisconsin","Adams County",4,17,199,101,98
050,55,001,"Wisconsin","Adams County",4,18,165,82,83
050,55,001,"Wisconsin","Adams County",4,19,131,72,59
050,55,001,"Wisconsin","Adams County",4,20,125,73,52
050,55,001,"Wisconsin","Adams County",4,21,170,97,73
050,55,001,"Wisconsin","Adams County",4,22,182,115,67
050,55,001,"Wisconsin","Adams County",4,23,183,105,78
050,55,001,"Wisconsin","Adams County",4,24,172,94,78
050,55,001,"Wisconsin","Adams County",4,25,150,91,59
050,55,001,"Wisconsin","Adams County",4,26,192,113,79
050,55,001,"Wisconsin","Adams County",4,27,184,105,79
050,55,001,"Wisconsin","Adams County",4,28,215,135,80
050,55,001,"Wisconsin","Adams County",4,29,203,138,65
050,55,001,"Wisconsin","Adams County",4,30,210,134,76
050,55,001,"Wisconsin","Adams County",4,31,212,133,79
050,55,001,"Wisconsin","Adams County",4,32,203,131,72
050,55,001,"Wisconsin","Adams County",4,33,199,125,74
050,55,001,"Wisconsin","Adams County",4,34,205,128,77
050,55,001,"Wisconsin","Adams County",4,35,210,137,73
050,55,001,"Wisconsin","Adams County",4,36,193,115,78
050,55,001,"Wisconsin","Adams County",4,37,192,118,74
050,55,001,"Wisconsin","Adams County",4,38,216,126,90
050,55,001,"Wisconsin","Adams County",4,39,216,138,78
050,55,001,"Wisconsin","Adams County",4,40,226,140,86
050,55,001,"Wisconsin","Adams County",4,41,210,114,96
050,55,001,"Wisconsin","Adams County",4,42,232,130,102
050,55,001,"Wisconsin","Adams County",4,43,190,115,75
050,55,001,"Wisconsin","Adams County",4,44,201,118,83
050,55,001,"Wisconsin","Adams County",4,45,191,121,70
050,55,001,"Wisconsin","Adams County",4,46,205,121,84
050,55,001,"Wisconsin","Adams County",4,47,228,131,97
050,55,001,"Wisconsin","Adams County",4,48,219,120,99
050,55,001,"Wisconsin","Adams County",4,49,234,119,115
050,55,001,"Wisconsin","Adams County",4,50,228,136,92
050,55,001,"Wisconsin","Adams County",4,51,254,133,121
050,55,001,"Wisconsin","Adams County",4,52,262,128,134
050,55,001,"Wisconsin","Adams County",4,53,259,130,129
050,55,001,"Wisconsin","Adams County",4,54,280,135,145
050,55,001,"Wisconsin","Adams County",4,55,313,173,140
050,55,001,"Wisconsin","Adams County",4,56,310,162,148
050,55,001,"Wisconsin","Adams County",4,57,356,190,166
050,55,001,"Wisconsin","Adams County",4,58,394,201,193
050,55,001,"Wisconsin","Adams County",4,59,423,215,208
050,55,001,"Wisconsin","Adams County",4,60,459,239,220
050,55,001,"Wisconsin","Adams County",4,61,464,239,225
050,55,001,"Wisconsin","Adams County",4,62,459,240,219
050,55,001,"Wisconsin","Adams County",4,63,449,216,233
050,55,001,"Wisconsin","Adams County",4,64,449,232,217
050,55,001,"Wisconsin","Adams County",4,65,499,291,208
050,55,001,"Wisconsin","Adams County",4,66,466,253,213
050,55,001,"Wisconsin","Adams County",4,67,489,272,217
050,55,001,"Wisconsin","Adams County",4,68,455,241,214
050,55,001,"Wisconsin","Adams County",4,69,459,235,224
050,55,001,"Wisconsin","Adams County",4,70,416,230,186
050,55,001,"Wisconsin","Adams County",4,71,386,196,190
050,55,001,"Wisconsin","Adams County",4,72,355,166,189
050,55,001,"Wisconsin","Adams County",4,73,343,184,159
050,55,001,"Wisconsin","Adams County",4,74,315,175,140
050,55,001,"Wisconsin","Adams County",4,75,355,180,175
050,55,001,"Wisconsin","Adams County",4,76,230,119,111
050,55,001,"Wisconsin","Adams County",4,77,219,115,104
050,55,001,"Wisconsin","Adams County",4,78,237,113,124
050,55,001,"Wisconsin","Adams County",4,79,244,118,126
050,55,001,"Wisconsin","Adams County",4,80,209,103,106
050,55,001,"Wisconsin","Adams County",4,81,170,87,83
050,55,001,"Wisconsin","Adams County",4,82,150,85,65
050,55,001,"Wisconsin","Adams County",4,83,143,79,64
050,55,001,"Wisconsin","Adams County",4,84,126,65,61
050,55,001,"Wisconsin","Adams County",4,85,551,234,317
050,55,001,"Wisconsin","Adams County",5,0,120,59,61
050,55,001,"Wisconsin","Adams County",5,1,133,66,67
050,55,001,"Wisconsin","Adams County",5,2,113,60,53
050,55,001,"Wisconsin","Adams County",5,3,155,79,76
050,55,001,"Wisconsin","Adams County",5,4,136,75,61
050,55,001,"Wisconsin","Adams County",5,5,129,76,53
050,55,001,"Wisconsin","Adams County",5,6,159,81,78
050,55,001,"Wisconsin","Adams County",5,7,154,83,71
050,55,001,"Wisconsin","Adams County",5,8,150,80,70
050,55,001,"Wisconsin","Adams County",5,9,159,85,74
050,55,001,"Wisconsin","Adams County",5,10,150,72,78
050,55,001,"Wisconsin","Adams County",5,11,152,73,79
050,55,001,"Wisconsin","Adams County",5,12,143,77,66
050,55,001,"Wisconsin","Adams County",5,13,162,83,79
050,55,001,"Wisconsin","Adams County",5,14,185,95,90
050,55,001,"Wisconsin","Adams County",5,15,198,98,100
050,55,001,"Wisconsin","Adams County",5,16,199,107,92
050,55,001,"Wisconsin","Adams County",5,17,188,98,90
050,55,001,"Wisconsin","Adams County",5,18,172,91,81
050,55,001,"Wisconsin","Adams County",5,19,140,79,61
050,55,001,"Wisconsin","Adams County",5,20,134,72,62
050,55,001,"Wisconsin","Adams County",5,21,153,87,66
050,55,001,"Wisconsin","Adams County",5,22,166,98,68
050,55,001,"Wisconsin","Adams County",5,23,193,117,76
050,55,001,"Wisconsin","Adams County",5,24,183,107,76
050,55,001,"Wisconsin","Adams County",5,25,180,111,69
050,55,001,"Wisconsin","Adams County",5,26,167,99,68
050,55,001,"Wisconsin","Adams County",5,27,220,125,95
050,55,001,"Wisconsin","Adams County",5,28,171,109,62
050,55,001,"Wisconsin","Adams County",5,29,227,137,90
050,55,001,"Wisconsin","Adams County",5,30,210,143,67
050,55,001,"Wisconsin","Adams County",5,31,233,150,83
050,55,001,"Wisconsin","Adams County",5,32,209,132,77
050,55,001,"Wisconsin","Adams County",5,33,196,117,79
050,55,001,"Wisconsin","Adams County",5,34,212,135,77
050,55,001,"Wisconsin","Adams County",5,35,200,125,75
050,55,001,"Wisconsin","Adams County",5,36,190,117,73
050,55,001,"Wisconsin","Adams County",5,37,225,135,90
050,55,001,"Wisconsin","Adams County",5,38,191,111,80
050,55,001,"Wisconsin","Adams County",5,39,221,135,86
050,55,001,"Wisconsin","Adams County",5,40,216,139,77
050,55,001,"Wisconsin","Adams County",5,41,216,132,84
050,55,001,"Wisconsin","Adams County",5,42,214,119,95
050,55,001,"Wisconsin","Adams County",5,43,213,112,101
050,55,001,"Wisconsin","Adams County",5,44,198,118,80
050,55,001,"Wisconsin","Adams County",5,45,198,119,79
050,55,001,"Wisconsin","Adams County",5,46,214,134,80
050,55,001,"Wisconsin","Adams County",5,47,196,113,83
050,55,001,"Wisconsin","Adams County",5,48,240,137,103
050,55,001,"Wisconsin","Adams County",5,49,229,111,118
050,55,001,"Wisconsin","Adams County",5,50,224,119,105
050,55,001,"Wisconsin","Adams County",5,51,221,126,95
050,55,001,"Wisconsin","Adams County",5,52,277,143,134
050,55,001,"Wisconsin","Adams County",5,53,266,132,134
050,55,001,"Wisconsin","Adams County",5,54,270,136,134
050,55,001,"Wisconsin","Adams County",5,55,302,148,154
050,55,001,"Wisconsin","Adams County",5,56,321,180,141
050,55,001,"Wisconsin","Adams County",5,57,327,171,156
050,55,001,"Wisconsin","Adams County",5,58,358,189,169
050,55,001,"Wisconsin","Adams County",5,59,383,194,189
050,55,001,"Wisconsin","Adams County",5,60,447,227,220
050,55,001,"Wisconsin","Adams County",5,61,466,237,229
050,55,001,"Wisconsin","Adams County",5,62,476,243,233
050,55,001,"Wisconsin","Adams County",5,63,486,255,231
050,55,001,"Wisconsin","Adams County",5,64,448,212,236
050,55,001,"Wisconsin","Adams County",5,65,466,244,222
050,55,001,"Wisconsin","Adams County",5,66,521,306,215
050,55,001,"Wisconsin","Adams County",5,67,495,274,221
050,55,001,"Wisconsin","Adams County",5,68,479,257,222
050,55,001,"Wisconsin","Adams County",5,69,457,246,211
050,55,001,"Wisconsin","Adams County",5,70,463,241,222
050,55,001,"Wisconsin","Adams County",5,71,424,229,195
050,55,001,"Wisconsin","Adams County",5,72,376,195,181
050,55,001,"Wisconsin","Adams County",5,73,346,167,179
050,55,001,"Wisconsin","Adams County",5,74,327,176,151
050,55,001,"Wisconsin","Adams County",5,75,302,164,138
050,55,001,"Wisconsin","Adams County",5,76,330,164,166
050,55,001,"Wisconsin","Adams County",5,77,214,111,103
050,55,001,"Wisconsin","Adams County",5,78,209,109,100
050,55,001,"Wisconsin","Adams County",5,79,230,109,121
050,55,001,"Wisconsin","Adams County",5,80,228,109,119
050,55,001,"Wisconsin","Adams County",5,81,195,95,100
050,55,001,"Wisconsin","Adams County",5,82,144,67,77
050,55,001,"Wisconsin","Adams County",5,83,136,75,61
050,55,001,"Wisconsin","Adams County",5,84,137,78,59
050,55,001,"Wisconsin","Adams County",5,85,586,263,323
050,55,003,"Wisconsin","Ashland County",1,0,159,81,78
050,55,003,"Wisconsin","Ashland County",1,1,174,87,87
050,55,003,"Wisconsin","Ashland County",1,2,184,95,89
050,55,003,"Wisconsin","Ashland County",1,3,177,78,99
050,55,003,"Wisconsin","Ashland County",1,4,177,83,94
050,55,003,"Wisconsin","Ashland County",1,5,181,92,89
050,55,003,"Wisconsin","Ashland County",1,6,192,103,89
050,55,003,"Wisconsin","Ashland County",1,7,181,106,75
050,55,003,"Wisconsin","Ashland County",1,8,169,100,69
050,55,003,"Wisconsin","Ashland County",1,9,163,89,74
050,55,003,"Wisconsin","Ashland County",1,10,198,98,100
050,55,003,"Wisconsin","Ashland County",1,11,218,107,111
050,55,003,"Wisconsin","Ashland County",1,12,236,123,113
050,55,003,"Wisconsin","Ashland County",1,13,219,111,108
050,55,003,"Wisconsin","Ashland County",1,14,216,111,105
050,55,003,"Wisconsin","Ashland County",1,15,213,113,100
050,55,003,"Wisconsin","Ashland County",1,16,213,108,105
050,55,003,"Wisconsin","Ashland County",1,17,220,119,101
050,55,003,"Wisconsin","Ashland County",1,18,210,104,106
050,55,003,"Wisconsin","Ashland County",1,19,232,114,118
050,55,003,"Wisconsin","Ashland County",1,20,236,119,117
050,55,003,"Wisconsin","Ashland County",1,21,226,113,113
050,55,003,"Wisconsin","Ashland County",1,22,206,103,103
050,55,003,"Wisconsin","Ashland County",1,23,173,91,82
050,55,003,"Wisconsin","Ashland County",1,24,161,84,77
050,55,003,"Wisconsin","Ashland County",1,25,153,81,72
050,55,003,"Wisconsin","Ashland County",1,26,174,91,83
050,55,003,"Wisconsin","Ashland County",1,27,158,79,79
050,55,003,"Wisconsin","Ashland County",1,28,166,94,72
050,55,003,"Wisconsin","Ashland County",1,29,162,93,69
050,55,003,"Wisconsin","Ashland County",1,30,166,100,66
050,55,003,"Wisconsin","Ashland County",1,31,162,93,69
050,55,003,"Wisconsin","Ashland County",1,32,170,84,86
050,55,003,"Wisconsin","Ashland County",1,33,170,89,81
050,55,003,"Wisconsin","Ashland County",1,34,168,82,86
050,55,003,"Wisconsin","Ashland County",1,35,166,81,85
050,55,003,"Wisconsin","Ashland County",1,36,183,95,88
050,55,003,"Wisconsin","Ashland County",1,37,207,108,99
050,55,003,"Wisconsin","Ashland County",1,38,200,103,97
050,55,003,"Wisconsin","Ashland County",1,39,183,87,96
050,55,003,"Wisconsin","Ashland County",1,40,195,97,98
050,55,003,"Wisconsin","Ashland County",1,41,176,77,99
050,55,003,"Wisconsin","Ashland County",1,42,181,89,92
050,55,003,"Wisconsin","Ashland County",1,43,182,100,82
050,55,003,"Wisconsin","Ashland County",1,44,171,86,85
050,55,003,"Wisconsin","Ashland County",1,45,162,81,81
050,55,003,"Wisconsin","Ashland County",1,46,148,79,69
050,55,003,"Wisconsin","Ashland County",1,47,152,79,73
050,55,003,"Wisconsin","Ashland County",1,48,166,91,75
050,55,003,"Wisconsin","Ashland County",1,49,179,90,89
050,55,003,"Wisconsin","Ashland County",1,50,173,75,98
050,55,003,"Wisconsin","Ashland County",1,51,202,99,103
050,55,003,"Wisconsin","Ashland County",1,52,198,115,83
050,55,003,"Wisconsin","Ashland County",1,53,199,108,91
050,55,003,"Wisconsin","Ashland County",1,54,199,99,100
050,55,003,"Wisconsin","Ashland County",1,55,224,116,108
050,55,003,"Wisconsin","Ashland County",1,56,237,123,114
050,55,003,"Wisconsin","Ashland County",1,57,274,128,146
050,55,003,"Wisconsin","Ashland County",1,58,275,121,154
050,55,003,"Wisconsin","Ashland County",1,59,256,115,141
050,55,003,"Wisconsin","Ashland County",1,60,263,127,136
050,55,003,"Wisconsin","Ashland County",1,61,259,133,126
050,55,003,"Wisconsin","Ashland County",1,62,275,138,137
050,55,003,"Wisconsin","Ashland County",1,63,259,126,133
050,55,003,"Wisconsin","Ashland County",1,64,249,121,128
050,55,003,"Wisconsin","Ashland County",1,65,248,135,113
050,55,003,"Wisconsin","Ashland County",1,66,238,117,121
050,55,003,"Wisconsin","Ashland County",1,67,242,123,119
050,55,003,"Wisconsin","Ashland County",1,68,239,129,110
050,55,003,"Wisconsin","Ashland County",1,69,203,104,99
050,55,003,"Wisconsin","Ashland County",1,70,205,103,102
050,55,003,"Wisconsin","Ashland County",1,71,184,92,92
050,55,003,"Wisconsin","Ashland County",1,72,168,86,82
050,55,003,"Wisconsin","Ashland County",1,73,174,90,84
050,55,003,"Wisconsin","Ashland County",1,74,127,58,69
050,55,003,"Wisconsin","Ashland County",1,75,124,55,69
050,55,003,"Wisconsin","Ashland County",1,76,124,58,66
050,55,003,"Wisconsin","Ashland County",1,77,115,52,63
050,55,003,"Wisconsin","Ashland County",1,78,100,55,45
050,55,003,"Wisconsin","Ashland County",1,79,110,51,59
050,55,003,"Wisconsin","Ashland County",1,80,77,38,39
050,55,003,"Wisconsin","Ashland County",1,81,76,41,35
050,55,003,"Wisconsin","Ashland County",1,82,70,36,34
050,55,003,"Wisconsin","Ashland County",1,83,61,33,28
050,55,003,"Wisconsin","Ashland County",1,84,63,26,37
050,55,003,"Wisconsin","Ashland County",1,85,312,95,217
050,55,003,"Wisconsin","Ashland County",2,0,163,83,80
050,55,003,"Wisconsin","Ashland County",2,1,167,83,84
050,55,003,"Wisconsin","Ashland County",2,2,183,93,90
050,55,003,"Wisconsin","Ashland County",2,3,178,82,96
050,55,003,"Wisconsin","Ashland County",2,4,177,82,95
050,55,003,"Wisconsin","Ashland County",2,5,183,91,92
050,55,003,"Wisconsin","Ashland County",2,6,190,101,89
050,55,003,"Wisconsin","Ashland County",2,7,183,105,78
050,55,003,"Wisconsin","Ashland County",2,8,170,100,70
050,55,003,"Wisconsin","Ashland County",2,9,164,91,73
050,55,003,"Wisconsin","Ashland County",2,10,189,96,93
050,55,003,"Wisconsin","Ashland County",2,11,211,104,107
050,55,003,"Wisconsin","Ashland County",2,12,234,120,114
050,55,003,"Wisconsin","Ashland County",2,13,222,114,108
050,55,003,"Wisconsin","Ashland County",2,14,215,111,104
050,55,003,"Wisconsin","Ashland County",2,15,215,112,103
050,55,003,"Wisconsin","Ashland County",2,16,211,108,103
050,55,003,"Wisconsin","Ashland County",2,17,216,115,101
050,55,003,"Wisconsin","Ashland County",2,18,210,104,106
050,55,003,"Wisconsin","Ashland County",2,19,234,116,118
050,55,003,"Wisconsin","Ashland County",2,20,232,117,115
050,55,003,"Wisconsin","Ashland County",2,21,230,115,115
050,55,003,"Wisconsin","Ashland County",2,22,205,104,101
050,55,003,"Wisconsin","Ashland County",2,23,172,90,82
050,55,003,"Wisconsin","Ashland County",2,24,159,81,78
050,55,003,"Wisconsin","Ashland County",2,25,157,84,73
050,55,003,"Wisconsin","Ashland County",2,26,168,88,80
050,55,003,"Wisconsin","Ashland County",2,27,163,84,79
050,55,003,"Wisconsin","Ashland County",2,28,167,91,76
050,55,003,"Wisconsin","Ashland County",2,29,162,93,69
050,55,003,"Wisconsin","Ashland County",2,30,167,100,67
050,55,003,"Wisconsin","Ashland County",2,31,164,93,71
050,55,003,"Wisconsin","Ashland County",2,32,166,84,82
050,55,003,"Wisconsin","Ashland County",2,33,171,88,83
050,55,003,"Wisconsin","Ashland County",2,34,168,85,83
050,55,003,"Wisconsin","Ashland County",2,35,170,84,86
050,55,003,"Wisconsin","Ashland County",2,36,179,92,87
050,55,003,"Wisconsin","Ashland County",2,37,202,106,96
050,55,003,"Wisconsin","Ashland County",2,38,204,105,99
050,55,003,"Wisconsin","Ashland County",2,39,186,90,96
050,55,003,"Wisconsin","Ashland County",2,40,196,97,99
050,55,003,"Wisconsin","Ashland County",2,41,178,79,99
050,55,003,"Wisconsin","Ashland County",2,42,177,85,92
050,55,003,"Wisconsin","Ashland County",2,43,180,95,85
050,55,003,"Wisconsin","Ashland County",2,44,172,89,83
050,55,003,"Wisconsin","Ashland County",2,45,165,83,82
050,55,003,"Wisconsin","Ashland County",2,46,149,78,71
050,55,003,"Wisconsin","Ashland County",2,47,149,78,71
050,55,003,"Wisconsin","Ashland County",2,48,161,89,72
050,55,003,"Wisconsin","Ashland County",2,49,178,92,86
050,55,003,"Wisconsin","Ashland County",2,50,177,80,97
050,55,003,"Wisconsin","Ashland County",2,51,192,92,100
050,55,003,"Wisconsin","Ashland County",2,52,198,110,88
050,55,003,"Wisconsin","Ashland County",2,53,197,108,89
050,55,003,"Wisconsin","Ashland County",2,54,199,100,99
050,55,003,"Wisconsin","Ashland County",2,55,218,113,105
050,55,003,"Wisconsin","Ashland County",2,56,236,122,114
050,55,003,"Wisconsin","Ashland County",2,57,266,126,140
050,55,003,"Wisconsin","Ashland County",2,58,275,122,153
050,55,003,"Wisconsin","Ashland County",2,59,262,118,144
050,55,003,"Wisconsin","Ashland County",2,60,259,124,135
050,55,003,"Wisconsin","Ashland County",2,61,259,129,130
050,55,003,"Wisconsin","Ashland County",2,62,271,136,135
050,55,003,"Wisconsin","Ashland County",2,63,265,129,136
050,55,003,"Wisconsin","Ashland County",2,64,248,121,127
050,55,003,"Wisconsin","Ashland County",2,65,247,132,115
050,55,003,"Wisconsin","Ashland County",2,66,241,123,118
050,55,003,"Wisconsin","Ashland County",2,67,241,123,118
050,55,003,"Wisconsin","Ashland County",2,68,237,126,111
050,55,003,"Wisconsin","Ashland County",2,69,212,109,103
050,55,003,"Wisconsin","Ashland County",2,70,203,103,100
050,55,003,"Wisconsin","Ashland County",2,71,187,93,94
050,55,003,"Wisconsin","Ashland County",2,72,167,86,81
050,55,003,"Wisconsin","Ashland County",2,73,180,93,87
050,55,003,"Wisconsin","Ashland County",2,74,130,62,68
050,55,003,"Wisconsin","Ashland County",2,75,124,56,68
050,55,003,"Wisconsin","Ashland County",2,76,123,56,67
050,55,003,"Wisconsin","Ashland County",2,77,118,54,64
050,55,003,"Wisconsin","Ashland County",2,78,99,51,48
050,55,003,"Wisconsin","Ashland County",2,79,106,51,55
050,55,003,"Wisconsin","Ashland County",2,80,85,42,43
050,55,003,"Wisconsin","Ashland County",2,81,76,40,36
050,55,003,"Wisconsin","Ashland County",2,82,68,36,32
050,55,003,"Wisconsin","Ashland County",2,83,62,33,29
050,55,003,"Wisconsin","Ashland County",2,84,64,28,36
050,55,003,"Wisconsin","Ashland County",2,85,318,99,219
050,55,003,"Wisconsin","Ashland County",3,0,136,70,66
050,55,003,"Wisconsin","Ashland County",3,1,187,95,92
050,55,003,"Wisconsin","Ashland County",3,2,176,94,82
050,55,003,"Wisconsin","Ashland County",3,3,192,96,96
050,55,003,"Wisconsin","Ashland County",3,4,177,83,94
050,55,003,"Wisconsin","Ashland County",3,5,189,89,100
050,55,003,"Wisconsin","Ashland County",3,6,186,95,91
050,55,003,"Wisconsin","Ashland County",3,7,182,96,86
050,55,003,"Wisconsin","Ashland County",3,8,185,105,80
050,55,003,"Wisconsin","Ashland County",3,9,173,102,71
050,55,003,"Wisconsin","Ashland County",3,10,165,90,75
050,55,003,"Wisconsin","Ashland County",3,11,186,97,89
050,55,003,"Wisconsin","Ashland County",3,12,207,102,105
050,55,003,"Wisconsin","Ashland County",3,13,234,120,114
050,55,003,"Wisconsin","Ashland County",3,14,225,114,111
050,55,003,"Wisconsin","Ashland County",3,15,223,109,114
050,55,003,"Wisconsin","Ashland County",3,16,218,112,106
050,55,003,"Wisconsin","Ashland County",3,17,212,110,102
050,55,003,"Wisconsin","Ashland County",3,18,229,110,119
050,55,003,"Wisconsin","Ashland County",3,19,221,111,110
050,55,003,"Wisconsin","Ashland County",3,20,215,105,110
050,55,003,"Wisconsin","Ashland County",3,21,230,108,122
050,55,003,"Wisconsin","Ashland County",3,22,202,107,95
050,55,003,"Wisconsin","Ashland County",3,23,190,100,90
050,55,003,"Wisconsin","Ashland County",3,24,154,80,74
050,55,003,"Wisconsin","Ashland County",3,25,151,79,72
050,55,003,"Wisconsin","Ashland County",3,26,153,82,71
050,55,003,"Wisconsin","Ashland County",3,27,177,97,80
050,55,003,"Wisconsin","Ashland County",3,28,179,93,86
050,55,003,"Wisconsin","Ashland County",3,29,173,90,83
050,55,003,"Wisconsin","Ashland County",3,30,176,98,78
050,55,003,"Wisconsin","Ashland County",3,31,177,106,71
050,55,003,"Wisconsin","Ashland County",3,32,170,97,73
050,55,003,"Wisconsin","Ashland County",3,33,162,81,81
050,55,003,"Wisconsin","Ashland County",3,34,164,83,81
050,55,003,"Wisconsin","Ashland County",3,35,172,90,82
050,55,003,"Wisconsin","Ashland County",3,36,170,86,84
050,55,003,"Wisconsin","Ashland County",3,37,180,93,87
050,55,003,"Wisconsin","Ashland County",3,38,202,109,93
050,55,003,"Wisconsin","Ashland County",3,39,201,99,102
050,55,003,"Wisconsin","Ashland County",3,40,182,87,95
050,55,003,"Wisconsin","Ashland County",3,41,191,94,97
050,55,003,"Wisconsin","Ashland County",3,42,179,80,99
050,55,003,"Wisconsin","Ashland County",3,43,176,86,90
050,55,003,"Wisconsin","Ashland County",3,44,174,93,81
050,55,003,"Wisconsin","Ashland County",3,45,167,90,77
050,55,003,"Wisconsin","Ashland County",3,46,162,80,82
050,55,003,"Wisconsin","Ashland County",3,47,149,79,70
050,55,003,"Wisconsin","Ashland County",3,48,151,79,72
050,55,003,"Wisconsin","Ashland County",3,49,160,88,72
050,55,003,"Wisconsin","Ashland County",3,50,176,88,88
050,55,003,"Wisconsin","Ashland County",3,51,175,84,91
050,55,003,"Wisconsin","Ashland County",3,52,190,90,100
050,55,003,"Wisconsin","Ashland County",3,53,207,115,92
050,55,003,"Wisconsin","Ashland County",3,54,204,108,96
050,55,003,"Wisconsin","Ashland County",3,55,207,104,103
050,55,003,"Wisconsin","Ashland County",3,56,220,112,108
050,55,003,"Wisconsin","Ashland County",3,57,236,123,113
050,55,003,"Wisconsin","Ashland County",3,58,265,128,137
050,55,003,"Wisconsin","Ashland County",3,59,277,128,149
050,55,003,"Wisconsin","Ashland County",3,60,253,114,139
050,55,003,"Wisconsin","Ashland County",3,61,265,126,139
050,55,003,"Wisconsin","Ashland County",3,62,270,137,133
050,55,003,"Wisconsin","Ashland County",3,63,268,131,137
050,55,003,"Wisconsin","Ashland County",3,64,262,128,134
050,55,003,"Wisconsin","Ashland County",3,65,229,113,116
050,55,003,"Wisconsin","Ashland County",3,66,242,131,111
050,55,003,"Wisconsin","Ashland County",3,67,242,125,117
050,55,003,"Wisconsin","Ashland County",3,68,240,124,116
050,55,003,"Wisconsin","Ashland County",3,69,227,120,107
050,55,003,"Wisconsin","Ashland County",3,70,212,109,103
050,55,003,"Wisconsin","Ashland County",3,71,195,99,96
050,55,003,"Wisconsin","Ashland County",3,72,188,91,97
050,55,003,"Wisconsin","Ashland County",3,73,169,88,81
050,55,003,"Wisconsin","Ashland County",3,74,172,83,89
050,55,003,"Wisconsin","Ashland County",3,75,127,62,65
050,55,003,"Wisconsin","Ashland County",3,76,122,52,70
050,55,003,"Wisconsin","Ashland County",3,77,124,55,69
050,55,003,"Wisconsin","Ashland County",3,78,110,51,59
050,55,003,"Wisconsin","Ashland County",3,79,95,46,49
050,55,003,"Wisconsin","Ashland County",3,80,93,46,47
050,55,003,"Wisconsin","Ashland County",3,81,79,37,42
050,55,003,"Wisconsin","Ashland County",3,82,68,35,33
050,55,003,"Wisconsin","Ashland County",3,83,63,33,30
050,55,003,"Wisconsin","Ashland County",3,84,61,29,32
050,55,003,"Wisconsin","Ashland County",3,85,323,111,212
050,55,003,"Wisconsin","Ashland County",4,0,160,85,75
050,55,003,"Wisconsin","Ashland County",4,1,141,62,79
050,55,003,"Wisconsin","Ashland County",4,2,180,95,85
050,55,003,"Wisconsin","Ashland County",4,3,174,95,79
050,55,003,"Wisconsin","Ashland County",4,4,187,97,90
050,55,003,"Wisconsin","Ashland County",4,5,167,77,90
050,55,003,"Wisconsin","Ashland County",4,6,179,79,100
050,55,003,"Wisconsin","Ashland County",4,7,182,86,96
050,55,003,"Wisconsin","Ashland County",4,8,178,92,86
050,55,003,"Wisconsin","Ashland County",4,9,185,109,76
050,55,003,"Wisconsin","Ashland County",4,10,169,100,69
050,55,003,"Wisconsin","Ashland County",4,11,163,91,72
050,55,003,"Wisconsin","Ashland County",4,12,191,103,88
050,55,003,"Wisconsin","Ashland County",4,13,202,101,101
050,55,003,"Wisconsin","Ashland County",4,14,237,120,117
050,55,003,"Wisconsin","Ashland County",4,15,224,113,111
050,55,003,"Wisconsin","Ashland County",4,16,217,107,110
050,55,003,"Wisconsin","Ashland County",4,17,213,109,104
050,55,003,"Wisconsin","Ashland County",4,18,213,105,108
050,55,003,"Wisconsin","Ashland County",4,19,242,123,119
050,55,003,"Wisconsin","Ashland County",4,20,212,110,102
050,55,003,"Wisconsin","Ashland County",4,21,222,107,115
050,55,003,"Wisconsin","Ashland County",4,22,213,106,107
050,55,003,"Wisconsin","Ashland County",4,23,180,95,85
050,55,003,"Wisconsin","Ashland County",4,24,170,88,82
050,55,003,"Wisconsin","Ashland County",4,25,149,75,74
050,55,003,"Wisconsin","Ashland County",4,26,145,77,68
050,55,003,"Wisconsin","Ashland County",4,27,171,95,76
050,55,003,"Wisconsin","Ashland County",4,28,184,96,88
050,55,003,"Wisconsin","Ashland County",4,29,171,87,84
050,55,003,"Wisconsin","Ashland County",4,30,170,86,84
050,55,003,"Wisconsin","Ashland County",4,31,167,90,77
050,55,003,"Wisconsin","Ashland County",4,32,194,109,85
050,55,003,"Wisconsin","Ashland County",4,33,171,97,74
050,55,003,"Wisconsin","Ashland County",4,34,157,74,83
050,55,003,"Wisconsin","Ashland County",4,35,162,78,84
050,55,003,"Wisconsin","Ashland County",4,36,178,99,79
050,55,003,"Wisconsin","Ashland County",4,37,172,87,85
050,55,003,"Wisconsin","Ashland County",4,38,183,97,86
050,55,003,"Wisconsin","Ashland County",4,39,196,109,87
050,55,003,"Wisconsin","Ashland County",4,40,204,102,102
050,55,003,"Wisconsin","Ashland County",4,41,184,85,99
050,55,003,"Wisconsin","Ashland County",4,42,195,98,97
050,55,003,"Wisconsin","Ashland County",4,43,182,81,101
050,55,003,"Wisconsin","Ashland County",4,44,171,81,90
050,55,003,"Wisconsin","Ashland County",4,45,179,99,80
050,55,003,"Wisconsin","Ashland County",4,46,171,91,80
050,55,003,"Wisconsin","Ashland County",4,47,161,79,82
050,55,003,"Wisconsin","Ashland County",4,48,153,83,70
050,55,003,"Wisconsin","Ashland County",4,49,154,80,74
050,55,003,"Wisconsin","Ashland County",4,50,169,89,80
050,55,003,"Wisconsin","Ashland County",4,51,169,82,87
050,55,003,"Wisconsin","Ashland County",4,52,182,87,95
050,55,003,"Wisconsin","Ashland County",4,53,193,93,100
050,55,003,"Wisconsin","Ashland County",4,54,223,120,103
050,55,003,"Wisconsin","Ashland County",4,55,209,110,99
050,55,003,"Wisconsin","Ashland County",4,56,216,111,105
050,55,003,"Wisconsin","Ashland County",4,57,224,119,105
050,55,003,"Wisconsin","Ashland County",4,58,236,126,110
050,55,003,"Wisconsin","Ashland County",4,59,263,126,137
050,55,003,"Wisconsin","Ashland County",4,60,270,119,151
050,55,003,"Wisconsin","Ashland County",4,61,258,123,135
050,55,003,"Wisconsin","Ashland County",4,62,267,130,137
050,55,003,"Wisconsin","Ashland County",4,63,263,132,131
050,55,003,"Wisconsin","Ashland County",4,64,273,137,136
050,55,003,"Wisconsin","Ashland County",4,65,257,121,136
050,55,003,"Wisconsin","Ashland County",4,66,219,111,108
050,55,003,"Wisconsin","Ashland County",4,67,240,127,113
050,55,003,"Wisconsin","Ashland County",4,68,248,128,120
050,55,003,"Wisconsin","Ashland County",4,69,230,121,109
050,55,003,"Wisconsin","Ashland County",4,70,225,121,104
050,55,003,"Wisconsin","Ashland County",4,71,209,106,103
050,55,003,"Wisconsin","Ashland County",4,72,193,98,95
050,55,003,"Wisconsin","Ashland County",4,73,183,88,95
050,55,003,"Wisconsin","Ashland County",4,74,166,86,80
050,55,003,"Wisconsin","Ashland County",4,75,167,81,86
050,55,003,"Wisconsin","Ashland County",4,76,121,56,65
050,55,003,"Wisconsin","Ashland County",4,77,121,52,69
050,55,003,"Wisconsin","Ashland County",4,78,119,51,68
050,55,003,"Wisconsin","Ashland County",4,79,109,47,62
050,55,003,"Wisconsin","Ashland County",4,80,89,46,43
050,55,003,"Wisconsin","Ashland County",4,81,92,45,47
050,55,003,"Wisconsin","Ashland County",4,82,76,36,40
050,55,003,"Wisconsin","Ashland County",4,83,59,30,29
050,55,003,"Wisconsin","Ashland County",4,84,66,32,34
050,55,003,"Wisconsin","Ashland County",4,85,311,117,194
050,55,003,"Wisconsin","Ashland County",5,0,160,85,75
050,55,003,"Wisconsin","Ashland County",5,1,176,95,81
050,55,003,"Wisconsin","Ashland County",5,2,139,59,80
050,55,003,"Wisconsin","Ashland County",5,3,172,93,79
050,55,003,"Wisconsin","Ashland County",5,4,176,93,83
050,55,003,"Wisconsin","Ashland County",5,5,185,96,89
050,55,003,"Wisconsin","Ashland County",5,6,170,77,93
050,55,003,"Wisconsin","Ashland County",5,7,183,81,102
050,55,003,"Wisconsin","Ashland County",5,8,178,83,95
050,55,003,"Wisconsin","Ashland County",5,9,186,98,88
050,55,003,"Wisconsin","Ashland County",5,10,179,107,72
050,55,003,"Wisconsin","Ashland County",5,11,170,99,71
050,55,003,"Wisconsin","Ashland County",5,12,168,91,77
050,55,003,"Wisconsin","Ashland County",5,13,194,108,86
050,55,003,"Wisconsin","Ashland County",5,14,213,103,110
050,55,003,"Wisconsin","Ashland County",5,15,235,122,113
050,55,003,"Wisconsin","Ashland County",5,16,221,115,106
050,55,003,"Wisconsin","Ashland County",5,17,220,111,109
050,55,003,"Wisconsin","Ashland County",5,18,219,105,114
050,55,003,"Wisconsin","Ashland County",5,19,236,115,121
050,55,003,"Wisconsin","Ashland County",5,20,228,116,112
050,55,003,"Wisconsin","Ashland County",5,21,209,104,105
050,55,003,"Wisconsin","Ashland County",5,22,195,98,97
050,55,003,"Wisconsin","Ashland County",5,23,191,93,98
050,55,003,"Wisconsin","Ashland County",5,24,159,90,69
050,55,003,"Wisconsin","Ashland County",5,25,163,91,72
050,55,003,"Wisconsin","Ashland County",5,26,155,79,76
050,55,003,"Wisconsin","Ashland County",5,27,140,75,65
050,55,003,"Wisconsin","Ashland County",5,28,174,90,84
050,55,003,"Wisconsin","Ashland County",5,29,179,91,88
050,55,003,"Wisconsin","Ashland County",5,30,186,92,94
050,55,003,"Wisconsin","Ashland County",5,31,192,100,92
050,55,003,"Wisconsin","Ashland County",5,32,164,93,71
050,55,003,"Wisconsin","Ashland County",5,33,206,113,93
050,55,003,"Wisconsin","Ashland County",5,34,162,92,70
050,55,003,"Wisconsin","Ashland County",5,35,165,74,91
050,55,003,"Wisconsin","Ashland County",5,36,163,87,76
050,55,003,"Wisconsin","Ashland County",5,37,177,94,83
050,55,003,"Wisconsin","Ashland County",5,38,184,89,95
050,55,003,"Wisconsin","Ashland County",5,39,184,95,89
050,55,003,"Wisconsin","Ashland County",5,40,208,119,89
050,55,003,"Wisconsin","Ashland County",5,41,201,97,104
050,55,003,"Wisconsin","Ashland County",5,42,186,85,101
050,55,003,"Wisconsin","Ashland County",5,43,195,98,97
050,55,003,"Wisconsin","Ashland County",5,44,177,78,99
050,55,003,"Wisconsin","Ashland County",5,45,168,77,91
050,55,003,"Wisconsin","Ashland County",5,46,177,97,80
050,55,003,"Wisconsin","Ashland County",5,47,169,91,78
050,55,003,"Wisconsin","Ashland County",5,48,168,80,88
050,55,003,"Wisconsin","Ashland County",5,49,155,83,72
050,55,003,"Wisconsin","Ashland County",5,50,153,78,75
050,55,003,"Wisconsin","Ashland County",5,51,166,85,81
050,55,003,"Wisconsin","Ashland County",5,52,165,83,82
050,55,003,"Wisconsin","Ashland County",5,53,178,85,93
050,55,003,"Wisconsin","Ashland County",5,54,199,97,102
050,55,003,"Wisconsin","Ashland County",5,55,218,118,100
050,55,003,"Wisconsin","Ashland County",5,56,215,111,104
050,55,003,"Wisconsin","Ashland County",5,57,210,108,102
050,55,003,"Wisconsin","Ashland County",5,58,226,117,109
050,55,003,"Wisconsin","Ashland County",5,59,236,124,112
050,55,003,"Wisconsin","Ashland County",5,60,267,124,143
050,55,003,"Wisconsin","Ashland County",5,61,270,122,148
050,55,003,"Wisconsin","Ashland County",5,62,260,128,132
050,55,003,"Wisconsin","Ashland County",5,63,265,128,137
050,55,003,"Wisconsin","Ashland County",5,64,267,133,134
050,55,003,"Wisconsin","Ashland County",5,65,268,136,132
050,55,003,"Wisconsin","Ashland County",5,66,251,122,129
050,55,003,"Wisconsin","Ashland County",5,67,220,113,107
050,55,003,"Wisconsin","Ashland County",5,68,239,127,112
050,55,003,"Wisconsin","Ashland County",5,69,236,120,116
050,55,003,"Wisconsin","Ashland County",5,70,224,121,103
050,55,003,"Wisconsin","Ashland County",5,71,215,115,100
050,55,003,"Wisconsin","Ashland County",5,72,207,105,102
050,55,003,"Wisconsin","Ashland County",5,73,185,93,92
050,55,003,"Wisconsin","Ashland County",5,74,179,86,93
050,55,003,"Wisconsin","Ashland County",5,75,163,83,80
050,55,003,"Wisconsin","Ashland County",5,76,163,75,88
050,55,003,"Wisconsin","Ashland County",5,77,120,55,65
050,55,003,"Wisconsin","Ashland County",5,78,116,47,69
050,55,003,"Wisconsin","Ashland County",5,79,120,49,71
050,55,003,"Wisconsin","Ashland County",5,80,104,45,59
050,55,003,"Wisconsin","Ashland County",5,81,83,44,39
050,55,003,"Wisconsin","Ashland County",5,82,89,45,44
050,55,003,"Wisconsin","Ashland County",5,83,66,32,34
050,55,003,"Wisconsin","Ashland County",5,84,57,26,31
050,55,003,"Wisconsin","Ashland County",5,85,319,134,185
050,55,005,"Wisconsin","Barron County",1,0,489,247,242
050,55,005,"Wisconsin","Barron County",1,1,515,251,264
050,55,005,"Wisconsin","Barron County",1,2,516,266,250
050,55,005,"Wisconsin","Barron County",1,3,492,254,238
050,55,005,"Wisconsin","Barron County",1,4,534,273,261
050,55,005,"Wisconsin","Barron County",1,5,555,278,277
050,55,005,"Wisconsin","Barron County",1,6,542,269,273
050,55,005,"Wisconsin","Barron County",1,7,544,272,272
050,55,005,"Wisconsin","Barron County",1,8,585,299,286
050,55,005,"Wisconsin","Barron County",1,9,564,305,259
050,55,005,"Wisconsin","Barron County",1,10,565,295,270
050,55,005,"Wisconsin","Barron County",1,11,581,298,283
050,55,005,"Wisconsin","Barron County",1,12,611,314,297
050,55,005,"Wisconsin","Barron County",1,13,640,332,308
050,55,005,"Wisconsin","Barron County",1,14,601,308,293
050,55,005,"Wisconsin","Barron County",1,15,591,287,304
050,55,005,"Wisconsin","Barron County",1,16,592,283,309
050,55,005,"Wisconsin","Barron County",1,17,611,340,271
050,55,005,"Wisconsin","Barron County",1,18,498,259,239
050,55,005,"Wisconsin","Barron County",1,19,430,214,216
050,55,005,"Wisconsin","Barron County",1,20,426,218,208
050,55,005,"Wisconsin","Barron County",1,21,445,246,199
050,55,005,"Wisconsin","Barron County",1,22,451,244,207
050,55,005,"Wisconsin","Barron County",1,23,454,239,215
050,55,005,"Wisconsin","Barron County",1,24,477,241,236
050,55,005,"Wisconsin","Barron County",1,25,505,256,249
050,55,005,"Wisconsin","Barron County",1,26,509,257,252
050,55,005,"Wisconsin","Barron County",1,27,521,274,247
050,55,005,"Wisconsin","Barron County",1,28,547,299,248
050,55,005,"Wisconsin","Barron County",1,29,523,275,248
050,55,005,"Wisconsin","Barron County",1,30,475,260,215
050,55,005,"Wisconsin","Barron County",1,31,436,226,210
050,55,005,"Wisconsin","Barron County",1,32,456,239,217
050,55,005,"Wisconsin","Barron County",1,33,469,238,231
050,55,005,"Wisconsin","Barron County",1,34,532,265,267
050,55,005,"Wisconsin","Barron County",1,35,536,268,268
050,55,005,"Wisconsin","Barron County",1,36,567,294,273
050,55,005,"Wisconsin","Barron County",1,37,596,305,291
050,55,005,"Wisconsin","Barron County",1,38,551,292,259
050,55,005,"Wisconsin","Barron County",1,39,560,286,274
050,55,005,"Wisconsin","Barron County",1,40,518,261,257
050,55,005,"Wisconsin","Barron County",1,41,511,254,257
050,55,005,"Wisconsin","Barron County",1,42,502,250,252
050,55,005,"Wisconsin","Barron County",1,43,483,260,223
050,55,005,"Wisconsin","Barron County",1,44,452,247,205
050,55,005,"Wisconsin","Barron County",1,45,464,255,209
050,55,005,"Wisconsin","Barron County",1,46,528,284,244
050,55,005,"Wisconsin","Barron County",1,47,515,254,261
050,55,005,"Wisconsin","Barron County",1,48,539,270,269
050,55,005,"Wisconsin","Barron County",1,49,611,309,302
050,55,005,"Wisconsin","Barron County",1,50,575,302,273
050,55,005,"Wisconsin","Barron County",1,51,545,298,247
050,55,005,"Wisconsin","Barron County",1,52,563,299,264
050,55,005,"Wisconsin","Barron County",1,53,523,264,259
050,55,005,"Wisconsin","Barron County",1,54,580,297,283
050,55,005,"Wisconsin","Barron County",1,55,632,307,325
050,55,005,"Wisconsin","Barron County",1,56,699,333,366
050,55,005,"Wisconsin","Barron County",1,57,744,372,372
050,55,005,"Wisconsin","Barron County",1,58,811,441,370
050,55,005,"Wisconsin","Barron County",1,59,770,401,369
050,55,005,"Wisconsin","Barron County",1,60,731,372,359
050,55,005,"Wisconsin","Barron County",1,61,756,362,394
050,55,005,"Wisconsin","Barron County",1,62,761,379,382
050,55,005,"Wisconsin","Barron County",1,63,681,360,321
050,55,005,"Wisconsin","Barron County",1,64,697,344,353
050,55,005,"Wisconsin","Barron County",1,65,709,357,352
050,55,005,"Wisconsin","Barron County",1,66,693,358,335
050,55,005,"Wisconsin","Barron County",1,67,683,349,334
050,55,005,"Wisconsin","Barron County",1,68,634,333,301
050,55,005,"Wisconsin","Barron County",1,69,614,317,297
050,55,005,"Wisconsin","Barron County",1,70,577,284,293
050,55,005,"Wisconsin","Barron County",1,71,589,286,303
050,55,005,"Wisconsin","Barron County",1,72,561,270,291
050,55,005,"Wisconsin","Barron County",1,73,596,321,275
050,55,005,"Wisconsin","Barron County",1,74,419,212,207
050,55,005,"Wisconsin","Barron County",1,75,444,207,237
050,55,005,"Wisconsin","Barron County",1,76,462,231,231
050,55,005,"Wisconsin","Barron County",1,77,437,210,227
050,55,005,"Wisconsin","Barron County",1,78,349,170,179
050,55,005,"Wisconsin","Barron County",1,79,303,138,165
050,55,005,"Wisconsin","Barron County",1,80,263,115,148
050,55,005,"Wisconsin","Barron County",1,81,251,113,138
050,55,005,"Wisconsin","Barron County",1,82,241,104,137
050,55,005,"Wisconsin","Barron County",1,83,225,98,127
050,55,005,"Wisconsin","Barron County",1,84,199,87,112
050,55,005,"Wisconsin","Barron County",1,85,1194,403,791
050,55,005,"Wisconsin","Barron County",2,0,498,236,262
050,55,005,"Wisconsin","Barron County",2,1,507,249,258
050,55,005,"Wisconsin","Barron County",2,2,519,264,255
050,55,005,"Wisconsin","Barron County",2,3,500,257,243
050,55,005,"Wisconsin","Barron County",2,4,525,269,256
050,55,005,"Wisconsin","Barron County",2,5,549,276,273
050,55,005,"Wisconsin","Barron County",2,6,545,272,273
050,55,005,"Wisconsin","Barron County",2,7,540,270,270
050,55,005,"Wisconsin","Barron County",2,8,573,292,281
050,55,005,"Wisconsin","Barron County",2,9,569,303,266
050,55,005,"Wisconsin","Barron County",2,10,563,298,265
050,55,005,"Wisconsin","Barron County",2,11,575,296,279
050,55,005,"Wisconsin","Barron County",2,12,605,311,294
050,55,005,"Wisconsin","Barron County",2,13,629,327,302
050,55,005,"Wisconsin","Barron County",2,14,608,314,294
050,55,005,"Wisconsin","Barron County",2,15,592,292,300
050,55,005,"Wisconsin","Barron County",2,16,591,286,305
050,55,005,"Wisconsin","Barron County",2,17,601,321,280
050,55,005,"Wisconsin","Barron County",2,18,503,267,236
050,55,005,"Wisconsin","Barron County",2,19,424,213,211
050,55,005,"Wisconsin","Barron County",2,20,430,221,209
050,55,005,"Wisconsin","Barron County",2,21,444,241,203
050,55,005,"Wisconsin","Barron County",2,22,455,245,210
050,55,005,"Wisconsin","Barron County",2,23,454,239,215
050,55,005,"Wisconsin","Barron County",2,24,472,243,229
050,55,005,"Wisconsin","Barron County",2,25,502,256,246
050,55,005,"Wisconsin","Barron County",2,26,514,261,253
050,55,005,"Wisconsin","Barron County",2,27,518,271,247
050,55,005,"Wisconsin","Barron County",2,28,543,294,249
050,55,005,"Wisconsin","Barron County",2,29,532,284,248
050,55,005,"Wisconsin","Barron County",2,30,487,264,223
050,55,005,"Wisconsin","Barron County",2,31,445,235,210
050,55,005,"Wisconsin","Barron County",2,32,449,235,214
050,55,005,"Wisconsin","Barron County",2,33,466,238,228
050,55,005,"Wisconsin","Barron County",2,34,515,257,258
050,55,005,"Wisconsin","Barron County",2,35,538,267,271
050,55,005,"Wisconsin","Barron County",2,36,559,287,272
050,55,005,"Wisconsin","Barron County",2,37,591,303,288
050,55,005,"Wisconsin","Barron County",2,38,558,292,266
050,55,005,"Wisconsin","Barron County",2,39,557,286,271
050,55,005,"Wisconsin","Barron County",2,40,530,269,261
050,55,005,"Wisconsin","Barron County",2,41,508,254,254
050,55,005,"Wisconsin","Barron County",2,42,505,251,254
050,55,005,"Wisconsin","Barron County",2,43,491,259,232
050,55,005,"Wisconsin","Barron County",2,44,452,247,205
050,55,005,"Wisconsin","Barron County",2,45,466,256,210
050,55,005,"Wisconsin","Barron County",2,46,511,276,235
050,55,005,"Wisconsin","Barron County",2,47,516,260,256
050,55,005,"Wisconsin","Barron County",2,48,534,268,266
050,55,005,"Wisconsin","Barron County",2,49,600,304,296
050,55,005,"Wisconsin","Barron County",2,50,580,301,279
050,55,005,"Wisconsin","Barron County",2,51,549,297,252
050,55,005,"Wisconsin","Barron County",2,52,557,298,259
050,55,005,"Wisconsin","Barron County",2,53,531,271,260
050,55,005,"Wisconsin","Barron County",2,54,562,287,275
050,55,005,"Wisconsin","Barron County",2,55,621,305,316
050,55,005,"Wisconsin","Barron County",2,56,683,327,356
050,55,005,"Wisconsin","Barron County",2,57,738,365,373
050,55,005,"Wisconsin","Barron County",2,58,793,423,370
050,55,005,"Wisconsin","Barron County",2,59,785,415,370
050,55,005,"Wisconsin","Barron County",2,60,740,378,362
050,55,005,"Wisconsin","Barron County",2,61,748,363,385
050,55,005,"Wisconsin","Barron County",2,62,764,377,387
050,55,005,"Wisconsin","Barron County",2,63,708,370,338
050,55,005,"Wisconsin","Barron County",2,64,692,346,346
050,55,005,"Wisconsin","Barron County",2,65,708,357,351
050,55,005,"Wisconsin","Barron County",2,66,698,358,340
050,55,005,"Wisconsin","Barron County",2,67,682,350,332
050,55,005,"Wisconsin","Barron County",2,68,644,336,308
050,55,005,"Wisconsin","Barron County",2,69,625,325,300
050,55,005,"Wisconsin","Barron County",2,70,582,291,291
050,55,005,"Wisconsin","Barron County",2,71,584,284,300
050,55,005,"Wisconsin","Barron County",2,72,561,269,292
050,55,005,"Wisconsin","Barron County",2,73,615,325,290
050,55,005,"Wisconsin","Barron County",2,74,430,219,211
050,55,005,"Wisconsin","Barron County",2,75,437,208,229
050,55,005,"Wisconsin","Barron County",2,76,450,222,228
050,55,005,"Wisconsin","Barron County",2,77,454,220,234
050,55,005,"Wisconsin","Barron County",2,78,360,173,187
050,55,005,"Wisconsin","Barron County",2,79,307,143,164
050,55,005,"Wisconsin","Barron County",2,80,270,119,151
050,55,005,"Wisconsin","Barron County",2,81,248,112,136
050,55,005,"Wisconsin","Barron County",2,82,244,106,138
050,55,005,"Wisconsin","Barron County",2,83,228,99,129
050,55,005,"Wisconsin","Barron County",2,84,197,86,111
050,55,005,"Wisconsin","Barron County",2,85,1204,406,798
050,55,005,"Wisconsin","Barron County",3,0,420,204,216
050,55,005,"Wisconsin","Barron County",3,1,487,239,248
050,55,005,"Wisconsin","Barron County",3,2,521,255,266
050,55,005,"Wisconsin","Barron County",3,3,539,274,265
050,55,005,"Wisconsin","Barron County",3,4,496,250,246
050,55,005,"Wisconsin","Barron County",3,5,512,259,253
050,55,005,"Wisconsin","Barron County",3,6,543,281,262
050,55,005,"Wisconsin","Barron County",3,7,555,283,272
050,55,005,"Wisconsin","Barron County",3,8,538,266,272
050,55,005,"Wisconsin","Barron County",3,9,559,286,273
050,55,005,"Wisconsin","Barron County",3,10,560,300,260
050,55,005,"Wisconsin","Barron County",3,11,558,298,260
050,55,005,"Wisconsin","Barron County",3,12,589,303,286
050,55,005,"Wisconsin","Barron County",3,13,606,318,288
050,55,005,"Wisconsin","Barron County",3,14,636,330,306
050,55,005,"Wisconsin","Barron County",3,15,625,323,302
050,55,005,"Wisconsin","Barron County",3,16,608,290,318
050,55,005,"Wisconsin","Barron County",3,17,605,291,314
050,55,005,"Wisconsin","Barron County",3,18,536,288,248
050,55,005,"Wisconsin","Barron County",3,19,433,225,208
050,55,005,"Wisconsin","Barron County",3,20,425,215,210
050,55,005,"Wisconsin","Barron County",3,21,445,227,218
050,55,005,"Wisconsin","Barron County",3,22,456,242,214
050,55,005,"Wisconsin","Barron County",3,23,475,257,218
050,55,005,"Wisconsin","Barron County",3,24,464,244,220
050,55,005,"Wisconsin","Barron County",3,25,476,242,234
050,55,005,"Wisconsin","Barron County",3,26,504,252,252
050,55,005,"Wisconsin","Barron County",3,27,490,252,238
050,55,005,"Wisconsin","Barron County",3,28,510,256,254
050,55,005,"Wisconsin","Barron County",3,29,542,290,252
050,55,005,"Wisconsin","Barron County",3,30,511,266,245
050,55,005,"Wisconsin","Barron County",3,31,496,268,228
050,55,005,"Wisconsin","Barron County",3,32,442,240,202
050,55,005,"Wisconsin","Barron County",3,33,461,243,218
050,55,005,"Wisconsin","Barron County",3,34,490,256,234
050,55,005,"Wisconsin","Barron County",3,35,509,252,257
050,55,005,"Wisconsin","Barron County",3,36,552,272,280
050,55,005,"Wisconsin","Barron County",3,37,558,285,273
050,55,005,"Wisconsin","Barron County",3,38,597,295,302
050,55,005,"Wisconsin","Barron County",3,39,572,292,280
050,55,005,"Wisconsin","Barron County",3,40,554,282,272
050,55,005,"Wisconsin","Barron County",3,41,533,277,256
050,55,005,"Wisconsin","Barron County",3,42,518,256,262
050,55,005,"Wisconsin","Barron County",3,43,505,254,251
050,55,005,"Wisconsin","Barron County",3,44,511,270,241
050,55,005,"Wisconsin","Barron County",3,45,455,248,207
050,55,005,"Wisconsin","Barron County",3,46,468,249,219
050,55,005,"Wisconsin","Barron County",3,47,515,278,237
050,55,005,"Wisconsin","Barron County",3,48,529,276,253
050,55,005,"Wisconsin","Barron County",3,49,542,270,272
050,55,005,"Wisconsin","Barron County",3,50,571,288,283
050,55,005,"Wisconsin","Barron County",3,51,586,304,282
050,55,005,"Wisconsin","Barron County",3,52,565,298,267
050,55,005,"Wisconsin","Barron County",3,53,546,290,256
050,55,005,"Wisconsin","Barron County",3,54,548,275,273
050,55,005,"Wisconsin","Barron County",3,55,580,295,285
050,55,005,"Wisconsin","Barron County",3,56,627,310,317
050,55,005,"Wisconsin","Barron County",3,57,696,338,358
050,55,005,"Wisconsin","Barron County",3,58,734,370,364
050,55,005,"Wisconsin","Barron County",3,59,803,421,382
050,55,005,"Wisconsin","Barron County",3,60,790,420,370
050,55,005,"Wisconsin","Barron County",3,61,758,388,370
050,55,005,"Wisconsin","Barron County",3,62,745,355,390
050,55,005,"Wisconsin","Barron County",3,63,769,387,382
050,55,005,"Wisconsin","Barron County",3,64,713,364,349
050,55,005,"Wisconsin","Barron County",3,65,691,353,338
050,55,005,"Wisconsin","Barron County",3,66,688,342,346
050,55,005,"Wisconsin","Barron County",3,67,688,353,335
050,55,005,"Wisconsin","Barron County",3,68,677,345,332
050,55,005,"Wisconsin","Barron County",3,69,644,336,308
050,55,005,"Wisconsin","Barron County",3,70,602,311,291
050,55,005,"Wisconsin","Barron County",3,71,572,294,278
050,55,005,"Wisconsin","Barron County",3,72,575,281,294
050,55,005,"Wisconsin","Barron County",3,73,536,260,276
050,55,005,"Wisconsin","Barron County",3,74,584,302,282
050,55,005,"Wisconsin","Barron County",3,75,417,218,199
050,55,005,"Wisconsin","Barron County",3,76,406,195,211
050,55,005,"Wisconsin","Barron County",3,77,426,204,222
050,55,005,"Wisconsin","Barron County",3,78,450,214,236
050,55,005,"Wisconsin","Barron County",3,79,334,165,169
050,55,005,"Wisconsin","Barron County",3,80,298,132,166
050,55,005,"Wisconsin","Barron County",3,81,247,104,143
050,55,005,"Wisconsin","Barron County",3,82,227,104,123
050,55,005,"Wisconsin","Barron County",3,83,242,102,140
050,55,005,"Wisconsin","Barron County",3,84,197,88,109
050,55,005,"Wisconsin","Barron County",3,85,1146,381,765
050,55,005,"Wisconsin","Barron County",4,0,446,214,232
050,55,005,"Wisconsin","Barron County",4,1,440,217,223
050,55,005,"Wisconsin","Barron County",4,2,481,242,239
050,55,005,"Wisconsin","Barron County",4,3,523,252,271
050,55,005,"Wisconsin","Barron County",4,4,523,256,267
050,55,005,"Wisconsin","Barron County",4,5,497,245,252
050,55,005,"Wisconsin","Barron County",4,6,498,250,248
050,55,005,"Wisconsin","Barron County",4,7,553,280,273
050,55,005,"Wisconsin","Barron County",4,8,553,283,270
050,55,005,"Wisconsin","Barron County",4,9,542,270,272
050,55,005,"Wisconsin","Barron County",4,10,570,286,284
050,55,005,"Wisconsin","Barron County",4,11,574,305,269
050,55,005,"Wisconsin","Barron County",4,12,573,298,275
050,55,005,"Wisconsin","Barron County",4,13,587,293,294
050,55,005,"Wisconsin","Barron County",4,14,606,318,288
050,55,005,"Wisconsin","Barron County",4,15,632,334,298
050,55,005,"Wisconsin","Barron County",4,16,610,324,286
050,55,005,"Wisconsin","Barron County",4,17,607,286,321
050,55,005,"Wisconsin","Barron County",4,18,509,251,258
050,55,005,"Wisconsin","Barron County",4,19,456,248,208
050,55,005,"Wisconsin","Barron County",4,20,419,214,205
050,55,005,"Wisconsin","Barron County",4,21,435,221,214
050,55,005,"Wisconsin","Barron County",4,22,458,224,234
050,55,005,"Wisconsin","Barron County",4,23,458,256,202
050,55,005,"Wisconsin","Barron County",4,24,472,251,221
050,55,005,"Wisconsin","Barron County",4,25,475,241,234
050,55,005,"Wisconsin","Barron County",4,26,460,229,231
050,55,005,"Wisconsin","Barron County",4,27,479,244,235
050,55,005,"Wisconsin","Barron County",4,28,485,244,241
050,55,005,"Wisconsin","Barron County",4,29,498,253,245
050,55,005,"Wisconsin","Barron County",4,30,544,291,253
050,55,005,"Wisconsin","Barron County",4,31,511,268,243
050,55,005,"Wisconsin","Barron County",4,32,497,262,235
050,55,005,"Wisconsin","Barron County",4,33,448,236,212
050,55,005,"Wisconsin","Barron County",4,34,468,247,221
050,55,005,"Wisconsin","Barron County",4,35,496,262,234
050,55,005,"Wisconsin","Barron County",4,36,520,255,265
050,55,005,"Wisconsin","Barron County",4,37,558,283,275
050,55,005,"Wisconsin","Barron County",4,38,557,287,270
050,55,005,"Wisconsin","Barron County",4,39,605,288,317
050,55,005,"Wisconsin","Barron County",4,40,563,288,275
050,55,005,"Wisconsin","Barron County",4,41,548,281,267
050,55,005,"Wisconsin","Barron County",4,42,547,281,266
050,55,005,"Wisconsin","Barron County",4,43,533,261,272
050,55,005,"Wisconsin","Barron County",4,44,524,265,259
050,55,005,"Wisconsin","Barron County",4,45,499,257,242
050,55,005,"Wisconsin","Barron County",4,46,450,245,205
050,55,005,"Wisconsin","Barron County",4,47,465,248,217
050,55,005,"Wisconsin","Barron County",4,48,528,285,243
050,55,005,"Wisconsin","Barron County",4,49,532,275,257
050,55,005,"Wisconsin","Barron County",4,50,555,273,282
050,55,005,"Wisconsin","Barron County",4,51,588,297,291
050,55,005,"Wisconsin","Barron County",4,52,595,308,287
050,55,005,"Wisconsin","Barron County",4,53,566,291,275
050,55,005,"Wisconsin","Barron County",4,54,541,288,253
050,55,005,"Wisconsin","Barron County",4,55,557,278,279
050,55,005,"Wisconsin","Barron County",4,56,591,298,293
050,55,005,"Wisconsin","Barron County",4,57,659,332,327
050,55,005,"Wisconsin","Barron County",4,58,704,344,360
050,55,005,"Wisconsin","Barron County",4,59,737,366,371
050,55,005,"Wisconsin","Barron County",4,60,814,434,380
050,55,005,"Wisconsin","Barron County",4,61,799,418,381
050,55,005,"Wisconsin","Barron County",4,62,744,377,367
050,55,005,"Wisconsin","Barron County",4,63,739,351,388
050,55,005,"Wisconsin","Barron County",4,64,765,380,385
050,55,005,"Wisconsin","Barron County",4,65,724,375,349
050,55,005,"Wisconsin","Barron County",4,66,681,337,344
050,55,005,"Wisconsin","Barron County",4,67,693,349,344
050,55,005,"Wisconsin","Barron County",4,68,705,357,348
050,55,005,"Wisconsin","Barron County",4,69,676,342,334
050,55,005,"Wisconsin","Barron County",4,70,626,327,299
050,55,005,"Wisconsin","Barron County",4,71,605,319,286
050,55,005,"Wisconsin","Barron County",4,72,566,287,279
050,55,005,"Wisconsin","Barron County",4,73,570,288,282
050,55,005,"Wisconsin","Barron County",4,74,523,243,280
050,55,005,"Wisconsin","Barron County",4,75,576,300,276
050,55,005,"Wisconsin","Barron County",4,76,392,206,186
050,55,005,"Wisconsin","Barron County",4,77,391,191,200
050,55,005,"Wisconsin","Barron County",4,78,413,198,215
050,55,005,"Wisconsin","Barron County",4,79,416,200,216
050,55,005,"Wisconsin","Barron County",4,80,328,156,172
050,55,005,"Wisconsin","Barron County",4,81,279,120,159
050,55,005,"Wisconsin","Barron County",4,82,228,100,128
050,55,005,"Wisconsin","Barron County",4,83,221,102,119
050,55,005,"Wisconsin","Barron County",4,84,202,89,113
050,55,005,"Wisconsin","Barron County",4,85,1134,375,759
050,55,005,"Wisconsin","Barron County",5,0,441,213,228
050,55,005,"Wisconsin","Barron County",5,1,478,222,256
050,55,005,"Wisconsin","Barron County",5,2,456,231,225
050,55,005,"Wisconsin","Barron County",5,3,488,234,254
050,55,005,"Wisconsin","Barron County",5,4,538,260,278
050,55,005,"Wisconsin","Barron County",5,5,525,265,260
050,55,005,"Wisconsin","Barron County",5,6,508,256,252
050,55,005,"Wisconsin","Barron County",5,7,508,257,251
050,55,005,"Wisconsin","Barron County",5,8,568,287,281
050,55,005,"Wisconsin","Barron County",5,9,550,287,263
050,55,005,"Wisconsin","Barron County",5,10,552,277,275
050,55,005,"Wisconsin","Barron County",5,11,576,297,279
050,55,005,"Wisconsin","Barron County",5,12,573,307,266
050,55,005,"Wisconsin","Barron County",5,13,575,295,280
050,55,005,"Wisconsin","Barron County",5,14,592,294,298
050,55,005,"Wisconsin","Barron County",5,15,608,319,289
050,55,005,"Wisconsin","Barron County",5,16,621,326,295
050,55,005,"Wisconsin","Barron County",5,17,612,319,293
050,55,005,"Wisconsin","Barron County",5,18,511,246,265
050,55,005,"Wisconsin","Barron County",5,19,446,231,215
050,55,005,"Wisconsin","Barron County",5,20,454,244,210
050,55,005,"Wisconsin","Barron County",5,21,437,221,216
050,55,005,"Wisconsin","Barron County",5,22,437,219,218
050,55,005,"Wisconsin","Barron County",5,23,460,238,222
050,55,005,"Wisconsin","Barron County",5,24,470,252,218
050,55,005,"Wisconsin","Barron County",5,25,496,264,232
050,55,005,"Wisconsin","Barron County",5,26,468,248,220
050,55,005,"Wisconsin","Barron County",5,27,461,232,229
050,55,005,"Wisconsin","Barron County",5,28,480,246,234
050,55,005,"Wisconsin","Barron County",5,29,484,247,237
050,55,005,"Wisconsin","Barron County",5,30,510,264,246
050,55,005,"Wisconsin","Barron County",5,31,550,291,259
050,55,005,"Wisconsin","Barron County",5,32,533,274,259
050,55,005,"Wisconsin","Barron County",5,33,496,259,237
050,55,005,"Wisconsin","Barron County",5,34,476,256,220
050,55,005,"Wisconsin","Barron County",5,35,462,242,220
050,55,005,"Wisconsin","Barron County",5,36,502,268,234
050,55,005,"Wisconsin","Barron County",5,37,533,262,271
050,55,005,"Wisconsin","Barron County",5,38,548,277,271
050,55,005,"Wisconsin","Barron County",5,39,565,290,275
050,55,005,"Wisconsin","Barron County",5,40,605,289,316
050,55,005,"Wisconsin","Barron County",5,41,562,293,269
050,55,005,"Wisconsin","Barron County",5,42,557,288,269
050,55,005,"Wisconsin","Barron County",5,43,571,280,291
050,55,005,"Wisconsin","Barron County",5,44,548,270,278
050,55,005,"Wisconsin","Barron County",5,45,519,252,267
050,55,005,"Wisconsin","Barron County",5,46,495,250,245
050,55,005,"Wisconsin","Barron County",5,47,447,241,206
050,55,005,"Wisconsin","Barron County",5,48,461,253,208
050,55,005,"Wisconsin","Barron County",5,49,532,285,247
050,55,005,"Wisconsin","Barron County",5,50,513,260,253
050,55,005,"Wisconsin","Barron County",5,51,537,268,269
050,55,005,"Wisconsin","Barron County",5,52,605,312,293
050,55,005,"Wisconsin","Barron County",5,53,583,297,286
050,55,005,"Wisconsin","Barron County",5,54,564,292,272
050,55,005,"Wisconsin","Barron County",5,55,544,288,256
050,55,005,"Wisconsin","Barron County",5,56,568,281,287
050,55,005,"Wisconsin","Barron County",5,57,589,299,290
050,55,005,"Wisconsin","Barron County",5,58,646,325,321
050,55,005,"Wisconsin","Barron County",5,59,702,341,361
050,55,005,"Wisconsin","Barron County",5,60,745,368,377
050,55,005,"Wisconsin","Barron County",5,61,806,429,377
050,55,005,"Wisconsin","Barron County",5,62,815,420,395
050,55,005,"Wisconsin","Barron County",5,63,738,371,367
050,55,005,"Wisconsin","Barron County",5,64,740,349,391
050,55,005,"Wisconsin","Barron County",5,65,764,382,382
050,55,005,"Wisconsin","Barron County",5,66,710,367,343
050,55,005,"Wisconsin","Barron County",5,67,676,335,341
050,55,005,"Wisconsin","Barron County",5,68,683,341,342
050,55,005,"Wisconsin","Barron County",5,69,705,356,349
050,55,005,"Wisconsin","Barron County",5,70,649,330,319
050,55,005,"Wisconsin","Barron County",5,71,625,333,292
050,55,005,"Wisconsin","Barron County",5,72,605,313,292
050,55,005,"Wisconsin","Barron County",5,73,562,293,269
050,55,005,"Wisconsin","Barron County",5,74,550,265,285
050,55,005,"Wisconsin","Barron County",5,75,518,244,274
050,55,005,"Wisconsin","Barron County",5,76,557,286,271
050,55,005,"Wisconsin","Barron County",5,77,379,202,177
050,55,005,"Wisconsin","Barron County",5,78,391,189,202
050,55,005,"Wisconsin","Barron County",5,79,383,184,199
050,55,005,"Wisconsin","Barron County",5,80,408,188,220
050,55,005,"Wisconsin","Barron County",5,81,305,146,159
050,55,005,"Wisconsin","Barron County",5,82,259,114,145
050,55,005,"Wisconsin","Barron County",5,83,224,98,126
050,55,005,"Wisconsin","Barron County",5,84,189,92,97
050,55,005,"Wisconsin","Barron County",5,85,1151,381,770
050,55,007,"Wisconsin","Bayfield County",1,0,132,68,64
050,55,007,"Wisconsin","Bayfield County",1,1,137,71,66
050,55,007,"Wisconsin","Bayfield County",1,2,148,72,76
050,55,007,"Wisconsin","Bayfield County",1,3,140,65,75
050,55,007,"Wisconsin","Bayfield County",1,4,144,65,79
050,55,007,"Wisconsin","Bayfield County",1,5,160,77,83
050,55,007,"Wisconsin","Bayfield County",1,6,146,84,62
050,55,007,"Wisconsin","Bayfield County",1,7,140,75,65
050,55,007,"Wisconsin","Bayfield County",1,8,165,91,74
050,55,007,"Wisconsin","Bayfield County",1,9,148,82,66
050,55,007,"Wisconsin","Bayfield County",1,10,156,79,77
050,55,007,"Wisconsin","Bayfield County",1,11,157,82,75
050,55,007,"Wisconsin","Bayfield County",1,12,172,87,85
050,55,007,"Wisconsin","Bayfield County",1,13,169,83,86
050,55,007,"Wisconsin","Bayfield County",1,14,167,87,80
050,55,007,"Wisconsin","Bayfield County",1,15,162,82,80
050,55,007,"Wisconsin","Bayfield County",1,16,172,88,84
050,55,007,"Wisconsin","Bayfield County",1,17,191,97,94
050,55,007,"Wisconsin","Bayfield County",1,18,157,90,67
050,55,007,"Wisconsin","Bayfield County",1,19,123,66,57
050,55,007,"Wisconsin","Bayfield County",1,20,133,73,60
050,55,007,"Wisconsin","Bayfield County",1,21,132,66,66
050,55,007,"Wisconsin","Bayfield County",1,22,128,72,56
050,55,007,"Wisconsin","Bayfield County",1,23,117,66,51
050,55,007,"Wisconsin","Bayfield County",1,24,113,55,58
050,55,007,"Wisconsin","Bayfield County",1,25,115,63,52
050,55,007,"Wisconsin","Bayfield County",1,26,139,67,72
050,55,007,"Wisconsin","Bayfield County",1,27,137,68,69
050,55,007,"Wisconsin","Bayfield County",1,28,136,66,70
050,55,007,"Wisconsin","Bayfield County",1,29,114,59,55
050,55,007,"Wisconsin","Bayfield County",1,30,114,54,60
050,55,007,"Wisconsin","Bayfield County",1,31,115,51,64
050,55,007,"Wisconsin","Bayfield County",1,32,115,56,59
050,55,007,"Wisconsin","Bayfield County",1,33,147,78,69
050,55,007,"Wisconsin","Bayfield County",1,34,152,84,68
050,55,007,"Wisconsin","Bayfield County",1,35,155,70,85
050,55,007,"Wisconsin","Bayfield County",1,36,162,82,80
050,55,007,"Wisconsin","Bayfield County",1,37,147,72,75
050,55,007,"Wisconsin","Bayfield County",1,38,154,73,81
050,55,007,"Wisconsin","Bayfield County",1,39,163,85,78
050,55,007,"Wisconsin","Bayfield County",1,40,156,74,82
050,55,007,"Wisconsin","Bayfield County",1,41,154,80,74
050,55,007,"Wisconsin","Bayfield County",1,42,160,81,79
050,55,007,"Wisconsin","Bayfield County",1,43,176,91,85
050,55,007,"Wisconsin","Bayfield County",1,44,152,82,70
050,55,007,"Wisconsin","Bayfield County",1,45,137,74,63
050,55,007,"Wisconsin","Bayfield County",1,46,146,72,74
050,55,007,"Wisconsin","Bayfield County",1,47,143,74,69
050,55,007,"Wisconsin","Bayfield County",1,48,173,92,81
050,55,007,"Wisconsin","Bayfield County",1,49,200,103,97
050,55,007,"Wisconsin","Bayfield County",1,50,197,92,105
050,55,007,"Wisconsin","Bayfield County",1,51,204,98,106
050,55,007,"Wisconsin","Bayfield County",1,52,201,103,98
050,55,007,"Wisconsin","Bayfield County",1,53,214,106,108
050,55,007,"Wisconsin","Bayfield County",1,54,245,132,113
050,55,007,"Wisconsin","Bayfield County",1,55,270,140,130
050,55,007,"Wisconsin","Bayfield County",1,56,284,141,143
050,55,007,"Wisconsin","Bayfield County",1,57,261,124,137
050,55,007,"Wisconsin","Bayfield County",1,58,287,139,148
050,55,007,"Wisconsin","Bayfield County",1,59,302,150,152
050,55,007,"Wisconsin","Bayfield County",1,60,306,164,142
050,55,007,"Wisconsin","Bayfield County",1,61,331,174,157
050,55,007,"Wisconsin","Bayfield County",1,62,342,179,163
050,55,007,"Wisconsin","Bayfield County",1,63,320,152,168
050,55,007,"Wisconsin","Bayfield County",1,64,350,179,171
050,55,007,"Wisconsin","Bayfield County",1,65,377,192,185
050,55,007,"Wisconsin","Bayfield County",1,66,348,177,171
050,55,007,"Wisconsin","Bayfield County",1,67,344,185,159
050,55,007,"Wisconsin","Bayfield County",1,68,339,170,169
050,55,007,"Wisconsin","Bayfield County",1,69,313,155,158
050,55,007,"Wisconsin","Bayfield County",1,70,291,141,150
050,55,007,"Wisconsin","Bayfield County",1,71,263,143,120
050,55,007,"Wisconsin","Bayfield County",1,72,280,144,136
050,55,007,"Wisconsin","Bayfield County",1,73,275,150,125
050,55,007,"Wisconsin","Bayfield County",1,74,199,104,95
050,55,007,"Wisconsin","Bayfield County",1,75,195,95,100
050,55,007,"Wisconsin","Bayfield County",1,76,178,96,82
050,55,007,"Wisconsin","Bayfield County",1,77,168,96,72
050,55,007,"Wisconsin","Bayfield County",1,78,150,66,84
050,55,007,"Wisconsin","Bayfield County",1,79,133,62,71
050,55,007,"Wisconsin","Bayfield County",1,80,120,59,61
050,55,007,"Wisconsin","Bayfield County",1,81,101,49,52
050,55,007,"Wisconsin","Bayfield County",1,82,100,54,46
050,55,007,"Wisconsin","Bayfield County",1,83,75,39,36
050,55,007,"Wisconsin","Bayfield County",1,84,68,34,34
050,55,007,"Wisconsin","Bayfield County",1,85,414,185,229
050,55,007,"Wisconsin","Bayfield County",2,0,124,62,62
050,55,007,"Wisconsin","Bayfield County",2,1,138,70,68
050,55,007,"Wisconsin","Bayfield County",2,2,143,70,73
050,55,007,"Wisconsin","Bayfield County",2,3,141,66,75
050,55,007,"Wisconsin","Bayfield County",2,4,147,67,80
050,55,007,"Wisconsin","Bayfield County",2,5,157,75,82
050,55,007,"Wisconsin","Bayfield County",2,6,152,84,68
050,55,007,"Wisconsin","Bayfield County",2,7,144,78,66
050,55,007,"Wisconsin","Bayfield County",2,8,158,87,71
050,55,007,"Wisconsin","Bayfield County",2,9,152,84,68
050,55,007,"Wisconsin","Bayfield County",2,10,155,80,75
050,55,007,"Wisconsin","Bayfield County",2,11,155,81,74
050,55,007,"Wisconsin","Bayfield County",2,12,169,87,82
050,55,007,"Wisconsin","Bayfield County",2,13,170,84,86
050,55,007,"Wisconsin","Bayfield County",2,14,168,86,82
050,55,007,"Wisconsin","Bayfield County",2,15,163,83,80
050,55,007,"Wisconsin","Bayfield County",2,16,171,87,84
050,55,007,"Wisconsin","Bayfield County",2,17,186,95,91
050,55,007,"Wisconsin","Bayfield County",2,18,158,88,70
050,55,007,"Wisconsin","Bayfield County",2,19,125,68,57
050,55,007,"Wisconsin","Bayfield County",2,20,131,71,60
050,55,007,"Wisconsin","Bayfield County",2,21,131,66,65
050,55,007,"Wisconsin","Bayfield County",2,22,130,72,58
050,55,007,"Wisconsin","Bayfield County",2,23,119,66,53
050,55,007,"Wisconsin","Bayfield County",2,24,112,57,55
050,55,007,"Wisconsin","Bayfield County",2,25,119,63,56
050,55,007,"Wisconsin","Bayfield County",2,26,133,65,68
050,55,007,"Wisconsin","Bayfield County",2,27,137,67,70
050,55,007,"Wisconsin","Bayfield County",2,28,138,67,71
050,55,007,"Wisconsin","Bayfield County",2,29,122,63,59
050,55,007,"Wisconsin","Bayfield County",2,30,116,56,60
050,55,007,"Wisconsin","Bayfield County",2,31,113,51,62
050,55,007,"Wisconsin","Bayfield County",2,32,113,54,59
050,55,007,"Wisconsin","Bayfield County",2,33,136,72,64
050,55,007,"Wisconsin","Bayfield County",2,34,152,83,69
050,55,007,"Wisconsin","Bayfield County",2,35,155,74,81
050,55,007,"Wisconsin","Bayfield County",2,36,158,78,80
050,55,007,"Wisconsin","Bayfield County",2,37,151,74,77
050,55,007,"Wisconsin","Bayfield County",2,38,156,75,81
050,55,007,"Wisconsin","Bayfield County",2,39,160,82,78
050,55,007,"Wisconsin","Bayfield County",2,40,159,78,81
050,55,007,"Wisconsin","Bayfield County",2,41,153,78,75
050,55,007,"Wisconsin","Bayfield County",2,42,159,81,78
050,55,007,"Wisconsin","Bayfield County",2,43,177,92,85
050,55,007,"Wisconsin","Bayfield County",2,44,156,84,72
050,55,007,"Wisconsin","Bayfield County",2,45,140,75,65
050,55,007,"Wisconsin","Bayfield County",2,46,144,73,71
050,55,007,"Wisconsin","Bayfield County",2,47,145,74,71
050,55,007,"Wisconsin","Bayfield County",2,48,168,89,79
050,55,007,"Wisconsin","Bayfield County",2,49,193,100,93
050,55,007,"Wisconsin","Bayfield County",2,50,198,95,103
050,55,007,"Wisconsin","Bayfield County",2,51,203,97,106
050,55,007,"Wisconsin","Bayfield County",2,52,202,102,100
050,55,007,"Wisconsin","Bayfield County",2,53,212,106,106
050,55,007,"Wisconsin","Bayfield County",2,54,239,127,112
050,55,007,"Wisconsin","Bayfield County",2,55,267,139,128
050,55,007,"Wisconsin","Bayfield County",2,56,285,144,141
050,55,007,"Wisconsin","Bayfield County",2,57,270,130,140
050,55,007,"Wisconsin","Bayfield County",2,58,278,134,144
050,55,007,"Wisconsin","Bayfield County",2,59,299,147,152
050,55,007,"Wisconsin","Bayfield County",2,60,309,162,147
050,55,007,"Wisconsin","Bayfield County",2,61,326,174,152
050,55,007,"Wisconsin","Bayfield County",2,62,341,178,163
050,55,007,"Wisconsin","Bayfield County",2,63,333,162,171
050,55,007,"Wisconsin","Bayfield County",2,64,343,171,172
050,55,007,"Wisconsin","Bayfield County",2,65,370,190,180
050,55,007,"Wisconsin","Bayfield County",2,66,358,182,176
050,55,007,"Wisconsin","Bayfield County",2,67,346,183,163
050,55,007,"Wisconsin","Bayfield County",2,68,339,174,165
050,55,007,"Wisconsin","Bayfield County",2,69,323,162,161
050,55,007,"Wisconsin","Bayfield County",2,70,296,145,151
050,55,007,"Wisconsin","Bayfield County",2,71,269,143,126
050,55,007,"Wisconsin","Bayfield County",2,72,274,143,131
050,55,007,"Wisconsin","Bayfield County",2,73,290,155,135
050,55,007,"Wisconsin","Bayfield County",2,74,202,107,95
050,55,007,"Wisconsin","Bayfield County",2,75,196,97,99
050,55,007,"Wisconsin","Bayfield County",2,76,177,93,84
050,55,007,"Wisconsin","Bayfield County",2,77,172,97,75
050,55,007,"Wisconsin","Bayfield County",2,78,149,70,79
050,55,007,"Wisconsin","Bayfield County",2,79,131,59,72
050,55,007,"Wisconsin","Bayfield County",2,80,121,58,63
050,55,007,"Wisconsin","Bayfield County",2,81,103,50,53
050,55,007,"Wisconsin","Bayfield County",2,82,100,52,48
050,55,007,"Wisconsin","Bayfield County",2,83,79,41,38
050,55,007,"Wisconsin","Bayfield County",2,84,69,36,33
050,55,007,"Wisconsin","Bayfield County",2,85,416,185,231
050,55,007,"Wisconsin","Bayfield County",3,0,98,50,48
050,55,007,"Wisconsin","Bayfield County",3,1,133,72,61
050,55,007,"Wisconsin","Bayfield County",3,2,139,73,66
050,55,007,"Wisconsin","Bayfield County",3,3,145,75,70
050,55,007,"Wisconsin","Bayfield County",3,4,140,62,78
050,55,007,"Wisconsin","Bayfield County",3,5,142,64,78
050,55,007,"Wisconsin","Bayfield County",3,6,159,75,84
050,55,007,"Wisconsin","Bayfield County",3,7,149,80,69
050,55,007,"Wisconsin","Bayfield County",3,8,140,77,63
050,55,007,"Wisconsin","Bayfield County",3,9,157,89,68
050,55,007,"Wisconsin","Bayfield County",3,10,155,88,67
050,55,007,"Wisconsin","Bayfield County",3,11,154,80,74
050,55,007,"Wisconsin","Bayfield County",3,12,152,79,73
050,55,007,"Wisconsin","Bayfield County",3,13,177,91,86
050,55,007,"Wisconsin","Bayfield County",3,14,170,84,86
050,55,007,"Wisconsin","Bayfield County",3,15,169,87,82
050,55,007,"Wisconsin","Bayfield County",3,16,164,89,75
050,55,007,"Wisconsin","Bayfield County",3,17,171,86,85
050,55,007,"Wisconsin","Bayfield County",3,18,146,82,64
050,55,007,"Wisconsin","Bayfield County",3,19,119,65,54
050,55,007,"Wisconsin","Bayfield County",3,20,126,68,58
050,55,007,"Wisconsin","Bayfield County",3,21,134,69,65
050,55,007,"Wisconsin","Bayfield County",3,22,139,74,65
050,55,007,"Wisconsin","Bayfield County",3,23,122,63,59
050,55,007,"Wisconsin","Bayfield County",3,24,116,60,56
050,55,007,"Wisconsin","Bayfield County",3,25,116,66,50
050,55,007,"Wisconsin","Bayfield County",3,26,123,69,54
050,55,007,"Wisconsin","Bayfield County",3,27,132,61,71
050,55,007,"Wisconsin","Bayfield County",3,28,138,64,74
050,55,007,"Wisconsin","Bayfield County",3,29,148,79,69
050,55,007,"Wisconsin","Bayfield County",3,30,120,64,56
050,55,007,"Wisconsin","Bayfield County",3,31,125,63,62
050,55,007,"Wisconsin","Bayfield County",3,32,116,53,63
050,55,007,"Wisconsin","Bayfield County",3,33,123,64,59
050,55,007,"Wisconsin","Bayfield County",3,34,142,72,70
050,55,007,"Wisconsin","Bayfield County",3,35,159,83,76
050,55,007,"Wisconsin","Bayfield County",3,36,158,77,81
050,55,007,"Wisconsin","Bayfield County",3,37,170,84,86
050,55,007,"Wisconsin","Bayfield County",3,38,161,81,80
050,55,007,"Wisconsin","Bayfield County",3,39,151,70,81
050,55,007,"Wisconsin","Bayfield County",3,40,164,83,81
050,55,007,"Wisconsin","Bayfield County",3,41,166,78,88
050,55,007,"Wisconsin","Bayfield County",3,42,157,81,76
050,55,007,"Wisconsin","Bayfield County",3,43,163,85,78
050,55,007,"Wisconsin","Bayfield County",3,44,179,90,89
050,55,007,"Wisconsin","Bayfield County",3,45,156,85,71
050,55,007,"Wisconsin","Bayfield County",3,46,143,78,65
050,55,007,"Wisconsin","Bayfield County",3,47,148,77,71
050,55,007,"Wisconsin","Bayfield County",3,48,154,79,75
050,55,007,"Wisconsin","Bayfield County",3,49,173,90,83
050,55,007,"Wisconsin","Bayfield County",3,50,192,98,94
050,55,007,"Wisconsin","Bayfield County",3,51,202,95,107
050,55,007,"Wisconsin","Bayfield County",3,52,212,103,109
050,55,007,"Wisconsin","Bayfield County",3,53,211,106,105
050,55,007,"Wisconsin","Bayfield County",3,54,217,106,111
050,55,007,"Wisconsin","Bayfield County",3,55,241,130,111
050,55,007,"Wisconsin","Bayfield County",3,56,271,139,132
050,55,007,"Wisconsin","Bayfield County",3,57,292,145,147
050,55,007,"Wisconsin","Bayfield County",3,58,283,135,148
050,55,007,"Wisconsin","Bayfield County",3,59,287,145,142
050,55,007,"Wisconsin","Bayfield County",3,60,319,155,164
050,55,007,"Wisconsin","Bayfield County",3,61,310,160,150
050,55,007,"Wisconsin","Bayfield County",3,62,336,178,158
050,55,007,"Wisconsin","Bayfield County",3,63,351,182,169
050,55,007,"Wisconsin","Bayfield County",3,64,347,172,175
050,55,007,"Wisconsin","Bayfield County",3,65,351,174,177
050,55,007,"Wisconsin","Bayfield County",3,66,380,195,185
050,55,007,"Wisconsin","Bayfield County",3,67,356,177,179
050,55,007,"Wisconsin","Bayfield County",3,68,352,182,170
050,55,007,"Wisconsin","Bayfield County",3,69,333,172,161
050,55,007,"Wisconsin","Bayfield County",3,70,319,158,161
050,55,007,"Wisconsin","Bayfield County",3,71,292,142,150
050,55,007,"Wisconsin","Bayfield County",3,72,264,144,120
050,55,007,"Wisconsin","Bayfield County",3,73,268,139,129
050,55,007,"Wisconsin","Bayfield County",3,74,282,153,129
050,55,007,"Wisconsin","Bayfield County",3,75,192,105,87
050,55,007,"Wisconsin","Bayfield County",3,76,191,94,97
050,55,007,"Wisconsin","Bayfield County",3,77,162,87,75
050,55,007,"Wisconsin","Bayfield County",3,78,163,91,72
050,55,007,"Wisconsin","Bayfield County",3,79,136,62,74
050,55,007,"Wisconsin","Bayfield County",3,80,121,53,68
050,55,007,"Wisconsin","Bayfield County",3,81,112,52,60
050,55,007,"Wisconsin","Bayfield County",3,82,96,46,50
050,55,007,"Wisconsin","Bayfield County",3,83,90,49,41
050,55,007,"Wisconsin","Bayfield County",3,84,73,40,33
050,55,007,"Wisconsin","Bayfield County",3,85,417,186,231
050,55,007,"Wisconsin","Bayfield County",4,0,112,70,42
050,55,007,"Wisconsin","Bayfield County",4,1,112,52,60
050,55,007,"Wisconsin","Bayfield County",4,2,140,75,65
050,55,007,"Wisconsin","Bayfield County",4,3,138,74,64
050,55,007,"Wisconsin","Bayfield County",4,4,153,76,77
050,55,007,"Wisconsin","Bayfield County",4,5,143,66,77
050,55,007,"Wisconsin","Bayfield County",4,6,143,66,77
050,55,007,"Wisconsin","Bayfield County",4,7,155,76,79
050,55,007,"Wisconsin","Bayfield County",4,8,148,77,71
050,55,007,"Wisconsin","Bayfield County",4,9,147,80,67
050,55,007,"Wisconsin","Bayfield County",4,10,170,94,76
050,55,007,"Wisconsin","Bayfield County",4,11,162,89,73
050,55,007,"Wisconsin","Bayfield County",4,12,165,87,78
050,55,007,"Wisconsin","Bayfield County",4,13,156,79,77
050,55,007,"Wisconsin","Bayfield County",4,14,177,94,83
050,55,007,"Wisconsin","Bayfield County",4,15,176,90,86
050,55,007,"Wisconsin","Bayfield County",4,16,173,88,85
050,55,007,"Wisconsin","Bayfield County",4,17,168,93,75
050,55,007,"Wisconsin","Bayfield County",4,18,156,78,78
050,55,007,"Wisconsin","Bayfield County",4,19,114,58,56
050,55,007,"Wisconsin","Bayfield County",4,20,118,64,54
050,55,007,"Wisconsin","Bayfield County",4,21,119,66,53
050,55,007,"Wisconsin","Bayfield County",4,22,151,77,74
050,55,007,"Wisconsin","Bayfield County",4,23,137,71,66
050,55,007,"Wisconsin","Bayfield County",4,24,122,62,60
050,55,007,"Wisconsin","Bayfield County",4,25,120,63,57
050,55,007,"Wisconsin","Bayfield County",4,26,115,66,49
050,55,007,"Wisconsin","Bayfield County",4,27,119,59,60
050,55,007,"Wisconsin","Bayfield County",4,28,139,68,71
050,55,007,"Wisconsin","Bayfield County",4,29,142,68,74
050,55,007,"Wisconsin","Bayfield County",4,30,156,79,77
050,55,007,"Wisconsin","Bayfield County",4,31,127,71,56
050,55,007,"Wisconsin","Bayfield County",4,32,134,67,67
050,55,007,"Wisconsin","Bayfield County",4,33,123,59,64
050,55,007,"Wisconsin","Bayfield County",4,34,141,77,64
050,55,007,"Wisconsin","Bayfield County",4,35,146,72,74
050,55,007,"Wisconsin","Bayfield County",4,36,164,85,79
050,55,007,"Wisconsin","Bayfield County",4,37,168,78,90
050,55,007,"Wisconsin","Bayfield County",4,38,175,86,89
050,55,007,"Wisconsin","Bayfield County",4,39,169,89,80
050,55,007,"Wisconsin","Bayfield County",4,40,158,78,80
050,55,007,"Wisconsin","Bayfield County",4,41,177,90,87
050,55,007,"Wisconsin","Bayfield County",4,42,170,80,90
050,55,007,"Wisconsin","Bayfield County",4,43,158,81,77
050,55,007,"Wisconsin","Bayfield County",4,44,163,87,76
050,55,007,"Wisconsin","Bayfield County",4,45,184,97,87
050,55,007,"Wisconsin","Bayfield County",4,46,163,88,75
050,55,007,"Wisconsin","Bayfield County",4,47,150,85,65
050,55,007,"Wisconsin","Bayfield County",4,48,152,77,75
050,55,007,"Wisconsin","Bayfield County",4,49,152,80,72
050,55,007,"Wisconsin","Bayfield County",4,50,183,96,87
050,55,007,"Wisconsin","Bayfield County",4,51,204,102,102
050,55,007,"Wisconsin","Bayfield County",4,52,212,105,107
050,55,007,"Wisconsin","Bayfield County",4,53,214,106,108
050,55,007,"Wisconsin","Bayfield County",4,54,209,106,103
050,55,007,"Wisconsin","Bayfield County",4,55,221,110,111
050,55,007,"Wisconsin","Bayfield County",4,56,258,138,120
050,55,007,"Wisconsin","Bayfield County",4,57,283,145,138
050,55,007,"Wisconsin","Bayfield County",4,58,305,151,154
050,55,007,"Wisconsin","Bayfield County",4,59,295,144,151
050,55,007,"Wisconsin","Bayfield County",4,60,309,158,151
050,55,007,"Wisconsin","Bayfield County",4,61,324,159,165
050,55,007,"Wisconsin","Bayfield County",4,62,311,155,156
050,55,007,"Wisconsin","Bayfield County",4,63,357,188,169
050,55,007,"Wisconsin","Bayfield County",4,64,378,195,183
050,55,007,"Wisconsin","Bayfield County",4,65,361,178,183
050,55,007,"Wisconsin","Bayfield County",4,66,363,183,180
050,55,007,"Wisconsin","Bayfield County",4,67,388,198,190
050,55,007,"Wisconsin","Bayfield County",4,68,364,176,188
050,55,007,"Wisconsin","Bayfield County",4,69,351,185,166
050,55,007,"Wisconsin","Bayfield County",4,70,335,169,166
050,55,007,"Wisconsin","Bayfield County",4,71,320,160,160
050,55,007,"Wisconsin","Bayfield County",4,72,289,140,149
050,55,007,"Wisconsin","Bayfield County",4,73,265,143,122
050,55,007,"Wisconsin","Bayfield County",4,74,265,139,126
050,55,007,"Wisconsin","Bayfield County",4,75,271,147,124
050,55,007,"Wisconsin","Bayfield County",4,76,184,99,85
050,55,007,"Wisconsin","Bayfield County",4,77,171,84,87
050,55,007,"Wisconsin","Bayfield County",4,78,157,83,74
050,55,007,"Wisconsin","Bayfield County",4,79,142,78,64
050,55,007,"Wisconsin","Bayfield County",4,80,129,55,74
050,55,007,"Wisconsin","Bayfield County",4,81,115,53,62
050,55,007,"Wisconsin","Bayfield County",4,82,105,48,57
050,55,007,"Wisconsin","Bayfield County",4,83,93,43,50
050,55,007,"Wisconsin","Bayfield County",4,84,84,46,38
050,55,007,"Wisconsin","Bayfield County",4,85,424,187,237
050,55,007,"Wisconsin","Bayfield County",5,0,115,72,43
050,55,007,"Wisconsin","Bayfield County",5,1,110,68,42
050,55,007,"Wisconsin","Bayfield County",5,2,123,52,71
050,55,007,"Wisconsin","Bayfield County",5,3,144,79,65
050,55,007,"Wisconsin","Bayfield County",5,4,140,73,67
050,55,007,"Wisconsin","Bayfield County",5,5,156,80,76
050,55,007,"Wisconsin","Bayfield County",5,6,143,67,76
050,55,007,"Wisconsin","Bayfield County",5,7,143,65,78
050,55,007,"Wisconsin","Bayfield County",5,8,162,79,83
050,55,007,"Wisconsin","Bayfield County",5,9,150,81,69
050,55,007,"Wisconsin","Bayfield County",5,10,150,84,66
050,55,007,"Wisconsin","Bayfield County",5,11,178,101,77
050,55,007,"Wisconsin","Bayfield County",5,12,162,87,75
050,55,007,"Wisconsin","Bayfield County",5,13,162,87,75
050,55,007,"Wisconsin","Bayfield County",5,14,156,79,77
050,55,007,"Wisconsin","Bayfield County",5,15,186,99,87
050,55,007,"Wisconsin","Bayfield County",5,16,182,91,91
050,55,007,"Wisconsin","Bayfield County",5,17,172,88,84
050,55,007,"Wisconsin","Bayfield County",5,18,141,80,61
050,55,007,"Wisconsin","Bayfield County",5,19,121,60,61
050,55,007,"Wisconsin","Bayfield County",5,20,114,62,52
050,55,007,"Wisconsin","Bayfield County",5,21,131,73,58
050,55,007,"Wisconsin","Bayfield County",5,22,129,70,59
050,55,007,"Wisconsin","Bayfield County",5,23,150,75,75
050,55,007,"Wisconsin","Bayfield County",5,24,123,69,54
050,55,007,"Wisconsin","Bayfield County",5,25,116,58,58
050,55,007,"Wisconsin","Bayfield County",5,26,126,71,55
050,55,007,"Wisconsin","Bayfield County",5,27,113,64,49
050,55,007,"Wisconsin","Bayfield County",5,28,120,62,58
050,55,007,"Wisconsin","Bayfield County",5,29,138,67,71
050,55,007,"Wisconsin","Bayfield County",5,30,140,68,72
050,55,007,"Wisconsin","Bayfield County",5,31,158,81,77
050,55,007,"Wisconsin","Bayfield County",5,32,128,68,60
050,55,007,"Wisconsin","Bayfield County",5,33,134,70,64
050,55,007,"Wisconsin","Bayfield County",5,34,119,57,62
050,55,007,"Wisconsin","Bayfield County",5,35,147,82,65
050,55,007,"Wisconsin","Bayfield County",5,36,149,72,77
050,55,007,"Wisconsin","Bayfield County",5,37,173,91,82
050,55,007,"Wisconsin","Bayfield County",5,38,176,83,93
050,55,007,"Wisconsin","Bayfield County",5,39,179,85,94
050,55,007,"Wisconsin","Bayfield County",5,40,168,88,80
050,55,007,"Wisconsin","Bayfield County",5,41,168,83,85
050,55,007,"Wisconsin","Bayfield County",5,42,178,93,85
050,55,007,"Wisconsin","Bayfield County",5,43,182,84,98
050,55,007,"Wisconsin","Bayfield County",5,44,163,84,79
050,55,007,"Wisconsin","Bayfield County",5,45,164,86,78
050,55,007,"Wisconsin","Bayfield County",5,46,183,92,91
050,55,007,"Wisconsin","Bayfield County",5,47,169,91,78
050,55,007,"Wisconsin","Bayfield County",5,48,149,83,66
050,55,007,"Wisconsin","Bayfield County",5,49,160,81,79
050,55,007,"Wisconsin","Bayfield County",5,50,158,80,78
050,55,007,"Wisconsin","Bayfield County",5,51,182,97,85
050,55,007,"Wisconsin","Bayfield County",5,52,214,105,109
050,55,007,"Wisconsin","Bayfield County",5,53,211,109,102
050,55,007,"Wisconsin","Bayfield County",5,54,219,106,113
050,55,007,"Wisconsin","Bayfield County",5,55,215,113,102
050,55,007,"Wisconsin","Bayfield County",5,56,223,110,113
050,55,007,"Wisconsin","Bayfield County",5,57,271,143,128
050,55,007,"Wisconsin","Bayfield County",5,58,286,146,140
050,55,007,"Wisconsin","Bayfield County",5,59,311,156,155
050,55,007,"Wisconsin","Bayfield County",5,60,302,142,160
050,55,007,"Wisconsin","Bayfield County",5,61,316,160,156
050,55,007,"Wisconsin","Bayfield County",5,62,337,161,176
050,55,007,"Wisconsin","Bayfield County",5,63,315,157,158
050,55,007,"Wisconsin","Bayfield County",5,64,366,194,172
050,55,007,"Wisconsin","Bayfield County",5,65,373,195,178
050,55,007,"Wisconsin","Bayfield County",5,66,365,181,184
050,55,007,"Wisconsin","Bayfield County",5,67,365,186,179
050,55,007,"Wisconsin","Bayfield County",5,68,385,191,194
050,55,007,"Wisconsin","Bayfield County",5,69,356,171,185
050,55,007,"Wisconsin","Bayfield County",5,70,357,191,166
050,55,007,"Wisconsin","Bayfield County",5,71,335,169,166
050,55,007,"Wisconsin","Bayfield County",5,72,319,160,159
050,55,007,"Wisconsin","Bayfield County",5,73,281,136,145
050,55,007,"Wisconsin","Bayfield County",5,74,262,143,119
050,55,007,"Wisconsin","Bayfield County",5,75,257,137,120
050,55,007,"Wisconsin","Bayfield County",5,76,265,144,121
050,55,007,"Wisconsin","Bayfield County",5,77,170,91,79
050,55,007,"Wisconsin","Bayfield County",5,78,162,78,84
050,55,007,"Wisconsin","Bayfield County",5,79,146,73,73
050,55,007,"Wisconsin","Bayfield County",5,80,141,78,63
050,55,007,"Wisconsin","Bayfield County",5,81,123,54,69
050,55,007,"Wisconsin","Bayfield County",5,82,112,51,61
050,55,007,"Wisconsin","Bayfield County",5,83,96,42,54
050,55,007,"Wisconsin","Bayfield County",5,84,84,37,47
050,55,007,"Wisconsin","Bayfield County",5,85,446,202,244
050,55,009,"Wisconsin","Brown County",1,0,3096,1572,1524
050,55,009,"Wisconsin","Brown County",1,1,3153,1615,1538
050,55,009,"Wisconsin","Brown County",1,2,3232,1683,1549
050,55,009,"Wisconsin","Brown County",1,3,3358,1672,1686
050,55,009,"Wisconsin","Brown County",1,4,3449,1719,1730
050,55,009,"Wisconsin","Brown County",1,5,3452,1762,1690
050,55,009,"Wisconsin","Brown County",1,6,3524,1826,1698
050,55,009,"Wisconsin","Brown County",1,7,3522,1733,1789
050,55,009,"Wisconsin","Brown County",1,8,3515,1813,1702
050,55,009,"Wisconsin","Brown County",1,9,3506,1839,1667
050,55,009,"Wisconsin","Brown County",1,10,3699,1913,1786
050,55,009,"Wisconsin","Brown County",1,11,3801,1949,1852
050,55,009,"Wisconsin","Brown County",1,12,3888,1998,1890
050,55,009,"Wisconsin","Brown County",1,13,3830,1959,1871
050,55,009,"Wisconsin","Brown County",1,14,3697,1880,1817
050,55,009,"Wisconsin","Brown County",1,15,3600,1829,1771
050,55,009,"Wisconsin","Brown County",1,16,3734,1888,1846
050,55,009,"Wisconsin","Brown County",1,17,3700,1839,1861
050,55,009,"Wisconsin","Brown County",1,18,3582,1830,1752
050,55,009,"Wisconsin","Brown County",1,19,3732,1814,1918
050,55,009,"Wisconsin","Brown County",1,20,3629,1776,1853
050,55,009,"Wisconsin","Brown County",1,21,3540,1715,1825
050,55,009,"Wisconsin","Brown County",1,22,3415,1696,1719
050,55,009,"Wisconsin","Brown County",1,23,3378,1721,1657
050,55,009,"Wisconsin","Brown County",1,24,3379,1742,1637
050,55,009,"Wisconsin","Brown County",1,25,3412,1741,1671
050,55,009,"Wisconsin","Brown County",1,26,3565,1836,1729
050,55,009,"Wisconsin","Brown County",1,27,3720,1910,1810
050,55,009,"Wisconsin","Brown County",1,28,3688,1907,1781
050,55,009,"Wisconsin","Brown County",1,29,3611,1837,1774
050,55,009,"Wisconsin","Brown County",1,30,3438,1770,1668
050,55,009,"Wisconsin","Brown County",1,31,3521,1805,1716
050,55,009,"Wisconsin","Brown County",1,32,3528,1804,1724
050,55,009,"Wisconsin","Brown County",1,33,3535,1823,1712
050,55,009,"Wisconsin","Brown County",1,34,3578,1847,1731
050,55,009,"Wisconsin","Brown County",1,35,3663,1872,1791
050,55,009,"Wisconsin","Brown County",1,36,3653,1836,1817
050,55,009,"Wisconsin","Brown County",1,37,3641,1880,1761
050,55,009,"Wisconsin","Brown County",1,38,3561,1841,1720
050,55,009,"Wisconsin","Brown County",1,39,3624,1831,1793
050,55,009,"Wisconsin","Brown County",1,40,3549,1802,1747
050,55,009,"Wisconsin","Brown County",1,41,3494,1838,1656
050,55,009,"Wisconsin","Brown County",1,42,3377,1723,1654
050,55,009,"Wisconsin","Brown County",1,43,3209,1626,1583
050,55,009,"Wisconsin","Brown County",1,44,3122,1575,1547
050,55,009,"Wisconsin","Brown County",1,45,3055,1583,1472
050,55,009,"Wisconsin","Brown County",1,46,3017,1536,1481
050,55,009,"Wisconsin","Brown County",1,47,3049,1552,1497
050,55,009,"Wisconsin","Brown County",1,48,3274,1680,1594
050,55,009,"Wisconsin","Brown County",1,49,3457,1772,1685
050,55,009,"Wisconsin","Brown County",1,50,3294,1648,1646
050,55,009,"Wisconsin","Brown County",1,51,3274,1662,1612
050,55,009,"Wisconsin","Brown County",1,52,3352,1733,1619
050,55,009,"Wisconsin","Brown County",1,53,3547,1787,1760
050,55,009,"Wisconsin","Brown County",1,54,3595,1804,1791
050,55,009,"Wisconsin","Brown County",1,55,3692,1860,1832
050,55,009,"Wisconsin","Brown County",1,56,3755,1846,1909
050,55,009,"Wisconsin","Brown County",1,57,3793,1885,1908
050,55,009,"Wisconsin","Brown County",1,58,3848,1938,1910
050,55,009,"Wisconsin","Brown County",1,59,3786,1838,1948
050,55,009,"Wisconsin","Brown County",1,60,3641,1826,1815
050,55,009,"Wisconsin","Brown County",1,61,3493,1763,1730
050,55,009,"Wisconsin","Brown County",1,62,3459,1703,1756
050,55,009,"Wisconsin","Brown County",1,63,3304,1642,1662
050,55,009,"Wisconsin","Brown County",1,64,3216,1594,1622
050,55,009,"Wisconsin","Brown County",1,65,3082,1507,1575
050,55,009,"Wisconsin","Brown County",1,66,2943,1413,1530
050,55,009,"Wisconsin","Brown County",1,67,2930,1422,1508
050,55,009,"Wisconsin","Brown County",1,68,2818,1387,1431
050,55,009,"Wisconsin","Brown County",1,69,2597,1274,1323
050,55,009,"Wisconsin","Brown County",1,70,2447,1177,1270
050,55,009,"Wisconsin","Brown County",1,71,2337,1122,1215
050,55,009,"Wisconsin","Brown County",1,72,2243,1076,1167
050,55,009,"Wisconsin","Brown County",1,73,2228,1045,1183
050,55,009,"Wisconsin","Brown County",1,74,1584,724,860
050,55,009,"Wisconsin","Brown County",1,75,1545,703,842
050,55,009,"Wisconsin","Brown County",1,76,1532,674,858
050,55,009,"Wisconsin","Brown County",1,77,1443,648,795
050,55,009,"Wisconsin","Brown County",1,78,1249,535,714
050,55,009,"Wisconsin","Brown County",1,79,1133,483,650
050,55,009,"Wisconsin","Brown County",1,80,1037,456,581
050,55,009,"Wisconsin","Brown County",1,81,988,444,544
050,55,009,"Wisconsin","Brown County",1,82,894,398,496
050,55,009,"Wisconsin","Brown County",1,83,823,340,483
050,55,009,"Wisconsin","Brown County",1,84,743,303,440
050,55,009,"Wisconsin","Brown County",1,85,4343,1532,2811
050,55,009,"Wisconsin","Brown County",2,0,3064,1568,1496
050,55,009,"Wisconsin","Brown County",2,1,3135,1601,1534
050,55,009,"Wisconsin","Brown County",2,2,3215,1671,1544
050,55,009,"Wisconsin","Brown County",2,3,3316,1667,1649
050,55,009,"Wisconsin","Brown County",2,4,3431,1706,1725
050,55,009,"Wisconsin","Brown County",2,5,3457,1755,1702
050,55,009,"Wisconsin","Brown County",2,6,3509,1809,1700
050,55,009,"Wisconsin","Brown County",2,7,3522,1758,1764
050,55,009,"Wisconsin","Brown County",2,8,3512,1793,1719
050,55,009,"Wisconsin","Brown County",2,9,3510,1837,1673
050,55,009,"Wisconsin","Brown County",2,10,3655,1898,1757
050,55,009,"Wisconsin","Brown County",2,11,3771,1943,1828
050,55,009,"Wisconsin","Brown County",2,12,3880,1994,1886
050,55,009,"Wisconsin","Brown County",2,13,3832,1964,1868
050,55,009,"Wisconsin","Brown County",2,14,3727,1898,1829
050,55,009,"Wisconsin","Brown County",2,15,3630,1844,1786
050,55,009,"Wisconsin","Brown County",2,16,3705,1872,1833
050,55,009,"Wisconsin","Brown County",2,17,3713,1856,1857
050,55,009,"Wisconsin","Brown County",2,18,3591,1820,1771
050,55,009,"Wisconsin","Brown County",2,19,3751,1827,1924
050,55,009,"Wisconsin","Brown County",2,20,3679,1801,1878
050,55,009,"Wisconsin","Brown County",2,21,3527,1714,1813
050,55,009,"Wisconsin","Brown County",2,22,3438,1706,1732
050,55,009,"Wisconsin","Brown County",2,23,3351,1703,1648
050,55,009,"Wisconsin","Brown County",2,24,3377,1738,1639
050,55,009,"Wisconsin","Brown County",2,25,3414,1756,1658
050,55,009,"Wisconsin","Brown County",2,26,3536,1820,1716
050,55,009,"Wisconsin","Brown County",2,27,3681,1892,1789
050,55,009,"Wisconsin","Brown County",2,28,3695,1908,1787
050,55,009,"Wisconsin","Brown County",2,29,3634,1858,1776
050,55,009,"Wisconsin","Brown County",2,30,3494,1795,1699
050,55,009,"Wisconsin","Brown County",2,31,3490,1792,1698
050,55,009,"Wisconsin","Brown County",2,32,3520,1801,1719
050,55,009,"Wisconsin","Brown County",2,33,3522,1816,1706
050,55,009,"Wisconsin","Brown County",2,34,3571,1841,1730
050,55,009,"Wisconsin","Brown County",2,35,3656,1869,1787
050,55,009,"Wisconsin","Brown County",2,36,3650,1844,1806
050,55,009,"Wisconsin","Brown County",2,37,3642,1868,1774
050,55,009,"Wisconsin","Brown County",2,38,3592,1858,1734
050,55,009,"Wisconsin","Brown County",2,39,3598,1830,1768
050,55,009,"Wisconsin","Brown County",2,40,3589,1818,1771
050,55,009,"Wisconsin","Brown County",2,41,3502,1827,1675
050,55,009,"Wisconsin","Brown County",2,42,3389,1742,1647
050,55,009,"Wisconsin","Brown County",2,43,3273,1664,1609
050,55,009,"Wisconsin","Brown County",2,44,3116,1575,1541
050,55,009,"Wisconsin","Brown County",2,45,3093,1593,1500
050,55,009,"Wisconsin","Brown County",2,46,3018,1544,1474
050,55,009,"Wisconsin","Brown County",2,47,3035,1543,1492
050,55,009,"Wisconsin","Brown County",2,48,3217,1650,1567
050,55,009,"Wisconsin","Brown County",2,49,3422,1755,1667
050,55,009,"Wisconsin","Brown County",2,50,3341,1682,1659
050,55,009,"Wisconsin","Brown County",2,51,3265,1651,1614
050,55,009,"Wisconsin","Brown County",2,52,3320,1710,1610
050,55,009,"Wisconsin","Brown County",2,53,3492,1770,1722
050,55,009,"Wisconsin","Brown County",2,54,3572,1798,1774
050,55,009,"Wisconsin","Brown County",2,55,3662,1843,1819
050,55,009,"Wisconsin","Brown County",2,56,3735,1843,1892
050,55,009,"Wisconsin","Brown County",2,57,3780,1873,1907
050,55,009,"Wisconsin","Brown County",2,58,3819,1920,1899
050,55,009,"Wisconsin","Brown County",2,59,3805,1865,1940
050,55,009,"Wisconsin","Brown County",2,60,3649,1814,1835
050,55,009,"Wisconsin","Brown County",2,61,3510,1767,1743
050,55,009,"Wisconsin","Brown County",2,62,3458,1709,1749
050,55,009,"Wisconsin","Brown County",2,63,3348,1659,1689
050,55,009,"Wisconsin","Brown County",2,64,3207,1593,1614
050,55,009,"Wisconsin","Brown County",2,65,3099,1516,1583
050,55,009,"Wisconsin","Brown County",2,66,2978,1437,1541
050,55,009,"Wisconsin","Brown County",2,67,2922,1411,1511
050,55,009,"Wisconsin","Brown County",2,68,2822,1382,1440
050,55,009,"Wisconsin","Brown County",2,69,2669,1307,1362
050,55,009,"Wisconsin","Brown County",2,70,2470,1191,1279
050,55,009,"Wisconsin","Brown County",2,71,2353,1127,1226
050,55,009,"Wisconsin","Brown County",2,72,2222,1062,1160
050,55,009,"Wisconsin","Brown County",2,73,2346,1107,1239
050,55,009,"Wisconsin","Brown County",2,74,1631,750,881
050,55,009,"Wisconsin","Brown County",2,75,1561,712,849
050,55,009,"Wisconsin","Brown County",2,76,1510,672,838
050,55,009,"Wisconsin","Brown County",2,77,1490,669,821
050,55,009,"Wisconsin","Brown County",2,78,1265,547,718
050,55,009,"Wisconsin","Brown County",2,79,1149,492,657
050,55,009,"Wisconsin","Brown County",2,80,1050,458,592
050,55,009,"Wisconsin","Brown County",2,81,976,433,543
050,55,009,"Wisconsin","Brown County",2,82,916,408,508
050,55,009,"Wisconsin","Brown County",2,83,819,343,476
050,55,009,"Wisconsin","Brown County",2,84,752,307,445
050,55,009,"Wisconsin","Brown County",2,85,4341,1532,2809
050,55,009,"Wisconsin","Brown County",3,0,2953,1517,1436
050,55,009,"Wisconsin","Brown County",3,1,3139,1606,1533
050,55,009,"Wisconsin","Brown County",3,2,3136,1613,1523
050,55,009,"Wisconsin","Brown County",3,3,3211,1702,1509
050,55,009,"Wisconsin","Brown County",3,4,3331,1684,1647
050,55,009,"Wisconsin","Brown County",3,5,3438,1726,1712
050,55,009,"Wisconsin","Brown County",3,6,3460,1763,1697
050,55,009,"Wisconsin","Brown County",3,7,3534,1833,1701
050,55,009,"Wisconsin","Brown County",3,8,3541,1754,1787
050,55,009,"Wisconsin","Brown County",3,9,3476,1757,1719
050,55,009,"Wisconsin","Brown County",3,10,3492,1840,1652
050,55,009,"Wisconsin","Brown County",3,11,3647,1901,1746
050,55,009,"Wisconsin","Brown County",3,12,3764,1930,1834
050,55,009,"Wisconsin","Brown County",3,13,3828,1938,1890
050,55,009,"Wisconsin","Brown County",3,14,3822,1953,1869
050,55,009,"Wisconsin","Brown County",3,15,3738,1925,1813
050,55,009,"Wisconsin","Brown County",3,16,3624,1835,1789
050,55,009,"Wisconsin","Brown County",3,17,3718,1875,1843
050,55,009,"Wisconsin","Brown County",3,18,3587,1779,1808
050,55,009,"Wisconsin","Brown County",3,19,3479,1721,1758
050,55,009,"Wisconsin","Brown County",3,20,3575,1788,1787
050,55,009,"Wisconsin","Brown County",3,21,3390,1701,1689
050,55,009,"Wisconsin","Brown County",3,22,3445,1697,1748
050,55,009,"Wisconsin","Brown County",3,23,3388,1694,1694
050,55,009,"Wisconsin","Brown County",3,24,3449,1784,1665
050,55,009,"Wisconsin","Brown County",3,25,3469,1788,1681
050,55,009,"Wisconsin","Brown County",3,26,3471,1753,1718
050,55,009,"Wisconsin","Brown County",3,27,3585,1859,1726
050,55,009,"Wisconsin","Brown County",3,28,3651,1873,1778
050,55,009,"Wisconsin","Brown County",3,29,3709,1907,1802
050,55,009,"Wisconsin","Brown County",3,30,3639,1865,1774
050,55,009,"Wisconsin","Brown County",3,31,3534,1825,1709
050,55,009,"Wisconsin","Brown County",3,32,3547,1813,1734
050,55,009,"Wisconsin","Brown County",3,33,3508,1804,1704
050,55,009,"Wisconsin","Brown County",3,34,3544,1803,1741
050,55,009,"Wisconsin","Brown County",3,35,3561,1832,1729
050,55,009,"Wisconsin","Brown County",3,36,3695,1907,1788
050,55,009,"Wisconsin","Brown County",3,37,3621,1820,1801
050,55,009,"Wisconsin","Brown County",3,38,3644,1866,1778
050,55,009,"Wisconsin","Brown County",3,39,3572,1843,1729
050,55,009,"Wisconsin","Brown County",3,40,3591,1830,1761
050,55,009,"Wisconsin","Brown County",3,41,3581,1821,1760
050,55,009,"Wisconsin","Brown County",3,42,3538,1843,1695
050,55,009,"Wisconsin","Brown County",3,43,3382,1739,1643
050,55,009,"Wisconsin","Brown County",3,44,3245,1647,1598
050,55,009,"Wisconsin","Brown County",3,45,3103,1563,1540
050,55,009,"Wisconsin","Brown County",3,46,3028,1559,1469
050,55,009,"Wisconsin","Brown County",3,47,2987,1536,1451
050,55,009,"Wisconsin","Brown County",3,48,3023,1546,1477
050,55,009,"Wisconsin","Brown County",3,49,3199,1625,1574
050,55,009,"Wisconsin","Brown County",3,50,3412,1754,1658
050,55,009,"Wisconsin","Brown County",3,51,3341,1669,1672
050,55,009,"Wisconsin","Brown County",3,52,3248,1639,1609
050,55,009,"Wisconsin","Brown County",3,53,3302,1707,1595
050,55,009,"Wisconsin","Brown County",3,54,3456,1746,1710
050,55,009,"Wisconsin","Brown County",3,55,3519,1771,1748
050,55,009,"Wisconsin","Brown County",3,56,3640,1794,1846
050,55,009,"Wisconsin","Brown County",3,57,3726,1833,1893
050,55,009,"Wisconsin","Brown County",3,58,3765,1877,1888
050,55,009,"Wisconsin","Brown County",3,59,3760,1874,1886
050,55,009,"Wisconsin","Brown County",3,60,3753,1840,1913
050,55,009,"Wisconsin","Brown County",3,61,3585,1801,1784
050,55,009,"Wisconsin","Brown County",3,62,3455,1723,1732
050,55,009,"Wisconsin","Brown County",3,63,3357,1647,1710
050,55,009,"Wisconsin","Brown County",3,64,3295,1628,1667
050,55,009,"Wisconsin","Brown County",3,65,3137,1554,1583
050,55,009,"Wisconsin","Brown County",3,66,3078,1495,1583
050,55,009,"Wisconsin","Brown County",3,67,2923,1401,1522
050,55,009,"Wisconsin","Brown County",3,68,2895,1392,1503
050,55,009,"Wisconsin","Brown County",3,69,2776,1357,1419
050,55,009,"Wisconsin","Brown County",3,70,2618,1279,1339
050,55,009,"Wisconsin","Brown County",3,71,2432,1163,1269
050,55,009,"Wisconsin","Brown County",3,72,2303,1098,1205
050,55,009,"Wisconsin","Brown County",3,73,2185,1044,1141
050,55,009,"Wisconsin","Brown County",3,74,2305,1079,1226
050,55,009,"Wisconsin","Brown County",3,75,1563,710,853
050,55,009,"Wisconsin","Brown County",3,76,1528,695,833
050,55,009,"Wisconsin","Brown County",3,77,1465,641,824
050,55,009,"Wisconsin","Brown County",3,78,1415,624,791
050,55,009,"Wisconsin","Brown County",3,79,1210,519,691
050,55,009,"Wisconsin","Brown County",3,80,1094,465,629
050,55,009,"Wisconsin","Brown County",3,81,986,424,562
050,55,009,"Wisconsin","Brown County",3,82,940,416,524
050,55,009,"Wisconsin","Brown County",3,83,840,363,477
050,55,009,"Wisconsin","Brown County",3,84,757,319,438
050,55,009,"Wisconsin","Brown County",3,85,4243,1501,2742
050,55,009,"Wisconsin","Brown County",4,0,3004,1507,1497
050,55,009,"Wisconsin","Brown County",4,1,2942,1526,1416
050,55,009,"Wisconsin","Brown County",4,2,3113,1596,1517
050,55,009,"Wisconsin","Brown County",4,3,3142,1595,1547
050,55,009,"Wisconsin","Brown County",4,4,3217,1712,1505
050,55,009,"Wisconsin","Brown County",4,5,3333,1692,1641
050,55,009,"Wisconsin","Brown County",4,6,3459,1742,1717
050,55,009,"Wisconsin","Brown County",4,7,3482,1783,1699
050,55,009,"Wisconsin","Brown County",4,8,3522,1829,1693
050,55,009,"Wisconsin","Brown County",4,9,3509,1745,1764
050,55,009,"Wisconsin","Brown County",4,10,3457,1760,1697
050,55,009,"Wisconsin","Brown County",4,11,3507,1846,1661
050,55,009,"Wisconsin","Brown County",4,12,3647,1871,1776
050,55,009,"Wisconsin","Brown County",4,13,3721,1926,1795
050,55,009,"Wisconsin","Brown County",4,14,3809,1921,1888
050,55,009,"Wisconsin","Brown County",4,15,3844,1971,1873
050,55,009,"Wisconsin","Brown County",4,16,3711,1903,1808
050,55,009,"Wisconsin","Brown County",4,17,3690,1883,1807
050,55,009,"Wisconsin","Brown County",4,18,3623,1829,1794
050,55,009,"Wisconsin","Brown County",4,19,3690,1775,1915
050,55,009,"Wisconsin","Brown County",4,20,3614,1765,1849
050,55,009,"Wisconsin","Brown County",4,21,3587,1772,1815
050,55,009,"Wisconsin","Brown County",4,22,3504,1763,1741
050,55,009,"Wisconsin","Brown County",4,23,3473,1728,1745
050,55,009,"Wisconsin","Brown County",4,24,3489,1752,1737
050,55,009,"Wisconsin","Brown County",4,25,3505,1803,1702
050,55,009,"Wisconsin","Brown County",4,26,3535,1832,1703
050,55,009,"Wisconsin","Brown County",4,27,3492,1745,1747
050,55,009,"Wisconsin","Brown County",4,28,3638,1853,1785
050,55,009,"Wisconsin","Brown County",4,29,3696,1885,1811
050,55,009,"Wisconsin","Brown County",4,30,3675,1890,1785
050,55,009,"Wisconsin","Brown County",4,31,3651,1862,1789
050,55,009,"Wisconsin","Brown County",4,32,3569,1855,1714
050,55,009,"Wisconsin","Brown County",4,33,3546,1821,1725
050,55,009,"Wisconsin","Brown County",4,34,3504,1786,1718
050,55,009,"Wisconsin","Brown County",4,35,3514,1769,1745
050,55,009,"Wisconsin","Brown County",4,36,3587,1859,1728
050,55,009,"Wisconsin","Brown County",4,37,3674,1888,1786
050,55,009,"Wisconsin","Brown County",4,38,3618,1815,1803
050,55,009,"Wisconsin","Brown County",4,39,3611,1847,1764
050,55,009,"Wisconsin","Brown County",4,40,3613,1861,1752
050,55,009,"Wisconsin","Brown County",4,41,3566,1824,1742
050,55,009,"Wisconsin","Brown County",4,42,3585,1814,1771
050,55,009,"Wisconsin","Brown County",4,43,3534,1836,1698
050,55,009,"Wisconsin","Brown County",4,44,3355,1729,1626
050,55,009,"Wisconsin","Brown County",4,45,3253,1652,1601
050,55,009,"Wisconsin","Brown County",4,46,3107,1579,1528
050,55,009,"Wisconsin","Brown County",4,47,3023,1546,1477
050,55,009,"Wisconsin","Brown County",4,48,2995,1547,1448
050,55,009,"Wisconsin","Brown County",4,49,2998,1517,1481
050,55,009,"Wisconsin","Brown County",4,50,3158,1592,1566
050,55,009,"Wisconsin","Brown County",4,51,3375,1731,1644
050,55,009,"Wisconsin","Brown County",4,52,3354,1687,1667
050,55,009,"Wisconsin","Brown County",4,53,3194,1606,1588
050,55,009,"Wisconsin","Brown County",4,54,3278,1682,1596
050,55,009,"Wisconsin","Brown County",4,55,3423,1736,1687
050,55,009,"Wisconsin","Brown County",4,56,3511,1759,1752
050,55,009,"Wisconsin","Brown County",4,57,3560,1746,1814
050,55,009,"Wisconsin","Brown County",4,58,3661,1813,1848
050,55,009,"Wisconsin","Brown County",4,59,3689,1819,1870
050,55,009,"Wisconsin","Brown County",4,60,3726,1858,1868
050,55,009,"Wisconsin","Brown County",4,61,3720,1826,1894
050,55,009,"Wisconsin","Brown County",4,62,3549,1777,1772
050,55,009,"Wisconsin","Brown County",4,63,3412,1694,1718
050,55,009,"Wisconsin","Brown County",4,64,3333,1633,1700
050,55,009,"Wisconsin","Brown County",4,65,3253,1603,1650
050,55,009,"Wisconsin","Brown County",4,66,3115,1530,1585
050,55,009,"Wisconsin","Brown County",4,67,3025,1470,1555
050,55,009,"Wisconsin","Brown County",4,68,2894,1378,1516
050,55,009,"Wisconsin","Brown County",4,69,2862,1373,1489
050,55,009,"Wisconsin","Brown County",4,70,2725,1323,1402
050,55,009,"Wisconsin","Brown County",4,71,2586,1252,1334
050,55,009,"Wisconsin","Brown County",4,72,2403,1133,1270
050,55,009,"Wisconsin","Brown County",4,73,2261,1067,1194
050,55,009,"Wisconsin","Brown County",4,74,2165,1028,1137
050,55,009,"Wisconsin","Brown County",4,75,2240,1056,1184
050,55,009,"Wisconsin","Brown County",4,76,1515,672,843
050,55,009,"Wisconsin","Brown County",4,77,1461,650,811
050,55,009,"Wisconsin","Brown County",4,78,1405,599,806
050,55,009,"Wisconsin","Brown County",4,79,1346,586,760
050,55,009,"Wisconsin","Brown County",4,80,1156,492,664
050,55,009,"Wisconsin","Brown County",4,81,1021,419,602
050,55,009,"Wisconsin","Brown County",4,82,938,400,538
050,55,009,"Wisconsin","Brown County",4,83,862,375,487
050,55,009,"Wisconsin","Brown County",4,84,764,329,435
050,55,009,"Wisconsin","Brown County",4,85,4195,1503,2692
050,55,009,"Wisconsin","Brown County",5,0,3000,1509,1491
050,55,009,"Wisconsin","Brown County",5,1,2987,1494,1493
050,55,009,"Wisconsin","Brown County",5,2,2973,1538,1435
050,55,009,"Wisconsin","Brown County",5,3,3134,1592,1542
050,55,009,"Wisconsin","Brown County",5,4,3185,1628,1557
050,55,009,"Wisconsin","Brown County",5,5,3253,1715,1538
050,55,009,"Wisconsin","Brown County",5,6,3313,1662,1651
050,55,009,"Wisconsin","Brown County",5,7,3467,1756,1711
050,55,009,"Wisconsin","Brown County",5,8,3482,1801,1681
050,55,009,"Wisconsin","Brown County",5,9,3530,1828,1702
050,55,009,"Wisconsin","Brown County",5,10,3535,1750,1785
050,55,009,"Wisconsin","Brown County",5,11,3472,1769,1703
050,55,009,"Wisconsin","Brown County",5,12,3486,1838,1648
050,55,009,"Wisconsin","Brown County",5,13,3629,1889,1740
050,55,009,"Wisconsin","Brown County",5,14,3712,1931,1781
050,55,009,"Wisconsin","Brown County",5,15,3797,1922,1875
050,55,009,"Wisconsin","Brown County",5,16,3814,1960,1854
050,55,009,"Wisconsin","Brown County",5,17,3737,1925,1812
050,55,009,"Wisconsin","Brown County",5,18,3558,1805,1753
050,55,009,"Wisconsin","Brown County",5,19,3669,1792,1877
050,55,009,"Wisconsin","Brown County",5,20,3722,1794,1928
050,55,009,"Wisconsin","Brown County",5,21,3586,1759,1827
050,55,009,"Wisconsin","Brown County",5,22,3629,1829,1800
050,55,009,"Wisconsin","Brown County",5,23,3534,1792,1742
050,55,009,"Wisconsin","Brown County",5,24,3579,1788,1791
050,55,009,"Wisconsin","Brown County",5,25,3516,1746,1770
050,55,009,"Wisconsin","Brown County",5,26,3515,1837,1678
050,55,009,"Wisconsin","Brown County",5,27,3533,1841,1692
050,55,009,"Wisconsin","Brown County",5,28,3460,1734,1726
050,55,009,"Wisconsin","Brown County",5,29,3658,1883,1775
050,55,009,"Wisconsin","Brown County",5,30,3667,1877,1790
050,55,009,"Wisconsin","Brown County",5,31,3683,1897,1786
050,55,009,"Wisconsin","Brown County",5,32,3731,1915,1816
050,55,009,"Wisconsin","Brown County",5,33,3565,1853,1712
050,55,009,"Wisconsin","Brown County",5,34,3568,1819,1749
050,55,009,"Wisconsin","Brown County",5,35,3488,1761,1727
050,55,009,"Wisconsin","Brown County",5,36,3519,1775,1744
050,55,009,"Wisconsin","Brown County",5,37,3564,1836,1728
050,55,009,"Wisconsin","Brown County",5,38,3710,1899,1811
050,55,009,"Wisconsin","Brown County",5,39,3668,1861,1807
050,55,009,"Wisconsin","Brown County",5,40,3644,1856,1788
050,55,009,"Wisconsin","Brown County",5,41,3608,1876,1732
050,55,009,"Wisconsin","Brown County",5,42,3575,1812,1763
050,55,009,"Wisconsin","Brown County",5,43,3569,1783,1786
050,55,009,"Wisconsin","Brown County",5,44,3541,1842,1699
050,55,009,"Wisconsin","Brown County",5,45,3378,1737,1641
050,55,009,"Wisconsin","Brown County",5,46,3288,1683,1605
050,55,009,"Wisconsin","Brown County",5,47,3091,1562,1529
050,55,009,"Wisconsin","Brown County",5,48,3039,1553,1486
050,55,009,"Wisconsin","Brown County",5,49,2999,1538,1461
050,55,009,"Wisconsin","Brown County",5,50,2999,1513,1486
050,55,009,"Wisconsin","Brown County",5,51,3142,1574,1568
050,55,009,"Wisconsin","Brown County",5,52,3366,1720,1646
050,55,009,"Wisconsin","Brown County",5,53,3354,1693,1661
050,55,009,"Wisconsin","Brown County",5,54,3209,1602,1607
050,55,009,"Wisconsin","Brown County",5,55,3269,1681,1588
050,55,009,"Wisconsin","Brown County",5,56,3388,1694,1694
050,55,009,"Wisconsin","Brown County",5,57,3483,1738,1745
050,55,009,"Wisconsin","Brown County",5,58,3537,1749,1788
050,55,009,"Wisconsin","Brown County",5,59,3620,1776,1844
050,55,009,"Wisconsin","Brown County",5,60,3642,1808,1834
050,55,009,"Wisconsin","Brown County",5,61,3658,1838,1820
050,55,009,"Wisconsin","Brown County",5,62,3701,1806,1895
050,55,009,"Wisconsin","Brown County",5,63,3483,1736,1747
050,55,009,"Wisconsin","Brown County",5,64,3381,1682,1699
050,55,009,"Wisconsin","Brown County",5,65,3298,1607,1691
050,55,009,"Wisconsin","Brown County",5,66,3232,1591,1641
050,55,009,"Wisconsin","Brown County",5,67,3055,1498,1557
050,55,009,"Wisconsin","Brown County",5,68,2981,1437,1544
050,55,009,"Wisconsin","Brown County",5,69,2875,1372,1503
050,55,009,"Wisconsin","Brown County",5,70,2824,1343,1481
050,55,009,"Wisconsin","Brown County",5,71,2690,1300,1390
050,55,009,"Wisconsin","Brown County",5,72,2562,1221,1341
050,55,009,"Wisconsin","Brown County",5,73,2376,1121,1255
050,55,009,"Wisconsin","Brown County",5,74,2215,1038,1177
050,55,009,"Wisconsin","Brown County",5,75,2106,1002,1104
050,55,009,"Wisconsin","Brown County",5,76,2180,1015,1165
050,55,009,"Wisconsin","Brown County",5,77,1474,646,828
050,55,009,"Wisconsin","Brown County",5,78,1402,606,796
050,55,009,"Wisconsin","Brown County",5,79,1348,572,776
050,55,009,"Wisconsin","Brown County",5,80,1282,562,720
050,55,009,"Wisconsin","Brown County",5,81,1083,449,634
050,55,009,"Wisconsin","Brown County",5,82,965,394,571
050,55,009,"Wisconsin","Brown County",5,83,875,362,513
050,55,009,"Wisconsin","Brown County",5,84,797,347,450
050,55,009,"Wisconsin","Brown County",5,85,4205,1543,2662
050,55,011,"Wisconsin","Buffalo County",1,0,121,62,59
050,55,011,"Wisconsin","Buffalo County",1,1,120,62,58
050,55,011,"Wisconsin","Buffalo County",1,2,124,69,55
050,55,011,"Wisconsin","Buffalo County",1,3,140,73,67
050,55,011,"Wisconsin","Buffalo County",1,4,160,80,80
050,55,011,"Wisconsin","Buffalo County",1,5,156,78,78
050,55,011,"Wisconsin","Buffalo County",1,6,131,63,68
050,55,011,"Wisconsin","Buffalo County",1,7,150,63,87
050,55,011,"Wisconsin","Buffalo County",1,8,147,76,71
050,55,011,"Wisconsin","Buffalo County",1,9,135,68,67
050,55,011,"Wisconsin","Buffalo County",1,10,155,77,78
050,55,011,"Wisconsin","Buffalo County",1,11,171,84,87
050,55,011,"Wisconsin","Buffalo County",1,12,158,79,79
050,55,011,"Wisconsin","Buffalo County",1,13,163,79,84
050,55,011,"Wisconsin","Buffalo County",1,14,166,78,88
050,55,011,"Wisconsin","Buffalo County",1,15,180,79,101
050,55,011,"Wisconsin","Buffalo County",1,16,165,77,88
050,55,011,"Wisconsin","Buffalo County",1,17,162,84,78
050,55,011,"Wisconsin","Buffalo County",1,18,138,68,70
050,55,011,"Wisconsin","Buffalo County",1,19,118,61,57
050,55,011,"Wisconsin","Buffalo County",1,20,121,60,61
050,55,011,"Wisconsin","Buffalo County",1,21,130,72,58
050,55,011,"Wisconsin","Buffalo County",1,22,129,71,58
050,55,011,"Wisconsin","Buffalo County",1,23,136,71,65
050,55,011,"Wisconsin","Buffalo County",1,24,136,72,64
050,55,011,"Wisconsin","Buffalo County",1,25,143,66,77
050,55,011,"Wisconsin","Buffalo County",1,26,157,79,78
050,55,011,"Wisconsin","Buffalo County",1,27,138,71,67
050,55,011,"Wisconsin","Buffalo County",1,28,131,64,67
050,55,011,"Wisconsin","Buffalo County",1,29,131,76,55
050,55,011,"Wisconsin","Buffalo County",1,30,138,72,66
050,55,011,"Wisconsin","Buffalo County",1,31,123,63,60
050,55,011,"Wisconsin","Buffalo County",1,32,129,66,63
050,55,011,"Wisconsin","Buffalo County",1,33,153,85,68
050,55,011,"Wisconsin","Buffalo County",1,34,155,85,70
050,55,011,"Wisconsin","Buffalo County",1,35,148,82,66
050,55,011,"Wisconsin","Buffalo County",1,36,160,82,78
050,55,011,"Wisconsin","Buffalo County",1,37,149,84,65
050,55,011,"Wisconsin","Buffalo County",1,38,156,79,77
050,55,011,"Wisconsin","Buffalo County",1,39,159,73,86
050,55,011,"Wisconsin","Buffalo County",1,40,142,68,74
050,55,011,"Wisconsin","Buffalo County",1,41,156,79,77
050,55,011,"Wisconsin","Buffalo County",1,42,151,82,69
050,55,011,"Wisconsin","Buffalo County",1,43,139,73,66
050,55,011,"Wisconsin","Buffalo County",1,44,145,69,76
050,55,011,"Wisconsin","Buffalo County",1,45,143,72,71
050,55,011,"Wisconsin","Buffalo County",1,46,125,68,57
050,55,011,"Wisconsin","Buffalo County",1,47,157,87,70
050,55,011,"Wisconsin","Buffalo County",1,48,170,85,85
050,55,011,"Wisconsin","Buffalo County",1,49,169,73,96
050,55,011,"Wisconsin","Buffalo County",1,50,168,75,93
050,55,011,"Wisconsin","Buffalo County",1,51,164,95,69
050,55,011,"Wisconsin","Buffalo County",1,52,172,96,76
050,55,011,"Wisconsin","Buffalo County",1,53,189,100,89
050,55,011,"Wisconsin","Buffalo County",1,54,190,102,88
050,55,011,"Wisconsin","Buffalo County",1,55,212,108,104
050,55,011,"Wisconsin","Buffalo County",1,56,214,103,111
050,55,011,"Wisconsin","Buffalo County",1,57,228,121,107
050,55,011,"Wisconsin","Buffalo County",1,58,210,114,96
050,55,011,"Wisconsin","Buffalo County",1,59,224,118,106
050,55,011,"Wisconsin","Buffalo County",1,60,216,101,115
050,55,011,"Wisconsin","Buffalo County",1,61,230,111,119
050,55,011,"Wisconsin","Buffalo County",1,62,210,110,100
050,55,011,"Wisconsin","Buffalo County",1,63,209,108,101
050,55,011,"Wisconsin","Buffalo County",1,64,204,112,92
050,55,011,"Wisconsin","Buffalo County",1,65,204,113,91
050,55,011,"Wisconsin","Buffalo County",1,66,195,111,84
050,55,011,"Wisconsin","Buffalo County",1,67,185,101,84
050,55,011,"Wisconsin","Buffalo County",1,68,193,110,83
050,55,011,"Wisconsin","Buffalo County",1,69,180,99,81
050,55,011,"Wisconsin","Buffalo County",1,70,180,97,83
050,55,011,"Wisconsin","Buffalo County",1,71,190,94,96
050,55,011,"Wisconsin","Buffalo County",1,72,164,89,75
050,55,011,"Wisconsin","Buffalo County",1,73,157,88,69
050,55,011,"Wisconsin","Buffalo County",1,74,106,61,45
050,55,011,"Wisconsin","Buffalo County",1,75,112,57,55
050,55,011,"Wisconsin","Buffalo County",1,76,114,56,58
050,55,011,"Wisconsin","Buffalo County",1,77,117,54,63
050,55,011,"Wisconsin","Buffalo County",1,78,90,43,47
050,55,011,"Wisconsin","Buffalo County",1,79,78,38,40
050,55,011,"Wisconsin","Buffalo County",1,80,95,45,50
050,55,011,"Wisconsin","Buffalo County",1,81,91,39,52
050,55,011,"Wisconsin","Buffalo County",1,82,83,39,44
050,55,011,"Wisconsin","Buffalo County",1,83,68,36,32
050,55,011,"Wisconsin","Buffalo County",1,84,57,25,32
050,55,011,"Wisconsin","Buffalo County",1,85,323,129,194
050,55,011,"Wisconsin","Buffalo County",2,0,121,63,58
050,55,011,"Wisconsin","Buffalo County",2,1,117,60,57
050,55,011,"Wisconsin","Buffalo County",2,2,124,67,57
050,55,011,"Wisconsin","Buffalo County",2,3,135,70,65
050,55,011,"Wisconsin","Buffalo County",2,4,154,78,76
050,55,011,"Wisconsin","Buffalo County",2,5,157,78,79
050,55,011,"Wisconsin","Buffalo County",2,6,139,67,72
050,55,011,"Wisconsin","Buffalo County",2,7,148,65,83
050,55,011,"Wisconsin","Buffalo County",2,8,146,72,74
050,55,011,"Wisconsin","Buffalo County",2,9,139,71,68
050,55,011,"Wisconsin","Buffalo County",2,10,151,75,76
050,55,011,"Wisconsin","Buffalo County",2,11,164,81,83
050,55,011,"Wisconsin","Buffalo County",2,12,162,80,82
050,55,011,"Wisconsin","Buffalo County",2,13,162,79,83
050,55,011,"Wisconsin","Buffalo County",2,14,165,78,87
050,55,011,"Wisconsin","Buffalo County",2,15,175,78,97
050,55,011,"Wisconsin","Buffalo County",2,16,168,78,90
050,55,011,"Wisconsin","Buffalo County",2,17,164,84,80
050,55,011,"Wisconsin","Buffalo County",2,18,137,68,69
050,55,011,"Wisconsin","Buffalo County",2,19,116,59,57
050,55,011,"Wisconsin","Buffalo County",2,20,124,62,62
050,55,011,"Wisconsin","Buffalo County",2,21,130,70,60
050,55,011,"Wisconsin","Buffalo County",2,22,131,72,59
050,55,011,"Wisconsin","Buffalo County",2,23,135,73,62
050,55,011,"Wisconsin","Buffalo County",2,24,139,74,65
050,55,011,"Wisconsin","Buffalo County",2,25,143,70,73
050,55,011,"Wisconsin","Buffalo County",2,26,157,77,80
050,55,011,"Wisconsin","Buffalo County",2,27,139,72,67
050,55,011,"Wisconsin","Buffalo County",2,28,134,65,69
050,55,011,"Wisconsin","Buffalo County",2,29,132,74,58
050,55,011,"Wisconsin","Buffalo County",2,30,139,74,65
050,55,011,"Wisconsin","Buffalo County",2,31,126,64,62
050,55,011,"Wisconsin","Buffalo County",2,32,130,66,64
050,55,011,"Wisconsin","Buffalo County",2,33,148,81,67
050,55,011,"Wisconsin","Buffalo County",2,34,158,86,72
050,55,011,"Wisconsin","Buffalo County",2,35,148,82,66
050,55,011,"Wisconsin","Buffalo County",2,36,156,81,75
050,55,011,"Wisconsin","Buffalo County",2,37,151,82,69
050,55,011,"Wisconsin","Buffalo County",2,38,157,82,75
050,55,011,"Wisconsin","Buffalo County",2,39,156,73,83
050,55,011,"Wisconsin","Buffalo County",2,40,149,72,77
050,55,011,"Wisconsin","Buffalo County",2,41,154,76,78
050,55,011,"Wisconsin","Buffalo County",2,42,150,81,69
050,55,011,"Wisconsin","Buffalo County",2,43,144,76,68
050,55,011,"Wisconsin","Buffalo County",2,44,143,70,73
050,55,011,"Wisconsin","Buffalo County",2,45,147,72,75
050,55,011,"Wisconsin","Buffalo County",2,46,129,69,60
050,55,011,"Wisconsin","Buffalo County",2,47,151,84,67
050,55,011,"Wisconsin","Buffalo County",2,48,168,86,82
050,55,011,"Wisconsin","Buffalo County",2,49,171,76,95
050,55,011,"Wisconsin","Buffalo County",2,50,168,74,94
050,55,011,"Wisconsin","Buffalo County",2,51,163,89,74
050,55,011,"Wisconsin","Buffalo County",2,52,171,97,74
050,55,011,"Wisconsin","Buffalo County",2,53,182,97,85
050,55,011,"Wisconsin","Buffalo County",2,54,190,102,88
050,55,011,"Wisconsin","Buffalo County",2,55,209,107,102
050,55,011,"Wisconsin","Buffalo County",2,56,213,105,108
050,55,011,"Wisconsin","Buffalo County",2,57,223,115,108
050,55,011,"Wisconsin","Buffalo County",2,58,214,116,98
050,55,011,"Wisconsin","Buffalo County",2,59,222,117,105
050,55,011,"Wisconsin","Buffalo County",2,60,215,105,110
050,55,011,"Wisconsin","Buffalo County",2,61,228,109,119
050,55,011,"Wisconsin","Buffalo County",2,62,215,110,105
050,55,011,"Wisconsin","Buffalo County",2,63,213,110,103
050,55,011,"Wisconsin","Buffalo County",2,64,205,110,95
050,55,011,"Wisconsin","Buffalo County",2,65,201,111,90
050,55,011,"Wisconsin","Buffalo County",2,66,197,111,86
050,55,011,"Wisconsin","Buffalo County",2,67,186,103,83
050,55,011,"Wisconsin","Buffalo County",2,68,191,108,83
050,55,011,"Wisconsin","Buffalo County",2,69,184,102,82
050,55,011,"Wisconsin","Buffalo County",2,70,177,97,80
050,55,011,"Wisconsin","Buffalo County",2,71,190,95,95
050,55,011,"Wisconsin","Buffalo County",2,72,166,88,78
050,55,011,"Wisconsin","Buffalo County",2,73,167,93,74
050,55,011,"Wisconsin","Buffalo County",2,74,109,62,47
050,55,011,"Wisconsin","Buffalo County",2,75,111,58,53
050,55,011,"Wisconsin","Buffalo County",2,76,112,55,57
050,55,011,"Wisconsin","Buffalo County",2,77,117,54,63
050,55,011,"Wisconsin","Buffalo County",2,78,95,45,50
050,55,011,"Wisconsin","Buffalo County",2,79,80,39,41
050,55,011,"Wisconsin","Buffalo County",2,80,89,42,47
050,55,011,"Wisconsin","Buffalo County",2,81,90,40,50
050,55,011,"Wisconsin","Buffalo County",2,82,83,37,46
050,55,011,"Wisconsin","Buffalo County",2,83,71,36,35
050,55,011,"Wisconsin","Buffalo County",2,84,59,27,32
050,55,011,"Wisconsin","Buffalo County",2,85,320,127,193
050,55,011,"Wisconsin","Buffalo County",3,0,138,63,75
050,55,011,"Wisconsin","Buffalo County",3,1,131,69,62
050,55,011,"Wisconsin","Buffalo County",3,2,123,56,67
050,55,011,"Wisconsin","Buffalo County",3,3,125,65,60
050,55,011,"Wisconsin","Buffalo County",3,4,136,67,69
050,55,011,"Wisconsin","Buffalo County",3,5,160,82,78
050,55,011,"Wisconsin","Buffalo County",3,6,155,81,74
050,55,011,"Wisconsin","Buffalo County",3,7,139,69,70
050,55,011,"Wisconsin","Buffalo County",3,8,150,68,82
050,55,011,"Wisconsin","Buffalo County",3,9,145,70,75
050,55,011,"Wisconsin","Buffalo County",3,10,140,70,70
050,55,011,"Wisconsin","Buffalo County",3,11,149,72,77
050,55,011,"Wisconsin","Buffalo County",3,12,169,85,84
050,55,011,"Wisconsin","Buffalo County",3,13,165,77,88
050,55,011,"Wisconsin","Buffalo County",3,14,165,82,83
050,55,011,"Wisconsin","Buffalo County",3,15,165,76,89
050,55,011,"Wisconsin","Buffalo County",3,16,172,76,96
050,55,011,"Wisconsin","Buffalo County",3,17,168,78,90
050,55,011,"Wisconsin","Buffalo County",3,18,145,78,67
050,55,011,"Wisconsin","Buffalo County",3,19,111,51,60
050,55,011,"Wisconsin","Buffalo County",3,20,123,63,60
050,55,011,"Wisconsin","Buffalo County",3,21,129,66,63
050,55,011,"Wisconsin","Buffalo County",3,22,139,77,62
050,55,011,"Wisconsin","Buffalo County",3,23,122,64,58
050,55,011,"Wisconsin","Buffalo County",3,24,147,80,67
050,55,011,"Wisconsin","Buffalo County",3,25,131,70,61
050,55,011,"Wisconsin","Buffalo County",3,26,148,66,82
050,55,011,"Wisconsin","Buffalo County",3,27,130,70,60
050,55,011,"Wisconsin","Buffalo County",3,28,129,71,58
050,55,011,"Wisconsin","Buffalo County",3,29,132,64,68
050,55,011,"Wisconsin","Buffalo County",3,30,131,68,63
050,55,011,"Wisconsin","Buffalo County",3,31,138,76,62
050,55,011,"Wisconsin","Buffalo County",3,32,122,62,60
050,55,011,"Wisconsin","Buffalo County",3,33,130,67,63
050,55,011,"Wisconsin","Buffalo County",3,34,165,87,78
050,55,011,"Wisconsin","Buffalo County",3,35,146,81,65
050,55,011,"Wisconsin","Buffalo County",3,36,147,83,64
050,55,011,"Wisconsin","Buffalo County",3,37,148,76,72
050,55,011,"Wisconsin","Buffalo County",3,38,153,84,69
050,55,011,"Wisconsin","Buffalo County",3,39,158,82,76
050,55,011,"Wisconsin","Buffalo County",3,40,165,83,82
050,55,011,"Wisconsin","Buffalo County",3,41,155,71,84
050,55,011,"Wisconsin","Buffalo County",3,42,141,68,73
050,55,011,"Wisconsin","Buffalo County",3,43,151,82,69
050,55,011,"Wisconsin","Buffalo County",3,44,146,77,69
050,55,011,"Wisconsin","Buffalo County",3,45,153,76,77
050,55,011,"Wisconsin","Buffalo County",3,46,151,76,75
050,55,011,"Wisconsin","Buffalo County",3,47,134,76,58
050,55,011,"Wisconsin","Buffalo County",3,48,148,78,70
050,55,011,"Wisconsin","Buffalo County",3,49,176,86,90
050,55,011,"Wisconsin","Buffalo County",3,50,163,73,90
050,55,011,"Wisconsin","Buffalo County",3,51,166,76,90
050,55,011,"Wisconsin","Buffalo County",3,52,165,89,76
050,55,011,"Wisconsin","Buffalo County",3,53,174,99,75
050,55,011,"Wisconsin","Buffalo County",3,54,179,93,86
050,55,011,"Wisconsin","Buffalo County",3,55,201,106,95
050,55,011,"Wisconsin","Buffalo County",3,56,210,111,99
050,55,011,"Wisconsin","Buffalo County",3,57,204,97,107
050,55,011,"Wisconsin","Buffalo County",3,58,229,119,110
050,55,011,"Wisconsin","Buffalo County",3,59,227,117,110
050,55,011,"Wisconsin","Buffalo County",3,60,220,119,101
050,55,011,"Wisconsin","Buffalo County",3,61,214,105,109
050,55,011,"Wisconsin","Buffalo County",3,62,230,111,119
050,55,011,"Wisconsin","Buffalo County",3,63,213,109,104
050,55,011,"Wisconsin","Buffalo County",3,64,219,111,108
050,55,011,"Wisconsin","Buffalo County",3,65,197,110,87
050,55,011,"Wisconsin","Buffalo County",3,66,199,109,90
050,55,011,"Wisconsin","Buffalo County",3,67,193,111,82
050,55,011,"Wisconsin","Buffalo County",3,68,186,104,82
050,55,011,"Wisconsin","Buffalo County",3,69,195,107,88
050,55,011,"Wisconsin","Buffalo County",3,70,177,101,76
050,55,011,"Wisconsin","Buffalo County",3,71,178,94,84
050,55,011,"Wisconsin","Buffalo County",3,72,178,90,88
050,55,011,"Wisconsin","Buffalo County",3,73,161,86,75
050,55,011,"Wisconsin","Buffalo County",3,74,167,93,74
050,55,011,"Wisconsin","Buffalo County",3,75,107,61,46
050,55,011,"Wisconsin","Buffalo County",3,76,111,57,54
050,55,011,"Wisconsin","Buffalo County",3,77,108,51,57
050,55,011,"Wisconsin","Buffalo County",3,78,113,53,60
050,55,011,"Wisconsin","Buffalo County",3,79,90,42,48
050,55,011,"Wisconsin","Buffalo County",3,80,73,34,39
050,55,011,"Wisconsin","Buffalo County",3,81,87,40,47
050,55,011,"Wisconsin","Buffalo County",3,82,90,37,53
050,55,011,"Wisconsin","Buffalo County",3,83,75,34,41
050,55,011,"Wisconsin","Buffalo County",3,84,67,34,33
050,55,011,"Wisconsin","Buffalo County",3,85,320,123,197
050,55,011,"Wisconsin","Buffalo County",4,0,126,49,77
050,55,011,"Wisconsin","Buffalo County",4,1,134,62,72
050,55,011,"Wisconsin","Buffalo County",4,2,133,70,63
050,55,011,"Wisconsin","Buffalo County",4,3,119,58,61
050,55,011,"Wisconsin","Buffalo County",4,4,132,70,62
050,55,011,"Wisconsin","Buffalo County",4,5,135,67,68
050,55,011,"Wisconsin","Buffalo County",4,6,163,85,78
050,55,011,"Wisconsin","Buffalo County",4,7,152,78,74
050,55,011,"Wisconsin","Buffalo County",4,8,142,71,71
050,55,011,"Wisconsin","Buffalo County",4,9,151,69,82
050,55,011,"Wisconsin","Buffalo County",4,10,149,73,76
050,55,011,"Wisconsin","Buffalo County",4,11,142,67,75
050,55,011,"Wisconsin","Buffalo County",4,12,150,73,77
050,55,011,"Wisconsin","Buffalo County",4,13,171,86,85
050,55,011,"Wisconsin","Buffalo County",4,14,167,83,84
050,55,011,"Wisconsin","Buffalo County",4,15,171,83,88
050,55,011,"Wisconsin","Buffalo County",4,16,174,78,96
050,55,011,"Wisconsin","Buffalo County",4,17,173,77,96
050,55,011,"Wisconsin","Buffalo County",4,18,140,69,71
050,55,011,"Wisconsin","Buffalo County",4,19,110,58,52
050,55,011,"Wisconsin","Buffalo County",4,20,113,53,60
050,55,011,"Wisconsin","Buffalo County",4,21,122,62,60
050,55,011,"Wisconsin","Buffalo County",4,22,137,63,74
050,55,011,"Wisconsin","Buffalo County",4,23,155,86,69
050,55,011,"Wisconsin","Buffalo County",4,24,127,66,61
050,55,011,"Wisconsin","Buffalo County",4,25,141,75,66
050,55,011,"Wisconsin","Buffalo County",4,26,143,69,74
050,55,011,"Wisconsin","Buffalo County",4,27,131,65,66
050,55,011,"Wisconsin","Buffalo County",4,28,134,70,64
050,55,011,"Wisconsin","Buffalo County",4,29,123,70,53
050,55,011,"Wisconsin","Buffalo County",4,30,134,68,66
050,55,011,"Wisconsin","Buffalo County",4,31,127,67,60
050,55,011,"Wisconsin","Buffalo County",4,32,129,71,58
050,55,011,"Wisconsin","Buffalo County",4,33,124,62,62
050,55,011,"Wisconsin","Buffalo County",4,34,142,73,69
050,55,011,"Wisconsin","Buffalo County",4,35,159,85,74
050,55,011,"Wisconsin","Buffalo County",4,36,154,83,71
050,55,011,"Wisconsin","Buffalo County",4,37,156,89,67
050,55,011,"Wisconsin","Buffalo County",4,38,151,77,74
050,55,011,"Wisconsin","Buffalo County",4,39,158,87,71
050,55,011,"Wisconsin","Buffalo County",4,40,163,88,75
050,55,011,"Wisconsin","Buffalo County",4,41,172,82,90
050,55,011,"Wisconsin","Buffalo County",4,42,143,65,78
050,55,011,"Wisconsin","Buffalo County",4,43,147,67,80
050,55,011,"Wisconsin","Buffalo County",4,44,147,80,67
050,55,011,"Wisconsin","Buffalo County",4,45,148,78,70
050,55,011,"Wisconsin","Buffalo County",4,46,147,74,73
050,55,011,"Wisconsin","Buffalo County",4,47,159,83,76
050,55,011,"Wisconsin","Buffalo County",4,48,132,70,62
050,55,011,"Wisconsin","Buffalo County",4,49,149,79,70
050,55,011,"Wisconsin","Buffalo County",4,50,179,88,91
050,55,011,"Wisconsin","Buffalo County",4,51,164,77,87
050,55,011,"Wisconsin","Buffalo County",4,52,168,78,90
050,55,011,"Wisconsin","Buffalo County",4,53,169,91,78
050,55,011,"Wisconsin","Buffalo County",4,54,179,107,72
050,55,011,"Wisconsin","Buffalo County",4,55,189,99,90
050,55,011,"Wisconsin","Buffalo County",4,56,195,108,87
050,55,011,"Wisconsin","Buffalo County",4,57,207,108,99
050,55,011,"Wisconsin","Buffalo County",4,58,212,99,113
050,55,011,"Wisconsin","Buffalo County",4,59,238,124,114
050,55,011,"Wisconsin","Buffalo County",4,60,217,109,108
050,55,011,"Wisconsin","Buffalo County",4,61,223,119,104
050,55,011,"Wisconsin","Buffalo County",4,62,214,107,107
050,55,011,"Wisconsin","Buffalo County",4,63,232,114,118
050,55,011,"Wisconsin","Buffalo County",4,64,217,107,110
050,55,011,"Wisconsin","Buffalo County",4,65,214,113,101
050,55,011,"Wisconsin","Buffalo County",4,66,199,112,87
050,55,011,"Wisconsin","Buffalo County",4,67,201,112,89
050,55,011,"Wisconsin","Buffalo County",4,68,195,111,84
050,55,011,"Wisconsin","Buffalo County",4,69,194,107,87
050,55,011,"Wisconsin","Buffalo County",4,70,188,105,83
050,55,011,"Wisconsin","Buffalo County",4,71,177,97,80
050,55,011,"Wisconsin","Buffalo County",4,72,173,95,78
050,55,011,"Wisconsin","Buffalo County",4,73,177,91,86
050,55,011,"Wisconsin","Buffalo County",4,74,158,85,73
050,55,011,"Wisconsin","Buffalo County",4,75,169,97,72
050,55,011,"Wisconsin","Buffalo County",4,76,104,58,46
050,55,011,"Wisconsin","Buffalo County",4,77,110,56,54
050,55,011,"Wisconsin","Buffalo County",4,78,103,49,54
050,55,011,"Wisconsin","Buffalo County",4,79,109,51,58
050,55,011,"Wisconsin","Buffalo County",4,80,88,41,47
050,55,011,"Wisconsin","Buffalo County",4,81,69,31,38
050,55,011,"Wisconsin","Buffalo County",4,82,85,37,48
050,55,011,"Wisconsin","Buffalo County",4,83,82,36,46
050,55,011,"Wisconsin","Buffalo County",4,84,68,28,40
050,55,011,"Wisconsin","Buffalo County",4,85,323,129,194
050,55,011,"Wisconsin","Buffalo County",5,0,124,49,75
050,55,011,"Wisconsin","Buffalo County",5,1,125,51,74
050,55,011,"Wisconsin","Buffalo County",5,2,134,66,68
050,55,011,"Wisconsin","Buffalo County",5,3,139,77,62
050,55,011,"Wisconsin","Buffalo County",5,4,128,62,66
050,55,011,"Wisconsin","Buffalo County",5,5,136,73,63
050,55,011,"Wisconsin","Buffalo County",5,6,144,70,74
050,55,011,"Wisconsin","Buffalo County",5,7,167,82,85
050,55,011,"Wisconsin","Buffalo County",5,8,156,79,77
050,55,011,"Wisconsin","Buffalo County",5,9,149,69,80
050,55,011,"Wisconsin","Buffalo County",5,10,155,71,84
050,55,011,"Wisconsin","Buffalo County",5,11,149,69,80
050,55,011,"Wisconsin","Buffalo County",5,12,150,74,76
050,55,011,"Wisconsin","Buffalo County",5,13,146,72,74
050,55,011,"Wisconsin","Buffalo County",5,14,172,86,86
050,55,011,"Wisconsin","Buffalo County",5,15,171,81,90
050,55,011,"Wisconsin","Buffalo County",5,16,166,82,84
050,55,011,"Wisconsin","Buffalo County",5,17,166,80,86
050,55,011,"Wisconsin","Buffalo County",5,18,137,62,75
050,55,011,"Wisconsin","Buffalo County",5,19,107,54,53
050,55,011,"Wisconsin","Buffalo County",5,20,117,60,57
050,55,011,"Wisconsin","Buffalo County",5,21,123,59,64
050,55,011,"Wisconsin","Buffalo County",5,22,129,67,62
050,55,011,"Wisconsin","Buffalo County",5,23,127,59,68
050,55,011,"Wisconsin","Buffalo County",5,24,149,85,64
050,55,011,"Wisconsin","Buffalo County",5,25,134,69,65
050,55,011,"Wisconsin","Buffalo County",5,26,147,76,71
050,55,011,"Wisconsin","Buffalo County",5,27,130,70,60
050,55,011,"Wisconsin","Buffalo County",5,28,129,66,63
050,55,011,"Wisconsin","Buffalo County",5,29,134,69,65
050,55,011,"Wisconsin","Buffalo County",5,30,131,74,57
050,55,011,"Wisconsin","Buffalo County",5,31,149,73,76
050,55,011,"Wisconsin","Buffalo County",5,32,121,62,59
050,55,011,"Wisconsin","Buffalo County",5,33,132,74,58
050,55,011,"Wisconsin","Buffalo County",5,34,151,73,78
050,55,011,"Wisconsin","Buffalo County",5,35,140,72,68
050,55,011,"Wisconsin","Buffalo County",5,36,162,91,71
050,55,011,"Wisconsin","Buffalo County",5,37,152,83,69
050,55,011,"Wisconsin","Buffalo County",5,38,161,92,69
050,55,011,"Wisconsin","Buffalo County",5,39,152,79,73
050,55,011,"Wisconsin","Buffalo County",5,40,162,89,73
050,55,011,"Wisconsin","Buffalo County",5,41,174,90,84
050,55,011,"Wisconsin","Buffalo County",5,42,168,81,87
050,55,011,"Wisconsin","Buffalo County",5,43,141,64,77
050,55,011,"Wisconsin","Buffalo County",5,44,149,65,84
050,55,011,"Wisconsin","Buffalo County",5,45,154,82,72
050,55,011,"Wisconsin","Buffalo County",5,46,149,78,71
050,55,011,"Wisconsin","Buffalo County",5,47,154,80,74
050,55,011,"Wisconsin","Buffalo County",5,48,153,79,74
050,55,011,"Wisconsin","Buffalo County",5,49,140,74,66
050,55,011,"Wisconsin","Buffalo County",5,50,155,79,76
050,55,011,"Wisconsin","Buffalo County",5,51,178,94,84
050,55,011,"Wisconsin","Buffalo County",5,52,159,71,88
050,55,011,"Wisconsin","Buffalo County",5,53,162,76,86
050,55,011,"Wisconsin","Buffalo County",5,54,171,90,81
050,55,011,"Wisconsin","Buffalo County",5,55,190,111,79
050,55,011,"Wisconsin","Buffalo County",5,56,185,96,89
050,55,011,"Wisconsin","Buffalo County",5,57,188,102,86
050,55,011,"Wisconsin","Buffalo County",5,58,213,111,102
050,55,011,"Wisconsin","Buffalo County",5,59,216,100,116
050,55,011,"Wisconsin","Buffalo County",5,60,228,119,109
050,55,011,"Wisconsin","Buffalo County",5,61,216,109,107
050,55,011,"Wisconsin","Buffalo County",5,62,216,114,102
050,55,011,"Wisconsin","Buffalo County",5,63,213,108,105
050,55,011,"Wisconsin","Buffalo County",5,64,241,115,126
050,55,011,"Wisconsin","Buffalo County",5,65,219,110,109
050,55,011,"Wisconsin","Buffalo County",5,66,214,113,101
050,55,011,"Wisconsin","Buffalo County",5,67,196,113,83
050,55,011,"Wisconsin","Buffalo County",5,68,199,111,88
050,55,011,"Wisconsin","Buffalo County",5,69,198,108,90
050,55,011,"Wisconsin","Buffalo County",5,70,184,104,80
050,55,011,"Wisconsin","Buffalo County",5,71,187,101,86
050,55,011,"Wisconsin","Buffalo County",5,72,166,95,71
050,55,011,"Wisconsin","Buffalo County",5,73,164,91,73
050,55,011,"Wisconsin","Buffalo County",5,74,174,91,83
050,55,011,"Wisconsin","Buffalo County",5,75,154,85,69
050,55,011,"Wisconsin","Buffalo County",5,76,166,93,73
050,55,011,"Wisconsin","Buffalo County",5,77,102,56,46
050,55,011,"Wisconsin","Buffalo County",5,78,104,54,50
050,55,011,"Wisconsin","Buffalo County",5,79,99,47,52
050,55,011,"Wisconsin","Buffalo County",5,80,100,46,54
050,55,011,"Wisconsin","Buffalo County",5,81,84,39,45
050,55,011,"Wisconsin","Buffalo County",5,82,65,29,36
050,55,011,"Wisconsin","Buffalo County",5,83,74,36,38
050,55,011,"Wisconsin","Buffalo County",5,84,76,32,44
050,55,011,"Wisconsin","Buffalo County",5,85,328,129,199
050,55,013,"Wisconsin","Burnett County",1,0,122,61,61
050,55,013,"Wisconsin","Burnett County",1,1,131,63,68
050,55,013,"Wisconsin","Burnett County",1,2,127,57,70
050,55,013,"Wisconsin","Burnett County",1,3,139,71,68
050,55,013,"Wisconsin","Burnett County",1,4,150,82,68
050,55,013,"Wisconsin","Burnett County",1,5,147,71,76
050,55,013,"Wisconsin","Burnett County",1,6,142,72,70
050,55,013,"Wisconsin","Burnett County",1,7,143,84,59
050,55,013,"Wisconsin","Burnett County",1,8,158,87,71
050,55,013,"Wisconsin","Burnett County",1,9,182,100,82
050,55,013,"Wisconsin","Burnett County",1,10,162,83,79
050,55,013,"Wisconsin","Burnett County",1,11,153,81,72
050,55,013,"Wisconsin","Burnett County",1,12,167,92,75
050,55,013,"Wisconsin","Burnett County",1,13,196,100,96
050,55,013,"Wisconsin","Burnett County",1,14,181,103,78
050,55,013,"Wisconsin","Burnett County",1,15,161,83,78
050,55,013,"Wisconsin","Burnett County",1,16,169,97,72
050,55,013,"Wisconsin","Burnett County",1,17,176,87,89
050,55,013,"Wisconsin","Burnett County",1,18,142,73,69
050,55,013,"Wisconsin","Burnett County",1,19,114,59,55
050,55,013,"Wisconsin","Burnett County",1,20,124,65,59
050,55,013,"Wisconsin","Burnett County",1,21,127,70,57
050,55,013,"Wisconsin","Burnett County",1,22,122,68,54
050,55,013,"Wisconsin","Burnett County",1,23,130,69,61
050,55,013,"Wisconsin","Burnett County",1,24,130,63,67
050,55,013,"Wisconsin","Burnett County",1,25,142,61,81
050,55,013,"Wisconsin","Burnett County",1,26,137,67,70
050,55,013,"Wisconsin","Burnett County",1,27,149,83,66
050,55,013,"Wisconsin","Burnett County",1,28,128,65,63
050,55,013,"Wisconsin","Burnett County",1,29,127,67,60
050,55,013,"Wisconsin","Burnett County",1,30,130,67,63
050,55,013,"Wisconsin","Burnett County",1,31,134,69,65
050,55,013,"Wisconsin","Burnett County",1,32,125,62,63
050,55,013,"Wisconsin","Burnett County",1,33,120,61,59
050,55,013,"Wisconsin","Burnett County",1,34,134,70,64
050,55,013,"Wisconsin","Burnett County",1,35,136,70,66
050,55,013,"Wisconsin","Burnett County",1,36,127,63,64
050,55,013,"Wisconsin","Burnett County",1,37,144,71,73
050,55,013,"Wisconsin","Burnett County",1,38,170,87,83
050,55,013,"Wisconsin","Burnett County",1,39,180,90,90
050,55,013,"Wisconsin","Burnett County",1,40,169,83,86
050,55,013,"Wisconsin","Burnett County",1,41,142,69,73
050,55,013,"Wisconsin","Burnett County",1,42,154,66,88
050,55,013,"Wisconsin","Burnett County",1,43,155,75,80
050,55,013,"Wisconsin","Burnett County",1,44,157,83,74
050,55,013,"Wisconsin","Burnett County",1,45,150,69,81
050,55,013,"Wisconsin","Burnett County",1,46,159,80,79
050,55,013,"Wisconsin","Burnett County",1,47,165,91,74
050,55,013,"Wisconsin","Burnett County",1,48,177,96,81
050,55,013,"Wisconsin","Burnett County",1,49,199,111,88
050,55,013,"Wisconsin","Burnett County",1,50,190,103,87
050,55,013,"Wisconsin","Burnett County",1,51,202,99,103
050,55,013,"Wisconsin","Burnett County",1,52,206,108,98
050,55,013,"Wisconsin","Burnett County",1,53,215,114,101
050,55,013,"Wisconsin","Burnett County",1,54,234,118,116
050,55,013,"Wisconsin","Burnett County",1,55,268,133,135
050,55,013,"Wisconsin","Burnett County",1,56,273,131,142
050,55,013,"Wisconsin","Burnett County",1,57,278,137,141
050,55,013,"Wisconsin","Burnett County",1,58,309,155,154
050,55,013,"Wisconsin","Burnett County",1,59,318,171,147
050,55,013,"Wisconsin","Burnett County",1,60,331,172,159
050,55,013,"Wisconsin","Burnett County",1,61,337,183,154
050,55,013,"Wisconsin","Burnett County",1,62,348,177,171
050,55,013,"Wisconsin","Burnett County",1,63,353,174,179
050,55,013,"Wisconsin","Burnett County",1,64,349,184,165
050,55,013,"Wisconsin","Burnett County",1,65,378,203,175
050,55,013,"Wisconsin","Burnett County",1,66,367,185,182
050,55,013,"Wisconsin","Burnett County",1,67,348,181,167
050,55,013,"Wisconsin","Burnett County",1,68,327,179,148
050,55,013,"Wisconsin","Burnett County",1,69,292,153,139
050,55,013,"Wisconsin","Burnett County",1,70,292,135,157
050,55,013,"Wisconsin","Burnett County",1,71,286,141,145
050,55,013,"Wisconsin","Burnett County",1,72,295,160,135
050,55,013,"Wisconsin","Burnett County",1,73,267,152,115
050,55,013,"Wisconsin","Burnett County",1,74,180,104,76
050,55,013,"Wisconsin","Burnett County",1,75,186,101,85
050,55,013,"Wisconsin","Burnett County",1,76,203,110,93
050,55,013,"Wisconsin","Burnett County",1,77,173,80,93
050,55,013,"Wisconsin","Burnett County",1,78,167,75,92
050,55,013,"Wisconsin","Burnett County",1,79,134,66,68
050,55,013,"Wisconsin","Burnett County",1,80,113,57,56
050,55,013,"Wisconsin","Burnett County",1,81,130,63,67
050,55,013,"Wisconsin","Burnett County",1,82,114,55,59
050,55,013,"Wisconsin","Burnett County",1,83,112,59,53
050,55,013,"Wisconsin","Burnett County",1,84,84,42,42
050,55,013,"Wisconsin","Burnett County",1,85,460,204,256
050,55,013,"Wisconsin","Burnett County",2,0,124,64,60
050,55,013,"Wisconsin","Burnett County",2,1,127,62,65
050,55,013,"Wisconsin","Burnett County",2,2,127,59,68
050,55,013,"Wisconsin","Burnett County",2,3,133,66,67
050,55,013,"Wisconsin","Burnett County",2,4,150,80,70
050,55,013,"Wisconsin","Burnett County",2,5,147,72,75
050,55,013,"Wisconsin","Burnett County",2,6,141,70,71
050,55,013,"Wisconsin","Burnett County",2,7,143,81,62
050,55,013,"Wisconsin","Burnett County",2,8,153,85,68
050,55,013,"Wisconsin","Burnett County",2,9,175,96,79
050,55,013,"Wisconsin","Burnett County",2,10,166,86,80
050,55,013,"Wisconsin","Burnett County",2,11,156,82,74
050,55,013,"Wisconsin","Burnett County",2,12,168,91,77
050,55,013,"Wisconsin","Burnett County",2,13,190,100,90
050,55,013,"Wisconsin","Burnett County",2,14,183,101,82
050,55,013,"Wisconsin","Burnett County",2,15,165,87,78
050,55,013,"Wisconsin","Burnett County",2,16,169,95,74
050,55,013,"Wisconsin","Burnett County",2,17,172,87,85
050,55,013,"Wisconsin","Burnett County",2,18,140,71,69
050,55,013,"Wisconsin","Burnett County",2,19,114,59,55
050,55,013,"Wisconsin","Burnett County",2,20,124,65,59
050,55,013,"Wisconsin","Burnett County",2,21,127,70,57
050,55,013,"Wisconsin","Burnett County",2,22,126,70,56
050,55,013,"Wisconsin","Burnett County",2,23,129,69,60
050,55,013,"Wisconsin","Burnett County",2,24,132,65,67
050,55,013,"Wisconsin","Burnett County",2,25,140,62,78
050,55,013,"Wisconsin","Burnett County",2,26,138,68,70
050,55,013,"Wisconsin","Burnett County",2,27,145,80,65
050,55,013,"Wisconsin","Burnett County",2,28,133,69,64
050,55,013,"Wisconsin","Burnett County",2,29,128,67,61
050,55,013,"Wisconsin","Burnett County",2,30,135,70,65
050,55,013,"Wisconsin","Burnett County",2,31,132,69,63
050,55,013,"Wisconsin","Burnett County",2,32,125,63,62
050,55,013,"Wisconsin","Burnett County",2,33,119,59,60
050,55,013,"Wisconsin","Burnett County",2,34,132,69,63
050,55,013,"Wisconsin","Burnett County",2,35,135,70,65
050,55,013,"Wisconsin","Burnett County",2,36,127,63,64
050,55,013,"Wisconsin","Burnett County",2,37,138,67,71
050,55,013,"Wisconsin","Burnett County",2,38,166,84,82
050,55,013,"Wisconsin","Burnett County",2,39,179,90,89
050,55,013,"Wisconsin","Burnett County",2,40,174,86,88
050,55,013,"Wisconsin","Burnett County",2,41,148,73,75
050,55,013,"Wisconsin","Burnett County",2,42,150,67,83
050,55,013,"Wisconsin","Burnett County",2,43,158,75,83
050,55,013,"Wisconsin","Burnett County",2,44,154,79,75
050,55,013,"Wisconsin","Burnett County",2,45,154,73,81
050,55,013,"Wisconsin","Burnett County",2,46,157,78,79
050,55,013,"Wisconsin","Burnett County",2,47,161,86,75
050,55,013,"Wisconsin","Burnett County",2,48,176,96,80
050,55,013,"Wisconsin","Burnett County",2,49,197,109,88
050,55,013,"Wisconsin","Burnett County",2,50,193,106,87
050,55,013,"Wisconsin","Burnett County",2,51,201,101,100
050,55,013,"Wisconsin","Burnett County",2,52,208,109,99
050,55,013,"Wisconsin","Burnett County",2,53,215,113,102
050,55,013,"Wisconsin","Burnett County",2,54,229,117,112
050,55,013,"Wisconsin","Burnett County",2,55,262,129,133
050,55,013,"Wisconsin","Burnett County",2,56,278,134,144
050,55,013,"Wisconsin","Burnett County",2,57,282,137,145
050,55,013,"Wisconsin","Burnett County",2,58,305,152,153
050,55,013,"Wisconsin","Burnett County",2,59,323,172,151
050,55,013,"Wisconsin","Burnett County",2,60,331,173,158
050,55,013,"Wisconsin","Burnett County",2,61,341,183,158
050,55,013,"Wisconsin","Burnett County",2,62,346,178,168
050,55,013,"Wisconsin","Burnett County",2,63,362,179,183
050,55,013,"Wisconsin","Burnett County",2,64,356,186,170
050,55,013,"Wisconsin","Burnett County",2,65,376,201,175
050,55,013,"Wisconsin","Burnett County",2,66,375,192,183
050,55,013,"Wisconsin","Burnett County",2,67,354,183,171
050,55,013,"Wisconsin","Burnett County",2,68,328,178,150
050,55,013,"Wisconsin","Burnett County",2,69,305,161,144
050,55,013,"Wisconsin","Burnett County",2,70,292,140,152
050,55,013,"Wisconsin","Burnett County",2,71,288,139,149
050,55,013,"Wisconsin","Burnett County",2,72,288,153,135
050,55,013,"Wisconsin","Burnett County",2,73,288,162,126
050,55,013,"Wisconsin","Burnett County",2,74,185,106,79
050,55,013,"Wisconsin","Burnett County",2,75,184,101,83
050,55,013,"Wisconsin","Burnett County",2,76,194,105,89
050,55,013,"Wisconsin","Burnett County",2,77,184,89,95
050,55,013,"Wisconsin","Burnett County",2,78,163,74,89
050,55,013,"Wisconsin","Burnett County",2,79,138,67,71
050,55,013,"Wisconsin","Burnett County",2,80,118,59,59
050,55,013,"Wisconsin","Burnett County",2,81,124,60,64
050,55,013,"Wisconsin","Burnett County",2,82,114,56,58
050,55,013,"Wisconsin","Burnett County",2,83,111,58,53
050,55,013,"Wisconsin","Burnett County",2,84,88,45,43
050,55,013,"Wisconsin","Burnett County",2,85,466,207,259
050,55,013,"Wisconsin","Burnett County",3,0,101,60,41
050,55,013,"Wisconsin","Burnett County",3,1,123,63,60
050,55,013,"Wisconsin","Burnett County",3,2,122,63,59
050,55,013,"Wisconsin","Burnett County",3,3,122,61,61
050,55,013,"Wisconsin","Burnett County",3,4,140,65,75
050,55,013,"Wisconsin","Burnett County",3,5,158,87,71
050,55,013,"Wisconsin","Burnett County",3,6,141,67,74
050,55,013,"Wisconsin","Burnett County",3,7,140,71,69
050,55,013,"Wisconsin","Burnett County",3,8,147,87,60
050,55,013,"Wisconsin","Burnett County",3,9,146,82,64
050,55,013,"Wisconsin","Burnett County",3,10,166,91,75
050,55,013,"Wisconsin","Burnett County",3,11,165,86,79
050,55,013,"Wisconsin","Burnett County",3,12,146,79,67
050,55,013,"Wisconsin","Burnett County",3,13,166,88,78
050,55,013,"Wisconsin","Burnett County",3,14,181,94,87
050,55,013,"Wisconsin","Burnett County",3,15,182,105,77
050,55,013,"Wisconsin","Burnett County",3,16,178,100,78
050,55,013,"Wisconsin","Burnett County",3,17,163,92,71
050,55,013,"Wisconsin","Burnett County",3,18,140,71,69
050,55,013,"Wisconsin","Burnett County",3,19,113,56,57
050,55,013,"Wisconsin","Burnett County",3,20,114,59,55
050,55,013,"Wisconsin","Burnett County",3,21,120,62,58
050,55,013,"Wisconsin","Burnett County",3,22,138,79,59
050,55,013,"Wisconsin","Burnett County",3,23,126,72,54
050,55,013,"Wisconsin","Burnett County",3,24,122,68,54
050,55,013,"Wisconsin","Burnett County",3,25,129,64,65
050,55,013,"Wisconsin","Burnett County",3,26,145,64,81
050,55,013,"Wisconsin","Burnett County",3,27,137,67,70
050,55,013,"Wisconsin","Burnett County",3,28,146,77,69
050,55,013,"Wisconsin","Burnett County",3,29,132,70,62
050,55,013,"Wisconsin","Burnett County",3,30,131,67,64
050,55,013,"Wisconsin","Burnett County",3,31,135,71,64
050,55,013,"Wisconsin","Burnett County",3,32,130,65,65
050,55,013,"Wisconsin","Burnett County",3,33,135,65,70
050,55,013,"Wisconsin","Burnett County",3,34,126,59,67
050,55,013,"Wisconsin","Burnett County",3,35,140,75,65
050,55,013,"Wisconsin","Burnett County",3,36,139,70,69
050,55,013,"Wisconsin","Burnett County",3,37,126,66,60
050,55,013,"Wisconsin","Burnett County",3,38,141,65,76
050,55,013,"Wisconsin","Burnett County",3,39,172,90,82
050,55,013,"Wisconsin","Burnett County",3,40,188,95,93
050,55,013,"Wisconsin","Burnett County",3,41,174,88,86
050,55,013,"Wisconsin","Burnett County",3,42,150,73,77
050,55,013,"Wisconsin","Burnett County",3,43,145,65,80
050,55,013,"Wisconsin","Burnett County",3,44,162,76,86
050,55,013,"Wisconsin","Burnett County",3,45,148,75,73
050,55,013,"Wisconsin","Burnett County",3,46,161,75,86
050,55,013,"Wisconsin","Burnett County",3,47,164,80,84
050,55,013,"Wisconsin","Burnett County",3,48,162,87,75
050,55,013,"Wisconsin","Burnett County",3,49,171,93,78
050,55,013,"Wisconsin","Burnett County",3,50,200,108,92
050,55,013,"Wisconsin","Burnett County",3,51,204,111,93
050,55,013,"Wisconsin","Burnett County",3,52,212,102,110
050,55,013,"Wisconsin","Burnett County",3,53,221,115,106
050,55,013,"Wisconsin","Burnett County",3,54,224,118,106
050,55,013,"Wisconsin","Burnett County",3,55,242,123,119
050,55,013,"Wisconsin","Burnett County",3,56,265,130,135
050,55,013,"Wisconsin","Burnett County",3,57,303,144,159
050,55,013,"Wisconsin","Burnett County",3,58,308,148,160
050,55,013,"Wisconsin","Burnett County",3,59,323,168,155
050,55,013,"Wisconsin","Burnett County",3,60,343,185,158
050,55,013,"Wisconsin","Burnett County",3,61,357,184,173
050,55,013,"Wisconsin","Burnett County",3,62,368,188,180
050,55,013,"Wisconsin","Burnett County",3,63,363,189,174
050,55,013,"Wisconsin","Burnett County",3,64,388,197,191
050,55,013,"Wisconsin","Burnett County",3,65,378,199,179
050,55,013,"Wisconsin","Burnett County",3,66,379,206,173
050,55,013,"Wisconsin","Burnett County",3,67,377,195,182
050,55,013,"Wisconsin","Burnett County",3,68,366,189,177
050,55,013,"Wisconsin","Burnett County",3,69,339,188,151
050,55,013,"Wisconsin","Burnett County",3,70,300,160,140
050,55,013,"Wisconsin","Burnett County",3,71,279,131,148
050,55,013,"Wisconsin","Burnett County",3,72,275,132,143
050,55,013,"Wisconsin","Burnett County",3,73,287,151,136
050,55,013,"Wisconsin","Burnett County",3,74,280,152,128
050,55,013,"Wisconsin","Burnett County",3,75,186,108,78
050,55,013,"Wisconsin","Burnett County",3,76,183,100,83
050,55,013,"Wisconsin","Burnett County",3,77,187,103,84
050,55,013,"Wisconsin","Burnett County",3,78,171,86,85
050,55,013,"Wisconsin","Burnett County",3,79,150,69,81
050,55,013,"Wisconsin","Burnett County",3,80,127,59,68
050,55,013,"Wisconsin","Burnett County",3,81,119,57,62
050,55,013,"Wisconsin","Burnett County",3,82,111,55,56
050,55,013,"Wisconsin","Burnett County",3,83,102,48,54
050,55,013,"Wisconsin","Burnett County",3,84,98,52,46
050,55,013,"Wisconsin","Burnett County",3,85,491,218,273
050,55,013,"Wisconsin","Burnett County",4,0,94,53,41
050,55,013,"Wisconsin","Burnett County",4,1,109,66,43
050,55,013,"Wisconsin","Burnett County",4,2,120,62,58
050,55,013,"Wisconsin","Burnett County",4,3,124,67,57
050,55,013,"Wisconsin","Burnett County",4,4,122,60,62
050,55,013,"Wisconsin","Burnett County",4,5,145,65,80
050,55,013,"Wisconsin","Burnett County",4,6,156,86,70
050,55,013,"Wisconsin","Burnett County",4,7,153,76,77
050,55,013,"Wisconsin","Burnett County",4,8,142,73,69
050,55,013,"Wisconsin","Burnett County",4,9,144,86,58
050,55,013,"Wisconsin","Burnett County",4,10,152,85,67
050,55,013,"Wisconsin","Burnett County",4,11,181,96,85
050,55,013,"Wisconsin","Burnett County",4,12,169,89,80
050,55,013,"Wisconsin","Burnett County",4,13,158,82,76
050,55,013,"Wisconsin","Burnett County",4,14,169,94,75
050,55,013,"Wisconsin","Burnett County",4,15,190,98,92
050,55,013,"Wisconsin","Burnett County",4,16,183,106,77
050,55,013,"Wisconsin","Burnett County",4,17,181,97,84
050,55,013,"Wisconsin","Burnett County",4,18,137,75,62
050,55,013,"Wisconsin","Burnett County",4,19,114,57,57
050,55,013,"Wisconsin","Burnett County",4,20,109,54,55
050,55,013,"Wisconsin","Burnett County",4,21,120,58,62
050,55,013,"Wisconsin","Burnett County",4,22,128,64,64
050,55,013,"Wisconsin","Burnett County",4,23,141,82,59
050,55,013,"Wisconsin","Burnett County",4,24,120,66,54
050,55,013,"Wisconsin","Burnett County",4,25,112,64,48
050,55,013,"Wisconsin","Burnett County",4,26,141,69,72
050,55,013,"Wisconsin","Burnett County",4,27,145,62,83
050,55,013,"Wisconsin","Burnett County",4,28,137,70,67
050,55,013,"Wisconsin","Burnett County",4,29,152,85,67
050,55,013,"Wisconsin","Burnett County",4,30,138,68,70
050,55,013,"Wisconsin","Burnett County",4,31,126,62,64
050,55,013,"Wisconsin","Burnett County",4,32,142,72,70
050,55,013,"Wisconsin","Burnett County",4,33,123,60,63
050,55,013,"Wisconsin","Burnett County",4,34,137,68,69
050,55,013,"Wisconsin","Burnett County",4,35,125,60,65
050,55,013,"Wisconsin","Burnett County",4,36,139,72,67
050,55,013,"Wisconsin","Burnett County",4,37,153,77,76
050,55,013,"Wisconsin","Burnett County",4,38,129,64,65
050,55,013,"Wisconsin","Burnett County",4,39,139,65,74
050,55,013,"Wisconsin","Burnett County",4,40,182,95,87
050,55,013,"Wisconsin","Burnett County",4,41,191,98,93
050,55,013,"Wisconsin","Burnett County",4,42,184,95,89
050,55,013,"Wisconsin","Burnett County",4,43,151,76,75
050,55,013,"Wisconsin","Burnett County",4,44,146,66,80
050,55,013,"Wisconsin","Burnett County",4,45,162,75,87
050,55,013,"Wisconsin","Burnett County",4,46,151,74,77
050,55,013,"Wisconsin","Burnett County",4,47,164,77,87
050,55,013,"Wisconsin","Burnett County",4,48,170,82,88
050,55,013,"Wisconsin","Burnett County",4,49,161,86,75
050,55,013,"Wisconsin","Burnett County",4,50,177,93,84
050,55,013,"Wisconsin","Burnett County",4,51,199,112,87
050,55,013,"Wisconsin","Burnett County",4,52,214,116,98
050,55,013,"Wisconsin","Burnett County",4,53,219,103,116
050,55,013,"Wisconsin","Burnett County",4,54,235,121,114
050,55,013,"Wisconsin","Burnett County",4,55,235,120,115
050,55,013,"Wisconsin","Burnett County",4,56,239,125,114
050,55,013,"Wisconsin","Burnett County",4,57,277,137,140
050,55,013,"Wisconsin","Burnett County",4,58,321,156,165
050,55,013,"Wisconsin","Burnett County",4,59,330,155,175
050,55,013,"Wisconsin","Burnett County",4,60,341,176,165
050,55,013,"Wisconsin","Burnett County",4,61,357,198,159
050,55,013,"Wisconsin","Burnett County",4,62,372,193,179
050,55,013,"Wisconsin","Burnett County",4,63,392,201,191
050,55,013,"Wisconsin","Burnett County",4,64,383,199,184
050,55,013,"Wisconsin","Burnett County",4,65,404,208,196
050,55,013,"Wisconsin","Burnett County",4,66,398,205,193
050,55,013,"Wisconsin","Burnett County",4,67,388,210,178
050,55,013,"Wisconsin","Burnett County",4,68,378,194,184
050,55,013,"Wisconsin","Burnett County",4,69,379,195,184
050,55,013,"Wisconsin","Burnett County",4,70,338,187,151
050,55,013,"Wisconsin","Burnett County",4,71,291,156,135
050,55,013,"Wisconsin","Burnett County",4,72,276,134,142
050,55,013,"Wisconsin","Burnett County",4,73,266,126,140
050,55,013,"Wisconsin","Burnett County",4,74,270,140,130
050,55,013,"Wisconsin","Burnett County",4,75,266,139,127
050,55,013,"Wisconsin","Burnett County",4,76,181,101,80
050,55,013,"Wisconsin","Burnett County",4,77,176,98,78
050,55,013,"Wisconsin","Burnett County",4,78,178,96,82
050,55,013,"Wisconsin","Burnett County",4,79,159,80,79
050,55,013,"Wisconsin","Burnett County",4,80,141,66,75
050,55,013,"Wisconsin","Burnett County",4,81,125,55,70
050,55,013,"Wisconsin","Burnett County",4,82,108,51,57
050,55,013,"Wisconsin","Burnett County",4,83,99,51,48
050,55,013,"Wisconsin","Burnett County",4,84,89,42,47
050,55,013,"Wisconsin","Burnett County",4,85,526,231,295
050,55,013,"Wisconsin","Burnett County",5,0,93,52,41
050,55,013,"Wisconsin","Burnett County",5,1,102,57,45
050,55,013,"Wisconsin","Burnett County",5,2,105,60,45
050,55,013,"Wisconsin","Burnett County",5,3,125,66,59
050,55,013,"Wisconsin","Burnett County",5,4,125,65,60
050,55,013,"Wisconsin","Burnett County",5,5,125,60,65
050,55,013,"Wisconsin","Burnett County",5,6,146,68,78
050,55,013,"Wisconsin","Burnett County",5,7,156,87,69
050,55,013,"Wisconsin","Burnett County",5,8,148,74,74
050,55,013,"Wisconsin","Burnett County",5,9,146,75,71
050,55,013,"Wisconsin","Burnett County",5,10,149,89,60
050,55,013,"Wisconsin","Burnett County",5,11,154,86,68
050,55,013,"Wisconsin","Burnett County",5,12,173,94,79
050,55,013,"Wisconsin","Burnett County",5,13,170,90,80
050,55,013,"Wisconsin","Burnett County",5,14,155,83,72
050,55,013,"Wisconsin","Burnett County",5,15,173,94,79
050,55,013,"Wisconsin","Burnett County",5,16,192,101,91
050,55,013,"Wisconsin","Burnett County",5,17,187,104,83
050,55,013,"Wisconsin","Burnett County",5,18,141,77,64
050,55,013,"Wisconsin","Burnett County",5,19,107,59,48
050,55,013,"Wisconsin","Burnett County",5,20,120,58,62
050,55,013,"Wisconsin","Burnett County",5,21,113,55,58
050,55,013,"Wisconsin","Burnett County",5,22,125,61,64
050,55,013,"Wisconsin","Burnett County",5,23,137,72,65
050,55,013,"Wisconsin","Burnett County",5,24,144,86,58
050,55,013,"Wisconsin","Burnett County",5,25,111,67,44
050,55,013,"Wisconsin","Burnett County",5,26,120,66,54
050,55,013,"Wisconsin","Burnett County",5,27,146,73,73
050,55,013,"Wisconsin","Burnett County",5,28,148,64,84
050,55,013,"Wisconsin","Burnett County",5,29,138,71,67
050,55,013,"Wisconsin","Burnett County",5,30,157,83,74
050,55,013,"Wisconsin","Burnett County",5,31,131,66,65
050,55,013,"Wisconsin","Burnett County",5,32,128,61,67
050,55,013,"Wisconsin","Burnett County",5,33,144,78,66
050,55,013,"Wisconsin","Burnett County",5,34,132,64,68
050,55,013,"Wisconsin","Burnett County",5,35,142,67,75
050,55,013,"Wisconsin","Burnett County",5,36,127,57,70
050,55,013,"Wisconsin","Burnett County",5,37,134,69,65
050,55,013,"Wisconsin","Burnett County",5,38,157,76,81
050,55,013,"Wisconsin","Burnett County",5,39,128,68,60
050,55,013,"Wisconsin","Burnett County",5,40,143,68,75
050,55,013,"Wisconsin","Burnett County",5,41,188,96,92
050,55,013,"Wisconsin","Burnett County",5,42,193,102,91
050,55,013,"Wisconsin","Burnett County",5,43,185,98,87
050,55,013,"Wisconsin","Burnett County",5,44,160,77,83
050,55,013,"Wisconsin","Burnett County",5,45,152,73,79
050,55,013,"Wisconsin","Burnett County",5,46,163,78,85
050,55,013,"Wisconsin","Burnett County",5,47,159,76,83
050,55,013,"Wisconsin","Burnett County",5,48,160,74,86
050,55,013,"Wisconsin","Burnett County",5,49,174,87,87
050,55,013,"Wisconsin","Burnett County",5,50,169,88,81
050,55,013,"Wisconsin","Burnett County",5,51,191,104,87
050,55,013,"Wisconsin","Burnett County",5,52,205,111,94
050,55,013,"Wisconsin","Burnett County",5,53,215,117,98
050,55,013,"Wisconsin","Burnett County",5,54,222,100,122
050,55,013,"Wisconsin","Burnett County",5,55,234,124,110
050,55,013,"Wisconsin","Burnett County",5,56,238,120,118
050,55,013,"Wisconsin","Burnett County",5,57,249,130,119
050,55,013,"Wisconsin","Burnett County",5,58,290,142,148
050,55,013,"Wisconsin","Burnett County",5,59,341,160,181
050,55,013,"Wisconsin","Burnett County",5,60,346,164,182
050,55,013,"Wisconsin","Burnett County",5,61,366,184,182
050,55,013,"Wisconsin","Burnett County",5,62,362,206,156
050,55,013,"Wisconsin","Burnett County",5,63,388,204,184
050,55,013,"Wisconsin","Burnett County",5,64,415,219,196
050,55,013,"Wisconsin","Burnett County",5,65,401,206,195
050,55,013,"Wisconsin","Burnett County",5,66,407,210,197
050,55,013,"Wisconsin","Burnett County",5,67,395,204,191
050,55,013,"Wisconsin","Burnett County",5,68,383,206,177
050,55,013,"Wisconsin","Burnett County",5,69,379,192,187
050,55,013,"Wisconsin","Burnett County",5,70,372,196,176
050,55,013,"Wisconsin","Burnett County",5,71,324,180,144
050,55,013,"Wisconsin","Burnett County",5,72,289,157,132
050,55,013,"Wisconsin","Burnett County",5,73,266,127,139
050,55,013,"Wisconsin","Burnett County",5,74,255,119,136
050,55,013,"Wisconsin","Burnett County",5,75,260,131,129
050,55,013,"Wisconsin","Burnett County",5,76,257,133,124
050,55,013,"Wisconsin","Burnett County",5,77,166,94,72
050,55,013,"Wisconsin","Burnett County",5,78,161,91,70
050,55,013,"Wisconsin","Burnett County",5,79,174,94,80
050,55,013,"Wisconsin","Burnett County",5,80,145,73,72
050,55,013,"Wisconsin","Burnett County",5,81,143,67,76
050,55,013,"Wisconsin","Burnett County",5,82,117,53,64
050,55,013,"Wisconsin","Burnett County",5,83,98,46,52
050,55,013,"Wisconsin","Burnett County",5,84,88,45,43
050,55,013,"Wisconsin","Burnett County",5,85,550,239,311
050,55,015,"Wisconsin","Calumet County",1,0,489,253,236
050,55,015,"Wisconsin","Calumet County",1,1,492,262,230
050,55,015,"Wisconsin","Calumet County",1,2,535,284,251
050,55,015,"Wisconsin","Calumet County",1,3,564,295,269
050,55,015,"Wisconsin","Calumet County",1,4,604,322,282
050,55,015,"Wisconsin","Calumet County",1,5,605,322,283
050,55,015,"Wisconsin","Calumet County",1,6,646,323,323
050,55,015,"Wisconsin","Calumet County",1,7,662,329,333
050,55,015,"Wisconsin","Calumet County",1,8,706,354,352
050,55,015,"Wisconsin","Calumet County",1,9,707,373,334
050,55,015,"Wisconsin","Calumet County",1,10,717,376,341
050,55,015,"Wisconsin","Calumet County",1,11,740,415,325
050,55,015,"Wisconsin","Calumet County",1,12,791,401,390
050,55,015,"Wisconsin","Calumet County",1,13,821,423,398
050,55,015,"Wisconsin","Calumet County",1,14,762,403,359
050,55,015,"Wisconsin","Calumet County",1,15,839,438,401
050,55,015,"Wisconsin","Calumet County",1,16,819,419,400
050,55,015,"Wisconsin","Calumet County",1,17,794,407,387
050,55,015,"Wisconsin","Calumet County",1,18,690,357,333
050,55,015,"Wisconsin","Calumet County",1,19,515,271,244
050,55,015,"Wisconsin","Calumet County",1,20,549,282,267
050,55,015,"Wisconsin","Calumet County",1,21,537,284,253
050,55,015,"Wisconsin","Calumet County",1,22,552,280,272
050,55,015,"Wisconsin","Calumet County",1,23,528,267,261
050,55,015,"Wisconsin","Calumet County",1,24,533,264,269
050,55,015,"Wisconsin","Calumet County",1,25,517,247,270
050,55,015,"Wisconsin","Calumet County",1,26,546,291,255
050,55,015,"Wisconsin","Calumet County",1,27,554,291,263
050,55,015,"Wisconsin","Calumet County",1,28,561,301,260
050,55,015,"Wisconsin","Calumet County",1,29,581,301,280
050,55,015,"Wisconsin","Calumet County",1,30,550,296,254
050,55,015,"Wisconsin","Calumet County",1,31,582,303,279
050,55,015,"Wisconsin","Calumet County",1,32,614,310,304
050,55,015,"Wisconsin","Calumet County",1,33,630,315,315
050,55,015,"Wisconsin","Calumet County",1,34,619,317,302
050,55,015,"Wisconsin","Calumet County",1,35,636,318,318
050,55,015,"Wisconsin","Calumet County",1,36,663,337,326
050,55,015,"Wisconsin","Calumet County",1,37,715,344,371
050,55,015,"Wisconsin","Calumet County",1,38,722,361,361
050,55,015,"Wisconsin","Calumet County",1,39,717,372,345
050,55,015,"Wisconsin","Calumet County",1,40,753,378,375
050,55,015,"Wisconsin","Calumet County",1,41,742,389,353
050,55,015,"Wisconsin","Calumet County",1,42,751,389,362
050,55,015,"Wisconsin","Calumet County",1,43,717,370,347
050,55,015,"Wisconsin","Calumet County",1,44,686,351,335
050,55,015,"Wisconsin","Calumet County",1,45,669,336,333
050,55,015,"Wisconsin","Calumet County",1,46,620,308,312
050,55,015,"Wisconsin","Calumet County",1,47,658,334,324
050,55,015,"Wisconsin","Calumet County",1,48,703,360,343
050,55,015,"Wisconsin","Calumet County",1,49,757,392,365
050,55,015,"Wisconsin","Calumet County",1,50,767,396,371
050,55,015,"Wisconsin","Calumet County",1,51,755,392,363
050,55,015,"Wisconsin","Calumet County",1,52,817,422,395
050,55,015,"Wisconsin","Calumet County",1,53,823,414,409
050,55,015,"Wisconsin","Calumet County",1,54,807,398,409
050,55,015,"Wisconsin","Calumet County",1,55,841,444,397
050,55,015,"Wisconsin","Calumet County",1,56,808,412,396
050,55,015,"Wisconsin","Calumet County",1,57,797,426,371
050,55,015,"Wisconsin","Calumet County",1,58,844,446,398
050,55,015,"Wisconsin","Calumet County",1,59,819,439,380
050,55,015,"Wisconsin","Calumet County",1,60,757,392,365
050,55,015,"Wisconsin","Calumet County",1,61,744,375,369
050,55,015,"Wisconsin","Calumet County",1,62,752,380,372
050,55,015,"Wisconsin","Calumet County",1,63,716,367,349
050,55,015,"Wisconsin","Calumet County",1,64,680,344,336
050,55,015,"Wisconsin","Calumet County",1,65,665,334,331
050,55,015,"Wisconsin","Calumet County",1,66,624,301,323
050,55,015,"Wisconsin","Calumet County",1,67,590,298,292
050,55,015,"Wisconsin","Calumet County",1,68,608,310,298
050,55,015,"Wisconsin","Calumet County",1,69,511,252,259
050,55,015,"Wisconsin","Calumet County",1,70,454,231,223
050,55,015,"Wisconsin","Calumet County",1,71,462,233,229
050,55,015,"Wisconsin","Calumet County",1,72,455,224,231
050,55,015,"Wisconsin","Calumet County",1,73,443,218,225
050,55,015,"Wisconsin","Calumet County",1,74,301,147,154
050,55,015,"Wisconsin","Calumet County",1,75,299,140,159
050,55,015,"Wisconsin","Calumet County",1,76,315,136,179
050,55,015,"Wisconsin","Calumet County",1,77,317,144,173
050,55,015,"Wisconsin","Calumet County",1,78,256,129,127
050,55,015,"Wisconsin","Calumet County",1,79,251,116,135
050,55,015,"Wisconsin","Calumet County",1,80,209,95,114
050,55,015,"Wisconsin","Calumet County",1,81,187,83,104
050,55,015,"Wisconsin","Calumet County",1,82,172,76,96
050,55,015,"Wisconsin","Calumet County",1,83,162,71,91
050,55,015,"Wisconsin","Calumet County",1,84,149,64,85
050,55,015,"Wisconsin","Calumet County",1,85,833,321,512
050,55,015,"Wisconsin","Calumet County",2,0,479,239,240
050,55,015,"Wisconsin","Calumet County",2,1,494,262,232
050,55,015,"Wisconsin","Calumet County",2,2,528,279,249
050,55,015,"Wisconsin","Calumet County",2,3,563,293,270
050,55,015,"Wisconsin","Calumet County",2,4,597,318,279
050,55,015,"Wisconsin","Calumet County",2,5,609,324,285
050,55,015,"Wisconsin","Calumet County",2,6,643,327,316
050,55,015,"Wisconsin","Calumet County",2,7,653,326,327
050,55,015,"Wisconsin","Calumet County",2,8,695,349,346
050,55,015,"Wisconsin","Calumet County",2,9,706,369,337
050,55,015,"Wisconsin","Calumet County",2,10,713,374,339
050,55,015,"Wisconsin","Calumet County",2,11,731,401,330
050,55,015,"Wisconsin","Calumet County",2,12,783,405,378
050,55,015,"Wisconsin","Calumet County",2,13,810,417,393
050,55,015,"Wisconsin","Calumet County",2,14,782,411,371
050,55,015,"Wisconsin","Calumet County",2,15,822,431,391
050,55,015,"Wisconsin","Calumet County",2,16,825,427,398
050,55,015,"Wisconsin","Calumet County",2,17,803,411,392
050,55,015,"Wisconsin","Calumet County",2,18,677,353,324
050,55,015,"Wisconsin","Calumet County",2,19,526,277,249
050,55,015,"Wisconsin","Calumet County",2,20,550,285,265
050,55,015,"Wisconsin","Calumet County",2,21,541,284,257
050,55,015,"Wisconsin","Calumet County",2,22,547,281,266
050,55,015,"Wisconsin","Calumet County",2,23,540,272,268
050,55,015,"Wisconsin","Calumet County",2,24,533,264,269
050,55,015,"Wisconsin","Calumet County",2,25,523,254,269
050,55,015,"Wisconsin","Calumet County",2,26,543,282,261
050,55,015,"Wisconsin","Calumet County",2,27,554,293,261
050,55,015,"Wisconsin","Calumet County",2,28,569,304,265
050,55,015,"Wisconsin","Calumet County",2,29,579,302,277
050,55,015,"Wisconsin","Calumet County",2,30,566,302,264
050,55,015,"Wisconsin","Calumet County",2,31,575,301,274
050,55,015,"Wisconsin","Calumet County",2,32,609,310,299
050,55,015,"Wisconsin","Calumet County",2,33,627,315,312
050,55,015,"Wisconsin","Calumet County",2,34,624,318,306
050,55,015,"Wisconsin","Calumet County",2,35,636,319,317
050,55,015,"Wisconsin","Calumet County",2,36,654,331,323
050,55,015,"Wisconsin","Calumet County",2,37,707,346,361
050,55,015,"Wisconsin","Calumet County",2,38,725,362,363
050,55,015,"Wisconsin","Calumet County",2,39,717,369,348
050,55,015,"Wisconsin","Calumet County",2,40,749,377,372
050,55,015,"Wisconsin","Calumet County",2,41,741,382,359
050,55,015,"Wisconsin","Calumet County",2,42,743,385,358
050,55,015,"Wisconsin","Calumet County",2,43,733,380,353
050,55,015,"Wisconsin","Calumet County",2,44,688,354,334
050,55,015,"Wisconsin","Calumet County",2,45,676,340,336
050,55,015,"Wisconsin","Calumet County",2,46,632,315,317
050,55,015,"Wisconsin","Calumet County",2,47,647,327,320
050,55,015,"Wisconsin","Calumet County",2,48,691,354,337
050,55,015,"Wisconsin","Calumet County",2,49,745,386,359
050,55,015,"Wisconsin","Calumet County",2,50,763,394,369
050,55,015,"Wisconsin","Calumet County",2,51,754,392,362
050,55,015,"Wisconsin","Calumet County",2,52,799,412,387
050,55,015,"Wisconsin","Calumet County",2,53,822,416,406
050,55,015,"Wisconsin","Calumet County",2,54,810,404,406
050,55,015,"Wisconsin","Calumet County",2,55,830,430,400
050,55,015,"Wisconsin","Calumet County",2,56,815,417,398
050,55,015,"Wisconsin","Calumet County",2,57,800,422,378
050,55,015,"Wisconsin","Calumet County",2,58,828,438,390
050,55,015,"Wisconsin","Calumet County",2,59,826,441,385
050,55,015,"Wisconsin","Calumet County",2,60,768,403,365
050,55,015,"Wisconsin","Calumet County",2,61,743,378,365
050,55,015,"Wisconsin","Calumet County",2,62,745,374,371
050,55,015,"Wisconsin","Calumet County",2,63,730,372,358
050,55,015,"Wisconsin","Calumet County",2,64,686,348,338
050,55,015,"Wisconsin","Calumet County",2,65,671,337,334
050,55,015,"Wisconsin","Calumet County",2,66,633,310,323
050,55,015,"Wisconsin","Calumet County",2,67,596,299,297
050,55,015,"Wisconsin","Calumet County",2,68,592,299,293
050,55,015,"Wisconsin","Calumet County",2,69,536,265,271
050,55,015,"Wisconsin","Calumet County",2,70,467,235,232
050,55,015,"Wisconsin","Calumet County",2,71,462,232,230
050,55,015,"Wisconsin","Calumet County",2,72,449,224,225
050,55,015,"Wisconsin","Calumet County",2,73,469,229,240
050,55,015,"Wisconsin","Calumet County",2,74,314,152,162
050,55,015,"Wisconsin","Calumet County",2,75,296,139,157
050,55,015,"Wisconsin","Calumet County",2,76,308,136,172
050,55,015,"Wisconsin","Calumet County",2,77,323,146,177
050,55,015,"Wisconsin","Calumet County",2,78,264,127,137
050,55,015,"Wisconsin","Calumet County",2,79,250,117,133
050,55,015,"Wisconsin","Calumet County",2,80,217,98,119
050,55,015,"Wisconsin","Calumet County",2,81,188,85,103
050,55,015,"Wisconsin","Calumet County",2,82,177,78,99
050,55,015,"Wisconsin","Calumet County",2,83,163,72,91
050,55,015,"Wisconsin","Calumet County",2,84,145,62,83
050,55,015,"Wisconsin","Calumet County",2,85,843,325,518
050,55,015,"Wisconsin","Calumet County",3,0,445,247,198
050,55,015,"Wisconsin","Calumet County",3,1,474,233,241
050,55,015,"Wisconsin","Calumet County",3,2,508,276,232
050,55,015,"Wisconsin","Calumet County",3,3,547,293,254
050,55,015,"Wisconsin","Calumet County",3,4,581,304,277
050,55,015,"Wisconsin","Calumet County",3,5,602,336,266
050,55,015,"Wisconsin","Calumet County",3,6,630,340,290
050,55,015,"Wisconsin","Calumet County",3,7,633,312,321
050,55,015,"Wisconsin","Calumet County",3,8,685,337,348
050,55,015,"Wisconsin","Calumet County",3,9,721,370,351
050,55,015,"Wisconsin","Calumet County",3,10,691,358,333
050,55,015,"Wisconsin","Calumet County",3,11,715,370,345
050,55,015,"Wisconsin","Calumet County",3,12,736,398,338
050,55,015,"Wisconsin","Calumet County",3,13,783,412,371
050,55,015,"Wisconsin","Calumet County",3,14,800,406,394
050,55,015,"Wisconsin","Calumet County",3,15,761,395,366
050,55,015,"Wisconsin","Calumet County",3,16,796,419,377
050,55,015,"Wisconsin","Calumet County",3,17,824,426,398
050,55,015,"Wisconsin","Calumet County",3,18,675,357,318
050,55,015,"Wisconsin","Calumet County",3,19,520,269,251
050,55,015,"Wisconsin","Calumet County",3,20,568,307,261
050,55,015,"Wisconsin","Calumet County",3,21,573,285,288
050,55,015,"Wisconsin","Calumet County",3,22,571,288,283
050,55,015,"Wisconsin","Calumet County",3,23,555,301,254
050,55,015,"Wisconsin","Calumet County",3,24,563,279,284
050,55,015,"Wisconsin","Calumet County",3,25,538,263,275
050,55,015,"Wisconsin","Calumet County",3,26,545,266,279
050,55,015,"Wisconsin","Calumet County",3,27,545,277,268
050,55,015,"Wisconsin","Calumet County",3,28,550,292,258
050,55,015,"Wisconsin","Calumet County",3,29,584,318,266
050,55,015,"Wisconsin","Calumet County",3,30,589,294,295
050,55,015,"Wisconsin","Calumet County",3,31,599,318,281
050,55,015,"Wisconsin","Calumet County",3,32,602,312,290
050,55,015,"Wisconsin","Calumet County",3,33,654,325,329
050,55,015,"Wisconsin","Calumet County",3,34,651,331,320
050,55,015,"Wisconsin","Calumet County",3,35,633,328,305
050,55,015,"Wisconsin","Calumet County",3,36,653,337,316
050,55,015,"Wisconsin","Calumet County",3,37,644,324,320
050,55,015,"Wisconsin","Calumet County",3,38,713,354,359
050,55,015,"Wisconsin","Calumet County",3,39,724,368,356
050,55,015,"Wisconsin","Calumet County",3,40,719,374,345
050,55,015,"Wisconsin","Calumet County",3,41,753,370,383
050,55,015,"Wisconsin","Calumet County",3,42,733,370,363
050,55,015,"Wisconsin","Calumet County",3,43,752,395,357
050,55,015,"Wisconsin","Calumet County",3,44,720,373,347
050,55,015,"Wisconsin","Calumet County",3,45,670,344,326
050,55,015,"Wisconsin","Calumet County",3,46,668,341,327
050,55,015,"Wisconsin","Calumet County",3,47,642,321,321
050,55,015,"Wisconsin","Calumet County",3,48,656,331,325
050,55,015,"Wisconsin","Calumet County",3,49,680,350,330
050,55,015,"Wisconsin","Calumet County",3,50,735,380,355
050,55,015,"Wisconsin","Calumet County",3,51,768,394,374
050,55,015,"Wisconsin","Calumet County",3,52,748,396,352
050,55,015,"Wisconsin","Calumet County",3,53,800,407,393
050,55,015,"Wisconsin","Calumet County",3,54,825,419,406
050,55,015,"Wisconsin","Calumet County",3,55,806,403,403
050,55,015,"Wisconsin","Calumet County",3,56,825,429,396
050,55,015,"Wisconsin","Calumet County",3,57,802,416,386
050,55,015,"Wisconsin","Calumet County",3,58,789,415,374
050,55,015,"Wisconsin","Calumet County",3,59,833,433,400
050,55,015,"Wisconsin","Calumet County",3,60,810,434,376
050,55,015,"Wisconsin","Calumet County",3,61,767,404,363
050,55,015,"Wisconsin","Calumet County",3,62,742,375,367
050,55,015,"Wisconsin","Calumet County",3,63,729,363,366
050,55,015,"Wisconsin","Calumet County",3,64,720,370,350
050,55,015,"Wisconsin","Calumet County",3,65,680,340,340
050,55,015,"Wisconsin","Calumet County",3,66,661,333,328
050,55,015,"Wisconsin","Calumet County",3,67,635,313,322
050,55,015,"Wisconsin","Calumet County",3,68,591,293,298
050,55,015,"Wisconsin","Calumet County",3,69,579,293,286
050,55,015,"Wisconsin","Calumet County",3,70,522,260,262
050,55,015,"Wisconsin","Calumet County",3,71,463,226,237
050,55,015,"Wisconsin","Calumet County",3,72,447,230,217
050,55,015,"Wisconsin","Calumet County",3,73,437,217,220
050,55,015,"Wisconsin","Calumet County",3,74,467,225,242
050,55,015,"Wisconsin","Calumet County",3,75,310,151,159
050,55,015,"Wisconsin","Calumet County",3,76,294,135,159
050,55,015,"Wisconsin","Calumet County",3,77,293,131,162
050,55,015,"Wisconsin","Calumet County",3,78,310,136,174
050,55,015,"Wisconsin","Calumet County",3,79,246,118,128
050,55,015,"Wisconsin","Calumet County",3,80,244,113,131
050,55,015,"Wisconsin","Calumet County",3,81,205,89,116
050,55,015,"Wisconsin","Calumet County",3,82,183,78,105
050,55,015,"Wisconsin","Calumet County",3,83,170,74,96
050,55,015,"Wisconsin","Calumet County",3,84,145,59,86
050,55,015,"Wisconsin","Calumet County",3,85,828,318,510
050,55,015,"Wisconsin","Calumet County",4,0,459,241,218
050,55,015,"Wisconsin","Calumet County",4,1,468,244,224
050,55,015,"Wisconsin","Calumet County",4,2,505,250,255
050,55,015,"Wisconsin","Calumet County",4,3,530,295,235
050,55,015,"Wisconsin","Calumet County",4,4,550,288,262
050,55,015,"Wisconsin","Calumet County",4,5,585,308,277
050,55,015,"Wisconsin","Calumet County",4,6,620,334,286
050,55,015,"Wisconsin","Calumet County",4,7,624,338,286
050,55,015,"Wisconsin","Calumet County",4,8,644,319,325
050,55,015,"Wisconsin","Calumet County",4,9,668,334,334
050,55,015,"Wisconsin","Calumet County",4,10,712,362,350
050,55,015,"Wisconsin","Calumet County",4,11,707,368,339
050,55,015,"Wisconsin","Calumet County",4,12,730,377,353
050,55,015,"Wisconsin","Calumet County",4,13,746,401,345
050,55,015,"Wisconsin","Calumet County",4,14,788,404,384
050,55,015,"Wisconsin","Calumet County",4,15,820,428,392
050,55,015,"Wisconsin","Calumet County",4,16,759,399,360
050,55,015,"Wisconsin","Calumet County",4,17,801,420,381
050,55,015,"Wisconsin","Calumet County",4,18,691,366,325
050,55,015,"Wisconsin","Calumet County",4,19,533,278,255
050,55,015,"Wisconsin","Calumet County",4,20,548,289,259
050,55,015,"Wisconsin","Calumet County",4,21,582,308,274
050,55,015,"Wisconsin","Calumet County",4,22,615,294,321
050,55,015,"Wisconsin","Calumet County",4,23,555,295,260
050,55,015,"Wisconsin","Calumet County",4,24,503,270,233
050,55,015,"Wisconsin","Calumet County",4,25,546,279,267
050,55,015,"Wisconsin","Calumet County",4,26,528,243,285
050,55,015,"Wisconsin","Calumet County",4,27,530,267,263
050,55,015,"Wisconsin","Calumet County",4,28,555,276,279
050,55,015,"Wisconsin","Calumet County",4,29,586,322,264
050,55,015,"Wisconsin","Calumet County",4,30,600,326,274
050,55,015,"Wisconsin","Calumet County",4,31,595,295,300
050,55,015,"Wisconsin","Calumet County",4,32,636,338,298
050,55,015,"Wisconsin","Calumet County",4,33,621,325,296
050,55,015,"Wisconsin","Calumet County",4,34,660,332,328
050,55,015,"Wisconsin","Calumet County",4,35,682,339,343
050,55,015,"Wisconsin","Calumet County",4,36,657,335,322
050,55,015,"Wisconsin","Calumet County",4,37,665,335,330
050,55,015,"Wisconsin","Calumet County",4,38,646,329,317
050,55,015,"Wisconsin","Calumet County",4,39,710,357,353
050,55,015,"Wisconsin","Calumet County",4,40,724,370,354
050,55,015,"Wisconsin","Calumet County",4,41,734,376,358
050,55,015,"Wisconsin","Calumet County",4,42,755,363,392
050,55,015,"Wisconsin","Calumet County",4,43,733,365,368
050,55,015,"Wisconsin","Calumet County",4,44,755,403,352
050,55,015,"Wisconsin","Calumet County",4,45,728,381,347
050,55,015,"Wisconsin","Calumet County",4,46,668,340,328
050,55,015,"Wisconsin","Calumet County",4,47,671,346,325
050,55,015,"Wisconsin","Calumet County",4,48,656,324,332
050,55,015,"Wisconsin","Calumet County",4,49,671,330,341
050,55,015,"Wisconsin","Calumet County",4,50,690,354,336
050,55,015,"Wisconsin","Calumet County",4,51,743,382,361
050,55,015,"Wisconsin","Calumet County",4,52,764,399,365
050,55,015,"Wisconsin","Calumet County",4,53,739,387,352
050,55,015,"Wisconsin","Calumet County",4,54,779,398,381
050,55,015,"Wisconsin","Calumet County",4,55,812,411,401
050,55,015,"Wisconsin","Calumet County",4,56,796,396,400
050,55,015,"Wisconsin","Calumet County",4,57,830,430,400
050,55,015,"Wisconsin","Calumet County",4,58,788,408,380
050,55,015,"Wisconsin","Calumet County",4,59,790,413,377
050,55,015,"Wisconsin","Calumet County",4,60,830,434,396
050,55,015,"Wisconsin","Calumet County",4,61,801,431,370
050,55,015,"Wisconsin","Calumet County",4,62,747,390,357
050,55,015,"Wisconsin","Calumet County",4,63,717,351,366
050,55,015,"Wisconsin","Calumet County",4,64,724,356,368
050,55,015,"Wisconsin","Calumet County",4,65,700,359,341
050,55,015,"Wisconsin","Calumet County",4,66,678,333,345
050,55,015,"Wisconsin","Calumet County",4,67,660,333,327
050,55,015,"Wisconsin","Calumet County",4,68,635,318,317
050,55,015,"Wisconsin","Calumet County",4,69,578,282,296
050,55,015,"Wisconsin","Calumet County",4,70,566,279,287
050,55,015,"Wisconsin","Calumet County",4,71,521,260,261
050,55,015,"Wisconsin","Calumet County",4,72,458,223,235
050,55,015,"Wisconsin","Calumet County",4,73,436,222,214
050,55,015,"Wisconsin","Calumet County",4,74,446,225,221
050,55,015,"Wisconsin","Calumet County",4,75,459,221,238
050,55,015,"Wisconsin","Calumet County",4,76,304,147,157
050,55,015,"Wisconsin","Calumet County",4,77,279,128,151
050,55,015,"Wisconsin","Calumet County",4,78,282,122,160
050,55,015,"Wisconsin","Calumet County",4,79,286,119,167
050,55,015,"Wisconsin","Calumet County",4,80,240,113,127
050,55,015,"Wisconsin","Calumet County",4,81,243,111,132
050,55,015,"Wisconsin","Calumet County",4,82,196,82,114
050,55,015,"Wisconsin","Calumet County",4,83,184,77,107
050,55,015,"Wisconsin","Calumet County",4,84,151,64,87
050,55,015,"Wisconsin","Calumet County",4,85,805,310,495
050,55,015,"Wisconsin","Calumet County",5,0,450,238,212
050,55,015,"Wisconsin","Calumet County",5,1,495,246,249
050,55,015,"Wisconsin","Calumet County",5,2,504,260,244
050,55,015,"Wisconsin","Calumet County",5,3,513,252,261
050,55,015,"Wisconsin","Calumet County",5,4,559,303,256
050,55,015,"Wisconsin","Calumet County",5,5,534,281,253
050,55,015,"Wisconsin","Calumet County",5,6,601,319,282
050,55,015,"Wisconsin","Calumet County",5,7,626,332,294
050,55,015,"Wisconsin","Calumet County",5,8,648,344,304
050,55,015,"Wisconsin","Calumet County",5,9,651,322,329
050,55,015,"Wisconsin","Calumet County",5,10,691,343,348
050,55,015,"Wisconsin","Calumet County",5,11,725,369,356
050,55,015,"Wisconsin","Calumet County",5,12,727,374,353
050,55,015,"Wisconsin","Calumet County",5,13,741,374,367
050,55,015,"Wisconsin","Calumet County",5,14,755,421,334
050,55,015,"Wisconsin","Calumet County",5,15,796,405,391
050,55,015,"Wisconsin","Calumet County",5,16,827,428,399
050,55,015,"Wisconsin","Calumet County",5,17,766,402,364
050,55,015,"Wisconsin","Calumet County",5,18,681,371,310
050,55,015,"Wisconsin","Calumet County",5,19,533,289,244
050,55,015,"Wisconsin","Calumet County",5,20,591,311,280
050,55,015,"Wisconsin","Calumet County",5,21,577,299,278
050,55,015,"Wisconsin","Calumet County",5,22,621,321,300
050,55,015,"Wisconsin","Calumet County",5,23,607,306,301
050,55,015,"Wisconsin","Calumet County",5,24,558,296,262
050,55,015,"Wisconsin","Calumet County",5,25,508,277,231
050,55,015,"Wisconsin","Calumet County",5,26,562,278,284
050,55,015,"Wisconsin","Calumet County",5,27,542,258,284
050,55,015,"Wisconsin","Calumet County",5,28,583,291,292
050,55,015,"Wisconsin","Calumet County",5,29,592,300,292
050,55,015,"Wisconsin","Calumet County",5,30,611,334,277
050,55,015,"Wisconsin","Calumet County",5,31,624,337,287
050,55,015,"Wisconsin","Calumet County",5,32,610,300,310
050,55,015,"Wisconsin","Calumet County",5,33,639,339,300
050,55,015,"Wisconsin","Calumet County",5,34,658,332,326
050,55,015,"Wisconsin","Calumet County",5,35,681,345,336
050,55,015,"Wisconsin","Calumet County",5,36,691,345,346
050,55,015,"Wisconsin","Calumet County",5,37,680,350,330
050,55,015,"Wisconsin","Calumet County",5,38,679,341,338
050,55,015,"Wisconsin","Calumet County",5,39,651,333,318
050,55,015,"Wisconsin","Calumet County",5,40,716,359,357
050,55,015,"Wisconsin","Calumet County",5,41,739,373,366
050,55,015,"Wisconsin","Calumet County",5,42,725,373,352
050,55,015,"Wisconsin","Calumet County",5,43,770,372,398
050,55,015,"Wisconsin","Calumet County",5,44,739,367,372
050,55,015,"Wisconsin","Calumet County",5,45,759,405,354
050,55,015,"Wisconsin","Calumet County",5,46,723,373,350
050,55,015,"Wisconsin","Calumet County",5,47,677,346,331
050,55,015,"Wisconsin","Calumet County",5,48,679,348,331
050,55,015,"Wisconsin","Calumet County",5,49,656,332,324
050,55,015,"Wisconsin","Calumet County",5,50,677,329,348
050,55,015,"Wisconsin","Calumet County",5,51,685,350,335
050,55,015,"Wisconsin","Calumet County",5,52,743,384,359
050,55,015,"Wisconsin","Calumet County",5,53,774,400,374
050,55,015,"Wisconsin","Calumet County",5,54,733,369,364
050,55,015,"Wisconsin","Calumet County",5,55,762,391,371
050,55,015,"Wisconsin","Calumet County",5,56,801,409,392
050,55,015,"Wisconsin","Calumet County",5,57,799,399,400
050,55,015,"Wisconsin","Calumet County",5,58,817,419,398
050,55,015,"Wisconsin","Calumet County",5,59,784,400,384
050,55,015,"Wisconsin","Calumet County",5,60,792,412,380
050,55,015,"Wisconsin","Calumet County",5,61,819,432,387
050,55,015,"Wisconsin","Calumet County",5,62,791,421,370
050,55,015,"Wisconsin","Calumet County",5,63,739,385,354
050,55,015,"Wisconsin","Calumet County",5,64,705,350,355
050,55,015,"Wisconsin","Calumet County",5,65,714,351,363
050,55,015,"Wisconsin","Calumet County",5,66,691,343,348
050,55,015,"Wisconsin","Calumet County",5,67,677,333,344
050,55,015,"Wisconsin","Calumet County",5,68,646,332,314
050,55,015,"Wisconsin","Calumet County",5,69,619,310,309
050,55,015,"Wisconsin","Calumet County",5,70,571,279,292
050,55,015,"Wisconsin","Calumet County",5,71,551,273,278
050,55,015,"Wisconsin","Calumet County",5,72,515,257,258
050,55,015,"Wisconsin","Calumet County",5,73,449,219,230
050,55,015,"Wisconsin","Calumet County",5,74,437,224,213
050,55,015,"Wisconsin","Calumet County",5,75,446,227,219
050,55,015,"Wisconsin","Calumet County",5,76,453,215,238
050,55,015,"Wisconsin","Calumet County",5,77,291,140,151
050,55,015,"Wisconsin","Calumet County",5,78,263,120,143
050,55,015,"Wisconsin","Calumet County",5,79,266,109,157
050,55,015,"Wisconsin","Calumet County",5,80,276,117,159
050,55,015,"Wisconsin","Calumet County",5,81,232,112,120
050,55,015,"Wisconsin","Calumet County",5,82,233,103,130
050,55,015,"Wisconsin","Calumet County",5,83,198,83,115
050,55,015,"Wisconsin","Calumet County",5,84,167,67,100
050,55,015,"Wisconsin","Calumet County",5,85,812,307,505
050,55,017,"Wisconsin","Chippewa County",1,0,691,352,339
050,55,017,"Wisconsin","Chippewa County",1,1,694,351,343
050,55,017,"Wisconsin","Chippewa County",1,2,700,345,355
050,55,017,"Wisconsin","Chippewa County",1,3,732,361,371
050,55,017,"Wisconsin","Chippewa County",1,4,763,384,379
050,55,017,"Wisconsin","Chippewa County",1,5,776,406,370
050,55,017,"Wisconsin","Chippewa County",1,6,753,351,402
050,55,017,"Wisconsin","Chippewa County",1,7,758,377,381
050,55,017,"Wisconsin","Chippewa County",1,8,798,421,377
050,55,017,"Wisconsin","Chippewa County",1,9,800,432,368
050,55,017,"Wisconsin","Chippewa County",1,10,833,463,370
050,55,017,"Wisconsin","Chippewa County",1,11,894,458,436
050,55,017,"Wisconsin","Chippewa County",1,12,920,464,456
050,55,017,"Wisconsin","Chippewa County",1,13,945,493,452
050,55,017,"Wisconsin","Chippewa County",1,14,931,468,463
050,55,017,"Wisconsin","Chippewa County",1,15,891,446,445
050,55,017,"Wisconsin","Chippewa County",1,16,839,436,403
050,55,017,"Wisconsin","Chippewa County",1,17,881,434,447
050,55,017,"Wisconsin","Chippewa County",1,18,700,356,344
050,55,017,"Wisconsin","Chippewa County",1,19,573,312,261
050,55,017,"Wisconsin","Chippewa County",1,20,628,340,288
050,55,017,"Wisconsin","Chippewa County",1,21,655,360,295
050,55,017,"Wisconsin","Chippewa County",1,22,681,369,312
050,55,017,"Wisconsin","Chippewa County",1,23,689,386,303
050,55,017,"Wisconsin","Chippewa County",1,24,730,411,319
050,55,017,"Wisconsin","Chippewa County",1,25,752,422,330
050,55,017,"Wisconsin","Chippewa County",1,26,777,432,345
050,55,017,"Wisconsin","Chippewa County",1,27,814,451,363
050,55,017,"Wisconsin","Chippewa County",1,28,810,430,380
050,55,017,"Wisconsin","Chippewa County",1,29,768,410,358
050,55,017,"Wisconsin","Chippewa County",1,30,743,400,343
050,55,017,"Wisconsin","Chippewa County",1,31,808,447,361
050,55,017,"Wisconsin","Chippewa County",1,32,807,461,346
050,55,017,"Wisconsin","Chippewa County",1,33,818,453,365
050,55,017,"Wisconsin","Chippewa County",1,34,876,477,399
050,55,017,"Wisconsin","Chippewa County",1,35,910,486,424
050,55,017,"Wisconsin","Chippewa County",1,36,874,463,411
050,55,017,"Wisconsin","Chippewa County",1,37,907,499,408
050,55,017,"Wisconsin","Chippewa County",1,38,923,505,418
050,55,017,"Wisconsin","Chippewa County",1,39,932,526,406
050,55,017,"Wisconsin","Chippewa County",1,40,866,471,395
050,55,017,"Wisconsin","Chippewa County",1,41,882,497,385
050,55,017,"Wisconsin","Chippewa County",1,42,815,446,369
050,55,017,"Wisconsin","Chippewa County",1,43,785,446,339
050,55,017,"Wisconsin","Chippewa County",1,44,758,425,333
050,55,017,"Wisconsin","Chippewa County",1,45,738,405,333
050,55,017,"Wisconsin","Chippewa County",1,46,745,396,349
050,55,017,"Wisconsin","Chippewa County",1,47,741,403,338
050,55,017,"Wisconsin","Chippewa County",1,48,849,451,398
050,55,017,"Wisconsin","Chippewa County",1,49,916,487,429
050,55,017,"Wisconsin","Chippewa County",1,50,858,465,393
050,55,017,"Wisconsin","Chippewa County",1,51,851,449,402
050,55,017,"Wisconsin","Chippewa County",1,52,800,431,369
050,55,017,"Wisconsin","Chippewa County",1,53,848,444,404
050,55,017,"Wisconsin","Chippewa County",1,54,903,471,432
050,55,017,"Wisconsin","Chippewa County",1,55,962,511,451
050,55,017,"Wisconsin","Chippewa County",1,56,1011,547,464
050,55,017,"Wisconsin","Chippewa County",1,57,1002,554,448
050,55,017,"Wisconsin","Chippewa County",1,58,1021,541,480
050,55,017,"Wisconsin","Chippewa County",1,59,1046,535,511
050,55,017,"Wisconsin","Chippewa County",1,60,1020,513,507
050,55,017,"Wisconsin","Chippewa County",1,61,994,503,491
050,55,017,"Wisconsin","Chippewa County",1,62,1002,510,492
050,55,017,"Wisconsin","Chippewa County",1,63,938,473,465
050,55,017,"Wisconsin","Chippewa County",1,64,895,473,422
050,55,017,"Wisconsin","Chippewa County",1,65,884,455,429
050,55,017,"Wisconsin","Chippewa County",1,66,865,443,422
050,55,017,"Wisconsin","Chippewa County",1,67,830,397,433
050,55,017,"Wisconsin","Chippewa County",1,68,819,413,406
050,55,017,"Wisconsin","Chippewa County",1,69,774,401,373
050,55,017,"Wisconsin","Chippewa County",1,70,724,353,371
050,55,017,"Wisconsin","Chippewa County",1,71,690,348,342
050,55,017,"Wisconsin","Chippewa County",1,72,651,324,327
050,55,017,"Wisconsin","Chippewa County",1,73,677,347,330
050,55,017,"Wisconsin","Chippewa County",1,74,475,243,232
050,55,017,"Wisconsin","Chippewa County",1,75,467,247,220
050,55,017,"Wisconsin","Chippewa County",1,76,505,256,249
050,55,017,"Wisconsin","Chippewa County",1,77,436,203,233
050,55,017,"Wisconsin","Chippewa County",1,78,366,170,196
050,55,017,"Wisconsin","Chippewa County",1,79,335,164,171
050,55,017,"Wisconsin","Chippewa County",1,80,313,137,176
050,55,017,"Wisconsin","Chippewa County",1,81,284,127,157
050,55,017,"Wisconsin","Chippewa County",1,82,274,121,153
050,55,017,"Wisconsin","Chippewa County",1,83,241,98,143
050,55,017,"Wisconsin","Chippewa County",1,84,227,84,143
050,55,017,"Wisconsin","Chippewa County",1,85,1443,503,940
050,55,017,"Wisconsin","Chippewa County",2,0,691,349,342
050,55,017,"Wisconsin","Chippewa County",2,1,692,351,341
050,55,017,"Wisconsin","Chippewa County",2,2,701,348,353
050,55,017,"Wisconsin","Chippewa County",2,3,721,354,367
050,55,017,"Wisconsin","Chippewa County",2,4,756,377,379
050,55,017,"Wisconsin","Chippewa County",2,5,769,399,370
050,55,017,"Wisconsin","Chippewa County",2,6,758,365,393
050,55,017,"Wisconsin","Chippewa County",2,7,756,372,384
050,55,017,"Wisconsin","Chippewa County",2,8,787,412,375
050,55,017,"Wisconsin","Chippewa County",2,9,803,434,369
050,55,017,"Wisconsin","Chippewa County",2,10,825,455,370
050,55,017,"Wisconsin","Chippewa County",2,11,876,455,421
050,55,017,"Wisconsin","Chippewa County",2,12,920,464,456
050,55,017,"Wisconsin","Chippewa County",2,13,943,485,458
050,55,017,"Wisconsin","Chippewa County",2,14,937,474,463
050,55,017,"Wisconsin","Chippewa County",2,15,903,452,451
050,55,017,"Wisconsin","Chippewa County",2,16,852,437,415
050,55,017,"Wisconsin","Chippewa County",2,17,862,428,434
050,55,017,"Wisconsin","Chippewa County",2,18,706,360,346
050,55,017,"Wisconsin","Chippewa County",2,19,576,308,268
050,55,017,"Wisconsin","Chippewa County",2,20,631,341,290
050,55,017,"Wisconsin","Chippewa County",2,21,660,362,298
050,55,017,"Wisconsin","Chippewa County",2,22,686,372,314
050,55,017,"Wisconsin","Chippewa County",2,23,691,386,305
050,55,017,"Wisconsin","Chippewa County",2,24,726,411,315
050,55,017,"Wisconsin","Chippewa County",2,25,747,422,325
050,55,017,"Wisconsin","Chippewa County",2,26,779,436,343
050,55,017,"Wisconsin","Chippewa County",2,27,807,448,359
050,55,017,"Wisconsin","Chippewa County",2,28,811,435,376
050,55,017,"Wisconsin","Chippewa County",2,29,780,414,366
050,55,017,"Wisconsin","Chippewa County",2,30,755,401,354
050,55,017,"Wisconsin","Chippewa County",2,31,793,439,354
050,55,017,"Wisconsin","Chippewa County",2,32,810,461,349
050,55,017,"Wisconsin","Chippewa County",2,33,807,445,362
050,55,017,"Wisconsin","Chippewa County",2,34,864,474,390
050,55,017,"Wisconsin","Chippewa County",2,35,910,490,420
050,55,017,"Wisconsin","Chippewa County",2,36,875,463,412
050,55,017,"Wisconsin","Chippewa County",2,37,903,494,409
050,55,017,"Wisconsin","Chippewa County",2,38,927,509,418
050,55,017,"Wisconsin","Chippewa County",2,39,927,518,409
050,55,017,"Wisconsin","Chippewa County",2,40,882,481,401
050,55,017,"Wisconsin","Chippewa County",2,41,887,499,388
050,55,017,"Wisconsin","Chippewa County",2,42,822,452,370
050,55,017,"Wisconsin","Chippewa County",2,43,796,448,348
050,55,017,"Wisconsin","Chippewa County",2,44,756,427,329
050,55,017,"Wisconsin","Chippewa County",2,45,750,414,336
050,55,017,"Wisconsin","Chippewa County",2,46,736,394,342
050,55,017,"Wisconsin","Chippewa County",2,47,743,403,340
050,55,017,"Wisconsin","Chippewa County",2,48,820,438,382
050,55,017,"Wisconsin","Chippewa County",2,49,908,484,424
050,55,017,"Wisconsin","Chippewa County",2,50,874,472,402
050,55,017,"Wisconsin","Chippewa County",2,51,848,447,401
050,55,017,"Wisconsin","Chippewa County",2,52,813,434,379
050,55,017,"Wisconsin","Chippewa County",2,53,839,443,396
050,55,017,"Wisconsin","Chippewa County",2,54,892,466,426
050,55,017,"Wisconsin","Chippewa County",2,55,948,501,447
050,55,017,"Wisconsin","Chippewa County",2,56,998,539,459
050,55,017,"Wisconsin","Chippewa County",2,57,1009,557,452
050,55,017,"Wisconsin","Chippewa County",2,58,1013,545,468
050,55,017,"Wisconsin","Chippewa County",2,59,1045,538,507
050,55,017,"Wisconsin","Chippewa County",2,60,1024,517,507
050,55,017,"Wisconsin","Chippewa County",2,61,994,501,493
050,55,017,"Wisconsin","Chippewa County",2,62,997,505,492
050,55,017,"Wisconsin","Chippewa County",2,63,962,486,476
050,55,017,"Wisconsin","Chippewa County",2,64,892,465,427
050,55,017,"Wisconsin","Chippewa County",2,65,886,458,428
050,55,017,"Wisconsin","Chippewa County",2,66,867,445,422
050,55,017,"Wisconsin","Chippewa County",2,67,833,405,428
050,55,017,"Wisconsin","Chippewa County",2,68,814,405,409
050,55,017,"Wisconsin","Chippewa County",2,69,789,405,384
050,55,017,"Wisconsin","Chippewa County",2,70,731,361,370
050,55,017,"Wisconsin","Chippewa County",2,71,699,349,350
050,55,017,"Wisconsin","Chippewa County",2,72,642,320,322
050,55,017,"Wisconsin","Chippewa County",2,73,710,364,346
050,55,017,"Wisconsin","Chippewa County",2,74,487,248,239
050,55,017,"Wisconsin","Chippewa County",2,75,469,247,222
050,55,017,"Wisconsin","Chippewa County",2,76,488,247,241
050,55,017,"Wisconsin","Chippewa County",2,77,451,216,235
050,55,017,"Wisconsin","Chippewa County",2,78,371,171,200
050,55,017,"Wisconsin","Chippewa County",2,79,339,163,176
050,55,017,"Wisconsin","Chippewa County",2,80,314,141,173
050,55,017,"Wisconsin","Chippewa County",2,81,287,128,159
050,55,017,"Wisconsin","Chippewa County",2,82,274,119,155
050,55,017,"Wisconsin","Chippewa County",2,83,243,100,143
050,55,017,"Wisconsin","Chippewa County",2,84,226,85,141
050,55,017,"Wisconsin","Chippewa County",2,85,1450,505,945
050,55,017,"Wisconsin","Chippewa County",3,0,639,318,321
050,55,017,"Wisconsin","Chippewa County",3,1,719,374,345
050,55,017,"Wisconsin","Chippewa County",3,2,713,367,346
050,55,017,"Wisconsin","Chippewa County",3,3,720,355,365
050,55,017,"Wisconsin","Chippewa County",3,4,723,359,364
050,55,017,"Wisconsin","Chippewa County",3,5,762,376,386
050,55,017,"Wisconsin","Chippewa County",3,6,783,422,361
050,55,017,"Wisconsin","Chippewa County",3,7,779,382,397
050,55,017,"Wisconsin","Chippewa County",3,8,745,381,364
050,55,017,"Wisconsin","Chippewa County",3,9,812,421,391
050,55,017,"Wisconsin","Chippewa County",3,10,805,432,373
050,55,017,"Wisconsin","Chippewa County",3,11,837,453,384
050,55,017,"Wisconsin","Chippewa County",3,12,887,458,429
050,55,017,"Wisconsin","Chippewa County",3,13,912,463,449
050,55,017,"Wisconsin","Chippewa County",3,14,948,494,454
050,55,017,"Wisconsin","Chippewa County",3,15,945,480,465
050,55,017,"Wisconsin","Chippewa County",3,16,901,452,449
050,55,017,"Wisconsin","Chippewa County",3,17,852,435,417
050,55,017,"Wisconsin","Chippewa County",3,18,733,383,350
050,55,017,"Wisconsin","Chippewa County",3,19,589,313,276
050,55,017,"Wisconsin","Chippewa County",3,20,625,335,290
050,55,017,"Wisconsin","Chippewa County",3,21,664,367,297
050,55,017,"Wisconsin","Chippewa County",3,22,699,360,339
050,55,017,"Wisconsin","Chippewa County",3,23,753,401,352
050,55,017,"Wisconsin","Chippewa County",3,24,714,395,319
050,55,017,"Wisconsin","Chippewa County",3,25,743,401,342
050,55,017,"Wisconsin","Chippewa County",3,26,774,423,351
050,55,017,"Wisconsin","Chippewa County",3,27,788,450,338
050,55,017,"Wisconsin","Chippewa County",3,28,807,451,356
050,55,017,"Wisconsin","Chippewa County",3,29,828,441,387
050,55,017,"Wisconsin","Chippewa County",3,30,791,405,386
050,55,017,"Wisconsin","Chippewa County",3,31,787,425,362
050,55,017,"Wisconsin","Chippewa County",3,32,819,452,367
050,55,017,"Wisconsin","Chippewa County",3,33,805,437,368
050,55,017,"Wisconsin","Chippewa County",3,34,821,459,362
050,55,017,"Wisconsin","Chippewa County",3,35,892,490,402
050,55,017,"Wisconsin","Chippewa County",3,36,892,469,423
050,55,017,"Wisconsin","Chippewa County",3,37,902,493,409
050,55,017,"Wisconsin","Chippewa County",3,38,912,493,419
050,55,017,"Wisconsin","Chippewa County",3,39,927,508,419
050,55,017,"Wisconsin","Chippewa County",3,40,907,490,417
050,55,017,"Wisconsin","Chippewa County",3,41,907,514,393
050,55,017,"Wisconsin","Chippewa County",3,42,870,472,398
050,55,017,"Wisconsin","Chippewa County",3,43,803,437,366
050,55,017,"Wisconsin","Chippewa County",3,44,780,442,338
050,55,017,"Wisconsin","Chippewa County",3,45,751,425,326
050,55,017,"Wisconsin","Chippewa County",3,46,749,395,354
050,55,017,"Wisconsin","Chippewa County",3,47,740,400,340
050,55,017,"Wisconsin","Chippewa County",3,48,737,388,349
050,55,017,"Wisconsin","Chippewa County",3,49,820,438,382
050,55,017,"Wisconsin","Chippewa County",3,50,915,490,425
050,55,017,"Wisconsin","Chippewa County",3,51,854,454,400
050,55,017,"Wisconsin","Chippewa County",3,52,839,441,398
050,55,017,"Wisconsin","Chippewa County",3,53,797,428,369
050,55,017,"Wisconsin","Chippewa County",3,54,843,438,405
050,55,017,"Wisconsin","Chippewa County",3,55,888,458,430
050,55,017,"Wisconsin","Chippewa County",3,56,944,487,457
050,55,017,"Wisconsin","Chippewa County",3,57,1012,542,470
050,55,017,"Wisconsin","Chippewa County",3,58,1007,559,448
050,55,017,"Wisconsin","Chippewa County",3,59,1015,544,471
050,55,017,"Wisconsin","Chippewa County",3,60,1045,533,512
050,55,017,"Wisconsin","Chippewa County",3,61,1001,502,499
050,55,017,"Wisconsin","Chippewa County",3,62,997,508,489
050,55,017,"Wisconsin","Chippewa County",3,63,1006,505,501
050,55,017,"Wisconsin","Chippewa County",3,64,931,470,461
050,55,017,"Wisconsin","Chippewa County",3,65,887,465,422
050,55,017,"Wisconsin","Chippewa County",3,66,889,463,426
050,55,017,"Wisconsin","Chippewa County",3,67,855,440,415
050,55,017,"Wisconsin","Chippewa County",3,68,833,401,432
050,55,017,"Wisconsin","Chippewa County",3,69,794,396,398
050,55,017,"Wisconsin","Chippewa County",3,70,769,396,373
050,55,017,"Wisconsin","Chippewa County",3,71,715,358,357
050,55,017,"Wisconsin","Chippewa County",3,72,672,327,345
050,55,017,"Wisconsin","Chippewa County",3,73,644,320,324
050,55,017,"Wisconsin","Chippewa County",3,74,678,345,333
050,55,017,"Wisconsin","Chippewa County",3,75,469,238,231
050,55,017,"Wisconsin","Chippewa County",3,76,465,236,229
050,55,017,"Wisconsin","Chippewa County",3,77,457,238,219
050,55,017,"Wisconsin","Chippewa County",3,78,424,199,225
050,55,017,"Wisconsin","Chippewa County",3,79,355,167,188
050,55,017,"Wisconsin","Chippewa County",3,80,320,150,170
050,55,017,"Wisconsin","Chippewa County",3,81,305,135,170
050,55,017,"Wisconsin","Chippewa County",3,82,267,114,153
050,55,017,"Wisconsin","Chippewa County",3,83,249,99,150
050,55,017,"Wisconsin","Chippewa County",3,84,228,93,135
050,55,017,"Wisconsin","Chippewa County",3,85,1410,489,921
050,55,017,"Wisconsin","Chippewa County",4,0,649,321,328
050,55,017,"Wisconsin","Chippewa County",4,1,655,329,326
050,55,017,"Wisconsin","Chippewa County",4,2,699,366,333
050,55,017,"Wisconsin","Chippewa County",4,3,713,368,345
050,55,017,"Wisconsin","Chippewa County",4,4,720,348,372
050,55,017,"Wisconsin","Chippewa County",4,5,712,357,355
050,55,017,"Wisconsin","Chippewa County",4,6,760,378,382
050,55,017,"Wisconsin","Chippewa County",4,7,788,414,374
050,55,017,"Wisconsin","Chippewa County",4,8,769,379,390
050,55,017,"Wisconsin","Chippewa County",4,9,742,374,368
050,55,017,"Wisconsin","Chippewa County",4,10,814,426,388
050,55,017,"Wisconsin","Chippewa County",4,11,828,440,388
050,55,017,"Wisconsin","Chippewa County",4,12,859,470,389
050,55,017,"Wisconsin","Chippewa County",4,13,891,462,429
050,55,017,"Wisconsin","Chippewa County",4,14,921,458,463
050,55,017,"Wisconsin","Chippewa County",4,15,956,499,457
050,55,017,"Wisconsin","Chippewa County",4,16,945,481,464
050,55,017,"Wisconsin","Chippewa County",4,17,905,452,453
050,55,017,"Wisconsin","Chippewa County",4,18,725,381,344
050,55,017,"Wisconsin","Chippewa County",4,19,575,304,271
050,55,017,"Wisconsin","Chippewa County",4,20,618,330,288
050,55,017,"Wisconsin","Chippewa County",4,21,653,349,304
050,55,017,"Wisconsin","Chippewa County",4,22,714,387,327
050,55,017,"Wisconsin","Chippewa County",4,23,725,389,336
050,55,017,"Wisconsin","Chippewa County",4,24,776,437,339
050,55,017,"Wisconsin","Chippewa County",4,25,727,401,326
050,55,017,"Wisconsin","Chippewa County",4,26,765,425,340
050,55,017,"Wisconsin","Chippewa County",4,27,788,431,357
050,55,017,"Wisconsin","Chippewa County",4,28,789,458,331
050,55,017,"Wisconsin","Chippewa County",4,29,807,450,357
050,55,017,"Wisconsin","Chippewa County",4,30,806,426,380
050,55,017,"Wisconsin","Chippewa County",4,31,823,433,390
050,55,017,"Wisconsin","Chippewa County",4,32,818,446,372
050,55,017,"Wisconsin","Chippewa County",4,33,813,440,373
050,55,017,"Wisconsin","Chippewa County",4,34,802,444,358
050,55,017,"Wisconsin","Chippewa County",4,35,840,473,367
050,55,017,"Wisconsin","Chippewa County",4,36,894,485,409
050,55,017,"Wisconsin","Chippewa County",4,37,902,467,435
050,55,017,"Wisconsin","Chippewa County",4,38,911,495,416
050,55,017,"Wisconsin","Chippewa County",4,39,902,487,415
050,55,017,"Wisconsin","Chippewa County",4,40,907,487,420
050,55,017,"Wisconsin","Chippewa County",4,41,948,527,421
050,55,017,"Wisconsin","Chippewa County",4,42,912,517,395
050,55,017,"Wisconsin","Chippewa County",4,43,867,479,388
050,55,017,"Wisconsin","Chippewa County",4,44,802,437,365
050,55,017,"Wisconsin","Chippewa County",4,45,783,449,334
050,55,017,"Wisconsin","Chippewa County",4,46,739,416,323
050,55,017,"Wisconsin","Chippewa County",4,47,751,400,351
050,55,017,"Wisconsin","Chippewa County",4,48,741,411,330
050,55,017,"Wisconsin","Chippewa County",4,49,758,395,363
050,55,017,"Wisconsin","Chippewa County",4,50,818,431,387
050,55,017,"Wisconsin","Chippewa County",4,51,903,479,424
050,55,017,"Wisconsin","Chippewa County",4,52,862,467,395
050,55,017,"Wisconsin","Chippewa County",4,53,837,440,397
050,55,017,"Wisconsin","Chippewa County",4,54,822,440,382
050,55,017,"Wisconsin","Chippewa County",4,55,850,433,417
050,55,017,"Wisconsin","Chippewa County",4,56,872,438,434
050,55,017,"Wisconsin","Chippewa County",4,57,928,481,447
050,55,017,"Wisconsin","Chippewa County",4,58,1018,556,462
050,55,017,"Wisconsin","Chippewa County",4,59,1005,558,447
050,55,017,"Wisconsin","Chippewa County",4,60,1004,530,474
050,55,017,"Wisconsin","Chippewa County",4,61,1046,533,513
050,55,017,"Wisconsin","Chippewa County",4,62,997,497,500
050,55,017,"Wisconsin","Chippewa County",4,63,1002,510,492
050,55,017,"Wisconsin","Chippewa County",4,64,986,490,496
050,55,017,"Wisconsin","Chippewa County",4,65,933,469,464
050,55,017,"Wisconsin","Chippewa County",4,66,885,465,420
050,55,017,"Wisconsin","Chippewa County",4,67,869,452,417
050,55,017,"Wisconsin","Chippewa County",4,68,839,425,414
050,55,017,"Wisconsin","Chippewa County",4,69,809,391,418
050,55,017,"Wisconsin","Chippewa County",4,70,783,387,396
050,55,017,"Wisconsin","Chippewa County",4,71,757,393,364
050,55,017,"Wisconsin","Chippewa County",4,72,701,349,352
050,55,017,"Wisconsin","Chippewa County",4,73,650,316,334
050,55,017,"Wisconsin","Chippewa County",4,74,630,316,314
050,55,017,"Wisconsin","Chippewa County",4,75,671,340,331
050,55,017,"Wisconsin","Chippewa County",4,76,459,226,233
050,55,017,"Wisconsin","Chippewa County",4,77,434,222,212
050,55,017,"Wisconsin","Chippewa County",4,78,434,219,215
050,55,017,"Wisconsin","Chippewa County",4,79,405,192,213
050,55,017,"Wisconsin","Chippewa County",4,80,344,157,187
050,55,017,"Wisconsin","Chippewa County",4,81,311,145,166
050,55,017,"Wisconsin","Chippewa County",4,82,293,131,162
050,55,017,"Wisconsin","Chippewa County",4,83,247,102,145
050,55,017,"Wisconsin","Chippewa County",4,84,240,90,150
050,55,017,"Wisconsin","Chippewa County",4,85,1402,478,924
050,55,017,"Wisconsin","Chippewa County",5,0,642,316,326
050,55,017,"Wisconsin","Chippewa County",5,1,674,333,341
050,55,017,"Wisconsin","Chippewa County",5,2,663,341,322
050,55,017,"Wisconsin","Chippewa County",5,3,709,374,335
050,55,017,"Wisconsin","Chippewa County",5,4,727,381,346
050,55,017,"Wisconsin","Chippewa County",5,5,745,353,392
050,55,017,"Wisconsin","Chippewa County",5,6,717,353,364
050,55,017,"Wisconsin","Chippewa County",5,7,763,375,388
050,55,017,"Wisconsin","Chippewa County",5,8,777,399,378
050,55,017,"Wisconsin","Chippewa County",5,9,790,382,408
050,55,017,"Wisconsin","Chippewa County",5,10,742,386,356
050,55,017,"Wisconsin","Chippewa County",5,11,819,429,390
050,55,017,"Wisconsin","Chippewa County",5,12,826,439,387
050,55,017,"Wisconsin","Chippewa County",5,13,861,451,410
050,55,017,"Wisconsin","Chippewa County",5,14,878,451,427
050,55,017,"Wisconsin","Chippewa County",5,15,917,469,448
050,55,017,"Wisconsin","Chippewa County",5,16,956,501,455
050,55,017,"Wisconsin","Chippewa County",5,17,935,486,449
050,55,017,"Wisconsin","Chippewa County",5,18,753,392,361
050,55,017,"Wisconsin","Chippewa County",5,19,579,308,271
050,55,017,"Wisconsin","Chippewa County",5,20,608,330,278
050,55,017,"Wisconsin","Chippewa County",5,21,649,349,300
050,55,017,"Wisconsin","Chippewa County",5,22,705,364,341
050,55,017,"Wisconsin","Chippewa County",5,23,745,413,332
050,55,017,"Wisconsin","Chippewa County",5,24,748,411,337
050,55,017,"Wisconsin","Chippewa County",5,25,776,438,338
050,55,017,"Wisconsin","Chippewa County",5,26,726,400,326
050,55,017,"Wisconsin","Chippewa County",5,27,790,438,352
050,55,017,"Wisconsin","Chippewa County",5,28,810,457,353
050,55,017,"Wisconsin","Chippewa County",5,29,832,482,350
050,55,017,"Wisconsin","Chippewa County",5,30,802,440,362
050,55,017,"Wisconsin","Chippewa County",5,31,825,439,386
050,55,017,"Wisconsin","Chippewa County",5,32,850,442,408
050,55,017,"Wisconsin","Chippewa County",5,33,798,432,366
050,55,017,"Wisconsin","Chippewa County",5,34,824,448,376
050,55,017,"Wisconsin","Chippewa County",5,35,815,448,367
050,55,017,"Wisconsin","Chippewa County",5,36,858,466,392
050,55,017,"Wisconsin","Chippewa County",5,37,909,496,413
050,55,017,"Wisconsin","Chippewa County",5,38,913,482,431
050,55,017,"Wisconsin","Chippewa County",5,39,909,490,419
050,55,017,"Wisconsin","Chippewa County",5,40,884,462,422
050,55,017,"Wisconsin","Chippewa County",5,41,958,531,427
050,55,017,"Wisconsin","Chippewa County",5,42,938,516,422
050,55,017,"Wisconsin","Chippewa County",5,43,916,526,390
050,55,017,"Wisconsin","Chippewa County",5,44,874,479,395
050,55,017,"Wisconsin","Chippewa County",5,45,793,439,354
050,55,017,"Wisconsin","Chippewa County",5,46,769,447,322
050,55,017,"Wisconsin","Chippewa County",5,47,734,416,318
050,55,017,"Wisconsin","Chippewa County",5,48,753,401,352
050,55,017,"Wisconsin","Chippewa County",5,49,744,410,334
050,55,017,"Wisconsin","Chippewa County",5,50,758,400,358
050,55,017,"Wisconsin","Chippewa County",5,51,797,412,385
050,55,017,"Wisconsin","Chippewa County",5,52,911,471,440
050,55,017,"Wisconsin","Chippewa County",5,53,877,470,407
050,55,017,"Wisconsin","Chippewa County",5,54,828,436,392
050,55,017,"Wisconsin","Chippewa County",5,55,828,434,394
050,55,017,"Wisconsin","Chippewa County",5,56,832,424,408
050,55,017,"Wisconsin","Chippewa County",5,57,877,446,431
050,55,017,"Wisconsin","Chippewa County",5,58,926,485,441
050,55,017,"Wisconsin","Chippewa County",5,59,1006,547,459
050,55,017,"Wisconsin","Chippewa County",5,60,1007,557,450
050,55,017,"Wisconsin","Chippewa County",5,61,994,522,472
050,55,017,"Wisconsin","Chippewa County",5,62,1051,535,516
050,55,017,"Wisconsin","Chippewa County",5,63,985,487,498
050,55,017,"Wisconsin","Chippewa County",5,64,977,498,479
050,55,017,"Wisconsin","Chippewa County",5,65,972,483,489
050,55,017,"Wisconsin","Chippewa County",5,66,927,472,455
050,55,017,"Wisconsin","Chippewa County",5,67,867,444,423
050,55,017,"Wisconsin","Chippewa County",5,68,874,450,424
050,55,017,"Wisconsin","Chippewa County",5,69,813,412,401
050,55,017,"Wisconsin","Chippewa County",5,70,803,386,417
050,55,017,"Wisconsin","Chippewa County",5,71,774,385,389
050,55,017,"Wisconsin","Chippewa County",5,72,746,379,367
050,55,017,"Wisconsin","Chippewa County",5,73,702,350,352
050,55,017,"Wisconsin","Chippewa County",5,74,630,302,328
050,55,017,"Wisconsin","Chippewa County",5,75,619,315,304
050,55,017,"Wisconsin","Chippewa County",5,76,657,322,335
050,55,017,"Wisconsin","Chippewa County",5,77,435,222,213
050,55,017,"Wisconsin","Chippewa County",5,78,412,206,206
050,55,017,"Wisconsin","Chippewa County",5,79,418,214,204
050,55,017,"Wisconsin","Chippewa County",5,80,385,177,208
050,55,017,"Wisconsin","Chippewa County",5,81,332,151,181
050,55,017,"Wisconsin","Chippewa County",5,82,298,137,161
050,55,017,"Wisconsin","Chippewa County",5,83,278,117,161
050,55,017,"Wisconsin","Chippewa County",5,84,233,91,142
050,55,017,"Wisconsin","Chippewa County",5,85,1413,468,945
050,55,019,"Wisconsin","Clark County",1,0,578,298,280
050,55,019,"Wisconsin","Clark County",1,1,574,281,293
050,55,019,"Wisconsin","Clark County",1,2,562,267,295
050,55,019,"Wisconsin","Clark County",1,3,571,302,269
050,55,019,"Wisconsin","Clark County",1,4,578,277,301
050,55,019,"Wisconsin","Clark County",1,5,544,292,252
050,55,019,"Wisconsin","Clark County",1,6,562,295,267
050,55,019,"Wisconsin","Clark County",1,7,591,301,290
050,55,019,"Wisconsin","Clark County",1,8,565,290,275
050,55,019,"Wisconsin","Clark County",1,9,572,294,278
050,55,019,"Wisconsin","Clark County",1,10,559,288,271
050,55,019,"Wisconsin","Clark County",1,11,566,291,275
050,55,019,"Wisconsin","Clark County",1,12,585,290,295
050,55,019,"Wisconsin","Clark County",1,13,610,303,307
050,55,019,"Wisconsin","Clark County",1,14,599,301,298
050,55,019,"Wisconsin","Clark County",1,15,587,292,295
050,55,019,"Wisconsin","Clark County",1,16,610,315,295
050,55,019,"Wisconsin","Clark County",1,17,580,285,295
050,55,019,"Wisconsin","Clark County",1,18,483,254,229
050,55,019,"Wisconsin","Clark County",1,19,367,195,172
050,55,019,"Wisconsin","Clark County",1,20,376,185,191
050,55,019,"Wisconsin","Clark County",1,21,381,199,182
050,55,019,"Wisconsin","Clark County",1,22,425,207,218
050,55,019,"Wisconsin","Clark County",1,23,400,206,194
050,55,019,"Wisconsin","Clark County",1,24,420,221,199
050,55,019,"Wisconsin","Clark County",1,25,366,194,172
050,55,019,"Wisconsin","Clark County",1,26,340,168,172
050,55,019,"Wisconsin","Clark County",1,27,349,179,170
050,55,019,"Wisconsin","Clark County",1,28,341,183,158
050,55,019,"Wisconsin","Clark County",1,29,324,171,153
050,55,019,"Wisconsin","Clark County",1,30,326,162,164
050,55,019,"Wisconsin","Clark County",1,31,329,169,160
050,55,019,"Wisconsin","Clark County",1,32,316,164,152
050,55,019,"Wisconsin","Clark County",1,33,319,167,152
050,55,019,"Wisconsin","Clark County",1,34,355,175,180
050,55,019,"Wisconsin","Clark County",1,35,361,184,177
050,55,019,"Wisconsin","Clark County",1,36,344,168,176
050,55,019,"Wisconsin","Clark County",1,37,380,203,177
050,55,019,"Wisconsin","Clark County",1,38,401,212,189
050,55,019,"Wisconsin","Clark County",1,39,388,197,191
050,55,019,"Wisconsin","Clark County",1,40,357,183,174
050,55,019,"Wisconsin","Clark County",1,41,374,200,174
050,55,019,"Wisconsin","Clark County",1,42,370,187,183
050,55,019,"Wisconsin","Clark County",1,43,348,187,161
050,55,019,"Wisconsin","Clark County",1,44,319,173,146
050,55,019,"Wisconsin","Clark County",1,45,361,201,160
050,55,019,"Wisconsin","Clark County",1,46,357,178,179
050,55,019,"Wisconsin","Clark County",1,47,361,169,192
050,55,019,"Wisconsin","Clark County",1,48,397,192,205
050,55,019,"Wisconsin","Clark County",1,49,406,209,197
050,55,019,"Wisconsin","Clark County",1,50,371,193,178
050,55,019,"Wisconsin","Clark County",1,51,396,212,184
050,55,019,"Wisconsin","Clark County",1,52,392,203,189
050,55,019,"Wisconsin","Clark County",1,53,406,222,184
050,55,019,"Wisconsin","Clark County",1,54,428,231,197
050,55,019,"Wisconsin","Clark County",1,55,439,236,203
050,55,019,"Wisconsin","Clark County",1,56,483,245,238
050,55,019,"Wisconsin","Clark County",1,57,490,238,252
050,55,019,"Wisconsin","Clark County",1,58,470,246,224
050,55,019,"Wisconsin","Clark County",1,59,481,265,216
050,55,019,"Wisconsin","Clark County",1,60,484,256,228
050,55,019,"Wisconsin","Clark County",1,61,491,256,235
050,55,019,"Wisconsin","Clark County",1,62,492,259,233
050,55,019,"Wisconsin","Clark County",1,63,462,245,217
050,55,019,"Wisconsin","Clark County",1,64,464,248,216
050,55,019,"Wisconsin","Clark County",1,65,433,231,202
050,55,019,"Wisconsin","Clark County",1,66,443,226,217
050,55,019,"Wisconsin","Clark County",1,67,369,191,178
050,55,019,"Wisconsin","Clark County",1,68,355,180,175
050,55,019,"Wisconsin","Clark County",1,69,330,173,157
050,55,019,"Wisconsin","Clark County",1,70,306,165,141
050,55,019,"Wisconsin","Clark County",1,71,300,152,148
050,55,019,"Wisconsin","Clark County",1,72,297,156,141
050,55,019,"Wisconsin","Clark County",1,73,281,149,132
050,55,019,"Wisconsin","Clark County",1,74,198,93,105
050,55,019,"Wisconsin","Clark County",1,75,196,94,102
050,55,019,"Wisconsin","Clark County",1,76,226,107,119
050,55,019,"Wisconsin","Clark County",1,77,233,113,120
050,55,019,"Wisconsin","Clark County",1,78,186,85,101
050,55,019,"Wisconsin","Clark County",1,79,169,74,95
050,55,019,"Wisconsin","Clark County",1,80,153,65,88
050,55,019,"Wisconsin","Clark County",1,81,150,71,79
050,55,019,"Wisconsin","Clark County",1,82,143,67,76
050,55,019,"Wisconsin","Clark County",1,83,128,58,70
050,55,019,"Wisconsin","Clark County",1,84,124,54,70
050,55,019,"Wisconsin","Clark County",1,85,758,256,502
050,55,019,"Wisconsin","Clark County",2,0,586,299,287
050,55,019,"Wisconsin","Clark County",2,1,571,282,289
050,55,019,"Wisconsin","Clark County",2,2,565,270,295
050,55,019,"Wisconsin","Clark County",2,3,564,289,275
050,55,019,"Wisconsin","Clark County",2,4,579,286,293
050,55,019,"Wisconsin","Clark County",2,5,551,288,263
050,55,019,"Wisconsin","Clark County",2,6,557,296,261
050,55,019,"Wisconsin","Clark County",2,7,581,297,284
050,55,019,"Wisconsin","Clark County",2,8,570,294,276
050,55,019,"Wisconsin","Clark County",2,9,569,293,276
050,55,019,"Wisconsin","Clark County",2,10,561,289,272
050,55,019,"Wisconsin","Clark County",2,11,561,287,274
050,55,019,"Wisconsin","Clark County",2,12,585,293,292
050,55,019,"Wisconsin","Clark County",2,13,605,300,305
050,55,019,"Wisconsin","Clark County",2,14,600,301,299
050,55,019,"Wisconsin","Clark County",2,15,592,296,296
050,55,019,"Wisconsin","Clark County",2,16,602,307,295
050,55,019,"Wisconsin","Clark County",2,17,589,292,297
050,55,019,"Wisconsin","Clark County",2,18,479,249,230
050,55,019,"Wisconsin","Clark County",2,19,372,196,176
050,55,019,"Wisconsin","Clark County",2,20,380,191,189
050,55,019,"Wisconsin","Clark County",2,21,387,197,190
050,55,019,"Wisconsin","Clark County",2,22,419,206,213
050,55,019,"Wisconsin","Clark County",2,23,410,210,200
050,55,019,"Wisconsin","Clark County",2,24,412,217,195
050,55,019,"Wisconsin","Clark County",2,25,379,201,178
050,55,019,"Wisconsin","Clark County",2,26,347,175,172
050,55,019,"Wisconsin","Clark County",2,27,350,179,171
050,55,019,"Wisconsin","Clark County",2,28,344,184,160
050,55,019,"Wisconsin","Clark County",2,29,330,174,156
050,55,019,"Wisconsin","Clark County",2,30,328,165,163
050,55,019,"Wisconsin","Clark County",2,31,328,168,160
050,55,019,"Wisconsin","Clark County",2,32,316,164,152
050,55,019,"Wisconsin","Clark County",2,33,317,164,153
050,55,019,"Wisconsin","Clark County",2,34,347,172,175
050,55,019,"Wisconsin","Clark County",2,35,362,184,178
050,55,019,"Wisconsin","Clark County",2,36,346,170,176
050,55,019,"Wisconsin","Clark County",2,37,372,195,177
050,55,019,"Wisconsin","Clark County",2,38,396,210,186
050,55,019,"Wisconsin","Clark County",2,39,390,199,191
050,55,019,"Wisconsin","Clark County",2,40,366,185,181
050,55,019,"Wisconsin","Clark County",2,41,367,195,172
050,55,019,"Wisconsin","Clark County",2,42,367,189,178
050,55,019,"Wisconsin","Clark County",2,43,354,188,166
050,55,019,"Wisconsin","Clark County",2,44,322,175,147
050,55,019,"Wisconsin","Clark County",2,45,353,195,158
050,55,019,"Wisconsin","Clark County",2,46,356,182,174
050,55,019,"Wisconsin","Clark County",2,47,357,169,188
050,55,019,"Wisconsin","Clark County",2,48,388,187,201
050,55,019,"Wisconsin","Clark County",2,49,405,205,200
050,55,019,"Wisconsin","Clark County",2,50,382,199,183
050,55,019,"Wisconsin","Clark County",2,51,388,208,180
050,55,019,"Wisconsin","Clark County",2,52,392,204,188
050,55,019,"Wisconsin","Clark County",2,53,402,219,183
050,55,019,"Wisconsin","Clark County",2,54,423,229,194
050,55,019,"Wisconsin","Clark County",2,55,434,234,200
050,55,019,"Wisconsin","Clark County",2,56,473,242,231
050,55,019,"Wisconsin","Clark County",2,57,488,240,248
050,55,019,"Wisconsin","Clark County",2,58,472,242,230
050,55,019,"Wisconsin","Clark County",2,59,480,262,218
050,55,019,"Wisconsin","Clark County",2,60,481,257,224
050,55,019,"Wisconsin","Clark County",2,61,488,255,233
050,55,019,"Wisconsin","Clark County",2,62,490,258,232
050,55,019,"Wisconsin","Clark County",2,63,472,249,223
050,55,019,"Wisconsin","Clark County",2,64,460,244,216
050,55,019,"Wisconsin","Clark County",2,65,437,233,204
050,55,019,"Wisconsin","Clark County",2,66,440,228,212
050,55,019,"Wisconsin","Clark County",2,67,381,195,186
050,55,019,"Wisconsin","Clark County",2,68,356,182,174
050,55,019,"Wisconsin","Clark County",2,69,341,178,163
050,55,019,"Wisconsin","Clark County",2,70,311,166,145
050,55,019,"Wisconsin","Clark County",2,71,298,152,146
050,55,019,"Wisconsin","Clark County",2,72,288,149,139
050,55,019,"Wisconsin","Clark County",2,73,296,156,140
050,55,019,"Wisconsin","Clark County",2,74,205,100,105
050,55,019,"Wisconsin","Clark County",2,75,195,94,101
050,55,019,"Wisconsin","Clark County",2,76,216,103,113
050,55,019,"Wisconsin","Clark County",2,77,234,113,121
050,55,019,"Wisconsin","Clark County",2,78,189,87,102
050,55,019,"Wisconsin","Clark County",2,79,172,77,95
050,55,019,"Wisconsin","Clark County",2,80,149,63,86
050,55,019,"Wisconsin","Clark County",2,81,150,70,80
050,55,019,"Wisconsin","Clark County",2,82,142,66,76
050,55,019,"Wisconsin","Clark County",2,83,130,59,71
050,55,019,"Wisconsin","Clark County",2,84,124,54,70
050,55,019,"Wisconsin","Clark County",2,85,759,258,501
050,55,019,"Wisconsin","Clark County",3,0,587,311,276
050,55,019,"Wisconsin","Clark County",3,1,576,293,283
050,55,019,"Wisconsin","Clark County",3,2,589,292,297
050,55,019,"Wisconsin","Clark County",3,3,549,275,274
050,55,019,"Wisconsin","Clark County",3,4,561,292,269
050,55,019,"Wisconsin","Clark County",3,5,570,284,286
050,55,019,"Wisconsin","Clark County",3,6,550,286,264
050,55,019,"Wisconsin","Clark County",3,7,559,299,260
050,55,019,"Wisconsin","Clark County",3,8,590,298,292
050,55,019,"Wisconsin","Clark County",3,9,581,299,282
050,55,019,"Wisconsin","Clark County",3,10,563,288,275
050,55,019,"Wisconsin","Clark County",3,11,566,294,272
050,55,019,"Wisconsin","Clark County",3,12,572,293,279
050,55,019,"Wisconsin","Clark County",3,13,589,291,298
050,55,019,"Wisconsin","Clark County",3,14,600,298,302
050,55,019,"Wisconsin","Clark County",3,15,604,310,294
050,55,019,"Wisconsin","Clark County",3,16,603,308,295
050,55,019,"Wisconsin","Clark County",3,17,606,313,293
050,55,019,"Wisconsin","Clark County",3,18,496,259,237
050,55,019,"Wisconsin","Clark County",3,19,377,204,173
050,55,019,"Wisconsin","Clark County",3,20,383,199,184
050,55,019,"Wisconsin","Clark County",3,21,398,195,203
050,55,019,"Wisconsin","Clark County",3,22,412,204,208
050,55,019,"Wisconsin","Clark County",3,23,426,204,222
050,55,019,"Wisconsin","Clark County",3,24,396,209,187
050,55,019,"Wisconsin","Clark County",3,25,386,210,176
050,55,019,"Wisconsin","Clark County",3,26,381,196,185
050,55,019,"Wisconsin","Clark County",3,27,360,194,166
050,55,019,"Wisconsin","Clark County",3,28,351,182,169
050,55,019,"Wisconsin","Clark County",3,29,347,190,157
050,55,019,"Wisconsin","Clark County",3,30,314,163,151
050,55,019,"Wisconsin","Clark County",3,31,331,169,162
050,55,019,"Wisconsin","Clark County",3,32,332,170,162
050,55,019,"Wisconsin","Clark County",3,33,316,161,155
050,55,019,"Wisconsin","Clark County",3,34,326,166,160
050,55,019,"Wisconsin","Clark County",3,35,338,176,162
050,55,019,"Wisconsin","Clark County",3,36,364,178,186
050,55,019,"Wisconsin","Clark County",3,37,350,173,177
050,55,019,"Wisconsin","Clark County",3,38,368,197,171
050,55,019,"Wisconsin","Clark County",3,39,397,212,185
050,55,019,"Wisconsin","Clark County",3,40,391,193,198
050,55,019,"Wisconsin","Clark County",3,41,378,186,192
050,55,019,"Wisconsin","Clark County",3,42,373,196,177
050,55,019,"Wisconsin","Clark County",3,43,362,190,172
050,55,019,"Wisconsin","Clark County",3,44,353,181,172
050,55,019,"Wisconsin","Clark County",3,45,318,172,146
050,55,019,"Wisconsin","Clark County",3,46,344,194,150
050,55,019,"Wisconsin","Clark County",3,47,348,179,169
050,55,019,"Wisconsin","Clark County",3,48,360,173,187
050,55,019,"Wisconsin","Clark County",3,49,388,181,207
050,55,019,"Wisconsin","Clark County",3,50,415,208,207
050,55,019,"Wisconsin","Clark County",3,51,381,201,180
050,55,019,"Wisconsin","Clark County",3,52,395,213,182
050,55,019,"Wisconsin","Clark County",3,53,398,208,190
050,55,019,"Wisconsin","Clark County",3,54,410,218,192
050,55,019,"Wisconsin","Clark County",3,55,424,232,192
050,55,019,"Wisconsin","Clark County",3,56,439,241,198
050,55,019,"Wisconsin","Clark County",3,57,467,240,227
050,55,019,"Wisconsin","Clark County",3,58,483,230,253
050,55,019,"Wisconsin","Clark County",3,59,473,244,229
050,55,019,"Wisconsin","Clark County",3,60,473,260,213
050,55,019,"Wisconsin","Clark County",3,61,478,254,224
050,55,019,"Wisconsin","Clark County",3,62,487,255,232
050,55,019,"Wisconsin","Clark County",3,63,481,254,227
050,55,019,"Wisconsin","Clark County",3,64,485,262,223
050,55,019,"Wisconsin","Clark County",3,65,439,231,208
050,55,019,"Wisconsin","Clark County",3,66,422,225,197
050,55,019,"Wisconsin","Clark County",3,67,434,224,210
050,55,019,"Wisconsin","Clark County",3,68,372,192,180
050,55,019,"Wisconsin","Clark County",3,69,361,190,171
050,55,019,"Wisconsin","Clark County",3,70,333,169,164
050,55,019,"Wisconsin","Clark County",3,71,302,159,143
050,55,019,"Wisconsin","Clark County",3,72,290,147,143
050,55,019,"Wisconsin","Clark County",3,73,270,141,129
050,55,019,"Wisconsin","Clark County",3,74,290,151,139
050,55,019,"Wisconsin","Clark County",3,75,189,94,95
050,55,019,"Wisconsin","Clark County",3,76,192,94,98
050,55,019,"Wisconsin","Clark County",3,77,202,94,108
050,55,019,"Wisconsin","Clark County",3,78,210,100,110
050,55,019,"Wisconsin","Clark County",3,79,183,84,99
050,55,019,"Wisconsin","Clark County",3,80,153,66,87
050,55,019,"Wisconsin","Clark County",3,81,148,67,81
050,55,019,"Wisconsin","Clark County",3,82,139,65,74
050,55,019,"Wisconsin","Clark County",3,83,131,59,72
050,55,019,"Wisconsin","Clark County",3,84,117,47,70
050,55,019,"Wisconsin","Clark County",3,85,717,248,469
050,55,019,"Wisconsin","Clark County",4,0,579,307,272
050,55,019,"Wisconsin","Clark County",4,1,580,293,287
050,55,019,"Wisconsin","Clark County",4,2,560,277,283
050,55,019,"Wisconsin","Clark County",4,3,563,284,279
050,55,019,"Wisconsin","Clark County",4,4,541,266,275
050,55,019,"Wisconsin","Clark County",4,5,549,277,272
050,55,019,"Wisconsin","Clark County",4,6,575,283,292
050,55,019,"Wisconsin","Clark County",4,7,546,286,260
050,55,019,"Wisconsin","Clark County",4,8,557,296,261
050,55,019,"Wisconsin","Clark County",4,9,589,295,294
050,55,019,"Wisconsin","Clark County",4,10,586,302,284
050,55,019,"Wisconsin","Clark County",4,11,562,291,271
050,55,019,"Wisconsin","Clark County",4,12,581,299,282
050,55,019,"Wisconsin","Clark County",4,13,569,295,274
050,55,019,"Wisconsin","Clark County",4,14,590,293,297
050,55,019,"Wisconsin","Clark County",4,15,597,294,303
050,55,019,"Wisconsin","Clark County",4,16,605,305,300
050,55,019,"Wisconsin","Clark County",4,17,599,305,294
050,55,019,"Wisconsin","Clark County",4,18,491,262,229
050,55,019,"Wisconsin","Clark County",4,19,384,198,186
050,55,019,"Wisconsin","Clark County",4,20,361,199,162
050,55,019,"Wisconsin","Clark County",4,21,396,206,190
050,55,019,"Wisconsin","Clark County",4,22,407,210,197
050,55,019,"Wisconsin","Clark County",4,23,405,207,198
050,55,019,"Wisconsin","Clark County",4,24,424,195,229
050,55,019,"Wisconsin","Clark County",4,25,390,210,180
050,55,019,"Wisconsin","Clark County",4,26,383,212,171
050,55,019,"Wisconsin","Clark County",4,27,385,196,189
050,55,019,"Wisconsin","Clark County",4,28,349,177,172
050,55,019,"Wisconsin","Clark County",4,29,343,174,169
050,55,019,"Wisconsin","Clark County",4,30,339,183,156
050,55,019,"Wisconsin","Clark County",4,31,313,163,150
050,55,019,"Wisconsin","Clark County",4,32,322,164,158
050,55,019,"Wisconsin","Clark County",4,33,334,174,160
050,55,019,"Wisconsin","Clark County",4,34,323,160,163
050,55,019,"Wisconsin","Clark County",4,35,316,157,159
050,55,019,"Wisconsin","Clark County",4,36,348,180,168
050,55,019,"Wisconsin","Clark County",4,37,349,175,174
050,55,019,"Wisconsin","Clark County",4,38,361,174,187
050,55,019,"Wisconsin","Clark County",4,39,373,202,171
050,55,019,"Wisconsin","Clark County",4,40,394,208,186
050,55,019,"Wisconsin","Clark County",4,41,395,205,190
050,55,019,"Wisconsin","Clark County",4,42,375,185,190
050,55,019,"Wisconsin","Clark County",4,43,377,200,177
050,55,019,"Wisconsin","Clark County",4,44,359,191,168
050,55,019,"Wisconsin","Clark County",4,45,363,189,174
050,55,019,"Wisconsin","Clark County",4,46,310,166,144
050,55,019,"Wisconsin","Clark County",4,47,338,189,149
050,55,019,"Wisconsin","Clark County",4,48,348,179,169
050,55,019,"Wisconsin","Clark County",4,49,362,172,190
050,55,019,"Wisconsin","Clark County",4,50,381,176,205
050,55,019,"Wisconsin","Clark County",4,51,426,211,215
050,55,019,"Wisconsin","Clark County",4,52,378,203,175
050,55,019,"Wisconsin","Clark County",4,53,389,214,175
050,55,019,"Wisconsin","Clark County",4,54,419,219,200
050,55,019,"Wisconsin","Clark County",4,55,410,223,187
050,55,019,"Wisconsin","Clark County",4,56,440,239,201
050,55,019,"Wisconsin","Clark County",4,57,440,238,202
050,55,019,"Wisconsin","Clark County",4,58,457,230,227
050,55,019,"Wisconsin","Clark County",4,59,496,239,257
050,55,019,"Wisconsin","Clark County",4,60,483,250,233
050,55,019,"Wisconsin","Clark County",4,61,481,262,219
050,55,019,"Wisconsin","Clark County",4,62,485,258,227
050,55,019,"Wisconsin","Clark County",4,63,479,250,229
050,55,019,"Wisconsin","Clark County",4,64,485,255,230
050,55,019,"Wisconsin","Clark County",4,65,476,260,216
050,55,019,"Wisconsin","Clark County",4,66,431,228,203
050,55,019,"Wisconsin","Clark County",4,67,416,219,197
050,55,019,"Wisconsin","Clark County",4,68,434,223,211
050,55,019,"Wisconsin","Clark County",4,69,370,192,178
050,55,019,"Wisconsin","Clark County",4,70,348,183,165
050,55,019,"Wisconsin","Clark County",4,71,322,156,166
050,55,019,"Wisconsin","Clark County",4,72,296,155,141
050,55,019,"Wisconsin","Clark County",4,73,277,141,136
050,55,019,"Wisconsin","Clark County",4,74,267,136,131
050,55,019,"Wisconsin","Clark County",4,75,267,143,124
050,55,019,"Wisconsin","Clark County",4,76,190,95,95
050,55,019,"Wisconsin","Clark County",4,77,177,87,90
050,55,019,"Wisconsin","Clark County",4,78,181,81,100
050,55,019,"Wisconsin","Clark County",4,79,200,98,102
050,55,019,"Wisconsin","Clark County",4,80,167,75,92
050,55,019,"Wisconsin","Clark County",4,81,147,67,80
050,55,019,"Wisconsin","Clark County",4,82,132,57,75
050,55,019,"Wisconsin","Clark County",4,83,125,60,65
050,55,019,"Wisconsin","Clark County",4,84,124,51,73
050,55,019,"Wisconsin","Clark County",4,85,691,243,448
050,55,019,"Wisconsin","Clark County",5,0,566,301,265
050,55,019,"Wisconsin","Clark County",5,1,576,308,268
050,55,019,"Wisconsin","Clark County",5,2,575,298,277
050,55,019,"Wisconsin","Clark County",5,3,552,272,280
050,55,019,"Wisconsin","Clark County",5,4,557,293,264
050,55,019,"Wisconsin","Clark County",5,5,537,257,280
050,55,019,"Wisconsin","Clark County",5,6,555,282,273
050,55,019,"Wisconsin","Clark County",5,7,548,258,290
050,55,019,"Wisconsin","Clark County",5,8,538,286,252
050,55,019,"Wisconsin","Clark County",5,9,551,287,264
050,55,019,"Wisconsin","Clark County",5,10,588,293,295
050,55,019,"Wisconsin","Clark County",5,11,584,301,283
050,55,019,"Wisconsin","Clark County",5,12,559,290,269
050,55,019,"Wisconsin","Clark County",5,13,577,291,286
050,55,019,"Wisconsin","Clark County",5,14,566,296,270
050,55,019,"Wisconsin","Clark County",5,15,595,290,305
050,55,019,"Wisconsin","Clark County",5,16,600,305,295
050,55,019,"Wisconsin","Clark County",5,17,593,309,284
050,55,019,"Wisconsin","Clark County",5,18,485,263,222
050,55,019,"Wisconsin","Clark County",5,19,380,208,172
050,55,019,"Wisconsin","Clark County",5,20,405,206,199
050,55,019,"Wisconsin","Clark County",5,21,384,201,183
050,55,019,"Wisconsin","Clark County",5,22,422,223,199
050,55,019,"Wisconsin","Clark County",5,23,418,215,203
050,55,019,"Wisconsin","Clark County",5,24,392,200,192
050,55,019,"Wisconsin","Clark County",5,25,419,193,226
050,55,019,"Wisconsin","Clark County",5,26,399,210,189
050,55,019,"Wisconsin","Clark County",5,27,404,229,175
050,55,019,"Wisconsin","Clark County",5,28,392,195,197
050,55,019,"Wisconsin","Clark County",5,29,359,184,175
050,55,019,"Wisconsin","Clark County",5,30,347,171,176
050,55,019,"Wisconsin","Clark County",5,31,349,191,158
050,55,019,"Wisconsin","Clark County",5,32,303,158,145
050,55,019,"Wisconsin","Clark County",5,33,307,156,151
050,55,019,"Wisconsin","Clark County",5,34,332,179,153
050,55,019,"Wisconsin","Clark County",5,35,321,160,161
050,55,019,"Wisconsin","Clark County",5,36,321,155,166
050,55,019,"Wisconsin","Clark County",5,37,332,170,162
050,55,019,"Wisconsin","Clark County",5,38,360,181,179
050,55,019,"Wisconsin","Clark County",5,39,368,184,184
050,55,019,"Wisconsin","Clark County",5,40,372,198,174
050,55,019,"Wisconsin","Clark County",5,41,395,208,187
050,55,019,"Wisconsin","Clark County",5,42,385,197,188
050,55,019,"Wisconsin","Clark County",5,43,379,186,193
050,55,019,"Wisconsin","Clark County",5,44,386,208,178
050,55,019,"Wisconsin","Clark County",5,45,371,194,177
050,55,019,"Wisconsin","Clark County",5,46,366,193,173
050,55,019,"Wisconsin","Clark County",5,47,311,167,144
050,55,019,"Wisconsin","Clark County",5,48,335,191,144
050,55,019,"Wisconsin","Clark County",5,49,350,173,177
050,55,019,"Wisconsin","Clark County",5,50,356,171,185
050,55,019,"Wisconsin","Clark County",5,51,386,180,206
050,55,019,"Wisconsin","Clark County",5,52,421,210,211
050,55,019,"Wisconsin","Clark County",5,53,381,209,172
050,55,019,"Wisconsin","Clark County",5,54,385,210,175
050,55,019,"Wisconsin","Clark County",5,55,430,221,209
050,55,019,"Wisconsin","Clark County",5,56,409,224,185
050,55,019,"Wisconsin","Clark County",5,57,436,230,206
050,55,019,"Wisconsin","Clark County",5,58,433,232,201
050,55,019,"Wisconsin","Clark County",5,59,462,232,230
050,55,019,"Wisconsin","Clark County",5,60,478,235,243
050,55,019,"Wisconsin","Clark County",5,61,472,240,232
050,55,019,"Wisconsin","Clark County",5,62,477,263,214
050,55,019,"Wisconsin","Clark County",5,63,476,252,224
050,55,019,"Wisconsin","Clark County",5,64,485,251,234
050,55,019,"Wisconsin","Clark County",5,65,466,239,227
050,55,019,"Wisconsin","Clark County",5,66,465,255,210
050,55,019,"Wisconsin","Clark County",5,67,426,223,203
050,55,019,"Wisconsin","Clark County",5,68,416,217,199
050,55,019,"Wisconsin","Clark County",5,69,434,222,212
050,55,019,"Wisconsin","Clark County",5,70,364,190,174
050,55,019,"Wisconsin","Clark County",5,71,345,177,168
050,55,019,"Wisconsin","Clark County",5,72,312,152,160
050,55,019,"Wisconsin","Clark County",5,73,281,147,134
050,55,019,"Wisconsin","Clark County",5,74,277,136,141
050,55,019,"Wisconsin","Clark County",5,75,247,127,120
050,55,019,"Wisconsin","Clark County",5,76,264,141,123
050,55,019,"Wisconsin","Clark County",5,77,175,88,87
050,55,019,"Wisconsin","Clark County",5,78,163,78,85
050,55,019,"Wisconsin","Clark County",5,79,171,79,92
050,55,019,"Wisconsin","Clark County",5,80,187,89,98
050,55,019,"Wisconsin","Clark County",5,81,162,77,85
050,55,019,"Wisconsin","Clark County",5,82,133,59,74
050,55,019,"Wisconsin","Clark County",5,83,125,55,70
050,55,019,"Wisconsin","Clark County",5,84,119,51,68
050,55,019,"Wisconsin","Clark County",5,85,689,248,441
050,55,021,"Wisconsin","Columbia County",1,0,586,301,285
050,55,021,"Wisconsin","Columbia County",1,1,601,300,301
050,55,021,"Wisconsin","Columbia County",1,2,609,296,313
050,55,021,"Wisconsin","Columbia County",1,3,628,323,305
050,55,021,"Wisconsin","Columbia County",1,4,622,310,312
050,55,021,"Wisconsin","Columbia County",1,5,668,360,308
050,55,021,"Wisconsin","Columbia County",1,6,668,351,317
050,55,021,"Wisconsin","Columbia County",1,7,666,339,327
050,55,021,"Wisconsin","Columbia County",1,8,630,352,278
050,55,021,"Wisconsin","Columbia County",1,9,644,326,318
050,55,021,"Wisconsin","Columbia County",1,10,675,346,329
050,55,021,"Wisconsin","Columbia County",1,11,734,362,372
050,55,021,"Wisconsin","Columbia County",1,12,762,388,374
050,55,021,"Wisconsin","Columbia County",1,13,745,381,364
050,55,021,"Wisconsin","Columbia County",1,14,795,417,378
050,55,021,"Wisconsin","Columbia County",1,15,799,414,385
050,55,021,"Wisconsin","Columbia County",1,16,760,386,374
050,55,021,"Wisconsin","Columbia County",1,17,795,407,388
050,55,021,"Wisconsin","Columbia County",1,18,666,354,312
050,55,021,"Wisconsin","Columbia County",1,19,535,291,244
050,55,021,"Wisconsin","Columbia County",1,20,574,306,268
050,55,021,"Wisconsin","Columbia County",1,21,579,302,277
050,55,021,"Wisconsin","Columbia County",1,22,609,315,294
050,55,021,"Wisconsin","Columbia County",1,23,630,322,308
050,55,021,"Wisconsin","Columbia County",1,24,646,345,301
050,55,021,"Wisconsin","Columbia County",1,25,654,341,313
050,55,021,"Wisconsin","Columbia County",1,26,660,360,300
050,55,021,"Wisconsin","Columbia County",1,27,660,350,310
050,55,021,"Wisconsin","Columbia County",1,28,675,353,322
050,55,021,"Wisconsin","Columbia County",1,29,693,362,331
050,55,021,"Wisconsin","Columbia County",1,30,662,354,308
050,55,021,"Wisconsin","Columbia County",1,31,695,381,314
050,55,021,"Wisconsin","Columbia County",1,32,693,362,331
050,55,021,"Wisconsin","Columbia County",1,33,730,371,359
050,55,021,"Wisconsin","Columbia County",1,34,764,399,365
050,55,021,"Wisconsin","Columbia County",1,35,758,406,352
050,55,021,"Wisconsin","Columbia County",1,36,768,382,386
050,55,021,"Wisconsin","Columbia County",1,37,758,414,344
050,55,021,"Wisconsin","Columbia County",1,38,745,408,337
050,55,021,"Wisconsin","Columbia County",1,39,796,430,366
050,55,021,"Wisconsin","Columbia County",1,40,775,409,366
050,55,021,"Wisconsin","Columbia County",1,41,720,376,344
050,55,021,"Wisconsin","Columbia County",1,42,715,382,333
050,55,021,"Wisconsin","Columbia County",1,43,714,375,339
050,55,021,"Wisconsin","Columbia County",1,44,696,356,340
050,55,021,"Wisconsin","Columbia County",1,45,685,360,325
050,55,021,"Wisconsin","Columbia County",1,46,632,332,300
050,55,021,"Wisconsin","Columbia County",1,47,657,349,308
050,55,021,"Wisconsin","Columbia County",1,48,773,396,377
050,55,021,"Wisconsin","Columbia County",1,49,834,446,388
050,55,021,"Wisconsin","Columbia County",1,50,785,409,376
050,55,021,"Wisconsin","Columbia County",1,51,816,442,374
050,55,021,"Wisconsin","Columbia County",1,52,801,420,381
050,55,021,"Wisconsin","Columbia County",1,53,808,411,397
050,55,021,"Wisconsin","Columbia County",1,54,869,436,433
050,55,021,"Wisconsin","Columbia County",1,55,925,476,449
050,55,021,"Wisconsin","Columbia County",1,56,935,494,441
050,55,021,"Wisconsin","Columbia County",1,57,933,490,443
050,55,021,"Wisconsin","Columbia County",1,58,934,462,472
050,55,021,"Wisconsin","Columbia County",1,59,947,461,486
050,55,021,"Wisconsin","Columbia County",1,60,929,469,460
050,55,021,"Wisconsin","Columbia County",1,61,920,471,449
050,55,021,"Wisconsin","Columbia County",1,62,873,422,451
050,55,021,"Wisconsin","Columbia County",1,63,850,429,421
050,55,021,"Wisconsin","Columbia County",1,64,819,427,392
050,55,021,"Wisconsin","Columbia County",1,65,810,431,379
050,55,021,"Wisconsin","Columbia County",1,66,820,420,400
050,55,021,"Wisconsin","Columbia County",1,67,768,386,382
050,55,021,"Wisconsin","Columbia County",1,68,742,385,357
050,55,021,"Wisconsin","Columbia County",1,69,646,344,302
050,55,021,"Wisconsin","Columbia County",1,70,635,324,311
050,55,021,"Wisconsin","Columbia County",1,71,594,296,298
050,55,021,"Wisconsin","Columbia County",1,72,593,297,296
050,55,021,"Wisconsin","Columbia County",1,73,601,310,291
050,55,021,"Wisconsin","Columbia County",1,74,419,208,211
050,55,021,"Wisconsin","Columbia County",1,75,410,192,218
050,55,021,"Wisconsin","Columbia County",1,76,395,182,213
050,55,021,"Wisconsin","Columbia County",1,77,412,190,222
050,55,021,"Wisconsin","Columbia County",1,78,324,159,165
050,55,021,"Wisconsin","Columbia County",1,79,283,130,153
050,55,021,"Wisconsin","Columbia County",1,80,260,127,133
050,55,021,"Wisconsin","Columbia County",1,81,279,120,159
050,55,021,"Wisconsin","Columbia County",1,82,251,111,140
050,55,021,"Wisconsin","Columbia County",1,83,211,87,124
050,55,021,"Wisconsin","Columbia County",1,84,210,95,115
050,55,021,"Wisconsin","Columbia County",1,85,1147,384,763
050,55,021,"Wisconsin","Columbia County",2,0,586,305,281
050,55,021,"Wisconsin","Columbia County",2,1,596,298,298
050,55,021,"Wisconsin","Columbia County",2,2,608,298,310
050,55,021,"Wisconsin","Columbia County",2,3,623,316,307
050,55,021,"Wisconsin","Columbia County",2,4,628,316,312
050,55,021,"Wisconsin","Columbia County",2,5,658,348,310
050,55,021,"Wisconsin","Columbia County",2,6,672,356,316
050,55,021,"Wisconsin","Columbia County",2,7,666,341,325
050,55,021,"Wisconsin","Columbia County",2,8,635,344,291
050,55,021,"Wisconsin","Columbia County",2,9,640,331,309
050,55,021,"Wisconsin","Columbia County",2,10,670,342,328
050,55,021,"Wisconsin","Columbia County",2,11,715,355,360
050,55,021,"Wisconsin","Columbia County",2,12,759,383,376
050,55,021,"Wisconsin","Columbia County",2,13,749,383,366
050,55,021,"Wisconsin","Columbia County",2,14,790,413,377
050,55,021,"Wisconsin","Columbia County",2,15,802,417,385
050,55,021,"Wisconsin","Columbia County",2,16,769,394,375
050,55,021,"Wisconsin","Columbia County",2,17,794,405,389
050,55,021,"Wisconsin","Columbia County",2,18,660,352,308
050,55,021,"Wisconsin","Columbia County",2,19,536,290,246
050,55,021,"Wisconsin","Columbia County",2,20,577,309,268
050,55,021,"Wisconsin","Columbia County",2,21,586,305,281
050,55,021,"Wisconsin","Columbia County",2,22,609,314,295
050,55,021,"Wisconsin","Columbia County",2,23,628,325,303
050,55,021,"Wisconsin","Columbia County",2,24,648,342,306
050,55,021,"Wisconsin","Columbia County",2,25,645,339,306
050,55,021,"Wisconsin","Columbia County",2,26,660,355,305
050,55,021,"Wisconsin","Columbia County",2,27,661,352,309
050,55,021,"Wisconsin","Columbia County",2,28,674,354,320
050,55,021,"Wisconsin","Columbia County",2,29,690,361,329
050,55,021,"Wisconsin","Columbia County",2,30,671,355,316
050,55,021,"Wisconsin","Columbia County",2,31,692,378,314
050,55,021,"Wisconsin","Columbia County",2,32,696,366,330
050,55,021,"Wisconsin","Columbia County",2,33,722,369,353
050,55,021,"Wisconsin","Columbia County",2,34,762,398,364
050,55,021,"Wisconsin","Columbia County",2,35,770,409,361
050,55,021,"Wisconsin","Columbia County",2,36,759,383,376
050,55,021,"Wisconsin","Columbia County",2,37,763,408,355
050,55,021,"Wisconsin","Columbia County",2,38,756,412,344
050,55,021,"Wisconsin","Columbia County",2,39,787,428,359
050,55,021,"Wisconsin","Columbia County",2,40,780,412,368
050,55,021,"Wisconsin","Columbia County",2,41,733,383,350
050,55,021,"Wisconsin","Columbia County",2,42,716,384,332
050,55,021,"Wisconsin","Columbia County",2,43,720,381,339
050,55,021,"Wisconsin","Columbia County",2,44,695,359,336
050,55,021,"Wisconsin","Columbia County",2,45,685,357,328
050,55,021,"Wisconsin","Columbia County",2,46,644,339,305
050,55,021,"Wisconsin","Columbia County",2,47,648,343,305
050,55,021,"Wisconsin","Columbia County",2,48,745,383,362
050,55,021,"Wisconsin","Columbia County",2,49,827,437,390
050,55,021,"Wisconsin","Columbia County",2,50,798,417,381
050,55,021,"Wisconsin","Columbia County",2,51,806,432,374
050,55,021,"Wisconsin","Columbia County",2,52,798,421,377
050,55,021,"Wisconsin","Columbia County",2,53,807,414,393
050,55,021,"Wisconsin","Columbia County",2,54,851,428,423
050,55,021,"Wisconsin","Columbia County",2,55,916,467,449
050,55,021,"Wisconsin","Columbia County",2,56,938,494,444
050,55,021,"Wisconsin","Columbia County",2,57,934,491,443
050,55,021,"Wisconsin","Columbia County",2,58,934,468,466
050,55,021,"Wisconsin","Columbia County",2,59,949,466,483
050,55,021,"Wisconsin","Columbia County",2,60,934,468,466
050,55,021,"Wisconsin","Columbia County",2,61,914,466,448
050,55,021,"Wisconsin","Columbia County",2,62,881,431,450
050,55,021,"Wisconsin","Columbia County",2,63,858,428,430
050,55,021,"Wisconsin","Columbia County",2,64,821,427,394
050,55,021,"Wisconsin","Columbia County",2,65,811,429,382
050,55,021,"Wisconsin","Columbia County",2,66,813,419,394
050,55,021,"Wisconsin","Columbia County",2,67,774,391,383
050,55,021,"Wisconsin","Columbia County",2,68,747,386,361
050,55,021,"Wisconsin","Columbia County",2,69,671,353,318
050,55,021,"Wisconsin","Columbia County",2,70,631,325,306
050,55,021,"Wisconsin","Columbia County",2,71,605,302,303
050,55,021,"Wisconsin","Columbia County",2,72,581,292,289
050,55,021,"Wisconsin","Columbia County",2,73,630,324,306
050,55,021,"Wisconsin","Columbia County",2,74,431,217,214
050,55,021,"Wisconsin","Columbia County",2,75,408,190,218
050,55,021,"Wisconsin","Columbia County",2,76,390,181,209
050,55,021,"Wisconsin","Columbia County",2,77,416,192,224
050,55,021,"Wisconsin","Columbia County",2,78,336,161,175
050,55,021,"Wisconsin","Columbia County",2,79,288,134,154
050,55,021,"Wisconsin","Columbia County",2,80,261,125,136
050,55,021,"Wisconsin","Columbia County",2,81,275,121,154
050,55,021,"Wisconsin","Columbia County",2,82,255,113,142
050,55,021,"Wisconsin","Columbia County",2,83,212,90,122
050,55,021,"Wisconsin","Columbia County",2,84,207,90,117
050,55,021,"Wisconsin","Columbia County",2,85,1147,384,763
050,55,021,"Wisconsin","Columbia County",3,0,565,286,279
050,55,021,"Wisconsin","Columbia County",3,1,592,315,277
050,55,021,"Wisconsin","Columbia County",3,2,608,305,303
050,55,021,"Wisconsin","Columbia County",3,3,607,297,310
050,55,021,"Wisconsin","Columbia County",3,4,616,307,309
050,55,021,"Wisconsin","Columbia County",3,5,626,315,311
050,55,021,"Wisconsin","Columbia County",3,6,636,327,309
050,55,021,"Wisconsin","Columbia County",3,7,677,363,314
050,55,021,"Wisconsin","Columbia County",3,8,652,335,317
050,55,021,"Wisconsin","Columbia County",3,9,635,330,305
050,55,021,"Wisconsin","Columbia County",3,10,645,335,310
050,55,021,"Wisconsin","Columbia County",3,11,673,342,331
050,55,021,"Wisconsin","Columbia County",3,12,717,353,364
050,55,021,"Wisconsin","Columbia County",3,13,765,378,387
050,55,021,"Wisconsin","Columbia County",3,14,773,394,379
050,55,021,"Wisconsin","Columbia County",3,15,815,424,391
050,55,021,"Wisconsin","Columbia County",3,16,788,412,376
050,55,021,"Wisconsin","Columbia County",3,17,799,409,390
050,55,021,"Wisconsin","Columbia County",3,18,649,340,309
050,55,021,"Wisconsin","Columbia County",3,19,527,281,246
050,55,021,"Wisconsin","Columbia County",3,20,533,288,245
050,55,021,"Wisconsin","Columbia County",3,21,606,321,285
050,55,021,"Wisconsin","Columbia County",3,22,603,300,303
050,55,021,"Wisconsin","Columbia County",3,23,634,334,300
050,55,021,"Wisconsin","Columbia County",3,24,618,319,299
050,55,021,"Wisconsin","Columbia County",3,25,649,357,292
050,55,021,"Wisconsin","Columbia County",3,26,639,331,308
050,55,021,"Wisconsin","Columbia County",3,27,688,371,317
050,55,021,"Wisconsin","Columbia County",3,28,705,375,330
050,55,021,"Wisconsin","Columbia County",3,29,689,371,318
050,55,021,"Wisconsin","Columbia County",3,30,693,359,334
050,55,021,"Wisconsin","Columbia County",3,31,706,384,322
050,55,021,"Wisconsin","Columbia County",3,32,691,386,305
050,55,021,"Wisconsin","Columbia County",3,33,713,369,344
050,55,021,"Wisconsin","Columbia County",3,34,731,375,356
050,55,021,"Wisconsin","Columbia County",3,35,775,414,361
050,55,021,"Wisconsin","Columbia County",3,36,752,389,363
050,55,021,"Wisconsin","Columbia County",3,37,762,385,377
050,55,021,"Wisconsin","Columbia County",3,38,774,416,358
050,55,021,"Wisconsin","Columbia County",3,39,755,418,337
050,55,021,"Wisconsin","Columbia County",3,40,787,421,366
050,55,021,"Wisconsin","Columbia County",3,41,782,413,369
050,55,021,"Wisconsin","Columbia County",3,42,745,399,346
050,55,021,"Wisconsin","Columbia County",3,43,720,384,336
050,55,021,"Wisconsin","Columbia County",3,44,712,373,339
050,55,021,"Wisconsin","Columbia County",3,45,699,356,343
050,55,021,"Wisconsin","Columbia County",3,46,679,354,325
050,55,021,"Wisconsin","Columbia County",3,47,628,328,300
050,55,021,"Wisconsin","Columbia County",3,48,648,347,301
050,55,021,"Wisconsin","Columbia County",3,49,762,394,368
050,55,021,"Wisconsin","Columbia County",3,50,812,422,390
050,55,021,"Wisconsin","Columbia County",3,51,812,426,386
050,55,021,"Wisconsin","Columbia County",3,52,809,428,381
050,55,021,"Wisconsin","Columbia County",3,53,801,429,372
050,55,021,"Wisconsin","Columbia County",3,54,822,421,401
050,55,021,"Wisconsin","Columbia County",3,55,850,424,426
050,55,021,"Wisconsin","Columbia County",3,56,915,472,443
050,55,021,"Wisconsin","Columbia County",3,57,940,494,446
050,55,021,"Wisconsin","Columbia County",3,58,921,484,437
050,55,021,"Wisconsin","Columbia County",3,59,916,458,458
050,55,021,"Wisconsin","Columbia County",3,60,945,463,482
050,55,021,"Wisconsin","Columbia County",3,61,910,461,449
050,55,021,"Wisconsin","Columbia County",3,62,897,447,450
050,55,021,"Wisconsin","Columbia County",3,63,854,410,444
050,55,021,"Wisconsin","Columbia County",3,64,839,418,421
050,55,021,"Wisconsin","Columbia County",3,65,812,418,394
050,55,021,"Wisconsin","Columbia County",3,66,782,415,367
050,55,021,"Wisconsin","Columbia County",3,67,792,407,385
050,55,021,"Wisconsin","Columbia County",3,68,773,394,379
050,55,021,"Wisconsin","Columbia County",3,69,727,367,360
050,55,021,"Wisconsin","Columbia County",3,70,653,345,308
050,55,021,"Wisconsin","Columbia County",3,71,615,321,294
050,55,021,"Wisconsin","Columbia County",3,72,576,286,290
050,55,021,"Wisconsin","Columbia County",3,73,577,287,290
050,55,021,"Wisconsin","Columbia County",3,74,600,313,287
050,55,021,"Wisconsin","Columbia County",3,75,417,195,222
050,55,021,"Wisconsin","Columbia County",3,76,389,189,200
050,55,021,"Wisconsin","Columbia County",3,77,367,166,201
050,55,021,"Wisconsin","Columbia County",3,78,398,186,212
050,55,021,"Wisconsin","Columbia County",3,79,309,144,165
050,55,021,"Wisconsin","Columbia County",3,80,267,124,143
050,55,021,"Wisconsin","Columbia County",3,81,252,113,139
050,55,021,"Wisconsin","Columbia County",3,82,263,108,155
050,55,021,"Wisconsin","Columbia County",3,83,236,111,125
050,55,021,"Wisconsin","Columbia County",3,84,194,83,111
050,55,021,"Wisconsin","Columbia County",3,85,1160,401,759
050,55,021,"Wisconsin","Columbia County",4,0,568,285,283
050,55,021,"Wisconsin","Columbia County",4,1,583,294,289
050,55,021,"Wisconsin","Columbia County",4,2,624,321,303
050,55,021,"Wisconsin","Columbia County",4,3,633,329,304
050,55,021,"Wisconsin","Columbia County",4,4,615,298,317
050,55,021,"Wisconsin","Columbia County",4,5,608,300,308
050,55,021,"Wisconsin","Columbia County",4,6,630,322,308
050,55,021,"Wisconsin","Columbia County",4,7,639,333,306
050,55,021,"Wisconsin","Columbia County",4,8,654,354,300
050,55,021,"Wisconsin","Columbia County",4,9,653,336,317
050,55,021,"Wisconsin","Columbia County",4,10,630,328,302
050,55,021,"Wisconsin","Columbia County",4,11,645,339,306
050,55,021,"Wisconsin","Columbia County",4,12,662,338,324
050,55,021,"Wisconsin","Columbia County",4,13,705,351,354
050,55,021,"Wisconsin","Columbia County",4,14,769,384,385
050,55,021,"Wisconsin","Columbia County",4,15,771,392,379
050,55,021,"Wisconsin","Columbia County",4,16,800,417,383
050,55,021,"Wisconsin","Columbia County",4,17,821,422,399
050,55,021,"Wisconsin","Columbia County",4,18,650,338,312
050,55,021,"Wisconsin","Columbia County",4,19,495,265,230
050,55,021,"Wisconsin","Columbia County",4,20,530,279,251
050,55,021,"Wisconsin","Columbia County",4,21,567,297,270
050,55,021,"Wisconsin","Columbia County",4,22,615,326,289
050,55,021,"Wisconsin","Columbia County",4,23,598,294,304
050,55,021,"Wisconsin","Columbia County",4,24,650,353,297
050,55,021,"Wisconsin","Columbia County",4,25,602,317,285
050,55,021,"Wisconsin","Columbia County",4,26,646,341,305
050,55,021,"Wisconsin","Columbia County",4,27,635,325,310
050,55,021,"Wisconsin","Columbia County",4,28,693,381,312
050,55,021,"Wisconsin","Columbia County",4,29,701,370,331
050,55,021,"Wisconsin","Columbia County",4,30,730,390,340
050,55,021,"Wisconsin","Columbia County",4,31,700,362,338
050,55,021,"Wisconsin","Columbia County",4,32,684,371,313
050,55,021,"Wisconsin","Columbia County",4,33,673,361,312
050,55,021,"Wisconsin","Columbia County",4,34,727,376,351
050,55,021,"Wisconsin","Columbia County",4,35,748,396,352
050,55,021,"Wisconsin","Columbia County",4,36,771,403,368
050,55,021,"Wisconsin","Columbia County",4,37,744,390,354
050,55,021,"Wisconsin","Columbia County",4,38,767,383,384
050,55,021,"Wisconsin","Columbia County",4,39,793,433,360
050,55,021,"Wisconsin","Columbia County",4,40,736,401,335
050,55,021,"Wisconsin","Columbia County",4,41,791,425,366
050,55,021,"Wisconsin","Columbia County",4,42,778,420,358
050,55,021,"Wisconsin","Columbia County",4,43,743,383,360
050,55,021,"Wisconsin","Columbia County",4,44,715,379,336
050,55,021,"Wisconsin","Columbia County",4,45,719,378,341
050,55,021,"Wisconsin","Columbia County",4,46,693,351,342
050,55,021,"Wisconsin","Columbia County",4,47,667,349,318
050,55,021,"Wisconsin","Columbia County",4,48,622,328,294
050,55,021,"Wisconsin","Columbia County",4,49,666,357,309
050,55,021,"Wisconsin","Columbia County",4,50,751,383,368
050,55,021,"Wisconsin","Columbia County",4,51,812,425,387
050,55,021,"Wisconsin","Columbia County",4,52,812,414,398
050,55,021,"Wisconsin","Columbia County",4,53,802,427,375
050,55,021,"Wisconsin","Columbia County",4,54,824,453,371
050,55,021,"Wisconsin","Columbia County",4,55,823,410,413
050,55,021,"Wisconsin","Columbia County",4,56,837,421,416
050,55,021,"Wisconsin","Columbia County",4,57,903,466,437
050,55,021,"Wisconsin","Columbia County",4,58,948,494,454
050,55,021,"Wisconsin","Columbia County",4,59,910,476,434
050,55,021,"Wisconsin","Columbia County",4,60,907,448,459
050,55,021,"Wisconsin","Columbia County",4,61,937,465,472
050,55,021,"Wisconsin","Columbia County",4,62,896,443,453
050,55,021,"Wisconsin","Columbia County",4,63,901,446,455
050,55,021,"Wisconsin","Columbia County",4,64,842,403,439
050,55,021,"Wisconsin","Columbia County",4,65,828,410,418
050,55,021,"Wisconsin","Columbia County",4,66,799,408,391
050,55,021,"Wisconsin","Columbia County",4,67,775,410,365
050,55,021,"Wisconsin","Columbia County",4,68,796,416,380
050,55,021,"Wisconsin","Columbia County",4,69,741,372,369
050,55,021,"Wisconsin","Columbia County",4,70,702,354,348
050,55,021,"Wisconsin","Columbia County",4,71,643,341,302
050,55,021,"Wisconsin","Columbia County",4,72,603,324,279
050,55,021,"Wisconsin","Columbia County",4,73,569,279,290
050,55,021,"Wisconsin","Columbia County",4,74,552,274,278
050,55,021,"Wisconsin","Columbia County",4,75,585,295,290
050,55,021,"Wisconsin","Columbia County",4,76,397,191,206
050,55,021,"Wisconsin","Columbia County",4,77,369,175,194
050,55,021,"Wisconsin","Columbia County",4,78,356,165,191
050,55,021,"Wisconsin","Columbia County",4,79,383,170,213
050,55,021,"Wisconsin","Columbia County",4,80,292,135,157
050,55,021,"Wisconsin","Columbia County",4,81,260,115,145
050,55,021,"Wisconsin","Columbia County",4,82,232,99,133
050,55,021,"Wisconsin","Columbia County",4,83,238,105,133
050,55,021,"Wisconsin","Columbia County",4,84,215,99,116
050,55,021,"Wisconsin","Columbia County",4,85,1129,389,740
050,55,021,"Wisconsin","Columbia County",5,0,559,279,280
050,55,021,"Wisconsin","Columbia County",5,1,578,285,293
050,55,021,"Wisconsin","Columbia County",5,2,570,294,276
050,55,021,"Wisconsin","Columbia County",5,3,625,316,309
050,55,021,"Wisconsin","Columbia County",5,4,630,321,309
050,55,021,"Wisconsin","Columbia County",5,5,613,293,320
050,55,021,"Wisconsin","Columbia County",5,6,594,302,292
050,55,021,"Wisconsin","Columbia County",5,7,638,317,321
050,55,021,"Wisconsin","Columbia County",5,8,639,335,304
050,55,021,"Wisconsin","Columbia County",5,9,656,359,297
050,55,021,"Wisconsin","Columbia County",5,10,649,328,321
050,55,021,"Wisconsin","Columbia County",5,11,617,328,289
050,55,021,"Wisconsin","Columbia County",5,12,645,338,307
050,55,021,"Wisconsin","Columbia County",5,13,657,339,318
050,55,021,"Wisconsin","Columbia County",5,14,710,357,353
050,55,021,"Wisconsin","Columbia County",5,15,771,380,391
050,55,021,"Wisconsin","Columbia County",5,16,758,385,373
050,55,021,"Wisconsin","Columbia County",5,17,806,423,383
050,55,021,"Wisconsin","Columbia County",5,18,653,333,320
050,55,021,"Wisconsin","Columbia County",5,19,495,265,230
050,55,021,"Wisconsin","Columbia County",5,20,508,267,241
050,55,021,"Wisconsin","Columbia County",5,21,574,297,277
050,55,021,"Wisconsin","Columbia County",5,22,593,306,287
050,55,021,"Wisconsin","Columbia County",5,23,643,335,308
050,55,021,"Wisconsin","Columbia County",5,24,605,307,298
050,55,021,"Wisconsin","Columbia County",5,25,643,350,293
050,55,021,"Wisconsin","Columbia County",5,26,601,322,279
050,55,021,"Wisconsin","Columbia County",5,27,661,348,313
050,55,021,"Wisconsin","Columbia County",5,28,660,339,321
050,55,021,"Wisconsin","Columbia County",5,29,703,377,326
050,55,021,"Wisconsin","Columbia County",5,30,698,366,332
050,55,021,"Wisconsin","Columbia County",5,31,737,390,347
050,55,021,"Wisconsin","Columbia County",5,32,706,367,339
050,55,021,"Wisconsin","Columbia County",5,33,684,365,319
050,55,021,"Wisconsin","Columbia County",5,34,681,364,317
050,55,021,"Wisconsin","Columbia County",5,35,727,384,343
050,55,021,"Wisconsin","Columbia County",5,36,734,393,341
050,55,021,"Wisconsin","Columbia County",5,37,768,394,374
050,55,021,"Wisconsin","Columbia County",5,38,745,387,358
050,55,021,"Wisconsin","Columbia County",5,39,789,394,395
050,55,021,"Wisconsin","Columbia County",5,40,773,412,361
050,55,021,"Wisconsin","Columbia County",5,41,755,409,346
050,55,021,"Wisconsin","Columbia County",5,42,793,434,359
050,55,021,"Wisconsin","Columbia County",5,43,796,430,366
050,55,021,"Wisconsin","Columbia County",5,44,755,394,361
050,55,021,"Wisconsin","Columbia County",5,45,705,371,334
050,55,021,"Wisconsin","Columbia County",5,46,746,390,356
050,55,021,"Wisconsin","Columbia County",5,47,672,336,336
050,55,021,"Wisconsin","Columbia County",5,48,665,349,316
050,55,021,"Wisconsin","Columbia County",5,49,625,328,297
050,55,021,"Wisconsin","Columbia County",5,50,661,348,313
050,55,021,"Wisconsin","Columbia County",5,51,746,384,362
050,55,021,"Wisconsin","Columbia County",5,52,803,415,388
050,55,021,"Wisconsin","Columbia County",5,53,820,415,405
050,55,021,"Wisconsin","Columbia County",5,54,801,425,376
050,55,021,"Wisconsin","Columbia County",5,55,814,440,374
050,55,021,"Wisconsin","Columbia County",5,56,823,419,404
050,55,021,"Wisconsin","Columbia County",5,57,820,416,404
050,55,021,"Wisconsin","Columbia County",5,58,921,467,454
050,55,021,"Wisconsin","Columbia County",5,59,936,483,453
050,55,021,"Wisconsin","Columbia County",5,60,927,478,449
050,55,021,"Wisconsin","Columbia County",5,61,900,450,450
050,55,021,"Wisconsin","Columbia County",5,62,938,462,476
050,55,021,"Wisconsin","Columbia County",5,63,889,444,445
050,55,021,"Wisconsin","Columbia County",5,64,892,435,457
050,55,021,"Wisconsin","Columbia County",5,65,850,404,446
050,55,021,"Wisconsin","Columbia County",5,66,806,398,408
050,55,021,"Wisconsin","Columbia County",5,67,786,402,384
050,55,021,"Wisconsin","Columbia County",5,68,768,414,354
050,55,021,"Wisconsin","Columbia County",5,69,768,393,375
050,55,021,"Wisconsin","Columbia County",5,70,721,362,359
050,55,021,"Wisconsin","Columbia County",5,71,692,351,341
050,55,021,"Wisconsin","Columbia County",5,72,632,335,297
050,55,021,"Wisconsin","Columbia County",5,73,595,320,275
050,55,021,"Wisconsin","Columbia County",5,74,544,270,274
050,55,021,"Wisconsin","Columbia County",5,75,532,258,274
050,55,021,"Wisconsin","Columbia County",5,76,564,291,273
050,55,021,"Wisconsin","Columbia County",5,77,379,180,199
050,55,021,"Wisconsin","Columbia County",5,78,352,171,181
050,55,021,"Wisconsin","Columbia County",5,79,337,149,188
050,55,021,"Wisconsin","Columbia County",5,80,363,158,205
050,55,021,"Wisconsin","Columbia County",5,81,285,122,163
050,55,021,"Wisconsin","Columbia County",5,82,249,112,137
050,55,021,"Wisconsin","Columbia County",5,83,210,95,115
050,55,021,"Wisconsin","Columbia County",5,84,215,93,122
050,55,021,"Wisconsin","Columbia County",5,85,1144,413,731
050,55,023,"Wisconsin","Crawford County",1,0,157,81,76
050,55,023,"Wisconsin","Crawford County",1,1,167,82,85
050,55,023,"Wisconsin","Crawford County",1,2,141,74,67
050,55,023,"Wisconsin","Crawford County",1,3,161,89,72
050,55,023,"Wisconsin","Crawford County",1,4,153,70,83
050,55,023,"Wisconsin","Crawford County",1,5,153,82,71
050,55,023,"Wisconsin","Crawford County",1,6,159,78,81
050,55,023,"Wisconsin","Crawford County",1,7,166,90,76
050,55,023,"Wisconsin","Crawford County",1,8,167,91,76
050,55,023,"Wisconsin","Crawford County",1,9,163,87,76
050,55,023,"Wisconsin","Crawford County",1,10,185,94,91
050,55,023,"Wisconsin","Crawford County",1,11,203,98,105
050,55,023,"Wisconsin","Crawford County",1,12,196,107,89
050,55,023,"Wisconsin","Crawford County",1,13,205,107,98
050,55,023,"Wisconsin","Crawford County",1,14,222,117,105
050,55,023,"Wisconsin","Crawford County",1,15,196,99,97
050,55,023,"Wisconsin","Crawford County",1,16,207,110,97
050,55,023,"Wisconsin","Crawford County",1,17,220,115,105
050,55,023,"Wisconsin","Crawford County",1,18,185,105,80
050,55,023,"Wisconsin","Crawford County",1,19,164,97,67
050,55,023,"Wisconsin","Crawford County",1,20,161,92,69
050,55,023,"Wisconsin","Crawford County",1,21,159,92,67
050,55,023,"Wisconsin","Crawford County",1,22,160,92,68
050,55,023,"Wisconsin","Crawford County",1,23,170,105,65
050,55,023,"Wisconsin","Crawford County",1,24,175,113,62
050,55,023,"Wisconsin","Crawford County",1,25,159,99,60
050,55,023,"Wisconsin","Crawford County",1,26,173,96,77
050,55,023,"Wisconsin","Crawford County",1,27,171,94,77
050,55,023,"Wisconsin","Crawford County",1,28,155,96,59
050,55,023,"Wisconsin","Crawford County",1,29,156,93,63
050,55,023,"Wisconsin","Crawford County",1,30,158,84,74
050,55,023,"Wisconsin","Crawford County",1,31,145,80,65
050,55,023,"Wisconsin","Crawford County",1,32,150,80,70
050,55,023,"Wisconsin","Crawford County",1,33,160,86,74
050,55,023,"Wisconsin","Crawford County",1,34,178,93,85
050,55,023,"Wisconsin","Crawford County",1,35,181,93,88
050,55,023,"Wisconsin","Crawford County",1,36,171,84,87
050,55,023,"Wisconsin","Crawford County",1,37,176,86,90
050,55,023,"Wisconsin","Crawford County",1,38,183,98,85
050,55,023,"Wisconsin","Crawford County",1,39,201,110,91
050,55,023,"Wisconsin","Crawford County",1,40,191,104,87
050,55,023,"Wisconsin","Crawford County",1,41,194,107,87
050,55,023,"Wisconsin","Crawford County",1,42,188,98,90
050,55,023,"Wisconsin","Crawford County",1,43,171,89,82
050,55,023,"Wisconsin","Crawford County",1,44,159,77,82
050,55,023,"Wisconsin","Crawford County",1,45,143,78,65
050,55,023,"Wisconsin","Crawford County",1,46,160,92,68
050,55,023,"Wisconsin","Crawford County",1,47,161,83,78
050,55,023,"Wisconsin","Crawford County",1,48,182,107,75
050,55,023,"Wisconsin","Crawford County",1,49,207,115,92
050,55,023,"Wisconsin","Crawford County",1,50,180,91,89
050,55,023,"Wisconsin","Crawford County",1,51,195,112,83
050,55,023,"Wisconsin","Crawford County",1,52,192,103,89
050,55,023,"Wisconsin","Crawford County",1,53,206,115,91
050,55,023,"Wisconsin","Crawford County",1,54,235,120,115
050,55,023,"Wisconsin","Crawford County",1,55,229,109,120
050,55,023,"Wisconsin","Crawford County",1,56,243,123,120
050,55,023,"Wisconsin","Crawford County",1,57,257,124,133
050,55,023,"Wisconsin","Crawford County",1,58,265,138,127
050,55,023,"Wisconsin","Crawford County",1,59,276,140,136
050,55,023,"Wisconsin","Crawford County",1,60,268,134,134
050,55,023,"Wisconsin","Crawford County",1,61,257,132,125
050,55,023,"Wisconsin","Crawford County",1,62,250,124,126
050,55,023,"Wisconsin","Crawford County",1,63,272,138,134
050,55,023,"Wisconsin","Crawford County",1,64,243,122,121
050,55,023,"Wisconsin","Crawford County",1,65,232,107,125
050,55,023,"Wisconsin","Crawford County",1,66,254,130,124
050,55,023,"Wisconsin","Crawford County",1,67,265,135,130
050,55,023,"Wisconsin","Crawford County",1,68,260,138,122
050,55,023,"Wisconsin","Crawford County",1,69,252,140,112
050,55,023,"Wisconsin","Crawford County",1,70,228,122,106
050,55,023,"Wisconsin","Crawford County",1,71,211,105,106
050,55,023,"Wisconsin","Crawford County",1,72,212,104,108
050,55,023,"Wisconsin","Crawford County",1,73,203,106,97
050,55,023,"Wisconsin","Crawford County",1,74,148,65,83
050,55,023,"Wisconsin","Crawford County",1,75,148,65,83
050,55,023,"Wisconsin","Crawford County",1,76,145,75,70
050,55,023,"Wisconsin","Crawford County",1,77,149,75,74
050,55,023,"Wisconsin","Crawford County",1,78,156,71,85
050,55,023,"Wisconsin","Crawford County",1,79,139,66,73
050,55,023,"Wisconsin","Crawford County",1,80,120,57,63
050,55,023,"Wisconsin","Crawford County",1,81,100,54,46
050,55,023,"Wisconsin","Crawford County",1,82,100,54,46
050,55,023,"Wisconsin","Crawford County",1,83,73,41,32
050,55,023,"Wisconsin","Crawford County",1,84,64,28,36
050,55,023,"Wisconsin","Crawford County",1,85,419,161,258
050,55,023,"Wisconsin","Crawford County",2,0,157,73,84
050,55,023,"Wisconsin","Crawford County",2,1,162,80,82
050,55,023,"Wisconsin","Crawford County",2,2,149,76,73
050,55,023,"Wisconsin","Crawford County",2,3,154,84,70
050,55,023,"Wisconsin","Crawford County",2,4,155,74,81
050,55,023,"Wisconsin","Crawford County",2,5,155,80,75
050,55,023,"Wisconsin","Crawford County",2,6,158,81,77
050,55,023,"Wisconsin","Crawford County",2,7,166,89,77
050,55,023,"Wisconsin","Crawford County",2,8,168,93,75
050,55,023,"Wisconsin","Crawford County",2,9,162,88,74
050,55,023,"Wisconsin","Crawford County",2,10,180,93,87
050,55,023,"Wisconsin","Crawford County",2,11,197,96,101
050,55,023,"Wisconsin","Crawford County",2,12,200,105,95
050,55,023,"Wisconsin","Crawford County",2,13,202,106,96
050,55,023,"Wisconsin","Crawford County",2,14,218,115,103
050,55,023,"Wisconsin","Crawford County",2,15,202,104,98
050,55,023,"Wisconsin","Crawford County",2,16,207,108,99
050,55,023,"Wisconsin","Crawford County",2,17,216,113,103
050,55,023,"Wisconsin","Crawford County",2,18,184,104,80
050,55,023,"Wisconsin","Crawford County",2,19,166,100,66
050,55,023,"Wisconsin","Crawford County",2,20,164,94,70
050,55,023,"Wisconsin","Crawford County",2,21,159,92,67
050,55,023,"Wisconsin","Crawford County",2,22,161,93,68
050,55,023,"Wisconsin","Crawford County",2,23,170,105,65
050,55,023,"Wisconsin","Crawford County",2,24,171,109,62
050,55,023,"Wisconsin","Crawford County",2,25,162,100,62
050,55,023,"Wisconsin","Crawford County",2,26,170,98,72
050,55,023,"Wisconsin","Crawford County",2,27,168,93,75
050,55,023,"Wisconsin","Crawford County",2,28,160,96,64
050,55,023,"Wisconsin","Crawford County",2,29,155,92,63
050,55,023,"Wisconsin","Crawford County",2,30,158,86,72
050,55,023,"Wisconsin","Crawford County",2,31,147,79,68
050,55,023,"Wisconsin","Crawford County",2,32,148,78,70
050,55,023,"Wisconsin","Crawford County",2,33,159,86,73
050,55,023,"Wisconsin","Crawford County",2,34,177,94,83
050,55,023,"Wisconsin","Crawford County",2,35,178,90,88
050,55,023,"Wisconsin","Crawford County",2,36,173,87,86
050,55,023,"Wisconsin","Crawford County",2,37,175,85,90
050,55,023,"Wisconsin","Crawford County",2,38,181,94,87
050,55,023,"Wisconsin","Crawford County",2,39,200,110,90
050,55,023,"Wisconsin","Crawford County",2,40,193,105,88
050,55,023,"Wisconsin","Crawford County",2,41,190,105,85
050,55,023,"Wisconsin","Crawford County",2,42,185,97,88
050,55,023,"Wisconsin","Crawford County",2,43,175,91,84
050,55,023,"Wisconsin","Crawford County",2,44,163,81,82
050,55,023,"Wisconsin","Crawford County",2,45,146,77,69
050,55,023,"Wisconsin","Crawford County",2,46,157,89,68
050,55,023,"Wisconsin","Crawford County",2,47,160,85,75
050,55,023,"Wisconsin","Crawford County",2,48,179,102,77
050,55,023,"Wisconsin","Crawford County",2,49,204,114,90
050,55,023,"Wisconsin","Crawford County",2,50,184,95,89
050,55,023,"Wisconsin","Crawford County",2,51,190,106,84
050,55,023,"Wisconsin","Crawford County",2,52,193,106,87
050,55,023,"Wisconsin","Crawford County",2,53,205,113,92
050,55,023,"Wisconsin","Crawford County",2,54,226,117,109
050,55,023,"Wisconsin","Crawford County",2,55,230,112,118
050,55,023,"Wisconsin","Crawford County",2,56,240,120,120
050,55,023,"Wisconsin","Crawford County",2,57,252,122,130
050,55,023,"Wisconsin","Crawford County",2,58,261,133,128
050,55,023,"Wisconsin","Crawford County",2,59,275,140,135
050,55,023,"Wisconsin","Crawford County",2,60,268,134,134
050,55,023,"Wisconsin","Crawford County",2,61,257,130,127
050,55,023,"Wisconsin","Crawford County",2,62,252,126,126
050,55,023,"Wisconsin","Crawford County",2,63,268,136,132
050,55,023,"Wisconsin","Crawford County",2,64,248,124,124
050,55,023,"Wisconsin","Crawford County",2,65,235,111,124
050,55,023,"Wisconsin","Crawford County",2,66,249,125,124
050,55,023,"Wisconsin","Crawford County",2,67,260,132,128
050,55,023,"Wisconsin","Crawford County",2,68,259,135,124
050,55,023,"Wisconsin","Crawford County",2,69,254,139,115
050,55,023,"Wisconsin","Crawford County",2,70,232,125,107
050,55,023,"Wisconsin","Crawford County",2,71,218,111,107
050,55,023,"Wisconsin","Crawford County",2,72,207,102,105
050,55,023,"Wisconsin","Crawford County",2,73,214,111,103
050,55,023,"Wisconsin","Crawford County",2,74,150,69,81
050,55,023,"Wisconsin","Crawford County",2,75,146,65,81
050,55,023,"Wisconsin","Crawford County",2,76,144,71,73
050,55,023,"Wisconsin","Crawford County",2,77,150,76,74
050,55,023,"Wisconsin","Crawford County",2,78,153,71,82
050,55,023,"Wisconsin","Crawford County",2,79,139,66,73
050,55,023,"Wisconsin","Crawford County",2,80,122,56,66
050,55,023,"Wisconsin","Crawford County",2,81,102,54,48
050,55,023,"Wisconsin","Crawford County",2,82,101,53,48
050,55,023,"Wisconsin","Crawford County",2,83,76,43,33
050,55,023,"Wisconsin","Crawford County",2,84,65,30,35
050,55,023,"Wisconsin","Crawford County",2,85,414,161,253
050,55,023,"Wisconsin","Crawford County",3,0,156,83,73
050,55,023,"Wisconsin","Crawford County",3,1,158,77,81
050,55,023,"Wisconsin","Crawford County",3,2,161,84,77
050,55,023,"Wisconsin","Crawford County",3,3,150,73,77
050,55,023,"Wisconsin","Crawford County",3,4,149,76,73
050,55,023,"Wisconsin","Crawford County",3,5,163,85,78
050,55,023,"Wisconsin","Crawford County",3,6,153,80,73
050,55,023,"Wisconsin","Crawford County",3,7,163,89,74
050,55,023,"Wisconsin","Crawford County",3,8,166,90,76
050,55,023,"Wisconsin","Crawford County",3,9,175,94,81
050,55,023,"Wisconsin","Crawford County",3,10,157,87,70
050,55,023,"Wisconsin","Crawford County",3,11,174,92,82
050,55,023,"Wisconsin","Crawford County",3,12,198,100,98
050,55,023,"Wisconsin","Crawford County",3,13,199,103,96
050,55,023,"Wisconsin","Crawford County",3,14,204,111,93
050,55,023,"Wisconsin","Crawford County",3,15,219,116,103
050,55,023,"Wisconsin","Crawford County",3,16,207,110,97
050,55,023,"Wisconsin","Crawford County",3,17,217,112,105
050,55,023,"Wisconsin","Crawford County",3,18,193,103,90
050,55,023,"Wisconsin","Crawford County",3,19,156,98,58
050,55,023,"Wisconsin","Crawford County",3,20,169,98,71
050,55,023,"Wisconsin","Crawford County",3,21,154,94,60
050,55,023,"Wisconsin","Crawford County",3,22,162,97,65
050,55,023,"Wisconsin","Crawford County",3,23,177,106,71
050,55,023,"Wisconsin","Crawford County",3,24,171,106,65
050,55,023,"Wisconsin","Crawford County",3,25,150,96,54
050,55,023,"Wisconsin","Crawford County",3,26,182,115,67
050,55,023,"Wisconsin","Crawford County",3,27,151,81,70
050,55,023,"Wisconsin","Crawford County",3,28,174,96,78
050,55,023,"Wisconsin","Crawford County",3,29,151,89,62
050,55,023,"Wisconsin","Crawford County",3,30,161,95,66
050,55,023,"Wisconsin","Crawford County",3,31,156,87,69
050,55,023,"Wisconsin","Crawford County",3,32,140,72,68
050,55,023,"Wisconsin","Crawford County",3,33,160,88,72
050,55,023,"Wisconsin","Crawford County",3,34,172,96,76
050,55,023,"Wisconsin","Crawford County",3,35,168,89,79
050,55,023,"Wisconsin","Crawford County",3,36,182,95,87
050,55,023,"Wisconsin","Crawford County",3,37,168,82,86
050,55,023,"Wisconsin","Crawford County",3,38,170,82,88
050,55,023,"Wisconsin","Crawford County",3,39,194,105,89
050,55,023,"Wisconsin","Crawford County",3,40,200,107,93
050,55,023,"Wisconsin","Crawford County",3,41,190,103,87
050,55,023,"Wisconsin","Crawford County",3,42,191,99,92
050,55,023,"Wisconsin","Crawford County",3,43,187,98,89
050,55,023,"Wisconsin","Crawford County",3,44,184,98,86
050,55,023,"Wisconsin","Crawford County",3,45,158,79,79
050,55,023,"Wisconsin","Crawford County",3,46,156,82,74
050,55,023,"Wisconsin","Crawford County",3,47,152,88,64
050,55,023,"Wisconsin","Crawford County",3,48,168,91,77
050,55,023,"Wisconsin","Crawford County",3,49,185,105,80
050,55,023,"Wisconsin","Crawford County",3,50,202,114,88
050,55,023,"Wisconsin","Crawford County",3,51,184,95,89
050,55,023,"Wisconsin","Crawford County",3,52,191,106,85
050,55,023,"Wisconsin","Crawford County",3,53,187,104,83
050,55,023,"Wisconsin","Crawford County",3,54,218,119,99
050,55,023,"Wisconsin","Crawford County",3,55,223,115,108
050,55,023,"Wisconsin","Crawford County",3,56,234,117,117
050,55,023,"Wisconsin","Crawford County",3,57,232,116,116
050,55,023,"Wisconsin","Crawford County",3,58,263,127,136
050,55,023,"Wisconsin","Crawford County",3,59,262,132,130
050,55,023,"Wisconsin","Crawford County",3,60,278,145,133
050,55,023,"Wisconsin","Crawford County",3,61,272,132,140
050,55,023,"Wisconsin","Crawford County",3,62,270,136,134
050,55,023,"Wisconsin","Crawford County",3,63,247,125,122
050,55,023,"Wisconsin","Crawford County",3,64,270,140,130
050,55,023,"Wisconsin","Crawford County",3,65,251,126,125
050,55,023,"Wisconsin","Crawford County",3,66,238,116,122
050,55,023,"Wisconsin","Crawford County",3,67,240,116,124
050,55,023,"Wisconsin","Crawford County",3,68,260,134,126
050,55,023,"Wisconsin","Crawford County",3,69,255,133,122
050,55,023,"Wisconsin","Crawford County",3,70,255,140,115
050,55,023,"Wisconsin","Crawford County",3,71,230,122,108
050,55,023,"Wisconsin","Crawford County",3,72,211,106,105
050,55,023,"Wisconsin","Crawford County",3,73,205,103,102
050,55,023,"Wisconsin","Crawford County",3,74,210,110,100
050,55,023,"Wisconsin","Crawford County",3,75,142,67,75
050,55,023,"Wisconsin","Crawford County",3,76,142,61,81
050,55,023,"Wisconsin","Crawford County",3,77,135,67,68
050,55,023,"Wisconsin","Crawford County",3,78,143,71,72
050,55,023,"Wisconsin","Crawford County",3,79,135,64,71
050,55,023,"Wisconsin","Crawford County",3,80,135,64,71
050,55,023,"Wisconsin","Crawford County",3,81,109,49,60
050,55,023,"Wisconsin","Crawford County",3,82,104,51,53
050,55,023,"Wisconsin","Crawford County",3,83,86,49,37
050,55,023,"Wisconsin","Crawford County",3,84,68,33,35
050,55,023,"Wisconsin","Crawford County",3,85,409,162,247
050,55,023,"Wisconsin","Crawford County",4,0,159,80,79
050,55,023,"Wisconsin","Crawford County",4,1,158,85,73
050,55,023,"Wisconsin","Crawford County",4,2,154,76,78
050,55,023,"Wisconsin","Crawford County",4,3,163,84,79
050,55,023,"Wisconsin","Crawford County",4,4,150,72,78
050,55,023,"Wisconsin","Crawford County",4,5,155,79,76
050,55,023,"Wisconsin","Crawford County",4,6,162,79,83
050,55,023,"Wisconsin","Crawford County",4,7,147,77,70
050,55,023,"Wisconsin","Crawford County",4,8,165,89,76
050,55,023,"Wisconsin","Crawford County",4,9,167,83,84
050,55,023,"Wisconsin","Crawford County",4,10,179,97,82
050,55,023,"Wisconsin","Crawford County",4,11,156,85,71
050,55,023,"Wisconsin","Crawford County",4,12,168,90,78
050,55,023,"Wisconsin","Crawford County",4,13,193,97,96
050,55,023,"Wisconsin","Crawford County",4,14,198,100,98
050,55,023,"Wisconsin","Crawford County",4,15,206,110,96
050,55,023,"Wisconsin","Crawford County",4,16,220,123,97
050,55,023,"Wisconsin","Crawford County",4,17,205,112,93
050,55,023,"Wisconsin","Crawford County",4,18,180,99,81
050,55,023,"Wisconsin","Crawford County",4,19,164,95,69
050,55,023,"Wisconsin","Crawford County",4,20,148,88,60
050,55,023,"Wisconsin","Crawford County",4,21,167,97,70
050,55,023,"Wisconsin","Crawford County",4,22,166,101,65
050,55,023,"Wisconsin","Crawford County",4,23,161,96,65
050,55,023,"Wisconsin","Crawford County",4,24,174,100,74
050,55,023,"Wisconsin","Crawford County",4,25,166,102,64
050,55,023,"Wisconsin","Crawford County",4,26,152,99,53
050,55,023,"Wisconsin","Crawford County",4,27,168,102,66
050,55,023,"Wisconsin","Crawford County",4,28,164,90,74
050,55,023,"Wisconsin","Crawford County",4,29,153,81,72
050,55,023,"Wisconsin","Crawford County",4,30,164,91,73
050,55,023,"Wisconsin","Crawford County",4,31,155,87,68
050,55,023,"Wisconsin","Crawford County",4,32,160,89,71
050,55,023,"Wisconsin","Crawford County",4,33,160,87,73
050,55,023,"Wisconsin","Crawford County",4,34,163,93,70
050,55,023,"Wisconsin","Crawford County",4,35,156,85,71
050,55,023,"Wisconsin","Crawford County",4,36,164,88,76
050,55,023,"Wisconsin","Crawford County",4,37,183,96,87
050,55,023,"Wisconsin","Crawford County",4,38,171,86,85
050,55,023,"Wisconsin","Crawford County",4,39,179,94,85
050,55,023,"Wisconsin","Crawford County",4,40,184,93,91
050,55,023,"Wisconsin","Crawford County",4,41,191,101,90
050,55,023,"Wisconsin","Crawford County",4,42,186,94,92
050,55,023,"Wisconsin","Crawford County",4,43,190,98,92
050,55,023,"Wisconsin","Crawford County",4,44,193,104,89
050,55,023,"Wisconsin","Crawford County",4,45,176,89,87
050,55,023,"Wisconsin","Crawford County",4,46,157,81,76
050,55,023,"Wisconsin","Crawford County",4,47,146,76,70
050,55,023,"Wisconsin","Crawford County",4,48,157,91,66
050,55,023,"Wisconsin","Crawford County",4,49,174,91,83
050,55,023,"Wisconsin","Crawford County",4,50,183,101,82
050,55,023,"Wisconsin","Crawford County",4,51,196,113,83
050,55,023,"Wisconsin","Crawford County",4,52,185,96,89
050,55,023,"Wisconsin","Crawford County",4,53,185,103,82
050,55,023,"Wisconsin","Crawford County",4,54,187,109,78
050,55,023,"Wisconsin","Crawford County",4,55,226,123,103
050,55,023,"Wisconsin","Crawford County",4,56,220,115,105
050,55,023,"Wisconsin","Crawford County",4,57,232,116,116
050,55,023,"Wisconsin","Crawford County",4,58,236,118,118
050,55,023,"Wisconsin","Crawford County",4,59,271,130,141
050,55,023,"Wisconsin","Crawford County",4,60,267,132,135
050,55,023,"Wisconsin","Crawford County",4,61,290,149,141
050,55,023,"Wisconsin","Crawford County",4,62,274,134,140
050,55,023,"Wisconsin","Crawford County",4,63,267,139,128
050,55,023,"Wisconsin","Crawford County",4,64,249,125,124
050,55,023,"Wisconsin","Crawford County",4,65,273,139,134
050,55,023,"Wisconsin","Crawford County",4,66,258,125,133
050,55,023,"Wisconsin","Crawford County",4,67,237,115,122
050,55,023,"Wisconsin","Crawford County",4,68,245,119,126
050,55,023,"Wisconsin","Crawford County",4,69,257,130,127
050,55,023,"Wisconsin","Crawford County",4,70,252,130,122
050,55,023,"Wisconsin","Crawford County",4,71,253,142,111
050,55,023,"Wisconsin","Crawford County",4,72,222,115,107
050,55,023,"Wisconsin","Crawford County",4,73,204,102,102
050,55,023,"Wisconsin","Crawford County",4,74,198,97,101
050,55,023,"Wisconsin","Crawford County",4,75,203,106,97
050,55,023,"Wisconsin","Crawford County",4,76,137,66,71
050,55,023,"Wisconsin","Crawford County",4,77,133,57,76
050,55,023,"Wisconsin","Crawford County",4,78,137,65,72
050,55,023,"Wisconsin","Crawford County",4,79,129,67,62
050,55,023,"Wisconsin","Crawford County",4,80,122,57,65
050,55,023,"Wisconsin","Crawford County",4,81,126,60,66
050,55,023,"Wisconsin","Crawford County",4,82,107,49,58
050,55,023,"Wisconsin","Crawford County",4,83,91,43,48
050,55,023,"Wisconsin","Crawford County",4,84,80,43,37
050,55,023,"Wisconsin","Crawford County",4,85,406,167,239
050,55,023,"Wisconsin","Crawford County",5,0,160,80,80
050,55,023,"Wisconsin","Crawford County",5,1,157,78,79
050,55,023,"Wisconsin","Crawford County",5,2,157,84,73
050,55,023,"Wisconsin","Crawford County",5,3,152,75,77
050,55,023,"Wisconsin","Crawford County",5,4,167,84,83
050,55,023,"Wisconsin","Crawford County",5,5,156,75,81
050,55,023,"Wisconsin","Crawford County",5,6,156,83,73
050,55,023,"Wisconsin","Crawford County",5,7,159,77,82
050,55,023,"Wisconsin","Crawford County",5,8,158,80,78
050,55,023,"Wisconsin","Crawford County",5,9,171,92,79
050,55,023,"Wisconsin","Crawford County",5,10,171,90,81
050,55,023,"Wisconsin","Crawford County",5,11,183,97,86
050,55,023,"Wisconsin","Crawford County",5,12,151,82,69
050,55,023,"Wisconsin","Crawford County",5,13,160,88,72
050,55,023,"Wisconsin","Crawford County",5,14,201,100,101
050,55,023,"Wisconsin","Crawford County",5,15,197,98,99
050,55,023,"Wisconsin","Crawford County",5,16,203,110,93
050,55,023,"Wisconsin","Crawford County",5,17,217,121,96
050,55,023,"Wisconsin","Crawford County",5,18,174,94,80
050,55,023,"Wisconsin","Crawford County",5,19,160,93,67
050,55,023,"Wisconsin","Crawford County",5,20,160,88,72
050,55,023,"Wisconsin","Crawford County",5,21,153,88,65
050,55,023,"Wisconsin","Crawford County",5,22,174,99,75
050,55,023,"Wisconsin","Crawford County",5,23,181,113,68
050,55,023,"Wisconsin","Crawford County",5,24,160,97,63
050,55,023,"Wisconsin","Crawford County",5,25,171,97,74
050,55,023,"Wisconsin","Crawford County",5,26,155,99,56
050,55,023,"Wisconsin","Crawford County",5,27,134,83,51
050,55,023,"Wisconsin","Crawford County",5,28,165,95,70
050,55,023,"Wisconsin","Crawford County",5,29,158,90,68
050,55,023,"Wisconsin","Crawford County",5,30,159,85,74
050,55,023,"Wisconsin","Crawford County",5,31,161,89,72
050,55,023,"Wisconsin","Crawford County",5,32,153,82,71
050,55,023,"Wisconsin","Crawford County",5,33,164,94,70
050,55,023,"Wisconsin","Crawford County",5,34,160,91,69
050,55,023,"Wisconsin","Crawford County",5,35,150,85,65
050,55,023,"Wisconsin","Crawford County",5,36,160,86,74
050,55,023,"Wisconsin","Crawford County",5,37,167,86,81
050,55,023,"Wisconsin","Crawford County",5,38,190,101,89
050,55,023,"Wisconsin","Crawford County",5,39,186,100,86
050,55,023,"Wisconsin","Crawford County",5,40,172,89,83
050,55,023,"Wisconsin","Crawford County",5,41,179,90,89
050,55,023,"Wisconsin","Crawford County",5,42,191,99,92
050,55,023,"Wisconsin","Crawford County",5,43,187,94,93
050,55,023,"Wisconsin","Crawford County",5,44,189,98,91
050,55,023,"Wisconsin","Crawford County",5,45,179,94,85
050,55,023,"Wisconsin","Crawford County",5,46,183,90,93
050,55,023,"Wisconsin","Crawford County",5,47,154,77,77
050,55,023,"Wisconsin","Crawford County",5,48,149,76,73
050,55,023,"Wisconsin","Crawford County",5,49,164,97,67
050,55,023,"Wisconsin","Crawford County",5,50,178,93,85
050,55,023,"Wisconsin","Crawford County",5,51,189,103,86
050,55,023,"Wisconsin","Crawford County",5,52,195,114,81
050,55,023,"Wisconsin","Crawford County",5,53,187,97,90
050,55,023,"Wisconsin","Crawford County",5,54,182,100,82
050,55,023,"Wisconsin","Crawford County",5,55,190,113,77
050,55,023,"Wisconsin","Crawford County",5,56,227,123,104
050,55,023,"Wisconsin","Crawford County",5,57,215,111,104
050,55,023,"Wisconsin","Crawford County",5,58,233,117,116
050,55,023,"Wisconsin","Crawford County",5,59,242,124,118
050,55,023,"Wisconsin","Crawford County",5,60,270,126,144
050,55,023,"Wisconsin","Crawford County",5,61,265,127,138
050,55,023,"Wisconsin","Crawford County",5,62,288,145,143
050,55,023,"Wisconsin","Crawford County",5,63,269,137,132
050,55,023,"Wisconsin","Crawford County",5,64,262,137,125
050,55,023,"Wisconsin","Crawford County",5,65,249,127,122
050,55,023,"Wisconsin","Crawford County",5,66,271,139,132
050,55,023,"Wisconsin","Crawford County",5,67,252,123,129
050,55,023,"Wisconsin","Crawford County",5,68,236,115,121
050,55,023,"Wisconsin","Crawford County",5,69,245,118,127
050,55,023,"Wisconsin","Crawford County",5,70,248,124,124
050,55,023,"Wisconsin","Crawford County",5,71,248,130,118
050,55,023,"Wisconsin","Crawford County",5,72,242,136,106
050,55,023,"Wisconsin","Crawford County",5,73,219,114,105
050,55,023,"Wisconsin","Crawford County",5,74,202,100,102
050,55,023,"Wisconsin","Crawford County",5,75,187,92,95
050,55,023,"Wisconsin","Crawford County",5,76,199,106,93
050,55,023,"Wisconsin","Crawford County",5,77,131,62,69
050,55,023,"Wisconsin","Crawford County",5,78,131,54,77
050,55,023,"Wisconsin","Crawford County",5,79,121,60,61
050,55,023,"Wisconsin","Crawford County",5,80,116,57,59
050,55,023,"Wisconsin","Crawford County",5,81,110,51,59
050,55,023,"Wisconsin","Crawford County",5,82,123,56,67
050,55,023,"Wisconsin","Crawford County",5,83,94,43,51
050,55,023,"Wisconsin","Crawford County",5,84,87,38,49
050,55,023,"Wisconsin","Crawford County",5,85,423,187,236
050,55,025,"Wisconsin","Dane County",1,0,5795,2980,2815
050,55,025,"Wisconsin","Dane County",1,1,5840,3015,2825
050,55,025,"Wisconsin","Dane County",1,2,5863,3000,2863
050,55,025,"Wisconsin","Dane County",1,3,6180,3190,2990
050,55,025,"Wisconsin","Dane County",1,4,6357,3238,3119
050,55,025,"Wisconsin","Dane County",1,5,6342,3257,3085
050,55,025,"Wisconsin","Dane County",1,6,6382,3300,3082
050,55,025,"Wisconsin","Dane County",1,7,6369,3214,3155
050,55,025,"Wisconsin","Dane County",1,8,6209,3125,3084
050,55,025,"Wisconsin","Dane County",1,9,6266,3206,3060
050,55,025,"Wisconsin","Dane County",1,10,6560,3372,3188
050,55,025,"Wisconsin","Dane County",1,11,6558,3362,3196
050,55,025,"Wisconsin","Dane County",1,12,6669,3467,3202
050,55,025,"Wisconsin","Dane County",1,13,6692,3490,3202
050,55,025,"Wisconsin","Dane County",1,14,6819,3625,3194
050,55,025,"Wisconsin","Dane County",1,15,6610,3412,3198
050,55,025,"Wisconsin","Dane County",1,16,6531,3406,3125
050,55,025,"Wisconsin","Dane County",1,17,6382,3258,3124
050,55,025,"Wisconsin","Dane County",1,18,8153,4010,4143
050,55,025,"Wisconsin","Dane County",1,19,10886,5351,5535
050,55,025,"Wisconsin","Dane County",1,20,11717,5617,6100
050,55,025,"Wisconsin","Dane County",1,21,11638,5696,5942
050,55,025,"Wisconsin","Dane County",1,22,11416,5844,5572
050,55,025,"Wisconsin","Dane County",1,23,11322,5924,5398
050,55,025,"Wisconsin","Dane County",1,24,10391,5466,4925
050,55,025,"Wisconsin","Dane County",1,25,9616,5024,4592
050,55,025,"Wisconsin","Dane County",1,26,9539,4966,4573
050,55,025,"Wisconsin","Dane County",1,27,9442,4915,4527
050,55,025,"Wisconsin","Dane County",1,28,9156,4709,4447
050,55,025,"Wisconsin","Dane County",1,29,8553,4460,4093
050,55,025,"Wisconsin","Dane County",1,30,8152,4286,3866
050,55,025,"Wisconsin","Dane County",1,31,7999,4190,3809
050,55,025,"Wisconsin","Dane County",1,32,8078,4176,3902
050,55,025,"Wisconsin","Dane County",1,33,8103,4178,3925
050,55,025,"Wisconsin","Dane County",1,34,8273,4267,4006
050,55,025,"Wisconsin","Dane County",1,35,8419,4356,4063
050,55,025,"Wisconsin","Dane County",1,36,8280,4246,4034
050,55,025,"Wisconsin","Dane County",1,37,8296,4287,4009
050,55,025,"Wisconsin","Dane County",1,38,8118,4206,3912
050,55,025,"Wisconsin","Dane County",1,39,8123,4207,3916
050,55,025,"Wisconsin","Dane County",1,40,7915,4042,3873
050,55,025,"Wisconsin","Dane County",1,41,7434,3768,3666
050,55,025,"Wisconsin","Dane County",1,42,7227,3646,3581
050,55,025,"Wisconsin","Dane County",1,43,6896,3440,3456
050,55,025,"Wisconsin","Dane County",1,44,6553,3355,3198
050,55,025,"Wisconsin","Dane County",1,45,6516,3352,3164
050,55,025,"Wisconsin","Dane County",1,46,6023,3039,2984
050,55,025,"Wisconsin","Dane County",1,47,6039,3058,2981
050,55,025,"Wisconsin","Dane County",1,48,6372,3279,3093
050,55,025,"Wisconsin","Dane County",1,49,6894,3523,3371
050,55,025,"Wisconsin","Dane County",1,50,6715,3405,3310
050,55,025,"Wisconsin","Dane County",1,51,6459,3235,3224
050,55,025,"Wisconsin","Dane County",1,52,6110,3059,3051
050,55,025,"Wisconsin","Dane County",1,53,6262,3114,3148
050,55,025,"Wisconsin","Dane County",1,54,6322,3173,3149
050,55,025,"Wisconsin","Dane County",1,55,6718,3337,3381
050,55,025,"Wisconsin","Dane County",1,56,6631,3252,3379
050,55,025,"Wisconsin","Dane County",1,57,6613,3188,3425
050,55,025,"Wisconsin","Dane County",1,58,6768,3251,3517
050,55,025,"Wisconsin","Dane County",1,59,6559,3156,3403
050,55,025,"Wisconsin","Dane County",1,60,6487,3178,3309
050,55,025,"Wisconsin","Dane County",1,61,6416,3156,3260
050,55,025,"Wisconsin","Dane County",1,62,6332,3092,3240
050,55,025,"Wisconsin","Dane County",1,63,6049,2960,3089
050,55,025,"Wisconsin","Dane County",1,64,5875,2857,3018
050,55,025,"Wisconsin","Dane County",1,65,5960,2861,3099
050,55,025,"Wisconsin","Dane County",1,66,5788,2729,3059
050,55,025,"Wisconsin","Dane County",1,67,5668,2722,2946
050,55,025,"Wisconsin","Dane County",1,68,5521,2652,2869
050,55,025,"Wisconsin","Dane County",1,69,5111,2432,2679
050,55,025,"Wisconsin","Dane County",1,70,4917,2334,2583
050,55,025,"Wisconsin","Dane County",1,71,4720,2220,2500
050,55,025,"Wisconsin","Dane County",1,72,4549,2124,2425
050,55,025,"Wisconsin","Dane County",1,73,4378,2112,2266
050,55,025,"Wisconsin","Dane County",1,74,3049,1419,1630
050,55,025,"Wisconsin","Dane County",1,75,2983,1439,1544
050,55,025,"Wisconsin","Dane County",1,76,2846,1332,1514
050,55,025,"Wisconsin","Dane County",1,77,2736,1239,1497
050,55,025,"Wisconsin","Dane County",1,78,2436,1079,1357
050,55,025,"Wisconsin","Dane County",1,79,2010,874,1136
050,55,025,"Wisconsin","Dane County",1,80,1804,790,1014
050,55,025,"Wisconsin","Dane County",1,81,1741,752,989
050,55,025,"Wisconsin","Dane County",1,82,1578,690,888
050,55,025,"Wisconsin","Dane County",1,83,1415,588,827
050,55,025,"Wisconsin","Dane County",1,84,1382,576,806
050,55,025,"Wisconsin","Dane County",1,85,8637,2982,5655
050,55,025,"Wisconsin","Dane County",2,0,5836,2991,2845
050,55,025,"Wisconsin","Dane County",2,1,5811,2988,2823
050,55,025,"Wisconsin","Dane County",2,2,5868,3009,2859
050,55,025,"Wisconsin","Dane County",2,3,6088,3139,2949
050,55,025,"Wisconsin","Dane County",2,4,6321,3232,3089
050,55,025,"Wisconsin","Dane County",2,5,6355,3260,3095
050,55,025,"Wisconsin","Dane County",2,6,6374,3292,3082
050,55,025,"Wisconsin","Dane County",2,7,6365,3237,3128
050,55,025,"Wisconsin","Dane County",2,8,6219,3135,3084
050,55,025,"Wisconsin","Dane County",2,9,6248,3191,3057
050,55,025,"Wisconsin","Dane County",2,10,6484,3329,3155
050,55,025,"Wisconsin","Dane County",2,11,6537,3353,3184
050,55,025,"Wisconsin","Dane County",2,12,6669,3460,3209
050,55,025,"Wisconsin","Dane County",2,13,6700,3491,3209
050,55,025,"Wisconsin","Dane County",2,14,6827,3632,3195
050,55,025,"Wisconsin","Dane County",2,15,6608,3409,3199
050,55,025,"Wisconsin","Dane County",2,16,6554,3401,3153
050,55,025,"Wisconsin","Dane County",2,17,6412,3287,3125
050,55,025,"Wisconsin","Dane County",2,18,8143,4001,4142
050,55,025,"Wisconsin","Dane County",2,19,10915,5360,5555
050,55,025,"Wisconsin","Dane County",2,20,11814,5662,6152
050,55,025,"Wisconsin","Dane County",2,21,11682,5723,5959
050,55,025,"Wisconsin","Dane County",2,22,11524,5909,5615
050,55,025,"Wisconsin","Dane County",2,23,11229,5858,5371
050,55,025,"Wisconsin","Dane County",2,24,10350,5441,4909
050,55,025,"Wisconsin","Dane County",2,25,9617,5049,4568
050,55,025,"Wisconsin","Dane County",2,26,9476,4934,4542
050,55,025,"Wisconsin","Dane County",2,27,9335,4859,4476
050,55,025,"Wisconsin","Dane County",2,28,9235,4772,4463
050,55,025,"Wisconsin","Dane County",2,29,8713,4529,4184
050,55,025,"Wisconsin","Dane County",2,30,8289,4346,3943
050,55,025,"Wisconsin","Dane County",2,31,8014,4203,3811
050,55,025,"Wisconsin","Dane County",2,32,8041,4168,3873
050,55,025,"Wisconsin","Dane County",2,33,8096,4178,3918
050,55,025,"Wisconsin","Dane County",2,34,8217,4232,3985
050,55,025,"Wisconsin","Dane County",2,35,8403,4351,4052
050,55,025,"Wisconsin","Dane County",2,36,8250,4229,4021
050,55,025,"Wisconsin","Dane County",2,37,8289,4280,4009
050,55,025,"Wisconsin","Dane County",2,38,8189,4238,3951
050,55,025,"Wisconsin","Dane County",2,39,8089,4196,3893
050,55,025,"Wisconsin","Dane County",2,40,8017,4113,3904
050,55,025,"Wisconsin","Dane County",2,41,7542,3823,3719
050,55,025,"Wisconsin","Dane County",2,42,7240,3656,3584
050,55,025,"Wisconsin","Dane County",2,43,7021,3513,3508
050,55,025,"Wisconsin","Dane County",2,44,6581,3349,3232
050,55,025,"Wisconsin","Dane County",2,45,6563,3370,3193
050,55,025,"Wisconsin","Dane County",2,46,6127,3105,3022
050,55,025,"Wisconsin","Dane County",2,47,6018,3046,2972
050,55,025,"Wisconsin","Dane County",2,48,6276,3219,3057
050,55,025,"Wisconsin","Dane County",2,49,6800,3480,3320
050,55,025,"Wisconsin","Dane County",2,50,6762,3435,3327
050,55,025,"Wisconsin","Dane County",2,51,6500,3266,3234
050,55,025,"Wisconsin","Dane County",2,52,6156,3085,3071
050,55,025,"Wisconsin","Dane County",2,53,6212,3093,3119
050,55,025,"Wisconsin","Dane County",2,54,6275,3142,3133
050,55,025,"Wisconsin","Dane County",2,55,6604,3283,3321
050,55,025,"Wisconsin","Dane County",2,56,6652,3270,3382
050,55,025,"Wisconsin","Dane County",2,57,6617,3193,3424
050,55,025,"Wisconsin","Dane County",2,58,6704,3222,3482
050,55,025,"Wisconsin","Dane County",2,59,6628,3185,3443
050,55,025,"Wisconsin","Dane County",2,60,6469,3155,3314
050,55,025,"Wisconsin","Dane County",2,61,6392,3133,3259
050,55,025,"Wisconsin","Dane County",2,62,6335,3107,3228
050,55,025,"Wisconsin","Dane County",2,63,6143,2994,3149
050,55,025,"Wisconsin","Dane County",2,64,5865,2852,3013
050,55,025,"Wisconsin","Dane County",2,65,5922,2852,3070
050,55,025,"Wisconsin","Dane County",2,66,5810,2747,3063
050,55,025,"Wisconsin","Dane County",2,67,5662,2704,2958
050,55,025,"Wisconsin","Dane County",2,68,5509,2646,2863
050,55,025,"Wisconsin","Dane County",2,69,5231,2497,2734
050,55,025,"Wisconsin","Dane County",2,70,4932,2339,2593
050,55,025,"Wisconsin","Dane County",2,71,4765,2241,2524
050,55,025,"Wisconsin","Dane County",2,72,4498,2095,2403
050,55,025,"Wisconsin","Dane County",2,73,4620,2209,2411
050,55,025,"Wisconsin","Dane County",2,74,3151,1482,1669
050,55,025,"Wisconsin","Dane County",2,75,2998,1425,1573
050,55,025,"Wisconsin","Dane County",2,76,2844,1338,1506
050,55,025,"Wisconsin","Dane County",2,77,2812,1282,1530
050,55,025,"Wisconsin","Dane County",2,78,2453,1091,1362
050,55,025,"Wisconsin","Dane County",2,79,2084,909,1175
050,55,025,"Wisconsin","Dane County",2,80,1836,799,1037
050,55,025,"Wisconsin","Dane County",2,81,1730,745,985
050,55,025,"Wisconsin","Dane County",2,82,1607,702,905
050,55,025,"Wisconsin","Dane County",2,83,1434,595,839
050,55,025,"Wisconsin","Dane County",2,84,1372,569,803
050,55,025,"Wisconsin","Dane County",2,85,8660,3015,5645
050,55,025,"Wisconsin","Dane County",3,0,5549,2815,2734
050,55,025,"Wisconsin","Dane County",3,1,5801,2957,2844
050,55,025,"Wisconsin","Dane County",3,2,5713,2939,2774
050,55,025,"Wisconsin","Dane County",3,3,5795,2965,2830
050,55,025,"Wisconsin","Dane County",3,4,6039,3100,2939
050,55,025,"Wisconsin","Dane County",3,5,6279,3242,3037
050,55,025,"Wisconsin","Dane County",3,6,6329,3249,3080
050,55,025,"Wisconsin","Dane County",3,7,6315,3285,3030
050,55,025,"Wisconsin","Dane County",3,8,6362,3236,3126
050,55,025,"Wisconsin","Dane County",3,9,6222,3146,3076
050,55,025,"Wisconsin","Dane County",3,10,6229,3182,3047
050,55,025,"Wisconsin","Dane County",3,11,6486,3328,3158
050,55,025,"Wisconsin","Dane County",3,12,6562,3367,3195
050,55,025,"Wisconsin","Dane County",3,13,6752,3533,3219
050,55,025,"Wisconsin","Dane County",3,14,6840,3636,3204
050,55,025,"Wisconsin","Dane County",3,15,6613,3446,3167
050,55,025,"Wisconsin","Dane County",3,16,6582,3382,3200
050,55,025,"Wisconsin","Dane County",3,17,6511,3334,3177
050,55,025,"Wisconsin","Dane County",3,18,7480,3756,3724
050,55,025,"Wisconsin","Dane County",3,19,9503,4682,4821
050,55,025,"Wisconsin","Dane County",3,20,11362,5457,5905
050,55,025,"Wisconsin","Dane County",3,21,11664,5698,5966
050,55,025,"Wisconsin","Dane County",3,22,11371,5799,5572
050,55,025,"Wisconsin","Dane County",3,23,11595,6006,5589
050,55,025,"Wisconsin","Dane County",3,24,10515,5466,5049
050,55,025,"Wisconsin","Dane County",3,25,9620,5084,4536
050,55,025,"Wisconsin","Dane County",3,26,9156,4787,4369
050,55,025,"Wisconsin","Dane County",3,27,8934,4655,4279
050,55,025,"Wisconsin","Dane County",3,28,9241,4774,4467
050,55,025,"Wisconsin","Dane County",3,29,9089,4696,4393
050,55,025,"Wisconsin","Dane County",3,30,8606,4423,4183
050,55,025,"Wisconsin","Dane County",3,31,8210,4245,3965
050,55,025,"Wisconsin","Dane County",3,32,7966,4157,3809
050,55,025,"Wisconsin","Dane County",3,33,7931,4130,3801
050,55,025,"Wisconsin","Dane County",3,34,7992,4089,3903
050,55,025,"Wisconsin","Dane County",3,35,8215,4229,3986
050,55,025,"Wisconsin","Dane County",3,36,8276,4239,4037
050,55,025,"Wisconsin","Dane County",3,37,8201,4181,4020
050,55,025,"Wisconsin","Dane County",3,38,8260,4233,4027
050,55,025,"Wisconsin","Dane County",3,39,8122,4219,3903
050,55,025,"Wisconsin","Dane County",3,40,8119,4217,3902
050,55,025,"Wisconsin","Dane County",3,41,7941,4036,3905
050,55,025,"Wisconsin","Dane County",3,42,7403,3748,3655
050,55,025,"Wisconsin","Dane County",3,43,7132,3617,3515
050,55,025,"Wisconsin","Dane County",3,44,6978,3489,3489
050,55,025,"Wisconsin","Dane County",3,45,6574,3335,3239
050,55,025,"Wisconsin","Dane County",3,46,6464,3325,3139
050,55,025,"Wisconsin","Dane County",3,47,6065,3067,2998
050,55,025,"Wisconsin","Dane County",3,48,5921,2986,2935
050,55,025,"Wisconsin","Dane County",3,49,6240,3187,3053
050,55,025,"Wisconsin","Dane County",3,50,6749,3441,3308
050,55,025,"Wisconsin","Dane County",3,51,6725,3403,3322
050,55,025,"Wisconsin","Dane County",3,52,6343,3156,3187
050,55,025,"Wisconsin","Dane County",3,53,6046,2996,3050
050,55,025,"Wisconsin","Dane County",3,54,6132,3064,3068
050,55,025,"Wisconsin","Dane County",3,55,6195,3103,3092
050,55,025,"Wisconsin","Dane County",3,56,6470,3214,3256
050,55,025,"Wisconsin","Dane County",3,57,6550,3186,3364
050,55,025,"Wisconsin","Dane County",3,58,6476,3135,3341
050,55,025,"Wisconsin","Dane County",3,59,6591,3148,3443
050,55,025,"Wisconsin","Dane County",3,60,6538,3122,3416
050,55,025,"Wisconsin","Dane County",3,61,6308,3062,3246
050,55,025,"Wisconsin","Dane County",3,62,6299,3090,3209
050,55,025,"Wisconsin","Dane County",3,63,6207,3036,3171
050,55,025,"Wisconsin","Dane County",3,64,6025,2932,3093
050,55,025,"Wisconsin","Dane County",3,65,5793,2818,2975
050,55,025,"Wisconsin","Dane County",3,66,5812,2775,3037
050,55,025,"Wisconsin","Dane County",3,67,5693,2694,2999
050,55,025,"Wisconsin","Dane County",3,68,5557,2634,2923
050,55,025,"Wisconsin","Dane County",3,69,5404,2580,2824
050,55,025,"Wisconsin","Dane County",3,70,5120,2426,2694
050,55,025,"Wisconsin","Dane County",3,71,4893,2324,2569
050,55,025,"Wisconsin","Dane County",3,72,4679,2186,2493
050,55,025,"Wisconsin","Dane County",3,73,4436,2056,2380
050,55,025,"Wisconsin","Dane County",3,74,4502,2139,2363
050,55,025,"Wisconsin","Dane County",3,75,3068,1435,1633
050,55,025,"Wisconsin","Dane County",3,76,2946,1406,1540
050,55,025,"Wisconsin","Dane County",3,77,2776,1295,1481
050,55,025,"Wisconsin","Dane County",3,78,2755,1244,1511
050,55,025,"Wisconsin","Dane County",3,79,2350,1028,1322
050,55,025,"Wisconsin","Dane County",3,80,2001,866,1135
050,55,025,"Wisconsin","Dane County",3,81,1752,742,1010
050,55,025,"Wisconsin","Dane County",3,82,1657,725,932
050,55,025,"Wisconsin","Dane County",3,83,1524,636,888
050,55,025,"Wisconsin","Dane County",3,84,1346,540,806
050,55,025,"Wisconsin","Dane County",3,85,8699,3081,5618
050,55,025,"Wisconsin","Dane County",4,0,5639,2847,2792
050,55,025,"Wisconsin","Dane County",4,1,5491,2793,2698
050,55,025,"Wisconsin","Dane County",4,2,5778,2948,2830
050,55,025,"Wisconsin","Dane County",4,3,5707,2936,2771
050,55,025,"Wisconsin","Dane County",4,4,5767,2952,2815
050,55,025,"Wisconsin","Dane County",4,5,6066,3134,2932
050,55,025,"Wisconsin","Dane County",4,6,6225,3217,3008
050,55,025,"Wisconsin","Dane County",4,7,6300,3245,3055
050,55,025,"Wisconsin","Dane County",4,8,6279,3248,3031
050,55,025,"Wisconsin","Dane County",4,9,6300,3216,3084
050,55,025,"Wisconsin","Dane County",4,10,6196,3136,3060
050,55,025,"Wisconsin","Dane County",4,11,6225,3206,3019
050,55,025,"Wisconsin","Dane County",4,12,6495,3335,3160
050,55,025,"Wisconsin","Dane County",4,13,6677,3462,3215
050,55,025,"Wisconsin","Dane County",4,14,6921,3721,3200
050,55,025,"Wisconsin","Dane County",4,15,6593,3408,3185
050,55,025,"Wisconsin","Dane County",4,16,6544,3374,3170
050,55,025,"Wisconsin","Dane County",4,17,6570,3347,3223
050,55,025,"Wisconsin","Dane County",4,18,8448,4194,4254
050,55,025,"Wisconsin","Dane County",4,19,11091,5462,5629
050,55,025,"Wisconsin","Dane County",4,20,11822,5622,6200
050,55,025,"Wisconsin","Dane County",4,21,11995,5854,6141
050,55,025,"Wisconsin","Dane County",4,22,11801,6057,5744
050,55,025,"Wisconsin","Dane County",4,23,11561,6082,5479
050,55,025,"Wisconsin","Dane County",4,24,10775,5598,5177
050,55,025,"Wisconsin","Dane County",4,25,9716,5121,4595
050,55,025,"Wisconsin","Dane County",4,26,9071,4711,4360
050,55,025,"Wisconsin","Dane County",4,27,8693,4530,4163
050,55,025,"Wisconsin","Dane County",4,28,8858,4595,4263
050,55,025,"Wisconsin","Dane County",4,29,9181,4752,4429
050,55,025,"Wisconsin","Dane County",4,30,8891,4572,4319
050,55,025,"Wisconsin","Dane County",4,31,8583,4416,4167
050,55,025,"Wisconsin","Dane County",4,32,8096,4225,3871
050,55,025,"Wisconsin","Dane County",4,33,7916,4110,3806
050,55,025,"Wisconsin","Dane County",4,34,7879,4091,3788
050,55,025,"Wisconsin","Dane County",4,35,7947,4104,3843
050,55,025,"Wisconsin","Dane County",4,36,8138,4162,3976
050,55,025,"Wisconsin","Dane County",4,37,8234,4234,4000
050,55,025,"Wisconsin","Dane County",4,38,8180,4126,4054
050,55,025,"Wisconsin","Dane County",4,39,8160,4200,3960
050,55,025,"Wisconsin","Dane County",4,40,8140,4230,3910
050,55,025,"Wisconsin","Dane County",4,41,8039,4151,3888
050,55,025,"Wisconsin","Dane County",4,42,7871,4011,3860
050,55,025,"Wisconsin","Dane County",4,43,7354,3716,3638
050,55,025,"Wisconsin","Dane County",4,44,7138,3623,3515
050,55,025,"Wisconsin","Dane County",4,45,6973,3471,3502
050,55,025,"Wisconsin","Dane County",4,46,6534,3323,3211
050,55,025,"Wisconsin","Dane County",4,47,6448,3323,3125
050,55,025,"Wisconsin","Dane County",4,48,6027,3039,2988
050,55,025,"Wisconsin","Dane County",4,49,5886,2946,2940
050,55,025,"Wisconsin","Dane County",4,50,6146,3159,2987
050,55,025,"Wisconsin","Dane County",4,51,6734,3426,3308
050,55,025,"Wisconsin","Dane County",4,52,6622,3335,3287
050,55,025,"Wisconsin","Dane County",4,53,6298,3161,3137
050,55,025,"Wisconsin","Dane County",4,54,5936,2927,3009
050,55,025,"Wisconsin","Dane County",4,55,6079,3042,3037
050,55,025,"Wisconsin","Dane County",4,56,6102,3053,3049
050,55,025,"Wisconsin","Dane County",4,57,6382,3147,3235
050,55,025,"Wisconsin","Dane County",4,58,6452,3151,3301
050,55,025,"Wisconsin","Dane County",4,59,6351,3069,3282
050,55,025,"Wisconsin","Dane County",4,60,6488,3082,3406
050,55,025,"Wisconsin","Dane County",4,61,6448,3059,3389
050,55,025,"Wisconsin","Dane County",4,62,6258,3048,3210
050,55,025,"Wisconsin","Dane County",4,63,6149,2994,3155
050,55,025,"Wisconsin","Dane County",4,64,6101,3012,3089
050,55,025,"Wisconsin","Dane County",4,65,6006,2911,3095
050,55,025,"Wisconsin","Dane County",4,66,5658,2738,2920
050,55,025,"Wisconsin","Dane County",4,67,5708,2727,2981
050,55,025,"Wisconsin","Dane County",4,68,5589,2634,2955
050,55,025,"Wisconsin","Dane County",4,69,5501,2577,2924
050,55,025,"Wisconsin","Dane County",4,70,5311,2522,2789
050,55,025,"Wisconsin","Dane County",4,71,5087,2403,2684
050,55,025,"Wisconsin","Dane County",4,72,4845,2283,2562
050,55,025,"Wisconsin","Dane County",4,73,4592,2115,2477
050,55,025,"Wisconsin","Dane County",4,74,4331,2004,2327
050,55,025,"Wisconsin","Dane County",4,75,4442,2100,2342
050,55,025,"Wisconsin","Dane County",4,76,3004,1404,1600
050,55,025,"Wisconsin","Dane County",4,77,2901,1375,1526
050,55,025,"Wisconsin","Dane County",4,78,2718,1257,1461
050,55,025,"Wisconsin","Dane County",4,79,2611,1159,1452
050,55,025,"Wisconsin","Dane County",4,80,2275,991,1284
050,55,025,"Wisconsin","Dane County",4,81,1925,816,1109
050,55,025,"Wisconsin","Dane County",4,82,1676,713,963
050,55,025,"Wisconsin","Dane County",4,83,1591,667,924
050,55,025,"Wisconsin","Dane County",4,84,1452,590,862
050,55,025,"Wisconsin","Dane County",4,85,8770,3155,5615
050,55,025,"Wisconsin","Dane County",5,0,5621,2842,2779
050,55,025,"Wisconsin","Dane County",5,1,5541,2815,2726
050,55,025,"Wisconsin","Dane County",5,2,5520,2792,2728
050,55,025,"Wisconsin","Dane County",5,3,5789,2953,2836
050,55,025,"Wisconsin","Dane County",5,4,5734,2977,2757
050,55,025,"Wisconsin","Dane County",5,5,5849,3013,2836
050,55,025,"Wisconsin","Dane County",5,6,6157,3181,2976
050,55,025,"Wisconsin","Dane County",5,7,6320,3290,3030
050,55,025,"Wisconsin","Dane County",5,8,6339,3256,3083
050,55,025,"Wisconsin","Dane County",5,9,6283,3265,3018
050,55,025,"Wisconsin","Dane County",5,10,6328,3205,3123
050,55,025,"Wisconsin","Dane County",5,11,6217,3157,3060
050,55,025,"Wisconsin","Dane County",5,12,6307,3241,3066
050,55,025,"Wisconsin","Dane County",5,13,6585,3391,3194
050,55,025,"Wisconsin","Dane County",5,14,6885,3636,3249
050,55,025,"Wisconsin","Dane County",5,15,6686,3484,3202
050,55,025,"Wisconsin","Dane County",5,16,6603,3407,3196
050,55,025,"Wisconsin","Dane County",5,17,6619,3427,3192
050,55,025,"Wisconsin","Dane County",5,18,8494,4226,4268
050,55,025,"Wisconsin","Dane County",5,19,11389,5625,5764
050,55,025,"Wisconsin","Dane County",5,20,11952,5763,6189
050,55,025,"Wisconsin","Dane County",5,21,11943,5791,6152
050,55,025,"Wisconsin","Dane County",5,22,12223,6228,5995
050,55,025,"Wisconsin","Dane County",5,23,12549,6612,5937
050,55,025,"Wisconsin","Dane County",5,24,10952,5790,5162
050,55,025,"Wisconsin","Dane County",5,25,10253,5347,4906
050,55,025,"Wisconsin","Dane County",5,26,9511,4881,4630
050,55,025,"Wisconsin","Dane County",5,27,8732,4483,4249
050,55,025,"Wisconsin","Dane County",5,28,8774,4528,4246
050,55,025,"Wisconsin","Dane County",5,29,8867,4655,4212
050,55,025,"Wisconsin","Dane County",5,30,9086,4708,4378
050,55,025,"Wisconsin","Dane County",5,31,8810,4502,4308
050,55,025,"Wisconsin","Dane County",5,32,8492,4307,4185
050,55,025,"Wisconsin","Dane County",5,33,8123,4207,3916
050,55,025,"Wisconsin","Dane County",5,34,7854,4077,3777
050,55,025,"Wisconsin","Dane County",5,35,7915,4129,3786
050,55,025,"Wisconsin","Dane County",5,36,7982,4091,3891
050,55,025,"Wisconsin","Dane County",5,37,8087,4145,3942
050,55,025,"Wisconsin","Dane County",5,38,8227,4168,4059
050,55,025,"Wisconsin","Dane County",5,39,8152,4125,4027
050,55,025,"Wisconsin","Dane County",5,40,8237,4248,3989
050,55,025,"Wisconsin","Dane County",5,41,8122,4187,3935
050,55,025,"Wisconsin","Dane County",5,42,8005,4127,3878
050,55,025,"Wisconsin","Dane County",5,43,7782,3960,3822
050,55,025,"Wisconsin","Dane County",5,44,7364,3724,3640
050,55,025,"Wisconsin","Dane County",5,45,7157,3616,3541
050,55,025,"Wisconsin","Dane County",5,46,6994,3506,3488
050,55,025,"Wisconsin","Dane County",5,47,6511,3315,3196
050,55,025,"Wisconsin","Dane County",5,48,6437,3318,3119
050,55,025,"Wisconsin","Dane County",5,49,6020,3035,2985
050,55,025,"Wisconsin","Dane County",5,50,5826,2922,2904
050,55,025,"Wisconsin","Dane County",5,51,6147,3165,2982
050,55,025,"Wisconsin","Dane County",5,52,6648,3342,3306
050,55,025,"Wisconsin","Dane County",5,53,6573,3302,3271
050,55,025,"Wisconsin","Dane County",5,54,6260,3153,3107
050,55,025,"Wisconsin","Dane County",5,55,5914,2917,2997
050,55,025,"Wisconsin","Dane County",5,56,6054,3017,3037
050,55,025,"Wisconsin","Dane County",5,57,6082,3026,3056
050,55,025,"Wisconsin","Dane County",5,58,6298,3090,3208
050,55,025,"Wisconsin","Dane County",5,59,6381,3112,3269
050,55,025,"Wisconsin","Dane County",5,60,6248,3022,3226
050,55,025,"Wisconsin","Dane County",5,61,6387,3021,3366
050,55,025,"Wisconsin","Dane County",5,62,6386,3033,3353
050,55,025,"Wisconsin","Dane County",5,63,6145,2964,3181
050,55,025,"Wisconsin","Dane County",5,64,6035,2945,3090
050,55,025,"Wisconsin","Dane County",5,65,6053,2988,3065
050,55,025,"Wisconsin","Dane County",5,66,5886,2816,3070
050,55,025,"Wisconsin","Dane County",5,67,5592,2719,2873
050,55,025,"Wisconsin","Dane County",5,68,5645,2687,2958
050,55,025,"Wisconsin","Dane County",5,69,5514,2587,2927
050,55,025,"Wisconsin","Dane County",5,70,5434,2523,2911
050,55,025,"Wisconsin","Dane County",5,71,5275,2505,2770
050,55,025,"Wisconsin","Dane County",5,72,5021,2355,2666
050,55,025,"Wisconsin","Dane County",5,73,4806,2252,2554
050,55,025,"Wisconsin","Dane County",5,74,4510,2084,2426
050,55,025,"Wisconsin","Dane County",5,75,4267,1970,2297
050,55,025,"Wisconsin","Dane County",5,76,4378,2072,2306
050,55,025,"Wisconsin","Dane County",5,77,2945,1380,1565
050,55,025,"Wisconsin","Dane County",5,78,2857,1346,1511
050,55,025,"Wisconsin","Dane County",5,79,2595,1179,1416
050,55,025,"Wisconsin","Dane County",5,80,2545,1132,1413
050,55,025,"Wisconsin","Dane County",5,81,2173,933,1240
050,55,025,"Wisconsin","Dane County",5,82,1867,795,1072
050,55,025,"Wisconsin","Dane County",5,83,1608,661,947
050,55,025,"Wisconsin","Dane County",5,84,1538,631,907
050,55,025,"Wisconsin","Dane County",5,85,9075,3309,5766
050,55,027,"Wisconsin","Dodge County",1,0,790,405,385
050,55,027,"Wisconsin","Dodge County",1,1,793,411,382
050,55,027,"Wisconsin","Dodge County",1,2,818,387,431
050,55,027,"Wisconsin","Dodge County",1,3,852,420,432
050,55,027,"Wisconsin","Dodge County",1,4,863,443,420
050,55,027,"Wisconsin","Dodge County",1,5,872,447,425
050,55,027,"Wisconsin","Dodge County",1,6,915,491,424
050,55,027,"Wisconsin","Dodge County",1,7,977,510,467
050,55,027,"Wisconsin","Dodge County",1,8,930,469,461
050,55,027,"Wisconsin","Dodge County",1,9,957,509,448
050,55,027,"Wisconsin","Dodge County",1,10,1068,562,506
050,55,027,"Wisconsin","Dodge County",1,11,1112,581,531
050,55,027,"Wisconsin","Dodge County",1,12,1126,590,536
050,55,027,"Wisconsin","Dodge County",1,13,1135,587,548
050,55,027,"Wisconsin","Dodge County",1,14,1129,598,531
050,55,027,"Wisconsin","Dodge County",1,15,1188,595,593
050,55,027,"Wisconsin","Dodge County",1,16,1213,633,580
050,55,027,"Wisconsin","Dodge County",1,17,1165,592,573
050,55,027,"Wisconsin","Dodge County",1,18,1060,564,496
050,55,027,"Wisconsin","Dodge County",1,19,868,479,389
050,55,027,"Wisconsin","Dodge County",1,20,887,479,408
050,55,027,"Wisconsin","Dodge County",1,21,955,529,426
050,55,027,"Wisconsin","Dodge County",1,22,963,526,437
050,55,027,"Wisconsin","Dodge County",1,23,1070,599,471
050,55,027,"Wisconsin","Dodge County",1,24,1061,644,417
050,55,027,"Wisconsin","Dodge County",1,25,1069,649,420
050,55,027,"Wisconsin","Dodge County",1,26,1113,658,455
050,55,027,"Wisconsin","Dodge County",1,27,1188,708,480
050,55,027,"Wisconsin","Dodge County",1,28,1093,643,450
050,55,027,"Wisconsin","Dodge County",1,29,1090,628,462
050,55,027,"Wisconsin","Dodge County",1,30,1057,616,441
050,55,027,"Wisconsin","Dodge County",1,31,1047,620,427
050,55,027,"Wisconsin","Dodge County",1,32,1051,620,431
050,55,027,"Wisconsin","Dodge County",1,33,1125,644,481
050,55,027,"Wisconsin","Dodge County",1,34,1174,666,508
050,55,027,"Wisconsin","Dodge County",1,35,1209,694,515
050,55,027,"Wisconsin","Dodge County",1,36,1153,646,507
050,55,027,"Wisconsin","Dodge County",1,37,1162,652,510
050,55,027,"Wisconsin","Dodge County",1,38,1232,678,554
050,55,027,"Wisconsin","Dodge County",1,39,1229,710,519
050,55,027,"Wisconsin","Dodge County",1,40,1149,668,481
050,55,027,"Wisconsin","Dodge County",1,41,1178,687,491
050,55,027,"Wisconsin","Dodge County",1,42,1128,629,499
050,55,027,"Wisconsin","Dodge County",1,43,1099,612,487
050,55,027,"Wisconsin","Dodge County",1,44,1100,616,484
050,55,027,"Wisconsin","Dodge County",1,45,1065,584,481
050,55,027,"Wisconsin","Dodge County",1,46,1053,583,470
050,55,027,"Wisconsin","Dodge County",1,47,1081,565,516
050,55,027,"Wisconsin","Dodge County",1,48,1142,619,523
050,55,027,"Wisconsin","Dodge County",1,49,1265,682,583
050,55,027,"Wisconsin","Dodge County",1,50,1247,674,573
050,55,027,"Wisconsin","Dodge County",1,51,1269,658,611
050,55,027,"Wisconsin","Dodge County",1,52,1264,653,611
050,55,027,"Wisconsin","Dodge County",1,53,1284,685,599
050,55,027,"Wisconsin","Dodge County",1,54,1302,701,601
050,55,027,"Wisconsin","Dodge County",1,55,1346,707,639
050,55,027,"Wisconsin","Dodge County",1,56,1387,718,669
050,55,027,"Wisconsin","Dodge County",1,57,1447,730,717
050,55,027,"Wisconsin","Dodge County",1,58,1512,797,715
050,55,027,"Wisconsin","Dodge County",1,59,1482,777,705
050,55,027,"Wisconsin","Dodge County",1,60,1497,804,693
050,55,027,"Wisconsin","Dodge County",1,61,1451,763,688
050,55,027,"Wisconsin","Dodge County",1,62,1372,687,685
050,55,027,"Wisconsin","Dodge County",1,63,1286,664,622
050,55,027,"Wisconsin","Dodge County",1,64,1237,649,588
050,55,027,"Wisconsin","Dodge County",1,65,1169,618,551
050,55,027,"Wisconsin","Dodge County",1,66,1104,554,550
050,55,027,"Wisconsin","Dodge County",1,67,1067,525,542
050,55,027,"Wisconsin","Dodge County",1,68,1022,490,532
050,55,027,"Wisconsin","Dodge County",1,69,951,473,478
050,55,027,"Wisconsin","Dodge County",1,70,902,426,476
050,55,027,"Wisconsin","Dodge County",1,71,856,431,425
050,55,027,"Wisconsin","Dodge County",1,72,854,447,407
050,55,027,"Wisconsin","Dodge County",1,73,834,423,411
050,55,027,"Wisconsin","Dodge County",1,74,575,269,306
050,55,027,"Wisconsin","Dodge County",1,75,573,277,296
050,55,027,"Wisconsin","Dodge County",1,76,605,288,317
050,55,027,"Wisconsin","Dodge County",1,77,591,275,316
050,55,027,"Wisconsin","Dodge County",1,78,499,225,274
050,55,027,"Wisconsin","Dodge County",1,79,458,206,252
050,55,027,"Wisconsin","Dodge County",1,80,431,187,244
050,55,027,"Wisconsin","Dodge County",1,81,436,192,244
050,55,027,"Wisconsin","Dodge County",1,82,403,164,239
050,55,027,"Wisconsin","Dodge County",1,83,352,151,201
050,55,027,"Wisconsin","Dodge County",1,84,348,148,200
050,55,027,"Wisconsin","Dodge County",1,85,1962,703,1259
050,55,027,"Wisconsin","Dodge County",2,0,786,391,395
050,55,027,"Wisconsin","Dodge County",2,1,786,406,380
050,55,027,"Wisconsin","Dodge County",2,2,812,391,421
050,55,027,"Wisconsin","Dodge County",2,3,841,411,430
050,55,027,"Wisconsin","Dodge County",2,4,862,443,419
050,55,027,"Wisconsin","Dodge County",2,5,869,445,424
050,55,027,"Wisconsin","Dodge County",2,6,911,483,428
050,55,027,"Wisconsin","Dodge County",2,7,964,505,459
050,55,027,"Wisconsin","Dodge County",2,8,938,481,457
050,55,027,"Wisconsin","Dodge County",2,9,951,499,452
050,55,027,"Wisconsin","Dodge County",2,10,1040,546,494
050,55,027,"Wisconsin","Dodge County",2,11,1094,573,521
050,55,027,"Wisconsin","Dodge County",2,12,1130,590,540
050,55,027,"Wisconsin","Dodge County",2,13,1139,594,545
050,55,027,"Wisconsin","Dodge County",2,14,1136,598,538
050,55,027,"Wisconsin","Dodge County",2,15,1178,595,583
050,55,027,"Wisconsin","Dodge County",2,16,1211,628,583
050,55,027,"Wisconsin","Dodge County",2,17,1180,607,573
050,55,027,"Wisconsin","Dodge County",2,18,1044,558,486
050,55,027,"Wisconsin","Dodge County",2,19,876,480,396
050,55,027,"Wisconsin","Dodge County",2,20,904,492,412
050,55,027,"Wisconsin","Dodge County",2,21,949,525,424
050,55,027,"Wisconsin","Dodge County",2,22,969,527,442
050,55,027,"Wisconsin","Dodge County",2,23,1053,592,461
050,55,027,"Wisconsin","Dodge County",2,24,1069,639,430
050,55,027,"Wisconsin","Dodge County",2,25,1070,648,422
050,55,027,"Wisconsin","Dodge County",2,26,1111,659,452
050,55,027,"Wisconsin","Dodge County",2,27,1170,699,471
050,55,027,"Wisconsin","Dodge County",2,28,1117,656,461
050,55,027,"Wisconsin","Dodge County",2,29,1085,628,457
050,55,027,"Wisconsin","Dodge County",2,30,1068,620,448
050,55,027,"Wisconsin","Dodge County",2,31,1038,611,427
050,55,027,"Wisconsin","Dodge County",2,32,1054,624,430
050,55,027,"Wisconsin","Dodge County",2,33,1108,635,473
050,55,027,"Wisconsin","Dodge County",2,34,1160,658,502
050,55,027,"Wisconsin","Dodge County",2,35,1202,685,517
050,55,027,"Wisconsin","Dodge County",2,36,1154,650,504
050,55,027,"Wisconsin","Dodge County",2,37,1166,651,515
050,55,027,"Wisconsin","Dodge County",2,38,1220,674,546
050,55,027,"Wisconsin","Dodge County",2,39,1229,701,528
050,55,027,"Wisconsin","Dodge County",2,40,1168,677,491
050,55,027,"Wisconsin","Dodge County",2,41,1176,684,492
050,55,027,"Wisconsin","Dodge County",2,42,1125,632,493
050,55,027,"Wisconsin","Dodge County",2,43,1116,625,491
050,55,027,"Wisconsin","Dodge County",2,44,1096,612,484
050,55,027,"Wisconsin","Dodge County",2,45,1075,594,481
050,55,027,"Wisconsin","Dodge County",2,46,1058,583,475
050,55,027,"Wisconsin","Dodge County",2,47,1063,565,498
050,55,027,"Wisconsin","Dodge County",2,48,1127,605,522
050,55,027,"Wisconsin","Dodge County",2,49,1243,668,575
050,55,027,"Wisconsin","Dodge County",2,50,1255,677,578
050,55,027,"Wisconsin","Dodge County",2,51,1253,653,600
050,55,027,"Wisconsin","Dodge County",2,52,1262,654,608
050,55,027,"Wisconsin","Dodge County",2,53,1279,675,604
050,55,027,"Wisconsin","Dodge County",2,54,1296,698,598
050,55,027,"Wisconsin","Dodge County",2,55,1331,702,629
050,55,027,"Wisconsin","Dodge County",2,56,1377,714,663
050,55,027,"Wisconsin","Dodge County",2,57,1432,729,703
050,55,027,"Wisconsin","Dodge County",2,58,1500,781,719
050,55,027,"Wisconsin","Dodge County",2,59,1490,780,710
050,55,027,"Wisconsin","Dodge County",2,60,1481,788,693
050,55,027,"Wisconsin","Dodge County",2,61,1460,772,688
050,55,027,"Wisconsin","Dodge County",2,62,1385,701,684
050,55,027,"Wisconsin","Dodge County",2,63,1317,672,645
050,55,027,"Wisconsin","Dodge County",2,64,1238,648,590
050,55,027,"Wisconsin","Dodge County",2,65,1179,622,557
050,55,027,"Wisconsin","Dodge County",2,66,1125,572,553
050,55,027,"Wisconsin","Dodge County",2,67,1068,527,541
050,55,027,"Wisconsin","Dodge County",2,68,1017,490,527
050,55,027,"Wisconsin","Dodge County",2,69,971,477,494
050,55,027,"Wisconsin","Dodge County",2,70,911,435,476
050,55,027,"Wisconsin","Dodge County",2,71,868,431,437
050,55,027,"Wisconsin","Dodge County",2,72,839,433,406
050,55,027,"Wisconsin","Dodge County",2,73,880,450,430
050,55,027,"Wisconsin","Dodge County",2,74,592,282,310
050,55,027,"Wisconsin","Dodge County",2,75,578,277,301
050,55,027,"Wisconsin","Dodge County",2,76,590,282,308
050,55,027,"Wisconsin","Dodge County",2,77,604,283,321
050,55,027,"Wisconsin","Dodge County",2,78,505,228,277
050,55,027,"Wisconsin","Dodge County",2,79,460,207,253
050,55,027,"Wisconsin","Dodge County",2,80,433,191,242
050,55,027,"Wisconsin","Dodge County",2,81,431,190,241
050,55,027,"Wisconsin","Dodge County",2,82,404,169,235
050,55,027,"Wisconsin","Dodge County",2,83,351,148,203
050,55,027,"Wisconsin","Dodge County",2,84,344,146,198
050,55,027,"Wisconsin","Dodge County",2,85,1956,695,1261
050,55,027,"Wisconsin","Dodge County",3,0,738,352,386
050,55,027,"Wisconsin","Dodge County",3,1,852,419,433
050,55,027,"Wisconsin","Dodge County",3,2,808,422,386
050,55,027,"Wisconsin","Dodge County",3,3,861,425,436
050,55,027,"Wisconsin","Dodge County",3,4,840,414,426
050,55,027,"Wisconsin","Dodge County",3,5,853,437,416
050,55,027,"Wisconsin","Dodge County",3,6,891,453,438
050,55,027,"Wisconsin","Dodge County",3,7,929,480,449
050,55,027,"Wisconsin","Dodge County",3,8,969,506,463
050,55,027,"Wisconsin","Dodge County",3,9,942,487,455
050,55,027,"Wisconsin","Dodge County",3,10,962,501,461
050,55,027,"Wisconsin","Dodge County",3,11,1027,549,478
050,55,027,"Wisconsin","Dodge County",3,12,1080,571,509
050,55,027,"Wisconsin","Dodge County",3,13,1125,592,533
050,55,027,"Wisconsin","Dodge County",3,14,1152,610,542
050,55,027,"Wisconsin","Dodge County",3,15,1137,587,550
050,55,027,"Wisconsin","Dodge County",3,16,1184,612,572
050,55,027,"Wisconsin","Dodge County",3,17,1202,637,565
050,55,027,"Wisconsin","Dodge County",3,18,1045,562,483
050,55,027,"Wisconsin","Dodge County",3,19,864,469,395
050,55,027,"Wisconsin","Dodge County",3,20,927,509,418
050,55,027,"Wisconsin","Dodge County",3,21,956,511,445
050,55,027,"Wisconsin","Dodge County",3,22,978,518,460
050,55,027,"Wisconsin","Dodge County",3,23,991,546,445
050,55,027,"Wisconsin","Dodge County",3,24,1093,627,466
050,55,027,"Wisconsin","Dodge County",3,25,1069,647,422
050,55,027,"Wisconsin","Dodge County",3,26,1076,627,449
050,55,027,"Wisconsin","Dodge County",3,27,1138,658,480
050,55,027,"Wisconsin","Dodge County",3,28,1163,687,476
050,55,027,"Wisconsin","Dodge County",3,29,1091,617,474
050,55,027,"Wisconsin","Dodge County",3,30,1085,612,473
050,55,027,"Wisconsin","Dodge County",3,31,1049,606,443
050,55,027,"Wisconsin","Dodge County",3,32,1060,623,437
050,55,027,"Wisconsin","Dodge County",3,33,1045,603,442
050,55,027,"Wisconsin","Dodge County",3,34,1090,637,453
050,55,027,"Wisconsin","Dodge County",3,35,1141,637,504
050,55,027,"Wisconsin","Dodge County",3,36,1183,662,521
050,55,027,"Wisconsin","Dodge County",3,37,1161,648,513
050,55,027,"Wisconsin","Dodge County",3,38,1173,652,521
050,55,027,"Wisconsin","Dodge County",3,39,1209,653,556
050,55,027,"Wisconsin","Dodge County",3,40,1198,664,534
050,55,027,"Wisconsin","Dodge County",3,41,1157,670,487
050,55,027,"Wisconsin","Dodge County",3,42,1149,647,502
050,55,027,"Wisconsin","Dodge County",3,43,1153,648,505
050,55,027,"Wisconsin","Dodge County",3,44,1100,608,492
050,55,027,"Wisconsin","Dodge County",3,45,1057,585,472
050,55,027,"Wisconsin","Dodge County",3,46,1092,593,499
050,55,027,"Wisconsin","Dodge County",3,47,1040,570,470
050,55,027,"Wisconsin","Dodge County",3,48,1049,554,495
050,55,027,"Wisconsin","Dodge County",3,49,1114,593,521
050,55,027,"Wisconsin","Dodge County",3,50,1239,656,583
050,55,027,"Wisconsin","Dodge County",3,51,1202,639,563
050,55,027,"Wisconsin","Dodge County",3,52,1241,649,592
050,55,027,"Wisconsin","Dodge County",3,53,1245,635,610
050,55,027,"Wisconsin","Dodge County",3,54,1271,666,605
050,55,027,"Wisconsin","Dodge County",3,55,1278,682,596
050,55,027,"Wisconsin","Dodge County",3,56,1299,674,625
050,55,027,"Wisconsin","Dodge County",3,57,1366,709,657
050,55,027,"Wisconsin","Dodge County",3,58,1451,741,710
050,55,027,"Wisconsin","Dodge County",3,59,1446,753,693
050,55,027,"Wisconsin","Dodge County",3,60,1460,756,704
050,55,027,"Wisconsin","Dodge County",3,61,1469,780,689
050,55,027,"Wisconsin","Dodge County",3,62,1431,751,680
050,55,027,"Wisconsin","Dodge County",3,63,1362,674,688
050,55,027,"Wisconsin","Dodge County",3,64,1310,669,641
050,55,027,"Wisconsin","Dodge County",3,65,1214,644,570
050,55,027,"Wisconsin","Dodge County",3,66,1160,598,562
050,55,027,"Wisconsin","Dodge County",3,67,1086,556,530
050,55,027,"Wisconsin","Dodge County",3,68,1032,508,524
050,55,027,"Wisconsin","Dodge County",3,69,989,470,519
050,55,027,"Wisconsin","Dodge County",3,70,956,463,493
050,55,027,"Wisconsin","Dodge County",3,71,905,433,472
050,55,027,"Wisconsin","Dodge County",3,72,839,412,427
050,55,027,"Wisconsin","Dodge County",3,73,832,425,407
050,55,027,"Wisconsin","Dodge County",3,74,842,426,416
050,55,027,"Wisconsin","Dodge County",3,75,585,280,305
050,55,027,"Wisconsin","Dodge County",3,76,548,260,288
050,55,027,"Wisconsin","Dodge County",3,77,549,256,293
050,55,027,"Wisconsin","Dodge County",3,78,560,263,297
050,55,027,"Wisconsin","Dodge County",3,79,478,205,273
050,55,027,"Wisconsin","Dodge County",3,80,435,199,236
050,55,027,"Wisconsin","Dodge County",3,81,404,171,233
050,55,027,"Wisconsin","Dodge County",3,82,412,178,234
050,55,027,"Wisconsin","Dodge County",3,83,358,146,212
050,55,027,"Wisconsin","Dodge County",3,84,325,139,186
050,55,027,"Wisconsin","Dodge County",3,85,1862,657,1205
050,55,027,"Wisconsin","Dodge County",4,0,752,372,380
050,55,027,"Wisconsin","Dodge County",4,1,753,361,392
050,55,027,"Wisconsin","Dodge County",4,2,850,426,424
050,55,027,"Wisconsin","Dodge County",4,3,795,420,375
050,55,027,"Wisconsin","Dodge County",4,4,873,440,433
050,55,027,"Wisconsin","Dodge County",4,5,854,430,424
050,55,027,"Wisconsin","Dodge County",4,6,883,444,439
050,55,027,"Wisconsin","Dodge County",4,7,897,449,448
050,55,027,"Wisconsin","Dodge County",4,8,933,485,448
050,55,027,"Wisconsin","Dodge County",4,9,981,503,478
050,55,027,"Wisconsin","Dodge County",4,10,934,482,452
050,55,027,"Wisconsin","Dodge County",4,11,963,500,463
050,55,027,"Wisconsin","Dodge County",4,12,1041,554,487
050,55,027,"Wisconsin","Dodge County",4,13,1082,564,518
050,55,027,"Wisconsin","Dodge County",4,14,1135,606,529
050,55,027,"Wisconsin","Dodge County",4,15,1164,598,566
050,55,027,"Wisconsin","Dodge County",4,16,1142,603,539
050,55,027,"Wisconsin","Dodge County",4,17,1181,620,561
050,55,027,"Wisconsin","Dodge County",4,18,1065,577,488
050,55,027,"Wisconsin","Dodge County",4,19,840,467,373
050,55,027,"Wisconsin","Dodge County",4,20,893,504,389
050,55,027,"Wisconsin","Dodge County",4,21,951,531,420
050,55,027,"Wisconsin","Dodge County",4,22,964,514,450
050,55,027,"Wisconsin","Dodge County",4,23,1026,558,468
050,55,027,"Wisconsin","Dodge County",4,24,1030,591,439
050,55,027,"Wisconsin","Dodge County",4,25,1076,605,471
050,55,027,"Wisconsin","Dodge County",4,26,1054,638,416
050,55,027,"Wisconsin","Dodge County",4,27,1124,669,455
050,55,027,"Wisconsin","Dodge County",4,28,1155,668,487
050,55,027,"Wisconsin","Dodge County",4,29,1129,654,475
050,55,027,"Wisconsin","Dodge County",4,30,1105,619,486
050,55,027,"Wisconsin","Dodge County",4,31,1081,602,479
050,55,027,"Wisconsin","Dodge County",4,32,1078,625,453
050,55,027,"Wisconsin","Dodge County",4,33,1101,639,462
050,55,027,"Wisconsin","Dodge County",4,34,1052,607,445
050,55,027,"Wisconsin","Dodge County",4,35,1110,637,473
050,55,027,"Wisconsin","Dodge County",4,36,1163,650,513
050,55,027,"Wisconsin","Dodge County",4,37,1202,667,535
050,55,027,"Wisconsin","Dodge County",4,38,1171,659,512
050,55,027,"Wisconsin","Dodge County",4,39,1173,649,524
050,55,027,"Wisconsin","Dodge County",4,40,1177,627,550
050,55,027,"Wisconsin","Dodge County",4,41,1217,687,530
050,55,027,"Wisconsin","Dodge County",4,42,1131,641,490
050,55,027,"Wisconsin","Dodge County",4,43,1160,655,505
050,55,027,"Wisconsin","Dodge County",4,44,1155,657,498
050,55,027,"Wisconsin","Dodge County",4,45,1086,587,499
050,55,027,"Wisconsin","Dodge County",4,46,1066,573,493
050,55,027,"Wisconsin","Dodge County",4,47,1080,590,490
050,55,027,"Wisconsin","Dodge County",4,48,1026,558,468
050,55,027,"Wisconsin","Dodge County",4,49,1052,550,502
050,55,027,"Wisconsin","Dodge County",4,50,1103,593,510
050,55,027,"Wisconsin","Dodge County",4,51,1221,649,572
050,55,027,"Wisconsin","Dodge County",4,52,1208,641,567
050,55,027,"Wisconsin","Dodge County",4,53,1238,639,599
050,55,027,"Wisconsin","Dodge County",4,54,1246,626,620
050,55,027,"Wisconsin","Dodge County",4,55,1258,649,609
050,55,027,"Wisconsin","Dodge County",4,56,1252,668,584
050,55,027,"Wisconsin","Dodge County",4,57,1294,676,618
050,55,027,"Wisconsin","Dodge County",4,58,1369,710,659
050,55,027,"Wisconsin","Dodge County",4,59,1423,730,693
050,55,027,"Wisconsin","Dodge County",4,60,1415,722,693
050,55,027,"Wisconsin","Dodge County",4,61,1440,751,689
050,55,027,"Wisconsin","Dodge County",4,62,1452,761,691
050,55,027,"Wisconsin","Dodge County",4,63,1435,756,679
050,55,027,"Wisconsin","Dodge County",4,64,1341,674,667
050,55,027,"Wisconsin","Dodge County",4,65,1280,651,629
050,55,027,"Wisconsin","Dodge County",4,66,1179,625,554
050,55,027,"Wisconsin","Dodge County",4,67,1156,590,566
050,55,027,"Wisconsin","Dodge County",4,68,1068,542,526
050,55,027,"Wisconsin","Dodge County",4,69,1009,490,519
050,55,027,"Wisconsin","Dodge County",4,70,983,469,514
050,55,027,"Wisconsin","Dodge County",4,71,930,454,476
050,55,027,"Wisconsin","Dodge County",4,72,875,409,466
050,55,027,"Wisconsin","Dodge County",4,73,835,409,426
050,55,027,"Wisconsin","Dodge County",4,74,808,402,406
050,55,027,"Wisconsin","Dodge County",4,75,802,407,395
050,55,027,"Wisconsin","Dodge County",4,76,567,274,293
050,55,027,"Wisconsin","Dodge County",4,77,519,247,272
050,55,027,"Wisconsin","Dodge County",4,78,517,240,277
050,55,027,"Wisconsin","Dodge County",4,79,532,242,290
050,55,027,"Wisconsin","Dodge County",4,80,449,197,252
050,55,027,"Wisconsin","Dodge County",4,81,400,175,225
050,55,027,"Wisconsin","Dodge County",4,82,381,157,224
050,55,027,"Wisconsin","Dodge County",4,83,370,159,211
050,55,027,"Wisconsin","Dodge County",4,84,318,128,190
050,55,027,"Wisconsin","Dodge County",4,85,1795,633,1162
050,55,027,"Wisconsin","Dodge County",5,0,749,369,380
050,55,027,"Wisconsin","Dodge County",5,1,797,391,406
050,55,027,"Wisconsin","Dodge County",5,2,742,361,381
050,55,027,"Wisconsin","Dodge County",5,3,848,431,417
050,55,027,"Wisconsin","Dodge County",5,4,795,418,377
050,55,027,"Wisconsin","Dodge County",5,5,858,435,423
050,55,027,"Wisconsin","Dodge County",5,6,867,432,435
050,55,027,"Wisconsin","Dodge County",5,7,902,452,450
050,55,027,"Wisconsin","Dodge County",5,8,876,450,426
050,55,027,"Wisconsin","Dodge County",5,9,919,481,438
050,55,027,"Wisconsin","Dodge County",5,10,970,501,469
050,55,027,"Wisconsin","Dodge County",5,11,937,484,453
050,55,027,"Wisconsin","Dodge County",5,12,953,492,461
050,55,027,"Wisconsin","Dodge County",5,13,1030,554,476
050,55,027,"Wisconsin","Dodge County",5,14,1090,559,531
050,55,027,"Wisconsin","Dodge County",5,15,1178,610,568
050,55,027,"Wisconsin","Dodge County",5,16,1197,629,568
050,55,027,"Wisconsin","Dodge County",5,17,1147,623,524
050,55,027,"Wisconsin","Dodge County",5,18,1041,565,476
050,55,027,"Wisconsin","Dodge County",5,19,882,492,390
050,55,027,"Wisconsin","Dodge County",5,20,903,512,391
050,55,027,"Wisconsin","Dodge County",5,21,935,529,406
050,55,027,"Wisconsin","Dodge County",5,22,1004,526,478
050,55,027,"Wisconsin","Dodge County",5,23,1033,565,468
050,55,027,"Wisconsin","Dodge County",5,24,1040,595,445
050,55,027,"Wisconsin","Dodge County",5,25,1049,602,447
050,55,027,"Wisconsin","Dodge County",5,26,1094,617,477
050,55,027,"Wisconsin","Dodge County",5,27,1096,679,417
050,55,027,"Wisconsin","Dodge County",5,28,1103,668,435
050,55,027,"Wisconsin","Dodge County",5,29,1129,644,485
050,55,027,"Wisconsin","Dodge County",5,30,1109,638,471
050,55,027,"Wisconsin","Dodge County",5,31,1106,601,505
050,55,027,"Wisconsin","Dodge County",5,32,1091,621,470
050,55,027,"Wisconsin","Dodge County",5,33,1090,631,459
050,55,027,"Wisconsin","Dodge County",5,34,1091,633,458
050,55,027,"Wisconsin","Dodge County",5,35,1030,588,442
050,55,027,"Wisconsin","Dodge County",5,36,1111,641,470
050,55,027,"Wisconsin","Dodge County",5,37,1173,645,528
050,55,027,"Wisconsin","Dodge County",5,38,1229,694,535
050,55,027,"Wisconsin","Dodge County",5,39,1191,674,517
050,55,027,"Wisconsin","Dodge County",5,40,1143,614,529
050,55,027,"Wisconsin","Dodge County",5,41,1205,650,555
050,55,027,"Wisconsin","Dodge County",5,42,1203,659,544
050,55,027,"Wisconsin","Dodge County",5,43,1170,663,507
050,55,027,"Wisconsin","Dodge County",5,44,1163,658,505
050,55,027,"Wisconsin","Dodge County",5,45,1141,649,492
050,55,027,"Wisconsin","Dodge County",5,46,1097,588,509
050,55,027,"Wisconsin","Dodge County",5,47,1073,578,495
050,55,027,"Wisconsin","Dodge County",5,48,1085,592,493
050,55,027,"Wisconsin","Dodge County",5,49,1038,557,481
050,55,027,"Wisconsin","Dodge County",5,50,1054,556,498
050,55,027,"Wisconsin","Dodge County",5,51,1086,569,517
050,55,027,"Wisconsin","Dodge County",5,52,1209,647,562
050,55,027,"Wisconsin","Dodge County",5,53,1197,632,565
050,55,027,"Wisconsin","Dodge County",5,54,1246,635,611
050,55,027,"Wisconsin","Dodge County",5,55,1244,621,623
050,55,027,"Wisconsin","Dodge County",5,56,1251,646,605
050,55,027,"Wisconsin","Dodge County",5,57,1260,675,585
050,55,027,"Wisconsin","Dodge County",5,58,1306,665,641
050,55,027,"Wisconsin","Dodge County",5,59,1340,699,641
050,55,027,"Wisconsin","Dodge County",5,60,1416,724,692
050,55,027,"Wisconsin","Dodge County",5,61,1399,716,683
050,55,027,"Wisconsin","Dodge County",5,62,1432,737,695
050,55,027,"Wisconsin","Dodge County",5,63,1469,770,699
050,55,027,"Wisconsin","Dodge County",5,64,1406,747,659
050,55,027,"Wisconsin","Dodge County",5,65,1322,666,656
050,55,027,"Wisconsin","Dodge County",5,66,1251,631,620
050,55,027,"Wisconsin","Dodge County",5,67,1151,612,539
050,55,027,"Wisconsin","Dodge County",5,68,1121,574,547
050,55,027,"Wisconsin","Dodge County",5,69,1053,529,524
050,55,027,"Wisconsin","Dodge County",5,70,987,476,511
050,55,027,"Wisconsin","Dodge County",5,71,966,455,511
050,55,027,"Wisconsin","Dodge County",5,72,897,438,459
050,55,027,"Wisconsin","Dodge County",5,73,863,407,456
050,55,027,"Wisconsin","Dodge County",5,74,802,385,417
050,55,027,"Wisconsin","Dodge County",5,75,782,388,394
050,55,027,"Wisconsin","Dodge County",5,76,771,392,379
050,55,027,"Wisconsin","Dodge County",5,77,538,260,278
050,55,027,"Wisconsin","Dodge County",5,78,483,227,256
050,55,027,"Wisconsin","Dodge County",5,79,488,226,262
050,55,027,"Wisconsin","Dodge County",5,80,498,227,271
050,55,027,"Wisconsin","Dodge County",5,81,420,182,238
050,55,027,"Wisconsin","Dodge County",5,82,386,167,219
050,55,027,"Wisconsin","Dodge County",5,83,342,137,205
050,55,027,"Wisconsin","Dodge County",5,84,334,143,191
050,55,027,"Wisconsin","Dodge County",5,85,1758,620,1138
050,55,029,"Wisconsin","Door County",1,0,218,112,106
050,55,029,"Wisconsin","Door County",1,1,236,122,114
050,55,029,"Wisconsin","Door County",1,2,236,123,113
050,55,029,"Wisconsin","Door County",1,3,232,113,119
050,55,029,"Wisconsin","Door County",1,4,258,140,118
050,55,029,"Wisconsin","Door County",1,5,236,122,114
050,55,029,"Wisconsin","Door County",1,6,232,120,112
050,55,029,"Wisconsin","Door County",1,7,231,124,107
050,55,029,"Wisconsin","Door County",1,8,244,130,114
050,55,029,"Wisconsin","Door County",1,9,258,145,113
050,55,029,"Wisconsin","Door County",1,10,300,158,142
050,55,029,"Wisconsin","Door County",1,11,305,145,160
050,55,029,"Wisconsin","Door County",1,12,341,171,170
050,55,029,"Wisconsin","Door County",1,13,318,164,154
050,55,029,"Wisconsin","Door County",1,14,331,185,146
050,55,029,"Wisconsin","Door County",1,15,312,168,144
050,55,029,"Wisconsin","Door County",1,16,338,182,156
050,55,029,"Wisconsin","Door County",1,17,333,171,162
050,55,029,"Wisconsin","Door County",1,18,288,147,141
050,55,029,"Wisconsin","Door County",1,19,253,136,117
050,55,029,"Wisconsin","Door County",1,20,241,116,125
050,55,029,"Wisconsin","Door County",1,21,234,112,122
050,55,029,"Wisconsin","Door County",1,22,242,121,121
050,55,029,"Wisconsin","Door County",1,23,248,119,129
050,55,029,"Wisconsin","Door County",1,24,231,128,103
050,55,029,"Wisconsin","Door County",1,25,232,127,105
050,55,029,"Wisconsin","Door County",1,26,269,136,133
050,55,029,"Wisconsin","Door County",1,27,268,129,139
050,55,029,"Wisconsin","Door County",1,28,278,150,128
050,55,029,"Wisconsin","Door County",1,29,255,128,127
050,55,029,"Wisconsin","Door County",1,30,222,111,111
050,55,029,"Wisconsin","Door County",1,31,222,113,109
050,55,029,"Wisconsin","Door County",1,32,267,140,127
050,55,029,"Wisconsin","Door County",1,33,274,135,139
050,55,029,"Wisconsin","Door County",1,34,260,134,126
050,55,029,"Wisconsin","Door County",1,35,269,137,132
050,55,029,"Wisconsin","Door County",1,36,281,141,140
050,55,029,"Wisconsin","Door County",1,37,282,143,139
050,55,029,"Wisconsin","Door County",1,38,299,144,155
050,55,029,"Wisconsin","Door County",1,39,341,172,169
050,55,029,"Wisconsin","Door County",1,40,328,167,161
050,55,029,"Wisconsin","Door County",1,41,315,171,144
050,55,029,"Wisconsin","Door County",1,42,283,149,134
050,55,029,"Wisconsin","Door County",1,43,301,162,139
050,55,029,"Wisconsin","Door County",1,44,300,161,139
050,55,029,"Wisconsin","Door County",1,45,304,160,144
050,55,029,"Wisconsin","Door County",1,46,282,152,130
050,55,029,"Wisconsin","Door County",1,47,314,156,158
050,55,029,"Wisconsin","Door County",1,48,336,159,177
050,55,029,"Wisconsin","Door County",1,49,339,171,168
050,55,029,"Wisconsin","Door County",1,50,325,171,154
050,55,029,"Wisconsin","Door County",1,51,344,185,159
050,55,029,"Wisconsin","Door County",1,52,350,187,163
050,55,029,"Wisconsin","Door County",1,53,357,180,177
050,55,029,"Wisconsin","Door County",1,54,387,186,201
050,55,029,"Wisconsin","Door County",1,55,402,184,218
050,55,029,"Wisconsin","Door County",1,56,460,214,246
050,55,029,"Wisconsin","Door County",1,57,479,240,239
050,55,029,"Wisconsin","Door County",1,58,528,272,256
050,55,029,"Wisconsin","Door County",1,59,561,284,277
050,55,029,"Wisconsin","Door County",1,60,560,276,284
050,55,029,"Wisconsin","Door County",1,61,584,288,296
050,55,029,"Wisconsin","Door County",1,62,598,292,306
050,55,029,"Wisconsin","Door County",1,63,616,297,319
050,55,029,"Wisconsin","Door County",1,64,584,290,294
050,55,029,"Wisconsin","Door County",1,65,593,287,306
050,55,029,"Wisconsin","Door County",1,66,624,301,323
050,55,029,"Wisconsin","Door County",1,67,623,293,330
050,55,029,"Wisconsin","Door County",1,68,647,324,323
050,55,029,"Wisconsin","Door County",1,69,611,304,307
050,55,029,"Wisconsin","Door County",1,70,600,298,302
050,55,029,"Wisconsin","Door County",1,71,539,257,282
050,55,029,"Wisconsin","Door County",1,72,532,260,272
050,55,029,"Wisconsin","Door County",1,73,523,259,264
050,55,029,"Wisconsin","Door County",1,74,361,180,181
050,55,029,"Wisconsin","Door County",1,75,359,177,182
050,55,029,"Wisconsin","Door County",1,76,363,175,188
050,55,029,"Wisconsin","Door County",1,77,353,177,176
050,55,029,"Wisconsin","Door County",1,78,303,144,159
050,55,029,"Wisconsin","Door County",1,79,262,126,136
050,55,029,"Wisconsin","Door County",1,80,210,102,108
050,55,029,"Wisconsin","Door County",1,81,213,106,107
050,55,029,"Wisconsin","Door County",1,82,200,102,98
050,55,029,"Wisconsin","Door County",1,83,172,86,86
050,55,029,"Wisconsin","Door County",1,84,167,74,93
050,55,029,"Wisconsin","Door County",1,85,858,320,538
050,55,029,"Wisconsin","Door County",2,0,216,111,105
050,55,029,"Wisconsin","Door County",2,1,230,119,111
050,55,029,"Wisconsin","Door County",2,2,235,122,113
050,55,029,"Wisconsin","Door County",2,3,234,115,119
050,55,029,"Wisconsin","Door County",2,4,254,133,121
050,55,029,"Wisconsin","Door County",2,5,244,127,117
050,55,029,"Wisconsin","Door County",2,6,235,122,113
050,55,029,"Wisconsin","Door County",2,7,233,124,109
050,55,029,"Wisconsin","Door County",2,8,242,129,113
050,55,029,"Wisconsin","Door County",2,9,254,142,112
050,55,029,"Wisconsin","Door County",2,10,290,155,135
050,55,029,"Wisconsin","Door County",2,11,303,148,155
050,55,029,"Wisconsin","Door County",2,12,333,165,168
050,55,029,"Wisconsin","Door County",2,13,325,166,159
050,55,029,"Wisconsin","Door County",2,14,328,180,148
050,55,029,"Wisconsin","Door County",2,15,318,172,146
050,55,029,"Wisconsin","Door County",2,16,336,181,155
050,55,029,"Wisconsin","Door County",2,17,339,178,161
050,55,029,"Wisconsin","Door County",2,18,286,148,138
050,55,029,"Wisconsin","Door County",2,19,256,136,120
050,55,029,"Wisconsin","Door County",2,20,240,118,122
050,55,029,"Wisconsin","Door County",2,21,239,116,123
050,55,029,"Wisconsin","Door County",2,22,243,120,123
050,55,029,"Wisconsin","Door County",2,23,246,120,126
050,55,029,"Wisconsin","Door County",2,24,234,125,109
050,55,029,"Wisconsin","Door County",2,25,232,128,104
050,55,029,"Wisconsin","Door County",2,26,261,134,127
050,55,029,"Wisconsin","Door County",2,27,270,131,139
050,55,029,"Wisconsin","Door County",2,28,280,147,133
050,55,029,"Wisconsin","Door County",2,29,263,134,129
050,55,029,"Wisconsin","Door County",2,30,233,117,116
050,55,029,"Wisconsin","Door County",2,31,224,115,109
050,55,029,"Wisconsin","Door County",2,32,255,132,123
050,55,029,"Wisconsin","Door County",2,33,274,137,137
050,55,029,"Wisconsin","Door County",2,34,266,135,131
050,55,029,"Wisconsin","Door County",2,35,269,136,133
050,55,029,"Wisconsin","Door County",2,36,274,139,135
050,55,029,"Wisconsin","Door County",2,37,282,142,140
050,55,029,"Wisconsin","Door County",2,38,296,145,151
050,55,029,"Wisconsin","Door County",2,39,332,166,166
050,55,029,"Wisconsin","Door County",2,40,334,171,163
050,55,029,"Wisconsin","Door County",2,41,319,172,147
050,55,029,"Wisconsin","Door County",2,42,288,153,135
050,55,029,"Wisconsin","Door County",2,43,301,162,139
050,55,029,"Wisconsin","Door County",2,44,300,161,139
050,55,029,"Wisconsin","Door County",2,45,305,162,143
050,55,029,"Wisconsin","Door County",2,46,288,155,133
050,55,029,"Wisconsin","Door County",2,47,305,153,152
050,55,029,"Wisconsin","Door County",2,48,332,158,174
050,55,029,"Wisconsin","Door County",2,49,341,170,171
050,55,029,"Wisconsin","Door County",2,50,330,172,158
050,55,029,"Wisconsin","Door County",2,51,339,182,157
050,55,029,"Wisconsin","Door County",2,52,349,188,161
050,55,029,"Wisconsin","Door County",2,53,357,183,174
050,55,029,"Wisconsin","Door County",2,54,380,184,196
050,55,029,"Wisconsin","Door County",2,55,402,187,215
050,55,029,"Wisconsin","Door County",2,56,452,209,243
050,55,029,"Wisconsin","Door County",2,57,480,236,244
050,55,029,"Wisconsin","Door County",2,58,517,264,253
050,55,029,"Wisconsin","Door County",2,59,560,283,277
050,55,029,"Wisconsin","Door County",2,60,559,277,282
050,55,029,"Wisconsin","Door County",2,61,576,285,291
050,55,029,"Wisconsin","Door County",2,62,601,295,306
050,55,029,"Wisconsin","Door County",2,63,618,300,318
050,55,029,"Wisconsin","Door County",2,64,592,293,299
050,55,029,"Wisconsin","Door County",2,65,598,291,307
050,55,029,"Wisconsin","Door County",2,66,622,301,321
050,55,029,"Wisconsin","Door County",2,67,623,293,330
050,55,029,"Wisconsin","Door County",2,68,636,313,323
050,55,029,"Wisconsin","Door County",2,69,626,312,314
050,55,029,"Wisconsin","Door County",2,70,604,301,303
050,55,029,"Wisconsin","Door County",2,71,554,267,287
050,55,029,"Wisconsin","Door County",2,72,523,253,270
050,55,029,"Wisconsin","Door County",2,73,547,268,279
050,55,029,"Wisconsin","Door County",2,74,376,187,189
050,55,029,"Wisconsin","Door County",2,75,358,177,181
050,55,029,"Wisconsin","Door County",2,76,352,173,179
050,55,029,"Wisconsin","Door County",2,77,362,180,182
050,55,029,"Wisconsin","Door County",2,78,307,148,159
050,55,029,"Wisconsin","Door County",2,79,267,129,138
050,55,029,"Wisconsin","Door County",2,80,218,105,113
050,55,029,"Wisconsin","Door County",2,81,208,102,106
050,55,029,"Wisconsin","Door County",2,82,202,102,100
050,55,029,"Wisconsin","Door County",2,83,177,89,88
050,55,029,"Wisconsin","Door County",2,84,168,77,91
050,55,029,"Wisconsin","Door County",2,85,860,323,537
050,55,029,"Wisconsin","Door County",3,0,206,112,94
050,55,029,"Wisconsin","Door County",3,1,229,120,109
050,55,029,"Wisconsin","Door County",3,2,232,116,116
050,55,029,"Wisconsin","Door County",3,3,242,127,115
050,55,029,"Wisconsin","Door County",3,4,244,125,119
050,55,029,"Wisconsin","Door County",3,5,257,138,119
050,55,029,"Wisconsin","Door County",3,6,262,131,131
050,55,029,"Wisconsin","Door County",3,7,246,129,117
050,55,029,"Wisconsin","Door County",3,8,238,126,112
050,55,029,"Wisconsin","Door County",3,9,246,134,112
050,55,029,"Wisconsin","Door County",3,10,259,140,119
050,55,029,"Wisconsin","Door County",3,11,295,158,137
050,55,029,"Wisconsin","Door County",3,12,303,155,148
050,55,029,"Wisconsin","Door County",3,13,330,161,169
050,55,029,"Wisconsin","Door County",3,14,319,163,156
050,55,029,"Wisconsin","Door County",3,15,330,180,150
050,55,029,"Wisconsin","Door County",3,16,313,174,139
050,55,029,"Wisconsin","Door County",3,17,349,193,156
050,55,029,"Wisconsin","Door County",3,18,302,160,142
050,55,029,"Wisconsin","Door County",3,19,263,142,121
050,55,029,"Wisconsin","Door County",3,20,245,125,120
050,55,029,"Wisconsin","Door County",3,21,262,130,132
050,55,029,"Wisconsin","Door County",3,22,252,120,132
050,55,029,"Wisconsin","Door County",3,23,242,117,125
050,55,029,"Wisconsin","Door County",3,24,234,118,116
050,55,029,"Wisconsin","Door County",3,25,245,132,113
050,55,029,"Wisconsin","Door County",3,26,243,130,113
050,55,029,"Wisconsin","Door County",3,27,265,136,129
050,55,029,"Wisconsin","Door County",3,28,272,134,138
050,55,029,"Wisconsin","Door County",3,29,287,142,145
050,55,029,"Wisconsin","Door County",3,30,272,135,137
050,55,029,"Wisconsin","Door County",3,31,234,115,119
050,55,029,"Wisconsin","Door County",3,32,228,114,114
050,55,029,"Wisconsin","Door County",3,33,261,130,131
050,55,029,"Wisconsin","Door County",3,34,280,132,148
050,55,029,"Wisconsin","Door County",3,35,276,143,133
050,55,029,"Wisconsin","Door County",3,36,273,138,135
050,55,029,"Wisconsin","Door County",3,37,286,150,136
050,55,029,"Wisconsin","Door County",3,38,288,145,143
050,55,029,"Wisconsin","Door County",3,39,282,136,146
050,55,029,"Wisconsin","Door County",3,40,339,167,172
050,55,029,"Wisconsin","Door County",3,41,333,174,159
050,55,029,"Wisconsin","Door County",3,42,316,170,146
050,55,029,"Wisconsin","Door County",3,43,293,157,136
050,55,029,"Wisconsin","Door County",3,44,310,170,140
050,55,029,"Wisconsin","Door County",3,45,309,156,153
050,55,029,"Wisconsin","Door County",3,46,310,166,144
050,55,029,"Wisconsin","Door County",3,47,297,157,140
050,55,029,"Wisconsin","Door County",3,48,306,156,150
050,55,029,"Wisconsin","Door County",3,49,340,161,179
050,55,029,"Wisconsin","Door County",3,50,346,173,173
050,55,029,"Wisconsin","Door County",3,51,342,176,166
050,55,029,"Wisconsin","Door County",3,52,352,187,165
050,55,029,"Wisconsin","Door County",3,53,347,184,163
050,55,029,"Wisconsin","Door County",3,54,378,192,186
050,55,029,"Wisconsin","Door County",3,55,385,183,202
050,55,029,"Wisconsin","Door County",3,56,422,201,221
050,55,029,"Wisconsin","Door County",3,57,463,210,253
050,55,029,"Wisconsin","Door County",3,58,492,248,244
050,55,029,"Wisconsin","Door County",3,59,547,277,270
050,55,029,"Wisconsin","Door County",3,60,580,304,276
050,55,029,"Wisconsin","Door County",3,61,571,283,288
050,55,029,"Wisconsin","Door County",3,62,608,299,309
050,55,029,"Wisconsin","Door County",3,63,625,310,315
050,55,029,"Wisconsin","Door County",3,64,646,314,332
050,55,029,"Wisconsin","Door County",3,65,625,300,325
050,55,029,"Wisconsin","Door County",3,66,607,298,309
050,55,029,"Wisconsin","Door County",3,67,625,305,320
050,55,029,"Wisconsin","Door County",3,68,617,287,330
050,55,029,"Wisconsin","Door County",3,69,623,303,320
050,55,029,"Wisconsin","Door County",3,70,623,309,314
050,55,029,"Wisconsin","Door County",3,71,587,295,292
050,55,029,"Wisconsin","Door County",3,72,562,271,291
050,55,029,"Wisconsin","Door County",3,73,512,247,265
050,55,029,"Wisconsin","Door County",3,74,529,257,272
050,55,029,"Wisconsin","Door County",3,75,363,185,178
050,55,029,"Wisconsin","Door County",3,76,341,169,172
050,55,029,"Wisconsin","Door County",3,77,333,160,173
050,55,029,"Wisconsin","Door County",3,78,355,174,181
050,55,029,"Wisconsin","Door County",3,79,306,152,154
050,55,029,"Wisconsin","Door County",3,80,249,116,133
050,55,029,"Wisconsin","Door County",3,81,208,101,107
050,55,029,"Wisconsin","Door County",3,82,196,96,100
050,55,029,"Wisconsin","Door County",3,83,191,94,97
050,55,029,"Wisconsin","Door County",3,84,165,77,88
050,55,029,"Wisconsin","Door County",3,85,859,325,534
050,55,029,"Wisconsin","Door County",4,0,216,110,106
050,55,029,"Wisconsin","Door County",4,1,221,118,103
050,55,029,"Wisconsin","Door County",4,2,222,117,105
050,55,029,"Wisconsin","Door County",4,3,227,113,114
050,55,029,"Wisconsin","Door County",4,4,245,131,114
050,55,029,"Wisconsin","Door County",4,5,244,120,124
050,55,029,"Wisconsin","Door County",4,6,247,132,115
050,55,029,"Wisconsin","Door County",4,7,258,133,125
050,55,029,"Wisconsin","Door County",4,8,246,136,110
050,55,029,"Wisconsin","Door County",4,9,244,131,113
050,55,029,"Wisconsin","Door County",4,10,258,137,121
050,55,029,"Wisconsin","Door County",4,11,262,145,117
050,55,029,"Wisconsin","Door County",4,12,299,155,144
050,55,029,"Wisconsin","Door County",4,13,297,151,146
050,55,029,"Wisconsin","Door County",4,14,339,166,173
050,55,029,"Wisconsin","Door County",4,15,317,159,158
050,55,029,"Wisconsin","Door County",4,16,339,183,156
050,55,029,"Wisconsin","Door County",4,17,332,185,147
050,55,029,"Wisconsin","Door County",4,18,305,169,136
050,55,029,"Wisconsin","Door County",4,19,271,148,123
050,55,029,"Wisconsin","Door County",4,20,240,119,121
050,55,029,"Wisconsin","Door County",4,21,252,131,121
050,55,029,"Wisconsin","Door County",4,22,252,124,128
050,55,029,"Wisconsin","Door County",4,23,244,115,129
050,55,029,"Wisconsin","Door County",4,24,246,123,123
050,55,029,"Wisconsin","Door County",4,25,226,115,111
050,55,029,"Wisconsin","Door County",4,26,249,142,107
050,55,029,"Wisconsin","Door County",4,27,242,128,114
050,55,029,"Wisconsin","Door County",4,28,259,134,125
050,55,029,"Wisconsin","Door County",4,29,273,136,137
050,55,029,"Wisconsin","Door County",4,30,279,135,144
050,55,029,"Wisconsin","Door County",4,31,299,144,155
050,55,029,"Wisconsin","Door County",4,32,247,122,125
050,55,029,"Wisconsin","Door County",4,33,232,121,111
050,55,029,"Wisconsin","Door County",4,34,267,135,132
050,55,029,"Wisconsin","Door County",4,35,272,134,138
050,55,029,"Wisconsin","Door County",4,36,284,142,142
050,55,029,"Wisconsin","Door County",4,37,284,140,144
050,55,029,"Wisconsin","Door County",4,38,295,161,134
050,55,029,"Wisconsin","Door County",4,39,293,142,151
050,55,029,"Wisconsin","Door County",4,40,287,140,147
050,55,029,"Wisconsin","Door County",4,41,337,168,169
050,55,029,"Wisconsin","Door County",4,42,350,178,172
050,55,029,"Wisconsin","Door County",4,43,317,171,146
050,55,029,"Wisconsin","Door County",4,44,295,160,135
050,55,029,"Wisconsin","Door County",4,45,319,169,150
050,55,029,"Wisconsin","Door County",4,46,305,152,153
050,55,029,"Wisconsin","Door County",4,47,313,168,145
050,55,029,"Wisconsin","Door County",4,48,297,160,137
050,55,029,"Wisconsin","Door County",4,49,310,156,154
050,55,029,"Wisconsin","Door County",4,50,341,165,176
050,55,029,"Wisconsin","Door County",4,51,351,174,177
050,55,029,"Wisconsin","Door County",4,52,361,182,179
050,55,029,"Wisconsin","Door County",4,53,351,182,169
050,55,029,"Wisconsin","Door County",4,54,354,191,163
050,55,029,"Wisconsin","Door County",4,55,388,192,196
050,55,029,"Wisconsin","Door County",4,56,380,181,199
050,55,029,"Wisconsin","Door County",4,57,446,212,234
050,55,029,"Wisconsin","Door County",4,58,476,214,262
050,55,029,"Wisconsin","Door County",4,59,497,250,247
050,55,029,"Wisconsin","Door County",4,60,540,273,267
050,55,029,"Wisconsin","Door County",4,61,597,305,292
050,55,029,"Wisconsin","Door County",4,62,586,292,294
050,55,029,"Wisconsin","Door County",4,63,618,309,309
050,55,029,"Wisconsin","Door County",4,64,640,312,328
050,55,029,"Wisconsin","Door County",4,65,664,322,342
050,55,029,"Wisconsin","Door County",4,66,638,312,326
050,55,029,"Wisconsin","Door County",4,67,620,303,317
050,55,029,"Wisconsin","Door County",4,68,612,298,314
050,55,029,"Wisconsin","Door County",4,69,615,290,325
050,55,029,"Wisconsin","Door County",4,70,638,313,325
050,55,029,"Wisconsin","Door County",4,71,620,306,314
050,55,029,"Wisconsin","Door County",4,72,576,295,281
050,55,029,"Wisconsin","Door County",4,73,549,265,284
050,55,029,"Wisconsin","Door County",4,74,510,250,260
050,55,029,"Wisconsin","Door County",4,75,508,246,262
050,55,029,"Wisconsin","Door County",4,76,352,176,176
050,55,029,"Wisconsin","Door County",4,77,338,164,174
050,55,029,"Wisconsin","Door County",4,78,333,158,175
050,55,029,"Wisconsin","Door County",4,79,350,176,174
050,55,029,"Wisconsin","Door County",4,80,290,140,150
050,55,029,"Wisconsin","Door County",4,81,243,109,134
050,55,029,"Wisconsin","Door County",4,82,198,95,103
050,55,029,"Wisconsin","Door County",4,83,186,89,97
050,55,029,"Wisconsin","Door County",4,84,178,83,95
050,55,029,"Wisconsin","Door County",4,85,853,330,523
050,55,029,"Wisconsin","Door County",5,0,211,109,102
050,55,029,"Wisconsin","Door County",5,1,217,110,107
050,55,029,"Wisconsin","Door County",5,2,222,112,110
050,55,029,"Wisconsin","Door County",5,3,222,120,102
050,55,029,"Wisconsin","Door County",5,4,227,114,113
050,55,029,"Wisconsin","Door County",5,5,245,132,113
050,55,029,"Wisconsin","Door County",5,6,253,127,126
050,55,029,"Wisconsin","Door County",5,7,259,140,119
050,55,029,"Wisconsin","Door County",5,8,261,135,126
050,55,029,"Wisconsin","Door County",5,9,258,139,119
050,55,029,"Wisconsin","Door County",5,10,236,126,110
050,55,029,"Wisconsin","Door County",5,11,255,136,119
050,55,029,"Wisconsin","Door County",5,12,257,138,119
050,55,029,"Wisconsin","Door County",5,13,301,159,142
050,55,029,"Wisconsin","Door County",5,14,298,153,145
050,55,029,"Wisconsin","Door County",5,15,327,156,171
050,55,029,"Wisconsin","Door County",5,16,319,162,157
050,55,029,"Wisconsin","Door County",5,17,346,193,153
050,55,029,"Wisconsin","Door County",5,18,283,163,120
050,55,029,"Wisconsin","Door County",5,19,266,145,121
050,55,029,"Wisconsin","Door County",5,20,251,131,120
050,55,029,"Wisconsin","Door County",5,21,244,128,116
050,55,029,"Wisconsin","Door County",5,22,266,135,131
050,55,029,"Wisconsin","Door County",5,23,267,121,146
050,55,029,"Wisconsin","Door County",5,24,238,122,116
050,55,029,"Wisconsin","Door County",5,25,241,113,128
050,55,029,"Wisconsin","Door County",5,26,240,116,124
050,55,029,"Wisconsin","Door County",5,27,236,130,106
050,55,029,"Wisconsin","Door County",5,28,235,127,108
050,55,029,"Wisconsin","Door County",5,29,264,134,130
050,55,029,"Wisconsin","Door County",5,30,261,129,132
050,55,029,"Wisconsin","Door County",5,31,281,141,140
050,55,029,"Wisconsin","Door County",5,32,294,144,150
050,55,029,"Wisconsin","Door County",5,33,252,127,125
050,55,029,"Wisconsin","Door County",5,34,229,118,111
050,55,029,"Wisconsin","Door County",5,35,271,140,131
050,55,029,"Wisconsin","Door County",5,36,281,135,146
050,55,029,"Wisconsin","Door County",5,37,294,146,148
050,55,029,"Wisconsin","Door County",5,38,273,131,142
050,55,029,"Wisconsin","Door County",5,39,304,161,143
050,55,029,"Wisconsin","Door County",5,40,299,143,156
050,55,029,"Wisconsin","Door County",5,41,301,152,149
050,55,029,"Wisconsin","Door County",5,42,340,168,172
050,55,029,"Wisconsin","Door County",5,43,362,188,174
050,55,029,"Wisconsin","Door County",5,44,313,167,146
050,55,029,"Wisconsin","Door County",5,45,304,169,135
050,55,029,"Wisconsin","Door County",5,46,316,165,151
050,55,029,"Wisconsin","Door County",5,47,306,152,154
050,55,029,"Wisconsin","Door County",5,48,309,166,143
050,55,029,"Wisconsin","Door County",5,49,302,161,141
050,55,029,"Wisconsin","Door County",5,50,308,156,152
050,55,029,"Wisconsin","Door County",5,51,337,164,173
050,55,029,"Wisconsin","Door County",5,52,367,181,186
050,55,029,"Wisconsin","Door County",5,53,365,182,183
050,55,029,"Wisconsin","Door County",5,54,365,194,171
050,55,029,"Wisconsin","Door County",5,55,355,188,167
050,55,029,"Wisconsin","Door County",5,56,391,197,194
050,55,029,"Wisconsin","Door County",5,57,396,186,210
050,55,029,"Wisconsin","Door County",5,58,462,218,244
050,55,029,"Wisconsin","Door County",5,59,498,229,269
050,55,029,"Wisconsin","Door County",5,60,509,264,245
050,55,029,"Wisconsin","Door County",5,61,547,274,273
050,55,029,"Wisconsin","Door County",5,62,595,294,301
050,55,029,"Wisconsin","Door County",5,63,597,303,294
050,55,029,"Wisconsin","Door County",5,64,626,314,312
050,55,029,"Wisconsin","Door County",5,65,642,316,326
050,55,029,"Wisconsin","Door County",5,66,660,318,342
050,55,029,"Wisconsin","Door County",5,67,646,311,335
050,55,029,"Wisconsin","Door County",5,68,608,300,308
050,55,029,"Wisconsin","Door County",5,69,614,303,311
050,55,029,"Wisconsin","Door County",5,70,613,290,323
050,55,029,"Wisconsin","Door County",5,71,639,313,326
050,55,029,"Wisconsin","Door County",5,72,606,306,300
050,55,029,"Wisconsin","Door County",5,73,564,289,275
050,55,029,"Wisconsin","Door County",5,74,546,261,285
050,55,029,"Wisconsin","Door County",5,75,501,248,253
050,55,029,"Wisconsin","Door County",5,76,490,236,254
050,55,029,"Wisconsin","Door County",5,77,341,171,170
050,55,029,"Wisconsin","Door County",5,78,341,165,176
050,55,029,"Wisconsin","Door County",5,79,327,161,166
050,55,029,"Wisconsin","Door County",5,80,330,163,167
050,55,029,"Wisconsin","Door County",5,81,282,133,149
050,55,029,"Wisconsin","Door County",5,82,229,101,128
050,55,029,"Wisconsin","Door County",5,83,184,87,97
050,55,029,"Wisconsin","Door County",5,84,176,81,95
050,55,029,"Wisconsin","Door County",5,85,868,344,524
050,55,031,"Wisconsin","Douglas County",1,0,406,208,198
050,55,031,"Wisconsin","Douglas County",1,1,414,214,200
050,55,031,"Wisconsin","Douglas County",1,2,421,218,203
050,55,031,"Wisconsin","Douglas County",1,3,447,233,214
050,55,031,"Wisconsin","Douglas County",1,4,458,246,212
050,55,031,"Wisconsin","Douglas County",1,5,405,211,194
050,55,031,"Wisconsin","Douglas County",1,6,442,222,220
050,55,031,"Wisconsin","Douglas County",1,7,490,258,232
050,55,031,"Wisconsin","Douglas County",1,8,527,290,237
050,55,031,"Wisconsin","Douglas County",1,9,485,243,242
050,55,031,"Wisconsin","Douglas County",1,10,517,248,269
050,55,031,"Wisconsin","Douglas County",1,11,549,286,263
050,55,031,"Wisconsin","Douglas County",1,12,569,301,268
050,55,031,"Wisconsin","Douglas County",1,13,511,256,255
050,55,031,"Wisconsin","Douglas County",1,14,512,254,258
050,55,031,"Wisconsin","Douglas County",1,15,501,262,239
050,55,031,"Wisconsin","Douglas County",1,16,524,268,256
050,55,031,"Wisconsin","Douglas County",1,17,522,274,248
050,55,031,"Wisconsin","Douglas County",1,18,523,281,242
050,55,031,"Wisconsin","Douglas County",1,19,564,282,282
050,55,031,"Wisconsin","Douglas County",1,20,540,263,277
050,55,031,"Wisconsin","Douglas County",1,21,518,253,265
050,55,031,"Wisconsin","Douglas County",1,22,521,263,258
050,55,031,"Wisconsin","Douglas County",1,23,533,282,251
050,55,031,"Wisconsin","Douglas County",1,24,537,270,267
050,55,031,"Wisconsin","Douglas County",1,25,541,275,266
050,55,031,"Wisconsin","Douglas County",1,26,552,274,278
050,55,031,"Wisconsin","Douglas County",1,27,543,292,251
050,55,031,"Wisconsin","Douglas County",1,28,562,301,261
050,55,031,"Wisconsin","Douglas County",1,29,532,256,276
050,55,031,"Wisconsin","Douglas County",1,30,537,256,281
050,55,031,"Wisconsin","Douglas County",1,31,544,282,262
050,55,031,"Wisconsin","Douglas County",1,32,557,302,255
050,55,031,"Wisconsin","Douglas County",1,33,548,286,262
050,55,031,"Wisconsin","Douglas County",1,34,568,290,278
050,55,031,"Wisconsin","Douglas County",1,35,561,283,278
050,55,031,"Wisconsin","Douglas County",1,36,572,286,286
050,55,031,"Wisconsin","Douglas County",1,37,572,283,289
050,55,031,"Wisconsin","Douglas County",1,38,566,284,282
050,55,031,"Wisconsin","Douglas County",1,39,602,298,304
050,55,031,"Wisconsin","Douglas County",1,40,577,284,293
050,55,031,"Wisconsin","Douglas County",1,41,523,270,253
050,55,031,"Wisconsin","Douglas County",1,42,528,275,253
050,55,031,"Wisconsin","Douglas County",1,43,506,251,255
050,55,031,"Wisconsin","Douglas County",1,44,518,271,247
050,55,031,"Wisconsin","Douglas County",1,45,504,267,237
050,55,031,"Wisconsin","Douglas County",1,46,483,244,239
050,55,031,"Wisconsin","Douglas County",1,47,477,241,236
050,55,031,"Wisconsin","Douglas County",1,48,521,267,254
050,55,031,"Wisconsin","Douglas County",1,49,592,313,279
050,55,031,"Wisconsin","Douglas County",1,50,569,311,258
050,55,031,"Wisconsin","Douglas County",1,51,563,286,277
050,55,031,"Wisconsin","Douglas County",1,52,537,268,269
050,55,031,"Wisconsin","Douglas County",1,53,558,278,280
050,55,031,"Wisconsin","Douglas County",1,54,557,275,282
050,55,031,"Wisconsin","Douglas County",1,55,625,320,305
050,55,031,"Wisconsin","Douglas County",1,56,680,330,350
050,55,031,"Wisconsin","Douglas County",1,57,706,331,375
050,55,031,"Wisconsin","Douglas County",1,58,720,346,374
050,55,031,"Wisconsin","Douglas County",1,59,717,337,380
050,55,031,"Wisconsin","Douglas County",1,60,700,343,357
050,55,031,"Wisconsin","Douglas County",1,61,687,344,343
050,55,031,"Wisconsin","Douglas County",1,62,715,381,334
050,55,031,"Wisconsin","Douglas County",1,63,699,362,337
050,55,031,"Wisconsin","Douglas County",1,64,666,345,321
050,55,031,"Wisconsin","Douglas County",1,65,647,335,312
050,55,031,"Wisconsin","Douglas County",1,66,650,326,324
050,55,031,"Wisconsin","Douglas County",1,67,583,317,266
050,55,031,"Wisconsin","Douglas County",1,68,606,333,273
050,55,031,"Wisconsin","Douglas County",1,69,574,287,287
050,55,031,"Wisconsin","Douglas County",1,70,553,275,278
050,55,031,"Wisconsin","Douglas County",1,71,488,254,234
050,55,031,"Wisconsin","Douglas County",1,72,464,241,223
050,55,031,"Wisconsin","Douglas County",1,73,488,251,237
050,55,031,"Wisconsin","Douglas County",1,74,307,160,147
050,55,031,"Wisconsin","Douglas County",1,75,310,162,148
050,55,031,"Wisconsin","Douglas County",1,76,321,164,157
050,55,031,"Wisconsin","Douglas County",1,77,338,162,176
050,55,031,"Wisconsin","Douglas County",1,78,256,128,128
050,55,031,"Wisconsin","Douglas County",1,79,224,114,110
050,55,031,"Wisconsin","Douglas County",1,80,195,93,102
050,55,031,"Wisconsin","Douglas County",1,81,201,88,113
050,55,031,"Wisconsin","Douglas County",1,82,185,84,101
050,55,031,"Wisconsin","Douglas County",1,83,156,71,85
050,55,031,"Wisconsin","Douglas County",1,84,157,61,96
050,55,031,"Wisconsin","Douglas County",1,85,871,304,567
050,55,031,"Wisconsin","Douglas County",2,0,396,198,198
050,55,031,"Wisconsin","Douglas County",2,1,407,210,197
050,55,031,"Wisconsin","Douglas County",2,2,418,217,201
050,55,031,"Wisconsin","Douglas County",2,3,444,231,213
050,55,031,"Wisconsin","Douglas County",2,4,456,244,212
050,55,031,"Wisconsin","Douglas County",2,5,419,219,200
050,55,031,"Wisconsin","Douglas County",2,6,436,221,215
050,55,031,"Wisconsin","Douglas County",2,7,474,246,228
050,55,031,"Wisconsin","Douglas County",2,8,515,281,234
050,55,031,"Wisconsin","Douglas County",2,9,495,256,239
050,55,031,"Wisconsin","Douglas County",2,10,509,247,262
050,55,031,"Wisconsin","Douglas County",2,11,540,277,263
050,55,031,"Wisconsin","Douglas County",2,12,565,298,267
050,55,031,"Wisconsin","Douglas County",2,13,526,267,259
050,55,031,"Wisconsin","Douglas County",2,14,513,255,258
050,55,031,"Wisconsin","Douglas County",2,15,504,258,246
050,55,031,"Wisconsin","Douglas County",2,16,517,265,252
050,55,031,"Wisconsin","Douglas County",2,17,523,273,250
050,55,031,"Wisconsin","Douglas County",2,18,522,278,244
050,55,031,"Wisconsin","Douglas County",2,19,565,286,279
050,55,031,"Wisconsin","Douglas County",2,20,544,267,277
050,55,031,"Wisconsin","Douglas County",2,21,523,254,269
050,55,031,"Wisconsin","Douglas County",2,22,531,267,264
050,55,031,"Wisconsin","Douglas County",2,23,532,277,255
050,55,031,"Wisconsin","Douglas County",2,24,540,275,265
050,55,031,"Wisconsin","Douglas County",2,25,547,277,270
050,55,031,"Wisconsin","Douglas County",2,26,556,276,280
050,55,031,"Wisconsin","Douglas County",2,27,549,291,258
050,55,031,"Wisconsin","Douglas County",2,28,558,297,261
050,55,031,"Wisconsin","Douglas County",2,29,542,265,277
050,55,031,"Wisconsin","Douglas County",2,30,539,257,282
050,55,031,"Wisconsin","Douglas County",2,31,540,279,261
050,55,031,"Wisconsin","Douglas County",2,32,554,296,258
050,55,031,"Wisconsin","Douglas County",2,33,548,290,258
050,55,031,"Wisconsin","Douglas County",2,34,565,291,274
050,55,031,"Wisconsin","Douglas County",2,35,567,286,281
050,55,031,"Wisconsin","Douglas County",2,36,565,282,283
050,55,031,"Wisconsin","Douglas County",2,37,576,286,290
050,55,031,"Wisconsin","Douglas County",2,38,572,286,286
050,55,031,"Wisconsin","Douglas County",2,39,593,294,299
050,55,031,"Wisconsin","Douglas County",2,40,584,289,295
050,55,031,"Wisconsin","Douglas County",2,41,536,272,264
050,55,031,"Wisconsin","Douglas County",2,42,520,270,250
050,55,031,"Wisconsin","Douglas County",2,43,516,259,257
050,55,031,"Wisconsin","Douglas County",2,44,509,265,244
050,55,031,"Wisconsin","Douglas County",2,45,512,271,241
050,55,031,"Wisconsin","Douglas County",2,46,486,249,237
050,55,031,"Wisconsin","Douglas County",2,47,476,240,236
050,55,031,"Wisconsin","Douglas County",2,48,506,258,248
050,55,031,"Wisconsin","Douglas County",2,49,578,304,274
050,55,031,"Wisconsin","Douglas County",2,50,579,314,265
050,55,031,"Wisconsin","Douglas County",2,51,563,290,273
050,55,031,"Wisconsin","Douglas County",2,52,537,268,269
050,55,031,"Wisconsin","Douglas County",2,53,558,278,280
050,55,031,"Wisconsin","Douglas County",2,54,553,275,278
050,55,031,"Wisconsin","Douglas County",2,55,614,312,302
050,55,031,"Wisconsin","Douglas County",2,56,669,328,341
050,55,031,"Wisconsin","Douglas County",2,57,701,331,370
050,55,031,"Wisconsin","Douglas County",2,58,718,343,375
050,55,031,"Wisconsin","Douglas County",2,59,729,344,385
050,55,031,"Wisconsin","Douglas County",2,60,701,341,360
050,55,031,"Wisconsin","Douglas County",2,61,691,343,348
050,55,031,"Wisconsin","Douglas County",2,62,707,371,336
050,55,031,"Wisconsin","Douglas County",2,63,708,367,341
050,55,031,"Wisconsin","Douglas County",2,64,673,351,322
050,55,031,"Wisconsin","Douglas County",2,65,653,339,314
050,55,031,"Wisconsin","Douglas County",2,66,649,328,321
050,55,031,"Wisconsin","Douglas County",2,67,595,318,277
050,55,031,"Wisconsin","Douglas County",2,68,590,325,265
050,55,031,"Wisconsin","Douglas County",2,69,583,297,286
050,55,031,"Wisconsin","Douglas County",2,70,553,276,277
050,55,031,"Wisconsin","Douglas County",2,71,505,258,247
050,55,031,"Wisconsin","Douglas County",2,72,461,241,220
050,55,031,"Wisconsin","Douglas County",2,73,503,259,244
050,55,031,"Wisconsin","Douglas County",2,74,327,168,159
050,55,031,"Wisconsin","Douglas County",2,75,309,161,148
050,55,031,"Wisconsin","Douglas County",2,76,311,158,153
050,55,031,"Wisconsin","Douglas County",2,77,339,165,174
050,55,031,"Wisconsin","Douglas County",2,78,269,132,137
050,55,031,"Wisconsin","Douglas County",2,79,228,116,112
050,55,031,"Wisconsin","Douglas County",2,80,198,97,101
050,55,031,"Wisconsin","Douglas County",2,81,195,86,109
050,55,031,"Wisconsin","Douglas County",2,82,188,85,103
050,55,031,"Wisconsin","Douglas County",2,83,158,73,85
050,55,031,"Wisconsin","Douglas County",2,84,153,61,92
050,55,031,"Wisconsin","Douglas County",2,85,875,303,572
050,55,031,"Wisconsin","Douglas County",3,0,399,205,194
050,55,031,"Wisconsin","Douglas County",3,1,399,209,190
050,55,031,"Wisconsin","Douglas County",3,2,416,218,198
050,55,031,"Wisconsin","Douglas County",3,3,427,223,204
050,55,031,"Wisconsin","Douglas County",3,4,451,231,220
050,55,031,"Wisconsin","Douglas County",3,5,456,248,208
050,55,031,"Wisconsin","Douglas County",3,6,446,233,213
050,55,031,"Wisconsin","Douglas County",3,7,427,218,209
050,55,031,"Wisconsin","Douglas County",3,8,482,250,232
050,55,031,"Wisconsin","Douglas County",3,9,507,280,227
050,55,031,"Wisconsin","Douglas County",3,10,492,258,234
050,55,031,"Wisconsin","Douglas County",3,11,510,254,256
050,55,031,"Wisconsin","Douglas County",3,12,532,269,263
050,55,031,"Wisconsin","Douglas County",3,13,552,287,265
050,55,031,"Wisconsin","Douglas County",3,14,528,274,254
050,55,031,"Wisconsin","Douglas County",3,15,522,265,257
050,55,031,"Wisconsin","Douglas County",3,16,501,257,244
050,55,031,"Wisconsin","Douglas County",3,17,515,272,243
050,55,031,"Wisconsin","Douglas County",3,18,507,277,230
050,55,031,"Wisconsin","Douglas County",3,19,497,257,240
050,55,031,"Wisconsin","Douglas County",3,20,480,240,240
050,55,031,"Wisconsin","Douglas County",3,21,509,260,249
050,55,031,"Wisconsin","Douglas County",3,22,507,258,249
050,55,031,"Wisconsin","Douglas County",3,23,487,243,244
050,55,031,"Wisconsin","Douglas County",3,24,542,293,249
050,55,031,"Wisconsin","Douglas County",3,25,528,260,268
050,55,031,"Wisconsin","Douglas County",3,26,536,266,270
050,55,031,"Wisconsin","Douglas County",3,27,544,280,264
050,55,031,"Wisconsin","Douglas County",3,28,561,286,275
050,55,031,"Wisconsin","Douglas County",3,29,560,299,261
050,55,031,"Wisconsin","Douglas County",3,30,545,270,275
050,55,031,"Wisconsin","Douglas County",3,31,541,260,281
050,55,031,"Wisconsin","Douglas County",3,32,550,284,266
050,55,031,"Wisconsin","Douglas County",3,33,552,289,263
050,55,031,"Wisconsin","Douglas County",3,34,569,304,265
050,55,031,"Wisconsin","Douglas County",3,35,568,292,276
050,55,031,"Wisconsin","Douglas County",3,36,581,274,307
050,55,031,"Wisconsin","Douglas County",3,37,571,289,282
050,55,031,"Wisconsin","Douglas County",3,38,577,285,292
050,55,031,"Wisconsin","Douglas County",3,39,577,286,291
050,55,031,"Wisconsin","Douglas County",3,40,590,304,286
050,55,031,"Wisconsin","Douglas County",3,41,585,289,296
050,55,031,"Wisconsin","Douglas County",3,42,519,262,257
050,55,031,"Wisconsin","Douglas County",3,43,510,268,242
050,55,031,"Wisconsin","Douglas County",3,44,522,271,251
050,55,031,"Wisconsin","Douglas County",3,45,514,267,247
050,55,031,"Wisconsin","Douglas County",3,46,513,264,249
050,55,031,"Wisconsin","Douglas County",3,47,486,249,237
050,55,031,"Wisconsin","Douglas County",3,48,466,236,230
050,55,031,"Wisconsin","Douglas County",3,49,514,264,250
050,55,031,"Wisconsin","Douglas County",3,50,607,323,284
050,55,031,"Wisconsin","Douglas County",3,51,572,303,269
050,55,031,"Wisconsin","Douglas County",3,52,544,278,266
050,55,031,"Wisconsin","Douglas County",3,53,545,275,270
050,55,031,"Wisconsin","Douglas County",3,54,547,271,276
050,55,031,"Wisconsin","Douglas County",3,55,544,276,268
050,55,031,"Wisconsin","Douglas County",3,56,611,313,298
050,55,031,"Wisconsin","Douglas County",3,57,676,332,344
050,55,031,"Wisconsin","Douglas County",3,58,683,314,369
050,55,031,"Wisconsin","Douglas County",3,59,716,345,371
050,55,031,"Wisconsin","Douglas County",3,60,710,341,369
050,55,031,"Wisconsin","Douglas County",3,61,695,337,358
050,55,031,"Wisconsin","Douglas County",3,62,688,350,338
050,55,031,"Wisconsin","Douglas County",3,63,691,358,333
050,55,031,"Wisconsin","Douglas County",3,64,709,365,344
050,55,031,"Wisconsin","Douglas County",3,65,664,341,323
050,55,031,"Wisconsin","Douglas County",3,66,644,333,311
050,55,031,"Wisconsin","Douglas County",3,67,635,321,314
050,55,031,"Wisconsin","Douglas County",3,68,584,319,265
050,55,031,"Wisconsin","Douglas County",3,69,579,309,270
050,55,031,"Wisconsin","Douglas County",3,70,573,295,278
050,55,031,"Wisconsin","Douglas County",3,71,538,270,268
050,55,031,"Wisconsin","Douglas County",3,72,497,252,245
050,55,031,"Wisconsin","Douglas County",3,73,450,236,214
050,55,031,"Wisconsin","Douglas County",3,74,493,250,243
050,55,031,"Wisconsin","Douglas County",3,75,309,156,153
050,55,031,"Wisconsin","Douglas County",3,76,287,142,145
050,55,031,"Wisconsin","Douglas County",3,77,308,154,154
050,55,031,"Wisconsin","Douglas County",3,78,310,149,161
050,55,031,"Wisconsin","Douglas County",3,79,262,131,131
050,55,031,"Wisconsin","Douglas County",3,80,209,105,104
050,55,031,"Wisconsin","Douglas County",3,81,180,84,96
050,55,031,"Wisconsin","Douglas County",3,82,178,78,100
050,55,031,"Wisconsin","Douglas County",3,83,165,76,89
050,55,031,"Wisconsin","Douglas County",3,84,141,65,76
050,55,031,"Wisconsin","Douglas County",3,85,841,298,543
050,55,031,"Wisconsin","Douglas County",4,0,410,220,190
050,55,031,"Wisconsin","Douglas County",4,1,394,205,189
050,55,031,"Wisconsin","Douglas County",4,2,419,216,203
050,55,031,"Wisconsin","Douglas County",4,3,421,216,205
050,55,031,"Wisconsin","Douglas County",4,4,424,224,200
050,55,031,"Wisconsin","Douglas County",4,5,440,224,216
050,55,031,"Wisconsin","Douglas County",4,6,448,235,213
050,55,031,"Wisconsin","Douglas County",4,7,438,225,213
050,55,031,"Wisconsin","Douglas County",4,8,439,218,221
050,55,031,"Wisconsin","Douglas County",4,9,486,252,234
050,55,031,"Wisconsin","Douglas County",4,10,500,267,233
050,55,031,"Wisconsin","Douglas County",4,11,493,262,231
050,55,031,"Wisconsin","Douglas County",4,12,496,244,252
050,55,031,"Wisconsin","Douglas County",4,13,521,267,254
050,55,031,"Wisconsin","Douglas County",4,14,551,286,265
050,55,031,"Wisconsin","Douglas County",4,15,525,268,257
050,55,031,"Wisconsin","Douglas County",4,16,517,260,257
050,55,031,"Wisconsin","Douglas County",4,17,505,261,244
050,55,031,"Wisconsin","Douglas County",4,18,510,273,237
050,55,031,"Wisconsin","Douglas County",4,19,546,284,262
050,55,031,"Wisconsin","Douglas County",4,20,512,267,245
050,55,031,"Wisconsin","Douglas County",4,21,511,259,252
050,55,031,"Wisconsin","Douglas County",4,22,540,272,268
050,55,031,"Wisconsin","Douglas County",4,23,500,262,238
050,55,031,"Wisconsin","Douglas County",4,24,519,269,250
050,55,031,"Wisconsin","Douglas County",4,25,544,285,259
050,55,031,"Wisconsin","Douglas County",4,26,532,256,276
050,55,031,"Wisconsin","Douglas County",4,27,543,265,278
050,55,031,"Wisconsin","Douglas County",4,28,521,267,254
050,55,031,"Wisconsin","Douglas County",4,29,545,279,266
050,55,031,"Wisconsin","Douglas County",4,30,570,310,260
050,55,031,"Wisconsin","Douglas County",4,31,521,266,255
050,55,031,"Wisconsin","Douglas County",4,32,549,269,280
050,55,031,"Wisconsin","Douglas County",4,33,559,284,275
050,55,031,"Wisconsin","Douglas County",4,34,553,297,256
050,55,031,"Wisconsin","Douglas County",4,35,569,308,261
050,55,031,"Wisconsin","Douglas County",4,36,577,285,292
050,55,031,"Wisconsin","Douglas County",4,37,581,277,304
050,55,031,"Wisconsin","Douglas County",4,38,572,296,276
050,55,031,"Wisconsin","Douglas County",4,39,582,281,301
050,55,031,"Wisconsin","Douglas County",4,40,575,286,289
050,55,031,"Wisconsin","Douglas County",4,41,588,302,286
050,55,031,"Wisconsin","Douglas County",4,42,590,299,291
050,55,031,"Wisconsin","Douglas County",4,43,524,269,255
050,55,031,"Wisconsin","Douglas County",4,44,524,276,248
050,55,031,"Wisconsin","Douglas County",4,45,526,279,247
050,55,031,"Wisconsin","Douglas County",4,46,516,263,253
050,55,031,"Wisconsin","Douglas County",4,47,504,256,248
050,55,031,"Wisconsin","Douglas County",4,48,474,244,230
050,55,031,"Wisconsin","Douglas County",4,49,471,242,229
050,55,031,"Wisconsin","Douglas County",4,50,514,265,249
050,55,031,"Wisconsin","Douglas County",4,51,612,317,295
050,55,031,"Wisconsin","Douglas County",4,52,573,296,277
050,55,031,"Wisconsin","Douglas County",4,53,563,287,276
050,55,031,"Wisconsin","Douglas County",4,54,519,255,264
050,55,031,"Wisconsin","Douglas County",4,55,548,267,281
050,55,031,"Wisconsin","Douglas County",4,56,541,273,268
050,55,031,"Wisconsin","Douglas County",4,57,618,313,305
050,55,031,"Wisconsin","Douglas County",4,58,676,338,338
050,55,031,"Wisconsin","Douglas County",4,59,698,326,372
050,55,031,"Wisconsin","Douglas County",4,60,722,355,367
050,55,031,"Wisconsin","Douglas County",4,61,699,333,366
050,55,031,"Wisconsin","Douglas County",4,62,695,342,353
050,55,031,"Wisconsin","Douglas County",4,63,669,337,332
050,55,031,"Wisconsin","Douglas County",4,64,692,357,335
050,55,031,"Wisconsin","Douglas County",4,65,700,360,340
050,55,031,"Wisconsin","Douglas County",4,66,657,335,322
050,55,031,"Wisconsin","Douglas County",4,67,646,334,312
050,55,031,"Wisconsin","Douglas County",4,68,613,316,297
050,55,031,"Wisconsin","Douglas County",4,69,575,303,272
050,55,031,"Wisconsin","Douglas County",4,70,564,308,256
050,55,031,"Wisconsin","Douglas County",4,71,563,295,268
050,55,031,"Wisconsin","Douglas County",4,72,532,267,265
050,55,031,"Wisconsin","Douglas County",4,73,481,243,238
050,55,031,"Wisconsin","Douglas County",4,74,438,229,209
050,55,031,"Wisconsin","Douglas County",4,75,482,243,239
050,55,031,"Wisconsin","Douglas County",4,76,290,145,145
050,55,031,"Wisconsin","Douglas County",4,77,279,136,143
050,55,031,"Wisconsin","Douglas County",4,78,293,148,145
050,55,031,"Wisconsin","Douglas County",4,79,306,147,159
050,55,031,"Wisconsin","Douglas County",4,80,248,123,125
050,55,031,"Wisconsin","Douglas County",4,81,206,100,106
050,55,031,"Wisconsin","Douglas County",4,82,175,79,96
050,55,031,"Wisconsin","Douglas County",4,83,165,76,89
050,55,031,"Wisconsin","Douglas County",4,84,152,70,82
050,55,031,"Wisconsin","Douglas County",4,85,847,325,522
050,55,031,"Wisconsin","Douglas County",5,0,413,221,192
050,55,031,"Wisconsin","Douglas County",5,1,405,219,186
050,55,031,"Wisconsin","Douglas County",5,2,390,198,192
050,55,031,"Wisconsin","Douglas County",5,3,423,218,205
050,55,031,"Wisconsin","Douglas County",5,4,413,214,199
050,55,031,"Wisconsin","Douglas County",5,5,417,220,197
050,55,031,"Wisconsin","Douglas County",5,6,441,220,221
050,55,031,"Wisconsin","Douglas County",5,7,437,236,201
050,55,031,"Wisconsin","Douglas County",5,8,442,227,215
050,55,031,"Wisconsin","Douglas County",5,9,430,217,213
050,55,031,"Wisconsin","Douglas County",5,10,482,249,233
050,55,031,"Wisconsin","Douglas County",5,11,495,267,228
050,55,031,"Wisconsin","Douglas County",5,12,506,260,246
050,55,031,"Wisconsin","Douglas County",5,13,493,239,254
050,55,031,"Wisconsin","Douglas County",5,14,510,260,250
050,55,031,"Wisconsin","Douglas County",5,15,570,298,272
050,55,031,"Wisconsin","Douglas County",5,16,522,260,262
050,55,031,"Wisconsin","Douglas County",5,17,528,262,266
050,55,031,"Wisconsin","Douglas County",5,18,512,269,243
050,55,031,"Wisconsin","Douglas County",5,19,539,282,257
050,55,031,"Wisconsin","Douglas County",5,20,515,270,245
050,55,031,"Wisconsin","Douglas County",5,21,508,267,241
050,55,031,"Wisconsin","Douglas County",5,22,526,271,255
050,55,031,"Wisconsin","Douglas County",5,23,534,272,262
050,55,031,"Wisconsin","Douglas County",5,24,522,272,250
050,55,031,"Wisconsin","Douglas County",5,25,535,279,256
050,55,031,"Wisconsin","Douglas County",5,26,543,275,268
050,55,031,"Wisconsin","Douglas County",5,27,543,272,271
050,55,031,"Wisconsin","Douglas County",5,28,563,291,272
050,55,031,"Wisconsin","Douglas County",5,29,520,261,259
050,55,031,"Wisconsin","Douglas County",5,30,538,278,260
050,55,031,"Wisconsin","Douglas County",5,31,567,314,253
050,55,031,"Wisconsin","Douglas County",5,32,529,266,263
050,55,031,"Wisconsin","Douglas County",5,33,527,256,271
050,55,031,"Wisconsin","Douglas County",5,34,578,292,286
050,55,031,"Wisconsin","Douglas County",5,35,556,299,257
050,55,031,"Wisconsin","Douglas County",5,36,568,298,270
050,55,031,"Wisconsin","Douglas County",5,37,570,280,290
050,55,031,"Wisconsin","Douglas County",5,38,594,288,306
050,55,031,"Wisconsin","Douglas County",5,39,572,292,280
050,55,031,"Wisconsin","Douglas County",5,40,585,289,296
050,55,031,"Wisconsin","Douglas County",5,41,568,284,284
050,55,031,"Wisconsin","Douglas County",5,42,579,296,283
050,55,031,"Wisconsin","Douglas County",5,43,586,302,284
050,55,031,"Wisconsin","Douglas County",5,44,534,277,257
050,55,031,"Wisconsin","Douglas County",5,45,537,283,254
050,55,031,"Wisconsin","Douglas County",5,46,526,281,245
050,55,031,"Wisconsin","Douglas County",5,47,517,255,262
050,55,031,"Wisconsin","Douglas County",5,48,488,247,241
050,55,031,"Wisconsin","Douglas County",5,49,476,248,228
050,55,031,"Wisconsin","Douglas County",5,50,485,248,237
050,55,031,"Wisconsin","Douglas County",5,51,518,259,259
050,55,031,"Wisconsin","Douglas County",5,52,588,310,278
050,55,031,"Wisconsin","Douglas County",5,53,584,303,281
050,55,031,"Wisconsin","Douglas County",5,54,559,282,277
050,55,031,"Wisconsin","Douglas County",5,55,525,256,269
050,55,031,"Wisconsin","Douglas County",5,56,556,273,283
050,55,031,"Wisconsin","Douglas County",5,57,535,271,264
050,55,031,"Wisconsin","Douglas County",5,58,607,306,301
050,55,031,"Wisconsin","Douglas County",5,59,672,336,336
050,55,031,"Wisconsin","Douglas County",5,60,692,331,361
050,55,031,"Wisconsin","Douglas County",5,61,724,355,369
050,55,031,"Wisconsin","Douglas County",5,62,695,336,359
050,55,031,"Wisconsin","Douglas County",5,63,684,343,341
050,55,031,"Wisconsin","Douglas County",5,64,663,333,330
050,55,031,"Wisconsin","Douglas County",5,65,684,352,332
050,55,031,"Wisconsin","Douglas County",5,66,693,359,334
050,55,031,"Wisconsin","Douglas County",5,67,640,320,320
050,55,031,"Wisconsin","Douglas County",5,68,633,330,303
050,55,031,"Wisconsin","Douglas County",5,69,592,294,298
050,55,031,"Wisconsin","Douglas County",5,70,559,299,260
050,55,031,"Wisconsin","Douglas County",5,71,547,298,249
050,55,031,"Wisconsin","Douglas County",5,72,552,291,261
050,55,031,"Wisconsin","Douglas County",5,73,523,260,263
050,55,031,"Wisconsin","Douglas County",5,74,473,236,237
050,55,031,"Wisconsin","Douglas County",5,75,426,221,205
050,55,031,"Wisconsin","Douglas County",5,76,459,226,233
050,55,031,"Wisconsin","Douglas County",5,77,282,137,145
050,55,031,"Wisconsin","Douglas County",5,78,267,126,141
050,55,031,"Wisconsin","Douglas County",5,79,289,148,141
050,55,031,"Wisconsin","Douglas County",5,80,287,139,148
050,55,031,"Wisconsin","Douglas County",5,81,243,119,124
050,55,031,"Wisconsin","Douglas County",5,82,190,90,100
050,55,031,"Wisconsin","Douglas County",5,83,164,76,88
050,55,031,"Wisconsin","Douglas County",5,84,151,70,81
050,55,031,"Wisconsin","Douglas County",5,85,851,345,506
050,55,033,"Wisconsin","Dunn County",1,0,407,207,200
050,55,033,"Wisconsin","Dunn County",1,1,418,208,210
050,55,033,"Wisconsin","Dunn County",1,2,446,229,217
050,55,033,"Wisconsin","Dunn County",1,3,475,236,239
050,55,033,"Wisconsin","Dunn County",1,4,489,251,238
050,55,033,"Wisconsin","Dunn County",1,5,509,264,245
050,55,033,"Wisconsin","Dunn County",1,6,472,230,242
050,55,033,"Wisconsin","Dunn County",1,7,484,229,255
050,55,033,"Wisconsin","Dunn County",1,8,481,247,234
050,55,033,"Wisconsin","Dunn County",1,9,497,268,229
050,55,033,"Wisconsin","Dunn County",1,10,507,267,240
050,55,033,"Wisconsin","Dunn County",1,11,524,274,250
050,55,033,"Wisconsin","Dunn County",1,12,531,283,248
050,55,033,"Wisconsin","Dunn County",1,13,537,264,273
050,55,033,"Wisconsin","Dunn County",1,14,555,284,271
050,55,033,"Wisconsin","Dunn County",1,15,517,267,250
050,55,033,"Wisconsin","Dunn County",1,16,541,282,259
050,55,033,"Wisconsin","Dunn County",1,17,533,271,262
050,55,033,"Wisconsin","Dunn County",1,18,893,426,467
050,55,033,"Wisconsin","Dunn County",1,19,1710,810,900
050,55,033,"Wisconsin","Dunn County",1,20,1514,750,764
050,55,033,"Wisconsin","Dunn County",1,21,1392,663,729
050,55,033,"Wisconsin","Dunn County",1,22,1283,638,645
050,55,033,"Wisconsin","Dunn County",1,23,917,514,403
050,55,033,"Wisconsin","Dunn County",1,24,682,377,305
050,55,033,"Wisconsin","Dunn County",1,25,613,338,275
050,55,033,"Wisconsin","Dunn County",1,26,568,304,264
050,55,033,"Wisconsin","Dunn County",1,27,493,255,238
050,55,033,"Wisconsin","Dunn County",1,28,521,278,243
050,55,033,"Wisconsin","Dunn County",1,29,440,229,211
050,55,033,"Wisconsin","Dunn County",1,30,512,269,243
050,55,033,"Wisconsin","Dunn County",1,31,513,272,241
050,55,033,"Wisconsin","Dunn County",1,32,482,247,235
050,55,033,"Wisconsin","Dunn County",1,33,502,263,239
050,55,033,"Wisconsin","Dunn County",1,34,498,246,252
050,55,033,"Wisconsin","Dunn County",1,35,553,261,292
050,55,033,"Wisconsin","Dunn County",1,36,528,280,248
050,55,033,"Wisconsin","Dunn County",1,37,542,272,270
050,55,033,"Wisconsin","Dunn County",1,38,513,261,252
050,55,033,"Wisconsin","Dunn County",1,39,557,282,275
050,55,033,"Wisconsin","Dunn County",1,40,524,271,253
050,55,033,"Wisconsin","Dunn County",1,41,501,253,248
050,55,033,"Wisconsin","Dunn County",1,42,497,250,247
050,55,033,"Wisconsin","Dunn County",1,43,507,270,237
050,55,033,"Wisconsin","Dunn County",1,44,480,263,217
050,55,033,"Wisconsin","Dunn County",1,45,451,239,212
050,55,033,"Wisconsin","Dunn County",1,46,439,224,215
050,55,033,"Wisconsin","Dunn County",1,47,507,265,242
050,55,033,"Wisconsin","Dunn County",1,48,533,265,268
050,55,033,"Wisconsin","Dunn County",1,49,526,290,236
050,55,033,"Wisconsin","Dunn County",1,50,502,265,237
050,55,033,"Wisconsin","Dunn County",1,51,514,255,259
050,55,033,"Wisconsin","Dunn County",1,52,507,262,245
050,55,033,"Wisconsin","Dunn County",1,53,531,291,240
050,55,033,"Wisconsin","Dunn County",1,54,499,255,244
050,55,033,"Wisconsin","Dunn County",1,55,501,258,243
050,55,033,"Wisconsin","Dunn County",1,56,531,280,251
050,55,033,"Wisconsin","Dunn County",1,57,583,308,275
050,55,033,"Wisconsin","Dunn County",1,58,610,327,283
050,55,033,"Wisconsin","Dunn County",1,59,597,306,291
050,55,033,"Wisconsin","Dunn County",1,60,583,288,295
050,55,033,"Wisconsin","Dunn County",1,61,573,293,280
050,55,033,"Wisconsin","Dunn County",1,62,586,303,283
050,55,033,"Wisconsin","Dunn County",1,63,549,287,262
050,55,033,"Wisconsin","Dunn County",1,64,491,243,248
050,55,033,"Wisconsin","Dunn County",1,65,523,280,243
050,55,033,"Wisconsin","Dunn County",1,66,487,239,248
050,55,033,"Wisconsin","Dunn County",1,67,483,228,255
050,55,033,"Wisconsin","Dunn County",1,68,482,248,234
050,55,033,"Wisconsin","Dunn County",1,69,441,227,214
050,55,033,"Wisconsin","Dunn County",1,70,428,219,209
050,55,033,"Wisconsin","Dunn County",1,71,399,203,196
050,55,033,"Wisconsin","Dunn County",1,72,415,202,213
050,55,033,"Wisconsin","Dunn County",1,73,408,194,214
050,55,033,"Wisconsin","Dunn County",1,74,280,137,143
050,55,033,"Wisconsin","Dunn County",1,75,289,148,141
050,55,033,"Wisconsin","Dunn County",1,76,261,119,142
050,55,033,"Wisconsin","Dunn County",1,77,251,114,137
050,55,033,"Wisconsin","Dunn County",1,78,220,101,119
050,55,033,"Wisconsin","Dunn County",1,79,200,99,101
050,55,033,"Wisconsin","Dunn County",1,80,173,77,96
050,55,033,"Wisconsin","Dunn County",1,81,156,63,93
050,55,033,"Wisconsin","Dunn County",1,82,138,57,81
050,55,033,"Wisconsin","Dunn County",1,83,152,69,83
050,55,033,"Wisconsin","Dunn County",1,84,135,61,74
050,55,033,"Wisconsin","Dunn County",1,85,833,263,570
050,55,033,"Wisconsin","Dunn County",2,0,406,203,203
050,55,033,"Wisconsin","Dunn County",2,1,416,208,208
050,55,033,"Wisconsin","Dunn County",2,2,438,224,214
050,55,033,"Wisconsin","Dunn County",2,3,467,235,232
050,55,033,"Wisconsin","Dunn County",2,4,487,248,239
050,55,033,"Wisconsin","Dunn County",2,5,505,260,245
050,55,033,"Wisconsin","Dunn County",2,6,482,238,244
050,55,033,"Wisconsin","Dunn County",2,7,477,228,249
050,55,033,"Wisconsin","Dunn County",2,8,479,243,236
050,55,033,"Wisconsin","Dunn County",2,9,489,262,227
050,55,033,"Wisconsin","Dunn County",2,10,502,265,237
050,55,033,"Wisconsin","Dunn County",2,11,514,270,244
050,55,033,"Wisconsin","Dunn County",2,12,530,281,249
050,55,033,"Wisconsin","Dunn County",2,13,536,271,265
050,55,033,"Wisconsin","Dunn County",2,14,548,278,270
050,55,033,"Wisconsin","Dunn County",2,15,525,270,255
050,55,033,"Wisconsin","Dunn County",2,16,537,278,259
050,55,033,"Wisconsin","Dunn County",2,17,540,275,265
050,55,033,"Wisconsin","Dunn County",2,18,893,426,467
050,55,033,"Wisconsin","Dunn County",2,19,1707,807,900
050,55,033,"Wisconsin","Dunn County",2,20,1528,761,767
050,55,033,"Wisconsin","Dunn County",2,21,1382,663,719
050,55,033,"Wisconsin","Dunn County",2,22,1284,634,650
050,55,033,"Wisconsin","Dunn County",2,23,909,509,400
050,55,033,"Wisconsin","Dunn County",2,24,679,374,305
050,55,033,"Wisconsin","Dunn County",2,25,618,340,278
050,55,033,"Wisconsin","Dunn County",2,26,565,302,263
050,55,033,"Wisconsin","Dunn County",2,27,514,269,245
050,55,033,"Wisconsin","Dunn County",2,28,508,270,238
050,55,033,"Wisconsin","Dunn County",2,29,461,242,219
050,55,033,"Wisconsin","Dunn County",2,30,497,260,237
050,55,033,"Wisconsin","Dunn County",2,31,510,270,240
050,55,033,"Wisconsin","Dunn County",2,32,491,254,237
050,55,033,"Wisconsin","Dunn County",2,33,494,260,234
050,55,033,"Wisconsin","Dunn County",2,34,499,250,249
050,55,033,"Wisconsin","Dunn County",2,35,544,260,284
050,55,033,"Wisconsin","Dunn County",2,36,533,273,260
050,55,033,"Wisconsin","Dunn County",2,37,542,276,266
050,55,033,"Wisconsin","Dunn County",2,38,522,264,258
050,55,033,"Wisconsin","Dunn County",2,39,548,278,270
050,55,033,"Wisconsin","Dunn County",2,40,534,274,260
050,55,033,"Wisconsin","Dunn County",2,41,505,257,248
050,55,033,"Wisconsin","Dunn County",2,42,493,249,244
050,55,033,"Wisconsin","Dunn County",2,43,511,269,242
050,55,033,"Wisconsin","Dunn County",2,44,482,262,220
050,55,033,"Wisconsin","Dunn County",2,45,458,245,213
050,55,033,"Wisconsin","Dunn County",2,46,438,225,213
050,55,033,"Wisconsin","Dunn County",2,47,491,255,236
050,55,033,"Wisconsin","Dunn County",2,48,526,265,261
050,55,033,"Wisconsin","Dunn County",2,49,527,285,242
050,55,033,"Wisconsin","Dunn County",2,50,508,271,237
050,55,033,"Wisconsin","Dunn County",2,51,510,257,253
050,55,033,"Wisconsin","Dunn County",2,52,502,258,244
050,55,033,"Wisconsin","Dunn County",2,53,528,285,243
050,55,033,"Wisconsin","Dunn County",2,54,502,262,240
050,55,033,"Wisconsin","Dunn County",2,55,497,257,240
050,55,033,"Wisconsin","Dunn County",2,56,524,274,250
050,55,033,"Wisconsin","Dunn County",2,57,570,300,270
050,55,033,"Wisconsin","Dunn County",2,58,602,322,280
050,55,033,"Wisconsin","Dunn County",2,59,606,314,292
050,55,033,"Wisconsin","Dunn County",2,60,587,292,295
050,55,033,"Wisconsin","Dunn County",2,61,571,290,281
050,55,033,"Wisconsin","Dunn County",2,62,581,300,281
050,55,033,"Wisconsin","Dunn County",2,63,559,291,268
050,55,033,"Wisconsin","Dunn County",2,64,502,251,251
050,55,033,"Wisconsin","Dunn County",2,65,513,269,244
050,55,033,"Wisconsin","Dunn County",2,66,496,249,247
050,55,033,"Wisconsin","Dunn County",2,67,483,230,253
050,55,033,"Wisconsin","Dunn County",2,68,477,239,238
050,55,033,"Wisconsin","Dunn County",2,69,456,235,221
050,55,033,"Wisconsin","Dunn County",2,70,430,220,210
050,55,033,"Wisconsin","Dunn County",2,71,404,205,199
050,55,033,"Wisconsin","Dunn County",2,72,403,198,205
050,55,033,"Wisconsin","Dunn County",2,73,434,208,226
050,55,033,"Wisconsin","Dunn County",2,74,290,140,150
050,55,033,"Wisconsin","Dunn County",2,75,287,146,141
050,55,033,"Wisconsin","Dunn County",2,76,265,123,142
050,55,033,"Wisconsin","Dunn County",2,77,258,118,140
050,55,033,"Wisconsin","Dunn County",2,78,221,99,122
050,55,033,"Wisconsin","Dunn County",2,79,201,97,104
050,55,033,"Wisconsin","Dunn County",2,80,179,81,98
050,55,033,"Wisconsin","Dunn County",2,81,160,66,94
050,55,033,"Wisconsin","Dunn County",2,82,142,58,84
050,55,033,"Wisconsin","Dunn County",2,83,148,66,82
050,55,033,"Wisconsin","Dunn County",2,84,136,62,74
050,55,033,"Wisconsin","Dunn County",2,85,837,269,568
050,55,033,"Wisconsin","Dunn County",3,0,441,237,204
050,55,033,"Wisconsin","Dunn County",3,1,402,211,191
050,55,033,"Wisconsin","Dunn County",3,2,426,211,215
050,55,033,"Wisconsin","Dunn County",3,3,439,224,215
050,55,033,"Wisconsin","Dunn County",3,4,472,235,237
050,55,033,"Wisconsin","Dunn County",3,5,483,253,230
050,55,033,"Wisconsin","Dunn County",3,6,517,267,250
050,55,033,"Wisconsin","Dunn County",3,7,469,231,238
050,55,033,"Wisconsin","Dunn County",3,8,474,228,246
050,55,033,"Wisconsin","Dunn County",3,9,475,244,231
050,55,033,"Wisconsin","Dunn County",3,10,501,259,242
050,55,033,"Wisconsin","Dunn County",3,11,500,260,240
050,55,033,"Wisconsin","Dunn County",3,12,505,259,246
050,55,033,"Wisconsin","Dunn County",3,13,520,275,245
050,55,033,"Wisconsin","Dunn County",3,14,545,268,277
050,55,033,"Wisconsin","Dunn County",3,15,551,276,275
050,55,033,"Wisconsin","Dunn County",3,16,536,278,258
050,55,033,"Wisconsin","Dunn County",3,17,538,282,256
050,55,033,"Wisconsin","Dunn County",3,18,749,369,380
050,55,033,"Wisconsin","Dunn County",3,19,1240,574,666
050,55,033,"Wisconsin","Dunn County",3,20,1250,629,621
050,55,033,"Wisconsin","Dunn County",3,21,1307,632,675
050,55,033,"Wisconsin","Dunn County",3,22,1265,625,640
050,55,033,"Wisconsin","Dunn County",3,23,892,495,397
050,55,033,"Wisconsin","Dunn County",3,24,634,352,282
050,55,033,"Wisconsin","Dunn County",3,25,604,330,274
050,55,033,"Wisconsin","Dunn County",3,26,580,300,280
050,55,033,"Wisconsin","Dunn County",3,27,560,309,251
050,55,033,"Wisconsin","Dunn County",3,28,507,262,245
050,55,033,"Wisconsin","Dunn County",3,29,495,266,229
050,55,033,"Wisconsin","Dunn County",3,30,497,263,234
050,55,033,"Wisconsin","Dunn County",3,31,492,264,228
050,55,033,"Wisconsin","Dunn County",3,32,514,268,246
050,55,033,"Wisconsin","Dunn County",3,33,510,265,245
050,55,033,"Wisconsin","Dunn County",3,34,489,259,230
050,55,033,"Wisconsin","Dunn County",3,35,501,247,254
050,55,033,"Wisconsin","Dunn County",3,36,535,262,273
050,55,033,"Wisconsin","Dunn County",3,37,528,265,263
050,55,033,"Wisconsin","Dunn County",3,38,526,269,257
050,55,033,"Wisconsin","Dunn County",3,39,529,264,265
050,55,033,"Wisconsin","Dunn County",3,40,547,280,267
050,55,033,"Wisconsin","Dunn County",3,41,523,275,248
050,55,033,"Wisconsin","Dunn County",3,42,499,250,249
050,55,033,"Wisconsin","Dunn County",3,43,490,243,247
050,55,033,"Wisconsin","Dunn County",3,44,513,273,240
050,55,033,"Wisconsin","Dunn County",3,45,482,265,217
050,55,033,"Wisconsin","Dunn County",3,46,455,244,211
050,55,033,"Wisconsin","Dunn County",3,47,445,227,218
050,55,033,"Wisconsin","Dunn County",3,48,483,255,228
050,55,033,"Wisconsin","Dunn County",3,49,520,256,264
050,55,033,"Wisconsin","Dunn County",3,50,520,275,245
050,55,033,"Wisconsin","Dunn County",3,51,524,279,245
050,55,033,"Wisconsin","Dunn County",3,52,504,257,247
050,55,033,"Wisconsin","Dunn County",3,53,508,262,246
050,55,033,"Wisconsin","Dunn County",3,54,532,281,251
050,55,033,"Wisconsin","Dunn County",3,55,500,265,235
050,55,033,"Wisconsin","Dunn County",3,56,498,258,240
050,55,033,"Wisconsin","Dunn County",3,57,524,267,257
050,55,033,"Wisconsin","Dunn County",3,58,554,294,260
050,55,033,"Wisconsin","Dunn County",3,59,607,322,285
050,55,033,"Wisconsin","Dunn County",3,60,598,308,290
050,55,033,"Wisconsin","Dunn County",3,61,595,300,295
050,55,033,"Wisconsin","Dunn County",3,62,567,289,278
050,55,033,"Wisconsin","Dunn County",3,63,580,307,273
050,55,033,"Wisconsin","Dunn County",3,64,542,286,256
050,55,033,"Wisconsin","Dunn County",3,65,513,258,255
050,55,033,"Wisconsin","Dunn County",3,66,512,262,250
050,55,033,"Wisconsin","Dunn County",3,67,490,249,241
050,55,033,"Wisconsin","Dunn County",3,68,482,230,252
050,55,033,"Wisconsin","Dunn County",3,69,466,235,231
050,55,033,"Wisconsin","Dunn County",3,70,436,222,214
050,55,033,"Wisconsin","Dunn County",3,71,425,218,207
050,55,033,"Wisconsin","Dunn County",3,72,392,191,201
050,55,033,"Wisconsin","Dunn County",3,73,400,195,205
050,55,033,"Wisconsin","Dunn County",3,74,416,196,220
050,55,033,"Wisconsin","Dunn County",3,75,280,137,143
050,55,033,"Wisconsin","Dunn County",3,76,277,137,140
050,55,033,"Wisconsin","Dunn County",3,77,248,116,132
050,55,033,"Wisconsin","Dunn County",3,78,243,111,132
050,55,033,"Wisconsin","Dunn County",3,79,214,98,116
050,55,033,"Wisconsin","Dunn County",3,80,198,96,102
050,55,033,"Wisconsin","Dunn County",3,81,162,72,90
050,55,033,"Wisconsin","Dunn County",3,82,148,66,82
050,55,033,"Wisconsin","Dunn County",3,83,141,54,87
050,55,033,"Wisconsin","Dunn County",3,84,133,60,73
050,55,033,"Wisconsin","Dunn County",3,85,834,283,551
050,55,033,"Wisconsin","Dunn County",4,0,446,232,214
050,55,033,"Wisconsin","Dunn County",4,1,448,229,219
050,55,033,"Wisconsin","Dunn County",4,2,420,218,202
050,55,033,"Wisconsin","Dunn County",4,3,422,202,220
050,55,033,"Wisconsin","Dunn County",4,4,455,235,220
050,55,033,"Wisconsin","Dunn County",4,5,474,238,236
050,55,033,"Wisconsin","Dunn County",4,6,510,265,245
050,55,033,"Wisconsin","Dunn County",4,7,512,268,244
050,55,033,"Wisconsin","Dunn County",4,8,481,233,248
050,55,033,"Wisconsin","Dunn County",4,9,465,227,238
050,55,033,"Wisconsin","Dunn County",4,10,480,237,243
050,55,033,"Wisconsin","Dunn County",4,11,498,267,231
050,55,033,"Wisconsin","Dunn County",4,12,504,259,245
050,55,033,"Wisconsin","Dunn County",4,13,522,268,254
050,55,033,"Wisconsin","Dunn County",4,14,514,274,240
050,55,033,"Wisconsin","Dunn County",4,15,540,266,274
050,55,033,"Wisconsin","Dunn County",4,16,546,279,267
050,55,033,"Wisconsin","Dunn County",4,17,534,274,260
050,55,033,"Wisconsin","Dunn County",4,18,866,426,440
050,55,033,"Wisconsin","Dunn County",4,19,1584,747,837
050,55,033,"Wisconsin","Dunn County",4,20,1411,686,725
050,55,033,"Wisconsin","Dunn County",4,21,1370,682,688
050,55,033,"Wisconsin","Dunn County",4,22,1299,646,653
050,55,033,"Wisconsin","Dunn County",4,23,916,510,406
050,55,033,"Wisconsin","Dunn County",4,24,690,364,326
050,55,033,"Wisconsin","Dunn County",4,25,614,340,274
050,55,033,"Wisconsin","Dunn County",4,26,555,301,254
050,55,033,"Wisconsin","Dunn County",4,27,548,283,265
050,55,033,"Wisconsin","Dunn County",4,28,556,299,257
050,55,033,"Wisconsin","Dunn County",4,29,515,264,251
050,55,033,"Wisconsin","Dunn County",4,30,524,281,243
050,55,033,"Wisconsin","Dunn County",4,31,509,266,243
050,55,033,"Wisconsin","Dunn County",4,32,505,274,231
050,55,033,"Wisconsin","Dunn County",4,33,523,264,259
050,55,033,"Wisconsin","Dunn County",4,34,494,257,237
050,55,033,"Wisconsin","Dunn County",4,35,506,266,240
050,55,033,"Wisconsin","Dunn County",4,36,509,259,250
050,55,033,"Wisconsin","Dunn County",4,37,542,259,283
050,55,033,"Wisconsin","Dunn County",4,38,528,261,267
050,55,033,"Wisconsin","Dunn County",4,39,539,281,258
050,55,033,"Wisconsin","Dunn County",4,40,535,271,264
050,55,033,"Wisconsin","Dunn County",4,41,566,293,273
050,55,033,"Wisconsin","Dunn County",4,42,533,269,264
050,55,033,"Wisconsin","Dunn County",4,43,512,260,252
050,55,033,"Wisconsin","Dunn County",4,44,490,243,247
050,55,033,"Wisconsin","Dunn County",4,45,503,275,228
050,55,033,"Wisconsin","Dunn County",4,46,470,259,211
050,55,033,"Wisconsin","Dunn County",4,47,463,251,212
050,55,033,"Wisconsin","Dunn County",4,48,451,230,221
050,55,033,"Wisconsin","Dunn County",4,49,471,245,226
050,55,033,"Wisconsin","Dunn County",4,50,531,262,269
050,55,033,"Wisconsin","Dunn County",4,51,531,284,247
050,55,033,"Wisconsin","Dunn County",4,52,523,273,250
050,55,033,"Wisconsin","Dunn County",4,53,507,260,247
050,55,033,"Wisconsin","Dunn County",4,54,497,259,238
050,55,033,"Wisconsin","Dunn County",4,55,526,280,246
050,55,033,"Wisconsin","Dunn County",4,56,495,262,233
050,55,033,"Wisconsin","Dunn County",4,57,498,256,242
050,55,033,"Wisconsin","Dunn County",4,58,514,262,252
050,55,033,"Wisconsin","Dunn County",4,59,575,301,274
050,55,033,"Wisconsin","Dunn County",4,60,602,320,282
050,55,033,"Wisconsin","Dunn County",4,61,602,311,291
050,55,033,"Wisconsin","Dunn County",4,62,587,291,296
050,55,033,"Wisconsin","Dunn County",4,63,564,287,277
050,55,033,"Wisconsin","Dunn County",4,64,566,294,272
050,55,033,"Wisconsin","Dunn County",4,65,548,288,260
050,55,033,"Wisconsin","Dunn County",4,66,501,253,248
050,55,033,"Wisconsin","Dunn County",4,67,501,259,242
050,55,033,"Wisconsin","Dunn County",4,68,470,235,235
050,55,033,"Wisconsin","Dunn County",4,69,477,223,254
050,55,033,"Wisconsin","Dunn County",4,70,463,228,235
050,55,033,"Wisconsin","Dunn County",4,71,429,217,212
050,55,033,"Wisconsin","Dunn County",4,72,406,210,196
050,55,033,"Wisconsin","Dunn County",4,73,391,190,201
050,55,033,"Wisconsin","Dunn County",4,74,391,182,209
050,55,033,"Wisconsin","Dunn County",4,75,408,191,217
050,55,033,"Wisconsin","Dunn County",4,76,270,130,140
050,55,033,"Wisconsin","Dunn County",4,77,262,131,131
050,55,033,"Wisconsin","Dunn County",4,78,243,111,132
050,55,033,"Wisconsin","Dunn County",4,79,242,114,128
050,55,033,"Wisconsin","Dunn County",4,80,205,92,113
050,55,033,"Wisconsin","Dunn County",4,81,182,87,95
050,55,033,"Wisconsin","Dunn County",4,82,152,70,82
050,55,033,"Wisconsin","Dunn County",4,83,142,61,81
050,55,033,"Wisconsin","Dunn County",4,84,129,52,77
050,55,033,"Wisconsin","Dunn County",4,85,824,290,534
050,55,033,"Wisconsin","Dunn County",5,0,448,235,213
050,55,033,"Wisconsin","Dunn County",5,1,436,227,209
050,55,033,"Wisconsin","Dunn County",5,2,448,238,210
050,55,033,"Wisconsin","Dunn County",5,3,432,225,207
050,55,033,"Wisconsin","Dunn County",5,4,435,210,225
050,55,033,"Wisconsin","Dunn County",5,5,445,220,225
050,55,033,"Wisconsin","Dunn County",5,6,493,250,243
050,55,033,"Wisconsin","Dunn County",5,7,504,269,235
050,55,033,"Wisconsin","Dunn County",5,8,518,275,243
050,55,033,"Wisconsin","Dunn County",5,9,484,231,253
050,55,033,"Wisconsin","Dunn County",5,10,481,238,243
050,55,033,"Wisconsin","Dunn County",5,11,483,240,243
050,55,033,"Wisconsin","Dunn County",5,12,508,265,243
050,55,033,"Wisconsin","Dunn County",5,13,509,262,247
050,55,033,"Wisconsin","Dunn County",5,14,517,269,248
050,55,033,"Wisconsin","Dunn County",5,15,524,270,254
050,55,033,"Wisconsin","Dunn County",5,16,525,264,261
050,55,033,"Wisconsin","Dunn County",5,17,551,280,271
050,55,033,"Wisconsin","Dunn County",5,18,879,427,452
050,55,033,"Wisconsin","Dunn County",5,19,1597,761,836
050,55,033,"Wisconsin","Dunn County",5,20,1407,699,708
050,55,033,"Wisconsin","Dunn County",5,21,1324,632,692
050,55,033,"Wisconsin","Dunn County",5,22,1304,661,643
050,55,033,"Wisconsin","Dunn County",5,23,902,504,398
050,55,033,"Wisconsin","Dunn County",5,24,688,372,316
050,55,033,"Wisconsin","Dunn County",5,25,647,334,313
050,55,033,"Wisconsin","Dunn County",5,26,557,314,243
050,55,033,"Wisconsin","Dunn County",5,27,525,279,246
050,55,033,"Wisconsin","Dunn County",5,28,534,279,255
050,55,033,"Wisconsin","Dunn County",5,29,560,293,267
050,55,033,"Wisconsin","Dunn County",5,30,503,254,249
050,55,033,"Wisconsin","Dunn County",5,31,528,285,243
050,55,033,"Wisconsin","Dunn County",5,32,507,270,237
050,55,033,"Wisconsin","Dunn County",5,33,518,273,245
050,55,033,"Wisconsin","Dunn County",5,34,518,270,248
050,55,033,"Wisconsin","Dunn County",5,35,514,269,245
050,55,033,"Wisconsin","Dunn County",5,36,505,267,238
050,55,033,"Wisconsin","Dunn County",5,37,517,261,256
050,55,033,"Wisconsin","Dunn County",5,38,547,257,290
050,55,033,"Wisconsin","Dunn County",5,39,534,266,268
050,55,033,"Wisconsin","Dunn County",5,40,531,272,259
050,55,033,"Wisconsin","Dunn County",5,41,545,278,267
050,55,033,"Wisconsin","Dunn County",5,42,557,283,274
050,55,033,"Wisconsin","Dunn County",5,43,540,270,270
050,55,033,"Wisconsin","Dunn County",5,44,501,259,242
050,55,033,"Wisconsin","Dunn County",5,45,482,243,239
050,55,033,"Wisconsin","Dunn County",5,46,494,268,226
050,55,033,"Wisconsin","Dunn County",5,47,476,265,211
050,55,033,"Wisconsin","Dunn County",5,48,454,249,205
050,55,033,"Wisconsin","Dunn County",5,49,447,223,224
050,55,033,"Wisconsin","Dunn County",5,50,468,239,229
050,55,033,"Wisconsin","Dunn County",5,51,521,259,262
050,55,033,"Wisconsin","Dunn County",5,52,535,280,255
050,55,033,"Wisconsin","Dunn County",5,53,518,275,243
050,55,033,"Wisconsin","Dunn County",5,54,502,254,248
050,55,033,"Wisconsin","Dunn County",5,55,499,260,239
050,55,033,"Wisconsin","Dunn County",5,56,526,275,251
050,55,033,"Wisconsin","Dunn County",5,57,510,269,241
050,55,033,"Wisconsin","Dunn County",5,58,498,261,237
050,55,033,"Wisconsin","Dunn County",5,59,512,266,246
050,55,033,"Wisconsin","Dunn County",5,60,572,301,271
050,55,033,"Wisconsin","Dunn County",5,61,607,319,288
050,55,033,"Wisconsin","Dunn County",5,62,594,312,282
050,55,033,"Wisconsin","Dunn County",5,63,584,293,291
050,55,033,"Wisconsin","Dunn County",5,64,558,278,280
050,55,033,"Wisconsin","Dunn County",5,65,566,292,274
050,55,033,"Wisconsin","Dunn County",5,66,548,286,262
050,55,033,"Wisconsin","Dunn County",5,67,505,257,248
050,55,033,"Wisconsin","Dunn County",5,68,495,254,241
050,55,033,"Wisconsin","Dunn County",5,69,468,238,230
050,55,033,"Wisconsin","Dunn County",5,70,464,217,247
050,55,033,"Wisconsin","Dunn County",5,71,453,225,228
050,55,033,"Wisconsin","Dunn County",5,72,417,206,211
050,55,033,"Wisconsin","Dunn County",5,73,403,209,194
050,55,033,"Wisconsin","Dunn County",5,74,374,179,195
050,55,033,"Wisconsin","Dunn County",5,75,372,175,197
050,55,033,"Wisconsin","Dunn County",5,76,395,182,213
050,55,033,"Wisconsin","Dunn County",5,77,255,125,130
050,55,033,"Wisconsin","Dunn County",5,78,251,123,128
050,55,033,"Wisconsin","Dunn County",5,79,235,112,123
050,55,033,"Wisconsin","Dunn County",5,80,234,106,128
050,55,033,"Wisconsin","Dunn County",5,81,193,86,107
050,55,033,"Wisconsin","Dunn County",5,82,173,86,87
050,55,033,"Wisconsin","Dunn County",5,83,157,68,89
050,55,033,"Wisconsin","Dunn County",5,84,129,56,73
050,55,033,"Wisconsin","Dunn County",5,85,820,299,521
050,55,035,"Wisconsin","Eau Claire County",1,0,1097,564,533
050,55,035,"Wisconsin","Eau Claire County",1,1,1141,591,550
050,55,035,"Wisconsin","Eau Claire County",1,2,1114,564,550
050,55,035,"Wisconsin","Eau Claire County",1,3,1184,630,554
050,55,035,"Wisconsin","Eau Claire County",1,4,1201,622,579
050,55,035,"Wisconsin","Eau Claire County",1,5,1190,571,619
050,55,035,"Wisconsin","Eau Claire County",1,6,1204,621,583
050,55,035,"Wisconsin","Eau Claire County",1,7,1171,609,562
050,55,035,"Wisconsin","Eau Claire County",1,8,1152,575,577
050,55,035,"Wisconsin","Eau Claire County",1,9,1156,613,543
050,55,035,"Wisconsin","Eau Claire County",1,10,1194,627,567
050,55,035,"Wisconsin","Eau Claire County",1,11,1234,647,587
050,55,035,"Wisconsin","Eau Claire County",1,12,1273,671,602
050,55,035,"Wisconsin","Eau Claire County",1,13,1252,652,600
050,55,035,"Wisconsin","Eau Claire County",1,14,1243,672,571
050,55,035,"Wisconsin","Eau Claire County",1,15,1198,642,556
050,55,035,"Wisconsin","Eau Claire County",1,16,1241,644,597
050,55,035,"Wisconsin","Eau Claire County",1,17,1184,627,557
050,55,035,"Wisconsin","Eau Claire County",1,18,1690,772,918
050,55,035,"Wisconsin","Eau Claire County",1,19,2682,1208,1474
050,55,035,"Wisconsin","Eau Claire County",1,20,2868,1254,1614
050,55,035,"Wisconsin","Eau Claire County",1,21,2888,1360,1528
050,55,035,"Wisconsin","Eau Claire County",1,22,2653,1302,1351
050,55,035,"Wisconsin","Eau Claire County",1,23,2090,1021,1069
050,55,035,"Wisconsin","Eau Claire County",1,24,1721,938,783
050,55,035,"Wisconsin","Eau Claire County",1,25,1542,801,741
050,55,035,"Wisconsin","Eau Claire County",1,26,1523,757,766
050,55,035,"Wisconsin","Eau Claire County",1,27,1436,726,710
050,55,035,"Wisconsin","Eau Claire County",1,28,1461,749,712
050,55,035,"Wisconsin","Eau Claire County",1,29,1435,761,674
050,55,035,"Wisconsin","Eau Claire County",1,30,1374,742,632
050,55,035,"Wisconsin","Eau Claire County",1,31,1303,658,645
050,55,035,"Wisconsin","Eau Claire County",1,32,1380,700,680
050,55,035,"Wisconsin","Eau Claire County",1,33,1432,749,683
050,55,035,"Wisconsin","Eau Claire County",1,34,1412,736,676
050,55,035,"Wisconsin","Eau Claire County",1,35,1375,706,669
050,55,035,"Wisconsin","Eau Claire County",1,36,1353,709,644
050,55,035,"Wisconsin","Eau Claire County",1,37,1406,752,654
050,55,035,"Wisconsin","Eau Claire County",1,38,1384,711,673
050,55,035,"Wisconsin","Eau Claire County",1,39,1329,686,643
050,55,035,"Wisconsin","Eau Claire County",1,40,1252,625,627
050,55,035,"Wisconsin","Eau Claire County",1,41,1232,642,590
050,55,035,"Wisconsin","Eau Claire County",1,42,1177,633,544
050,55,035,"Wisconsin","Eau Claire County",1,43,1101,574,527
050,55,035,"Wisconsin","Eau Claire County",1,44,1055,531,524
050,55,035,"Wisconsin","Eau Claire County",1,45,1020,510,510
050,55,035,"Wisconsin","Eau Claire County",1,46,991,500,491
050,55,035,"Wisconsin","Eau Claire County",1,47,1041,524,517
050,55,035,"Wisconsin","Eau Claire County",1,48,1106,565,541
050,55,035,"Wisconsin","Eau Claire County",1,49,1182,611,571
050,55,035,"Wisconsin","Eau Claire County",1,50,1158,592,566
050,55,035,"Wisconsin","Eau Claire County",1,51,1158,579,579
050,55,035,"Wisconsin","Eau Claire County",1,52,1125,558,567
050,55,035,"Wisconsin","Eau Claire County",1,53,1092,543,549
050,55,035,"Wisconsin","Eau Claire County",1,54,1113,571,542
050,55,035,"Wisconsin","Eau Claire County",1,55,1241,641,600
050,55,035,"Wisconsin","Eau Claire County",1,56,1233,629,604
050,55,035,"Wisconsin","Eau Claire County",1,57,1260,631,629
050,55,035,"Wisconsin","Eau Claire County",1,58,1277,626,651
050,55,035,"Wisconsin","Eau Claire County",1,59,1295,639,656
050,55,035,"Wisconsin","Eau Claire County",1,60,1279,641,638
050,55,035,"Wisconsin","Eau Claire County",1,61,1259,627,632
050,55,035,"Wisconsin","Eau Claire County",1,62,1237,610,627
050,55,035,"Wisconsin","Eau Claire County",1,63,1223,598,625
050,55,035,"Wisconsin","Eau Claire County",1,64,1199,576,623
050,55,035,"Wisconsin","Eau Claire County",1,65,1149,542,607
050,55,035,"Wisconsin","Eau Claire County",1,66,1129,537,592
050,55,035,"Wisconsin","Eau Claire County",1,67,1142,555,587
050,55,035,"Wisconsin","Eau Claire County",1,68,1175,534,641
050,55,035,"Wisconsin","Eau Claire County",1,69,1085,505,580
050,55,035,"Wisconsin","Eau Claire County",1,70,1065,513,552
050,55,035,"Wisconsin","Eau Claire County",1,71,990,471,519
050,55,035,"Wisconsin","Eau Claire County",1,72,1012,494,518
050,55,035,"Wisconsin","Eau Claire County",1,73,932,449,483
050,55,035,"Wisconsin","Eau Claire County",1,74,666,318,348
050,55,035,"Wisconsin","Eau Claire County",1,75,641,304,337
050,55,035,"Wisconsin","Eau Claire County",1,76,623,299,324
050,55,035,"Wisconsin","Eau Claire County",1,77,626,280,346
050,55,035,"Wisconsin","Eau Claire County",1,78,550,252,298
050,55,035,"Wisconsin","Eau Claire County",1,79,484,229,255
050,55,035,"Wisconsin","Eau Claire County",1,80,408,193,215
050,55,035,"Wisconsin","Eau Claire County",1,81,362,150,212
050,55,035,"Wisconsin","Eau Claire County",1,82,413,168,245
050,55,035,"Wisconsin","Eau Claire County",1,83,339,134,205
050,55,035,"Wisconsin","Eau Claire County",1,84,320,136,184
050,55,035,"Wisconsin","Eau Claire County",1,85,2130,692,1438
050,55,035,"Wisconsin","Eau Claire County",2,0,1125,580,545
050,55,035,"Wisconsin","Eau Claire County",2,1,1122,579,543
050,55,035,"Wisconsin","Eau Claire County",2,2,1121,571,550
050,55,035,"Wisconsin","Eau Claire County",2,3,1165,614,551
050,55,035,"Wisconsin","Eau Claire County",2,4,1202,623,579
050,55,035,"Wisconsin","Eau Claire County",2,5,1199,584,615
050,55,035,"Wisconsin","Eau Claire County",2,6,1207,612,595
050,55,035,"Wisconsin","Eau Claire County",2,7,1179,610,569
050,55,035,"Wisconsin","Eau Claire County",2,8,1144,577,567
050,55,035,"Wisconsin","Eau Claire County",2,9,1149,600,549
050,55,035,"Wisconsin","Eau Claire County",2,10,1184,623,561
050,55,035,"Wisconsin","Eau Claire County",2,11,1228,646,582
050,55,035,"Wisconsin","Eau Claire County",2,12,1270,667,603
050,55,035,"Wisconsin","Eau Claire County",2,13,1253,655,598
050,55,035,"Wisconsin","Eau Claire County",2,14,1250,672,578
050,55,035,"Wisconsin","Eau Claire County",2,15,1211,648,563
050,55,035,"Wisconsin","Eau Claire County",2,16,1240,649,591
050,55,035,"Wisconsin","Eau Claire County",2,17,1202,630,572
050,55,035,"Wisconsin","Eau Claire County",2,18,1688,769,919
050,55,035,"Wisconsin","Eau Claire County",2,19,2697,1219,1478
050,55,035,"Wisconsin","Eau Claire County",2,20,2891,1257,1634
050,55,035,"Wisconsin","Eau Claire County",2,21,2864,1356,1508
050,55,035,"Wisconsin","Eau Claire County",2,22,2638,1286,1352
050,55,035,"Wisconsin","Eau Claire County",2,23,2089,1021,1068
050,55,035,"Wisconsin","Eau Claire County",2,24,1720,931,789
050,55,035,"Wisconsin","Eau Claire County",2,25,1528,796,732
050,55,035,"Wisconsin","Eau Claire County",2,26,1514,765,749
050,55,035,"Wisconsin","Eau Claire County",2,27,1434,722,712
050,55,035,"Wisconsin","Eau Claire County",2,28,1463,747,716
050,55,035,"Wisconsin","Eau Claire County",2,29,1446,761,685
050,55,035,"Wisconsin","Eau Claire County",2,30,1393,747,646
050,55,035,"Wisconsin","Eau Claire County",2,31,1311,674,637
050,55,035,"Wisconsin","Eau Claire County",2,32,1356,688,668
050,55,035,"Wisconsin","Eau Claire County",2,33,1416,737,679
050,55,035,"Wisconsin","Eau Claire County",2,34,1417,738,679
050,55,035,"Wisconsin","Eau Claire County",2,35,1391,717,674
050,55,035,"Wisconsin","Eau Claire County",2,36,1348,705,643
050,55,035,"Wisconsin","Eau Claire County",2,37,1394,741,653
050,55,035,"Wisconsin","Eau Claire County",2,38,1396,724,672
050,55,035,"Wisconsin","Eau Claire County",2,39,1337,688,649
050,55,035,"Wisconsin","Eau Claire County",2,40,1278,645,633
050,55,035,"Wisconsin","Eau Claire County",2,41,1240,639,601
050,55,035,"Wisconsin","Eau Claire County",2,42,1184,633,551
050,55,035,"Wisconsin","Eau Claire County",2,43,1134,599,535
050,55,035,"Wisconsin","Eau Claire County",2,44,1053,533,520
050,55,035,"Wisconsin","Eau Claire County",2,45,1036,517,519
050,55,035,"Wisconsin","Eau Claire County",2,46,994,499,495
050,55,035,"Wisconsin","Eau Claire County",2,47,1029,520,509
050,55,035,"Wisconsin","Eau Claire County",2,48,1089,555,534
050,55,035,"Wisconsin","Eau Claire County",2,49,1169,603,566
050,55,035,"Wisconsin","Eau Claire County",2,50,1167,598,569
050,55,035,"Wisconsin","Eau Claire County",2,51,1155,577,578
050,55,035,"Wisconsin","Eau Claire County",2,52,1124,559,565
050,55,035,"Wisconsin","Eau Claire County",2,53,1096,545,551
050,55,035,"Wisconsin","Eau Claire County",2,54,1106,563,543
050,55,035,"Wisconsin","Eau Claire County",2,55,1207,622,585
050,55,035,"Wisconsin","Eau Claire County",2,56,1239,635,604
050,55,035,"Wisconsin","Eau Claire County",2,57,1252,629,623
050,55,035,"Wisconsin","Eau Claire County",2,58,1271,623,648
050,55,035,"Wisconsin","Eau Claire County",2,59,1295,637,658
050,55,035,"Wisconsin","Eau Claire County",2,60,1284,637,647
050,55,035,"Wisconsin","Eau Claire County",2,61,1261,629,632
050,55,035,"Wisconsin","Eau Claire County",2,62,1238,610,628
050,55,035,"Wisconsin","Eau Claire County",2,63,1233,603,630
050,55,035,"Wisconsin","Eau Claire County",2,64,1194,574,620
050,55,035,"Wisconsin","Eau Claire County",2,65,1157,548,609
050,55,035,"Wisconsin","Eau Claire County",2,66,1134,538,596
050,55,035,"Wisconsin","Eau Claire County",2,67,1131,544,587
050,55,035,"Wisconsin","Eau Claire County",2,68,1155,532,623
050,55,035,"Wisconsin","Eau Claire County",2,69,1116,515,601
050,55,035,"Wisconsin","Eau Claire County",2,70,1067,510,557
050,55,035,"Wisconsin","Eau Claire County",2,71,1007,478,529
050,55,035,"Wisconsin","Eau Claire County",2,72,991,480,511
050,55,035,"Wisconsin","Eau Claire County",2,73,992,481,511
050,55,035,"Wisconsin","Eau Claire County",2,74,681,327,354
050,55,035,"Wisconsin","Eau Claire County",2,75,644,304,340
050,55,035,"Wisconsin","Eau Claire County",2,76,620,296,324
050,55,035,"Wisconsin","Eau Claire County",2,77,637,290,347
050,55,035,"Wisconsin","Eau Claire County",2,78,560,255,305
050,55,035,"Wisconsin","Eau Claire County",2,79,491,230,261
050,55,035,"Wisconsin","Eau Claire County",2,80,424,197,227
050,55,035,"Wisconsin","Eau Claire County",2,81,370,159,211
050,55,035,"Wisconsin","Eau Claire County",2,82,403,163,240
050,55,035,"Wisconsin","Eau Claire County",2,83,350,142,208
050,55,035,"Wisconsin","Eau Claire County",2,84,319,136,183
050,55,035,"Wisconsin","Eau Claire County",2,85,2138,693,1445
050,55,035,"Wisconsin","Eau Claire County",3,0,1093,572,521
050,55,035,"Wisconsin","Eau Claire County",3,1,1101,559,542
050,55,035,"Wisconsin","Eau Claire County",3,2,1108,556,552
050,55,035,"Wisconsin","Eau Claire County",3,3,1118,571,547
050,55,035,"Wisconsin","Eau Claire County",3,4,1177,621,556
050,55,035,"Wisconsin","Eau Claire County",3,5,1201,625,576
050,55,035,"Wisconsin","Eau Claire County",3,6,1208,584,624
050,55,035,"Wisconsin","Eau Claire County",3,7,1208,616,592
050,55,035,"Wisconsin","Eau Claire County",3,8,1192,605,587
050,55,035,"Wisconsin","Eau Claire County",3,9,1152,589,563
050,55,035,"Wisconsin","Eau Claire County",3,10,1161,591,570
050,55,035,"Wisconsin","Eau Claire County",3,11,1183,615,568
050,55,035,"Wisconsin","Eau Claire County",3,12,1215,638,577
050,55,035,"Wisconsin","Eau Claire County",3,13,1281,669,612
050,55,035,"Wisconsin","Eau Claire County",3,14,1281,681,600
050,55,035,"Wisconsin","Eau Claire County",3,15,1238,669,569
050,55,035,"Wisconsin","Eau Claire County",3,16,1240,672,568
050,55,035,"Wisconsin","Eau Claire County",3,17,1232,642,590
050,55,035,"Wisconsin","Eau Claire County",3,18,1622,742,880
050,55,035,"Wisconsin","Eau Claire County",3,19,2534,1158,1376
050,55,035,"Wisconsin","Eau Claire County",3,20,2823,1225,1598
050,55,035,"Wisconsin","Eau Claire County",3,21,2810,1353,1457
050,55,035,"Wisconsin","Eau Claire County",3,22,2658,1277,1381
050,55,035,"Wisconsin","Eau Claire County",3,23,2090,1017,1073
050,55,035,"Wisconsin","Eau Claire County",3,24,1771,934,837
050,55,035,"Wisconsin","Eau Claire County",3,25,1503,816,687
050,55,035,"Wisconsin","Eau Claire County",3,26,1464,776,688
050,55,035,"Wisconsin","Eau Claire County",3,27,1427,704,723
050,55,035,"Wisconsin","Eau Claire County",3,28,1424,708,716
050,55,035,"Wisconsin","Eau Claire County",3,29,1454,737,717
050,55,035,"Wisconsin","Eau Claire County",3,30,1441,765,676
050,55,035,"Wisconsin","Eau Claire County",3,31,1368,737,631
050,55,035,"Wisconsin","Eau Claire County",3,32,1312,676,636
050,55,035,"Wisconsin","Eau Claire County",3,33,1345,681,664
050,55,035,"Wisconsin","Eau Claire County",3,34,1449,743,706
050,55,035,"Wisconsin","Eau Claire County",3,35,1395,724,671
050,55,035,"Wisconsin","Eau Claire County",3,36,1444,745,699
050,55,035,"Wisconsin","Eau Claire County",3,37,1350,691,659
050,55,035,"Wisconsin","Eau Claire County",3,38,1390,742,648
050,55,035,"Wisconsin","Eau Claire County",3,39,1387,721,666
050,55,035,"Wisconsin","Eau Claire County",3,40,1324,683,641
050,55,035,"Wisconsin","Eau Claire County",3,41,1305,654,651
050,55,035,"Wisconsin","Eau Claire County",3,42,1232,638,594
050,55,035,"Wisconsin","Eau Claire County",3,43,1200,644,556
050,55,035,"Wisconsin","Eau Claire County",3,44,1114,574,540
050,55,035,"Wisconsin","Eau Claire County",3,45,1058,537,521
050,55,035,"Wisconsin","Eau Claire County",3,46,1016,518,498
050,55,035,"Wisconsin","Eau Claire County",3,47,1001,504,497
050,55,035,"Wisconsin","Eau Claire County",3,48,1011,515,496
050,55,035,"Wisconsin","Eau Claire County",3,49,1067,530,537
050,55,035,"Wisconsin","Eau Claire County",3,50,1170,607,563
050,55,035,"Wisconsin","Eau Claire County",3,51,1186,602,584
050,55,035,"Wisconsin","Eau Claire County",3,52,1135,568,567
050,55,035,"Wisconsin","Eau Claire County",3,53,1127,562,565
050,55,035,"Wisconsin","Eau Claire County",3,54,1078,528,550
050,55,035,"Wisconsin","Eau Claire County",3,55,1108,570,538
050,55,035,"Wisconsin","Eau Claire County",3,56,1186,609,577
050,55,035,"Wisconsin","Eau Claire County",3,57,1208,610,598
050,55,035,"Wisconsin","Eau Claire County",3,58,1255,623,632
050,55,035,"Wisconsin","Eau Claire County",3,59,1248,616,632
050,55,035,"Wisconsin","Eau Claire County",3,60,1310,634,676
050,55,035,"Wisconsin","Eau Claire County",3,61,1290,643,647
050,55,035,"Wisconsin","Eau Claire County",3,62,1234,620,614
050,55,035,"Wisconsin","Eau Claire County",3,63,1210,595,615
050,55,035,"Wisconsin","Eau Claire County",3,64,1233,598,635
050,55,035,"Wisconsin","Eau Claire County",3,65,1179,573,606
050,55,035,"Wisconsin","Eau Claire County",3,66,1138,535,603
050,55,035,"Wisconsin","Eau Claire County",3,67,1120,533,587
050,55,035,"Wisconsin","Eau Claire County",3,68,1111,539,572
050,55,035,"Wisconsin","Eau Claire County",3,69,1156,526,630
050,55,035,"Wisconsin","Eau Claire County",3,70,1103,510,593
050,55,035,"Wisconsin","Eau Claire County",3,71,1054,494,560
050,55,035,"Wisconsin","Eau Claire County",3,72,1002,473,529
050,55,035,"Wisconsin","Eau Claire County",3,73,959,464,495
050,55,035,"Wisconsin","Eau Claire County",3,74,984,471,513
050,55,035,"Wisconsin","Eau Claire County",3,75,665,309,356
050,55,035,"Wisconsin","Eau Claire County",3,76,639,297,342
050,55,035,"Wisconsin","Eau Claire County",3,77,596,283,313
050,55,035,"Wisconsin","Eau Claire County",3,78,628,289,339
050,55,035,"Wisconsin","Eau Claire County",3,79,524,242,282
050,55,035,"Wisconsin","Eau Claire County",3,80,461,215,246
050,55,035,"Wisconsin","Eau Claire County",3,81,395,185,210
050,55,035,"Wisconsin","Eau Claire County",3,82,362,151,211
050,55,035,"Wisconsin","Eau Claire County",3,83,370,147,223
050,55,035,"Wisconsin","Eau Claire County",3,84,300,131,169
050,55,035,"Wisconsin","Eau Claire County",3,85,2115,675,1440
050,55,035,"Wisconsin","Eau Claire County",4,0,1076,540,536
050,55,035,"Wisconsin","Eau Claire County",4,1,1034,554,480
050,55,035,"Wisconsin","Eau Claire County",4,2,1143,574,569
050,55,035,"Wisconsin","Eau Claire County",4,3,1117,565,552
050,55,035,"Wisconsin","Eau Claire County",4,4,1112,566,546
050,55,035,"Wisconsin","Eau Claire County",4,5,1175,611,564
050,55,035,"Wisconsin","Eau Claire County",4,6,1196,625,571
050,55,035,"Wisconsin","Eau Claire County",4,7,1198,592,606
050,55,035,"Wisconsin","Eau Claire County",4,8,1195,611,584
050,55,035,"Wisconsin","Eau Claire County",4,9,1193,605,588
050,55,035,"Wisconsin","Eau Claire County",4,10,1146,583,563
050,55,035,"Wisconsin","Eau Claire County",4,11,1150,601,549
050,55,035,"Wisconsin","Eau Claire County",4,12,1188,620,568
050,55,035,"Wisconsin","Eau Claire County",4,13,1194,615,579
050,55,035,"Wisconsin","Eau Claire County",4,14,1296,679,617
050,55,035,"Wisconsin","Eau Claire County",4,15,1279,675,604
050,55,035,"Wisconsin","Eau Claire County",4,16,1253,665,588
050,55,035,"Wisconsin","Eau Claire County",4,17,1236,651,585
050,55,035,"Wisconsin","Eau Claire County",4,18,1682,772,910
050,55,035,"Wisconsin","Eau Claire County",4,19,2632,1194,1438
050,55,035,"Wisconsin","Eau Claire County",4,20,2840,1243,1597
050,55,035,"Wisconsin","Eau Claire County",4,21,2905,1404,1501
050,55,035,"Wisconsin","Eau Claire County",4,22,2657,1290,1367
050,55,035,"Wisconsin","Eau Claire County",4,23,2180,1046,1134
050,55,035,"Wisconsin","Eau Claire County",4,24,1739,916,823
050,55,035,"Wisconsin","Eau Claire County",4,25,1545,836,709
050,55,035,"Wisconsin","Eau Claire County",4,26,1492,816,676
050,55,035,"Wisconsin","Eau Claire County",4,27,1378,717,661
050,55,035,"Wisconsin","Eau Claire County",4,28,1443,709,734
050,55,035,"Wisconsin","Eau Claire County",4,29,1406,721,685
050,55,035,"Wisconsin","Eau Claire County",4,30,1417,701,716
050,55,035,"Wisconsin","Eau Claire County",4,31,1429,760,669
050,55,035,"Wisconsin","Eau Claire County",4,32,1367,735,632
050,55,035,"Wisconsin","Eau Claire County",4,33,1334,689,645
050,55,035,"Wisconsin","Eau Claire County",4,34,1361,679,682
050,55,035,"Wisconsin","Eau Claire County",4,35,1425,736,689
050,55,035,"Wisconsin","Eau Claire County",4,36,1396,724,672
050,55,035,"Wisconsin","Eau Claire County",4,37,1450,764,686
050,55,035,"Wisconsin","Eau Claire County",4,38,1348,693,655
050,55,035,"Wisconsin","Eau Claire County",4,39,1368,736,632
050,55,035,"Wisconsin","Eau Claire County",4,40,1399,727,672
050,55,035,"Wisconsin","Eau Claire County",4,41,1330,688,642
050,55,035,"Wisconsin","Eau Claire County",4,42,1302,647,655
050,55,035,"Wisconsin","Eau Claire County",4,43,1235,635,600
050,55,035,"Wisconsin","Eau Claire County",4,44,1181,632,549
050,55,035,"Wisconsin","Eau Claire County",4,45,1143,590,553
050,55,035,"Wisconsin","Eau Claire County",4,46,1059,534,525
050,55,035,"Wisconsin","Eau Claire County",4,47,1040,531,509
050,55,035,"Wisconsin","Eau Claire County",4,48,998,496,502
050,55,035,"Wisconsin","Eau Claire County",4,49,993,502,491
050,55,035,"Wisconsin","Eau Claire County",4,50,1060,528,532
050,55,035,"Wisconsin","Eau Claire County",4,51,1174,612,562
050,55,035,"Wisconsin","Eau Claire County",4,52,1168,599,569
050,55,035,"Wisconsin","Eau Claire County",4,53,1108,552,556
050,55,035,"Wisconsin","Eau Claire County",4,54,1116,560,556
050,55,035,"Wisconsin","Eau Claire County",4,55,1060,515,545
050,55,035,"Wisconsin","Eau Claire County",4,56,1115,574,541
050,55,035,"Wisconsin","Eau Claire County",4,57,1209,616,593
050,55,035,"Wisconsin","Eau Claire County",4,58,1211,603,608
050,55,035,"Wisconsin","Eau Claire County",4,59,1233,612,621
050,55,035,"Wisconsin","Eau Claire County",4,60,1250,612,638
050,55,035,"Wisconsin","Eau Claire County",4,61,1303,637,666
050,55,035,"Wisconsin","Eau Claire County",4,62,1284,636,648
050,55,035,"Wisconsin","Eau Claire County",4,63,1249,608,641
050,55,035,"Wisconsin","Eau Claire County",4,64,1194,587,607
050,55,035,"Wisconsin","Eau Claire County",4,65,1215,583,632
050,55,035,"Wisconsin","Eau Claire County",4,66,1191,571,620
050,55,035,"Wisconsin","Eau Claire County",4,67,1135,533,602
050,55,035,"Wisconsin","Eau Claire County",4,68,1102,537,565
050,55,035,"Wisconsin","Eau Claire County",4,69,1101,528,573
050,55,035,"Wisconsin","Eau Claire County",4,70,1139,518,621
050,55,035,"Wisconsin","Eau Claire County",4,71,1096,496,600
050,55,035,"Wisconsin","Eau Claire County",4,72,1045,491,554
050,55,035,"Wisconsin","Eau Claire County",4,73,971,467,504
050,55,035,"Wisconsin","Eau Claire County",4,74,936,444,492
050,55,035,"Wisconsin","Eau Claire County",4,75,950,453,497
050,55,035,"Wisconsin","Eau Claire County",4,76,663,308,355
050,55,035,"Wisconsin","Eau Claire County",4,77,623,291,332
050,55,035,"Wisconsin","Eau Claire County",4,78,576,278,298
050,55,035,"Wisconsin","Eau Claire County",4,79,596,281,315
050,55,035,"Wisconsin","Eau Claire County",4,80,499,221,278
050,55,035,"Wisconsin","Eau Claire County",4,81,444,204,240
050,55,035,"Wisconsin","Eau Claire County",4,82,387,179,208
050,55,035,"Wisconsin","Eau Claire County",4,83,331,135,196
050,55,035,"Wisconsin","Eau Claire County",4,84,337,147,190
050,55,035,"Wisconsin","Eau Claire County",4,85,2060,659,1401
050,55,035,"Wisconsin","Eau Claire County",5,0,1055,524,531
050,55,035,"Wisconsin","Eau Claire County",5,1,1085,549,536
050,55,035,"Wisconsin","Eau Claire County",5,2,1050,559,491
050,55,035,"Wisconsin","Eau Claire County",5,3,1128,558,570
050,55,035,"Wisconsin","Eau Claire County",5,4,1127,570,557
050,55,035,"Wisconsin","Eau Claire County",5,5,1089,561,528
050,55,035,"Wisconsin","Eau Claire County",5,6,1185,608,577
050,55,035,"Wisconsin","Eau Claire County",5,7,1211,628,583
050,55,035,"Wisconsin","Eau Claire County",5,8,1206,592,614
050,55,035,"Wisconsin","Eau Claire County",5,9,1185,606,579
050,55,035,"Wisconsin","Eau Claire County",5,10,1184,589,595
050,55,035,"Wisconsin","Eau Claire County",5,11,1151,583,568
050,55,035,"Wisconsin","Eau Claire County",5,12,1177,605,572
050,55,035,"Wisconsin","Eau Claire County",5,13,1189,632,557
050,55,035,"Wisconsin","Eau Claire County",5,14,1225,636,589
050,55,035,"Wisconsin","Eau Claire County",5,15,1302,679,623
050,55,035,"Wisconsin","Eau Claire County",5,16,1302,690,612
050,55,035,"Wisconsin","Eau Claire County",5,17,1265,659,606
050,55,035,"Wisconsin","Eau Claire County",5,18,1698,790,908
050,55,035,"Wisconsin","Eau Claire County",5,19,2672,1211,1461
050,55,035,"Wisconsin","Eau Claire County",5,20,2865,1249,1616
050,55,035,"Wisconsin","Eau Claire County",5,21,2849,1396,1453
050,55,035,"Wisconsin","Eau Claire County",5,22,2720,1329,1391
050,55,035,"Wisconsin","Eau Claire County",5,23,2185,1052,1133
050,55,035,"Wisconsin","Eau Claire County",5,24,1869,977,892
050,55,035,"Wisconsin","Eau Claire County",5,25,1538,816,722
050,55,035,"Wisconsin","Eau Claire County",5,26,1533,813,720
050,55,035,"Wisconsin","Eau Claire County",5,27,1432,770,662
050,55,035,"Wisconsin","Eau Claire County",5,28,1425,726,699
050,55,035,"Wisconsin","Eau Claire County",5,29,1455,717,738
050,55,035,"Wisconsin","Eau Claire County",5,30,1421,723,698
050,55,035,"Wisconsin","Eau Claire County",5,31,1419,723,696
050,55,035,"Wisconsin","Eau Claire County",5,32,1420,754,666
050,55,035,"Wisconsin","Eau Claire County",5,33,1398,739,659
050,55,035,"Wisconsin","Eau Claire County",5,34,1309,657,652
050,55,035,"Wisconsin","Eau Claire County",5,35,1360,689,671
050,55,035,"Wisconsin","Eau Claire County",5,36,1443,751,692
050,55,035,"Wisconsin","Eau Claire County",5,37,1402,732,670
050,55,035,"Wisconsin","Eau Claire County",5,38,1430,753,677
050,55,035,"Wisconsin","Eau Claire County",5,39,1349,688,661
050,55,035,"Wisconsin","Eau Claire County",5,40,1365,742,623
050,55,035,"Wisconsin","Eau Claire County",5,41,1401,725,676
050,55,035,"Wisconsin","Eau Claire County",5,42,1331,696,635
050,55,035,"Wisconsin","Eau Claire County",5,43,1330,661,669
050,55,035,"Wisconsin","Eau Claire County",5,44,1224,631,593
050,55,035,"Wisconsin","Eau Claire County",5,45,1223,659,564
050,55,035,"Wisconsin","Eau Claire County",5,46,1145,586,559
050,55,035,"Wisconsin","Eau Claire County",5,47,1077,542,535
050,55,035,"Wisconsin","Eau Claire County",5,48,1038,525,513
050,55,035,"Wisconsin","Eau Claire County",5,49,993,493,500
050,55,035,"Wisconsin","Eau Claire County",5,50,1004,510,494
050,55,035,"Wisconsin","Eau Claire County",5,51,1085,531,554
050,55,035,"Wisconsin","Eau Claire County",5,52,1171,614,557
050,55,035,"Wisconsin","Eau Claire County",5,53,1161,595,566
050,55,035,"Wisconsin","Eau Claire County",5,54,1107,553,554
050,55,035,"Wisconsin","Eau Claire County",5,55,1132,564,568
050,55,035,"Wisconsin","Eau Claire County",5,56,1094,529,565
050,55,035,"Wisconsin","Eau Claire County",5,57,1139,574,565
050,55,035,"Wisconsin","Eau Claire County",5,58,1187,596,591
050,55,035,"Wisconsin","Eau Claire County",5,59,1216,614,602
050,55,035,"Wisconsin","Eau Claire County",5,60,1235,601,634
050,55,035,"Wisconsin","Eau Claire County",5,61,1256,610,646
050,55,035,"Wisconsin","Eau Claire County",5,62,1301,630,671
050,55,035,"Wisconsin","Eau Claire County",5,63,1265,619,646
050,55,035,"Wisconsin","Eau Claire County",5,64,1247,598,649
050,55,035,"Wisconsin","Eau Claire County",5,65,1197,584,613
050,55,035,"Wisconsin","Eau Claire County",5,66,1193,570,623
050,55,035,"Wisconsin","Eau Claire County",5,67,1183,571,612
050,55,035,"Wisconsin","Eau Claire County",5,68,1113,524,589
050,55,035,"Wisconsin","Eau Claire County",5,69,1089,517,572
050,55,035,"Wisconsin","Eau Claire County",5,70,1093,527,566
050,55,035,"Wisconsin","Eau Claire County",5,71,1129,509,620
050,55,035,"Wisconsin","Eau Claire County",5,72,1067,484,583
050,55,035,"Wisconsin","Eau Claire County",5,73,1011,476,535
050,55,035,"Wisconsin","Eau Claire County",5,74,964,452,512
050,55,035,"Wisconsin","Eau Claire County",5,75,913,431,482
050,55,035,"Wisconsin","Eau Claire County",5,76,928,443,485
050,55,035,"Wisconsin","Eau Claire County",5,77,633,290,343
050,55,035,"Wisconsin","Eau Claire County",5,78,613,288,325
050,55,035,"Wisconsin","Eau Claire County",5,79,550,272,278
050,55,035,"Wisconsin","Eau Claire County",5,80,570,264,306
050,55,035,"Wisconsin","Eau Claire County",5,81,483,210,273
050,55,035,"Wisconsin","Eau Claire County",5,82,438,194,244
050,55,035,"Wisconsin","Eau Claire County",5,83,350,166,184
050,55,035,"Wisconsin","Eau Claire County",5,84,298,132,166
050,55,035,"Wisconsin","Eau Claire County",5,85,2053,665,1388
050,55,037,"Wisconsin","Florence County",1,0,28,15,13
050,55,037,"Wisconsin","Florence County",1,1,35,16,19
050,55,037,"Wisconsin","Florence County",1,2,25,10,15
050,55,037,"Wisconsin","Florence County",1,3,32,16,16
050,55,037,"Wisconsin","Florence County",1,4,39,24,15
050,55,037,"Wisconsin","Florence County",1,5,34,21,13
050,55,037,"Wisconsin","Florence County",1,6,32,22,10
050,55,037,"Wisconsin","Florence County",1,7,30,17,13
050,55,037,"Wisconsin","Florence County",1,8,42,26,16
050,55,037,"Wisconsin","Florence County",1,9,37,23,14
050,55,037,"Wisconsin","Florence County",1,10,42,16,26
050,55,037,"Wisconsin","Florence County",1,11,44,20,24
050,55,037,"Wisconsin","Florence County",1,12,39,16,23
050,55,037,"Wisconsin","Florence County",1,13,38,20,18
050,55,037,"Wisconsin","Florence County",1,14,44,23,21
050,55,037,"Wisconsin","Florence County",1,15,47,23,24
050,55,037,"Wisconsin","Florence County",1,16,41,22,19
050,55,037,"Wisconsin","Florence County",1,17,35,18,17
050,55,037,"Wisconsin","Florence County",1,18,33,18,15
050,55,037,"Wisconsin","Florence County",1,19,28,14,14
050,55,037,"Wisconsin","Florence County",1,20,26,14,12
050,55,037,"Wisconsin","Florence County",1,21,27,17,10
050,55,037,"Wisconsin","Florence County",1,22,33,17,16
050,55,037,"Wisconsin","Florence County",1,23,23,14,9
050,55,037,"Wisconsin","Florence County",1,24,35,21,14
050,55,037,"Wisconsin","Florence County",1,25,38,17,21
050,55,037,"Wisconsin","Florence County",1,26,47,24,23
050,55,037,"Wisconsin","Florence County",1,27,46,22,24
050,55,037,"Wisconsin","Florence County",1,28,34,15,19
050,55,037,"Wisconsin","Florence County",1,29,43,21,22
050,55,037,"Wisconsin","Florence County",1,30,26,17,9
050,55,037,"Wisconsin","Florence County",1,31,44,23,21
050,55,037,"Wisconsin","Florence County",1,32,34,16,18
050,55,037,"Wisconsin","Florence County",1,33,42,22,20
050,55,037,"Wisconsin","Florence County",1,34,48,31,17
050,55,037,"Wisconsin","Florence County",1,35,50,26,24
050,55,037,"Wisconsin","Florence County",1,36,41,21,20
050,55,037,"Wisconsin","Florence County",1,37,46,26,20
050,55,037,"Wisconsin","Florence County",1,38,48,21,27
050,55,037,"Wisconsin","Florence County",1,39,48,25,23
050,55,037,"Wisconsin","Florence County",1,40,45,25,20
050,55,037,"Wisconsin","Florence County",1,41,49,25,24
050,55,037,"Wisconsin","Florence County",1,42,46,25,21
050,55,037,"Wisconsin","Florence County",1,43,43,26,17
050,55,037,"Wisconsin","Florence County",1,44,36,19,17
050,55,037,"Wisconsin","Florence County",1,45,37,19,18
050,55,037,"Wisconsin","Florence County",1,46,35,15,20
050,55,037,"Wisconsin","Florence County",1,47,38,16,22
050,55,037,"Wisconsin","Florence County",1,48,43,22,21
050,55,037,"Wisconsin","Florence County",1,49,54,34,20
050,55,037,"Wisconsin","Florence County",1,50,58,36,22
050,55,037,"Wisconsin","Florence County",1,51,67,39,28
050,55,037,"Wisconsin","Florence County",1,52,71,38,33
050,55,037,"Wisconsin","Florence County",1,53,70,28,42
050,55,037,"Wisconsin","Florence County",1,54,87,42,45
050,55,037,"Wisconsin","Florence County",1,55,89,44,45
050,55,037,"Wisconsin","Florence County",1,56,102,49,53
050,55,037,"Wisconsin","Florence County",1,57,106,52,54
050,55,037,"Wisconsin","Florence County",1,58,94,46,48
050,55,037,"Wisconsin","Florence County",1,59,88,43,45
050,55,037,"Wisconsin","Florence County",1,60,105,52,53
050,55,037,"Wisconsin","Florence County",1,61,104,60,44
050,55,037,"Wisconsin","Florence County",1,62,115,57,58
050,55,037,"Wisconsin","Florence County",1,63,103,56,47
050,55,037,"Wisconsin","Florence County",1,64,114,64,50
050,55,037,"Wisconsin","Florence County",1,65,106,46,60
050,55,037,"Wisconsin","Florence County",1,66,86,44,42
050,55,037,"Wisconsin","Florence County",1,67,89,50,39
050,55,037,"Wisconsin","Florence County",1,68,88,50,38
050,55,037,"Wisconsin","Florence County",1,69,81,42,39
050,55,037,"Wisconsin","Florence County",1,70,66,33,33
050,55,037,"Wisconsin","Florence County",1,71,69,40,29
050,55,037,"Wisconsin","Florence County",1,72,72,38,34
050,55,037,"Wisconsin","Florence County",1,73,70,38,32
050,55,037,"Wisconsin","Florence County",1,74,52,26,26
050,55,037,"Wisconsin","Florence County",1,75,58,31,27
050,55,037,"Wisconsin","Florence County",1,76,50,29,21
050,55,037,"Wisconsin","Florence County",1,77,42,22,20
050,55,037,"Wisconsin","Florence County",1,78,43,19,24
050,55,037,"Wisconsin","Florence County",1,79,40,16,24
050,55,037,"Wisconsin","Florence County",1,80,37,18,19
050,55,037,"Wisconsin","Florence County",1,81,27,11,16
050,55,037,"Wisconsin","Florence County",1,82,29,14,15
050,55,037,"Wisconsin","Florence County",1,83,26,13,13
050,55,037,"Wisconsin","Florence County",1,84,22,8,14
050,55,037,"Wisconsin","Florence County",1,85,104,34,70
050,55,037,"Wisconsin","Florence County",2,0,32,13,19
050,55,037,"Wisconsin","Florence County",2,1,32,15,17
050,55,037,"Wisconsin","Florence County",2,2,27,11,16
050,55,037,"Wisconsin","Florence County",2,3,31,15,16
050,55,037,"Wisconsin","Florence County",2,4,38,22,16
050,55,037,"Wisconsin","Florence County",2,5,35,21,14
050,55,037,"Wisconsin","Florence County",2,6,35,23,12
050,55,037,"Wisconsin","Florence County",2,7,30,18,12
050,55,037,"Wisconsin","Florence County",2,8,38,23,15
050,55,037,"Wisconsin","Florence County",2,9,37,22,15
050,55,037,"Wisconsin","Florence County",2,10,41,18,23
050,55,037,"Wisconsin","Florence County",2,11,44,19,25
050,55,037,"Wisconsin","Florence County",2,12,41,18,23
050,55,037,"Wisconsin","Florence County",2,13,38,19,19
050,55,037,"Wisconsin","Florence County",2,14,42,22,20
050,55,037,"Wisconsin","Florence County",2,15,48,24,24
050,55,037,"Wisconsin","Florence County",2,16,41,21,20
050,55,037,"Wisconsin","Florence County",2,17,37,19,18
050,55,037,"Wisconsin","Florence County",2,18,32,17,15
050,55,037,"Wisconsin","Florence County",2,19,27,14,13
050,55,037,"Wisconsin","Florence County",2,20,26,14,12
050,55,037,"Wisconsin","Florence County",2,21,26,16,10
050,55,037,"Wisconsin","Florence County",2,22,30,16,14
050,55,037,"Wisconsin","Florence County",2,23,24,14,10
050,55,037,"Wisconsin","Florence County",2,24,32,19,13
050,55,037,"Wisconsin","Florence County",2,25,39,18,21
050,55,037,"Wisconsin","Florence County",2,26,45,22,23
050,55,037,"Wisconsin","Florence County",2,27,46,23,23
050,55,037,"Wisconsin","Florence County",2,28,36,16,20
050,55,037,"Wisconsin","Florence County",2,29,42,20,22
050,55,037,"Wisconsin","Florence County",2,30,28,17,11
050,55,037,"Wisconsin","Florence County",2,31,40,22,18
050,55,037,"Wisconsin","Florence County",2,32,36,18,18
050,55,037,"Wisconsin","Florence County",2,33,41,21,20
050,55,037,"Wisconsin","Florence County",2,34,45,28,17
050,55,037,"Wisconsin","Florence County",2,35,50,27,23
050,55,037,"Wisconsin","Florence County",2,36,43,23,20
050,55,037,"Wisconsin","Florence County",2,37,46,25,21
050,55,037,"Wisconsin","Florence County",2,38,48,22,26
050,55,037,"Wisconsin","Florence County",2,39,49,25,24
050,55,037,"Wisconsin","Florence County",2,40,46,25,21
050,55,037,"Wisconsin","Florence County",2,41,48,24,24
050,55,037,"Wisconsin","Florence County",2,42,47,25,22
050,55,037,"Wisconsin","Florence County",2,43,44,26,18
050,55,037,"Wisconsin","Florence County",2,44,38,21,17
050,55,037,"Wisconsin","Florence County",2,45,35,18,17
050,55,037,"Wisconsin","Florence County",2,46,36,16,20
050,55,037,"Wisconsin","Florence County",2,47,37,16,21
050,55,037,"Wisconsin","Florence County",2,48,42,21,21
050,55,037,"Wisconsin","Florence County",2,49,52,32,20
050,55,037,"Wisconsin","Florence County",2,50,56,35,21
050,55,037,"Wisconsin","Florence County",2,51,66,38,28
050,55,037,"Wisconsin","Florence County",2,52,70,38,32
050,55,037,"Wisconsin","Florence County",2,53,70,31,39
050,55,037,"Wisconsin","Florence County",2,54,85,40,45
050,55,037,"Wisconsin","Florence County",2,55,91,45,46
050,55,037,"Wisconsin","Florence County",2,56,100,48,52
050,55,037,"Wisconsin","Florence County",2,57,106,52,54
050,55,037,"Wisconsin","Florence County",2,58,96,47,49
050,55,037,"Wisconsin","Florence County",2,59,90,43,47
050,55,037,"Wisconsin","Florence County",2,60,102,51,51
050,55,037,"Wisconsin","Florence County",2,61,106,59,47
050,55,037,"Wisconsin","Florence County",2,62,112,57,55
050,55,037,"Wisconsin","Florence County",2,63,107,57,50
050,55,037,"Wisconsin","Florence County",2,64,110,61,49
050,55,037,"Wisconsin","Florence County",2,65,107,49,58
050,55,037,"Wisconsin","Florence County",2,66,91,45,46
050,55,037,"Wisconsin","Florence County",2,67,89,49,40
050,55,037,"Wisconsin","Florence County",2,68,88,50,38
050,55,037,"Wisconsin","Florence County",2,69,85,45,40
050,55,037,"Wisconsin","Florence County",2,70,70,35,35
050,55,037,"Wisconsin","Florence County",2,71,69,39,30
050,55,037,"Wisconsin","Florence County",2,72,70,38,32
050,55,037,"Wisconsin","Florence County",2,73,74,40,34
050,55,037,"Wisconsin","Florence County",2,74,52,27,25
050,55,037,"Wisconsin","Florence County",2,75,57,30,27
050,55,037,"Wisconsin","Florence County",2,76,51,29,22
050,55,037,"Wisconsin","Florence County",2,77,44,24,20
050,55,037,"Wisconsin","Florence County",2,78,42,19,23
050,55,037,"Wisconsin","Florence County",2,79,40,17,23
050,55,037,"Wisconsin","Florence County",2,80,38,18,20
050,55,037,"Wisconsin","Florence County",2,81,29,12,17
050,55,037,"Wisconsin","Florence County",2,82,29,14,15
050,55,037,"Wisconsin","Florence County",2,83,26,13,13
050,55,037,"Wisconsin","Florence County",2,84,23,9,14
050,55,037,"Wisconsin","Florence County",2,85,101,33,68
050,55,037,"Wisconsin","Florence County",3,0,31,17,14
050,55,037,"Wisconsin","Florence County",3,1,29,12,17
050,55,037,"Wisconsin","Florence County",3,2,32,17,15
050,55,037,"Wisconsin","Florence County",3,3,26,10,16
050,55,037,"Wisconsin","Florence County",3,4,30,14,16
050,55,037,"Wisconsin","Florence County",3,5,40,22,18
050,55,037,"Wisconsin","Florence County",3,6,34,22,12
050,55,037,"Wisconsin","Florence County",3,7,39,23,16
050,55,037,"Wisconsin","Florence County",3,8,32,17,15
050,55,037,"Wisconsin","Florence County",3,9,42,25,17
050,55,037,"Wisconsin","Florence County",3,10,42,25,17
050,55,037,"Wisconsin","Florence County",3,11,40,19,21
050,55,037,"Wisconsin","Florence County",3,12,44,19,25
050,55,037,"Wisconsin","Florence County",3,13,39,20,19
050,55,037,"Wisconsin","Florence County",3,14,38,20,18
050,55,037,"Wisconsin","Florence County",3,15,38,22,16
050,55,037,"Wisconsin","Florence County",3,16,47,23,24
050,55,037,"Wisconsin","Florence County",3,17,43,22,21
050,55,037,"Wisconsin","Florence County",3,18,29,16,13
050,55,037,"Wisconsin","Florence County",3,19,25,13,12
050,55,037,"Wisconsin","Florence County",3,20,30,16,14
050,55,037,"Wisconsin","Florence County",3,21,25,14,11
050,55,037,"Wisconsin","Florence County",3,22,30,15,15
050,55,037,"Wisconsin","Florence County",3,23,30,14,16
050,55,037,"Wisconsin","Florence County",3,24,25,17,8
050,55,037,"Wisconsin","Florence County",3,25,27,15,12
050,55,037,"Wisconsin","Florence County",3,26,32,18,14
050,55,037,"Wisconsin","Florence County",3,27,41,20,21
050,55,037,"Wisconsin","Florence County",3,28,46,22,24
050,55,037,"Wisconsin","Florence County",3,29,42,22,20
050,55,037,"Wisconsin","Florence County",3,30,45,21,24
050,55,037,"Wisconsin","Florence County",3,31,23,14,9
050,55,037,"Wisconsin","Florence County",3,32,40,24,16
050,55,037,"Wisconsin","Florence County",3,33,40,19,21
050,55,037,"Wisconsin","Florence County",3,34,49,26,23
050,55,037,"Wisconsin","Florence County",3,35,48,28,20
050,55,037,"Wisconsin","Florence County",3,36,55,30,25
050,55,037,"Wisconsin","Florence County",3,37,42,22,20
050,55,037,"Wisconsin","Florence County",3,38,52,30,22
050,55,037,"Wisconsin","Florence County",3,39,49,22,27
050,55,037,"Wisconsin","Florence County",3,40,48,25,23
050,55,037,"Wisconsin","Florence County",3,41,47,23,24
050,55,037,"Wisconsin","Florence County",3,42,49,25,24
050,55,037,"Wisconsin","Florence County",3,43,45,26,19
050,55,037,"Wisconsin","Florence County",3,44,46,26,20
050,55,037,"Wisconsin","Florence County",3,45,39,21,18
050,55,037,"Wisconsin","Florence County",3,46,34,17,17
050,55,037,"Wisconsin","Florence County",3,47,34,14,20
050,55,037,"Wisconsin","Florence County",3,48,41,20,21
050,55,037,"Wisconsin","Florence County",3,49,48,21,27
050,55,037,"Wisconsin","Florence County",3,50,56,35,21
050,55,037,"Wisconsin","Florence County",3,51,57,35,22
050,55,037,"Wisconsin","Florence County",3,52,75,42,33
050,55,037,"Wisconsin","Florence County",3,53,72,37,35
050,55,037,"Wisconsin","Florence County",3,54,66,31,35
050,55,037,"Wisconsin","Florence County",3,55,95,43,52
050,55,037,"Wisconsin","Florence County",3,56,87,44,43
050,55,037,"Wisconsin","Florence County",3,57,107,49,58
050,55,037,"Wisconsin","Florence County",3,58,112,54,58
050,55,037,"Wisconsin","Florence County",3,59,102,50,52
050,55,037,"Wisconsin","Florence County",3,60,92,44,48
050,55,037,"Wisconsin","Florence County",3,61,104,54,50
050,55,037,"Wisconsin","Florence County",3,62,105,58,47
050,55,037,"Wisconsin","Florence County",3,63,118,61,57
050,55,037,"Wisconsin","Florence County",3,64,104,56,48
050,55,037,"Wisconsin","Florence County",3,65,108,57,51
050,55,037,"Wisconsin","Florence County",3,66,111,49,62
050,55,037,"Wisconsin","Florence County",3,67,87,44,43
050,55,037,"Wisconsin","Florence County",3,68,89,49,40
050,55,037,"Wisconsin","Florence County",3,69,89,51,38
050,55,037,"Wisconsin","Florence County",3,70,82,45,37
050,55,037,"Wisconsin","Florence County",3,71,74,37,37
050,55,037,"Wisconsin","Florence County",3,72,66,36,30
050,55,037,"Wisconsin","Florence County",3,73,70,38,32
050,55,037,"Wisconsin","Florence County",3,74,72,41,31
050,55,037,"Wisconsin","Florence County",3,75,49,23,26
050,55,037,"Wisconsin","Florence County",3,76,52,29,23
050,55,037,"Wisconsin","Florence County",3,77,45,27,18
050,55,037,"Wisconsin","Florence County",3,78,41,23,18
050,55,037,"Wisconsin","Florence County",3,79,41,19,22
050,55,037,"Wisconsin","Florence County",3,80,36,16,20
050,55,037,"Wisconsin","Florence County",3,81,35,15,20
050,55,037,"Wisconsin","Florence County",3,82,28,13,15
050,55,037,"Wisconsin","Florence County",3,83,23,10,13
050,55,037,"Wisconsin","Florence County",3,84,25,12,13
050,55,037,"Wisconsin","Florence County",3,85,96,31,65
050,55,037,"Wisconsin","Florence County",4,0,26,12,14
050,55,037,"Wisconsin","Florence County",4,1,36,20,16
050,55,037,"Wisconsin","Florence County",4,2,31,13,18
050,55,037,"Wisconsin","Florence County",4,3,31,17,14
050,55,037,"Wisconsin","Florence County",4,4,24,9,15
050,55,037,"Wisconsin","Florence County",4,5,31,15,16
050,55,037,"Wisconsin","Florence County",4,6,39,21,18
050,55,037,"Wisconsin","Florence County",4,7,38,26,12
050,55,037,"Wisconsin","Florence County",4,8,40,25,15
050,55,037,"Wisconsin","Florence County",4,9,34,18,16
050,55,037,"Wisconsin","Florence County",4,10,44,28,16
050,55,037,"Wisconsin","Florence County",4,11,39,23,16
050,55,037,"Wisconsin","Florence County",4,12,42,21,21
050,55,037,"Wisconsin","Florence County",4,13,44,20,24
050,55,037,"Wisconsin","Florence County",4,14,39,21,18
050,55,037,"Wisconsin","Florence County",4,15,37,18,19
050,55,037,"Wisconsin","Florence County",4,16,44,23,21
050,55,037,"Wisconsin","Florence County",4,17,44,22,22
050,55,037,"Wisconsin","Florence County",4,18,32,18,14
050,55,037,"Wisconsin","Florence County",4,19,23,13,10
050,55,037,"Wisconsin","Florence County",4,20,30,17,13
050,55,037,"Wisconsin","Florence County",4,21,38,19,19
050,55,037,"Wisconsin","Florence County",4,22,27,15,12
050,55,037,"Wisconsin","Florence County",4,23,27,14,13
050,55,037,"Wisconsin","Florence County",4,24,34,18,16
050,55,037,"Wisconsin","Florence County",4,25,29,16,13
050,55,037,"Wisconsin","Florence County",4,26,28,16,12
050,55,037,"Wisconsin","Florence County",4,27,34,15,19
050,55,037,"Wisconsin","Florence County",4,28,41,21,20
050,55,037,"Wisconsin","Florence County",4,29,51,23,28
050,55,037,"Wisconsin","Florence County",4,30,41,17,24
050,55,037,"Wisconsin","Florence County",4,31,46,23,23
050,55,037,"Wisconsin","Florence County",4,32,26,17,9
050,55,037,"Wisconsin","Florence County",4,33,42,28,14
050,55,037,"Wisconsin","Florence County",4,34,41,21,20
050,55,037,"Wisconsin","Florence County",4,35,48,25,23
050,55,037,"Wisconsin","Florence County",4,36,53,32,21
050,55,037,"Wisconsin","Florence County",4,37,55,30,25
050,55,037,"Wisconsin","Florence County",4,38,44,23,21
050,55,037,"Wisconsin","Florence County",4,39,52,31,21
050,55,037,"Wisconsin","Florence County",4,40,51,23,28
050,55,037,"Wisconsin","Florence County",4,41,46,25,21
050,55,037,"Wisconsin","Florence County",4,42,48,23,25
050,55,037,"Wisconsin","Florence County",4,43,61,32,29
050,55,037,"Wisconsin","Florence County",4,44,46,27,19
050,55,037,"Wisconsin","Florence County",4,45,47,27,20
050,55,037,"Wisconsin","Florence County",4,46,38,18,20
050,55,037,"Wisconsin","Florence County",4,47,33,17,16
050,55,037,"Wisconsin","Florence County",4,48,36,14,22
050,55,037,"Wisconsin","Florence County",4,49,44,23,21
050,55,037,"Wisconsin","Florence County",4,50,52,25,27
050,55,037,"Wisconsin","Florence County",4,51,58,36,22
050,55,037,"Wisconsin","Florence County",4,52,56,35,21
050,55,037,"Wisconsin","Florence County",4,53,80,43,37
050,55,037,"Wisconsin","Florence County",4,54,76,36,40
050,55,037,"Wisconsin","Florence County",4,55,71,37,34
050,55,037,"Wisconsin","Florence County",4,56,93,42,51
050,55,037,"Wisconsin","Florence County",4,57,101,48,53
050,55,037,"Wisconsin","Florence County",4,58,107,51,56
050,55,037,"Wisconsin","Florence County",4,59,111,55,56
050,55,037,"Wisconsin","Florence County",4,60,110,54,56
050,55,037,"Wisconsin","Florence County",4,61,93,48,45
050,55,037,"Wisconsin","Florence County",4,62,115,57,58
050,55,037,"Wisconsin","Florence County",4,63,111,65,46
050,55,037,"Wisconsin","Florence County",4,64,122,64,58
050,55,037,"Wisconsin","Florence County",4,65,103,57,46
050,55,037,"Wisconsin","Florence County",4,66,110,58,52
050,55,037,"Wisconsin","Florence County",4,67,111,50,61
050,55,037,"Wisconsin","Florence County",4,68,90,45,45
050,55,037,"Wisconsin","Florence County",4,69,92,51,41
050,55,037,"Wisconsin","Florence County",4,70,86,52,34
050,55,037,"Wisconsin","Florence County",4,71,82,47,35
050,55,037,"Wisconsin","Florence County",4,72,74,37,37
050,55,037,"Wisconsin","Florence County",4,73,68,35,33
050,55,037,"Wisconsin","Florence County",4,74,70,39,31
050,55,037,"Wisconsin","Florence County",4,75,69,40,29
050,55,037,"Wisconsin","Florence County",4,76,47,22,25
050,55,037,"Wisconsin","Florence County",4,77,49,29,20
050,55,037,"Wisconsin","Florence County",4,78,50,29,21
050,55,037,"Wisconsin","Florence County",4,79,36,20,16
050,55,037,"Wisconsin","Florence County",4,80,41,19,22
050,55,037,"Wisconsin","Florence County",4,81,34,13,21
050,55,037,"Wisconsin","Florence County",4,82,32,16,16
050,55,037,"Wisconsin","Florence County",4,83,23,12,11
050,55,037,"Wisconsin","Florence County",4,84,25,10,15
050,55,037,"Wisconsin","Florence County",4,85,103,39,64
050,55,037,"Wisconsin","Florence County",5,0,29,13,16
050,55,037,"Wisconsin","Florence County",5,1,24,14,10
050,55,037,"Wisconsin","Florence County",5,2,37,21,16
050,55,037,"Wisconsin","Florence County",5,3,33,16,17
050,55,037,"Wisconsin","Florence County",5,4,32,18,14
050,55,037,"Wisconsin","Florence County",5,5,25,10,15
050,55,037,"Wisconsin","Florence County",5,6,31,15,16
050,55,037,"Wisconsin","Florence County",5,7,41,22,19
050,55,037,"Wisconsin","Florence County",5,8,36,22,14
050,55,037,"Wisconsin","Florence County",5,9,34,21,13
050,55,037,"Wisconsin","Florence County",5,10,38,19,19
050,55,037,"Wisconsin","Florence County",5,11,42,27,15
050,55,037,"Wisconsin","Florence County",5,12,39,25,14
050,55,037,"Wisconsin","Florence County",5,13,45,24,21
050,55,037,"Wisconsin","Florence County",5,14,45,21,24
050,55,037,"Wisconsin","Florence County",5,15,41,22,19
050,55,037,"Wisconsin","Florence County",5,16,37,16,21
050,55,037,"Wisconsin","Florence County",5,17,41,23,18
050,55,037,"Wisconsin","Florence County",5,18,35,18,17
050,55,037,"Wisconsin","Florence County",5,19,25,15,10
050,55,037,"Wisconsin","Florence County",5,20,23,12,11
050,55,037,"Wisconsin","Florence County",5,21,30,17,13
050,55,037,"Wisconsin","Florence County",5,22,39,20,19
050,55,037,"Wisconsin","Florence County",5,23,30,15,15
050,55,037,"Wisconsin","Florence County",5,24,22,12,10
050,55,037,"Wisconsin","Florence County",5,25,35,20,15
050,55,037,"Wisconsin","Florence County",5,26,27,13,14
050,55,037,"Wisconsin","Florence County",5,27,28,19,9
050,55,037,"Wisconsin","Florence County",5,28,31,16,15
050,55,037,"Wisconsin","Florence County",5,29,47,25,22
050,55,037,"Wisconsin","Florence County",5,30,57,28,29
050,55,037,"Wisconsin","Florence County",5,31,46,20,26
050,55,037,"Wisconsin","Florence County",5,32,49,23,26
050,55,037,"Wisconsin","Florence County",5,33,23,15,8
050,55,037,"Wisconsin","Florence County",5,34,37,25,12
050,55,037,"Wisconsin","Florence County",5,35,37,17,20
050,55,037,"Wisconsin","Florence County",5,36,50,26,24
050,55,037,"Wisconsin","Florence County",5,37,49,32,17
050,55,037,"Wisconsin","Florence County",5,38,53,30,23
050,55,037,"Wisconsin","Florence County",5,39,42,19,23
050,55,037,"Wisconsin","Florence County",5,40,51,30,21
050,55,037,"Wisconsin","Florence County",5,41,52,22,30
050,55,037,"Wisconsin","Florence County",5,42,44,25,19
050,55,037,"Wisconsin","Florence County",5,43,48,24,24
050,55,037,"Wisconsin","Florence County",5,44,63,36,27
050,55,037,"Wisconsin","Florence County",5,45,46,26,20
050,55,037,"Wisconsin","Florence County",5,46,46,25,21
050,55,037,"Wisconsin","Florence County",5,47,36,18,18
050,55,037,"Wisconsin","Florence County",5,48,35,18,17
050,55,037,"Wisconsin","Florence County",5,49,35,14,21
050,55,037,"Wisconsin","Florence County",5,50,41,20,21
050,55,037,"Wisconsin","Florence County",5,51,50,24,26
050,55,037,"Wisconsin","Florence County",5,52,59,36,23
050,55,037,"Wisconsin","Florence County",5,53,55,34,21
050,55,037,"Wisconsin","Florence County",5,54,80,43,37
050,55,037,"Wisconsin","Florence County",5,55,76,35,41
050,55,037,"Wisconsin","Florence County",5,56,69,34,35
050,55,037,"Wisconsin","Florence County",5,57,97,44,53
050,55,037,"Wisconsin","Florence County",5,58,101,48,53
050,55,037,"Wisconsin","Florence County",5,59,111,57,54
050,55,037,"Wisconsin","Florence County",5,60,114,53,61
050,55,037,"Wisconsin","Florence County",5,61,119,60,59
050,55,037,"Wisconsin","Florence County",5,62,95,49,46
050,55,037,"Wisconsin","Florence County",5,63,116,58,58
050,55,037,"Wisconsin","Florence County",5,64,116,67,49
050,55,037,"Wisconsin","Florence County",5,65,124,63,61
050,55,037,"Wisconsin","Florence County",5,66,102,54,48
050,55,037,"Wisconsin","Florence County",5,67,107,56,51
050,55,037,"Wisconsin","Florence County",5,68,112,50,62
050,55,037,"Wisconsin","Florence County",5,69,90,45,45
050,55,037,"Wisconsin","Florence County",5,70,87,51,36
050,55,037,"Wisconsin","Florence County",5,71,85,51,34
050,55,037,"Wisconsin","Florence County",5,72,81,46,35
050,55,037,"Wisconsin","Florence County",5,73,68,35,33
050,55,037,"Wisconsin","Florence County",5,74,68,34,34
050,55,037,"Wisconsin","Florence County",5,75,67,36,31
050,55,037,"Wisconsin","Florence County",5,76,68,39,29
050,55,037,"Wisconsin","Florence County",5,77,44,23,21
050,55,037,"Wisconsin","Florence County",5,78,48,29,19
050,55,037,"Wisconsin","Florence County",5,79,47,27,20
050,55,037,"Wisconsin","Florence County",5,80,36,21,15
050,55,037,"Wisconsin","Florence County",5,81,39,17,22
050,55,037,"Wisconsin","Florence County",5,82,32,15,17
050,55,037,"Wisconsin","Florence County",5,83,24,12,12
050,55,037,"Wisconsin","Florence County",5,84,26,13,13
050,55,037,"Wisconsin","Florence County",5,85,107,44,63
050,55,039,"Wisconsin","Fond du Lac County",1,0,1056,539,517
050,55,039,"Wisconsin","Fond du Lac County",1,1,1101,566,535
050,55,039,"Wisconsin","Fond du Lac County",1,2,1036,535,501
050,55,039,"Wisconsin","Fond du Lac County",1,3,1130,579,551
050,55,039,"Wisconsin","Fond du Lac County",1,4,1143,581,562
050,55,039,"Wisconsin","Fond du Lac County",1,5,1160,541,619
050,55,039,"Wisconsin","Fond du Lac County",1,6,1171,571,600
050,55,039,"Wisconsin","Fond du Lac County",1,7,1209,614,595
050,55,039,"Wisconsin","Fond du Lac County",1,8,1215,631,584
050,55,039,"Wisconsin","Fond du Lac County",1,9,1203,610,593
050,55,039,"Wisconsin","Fond du Lac County",1,10,1353,685,668
050,55,039,"Wisconsin","Fond du Lac County",1,11,1361,695,666
050,55,039,"Wisconsin","Fond du Lac County",1,12,1379,712,667
050,55,039,"Wisconsin","Fond du Lac County",1,13,1411,698,713
050,55,039,"Wisconsin","Fond du Lac County",1,14,1402,713,689
050,55,039,"Wisconsin","Fond du Lac County",1,15,1373,725,648
050,55,039,"Wisconsin","Fond du Lac County",1,16,1421,748,673
050,55,039,"Wisconsin","Fond du Lac County",1,17,1385,719,666
050,55,039,"Wisconsin","Fond du Lac County",1,18,1314,677,637
050,55,039,"Wisconsin","Fond du Lac County",1,19,1316,654,662
050,55,039,"Wisconsin","Fond du Lac County",1,20,1283,622,661
050,55,039,"Wisconsin","Fond du Lac County",1,21,1277,654,623
050,55,039,"Wisconsin","Fond du Lac County",1,22,1280,650,630
050,55,039,"Wisconsin","Fond du Lac County",1,23,1201,632,569
050,55,039,"Wisconsin","Fond du Lac County",1,24,1132,580,552
050,55,039,"Wisconsin","Fond du Lac County",1,25,1190,614,576
050,55,039,"Wisconsin","Fond du Lac County",1,26,1265,630,635
050,55,039,"Wisconsin","Fond du Lac County",1,27,1202,579,623
050,55,039,"Wisconsin","Fond du Lac County",1,28,1249,603,646
050,55,039,"Wisconsin","Fond du Lac County",1,29,1194,586,608
050,55,039,"Wisconsin","Fond du Lac County",1,30,1191,604,587
050,55,039,"Wisconsin","Fond du Lac County",1,31,1146,570,576
050,55,039,"Wisconsin","Fond du Lac County",1,32,1166,593,573
050,55,039,"Wisconsin","Fond du Lac County",1,33,1223,603,620
050,55,039,"Wisconsin","Fond du Lac County",1,34,1285,657,628
050,55,039,"Wisconsin","Fond du Lac County",1,35,1304,666,638
050,55,039,"Wisconsin","Fond du Lac County",1,36,1356,699,657
050,55,039,"Wisconsin","Fond du Lac County",1,37,1330,692,638
050,55,039,"Wisconsin","Fond du Lac County",1,38,1328,672,656
050,55,039,"Wisconsin","Fond du Lac County",1,39,1376,689,687
050,55,039,"Wisconsin","Fond du Lac County",1,40,1366,704,662
050,55,039,"Wisconsin","Fond du Lac County",1,41,1293,657,636
050,55,039,"Wisconsin","Fond du Lac County",1,42,1227,620,607
050,55,039,"Wisconsin","Fond du Lac County",1,43,1222,605,617
050,55,039,"Wisconsin","Fond du Lac County",1,44,1178,585,593
050,55,039,"Wisconsin","Fond du Lac County",1,45,1151,583,568
050,55,039,"Wisconsin","Fond du Lac County",1,46,1152,578,574
050,55,039,"Wisconsin","Fond du Lac County",1,47,1147,580,567
050,55,039,"Wisconsin","Fond du Lac County",1,48,1257,656,601
050,55,039,"Wisconsin","Fond du Lac County",1,49,1376,723,653
050,55,039,"Wisconsin","Fond du Lac County",1,50,1304,692,612
050,55,039,"Wisconsin","Fond du Lac County",1,51,1303,651,652
050,55,039,"Wisconsin","Fond du Lac County",1,52,1356,672,684
050,55,039,"Wisconsin","Fond du Lac County",1,53,1408,694,714
050,55,039,"Wisconsin","Fond du Lac County",1,54,1446,738,708
050,55,039,"Wisconsin","Fond du Lac County",1,55,1523,745,778
050,55,039,"Wisconsin","Fond du Lac County",1,56,1518,753,765
050,55,039,"Wisconsin","Fond du Lac County",1,57,1577,810,767
050,55,039,"Wisconsin","Fond du Lac County",1,58,1608,813,795
050,55,039,"Wisconsin","Fond du Lac County",1,59,1569,775,794
050,55,039,"Wisconsin","Fond du Lac County",1,60,1524,753,771
050,55,039,"Wisconsin","Fond du Lac County",1,61,1571,784,787
050,55,039,"Wisconsin","Fond du Lac County",1,62,1555,798,757
050,55,039,"Wisconsin","Fond du Lac County",1,63,1505,773,732
050,55,039,"Wisconsin","Fond du Lac County",1,64,1407,701,706
050,55,039,"Wisconsin","Fond du Lac County",1,65,1404,699,705
050,55,039,"Wisconsin","Fond du Lac County",1,66,1335,670,665
050,55,039,"Wisconsin","Fond du Lac County",1,67,1269,626,643
050,55,039,"Wisconsin","Fond du Lac County",1,68,1253,611,642
050,55,039,"Wisconsin","Fond du Lac County",1,69,1186,582,604
050,55,039,"Wisconsin","Fond du Lac County",1,70,1098,539,559
050,55,039,"Wisconsin","Fond du Lac County",1,71,1097,552,545
050,55,039,"Wisconsin","Fond du Lac County",1,72,1079,536,543
050,55,039,"Wisconsin","Fond du Lac County",1,73,1038,490,548
050,55,039,"Wisconsin","Fond du Lac County",1,74,722,340,382
050,55,039,"Wisconsin","Fond du Lac County",1,75,724,333,391
050,55,039,"Wisconsin","Fond du Lac County",1,76,749,347,402
050,55,039,"Wisconsin","Fond du Lac County",1,77,745,346,399
050,55,039,"Wisconsin","Fond du Lac County",1,78,636,300,336
050,55,039,"Wisconsin","Fond du Lac County",1,79,531,238,293
050,55,039,"Wisconsin","Fond du Lac County",1,80,481,209,272
050,55,039,"Wisconsin","Fond du Lac County",1,81,487,212,275
050,55,039,"Wisconsin","Fond du Lac County",1,82,447,187,260
050,55,039,"Wisconsin","Fond du Lac County",1,83,399,160,239
050,55,039,"Wisconsin","Fond du Lac County",1,84,379,154,225
050,55,039,"Wisconsin","Fond du Lac County",1,85,2441,790,1651
050,55,039,"Wisconsin","Fond du Lac County",2,0,1055,526,529
050,55,039,"Wisconsin","Fond du Lac County",2,1,1089,561,528
050,55,039,"Wisconsin","Fond du Lac County",2,2,1056,545,511
050,55,039,"Wisconsin","Fond du Lac County",2,3,1102,566,536
050,55,039,"Wisconsin","Fond du Lac County",2,4,1147,583,564
050,55,039,"Wisconsin","Fond du Lac County",2,5,1155,551,604
050,55,039,"Wisconsin","Fond du Lac County",2,6,1175,569,606
050,55,039,"Wisconsin","Fond du Lac County",2,7,1201,605,596
050,55,039,"Wisconsin","Fond du Lac County",2,8,1207,624,583
050,55,039,"Wisconsin","Fond du Lac County",2,9,1206,615,591
050,55,039,"Wisconsin","Fond du Lac County",2,10,1315,665,650
050,55,039,"Wisconsin","Fond du Lac County",2,11,1352,691,661
050,55,039,"Wisconsin","Fond du Lac County",2,12,1382,713,669
050,55,039,"Wisconsin","Fond du Lac County",2,13,1405,705,700
050,55,039,"Wisconsin","Fond du Lac County",2,14,1405,714,691
050,55,039,"Wisconsin","Fond du Lac County",2,15,1391,731,660
050,55,039,"Wisconsin","Fond du Lac County",2,16,1409,744,665
050,55,039,"Wisconsin","Fond du Lac County",2,17,1395,726,669
050,55,039,"Wisconsin","Fond du Lac County",2,18,1307,673,634
050,55,039,"Wisconsin","Fond du Lac County",2,19,1322,652,670
050,55,039,"Wisconsin","Fond du Lac County",2,20,1300,632,668
050,55,039,"Wisconsin","Fond du Lac County",2,21,1283,650,633
050,55,039,"Wisconsin","Fond du Lac County",2,22,1275,650,625
050,55,039,"Wisconsin","Fond du Lac County",2,23,1201,630,571
050,55,039,"Wisconsin","Fond du Lac County",2,24,1140,587,553
050,55,039,"Wisconsin","Fond du Lac County",2,25,1179,604,575
050,55,039,"Wisconsin","Fond du Lac County",2,26,1251,627,624
050,55,039,"Wisconsin","Fond du Lac County",2,27,1215,591,624
050,55,039,"Wisconsin","Fond du Lac County",2,28,1231,594,637
050,55,039,"Wisconsin","Fond du Lac County",2,29,1211,594,617
050,55,039,"Wisconsin","Fond du Lac County",2,30,1205,608,597
050,55,039,"Wisconsin","Fond du Lac County",2,31,1155,578,577
050,55,039,"Wisconsin","Fond du Lac County",2,32,1162,590,572
050,55,039,"Wisconsin","Fond du Lac County",2,33,1208,603,605
050,55,039,"Wisconsin","Fond du Lac County",2,34,1268,640,628
050,55,039,"Wisconsin","Fond du Lac County",2,35,1305,667,638
050,55,039,"Wisconsin","Fond du Lac County",2,36,1343,691,652
050,55,039,"Wisconsin","Fond du Lac County",2,37,1332,689,643
050,55,039,"Wisconsin","Fond du Lac County",2,38,1336,681,655
050,55,039,"Wisconsin","Fond du Lac County",2,39,1366,686,680
050,55,039,"Wisconsin","Fond du Lac County",2,40,1381,708,673
050,55,039,"Wisconsin","Fond du Lac County",2,41,1304,667,637
050,55,039,"Wisconsin","Fond du Lac County",2,42,1237,625,612
050,55,039,"Wisconsin","Fond du Lac County",2,43,1235,613,622
050,55,039,"Wisconsin","Fond du Lac County",2,44,1174,583,591
050,55,039,"Wisconsin","Fond du Lac County",2,45,1168,589,579
050,55,039,"Wisconsin","Fond du Lac County",2,46,1145,574,571
050,55,039,"Wisconsin","Fond du Lac County",2,47,1146,579,567
050,55,039,"Wisconsin","Fond du Lac County",2,48,1226,638,588
050,55,039,"Wisconsin","Fond du Lac County",2,49,1353,712,641
050,55,039,"Wisconsin","Fond du Lac County",2,50,1323,702,621
050,55,039,"Wisconsin","Fond du Lac County",2,51,1301,661,640
050,55,039,"Wisconsin","Fond du Lac County",2,52,1336,667,669
050,55,039,"Wisconsin","Fond du Lac County",2,53,1395,689,706
050,55,039,"Wisconsin","Fond du Lac County",2,54,1442,728,714
050,55,039,"Wisconsin","Fond du Lac County",2,55,1497,738,759
050,55,039,"Wisconsin","Fond du Lac County",2,56,1521,751,770
050,55,039,"Wisconsin","Fond du Lac County",2,57,1565,797,768
050,55,039,"Wisconsin","Fond du Lac County",2,58,1595,809,786
050,55,039,"Wisconsin","Fond du Lac County",2,59,1582,785,797
050,55,039,"Wisconsin","Fond du Lac County",2,60,1527,753,774
050,55,039,"Wisconsin","Fond du Lac County",2,61,1550,773,777
050,55,039,"Wisconsin","Fond du Lac County",2,62,1556,795,761
050,55,039,"Wisconsin","Fond du Lac County",2,63,1528,786,742
050,55,039,"Wisconsin","Fond du Lac County",2,64,1418,710,708
050,55,039,"Wisconsin","Fond du Lac County",2,65,1395,693,702
050,55,039,"Wisconsin","Fond du Lac County",2,66,1347,672,675
050,55,039,"Wisconsin","Fond du Lac County",2,67,1277,632,645
050,55,039,"Wisconsin","Fond du Lac County",2,68,1243,607,636
050,55,039,"Wisconsin","Fond du Lac County",2,69,1199,587,612
050,55,039,"Wisconsin","Fond du Lac County",2,70,1110,542,568
050,55,039,"Wisconsin","Fond du Lac County",2,71,1099,545,554
050,55,039,"Wisconsin","Fond du Lac County",2,72,1065,530,535
050,55,039,"Wisconsin","Fond du Lac County",2,73,1097,522,575
050,55,039,"Wisconsin","Fond du Lac County",2,74,742,350,392
050,55,039,"Wisconsin","Fond du Lac County",2,75,720,331,389
050,55,039,"Wisconsin","Fond du Lac County",2,76,731,336,395
050,55,039,"Wisconsin","Fond du Lac County",2,77,760,351,409
050,55,039,"Wisconsin","Fond du Lac County",2,78,642,300,342
050,55,039,"Wisconsin","Fond du Lac County",2,79,547,247,300
050,55,039,"Wisconsin","Fond du Lac County",2,80,492,214,278
050,55,039,"Wisconsin","Fond du Lac County",2,81,478,207,271
050,55,039,"Wisconsin","Fond du Lac County",2,82,454,191,263
050,55,039,"Wisconsin","Fond du Lac County",2,83,402,162,240
050,55,039,"Wisconsin","Fond du Lac County",2,84,380,155,225
050,55,039,"Wisconsin","Fond du Lac County",2,85,2442,790,1652
050,55,039,"Wisconsin","Fond du Lac County",3,0,967,515,452
050,55,039,"Wisconsin","Fond du Lac County",3,1,1131,573,558
050,55,039,"Wisconsin","Fond du Lac County",3,2,1073,550,523
050,55,039,"Wisconsin","Fond du Lac County",3,3,1073,542,531
050,55,039,"Wisconsin","Fond du Lac County",3,4,1119,572,547
050,55,039,"Wisconsin","Fond du Lac County",3,5,1157,581,576
050,55,039,"Wisconsin","Fond du Lac County",3,6,1143,548,595
050,55,039,"Wisconsin","Fond du Lac County",3,7,1202,583,619
050,55,039,"Wisconsin","Fond du Lac County",3,8,1204,590,614
050,55,039,"Wisconsin","Fond du Lac County",3,9,1222,621,601
050,55,039,"Wisconsin","Fond du Lac County",3,10,1221,619,602
050,55,039,"Wisconsin","Fond du Lac County",3,11,1326,658,668
050,55,039,"Wisconsin","Fond du Lac County",3,12,1342,693,649
050,55,039,"Wisconsin","Fond du Lac County",3,13,1371,716,655
050,55,039,"Wisconsin","Fond du Lac County",3,14,1425,727,698
050,55,039,"Wisconsin","Fond du Lac County",3,15,1430,732,698
050,55,039,"Wisconsin","Fond du Lac County",3,16,1407,734,673
050,55,039,"Wisconsin","Fond du Lac County",3,17,1418,743,675
050,55,039,"Wisconsin","Fond du Lac County",3,18,1329,688,641
050,55,039,"Wisconsin","Fond du Lac County",3,19,1271,621,650
050,55,039,"Wisconsin","Fond du Lac County",3,20,1274,626,648
050,55,039,"Wisconsin","Fond du Lac County",3,21,1266,635,631
050,55,039,"Wisconsin","Fond du Lac County",3,22,1242,614,628
050,55,039,"Wisconsin","Fond du Lac County",3,23,1162,622,540
050,55,039,"Wisconsin","Fond du Lac County",3,24,1208,629,579
050,55,039,"Wisconsin","Fond du Lac County",3,25,1168,602,566
050,55,039,"Wisconsin","Fond du Lac County",3,26,1208,620,588
050,55,039,"Wisconsin","Fond du Lac County",3,27,1235,633,602
050,55,039,"Wisconsin","Fond du Lac County",3,28,1242,592,650
050,55,039,"Wisconsin","Fond du Lac County",3,29,1246,603,643
050,55,039,"Wisconsin","Fond du Lac County",3,30,1200,598,602
050,55,039,"Wisconsin","Fond du Lac County",3,31,1201,601,600
050,55,039,"Wisconsin","Fond du Lac County",3,32,1167,583,584
050,55,039,"Wisconsin","Fond du Lac County",3,33,1153,594,559
050,55,039,"Wisconsin","Fond du Lac County",3,34,1238,608,630
050,55,039,"Wisconsin","Fond du Lac County",3,35,1302,667,635
050,55,039,"Wisconsin","Fond du Lac County",3,36,1336,686,650
050,55,039,"Wisconsin","Fond du Lac County",3,37,1313,679,634
050,55,039,"Wisconsin","Fond du Lac County",3,38,1376,709,667
050,55,039,"Wisconsin","Fond du Lac County",3,39,1363,696,667
050,55,039,"Wisconsin","Fond du Lac County",3,40,1371,695,676
050,55,039,"Wisconsin","Fond du Lac County",3,41,1384,717,667
050,55,039,"Wisconsin","Fond du Lac County",3,42,1304,662,642
050,55,039,"Wisconsin","Fond du Lac County",3,43,1245,629,616
050,55,039,"Wisconsin","Fond du Lac County",3,44,1230,606,624
050,55,039,"Wisconsin","Fond du Lac County",3,45,1179,595,584
050,55,039,"Wisconsin","Fond du Lac County",3,46,1193,611,582
050,55,039,"Wisconsin","Fond du Lac County",3,47,1143,576,567
050,55,039,"Wisconsin","Fond du Lac County",3,48,1100,565,535
050,55,039,"Wisconsin","Fond du Lac County",3,49,1224,625,599
050,55,039,"Wisconsin","Fond du Lac County",3,50,1327,694,633
050,55,039,"Wisconsin","Fond du Lac County",3,51,1349,715,634
050,55,039,"Wisconsin","Fond du Lac County",3,52,1313,679,634
050,55,039,"Wisconsin","Fond du Lac County",3,53,1320,657,663
050,55,039,"Wisconsin","Fond du Lac County",3,54,1406,695,711
050,55,039,"Wisconsin","Fond du Lac County",3,55,1435,715,720
050,55,039,"Wisconsin","Fond du Lac County",3,56,1476,733,743
050,55,039,"Wisconsin","Fond du Lac County",3,57,1519,747,772
050,55,039,"Wisconsin","Fond du Lac County",3,58,1551,798,753
050,55,039,"Wisconsin","Fond du Lac County",3,59,1571,787,784
050,55,039,"Wisconsin","Fond du Lac County",3,60,1563,784,779
050,55,039,"Wisconsin","Fond du Lac County",3,61,1524,755,769
050,55,039,"Wisconsin","Fond du Lac County",3,62,1552,771,781
050,55,039,"Wisconsin","Fond du Lac County",3,63,1517,767,750
050,55,039,"Wisconsin","Fond du Lac County",3,64,1522,778,744
050,55,039,"Wisconsin","Fond du Lac County",3,65,1407,699,708
050,55,039,"Wisconsin","Fond du Lac County",3,66,1362,680,682
050,55,039,"Wisconsin","Fond du Lac County",3,67,1308,638,670
050,55,039,"Wisconsin","Fond du Lac County",3,68,1260,621,639
050,55,039,"Wisconsin","Fond du Lac County",3,69,1226,598,628
050,55,039,"Wisconsin","Fond du Lac County",3,70,1167,572,595
050,55,039,"Wisconsin","Fond du Lac County",3,71,1095,536,559
050,55,039,"Wisconsin","Fond du Lac County",3,72,1079,525,554
050,55,039,"Wisconsin","Fond du Lac County",3,73,1024,501,523
050,55,039,"Wisconsin","Fond du Lac County",3,74,1052,502,550
050,55,039,"Wisconsin","Fond du Lac County",3,75,712,335,377
050,55,039,"Wisconsin","Fond du Lac County",3,76,695,320,375
050,55,039,"Wisconsin","Fond du Lac County",3,77,703,321,382
050,55,039,"Wisconsin","Fond du Lac County",3,78,743,342,401
050,55,039,"Wisconsin","Fond du Lac County",3,79,616,282,334
050,55,039,"Wisconsin","Fond du Lac County",3,80,512,225,287
050,55,039,"Wisconsin","Fond du Lac County",3,81,465,195,270
050,55,039,"Wisconsin","Fond du Lac County",3,82,447,190,257
050,55,039,"Wisconsin","Fond du Lac County",3,83,419,174,245
050,55,039,"Wisconsin","Fond du Lac County",3,84,377,146,231
050,55,039,"Wisconsin","Fond du Lac County",3,85,2398,786,1612
050,55,039,"Wisconsin","Fond du Lac County",4,0,1001,540,461
050,55,039,"Wisconsin","Fond du Lac County",4,1,982,528,454
050,55,039,"Wisconsin","Fond du Lac County",4,2,1145,584,561
050,55,039,"Wisconsin","Fond du Lac County",4,3,1089,567,522
050,55,039,"Wisconsin","Fond du Lac County",4,4,1091,556,535
050,55,039,"Wisconsin","Fond du Lac County",4,5,1114,573,541
050,55,039,"Wisconsin","Fond du Lac County",4,6,1151,574,577
050,55,039,"Wisconsin","Fond du Lac County",4,7,1151,562,589
050,55,039,"Wisconsin","Fond du Lac County",4,8,1185,576,609
050,55,039,"Wisconsin","Fond du Lac County",4,9,1222,608,614
050,55,039,"Wisconsin","Fond du Lac County",4,10,1242,624,618
050,55,039,"Wisconsin","Fond du Lac County",4,11,1221,602,619
050,55,039,"Wisconsin","Fond du Lac County",4,12,1359,679,680
050,55,039,"Wisconsin","Fond du Lac County",4,13,1346,707,639
050,55,039,"Wisconsin","Fond du Lac County",4,14,1420,760,660
050,55,039,"Wisconsin","Fond du Lac County",4,15,1447,752,695
050,55,039,"Wisconsin","Fond du Lac County",4,16,1408,720,688
050,55,039,"Wisconsin","Fond du Lac County",4,17,1393,718,675
050,55,039,"Wisconsin","Fond du Lac County",4,18,1346,706,640
050,55,039,"Wisconsin","Fond du Lac County",4,19,1274,626,648
050,55,039,"Wisconsin","Fond du Lac County",4,20,1277,619,658
050,55,039,"Wisconsin","Fond du Lac County",4,21,1296,636,660
050,55,039,"Wisconsin","Fond du Lac County",4,22,1290,635,655
050,55,039,"Wisconsin","Fond du Lac County",4,23,1197,609,588
050,55,039,"Wisconsin","Fond du Lac County",4,24,1166,622,544
050,55,039,"Wisconsin","Fond du Lac County",4,25,1235,639,596
050,55,039,"Wisconsin","Fond du Lac County",4,26,1188,617,571
050,55,039,"Wisconsin","Fond du Lac County",4,27,1162,602,560
050,55,039,"Wisconsin","Fond du Lac County",4,28,1240,630,610
050,55,039,"Wisconsin","Fond du Lac County",4,29,1242,611,631
050,55,039,"Wisconsin","Fond du Lac County",4,30,1227,607,620
050,55,039,"Wisconsin","Fond du Lac County",4,31,1219,602,617
050,55,039,"Wisconsin","Fond du Lac County",4,32,1182,588,594
050,55,039,"Wisconsin","Fond du Lac County",4,33,1157,575,582
050,55,039,"Wisconsin","Fond du Lac County",4,34,1162,585,577
050,55,039,"Wisconsin","Fond du Lac County",4,35,1216,599,617
050,55,039,"Wisconsin","Fond du Lac County",4,36,1310,664,646
050,55,039,"Wisconsin","Fond du Lac County",4,37,1359,694,665
050,55,039,"Wisconsin","Fond du Lac County",4,38,1319,677,642
050,55,039,"Wisconsin","Fond du Lac County",4,39,1362,691,671
050,55,039,"Wisconsin","Fond du Lac County",4,40,1359,696,663
050,55,039,"Wisconsin","Fond du Lac County",4,41,1366,705,661
050,55,039,"Wisconsin","Fond du Lac County",4,42,1387,719,668
050,55,039,"Wisconsin","Fond du Lac County",4,43,1317,675,642
050,55,039,"Wisconsin","Fond du Lac County",4,44,1247,631,616
050,55,039,"Wisconsin","Fond du Lac County",4,45,1259,642,617
050,55,039,"Wisconsin","Fond du Lac County",4,46,1151,584,567
050,55,039,"Wisconsin","Fond du Lac County",4,47,1192,608,584
050,55,039,"Wisconsin","Fond du Lac County",4,48,1110,561,549
050,55,039,"Wisconsin","Fond du Lac County",4,49,1100,555,545
050,55,039,"Wisconsin","Fond du Lac County",4,50,1194,610,584
050,55,039,"Wisconsin","Fond du Lac County",4,51,1328,691,637
050,55,039,"Wisconsin","Fond du Lac County",4,52,1334,711,623
050,55,039,"Wisconsin","Fond du Lac County",4,53,1277,667,610
050,55,039,"Wisconsin","Fond du Lac County",4,54,1314,646,668
050,55,039,"Wisconsin","Fond du Lac County",4,55,1387,682,705
050,55,039,"Wisconsin","Fond du Lac County",4,56,1394,697,697
050,55,039,"Wisconsin","Fond du Lac County",4,57,1485,739,746
050,55,039,"Wisconsin","Fond du Lac County",4,58,1517,749,768
050,55,039,"Wisconsin","Fond du Lac County",4,59,1528,775,753
050,55,039,"Wisconsin","Fond du Lac County",4,60,1540,776,764
050,55,039,"Wisconsin","Fond du Lac County",4,61,1533,762,771
050,55,039,"Wisconsin","Fond du Lac County",4,62,1524,756,768
050,55,039,"Wisconsin","Fond du Lac County",4,63,1525,754,771
050,55,039,"Wisconsin","Fond du Lac County",4,64,1506,756,750
050,55,039,"Wisconsin","Fond du Lac County",4,65,1498,766,732
050,55,039,"Wisconsin","Fond du Lac County",4,66,1407,695,712
050,55,039,"Wisconsin","Fond du Lac County",4,67,1337,661,676
050,55,039,"Wisconsin","Fond du Lac County",4,68,1284,620,664
050,55,039,"Wisconsin","Fond du Lac County",4,69,1233,609,624
050,55,039,"Wisconsin","Fond du Lac County",4,70,1203,579,624
050,55,039,"Wisconsin","Fond du Lac County",4,71,1150,552,598
050,55,039,"Wisconsin","Fond du Lac County",4,72,1076,525,551
050,55,039,"Wisconsin","Fond du Lac County",4,73,1041,502,539
050,55,039,"Wisconsin","Fond du Lac County",4,74,999,492,507
050,55,039,"Wisconsin","Fond du Lac County",4,75,1023,478,545
050,55,039,"Wisconsin","Fond du Lac County",4,76,682,320,362
050,55,039,"Wisconsin","Fond du Lac County",4,77,662,308,354
050,55,039,"Wisconsin","Fond du Lac County",4,78,659,296,363
050,55,039,"Wisconsin","Fond du Lac County",4,79,700,315,385
050,55,039,"Wisconsin","Fond du Lac County",4,80,575,261,314
050,55,039,"Wisconsin","Fond du Lac County",4,81,487,207,280
050,55,039,"Wisconsin","Fond du Lac County",4,82,424,172,252
050,55,039,"Wisconsin","Fond du Lac County",4,83,412,179,233
050,55,039,"Wisconsin","Fond du Lac County",4,84,382,151,231
050,55,039,"Wisconsin","Fond du Lac County",4,85,2311,754,1557
050,55,039,"Wisconsin","Fond du Lac County",5,0,995,537,458
050,55,039,"Wisconsin","Fond du Lac County",5,1,1033,557,476
050,55,039,"Wisconsin","Fond du Lac County",5,2,999,544,455
050,55,039,"Wisconsin","Fond du Lac County",5,3,1165,585,580
050,55,039,"Wisconsin","Fond du Lac County",5,4,1101,572,529
050,55,039,"Wisconsin","Fond du Lac County",5,5,1073,559,514
050,55,039,"Wisconsin","Fond du Lac County",5,6,1087,556,531
050,55,039,"Wisconsin","Fond du Lac County",5,7,1156,587,569
050,55,039,"Wisconsin","Fond du Lac County",5,8,1144,559,585
050,55,039,"Wisconsin","Fond du Lac County",5,9,1190,577,613
050,55,039,"Wisconsin","Fond du Lac County",5,10,1209,617,592
050,55,039,"Wisconsin","Fond du Lac County",5,11,1242,616,626
050,55,039,"Wisconsin","Fond du Lac County",5,12,1258,619,639
050,55,039,"Wisconsin","Fond du Lac County",5,13,1345,676,669
050,55,039,"Wisconsin","Fond du Lac County",5,14,1393,761,632
050,55,039,"Wisconsin","Fond du Lac County",5,15,1441,776,665
050,55,039,"Wisconsin","Fond du Lac County",5,16,1462,755,707
050,55,039,"Wisconsin","Fond du Lac County",5,17,1409,727,682
050,55,039,"Wisconsin","Fond du Lac County",5,18,1299,677,622
050,55,039,"Wisconsin","Fond du Lac County",5,19,1304,640,664
050,55,039,"Wisconsin","Fond du Lac County",5,20,1260,613,647
050,55,039,"Wisconsin","Fond du Lac County",5,21,1299,635,664
050,55,039,"Wisconsin","Fond du Lac County",5,22,1256,621,635
050,55,039,"Wisconsin","Fond du Lac County",5,23,1253,624,629
050,55,039,"Wisconsin","Fond du Lac County",5,24,1188,600,588
050,55,039,"Wisconsin","Fond du Lac County",5,25,1199,627,572
050,55,039,"Wisconsin","Fond du Lac County",5,26,1209,642,567
050,55,039,"Wisconsin","Fond du Lac County",5,27,1171,605,566
050,55,039,"Wisconsin","Fond du Lac County",5,28,1179,607,572
050,55,039,"Wisconsin","Fond du Lac County",5,29,1265,643,622
050,55,039,"Wisconsin","Fond du Lac County",5,30,1187,573,614
050,55,039,"Wisconsin","Fond du Lac County",5,31,1247,609,638
050,55,039,"Wisconsin","Fond du Lac County",5,32,1248,624,624
050,55,039,"Wisconsin","Fond du Lac County",5,33,1193,597,596
050,55,039,"Wisconsin","Fond du Lac County",5,34,1176,586,590
050,55,039,"Wisconsin","Fond du Lac County",5,35,1165,588,577
050,55,039,"Wisconsin","Fond du Lac County",5,36,1242,603,639
050,55,039,"Wisconsin","Fond du Lac County",5,37,1349,678,671
050,55,039,"Wisconsin","Fond du Lac County",5,38,1368,703,665
050,55,039,"Wisconsin","Fond du Lac County",5,39,1329,671,658
050,55,039,"Wisconsin","Fond du Lac County",5,40,1357,693,664
050,55,039,"Wisconsin","Fond du Lac County",5,41,1367,706,661
050,55,039,"Wisconsin","Fond du Lac County",5,42,1365,702,663
050,55,039,"Wisconsin","Fond du Lac County",5,43,1381,726,655
050,55,039,"Wisconsin","Fond du Lac County",5,44,1312,668,644
050,55,039,"Wisconsin","Fond du Lac County",5,45,1262,660,602
050,55,039,"Wisconsin","Fond du Lac County",5,46,1262,636,626
050,55,039,"Wisconsin","Fond du Lac County",5,47,1156,579,577
050,55,039,"Wisconsin","Fond du Lac County",5,48,1175,610,565
050,55,039,"Wisconsin","Fond du Lac County",5,49,1115,556,559
050,55,039,"Wisconsin","Fond du Lac County",5,50,1083,550,533
050,55,039,"Wisconsin","Fond du Lac County",5,51,1204,610,594
050,55,039,"Wisconsin","Fond du Lac County",5,52,1334,698,636
050,55,039,"Wisconsin","Fond du Lac County",5,53,1317,710,607
050,55,039,"Wisconsin","Fond du Lac County",5,54,1283,666,617
050,55,039,"Wisconsin","Fond du Lac County",5,55,1318,640,678
050,55,039,"Wisconsin","Fond du Lac County",5,56,1382,675,707
050,55,039,"Wisconsin","Fond du Lac County",5,57,1388,701,687
050,55,039,"Wisconsin","Fond du Lac County",5,58,1489,746,743
050,55,039,"Wisconsin","Fond du Lac County",5,59,1512,749,763
050,55,039,"Wisconsin","Fond du Lac County",5,60,1521,768,753
050,55,039,"Wisconsin","Fond du Lac County",5,61,1528,772,756
050,55,039,"Wisconsin","Fond du Lac County",5,62,1530,760,770
050,55,039,"Wisconsin","Fond du Lac County",5,63,1525,749,776
050,55,039,"Wisconsin","Fond du Lac County",5,64,1526,758,768
050,55,039,"Wisconsin","Fond du Lac County",5,65,1487,752,735
050,55,039,"Wisconsin","Fond du Lac County",5,66,1484,755,729
050,55,039,"Wisconsin","Fond du Lac County",5,67,1391,681,710
050,55,039,"Wisconsin","Fond du Lac County",5,68,1320,644,676
050,55,039,"Wisconsin","Fond du Lac County",5,69,1270,616,654
050,55,039,"Wisconsin","Fond du Lac County",5,70,1216,595,621
050,55,039,"Wisconsin","Fond du Lac County",5,71,1173,567,606
050,55,039,"Wisconsin","Fond du Lac County",5,72,1137,547,590
050,55,039,"Wisconsin","Fond du Lac County",5,73,1056,510,546
050,55,039,"Wisconsin","Fond du Lac County",5,74,1019,500,519
050,55,039,"Wisconsin","Fond du Lac County",5,75,981,477,504
050,55,039,"Wisconsin","Fond du Lac County",5,76,981,462,519
050,55,039,"Wisconsin","Fond du Lac County",5,77,647,313,334
050,55,039,"Wisconsin","Fond du Lac County",5,78,635,292,343
050,55,039,"Wisconsin","Fond du Lac County",5,79,630,276,354
050,55,039,"Wisconsin","Fond du Lac County",5,80,668,297,371
050,55,039,"Wisconsin","Fond du Lac County",5,81,545,241,304
050,55,039,"Wisconsin","Fond du Lac County",5,82,449,185,264
050,55,039,"Wisconsin","Fond du Lac County",5,83,394,164,230
050,55,039,"Wisconsin","Fond du Lac County",5,84,390,163,227
050,55,039,"Wisconsin","Fond du Lac County",5,85,2295,752,1543
050,55,041,"Wisconsin","Forest County",1,0,98,50,48
050,55,041,"Wisconsin","Forest County",1,1,113,59,54
050,55,041,"Wisconsin","Forest County",1,2,86,43,43
050,55,041,"Wisconsin","Forest County",1,3,95,52,43
050,55,041,"Wisconsin","Forest County",1,4,109,56,53
050,55,041,"Wisconsin","Forest County",1,5,96,45,51
050,55,041,"Wisconsin","Forest County",1,6,101,54,47
050,55,041,"Wisconsin","Forest County",1,7,102,50,52
050,55,041,"Wisconsin","Forest County",1,8,104,57,47
050,55,041,"Wisconsin","Forest County",1,9,92,51,41
050,55,041,"Wisconsin","Forest County",1,10,88,47,41
050,55,041,"Wisconsin","Forest County",1,11,96,49,47
050,55,041,"Wisconsin","Forest County",1,12,101,48,53
050,55,041,"Wisconsin","Forest County",1,13,107,50,57
050,55,041,"Wisconsin","Forest County",1,14,107,57,50
050,55,041,"Wisconsin","Forest County",1,15,84,43,41
050,55,041,"Wisconsin","Forest County",1,16,90,48,42
050,55,041,"Wisconsin","Forest County",1,17,96,51,45
050,55,041,"Wisconsin","Forest County",1,18,91,50,41
050,55,041,"Wisconsin","Forest County",1,19,79,41,38
050,55,041,"Wisconsin","Forest County",1,20,85,47,38
050,55,041,"Wisconsin","Forest County",1,21,84,43,41
050,55,041,"Wisconsin","Forest County",1,22,91,49,42
050,55,041,"Wisconsin","Forest County",1,23,80,43,37
050,55,041,"Wisconsin","Forest County",1,24,81,39,42
050,55,041,"Wisconsin","Forest County",1,25,95,45,50
050,55,041,"Wisconsin","Forest County",1,26,95,42,53
050,55,041,"Wisconsin","Forest County",1,27,98,42,56
050,55,041,"Wisconsin","Forest County",1,28,93,40,53
050,55,041,"Wisconsin","Forest County",1,29,92,49,43
050,55,041,"Wisconsin","Forest County",1,30,104,46,58
050,55,041,"Wisconsin","Forest County",1,31,74,39,35
050,55,041,"Wisconsin","Forest County",1,32,105,59,46
050,55,041,"Wisconsin","Forest County",1,33,94,54,40
050,55,041,"Wisconsin","Forest County",1,34,98,49,49
050,55,041,"Wisconsin","Forest County",1,35,93,44,49
050,55,041,"Wisconsin","Forest County",1,36,83,44,39
050,55,041,"Wisconsin","Forest County",1,37,78,40,38
050,55,041,"Wisconsin","Forest County",1,38,81,34,47
050,55,041,"Wisconsin","Forest County",1,39,87,43,44
050,55,041,"Wisconsin","Forest County",1,40,91,49,42
050,55,041,"Wisconsin","Forest County",1,41,93,54,39
050,55,041,"Wisconsin","Forest County",1,42,96,47,49
050,55,041,"Wisconsin","Forest County",1,43,95,44,51
050,55,041,"Wisconsin","Forest County",1,44,91,50,41
050,55,041,"Wisconsin","Forest County",1,45,90,48,42
050,55,041,"Wisconsin","Forest County",1,46,96,41,55
050,55,041,"Wisconsin","Forest County",1,47,110,52,58
050,55,041,"Wisconsin","Forest County",1,48,103,52,51
050,55,041,"Wisconsin","Forest County",1,49,122,61,61
050,55,041,"Wisconsin","Forest County",1,50,134,72,62
050,55,041,"Wisconsin","Forest County",1,51,117,64,53
050,55,041,"Wisconsin","Forest County",1,52,125,73,52
050,55,041,"Wisconsin","Forest County",1,53,118,68,50
050,55,041,"Wisconsin","Forest County",1,54,122,62,60
050,55,041,"Wisconsin","Forest County",1,55,134,67,67
050,55,041,"Wisconsin","Forest County",1,56,148,76,72
050,55,041,"Wisconsin","Forest County",1,57,152,66,86
050,55,041,"Wisconsin","Forest County",1,58,173,90,83
050,55,041,"Wisconsin","Forest County",1,59,163,77,86
050,55,041,"Wisconsin","Forest County",1,60,165,77,88
050,55,041,"Wisconsin","Forest County",1,61,179,92,87
050,55,041,"Wisconsin","Forest County",1,62,180,87,93
050,55,041,"Wisconsin","Forest County",1,63,164,84,80
050,55,041,"Wisconsin","Forest County",1,64,161,79,82
050,55,041,"Wisconsin","Forest County",1,65,173,93,80
050,55,041,"Wisconsin","Forest County",1,66,165,85,80
050,55,041,"Wisconsin","Forest County",1,67,157,80,77
050,55,041,"Wisconsin","Forest County",1,68,148,76,72
050,55,041,"Wisconsin","Forest County",1,69,135,73,62
050,55,041,"Wisconsin","Forest County",1,70,124,58,66
050,55,041,"Wisconsin","Forest County",1,71,110,59,51
050,55,041,"Wisconsin","Forest County",1,72,110,54,56
050,55,041,"Wisconsin","Forest County",1,73,119,61,58
050,55,041,"Wisconsin","Forest County",1,74,91,41,50
050,55,041,"Wisconsin","Forest County",1,75,95,50,45
050,55,041,"Wisconsin","Forest County",1,76,87,45,42
050,55,041,"Wisconsin","Forest County",1,77,79,39,40
050,55,041,"Wisconsin","Forest County",1,78,68,41,27
050,55,041,"Wisconsin","Forest County",1,79,74,46,28
050,55,041,"Wisconsin","Forest County",1,80,59,30,29
050,55,041,"Wisconsin","Forest County",1,81,58,26,32
050,55,041,"Wisconsin","Forest County",1,82,51,29,22
050,55,041,"Wisconsin","Forest County",1,83,47,22,25
050,55,041,"Wisconsin","Forest County",1,84,43,20,23
050,55,041,"Wisconsin","Forest County",1,85,238,97,141
050,55,041,"Wisconsin","Forest County",2,0,102,52,50
050,55,041,"Wisconsin","Forest County",2,1,110,56,54
050,55,041,"Wisconsin","Forest County",2,2,92,46,46
050,55,041,"Wisconsin","Forest County",2,3,92,49,43
050,55,041,"Wisconsin","Forest County",2,4,102,54,48
050,55,041,"Wisconsin","Forest County",2,5,98,48,50
050,55,041,"Wisconsin","Forest County",2,6,101,52,49
050,55,041,"Wisconsin","Forest County",2,7,101,51,50
050,55,041,"Wisconsin","Forest County",2,8,104,56,48
050,55,041,"Wisconsin","Forest County",2,9,93,51,42
050,55,041,"Wisconsin","Forest County",2,10,88,47,41
050,55,041,"Wisconsin","Forest County",2,11,92,46,46
050,55,041,"Wisconsin","Forest County",2,12,101,49,52
050,55,041,"Wisconsin","Forest County",2,13,104,49,55
050,55,041,"Wisconsin","Forest County",2,14,104,54,50
050,55,041,"Wisconsin","Forest County",2,15,88,45,43
050,55,041,"Wisconsin","Forest County",2,16,88,46,42
050,55,041,"Wisconsin","Forest County",2,17,95,51,44
050,55,041,"Wisconsin","Forest County",2,18,89,49,40
050,55,041,"Wisconsin","Forest County",2,19,80,42,38
050,55,041,"Wisconsin","Forest County",2,20,84,46,38
050,55,041,"Wisconsin","Forest County",2,21,85,45,40
050,55,041,"Wisconsin","Forest County",2,22,92,49,43
050,55,041,"Wisconsin","Forest County",2,23,82,44,38
050,55,041,"Wisconsin","Forest County",2,24,79,40,39
050,55,041,"Wisconsin","Forest County",2,25,91,43,48
050,55,041,"Wisconsin","Forest County",2,26,94,42,52
050,55,041,"Wisconsin","Forest County",2,27,96,41,55
050,55,041,"Wisconsin","Forest County",2,28,94,40,54
050,55,041,"Wisconsin","Forest County",2,29,95,48,47
050,55,041,"Wisconsin","Forest County",2,30,98,45,53
050,55,041,"Wisconsin","Forest County",2,31,82,42,40
050,55,041,"Wisconsin","Forest County",2,32,97,54,43
050,55,041,"Wisconsin","Forest County",2,33,98,56,42
050,55,041,"Wisconsin","Forest County",2,34,96,51,45
050,55,041,"Wisconsin","Forest County",2,35,95,46,49
050,55,041,"Wisconsin","Forest County",2,36,86,46,40
050,55,041,"Wisconsin","Forest County",2,37,80,41,39
050,55,041,"Wisconsin","Forest County",2,38,79,35,44
050,55,041,"Wisconsin","Forest County",2,39,84,40,44
050,55,041,"Wisconsin","Forest County",2,40,92,48,44
050,55,041,"Wisconsin","Forest County",2,41,92,53,39
050,55,041,"Wisconsin","Forest County",2,42,94,47,47
050,55,041,"Wisconsin","Forest County",2,43,96,45,51
050,55,041,"Wisconsin","Forest County",2,44,92,49,43
050,55,041,"Wisconsin","Forest County",2,45,91,49,42
050,55,041,"Wisconsin","Forest County",2,46,96,43,53
050,55,041,"Wisconsin","Forest County",2,47,106,49,57
050,55,041,"Wisconsin","Forest County",2,48,106,52,54
050,55,041,"Wisconsin","Forest County",2,49,119,60,59
050,55,041,"Wisconsin","Forest County",2,50,131,69,62
050,55,041,"Wisconsin","Forest County",2,51,122,66,56
050,55,041,"Wisconsin","Forest County",2,52,123,71,52
050,55,041,"Wisconsin","Forest County",2,53,120,69,51
050,55,041,"Wisconsin","Forest County",2,54,119,64,55
050,55,041,"Wisconsin","Forest County",2,55,131,66,65
050,55,041,"Wisconsin","Forest County",2,56,148,75,73
050,55,041,"Wisconsin","Forest County",2,57,151,69,82
050,55,041,"Wisconsin","Forest County",2,58,168,84,84
050,55,041,"Wisconsin","Forest County",2,59,168,81,87
050,55,041,"Wisconsin","Forest County",2,60,165,78,87
050,55,041,"Wisconsin","Forest County",2,61,175,88,87
050,55,041,"Wisconsin","Forest County",2,62,180,87,93
050,55,041,"Wisconsin","Forest County",2,63,168,86,82
050,55,041,"Wisconsin","Forest County",2,64,161,81,80
050,55,041,"Wisconsin","Forest County",2,65,169,88,81
050,55,041,"Wisconsin","Forest County",2,66,167,87,80
050,55,041,"Wisconsin","Forest County",2,67,158,80,78
050,55,041,"Wisconsin","Forest County",2,68,148,76,72
050,55,041,"Wisconsin","Forest County",2,69,138,74,64
050,55,041,"Wisconsin","Forest County",2,70,126,62,64
050,55,041,"Wisconsin","Forest County",2,71,114,59,55
050,55,041,"Wisconsin","Forest County",2,72,107,54,53
050,55,041,"Wisconsin","Forest County",2,73,123,63,60
050,55,041,"Wisconsin","Forest County",2,74,90,42,48
050,55,041,"Wisconsin","Forest County",2,75,93,48,45
050,55,041,"Wisconsin","Forest County",2,76,88,46,42
050,55,041,"Wisconsin","Forest County",2,77,81,41,40
050,55,041,"Wisconsin","Forest County",2,78,71,41,30
050,55,041,"Wisconsin","Forest County",2,79,71,44,27
050,55,041,"Wisconsin","Forest County",2,80,62,34,28
050,55,041,"Wisconsin","Forest County",2,81,59,27,32
050,55,041,"Wisconsin","Forest County",2,82,52,28,24
050,55,041,"Wisconsin","Forest County",2,83,47,23,24
050,55,041,"Wisconsin","Forest County",2,84,42,19,23
050,55,041,"Wisconsin","Forest County",2,85,238,97,141
050,55,041,"Wisconsin","Forest County",3,0,99,48,51
050,55,041,"Wisconsin","Forest County",3,1,98,54,44
050,55,041,"Wisconsin","Forest County",3,2,110,55,55
050,55,041,"Wisconsin","Forest County",3,3,94,47,47
050,55,041,"Wisconsin","Forest County",3,4,90,45,45
050,55,041,"Wisconsin","Forest County",3,5,111,59,52
050,55,041,"Wisconsin","Forest County",3,6,105,52,53
050,55,041,"Wisconsin","Forest County",3,7,105,56,49
050,55,041,"Wisconsin","Forest County",3,8,102,55,47
050,55,041,"Wisconsin","Forest County",3,9,108,58,50
050,55,041,"Wisconsin","Forest County",3,10,92,51,41
050,55,041,"Wisconsin","Forest County",3,11,89,48,41
050,55,041,"Wisconsin","Forest County",3,12,95,47,48
050,55,041,"Wisconsin","Forest County",3,13,97,48,49
050,55,041,"Wisconsin","Forest County",3,14,100,47,53
050,55,041,"Wisconsin","Forest County",3,15,107,54,53
050,55,041,"Wisconsin","Forest County",3,16,91,44,47
050,55,041,"Wisconsin","Forest County",3,17,88,48,40
050,55,041,"Wisconsin","Forest County",3,18,83,47,36
050,55,041,"Wisconsin","Forest County",3,19,71,36,35
050,55,041,"Wisconsin","Forest County",3,20,81,42,39
050,55,041,"Wisconsin","Forest County",3,21,90,47,43
050,55,041,"Wisconsin","Forest County",3,22,92,49,43
050,55,041,"Wisconsin","Forest County",3,23,82,47,35
050,55,041,"Wisconsin","Forest County",3,24,80,42,38
050,55,041,"Wisconsin","Forest County",3,25,80,40,40
050,55,041,"Wisconsin","Forest County",3,26,87,42,45
050,55,041,"Wisconsin","Forest County",3,27,109,52,57
050,55,041,"Wisconsin","Forest County",3,28,99,46,53
050,55,041,"Wisconsin","Forest County",3,29,106,45,61
050,55,041,"Wisconsin","Forest County",3,30,98,46,52
050,55,041,"Wisconsin","Forest County",3,31,104,50,54
050,55,041,"Wisconsin","Forest County",3,32,84,42,42
050,55,041,"Wisconsin","Forest County",3,33,95,53,42
050,55,041,"Wisconsin","Forest County",3,34,96,54,42
050,55,041,"Wisconsin","Forest County",3,35,95,53,42
050,55,041,"Wisconsin","Forest County",3,36,94,49,45
050,55,041,"Wisconsin","Forest County",3,37,89,48,41
050,55,041,"Wisconsin","Forest County",3,38,80,44,36
050,55,041,"Wisconsin","Forest County",3,39,82,40,42
050,55,041,"Wisconsin","Forest County",3,40,88,44,44
050,55,041,"Wisconsin","Forest County",3,41,92,48,44
050,55,041,"Wisconsin","Forest County",3,42,97,57,40
050,55,041,"Wisconsin","Forest County",3,43,100,50,50
050,55,041,"Wisconsin","Forest County",3,44,101,48,53
050,55,041,"Wisconsin","Forest County",3,45,94,48,46
050,55,041,"Wisconsin","Forest County",3,46,89,49,40
050,55,041,"Wisconsin","Forest County",3,47,98,48,50
050,55,041,"Wisconsin","Forest County",3,48,99,41,58
050,55,041,"Wisconsin","Forest County",3,49,107,53,54
050,55,041,"Wisconsin","Forest County",3,50,122,63,59
050,55,041,"Wisconsin","Forest County",3,51,130,69,61
050,55,041,"Wisconsin","Forest County",3,52,128,72,56
050,55,041,"Wisconsin","Forest County",3,53,120,65,55
050,55,041,"Wisconsin","Forest County",3,54,122,67,55
050,55,041,"Wisconsin","Forest County",3,55,127,65,62
050,55,041,"Wisconsin","Forest County",3,56,140,73,67
050,55,041,"Wisconsin","Forest County",3,57,150,73,77
050,55,041,"Wisconsin","Forest County",3,58,159,75,84
050,55,041,"Wisconsin","Forest County",3,59,179,92,87
050,55,041,"Wisconsin","Forest County",3,60,168,81,87
050,55,041,"Wisconsin","Forest County",3,61,171,82,89
050,55,041,"Wisconsin","Forest County",3,62,183,87,96
050,55,041,"Wisconsin","Forest County",3,63,189,93,96
050,55,041,"Wisconsin","Forest County",3,64,171,90,81
050,55,041,"Wisconsin","Forest County",3,65,167,82,85
050,55,041,"Wisconsin","Forest County",3,66,164,81,83
050,55,041,"Wisconsin","Forest County",3,67,163,86,77
050,55,041,"Wisconsin","Forest County",3,68,147,72,75
050,55,041,"Wisconsin","Forest County",3,69,141,73,68
050,55,041,"Wisconsin","Forest County",3,70,137,73,64
050,55,041,"Wisconsin","Forest County",3,71,120,57,63
050,55,041,"Wisconsin","Forest County",3,72,110,59,51
050,55,041,"Wisconsin","Forest County",3,73,104,53,51
050,55,041,"Wisconsin","Forest County",3,74,118,60,58
050,55,041,"Wisconsin","Forest County",3,75,88,39,49
050,55,041,"Wisconsin","Forest County",3,76,86,45,41
050,55,041,"Wisconsin","Forest County",3,77,85,43,42
050,55,041,"Wisconsin","Forest County",3,78,83,43,40
050,55,041,"Wisconsin","Forest County",3,79,63,34,29
050,55,041,"Wisconsin","Forest County",3,80,66,43,23
050,55,041,"Wisconsin","Forest County",3,81,60,31,29
050,55,041,"Wisconsin","Forest County",3,82,53,27,26
050,55,041,"Wisconsin","Forest County",3,83,50,24,26
050,55,041,"Wisconsin","Forest County",3,84,35,22,13
050,55,041,"Wisconsin","Forest County",3,85,235,97,138
050,55,041,"Wisconsin","Forest County",4,0,87,38,49
050,55,041,"Wisconsin","Forest County",4,1,106,55,51
050,55,041,"Wisconsin","Forest County",4,2,100,51,49
050,55,041,"Wisconsin","Forest County",4,3,110,60,50
050,55,041,"Wisconsin","Forest County",4,4,99,49,50
050,55,041,"Wisconsin","Forest County",4,5,90,45,45
050,55,041,"Wisconsin","Forest County",4,6,115,58,57
050,55,041,"Wisconsin","Forest County",4,7,107,55,52
050,55,041,"Wisconsin","Forest County",4,8,109,57,52
050,55,041,"Wisconsin","Forest County",4,9,105,54,51
050,55,041,"Wisconsin","Forest County",4,10,110,58,52
050,55,041,"Wisconsin","Forest County",4,11,98,53,45
050,55,041,"Wisconsin","Forest County",4,12,94,50,44
050,55,041,"Wisconsin","Forest County",4,13,92,45,47
050,55,041,"Wisconsin","Forest County",4,14,99,51,48
050,55,041,"Wisconsin","Forest County",4,15,101,47,54
050,55,041,"Wisconsin","Forest County",4,16,104,48,56
050,55,041,"Wisconsin","Forest County",4,17,90,43,47
050,55,041,"Wisconsin","Forest County",4,18,74,43,31
050,55,041,"Wisconsin","Forest County",4,19,75,41,34
050,55,041,"Wisconsin","Forest County",4,20,73,38,35
050,55,041,"Wisconsin","Forest County",4,21,83,43,40
050,55,041,"Wisconsin","Forest County",4,22,96,49,47
050,55,041,"Wisconsin","Forest County",4,23,93,49,44
050,55,041,"Wisconsin","Forest County",4,24,76,46,30
050,55,041,"Wisconsin","Forest County",4,25,78,41,37
050,55,041,"Wisconsin","Forest County",4,26,72,36,36
050,55,041,"Wisconsin","Forest County",4,27,90,44,46
050,55,041,"Wisconsin","Forest County",4,28,103,49,54
050,55,041,"Wisconsin","Forest County",4,29,108,49,59
050,55,041,"Wisconsin","Forest County",4,30,105,42,63
050,55,041,"Wisconsin","Forest County",4,31,90,40,50
050,55,041,"Wisconsin","Forest County",4,32,107,52,55
050,55,041,"Wisconsin","Forest County",4,33,87,43,44
050,55,041,"Wisconsin","Forest County",4,34,96,52,44
050,55,041,"Wisconsin","Forest County",4,35,98,55,43
050,55,041,"Wisconsin","Forest County",4,36,107,59,48
050,55,041,"Wisconsin","Forest County",4,37,96,48,48
050,55,041,"Wisconsin","Forest County",4,38,91,46,45
050,55,041,"Wisconsin","Forest County",4,39,77,42,35
050,55,041,"Wisconsin","Forest County",4,40,85,43,42
050,55,041,"Wisconsin","Forest County",4,41,88,41,47
050,55,041,"Wisconsin","Forest County",4,42,97,50,47
050,55,041,"Wisconsin","Forest County",4,43,98,57,41
050,55,041,"Wisconsin","Forest County",4,44,96,46,50
050,55,041,"Wisconsin","Forest County",4,45,100,49,51
050,55,041,"Wisconsin","Forest County",4,46,90,48,42
050,55,041,"Wisconsin","Forest County",4,47,89,49,40
050,55,041,"Wisconsin","Forest County",4,48,94,43,51
050,55,041,"Wisconsin","Forest County",4,49,97,39,58
050,55,041,"Wisconsin","Forest County",4,50,102,49,53
050,55,041,"Wisconsin","Forest County",4,51,127,65,62
050,55,041,"Wisconsin","Forest County",4,52,135,72,63
050,55,041,"Wisconsin","Forest County",4,53,131,70,61
050,55,041,"Wisconsin","Forest County",4,54,125,66,59
050,55,041,"Wisconsin","Forest County",4,55,122,65,57
050,55,041,"Wisconsin","Forest County",4,56,130,68,62
050,55,041,"Wisconsin","Forest County",4,57,148,72,76
050,55,041,"Wisconsin","Forest County",4,58,150,74,76
050,55,041,"Wisconsin","Forest County",4,59,163,77,86
050,55,041,"Wisconsin","Forest County",4,60,193,100,93
050,55,041,"Wisconsin","Forest County",4,61,172,87,85
050,55,041,"Wisconsin","Forest County",4,62,177,86,91
050,55,041,"Wisconsin","Forest County",4,63,182,89,93
050,55,041,"Wisconsin","Forest County",4,64,194,92,102
050,55,041,"Wisconsin","Forest County",4,65,176,92,84
050,55,041,"Wisconsin","Forest County",4,66,166,86,80
050,55,041,"Wisconsin","Forest County",4,67,162,79,83
050,55,041,"Wisconsin","Forest County",4,68,174,92,82
050,55,041,"Wisconsin","Forest County",4,69,147,73,74
050,55,041,"Wisconsin","Forest County",4,70,136,72,64
050,55,041,"Wisconsin","Forest County",4,71,139,75,64
050,55,041,"Wisconsin","Forest County",4,72,116,54,62
050,55,041,"Wisconsin","Forest County",4,73,110,57,53
050,55,041,"Wisconsin","Forest County",4,74,103,53,50
050,55,041,"Wisconsin","Forest County",4,75,119,58,61
050,55,041,"Wisconsin","Forest County",4,76,78,34,44
050,55,041,"Wisconsin","Forest County",4,77,80,40,40
050,55,041,"Wisconsin","Forest County",4,78,85,42,43
050,55,041,"Wisconsin","Forest County",4,79,78,41,37
050,55,041,"Wisconsin","Forest County",4,80,52,30,22
050,55,041,"Wisconsin","Forest County",4,81,61,37,24
050,55,041,"Wisconsin","Forest County",4,82,57,29,28
050,55,041,"Wisconsin","Forest County",4,83,48,20,28
050,55,041,"Wisconsin","Forest County",4,84,44,22,22
050,55,041,"Wisconsin","Forest County",4,85,225,98,127
050,55,041,"Wisconsin","Forest County",5,0,85,38,47
050,55,041,"Wisconsin","Forest County",5,1,82,36,46
050,55,041,"Wisconsin","Forest County",5,2,106,52,54
050,55,041,"Wisconsin","Forest County",5,3,99,53,46
050,55,041,"Wisconsin","Forest County",5,4,118,64,54
050,55,041,"Wisconsin","Forest County",5,5,93,47,46
050,55,041,"Wisconsin","Forest County",5,6,89,41,48
050,55,041,"Wisconsin","Forest County",5,7,119,61,58
050,55,041,"Wisconsin","Forest County",5,8,106,54,52
050,55,041,"Wisconsin","Forest County",5,9,114,57,57
050,55,041,"Wisconsin","Forest County",5,10,105,55,50
050,55,041,"Wisconsin","Forest County",5,11,113,61,52
050,55,041,"Wisconsin","Forest County",5,12,94,51,43
050,55,041,"Wisconsin","Forest County",5,13,91,48,43
050,55,041,"Wisconsin","Forest County",5,14,97,48,49
050,55,041,"Wisconsin","Forest County",5,15,102,50,52
050,55,041,"Wisconsin","Forest County",5,16,100,48,52
050,55,041,"Wisconsin","Forest County",5,17,109,55,54
050,55,041,"Wisconsin","Forest County",5,18,86,46,40
050,55,041,"Wisconsin","Forest County",5,19,66,41,25
050,55,041,"Wisconsin","Forest County",5,20,72,39,33
050,55,041,"Wisconsin","Forest County",5,21,71,39,32
050,55,041,"Wisconsin","Forest County",5,22,89,49,40
050,55,041,"Wisconsin","Forest County",5,23,93,52,41
050,55,041,"Wisconsin","Forest County",5,24,91,46,45
050,55,041,"Wisconsin","Forest County",5,25,81,46,35
050,55,041,"Wisconsin","Forest County",5,26,75,37,38
050,55,041,"Wisconsin","Forest County",5,27,69,35,34
050,55,041,"Wisconsin","Forest County",5,28,85,39,46
050,55,041,"Wisconsin","Forest County",5,29,95,44,51
050,55,041,"Wisconsin","Forest County",5,30,104,42,62
050,55,041,"Wisconsin","Forest County",5,31,104,41,63
050,55,041,"Wisconsin","Forest County",5,32,89,39,50
050,55,041,"Wisconsin","Forest County",5,33,109,50,59
050,55,041,"Wisconsin","Forest County",5,34,89,49,40
050,55,041,"Wisconsin","Forest County",5,35,96,51,45
050,55,041,"Wisconsin","Forest County",5,36,100,56,44
050,55,041,"Wisconsin","Forest County",5,37,106,59,47
050,55,041,"Wisconsin","Forest County",5,38,101,57,44
050,55,041,"Wisconsin","Forest County",5,39,88,44,44
050,55,041,"Wisconsin","Forest County",5,40,79,43,36
050,55,041,"Wisconsin","Forest County",5,41,90,44,46
050,55,041,"Wisconsin","Forest County",5,42,89,43,46
050,55,041,"Wisconsin","Forest County",5,43,95,47,48
050,55,041,"Wisconsin","Forest County",5,44,98,55,43
050,55,041,"Wisconsin","Forest County",5,45,98,48,50
050,55,041,"Wisconsin","Forest County",5,46,97,45,52
050,55,041,"Wisconsin","Forest County",5,47,89,48,41
050,55,041,"Wisconsin","Forest County",5,48,90,49,41
050,55,041,"Wisconsin","Forest County",5,49,93,41,52
050,55,041,"Wisconsin","Forest County",5,50,96,38,58
050,55,041,"Wisconsin","Forest County",5,51,109,54,55
050,55,041,"Wisconsin","Forest County",5,52,127,65,62
050,55,041,"Wisconsin","Forest County",5,53,132,67,65
050,55,041,"Wisconsin","Forest County",5,54,136,74,62
050,55,041,"Wisconsin","Forest County",5,55,129,70,59
050,55,041,"Wisconsin","Forest County",5,56,130,69,61
050,55,041,"Wisconsin","Forest County",5,57,120,63,57
050,55,041,"Wisconsin","Forest County",5,58,149,73,76
050,55,041,"Wisconsin","Forest County",5,59,161,81,80
050,55,041,"Wisconsin","Forest County",5,60,167,77,90
050,55,041,"Wisconsin","Forest County",5,61,199,105,94
050,55,041,"Wisconsin","Forest County",5,62,184,90,94
050,55,041,"Wisconsin","Forest County",5,63,184,92,92
050,55,041,"Wisconsin","Forest County",5,64,181,87,94
050,55,041,"Wisconsin","Forest County",5,65,196,87,109
050,55,041,"Wisconsin","Forest County",5,66,180,93,87
050,55,041,"Wisconsin","Forest County",5,67,157,78,79
050,55,041,"Wisconsin","Forest County",5,68,161,82,79
050,55,041,"Wisconsin","Forest County",5,69,170,91,79
050,55,041,"Wisconsin","Forest County",5,70,143,68,75
050,55,041,"Wisconsin","Forest County",5,71,130,66,64
050,55,041,"Wisconsin","Forest County",5,72,133,73,60
050,55,041,"Wisconsin","Forest County",5,73,115,52,63
050,55,041,"Wisconsin","Forest County",5,74,106,53,53
050,55,041,"Wisconsin","Forest County",5,75,101,50,51
050,55,041,"Wisconsin","Forest County",5,76,112,54,58
050,55,041,"Wisconsin","Forest County",5,77,67,27,40
050,55,041,"Wisconsin","Forest County",5,78,83,43,40
050,55,041,"Wisconsin","Forest County",5,79,77,38,39
050,55,041,"Wisconsin","Forest County",5,80,71,39,32
050,55,041,"Wisconsin","Forest County",5,81,48,26,22
050,55,041,"Wisconsin","Forest County",5,82,57,37,20
050,55,041,"Wisconsin","Forest County",5,83,54,25,29
050,55,041,"Wisconsin","Forest County",5,84,41,19,22
050,55,041,"Wisconsin","Forest County",5,85,220,98,122
050,55,043,"Wisconsin","Grant County",1,0,553,282,271
050,55,043,"Wisconsin","Grant County",1,1,578,282,296
050,55,043,"Wisconsin","Grant County",1,2,631,338,293
050,55,043,"Wisconsin","Grant County",1,3,590,310,280
050,55,043,"Wisconsin","Grant County",1,4,603,303,300
050,55,043,"Wisconsin","Grant County",1,5,591,298,293
050,55,043,"Wisconsin","Grant County",1,6,531,275,256
050,55,043,"Wisconsin","Grant County",1,7,573,291,282
050,55,043,"Wisconsin","Grant County",1,8,575,281,294
050,55,043,"Wisconsin","Grant County",1,9,559,295,264
050,55,043,"Wisconsin","Grant County",1,10,631,332,299
050,55,043,"Wisconsin","Grant County",1,11,654,344,310
050,55,043,"Wisconsin","Grant County",1,12,664,335,329
050,55,043,"Wisconsin","Grant County",1,13,685,347,338
050,55,043,"Wisconsin","Grant County",1,14,649,319,330
050,55,043,"Wisconsin","Grant County",1,15,653,305,348
050,55,043,"Wisconsin","Grant County",1,16,636,309,327
050,55,043,"Wisconsin","Grant County",1,17,653,350,303
050,55,043,"Wisconsin","Grant County",1,18,1073,626,447
050,55,043,"Wisconsin","Grant County",1,19,1778,1095,683
050,55,043,"Wisconsin","Grant County",1,20,1467,918,549
050,55,043,"Wisconsin","Grant County",1,21,1301,744,557
050,55,043,"Wisconsin","Grant County",1,22,1266,776,490
050,55,043,"Wisconsin","Grant County",1,23,972,556,416
050,55,043,"Wisconsin","Grant County",1,24,732,412,320
050,55,043,"Wisconsin","Grant County",1,25,642,367,275
050,55,043,"Wisconsin","Grant County",1,26,597,322,275
050,55,043,"Wisconsin","Grant County",1,27,591,299,292
050,55,043,"Wisconsin","Grant County",1,28,580,312,268
050,55,043,"Wisconsin","Grant County",1,29,560,311,249
050,55,043,"Wisconsin","Grant County",1,30,564,307,257
050,55,043,"Wisconsin","Grant County",1,31,575,307,268
050,55,043,"Wisconsin","Grant County",1,32,541,308,233
050,55,043,"Wisconsin","Grant County",1,33,485,287,198
050,55,043,"Wisconsin","Grant County",1,34,530,296,234
050,55,043,"Wisconsin","Grant County",1,35,521,265,256
050,55,043,"Wisconsin","Grant County",1,36,544,290,254
050,55,043,"Wisconsin","Grant County",1,37,580,311,269
050,55,043,"Wisconsin","Grant County",1,38,600,320,280
050,55,043,"Wisconsin","Grant County",1,39,585,306,279
050,55,043,"Wisconsin","Grant County",1,40,566,305,261
050,55,043,"Wisconsin","Grant County",1,41,526,289,237
050,55,043,"Wisconsin","Grant County",1,42,518,270,248
050,55,043,"Wisconsin","Grant County",1,43,530,275,255
050,55,043,"Wisconsin","Grant County",1,44,518,280,238
050,55,043,"Wisconsin","Grant County",1,45,478,253,225
050,55,043,"Wisconsin","Grant County",1,46,450,222,228
050,55,043,"Wisconsin","Grant County",1,47,476,239,237
050,55,043,"Wisconsin","Grant County",1,48,519,279,240
050,55,043,"Wisconsin","Grant County",1,49,590,314,276
050,55,043,"Wisconsin","Grant County",1,50,517,269,248
050,55,043,"Wisconsin","Grant County",1,51,507,265,242
050,55,043,"Wisconsin","Grant County",1,52,527,256,271
050,55,043,"Wisconsin","Grant County",1,53,565,276,289
050,55,043,"Wisconsin","Grant County",1,54,586,312,274
050,55,043,"Wisconsin","Grant County",1,55,625,321,304
050,55,043,"Wisconsin","Grant County",1,56,660,328,332
050,55,043,"Wisconsin","Grant County",1,57,650,321,329
050,55,043,"Wisconsin","Grant County",1,58,674,331,343
050,55,043,"Wisconsin","Grant County",1,59,712,352,360
050,55,043,"Wisconsin","Grant County",1,60,734,388,346
050,55,043,"Wisconsin","Grant County",1,61,729,376,353
050,55,043,"Wisconsin","Grant County",1,62,710,358,352
050,55,043,"Wisconsin","Grant County",1,63,670,339,331
050,55,043,"Wisconsin","Grant County",1,64,675,329,346
050,55,043,"Wisconsin","Grant County",1,65,648,337,311
050,55,043,"Wisconsin","Grant County",1,66,628,301,327
050,55,043,"Wisconsin","Grant County",1,67,609,303,306
050,55,043,"Wisconsin","Grant County",1,68,597,322,275
050,55,043,"Wisconsin","Grant County",1,69,512,258,254
050,55,043,"Wisconsin","Grant County",1,70,502,230,272
050,55,043,"Wisconsin","Grant County",1,71,467,218,249
050,55,043,"Wisconsin","Grant County",1,72,466,230,236
050,55,043,"Wisconsin","Grant County",1,73,430,213,217
050,55,043,"Wisconsin","Grant County",1,74,339,161,178
050,55,043,"Wisconsin","Grant County",1,75,306,137,169
050,55,043,"Wisconsin","Grant County",1,76,312,131,181
050,55,043,"Wisconsin","Grant County",1,77,335,153,182
050,55,043,"Wisconsin","Grant County",1,78,299,144,155
050,55,043,"Wisconsin","Grant County",1,79,284,131,153
050,55,043,"Wisconsin","Grant County",1,80,254,109,145
050,55,043,"Wisconsin","Grant County",1,81,251,107,144
050,55,043,"Wisconsin","Grant County",1,82,256,106,150
050,55,043,"Wisconsin","Grant County",1,83,236,93,143
050,55,043,"Wisconsin","Grant County",1,84,199,85,114
050,55,043,"Wisconsin","Grant County",1,85,1208,371,837
050,55,043,"Wisconsin","Grant County",2,0,584,294,290
050,55,043,"Wisconsin","Grant County",2,1,574,284,290
050,55,043,"Wisconsin","Grant County",2,2,621,326,295
050,55,043,"Wisconsin","Grant County",2,3,598,315,283
050,55,043,"Wisconsin","Grant County",2,4,603,309,294
050,55,043,"Wisconsin","Grant County",2,5,591,299,292
050,55,043,"Wisconsin","Grant County",2,6,547,283,264
050,55,043,"Wisconsin","Grant County",2,7,565,290,275
050,55,043,"Wisconsin","Grant County",2,8,573,284,289
050,55,043,"Wisconsin","Grant County",2,9,564,292,272
050,55,043,"Wisconsin","Grant County",2,10,615,325,290
050,55,043,"Wisconsin","Grant County",2,11,646,339,307
050,55,043,"Wisconsin","Grant County",2,12,666,338,328
050,55,043,"Wisconsin","Grant County",2,13,682,345,337
050,55,043,"Wisconsin","Grant County",2,14,657,326,331
050,55,043,"Wisconsin","Grant County",2,15,652,308,344
050,55,043,"Wisconsin","Grant County",2,16,646,311,335
050,55,043,"Wisconsin","Grant County",2,17,648,338,310
050,55,043,"Wisconsin","Grant County",2,18,1070,623,447
050,55,043,"Wisconsin","Grant County",2,19,1769,1089,680
050,55,043,"Wisconsin","Grant County",2,20,1490,925,565
050,55,043,"Wisconsin","Grant County",2,21,1303,747,556
050,55,043,"Wisconsin","Grant County",2,22,1255,771,484
050,55,043,"Wisconsin","Grant County",2,23,972,557,415
050,55,043,"Wisconsin","Grant County",2,24,735,415,320
050,55,043,"Wisconsin","Grant County",2,25,640,364,276
050,55,043,"Wisconsin","Grant County",2,26,601,325,276
050,55,043,"Wisconsin","Grant County",2,27,585,300,285
050,55,043,"Wisconsin","Grant County",2,28,586,309,277
050,55,043,"Wisconsin","Grant County",2,29,565,310,255
050,55,043,"Wisconsin","Grant County",2,30,570,309,261
050,55,043,"Wisconsin","Grant County",2,31,569,307,262
050,55,043,"Wisconsin","Grant County",2,32,546,306,240
050,55,043,"Wisconsin","Grant County",2,33,494,287,207
050,55,043,"Wisconsin","Grant County",2,34,521,295,226
050,55,043,"Wisconsin","Grant County",2,35,521,268,253
050,55,043,"Wisconsin","Grant County",2,36,535,282,253
050,55,043,"Wisconsin","Grant County",2,37,575,309,266
050,55,043,"Wisconsin","Grant County",2,38,595,317,278
050,55,043,"Wisconsin","Grant County",2,39,588,308,280
050,55,043,"Wisconsin","Grant County",2,40,573,305,268
050,55,043,"Wisconsin","Grant County",2,41,535,291,244
050,55,043,"Wisconsin","Grant County",2,42,513,270,243
050,55,043,"Wisconsin","Grant County",2,43,535,278,257
050,55,043,"Wisconsin","Grant County",2,44,516,277,239
050,55,043,"Wisconsin","Grant County",2,45,491,261,230
050,55,043,"Wisconsin","Grant County",2,46,452,226,226
050,55,043,"Wisconsin","Grant County",2,47,467,233,234
050,55,043,"Wisconsin","Grant County",2,48,509,270,239
050,55,043,"Wisconsin","Grant County",2,49,575,308,267
050,55,043,"Wisconsin","Grant County",2,50,534,278,256
050,55,043,"Wisconsin","Grant County",2,51,510,266,244
050,55,043,"Wisconsin","Grant County",2,52,519,255,264
050,55,043,"Wisconsin","Grant County",2,53,557,272,285
050,55,043,"Wisconsin","Grant County",2,54,582,304,278
050,55,043,"Wisconsin","Grant County",2,55,616,319,297
050,55,043,"Wisconsin","Grant County",2,56,652,327,325
050,55,043,"Wisconsin","Grant County",2,57,652,322,330
050,55,043,"Wisconsin","Grant County",2,58,668,329,339
050,55,043,"Wisconsin","Grant County",2,59,704,348,356
050,55,043,"Wisconsin","Grant County",2,60,727,376,351
050,55,043,"Wisconsin","Grant County",2,61,729,378,351
050,55,043,"Wisconsin","Grant County",2,62,712,362,350
050,55,043,"Wisconsin","Grant County",2,63,690,350,340
050,55,043,"Wisconsin","Grant County",2,64,665,327,338
050,55,043,"Wisconsin","Grant County",2,65,651,334,317
050,55,043,"Wisconsin","Grant County",2,66,635,309,326
050,55,043,"Wisconsin","Grant County",2,67,611,300,311
050,55,043,"Wisconsin","Grant County",2,68,590,313,277
050,55,043,"Wisconsin","Grant County",2,69,537,276,261
050,55,043,"Wisconsin","Grant County",2,70,495,231,264
050,55,043,"Wisconsin","Grant County",2,71,473,219,254
050,55,043,"Wisconsin","Grant County",2,72,461,225,236
050,55,043,"Wisconsin","Grant County",2,73,455,226,229
050,55,043,"Wisconsin","Grant County",2,74,337,162,175
050,55,043,"Wisconsin","Grant County",2,75,314,143,171
050,55,043,"Wisconsin","Grant County",2,76,305,129,176
050,55,043,"Wisconsin","Grant County",2,77,331,151,180
050,55,043,"Wisconsin","Grant County",2,78,297,141,156
050,55,043,"Wisconsin","Grant County",2,79,289,132,157
050,55,043,"Wisconsin","Grant County",2,80,255,111,144
050,55,043,"Wisconsin","Grant County",2,81,242,102,140
050,55,043,"Wisconsin","Grant County",2,82,258,106,152
050,55,043,"Wisconsin","Grant County",2,83,237,93,144
050,55,043,"Wisconsin","Grant County",2,84,206,88,118
050,55,043,"Wisconsin","Grant County",2,85,1206,370,836
050,55,043,"Wisconsin","Grant County",3,0,537,261,276
050,55,043,"Wisconsin","Grant County",3,1,599,297,302
050,55,043,"Wisconsin","Grant County",3,2,567,293,274
050,55,043,"Wisconsin","Grant County",3,3,602,320,282
050,55,043,"Wisconsin","Grant County",3,4,585,317,268
050,55,043,"Wisconsin","Grant County",3,5,605,310,295
050,55,043,"Wisconsin","Grant County",3,6,585,297,288
050,55,043,"Wisconsin","Grant County",3,7,548,276,272
050,55,043,"Wisconsin","Grant County",3,8,575,297,278
050,55,043,"Wisconsin","Grant County",3,9,583,282,301
050,55,043,"Wisconsin","Grant County",3,10,581,301,280
050,55,043,"Wisconsin","Grant County",3,11,621,321,300
050,55,043,"Wisconsin","Grant County",3,12,633,326,307
050,55,043,"Wisconsin","Grant County",3,13,681,342,339
050,55,043,"Wisconsin","Grant County",3,14,687,354,333
050,55,043,"Wisconsin","Grant County",3,15,659,324,335
050,55,043,"Wisconsin","Grant County",3,16,667,310,357
050,55,043,"Wisconsin","Grant County",3,17,648,315,333
050,55,043,"Wisconsin","Grant County",3,18,941,532,409
050,55,043,"Wisconsin","Grant County",3,19,1459,884,575
050,55,043,"Wisconsin","Grant County",3,20,1333,805,528
050,55,043,"Wisconsin","Grant County",3,21,1269,724,545
050,55,043,"Wisconsin","Grant County",3,22,1231,755,476
050,55,043,"Wisconsin","Grant County",3,23,975,558,417
050,55,043,"Wisconsin","Grant County",3,24,737,408,329
050,55,043,"Wisconsin","Grant County",3,25,611,342,269
050,55,043,"Wisconsin","Grant County",3,26,601,321,280
050,55,043,"Wisconsin","Grant County",3,27,579,307,272
050,55,043,"Wisconsin","Grant County",3,28,554,287,267
050,55,043,"Wisconsin","Grant County",3,29,573,299,274
050,55,043,"Wisconsin","Grant County",3,30,564,298,266
050,55,043,"Wisconsin","Grant County",3,31,554,309,245
050,55,043,"Wisconsin","Grant County",3,32,555,299,256
050,55,043,"Wisconsin","Grant County",3,33,538,294,244
050,55,043,"Wisconsin","Grant County",3,34,513,305,208
050,55,043,"Wisconsin","Grant County",3,35,506,272,234
050,55,043,"Wisconsin","Grant County",3,36,528,271,257
050,55,043,"Wisconsin","Grant County",3,37,540,288,252
050,55,043,"Wisconsin","Grant County",3,38,584,313,271
050,55,043,"Wisconsin","Grant County",3,39,597,312,285
050,55,043,"Wisconsin","Grant County",3,40,580,302,278
050,55,043,"Wisconsin","Grant County",3,41,572,304,268
050,55,043,"Wisconsin","Grant County",3,42,544,292,252
050,55,043,"Wisconsin","Grant County",3,43,520,278,242
050,55,043,"Wisconsin","Grant County",3,44,537,278,259
050,55,043,"Wisconsin","Grant County",3,45,537,296,241
050,55,043,"Wisconsin","Grant County",3,46,498,262,236
050,55,043,"Wisconsin","Grant County",3,47,465,229,236
050,55,043,"Wisconsin","Grant County",3,48,475,233,242
050,55,043,"Wisconsin","Grant County",3,49,511,272,239
050,55,043,"Wisconsin","Grant County",3,50,568,304,264
050,55,043,"Wisconsin","Grant County",3,51,543,283,260
050,55,043,"Wisconsin","Grant County",3,52,510,268,242
050,55,043,"Wisconsin","Grant County",3,53,523,258,265
050,55,043,"Wisconsin","Grant County",3,54,559,275,284
050,55,043,"Wisconsin","Grant County",3,55,582,299,283
050,55,043,"Wisconsin","Grant County",3,56,620,318,302
050,55,043,"Wisconsin","Grant County",3,57,669,342,327
050,55,043,"Wisconsin","Grant County",3,58,654,327,327
050,55,043,"Wisconsin","Grant County",3,59,661,324,337
050,55,043,"Wisconsin","Grant County",3,60,706,344,362
050,55,043,"Wisconsin","Grant County",3,61,725,376,349
050,55,043,"Wisconsin","Grant County",3,62,727,377,350
050,55,043,"Wisconsin","Grant County",3,63,711,357,354
050,55,043,"Wisconsin","Grant County",3,64,681,346,335
050,55,043,"Wisconsin","Grant County",3,65,643,322,321
050,55,043,"Wisconsin","Grant County",3,66,642,326,316
050,55,043,"Wisconsin","Grant County",3,67,627,303,324
050,55,043,"Wisconsin","Grant County",3,68,604,299,305
050,55,043,"Wisconsin","Grant County",3,69,578,300,278
050,55,043,"Wisconsin","Grant County",3,70,517,267,250
050,55,043,"Wisconsin","Grant County",3,71,481,222,259
050,55,043,"Wisconsin","Grant County",3,72,479,226,253
050,55,043,"Wisconsin","Grant County",3,73,435,211,224
050,55,043,"Wisconsin","Grant County",3,74,445,216,229
050,55,043,"Wisconsin","Grant County",3,75,324,156,168
050,55,043,"Wisconsin","Grant County",3,76,310,134,176
050,55,043,"Wisconsin","Grant County",3,77,283,124,159
050,55,043,"Wisconsin","Grant County",3,78,314,143,171
050,55,043,"Wisconsin","Grant County",3,79,293,135,158
050,55,043,"Wisconsin","Grant County",3,80,271,124,147
050,55,043,"Wisconsin","Grant County",3,81,228,97,131
050,55,043,"Wisconsin","Grant County",3,82,236,98,138
050,55,043,"Wisconsin","Grant County",3,83,239,96,143
050,55,043,"Wisconsin","Grant County",3,84,204,89,115
050,55,043,"Wisconsin","Grant County",3,85,1160,367,793
050,55,043,"Wisconsin","Grant County",4,0,575,294,281
050,55,043,"Wisconsin","Grant County",4,1,522,243,279
050,55,043,"Wisconsin","Grant County",4,2,617,319,298
050,55,043,"Wisconsin","Grant County",4,3,576,288,288
050,55,043,"Wisconsin","Grant County",4,4,617,327,290
050,55,043,"Wisconsin","Grant County",4,5,594,315,279
050,55,043,"Wisconsin","Grant County",4,6,600,299,301
050,55,043,"Wisconsin","Grant County",4,7,598,306,292
050,55,043,"Wisconsin","Grant County",4,8,564,291,273
050,55,043,"Wisconsin","Grant County",4,9,564,296,268
050,55,043,"Wisconsin","Grant County",4,10,583,268,315
050,55,043,"Wisconsin","Grant County",4,11,582,297,285
050,55,043,"Wisconsin","Grant County",4,12,615,313,302
050,55,043,"Wisconsin","Grant County",4,13,646,337,309
050,55,043,"Wisconsin","Grant County",4,14,677,345,332
050,55,043,"Wisconsin","Grant County",4,15,682,353,329
050,55,043,"Wisconsin","Grant County",4,16,664,324,340
050,55,043,"Wisconsin","Grant County",4,17,660,307,353
050,55,043,"Wisconsin","Grant County",4,18,945,520,425
050,55,043,"Wisconsin","Grant County",4,19,1469,886,583
050,55,043,"Wisconsin","Grant County",4,20,1337,808,529
050,55,043,"Wisconsin","Grant County",4,21,1280,720,560
050,55,043,"Wisconsin","Grant County",4,22,1236,759,477
050,55,043,"Wisconsin","Grant County",4,23,959,571,388
050,55,043,"Wisconsin","Grant County",4,24,726,415,311
050,55,043,"Wisconsin","Grant County",4,25,615,344,271
050,55,043,"Wisconsin","Grant County",4,26,591,327,264
050,55,043,"Wisconsin","Grant County",4,27,595,317,278
050,55,043,"Wisconsin","Grant County",4,28,567,291,276
050,55,043,"Wisconsin","Grant County",4,29,546,285,261
050,55,043,"Wisconsin","Grant County",4,30,591,301,290
050,55,043,"Wisconsin","Grant County",4,31,551,301,250
050,55,043,"Wisconsin","Grant County",4,32,548,300,248
050,55,043,"Wisconsin","Grant County",4,33,569,292,277
050,55,043,"Wisconsin","Grant County",4,34,538,300,238
050,55,043,"Wisconsin","Grant County",4,35,497,285,212
050,55,043,"Wisconsin","Grant County",4,36,506,279,227
050,55,043,"Wisconsin","Grant County",4,37,538,276,262
050,55,043,"Wisconsin","Grant County",4,38,533,279,254
050,55,043,"Wisconsin","Grant County",4,39,583,311,272
050,55,043,"Wisconsin","Grant County",4,40,591,304,287
050,55,043,"Wisconsin","Grant County",4,41,579,304,275
050,55,043,"Wisconsin","Grant County",4,42,574,308,266
050,55,043,"Wisconsin","Grant County",4,43,541,294,247
050,55,043,"Wisconsin","Grant County",4,44,515,274,241
050,55,043,"Wisconsin","Grant County",4,45,558,288,270
050,55,043,"Wisconsin","Grant County",4,46,527,289,238
050,55,043,"Wisconsin","Grant County",4,47,501,266,235
050,55,043,"Wisconsin","Grant County",4,48,451,229,222
050,55,043,"Wisconsin","Grant County",4,49,485,239,246
050,55,043,"Wisconsin","Grant County",4,50,525,270,255
050,55,043,"Wisconsin","Grant County",4,51,570,301,269
050,55,043,"Wisconsin","Grant County",4,52,535,279,256
050,55,043,"Wisconsin","Grant County",4,53,510,263,247
050,55,043,"Wisconsin","Grant County",4,54,528,264,264
050,55,043,"Wisconsin","Grant County",4,55,562,276,286
050,55,043,"Wisconsin","Grant County",4,56,580,293,287
050,55,043,"Wisconsin","Grant County",4,57,605,305,300
050,55,043,"Wisconsin","Grant County",4,58,664,339,325
050,55,043,"Wisconsin","Grant County",4,59,651,321,330
050,55,043,"Wisconsin","Grant County",4,60,654,317,337
050,55,043,"Wisconsin","Grant County",4,61,712,344,368
050,55,043,"Wisconsin","Grant County",4,62,718,373,345
050,55,043,"Wisconsin","Grant County",4,63,731,379,352
050,55,043,"Wisconsin","Grant County",4,64,702,345,357
050,55,043,"Wisconsin","Grant County",4,65,664,340,324
050,55,043,"Wisconsin","Grant County",4,66,635,318,317
050,55,043,"Wisconsin","Grant County",4,67,631,318,313
050,55,043,"Wisconsin","Grant County",4,68,610,297,313
050,55,043,"Wisconsin","Grant County",4,69,593,292,301
050,55,043,"Wisconsin","Grant County",4,70,564,294,270
050,55,043,"Wisconsin","Grant County",4,71,504,261,243
050,55,043,"Wisconsin","Grant County",4,72,482,224,258
050,55,043,"Wisconsin","Grant County",4,73,465,219,246
050,55,043,"Wisconsin","Grant County",4,74,415,198,217
050,55,043,"Wisconsin","Grant County",4,75,431,209,222
050,55,043,"Wisconsin","Grant County",4,76,321,148,173
050,55,043,"Wisconsin","Grant County",4,77,285,127,158
050,55,043,"Wisconsin","Grant County",4,78,271,119,152
050,55,043,"Wisconsin","Grant County",4,79,326,143,183
050,55,043,"Wisconsin","Grant County",4,80,274,124,150
050,55,043,"Wisconsin","Grant County",4,81,246,110,136
050,55,043,"Wisconsin","Grant County",4,82,222,92,130
050,55,043,"Wisconsin","Grant County",4,83,215,89,126
050,55,043,"Wisconsin","Grant County",4,84,206,87,119
050,55,043,"Wisconsin","Grant County",4,85,1130,350,780
050,55,043,"Wisconsin","Grant County",5,0,560,284,276
050,55,043,"Wisconsin","Grant County",5,1,569,279,290
050,55,043,"Wisconsin","Grant County",5,2,522,240,282
050,55,043,"Wisconsin","Grant County",5,3,625,322,303
050,55,043,"Wisconsin","Grant County",5,4,576,290,286
050,55,043,"Wisconsin","Grant County",5,5,614,329,285
050,55,043,"Wisconsin","Grant County",5,6,590,311,279
050,55,043,"Wisconsin","Grant County",5,7,611,306,305
050,55,043,"Wisconsin","Grant County",5,8,587,302,285
050,55,043,"Wisconsin","Grant County",5,9,564,285,279
050,55,043,"Wisconsin","Grant County",5,10,577,304,273
050,55,043,"Wisconsin","Grant County",5,11,584,273,311
050,55,043,"Wisconsin","Grant County",5,12,576,302,274
050,55,043,"Wisconsin","Grant County",5,13,626,318,308
050,55,043,"Wisconsin","Grant County",5,14,644,337,307
050,55,043,"Wisconsin","Grant County",5,15,691,346,345
050,55,043,"Wisconsin","Grant County",5,16,687,358,329
050,55,043,"Wisconsin","Grant County",5,17,670,321,349
050,55,043,"Wisconsin","Grant County",5,18,959,520,439
050,55,043,"Wisconsin","Grant County",5,19,1469,873,596
050,55,043,"Wisconsin","Grant County",5,20,1321,802,519
050,55,043,"Wisconsin","Grant County",5,21,1267,717,550
050,55,043,"Wisconsin","Grant County",5,22,1279,771,508
050,55,043,"Wisconsin","Grant County",5,23,970,563,407
050,55,043,"Wisconsin","Grant County",5,24,727,429,298
050,55,043,"Wisconsin","Grant County",5,25,616,354,262
050,55,043,"Wisconsin","Grant County",5,26,573,323,250
050,55,043,"Wisconsin","Grant County",5,27,555,303,252
050,55,043,"Wisconsin","Grant County",5,28,595,313,282
050,55,043,"Wisconsin","Grant County",5,29,558,282,276
050,55,043,"Wisconsin","Grant County",5,30,568,297,271
050,55,043,"Wisconsin","Grant County",5,31,576,295,281
050,55,043,"Wisconsin","Grant County",5,32,560,306,254
050,55,043,"Wisconsin","Grant County",5,33,555,302,253
050,55,043,"Wisconsin","Grant County",5,34,570,300,270
050,55,043,"Wisconsin","Grant County",5,35,539,290,249
050,55,043,"Wisconsin","Grant County",5,36,501,289,212
050,55,043,"Wisconsin","Grant County",5,37,514,282,232
050,55,043,"Wisconsin","Grant County",5,38,532,276,256
050,55,043,"Wisconsin","Grant County",5,39,536,280,256
050,55,043,"Wisconsin","Grant County",5,40,588,307,281
050,55,043,"Wisconsin","Grant County",5,41,585,302,283
050,55,043,"Wisconsin","Grant County",5,42,581,305,276
050,55,043,"Wisconsin","Grant County",5,43,570,309,261
050,55,043,"Wisconsin","Grant County",5,44,545,297,248
050,55,043,"Wisconsin","Grant County",5,45,533,280,253
050,55,043,"Wisconsin","Grant County",5,46,549,277,272
050,55,043,"Wisconsin","Grant County",5,47,532,295,237
050,55,043,"Wisconsin","Grant County",5,48,492,268,224
050,55,043,"Wisconsin","Grant County",5,49,442,227,215
050,55,043,"Wisconsin","Grant County",5,50,482,235,247
050,55,043,"Wisconsin","Grant County",5,51,527,273,254
050,55,043,"Wisconsin","Grant County",5,52,564,301,263
050,55,043,"Wisconsin","Grant County",5,53,547,286,261
050,55,043,"Wisconsin","Grant County",5,54,513,268,245
050,55,043,"Wisconsin","Grant County",5,55,534,262,272
050,55,043,"Wisconsin","Grant County",5,56,562,270,292
050,55,043,"Wisconsin","Grant County",5,57,575,286,289
050,55,043,"Wisconsin","Grant County",5,58,609,310,299
050,55,043,"Wisconsin","Grant County",5,59,658,338,320
050,55,043,"Wisconsin","Grant County",5,60,652,314,338
050,55,043,"Wisconsin","Grant County",5,61,662,323,339
050,55,043,"Wisconsin","Grant County",5,62,717,346,371
050,55,043,"Wisconsin","Grant County",5,63,707,369,338
050,55,043,"Wisconsin","Grant County",5,64,721,369,352
050,55,043,"Wisconsin","Grant County",5,65,681,337,344
050,55,043,"Wisconsin","Grant County",5,66,662,337,325
050,55,043,"Wisconsin","Grant County",5,67,639,318,321
050,55,043,"Wisconsin","Grant County",5,68,619,316,303
050,55,043,"Wisconsin","Grant County",5,69,607,297,310
050,55,043,"Wisconsin","Grant County",5,70,582,283,299
050,55,043,"Wisconsin","Grant County",5,71,551,284,267
050,55,043,"Wisconsin","Grant County",5,72,500,256,244
050,55,043,"Wisconsin","Grant County",5,73,466,217,249
050,55,043,"Wisconsin","Grant County",5,74,449,209,240
050,55,043,"Wisconsin","Grant County",5,75,403,195,208
050,55,043,"Wisconsin","Grant County",5,76,427,203,224
050,55,043,"Wisconsin","Grant County",5,77,296,140,156
050,55,043,"Wisconsin","Grant County",5,78,272,120,152
050,55,043,"Wisconsin","Grant County",5,79,278,119,159
050,55,043,"Wisconsin","Grant County",5,80,305,131,174
050,55,043,"Wisconsin","Grant County",5,81,253,114,139
050,55,043,"Wisconsin","Grant County",5,82,240,107,133
050,55,043,"Wisconsin","Grant County",5,83,208,85,123
050,55,043,"Wisconsin","Grant County",5,84,185,83,102
050,55,043,"Wisconsin","Grant County",5,85,1126,341,785
050,55,045,"Wisconsin","Green County",1,0,346,176,170
050,55,045,"Wisconsin","Green County",1,1,366,190,176
050,55,045,"Wisconsin","Green County",1,2,388,213,175
050,55,045,"Wisconsin","Green County",1,3,398,207,191
050,55,045,"Wisconsin","Green County",1,4,403,189,214
050,55,045,"Wisconsin","Green County",1,5,438,230,208
050,55,045,"Wisconsin","Green County",1,6,401,213,188
050,55,045,"Wisconsin","Green County",1,7,438,229,209
050,55,045,"Wisconsin","Green County",1,8,417,207,210
050,55,045,"Wisconsin","Green County",1,9,425,205,220
050,55,045,"Wisconsin","Green County",1,10,474,239,235
050,55,045,"Wisconsin","Green County",1,11,505,273,232
050,55,045,"Wisconsin","Green County",1,12,556,297,259
050,55,045,"Wisconsin","Green County",1,13,538,270,268
050,55,045,"Wisconsin","Green County",1,14,555,266,289
050,55,045,"Wisconsin","Green County",1,15,538,261,277
050,55,045,"Wisconsin","Green County",1,16,541,268,273
050,55,045,"Wisconsin","Green County",1,17,510,271,239
050,55,045,"Wisconsin","Green County",1,18,424,224,200
050,55,045,"Wisconsin","Green County",1,19,326,174,152
050,55,045,"Wisconsin","Green County",1,20,333,164,169
050,55,045,"Wisconsin","Green County",1,21,336,167,169
050,55,045,"Wisconsin","Green County",1,22,347,167,180
050,55,045,"Wisconsin","Green County",1,23,348,168,180
050,55,045,"Wisconsin","Green County",1,24,350,182,168
050,55,045,"Wisconsin","Green County",1,25,364,187,177
050,55,045,"Wisconsin","Green County",1,26,385,197,188
050,55,045,"Wisconsin","Green County",1,27,401,199,202
050,55,045,"Wisconsin","Green County",1,28,403,202,201
050,55,045,"Wisconsin","Green County",1,29,386,201,185
050,55,045,"Wisconsin","Green County",1,30,371,178,193
050,55,045,"Wisconsin","Green County",1,31,376,171,205
050,55,045,"Wisconsin","Green County",1,32,406,195,211
050,55,045,"Wisconsin","Green County",1,33,417,222,195
050,55,045,"Wisconsin","Green County",1,34,433,231,202
050,55,045,"Wisconsin","Green County",1,35,426,221,205
050,55,045,"Wisconsin","Green County",1,36,435,220,215
050,55,045,"Wisconsin","Green County",1,37,493,250,243
050,55,045,"Wisconsin","Green County",1,38,480,257,223
050,55,045,"Wisconsin","Green County",1,39,448,241,207
050,55,045,"Wisconsin","Green County",1,40,480,239,241
050,55,045,"Wisconsin","Green County",1,41,492,246,246
050,55,045,"Wisconsin","Green County",1,42,454,219,235
050,55,045,"Wisconsin","Green County",1,43,437,220,217
050,55,045,"Wisconsin","Green County",1,44,424,215,209
050,55,045,"Wisconsin","Green County",1,45,443,218,225
050,55,045,"Wisconsin","Green County",1,46,443,239,204
050,55,045,"Wisconsin","Green County",1,47,451,246,205
050,55,045,"Wisconsin","Green County",1,48,505,275,230
050,55,045,"Wisconsin","Green County",1,49,558,294,264
050,55,045,"Wisconsin","Green County",1,50,524,271,253
050,55,045,"Wisconsin","Green County",1,51,474,238,236
050,55,045,"Wisconsin","Green County",1,52,442,220,222
050,55,045,"Wisconsin","Green County",1,53,507,250,257
050,55,045,"Wisconsin","Green County",1,54,551,273,278
050,55,045,"Wisconsin","Green County",1,55,570,292,278
050,55,045,"Wisconsin","Green County",1,56,560,298,262
050,55,045,"Wisconsin","Green County",1,57,563,287,276
050,55,045,"Wisconsin","Green County",1,58,595,311,284
050,55,045,"Wisconsin","Green County",1,59,650,338,312
050,55,045,"Wisconsin","Green County",1,60,603,302,301
050,55,045,"Wisconsin","Green County",1,61,598,299,299
050,55,045,"Wisconsin","Green County",1,62,606,296,310
050,55,045,"Wisconsin","Green County",1,63,563,282,281
050,55,045,"Wisconsin","Green County",1,64,524,282,242
050,55,045,"Wisconsin","Green County",1,65,540,282,258
050,55,045,"Wisconsin","Green County",1,66,528,254,274
050,55,045,"Wisconsin","Green County",1,67,456,221,235
050,55,045,"Wisconsin","Green County",1,68,468,247,221
050,55,045,"Wisconsin","Green County",1,69,423,222,201
050,55,045,"Wisconsin","Green County",1,70,423,216,207
050,55,045,"Wisconsin","Green County",1,71,411,199,212
050,55,045,"Wisconsin","Green County",1,72,381,181,200
050,55,045,"Wisconsin","Green County",1,73,384,192,192
050,55,045,"Wisconsin","Green County",1,74,262,128,134
050,55,045,"Wisconsin","Green County",1,75,259,134,125
050,55,045,"Wisconsin","Green County",1,76,264,132,132
050,55,045,"Wisconsin","Green County",1,77,269,133,136
050,55,045,"Wisconsin","Green County",1,78,227,102,125
050,55,045,"Wisconsin","Green County",1,79,197,92,105
050,55,045,"Wisconsin","Green County",1,80,182,77,105
050,55,045,"Wisconsin","Green County",1,81,173,77,96
050,55,045,"Wisconsin","Green County",1,82,155,74,81
050,55,045,"Wisconsin","Green County",1,83,153,74,79
050,55,045,"Wisconsin","Green County",1,84,131,54,77
050,55,045,"Wisconsin","Green County",1,85,860,301,559
050,55,045,"Wisconsin","Green County",2,0,359,183,176
050,55,045,"Wisconsin","Green County",2,1,361,188,173
050,55,045,"Wisconsin","Green County",2,2,383,209,174
050,55,045,"Wisconsin","Green County",2,3,392,207,185
050,55,045,"Wisconsin","Green County",2,4,402,194,208
050,55,045,"Wisconsin","Green County",2,5,427,220,207
050,55,045,"Wisconsin","Green County",2,6,411,217,194
050,55,045,"Wisconsin","Green County",2,7,426,224,202
050,55,045,"Wisconsin","Green County",2,8,419,212,207
050,55,045,"Wisconsin","Green County",2,9,421,205,216
050,55,045,"Wisconsin","Green County",2,10,459,230,229
050,55,045,"Wisconsin","Green County",2,11,495,265,230
050,55,045,"Wisconsin","Green County",2,12,543,289,254
050,55,045,"Wisconsin","Green County",2,13,539,273,266
050,55,045,"Wisconsin","Green County",2,14,550,266,284
050,55,045,"Wisconsin","Green County",2,15,541,261,280
050,55,045,"Wisconsin","Green County",2,16,538,265,273
050,55,045,"Wisconsin","Green County",2,17,520,272,248
050,55,045,"Wisconsin","Green County",2,18,422,226,196
050,55,045,"Wisconsin","Green County",2,19,329,176,153
050,55,045,"Wisconsin","Green County",2,20,338,170,168
050,55,045,"Wisconsin","Green County",2,21,339,169,170
050,55,045,"Wisconsin","Green County",2,22,344,167,177
050,55,045,"Wisconsin","Green County",2,23,350,168,182
050,55,045,"Wisconsin","Green County",2,24,351,180,171
050,55,045,"Wisconsin","Green County",2,25,360,186,174
050,55,045,"Wisconsin","Green County",2,26,381,194,187
050,55,045,"Wisconsin","Green County",2,27,396,198,198
050,55,045,"Wisconsin","Green County",2,28,403,202,201
050,55,045,"Wisconsin","Green County",2,29,390,200,190
050,55,045,"Wisconsin","Green County",2,30,376,183,193
050,55,045,"Wisconsin","Green County",2,31,374,174,200
050,55,045,"Wisconsin","Green County",2,32,401,191,210
050,55,045,"Wisconsin","Green County",2,33,413,216,197
050,55,045,"Wisconsin","Green County",2,34,435,230,205
050,55,045,"Wisconsin","Green County",2,35,433,227,206
050,55,045,"Wisconsin","Green County",2,36,429,219,210
050,55,045,"Wisconsin","Green County",2,37,483,245,238
050,55,045,"Wisconsin","Green County",2,38,483,254,229
050,55,045,"Wisconsin","Green County",2,39,451,244,207
050,55,045,"Wisconsin","Green County",2,40,476,242,234
050,55,045,"Wisconsin","Green County",2,41,487,244,243
050,55,045,"Wisconsin","Green County",2,42,460,224,236
050,55,045,"Wisconsin","Green County",2,43,444,222,222
050,55,045,"Wisconsin","Green County",2,44,420,213,207
050,55,045,"Wisconsin","Green County",2,45,441,220,221
050,55,045,"Wisconsin","Green County",2,46,440,234,206
050,55,045,"Wisconsin","Green County",2,47,448,243,205
050,55,045,"Wisconsin","Green County",2,48,491,268,223
050,55,045,"Wisconsin","Green County",2,49,549,291,258
050,55,045,"Wisconsin","Green County",2,50,532,276,256
050,55,045,"Wisconsin","Green County",2,51,481,243,238
050,55,045,"Wisconsin","Green County",2,52,446,224,222
050,55,045,"Wisconsin","Green County",2,53,491,242,249
050,55,045,"Wisconsin","Green County",2,54,538,266,272
050,55,045,"Wisconsin","Green County",2,55,565,289,276
050,55,045,"Wisconsin","Green County",2,56,569,300,269
050,55,045,"Wisconsin","Green County",2,57,562,288,274
050,55,045,"Wisconsin","Green County",2,58,584,304,280
050,55,045,"Wisconsin","Green County",2,59,639,334,305
050,55,045,"Wisconsin","Green County",2,60,608,306,302
050,55,045,"Wisconsin","Green County",2,61,596,297,299
050,55,045,"Wisconsin","Green County",2,62,602,296,306
050,55,045,"Wisconsin","Green County",2,63,577,288,289
050,55,045,"Wisconsin","Green County",2,64,528,278,250
050,55,045,"Wisconsin","Green County",2,65,535,281,254
050,55,045,"Wisconsin","Green County",2,66,530,259,271
050,55,045,"Wisconsin","Green County",2,67,469,227,242
050,55,045,"Wisconsin","Green County",2,68,463,238,225
050,55,045,"Wisconsin","Green County",2,69,436,229,207
050,55,045,"Wisconsin","Green County",2,70,421,216,205
050,55,045,"Wisconsin","Green County",2,71,414,203,211
050,55,045,"Wisconsin","Green County",2,72,380,182,198
050,55,045,"Wisconsin","Green County",2,73,402,199,203
050,55,045,"Wisconsin","Green County",2,74,270,132,138
050,55,045,"Wisconsin","Green County",2,75,259,133,126
050,55,045,"Wisconsin","Green County",2,76,260,130,130
050,55,045,"Wisconsin","Green County",2,77,274,135,139
050,55,045,"Wisconsin","Green County",2,78,232,105,127
050,55,045,"Wisconsin","Green County",2,79,201,93,108
050,55,045,"Wisconsin","Green County",2,80,187,81,106
050,55,045,"Wisconsin","Green County",2,81,173,77,96
050,55,045,"Wisconsin","Green County",2,82,154,72,82
050,55,045,"Wisconsin","Green County",2,83,156,75,81
050,55,045,"Wisconsin","Green County",2,84,130,58,72
050,55,045,"Wisconsin","Green County",2,85,848,295,553
050,55,045,"Wisconsin","Green County",3,0,362,183,179
050,55,045,"Wisconsin","Green County",3,1,366,197,169
050,55,045,"Wisconsin","Green County",3,2,367,194,173
050,55,045,"Wisconsin","Green County",3,3,387,208,179
050,55,045,"Wisconsin","Green County",3,4,409,220,189
050,55,045,"Wisconsin","Green County",3,5,420,208,212
050,55,045,"Wisconsin","Green County",3,6,448,227,221
050,55,045,"Wisconsin","Green County",3,7,409,216,193
050,55,045,"Wisconsin","Green County",3,8,426,227,199
050,55,045,"Wisconsin","Green County",3,9,420,211,209
050,55,045,"Wisconsin","Green County",3,10,437,204,233
050,55,045,"Wisconsin","Green County",3,11,477,248,229
050,55,045,"Wisconsin","Green County",3,12,493,264,229
050,55,045,"Wisconsin","Green County",3,13,536,284,252
050,55,045,"Wisconsin","Green County",3,14,540,280,260
050,55,045,"Wisconsin","Green County",3,15,539,262,277
050,55,045,"Wisconsin","Green County",3,16,539,259,280
050,55,045,"Wisconsin","Green County",3,17,530,262,268
050,55,045,"Wisconsin","Green County",3,18,441,236,205
050,55,045,"Wisconsin","Green County",3,19,336,188,148
050,55,045,"Wisconsin","Green County",3,20,343,173,170
050,55,045,"Wisconsin","Green County",3,21,341,169,172
050,55,045,"Wisconsin","Green County",3,22,361,182,179
050,55,045,"Wisconsin","Green County",3,23,349,167,182
050,55,045,"Wisconsin","Green County",3,24,335,165,170
050,55,045,"Wisconsin","Green County",3,25,347,185,162
050,55,045,"Wisconsin","Green County",3,26,370,196,174
050,55,045,"Wisconsin","Green County",3,27,390,195,195
050,55,045,"Wisconsin","Green County",3,28,406,204,202
050,55,045,"Wisconsin","Green County",3,29,416,208,208
050,55,045,"Wisconsin","Green County",3,30,407,212,195
050,55,045,"Wisconsin","Green County",3,31,396,193,203
050,55,045,"Wisconsin","Green County",3,32,391,183,208
050,55,045,"Wisconsin","Green County",3,33,411,197,214
050,55,045,"Wisconsin","Green County",3,34,419,225,194
050,55,045,"Wisconsin","Green County",3,35,453,238,215
050,55,045,"Wisconsin","Green County",3,36,451,235,216
050,55,045,"Wisconsin","Green County",3,37,434,218,216
050,55,045,"Wisconsin","Green County",3,38,470,242,228
050,55,045,"Wisconsin","Green County",3,39,488,260,228
050,55,045,"Wisconsin","Green County",3,40,448,242,206
050,55,045,"Wisconsin","Green County",3,41,472,243,229
050,55,045,"Wisconsin","Green County",3,42,495,240,255
050,55,045,"Wisconsin","Green County",3,43,458,222,236
050,55,045,"Wisconsin","Green County",3,44,449,229,220
050,55,045,"Wisconsin","Green County",3,45,417,211,206
050,55,045,"Wisconsin","Green County",3,46,444,223,221
050,55,045,"Wisconsin","Green County",3,47,444,233,211
050,55,045,"Wisconsin","Green County",3,48,450,243,207
050,55,045,"Wisconsin","Green County",3,49,482,263,219
050,55,045,"Wisconsin","Green County",3,50,541,284,257
050,55,045,"Wisconsin","Green County",3,51,531,271,260
050,55,045,"Wisconsin","Green County",3,52,488,243,245
050,55,045,"Wisconsin","Green County",3,53,440,220,220
050,55,045,"Wisconsin","Green County",3,54,493,248,245
050,55,045,"Wisconsin","Green County",3,55,534,273,261
050,55,045,"Wisconsin","Green County",3,56,560,287,273
050,55,045,"Wisconsin","Green County",3,57,566,295,271
050,55,045,"Wisconsin","Green County",3,58,557,284,273
050,55,045,"Wisconsin","Green County",3,59,587,310,277
050,55,045,"Wisconsin","Green County",3,60,638,333,305
050,55,045,"Wisconsin","Green County",3,61,606,306,300
050,55,045,"Wisconsin","Green County",3,62,589,291,298
050,55,045,"Wisconsin","Green County",3,63,592,294,298
050,55,045,"Wisconsin","Green County",3,64,570,285,285
050,55,045,"Wisconsin","Green County",3,65,523,269,254
050,55,045,"Wisconsin","Green County",3,66,522,274,248
050,55,045,"Wisconsin","Green County",3,67,526,256,270
050,55,045,"Wisconsin","Green County",3,68,468,225,243
050,55,045,"Wisconsin","Green County",3,69,472,242,230
050,55,045,"Wisconsin","Green County",3,70,433,225,208
050,55,045,"Wisconsin","Green County",3,71,406,208,198
050,55,045,"Wisconsin","Green County",3,72,399,197,202
050,55,045,"Wisconsin","Green County",3,73,369,176,193
050,55,045,"Wisconsin","Green County",3,74,383,187,196
050,55,045,"Wisconsin","Green County",3,75,255,126,129
050,55,045,"Wisconsin","Green County",3,76,250,129,121
050,55,045,"Wisconsin","Green County",3,77,248,121,127
050,55,045,"Wisconsin","Green County",3,78,264,129,135
050,55,045,"Wisconsin","Green County",3,79,220,99,121
050,55,045,"Wisconsin","Green County",3,80,196,84,112
050,55,045,"Wisconsin","Green County",3,81,171,75,96
050,55,045,"Wisconsin","Green County",3,82,156,70,86
050,55,045,"Wisconsin","Green County",3,83,152,72,80
050,55,045,"Wisconsin","Green County",3,84,138,66,72
050,55,045,"Wisconsin","Green County",3,85,804,301,503
050,55,045,"Wisconsin","Green County",4,0,348,169,179
050,55,045,"Wisconsin","Green County",4,1,363,173,190
050,55,045,"Wisconsin","Green County",4,2,374,201,173
050,55,045,"Wisconsin","Green County",4,3,371,196,175
050,55,045,"Wisconsin","Green County",4,4,392,204,188
050,55,045,"Wisconsin","Green County",4,5,411,220,191
050,55,045,"Wisconsin","Green County",4,6,415,203,212
050,55,045,"Wisconsin","Green County",4,7,446,226,220
050,55,045,"Wisconsin","Green County",4,8,418,219,199
050,55,045,"Wisconsin","Green County",4,9,436,233,203
050,55,045,"Wisconsin","Green County",4,10,425,210,215
050,55,045,"Wisconsin","Green County",4,11,434,209,225
050,55,045,"Wisconsin","Green County",4,12,476,237,239
050,55,045,"Wisconsin","Green County",4,13,492,263,229
050,55,045,"Wisconsin","Green County",4,14,537,289,248
050,55,045,"Wisconsin","Green County",4,15,541,281,260
050,55,045,"Wisconsin","Green County",4,16,532,259,273
050,55,045,"Wisconsin","Green County",4,17,534,256,278
050,55,045,"Wisconsin","Green County",4,18,426,220,206
050,55,045,"Wisconsin","Green County",4,19,319,174,145
050,55,045,"Wisconsin","Green County",4,20,340,190,150
050,55,045,"Wisconsin","Green County",4,21,351,186,165
050,55,045,"Wisconsin","Green County",4,22,348,171,177
050,55,045,"Wisconsin","Green County",4,23,357,189,168
050,55,045,"Wisconsin","Green County",4,24,336,171,165
050,55,045,"Wisconsin","Green County",4,25,303,146,157
050,55,045,"Wisconsin","Green County",4,26,348,188,160
050,55,045,"Wisconsin","Green County",4,27,339,172,167
050,55,045,"Wisconsin","Green County",4,28,397,192,205
050,55,045,"Wisconsin","Green County",4,29,412,209,203
050,55,045,"Wisconsin","Green County",4,30,446,228,218
050,55,045,"Wisconsin","Green County",4,31,432,222,210
050,55,045,"Wisconsin","Green County",4,32,393,192,201
050,55,045,"Wisconsin","Green County",4,33,397,188,209
050,55,045,"Wisconsin","Green County",4,34,420,205,215
050,55,045,"Wisconsin","Green County",4,35,434,235,199
050,55,045,"Wisconsin","Green County",4,36,450,237,213
050,55,045,"Wisconsin","Green County",4,37,450,228,222
050,55,045,"Wisconsin","Green County",4,38,439,222,217
050,55,045,"Wisconsin","Green County",4,39,476,241,235
050,55,045,"Wisconsin","Green County",4,40,489,262,227
050,55,045,"Wisconsin","Green County",4,41,454,246,208
050,55,045,"Wisconsin","Green County",4,42,480,247,233
050,55,045,"Wisconsin","Green County",4,43,491,240,251
050,55,045,"Wisconsin","Green County",4,44,454,217,237
050,55,045,"Wisconsin","Green County",4,45,447,234,213
050,55,045,"Wisconsin","Green County",4,46,423,214,209
050,55,045,"Wisconsin","Green County",4,47,441,222,219
050,55,045,"Wisconsin","Green County",4,48,443,232,211
050,55,045,"Wisconsin","Green County",4,49,446,245,201
050,55,045,"Wisconsin","Green County",4,50,478,262,216
050,55,045,"Wisconsin","Green County",4,51,539,287,252
050,55,045,"Wisconsin","Green County",4,52,524,265,259
050,55,045,"Wisconsin","Green County",4,53,488,244,244
050,55,045,"Wisconsin","Green County",4,54,446,223,223
050,55,045,"Wisconsin","Green County",4,55,481,245,236
050,55,045,"Wisconsin","Green County",4,56,537,282,255
050,55,045,"Wisconsin","Green County",4,57,567,291,276
050,55,045,"Wisconsin","Green County",4,58,550,292,258
050,55,045,"Wisconsin","Green County",4,59,555,287,268
050,55,045,"Wisconsin","Green County",4,60,590,311,279
050,55,045,"Wisconsin","Green County",4,61,639,333,306
050,55,045,"Wisconsin","Green County",4,62,604,306,298
050,55,045,"Wisconsin","Green County",4,63,577,286,291
050,55,045,"Wisconsin","Green County",4,64,578,278,300
050,55,045,"Wisconsin","Green County",4,65,559,274,285
050,55,045,"Wisconsin","Green County",4,66,524,271,253
050,55,045,"Wisconsin","Green County",4,67,508,268,240
050,55,045,"Wisconsin","Green County",4,68,525,257,268
050,55,045,"Wisconsin","Green County",4,69,462,220,242
050,55,045,"Wisconsin","Green County",4,70,468,236,232
050,55,045,"Wisconsin","Green County",4,71,424,220,204
050,55,045,"Wisconsin","Green County",4,72,404,208,196
050,55,045,"Wisconsin","Green County",4,73,393,193,200
050,55,045,"Wisconsin","Green County",4,74,360,167,193
050,55,045,"Wisconsin","Green County",4,75,364,179,185
050,55,045,"Wisconsin","Green County",4,76,251,121,130
050,55,045,"Wisconsin","Green County",4,77,231,118,113
050,55,045,"Wisconsin","Green County",4,78,247,119,128
050,55,045,"Wisconsin","Green County",4,79,245,123,122
050,55,045,"Wisconsin","Green County",4,80,214,93,121
050,55,045,"Wisconsin","Green County",4,81,188,85,103
050,55,045,"Wisconsin","Green County",4,82,162,70,92
050,55,045,"Wisconsin","Green County",4,83,152,66,86
050,55,045,"Wisconsin","Green County",4,84,135,62,73
050,55,045,"Wisconsin","Green County",4,85,790,315,475
050,55,045,"Wisconsin","Green County",5,0,349,169,180
050,55,045,"Wisconsin","Green County",5,1,369,181,188
050,55,045,"Wisconsin","Green County",5,2,381,188,193
050,55,045,"Wisconsin","Green County",5,3,380,208,172
050,55,045,"Wisconsin","Green County",5,4,374,194,180
050,55,045,"Wisconsin","Green County",5,5,392,203,189
050,55,045,"Wisconsin","Green County",5,6,415,225,190
050,55,045,"Wisconsin","Green County",5,7,418,209,209
050,55,045,"Wisconsin","Green County",5,8,447,222,225
050,55,045,"Wisconsin","Green County",5,9,417,221,196
050,55,045,"Wisconsin","Green County",5,10,444,234,210
050,55,045,"Wisconsin","Green County",5,11,437,221,216
050,55,045,"Wisconsin","Green County",5,12,433,207,226
050,55,045,"Wisconsin","Green County",5,13,488,249,239
050,55,045,"Wisconsin","Green County",5,14,492,258,234
050,55,045,"Wisconsin","Green County",5,15,536,289,247
050,55,045,"Wisconsin","Green County",5,16,540,281,259
050,55,045,"Wisconsin","Green County",5,17,536,261,275
050,55,045,"Wisconsin","Green County",5,18,459,233,226
050,55,045,"Wisconsin","Green County",5,19,341,173,168
050,55,045,"Wisconsin","Green County",5,20,344,182,162
050,55,045,"Wisconsin","Green County",5,21,354,193,161
050,55,045,"Wisconsin","Green County",5,22,365,195,170
050,55,045,"Wisconsin","Green County",5,23,329,165,164
050,55,045,"Wisconsin","Green County",5,24,384,203,181
050,55,045,"Wisconsin","Green County",5,25,343,176,167
050,55,045,"Wisconsin","Green County",5,26,325,166,159
050,55,045,"Wisconsin","Green County",5,27,360,189,171
050,55,045,"Wisconsin","Green County",5,28,346,168,178
050,55,045,"Wisconsin","Green County",5,29,405,201,204
050,55,045,"Wisconsin","Green County",5,30,411,205,206
050,55,045,"Wisconsin","Green County",5,31,441,220,221
050,55,045,"Wisconsin","Green County",5,32,433,224,209
050,55,045,"Wisconsin","Green County",5,33,400,204,196
050,55,045,"Wisconsin","Green County",5,34,394,184,210
050,55,045,"Wisconsin","Green County",5,35,436,221,215
050,55,045,"Wisconsin","Green County",5,36,431,227,204
050,55,045,"Wisconsin","Green County",5,37,446,236,210
050,55,045,"Wisconsin","Green County",5,38,456,233,223
050,55,045,"Wisconsin","Green County",5,39,432,215,217
050,55,045,"Wisconsin","Green County",5,40,468,232,236
050,55,045,"Wisconsin","Green County",5,41,482,256,226
050,55,045,"Wisconsin","Green County",5,42,472,261,211
050,55,045,"Wisconsin","Green County",5,43,479,246,233
050,55,045,"Wisconsin","Green County",5,44,480,239,241
050,55,045,"Wisconsin","Green County",5,45,469,232,237
050,55,045,"Wisconsin","Green County",5,46,444,234,210
050,55,045,"Wisconsin","Green County",5,47,424,214,210
050,55,045,"Wisconsin","Green County",5,48,442,225,217
050,55,045,"Wisconsin","Green County",5,49,438,233,205
050,55,045,"Wisconsin","Green County",5,50,434,237,197
050,55,045,"Wisconsin","Green County",5,51,474,260,214
050,55,045,"Wisconsin","Green County",5,52,529,277,252
050,55,045,"Wisconsin","Green County",5,53,532,269,263
050,55,045,"Wisconsin","Green County",5,54,486,238,248
050,55,045,"Wisconsin","Green County",5,55,442,222,220
050,55,045,"Wisconsin","Green County",5,56,482,248,234
050,55,045,"Wisconsin","Green County",5,57,534,278,256
050,55,045,"Wisconsin","Green County",5,58,561,287,274
050,55,045,"Wisconsin","Green County",5,59,551,293,258
050,55,045,"Wisconsin","Green County",5,60,550,286,264
050,55,045,"Wisconsin","Green County",5,61,596,305,291
050,55,045,"Wisconsin","Green County",5,62,635,325,310
050,55,045,"Wisconsin","Green County",5,63,591,304,287
050,55,045,"Wisconsin","Green County",5,64,571,281,290
050,55,045,"Wisconsin","Green County",5,65,569,272,297
050,55,045,"Wisconsin","Green County",5,66,558,274,284
050,55,045,"Wisconsin","Green County",5,67,515,268,247
050,55,045,"Wisconsin","Green County",5,68,506,266,240
050,55,045,"Wisconsin","Green County",5,69,515,250,265
050,55,045,"Wisconsin","Green County",5,70,460,217,243
050,55,045,"Wisconsin","Green County",5,71,462,233,229
050,55,045,"Wisconsin","Green County",5,72,421,216,205
050,55,045,"Wisconsin","Green County",5,73,402,206,196
050,55,045,"Wisconsin","Green County",5,74,383,184,199
050,55,045,"Wisconsin","Green County",5,75,344,161,183
050,55,045,"Wisconsin","Green County",5,76,358,176,182
050,55,045,"Wisconsin","Green County",5,77,234,111,123
050,55,045,"Wisconsin","Green County",5,78,230,117,113
050,55,045,"Wisconsin","Green County",5,79,230,112,118
050,55,045,"Wisconsin","Green County",5,80,238,116,122
050,55,045,"Wisconsin","Green County",5,81,205,94,111
050,55,045,"Wisconsin","Green County",5,82,174,76,98
050,55,045,"Wisconsin","Green County",5,83,163,67,96
050,55,045,"Wisconsin","Green County",5,84,137,58,79
050,55,045,"Wisconsin","Green County",5,85,798,328,470
050,55,047,"Wisconsin","Green Lake County",1,0,195,101,94
050,55,047,"Wisconsin","Green Lake County",1,1,206,101,105
050,55,047,"Wisconsin","Green Lake County",1,2,216,98,118
050,55,047,"Wisconsin","Green Lake County",1,3,217,99,118
050,55,047,"Wisconsin","Green Lake County",1,4,230,120,110
050,55,047,"Wisconsin","Green Lake County",1,5,195,89,106
050,55,047,"Wisconsin","Green Lake County",1,6,223,107,116
050,55,047,"Wisconsin","Green Lake County",1,7,217,112,105
050,55,047,"Wisconsin","Green Lake County",1,8,222,101,121
050,55,047,"Wisconsin","Green Lake County",1,9,240,118,122
050,55,047,"Wisconsin","Green Lake County",1,10,246,133,113
050,55,047,"Wisconsin","Green Lake County",1,11,231,125,106
050,55,047,"Wisconsin","Green Lake County",1,12,244,136,108
050,55,047,"Wisconsin","Green Lake County",1,13,231,115,116
050,55,047,"Wisconsin","Green Lake County",1,14,260,142,118
050,55,047,"Wisconsin","Green Lake County",1,15,266,135,131
050,55,047,"Wisconsin","Green Lake County",1,16,288,151,137
050,55,047,"Wisconsin","Green Lake County",1,17,271,135,136
050,55,047,"Wisconsin","Green Lake County",1,18,228,126,102
050,55,047,"Wisconsin","Green Lake County",1,19,185,104,81
050,55,047,"Wisconsin","Green Lake County",1,20,196,119,77
050,55,047,"Wisconsin","Green Lake County",1,21,208,107,101
050,55,047,"Wisconsin","Green Lake County",1,22,205,105,100
050,55,047,"Wisconsin","Green Lake County",1,23,170,90,80
050,55,047,"Wisconsin","Green Lake County",1,24,162,96,66
050,55,047,"Wisconsin","Green Lake County",1,25,181,104,77
050,55,047,"Wisconsin","Green Lake County",1,26,189,99,90
050,55,047,"Wisconsin","Green Lake County",1,27,146,77,69
050,55,047,"Wisconsin","Green Lake County",1,28,184,92,92
050,55,047,"Wisconsin","Green Lake County",1,29,189,93,96
050,55,047,"Wisconsin","Green Lake County",1,30,181,99,82
050,55,047,"Wisconsin","Green Lake County",1,31,166,79,87
050,55,047,"Wisconsin","Green Lake County",1,32,173,89,84
050,55,047,"Wisconsin","Green Lake County",1,33,179,87,92
050,55,047,"Wisconsin","Green Lake County",1,34,210,104,106
050,55,047,"Wisconsin","Green Lake County",1,35,179,80,99
050,55,047,"Wisconsin","Green Lake County",1,36,211,112,99
050,55,047,"Wisconsin","Green Lake County",1,37,222,116,106
050,55,047,"Wisconsin","Green Lake County",1,38,209,113,96
050,55,047,"Wisconsin","Green Lake County",1,39,207,108,99
050,55,047,"Wisconsin","Green Lake County",1,40,225,116,109
050,55,047,"Wisconsin","Green Lake County",1,41,201,103,98
050,55,047,"Wisconsin","Green Lake County",1,42,206,99,107
050,55,047,"Wisconsin","Green Lake County",1,43,197,102,95
050,55,047,"Wisconsin","Green Lake County",1,44,203,113,90
050,55,047,"Wisconsin","Green Lake County",1,45,191,105,86
050,55,047,"Wisconsin","Green Lake County",1,46,191,107,84
050,55,047,"Wisconsin","Green Lake County",1,47,188,95,93
050,55,047,"Wisconsin","Green Lake County",1,48,234,122,112
050,55,047,"Wisconsin","Green Lake County",1,49,247,124,123
050,55,047,"Wisconsin","Green Lake County",1,50,220,114,106
050,55,047,"Wisconsin","Green Lake County",1,51,220,122,98
050,55,047,"Wisconsin","Green Lake County",1,52,230,122,108
050,55,047,"Wisconsin","Green Lake County",1,53,253,128,125
050,55,047,"Wisconsin","Green Lake County",1,54,264,133,131
050,55,047,"Wisconsin","Green Lake County",1,55,258,139,119
050,55,047,"Wisconsin","Green Lake County",1,56,300,160,140
050,55,047,"Wisconsin","Green Lake County",1,57,325,173,152
050,55,047,"Wisconsin","Green Lake County",1,58,327,174,153
050,55,047,"Wisconsin","Green Lake County",1,59,320,157,163
050,55,047,"Wisconsin","Green Lake County",1,60,291,143,148
050,55,047,"Wisconsin","Green Lake County",1,61,320,147,173
050,55,047,"Wisconsin","Green Lake County",1,62,321,164,157
050,55,047,"Wisconsin","Green Lake County",1,63,316,165,151
050,55,047,"Wisconsin","Green Lake County",1,64,298,159,139
050,55,047,"Wisconsin","Green Lake County",1,65,299,154,145
050,55,047,"Wisconsin","Green Lake County",1,66,305,149,156
050,55,047,"Wisconsin","Green Lake County",1,67,299,148,151
050,55,047,"Wisconsin","Green Lake County",1,68,274,145,129
050,55,047,"Wisconsin","Green Lake County",1,69,249,136,113
050,55,047,"Wisconsin","Green Lake County",1,70,238,129,109
050,55,047,"Wisconsin","Green Lake County",1,71,241,115,126
050,55,047,"Wisconsin","Green Lake County",1,72,234,112,122
050,55,047,"Wisconsin","Green Lake County",1,73,234,116,118
050,55,047,"Wisconsin","Green Lake County",1,74,170,85,85
050,55,047,"Wisconsin","Green Lake County",1,75,170,74,96
050,55,047,"Wisconsin","Green Lake County",1,76,176,84,92
050,55,047,"Wisconsin","Green Lake County",1,77,176,85,91
050,55,047,"Wisconsin","Green Lake County",1,78,138,62,76
050,55,047,"Wisconsin","Green Lake County",1,79,125,53,72
050,55,047,"Wisconsin","Green Lake County",1,80,108,48,60
050,55,047,"Wisconsin","Green Lake County",1,81,111,53,58
050,55,047,"Wisconsin","Green Lake County",1,82,100,51,49
050,55,047,"Wisconsin","Green Lake County",1,83,92,40,52
050,55,047,"Wisconsin","Green Lake County",1,84,85,37,48
050,55,047,"Wisconsin","Green Lake County",1,85,468,172,296
050,55,047,"Wisconsin","Green Lake County",2,0,193,103,90
050,55,047,"Wisconsin","Green Lake County",2,1,204,101,103
050,55,047,"Wisconsin","Green Lake County",2,2,212,98,114
050,55,047,"Wisconsin","Green Lake County",2,3,214,98,116
050,55,047,"Wisconsin","Green Lake County",2,4,227,114,113
050,55,047,"Wisconsin","Green Lake County",2,5,204,97,107
050,55,047,"Wisconsin","Green Lake County",2,6,217,103,114
050,55,047,"Wisconsin","Green Lake County",2,7,220,112,108
050,55,047,"Wisconsin","Green Lake County",2,8,222,103,119
050,55,047,"Wisconsin","Green Lake County",2,9,234,113,121
050,55,047,"Wisconsin","Green Lake County",2,10,245,129,116
050,55,047,"Wisconsin","Green Lake County",2,11,235,128,107
050,55,047,"Wisconsin","Green Lake County",2,12,244,135,109
050,55,047,"Wisconsin","Green Lake County",2,13,234,120,114
050,55,047,"Wisconsin","Green Lake County",2,14,254,135,119
050,55,047,"Wisconsin","Green Lake County",2,15,267,137,130
050,55,047,"Wisconsin","Green Lake County",2,16,281,146,135
050,55,047,"Wisconsin","Green Lake County",2,17,276,141,135
050,55,047,"Wisconsin","Green Lake County",2,18,230,126,104
050,55,047,"Wisconsin","Green Lake County",2,19,182,101,81
050,55,047,"Wisconsin","Green Lake County",2,20,202,120,82
050,55,047,"Wisconsin","Green Lake County",2,21,203,109,94
050,55,047,"Wisconsin","Green Lake County",2,22,203,104,99
050,55,047,"Wisconsin","Green Lake County",2,23,176,95,81
050,55,047,"Wisconsin","Green Lake County",2,24,164,95,69
050,55,047,"Wisconsin","Green Lake County",2,25,176,102,74
050,55,047,"Wisconsin","Green Lake County",2,26,186,100,86
050,55,047,"Wisconsin","Green Lake County",2,27,157,83,74
050,55,047,"Wisconsin","Green Lake County",2,28,180,91,89
050,55,047,"Wisconsin","Green Lake County",2,29,188,93,95
050,55,047,"Wisconsin","Green Lake County",2,30,184,99,85
050,55,047,"Wisconsin","Green Lake County",2,31,169,84,85
050,55,047,"Wisconsin","Green Lake County",2,32,173,88,85
050,55,047,"Wisconsin","Green Lake County",2,33,179,88,91
050,55,047,"Wisconsin","Green Lake County",2,34,203,99,104
050,55,047,"Wisconsin","Green Lake County",2,35,184,86,98
050,55,047,"Wisconsin","Green Lake County",2,36,202,103,99
050,55,047,"Wisconsin","Green Lake County",2,37,220,116,104
050,55,047,"Wisconsin","Green Lake County",2,38,214,115,99
050,55,047,"Wisconsin","Green Lake County",2,39,206,107,99
050,55,047,"Wisconsin","Green Lake County",2,40,223,116,107
050,55,047,"Wisconsin","Green Lake County",2,41,207,105,102
050,55,047,"Wisconsin","Green Lake County",2,42,205,99,106
050,55,047,"Wisconsin","Green Lake County",2,43,202,104,98
050,55,047,"Wisconsin","Green Lake County",2,44,201,109,92
050,55,047,"Wisconsin","Green Lake County",2,45,198,109,89
050,55,047,"Wisconsin","Green Lake County",2,46,190,106,84
050,55,047,"Wisconsin","Green Lake County",2,47,188,98,90
050,55,047,"Wisconsin","Green Lake County",2,48,224,116,108
050,55,047,"Wisconsin","Green Lake County",2,49,245,123,122
050,55,047,"Wisconsin","Green Lake County",2,50,228,116,112
050,55,047,"Wisconsin","Green Lake County",2,51,217,119,98
050,55,047,"Wisconsin","Green Lake County",2,52,226,122,104
050,55,047,"Wisconsin","Green Lake County",2,53,245,125,120
050,55,047,"Wisconsin","Green Lake County",2,54,259,131,128
050,55,047,"Wisconsin","Green Lake County",2,55,261,138,123
050,55,047,"Wisconsin","Green Lake County",2,56,291,154,137
050,55,047,"Wisconsin","Green Lake County",2,57,322,171,151
050,55,047,"Wisconsin","Green Lake County",2,58,323,173,150
050,55,047,"Wisconsin","Green Lake County",2,59,324,161,163
050,55,047,"Wisconsin","Green Lake County",2,60,298,145,153
050,55,047,"Wisconsin","Green Lake County",2,61,311,145,166
050,55,047,"Wisconsin","Green Lake County",2,62,320,160,160
050,55,047,"Wisconsin","Green Lake County",2,63,321,166,155
050,55,047,"Wisconsin","Green Lake County",2,64,304,160,144
050,55,047,"Wisconsin","Green Lake County",2,65,301,157,144
050,55,047,"Wisconsin","Green Lake County",2,66,304,151,153
050,55,047,"Wisconsin","Green Lake County",2,67,302,149,153
050,55,047,"Wisconsin","Green Lake County",2,68,277,145,132
050,55,047,"Wisconsin","Green Lake County",2,69,255,139,116
050,55,047,"Wisconsin","Green Lake County",2,70,241,131,110
050,55,047,"Wisconsin","Green Lake County",2,71,241,120,121
050,55,047,"Wisconsin","Green Lake County",2,72,230,110,120
050,55,047,"Wisconsin","Green Lake County",2,73,241,120,121
050,55,047,"Wisconsin","Green Lake County",2,74,175,87,88
050,55,047,"Wisconsin","Green Lake County",2,75,171,77,94
050,55,047,"Wisconsin","Green Lake County",2,76,173,81,92
050,55,047,"Wisconsin","Green Lake County",2,77,178,86,92
050,55,047,"Wisconsin","Green Lake County",2,78,144,66,78
050,55,047,"Wisconsin","Green Lake County",2,79,127,54,73
050,55,047,"Wisconsin","Green Lake County",2,80,112,49,63
050,55,047,"Wisconsin","Green Lake County",2,81,106,50,56
050,55,047,"Wisconsin","Green Lake County",2,82,103,51,52
050,55,047,"Wisconsin","Green Lake County",2,83,89,38,51
050,55,047,"Wisconsin","Green Lake County",2,84,85,38,47
050,55,047,"Wisconsin","Green Lake County",2,85,465,171,294
050,55,047,"Wisconsin","Green Lake County",3,0,189,98,91
050,55,047,"Wisconsin","Green Lake County",3,1,181,98,83
050,55,047,"Wisconsin","Green Lake County",3,2,228,121,107
050,55,047,"Wisconsin","Green Lake County",3,3,221,108,113
050,55,047,"Wisconsin","Green Lake County",3,4,222,98,124
050,55,047,"Wisconsin","Green Lake County",3,5,229,109,120
050,55,047,"Wisconsin","Green Lake County",3,6,205,102,103
050,55,047,"Wisconsin","Green Lake County",3,7,223,105,118
050,55,047,"Wisconsin","Green Lake County",3,8,224,114,110
050,55,047,"Wisconsin","Green Lake County",3,9,227,108,119
050,55,047,"Wisconsin","Green Lake County",3,10,247,121,126
050,55,047,"Wisconsin","Green Lake County",3,11,243,126,117
050,55,047,"Wisconsin","Green Lake County",3,12,237,126,111
050,55,047,"Wisconsin","Green Lake County",3,13,245,136,109
050,55,047,"Wisconsin","Green Lake County",3,14,249,124,125
050,55,047,"Wisconsin","Green Lake County",3,15,254,134,120
050,55,047,"Wisconsin","Green Lake County",3,16,268,143,125
050,55,047,"Wisconsin","Green Lake County",3,17,281,145,136
050,55,047,"Wisconsin","Green Lake County",3,18,241,129,112
050,55,047,"Wisconsin","Green Lake County",3,19,182,91,91
050,55,047,"Wisconsin","Green Lake County",3,20,194,114,80
050,55,047,"Wisconsin","Green Lake County",3,21,213,118,95
050,55,047,"Wisconsin","Green Lake County",3,22,205,109,96
050,55,047,"Wisconsin","Green Lake County",3,23,216,117,99
050,55,047,"Wisconsin","Green Lake County",3,24,165,91,74
050,55,047,"Wisconsin","Green Lake County",3,25,169,82,87
050,55,047,"Wisconsin","Green Lake County",3,26,190,109,81
050,55,047,"Wisconsin","Green Lake County",3,27,183,102,81
050,55,047,"Wisconsin","Green Lake County",3,28,178,88,90
050,55,047,"Wisconsin","Green Lake County",3,29,178,90,88
050,55,047,"Wisconsin","Green Lake County",3,30,208,104,104
050,55,047,"Wisconsin","Green Lake County",3,31,195,99,96
050,55,047,"Wisconsin","Green Lake County",3,32,174,90,84
050,55,047,"Wisconsin","Green Lake County",3,33,180,90,90
050,55,047,"Wisconsin","Green Lake County",3,34,193,94,99
050,55,047,"Wisconsin","Green Lake County",3,35,209,106,103
050,55,047,"Wisconsin","Green Lake County",3,36,187,86,101
050,55,047,"Wisconsin","Green Lake County",3,37,216,113,103
050,55,047,"Wisconsin","Green Lake County",3,38,218,115,103
050,55,047,"Wisconsin","Green Lake County",3,39,217,118,99
050,55,047,"Wisconsin","Green Lake County",3,40,203,105,98
050,55,047,"Wisconsin","Green Lake County",3,41,228,112,116
050,55,047,"Wisconsin","Green Lake County",3,42,208,103,105
050,55,047,"Wisconsin","Green Lake County",3,43,206,99,107
050,55,047,"Wisconsin","Green Lake County",3,44,195,103,92
050,55,047,"Wisconsin","Green Lake County",3,45,203,108,95
050,55,047,"Wisconsin","Green Lake County",3,46,198,111,87
050,55,047,"Wisconsin","Green Lake County",3,47,200,112,88
050,55,047,"Wisconsin","Green Lake County",3,48,190,98,92
050,55,047,"Wisconsin","Green Lake County",3,49,232,125,107
050,55,047,"Wisconsin","Green Lake County",3,50,252,123,129
050,55,047,"Wisconsin","Green Lake County",3,51,232,120,112
050,55,047,"Wisconsin","Green Lake County",3,52,226,119,107
050,55,047,"Wisconsin","Green Lake County",3,53,235,123,112
050,55,047,"Wisconsin","Green Lake County",3,54,244,129,115
050,55,047,"Wisconsin","Green Lake County",3,55,259,130,129
050,55,047,"Wisconsin","Green Lake County",3,56,264,138,126
050,55,047,"Wisconsin","Green Lake County",3,57,287,154,133
050,55,047,"Wisconsin","Green Lake County",3,58,333,177,156
050,55,047,"Wisconsin","Green Lake County",3,59,329,181,148
050,55,047,"Wisconsin","Green Lake County",3,60,332,167,165
050,55,047,"Wisconsin","Green Lake County",3,61,300,140,160
050,55,047,"Wisconsin","Green Lake County",3,62,318,149,169
050,55,047,"Wisconsin","Green Lake County",3,63,321,159,162
050,55,047,"Wisconsin","Green Lake County",3,64,323,167,156
050,55,047,"Wisconsin","Green Lake County",3,65,310,162,148
050,55,047,"Wisconsin","Green Lake County",3,66,304,152,152
050,55,047,"Wisconsin","Green Lake County",3,67,299,149,150
050,55,047,"Wisconsin","Green Lake County",3,68,304,147,157
050,55,047,"Wisconsin","Green Lake County",3,69,275,147,128
050,55,047,"Wisconsin","Green Lake County",3,70,257,138,119
050,55,047,"Wisconsin","Green Lake County",3,71,239,132,107
050,55,047,"Wisconsin","Green Lake County",3,72,232,114,118
050,55,047,"Wisconsin","Green Lake County",3,73,218,106,112
050,55,047,"Wisconsin","Green Lake County",3,74,241,118,123
050,55,047,"Wisconsin","Green Lake County",3,75,171,88,83
050,55,047,"Wisconsin","Green Lake County",3,76,169,75,94
050,55,047,"Wisconsin","Green Lake County",3,77,167,79,88
050,55,047,"Wisconsin","Green Lake County",3,78,172,82,90
050,55,047,"Wisconsin","Green Lake County",3,79,139,61,78
050,55,047,"Wisconsin","Green Lake County",3,80,118,49,69
050,55,047,"Wisconsin","Green Lake County",3,81,106,45,61
050,55,047,"Wisconsin","Green Lake County",3,82,98,43,55
050,55,047,"Wisconsin","Green Lake County",3,83,101,49,52
050,55,047,"Wisconsin","Green Lake County",3,84,77,32,45
050,55,047,"Wisconsin","Green Lake County",3,85,450,162,288
050,55,047,"Wisconsin","Green Lake County",4,0,206,107,99
050,55,047,"Wisconsin","Green Lake County",4,1,198,113,85
050,55,047,"Wisconsin","Green Lake County",4,2,183,95,88
050,55,047,"Wisconsin","Green Lake County",4,3,225,112,113
050,55,047,"Wisconsin","Green Lake County",4,4,221,108,113
050,55,047,"Wisconsin","Green Lake County",4,5,224,101,123
050,55,047,"Wisconsin","Green Lake County",4,6,230,106,124
050,55,047,"Wisconsin","Green Lake County",4,7,210,109,101
050,55,047,"Wisconsin","Green Lake County",4,8,217,104,113
050,55,047,"Wisconsin","Green Lake County",4,9,238,127,111
050,55,047,"Wisconsin","Green Lake County",4,10,235,111,124
050,55,047,"Wisconsin","Green Lake County",4,11,253,125,128
050,55,047,"Wisconsin","Green Lake County",4,12,241,128,113
050,55,047,"Wisconsin","Green Lake County",4,13,235,129,106
050,55,047,"Wisconsin","Green Lake County",4,14,249,139,110
050,55,047,"Wisconsin","Green Lake County",4,15,252,127,125
050,55,047,"Wisconsin","Green Lake County",4,16,263,128,135
050,55,047,"Wisconsin","Green Lake County",4,17,259,135,124
050,55,047,"Wisconsin","Green Lake County",4,18,243,131,112
050,55,047,"Wisconsin","Green Lake County",4,19,184,102,82
050,55,047,"Wisconsin","Green Lake County",4,20,193,104,89
050,55,047,"Wisconsin","Green Lake County",4,21,185,110,75
050,55,047,"Wisconsin","Green Lake County",4,22,212,120,92
050,55,047,"Wisconsin","Green Lake County",4,23,207,109,98
050,55,047,"Wisconsin","Green Lake County",4,24,209,112,97
050,55,047,"Wisconsin","Green Lake County",4,25,161,85,76
050,55,047,"Wisconsin","Green Lake County",4,26,172,82,90
050,55,047,"Wisconsin","Green Lake County",4,27,177,100,77
050,55,047,"Wisconsin","Green Lake County",4,28,187,105,82
050,55,047,"Wisconsin","Green Lake County",4,29,161,81,80
050,55,047,"Wisconsin","Green Lake County",4,30,163,86,77
050,55,047,"Wisconsin","Green Lake County",4,31,205,96,109
050,55,047,"Wisconsin","Green Lake County",4,32,189,99,90
050,55,047,"Wisconsin","Green Lake County",4,33,181,93,88
050,55,047,"Wisconsin","Green Lake County",4,34,195,90,105
050,55,047,"Wisconsin","Green Lake County",4,35,194,92,102
050,55,047,"Wisconsin","Green Lake County",4,36,214,114,100
050,55,047,"Wisconsin","Green Lake County",4,37,195,96,99
050,55,047,"Wisconsin","Green Lake County",4,38,212,104,108
050,55,047,"Wisconsin","Green Lake County",4,39,219,112,107
050,55,047,"Wisconsin","Green Lake County",4,40,223,119,104
050,55,047,"Wisconsin","Green Lake County",4,41,203,106,97
050,55,047,"Wisconsin","Green Lake County",4,42,224,115,109
050,55,047,"Wisconsin","Green Lake County",4,43,209,104,105
050,55,047,"Wisconsin","Green Lake County",4,44,208,102,106
050,55,047,"Wisconsin","Green Lake County",4,45,198,105,93
050,55,047,"Wisconsin","Green Lake County",4,46,209,111,98
050,55,047,"Wisconsin","Green Lake County",4,47,192,107,85
050,55,047,"Wisconsin","Green Lake County",4,48,201,112,89
050,55,047,"Wisconsin","Green Lake County",4,49,184,90,94
050,55,047,"Wisconsin","Green Lake County",4,50,228,125,103
050,55,047,"Wisconsin","Green Lake County",4,51,249,119,130
050,55,047,"Wisconsin","Green Lake County",4,52,236,125,111
050,55,047,"Wisconsin","Green Lake County",4,53,226,119,107
050,55,047,"Wisconsin","Green Lake County",4,54,238,124,114
050,55,047,"Wisconsin","Green Lake County",4,55,243,127,116
050,55,047,"Wisconsin","Green Lake County",4,56,262,127,135
050,55,047,"Wisconsin","Green Lake County",4,57,268,138,130
050,55,047,"Wisconsin","Green Lake County",4,58,289,154,135
050,55,047,"Wisconsin","Green Lake County",4,59,345,183,162
050,55,047,"Wisconsin","Green Lake County",4,60,339,183,156
050,55,047,"Wisconsin","Green Lake County",4,61,332,172,160
050,55,047,"Wisconsin","Green Lake County",4,62,307,144,163
050,55,047,"Wisconsin","Green Lake County",4,63,317,149,168
050,55,047,"Wisconsin","Green Lake County",4,64,323,160,163
050,55,047,"Wisconsin","Green Lake County",4,65,319,159,160
050,55,047,"Wisconsin","Green Lake County",4,66,291,152,139
050,55,047,"Wisconsin","Green Lake County",4,67,305,154,151
050,55,047,"Wisconsin","Green Lake County",4,68,294,141,153
050,55,047,"Wisconsin","Green Lake County",4,69,305,147,158
050,55,047,"Wisconsin","Green Lake County",4,70,277,151,126
050,55,047,"Wisconsin","Green Lake County",4,71,259,138,121
050,55,047,"Wisconsin","Green Lake County",4,72,240,130,110
050,55,047,"Wisconsin","Green Lake County",4,73,232,116,116
050,55,047,"Wisconsin","Green Lake County",4,74,220,104,116
050,55,047,"Wisconsin","Green Lake County",4,75,233,114,119
050,55,047,"Wisconsin","Green Lake County",4,76,169,89,80
050,55,047,"Wisconsin","Green Lake County",4,77,154,70,84
050,55,047,"Wisconsin","Green Lake County",4,78,162,78,84
050,55,047,"Wisconsin","Green Lake County",4,79,167,77,90
050,55,047,"Wisconsin","Green Lake County",4,80,127,56,71
050,55,047,"Wisconsin","Green Lake County",4,81,106,44,62
050,55,047,"Wisconsin","Green Lake County",4,82,102,39,63
050,55,047,"Wisconsin","Green Lake County",4,83,90,34,56
050,55,047,"Wisconsin","Green Lake County",4,84,85,40,45
050,55,047,"Wisconsin","Green Lake County",4,85,421,147,274
050,55,047,"Wisconsin","Green Lake County",5,0,205,104,101
050,55,047,"Wisconsin","Green Lake County",5,1,211,107,104
050,55,047,"Wisconsin","Green Lake County",5,2,189,104,85
050,55,047,"Wisconsin","Green Lake County",5,3,187,96,91
050,55,047,"Wisconsin","Green Lake County",5,4,224,111,113
050,55,047,"Wisconsin","Green Lake County",5,5,225,114,111
050,55,047,"Wisconsin","Green Lake County",5,6,232,95,137
050,55,047,"Wisconsin","Green Lake County",5,7,246,114,132
050,55,047,"Wisconsin","Green Lake County",5,8,227,116,111
050,55,047,"Wisconsin","Green Lake County",5,9,228,109,119
050,55,047,"Wisconsin","Green Lake County",5,10,255,129,126
050,55,047,"Wisconsin","Green Lake County",5,11,246,120,126
050,55,047,"Wisconsin","Green Lake County",5,12,254,122,132
050,55,047,"Wisconsin","Green Lake County",5,13,257,132,125
050,55,047,"Wisconsin","Green Lake County",5,14,247,130,117
050,55,047,"Wisconsin","Green Lake County",5,15,252,139,113
050,55,047,"Wisconsin","Green Lake County",5,16,254,124,130
050,55,047,"Wisconsin","Green Lake County",5,17,266,132,134
050,55,047,"Wisconsin","Green Lake County",5,18,229,122,107
050,55,047,"Wisconsin","Green Lake County",5,19,172,95,77
050,55,047,"Wisconsin","Green Lake County",5,20,199,109,90
050,55,047,"Wisconsin","Green Lake County",5,21,185,92,93
050,55,047,"Wisconsin","Green Lake County",5,22,195,106,89
050,55,047,"Wisconsin","Green Lake County",5,23,207,121,86
050,55,047,"Wisconsin","Green Lake County",5,24,220,116,104
050,55,047,"Wisconsin","Green Lake County",5,25,219,117,102
050,55,047,"Wisconsin","Green Lake County",5,26,171,94,77
050,55,047,"Wisconsin","Green Lake County",5,27,160,77,83
050,55,047,"Wisconsin","Green Lake County",5,28,172,98,74
050,55,047,"Wisconsin","Green Lake County",5,29,188,112,76
050,55,047,"Wisconsin","Green Lake County",5,30,169,86,83
050,55,047,"Wisconsin","Green Lake County",5,31,160,78,82
050,55,047,"Wisconsin","Green Lake County",5,32,212,100,112
050,55,047,"Wisconsin","Green Lake County",5,33,195,102,93
050,55,047,"Wisconsin","Green Lake County",5,34,188,96,92
050,55,047,"Wisconsin","Green Lake County",5,35,193,93,100
050,55,047,"Wisconsin","Green Lake County",5,36,196,96,100
050,55,047,"Wisconsin","Green Lake County",5,37,223,118,105
050,55,047,"Wisconsin","Green Lake County",5,38,193,94,99
050,55,047,"Wisconsin","Green Lake County",5,39,213,104,109
050,55,047,"Wisconsin","Green Lake County",5,40,232,120,112
050,55,047,"Wisconsin","Green Lake County",5,41,223,118,105
050,55,047,"Wisconsin","Green Lake County",5,42,197,103,94
050,55,047,"Wisconsin","Green Lake County",5,43,230,115,115
050,55,047,"Wisconsin","Green Lake County",5,44,221,112,109
050,55,047,"Wisconsin","Green Lake County",5,45,211,104,107
050,55,047,"Wisconsin","Green Lake County",5,46,196,102,94
050,55,047,"Wisconsin","Green Lake County",5,47,202,107,95
050,55,047,"Wisconsin","Green Lake County",5,48,200,113,87
050,55,047,"Wisconsin","Green Lake County",5,49,198,105,93
050,55,047,"Wisconsin","Green Lake County",5,50,189,87,102
050,55,047,"Wisconsin","Green Lake County",5,51,230,124,106
050,55,047,"Wisconsin","Green Lake County",5,52,260,125,135
050,55,047,"Wisconsin","Green Lake County",5,53,230,120,110
050,55,047,"Wisconsin","Green Lake County",5,54,228,117,111
050,55,047,"Wisconsin","Green Lake County",5,55,242,127,115
050,55,047,"Wisconsin","Green Lake County",5,56,245,125,120
050,55,047,"Wisconsin","Green Lake County",5,57,275,130,145
050,55,047,"Wisconsin","Green Lake County",5,58,273,140,133
050,55,047,"Wisconsin","Green Lake County",5,59,295,159,136
050,55,047,"Wisconsin","Green Lake County",5,60,345,185,160
050,55,047,"Wisconsin","Green Lake County",5,61,339,183,156
050,55,047,"Wisconsin","Green Lake County",5,62,331,169,162
050,55,047,"Wisconsin","Green Lake County",5,63,300,146,154
050,55,047,"Wisconsin","Green Lake County",5,64,329,152,177
050,55,047,"Wisconsin","Green Lake County",5,65,324,159,165
050,55,047,"Wisconsin","Green Lake County",5,66,316,158,158
050,55,047,"Wisconsin","Green Lake County",5,67,287,152,135
050,55,047,"Wisconsin","Green Lake County",5,68,306,152,154
050,55,047,"Wisconsin","Green Lake County",5,69,290,135,155
050,55,047,"Wisconsin","Green Lake County",5,70,293,141,152
050,55,047,"Wisconsin","Green Lake County",5,71,272,151,121
050,55,047,"Wisconsin","Green Lake County",5,72,253,135,118
050,55,047,"Wisconsin","Green Lake County",5,73,234,124,110
050,55,047,"Wisconsin","Green Lake County",5,74,225,111,114
050,55,047,"Wisconsin","Green Lake County",5,75,213,100,113
050,55,047,"Wisconsin","Green Lake County",5,76,229,110,119
050,55,047,"Wisconsin","Green Lake County",5,77,160,85,75
050,55,047,"Wisconsin","Green Lake County",5,78,147,68,79
050,55,047,"Wisconsin","Green Lake County",5,79,160,75,85
050,55,047,"Wisconsin","Green Lake County",5,80,159,77,82
050,55,047,"Wisconsin","Green Lake County",5,81,115,50,65
050,55,047,"Wisconsin","Green Lake County",5,82,100,37,63
050,55,047,"Wisconsin","Green Lake County",5,83,91,30,61
050,55,047,"Wisconsin","Green Lake County",5,84,78,27,51
050,55,047,"Wisconsin","Green Lake County",5,85,407,136,271
050,55,049,"Wisconsin","Iowa County",1,0,242,123,119
050,55,049,"Wisconsin","Iowa County",1,1,239,129,110
050,55,049,"Wisconsin","Iowa County",1,2,246,127,119
050,55,049,"Wisconsin","Iowa County",1,3,279,148,131
050,55,049,"Wisconsin","Iowa County",1,4,273,139,134
050,55,049,"Wisconsin","Iowa County",1,5,225,108,117
050,55,049,"Wisconsin","Iowa County",1,6,272,144,128
050,55,049,"Wisconsin","Iowa County",1,7,283,143,140
050,55,049,"Wisconsin","Iowa County",1,8,289,154,135
050,55,049,"Wisconsin","Iowa County",1,9,302,156,146
050,55,049,"Wisconsin","Iowa County",1,10,340,173,167
050,55,049,"Wisconsin","Iowa County",1,11,331,180,151
050,55,049,"Wisconsin","Iowa County",1,12,334,175,159
050,55,049,"Wisconsin","Iowa County",1,13,342,177,165
050,55,049,"Wisconsin","Iowa County",1,14,333,166,167
050,55,049,"Wisconsin","Iowa County",1,15,315,160,155
050,55,049,"Wisconsin","Iowa County",1,16,332,167,165
050,55,049,"Wisconsin","Iowa County",1,17,322,160,162
050,55,049,"Wisconsin","Iowa County",1,18,274,148,126
050,55,049,"Wisconsin","Iowa County",1,19,202,112,90
050,55,049,"Wisconsin","Iowa County",1,20,217,115,102
050,55,049,"Wisconsin","Iowa County",1,21,220,122,98
050,55,049,"Wisconsin","Iowa County",1,22,224,117,107
050,55,049,"Wisconsin","Iowa County",1,23,236,114,122
050,55,049,"Wisconsin","Iowa County",1,24,227,118,109
050,55,049,"Wisconsin","Iowa County",1,25,211,106,105
050,55,049,"Wisconsin","Iowa County",1,26,227,130,97
050,55,049,"Wisconsin","Iowa County",1,27,237,133,104
050,55,049,"Wisconsin","Iowa County",1,28,242,126,116
050,55,049,"Wisconsin","Iowa County",1,29,227,109,118
050,55,049,"Wisconsin","Iowa County",1,30,242,110,132
050,55,049,"Wisconsin","Iowa County",1,31,264,130,134
050,55,049,"Wisconsin","Iowa County",1,32,263,131,132
050,55,049,"Wisconsin","Iowa County",1,33,295,158,137
050,55,049,"Wisconsin","Iowa County",1,34,278,153,125
050,55,049,"Wisconsin","Iowa County",1,35,291,148,143
050,55,049,"Wisconsin","Iowa County",1,36,287,143,144
050,55,049,"Wisconsin","Iowa County",1,37,310,156,154
050,55,049,"Wisconsin","Iowa County",1,38,301,156,145
050,55,049,"Wisconsin","Iowa County",1,39,286,154,132
050,55,049,"Wisconsin","Iowa County",1,40,311,164,147
050,55,049,"Wisconsin","Iowa County",1,41,291,150,141
050,55,049,"Wisconsin","Iowa County",1,42,267,138,129
050,55,049,"Wisconsin","Iowa County",1,43,254,130,124
050,55,049,"Wisconsin","Iowa County",1,44,253,129,124
050,55,049,"Wisconsin","Iowa County",1,45,269,140,129
050,55,049,"Wisconsin","Iowa County",1,46,299,154,145
050,55,049,"Wisconsin","Iowa County",1,47,290,144,146
050,55,049,"Wisconsin","Iowa County",1,48,290,137,153
050,55,049,"Wisconsin","Iowa County",1,49,290,146,144
050,55,049,"Wisconsin","Iowa County",1,50,280,157,123
050,55,049,"Wisconsin","Iowa County",1,51,307,151,156
050,55,049,"Wisconsin","Iowa County",1,52,317,159,158
050,55,049,"Wisconsin","Iowa County",1,53,353,179,174
050,55,049,"Wisconsin","Iowa County",1,54,353,185,168
050,55,049,"Wisconsin","Iowa County",1,55,382,191,191
050,55,049,"Wisconsin","Iowa County",1,56,404,196,208
050,55,049,"Wisconsin","Iowa County",1,57,383,195,188
050,55,049,"Wisconsin","Iowa County",1,58,402,202,200
050,55,049,"Wisconsin","Iowa County",1,59,377,188,189
050,55,049,"Wisconsin","Iowa County",1,60,373,185,188
050,55,049,"Wisconsin","Iowa County",1,61,396,210,186
050,55,049,"Wisconsin","Iowa County",1,62,390,205,185
050,55,049,"Wisconsin","Iowa County",1,63,403,199,204
050,55,049,"Wisconsin","Iowa County",1,64,373,191,182
050,55,049,"Wisconsin","Iowa County",1,65,347,182,165
050,55,049,"Wisconsin","Iowa County",1,66,310,158,152
050,55,049,"Wisconsin","Iowa County",1,67,342,181,161
050,55,049,"Wisconsin","Iowa County",1,68,329,174,155
050,55,049,"Wisconsin","Iowa County",1,69,300,149,151
050,55,049,"Wisconsin","Iowa County",1,70,293,137,156
050,55,049,"Wisconsin","Iowa County",1,71,266,123,143
050,55,049,"Wisconsin","Iowa County",1,72,251,125,126
050,55,049,"Wisconsin","Iowa County",1,73,276,136,140
050,55,049,"Wisconsin","Iowa County",1,74,179,95,84
050,55,049,"Wisconsin","Iowa County",1,75,176,90,86
050,55,049,"Wisconsin","Iowa County",1,76,167,86,81
050,55,049,"Wisconsin","Iowa County",1,77,146,74,72
050,55,049,"Wisconsin","Iowa County",1,78,139,71,68
050,55,049,"Wisconsin","Iowa County",1,79,130,67,63
050,55,049,"Wisconsin","Iowa County",1,80,105,53,52
050,55,049,"Wisconsin","Iowa County",1,81,104,44,60
050,55,049,"Wisconsin","Iowa County",1,82,93,39,54
050,55,049,"Wisconsin","Iowa County",1,83,87,36,51
050,55,049,"Wisconsin","Iowa County",1,84,80,32,48
050,55,049,"Wisconsin","Iowa County",1,85,430,163,267
050,55,049,"Wisconsin","Iowa County",2,0,244,126,118
050,55,049,"Wisconsin","Iowa County",2,1,235,125,110
050,55,049,"Wisconsin","Iowa County",2,2,246,128,118
050,55,049,"Wisconsin","Iowa County",2,3,270,143,127
050,55,049,"Wisconsin","Iowa County",2,4,274,141,133
050,55,049,"Wisconsin","Iowa County",2,5,237,116,121
050,55,049,"Wisconsin","Iowa County",2,6,261,135,126
050,55,049,"Wisconsin","Iowa County",2,7,279,143,136
050,55,049,"Wisconsin","Iowa County",2,8,287,149,138
050,55,049,"Wisconsin","Iowa County",2,9,303,158,145
050,55,049,"Wisconsin","Iowa County",2,10,329,167,162
050,55,049,"Wisconsin","Iowa County",2,11,332,177,155
050,55,049,"Wisconsin","Iowa County",2,12,336,177,159
050,55,049,"Wisconsin","Iowa County",2,13,341,177,164
050,55,049,"Wisconsin","Iowa County",2,14,333,168,165
050,55,049,"Wisconsin","Iowa County",2,15,319,161,158
050,55,049,"Wisconsin","Iowa County",2,16,329,166,163
050,55,049,"Wisconsin","Iowa County",2,17,325,162,163
050,55,049,"Wisconsin","Iowa County",2,18,270,145,125
050,55,049,"Wisconsin","Iowa County",2,19,205,113,92
050,55,049,"Wisconsin","Iowa County",2,20,218,115,103
050,55,049,"Wisconsin","Iowa County",2,21,219,121,98
050,55,049,"Wisconsin","Iowa County",2,22,227,120,107
050,55,049,"Wisconsin","Iowa County",2,23,233,115,118
050,55,049,"Wisconsin","Iowa County",2,24,229,117,112
050,55,049,"Wisconsin","Iowa County",2,25,213,108,105
050,55,049,"Wisconsin","Iowa County",2,26,224,126,98
050,55,049,"Wisconsin","Iowa County",2,27,235,132,103
050,55,049,"Wisconsin","Iowa County",2,28,243,130,113
050,55,049,"Wisconsin","Iowa County",2,29,230,112,118
050,55,049,"Wisconsin","Iowa County",2,30,240,111,129
050,55,049,"Wisconsin","Iowa County",2,31,259,125,134
050,55,049,"Wisconsin","Iowa County",2,32,268,133,135
050,55,049,"Wisconsin","Iowa County",2,33,289,154,135
050,55,049,"Wisconsin","Iowa County",2,34,283,156,127
050,55,049,"Wisconsin","Iowa County",2,35,288,149,139
050,55,049,"Wisconsin","Iowa County",2,36,284,142,142
050,55,049,"Wisconsin","Iowa County",2,37,306,154,152
050,55,049,"Wisconsin","Iowa County",2,38,307,159,148
050,55,049,"Wisconsin","Iowa County",2,39,292,156,136
050,55,049,"Wisconsin","Iowa County",2,40,306,162,144
050,55,049,"Wisconsin","Iowa County",2,41,296,153,143
050,55,049,"Wisconsin","Iowa County",2,42,270,139,131
050,55,049,"Wisconsin","Iowa County",2,43,258,133,125
050,55,049,"Wisconsin","Iowa County",2,44,251,128,123
050,55,049,"Wisconsin","Iowa County",2,45,268,138,130
050,55,049,"Wisconsin","Iowa County",2,46,293,152,141
050,55,049,"Wisconsin","Iowa County",2,47,293,146,147
050,55,049,"Wisconsin","Iowa County",2,48,289,137,152
050,55,049,"Wisconsin","Iowa County",2,49,292,144,148
050,55,049,"Wisconsin","Iowa County",2,50,286,156,130
050,55,049,"Wisconsin","Iowa County",2,51,300,153,147
050,55,049,"Wisconsin","Iowa County",2,52,315,157,158
050,55,049,"Wisconsin","Iowa County",2,53,344,174,170
050,55,049,"Wisconsin","Iowa County",2,54,353,184,169
050,55,049,"Wisconsin","Iowa County",2,55,374,190,184
050,55,049,"Wisconsin","Iowa County",2,56,404,198,206
050,55,049,"Wisconsin","Iowa County",2,57,390,197,193
050,55,049,"Wisconsin","Iowa County",2,58,393,197,196
050,55,049,"Wisconsin","Iowa County",2,59,381,189,192
050,55,049,"Wisconsin","Iowa County",2,60,371,184,187
050,55,049,"Wisconsin","Iowa County",2,61,389,204,185
050,55,049,"Wisconsin","Iowa County",2,62,392,206,186
050,55,049,"Wisconsin","Iowa County",2,63,404,202,202
050,55,049,"Wisconsin","Iowa County",2,64,376,191,185
050,55,049,"Wisconsin","Iowa County",2,65,350,182,168
050,55,049,"Wisconsin","Iowa County",2,66,322,166,156
050,55,049,"Wisconsin","Iowa County",2,67,334,175,159
050,55,049,"Wisconsin","Iowa County",2,68,328,172,156
050,55,049,"Wisconsin","Iowa County",2,69,308,156,152
050,55,049,"Wisconsin","Iowa County",2,70,291,139,152
050,55,049,"Wisconsin","Iowa County",2,71,274,127,147
050,55,049,"Wisconsin","Iowa County",2,72,250,122,128
050,55,049,"Wisconsin","Iowa County",2,73,281,138,143
050,55,049,"Wisconsin","Iowa County",2,74,186,96,90
050,55,049,"Wisconsin","Iowa County",2,75,175,92,83
050,55,049,"Wisconsin","Iowa County",2,76,166,85,81
050,55,049,"Wisconsin","Iowa County",2,77,152,78,74
050,55,049,"Wisconsin","Iowa County",2,78,137,70,67
050,55,049,"Wisconsin","Iowa County",2,79,129,68,61
050,55,049,"Wisconsin","Iowa County",2,80,107,53,54
050,55,049,"Wisconsin","Iowa County",2,81,104,47,57
050,55,049,"Wisconsin","Iowa County",2,82,95,40,55
050,55,049,"Wisconsin","Iowa County",2,83,86,34,52
050,55,049,"Wisconsin","Iowa County",2,84,81,33,48
050,55,049,"Wisconsin","Iowa County",2,85,433,165,268
050,55,049,"Wisconsin","Iowa County",3,0,238,121,117
050,55,049,"Wisconsin","Iowa County",3,1,254,132,122
050,55,049,"Wisconsin","Iowa County",3,2,243,127,116
050,55,049,"Wisconsin","Iowa County",3,3,237,123,114
050,55,049,"Wisconsin","Iowa County",3,4,269,146,123
050,55,049,"Wisconsin","Iowa County",3,5,274,144,130
050,55,049,"Wisconsin","Iowa County",3,6,232,110,122
050,55,049,"Wisconsin","Iowa County",3,7,264,133,131
050,55,049,"Wisconsin","Iowa County",3,8,264,140,124
050,55,049,"Wisconsin","Iowa County",3,9,285,152,133
050,55,049,"Wisconsin","Iowa County",3,10,317,168,149
050,55,049,"Wisconsin","Iowa County",3,11,323,165,158
050,55,049,"Wisconsin","Iowa County",3,12,330,179,151
050,55,049,"Wisconsin","Iowa County",3,13,339,176,163
050,55,049,"Wisconsin","Iowa County",3,14,346,180,166
050,55,049,"Wisconsin","Iowa County",3,15,341,171,170
050,55,049,"Wisconsin","Iowa County",3,16,320,162,158
050,55,049,"Wisconsin","Iowa County",3,17,319,161,158
050,55,049,"Wisconsin","Iowa County",3,18,271,143,128
050,55,049,"Wisconsin","Iowa County",3,19,207,111,96
050,55,049,"Wisconsin","Iowa County",3,20,216,113,103
050,55,049,"Wisconsin","Iowa County",3,21,220,118,102
050,55,049,"Wisconsin","Iowa County",3,22,230,122,108
050,55,049,"Wisconsin","Iowa County",3,23,237,121,116
050,55,049,"Wisconsin","Iowa County",3,24,236,120,116
050,55,049,"Wisconsin","Iowa County",3,25,235,127,108
050,55,049,"Wisconsin","Iowa County",3,26,231,123,108
050,55,049,"Wisconsin","Iowa County",3,27,228,122,106
050,55,049,"Wisconsin","Iowa County",3,28,241,126,115
050,55,049,"Wisconsin","Iowa County",3,29,232,127,105
050,55,049,"Wisconsin","Iowa County",3,30,228,111,117
050,55,049,"Wisconsin","Iowa County",3,31,259,119,140
050,55,049,"Wisconsin","Iowa County",3,32,272,128,144
050,55,049,"Wisconsin","Iowa County",3,33,275,141,134
050,55,049,"Wisconsin","Iowa County",3,34,289,156,133
050,55,049,"Wisconsin","Iowa County",3,35,300,166,134
050,55,049,"Wisconsin","Iowa County",3,36,283,143,140
050,55,049,"Wisconsin","Iowa County",3,37,290,149,141
050,55,049,"Wisconsin","Iowa County",3,38,320,155,165
050,55,049,"Wisconsin","Iowa County",3,39,309,157,152
050,55,049,"Wisconsin","Iowa County",3,40,295,160,135
050,55,049,"Wisconsin","Iowa County",3,41,316,166,150
050,55,049,"Wisconsin","Iowa County",3,42,298,154,144
050,55,049,"Wisconsin","Iowa County",3,43,269,136,133
050,55,049,"Wisconsin","Iowa County",3,44,261,136,125
050,55,049,"Wisconsin","Iowa County",3,45,245,122,123
050,55,049,"Wisconsin","Iowa County",3,46,267,139,128
050,55,049,"Wisconsin","Iowa County",3,47,293,157,136
050,55,049,"Wisconsin","Iowa County",3,48,296,144,152
050,55,049,"Wisconsin","Iowa County",3,49,292,142,150
050,55,049,"Wisconsin","Iowa County",3,50,304,150,154
050,55,049,"Wisconsin","Iowa County",3,51,282,155,127
050,55,049,"Wisconsin","Iowa County",3,52,294,150,144
050,55,049,"Wisconsin","Iowa County",3,53,321,166,155
050,55,049,"Wisconsin","Iowa County",3,54,346,172,174
050,55,049,"Wisconsin","Iowa County",3,55,350,182,168
050,55,049,"Wisconsin","Iowa County",3,56,382,193,189
050,55,049,"Wisconsin","Iowa County",3,57,398,197,201
050,55,049,"Wisconsin","Iowa County",3,58,393,195,198
050,55,049,"Wisconsin","Iowa County",3,59,384,191,193
050,55,049,"Wisconsin","Iowa County",3,60,377,192,185
050,55,049,"Wisconsin","Iowa County",3,61,365,184,181
050,55,049,"Wisconsin","Iowa County",3,62,393,199,194
050,55,049,"Wisconsin","Iowa County",3,63,384,201,183
050,55,049,"Wisconsin","Iowa County",3,64,402,206,196
050,55,049,"Wisconsin","Iowa County",3,65,374,191,183
050,55,049,"Wisconsin","Iowa County",3,66,354,185,169
050,55,049,"Wisconsin","Iowa County",3,67,318,162,156
050,55,049,"Wisconsin","Iowa County",3,68,327,174,153
050,55,049,"Wisconsin","Iowa County",3,69,325,168,157
050,55,049,"Wisconsin","Iowa County",3,70,301,153,148
050,55,049,"Wisconsin","Iowa County",3,71,294,141,153
050,55,049,"Wisconsin","Iowa County",3,72,271,127,144
050,55,049,"Wisconsin","Iowa County",3,73,245,116,129
050,55,049,"Wisconsin","Iowa County",3,74,271,132,139
050,55,049,"Wisconsin","Iowa County",3,75,181,90,91
050,55,049,"Wisconsin","Iowa County",3,76,171,87,84
050,55,049,"Wisconsin","Iowa County",3,77,155,80,75
050,55,049,"Wisconsin","Iowa County",3,78,149,77,72
050,55,049,"Wisconsin","Iowa County",3,79,132,67,65
050,55,049,"Wisconsin","Iowa County",3,80,123,64,59
050,55,049,"Wisconsin","Iowa County",3,81,102,52,50
050,55,049,"Wisconsin","Iowa County",3,82,96,41,55
050,55,049,"Wisconsin","Iowa County",3,83,92,37,55
050,55,049,"Wisconsin","Iowa County",3,84,84,35,49
050,55,049,"Wisconsin","Iowa County",3,85,431,160,271
050,55,049,"Wisconsin","Iowa County",4,0,266,145,121
050,55,049,"Wisconsin","Iowa County",4,1,260,136,124
050,55,049,"Wisconsin","Iowa County",4,2,262,135,127
050,55,049,"Wisconsin","Iowa County",4,3,241,127,114
050,55,049,"Wisconsin","Iowa County",4,4,244,128,116
050,55,049,"Wisconsin","Iowa County",4,5,274,145,129
050,55,049,"Wisconsin","Iowa County",4,6,289,144,145
050,55,049,"Wisconsin","Iowa County",4,7,242,116,126
050,55,049,"Wisconsin","Iowa County",4,8,262,136,126
050,55,049,"Wisconsin","Iowa County",4,9,278,145,133
050,55,049,"Wisconsin","Iowa County",4,10,283,156,127
050,55,049,"Wisconsin","Iowa County",4,11,310,163,147
050,55,049,"Wisconsin","Iowa County",4,12,326,165,161
050,55,049,"Wisconsin","Iowa County",4,13,329,176,153
050,55,049,"Wisconsin","Iowa County",4,14,324,165,159
050,55,049,"Wisconsin","Iowa County",4,15,351,179,172
050,55,049,"Wisconsin","Iowa County",4,16,345,174,171
050,55,049,"Wisconsin","Iowa County",4,17,323,165,158
050,55,049,"Wisconsin","Iowa County",4,18,269,141,128
050,55,049,"Wisconsin","Iowa County",4,19,209,110,99
050,55,049,"Wisconsin","Iowa County",4,20,216,114,102
050,55,049,"Wisconsin","Iowa County",4,21,225,118,107
050,55,049,"Wisconsin","Iowa County",4,22,228,117,111
050,55,049,"Wisconsin","Iowa County",4,23,239,120,119
050,55,049,"Wisconsin","Iowa County",4,24,234,116,118
050,55,049,"Wisconsin","Iowa County",4,25,248,126,122
050,55,049,"Wisconsin","Iowa County",4,26,249,143,106
050,55,049,"Wisconsin","Iowa County",4,27,239,125,114
050,55,049,"Wisconsin","Iowa County",4,28,230,118,112
050,55,049,"Wisconsin","Iowa County",4,29,250,135,115
050,55,049,"Wisconsin","Iowa County",4,30,236,126,110
050,55,049,"Wisconsin","Iowa County",4,31,241,116,125
050,55,049,"Wisconsin","Iowa County",4,32,269,120,149
050,55,049,"Wisconsin","Iowa County",4,33,285,140,145
050,55,049,"Wisconsin","Iowa County",4,34,272,146,126
050,55,049,"Wisconsin","Iowa County",4,35,290,158,132
050,55,049,"Wisconsin","Iowa County",4,36,295,157,138
050,55,049,"Wisconsin","Iowa County",4,37,291,148,143
050,55,049,"Wisconsin","Iowa County",4,38,311,160,151
050,55,049,"Wisconsin","Iowa County",4,39,331,156,175
050,55,049,"Wisconsin","Iowa County",4,40,315,157,158
050,55,049,"Wisconsin","Iowa County",4,41,307,169,138
050,55,049,"Wisconsin","Iowa County",4,42,316,164,152
050,55,049,"Wisconsin","Iowa County",4,43,294,152,142
050,55,049,"Wisconsin","Iowa County",4,44,271,136,135
050,55,049,"Wisconsin","Iowa County",4,45,266,138,128
050,55,049,"Wisconsin","Iowa County",4,46,246,125,121
050,55,049,"Wisconsin","Iowa County",4,47,264,132,132
050,55,049,"Wisconsin","Iowa County",4,48,284,150,134
050,55,049,"Wisconsin","Iowa County",4,49,297,143,154
050,55,049,"Wisconsin","Iowa County",4,50,286,140,146
050,55,049,"Wisconsin","Iowa County",4,51,315,161,154
050,55,049,"Wisconsin","Iowa County",4,52,272,150,122
050,55,049,"Wisconsin","Iowa County",4,53,298,157,141
050,55,049,"Wisconsin","Iowa County",4,54,327,166,161
050,55,049,"Wisconsin","Iowa County",4,55,343,171,172
050,55,049,"Wisconsin","Iowa County",4,56,352,185,167
050,55,049,"Wisconsin","Iowa County",4,57,364,188,176
050,55,049,"Wisconsin","Iowa County",4,58,399,201,198
050,55,049,"Wisconsin","Iowa County",4,59,384,191,193
050,55,049,"Wisconsin","Iowa County",4,60,384,187,197
050,55,049,"Wisconsin","Iowa County",4,61,371,190,181
050,55,049,"Wisconsin","Iowa County",4,62,365,179,186
050,55,049,"Wisconsin","Iowa County",4,63,394,196,198
050,55,049,"Wisconsin","Iowa County",4,64,391,211,180
050,55,049,"Wisconsin","Iowa County",4,65,393,198,195
050,55,049,"Wisconsin","Iowa County",4,66,376,193,183
050,55,049,"Wisconsin","Iowa County",4,67,349,185,164
050,55,049,"Wisconsin","Iowa County",4,68,317,162,155
050,55,049,"Wisconsin","Iowa County",4,69,324,169,155
050,55,049,"Wisconsin","Iowa County",4,70,326,163,163
050,55,049,"Wisconsin","Iowa County",4,71,304,159,145
050,55,049,"Wisconsin","Iowa County",4,72,289,139,150
050,55,049,"Wisconsin","Iowa County",4,73,264,120,144
050,55,049,"Wisconsin","Iowa County",4,74,241,117,124
050,55,049,"Wisconsin","Iowa County",4,75,261,128,133
050,55,049,"Wisconsin","Iowa County",4,76,171,85,86
050,55,049,"Wisconsin","Iowa County",4,77,159,82,77
050,55,049,"Wisconsin","Iowa County",4,78,150,80,70
050,55,049,"Wisconsin","Iowa County",4,79,143,77,66
050,55,049,"Wisconsin","Iowa County",4,80,124,61,63
050,55,049,"Wisconsin","Iowa County",4,81,115,60,55
050,55,049,"Wisconsin","Iowa County",4,82,89,42,47
050,55,049,"Wisconsin","Iowa County",4,83,89,39,50
050,55,049,"Wisconsin","Iowa County",4,84,90,38,52
050,55,049,"Wisconsin","Iowa County",4,85,413,157,256
050,55,049,"Wisconsin","Iowa County",5,0,257,142,115
050,55,049,"Wisconsin","Iowa County",5,1,272,143,129
050,55,049,"Wisconsin","Iowa County",5,2,259,133,126
050,55,049,"Wisconsin","Iowa County",5,3,273,133,140
050,55,049,"Wisconsin","Iowa County",5,4,244,124,120
050,55,049,"Wisconsin","Iowa County",5,5,236,127,109
050,55,049,"Wisconsin","Iowa County",5,6,277,151,126
050,55,049,"Wisconsin","Iowa County",5,7,285,146,139
050,55,049,"Wisconsin","Iowa County",5,8,239,111,128
050,55,049,"Wisconsin","Iowa County",5,9,276,137,139
050,55,049,"Wisconsin","Iowa County",5,10,277,146,131
050,55,049,"Wisconsin","Iowa County",5,11,276,148,128
050,55,049,"Wisconsin","Iowa County",5,12,300,158,142
050,55,049,"Wisconsin","Iowa County",5,13,320,163,157
050,55,049,"Wisconsin","Iowa County",5,14,331,177,154
050,55,049,"Wisconsin","Iowa County",5,15,329,172,157
050,55,049,"Wisconsin","Iowa County",5,16,340,173,167
050,55,049,"Wisconsin","Iowa County",5,17,329,162,167
050,55,049,"Wisconsin","Iowa County",5,18,268,138,130
050,55,049,"Wisconsin","Iowa County",5,19,202,105,97
050,55,049,"Wisconsin","Iowa County",5,20,222,117,105
050,55,049,"Wisconsin","Iowa County",5,21,225,112,113
050,55,049,"Wisconsin","Iowa County",5,22,243,126,117
050,55,049,"Wisconsin","Iowa County",5,23,222,111,111
050,55,049,"Wisconsin","Iowa County",5,24,235,129,106
050,55,049,"Wisconsin","Iowa County",5,25,256,130,126
050,55,049,"Wisconsin","Iowa County",5,26,247,121,126
050,55,049,"Wisconsin","Iowa County",5,27,239,125,114
050,55,049,"Wisconsin","Iowa County",5,28,239,117,122
050,55,049,"Wisconsin","Iowa County",5,29,251,129,122
050,55,049,"Wisconsin","Iowa County",5,30,279,142,137
050,55,049,"Wisconsin","Iowa County",5,31,254,145,109
050,55,049,"Wisconsin","Iowa County",5,32,243,104,139
050,55,049,"Wisconsin","Iowa County",5,33,278,132,146
050,55,049,"Wisconsin","Iowa County",5,34,285,143,142
050,55,049,"Wisconsin","Iowa County",5,35,283,147,136
050,55,049,"Wisconsin","Iowa County",5,36,288,159,129
050,55,049,"Wisconsin","Iowa County",5,37,291,155,136
050,55,049,"Wisconsin","Iowa County",5,38,280,143,137
050,55,049,"Wisconsin","Iowa County",5,39,312,155,157
050,55,049,"Wisconsin","Iowa County",5,40,320,155,165
050,55,049,"Wisconsin","Iowa County",5,41,320,161,159
050,55,049,"Wisconsin","Iowa County",5,42,307,164,143
050,55,049,"Wisconsin","Iowa County",5,43,308,158,150
050,55,049,"Wisconsin","Iowa County",5,44,291,155,136
050,55,049,"Wisconsin","Iowa County",5,45,279,137,142
050,55,049,"Wisconsin","Iowa County",5,46,267,144,123
050,55,049,"Wisconsin","Iowa County",5,47,244,130,114
050,55,049,"Wisconsin","Iowa County",5,48,253,126,127
050,55,049,"Wisconsin","Iowa County",5,49,284,151,133
050,55,049,"Wisconsin","Iowa County",5,50,286,140,146
050,55,049,"Wisconsin","Iowa County",5,51,283,140,143
050,55,049,"Wisconsin","Iowa County",5,52,312,156,156
050,55,049,"Wisconsin","Iowa County",5,53,281,159,122
050,55,049,"Wisconsin","Iowa County",5,54,307,154,153
050,55,049,"Wisconsin","Iowa County",5,55,312,157,155
050,55,049,"Wisconsin","Iowa County",5,56,334,166,168
050,55,049,"Wisconsin","Iowa County",5,57,344,185,159
050,55,049,"Wisconsin","Iowa County",5,58,368,192,176
050,55,049,"Wisconsin","Iowa County",5,59,395,198,197
050,55,049,"Wisconsin","Iowa County",5,60,393,194,199
050,55,049,"Wisconsin","Iowa County",5,61,382,187,195
050,55,049,"Wisconsin","Iowa County",5,62,367,190,177
050,55,049,"Wisconsin","Iowa County",5,63,359,177,182
050,55,049,"Wisconsin","Iowa County",5,64,391,197,194
050,55,049,"Wisconsin","Iowa County",5,65,378,202,176
050,55,049,"Wisconsin","Iowa County",5,66,407,207,200
050,55,049,"Wisconsin","Iowa County",5,67,375,191,184
050,55,049,"Wisconsin","Iowa County",5,68,345,185,160
050,55,049,"Wisconsin","Iowa County",5,69,318,162,156
050,55,049,"Wisconsin","Iowa County",5,70,323,169,154
050,55,049,"Wisconsin","Iowa County",5,71,324,167,157
050,55,049,"Wisconsin","Iowa County",5,72,299,158,141
050,55,049,"Wisconsin","Iowa County",5,73,284,135,149
050,55,049,"Wisconsin","Iowa County",5,74,259,121,138
050,55,049,"Wisconsin","Iowa County",5,75,235,112,123
050,55,049,"Wisconsin","Iowa County",5,76,256,121,135
050,55,049,"Wisconsin","Iowa County",5,77,162,81,81
050,55,049,"Wisconsin","Iowa County",5,78,151,80,71
050,55,049,"Wisconsin","Iowa County",5,79,147,80,67
050,55,049,"Wisconsin","Iowa County",5,80,140,73,67
050,55,049,"Wisconsin","Iowa County",5,81,119,58,61
050,55,049,"Wisconsin","Iowa County",5,82,103,52,51
050,55,049,"Wisconsin","Iowa County",5,83,81,37,44
050,55,049,"Wisconsin","Iowa County",5,84,84,40,44
050,55,049,"Wisconsin","Iowa County",5,85,417,157,260
050,55,051,"Wisconsin","Iron County",1,0,41,21,20
050,55,051,"Wisconsin","Iron County",1,1,51,27,24
050,55,051,"Wisconsin","Iron County",1,2,37,22,15
050,55,051,"Wisconsin","Iron County",1,3,39,19,20
050,55,051,"Wisconsin","Iron County",1,4,38,16,22
050,55,051,"Wisconsin","Iron County",1,5,35,23,12
050,55,051,"Wisconsin","Iron County",1,6,51,30,21
050,55,051,"Wisconsin","Iron County",1,7,54,30,24
050,55,051,"Wisconsin","Iron County",1,8,51,23,28
050,55,051,"Wisconsin","Iron County",1,9,51,29,22
050,55,051,"Wisconsin","Iron County",1,10,56,32,24
050,55,051,"Wisconsin","Iron County",1,11,62,29,33
050,55,051,"Wisconsin","Iron County",1,12,64,27,37
050,55,051,"Wisconsin","Iron County",1,13,63,27,36
050,55,051,"Wisconsin","Iron County",1,14,67,37,30
050,55,051,"Wisconsin","Iron County",1,15,59,32,27
050,55,051,"Wisconsin","Iron County",1,16,63,31,32
050,55,051,"Wisconsin","Iron County",1,17,64,31,33
050,55,051,"Wisconsin","Iron County",1,18,59,33,26
050,55,051,"Wisconsin","Iron County",1,19,40,20,20
050,55,051,"Wisconsin","Iron County",1,20,34,16,18
050,55,051,"Wisconsin","Iron County",1,21,38,20,18
050,55,051,"Wisconsin","Iron County",1,22,42,21,21
050,55,051,"Wisconsin","Iron County",1,23,54,26,28
050,55,051,"Wisconsin","Iron County",1,24,44,23,21
050,55,051,"Wisconsin","Iron County",1,25,41,22,19
050,55,051,"Wisconsin","Iron County",1,26,45,25,20
050,55,051,"Wisconsin","Iron County",1,27,42,26,16
050,55,051,"Wisconsin","Iron County",1,28,48,21,27
050,55,051,"Wisconsin","Iron County",1,29,42,20,22
050,55,051,"Wisconsin","Iron County",1,30,61,36,25
050,55,051,"Wisconsin","Iron County",1,31,57,27,30
050,55,051,"Wisconsin","Iron County",1,32,47,19,28
050,55,051,"Wisconsin","Iron County",1,33,52,24,28
050,55,051,"Wisconsin","Iron County",1,34,47,22,25
050,55,051,"Wisconsin","Iron County",1,35,46,19,27
050,55,051,"Wisconsin","Iron County",1,36,46,23,23
050,55,051,"Wisconsin","Iron County",1,37,64,31,33
050,55,051,"Wisconsin","Iron County",1,38,60,34,26
050,55,051,"Wisconsin","Iron County",1,39,61,28,33
050,55,051,"Wisconsin","Iron County",1,40,55,25,30
050,55,051,"Wisconsin","Iron County",1,41,54,28,26
050,55,051,"Wisconsin","Iron County",1,42,55,24,31
050,55,051,"Wisconsin","Iron County",1,43,70,36,34
050,55,051,"Wisconsin","Iron County",1,44,66,33,33
050,55,051,"Wisconsin","Iron County",1,45,57,32,25
050,55,051,"Wisconsin","Iron County",1,46,68,40,28
050,55,051,"Wisconsin","Iron County",1,47,61,33,28
050,55,051,"Wisconsin","Iron County",1,48,70,39,31
050,55,051,"Wisconsin","Iron County",1,49,82,43,39
050,55,051,"Wisconsin","Iron County",1,50,70,39,31
050,55,051,"Wisconsin","Iron County",1,51,75,38,37
050,55,051,"Wisconsin","Iron County",1,52,78,40,38
050,55,051,"Wisconsin","Iron County",1,53,74,37,37
050,55,051,"Wisconsin","Iron County",1,54,72,31,41
050,55,051,"Wisconsin","Iron County",1,55,89,44,45
050,55,051,"Wisconsin","Iron County",1,56,99,52,47
050,55,051,"Wisconsin","Iron County",1,57,103,58,45
050,55,051,"Wisconsin","Iron County",1,58,124,61,63
050,55,051,"Wisconsin","Iron County",1,59,122,59,63
050,55,051,"Wisconsin","Iron County",1,60,130,66,64
050,55,051,"Wisconsin","Iron County",1,61,128,66,62
050,55,051,"Wisconsin","Iron County",1,62,133,69,64
050,55,051,"Wisconsin","Iron County",1,63,131,74,57
050,55,051,"Wisconsin","Iron County",1,64,115,67,48
050,55,051,"Wisconsin","Iron County",1,65,127,63,64
050,55,051,"Wisconsin","Iron County",1,66,141,72,69
050,55,051,"Wisconsin","Iron County",1,67,115,56,59
050,55,051,"Wisconsin","Iron County",1,68,105,60,45
050,55,051,"Wisconsin","Iron County",1,69,101,55,46
050,55,051,"Wisconsin","Iron County",1,70,110,64,46
050,55,051,"Wisconsin","Iron County",1,71,109,60,49
050,55,051,"Wisconsin","Iron County",1,72,112,56,56
050,55,051,"Wisconsin","Iron County",1,73,104,56,48
050,55,051,"Wisconsin","Iron County",1,74,87,45,42
050,55,051,"Wisconsin","Iron County",1,75,79,43,36
050,55,051,"Wisconsin","Iron County",1,76,76,42,34
050,55,051,"Wisconsin","Iron County",1,77,68,36,32
050,55,051,"Wisconsin","Iron County",1,78,51,28,23
050,55,051,"Wisconsin","Iron County",1,79,61,30,31
050,55,051,"Wisconsin","Iron County",1,80,51,24,27
050,55,051,"Wisconsin","Iron County",1,81,51,23,28
050,55,051,"Wisconsin","Iron County",1,82,39,20,19
050,55,051,"Wisconsin","Iron County",1,83,37,13,24
050,55,051,"Wisconsin","Iron County",1,84,43,14,29
050,55,051,"Wisconsin","Iron County",1,85,267,94,173
050,55,051,"Wisconsin","Iron County",2,0,46,24,22
050,55,051,"Wisconsin","Iron County",2,1,49,26,23
050,55,051,"Wisconsin","Iron County",2,2,41,23,18
050,55,051,"Wisconsin","Iron County",2,3,39,20,19
050,55,051,"Wisconsin","Iron County",2,4,39,17,22
050,55,051,"Wisconsin","Iron County",2,5,36,22,14
050,55,051,"Wisconsin","Iron County",2,6,48,29,19
050,55,051,"Wisconsin","Iron County",2,7,56,31,25
050,55,051,"Wisconsin","Iron County",2,8,50,24,26
050,55,051,"Wisconsin","Iron County",2,9,51,28,23
050,55,051,"Wisconsin","Iron County",2,10,54,30,24
050,55,051,"Wisconsin","Iron County",2,11,60,30,30
050,55,051,"Wisconsin","Iron County",2,12,64,27,37
050,55,051,"Wisconsin","Iron County",2,13,64,28,36
050,55,051,"Wisconsin","Iron County",2,14,66,35,31
050,55,051,"Wisconsin","Iron County",2,15,62,34,28
050,55,051,"Wisconsin","Iron County",2,16,62,31,31
050,55,051,"Wisconsin","Iron County",2,17,66,32,34
050,55,051,"Wisconsin","Iron County",2,18,57,32,25
050,55,051,"Wisconsin","Iron County",2,19,42,22,20
050,55,051,"Wisconsin","Iron County",2,20,36,17,19
050,55,051,"Wisconsin","Iron County",2,21,37,19,18
050,55,051,"Wisconsin","Iron County",2,22,43,22,21
050,55,051,"Wisconsin","Iron County",2,23,52,25,27
050,55,051,"Wisconsin","Iron County",2,24,46,24,22
050,55,051,"Wisconsin","Iron County",2,25,42,22,20
050,55,051,"Wisconsin","Iron County",2,26,44,24,20
050,55,051,"Wisconsin","Iron County",2,27,42,25,17
050,55,051,"Wisconsin","Iron County",2,28,47,22,25
050,55,051,"Wisconsin","Iron County",2,29,44,21,23
050,55,051,"Wisconsin","Iron County",2,30,57,32,25
050,55,051,"Wisconsin","Iron County",2,31,59,30,29
050,55,051,"Wisconsin","Iron County",2,32,49,21,28
050,55,051,"Wisconsin","Iron County",2,33,50,22,28
050,55,051,"Wisconsin","Iron County",2,34,48,22,26
050,55,051,"Wisconsin","Iron County",2,35,47,20,27
050,55,051,"Wisconsin","Iron County",2,36,47,22,25
050,55,051,"Wisconsin","Iron County",2,37,61,29,32
050,55,051,"Wisconsin","Iron County",2,38,60,33,27
050,55,051,"Wisconsin","Iron County",2,39,62,30,32
050,55,051,"Wisconsin","Iron County",2,40,56,25,31
050,55,051,"Wisconsin","Iron County",2,41,54,27,27
050,55,051,"Wisconsin","Iron County",2,42,56,26,30
050,55,051,"Wisconsin","Iron County",2,43,68,34,34
050,55,051,"Wisconsin","Iron County",2,44,66,33,33
050,55,051,"Wisconsin","Iron County",2,45,61,33,28
050,55,051,"Wisconsin","Iron County",2,46,64,37,27
050,55,051,"Wisconsin","Iron County",2,47,62,34,28
050,55,051,"Wisconsin","Iron County",2,48,69,38,31
050,55,051,"Wisconsin","Iron County",2,49,78,41,37
050,55,051,"Wisconsin","Iron County",2,50,74,41,33
050,55,051,"Wisconsin","Iron County",2,51,74,38,36
050,55,051,"Wisconsin","Iron County",2,52,77,40,37
050,55,051,"Wisconsin","Iron County",2,53,74,37,37
050,55,051,"Wisconsin","Iron County",2,54,72,33,39
050,55,051,"Wisconsin","Iron County",2,55,87,43,44
050,55,051,"Wisconsin","Iron County",2,56,97,50,47
050,55,051,"Wisconsin","Iron County",2,57,103,57,46
050,55,051,"Wisconsin","Iron County",2,58,119,60,59
050,55,051,"Wisconsin","Iron County",2,59,125,60,65
050,55,051,"Wisconsin","Iron County",2,60,129,65,64
050,55,051,"Wisconsin","Iron County",2,61,128,65,63
050,55,051,"Wisconsin","Iron County",2,62,132,68,64
050,55,051,"Wisconsin","Iron County",2,63,133,74,59
050,55,051,"Wisconsin","Iron County",2,64,119,69,50
050,55,051,"Wisconsin","Iron County",2,65,123,63,60
050,55,051,"Wisconsin","Iron County",2,66,137,69,68
050,55,051,"Wisconsin","Iron County",2,67,122,61,61
050,55,051,"Wisconsin","Iron County",2,68,107,59,48
050,55,051,"Wisconsin","Iron County",2,69,103,57,46
050,55,051,"Wisconsin","Iron County",2,70,108,62,46
050,55,051,"Wisconsin","Iron County",2,71,107,60,47
050,55,051,"Wisconsin","Iron County",2,72,108,55,53
050,55,051,"Wisconsin","Iron County",2,73,109,59,50
050,55,051,"Wisconsin","Iron County",2,74,85,45,40
050,55,051,"Wisconsin","Iron County",2,75,81,44,37
050,55,051,"Wisconsin","Iron County",2,76,77,41,36
050,55,051,"Wisconsin","Iron County",2,77,70,38,32
050,55,051,"Wisconsin","Iron County",2,78,54,30,24
050,55,051,"Wisconsin","Iron County",2,79,57,29,28
050,55,051,"Wisconsin","Iron County",2,80,52,25,27
050,55,051,"Wisconsin","Iron County",2,81,51,23,28
050,55,051,"Wisconsin","Iron County",2,82,41,20,21
050,55,051,"Wisconsin","Iron County",2,83,37,14,23
050,55,051,"Wisconsin","Iron County",2,84,42,13,29
050,55,051,"Wisconsin","Iron County",2,85,266,92,174
050,55,051,"Wisconsin","Iron County",3,0,32,14,18
050,55,051,"Wisconsin","Iron County",3,1,48,26,22
050,55,051,"Wisconsin","Iron County",3,2,53,24,29
050,55,051,"Wisconsin","Iron County",3,3,38,22,16
050,55,051,"Wisconsin","Iron County",3,4,45,24,21
050,55,051,"Wisconsin","Iron County",3,5,46,20,26
050,55,051,"Wisconsin","Iron County",3,6,40,25,15
050,55,051,"Wisconsin","Iron County",3,7,46,28,18
050,55,051,"Wisconsin","Iron County",3,8,59,33,26
050,55,051,"Wisconsin","Iron County",3,9,52,26,26
050,55,051,"Wisconsin","Iron County",3,10,50,25,25
050,55,051,"Wisconsin","Iron County",3,11,61,34,27
050,55,051,"Wisconsin","Iron County",3,12,56,30,26
050,55,051,"Wisconsin","Iron County",3,13,69,28,41
050,55,051,"Wisconsin","Iron County",3,14,64,29,35
050,55,051,"Wisconsin","Iron County",3,15,70,38,32
050,55,051,"Wisconsin","Iron County",3,16,64,35,29
050,55,051,"Wisconsin","Iron County",3,17,58,27,31
050,55,051,"Wisconsin","Iron County",3,18,59,31,28
050,55,051,"Wisconsin","Iron County",3,19,48,26,22
050,55,051,"Wisconsin","Iron County",3,20,41,22,19
050,55,051,"Wisconsin","Iron County",3,21,33,17,16
050,55,051,"Wisconsin","Iron County",3,22,31,16,15
050,55,051,"Wisconsin","Iron County",3,23,43,22,21
050,55,051,"Wisconsin","Iron County",3,24,49,22,27
050,55,051,"Wisconsin","Iron County",3,25,52,26,26
050,55,051,"Wisconsin","Iron County",3,26,40,22,18
050,55,051,"Wisconsin","Iron County",3,27,45,26,19
050,55,051,"Wisconsin","Iron County",3,28,43,23,20
050,55,051,"Wisconsin","Iron County",3,29,48,22,26
050,55,051,"Wisconsin","Iron County",3,30,45,19,26
050,55,051,"Wisconsin","Iron County",3,31,58,33,25
050,55,051,"Wisconsin","Iron County",3,32,63,32,31
050,55,051,"Wisconsin","Iron County",3,33,48,20,28
050,55,051,"Wisconsin","Iron County",3,34,57,25,32
050,55,051,"Wisconsin","Iron County",3,35,44,22,22
050,55,051,"Wisconsin","Iron County",3,36,49,21,28
050,55,051,"Wisconsin","Iron County",3,37,49,24,25
050,55,051,"Wisconsin","Iron County",3,38,66,33,33
050,55,051,"Wisconsin","Iron County",3,39,62,32,30
050,55,051,"Wisconsin","Iron County",3,40,57,29,28
050,55,051,"Wisconsin","Iron County",3,41,56,26,30
050,55,051,"Wisconsin","Iron County",3,42,53,26,27
050,55,051,"Wisconsin","Iron County",3,43,57,26,31
050,55,051,"Wisconsin","Iron County",3,44,66,34,32
050,55,051,"Wisconsin","Iron County",3,45,66,33,33
050,55,051,"Wisconsin","Iron County",3,46,62,34,28
050,55,051,"Wisconsin","Iron County",3,47,65,37,28
050,55,051,"Wisconsin","Iron County",3,48,72,40,32
050,55,051,"Wisconsin","Iron County",3,49,73,40,33
050,55,051,"Wisconsin","Iron County",3,50,82,41,41
050,55,051,"Wisconsin","Iron County",3,51,73,39,34
050,55,051,"Wisconsin","Iron County",3,52,72,38,34
050,55,051,"Wisconsin","Iron County",3,53,76,42,34
050,55,051,"Wisconsin","Iron County",3,54,78,37,41
050,55,051,"Wisconsin","Iron County",3,55,70,31,39
050,55,051,"Wisconsin","Iron County",3,56,91,49,42
050,55,051,"Wisconsin","Iron County",3,57,101,50,51
050,55,051,"Wisconsin","Iron County",3,58,106,60,46
050,55,051,"Wisconsin","Iron County",3,59,112,53,59
050,55,051,"Wisconsin","Iron County",3,60,127,63,64
050,55,051,"Wisconsin","Iron County",3,61,133,68,65
050,55,051,"Wisconsin","Iron County",3,62,138,70,68
050,55,051,"Wisconsin","Iron County",3,63,133,71,62
050,55,051,"Wisconsin","Iron County",3,64,143,80,63
050,55,051,"Wisconsin","Iron County",3,65,126,71,55
050,55,051,"Wisconsin","Iron County",3,66,126,65,61
050,55,051,"Wisconsin","Iron County",3,67,142,73,69
050,55,051,"Wisconsin","Iron County",3,68,127,61,66
050,55,051,"Wisconsin","Iron County",3,69,108,61,47
050,55,051,"Wisconsin","Iron County",3,70,106,60,46
050,55,051,"Wisconsin","Iron County",3,71,105,59,46
050,55,051,"Wisconsin","Iron County",3,72,105,60,45
050,55,051,"Wisconsin","Iron County",3,73,106,55,51
050,55,051,"Wisconsin","Iron County",3,74,108,59,49
050,55,051,"Wisconsin","Iron County",3,75,80,42,38
050,55,051,"Wisconsin","Iron County",3,76,80,38,42
050,55,051,"Wisconsin","Iron County",3,77,69,38,31
050,55,051,"Wisconsin","Iron County",3,78,65,36,29
050,55,051,"Wisconsin","Iron County",3,79,48,26,22
050,55,051,"Wisconsin","Iron County",3,80,55,31,24
050,55,051,"Wisconsin","Iron County",3,81,49,22,27
050,55,051,"Wisconsin","Iron County",3,82,47,23,24
050,55,051,"Wisconsin","Iron County",3,83,37,22,15
050,55,051,"Wisconsin","Iron County",3,84,39,13,26
050,55,051,"Wisconsin","Iron County",3,85,258,86,172
050,55,051,"Wisconsin","Iron County",4,0,42,21,21
050,55,051,"Wisconsin","Iron County",4,1,28,12,16
050,55,051,"Wisconsin","Iron County",4,2,55,29,26
050,55,051,"Wisconsin","Iron County",4,3,55,27,28
050,55,051,"Wisconsin","Iron County",4,4,43,26,17
050,55,051,"Wisconsin","Iron County",4,5,46,24,22
050,55,051,"Wisconsin","Iron County",4,6,52,21,31
050,55,051,"Wisconsin","Iron County",4,7,40,26,14
050,55,051,"Wisconsin","Iron County",4,8,46,26,20
050,55,051,"Wisconsin","Iron County",4,9,61,34,27
050,55,051,"Wisconsin","Iron County",4,10,49,24,25
050,55,051,"Wisconsin","Iron County",4,11,53,29,24
050,55,051,"Wisconsin","Iron County",4,12,58,31,27
050,55,051,"Wisconsin","Iron County",4,13,59,27,32
050,55,051,"Wisconsin","Iron County",4,14,69,30,39
050,55,051,"Wisconsin","Iron County",4,15,68,33,35
050,55,051,"Wisconsin","Iron County",4,16,77,41,36
050,55,051,"Wisconsin","Iron County",4,17,62,34,28
050,55,051,"Wisconsin","Iron County",4,18,52,28,24
050,55,051,"Wisconsin","Iron County",4,19,43,22,21
050,55,051,"Wisconsin","Iron County",4,20,48,24,24
050,55,051,"Wisconsin","Iron County",4,21,41,23,18
050,55,051,"Wisconsin","Iron County",4,22,28,14,14
050,55,051,"Wisconsin","Iron County",4,23,31,16,15
050,55,051,"Wisconsin","Iron County",4,24,38,17,21
050,55,051,"Wisconsin","Iron County",4,25,48,20,28
050,55,051,"Wisconsin","Iron County",4,26,48,25,23
050,55,051,"Wisconsin","Iron County",4,27,41,23,18
050,55,051,"Wisconsin","Iron County",4,28,49,30,19
050,55,051,"Wisconsin","Iron County",4,29,43,22,21
050,55,051,"Wisconsin","Iron County",4,30,48,23,25
050,55,051,"Wisconsin","Iron County",4,31,47,20,27
050,55,051,"Wisconsin","Iron County",4,32,63,33,30
050,55,051,"Wisconsin","Iron County",4,33,63,33,30
050,55,051,"Wisconsin","Iron County",4,34,52,22,30
050,55,051,"Wisconsin","Iron County",4,35,61,27,34
050,55,051,"Wisconsin","Iron County",4,36,46,22,24
050,55,051,"Wisconsin","Iron County",4,37,50,22,28
050,55,051,"Wisconsin","Iron County",4,38,55,28,27
050,55,051,"Wisconsin","Iron County",4,39,66,33,33
050,55,051,"Wisconsin","Iron County",4,40,60,32,28
050,55,051,"Wisconsin","Iron County",4,41,57,29,28
050,55,051,"Wisconsin","Iron County",4,42,57,26,31
050,55,051,"Wisconsin","Iron County",4,43,50,22,28
050,55,051,"Wisconsin","Iron County",4,44,60,27,33
050,55,051,"Wisconsin","Iron County",4,45,68,35,33
050,55,051,"Wisconsin","Iron County",4,46,68,32,36
050,55,051,"Wisconsin","Iron County",4,47,66,35,31
050,55,051,"Wisconsin","Iron County",4,48,68,38,30
050,55,051,"Wisconsin","Iron County",4,49,71,37,34
050,55,051,"Wisconsin","Iron County",4,50,76,39,37
050,55,051,"Wisconsin","Iron County",4,51,76,40,36
050,55,051,"Wisconsin","Iron County",4,52,78,41,37
050,55,051,"Wisconsin","Iron County",4,53,74,41,33
050,55,051,"Wisconsin","Iron County",4,54,81,46,35
050,55,051,"Wisconsin","Iron County",4,55,75,36,39
050,55,051,"Wisconsin","Iron County",4,56,70,30,40
050,55,051,"Wisconsin","Iron County",4,57,95,49,46
050,55,051,"Wisconsin","Iron County",4,58,108,55,53
050,55,051,"Wisconsin","Iron County",4,59,110,59,51
050,55,051,"Wisconsin","Iron County",4,60,117,56,61
050,55,051,"Wisconsin","Iron County",4,61,127,62,65
050,55,051,"Wisconsin","Iron County",4,62,137,74,63
050,55,051,"Wisconsin","Iron County",4,63,140,71,69
050,55,051,"Wisconsin","Iron County",4,64,142,76,66
050,55,051,"Wisconsin","Iron County",4,65,140,77,63
050,55,051,"Wisconsin","Iron County",4,66,131,73,58
050,55,051,"Wisconsin","Iron County",4,67,132,67,65
050,55,051,"Wisconsin","Iron County",4,68,145,74,71
050,55,051,"Wisconsin","Iron County",4,69,129,64,65
050,55,051,"Wisconsin","Iron County",4,70,106,60,46
050,55,051,"Wisconsin","Iron County",4,71,103,57,46
050,55,051,"Wisconsin","Iron County",4,72,95,52,43
050,55,051,"Wisconsin","Iron County",4,73,102,61,41
050,55,051,"Wisconsin","Iron County",4,74,107,55,52
050,55,051,"Wisconsin","Iron County",4,75,107,60,47
050,55,051,"Wisconsin","Iron County",4,76,79,40,39
050,55,051,"Wisconsin","Iron County",4,77,74,37,37
050,55,051,"Wisconsin","Iron County",4,78,64,34,30
050,55,051,"Wisconsin","Iron County",4,79,61,31,30
050,55,051,"Wisconsin","Iron County",4,80,46,26,20
050,55,051,"Wisconsin","Iron County",4,81,52,27,25
050,55,051,"Wisconsin","Iron County",4,82,43,20,23
050,55,051,"Wisconsin","Iron County",4,83,48,26,22
050,55,051,"Wisconsin","Iron County",4,84,41,20,21
050,55,051,"Wisconsin","Iron County",4,85,239,81,158
050,55,051,"Wisconsin","Iron County",5,0,40,19,21
050,55,051,"Wisconsin","Iron County",5,1,41,20,21
050,55,051,"Wisconsin","Iron County",5,2,30,14,16
050,55,051,"Wisconsin","Iron County",5,3,53,27,26
050,55,051,"Wisconsin","Iron County",5,4,58,27,31
050,55,051,"Wisconsin","Iron County",5,5,49,24,25
050,55,051,"Wisconsin","Iron County",5,6,50,24,26
050,55,051,"Wisconsin","Iron County",5,7,57,21,36
050,55,051,"Wisconsin","Iron County",5,8,43,23,20
050,55,051,"Wisconsin","Iron County",5,9,54,30,24
050,55,051,"Wisconsin","Iron County",5,10,52,30,22
050,55,051,"Wisconsin","Iron County",5,11,58,26,32
050,55,051,"Wisconsin","Iron County",5,12,59,32,27
050,55,051,"Wisconsin","Iron County",5,13,61,33,28
050,55,051,"Wisconsin","Iron County",5,14,59,28,31
050,55,051,"Wisconsin","Iron County",5,15,76,33,43
050,55,051,"Wisconsin","Iron County",5,16,75,38,37
050,55,051,"Wisconsin","Iron County",5,17,79,41,38
050,55,051,"Wisconsin","Iron County",5,18,49,29,20
050,55,051,"Wisconsin","Iron County",5,19,42,23,19
050,55,051,"Wisconsin","Iron County",5,20,42,20,22
050,55,051,"Wisconsin","Iron County",5,21,46,21,25
050,55,051,"Wisconsin","Iron County",5,22,41,21,20
050,55,051,"Wisconsin","Iron County",5,23,29,17,12
050,55,051,"Wisconsin","Iron County",5,24,31,16,15
050,55,051,"Wisconsin","Iron County",5,25,33,14,19
050,55,051,"Wisconsin","Iron County",5,26,52,24,28
050,55,051,"Wisconsin","Iron County",5,27,48,23,25
050,55,051,"Wisconsin","Iron County",5,28,47,23,24
050,55,051,"Wisconsin","Iron County",5,29,55,35,20
050,55,051,"Wisconsin","Iron County",5,30,45,20,25
050,55,051,"Wisconsin","Iron County",5,31,51,25,26
050,55,051,"Wisconsin","Iron County",5,32,54,20,34
050,55,051,"Wisconsin","Iron County",5,33,61,34,27
050,55,051,"Wisconsin","Iron County",5,34,60,33,27
050,55,051,"Wisconsin","Iron County",5,35,54,21,33
050,55,051,"Wisconsin","Iron County",5,36,58,26,32
050,55,051,"Wisconsin","Iron County",5,37,48,24,24
050,55,051,"Wisconsin","Iron County",5,38,55,24,31
050,55,051,"Wisconsin","Iron County",5,39,61,29,32
050,55,051,"Wisconsin","Iron County",5,40,65,33,32
050,55,051,"Wisconsin","Iron County",5,41,67,37,30
050,55,051,"Wisconsin","Iron County",5,42,71,42,29
050,55,051,"Wisconsin","Iron County",5,43,57,25,32
050,55,051,"Wisconsin","Iron County",5,44,52,25,27
050,55,051,"Wisconsin","Iron County",5,45,60,27,33
050,55,051,"Wisconsin","Iron County",5,46,67,33,34
050,55,051,"Wisconsin","Iron County",5,47,72,35,37
050,55,051,"Wisconsin","Iron County",5,48,61,36,25
050,55,051,"Wisconsin","Iron County",5,49,64,36,28
050,55,051,"Wisconsin","Iron County",5,50,73,38,35
050,55,051,"Wisconsin","Iron County",5,51,78,39,39
050,55,051,"Wisconsin","Iron County",5,52,71,35,36
050,55,051,"Wisconsin","Iron County",5,53,83,44,39
050,55,051,"Wisconsin","Iron County",5,54,75,42,33
050,55,051,"Wisconsin","Iron County",5,55,76,42,34
050,55,051,"Wisconsin","Iron County",5,56,80,37,43
050,55,051,"Wisconsin","Iron County",5,57,78,34,44
050,55,051,"Wisconsin","Iron County",5,58,96,49,47
050,55,051,"Wisconsin","Iron County",5,59,108,56,52
050,55,051,"Wisconsin","Iron County",5,60,114,59,55
050,55,051,"Wisconsin","Iron County",5,61,126,62,64
050,55,051,"Wisconsin","Iron County",5,62,130,63,67
050,55,051,"Wisconsin","Iron County",5,63,139,74,65
050,55,051,"Wisconsin","Iron County",5,64,142,72,70
050,55,051,"Wisconsin","Iron County",5,65,145,73,72
050,55,051,"Wisconsin","Iron County",5,66,140,76,64
050,55,051,"Wisconsin","Iron County",5,67,127,70,57
050,55,051,"Wisconsin","Iron County",5,68,130,66,64
050,55,051,"Wisconsin","Iron County",5,69,143,71,72
050,55,051,"Wisconsin","Iron County",5,70,123,61,62
050,55,051,"Wisconsin","Iron County",5,71,101,57,44
050,55,051,"Wisconsin","Iron County",5,72,97,54,43
050,55,051,"Wisconsin","Iron County",5,73,93,53,40
050,55,051,"Wisconsin","Iron County",5,74,99,62,37
050,55,051,"Wisconsin","Iron County",5,75,104,51,53
050,55,051,"Wisconsin","Iron County",5,76,99,52,47
050,55,051,"Wisconsin","Iron County",5,77,73,40,33
050,55,051,"Wisconsin","Iron County",5,78,64,32,32
050,55,051,"Wisconsin","Iron County",5,79,59,30,29
050,55,051,"Wisconsin","Iron County",5,80,58,30,28
050,55,051,"Wisconsin","Iron County",5,81,45,23,22
050,55,051,"Wisconsin","Iron County",5,82,45,25,20
050,55,051,"Wisconsin","Iron County",5,83,39,19,20
050,55,051,"Wisconsin","Iron County",5,84,50,22,28
050,55,051,"Wisconsin","Iron County",5,85,233,82,151
050,55,053,"Wisconsin","Jackson County",1,0,241,122,119
050,55,053,"Wisconsin","Jackson County",1,1,245,119,126
050,55,053,"Wisconsin","Jackson County",1,2,217,98,119
050,55,053,"Wisconsin","Jackson County",1,3,235,115,120
050,55,053,"Wisconsin","Jackson County",1,4,252,131,121
050,55,053,"Wisconsin","Jackson County",1,5,271,147,124
050,55,053,"Wisconsin","Jackson County",1,6,249,133,116
050,55,053,"Wisconsin","Jackson County",1,7,247,135,112
050,55,053,"Wisconsin","Jackson County",1,8,241,131,110
050,55,053,"Wisconsin","Jackson County",1,9,239,121,118
050,55,053,"Wisconsin","Jackson County",1,10,272,144,128
050,55,053,"Wisconsin","Jackson County",1,11,267,136,131
050,55,053,"Wisconsin","Jackson County",1,12,292,142,150
050,55,053,"Wisconsin","Jackson County",1,13,272,144,128
050,55,053,"Wisconsin","Jackson County",1,14,259,132,127
050,55,053,"Wisconsin","Jackson County",1,15,263,136,127
050,55,053,"Wisconsin","Jackson County",1,16,255,129,126
050,55,053,"Wisconsin","Jackson County",1,17,277,142,135
050,55,053,"Wisconsin","Jackson County",1,18,239,120,119
050,55,053,"Wisconsin","Jackson County",1,19,203,116,87
050,55,053,"Wisconsin","Jackson County",1,20,195,113,82
050,55,053,"Wisconsin","Jackson County",1,21,187,110,77
050,55,053,"Wisconsin","Jackson County",1,22,227,122,105
050,55,053,"Wisconsin","Jackson County",1,23,236,141,95
050,55,053,"Wisconsin","Jackson County",1,24,240,150,90
050,55,053,"Wisconsin","Jackson County",1,25,240,152,88
050,55,053,"Wisconsin","Jackson County",1,26,249,152,97
050,55,053,"Wisconsin","Jackson County",1,27,288,170,118
050,55,053,"Wisconsin","Jackson County",1,28,255,156,99
050,55,053,"Wisconsin","Jackson County",1,29,274,168,106
050,55,053,"Wisconsin","Jackson County",1,30,272,164,108
050,55,053,"Wisconsin","Jackson County",1,31,269,155,114
050,55,053,"Wisconsin","Jackson County",1,32,248,150,98
050,55,053,"Wisconsin","Jackson County",1,33,236,144,92
050,55,053,"Wisconsin","Jackson County",1,34,241,140,101
050,55,053,"Wisconsin","Jackson County",1,35,249,157,92
050,55,053,"Wisconsin","Jackson County",1,36,254,147,107
050,55,053,"Wisconsin","Jackson County",1,37,248,136,112
050,55,053,"Wisconsin","Jackson County",1,38,243,128,115
050,55,053,"Wisconsin","Jackson County",1,39,249,136,113
050,55,053,"Wisconsin","Jackson County",1,40,293,165,128
050,55,053,"Wisconsin","Jackson County",1,41,281,159,122
050,55,053,"Wisconsin","Jackson County",1,42,241,132,109
050,55,053,"Wisconsin","Jackson County",1,43,234,130,104
050,55,053,"Wisconsin","Jackson County",1,44,214,120,94
050,55,053,"Wisconsin","Jackson County",1,45,229,128,101
050,55,053,"Wisconsin","Jackson County",1,46,241,140,101
050,55,053,"Wisconsin","Jackson County",1,47,237,129,108
050,55,053,"Wisconsin","Jackson County",1,48,260,144,116
050,55,053,"Wisconsin","Jackson County",1,49,287,155,132
050,55,053,"Wisconsin","Jackson County",1,50,281,160,121
050,55,053,"Wisconsin","Jackson County",1,51,274,157,117
050,55,053,"Wisconsin","Jackson County",1,52,272,150,122
050,55,053,"Wisconsin","Jackson County",1,53,277,147,130
050,55,053,"Wisconsin","Jackson County",1,54,301,155,146
050,55,053,"Wisconsin","Jackson County",1,55,327,164,163
050,55,053,"Wisconsin","Jackson County",1,56,296,148,148
050,55,053,"Wisconsin","Jackson County",1,57,316,158,158
050,55,053,"Wisconsin","Jackson County",1,58,347,191,156
050,55,053,"Wisconsin","Jackson County",1,59,328,176,152
050,55,053,"Wisconsin","Jackson County",1,60,329,172,157
050,55,053,"Wisconsin","Jackson County",1,61,307,165,142
050,55,053,"Wisconsin","Jackson County",1,62,338,187,151
050,55,053,"Wisconsin","Jackson County",1,63,311,168,143
050,55,053,"Wisconsin","Jackson County",1,64,291,160,131
050,55,053,"Wisconsin","Jackson County",1,65,300,166,134
050,55,053,"Wisconsin","Jackson County",1,66,281,150,131
050,55,053,"Wisconsin","Jackson County",1,67,287,151,136
050,55,053,"Wisconsin","Jackson County",1,68,256,129,127
050,55,053,"Wisconsin","Jackson County",1,69,232,114,118
050,55,053,"Wisconsin","Jackson County",1,70,236,121,115
050,55,053,"Wisconsin","Jackson County",1,71,235,121,114
050,55,053,"Wisconsin","Jackson County",1,72,210,103,107
050,55,053,"Wisconsin","Jackson County",1,73,215,111,104
050,55,053,"Wisconsin","Jackson County",1,74,175,88,87
050,55,053,"Wisconsin","Jackson County",1,75,181,95,86
050,55,053,"Wisconsin","Jackson County",1,76,158,87,71
050,55,053,"Wisconsin","Jackson County",1,77,166,87,79
050,55,053,"Wisconsin","Jackson County",1,78,135,65,70
050,55,053,"Wisconsin","Jackson County",1,79,118,59,59
050,55,053,"Wisconsin","Jackson County",1,80,111,47,64
050,55,053,"Wisconsin","Jackson County",1,81,103,46,57
050,55,053,"Wisconsin","Jackson County",1,82,99,42,57
050,55,053,"Wisconsin","Jackson County",1,83,86,34,52
050,55,053,"Wisconsin","Jackson County",1,84,77,38,39
050,55,053,"Wisconsin","Jackson County",1,85,433,177,256
050,55,053,"Wisconsin","Jackson County",2,0,229,117,112
050,55,053,"Wisconsin","Jackson County",2,1,242,118,124
050,55,053,"Wisconsin","Jackson County",2,2,223,102,121
050,55,053,"Wisconsin","Jackson County",2,3,229,112,117
050,55,053,"Wisconsin","Jackson County",2,4,251,129,122
050,55,053,"Wisconsin","Jackson County",2,5,262,140,122
050,55,053,"Wisconsin","Jackson County",2,6,256,138,118
050,55,053,"Wisconsin","Jackson County",2,7,246,135,111
050,55,053,"Wisconsin","Jackson County",2,8,239,130,109
050,55,053,"Wisconsin","Jackson County",2,9,240,123,117
050,55,053,"Wisconsin","Jackson County",2,10,263,137,126
050,55,053,"Wisconsin","Jackson County",2,11,269,138,131
050,55,053,"Wisconsin","Jackson County",2,12,283,139,144
050,55,053,"Wisconsin","Jackson County",2,13,274,141,133
050,55,053,"Wisconsin","Jackson County",2,14,263,134,129
050,55,053,"Wisconsin","Jackson County",2,15,259,132,127
050,55,053,"Wisconsin","Jackson County",2,16,255,130,125
050,55,053,"Wisconsin","Jackson County",2,17,270,137,133
050,55,053,"Wisconsin","Jackson County",2,18,235,121,114
050,55,053,"Wisconsin","Jackson County",2,19,200,111,89
050,55,053,"Wisconsin","Jackson County",2,20,201,116,85
050,55,053,"Wisconsin","Jackson County",2,21,196,115,81
050,55,053,"Wisconsin","Jackson County",2,22,220,121,99
050,55,053,"Wisconsin","Jackson County",2,23,242,143,99
050,55,053,"Wisconsin","Jackson County",2,24,239,148,91
050,55,053,"Wisconsin","Jackson County",2,25,245,156,89
050,55,053,"Wisconsin","Jackson County",2,26,243,148,95
050,55,053,"Wisconsin","Jackson County",2,27,281,170,111
050,55,053,"Wisconsin","Jackson County",2,28,266,161,105
050,55,053,"Wisconsin","Jackson County",2,29,273,167,106
050,55,053,"Wisconsin","Jackson County",2,30,270,163,107
050,55,053,"Wisconsin","Jackson County",2,31,267,155,112
050,55,053,"Wisconsin","Jackson County",2,32,252,149,103
050,55,053,"Wisconsin","Jackson County",2,33,237,144,93
050,55,053,"Wisconsin","Jackson County",2,34,241,142,99
050,55,053,"Wisconsin","Jackson County",2,35,251,156,95
050,55,053,"Wisconsin","Jackson County",2,36,251,147,104
050,55,053,"Wisconsin","Jackson County",2,37,247,139,108
050,55,053,"Wisconsin","Jackson County",2,38,243,129,114
050,55,053,"Wisconsin","Jackson County",2,39,252,138,114
050,55,053,"Wisconsin","Jackson County",2,40,284,158,126
050,55,053,"Wisconsin","Jackson County",2,41,281,159,122
050,55,053,"Wisconsin","Jackson County",2,42,247,137,110
050,55,053,"Wisconsin","Jackson County",2,43,238,133,105
050,55,053,"Wisconsin","Jackson County",2,44,216,120,96
050,55,053,"Wisconsin","Jackson County",2,45,230,129,101
050,55,053,"Wisconsin","Jackson County",2,46,236,136,100
050,55,053,"Wisconsin","Jackson County",2,47,237,131,106
050,55,053,"Wisconsin","Jackson County",2,48,255,141,114
050,55,053,"Wisconsin","Jackson County",2,49,280,154,126
050,55,053,"Wisconsin","Jackson County",2,50,282,158,124
050,55,053,"Wisconsin","Jackson County",2,51,275,156,119
050,55,053,"Wisconsin","Jackson County",2,52,272,151,121
050,55,053,"Wisconsin","Jackson County",2,53,275,145,130
050,55,053,"Wisconsin","Jackson County",2,54,294,153,141
050,55,053,"Wisconsin","Jackson County",2,55,320,162,158
050,55,053,"Wisconsin","Jackson County",2,56,301,150,151
050,55,053,"Wisconsin","Jackson County",2,57,315,159,156
050,55,053,"Wisconsin","Jackson County",2,58,336,180,156
050,55,053,"Wisconsin","Jackson County",2,59,335,181,154
050,55,053,"Wisconsin","Jackson County",2,60,324,169,155
050,55,053,"Wisconsin","Jackson County",2,61,312,168,144
050,55,053,"Wisconsin","Jackson County",2,62,328,181,147
050,55,053,"Wisconsin","Jackson County",2,63,318,173,145
050,55,053,"Wisconsin","Jackson County",2,64,293,162,131
050,55,053,"Wisconsin","Jackson County",2,65,297,163,134
050,55,053,"Wisconsin","Jackson County",2,66,280,149,131
050,55,053,"Wisconsin","Jackson County",2,67,284,151,133
050,55,053,"Wisconsin","Jackson County",2,68,259,132,127
050,55,053,"Wisconsin","Jackson County",2,69,241,120,121
050,55,053,"Wisconsin","Jackson County",2,70,231,118,113
050,55,053,"Wisconsin","Jackson County",2,71,231,121,110
050,55,053,"Wisconsin","Jackson County",2,72,214,107,107
050,55,053,"Wisconsin","Jackson County",2,73,224,113,111
050,55,053,"Wisconsin","Jackson County",2,74,171,87,84
050,55,053,"Wisconsin","Jackson County",2,75,178,91,87
050,55,053,"Wisconsin","Jackson County",2,76,160,88,72
050,55,053,"Wisconsin","Jackson County",2,77,167,87,80
050,55,053,"Wisconsin","Jackson County",2,78,138,67,71
050,55,053,"Wisconsin","Jackson County",2,79,118,59,59
050,55,053,"Wisconsin","Jackson County",2,80,112,49,63
050,55,053,"Wisconsin","Jackson County",2,81,103,46,57
050,55,053,"Wisconsin","Jackson County",2,82,101,43,58
050,55,053,"Wisconsin","Jackson County",2,83,87,36,51
050,55,053,"Wisconsin","Jackson County",2,84,77,37,40
050,55,053,"Wisconsin","Jackson County",2,85,434,177,257
050,55,053,"Wisconsin","Jackson County",3,0,213,104,109
050,55,053,"Wisconsin","Jackson County",3,1,231,121,110
050,55,053,"Wisconsin","Jackson County",3,2,232,112,120
050,55,053,"Wisconsin","Jackson County",3,3,221,97,124
050,55,053,"Wisconsin","Jackson County",3,4,243,117,126
050,55,053,"Wisconsin","Jackson County",3,5,254,124,130
050,55,053,"Wisconsin","Jackson County",3,6,271,144,127
050,55,053,"Wisconsin","Jackson County",3,7,263,142,121
050,55,053,"Wisconsin","Jackson County",3,8,242,132,110
050,55,053,"Wisconsin","Jackson County",3,9,232,127,105
050,55,053,"Wisconsin","Jackson County",3,10,242,119,123
050,55,053,"Wisconsin","Jackson County",3,11,258,136,122
050,55,053,"Wisconsin","Jackson County",3,12,272,143,129
050,55,053,"Wisconsin","Jackson County",3,13,293,144,149
050,55,053,"Wisconsin","Jackson County",3,14,264,131,133
050,55,053,"Wisconsin","Jackson County",3,15,260,136,124
050,55,053,"Wisconsin","Jackson County",3,16,266,139,127
050,55,053,"Wisconsin","Jackson County",3,17,247,129,118
050,55,053,"Wisconsin","Jackson County",3,18,235,125,110
050,55,053,"Wisconsin","Jackson County",3,19,183,97,86
050,55,053,"Wisconsin","Jackson County",3,20,197,113,84
050,55,053,"Wisconsin","Jackson County",3,21,200,117,83
050,55,053,"Wisconsin","Jackson County",3,22,209,118,91
050,55,053,"Wisconsin","Jackson County",3,23,227,131,96
050,55,053,"Wisconsin","Jackson County",3,24,218,119,99
050,55,053,"Wisconsin","Jackson County",3,25,234,147,87
050,55,053,"Wisconsin","Jackson County",3,26,214,123,91
050,55,053,"Wisconsin","Jackson County",3,27,257,152,105
050,55,053,"Wisconsin","Jackson County",3,28,265,154,111
050,55,053,"Wisconsin","Jackson County",3,29,264,162,102
050,55,053,"Wisconsin","Jackson County",3,30,253,153,100
050,55,053,"Wisconsin","Jackson County",3,31,268,154,114
050,55,053,"Wisconsin","Jackson County",3,32,267,151,116
050,55,053,"Wisconsin","Jackson County",3,33,249,149,100
050,55,053,"Wisconsin","Jackson County",3,34,230,142,88
050,55,053,"Wisconsin","Jackson County",3,35,238,140,98
050,55,053,"Wisconsin","Jackson County",3,36,239,142,97
050,55,053,"Wisconsin","Jackson County",3,37,255,147,108
050,55,053,"Wisconsin","Jackson County",3,38,237,134,103
050,55,053,"Wisconsin","Jackson County",3,39,256,138,118
050,55,053,"Wisconsin","Jackson County",3,40,256,140,116
050,55,053,"Wisconsin","Jackson County",3,41,279,161,118
050,55,053,"Wisconsin","Jackson County",3,42,281,155,126
050,55,053,"Wisconsin","Jackson County",3,43,256,141,115
050,55,053,"Wisconsin","Jackson County",3,44,234,124,110
050,55,053,"Wisconsin","Jackson County",3,45,220,120,100
050,55,053,"Wisconsin","Jackson County",3,46,220,118,102
050,55,053,"Wisconsin","Jackson County",3,47,234,131,103
050,55,053,"Wisconsin","Jackson County",3,48,238,129,109
050,55,053,"Wisconsin","Jackson County",3,49,252,142,110
050,55,053,"Wisconsin","Jackson County",3,50,287,157,130
050,55,053,"Wisconsin","Jackson County",3,51,278,151,127
050,55,053,"Wisconsin","Jackson County",3,52,267,155,112
050,55,053,"Wisconsin","Jackson County",3,53,262,141,121
050,55,053,"Wisconsin","Jackson County",3,54,279,150,129
050,55,053,"Wisconsin","Jackson County",3,55,294,154,140
050,55,053,"Wisconsin","Jackson County",3,56,318,157,161
050,55,053,"Wisconsin","Jackson County",3,57,305,156,149
050,55,053,"Wisconsin","Jackson County",3,58,315,156,159
050,55,053,"Wisconsin","Jackson County",3,59,340,184,156
050,55,053,"Wisconsin","Jackson County",3,60,334,177,157
050,55,053,"Wisconsin","Jackson County",3,61,325,166,159
050,55,053,"Wisconsin","Jackson County",3,62,301,156,145
050,55,053,"Wisconsin","Jackson County",3,63,323,176,147
050,55,053,"Wisconsin","Jackson County",3,64,315,172,143
050,55,053,"Wisconsin","Jackson County",3,65,295,163,132
050,55,053,"Wisconsin","Jackson County",3,66,285,158,127
050,55,053,"Wisconsin","Jackson County",3,67,287,152,135
050,55,053,"Wisconsin","Jackson County",3,68,278,143,135
050,55,053,"Wisconsin","Jackson County",3,69,252,130,122
050,55,053,"Wisconsin","Jackson County",3,70,240,117,123
050,55,053,"Wisconsin","Jackson County",3,71,229,117,112
050,55,053,"Wisconsin","Jackson County",3,72,221,115,106
050,55,053,"Wisconsin","Jackson County",3,73,197,99,98
050,55,053,"Wisconsin","Jackson County",3,74,215,105,110
050,55,053,"Wisconsin","Jackson County",3,75,171,84,87
050,55,053,"Wisconsin","Jackson County",3,76,167,84,83
050,55,053,"Wisconsin","Jackson County",3,77,161,88,73
050,55,053,"Wisconsin","Jackson County",3,78,160,79,81
050,55,053,"Wisconsin","Jackson County",3,79,123,63,60
050,55,053,"Wisconsin","Jackson County",3,80,108,52,56
050,55,053,"Wisconsin","Jackson County",3,81,105,45,60
050,55,053,"Wisconsin","Jackson County",3,82,94,38,56
050,55,053,"Wisconsin","Jackson County",3,83,89,41,48
050,55,053,"Wisconsin","Jackson County",3,84,85,37,48
050,55,053,"Wisconsin","Jackson County",3,85,441,184,257
050,55,053,"Wisconsin","Jackson County",4,0,223,108,115
050,55,053,"Wisconsin","Jackson County",4,1,215,103,112
050,55,053,"Wisconsin","Jackson County",4,2,221,117,104
050,55,053,"Wisconsin","Jackson County",4,3,245,118,127
050,55,053,"Wisconsin","Jackson County",4,4,210,87,123
050,55,053,"Wisconsin","Jackson County",4,5,242,115,127
050,55,053,"Wisconsin","Jackson County",4,6,256,133,123
050,55,053,"Wisconsin","Jackson County",4,7,273,149,124
050,55,053,"Wisconsin","Jackson County",4,8,255,133,122
050,55,053,"Wisconsin","Jackson County",4,9,237,127,110
050,55,053,"Wisconsin","Jackson County",4,10,229,123,106
050,55,053,"Wisconsin","Jackson County",4,11,242,119,123
050,55,053,"Wisconsin","Jackson County",4,12,259,138,121
050,55,053,"Wisconsin","Jackson County",4,13,278,142,136
050,55,053,"Wisconsin","Jackson County",4,14,292,147,145
050,55,053,"Wisconsin","Jackson County",4,15,277,137,140
050,55,053,"Wisconsin","Jackson County",4,16,259,135,124
050,55,053,"Wisconsin","Jackson County",4,17,265,140,125
050,55,053,"Wisconsin","Jackson County",4,18,211,115,96
050,55,053,"Wisconsin","Jackson County",4,19,178,105,73
050,55,053,"Wisconsin","Jackson County",4,20,183,102,81
050,55,053,"Wisconsin","Jackson County",4,21,199,115,84
050,55,053,"Wisconsin","Jackson County",4,22,192,110,82
050,55,053,"Wisconsin","Jackson County",4,23,226,139,87
050,55,053,"Wisconsin","Jackson County",4,24,235,131,104
050,55,053,"Wisconsin","Jackson County",4,25,230,135,95
050,55,053,"Wisconsin","Jackson County",4,26,209,124,85
050,55,053,"Wisconsin","Jackson County",4,27,243,146,97
050,55,053,"Wisconsin","Jackson County",4,28,256,145,111
050,55,053,"Wisconsin","Jackson County",4,29,299,176,123
050,55,053,"Wisconsin","Jackson County",4,30,248,153,95
050,55,053,"Wisconsin","Jackson County",4,31,265,160,105
050,55,053,"Wisconsin","Jackson County",4,32,263,146,117
050,55,053,"Wisconsin","Jackson County",4,33,280,155,125
050,55,053,"Wisconsin","Jackson County",4,34,241,149,92
050,55,053,"Wisconsin","Jackson County",4,35,245,153,92
050,55,053,"Wisconsin","Jackson County",4,36,234,132,102
050,55,053,"Wisconsin","Jackson County",4,37,241,141,100
050,55,053,"Wisconsin","Jackson County",4,38,243,137,106
050,55,053,"Wisconsin","Jackson County",4,39,255,144,111
050,55,053,"Wisconsin","Jackson County",4,40,254,129,125
050,55,053,"Wisconsin","Jackson County",4,41,264,151,113
050,55,053,"Wisconsin","Jackson County",4,42,281,160,121
050,55,053,"Wisconsin","Jackson County",4,43,278,156,122
050,55,053,"Wisconsin","Jackson County",4,44,252,141,111
050,55,053,"Wisconsin","Jackson County",4,45,241,130,111
050,55,053,"Wisconsin","Jackson County",4,46,221,120,101
050,55,053,"Wisconsin","Jackson County",4,47,220,117,103
050,55,053,"Wisconsin","Jackson County",4,48,229,132,97
050,55,053,"Wisconsin","Jackson County",4,49,230,129,101
050,55,053,"Wisconsin","Jackson County",4,50,252,147,105
050,55,053,"Wisconsin","Jackson County",4,51,286,157,129
050,55,053,"Wisconsin","Jackson County",4,52,267,145,122
050,55,053,"Wisconsin","Jackson County",4,53,252,140,112
050,55,053,"Wisconsin","Jackson County",4,54,267,147,120
050,55,053,"Wisconsin","Jackson County",4,55,282,151,131
050,55,053,"Wisconsin","Jackson County",4,56,279,142,137
050,55,053,"Wisconsin","Jackson County",4,57,331,163,168
050,55,053,"Wisconsin","Jackson County",4,58,297,153,144
050,55,053,"Wisconsin","Jackson County",4,59,327,162,165
050,55,053,"Wisconsin","Jackson County",4,60,331,177,154
050,55,053,"Wisconsin","Jackson County",4,61,339,187,152
050,55,053,"Wisconsin","Jackson County",4,62,320,164,156
050,55,053,"Wisconsin","Jackson County",4,63,294,145,149
050,55,053,"Wisconsin","Jackson County",4,64,326,178,148
050,55,053,"Wisconsin","Jackson County",4,65,315,173,142
050,55,053,"Wisconsin","Jackson County",4,66,290,163,127
050,55,053,"Wisconsin","Jackson County",4,67,283,155,128
050,55,053,"Wisconsin","Jackson County",4,68,280,144,136
050,55,053,"Wisconsin","Jackson County",4,69,273,143,130
050,55,053,"Wisconsin","Jackson County",4,70,242,121,121
050,55,053,"Wisconsin","Jackson County",4,71,242,120,122
050,55,053,"Wisconsin","Jackson County",4,72,212,111,101
050,55,053,"Wisconsin","Jackson County",4,73,209,113,96
050,55,053,"Wisconsin","Jackson County",4,74,188,93,95
050,55,053,"Wisconsin","Jackson County",4,75,207,100,107
050,55,053,"Wisconsin","Jackson County",4,76,157,76,81
050,55,053,"Wisconsin","Jackson County",4,77,165,83,82
050,55,053,"Wisconsin","Jackson County",4,78,156,83,73
050,55,053,"Wisconsin","Jackson County",4,79,146,75,71
050,55,053,"Wisconsin","Jackson County",4,80,115,61,54
050,55,053,"Wisconsin","Jackson County",4,81,100,47,53
050,55,053,"Wisconsin","Jackson County",4,82,105,43,62
050,55,053,"Wisconsin","Jackson County",4,83,83,36,47
050,55,053,"Wisconsin","Jackson County",4,84,89,43,46
050,55,053,"Wisconsin","Jackson County",4,85,462,185,277
050,55,053,"Wisconsin","Jackson County",5,0,212,101,111
050,55,053,"Wisconsin","Jackson County",5,1,229,117,112
050,55,053,"Wisconsin","Jackson County",5,2,220,107,113
050,55,053,"Wisconsin","Jackson County",5,3,218,109,109
050,55,053,"Wisconsin","Jackson County",5,4,248,118,130
050,55,053,"Wisconsin","Jackson County",5,5,213,89,124
050,55,053,"Wisconsin","Jackson County",5,6,228,109,119
050,55,053,"Wisconsin","Jackson County",5,7,252,126,126
050,55,053,"Wisconsin","Jackson County",5,8,273,148,125
050,55,053,"Wisconsin","Jackson County",5,9,262,137,125
050,55,053,"Wisconsin","Jackson County",5,10,228,127,101
050,55,053,"Wisconsin","Jackson County",5,11,236,132,104
050,55,053,"Wisconsin","Jackson County",5,12,249,119,130
050,55,053,"Wisconsin","Jackson County",5,13,257,144,113
050,55,053,"Wisconsin","Jackson County",5,14,281,144,137
050,55,053,"Wisconsin","Jackson County",5,15,275,140,135
050,55,053,"Wisconsin","Jackson County",5,16,279,135,144
050,55,053,"Wisconsin","Jackson County",5,17,257,137,120
050,55,053,"Wisconsin","Jackson County",5,18,231,125,106
050,55,053,"Wisconsin","Jackson County",5,19,170,95,75
050,55,053,"Wisconsin","Jackson County",5,20,195,110,85
050,55,053,"Wisconsin","Jackson County",5,21,175,100,75
050,55,053,"Wisconsin","Jackson County",5,22,207,120,87
050,55,053,"Wisconsin","Jackson County",5,23,207,129,78
050,55,053,"Wisconsin","Jackson County",5,24,229,141,88
050,55,053,"Wisconsin","Jackson County",5,25,247,145,102
050,55,053,"Wisconsin","Jackson County",5,26,205,116,89
050,55,053,"Wisconsin","Jackson County",5,27,227,144,83
050,55,053,"Wisconsin","Jackson County",5,28,239,145,94
050,55,053,"Wisconsin","Jackson County",5,29,268,153,115
050,55,053,"Wisconsin","Jackson County",5,30,278,165,113
050,55,053,"Wisconsin","Jackson County",5,31,255,151,104
050,55,053,"Wisconsin","Jackson County",5,32,259,157,102
050,55,053,"Wisconsin","Jackson County",5,33,268,151,117
050,55,053,"Wisconsin","Jackson County",5,34,271,150,121
050,55,053,"Wisconsin","Jackson County",5,35,244,150,94
050,55,053,"Wisconsin","Jackson County",5,36,242,149,93
050,55,053,"Wisconsin","Jackson County",5,37,240,137,103
050,55,053,"Wisconsin","Jackson County",5,38,240,133,107
050,55,053,"Wisconsin","Jackson County",5,39,255,145,110
050,55,053,"Wisconsin","Jackson County",5,40,233,127,106
050,55,053,"Wisconsin","Jackson County",5,41,250,129,121
050,55,053,"Wisconsin","Jackson County",5,42,255,148,107
050,55,053,"Wisconsin","Jackson County",5,43,293,169,124
050,55,053,"Wisconsin","Jackson County",5,44,276,151,125
050,55,053,"Wisconsin","Jackson County",5,45,258,141,117
050,55,053,"Wisconsin","Jackson County",5,46,242,130,112
050,55,053,"Wisconsin","Jackson County",5,47,229,124,105
050,55,053,"Wisconsin","Jackson County",5,48,219,119,100
050,55,053,"Wisconsin","Jackson County",5,49,227,133,94
050,55,053,"Wisconsin","Jackson County",5,50,237,134,103
050,55,053,"Wisconsin","Jackson County",5,51,252,146,106
050,55,053,"Wisconsin","Jackson County",5,52,272,148,124
050,55,053,"Wisconsin","Jackson County",5,53,269,139,130
050,55,053,"Wisconsin","Jackson County",5,54,256,143,113
050,55,053,"Wisconsin","Jackson County",5,55,269,149,120
050,55,053,"Wisconsin","Jackson County",5,56,280,145,135
050,55,053,"Wisconsin","Jackson County",5,57,284,151,133
050,55,053,"Wisconsin","Jackson County",5,58,324,156,168
050,55,053,"Wisconsin","Jackson County",5,59,306,160,146
050,55,053,"Wisconsin","Jackson County",5,60,322,154,168
050,55,053,"Wisconsin","Jackson County",5,61,328,181,147
050,55,053,"Wisconsin","Jackson County",5,62,332,180,152
050,55,053,"Wisconsin","Jackson County",5,63,313,156,157
050,55,053,"Wisconsin","Jackson County",5,64,293,143,150
050,55,053,"Wisconsin","Jackson County",5,65,324,178,146
050,55,053,"Wisconsin","Jackson County",5,66,310,167,143
050,55,053,"Wisconsin","Jackson County",5,67,294,168,126
050,55,053,"Wisconsin","Jackson County",5,68,273,147,126
050,55,053,"Wisconsin","Jackson County",5,69,271,143,128
050,55,053,"Wisconsin","Jackson County",5,70,263,136,127
050,55,053,"Wisconsin","Jackson County",5,71,246,127,119
050,55,053,"Wisconsin","Jackson County",5,72,231,115,116
050,55,053,"Wisconsin","Jackson County",5,73,202,108,94
050,55,053,"Wisconsin","Jackson County",5,74,202,109,93
050,55,053,"Wisconsin","Jackson County",5,75,189,92,97
050,55,053,"Wisconsin","Jackson County",5,76,193,93,100
050,55,053,"Wisconsin","Jackson County",5,77,159,73,86
050,55,053,"Wisconsin","Jackson County",5,78,156,78,78
050,55,053,"Wisconsin","Jackson County",5,79,141,77,64
050,55,053,"Wisconsin","Jackson County",5,80,136,70,66
050,55,053,"Wisconsin","Jackson County",5,81,107,57,50
050,55,053,"Wisconsin","Jackson County",5,82,102,46,56
050,55,053,"Wisconsin","Jackson County",5,83,90,41,49
050,55,053,"Wisconsin","Jackson County",5,84,81,35,46
050,55,053,"Wisconsin","Jackson County",5,85,497,201,296
050,55,055,"Wisconsin","Jefferson County",1,0,762,392,370
050,55,055,"Wisconsin","Jefferson County",1,1,825,427,398
050,55,055,"Wisconsin","Jefferson County",1,2,858,437,421
050,55,055,"Wisconsin","Jefferson County",1,3,857,426,431
050,55,055,"Wisconsin","Jefferson County",1,4,890,471,419
050,55,055,"Wisconsin","Jefferson County",1,5,907,471,436
050,55,055,"Wisconsin","Jefferson County",1,6,946,463,483
050,55,055,"Wisconsin","Jefferson County",1,7,934,483,451
050,55,055,"Wisconsin","Jefferson County",1,8,949,515,434
050,55,055,"Wisconsin","Jefferson County",1,9,954,500,454
050,55,055,"Wisconsin","Jefferson County",1,10,1007,521,486
050,55,055,"Wisconsin","Jefferson County",1,11,1041,550,491
050,55,055,"Wisconsin","Jefferson County",1,12,1089,587,502
050,55,055,"Wisconsin","Jefferson County",1,13,1137,596,541
050,55,055,"Wisconsin","Jefferson County",1,14,1118,584,534
050,55,055,"Wisconsin","Jefferson County",1,15,1127,596,531
050,55,055,"Wisconsin","Jefferson County",1,16,1171,609,562
050,55,055,"Wisconsin","Jefferson County",1,17,1127,578,549
050,55,055,"Wisconsin","Jefferson County",1,18,1581,742,839
050,55,055,"Wisconsin","Jefferson County",1,19,2061,1032,1029
050,55,055,"Wisconsin","Jefferson County",1,20,1647,857,790
050,55,055,"Wisconsin","Jefferson County",1,21,1060,541,519
050,55,055,"Wisconsin","Jefferson County",1,22,983,516,467
050,55,055,"Wisconsin","Jefferson County",1,23,920,471,449
050,55,055,"Wisconsin","Jefferson County",1,24,875,440,435
050,55,055,"Wisconsin","Jefferson County",1,25,887,452,435
050,55,055,"Wisconsin","Jefferson County",1,26,938,462,476
050,55,055,"Wisconsin","Jefferson County",1,27,939,467,472
050,55,055,"Wisconsin","Jefferson County",1,28,961,497,464
050,55,055,"Wisconsin","Jefferson County",1,29,922,485,437
050,55,055,"Wisconsin","Jefferson County",1,30,996,524,472
050,55,055,"Wisconsin","Jefferson County",1,31,952,486,466
050,55,055,"Wisconsin","Jefferson County",1,32,984,487,497
050,55,055,"Wisconsin","Jefferson County",1,33,1010,505,505
050,55,055,"Wisconsin","Jefferson County",1,34,1077,527,550
050,55,055,"Wisconsin","Jefferson County",1,35,1072,514,558
050,55,055,"Wisconsin","Jefferson County",1,36,1080,523,557
050,55,055,"Wisconsin","Jefferson County",1,37,1129,551,578
050,55,055,"Wisconsin","Jefferson County",1,38,1132,570,562
050,55,055,"Wisconsin","Jefferson County",1,39,1123,564,559
050,55,055,"Wisconsin","Jefferson County",1,40,1125,596,529
050,55,055,"Wisconsin","Jefferson County",1,41,1073,542,531
050,55,055,"Wisconsin","Jefferson County",1,42,1046,536,510
050,55,055,"Wisconsin","Jefferson County",1,43,1016,512,504
050,55,055,"Wisconsin","Jefferson County",1,44,1025,532,493
050,55,055,"Wisconsin","Jefferson County",1,45,1082,569,513
050,55,055,"Wisconsin","Jefferson County",1,46,1072,560,512
050,55,055,"Wisconsin","Jefferson County",1,47,1030,537,493
050,55,055,"Wisconsin","Jefferson County",1,48,1098,558,540
050,55,055,"Wisconsin","Jefferson County",1,49,1214,630,584
050,55,055,"Wisconsin","Jefferson County",1,50,1164,605,559
050,55,055,"Wisconsin","Jefferson County",1,51,1129,580,549
050,55,055,"Wisconsin","Jefferson County",1,52,1131,570,561
050,55,055,"Wisconsin","Jefferson County",1,53,1168,586,582
050,55,055,"Wisconsin","Jefferson County",1,54,1188,601,587
050,55,055,"Wisconsin","Jefferson County",1,55,1291,671,620
050,55,055,"Wisconsin","Jefferson County",1,56,1359,697,662
050,55,055,"Wisconsin","Jefferson County",1,57,1309,658,651
050,55,055,"Wisconsin","Jefferson County",1,58,1295,647,648
050,55,055,"Wisconsin","Jefferson County",1,59,1297,644,653
050,55,055,"Wisconsin","Jefferson County",1,60,1299,642,657
050,55,055,"Wisconsin","Jefferson County",1,61,1261,625,636
050,55,055,"Wisconsin","Jefferson County",1,62,1236,607,629
050,55,055,"Wisconsin","Jefferson County",1,63,1159,583,576
050,55,055,"Wisconsin","Jefferson County",1,64,1111,568,543
050,55,055,"Wisconsin","Jefferson County",1,65,1127,560,567
050,55,055,"Wisconsin","Jefferson County",1,66,1094,548,546
050,55,055,"Wisconsin","Jefferson County",1,67,1043,527,516
050,55,055,"Wisconsin","Jefferson County",1,68,1061,528,533
050,55,055,"Wisconsin","Jefferson County",1,69,932,461,471
050,55,055,"Wisconsin","Jefferson County",1,70,859,423,436
050,55,055,"Wisconsin","Jefferson County",1,71,838,416,422
050,55,055,"Wisconsin","Jefferson County",1,72,850,410,440
050,55,055,"Wisconsin","Jefferson County",1,73,825,394,431
050,55,055,"Wisconsin","Jefferson County",1,74,596,277,319
050,55,055,"Wisconsin","Jefferson County",1,75,568,267,301
050,55,055,"Wisconsin","Jefferson County",1,76,591,278,313
050,55,055,"Wisconsin","Jefferson County",1,77,581,283,298
050,55,055,"Wisconsin","Jefferson County",1,78,462,217,245
050,55,055,"Wisconsin","Jefferson County",1,79,402,178,224
050,55,055,"Wisconsin","Jefferson County",1,80,401,181,220
050,55,055,"Wisconsin","Jefferson County",1,81,370,162,208
050,55,055,"Wisconsin","Jefferson County",1,82,326,155,171
050,55,055,"Wisconsin","Jefferson County",1,83,300,136,164
050,55,055,"Wisconsin","Jefferson County",1,84,261,114,147
050,55,055,"Wisconsin","Jefferson County",1,85,1468,554,914
050,55,055,"Wisconsin","Jefferson County",2,0,793,411,382
050,55,055,"Wisconsin","Jefferson County",2,1,808,416,392
050,55,055,"Wisconsin","Jefferson County",2,2,850,433,417
050,55,055,"Wisconsin","Jefferson County",2,3,856,429,427
050,55,055,"Wisconsin","Jefferson County",2,4,881,457,424
050,55,055,"Wisconsin","Jefferson County",2,5,902,467,435
050,55,055,"Wisconsin","Jefferson County",2,6,939,467,472
050,55,055,"Wisconsin","Jefferson County",2,7,938,480,458
050,55,055,"Wisconsin","Jefferson County",2,8,940,504,436
050,55,055,"Wisconsin","Jefferson County",2,9,950,506,444
050,55,055,"Wisconsin","Jefferson County",2,10,996,518,478
050,55,055,"Wisconsin","Jefferson County",2,11,1031,544,487
050,55,055,"Wisconsin","Jefferson County",2,12,1082,580,502
050,55,055,"Wisconsin","Jefferson County",2,13,1124,592,532
050,55,055,"Wisconsin","Jefferson County",2,14,1123,587,536
050,55,055,"Wisconsin","Jefferson County",2,15,1136,599,537
050,55,055,"Wisconsin","Jefferson County",2,16,1160,606,554
050,55,055,"Wisconsin","Jefferson County",2,17,1141,588,553
050,55,055,"Wisconsin","Jefferson County",2,18,1573,745,828
050,55,055,"Wisconsin","Jefferson County",2,19,2065,1031,1034
050,55,055,"Wisconsin","Jefferson County",2,20,1662,858,804
050,55,055,"Wisconsin","Jefferson County",2,21,1063,542,521
050,55,055,"Wisconsin","Jefferson County",2,22,979,515,464
050,55,055,"Wisconsin","Jefferson County",2,23,928,478,450
050,55,055,"Wisconsin","Jefferson County",2,24,876,444,432
050,55,055,"Wisconsin","Jefferson County",2,25,888,449,439
050,55,055,"Wisconsin","Jefferson County",2,26,928,461,467
050,55,055,"Wisconsin","Jefferson County",2,27,945,470,475
050,55,055,"Wisconsin","Jefferson County",2,28,962,496,466
050,55,055,"Wisconsin","Jefferson County",2,29,938,492,446
050,55,055,"Wisconsin","Jefferson County",2,30,984,518,466
050,55,055,"Wisconsin","Jefferson County",2,31,962,492,470
050,55,055,"Wisconsin","Jefferson County",2,32,977,484,493
050,55,055,"Wisconsin","Jefferson County",2,33,1004,501,503
050,55,055,"Wisconsin","Jefferson County",2,34,1062,522,540
050,55,055,"Wisconsin","Jefferson County",2,35,1082,521,561
050,55,055,"Wisconsin","Jefferson County",2,36,1069,515,554
050,55,055,"Wisconsin","Jefferson County",2,37,1123,547,576
050,55,055,"Wisconsin","Jefferson County",2,38,1138,569,569
050,55,055,"Wisconsin","Jefferson County",2,39,1127,569,558
050,55,055,"Wisconsin","Jefferson County",2,40,1133,592,541
050,55,055,"Wisconsin","Jefferson County",2,41,1083,550,533
050,55,055,"Wisconsin","Jefferson County",2,42,1053,539,514
050,55,055,"Wisconsin","Jefferson County",2,43,1030,519,511
050,55,055,"Wisconsin","Jefferson County",2,44,1016,523,493
050,55,055,"Wisconsin","Jefferson County",2,45,1073,562,511
050,55,055,"Wisconsin","Jefferson County",2,46,1068,558,510
050,55,055,"Wisconsin","Jefferson County",2,47,1038,540,498
050,55,055,"Wisconsin","Jefferson County",2,48,1083,553,530
050,55,055,"Wisconsin","Jefferson County",2,49,1192,617,575
050,55,055,"Wisconsin","Jefferson County",2,50,1179,613,566
050,55,055,"Wisconsin","Jefferson County",2,51,1132,583,549
050,55,055,"Wisconsin","Jefferson County",2,52,1123,570,553
050,55,055,"Wisconsin","Jefferson County",2,53,1150,579,571
050,55,055,"Wisconsin","Jefferson County",2,54,1178,595,583
050,55,055,"Wisconsin","Jefferson County",2,55,1263,652,611
050,55,055,"Wisconsin","Jefferson County",2,56,1350,694,656
050,55,055,"Wisconsin","Jefferson County",2,57,1324,668,656
050,55,055,"Wisconsin","Jefferson County",2,58,1298,649,649
050,55,055,"Wisconsin","Jefferson County",2,59,1302,648,654
050,55,055,"Wisconsin","Jefferson County",2,60,1294,642,652
050,55,055,"Wisconsin","Jefferson County",2,61,1266,625,641
050,55,055,"Wisconsin","Jefferson County",2,62,1240,609,631
050,55,055,"Wisconsin","Jefferson County",2,63,1189,595,594
050,55,055,"Wisconsin","Jefferson County",2,64,1111,566,545
050,55,055,"Wisconsin","Jefferson County",2,65,1124,560,564
050,55,055,"Wisconsin","Jefferson County",2,66,1102,548,554
050,55,055,"Wisconsin","Jefferson County",2,67,1049,527,522
050,55,055,"Wisconsin","Jefferson County",2,68,1049,522,527
050,55,055,"Wisconsin","Jefferson County",2,69,965,478,487
050,55,055,"Wisconsin","Jefferson County",2,70,873,430,443
050,55,055,"Wisconsin","Jefferson County",2,71,843,417,426
050,55,055,"Wisconsin","Jefferson County",2,72,828,402,426
050,55,055,"Wisconsin","Jefferson County",2,73,871,421,450
050,55,055,"Wisconsin","Jefferson County",2,74,605,283,322
050,55,055,"Wisconsin","Jefferson County",2,75,571,268,303
050,55,055,"Wisconsin","Jefferson County",2,76,579,273,306
050,55,055,"Wisconsin","Jefferson County",2,77,596,288,308
050,55,055,"Wisconsin","Jefferson County",2,78,471,224,247
050,55,055,"Wisconsin","Jefferson County",2,79,405,180,225
050,55,055,"Wisconsin","Jefferson County",2,80,398,179,219
050,55,055,"Wisconsin","Jefferson County",2,81,365,160,205
050,55,055,"Wisconsin","Jefferson County",2,82,335,155,180
050,55,055,"Wisconsin","Jefferson County",2,83,289,132,157
050,55,055,"Wisconsin","Jefferson County",2,84,264,115,149
050,55,055,"Wisconsin","Jefferson County",2,85,1473,556,917
050,55,055,"Wisconsin","Jefferson County",3,0,766,385,381
050,55,055,"Wisconsin","Jefferson County",3,1,812,411,401
050,55,055,"Wisconsin","Jefferson County",3,2,812,415,397
050,55,055,"Wisconsin","Jefferson County",3,3,855,431,424
050,55,055,"Wisconsin","Jefferson County",3,4,867,444,423
050,55,055,"Wisconsin","Jefferson County",3,5,875,458,417
050,55,055,"Wisconsin","Jefferson County",3,6,889,466,423
050,55,055,"Wisconsin","Jefferson County",3,7,945,465,480
050,55,055,"Wisconsin","Jefferson County",3,8,943,487,456
050,55,055,"Wisconsin","Jefferson County",3,9,930,492,438
050,55,055,"Wisconsin","Jefferson County",3,10,957,514,443
050,55,055,"Wisconsin","Jefferson County",3,11,995,511,484
050,55,055,"Wisconsin","Jefferson County",3,12,1020,527,493
050,55,055,"Wisconsin","Jefferson County",3,13,1089,569,520
050,55,055,"Wisconsin","Jefferson County",3,14,1137,597,540
050,55,055,"Wisconsin","Jefferson County",3,15,1160,596,564
050,55,055,"Wisconsin","Jefferson County",3,16,1145,596,549
050,55,055,"Wisconsin","Jefferson County",3,17,1152,613,539
050,55,055,"Wisconsin","Jefferson County",3,18,1516,745,771
050,55,055,"Wisconsin","Jefferson County",3,19,1878,951,927
050,55,055,"Wisconsin","Jefferson County",3,20,1552,786,766
050,55,055,"Wisconsin","Jefferson County",3,21,1013,515,498
050,55,055,"Wisconsin","Jefferson County",3,22,941,499,442
050,55,055,"Wisconsin","Jefferson County",3,23,905,486,419
050,55,055,"Wisconsin","Jefferson County",3,24,921,473,448
050,55,055,"Wisconsin","Jefferson County",3,25,872,443,429
050,55,055,"Wisconsin","Jefferson County",3,26,880,451,429
050,55,055,"Wisconsin","Jefferson County",3,27,946,475,471
050,55,055,"Wisconsin","Jefferson County",3,28,949,479,470
050,55,055,"Wisconsin","Jefferson County",3,29,972,511,461
050,55,055,"Wisconsin","Jefferson County",3,30,952,493,459
050,55,055,"Wisconsin","Jefferson County",3,31,995,531,464
050,55,055,"Wisconsin","Jefferson County",3,32,958,477,481
050,55,055,"Wisconsin","Jefferson County",3,33,979,484,495
050,55,055,"Wisconsin","Jefferson County",3,34,1021,505,516
050,55,055,"Wisconsin","Jefferson County",3,35,1078,537,541
050,55,055,"Wisconsin","Jefferson County",3,36,1119,539,580
050,55,055,"Wisconsin","Jefferson County",3,37,1098,538,560
050,55,055,"Wisconsin","Jefferson County",3,38,1121,548,573
050,55,055,"Wisconsin","Jefferson County",3,39,1138,567,571
050,55,055,"Wisconsin","Jefferson County",3,40,1131,565,566
050,55,055,"Wisconsin","Jefferson County",3,41,1147,590,557
050,55,055,"Wisconsin","Jefferson County",3,42,1072,558,514
050,55,055,"Wisconsin","Jefferson County",3,43,1035,518,517
050,55,055,"Wisconsin","Jefferson County",3,44,1040,525,515
050,55,055,"Wisconsin","Jefferson County",3,45,1004,525,479
050,55,055,"Wisconsin","Jefferson County",3,46,1072,559,513
050,55,055,"Wisconsin","Jefferson County",3,47,1059,557,502
050,55,055,"Wisconsin","Jefferson County",3,48,1043,537,506
050,55,055,"Wisconsin","Jefferson County",3,49,1113,569,544
050,55,055,"Wisconsin","Jefferson County",3,50,1207,626,581
050,55,055,"Wisconsin","Jefferson County",3,51,1173,600,573
050,55,055,"Wisconsin","Jefferson County",3,52,1138,581,557
050,55,055,"Wisconsin","Jefferson County",3,53,1111,567,544
050,55,055,"Wisconsin","Jefferson County",3,54,1147,575,572
050,55,055,"Wisconsin","Jefferson County",3,55,1175,596,579
050,55,055,"Wisconsin","Jefferson County",3,56,1251,643,608
050,55,055,"Wisconsin","Jefferson County",3,57,1340,677,663
050,55,055,"Wisconsin","Jefferson County",3,58,1313,665,648
050,55,055,"Wisconsin","Jefferson County",3,59,1320,650,670
050,55,055,"Wisconsin","Jefferson County",3,60,1292,652,640
050,55,055,"Wisconsin","Jefferson County",3,61,1284,626,658
050,55,055,"Wisconsin","Jefferson County",3,62,1245,611,634
050,55,055,"Wisconsin","Jefferson County",3,63,1258,617,641
050,55,055,"Wisconsin","Jefferson County",3,64,1176,601,575
050,55,055,"Wisconsin","Jefferson County",3,65,1110,564,546
050,55,055,"Wisconsin","Jefferson County",3,66,1101,553,548
050,55,055,"Wisconsin","Jefferson County",3,67,1088,543,545
050,55,055,"Wisconsin","Jefferson County",3,68,1047,527,520
050,55,055,"Wisconsin","Jefferson County",3,69,1017,507,510
050,55,055,"Wisconsin","Jefferson County",3,70,944,466,478
050,55,055,"Wisconsin","Jefferson County",3,71,848,420,428
050,55,055,"Wisconsin","Jefferson County",3,72,812,401,411
050,55,055,"Wisconsin","Jefferson County",3,73,808,388,420
050,55,055,"Wisconsin","Jefferson County",3,74,855,401,454
050,55,055,"Wisconsin","Jefferson County",3,75,581,270,311
050,55,055,"Wisconsin","Jefferson County",3,76,555,262,293
050,55,055,"Wisconsin","Jefferson County",3,77,554,259,295
050,55,055,"Wisconsin","Jefferson County",3,78,580,276,304
050,55,055,"Wisconsin","Jefferson County",3,79,437,205,232
050,55,055,"Wisconsin","Jefferson County",3,80,372,165,207
050,55,055,"Wisconsin","Jefferson County",3,81,381,167,214
050,55,055,"Wisconsin","Jefferson County",3,82,344,151,193
050,55,055,"Wisconsin","Jefferson County",3,83,314,142,172
050,55,055,"Wisconsin","Jefferson County",3,84,265,118,147
050,55,055,"Wisconsin","Jefferson County",3,85,1470,554,916
050,55,055,"Wisconsin","Jefferson County",4,0,784,397,387
050,55,055,"Wisconsin","Jefferson County",4,1,765,374,391
050,55,055,"Wisconsin","Jefferson County",4,2,808,399,409
050,55,055,"Wisconsin","Jefferson County",4,3,832,421,411
050,55,055,"Wisconsin","Jefferson County",4,4,841,425,416
050,55,055,"Wisconsin","Jefferson County",4,5,855,432,423
050,55,055,"Wisconsin","Jefferson County",4,6,868,453,415
050,55,055,"Wisconsin","Jefferson County",4,7,883,456,427
050,55,055,"Wisconsin","Jefferson County",4,8,930,462,468
050,55,055,"Wisconsin","Jefferson County",4,9,939,484,455
050,55,055,"Wisconsin","Jefferson County",4,10,936,495,441
050,55,055,"Wisconsin","Jefferson County",4,11,960,516,444
050,55,055,"Wisconsin","Jefferson County",4,12,990,506,484
050,55,055,"Wisconsin","Jefferson County",4,13,1015,524,491
050,55,055,"Wisconsin","Jefferson County",4,14,1084,582,502
050,55,055,"Wisconsin","Jefferson County",4,15,1158,611,547
050,55,055,"Wisconsin","Jefferson County",4,16,1145,599,546
050,55,055,"Wisconsin","Jefferson County",4,17,1147,616,531
050,55,055,"Wisconsin","Jefferson County",4,18,1557,788,769
050,55,055,"Wisconsin","Jefferson County",4,19,1974,1010,964
050,55,055,"Wisconsin","Jefferson County",4,20,1600,829,771
050,55,055,"Wisconsin","Jefferson County",4,21,1086,530,556
050,55,055,"Wisconsin","Jefferson County",4,22,953,481,472
050,55,055,"Wisconsin","Jefferson County",4,23,924,489,435
050,55,055,"Wisconsin","Jefferson County",4,24,903,485,418
050,55,055,"Wisconsin","Jefferson County",4,25,894,470,424
050,55,055,"Wisconsin","Jefferson County",4,26,886,466,420
050,55,055,"Wisconsin","Jefferson County",4,27,874,470,404
050,55,055,"Wisconsin","Jefferson County",4,28,957,488,469
050,55,055,"Wisconsin","Jefferson County",4,29,960,469,491
050,55,055,"Wisconsin","Jefferson County",4,30,983,509,474
050,55,055,"Wisconsin","Jefferson County",4,31,982,488,494
050,55,055,"Wisconsin","Jefferson County",4,32,992,515,477
050,55,055,"Wisconsin","Jefferson County",4,33,971,491,480
050,55,055,"Wisconsin","Jefferson County",4,34,996,503,493
050,55,055,"Wisconsin","Jefferson County",4,35,1019,508,511
050,55,055,"Wisconsin","Jefferson County",4,36,1091,543,548
050,55,055,"Wisconsin","Jefferson County",4,37,1112,531,581
050,55,055,"Wisconsin","Jefferson County",4,38,1077,529,548
050,55,055,"Wisconsin","Jefferson County",4,39,1125,565,560
050,55,055,"Wisconsin","Jefferson County",4,40,1144,579,565
050,55,055,"Wisconsin","Jefferson County",4,41,1126,552,574
050,55,055,"Wisconsin","Jefferson County",4,42,1152,592,560
050,55,055,"Wisconsin","Jefferson County",4,43,1064,552,512
050,55,055,"Wisconsin","Jefferson County",4,44,1037,512,525
050,55,055,"Wisconsin","Jefferson County",4,45,1029,519,510
050,55,055,"Wisconsin","Jefferson County",4,46,996,518,478
050,55,055,"Wisconsin","Jefferson County",4,47,1075,558,517
050,55,055,"Wisconsin","Jefferson County",4,48,1053,561,492
050,55,055,"Wisconsin","Jefferson County",4,49,1036,537,499
050,55,055,"Wisconsin","Jefferson County",4,50,1112,569,543
050,55,055,"Wisconsin","Jefferson County",4,51,1195,628,567
050,55,055,"Wisconsin","Jefferson County",4,52,1167,588,579
050,55,055,"Wisconsin","Jefferson County",4,53,1130,584,546
050,55,055,"Wisconsin","Jefferson County",4,54,1103,567,536
050,55,055,"Wisconsin","Jefferson County",4,55,1158,584,574
050,55,055,"Wisconsin","Jefferson County",4,56,1174,583,591
050,55,055,"Wisconsin","Jefferson County",4,57,1236,627,609
050,55,055,"Wisconsin","Jefferson County",4,58,1334,675,659
050,55,055,"Wisconsin","Jefferson County",4,59,1290,644,646
050,55,055,"Wisconsin","Jefferson County",4,60,1303,635,668
050,55,055,"Wisconsin","Jefferson County",4,61,1255,630,625
050,55,055,"Wisconsin","Jefferson County",4,62,1267,620,647
050,55,055,"Wisconsin","Jefferson County",4,63,1235,603,632
050,55,055,"Wisconsin","Jefferson County",4,64,1239,613,626
050,55,055,"Wisconsin","Jefferson County",4,65,1170,595,575
050,55,055,"Wisconsin","Jefferson County",4,66,1090,558,532
050,55,055,"Wisconsin","Jefferson County",4,67,1093,549,544
050,55,055,"Wisconsin","Jefferson County",4,68,1079,534,545
050,55,055,"Wisconsin","Jefferson County",4,69,1018,506,512
050,55,055,"Wisconsin","Jefferson County",4,70,995,487,508
050,55,055,"Wisconsin","Jefferson County",4,71,920,448,472
050,55,055,"Wisconsin","Jefferson County",4,72,838,412,426
050,55,055,"Wisconsin","Jefferson County",4,73,797,399,398
050,55,055,"Wisconsin","Jefferson County",4,74,786,369,417
050,55,055,"Wisconsin","Jefferson County",4,75,814,379,435
050,55,055,"Wisconsin","Jefferson County",4,76,567,260,307
050,55,055,"Wisconsin","Jefferson County",4,77,527,253,274
050,55,055,"Wisconsin","Jefferson County",4,78,533,234,299
050,55,055,"Wisconsin","Jefferson County",4,79,548,261,287
050,55,055,"Wisconsin","Jefferson County",4,80,407,192,215
050,55,055,"Wisconsin","Jefferson County",4,81,351,148,203
050,55,055,"Wisconsin","Jefferson County",4,82,352,156,196
050,55,055,"Wisconsin","Jefferson County",4,83,330,141,189
050,55,055,"Wisconsin","Jefferson County",4,84,284,126,158
050,55,055,"Wisconsin","Jefferson County",4,85,1460,575,885
050,55,055,"Wisconsin","Jefferson County",5,0,778,393,385
050,55,055,"Wisconsin","Jefferson County",5,1,794,408,386
050,55,055,"Wisconsin","Jefferson County",5,2,774,369,405
050,55,055,"Wisconsin","Jefferson County",5,3,816,405,411
050,55,055,"Wisconsin","Jefferson County",5,4,850,427,423
050,55,055,"Wisconsin","Jefferson County",5,5,855,421,434
050,55,055,"Wisconsin","Jefferson County",5,6,837,420,417
050,55,055,"Wisconsin","Jefferson County",5,7,841,435,406
050,55,055,"Wisconsin","Jefferson County",5,8,873,453,420
050,55,055,"Wisconsin","Jefferson County",5,9,910,450,460
050,55,055,"Wisconsin","Jefferson County",5,10,956,494,462
050,55,055,"Wisconsin","Jefferson County",5,11,927,494,433
050,55,055,"Wisconsin","Jefferson County",5,12,940,513,427
050,55,055,"Wisconsin","Jefferson County",5,13,990,509,481
050,55,055,"Wisconsin","Jefferson County",5,14,1009,525,484
050,55,055,"Wisconsin","Jefferson County",5,15,1129,595,534
050,55,055,"Wisconsin","Jefferson County",5,16,1131,596,535
050,55,055,"Wisconsin","Jefferson County",5,17,1168,601,567
050,55,055,"Wisconsin","Jefferson County",5,18,1545,772,773
050,55,055,"Wisconsin","Jefferson County",5,19,2001,1035,966
050,55,055,"Wisconsin","Jefferson County",5,20,1617,836,781
050,55,055,"Wisconsin","Jefferson County",5,21,1093,542,551
050,55,055,"Wisconsin","Jefferson County",5,22,1028,508,520
050,55,055,"Wisconsin","Jefferson County",5,23,924,472,452
050,55,055,"Wisconsin","Jefferson County",5,24,918,491,427
050,55,055,"Wisconsin","Jefferson County",5,25,920,497,423
050,55,055,"Wisconsin","Jefferson County",5,26,886,456,430
050,55,055,"Wisconsin","Jefferson County",5,27,877,447,430
050,55,055,"Wisconsin","Jefferson County",5,28,894,468,426
050,55,055,"Wisconsin","Jefferson County",5,29,936,465,471
050,55,055,"Wisconsin","Jefferson County",5,30,970,479,491
050,55,055,"Wisconsin","Jefferson County",5,31,982,509,473
050,55,055,"Wisconsin","Jefferson County",5,32,987,489,498
050,55,055,"Wisconsin","Jefferson County",5,33,1009,529,480
050,55,055,"Wisconsin","Jefferson County",5,34,1012,516,496
050,55,055,"Wisconsin","Jefferson County",5,35,1016,520,496
050,55,055,"Wisconsin","Jefferson County",5,36,1029,518,511
050,55,055,"Wisconsin","Jefferson County",5,37,1093,536,557
050,55,055,"Wisconsin","Jefferson County",5,38,1093,522,571
050,55,055,"Wisconsin","Jefferson County",5,39,1077,525,552
050,55,055,"Wisconsin","Jefferson County",5,40,1130,574,556
050,55,055,"Wisconsin","Jefferson County",5,41,1158,588,570
050,55,055,"Wisconsin","Jefferson County",5,42,1132,574,558
050,55,055,"Wisconsin","Jefferson County",5,43,1123,570,553
050,55,055,"Wisconsin","Jefferson County",5,44,1065,547,518
050,55,055,"Wisconsin","Jefferson County",5,45,1053,509,544
050,55,055,"Wisconsin","Jefferson County",5,46,1036,529,507
050,55,055,"Wisconsin","Jefferson County",5,47,974,510,464
050,55,055,"Wisconsin","Jefferson County",5,48,1067,549,518
050,55,055,"Wisconsin","Jefferson County",5,49,1032,537,495
050,55,055,"Wisconsin","Jefferson County",5,50,1045,543,502
050,55,055,"Wisconsin","Jefferson County",5,51,1111,563,548
050,55,055,"Wisconsin","Jefferson County",5,52,1195,628,567
050,55,055,"Wisconsin","Jefferson County",5,53,1167,588,579
050,55,055,"Wisconsin","Jefferson County",5,54,1125,582,543
050,55,055,"Wisconsin","Jefferson County",5,55,1125,582,543
050,55,055,"Wisconsin","Jefferson County",5,56,1178,583,595
050,55,055,"Wisconsin","Jefferson County",5,57,1170,578,592
050,55,055,"Wisconsin","Jefferson County",5,58,1229,631,598
050,55,055,"Wisconsin","Jefferson County",5,59,1307,660,647
050,55,055,"Wisconsin","Jefferson County",5,60,1271,629,642
050,55,055,"Wisconsin","Jefferson County",5,61,1305,628,677
050,55,055,"Wisconsin","Jefferson County",5,62,1230,614,616
050,55,055,"Wisconsin","Jefferson County",5,63,1261,614,647
050,55,055,"Wisconsin","Jefferson County",5,64,1226,591,635
050,55,055,"Wisconsin","Jefferson County",5,65,1224,608,616
050,55,055,"Wisconsin","Jefferson County",5,66,1146,583,563
050,55,055,"Wisconsin","Jefferson County",5,67,1072,548,524
050,55,055,"Wisconsin","Jefferson County",5,68,1081,544,537
050,55,055,"Wisconsin","Jefferson County",5,69,1053,521,532
050,55,055,"Wisconsin","Jefferson County",5,70,996,483,513
050,55,055,"Wisconsin","Jefferson County",5,71,983,478,505
050,55,055,"Wisconsin","Jefferson County",5,72,908,441,467
050,55,055,"Wisconsin","Jefferson County",5,73,813,402,411
050,55,055,"Wisconsin","Jefferson County",5,74,782,378,404
050,55,055,"Wisconsin","Jefferson County",5,75,769,363,406
050,55,055,"Wisconsin","Jefferson County",5,76,795,368,427
050,55,055,"Wisconsin","Jefferson County",5,77,551,256,295
050,55,055,"Wisconsin","Jefferson County",5,78,518,244,274
050,55,055,"Wisconsin","Jefferson County",5,79,509,218,291
050,55,055,"Wisconsin","Jefferson County",5,80,510,245,265
050,55,055,"Wisconsin","Jefferson County",5,81,387,173,214
050,55,055,"Wisconsin","Jefferson County",5,82,316,133,183
050,55,055,"Wisconsin","Jefferson County",5,83,336,149,187
050,55,055,"Wisconsin","Jefferson County",5,84,305,129,176
050,55,055,"Wisconsin","Jefferson County",5,85,1489,608,881
050,55,057,"Wisconsin","Juneau County",1,0,253,128,125
050,55,057,"Wisconsin","Juneau County",1,1,266,132,134
050,55,057,"Wisconsin","Juneau County",1,2,259,131,128
050,55,057,"Wisconsin","Juneau County",1,3,272,135,137
050,55,057,"Wisconsin","Juneau County",1,4,298,150,148
050,55,057,"Wisconsin","Juneau County",1,5,306,152,154
050,55,057,"Wisconsin","Juneau County",1,6,267,132,135
050,55,057,"Wisconsin","Juneau County",1,7,303,159,144
050,55,057,"Wisconsin","Juneau County",1,8,260,140,120
050,55,057,"Wisconsin","Juneau County",1,9,282,152,130
050,55,057,"Wisconsin","Juneau County",1,10,305,161,144
050,55,057,"Wisconsin","Juneau County",1,11,315,169,146
050,55,057,"Wisconsin","Juneau County",1,12,333,180,153
050,55,057,"Wisconsin","Juneau County",1,13,330,169,161
050,55,057,"Wisconsin","Juneau County",1,14,323,171,152
050,55,057,"Wisconsin","Juneau County",1,15,322,161,161
050,55,057,"Wisconsin","Juneau County",1,16,344,168,176
050,55,057,"Wisconsin","Juneau County",1,17,326,171,155
050,55,057,"Wisconsin","Juneau County",1,18,271,148,123
050,55,057,"Wisconsin","Juneau County",1,19,211,113,98
050,55,057,"Wisconsin","Juneau County",1,20,239,132,107
050,55,057,"Wisconsin","Juneau County",1,21,228,120,108
050,55,057,"Wisconsin","Juneau County",1,22,244,129,115
050,55,057,"Wisconsin","Juneau County",1,23,283,160,123
050,55,057,"Wisconsin","Juneau County",1,24,271,150,121
050,55,057,"Wisconsin","Juneau County",1,25,313,180,133
050,55,057,"Wisconsin","Juneau County",1,26,316,176,140
050,55,057,"Wisconsin","Juneau County",1,27,310,172,138
050,55,057,"Wisconsin","Juneau County",1,28,315,196,119
050,55,057,"Wisconsin","Juneau County",1,29,310,189,121
050,55,057,"Wisconsin","Juneau County",1,30,295,178,117
050,55,057,"Wisconsin","Juneau County",1,31,283,162,121
050,55,057,"Wisconsin","Juneau County",1,32,283,169,114
050,55,057,"Wisconsin","Juneau County",1,33,275,166,109
050,55,057,"Wisconsin","Juneau County",1,34,314,182,132
050,55,057,"Wisconsin","Juneau County",1,35,332,195,137
050,55,057,"Wisconsin","Juneau County",1,36,305,177,128
050,55,057,"Wisconsin","Juneau County",1,37,318,166,152
050,55,057,"Wisconsin","Juneau County",1,38,340,202,138
050,55,057,"Wisconsin","Juneau County",1,39,326,198,128
050,55,057,"Wisconsin","Juneau County",1,40,309,183,126
050,55,057,"Wisconsin","Juneau County",1,41,337,199,138
050,55,057,"Wisconsin","Juneau County",1,42,338,205,133
050,55,057,"Wisconsin","Juneau County",1,43,316,177,139
050,55,057,"Wisconsin","Juneau County",1,44,288,161,127
050,55,057,"Wisconsin","Juneau County",1,45,300,165,135
050,55,057,"Wisconsin","Juneau County",1,46,338,190,148
050,55,057,"Wisconsin","Juneau County",1,47,338,197,141
050,55,057,"Wisconsin","Juneau County",1,48,372,214,158
050,55,057,"Wisconsin","Juneau County",1,49,373,211,162
050,55,057,"Wisconsin","Juneau County",1,50,353,186,167
050,55,057,"Wisconsin","Juneau County",1,51,331,191,140
050,55,057,"Wisconsin","Juneau County",1,52,354,194,160
050,55,057,"Wisconsin","Juneau County",1,53,384,217,167
050,55,057,"Wisconsin","Juneau County",1,54,385,213,172
050,55,057,"Wisconsin","Juneau County",1,55,406,211,195
050,55,057,"Wisconsin","Juneau County",1,56,425,227,198
050,55,057,"Wisconsin","Juneau County",1,57,444,233,211
050,55,057,"Wisconsin","Juneau County",1,58,441,236,205
050,55,057,"Wisconsin","Juneau County",1,59,440,236,204
050,55,057,"Wisconsin","Juneau County",1,60,447,244,203
050,55,057,"Wisconsin","Juneau County",1,61,432,229,203
050,55,057,"Wisconsin","Juneau County",1,62,421,222,199
050,55,057,"Wisconsin","Juneau County",1,63,427,223,204
050,55,057,"Wisconsin","Juneau County",1,64,407,208,199
050,55,057,"Wisconsin","Juneau County",1,65,392,203,189
050,55,057,"Wisconsin","Juneau County",1,66,395,203,192
050,55,057,"Wisconsin","Juneau County",1,67,369,200,169
050,55,057,"Wisconsin","Juneau County",1,68,381,204,177
050,55,057,"Wisconsin","Juneau County",1,69,327,169,158
050,55,057,"Wisconsin","Juneau County",1,70,303,160,143
050,55,057,"Wisconsin","Juneau County",1,71,313,156,157
050,55,057,"Wisconsin","Juneau County",1,72,314,150,164
050,55,057,"Wisconsin","Juneau County",1,73,321,161,160
050,55,057,"Wisconsin","Juneau County",1,74,225,115,110
050,55,057,"Wisconsin","Juneau County",1,75,228,113,115
050,55,057,"Wisconsin","Juneau County",1,76,230,114,116
050,55,057,"Wisconsin","Juneau County",1,77,227,115,112
050,55,057,"Wisconsin","Juneau County",1,78,187,91,96
050,55,057,"Wisconsin","Juneau County",1,79,161,76,85
050,55,057,"Wisconsin","Juneau County",1,80,141,59,82
050,55,057,"Wisconsin","Juneau County",1,81,144,61,83
050,55,057,"Wisconsin","Juneau County",1,82,134,59,75
050,55,057,"Wisconsin","Juneau County",1,83,114,46,68
050,55,057,"Wisconsin","Juneau County",1,84,90,42,48
050,55,057,"Wisconsin","Juneau County",1,85,568,219,349
050,55,057,"Wisconsin","Juneau County",2,0,246,119,127
050,55,057,"Wisconsin","Juneau County",2,1,264,132,132
050,55,057,"Wisconsin","Juneau County",2,2,260,130,130
050,55,057,"Wisconsin","Juneau County",2,3,272,136,136
050,55,057,"Wisconsin","Juneau County",2,4,296,148,148
050,55,057,"Wisconsin","Juneau County",2,5,304,152,152
050,55,057,"Wisconsin","Juneau County",2,6,279,138,141
050,55,057,"Wisconsin","Juneau County",2,7,289,149,140
050,55,057,"Wisconsin","Juneau County",2,8,273,146,127
050,55,057,"Wisconsin","Juneau County",2,9,277,149,128
050,55,057,"Wisconsin","Juneau County",2,10,299,159,140
050,55,057,"Wisconsin","Juneau County",2,11,314,167,147
050,55,057,"Wisconsin","Juneau County",2,12,331,178,153
050,55,057,"Wisconsin","Juneau County",2,13,330,170,160
050,55,057,"Wisconsin","Juneau County",2,14,323,169,154
050,55,057,"Wisconsin","Juneau County",2,15,327,164,163
050,55,057,"Wisconsin","Juneau County",2,16,342,167,175
050,55,057,"Wisconsin","Juneau County",2,17,332,172,160
050,55,057,"Wisconsin","Juneau County",2,18,273,149,124
050,55,057,"Wisconsin","Juneau County",2,19,216,116,100
050,55,057,"Wisconsin","Juneau County",2,20,240,132,108
050,55,057,"Wisconsin","Juneau County",2,21,236,126,110
050,55,057,"Wisconsin","Juneau County",2,22,249,132,117
050,55,057,"Wisconsin","Juneau County",2,23,281,157,124
050,55,057,"Wisconsin","Juneau County",2,24,278,154,124
050,55,057,"Wisconsin","Juneau County",2,25,308,177,131
050,55,057,"Wisconsin","Juneau County",2,26,315,177,138
050,55,057,"Wisconsin","Juneau County",2,27,313,174,139
050,55,057,"Wisconsin","Juneau County",2,28,316,195,121
050,55,057,"Wisconsin","Juneau County",2,29,310,188,122
050,55,057,"Wisconsin","Juneau County",2,30,299,180,119
050,55,057,"Wisconsin","Juneau County",2,31,285,166,119
050,55,057,"Wisconsin","Juneau County",2,32,283,169,114
050,55,057,"Wisconsin","Juneau County",2,33,275,164,111
050,55,057,"Wisconsin","Juneau County",2,34,308,182,126
050,55,057,"Wisconsin","Juneau County",2,35,332,195,137
050,55,057,"Wisconsin","Juneau County",2,36,308,177,131
050,55,057,"Wisconsin","Juneau County",2,37,318,171,147
050,55,057,"Wisconsin","Juneau County",2,38,339,198,141
050,55,057,"Wisconsin","Juneau County",2,39,329,197,132
050,55,057,"Wisconsin","Juneau County",2,40,315,188,127
050,55,057,"Wisconsin","Juneau County",2,41,333,197,136
050,55,057,"Wisconsin","Juneau County",2,42,340,205,135
050,55,057,"Wisconsin","Juneau County",2,43,318,178,140
050,55,057,"Wisconsin","Juneau County",2,44,288,161,127
050,55,057,"Wisconsin","Juneau County",2,45,300,165,135
050,55,057,"Wisconsin","Juneau County",2,46,326,182,144
050,55,057,"Wisconsin","Juneau County",2,47,339,195,144
050,55,057,"Wisconsin","Juneau County",2,48,363,210,153
050,55,057,"Wisconsin","Juneau County",2,49,378,212,166
050,55,057,"Wisconsin","Juneau County",2,50,354,188,166
050,55,057,"Wisconsin","Juneau County",2,51,339,193,146
050,55,057,"Wisconsin","Juneau County",2,52,347,193,154
050,55,057,"Wisconsin","Juneau County",2,53,377,211,166
050,55,057,"Wisconsin","Juneau County",2,54,384,213,171
050,55,057,"Wisconsin","Juneau County",2,55,400,211,189
050,55,057,"Wisconsin","Juneau County",2,56,420,224,196
050,55,057,"Wisconsin","Juneau County",2,57,441,232,209
050,55,057,"Wisconsin","Juneau County",2,58,441,235,206
050,55,057,"Wisconsin","Juneau County",2,59,444,238,206
050,55,057,"Wisconsin","Juneau County",2,60,449,244,205
050,55,057,"Wisconsin","Juneau County",2,61,432,231,201
050,55,057,"Wisconsin","Juneau County",2,62,429,229,200
050,55,057,"Wisconsin","Juneau County",2,63,432,226,206
050,55,057,"Wisconsin","Juneau County",2,64,407,208,199
050,55,057,"Wisconsin","Juneau County",2,65,394,202,192
050,55,057,"Wisconsin","Juneau County",2,66,397,204,193
050,55,057,"Wisconsin","Juneau County",2,67,373,200,173
050,55,057,"Wisconsin","Juneau County",2,68,377,201,176
050,55,057,"Wisconsin","Juneau County",2,69,337,175,162
050,55,057,"Wisconsin","Juneau County",2,70,311,164,147
050,55,057,"Wisconsin","Juneau County",2,71,306,156,150
050,55,057,"Wisconsin","Juneau County",2,72,307,149,158
050,55,057,"Wisconsin","Juneau County",2,73,336,167,169
050,55,057,"Wisconsin","Juneau County",2,74,231,117,114
050,55,057,"Wisconsin","Juneau County",2,75,228,114,114
050,55,057,"Wisconsin","Juneau County",2,76,224,111,113
050,55,057,"Wisconsin","Juneau County",2,77,231,116,115
050,55,057,"Wisconsin","Juneau County",2,78,191,93,98
050,55,057,"Wisconsin","Juneau County",2,79,163,77,86
050,55,057,"Wisconsin","Juneau County",2,80,145,63,82
050,55,057,"Wisconsin","Juneau County",2,81,139,58,81
050,55,057,"Wisconsin","Juneau County",2,82,138,60,78
050,55,057,"Wisconsin","Juneau County",2,83,119,49,70
050,55,057,"Wisconsin","Juneau County",2,84,92,41,51
050,55,057,"Wisconsin","Juneau County",2,85,571,222,349
050,55,057,"Wisconsin","Juneau County",3,0,224,114,110
050,55,057,"Wisconsin","Juneau County",3,1,255,113,142
050,55,057,"Wisconsin","Juneau County",3,2,258,129,129
050,55,057,"Wisconsin","Juneau County",3,3,272,141,131
050,55,057,"Wisconsin","Juneau County",3,4,278,143,135
050,55,057,"Wisconsin","Juneau County",3,5,297,148,149
050,55,057,"Wisconsin","Juneau County",3,6,314,161,153
050,55,057,"Wisconsin","Juneau County",3,7,274,134,140
050,55,057,"Wisconsin","Juneau County",3,8,282,143,139
050,55,057,"Wisconsin","Juneau County",3,9,291,158,133
050,55,057,"Wisconsin","Juneau County",3,10,262,137,125
050,55,057,"Wisconsin","Juneau County",3,11,297,154,143
050,55,057,"Wisconsin","Juneau County",3,12,318,172,146
050,55,057,"Wisconsin","Juneau County",3,13,328,181,147
050,55,057,"Wisconsin","Juneau County",3,14,340,175,165
050,55,057,"Wisconsin","Juneau County",3,15,319,174,145
050,55,057,"Wisconsin","Juneau County",3,16,329,172,157
050,55,057,"Wisconsin","Juneau County",3,17,346,170,176
050,55,057,"Wisconsin","Juneau County",3,18,283,159,124
050,55,057,"Wisconsin","Juneau County",3,19,207,116,91
050,55,057,"Wisconsin","Juneau County",3,20,218,121,97
050,55,057,"Wisconsin","Juneau County",3,21,237,126,111
050,55,057,"Wisconsin","Juneau County",3,22,254,129,125
050,55,057,"Wisconsin","Juneau County",3,23,256,145,111
050,55,057,"Wisconsin","Juneau County",3,24,269,149,120
050,55,057,"Wisconsin","Juneau County",3,25,315,176,139
050,55,057,"Wisconsin","Juneau County",3,26,302,166,136
050,55,057,"Wisconsin","Juneau County",3,27,311,176,135
050,55,057,"Wisconsin","Juneau County",3,28,333,185,148
050,55,057,"Wisconsin","Juneau County",3,29,319,196,123
050,55,057,"Wisconsin","Juneau County",3,30,303,180,123
050,55,057,"Wisconsin","Juneau County",3,31,289,172,117
050,55,057,"Wisconsin","Juneau County",3,32,283,162,121
050,55,057,"Wisconsin","Juneau County",3,33,274,162,112
050,55,057,"Wisconsin","Juneau County",3,34,299,186,113
050,55,057,"Wisconsin","Juneau County",3,35,320,191,129
050,55,057,"Wisconsin","Juneau County",3,36,317,179,138
050,55,057,"Wisconsin","Juneau County",3,37,319,185,134
050,55,057,"Wisconsin","Juneau County",3,38,341,196,145
050,55,057,"Wisconsin","Juneau County",3,39,342,195,147
050,55,057,"Wisconsin","Juneau County",3,40,317,195,122
050,55,057,"Wisconsin","Juneau County",3,41,332,194,138
050,55,057,"Wisconsin","Juneau County",3,42,334,199,135
050,55,057,"Wisconsin","Juneau County",3,43,318,185,133
050,55,057,"Wisconsin","Juneau County",3,44,317,180,137
050,55,057,"Wisconsin","Juneau County",3,45,306,174,132
050,55,057,"Wisconsin","Juneau County",3,46,304,165,139
050,55,057,"Wisconsin","Juneau County",3,47,328,183,145
050,55,057,"Wisconsin","Juneau County",3,48,349,206,143
050,55,057,"Wisconsin","Juneau County",3,49,357,210,147
050,55,057,"Wisconsin","Juneau County",3,50,354,186,168
050,55,057,"Wisconsin","Juneau County",3,51,371,206,165
050,55,057,"Wisconsin","Juneau County",3,52,341,195,146
050,55,057,"Wisconsin","Juneau County",3,53,353,186,167
050,55,057,"Wisconsin","Juneau County",3,54,371,203,168
050,55,057,"Wisconsin","Juneau County",3,55,385,210,175
050,55,057,"Wisconsin","Juneau County",3,56,386,198,188
050,55,057,"Wisconsin","Juneau County",3,57,416,223,193
050,55,057,"Wisconsin","Juneau County",3,58,436,228,208
050,55,057,"Wisconsin","Juneau County",3,59,459,252,207
050,55,057,"Wisconsin","Juneau County",3,60,451,244,207
050,55,057,"Wisconsin","Juneau County",3,61,433,236,197
050,55,057,"Wisconsin","Juneau County",3,62,435,236,199
050,55,057,"Wisconsin","Juneau County",3,63,422,223,199
050,55,057,"Wisconsin","Juneau County",3,64,435,228,207
050,55,057,"Wisconsin","Juneau County",3,65,412,209,203
050,55,057,"Wisconsin","Juneau County",3,66,391,197,194
050,55,057,"Wisconsin","Juneau County",3,67,389,201,188
050,55,057,"Wisconsin","Juneau County",3,68,378,204,174
050,55,057,"Wisconsin","Juneau County",3,69,366,194,172
050,55,057,"Wisconsin","Juneau County",3,70,333,172,161
050,55,057,"Wisconsin","Juneau County",3,71,301,153,148
050,55,057,"Wisconsin","Juneau County",3,72,295,155,140
050,55,057,"Wisconsin","Juneau County",3,73,301,139,162
050,55,057,"Wisconsin","Juneau County",3,74,320,163,157
050,55,057,"Wisconsin","Juneau County",3,75,226,117,109
050,55,057,"Wisconsin","Juneau County",3,76,217,107,110
050,55,057,"Wisconsin","Juneau County",3,77,215,106,109
050,55,057,"Wisconsin","Juneau County",3,78,215,110,105
050,55,057,"Wisconsin","Juneau County",3,79,188,90,98
050,55,057,"Wisconsin","Juneau County",3,80,158,74,84
050,55,057,"Wisconsin","Juneau County",3,81,136,62,74
050,55,057,"Wisconsin","Juneau County",3,82,131,53,78
050,55,057,"Wisconsin","Juneau County",3,83,132,58,74
050,55,057,"Wisconsin","Juneau County",3,84,118,50,68
050,55,057,"Wisconsin","Juneau County",3,85,556,205,351
050,55,057,"Wisconsin","Juneau County",4,0,222,110,112
050,55,057,"Wisconsin","Juneau County",4,1,247,136,111
050,55,057,"Wisconsin","Juneau County",4,2,256,118,138
050,55,057,"Wisconsin","Juneau County",4,3,273,135,138
050,55,057,"Wisconsin","Juneau County",4,4,277,144,133
050,55,057,"Wisconsin","Juneau County",4,5,282,141,141
050,55,057,"Wisconsin","Juneau County",4,6,287,148,139
050,55,057,"Wisconsin","Juneau County",4,7,320,159,161
050,55,057,"Wisconsin","Juneau County",4,8,266,129,137
050,55,057,"Wisconsin","Juneau County",4,9,287,148,139
050,55,057,"Wisconsin","Juneau County",4,10,278,157,121
050,55,057,"Wisconsin","Juneau County",4,11,273,145,128
050,55,057,"Wisconsin","Juneau County",4,12,286,151,135
050,55,057,"Wisconsin","Juneau County",4,13,308,165,143
050,55,057,"Wisconsin","Juneau County",4,14,320,183,137
050,55,057,"Wisconsin","Juneau County",4,15,336,169,167
050,55,057,"Wisconsin","Juneau County",4,16,315,169,146
050,55,057,"Wisconsin","Juneau County",4,17,333,167,166
050,55,057,"Wisconsin","Juneau County",4,18,283,142,141
050,55,057,"Wisconsin","Juneau County",4,19,209,108,101
050,55,057,"Wisconsin","Juneau County",4,20,230,132,98
050,55,057,"Wisconsin","Juneau County",4,21,229,129,100
050,55,057,"Wisconsin","Juneau County",4,22,253,133,120
050,55,057,"Wisconsin","Juneau County",4,23,279,144,135
050,55,057,"Wisconsin","Juneau County",4,24,251,147,104
050,55,057,"Wisconsin","Juneau County",4,25,291,169,122
050,55,057,"Wisconsin","Juneau County",4,26,324,175,149
050,55,057,"Wisconsin","Juneau County",4,27,292,162,130
050,55,057,"Wisconsin","Juneau County",4,28,331,184,147
050,55,057,"Wisconsin","Juneau County",4,29,333,184,149
050,55,057,"Wisconsin","Juneau County",4,30,308,184,124
050,55,057,"Wisconsin","Juneau County",4,31,293,174,119
050,55,057,"Wisconsin","Juneau County",4,32,292,176,116
050,55,057,"Wisconsin","Juneau County",4,33,276,156,120
050,55,057,"Wisconsin","Juneau County",4,34,294,178,116
050,55,057,"Wisconsin","Juneau County",4,35,302,191,111
050,55,057,"Wisconsin","Juneau County",4,36,316,184,132
050,55,057,"Wisconsin","Juneau County",4,37,313,175,138
050,55,057,"Wisconsin","Juneau County",4,38,330,199,131
050,55,057,"Wisconsin","Juneau County",4,39,351,203,148
050,55,057,"Wisconsin","Juneau County",4,40,344,197,147
050,55,057,"Wisconsin","Juneau County",4,41,325,204,121
050,55,057,"Wisconsin","Juneau County",4,42,346,209,137
050,55,057,"Wisconsin","Juneau County",4,43,316,181,135
050,55,057,"Wisconsin","Juneau County",4,44,306,176,130
050,55,057,"Wisconsin","Juneau County",4,45,316,184,132
050,55,057,"Wisconsin","Juneau County",4,46,314,179,135
050,55,057,"Wisconsin","Juneau County",4,47,313,168,145
050,55,057,"Wisconsin","Juneau County",4,48,341,187,154
050,55,057,"Wisconsin","Juneau County",4,49,365,214,151
050,55,057,"Wisconsin","Juneau County",4,50,347,198,149
050,55,057,"Wisconsin","Juneau County",4,51,382,201,181
050,55,057,"Wisconsin","Juneau County",4,52,363,196,167
050,55,057,"Wisconsin","Juneau County",4,53,342,194,148
050,55,057,"Wisconsin","Juneau County",4,54,354,189,165
050,55,057,"Wisconsin","Juneau County",4,55,361,187,174
050,55,057,"Wisconsin","Juneau County",4,56,385,209,176
050,55,057,"Wisconsin","Juneau County",4,57,382,195,187
050,55,057,"Wisconsin","Juneau County",4,58,412,221,191
050,55,057,"Wisconsin","Juneau County",4,59,438,231,207
050,55,057,"Wisconsin","Juneau County",4,60,470,262,208
050,55,057,"Wisconsin","Juneau County",4,61,439,233,206
050,55,057,"Wisconsin","Juneau County",4,62,443,242,201
050,55,057,"Wisconsin","Juneau County",4,63,435,235,200
050,55,057,"Wisconsin","Juneau County",4,64,437,225,212
050,55,057,"Wisconsin","Juneau County",4,65,439,229,210
050,55,057,"Wisconsin","Juneau County",4,66,420,206,214
050,55,057,"Wisconsin","Juneau County",4,67,397,203,194
050,55,057,"Wisconsin","Juneau County",4,68,399,210,189
050,55,057,"Wisconsin","Juneau County",4,69,369,200,169
050,55,057,"Wisconsin","Juneau County",4,70,368,190,178
050,55,057,"Wisconsin","Juneau County",4,71,318,160,158
050,55,057,"Wisconsin","Juneau County",4,72,304,157,147
050,55,057,"Wisconsin","Juneau County",4,73,285,145,140
050,55,057,"Wisconsin","Juneau County",4,74,283,132,151
050,55,057,"Wisconsin","Juneau County",4,75,304,157,147
050,55,057,"Wisconsin","Juneau County",4,76,215,108,107
050,55,057,"Wisconsin","Juneau County",4,77,211,102,109
050,55,057,"Wisconsin","Juneau County",4,78,202,100,102
050,55,057,"Wisconsin","Juneau County",4,79,204,101,103
050,55,057,"Wisconsin","Juneau County",4,80,172,84,88
050,55,057,"Wisconsin","Juneau County",4,81,146,70,76
050,55,057,"Wisconsin","Juneau County",4,82,130,60,70
050,55,057,"Wisconsin","Juneau County",4,83,112,47,65
050,55,057,"Wisconsin","Juneau County",4,84,123,54,69
050,55,057,"Wisconsin","Juneau County",4,85,552,202,350
050,55,057,"Wisconsin","Juneau County",5,0,222,110,112
050,55,057,"Wisconsin","Juneau County",5,1,193,97,96
050,55,057,"Wisconsin","Juneau County",5,2,244,138,106
050,55,057,"Wisconsin","Juneau County",5,3,249,120,129
050,55,057,"Wisconsin","Juneau County",5,4,258,129,129
050,55,057,"Wisconsin","Juneau County",5,5,266,136,130
050,55,057,"Wisconsin","Juneau County",5,6,287,148,139
050,55,057,"Wisconsin","Juneau County",5,7,271,139,132
050,55,057,"Wisconsin","Juneau County",5,8,314,157,157
050,55,057,"Wisconsin","Juneau County",5,9,273,137,136
050,55,057,"Wisconsin","Juneau County",5,10,287,146,141
050,55,057,"Wisconsin","Juneau County",5,11,285,164,121
050,55,057,"Wisconsin","Juneau County",5,12,270,142,128
050,55,057,"Wisconsin","Juneau County",5,13,290,148,142
050,55,057,"Wisconsin","Juneau County",5,14,313,163,150
050,55,057,"Wisconsin","Juneau County",5,15,322,187,135
050,55,057,"Wisconsin","Juneau County",5,16,341,175,166
050,55,057,"Wisconsin","Juneau County",5,17,311,172,139
050,55,057,"Wisconsin","Juneau County",5,18,289,150,139
050,55,057,"Wisconsin","Juneau County",5,19,224,113,111
050,55,057,"Wisconsin","Juneau County",5,20,239,125,114
050,55,057,"Wisconsin","Juneau County",5,21,238,138,100
050,55,057,"Wisconsin","Juneau County",5,22,245,142,103
050,55,057,"Wisconsin","Juneau County",5,23,263,142,121
050,55,057,"Wisconsin","Juneau County",5,24,310,150,160
050,55,057,"Wisconsin","Juneau County",5,25,259,164,95
050,55,057,"Wisconsin","Juneau County",5,26,280,163,117
050,55,057,"Wisconsin","Juneau County",5,27,321,169,152
050,55,057,"Wisconsin","Juneau County",5,28,305,177,128
050,55,057,"Wisconsin","Juneau County",5,29,312,174,138
050,55,057,"Wisconsin","Juneau County",5,30,296,166,130
050,55,057,"Wisconsin","Juneau County",5,31,297,180,117
050,55,057,"Wisconsin","Juneau County",5,32,303,180,123
050,55,057,"Wisconsin","Juneau County",5,33,273,161,112
050,55,057,"Wisconsin","Juneau County",5,34,283,166,117
050,55,057,"Wisconsin","Juneau County",5,35,303,186,117
050,55,057,"Wisconsin","Juneau County",5,36,297,184,113
050,55,057,"Wisconsin","Juneau County",5,37,300,170,130
050,55,057,"Wisconsin","Juneau County",5,38,334,195,139
050,55,057,"Wisconsin","Juneau County",5,39,332,192,140
050,55,057,"Wisconsin","Juneau County",5,40,343,196,147
050,55,057,"Wisconsin","Juneau County",5,41,359,207,152
050,55,057,"Wisconsin","Juneau County",5,42,343,222,121
050,55,057,"Wisconsin","Juneau County",5,43,325,186,139
050,55,057,"Wisconsin","Juneau County",5,44,298,169,129
050,55,057,"Wisconsin","Juneau County",5,45,314,185,129
050,55,057,"Wisconsin","Juneau County",5,46,321,186,135
050,55,057,"Wisconsin","Juneau County",5,47,324,190,134
050,55,057,"Wisconsin","Juneau County",5,48,301,161,140
050,55,057,"Wisconsin","Juneau County",5,49,347,188,159
050,55,057,"Wisconsin","Juneau County",5,50,338,191,147
050,55,057,"Wisconsin","Juneau County",5,51,358,209,149
050,55,057,"Wisconsin","Juneau County",5,52,382,202,180
050,55,057,"Wisconsin","Juneau County",5,53,364,199,165
050,55,057,"Wisconsin","Juneau County",5,54,339,192,147
050,55,057,"Wisconsin","Juneau County",5,55,347,186,161
050,55,057,"Wisconsin","Juneau County",5,56,363,188,175
050,55,057,"Wisconsin","Juneau County",5,57,393,209,184
050,55,057,"Wisconsin","Juneau County",5,58,387,196,191
050,55,057,"Wisconsin","Juneau County",5,59,414,225,189
050,55,057,"Wisconsin","Juneau County",5,60,463,251,212
050,55,057,"Wisconsin","Juneau County",5,61,467,249,218
050,55,057,"Wisconsin","Juneau County",5,62,449,238,211
050,55,057,"Wisconsin","Juneau County",5,63,437,244,193
050,55,057,"Wisconsin","Juneau County",5,64,438,238,200
050,55,057,"Wisconsin","Juneau County",5,65,444,227,217
050,55,057,"Wisconsin","Juneau County",5,66,437,223,214
050,55,057,"Wisconsin","Juneau County",5,67,430,211,219
050,55,057,"Wisconsin","Juneau County",5,68,394,199,195
050,55,057,"Wisconsin","Juneau County",5,69,381,202,179
050,55,057,"Wisconsin","Juneau County",5,70,361,196,165
050,55,057,"Wisconsin","Juneau County",5,71,348,176,172
050,55,057,"Wisconsin","Juneau County",5,72,315,158,157
050,55,057,"Wisconsin","Juneau County",5,73,284,141,143
050,55,057,"Wisconsin","Juneau County",5,74,268,137,131
050,55,057,"Wisconsin","Juneau County",5,75,268,128,140
050,55,057,"Wisconsin","Juneau County",5,76,297,151,146
050,55,057,"Wisconsin","Juneau County",5,77,202,98,104
050,55,057,"Wisconsin","Juneau County",5,78,199,96,103
050,55,057,"Wisconsin","Juneau County",5,79,189,92,97
050,55,057,"Wisconsin","Juneau County",5,80,191,95,96
050,55,057,"Wisconsin","Juneau County",5,81,161,79,82
050,55,057,"Wisconsin","Juneau County",5,82,138,65,73
050,55,057,"Wisconsin","Juneau County",5,83,111,54,57
050,55,057,"Wisconsin","Juneau County",5,84,98,41,57
050,55,057,"Wisconsin","Juneau County",5,85,565,212,353
050,55,059,"Wisconsin","Kenosha County",1,0,1774,909,865
050,55,059,"Wisconsin","Kenosha County",1,1,1828,939,889
050,55,059,"Wisconsin","Kenosha County",1,2,1866,939,927
050,55,059,"Wisconsin","Kenosha County",1,3,1947,982,965
050,55,059,"Wisconsin","Kenosha County",1,4,1927,962,965
050,55,059,"Wisconsin","Kenosha County",1,5,1951,1034,917
050,55,059,"Wisconsin","Kenosha County",1,6,2033,1081,952
050,55,059,"Wisconsin","Kenosha County",1,7,2034,1036,998
050,55,059,"Wisconsin","Kenosha County",1,8,2072,1051,1021
050,55,059,"Wisconsin","Kenosha County",1,9,2073,1089,984
050,55,059,"Wisconsin","Kenosha County",1,10,2208,1145,1063
050,55,059,"Wisconsin","Kenosha County",1,11,2324,1192,1132
050,55,059,"Wisconsin","Kenosha County",1,12,2353,1178,1175
050,55,059,"Wisconsin","Kenosha County",1,13,2364,1162,1202
050,55,059,"Wisconsin","Kenosha County",1,14,2311,1144,1167
050,55,059,"Wisconsin","Kenosha County",1,15,2298,1171,1127
050,55,059,"Wisconsin","Kenosha County",1,16,2323,1181,1142
050,55,059,"Wisconsin","Kenosha County",1,17,2373,1190,1183
050,55,059,"Wisconsin","Kenosha County",1,18,2504,1257,1247
050,55,059,"Wisconsin","Kenosha County",1,19,2701,1397,1304
050,55,059,"Wisconsin","Kenosha County",1,20,2519,1268,1251
050,55,059,"Wisconsin","Kenosha County",1,21,2334,1143,1191
050,55,059,"Wisconsin","Kenosha County",1,22,2157,1090,1067
050,55,059,"Wisconsin","Kenosha County",1,23,2092,1059,1033
050,55,059,"Wisconsin","Kenosha County",1,24,2120,1090,1030
050,55,059,"Wisconsin","Kenosha County",1,25,2115,1120,995
050,55,059,"Wisconsin","Kenosha County",1,26,2189,1081,1108
050,55,059,"Wisconsin","Kenosha County",1,27,2243,1125,1118
050,55,059,"Wisconsin","Kenosha County",1,28,2204,1136,1068
050,55,059,"Wisconsin","Kenosha County",1,29,2211,1106,1105
050,55,059,"Wisconsin","Kenosha County",1,30,2231,1142,1089
050,55,059,"Wisconsin","Kenosha County",1,31,2151,1111,1040
050,55,059,"Wisconsin","Kenosha County",1,32,2121,1072,1049
050,55,059,"Wisconsin","Kenosha County",1,33,2125,1046,1079
050,55,059,"Wisconsin","Kenosha County",1,34,2155,1057,1098
050,55,059,"Wisconsin","Kenosha County",1,35,2171,1086,1085
050,55,059,"Wisconsin","Kenosha County",1,36,2166,1080,1086
050,55,059,"Wisconsin","Kenosha County",1,37,2206,1110,1096
050,55,059,"Wisconsin","Kenosha County",1,38,2134,1059,1075
050,55,059,"Wisconsin","Kenosha County",1,39,2191,1098,1093
050,55,059,"Wisconsin","Kenosha County",1,40,2237,1098,1139
050,55,059,"Wisconsin","Kenosha County",1,41,2098,1002,1096
050,55,059,"Wisconsin","Kenosha County",1,42,2074,1027,1047
050,55,059,"Wisconsin","Kenosha County",1,43,2030,1008,1022
050,55,059,"Wisconsin","Kenosha County",1,44,2039,981,1058
050,55,059,"Wisconsin","Kenosha County",1,45,2037,1003,1034
050,55,059,"Wisconsin","Kenosha County",1,46,1963,978,985
050,55,059,"Wisconsin","Kenosha County",1,47,2065,1024,1041
050,55,059,"Wisconsin","Kenosha County",1,48,2278,1153,1125
050,55,059,"Wisconsin","Kenosha County",1,49,2409,1221,1188
050,55,059,"Wisconsin","Kenosha County",1,50,2299,1180,1119
050,55,059,"Wisconsin","Kenosha County",1,51,2267,1156,1111
050,55,059,"Wisconsin","Kenosha County",1,52,2272,1159,1113
050,55,059,"Wisconsin","Kenosha County",1,53,2370,1160,1210
050,55,059,"Wisconsin","Kenosha County",1,54,2490,1229,1261
050,55,059,"Wisconsin","Kenosha County",1,55,2594,1299,1295
050,55,059,"Wisconsin","Kenosha County",1,56,2610,1315,1295
050,55,059,"Wisconsin","Kenosha County",1,57,2624,1330,1294
050,55,059,"Wisconsin","Kenosha County",1,58,2653,1331,1322
050,55,059,"Wisconsin","Kenosha County",1,59,2617,1302,1315
050,55,059,"Wisconsin","Kenosha County",1,60,2460,1227,1233
050,55,059,"Wisconsin","Kenosha County",1,61,2350,1154,1196
050,55,059,"Wisconsin","Kenosha County",1,62,2314,1160,1154
050,55,059,"Wisconsin","Kenosha County",1,63,2160,1079,1081
050,55,059,"Wisconsin","Kenosha County",1,64,2068,1020,1048
050,55,059,"Wisconsin","Kenosha County",1,65,1980,964,1016
050,55,059,"Wisconsin","Kenosha County",1,66,1848,915,933
050,55,059,"Wisconsin","Kenosha County",1,67,1747,880,867
050,55,059,"Wisconsin","Kenosha County",1,68,1713,825,888
050,55,059,"Wisconsin","Kenosha County",1,69,1499,720,779
050,55,059,"Wisconsin","Kenosha County",1,70,1403,668,735
050,55,059,"Wisconsin","Kenosha County",1,71,1354,649,705
050,55,059,"Wisconsin","Kenosha County",1,72,1345,640,705
050,55,059,"Wisconsin","Kenosha County",1,73,1302,652,650
050,55,059,"Wisconsin","Kenosha County",1,74,895,427,468
050,55,059,"Wisconsin","Kenosha County",1,75,867,367,500
050,55,059,"Wisconsin","Kenosha County",1,76,899,395,504
050,55,059,"Wisconsin","Kenosha County",1,77,935,412,523
050,55,059,"Wisconsin","Kenosha County",1,78,780,344,436
050,55,059,"Wisconsin","Kenosha County",1,79,708,315,393
050,55,059,"Wisconsin","Kenosha County",1,80,644,272,372
050,55,059,"Wisconsin","Kenosha County",1,81,598,258,340
050,55,059,"Wisconsin","Kenosha County",1,82,562,226,336
050,55,059,"Wisconsin","Kenosha County",1,83,483,203,280
050,55,059,"Wisconsin","Kenosha County",1,84,449,199,250
050,55,059,"Wisconsin","Kenosha County",1,85,2662,904,1758
050,55,059,"Wisconsin","Kenosha County",2,0,1779,919,860
050,55,059,"Wisconsin","Kenosha County",2,1,1812,928,884
050,55,059,"Wisconsin","Kenosha County",2,2,1860,941,919
050,55,059,"Wisconsin","Kenosha County",2,3,1915,962,953
050,55,059,"Wisconsin","Kenosha County",2,4,1933,967,966
050,55,059,"Wisconsin","Kenosha County",2,5,1945,1016,929
050,55,059,"Wisconsin","Kenosha County",2,6,2012,1068,944
050,55,059,"Wisconsin","Kenosha County",2,7,2034,1046,988
050,55,059,"Wisconsin","Kenosha County",2,8,2053,1049,1004
050,55,059,"Wisconsin","Kenosha County",2,9,2075,1086,989
050,55,059,"Wisconsin","Kenosha County",2,10,2178,1132,1046
050,55,059,"Wisconsin","Kenosha County",2,11,2283,1175,1108
050,55,059,"Wisconsin","Kenosha County",2,12,2356,1186,1170
050,55,059,"Wisconsin","Kenosha County",2,13,2357,1165,1192
050,55,059,"Wisconsin","Kenosha County",2,14,2330,1151,1179
050,55,059,"Wisconsin","Kenosha County",2,15,2302,1166,1136
050,55,059,"Wisconsin","Kenosha County",2,16,2321,1182,1139
050,55,059,"Wisconsin","Kenosha County",2,17,2359,1186,1173
050,55,059,"Wisconsin","Kenosha County",2,18,2489,1246,1243
050,55,059,"Wisconsin","Kenosha County",2,19,2689,1389,1300
050,55,059,"Wisconsin","Kenosha County",2,20,2557,1286,1271
050,55,059,"Wisconsin","Kenosha County",2,21,2347,1151,1196
050,55,059,"Wisconsin","Kenosha County",2,22,2172,1092,1080
050,55,059,"Wisconsin","Kenosha County",2,23,2093,1055,1038
050,55,059,"Wisconsin","Kenosha County",2,24,2110,1086,1024
050,55,059,"Wisconsin","Kenosha County",2,25,2119,1110,1009
050,55,059,"Wisconsin","Kenosha County",2,26,2187,1097,1090
050,55,059,"Wisconsin","Kenosha County",2,27,2224,1113,1111
050,55,059,"Wisconsin","Kenosha County",2,28,2214,1132,1082
050,55,059,"Wisconsin","Kenosha County",2,29,2215,1114,1101
050,55,059,"Wisconsin","Kenosha County",2,30,2245,1141,1104
050,55,059,"Wisconsin","Kenosha County",2,31,2166,1114,1052
050,55,059,"Wisconsin","Kenosha County",2,32,2120,1073,1047
050,55,059,"Wisconsin","Kenosha County",2,33,2121,1048,1073
050,55,059,"Wisconsin","Kenosha County",2,34,2148,1056,1092
050,55,059,"Wisconsin","Kenosha County",2,35,2182,1086,1096
050,55,059,"Wisconsin","Kenosha County",2,36,2158,1078,1080
050,55,059,"Wisconsin","Kenosha County",2,37,2191,1102,1089
050,55,059,"Wisconsin","Kenosha County",2,38,2157,1078,1079
050,55,059,"Wisconsin","Kenosha County",2,39,2176,1089,1087
050,55,059,"Wisconsin","Kenosha County",2,40,2237,1100,1137
050,55,059,"Wisconsin","Kenosha County",2,41,2125,1021,1104
050,55,059,"Wisconsin","Kenosha County",2,42,2069,1014,1055
050,55,059,"Wisconsin","Kenosha County",2,43,2054,1019,1035
050,55,059,"Wisconsin","Kenosha County",2,44,2014,974,1040
050,55,059,"Wisconsin","Kenosha County",2,45,2039,997,1042
050,55,059,"Wisconsin","Kenosha County",2,46,1977,984,993
050,55,059,"Wisconsin","Kenosha County",2,47,2038,1011,1027
050,55,059,"Wisconsin","Kenosha County",2,48,2224,1124,1100
050,55,059,"Wisconsin","Kenosha County",2,49,2388,1212,1176
050,55,059,"Wisconsin","Kenosha County",2,50,2324,1187,1137
050,55,059,"Wisconsin","Kenosha County",2,51,2262,1153,1109
050,55,059,"Wisconsin","Kenosha County",2,52,2267,1156,1111
050,55,059,"Wisconsin","Kenosha County",2,53,2350,1161,1189
050,55,059,"Wisconsin","Kenosha County",2,54,2455,1208,1247
050,55,059,"Wisconsin","Kenosha County",2,55,2555,1274,1281
050,55,059,"Wisconsin","Kenosha County",2,56,2604,1311,1293
050,55,059,"Wisconsin","Kenosha County",2,57,2616,1323,1293
050,55,059,"Wisconsin","Kenosha County",2,58,2644,1335,1309
050,55,059,"Wisconsin","Kenosha County",2,59,2620,1301,1319
050,55,059,"Wisconsin","Kenosha County",2,60,2485,1235,1250
050,55,059,"Wisconsin","Kenosha County",2,61,2367,1162,1205
050,55,059,"Wisconsin","Kenosha County",2,62,2312,1151,1161
050,55,059,"Wisconsin","Kenosha County",2,63,2209,1106,1103
050,55,059,"Wisconsin","Kenosha County",2,64,2079,1030,1049
050,55,059,"Wisconsin","Kenosha County",2,65,1986,966,1020
050,55,059,"Wisconsin","Kenosha County",2,66,1881,925,956
050,55,059,"Wisconsin","Kenosha County",2,67,1761,884,877
050,55,059,"Wisconsin","Kenosha County",2,68,1701,830,871
050,55,059,"Wisconsin","Kenosha County",2,69,1556,744,812
050,55,059,"Wisconsin","Kenosha County",2,70,1419,675,744
050,55,059,"Wisconsin","Kenosha County",2,71,1365,654,711
050,55,059,"Wisconsin","Kenosha County",2,72,1323,631,692
050,55,059,"Wisconsin","Kenosha County",2,73,1371,680,691
050,55,059,"Wisconsin","Kenosha County",2,74,929,449,480
050,55,059,"Wisconsin","Kenosha County",2,75,873,382,491
050,55,059,"Wisconsin","Kenosha County",2,76,886,384,502
050,55,059,"Wisconsin","Kenosha County",2,77,939,411,528
050,55,059,"Wisconsin","Kenosha County",2,78,791,348,443
050,55,059,"Wisconsin","Kenosha County",2,79,713,316,397
050,55,059,"Wisconsin","Kenosha County",2,80,650,274,376
050,55,059,"Wisconsin","Kenosha County",2,81,599,256,343
050,55,059,"Wisconsin","Kenosha County",2,82,563,230,333
050,55,059,"Wisconsin","Kenosha County",2,83,492,203,289
050,55,059,"Wisconsin","Kenosha County",2,84,446,197,249
050,55,059,"Wisconsin","Kenosha County",2,85,2653,903,1750
050,55,059,"Wisconsin","Kenosha County",3,0,1699,866,833
050,55,059,"Wisconsin","Kenosha County",3,1,1776,927,849
050,55,059,"Wisconsin","Kenosha County",3,2,1834,928,906
050,55,059,"Wisconsin","Kenosha County",3,3,1826,912,914
050,55,059,"Wisconsin","Kenosha County",3,4,1901,974,927
050,55,059,"Wisconsin","Kenosha County",3,5,1938,989,949
050,55,059,"Wisconsin","Kenosha County",3,6,1964,1027,937
050,55,059,"Wisconsin","Kenosha County",3,7,2031,1073,958
050,55,059,"Wisconsin","Kenosha County",3,8,2040,1036,1004
050,55,059,"Wisconsin","Kenosha County",3,9,2040,1044,996
050,55,059,"Wisconsin","Kenosha County",3,10,2069,1083,986
050,55,059,"Wisconsin","Kenosha County",3,11,2171,1146,1025
050,55,059,"Wisconsin","Kenosha County",3,12,2257,1164,1093
050,55,059,"Wisconsin","Kenosha County",3,13,2362,1197,1165
050,55,059,"Wisconsin","Kenosha County",3,14,2345,1167,1178
050,55,059,"Wisconsin","Kenosha County",3,15,2325,1158,1167
050,55,059,"Wisconsin","Kenosha County",3,16,2276,1162,1114
050,55,059,"Wisconsin","Kenosha County",3,17,2326,1171,1155
050,55,059,"Wisconsin","Kenosha County",3,18,2426,1221,1205
050,55,059,"Wisconsin","Kenosha County",3,19,2500,1278,1222
050,55,059,"Wisconsin","Kenosha County",3,20,2480,1232,1248
050,55,059,"Wisconsin","Kenosha County",3,21,2372,1169,1203
050,55,059,"Wisconsin","Kenosha County",3,22,2235,1113,1122
050,55,059,"Wisconsin","Kenosha County",3,23,2135,1079,1056
050,55,059,"Wisconsin","Kenosha County",3,24,2117,1094,1023
050,55,059,"Wisconsin","Kenosha County",3,25,2110,1068,1042
050,55,059,"Wisconsin","Kenosha County",3,26,2181,1150,1031
050,55,059,"Wisconsin","Kenosha County",3,27,2209,1101,1108
050,55,059,"Wisconsin","Kenosha County",3,28,2263,1130,1133
050,55,059,"Wisconsin","Kenosha County",3,29,2191,1111,1080
050,55,059,"Wisconsin","Kenosha County",3,30,2186,1104,1082
050,55,059,"Wisconsin","Kenosha County",3,31,2225,1129,1096
050,55,059,"Wisconsin","Kenosha County",3,32,2144,1100,1044
050,55,059,"Wisconsin","Kenosha County",3,33,2118,1065,1053
050,55,059,"Wisconsin","Kenosha County",3,34,2123,1064,1059
050,55,059,"Wisconsin","Kenosha County",3,35,2113,1032,1081
050,55,059,"Wisconsin","Kenosha County",3,36,2195,1076,1119
050,55,059,"Wisconsin","Kenosha County",3,37,2113,1065,1048
050,55,059,"Wisconsin","Kenosha County",3,38,2155,1078,1077
050,55,059,"Wisconsin","Kenosha County",3,39,2141,1052,1089
050,55,059,"Wisconsin","Kenosha County",3,40,2152,1070,1082
050,55,059,"Wisconsin","Kenosha County",3,41,2194,1080,1114
050,55,059,"Wisconsin","Kenosha County",3,42,2122,1016,1106
050,55,059,"Wisconsin","Kenosha County",3,43,2086,1021,1065
050,55,059,"Wisconsin","Kenosha County",3,44,2018,1014,1004
050,55,059,"Wisconsin","Kenosha County",3,45,1991,966,1025
050,55,059,"Wisconsin","Kenosha County",3,46,2010,976,1034
050,55,059,"Wisconsin","Kenosha County",3,47,1957,960,997
050,55,059,"Wisconsin","Kenosha County",3,48,2008,990,1018
050,55,059,"Wisconsin","Kenosha County",3,49,2221,1112,1109
050,55,059,"Wisconsin","Kenosha County",3,50,2369,1222,1147
050,55,059,"Wisconsin","Kenosha County",3,51,2349,1192,1157
050,55,059,"Wisconsin","Kenosha County",3,52,2235,1137,1098
050,55,059,"Wisconsin","Kenosha County",3,53,2242,1133,1109
050,55,059,"Wisconsin","Kenosha County",3,54,2365,1184,1181
050,55,059,"Wisconsin","Kenosha County",3,55,2433,1182,1251
050,55,059,"Wisconsin","Kenosha County",3,56,2561,1284,1277
050,55,059,"Wisconsin","Kenosha County",3,57,2610,1311,1299
050,55,059,"Wisconsin","Kenosha County",3,58,2621,1344,1277
050,55,059,"Wisconsin","Kenosha County",3,59,2594,1292,1302
050,55,059,"Wisconsin","Kenosha County",3,60,2586,1284,1302
050,55,059,"Wisconsin","Kenosha County",3,61,2441,1214,1227
050,55,059,"Wisconsin","Kenosha County",3,62,2291,1115,1176
050,55,059,"Wisconsin","Kenosha County",3,63,2253,1111,1142
050,55,059,"Wisconsin","Kenosha County",3,64,2167,1085,1082
050,55,059,"Wisconsin","Kenosha County",3,65,2032,989,1043
050,55,059,"Wisconsin","Kenosha County",3,66,1957,950,1007
050,55,059,"Wisconsin","Kenosha County",3,67,1846,915,931
050,55,059,"Wisconsin","Kenosha County",3,68,1728,864,864
050,55,059,"Wisconsin","Kenosha County",3,69,1644,795,849
050,55,059,"Wisconsin","Kenosha County",3,70,1528,730,798
050,55,059,"Wisconsin","Kenosha County",3,71,1371,654,717
050,55,059,"Wisconsin","Kenosha County",3,72,1320,626,694
050,55,059,"Wisconsin","Kenosha County",3,73,1282,605,677
050,55,059,"Wisconsin","Kenosha County",3,74,1316,645,671
050,55,059,"Wisconsin","Kenosha County",3,75,892,431,461
050,55,059,"Wisconsin","Kenosha County",3,76,843,366,477
050,55,059,"Wisconsin","Kenosha County",3,77,834,354,480
050,55,059,"Wisconsin","Kenosha County",3,78,885,380,505
050,55,059,"Wisconsin","Kenosha County",3,79,749,320,429
050,55,059,"Wisconsin","Kenosha County",3,80,670,294,376
050,55,059,"Wisconsin","Kenosha County",3,81,627,264,363
050,55,059,"Wisconsin","Kenosha County",3,82,547,231,316
050,55,059,"Wisconsin","Kenosha County",3,83,517,207,310
050,55,059,"Wisconsin","Kenosha County",3,84,453,189,264
050,55,059,"Wisconsin","Kenosha County",3,85,2585,914,1671
050,55,059,"Wisconsin","Kenosha County",4,0,1681,856,825
050,55,059,"Wisconsin","Kenosha County",4,1,1708,870,838
050,55,059,"Wisconsin","Kenosha County",4,2,1800,940,860
050,55,059,"Wisconsin","Kenosha County",4,3,1817,914,903
050,55,059,"Wisconsin","Kenosha County",4,4,1820,926,894
050,55,059,"Wisconsin","Kenosha County",4,5,1871,962,909
050,55,059,"Wisconsin","Kenosha County",4,6,1943,1004,939
050,55,059,"Wisconsin","Kenosha County",4,7,1935,1001,934
050,55,059,"Wisconsin","Kenosha County",4,8,2024,1064,960
050,55,059,"Wisconsin","Kenosha County",4,9,2029,1037,992
050,55,059,"Wisconsin","Kenosha County",4,10,2060,1061,999
050,55,059,"Wisconsin","Kenosha County",4,11,2045,1089,956
050,55,059,"Wisconsin","Kenosha County",4,12,2154,1125,1029
050,55,059,"Wisconsin","Kenosha County",4,13,2249,1156,1093
050,55,059,"Wisconsin","Kenosha County",4,14,2352,1187,1165
050,55,059,"Wisconsin","Kenosha County",4,15,2316,1161,1155
050,55,059,"Wisconsin","Kenosha County",4,16,2347,1187,1160
050,55,059,"Wisconsin","Kenosha County",4,17,2307,1167,1140
050,55,059,"Wisconsin","Kenosha County",4,18,2383,1200,1183
050,55,059,"Wisconsin","Kenosha County",4,19,2479,1290,1189
050,55,059,"Wisconsin","Kenosha County",4,20,2385,1169,1216
050,55,059,"Wisconsin","Kenosha County",4,21,2375,1152,1223
050,55,059,"Wisconsin","Kenosha County",4,22,2307,1145,1162
050,55,059,"Wisconsin","Kenosha County",4,23,2189,1108,1081
050,55,059,"Wisconsin","Kenosha County",4,24,2126,1104,1022
050,55,059,"Wisconsin","Kenosha County",4,25,2148,1087,1061
050,55,059,"Wisconsin","Kenosha County",4,26,2136,1078,1058
050,55,059,"Wisconsin","Kenosha County",4,27,2202,1150,1052
050,55,059,"Wisconsin","Kenosha County",4,28,2163,1070,1093
050,55,059,"Wisconsin","Kenosha County",4,29,2216,1132,1084
050,55,059,"Wisconsin","Kenosha County",4,30,2173,1105,1068
050,55,059,"Wisconsin","Kenosha County",4,31,2189,1121,1068
050,55,059,"Wisconsin","Kenosha County",4,32,2216,1123,1093
050,55,059,"Wisconsin","Kenosha County",4,33,2160,1097,1063
050,55,059,"Wisconsin","Kenosha County",4,34,2123,1068,1055
050,55,059,"Wisconsin","Kenosha County",4,35,2071,1030,1041
050,55,059,"Wisconsin","Kenosha County",4,36,2120,1035,1085
050,55,059,"Wisconsin","Kenosha County",4,37,2161,1063,1098
050,55,059,"Wisconsin","Kenosha County",4,38,2079,1053,1026
050,55,059,"Wisconsin","Kenosha County",4,39,2127,1066,1061
050,55,059,"Wisconsin","Kenosha County",4,40,2092,1038,1054
050,55,059,"Wisconsin","Kenosha County",4,41,2135,1056,1079
050,55,059,"Wisconsin","Kenosha County",4,42,2174,1063,1111
050,55,059,"Wisconsin","Kenosha County",4,43,2103,1007,1096
050,55,059,"Wisconsin","Kenosha County",4,44,2073,1019,1054
050,55,059,"Wisconsin","Kenosha County",4,45,2017,1005,1012
050,55,059,"Wisconsin","Kenosha County",4,46,1987,962,1025
050,55,059,"Wisconsin","Kenosha County",4,47,1964,951,1013
050,55,059,"Wisconsin","Kenosha County",4,48,1941,952,989
050,55,059,"Wisconsin","Kenosha County",4,49,1990,981,1009
050,55,059,"Wisconsin","Kenosha County",4,50,2200,1108,1092
050,55,059,"Wisconsin","Kenosha County",4,51,2359,1206,1153
050,55,059,"Wisconsin","Kenosha County",4,52,2327,1187,1140
050,55,059,"Wisconsin","Kenosha County",4,53,2230,1128,1102
050,55,059,"Wisconsin","Kenosha County",4,54,2206,1115,1091
050,55,059,"Wisconsin","Kenosha County",4,55,2316,1154,1162
050,55,059,"Wisconsin","Kenosha County",4,56,2400,1171,1229
050,55,059,"Wisconsin","Kenosha County",4,57,2532,1270,1262
050,55,059,"Wisconsin","Kenosha County",4,58,2584,1308,1276
050,55,059,"Wisconsin","Kenosha County",4,59,2580,1303,1277
050,55,059,"Wisconsin","Kenosha County",4,60,2533,1268,1265
050,55,059,"Wisconsin","Kenosha County",4,61,2516,1256,1260
050,55,059,"Wisconsin","Kenosha County",4,62,2365,1165,1200
050,55,059,"Wisconsin","Kenosha County",4,63,2235,1077,1158
050,55,059,"Wisconsin","Kenosha County",4,64,2199,1094,1105
050,55,059,"Wisconsin","Kenosha County",4,65,2116,1031,1085
050,55,059,"Wisconsin","Kenosha County",4,66,1966,950,1016
050,55,059,"Wisconsin","Kenosha County",4,67,1918,929,989
050,55,059,"Wisconsin","Kenosha County",4,68,1816,890,926
050,55,059,"Wisconsin","Kenosha County",4,69,1690,838,852
050,55,059,"Wisconsin","Kenosha County",4,70,1625,779,846
050,55,059,"Wisconsin","Kenosha County",4,71,1488,714,774
050,55,059,"Wisconsin","Kenosha County",4,72,1329,618,711
050,55,059,"Wisconsin","Kenosha County",4,73,1296,609,687
050,55,059,"Wisconsin","Kenosha County",4,74,1258,583,675
050,55,059,"Wisconsin","Kenosha County",4,75,1274,611,663
050,55,059,"Wisconsin","Kenosha County",4,76,883,426,457
050,55,059,"Wisconsin","Kenosha County",4,77,795,341,454
050,55,059,"Wisconsin","Kenosha County",4,78,801,334,467
050,55,059,"Wisconsin","Kenosha County",4,79,837,362,475
050,55,059,"Wisconsin","Kenosha County",4,80,719,301,418
050,55,059,"Wisconsin","Kenosha County",4,81,637,275,362
050,55,059,"Wisconsin","Kenosha County",4,82,565,236,329
050,55,059,"Wisconsin","Kenosha County",4,83,508,204,304
050,55,059,"Wisconsin","Kenosha County",4,84,485,196,289
050,55,059,"Wisconsin","Kenosha County",4,85,2587,933,1654
050,55,059,"Wisconsin","Kenosha County",5,0,1670,848,822
050,55,059,"Wisconsin","Kenosha County",5,1,1696,834,862
050,55,059,"Wisconsin","Kenosha County",5,2,1741,885,856
050,55,059,"Wisconsin","Kenosha County",5,3,1819,944,875
050,55,059,"Wisconsin","Kenosha County",5,4,1798,899,899
050,55,059,"Wisconsin","Kenosha County",5,5,1818,911,907
050,55,059,"Wisconsin","Kenosha County",5,6,1859,983,876
050,55,059,"Wisconsin","Kenosha County",5,7,1932,992,940
050,55,059,"Wisconsin","Kenosha County",5,8,1971,1009,962
050,55,059,"Wisconsin","Kenosha County",5,9,2013,1065,948
050,55,059,"Wisconsin","Kenosha County",5,10,2035,1040,995
050,55,059,"Wisconsin","Kenosha County",5,11,2044,1033,1011
050,55,059,"Wisconsin","Kenosha County",5,12,2024,1094,930
050,55,059,"Wisconsin","Kenosha County",5,13,2136,1128,1008
050,55,059,"Wisconsin","Kenosha County",5,14,2233,1130,1103
050,55,059,"Wisconsin","Kenosha County",5,15,2352,1190,1162
050,55,059,"Wisconsin","Kenosha County",5,16,2335,1156,1179
050,55,059,"Wisconsin","Kenosha County",5,17,2353,1192,1161
050,55,059,"Wisconsin","Kenosha County",5,18,2358,1193,1165
050,55,059,"Wisconsin","Kenosha County",5,19,2514,1301,1213
050,55,059,"Wisconsin","Kenosha County",5,20,2387,1195,1192
050,55,059,"Wisconsin","Kenosha County",5,21,2268,1102,1166
050,55,059,"Wisconsin","Kenosha County",5,22,2306,1151,1155
050,55,059,"Wisconsin","Kenosha County",5,23,2203,1113,1090
050,55,059,"Wisconsin","Kenosha County",5,24,2206,1114,1092
050,55,059,"Wisconsin","Kenosha County",5,25,2159,1126,1033
050,55,059,"Wisconsin","Kenosha County",5,26,2138,1090,1048
050,55,059,"Wisconsin","Kenosha County",5,27,2176,1090,1086
050,55,059,"Wisconsin","Kenosha County",5,28,2174,1134,1040
050,55,059,"Wisconsin","Kenosha County",5,29,2127,1046,1081
050,55,059,"Wisconsin","Kenosha County",5,30,2205,1123,1082
050,55,059,"Wisconsin","Kenosha County",5,31,2188,1129,1059
050,55,059,"Wisconsin","Kenosha County",5,32,2121,1087,1034
050,55,059,"Wisconsin","Kenosha County",5,33,2221,1121,1100
050,55,059,"Wisconsin","Kenosha County",5,34,2172,1105,1067
050,55,059,"Wisconsin","Kenosha County",5,35,2162,1072,1090
050,55,059,"Wisconsin","Kenosha County",5,36,2083,1017,1066
050,55,059,"Wisconsin","Kenosha County",5,37,2102,1030,1072
050,55,059,"Wisconsin","Kenosha County",5,38,2141,1064,1077
050,55,059,"Wisconsin","Kenosha County",5,39,2087,1045,1042
050,55,059,"Wisconsin","Kenosha County",5,40,2119,1061,1058
050,55,059,"Wisconsin","Kenosha County",5,41,2095,1041,1054
050,55,059,"Wisconsin","Kenosha County",5,42,2118,1034,1084
050,55,059,"Wisconsin","Kenosha County",5,43,2180,1068,1112
050,55,059,"Wisconsin","Kenosha County",5,44,2087,1002,1085
050,55,059,"Wisconsin","Kenosha County",5,45,2044,1002,1042
050,55,059,"Wisconsin","Kenosha County",5,46,1995,993,1002
050,55,059,"Wisconsin","Kenosha County",5,47,1980,958,1022
050,55,059,"Wisconsin","Kenosha County",5,48,1920,939,981
050,55,059,"Wisconsin","Kenosha County",5,49,1949,954,995
050,55,059,"Wisconsin","Kenosha County",5,50,1974,988,986
050,55,059,"Wisconsin","Kenosha County",5,51,2170,1082,1088
050,55,059,"Wisconsin","Kenosha County",5,52,2356,1212,1144
050,55,059,"Wisconsin","Kenosha County",5,53,2290,1155,1135
050,55,059,"Wisconsin","Kenosha County",5,54,2231,1144,1087
050,55,059,"Wisconsin","Kenosha County",5,55,2163,1084,1079
050,55,059,"Wisconsin","Kenosha County",5,56,2280,1139,1141
050,55,059,"Wisconsin","Kenosha County",5,57,2381,1164,1217
050,55,059,"Wisconsin","Kenosha County",5,58,2516,1256,1260
050,55,059,"Wisconsin","Kenosha County",5,59,2511,1256,1255
050,55,059,"Wisconsin","Kenosha County",5,60,2558,1301,1257
050,55,059,"Wisconsin","Kenosha County",5,61,2500,1256,1244
050,55,059,"Wisconsin","Kenosha County",5,62,2464,1228,1236
050,55,059,"Wisconsin","Kenosha County",5,63,2329,1139,1190
050,55,059,"Wisconsin","Kenosha County",5,64,2212,1066,1146
050,55,059,"Wisconsin","Kenosha County",5,65,2156,1061,1095
050,55,059,"Wisconsin","Kenosha County",5,66,2097,1014,1083
050,55,059,"Wisconsin","Kenosha County",5,67,1945,938,1007
050,55,059,"Wisconsin","Kenosha County",5,68,1914,912,1002
050,55,059,"Wisconsin","Kenosha County",5,69,1774,866,908
050,55,059,"Wisconsin","Kenosha County",5,70,1671,822,849
050,55,059,"Wisconsin","Kenosha County",5,71,1596,761,835
050,55,059,"Wisconsin","Kenosha County",5,72,1443,686,757
050,55,059,"Wisconsin","Kenosha County",5,73,1299,598,701
050,55,059,"Wisconsin","Kenosha County",5,74,1269,586,683
050,55,059,"Wisconsin","Kenosha County",5,75,1207,546,661
050,55,059,"Wisconsin","Kenosha County",5,76,1251,594,657
050,55,059,"Wisconsin","Kenosha County",5,77,844,413,431
050,55,059,"Wisconsin","Kenosha County",5,78,755,321,434
050,55,059,"Wisconsin","Kenosha County",5,79,755,315,440
050,55,059,"Wisconsin","Kenosha County",5,80,815,339,476
050,55,059,"Wisconsin","Kenosha County",5,81,689,284,405
050,55,059,"Wisconsin","Kenosha County",5,82,589,252,337
050,55,059,"Wisconsin","Kenosha County",5,83,521,207,314
050,55,059,"Wisconsin","Kenosha County",5,84,480,191,289
050,55,059,"Wisconsin","Kenosha County",5,85,2669,967,1702
050,55,061,"Wisconsin","Kewaunee County",1,0,196,103,93
050,55,061,"Wisconsin","Kewaunee County",1,1,208,115,93
050,55,061,"Wisconsin","Kewaunee County",1,2,205,93,112
050,55,061,"Wisconsin","Kewaunee County",1,3,227,114,113
050,55,061,"Wisconsin","Kewaunee County",1,4,218,112,106
050,55,061,"Wisconsin","Kewaunee County",1,5,212,111,101
050,55,061,"Wisconsin","Kewaunee County",1,6,236,114,122
050,55,061,"Wisconsin","Kewaunee County",1,7,220,109,111
050,55,061,"Wisconsin","Kewaunee County",1,8,251,137,114
050,55,061,"Wisconsin","Kewaunee County",1,9,247,124,123
050,55,061,"Wisconsin","Kewaunee County",1,10,280,144,136
050,55,061,"Wisconsin","Kewaunee County",1,11,259,125,134
050,55,061,"Wisconsin","Kewaunee County",1,12,255,124,131
050,55,061,"Wisconsin","Kewaunee County",1,13,270,142,128
050,55,061,"Wisconsin","Kewaunee County",1,14,269,141,128
050,55,061,"Wisconsin","Kewaunee County",1,15,255,138,117
050,55,061,"Wisconsin","Kewaunee County",1,16,289,150,139
050,55,061,"Wisconsin","Kewaunee County",1,17,285,143,142
050,55,061,"Wisconsin","Kewaunee County",1,18,244,125,119
050,55,061,"Wisconsin","Kewaunee County",1,19,191,99,92
050,55,061,"Wisconsin","Kewaunee County",1,20,209,111,98
050,55,061,"Wisconsin","Kewaunee County",1,21,213,109,104
050,55,061,"Wisconsin","Kewaunee County",1,22,214,109,105
050,55,061,"Wisconsin","Kewaunee County",1,23,191,94,97
050,55,061,"Wisconsin","Kewaunee County",1,24,210,114,96
050,55,061,"Wisconsin","Kewaunee County",1,25,222,121,101
050,55,061,"Wisconsin","Kewaunee County",1,26,228,118,110
050,55,061,"Wisconsin","Kewaunee County",1,27,211,116,95
050,55,061,"Wisconsin","Kewaunee County",1,28,202,106,96
050,55,061,"Wisconsin","Kewaunee County",1,29,217,114,103
050,55,061,"Wisconsin","Kewaunee County",1,30,199,97,102
050,55,061,"Wisconsin","Kewaunee County",1,31,184,105,79
050,55,061,"Wisconsin","Kewaunee County",1,32,202,107,95
050,55,061,"Wisconsin","Kewaunee County",1,33,239,108,131
050,55,061,"Wisconsin","Kewaunee County",1,34,263,125,138
050,55,061,"Wisconsin","Kewaunee County",1,35,238,129,109
050,55,061,"Wisconsin","Kewaunee County",1,36,257,136,121
050,55,061,"Wisconsin","Kewaunee County",1,37,244,139,105
050,55,061,"Wisconsin","Kewaunee County",1,38,234,130,104
050,55,061,"Wisconsin","Kewaunee County",1,39,262,139,123
050,55,061,"Wisconsin","Kewaunee County",1,40,266,136,130
050,55,061,"Wisconsin","Kewaunee County",1,41,244,127,117
050,55,061,"Wisconsin","Kewaunee County",1,42,247,131,116
050,55,061,"Wisconsin","Kewaunee County",1,43,243,138,105
050,55,061,"Wisconsin","Kewaunee County",1,44,221,115,106
050,55,061,"Wisconsin","Kewaunee County",1,45,240,119,121
050,55,061,"Wisconsin","Kewaunee County",1,46,235,127,108
050,55,061,"Wisconsin","Kewaunee County",1,47,225,119,106
050,55,061,"Wisconsin","Kewaunee County",1,48,259,140,119
050,55,061,"Wisconsin","Kewaunee County",1,49,274,139,135
050,55,061,"Wisconsin","Kewaunee County",1,50,254,127,127
050,55,061,"Wisconsin","Kewaunee County",1,51,260,133,127
050,55,061,"Wisconsin","Kewaunee County",1,52,276,143,133
050,55,061,"Wisconsin","Kewaunee County",1,53,290,156,134
050,55,061,"Wisconsin","Kewaunee County",1,54,293,145,148
050,55,061,"Wisconsin","Kewaunee County",1,55,299,143,156
050,55,061,"Wisconsin","Kewaunee County",1,56,346,171,175
050,55,061,"Wisconsin","Kewaunee County",1,57,340,167,173
050,55,061,"Wisconsin","Kewaunee County",1,58,332,172,160
050,55,061,"Wisconsin","Kewaunee County",1,59,335,175,160
050,55,061,"Wisconsin","Kewaunee County",1,60,323,171,152
050,55,061,"Wisconsin","Kewaunee County",1,61,314,171,143
050,55,061,"Wisconsin","Kewaunee County",1,62,337,194,143
050,55,061,"Wisconsin","Kewaunee County",1,63,308,173,135
050,55,061,"Wisconsin","Kewaunee County",1,64,293,145,148
050,55,061,"Wisconsin","Kewaunee County",1,65,273,142,131
050,55,061,"Wisconsin","Kewaunee County",1,66,299,153,146
050,55,061,"Wisconsin","Kewaunee County",1,67,296,157,139
050,55,061,"Wisconsin","Kewaunee County",1,68,279,149,130
050,55,061,"Wisconsin","Kewaunee County",1,69,242,122,120
050,55,061,"Wisconsin","Kewaunee County",1,70,251,125,126
050,55,061,"Wisconsin","Kewaunee County",1,71,237,116,121
050,55,061,"Wisconsin","Kewaunee County",1,72,222,113,109
050,55,061,"Wisconsin","Kewaunee County",1,73,206,106,100
050,55,061,"Wisconsin","Kewaunee County",1,74,160,91,69
050,55,061,"Wisconsin","Kewaunee County",1,75,161,81,80
050,55,061,"Wisconsin","Kewaunee County",1,76,163,77,86
050,55,061,"Wisconsin","Kewaunee County",1,77,169,79,90
050,55,061,"Wisconsin","Kewaunee County",1,78,141,65,76
050,55,061,"Wisconsin","Kewaunee County",1,79,135,64,71
050,55,061,"Wisconsin","Kewaunee County",1,80,113,54,59
050,55,061,"Wisconsin","Kewaunee County",1,81,104,54,50
050,55,061,"Wisconsin","Kewaunee County",1,82,104,47,57
050,55,061,"Wisconsin","Kewaunee County",1,83,86,32,54
050,55,061,"Wisconsin","Kewaunee County",1,84,82,36,46
050,55,061,"Wisconsin","Kewaunee County",1,85,535,193,342
050,55,061,"Wisconsin","Kewaunee County",2,0,206,105,101
050,55,061,"Wisconsin","Kewaunee County",2,1,206,112,94
050,55,061,"Wisconsin","Kewaunee County",2,2,206,98,108
050,55,061,"Wisconsin","Kewaunee County",2,3,219,107,112
050,55,061,"Wisconsin","Kewaunee County",2,4,221,112,109
050,55,061,"Wisconsin","Kewaunee County",2,5,212,111,101
050,55,061,"Wisconsin","Kewaunee County",2,6,231,114,117
050,55,061,"Wisconsin","Kewaunee County",2,7,224,111,113
050,55,061,"Wisconsin","Kewaunee County",2,8,242,129,113
050,55,061,"Wisconsin","Kewaunee County",2,9,247,126,121
050,55,061,"Wisconsin","Kewaunee County",2,10,271,138,133
050,55,061,"Wisconsin","Kewaunee County",2,11,263,129,134
050,55,061,"Wisconsin","Kewaunee County",2,12,257,125,132
050,55,061,"Wisconsin","Kewaunee County",2,13,266,137,129
050,55,061,"Wisconsin","Kewaunee County",2,14,267,140,127
050,55,061,"Wisconsin","Kewaunee County",2,15,257,138,119
050,55,061,"Wisconsin","Kewaunee County",2,16,280,145,135
050,55,061,"Wisconsin","Kewaunee County",2,17,284,143,141
050,55,061,"Wisconsin","Kewaunee County",2,18,241,123,118
050,55,061,"Wisconsin","Kewaunee County",2,19,192,100,92
050,55,061,"Wisconsin","Kewaunee County",2,20,211,110,101
050,55,061,"Wisconsin","Kewaunee County",2,21,216,111,105
050,55,061,"Wisconsin","Kewaunee County",2,22,215,109,106
050,55,061,"Wisconsin","Kewaunee County",2,23,200,98,102
050,55,061,"Wisconsin","Kewaunee County",2,24,206,111,95
050,55,061,"Wisconsin","Kewaunee County",2,25,221,119,102
050,55,061,"Wisconsin","Kewaunee County",2,26,222,115,107
050,55,061,"Wisconsin","Kewaunee County",2,27,217,118,99
050,55,061,"Wisconsin","Kewaunee County",2,28,208,112,96
050,55,061,"Wisconsin","Kewaunee County",2,29,216,113,103
050,55,061,"Wisconsin","Kewaunee County",2,30,200,99,101
050,55,061,"Wisconsin","Kewaunee County",2,31,186,102,84
050,55,061,"Wisconsin","Kewaunee County",2,32,196,105,91
050,55,061,"Wisconsin","Kewaunee County",2,33,229,106,123
050,55,061,"Wisconsin","Kewaunee County",2,34,255,122,133
050,55,061,"Wisconsin","Kewaunee County",2,35,249,132,117
050,55,061,"Wisconsin","Kewaunee County",2,36,252,134,118
050,55,061,"Wisconsin","Kewaunee County",2,37,246,137,109
050,55,061,"Wisconsin","Kewaunee County",2,38,240,133,107
050,55,061,"Wisconsin","Kewaunee County",2,39,253,135,118
050,55,061,"Wisconsin","Kewaunee County",2,40,269,140,129
050,55,061,"Wisconsin","Kewaunee County",2,41,250,130,120
050,55,061,"Wisconsin","Kewaunee County",2,42,248,131,117
050,55,061,"Wisconsin","Kewaunee County",2,43,247,139,108
050,55,061,"Wisconsin","Kewaunee County",2,44,223,118,105
050,55,061,"Wisconsin","Kewaunee County",2,45,236,119,117
050,55,061,"Wisconsin","Kewaunee County",2,46,235,124,111
050,55,061,"Wisconsin","Kewaunee County",2,47,229,122,107
050,55,061,"Wisconsin","Kewaunee County",2,48,253,134,119
050,55,061,"Wisconsin","Kewaunee County",2,49,273,140,133
050,55,061,"Wisconsin","Kewaunee County",2,50,258,129,129
050,55,061,"Wisconsin","Kewaunee County",2,51,258,131,127
050,55,061,"Wisconsin","Kewaunee County",2,52,269,139,130
050,55,061,"Wisconsin","Kewaunee County",2,53,287,153,134
050,55,061,"Wisconsin","Kewaunee County",2,54,291,147,144
050,55,061,"Wisconsin","Kewaunee County",2,55,300,145,155
050,55,061,"Wisconsin","Kewaunee County",2,56,337,166,171
050,55,061,"Wisconsin","Kewaunee County",2,57,336,164,172
050,55,061,"Wisconsin","Kewaunee County",2,58,334,171,163
050,55,061,"Wisconsin","Kewaunee County",2,59,338,175,163
050,55,061,"Wisconsin","Kewaunee County",2,60,321,167,154
050,55,061,"Wisconsin","Kewaunee County",2,61,314,169,145
050,55,061,"Wisconsin","Kewaunee County",2,62,333,190,143
050,55,061,"Wisconsin","Kewaunee County",2,63,318,180,138
050,55,061,"Wisconsin","Kewaunee County",2,64,289,146,143
050,55,061,"Wisconsin","Kewaunee County",2,65,277,142,135
050,55,061,"Wisconsin","Kewaunee County",2,66,293,150,143
050,55,061,"Wisconsin","Kewaunee County",2,67,296,156,140
050,55,061,"Wisconsin","Kewaunee County",2,68,282,150,132
050,55,061,"Wisconsin","Kewaunee County",2,69,252,130,122
050,55,061,"Wisconsin","Kewaunee County",2,70,247,122,125
050,55,061,"Wisconsin","Kewaunee County",2,71,240,117,123
050,55,061,"Wisconsin","Kewaunee County",2,72,223,113,110
050,55,061,"Wisconsin","Kewaunee County",2,73,220,113,107
050,55,061,"Wisconsin","Kewaunee County",2,74,159,87,72
050,55,061,"Wisconsin","Kewaunee County",2,75,160,82,78
050,55,061,"Wisconsin","Kewaunee County",2,76,161,78,83
050,55,061,"Wisconsin","Kewaunee County",2,77,169,79,90
050,55,061,"Wisconsin","Kewaunee County",2,78,145,67,78
050,55,061,"Wisconsin","Kewaunee County",2,79,135,63,72
050,55,061,"Wisconsin","Kewaunee County",2,80,118,56,62
050,55,061,"Wisconsin","Kewaunee County",2,81,104,52,52
050,55,061,"Wisconsin","Kewaunee County",2,82,102,47,55
050,55,061,"Wisconsin","Kewaunee County",2,83,89,35,54
050,55,061,"Wisconsin","Kewaunee County",2,84,82,35,47
050,55,061,"Wisconsin","Kewaunee County",2,85,533,193,340
050,55,061,"Wisconsin","Kewaunee County",3,0,190,97,93
050,55,061,"Wisconsin","Kewaunee County",3,1,223,109,114
050,55,061,"Wisconsin","Kewaunee County",3,2,209,110,99
050,55,061,"Wisconsin","Kewaunee County",3,3,203,100,103
050,55,061,"Wisconsin","Kewaunee County",3,4,225,108,117
050,55,061,"Wisconsin","Kewaunee County",3,5,232,117,115
050,55,061,"Wisconsin","Kewaunee County",3,6,200,107,93
050,55,061,"Wisconsin","Kewaunee County",3,7,230,110,120
050,55,061,"Wisconsin","Kewaunee County",3,8,222,114,108
050,55,061,"Wisconsin","Kewaunee County",3,9,243,128,115
050,55,061,"Wisconsin","Kewaunee County",3,10,252,130,122
050,55,061,"Wisconsin","Kewaunee County",3,11,269,137,132
050,55,061,"Wisconsin","Kewaunee County",3,12,268,130,138
050,55,061,"Wisconsin","Kewaunee County",3,13,271,137,134
050,55,061,"Wisconsin","Kewaunee County",3,14,273,138,135
050,55,061,"Wisconsin","Kewaunee County",3,15,275,144,131
050,55,061,"Wisconsin","Kewaunee County",3,16,258,138,120
050,55,061,"Wisconsin","Kewaunee County",3,17,272,138,134
050,55,061,"Wisconsin","Kewaunee County",3,18,244,133,111
050,55,061,"Wisconsin","Kewaunee County",3,19,190,96,94
050,55,061,"Wisconsin","Kewaunee County",3,20,200,101,99
050,55,061,"Wisconsin","Kewaunee County",3,21,218,106,112
050,55,061,"Wisconsin","Kewaunee County",3,22,214,112,102
050,55,061,"Wisconsin","Kewaunee County",3,23,208,106,102
050,55,061,"Wisconsin","Kewaunee County",3,24,190,100,90
050,55,061,"Wisconsin","Kewaunee County",3,25,207,109,98
050,55,061,"Wisconsin","Kewaunee County",3,26,222,119,103
050,55,061,"Wisconsin","Kewaunee County",3,27,226,120,106
050,55,061,"Wisconsin","Kewaunee County",3,28,222,118,104
050,55,061,"Wisconsin","Kewaunee County",3,29,225,119,106
050,55,061,"Wisconsin","Kewaunee County",3,30,207,107,100
050,55,061,"Wisconsin","Kewaunee County",3,31,199,96,103
050,55,061,"Wisconsin","Kewaunee County",3,32,184,101,83
050,55,061,"Wisconsin","Kewaunee County",3,33,201,108,93
050,55,061,"Wisconsin","Kewaunee County",3,34,230,109,121
050,55,061,"Wisconsin","Kewaunee County",3,35,261,123,138
050,55,061,"Wisconsin","Kewaunee County",3,36,263,132,131
050,55,061,"Wisconsin","Kewaunee County",3,37,249,136,113
050,55,061,"Wisconsin","Kewaunee County",3,38,250,138,112
050,55,061,"Wisconsin","Kewaunee County",3,39,244,135,109
050,55,061,"Wisconsin","Kewaunee County",3,40,257,140,117
050,55,061,"Wisconsin","Kewaunee County",3,41,271,142,129
050,55,061,"Wisconsin","Kewaunee County",3,42,242,125,117
050,55,061,"Wisconsin","Kewaunee County",3,43,250,133,117
050,55,061,"Wisconsin","Kewaunee County",3,44,242,132,110
050,55,061,"Wisconsin","Kewaunee County",3,45,230,122,108
050,55,061,"Wisconsin","Kewaunee County",3,46,240,126,114
050,55,061,"Wisconsin","Kewaunee County",3,47,235,124,111
050,55,061,"Wisconsin","Kewaunee County",3,48,227,117,110
050,55,061,"Wisconsin","Kewaunee County",3,49,251,133,118
050,55,061,"Wisconsin","Kewaunee County",3,50,270,141,129
050,55,061,"Wisconsin","Kewaunee County",3,51,266,131,135
050,55,061,"Wisconsin","Kewaunee County",3,52,260,135,125
050,55,061,"Wisconsin","Kewaunee County",3,53,266,138,128
050,55,061,"Wisconsin","Kewaunee County",3,54,284,155,129
050,55,061,"Wisconsin","Kewaunee County",3,55,296,150,146
050,55,061,"Wisconsin","Kewaunee County",3,56,319,158,161
050,55,061,"Wisconsin","Kewaunee County",3,57,323,159,164
050,55,061,"Wisconsin","Kewaunee County",3,58,341,169,172
050,55,061,"Wisconsin","Kewaunee County",3,59,336,175,161
050,55,061,"Wisconsin","Kewaunee County",3,60,339,171,168
050,55,061,"Wisconsin","Kewaunee County",3,61,315,166,149
050,55,061,"Wisconsin","Kewaunee County",3,62,320,174,146
050,55,061,"Wisconsin","Kewaunee County",3,63,335,188,147
050,55,061,"Wisconsin","Kewaunee County",3,64,300,161,139
050,55,061,"Wisconsin","Kewaunee County",3,65,286,143,143
050,55,061,"Wisconsin","Kewaunee County",3,66,277,146,131
050,55,061,"Wisconsin","Kewaunee County",3,67,295,148,147
050,55,061,"Wisconsin","Kewaunee County",3,68,299,158,141
050,55,061,"Wisconsin","Kewaunee County",3,69,280,151,129
050,55,061,"Wisconsin","Kewaunee County",3,70,253,131,122
050,55,061,"Wisconsin","Kewaunee County",3,71,247,120,127
050,55,061,"Wisconsin","Kewaunee County",3,72,244,119,125
050,55,061,"Wisconsin","Kewaunee County",3,73,212,111,101
050,55,061,"Wisconsin","Kewaunee County",3,74,212,106,106
050,55,061,"Wisconsin","Kewaunee County",3,75,156,84,72
050,55,061,"Wisconsin","Kewaunee County",3,76,156,83,73
050,55,061,"Wisconsin","Kewaunee County",3,77,152,70,82
050,55,061,"Wisconsin","Kewaunee County",3,78,161,75,86
050,55,061,"Wisconsin","Kewaunee County",3,79,139,65,74
050,55,061,"Wisconsin","Kewaunee County",3,80,129,60,69
050,55,061,"Wisconsin","Kewaunee County",3,81,110,50,60
050,55,061,"Wisconsin","Kewaunee County",3,82,101,48,53
050,55,061,"Wisconsin","Kewaunee County",3,83,95,45,50
050,55,061,"Wisconsin","Kewaunee County",3,84,89,34,55
050,55,061,"Wisconsin","Kewaunee County",3,85,512,187,325
050,55,061,"Wisconsin","Kewaunee County",4,0,199,110,89
050,55,061,"Wisconsin","Kewaunee County",4,1,191,99,92
050,55,061,"Wisconsin","Kewaunee County",4,2,230,114,116
050,55,061,"Wisconsin","Kewaunee County",4,3,216,121,95
050,55,061,"Wisconsin","Kewaunee County",4,4,202,100,102
050,55,061,"Wisconsin","Kewaunee County",4,5,228,113,115
050,55,061,"Wisconsin","Kewaunee County",4,6,243,130,113
050,55,061,"Wisconsin","Kewaunee County",4,7,215,108,107
050,55,061,"Wisconsin","Kewaunee County",4,8,230,107,123
050,55,061,"Wisconsin","Kewaunee County",4,9,232,114,118
050,55,061,"Wisconsin","Kewaunee County",4,10,243,129,114
050,55,061,"Wisconsin","Kewaunee County",4,11,245,124,121
050,55,061,"Wisconsin","Kewaunee County",4,12,278,139,139
050,55,061,"Wisconsin","Kewaunee County",4,13,264,129,135
050,55,061,"Wisconsin","Kewaunee County",4,14,268,132,136
050,55,061,"Wisconsin","Kewaunee County",4,15,271,138,133
050,55,061,"Wisconsin","Kewaunee County",4,16,267,141,126
050,55,061,"Wisconsin","Kewaunee County",4,17,255,137,118
050,55,061,"Wisconsin","Kewaunee County",4,18,232,125,107
050,55,061,"Wisconsin","Kewaunee County",4,19,184,103,81
050,55,061,"Wisconsin","Kewaunee County",4,20,193,95,98
050,55,061,"Wisconsin","Kewaunee County",4,21,203,101,102
050,55,061,"Wisconsin","Kewaunee County",4,22,226,112,114
050,55,061,"Wisconsin","Kewaunee County",4,23,238,115,123
050,55,061,"Wisconsin","Kewaunee County",4,24,201,104,97
050,55,061,"Wisconsin","Kewaunee County",4,25,204,110,94
050,55,061,"Wisconsin","Kewaunee County",4,26,211,110,101
050,55,061,"Wisconsin","Kewaunee County",4,27,211,114,97
050,55,061,"Wisconsin","Kewaunee County",4,28,238,118,120
050,55,061,"Wisconsin","Kewaunee County",4,29,218,112,106
050,55,061,"Wisconsin","Kewaunee County",4,30,214,114,100
050,55,061,"Wisconsin","Kewaunee County",4,31,203,106,97
050,55,061,"Wisconsin","Kewaunee County",4,32,208,99,109
050,55,061,"Wisconsin","Kewaunee County",4,33,196,106,90
050,55,061,"Wisconsin","Kewaunee County",4,34,204,117,87
050,55,061,"Wisconsin","Kewaunee County",4,35,233,112,121
050,55,061,"Wisconsin","Kewaunee County",4,36,270,127,143
050,55,061,"Wisconsin","Kewaunee County",4,37,250,132,118
050,55,061,"Wisconsin","Kewaunee County",4,38,257,141,116
050,55,061,"Wisconsin","Kewaunee County",4,39,254,141,113
050,55,061,"Wisconsin","Kewaunee County",4,40,245,134,111
050,55,061,"Wisconsin","Kewaunee County",4,41,262,138,124
050,55,061,"Wisconsin","Kewaunee County",4,42,262,131,131
050,55,061,"Wisconsin","Kewaunee County",4,43,248,129,119
050,55,061,"Wisconsin","Kewaunee County",4,44,259,141,118
050,55,061,"Wisconsin","Kewaunee County",4,45,249,136,113
050,55,061,"Wisconsin","Kewaunee County",4,46,242,126,116
050,55,061,"Wisconsin","Kewaunee County",4,47,240,129,111
050,55,061,"Wisconsin","Kewaunee County",4,48,234,120,114
050,55,061,"Wisconsin","Kewaunee County",4,49,225,120,105
050,55,061,"Wisconsin","Kewaunee County",4,50,248,133,115
050,55,061,"Wisconsin","Kewaunee County",4,51,277,142,135
050,55,061,"Wisconsin","Kewaunee County",4,52,261,128,133
050,55,061,"Wisconsin","Kewaunee County",4,53,256,135,121
050,55,061,"Wisconsin","Kewaunee County",4,54,259,134,125
050,55,061,"Wisconsin","Kewaunee County",4,55,285,155,130
050,55,061,"Wisconsin","Kewaunee County",4,56,310,160,150
050,55,061,"Wisconsin","Kewaunee County",4,57,308,151,157
050,55,061,"Wisconsin","Kewaunee County",4,58,321,157,164
050,55,061,"Wisconsin","Kewaunee County",4,59,343,174,169
050,55,061,"Wisconsin","Kewaunee County",4,60,335,173,162
050,55,061,"Wisconsin","Kewaunee County",4,61,338,173,165
050,55,061,"Wisconsin","Kewaunee County",4,62,321,170,151
050,55,061,"Wisconsin","Kewaunee County",4,63,327,180,147
050,55,061,"Wisconsin","Kewaunee County",4,64,322,179,143
050,55,061,"Wisconsin","Kewaunee County",4,65,296,158,138
050,55,061,"Wisconsin","Kewaunee County",4,66,283,142,141
050,55,061,"Wisconsin","Kewaunee County",4,67,290,151,139
050,55,061,"Wisconsin","Kewaunee County",4,68,296,148,148
050,55,061,"Wisconsin","Kewaunee County",4,69,295,154,141
050,55,061,"Wisconsin","Kewaunee County",4,70,285,149,136
050,55,061,"Wisconsin","Kewaunee County",4,71,251,134,117
050,55,061,"Wisconsin","Kewaunee County",4,72,256,123,133
050,55,061,"Wisconsin","Kewaunee County",4,73,239,118,121
050,55,061,"Wisconsin","Kewaunee County",4,74,216,110,106
050,55,061,"Wisconsin","Kewaunee County",4,75,213,106,107
050,55,061,"Wisconsin","Kewaunee County",4,76,150,81,69
050,55,061,"Wisconsin","Kewaunee County",4,77,151,78,73
050,55,061,"Wisconsin","Kewaunee County",4,78,146,66,80
050,55,061,"Wisconsin","Kewaunee County",4,79,156,73,83
050,55,061,"Wisconsin","Kewaunee County",4,80,119,56,63
050,55,061,"Wisconsin","Kewaunee County",4,81,119,53,66
050,55,061,"Wisconsin","Kewaunee County",4,82,103,48,55
050,55,061,"Wisconsin","Kewaunee County",4,83,92,42,50
050,55,061,"Wisconsin","Kewaunee County",4,84,93,46,47
050,55,061,"Wisconsin","Kewaunee County",4,85,502,181,321
050,55,061,"Wisconsin","Kewaunee County",5,0,195,107,88
050,55,061,"Wisconsin","Kewaunee County",5,1,197,108,89
050,55,061,"Wisconsin","Kewaunee County",5,2,201,108,93
050,55,061,"Wisconsin","Kewaunee County",5,3,226,105,121
050,55,061,"Wisconsin","Kewaunee County",5,4,220,120,100
050,55,061,"Wisconsin","Kewaunee County",5,5,207,102,105
050,55,061,"Wisconsin","Kewaunee County",5,6,230,113,117
050,55,061,"Wisconsin","Kewaunee County",5,7,246,129,117
050,55,061,"Wisconsin","Kewaunee County",5,8,216,107,109
050,55,061,"Wisconsin","Kewaunee County",5,9,231,113,118
050,55,061,"Wisconsin","Kewaunee County",5,10,233,116,117
050,55,061,"Wisconsin","Kewaunee County",5,11,259,135,124
050,55,061,"Wisconsin","Kewaunee County",5,12,256,129,127
050,55,061,"Wisconsin","Kewaunee County",5,13,276,133,143
050,55,061,"Wisconsin","Kewaunee County",5,14,263,124,139
050,55,061,"Wisconsin","Kewaunee County",5,15,276,140,136
050,55,061,"Wisconsin","Kewaunee County",5,16,273,134,139
050,55,061,"Wisconsin","Kewaunee County",5,17,275,147,128
050,55,061,"Wisconsin","Kewaunee County",5,18,222,124,98
050,55,061,"Wisconsin","Kewaunee County",5,19,180,95,85
050,55,061,"Wisconsin","Kewaunee County",5,20,199,107,92
050,55,061,"Wisconsin","Kewaunee County",5,21,201,99,102
050,55,061,"Wisconsin","Kewaunee County",5,22,211,101,110
050,55,061,"Wisconsin","Kewaunee County",5,23,212,102,110
050,55,061,"Wisconsin","Kewaunee County",5,24,212,110,102
050,55,061,"Wisconsin","Kewaunee County",5,25,212,117,95
050,55,061,"Wisconsin","Kewaunee County",5,26,202,105,97
050,55,061,"Wisconsin","Kewaunee County",5,27,208,108,100
050,55,061,"Wisconsin","Kewaunee County",5,28,212,112,100
050,55,061,"Wisconsin","Kewaunee County",5,29,233,119,114
050,55,061,"Wisconsin","Kewaunee County",5,30,221,108,113
050,55,061,"Wisconsin","Kewaunee County",5,31,219,120,99
050,55,061,"Wisconsin","Kewaunee County",5,32,197,99,98
050,55,061,"Wisconsin","Kewaunee County",5,33,222,103,119
050,55,061,"Wisconsin","Kewaunee County",5,34,202,112,90
050,55,061,"Wisconsin","Kewaunee County",5,35,210,121,89
050,55,061,"Wisconsin","Kewaunee County",5,36,240,114,126
050,55,061,"Wisconsin","Kewaunee County",5,37,253,121,132
050,55,061,"Wisconsin","Kewaunee County",5,38,248,130,118
050,55,061,"Wisconsin","Kewaunee County",5,39,256,142,114
050,55,061,"Wisconsin","Kewaunee County",5,40,251,139,112
050,55,061,"Wisconsin","Kewaunee County",5,41,249,132,117
050,55,061,"Wisconsin","Kewaunee County",5,42,257,138,119
050,55,061,"Wisconsin","Kewaunee County",5,43,272,140,132
050,55,061,"Wisconsin","Kewaunee County",5,44,239,125,114
050,55,061,"Wisconsin","Kewaunee County",5,45,249,133,116
050,55,061,"Wisconsin","Kewaunee County",5,46,251,143,108
050,55,061,"Wisconsin","Kewaunee County",5,47,239,126,113
050,55,061,"Wisconsin","Kewaunee County",5,48,237,127,110
050,55,061,"Wisconsin","Kewaunee County",5,49,228,116,112
050,55,061,"Wisconsin","Kewaunee County",5,50,221,118,103
050,55,061,"Wisconsin","Kewaunee County",5,51,244,127,117
050,55,061,"Wisconsin","Kewaunee County",5,52,279,148,131
050,55,061,"Wisconsin","Kewaunee County",5,53,268,130,138
050,55,061,"Wisconsin","Kewaunee County",5,54,259,135,124
050,55,061,"Wisconsin","Kewaunee County",5,55,268,142,126
050,55,061,"Wisconsin","Kewaunee County",5,56,294,160,134
050,55,061,"Wisconsin","Kewaunee County",5,57,298,152,146
050,55,061,"Wisconsin","Kewaunee County",5,58,310,154,156
050,55,061,"Wisconsin","Kewaunee County",5,59,324,160,164
050,55,061,"Wisconsin","Kewaunee County",5,60,343,172,171
050,55,061,"Wisconsin","Kewaunee County",5,61,340,176,164
050,55,061,"Wisconsin","Kewaunee County",5,62,340,176,164
050,55,061,"Wisconsin","Kewaunee County",5,63,318,171,147
050,55,061,"Wisconsin","Kewaunee County",5,64,321,168,153
050,55,061,"Wisconsin","Kewaunee County",5,65,325,182,143
050,55,061,"Wisconsin","Kewaunee County",5,66,297,162,135
050,55,061,"Wisconsin","Kewaunee County",5,67,286,143,143
050,55,061,"Wisconsin","Kewaunee County",5,68,296,152,144
050,55,061,"Wisconsin","Kewaunee County",5,69,291,147,144
050,55,061,"Wisconsin","Kewaunee County",5,70,299,156,143
050,55,061,"Wisconsin","Kewaunee County",5,71,282,144,138
050,55,061,"Wisconsin","Kewaunee County",5,72,256,137,119
050,55,061,"Wisconsin","Kewaunee County",5,73,247,118,129
050,55,061,"Wisconsin","Kewaunee County",5,74,234,115,119
050,55,061,"Wisconsin","Kewaunee County",5,75,222,112,110
050,55,061,"Wisconsin","Kewaunee County",5,76,212,108,104
050,55,061,"Wisconsin","Kewaunee County",5,77,141,73,68
050,55,061,"Wisconsin","Kewaunee County",5,78,144,73,71
050,55,061,"Wisconsin","Kewaunee County",5,79,144,67,77
050,55,061,"Wisconsin","Kewaunee County",5,80,140,64,76
050,55,061,"Wisconsin","Kewaunee County",5,81,111,49,62
050,55,061,"Wisconsin","Kewaunee County",5,82,116,52,64
050,55,061,"Wisconsin","Kewaunee County",5,83,94,42,52
050,55,061,"Wisconsin","Kewaunee County",5,84,88,41,47
050,55,061,"Wisconsin","Kewaunee County",5,85,514,196,318
050,55,063,"Wisconsin","La Crosse County",1,0,1159,594,565
050,55,063,"Wisconsin","La Crosse County",1,1,1138,584,554
050,55,063,"Wisconsin","La Crosse County",1,2,1196,585,611
050,55,063,"Wisconsin","La Crosse County",1,3,1215,600,615
050,55,063,"Wisconsin","La Crosse County",1,4,1256,621,635
050,55,063,"Wisconsin","La Crosse County",1,5,1277,640,637
050,55,063,"Wisconsin","La Crosse County",1,6,1283,658,625
050,55,063,"Wisconsin","La Crosse County",1,7,1240,623,617
050,55,063,"Wisconsin","La Crosse County",1,8,1297,656,641
050,55,063,"Wisconsin","La Crosse County",1,9,1354,706,648
050,55,063,"Wisconsin","La Crosse County",1,10,1421,731,690
050,55,063,"Wisconsin","La Crosse County",1,11,1459,740,719
050,55,063,"Wisconsin","La Crosse County",1,12,1479,753,726
050,55,063,"Wisconsin","La Crosse County",1,13,1525,807,718
050,55,063,"Wisconsin","La Crosse County",1,14,1429,749,680
050,55,063,"Wisconsin","La Crosse County",1,15,1462,761,701
050,55,063,"Wisconsin","La Crosse County",1,16,1433,731,702
050,55,063,"Wisconsin","La Crosse County",1,17,1371,720,651
050,55,063,"Wisconsin","La Crosse County",1,18,2017,907,1110
050,55,063,"Wisconsin","La Crosse County",1,19,3202,1323,1879
050,55,063,"Wisconsin","La Crosse County",1,20,3265,1415,1850
050,55,063,"Wisconsin","La Crosse County",1,21,3035,1299,1736
050,55,063,"Wisconsin","La Crosse County",1,22,2948,1407,1541
050,55,063,"Wisconsin","La Crosse County",1,23,2451,1223,1228
050,55,063,"Wisconsin","La Crosse County",1,24,1898,964,934
050,55,063,"Wisconsin","La Crosse County",1,25,1709,886,823
050,55,063,"Wisconsin","La Crosse County",1,26,1745,906,839
050,55,063,"Wisconsin","La Crosse County",1,27,1625,813,812
050,55,063,"Wisconsin","La Crosse County",1,28,1559,793,766
050,55,063,"Wisconsin","La Crosse County",1,29,1556,821,735
050,55,063,"Wisconsin","La Crosse County",1,30,1436,744,692
050,55,063,"Wisconsin","La Crosse County",1,31,1393,729,664
050,55,063,"Wisconsin","La Crosse County",1,32,1414,749,665
050,55,063,"Wisconsin","La Crosse County",1,33,1394,713,681
050,55,063,"Wisconsin","La Crosse County",1,34,1469,761,708
050,55,063,"Wisconsin","La Crosse County",1,35,1495,768,727
050,55,063,"Wisconsin","La Crosse County",1,36,1458,749,709
050,55,063,"Wisconsin","La Crosse County",1,37,1518,787,731
050,55,063,"Wisconsin","La Crosse County",1,38,1541,804,737
050,55,063,"Wisconsin","La Crosse County",1,39,1488,765,723
050,55,063,"Wisconsin","La Crosse County",1,40,1450,741,709
050,55,063,"Wisconsin","La Crosse County",1,41,1360,706,654
050,55,063,"Wisconsin","La Crosse County",1,42,1309,671,638
050,55,063,"Wisconsin","La Crosse County",1,43,1255,633,622
050,55,063,"Wisconsin","La Crosse County",1,44,1260,643,617
050,55,063,"Wisconsin","La Crosse County",1,45,1188,596,592
050,55,063,"Wisconsin","La Crosse County",1,46,1184,590,594
050,55,063,"Wisconsin","La Crosse County",1,47,1209,613,596
050,55,063,"Wisconsin","La Crosse County",1,48,1277,661,616
050,55,063,"Wisconsin","La Crosse County",1,49,1418,730,688
050,55,063,"Wisconsin","La Crosse County",1,50,1389,707,682
050,55,063,"Wisconsin","La Crosse County",1,51,1362,704,658
050,55,063,"Wisconsin","La Crosse County",1,52,1305,684,621
050,55,063,"Wisconsin","La Crosse County",1,53,1354,682,672
050,55,063,"Wisconsin","La Crosse County",1,54,1366,672,694
050,55,063,"Wisconsin","La Crosse County",1,55,1441,726,715
050,55,063,"Wisconsin","La Crosse County",1,56,1480,742,738
050,55,063,"Wisconsin","La Crosse County",1,57,1527,761,766
050,55,063,"Wisconsin","La Crosse County",1,58,1555,759,796
050,55,063,"Wisconsin","La Crosse County",1,59,1551,737,814
050,55,063,"Wisconsin","La Crosse County",1,60,1540,735,805
050,55,063,"Wisconsin","La Crosse County",1,61,1583,751,832
050,55,063,"Wisconsin","La Crosse County",1,62,1562,757,805
050,55,063,"Wisconsin","La Crosse County",1,63,1509,741,768
050,55,063,"Wisconsin","La Crosse County",1,64,1470,734,736
050,55,063,"Wisconsin","La Crosse County",1,65,1433,707,726
050,55,063,"Wisconsin","La Crosse County",1,66,1384,691,693
050,55,063,"Wisconsin","La Crosse County",1,67,1314,622,692
050,55,063,"Wisconsin","La Crosse County",1,68,1316,627,689
050,55,063,"Wisconsin","La Crosse County",1,69,1196,581,615
050,55,063,"Wisconsin","La Crosse County",1,70,1173,567,606
050,55,063,"Wisconsin","La Crosse County",1,71,1190,572,618
050,55,063,"Wisconsin","La Crosse County",1,72,1132,540,592
050,55,063,"Wisconsin","La Crosse County",1,73,1095,530,565
050,55,063,"Wisconsin","La Crosse County",1,74,786,391,395
050,55,063,"Wisconsin","La Crosse County",1,75,775,357,418
050,55,063,"Wisconsin","La Crosse County",1,76,739,337,402
050,55,063,"Wisconsin","La Crosse County",1,77,708,326,382
050,55,063,"Wisconsin","La Crosse County",1,78,615,279,336
050,55,063,"Wisconsin","La Crosse County",1,79,566,258,308
050,55,063,"Wisconsin","La Crosse County",1,80,530,231,299
050,55,063,"Wisconsin","La Crosse County",1,81,480,191,289
050,55,063,"Wisconsin","La Crosse County",1,82,485,202,283
050,55,063,"Wisconsin","La Crosse County",1,83,448,195,253
050,55,063,"Wisconsin","La Crosse County",1,84,384,156,228
050,55,063,"Wisconsin","La Crosse County",1,85,2516,864,1652
050,55,063,"Wisconsin","La Crosse County",2,0,1165,613,552
050,55,063,"Wisconsin","La Crosse County",2,1,1139,585,554
050,55,063,"Wisconsin","La Crosse County",2,2,1183,585,598
050,55,063,"Wisconsin","La Crosse County",2,3,1211,599,612
050,55,063,"Wisconsin","La Crosse County",2,4,1253,620,633
050,55,063,"Wisconsin","La Crosse County",2,5,1277,638,639
050,55,063,"Wisconsin","La Crosse County",2,6,1287,655,632
050,55,063,"Wisconsin","La Crosse County",2,7,1257,633,624
050,55,063,"Wisconsin","La Crosse County",2,8,1282,647,635
050,55,063,"Wisconsin","La Crosse County",2,9,1337,691,646
050,55,063,"Wisconsin","La Crosse County",2,10,1404,724,680
050,55,063,"Wisconsin","La Crosse County",2,11,1446,735,711
050,55,063,"Wisconsin","La Crosse County",2,12,1482,751,731
050,55,063,"Wisconsin","La Crosse County",2,13,1514,794,720
050,55,063,"Wisconsin","La Crosse County",2,14,1454,763,691
050,55,063,"Wisconsin","La Crosse County",2,15,1458,759,699
050,55,063,"Wisconsin","La Crosse County",2,16,1443,740,703
050,55,063,"Wisconsin","La Crosse County",2,17,1387,725,662
050,55,063,"Wisconsin","La Crosse County",2,18,2028,911,1117
050,55,063,"Wisconsin","La Crosse County",2,19,3193,1324,1869
050,55,063,"Wisconsin","La Crosse County",2,20,3305,1434,1871
050,55,063,"Wisconsin","La Crosse County",2,21,3023,1297,1726
050,55,063,"Wisconsin","La Crosse County",2,22,2937,1405,1532
050,55,063,"Wisconsin","La Crosse County",2,23,2443,1219,1224
050,55,063,"Wisconsin","La Crosse County",2,24,1896,968,928
050,55,063,"Wisconsin","La Crosse County",2,25,1727,893,834
050,55,063,"Wisconsin","La Crosse County",2,26,1711,889,822
050,55,063,"Wisconsin","La Crosse County",2,27,1619,818,801
050,55,063,"Wisconsin","La Crosse County",2,28,1568,796,772
050,55,063,"Wisconsin","La Crosse County",2,29,1544,806,738
050,55,063,"Wisconsin","La Crosse County",2,30,1464,762,702
050,55,063,"Wisconsin","La Crosse County",2,31,1396,729,667
050,55,063,"Wisconsin","La Crosse County",2,32,1407,743,664
050,55,063,"Wisconsin","La Crosse County",2,33,1393,717,676
050,55,063,"Wisconsin","La Crosse County",2,34,1447,747,700
050,55,063,"Wisconsin","La Crosse County",2,35,1499,775,724
050,55,063,"Wisconsin","La Crosse County",2,36,1460,751,709
050,55,063,"Wisconsin","La Crosse County",2,37,1508,778,730
050,55,063,"Wisconsin","La Crosse County",2,38,1540,804,736
050,55,063,"Wisconsin","La Crosse County",2,39,1492,770,722
050,55,063,"Wisconsin","La Crosse County",2,40,1470,753,717
050,55,063,"Wisconsin","La Crosse County",2,41,1386,716,670
050,55,063,"Wisconsin","La Crosse County",2,42,1314,677,637
050,55,063,"Wisconsin","La Crosse County",2,43,1274,644,630
050,55,063,"Wisconsin","La Crosse County",2,44,1244,630,614
050,55,063,"Wisconsin","La Crosse County",2,45,1217,613,604
050,55,063,"Wisconsin","La Crosse County",2,46,1184,592,592
050,55,063,"Wisconsin","La Crosse County",2,47,1191,600,591
050,55,063,"Wisconsin","La Crosse County",2,48,1257,648,609
050,55,063,"Wisconsin","La Crosse County",2,49,1389,716,673
050,55,063,"Wisconsin","La Crosse County",2,50,1400,714,686
050,55,063,"Wisconsin","La Crosse County",2,51,1364,702,662
050,55,063,"Wisconsin","La Crosse County",2,52,1316,686,630
050,55,063,"Wisconsin","La Crosse County",2,53,1342,681,661
050,55,063,"Wisconsin","La Crosse County",2,54,1362,673,689
050,55,063,"Wisconsin","La Crosse County",2,55,1423,716,707
050,55,063,"Wisconsin","La Crosse County",2,56,1469,738,731
050,55,063,"Wisconsin","La Crosse County",2,57,1514,756,758
050,55,063,"Wisconsin","La Crosse County",2,58,1546,755,791
050,55,063,"Wisconsin","La Crosse County",2,59,1562,747,815
050,55,063,"Wisconsin","La Crosse County",2,60,1535,733,802
050,55,063,"Wisconsin","La Crosse County",2,61,1571,748,823
050,55,063,"Wisconsin","La Crosse County",2,62,1555,748,807
050,55,063,"Wisconsin","La Crosse County",2,63,1537,752,785
050,55,063,"Wisconsin","La Crosse County",2,64,1472,733,739
050,55,063,"Wisconsin","La Crosse County",2,65,1439,711,728
050,55,063,"Wisconsin","La Crosse County",2,66,1394,694,700
050,55,063,"Wisconsin","La Crosse County",2,67,1327,637,690
050,55,063,"Wisconsin","La Crosse County",2,68,1302,619,683
050,55,063,"Wisconsin","La Crosse County",2,69,1231,594,637
050,55,063,"Wisconsin","La Crosse County",2,70,1174,567,607
050,55,063,"Wisconsin","La Crosse County",2,71,1189,571,618
050,55,063,"Wisconsin","La Crosse County",2,72,1126,541,585
050,55,063,"Wisconsin","La Crosse County",2,73,1148,557,591
050,55,063,"Wisconsin","La Crosse County",2,74,805,395,410
050,55,063,"Wisconsin","La Crosse County",2,75,784,369,415
050,55,063,"Wisconsin","La Crosse County",2,76,739,335,404
050,55,063,"Wisconsin","La Crosse County",2,77,728,335,393
050,55,063,"Wisconsin","La Crosse County",2,78,617,280,337
050,55,063,"Wisconsin","La Crosse County",2,79,576,262,314
050,55,063,"Wisconsin","La Crosse County",2,80,535,233,302
050,55,063,"Wisconsin","La Crosse County",2,81,487,199,288
050,55,063,"Wisconsin","La Crosse County",2,82,481,197,284
050,55,063,"Wisconsin","La Crosse County",2,83,448,193,255
050,55,063,"Wisconsin","La Crosse County",2,84,395,165,230
050,55,063,"Wisconsin","La Crosse County",2,85,2523,869,1654
050,55,063,"Wisconsin","La Crosse County",3,0,1108,521,587
050,55,063,"Wisconsin","La Crosse County",3,1,1146,613,533
050,55,063,"Wisconsin","La Crosse County",3,2,1150,584,566
050,55,063,"Wisconsin","La Crosse County",3,3,1161,576,585
050,55,063,"Wisconsin","La Crosse County",3,4,1210,597,613
050,55,063,"Wisconsin","La Crosse County",3,5,1243,627,616
050,55,063,"Wisconsin","La Crosse County",3,6,1263,622,641
050,55,063,"Wisconsin","La Crosse County",3,7,1272,644,628
050,55,063,"Wisconsin","La Crosse County",3,8,1244,621,623
050,55,063,"Wisconsin","La Crosse County",3,9,1278,636,642
050,55,063,"Wisconsin","La Crosse County",3,10,1346,694,652
050,55,063,"Wisconsin","La Crosse County",3,11,1410,731,679
050,55,063,"Wisconsin","La Crosse County",3,12,1442,740,702
050,55,063,"Wisconsin","La Crosse County",3,13,1471,743,728
050,55,063,"Wisconsin","La Crosse County",3,14,1505,787,718
050,55,063,"Wisconsin","La Crosse County",3,15,1446,753,693
050,55,063,"Wisconsin","La Crosse County",3,16,1438,756,682
050,55,063,"Wisconsin","La Crosse County",3,17,1419,722,697
050,55,063,"Wisconsin","La Crosse County",3,18,1829,838,991
050,55,063,"Wisconsin","La Crosse County",3,19,2620,1138,1482
050,55,063,"Wisconsin","La Crosse County",3,20,3073,1363,1710
050,55,063,"Wisconsin","La Crosse County",3,21,2975,1287,1688
050,55,063,"Wisconsin","La Crosse County",3,22,2849,1381,1468
050,55,063,"Wisconsin","La Crosse County",3,23,2385,1220,1165
050,55,063,"Wisconsin","La Crosse County",3,24,1920,984,936
050,55,063,"Wisconsin","La Crosse County",3,25,1738,871,867
050,55,063,"Wisconsin","La Crosse County",3,26,1596,812,784
050,55,063,"Wisconsin","La Crosse County",3,27,1550,796,754
050,55,063,"Wisconsin","La Crosse County",3,28,1568,797,771
050,55,063,"Wisconsin","La Crosse County",3,29,1544,790,754
050,55,063,"Wisconsin","La Crosse County",3,30,1530,796,734
050,55,063,"Wisconsin","La Crosse County",3,31,1453,751,702
050,55,063,"Wisconsin","La Crosse County",3,32,1402,739,663
050,55,063,"Wisconsin","La Crosse County",3,33,1405,731,674
050,55,063,"Wisconsin","La Crosse County",3,34,1378,718,660
050,55,063,"Wisconsin","La Crosse County",3,35,1443,753,690
050,55,063,"Wisconsin","La Crosse County",3,36,1475,754,721
050,55,063,"Wisconsin","La Crosse County",3,37,1448,743,705
050,55,063,"Wisconsin","La Crosse County",3,38,1500,782,718
050,55,063,"Wisconsin","La Crosse County",3,39,1529,803,726
050,55,063,"Wisconsin","La Crosse County",3,40,1467,754,713
050,55,063,"Wisconsin","La Crosse County",3,41,1464,739,725
050,55,063,"Wisconsin","La Crosse County",3,42,1393,721,672
050,55,063,"Wisconsin","La Crosse County",3,43,1306,671,635
050,55,063,"Wisconsin","La Crosse County",3,44,1263,646,617
050,55,063,"Wisconsin","La Crosse County",3,45,1240,625,615
050,55,063,"Wisconsin","La Crosse County",3,46,1214,615,599
050,55,063,"Wisconsin","La Crosse County",3,47,1170,585,585
050,55,063,"Wisconsin","La Crosse County",3,48,1184,603,581
050,55,063,"Wisconsin","La Crosse County",3,49,1250,640,610
050,55,063,"Wisconsin","La Crosse County",3,50,1378,711,667
050,55,063,"Wisconsin","La Crosse County",3,51,1397,717,680
050,55,063,"Wisconsin","La Crosse County",3,52,1372,716,656
050,55,063,"Wisconsin","La Crosse County",3,53,1284,662,622
050,55,063,"Wisconsin","La Crosse County",3,54,1333,671,662
050,55,063,"Wisconsin","La Crosse County",3,55,1353,672,681
050,55,063,"Wisconsin","La Crosse County",3,56,1404,704,700
050,55,063,"Wisconsin","La Crosse County",3,57,1453,719,734
050,55,063,"Wisconsin","La Crosse County",3,58,1482,726,756
050,55,063,"Wisconsin","La Crosse County",3,59,1545,754,791
050,55,063,"Wisconsin","La Crosse County",3,60,1522,735,787
050,55,063,"Wisconsin","La Crosse County",3,61,1512,729,783
050,55,063,"Wisconsin","La Crosse County",3,62,1534,725,809
050,55,063,"Wisconsin","La Crosse County",3,63,1526,734,792
050,55,063,"Wisconsin","La Crosse County",3,64,1532,751,781
050,55,063,"Wisconsin","La Crosse County",3,65,1428,705,723
050,55,063,"Wisconsin","La Crosse County",3,66,1414,687,727
050,55,063,"Wisconsin","La Crosse County",3,67,1386,684,702
050,55,063,"Wisconsin","La Crosse County",3,68,1301,630,671
050,55,063,"Wisconsin","La Crosse County",3,69,1284,604,680
050,55,063,"Wisconsin","La Crosse County",3,70,1208,590,618
050,55,063,"Wisconsin","La Crosse County",3,71,1153,550,603
050,55,063,"Wisconsin","La Crosse County",3,72,1164,557,607
050,55,063,"Wisconsin","La Crosse County",3,73,1089,520,569
050,55,063,"Wisconsin","La Crosse County",3,74,1133,545,588
050,55,063,"Wisconsin","La Crosse County",3,75,785,382,403
050,55,063,"Wisconsin","La Crosse County",3,76,769,360,409
050,55,063,"Wisconsin","La Crosse County",3,77,719,322,397
050,55,063,"Wisconsin","La Crosse County",3,78,716,330,386
050,55,063,"Wisconsin","La Crosse County",3,79,589,268,321
050,55,063,"Wisconsin","La Crosse County",3,80,546,248,298
050,55,063,"Wisconsin","La Crosse County",3,81,516,224,292
050,55,063,"Wisconsin","La Crosse County",3,82,461,188,273
050,55,063,"Wisconsin","La Crosse County",3,83,453,186,267
050,55,063,"Wisconsin","La Crosse County",3,84,424,182,242
050,55,063,"Wisconsin","La Crosse County",3,85,2453,869,1584
050,55,063,"Wisconsin","La Crosse County",4,0,1111,551,560
050,55,063,"Wisconsin","La Crosse County",4,1,1113,539,574
050,55,063,"Wisconsin","La Crosse County",4,2,1145,604,541
050,55,063,"Wisconsin","La Crosse County",4,3,1149,589,560
050,55,063,"Wisconsin","La Crosse County",4,4,1168,591,577
050,55,063,"Wisconsin","La Crosse County",4,5,1238,610,628
050,55,063,"Wisconsin","La Crosse County",4,6,1262,636,626
050,55,063,"Wisconsin","La Crosse County",4,7,1287,641,646
050,55,063,"Wisconsin","La Crosse County",4,8,1305,664,641
050,55,063,"Wisconsin","La Crosse County",4,9,1245,623,622
050,55,063,"Wisconsin","La Crosse County",4,10,1291,640,651
050,55,063,"Wisconsin","La Crosse County",4,11,1351,694,657
050,55,063,"Wisconsin","La Crosse County",4,12,1389,719,670
050,55,063,"Wisconsin","La Crosse County",4,13,1444,737,707
050,55,063,"Wisconsin","La Crosse County",4,14,1479,750,729
050,55,063,"Wisconsin","La Crosse County",4,15,1518,791,727
050,55,063,"Wisconsin","La Crosse County",4,16,1461,763,698
050,55,063,"Wisconsin","La Crosse County",4,17,1454,766,688
050,55,063,"Wisconsin","La Crosse County",4,18,2046,918,1128
050,55,063,"Wisconsin","La Crosse County",4,19,3015,1258,1757
050,55,063,"Wisconsin","La Crosse County",4,20,3147,1400,1747
050,55,063,"Wisconsin","La Crosse County",4,21,3022,1313,1709
050,55,063,"Wisconsin","La Crosse County",4,22,2922,1383,1539
050,55,063,"Wisconsin","La Crosse County",4,23,2375,1196,1179
050,55,063,"Wisconsin","La Crosse County",4,24,1903,977,926
050,55,063,"Wisconsin","La Crosse County",4,25,1758,881,877
050,55,063,"Wisconsin","La Crosse County",4,26,1638,827,811
050,55,063,"Wisconsin","La Crosse County",4,27,1451,751,700
050,55,063,"Wisconsin","La Crosse County",4,28,1519,773,746
050,55,063,"Wisconsin","La Crosse County",4,29,1533,785,748
050,55,063,"Wisconsin","La Crosse County",4,30,1506,769,737
050,55,063,"Wisconsin","La Crosse County",4,31,1457,735,722
050,55,063,"Wisconsin","La Crosse County",4,32,1478,765,713
050,55,063,"Wisconsin","La Crosse County",4,33,1384,726,658
050,55,063,"Wisconsin","La Crosse County",4,34,1408,731,677
050,55,063,"Wisconsin","La Crosse County",4,35,1381,722,659
050,55,063,"Wisconsin","La Crosse County",4,36,1448,748,700
050,55,063,"Wisconsin","La Crosse County",4,37,1494,750,744
050,55,063,"Wisconsin","La Crosse County",4,38,1439,740,699
050,55,063,"Wisconsin","La Crosse County",4,39,1511,790,721
050,55,063,"Wisconsin","La Crosse County",4,40,1526,798,728
050,55,063,"Wisconsin","La Crosse County",4,41,1486,753,733
050,55,063,"Wisconsin","La Crosse County",4,42,1446,729,717
050,55,063,"Wisconsin","La Crosse County",4,43,1401,724,677
050,55,063,"Wisconsin","La Crosse County",4,44,1293,667,626
050,55,063,"Wisconsin","La Crosse County",4,45,1257,643,614
050,55,063,"Wisconsin","La Crosse County",4,46,1246,626,620
050,55,063,"Wisconsin","La Crosse County",4,47,1215,612,603
050,55,063,"Wisconsin","La Crosse County",4,48,1157,589,568
050,55,063,"Wisconsin","La Crosse County",4,49,1217,617,600
050,55,063,"Wisconsin","La Crosse County",4,50,1270,642,628
050,55,063,"Wisconsin","La Crosse County",4,51,1359,700,659
050,55,063,"Wisconsin","La Crosse County",4,52,1396,720,676
050,55,063,"Wisconsin","La Crosse County",4,53,1359,711,648
050,55,063,"Wisconsin","La Crosse County",4,54,1281,662,619
050,55,063,"Wisconsin","La Crosse County",4,55,1343,666,677
050,55,063,"Wisconsin","La Crosse County",4,56,1322,653,669
050,55,063,"Wisconsin","La Crosse County",4,57,1399,705,694
050,55,063,"Wisconsin","La Crosse County",4,58,1423,702,721
050,55,063,"Wisconsin","La Crosse County",4,59,1469,716,753
050,55,063,"Wisconsin","La Crosse County",4,60,1508,740,768
050,55,063,"Wisconsin","La Crosse County",4,61,1512,730,782
050,55,063,"Wisconsin","La Crosse County",4,62,1487,709,778
050,55,063,"Wisconsin","La Crosse County",4,63,1524,718,806
050,55,063,"Wisconsin","La Crosse County",4,64,1519,738,781
050,55,063,"Wisconsin","La Crosse County",4,65,1510,729,781
050,55,063,"Wisconsin","La Crosse County",4,66,1404,698,706
050,55,063,"Wisconsin","La Crosse County",4,67,1398,677,721
050,55,063,"Wisconsin","La Crosse County",4,68,1356,664,692
050,55,063,"Wisconsin","La Crosse County",4,69,1293,616,677
050,55,063,"Wisconsin","La Crosse County",4,70,1257,595,662
050,55,063,"Wisconsin","La Crosse County",4,71,1186,573,613
050,55,063,"Wisconsin","La Crosse County",4,72,1141,542,599
050,55,063,"Wisconsin","La Crosse County",4,73,1138,541,597
050,55,063,"Wisconsin","La Crosse County",4,74,1074,517,557
050,55,063,"Wisconsin","La Crosse County",4,75,1097,526,571
050,55,063,"Wisconsin","La Crosse County",4,76,776,369,407
050,55,063,"Wisconsin","La Crosse County",4,77,734,342,392
050,55,063,"Wisconsin","La Crosse County",4,78,685,305,380
050,55,063,"Wisconsin","La Crosse County",4,79,689,319,370
050,55,063,"Wisconsin","La Crosse County",4,80,559,249,310
050,55,063,"Wisconsin","La Crosse County",4,81,518,241,277
050,55,063,"Wisconsin","La Crosse County",4,82,487,206,281
050,55,063,"Wisconsin","La Crosse County",4,83,420,179,241
050,55,063,"Wisconsin","La Crosse County",4,84,433,173,260
050,55,063,"Wisconsin","La Crosse County",4,85,2437,885,1552
050,55,063,"Wisconsin","La Crosse County",5,0,1112,550,562
050,55,063,"Wisconsin","La Crosse County",5,1,1079,539,540
050,55,063,"Wisconsin","La Crosse County",5,2,1114,532,582
050,55,063,"Wisconsin","La Crosse County",5,3,1146,612,534
050,55,063,"Wisconsin","La Crosse County",5,4,1123,574,549
050,55,063,"Wisconsin","La Crosse County",5,5,1182,600,582
050,55,063,"Wisconsin","La Crosse County",5,6,1231,590,641
050,55,063,"Wisconsin","La Crosse County",5,7,1262,645,617
050,55,063,"Wisconsin","La Crosse County",5,8,1291,649,642
050,55,063,"Wisconsin","La Crosse County",5,9,1312,664,648
050,55,063,"Wisconsin","La Crosse County",5,10,1262,639,623
050,55,063,"Wisconsin","La Crosse County",5,11,1300,643,657
050,55,063,"Wisconsin","La Crosse County",5,12,1359,698,661
050,55,063,"Wisconsin","La Crosse County",5,13,1411,733,678
050,55,063,"Wisconsin","La Crosse County",5,14,1456,738,718
050,55,063,"Wisconsin","La Crosse County",5,15,1478,751,727
050,55,063,"Wisconsin","La Crosse County",5,16,1512,795,717
050,55,063,"Wisconsin","La Crosse County",5,17,1463,761,702
050,55,063,"Wisconsin","La Crosse County",5,18,2036,929,1107
050,55,063,"Wisconsin","La Crosse County",5,19,3060,1282,1778
050,55,063,"Wisconsin","La Crosse County",5,20,3171,1402,1769
050,55,063,"Wisconsin","La Crosse County",5,21,2910,1287,1623
050,55,063,"Wisconsin","La Crosse County",5,22,2973,1419,1554
050,55,063,"Wisconsin","La Crosse County",5,23,2446,1210,1236
050,55,063,"Wisconsin","La Crosse County",5,24,1911,976,935
050,55,063,"Wisconsin","La Crosse County",5,25,1720,866,854
050,55,063,"Wisconsin","La Crosse County",5,26,1606,813,793
050,55,063,"Wisconsin","La Crosse County",5,27,1534,779,755
050,55,063,"Wisconsin","La Crosse County",5,28,1441,749,692
050,55,063,"Wisconsin","La Crosse County",5,29,1517,768,749
050,55,063,"Wisconsin","La Crosse County",5,30,1514,780,734
050,55,063,"Wisconsin","La Crosse County",5,31,1517,773,744
050,55,063,"Wisconsin","La Crosse County",5,32,1431,721,710
050,55,063,"Wisconsin","La Crosse County",5,33,1446,733,713
050,55,063,"Wisconsin","La Crosse County",5,34,1427,756,671
050,55,063,"Wisconsin","La Crosse County",5,35,1400,725,675
050,55,063,"Wisconsin","La Crosse County",5,36,1375,719,656
050,55,063,"Wisconsin","La Crosse County",5,37,1483,757,726
050,55,063,"Wisconsin","La Crosse County",5,38,1462,737,725
050,55,063,"Wisconsin","La Crosse County",5,39,1434,738,696
050,55,063,"Wisconsin","La Crosse County",5,40,1535,806,729
050,55,063,"Wisconsin","La Crosse County",5,41,1518,782,736
050,55,063,"Wisconsin","La Crosse County",5,42,1467,746,721
050,55,063,"Wisconsin","La Crosse County",5,43,1446,729,717
050,55,063,"Wisconsin","La Crosse County",5,44,1398,725,673
050,55,063,"Wisconsin","La Crosse County",5,45,1282,661,621
050,55,063,"Wisconsin","La Crosse County",5,46,1255,639,616
050,55,063,"Wisconsin","La Crosse County",5,47,1250,633,617
050,55,063,"Wisconsin","La Crosse County",5,48,1219,620,599
050,55,063,"Wisconsin","La Crosse County",5,49,1128,568,560
050,55,063,"Wisconsin","La Crosse County",5,50,1221,617,604
050,55,063,"Wisconsin","La Crosse County",5,51,1268,642,626
050,55,063,"Wisconsin","La Crosse County",5,52,1373,709,664
050,55,063,"Wisconsin","La Crosse County",5,53,1378,716,662
050,55,063,"Wisconsin","La Crosse County",5,54,1358,713,645
050,55,063,"Wisconsin","La Crosse County",5,55,1275,662,613
050,55,063,"Wisconsin","La Crosse County",5,56,1341,665,676
050,55,063,"Wisconsin","La Crosse County",5,57,1303,645,658
050,55,063,"Wisconsin","La Crosse County",5,58,1390,695,695
050,55,063,"Wisconsin","La Crosse County",5,59,1426,703,723
050,55,063,"Wisconsin","La Crosse County",5,60,1437,700,737
050,55,063,"Wisconsin","La Crosse County",5,61,1497,732,765
050,55,063,"Wisconsin","La Crosse County",5,62,1500,722,778
050,55,063,"Wisconsin","La Crosse County",5,63,1477,711,766
050,55,063,"Wisconsin","La Crosse County",5,64,1521,720,801
050,55,063,"Wisconsin","La Crosse County",5,65,1497,719,778
050,55,063,"Wisconsin","La Crosse County",5,66,1502,728,774
050,55,063,"Wisconsin","La Crosse County",5,67,1389,682,707
050,55,063,"Wisconsin","La Crosse County",5,68,1374,662,712
050,55,063,"Wisconsin","La Crosse County",5,69,1341,650,691
050,55,063,"Wisconsin","La Crosse County",5,70,1276,609,667
050,55,063,"Wisconsin","La Crosse County",5,71,1257,592,665
050,55,063,"Wisconsin","La Crosse County",5,72,1177,565,612
050,55,063,"Wisconsin","La Crosse County",5,73,1124,524,600
050,55,063,"Wisconsin","La Crosse County",5,74,1139,538,601
050,55,063,"Wisconsin","La Crosse County",5,75,1057,501,556
050,55,063,"Wisconsin","La Crosse County",5,76,1083,517,566
050,55,063,"Wisconsin","La Crosse County",5,77,745,356,389
050,55,063,"Wisconsin","La Crosse County",5,78,713,336,377
050,55,063,"Wisconsin","La Crosse County",5,79,668,297,371
050,55,063,"Wisconsin","La Crosse County",5,80,653,297,356
050,55,063,"Wisconsin","La Crosse County",5,81,532,234,298
050,55,063,"Wisconsin","La Crosse County",5,82,491,228,263
050,55,063,"Wisconsin","La Crosse County",5,83,450,192,258
050,55,063,"Wisconsin","La Crosse County",5,84,396,167,229
050,55,063,"Wisconsin","La Crosse County",5,85,2452,902,1550
050,55,065,"Wisconsin","Lafayette County",1,0,224,116,108
050,55,065,"Wisconsin","Lafayette County",1,1,231,129,102
050,55,065,"Wisconsin","Lafayette County",1,2,212,107,105
050,55,065,"Wisconsin","Lafayette County",1,3,210,105,105
050,55,065,"Wisconsin","Lafayette County",1,4,215,106,109
050,55,065,"Wisconsin","Lafayette County",1,5,225,109,116
050,55,065,"Wisconsin","Lafayette County",1,6,219,115,104
050,55,065,"Wisconsin","Lafayette County",1,7,219,102,117
050,55,065,"Wisconsin","Lafayette County",1,8,214,106,108
050,55,065,"Wisconsin","Lafayette County",1,9,225,112,113
050,55,065,"Wisconsin","Lafayette County",1,10,246,133,113
050,55,065,"Wisconsin","Lafayette County",1,11,243,125,118
050,55,065,"Wisconsin","Lafayette County",1,12,220,125,95
050,55,065,"Wisconsin","Lafayette County",1,13,250,127,123
050,55,065,"Wisconsin","Lafayette County",1,14,264,131,133
050,55,065,"Wisconsin","Lafayette County",1,15,248,123,125
050,55,065,"Wisconsin","Lafayette County",1,16,229,105,124
050,55,065,"Wisconsin","Lafayette County",1,17,225,106,119
050,55,065,"Wisconsin","Lafayette County",1,18,224,120,104
050,55,065,"Wisconsin","Lafayette County",1,19,176,95,81
050,55,065,"Wisconsin","Lafayette County",1,20,164,80,84
050,55,065,"Wisconsin","Lafayette County",1,21,165,93,72
050,55,065,"Wisconsin","Lafayette County",1,22,178,93,85
050,55,065,"Wisconsin","Lafayette County",1,23,173,92,81
050,55,065,"Wisconsin","Lafayette County",1,24,180,91,89
050,55,065,"Wisconsin","Lafayette County",1,25,169,92,77
050,55,065,"Wisconsin","Lafayette County",1,26,175,85,90
050,55,065,"Wisconsin","Lafayette County",1,27,176,96,80
050,55,065,"Wisconsin","Lafayette County",1,28,183,101,82
050,55,065,"Wisconsin","Lafayette County",1,29,191,99,92
050,55,065,"Wisconsin","Lafayette County",1,30,166,80,86
050,55,065,"Wisconsin","Lafayette County",1,31,164,82,82
050,55,065,"Wisconsin","Lafayette County",1,32,168,92,76
050,55,065,"Wisconsin","Lafayette County",1,33,164,92,72
050,55,065,"Wisconsin","Lafayette County",1,34,190,102,88
050,55,065,"Wisconsin","Lafayette County",1,35,198,106,92
050,55,065,"Wisconsin","Lafayette County",1,36,195,110,85
050,55,065,"Wisconsin","Lafayette County",1,37,205,105,100
050,55,065,"Wisconsin","Lafayette County",1,38,195,95,100
050,55,065,"Wisconsin","Lafayette County",1,39,176,91,85
050,55,065,"Wisconsin","Lafayette County",1,40,185,94,91
050,55,065,"Wisconsin","Lafayette County",1,41,179,89,90
050,55,065,"Wisconsin","Lafayette County",1,42,169,84,85
050,55,065,"Wisconsin","Lafayette County",1,43,181,88,93
050,55,065,"Wisconsin","Lafayette County",1,44,167,87,80
050,55,065,"Wisconsin","Lafayette County",1,45,155,84,71
050,55,065,"Wisconsin","Lafayette County",1,46,164,89,75
050,55,065,"Wisconsin","Lafayette County",1,47,174,87,87
050,55,065,"Wisconsin","Lafayette County",1,48,193,97,96
050,55,065,"Wisconsin","Lafayette County",1,49,204,109,95
050,55,065,"Wisconsin","Lafayette County",1,50,211,107,104
050,55,065,"Wisconsin","Lafayette County",1,51,196,97,99
050,55,065,"Wisconsin","Lafayette County",1,52,181,92,89
050,55,065,"Wisconsin","Lafayette County",1,53,222,116,106
050,55,065,"Wisconsin","Lafayette County",1,54,235,125,110
050,55,065,"Wisconsin","Lafayette County",1,55,238,119,119
050,55,065,"Wisconsin","Lafayette County",1,56,227,116,111
050,55,065,"Wisconsin","Lafayette County",1,57,246,131,115
050,55,065,"Wisconsin","Lafayette County",1,58,276,144,132
050,55,065,"Wisconsin","Lafayette County",1,59,278,137,141
050,55,065,"Wisconsin","Lafayette County",1,60,263,132,131
050,55,065,"Wisconsin","Lafayette County",1,61,255,128,127
050,55,065,"Wisconsin","Lafayette County",1,62,274,144,130
050,55,065,"Wisconsin","Lafayette County",1,63,251,128,123
050,55,065,"Wisconsin","Lafayette County",1,64,249,124,125
050,55,065,"Wisconsin","Lafayette County",1,65,244,129,115
050,55,065,"Wisconsin","Lafayette County",1,66,251,134,117
050,55,065,"Wisconsin","Lafayette County",1,67,221,125,96
050,55,065,"Wisconsin","Lafayette County",1,68,205,112,93
050,55,065,"Wisconsin","Lafayette County",1,69,180,95,85
050,55,065,"Wisconsin","Lafayette County",1,70,182,96,86
050,55,065,"Wisconsin","Lafayette County",1,71,152,84,68
050,55,065,"Wisconsin","Lafayette County",1,72,149,74,75
050,55,065,"Wisconsin","Lafayette County",1,73,144,76,68
050,55,065,"Wisconsin","Lafayette County",1,74,106,64,42
050,55,065,"Wisconsin","Lafayette County",1,75,101,57,44
050,55,065,"Wisconsin","Lafayette County",1,76,99,48,51
050,55,065,"Wisconsin","Lafayette County",1,77,103,48,55
050,55,065,"Wisconsin","Lafayette County",1,78,99,47,52
050,55,065,"Wisconsin","Lafayette County",1,79,91,37,54
050,55,065,"Wisconsin","Lafayette County",1,80,96,43,53
050,55,065,"Wisconsin","Lafayette County",1,81,91,47,44
050,55,065,"Wisconsin","Lafayette County",1,82,82,41,41
050,55,065,"Wisconsin","Lafayette County",1,83,68,29,39
050,55,065,"Wisconsin","Lafayette County",1,84,70,26,44
050,55,065,"Wisconsin","Lafayette County",1,85,410,156,254
050,55,065,"Wisconsin","Lafayette County",2,0,231,124,107
050,55,065,"Wisconsin","Lafayette County",2,1,229,125,104
050,55,065,"Wisconsin","Lafayette County",2,2,217,114,103
050,55,065,"Wisconsin","Lafayette County",2,3,211,106,105
050,55,065,"Wisconsin","Lafayette County",2,4,217,107,110
050,55,065,"Wisconsin","Lafayette County",2,5,223,109,114
050,55,065,"Wisconsin","Lafayette County",2,6,221,113,108
050,55,065,"Wisconsin","Lafayette County",2,7,218,104,114
050,55,065,"Wisconsin","Lafayette County",2,8,215,105,110
050,55,065,"Wisconsin","Lafayette County",2,9,222,111,111
050,55,065,"Wisconsin","Lafayette County",2,10,240,128,112
050,55,065,"Wisconsin","Lafayette County",2,11,241,126,115
050,55,065,"Wisconsin","Lafayette County",2,12,228,126,102
050,55,065,"Wisconsin","Lafayette County",2,13,242,127,115
050,55,065,"Wisconsin","Lafayette County",2,14,257,129,128
050,55,065,"Wisconsin","Lafayette County",2,15,253,125,128
050,55,065,"Wisconsin","Lafayette County",2,16,235,109,126
050,55,065,"Wisconsin","Lafayette County",2,17,226,106,120
050,55,065,"Wisconsin","Lafayette County",2,18,212,110,102
050,55,065,"Wisconsin","Lafayette County",2,19,176,93,83
050,55,065,"Wisconsin","Lafayette County",2,20,169,85,84
050,55,065,"Wisconsin","Lafayette County",2,21,164,89,75
050,55,065,"Wisconsin","Lafayette County",2,22,177,94,83
050,55,065,"Wisconsin","Lafayette County",2,23,173,90,83
050,55,065,"Wisconsin","Lafayette County",2,24,176,91,85
050,55,065,"Wisconsin","Lafayette County",2,25,170,90,80
050,55,065,"Wisconsin","Lafayette County",2,26,174,87,87
050,55,065,"Wisconsin","Lafayette County",2,27,176,94,82
050,55,065,"Wisconsin","Lafayette County",2,28,184,101,83
050,55,065,"Wisconsin","Lafayette County",2,29,185,96,89
050,55,065,"Wisconsin","Lafayette County",2,30,173,83,90
050,55,065,"Wisconsin","Lafayette County",2,31,167,82,85
050,55,065,"Wisconsin","Lafayette County",2,32,167,91,76
050,55,065,"Wisconsin","Lafayette County",2,33,164,92,72
050,55,065,"Wisconsin","Lafayette County",2,34,182,99,83
050,55,065,"Wisconsin","Lafayette County",2,35,197,106,91
050,55,065,"Wisconsin","Lafayette County",2,36,192,107,85
050,55,065,"Wisconsin","Lafayette County",2,37,203,106,97
050,55,065,"Wisconsin","Lafayette County",2,38,199,98,101
050,55,065,"Wisconsin","Lafayette County",2,39,180,91,89
050,55,065,"Wisconsin","Lafayette County",2,40,185,95,90
050,55,065,"Wisconsin","Lafayette County",2,41,181,91,90
050,55,065,"Wisconsin","Lafayette County",2,42,172,85,87
050,55,065,"Wisconsin","Lafayette County",2,43,180,88,92
050,55,065,"Wisconsin","Lafayette County",2,44,170,87,83
050,55,065,"Wisconsin","Lafayette County",2,45,159,85,74
050,55,065,"Wisconsin","Lafayette County",2,46,160,87,73
050,55,065,"Wisconsin","Lafayette County",2,47,171,87,84
050,55,065,"Wisconsin","Lafayette County",2,48,188,95,93
050,55,065,"Wisconsin","Lafayette County",2,49,204,107,97
050,55,065,"Wisconsin","Lafayette County",2,50,210,108,102
050,55,065,"Wisconsin","Lafayette County",2,51,200,98,102
050,55,065,"Wisconsin","Lafayette County",2,52,187,94,93
050,55,065,"Wisconsin","Lafayette County",2,53,212,110,102
050,55,065,"Wisconsin","Lafayette County",2,54,232,124,108
050,55,065,"Wisconsin","Lafayette County",2,55,240,123,117
050,55,065,"Wisconsin","Lafayette County",2,56,230,117,113
050,55,065,"Wisconsin","Lafayette County",2,57,238,125,113
050,55,065,"Wisconsin","Lafayette County",2,58,268,140,128
050,55,065,"Wisconsin","Lafayette County",2,59,278,139,139
050,55,065,"Wisconsin","Lafayette County",2,60,266,132,134
050,55,065,"Wisconsin","Lafayette County",2,61,256,129,127
050,55,065,"Wisconsin","Lafayette County",2,62,268,139,129
050,55,065,"Wisconsin","Lafayette County",2,63,260,134,126
050,55,065,"Wisconsin","Lafayette County",2,64,247,123,124
050,55,065,"Wisconsin","Lafayette County",2,65,246,127,119
050,55,065,"Wisconsin","Lafayette County",2,66,251,134,117
050,55,065,"Wisconsin","Lafayette County",2,67,227,127,100
050,55,065,"Wisconsin","Lafayette County",2,68,207,113,94
050,55,065,"Wisconsin","Lafayette County",2,69,187,100,87
050,55,065,"Wisconsin","Lafayette County",2,70,181,95,86
050,55,065,"Wisconsin","Lafayette County",2,71,160,87,73
050,55,065,"Wisconsin","Lafayette County",2,72,145,73,72
050,55,065,"Wisconsin","Lafayette County",2,73,151,79,72
050,55,065,"Wisconsin","Lafayette County",2,74,106,62,44
050,55,065,"Wisconsin","Lafayette County",2,75,103,59,44
050,55,065,"Wisconsin","Lafayette County",2,76,99,50,49
050,55,065,"Wisconsin","Lafayette County",2,77,104,49,55
050,55,065,"Wisconsin","Lafayette County",2,78,97,45,52
050,55,065,"Wisconsin","Lafayette County",2,79,93,39,54
050,55,065,"Wisconsin","Lafayette County",2,80,95,42,53
050,55,065,"Wisconsin","Lafayette County",2,81,89,44,45
050,55,065,"Wisconsin","Lafayette County",2,82,85,43,42
050,55,065,"Wisconsin","Lafayette County",2,83,70,31,39
050,55,065,"Wisconsin","Lafayette County",2,84,64,25,39
050,55,065,"Wisconsin","Lafayette County",2,85,410,152,258
050,55,065,"Wisconsin","Lafayette County",3,0,262,152,110
050,55,065,"Wisconsin","Lafayette County",3,1,232,126,106
050,55,065,"Wisconsin","Lafayette County",3,2,231,123,108
050,55,065,"Wisconsin","Lafayette County",3,3,229,123,106
050,55,065,"Wisconsin","Lafayette County",3,4,210,105,105
050,55,065,"Wisconsin","Lafayette County",3,5,225,107,118
050,55,065,"Wisconsin","Lafayette County",3,6,229,113,116
050,55,065,"Wisconsin","Lafayette County",3,7,233,113,120
050,55,065,"Wisconsin","Lafayette County",3,8,234,109,125
050,55,065,"Wisconsin","Lafayette County",3,9,218,107,111
050,55,065,"Wisconsin","Lafayette County",3,10,222,109,113
050,55,065,"Wisconsin","Lafayette County",3,11,242,132,110
050,55,065,"Wisconsin","Lafayette County",3,12,247,129,118
050,55,065,"Wisconsin","Lafayette County",3,13,233,126,107
050,55,065,"Wisconsin","Lafayette County",3,14,233,126,107
050,55,065,"Wisconsin","Lafayette County",3,15,252,129,123
050,55,065,"Wisconsin","Lafayette County",3,16,250,130,120
050,55,065,"Wisconsin","Lafayette County",3,17,250,113,137
050,55,065,"Wisconsin","Lafayette County",3,18,198,96,102
050,55,065,"Wisconsin","Lafayette County",3,19,174,90,84
050,55,065,"Wisconsin","Lafayette County",3,20,180,93,87
050,55,065,"Wisconsin","Lafayette County",3,21,178,92,86
050,55,065,"Wisconsin","Lafayette County",3,22,160,84,76
050,55,065,"Wisconsin","Lafayette County",3,23,190,103,87
050,55,065,"Wisconsin","Lafayette County",3,24,169,88,81
050,55,065,"Wisconsin","Lafayette County",3,25,174,91,83
050,55,065,"Wisconsin","Lafayette County",3,26,180,88,92
050,55,065,"Wisconsin","Lafayette County",3,27,186,94,92
050,55,065,"Wisconsin","Lafayette County",3,28,178,92,86
050,55,065,"Wisconsin","Lafayette County",3,29,177,91,86
050,55,065,"Wisconsin","Lafayette County",3,30,190,98,92
050,55,065,"Wisconsin","Lafayette County",3,31,183,81,102
050,55,065,"Wisconsin","Lafayette County",3,32,171,90,81
050,55,065,"Wisconsin","Lafayette County",3,33,171,97,74
050,55,065,"Wisconsin","Lafayette County",3,34,166,89,77
050,55,065,"Wisconsin","Lafayette County",3,35,192,104,88
050,55,065,"Wisconsin","Lafayette County",3,36,201,110,91
050,55,065,"Wisconsin","Lafayette County",3,37,204,107,97
050,55,065,"Wisconsin","Lafayette County",3,38,205,105,100
050,55,065,"Wisconsin","Lafayette County",3,39,196,102,94
050,55,065,"Wisconsin","Lafayette County",3,40,171,82,89
050,55,065,"Wisconsin","Lafayette County",3,41,193,100,93
050,55,065,"Wisconsin","Lafayette County",3,42,180,91,89
050,55,065,"Wisconsin","Lafayette County",3,43,172,88,84
050,55,065,"Wisconsin","Lafayette County",3,44,179,88,91
050,55,065,"Wisconsin","Lafayette County",3,45,173,85,88
050,55,065,"Wisconsin","Lafayette County",3,46,160,86,74
050,55,065,"Wisconsin","Lafayette County",3,47,165,91,74
050,55,065,"Wisconsin","Lafayette County",3,48,169,81,88
050,55,065,"Wisconsin","Lafayette County",3,49,181,95,86
050,55,065,"Wisconsin","Lafayette County",3,50,203,106,97
050,55,065,"Wisconsin","Lafayette County",3,51,214,113,101
050,55,065,"Wisconsin","Lafayette County",3,52,198,98,100
050,55,065,"Wisconsin","Lafayette County",3,53,190,94,96
050,55,065,"Wisconsin","Lafayette County",3,54,213,111,102
050,55,065,"Wisconsin","Lafayette County",3,55,234,122,112
050,55,065,"Wisconsin","Lafayette County",3,56,247,127,120
050,55,065,"Wisconsin","Lafayette County",3,57,225,112,113
050,55,065,"Wisconsin","Lafayette County",3,58,238,126,112
050,55,065,"Wisconsin","Lafayette County",3,59,267,141,126
050,55,065,"Wisconsin","Lafayette County",3,60,274,137,137
050,55,065,"Wisconsin","Lafayette County",3,61,264,131,133
050,55,065,"Wisconsin","Lafayette County",3,62,253,125,128
050,55,065,"Wisconsin","Lafayette County",3,63,268,146,122
050,55,065,"Wisconsin","Lafayette County",3,64,257,128,129
050,55,065,"Wisconsin","Lafayette County",3,65,248,123,125
050,55,065,"Wisconsin","Lafayette County",3,66,252,133,119
050,55,065,"Wisconsin","Lafayette County",3,67,247,134,113
050,55,065,"Wisconsin","Lafayette County",3,68,224,125,99
050,55,065,"Wisconsin","Lafayette County",3,69,205,114,91
050,55,065,"Wisconsin","Lafayette County",3,70,184,99,85
050,55,065,"Wisconsin","Lafayette County",3,71,179,96,83
050,55,065,"Wisconsin","Lafayette County",3,72,158,84,74
050,55,065,"Wisconsin","Lafayette County",3,73,146,72,74
050,55,065,"Wisconsin","Lafayette County",3,74,147,77,70
050,55,065,"Wisconsin","Lafayette County",3,75,101,60,41
050,55,065,"Wisconsin","Lafayette County",3,76,96,55,41
050,55,065,"Wisconsin","Lafayette County",3,77,93,49,44
050,55,065,"Wisconsin","Lafayette County",3,78,102,48,54
050,55,065,"Wisconsin","Lafayette County",3,79,89,40,49
050,55,065,"Wisconsin","Lafayette County",3,80,88,35,53
050,55,065,"Wisconsin","Lafayette County",3,81,88,37,51
050,55,065,"Wisconsin","Lafayette County",3,82,88,43,45
050,55,065,"Wisconsin","Lafayette County",3,83,76,37,39
050,55,065,"Wisconsin","Lafayette County",3,84,60,28,32
050,55,065,"Wisconsin","Lafayette County",3,85,416,150,266
050,55,065,"Wisconsin","Lafayette County",4,0,251,146,105
050,55,065,"Wisconsin","Lafayette County",4,1,260,143,117
050,55,065,"Wisconsin","Lafayette County",4,2,216,114,102
050,55,065,"Wisconsin","Lafayette County",4,3,239,127,112
050,55,065,"Wisconsin","Lafayette County",4,4,226,121,105
050,55,065,"Wisconsin","Lafayette County",4,5,199,103,96
050,55,065,"Wisconsin","Lafayette County",4,6,229,114,115
050,55,065,"Wisconsin","Lafayette County",4,7,222,107,115
050,55,065,"Wisconsin","Lafayette County",4,8,231,115,116
050,55,065,"Wisconsin","Lafayette County",4,9,231,106,125
050,55,065,"Wisconsin","Lafayette County",4,10,220,108,112
050,55,065,"Wisconsin","Lafayette County",4,11,222,110,112
050,55,065,"Wisconsin","Lafayette County",4,12,250,138,112
050,55,065,"Wisconsin","Lafayette County",4,13,254,134,120
050,55,065,"Wisconsin","Lafayette County",4,14,239,133,106
050,55,065,"Wisconsin","Lafayette County",4,15,236,128,108
050,55,065,"Wisconsin","Lafayette County",4,16,254,126,128
050,55,065,"Wisconsin","Lafayette County",4,17,256,127,129
050,55,065,"Wisconsin","Lafayette County",4,18,210,101,109
050,55,065,"Wisconsin","Lafayette County",4,19,156,74,82
050,55,065,"Wisconsin","Lafayette County",4,20,175,91,84
050,55,065,"Wisconsin","Lafayette County",4,21,192,97,95
050,55,065,"Wisconsin","Lafayette County",4,22,184,88,96
050,55,065,"Wisconsin","Lafayette County",4,23,167,83,84
050,55,065,"Wisconsin","Lafayette County",4,24,183,95,88
050,55,065,"Wisconsin","Lafayette County",4,25,179,94,85
050,55,065,"Wisconsin","Lafayette County",4,26,194,100,94
050,55,065,"Wisconsin","Lafayette County",4,27,169,89,80
050,55,065,"Wisconsin","Lafayette County",4,28,177,86,91
050,55,065,"Wisconsin","Lafayette County",4,29,182,91,91
050,55,065,"Wisconsin","Lafayette County",4,30,172,91,81
050,55,065,"Wisconsin","Lafayette County",4,31,186,97,89
050,55,065,"Wisconsin","Lafayette County",4,32,181,82,99
050,55,065,"Wisconsin","Lafayette County",4,33,168,88,80
050,55,065,"Wisconsin","Lafayette County",4,34,171,99,72
050,55,065,"Wisconsin","Lafayette County",4,35,167,90,77
050,55,065,"Wisconsin","Lafayette County",4,36,193,103,90
050,55,065,"Wisconsin","Lafayette County",4,37,205,117,88
050,55,065,"Wisconsin","Lafayette County",4,38,195,98,97
050,55,065,"Wisconsin","Lafayette County",4,39,204,103,101
050,55,065,"Wisconsin","Lafayette County",4,40,203,106,97
050,55,065,"Wisconsin","Lafayette County",4,41,177,85,92
050,55,065,"Wisconsin","Lafayette County",4,42,198,104,94
050,55,065,"Wisconsin","Lafayette County",4,43,180,91,89
050,55,065,"Wisconsin","Lafayette County",4,44,172,86,86
050,55,065,"Wisconsin","Lafayette County",4,45,183,88,95
050,55,065,"Wisconsin","Lafayette County",4,46,176,88,88
050,55,065,"Wisconsin","Lafayette County",4,47,163,89,74
050,55,065,"Wisconsin","Lafayette County",4,48,165,90,75
050,55,065,"Wisconsin","Lafayette County",4,49,168,80,88
050,55,065,"Wisconsin","Lafayette County",4,50,187,99,88
050,55,065,"Wisconsin","Lafayette County",4,51,206,108,98
050,55,065,"Wisconsin","Lafayette County",4,52,213,112,101
050,55,065,"Wisconsin","Lafayette County",4,53,195,97,98
050,55,065,"Wisconsin","Lafayette County",4,54,190,93,97
050,55,065,"Wisconsin","Lafayette County",4,55,208,111,97
050,55,065,"Wisconsin","Lafayette County",4,56,234,123,111
050,55,065,"Wisconsin","Lafayette County",4,57,246,124,122
050,55,065,"Wisconsin","Lafayette County",4,58,229,110,119
050,55,065,"Wisconsin","Lafayette County",4,59,236,125,111
050,55,065,"Wisconsin","Lafayette County",4,60,266,139,127
050,55,065,"Wisconsin","Lafayette County",4,61,277,139,138
050,55,065,"Wisconsin","Lafayette County",4,62,269,133,136
050,55,065,"Wisconsin","Lafayette County",4,63,254,130,124
050,55,065,"Wisconsin","Lafayette County",4,64,268,143,125
050,55,065,"Wisconsin","Lafayette County",4,65,253,128,125
050,55,065,"Wisconsin","Lafayette County",4,66,245,124,121
050,55,065,"Wisconsin","Lafayette County",4,67,245,126,119
050,55,065,"Wisconsin","Lafayette County",4,68,249,135,114
050,55,065,"Wisconsin","Lafayette County",4,69,217,124,93
050,55,065,"Wisconsin","Lafayette County",4,70,205,114,91
050,55,065,"Wisconsin","Lafayette County",4,71,185,99,86
050,55,065,"Wisconsin","Lafayette County",4,72,177,94,83
050,55,065,"Wisconsin","Lafayette County",4,73,155,83,72
050,55,065,"Wisconsin","Lafayette County",4,74,143,71,72
050,55,065,"Wisconsin","Lafayette County",4,75,146,75,71
050,55,065,"Wisconsin","Lafayette County",4,76,100,59,41
050,55,065,"Wisconsin","Lafayette County",4,77,95,54,41
050,55,065,"Wisconsin","Lafayette County",4,78,89,47,42
050,55,065,"Wisconsin","Lafayette County",4,79,101,47,54
050,55,065,"Wisconsin","Lafayette County",4,80,88,38,50
050,55,065,"Wisconsin","Lafayette County",4,81,81,31,50
050,55,065,"Wisconsin","Lafayette County",4,82,83,35,48
050,55,065,"Wisconsin","Lafayette County",4,83,73,36,37
050,55,065,"Wisconsin","Lafayette County",4,84,66,34,32
050,55,065,"Wisconsin","Lafayette County",4,85,402,143,259
050,55,065,"Wisconsin","Lafayette County",5,0,247,143,104
050,55,065,"Wisconsin","Lafayette County",5,1,257,151,106
050,55,065,"Wisconsin","Lafayette County",5,2,263,143,120
050,55,065,"Wisconsin","Lafayette County",5,3,226,126,100
050,55,065,"Wisconsin","Lafayette County",5,4,241,130,111
050,55,065,"Wisconsin","Lafayette County",5,5,237,127,110
050,55,065,"Wisconsin","Lafayette County",5,6,202,103,99
050,55,065,"Wisconsin","Lafayette County",5,7,232,117,115
050,55,065,"Wisconsin","Lafayette County",5,8,219,104,115
050,55,065,"Wisconsin","Lafayette County",5,9,223,108,115
050,55,065,"Wisconsin","Lafayette County",5,10,225,104,121
050,55,065,"Wisconsin","Lafayette County",5,11,221,110,111
050,55,065,"Wisconsin","Lafayette County",5,12,227,112,115
050,55,065,"Wisconsin","Lafayette County",5,13,241,132,109
050,55,065,"Wisconsin","Lafayette County",5,14,257,142,115
050,55,065,"Wisconsin","Lafayette County",5,15,227,128,99
050,55,065,"Wisconsin","Lafayette County",5,16,233,127,106
050,55,065,"Wisconsin","Lafayette County",5,17,252,127,125
050,55,065,"Wisconsin","Lafayette County",5,18,219,117,102
050,55,065,"Wisconsin","Lafayette County",5,19,160,74,86
050,55,065,"Wisconsin","Lafayette County",5,20,163,74,89
050,55,065,"Wisconsin","Lafayette County",5,21,177,92,85
050,55,065,"Wisconsin","Lafayette County",5,22,201,95,106
050,55,065,"Wisconsin","Lafayette County",5,23,189,93,96
050,55,065,"Wisconsin","Lafayette County",5,24,176,93,83
050,55,065,"Wisconsin","Lafayette County",5,25,181,97,84
050,55,065,"Wisconsin","Lafayette County",5,26,173,84,89
050,55,065,"Wisconsin","Lafayette County",5,27,193,101,92
050,55,065,"Wisconsin","Lafayette County",5,28,170,87,83
050,55,065,"Wisconsin","Lafayette County",5,29,168,80,88
050,55,065,"Wisconsin","Lafayette County",5,30,183,88,95
050,55,065,"Wisconsin","Lafayette County",5,31,171,89,82
050,55,065,"Wisconsin","Lafayette County",5,32,193,105,88
050,55,065,"Wisconsin","Lafayette County",5,33,189,84,105
050,55,065,"Wisconsin","Lafayette County",5,34,171,89,82
050,55,065,"Wisconsin","Lafayette County",5,35,170,100,70
050,55,065,"Wisconsin","Lafayette County",5,36,175,98,77
050,55,065,"Wisconsin","Lafayette County",5,37,187,101,86
050,55,065,"Wisconsin","Lafayette County",5,38,196,108,88
050,55,065,"Wisconsin","Lafayette County",5,39,200,102,98
050,55,065,"Wisconsin","Lafayette County",5,40,201,101,100
050,55,065,"Wisconsin","Lafayette County",5,41,208,107,101
050,55,065,"Wisconsin","Lafayette County",5,42,178,83,95
050,55,065,"Wisconsin","Lafayette County",5,43,195,102,93
050,55,065,"Wisconsin","Lafayette County",5,44,185,96,89
050,55,065,"Wisconsin","Lafayette County",5,45,169,85,84
050,55,065,"Wisconsin","Lafayette County",5,46,181,88,93
050,55,065,"Wisconsin","Lafayette County",5,47,179,85,94
050,55,065,"Wisconsin","Lafayette County",5,48,161,85,76
050,55,065,"Wisconsin","Lafayette County",5,49,164,91,73
050,55,065,"Wisconsin","Lafayette County",5,50,164,81,83
050,55,065,"Wisconsin","Lafayette County",5,51,184,94,90
050,55,065,"Wisconsin","Lafayette County",5,52,204,109,95
050,55,065,"Wisconsin","Lafayette County",5,53,211,111,100
050,55,065,"Wisconsin","Lafayette County",5,54,195,93,102
050,55,065,"Wisconsin","Lafayette County",5,55,183,89,94
050,55,065,"Wisconsin","Lafayette County",5,56,207,114,93
050,55,065,"Wisconsin","Lafayette County",5,57,241,126,115
050,55,065,"Wisconsin","Lafayette County",5,58,248,119,129
050,55,065,"Wisconsin","Lafayette County",5,59,227,107,120
050,55,065,"Wisconsin","Lafayette County",5,60,244,131,113
050,55,065,"Wisconsin","Lafayette County",5,61,261,138,123
050,55,065,"Wisconsin","Lafayette County",5,62,270,135,135
050,55,065,"Wisconsin","Lafayette County",5,63,266,131,135
050,55,065,"Wisconsin","Lafayette County",5,64,252,129,123
050,55,065,"Wisconsin","Lafayette County",5,65,268,142,126
050,55,065,"Wisconsin","Lafayette County",5,66,249,128,121
050,55,065,"Wisconsin","Lafayette County",5,67,245,123,122
050,55,065,"Wisconsin","Lafayette County",5,68,246,127,119
050,55,065,"Wisconsin","Lafayette County",5,69,245,135,110
050,55,065,"Wisconsin","Lafayette County",5,70,217,124,93
050,55,065,"Wisconsin","Lafayette County",5,71,201,112,89
050,55,065,"Wisconsin","Lafayette County",5,72,183,98,85
050,55,065,"Wisconsin","Lafayette County",5,73,173,93,80
050,55,065,"Wisconsin","Lafayette County",5,74,150,80,70
050,55,065,"Wisconsin","Lafayette County",5,75,140,68,72
050,55,065,"Wisconsin","Lafayette County",5,76,142,72,70
050,55,065,"Wisconsin","Lafayette County",5,77,98,57,41
050,55,065,"Wisconsin","Lafayette County",5,78,91,52,39
050,55,065,"Wisconsin","Lafayette County",5,79,87,45,42
050,55,065,"Wisconsin","Lafayette County",5,80,96,45,51
050,55,065,"Wisconsin","Lafayette County",5,81,81,33,48
050,55,065,"Wisconsin","Lafayette County",5,82,80,30,50
050,55,065,"Wisconsin","Lafayette County",5,83,76,32,44
050,55,065,"Wisconsin","Lafayette County",5,84,64,34,30
050,55,065,"Wisconsin","Lafayette County",5,85,400,149,251
050,55,067,"Wisconsin","Langlade County",1,0,206,103,103
050,55,067,"Wisconsin","Langlade County",1,1,200,97,103
050,55,067,"Wisconsin","Langlade County",1,2,178,95,83
050,55,067,"Wisconsin","Langlade County",1,3,208,118,90
050,55,067,"Wisconsin","Langlade County",1,4,194,96,98
050,55,067,"Wisconsin","Langlade County",1,5,199,99,100
050,55,067,"Wisconsin","Langlade County",1,6,201,101,100
050,55,067,"Wisconsin","Langlade County",1,7,203,108,95
050,55,067,"Wisconsin","Langlade County",1,8,211,110,101
050,55,067,"Wisconsin","Langlade County",1,9,205,112,93
050,55,067,"Wisconsin","Langlade County",1,10,218,117,101
050,55,067,"Wisconsin","Langlade County",1,11,220,105,115
050,55,067,"Wisconsin","Langlade County",1,12,215,112,103
050,55,067,"Wisconsin","Langlade County",1,13,227,124,103
050,55,067,"Wisconsin","Langlade County",1,14,223,115,108
050,55,067,"Wisconsin","Langlade County",1,15,223,111,112
050,55,067,"Wisconsin","Langlade County",1,16,256,130,126
050,55,067,"Wisconsin","Langlade County",1,17,263,137,126
050,55,067,"Wisconsin","Langlade County",1,18,210,111,99
050,55,067,"Wisconsin","Langlade County",1,19,164,90,74
050,55,067,"Wisconsin","Langlade County",1,20,175,95,80
050,55,067,"Wisconsin","Langlade County",1,21,174,100,74
050,55,067,"Wisconsin","Langlade County",1,22,180,90,90
050,55,067,"Wisconsin","Langlade County",1,23,189,93,96
050,55,067,"Wisconsin","Langlade County",1,24,185,100,85
050,55,067,"Wisconsin","Langlade County",1,25,182,92,90
050,55,067,"Wisconsin","Langlade County",1,26,187,95,92
050,55,067,"Wisconsin","Langlade County",1,27,187,89,98
050,55,067,"Wisconsin","Langlade County",1,28,186,103,83
050,55,067,"Wisconsin","Langlade County",1,29,169,95,74
050,55,067,"Wisconsin","Langlade County",1,30,166,89,77
050,55,067,"Wisconsin","Langlade County",1,31,151,79,72
050,55,067,"Wisconsin","Langlade County",1,32,171,85,86
050,55,067,"Wisconsin","Langlade County",1,33,200,105,95
050,55,067,"Wisconsin","Langlade County",1,34,201,105,96
050,55,067,"Wisconsin","Langlade County",1,35,198,99,99
050,55,067,"Wisconsin","Langlade County",1,36,207,100,107
050,55,067,"Wisconsin","Langlade County",1,37,207,96,111
050,55,067,"Wisconsin","Langlade County",1,38,221,115,106
050,55,067,"Wisconsin","Langlade County",1,39,200,109,91
050,55,067,"Wisconsin","Langlade County",1,40,200,110,90
050,55,067,"Wisconsin","Langlade County",1,41,214,103,111
050,55,067,"Wisconsin","Langlade County",1,42,194,87,107
050,55,067,"Wisconsin","Langlade County",1,43,199,104,95
050,55,067,"Wisconsin","Langlade County",1,44,200,104,96
050,55,067,"Wisconsin","Langlade County",1,45,191,90,101
050,55,067,"Wisconsin","Langlade County",1,46,185,90,95
050,55,067,"Wisconsin","Langlade County",1,47,197,102,95
050,55,067,"Wisconsin","Langlade County",1,48,223,114,109
050,55,067,"Wisconsin","Langlade County",1,49,227,124,103
050,55,067,"Wisconsin","Langlade County",1,50,221,110,111
050,55,067,"Wisconsin","Langlade County",1,51,236,117,119
050,55,067,"Wisconsin","Langlade County",1,52,243,131,112
050,55,067,"Wisconsin","Langlade County",1,53,262,149,113
050,55,067,"Wisconsin","Langlade County",1,54,276,147,129
050,55,067,"Wisconsin","Langlade County",1,55,313,165,148
050,55,067,"Wisconsin","Langlade County",1,56,353,182,171
050,55,067,"Wisconsin","Langlade County",1,57,360,181,179
050,55,067,"Wisconsin","Langlade County",1,58,354,189,165
050,55,067,"Wisconsin","Langlade County",1,59,372,186,186
050,55,067,"Wisconsin","Langlade County",1,60,337,163,174
050,55,067,"Wisconsin","Langlade County",1,61,343,177,166
050,55,067,"Wisconsin","Langlade County",1,62,371,190,181
050,55,067,"Wisconsin","Langlade County",1,63,362,184,178
050,55,067,"Wisconsin","Langlade County",1,64,341,166,175
050,55,067,"Wisconsin","Langlade County",1,65,336,185,151
050,55,067,"Wisconsin","Langlade County",1,66,311,169,142
050,55,067,"Wisconsin","Langlade County",1,67,293,156,137
050,55,067,"Wisconsin","Langlade County",1,68,302,156,146
050,55,067,"Wisconsin","Langlade County",1,69,295,150,145
050,55,067,"Wisconsin","Langlade County",1,70,280,136,144
050,55,067,"Wisconsin","Langlade County",1,71,255,122,133
050,55,067,"Wisconsin","Langlade County",1,72,257,131,126
050,55,067,"Wisconsin","Langlade County",1,73,251,121,130
050,55,067,"Wisconsin","Langlade County",1,74,187,87,100
050,55,067,"Wisconsin","Langlade County",1,75,166,79,87
050,55,067,"Wisconsin","Langlade County",1,76,187,84,103
050,55,067,"Wisconsin","Langlade County",1,77,162,75,87
050,55,067,"Wisconsin","Langlade County",1,78,160,75,85
050,55,067,"Wisconsin","Langlade County",1,79,150,68,82
050,55,067,"Wisconsin","Langlade County",1,80,140,70,70
050,55,067,"Wisconsin","Langlade County",1,81,129,60,69
050,55,067,"Wisconsin","Langlade County",1,82,134,64,70
050,55,067,"Wisconsin","Langlade County",1,83,109,52,57
050,55,067,"Wisconsin","Langlade County",1,84,102,49,53
050,55,067,"Wisconsin","Langlade County",1,85,551,206,345
050,55,067,"Wisconsin","Langlade County",2,0,192,95,97
050,55,067,"Wisconsin","Langlade County",2,1,202,98,104
050,55,067,"Wisconsin","Langlade County",2,2,184,96,88
050,55,067,"Wisconsin","Langlade County",2,3,200,112,88
050,55,067,"Wisconsin","Langlade County",2,4,199,104,95
050,55,067,"Wisconsin","Langlade County",2,5,194,96,98
050,55,067,"Wisconsin","Langlade County",2,6,200,101,99
050,55,067,"Wisconsin","Langlade County",2,7,203,107,96
050,55,067,"Wisconsin","Langlade County",2,8,210,109,101
050,55,067,"Wisconsin","Langlade County",2,9,207,112,95
050,55,067,"Wisconsin","Langlade County",2,10,217,116,101
050,55,067,"Wisconsin","Langlade County",2,11,219,109,110
050,55,067,"Wisconsin","Langlade County",2,12,219,112,107
050,55,067,"Wisconsin","Langlade County",2,13,223,121,102
050,55,067,"Wisconsin","Langlade County",2,14,223,115,108
050,55,067,"Wisconsin","Langlade County",2,15,223,113,110
050,55,067,"Wisconsin","Langlade County",2,16,246,125,121
050,55,067,"Wisconsin","Langlade County",2,17,261,135,126
050,55,067,"Wisconsin","Langlade County",2,18,212,114,98
050,55,067,"Wisconsin","Langlade County",2,19,163,87,76
050,55,067,"Wisconsin","Langlade County",2,20,178,96,82
050,55,067,"Wisconsin","Langlade County",2,21,177,100,77
050,55,067,"Wisconsin","Langlade County",2,22,180,92,88
050,55,067,"Wisconsin","Langlade County",2,23,187,92,95
050,55,067,"Wisconsin","Langlade County",2,24,186,98,88
050,55,067,"Wisconsin","Langlade County",2,25,184,95,89
050,55,067,"Wisconsin","Langlade County",2,26,185,92,93
050,55,067,"Wisconsin","Langlade County",2,27,186,90,96
050,55,067,"Wisconsin","Langlade County",2,28,187,100,87
050,55,067,"Wisconsin","Langlade County",2,29,175,98,77
050,55,067,"Wisconsin","Langlade County",2,30,171,93,78
050,55,067,"Wisconsin","Langlade County",2,31,153,80,73
050,55,067,"Wisconsin","Langlade County",2,32,167,85,82
050,55,067,"Wisconsin","Langlade County",2,33,190,97,93
050,55,067,"Wisconsin","Langlade County",2,34,201,104,97
050,55,067,"Wisconsin","Langlade County",2,35,201,101,100
050,55,067,"Wisconsin","Langlade County",2,36,201,98,103
050,55,067,"Wisconsin","Langlade County",2,37,205,97,108
050,55,067,"Wisconsin","Langlade County",2,38,220,111,109
050,55,067,"Wisconsin","Langlade County",2,39,203,109,94
050,55,067,"Wisconsin","Langlade County",2,40,205,113,92
050,55,067,"Wisconsin","Langlade County",2,41,211,105,106
050,55,067,"Wisconsin","Langlade County",2,42,197,90,107
050,55,067,"Wisconsin","Langlade County",2,43,198,101,97
050,55,067,"Wisconsin","Langlade County",2,44,199,103,96
050,55,067,"Wisconsin","Langlade County",2,45,196,94,102
050,55,067,"Wisconsin","Langlade County",2,46,186,88,98
050,55,067,"Wisconsin","Langlade County",2,47,193,100,93
050,55,067,"Wisconsin","Langlade County",2,48,217,112,105
050,55,067,"Wisconsin","Langlade County",2,49,226,121,105
050,55,067,"Wisconsin","Langlade County",2,50,221,111,110
050,55,067,"Wisconsin","Langlade County",2,51,231,115,116
050,55,067,"Wisconsin","Langlade County",2,52,239,126,113
050,55,067,"Wisconsin","Langlade County",2,53,256,144,112
050,55,067,"Wisconsin","Langlade County",2,54,272,148,124
050,55,067,"Wisconsin","Langlade County",2,55,303,160,143
050,55,067,"Wisconsin","Langlade County",2,56,346,178,168
050,55,067,"Wisconsin","Langlade County",2,57,360,183,177
050,55,067,"Wisconsin","Langlade County",2,58,359,189,170
050,55,067,"Wisconsin","Langlade County",2,59,370,188,182
050,55,067,"Wisconsin","Langlade County",2,60,347,170,177
050,55,067,"Wisconsin","Langlade County",2,61,343,174,169
050,55,067,"Wisconsin","Langlade County",2,62,364,187,177
050,55,067,"Wisconsin","Langlade County",2,63,368,188,180
050,55,067,"Wisconsin","Langlade County",2,64,347,171,176
050,55,067,"Wisconsin","Langlade County",2,65,339,181,158
050,55,067,"Wisconsin","Langlade County",2,66,316,171,145
050,55,067,"Wisconsin","Langlade County",2,67,297,159,138
050,55,067,"Wisconsin","Langlade County",2,68,298,156,142
050,55,067,"Wisconsin","Langlade County",2,69,295,151,144
050,55,067,"Wisconsin","Langlade County",2,70,283,140,143
050,55,067,"Wisconsin","Langlade County",2,71,259,123,136
050,55,067,"Wisconsin","Langlade County",2,72,252,125,127
050,55,067,"Wisconsin","Langlade County",2,73,264,129,135
050,55,067,"Wisconsin","Langlade County",2,74,190,89,101
050,55,067,"Wisconsin","Langlade County",2,75,171,81,90
050,55,067,"Wisconsin","Langlade County",2,76,177,79,98
050,55,067,"Wisconsin","Langlade County",2,77,170,79,91
050,55,067,"Wisconsin","Langlade County",2,78,151,70,81
050,55,067,"Wisconsin","Langlade County",2,79,149,68,81
050,55,067,"Wisconsin","Langlade County",2,80,138,65,73
050,55,067,"Wisconsin","Langlade County",2,81,128,59,69
050,55,067,"Wisconsin","Langlade County",2,82,133,63,70
050,55,067,"Wisconsin","Langlade County",2,83,113,54,59
050,55,067,"Wisconsin","Langlade County",2,84,102,50,52
050,55,067,"Wisconsin","Langlade County",2,85,550,205,345
050,55,067,"Wisconsin","Langlade County",3,0,180,92,88
050,55,067,"Wisconsin","Langlade County",3,1,193,105,88
050,55,067,"Wisconsin","Langlade County",3,2,198,98,100
050,55,067,"Wisconsin","Langlade County",3,3,195,97,98
050,55,067,"Wisconsin","Langlade County",3,4,186,107,79
050,55,067,"Wisconsin","Langlade County",3,5,199,102,97
050,55,067,"Wisconsin","Langlade County",3,6,191,94,97
050,55,067,"Wisconsin","Langlade County",3,7,205,104,101
050,55,067,"Wisconsin","Langlade County",3,8,206,110,96
050,55,067,"Wisconsin","Langlade County",3,9,211,111,100
050,55,067,"Wisconsin","Langlade County",3,10,212,114,98
050,55,067,"Wisconsin","Langlade County",3,11,217,117,100
050,55,067,"Wisconsin","Langlade County",3,12,213,105,108
050,55,067,"Wisconsin","Langlade County",3,13,217,113,104
050,55,067,"Wisconsin","Langlade County",3,14,213,113,100
050,55,067,"Wisconsin","Langlade County",3,15,228,114,114
050,55,067,"Wisconsin","Langlade County",3,16,229,118,111
050,55,067,"Wisconsin","Langlade County",3,17,249,129,120
050,55,067,"Wisconsin","Langlade County",3,18,224,120,104
050,55,067,"Wisconsin","Langlade County",3,19,174,89,85
050,55,067,"Wisconsin","Langlade County",3,20,173,95,78
050,55,067,"Wisconsin","Langlade County",3,21,192,105,87
050,55,067,"Wisconsin","Langlade County",3,22,181,98,83
050,55,067,"Wisconsin","Langlade County",3,23,186,94,92
050,55,067,"Wisconsin","Langlade County",3,24,179,81,98
050,55,067,"Wisconsin","Langlade County",3,25,183,102,81
050,55,067,"Wisconsin","Langlade County",3,26,183,96,87
050,55,067,"Wisconsin","Langlade County",3,27,184,89,95
050,55,067,"Wisconsin","Langlade County",3,28,199,98,101
050,55,067,"Wisconsin","Langlade County",3,29,187,101,86
050,55,067,"Wisconsin","Langlade County",3,30,184,103,81
050,55,067,"Wisconsin","Langlade County",3,31,181,100,81
050,55,067,"Wisconsin","Langlade County",3,32,162,83,79
050,55,067,"Wisconsin","Langlade County",3,33,167,84,83
050,55,067,"Wisconsin","Langlade County",3,34,183,97,86
050,55,067,"Wisconsin","Langlade County",3,35,198,98,100
050,55,067,"Wisconsin","Langlade County",3,36,196,99,97
050,55,067,"Wisconsin","Langlade County",3,37,212,101,111
050,55,067,"Wisconsin","Langlade County",3,38,210,101,109
050,55,067,"Wisconsin","Langlade County",3,39,222,112,110
050,55,067,"Wisconsin","Langlade County",3,40,203,107,96
050,55,067,"Wisconsin","Langlade County",3,41,211,114,97
050,55,067,"Wisconsin","Langlade County",3,42,208,106,102
050,55,067,"Wisconsin","Langlade County",3,43,193,89,104
050,55,067,"Wisconsin","Langlade County",3,44,202,105,97
050,55,067,"Wisconsin","Langlade County",3,45,200,103,97
050,55,067,"Wisconsin","Langlade County",3,46,201,97,104
050,55,067,"Wisconsin","Langlade County",3,47,184,91,93
050,55,067,"Wisconsin","Langlade County",3,48,194,98,96
050,55,067,"Wisconsin","Langlade County",3,49,219,113,106
050,55,067,"Wisconsin","Langlade County",3,50,231,122,109
050,55,067,"Wisconsin","Langlade County",3,51,224,112,112
050,55,067,"Wisconsin","Langlade County",3,52,234,118,116
050,55,067,"Wisconsin","Langlade County",3,53,244,131,113
050,55,067,"Wisconsin","Langlade County",3,54,264,150,114
050,55,067,"Wisconsin","Langlade County",3,55,270,140,130
050,55,067,"Wisconsin","Langlade County",3,56,311,165,146
050,55,067,"Wisconsin","Langlade County",3,57,353,180,173
050,55,067,"Wisconsin","Langlade County",3,58,366,186,180
050,55,067,"Wisconsin","Langlade County",3,59,376,194,182
050,55,067,"Wisconsin","Langlade County",3,60,367,185,182
050,55,067,"Wisconsin","Langlade County",3,61,348,171,177
050,55,067,"Wisconsin","Langlade County",3,62,344,173,171
050,55,067,"Wisconsin","Langlade County",3,63,361,192,169
050,55,067,"Wisconsin","Langlade County",3,64,370,188,182
050,55,067,"Wisconsin","Langlade County",3,65,344,169,175
050,55,067,"Wisconsin","Langlade County",3,66,334,175,159
050,55,067,"Wisconsin","Langlade County",3,67,311,170,141
050,55,067,"Wisconsin","Langlade County",3,68,300,159,141
050,55,067,"Wisconsin","Langlade County",3,69,298,153,145
050,55,067,"Wisconsin","Langlade County",3,70,290,154,136
050,55,067,"Wisconsin","Langlade County",3,71,277,136,141
050,55,067,"Wisconsin","Langlade County",3,72,257,121,136
050,55,067,"Wisconsin","Langlade County",3,73,245,120,125
050,55,067,"Wisconsin","Langlade County",3,74,263,128,135
050,55,067,"Wisconsin","Langlade County",3,75,181,85,96
050,55,067,"Wisconsin","Langlade County",3,76,164,77,87
050,55,067,"Wisconsin","Langlade County",3,77,171,74,97
050,55,067,"Wisconsin","Langlade County",3,78,162,75,87
050,55,067,"Wisconsin","Langlade County",3,79,137,64,73
050,55,067,"Wisconsin","Langlade County",3,80,142,66,76
050,55,067,"Wisconsin","Langlade County",3,81,129,59,70
050,55,067,"Wisconsin","Langlade County",3,82,120,56,64
050,55,067,"Wisconsin","Langlade County",3,83,121,57,64
050,55,067,"Wisconsin","Langlade County",3,84,100,48,52
050,55,067,"Wisconsin","Langlade County",3,85,553,213,340
050,55,067,"Wisconsin","Langlade County",4,0,174,93,81
050,55,067,"Wisconsin","Langlade County",4,1,174,88,86
050,55,067,"Wisconsin","Langlade County",4,2,197,110,87
050,55,067,"Wisconsin","Langlade County",4,3,196,97,99
050,55,067,"Wisconsin","Langlade County",4,4,195,100,95
050,55,067,"Wisconsin","Langlade County",4,5,196,111,85
050,55,067,"Wisconsin","Langlade County",4,6,203,104,99
050,55,067,"Wisconsin","Langlade County",4,7,192,97,95
050,55,067,"Wisconsin","Langlade County",4,8,203,99,104
050,55,067,"Wisconsin","Langlade County",4,9,202,108,94
050,55,067,"Wisconsin","Langlade County",4,10,224,119,105
050,55,067,"Wisconsin","Langlade County",4,11,214,114,100
050,55,067,"Wisconsin","Langlade County",4,12,229,129,100
050,55,067,"Wisconsin","Langlade County",4,13,222,112,110
050,55,067,"Wisconsin","Langlade County",4,14,227,116,111
050,55,067,"Wisconsin","Langlade County",4,15,233,127,106
050,55,067,"Wisconsin","Langlade County",4,16,227,118,109
050,55,067,"Wisconsin","Langlade County",4,17,241,122,119
050,55,067,"Wisconsin","Langlade County",4,18,219,120,99
050,55,067,"Wisconsin","Langlade County",4,19,172,89,83
050,55,067,"Wisconsin","Langlade County",4,20,169,87,82
050,55,067,"Wisconsin","Langlade County",4,21,175,92,83
050,55,067,"Wisconsin","Langlade County",4,22,197,106,91
050,55,067,"Wisconsin","Langlade County",4,23,188,100,88
050,55,067,"Wisconsin","Langlade County",4,24,187,91,96
050,55,067,"Wisconsin","Langlade County",4,25,183,88,95
050,55,067,"Wisconsin","Langlade County",4,26,179,100,79
050,55,067,"Wisconsin","Langlade County",4,27,193,104,89
050,55,067,"Wisconsin","Langlade County",4,28,182,88,94
050,55,067,"Wisconsin","Langlade County",4,29,195,101,94
050,55,067,"Wisconsin","Langlade County",4,30,194,107,87
050,55,067,"Wisconsin","Langlade County",4,31,186,96,90
050,55,067,"Wisconsin","Langlade County",4,32,191,105,86
050,55,067,"Wisconsin","Langlade County",4,33,169,93,76
050,55,067,"Wisconsin","Langlade County",4,34,171,85,86
050,55,067,"Wisconsin","Langlade County",4,35,185,96,89
050,55,067,"Wisconsin","Langlade County",4,36,189,94,95
050,55,067,"Wisconsin","Langlade County",4,37,215,110,105
050,55,067,"Wisconsin","Langlade County",4,38,220,101,119
050,55,067,"Wisconsin","Langlade County",4,39,214,109,105
050,55,067,"Wisconsin","Langlade County",4,40,218,109,109
050,55,067,"Wisconsin","Langlade County",4,41,208,108,100
050,55,067,"Wisconsin","Langlade County",4,42,204,111,93
050,55,067,"Wisconsin","Langlade County",4,43,217,112,105
050,55,067,"Wisconsin","Langlade County",4,44,193,91,102
050,55,067,"Wisconsin","Langlade County",4,45,197,103,94
050,55,067,"Wisconsin","Langlade County",4,46,205,103,102
050,55,067,"Wisconsin","Langlade County",4,47,198,97,101
050,55,067,"Wisconsin","Langlade County",4,48,179,85,94
050,55,067,"Wisconsin","Langlade County",4,49,202,100,102
050,55,067,"Wisconsin","Langlade County",4,50,228,118,110
050,55,067,"Wisconsin","Langlade County",4,51,234,124,110
050,55,067,"Wisconsin","Langlade County",4,52,233,121,112
050,55,067,"Wisconsin","Langlade County",4,53,234,117,117
050,55,067,"Wisconsin","Langlade County",4,54,243,136,107
050,55,067,"Wisconsin","Langlade County",4,55,269,155,114
050,55,067,"Wisconsin","Langlade County",4,56,269,136,133
050,55,067,"Wisconsin","Langlade County",4,57,313,169,144
050,55,067,"Wisconsin","Langlade County",4,58,363,185,178
050,55,067,"Wisconsin","Langlade County",4,59,359,178,181
050,55,067,"Wisconsin","Langlade County",4,60,370,191,179
050,55,067,"Wisconsin","Langlade County",4,61,369,186,183
050,55,067,"Wisconsin","Langlade County",4,62,342,164,178
050,55,067,"Wisconsin","Langlade County",4,63,337,172,165
050,55,067,"Wisconsin","Langlade County",4,64,370,195,175
050,55,067,"Wisconsin","Langlade County",4,65,372,184,188
050,55,067,"Wisconsin","Langlade County",4,66,342,165,177
050,55,067,"Wisconsin","Langlade County",4,67,333,174,159
050,55,067,"Wisconsin","Langlade County",4,68,304,166,138
050,55,067,"Wisconsin","Langlade County",4,69,297,156,141
050,55,067,"Wisconsin","Langlade County",4,70,299,159,140
050,55,067,"Wisconsin","Langlade County",4,71,280,150,130
050,55,067,"Wisconsin","Langlade County",4,72,275,135,140
050,55,067,"Wisconsin","Langlade County",4,73,245,116,129
050,55,067,"Wisconsin","Langlade County",4,74,243,122,121
050,55,067,"Wisconsin","Langlade County",4,75,258,124,134
050,55,067,"Wisconsin","Langlade County",4,76,174,82,92
050,55,067,"Wisconsin","Langlade County",4,77,158,72,86
050,55,067,"Wisconsin","Langlade County",4,78,160,69,91
050,55,067,"Wisconsin","Langlade County",4,79,153,69,84
050,55,067,"Wisconsin","Langlade County",4,80,126,60,66
050,55,067,"Wisconsin","Langlade County",4,81,129,53,76
050,55,067,"Wisconsin","Langlade County",4,82,120,58,62
050,55,067,"Wisconsin","Langlade County",4,83,106,51,55
050,55,067,"Wisconsin","Langlade County",4,84,110,55,55
050,55,067,"Wisconsin","Langlade County",4,85,542,207,335
050,55,067,"Wisconsin","Langlade County",5,0,174,92,82
050,55,067,"Wisconsin","Langlade County",5,1,175,91,84
050,55,067,"Wisconsin","Langlade County",5,2,167,84,83
050,55,067,"Wisconsin","Langlade County",5,3,193,102,91
050,55,067,"Wisconsin","Langlade County",5,4,195,94,101
050,55,067,"Wisconsin","Langlade County",5,5,198,100,98
050,55,067,"Wisconsin","Langlade County",5,6,197,106,91
050,55,067,"Wisconsin","Langlade County",5,7,202,107,95
050,55,067,"Wisconsin","Langlade County",5,8,182,93,89
050,55,067,"Wisconsin","Langlade County",5,9,207,101,106
050,55,067,"Wisconsin","Langlade County",5,10,208,105,103
050,55,067,"Wisconsin","Langlade County",5,11,221,116,105
050,55,067,"Wisconsin","Langlade County",5,12,213,114,99
050,55,067,"Wisconsin","Langlade County",5,13,231,122,109
050,55,067,"Wisconsin","Langlade County",5,14,227,114,113
050,55,067,"Wisconsin","Langlade County",5,15,224,116,108
050,55,067,"Wisconsin","Langlade County",5,16,225,124,101
050,55,067,"Wisconsin","Langlade County",5,17,226,107,119
050,55,067,"Wisconsin","Langlade County",5,18,204,111,93
050,55,067,"Wisconsin","Langlade County",5,19,171,95,76
050,55,067,"Wisconsin","Langlade County",5,20,179,90,89
050,55,067,"Wisconsin","Langlade County",5,21,173,89,84
050,55,067,"Wisconsin","Langlade County",5,22,186,98,88
050,55,067,"Wisconsin","Langlade County",5,23,196,99,97
050,55,067,"Wisconsin","Langlade County",5,24,190,104,86
050,55,067,"Wisconsin","Langlade County",5,25,180,89,91
050,55,067,"Wisconsin","Langlade County",5,26,191,90,101
050,55,067,"Wisconsin","Langlade County",5,27,179,99,80
050,55,067,"Wisconsin","Langlade County",5,28,193,105,88
050,55,067,"Wisconsin","Langlade County",5,29,183,90,93
050,55,067,"Wisconsin","Langlade County",5,30,188,99,89
050,55,067,"Wisconsin","Langlade County",5,31,188,105,83
050,55,067,"Wisconsin","Langlade County",5,32,192,103,89
050,55,067,"Wisconsin","Langlade County",5,33,190,102,88
050,55,067,"Wisconsin","Langlade County",5,34,171,97,74
050,55,067,"Wisconsin","Langlade County",5,35,173,85,88
050,55,067,"Wisconsin","Langlade County",5,36,187,97,90
050,55,067,"Wisconsin","Langlade County",5,37,187,95,92
050,55,067,"Wisconsin","Langlade County",5,38,227,119,108
050,55,067,"Wisconsin","Langlade County",5,39,218,103,115
050,55,067,"Wisconsin","Langlade County",5,40,220,107,113
050,55,067,"Wisconsin","Langlade County",5,41,217,107,110
050,55,067,"Wisconsin","Langlade County",5,42,207,108,99
050,55,067,"Wisconsin","Langlade County",5,43,214,116,98
050,55,067,"Wisconsin","Langlade County",5,44,219,113,106
050,55,067,"Wisconsin","Langlade County",5,45,192,91,101
050,55,067,"Wisconsin","Langlade County",5,46,204,106,98
050,55,067,"Wisconsin","Langlade County",5,47,207,107,100
050,55,067,"Wisconsin","Langlade County",5,48,195,97,98
050,55,067,"Wisconsin","Langlade County",5,49,176,82,94
050,55,067,"Wisconsin","Langlade County",5,50,203,98,105
050,55,067,"Wisconsin","Langlade County",5,51,230,119,111
050,55,067,"Wisconsin","Langlade County",5,52,237,126,111
050,55,067,"Wisconsin","Langlade County",5,53,227,118,109
050,55,067,"Wisconsin","Langlade County",5,54,238,120,118
050,55,067,"Wisconsin","Langlade County",5,55,239,134,105
050,55,067,"Wisconsin","Langlade County",5,56,270,152,118
050,55,067,"Wisconsin","Langlade County",5,57,276,142,134
050,55,067,"Wisconsin","Langlade County",5,58,312,170,142
050,55,067,"Wisconsin","Langlade County",5,59,359,184,175
050,55,067,"Wisconsin","Langlade County",5,60,356,177,179
050,55,067,"Wisconsin","Langlade County",5,61,381,197,184
050,55,067,"Wisconsin","Langlade County",5,62,371,183,188
050,55,067,"Wisconsin","Langlade County",5,63,344,174,170
050,55,067,"Wisconsin","Langlade County",5,64,340,170,170
050,55,067,"Wisconsin","Langlade County",5,65,365,194,171
050,55,067,"Wisconsin","Langlade County",5,66,363,180,183
050,55,067,"Wisconsin","Langlade County",5,67,338,162,176
050,55,067,"Wisconsin","Langlade County",5,68,330,171,159
050,55,067,"Wisconsin","Langlade County",5,69,297,160,137
050,55,067,"Wisconsin","Langlade County",5,70,298,159,139
050,55,067,"Wisconsin","Langlade County",5,71,296,159,137
050,55,067,"Wisconsin","Langlade County",5,72,276,148,128
050,55,067,"Wisconsin","Langlade County",5,73,263,130,133
050,55,067,"Wisconsin","Langlade County",5,74,245,118,127
050,55,067,"Wisconsin","Langlade County",5,75,244,119,125
050,55,067,"Wisconsin","Langlade County",5,76,247,120,127
050,55,067,"Wisconsin","Langlade County",5,77,167,75,92
050,55,067,"Wisconsin","Langlade County",5,78,150,66,84
050,55,067,"Wisconsin","Langlade County",5,79,152,62,90
050,55,067,"Wisconsin","Langlade County",5,80,142,65,77
050,55,067,"Wisconsin","Langlade County",5,81,115,51,64
050,55,067,"Wisconsin","Langlade County",5,82,117,51,66
050,55,067,"Wisconsin","Langlade County",5,83,108,53,55
050,55,067,"Wisconsin","Langlade County",5,84,94,49,45
050,55,067,"Wisconsin","Langlade County",5,85,552,218,334
050,55,069,"Wisconsin","Lincoln County",1,0,251,129,122
050,55,069,"Wisconsin","Lincoln County",1,1,266,129,137
050,55,069,"Wisconsin","Lincoln County",1,2,270,114,156
050,55,069,"Wisconsin","Lincoln County",1,3,239,112,127
050,55,069,"Wisconsin","Lincoln County",1,4,269,128,141
050,55,069,"Wisconsin","Lincoln County",1,5,266,142,124
050,55,069,"Wisconsin","Lincoln County",1,6,265,136,129
050,55,069,"Wisconsin","Lincoln County",1,7,283,142,141
050,55,069,"Wisconsin","Lincoln County",1,8,248,123,125
050,55,069,"Wisconsin","Lincoln County",1,9,272,146,126
050,55,069,"Wisconsin","Lincoln County",1,10,300,147,153
050,55,069,"Wisconsin","Lincoln County",1,11,291,139,152
050,55,069,"Wisconsin","Lincoln County",1,12,295,156,139
050,55,069,"Wisconsin","Lincoln County",1,13,292,157,135
050,55,069,"Wisconsin","Lincoln County",1,14,312,154,158
050,55,069,"Wisconsin","Lincoln County",1,15,320,170,150
050,55,069,"Wisconsin","Lincoln County",1,16,349,190,159
050,55,069,"Wisconsin","Lincoln County",1,17,342,195,147
050,55,069,"Wisconsin","Lincoln County",1,18,267,145,122
050,55,069,"Wisconsin","Lincoln County",1,19,215,111,104
050,55,069,"Wisconsin","Lincoln County",1,20,222,119,103
050,55,069,"Wisconsin","Lincoln County",1,21,242,140,102
050,55,069,"Wisconsin","Lincoln County",1,22,304,162,142
050,55,069,"Wisconsin","Lincoln County",1,23,282,153,129
050,55,069,"Wisconsin","Lincoln County",1,24,284,152,132
050,55,069,"Wisconsin","Lincoln County",1,25,312,162,150
050,55,069,"Wisconsin","Lincoln County",1,26,286,146,140
050,55,069,"Wisconsin","Lincoln County",1,27,295,147,148
050,55,069,"Wisconsin","Lincoln County",1,28,288,148,140
050,55,069,"Wisconsin","Lincoln County",1,29,274,148,126
050,55,069,"Wisconsin","Lincoln County",1,30,258,128,130
050,55,069,"Wisconsin","Lincoln County",1,31,252,129,123
050,55,069,"Wisconsin","Lincoln County",1,32,256,134,122
050,55,069,"Wisconsin","Lincoln County",1,33,253,125,128
050,55,069,"Wisconsin","Lincoln County",1,34,286,148,138
050,55,069,"Wisconsin","Lincoln County",1,35,301,149,152
050,55,069,"Wisconsin","Lincoln County",1,36,312,160,152
050,55,069,"Wisconsin","Lincoln County",1,37,328,181,147
050,55,069,"Wisconsin","Lincoln County",1,38,331,173,158
050,55,069,"Wisconsin","Lincoln County",1,39,351,185,166
050,55,069,"Wisconsin","Lincoln County",1,40,328,157,171
050,55,069,"Wisconsin","Lincoln County",1,41,338,176,162
050,55,069,"Wisconsin","Lincoln County",1,42,328,170,158
050,55,069,"Wisconsin","Lincoln County",1,43,308,162,146
050,55,069,"Wisconsin","Lincoln County",1,44,316,160,156
050,55,069,"Wisconsin","Lincoln County",1,45,312,153,159
050,55,069,"Wisconsin","Lincoln County",1,46,313,172,141
050,55,069,"Wisconsin","Lincoln County",1,47,334,179,155
050,55,069,"Wisconsin","Lincoln County",1,48,373,184,189
050,55,069,"Wisconsin","Lincoln County",1,49,409,202,207
050,55,069,"Wisconsin","Lincoln County",1,50,388,197,191
050,55,069,"Wisconsin","Lincoln County",1,51,429,226,203
050,55,069,"Wisconsin","Lincoln County",1,52,420,222,198
050,55,069,"Wisconsin","Lincoln County",1,53,418,222,196
050,55,069,"Wisconsin","Lincoln County",1,54,455,238,217
050,55,069,"Wisconsin","Lincoln County",1,55,509,268,241
050,55,069,"Wisconsin","Lincoln County",1,56,520,251,269
050,55,069,"Wisconsin","Lincoln County",1,57,496,247,249
050,55,069,"Wisconsin","Lincoln County",1,58,532,280,252
050,55,069,"Wisconsin","Lincoln County",1,59,521,278,243
050,55,069,"Wisconsin","Lincoln County",1,60,539,286,253
050,55,069,"Wisconsin","Lincoln County",1,61,540,281,259
050,55,069,"Wisconsin","Lincoln County",1,62,566,289,277
050,55,069,"Wisconsin","Lincoln County",1,63,543,273,270
050,55,069,"Wisconsin","Lincoln County",1,64,484,249,235
050,55,069,"Wisconsin","Lincoln County",1,65,463,240,223
050,55,069,"Wisconsin","Lincoln County",1,66,440,225,215
050,55,069,"Wisconsin","Lincoln County",1,67,416,214,202
050,55,069,"Wisconsin","Lincoln County",1,68,403,214,189
050,55,069,"Wisconsin","Lincoln County",1,69,360,181,179
050,55,069,"Wisconsin","Lincoln County",1,70,333,168,165
050,55,069,"Wisconsin","Lincoln County",1,71,339,164,175
050,55,069,"Wisconsin","Lincoln County",1,72,351,175,176
050,55,069,"Wisconsin","Lincoln County",1,73,340,172,168
050,55,069,"Wisconsin","Lincoln County",1,74,254,131,123
050,55,069,"Wisconsin","Lincoln County",1,75,239,109,130
050,55,069,"Wisconsin","Lincoln County",1,76,224,105,119
050,55,069,"Wisconsin","Lincoln County",1,77,233,111,122
050,55,069,"Wisconsin","Lincoln County",1,78,206,96,110
050,55,069,"Wisconsin","Lincoln County",1,79,193,86,107
050,55,069,"Wisconsin","Lincoln County",1,80,184,89,95
050,55,069,"Wisconsin","Lincoln County",1,81,166,76,90
050,55,069,"Wisconsin","Lincoln County",1,82,162,72,90
050,55,069,"Wisconsin","Lincoln County",1,83,159,81,78
050,55,069,"Wisconsin","Lincoln County",1,84,148,66,82
050,55,069,"Wisconsin","Lincoln County",1,85,755,259,496
050,55,069,"Wisconsin","Lincoln County",2,0,251,127,124
050,55,069,"Wisconsin","Lincoln County",2,1,261,127,134
050,55,069,"Wisconsin","Lincoln County",2,2,268,117,151
050,55,069,"Wisconsin","Lincoln County",2,3,248,112,136
050,55,069,"Wisconsin","Lincoln County",2,4,264,125,139
050,55,069,"Wisconsin","Lincoln County",2,5,269,140,129
050,55,069,"Wisconsin","Lincoln County",2,6,266,138,128
050,55,069,"Wisconsin","Lincoln County",2,7,277,139,138
050,55,069,"Wisconsin","Lincoln County",2,8,256,127,129
050,55,069,"Wisconsin","Lincoln County",2,9,269,143,126
050,55,069,"Wisconsin","Lincoln County",2,10,292,145,147
050,55,069,"Wisconsin","Lincoln County",2,11,292,141,151
050,55,069,"Wisconsin","Lincoln County",2,12,293,152,141
050,55,069,"Wisconsin","Lincoln County",2,13,293,157,136
050,55,069,"Wisconsin","Lincoln County",2,14,306,154,152
050,55,069,"Wisconsin","Lincoln County",2,15,320,169,151
050,55,069,"Wisconsin","Lincoln County",2,16,347,190,157
050,55,069,"Wisconsin","Lincoln County",2,17,344,194,150
050,55,069,"Wisconsin","Lincoln County",2,18,264,143,121
050,55,069,"Wisconsin","Lincoln County",2,19,216,113,103
050,55,069,"Wisconsin","Lincoln County",2,20,225,120,105
050,55,069,"Wisconsin","Lincoln County",2,21,240,137,103
050,55,069,"Wisconsin","Lincoln County",2,22,291,157,134
050,55,069,"Wisconsin","Lincoln County",2,23,286,155,131
050,55,069,"Wisconsin","Lincoln County",2,24,282,151,131
050,55,069,"Wisconsin","Lincoln County",2,25,305,160,145
050,55,069,"Wisconsin","Lincoln County",2,26,294,150,144
050,55,069,"Wisconsin","Lincoln County",2,27,296,148,148
050,55,069,"Wisconsin","Lincoln County",2,28,287,145,142
050,55,069,"Wisconsin","Lincoln County",2,29,278,148,130
050,55,069,"Wisconsin","Lincoln County",2,30,262,133,129
050,55,069,"Wisconsin","Lincoln County",2,31,253,128,125
050,55,069,"Wisconsin","Lincoln County",2,32,257,133,124
050,55,069,"Wisconsin","Lincoln County",2,33,255,128,127
050,55,069,"Wisconsin","Lincoln County",2,34,279,144,135
050,55,069,"Wisconsin","Lincoln County",2,35,301,150,151
050,55,069,"Wisconsin","Lincoln County",2,36,310,159,151
050,55,069,"Wisconsin","Lincoln County",2,37,325,176,149
050,55,069,"Wisconsin","Lincoln County",2,38,333,178,155
050,55,069,"Wisconsin","Lincoln County",2,39,348,183,165
050,55,069,"Wisconsin","Lincoln County",2,40,337,165,172
050,55,069,"Wisconsin","Lincoln County",2,41,336,172,164
050,55,069,"Wisconsin","Lincoln County",2,42,331,173,158
050,55,069,"Wisconsin","Lincoln County",2,43,315,164,151
050,55,069,"Wisconsin","Lincoln County",2,44,311,159,152
050,55,069,"Wisconsin","Lincoln County",2,45,315,155,160
050,55,069,"Wisconsin","Lincoln County",2,46,310,166,144
050,55,069,"Wisconsin","Lincoln County",2,47,327,176,151
050,55,069,"Wisconsin","Lincoln County",2,48,367,185,182
050,55,069,"Wisconsin","Lincoln County",2,49,401,197,204
050,55,069,"Wisconsin","Lincoln County",2,50,393,198,195
050,55,069,"Wisconsin","Lincoln County",2,51,421,219,202
050,55,069,"Wisconsin","Lincoln County",2,52,417,221,196
050,55,069,"Wisconsin","Lincoln County",2,53,420,223,197
050,55,069,"Wisconsin","Lincoln County",2,54,444,233,211
050,55,069,"Wisconsin","Lincoln County",2,55,497,261,236
050,55,069,"Wisconsin","Lincoln County",2,56,522,258,264
050,55,069,"Wisconsin","Lincoln County",2,57,503,250,253
050,55,069,"Wisconsin","Lincoln County",2,58,524,273,251
050,55,069,"Wisconsin","Lincoln County",2,59,530,282,248
050,55,069,"Wisconsin","Lincoln County",2,60,536,284,252
050,55,069,"Wisconsin","Lincoln County",2,61,540,282,258
050,55,069,"Wisconsin","Lincoln County",2,62,559,287,272
050,55,069,"Wisconsin","Lincoln County",2,63,553,281,272
050,55,069,"Wisconsin","Lincoln County",2,64,496,253,243
050,55,069,"Wisconsin","Lincoln County",2,65,465,242,223
050,55,069,"Wisconsin","Lincoln County",2,66,448,230,218
050,55,069,"Wisconsin","Lincoln County",2,67,419,215,204
050,55,069,"Wisconsin","Lincoln County",2,68,403,212,191
050,55,069,"Wisconsin","Lincoln County",2,69,371,191,180
050,55,069,"Wisconsin","Lincoln County",2,70,338,171,167
050,55,069,"Wisconsin","Lincoln County",2,71,339,165,174
050,55,069,"Wisconsin","Lincoln County",2,72,343,171,172
050,55,069,"Wisconsin","Lincoln County",2,73,356,180,176
050,55,069,"Wisconsin","Lincoln County",2,74,254,129,125
050,55,069,"Wisconsin","Lincoln County",2,75,241,113,128
050,55,069,"Wisconsin","Lincoln County",2,76,225,105,120
050,55,069,"Wisconsin","Lincoln County",2,77,236,112,124
050,55,069,"Wisconsin","Lincoln County",2,78,208,96,112
050,55,069,"Wisconsin","Lincoln County",2,79,196,87,109
050,55,069,"Wisconsin","Lincoln County",2,80,187,90,97
050,55,069,"Wisconsin","Lincoln County",2,81,164,75,89
050,55,069,"Wisconsin","Lincoln County",2,82,163,72,91
050,55,069,"Wisconsin","Lincoln County",2,83,158,78,80
050,55,069,"Wisconsin","Lincoln County",2,84,146,68,78
050,55,069,"Wisconsin","Lincoln County",2,85,758,261,497
050,55,069,"Wisconsin","Lincoln County",3,0,258,138,120
050,55,069,"Wisconsin","Lincoln County",3,1,262,135,127
050,55,069,"Wisconsin","Lincoln County",3,2,277,134,143
050,55,069,"Wisconsin","Lincoln County",3,3,262,121,141
050,55,069,"Wisconsin","Lincoln County",3,4,258,121,137
050,55,069,"Wisconsin","Lincoln County",3,5,270,129,141
050,55,069,"Wisconsin","Lincoln County",3,6,283,151,132
050,55,069,"Wisconsin","Lincoln County",3,7,267,141,126
050,55,069,"Wisconsin","Lincoln County",3,8,279,137,142
050,55,069,"Wisconsin","Lincoln County",3,9,271,138,133
050,55,069,"Wisconsin","Lincoln County",3,10,282,149,133
050,55,069,"Wisconsin","Lincoln County",3,11,295,150,145
050,55,069,"Wisconsin","Lincoln County",3,12,289,144,145
050,55,069,"Wisconsin","Lincoln County",3,13,298,154,144
050,55,069,"Wisconsin","Lincoln County",3,14,289,155,134
050,55,069,"Wisconsin","Lincoln County",3,15,322,168,154
050,55,069,"Wisconsin","Lincoln County",3,16,332,175,157
050,55,069,"Wisconsin","Lincoln County",3,17,358,198,160
050,55,069,"Wisconsin","Lincoln County",3,18,262,140,122
050,55,069,"Wisconsin","Lincoln County",3,19,226,123,103
050,55,069,"Wisconsin","Lincoln County",3,20,228,107,121
050,55,069,"Wisconsin","Lincoln County",3,21,239,130,109
050,55,069,"Wisconsin","Lincoln County",3,22,253,143,110
050,55,069,"Wisconsin","Lincoln County",3,23,296,164,132
050,55,069,"Wisconsin","Lincoln County",3,24,284,154,130
050,55,069,"Wisconsin","Lincoln County",3,25,278,149,129
050,55,069,"Wisconsin","Lincoln County",3,26,282,147,135
050,55,069,"Wisconsin","Lincoln County",3,27,285,144,141
050,55,069,"Wisconsin","Lincoln County",3,28,302,153,149
050,55,069,"Wisconsin","Lincoln County",3,29,303,149,154
050,55,069,"Wisconsin","Lincoln County",3,30,287,151,136
050,55,069,"Wisconsin","Lincoln County",3,31,274,138,136
050,55,069,"Wisconsin","Lincoln County",3,32,268,135,133
050,55,069,"Wisconsin","Lincoln County",3,33,274,144,130
050,55,069,"Wisconsin","Lincoln County",3,34,263,133,130
050,55,069,"Wisconsin","Lincoln County",3,35,284,148,136
050,55,069,"Wisconsin","Lincoln County",3,36,315,162,153
050,55,069,"Wisconsin","Lincoln County",3,37,309,157,152
050,55,069,"Wisconsin","Lincoln County",3,38,333,177,156
050,55,069,"Wisconsin","Lincoln County",3,39,329,167,162
050,55,069,"Wisconsin","Lincoln County",3,40,342,187,155
050,55,069,"Wisconsin","Lincoln County",3,41,341,163,178
050,55,069,"Wisconsin","Lincoln County",3,42,330,169,161
050,55,069,"Wisconsin","Lincoln County",3,43,319,169,150
050,55,069,"Wisconsin","Lincoln County",3,44,329,172,157
050,55,069,"Wisconsin","Lincoln County",3,45,315,162,153
050,55,069,"Wisconsin","Lincoln County",3,46,323,154,169
050,55,069,"Wisconsin","Lincoln County",3,47,309,163,146
050,55,069,"Wisconsin","Lincoln County",3,48,333,175,158
050,55,069,"Wisconsin","Lincoln County",3,49,368,183,185
050,55,069,"Wisconsin","Lincoln County",3,50,409,203,206
050,55,069,"Wisconsin","Lincoln County",3,51,397,200,197
050,55,069,"Wisconsin","Lincoln County",3,52,417,211,206
050,55,069,"Wisconsin","Lincoln County",3,53,427,224,203
050,55,069,"Wisconsin","Lincoln County",3,54,419,217,202
050,55,069,"Wisconsin","Lincoln County",3,55,441,231,210
050,55,069,"Wisconsin","Lincoln County",3,56,494,258,236
050,55,069,"Wisconsin","Lincoln County",3,57,532,266,266
050,55,069,"Wisconsin","Lincoln County",3,58,510,260,250
050,55,069,"Wisconsin","Lincoln County",3,59,531,273,258
050,55,069,"Wisconsin","Lincoln County",3,60,542,287,255
050,55,069,"Wisconsin","Lincoln County",3,61,538,284,254
050,55,069,"Wisconsin","Lincoln County",3,62,547,288,259
050,55,069,"Wisconsin","Lincoln County",3,63,562,288,274
050,55,069,"Wisconsin","Lincoln County",3,64,553,282,271
050,55,069,"Wisconsin","Lincoln County",3,65,501,261,240
050,55,069,"Wisconsin","Lincoln County",3,66,464,238,226
050,55,069,"Wisconsin","Lincoln County",3,67,440,223,217
050,55,069,"Wisconsin","Lincoln County",3,68,409,213,196
050,55,069,"Wisconsin","Lincoln County",3,69,387,201,186
050,55,069,"Wisconsin","Lincoln County",3,70,362,180,182
050,55,069,"Wisconsin","Lincoln County",3,71,325,159,166
050,55,069,"Wisconsin","Lincoln County",3,72,338,169,169
050,55,069,"Wisconsin","Lincoln County",3,73,329,161,168
050,55,069,"Wisconsin","Lincoln County",3,74,338,168,170
050,55,069,"Wisconsin","Lincoln County",3,75,241,118,123
050,55,069,"Wisconsin","Lincoln County",3,76,230,109,121
050,55,069,"Wisconsin","Lincoln County",3,77,219,103,116
050,55,069,"Wisconsin","Lincoln County",3,78,218,102,116
050,55,069,"Wisconsin","Lincoln County",3,79,203,100,103
050,55,069,"Wisconsin","Lincoln County",3,80,186,84,102
050,55,069,"Wisconsin","Lincoln County",3,81,168,77,91
050,55,069,"Wisconsin","Lincoln County",3,82,150,66,84
050,55,069,"Wisconsin","Lincoln County",3,83,153,67,86
050,55,069,"Wisconsin","Lincoln County",3,84,139,71,68
050,55,069,"Wisconsin","Lincoln County",3,85,703,262,441
050,55,069,"Wisconsin","Lincoln County",4,0,254,132,122
050,55,069,"Wisconsin","Lincoln County",4,1,270,140,130
050,55,069,"Wisconsin","Lincoln County",4,2,254,123,131
050,55,069,"Wisconsin","Lincoln County",4,3,254,126,128
050,55,069,"Wisconsin","Lincoln County",4,4,256,116,140
050,55,069,"Wisconsin","Lincoln County",4,5,254,117,137
050,55,069,"Wisconsin","Lincoln County",4,6,264,122,142
050,55,069,"Wisconsin","Lincoln County",4,7,285,158,127
050,55,069,"Wisconsin","Lincoln County",4,8,275,145,130
050,55,069,"Wisconsin","Lincoln County",4,9,274,135,139
050,55,069,"Wisconsin","Lincoln County",4,10,276,136,140
050,55,069,"Wisconsin","Lincoln County",4,11,287,152,135
050,55,069,"Wisconsin","Lincoln County",4,12,293,153,140
050,55,069,"Wisconsin","Lincoln County",4,13,295,143,152
050,55,069,"Wisconsin","Lincoln County",4,14,297,155,142
050,55,069,"Wisconsin","Lincoln County",4,15,303,169,134
050,55,069,"Wisconsin","Lincoln County",4,16,336,184,152
050,55,069,"Wisconsin","Lincoln County",4,17,339,183,156
050,55,069,"Wisconsin","Lincoln County",4,18,264,140,124
050,55,069,"Wisconsin","Lincoln County",4,19,195,108,87
050,55,069,"Wisconsin","Lincoln County",4,20,226,126,100
050,55,069,"Wisconsin","Lincoln County",4,21,234,113,121
050,55,069,"Wisconsin","Lincoln County",4,22,253,134,119
050,55,069,"Wisconsin","Lincoln County",4,23,253,142,111
050,55,069,"Wisconsin","Lincoln County",4,24,305,171,134
050,55,069,"Wisconsin","Lincoln County",4,25,267,147,120
050,55,069,"Wisconsin","Lincoln County",4,26,281,154,127
050,55,069,"Wisconsin","Lincoln County",4,27,281,138,143
050,55,069,"Wisconsin","Lincoln County",4,28,277,141,136
050,55,069,"Wisconsin","Lincoln County",4,29,293,144,149
050,55,069,"Wisconsin","Lincoln County",4,30,296,146,150
050,55,069,"Wisconsin","Lincoln County",4,31,283,148,135
050,55,069,"Wisconsin","Lincoln County",4,32,277,139,138
050,55,069,"Wisconsin","Lincoln County",4,33,271,138,133
050,55,069,"Wisconsin","Lincoln County",4,34,279,152,127
050,55,069,"Wisconsin","Lincoln County",4,35,265,134,131
050,55,069,"Wisconsin","Lincoln County",4,36,278,148,130
050,55,069,"Wisconsin","Lincoln County",4,37,318,164,154
050,55,069,"Wisconsin","Lincoln County",4,38,318,166,152
050,55,069,"Wisconsin","Lincoln County",4,39,323,169,154
050,55,069,"Wisconsin","Lincoln County",4,40,334,173,161
050,55,069,"Wisconsin","Lincoln County",4,41,341,187,154
050,55,069,"Wisconsin","Lincoln County",4,42,347,167,180
050,55,069,"Wisconsin","Lincoln County",4,43,340,175,165
050,55,069,"Wisconsin","Lincoln County",4,44,327,175,152
050,55,069,"Wisconsin","Lincoln County",4,45,331,171,160
050,55,069,"Wisconsin","Lincoln County",4,46,312,162,150
050,55,069,"Wisconsin","Lincoln County",4,47,340,168,172
050,55,069,"Wisconsin","Lincoln County",4,48,309,161,148
050,55,069,"Wisconsin","Lincoln County",4,49,337,174,163
050,55,069,"Wisconsin","Lincoln County",4,50,365,181,184
050,55,069,"Wisconsin","Lincoln County",4,51,406,208,198
050,55,069,"Wisconsin","Lincoln County",4,52,402,198,204
050,55,069,"Wisconsin","Lincoln County",4,53,426,217,209
050,55,069,"Wisconsin","Lincoln County",4,54,428,227,201
050,55,069,"Wisconsin","Lincoln County",4,55,422,220,202
050,55,069,"Wisconsin","Lincoln County",4,56,453,236,217
050,55,069,"Wisconsin","Lincoln County",4,57,509,267,242
050,55,069,"Wisconsin","Lincoln County",4,58,548,275,273
050,55,069,"Wisconsin","Lincoln County",4,59,514,262,252
050,55,069,"Wisconsin","Lincoln County",4,60,531,273,258
050,55,069,"Wisconsin","Lincoln County",4,61,552,289,263
050,55,069,"Wisconsin","Lincoln County",4,62,536,282,254
050,55,069,"Wisconsin","Lincoln County",4,63,558,296,262
050,55,069,"Wisconsin","Lincoln County",4,64,561,289,272
050,55,069,"Wisconsin","Lincoln County",4,65,554,282,272
050,55,069,"Wisconsin","Lincoln County",4,66,505,259,246
050,55,069,"Wisconsin","Lincoln County",4,67,459,235,224
050,55,069,"Wisconsin","Lincoln County",4,68,436,221,215
050,55,069,"Wisconsin","Lincoln County",4,69,409,210,199
050,55,069,"Wisconsin","Lincoln County",4,70,386,201,185
050,55,069,"Wisconsin","Lincoln County",4,71,357,174,183
050,55,069,"Wisconsin","Lincoln County",4,72,323,159,164
050,55,069,"Wisconsin","Lincoln County",4,73,324,157,167
050,55,069,"Wisconsin","Lincoln County",4,74,321,157,164
050,55,069,"Wisconsin","Lincoln County",4,75,319,151,168
050,55,069,"Wisconsin","Lincoln County",4,76,237,117,120
050,55,069,"Wisconsin","Lincoln County",4,77,216,103,113
050,55,069,"Wisconsin","Lincoln County",4,78,203,93,110
050,55,069,"Wisconsin","Lincoln County",4,79,200,96,104
050,55,069,"Wisconsin","Lincoln County",4,80,189,97,92
050,55,069,"Wisconsin","Lincoln County",4,81,169,74,95
050,55,069,"Wisconsin","Lincoln County",4,82,153,70,83
050,55,069,"Wisconsin","Lincoln County",4,83,146,65,81
050,55,069,"Wisconsin","Lincoln County",4,84,135,57,78
050,55,069,"Wisconsin","Lincoln County",4,85,682,258,424
050,55,069,"Wisconsin","Lincoln County",5,0,248,129,119
050,55,069,"Wisconsin","Lincoln County",5,1,253,132,121
050,55,069,"Wisconsin","Lincoln County",5,2,277,140,137
050,55,069,"Wisconsin","Lincoln County",5,3,248,126,122
050,55,069,"Wisconsin","Lincoln County",5,4,265,131,134
050,55,069,"Wisconsin","Lincoln County",5,5,265,116,149
050,55,069,"Wisconsin","Lincoln County",5,6,254,119,135
050,55,069,"Wisconsin","Lincoln County",5,7,266,123,143
050,55,069,"Wisconsin","Lincoln County",5,8,282,154,128
050,55,069,"Wisconsin","Lincoln County",5,9,269,138,131
050,55,069,"Wisconsin","Lincoln County",5,10,279,127,152
050,55,069,"Wisconsin","Lincoln County",5,11,292,141,151
050,55,069,"Wisconsin","Lincoln County",5,12,290,151,139
050,55,069,"Wisconsin","Lincoln County",5,13,299,155,144
050,55,069,"Wisconsin","Lincoln County",5,14,298,145,153
050,55,069,"Wisconsin","Lincoln County",5,15,311,170,141
050,55,069,"Wisconsin","Lincoln County",5,16,313,178,135
050,55,069,"Wisconsin","Lincoln County",5,17,339,185,154
050,55,069,"Wisconsin","Lincoln County",5,18,256,134,122
050,55,069,"Wisconsin","Lincoln County",5,19,205,111,94
050,55,069,"Wisconsin","Lincoln County",5,20,219,117,102
050,55,069,"Wisconsin","Lincoln County",5,21,246,140,106
050,55,069,"Wisconsin","Lincoln County",5,22,245,114,131
050,55,069,"Wisconsin","Lincoln County",5,23,264,139,125
050,55,069,"Wisconsin","Lincoln County",5,24,263,146,117
050,55,069,"Wisconsin","Lincoln County",5,25,304,168,136
050,55,069,"Wisconsin","Lincoln County",5,26,279,160,119
050,55,069,"Wisconsin","Lincoln County",5,27,280,148,132
050,55,069,"Wisconsin","Lincoln County",5,28,291,149,142
050,55,069,"Wisconsin","Lincoln County",5,29,289,143,146
050,55,069,"Wisconsin","Lincoln County",5,30,306,148,158
050,55,069,"Wisconsin","Lincoln County",5,31,304,153,151
050,55,069,"Wisconsin","Lincoln County",5,32,288,152,136
050,55,069,"Wisconsin","Lincoln County",5,33,275,141,134
050,55,069,"Wisconsin","Lincoln County",5,34,283,143,140
050,55,069,"Wisconsin","Lincoln County",5,35,274,152,122
050,55,069,"Wisconsin","Lincoln County",5,36,278,141,137
050,55,069,"Wisconsin","Lincoln County",5,37,287,150,137
050,55,069,"Wisconsin","Lincoln County",5,38,325,168,157
050,55,069,"Wisconsin","Lincoln County",5,39,312,164,148
050,55,069,"Wisconsin","Lincoln County",5,40,309,160,149
050,55,069,"Wisconsin","Lincoln County",5,41,336,176,160
050,55,069,"Wisconsin","Lincoln County",5,42,345,185,160
050,55,069,"Wisconsin","Lincoln County",5,43,348,167,181
050,55,069,"Wisconsin","Lincoln County",5,44,336,173,163
050,55,069,"Wisconsin","Lincoln County",5,45,334,178,156
050,55,069,"Wisconsin","Lincoln County",5,46,339,172,167
050,55,069,"Wisconsin","Lincoln County",5,47,322,169,153
050,55,069,"Wisconsin","Lincoln County",5,48,342,171,171
050,55,069,"Wisconsin","Lincoln County",5,49,311,157,154
050,55,069,"Wisconsin","Lincoln County",5,50,341,182,159
050,55,069,"Wisconsin","Lincoln County",5,51,380,187,193
050,55,069,"Wisconsin","Lincoln County",5,52,410,212,198
050,55,069,"Wisconsin","Lincoln County",5,53,412,207,205
050,55,069,"Wisconsin","Lincoln County",5,54,418,213,205
050,55,069,"Wisconsin","Lincoln County",5,55,435,236,199
050,55,069,"Wisconsin","Lincoln County",5,56,429,218,211
050,55,069,"Wisconsin","Lincoln County",5,57,466,239,227
050,55,069,"Wisconsin","Lincoln County",5,58,512,271,241
050,55,069,"Wisconsin","Lincoln County",5,59,551,273,278
050,55,069,"Wisconsin","Lincoln County",5,60,522,270,252
050,55,069,"Wisconsin","Lincoln County",5,61,529,278,251
050,55,069,"Wisconsin","Lincoln County",5,62,545,283,262
050,55,069,"Wisconsin","Lincoln County",5,63,540,288,252
050,55,069,"Wisconsin","Lincoln County",5,64,542,287,255
050,55,069,"Wisconsin","Lincoln County",5,65,554,288,266
050,55,069,"Wisconsin","Lincoln County",5,66,547,273,274
050,55,069,"Wisconsin","Lincoln County",5,67,485,250,235
050,55,069,"Wisconsin","Lincoln County",5,68,455,236,219
050,55,069,"Wisconsin","Lincoln County",5,69,436,223,213
050,55,069,"Wisconsin","Lincoln County",5,70,400,207,193
050,55,069,"Wisconsin","Lincoln County",5,71,379,195,184
050,55,069,"Wisconsin","Lincoln County",5,72,351,170,181
050,55,069,"Wisconsin","Lincoln County",5,73,317,151,166
050,55,069,"Wisconsin","Lincoln County",5,74,310,151,159
050,55,069,"Wisconsin","Lincoln County",5,75,306,146,160
050,55,069,"Wisconsin","Lincoln County",5,76,308,143,165
050,55,069,"Wisconsin","Lincoln County",5,77,227,113,114
050,55,069,"Wisconsin","Lincoln County",5,78,203,93,110
050,55,069,"Wisconsin","Lincoln County",5,79,193,91,102
050,55,069,"Wisconsin","Lincoln County",5,80,186,93,93
050,55,069,"Wisconsin","Lincoln County",5,81,167,86,81
050,55,069,"Wisconsin","Lincoln County",5,82,158,68,90
050,55,069,"Wisconsin","Lincoln County",5,83,156,68,88
050,55,069,"Wisconsin","Lincoln County",5,84,130,59,71
050,55,069,"Wisconsin","Lincoln County",5,85,662,246,416
050,55,071,"Wisconsin","Manitowoc County",1,0,769,389,380
050,55,071,"Wisconsin","Manitowoc County",1,1,804,397,407
050,55,071,"Wisconsin","Manitowoc County",1,2,816,419,397
050,55,071,"Wisconsin","Manitowoc County",1,3,839,435,404
050,55,071,"Wisconsin","Manitowoc County",1,4,867,457,410
050,55,071,"Wisconsin","Manitowoc County",1,5,877,436,441
050,55,071,"Wisconsin","Manitowoc County",1,6,891,462,429
050,55,071,"Wisconsin","Manitowoc County",1,7,891,448,443
050,55,071,"Wisconsin","Manitowoc County",1,8,921,490,431
050,55,071,"Wisconsin","Manitowoc County",1,9,900,492,408
050,55,071,"Wisconsin","Manitowoc County",1,10,934,484,450
050,55,071,"Wisconsin","Manitowoc County",1,11,987,496,491
050,55,071,"Wisconsin","Manitowoc County",1,12,1094,555,539
050,55,071,"Wisconsin","Manitowoc County",1,13,1049,540,509
050,55,071,"Wisconsin","Manitowoc County",1,14,1021,530,491
050,55,071,"Wisconsin","Manitowoc County",1,15,1077,565,512
050,55,071,"Wisconsin","Manitowoc County",1,16,1134,626,508
050,55,071,"Wisconsin","Manitowoc County",1,17,1107,617,490
050,55,071,"Wisconsin","Manitowoc County",1,18,899,475,424
050,55,071,"Wisconsin","Manitowoc County",1,19,748,379,369
050,55,071,"Wisconsin","Manitowoc County",1,20,807,425,382
050,55,071,"Wisconsin","Manitowoc County",1,21,802,426,376
050,55,071,"Wisconsin","Manitowoc County",1,22,842,427,415
050,55,071,"Wisconsin","Manitowoc County",1,23,853,421,432
050,55,071,"Wisconsin","Manitowoc County",1,24,833,402,431
050,55,071,"Wisconsin","Manitowoc County",1,25,857,408,449
050,55,071,"Wisconsin","Manitowoc County",1,26,900,457,443
050,55,071,"Wisconsin","Manitowoc County",1,27,894,461,433
050,55,071,"Wisconsin","Manitowoc County",1,28,896,461,435
050,55,071,"Wisconsin","Manitowoc County",1,29,824,423,401
050,55,071,"Wisconsin","Manitowoc County",1,30,798,420,378
050,55,071,"Wisconsin","Manitowoc County",1,31,796,402,394
050,55,071,"Wisconsin","Manitowoc County",1,32,783,409,374
050,55,071,"Wisconsin","Manitowoc County",1,33,827,429,398
050,55,071,"Wisconsin","Manitowoc County",1,34,880,454,426
050,55,071,"Wisconsin","Manitowoc County",1,35,936,475,461
050,55,071,"Wisconsin","Manitowoc County",1,36,907,465,442
050,55,071,"Wisconsin","Manitowoc County",1,37,975,511,464
050,55,071,"Wisconsin","Manitowoc County",1,38,984,509,475
050,55,071,"Wisconsin","Manitowoc County",1,39,943,482,461
050,55,071,"Wisconsin","Manitowoc County",1,40,930,491,439
050,55,071,"Wisconsin","Manitowoc County",1,41,937,503,434
050,55,071,"Wisconsin","Manitowoc County",1,42,980,538,442
050,55,071,"Wisconsin","Manitowoc County",1,43,903,464,439
050,55,071,"Wisconsin","Manitowoc County",1,44,908,460,448
050,55,071,"Wisconsin","Manitowoc County",1,45,883,449,434
050,55,071,"Wisconsin","Manitowoc County",1,46,867,448,419
050,55,071,"Wisconsin","Manitowoc County",1,47,884,454,430
050,55,071,"Wisconsin","Manitowoc County",1,48,940,477,463
050,55,071,"Wisconsin","Manitowoc County",1,49,1063,529,534
050,55,071,"Wisconsin","Manitowoc County",1,50,1069,558,511
050,55,071,"Wisconsin","Manitowoc County",1,51,1075,564,511
050,55,071,"Wisconsin","Manitowoc County",1,52,1099,578,521
050,55,071,"Wisconsin","Manitowoc County",1,53,1181,602,579
050,55,071,"Wisconsin","Manitowoc County",1,54,1210,613,597
050,55,071,"Wisconsin","Manitowoc County",1,55,1262,634,628
050,55,071,"Wisconsin","Manitowoc County",1,56,1323,694,629
050,55,071,"Wisconsin","Manitowoc County",1,57,1371,697,674
050,55,071,"Wisconsin","Manitowoc County",1,58,1355,661,694
050,55,071,"Wisconsin","Manitowoc County",1,59,1342,686,656
050,55,071,"Wisconsin","Manitowoc County",1,60,1357,720,637
050,55,071,"Wisconsin","Manitowoc County",1,61,1353,688,665
050,55,071,"Wisconsin","Manitowoc County",1,62,1343,680,663
050,55,071,"Wisconsin","Manitowoc County",1,63,1292,657,635
050,55,071,"Wisconsin","Manitowoc County",1,64,1296,652,644
050,55,071,"Wisconsin","Manitowoc County",1,65,1272,635,637
050,55,071,"Wisconsin","Manitowoc County",1,66,1203,624,579
050,55,071,"Wisconsin","Manitowoc County",1,67,1172,619,553
050,55,071,"Wisconsin","Manitowoc County",1,68,1177,604,573
050,55,071,"Wisconsin","Manitowoc County",1,69,983,488,495
050,55,071,"Wisconsin","Manitowoc County",1,70,979,480,499
050,55,071,"Wisconsin","Manitowoc County",1,71,897,442,455
050,55,071,"Wisconsin","Manitowoc County",1,72,879,424,455
050,55,071,"Wisconsin","Manitowoc County",1,73,903,466,437
050,55,071,"Wisconsin","Manitowoc County",1,74,642,318,324
050,55,071,"Wisconsin","Manitowoc County",1,75,624,292,332
050,55,071,"Wisconsin","Manitowoc County",1,76,622,286,336
050,55,071,"Wisconsin","Manitowoc County",1,77,663,301,362
050,55,071,"Wisconsin","Manitowoc County",1,78,578,257,321
050,55,071,"Wisconsin","Manitowoc County",1,79,511,246,265
050,55,071,"Wisconsin","Manitowoc County",1,80,469,213,256
050,55,071,"Wisconsin","Manitowoc County",1,81,452,198,254
050,55,071,"Wisconsin","Manitowoc County",1,82,386,155,231
050,55,071,"Wisconsin","Manitowoc County",1,83,354,154,200
050,55,071,"Wisconsin","Manitowoc County",1,84,345,137,208
050,55,071,"Wisconsin","Manitowoc County",1,85,2064,663,1401
050,55,071,"Wisconsin","Manitowoc County",2,0,773,394,379
050,55,071,"Wisconsin","Manitowoc County",2,1,797,395,402
050,55,071,"Wisconsin","Manitowoc County",2,2,817,417,400
050,55,071,"Wisconsin","Manitowoc County",2,3,835,433,402
050,55,071,"Wisconsin","Manitowoc County",2,4,866,454,412
050,55,071,"Wisconsin","Manitowoc County",2,5,877,442,435
050,55,071,"Wisconsin","Manitowoc County",2,6,890,456,434
050,55,071,"Wisconsin","Manitowoc County",2,7,891,450,441
050,55,071,"Wisconsin","Manitowoc County",2,8,909,477,432
050,55,071,"Wisconsin","Manitowoc County",2,9,907,496,411
050,55,071,"Wisconsin","Manitowoc County",2,10,926,487,439
050,55,071,"Wisconsin","Manitowoc County",2,11,968,489,479
050,55,071,"Wisconsin","Manitowoc County",2,12,1068,541,527
050,55,071,"Wisconsin","Manitowoc County",2,13,1057,544,513
050,55,071,"Wisconsin","Manitowoc County",2,14,1026,531,495
050,55,071,"Wisconsin","Manitowoc County",2,15,1077,569,508
050,55,071,"Wisconsin","Manitowoc County",2,16,1127,616,511
050,55,071,"Wisconsin","Manitowoc County",2,17,1114,620,494
050,55,071,"Wisconsin","Manitowoc County",2,18,893,475,418
050,55,071,"Wisconsin","Manitowoc County",2,19,749,383,366
050,55,071,"Wisconsin","Manitowoc County",2,20,806,424,382
050,55,071,"Wisconsin","Manitowoc County",2,21,810,428,382
050,55,071,"Wisconsin","Manitowoc County",2,22,838,431,407
050,55,071,"Wisconsin","Manitowoc County",2,23,855,421,434
050,55,071,"Wisconsin","Manitowoc County",2,24,837,406,431
050,55,071,"Wisconsin","Manitowoc County",2,25,857,410,447
050,55,071,"Wisconsin","Manitowoc County",2,26,889,446,443
050,55,071,"Wisconsin","Manitowoc County",2,27,896,463,433
050,55,071,"Wisconsin","Manitowoc County",2,28,896,460,436
050,55,071,"Wisconsin","Manitowoc County",2,29,847,435,412
050,55,071,"Wisconsin","Manitowoc County",2,30,815,424,391
050,55,071,"Wisconsin","Manitowoc County",2,31,800,409,391
050,55,071,"Wisconsin","Manitowoc County",2,32,787,406,381
050,55,071,"Wisconsin","Manitowoc County",2,33,818,424,394
050,55,071,"Wisconsin","Manitowoc County",2,34,870,449,421
050,55,071,"Wisconsin","Manitowoc County",2,35,928,473,455
050,55,071,"Wisconsin","Manitowoc County",2,36,908,465,443
050,55,071,"Wisconsin","Manitowoc County",2,37,961,502,459
050,55,071,"Wisconsin","Manitowoc County",2,38,984,509,475
050,55,071,"Wisconsin","Manitowoc County",2,39,952,489,463
050,55,071,"Wisconsin","Manitowoc County",2,40,939,492,447
050,55,071,"Wisconsin","Manitowoc County",2,41,935,500,435
050,55,071,"Wisconsin","Manitowoc County",2,42,967,527,440
050,55,071,"Wisconsin","Manitowoc County",2,43,928,487,441
050,55,071,"Wisconsin","Manitowoc County",2,44,902,457,445
050,55,071,"Wisconsin","Manitowoc County",2,45,895,455,440
050,55,071,"Wisconsin","Manitowoc County",2,46,871,448,423
050,55,071,"Wisconsin","Manitowoc County",2,47,876,451,425
050,55,071,"Wisconsin","Manitowoc County",2,48,926,471,455
050,55,071,"Wisconsin","Manitowoc County",2,49,1036,519,517
050,55,071,"Wisconsin","Manitowoc County",2,50,1065,553,512
050,55,071,"Wisconsin","Manitowoc County",2,51,1075,564,511
050,55,071,"Wisconsin","Manitowoc County",2,52,1090,572,518
050,55,071,"Wisconsin","Manitowoc County",2,53,1165,595,570
050,55,071,"Wisconsin","Manitowoc County",2,54,1203,612,591
050,55,071,"Wisconsin","Manitowoc County",2,55,1245,626,619
050,55,071,"Wisconsin","Manitowoc County",2,56,1313,683,630
050,55,071,"Wisconsin","Manitowoc County",2,57,1358,697,661
050,55,071,"Wisconsin","Manitowoc County",2,58,1357,668,689
050,55,071,"Wisconsin","Manitowoc County",2,59,1349,684,665
050,55,071,"Wisconsin","Manitowoc County",2,60,1350,710,640
050,55,071,"Wisconsin","Manitowoc County",2,61,1351,692,659
050,55,071,"Wisconsin","Manitowoc County",2,62,1339,677,662
050,55,071,"Wisconsin","Manitowoc County",2,63,1316,669,647
050,55,071,"Wisconsin","Manitowoc County",2,64,1283,644,639
050,55,071,"Wisconsin","Manitowoc County",2,65,1277,639,638
050,55,071,"Wisconsin","Manitowoc County",2,66,1219,625,594
050,55,071,"Wisconsin","Manitowoc County",2,67,1179,617,562
050,55,071,"Wisconsin","Manitowoc County",2,68,1164,600,564
050,55,071,"Wisconsin","Manitowoc County",2,69,1040,522,518
050,55,071,"Wisconsin","Manitowoc County",2,70,977,483,494
050,55,071,"Wisconsin","Manitowoc County",2,71,919,450,469
050,55,071,"Wisconsin","Manitowoc County",2,72,866,419,447
050,55,071,"Wisconsin","Manitowoc County",2,73,940,479,461
050,55,071,"Wisconsin","Manitowoc County",2,74,658,330,328
050,55,071,"Wisconsin","Manitowoc County",2,75,631,299,332
050,55,071,"Wisconsin","Manitowoc County",2,76,614,285,329
050,55,071,"Wisconsin","Manitowoc County",2,77,658,299,359
050,55,071,"Wisconsin","Manitowoc County",2,78,582,257,325
050,55,071,"Wisconsin","Manitowoc County",2,79,512,241,271
050,55,071,"Wisconsin","Manitowoc County",2,80,474,217,257
050,55,071,"Wisconsin","Manitowoc County",2,81,449,198,251
050,55,071,"Wisconsin","Manitowoc County",2,82,403,167,236
050,55,071,"Wisconsin","Manitowoc County",2,83,355,152,203
050,55,071,"Wisconsin","Manitowoc County",2,84,340,135,205
050,55,071,"Wisconsin","Manitowoc County",2,85,2075,660,1415
050,55,071,"Wisconsin","Manitowoc County",3,0,736,403,333
050,55,071,"Wisconsin","Manitowoc County",3,1,806,413,393
050,55,071,"Wisconsin","Manitowoc County",3,2,827,415,412
050,55,071,"Wisconsin","Manitowoc County",3,3,821,415,406
050,55,071,"Wisconsin","Manitowoc County",3,4,860,446,414
050,55,071,"Wisconsin","Manitowoc County",3,5,874,458,416
050,55,071,"Wisconsin","Manitowoc County",3,6,883,448,435
050,55,071,"Wisconsin","Manitowoc County",3,7,924,472,452
050,55,071,"Wisconsin","Manitowoc County",3,8,886,450,436
050,55,071,"Wisconsin","Manitowoc County",3,9,918,489,429
050,55,071,"Wisconsin","Manitowoc County",3,10,921,501,420
050,55,071,"Wisconsin","Manitowoc County",3,11,930,490,440
050,55,071,"Wisconsin","Manitowoc County",3,12,996,505,491
050,55,071,"Wisconsin","Manitowoc County",3,13,1087,557,530
050,55,071,"Wisconsin","Manitowoc County",3,14,1066,562,504
050,55,071,"Wisconsin","Manitowoc County",3,15,1073,576,497
050,55,071,"Wisconsin","Manitowoc County",3,16,1095,579,516
050,55,071,"Wisconsin","Manitowoc County",3,17,1124,606,518
050,55,071,"Wisconsin","Manitowoc County",3,18,900,493,407
050,55,071,"Wisconsin","Manitowoc County",3,19,720,387,333
050,55,071,"Wisconsin","Manitowoc County",3,20,785,408,377
050,55,071,"Wisconsin","Manitowoc County",3,21,824,419,405
050,55,071,"Wisconsin","Manitowoc County",3,22,845,433,412
050,55,071,"Wisconsin","Manitowoc County",3,23,855,446,409
050,55,071,"Wisconsin","Manitowoc County",3,24,840,409,431
050,55,071,"Wisconsin","Manitowoc County",3,25,824,398,426
050,55,071,"Wisconsin","Manitowoc County",3,26,829,405,424
050,55,071,"Wisconsin","Manitowoc County",3,27,897,455,442
050,55,071,"Wisconsin","Manitowoc County",3,28,914,468,446
050,55,071,"Wisconsin","Manitowoc County",3,29,911,466,445
050,55,071,"Wisconsin","Manitowoc County",3,30,865,441,424
050,55,071,"Wisconsin","Manitowoc County",3,31,823,445,378
050,55,071,"Wisconsin","Manitowoc County",3,32,812,416,396
050,55,071,"Wisconsin","Manitowoc County",3,33,819,415,404
050,55,071,"Wisconsin","Manitowoc County",3,34,823,429,394
050,55,071,"Wisconsin","Manitowoc County",3,35,889,456,433
050,55,071,"Wisconsin","Manitowoc County",3,36,947,484,463
050,55,071,"Wisconsin","Manitowoc County",3,37,912,462,450
050,55,071,"Wisconsin","Manitowoc County",3,38,983,513,470
050,55,071,"Wisconsin","Manitowoc County",3,39,1002,520,482
050,55,071,"Wisconsin","Manitowoc County",3,40,966,504,462
050,55,071,"Wisconsin","Manitowoc County",3,41,951,489,462
050,55,071,"Wisconsin","Manitowoc County",3,42,941,493,448
050,55,071,"Wisconsin","Manitowoc County",3,43,990,540,450
050,55,071,"Wisconsin","Manitowoc County",3,44,935,491,444
050,55,071,"Wisconsin","Manitowoc County",3,45,912,470,442
050,55,071,"Wisconsin","Manitowoc County",3,46,904,458,446
050,55,071,"Wisconsin","Manitowoc County",3,47,876,450,426
050,55,071,"Wisconsin","Manitowoc County",3,48,883,451,432
050,55,071,"Wisconsin","Manitowoc County",3,49,931,472,459
050,55,071,"Wisconsin","Manitowoc County",3,50,1048,531,517
050,55,071,"Wisconsin","Manitowoc County",3,51,1076,560,516
050,55,071,"Wisconsin","Manitowoc County",3,52,1096,575,521
050,55,071,"Wisconsin","Manitowoc County",3,53,1094,573,521
050,55,071,"Wisconsin","Manitowoc County",3,54,1171,598,573
050,55,071,"Wisconsin","Manitowoc County",3,55,1192,602,590
050,55,071,"Wisconsin","Manitowoc County",3,56,1253,633,620
050,55,071,"Wisconsin","Manitowoc County",3,57,1292,669,623
050,55,071,"Wisconsin","Manitowoc County",3,58,1361,698,663
050,55,071,"Wisconsin","Manitowoc County",3,59,1350,664,686
050,55,071,"Wisconsin","Manitowoc County",3,60,1332,671,661
050,55,071,"Wisconsin","Manitowoc County",3,61,1349,707,642
050,55,071,"Wisconsin","Manitowoc County",3,62,1333,688,645
050,55,071,"Wisconsin","Manitowoc County",3,63,1335,667,668
050,55,071,"Wisconsin","Manitowoc County",3,64,1304,657,647
050,55,071,"Wisconsin","Manitowoc County",3,65,1263,641,622
050,55,071,"Wisconsin","Manitowoc County",3,66,1261,624,637
050,55,071,"Wisconsin","Manitowoc County",3,67,1215,616,599
050,55,071,"Wisconsin","Manitowoc County",3,68,1165,606,559
050,55,071,"Wisconsin","Manitowoc County",3,69,1133,588,545
050,55,071,"Wisconsin","Manitowoc County",3,70,1034,513,521
050,55,071,"Wisconsin","Manitowoc County",3,71,959,468,491
050,55,071,"Wisconsin","Manitowoc County",3,72,885,432,453
050,55,071,"Wisconsin","Manitowoc County",3,73,830,401,429
050,55,071,"Wisconsin","Manitowoc County",3,74,906,463,443
050,55,071,"Wisconsin","Manitowoc County",3,75,639,317,322
050,55,071,"Wisconsin","Manitowoc County",3,76,596,284,312
050,55,071,"Wisconsin","Manitowoc County",3,77,600,278,322
050,55,071,"Wisconsin","Manitowoc County",3,78,641,283,358
050,55,071,"Wisconsin","Manitowoc County",3,79,551,250,301
050,55,071,"Wisconsin","Manitowoc County",3,80,497,228,269
050,55,071,"Wisconsin","Manitowoc County",3,81,447,209,238
050,55,071,"Wisconsin","Manitowoc County",3,82,420,177,243
050,55,071,"Wisconsin","Manitowoc County",3,83,367,158,209
050,55,071,"Wisconsin","Manitowoc County",3,84,326,136,190
050,55,071,"Wisconsin","Manitowoc County",3,85,2050,654,1396
050,55,071,"Wisconsin","Manitowoc County",4,0,723,394,329
050,55,071,"Wisconsin","Manitowoc County",4,1,752,403,349
050,55,071,"Wisconsin","Manitowoc County",4,2,818,423,395
050,55,071,"Wisconsin","Manitowoc County",4,3,838,416,422
050,55,071,"Wisconsin","Manitowoc County",4,4,827,419,408
050,55,071,"Wisconsin","Manitowoc County",4,5,873,452,421
050,55,071,"Wisconsin","Manitowoc County",4,6,879,458,421
050,55,071,"Wisconsin","Manitowoc County",4,7,908,458,450
050,55,071,"Wisconsin","Manitowoc County",4,8,910,469,441
050,55,071,"Wisconsin","Manitowoc County",4,9,899,457,442
050,55,071,"Wisconsin","Manitowoc County",4,10,899,474,425
050,55,071,"Wisconsin","Manitowoc County",4,11,913,495,418
050,55,071,"Wisconsin","Manitowoc County",4,12,920,482,438
050,55,071,"Wisconsin","Manitowoc County",4,13,992,496,496
050,55,071,"Wisconsin","Manitowoc County",4,14,1089,556,533
050,55,071,"Wisconsin","Manitowoc County",4,15,1088,590,498
050,55,071,"Wisconsin","Manitowoc County",4,16,1074,581,493
050,55,071,"Wisconsin","Manitowoc County",4,17,1073,565,508
050,55,071,"Wisconsin","Manitowoc County",4,18,893,479,414
050,55,071,"Wisconsin","Manitowoc County",4,19,713,378,335
050,55,071,"Wisconsin","Manitowoc County",4,20,773,401,372
050,55,071,"Wisconsin","Manitowoc County",4,21,806,422,384
050,55,071,"Wisconsin","Manitowoc County",4,22,827,415,412
050,55,071,"Wisconsin","Manitowoc County",4,23,859,456,403
050,55,071,"Wisconsin","Manitowoc County",4,24,835,436,399
050,55,071,"Wisconsin","Manitowoc County",4,25,841,407,434
050,55,071,"Wisconsin","Manitowoc County",4,26,776,381,395
050,55,071,"Wisconsin","Manitowoc County",4,27,842,404,438
050,55,071,"Wisconsin","Manitowoc County",4,28,916,466,450
050,55,071,"Wisconsin","Manitowoc County",4,29,920,465,455
050,55,071,"Wisconsin","Manitowoc County",4,30,923,480,443
050,55,071,"Wisconsin","Manitowoc County",4,31,901,465,436
050,55,071,"Wisconsin","Manitowoc County",4,32,828,440,388
050,55,071,"Wisconsin","Manitowoc County",4,33,827,425,402
050,55,071,"Wisconsin","Manitowoc County",4,34,831,425,406
050,55,071,"Wisconsin","Manitowoc County",4,35,842,440,402
050,55,071,"Wisconsin","Manitowoc County",4,36,897,466,431
050,55,071,"Wisconsin","Manitowoc County",4,37,970,505,465
050,55,071,"Wisconsin","Manitowoc County",4,38,918,466,452
050,55,071,"Wisconsin","Manitowoc County",4,39,992,516,476
050,55,071,"Wisconsin","Manitowoc County",4,40,1008,521,487
050,55,071,"Wisconsin","Manitowoc County",4,41,967,507,460
050,55,071,"Wisconsin","Manitowoc County",4,42,964,499,465
050,55,071,"Wisconsin","Manitowoc County",4,43,953,507,446
050,55,071,"Wisconsin","Manitowoc County",4,44,984,532,452
050,55,071,"Wisconsin","Manitowoc County",4,45,935,500,435
050,55,071,"Wisconsin","Manitowoc County",4,46,909,459,450
050,55,071,"Wisconsin","Manitowoc County",4,47,891,451,440
050,55,071,"Wisconsin","Manitowoc County",4,48,883,448,435
050,55,071,"Wisconsin","Manitowoc County",4,49,891,456,435
050,55,071,"Wisconsin","Manitowoc County",4,50,918,468,450
050,55,071,"Wisconsin","Manitowoc County",4,51,1056,529,527
050,55,071,"Wisconsin","Manitowoc County",4,52,1075,554,521
050,55,071,"Wisconsin","Manitowoc County",4,53,1091,573,518
050,55,071,"Wisconsin","Manitowoc County",4,54,1099,583,516
050,55,071,"Wisconsin","Manitowoc County",4,55,1169,586,583
050,55,071,"Wisconsin","Manitowoc County",4,56,1186,602,584
050,55,071,"Wisconsin","Manitowoc County",4,57,1226,615,611
050,55,071,"Wisconsin","Manitowoc County",4,58,1297,670,627
050,55,071,"Wisconsin","Manitowoc County",4,59,1360,699,661
050,55,071,"Wisconsin","Manitowoc County",4,60,1349,661,688
050,55,071,"Wisconsin","Manitowoc County",4,61,1337,677,660
050,55,071,"Wisconsin","Manitowoc County",4,62,1336,702,634
050,55,071,"Wisconsin","Manitowoc County",4,63,1314,669,645
050,55,071,"Wisconsin","Manitowoc County",4,64,1327,666,661
050,55,071,"Wisconsin","Manitowoc County",4,65,1288,644,644
050,55,071,"Wisconsin","Manitowoc County",4,66,1248,631,617
050,55,071,"Wisconsin","Manitowoc County",4,67,1244,616,628
050,55,071,"Wisconsin","Manitowoc County",4,68,1196,602,594
050,55,071,"Wisconsin","Manitowoc County",4,69,1139,597,542
050,55,071,"Wisconsin","Manitowoc County",4,70,1125,583,542
050,55,071,"Wisconsin","Manitowoc County",4,71,1014,503,511
050,55,071,"Wisconsin","Manitowoc County",4,72,936,455,481
050,55,071,"Wisconsin","Manitowoc County",4,73,867,424,443
050,55,071,"Wisconsin","Manitowoc County",4,74,805,383,422
050,55,071,"Wisconsin","Manitowoc County",4,75,894,456,438
050,55,071,"Wisconsin","Manitowoc County",4,76,608,299,309
050,55,071,"Wisconsin","Manitowoc County",4,77,583,277,306
050,55,071,"Wisconsin","Manitowoc County",4,78,575,258,317
050,55,071,"Wisconsin","Manitowoc County",4,79,608,269,339
050,55,071,"Wisconsin","Manitowoc County",4,80,518,227,291
050,55,071,"Wisconsin","Manitowoc County",4,81,459,209,250
050,55,071,"Wisconsin","Manitowoc County",4,82,430,197,233
050,55,071,"Wisconsin","Manitowoc County",4,83,378,160,218
050,55,071,"Wisconsin","Manitowoc County",4,84,348,146,202
050,55,071,"Wisconsin","Manitowoc County",4,85,2005,642,1363
050,55,071,"Wisconsin","Manitowoc County",5,0,718,391,327
050,55,071,"Wisconsin","Manitowoc County",5,1,741,395,346
050,55,071,"Wisconsin","Manitowoc County",5,2,738,388,350
050,55,071,"Wisconsin","Manitowoc County",5,3,832,425,407
050,55,071,"Wisconsin","Manitowoc County",5,4,844,428,416
050,55,071,"Wisconsin","Manitowoc County",5,5,823,422,401
050,55,071,"Wisconsin","Manitowoc County",5,6,865,445,420
050,55,071,"Wisconsin","Manitowoc County",5,7,885,471,414
050,55,071,"Wisconsin","Manitowoc County",5,8,902,452,450
050,55,071,"Wisconsin","Manitowoc County",5,9,904,472,432
050,55,071,"Wisconsin","Manitowoc County",5,10,899,457,442
050,55,071,"Wisconsin","Manitowoc County",5,11,913,485,428
050,55,071,"Wisconsin","Manitowoc County",5,12,920,490,430
050,55,071,"Wisconsin","Manitowoc County",5,13,938,500,438
050,55,071,"Wisconsin","Manitowoc County",5,14,1012,504,508
050,55,071,"Wisconsin","Manitowoc County",5,15,1117,585,532
050,55,071,"Wisconsin","Manitowoc County",5,16,1119,604,515
050,55,071,"Wisconsin","Manitowoc County",5,17,1080,572,508
050,55,071,"Wisconsin","Manitowoc County",5,18,873,458,415
050,55,071,"Wisconsin","Manitowoc County",5,19,726,384,342
050,55,071,"Wisconsin","Manitowoc County",5,20,793,413,380
050,55,071,"Wisconsin","Manitowoc County",5,21,831,438,393
050,55,071,"Wisconsin","Manitowoc County",5,22,867,450,417
050,55,071,"Wisconsin","Manitowoc County",5,23,841,436,405
050,55,071,"Wisconsin","Manitowoc County",5,24,858,453,405
050,55,071,"Wisconsin","Manitowoc County",5,25,834,442,392
050,55,071,"Wisconsin","Manitowoc County",5,26,837,410,427
050,55,071,"Wisconsin","Manitowoc County",5,27,800,396,404
050,55,071,"Wisconsin","Manitowoc County",5,28,859,409,450
050,55,071,"Wisconsin","Manitowoc County",5,29,950,462,488
050,55,071,"Wisconsin","Manitowoc County",5,30,940,486,454
050,55,071,"Wisconsin","Manitowoc County",5,31,928,476,452
050,55,071,"Wisconsin","Manitowoc County",5,32,908,472,436
050,55,071,"Wisconsin","Manitowoc County",5,33,831,433,398
050,55,071,"Wisconsin","Manitowoc County",5,34,817,433,384
050,55,071,"Wisconsin","Manitowoc County",5,35,827,418,409
050,55,071,"Wisconsin","Manitowoc County",5,36,835,432,403
050,55,071,"Wisconsin","Manitowoc County",5,37,902,460,442
050,55,071,"Wisconsin","Manitowoc County",5,38,973,510,463
050,55,071,"Wisconsin","Manitowoc County",5,39,933,474,459
050,55,071,"Wisconsin","Manitowoc County",5,40,994,516,478
050,55,071,"Wisconsin","Manitowoc County",5,41,1028,530,498
050,55,071,"Wisconsin","Manitowoc County",5,42,977,506,471
050,55,071,"Wisconsin","Manitowoc County",5,43,955,495,460
050,55,071,"Wisconsin","Manitowoc County",5,44,939,491,448
050,55,071,"Wisconsin","Manitowoc County",5,45,977,533,444
050,55,071,"Wisconsin","Manitowoc County",5,46,941,493,448
050,55,071,"Wisconsin","Manitowoc County",5,47,919,463,456
050,55,071,"Wisconsin","Manitowoc County",5,48,902,455,447
050,55,071,"Wisconsin","Manitowoc County",5,49,900,448,452
050,55,071,"Wisconsin","Manitowoc County",5,50,899,467,432
050,55,071,"Wisconsin","Manitowoc County",5,51,926,473,453
050,55,071,"Wisconsin","Manitowoc County",5,52,1051,524,527
050,55,071,"Wisconsin","Manitowoc County",5,53,1070,553,517
050,55,071,"Wisconsin","Manitowoc County",5,54,1097,577,520
050,55,071,"Wisconsin","Manitowoc County",5,55,1097,578,519
050,55,071,"Wisconsin","Manitowoc County",5,56,1176,588,588
050,55,071,"Wisconsin","Manitowoc County",5,57,1173,596,577
050,55,071,"Wisconsin","Manitowoc County",5,58,1235,615,620
050,55,071,"Wisconsin","Manitowoc County",5,59,1284,660,624
050,55,071,"Wisconsin","Manitowoc County",5,60,1351,688,663
050,55,071,"Wisconsin","Manitowoc County",5,61,1353,668,685
050,55,071,"Wisconsin","Manitowoc County",5,62,1344,679,665
050,55,071,"Wisconsin","Manitowoc County",5,63,1338,700,638
050,55,071,"Wisconsin","Manitowoc County",5,64,1324,667,657
050,55,071,"Wisconsin","Manitowoc County",5,65,1320,662,658
050,55,071,"Wisconsin","Manitowoc County",5,66,1275,638,637
050,55,071,"Wisconsin","Manitowoc County",5,67,1246,625,621
050,55,071,"Wisconsin","Manitowoc County",5,68,1233,608,625
050,55,071,"Wisconsin","Manitowoc County",5,69,1172,590,582
050,55,071,"Wisconsin","Manitowoc County",5,70,1118,581,537
050,55,071,"Wisconsin","Manitowoc County",5,71,1107,570,537
050,55,071,"Wisconsin","Manitowoc County",5,72,988,489,499
050,55,071,"Wisconsin","Manitowoc County",5,73,920,451,469
050,55,071,"Wisconsin","Manitowoc County",5,74,834,407,427
050,55,071,"Wisconsin","Manitowoc County",5,75,789,370,419
050,55,071,"Wisconsin","Manitowoc County",5,76,853,435,418
050,55,071,"Wisconsin","Manitowoc County",5,77,604,300,304
050,55,071,"Wisconsin","Manitowoc County",5,78,574,264,310
050,55,071,"Wisconsin","Manitowoc County",5,79,541,245,296
050,55,071,"Wisconsin","Manitowoc County",5,80,581,246,335
050,55,071,"Wisconsin","Manitowoc County",5,81,475,205,270
050,55,071,"Wisconsin","Manitowoc County",5,82,437,190,247
050,55,071,"Wisconsin","Manitowoc County",5,83,398,186,212
050,55,071,"Wisconsin","Manitowoc County",5,84,364,154,210
050,55,071,"Wisconsin","Manitowoc County",5,85,2039,655,1384
050,55,073,"Wisconsin","Marathon County",1,0,1539,788,751
050,55,073,"Wisconsin","Marathon County",1,1,1554,795,759
050,55,073,"Wisconsin","Marathon County",1,2,1568,802,766
050,55,073,"Wisconsin","Marathon County",1,3,1657,850,807
050,55,073,"Wisconsin","Marathon County",1,4,1648,865,783
050,55,073,"Wisconsin","Marathon County",1,5,1683,870,813
050,55,073,"Wisconsin","Marathon County",1,6,1674,848,826
050,55,073,"Wisconsin","Marathon County",1,7,1644,854,790
050,55,073,"Wisconsin","Marathon County",1,8,1718,892,826
050,55,073,"Wisconsin","Marathon County",1,9,1768,873,895
050,55,073,"Wisconsin","Marathon County",1,10,1854,949,905
050,55,073,"Wisconsin","Marathon County",1,11,1899,977,922
050,55,073,"Wisconsin","Marathon County",1,12,2002,1027,975
050,55,073,"Wisconsin","Marathon County",1,13,1987,1012,975
050,55,073,"Wisconsin","Marathon County",1,14,1896,955,941
050,55,073,"Wisconsin","Marathon County",1,15,1848,961,887
050,55,073,"Wisconsin","Marathon County",1,16,1914,1003,911
050,55,073,"Wisconsin","Marathon County",1,17,1862,962,900
050,55,073,"Wisconsin","Marathon County",1,18,1542,807,735
050,55,073,"Wisconsin","Marathon County",1,19,1298,689,609
050,55,073,"Wisconsin","Marathon County",1,20,1359,721,638
050,55,073,"Wisconsin","Marathon County",1,21,1403,749,654
050,55,073,"Wisconsin","Marathon County",1,22,1478,743,735
050,55,073,"Wisconsin","Marathon County",1,23,1583,813,770
050,55,073,"Wisconsin","Marathon County",1,24,1529,802,727
050,55,073,"Wisconsin","Marathon County",1,25,1586,796,790
050,55,073,"Wisconsin","Marathon County",1,26,1663,839,824
050,55,073,"Wisconsin","Marathon County",1,27,1749,898,851
050,55,073,"Wisconsin","Marathon County",1,28,1732,878,854
050,55,073,"Wisconsin","Marathon County",1,29,1735,899,836
050,55,073,"Wisconsin","Marathon County",1,30,1597,817,780
050,55,073,"Wisconsin","Marathon County",1,31,1558,803,755
050,55,073,"Wisconsin","Marathon County",1,32,1510,759,751
050,55,073,"Wisconsin","Marathon County",1,33,1564,814,750
050,55,073,"Wisconsin","Marathon County",1,34,1738,892,846
050,55,073,"Wisconsin","Marathon County",1,35,1757,901,856
050,55,073,"Wisconsin","Marathon County",1,36,1775,900,875
050,55,073,"Wisconsin","Marathon County",1,37,1869,939,930
050,55,073,"Wisconsin","Marathon County",1,38,1792,906,886
050,55,073,"Wisconsin","Marathon County",1,39,1762,905,857
050,55,073,"Wisconsin","Marathon County",1,40,1775,906,869
050,55,073,"Wisconsin","Marathon County",1,41,1675,857,818
050,55,073,"Wisconsin","Marathon County",1,42,1659,847,812
050,55,073,"Wisconsin","Marathon County",1,43,1668,869,799
050,55,073,"Wisconsin","Marathon County",1,44,1606,845,761
050,55,073,"Wisconsin","Marathon County",1,45,1597,832,765
050,55,073,"Wisconsin","Marathon County",1,46,1573,830,743
050,55,073,"Wisconsin","Marathon County",1,47,1589,808,781
050,55,073,"Wisconsin","Marathon County",1,48,1692,866,826
050,55,073,"Wisconsin","Marathon County",1,49,1824,947,877
050,55,073,"Wisconsin","Marathon County",1,50,1797,918,879
050,55,073,"Wisconsin","Marathon County",1,51,1785,901,884
050,55,073,"Wisconsin","Marathon County",1,52,1813,930,883
050,55,073,"Wisconsin","Marathon County",1,53,1870,939,931
050,55,073,"Wisconsin","Marathon County",1,54,1933,970,963
050,55,073,"Wisconsin","Marathon County",1,55,1976,1021,955
050,55,073,"Wisconsin","Marathon County",1,56,2052,1072,980
050,55,073,"Wisconsin","Marathon County",1,57,2027,1018,1009
050,55,073,"Wisconsin","Marathon County",1,58,2104,1072,1032
050,55,073,"Wisconsin","Marathon County",1,59,2147,1092,1055
050,55,073,"Wisconsin","Marathon County",1,60,2072,1053,1019
050,55,073,"Wisconsin","Marathon County",1,61,2002,1014,988
050,55,073,"Wisconsin","Marathon County",1,62,1957,1005,952
050,55,073,"Wisconsin","Marathon County",1,63,1905,981,924
050,55,073,"Wisconsin","Marathon County",1,64,1865,966,899
050,55,073,"Wisconsin","Marathon County",1,65,1738,907,831
050,55,073,"Wisconsin","Marathon County",1,66,1676,858,818
050,55,073,"Wisconsin","Marathon County",1,67,1692,859,833
050,55,073,"Wisconsin","Marathon County",1,68,1634,812,822
050,55,073,"Wisconsin","Marathon County",1,69,1461,718,743
050,55,073,"Wisconsin","Marathon County",1,70,1385,653,732
050,55,073,"Wisconsin","Marathon County",1,71,1355,661,694
050,55,073,"Wisconsin","Marathon County",1,72,1287,641,646
050,55,073,"Wisconsin","Marathon County",1,73,1285,629,656
050,55,073,"Wisconsin","Marathon County",1,74,936,440,496
050,55,073,"Wisconsin","Marathon County",1,75,967,470,497
050,55,073,"Wisconsin","Marathon County",1,76,984,479,505
050,55,073,"Wisconsin","Marathon County",1,77,953,435,518
050,55,073,"Wisconsin","Marathon County",1,78,803,376,427
050,55,073,"Wisconsin","Marathon County",1,79,729,343,386
050,55,073,"Wisconsin","Marathon County",1,80,646,292,354
050,55,073,"Wisconsin","Marathon County",1,81,663,302,361
050,55,073,"Wisconsin","Marathon County",1,82,606,253,353
050,55,073,"Wisconsin","Marathon County",1,83,539,237,302
050,55,073,"Wisconsin","Marathon County",1,84,498,226,272
050,55,073,"Wisconsin","Marathon County",1,85,2932,1028,1904
050,55,073,"Wisconsin","Marathon County",2,0,1522,796,726
050,55,073,"Wisconsin","Marathon County",2,1,1548,793,755
050,55,073,"Wisconsin","Marathon County",2,2,1573,807,766
050,55,073,"Wisconsin","Marathon County",2,3,1633,840,793
050,55,073,"Wisconsin","Marathon County",2,4,1656,861,795
050,55,073,"Wisconsin","Marathon County",2,5,1678,870,808
050,55,073,"Wisconsin","Marathon County",2,6,1678,854,824
050,55,073,"Wisconsin","Marathon County",2,7,1650,851,799
050,55,073,"Wisconsin","Marathon County",2,8,1690,876,814
050,55,073,"Wisconsin","Marathon County",2,9,1755,878,877
050,55,073,"Wisconsin","Marathon County",2,10,1833,932,901
050,55,073,"Wisconsin","Marathon County",2,11,1881,965,916
050,55,073,"Wisconsin","Marathon County",2,12,1985,1017,968
050,55,073,"Wisconsin","Marathon County",2,13,1986,1011,975
050,55,073,"Wisconsin","Marathon County",2,14,1915,968,947
050,55,073,"Wisconsin","Marathon County",2,15,1862,960,902
050,55,073,"Wisconsin","Marathon County",2,16,1897,996,901
050,55,073,"Wisconsin","Marathon County",2,17,1878,975,903
050,55,073,"Wisconsin","Marathon County",2,18,1547,812,735
050,55,073,"Wisconsin","Marathon County",2,19,1289,683,606
050,55,073,"Wisconsin","Marathon County",2,20,1379,728,651
050,55,073,"Wisconsin","Marathon County",2,21,1408,747,661
050,55,073,"Wisconsin","Marathon County",2,22,1478,752,726
050,55,073,"Wisconsin","Marathon County",2,23,1567,802,765
050,55,073,"Wisconsin","Marathon County",2,24,1555,812,743
050,55,073,"Wisconsin","Marathon County",2,25,1588,806,782
050,55,073,"Wisconsin","Marathon County",2,26,1656,833,823
050,55,073,"Wisconsin","Marathon County",2,27,1731,884,847
050,55,073,"Wisconsin","Marathon County",2,28,1742,888,854
050,55,073,"Wisconsin","Marathon County",2,29,1735,895,840
050,55,073,"Wisconsin","Marathon County",2,30,1642,842,800
050,55,073,"Wisconsin","Marathon County",2,31,1565,807,758
050,55,073,"Wisconsin","Marathon County",2,32,1522,771,751
050,55,073,"Wisconsin","Marathon County",2,33,1556,804,752
050,55,073,"Wisconsin","Marathon County",2,34,1700,871,829
050,55,073,"Wisconsin","Marathon County",2,35,1752,898,854
050,55,073,"Wisconsin","Marathon County",2,36,1765,896,869
050,55,073,"Wisconsin","Marathon County",2,37,1848,927,921
050,55,073,"Wisconsin","Marathon County",2,38,1809,914,895
050,55,073,"Wisconsin","Marathon County",2,39,1767,906,861
050,55,073,"Wisconsin","Marathon County",2,40,1780,909,871
050,55,073,"Wisconsin","Marathon County",2,41,1702,870,832
050,55,073,"Wisconsin","Marathon County",2,42,1657,847,810
050,55,073,"Wisconsin","Marathon County",2,43,1676,864,812
050,55,073,"Wisconsin","Marathon County",2,44,1603,841,762
050,55,073,"Wisconsin","Marathon County",2,45,1611,844,767
050,55,073,"Wisconsin","Marathon County",2,46,1578,829,749
050,55,073,"Wisconsin","Marathon County",2,47,1580,811,769
050,55,073,"Wisconsin","Marathon County",2,48,1664,852,812
050,55,073,"Wisconsin","Marathon County",2,49,1801,932,869
050,55,073,"Wisconsin","Marathon County",2,50,1807,928,879
050,55,073,"Wisconsin","Marathon County",2,51,1784,903,881
050,55,073,"Wisconsin","Marathon County",2,52,1805,921,884
050,55,073,"Wisconsin","Marathon County",2,53,1858,938,920
050,55,073,"Wisconsin","Marathon County",2,54,1912,960,952
050,55,073,"Wisconsin","Marathon County",2,55,1963,1006,957
050,55,073,"Wisconsin","Marathon County",2,56,2040,1065,975
050,55,073,"Wisconsin","Marathon County",2,57,2028,1030,998
050,55,073,"Wisconsin","Marathon County",2,58,2074,1053,1021
050,55,073,"Wisconsin","Marathon County",2,59,2143,1093,1050
050,55,073,"Wisconsin","Marathon County",2,60,2072,1052,1020
050,55,073,"Wisconsin","Marathon County",2,61,2007,1018,989
050,55,073,"Wisconsin","Marathon County",2,62,1966,1006,960
050,55,073,"Wisconsin","Marathon County",2,63,1928,992,936
050,55,073,"Wisconsin","Marathon County",2,64,1860,961,899
050,55,073,"Wisconsin","Marathon County",2,65,1763,918,845
050,55,073,"Wisconsin","Marathon County",2,66,1689,868,821
050,55,073,"Wisconsin","Marathon County",2,67,1676,854,822
050,55,073,"Wisconsin","Marathon County",2,68,1637,818,819
050,55,073,"Wisconsin","Marathon County",2,69,1510,745,765
050,55,073,"Wisconsin","Marathon County",2,70,1390,662,728
050,55,073,"Wisconsin","Marathon County",2,71,1359,655,704
050,55,073,"Wisconsin","Marathon County",2,72,1275,630,645
050,55,073,"Wisconsin","Marathon County",2,73,1346,663,683
050,55,073,"Wisconsin","Marathon County",2,74,949,449,500
050,55,073,"Wisconsin","Marathon County",2,75,960,462,498
050,55,073,"Wisconsin","Marathon County",2,76,960,471,489
050,55,073,"Wisconsin","Marathon County",2,77,979,449,530
050,55,073,"Wisconsin","Marathon County",2,78,818,379,439
050,55,073,"Wisconsin","Marathon County",2,79,740,350,390
050,55,073,"Wisconsin","Marathon County",2,80,661,302,359
050,55,073,"Wisconsin","Marathon County",2,81,645,295,350
050,55,073,"Wisconsin","Marathon County",2,82,615,264,351
050,55,073,"Wisconsin","Marathon County",2,83,546,237,309
050,55,073,"Wisconsin","Marathon County",2,84,497,226,271
050,55,073,"Wisconsin","Marathon County",2,85,2943,1032,1911
050,55,073,"Wisconsin","Marathon County",3,0,1396,729,667
050,55,073,"Wisconsin","Marathon County",3,1,1545,780,765
050,55,073,"Wisconsin","Marathon County",3,2,1547,797,750
050,55,073,"Wisconsin","Marathon County",3,3,1579,800,779
050,55,073,"Wisconsin","Marathon County",3,4,1640,831,809
050,55,073,"Wisconsin","Marathon County",3,5,1672,855,817
050,55,073,"Wisconsin","Marathon County",3,6,1666,862,804
050,55,073,"Wisconsin","Marathon County",3,7,1675,844,831
050,55,073,"Wisconsin","Marathon County",3,8,1621,841,780
050,55,073,"Wisconsin","Marathon County",3,9,1663,860,803
050,55,073,"Wisconsin","Marathon County",3,10,1765,885,880
050,55,073,"Wisconsin","Marathon County",3,11,1845,944,901
050,55,073,"Wisconsin","Marathon County",3,12,1876,956,920
050,55,073,"Wisconsin","Marathon County",3,13,2009,1028,981
050,55,073,"Wisconsin","Marathon County",3,14,2006,1030,976
050,55,073,"Wisconsin","Marathon County",3,15,1923,981,942
050,55,073,"Wisconsin","Marathon County",3,16,1868,963,905
050,55,073,"Wisconsin","Marathon County",3,17,1893,983,910
050,55,073,"Wisconsin","Marathon County",3,18,1600,856,744
050,55,073,"Wisconsin","Marathon County",3,19,1221,641,580
050,55,073,"Wisconsin","Marathon County",3,20,1388,736,652
050,55,073,"Wisconsin","Marathon County",3,21,1423,745,678
050,55,073,"Wisconsin","Marathon County",3,22,1484,775,709
050,55,073,"Wisconsin","Marathon County",3,23,1523,785,738
050,55,073,"Wisconsin","Marathon County",3,24,1573,822,751
050,55,073,"Wisconsin","Marathon County",3,25,1597,872,725
050,55,073,"Wisconsin","Marathon County",3,26,1655,823,832
050,55,073,"Wisconsin","Marathon County",3,27,1643,836,807
050,55,073,"Wisconsin","Marathon County",3,28,1732,891,841
050,55,073,"Wisconsin","Marathon County",3,29,1724,882,842
050,55,073,"Wisconsin","Marathon County",3,30,1739,886,853
050,55,073,"Wisconsin","Marathon County",3,31,1664,856,808
050,55,073,"Wisconsin","Marathon County",3,32,1573,814,759
050,55,073,"Wisconsin","Marathon County",3,33,1520,764,756
050,55,073,"Wisconsin","Marathon County",3,34,1598,815,783
050,55,073,"Wisconsin","Marathon County",3,35,1700,862,838
050,55,073,"Wisconsin","Marathon County",3,36,1754,906,848
050,55,073,"Wisconsin","Marathon County",3,37,1757,902,855
050,55,073,"Wisconsin","Marathon County",3,38,1854,940,914
050,55,073,"Wisconsin","Marathon County",3,39,1816,920,896
050,55,073,"Wisconsin","Marathon County",3,40,1762,895,867
050,55,073,"Wisconsin","Marathon County",3,41,1778,908,870
050,55,073,"Wisconsin","Marathon County",3,42,1700,879,821
050,55,073,"Wisconsin","Marathon County",3,43,1660,846,814
050,55,073,"Wisconsin","Marathon County",3,44,1630,837,793
050,55,073,"Wisconsin","Marathon County",3,45,1593,831,762
050,55,073,"Wisconsin","Marathon County",3,46,1593,834,759
050,55,073,"Wisconsin","Marathon County",3,47,1566,822,744
050,55,073,"Wisconsin","Marathon County",3,48,1585,820,765
050,55,073,"Wisconsin","Marathon County",3,49,1675,854,821
050,55,073,"Wisconsin","Marathon County",3,50,1795,932,863
050,55,073,"Wisconsin","Marathon County",3,51,1791,926,865
050,55,073,"Wisconsin","Marathon County",3,52,1790,912,878
050,55,073,"Wisconsin","Marathon County",3,53,1780,909,871
050,55,073,"Wisconsin","Marathon County",3,54,1835,925,910
050,55,073,"Wisconsin","Marathon County",3,55,1889,949,940
050,55,073,"Wisconsin","Marathon County",3,56,1950,992,958
050,55,073,"Wisconsin","Marathon County",3,57,1997,1042,955
050,55,073,"Wisconsin","Marathon County",3,58,2005,1020,985
050,55,073,"Wisconsin","Marathon County",3,59,2053,1035,1018
050,55,073,"Wisconsin","Marathon County",3,60,2110,1071,1039
050,55,073,"Wisconsin","Marathon County",3,61,2048,1027,1021
050,55,073,"Wisconsin","Marathon County",3,62,1987,1004,983
050,55,073,"Wisconsin","Marathon County",3,63,1918,993,925
050,55,073,"Wisconsin","Marathon County",3,64,1902,970,932
050,55,073,"Wisconsin","Marathon County",3,65,1832,949,883
050,55,073,"Wisconsin","Marathon County",3,66,1721,888,833
050,55,073,"Wisconsin","Marathon County",3,67,1657,849,808
050,55,073,"Wisconsin","Marathon County",3,68,1661,848,813
050,55,073,"Wisconsin","Marathon County",3,69,1586,788,798
050,55,073,"Wisconsin","Marathon County",3,70,1476,724,752
050,55,073,"Wisconsin","Marathon County",3,71,1372,656,716
050,55,073,"Wisconsin","Marathon County",3,72,1327,637,690
050,55,073,"Wisconsin","Marathon County",3,73,1243,615,628
050,55,073,"Wisconsin","Marathon County",3,74,1330,650,680
050,55,073,"Wisconsin","Marathon County",3,75,946,444,502
050,55,073,"Wisconsin","Marathon County",3,76,921,440,481
050,55,073,"Wisconsin","Marathon County",3,77,923,441,482
050,55,073,"Wisconsin","Marathon County",3,78,961,434,527
050,55,073,"Wisconsin","Marathon County",3,79,781,362,419
050,55,073,"Wisconsin","Marathon County",3,80,690,315,375
050,55,073,"Wisconsin","Marathon County",3,81,626,287,339
050,55,073,"Wisconsin","Marathon County",3,82,608,272,336
050,55,073,"Wisconsin","Marathon County",3,83,590,251,339
050,55,073,"Wisconsin","Marathon County",3,84,486,207,279
050,55,073,"Wisconsin","Marathon County",3,85,2899,1058,1841
050,55,073,"Wisconsin","Marathon County",4,0,1414,743,671
050,55,073,"Wisconsin","Marathon County",4,1,1432,739,693
050,55,073,"Wisconsin","Marathon County",4,2,1591,814,777
050,55,073,"Wisconsin","Marathon County",4,3,1572,805,767
050,55,073,"Wisconsin","Marathon County",4,4,1581,808,773
050,55,073,"Wisconsin","Marathon County",4,5,1661,845,816
050,55,073,"Wisconsin","Marathon County",4,6,1703,877,826
050,55,073,"Wisconsin","Marathon County",4,7,1669,856,813
050,55,073,"Wisconsin","Marathon County",4,8,1683,853,830
050,55,073,"Wisconsin","Marathon County",4,9,1656,856,800
050,55,073,"Wisconsin","Marathon County",4,10,1671,867,804
050,55,073,"Wisconsin","Marathon County",4,11,1776,880,896
050,55,073,"Wisconsin","Marathon County",4,12,1859,940,919
050,55,073,"Wisconsin","Marathon County",4,13,1887,974,913
050,55,073,"Wisconsin","Marathon County",4,14,2012,1030,982
050,55,073,"Wisconsin","Marathon County",4,15,2010,1030,980
050,55,073,"Wisconsin","Marathon County",4,16,1916,976,940
050,55,073,"Wisconsin","Marathon County",4,17,1876,973,903
050,55,073,"Wisconsin","Marathon County",4,18,1597,867,730
050,55,073,"Wisconsin","Marathon County",4,19,1240,661,579
050,55,073,"Wisconsin","Marathon County",4,20,1339,690,649
050,55,073,"Wisconsin","Marathon County",4,21,1445,768,677
050,55,073,"Wisconsin","Marathon County",4,22,1471,747,724
050,55,073,"Wisconsin","Marathon County",4,23,1535,798,737
050,55,073,"Wisconsin","Marathon County",4,24,1513,796,717
050,55,073,"Wisconsin","Marathon County",4,25,1597,823,774
050,55,073,"Wisconsin","Marathon County",4,26,1624,864,760
050,55,073,"Wisconsin","Marathon County",4,27,1690,841,849
050,55,073,"Wisconsin","Marathon County",4,28,1646,842,804
050,55,073,"Wisconsin","Marathon County",4,29,1733,886,847
050,55,073,"Wisconsin","Marathon County",4,30,1782,911,871
050,55,073,"Wisconsin","Marathon County",4,31,1777,920,857
050,55,073,"Wisconsin","Marathon County",4,32,1673,868,805
050,55,073,"Wisconsin","Marathon County",4,33,1611,814,797
050,55,073,"Wisconsin","Marathon County",4,34,1550,779,771
050,55,073,"Wisconsin","Marathon County",4,35,1618,831,787
050,55,073,"Wisconsin","Marathon County",4,36,1714,871,843
050,55,073,"Wisconsin","Marathon County",4,37,1765,903,862
050,55,073,"Wisconsin","Marathon County",4,38,1741,898,843
050,55,073,"Wisconsin","Marathon County",4,39,1856,947,909
050,55,073,"Wisconsin","Marathon County",4,40,1838,930,908
050,55,073,"Wisconsin","Marathon County",4,41,1778,905,873
050,55,073,"Wisconsin","Marathon County",4,42,1771,911,860
050,55,073,"Wisconsin","Marathon County",4,43,1701,866,835
050,55,073,"Wisconsin","Marathon County",4,44,1648,840,808
050,55,073,"Wisconsin","Marathon County",4,45,1636,844,792
050,55,073,"Wisconsin","Marathon County",4,46,1580,836,744
050,55,073,"Wisconsin","Marathon County",4,47,1595,841,754
050,55,073,"Wisconsin","Marathon County",4,48,1565,815,750
050,55,073,"Wisconsin","Marathon County",4,49,1569,802,767
050,55,073,"Wisconsin","Marathon County",4,50,1659,844,815
050,55,073,"Wisconsin","Marathon County",4,51,1797,929,868
050,55,073,"Wisconsin","Marathon County",4,52,1770,913,857
050,55,073,"Wisconsin","Marathon County",4,53,1785,901,884
050,55,073,"Wisconsin","Marathon County",4,54,1776,895,881
050,55,073,"Wisconsin","Marathon County",4,55,1831,915,916
050,55,073,"Wisconsin","Marathon County",4,56,1875,948,927
050,55,073,"Wisconsin","Marathon County",4,57,1915,973,942
050,55,073,"Wisconsin","Marathon County",4,58,1981,1033,948
050,55,073,"Wisconsin","Marathon County",4,59,1985,1001,984
050,55,073,"Wisconsin","Marathon County",4,60,2026,1017,1009
050,55,073,"Wisconsin","Marathon County",4,61,2075,1054,1021
050,55,073,"Wisconsin","Marathon County",4,62,2040,1030,1010
050,55,073,"Wisconsin","Marathon County",4,63,1932,985,947
050,55,073,"Wisconsin","Marathon County",4,64,1883,954,929
050,55,073,"Wisconsin","Marathon County",4,65,1882,951,931
050,55,073,"Wisconsin","Marathon County",4,66,1806,928,878
050,55,073,"Wisconsin","Marathon County",4,67,1708,879,829
050,55,073,"Wisconsin","Marathon County",4,68,1640,834,806
050,55,073,"Wisconsin","Marathon County",4,69,1618,820,798
050,55,073,"Wisconsin","Marathon County",4,70,1555,762,793
050,55,073,"Wisconsin","Marathon County",4,71,1458,720,738
050,55,073,"Wisconsin","Marathon County",4,72,1337,633,704
050,55,073,"Wisconsin","Marathon County",4,73,1298,628,670
050,55,073,"Wisconsin","Marathon County",4,74,1239,609,630
050,55,073,"Wisconsin","Marathon County",4,75,1300,630,670
050,55,073,"Wisconsin","Marathon County",4,76,918,436,482
050,55,073,"Wisconsin","Marathon County",4,77,891,417,474
050,55,073,"Wisconsin","Marathon County",4,78,905,427,478
050,55,073,"Wisconsin","Marathon County",4,79,914,412,502
050,55,073,"Wisconsin","Marathon County",4,80,741,330,411
050,55,073,"Wisconsin","Marathon County",4,81,656,302,354
050,55,073,"Wisconsin","Marathon County",4,82,594,270,324
050,55,073,"Wisconsin","Marathon County",4,83,576,252,324
050,55,073,"Wisconsin","Marathon County",4,84,530,218,312
050,55,073,"Wisconsin","Marathon County",4,85,2892,1065,1827
050,55,073,"Wisconsin","Marathon County",5,0,1423,747,676
050,55,073,"Wisconsin","Marathon County",5,1,1440,741,699
050,55,073,"Wisconsin","Marathon County",5,2,1470,761,709
050,55,073,"Wisconsin","Marathon County",5,3,1620,824,796
050,55,073,"Wisconsin","Marathon County",5,4,1594,826,768
050,55,073,"Wisconsin","Marathon County",5,5,1582,819,763
050,55,073,"Wisconsin","Marathon County",5,6,1720,876,844
050,55,073,"Wisconsin","Marathon County",5,7,1722,897,825
050,55,073,"Wisconsin","Marathon County",5,8,1707,881,826
050,55,073,"Wisconsin","Marathon County",5,9,1730,870,860
050,55,073,"Wisconsin","Marathon County",5,10,1691,874,817
050,55,073,"Wisconsin","Marathon County",5,11,1683,859,824
050,55,073,"Wisconsin","Marathon County",5,12,1810,887,923
050,55,073,"Wisconsin","Marathon County",5,13,1873,961,912
050,55,073,"Wisconsin","Marathon County",5,14,1906,984,922
050,55,073,"Wisconsin","Marathon County",5,15,2047,1043,1004
050,55,073,"Wisconsin","Marathon County",5,16,2025,1043,982
050,55,073,"Wisconsin","Marathon County",5,17,1937,990,947
050,55,073,"Wisconsin","Marathon County",5,18,1539,822,717
050,55,073,"Wisconsin","Marathon County",5,19,1231,664,567
050,55,073,"Wisconsin","Marathon County",5,20,1352,719,633
050,55,073,"Wisconsin","Marathon County",5,21,1428,736,692
050,55,073,"Wisconsin","Marathon County",5,22,1489,773,716
050,55,073,"Wisconsin","Marathon County",5,23,1516,758,758
050,55,073,"Wisconsin","Marathon County",5,24,1582,830,752
050,55,073,"Wisconsin","Marathon County",5,25,1556,806,750
050,55,073,"Wisconsin","Marathon County",5,26,1594,816,778
050,55,073,"Wisconsin","Marathon County",5,27,1630,869,761
050,55,073,"Wisconsin","Marathon County",5,28,1700,849,851
050,55,073,"Wisconsin","Marathon County",5,29,1682,866,816
050,55,073,"Wisconsin","Marathon County",5,30,1750,896,854
050,55,073,"Wisconsin","Marathon County",5,31,1781,900,881
050,55,073,"Wisconsin","Marathon County",5,32,1802,937,865
050,55,073,"Wisconsin","Marathon County",5,33,1698,886,812
050,55,073,"Wisconsin","Marathon County",5,34,1660,847,813
050,55,073,"Wisconsin","Marathon County",5,35,1560,791,769
050,55,073,"Wisconsin","Marathon County",5,36,1662,848,814
050,55,073,"Wisconsin","Marathon County",5,37,1738,872,866
050,55,073,"Wisconsin","Marathon County",5,38,1767,908,859
050,55,073,"Wisconsin","Marathon County",5,39,1757,897,860
050,55,073,"Wisconsin","Marathon County",5,40,1889,970,919
050,55,073,"Wisconsin","Marathon County",5,41,1841,934,907
050,55,073,"Wisconsin","Marathon County",5,42,1759,911,848
050,55,073,"Wisconsin","Marathon County",5,43,1774,899,875
050,55,073,"Wisconsin","Marathon County",5,44,1711,881,830
050,55,073,"Wisconsin","Marathon County",5,45,1656,844,812
050,55,073,"Wisconsin","Marathon County",5,46,1621,838,783
050,55,073,"Wisconsin","Marathon County",5,47,1572,828,744
050,55,073,"Wisconsin","Marathon County",5,48,1609,844,765
050,55,073,"Wisconsin","Marathon County",5,49,1558,806,752
050,55,073,"Wisconsin","Marathon County",5,50,1567,808,759
050,55,073,"Wisconsin","Marathon County",5,51,1662,839,823
050,55,073,"Wisconsin","Marathon County",5,52,1790,933,857
050,55,073,"Wisconsin","Marathon County",5,53,1779,903,876
050,55,073,"Wisconsin","Marathon County",5,54,1776,893,883
050,55,073,"Wisconsin","Marathon County",5,55,1753,881,872
050,55,073,"Wisconsin","Marathon County",5,56,1847,926,921
050,55,073,"Wisconsin","Marathon County",5,57,1872,943,929
050,55,073,"Wisconsin","Marathon County",5,58,1895,976,919
050,55,073,"Wisconsin","Marathon County",5,59,1957,1009,948
050,55,073,"Wisconsin","Marathon County",5,60,1977,995,982
050,55,073,"Wisconsin","Marathon County",5,61,2000,998,1002
050,55,073,"Wisconsin","Marathon County",5,62,2052,1042,1010
050,55,073,"Wisconsin","Marathon County",5,63,2003,1011,992
050,55,073,"Wisconsin","Marathon County",5,64,1936,980,956
050,55,073,"Wisconsin","Marathon County",5,65,1878,948,930
050,55,073,"Wisconsin","Marathon County",5,66,1858,932,926
050,55,073,"Wisconsin","Marathon County",5,67,1777,909,868
050,55,073,"Wisconsin","Marathon County",5,68,1682,862,820
050,55,073,"Wisconsin","Marathon County",5,69,1612,815,797
050,55,073,"Wisconsin","Marathon County",5,70,1594,811,783
050,55,073,"Wisconsin","Marathon County",5,71,1517,745,772
050,55,073,"Wisconsin","Marathon County",5,72,1425,695,730
050,55,073,"Wisconsin","Marathon County",5,73,1314,623,691
050,55,073,"Wisconsin","Marathon County",5,74,1296,628,668
050,55,073,"Wisconsin","Marathon County",5,75,1220,596,624
050,55,073,"Wisconsin","Marathon County",5,76,1264,614,650
050,55,073,"Wisconsin","Marathon County",5,77,887,413,474
050,55,073,"Wisconsin","Marathon County",5,78,872,402,470
050,55,073,"Wisconsin","Marathon County",5,79,866,408,458
050,55,073,"Wisconsin","Marathon County",5,80,871,374,497
050,55,073,"Wisconsin","Marathon County",5,81,712,315,397
050,55,073,"Wisconsin","Marathon County",5,82,626,284,342
050,55,073,"Wisconsin","Marathon County",5,83,569,256,313
050,55,073,"Wisconsin","Marathon County",5,84,521,220,301
050,55,073,"Wisconsin","Marathon County",5,85,2941,1083,1858
050,55,075,"Wisconsin","Marinette County",1,0,363,185,178
050,55,075,"Wisconsin","Marinette County",1,1,365,192,173
050,55,075,"Wisconsin","Marinette County",1,2,396,215,181
050,55,075,"Wisconsin","Marinette County",1,3,423,221,202
050,55,075,"Wisconsin","Marinette County",1,4,406,210,196
050,55,075,"Wisconsin","Marinette County",1,5,411,214,197
050,55,075,"Wisconsin","Marinette County",1,6,440,239,201
050,55,075,"Wisconsin","Marinette County",1,7,436,232,204
050,55,075,"Wisconsin","Marinette County",1,8,432,222,210
050,55,075,"Wisconsin","Marinette County",1,9,423,209,214
050,55,075,"Wisconsin","Marinette County",1,10,455,234,221
050,55,075,"Wisconsin","Marinette County",1,11,462,242,220
050,55,075,"Wisconsin","Marinette County",1,12,495,251,244
050,55,075,"Wisconsin","Marinette County",1,13,496,265,231
050,55,075,"Wisconsin","Marinette County",1,14,524,271,253
050,55,075,"Wisconsin","Marinette County",1,15,516,264,252
050,55,075,"Wisconsin","Marinette County",1,16,520,275,245
050,55,075,"Wisconsin","Marinette County",1,17,496,246,250
050,55,075,"Wisconsin","Marinette County",1,18,433,216,217
050,55,075,"Wisconsin","Marinette County",1,19,381,210,171
050,55,075,"Wisconsin","Marinette County",1,20,366,185,181
050,55,075,"Wisconsin","Marinette County",1,21,368,207,161
050,55,075,"Wisconsin","Marinette County",1,22,344,192,152
050,55,075,"Wisconsin","Marinette County",1,23,354,167,187
050,55,075,"Wisconsin","Marinette County",1,24,357,176,181
050,55,075,"Wisconsin","Marinette County",1,25,411,198,213
050,55,075,"Wisconsin","Marinette County",1,26,428,226,202
050,55,075,"Wisconsin","Marinette County",1,27,426,225,201
050,55,075,"Wisconsin","Marinette County",1,28,413,208,205
050,55,075,"Wisconsin","Marinette County",1,29,408,211,197
050,55,075,"Wisconsin","Marinette County",1,30,415,201,214
050,55,075,"Wisconsin","Marinette County",1,31,384,206,178
050,55,075,"Wisconsin","Marinette County",1,32,406,224,182
050,55,075,"Wisconsin","Marinette County",1,33,436,229,207
050,55,075,"Wisconsin","Marinette County",1,34,441,226,215
050,55,075,"Wisconsin","Marinette County",1,35,438,239,199
050,55,075,"Wisconsin","Marinette County",1,36,465,232,233
050,55,075,"Wisconsin","Marinette County",1,37,461,217,244
050,55,075,"Wisconsin","Marinette County",1,38,475,238,237
050,55,075,"Wisconsin","Marinette County",1,39,510,266,244
050,55,075,"Wisconsin","Marinette County",1,40,473,243,230
050,55,075,"Wisconsin","Marinette County",1,41,471,246,225
050,55,075,"Wisconsin","Marinette County",1,42,446,231,215
050,55,075,"Wisconsin","Marinette County",1,43,434,218,216
050,55,075,"Wisconsin","Marinette County",1,44,418,210,208
050,55,075,"Wisconsin","Marinette County",1,45,416,212,204
050,55,075,"Wisconsin","Marinette County",1,46,412,215,197
050,55,075,"Wisconsin","Marinette County",1,47,438,228,210
050,55,075,"Wisconsin","Marinette County",1,48,451,234,217
050,55,075,"Wisconsin","Marinette County",1,49,512,265,247
050,55,075,"Wisconsin","Marinette County",1,50,513,266,247
050,55,075,"Wisconsin","Marinette County",1,51,509,254,255
050,55,075,"Wisconsin","Marinette County",1,52,517,259,258
050,55,075,"Wisconsin","Marinette County",1,53,549,287,262
050,55,075,"Wisconsin","Marinette County",1,54,594,319,275
050,55,075,"Wisconsin","Marinette County",1,55,673,355,318
050,55,075,"Wisconsin","Marinette County",1,56,717,351,366
050,55,075,"Wisconsin","Marinette County",1,57,715,347,368
050,55,075,"Wisconsin","Marinette County",1,58,766,388,378
050,55,075,"Wisconsin","Marinette County",1,59,793,400,393
050,55,075,"Wisconsin","Marinette County",1,60,767,402,365
050,55,075,"Wisconsin","Marinette County",1,61,802,405,397
050,55,075,"Wisconsin","Marinette County",1,62,768,403,365
050,55,075,"Wisconsin","Marinette County",1,63,744,385,359
050,55,075,"Wisconsin","Marinette County",1,64,739,371,368
050,55,075,"Wisconsin","Marinette County",1,65,728,371,357
050,55,075,"Wisconsin","Marinette County",1,66,710,374,336
050,55,075,"Wisconsin","Marinette County",1,67,674,352,322
050,55,075,"Wisconsin","Marinette County",1,68,680,339,341
050,55,075,"Wisconsin","Marinette County",1,69,588,297,291
050,55,075,"Wisconsin","Marinette County",1,70,563,289,274
050,55,075,"Wisconsin","Marinette County",1,71,542,281,261
050,55,075,"Wisconsin","Marinette County",1,72,540,277,263
050,55,075,"Wisconsin","Marinette County",1,73,529,271,258
050,55,075,"Wisconsin","Marinette County",1,74,364,182,182
050,55,075,"Wisconsin","Marinette County",1,75,390,196,194
050,55,075,"Wisconsin","Marinette County",1,76,396,201,195
050,55,075,"Wisconsin","Marinette County",1,77,377,191,186
050,55,075,"Wisconsin","Marinette County",1,78,315,143,172
050,55,075,"Wisconsin","Marinette County",1,79,309,152,157
050,55,075,"Wisconsin","Marinette County",1,80,276,138,138
050,55,075,"Wisconsin","Marinette County",1,81,258,125,133
050,55,075,"Wisconsin","Marinette County",1,82,260,114,146
050,55,075,"Wisconsin","Marinette County",1,83,219,99,120
050,55,075,"Wisconsin","Marinette County",1,84,188,76,112
050,55,075,"Wisconsin","Marinette County",1,85,1152,399,753
050,55,075,"Wisconsin","Marinette County",2,0,374,197,177
050,55,075,"Wisconsin","Marinette County",2,1,363,190,173
050,55,075,"Wisconsin","Marinette County",2,2,390,210,180
050,55,075,"Wisconsin","Marinette County",2,3,417,221,196
050,55,075,"Wisconsin","Marinette County",2,4,416,216,200
050,55,075,"Wisconsin","Marinette County",2,5,411,214,197
050,55,075,"Wisconsin","Marinette County",2,6,432,232,200
050,55,075,"Wisconsin","Marinette County",2,7,440,236,204
050,55,075,"Wisconsin","Marinette County",2,8,433,223,210
050,55,075,"Wisconsin","Marinette County",2,9,424,211,213
050,55,075,"Wisconsin","Marinette County",2,10,446,227,219
050,55,075,"Wisconsin","Marinette County",2,11,459,240,219
050,55,075,"Wisconsin","Marinette County",2,12,491,252,239
050,55,075,"Wisconsin","Marinette County",2,13,503,264,239
050,55,075,"Wisconsin","Marinette County",2,14,519,270,249
050,55,075,"Wisconsin","Marinette County",2,15,518,267,251
050,55,075,"Wisconsin","Marinette County",2,16,522,274,248
050,55,075,"Wisconsin","Marinette County",2,17,509,257,252
050,55,075,"Wisconsin","Marinette County",2,18,428,215,213
050,55,075,"Wisconsin","Marinette County",2,19,374,203,171
050,55,075,"Wisconsin","Marinette County",2,20,374,192,182
050,55,075,"Wisconsin","Marinette County",2,21,368,203,165
050,55,075,"Wisconsin","Marinette County",2,22,351,194,157
050,55,075,"Wisconsin","Marinette County",2,23,352,173,179
050,55,075,"Wisconsin","Marinette County",2,24,360,174,186
050,55,075,"Wisconsin","Marinette County",2,25,402,197,205
050,55,075,"Wisconsin","Marinette County",2,26,427,221,206
050,55,075,"Wisconsin","Marinette County",2,27,425,223,202
050,55,075,"Wisconsin","Marinette County",2,28,422,215,207
050,55,075,"Wisconsin","Marinette County",2,29,414,210,204
050,55,075,"Wisconsin","Marinette County",2,30,423,210,213
050,55,075,"Wisconsin","Marinette County",2,31,389,205,184
050,55,075,"Wisconsin","Marinette County",2,32,398,219,179
050,55,075,"Wisconsin","Marinette County",2,33,427,227,200
050,55,075,"Wisconsin","Marinette County",2,34,441,229,212
050,55,075,"Wisconsin","Marinette County",2,35,444,238,206
050,55,075,"Wisconsin","Marinette County",2,36,457,233,224
050,55,075,"Wisconsin","Marinette County",2,37,461,222,239
050,55,075,"Wisconsin","Marinette County",2,38,476,235,241
050,55,075,"Wisconsin","Marinette County",2,39,507,261,246
050,55,075,"Wisconsin","Marinette County",2,40,488,250,238
050,55,075,"Wisconsin","Marinette County",2,41,474,248,226
050,55,075,"Wisconsin","Marinette County",2,42,450,234,216
050,55,075,"Wisconsin","Marinette County",2,43,445,224,221
050,55,075,"Wisconsin","Marinette County",2,44,417,209,208
050,55,075,"Wisconsin","Marinette County",2,45,420,212,208
050,55,075,"Wisconsin","Marinette County",2,46,412,214,198
050,55,075,"Wisconsin","Marinette County",2,47,429,223,206
050,55,075,"Wisconsin","Marinette County",2,48,449,236,213
050,55,075,"Wisconsin","Marinette County",2,49,500,259,241
050,55,075,"Wisconsin","Marinette County",2,50,510,264,246
050,55,075,"Wisconsin","Marinette County",2,51,506,254,252
050,55,075,"Wisconsin","Marinette County",2,52,517,260,257
050,55,075,"Wisconsin","Marinette County",2,53,541,282,259
050,55,075,"Wisconsin","Marinette County",2,54,583,312,271
050,55,075,"Wisconsin","Marinette County",2,55,657,347,310
050,55,075,"Wisconsin","Marinette County",2,56,710,356,354
050,55,075,"Wisconsin","Marinette County",2,57,712,345,367
050,55,075,"Wisconsin","Marinette County",2,58,753,379,374
050,55,075,"Wisconsin","Marinette County",2,59,787,396,391
050,55,075,"Wisconsin","Marinette County",2,60,775,401,374
050,55,075,"Wisconsin","Marinette County",2,61,796,404,392
050,55,075,"Wisconsin","Marinette County",2,62,770,400,370
050,55,075,"Wisconsin","Marinette County",2,63,758,395,363
050,55,075,"Wisconsin","Marinette County",2,64,740,376,364
050,55,075,"Wisconsin","Marinette County",2,65,732,372,360
050,55,075,"Wisconsin","Marinette County",2,66,714,373,341
050,55,075,"Wisconsin","Marinette County",2,67,680,356,324
050,55,075,"Wisconsin","Marinette County",2,68,671,338,333
050,55,075,"Wisconsin","Marinette County",2,69,615,307,308
050,55,075,"Wisconsin","Marinette County",2,70,564,288,276
050,55,075,"Wisconsin","Marinette County",2,71,547,284,263
050,55,075,"Wisconsin","Marinette County",2,72,527,269,258
050,55,075,"Wisconsin","Marinette County",2,73,552,282,270
050,55,075,"Wisconsin","Marinette County",2,74,376,188,188
050,55,075,"Wisconsin","Marinette County",2,75,379,190,189
050,55,075,"Wisconsin","Marinette County",2,76,381,192,189
050,55,075,"Wisconsin","Marinette County",2,77,386,195,191
050,55,075,"Wisconsin","Marinette County",2,78,321,150,171
050,55,075,"Wisconsin","Marinette County",2,79,308,148,160
050,55,075,"Wisconsin","Marinette County",2,80,280,138,142
050,55,075,"Wisconsin","Marinette County",2,81,255,123,132
050,55,075,"Wisconsin","Marinette County",2,82,259,116,143
050,55,075,"Wisconsin","Marinette County",2,83,221,98,123
050,55,075,"Wisconsin","Marinette County",2,84,185,75,110
050,55,075,"Wisconsin","Marinette County",2,85,1150,402,748
050,55,075,"Wisconsin","Marinette County",3,0,359,176,183
050,55,075,"Wisconsin","Marinette County",3,1,397,215,182
050,55,075,"Wisconsin","Marinette County",3,2,376,199,177
050,55,075,"Wisconsin","Marinette County",3,3,386,209,177
050,55,075,"Wisconsin","Marinette County",3,4,423,217,206
050,55,075,"Wisconsin","Marinette County",3,5,424,223,201
050,55,075,"Wisconsin","Marinette County",3,6,416,213,203
050,55,075,"Wisconsin","Marinette County",3,7,431,231,200
050,55,075,"Wisconsin","Marinette County",3,8,437,240,197
050,55,075,"Wisconsin","Marinette County",3,9,438,226,212
050,55,075,"Wisconsin","Marinette County",3,10,431,217,214
050,55,075,"Wisconsin","Marinette County",3,11,453,229,224
050,55,075,"Wisconsin","Marinette County",3,12,470,243,227
050,55,075,"Wisconsin","Marinette County",3,13,491,250,241
050,55,075,"Wisconsin","Marinette County",3,14,510,268,242
050,55,075,"Wisconsin","Marinette County",3,15,512,268,244
050,55,075,"Wisconsin","Marinette County",3,16,499,259,240
050,55,075,"Wisconsin","Marinette County",3,17,522,272,250
050,55,075,"Wisconsin","Marinette County",3,18,426,219,207
050,55,075,"Wisconsin","Marinette County",3,19,353,188,165
050,55,075,"Wisconsin","Marinette County",3,20,368,191,177
050,55,075,"Wisconsin","Marinette County",3,21,401,211,190
050,55,075,"Wisconsin","Marinette County",3,22,375,194,181
050,55,075,"Wisconsin","Marinette County",3,23,360,209,151
050,55,075,"Wisconsin","Marinette County",3,24,364,172,192
050,55,075,"Wisconsin","Marinette County",3,25,344,166,178
050,55,075,"Wisconsin","Marinette County",3,26,394,191,203
050,55,075,"Wisconsin","Marinette County",3,27,440,223,217
050,55,075,"Wisconsin","Marinette County",3,28,430,218,212
050,55,075,"Wisconsin","Marinette County",3,29,427,221,206
050,55,075,"Wisconsin","Marinette County",3,30,420,218,202
050,55,075,"Wisconsin","Marinette County",3,31,407,203,204
050,55,075,"Wisconsin","Marinette County",3,32,378,197,181
050,55,075,"Wisconsin","Marinette County",3,33,381,207,174
050,55,075,"Wisconsin","Marinette County",3,34,433,236,197
050,55,075,"Wisconsin","Marinette County",3,35,448,235,213
050,55,075,"Wisconsin","Marinette County",3,36,449,234,215
050,55,075,"Wisconsin","Marinette County",3,37,456,232,224
050,55,075,"Wisconsin","Marinette County",3,38,463,226,237
050,55,075,"Wisconsin","Marinette County",3,39,485,234,251
050,55,075,"Wisconsin","Marinette County",3,40,511,265,246
050,55,075,"Wisconsin","Marinette County",3,41,485,257,228
050,55,075,"Wisconsin","Marinette County",3,42,471,240,231
050,55,075,"Wisconsin","Marinette County",3,43,446,231,215
050,55,075,"Wisconsin","Marinette County",3,44,431,219,212
050,55,075,"Wisconsin","Marinette County",3,45,424,222,202
050,55,075,"Wisconsin","Marinette County",3,46,424,218,206
050,55,075,"Wisconsin","Marinette County",3,47,422,213,209
050,55,075,"Wisconsin","Marinette County",3,48,421,221,200
050,55,075,"Wisconsin","Marinette County",3,49,441,231,210
050,55,075,"Wisconsin","Marinette County",3,50,515,276,239
050,55,075,"Wisconsin","Marinette County",3,51,514,264,250
050,55,075,"Wisconsin","Marinette County",3,52,524,268,256
050,55,075,"Wisconsin","Marinette County",3,53,512,260,252
050,55,075,"Wisconsin","Marinette County",3,54,542,278,264
050,55,075,"Wisconsin","Marinette County",3,55,600,322,278
050,55,075,"Wisconsin","Marinette County",3,56,665,348,317
050,55,075,"Wisconsin","Marinette County",3,57,713,359,354
050,55,075,"Wisconsin","Marinette County",3,58,741,362,379
050,55,075,"Wisconsin","Marinette County",3,59,778,393,385
050,55,075,"Wisconsin","Marinette County",3,60,812,414,398
050,55,075,"Wisconsin","Marinette County",3,61,792,403,389
050,55,075,"Wisconsin","Marinette County",3,62,809,399,410
050,55,075,"Wisconsin","Marinette County",3,63,793,426,367
050,55,075,"Wisconsin","Marinette County",3,64,767,400,367
050,55,075,"Wisconsin","Marinette County",3,65,736,375,361
050,55,075,"Wisconsin","Marinette County",3,66,741,388,353
050,55,075,"Wisconsin","Marinette County",3,67,703,364,339
050,55,075,"Wisconsin","Marinette County",3,68,667,339,328
050,55,075,"Wisconsin","Marinette County",3,69,662,331,331
050,55,075,"Wisconsin","Marinette County",3,70,597,303,294
050,55,075,"Wisconsin","Marinette County",3,71,560,290,270
050,55,075,"Wisconsin","Marinette County",3,72,533,275,258
050,55,075,"Wisconsin","Marinette County",3,73,502,261,241
050,55,075,"Wisconsin","Marinette County",3,74,522,263,259
050,55,075,"Wisconsin","Marinette County",3,75,369,187,182
050,55,075,"Wisconsin","Marinette County",3,76,348,173,175
050,55,075,"Wisconsin","Marinette County",3,77,362,182,180
050,55,075,"Wisconsin","Marinette County",3,78,365,179,186
050,55,075,"Wisconsin","Marinette County",3,79,311,145,166
050,55,075,"Wisconsin","Marinette County",3,80,290,137,153
050,55,075,"Wisconsin","Marinette County",3,81,253,121,132
050,55,075,"Wisconsin","Marinette County",3,82,247,121,126
050,55,075,"Wisconsin","Marinette County",3,83,244,109,135
050,55,075,"Wisconsin","Marinette County",3,84,195,81,114
050,55,075,"Wisconsin","Marinette County",3,85,1121,394,727
050,55,075,"Wisconsin","Marinette County",4,0,355,180,175
050,55,075,"Wisconsin","Marinette County",4,1,380,182,198
050,55,075,"Wisconsin","Marinette County",4,2,406,221,185
050,55,075,"Wisconsin","Marinette County",4,3,386,193,193
050,55,075,"Wisconsin","Marinette County",4,4,393,214,179
050,55,075,"Wisconsin","Marinette County",4,5,434,228,206
050,55,075,"Wisconsin","Marinette County",4,6,418,218,200
050,55,075,"Wisconsin","Marinette County",4,7,419,223,196
050,55,075,"Wisconsin","Marinette County",4,8,453,245,208
050,55,075,"Wisconsin","Marinette County",4,9,438,233,205
050,55,075,"Wisconsin","Marinette County",4,10,435,229,206
050,55,075,"Wisconsin","Marinette County",4,11,420,212,208
050,55,075,"Wisconsin","Marinette County",4,12,459,233,226
050,55,075,"Wisconsin","Marinette County",4,13,470,241,229
050,55,075,"Wisconsin","Marinette County",4,14,500,255,245
050,55,075,"Wisconsin","Marinette County",4,15,518,272,246
050,55,075,"Wisconsin","Marinette County",4,16,522,275,247
050,55,075,"Wisconsin","Marinette County",4,17,508,265,243
050,55,075,"Wisconsin","Marinette County",4,18,439,238,201
050,55,075,"Wisconsin","Marinette County",4,19,335,183,152
050,55,075,"Wisconsin","Marinette County",4,20,347,176,171
050,55,075,"Wisconsin","Marinette County",4,21,395,207,188
050,55,075,"Wisconsin","Marinette County",4,22,392,208,184
050,55,075,"Wisconsin","Marinette County",4,23,371,188,183
050,55,075,"Wisconsin","Marinette County",4,24,366,208,158
050,55,075,"Wisconsin","Marinette County",4,25,362,174,188
050,55,075,"Wisconsin","Marinette County",4,26,364,167,197
050,55,075,"Wisconsin","Marinette County",4,27,400,202,198
050,55,075,"Wisconsin","Marinette County",4,28,431,212,219
050,55,075,"Wisconsin","Marinette County",4,29,411,204,207
050,55,075,"Wisconsin","Marinette County",4,30,429,232,197
050,55,075,"Wisconsin","Marinette County",4,31,414,215,199
050,55,075,"Wisconsin","Marinette County",4,32,408,194,214
050,55,075,"Wisconsin","Marinette County",4,33,389,209,180
050,55,075,"Wisconsin","Marinette County",4,34,394,220,174
050,55,075,"Wisconsin","Marinette County",4,35,448,240,208
050,55,075,"Wisconsin","Marinette County",4,36,461,241,220
050,55,075,"Wisconsin","Marinette County",4,37,460,241,219
050,55,075,"Wisconsin","Marinette County",4,38,452,225,227
050,55,075,"Wisconsin","Marinette County",4,39,471,226,245
050,55,075,"Wisconsin","Marinette County",4,40,489,237,252
050,55,075,"Wisconsin","Marinette County",4,41,525,273,252
050,55,075,"Wisconsin","Marinette County",4,42,487,258,229
050,55,075,"Wisconsin","Marinette County",4,43,481,249,232
050,55,075,"Wisconsin","Marinette County",4,44,441,235,206
050,55,075,"Wisconsin","Marinette County",4,45,436,215,221
050,55,075,"Wisconsin","Marinette County",4,46,441,236,205
050,55,075,"Wisconsin","Marinette County",4,47,410,209,201
050,55,075,"Wisconsin","Marinette County",4,48,419,217,202
050,55,075,"Wisconsin","Marinette County",4,49,412,217,195
050,55,075,"Wisconsin","Marinette County",4,50,460,240,220
050,55,075,"Wisconsin","Marinette County",4,51,527,277,250
050,55,075,"Wisconsin","Marinette County",4,52,514,264,250
050,55,075,"Wisconsin","Marinette County",4,53,525,268,257
050,55,075,"Wisconsin","Marinette County",4,54,523,265,258
050,55,075,"Wisconsin","Marinette County",4,55,558,279,279
050,55,075,"Wisconsin","Marinette County",4,56,626,338,288
050,55,075,"Wisconsin","Marinette County",4,57,674,346,328
050,55,075,"Wisconsin","Marinette County",4,58,738,376,362
050,55,075,"Wisconsin","Marinette County",4,59,755,369,386
050,55,075,"Wisconsin","Marinette County",4,60,821,419,402
050,55,075,"Wisconsin","Marinette County",4,61,842,437,405
050,55,075,"Wisconsin","Marinette County",4,62,807,410,397
050,55,075,"Wisconsin","Marinette County",4,63,836,415,421
050,55,075,"Wisconsin","Marinette County",4,64,802,430,372
050,55,075,"Wisconsin","Marinette County",4,65,778,401,377
050,55,075,"Wisconsin","Marinette County",4,66,734,378,356
050,55,075,"Wisconsin","Marinette County",4,67,725,375,350
050,55,075,"Wisconsin","Marinette County",4,68,687,355,332
050,55,075,"Wisconsin","Marinette County",4,69,651,325,326
050,55,075,"Wisconsin","Marinette County",4,70,652,331,321
050,55,075,"Wisconsin","Marinette County",4,71,589,296,293
050,55,075,"Wisconsin","Marinette County",4,72,548,281,267
050,55,075,"Wisconsin","Marinette County",4,73,514,269,245
050,55,075,"Wisconsin","Marinette County",4,74,478,247,231
050,55,075,"Wisconsin","Marinette County",4,75,510,255,255
050,55,075,"Wisconsin","Marinette County",4,76,346,174,172
050,55,075,"Wisconsin","Marinette County",4,77,334,168,166
050,55,075,"Wisconsin","Marinette County",4,78,339,168,171
050,55,075,"Wisconsin","Marinette County",4,79,347,176,171
050,55,075,"Wisconsin","Marinette County",4,80,280,128,152
050,55,075,"Wisconsin","Marinette County",4,81,263,122,141
050,55,075,"Wisconsin","Marinette County",4,82,242,117,125
050,55,075,"Wisconsin","Marinette County",4,83,231,114,117
050,55,075,"Wisconsin","Marinette County",4,84,212,84,128
050,55,075,"Wisconsin","Marinette County",4,85,1104,397,707
050,55,075,"Wisconsin","Marinette County",5,0,357,183,174
050,55,075,"Wisconsin","Marinette County",5,1,372,177,195
050,55,075,"Wisconsin","Marinette County",5,2,381,189,192
050,55,075,"Wisconsin","Marinette County",5,3,407,215,192
050,55,075,"Wisconsin","Marinette County",5,4,387,198,189
050,55,075,"Wisconsin","Marinette County",5,5,396,210,186
050,55,075,"Wisconsin","Marinette County",5,6,443,234,209
050,55,075,"Wisconsin","Marinette County",5,7,414,220,194
050,55,075,"Wisconsin","Marinette County",5,8,430,228,202
050,55,075,"Wisconsin","Marinette County",5,9,457,241,216
050,55,075,"Wisconsin","Marinette County",5,10,446,240,206
050,55,075,"Wisconsin","Marinette County",5,11,446,234,212
050,55,075,"Wisconsin","Marinette County",5,12,418,215,203
050,55,075,"Wisconsin","Marinette County",5,13,453,227,226
050,55,075,"Wisconsin","Marinette County",5,14,491,262,229
050,55,075,"Wisconsin","Marinette County",5,15,501,255,246
050,55,075,"Wisconsin","Marinette County",5,16,527,272,255
050,55,075,"Wisconsin","Marinette County",5,17,536,286,250
050,55,075,"Wisconsin","Marinette County",5,18,425,228,197
050,55,075,"Wisconsin","Marinette County",5,19,354,197,157
050,55,075,"Wisconsin","Marinette County",5,20,356,183,173
050,55,075,"Wisconsin","Marinette County",5,21,363,193,170
050,55,075,"Wisconsin","Marinette County",5,22,397,208,189
050,55,075,"Wisconsin","Marinette County",5,23,412,213,199
050,55,075,"Wisconsin","Marinette County",5,24,351,172,179
050,55,075,"Wisconsin","Marinette County",5,25,359,211,148
050,55,075,"Wisconsin","Marinette County",5,26,371,167,204
050,55,075,"Wisconsin","Marinette County",5,27,380,189,191
050,55,075,"Wisconsin","Marinette County",5,28,402,192,210
050,55,075,"Wisconsin","Marinette County",5,29,442,217,225
050,55,075,"Wisconsin","Marinette County",5,30,421,215,206
050,55,075,"Wisconsin","Marinette County",5,31,419,215,204
050,55,075,"Wisconsin","Marinette County",5,32,417,213,204
050,55,075,"Wisconsin","Marinette County",5,33,410,203,207
050,55,075,"Wisconsin","Marinette County",5,34,410,217,193
050,55,075,"Wisconsin","Marinette County",5,35,393,216,177
050,55,075,"Wisconsin","Marinette County",5,36,472,256,216
050,55,075,"Wisconsin","Marinette County",5,37,475,246,229
050,55,075,"Wisconsin","Marinette County",5,38,471,249,222
050,55,075,"Wisconsin","Marinette County",5,39,461,228,233
050,55,075,"Wisconsin","Marinette County",5,40,452,223,229
050,55,075,"Wisconsin","Marinette County",5,41,499,246,253
050,55,075,"Wisconsin","Marinette County",5,42,524,265,259
050,55,075,"Wisconsin","Marinette County",5,43,493,262,231
050,55,075,"Wisconsin","Marinette County",5,44,482,249,233
050,55,075,"Wisconsin","Marinette County",5,45,464,244,220
050,55,075,"Wisconsin","Marinette County",5,46,439,225,214
050,55,075,"Wisconsin","Marinette County",5,47,442,237,205
050,55,075,"Wisconsin","Marinette County",5,48,421,218,203
050,55,075,"Wisconsin","Marinette County",5,49,426,223,203
050,55,075,"Wisconsin","Marinette County",5,50,422,224,198
050,55,075,"Wisconsin","Marinette County",5,51,476,250,226
050,55,075,"Wisconsin","Marinette County",5,52,550,288,262
050,55,075,"Wisconsin","Marinette County",5,53,515,257,258
050,55,075,"Wisconsin","Marinette County",5,54,535,268,267
050,55,075,"Wisconsin","Marinette County",5,55,540,278,262
050,55,075,"Wisconsin","Marinette County",5,56,572,297,275
050,55,075,"Wisconsin","Marinette County",5,57,619,339,280
050,55,075,"Wisconsin","Marinette County",5,58,689,362,327
050,55,075,"Wisconsin","Marinette County",5,59,749,383,366
050,55,075,"Wisconsin","Marinette County",5,60,773,378,395
050,55,075,"Wisconsin","Marinette County",5,61,838,420,418
050,55,075,"Wisconsin","Marinette County",5,62,847,449,398
050,55,075,"Wisconsin","Marinette County",5,63,804,414,390
050,55,075,"Wisconsin","Marinette County",5,64,848,415,433
050,55,075,"Wisconsin","Marinette County",5,65,816,440,376
050,55,075,"Wisconsin","Marinette County",5,66,767,394,373
050,55,075,"Wisconsin","Marinette County",5,67,718,368,350
050,55,075,"Wisconsin","Marinette County",5,68,719,369,350
050,55,075,"Wisconsin","Marinette County",5,69,668,340,328
050,55,075,"Wisconsin","Marinette County",5,70,641,327,314
050,55,075,"Wisconsin","Marinette County",5,71,640,323,317
050,55,075,"Wisconsin","Marinette County",5,72,573,282,291
050,55,075,"Wisconsin","Marinette County",5,73,522,268,254
050,55,075,"Wisconsin","Marinette County",5,74,494,256,238
050,55,075,"Wisconsin","Marinette County",5,75,473,240,233
050,55,075,"Wisconsin","Marinette County",5,76,483,238,245
050,55,075,"Wisconsin","Marinette County",5,77,332,169,163
050,55,075,"Wisconsin","Marinette County",5,78,314,152,162
050,55,075,"Wisconsin","Marinette County",5,79,322,164,158
050,55,075,"Wisconsin","Marinette County",5,80,313,155,158
050,55,075,"Wisconsin","Marinette County",5,81,255,112,143
050,55,075,"Wisconsin","Marinette County",5,82,253,123,130
050,55,075,"Wisconsin","Marinette County",5,83,223,112,111
050,55,075,"Wisconsin","Marinette County",5,84,201,91,110
050,55,075,"Wisconsin","Marinette County",5,85,1137,415,722
050,55,077,"Wisconsin","Marquette County",1,0,149,75,74
050,55,077,"Wisconsin","Marquette County",1,1,147,82,65
050,55,077,"Wisconsin","Marquette County",1,2,148,84,64
050,55,077,"Wisconsin","Marquette County",1,3,130,68,62
050,55,077,"Wisconsin","Marquette County",1,4,148,73,75
050,55,077,"Wisconsin","Marquette County",1,5,157,77,80
050,55,077,"Wisconsin","Marquette County",1,6,166,86,80
050,55,077,"Wisconsin","Marquette County",1,7,162,85,77
050,55,077,"Wisconsin","Marquette County",1,8,161,83,78
050,55,077,"Wisconsin","Marquette County",1,9,179,102,77
050,55,077,"Wisconsin","Marquette County",1,10,177,97,80
050,55,077,"Wisconsin","Marquette County",1,11,170,94,76
050,55,077,"Wisconsin","Marquette County",1,12,195,101,94
050,55,077,"Wisconsin","Marquette County",1,13,187,101,86
050,55,077,"Wisconsin","Marquette County",1,14,183,92,91
050,55,077,"Wisconsin","Marquette County",1,15,177,81,96
050,55,077,"Wisconsin","Marquette County",1,16,183,88,95
050,55,077,"Wisconsin","Marquette County",1,17,178,97,81
050,55,077,"Wisconsin","Marquette County",1,18,150,89,61
050,55,077,"Wisconsin","Marquette County",1,19,114,66,48
050,55,077,"Wisconsin","Marquette County",1,20,121,62,59
050,55,077,"Wisconsin","Marquette County",1,21,127,66,61
050,55,077,"Wisconsin","Marquette County",1,22,126,72,54
050,55,077,"Wisconsin","Marquette County",1,23,131,74,57
050,55,077,"Wisconsin","Marquette County",1,24,133,66,67
050,55,077,"Wisconsin","Marquette County",1,25,120,63,57
050,55,077,"Wisconsin","Marquette County",1,26,143,67,76
050,55,077,"Wisconsin","Marquette County",1,27,126,61,65
050,55,077,"Wisconsin","Marquette County",1,28,135,69,66
050,55,077,"Wisconsin","Marquette County",1,29,131,61,70
050,55,077,"Wisconsin","Marquette County",1,30,131,70,61
050,55,077,"Wisconsin","Marquette County",1,31,130,76,54
050,55,077,"Wisconsin","Marquette County",1,32,146,71,75
050,55,077,"Wisconsin","Marquette County",1,33,152,78,74
050,55,077,"Wisconsin","Marquette County",1,34,151,76,75
050,55,077,"Wisconsin","Marquette County",1,35,160,81,79
050,55,077,"Wisconsin","Marquette County",1,36,164,88,76
050,55,077,"Wisconsin","Marquette County",1,37,163,84,79
050,55,077,"Wisconsin","Marquette County",1,38,158,64,94
050,55,077,"Wisconsin","Marquette County",1,39,165,86,79
050,55,077,"Wisconsin","Marquette County",1,40,144,77,67
050,55,077,"Wisconsin","Marquette County",1,41,153,76,77
050,55,077,"Wisconsin","Marquette County",1,42,165,85,80
050,55,077,"Wisconsin","Marquette County",1,43,166,84,82
050,55,077,"Wisconsin","Marquette County",1,44,157,76,81
050,55,077,"Wisconsin","Marquette County",1,45,159,90,69
050,55,077,"Wisconsin","Marquette County",1,46,152,84,68
050,55,077,"Wisconsin","Marquette County",1,47,168,88,80
050,55,077,"Wisconsin","Marquette County",1,48,179,90,89
050,55,077,"Wisconsin","Marquette County",1,49,190,97,93
050,55,077,"Wisconsin","Marquette County",1,50,181,87,94
050,55,077,"Wisconsin","Marquette County",1,51,195,102,93
050,55,077,"Wisconsin","Marquette County",1,52,206,117,89
050,55,077,"Wisconsin","Marquette County",1,53,210,116,94
050,55,077,"Wisconsin","Marquette County",1,54,231,121,110
050,55,077,"Wisconsin","Marquette County",1,55,274,142,132
050,55,077,"Wisconsin","Marquette County",1,56,267,136,131
050,55,077,"Wisconsin","Marquette County",1,57,285,154,131
050,55,077,"Wisconsin","Marquette County",1,58,293,140,153
050,55,077,"Wisconsin","Marquette County",1,59,314,165,149
050,55,077,"Wisconsin","Marquette County",1,60,304,165,139
050,55,077,"Wisconsin","Marquette County",1,61,300,166,134
050,55,077,"Wisconsin","Marquette County",1,62,282,153,129
050,55,077,"Wisconsin","Marquette County",1,63,306,153,153
050,55,077,"Wisconsin","Marquette County",1,64,289,147,142
050,55,077,"Wisconsin","Marquette County",1,65,292,152,140
050,55,077,"Wisconsin","Marquette County",1,66,283,145,138
050,55,077,"Wisconsin","Marquette County",1,67,296,144,152
050,55,077,"Wisconsin","Marquette County",1,68,277,145,132
050,55,077,"Wisconsin","Marquette County",1,69,248,136,112
050,55,077,"Wisconsin","Marquette County",1,70,226,117,109
050,55,077,"Wisconsin","Marquette County",1,71,217,117,100
050,55,077,"Wisconsin","Marquette County",1,72,221,119,102
050,55,077,"Wisconsin","Marquette County",1,73,201,89,112
050,55,077,"Wisconsin","Marquette County",1,74,140,61,79
050,55,077,"Wisconsin","Marquette County",1,75,145,67,78
050,55,077,"Wisconsin","Marquette County",1,76,139,71,68
050,55,077,"Wisconsin","Marquette County",1,77,147,78,69
050,55,077,"Wisconsin","Marquette County",1,78,142,71,71
050,55,077,"Wisconsin","Marquette County",1,79,129,69,60
050,55,077,"Wisconsin","Marquette County",1,80,111,56,55
050,55,077,"Wisconsin","Marquette County",1,81,99,37,62
050,55,077,"Wisconsin","Marquette County",1,82,89,37,52
050,55,077,"Wisconsin","Marquette County",1,83,89,45,44
050,55,077,"Wisconsin","Marquette County",1,84,67,32,35
050,55,077,"Wisconsin","Marquette County",1,85,389,144,245
050,55,077,"Wisconsin","Marquette County",2,0,143,72,71
050,55,077,"Wisconsin","Marquette County",2,1,145,80,65
050,55,077,"Wisconsin","Marquette County",2,2,146,82,64
050,55,077,"Wisconsin","Marquette County",2,3,132,71,61
050,55,077,"Wisconsin","Marquette County",2,4,145,72,73
050,55,077,"Wisconsin","Marquette County",2,5,153,76,77
050,55,077,"Wisconsin","Marquette County",2,6,164,85,79
050,55,077,"Wisconsin","Marquette County",2,7,163,86,77
050,55,077,"Wisconsin","Marquette County",2,8,161,83,78
050,55,077,"Wisconsin","Marquette County",2,9,174,98,76
050,55,077,"Wisconsin","Marquette County",2,10,176,98,78
050,55,077,"Wisconsin","Marquette County",2,11,170,95,75
050,55,077,"Wisconsin","Marquette County",2,12,188,100,88
050,55,077,"Wisconsin","Marquette County",2,13,188,101,87
050,55,077,"Wisconsin","Marquette County",2,14,184,94,90
050,55,077,"Wisconsin","Marquette County",2,15,180,83,97
050,55,077,"Wisconsin","Marquette County",2,16,186,88,98
050,55,077,"Wisconsin","Marquette County",2,17,179,96,83
050,55,077,"Wisconsin","Marquette County",2,18,149,87,62
050,55,077,"Wisconsin","Marquette County",2,19,115,67,48
050,55,077,"Wisconsin","Marquette County",2,20,122,65,57
050,55,077,"Wisconsin","Marquette County",2,21,127,66,61
050,55,077,"Wisconsin","Marquette County",2,22,125,69,56
050,55,077,"Wisconsin","Marquette County",2,23,132,75,57
050,55,077,"Wisconsin","Marquette County",2,24,134,69,65
050,55,077,"Wisconsin","Marquette County",2,25,123,63,60
050,55,077,"Wisconsin","Marquette County",2,26,139,68,71
050,55,077,"Wisconsin","Marquette County",2,27,130,63,67
050,55,077,"Wisconsin","Marquette County",2,28,134,68,66
050,55,077,"Wisconsin","Marquette County",2,29,133,64,69
050,55,077,"Wisconsin","Marquette County",2,30,131,67,64
050,55,077,"Wisconsin","Marquette County",2,31,130,73,57
050,55,077,"Wisconsin","Marquette County",2,32,143,73,70
050,55,077,"Wisconsin","Marquette County",2,33,149,76,73
050,55,077,"Wisconsin","Marquette County",2,34,149,75,74
050,55,077,"Wisconsin","Marquette County",2,35,161,82,79
050,55,077,"Wisconsin","Marquette County",2,36,162,85,77
050,55,077,"Wisconsin","Marquette County",2,37,163,83,80
050,55,077,"Wisconsin","Marquette County",2,38,161,70,91
050,55,077,"Wisconsin","Marquette County",2,39,163,81,82
050,55,077,"Wisconsin","Marquette County",2,40,150,80,70
050,55,077,"Wisconsin","Marquette County",2,41,152,78,74
050,55,077,"Wisconsin","Marquette County",2,42,162,83,79
050,55,077,"Wisconsin","Marquette County",2,43,167,84,83
050,55,077,"Wisconsin","Marquette County",2,44,157,77,80
050,55,077,"Wisconsin","Marquette County",2,45,160,87,73
050,55,077,"Wisconsin","Marquette County",2,46,153,86,67
050,55,077,"Wisconsin","Marquette County",2,47,162,86,76
050,55,077,"Wisconsin","Marquette County",2,48,177,90,87
050,55,077,"Wisconsin","Marquette County",2,49,187,95,92
050,55,077,"Wisconsin","Marquette County",2,50,183,88,95
050,55,077,"Wisconsin","Marquette County",2,51,193,99,94
050,55,077,"Wisconsin","Marquette County",2,52,201,112,89
050,55,077,"Wisconsin","Marquette County",2,53,209,117,92
050,55,077,"Wisconsin","Marquette County",2,54,227,121,106
050,55,077,"Wisconsin","Marquette County",2,55,265,137,128
050,55,077,"Wisconsin","Marquette County",2,56,270,140,130
050,55,077,"Wisconsin","Marquette County",2,57,276,148,128
050,55,077,"Wisconsin","Marquette County",2,58,290,141,149
050,55,077,"Wisconsin","Marquette County",2,59,313,161,152
050,55,077,"Wisconsin","Marquette County",2,60,309,166,143
050,55,077,"Wisconsin","Marquette County",2,61,301,167,134
050,55,077,"Wisconsin","Marquette County",2,62,289,156,133
050,55,077,"Wisconsin","Marquette County",2,63,308,158,150
050,55,077,"Wisconsin","Marquette County",2,64,295,149,146
050,55,077,"Wisconsin","Marquette County",2,65,294,152,142
050,55,077,"Wisconsin","Marquette County",2,66,288,147,141
050,55,077,"Wisconsin","Marquette County",2,67,293,144,149
050,55,077,"Wisconsin","Marquette County",2,68,280,145,135
050,55,077,"Wisconsin","Marquette County",2,69,256,138,118
050,55,077,"Wisconsin","Marquette County",2,70,230,122,108
050,55,077,"Wisconsin","Marquette County",2,71,220,117,103
050,55,077,"Wisconsin","Marquette County",2,72,215,116,99
050,55,077,"Wisconsin","Marquette County",2,73,215,102,113
050,55,077,"Wisconsin","Marquette County",2,74,144,62,82
050,55,077,"Wisconsin","Marquette County",2,75,143,65,78
050,55,077,"Wisconsin","Marquette County",2,76,138,69,69
050,55,077,"Wisconsin","Marquette County",2,77,150,79,71
050,55,077,"Wisconsin","Marquette County",2,78,135,67,68
050,55,077,"Wisconsin","Marquette County",2,79,130,69,61
050,55,077,"Wisconsin","Marquette County",2,80,112,57,55
050,55,077,"Wisconsin","Marquette County",2,81,97,40,57
050,55,077,"Wisconsin","Marquette County",2,82,91,36,55
050,55,077,"Wisconsin","Marquette County",2,83,87,42,45
050,55,077,"Wisconsin","Marquette County",2,84,69,33,36
050,55,077,"Wisconsin","Marquette County",2,85,395,149,246
050,55,077,"Wisconsin","Marquette County",3,0,129,64,65
050,55,077,"Wisconsin","Marquette County",3,1,143,74,69
050,55,077,"Wisconsin","Marquette County",3,2,146,81,65
050,55,077,"Wisconsin","Marquette County",3,3,155,79,76
050,55,077,"Wisconsin","Marquette County",3,4,138,73,65
050,55,077,"Wisconsin","Marquette County",3,5,153,76,77
050,55,077,"Wisconsin","Marquette County",3,6,157,85,72
050,55,077,"Wisconsin","Marquette County",3,7,155,80,75
050,55,077,"Wisconsin","Marquette County",3,8,166,92,74
050,55,077,"Wisconsin","Marquette County",3,9,176,85,91
050,55,077,"Wisconsin","Marquette County",3,10,176,95,81
050,55,077,"Wisconsin","Marquette County",3,11,181,99,82
050,55,077,"Wisconsin","Marquette County",3,12,179,99,80
050,55,077,"Wisconsin","Marquette County",3,13,203,106,97
050,55,077,"Wisconsin","Marquette County",3,14,194,102,92
050,55,077,"Wisconsin","Marquette County",3,15,197,99,98
050,55,077,"Wisconsin","Marquette County",3,16,183,81,102
050,55,077,"Wisconsin","Marquette County",3,17,177,84,93
050,55,077,"Wisconsin","Marquette County",3,18,161,87,74
050,55,077,"Wisconsin","Marquette County",3,19,117,65,52
050,55,077,"Wisconsin","Marquette County",3,20,117,68,49
050,55,077,"Wisconsin","Marquette County",3,21,129,68,61
050,55,077,"Wisconsin","Marquette County",3,22,135,73,62
050,55,077,"Wisconsin","Marquette County",3,23,138,74,64
050,55,077,"Wisconsin","Marquette County",3,24,137,74,63
050,55,077,"Wisconsin","Marquette County",3,25,126,71,55
050,55,077,"Wisconsin","Marquette County",3,26,128,68,60
050,55,077,"Wisconsin","Marquette County",3,27,137,68,69
050,55,077,"Wisconsin","Marquette County",3,28,136,65,71
050,55,077,"Wisconsin","Marquette County",3,29,136,63,73
050,55,077,"Wisconsin","Marquette County",3,30,144,69,75
050,55,077,"Wisconsin","Marquette County",3,31,141,71,70
050,55,077,"Wisconsin","Marquette County",3,32,136,74,62
050,55,077,"Wisconsin","Marquette County",3,33,153,83,70
050,55,077,"Wisconsin","Marquette County",3,34,142,71,71
050,55,077,"Wisconsin","Marquette County",3,35,157,81,76
050,55,077,"Wisconsin","Marquette County",3,36,156,75,81
050,55,077,"Wisconsin","Marquette County",3,37,173,90,83
050,55,077,"Wisconsin","Marquette County",3,38,166,90,76
050,55,077,"Wisconsin","Marquette County",3,39,173,78,95
050,55,077,"Wisconsin","Marquette County",3,40,174,87,87
050,55,077,"Wisconsin","Marquette County",3,41,158,84,74
050,55,077,"Wisconsin","Marquette County",3,42,167,90,77
050,55,077,"Wisconsin","Marquette County",3,43,164,77,87
050,55,077,"Wisconsin","Marquette County",3,44,171,90,81
050,55,077,"Wisconsin","Marquette County",3,45,158,75,83
050,55,077,"Wisconsin","Marquette County",3,46,161,86,75
050,55,077,"Wisconsin","Marquette County",3,47,159,90,69
050,55,077,"Wisconsin","Marquette County",3,48,172,93,79
050,55,077,"Wisconsin","Marquette County",3,49,180,93,87
050,55,077,"Wisconsin","Marquette County",3,50,180,90,90
050,55,077,"Wisconsin","Marquette County",3,51,196,99,97
050,55,077,"Wisconsin","Marquette County",3,52,189,101,88
050,55,077,"Wisconsin","Marquette County",3,53,187,99,88
050,55,077,"Wisconsin","Marquette County",3,54,220,121,99
050,55,077,"Wisconsin","Marquette County",3,55,233,124,109
050,55,077,"Wisconsin","Marquette County",3,56,263,137,126
050,55,077,"Wisconsin","Marquette County",3,57,275,141,134
050,55,077,"Wisconsin","Marquette County",3,58,279,146,133
050,55,077,"Wisconsin","Marquette County",3,59,290,143,147
050,55,077,"Wisconsin","Marquette County",3,60,326,163,163
050,55,077,"Wisconsin","Marquette County",3,61,324,177,147
050,55,077,"Wisconsin","Marquette County",3,62,312,170,142
050,55,077,"Wisconsin","Marquette County",3,63,292,156,136
050,55,077,"Wisconsin","Marquette County",3,64,317,167,150
050,55,077,"Wisconsin","Marquette County",3,65,307,149,158
050,55,077,"Wisconsin","Marquette County",3,66,302,152,150
050,55,077,"Wisconsin","Marquette County",3,67,286,145,141
050,55,077,"Wisconsin","Marquette County",3,68,286,142,144
050,55,077,"Wisconsin","Marquette County",3,69,265,138,127
050,55,077,"Wisconsin","Marquette County",3,70,254,137,117
050,55,077,"Wisconsin","Marquette County",3,71,217,119,98
050,55,077,"Wisconsin","Marquette County",3,72,212,114,98
050,55,077,"Wisconsin","Marquette County",3,73,213,117,96
050,55,077,"Wisconsin","Marquette County",3,74,209,98,111
050,55,077,"Wisconsin","Marquette County",3,75,138,60,78
050,55,077,"Wisconsin","Marquette County",3,76,141,63,78
050,55,077,"Wisconsin","Marquette County",3,77,133,64,69
050,55,077,"Wisconsin","Marquette County",3,78,147,80,67
050,55,077,"Wisconsin","Marquette County",3,79,126,65,61
050,55,077,"Wisconsin","Marquette County",3,80,111,61,50
050,55,077,"Wisconsin","Marquette County",3,81,95,49,46
050,55,077,"Wisconsin","Marquette County",3,82,89,35,54
050,55,077,"Wisconsin","Marquette County",3,83,80,37,43
050,55,077,"Wisconsin","Marquette County",3,84,79,36,43
050,55,077,"Wisconsin","Marquette County",3,85,401,151,250
050,55,077,"Wisconsin","Marquette County",4,0,129,62,67
050,55,077,"Wisconsin","Marquette County",4,1,125,63,62
050,55,077,"Wisconsin","Marquette County",4,2,153,84,69
050,55,077,"Wisconsin","Marquette County",4,3,144,84,60
050,55,077,"Wisconsin","Marquette County",4,4,150,74,76
050,55,077,"Wisconsin","Marquette County",4,5,136,75,61
050,55,077,"Wisconsin","Marquette County",4,6,147,76,71
050,55,077,"Wisconsin","Marquette County",4,7,162,83,79
050,55,077,"Wisconsin","Marquette County",4,8,167,87,80
050,55,077,"Wisconsin","Marquette County",4,9,170,95,75
050,55,077,"Wisconsin","Marquette County",4,10,171,91,80
050,55,077,"Wisconsin","Marquette County",4,11,182,103,79
050,55,077,"Wisconsin","Marquette County",4,12,180,97,83
050,55,077,"Wisconsin","Marquette County",4,13,180,102,78
050,55,077,"Wisconsin","Marquette County",4,14,199,108,91
050,55,077,"Wisconsin","Marquette County",4,15,189,103,86
050,55,077,"Wisconsin","Marquette County",4,16,202,103,99
050,55,077,"Wisconsin","Marquette County",4,17,184,82,102
050,55,077,"Wisconsin","Marquette County",4,18,143,75,68
050,55,077,"Wisconsin","Marquette County",4,19,126,68,58
050,55,077,"Wisconsin","Marquette County",4,20,117,64,53
050,55,077,"Wisconsin","Marquette County",4,21,116,69,47
050,55,077,"Wisconsin","Marquette County",4,22,117,61,56
050,55,077,"Wisconsin","Marquette County",4,23,132,77,55
050,55,077,"Wisconsin","Marquette County",4,24,127,70,57
050,55,077,"Wisconsin","Marquette County",4,25,130,67,63
050,55,077,"Wisconsin","Marquette County",4,26,119,68,51
050,55,077,"Wisconsin","Marquette County",4,27,134,68,66
050,55,077,"Wisconsin","Marquette County",4,28,142,78,64
050,55,077,"Wisconsin","Marquette County",4,29,141,68,73
050,55,077,"Wisconsin","Marquette County",4,30,129,66,63
050,55,077,"Wisconsin","Marquette County",4,31,155,72,83
050,55,077,"Wisconsin","Marquette County",4,32,152,73,79
050,55,077,"Wisconsin","Marquette County",4,33,138,80,58
050,55,077,"Wisconsin","Marquette County",4,34,152,81,71
050,55,077,"Wisconsin","Marquette County",4,35,147,72,75
050,55,077,"Wisconsin","Marquette County",4,36,168,89,79
050,55,077,"Wisconsin","Marquette County",4,37,168,82,86
050,55,077,"Wisconsin","Marquette County",4,38,172,89,83
050,55,077,"Wisconsin","Marquette County",4,39,166,87,79
050,55,077,"Wisconsin","Marquette County",4,40,173,77,96
050,55,077,"Wisconsin","Marquette County",4,41,177,86,91
050,55,077,"Wisconsin","Marquette County",4,42,172,92,80
050,55,077,"Wisconsin","Marquette County",4,43,160,87,73
050,55,077,"Wisconsin","Marquette County",4,44,175,84,91
050,55,077,"Wisconsin","Marquette County",4,45,163,84,79
050,55,077,"Wisconsin","Marquette County",4,46,165,76,89
050,55,077,"Wisconsin","Marquette County",4,47,167,94,73
050,55,077,"Wisconsin","Marquette County",4,48,165,93,72
050,55,077,"Wisconsin","Marquette County",4,49,179,95,84
050,55,077,"Wisconsin","Marquette County",4,50,183,92,91
050,55,077,"Wisconsin","Marquette County",4,51,190,94,96
050,55,077,"Wisconsin","Marquette County",4,52,208,112,96
050,55,077,"Wisconsin","Marquette County",4,53,188,96,92
050,55,077,"Wisconsin","Marquette County",4,54,197,107,90
050,55,077,"Wisconsin","Marquette County",4,55,226,125,101
050,55,077,"Wisconsin","Marquette County",4,56,235,126,109
050,55,077,"Wisconsin","Marquette County",4,57,265,134,131
050,55,077,"Wisconsin","Marquette County",4,58,277,138,139
050,55,077,"Wisconsin","Marquette County",4,59,282,144,138
050,55,077,"Wisconsin","Marquette County",4,60,294,145,149
050,55,077,"Wisconsin","Marquette County",4,61,332,168,164
050,55,077,"Wisconsin","Marquette County",4,62,328,181,147
050,55,077,"Wisconsin","Marquette County",4,63,318,175,143
050,55,077,"Wisconsin","Marquette County",4,64,291,158,133
050,55,077,"Wisconsin","Marquette County",4,65,322,169,153
050,55,077,"Wisconsin","Marquette County",4,66,311,149,162
050,55,077,"Wisconsin","Marquette County",4,67,300,154,146
050,55,077,"Wisconsin","Marquette County",4,68,280,143,137
050,55,077,"Wisconsin","Marquette County",4,69,282,136,146
050,55,077,"Wisconsin","Marquette County",4,70,253,133,120
050,55,077,"Wisconsin","Marquette County",4,71,243,130,113
050,55,077,"Wisconsin","Marquette County",4,72,213,115,98
050,55,077,"Wisconsin","Marquette County",4,73,208,111,97
050,55,077,"Wisconsin","Marquette County",4,74,211,113,98
050,55,077,"Wisconsin","Marquette County",4,75,199,91,108
050,55,077,"Wisconsin","Marquette County",4,76,137,61,76
050,55,077,"Wisconsin","Marquette County",4,77,131,55,76
050,55,077,"Wisconsin","Marquette County",4,78,131,65,66
050,55,077,"Wisconsin","Marquette County",4,79,141,78,63
050,55,077,"Wisconsin","Marquette County",4,80,116,65,51
050,55,077,"Wisconsin","Marquette County",4,81,95,54,41
050,55,077,"Wisconsin","Marquette County",4,82,87,44,43
050,55,077,"Wisconsin","Marquette County",4,83,77,32,45
050,55,077,"Wisconsin","Marquette County",4,84,62,28,34
050,55,077,"Wisconsin","Marquette County",4,85,407,163,244
050,55,077,"Wisconsin","Marquette County",5,0,126,61,65
050,55,077,"Wisconsin","Marquette County",5,1,150,77,73
050,55,077,"Wisconsin","Marquette County",5,2,123,61,62
050,55,077,"Wisconsin","Marquette County",5,3,145,81,64
050,55,077,"Wisconsin","Marquette County",5,4,157,90,67
050,55,077,"Wisconsin","Marquette County",5,5,154,78,76
050,55,077,"Wisconsin","Marquette County",5,6,132,77,55
050,55,077,"Wisconsin","Marquette County",5,7,146,72,74
050,55,077,"Wisconsin","Marquette County",5,8,169,84,85
050,55,077,"Wisconsin","Marquette County",5,9,177,89,88
050,55,077,"Wisconsin","Marquette County",5,10,174,96,78
050,55,077,"Wisconsin","Marquette County",5,11,178,92,86
050,55,077,"Wisconsin","Marquette County",5,12,177,97,80
050,55,077,"Wisconsin","Marquette County",5,13,187,98,89
050,55,077,"Wisconsin","Marquette County",5,14,180,101,79
050,55,077,"Wisconsin","Marquette County",5,15,212,115,97
050,55,077,"Wisconsin","Marquette County",5,16,189,103,86
050,55,077,"Wisconsin","Marquette County",5,17,207,108,99
050,55,077,"Wisconsin","Marquette County",5,18,150,71,79
050,55,077,"Wisconsin","Marquette County",5,19,114,62,52
050,55,077,"Wisconsin","Marquette County",5,20,122,67,55
050,55,077,"Wisconsin","Marquette County",5,21,121,72,49
050,55,077,"Wisconsin","Marquette County",5,22,118,64,54
050,55,077,"Wisconsin","Marquette County",5,23,123,69,54
050,55,077,"Wisconsin","Marquette County",5,24,125,72,53
050,55,077,"Wisconsin","Marquette County",5,25,115,61,54
050,55,077,"Wisconsin","Marquette County",5,26,138,74,64
050,55,077,"Wisconsin","Marquette County",5,27,121,71,50
050,55,077,"Wisconsin","Marquette County",5,28,140,75,65
050,55,077,"Wisconsin","Marquette County",5,29,140,75,65
050,55,077,"Wisconsin","Marquette County",5,30,151,76,75
050,55,077,"Wisconsin","Marquette County",5,31,133,69,64
050,55,077,"Wisconsin","Marquette County",5,32,169,77,92
050,55,077,"Wisconsin","Marquette County",5,33,163,85,78
050,55,077,"Wisconsin","Marquette County",5,34,137,77,60
050,55,077,"Wisconsin","Marquette County",5,35,160,87,73
050,55,077,"Wisconsin","Marquette County",5,36,155,77,78
050,55,077,"Wisconsin","Marquette County",5,37,163,84,79
050,55,077,"Wisconsin","Marquette County",5,38,177,84,93
050,55,077,"Wisconsin","Marquette County",5,39,178,96,82
050,55,077,"Wisconsin","Marquette County",5,40,169,89,80
050,55,077,"Wisconsin","Marquette County",5,41,175,81,94
050,55,077,"Wisconsin","Marquette County",5,42,184,91,93
050,55,077,"Wisconsin","Marquette County",5,43,169,88,81
050,55,077,"Wisconsin","Marquette County",5,44,162,85,77
050,55,077,"Wisconsin","Marquette County",5,45,175,85,90
050,55,077,"Wisconsin","Marquette County",5,46,164,85,79
050,55,077,"Wisconsin","Marquette County",5,47,169,80,89
050,55,077,"Wisconsin","Marquette County",5,48,170,93,77
050,55,077,"Wisconsin","Marquette County",5,49,168,98,70
050,55,077,"Wisconsin","Marquette County",5,50,176,92,84
050,55,077,"Wisconsin","Marquette County",5,51,191,98,93
050,55,077,"Wisconsin","Marquette County",5,52,192,97,95
050,55,077,"Wisconsin","Marquette County",5,53,200,106,94
050,55,077,"Wisconsin","Marquette County",5,54,188,97,91
050,55,077,"Wisconsin","Marquette County",5,55,195,107,88
050,55,077,"Wisconsin","Marquette County",5,56,233,130,103
050,55,077,"Wisconsin","Marquette County",5,57,241,129,112
050,55,077,"Wisconsin","Marquette County",5,58,264,139,125
050,55,077,"Wisconsin","Marquette County",5,59,280,139,141
050,55,077,"Wisconsin","Marquette County",5,60,280,141,139
050,55,077,"Wisconsin","Marquette County",5,61,297,145,152
050,55,077,"Wisconsin","Marquette County",5,62,335,171,164
050,55,077,"Wisconsin","Marquette County",5,63,337,181,156
050,55,077,"Wisconsin","Marquette County",5,64,316,178,138
050,55,077,"Wisconsin","Marquette County",5,65,297,162,135
050,55,077,"Wisconsin","Marquette County",5,66,314,160,154
050,55,077,"Wisconsin","Marquette County",5,67,311,150,161
050,55,077,"Wisconsin","Marquette County",5,68,290,151,139
050,55,077,"Wisconsin","Marquette County",5,69,281,144,137
050,55,077,"Wisconsin","Marquette County",5,70,276,133,143
050,55,077,"Wisconsin","Marquette County",5,71,243,129,114
050,55,077,"Wisconsin","Marquette County",5,72,245,130,115
050,55,077,"Wisconsin","Marquette County",5,73,210,114,96
050,55,077,"Wisconsin","Marquette County",5,74,204,108,96
050,55,077,"Wisconsin","Marquette County",5,75,197,105,92
050,55,077,"Wisconsin","Marquette County",5,76,194,88,106
050,55,077,"Wisconsin","Marquette County",5,77,131,55,76
050,55,077,"Wisconsin","Marquette County",5,78,127,55,72
050,55,077,"Wisconsin","Marquette County",5,79,122,60,62
050,55,077,"Wisconsin","Marquette County",5,80,133,74,59
050,55,077,"Wisconsin","Marquette County",5,81,102,57,45
050,55,077,"Wisconsin","Marquette County",5,82,89,49,40
050,55,077,"Wisconsin","Marquette County",5,83,74,41,33
050,55,077,"Wisconsin","Marquette County",5,84,54,22,32
050,55,077,"Wisconsin","Marquette County",5,85,418,168,250
050,55,078,"Wisconsin","Menominee County",1,0,78,40,38
050,55,078,"Wisconsin","Menominee County",1,1,73,36,37
050,55,078,"Wisconsin","Menominee County",1,2,70,34,36
050,55,078,"Wisconsin","Menominee County",1,3,65,38,27
050,55,078,"Wisconsin","Menominee County",1,4,79,43,36
050,55,078,"Wisconsin","Menominee County",1,5,78,34,44
050,55,078,"Wisconsin","Menominee County",1,6,72,34,38
050,55,078,"Wisconsin","Menominee County",1,7,72,42,30
050,55,078,"Wisconsin","Menominee County",1,8,81,49,32
050,55,078,"Wisconsin","Menominee County",1,9,84,45,39
050,55,078,"Wisconsin","Menominee County",1,10,82,50,32
050,55,078,"Wisconsin","Menominee County",1,11,82,44,38
050,55,078,"Wisconsin","Menominee County",1,12,94,50,44
050,55,078,"Wisconsin","Menominee County",1,13,78,44,34
050,55,078,"Wisconsin","Menominee County",1,14,77,42,35
050,55,078,"Wisconsin","Menominee County",1,15,73,37,36
050,55,078,"Wisconsin","Menominee County",1,16,67,29,38
050,55,078,"Wisconsin","Menominee County",1,17,74,35,39
050,55,078,"Wisconsin","Menominee County",1,18,68,36,32
050,55,078,"Wisconsin","Menominee County",1,19,55,24,31
050,55,078,"Wisconsin","Menominee County",1,20,57,26,31
050,55,078,"Wisconsin","Menominee County",1,21,56,29,27
050,55,078,"Wisconsin","Menominee County",1,22,51,26,25
050,55,078,"Wisconsin","Menominee County",1,23,45,30,15
050,55,078,"Wisconsin","Menominee County",1,24,53,29,24
050,55,078,"Wisconsin","Menominee County",1,25,44,25,19
050,55,078,"Wisconsin","Menominee County",1,26,44,18,26
050,55,078,"Wisconsin","Menominee County",1,27,45,22,23
050,55,078,"Wisconsin","Menominee County",1,28,55,22,33
050,55,078,"Wisconsin","Menominee County",1,29,45,21,24
050,55,078,"Wisconsin","Menominee County",1,30,50,24,26
050,55,078,"Wisconsin","Menominee County",1,31,47,24,23
050,55,078,"Wisconsin","Menominee County",1,32,49,25,24
050,55,078,"Wisconsin","Menominee County",1,33,50,22,28
050,55,078,"Wisconsin","Menominee County",1,34,44,19,25
050,55,078,"Wisconsin","Menominee County",1,35,39,18,21
050,55,078,"Wisconsin","Menominee County",1,36,40,19,21
050,55,078,"Wisconsin","Menominee County",1,37,35,17,18
050,55,078,"Wisconsin","Menominee County",1,38,37,19,18
050,55,078,"Wisconsin","Menominee County",1,39,38,18,20
050,55,078,"Wisconsin","Menominee County",1,40,41,20,21
050,55,078,"Wisconsin","Menominee County",1,41,36,12,24
050,55,078,"Wisconsin","Menominee County",1,42,36,10,26
050,55,078,"Wisconsin","Menominee County",1,43,29,13,16
050,55,078,"Wisconsin","Menominee County",1,44,31,16,15
050,55,078,"Wisconsin","Menominee County",1,45,41,20,21
050,55,078,"Wisconsin","Menominee County",1,46,34,12,22
050,55,078,"Wisconsin","Menominee County",1,47,42,15,27
050,55,078,"Wisconsin","Menominee County",1,48,40,21,19
050,55,078,"Wisconsin","Menominee County",1,49,51,28,23
050,55,078,"Wisconsin","Menominee County",1,50,50,22,28
050,55,078,"Wisconsin","Menominee County",1,51,44,18,26
050,55,078,"Wisconsin","Menominee County",1,52,44,19,25
050,55,078,"Wisconsin","Menominee County",1,53,42,22,20
050,55,078,"Wisconsin","Menominee County",1,54,54,27,27
050,55,078,"Wisconsin","Menominee County",1,55,59,29,30
050,55,078,"Wisconsin","Menominee County",1,56,54,24,30
050,55,078,"Wisconsin","Menominee County",1,57,53,24,29
050,55,078,"Wisconsin","Menominee County",1,58,75,30,45
050,55,078,"Wisconsin","Menominee County",1,59,76,39,37
050,55,078,"Wisconsin","Menominee County",1,60,51,25,26
050,55,078,"Wisconsin","Menominee County",1,61,56,29,27
050,55,078,"Wisconsin","Menominee County",1,62,61,31,30
050,55,078,"Wisconsin","Menominee County",1,63,56,29,27
050,55,078,"Wisconsin","Menominee County",1,64,59,29,30
050,55,078,"Wisconsin","Menominee County",1,65,60,29,31
050,55,078,"Wisconsin","Menominee County",1,66,49,24,25
050,55,078,"Wisconsin","Menominee County",1,67,39,17,22
050,55,078,"Wisconsin","Menominee County",1,68,42,20,22
050,55,078,"Wisconsin","Menominee County",1,69,34,14,20
050,55,078,"Wisconsin","Menominee County",1,70,35,14,21
050,55,078,"Wisconsin","Menominee County",1,71,38,15,23
050,55,078,"Wisconsin","Menominee County",1,72,31,13,18
050,55,078,"Wisconsin","Menominee County",1,73,31,18,13
050,55,078,"Wisconsin","Menominee County",1,74,27,13,14
050,55,078,"Wisconsin","Menominee County",1,75,21,12,9
050,55,078,"Wisconsin","Menominee County",1,76,28,13,15
050,55,078,"Wisconsin","Menominee County",1,77,20,10,10
050,55,078,"Wisconsin","Menominee County",1,78,14,4,10
050,55,078,"Wisconsin","Menominee County",1,79,17,7,10
050,55,078,"Wisconsin","Menominee County",1,80,17,8,9
050,55,078,"Wisconsin","Menominee County",1,81,19,7,12
050,55,078,"Wisconsin","Menominee County",1,82,11,4,7
050,55,078,"Wisconsin","Menominee County",1,83,15,8,7
050,55,078,"Wisconsin","Menominee County",1,84,13,5,8
050,55,078,"Wisconsin","Menominee County",1,85,49,26,23
050,55,078,"Wisconsin","Menominee County",2,0,80,39,41
050,55,078,"Wisconsin","Menominee County",2,1,74,37,37
050,55,078,"Wisconsin","Menominee County",2,2,69,33,36
050,55,078,"Wisconsin","Menominee County",2,3,67,37,30
050,55,078,"Wisconsin","Menominee County",2,4,77,42,35
050,55,078,"Wisconsin","Menominee County",2,5,79,36,43
050,55,078,"Wisconsin","Menominee County",2,6,73,34,39
050,55,078,"Wisconsin","Menominee County",2,7,72,40,32
050,55,078,"Wisconsin","Menominee County",2,8,78,46,32
050,55,078,"Wisconsin","Menominee County",2,9,82,46,36
050,55,078,"Wisconsin","Menominee County",2,10,81,48,33
050,55,078,"Wisconsin","Menominee County",2,11,82,45,37
050,55,078,"Wisconsin","Menominee County",2,12,90,48,42
050,55,078,"Wisconsin","Menominee County",2,13,83,46,37
050,55,078,"Wisconsin","Menominee County",2,14,79,43,36
050,55,078,"Wisconsin","Menominee County",2,15,74,38,36
050,55,078,"Wisconsin","Menominee County",2,16,67,31,36
050,55,078,"Wisconsin","Menominee County",2,17,71,32,39
050,55,078,"Wisconsin","Menominee County",2,18,65,33,32
050,55,078,"Wisconsin","Menominee County",2,19,56,25,31
050,55,078,"Wisconsin","Menominee County",2,20,57,26,31
050,55,078,"Wisconsin","Menominee County",2,21,55,27,28
050,55,078,"Wisconsin","Menominee County",2,22,52,27,25
050,55,078,"Wisconsin","Menominee County",2,23,48,30,18
050,55,078,"Wisconsin","Menominee County",2,24,52,29,23
050,55,078,"Wisconsin","Menominee County",2,25,46,26,20
050,55,078,"Wisconsin","Menominee County",2,26,44,19,25
050,55,078,"Wisconsin","Menominee County",2,27,43,20,23
050,55,078,"Wisconsin","Menominee County",2,28,54,23,31
050,55,078,"Wisconsin","Menominee County",2,29,47,21,26
050,55,078,"Wisconsin","Menominee County",2,30,50,24,26
050,55,078,"Wisconsin","Menominee County",2,31,48,24,24
050,55,078,"Wisconsin","Menominee County",2,32,48,24,24
050,55,078,"Wisconsin","Menominee County",2,33,50,23,27
050,55,078,"Wisconsin","Menominee County",2,34,45,19,26
050,55,078,"Wisconsin","Menominee County",2,35,40,18,22
050,55,078,"Wisconsin","Menominee County",2,36,39,19,20
050,55,078,"Wisconsin","Menominee County",2,37,36,17,19
050,55,078,"Wisconsin","Menominee County",2,38,36,18,18
050,55,078,"Wisconsin","Menominee County",2,39,37,18,19
050,55,078,"Wisconsin","Menominee County",2,40,40,19,21
050,55,078,"Wisconsin","Menominee County",2,41,37,14,23
050,55,078,"Wisconsin","Menominee County",2,42,35,10,25
050,55,078,"Wisconsin","Menominee County",2,43,32,13,19
050,55,078,"Wisconsin","Menominee County",2,44,30,15,15
050,55,078,"Wisconsin","Menominee County",2,45,39,18,21
050,55,078,"Wisconsin","Menominee County",2,46,36,14,22
050,55,078,"Wisconsin","Menominee County",2,47,40,14,26
050,55,078,"Wisconsin","Menominee County",2,48,41,20,21
050,55,078,"Wisconsin","Menominee County",2,49,49,27,22
050,55,078,"Wisconsin","Menominee County",2,50,52,24,28
050,55,078,"Wisconsin","Menominee County",2,51,46,18,28
050,55,078,"Wisconsin","Menominee County",2,52,43,18,25
050,55,078,"Wisconsin","Menominee County",2,53,43,22,21
050,55,078,"Wisconsin","Menominee County",2,54,52,27,25
050,55,078,"Wisconsin","Menominee County",2,55,57,28,29
050,55,078,"Wisconsin","Menominee County",2,56,56,26,30
050,55,078,"Wisconsin","Menominee County",2,57,52,23,29
050,55,078,"Wisconsin","Menominee County",2,58,70,29,41
050,55,078,"Wisconsin","Menominee County",2,59,75,36,39
050,55,078,"Wisconsin","Menominee County",2,60,58,29,29
050,55,078,"Wisconsin","Menominee County",2,61,55,28,27
050,55,078,"Wisconsin","Menominee County",2,62,61,31,30
050,55,078,"Wisconsin","Menominee County",2,63,58,30,28
050,55,078,"Wisconsin","Menominee County",2,64,60,30,30
050,55,078,"Wisconsin","Menominee County",2,65,60,29,31
050,55,078,"Wisconsin","Menominee County",2,66,51,25,26
050,55,078,"Wisconsin","Menominee County",2,67,42,19,23
050,55,078,"Wisconsin","Menominee County",2,68,40,18,22
050,55,078,"Wisconsin","Menominee County",2,69,37,16,21
050,55,078,"Wisconsin","Menominee County",2,70,34,13,21
050,55,078,"Wisconsin","Menominee County",2,71,37,15,22
050,55,078,"Wisconsin","Menominee County",2,72,32,13,19
050,55,078,"Wisconsin","Menominee County",2,73,31,17,14
050,55,078,"Wisconsin","Menominee County",2,74,26,13,13
050,55,078,"Wisconsin","Menominee County",2,75,22,12,10
050,55,078,"Wisconsin","Menominee County",2,76,26,13,13
050,55,078,"Wisconsin","Menominee County",2,77,24,12,12
050,55,078,"Wisconsin","Menominee County",2,78,14,5,9
050,55,078,"Wisconsin","Menominee County",2,79,16,6,10
050,55,078,"Wisconsin","Menominee County",2,80,17,8,9
050,55,078,"Wisconsin","Menominee County",2,81,17,7,10
050,55,078,"Wisconsin","Menominee County",2,82,13,4,9
050,55,078,"Wisconsin","Menominee County",2,83,14,7,7
050,55,078,"Wisconsin","Menominee County",2,84,14,6,8
050,55,078,"Wisconsin","Menominee County",2,85,47,24,23
050,55,078,"Wisconsin","Menominee County",3,0,71,35,36
050,55,078,"Wisconsin","Menominee County",3,1,69,36,33
050,55,078,"Wisconsin","Menominee County",3,2,73,38,35
050,55,078,"Wisconsin","Menominee County",3,3,78,35,43
050,55,078,"Wisconsin","Menominee County",3,4,67,35,32
050,55,078,"Wisconsin","Menominee County",3,5,78,44,34
050,55,078,"Wisconsin","Menominee County",3,6,83,39,44
050,55,078,"Wisconsin","Menominee County",3,7,75,39,36
050,55,078,"Wisconsin","Menominee County",3,8,73,40,33
050,55,078,"Wisconsin","Menominee County",3,9,82,48,34
050,55,078,"Wisconsin","Menominee County",3,10,86,48,38
050,55,078,"Wisconsin","Menominee County",3,11,85,52,33
050,55,078,"Wisconsin","Menominee County",3,12,87,46,41
050,55,078,"Wisconsin","Menominee County",3,13,88,48,40
050,55,078,"Wisconsin","Menominee County",3,14,85,48,37
050,55,078,"Wisconsin","Menominee County",3,15,79,42,37
050,55,078,"Wisconsin","Menominee County",3,16,71,38,33
050,55,078,"Wisconsin","Menominee County",3,17,68,29,39
050,55,078,"Wisconsin","Menominee County",3,18,70,30,40
050,55,078,"Wisconsin","Menominee County",3,19,55,29,26
050,55,078,"Wisconsin","Menominee County",3,20,56,24,32
050,55,078,"Wisconsin","Menominee County",3,21,51,25,26
050,55,078,"Wisconsin","Menominee County",3,22,56,28,28
050,55,078,"Wisconsin","Menominee County",3,23,52,27,25
050,55,078,"Wisconsin","Menominee County",3,24,44,24,20
050,55,078,"Wisconsin","Menominee County",3,25,50,28,22
050,55,078,"Wisconsin","Menominee County",3,26,41,22,19
050,55,078,"Wisconsin","Menominee County",3,27,40,17,23
050,55,078,"Wisconsin","Menominee County",3,28,44,18,26
050,55,078,"Wisconsin","Menominee County",3,29,60,26,34
050,55,078,"Wisconsin","Menominee County",3,30,48,22,26
050,55,078,"Wisconsin","Menominee County",3,31,55,26,29
050,55,078,"Wisconsin","Menominee County",3,32,51,25,26
050,55,078,"Wisconsin","Menominee County",3,33,49,23,26
050,55,078,"Wisconsin","Menominee County",3,34,50,23,27
050,55,078,"Wisconsin","Menominee County",3,35,42,17,25
050,55,078,"Wisconsin","Menominee County",3,36,37,17,20
050,55,078,"Wisconsin","Menominee County",3,37,43,21,22
050,55,078,"Wisconsin","Menominee County",3,38,35,16,19
050,55,078,"Wisconsin","Menominee County",3,39,40,20,20
050,55,078,"Wisconsin","Menominee County",3,40,39,19,20
050,55,078,"Wisconsin","Menominee County",3,41,42,21,21
050,55,078,"Wisconsin","Menominee County",3,42,40,16,24
050,55,078,"Wisconsin","Menominee County",3,43,37,10,27
050,55,078,"Wisconsin","Menominee County",3,44,36,13,23
050,55,078,"Wisconsin","Menominee County",3,45,29,14,15
050,55,078,"Wisconsin","Menominee County",3,46,38,20,18
050,55,078,"Wisconsin","Menominee County",3,47,36,14,22
050,55,078,"Wisconsin","Menominee County",3,48,41,16,25
050,55,078,"Wisconsin","Menominee County",3,49,37,18,19
050,55,078,"Wisconsin","Menominee County",3,50,43,23,20
050,55,078,"Wisconsin","Menominee County",3,51,52,22,30
050,55,078,"Wisconsin","Menominee County",3,52,42,17,25
050,55,078,"Wisconsin","Menominee County",3,53,45,22,23
050,55,078,"Wisconsin","Menominee County",3,54,40,17,23
050,55,078,"Wisconsin","Menominee County",3,55,52,23,29
050,55,078,"Wisconsin","Menominee County",3,56,57,26,31
050,55,078,"Wisconsin","Menominee County",3,57,58,29,29
050,55,078,"Wisconsin","Menominee County",3,58,54,24,30
050,55,078,"Wisconsin","Menominee County",3,59,67,30,37
050,55,078,"Wisconsin","Menominee County",3,60,73,33,40
050,55,078,"Wisconsin","Menominee County",3,61,58,30,28
050,55,078,"Wisconsin","Menominee County",3,62,57,30,27
050,55,078,"Wisconsin","Menominee County",3,63,60,29,31
050,55,078,"Wisconsin","Menominee County",3,64,58,29,29
050,55,078,"Wisconsin","Menominee County",3,65,59,30,29
050,55,078,"Wisconsin","Menominee County",3,66,59,28,31
050,55,078,"Wisconsin","Menominee County",3,67,51,25,26
050,55,078,"Wisconsin","Menominee County",3,68,37,15,22
050,55,078,"Wisconsin","Menominee County",3,69,38,17,21
050,55,078,"Wisconsin","Menominee County",3,70,35,14,21
050,55,078,"Wisconsin","Menominee County",3,71,35,12,23
050,55,078,"Wisconsin","Menominee County",3,72,37,15,22
050,55,078,"Wisconsin","Menominee County",3,73,29,12,17
050,55,078,"Wisconsin","Menominee County",3,74,30,17,13
050,55,078,"Wisconsin","Menominee County",3,75,27,15,12
050,55,078,"Wisconsin","Menominee County",3,76,20,10,10
050,55,078,"Wisconsin","Menominee County",3,77,26,13,13
050,55,078,"Wisconsin","Menominee County",3,78,23,12,11
050,55,078,"Wisconsin","Menominee County",3,79,12,4,8
050,55,078,"Wisconsin","Menominee County",3,80,13,6,7
050,55,078,"Wisconsin","Menominee County",3,81,16,7,9
050,55,078,"Wisconsin","Menominee County",3,82,17,7,10
050,55,078,"Wisconsin","Menominee County",3,83,13,4,9
050,55,078,"Wisconsin","Menominee County",3,84,12,6,6
050,55,078,"Wisconsin","Menominee County",3,85,50,22,28
050,55,078,"Wisconsin","Menominee County",4,0,66,36,30
050,55,078,"Wisconsin","Menominee County",4,1,71,36,35
050,55,078,"Wisconsin","Menominee County",4,2,69,34,35
050,55,078,"Wisconsin","Menominee County",4,3,69,34,35
050,55,078,"Wisconsin","Menominee County",4,4,70,31,39
050,55,078,"Wisconsin","Menominee County",4,5,69,37,32
050,55,078,"Wisconsin","Menominee County",4,6,76,46,30
050,55,078,"Wisconsin","Menominee County",4,7,80,35,45
050,55,078,"Wisconsin","Menominee County",4,8,74,36,38
050,55,078,"Wisconsin","Menominee County",4,9,70,40,30
050,55,078,"Wisconsin","Menominee County",4,10,79,50,29
050,55,078,"Wisconsin","Menominee County",4,11,81,42,39
050,55,078,"Wisconsin","Menominee County",4,12,84,54,30
050,55,078,"Wisconsin","Menominee County",4,13,75,39,36
050,55,078,"Wisconsin","Menominee County",4,14,83,46,37
050,55,078,"Wisconsin","Menominee County",4,15,81,46,35
050,55,078,"Wisconsin","Menominee County",4,16,73,39,34
050,55,078,"Wisconsin","Menominee County",4,17,69,36,33
050,55,078,"Wisconsin","Menominee County",4,18,60,27,33
050,55,078,"Wisconsin","Menominee County",4,19,57,25,32
050,55,078,"Wisconsin","Menominee County",4,20,57,29,28
050,55,078,"Wisconsin","Menominee County",4,21,53,23,30
050,55,078,"Wisconsin","Menominee County",4,22,40,23,17
050,55,078,"Wisconsin","Menominee County",4,23,48,26,22
050,55,078,"Wisconsin","Menominee County",4,24,53,28,25
050,55,078,"Wisconsin","Menominee County",4,25,32,23,9
050,55,078,"Wisconsin","Menominee County",4,26,51,27,24
050,55,078,"Wisconsin","Menominee County",4,27,37,17,20
050,55,078,"Wisconsin","Menominee County",4,28,40,19,21
050,55,078,"Wisconsin","Menominee County",4,29,44,22,22
050,55,078,"Wisconsin","Menominee County",4,30,58,25,33
050,55,078,"Wisconsin","Menominee County",4,31,46,20,26
050,55,078,"Wisconsin","Menominee County",4,32,49,23,26
050,55,078,"Wisconsin","Menominee County",4,33,49,24,25
050,55,078,"Wisconsin","Menominee County",4,34,47,21,26
050,55,078,"Wisconsin","Menominee County",4,35,47,21,26
050,55,078,"Wisconsin","Menominee County",4,36,41,17,24
050,55,078,"Wisconsin","Menominee County",4,37,37,16,21
050,55,078,"Wisconsin","Menominee County",4,38,40,19,21
050,55,078,"Wisconsin","Menominee County",4,39,38,17,21
050,55,078,"Wisconsin","Menominee County",4,40,40,20,20
050,55,078,"Wisconsin","Menominee County",4,41,36,17,19
050,55,078,"Wisconsin","Menominee County",4,42,42,22,20
050,55,078,"Wisconsin","Menominee County",4,43,37,16,21
050,55,078,"Wisconsin","Menominee County",4,44,36,10,26
050,55,078,"Wisconsin","Menominee County",4,45,34,13,21
050,55,078,"Wisconsin","Menominee County",4,46,30,14,16
050,55,078,"Wisconsin","Menominee County",4,47,35,18,17
050,55,078,"Wisconsin","Menominee County",4,48,37,15,22
050,55,078,"Wisconsin","Menominee County",4,49,38,13,25
050,55,078,"Wisconsin","Menominee County",4,50,37,17,20
050,55,078,"Wisconsin","Menominee County",4,51,41,24,17
050,55,078,"Wisconsin","Menominee County",4,52,48,16,32
050,55,078,"Wisconsin","Menominee County",4,53,42,17,25
050,55,078,"Wisconsin","Menominee County",4,54,44,21,23
050,55,078,"Wisconsin","Menominee County",4,55,36,15,21
050,55,078,"Wisconsin","Menominee County",4,56,55,25,30
050,55,078,"Wisconsin","Menominee County",4,57,60,26,34
050,55,078,"Wisconsin","Menominee County",4,58,64,30,34
050,55,078,"Wisconsin","Menominee County",4,59,54,25,29
050,55,078,"Wisconsin","Menominee County",4,60,68,31,37
050,55,078,"Wisconsin","Menominee County",4,61,76,34,42
050,55,078,"Wisconsin","Menominee County",4,62,62,31,31
050,55,078,"Wisconsin","Menominee County",4,63,61,30,31
050,55,078,"Wisconsin","Menominee County",4,64,68,34,34
050,55,078,"Wisconsin","Menominee County",4,65,57,30,27
050,55,078,"Wisconsin","Menominee County",4,66,61,30,31
050,55,078,"Wisconsin","Menominee County",4,67,59,27,32
050,55,078,"Wisconsin","Menominee County",4,68,48,23,25
050,55,078,"Wisconsin","Menominee County",4,69,41,17,24
050,55,078,"Wisconsin","Menominee County",4,70,37,18,19
050,55,078,"Wisconsin","Menominee County",4,71,34,13,21
050,55,078,"Wisconsin","Menominee County",4,72,35,12,23
050,55,078,"Wisconsin","Menominee County",4,73,35,14,21
050,55,078,"Wisconsin","Menominee County",4,74,26,10,16
050,55,078,"Wisconsin","Menominee County",4,75,27,15,12
050,55,078,"Wisconsin","Menominee County",4,76,26,15,11
050,55,078,"Wisconsin","Menominee County",4,77,19,10,9
050,55,078,"Wisconsin","Menominee County",4,78,25,12,13
050,55,078,"Wisconsin","Menominee County",4,79,18,11,7
050,55,078,"Wisconsin","Menominee County",4,80,7,2,5
050,55,078,"Wisconsin","Menominee County",4,81,12,5,7
050,55,078,"Wisconsin","Menominee County",4,82,14,5,9
050,55,078,"Wisconsin","Menominee County",4,83,15,7,8
050,55,078,"Wisconsin","Menominee County",4,84,12,5,7
050,55,078,"Wisconsin","Menominee County",4,85,54,20,34
050,55,078,"Wisconsin","Menominee County",5,0,64,35,29
050,55,078,"Wisconsin","Menominee County",5,1,66,36,30
050,55,078,"Wisconsin","Menominee County",5,2,73,38,35
050,55,078,"Wisconsin","Menominee County",5,3,68,34,34
050,55,078,"Wisconsin","Menominee County",5,4,67,34,33
050,55,078,"Wisconsin","Menominee County",5,5,69,26,43
050,55,078,"Wisconsin","Menominee County",5,6,69,33,36
050,55,078,"Wisconsin","Menominee County",5,7,78,46,32
050,55,078,"Wisconsin","Menominee County",5,8,82,35,47
050,55,078,"Wisconsin","Menominee County",5,9,80,37,43
050,55,078,"Wisconsin","Menominee County",5,10,71,40,31
050,55,078,"Wisconsin","Menominee County",5,11,79,50,29
050,55,078,"Wisconsin","Menominee County",5,12,85,49,36
050,55,078,"Wisconsin","Menominee County",5,13,82,51,31
050,55,078,"Wisconsin","Menominee County",5,14,79,41,38
050,55,078,"Wisconsin","Menominee County",5,15,79,46,33
050,55,078,"Wisconsin","Menominee County",5,16,83,48,35
050,55,078,"Wisconsin","Menominee County",5,17,70,36,34
050,55,078,"Wisconsin","Menominee County",5,18,65,32,33
050,55,078,"Wisconsin","Menominee County",5,19,47,19,28
050,55,078,"Wisconsin","Menominee County",5,20,51,22,29
050,55,078,"Wisconsin","Menominee County",5,21,52,27,25
050,55,078,"Wisconsin","Menominee County",5,22,51,22,29
050,55,078,"Wisconsin","Menominee County",5,23,35,18,17
050,55,078,"Wisconsin","Menominee County",5,24,45,23,22
050,55,078,"Wisconsin","Menominee County",5,25,46,23,23
050,55,078,"Wisconsin","Menominee County",5,26,34,24,10
050,55,078,"Wisconsin","Menominee County",5,27,52,29,23
050,55,078,"Wisconsin","Menominee County",5,28,37,16,21
050,55,078,"Wisconsin","Menominee County",5,29,37,17,20
050,55,078,"Wisconsin","Menominee County",5,30,39,19,20
050,55,078,"Wisconsin","Menominee County",5,31,57,24,33
050,55,078,"Wisconsin","Menominee County",5,32,46,20,26
050,55,078,"Wisconsin","Menominee County",5,33,48,22,26
050,55,078,"Wisconsin","Menominee County",5,34,48,20,28
050,55,078,"Wisconsin","Menominee County",5,35,48,21,27
050,55,078,"Wisconsin","Menominee County",5,36,52,25,27
050,55,078,"Wisconsin","Menominee County",5,37,47,19,28
050,55,078,"Wisconsin","Menominee County",5,38,40,21,19
050,55,078,"Wisconsin","Menominee County",5,39,44,20,24
050,55,078,"Wisconsin","Menominee County",5,40,35,17,18
050,55,078,"Wisconsin","Menominee County",5,41,41,20,21
050,55,078,"Wisconsin","Menominee County",5,42,37,16,21
050,55,078,"Wisconsin","Menominee County",5,43,44,21,23
050,55,078,"Wisconsin","Menominee County",5,44,38,16,22
050,55,078,"Wisconsin","Menominee County",5,45,39,13,26
050,55,078,"Wisconsin","Menominee County",5,46,33,14,19
050,55,078,"Wisconsin","Menominee County",5,47,31,15,16
050,55,078,"Wisconsin","Menominee County",5,48,37,19,18
050,55,078,"Wisconsin","Menominee County",5,49,36,15,21
050,55,078,"Wisconsin","Menominee County",5,50,37,12,25
050,55,078,"Wisconsin","Menominee County",5,51,38,17,21
050,55,078,"Wisconsin","Menominee County",5,52,39,20,19
050,55,078,"Wisconsin","Menominee County",5,53,48,14,34
050,55,078,"Wisconsin","Menominee County",5,54,41,17,24
050,55,078,"Wisconsin","Menominee County",5,55,42,19,23
050,55,078,"Wisconsin","Menominee County",5,56,36,15,21
050,55,078,"Wisconsin","Menominee County",5,57,54,23,31
050,55,078,"Wisconsin","Menominee County",5,58,59,26,33
050,55,078,"Wisconsin","Menominee County",5,59,69,30,39
050,55,078,"Wisconsin","Menominee County",5,60,55,26,29
050,55,078,"Wisconsin","Menominee County",5,61,72,33,39
050,55,078,"Wisconsin","Menominee County",5,62,85,38,47
050,55,078,"Wisconsin","Menominee County",5,63,68,37,31
050,55,078,"Wisconsin","Menominee County",5,64,65,31,34
050,55,078,"Wisconsin","Menominee County",5,65,66,33,33
050,55,078,"Wisconsin","Menominee County",5,66,53,28,25
050,55,078,"Wisconsin","Menominee County",5,67,63,31,32
050,55,078,"Wisconsin","Menominee County",5,68,53,23,30
050,55,078,"Wisconsin","Menominee County",5,69,48,23,25
050,55,078,"Wisconsin","Menominee County",5,70,39,16,23
050,55,078,"Wisconsin","Menominee County",5,71,37,17,20
050,55,078,"Wisconsin","Menominee County",5,72,35,14,21
050,55,078,"Wisconsin","Menominee County",5,73,33,11,22
050,55,078,"Wisconsin","Menominee County",5,74,32,12,20
050,55,078,"Wisconsin","Menominee County",5,75,22,8,14
050,55,078,"Wisconsin","Menominee County",5,76,26,15,11
050,55,078,"Wisconsin","Menominee County",5,77,26,15,11
050,55,078,"Wisconsin","Menominee County",5,78,20,9,11
050,55,078,"Wisconsin","Menominee County",5,79,21,12,9
050,55,078,"Wisconsin","Menominee County",5,80,13,9,4
050,55,078,"Wisconsin","Menominee County",5,81,6,1,5
050,55,078,"Wisconsin","Menominee County",5,82,9,2,7
050,55,078,"Wisconsin","Menominee County",5,83,13,5,8
050,55,078,"Wisconsin","Menominee County",5,84,13,6,7
050,55,078,"Wisconsin","Menominee County",5,85,54,17,37
050,55,079,"Wisconsin","Milwaukee County",1,0,12618,6414,6204
050,55,079,"Wisconsin","Milwaukee County",1,1,12510,6318,6192
050,55,079,"Wisconsin","Milwaukee County",1,2,12653,6397,6256
050,55,079,"Wisconsin","Milwaukee County",1,3,12650,6403,6247
050,55,079,"Wisconsin","Milwaukee County",1,4,12688,6518,6170
050,55,079,"Wisconsin","Milwaukee County",1,5,12620,6466,6154
050,55,079,"Wisconsin","Milwaukee County",1,6,12325,6352,5973
050,55,079,"Wisconsin","Milwaukee County",1,7,12441,6369,6072
050,55,079,"Wisconsin","Milwaukee County",1,8,12507,6417,6090
050,55,079,"Wisconsin","Milwaukee County",1,9,12541,6385,6156
050,55,079,"Wisconsin","Milwaukee County",1,10,12901,6578,6323
050,55,079,"Wisconsin","Milwaukee County",1,11,12992,6658,6334
050,55,079,"Wisconsin","Milwaukee County",1,12,13233,6733,6500
050,55,079,"Wisconsin","Milwaukee County",1,13,13026,6559,6467
050,55,079,"Wisconsin","Milwaukee County",1,14,12502,6412,6090
050,55,079,"Wisconsin","Milwaukee County",1,15,12119,6171,5948
050,55,079,"Wisconsin","Milwaukee County",1,16,12144,6180,5964
050,55,079,"Wisconsin","Milwaukee County",1,17,11871,6045,5826
050,55,079,"Wisconsin","Milwaukee County",1,18,12602,6413,6189
050,55,079,"Wisconsin","Milwaukee County",1,19,13622,6965,6657
050,55,079,"Wisconsin","Milwaukee County",1,20,12173,6205,5968
050,55,079,"Wisconsin","Milwaukee County",1,21,11382,5723,5659
050,55,079,"Wisconsin","Milwaukee County",1,22,11631,5731,5900
050,55,079,"Wisconsin","Milwaukee County",1,23,12882,6199,6683
050,55,079,"Wisconsin","Milwaukee County",1,24,13992,6876,7116
050,55,079,"Wisconsin","Milwaukee County",1,25,14836,7294,7542
050,55,079,"Wisconsin","Milwaukee County",1,26,15499,7609,7890
050,55,079,"Wisconsin","Milwaukee County",1,27,15835,7722,8113
050,55,079,"Wisconsin","Milwaukee County",1,28,15848,7692,8156
050,55,079,"Wisconsin","Milwaukee County",1,29,15709,7539,8170
050,55,079,"Wisconsin","Milwaukee County",1,30,15833,7712,8121
050,55,079,"Wisconsin","Milwaukee County",1,31,15363,7545,7818
050,55,079,"Wisconsin","Milwaukee County",1,32,14885,7250,7635
050,55,079,"Wisconsin","Milwaukee County",1,33,14270,7057,7213
050,55,079,"Wisconsin","Milwaukee County",1,34,13995,6837,7158
050,55,079,"Wisconsin","Milwaukee County",1,35,13766,6717,7049
050,55,079,"Wisconsin","Milwaukee County",1,36,13200,6459,6741
050,55,079,"Wisconsin","Milwaukee County",1,37,13222,6420,6802
050,55,079,"Wisconsin","Milwaukee County",1,38,13023,6357,6666
050,55,079,"Wisconsin","Milwaukee County",1,39,12835,6317,6518
050,55,079,"Wisconsin","Milwaukee County",1,40,12507,6051,6456
050,55,079,"Wisconsin","Milwaukee County",1,41,11844,5709,6135
050,55,079,"Wisconsin","Milwaukee County",1,42,11512,5560,5952
050,55,079,"Wisconsin","Milwaukee County",1,43,11037,5347,5690
050,55,079,"Wisconsin","Milwaukee County",1,44,10575,5150,5425
050,55,079,"Wisconsin","Milwaukee County",1,45,10621,5188,5433
050,55,079,"Wisconsin","Milwaukee County",1,46,10109,4880,5229
050,55,079,"Wisconsin","Milwaukee County",1,47,10273,5031,5242
050,55,079,"Wisconsin","Milwaukee County",1,48,10665,5216,5449
050,55,079,"Wisconsin","Milwaukee County",1,49,11313,5599,5714
050,55,079,"Wisconsin","Milwaukee County",1,50,10932,5477,5455
050,55,079,"Wisconsin","Milwaukee County",1,51,10594,5306,5288
050,55,079,"Wisconsin","Milwaukee County",1,52,10504,5155,5349
050,55,079,"Wisconsin","Milwaukee County",1,53,10720,5263,5457
050,55,079,"Wisconsin","Milwaukee County",1,54,10715,5242,5473
050,55,079,"Wisconsin","Milwaukee County",1,55,11015,5320,5695
050,55,079,"Wisconsin","Milwaukee County",1,56,11143,5403,5740
050,55,079,"Wisconsin","Milwaukee County",1,57,11233,5455,5778
050,55,079,"Wisconsin","Milwaukee County",1,58,11516,5566,5950
050,55,079,"Wisconsin","Milwaukee County",1,59,11745,5748,5997
050,55,079,"Wisconsin","Milwaukee County",1,60,11533,5566,5967
050,55,079,"Wisconsin","Milwaukee County",1,61,11409,5481,5928
050,55,079,"Wisconsin","Milwaukee County",1,62,11235,5325,5910
050,55,079,"Wisconsin","Milwaukee County",1,63,10852,5185,5667
050,55,079,"Wisconsin","Milwaukee County",1,64,10575,5032,5543
050,55,079,"Wisconsin","Milwaukee County",1,65,10296,4917,5379
050,55,079,"Wisconsin","Milwaukee County",1,66,9634,4513,5121
050,55,079,"Wisconsin","Milwaukee County",1,67,9130,4283,4847
050,55,079,"Wisconsin","Milwaukee County",1,68,8804,4175,4629
050,55,079,"Wisconsin","Milwaukee County",1,69,8184,3824,4360
050,55,079,"Wisconsin","Milwaukee County",1,70,7811,3616,4195
050,55,079,"Wisconsin","Milwaukee County",1,71,7259,3360,3899
050,55,079,"Wisconsin","Milwaukee County",1,72,7026,3253,3773
050,55,079,"Wisconsin","Milwaukee County",1,73,6768,3114,3654
050,55,079,"Wisconsin","Milwaukee County",1,74,4667,2094,2573
050,55,079,"Wisconsin","Milwaukee County",1,75,4525,2005,2520
050,55,079,"Wisconsin","Milwaukee County",1,76,4385,1918,2467
050,55,079,"Wisconsin","Milwaukee County",1,77,4322,1819,2503
050,55,079,"Wisconsin","Milwaukee County",1,78,3783,1592,2191
050,55,079,"Wisconsin","Milwaukee County",1,79,3343,1358,1985
050,55,079,"Wisconsin","Milwaukee County",1,80,3000,1186,1814
050,55,079,"Wisconsin","Milwaukee County",1,81,3014,1175,1839
050,55,079,"Wisconsin","Milwaukee County",1,82,2905,1183,1722
050,55,079,"Wisconsin","Milwaukee County",1,83,2600,1011,1589
050,55,079,"Wisconsin","Milwaukee County",1,84,2511,985,1526
050,55,079,"Wisconsin","Milwaukee County",1,85,16583,5441,11142
050,55,079,"Wisconsin","Milwaukee County",2,0,12456,6356,6100
050,55,079,"Wisconsin","Milwaukee County",2,1,12500,6327,6173
050,55,079,"Wisconsin","Milwaukee County",2,2,12586,6364,6222
050,55,079,"Wisconsin","Milwaukee County",2,3,12576,6375,6201
050,55,079,"Wisconsin","Milwaukee County",2,4,12646,6478,6168
050,55,079,"Wisconsin","Milwaukee County",2,5,12605,6474,6131
050,55,079,"Wisconsin","Milwaukee County",2,6,12366,6360,6006
050,55,079,"Wisconsin","Milwaukee County",2,7,12372,6349,6023
050,55,079,"Wisconsin","Milwaukee County",2,8,12427,6369,6058
050,55,079,"Wisconsin","Milwaukee County",2,9,12491,6369,6122
050,55,079,"Wisconsin","Milwaukee County",2,10,12772,6513,6259
050,55,079,"Wisconsin","Milwaukee County",2,11,12874,6587,6287
050,55,079,"Wisconsin","Milwaukee County",2,12,13195,6726,6469
050,55,079,"Wisconsin","Milwaukee County",2,13,13033,6584,6449
050,55,079,"Wisconsin","Milwaukee County",2,14,12590,6423,6167
050,55,079,"Wisconsin","Milwaukee County",2,15,12179,6218,5961
050,55,079,"Wisconsin","Milwaukee County",2,16,12111,6171,5940
050,55,079,"Wisconsin","Milwaukee County",2,17,11905,6066,5839
050,55,079,"Wisconsin","Milwaukee County",2,18,12534,6383,6151
050,55,079,"Wisconsin","Milwaukee County",2,19,13652,6963,6689
050,55,079,"Wisconsin","Milwaukee County",2,20,12324,6279,6045
050,55,079,"Wisconsin","Milwaukee County",2,21,11421,5735,5686
050,55,079,"Wisconsin","Milwaukee County",2,22,11799,5818,5981
050,55,079,"Wisconsin","Milwaukee County",2,23,12865,6209,6656
050,55,079,"Wisconsin","Milwaukee County",2,24,13859,6778,7081
050,55,079,"Wisconsin","Milwaukee County",2,25,14723,7248,7475
050,55,079,"Wisconsin","Milwaukee County",2,26,15428,7597,7831
050,55,079,"Wisconsin","Milwaukee County",2,27,15733,7700,8033
050,55,079,"Wisconsin","Milwaukee County",2,28,15830,7709,8121
050,55,079,"Wisconsin","Milwaukee County",2,29,15696,7549,8147
050,55,079,"Wisconsin","Milwaukee County",2,30,15814,7680,8134
050,55,079,"Wisconsin","Milwaukee County",2,31,15358,7528,7830
050,55,079,"Wisconsin","Milwaukee County",2,32,14902,7279,7623
050,55,079,"Wisconsin","Milwaukee County",2,33,14358,7077,7281
050,55,079,"Wisconsin","Milwaukee County",2,34,13971,6835,7136
050,55,079,"Wisconsin","Milwaukee County",2,35,13826,6762,7064
050,55,079,"Wisconsin","Milwaukee County",2,36,13195,6440,6755
050,55,079,"Wisconsin","Milwaukee County",2,37,13169,6401,6768
050,55,079,"Wisconsin","Milwaukee County",2,38,13054,6356,6698
050,55,079,"Wisconsin","Milwaukee County",2,39,12772,6273,6499
050,55,079,"Wisconsin","Milwaukee County",2,40,12615,6130,6485
050,55,079,"Wisconsin","Milwaukee County",2,41,11941,5767,6174
050,55,079,"Wisconsin","Milwaukee County",2,42,11496,5551,5945
050,55,079,"Wisconsin","Milwaukee County",2,43,11194,5420,5774
050,55,079,"Wisconsin","Milwaukee County",2,44,10555,5132,5423
050,55,079,"Wisconsin","Milwaukee County",2,45,10626,5191,5435
050,55,079,"Wisconsin","Milwaukee County",2,46,10158,4914,5244
050,55,079,"Wisconsin","Milwaukee County",2,47,10187,4964,5223
050,55,079,"Wisconsin","Milwaukee County",2,48,10531,5152,5379
050,55,079,"Wisconsin","Milwaukee County",2,49,11160,5511,5649
050,55,079,"Wisconsin","Milwaukee County",2,50,11014,5499,5515
050,55,079,"Wisconsin","Milwaukee County",2,51,10595,5311,5284
050,55,079,"Wisconsin","Milwaukee County",2,52,10477,5168,5309
050,55,079,"Wisconsin","Milwaukee County",2,53,10612,5208,5404
050,55,079,"Wisconsin","Milwaukee County",2,54,10655,5221,5434
050,55,079,"Wisconsin","Milwaukee County",2,55,10903,5276,5627
050,55,079,"Wisconsin","Milwaukee County",2,56,11111,5387,5724
050,55,079,"Wisconsin","Milwaukee County",2,57,11194,5438,5756
050,55,079,"Wisconsin","Milwaukee County",2,58,11396,5507,5889
050,55,079,"Wisconsin","Milwaukee County",2,59,11663,5702,5961
050,55,079,"Wisconsin","Milwaukee County",2,60,11508,5571,5937
050,55,079,"Wisconsin","Milwaukee County",2,61,11351,5453,5898
050,55,079,"Wisconsin","Milwaukee County",2,62,11186,5314,5872
050,55,079,"Wisconsin","Milwaukee County",2,63,10937,5207,5730
050,55,079,"Wisconsin","Milwaukee County",2,64,10508,5000,5508
050,55,079,"Wisconsin","Milwaukee County",2,65,10253,4885,5368
050,55,079,"Wisconsin","Milwaukee County",2,66,9737,4579,5158
050,55,079,"Wisconsin","Milwaukee County",2,67,9142,4283,4859
050,55,079,"Wisconsin","Milwaukee County",2,68,8782,4144,4638
050,55,079,"Wisconsin","Milwaukee County",2,69,8332,3897,4435
050,55,079,"Wisconsin","Milwaukee County",2,70,7837,3637,4200
050,55,079,"Wisconsin","Milwaukee County",2,71,7333,3391,3942
050,55,079,"Wisconsin","Milwaukee County",2,72,6925,3202,3723
050,55,079,"Wisconsin","Milwaukee County",2,73,7042,3248,3794
050,55,079,"Wisconsin","Milwaukee County",2,74,4832,2179,2653
050,55,079,"Wisconsin","Milwaukee County",2,75,4526,2011,2515
050,55,079,"Wisconsin","Milwaukee County",2,76,4327,1896,2431
050,55,079,"Wisconsin","Milwaukee County",2,77,4365,1852,2513
050,55,079,"Wisconsin","Milwaukee County",2,78,3801,1593,2208
050,55,079,"Wisconsin","Milwaukee County",2,79,3391,1384,2007
050,55,079,"Wisconsin","Milwaukee County",2,80,3015,1198,1817
050,55,079,"Wisconsin","Milwaukee County",2,81,2952,1153,1799
050,55,079,"Wisconsin","Milwaukee County",2,82,2898,1166,1732
050,55,079,"Wisconsin","Milwaukee County",2,83,2617,1028,1589
050,55,079,"Wisconsin","Milwaukee County",2,84,2469,971,1498
050,55,079,"Wisconsin","Milwaukee County",2,85,16434,5400,11034
050,55,079,"Wisconsin","Milwaukee County",3,0,11836,5990,5846
050,55,079,"Wisconsin","Milwaukee County",3,1,12058,6198,5860
050,55,079,"Wisconsin","Milwaukee County",3,2,12094,6095,5999
050,55,079,"Wisconsin","Milwaukee County",3,3,12304,6171,6133
050,55,079,"Wisconsin","Milwaukee County",3,4,12263,6226,6037
050,55,079,"Wisconsin","Milwaukee County",3,5,12441,6359,6082
050,55,079,"Wisconsin","Milwaukee County",3,6,12351,6373,5978
050,55,079,"Wisconsin","Milwaukee County",3,7,12154,6258,5896
050,55,079,"Wisconsin","Milwaukee County",3,8,12169,6225,5944
050,55,079,"Wisconsin","Milwaukee County",3,9,12215,6268,5947
050,55,079,"Wisconsin","Milwaukee County",3,10,12284,6278,6006
050,55,079,"Wisconsin","Milwaukee County",3,11,12520,6438,6082
050,55,079,"Wisconsin","Milwaukee County",3,12,12695,6522,6173
050,55,079,"Wisconsin","Milwaukee County",3,13,13033,6617,6416
050,55,079,"Wisconsin","Milwaukee County",3,14,12847,6470,6377
050,55,079,"Wisconsin","Milwaukee County",3,15,12391,6312,6079
050,55,079,"Wisconsin","Milwaukee County",3,16,12008,6113,5895
050,55,079,"Wisconsin","Milwaukee County",3,17,12045,6113,5932
050,55,079,"Wisconsin","Milwaukee County",3,18,11725,6008,5717
050,55,079,"Wisconsin","Milwaukee County",3,19,11961,6085,5876
050,55,079,"Wisconsin","Milwaukee County",3,20,11547,5815,5732
050,55,079,"Wisconsin","Milwaukee County",3,21,11373,5667,5706
050,55,079,"Wisconsin","Milwaukee County",3,22,11606,5696,5910
050,55,079,"Wisconsin","Milwaukee County",3,23,12585,6096,6489
050,55,079,"Wisconsin","Milwaukee County",3,24,13485,6450,7035
050,55,079,"Wisconsin","Milwaukee County",3,25,14226,6988,7238
050,55,079,"Wisconsin","Milwaukee County",3,26,14907,7323,7584
050,55,079,"Wisconsin","Milwaukee County",3,27,15248,7501,7747
050,55,079,"Wisconsin","Milwaukee County",3,28,15426,7502,7924
050,55,079,"Wisconsin","Milwaukee County",3,29,15621,7592,8029
050,55,079,"Wisconsin","Milwaukee County",3,30,15266,7346,7920
050,55,079,"Wisconsin","Milwaukee County",3,31,15163,7354,7809
050,55,079,"Wisconsin","Milwaukee County",3,32,14802,7260,7542
050,55,079,"Wisconsin","Milwaukee County",3,33,14257,6918,7339
050,55,079,"Wisconsin","Milwaukee County",3,34,13856,6784,7072
050,55,079,"Wisconsin","Milwaukee County",3,35,13476,6582,6894
050,55,079,"Wisconsin","Milwaukee County",3,36,13358,6479,6879
050,55,079,"Wisconsin","Milwaukee County",3,37,12784,6209,6575
050,55,079,"Wisconsin","Milwaukee County",3,38,12689,6112,6577
050,55,079,"Wisconsin","Milwaukee County",3,39,12705,6162,6543
050,55,079,"Wisconsin","Milwaukee County",3,40,12438,6099,6339
050,55,079,"Wisconsin","Milwaukee County",3,41,12302,5958,6344
050,55,079,"Wisconsin","Milwaukee County",3,42,11722,5629,6093
050,55,079,"Wisconsin","Milwaukee County",3,43,11201,5376,5825
050,55,079,"Wisconsin","Milwaukee County",3,44,10863,5230,5633
050,55,079,"Wisconsin","Milwaukee County",3,45,10401,5056,5345
050,55,079,"Wisconsin","Milwaukee County",3,46,10378,5028,5350
050,55,079,"Wisconsin","Milwaukee County",3,47,9959,4776,5183
050,55,079,"Wisconsin","Milwaukee County",3,48,9940,4842,5098
050,55,079,"Wisconsin","Milwaukee County",3,49,10368,5073,5295
050,55,079,"Wisconsin","Milwaukee County",3,50,10981,5401,5580
050,55,079,"Wisconsin","Milwaukee County",3,51,10806,5386,5420
050,55,079,"Wisconsin","Milwaukee County",3,52,10370,5173,5197
050,55,079,"Wisconsin","Milwaukee County",3,53,10327,5096,5231
050,55,079,"Wisconsin","Milwaukee County",3,54,10313,5065,5248
050,55,079,"Wisconsin","Milwaukee County",3,55,10380,5086,5294
050,55,079,"Wisconsin","Milwaukee County",3,56,10637,5139,5498
050,55,079,"Wisconsin","Milwaukee County",3,57,10859,5238,5621
050,55,079,"Wisconsin","Milwaukee County",3,58,10897,5251,5646
050,55,079,"Wisconsin","Milwaukee County",3,59,11146,5408,5738
050,55,079,"Wisconsin","Milwaukee County",3,60,11278,5487,5791
050,55,079,"Wisconsin","Milwaukee County",3,61,11204,5385,5819
050,55,079,"Wisconsin","Milwaukee County",3,62,10974,5256,5718
050,55,079,"Wisconsin","Milwaukee County",3,63,10822,5121,5701
050,55,079,"Wisconsin","Milwaukee County",3,64,10589,5042,5547
050,55,079,"Wisconsin","Milwaukee County",3,65,10180,4812,5368
050,55,079,"Wisconsin","Milwaukee County",3,66,9952,4726,5226
050,55,079,"Wisconsin","Milwaukee County",3,67,9375,4402,4973
050,55,079,"Wisconsin","Milwaukee County",3,68,8882,4128,4754
050,55,079,"Wisconsin","Milwaukee County",3,69,8506,4002,4504
050,55,079,"Wisconsin","Milwaukee County",3,70,8032,3732,4300
050,55,079,"Wisconsin","Milwaukee County",3,71,7554,3490,4064
050,55,079,"Wisconsin","Milwaukee County",3,72,7089,3259,3830
050,55,079,"Wisconsin","Milwaukee County",3,73,6669,3038,3631
050,55,079,"Wisconsin","Milwaukee County",3,74,6765,3105,3660
050,55,079,"Wisconsin","Milwaukee County",3,75,4635,2070,2565
050,55,079,"Wisconsin","Milwaukee County",3,76,4346,1925,2421
050,55,079,"Wisconsin","Milwaukee County",3,77,4087,1784,2303
050,55,079,"Wisconsin","Milwaukee County",3,78,4186,1758,2428
050,55,079,"Wisconsin","Milwaukee County",3,79,3614,1502,2112
050,55,079,"Wisconsin","Milwaukee County",3,80,3116,1262,1854
050,55,079,"Wisconsin","Milwaukee County",3,81,2831,1103,1728
050,55,079,"Wisconsin","Milwaukee County",3,82,2761,1069,1692
050,55,079,"Wisconsin","Milwaukee County",3,83,2677,1047,1630
050,55,079,"Wisconsin","Milwaukee County",3,84,2387,945,1442
050,55,079,"Wisconsin","Milwaukee County",3,85,15703,5239,10464
050,55,079,"Wisconsin","Milwaukee County",4,0,11582,5811,5771
050,55,079,"Wisconsin","Milwaukee County",4,1,11589,5857,5732
050,55,079,"Wisconsin","Milwaukee County",4,2,11710,6002,5708
050,55,079,"Wisconsin","Milwaukee County",4,3,11868,5963,5905
050,55,079,"Wisconsin","Milwaukee County",4,4,12106,6098,6008
050,55,079,"Wisconsin","Milwaukee County",4,5,12093,6156,5937
050,55,079,"Wisconsin","Milwaukee County",4,6,12242,6282,5960
050,55,079,"Wisconsin","Milwaukee County",4,7,12154,6281,5873
050,55,079,"Wisconsin","Milwaukee County",4,8,11897,6104,5793
050,55,079,"Wisconsin","Milwaukee County",4,9,11933,6090,5843
050,55,079,"Wisconsin","Milwaukee County",4,10,12001,6203,5798
050,55,079,"Wisconsin","Milwaukee County",4,11,12077,6157,5920
050,55,079,"Wisconsin","Milwaukee County",4,12,12316,6307,6009
050,55,079,"Wisconsin","Milwaukee County",4,13,12506,6402,6104
050,55,079,"Wisconsin","Milwaukee County",4,14,12861,6540,6321
050,55,079,"Wisconsin","Milwaukee County",4,15,12667,6386,6281
050,55,079,"Wisconsin","Milwaukee County",4,16,12235,6218,6017
050,55,079,"Wisconsin","Milwaukee County",4,17,11884,6055,5829
050,55,079,"Wisconsin","Milwaukee County",4,18,12173,6226,5947
050,55,079,"Wisconsin","Milwaukee County",4,19,12600,6448,6152
050,55,079,"Wisconsin","Milwaukee County",4,20,11665,5897,5768
050,55,079,"Wisconsin","Milwaukee County",4,21,11376,5639,5737
050,55,079,"Wisconsin","Milwaukee County",4,22,12092,5948,6144
050,55,079,"Wisconsin","Milwaukee County",4,23,12709,6123,6586
050,55,079,"Wisconsin","Milwaukee County",4,24,13515,6558,6957
050,55,079,"Wisconsin","Milwaukee County",4,25,14031,6723,7308
050,55,079,"Wisconsin","Milwaukee County",4,26,14488,7144,7344
050,55,079,"Wisconsin","Milwaukee County",4,27,14920,7394,7526
050,55,079,"Wisconsin","Milwaukee County",4,28,15055,7421,7634
050,55,079,"Wisconsin","Milwaukee County",4,29,15219,7365,7854
050,55,079,"Wisconsin","Milwaukee County",4,30,15415,7505,7910
050,55,079,"Wisconsin","Milwaukee County",4,31,14945,7173,7772
050,55,079,"Wisconsin","Milwaukee County",4,32,14752,7123,7629
050,55,079,"Wisconsin","Milwaukee County",4,33,14443,7133,7310
050,55,079,"Wisconsin","Milwaukee County",4,34,13820,6669,7151
050,55,079,"Wisconsin","Milwaukee County",4,35,13502,6630,6872
050,55,079,"Wisconsin","Milwaukee County",4,36,13104,6376,6728
050,55,079,"Wisconsin","Milwaukee County",4,37,12937,6244,6693
050,55,079,"Wisconsin","Milwaukee County",4,38,12423,6045,6378
050,55,079,"Wisconsin","Milwaukee County",4,39,12413,5978,6435
050,55,079,"Wisconsin","Milwaukee County",4,40,12433,5996,6437
050,55,079,"Wisconsin","Milwaukee County",4,41,12194,5994,6200
050,55,079,"Wisconsin","Milwaukee County",4,42,12011,5814,6197
050,55,079,"Wisconsin","Milwaukee County",4,43,11438,5479,5959
050,55,079,"Wisconsin","Milwaukee County",4,44,10952,5239,5713
050,55,079,"Wisconsin","Milwaukee County",4,45,10715,5171,5544
050,55,079,"Wisconsin","Milwaukee County",4,46,10137,4897,5240
050,55,079,"Wisconsin","Milwaukee County",4,47,10141,4889,5252
050,55,079,"Wisconsin","Milwaukee County",4,48,9731,4639,5092
050,55,079,"Wisconsin","Milwaukee County",4,49,9755,4720,5035
050,55,079,"Wisconsin","Milwaukee County",4,50,10167,4984,5183
050,55,079,"Wisconsin","Milwaukee County",4,51,10683,5231,5452
050,55,079,"Wisconsin","Milwaukee County",4,52,10501,5226,5275
050,55,079,"Wisconsin","Milwaukee County",4,53,10160,5081,5079
050,55,079,"Wisconsin","Milwaukee County",4,54,10137,5004,5133
050,55,079,"Wisconsin","Milwaukee County",4,55,10140,4968,5172
050,55,079,"Wisconsin","Milwaukee County",4,56,10154,4991,5163
050,55,079,"Wisconsin","Milwaukee County",4,57,10378,4989,5389
050,55,079,"Wisconsin","Milwaukee County",4,58,10614,5099,5515
050,55,079,"Wisconsin","Milwaukee County",4,59,10630,5150,5480
050,55,079,"Wisconsin","Milwaukee County",4,60,10832,5222,5610
050,55,079,"Wisconsin","Milwaukee County",4,61,10988,5325,5663
050,55,079,"Wisconsin","Milwaukee County",4,62,10871,5219,5652
050,55,079,"Wisconsin","Milwaukee County",4,63,10632,5104,5528
050,55,079,"Wisconsin","Milwaukee County",4,64,10409,4927,5482
050,55,079,"Wisconsin","Milwaukee County",4,65,10243,4847,5396
050,55,079,"Wisconsin","Milwaukee County",4,66,9805,4614,5191
050,55,079,"Wisconsin","Milwaukee County",4,67,9564,4503,5061
050,55,079,"Wisconsin","Milwaukee County",4,68,9043,4195,4848
050,55,079,"Wisconsin","Milwaukee County",4,69,8535,3962,4573
050,55,079,"Wisconsin","Milwaukee County",4,70,8223,3845,4378
050,55,079,"Wisconsin","Milwaukee County",4,71,7701,3584,4117
050,55,079,"Wisconsin","Milwaukee County",4,72,7324,3388,3936
050,55,079,"Wisconsin","Milwaukee County",4,73,6863,3127,3736
050,55,079,"Wisconsin","Milwaukee County",4,74,6385,2890,3495
050,55,079,"Wisconsin","Milwaukee County",4,75,6524,2988,3536
050,55,079,"Wisconsin","Milwaukee County",4,76,4432,1978,2454
050,55,079,"Wisconsin","Milwaukee County",4,77,4122,1810,2312
050,55,079,"Wisconsin","Milwaukee County",4,78,3907,1693,2214
050,55,079,"Wisconsin","Milwaukee County",4,79,4009,1664,2345
050,55,079,"Wisconsin","Milwaukee County",4,80,3353,1366,1987
050,55,079,"Wisconsin","Milwaukee County",4,81,2974,1190,1784
050,55,079,"Wisconsin","Milwaukee County",4,82,2636,1019,1617
050,55,079,"Wisconsin","Milwaukee County",4,83,2539,955,1584
050,55,079,"Wisconsin","Milwaukee County",4,84,2442,944,1498
050,55,079,"Wisconsin","Milwaukee County",4,85,15333,5168,10165
050,55,079,"Wisconsin","Milwaukee County",5,0,11219,5617,5602
050,55,079,"Wisconsin","Milwaukee County",5,1,11429,5747,5682
050,55,079,"Wisconsin","Milwaukee County",5,2,11441,5791,5650
050,55,079,"Wisconsin","Milwaukee County",5,3,11610,5943,5667
050,55,079,"Wisconsin","Milwaukee County",5,4,11706,5896,5810
050,55,079,"Wisconsin","Milwaukee County",5,5,12041,6103,5938
050,55,079,"Wisconsin","Milwaukee County",5,6,11966,6084,5882
050,55,079,"Wisconsin","Milwaukee County",5,7,12142,6273,5869
050,55,079,"Wisconsin","Milwaukee County",5,8,11991,6182,5809
050,55,079,"Wisconsin","Milwaukee County",5,9,11889,6117,5772
050,55,079,"Wisconsin","Milwaukee County",5,10,11831,6053,5778
050,55,079,"Wisconsin","Milwaukee County",5,11,11919,6144,5775
050,55,079,"Wisconsin","Milwaukee County",5,12,11915,6068,5847
050,55,079,"Wisconsin","Milwaukee County",5,13,12207,6240,5967
050,55,079,"Wisconsin","Milwaukee County",5,14,12454,6415,6039
050,55,079,"Wisconsin","Milwaukee County",5,15,12791,6483,6308
050,55,079,"Wisconsin","Milwaukee County",5,16,12586,6333,6253
050,55,079,"Wisconsin","Milwaukee County",5,17,12133,6136,5997
050,55,079,"Wisconsin","Milwaukee County",5,18,12130,6224,5906
050,55,079,"Wisconsin","Milwaukee County",5,19,12764,6522,6242
050,55,079,"Wisconsin","Milwaukee County",5,20,11539,5882,5657
050,55,079,"Wisconsin","Milwaukee County",5,21,11197,5548,5649
050,55,079,"Wisconsin","Milwaukee County",5,22,12051,5891,6160
050,55,079,"Wisconsin","Milwaukee County",5,23,13253,6453,6800
050,55,079,"Wisconsin","Milwaukee County",5,24,13674,6616,7058
050,55,079,"Wisconsin","Milwaukee County",5,25,14041,6818,7223
050,55,079,"Wisconsin","Milwaukee County",5,26,14448,6942,7506
050,55,079,"Wisconsin","Milwaukee County",5,27,14682,7207,7475
050,55,079,"Wisconsin","Milwaukee County",5,28,14877,7347,7530
050,55,079,"Wisconsin","Milwaukee County",5,29,14905,7302,7603
050,55,079,"Wisconsin","Milwaukee County",5,30,15013,7293,7720
050,55,079,"Wisconsin","Milwaukee County",5,31,15242,7367,7875
050,55,079,"Wisconsin","Milwaukee County",5,32,14730,7077,7653
050,55,079,"Wisconsin","Milwaukee County",5,33,14644,7109,7535
050,55,079,"Wisconsin","Milwaukee County",5,34,14044,6924,7120
050,55,079,"Wisconsin","Milwaukee County",5,35,13507,6516,6991
050,55,079,"Wisconsin","Milwaukee County",5,36,13271,6483,6788
050,55,079,"Wisconsin","Milwaukee County",5,37,12761,6183,6578
050,55,079,"Wisconsin","Milwaukee County",5,38,12680,6113,6567
050,55,079,"Wisconsin","Milwaukee County",5,39,12269,5987,6282
050,55,079,"Wisconsin","Milwaukee County",5,40,12213,5865,6348
050,55,079,"Wisconsin","Milwaukee County",5,41,12178,5867,6311
050,55,079,"Wisconsin","Milwaukee County",5,42,11981,5833,6148
050,55,079,"Wisconsin","Milwaukee County",5,43,11763,5677,6086
050,55,079,"Wisconsin","Milwaukee County",5,44,11307,5408,5899
050,55,079,"Wisconsin","Milwaukee County",5,45,10882,5194,5688
050,55,079,"Wisconsin","Milwaukee County",5,46,10511,5046,5465
050,55,079,"Wisconsin","Milwaukee County",5,47,9990,4833,5157
050,55,079,"Wisconsin","Milwaukee County",5,48,9990,4796,5194
050,55,079,"Wisconsin","Milwaukee County",5,49,9578,4543,5035
050,55,079,"Wisconsin","Milwaukee County",5,50,9592,4656,4936
050,55,079,"Wisconsin","Milwaukee County",5,51,10052,4909,5143
050,55,079,"Wisconsin","Milwaukee County",5,52,10501,5112,5389
050,55,079,"Wisconsin","Milwaukee County",5,53,10394,5180,5214
050,55,079,"Wisconsin","Milwaukee County",5,54,9997,5016,4981
050,55,079,"Wisconsin","Milwaukee County",5,55,9960,4888,5072
050,55,079,"Wisconsin","Milwaukee County",5,56,9934,4851,5083
050,55,079,"Wisconsin","Milwaukee County",5,57,10020,4897,5123
050,55,079,"Wisconsin","Milwaukee County",5,58,10139,4855,5284
050,55,079,"Wisconsin","Milwaukee County",5,59,10459,5059,5400
050,55,079,"Wisconsin","Milwaukee County",5,60,10325,4969,5356
050,55,079,"Wisconsin","Milwaukee County",5,61,10595,5072,5523
050,55,079,"Wisconsin","Milwaukee County",5,62,10775,5198,5577
050,55,079,"Wisconsin","Milwaukee County",5,63,10600,5081,5519
050,55,079,"Wisconsin","Milwaukee County",5,64,10354,4995,5359
050,55,079,"Wisconsin","Milwaukee County",5,65,10135,4758,5377
050,55,079,"Wisconsin","Milwaukee County",5,66,9980,4693,5287
050,55,079,"Wisconsin","Milwaukee County",5,67,9535,4437,5098
050,55,079,"Wisconsin","Milwaukee County",5,68,9332,4361,4971
050,55,079,"Wisconsin","Milwaukee County",5,69,8762,4058,4704
050,55,079,"Wisconsin","Milwaukee County",5,70,8291,3830,4461
050,55,079,"Wisconsin","Milwaukee County",5,71,7966,3723,4243
050,55,079,"Wisconsin","Milwaukee County",5,72,7494,3469,4025
050,55,079,"Wisconsin","Milwaukee County",5,73,7138,3273,3865
050,55,079,"Wisconsin","Milwaukee County",5,74,6597,3006,3591
050,55,079,"Wisconsin","Milwaukee County",5,75,6168,2786,3382
050,55,079,"Wisconsin","Milwaukee County",5,76,6268,2865,3403
050,55,079,"Wisconsin","Milwaukee County",5,77,4189,1858,2331
050,55,079,"Wisconsin","Milwaukee County",5,78,3960,1719,2241
050,55,079,"Wisconsin","Milwaukee County",5,79,3756,1619,2137
050,55,079,"Wisconsin","Milwaukee County",5,80,3730,1528,2202
050,55,079,"Wisconsin","Milwaukee County",5,81,3212,1297,1915
050,55,079,"Wisconsin","Milwaukee County",5,82,2793,1117,1676
050,55,079,"Wisconsin","Milwaukee County",5,83,2430,914,1516
050,55,079,"Wisconsin","Milwaukee County",5,84,2311,861,1450
050,55,079,"Wisconsin","Milwaukee County",5,85,15076,5150,9926
050,55,081,"Wisconsin","Monroe County",1,0,565,291,274
050,55,081,"Wisconsin","Monroe County",1,1,566,283,283
050,55,081,"Wisconsin","Monroe County",1,2,572,282,290
050,55,081,"Wisconsin","Monroe County",1,3,640,327,313
050,55,081,"Wisconsin","Monroe County",1,4,673,343,330
050,55,081,"Wisconsin","Monroe County",1,5,673,319,354
050,55,081,"Wisconsin","Monroe County",1,6,635,311,324
050,55,081,"Wisconsin","Monroe County",1,7,650,330,320
050,55,081,"Wisconsin","Monroe County",1,8,697,362,335
050,55,081,"Wisconsin","Monroe County",1,9,681,356,325
050,55,081,"Wisconsin","Monroe County",1,10,668,329,339
050,55,081,"Wisconsin","Monroe County",1,11,725,362,363
050,55,081,"Wisconsin","Monroe County",1,12,723,354,369
050,55,081,"Wisconsin","Monroe County",1,13,714,357,357
050,55,081,"Wisconsin","Monroe County",1,14,677,359,318
050,55,081,"Wisconsin","Monroe County",1,15,655,336,319
050,55,081,"Wisconsin","Monroe County",1,16,700,354,346
050,55,081,"Wisconsin","Monroe County",1,17,657,343,314
050,55,081,"Wisconsin","Monroe County",1,18,544,293,251
050,55,081,"Wisconsin","Monroe County",1,19,421,226,195
050,55,081,"Wisconsin","Monroe County",1,20,431,226,205
050,55,081,"Wisconsin","Monroe County",1,21,448,241,207
050,55,081,"Wisconsin","Monroe County",1,22,435,231,204
050,55,081,"Wisconsin","Monroe County",1,23,457,241,216
050,55,081,"Wisconsin","Monroe County",1,24,484,249,235
050,55,081,"Wisconsin","Monroe County",1,25,469,236,233
050,55,081,"Wisconsin","Monroe County",1,26,484,249,235
050,55,081,"Wisconsin","Monroe County",1,27,520,256,264
050,55,081,"Wisconsin","Monroe County",1,28,503,248,255
050,55,081,"Wisconsin","Monroe County",1,29,502,262,240
050,55,081,"Wisconsin","Monroe County",1,30,484,259,225
050,55,081,"Wisconsin","Monroe County",1,31,507,259,248
050,55,081,"Wisconsin","Monroe County",1,32,541,274,267
050,55,081,"Wisconsin","Monroe County",1,33,562,273,289
050,55,081,"Wisconsin","Monroe County",1,34,600,310,290
050,55,081,"Wisconsin","Monroe County",1,35,618,317,301
050,55,081,"Wisconsin","Monroe County",1,36,623,318,305
050,55,081,"Wisconsin","Monroe County",1,37,632,340,292
050,55,081,"Wisconsin","Monroe County",1,38,604,323,281
050,55,081,"Wisconsin","Monroe County",1,39,642,329,313
050,55,081,"Wisconsin","Monroe County",1,40,597,301,296
050,55,081,"Wisconsin","Monroe County",1,41,561,293,268
050,55,081,"Wisconsin","Monroe County",1,42,575,320,255
050,55,081,"Wisconsin","Monroe County",1,43,547,304,243
050,55,081,"Wisconsin","Monroe County",1,44,503,262,241
050,55,081,"Wisconsin","Monroe County",1,45,499,259,240
050,55,081,"Wisconsin","Monroe County",1,46,491,255,236
050,55,081,"Wisconsin","Monroe County",1,47,523,275,248
050,55,081,"Wisconsin","Monroe County",1,48,550,282,268
050,55,081,"Wisconsin","Monroe County",1,49,579,307,272
050,55,081,"Wisconsin","Monroe County",1,50,562,301,261
050,55,081,"Wisconsin","Monroe County",1,51,535,303,232
050,55,081,"Wisconsin","Monroe County",1,52,558,301,257
050,55,081,"Wisconsin","Monroe County",1,53,579,299,280
050,55,081,"Wisconsin","Monroe County",1,54,615,323,292
050,55,081,"Wisconsin","Monroe County",1,55,643,352,291
050,55,081,"Wisconsin","Monroe County",1,56,691,379,312
050,55,081,"Wisconsin","Monroe County",1,57,668,346,322
050,55,081,"Wisconsin","Monroe County",1,58,700,379,321
050,55,081,"Wisconsin","Monroe County",1,59,698,359,339
050,55,081,"Wisconsin","Monroe County",1,60,686,361,325
050,55,081,"Wisconsin","Monroe County",1,61,669,350,319
050,55,081,"Wisconsin","Monroe County",1,62,649,325,324
050,55,081,"Wisconsin","Monroe County",1,63,614,314,300
050,55,081,"Wisconsin","Monroe County",1,64,603,295,308
050,55,081,"Wisconsin","Monroe County",1,65,612,298,314
050,55,081,"Wisconsin","Monroe County",1,66,565,287,278
050,55,081,"Wisconsin","Monroe County",1,67,532,273,259
050,55,081,"Wisconsin","Monroe County",1,68,525,263,262
050,55,081,"Wisconsin","Monroe County",1,69,473,237,236
050,55,081,"Wisconsin","Monroe County",1,70,470,234,236
050,55,081,"Wisconsin","Monroe County",1,71,462,222,240
050,55,081,"Wisconsin","Monroe County",1,72,465,244,221
050,55,081,"Wisconsin","Monroe County",1,73,446,227,219
050,55,081,"Wisconsin","Monroe County",1,74,315,166,149
050,55,081,"Wisconsin","Monroe County",1,75,313,157,156
050,55,081,"Wisconsin","Monroe County",1,76,279,137,142
050,55,081,"Wisconsin","Monroe County",1,77,303,151,152
050,55,081,"Wisconsin","Monroe County",1,78,293,141,152
050,55,081,"Wisconsin","Monroe County",1,79,230,111,119
050,55,081,"Wisconsin","Monroe County",1,80,171,71,100
050,55,081,"Wisconsin","Monroe County",1,81,191,85,106
050,55,081,"Wisconsin","Monroe County",1,82,171,76,95
050,55,081,"Wisconsin","Monroe County",1,83,158,73,85
050,55,081,"Wisconsin","Monroe County",1,84,146,72,74
050,55,081,"Wisconsin","Monroe County",1,85,873,330,543
050,55,081,"Wisconsin","Monroe County",2,0,567,282,285
050,55,081,"Wisconsin","Monroe County",2,1,564,283,281
050,55,081,"Wisconsin","Monroe County",2,2,571,284,287
050,55,081,"Wisconsin","Monroe County",2,3,620,316,304
050,55,081,"Wisconsin","Monroe County",2,4,671,340,331
050,55,081,"Wisconsin","Monroe County",2,5,672,324,348
050,55,081,"Wisconsin","Monroe County",2,6,646,315,331
050,55,081,"Wisconsin","Monroe County",2,7,645,324,321
050,55,081,"Wisconsin","Monroe County",2,8,685,357,328
050,55,081,"Wisconsin","Monroe County",2,9,686,359,327
050,55,081,"Wisconsin","Monroe County",2,10,678,341,337
050,55,081,"Wisconsin","Monroe County",2,11,709,355,354
050,55,081,"Wisconsin","Monroe County",2,12,725,357,368
050,55,081,"Wisconsin","Monroe County",2,13,717,359,358
050,55,081,"Wisconsin","Monroe County",2,14,685,356,329
050,55,081,"Wisconsin","Monroe County",2,15,661,340,321
050,55,081,"Wisconsin","Monroe County",2,16,691,352,339
050,55,081,"Wisconsin","Monroe County",2,17,669,347,322
050,55,081,"Wisconsin","Monroe County",2,18,540,291,249
050,55,081,"Wisconsin","Monroe County",2,19,428,229,199
050,55,081,"Wisconsin","Monroe County",2,20,441,230,211
050,55,081,"Wisconsin","Monroe County",2,21,443,236,207
050,55,081,"Wisconsin","Monroe County",2,22,446,234,212
050,55,081,"Wisconsin","Monroe County",2,23,458,243,215
050,55,081,"Wisconsin","Monroe County",2,24,482,249,233
050,55,081,"Wisconsin","Monroe County",2,25,468,237,231
050,55,081,"Wisconsin","Monroe County",2,26,481,246,235
050,55,081,"Wisconsin","Monroe County",2,27,511,255,256
050,55,081,"Wisconsin","Monroe County",2,28,511,251,260
050,55,081,"Wisconsin","Monroe County",2,29,503,261,242
050,55,081,"Wisconsin","Monroe County",2,30,497,264,233
050,55,081,"Wisconsin","Monroe County",2,31,506,261,245
050,55,081,"Wisconsin","Monroe County",2,32,533,270,263
050,55,081,"Wisconsin","Monroe County",2,33,556,272,284
050,55,081,"Wisconsin","Monroe County",2,34,590,299,291
050,55,081,"Wisconsin","Monroe County",2,35,617,316,301
050,55,081,"Wisconsin","Monroe County",2,36,616,317,299
050,55,081,"Wisconsin","Monroe County",2,37,630,335,295
050,55,081,"Wisconsin","Monroe County",2,38,609,324,285
050,55,081,"Wisconsin","Monroe County",2,39,625,324,301
050,55,081,"Wisconsin","Monroe County",2,40,612,310,302
050,55,081,"Wisconsin","Monroe County",2,41,569,295,274
050,55,081,"Wisconsin","Monroe County",2,42,568,311,257
050,55,081,"Wisconsin","Monroe County",2,43,565,313,252
050,55,081,"Wisconsin","Monroe County",2,44,511,271,240
050,55,081,"Wisconsin","Monroe County",2,45,506,263,243
050,55,081,"Wisconsin","Monroe County",2,46,491,256,235
050,55,081,"Wisconsin","Monroe County",2,47,510,267,243
050,55,081,"Wisconsin","Monroe County",2,48,540,280,260
050,55,081,"Wisconsin","Monroe County",2,49,577,305,272
050,55,081,"Wisconsin","Monroe County",2,50,565,301,264
050,55,081,"Wisconsin","Monroe County",2,51,543,305,238
050,55,081,"Wisconsin","Monroe County",2,52,554,301,253
050,55,081,"Wisconsin","Monroe County",2,53,578,302,276
050,55,081,"Wisconsin","Monroe County",2,54,600,313,287
050,55,081,"Wisconsin","Monroe County",2,55,632,342,290
050,55,081,"Wisconsin","Monroe County",2,56,681,373,308
050,55,081,"Wisconsin","Monroe County",2,57,672,352,320
050,55,081,"Wisconsin","Monroe County",2,58,693,373,320
050,55,081,"Wisconsin","Monroe County",2,59,698,362,336
050,55,081,"Wisconsin","Monroe County",2,60,680,356,324
050,55,081,"Wisconsin","Monroe County",2,61,667,348,319
050,55,081,"Wisconsin","Monroe County",2,62,651,329,322
050,55,081,"Wisconsin","Monroe County",2,63,624,315,309
050,55,081,"Wisconsin","Monroe County",2,64,597,295,302
050,55,081,"Wisconsin","Monroe County",2,65,608,296,312
050,55,081,"Wisconsin","Monroe County",2,66,574,288,286
050,55,081,"Wisconsin","Monroe County",2,67,537,276,261
050,55,081,"Wisconsin","Monroe County",2,68,523,263,260
050,55,081,"Wisconsin","Monroe County",2,69,482,240,242
050,55,081,"Wisconsin","Monroe County",2,70,469,235,234
050,55,081,"Wisconsin","Monroe County",2,71,462,223,239
050,55,081,"Wisconsin","Monroe County",2,72,457,235,222
050,55,081,"Wisconsin","Monroe County",2,73,471,242,229
050,55,081,"Wisconsin","Monroe County",2,74,323,167,156
050,55,081,"Wisconsin","Monroe County",2,75,314,158,156
050,55,081,"Wisconsin","Monroe County",2,76,286,141,145
050,55,081,"Wisconsin","Monroe County",2,77,302,151,151
050,55,081,"Wisconsin","Monroe County",2,78,289,137,152
050,55,081,"Wisconsin","Monroe County",2,79,239,115,124
050,55,081,"Wisconsin","Monroe County",2,80,183,80,103
050,55,081,"Wisconsin","Monroe County",2,81,185,82,103
050,55,081,"Wisconsin","Monroe County",2,82,174,75,99
050,55,081,"Wisconsin","Monroe County",2,83,159,74,85
050,55,081,"Wisconsin","Monroe County",2,84,148,73,75
050,55,081,"Wisconsin","Monroe County",2,85,878,336,542
050,55,081,"Wisconsin","Monroe County",3,0,516,262,254
050,55,081,"Wisconsin","Monroe County",3,1,558,276,282
050,55,081,"Wisconsin","Monroe County",3,2,572,286,286
050,55,081,"Wisconsin","Monroe County",3,3,575,282,293
050,55,081,"Wisconsin","Monroe County",3,4,606,293,313
050,55,081,"Wisconsin","Monroe County",3,5,671,341,330
050,55,081,"Wisconsin","Monroe County",3,6,662,319,343
050,55,081,"Wisconsin","Monroe County",3,7,646,308,338
050,55,081,"Wisconsin","Monroe County",3,8,649,334,315
050,55,081,"Wisconsin","Monroe County",3,9,687,359,328
050,55,081,"Wisconsin","Monroe County",3,10,694,365,329
050,55,081,"Wisconsin","Monroe County",3,11,670,331,339
050,55,081,"Wisconsin","Monroe County",3,12,724,358,366
050,55,081,"Wisconsin","Monroe County",3,13,728,354,374
050,55,081,"Wisconsin","Monroe County",3,14,726,370,356
050,55,081,"Wisconsin","Monroe County",3,15,681,345,336
050,55,081,"Wisconsin","Monroe County",3,16,665,344,321
050,55,081,"Wisconsin","Monroe County",3,17,704,363,341
050,55,081,"Wisconsin","Monroe County",3,18,564,308,256
050,55,081,"Wisconsin","Monroe County",3,19,419,230,189
050,55,081,"Wisconsin","Monroe County",3,20,463,247,216
050,55,081,"Wisconsin","Monroe County",3,21,454,246,208
050,55,081,"Wisconsin","Monroe County",3,22,461,242,219
050,55,081,"Wisconsin","Monroe County",3,23,466,242,224
050,55,081,"Wisconsin","Monroe County",3,24,467,245,222
050,55,081,"Wisconsin","Monroe County",3,25,457,240,217
050,55,081,"Wisconsin","Monroe County",3,26,456,241,215
050,55,081,"Wisconsin","Monroe County",3,27,464,223,241
050,55,081,"Wisconsin","Monroe County",3,28,513,253,260
050,55,081,"Wisconsin","Monroe County",3,29,497,241,256
050,55,081,"Wisconsin","Monroe County",3,30,495,254,241
050,55,081,"Wisconsin","Monroe County",3,31,489,259,230
050,55,081,"Wisconsin","Monroe County",3,32,515,272,243
050,55,081,"Wisconsin","Monroe County",3,33,542,273,269
050,55,081,"Wisconsin","Monroe County",3,34,543,257,286
050,55,081,"Wisconsin","Monroe County",3,35,599,301,298
050,55,081,"Wisconsin","Monroe County",3,36,631,317,314
050,55,081,"Wisconsin","Monroe County",3,37,615,316,299
050,55,081,"Wisconsin","Monroe County",3,38,615,315,300
050,55,081,"Wisconsin","Monroe County",3,39,614,330,284
050,55,081,"Wisconsin","Monroe County",3,40,635,335,300
050,55,081,"Wisconsin","Monroe County",3,41,586,291,295
050,55,081,"Wisconsin","Monroe County",3,42,563,291,272
050,55,081,"Wisconsin","Monroe County",3,43,571,315,256
050,55,081,"Wisconsin","Monroe County",3,44,557,304,253
050,55,081,"Wisconsin","Monroe County",3,45,512,268,244
050,55,081,"Wisconsin","Monroe County",3,46,517,269,248
050,55,081,"Wisconsin","Monroe County",3,47,482,247,235
050,55,081,"Wisconsin","Monroe County",3,48,497,256,241
050,55,081,"Wisconsin","Monroe County",3,49,541,285,256
050,55,081,"Wisconsin","Monroe County",3,50,576,301,275
050,55,081,"Wisconsin","Monroe County",3,51,566,307,259
050,55,081,"Wisconsin","Monroe County",3,52,536,293,243
050,55,081,"Wisconsin","Monroe County",3,53,549,302,247
050,55,081,"Wisconsin","Monroe County",3,54,586,300,286
050,55,081,"Wisconsin","Monroe County",3,55,595,313,282
050,55,081,"Wisconsin","Monroe County",3,56,638,336,302
050,55,081,"Wisconsin","Monroe County",3,57,679,371,308
050,55,081,"Wisconsin","Monroe County",3,58,671,361,310
050,55,081,"Wisconsin","Monroe County",3,59,692,358,334
050,55,081,"Wisconsin","Monroe County",3,60,689,360,329
050,55,081,"Wisconsin","Monroe County",3,61,687,362,325
050,55,081,"Wisconsin","Monroe County",3,62,679,356,323
050,55,081,"Wisconsin","Monroe County",3,63,648,316,332
050,55,081,"Wisconsin","Monroe County",3,64,606,306,300
050,55,081,"Wisconsin","Monroe County",3,65,588,291,297
050,55,081,"Wisconsin","Monroe County",3,66,590,285,305
050,55,081,"Wisconsin","Monroe County",3,67,565,283,282
050,55,081,"Wisconsin","Monroe County",3,68,532,268,264
050,55,081,"Wisconsin","Monroe County",3,69,495,249,246
050,55,081,"Wisconsin","Monroe County",3,70,468,234,234
050,55,081,"Wisconsin","Monroe County",3,71,451,221,230
050,55,081,"Wisconsin","Monroe County",3,72,448,215,233
050,55,081,"Wisconsin","Monroe County",3,73,442,229,213
050,55,081,"Wisconsin","Monroe County",3,74,447,225,222
050,55,081,"Wisconsin","Monroe County",3,75,306,157,149
050,55,081,"Wisconsin","Monroe County",3,76,300,150,150
050,55,081,"Wisconsin","Monroe County",3,77,269,132,137
050,55,081,"Wisconsin","Monroe County",3,78,300,144,156
050,55,081,"Wisconsin","Monroe County",3,79,263,126,137
050,55,081,"Wisconsin","Monroe County",3,80,225,106,119
050,55,081,"Wisconsin","Monroe County",3,81,177,78,99
050,55,081,"Wisconsin","Monroe County",3,82,158,65,93
050,55,081,"Wisconsin","Monroe County",3,83,159,70,89
050,55,081,"Wisconsin","Monroe County",3,84,139,66,73
050,55,081,"Wisconsin","Monroe County",3,85,830,326,504
050,55,081,"Wisconsin","Monroe County",4,0,591,313,278
050,55,081,"Wisconsin","Monroe County",4,1,512,256,256
050,55,081,"Wisconsin","Monroe County",4,2,568,285,283
050,55,081,"Wisconsin","Monroe County",4,3,576,284,292
050,55,081,"Wisconsin","Monroe County",4,4,570,275,295
050,55,081,"Wisconsin","Monroe County",4,5,607,300,307
050,55,081,"Wisconsin","Monroe County",4,6,668,343,325
050,55,081,"Wisconsin","Monroe County",4,7,660,319,341
050,55,081,"Wisconsin","Monroe County",4,8,651,315,336
050,55,081,"Wisconsin","Monroe County",4,9,642,333,309
050,55,081,"Wisconsin","Monroe County",4,10,689,367,322
050,55,081,"Wisconsin","Monroe County",4,11,674,342,332
050,55,081,"Wisconsin","Monroe County",4,12,662,320,342
050,55,081,"Wisconsin","Monroe County",4,13,733,365,368
050,55,081,"Wisconsin","Monroe County",4,14,724,351,373
050,55,081,"Wisconsin","Monroe County",4,15,720,366,354
050,55,081,"Wisconsin","Monroe County",4,16,662,338,324
050,55,081,"Wisconsin","Monroe County",4,17,665,334,331
050,55,081,"Wisconsin","Monroe County",4,18,590,312,278
050,55,081,"Wisconsin","Monroe County",4,19,416,225,191
050,55,081,"Wisconsin","Monroe County",4,20,422,228,194
050,55,081,"Wisconsin","Monroe County",4,21,444,243,201
050,55,081,"Wisconsin","Monroe County",4,22,473,245,228
050,55,081,"Wisconsin","Monroe County",4,23,466,240,226
050,55,081,"Wisconsin","Monroe County",4,24,488,248,240
050,55,081,"Wisconsin","Monroe County",4,25,454,226,228
050,55,081,"Wisconsin","Monroe County",4,26,466,250,216
050,55,081,"Wisconsin","Monroe County",4,27,450,244,206
050,55,081,"Wisconsin","Monroe County",4,28,482,233,249
050,55,081,"Wisconsin","Monroe County",4,29,529,266,263
050,55,081,"Wisconsin","Monroe County",4,30,531,258,273
050,55,081,"Wisconsin","Monroe County",4,31,523,278,245
050,55,081,"Wisconsin","Monroe County",4,32,490,256,234
050,55,081,"Wisconsin","Monroe County",4,33,514,267,247
050,55,081,"Wisconsin","Monroe County",4,34,538,275,263
050,55,081,"Wisconsin","Monroe County",4,35,551,262,289
050,55,081,"Wisconsin","Monroe County",4,36,595,303,292
050,55,081,"Wisconsin","Monroe County",4,37,628,325,303
050,55,081,"Wisconsin","Monroe County",4,38,610,310,300
050,55,081,"Wisconsin","Monroe County",4,39,609,306,303
050,55,081,"Wisconsin","Monroe County",4,40,620,340,280
050,55,081,"Wisconsin","Monroe County",4,41,629,328,301
050,55,081,"Wisconsin","Monroe County",4,42,585,297,288
050,55,081,"Wisconsin","Monroe County",4,43,577,305,272
050,55,081,"Wisconsin","Monroe County",4,44,555,300,255
050,55,081,"Wisconsin","Monroe County",4,45,559,308,251
050,55,081,"Wisconsin","Monroe County",4,46,515,272,243
050,55,081,"Wisconsin","Monroe County",4,47,509,254,255
050,55,081,"Wisconsin","Monroe County",4,48,470,239,231
050,55,081,"Wisconsin","Monroe County",4,49,492,260,232
050,55,081,"Wisconsin","Monroe County",4,50,532,283,249
050,55,081,"Wisconsin","Monroe County",4,51,573,304,269
050,55,081,"Wisconsin","Monroe County",4,52,548,287,261
050,55,081,"Wisconsin","Monroe County",4,53,546,303,243
050,55,081,"Wisconsin","Monroe County",4,54,559,304,255
050,55,081,"Wisconsin","Monroe County",4,55,574,295,279
050,55,081,"Wisconsin","Monroe County",4,56,597,316,281
050,55,081,"Wisconsin","Monroe County",4,57,611,323,288
050,55,081,"Wisconsin","Monroe County",4,58,675,363,312
050,55,081,"Wisconsin","Monroe County",4,59,662,347,315
050,55,081,"Wisconsin","Monroe County",4,60,670,346,324
050,55,081,"Wisconsin","Monroe County",4,61,695,369,326
050,55,081,"Wisconsin","Monroe County",4,62,682,365,317
050,55,081,"Wisconsin","Monroe County",4,63,663,336,327
050,55,081,"Wisconsin","Monroe County",4,64,632,305,327
050,55,081,"Wisconsin","Monroe County",4,65,598,307,291
050,55,081,"Wisconsin","Monroe County",4,66,571,273,298
050,55,081,"Wisconsin","Monroe County",4,67,595,292,303
050,55,081,"Wisconsin","Monroe County",4,68,567,282,285
050,55,081,"Wisconsin","Monroe County",4,69,509,254,255
050,55,081,"Wisconsin","Monroe County",4,70,487,243,244
050,55,081,"Wisconsin","Monroe County",4,71,453,227,226
050,55,081,"Wisconsin","Monroe County",4,72,432,209,223
050,55,081,"Wisconsin","Monroe County",4,73,434,203,231
050,55,081,"Wisconsin","Monroe County",4,74,427,218,209
050,55,081,"Wisconsin","Monroe County",4,75,435,219,216
050,55,081,"Wisconsin","Monroe County",4,76,287,153,134
050,55,081,"Wisconsin","Monroe County",4,77,289,141,148
050,55,081,"Wisconsin","Monroe County",4,78,267,131,136
050,55,081,"Wisconsin","Monroe County",4,79,281,137,144
050,55,081,"Wisconsin","Monroe County",4,80,237,113,124
050,55,081,"Wisconsin","Monroe County",4,81,219,104,115
050,55,081,"Wisconsin","Monroe County",4,82,159,71,88
050,55,081,"Wisconsin","Monroe County",4,83,150,61,89
050,55,081,"Wisconsin","Monroe County",4,84,140,63,77
050,55,081,"Wisconsin","Monroe County",4,85,784,303,481
050,55,081,"Wisconsin","Monroe County",5,0,581,309,272
050,55,081,"Wisconsin","Monroe County",5,1,628,320,308
050,55,081,"Wisconsin","Monroe County",5,2,518,257,261
050,55,081,"Wisconsin","Monroe County",5,3,585,291,294
050,55,081,"Wisconsin","Monroe County",5,4,604,301,303
050,55,081,"Wisconsin","Monroe County",5,5,572,279,293
050,55,081,"Wisconsin","Monroe County",5,6,605,314,291
050,55,081,"Wisconsin","Monroe County",5,7,689,356,333
050,55,081,"Wisconsin","Monroe County",5,8,666,321,345
050,55,081,"Wisconsin","Monroe County",5,9,656,317,339
050,55,081,"Wisconsin","Monroe County",5,10,657,337,320
050,55,081,"Wisconsin","Monroe County",5,11,724,382,342
050,55,081,"Wisconsin","Monroe County",5,12,667,338,329
050,55,081,"Wisconsin","Monroe County",5,13,684,334,350
050,55,081,"Wisconsin","Monroe County",5,14,731,362,369
050,55,081,"Wisconsin","Monroe County",5,15,742,360,382
050,55,081,"Wisconsin","Monroe County",5,16,704,364,340
050,55,081,"Wisconsin","Monroe County",5,17,652,331,321
050,55,081,"Wisconsin","Monroe County",5,18,544,293,251
050,55,081,"Wisconsin","Monroe County",5,19,441,231,210
050,55,081,"Wisconsin","Monroe County",5,20,453,241,212
050,55,081,"Wisconsin","Monroe County",5,21,440,242,198
050,55,081,"Wisconsin","Monroe County",5,22,465,259,206
050,55,081,"Wisconsin","Monroe County",5,23,498,249,249
050,55,081,"Wisconsin","Monroe County",5,24,469,243,226
050,55,081,"Wisconsin","Monroe County",5,25,504,256,248
050,55,081,"Wisconsin","Monroe County",5,26,468,241,227
050,55,081,"Wisconsin","Monroe County",5,27,469,242,227
050,55,081,"Wisconsin","Monroe County",5,28,483,257,226
050,55,081,"Wisconsin","Monroe County",5,29,493,241,252
050,55,081,"Wisconsin","Monroe County",5,30,549,277,272
050,55,081,"Wisconsin","Monroe County",5,31,541,257,284
050,55,081,"Wisconsin","Monroe County",5,32,557,304,253
050,55,081,"Wisconsin","Monroe County",5,33,507,255,252
050,55,081,"Wisconsin","Monroe County",5,34,508,255,253
050,55,081,"Wisconsin","Monroe County",5,35,544,275,269
050,55,081,"Wisconsin","Monroe County",5,36,551,268,283
050,55,081,"Wisconsin","Monroe County",5,37,625,322,303
050,55,081,"Wisconsin","Monroe County",5,38,625,322,303
050,55,081,"Wisconsin","Monroe County",5,39,610,316,294
050,55,081,"Wisconsin","Monroe County",5,40,596,296,300
050,55,081,"Wisconsin","Monroe County",5,41,614,334,280
050,55,081,"Wisconsin","Monroe County",5,42,637,337,300
050,55,081,"Wisconsin","Monroe County",5,43,592,314,278
050,55,081,"Wisconsin","Monroe County",5,44,565,296,269
050,55,081,"Wisconsin","Monroe County",5,45,562,308,254
050,55,081,"Wisconsin","Monroe County",5,46,559,305,254
050,55,081,"Wisconsin","Monroe County",5,47,513,266,247
050,55,081,"Wisconsin","Monroe County",5,48,504,245,259
050,55,081,"Wisconsin","Monroe County",5,49,477,254,223
050,55,081,"Wisconsin","Monroe County",5,50,489,254,235
050,55,081,"Wisconsin","Monroe County",5,51,545,292,253
050,55,081,"Wisconsin","Monroe County",5,52,570,300,270
050,55,081,"Wisconsin","Monroe County",5,53,540,288,252
050,55,081,"Wisconsin","Monroe County",5,54,545,300,245
050,55,081,"Wisconsin","Monroe County",5,55,551,297,254
050,55,081,"Wisconsin","Monroe County",5,56,567,291,276
050,55,081,"Wisconsin","Monroe County",5,57,591,310,281
050,55,081,"Wisconsin","Monroe County",5,58,611,323,288
050,55,081,"Wisconsin","Monroe County",5,59,659,357,302
050,55,081,"Wisconsin","Monroe County",5,60,671,351,320
050,55,081,"Wisconsin","Monroe County",5,61,670,347,323
050,55,081,"Wisconsin","Monroe County",5,62,685,366,319
050,55,081,"Wisconsin","Monroe County",5,63,671,347,324
050,55,081,"Wisconsin","Monroe County",5,64,642,321,321
050,55,081,"Wisconsin","Monroe County",5,65,619,305,314
050,55,081,"Wisconsin","Monroe County",5,66,571,289,282
050,55,081,"Wisconsin","Monroe County",5,67,572,276,296
050,55,081,"Wisconsin","Monroe County",5,68,592,286,306
050,55,081,"Wisconsin","Monroe County",5,69,543,265,278
050,55,081,"Wisconsin","Monroe County",5,70,502,252,250
050,55,081,"Wisconsin","Monroe County",5,71,479,244,235
050,55,081,"Wisconsin","Monroe County",5,72,437,221,216
050,55,081,"Wisconsin","Monroe County",5,73,424,203,221
050,55,081,"Wisconsin","Monroe County",5,74,411,190,221
050,55,081,"Wisconsin","Monroe County",5,75,419,213,206
050,55,081,"Wisconsin","Monroe County",5,76,413,210,203
050,55,081,"Wisconsin","Monroe County",5,77,277,149,128
050,55,081,"Wisconsin","Monroe County",5,78,285,136,149
050,55,081,"Wisconsin","Monroe County",5,79,242,123,119
050,55,081,"Wisconsin","Monroe County",5,80,259,127,132
050,55,081,"Wisconsin","Monroe County",5,81,228,109,119
050,55,081,"Wisconsin","Monroe County",5,82,197,95,102
050,55,081,"Wisconsin","Monroe County",5,83,157,70,87
050,55,081,"Wisconsin","Monroe County",5,84,134,58,76
050,55,081,"Wisconsin","Monroe County",5,85,755,284,471
050,55,083,"Wisconsin","Oconto County",1,0,385,202,183
050,55,083,"Wisconsin","Oconto County",1,1,391,210,181
050,55,083,"Wisconsin","Oconto County",1,2,397,206,191
050,55,083,"Wisconsin","Oconto County",1,3,396,201,195
050,55,083,"Wisconsin","Oconto County",1,4,393,215,178
050,55,083,"Wisconsin","Oconto County",1,5,421,223,198
050,55,083,"Wisconsin","Oconto County",1,6,412,221,191
050,55,083,"Wisconsin","Oconto County",1,7,409,215,194
050,55,083,"Wisconsin","Oconto County",1,8,411,206,205
050,55,083,"Wisconsin","Oconto County",1,9,435,211,224
050,55,083,"Wisconsin","Oconto County",1,10,457,229,228
050,55,083,"Wisconsin","Oconto County",1,11,457,236,221
050,55,083,"Wisconsin","Oconto County",1,12,509,268,241
050,55,083,"Wisconsin","Oconto County",1,13,488,261,227
050,55,083,"Wisconsin","Oconto County",1,14,502,260,242
050,55,083,"Wisconsin","Oconto County",1,15,492,252,240
050,55,083,"Wisconsin","Oconto County",1,16,492,250,242
050,55,083,"Wisconsin","Oconto County",1,17,464,235,229
050,55,083,"Wisconsin","Oconto County",1,18,411,216,195
050,55,083,"Wisconsin","Oconto County",1,19,319,170,149
050,55,083,"Wisconsin","Oconto County",1,20,339,179,160
050,55,083,"Wisconsin","Oconto County",1,21,310,169,141
050,55,083,"Wisconsin","Oconto County",1,22,334,173,161
050,55,083,"Wisconsin","Oconto County",1,23,342,173,169
050,55,083,"Wisconsin","Oconto County",1,24,346,178,168
050,55,083,"Wisconsin","Oconto County",1,25,320,169,151
050,55,083,"Wisconsin","Oconto County",1,26,340,180,160
050,55,083,"Wisconsin","Oconto County",1,27,380,180,200
050,55,083,"Wisconsin","Oconto County",1,28,375,199,176
050,55,083,"Wisconsin","Oconto County",1,29,398,211,187
050,55,083,"Wisconsin","Oconto County",1,30,380,183,197
050,55,083,"Wisconsin","Oconto County",1,31,399,195,204
050,55,083,"Wisconsin","Oconto County",1,32,395,212,183
050,55,083,"Wisconsin","Oconto County",1,33,414,209,205
050,55,083,"Wisconsin","Oconto County",1,34,400,210,190
050,55,083,"Wisconsin","Oconto County",1,35,450,235,215
050,55,083,"Wisconsin","Oconto County",1,36,423,224,199
050,55,083,"Wisconsin","Oconto County",1,37,433,217,216
050,55,083,"Wisconsin","Oconto County",1,38,461,243,218
050,55,083,"Wisconsin","Oconto County",1,39,468,242,226
050,55,083,"Wisconsin","Oconto County",1,40,475,250,225
050,55,083,"Wisconsin","Oconto County",1,41,465,249,216
050,55,083,"Wisconsin","Oconto County",1,42,466,249,217
050,55,083,"Wisconsin","Oconto County",1,43,445,242,203
050,55,083,"Wisconsin","Oconto County",1,44,440,233,207
050,55,083,"Wisconsin","Oconto County",1,45,459,241,218
050,55,083,"Wisconsin","Oconto County",1,46,431,218,213
050,55,083,"Wisconsin","Oconto County",1,47,451,234,217
050,55,083,"Wisconsin","Oconto County",1,48,480,250,230
050,55,083,"Wisconsin","Oconto County",1,49,516,254,262
050,55,083,"Wisconsin","Oconto County",1,50,511,257,254
050,55,083,"Wisconsin","Oconto County",1,51,547,268,279
050,55,083,"Wisconsin","Oconto County",1,52,519,264,255
050,55,083,"Wisconsin","Oconto County",1,53,625,332,293
050,55,083,"Wisconsin","Oconto County",1,54,631,323,308
050,55,083,"Wisconsin","Oconto County",1,55,650,340,310
050,55,083,"Wisconsin","Oconto County",1,56,712,377,335
050,55,083,"Wisconsin","Oconto County",1,57,713,371,342
050,55,083,"Wisconsin","Oconto County",1,58,707,363,344
050,55,083,"Wisconsin","Oconto County",1,59,742,395,347
050,55,083,"Wisconsin","Oconto County",1,60,714,373,341
050,55,083,"Wisconsin","Oconto County",1,61,736,381,355
050,55,083,"Wisconsin","Oconto County",1,62,712,372,340
050,55,083,"Wisconsin","Oconto County",1,63,660,356,304
050,55,083,"Wisconsin","Oconto County",1,64,626,321,305
050,55,083,"Wisconsin","Oconto County",1,65,634,323,311
050,55,083,"Wisconsin","Oconto County",1,66,606,336,270
050,55,083,"Wisconsin","Oconto County",1,67,613,344,269
050,55,083,"Wisconsin","Oconto County",1,68,579,313,266
050,55,083,"Wisconsin","Oconto County",1,69,516,275,241
050,55,083,"Wisconsin","Oconto County",1,70,494,265,229
050,55,083,"Wisconsin","Oconto County",1,71,468,263,205
050,55,083,"Wisconsin","Oconto County",1,72,472,245,227
050,55,083,"Wisconsin","Oconto County",1,73,460,231,229
050,55,083,"Wisconsin","Oconto County",1,74,304,155,149
050,55,083,"Wisconsin","Oconto County",1,75,292,144,148
050,55,083,"Wisconsin","Oconto County",1,76,284,141,143
050,55,083,"Wisconsin","Oconto County",1,77,298,142,156
050,55,083,"Wisconsin","Oconto County",1,78,281,139,142
050,55,083,"Wisconsin","Oconto County",1,79,245,117,128
050,55,083,"Wisconsin","Oconto County",1,80,216,107,109
050,55,083,"Wisconsin","Oconto County",1,81,197,100,97
050,55,083,"Wisconsin","Oconto County",1,82,191,91,100
050,55,083,"Wisconsin","Oconto County",1,83,152,76,76
050,55,083,"Wisconsin","Oconto County",1,84,139,69,70
050,55,083,"Wisconsin","Oconto County",1,85,743,290,453
050,55,083,"Wisconsin","Oconto County",2,0,389,197,192
050,55,083,"Wisconsin","Oconto County",2,1,392,209,183
050,55,083,"Wisconsin","Oconto County",2,2,400,209,191
050,55,083,"Wisconsin","Oconto County",2,3,397,203,194
050,55,083,"Wisconsin","Oconto County",2,4,395,212,183
050,55,083,"Wisconsin","Oconto County",2,5,416,222,194
050,55,083,"Wisconsin","Oconto County",2,6,416,224,192
050,55,083,"Wisconsin","Oconto County",2,7,410,214,196
050,55,083,"Wisconsin","Oconto County",2,8,412,208,204
050,55,083,"Wisconsin","Oconto County",2,9,432,210,222
050,55,083,"Wisconsin","Oconto County",2,10,452,226,226
050,55,083,"Wisconsin","Oconto County",2,11,456,235,221
050,55,083,"Wisconsin","Oconto County",2,12,500,262,238
050,55,083,"Wisconsin","Oconto County",2,13,497,266,231
050,55,083,"Wisconsin","Oconto County",2,14,497,259,238
050,55,083,"Wisconsin","Oconto County",2,15,496,254,242
050,55,083,"Wisconsin","Oconto County",2,16,495,253,242
050,55,083,"Wisconsin","Oconto County",2,17,472,239,233
050,55,083,"Wisconsin","Oconto County",2,18,401,211,190
050,55,083,"Wisconsin","Oconto County",2,19,323,170,153
050,55,083,"Wisconsin","Oconto County",2,20,342,181,161
050,55,083,"Wisconsin","Oconto County",2,21,320,171,149
050,55,083,"Wisconsin","Oconto County",2,22,330,172,158
050,55,083,"Wisconsin","Oconto County",2,23,345,175,170
050,55,083,"Wisconsin","Oconto County",2,24,343,176,167
050,55,083,"Wisconsin","Oconto County",2,25,318,166,152
050,55,083,"Wisconsin","Oconto County",2,26,336,174,162
050,55,083,"Wisconsin","Oconto County",2,27,372,181,191
050,55,083,"Wisconsin","Oconto County",2,28,381,198,183
050,55,083,"Wisconsin","Oconto County",2,29,394,208,186
050,55,083,"Wisconsin","Oconto County",2,30,393,194,199
050,55,083,"Wisconsin","Oconto County",2,31,399,196,203
050,55,083,"Wisconsin","Oconto County",2,32,400,209,191
050,55,083,"Wisconsin","Oconto County",2,33,414,213,201
050,55,083,"Wisconsin","Oconto County",2,34,405,213,192
050,55,083,"Wisconsin","Oconto County",2,35,444,233,211
050,55,083,"Wisconsin","Oconto County",2,36,431,227,204
050,55,083,"Wisconsin","Oconto County",2,37,432,220,212
050,55,083,"Wisconsin","Oconto County",2,38,459,239,220
050,55,083,"Wisconsin","Oconto County",2,39,468,244,224
050,55,083,"Wisconsin","Oconto County",2,40,481,252,229
050,55,083,"Wisconsin","Oconto County",2,41,475,253,222
050,55,083,"Wisconsin","Oconto County",2,42,463,247,216
050,55,083,"Wisconsin","Oconto County",2,43,456,247,209
050,55,083,"Wisconsin","Oconto County",2,44,439,234,205
050,55,083,"Wisconsin","Oconto County",2,45,462,243,219
050,55,083,"Wisconsin","Oconto County",2,46,439,225,214
050,55,083,"Wisconsin","Oconto County",2,47,445,230,215
050,55,083,"Wisconsin","Oconto County",2,48,473,246,227
050,55,083,"Wisconsin","Oconto County",2,49,511,256,255
050,55,083,"Wisconsin","Oconto County",2,50,515,258,257
050,55,083,"Wisconsin","Oconto County",2,51,534,263,271
050,55,083,"Wisconsin","Oconto County",2,52,525,264,261
050,55,083,"Wisconsin","Oconto County",2,53,599,314,285
050,55,083,"Wisconsin","Oconto County",2,54,629,325,304
050,55,083,"Wisconsin","Oconto County",2,55,648,337,311
050,55,083,"Wisconsin","Oconto County",2,56,705,372,333
050,55,083,"Wisconsin","Oconto County",2,57,718,373,345
050,55,083,"Wisconsin","Oconto County",2,58,708,364,344
050,55,083,"Wisconsin","Oconto County",2,59,740,390,350
050,55,083,"Wisconsin","Oconto County",2,60,720,379,341
050,55,083,"Wisconsin","Oconto County",2,61,729,379,350
050,55,083,"Wisconsin","Oconto County",2,62,719,376,343
050,55,083,"Wisconsin","Oconto County",2,63,682,365,317
050,55,083,"Wisconsin","Oconto County",2,64,632,326,306
050,55,083,"Wisconsin","Oconto County",2,65,634,326,308
050,55,083,"Wisconsin","Oconto County",2,66,610,330,280
050,55,083,"Wisconsin","Oconto County",2,67,610,342,268
050,55,083,"Wisconsin","Oconto County",2,68,580,316,264
050,55,083,"Wisconsin","Oconto County",2,69,533,285,248
050,55,083,"Wisconsin","Oconto County",2,70,498,266,232
050,55,083,"Wisconsin","Oconto County",2,71,473,262,211
050,55,083,"Wisconsin","Oconto County",2,72,463,244,219
050,55,083,"Wisconsin","Oconto County",2,73,482,244,238
050,55,083,"Wisconsin","Oconto County",2,74,317,161,156
050,55,083,"Wisconsin","Oconto County",2,75,296,148,148
050,55,083,"Wisconsin","Oconto County",2,76,279,138,141
050,55,083,"Wisconsin","Oconto County",2,77,299,143,156
050,55,083,"Wisconsin","Oconto County",2,78,276,135,141
050,55,083,"Wisconsin","Oconto County",2,79,248,119,129
050,55,083,"Wisconsin","Oconto County",2,80,221,109,112
050,55,083,"Wisconsin","Oconto County",2,81,196,97,99
050,55,083,"Wisconsin","Oconto County",2,82,187,93,94
050,55,083,"Wisconsin","Oconto County",2,83,159,78,81
050,55,083,"Wisconsin","Oconto County",2,84,139,69,70
050,55,083,"Wisconsin","Oconto County",2,85,756,294,462
050,55,083,"Wisconsin","Oconto County",3,0,339,169,170
050,55,083,"Wisconsin","Oconto County",3,1,386,202,184
050,55,083,"Wisconsin","Oconto County",3,2,395,212,183
050,55,083,"Wisconsin","Oconto County",3,3,410,215,195
050,55,083,"Wisconsin","Oconto County",3,4,403,207,196
050,55,083,"Wisconsin","Oconto County",3,5,409,223,186
050,55,083,"Wisconsin","Oconto County",3,6,430,236,194
050,55,083,"Wisconsin","Oconto County",3,7,415,221,194
050,55,083,"Wisconsin","Oconto County",3,8,420,221,199
050,55,083,"Wisconsin","Oconto County",3,9,436,220,216
050,55,083,"Wisconsin","Oconto County",3,10,449,223,226
050,55,083,"Wisconsin","Oconto County",3,11,459,231,228
050,55,083,"Wisconsin","Oconto County",3,12,461,242,219
050,55,083,"Wisconsin","Oconto County",3,13,516,271,245
050,55,083,"Wisconsin","Oconto County",3,14,496,263,233
050,55,083,"Wisconsin","Oconto County",3,15,492,263,229
050,55,083,"Wisconsin","Oconto County",3,16,497,259,238
050,55,083,"Wisconsin","Oconto County",3,17,493,258,235
050,55,083,"Wisconsin","Oconto County",3,18,406,210,196
050,55,083,"Wisconsin","Oconto County",3,19,323,166,157
050,55,083,"Wisconsin","Oconto County",3,20,333,175,158
050,55,083,"Wisconsin","Oconto County",3,21,349,178,171
050,55,083,"Wisconsin","Oconto County",3,22,327,170,157
050,55,083,"Wisconsin","Oconto County",3,23,340,185,155
050,55,083,"Wisconsin","Oconto County",3,24,333,173,160
050,55,083,"Wisconsin","Oconto County",3,25,324,173,151
050,55,083,"Wisconsin","Oconto County",3,26,325,175,150
050,55,083,"Wisconsin","Oconto County",3,27,343,173,170
050,55,083,"Wisconsin","Oconto County",3,28,388,196,192
050,55,083,"Wisconsin","Oconto County",3,29,371,188,183
050,55,083,"Wisconsin","Oconto County",3,30,408,221,187
050,55,083,"Wisconsin","Oconto County",3,31,404,198,206
050,55,083,"Wisconsin","Oconto County",3,32,416,203,213
050,55,083,"Wisconsin","Oconto County",3,33,424,216,208
050,55,083,"Wisconsin","Oconto County",3,34,417,209,208
050,55,083,"Wisconsin","Oconto County",3,35,417,209,208
050,55,083,"Wisconsin","Oconto County",3,36,446,231,215
050,55,083,"Wisconsin","Oconto County",3,37,451,232,219
050,55,083,"Wisconsin","Oconto County",3,38,444,233,211
050,55,083,"Wisconsin","Oconto County",3,39,471,240,231
050,55,083,"Wisconsin","Oconto County",3,40,480,248,232
050,55,083,"Wisconsin","Oconto County",3,41,510,263,247
050,55,083,"Wisconsin","Oconto County",3,42,495,267,228
050,55,083,"Wisconsin","Oconto County",3,43,482,250,232
050,55,083,"Wisconsin","Oconto County",3,44,472,259,213
050,55,083,"Wisconsin","Oconto County",3,45,450,242,208
050,55,083,"Wisconsin","Oconto County",3,46,469,243,226
050,55,083,"Wisconsin","Oconto County",3,47,443,229,214
050,55,083,"Wisconsin","Oconto County",3,48,438,227,211
050,55,083,"Wisconsin","Oconto County",3,49,487,253,234
050,55,083,"Wisconsin","Oconto County",3,50,512,252,260
050,55,083,"Wisconsin","Oconto County",3,51,510,255,255
050,55,083,"Wisconsin","Oconto County",3,52,536,269,267
050,55,083,"Wisconsin","Oconto County",3,53,526,262,264
050,55,083,"Wisconsin","Oconto County",3,54,617,323,294
050,55,083,"Wisconsin","Oconto County",3,55,625,317,308
050,55,083,"Wisconsin","Oconto County",3,56,668,353,315
050,55,083,"Wisconsin","Oconto County",3,57,712,366,346
050,55,083,"Wisconsin","Oconto County",3,58,711,371,340
050,55,083,"Wisconsin","Oconto County",3,59,704,364,340
050,55,083,"Wisconsin","Oconto County",3,60,757,399,358
050,55,083,"Wisconsin","Oconto County",3,61,732,392,340
050,55,083,"Wisconsin","Oconto County",3,62,751,383,368
050,55,083,"Wisconsin","Oconto County",3,63,733,385,348
050,55,083,"Wisconsin","Oconto County",3,64,707,373,334
050,55,083,"Wisconsin","Oconto County",3,65,646,335,311
050,55,083,"Wisconsin","Oconto County",3,66,614,314,300
050,55,083,"Wisconsin","Oconto County",3,67,608,331,277
050,55,083,"Wisconsin","Oconto County",3,68,594,330,264
050,55,083,"Wisconsin","Oconto County",3,69,574,310,264
050,55,083,"Wisconsin","Oconto County",3,70,527,279,248
050,55,083,"Wisconsin","Oconto County",3,71,479,258,221
050,55,083,"Wisconsin","Oconto County",3,72,470,259,211
050,55,083,"Wisconsin","Oconto County",3,73,454,239,215
050,55,083,"Wisconsin","Oconto County",3,74,473,242,231
050,55,083,"Wisconsin","Oconto County",3,75,305,157,148
050,55,083,"Wisconsin","Oconto County",3,76,284,140,144
050,55,083,"Wisconsin","Oconto County",3,77,270,127,143
050,55,083,"Wisconsin","Oconto County",3,78,280,128,152
050,55,083,"Wisconsin","Oconto County",3,79,253,121,132
050,55,083,"Wisconsin","Oconto County",3,80,230,112,118
050,55,083,"Wisconsin","Oconto County",3,81,210,106,104
050,55,083,"Wisconsin","Oconto County",3,82,179,90,89
050,55,083,"Wisconsin","Oconto County",3,83,174,85,89
050,55,083,"Wisconsin","Oconto County",3,84,141,69,72
050,55,083,"Wisconsin","Oconto County",3,85,763,298,465
050,55,083,"Wisconsin","Oconto County",4,0,337,162,175
050,55,083,"Wisconsin","Oconto County",4,1,364,186,178
050,55,083,"Wisconsin","Oconto County",4,2,414,217,197
050,55,083,"Wisconsin","Oconto County",4,3,387,208,179
050,55,083,"Wisconsin","Oconto County",4,4,414,208,206
050,55,083,"Wisconsin","Oconto County",4,5,419,214,205
050,55,083,"Wisconsin","Oconto County",4,6,407,214,193
050,55,083,"Wisconsin","Oconto County",4,7,453,240,213
050,55,083,"Wisconsin","Oconto County",4,8,422,220,202
050,55,083,"Wisconsin","Oconto County",4,9,415,223,192
050,55,083,"Wisconsin","Oconto County",4,10,432,218,214
050,55,083,"Wisconsin","Oconto County",4,11,473,232,241
050,55,083,"Wisconsin","Oconto County",4,12,476,237,239
050,55,083,"Wisconsin","Oconto County",4,13,468,239,229
050,55,083,"Wisconsin","Oconto County",4,14,518,277,241
050,55,083,"Wisconsin","Oconto County",4,15,503,266,237
050,55,083,"Wisconsin","Oconto County",4,16,497,266,231
050,55,083,"Wisconsin","Oconto County",4,17,497,255,242
050,55,083,"Wisconsin","Oconto County",4,18,402,212,190
050,55,083,"Wisconsin","Oconto County",4,19,305,165,140
050,55,083,"Wisconsin","Oconto County",4,20,342,176,166
050,55,083,"Wisconsin","Oconto County",4,21,332,178,154
050,55,083,"Wisconsin","Oconto County",4,22,343,182,161
050,55,083,"Wisconsin","Oconto County",4,23,331,173,158
050,55,083,"Wisconsin","Oconto County",4,24,323,172,151
050,55,083,"Wisconsin","Oconto County",4,25,321,164,157
050,55,083,"Wisconsin","Oconto County",4,26,317,172,145
050,55,083,"Wisconsin","Oconto County",4,27,323,171,152
050,55,083,"Wisconsin","Oconto County",4,28,363,186,177
050,55,083,"Wisconsin","Oconto County",4,29,425,213,212
050,55,083,"Wisconsin","Oconto County",4,30,395,201,194
050,55,083,"Wisconsin","Oconto County",4,31,407,215,192
050,55,083,"Wisconsin","Oconto County",4,32,416,213,203
050,55,083,"Wisconsin","Oconto County",4,33,440,214,226
050,55,083,"Wisconsin","Oconto County",4,34,434,221,213
050,55,083,"Wisconsin","Oconto County",4,35,436,218,218
050,55,083,"Wisconsin","Oconto County",4,36,432,213,219
050,55,083,"Wisconsin","Oconto County",4,37,439,227,212
050,55,083,"Wisconsin","Oconto County",4,38,473,250,223
050,55,083,"Wisconsin","Oconto County",4,39,444,235,209
050,55,083,"Wisconsin","Oconto County",4,40,478,246,232
050,55,083,"Wisconsin","Oconto County",4,41,486,253,233
050,55,083,"Wisconsin","Oconto County",4,42,507,258,249
050,55,083,"Wisconsin","Oconto County",4,43,499,271,228
050,55,083,"Wisconsin","Oconto County",4,44,494,252,242
050,55,083,"Wisconsin","Oconto County",4,45,485,268,217
050,55,083,"Wisconsin","Oconto County",4,46,448,242,206
050,55,083,"Wisconsin","Oconto County",4,47,475,250,225
050,55,083,"Wisconsin","Oconto County",4,48,439,222,217
050,55,083,"Wisconsin","Oconto County",4,49,445,230,215
050,55,083,"Wisconsin","Oconto County",4,50,509,267,242
050,55,083,"Wisconsin","Oconto County",4,51,518,255,263
050,55,083,"Wisconsin","Oconto County",4,52,511,264,247
050,55,083,"Wisconsin","Oconto County",4,53,537,267,270
050,55,083,"Wisconsin","Oconto County",4,54,538,273,265
050,55,083,"Wisconsin","Oconto County",4,55,606,313,293
050,55,083,"Wisconsin","Oconto County",4,56,646,330,316
050,55,083,"Wisconsin","Oconto County",4,57,675,349,326
050,55,083,"Wisconsin","Oconto County",4,58,706,368,338
050,55,083,"Wisconsin","Oconto County",4,59,706,360,346
050,55,083,"Wisconsin","Oconto County",4,60,711,374,337
050,55,083,"Wisconsin","Oconto County",4,61,778,411,367
050,55,083,"Wisconsin","Oconto County",4,62,746,401,345
050,55,083,"Wisconsin","Oconto County",4,63,747,379,368
050,55,083,"Wisconsin","Oconto County",4,64,757,404,353
050,55,083,"Wisconsin","Oconto County",4,65,710,384,326
050,55,083,"Wisconsin","Oconto County",4,66,639,332,307
050,55,083,"Wisconsin","Oconto County",4,67,630,330,300
050,55,083,"Wisconsin","Oconto County",4,68,593,318,275
050,55,083,"Wisconsin","Oconto County",4,69,569,316,253
050,55,083,"Wisconsin","Oconto County",4,70,571,307,264
050,55,083,"Wisconsin","Oconto County",4,71,521,271,250
050,55,083,"Wisconsin","Oconto County",4,72,474,255,219
050,55,083,"Wisconsin","Oconto County",4,73,458,252,206
050,55,083,"Wisconsin","Oconto County",4,74,442,234,208
050,55,083,"Wisconsin","Oconto County",4,75,461,239,222
050,55,083,"Wisconsin","Oconto County",4,76,293,148,145
050,55,083,"Wisconsin","Oconto County",4,77,271,132,139
050,55,083,"Wisconsin","Oconto County",4,78,248,116,132
050,55,083,"Wisconsin","Oconto County",4,79,262,116,146
050,55,083,"Wisconsin","Oconto County",4,80,243,115,128
050,55,083,"Wisconsin","Oconto County",4,81,219,110,109
050,55,083,"Wisconsin","Oconto County",4,82,190,97,93
050,55,083,"Wisconsin","Oconto County",4,83,165,78,87
050,55,083,"Wisconsin","Oconto County",4,84,157,78,79
050,55,083,"Wisconsin","Oconto County",4,85,794,310,484
050,55,083,"Wisconsin","Oconto County",5,0,331,159,172
050,55,083,"Wisconsin","Oconto County",5,1,358,186,172
050,55,083,"Wisconsin","Oconto County",5,2,361,183,178
050,55,083,"Wisconsin","Oconto County",5,3,419,217,202
050,55,083,"Wisconsin","Oconto County",5,4,382,201,181
050,55,083,"Wisconsin","Oconto County",5,5,405,204,201
050,55,083,"Wisconsin","Oconto County",5,6,403,213,190
050,55,083,"Wisconsin","Oconto County",5,7,411,217,194
050,55,083,"Wisconsin","Oconto County",5,8,445,238,207
050,55,083,"Wisconsin","Oconto County",5,9,433,221,212
050,55,083,"Wisconsin","Oconto County",5,10,415,226,189
050,55,083,"Wisconsin","Oconto County",5,11,434,215,219
050,55,083,"Wisconsin","Oconto County",5,12,468,233,235
050,55,083,"Wisconsin","Oconto County",5,13,478,240,238
050,55,083,"Wisconsin","Oconto County",5,14,461,233,228
050,55,083,"Wisconsin","Oconto County",5,15,540,288,252
050,55,083,"Wisconsin","Oconto County",5,16,510,270,240
050,55,083,"Wisconsin","Oconto County",5,17,493,261,232
050,55,083,"Wisconsin","Oconto County",5,18,400,209,191
050,55,083,"Wisconsin","Oconto County",5,19,309,170,139
050,55,083,"Wisconsin","Oconto County",5,20,325,170,155
050,55,083,"Wisconsin","Oconto County",5,21,354,187,167
050,55,083,"Wisconsin","Oconto County",5,22,349,186,163
050,55,083,"Wisconsin","Oconto County",5,23,328,182,146
050,55,083,"Wisconsin","Oconto County",5,24,311,171,140
050,55,083,"Wisconsin","Oconto County",5,25,293,159,134
050,55,083,"Wisconsin","Oconto County",5,26,306,157,149
050,55,083,"Wisconsin","Oconto County",5,27,344,178,166
050,55,083,"Wisconsin","Oconto County",5,28,343,180,163
050,55,083,"Wisconsin","Oconto County",5,29,360,175,185
050,55,083,"Wisconsin","Oconto County",5,30,442,227,215
050,55,083,"Wisconsin","Oconto County",5,31,396,204,192
050,55,083,"Wisconsin","Oconto County",5,32,416,224,192
050,55,083,"Wisconsin","Oconto County",5,33,436,221,215
050,55,083,"Wisconsin","Oconto County",5,34,443,216,227
050,55,083,"Wisconsin","Oconto County",5,35,442,215,227
050,55,083,"Wisconsin","Oconto County",5,36,454,229,225
050,55,083,"Wisconsin","Oconto County",5,37,448,232,216
050,55,083,"Wisconsin","Oconto County",5,38,442,230,212
050,55,083,"Wisconsin","Oconto County",5,39,479,247,232
050,55,083,"Wisconsin","Oconto County",5,40,448,236,212
050,55,083,"Wisconsin","Oconto County",5,41,483,252,231
050,55,083,"Wisconsin","Oconto County",5,42,487,254,233
050,55,083,"Wisconsin","Oconto County",5,43,525,274,251
050,55,083,"Wisconsin","Oconto County",5,44,499,268,231
050,55,083,"Wisconsin","Oconto County",5,45,509,259,250
050,55,083,"Wisconsin","Oconto County",5,46,488,265,223
050,55,083,"Wisconsin","Oconto County",5,47,448,234,214
050,55,083,"Wisconsin","Oconto County",5,48,475,256,219
050,55,083,"Wisconsin","Oconto County",5,49,447,230,217
050,55,083,"Wisconsin","Oconto County",5,50,450,239,211
050,55,083,"Wisconsin","Oconto County",5,51,499,259,240
050,55,083,"Wisconsin","Oconto County",5,52,528,267,261
050,55,083,"Wisconsin","Oconto County",5,53,525,270,255
050,55,083,"Wisconsin","Oconto County",5,54,547,274,273
050,55,083,"Wisconsin","Oconto County",5,55,540,273,267
050,55,083,"Wisconsin","Oconto County",5,56,612,323,289
050,55,083,"Wisconsin","Oconto County",5,57,637,319,318
050,55,083,"Wisconsin","Oconto County",5,58,678,352,326
050,55,083,"Wisconsin","Oconto County",5,59,707,365,342
050,55,083,"Wisconsin","Oconto County",5,60,726,366,360
050,55,083,"Wisconsin","Oconto County",5,61,721,378,343
050,55,083,"Wisconsin","Oconto County",5,62,803,419,384
050,55,083,"Wisconsin","Oconto County",5,63,747,401,346
050,55,083,"Wisconsin","Oconto County",5,64,760,384,376
050,55,083,"Wisconsin","Oconto County",5,65,770,412,358
050,55,083,"Wisconsin","Oconto County",5,66,704,376,328
050,55,083,"Wisconsin","Oconto County",5,67,639,336,303
050,55,083,"Wisconsin","Oconto County",5,68,612,321,291
050,55,083,"Wisconsin","Oconto County",5,69,577,306,271
050,55,083,"Wisconsin","Oconto County",5,70,562,305,257
050,55,083,"Wisconsin","Oconto County",5,71,557,299,258
050,55,083,"Wisconsin","Oconto County",5,72,506,267,239
050,55,083,"Wisconsin","Oconto County",5,73,460,247,213
050,55,083,"Wisconsin","Oconto County",5,74,442,245,197
050,55,083,"Wisconsin","Oconto County",5,75,428,232,196
050,55,083,"Wisconsin","Oconto County",5,76,441,228,213
050,55,083,"Wisconsin","Oconto County",5,77,278,136,142
050,55,083,"Wisconsin","Oconto County",5,78,254,121,133
050,55,083,"Wisconsin","Oconto County",5,79,237,103,134
050,55,083,"Wisconsin","Oconto County",5,80,256,112,144
050,55,083,"Wisconsin","Oconto County",5,81,238,116,122
050,55,083,"Wisconsin","Oconto County",5,82,204,104,100
050,55,083,"Wisconsin","Oconto County",5,83,177,86,91
050,55,083,"Wisconsin","Oconto County",5,84,144,67,77
050,55,083,"Wisconsin","Oconto County",5,85,833,333,500
050,55,085,"Wisconsin","Oneida County",1,0,318,162,156
050,55,085,"Wisconsin","Oneida County",1,1,332,166,166
050,55,085,"Wisconsin","Oneida County",1,2,350,179,171
050,55,085,"Wisconsin","Oneida County",1,3,321,168,153
050,55,085,"Wisconsin","Oneida County",1,4,353,185,168
050,55,085,"Wisconsin","Oneida County",1,5,341,177,164
050,55,085,"Wisconsin","Oneida County",1,6,330,193,137
050,55,085,"Wisconsin","Oneida County",1,7,335,184,151
050,55,085,"Wisconsin","Oneida County",1,8,362,194,168
050,55,085,"Wisconsin","Oneida County",1,9,370,179,191
050,55,085,"Wisconsin","Oneida County",1,10,390,196,194
050,55,085,"Wisconsin","Oneida County",1,11,375,203,172
050,55,085,"Wisconsin","Oneida County",1,12,391,212,179
050,55,085,"Wisconsin","Oneida County",1,13,392,205,187
050,55,085,"Wisconsin","Oneida County",1,14,400,214,186
050,55,085,"Wisconsin","Oneida County",1,15,412,215,197
050,55,085,"Wisconsin","Oneida County",1,16,388,193,195
050,55,085,"Wisconsin","Oneida County",1,17,391,198,193
050,55,085,"Wisconsin","Oneida County",1,18,310,157,153
050,55,085,"Wisconsin","Oneida County",1,19,262,136,126
050,55,085,"Wisconsin","Oneida County",1,20,290,155,135
050,55,085,"Wisconsin","Oneida County",1,21,289,151,138
050,55,085,"Wisconsin","Oneida County",1,22,312,154,158
050,55,085,"Wisconsin","Oneida County",1,23,347,175,172
050,55,085,"Wisconsin","Oneida County",1,24,330,166,164
050,55,085,"Wisconsin","Oneida County",1,25,373,191,182
050,55,085,"Wisconsin","Oneida County",1,26,364,193,171
050,55,085,"Wisconsin","Oneida County",1,27,363,195,168
050,55,085,"Wisconsin","Oneida County",1,28,363,182,181
050,55,085,"Wisconsin","Oneida County",1,29,370,197,173
050,55,085,"Wisconsin","Oneida County",1,30,339,177,162
050,55,085,"Wisconsin","Oneida County",1,31,364,199,165
050,55,085,"Wisconsin","Oneida County",1,32,342,181,161
050,55,085,"Wisconsin","Oneida County",1,33,323,170,153
050,55,085,"Wisconsin","Oneida County",1,34,343,171,172
050,55,085,"Wisconsin","Oneida County",1,35,356,186,170
050,55,085,"Wisconsin","Oneida County",1,36,407,210,197
050,55,085,"Wisconsin","Oneida County",1,37,420,231,189
050,55,085,"Wisconsin","Oneida County",1,38,396,199,197
050,55,085,"Wisconsin","Oneida County",1,39,402,198,204
050,55,085,"Wisconsin","Oneida County",1,40,380,192,188
050,55,085,"Wisconsin","Oneida County",1,41,364,199,165
050,55,085,"Wisconsin","Oneida County",1,42,370,200,170
050,55,085,"Wisconsin","Oneida County",1,43,354,177,177
050,55,085,"Wisconsin","Oneida County",1,44,340,176,164
050,55,085,"Wisconsin","Oneida County",1,45,387,212,175
050,55,085,"Wisconsin","Oneida County",1,46,378,188,190
050,55,085,"Wisconsin","Oneida County",1,47,364,184,180
050,55,085,"Wisconsin","Oneida County",1,48,398,207,191
050,55,085,"Wisconsin","Oneida County",1,49,476,253,223
050,55,085,"Wisconsin","Oneida County",1,50,465,244,221
050,55,085,"Wisconsin","Oneida County",1,51,436,216,220
050,55,085,"Wisconsin","Oneida County",1,52,498,245,253
050,55,085,"Wisconsin","Oneida County",1,53,532,258,274
050,55,085,"Wisconsin","Oneida County",1,54,568,285,283
050,55,085,"Wisconsin","Oneida County",1,55,602,296,306
050,55,085,"Wisconsin","Oneida County",1,56,663,318,345
050,55,085,"Wisconsin","Oneida County",1,57,686,352,334
050,55,085,"Wisconsin","Oneida County",1,58,758,360,398
050,55,085,"Wisconsin","Oneida County",1,59,721,350,371
050,55,085,"Wisconsin","Oneida County",1,60,753,392,361
050,55,085,"Wisconsin","Oneida County",1,61,751,382,369
050,55,085,"Wisconsin","Oneida County",1,62,741,380,361
050,55,085,"Wisconsin","Oneida County",1,63,765,381,384
050,55,085,"Wisconsin","Oneida County",1,64,772,393,379
050,55,085,"Wisconsin","Oneida County",1,65,719,360,359
050,55,085,"Wisconsin","Oneida County",1,66,706,358,348
050,55,085,"Wisconsin","Oneida County",1,67,734,374,360
050,55,085,"Wisconsin","Oneida County",1,68,693,351,342
050,55,085,"Wisconsin","Oneida County",1,69,603,331,272
050,55,085,"Wisconsin","Oneida County",1,70,603,321,282
050,55,085,"Wisconsin","Oneida County",1,71,552,283,269
050,55,085,"Wisconsin","Oneida County",1,72,526,272,254
050,55,085,"Wisconsin","Oneida County",1,73,533,265,268
050,55,085,"Wisconsin","Oneida County",1,74,403,199,204
050,55,085,"Wisconsin","Oneida County",1,75,410,209,201
050,55,085,"Wisconsin","Oneida County",1,76,404,207,197
050,55,085,"Wisconsin","Oneida County",1,77,408,199,209
050,55,085,"Wisconsin","Oneida County",1,78,335,168,167
050,55,085,"Wisconsin","Oneida County",1,79,314,153,161
050,55,085,"Wisconsin","Oneida County",1,80,285,136,149
050,55,085,"Wisconsin","Oneida County",1,81,263,116,147
050,55,085,"Wisconsin","Oneida County",1,82,215,91,124
050,55,085,"Wisconsin","Oneida County",1,83,198,87,111
050,55,085,"Wisconsin","Oneida County",1,84,188,90,98
050,55,085,"Wisconsin","Oneida County",1,85,1012,402,610
050,55,085,"Wisconsin","Oneida County",2,0,312,163,149
050,55,085,"Wisconsin","Oneida County",2,1,332,166,166
050,55,085,"Wisconsin","Oneida County",2,2,345,175,170
050,55,085,"Wisconsin","Oneida County",2,3,325,172,153
050,55,085,"Wisconsin","Oneida County",2,4,346,182,164
050,55,085,"Wisconsin","Oneida County",2,5,344,178,166
050,55,085,"Wisconsin","Oneida County",2,6,335,190,145
050,55,085,"Wisconsin","Oneida County",2,7,331,185,146
050,55,085,"Wisconsin","Oneida County",2,8,357,193,164
050,55,085,"Wisconsin","Oneida County",2,9,365,182,183
050,55,085,"Wisconsin","Oneida County",2,10,383,192,191
050,55,085,"Wisconsin","Oneida County",2,11,375,200,175
050,55,085,"Wisconsin","Oneida County",2,12,389,212,177
050,55,085,"Wisconsin","Oneida County",2,13,395,208,187
050,55,085,"Wisconsin","Oneida County",2,14,402,214,188
050,55,085,"Wisconsin","Oneida County",2,15,413,218,195
050,55,085,"Wisconsin","Oneida County",2,16,399,202,197
050,55,085,"Wisconsin","Oneida County",2,17,392,198,194
050,55,085,"Wisconsin","Oneida County",2,18,312,159,153
050,55,085,"Wisconsin","Oneida County",2,19,261,136,125
050,55,085,"Wisconsin","Oneida County",2,20,292,154,138
050,55,085,"Wisconsin","Oneida County",2,21,289,151,138
050,55,085,"Wisconsin","Oneida County",2,22,313,156,157
050,55,085,"Wisconsin","Oneida County",2,23,340,171,169
050,55,085,"Wisconsin","Oneida County",2,24,333,168,165
050,55,085,"Wisconsin","Oneida County",2,25,361,185,176
050,55,085,"Wisconsin","Oneida County",2,26,364,191,173
050,55,085,"Wisconsin","Oneida County",2,27,361,194,167
050,55,085,"Wisconsin","Oneida County",2,28,366,187,179
050,55,085,"Wisconsin","Oneida County",2,29,369,196,173
050,55,085,"Wisconsin","Oneida County",2,30,350,183,167
050,55,085,"Wisconsin","Oneida County",2,31,361,195,166
050,55,085,"Wisconsin","Oneida County",2,32,349,186,163
050,55,085,"Wisconsin","Oneida County",2,33,323,170,153
050,55,085,"Wisconsin","Oneida County",2,34,339,172,167
050,55,085,"Wisconsin","Oneida County",2,35,357,185,172
050,55,085,"Wisconsin","Oneida County",2,36,398,207,191
050,55,085,"Wisconsin","Oneida County",2,37,420,229,191
050,55,085,"Wisconsin","Oneida County",2,38,405,207,198
050,55,085,"Wisconsin","Oneida County",2,39,398,196,202
050,55,085,"Wisconsin","Oneida County",2,40,387,193,194
050,55,085,"Wisconsin","Oneida County",2,41,368,197,171
050,55,085,"Wisconsin","Oneida County",2,42,367,198,169
050,55,085,"Wisconsin","Oneida County",2,43,360,184,176
050,55,085,"Wisconsin","Oneida County",2,44,338,175,163
050,55,085,"Wisconsin","Oneida County",2,45,381,207,174
050,55,085,"Wisconsin","Oneida County",2,46,379,193,186
050,55,085,"Wisconsin","Oneida County",2,47,366,185,181
050,55,085,"Wisconsin","Oneida County",2,48,391,202,189
050,55,085,"Wisconsin","Oneida County",2,49,462,244,218
050,55,085,"Wisconsin","Oneida County",2,50,466,246,220
050,55,085,"Wisconsin","Oneida County",2,51,444,224,220
050,55,085,"Wisconsin","Oneida County",2,52,484,239,245
050,55,085,"Wisconsin","Oneida County",2,53,527,257,270
050,55,085,"Wisconsin","Oneida County",2,54,562,279,283
050,55,085,"Wisconsin","Oneida County",2,55,598,296,302
050,55,085,"Wisconsin","Oneida County",2,56,651,313,338
050,55,085,"Wisconsin","Oneida County",2,57,689,346,343
050,55,085,"Wisconsin","Oneida County",2,58,740,357,383
050,55,085,"Wisconsin","Oneida County",2,59,740,360,380
050,55,085,"Wisconsin","Oneida County",2,60,749,384,365
050,55,085,"Wisconsin","Oneida County",2,61,756,388,368
050,55,085,"Wisconsin","Oneida County",2,62,744,379,365
050,55,085,"Wisconsin","Oneida County",2,63,770,386,384
050,55,085,"Wisconsin","Oneida County",2,64,766,388,378
050,55,085,"Wisconsin","Oneida County",2,65,735,370,365
050,55,085,"Wisconsin","Oneida County",2,66,716,363,353
050,55,085,"Wisconsin","Oneida County",2,67,728,372,356
050,55,085,"Wisconsin","Oneida County",2,68,698,353,345
050,55,085,"Wisconsin","Oneida County",2,69,630,339,291
050,55,085,"Wisconsin","Oneida County",2,70,593,316,277
050,55,085,"Wisconsin","Oneida County",2,71,562,292,270
050,55,085,"Wisconsin","Oneida County",2,72,522,268,254
050,55,085,"Wisconsin","Oneida County",2,73,555,279,276
050,55,085,"Wisconsin","Oneida County",2,74,402,196,206
050,55,085,"Wisconsin","Oneida County",2,75,405,204,201
050,55,085,"Wisconsin","Oneida County",2,76,401,206,195
050,55,085,"Wisconsin","Oneida County",2,77,410,204,206
050,55,085,"Wisconsin","Oneida County",2,78,344,171,173
050,55,085,"Wisconsin","Oneida County",2,79,316,155,161
050,55,085,"Wisconsin","Oneida County",2,80,289,140,149
050,55,085,"Wisconsin","Oneida County",2,81,257,113,144
050,55,085,"Wisconsin","Oneida County",2,82,225,98,127
050,55,085,"Wisconsin","Oneida County",2,83,193,85,108
050,55,085,"Wisconsin","Oneida County",2,84,188,88,100
050,55,085,"Wisconsin","Oneida County",2,85,1014,400,614
050,55,085,"Wisconsin","Oneida County",3,0,259,129,130
050,55,085,"Wisconsin","Oneida County",3,1,312,150,162
050,55,085,"Wisconsin","Oneida County",3,2,342,166,176
050,55,085,"Wisconsin","Oneida County",3,3,341,173,168
050,55,085,"Wisconsin","Oneida County",3,4,342,174,168
050,55,085,"Wisconsin","Oneida County",3,5,355,178,177
050,55,085,"Wisconsin","Oneida County",3,6,359,183,176
050,55,085,"Wisconsin","Oneida County",3,7,335,186,149
050,55,085,"Wisconsin","Oneida County",3,8,342,198,144
050,55,085,"Wisconsin","Oneida County",3,9,363,194,169
050,55,085,"Wisconsin","Oneida County",3,10,365,190,175
050,55,085,"Wisconsin","Oneida County",3,11,405,203,202
050,55,085,"Wisconsin","Oneida County",3,12,389,204,185
050,55,085,"Wisconsin","Oneida County",3,13,394,215,179
050,55,085,"Wisconsin","Oneida County",3,14,407,219,188
050,55,085,"Wisconsin","Oneida County",3,15,387,206,181
050,55,085,"Wisconsin","Oneida County",3,16,415,211,204
050,55,085,"Wisconsin","Oneida County",3,17,405,211,194
050,55,085,"Wisconsin","Oneida County",3,18,338,172,166
050,55,085,"Wisconsin","Oneida County",3,19,269,138,131
050,55,085,"Wisconsin","Oneida County",3,20,295,161,134
050,55,085,"Wisconsin","Oneida County",3,21,296,156,140
050,55,085,"Wisconsin","Oneida County",3,22,317,164,153
050,55,085,"Wisconsin","Oneida County",3,23,318,156,162
050,55,085,"Wisconsin","Oneida County",3,24,337,178,159
050,55,085,"Wisconsin","Oneida County",3,25,351,180,171
050,55,085,"Wisconsin","Oneida County",3,26,364,179,185
050,55,085,"Wisconsin","Oneida County",3,27,346,188,158
050,55,085,"Wisconsin","Oneida County",3,28,361,191,170
050,55,085,"Wisconsin","Oneida County",3,29,370,192,178
050,55,085,"Wisconsin","Oneida County",3,30,377,201,176
050,55,085,"Wisconsin","Oneida County",3,31,369,196,173
050,55,085,"Wisconsin","Oneida County",3,32,377,202,175
050,55,085,"Wisconsin","Oneida County",3,33,362,185,177
050,55,085,"Wisconsin","Oneida County",3,34,349,191,158
050,55,085,"Wisconsin","Oneida County",3,35,352,182,170
050,55,085,"Wisconsin","Oneida County",3,36,373,182,191
050,55,085,"Wisconsin","Oneida County",3,37,401,210,191
050,55,085,"Wisconsin","Oneida County",3,38,424,227,197
050,55,085,"Wisconsin","Oneida County",3,39,421,213,208
050,55,085,"Wisconsin","Oneida County",3,40,405,203,202
050,55,085,"Wisconsin","Oneida County",3,41,386,189,197
050,55,085,"Wisconsin","Oneida County",3,42,372,192,180
050,55,085,"Wisconsin","Oneida County",3,43,392,212,180
050,55,085,"Wisconsin","Oneida County",3,44,355,184,171
050,55,085,"Wisconsin","Oneida County",3,45,348,182,166
050,55,085,"Wisconsin","Oneida County",3,46,390,222,168
050,55,085,"Wisconsin","Oneida County",3,47,382,190,192
050,55,085,"Wisconsin","Oneida County",3,48,381,193,188
050,55,085,"Wisconsin","Oneida County",3,49,403,208,195
050,55,085,"Wisconsin","Oneida County",3,50,454,238,216
050,55,085,"Wisconsin","Oneida County",3,51,474,253,221
050,55,085,"Wisconsin","Oneida County",3,52,456,231,225
050,55,085,"Wisconsin","Oneida County",3,53,492,247,245
050,55,085,"Wisconsin","Oneida County",3,54,561,276,285
050,55,085,"Wisconsin","Oneida County",3,55,583,287,296
050,55,085,"Wisconsin","Oneida County",3,56,626,312,314
050,55,085,"Wisconsin","Oneida County",3,57,672,321,351
050,55,085,"Wisconsin","Oneida County",3,58,726,361,365
050,55,085,"Wisconsin","Oneida County",3,59,751,359,392
050,55,085,"Wisconsin","Oneida County",3,60,775,378,397
050,55,085,"Wisconsin","Oneida County",3,61,766,396,370
050,55,085,"Wisconsin","Oneida County",3,62,795,406,389
050,55,085,"Wisconsin","Oneida County",3,63,772,395,377
050,55,085,"Wisconsin","Oneida County",3,64,786,403,383
050,55,085,"Wisconsin","Oneida County",3,65,793,393,400
050,55,085,"Wisconsin","Oneida County",3,66,733,372,361
050,55,085,"Wisconsin","Oneida County",3,67,735,372,363
050,55,085,"Wisconsin","Oneida County",3,68,728,370,358
050,55,085,"Wisconsin","Oneida County",3,69,691,352,339
050,55,085,"Wisconsin","Oneida County",3,70,628,335,293
050,55,085,"Wisconsin","Oneida County",3,71,580,311,269
050,55,085,"Wisconsin","Oneida County",3,72,547,286,261
050,55,085,"Wisconsin","Oneida County",3,73,505,258,247
050,55,085,"Wisconsin","Oneida County",3,74,547,271,276
050,55,085,"Wisconsin","Oneida County",3,75,386,190,196
050,55,085,"Wisconsin","Oneida County",3,76,392,197,195
050,55,085,"Wisconsin","Oneida County",3,77,378,192,186
050,55,085,"Wisconsin","Oneida County",3,78,388,197,191
050,55,085,"Wisconsin","Oneida County",3,79,315,155,160
050,55,085,"Wisconsin","Oneida County",3,80,287,136,151
050,55,085,"Wisconsin","Oneida County",3,81,255,121,134
050,55,085,"Wisconsin","Oneida County",3,82,229,98,131
050,55,085,"Wisconsin","Oneida County",3,83,198,86,112
050,55,085,"Wisconsin","Oneida County",3,84,176,73,103
050,55,085,"Wisconsin","Oneida County",3,85,971,395,576
050,55,085,"Wisconsin","Oneida County",4,0,265,137,128
050,55,085,"Wisconsin","Oneida County",4,1,263,136,127
050,55,085,"Wisconsin","Oneida County",4,2,308,148,160
050,55,085,"Wisconsin","Oneida County",4,3,352,169,183
050,55,085,"Wisconsin","Oneida County",4,4,345,171,174
050,55,085,"Wisconsin","Oneida County",4,5,349,183,166
050,55,085,"Wisconsin","Oneida County",4,6,351,173,178
050,55,085,"Wisconsin","Oneida County",4,7,361,180,181
050,55,085,"Wisconsin","Oneida County",4,8,337,190,147
050,55,085,"Wisconsin","Oneida County",4,9,357,210,147
050,55,085,"Wisconsin","Oneida County",4,10,356,188,168
050,55,085,"Wisconsin","Oneida County",4,11,358,186,172
050,55,085,"Wisconsin","Oneida County",4,12,396,199,197
050,55,085,"Wisconsin","Oneida County",4,13,395,215,180
050,55,085,"Wisconsin","Oneida County",4,14,392,212,180
050,55,085,"Wisconsin","Oneida County",4,15,408,220,188
050,55,085,"Wisconsin","Oneida County",4,16,408,217,191
050,55,085,"Wisconsin","Oneida County",4,17,428,225,203
050,55,085,"Wisconsin","Oneida County",4,18,345,183,162
050,55,085,"Wisconsin","Oneida County",4,19,278,142,136
050,55,085,"Wisconsin","Oneida County",4,20,278,141,137
050,55,085,"Wisconsin","Oneida County",4,21,293,158,135
050,55,085,"Wisconsin","Oneida County",4,22,319,162,157
050,55,085,"Wisconsin","Oneida County",4,23,300,156,144
050,55,085,"Wisconsin","Oneida County",4,24,319,168,151
050,55,085,"Wisconsin","Oneida County",4,25,334,179,155
050,55,085,"Wisconsin","Oneida County",4,26,337,178,159
050,55,085,"Wisconsin","Oneida County",4,27,336,162,174
050,55,085,"Wisconsin","Oneida County",4,28,346,183,163
050,55,085,"Wisconsin","Oneida County",4,29,364,181,183
050,55,085,"Wisconsin","Oneida County",4,30,356,183,173
050,55,085,"Wisconsin","Oneida County",4,31,380,206,174
050,55,085,"Wisconsin","Oneida County",4,32,373,203,170
050,55,085,"Wisconsin","Oneida County",4,33,371,192,179
050,55,085,"Wisconsin","Oneida County",4,34,366,192,174
050,55,085,"Wisconsin","Oneida County",4,35,350,194,156
050,55,085,"Wisconsin","Oneida County",4,36,364,184,180
050,55,085,"Wisconsin","Oneida County",4,37,366,179,187
050,55,085,"Wisconsin","Oneida County",4,38,410,209,201
050,55,085,"Wisconsin","Oneida County",4,39,435,232,203
050,55,085,"Wisconsin","Oneida County",4,40,419,208,211
050,55,085,"Wisconsin","Oneida County",4,41,414,207,207
050,55,085,"Wisconsin","Oneida County",4,42,376,180,196
050,55,085,"Wisconsin","Oneida County",4,43,371,191,180
050,55,085,"Wisconsin","Oneida County",4,44,385,210,175
050,55,085,"Wisconsin","Oneida County",4,45,377,196,181
050,55,085,"Wisconsin","Oneida County",4,46,348,177,171
050,55,085,"Wisconsin","Oneida County",4,47,395,223,172
050,55,085,"Wisconsin","Oneida County",4,48,385,193,192
050,55,085,"Wisconsin","Oneida County",4,49,379,188,191
050,55,085,"Wisconsin","Oneida County",4,50,401,205,196
050,55,085,"Wisconsin","Oneida County",4,51,467,242,225
050,55,085,"Wisconsin","Oneida County",4,52,470,256,214
050,55,085,"Wisconsin","Oneida County",4,53,461,230,231
050,55,085,"Wisconsin","Oneida County",4,54,490,243,247
050,55,085,"Wisconsin","Oneida County",4,55,573,287,286
050,55,085,"Wisconsin","Oneida County",4,56,593,294,299
050,55,085,"Wisconsin","Oneida County",4,57,644,316,328
050,55,085,"Wisconsin","Oneida County",4,58,688,341,347
050,55,085,"Wisconsin","Oneida County",4,59,735,366,369
050,55,085,"Wisconsin","Oneida County",4,60,758,371,387
050,55,085,"Wisconsin","Oneida County",4,61,783,386,397
050,55,085,"Wisconsin","Oneida County",4,62,817,417,400
050,55,085,"Wisconsin","Oneida County",4,63,836,427,409
050,55,085,"Wisconsin","Oneida County",4,64,790,412,378
050,55,085,"Wisconsin","Oneida County",4,65,791,412,379
050,55,085,"Wisconsin","Oneida County",4,66,782,384,398
050,55,085,"Wisconsin","Oneida County",4,67,737,368,369
050,55,085,"Wisconsin","Oneida County",4,68,730,370,360
050,55,085,"Wisconsin","Oneida County",4,69,731,369,362
050,55,085,"Wisconsin","Oneida County",4,70,684,350,334
050,55,085,"Wisconsin","Oneida County",4,71,614,326,288
050,55,085,"Wisconsin","Oneida County",4,72,570,307,263
050,55,085,"Wisconsin","Oneida County",4,73,535,282,253
050,55,085,"Wisconsin","Oneida County",4,74,500,258,242
050,55,085,"Wisconsin","Oneida County",4,75,527,262,265
050,55,085,"Wisconsin","Oneida County",4,76,375,190,185
050,55,085,"Wisconsin","Oneida County",4,77,362,183,179
050,55,085,"Wisconsin","Oneida County",4,78,359,186,173
050,55,085,"Wisconsin","Oneida County",4,79,351,180,171
050,55,085,"Wisconsin","Oneida County",4,80,301,143,158
050,55,085,"Wisconsin","Oneida County",4,81,270,120,150
050,55,085,"Wisconsin","Oneida County",4,82,234,114,120
050,55,085,"Wisconsin","Oneida County",4,83,199,83,116
050,55,085,"Wisconsin","Oneida County",4,84,184,76,108
050,55,085,"Wisconsin","Oneida County",4,85,953,398,555
050,55,085,"Wisconsin","Oneida County",5,0,263,135,128
050,55,085,"Wisconsin","Oneida County",5,1,284,135,149
050,55,085,"Wisconsin","Oneida County",5,2,281,150,131
050,55,085,"Wisconsin","Oneida County",5,3,302,148,154
050,55,085,"Wisconsin","Oneida County",5,4,341,163,178
050,55,085,"Wisconsin","Oneida County",5,5,351,179,172
050,55,085,"Wisconsin","Oneida County",5,6,347,183,164
050,55,085,"Wisconsin","Oneida County",5,7,354,179,175
050,55,085,"Wisconsin","Oneida County",5,8,364,187,177
050,55,085,"Wisconsin","Oneida County",5,9,329,186,143
050,55,085,"Wisconsin","Oneida County",5,10,347,210,137
050,55,085,"Wisconsin","Oneida County",5,11,353,192,161
050,55,085,"Wisconsin","Oneida County",5,12,357,189,168
050,55,085,"Wisconsin","Oneida County",5,13,408,204,204
050,55,085,"Wisconsin","Oneida County",5,14,400,218,182
050,55,085,"Wisconsin","Oneida County",5,15,394,215,179
050,55,085,"Wisconsin","Oneida County",5,16,401,216,185
050,55,085,"Wisconsin","Oneida County",5,17,397,208,189
050,55,085,"Wisconsin","Oneida County",5,18,352,190,162
050,55,085,"Wisconsin","Oneida County",5,19,282,150,132
050,55,085,"Wisconsin","Oneida County",5,20,286,147,139
050,55,085,"Wisconsin","Oneida County",5,21,273,138,135
050,55,085,"Wisconsin","Oneida County",5,22,314,159,155
050,55,085,"Wisconsin","Oneida County",5,23,323,168,155
050,55,085,"Wisconsin","Oneida County",5,24,291,154,137
050,55,085,"Wisconsin","Oneida County",5,25,315,166,149
050,55,085,"Wisconsin","Oneida County",5,26,317,163,154
050,55,085,"Wisconsin","Oneida County",5,27,333,174,159
050,55,085,"Wisconsin","Oneida County",5,28,360,177,183
050,55,085,"Wisconsin","Oneida County",5,29,360,197,163
050,55,085,"Wisconsin","Oneida County",5,30,366,185,181
050,55,085,"Wisconsin","Oneida County",5,31,356,183,173
050,55,085,"Wisconsin","Oneida County",5,32,383,214,169
050,55,085,"Wisconsin","Oneida County",5,33,386,206,180
050,55,085,"Wisconsin","Oneida County",5,34,373,189,184
050,55,085,"Wisconsin","Oneida County",5,35,359,188,171
050,55,085,"Wisconsin","Oneida County",5,36,358,195,163
050,55,085,"Wisconsin","Oneida County",5,37,376,185,191
050,55,085,"Wisconsin","Oneida County",5,38,366,174,192
050,55,085,"Wisconsin","Oneida County",5,39,409,211,198
050,55,085,"Wisconsin","Oneida County",5,40,431,227,204
050,55,085,"Wisconsin","Oneida County",5,41,432,215,217
050,55,085,"Wisconsin","Oneida County",5,42,419,208,211
050,55,085,"Wisconsin","Oneida County",5,43,382,187,195
050,55,085,"Wisconsin","Oneida County",5,44,366,187,179
050,55,085,"Wisconsin","Oneida County",5,45,397,211,186
050,55,085,"Wisconsin","Oneida County",5,46,385,202,183
050,55,085,"Wisconsin","Oneida County",5,47,347,178,169
050,55,085,"Wisconsin","Oneida County",5,48,407,226,181
050,55,085,"Wisconsin","Oneida County",5,49,377,194,183
050,55,085,"Wisconsin","Oneida County",5,50,379,181,198
050,55,085,"Wisconsin","Oneida County",5,51,401,207,194
050,55,085,"Wisconsin","Oneida County",5,52,479,248,231
050,55,085,"Wisconsin","Oneida County",5,53,479,260,219
050,55,085,"Wisconsin","Oneida County",5,54,483,247,236
050,55,085,"Wisconsin","Oneida County",5,55,504,249,255
050,55,085,"Wisconsin","Oneida County",5,56,586,293,293
050,55,085,"Wisconsin","Oneida County",5,57,615,307,308
050,55,085,"Wisconsin","Oneida County",5,58,672,332,340
050,55,085,"Wisconsin","Oneida County",5,59,698,347,351
050,55,085,"Wisconsin","Oneida County",5,60,755,369,386
050,55,085,"Wisconsin","Oneida County",5,61,779,386,393
050,55,085,"Wisconsin","Oneida County",5,62,817,402,415
050,55,085,"Wisconsin","Oneida County",5,63,822,428,394
050,55,085,"Wisconsin","Oneida County",5,64,847,432,415
050,55,085,"Wisconsin","Oneida County",5,65,809,421,388
050,55,085,"Wisconsin","Oneida County",5,66,791,411,380
050,55,085,"Wisconsin","Oneida County",5,67,779,386,393
050,55,085,"Wisconsin","Oneida County",5,68,738,371,367
050,55,085,"Wisconsin","Oneida County",5,69,723,368,355
050,55,085,"Wisconsin","Oneida County",5,70,723,358,365
050,55,085,"Wisconsin","Oneida County",5,71,670,345,325
050,55,085,"Wisconsin","Oneida County",5,72,604,321,283
050,55,085,"Wisconsin","Oneida County",5,73,562,300,262
050,55,085,"Wisconsin","Oneida County",5,74,525,279,246
050,55,085,"Wisconsin","Oneida County",5,75,473,249,224
050,55,085,"Wisconsin","Oneida County",5,76,519,256,263
050,55,085,"Wisconsin","Oneida County",5,77,358,183,175
050,55,085,"Wisconsin","Oneida County",5,78,350,182,168
050,55,085,"Wisconsin","Oneida County",5,79,332,169,163
050,55,085,"Wisconsin","Oneida County",5,80,334,169,165
050,55,085,"Wisconsin","Oneida County",5,81,279,129,150
050,55,085,"Wisconsin","Oneida County",5,82,245,109,136
050,55,085,"Wisconsin","Oneida County",5,83,210,101,109
050,55,085,"Wisconsin","Oneida County",5,84,193,76,117
050,55,085,"Wisconsin","Oneida County",5,85,939,399,540
050,55,087,"Wisconsin","Outagamie County",1,0,2182,1109,1073
050,55,087,"Wisconsin","Outagamie County",1,1,2241,1145,1096
050,55,087,"Wisconsin","Outagamie County",1,2,2198,1146,1052
050,55,087,"Wisconsin","Outagamie County",1,3,2413,1231,1182
050,55,087,"Wisconsin","Outagamie County",1,4,2500,1284,1216
050,55,087,"Wisconsin","Outagamie County",1,5,2450,1268,1182
050,55,087,"Wisconsin","Outagamie County",1,6,2417,1259,1158
050,55,087,"Wisconsin","Outagamie County",1,7,2400,1221,1179
050,55,087,"Wisconsin","Outagamie County",1,8,2435,1215,1220
050,55,087,"Wisconsin","Outagamie County",1,9,2505,1296,1209
050,55,087,"Wisconsin","Outagamie County",1,10,2544,1322,1222
050,55,087,"Wisconsin","Outagamie County",1,11,2632,1378,1254
050,55,087,"Wisconsin","Outagamie County",1,12,2692,1393,1299
050,55,087,"Wisconsin","Outagamie County",1,13,2670,1361,1309
050,55,087,"Wisconsin","Outagamie County",1,14,2598,1318,1280
050,55,087,"Wisconsin","Outagamie County",1,15,2568,1322,1246
050,55,087,"Wisconsin","Outagamie County",1,16,2668,1346,1322
050,55,087,"Wisconsin","Outagamie County",1,17,2637,1339,1298
050,55,087,"Wisconsin","Outagamie County",1,18,2344,1210,1134
050,55,087,"Wisconsin","Outagamie County",1,19,2177,1108,1069
050,55,087,"Wisconsin","Outagamie County",1,20,2205,1149,1056
050,55,087,"Wisconsin","Outagamie County",1,21,2283,1192,1091
050,55,087,"Wisconsin","Outagamie County",1,22,2290,1183,1107
050,55,087,"Wisconsin","Outagamie County",1,23,2252,1147,1105
050,55,087,"Wisconsin","Outagamie County",1,24,2249,1212,1037
050,55,087,"Wisconsin","Outagamie County",1,25,2355,1212,1143
050,55,087,"Wisconsin","Outagamie County",1,26,2435,1252,1183
050,55,087,"Wisconsin","Outagamie County",1,27,2569,1351,1218
050,55,087,"Wisconsin","Outagamie County",1,28,2500,1275,1225
050,55,087,"Wisconsin","Outagamie County",1,29,2515,1293,1222
050,55,087,"Wisconsin","Outagamie County",1,30,2455,1222,1233
050,55,087,"Wisconsin","Outagamie County",1,31,2399,1236,1163
050,55,087,"Wisconsin","Outagamie County",1,32,2490,1281,1209
050,55,087,"Wisconsin","Outagamie County",1,33,2585,1370,1215
050,55,087,"Wisconsin","Outagamie County",1,34,2669,1399,1270
050,55,087,"Wisconsin","Outagamie County",1,35,2685,1364,1321
050,55,087,"Wisconsin","Outagamie County",1,36,2679,1336,1343
050,55,087,"Wisconsin","Outagamie County",1,37,2633,1353,1280
050,55,087,"Wisconsin","Outagamie County",1,38,2621,1354,1267
050,55,087,"Wisconsin","Outagamie County",1,39,2656,1380,1276
050,55,087,"Wisconsin","Outagamie County",1,40,2586,1303,1283
050,55,087,"Wisconsin","Outagamie County",1,41,2526,1299,1227
050,55,087,"Wisconsin","Outagamie County",1,42,2409,1245,1164
050,55,087,"Wisconsin","Outagamie County",1,43,2332,1202,1130
050,55,087,"Wisconsin","Outagamie County",1,44,2228,1148,1080
050,55,087,"Wisconsin","Outagamie County",1,45,2294,1182,1112
050,55,087,"Wisconsin","Outagamie County",1,46,2179,1147,1032
050,55,087,"Wisconsin","Outagamie County",1,47,2183,1139,1044
050,55,087,"Wisconsin","Outagamie County",1,48,2255,1162,1093
050,55,087,"Wisconsin","Outagamie County",1,49,2515,1241,1274
050,55,087,"Wisconsin","Outagamie County",1,50,2451,1212,1239
050,55,087,"Wisconsin","Outagamie County",1,51,2427,1223,1204
050,55,087,"Wisconsin","Outagamie County",1,52,2560,1295,1265
050,55,087,"Wisconsin","Outagamie County",1,53,2556,1290,1266
050,55,087,"Wisconsin","Outagamie County",1,54,2610,1301,1309
050,55,087,"Wisconsin","Outagamie County",1,55,2767,1374,1393
050,55,087,"Wisconsin","Outagamie County",1,56,2784,1389,1395
050,55,087,"Wisconsin","Outagamie County",1,57,2792,1421,1371
050,55,087,"Wisconsin","Outagamie County",1,58,2857,1423,1434
050,55,087,"Wisconsin","Outagamie County",1,59,2840,1403,1437
050,55,087,"Wisconsin","Outagamie County",1,60,2672,1313,1359
050,55,087,"Wisconsin","Outagamie County",1,61,2649,1318,1331
050,55,087,"Wisconsin","Outagamie County",1,62,2532,1258,1274
050,55,087,"Wisconsin","Outagamie County",1,63,2319,1154,1165
050,55,087,"Wisconsin","Outagamie County",1,64,2256,1146,1110
050,55,087,"Wisconsin","Outagamie County",1,65,2229,1097,1132
050,55,087,"Wisconsin","Outagamie County",1,66,2126,1038,1088
050,55,087,"Wisconsin","Outagamie County",1,67,2012,983,1029
050,55,087,"Wisconsin","Outagamie County",1,68,1937,934,1003
050,55,087,"Wisconsin","Outagamie County",1,69,1747,846,901
050,55,087,"Wisconsin","Outagamie County",1,70,1703,825,878
050,55,087,"Wisconsin","Outagamie County",1,71,1651,795,856
050,55,087,"Wisconsin","Outagamie County",1,72,1609,753,856
050,55,087,"Wisconsin","Outagamie County",1,73,1593,765,828
050,55,087,"Wisconsin","Outagamie County",1,74,1092,495,597
050,55,087,"Wisconsin","Outagamie County",1,75,1104,503,601
050,55,087,"Wisconsin","Outagamie County",1,76,1088,503,585
050,55,087,"Wisconsin","Outagamie County",1,77,1088,493,595
050,55,087,"Wisconsin","Outagamie County",1,78,952,415,537
050,55,087,"Wisconsin","Outagamie County",1,79,841,358,483
050,55,087,"Wisconsin","Outagamie County",1,80,742,332,410
050,55,087,"Wisconsin","Outagamie County",1,81,721,321,400
050,55,087,"Wisconsin","Outagamie County",1,82,666,286,380
050,55,087,"Wisconsin","Outagamie County",1,83,611,244,367
050,55,087,"Wisconsin","Outagamie County",1,84,593,246,347
050,55,087,"Wisconsin","Outagamie County",1,85,3223,1116,2107
050,55,087,"Wisconsin","Outagamie County",2,0,2195,1111,1084
050,55,087,"Wisconsin","Outagamie County",2,1,2226,1137,1089
050,55,087,"Wisconsin","Outagamie County",2,2,2217,1154,1063
050,55,087,"Wisconsin","Outagamie County",2,3,2360,1213,1147
050,55,087,"Wisconsin","Outagamie County",2,4,2487,1274,1213
050,55,087,"Wisconsin","Outagamie County",2,5,2469,1273,1196
050,55,087,"Wisconsin","Outagamie County",2,6,2425,1259,1166
050,55,087,"Wisconsin","Outagamie County",2,7,2402,1226,1176
050,55,087,"Wisconsin","Outagamie County",2,8,2426,1214,1212
050,55,087,"Wisconsin","Outagamie County",2,9,2483,1275,1208
050,55,087,"Wisconsin","Outagamie County",2,10,2539,1318,1221
050,55,087,"Wisconsin","Outagamie County",2,11,2598,1360,1238
050,55,087,"Wisconsin","Outagamie County",2,12,2686,1395,1291
050,55,087,"Wisconsin","Outagamie County",2,13,2671,1366,1305
050,55,087,"Wisconsin","Outagamie County",2,14,2611,1326,1285
050,55,087,"Wisconsin","Outagamie County",2,15,2574,1317,1257
050,55,087,"Wisconsin","Outagamie County",2,16,2646,1337,1309
050,55,087,"Wisconsin","Outagamie County",2,17,2645,1339,1306
050,55,087,"Wisconsin","Outagamie County",2,18,2355,1217,1138
050,55,087,"Wisconsin","Outagamie County",2,19,2177,1108,1069
050,55,087,"Wisconsin","Outagamie County",2,20,2246,1163,1083
050,55,087,"Wisconsin","Outagamie County",2,21,2291,1194,1097
050,55,087,"Wisconsin","Outagamie County",2,22,2309,1196,1113
050,55,087,"Wisconsin","Outagamie County",2,23,2257,1153,1104
050,55,087,"Wisconsin","Outagamie County",2,24,2264,1204,1060
050,55,087,"Wisconsin","Outagamie County",2,25,2332,1208,1124
050,55,087,"Wisconsin","Outagamie County",2,26,2425,1249,1176
050,55,087,"Wisconsin","Outagamie County",2,27,2540,1324,1216
050,55,087,"Wisconsin","Outagamie County",2,28,2518,1292,1226
050,55,087,"Wisconsin","Outagamie County",2,29,2516,1291,1225
050,55,087,"Wisconsin","Outagamie County",2,30,2494,1251,1243
050,55,087,"Wisconsin","Outagamie County",2,31,2416,1233,1183
050,55,087,"Wisconsin","Outagamie County",2,32,2483,1280,1203
050,55,087,"Wisconsin","Outagamie County",2,33,2565,1351,1214
050,55,087,"Wisconsin","Outagamie County",2,34,2651,1390,1261
050,55,087,"Wisconsin","Outagamie County",2,35,2696,1378,1318
050,55,087,"Wisconsin","Outagamie County",2,36,2658,1329,1329
050,55,087,"Wisconsin","Outagamie County",2,37,2655,1354,1301
050,55,087,"Wisconsin","Outagamie County",2,38,2629,1357,1272
050,55,087,"Wisconsin","Outagamie County",2,39,2643,1372,1271
050,55,087,"Wisconsin","Outagamie County",2,40,2611,1328,1283
050,55,087,"Wisconsin","Outagamie County",2,41,2545,1302,1243
050,55,087,"Wisconsin","Outagamie County",2,42,2426,1255,1171
050,55,087,"Wisconsin","Outagamie County",2,43,2358,1216,1142
050,55,087,"Wisconsin","Outagamie County",2,44,2230,1150,1080
050,55,087,"Wisconsin","Outagamie County",2,45,2288,1178,1110
050,55,087,"Wisconsin","Outagamie County",2,46,2201,1157,1044
050,55,087,"Wisconsin","Outagamie County",2,47,2174,1138,1036
050,55,087,"Wisconsin","Outagamie County",2,48,2234,1149,1085
050,55,087,"Wisconsin","Outagamie County",2,49,2460,1225,1235
050,55,087,"Wisconsin","Outagamie County",2,50,2462,1218,1244
050,55,087,"Wisconsin","Outagamie County",2,51,2425,1216,1209
050,55,087,"Wisconsin","Outagamie County",2,52,2510,1271,1239
050,55,087,"Wisconsin","Outagamie County",2,53,2555,1291,1264
050,55,087,"Wisconsin","Outagamie County",2,54,2580,1290,1290
050,55,087,"Wisconsin","Outagamie County",2,55,2723,1353,1370
050,55,087,"Wisconsin","Outagamie County",2,56,2768,1375,1393
050,55,087,"Wisconsin","Outagamie County",2,57,2791,1415,1376
050,55,087,"Wisconsin","Outagamie County",2,58,2832,1415,1417
050,55,087,"Wisconsin","Outagamie County",2,59,2848,1409,1439
050,55,087,"Wisconsin","Outagamie County",2,60,2701,1330,1371
050,55,087,"Wisconsin","Outagamie County",2,61,2643,1306,1337
050,55,087,"Wisconsin","Outagamie County",2,62,2551,1268,1283
050,55,087,"Wisconsin","Outagamie County",2,63,2382,1184,1198
050,55,087,"Wisconsin","Outagamie County",2,64,2264,1146,1118
050,55,087,"Wisconsin","Outagamie County",2,65,2217,1098,1119
050,55,087,"Wisconsin","Outagamie County",2,66,2146,1049,1097
050,55,087,"Wisconsin","Outagamie County",2,67,2030,993,1037
050,55,087,"Wisconsin","Outagamie County",2,68,1944,941,1003
050,55,087,"Wisconsin","Outagamie County",2,69,1807,875,932
050,55,087,"Wisconsin","Outagamie County",2,70,1699,819,880
050,55,087,"Wisconsin","Outagamie County",2,71,1663,799,864
050,55,087,"Wisconsin","Outagamie County",2,72,1596,750,846
050,55,087,"Wisconsin","Outagamie County",2,73,1672,797,875
050,55,087,"Wisconsin","Outagamie County",2,74,1135,523,612
050,55,087,"Wisconsin","Outagamie County",2,75,1104,501,603
050,55,087,"Wisconsin","Outagamie County",2,76,1084,499,585
050,55,087,"Wisconsin","Outagamie County",2,77,1103,504,599
050,55,087,"Wisconsin","Outagamie County",2,78,960,424,536
050,55,087,"Wisconsin","Outagamie County",2,79,859,368,491
050,55,087,"Wisconsin","Outagamie County",2,80,750,332,418
050,55,087,"Wisconsin","Outagamie County",2,81,713,315,398
050,55,087,"Wisconsin","Outagamie County",2,82,684,298,386
050,55,087,"Wisconsin","Outagamie County",2,83,620,253,367
050,55,087,"Wisconsin","Outagamie County",2,84,590,240,350
050,55,087,"Wisconsin","Outagamie County",2,85,3248,1129,2119
050,55,087,"Wisconsin","Outagamie County",3,0,2046,1049,997
050,55,087,"Wisconsin","Outagamie County",3,1,2221,1152,1069
050,55,087,"Wisconsin","Outagamie County",3,2,2302,1154,1148
050,55,087,"Wisconsin","Outagamie County",3,3,2265,1160,1105
050,55,087,"Wisconsin","Outagamie County",3,4,2367,1222,1145
050,55,087,"Wisconsin","Outagamie County",3,5,2514,1289,1225
050,55,087,"Wisconsin","Outagamie County",3,6,2466,1261,1205
050,55,087,"Wisconsin","Outagamie County",3,7,2430,1245,1185
050,55,087,"Wisconsin","Outagamie County",3,8,2428,1221,1207
050,55,087,"Wisconsin","Outagamie County",3,9,2425,1226,1199
050,55,087,"Wisconsin","Outagamie County",3,10,2515,1283,1232
050,55,087,"Wisconsin","Outagamie County",3,11,2549,1340,1209
050,55,087,"Wisconsin","Outagamie County",3,12,2567,1348,1219
050,55,087,"Wisconsin","Outagamie County",3,13,2719,1412,1307
050,55,087,"Wisconsin","Outagamie County",3,14,2711,1403,1308
050,55,087,"Wisconsin","Outagamie County",3,15,2617,1335,1282
050,55,087,"Wisconsin","Outagamie County",3,16,2656,1353,1303
050,55,087,"Wisconsin","Outagamie County",3,17,2650,1342,1308
050,55,087,"Wisconsin","Outagamie County",3,18,2400,1255,1145
050,55,087,"Wisconsin","Outagamie County",3,19,2110,1088,1022
050,55,087,"Wisconsin","Outagamie County",3,20,2188,1130,1058
050,55,087,"Wisconsin","Outagamie County",3,21,2275,1180,1095
050,55,087,"Wisconsin","Outagamie County",3,22,2308,1183,1125
050,55,087,"Wisconsin","Outagamie County",3,23,2258,1161,1097
050,55,087,"Wisconsin","Outagamie County",3,24,2347,1210,1137
050,55,087,"Wisconsin","Outagamie County",3,25,2304,1220,1084
050,55,087,"Wisconsin","Outagamie County",3,26,2370,1256,1114
050,55,087,"Wisconsin","Outagamie County",3,27,2488,1282,1206
050,55,087,"Wisconsin","Outagamie County",3,28,2525,1309,1216
050,55,087,"Wisconsin","Outagamie County",3,29,2535,1318,1217
050,55,087,"Wisconsin","Outagamie County",3,30,2559,1299,1260
050,55,087,"Wisconsin","Outagamie County",3,31,2511,1251,1260
050,55,087,"Wisconsin","Outagamie County",3,32,2436,1254,1182
050,55,087,"Wisconsin","Outagamie County",3,33,2468,1278,1190
050,55,087,"Wisconsin","Outagamie County",3,34,2551,1321,1230
050,55,087,"Wisconsin","Outagamie County",3,35,2688,1404,1284
050,55,087,"Wisconsin","Outagamie County",3,36,2694,1378,1316
050,55,087,"Wisconsin","Outagamie County",3,37,2669,1331,1338
050,55,087,"Wisconsin","Outagamie County",3,38,2662,1350,1312
050,55,087,"Wisconsin","Outagamie County",3,39,2623,1343,1280
050,55,087,"Wisconsin","Outagamie County",3,40,2639,1377,1262
050,55,087,"Wisconsin","Outagamie County",3,41,2602,1315,1287
050,55,087,"Wisconsin","Outagamie County",3,42,2560,1321,1239
050,55,087,"Wisconsin","Outagamie County",3,43,2433,1253,1180
050,55,087,"Wisconsin","Outagamie County",3,44,2367,1212,1155
050,55,087,"Wisconsin","Outagamie County",3,45,2225,1136,1089
050,55,087,"Wisconsin","Outagamie County",3,46,2292,1188,1104
050,55,087,"Wisconsin","Outagamie County",3,47,2172,1127,1045
050,55,087,"Wisconsin","Outagamie County",3,48,2156,1125,1031
050,55,087,"Wisconsin","Outagamie County",3,49,2242,1136,1106
050,55,087,"Wisconsin","Outagamie County",3,50,2422,1205,1217
050,55,087,"Wisconsin","Outagamie County",3,51,2443,1215,1228
050,55,087,"Wisconsin","Outagamie County",3,52,2430,1213,1217
050,55,087,"Wisconsin","Outagamie County",3,53,2478,1270,1208
050,55,087,"Wisconsin","Outagamie County",3,54,2486,1258,1228
050,55,087,"Wisconsin","Outagamie County",3,55,2584,1301,1283
050,55,087,"Wisconsin","Outagamie County",3,56,2655,1305,1350
050,55,087,"Wisconsin","Outagamie County",3,57,2742,1370,1372
050,55,087,"Wisconsin","Outagamie County",3,58,2760,1398,1362
050,55,087,"Wisconsin","Outagamie County",3,59,2758,1383,1375
050,55,087,"Wisconsin","Outagamie County",3,60,2835,1392,1443
050,55,087,"Wisconsin","Outagamie County",3,61,2673,1322,1351
050,55,087,"Wisconsin","Outagamie County",3,62,2596,1279,1317
050,55,087,"Wisconsin","Outagamie County",3,63,2512,1254,1258
050,55,087,"Wisconsin","Outagamie County",3,64,2357,1165,1192
050,55,087,"Wisconsin","Outagamie County",3,65,2224,1119,1105
050,55,087,"Wisconsin","Outagamie County",3,66,2183,1079,1104
050,55,087,"Wisconsin","Outagamie County",3,67,2121,1030,1091
050,55,087,"Wisconsin","Outagamie County",3,68,1998,973,1025
050,55,087,"Wisconsin","Outagamie County",3,69,1905,927,978
050,55,087,"Wisconsin","Outagamie County",3,70,1775,852,923
050,55,087,"Wisconsin","Outagamie County",3,71,1679,803,876
050,55,087,"Wisconsin","Outagamie County",3,72,1644,780,864
050,55,087,"Wisconsin","Outagamie County",3,73,1531,726,805
050,55,087,"Wisconsin","Outagamie County",3,74,1636,774,862
050,55,087,"Wisconsin","Outagamie County",3,75,1084,483,601
050,55,087,"Wisconsin","Outagamie County",3,76,1072,489,583
050,55,087,"Wisconsin","Outagamie County",3,77,1021,464,557
050,55,087,"Wisconsin","Outagamie County",3,78,1058,479,579
050,55,087,"Wisconsin","Outagamie County",3,79,928,407,521
050,55,087,"Wisconsin","Outagamie County",3,80,813,351,462
050,55,087,"Wisconsin","Outagamie County",3,81,726,304,422
050,55,087,"Wisconsin","Outagamie County",3,82,682,304,378
050,55,087,"Wisconsin","Outagamie County",3,83,633,268,365
050,55,087,"Wisconsin","Outagamie County",3,84,568,219,349
050,55,087,"Wisconsin","Outagamie County",3,85,3203,1123,2080
050,55,087,"Wisconsin","Outagamie County",4,0,2117,1078,1039
050,55,087,"Wisconsin","Outagamie County",4,1,2088,1098,990
050,55,087,"Wisconsin","Outagamie County",4,2,2252,1167,1085
050,55,087,"Wisconsin","Outagamie County",4,3,2324,1184,1140
050,55,087,"Wisconsin","Outagamie County",4,4,2299,1191,1108
050,55,087,"Wisconsin","Outagamie County",4,5,2418,1246,1172
050,55,087,"Wisconsin","Outagamie County",4,6,2541,1318,1223
050,55,087,"Wisconsin","Outagamie County",4,7,2504,1283,1221
050,55,087,"Wisconsin","Outagamie County",4,8,2435,1242,1193
050,55,087,"Wisconsin","Outagamie County",4,9,2448,1233,1215
050,55,087,"Wisconsin","Outagamie County",4,10,2473,1245,1228
050,55,087,"Wisconsin","Outagamie County",4,11,2549,1319,1230
050,55,087,"Wisconsin","Outagamie County",4,12,2592,1358,1234
050,55,087,"Wisconsin","Outagamie County",4,13,2577,1347,1230
050,55,087,"Wisconsin","Outagamie County",4,14,2721,1408,1313
050,55,087,"Wisconsin","Outagamie County",4,15,2708,1389,1319
050,55,087,"Wisconsin","Outagamie County",4,16,2628,1357,1271
050,55,087,"Wisconsin","Outagamie County",4,17,2651,1347,1304
050,55,087,"Wisconsin","Outagamie County",4,18,2344,1225,1119
050,55,087,"Wisconsin","Outagamie County",4,19,2038,1060,978
050,55,087,"Wisconsin","Outagamie County",4,20,2184,1133,1051
050,55,087,"Wisconsin","Outagamie County",4,21,2280,1185,1095
050,55,087,"Wisconsin","Outagamie County",4,22,2361,1226,1135
050,55,087,"Wisconsin","Outagamie County",4,23,2276,1175,1101
050,55,087,"Wisconsin","Outagamie County",4,24,2311,1211,1100
050,55,087,"Wisconsin","Outagamie County",4,25,2379,1223,1156
050,55,087,"Wisconsin","Outagamie County",4,26,2375,1268,1107
050,55,087,"Wisconsin","Outagamie County",4,27,2480,1309,1171
050,55,087,"Wisconsin","Outagamie County",4,28,2513,1299,1214
050,55,087,"Wisconsin","Outagamie County",4,29,2515,1314,1201
050,55,087,"Wisconsin","Outagamie County",4,30,2648,1402,1246
050,55,087,"Wisconsin","Outagamie County",4,31,2561,1301,1260
050,55,087,"Wisconsin","Outagamie County",4,32,2593,1285,1308
050,55,087,"Wisconsin","Outagamie County",4,33,2497,1284,1213
050,55,087,"Wisconsin","Outagamie County",4,34,2488,1291,1197
050,55,087,"Wisconsin","Outagamie County",4,35,2587,1332,1255
050,55,087,"Wisconsin","Outagamie County",4,36,2699,1404,1295
050,55,087,"Wisconsin","Outagamie County",4,37,2688,1351,1337
050,55,087,"Wisconsin","Outagamie County",4,38,2660,1330,1330
050,55,087,"Wisconsin","Outagamie County",4,39,2686,1354,1332
050,55,087,"Wisconsin","Outagamie County",4,40,2613,1340,1273
050,55,087,"Wisconsin","Outagamie County",4,41,2653,1384,1269
050,55,087,"Wisconsin","Outagamie County",4,42,2601,1312,1289
050,55,087,"Wisconsin","Outagamie County",4,43,2514,1286,1228
050,55,087,"Wisconsin","Outagamie County",4,44,2455,1273,1182
050,55,087,"Wisconsin","Outagamie County",4,45,2341,1191,1150
050,55,087,"Wisconsin","Outagamie County",4,46,2240,1138,1102
050,55,087,"Wisconsin","Outagamie County",4,47,2275,1182,1093
050,55,087,"Wisconsin","Outagamie County",4,48,2166,1128,1038
050,55,087,"Wisconsin","Outagamie County",4,49,2146,1127,1019
050,55,087,"Wisconsin","Outagamie County",4,50,2231,1128,1103
050,55,087,"Wisconsin","Outagamie County",4,51,2420,1201,1219
050,55,087,"Wisconsin","Outagamie County",4,52,2412,1197,1215
050,55,087,"Wisconsin","Outagamie County",4,53,2422,1218,1204
050,55,087,"Wisconsin","Outagamie County",4,54,2435,1243,1192
050,55,087,"Wisconsin","Outagamie County",4,55,2495,1256,1239
050,55,087,"Wisconsin","Outagamie County",4,56,2508,1246,1262
050,55,087,"Wisconsin","Outagamie County",4,57,2591,1289,1302
050,55,087,"Wisconsin","Outagamie County",4,58,2709,1350,1359
050,55,087,"Wisconsin","Outagamie County",4,59,2695,1364,1331
050,55,087,"Wisconsin","Outagamie County",4,60,2687,1344,1343
050,55,087,"Wisconsin","Outagamie County",4,61,2793,1358,1435
050,55,087,"Wisconsin","Outagamie County",4,62,2630,1299,1331
050,55,087,"Wisconsin","Outagamie County",4,63,2556,1263,1293
050,55,087,"Wisconsin","Outagamie County",4,64,2487,1242,1245
050,55,087,"Wisconsin","Outagamie County",4,65,2302,1130,1172
050,55,087,"Wisconsin","Outagamie County",4,66,2184,1089,1095
050,55,087,"Wisconsin","Outagamie County",4,67,2156,1047,1109
050,55,087,"Wisconsin","Outagamie County",4,68,2089,999,1090
050,55,087,"Wisconsin","Outagamie County",4,69,1990,976,1014
050,55,087,"Wisconsin","Outagamie County",4,70,1890,916,974
050,55,087,"Wisconsin","Outagamie County",4,71,1763,841,922
050,55,087,"Wisconsin","Outagamie County",4,72,1667,788,879
050,55,087,"Wisconsin","Outagamie County",4,73,1635,777,858
050,55,087,"Wisconsin","Outagamie County",4,74,1504,702,802
050,55,087,"Wisconsin","Outagamie County",4,75,1578,732,846
050,55,087,"Wisconsin","Outagamie County",4,76,1066,472,594
050,55,087,"Wisconsin","Outagamie County",4,77,1024,459,565
050,55,087,"Wisconsin","Outagamie County",4,78,991,447,544
050,55,087,"Wisconsin","Outagamie County",4,79,1034,458,576
050,55,087,"Wisconsin","Outagamie County",4,80,892,394,498
050,55,087,"Wisconsin","Outagamie County",4,81,771,319,452
050,55,087,"Wisconsin","Outagamie County",4,82,694,287,407
050,55,087,"Wisconsin","Outagamie County",4,83,652,290,362
050,55,087,"Wisconsin","Outagamie County",4,84,581,234,347
050,55,087,"Wisconsin","Outagamie County",4,85,3243,1133,2110
050,55,087,"Wisconsin","Outagamie County",5,0,2098,1068,1030
050,55,087,"Wisconsin","Outagamie County",5,1,2137,1088,1049
050,55,087,"Wisconsin","Outagamie County",5,2,2117,1107,1010
050,55,087,"Wisconsin","Outagamie County",5,3,2224,1136,1088
050,55,087,"Wisconsin","Outagamie County",5,4,2282,1147,1135
050,55,087,"Wisconsin","Outagamie County",5,5,2334,1210,1124
050,55,087,"Wisconsin","Outagamie County",5,6,2426,1259,1167
050,55,087,"Wisconsin","Outagamie County",5,7,2557,1319,1238
050,55,087,"Wisconsin","Outagamie County",5,8,2508,1282,1226
050,55,087,"Wisconsin","Outagamie County",5,9,2444,1252,1192
050,55,087,"Wisconsin","Outagamie County",5,10,2452,1238,1214
050,55,087,"Wisconsin","Outagamie County",5,11,2463,1243,1220
050,55,087,"Wisconsin","Outagamie County",5,12,2527,1307,1220
050,55,087,"Wisconsin","Outagamie County",5,13,2587,1353,1234
050,55,087,"Wisconsin","Outagamie County",5,14,2569,1337,1232
050,55,087,"Wisconsin","Outagamie County",5,15,2724,1404,1320
050,55,087,"Wisconsin","Outagamie County",5,16,2737,1405,1332
050,55,087,"Wisconsin","Outagamie County",5,17,2630,1358,1272
050,55,087,"Wisconsin","Outagamie County",5,18,2347,1238,1109
050,55,087,"Wisconsin","Outagamie County",5,19,2069,1054,1015
050,55,087,"Wisconsin","Outagamie County",5,20,2179,1138,1041
050,55,087,"Wisconsin","Outagamie County",5,21,2342,1225,1117
050,55,087,"Wisconsin","Outagamie County",5,22,2402,1259,1143
050,55,087,"Wisconsin","Outagamie County",5,23,2339,1232,1107
050,55,087,"Wisconsin","Outagamie County",5,24,2317,1209,1108
050,55,087,"Wisconsin","Outagamie County",5,25,2398,1254,1144
050,55,087,"Wisconsin","Outagamie County",5,26,2399,1235,1164
050,55,087,"Wisconsin","Outagamie County",5,27,2390,1256,1134
050,55,087,"Wisconsin","Outagamie County",5,28,2513,1326,1187
050,55,087,"Wisconsin","Outagamie County",5,29,2529,1302,1227
050,55,087,"Wisconsin","Outagamie County",5,30,2581,1374,1207
050,55,087,"Wisconsin","Outagamie County",5,31,2646,1410,1236
050,55,087,"Wisconsin","Outagamie County",5,32,2606,1337,1269
050,55,087,"Wisconsin","Outagamie County",5,33,2637,1315,1322
050,55,087,"Wisconsin","Outagamie County",5,34,2509,1293,1216
050,55,087,"Wisconsin","Outagamie County",5,35,2567,1346,1221
050,55,087,"Wisconsin","Outagamie County",5,36,2632,1360,1272
050,55,087,"Wisconsin","Outagamie County",5,37,2684,1409,1275
050,55,087,"Wisconsin","Outagamie County",5,38,2658,1327,1331
050,55,087,"Wisconsin","Outagamie County",5,39,2637,1318,1319
050,55,087,"Wisconsin","Outagamie County",5,40,2663,1339,1324
050,55,087,"Wisconsin","Outagamie County",5,41,2612,1323,1289
050,55,087,"Wisconsin","Outagamie County",5,42,2667,1389,1278
050,55,087,"Wisconsin","Outagamie County",5,43,2585,1304,1281
050,55,087,"Wisconsin","Outagamie County",5,44,2514,1290,1224
050,55,087,"Wisconsin","Outagamie County",5,45,2459,1267,1192
050,55,087,"Wisconsin","Outagamie County",5,46,2353,1210,1143
050,55,087,"Wisconsin","Outagamie County",5,47,2220,1124,1096
050,55,087,"Wisconsin","Outagamie County",5,48,2244,1157,1087
050,55,087,"Wisconsin","Outagamie County",5,49,2141,1112,1029
050,55,087,"Wisconsin","Outagamie County",5,50,2140,1120,1020
050,55,087,"Wisconsin","Outagamie County",5,51,2201,1114,1087
050,55,087,"Wisconsin","Outagamie County",5,52,2409,1192,1217
050,55,087,"Wisconsin","Outagamie County",5,53,2413,1201,1212
050,55,087,"Wisconsin","Outagamie County",5,54,2397,1214,1183
050,55,087,"Wisconsin","Outagamie County",5,55,2461,1263,1198
050,55,087,"Wisconsin","Outagamie County",5,56,2438,1205,1233
050,55,087,"Wisconsin","Outagamie County",5,57,2502,1247,1255
050,55,087,"Wisconsin","Outagamie County",5,58,2573,1279,1294
050,55,087,"Wisconsin","Outagamie County",5,59,2677,1328,1349
050,55,087,"Wisconsin","Outagamie County",5,60,2669,1348,1321
050,55,087,"Wisconsin","Outagamie County",5,61,2670,1334,1336
050,55,087,"Wisconsin","Outagamie County",5,62,2754,1337,1417
050,55,087,"Wisconsin","Outagamie County",5,63,2588,1264,1324
050,55,087,"Wisconsin","Outagamie County",5,64,2521,1243,1278
050,55,087,"Wisconsin","Outagamie County",5,65,2433,1207,1226
050,55,087,"Wisconsin","Outagamie County",5,66,2289,1123,1166
050,55,087,"Wisconsin","Outagamie County",5,67,2165,1078,1087
050,55,087,"Wisconsin","Outagamie County",5,68,2132,1020,1112
050,55,087,"Wisconsin","Outagamie County",5,69,2078,992,1086
050,55,087,"Wisconsin","Outagamie County",5,70,1973,953,1020
050,55,087,"Wisconsin","Outagamie County",5,71,1877,897,980
050,55,087,"Wisconsin","Outagamie County",5,72,1759,833,926
050,55,087,"Wisconsin","Outagamie County",5,73,1632,772,860
050,55,087,"Wisconsin","Outagamie County",5,74,1616,759,857
050,55,087,"Wisconsin","Outagamie County",5,75,1449,664,785
050,55,087,"Wisconsin","Outagamie County",5,76,1561,724,837
050,55,087,"Wisconsin","Outagamie County",5,77,1034,432,602
050,55,087,"Wisconsin","Outagamie County",5,78,994,444,550
050,55,087,"Wisconsin","Outagamie County",5,79,974,437,537
050,55,087,"Wisconsin","Outagamie County",5,80,993,442,551
050,55,087,"Wisconsin","Outagamie County",5,81,867,371,496
050,55,087,"Wisconsin","Outagamie County",5,82,740,308,432
050,55,087,"Wisconsin","Outagamie County",5,83,663,268,395
050,55,087,"Wisconsin","Outagamie County",5,84,603,259,344
050,55,087,"Wisconsin","Outagamie County",5,85,3334,1192,2142
050,55,089,"Wisconsin","Ozaukee County",1,0,842,434,408
050,55,089,"Wisconsin","Ozaukee County",1,1,895,456,439
050,55,089,"Wisconsin","Ozaukee County",1,2,945,477,468
050,55,089,"Wisconsin","Ozaukee County",1,3,1017,543,474
050,55,089,"Wisconsin","Ozaukee County",1,4,1027,527,500
050,55,089,"Wisconsin","Ozaukee County",1,5,1046,547,499
050,55,089,"Wisconsin","Ozaukee County",1,6,1011,513,498
050,55,089,"Wisconsin","Ozaukee County",1,7,1050,532,518
050,55,089,"Wisconsin","Ozaukee County",1,8,1037,528,509
050,55,089,"Wisconsin","Ozaukee County",1,9,1074,552,522
050,55,089,"Wisconsin","Ozaukee County",1,10,1154,606,548
050,55,089,"Wisconsin","Ozaukee County",1,11,1153,596,557
050,55,089,"Wisconsin","Ozaukee County",1,12,1191,600,591
050,55,089,"Wisconsin","Ozaukee County",1,13,1162,603,559
050,55,089,"Wisconsin","Ozaukee County",1,14,1186,634,552
050,55,089,"Wisconsin","Ozaukee County",1,15,1233,645,588
050,55,089,"Wisconsin","Ozaukee County",1,16,1258,646,612
050,55,089,"Wisconsin","Ozaukee County",1,17,1257,648,609
050,55,089,"Wisconsin","Ozaukee County",1,18,1267,674,593
050,55,089,"Wisconsin","Ozaukee County",1,19,1270,630,640
050,55,089,"Wisconsin","Ozaukee County",1,20,1201,597,604
050,55,089,"Wisconsin","Ozaukee County",1,21,1192,564,628
050,55,089,"Wisconsin","Ozaukee County",1,22,1039,524,515
050,55,089,"Wisconsin","Ozaukee County",1,23,928,489,439
050,55,089,"Wisconsin","Ozaukee County",1,24,903,479,424
050,55,089,"Wisconsin","Ozaukee County",1,25,870,458,412
050,55,089,"Wisconsin","Ozaukee County",1,26,879,456,423
050,55,089,"Wisconsin","Ozaukee County",1,27,832,424,408
050,55,089,"Wisconsin","Ozaukee County",1,28,807,409,398
050,55,089,"Wisconsin","Ozaukee County",1,29,814,415,399
050,55,089,"Wisconsin","Ozaukee County",1,30,783,398,385
050,55,089,"Wisconsin","Ozaukee County",1,31,822,425,397
050,55,089,"Wisconsin","Ozaukee County",1,32,879,456,423
050,55,089,"Wisconsin","Ozaukee County",1,33,1006,515,491
050,55,089,"Wisconsin","Ozaukee County",1,34,1057,524,533
050,55,089,"Wisconsin","Ozaukee County",1,35,1113,554,559
050,55,089,"Wisconsin","Ozaukee County",1,36,1080,547,533
050,55,089,"Wisconsin","Ozaukee County",1,37,1148,576,572
050,55,089,"Wisconsin","Ozaukee County",1,38,1181,595,586
050,55,089,"Wisconsin","Ozaukee County",1,39,1161,595,566
050,55,089,"Wisconsin","Ozaukee County",1,40,1137,575,562
050,55,089,"Wisconsin","Ozaukee County",1,41,1051,539,512
050,55,089,"Wisconsin","Ozaukee County",1,42,1052,560,492
050,55,089,"Wisconsin","Ozaukee County",1,43,1026,502,524
050,55,089,"Wisconsin","Ozaukee County",1,44,1042,519,523
050,55,089,"Wisconsin","Ozaukee County",1,45,1051,539,512
050,55,089,"Wisconsin","Ozaukee County",1,46,1013,497,516
050,55,089,"Wisconsin","Ozaukee County",1,47,1034,510,524
050,55,089,"Wisconsin","Ozaukee County",1,48,1112,544,568
050,55,089,"Wisconsin","Ozaukee County",1,49,1285,648,637
050,55,089,"Wisconsin","Ozaukee County",1,50,1242,635,607
050,55,089,"Wisconsin","Ozaukee County",1,51,1259,632,627
050,55,089,"Wisconsin","Ozaukee County",1,52,1213,619,594
050,55,089,"Wisconsin","Ozaukee County",1,53,1279,655,624
050,55,089,"Wisconsin","Ozaukee County",1,54,1330,653,677
050,55,089,"Wisconsin","Ozaukee County",1,55,1380,694,686
050,55,089,"Wisconsin","Ozaukee County",1,56,1355,680,675
050,55,089,"Wisconsin","Ozaukee County",1,57,1382,671,711
050,55,089,"Wisconsin","Ozaukee County",1,58,1469,719,750
050,55,089,"Wisconsin","Ozaukee County",1,59,1463,694,769
050,55,089,"Wisconsin","Ozaukee County",1,60,1427,688,739
050,55,089,"Wisconsin","Ozaukee County",1,61,1375,683,692
050,55,089,"Wisconsin","Ozaukee County",1,62,1438,700,738
050,55,089,"Wisconsin","Ozaukee County",1,63,1403,710,693
050,55,089,"Wisconsin","Ozaukee County",1,64,1300,645,655
050,55,089,"Wisconsin","Ozaukee County",1,65,1296,624,672
050,55,089,"Wisconsin","Ozaukee County",1,66,1238,593,645
050,55,089,"Wisconsin","Ozaukee County",1,67,1184,573,611
050,55,089,"Wisconsin","Ozaukee County",1,68,1169,575,594
050,55,089,"Wisconsin","Ozaukee County",1,69,1085,514,571
050,55,089,"Wisconsin","Ozaukee County",1,70,1044,501,543
050,55,089,"Wisconsin","Ozaukee County",1,71,989,486,503
050,55,089,"Wisconsin","Ozaukee County",1,72,990,490,500
050,55,089,"Wisconsin","Ozaukee County",1,73,1020,479,541
050,55,089,"Wisconsin","Ozaukee County",1,74,749,345,404
050,55,089,"Wisconsin","Ozaukee County",1,75,719,341,378
050,55,089,"Wisconsin","Ozaukee County",1,76,783,361,422
050,55,089,"Wisconsin","Ozaukee County",1,77,780,365,415
050,55,089,"Wisconsin","Ozaukee County",1,78,621,290,331
050,55,089,"Wisconsin","Ozaukee County",1,79,540,252,288
050,55,089,"Wisconsin","Ozaukee County",1,80,477,213,264
050,55,089,"Wisconsin","Ozaukee County",1,81,429,181,248
050,55,089,"Wisconsin","Ozaukee County",1,82,415,182,233
050,55,089,"Wisconsin","Ozaukee County",1,83,394,175,219
050,55,089,"Wisconsin","Ozaukee County",1,84,352,135,217
050,55,089,"Wisconsin","Ozaukee County",1,85,2347,850,1497
050,55,089,"Wisconsin","Ozaukee County",2,0,844,440,404
050,55,089,"Wisconsin","Ozaukee County",2,1,895,458,437
050,55,089,"Wisconsin","Ozaukee County",2,2,942,478,464
050,55,089,"Wisconsin","Ozaukee County",2,3,1004,530,474
050,55,089,"Wisconsin","Ozaukee County",2,4,1039,540,499
050,55,089,"Wisconsin","Ozaukee County",2,5,1044,543,501
050,55,089,"Wisconsin","Ozaukee County",2,6,1024,524,500
050,55,089,"Wisconsin","Ozaukee County",2,7,1043,530,513
050,55,089,"Wisconsin","Ozaukee County",2,8,1039,529,510
050,55,089,"Wisconsin","Ozaukee County",2,9,1068,549,519
050,55,089,"Wisconsin","Ozaukee County",2,10,1134,592,542
050,55,089,"Wisconsin","Ozaukee County",2,11,1152,597,555
050,55,089,"Wisconsin","Ozaukee County",2,12,1188,601,587
050,55,089,"Wisconsin","Ozaukee County",2,13,1174,605,569
050,55,089,"Wisconsin","Ozaukee County",2,14,1184,628,556
050,55,089,"Wisconsin","Ozaukee County",2,15,1227,645,582
050,55,089,"Wisconsin","Ozaukee County",2,16,1254,646,608
050,55,089,"Wisconsin","Ozaukee County",2,17,1263,651,612
050,55,089,"Wisconsin","Ozaukee County",2,18,1252,661,591
050,55,089,"Wisconsin","Ozaukee County",2,19,1288,642,646
050,55,089,"Wisconsin","Ozaukee County",2,20,1211,605,606
050,55,089,"Wisconsin","Ozaukee County",2,21,1186,561,625
050,55,089,"Wisconsin","Ozaukee County",2,22,1036,520,516
050,55,089,"Wisconsin","Ozaukee County",2,23,932,486,446
050,55,089,"Wisconsin","Ozaukee County",2,24,892,474,418
050,55,089,"Wisconsin","Ozaukee County",2,25,876,464,412
050,55,089,"Wisconsin","Ozaukee County",2,26,872,455,417
050,55,089,"Wisconsin","Ozaukee County",2,27,836,428,408
050,55,089,"Wisconsin","Ozaukee County",2,28,812,411,401
050,55,089,"Wisconsin","Ozaukee County",2,29,819,418,401
050,55,089,"Wisconsin","Ozaukee County",2,30,805,409,396
050,55,089,"Wisconsin","Ozaukee County",2,31,821,421,400
050,55,089,"Wisconsin","Ozaukee County",2,32,875,455,420
050,55,089,"Wisconsin","Ozaukee County",2,33,999,511,488
050,55,089,"Wisconsin","Ozaukee County",2,34,1051,525,526
050,55,089,"Wisconsin","Ozaukee County",2,35,1110,553,557
050,55,089,"Wisconsin","Ozaukee County",2,36,1090,548,542
050,55,089,"Wisconsin","Ozaukee County",2,37,1144,573,571
050,55,089,"Wisconsin","Ozaukee County",2,38,1189,597,592
050,55,089,"Wisconsin","Ozaukee County",2,39,1169,596,573
050,55,089,"Wisconsin","Ozaukee County",2,40,1156,586,570
050,55,089,"Wisconsin","Ozaukee County",2,41,1076,551,525
050,55,089,"Wisconsin","Ozaukee County",2,42,1053,555,498
050,55,089,"Wisconsin","Ozaukee County",2,43,1038,517,521
050,55,089,"Wisconsin","Ozaukee County",2,44,1028,512,516
050,55,089,"Wisconsin","Ozaukee County",2,45,1055,538,517
050,55,089,"Wisconsin","Ozaukee County",2,46,1021,505,516
050,55,089,"Wisconsin","Ozaukee County",2,47,1024,507,517
050,55,089,"Wisconsin","Ozaukee County",2,48,1093,535,558
050,55,089,"Wisconsin","Ozaukee County",2,49,1255,629,626
050,55,089,"Wisconsin","Ozaukee County",2,50,1258,641,617
050,55,089,"Wisconsin","Ozaukee County",2,51,1255,634,621
050,55,089,"Wisconsin","Ozaukee County",2,52,1218,618,600
050,55,089,"Wisconsin","Ozaukee County",2,53,1261,645,616
050,55,089,"Wisconsin","Ozaukee County",2,54,1313,650,663
050,55,089,"Wisconsin","Ozaukee County",2,55,1361,679,682
050,55,089,"Wisconsin","Ozaukee County",2,56,1363,683,680
050,55,089,"Wisconsin","Ozaukee County",2,57,1373,672,701
050,55,089,"Wisconsin","Ozaukee County",2,58,1451,706,745
050,55,089,"Wisconsin","Ozaukee County",2,59,1474,704,770
050,55,089,"Wisconsin","Ozaukee County",2,60,1428,685,743
050,55,089,"Wisconsin","Ozaukee County",2,61,1379,679,700
050,55,089,"Wisconsin","Ozaukee County",2,62,1415,690,725
050,55,089,"Wisconsin","Ozaukee County",2,63,1422,715,707
050,55,089,"Wisconsin","Ozaukee County",2,64,1315,655,660
050,55,089,"Wisconsin","Ozaukee County",2,65,1300,629,671
050,55,089,"Wisconsin","Ozaukee County",2,66,1254,600,654
050,55,089,"Wisconsin","Ozaukee County",2,67,1191,573,618
050,55,089,"Wisconsin","Ozaukee County",2,68,1161,569,592
050,55,089,"Wisconsin","Ozaukee County",2,69,1112,531,581
050,55,089,"Wisconsin","Ozaukee County",2,70,1048,501,547
050,55,089,"Wisconsin","Ozaukee County",2,71,1004,489,515
050,55,089,"Wisconsin","Ozaukee County",2,72,975,482,493
050,55,089,"Wisconsin","Ozaukee County",2,73,1066,508,558
050,55,089,"Wisconsin","Ozaukee County",2,74,757,350,407
050,55,089,"Wisconsin","Ozaukee County",2,75,727,342,385
050,55,089,"Wisconsin","Ozaukee County",2,76,759,353,406
050,55,089,"Wisconsin","Ozaukee County",2,77,799,373,426
050,55,089,"Wisconsin","Ozaukee County",2,78,641,302,339
050,55,089,"Wisconsin","Ozaukee County",2,79,552,257,295
050,55,089,"Wisconsin","Ozaukee County",2,80,482,214,268
050,55,089,"Wisconsin","Ozaukee County",2,81,431,185,246
050,55,089,"Wisconsin","Ozaukee County",2,82,417,179,238
050,55,089,"Wisconsin","Ozaukee County",2,83,386,169,217
050,55,089,"Wisconsin","Ozaukee County",2,84,355,142,213
050,55,089,"Wisconsin","Ozaukee County",2,85,2344,850,1494
050,55,089,"Wisconsin","Ozaukee County",3,0,827,417,410
050,55,089,"Wisconsin","Ozaukee County",3,1,908,480,428
050,55,089,"Wisconsin","Ozaukee County",3,2,941,490,451
050,55,089,"Wisconsin","Ozaukee County",3,3,979,497,482
050,55,089,"Wisconsin","Ozaukee County",3,4,1035,530,505
050,55,089,"Wisconsin","Ozaukee County",3,5,1066,560,506
050,55,089,"Wisconsin","Ozaukee County",3,6,1068,552,516
050,55,089,"Wisconsin","Ozaukee County",3,7,1067,538,529
050,55,089,"Wisconsin","Ozaukee County",3,8,1073,561,512
050,55,089,"Wisconsin","Ozaukee County",3,9,1062,540,522
050,55,089,"Wisconsin","Ozaukee County",3,10,1086,551,535
050,55,089,"Wisconsin","Ozaukee County",3,11,1152,599,553
050,55,089,"Wisconsin","Ozaukee County",3,12,1171,604,567
050,55,089,"Wisconsin","Ozaukee County",3,13,1199,616,583
050,55,089,"Wisconsin","Ozaukee County",3,14,1208,623,585
050,55,089,"Wisconsin","Ozaukee County",3,15,1204,632,572
050,55,089,"Wisconsin","Ozaukee County",3,16,1248,659,589
050,55,089,"Wisconsin","Ozaukee County",3,17,1251,644,607
050,55,089,"Wisconsin","Ozaukee County",3,18,1232,644,588
050,55,089,"Wisconsin","Ozaukee County",3,19,1283,645,638
050,55,089,"Wisconsin","Ozaukee County",3,20,1179,600,579
050,55,089,"Wisconsin","Ozaukee County",3,21,1137,544,593
050,55,089,"Wisconsin","Ozaukee County",3,22,1109,533,576
050,55,089,"Wisconsin","Ozaukee County",3,23,936,483,453
050,55,089,"Wisconsin","Ozaukee County",3,24,943,511,432
050,55,089,"Wisconsin","Ozaukee County",3,25,861,463,398
050,55,089,"Wisconsin","Ozaukee County",3,26,876,463,413
050,55,089,"Wisconsin","Ozaukee County",3,27,873,443,430
050,55,089,"Wisconsin","Ozaukee County",3,28,865,434,431
050,55,089,"Wisconsin","Ozaukee County",3,29,835,418,417
050,55,089,"Wisconsin","Ozaukee County",3,30,854,430,424
050,55,089,"Wisconsin","Ozaukee County",3,31,884,437,447
050,55,089,"Wisconsin","Ozaukee County",3,32,942,486,456
050,55,089,"Wisconsin","Ozaukee County",3,33,985,509,476
050,55,089,"Wisconsin","Ozaukee County",3,34,1026,519,507
050,55,089,"Wisconsin","Ozaukee County",3,35,1100,553,547
050,55,089,"Wisconsin","Ozaukee County",3,36,1194,595,599
050,55,089,"Wisconsin","Ozaukee County",3,37,1124,560,564
050,55,089,"Wisconsin","Ozaukee County",3,38,1179,592,587
050,55,089,"Wisconsin","Ozaukee County",3,39,1216,622,594
050,55,089,"Wisconsin","Ozaukee County",3,40,1214,617,597
050,55,089,"Wisconsin","Ozaukee County",3,41,1189,608,581
050,55,089,"Wisconsin","Ozaukee County",3,42,1096,556,540
050,55,089,"Wisconsin","Ozaukee County",3,43,1074,560,514
050,55,089,"Wisconsin","Ozaukee County",3,44,1061,531,530
050,55,089,"Wisconsin","Ozaukee County",3,45,1025,517,508
050,55,089,"Wisconsin","Ozaukee County",3,46,1086,542,544
050,55,089,"Wisconsin","Ozaukee County",3,47,1023,522,501
050,55,089,"Wisconsin","Ozaukee County",3,48,1023,495,528
050,55,089,"Wisconsin","Ozaukee County",3,49,1112,540,572
050,55,089,"Wisconsin","Ozaukee County",3,50,1264,645,619
050,55,089,"Wisconsin","Ozaukee County",3,51,1246,646,600
050,55,089,"Wisconsin","Ozaukee County",3,52,1242,626,616
050,55,089,"Wisconsin","Ozaukee County",3,53,1199,606,593
050,55,089,"Wisconsin","Ozaukee County",3,54,1264,640,624
050,55,089,"Wisconsin","Ozaukee County",3,55,1321,647,674
050,55,089,"Wisconsin","Ozaukee County",3,56,1346,656,690
050,55,089,"Wisconsin","Ozaukee County",3,57,1367,677,690
050,55,089,"Wisconsin","Ozaukee County",3,58,1372,675,697
050,55,089,"Wisconsin","Ozaukee County",3,59,1449,707,742
050,55,089,"Wisconsin","Ozaukee County",3,60,1474,712,762
050,55,089,"Wisconsin","Ozaukee County",3,61,1425,691,734
050,55,089,"Wisconsin","Ozaukee County",3,62,1370,665,705
050,55,089,"Wisconsin","Ozaukee County",3,63,1393,679,714
050,55,089,"Wisconsin","Ozaukee County",3,64,1424,718,706
050,55,089,"Wisconsin","Ozaukee County",3,65,1303,653,650
050,55,089,"Wisconsin","Ozaukee County",3,66,1283,623,660
050,55,089,"Wisconsin","Ozaukee County",3,67,1228,582,646
050,55,089,"Wisconsin","Ozaukee County",3,68,1183,569,614
050,55,089,"Wisconsin","Ozaukee County",3,69,1172,577,595
050,55,089,"Wisconsin","Ozaukee County",3,70,1098,522,576
050,55,089,"Wisconsin","Ozaukee County",3,71,1038,496,542
050,55,089,"Wisconsin","Ozaukee County",3,72,983,481,502
050,55,089,"Wisconsin","Ozaukee County",3,73,954,459,495
050,55,089,"Wisconsin","Ozaukee County",3,74,1066,505,561
050,55,089,"Wisconsin","Ozaukee County",3,75,735,343,392
050,55,089,"Wisconsin","Ozaukee County",3,76,723,334,389
050,55,089,"Wisconsin","Ozaukee County",3,77,735,335,400
050,55,089,"Wisconsin","Ozaukee County",3,78,789,370,419
050,55,089,"Wisconsin","Ozaukee County",3,79,621,286,335
050,55,089,"Wisconsin","Ozaukee County",3,80,529,238,291
050,55,089,"Wisconsin","Ozaukee County",3,81,455,205,250
050,55,089,"Wisconsin","Ozaukee County",3,82,425,185,240
050,55,089,"Wisconsin","Ozaukee County",3,83,377,151,226
050,55,089,"Wisconsin","Ozaukee County",3,84,365,151,214
050,55,089,"Wisconsin","Ozaukee County",3,85,2301,841,1460
050,55,089,"Wisconsin","Ozaukee County",4,0,823,429,394
050,55,089,"Wisconsin","Ozaukee County",4,1,873,435,438
050,55,089,"Wisconsin","Ozaukee County",4,2,941,493,448
050,55,089,"Wisconsin","Ozaukee County",4,3,960,501,459
050,55,089,"Wisconsin","Ozaukee County",4,4,1018,517,501
050,55,089,"Wisconsin","Ozaukee County",4,5,1035,542,493
050,55,089,"Wisconsin","Ozaukee County",4,6,1084,563,521
050,55,089,"Wisconsin","Ozaukee County",4,7,1087,576,511
050,55,089,"Wisconsin","Ozaukee County",4,8,1079,552,527
050,55,089,"Wisconsin","Ozaukee County",4,9,1108,585,523
050,55,089,"Wisconsin","Ozaukee County",4,10,1077,548,529
050,55,089,"Wisconsin","Ozaukee County",4,11,1085,551,534
050,55,089,"Wisconsin","Ozaukee County",4,12,1177,617,560
050,55,089,"Wisconsin","Ozaukee County",4,13,1182,613,569
050,55,089,"Wisconsin","Ozaukee County",4,14,1223,628,595
050,55,089,"Wisconsin","Ozaukee County",4,15,1203,611,592
050,55,089,"Wisconsin","Ozaukee County",4,16,1206,622,584
050,55,089,"Wisconsin","Ozaukee County",4,17,1247,659,588
050,55,089,"Wisconsin","Ozaukee County",4,18,1207,623,584
050,55,089,"Wisconsin","Ozaukee County",4,19,1251,612,639
050,55,089,"Wisconsin","Ozaukee County",4,20,1199,623,576
050,55,089,"Wisconsin","Ozaukee County",4,21,1146,564,582
050,55,089,"Wisconsin","Ozaukee County",4,22,1050,538,512
050,55,089,"Wisconsin","Ozaukee County",4,23,1032,518,514
050,55,089,"Wisconsin","Ozaukee County",4,24,898,477,421
050,55,089,"Wisconsin","Ozaukee County",4,25,868,466,402
050,55,089,"Wisconsin","Ozaukee County",4,26,839,451,388
050,55,089,"Wisconsin","Ozaukee County",4,27,884,445,439
050,55,089,"Wisconsin","Ozaukee County",4,28,817,413,404
050,55,089,"Wisconsin","Ozaukee County",4,29,895,465,430
050,55,089,"Wisconsin","Ozaukee County",4,30,836,416,420
050,55,089,"Wisconsin","Ozaukee County",4,31,904,457,447
050,55,089,"Wisconsin","Ozaukee County",4,32,910,455,455
050,55,089,"Wisconsin","Ozaukee County",4,33,1007,520,487
050,55,089,"Wisconsin","Ozaukee County",4,34,1002,520,482
050,55,089,"Wisconsin","Ozaukee County",4,35,1045,522,523
050,55,089,"Wisconsin","Ozaukee County",4,36,1123,576,547
050,55,089,"Wisconsin","Ozaukee County",4,37,1232,607,625
050,55,089,"Wisconsin","Ozaukee County",4,38,1175,588,587
050,55,089,"Wisconsin","Ozaukee County",4,39,1190,594,596
050,55,089,"Wisconsin","Ozaukee County",4,40,1249,646,603
050,55,089,"Wisconsin","Ozaukee County",4,41,1222,622,600
050,55,089,"Wisconsin","Ozaukee County",4,42,1212,621,591
050,55,089,"Wisconsin","Ozaukee County",4,43,1111,551,560
050,55,089,"Wisconsin","Ozaukee County",4,44,1090,563,527
050,55,089,"Wisconsin","Ozaukee County",4,45,1071,549,522
050,55,089,"Wisconsin","Ozaukee County",4,46,1047,522,525
050,55,089,"Wisconsin","Ozaukee County",4,47,1081,544,537
050,55,089,"Wisconsin","Ozaukee County",4,48,1017,518,499
050,55,089,"Wisconsin","Ozaukee County",4,49,1036,505,531
050,55,089,"Wisconsin","Ozaukee County",4,50,1118,548,570
050,55,089,"Wisconsin","Ozaukee County",4,51,1300,670,630
050,55,089,"Wisconsin","Ozaukee County",4,52,1248,648,600
050,55,089,"Wisconsin","Ozaukee County",4,53,1241,621,620
050,55,089,"Wisconsin","Ozaukee County",4,54,1189,602,587
050,55,089,"Wisconsin","Ozaukee County",4,55,1284,649,635
050,55,089,"Wisconsin","Ozaukee County",4,56,1325,647,678
050,55,089,"Wisconsin","Ozaukee County",4,57,1343,656,687
050,55,089,"Wisconsin","Ozaukee County",4,58,1373,684,689
050,55,089,"Wisconsin","Ozaukee County",4,59,1379,676,703
050,55,089,"Wisconsin","Ozaukee County",4,60,1449,703,746
050,55,089,"Wisconsin","Ozaukee County",4,61,1455,704,751
050,55,089,"Wisconsin","Ozaukee County",4,62,1409,683,726
050,55,089,"Wisconsin","Ozaukee County",4,63,1359,658,701
050,55,089,"Wisconsin","Ozaukee County",4,64,1384,682,702
050,55,089,"Wisconsin","Ozaukee County",4,65,1391,699,692
050,55,089,"Wisconsin","Ozaukee County",4,66,1301,646,655
050,55,089,"Wisconsin","Ozaukee County",4,67,1261,613,648
050,55,089,"Wisconsin","Ozaukee County",4,68,1235,582,653
050,55,089,"Wisconsin","Ozaukee County",4,69,1185,559,626
050,55,089,"Wisconsin","Ozaukee County",4,70,1158,564,594
050,55,089,"Wisconsin","Ozaukee County",4,71,1104,529,575
050,55,089,"Wisconsin","Ozaukee County",4,72,1045,492,553
050,55,089,"Wisconsin","Ozaukee County",4,73,958,466,492
050,55,089,"Wisconsin","Ozaukee County",4,74,948,446,502
050,55,089,"Wisconsin","Ozaukee County",4,75,1035,488,547
050,55,089,"Wisconsin","Ozaukee County",4,76,725,334,391
050,55,089,"Wisconsin","Ozaukee County",4,77,705,333,372
050,55,089,"Wisconsin","Ozaukee County",4,78,733,330,403
050,55,089,"Wisconsin","Ozaukee County",4,79,759,352,407
050,55,089,"Wisconsin","Ozaukee County",4,80,613,272,341
050,55,089,"Wisconsin","Ozaukee County",4,81,487,224,263
050,55,089,"Wisconsin","Ozaukee County",4,82,451,203,248
050,55,089,"Wisconsin","Ozaukee County",4,83,396,159,237
050,55,089,"Wisconsin","Ozaukee County",4,84,354,142,212
050,55,089,"Wisconsin","Ozaukee County",4,85,2267,824,1443
050,55,089,"Wisconsin","Ozaukee County",5,0,814,430,384
050,55,089,"Wisconsin","Ozaukee County",5,1,872,448,424
050,55,089,"Wisconsin","Ozaukee County",5,2,932,470,462
050,55,089,"Wisconsin","Ozaukee County",5,3,982,516,466
050,55,089,"Wisconsin","Ozaukee County",5,4,1021,530,491
050,55,089,"Wisconsin","Ozaukee County",5,5,1044,533,511
050,55,089,"Wisconsin","Ozaukee County",5,6,1070,564,506
050,55,089,"Wisconsin","Ozaukee County",5,7,1118,573,545
050,55,089,"Wisconsin","Ozaukee County",5,8,1102,579,523
050,55,089,"Wisconsin","Ozaukee County",5,9,1099,560,539
050,55,089,"Wisconsin","Ozaukee County",5,10,1108,577,531
050,55,089,"Wisconsin","Ozaukee County",5,11,1097,553,544
050,55,089,"Wisconsin","Ozaukee County",5,12,1083,558,525
050,55,089,"Wisconsin","Ozaukee County",5,13,1179,617,562
050,55,089,"Wisconsin","Ozaukee County",5,14,1178,609,569
050,55,089,"Wisconsin","Ozaukee County",5,15,1238,635,603
050,55,089,"Wisconsin","Ozaukee County",5,16,1221,631,590
050,55,089,"Wisconsin","Ozaukee County",5,17,1208,634,574
050,55,089,"Wisconsin","Ozaukee County",5,18,1202,636,566
050,55,089,"Wisconsin","Ozaukee County",5,19,1229,603,626
050,55,089,"Wisconsin","Ozaukee County",5,20,1198,603,595
050,55,089,"Wisconsin","Ozaukee County",5,21,1193,589,604
050,55,089,"Wisconsin","Ozaukee County",5,22,1053,545,508
050,55,089,"Wisconsin","Ozaukee County",5,23,987,511,476
050,55,089,"Wisconsin","Ozaukee County",5,24,932,474,458
050,55,089,"Wisconsin","Ozaukee County",5,25,869,454,415
050,55,089,"Wisconsin","Ozaukee County",5,26,861,445,416
050,55,089,"Wisconsin","Ozaukee County",5,27,794,425,369
050,55,089,"Wisconsin","Ozaukee County",5,28,892,453,439
050,55,089,"Wisconsin","Ozaukee County",5,29,864,444,420
050,55,089,"Wisconsin","Ozaukee County",5,30,900,475,425
050,55,089,"Wisconsin","Ozaukee County",5,31,863,437,426
050,55,089,"Wisconsin","Ozaukee County",5,32,942,477,465
050,55,089,"Wisconsin","Ozaukee County",5,33,976,477,499
050,55,089,"Wisconsin","Ozaukee County",5,34,1029,536,493
050,55,089,"Wisconsin","Ozaukee County",5,35,1058,555,503
050,55,089,"Wisconsin","Ozaukee County",5,36,1091,551,540
050,55,089,"Wisconsin","Ozaukee County",5,37,1135,580,555
050,55,089,"Wisconsin","Ozaukee County",5,38,1274,624,650
050,55,089,"Wisconsin","Ozaukee County",5,39,1186,590,596
050,55,089,"Wisconsin","Ozaukee County",5,40,1230,621,609
050,55,089,"Wisconsin","Ozaukee County",5,41,1251,650,601
050,55,089,"Wisconsin","Ozaukee County",5,42,1241,633,608
050,55,089,"Wisconsin","Ozaukee County",5,43,1217,612,605
050,55,089,"Wisconsin","Ozaukee County",5,44,1147,577,570
050,55,089,"Wisconsin","Ozaukee County",5,45,1090,573,517
050,55,089,"Wisconsin","Ozaukee County",5,46,1077,546,531
050,55,089,"Wisconsin","Ozaukee County",5,47,1036,526,510
050,55,089,"Wisconsin","Ozaukee County",5,48,1075,531,544
050,55,089,"Wisconsin","Ozaukee County",5,49,1026,533,493
050,55,089,"Wisconsin","Ozaukee County",5,50,1031,500,531
050,55,089,"Wisconsin","Ozaukee County",5,51,1120,558,562
050,55,089,"Wisconsin","Ozaukee County",5,52,1279,650,629
050,55,089,"Wisconsin","Ozaukee County",5,53,1237,638,599
050,55,089,"Wisconsin","Ozaukee County",5,54,1222,605,617
050,55,089,"Wisconsin","Ozaukee County",5,55,1174,599,575
050,55,089,"Wisconsin","Ozaukee County",5,56,1278,643,635
050,55,089,"Wisconsin","Ozaukee County",5,57,1294,645,649
050,55,089,"Wisconsin","Ozaukee County",5,58,1348,658,690
050,55,089,"Wisconsin","Ozaukee County",5,59,1364,679,685
050,55,089,"Wisconsin","Ozaukee County",5,60,1365,662,703
050,55,089,"Wisconsin","Ozaukee County",5,61,1443,721,722
050,55,089,"Wisconsin","Ozaukee County",5,62,1427,678,749
050,55,089,"Wisconsin","Ozaukee County",5,63,1387,663,724
050,55,089,"Wisconsin","Ozaukee County",5,64,1337,648,689
050,55,089,"Wisconsin","Ozaukee County",5,65,1375,674,701
050,55,089,"Wisconsin","Ozaukee County",5,66,1384,692,692
050,55,089,"Wisconsin","Ozaukee County",5,67,1284,631,653
050,55,089,"Wisconsin","Ozaukee County",5,68,1241,605,636
050,55,089,"Wisconsin","Ozaukee County",5,69,1234,580,654
050,55,089,"Wisconsin","Ozaukee County",5,70,1173,549,624
050,55,089,"Wisconsin","Ozaukee County",5,71,1152,560,592
050,55,089,"Wisconsin","Ozaukee County",5,72,1092,528,564
050,55,089,"Wisconsin","Ozaukee County",5,73,1035,485,550
050,55,089,"Wisconsin","Ozaukee County",5,74,949,456,493
050,55,089,"Wisconsin","Ozaukee County",5,75,925,435,490
050,55,089,"Wisconsin","Ozaukee County",5,76,1017,473,544
050,55,089,"Wisconsin","Ozaukee County",5,77,716,328,388
050,55,089,"Wisconsin","Ozaukee County",5,78,692,331,361
050,55,089,"Wisconsin","Ozaukee County",5,79,719,320,399
050,55,089,"Wisconsin","Ozaukee County",5,80,748,339,409
050,55,089,"Wisconsin","Ozaukee County",5,81,586,260,326
050,55,089,"Wisconsin","Ozaukee County",5,82,477,228,249
050,55,089,"Wisconsin","Ozaukee County",5,83,417,177,240
050,55,089,"Wisconsin","Ozaukee County",5,84,380,149,231
050,55,089,"Wisconsin","Ozaukee County",5,85,2274,838,1436
050,55,091,"Wisconsin","Pepin County",1,0,79,40,39
050,55,091,"Wisconsin","Pepin County",1,1,80,39,41
050,55,091,"Wisconsin","Pepin County",1,2,81,43,38
050,55,091,"Wisconsin","Pepin County",1,3,94,41,53
050,55,091,"Wisconsin","Pepin County",1,4,80,42,38
050,55,091,"Wisconsin","Pepin County",1,5,91,52,39
050,55,091,"Wisconsin","Pepin County",1,6,88,44,44
050,55,091,"Wisconsin","Pepin County",1,7,88,43,45
050,55,091,"Wisconsin","Pepin County",1,8,81,38,43
050,55,091,"Wisconsin","Pepin County",1,9,90,49,41
050,55,091,"Wisconsin","Pepin County",1,10,100,53,47
050,55,091,"Wisconsin","Pepin County",1,11,90,45,45
050,55,091,"Wisconsin","Pepin County",1,12,100,53,47
050,55,091,"Wisconsin","Pepin County",1,13,110,54,56
050,55,091,"Wisconsin","Pepin County",1,14,105,61,44
050,55,091,"Wisconsin","Pepin County",1,15,100,53,47
050,55,091,"Wisconsin","Pepin County",1,16,82,42,40
050,55,091,"Wisconsin","Pepin County",1,17,67,33,34
050,55,091,"Wisconsin","Pepin County",1,18,59,31,28
050,55,091,"Wisconsin","Pepin County",1,19,59,34,25
050,55,091,"Wisconsin","Pepin County",1,20,59,34,25
050,55,091,"Wisconsin","Pepin County",1,21,65,35,30
050,55,091,"Wisconsin","Pepin County",1,22,70,36,34
050,55,091,"Wisconsin","Pepin County",1,23,78,38,40
050,55,091,"Wisconsin","Pepin County",1,24,67,37,30
050,55,091,"Wisconsin","Pepin County",1,25,77,41,36
050,55,091,"Wisconsin","Pepin County",1,26,82,42,40
050,55,091,"Wisconsin","Pepin County",1,27,74,40,34
050,55,091,"Wisconsin","Pepin County",1,28,82,37,45
050,55,091,"Wisconsin","Pepin County",1,29,73,43,30
050,55,091,"Wisconsin","Pepin County",1,30,74,37,37
050,55,091,"Wisconsin","Pepin County",1,31,66,31,35
050,55,091,"Wisconsin","Pepin County",1,32,69,38,31
050,55,091,"Wisconsin","Pepin County",1,33,67,34,33
050,55,091,"Wisconsin","Pepin County",1,34,67,32,35
050,55,091,"Wisconsin","Pepin County",1,35,68,31,37
050,55,091,"Wisconsin","Pepin County",1,36,74,36,38
050,55,091,"Wisconsin","Pepin County",1,37,86,44,42
050,55,091,"Wisconsin","Pepin County",1,38,91,49,42
050,55,091,"Wisconsin","Pepin County",1,39,99,56,43
050,55,091,"Wisconsin","Pepin County",1,40,94,48,46
050,55,091,"Wisconsin","Pepin County",1,41,82,38,44
050,55,091,"Wisconsin","Pepin County",1,42,78,33,45
050,55,091,"Wisconsin","Pepin County",1,43,82,41,41
050,55,091,"Wisconsin","Pepin County",1,44,64,36,28
050,55,091,"Wisconsin","Pepin County",1,45,71,40,31
050,55,091,"Wisconsin","Pepin County",1,46,70,36,34
050,55,091,"Wisconsin","Pepin County",1,47,80,43,37
050,55,091,"Wisconsin","Pepin County",1,48,89,45,44
050,55,091,"Wisconsin","Pepin County",1,49,93,44,49
050,55,091,"Wisconsin","Pepin County",1,50,94,51,43
050,55,091,"Wisconsin","Pepin County",1,51,91,43,48
050,55,091,"Wisconsin","Pepin County",1,52,84,37,47
050,55,091,"Wisconsin","Pepin County",1,53,99,53,46
050,55,091,"Wisconsin","Pepin County",1,54,106,61,45
050,55,091,"Wisconsin","Pepin County",1,55,112,65,47
050,55,091,"Wisconsin","Pepin County",1,56,110,59,51
050,55,091,"Wisconsin","Pepin County",1,57,114,64,50
050,55,091,"Wisconsin","Pepin County",1,58,121,65,56
050,55,091,"Wisconsin","Pepin County",1,59,127,68,59
050,55,091,"Wisconsin","Pepin County",1,60,108,54,54
050,55,091,"Wisconsin","Pepin County",1,61,115,55,60
050,55,091,"Wisconsin","Pepin County",1,62,130,59,71
050,55,091,"Wisconsin","Pepin County",1,63,125,59,66
050,55,091,"Wisconsin","Pepin County",1,64,126,65,61
050,55,091,"Wisconsin","Pepin County",1,65,132,66,66
050,55,091,"Wisconsin","Pepin County",1,66,121,66,55
050,55,091,"Wisconsin","Pepin County",1,67,117,67,50
050,55,091,"Wisconsin","Pepin County",1,68,110,62,48
050,55,091,"Wisconsin","Pepin County",1,69,99,51,48
050,55,091,"Wisconsin","Pepin County",1,70,91,42,49
050,55,091,"Wisconsin","Pepin County",1,71,89,49,40
050,55,091,"Wisconsin","Pepin County",1,72,83,46,37
050,55,091,"Wisconsin","Pepin County",1,73,87,49,38
050,55,091,"Wisconsin","Pepin County",1,74,60,33,27
050,55,091,"Wisconsin","Pepin County",1,75,54,25,29
050,55,091,"Wisconsin","Pepin County",1,76,63,33,30
050,55,091,"Wisconsin","Pepin County",1,77,63,32,31
050,55,091,"Wisconsin","Pepin County",1,78,63,32,31
050,55,091,"Wisconsin","Pepin County",1,79,48,25,23
050,55,091,"Wisconsin","Pepin County",1,80,38,17,21
050,55,091,"Wisconsin","Pepin County",1,81,45,22,23
050,55,091,"Wisconsin","Pepin County",1,82,43,25,18
050,55,091,"Wisconsin","Pepin County",1,83,43,19,24
050,55,091,"Wisconsin","Pepin County",1,84,24,12,12
050,55,091,"Wisconsin","Pepin County",1,85,170,69,101
050,55,091,"Wisconsin","Pepin County",2,0,78,39,39
050,55,091,"Wisconsin","Pepin County",2,1,81,40,41
050,55,091,"Wisconsin","Pepin County",2,2,84,43,41
050,55,091,"Wisconsin","Pepin County",2,3,90,41,49
050,55,091,"Wisconsin","Pepin County",2,4,86,44,42
050,55,091,"Wisconsin","Pepin County",2,5,89,50,39
050,55,091,"Wisconsin","Pepin County",2,6,89,46,43
050,55,091,"Wisconsin","Pepin County",2,7,86,42,44
050,55,091,"Wisconsin","Pepin County",2,8,86,41,45
050,55,091,"Wisconsin","Pepin County",2,9,89,48,41
050,55,091,"Wisconsin","Pepin County",2,10,99,53,46
050,55,091,"Wisconsin","Pepin County",2,11,90,46,44
050,55,091,"Wisconsin","Pepin County",2,12,98,52,46
050,55,091,"Wisconsin","Pepin County",2,13,106,54,52
050,55,091,"Wisconsin","Pepin County",2,14,107,59,48
050,55,091,"Wisconsin","Pepin County",2,15,101,54,47
050,55,091,"Wisconsin","Pepin County",2,16,86,44,42
050,55,091,"Wisconsin","Pepin County",2,17,70,35,35
050,55,091,"Wisconsin","Pepin County",2,18,57,30,27
050,55,091,"Wisconsin","Pepin County",2,19,56,32,24
050,55,091,"Wisconsin","Pepin County",2,20,61,34,27
050,55,091,"Wisconsin","Pepin County",2,21,65,35,30
050,55,091,"Wisconsin","Pepin County",2,22,69,35,34
050,55,091,"Wisconsin","Pepin County",2,23,77,38,39
050,55,091,"Wisconsin","Pepin County",2,24,71,38,33
050,55,091,"Wisconsin","Pepin County",2,25,77,41,36
050,55,091,"Wisconsin","Pepin County",2,26,81,42,39
050,55,091,"Wisconsin","Pepin County",2,27,75,39,36
050,55,091,"Wisconsin","Pepin County",2,28,81,39,42
050,55,091,"Wisconsin","Pepin County",2,29,76,43,33
050,55,091,"Wisconsin","Pepin County",2,30,73,38,35
050,55,091,"Wisconsin","Pepin County",2,31,67,32,35
050,55,091,"Wisconsin","Pepin County",2,32,68,36,32
050,55,091,"Wisconsin","Pepin County",2,33,69,36,33
050,55,091,"Wisconsin","Pepin County",2,34,67,33,34
050,55,091,"Wisconsin","Pepin County",2,35,70,32,38
050,55,091,"Wisconsin","Pepin County",2,36,74,36,38
050,55,091,"Wisconsin","Pepin County",2,37,84,43,41
050,55,091,"Wisconsin","Pepin County",2,38,91,49,42
050,55,091,"Wisconsin","Pepin County",2,39,96,54,42
050,55,091,"Wisconsin","Pepin County",2,40,97,51,46
050,55,091,"Wisconsin","Pepin County",2,41,84,40,44
050,55,091,"Wisconsin","Pepin County",2,42,79,35,44
050,55,091,"Wisconsin","Pepin County",2,43,83,40,43
050,55,091,"Wisconsin","Pepin County",2,44,68,36,32
050,55,091,"Wisconsin","Pepin County",2,45,70,39,31
050,55,091,"Wisconsin","Pepin County",2,46,69,36,33
050,55,091,"Wisconsin","Pepin County",2,47,78,41,37
050,55,091,"Wisconsin","Pepin County",2,48,85,44,41
050,55,091,"Wisconsin","Pepin County",2,49,93,45,48
050,55,091,"Wisconsin","Pepin County",2,50,95,51,44
050,55,091,"Wisconsin","Pepin County",2,51,91,44,47
050,55,091,"Wisconsin","Pepin County",2,52,84,38,46
050,55,091,"Wisconsin","Pepin County",2,53,95,49,46
050,55,091,"Wisconsin","Pepin County",2,54,104,59,45
050,55,091,"Wisconsin","Pepin County",2,55,110,63,47
050,55,091,"Wisconsin","Pepin County",2,56,111,61,50
050,55,091,"Wisconsin","Pepin County",2,57,113,63,50
050,55,091,"Wisconsin","Pepin County",2,58,118,64,54
050,55,091,"Wisconsin","Pepin County",2,59,126,67,59
050,55,091,"Wisconsin","Pepin County",2,60,112,57,55
050,55,091,"Wisconsin","Pepin County",2,61,113,55,58
050,55,091,"Wisconsin","Pepin County",2,62,126,58,68
050,55,091,"Wisconsin","Pepin County",2,63,125,59,66
050,55,091,"Wisconsin","Pepin County",2,64,125,63,62
050,55,091,"Wisconsin","Pepin County",2,65,130,65,65
050,55,091,"Wisconsin","Pepin County",2,66,123,66,57
050,55,091,"Wisconsin","Pepin County",2,67,118,67,51
050,55,091,"Wisconsin","Pepin County",2,68,112,63,49
050,55,091,"Wisconsin","Pepin County",2,69,103,54,49
050,55,091,"Wisconsin","Pepin County",2,70,91,44,47
050,55,091,"Wisconsin","Pepin County",2,71,90,48,42
050,55,091,"Wisconsin","Pepin County",2,72,84,47,37
050,55,091,"Wisconsin","Pepin County",2,73,91,51,40
050,55,091,"Wisconsin","Pepin County",2,74,62,35,27
050,55,091,"Wisconsin","Pepin County",2,75,54,26,28
050,55,091,"Wisconsin","Pepin County",2,76,61,31,30
050,55,091,"Wisconsin","Pepin County",2,77,63,31,32
050,55,091,"Wisconsin","Pepin County",2,78,62,32,30
050,55,091,"Wisconsin","Pepin County",2,79,51,26,25
050,55,091,"Wisconsin","Pepin County",2,80,40,18,22
050,55,091,"Wisconsin","Pepin County",2,81,42,21,21
050,55,091,"Wisconsin","Pepin County",2,82,44,24,20
050,55,091,"Wisconsin","Pepin County",2,83,43,21,22
050,55,091,"Wisconsin","Pepin County",2,84,29,14,15
050,55,091,"Wisconsin","Pepin County",2,85,174,71,103
050,55,091,"Wisconsin","Pepin County",3,0,77,38,39
050,55,091,"Wisconsin","Pepin County",3,1,79,41,38
050,55,091,"Wisconsin","Pepin County",3,2,84,43,41
050,55,091,"Wisconsin","Pepin County",3,3,82,41,41
050,55,091,"Wisconsin","Pepin County",3,4,94,46,48
050,55,091,"Wisconsin","Pepin County",3,5,85,42,43
050,55,091,"Wisconsin","Pepin County",3,6,88,49,39
050,55,091,"Wisconsin","Pepin County",3,7,89,49,40
050,55,091,"Wisconsin","Pepin County",3,8,92,47,45
050,55,091,"Wisconsin","Pepin County",3,9,96,45,51
050,55,091,"Wisconsin","Pepin County",3,10,93,53,40
050,55,091,"Wisconsin","Pepin County",3,11,102,55,47
050,55,091,"Wisconsin","Pepin County",3,12,88,43,45
050,55,091,"Wisconsin","Pepin County",3,13,106,54,52
050,55,091,"Wisconsin","Pepin County",3,14,109,51,58
050,55,091,"Wisconsin","Pepin County",3,15,108,57,51
050,55,091,"Wisconsin","Pepin County",3,16,103,55,48
050,55,091,"Wisconsin","Pepin County",3,17,84,42,42
050,55,091,"Wisconsin","Pepin County",3,18,57,30,27
050,55,091,"Wisconsin","Pepin County",3,19,44,23,21
050,55,091,"Wisconsin","Pepin County",3,20,66,36,30
050,55,091,"Wisconsin","Pepin County",3,21,59,36,23
050,55,091,"Wisconsin","Pepin County",3,22,69,33,36
050,55,091,"Wisconsin","Pepin County",3,23,76,40,36
050,55,091,"Wisconsin","Pepin County",3,24,74,37,37
050,55,091,"Wisconsin","Pepin County",3,25,61,36,25
050,55,091,"Wisconsin","Pepin County",3,26,82,42,40
050,55,091,"Wisconsin","Pepin County",3,27,79,41,38
050,55,091,"Wisconsin","Pepin County",3,28,70,38,32
050,55,091,"Wisconsin","Pepin County",3,29,85,41,44
050,55,091,"Wisconsin","Pepin County",3,30,70,40,30
050,55,091,"Wisconsin","Pepin County",3,31,74,37,37
050,55,091,"Wisconsin","Pepin County",3,32,70,34,36
050,55,091,"Wisconsin","Pepin County",3,33,74,38,36
050,55,091,"Wisconsin","Pepin County",3,34,72,40,32
050,55,091,"Wisconsin","Pepin County",3,35,73,38,35
050,55,091,"Wisconsin","Pepin County",3,36,68,30,38
050,55,091,"Wisconsin","Pepin County",3,37,72,37,35
050,55,091,"Wisconsin","Pepin County",3,38,86,43,43
050,55,091,"Wisconsin","Pepin County",3,39,89,46,43
050,55,091,"Wisconsin","Pepin County",3,40,100,55,45
050,55,091,"Wisconsin","Pepin County",3,41,90,47,43
050,55,091,"Wisconsin","Pepin County",3,42,85,40,45
050,55,091,"Wisconsin","Pepin County",3,43,82,35,47
050,55,091,"Wisconsin","Pepin County",3,44,87,42,45
050,55,091,"Wisconsin","Pepin County",3,45,70,38,32
050,55,091,"Wisconsin","Pepin County",3,46,67,38,29
050,55,091,"Wisconsin","Pepin County",3,47,67,33,34
050,55,091,"Wisconsin","Pepin County",3,48,80,42,38
050,55,091,"Wisconsin","Pepin County",3,49,82,44,38
050,55,091,"Wisconsin","Pepin County",3,50,90,42,48
050,55,091,"Wisconsin","Pepin County",3,51,92,50,42
050,55,091,"Wisconsin","Pepin County",3,52,91,46,45
050,55,091,"Wisconsin","Pepin County",3,53,82,35,47
050,55,091,"Wisconsin","Pepin County",3,54,96,51,45
050,55,091,"Wisconsin","Pepin County",3,55,99,58,41
050,55,091,"Wisconsin","Pepin County",3,56,112,63,49
050,55,091,"Wisconsin","Pepin County",3,57,112,61,51
050,55,091,"Wisconsin","Pepin County",3,58,113,63,50
050,55,091,"Wisconsin","Pepin County",3,59,116,59,57
050,55,091,"Wisconsin","Pepin County",3,60,128,69,59
050,55,091,"Wisconsin","Pepin County",3,61,115,59,56
050,55,091,"Wisconsin","Pepin County",3,62,120,58,62
050,55,091,"Wisconsin","Pepin County",3,63,134,59,75
050,55,091,"Wisconsin","Pepin County",3,64,126,60,66
050,55,091,"Wisconsin","Pepin County",3,65,125,62,63
050,55,091,"Wisconsin","Pepin County",3,66,132,67,65
050,55,091,"Wisconsin","Pepin County",3,67,124,68,56
050,55,091,"Wisconsin","Pepin County",3,68,111,63,48
050,55,091,"Wisconsin","Pepin County",3,69,112,62,50
050,55,091,"Wisconsin","Pepin County",3,70,105,53,52
050,55,091,"Wisconsin","Pepin County",3,71,88,39,49
050,55,091,"Wisconsin","Pepin County",3,72,89,48,41
050,55,091,"Wisconsin","Pepin County",3,73,84,47,37
050,55,091,"Wisconsin","Pepin County",3,74,82,46,36
050,55,091,"Wisconsin","Pepin County",3,75,62,34,28
050,55,091,"Wisconsin","Pepin County",3,76,50,24,26
050,55,091,"Wisconsin","Pepin County",3,77,56,29,27
050,55,091,"Wisconsin","Pepin County",3,78,60,29,31
050,55,091,"Wisconsin","Pepin County",3,79,59,31,28
050,55,091,"Wisconsin","Pepin County",3,80,42,21,21
050,55,091,"Wisconsin","Pepin County",3,81,40,19,21
050,55,091,"Wisconsin","Pepin County",3,82,36,18,18
050,55,091,"Wisconsin","Pepin County",3,83,35,18,17
050,55,091,"Wisconsin","Pepin County",3,84,42,21,21
050,55,091,"Wisconsin","Pepin County",3,85,175,74,101
050,55,091,"Wisconsin","Pepin County",4,0,75,31,44
050,55,091,"Wisconsin","Pepin County",4,1,75,40,35
050,55,091,"Wisconsin","Pepin County",4,2,77,41,36
050,55,091,"Wisconsin","Pepin County",4,3,82,40,42
050,55,091,"Wisconsin","Pepin County",4,4,84,41,43
050,55,091,"Wisconsin","Pepin County",4,5,93,44,49
050,55,091,"Wisconsin","Pepin County",4,6,89,40,49
050,55,091,"Wisconsin","Pepin County",4,7,81,45,36
050,55,091,"Wisconsin","Pepin County",4,8,86,49,37
050,55,091,"Wisconsin","Pepin County",4,9,95,51,44
050,55,091,"Wisconsin","Pepin County",4,10,92,44,48
050,55,091,"Wisconsin","Pepin County",4,11,88,49,39
050,55,091,"Wisconsin","Pepin County",4,12,102,56,46
050,55,091,"Wisconsin","Pepin County",4,13,90,44,46
050,55,091,"Wisconsin","Pepin County",4,14,103,52,51
050,55,091,"Wisconsin","Pepin County",4,15,109,56,53
050,55,091,"Wisconsin","Pepin County",4,16,105,60,45
050,55,091,"Wisconsin","Pepin County",4,17,108,56,52
050,55,091,"Wisconsin","Pepin County",4,18,72,38,34
050,55,091,"Wisconsin","Pepin County",4,19,49,25,24
050,55,091,"Wisconsin","Pepin County",4,20,43,22,21
050,55,091,"Wisconsin","Pepin County",4,21,69,35,34
050,55,091,"Wisconsin","Pepin County",4,22,59,35,24
050,55,091,"Wisconsin","Pepin County",4,23,68,31,37
050,55,091,"Wisconsin","Pepin County",4,24,70,38,32
050,55,091,"Wisconsin","Pepin County",4,25,70,34,36
050,55,091,"Wisconsin","Pepin County",4,26,60,33,27
050,55,091,"Wisconsin","Pepin County",4,27,90,48,42
050,55,091,"Wisconsin","Pepin County",4,28,77,36,41
050,55,091,"Wisconsin","Pepin County",4,29,74,39,35
050,55,091,"Wisconsin","Pepin County",4,30,86,41,45
050,55,091,"Wisconsin","Pepin County",4,31,69,41,28
050,55,091,"Wisconsin","Pepin County",4,32,77,35,42
050,55,091,"Wisconsin","Pepin County",4,33,74,40,34
050,55,091,"Wisconsin","Pepin County",4,34,65,36,29
050,55,091,"Wisconsin","Pepin County",4,35,77,45,32
050,55,091,"Wisconsin","Pepin County",4,36,65,32,33
050,55,091,"Wisconsin","Pepin County",4,37,68,30,38
050,55,091,"Wisconsin","Pepin County",4,38,80,41,39
050,55,091,"Wisconsin","Pepin County",4,39,80,40,40
050,55,091,"Wisconsin","Pepin County",4,40,91,47,44
050,55,091,"Wisconsin","Pepin County",4,41,98,54,44
050,55,091,"Wisconsin","Pepin County",4,42,91,48,43
050,55,091,"Wisconsin","Pepin County",4,43,87,41,46
050,55,091,"Wisconsin","Pepin County",4,44,80,32,48
050,55,091,"Wisconsin","Pepin County",4,45,83,38,45
050,55,091,"Wisconsin","Pepin County",4,46,74,37,37
050,55,091,"Wisconsin","Pepin County",4,47,70,39,31
050,55,091,"Wisconsin","Pepin County",4,48,68,35,33
050,55,091,"Wisconsin","Pepin County",4,49,81,42,39
050,55,091,"Wisconsin","Pepin County",4,50,84,44,40
050,55,091,"Wisconsin","Pepin County",4,51,92,42,50
050,55,091,"Wisconsin","Pepin County",4,52,90,49,41
050,55,091,"Wisconsin","Pepin County",4,53,97,52,45
050,55,091,"Wisconsin","Pepin County",4,54,84,36,48
050,55,091,"Wisconsin","Pepin County",4,55,96,51,45
050,55,091,"Wisconsin","Pepin County",4,56,98,57,41
050,55,091,"Wisconsin","Pepin County",4,57,109,59,50
050,55,091,"Wisconsin","Pepin County",4,58,112,61,51
050,55,091,"Wisconsin","Pepin County",4,59,121,67,54
050,55,091,"Wisconsin","Pepin County",4,60,111,56,55
050,55,091,"Wisconsin","Pepin County",4,61,128,71,57
050,55,091,"Wisconsin","Pepin County",4,62,119,61,58
050,55,091,"Wisconsin","Pepin County",4,63,121,58,63
050,55,091,"Wisconsin","Pepin County",4,64,137,65,72
050,55,091,"Wisconsin","Pepin County",4,65,128,62,66
050,55,091,"Wisconsin","Pepin County",4,66,126,64,62
050,55,091,"Wisconsin","Pepin County",4,67,134,70,64
050,55,091,"Wisconsin","Pepin County",4,68,121,66,55
050,55,091,"Wisconsin","Pepin County",4,69,108,61,47
050,55,091,"Wisconsin","Pepin County",4,70,111,62,49
050,55,091,"Wisconsin","Pepin County",4,71,104,53,51
050,55,091,"Wisconsin","Pepin County",4,72,86,38,48
050,55,091,"Wisconsin","Pepin County",4,73,89,46,43
050,55,091,"Wisconsin","Pepin County",4,74,77,43,34
050,55,091,"Wisconsin","Pepin County",4,75,78,44,34
050,55,091,"Wisconsin","Pepin County",4,76,63,33,30
050,55,091,"Wisconsin","Pepin County",4,77,47,22,25
050,55,091,"Wisconsin","Pepin County",4,78,54,28,26
050,55,091,"Wisconsin","Pepin County",4,79,58,28,30
050,55,091,"Wisconsin","Pepin County",4,80,59,32,27
050,55,091,"Wisconsin","Pepin County",4,81,44,22,22
050,55,091,"Wisconsin","Pepin County",4,82,36,17,19
050,55,091,"Wisconsin","Pepin County",4,83,32,18,14
050,55,091,"Wisconsin","Pepin County",4,84,37,19,18
050,55,091,"Wisconsin","Pepin County",4,85,188,83,105
050,55,091,"Wisconsin","Pepin County",5,0,76,30,46
050,55,091,"Wisconsin","Pepin County",5,1,79,33,46
050,55,091,"Wisconsin","Pepin County",5,2,81,42,39
050,55,091,"Wisconsin","Pepin County",5,3,78,41,37
050,55,091,"Wisconsin","Pepin County",5,4,88,40,48
050,55,091,"Wisconsin","Pepin County",5,5,93,46,47
050,55,091,"Wisconsin","Pepin County",5,6,88,43,45
050,55,091,"Wisconsin","Pepin County",5,7,90,43,47
050,55,091,"Wisconsin","Pepin County",5,8,83,46,37
050,55,091,"Wisconsin","Pepin County",5,9,87,51,36
050,55,091,"Wisconsin","Pepin County",5,10,98,53,45
050,55,091,"Wisconsin","Pepin County",5,11,97,47,50
050,55,091,"Wisconsin","Pepin County",5,12,88,50,38
050,55,091,"Wisconsin","Pepin County",5,13,108,58,50
050,55,091,"Wisconsin","Pepin County",5,14,89,43,46
050,55,091,"Wisconsin","Pepin County",5,15,104,54,50
050,55,091,"Wisconsin","Pepin County",5,16,110,55,55
050,55,091,"Wisconsin","Pepin County",5,17,102,55,47
050,55,091,"Wisconsin","Pepin County",5,18,85,47,38
050,55,091,"Wisconsin","Pepin County",5,19,55,28,27
050,55,091,"Wisconsin","Pepin County",5,20,52,23,29
050,55,091,"Wisconsin","Pepin County",5,21,44,22,22
050,55,091,"Wisconsin","Pepin County",5,22,76,35,41
050,55,091,"Wisconsin","Pepin County",5,23,63,38,25
050,55,091,"Wisconsin","Pepin County",5,24,61,28,33
050,55,091,"Wisconsin","Pepin County",5,25,63,34,29
050,55,091,"Wisconsin","Pepin County",5,26,77,37,40
050,55,091,"Wisconsin","Pepin County",5,27,61,34,27
050,55,091,"Wisconsin","Pepin County",5,28,89,49,40
050,55,091,"Wisconsin","Pepin County",5,29,80,39,41
050,55,091,"Wisconsin","Pepin County",5,30,75,39,36
050,55,091,"Wisconsin","Pepin County",5,31,85,41,44
050,55,091,"Wisconsin","Pepin County",5,32,78,47,31
050,55,091,"Wisconsin","Pepin County",5,33,78,37,41
050,55,091,"Wisconsin","Pepin County",5,34,72,41,31
050,55,091,"Wisconsin","Pepin County",5,35,71,37,34
050,55,091,"Wisconsin","Pepin County",5,36,77,44,33
050,55,091,"Wisconsin","Pepin County",5,37,64,33,31
050,55,091,"Wisconsin","Pepin County",5,38,70,31,39
050,55,091,"Wisconsin","Pepin County",5,39,82,41,41
050,55,091,"Wisconsin","Pepin County",5,40,85,43,42
050,55,091,"Wisconsin","Pepin County",5,41,96,46,50
050,55,091,"Wisconsin","Pepin County",5,42,101,55,46
050,55,091,"Wisconsin","Pepin County",5,43,93,49,44
050,55,091,"Wisconsin","Pepin County",5,44,86,41,45
050,55,091,"Wisconsin","Pepin County",5,45,84,35,49
050,55,091,"Wisconsin","Pepin County",5,46,80,37,43
050,55,091,"Wisconsin","Pepin County",5,47,71,34,37
050,55,091,"Wisconsin","Pepin County",5,48,71,42,29
050,55,091,"Wisconsin","Pepin County",5,49,66,35,31
050,55,091,"Wisconsin","Pepin County",5,50,80,37,43
050,55,091,"Wisconsin","Pepin County",5,51,89,45,44
050,55,091,"Wisconsin","Pepin County",5,52,88,40,48
050,55,091,"Wisconsin","Pepin County",5,53,91,50,41
050,55,091,"Wisconsin","Pepin County",5,54,102,56,46
050,55,091,"Wisconsin","Pepin County",5,55,85,36,49
050,55,091,"Wisconsin","Pepin County",5,56,97,51,46
050,55,091,"Wisconsin","Pepin County",5,57,96,57,39
050,55,091,"Wisconsin","Pepin County",5,58,110,58,52
050,55,091,"Wisconsin","Pepin County",5,59,119,64,55
050,55,091,"Wisconsin","Pepin County",5,60,124,69,55
050,55,091,"Wisconsin","Pepin County",5,61,114,57,57
050,55,091,"Wisconsin","Pepin County",5,62,124,67,57
050,55,091,"Wisconsin","Pepin County",5,63,118,61,57
050,55,091,"Wisconsin","Pepin County",5,64,120,56,64
050,55,091,"Wisconsin","Pepin County",5,65,137,65,72
050,55,091,"Wisconsin","Pepin County",5,66,131,64,67
050,55,091,"Wisconsin","Pepin County",5,67,126,65,61
050,55,091,"Wisconsin","Pepin County",5,68,131,67,64
050,55,091,"Wisconsin","Pepin County",5,69,123,68,55
050,55,091,"Wisconsin","Pepin County",5,70,109,60,49
050,55,091,"Wisconsin","Pepin County",5,71,108,61,47
050,55,091,"Wisconsin","Pepin County",5,72,102,51,51
050,55,091,"Wisconsin","Pepin County",5,73,84,36,48
050,55,091,"Wisconsin","Pepin County",5,74,80,43,37
050,55,091,"Wisconsin","Pepin County",5,75,72,42,30
050,55,091,"Wisconsin","Pepin County",5,76,77,44,33
050,55,091,"Wisconsin","Pepin County",5,77,62,31,31
050,55,091,"Wisconsin","Pepin County",5,78,44,22,22
050,55,091,"Wisconsin","Pepin County",5,79,50,27,23
050,55,091,"Wisconsin","Pepin County",5,80,56,28,28
050,55,091,"Wisconsin","Pepin County",5,81,56,29,27
050,55,091,"Wisconsin","Pepin County",5,82,41,21,20
050,55,091,"Wisconsin","Pepin County",5,83,33,17,16
050,55,091,"Wisconsin","Pepin County",5,84,31,19,12
050,55,091,"Wisconsin","Pepin County",5,85,201,92,109
050,55,093,"Wisconsin","Pierce County",1,0,356,185,171
050,55,093,"Wisconsin","Pierce County",1,1,370,190,180
050,55,093,"Wisconsin","Pierce County",1,2,382,192,190
050,55,093,"Wisconsin","Pierce County",1,3,421,230,191
050,55,093,"Wisconsin","Pierce County",1,4,450,254,196
050,55,093,"Wisconsin","Pierce County",1,5,457,253,204
050,55,093,"Wisconsin","Pierce County",1,6,428,241,187
050,55,093,"Wisconsin","Pierce County",1,7,465,245,220
050,55,093,"Wisconsin","Pierce County",1,8,457,242,215
050,55,093,"Wisconsin","Pierce County",1,9,486,248,238
050,55,093,"Wisconsin","Pierce County",1,10,530,270,260
050,55,093,"Wisconsin","Pierce County",1,11,541,289,252
050,55,093,"Wisconsin","Pierce County",1,12,576,310,266
050,55,093,"Wisconsin","Pierce County",1,13,585,311,274
050,55,093,"Wisconsin","Pierce County",1,14,557,288,269
050,55,093,"Wisconsin","Pierce County",1,15,578,304,274
050,55,093,"Wisconsin","Pierce County",1,16,563,291,272
050,55,093,"Wisconsin","Pierce County",1,17,512,264,248
050,55,093,"Wisconsin","Pierce County",1,18,818,321,497
050,55,093,"Wisconsin","Pierce County",1,19,1347,548,799
050,55,093,"Wisconsin","Pierce County",1,20,1230,503,727
050,55,093,"Wisconsin","Pierce County",1,21,1070,459,611
050,55,093,"Wisconsin","Pierce County",1,22,908,372,536
050,55,093,"Wisconsin","Pierce County",1,23,669,352,317
050,55,093,"Wisconsin","Pierce County",1,24,555,309,246
050,55,093,"Wisconsin","Pierce County",1,25,494,271,223
050,55,093,"Wisconsin","Pierce County",1,26,455,240,215
050,55,093,"Wisconsin","Pierce County",1,27,442,216,226
050,55,093,"Wisconsin","Pierce County",1,28,440,235,205
050,55,093,"Wisconsin","Pierce County",1,29,409,228,181
050,55,093,"Wisconsin","Pierce County",1,30,433,224,209
050,55,093,"Wisconsin","Pierce County",1,31,434,235,199
050,55,093,"Wisconsin","Pierce County",1,32,412,210,202
050,55,093,"Wisconsin","Pierce County",1,33,449,226,223
050,55,093,"Wisconsin","Pierce County",1,34,498,238,260
050,55,093,"Wisconsin","Pierce County",1,35,520,259,261
050,55,093,"Wisconsin","Pierce County",1,36,524,265,259
050,55,093,"Wisconsin","Pierce County",1,37,512,263,249
050,55,093,"Wisconsin","Pierce County",1,38,548,295,253
050,55,093,"Wisconsin","Pierce County",1,39,537,276,261
050,55,093,"Wisconsin","Pierce County",1,40,508,251,257
050,55,093,"Wisconsin","Pierce County",1,41,463,243,220
050,55,093,"Wisconsin","Pierce County",1,42,462,228,234
050,55,093,"Wisconsin","Pierce County",1,43,436,223,213
050,55,093,"Wisconsin","Pierce County",1,44,467,245,222
050,55,093,"Wisconsin","Pierce County",1,45,461,230,231
050,55,093,"Wisconsin","Pierce County",1,46,444,232,212
050,55,093,"Wisconsin","Pierce County",1,47,498,263,235
050,55,093,"Wisconsin","Pierce County",1,48,519,285,234
050,55,093,"Wisconsin","Pierce County",1,49,526,270,256
050,55,093,"Wisconsin","Pierce County",1,50,510,250,260
050,55,093,"Wisconsin","Pierce County",1,51,491,247,244
050,55,093,"Wisconsin","Pierce County",1,52,505,268,237
050,55,093,"Wisconsin","Pierce County",1,53,531,271,260
050,55,093,"Wisconsin","Pierce County",1,54,563,279,284
050,55,093,"Wisconsin","Pierce County",1,55,595,305,290
050,55,093,"Wisconsin","Pierce County",1,56,602,321,281
050,55,093,"Wisconsin","Pierce County",1,57,599,320,279
050,55,093,"Wisconsin","Pierce County",1,58,613,314,299
050,55,093,"Wisconsin","Pierce County",1,59,612,316,296
050,55,093,"Wisconsin","Pierce County",1,60,613,320,293
050,55,093,"Wisconsin","Pierce County",1,61,596,296,300
050,55,093,"Wisconsin","Pierce County",1,62,600,302,298
050,55,093,"Wisconsin","Pierce County",1,63,571,289,282
050,55,093,"Wisconsin","Pierce County",1,64,527,261,266
050,55,093,"Wisconsin","Pierce County",1,65,486,243,243
050,55,093,"Wisconsin","Pierce County",1,66,504,241,263
050,55,093,"Wisconsin","Pierce County",1,67,468,239,229
050,55,093,"Wisconsin","Pierce County",1,68,430,224,206
050,55,093,"Wisconsin","Pierce County",1,69,416,211,205
050,55,093,"Wisconsin","Pierce County",1,70,397,202,195
050,55,093,"Wisconsin","Pierce County",1,71,378,197,181
050,55,093,"Wisconsin","Pierce County",1,72,364,190,174
050,55,093,"Wisconsin","Pierce County",1,73,359,187,172
050,55,093,"Wisconsin","Pierce County",1,74,252,135,117
050,55,093,"Wisconsin","Pierce County",1,75,218,111,107
050,55,093,"Wisconsin","Pierce County",1,76,226,108,118
050,55,093,"Wisconsin","Pierce County",1,77,219,110,109
050,55,093,"Wisconsin","Pierce County",1,78,202,106,96
050,55,093,"Wisconsin","Pierce County",1,79,170,87,83
050,55,093,"Wisconsin","Pierce County",1,80,166,89,77
050,55,093,"Wisconsin","Pierce County",1,81,167,69,98
050,55,093,"Wisconsin","Pierce County",1,82,125,55,70
050,55,093,"Wisconsin","Pierce County",1,83,113,52,61
050,55,093,"Wisconsin","Pierce County",1,84,109,51,58
050,55,093,"Wisconsin","Pierce County",1,85,707,270,437
050,55,093,"Wisconsin","Pierce County",2,0,357,180,177
050,55,093,"Wisconsin","Pierce County",2,1,368,188,180
050,55,093,"Wisconsin","Pierce County",2,2,384,193,191
050,55,093,"Wisconsin","Pierce County",2,3,411,221,190
050,55,093,"Wisconsin","Pierce County",2,4,446,250,196
050,55,093,"Wisconsin","Pierce County",2,5,451,252,199
050,55,093,"Wisconsin","Pierce County",2,6,435,245,190
050,55,093,"Wisconsin","Pierce County",2,7,455,243,212
050,55,093,"Wisconsin","Pierce County",2,8,455,240,215
050,55,093,"Wisconsin","Pierce County",2,9,475,243,232
050,55,093,"Wisconsin","Pierce County",2,10,517,264,253
050,55,093,"Wisconsin","Pierce County",2,11,538,282,256
050,55,093,"Wisconsin","Pierce County",2,12,568,304,264
050,55,093,"Wisconsin","Pierce County",2,13,582,310,272
050,55,093,"Wisconsin","Pierce County",2,14,564,294,270
050,55,093,"Wisconsin","Pierce County",2,15,572,300,272
050,55,093,"Wisconsin","Pierce County",2,16,568,294,274
050,55,093,"Wisconsin","Pierce County",2,17,528,273,255
050,55,093,"Wisconsin","Pierce County",2,18,821,323,498
050,55,093,"Wisconsin","Pierce County",2,19,1348,548,800
050,55,093,"Wisconsin","Pierce County",2,20,1242,508,734
050,55,093,"Wisconsin","Pierce County",2,21,1075,460,615
050,55,093,"Wisconsin","Pierce County",2,22,906,370,536
050,55,093,"Wisconsin","Pierce County",2,23,663,353,310
050,55,093,"Wisconsin","Pierce County",2,24,547,302,245
050,55,093,"Wisconsin","Pierce County",2,25,491,272,219
050,55,093,"Wisconsin","Pierce County",2,26,456,242,214
050,55,093,"Wisconsin","Pierce County",2,27,440,219,221
050,55,093,"Wisconsin","Pierce County",2,28,445,235,210
050,55,093,"Wisconsin","Pierce County",2,29,417,228,189
050,55,093,"Wisconsin","Pierce County",2,30,427,225,202
050,55,093,"Wisconsin","Pierce County",2,31,433,230,203
050,55,093,"Wisconsin","Pierce County",2,32,413,215,198
050,55,093,"Wisconsin","Pierce County",2,33,444,223,221
050,55,093,"Wisconsin","Pierce County",2,34,488,236,252
050,55,093,"Wisconsin","Pierce County",2,35,521,257,264
050,55,093,"Wisconsin","Pierce County",2,36,517,260,257
050,55,093,"Wisconsin","Pierce County",2,37,519,266,253
050,55,093,"Wisconsin","Pierce County",2,38,547,293,254
050,55,093,"Wisconsin","Pierce County",2,39,538,279,259
050,55,093,"Wisconsin","Pierce County",2,40,516,257,259
050,55,093,"Wisconsin","Pierce County",2,41,473,243,230
050,55,093,"Wisconsin","Pierce County",2,42,461,230,231
050,55,093,"Wisconsin","Pierce County",2,43,444,224,220
050,55,093,"Wisconsin","Pierce County",2,44,457,238,219
050,55,093,"Wisconsin","Pierce County",2,45,465,236,229
050,55,093,"Wisconsin","Pierce County",2,46,447,231,216
050,55,093,"Wisconsin","Pierce County",2,47,485,255,230
050,55,093,"Wisconsin","Pierce County",2,48,509,277,232
050,55,093,"Wisconsin","Pierce County",2,49,529,276,253
050,55,093,"Wisconsin","Pierce County",2,50,512,253,259
050,55,093,"Wisconsin","Pierce County",2,51,490,246,244
050,55,093,"Wisconsin","Pierce County",2,52,499,264,235
050,55,093,"Wisconsin","Pierce County",2,53,523,269,254
050,55,093,"Wisconsin","Pierce County",2,54,554,276,278
050,55,093,"Wisconsin","Pierce County",2,55,584,297,287
050,55,093,"Wisconsin","Pierce County",2,56,604,321,283
050,55,093,"Wisconsin","Pierce County",2,57,600,320,280
050,55,093,"Wisconsin","Pierce County",2,58,615,318,297
050,55,093,"Wisconsin","Pierce County",2,59,617,318,299
050,55,093,"Wisconsin","Pierce County",2,60,608,315,293
050,55,093,"Wisconsin","Pierce County",2,61,599,300,299
050,55,093,"Wisconsin","Pierce County",2,62,597,300,297
050,55,093,"Wisconsin","Pierce County",2,63,580,292,288
050,55,093,"Wisconsin","Pierce County",2,64,534,265,269
050,55,093,"Wisconsin","Pierce County",2,65,494,247,247
050,55,093,"Wisconsin","Pierce County",2,66,497,238,259
050,55,093,"Wisconsin","Pierce County",2,67,475,240,235
050,55,093,"Wisconsin","Pierce County",2,68,433,225,208
050,55,093,"Wisconsin","Pierce County",2,69,421,214,207
050,55,093,"Wisconsin","Pierce County",2,70,398,203,195
050,55,093,"Wisconsin","Pierce County",2,71,387,200,187
050,55,093,"Wisconsin","Pierce County",2,72,357,186,171
050,55,093,"Wisconsin","Pierce County",2,73,378,197,181
050,55,093,"Wisconsin","Pierce County",2,74,259,137,122
050,55,093,"Wisconsin","Pierce County",2,75,227,117,110
050,55,093,"Wisconsin","Pierce County",2,76,224,108,116
050,55,093,"Wisconsin","Pierce County",2,77,225,111,114
050,55,093,"Wisconsin","Pierce County",2,78,199,104,95
050,55,093,"Wisconsin","Pierce County",2,79,177,92,85
050,55,093,"Wisconsin","Pierce County",2,80,165,89,76
050,55,093,"Wisconsin","Pierce County",2,81,166,72,94
050,55,093,"Wisconsin","Pierce County",2,82,130,55,75
050,55,093,"Wisconsin","Pierce County",2,83,115,54,61
050,55,093,"Wisconsin","Pierce County",2,84,110,51,59
050,55,093,"Wisconsin","Pierce County",2,85,718,277,441
050,55,093,"Wisconsin","Pierce County",3,0,374,204,170
050,55,093,"Wisconsin","Pierce County",3,1,377,187,190
050,55,093,"Wisconsin","Pierce County",3,2,400,209,191
050,55,093,"Wisconsin","Pierce County",3,3,402,205,197
050,55,093,"Wisconsin","Pierce County",3,4,419,219,200
050,55,093,"Wisconsin","Pierce County",3,5,463,257,206
050,55,093,"Wisconsin","Pierce County",3,6,456,254,202
050,55,093,"Wisconsin","Pierce County",3,7,455,250,205
050,55,093,"Wisconsin","Pierce County",3,8,456,242,214
050,55,093,"Wisconsin","Pierce County",3,9,464,250,214
050,55,093,"Wisconsin","Pierce County",3,10,483,250,233
050,55,093,"Wisconsin","Pierce County",3,11,525,270,255
050,55,093,"Wisconsin","Pierce County",3,12,529,274,255
050,55,093,"Wisconsin","Pierce County",3,13,570,310,260
050,55,093,"Wisconsin","Pierce County",3,14,578,314,264
050,55,093,"Wisconsin","Pierce County",3,15,549,287,262
050,55,093,"Wisconsin","Pierce County",3,16,566,300,266
050,55,093,"Wisconsin","Pierce County",3,17,567,297,270
050,55,093,"Wisconsin","Pierce County",3,18,675,292,383
050,55,093,"Wisconsin","Pierce County",3,19,949,413,536
050,55,093,"Wisconsin","Pierce County",3,20,985,408,577
050,55,093,"Wisconsin","Pierce County",3,21,1004,420,584
050,55,093,"Wisconsin","Pierce County",3,22,872,367,505
050,55,093,"Wisconsin","Pierce County",3,23,639,349,290
050,55,093,"Wisconsin","Pierce County",3,24,547,290,257
050,55,093,"Wisconsin","Pierce County",3,25,501,274,227
050,55,093,"Wisconsin","Pierce County",3,26,453,244,209
050,55,093,"Wisconsin","Pierce County",3,27,434,212,222
050,55,093,"Wisconsin","Pierce County",3,28,473,241,232
050,55,093,"Wisconsin","Pierce County",3,29,457,243,214
050,55,093,"Wisconsin","Pierce County",3,30,420,223,197
050,55,093,"Wisconsin","Pierce County",3,31,450,238,212
050,55,093,"Wisconsin","Pierce County",3,32,433,227,206
050,55,093,"Wisconsin","Pierce County",3,33,432,231,201
050,55,093,"Wisconsin","Pierce County",3,34,439,215,224
050,55,093,"Wisconsin","Pierce County",3,35,500,244,256
050,55,093,"Wisconsin","Pierce County",3,36,509,256,253
050,55,093,"Wisconsin","Pierce County",3,37,513,259,254
050,55,093,"Wisconsin","Pierce County",3,38,543,279,264
050,55,093,"Wisconsin","Pierce County",3,39,546,286,260
050,55,093,"Wisconsin","Pierce County",3,40,530,274,256
050,55,093,"Wisconsin","Pierce County",3,41,527,267,260
050,55,093,"Wisconsin","Pierce County",3,42,482,247,235
050,55,093,"Wisconsin","Pierce County",3,43,480,239,241
050,55,093,"Wisconsin","Pierce County",3,44,458,232,226
050,55,093,"Wisconsin","Pierce County",3,45,463,237,226
050,55,093,"Wisconsin","Pierce County",3,46,475,239,236
050,55,093,"Wisconsin","Pierce County",3,47,443,230,213
050,55,093,"Wisconsin","Pierce County",3,48,477,248,229
050,55,093,"Wisconsin","Pierce County",3,49,514,276,238
050,55,093,"Wisconsin","Pierce County",3,50,531,282,249
050,55,093,"Wisconsin","Pierce County",3,51,507,240,267
050,55,093,"Wisconsin","Pierce County",3,52,500,256,244
050,55,093,"Wisconsin","Pierce County",3,53,507,265,242
050,55,093,"Wisconsin","Pierce County",3,54,535,270,265
050,55,093,"Wisconsin","Pierce County",3,55,543,267,276
050,55,093,"Wisconsin","Pierce County",3,56,596,304,292
050,55,093,"Wisconsin","Pierce County",3,57,595,314,281
050,55,093,"Wisconsin","Pierce County",3,58,603,324,279
050,55,093,"Wisconsin","Pierce County",3,59,612,320,292
050,55,093,"Wisconsin","Pierce County",3,60,620,315,305
050,55,093,"Wisconsin","Pierce County",3,61,615,320,295
050,55,093,"Wisconsin","Pierce County",3,62,585,294,291
050,55,093,"Wisconsin","Pierce County",3,63,610,310,300
050,55,093,"Wisconsin","Pierce County",3,64,577,283,294
050,55,093,"Wisconsin","Pierce County",3,65,524,262,262
050,55,093,"Wisconsin","Pierce County",3,66,490,243,247
050,55,093,"Wisconsin","Pierce County",3,67,492,236,256
050,55,093,"Wisconsin","Pierce County",3,68,467,236,231
050,55,093,"Wisconsin","Pierce County",3,69,431,219,212
050,55,093,"Wisconsin","Pierce County",3,70,427,213,214
050,55,093,"Wisconsin","Pierce County",3,71,399,200,199
050,55,093,"Wisconsin","Pierce County",3,72,360,183,177
050,55,093,"Wisconsin","Pierce County",3,73,344,178,166
050,55,093,"Wisconsin","Pierce County",3,74,374,194,180
050,55,093,"Wisconsin","Pierce County",3,75,239,127,112
050,55,093,"Wisconsin","Pierce County",3,76,221,112,109
050,55,093,"Wisconsin","Pierce County",3,77,223,107,116
050,55,093,"Wisconsin","Pierce County",3,78,215,105,110
050,55,093,"Wisconsin","Pierce County",3,79,185,96,89
050,55,093,"Wisconsin","Pierce County",3,80,172,92,80
050,55,093,"Wisconsin","Pierce County",3,81,164,80,84
050,55,093,"Wisconsin","Pierce County",3,82,151,66,85
050,55,093,"Wisconsin","Pierce County",3,83,126,56,70
050,55,093,"Wisconsin","Pierce County",3,84,103,43,60
050,55,093,"Wisconsin","Pierce County",3,85,707,275,432
050,55,093,"Wisconsin","Pierce County",4,0,398,218,180
050,55,093,"Wisconsin","Pierce County",4,1,407,224,183
050,55,093,"Wisconsin","Pierce County",4,2,403,195,208
050,55,093,"Wisconsin","Pierce County",4,3,427,220,207
050,55,093,"Wisconsin","Pierce County",4,4,406,208,198
050,55,093,"Wisconsin","Pierce County",4,5,446,237,209
050,55,093,"Wisconsin","Pierce County",4,6,491,268,223
050,55,093,"Wisconsin","Pierce County",4,7,463,255,208
050,55,093,"Wisconsin","Pierce County",4,8,459,260,199
050,55,093,"Wisconsin","Pierce County",4,9,471,247,224
050,55,093,"Wisconsin","Pierce County",4,10,475,255,220
050,55,093,"Wisconsin","Pierce County",4,11,484,249,235
050,55,093,"Wisconsin","Pierce County",4,12,530,276,254
050,55,093,"Wisconsin","Pierce County",4,13,546,280,266
050,55,093,"Wisconsin","Pierce County",4,14,558,303,255
050,55,093,"Wisconsin","Pierce County",4,15,576,307,269
050,55,093,"Wisconsin","Pierce County",4,16,552,292,260
050,55,093,"Wisconsin","Pierce County",4,17,577,316,261
050,55,093,"Wisconsin","Pierce County",4,18,807,343,464
050,55,093,"Wisconsin","Pierce County",4,19,1171,488,683
050,55,093,"Wisconsin","Pierce County",4,20,1107,447,660
050,55,093,"Wisconsin","Pierce County",4,21,1038,440,598
050,55,093,"Wisconsin","Pierce County",4,22,918,365,553
050,55,093,"Wisconsin","Pierce County",4,23,682,391,291
050,55,093,"Wisconsin","Pierce County",4,24,536,285,251
050,55,093,"Wisconsin","Pierce County",4,25,501,259,242
050,55,093,"Wisconsin","Pierce County",4,26,472,262,210
050,55,093,"Wisconsin","Pierce County",4,27,454,239,215
050,55,093,"Wisconsin","Pierce County",4,28,457,227,230
050,55,093,"Wisconsin","Pierce County",4,29,471,241,230
050,55,093,"Wisconsin","Pierce County",4,30,478,265,213
050,55,093,"Wisconsin","Pierce County",4,31,434,229,205
050,55,093,"Wisconsin","Pierce County",4,32,466,244,222
050,55,093,"Wisconsin","Pierce County",4,33,450,231,219
050,55,093,"Wisconsin","Pierce County",4,34,433,221,212
050,55,093,"Wisconsin","Pierce County",4,35,470,229,241
050,55,093,"Wisconsin","Pierce County",4,36,500,249,251
050,55,093,"Wisconsin","Pierce County",4,37,519,260,259
050,55,093,"Wisconsin","Pierce County",4,38,533,269,264
050,55,093,"Wisconsin","Pierce County",4,39,552,285,267
050,55,093,"Wisconsin","Pierce County",4,40,547,282,265
050,55,093,"Wisconsin","Pierce County",4,41,535,278,257
050,55,093,"Wisconsin","Pierce County",4,42,536,271,265
050,55,093,"Wisconsin","Pierce County",4,43,500,250,250
050,55,093,"Wisconsin","Pierce County",4,44,499,257,242
050,55,093,"Wisconsin","Pierce County",4,45,457,234,223
050,55,093,"Wisconsin","Pierce County",4,46,461,243,218
050,55,093,"Wisconsin","Pierce County",4,47,482,243,239
050,55,093,"Wisconsin","Pierce County",4,48,435,224,211
050,55,093,"Wisconsin","Pierce County",4,49,489,249,240
050,55,093,"Wisconsin","Pierce County",4,50,520,283,237
050,55,093,"Wisconsin","Pierce County",4,51,526,279,247
050,55,093,"Wisconsin","Pierce County",4,52,509,244,265
050,55,093,"Wisconsin","Pierce County",4,53,511,263,248
050,55,093,"Wisconsin","Pierce County",4,54,511,271,240
050,55,093,"Wisconsin","Pierce County",4,55,523,264,259
050,55,093,"Wisconsin","Pierce County",4,56,536,262,274
050,55,093,"Wisconsin","Pierce County",4,57,582,301,281
050,55,093,"Wisconsin","Pierce County",4,58,609,316,293
050,55,093,"Wisconsin","Pierce County",4,59,595,312,283
050,55,093,"Wisconsin","Pierce County",4,60,608,317,291
050,55,093,"Wisconsin","Pierce County",4,61,609,303,306
050,55,093,"Wisconsin","Pierce County",4,62,600,313,287
050,55,093,"Wisconsin","Pierce County",4,63,577,289,288
050,55,093,"Wisconsin","Pierce County",4,64,605,310,295
050,55,093,"Wisconsin","Pierce County",4,65,566,277,289
050,55,093,"Wisconsin","Pierce County",4,66,515,256,259
050,55,093,"Wisconsin","Pierce County",4,67,471,229,242
050,55,093,"Wisconsin","Pierce County",4,68,479,228,251
050,55,093,"Wisconsin","Pierce County",4,69,463,225,238
050,55,093,"Wisconsin","Pierce County",4,70,418,212,206
050,55,093,"Wisconsin","Pierce County",4,71,428,216,212
050,55,093,"Wisconsin","Pierce County",4,72,372,183,189
050,55,093,"Wisconsin","Pierce County",4,73,344,169,175
050,55,093,"Wisconsin","Pierce County",4,74,332,169,163
050,55,093,"Wisconsin","Pierce County",4,75,353,187,166
050,55,093,"Wisconsin","Pierce County",4,76,230,118,112
050,55,093,"Wisconsin","Pierce County",4,77,221,110,111
050,55,093,"Wisconsin","Pierce County",4,78,216,103,113
050,55,093,"Wisconsin","Pierce County",4,79,209,106,103
050,55,093,"Wisconsin","Pierce County",4,80,182,95,87
050,55,093,"Wisconsin","Pierce County",4,81,166,83,83
050,55,093,"Wisconsin","Pierce County",4,82,148,74,74
050,55,093,"Wisconsin","Pierce County",4,83,141,62,79
050,55,093,"Wisconsin","Pierce County",4,84,111,44,67
050,55,093,"Wisconsin","Pierce County",4,85,707,269,438
050,55,093,"Wisconsin","Pierce County",5,0,394,218,176
050,55,093,"Wisconsin","Pierce County",5,1,415,229,186
050,55,093,"Wisconsin","Pierce County",5,2,424,226,198
050,55,093,"Wisconsin","Pierce County",5,3,416,202,214
050,55,093,"Wisconsin","Pierce County",5,4,432,220,212
050,55,093,"Wisconsin","Pierce County",5,5,411,218,193
050,55,093,"Wisconsin","Pierce County",5,6,455,239,216
050,55,093,"Wisconsin","Pierce County",5,7,492,269,223
050,55,093,"Wisconsin","Pierce County",5,8,468,252,216
050,55,093,"Wisconsin","Pierce County",5,9,465,265,200
050,55,093,"Wisconsin","Pierce County",5,10,481,250,231
050,55,093,"Wisconsin","Pierce County",5,11,474,248,226
050,55,093,"Wisconsin","Pierce County",5,12,487,256,231
050,55,093,"Wisconsin","Pierce County",5,13,537,273,264
050,55,093,"Wisconsin","Pierce County",5,14,538,276,262
050,55,093,"Wisconsin","Pierce County",5,15,572,314,258
050,55,093,"Wisconsin","Pierce County",5,16,586,319,267
050,55,093,"Wisconsin","Pierce County",5,17,569,300,269
050,55,093,"Wisconsin","Pierce County",5,18,810,351,459
050,55,093,"Wisconsin","Pierce County",5,19,1207,508,699
050,55,093,"Wisconsin","Pierce County",5,20,1123,451,672
050,55,093,"Wisconsin","Pierce County",5,21,1040,431,609
050,55,093,"Wisconsin","Pierce County",5,22,922,376,546
050,55,093,"Wisconsin","Pierce County",5,23,689,360,329
050,55,093,"Wisconsin","Pierce County",5,24,577,331,246
050,55,093,"Wisconsin","Pierce County",5,25,501,267,234
050,55,093,"Wisconsin","Pierce County",5,26,489,250,239
050,55,093,"Wisconsin","Pierce County",5,27,481,271,210
050,55,093,"Wisconsin","Pierce County",5,28,483,252,231
050,55,093,"Wisconsin","Pierce County",5,29,479,243,236
050,55,093,"Wisconsin","Pierce County",5,30,490,248,242
050,55,093,"Wisconsin","Pierce County",5,31,510,275,235
050,55,093,"Wisconsin","Pierce County",5,32,457,241,216
050,55,093,"Wisconsin","Pierce County",5,33,478,245,233
050,55,093,"Wisconsin","Pierce County",5,34,459,242,217
050,55,093,"Wisconsin","Pierce County",5,35,461,240,221
050,55,093,"Wisconsin","Pierce County",5,36,468,230,238
050,55,093,"Wisconsin","Pierce County",5,37,511,257,254
050,55,093,"Wisconsin","Pierce County",5,38,514,260,254
050,55,093,"Wisconsin","Pierce County",5,39,530,257,273
050,55,093,"Wisconsin","Pierce County",5,40,542,286,256
050,55,093,"Wisconsin","Pierce County",5,41,549,285,264
050,55,093,"Wisconsin","Pierce County",5,42,546,282,264
050,55,093,"Wisconsin","Pierce County",5,43,546,273,273
050,55,093,"Wisconsin","Pierce County",5,44,503,256,247
050,55,093,"Wisconsin","Pierce County",5,45,507,264,243
050,55,093,"Wisconsin","Pierce County",5,46,456,232,224
050,55,093,"Wisconsin","Pierce County",5,47,465,246,219
050,55,093,"Wisconsin","Pierce County",5,48,493,240,253
050,55,093,"Wisconsin","Pierce County",5,49,453,235,218
050,55,093,"Wisconsin","Pierce County",5,50,479,244,235
050,55,093,"Wisconsin","Pierce County",5,51,525,285,240
050,55,093,"Wisconsin","Pierce County",5,52,508,275,233
050,55,093,"Wisconsin","Pierce County",5,53,508,244,264
050,55,093,"Wisconsin","Pierce County",5,54,525,269,256
050,55,093,"Wisconsin","Pierce County",5,55,509,274,235
050,55,093,"Wisconsin","Pierce County",5,56,528,268,260
050,55,093,"Wisconsin","Pierce County",5,57,516,256,260
050,55,093,"Wisconsin","Pierce County",5,58,586,298,288
050,55,093,"Wisconsin","Pierce County",5,59,612,319,293
050,55,093,"Wisconsin","Pierce County",5,60,593,305,288
050,55,093,"Wisconsin","Pierce County",5,61,610,310,300
050,55,093,"Wisconsin","Pierce County",5,62,609,307,302
050,55,093,"Wisconsin","Pierce County",5,63,599,316,283
050,55,093,"Wisconsin","Pierce County",5,64,579,287,292
050,55,093,"Wisconsin","Pierce County",5,65,596,308,288
050,55,093,"Wisconsin","Pierce County",5,66,548,262,286
050,55,093,"Wisconsin","Pierce County",5,67,507,254,253
050,55,093,"Wisconsin","Pierce County",5,68,451,216,235
050,55,093,"Wisconsin","Pierce County",5,69,475,225,250
050,55,093,"Wisconsin","Pierce County",5,70,462,222,240
050,55,093,"Wisconsin","Pierce County",5,71,418,213,205
050,55,093,"Wisconsin","Pierce County",5,72,404,202,202
050,55,093,"Wisconsin","Pierce County",5,73,363,176,187
050,55,093,"Wisconsin","Pierce County",5,74,336,166,170
050,55,093,"Wisconsin","Pierce County",5,75,311,159,152
050,55,093,"Wisconsin","Pierce County",5,76,341,178,163
050,55,093,"Wisconsin","Pierce County",5,77,231,117,114
050,55,093,"Wisconsin","Pierce County",5,78,214,106,108
050,55,093,"Wisconsin","Pierce County",5,79,215,105,110
050,55,093,"Wisconsin","Pierce County",5,80,198,101,97
050,55,093,"Wisconsin","Pierce County",5,81,175,84,91
050,55,093,"Wisconsin","Pierce County",5,82,154,77,77
050,55,093,"Wisconsin","Pierce County",5,83,139,70,69
050,55,093,"Wisconsin","Pierce County",5,84,125,52,73
050,55,093,"Wisconsin","Pierce County",5,85,722,273,449
050,55,095,"Wisconsin","Polk County",1,0,388,202,186
050,55,095,"Wisconsin","Polk County",1,1,381,206,175
050,55,095,"Wisconsin","Polk County",1,2,428,205,223
050,55,095,"Wisconsin","Polk County",1,3,460,228,232
050,55,095,"Wisconsin","Polk County",1,4,462,217,245
050,55,095,"Wisconsin","Polk County",1,5,494,248,246
050,55,095,"Wisconsin","Polk County",1,6,462,243,219
050,55,095,"Wisconsin","Polk County",1,7,468,247,221
050,55,095,"Wisconsin","Polk County",1,8,479,241,238
050,55,095,"Wisconsin","Polk County",1,9,504,273,231
050,55,095,"Wisconsin","Polk County",1,10,558,297,261
050,55,095,"Wisconsin","Polk County",1,11,566,299,267
050,55,095,"Wisconsin","Polk County",1,12,566,296,270
050,55,095,"Wisconsin","Polk County",1,13,608,297,311
050,55,095,"Wisconsin","Polk County",1,14,618,304,314
050,55,095,"Wisconsin","Polk County",1,15,598,313,285
050,55,095,"Wisconsin","Polk County",1,16,628,330,298
050,55,095,"Wisconsin","Polk County",1,17,586,311,275
050,55,095,"Wisconsin","Polk County",1,18,476,249,227
050,55,095,"Wisconsin","Polk County",1,19,374,207,167
050,55,095,"Wisconsin","Polk County",1,20,389,220,169
050,55,095,"Wisconsin","Polk County",1,21,416,225,191
050,55,095,"Wisconsin","Polk County",1,22,425,215,210
050,55,095,"Wisconsin","Polk County",1,23,435,219,216
050,55,095,"Wisconsin","Polk County",1,24,439,229,210
050,55,095,"Wisconsin","Polk County",1,25,408,216,192
050,55,095,"Wisconsin","Polk County",1,26,444,219,225
050,55,095,"Wisconsin","Polk County",1,27,461,238,223
050,55,095,"Wisconsin","Polk County",1,28,496,255,241
050,55,095,"Wisconsin","Polk County",1,29,433,212,221
050,55,095,"Wisconsin","Polk County",1,30,412,200,212
050,55,095,"Wisconsin","Polk County",1,31,404,201,203
050,55,095,"Wisconsin","Polk County",1,32,409,211,198
050,55,095,"Wisconsin","Polk County",1,33,453,211,242
050,55,095,"Wisconsin","Polk County",1,34,472,245,227
050,55,095,"Wisconsin","Polk County",1,35,501,265,236
050,55,095,"Wisconsin","Polk County",1,36,505,243,262
050,55,095,"Wisconsin","Polk County",1,37,552,290,262
050,55,095,"Wisconsin","Polk County",1,38,563,300,263
050,55,095,"Wisconsin","Polk County",1,39,545,280,265
050,55,095,"Wisconsin","Polk County",1,40,532,274,258
050,55,095,"Wisconsin","Polk County",1,41,527,262,265
050,55,095,"Wisconsin","Polk County",1,42,518,269,249
050,55,095,"Wisconsin","Polk County",1,43,502,254,248
050,55,095,"Wisconsin","Polk County",1,44,498,252,246
050,55,095,"Wisconsin","Polk County",1,45,510,268,242
050,55,095,"Wisconsin","Polk County",1,46,505,255,250
050,55,095,"Wisconsin","Polk County",1,47,502,249,253
050,55,095,"Wisconsin","Polk County",1,48,572,285,287
050,55,095,"Wisconsin","Polk County",1,49,620,328,292
050,55,095,"Wisconsin","Polk County",1,50,613,318,295
050,55,095,"Wisconsin","Polk County",1,51,596,316,280
050,55,095,"Wisconsin","Polk County",1,52,583,307,276
050,55,095,"Wisconsin","Polk County",1,53,649,325,324
050,55,095,"Wisconsin","Polk County",1,54,699,378,321
050,55,095,"Wisconsin","Polk County",1,55,719,372,347
050,55,095,"Wisconsin","Polk County",1,56,790,377,413
050,55,095,"Wisconsin","Polk County",1,57,805,397,408
050,55,095,"Wisconsin","Polk County",1,58,830,424,406
050,55,095,"Wisconsin","Polk County",1,59,786,402,384
050,55,095,"Wisconsin","Polk County",1,60,755,388,367
050,55,095,"Wisconsin","Polk County",1,61,792,408,384
050,55,095,"Wisconsin","Polk County",1,62,751,386,365
050,55,095,"Wisconsin","Polk County",1,63,751,377,374
050,55,095,"Wisconsin","Polk County",1,64,713,360,353
050,55,095,"Wisconsin","Polk County",1,65,756,376,380
050,55,095,"Wisconsin","Polk County",1,66,704,361,343
050,55,095,"Wisconsin","Polk County",1,67,668,353,315
050,55,095,"Wisconsin","Polk County",1,68,666,350,316
050,55,095,"Wisconsin","Polk County",1,69,580,290,290
050,55,095,"Wisconsin","Polk County",1,70,551,277,274
050,55,095,"Wisconsin","Polk County",1,71,549,291,258
050,55,095,"Wisconsin","Polk County",1,72,509,256,253
050,55,095,"Wisconsin","Polk County",1,73,472,243,229
050,55,095,"Wisconsin","Polk County",1,74,371,179,192
050,55,095,"Wisconsin","Polk County",1,75,372,189,183
050,55,095,"Wisconsin","Polk County",1,76,352,173,179
050,55,095,"Wisconsin","Polk County",1,77,377,189,188
050,55,095,"Wisconsin","Polk County",1,78,301,139,162
050,55,095,"Wisconsin","Polk County",1,79,272,125,147
050,55,095,"Wisconsin","Polk County",1,80,269,131,138
050,55,095,"Wisconsin","Polk County",1,81,256,122,134
050,55,095,"Wisconsin","Polk County",1,82,229,108,121
050,55,095,"Wisconsin","Polk County",1,83,211,96,115
050,55,095,"Wisconsin","Polk County",1,84,172,81,91
050,55,095,"Wisconsin","Polk County",1,85,961,361,600
050,55,095,"Wisconsin","Polk County",2,0,394,208,186
050,55,095,"Wisconsin","Polk County",2,1,383,205,178
050,55,095,"Wisconsin","Polk County",2,2,417,205,212
050,55,095,"Wisconsin","Polk County",2,3,451,221,230
050,55,095,"Wisconsin","Polk County",2,4,466,222,244
050,55,095,"Wisconsin","Polk County",2,5,486,240,246
050,55,095,"Wisconsin","Polk County",2,6,468,245,223
050,55,095,"Wisconsin","Polk County",2,7,465,245,220
050,55,095,"Wisconsin","Polk County",2,8,474,241,233
050,55,095,"Wisconsin","Polk County",2,9,499,263,236
050,55,095,"Wisconsin","Polk County",2,10,542,289,253
050,55,095,"Wisconsin","Polk County",2,11,561,298,263
050,55,095,"Wisconsin","Polk County",2,12,570,298,272
050,55,095,"Wisconsin","Polk County",2,13,599,297,302
050,55,095,"Wisconsin","Polk County",2,14,617,303,314
050,55,095,"Wisconsin","Polk County",2,15,605,313,292
050,55,095,"Wisconsin","Polk County",2,16,628,329,299
050,55,095,"Wisconsin","Polk County",2,17,592,314,278
050,55,095,"Wisconsin","Polk County",2,18,478,253,225
050,55,095,"Wisconsin","Polk County",2,19,376,206,170
050,55,095,"Wisconsin","Polk County",2,20,396,224,172
050,55,095,"Wisconsin","Polk County",2,21,413,225,188
050,55,095,"Wisconsin","Polk County",2,22,421,216,205
050,55,095,"Wisconsin","Polk County",2,23,431,219,212
050,55,095,"Wisconsin","Polk County",2,24,431,222,209
050,55,095,"Wisconsin","Polk County",2,25,417,220,197
050,55,095,"Wisconsin","Polk County",2,26,437,217,220
050,55,095,"Wisconsin","Polk County",2,27,466,237,229
050,55,095,"Wisconsin","Polk County",2,28,492,256,236
050,55,095,"Wisconsin","Polk County",2,29,449,221,228
050,55,095,"Wisconsin","Polk County",2,30,421,205,216
050,55,095,"Wisconsin","Polk County",2,31,409,202,207
050,55,095,"Wisconsin","Polk County",2,32,410,210,200
050,55,095,"Wisconsin","Polk County",2,33,445,213,232
050,55,095,"Wisconsin","Polk County",2,34,468,238,230
050,55,095,"Wisconsin","Polk County",2,35,497,263,234
050,55,095,"Wisconsin","Polk County",2,36,501,247,254
050,55,095,"Wisconsin","Polk County",2,37,547,281,266
050,55,095,"Wisconsin","Polk County",2,38,564,301,263
050,55,095,"Wisconsin","Polk County",2,39,551,286,265
050,55,095,"Wisconsin","Polk County",2,40,542,279,263
050,55,095,"Wisconsin","Polk County",2,41,526,261,265
050,55,095,"Wisconsin","Polk County",2,42,518,268,250
050,55,095,"Wisconsin","Polk County",2,43,510,259,251
050,55,095,"Wisconsin","Polk County",2,44,497,252,245
050,55,095,"Wisconsin","Polk County",2,45,510,264,246
050,55,095,"Wisconsin","Polk County",2,46,506,257,249
050,55,095,"Wisconsin","Polk County",2,47,501,249,252
050,55,095,"Wisconsin","Polk County",2,48,561,277,284
050,55,095,"Wisconsin","Polk County",2,49,612,321,291
050,55,095,"Wisconsin","Polk County",2,50,611,318,293
050,55,095,"Wisconsin","Polk County",2,51,599,317,282
050,55,095,"Wisconsin","Polk County",2,52,581,304,277
050,55,095,"Wisconsin","Polk County",2,53,637,324,313
050,55,095,"Wisconsin","Polk County",2,54,688,367,321
050,55,095,"Wisconsin","Polk County",2,55,721,377,344
050,55,095,"Wisconsin","Polk County",2,56,779,378,401
050,55,095,"Wisconsin","Polk County",2,57,806,395,411
050,55,095,"Wisconsin","Polk County",2,58,823,418,405
050,55,095,"Wisconsin","Polk County",2,59,799,408,391
050,55,095,"Wisconsin","Polk County",2,60,763,392,371
050,55,095,"Wisconsin","Polk County",2,61,782,403,379
050,55,095,"Wisconsin","Polk County",2,62,761,392,369
050,55,095,"Wisconsin","Polk County",2,63,760,385,375
050,55,095,"Wisconsin","Polk County",2,64,718,362,356
050,55,095,"Wisconsin","Polk County",2,65,747,372,375
050,55,095,"Wisconsin","Polk County",2,66,719,365,354
050,55,095,"Wisconsin","Polk County",2,67,677,356,321
050,55,095,"Wisconsin","Polk County",2,68,663,348,315
050,55,095,"Wisconsin","Polk County",2,69,600,304,296
050,55,095,"Wisconsin","Polk County",2,70,557,281,276
050,55,095,"Wisconsin","Polk County",2,71,549,287,262
050,55,095,"Wisconsin","Polk County",2,72,508,261,247
050,55,095,"Wisconsin","Polk County",2,73,504,259,245
050,55,095,"Wisconsin","Polk County",2,74,368,181,187
050,55,095,"Wisconsin","Polk County",2,75,373,187,186
050,55,095,"Wisconsin","Polk County",2,76,357,177,180
050,55,095,"Wisconsin","Polk County",2,77,373,188,185
050,55,095,"Wisconsin","Polk County",2,78,312,148,164
050,55,095,"Wisconsin","Polk County",2,79,274,126,148
050,55,095,"Wisconsin","Polk County",2,80,267,129,138
050,55,095,"Wisconsin","Polk County",2,81,259,125,134
050,55,095,"Wisconsin","Polk County",2,82,230,106,124
050,55,095,"Wisconsin","Polk County",2,83,214,98,116
050,55,095,"Wisconsin","Polk County",2,84,176,83,93
050,55,095,"Wisconsin","Polk County",2,85,964,364,600
050,55,095,"Wisconsin","Polk County",3,0,377,212,165
050,55,095,"Wisconsin","Polk County",3,1,444,245,199
050,55,095,"Wisconsin","Polk County",3,2,399,216,183
050,55,095,"Wisconsin","Polk County",3,3,432,216,216
050,55,095,"Wisconsin","Polk County",3,4,454,226,228
050,55,095,"Wisconsin","Polk County",3,5,473,231,242
050,55,095,"Wisconsin","Polk County",3,6,492,246,246
050,55,095,"Wisconsin","Polk County",3,7,472,250,222
050,55,095,"Wisconsin","Polk County",3,8,461,243,218
050,55,095,"Wisconsin","Polk County",3,9,492,245,247
050,55,095,"Wisconsin","Polk County",3,10,507,264,243
050,55,095,"Wisconsin","Polk County",3,11,549,283,266
050,55,095,"Wisconsin","Polk County",3,12,590,306,284
050,55,095,"Wisconsin","Polk County",3,13,575,300,275
050,55,095,"Wisconsin","Polk County",3,14,615,301,314
050,55,095,"Wisconsin","Polk County",3,15,620,315,305
050,55,095,"Wisconsin","Polk County",3,16,619,318,301
050,55,095,"Wisconsin","Polk County",3,17,613,326,287
050,55,095,"Wisconsin","Polk County",3,18,498,271,227
050,55,095,"Wisconsin","Polk County",3,19,364,195,169
050,55,095,"Wisconsin","Polk County",3,20,425,231,194
050,55,095,"Wisconsin","Polk County",3,21,418,226,192
050,55,095,"Wisconsin","Polk County",3,22,425,216,209
050,55,095,"Wisconsin","Polk County",3,23,458,240,218
050,55,095,"Wisconsin","Polk County",3,24,457,228,229
050,55,095,"Wisconsin","Polk County",3,25,434,228,206
050,55,095,"Wisconsin","Polk County",3,26,441,229,212
050,55,095,"Wisconsin","Polk County",3,27,461,231,230
050,55,095,"Wisconsin","Polk County",3,28,470,245,225
050,55,095,"Wisconsin","Polk County",3,29,503,249,254
050,55,095,"Wisconsin","Polk County",3,30,444,222,222
050,55,095,"Wisconsin","Polk County",3,31,452,216,236
050,55,095,"Wisconsin","Polk County",3,32,417,213,204
050,55,095,"Wisconsin","Polk County",3,33,436,221,215
050,55,095,"Wisconsin","Polk County",3,34,447,215,232
050,55,095,"Wisconsin","Polk County",3,35,476,246,230
050,55,095,"Wisconsin","Polk County",3,36,504,265,239
050,55,095,"Wisconsin","Polk County",3,37,528,257,271
050,55,095,"Wisconsin","Polk County",3,38,566,297,269
050,55,095,"Wisconsin","Polk County",3,39,585,317,268
050,55,095,"Wisconsin","Polk County",3,40,548,287,261
050,55,095,"Wisconsin","Polk County",3,41,536,267,269
050,55,095,"Wisconsin","Polk County",3,42,521,261,260
050,55,095,"Wisconsin","Polk County",3,43,521,266,255
050,55,095,"Wisconsin","Polk County",3,44,520,265,255
050,55,095,"Wisconsin","Polk County",3,45,493,252,241
050,55,095,"Wisconsin","Polk County",3,46,530,278,252
050,55,095,"Wisconsin","Polk County",3,47,507,253,254
050,55,095,"Wisconsin","Polk County",3,48,519,246,273
050,55,095,"Wisconsin","Polk County",3,49,560,284,276
050,55,095,"Wisconsin","Polk County",3,50,612,316,296
050,55,095,"Wisconsin","Polk County",3,51,616,326,290
050,55,095,"Wisconsin","Polk County",3,52,599,314,285
050,55,095,"Wisconsin","Polk County",3,53,593,314,279
050,55,095,"Wisconsin","Polk County",3,54,638,330,308
050,55,095,"Wisconsin","Polk County",3,55,696,367,329
050,55,095,"Wisconsin","Polk County",3,56,753,396,357
050,55,095,"Wisconsin","Polk County",3,57,799,389,410
050,55,095,"Wisconsin","Polk County",3,58,803,392,411
050,55,095,"Wisconsin","Polk County",3,59,816,414,402
050,55,095,"Wisconsin","Polk County",3,60,810,414,396
050,55,095,"Wisconsin","Polk County",3,61,782,402,380
050,55,095,"Wisconsin","Polk County",3,62,779,401,378
050,55,095,"Wisconsin","Polk County",3,63,766,393,373
050,55,095,"Wisconsin","Polk County",3,64,772,388,384
050,55,095,"Wisconsin","Polk County",3,65,713,368,345
050,55,095,"Wisconsin","Polk County",3,66,742,367,375
050,55,095,"Wisconsin","Polk County",3,67,712,360,352
050,55,095,"Wisconsin","Polk County",3,68,683,363,320
050,55,095,"Wisconsin","Polk County",3,69,646,339,307
050,55,095,"Wisconsin","Polk County",3,70,587,297,290
050,55,095,"Wisconsin","Polk County",3,71,555,277,278
050,55,095,"Wisconsin","Polk County",3,72,534,280,254
050,55,095,"Wisconsin","Polk County",3,73,484,247,237
050,55,095,"Wisconsin","Polk County",3,74,492,247,245
050,55,095,"Wisconsin","Polk County",3,75,363,181,182
050,55,095,"Wisconsin","Polk County",3,76,353,175,178
050,55,095,"Wisconsin","Polk County",3,77,334,166,168
050,55,095,"Wisconsin","Polk County",3,78,362,185,177
050,55,095,"Wisconsin","Polk County",3,79,295,137,158
050,55,095,"Wisconsin","Polk County",3,80,254,115,139
050,55,095,"Wisconsin","Polk County",3,81,255,117,138
050,55,095,"Wisconsin","Polk County",3,82,239,115,124
050,55,095,"Wisconsin","Polk County",3,83,226,109,117
050,55,095,"Wisconsin","Polk County",3,84,186,86,100
050,55,095,"Wisconsin","Polk County",3,85,969,381,588
050,55,095,"Wisconsin","Polk County",4,0,399,206,193
050,55,095,"Wisconsin","Polk County",4,1,359,191,168
050,55,095,"Wisconsin","Polk County",4,2,444,248,196
050,55,095,"Wisconsin","Polk County",4,3,381,213,168
050,55,095,"Wisconsin","Polk County",4,4,426,206,220
050,55,095,"Wisconsin","Polk County",4,5,477,233,244
050,55,095,"Wisconsin","Polk County",4,6,483,242,241
050,55,095,"Wisconsin","Polk County",4,7,481,244,237
050,55,095,"Wisconsin","Polk County",4,8,492,263,229
050,55,095,"Wisconsin","Polk County",4,9,484,262,222
050,55,095,"Wisconsin","Polk County",4,10,494,241,253
050,55,095,"Wisconsin","Polk County",4,11,497,256,241
050,55,095,"Wisconsin","Polk County",4,12,575,306,269
050,55,095,"Wisconsin","Polk County",4,13,599,319,280
050,55,095,"Wisconsin","Polk County",4,14,581,300,281
050,55,095,"Wisconsin","Polk County",4,15,617,303,314
050,55,095,"Wisconsin","Polk County",4,16,644,331,313
050,55,095,"Wisconsin","Polk County",4,17,606,315,291
050,55,095,"Wisconsin","Polk County",4,18,516,282,234
050,55,095,"Wisconsin","Polk County",4,19,377,209,168
050,55,095,"Wisconsin","Polk County",4,20,392,215,177
050,55,095,"Wisconsin","Polk County",4,21,426,225,201
050,55,095,"Wisconsin","Polk County",4,22,427,230,197
050,55,095,"Wisconsin","Polk County",4,23,435,222,213
050,55,095,"Wisconsin","Polk County",4,24,421,231,190
050,55,095,"Wisconsin","Polk County",4,25,442,218,224
050,55,095,"Wisconsin","Polk County",4,26,427,219,208
050,55,095,"Wisconsin","Polk County",4,27,441,230,211
050,55,095,"Wisconsin","Polk County",4,28,470,244,226
050,55,095,"Wisconsin","Polk County",4,29,480,238,242
050,55,095,"Wisconsin","Polk County",4,30,506,252,254
050,55,095,"Wisconsin","Polk County",4,31,465,230,235
050,55,095,"Wisconsin","Polk County",4,32,455,218,237
050,55,095,"Wisconsin","Polk County",4,33,441,228,213
050,55,095,"Wisconsin","Polk County",4,34,438,228,210
050,55,095,"Wisconsin","Polk County",4,35,452,214,238
050,55,095,"Wisconsin","Polk County",4,36,480,250,230
050,55,095,"Wisconsin","Polk County",4,37,517,271,246
050,55,095,"Wisconsin","Polk County",4,38,539,267,272
050,55,095,"Wisconsin","Polk County",4,39,595,318,277
050,55,095,"Wisconsin","Polk County",4,40,591,319,272
050,55,095,"Wisconsin","Polk County",4,41,564,285,279
050,55,095,"Wisconsin","Polk County",4,42,536,274,262
050,55,095,"Wisconsin","Polk County",4,43,535,260,275
050,55,095,"Wisconsin","Polk County",4,44,532,268,264
050,55,095,"Wisconsin","Polk County",4,45,524,270,254
050,55,095,"Wisconsin","Polk County",4,46,521,271,250
050,55,095,"Wisconsin","Polk County",4,47,527,270,257
050,55,095,"Wisconsin","Polk County",4,48,535,263,272
050,55,095,"Wisconsin","Polk County",4,49,528,255,273
050,55,095,"Wisconsin","Polk County",4,50,550,270,280
050,55,095,"Wisconsin","Polk County",4,51,609,320,289
050,55,095,"Wisconsin","Polk County",4,52,612,322,290
050,55,095,"Wisconsin","Polk County",4,53,608,315,293
050,55,095,"Wisconsin","Polk County",4,54,605,320,285
050,55,095,"Wisconsin","Polk County",4,55,653,333,320
050,55,095,"Wisconsin","Polk County",4,56,689,361,328
050,55,095,"Wisconsin","Polk County",4,57,762,397,365
050,55,095,"Wisconsin","Polk County",4,58,804,386,418
050,55,095,"Wisconsin","Polk County",4,59,793,388,405
050,55,095,"Wisconsin","Polk County",4,60,815,411,404
050,55,095,"Wisconsin","Polk County",4,61,830,419,411
050,55,095,"Wisconsin","Polk County",4,62,780,403,377
050,55,095,"Wisconsin","Polk County",4,63,789,405,384
050,55,095,"Wisconsin","Polk County",4,64,784,401,383
050,55,095,"Wisconsin","Polk County",4,65,786,402,384
050,55,095,"Wisconsin","Polk County",4,66,705,371,334
050,55,095,"Wisconsin","Polk County",4,67,724,354,370
050,55,095,"Wisconsin","Polk County",4,68,706,358,348
050,55,095,"Wisconsin","Polk County",4,69,668,356,312
050,55,095,"Wisconsin","Polk County",4,70,642,333,309
050,55,095,"Wisconsin","Polk County",4,71,578,292,286
050,55,095,"Wisconsin","Polk County",4,72,547,271,276
050,55,095,"Wisconsin","Polk County",4,73,513,272,241
050,55,095,"Wisconsin","Polk County",4,74,476,237,239
050,55,095,"Wisconsin","Polk County",4,75,475,236,239
050,55,095,"Wisconsin","Polk County",4,76,347,167,180
050,55,095,"Wisconsin","Polk County",4,77,331,159,172
050,55,095,"Wisconsin","Polk County",4,78,324,159,165
050,55,095,"Wisconsin","Polk County",4,79,352,179,173
050,55,095,"Wisconsin","Polk County",4,80,278,126,152
050,55,095,"Wisconsin","Polk County",4,81,235,108,127
050,55,095,"Wisconsin","Polk County",4,82,242,105,137
050,55,095,"Wisconsin","Polk County",4,83,227,110,117
050,55,095,"Wisconsin","Polk County",4,84,191,96,95
050,55,095,"Wisconsin","Polk County",4,85,942,386,556
050,55,095,"Wisconsin","Polk County",5,0,395,206,189
050,55,095,"Wisconsin","Polk County",5,1,406,218,188
050,55,095,"Wisconsin","Polk County",5,2,378,211,167
050,55,095,"Wisconsin","Polk County",5,3,448,246,202
050,55,095,"Wisconsin","Polk County",5,4,403,221,182
050,55,095,"Wisconsin","Polk County",5,5,446,220,226
050,55,095,"Wisconsin","Polk County",5,6,480,238,242
050,55,095,"Wisconsin","Polk County",5,7,491,241,250
050,55,095,"Wisconsin","Polk County",5,8,488,245,243
050,55,095,"Wisconsin","Polk County",5,9,496,266,230
050,55,095,"Wisconsin","Polk County",5,10,484,263,221
050,55,095,"Wisconsin","Polk County",5,11,496,240,256
050,55,095,"Wisconsin","Polk County",5,12,511,261,250
050,55,095,"Wisconsin","Polk County",5,13,571,306,265
050,55,095,"Wisconsin","Polk County",5,14,620,330,290
050,55,095,"Wisconsin","Polk County",5,15,589,309,280
050,55,095,"Wisconsin","Polk County",5,16,641,312,329
050,55,095,"Wisconsin","Polk County",5,17,629,327,302
050,55,095,"Wisconsin","Polk County",5,18,500,265,235
050,55,095,"Wisconsin","Polk County",5,19,381,206,175
050,55,095,"Wisconsin","Polk County",5,20,406,225,181
050,55,095,"Wisconsin","Polk County",5,21,404,222,182
050,55,095,"Wisconsin","Polk County",5,22,436,226,210
050,55,095,"Wisconsin","Polk County",5,23,419,227,192
050,55,095,"Wisconsin","Polk County",5,24,424,221,203
050,55,095,"Wisconsin","Polk County",5,25,434,234,200
050,55,095,"Wisconsin","Polk County",5,26,452,220,232
050,55,095,"Wisconsin","Polk County",5,27,436,229,207
050,55,095,"Wisconsin","Polk County",5,28,465,255,210
050,55,095,"Wisconsin","Polk County",5,29,461,226,235
050,55,095,"Wisconsin","Polk County",5,30,474,225,249
050,55,095,"Wisconsin","Polk County",5,31,527,255,272
050,55,095,"Wisconsin","Polk County",5,32,491,249,242
050,55,095,"Wisconsin","Polk County",5,33,485,227,258
050,55,095,"Wisconsin","Polk County",5,34,455,236,219
050,55,095,"Wisconsin","Polk County",5,35,439,228,211
050,55,095,"Wisconsin","Polk County",5,36,479,232,247
050,55,095,"Wisconsin","Polk County",5,37,482,250,232
050,55,095,"Wisconsin","Polk County",5,38,524,271,253
050,55,095,"Wisconsin","Polk County",5,39,557,279,278
050,55,095,"Wisconsin","Polk County",5,40,597,323,274
050,55,095,"Wisconsin","Polk County",5,41,589,314,275
050,55,095,"Wisconsin","Polk County",5,42,559,283,276
050,55,095,"Wisconsin","Polk County",5,43,550,277,273
050,55,095,"Wisconsin","Polk County",5,44,529,257,272
050,55,095,"Wisconsin","Polk County",5,45,533,269,264
050,55,095,"Wisconsin","Polk County",5,46,542,286,256
050,55,095,"Wisconsin","Polk County",5,47,507,259,248
050,55,095,"Wisconsin","Polk County",5,48,552,277,275
050,55,095,"Wisconsin","Polk County",5,49,536,272,264
050,55,095,"Wisconsin","Polk County",5,50,514,246,268
050,55,095,"Wisconsin","Polk County",5,51,559,281,278
050,55,095,"Wisconsin","Polk County",5,52,622,322,300
050,55,095,"Wisconsin","Polk County",5,53,636,335,301
050,55,095,"Wisconsin","Polk County",5,54,633,319,314
050,55,095,"Wisconsin","Polk County",5,55,608,322,286
050,55,095,"Wisconsin","Polk County",5,56,656,333,323
050,55,095,"Wisconsin","Polk County",5,57,715,376,339
050,55,095,"Wisconsin","Polk County",5,58,774,400,374
050,55,095,"Wisconsin","Polk County",5,59,820,401,419
050,55,095,"Wisconsin","Polk County",5,60,778,386,392
050,55,095,"Wisconsin","Polk County",5,61,830,423,407
050,55,095,"Wisconsin","Polk County",5,62,831,421,410
050,55,095,"Wisconsin","Polk County",5,63,772,394,378
050,55,095,"Wisconsin","Polk County",5,64,787,403,384
050,55,095,"Wisconsin","Polk County",5,65,788,402,386
050,55,095,"Wisconsin","Polk County",5,66,793,408,385
050,55,095,"Wisconsin","Polk County",5,67,700,364,336
050,55,095,"Wisconsin","Polk County",5,68,717,353,364
050,55,095,"Wisconsin","Polk County",5,69,682,346,336
050,55,095,"Wisconsin","Polk County",5,70,654,347,307
050,55,095,"Wisconsin","Polk County",5,71,635,329,306
050,55,095,"Wisconsin","Polk County",5,72,572,290,282
050,55,095,"Wisconsin","Polk County",5,73,525,262,263
050,55,095,"Wisconsin","Polk County",5,74,501,262,239
050,55,095,"Wisconsin","Polk County",5,75,456,223,233
050,55,095,"Wisconsin","Polk County",5,76,457,220,237
050,55,095,"Wisconsin","Polk County",5,77,321,152,169
050,55,095,"Wisconsin","Polk County",5,78,322,156,166
050,55,095,"Wisconsin","Polk County",5,79,322,156,166
050,55,095,"Wisconsin","Polk County",5,80,334,171,163
050,55,095,"Wisconsin","Polk County",5,81,266,123,143
050,55,095,"Wisconsin","Polk County",5,82,213,92,121
050,55,095,"Wisconsin","Polk County",5,83,226,100,126
050,55,095,"Wisconsin","Polk County",5,84,194,99,95
050,55,095,"Wisconsin","Polk County",5,85,952,401,551
050,55,097,"Wisconsin","Portage County",1,0,624,325,299
050,55,097,"Wisconsin","Portage County",1,1,669,352,317
050,55,097,"Wisconsin","Portage County",1,2,699,339,360
050,55,097,"Wisconsin","Portage County",1,3,684,349,335
050,55,097,"Wisconsin","Portage County",1,4,721,373,348
050,55,097,"Wisconsin","Portage County",1,5,739,380,359
050,55,097,"Wisconsin","Portage County",1,6,703,356,347
050,55,097,"Wisconsin","Portage County",1,7,730,381,349
050,55,097,"Wisconsin","Portage County",1,8,738,377,361
050,55,097,"Wisconsin","Portage County",1,9,747,376,371
050,55,097,"Wisconsin","Portage County",1,10,800,442,358
050,55,097,"Wisconsin","Portage County",1,11,802,417,385
050,55,097,"Wisconsin","Portage County",1,12,792,427,365
050,55,097,"Wisconsin","Portage County",1,13,827,455,372
050,55,097,"Wisconsin","Portage County",1,14,847,444,403
050,55,097,"Wisconsin","Portage County",1,15,801,414,387
050,55,097,"Wisconsin","Portage County",1,16,824,432,392
050,55,097,"Wisconsin","Portage County",1,17,799,419,380
050,55,097,"Wisconsin","Portage County",1,18,1189,561,628
050,55,097,"Wisconsin","Portage County",1,19,1911,949,962
050,55,097,"Wisconsin","Portage County",1,20,1795,946,849
050,55,097,"Wisconsin","Portage County",1,21,1821,865,956
050,55,097,"Wisconsin","Portage County",1,22,1787,948,839
050,55,097,"Wisconsin","Portage County",1,23,1418,760,658
050,55,097,"Wisconsin","Portage County",1,24,1101,636,465
050,55,097,"Wisconsin","Portage County",1,25,978,504,474
050,55,097,"Wisconsin","Portage County",1,26,945,501,444
050,55,097,"Wisconsin","Portage County",1,27,882,467,415
050,55,097,"Wisconsin","Portage County",1,28,831,434,397
050,55,097,"Wisconsin","Portage County",1,29,781,399,382
050,55,097,"Wisconsin","Portage County",1,30,800,430,370
050,55,097,"Wisconsin","Portage County",1,31,798,440,358
050,55,097,"Wisconsin","Portage County",1,32,782,418,364
050,55,097,"Wisconsin","Portage County",1,33,763,396,367
050,55,097,"Wisconsin","Portage County",1,34,784,396,388
050,55,097,"Wisconsin","Portage County",1,35,803,424,379
050,55,097,"Wisconsin","Portage County",1,36,812,421,391
050,55,097,"Wisconsin","Portage County",1,37,826,431,395
050,55,097,"Wisconsin","Portage County",1,38,829,435,394
050,55,097,"Wisconsin","Portage County",1,39,819,438,381
050,55,097,"Wisconsin","Portage County",1,40,826,429,397
050,55,097,"Wisconsin","Portage County",1,41,809,412,397
050,55,097,"Wisconsin","Portage County",1,42,801,406,395
050,55,097,"Wisconsin","Portage County",1,43,742,359,383
050,55,097,"Wisconsin","Portage County",1,44,723,375,348
050,55,097,"Wisconsin","Portage County",1,45,756,404,352
050,55,097,"Wisconsin","Portage County",1,46,720,362,358
050,55,097,"Wisconsin","Portage County",1,47,684,352,332
050,55,097,"Wisconsin","Portage County",1,48,733,395,338
050,55,097,"Wisconsin","Portage County",1,49,815,444,371
050,55,097,"Wisconsin","Portage County",1,50,789,413,376
050,55,097,"Wisconsin","Portage County",1,51,790,392,398
050,55,097,"Wisconsin","Portage County",1,52,804,408,396
050,55,097,"Wisconsin","Portage County",1,53,844,423,421
050,55,097,"Wisconsin","Portage County",1,54,908,456,452
050,55,097,"Wisconsin","Portage County",1,55,940,488,452
050,55,097,"Wisconsin","Portage County",1,56,955,492,463
050,55,097,"Wisconsin","Portage County",1,57,957,487,470
050,55,097,"Wisconsin","Portage County",1,58,1010,517,493
050,55,097,"Wisconsin","Portage County",1,59,1011,504,507
050,55,097,"Wisconsin","Portage County",1,60,960,485,475
050,55,097,"Wisconsin","Portage County",1,61,935,472,463
050,55,097,"Wisconsin","Portage County",1,62,932,468,464
050,55,097,"Wisconsin","Portage County",1,63,906,462,444
050,55,097,"Wisconsin","Portage County",1,64,884,435,449
050,55,097,"Wisconsin","Portage County",1,65,859,435,424
050,55,097,"Wisconsin","Portage County",1,66,873,435,438
050,55,097,"Wisconsin","Portage County",1,67,835,412,423
050,55,097,"Wisconsin","Portage County",1,68,857,429,428
050,55,097,"Wisconsin","Portage County",1,69,746,378,368
050,55,097,"Wisconsin","Portage County",1,70,700,358,342
050,55,097,"Wisconsin","Portage County",1,71,722,367,355
050,55,097,"Wisconsin","Portage County",1,72,700,367,333
050,55,097,"Wisconsin","Portage County",1,73,689,330,359
050,55,097,"Wisconsin","Portage County",1,74,440,213,227
050,55,097,"Wisconsin","Portage County",1,75,422,203,219
050,55,097,"Wisconsin","Portage County",1,76,438,203,235
050,55,097,"Wisconsin","Portage County",1,77,461,212,249
050,55,097,"Wisconsin","Portage County",1,78,397,186,211
050,55,097,"Wisconsin","Portage County",1,79,349,142,207
050,55,097,"Wisconsin","Portage County",1,80,316,141,175
050,55,097,"Wisconsin","Portage County",1,81,329,155,174
050,55,097,"Wisconsin","Portage County",1,82,284,134,150
050,55,097,"Wisconsin","Portage County",1,83,262,122,140
050,55,097,"Wisconsin","Portage County",1,84,222,108,114
050,55,097,"Wisconsin","Portage County",1,85,1235,431,804
050,55,097,"Wisconsin","Portage County",2,0,627,325,302
050,55,097,"Wisconsin","Portage County",2,1,662,346,316
050,55,097,"Wisconsin","Portage County",2,2,694,344,350
050,55,097,"Wisconsin","Portage County",2,3,686,346,340
050,55,097,"Wisconsin","Portage County",2,4,716,369,347
050,55,097,"Wisconsin","Portage County",2,5,732,377,355
050,55,097,"Wisconsin","Portage County",2,6,715,365,350
050,55,097,"Wisconsin","Portage County",2,7,722,375,347
050,55,097,"Wisconsin","Portage County",2,8,735,377,358
050,55,097,"Wisconsin","Portage County",2,9,747,378,369
050,55,097,"Wisconsin","Portage County",2,10,789,425,364
050,55,097,"Wisconsin","Portage County",2,11,794,418,376
050,55,097,"Wisconsin","Portage County",2,12,800,427,373
050,55,097,"Wisconsin","Portage County",2,13,818,448,370
050,55,097,"Wisconsin","Portage County",2,14,843,446,397
050,55,097,"Wisconsin","Portage County",2,15,814,422,392
050,55,097,"Wisconsin","Portage County",2,16,814,427,387
050,55,097,"Wisconsin","Portage County",2,17,808,423,385
050,55,097,"Wisconsin","Portage County",2,18,1180,563,617
050,55,097,"Wisconsin","Portage County",2,19,1900,942,958
050,55,097,"Wisconsin","Portage County",2,20,1817,955,862
050,55,097,"Wisconsin","Portage County",2,21,1827,872,955
050,55,097,"Wisconsin","Portage County",2,22,1765,938,827
050,55,097,"Wisconsin","Portage County",2,23,1407,751,656
050,55,097,"Wisconsin","Portage County",2,24,1107,635,472
050,55,097,"Wisconsin","Portage County",2,25,974,508,466
050,55,097,"Wisconsin","Portage County",2,26,943,500,443
050,55,097,"Wisconsin","Portage County",2,27,884,465,419
050,55,097,"Wisconsin","Portage County",2,28,841,440,401
050,55,097,"Wisconsin","Portage County",2,29,795,407,388
050,55,097,"Wisconsin","Portage County",2,30,798,425,373
050,55,097,"Wisconsin","Portage County",2,31,798,437,361
050,55,097,"Wisconsin","Portage County",2,32,783,421,362
050,55,097,"Wisconsin","Portage County",2,33,766,399,367
050,55,097,"Wisconsin","Portage County",2,34,784,401,383
050,55,097,"Wisconsin","Portage County",2,35,807,420,387
050,55,097,"Wisconsin","Portage County",2,36,804,421,383
050,55,097,"Wisconsin","Portage County",2,37,825,429,396
050,55,097,"Wisconsin","Portage County",2,38,829,434,395
050,55,097,"Wisconsin","Portage County",2,39,820,437,383
050,55,097,"Wisconsin","Portage County",2,40,829,434,395
050,55,097,"Wisconsin","Portage County",2,41,811,415,396
050,55,097,"Wisconsin","Portage County",2,42,801,406,395
050,55,097,"Wisconsin","Portage County",2,43,765,376,389
050,55,097,"Wisconsin","Portage County",2,44,723,369,354
050,55,097,"Wisconsin","Portage County",2,45,753,399,354
050,55,097,"Wisconsin","Portage County",2,46,725,370,355
050,55,097,"Wisconsin","Portage County",2,47,691,354,337
050,55,097,"Wisconsin","Portage County",2,48,716,381,335
050,55,097,"Wisconsin","Portage County",2,49,796,434,362
050,55,097,"Wisconsin","Portage County",2,50,797,422,375
050,55,097,"Wisconsin","Portage County",2,51,786,395,391
050,55,097,"Wisconsin","Portage County",2,52,795,401,394
050,55,097,"Wisconsin","Portage County",2,53,831,419,412
050,55,097,"Wisconsin","Portage County",2,54,892,447,445
050,55,097,"Wisconsin","Portage County",2,55,928,477,451
050,55,097,"Wisconsin","Portage County",2,56,953,491,462
050,55,097,"Wisconsin","Portage County",2,57,955,487,468
050,55,097,"Wisconsin","Portage County",2,58,999,510,489
050,55,097,"Wisconsin","Portage County",2,59,1016,509,507
050,55,097,"Wisconsin","Portage County",2,60,966,486,480
050,55,097,"Wisconsin","Portage County",2,61,938,471,467
050,55,097,"Wisconsin","Portage County",2,62,928,468,460
050,55,097,"Wisconsin","Portage County",2,63,921,470,451
050,55,097,"Wisconsin","Portage County",2,64,878,436,442
050,55,097,"Wisconsin","Portage County",2,65,865,434,431
050,55,097,"Wisconsin","Portage County",2,66,871,436,435
050,55,097,"Wisconsin","Portage County",2,67,842,417,425
050,55,097,"Wisconsin","Portage County",2,68,844,422,422
050,55,097,"Wisconsin","Portage County",2,69,778,392,386
050,55,097,"Wisconsin","Portage County",2,70,707,359,348
050,55,097,"Wisconsin","Portage County",2,71,716,362,354
050,55,097,"Wisconsin","Portage County",2,72,693,360,333
050,55,097,"Wisconsin","Portage County",2,73,724,354,370
050,55,097,"Wisconsin","Portage County",2,74,465,225,240
050,55,097,"Wisconsin","Portage County",2,75,429,206,223
050,55,097,"Wisconsin","Portage County",2,76,430,201,229
050,55,097,"Wisconsin","Portage County",2,77,470,217,253
050,55,097,"Wisconsin","Portage County",2,78,403,188,215
050,55,097,"Wisconsin","Portage County",2,79,352,151,201
050,55,097,"Wisconsin","Portage County",2,80,319,139,180
050,55,097,"Wisconsin","Portage County",2,81,322,149,173
050,55,097,"Wisconsin","Portage County",2,82,293,138,155
050,55,097,"Wisconsin","Portage County",2,83,261,121,140
050,55,097,"Wisconsin","Portage County",2,84,225,110,115
050,55,097,"Wisconsin","Portage County",2,85,1233,431,802
050,55,097,"Wisconsin","Portage County",3,0,605,307,298
050,55,097,"Wisconsin","Portage County",3,1,618,336,282
050,55,097,"Wisconsin","Portage County",3,2,670,354,316
050,55,097,"Wisconsin","Portage County",3,3,705,350,355
050,55,097,"Wisconsin","Portage County",3,4,685,345,340
050,55,097,"Wisconsin","Portage County",3,5,737,386,351
050,55,097,"Wisconsin","Portage County",3,6,749,393,356
050,55,097,"Wisconsin","Portage County",3,7,710,365,345
050,55,097,"Wisconsin","Portage County",3,8,737,378,359
050,55,097,"Wisconsin","Portage County",3,9,735,372,363
050,55,097,"Wisconsin","Portage County",3,10,765,389,376
050,55,097,"Wisconsin","Portage County",3,11,792,427,365
050,55,097,"Wisconsin","Portage County",3,12,790,420,370
050,55,097,"Wisconsin","Portage County",3,13,810,436,374
050,55,097,"Wisconsin","Portage County",3,14,823,443,380
050,55,097,"Wisconsin","Portage County",3,15,840,443,397
050,55,097,"Wisconsin","Portage County",3,16,827,429,398
050,55,097,"Wisconsin","Portage County",3,17,811,419,392
050,55,097,"Wisconsin","Portage County",3,18,991,493,498
050,55,097,"Wisconsin","Portage County",3,19,1444,730,714
050,55,097,"Wisconsin","Portage County",3,20,1565,817,748
050,55,097,"Wisconsin","Portage County",3,21,1798,850,948
050,55,097,"Wisconsin","Portage County",3,22,1716,906,810
050,55,097,"Wisconsin","Portage County",3,23,1392,746,646
050,55,097,"Wisconsin","Portage County",3,24,1077,622,455
050,55,097,"Wisconsin","Portage County",3,25,964,503,461
050,55,097,"Wisconsin","Portage County",3,26,896,484,412
050,55,097,"Wisconsin","Portage County",3,27,890,446,444
050,55,097,"Wisconsin","Portage County",3,28,851,434,417
050,55,097,"Wisconsin","Portage County",3,29,837,429,408
050,55,097,"Wisconsin","Portage County",3,30,794,404,390
050,55,097,"Wisconsin","Portage County",3,31,779,410,369
050,55,097,"Wisconsin","Portage County",3,32,813,451,362
050,55,097,"Wisconsin","Portage County",3,33,800,439,361
050,55,097,"Wisconsin","Portage County",3,34,767,401,366
050,55,097,"Wisconsin","Portage County",3,35,793,406,387
050,55,097,"Wisconsin","Portage County",3,36,807,420,387
050,55,097,"Wisconsin","Portage County",3,37,810,416,394
050,55,097,"Wisconsin","Portage County",3,38,818,420,398
050,55,097,"Wisconsin","Portage County",3,39,840,444,396
050,55,097,"Wisconsin","Portage County",3,40,832,444,388
050,55,097,"Wisconsin","Portage County",3,41,818,428,390
050,55,097,"Wisconsin","Portage County",3,42,815,410,405
050,55,097,"Wisconsin","Portage County",3,43,816,413,403
050,55,097,"Wisconsin","Portage County",3,44,765,379,386
050,55,097,"Wisconsin","Portage County",3,45,721,365,356
050,55,097,"Wisconsin","Portage County",3,46,753,398,355
050,55,097,"Wisconsin","Portage County",3,47,731,370,361
050,55,097,"Wisconsin","Portage County",3,48,674,337,337
050,55,097,"Wisconsin","Portage County",3,49,706,374,332
050,55,097,"Wisconsin","Portage County",3,50,779,430,349
050,55,097,"Wisconsin","Portage County",3,51,784,408,376
050,55,097,"Wisconsin","Portage County",3,52,770,383,387
050,55,097,"Wisconsin","Portage County",3,53,797,408,389
050,55,097,"Wisconsin","Portage County",3,54,830,410,420
050,55,097,"Wisconsin","Portage County",3,55,878,435,443
050,55,097,"Wisconsin","Portage County",3,56,935,481,454
050,55,097,"Wisconsin","Portage County",3,57,936,484,452
050,55,097,"Wisconsin","Portage County",3,58,952,484,468
050,55,097,"Wisconsin","Portage County",3,59,976,497,479
050,55,097,"Wisconsin","Portage County",3,60,1014,508,506
050,55,097,"Wisconsin","Portage County",3,61,979,496,483
050,55,097,"Wisconsin","Portage County",3,62,914,451,463
050,55,097,"Wisconsin","Portage County",3,63,917,457,460
050,55,097,"Wisconsin","Portage County",3,64,920,465,455
050,55,097,"Wisconsin","Portage County",3,65,881,440,441
050,55,097,"Wisconsin","Portage County",3,66,853,427,426
050,55,097,"Wisconsin","Portage County",3,67,858,427,431
050,55,097,"Wisconsin","Portage County",3,68,840,414,426
050,55,097,"Wisconsin","Portage County",3,69,836,414,422
050,55,097,"Wisconsin","Portage County",3,70,776,394,382
050,55,097,"Wisconsin","Portage County",3,71,702,346,356
050,55,097,"Wisconsin","Portage County",3,72,697,349,348
050,55,097,"Wisconsin","Portage County",3,73,681,352,329
050,55,097,"Wisconsin","Portage County",3,74,696,343,353
050,55,097,"Wisconsin","Portage County",3,75,454,219,235
050,55,097,"Wisconsin","Portage County",3,76,402,193,209
050,55,097,"Wisconsin","Portage County",3,77,430,202,228
050,55,097,"Wisconsin","Portage County",3,78,443,200,243
050,55,097,"Wisconsin","Portage County",3,79,376,174,202
050,55,097,"Wisconsin","Portage County",3,80,336,144,192
050,55,097,"Wisconsin","Portage County",3,81,316,133,183
050,55,097,"Wisconsin","Portage County",3,82,297,139,158
050,55,097,"Wisconsin","Portage County",3,83,263,118,145
050,55,097,"Wisconsin","Portage County",3,84,233,109,124
050,55,097,"Wisconsin","Portage County",3,85,1200,430,770
050,55,097,"Wisconsin","Portage County",4,0,599,312,287
050,55,097,"Wisconsin","Portage County",4,1,617,324,293
050,55,097,"Wisconsin","Portage County",4,2,618,327,291
050,55,097,"Wisconsin","Portage County",4,3,684,367,317
050,55,097,"Wisconsin","Portage County",4,4,712,354,358
050,55,097,"Wisconsin","Portage County",4,5,686,347,339
050,55,097,"Wisconsin","Portage County",4,6,726,385,341
050,55,097,"Wisconsin","Portage County",4,7,747,393,354
050,55,097,"Wisconsin","Portage County",4,8,726,377,349
050,55,097,"Wisconsin","Portage County",4,9,733,378,355
050,55,097,"Wisconsin","Portage County",4,10,748,385,363
050,55,097,"Wisconsin","Portage County",4,11,784,393,391
050,55,097,"Wisconsin","Portage County",4,12,784,423,361
050,55,097,"Wisconsin","Portage County",4,13,800,416,384
050,55,097,"Wisconsin","Portage County",4,14,826,440,386
050,55,097,"Wisconsin","Portage County",4,15,835,441,394
050,55,097,"Wisconsin","Portage County",4,16,845,448,397
050,55,097,"Wisconsin","Portage County",4,17,830,424,406
050,55,097,"Wisconsin","Portage County",4,18,1199,572,627
050,55,097,"Wisconsin","Portage County",4,19,1895,949,946
050,55,097,"Wisconsin","Portage County",4,20,1784,931,853
050,55,097,"Wisconsin","Portage County",4,21,1939,913,1026
050,55,097,"Wisconsin","Portage County",4,22,1803,936,867
050,55,097,"Wisconsin","Portage County",4,23,1374,719,655
050,55,097,"Wisconsin","Portage County",4,24,1088,627,461
050,55,097,"Wisconsin","Portage County",4,25,919,505,414
050,55,097,"Wisconsin","Portage County",4,26,932,496,436
050,55,097,"Wisconsin","Portage County",4,27,851,447,404
050,55,097,"Wisconsin","Portage County",4,28,872,433,439
050,55,097,"Wisconsin","Portage County",4,29,819,419,400
050,55,097,"Wisconsin","Portage County",4,30,819,422,397
050,55,097,"Wisconsin","Portage County",4,31,760,372,388
050,55,097,"Wisconsin","Portage County",4,32,786,409,377
050,55,097,"Wisconsin","Portage County",4,33,818,453,365
050,55,097,"Wisconsin","Portage County",4,34,782,425,357
050,55,097,"Wisconsin","Portage County",4,35,788,404,384
050,55,097,"Wisconsin","Portage County",4,36,790,403,387
050,55,097,"Wisconsin","Portage County",4,37,821,429,392
050,55,097,"Wisconsin","Portage County",4,38,813,420,393
050,55,097,"Wisconsin","Portage County",4,39,836,433,403
050,55,097,"Wisconsin","Portage County",4,40,834,439,395
050,55,097,"Wisconsin","Portage County",4,41,841,453,388
050,55,097,"Wisconsin","Portage County",4,42,830,431,399
050,55,097,"Wisconsin","Portage County",4,43,809,406,403
050,55,097,"Wisconsin","Portage County",4,44,831,414,417
050,55,097,"Wisconsin","Portage County",4,45,775,385,390
050,55,097,"Wisconsin","Portage County",4,46,726,370,356
050,55,097,"Wisconsin","Portage County",4,47,764,406,358
050,55,097,"Wisconsin","Portage County",4,48,717,359,358
050,55,097,"Wisconsin","Portage County",4,49,676,343,333
050,55,097,"Wisconsin","Portage County",4,50,729,390,339
050,55,097,"Wisconsin","Portage County",4,51,782,424,358
050,55,097,"Wisconsin","Portage County",4,52,793,407,386
050,55,097,"Wisconsin","Portage County",4,53,775,386,389
050,55,097,"Wisconsin","Portage County",4,54,797,415,382
050,55,097,"Wisconsin","Portage County",4,55,809,403,406
050,55,097,"Wisconsin","Portage County",4,56,865,433,432
050,55,097,"Wisconsin","Portage County",4,57,942,480,462
050,55,097,"Wisconsin","Portage County",4,58,937,484,453
050,55,097,"Wisconsin","Portage County",4,59,945,484,461
050,55,097,"Wisconsin","Portage County",4,60,972,485,487
050,55,097,"Wisconsin","Portage County",4,61,997,500,497
050,55,097,"Wisconsin","Portage County",4,62,960,489,471
050,55,097,"Wisconsin","Portage County",4,63,900,440,460
050,55,097,"Wisconsin","Portage County",4,64,918,454,464
050,55,097,"Wisconsin","Portage County",4,65,914,463,451
050,55,097,"Wisconsin","Portage County",4,66,879,438,441
050,55,097,"Wisconsin","Portage County",4,67,851,424,427
050,55,097,"Wisconsin","Portage County",4,68,853,428,425
050,55,097,"Wisconsin","Portage County",4,69,825,405,420
050,55,097,"Wisconsin","Portage County",4,70,832,401,431
050,55,097,"Wisconsin","Portage County",4,71,768,382,386
050,55,097,"Wisconsin","Portage County",4,72,685,335,350
050,55,097,"Wisconsin","Portage County",4,73,690,346,344
050,55,097,"Wisconsin","Portage County",4,74,657,344,313
050,55,097,"Wisconsin","Portage County",4,75,669,329,340
050,55,097,"Wisconsin","Portage County",4,76,431,205,226
050,55,097,"Wisconsin","Portage County",4,77,400,193,207
050,55,097,"Wisconsin","Portage County",4,78,408,192,216
050,55,097,"Wisconsin","Portage County",4,79,414,184,230
050,55,097,"Wisconsin","Portage County",4,80,352,164,188
050,55,097,"Wisconsin","Portage County",4,81,318,130,188
050,55,097,"Wisconsin","Portage County",4,82,288,117,171
050,55,097,"Wisconsin","Portage County",4,83,268,117,151
050,55,097,"Wisconsin","Portage County",4,84,235,110,125
050,55,097,"Wisconsin","Portage County",4,85,1185,437,748
050,55,097,"Wisconsin","Portage County",5,0,593,309,284
050,55,097,"Wisconsin","Portage County",5,1,618,322,296
050,55,097,"Wisconsin","Portage County",5,2,625,312,313
050,55,097,"Wisconsin","Portage County",5,3,640,340,300
050,55,097,"Wisconsin","Portage County",5,4,688,367,321
050,55,097,"Wisconsin","Portage County",5,5,741,375,366
050,55,097,"Wisconsin","Portage County",5,6,705,347,358
050,55,097,"Wisconsin","Portage County",5,7,738,392,346
050,55,097,"Wisconsin","Portage County",5,8,763,407,356
050,55,097,"Wisconsin","Portage County",5,9,722,374,348
050,55,097,"Wisconsin","Portage County",5,10,735,371,364
050,55,097,"Wisconsin","Portage County",5,11,766,386,380
050,55,097,"Wisconsin","Portage County",5,12,780,401,379
050,55,097,"Wisconsin","Portage County",5,13,802,437,365
050,55,097,"Wisconsin","Portage County",5,14,811,422,389
050,55,097,"Wisconsin","Portage County",5,15,828,452,376
050,55,097,"Wisconsin","Portage County",5,16,834,445,389
050,55,097,"Wisconsin","Portage County",5,17,860,458,402
050,55,097,"Wisconsin","Portage County",5,18,1210,584,626
050,55,097,"Wisconsin","Portage County",5,19,1898,953,945
050,55,097,"Wisconsin","Portage County",5,20,1795,935,860
050,55,097,"Wisconsin","Portage County",5,21,1848,866,982
050,55,097,"Wisconsin","Portage County",5,22,1864,954,910
050,55,097,"Wisconsin","Portage County",5,23,1455,762,693
050,55,097,"Wisconsin","Portage County",5,24,1096,620,476
050,55,097,"Wisconsin","Portage County",5,25,967,505,462
050,55,097,"Wisconsin","Portage County",5,26,918,504,414
050,55,097,"Wisconsin","Portage County",5,27,867,451,416
050,55,097,"Wisconsin","Portage County",5,28,844,448,396
050,55,097,"Wisconsin","Portage County",5,29,861,427,434
050,55,097,"Wisconsin","Portage County",5,30,821,423,398
050,55,097,"Wisconsin","Portage County",5,31,831,434,397
050,55,097,"Wisconsin","Portage County",5,32,757,372,385
050,55,097,"Wisconsin","Portage County",5,33,785,409,376
050,55,097,"Wisconsin","Portage County",5,34,810,448,362
050,55,097,"Wisconsin","Portage County",5,35,775,423,352
050,55,097,"Wisconsin","Portage County",5,36,786,403,383
050,55,097,"Wisconsin","Portage County",5,37,789,407,382
050,55,097,"Wisconsin","Portage County",5,38,826,425,401
050,55,097,"Wisconsin","Portage County",5,39,811,417,394
050,55,097,"Wisconsin","Portage County",5,40,833,438,395
050,55,097,"Wisconsin","Portage County",5,41,839,441,398
050,55,097,"Wisconsin","Portage County",5,42,848,454,394
050,55,097,"Wisconsin","Portage County",5,43,832,429,403
050,55,097,"Wisconsin","Portage County",5,44,811,399,412
050,55,097,"Wisconsin","Portage County",5,45,840,425,415
050,55,097,"Wisconsin","Portage County",5,46,781,393,388
050,55,097,"Wisconsin","Portage County",5,47,741,375,366
050,55,097,"Wisconsin","Portage County",5,48,759,396,363
050,55,097,"Wisconsin","Portage County",5,49,721,366,355
050,55,097,"Wisconsin","Portage County",5,50,666,349,317
050,55,097,"Wisconsin","Portage County",5,51,723,387,336
050,55,097,"Wisconsin","Portage County",5,52,770,406,364
050,55,097,"Wisconsin","Portage County",5,53,782,401,381
050,55,097,"Wisconsin","Portage County",5,54,778,382,396
050,55,097,"Wisconsin","Portage County",5,55,780,407,373
050,55,097,"Wisconsin","Portage County",5,56,826,413,413
050,55,097,"Wisconsin","Portage County",5,57,868,428,440
050,55,097,"Wisconsin","Portage County",5,58,956,485,471
050,55,097,"Wisconsin","Portage County",5,59,934,486,448
050,55,097,"Wisconsin","Portage County",5,60,938,476,462
050,55,097,"Wisconsin","Portage County",5,61,975,484,491
050,55,097,"Wisconsin","Portage County",5,62,984,493,491
050,55,097,"Wisconsin","Portage County",5,63,957,487,470
050,55,097,"Wisconsin","Portage County",5,64,900,441,459
050,55,097,"Wisconsin","Portage County",5,65,907,441,466
050,55,097,"Wisconsin","Portage County",5,66,905,455,450
050,55,097,"Wisconsin","Portage County",5,67,871,431,440
050,55,097,"Wisconsin","Portage County",5,68,845,425,420
050,55,097,"Wisconsin","Portage County",5,69,841,421,420
050,55,097,"Wisconsin","Portage County",5,70,822,400,422
050,55,097,"Wisconsin","Portage County",5,71,822,394,428
050,55,097,"Wisconsin","Portage County",5,72,752,372,380
050,55,097,"Wisconsin","Portage County",5,73,680,331,349
050,55,097,"Wisconsin","Portage County",5,74,687,345,342
050,55,097,"Wisconsin","Portage County",5,75,632,329,303
050,55,097,"Wisconsin","Portage County",5,76,633,304,329
050,55,097,"Wisconsin","Portage County",5,77,422,199,223
050,55,097,"Wisconsin","Portage County",5,78,382,184,198
050,55,097,"Wisconsin","Portage County",5,79,392,183,209
050,55,097,"Wisconsin","Portage County",5,80,395,180,215
050,55,097,"Wisconsin","Portage County",5,81,336,152,184
050,55,097,"Wisconsin","Portage County",5,82,294,118,176
050,55,097,"Wisconsin","Portage County",5,83,266,105,161
050,55,097,"Wisconsin","Portage County",5,84,248,113,135
050,55,097,"Wisconsin","Portage County",5,85,1187,447,740
050,55,099,"Wisconsin","Price County",1,0,111,58,53
050,55,099,"Wisconsin","Price County",1,1,111,55,56
050,55,099,"Wisconsin","Price County",1,2,117,52,65
050,55,099,"Wisconsin","Price County",1,3,124,61,63
050,55,099,"Wisconsin","Price County",1,4,128,65,63
050,55,099,"Wisconsin","Price County",1,5,119,55,64
050,55,099,"Wisconsin","Price County",1,6,137,65,72
050,55,099,"Wisconsin","Price County",1,7,134,69,65
050,55,099,"Wisconsin","Price County",1,8,136,79,57
050,55,099,"Wisconsin","Price County",1,9,123,68,55
050,55,099,"Wisconsin","Price County",1,10,142,75,67
050,55,099,"Wisconsin","Price County",1,11,135,71,64
050,55,099,"Wisconsin","Price County",1,12,152,76,76
050,55,099,"Wisconsin","Price County",1,13,157,84,73
050,55,099,"Wisconsin","Price County",1,14,168,78,90
050,55,099,"Wisconsin","Price County",1,15,163,84,79
050,55,099,"Wisconsin","Price County",1,16,168,87,81
050,55,099,"Wisconsin","Price County",1,17,176,100,76
050,55,099,"Wisconsin","Price County",1,18,154,87,67
050,55,099,"Wisconsin","Price County",1,19,120,68,52
050,55,099,"Wisconsin","Price County",1,20,119,69,50
050,55,099,"Wisconsin","Price County",1,21,114,60,54
050,55,099,"Wisconsin","Price County",1,22,107,47,60
050,55,099,"Wisconsin","Price County",1,23,111,48,63
050,55,099,"Wisconsin","Price County",1,24,112,61,51
050,55,099,"Wisconsin","Price County",1,25,122,68,54
050,55,099,"Wisconsin","Price County",1,26,110,65,45
050,55,099,"Wisconsin","Price County",1,27,102,47,55
050,55,099,"Wisconsin","Price County",1,28,105,46,59
050,55,099,"Wisconsin","Price County",1,29,109,57,52
050,55,099,"Wisconsin","Price County",1,30,115,60,55
050,55,099,"Wisconsin","Price County",1,31,102,55,47
050,55,099,"Wisconsin","Price County",1,32,98,54,44
050,55,099,"Wisconsin","Price County",1,33,97,48,49
050,55,099,"Wisconsin","Price County",1,34,116,64,52
050,55,099,"Wisconsin","Price County",1,35,124,68,56
050,55,099,"Wisconsin","Price County",1,36,111,55,56
050,55,099,"Wisconsin","Price County",1,37,121,59,62
050,55,099,"Wisconsin","Price County",1,38,135,67,68
050,55,099,"Wisconsin","Price County",1,39,134,69,65
050,55,099,"Wisconsin","Price County",1,40,140,68,72
050,55,099,"Wisconsin","Price County",1,41,155,82,73
050,55,099,"Wisconsin","Price County",1,42,163,88,75
050,55,099,"Wisconsin","Price County",1,43,153,78,75
050,55,099,"Wisconsin","Price County",1,44,146,71,75
050,55,099,"Wisconsin","Price County",1,45,156,85,71
050,55,099,"Wisconsin","Price County",1,46,139,71,68
050,55,099,"Wisconsin","Price County",1,47,164,82,82
050,55,099,"Wisconsin","Price County",1,48,182,95,87
050,55,099,"Wisconsin","Price County",1,49,193,103,90
050,55,099,"Wisconsin","Price County",1,50,177,93,84
050,55,099,"Wisconsin","Price County",1,51,176,98,78
050,55,099,"Wisconsin","Price County",1,52,188,94,94
050,55,099,"Wisconsin","Price County",1,53,193,96,97
050,55,099,"Wisconsin","Price County",1,54,209,110,99
050,55,099,"Wisconsin","Price County",1,55,248,132,116
050,55,099,"Wisconsin","Price County",1,56,266,139,127
050,55,099,"Wisconsin","Price County",1,57,255,132,123
050,55,099,"Wisconsin","Price County",1,58,252,130,122
050,55,099,"Wisconsin","Price County",1,59,265,141,124
050,55,099,"Wisconsin","Price County",1,60,267,153,114
050,55,099,"Wisconsin","Price County",1,61,280,155,125
050,55,099,"Wisconsin","Price County",1,62,294,152,142
050,55,099,"Wisconsin","Price County",1,63,287,151,136
050,55,099,"Wisconsin","Price County",1,64,279,154,125
050,55,099,"Wisconsin","Price County",1,65,274,142,132
050,55,099,"Wisconsin","Price County",1,66,279,142,137
050,55,099,"Wisconsin","Price County",1,67,269,141,128
050,55,099,"Wisconsin","Price County",1,68,257,132,125
050,55,099,"Wisconsin","Price County",1,69,238,125,113
050,55,099,"Wisconsin","Price County",1,70,227,108,119
050,55,099,"Wisconsin","Price County",1,71,211,114,97
050,55,099,"Wisconsin","Price County",1,72,215,125,90
050,55,099,"Wisconsin","Price County",1,73,180,107,73
050,55,099,"Wisconsin","Price County",1,74,127,72,55
050,55,099,"Wisconsin","Price County",1,75,135,66,69
050,55,099,"Wisconsin","Price County",1,76,140,70,70
050,55,099,"Wisconsin","Price County",1,77,143,66,77
050,55,099,"Wisconsin","Price County",1,78,116,51,65
050,55,099,"Wisconsin","Price County",1,79,107,56,51
050,55,099,"Wisconsin","Price County",1,80,100,58,42
050,55,099,"Wisconsin","Price County",1,81,109,54,55
050,55,099,"Wisconsin","Price County",1,82,97,47,50
050,55,099,"Wisconsin","Price County",1,83,88,42,46
050,55,099,"Wisconsin","Price County",1,84,68,30,38
050,55,099,"Wisconsin","Price County",1,85,401,137,264
050,55,099,"Wisconsin","Price County",2,0,110,59,51
050,55,099,"Wisconsin","Price County",2,1,110,56,54
050,55,099,"Wisconsin","Price County",2,2,118,54,64
050,55,099,"Wisconsin","Price County",2,3,120,58,62
050,55,099,"Wisconsin","Price County",2,4,127,64,63
050,55,099,"Wisconsin","Price County",2,5,123,58,65
050,55,099,"Wisconsin","Price County",2,6,132,62,70
050,55,099,"Wisconsin","Price County",2,7,135,69,66
050,55,099,"Wisconsin","Price County",2,8,135,76,59
050,55,099,"Wisconsin","Price County",2,9,126,70,56
050,55,099,"Wisconsin","Price County",2,10,138,73,65
050,55,099,"Wisconsin","Price County",2,11,136,71,65
050,55,099,"Wisconsin","Price County",2,12,151,77,74
050,55,099,"Wisconsin","Price County",2,13,155,82,73
050,55,099,"Wisconsin","Price County",2,14,162,78,84
050,55,099,"Wisconsin","Price County",2,15,163,82,81
050,55,099,"Wisconsin","Price County",2,16,167,87,80
050,55,099,"Wisconsin","Price County",2,17,176,97,79
050,55,099,"Wisconsin","Price County",2,18,153,87,66
050,55,099,"Wisconsin","Price County",2,19,120,68,52
050,55,099,"Wisconsin","Price County",2,20,121,69,52
050,55,099,"Wisconsin","Price County",2,21,115,62,53
050,55,099,"Wisconsin","Price County",2,22,109,49,60
050,55,099,"Wisconsin","Price County",2,23,110,48,62
050,55,099,"Wisconsin","Price County",2,24,110,58,52
050,55,099,"Wisconsin","Price County",2,25,118,65,53
050,55,099,"Wisconsin","Price County",2,26,111,64,47
050,55,099,"Wisconsin","Price County",2,27,101,49,52
050,55,099,"Wisconsin","Price County",2,28,104,46,58
050,55,099,"Wisconsin","Price County",2,29,111,55,56
050,55,099,"Wisconsin","Price County",2,30,116,60,56
050,55,099,"Wisconsin","Price County",2,31,106,57,49
050,55,099,"Wisconsin","Price County",2,32,99,54,45
050,55,099,"Wisconsin","Price County",2,33,97,49,48
050,55,099,"Wisconsin","Price County",2,34,111,60,51
050,55,099,"Wisconsin","Price County",2,35,123,68,55
050,55,099,"Wisconsin","Price County",2,36,114,57,57
050,55,099,"Wisconsin","Price County",2,37,119,59,60
050,55,099,"Wisconsin","Price County",2,38,131,65,66
050,55,099,"Wisconsin","Price County",2,39,132,67,65
050,55,099,"Wisconsin","Price County",2,40,138,68,70
050,55,099,"Wisconsin","Price County",2,41,150,78,72
050,55,099,"Wisconsin","Price County",2,42,159,86,73
050,55,099,"Wisconsin","Price County",2,43,156,80,76
050,55,099,"Wisconsin","Price County",2,44,146,73,73
050,55,099,"Wisconsin","Price County",2,45,152,81,71
050,55,099,"Wisconsin","Price County",2,46,140,74,66
050,55,099,"Wisconsin","Price County",2,47,159,79,80
050,55,099,"Wisconsin","Price County",2,48,180,93,87
050,55,099,"Wisconsin","Price County",2,49,192,101,91
050,55,099,"Wisconsin","Price County",2,50,184,97,87
050,55,099,"Wisconsin","Price County",2,51,177,97,80
050,55,099,"Wisconsin","Price County",2,52,183,93,90
050,55,099,"Wisconsin","Price County",2,53,191,95,96
050,55,099,"Wisconsin","Price County",2,54,205,107,98
050,55,099,"Wisconsin","Price County",2,55,237,124,113
050,55,099,"Wisconsin","Price County",2,56,263,138,125
050,55,099,"Wisconsin","Price County",2,57,259,134,125
050,55,099,"Wisconsin","Price County",2,58,254,131,123
050,55,099,"Wisconsin","Price County",2,59,264,140,124
050,55,099,"Wisconsin","Price County",2,60,266,149,117
050,55,099,"Wisconsin","Price County",2,61,275,154,121
050,55,099,"Wisconsin","Price County",2,62,293,154,139
050,55,099,"Wisconsin","Price County",2,63,295,154,141
050,55,099,"Wisconsin","Price County",2,64,278,152,126
050,55,099,"Wisconsin","Price County",2,65,274,144,130
050,55,099,"Wisconsin","Price County",2,66,281,144,137
050,55,099,"Wisconsin","Price County",2,67,271,141,130
050,55,099,"Wisconsin","Price County",2,68,259,134,125
050,55,099,"Wisconsin","Price County",2,69,245,128,117
050,55,099,"Wisconsin","Price County",2,70,228,112,116
050,55,099,"Wisconsin","Price County",2,71,213,111,102
050,55,099,"Wisconsin","Price County",2,72,208,118,90
050,55,099,"Wisconsin","Price County",2,73,198,117,81
050,55,099,"Wisconsin","Price County",2,74,131,76,55
050,55,099,"Wisconsin","Price County",2,75,134,67,67
050,55,099,"Wisconsin","Price County",2,76,136,68,68
050,55,099,"Wisconsin","Price County",2,77,143,67,76
050,55,099,"Wisconsin","Price County",2,78,119,53,66
050,55,099,"Wisconsin","Price County",2,79,108,54,54
050,55,099,"Wisconsin","Price County",2,80,100,56,44
050,55,099,"Wisconsin","Price County",2,81,104,54,50
050,55,099,"Wisconsin","Price County",2,82,100,49,51
050,55,099,"Wisconsin","Price County",2,83,89,42,47
050,55,099,"Wisconsin","Price County",2,84,71,31,40
050,55,099,"Wisconsin","Price County",2,85,402,136,266
050,55,099,"Wisconsin","Price County",3,0,85,41,44
050,55,099,"Wisconsin","Price County",3,1,107,60,47
050,55,099,"Wisconsin","Price County",3,2,112,56,56
050,55,099,"Wisconsin","Price County",3,3,123,59,64
050,55,099,"Wisconsin","Price County",3,4,125,63,62
050,55,099,"Wisconsin","Price County",3,5,125,65,60
050,55,099,"Wisconsin","Price County",3,6,117,55,62
050,55,099,"Wisconsin","Price County",3,7,129,62,67
050,55,099,"Wisconsin","Price County",3,8,137,69,68
050,55,099,"Wisconsin","Price County",3,9,137,78,59
050,55,099,"Wisconsin","Price County",3,10,125,72,53
050,55,099,"Wisconsin","Price County",3,11,148,81,67
050,55,099,"Wisconsin","Price County",3,12,138,71,67
050,55,099,"Wisconsin","Price County",3,13,151,77,74
050,55,099,"Wisconsin","Price County",3,14,155,81,74
050,55,099,"Wisconsin","Price County",3,15,166,84,82
050,55,099,"Wisconsin","Price County",3,16,163,84,79
050,55,099,"Wisconsin","Price County",3,17,166,85,81
050,55,099,"Wisconsin","Price County",3,18,153,86,67
050,55,099,"Wisconsin","Price County",3,19,114,70,44
050,55,099,"Wisconsin","Price County",3,20,133,75,58
050,55,099,"Wisconsin","Price County",3,21,121,67,54
050,55,099,"Wisconsin","Price County",3,22,115,64,51
050,55,099,"Wisconsin","Price County",3,23,96,48,48
050,55,099,"Wisconsin","Price County",3,24,108,51,57
050,55,099,"Wisconsin","Price County",3,25,112,60,52
050,55,099,"Wisconsin","Price County",3,26,106,61,45
050,55,099,"Wisconsin","Price County",3,27,113,60,53
050,55,099,"Wisconsin","Price County",3,28,105,50,55
050,55,099,"Wisconsin","Price County",3,29,113,51,62
050,55,099,"Wisconsin","Price County",3,30,113,59,54
050,55,099,"Wisconsin","Price County",3,31,116,64,52
050,55,099,"Wisconsin","Price County",3,32,100,56,44
050,55,099,"Wisconsin","Price County",3,33,102,52,50
050,55,099,"Wisconsin","Price County",3,34,107,54,53
050,55,099,"Wisconsin","Price County",3,35,119,65,54
050,55,099,"Wisconsin","Price County",3,36,120,69,51
050,55,099,"Wisconsin","Price County",3,37,110,54,56
050,55,099,"Wisconsin","Price County",3,38,114,58,56
050,55,099,"Wisconsin","Price County",3,39,137,69,68
050,55,099,"Wisconsin","Price County",3,40,138,71,67
050,55,099,"Wisconsin","Price County",3,41,143,72,71
050,55,099,"Wisconsin","Price County",3,42,150,80,70
050,55,099,"Wisconsin","Price County",3,43,162,87,75
050,55,099,"Wisconsin","Price County",3,44,163,80,83
050,55,099,"Wisconsin","Price County",3,45,155,74,81
050,55,099,"Wisconsin","Price County",3,46,161,86,75
050,55,099,"Wisconsin","Price County",3,47,146,79,67
050,55,099,"Wisconsin","Price County",3,48,163,78,85
050,55,099,"Wisconsin","Price County",3,49,179,94,85
050,55,099,"Wisconsin","Price County",3,50,192,101,91
050,55,099,"Wisconsin","Price County",3,51,182,99,83
050,55,099,"Wisconsin","Price County",3,52,178,97,81
050,55,099,"Wisconsin","Price County",3,53,182,91,91
050,55,099,"Wisconsin","Price County",3,54,193,96,97
050,55,099,"Wisconsin","Price County",3,55,207,111,96
050,55,099,"Wisconsin","Price County",3,56,237,123,114
050,55,099,"Wisconsin","Price County",3,57,264,138,126
050,55,099,"Wisconsin","Price County",3,58,266,139,127
050,55,099,"Wisconsin","Price County",3,59,261,135,126
050,55,099,"Wisconsin","Price County",3,60,273,144,129
050,55,099,"Wisconsin","Price County",3,61,277,156,121
050,55,099,"Wisconsin","Price County",3,62,290,158,132
050,55,099,"Wisconsin","Price County",3,63,308,161,147
050,55,099,"Wisconsin","Price County",3,64,307,162,145
050,55,099,"Wisconsin","Price County",3,65,284,155,129
050,55,099,"Wisconsin","Price County",3,66,274,144,130
050,55,099,"Wisconsin","Price County",3,67,285,145,140
050,55,099,"Wisconsin","Price County",3,68,267,140,127
050,55,099,"Wisconsin","Price County",3,69,250,130,120
050,55,099,"Wisconsin","Price County",3,70,240,123,117
050,55,099,"Wisconsin","Price County",3,71,220,109,111
050,55,099,"Wisconsin","Price County",3,72,207,110,97
050,55,099,"Wisconsin","Price County",3,73,202,114,88
050,55,099,"Wisconsin","Price County",3,74,196,116,80
050,55,099,"Wisconsin","Price County",3,75,128,73,55
050,55,099,"Wisconsin","Price County",3,76,120,61,59
050,55,099,"Wisconsin","Price County",3,77,135,70,65
050,55,099,"Wisconsin","Price County",3,78,137,62,75
050,55,099,"Wisconsin","Price County",3,79,111,50,61
050,55,099,"Wisconsin","Price County",3,80,105,49,56
050,55,099,"Wisconsin","Price County",3,81,96,51,45
050,55,099,"Wisconsin","Price County",3,82,106,56,50
050,55,099,"Wisconsin","Price County",3,83,94,48,46
050,55,099,"Wisconsin","Price County",3,84,82,36,46
050,55,099,"Wisconsin","Price County",3,85,396,143,253
050,55,099,"Wisconsin","Price County",4,0,91,46,45
050,55,099,"Wisconsin","Price County",4,1,80,42,38
050,55,099,"Wisconsin","Price County",4,2,116,64,52
050,55,099,"Wisconsin","Price County",4,3,115,59,56
050,55,099,"Wisconsin","Price County",4,4,129,60,69
050,55,099,"Wisconsin","Price County",4,5,120,59,61
050,55,099,"Wisconsin","Price County",4,6,138,76,62
050,55,099,"Wisconsin","Price County",4,7,117,56,61
050,55,099,"Wisconsin","Price County",4,8,138,68,70
050,55,099,"Wisconsin","Price County",4,9,143,72,71
050,55,099,"Wisconsin","Price County",4,10,141,83,58
050,55,099,"Wisconsin","Price County",4,11,135,76,59
050,55,099,"Wisconsin","Price County",4,12,152,84,68
050,55,099,"Wisconsin","Price County",4,13,144,73,71
050,55,099,"Wisconsin","Price County",4,14,157,80,77
050,55,099,"Wisconsin","Price County",4,15,165,90,75
050,55,099,"Wisconsin","Price County",4,16,175,90,85
050,55,099,"Wisconsin","Price County",4,17,166,87,79
050,55,099,"Wisconsin","Price County",4,18,134,69,65
050,55,099,"Wisconsin","Price County",4,19,107,63,44
050,55,099,"Wisconsin","Price County",4,20,114,63,51
050,55,099,"Wisconsin","Price County",4,21,134,71,63
050,55,099,"Wisconsin","Price County",4,22,123,67,56
050,55,099,"Wisconsin","Price County",4,23,118,70,48
050,55,099,"Wisconsin","Price County",4,24,106,49,57
050,55,099,"Wisconsin","Price County",4,25,106,49,57
050,55,099,"Wisconsin","Price County",4,26,119,61,58
050,55,099,"Wisconsin","Price County",4,27,111,64,47
050,55,099,"Wisconsin","Price County",4,28,110,59,51
050,55,099,"Wisconsin","Price County",4,29,104,50,54
050,55,099,"Wisconsin","Price County",4,30,120,55,65
050,55,099,"Wisconsin","Price County",4,31,117,62,55
050,55,099,"Wisconsin","Price County",4,32,119,64,55
050,55,099,"Wisconsin","Price County",4,33,116,63,53
050,55,099,"Wisconsin","Price County",4,34,104,51,53
050,55,099,"Wisconsin","Price County",4,35,118,60,58
050,55,099,"Wisconsin","Price County",4,36,133,72,61
050,55,099,"Wisconsin","Price County",4,37,122,71,51
050,55,099,"Wisconsin","Price County",4,38,115,54,61
050,55,099,"Wisconsin","Price County",4,39,116,59,57
050,55,099,"Wisconsin","Price County",4,40,146,72,74
050,55,099,"Wisconsin","Price County",4,41,144,75,69
050,55,099,"Wisconsin","Price County",4,42,149,80,69
050,55,099,"Wisconsin","Price County",4,43,151,84,67
050,55,099,"Wisconsin","Price County",4,44,163,88,75
050,55,099,"Wisconsin","Price County",4,45,163,78,85
050,55,099,"Wisconsin","Price County",4,46,155,78,77
050,55,099,"Wisconsin","Price County",4,47,167,86,81
050,55,099,"Wisconsin","Price County",4,48,151,81,70
050,55,099,"Wisconsin","Price County",4,49,163,77,86
050,55,099,"Wisconsin","Price County",4,50,181,95,86
050,55,099,"Wisconsin","Price County",4,51,202,107,95
050,55,099,"Wisconsin","Price County",4,52,188,102,86
050,55,099,"Wisconsin","Price County",4,53,188,104,84
050,55,099,"Wisconsin","Price County",4,54,186,94,92
050,55,099,"Wisconsin","Price County",4,55,201,99,102
050,55,099,"Wisconsin","Price County",4,56,212,114,98
050,55,099,"Wisconsin","Price County",4,57,232,122,110
050,55,099,"Wisconsin","Price County",4,58,275,142,133
050,55,099,"Wisconsin","Price County",4,59,267,139,128
050,55,099,"Wisconsin","Price County",4,60,276,143,133
050,55,099,"Wisconsin","Price County",4,61,270,145,125
050,55,099,"Wisconsin","Price County",4,62,291,160,131
050,55,099,"Wisconsin","Price County",4,63,304,165,139
050,55,099,"Wisconsin","Price County",4,64,311,165,146
050,55,099,"Wisconsin","Price County",4,65,315,167,148
050,55,099,"Wisconsin","Price County",4,66,292,158,134
050,55,099,"Wisconsin","Price County",4,67,271,143,128
050,55,099,"Wisconsin","Price County",4,68,285,142,143
050,55,099,"Wisconsin","Price County",4,69,254,135,119
050,55,099,"Wisconsin","Price County",4,70,246,124,122
050,55,099,"Wisconsin","Price County",4,71,232,117,115
050,55,099,"Wisconsin","Price County",4,72,217,108,109
050,55,099,"Wisconsin","Price County",4,73,198,109,89
050,55,099,"Wisconsin","Price County",4,74,197,114,83
050,55,099,"Wisconsin","Price County",4,75,195,114,81
050,55,099,"Wisconsin","Price County",4,76,117,65,52
050,55,099,"Wisconsin","Price County",4,77,116,61,55
050,55,099,"Wisconsin","Price County",4,78,124,62,62
050,55,099,"Wisconsin","Price County",4,79,116,50,66
050,55,099,"Wisconsin","Price County",4,80,104,42,62
050,55,099,"Wisconsin","Price County",4,81,96,42,54
050,55,099,"Wisconsin","Price County",4,82,87,45,42
050,55,099,"Wisconsin","Price County",4,83,97,53,44
050,55,099,"Wisconsin","Price County",4,84,89,45,44
050,55,099,"Wisconsin","Price County",4,85,387,146,241
050,55,099,"Wisconsin","Price County",5,0,91,46,45
050,55,099,"Wisconsin","Price County",5,1,93,44,49
050,55,099,"Wisconsin","Price County",5,2,88,49,39
050,55,099,"Wisconsin","Price County",5,3,116,65,51
050,55,099,"Wisconsin","Price County",5,4,113,58,55
050,55,099,"Wisconsin","Price County",5,5,128,62,66
050,55,099,"Wisconsin","Price County",5,6,122,59,63
050,55,099,"Wisconsin","Price County",5,7,137,74,63
050,55,099,"Wisconsin","Price County",5,8,124,62,62
050,55,099,"Wisconsin","Price County",5,9,136,70,66
050,55,099,"Wisconsin","Price County",5,10,141,72,69
050,55,099,"Wisconsin","Price County",5,11,148,86,62
050,55,099,"Wisconsin","Price County",5,12,134,79,55
050,55,099,"Wisconsin","Price County",5,13,157,89,68
050,55,099,"Wisconsin","Price County",5,14,144,72,72
050,55,099,"Wisconsin","Price County",5,15,155,76,79
050,55,099,"Wisconsin","Price County",5,16,165,88,77
050,55,099,"Wisconsin","Price County",5,17,171,86,85
050,55,099,"Wisconsin","Price County",5,18,136,72,64
050,55,099,"Wisconsin","Price County",5,19,96,53,43
050,55,099,"Wisconsin","Price County",5,20,116,64,52
050,55,099,"Wisconsin","Price County",5,21,107,57,50
050,55,099,"Wisconsin","Price County",5,22,127,69,58
050,55,099,"Wisconsin","Price County",5,23,126,69,57
050,55,099,"Wisconsin","Price County",5,24,121,74,47
050,55,099,"Wisconsin","Price County",5,25,104,51,53
050,55,099,"Wisconsin","Price County",5,26,94,44,50
050,55,099,"Wisconsin","Price County",5,27,112,60,52
050,55,099,"Wisconsin","Price County",5,28,114,65,49
050,55,099,"Wisconsin","Price County",5,29,115,64,51
050,55,099,"Wisconsin","Price County",5,30,107,51,56
050,55,099,"Wisconsin","Price County",5,31,119,57,62
050,55,099,"Wisconsin","Price County",5,32,114,58,56
050,55,099,"Wisconsin","Price County",5,33,127,67,60
050,55,099,"Wisconsin","Price County",5,34,118,67,51
050,55,099,"Wisconsin","Price County",5,35,120,64,56
050,55,099,"Wisconsin","Price County",5,36,123,64,59
050,55,099,"Wisconsin","Price County",5,37,140,79,61
050,55,099,"Wisconsin","Price County",5,38,124,68,56
050,55,099,"Wisconsin","Price County",5,39,115,62,53
050,55,099,"Wisconsin","Price County",5,40,124,63,61
050,55,099,"Wisconsin","Price County",5,41,143,68,75
050,55,099,"Wisconsin","Price County",5,42,137,72,65
050,55,099,"Wisconsin","Price County",5,43,156,86,70
050,55,099,"Wisconsin","Price County",5,44,151,83,68
050,55,099,"Wisconsin","Price County",5,45,163,89,74
050,55,099,"Wisconsin","Price County",5,46,161,77,84
050,55,099,"Wisconsin","Price County",5,47,165,83,82
050,55,099,"Wisconsin","Price County",5,48,167,85,82
050,55,099,"Wisconsin","Price County",5,49,160,83,77
050,55,099,"Wisconsin","Price County",5,50,165,80,85
050,55,099,"Wisconsin","Price County",5,51,184,99,85
050,55,099,"Wisconsin","Price County",5,52,203,108,95
050,55,099,"Wisconsin","Price County",5,53,192,102,90
050,55,099,"Wisconsin","Price County",5,54,189,100,89
050,55,099,"Wisconsin","Price County",5,55,183,91,92
050,55,099,"Wisconsin","Price County",5,56,215,110,105
050,55,099,"Wisconsin","Price County",5,57,214,123,91
050,55,099,"Wisconsin","Price County",5,58,238,126,112
050,55,099,"Wisconsin","Price County",5,59,269,139,130
050,55,099,"Wisconsin","Price County",5,60,276,145,131
050,55,099,"Wisconsin","Price County",5,61,283,145,138
050,55,099,"Wisconsin","Price County",5,62,275,149,126
050,55,099,"Wisconsin","Price County",5,63,294,165,129
050,55,099,"Wisconsin","Price County",5,64,307,166,141
050,55,099,"Wisconsin","Price County",5,65,310,163,147
050,55,099,"Wisconsin","Price County",5,66,320,169,151
050,55,099,"Wisconsin","Price County",5,67,283,154,129
050,55,099,"Wisconsin","Price County",5,68,273,142,131
050,55,099,"Wisconsin","Price County",5,69,282,141,141
050,55,099,"Wisconsin","Price County",5,70,248,132,116
050,55,099,"Wisconsin","Price County",5,71,242,123,119
050,55,099,"Wisconsin","Price County",5,72,225,113,112
050,55,099,"Wisconsin","Price County",5,73,212,109,103
050,55,099,"Wisconsin","Price County",5,74,192,105,87
050,55,099,"Wisconsin","Price County",5,75,192,109,83
050,55,099,"Wisconsin","Price County",5,76,176,104,72
050,55,099,"Wisconsin","Price County",5,77,115,66,49
050,55,099,"Wisconsin","Price County",5,78,110,53,57
050,55,099,"Wisconsin","Price County",5,79,112,55,57
050,55,099,"Wisconsin","Price County",5,80,104,43,61
050,55,099,"Wisconsin","Price County",5,81,100,40,60
050,55,099,"Wisconsin","Price County",5,82,88,37,51
050,55,099,"Wisconsin","Price County",5,83,80,41,39
050,55,099,"Wisconsin","Price County",5,84,90,47,43
050,55,099,"Wisconsin","Price County",5,85,396,164,232
050,55,101,"Wisconsin","Racine County",1,0,2262,1161,1101
050,55,101,"Wisconsin","Racine County",1,1,2338,1197,1141
050,55,101,"Wisconsin","Racine County",1,2,2328,1192,1136
050,55,101,"Wisconsin","Racine County",1,3,2379,1231,1148
050,55,101,"Wisconsin","Racine County",1,4,2461,1321,1140
050,55,101,"Wisconsin","Racine County",1,5,2503,1287,1216
050,55,101,"Wisconsin","Racine County",1,6,2446,1231,1215
050,55,101,"Wisconsin","Racine County",1,7,2472,1227,1245
050,55,101,"Wisconsin","Racine County",1,8,2553,1315,1238
050,55,101,"Wisconsin","Racine County",1,9,2542,1322,1220
050,55,101,"Wisconsin","Racine County",1,10,2628,1375,1253
050,55,101,"Wisconsin","Racine County",1,11,2715,1383,1332
050,55,101,"Wisconsin","Racine County",1,12,2725,1411,1314
050,55,101,"Wisconsin","Racine County",1,13,2778,1441,1337
050,55,101,"Wisconsin","Racine County",1,14,2686,1351,1335
050,55,101,"Wisconsin","Racine County",1,15,2725,1387,1338
050,55,101,"Wisconsin","Racine County",1,16,2801,1496,1305
050,55,101,"Wisconsin","Racine County",1,17,2835,1468,1367
050,55,101,"Wisconsin","Racine County",1,18,2424,1278,1146
050,55,101,"Wisconsin","Racine County",1,19,2045,1121,924
050,55,101,"Wisconsin","Racine County",1,20,2199,1146,1053
050,55,101,"Wisconsin","Racine County",1,21,2312,1223,1089
050,55,101,"Wisconsin","Racine County",1,22,2355,1222,1133
050,55,101,"Wisconsin","Racine County",1,23,2364,1230,1134
050,55,101,"Wisconsin","Racine County",1,24,2305,1223,1082
050,55,101,"Wisconsin","Racine County",1,25,2281,1170,1111
050,55,101,"Wisconsin","Racine County",1,26,2337,1203,1134
050,55,101,"Wisconsin","Racine County",1,27,2354,1195,1159
050,55,101,"Wisconsin","Racine County",1,28,2389,1187,1202
050,55,101,"Wisconsin","Racine County",1,29,2288,1126,1162
050,55,101,"Wisconsin","Racine County",1,30,2280,1148,1132
050,55,101,"Wisconsin","Racine County",1,31,2251,1123,1128
050,55,101,"Wisconsin","Racine County",1,32,2293,1160,1133
050,55,101,"Wisconsin","Racine County",1,33,2317,1165,1152
050,55,101,"Wisconsin","Racine County",1,34,2434,1242,1192
050,55,101,"Wisconsin","Racine County",1,35,2527,1248,1279
050,55,101,"Wisconsin","Racine County",1,36,2464,1171,1293
050,55,101,"Wisconsin","Racine County",1,37,2489,1223,1266
050,55,101,"Wisconsin","Racine County",1,38,2492,1251,1241
050,55,101,"Wisconsin","Racine County",1,39,2560,1266,1294
050,55,101,"Wisconsin","Racine County",1,40,2509,1281,1228
050,55,101,"Wisconsin","Racine County",1,41,2407,1201,1206
050,55,101,"Wisconsin","Racine County",1,42,2328,1157,1171
050,55,101,"Wisconsin","Racine County",1,43,2225,1089,1136
050,55,101,"Wisconsin","Racine County",1,44,2220,1141,1079
050,55,101,"Wisconsin","Racine County",1,45,2260,1162,1098
050,55,101,"Wisconsin","Racine County",1,46,2167,1116,1051
050,55,101,"Wisconsin","Racine County",1,47,2235,1134,1101
050,55,101,"Wisconsin","Racine County",1,48,2431,1216,1215
050,55,101,"Wisconsin","Racine County",1,49,2639,1302,1337
050,55,101,"Wisconsin","Racine County",1,50,2578,1276,1302
050,55,101,"Wisconsin","Racine County",1,51,2633,1282,1351
050,55,101,"Wisconsin","Racine County",1,52,2622,1310,1312
050,55,101,"Wisconsin","Racine County",1,53,2761,1362,1399
050,55,101,"Wisconsin","Racine County",1,54,2826,1390,1436
050,55,101,"Wisconsin","Racine County",1,55,2987,1495,1492
050,55,101,"Wisconsin","Racine County",1,56,3024,1535,1489
050,55,101,"Wisconsin","Racine County",1,57,3014,1509,1505
050,55,101,"Wisconsin","Racine County",1,58,3086,1536,1550
050,55,101,"Wisconsin","Racine County",1,59,3037,1521,1516
050,55,101,"Wisconsin","Racine County",1,60,2916,1428,1488
050,55,101,"Wisconsin","Racine County",1,61,2845,1421,1424
050,55,101,"Wisconsin","Racine County",1,62,2926,1450,1476
050,55,101,"Wisconsin","Racine County",1,63,2764,1344,1420
050,55,101,"Wisconsin","Racine County",1,64,2670,1308,1362
050,55,101,"Wisconsin","Racine County",1,65,2464,1209,1255
050,55,101,"Wisconsin","Racine County",1,66,2476,1213,1263
050,55,101,"Wisconsin","Racine County",1,67,2273,1110,1163
050,55,101,"Wisconsin","Racine County",1,68,2196,1087,1109
050,55,101,"Wisconsin","Racine County",1,69,1989,979,1010
050,55,101,"Wisconsin","Racine County",1,70,1953,959,994
050,55,101,"Wisconsin","Racine County",1,71,1949,936,1013
050,55,101,"Wisconsin","Racine County",1,72,1909,905,1004
050,55,101,"Wisconsin","Racine County",1,73,1830,866,964
050,55,101,"Wisconsin","Racine County",1,74,1256,563,693
050,55,101,"Wisconsin","Racine County",1,75,1273,572,701
050,55,101,"Wisconsin","Racine County",1,76,1283,581,702
050,55,101,"Wisconsin","Racine County",1,77,1233,545,688
050,55,101,"Wisconsin","Racine County",1,78,1102,481,621
050,55,101,"Wisconsin","Racine County",1,79,916,401,515
050,55,101,"Wisconsin","Racine County",1,80,864,384,480
050,55,101,"Wisconsin","Racine County",1,81,836,363,473
050,55,101,"Wisconsin","Racine County",1,82,789,325,464
050,55,101,"Wisconsin","Racine County",1,83,700,307,393
050,55,101,"Wisconsin","Racine County",1,84,615,255,360
050,55,101,"Wisconsin","Racine County",1,85,3782,1280,2502
050,55,101,"Wisconsin","Racine County",2,0,2207,1122,1085
050,55,101,"Wisconsin","Racine County",2,1,2314,1184,1130
050,55,101,"Wisconsin","Racine County",2,2,2330,1193,1137
050,55,101,"Wisconsin","Racine County",2,3,2359,1218,1141
050,55,101,"Wisconsin","Racine County",2,4,2439,1298,1141
050,55,101,"Wisconsin","Racine County",2,5,2487,1289,1198
050,55,101,"Wisconsin","Racine County",2,6,2457,1240,1217
050,55,101,"Wisconsin","Racine County",2,7,2466,1228,1238
050,55,101,"Wisconsin","Racine County",2,8,2522,1286,1236
050,55,101,"Wisconsin","Racine County",2,9,2541,1318,1223
050,55,101,"Wisconsin","Racine County",2,10,2601,1359,1242
050,55,101,"Wisconsin","Racine County",2,11,2686,1376,1310
050,55,101,"Wisconsin","Racine County",2,12,2737,1412,1325
050,55,101,"Wisconsin","Racine County",2,13,2754,1428,1326
050,55,101,"Wisconsin","Racine County",2,14,2709,1372,1337
050,55,101,"Wisconsin","Racine County",2,15,2722,1388,1334
050,55,101,"Wisconsin","Racine County",2,16,2800,1480,1320
050,55,101,"Wisconsin","Racine County",2,17,2830,1478,1352
050,55,101,"Wisconsin","Racine County",2,18,2410,1268,1142
050,55,101,"Wisconsin","Racine County",2,19,2066,1123,943
050,55,101,"Wisconsin","Racine County",2,20,2211,1164,1047
050,55,101,"Wisconsin","Racine County",2,21,2313,1218,1095
050,55,101,"Wisconsin","Racine County",2,22,2360,1227,1133
050,55,101,"Wisconsin","Racine County",2,23,2368,1230,1138
050,55,101,"Wisconsin","Racine County",2,24,2309,1223,1086
050,55,101,"Wisconsin","Racine County",2,25,2284,1179,1105
050,55,101,"Wisconsin","Racine County",2,26,2327,1197,1130
050,55,101,"Wisconsin","Racine County",2,27,2355,1197,1158
050,55,101,"Wisconsin","Racine County",2,28,2385,1189,1196
050,55,101,"Wisconsin","Racine County",2,29,2317,1143,1174
050,55,101,"Wisconsin","Racine County",2,30,2296,1148,1148
050,55,101,"Wisconsin","Racine County",2,31,2249,1123,1126
050,55,101,"Wisconsin","Racine County",2,32,2281,1152,1129
050,55,101,"Wisconsin","Racine County",2,33,2311,1167,1144
050,55,101,"Wisconsin","Racine County",2,34,2405,1225,1180
050,55,101,"Wisconsin","Racine County",2,35,2518,1256,1262
050,55,101,"Wisconsin","Racine County",2,36,2466,1182,1284
050,55,101,"Wisconsin","Racine County",2,37,2486,1215,1271
050,55,101,"Wisconsin","Racine County",2,38,2502,1247,1255
050,55,101,"Wisconsin","Racine County",2,39,2540,1261,1279
050,55,101,"Wisconsin","Racine County",2,40,2539,1286,1253
050,55,101,"Wisconsin","Racine County",2,41,2427,1217,1210
050,55,101,"Wisconsin","Racine County",2,42,2334,1159,1175
050,55,101,"Wisconsin","Racine County",2,43,2257,1108,1149
050,55,101,"Wisconsin","Racine County",2,44,2212,1127,1085
050,55,101,"Wisconsin","Racine County",2,45,2255,1159,1096
050,55,101,"Wisconsin","Racine County",2,46,2180,1122,1058
050,55,101,"Wisconsin","Racine County",2,47,2219,1132,1087
050,55,101,"Wisconsin","Racine County",2,48,2376,1194,1182
050,55,101,"Wisconsin","Racine County",2,49,2594,1284,1310
050,55,101,"Wisconsin","Racine County",2,50,2591,1279,1312
050,55,101,"Wisconsin","Racine County",2,51,2607,1276,1331
050,55,101,"Wisconsin","Racine County",2,52,2618,1296,1322
050,55,101,"Wisconsin","Racine County",2,53,2722,1342,1380
050,55,101,"Wisconsin","Racine County",2,54,2799,1380,1419
050,55,101,"Wisconsin","Racine County",2,55,2945,1465,1480
050,55,101,"Wisconsin","Racine County",2,56,3017,1525,1492
050,55,101,"Wisconsin","Racine County",2,57,3002,1505,1497
050,55,101,"Wisconsin","Racine County",2,58,3049,1520,1529
050,55,101,"Wisconsin","Racine County",2,59,3052,1529,1523
050,55,101,"Wisconsin","Racine County",2,60,2926,1443,1483
050,55,101,"Wisconsin","Racine County",2,61,2845,1413,1432
050,55,101,"Wisconsin","Racine County",2,62,2886,1436,1450
050,55,101,"Wisconsin","Racine County",2,63,2808,1371,1437
050,55,101,"Wisconsin","Racine County",2,64,2662,1301,1361
050,55,101,"Wisconsin","Racine County",2,65,2498,1223,1275
050,55,101,"Wisconsin","Racine County",2,66,2465,1206,1259
050,55,101,"Wisconsin","Racine County",2,67,2306,1128,1178
050,55,101,"Wisconsin","Racine County",2,68,2189,1078,1111
050,55,101,"Wisconsin","Racine County",2,69,2033,994,1039
050,55,101,"Wisconsin","Racine County",2,70,1944,953,991
050,55,101,"Wisconsin","Racine County",2,71,1944,940,1004
050,55,101,"Wisconsin","Racine County",2,72,1862,887,975
050,55,101,"Wisconsin","Racine County",2,73,1929,915,1014
050,55,101,"Wisconsin","Racine County",2,74,1306,593,713
050,55,101,"Wisconsin","Racine County",2,75,1260,567,693
050,55,101,"Wisconsin","Racine County",2,76,1265,568,697
050,55,101,"Wisconsin","Racine County",2,77,1273,566,707
050,55,101,"Wisconsin","Racine County",2,78,1108,483,625
050,55,101,"Wisconsin","Racine County",2,79,955,417,538
050,55,101,"Wisconsin","Racine County",2,80,866,379,487
050,55,101,"Wisconsin","Racine County",2,81,825,360,465
050,55,101,"Wisconsin","Racine County",2,82,790,328,462
050,55,101,"Wisconsin","Racine County",2,83,705,306,399
050,55,101,"Wisconsin","Racine County",2,84,626,263,363
050,55,101,"Wisconsin","Racine County",2,85,3777,1280,2497
050,55,101,"Wisconsin","Racine County",3,0,2097,1093,1004
050,55,101,"Wisconsin","Racine County",3,1,2204,1128,1076
050,55,101,"Wisconsin","Racine County",3,2,2335,1203,1132
050,55,101,"Wisconsin","Racine County",3,3,2324,1208,1116
050,55,101,"Wisconsin","Racine County",3,4,2346,1204,1142
050,55,101,"Wisconsin","Racine County",3,5,2424,1294,1130
050,55,101,"Wisconsin","Racine County",3,6,2447,1258,1189
050,55,101,"Wisconsin","Racine County",3,7,2436,1233,1203
050,55,101,"Wisconsin","Racine County",3,8,2475,1236,1239
050,55,101,"Wisconsin","Racine County",3,9,2495,1276,1219
050,55,101,"Wisconsin","Racine County",3,10,2513,1301,1212
050,55,101,"Wisconsin","Racine County",3,11,2592,1344,1248
050,55,101,"Wisconsin","Racine County",3,12,2696,1379,1317
050,55,101,"Wisconsin","Racine County",3,13,2680,1394,1286
050,55,101,"Wisconsin","Racine County",3,14,2734,1410,1324
050,55,101,"Wisconsin","Racine County",3,15,2721,1375,1346
050,55,101,"Wisconsin","Racine County",3,16,2731,1384,1347
050,55,101,"Wisconsin","Racine County",3,17,2713,1441,1272
050,55,101,"Wisconsin","Racine County",3,18,2368,1251,1117
050,55,101,"Wisconsin","Racine County",3,19,2031,1066,965
050,55,101,"Wisconsin","Racine County",3,20,2189,1170,1019
050,55,101,"Wisconsin","Racine County",3,21,2315,1228,1087
050,55,101,"Wisconsin","Racine County",3,22,2396,1241,1155
050,55,101,"Wisconsin","Racine County",3,23,2360,1200,1160
050,55,101,"Wisconsin","Racine County",3,24,2338,1219,1119
050,55,101,"Wisconsin","Racine County",3,25,2282,1195,1087
050,55,101,"Wisconsin","Racine County",3,26,2251,1155,1096
050,55,101,"Wisconsin","Racine County",3,27,2384,1235,1149
050,55,101,"Wisconsin","Racine County",3,28,2325,1189,1136
050,55,101,"Wisconsin","Racine County",3,29,2376,1187,1189
050,55,101,"Wisconsin","Racine County",3,30,2362,1181,1181
050,55,101,"Wisconsin","Racine County",3,31,2331,1163,1168
050,55,101,"Wisconsin","Racine County",3,32,2286,1149,1137
050,55,101,"Wisconsin","Racine County",3,33,2299,1154,1145
050,55,101,"Wisconsin","Racine County",3,34,2329,1174,1155
050,55,101,"Wisconsin","Racine County",3,35,2424,1249,1175
050,55,101,"Wisconsin","Racine County",3,36,2487,1234,1253
050,55,101,"Wisconsin","Racine County",3,37,2488,1210,1278
050,55,101,"Wisconsin","Racine County",3,38,2500,1239,1261
050,55,101,"Wisconsin","Racine County",3,39,2478,1235,1243
050,55,101,"Wisconsin","Racine County",3,40,2555,1277,1278
050,55,101,"Wisconsin","Racine County",3,41,2553,1293,1260
050,55,101,"Wisconsin","Racine County",3,42,2390,1195,1195
050,55,101,"Wisconsin","Racine County",3,43,2289,1127,1162
050,55,101,"Wisconsin","Racine County",3,44,2302,1143,1159
050,55,101,"Wisconsin","Racine County",3,45,2199,1105,1094
050,55,101,"Wisconsin","Racine County",3,46,2263,1164,1099
050,55,101,"Wisconsin","Racine County",3,47,2200,1127,1073
050,55,101,"Wisconsin","Racine County",3,48,2228,1135,1093
050,55,101,"Wisconsin","Racine County",3,49,2356,1174,1182
050,55,101,"Wisconsin","Racine County",3,50,2567,1261,1306
050,55,101,"Wisconsin","Racine County",3,51,2568,1263,1305
050,55,101,"Wisconsin","Racine County",3,52,2580,1262,1318
050,55,101,"Wisconsin","Racine County",3,53,2588,1284,1304
050,55,101,"Wisconsin","Racine County",3,54,2662,1308,1354
050,55,101,"Wisconsin","Racine County",3,55,2801,1375,1426
050,55,101,"Wisconsin","Racine County",3,56,2904,1450,1454
050,55,101,"Wisconsin","Racine County",3,57,2961,1497,1464
050,55,101,"Wisconsin","Racine County",3,58,2974,1492,1482
050,55,101,"Wisconsin","Racine County",3,59,2982,1471,1511
050,55,101,"Wisconsin","Racine County",3,60,3021,1489,1532
050,55,101,"Wisconsin","Racine County",3,61,2883,1398,1485
050,55,101,"Wisconsin","Racine County",3,62,2812,1398,1414
050,55,101,"Wisconsin","Racine County",3,63,2814,1391,1423
050,55,101,"Wisconsin","Racine County",3,64,2765,1350,1415
050,55,101,"Wisconsin","Racine County",3,65,2581,1258,1323
050,55,101,"Wisconsin","Racine County",3,66,2443,1181,1262
050,55,101,"Wisconsin","Racine County",3,67,2408,1180,1228
050,55,101,"Wisconsin","Racine County",3,68,2260,1106,1154
050,55,101,"Wisconsin","Racine County",3,69,2130,1045,1085
050,55,101,"Wisconsin","Racine County",3,70,2001,979,1022
050,55,101,"Wisconsin","Racine County",3,71,1891,916,975
050,55,101,"Wisconsin","Racine County",3,72,1885,902,983
050,55,101,"Wisconsin","Racine County",3,73,1783,842,941
050,55,101,"Wisconsin","Racine County",3,74,1880,884,996
050,55,101,"Wisconsin","Racine County",3,75,1238,561,677
050,55,101,"Wisconsin","Racine County",3,76,1220,539,681
050,55,101,"Wisconsin","Racine County",3,77,1211,551,660
050,55,101,"Wisconsin","Racine County",3,78,1216,534,682
050,55,101,"Wisconsin","Racine County",3,79,1059,457,602
050,55,101,"Wisconsin","Racine County",3,80,910,403,507
050,55,101,"Wisconsin","Racine County",3,81,794,357,437
050,55,101,"Wisconsin","Racine County",3,82,786,326,460
050,55,101,"Wisconsin","Racine County",3,83,722,304,418
050,55,101,"Wisconsin","Racine County",3,84,619,265,354
050,55,101,"Wisconsin","Racine County",3,85,3689,1256,2433
050,55,101,"Wisconsin","Racine County",4,0,2148,1146,1002
050,55,101,"Wisconsin","Racine County",4,1,2109,1090,1019
050,55,101,"Wisconsin","Racine County",4,2,2249,1141,1108
050,55,101,"Wisconsin","Racine County",4,3,2340,1211,1129
050,55,101,"Wisconsin","Racine County",4,4,2301,1166,1135
050,55,101,"Wisconsin","Racine County",4,5,2367,1209,1158
050,55,101,"Wisconsin","Racine County",4,6,2407,1295,1112
050,55,101,"Wisconsin","Racine County",4,7,2462,1273,1189
050,55,101,"Wisconsin","Racine County",4,8,2421,1213,1208
050,55,101,"Wisconsin","Racine County",4,9,2465,1212,1253
050,55,101,"Wisconsin","Racine County",4,10,2523,1289,1234
050,55,101,"Wisconsin","Racine County",4,11,2498,1290,1208
050,55,101,"Wisconsin","Racine County",4,12,2592,1355,1237
050,55,101,"Wisconsin","Racine County",4,13,2658,1364,1294
050,55,101,"Wisconsin","Racine County",4,14,2700,1408,1292
050,55,101,"Wisconsin","Racine County",4,15,2728,1427,1301
050,55,101,"Wisconsin","Racine County",4,16,2704,1369,1335
050,55,101,"Wisconsin","Racine County",4,17,2729,1384,1345
050,55,101,"Wisconsin","Racine County",4,18,2344,1270,1074
050,55,101,"Wisconsin","Racine County",4,19,1994,1067,927
050,55,101,"Wisconsin","Racine County",4,20,2124,1119,1005
050,55,101,"Wisconsin","Racine County",4,21,2269,1220,1049
050,55,101,"Wisconsin","Racine County",4,22,2377,1221,1156
050,55,101,"Wisconsin","Racine County",4,23,2471,1259,1212
050,55,101,"Wisconsin","Racine County",4,24,2337,1179,1158
050,55,101,"Wisconsin","Racine County",4,25,2313,1192,1121
050,55,101,"Wisconsin","Racine County",4,26,2287,1206,1081
050,55,101,"Wisconsin","Racine County",4,27,2277,1162,1115
050,55,101,"Wisconsin","Racine County",4,28,2466,1277,1189
050,55,101,"Wisconsin","Racine County",4,29,2399,1215,1184
050,55,101,"Wisconsin","Racine County",4,30,2383,1174,1209
050,55,101,"Wisconsin","Racine County",4,31,2422,1211,1211
050,55,101,"Wisconsin","Racine County",4,32,2370,1200,1170
050,55,101,"Wisconsin","Racine County",4,33,2281,1146,1135
050,55,101,"Wisconsin","Racine County",4,34,2329,1174,1155
050,55,101,"Wisconsin","Racine County",4,35,2298,1162,1136
050,55,101,"Wisconsin","Racine County",4,36,2436,1253,1183
050,55,101,"Wisconsin","Racine County",4,37,2490,1229,1261
050,55,101,"Wisconsin","Racine County",4,38,2506,1215,1291
050,55,101,"Wisconsin","Racine County",4,39,2521,1231,1290
050,55,101,"Wisconsin","Racine County",4,40,2491,1256,1235
050,55,101,"Wisconsin","Racine County",4,41,2549,1276,1273
050,55,101,"Wisconsin","Racine County",4,42,2532,1287,1245
050,55,101,"Wisconsin","Racine County",4,43,2364,1173,1191
050,55,101,"Wisconsin","Racine County",4,44,2307,1145,1162
050,55,101,"Wisconsin","Racine County",4,45,2272,1120,1152
050,55,101,"Wisconsin","Racine County",4,46,2200,1122,1078
050,55,101,"Wisconsin","Racine County",4,47,2260,1154,1106
050,55,101,"Wisconsin","Racine County",4,48,2205,1128,1077
050,55,101,"Wisconsin","Racine County",4,49,2216,1133,1083
050,55,101,"Wisconsin","Racine County",4,50,2357,1162,1195
050,55,101,"Wisconsin","Racine County",4,51,2523,1248,1275
050,55,101,"Wisconsin","Racine County",4,52,2533,1257,1276
050,55,101,"Wisconsin","Racine County",4,53,2595,1269,1326
050,55,101,"Wisconsin","Racine County",4,54,2561,1276,1285
050,55,101,"Wisconsin","Racine County",4,55,2630,1292,1338
050,55,101,"Wisconsin","Racine County",4,56,2775,1345,1430
050,55,101,"Wisconsin","Racine County",4,57,2863,1421,1442
050,55,101,"Wisconsin","Racine County",4,58,2909,1472,1437
050,55,101,"Wisconsin","Racine County",4,59,2949,1465,1484
050,55,101,"Wisconsin","Racine County",4,60,2945,1457,1488
050,55,101,"Wisconsin","Racine County",4,61,3019,1494,1525
050,55,101,"Wisconsin","Racine County",4,62,2822,1356,1466
050,55,101,"Wisconsin","Racine County",4,63,2729,1351,1378
050,55,101,"Wisconsin","Racine County",4,64,2762,1367,1395
050,55,101,"Wisconsin","Racine County",4,65,2690,1310,1380
050,55,101,"Wisconsin","Racine County",4,66,2527,1226,1301
050,55,101,"Wisconsin","Racine County",4,67,2379,1156,1223
050,55,101,"Wisconsin","Racine County",4,68,2367,1164,1203
050,55,101,"Wisconsin","Racine County",4,69,2197,1062,1135
050,55,101,"Wisconsin","Racine County",4,70,2083,1025,1058
050,55,101,"Wisconsin","Racine County",4,71,1930,936,994
050,55,101,"Wisconsin","Racine County",4,72,1828,880,948
050,55,101,"Wisconsin","Racine County",4,73,1807,862,945
050,55,101,"Wisconsin","Racine County",4,74,1726,804,922
050,55,101,"Wisconsin","Racine County",4,75,1794,835,959
050,55,101,"Wisconsin","Racine County",4,76,1182,525,657
050,55,101,"Wisconsin","Racine County",4,77,1171,528,643
050,55,101,"Wisconsin","Racine County",4,78,1147,512,635
050,55,101,"Wisconsin","Racine County",4,79,1153,501,652
050,55,101,"Wisconsin","Racine County",4,80,983,424,559
050,55,101,"Wisconsin","Racine County",4,81,838,375,463
050,55,101,"Wisconsin","Racine County",4,82,743,313,430
050,55,101,"Wisconsin","Racine County",4,83,705,293,412
050,55,101,"Wisconsin","Racine County",4,84,643,267,376
050,55,101,"Wisconsin","Racine County",4,85,3605,1250,2355
050,55,101,"Wisconsin","Racine County",5,0,2105,1126,979
050,55,101,"Wisconsin","Racine County",5,1,2185,1161,1024
050,55,101,"Wisconsin","Racine County",5,2,2140,1108,1032
050,55,101,"Wisconsin","Racine County",5,3,2279,1172,1107
050,55,101,"Wisconsin","Racine County",5,4,2381,1243,1138
050,55,101,"Wisconsin","Racine County",5,5,2330,1201,1129
050,55,101,"Wisconsin","Racine County",5,6,2410,1236,1174
050,55,101,"Wisconsin","Racine County",5,7,2418,1297,1121
050,55,101,"Wisconsin","Racine County",5,8,2445,1267,1178
050,55,101,"Wisconsin","Racine County",5,9,2444,1225,1219
050,55,101,"Wisconsin","Racine County",5,10,2464,1196,1268
050,55,101,"Wisconsin","Racine County",5,11,2499,1276,1223
050,55,101,"Wisconsin","Racine County",5,12,2523,1282,1241
050,55,101,"Wisconsin","Racine County",5,13,2591,1350,1241
050,55,101,"Wisconsin","Racine County",5,14,2681,1390,1291
050,55,101,"Wisconsin","Racine County",5,15,2686,1416,1270
050,55,101,"Wisconsin","Racine County",5,16,2767,1460,1307
050,55,101,"Wisconsin","Racine County",5,17,2702,1362,1340
050,55,101,"Wisconsin","Racine County",5,18,2314,1198,1116
050,55,101,"Wisconsin","Racine County",5,19,2004,1092,912
050,55,101,"Wisconsin","Racine County",5,20,2134,1123,1011
050,55,101,"Wisconsin","Racine County",5,21,2254,1183,1071
050,55,101,"Wisconsin","Racine County",5,22,2342,1235,1107
050,55,101,"Wisconsin","Racine County",5,23,2442,1238,1204
050,55,101,"Wisconsin","Racine County",5,24,2444,1269,1175
050,55,101,"Wisconsin","Racine County",5,25,2332,1150,1182
050,55,101,"Wisconsin","Racine County",5,26,2315,1192,1123
050,55,101,"Wisconsin","Racine County",5,27,2347,1246,1101
050,55,101,"Wisconsin","Racine County",5,28,2299,1170,1129
050,55,101,"Wisconsin","Racine County",5,29,2513,1303,1210
050,55,101,"Wisconsin","Racine County",5,30,2457,1224,1233
050,55,101,"Wisconsin","Racine County",5,31,2484,1219,1265
050,55,101,"Wisconsin","Racine County",5,32,2510,1258,1252
050,55,101,"Wisconsin","Racine County",5,33,2394,1209,1185
050,55,101,"Wisconsin","Racine County",5,34,2329,1171,1158
050,55,101,"Wisconsin","Racine County",5,35,2380,1205,1175
050,55,101,"Wisconsin","Racine County",5,36,2302,1165,1137
050,55,101,"Wisconsin","Racine County",5,37,2471,1264,1207
050,55,101,"Wisconsin","Racine County",5,38,2507,1230,1277
050,55,101,"Wisconsin","Racine County",5,39,2514,1223,1291
050,55,101,"Wisconsin","Racine County",5,40,2529,1247,1282
050,55,101,"Wisconsin","Racine County",5,41,2485,1246,1239
050,55,101,"Wisconsin","Racine County",5,42,2584,1312,1272
050,55,101,"Wisconsin","Racine County",5,43,2530,1281,1249
050,55,101,"Wisconsin","Racine County",5,44,2419,1214,1205
050,55,101,"Wisconsin","Racine County",5,45,2307,1137,1170
050,55,101,"Wisconsin","Racine County",5,46,2265,1104,1161
050,55,101,"Wisconsin","Racine County",5,47,2212,1118,1094
050,55,101,"Wisconsin","Racine County",5,48,2275,1144,1131
050,55,101,"Wisconsin","Racine County",5,49,2186,1102,1084
050,55,101,"Wisconsin","Racine County",5,50,2239,1129,1110
050,55,101,"Wisconsin","Racine County",5,51,2350,1162,1188
050,55,101,"Wisconsin","Racine County",5,52,2515,1246,1269
050,55,101,"Wisconsin","Racine County",5,53,2520,1246,1274
050,55,101,"Wisconsin","Racine County",5,54,2560,1253,1307
050,55,101,"Wisconsin","Racine County",5,55,2580,1287,1293
050,55,101,"Wisconsin","Racine County",5,56,2616,1281,1335
050,55,101,"Wisconsin","Racine County",5,57,2769,1329,1440
050,55,101,"Wisconsin","Racine County",5,58,2830,1412,1418
050,55,101,"Wisconsin","Racine County",5,59,2898,1464,1434
050,55,101,"Wisconsin","Racine County",5,60,2909,1444,1465
050,55,101,"Wisconsin","Racine County",5,61,2892,1441,1451
050,55,101,"Wisconsin","Racine County",5,62,2960,1465,1495
050,55,101,"Wisconsin","Racine County",5,63,2784,1330,1454
050,55,101,"Wisconsin","Racine County",5,64,2683,1318,1365
050,55,101,"Wisconsin","Racine County",5,65,2701,1323,1378
050,55,101,"Wisconsin","Racine County",5,66,2654,1283,1371
050,55,101,"Wisconsin","Racine County",5,67,2487,1217,1270
050,55,101,"Wisconsin","Racine County",5,68,2361,1139,1222
050,55,101,"Wisconsin","Racine County",5,69,2316,1133,1183
050,55,101,"Wisconsin","Racine County",5,70,2159,1047,1112
050,55,101,"Wisconsin","Racine County",5,71,2020,988,1032
050,55,101,"Wisconsin","Racine County",5,72,1882,906,976
050,55,101,"Wisconsin","Racine County",5,73,1768,845,923
050,55,101,"Wisconsin","Racine County",5,74,1763,831,932
050,55,101,"Wisconsin","Racine County",5,75,1660,772,888
050,55,101,"Wisconsin","Racine County",5,76,1734,805,929
050,55,101,"Wisconsin","Racine County",5,77,1149,509,640
050,55,101,"Wisconsin","Racine County",5,78,1120,500,620
050,55,101,"Wisconsin","Racine County",5,79,1098,488,610
050,55,101,"Wisconsin","Racine County",5,80,1084,472,612
050,55,101,"Wisconsin","Racine County",5,81,913,399,514
050,55,101,"Wisconsin","Racine County",5,82,792,334,458
050,55,101,"Wisconsin","Racine County",5,83,674,287,387
050,55,101,"Wisconsin","Racine County",5,84,635,258,377
050,55,101,"Wisconsin","Racine County",5,85,3608,1259,2349
050,55,103,"Wisconsin","Richland County",1,0,161,83,78
050,55,103,"Wisconsin","Richland County",1,1,164,91,73
050,55,103,"Wisconsin","Richland County",1,2,156,83,73
050,55,103,"Wisconsin","Richland County",1,3,191,91,100
050,55,103,"Wisconsin","Richland County",1,4,177,90,87
050,55,103,"Wisconsin","Richland County",1,5,199,115,84
050,55,103,"Wisconsin","Richland County",1,6,180,87,93
050,55,103,"Wisconsin","Richland County",1,7,180,95,85
050,55,103,"Wisconsin","Richland County",1,8,190,95,95
050,55,103,"Wisconsin","Richland County",1,9,219,114,105
050,55,103,"Wisconsin","Richland County",1,10,228,110,118
050,55,103,"Wisconsin","Richland County",1,11,245,127,118
050,55,103,"Wisconsin","Richland County",1,12,236,132,104
050,55,103,"Wisconsin","Richland County",1,13,244,131,113
050,55,103,"Wisconsin","Richland County",1,14,251,132,119
050,55,103,"Wisconsin","Richland County",1,15,251,120,131
050,55,103,"Wisconsin","Richland County",1,16,264,129,135
050,55,103,"Wisconsin","Richland County",1,17,231,123,108
050,55,103,"Wisconsin","Richland County",1,18,192,104,88
050,55,103,"Wisconsin","Richland County",1,19,177,97,80
050,55,103,"Wisconsin","Richland County",1,20,166,87,79
050,55,103,"Wisconsin","Richland County",1,21,167,81,86
050,55,103,"Wisconsin","Richland County",1,22,179,94,85
050,55,103,"Wisconsin","Richland County",1,23,154,75,79
050,55,103,"Wisconsin","Richland County",1,24,156,80,76
050,55,103,"Wisconsin","Richland County",1,25,166,87,79
050,55,103,"Wisconsin","Richland County",1,26,166,85,81
050,55,103,"Wisconsin","Richland County",1,27,153,84,69
050,55,103,"Wisconsin","Richland County",1,28,158,75,83
050,55,103,"Wisconsin","Richland County",1,29,169,88,81
050,55,103,"Wisconsin","Richland County",1,30,159,78,81
050,55,103,"Wisconsin","Richland County",1,31,151,77,74
050,55,103,"Wisconsin","Richland County",1,32,164,85,79
050,55,103,"Wisconsin","Richland County",1,33,181,102,79
050,55,103,"Wisconsin","Richland County",1,34,165,82,83
050,55,103,"Wisconsin","Richland County",1,35,169,82,87
050,55,103,"Wisconsin","Richland County",1,36,172,85,87
050,55,103,"Wisconsin","Richland County",1,37,183,87,96
050,55,103,"Wisconsin","Richland County",1,38,193,103,90
050,55,103,"Wisconsin","Richland County",1,39,181,91,90
050,55,103,"Wisconsin","Richland County",1,40,175,97,78
050,55,103,"Wisconsin","Richland County",1,41,187,105,82
050,55,103,"Wisconsin","Richland County",1,42,216,116,100
050,55,103,"Wisconsin","Richland County",1,43,195,108,87
050,55,103,"Wisconsin","Richland County",1,44,186,107,79
050,55,103,"Wisconsin","Richland County",1,45,205,114,91
050,55,103,"Wisconsin","Richland County",1,46,185,98,87
050,55,103,"Wisconsin","Richland County",1,47,193,104,89
050,55,103,"Wisconsin","Richland County",1,48,210,113,97
050,55,103,"Wisconsin","Richland County",1,49,231,113,118
050,55,103,"Wisconsin","Richland County",1,50,224,112,112
050,55,103,"Wisconsin","Richland County",1,51,215,109,106
050,55,103,"Wisconsin","Richland County",1,52,183,93,90
050,55,103,"Wisconsin","Richland County",1,53,218,103,115
050,55,103,"Wisconsin","Richland County",1,54,246,126,120
050,55,103,"Wisconsin","Richland County",1,55,247,119,128
050,55,103,"Wisconsin","Richland County",1,56,207,101,106
050,55,103,"Wisconsin","Richland County",1,57,250,117,133
050,55,103,"Wisconsin","Richland County",1,58,280,140,140
050,55,103,"Wisconsin","Richland County",1,59,280,137,143
050,55,103,"Wisconsin","Richland County",1,60,279,141,138
050,55,103,"Wisconsin","Richland County",1,61,268,139,129
050,55,103,"Wisconsin","Richland County",1,62,265,134,131
050,55,103,"Wisconsin","Richland County",1,63,284,143,141
050,55,103,"Wisconsin","Richland County",1,64,294,154,140
050,55,103,"Wisconsin","Richland County",1,65,277,137,140
050,55,103,"Wisconsin","Richland County",1,66,278,147,131
050,55,103,"Wisconsin","Richland County",1,67,295,161,134
050,55,103,"Wisconsin","Richland County",1,68,295,150,145
050,55,103,"Wisconsin","Richland County",1,69,257,132,125
050,55,103,"Wisconsin","Richland County",1,70,230,122,108
050,55,103,"Wisconsin","Richland County",1,71,195,98,97
050,55,103,"Wisconsin","Richland County",1,72,182,91,91
050,55,103,"Wisconsin","Richland County",1,73,216,108,108
050,55,103,"Wisconsin","Richland County",1,74,153,75,78
050,55,103,"Wisconsin","Richland County",1,75,143,77,66
050,55,103,"Wisconsin","Richland County",1,76,151,78,73
050,55,103,"Wisconsin","Richland County",1,77,138,66,72
050,55,103,"Wisconsin","Richland County",1,78,124,55,69
050,55,103,"Wisconsin","Richland County",1,79,115,52,63
050,55,103,"Wisconsin","Richland County",1,80,124,62,62
050,55,103,"Wisconsin","Richland County",1,81,116,65,51
050,55,103,"Wisconsin","Richland County",1,82,97,46,51
050,55,103,"Wisconsin","Richland County",1,83,85,42,43
050,55,103,"Wisconsin","Richland County",1,84,80,38,42
050,55,103,"Wisconsin","Richland County",1,85,548,196,352
050,55,103,"Wisconsin","Richland County",2,0,166,85,81
050,55,103,"Wisconsin","Richland County",2,1,161,88,73
050,55,103,"Wisconsin","Richland County",2,2,160,86,74
050,55,103,"Wisconsin","Richland County",2,3,180,90,90
050,55,103,"Wisconsin","Richland County",2,4,181,93,88
050,55,103,"Wisconsin","Richland County",2,5,192,109,83
050,55,103,"Wisconsin","Richland County",2,6,186,94,92
050,55,103,"Wisconsin","Richland County",2,7,181,92,89
050,55,103,"Wisconsin","Richland County",2,8,189,95,94
050,55,103,"Wisconsin","Richland County",2,9,212,110,102
050,55,103,"Wisconsin","Richland County",2,10,224,110,114
050,55,103,"Wisconsin","Richland County",2,11,238,120,118
050,55,103,"Wisconsin","Richland County",2,12,239,132,107
050,55,103,"Wisconsin","Richland County",2,13,243,133,110
050,55,103,"Wisconsin","Richland County",2,14,248,130,118
050,55,103,"Wisconsin","Richland County",2,15,252,124,128
050,55,103,"Wisconsin","Richland County",2,16,263,128,135
050,55,103,"Wisconsin","Richland County",2,17,238,124,114
050,55,103,"Wisconsin","Richland County",2,18,194,104,90
050,55,103,"Wisconsin","Richland County",2,19,175,95,80
050,55,103,"Wisconsin","Richland County",2,20,170,88,82
050,55,103,"Wisconsin","Richland County",2,21,168,82,86
050,55,103,"Wisconsin","Richland County",2,22,174,90,84
050,55,103,"Wisconsin","Richland County",2,23,162,80,82
050,55,103,"Wisconsin","Richland County",2,24,157,80,77
050,55,103,"Wisconsin","Richland County",2,25,165,87,78
050,55,103,"Wisconsin","Richland County",2,26,167,87,80
050,55,103,"Wisconsin","Richland County",2,27,156,84,72
050,55,103,"Wisconsin","Richland County",2,28,158,78,80
050,55,103,"Wisconsin","Richland County",2,29,170,85,85
050,55,103,"Wisconsin","Richland County",2,30,163,80,83
050,55,103,"Wisconsin","Richland County",2,31,152,77,75
050,55,103,"Wisconsin","Richland County",2,32,160,83,77
050,55,103,"Wisconsin","Richland County",2,33,176,98,78
050,55,103,"Wisconsin","Richland County",2,34,168,87,81
050,55,103,"Wisconsin","Richland County",2,35,170,82,88
050,55,103,"Wisconsin","Richland County",2,36,167,83,84
050,55,103,"Wisconsin","Richland County",2,37,181,88,93
050,55,103,"Wisconsin","Richland County",2,38,191,98,93
050,55,103,"Wisconsin","Richland County",2,39,183,93,90
050,55,103,"Wisconsin","Richland County",2,40,177,95,82
050,55,103,"Wisconsin","Richland County",2,41,185,105,80
050,55,103,"Wisconsin","Richland County",2,42,208,113,95
050,55,103,"Wisconsin","Richland County",2,43,203,113,90
050,55,103,"Wisconsin","Richland County",2,44,188,105,83
050,55,103,"Wisconsin","Richland County",2,45,202,114,88
050,55,103,"Wisconsin","Richland County",2,46,190,101,89
050,55,103,"Wisconsin","Richland County",2,47,188,104,84
050,55,103,"Wisconsin","Richland County",2,48,203,108,95
050,55,103,"Wisconsin","Richland County",2,49,229,113,116
050,55,103,"Wisconsin","Richland County",2,50,226,113,113
050,55,103,"Wisconsin","Richland County",2,51,218,110,108
050,55,103,"Wisconsin","Richland County",2,52,189,96,93
050,55,103,"Wisconsin","Richland County",2,53,209,99,110
050,55,103,"Wisconsin","Richland County",2,54,239,121,118
050,55,103,"Wisconsin","Richland County",2,55,247,121,126
050,55,103,"Wisconsin","Richland County",2,56,217,106,111
050,55,103,"Wisconsin","Richland County",2,57,237,110,127
050,55,103,"Wisconsin","Richland County",2,58,273,134,139
050,55,103,"Wisconsin","Richland County",2,59,281,138,143
050,55,103,"Wisconsin","Richland County",2,60,277,138,139
050,55,103,"Wisconsin","Richland County",2,61,269,139,130
050,55,103,"Wisconsin","Richland County",2,62,266,136,130
050,55,103,"Wisconsin","Richland County",2,63,282,141,141
050,55,103,"Wisconsin","Richland County",2,64,289,150,139
050,55,103,"Wisconsin","Richland County",2,65,281,141,140
050,55,103,"Wisconsin","Richland County",2,66,280,146,134
050,55,103,"Wisconsin","Richland County",2,67,290,158,132
050,55,103,"Wisconsin","Richland County",2,68,293,152,141
050,55,103,"Wisconsin","Richland County",2,69,266,137,129
050,55,103,"Wisconsin","Richland County",2,70,231,121,110
050,55,103,"Wisconsin","Richland County",2,71,202,102,100
050,55,103,"Wisconsin","Richland County",2,72,181,91,90
050,55,103,"Wisconsin","Richland County",2,73,220,109,111
050,55,103,"Wisconsin","Richland County",2,74,155,76,79
050,55,103,"Wisconsin","Richland County",2,75,144,76,68
050,55,103,"Wisconsin","Richland County",2,76,146,77,69
050,55,103,"Wisconsin","Richland County",2,77,144,70,74
050,55,103,"Wisconsin","Richland County",2,78,124,56,68
050,55,103,"Wisconsin","Richland County",2,79,116,52,64
050,55,103,"Wisconsin","Richland County",2,80,118,58,60
050,55,103,"Wisconsin","Richland County",2,81,114,62,52
050,55,103,"Wisconsin","Richland County",2,82,101,49,52
050,55,103,"Wisconsin","Richland County",2,83,83,40,43
050,55,103,"Wisconsin","Richland County",2,84,79,37,42
050,55,103,"Wisconsin","Richland County",2,85,543,195,348
050,55,103,"Wisconsin","Richland County",3,0,167,86,81
050,55,103,"Wisconsin","Richland County",3,1,189,102,87
050,55,103,"Wisconsin","Richland County",3,2,161,84,77
050,55,103,"Wisconsin","Richland County",3,3,162,88,74
050,55,103,"Wisconsin","Richland County",3,4,180,90,90
050,55,103,"Wisconsin","Richland County",3,5,193,103,90
050,55,103,"Wisconsin","Richland County",3,6,186,102,84
050,55,103,"Wisconsin","Richland County",3,7,195,100,95
050,55,103,"Wisconsin","Richland County",3,8,181,86,95
050,55,103,"Wisconsin","Richland County",3,9,176,95,81
050,55,103,"Wisconsin","Richland County",3,10,196,96,100
050,55,103,"Wisconsin","Richland County",3,11,219,107,112
050,55,103,"Wisconsin","Richland County",3,12,239,121,118
050,55,103,"Wisconsin","Richland County",3,13,244,134,110
050,55,103,"Wisconsin","Richland County",3,14,240,125,115
050,55,103,"Wisconsin","Richland County",3,15,240,126,114
050,55,103,"Wisconsin","Richland County",3,16,245,121,124
050,55,103,"Wisconsin","Richland County",3,17,253,123,130
050,55,103,"Wisconsin","Richland County",3,18,185,100,85
050,55,103,"Wisconsin","Richland County",3,19,154,84,70
050,55,103,"Wisconsin","Richland County",3,20,161,87,74
050,55,103,"Wisconsin","Richland County",3,21,166,88,78
050,55,103,"Wisconsin","Richland County",3,22,171,91,80
050,55,103,"Wisconsin","Richland County",3,23,177,92,85
050,55,103,"Wisconsin","Richland County",3,24,170,86,84
050,55,103,"Wisconsin","Richland County",3,25,164,80,84
050,55,103,"Wisconsin","Richland County",3,26,168,86,82
050,55,103,"Wisconsin","Richland County",3,27,169,91,78
050,55,103,"Wisconsin","Richland County",3,28,161,84,77
050,55,103,"Wisconsin","Richland County",3,29,164,90,74
050,55,103,"Wisconsin","Richland County",3,30,157,78,79
050,55,103,"Wisconsin","Richland County",3,31,180,91,89
050,55,103,"Wisconsin","Richland County",3,32,152,80,72
050,55,103,"Wisconsin","Richland County",3,33,171,93,78
050,55,103,"Wisconsin","Richland County",3,34,168,87,81
050,55,103,"Wisconsin","Richland County",3,35,185,90,95
050,55,103,"Wisconsin","Richland County",3,36,163,85,78
050,55,103,"Wisconsin","Richland County",3,37,175,88,87
050,55,103,"Wisconsin","Richland County",3,38,181,86,95
050,55,103,"Wisconsin","Richland County",3,39,199,107,92
050,55,103,"Wisconsin","Richland County",3,40,184,95,89
050,55,103,"Wisconsin","Richland County",3,41,188,101,87
050,55,103,"Wisconsin","Richland County",3,42,177,96,81
050,55,103,"Wisconsin","Richland County",3,43,195,108,87
050,55,103,"Wisconsin","Richland County",3,44,199,101,98
050,55,103,"Wisconsin","Richland County",3,45,189,105,84
050,55,103,"Wisconsin","Richland County",3,46,203,115,88
050,55,103,"Wisconsin","Richland County",3,47,184,108,76
050,55,103,"Wisconsin","Richland County",3,48,184,98,86
050,55,103,"Wisconsin","Richland County",3,49,209,103,106
050,55,103,"Wisconsin","Richland County",3,50,227,115,112
050,55,103,"Wisconsin","Richland County",3,51,238,123,115
050,55,103,"Wisconsin","Richland County",3,52,213,109,104
050,55,103,"Wisconsin","Richland County",3,53,190,92,98
050,55,103,"Wisconsin","Richland County",3,54,209,103,106
050,55,103,"Wisconsin","Richland County",3,55,238,119,119
050,55,103,"Wisconsin","Richland County",3,56,253,125,128
050,55,103,"Wisconsin","Richland County",3,57,220,103,117
050,55,103,"Wisconsin","Richland County",3,58,236,110,126
050,55,103,"Wisconsin","Richland County",3,59,268,136,132
050,55,103,"Wisconsin","Richland County",3,60,278,135,143
050,55,103,"Wisconsin","Richland County",3,61,285,150,135
050,55,103,"Wisconsin","Richland County",3,62,268,140,128
050,55,103,"Wisconsin","Richland County",3,63,269,137,132
050,55,103,"Wisconsin","Richland County",3,64,282,145,137
050,55,103,"Wisconsin","Richland County",3,65,281,141,140
050,55,103,"Wisconsin","Richland County",3,66,274,138,136
050,55,103,"Wisconsin","Richland County",3,67,276,145,131
050,55,103,"Wisconsin","Richland County",3,68,280,148,132
050,55,103,"Wisconsin","Richland County",3,69,282,146,136
050,55,103,"Wisconsin","Richland County",3,70,251,130,121
050,55,103,"Wisconsin","Richland County",3,71,236,122,114
050,55,103,"Wisconsin","Richland County",3,72,197,104,93
050,55,103,"Wisconsin","Richland County",3,73,186,89,97
050,55,103,"Wisconsin","Richland County",3,74,212,108,104
050,55,103,"Wisconsin","Richland County",3,75,149,71,78
050,55,103,"Wisconsin","Richland County",3,76,141,75,66
050,55,103,"Wisconsin","Richland County",3,77,141,72,69
050,55,103,"Wisconsin","Richland County",3,78,142,76,66
050,55,103,"Wisconsin","Richland County",3,79,115,47,68
050,55,103,"Wisconsin","Richland County",3,80,109,45,64
050,55,103,"Wisconsin","Richland County",3,81,111,56,55
050,55,103,"Wisconsin","Richland County",3,82,112,56,56
050,55,103,"Wisconsin","Richland County",3,83,93,46,47
050,55,103,"Wisconsin","Richland County",3,84,80,37,43
050,55,103,"Wisconsin","Richland County",3,85,538,191,347
050,55,103,"Wisconsin","Richland County",4,0,176,95,81
050,55,103,"Wisconsin","Richland County",4,1,171,83,88
050,55,103,"Wisconsin","Richland County",4,2,190,103,87
050,55,103,"Wisconsin","Richland County",4,3,162,86,76
050,55,103,"Wisconsin","Richland County",4,4,165,94,71
050,55,103,"Wisconsin","Richland County",4,5,191,96,95
050,55,103,"Wisconsin","Richland County",4,6,185,97,88
050,55,103,"Wisconsin","Richland County",4,7,184,104,80
050,55,103,"Wisconsin","Richland County",4,8,189,91,98
050,55,103,"Wisconsin","Richland County",4,9,184,97,87
050,55,103,"Wisconsin","Richland County",4,10,185,95,90
050,55,103,"Wisconsin","Richland County",4,11,198,101,97
050,55,103,"Wisconsin","Richland County",4,12,216,103,113
050,55,103,"Wisconsin","Richland County",4,13,241,123,118
050,55,103,"Wisconsin","Richland County",4,14,248,133,115
050,55,103,"Wisconsin","Richland County",4,15,239,121,118
050,55,103,"Wisconsin","Richland County",4,16,240,120,120
050,55,103,"Wisconsin","Richland County",4,17,250,124,126
050,55,103,"Wisconsin","Richland County",4,18,206,102,104
050,55,103,"Wisconsin","Richland County",4,19,153,83,70
050,55,103,"Wisconsin","Richland County",4,20,155,83,72
050,55,103,"Wisconsin","Richland County",4,21,175,88,87
050,55,103,"Wisconsin","Richland County",4,22,169,95,74
050,55,103,"Wisconsin","Richland County",4,23,174,93,81
050,55,103,"Wisconsin","Richland County",4,24,176,104,72
050,55,103,"Wisconsin","Richland County",4,25,158,81,77
050,55,103,"Wisconsin","Richland County",4,26,165,82,83
050,55,103,"Wisconsin","Richland County",4,27,169,89,80
050,55,103,"Wisconsin","Richland County",4,28,167,94,73
050,55,103,"Wisconsin","Richland County",4,29,166,90,76
050,55,103,"Wisconsin","Richland County",4,30,161,87,74
050,55,103,"Wisconsin","Richland County",4,31,159,75,84
050,55,103,"Wisconsin","Richland County",4,32,189,98,91
050,55,103,"Wisconsin","Richland County",4,33,159,83,76
050,55,103,"Wisconsin","Richland County",4,34,174,91,83
050,55,103,"Wisconsin","Richland County",4,35,175,85,90
050,55,103,"Wisconsin","Richland County",4,36,180,89,91
050,55,103,"Wisconsin","Richland County",4,37,162,85,77
050,55,103,"Wisconsin","Richland County",4,38,170,83,87
050,55,103,"Wisconsin","Richland County",4,39,182,91,91
050,55,103,"Wisconsin","Richland County",4,40,196,103,93
050,55,103,"Wisconsin","Richland County",4,41,189,98,91
050,55,103,"Wisconsin","Richland County",4,42,188,97,91
050,55,103,"Wisconsin","Richland County",4,43,181,104,77
050,55,103,"Wisconsin","Richland County",4,44,198,104,94
050,55,103,"Wisconsin","Richland County",4,45,180,94,86
050,55,103,"Wisconsin","Richland County",4,46,194,104,90
050,55,103,"Wisconsin","Richland County",4,47,204,124,80
050,55,103,"Wisconsin","Richland County",4,48,181,105,76
050,55,103,"Wisconsin","Richland County",4,49,189,96,93
050,55,103,"Wisconsin","Richland County",4,50,206,107,99
050,55,103,"Wisconsin","Richland County",4,51,234,121,113
050,55,103,"Wisconsin","Richland County",4,52,233,122,111
050,55,103,"Wisconsin","Richland County",4,53,218,106,112
050,55,103,"Wisconsin","Richland County",4,54,193,96,97
050,55,103,"Wisconsin","Richland County",4,55,202,96,106
050,55,103,"Wisconsin","Richland County",4,56,239,120,119
050,55,103,"Wisconsin","Richland County",4,57,256,129,127
050,55,103,"Wisconsin","Richland County",4,58,222,105,117
050,55,103,"Wisconsin","Richland County",4,59,242,114,128
050,55,103,"Wisconsin","Richland County",4,60,261,134,127
050,55,103,"Wisconsin","Richland County",4,61,280,137,143
050,55,103,"Wisconsin","Richland County",4,62,283,145,138
050,55,103,"Wisconsin","Richland County",4,63,263,133,130
050,55,103,"Wisconsin","Richland County",4,64,275,141,134
050,55,103,"Wisconsin","Richland County",4,65,269,136,133
050,55,103,"Wisconsin","Richland County",4,66,280,139,141
050,55,103,"Wisconsin","Richland County",4,67,273,142,131
050,55,103,"Wisconsin","Richland County",4,68,266,134,132
050,55,103,"Wisconsin","Richland County",4,69,271,143,128
050,55,103,"Wisconsin","Richland County",4,70,273,141,132
050,55,103,"Wisconsin","Richland County",4,71,246,122,124
050,55,103,"Wisconsin","Richland County",4,72,229,121,108
050,55,103,"Wisconsin","Richland County",4,73,196,101,95
050,55,103,"Wisconsin","Richland County",4,74,179,87,92
050,55,103,"Wisconsin","Richland County",4,75,206,109,97
050,55,103,"Wisconsin","Richland County",4,76,142,65,77
050,55,103,"Wisconsin","Richland County",4,77,137,71,66
050,55,103,"Wisconsin","Richland County",4,78,135,74,61
050,55,103,"Wisconsin","Richland County",4,79,132,66,66
050,55,103,"Wisconsin","Richland County",4,80,107,37,70
050,55,103,"Wisconsin","Richland County",4,81,99,42,57
050,55,103,"Wisconsin","Richland County",4,82,104,49,55
050,55,103,"Wisconsin","Richland County",4,83,101,55,46
050,55,103,"Wisconsin","Richland County",4,84,87,42,45
050,55,103,"Wisconsin","Richland County",4,85,531,194,337
050,55,103,"Wisconsin","Richland County",5,0,173,92,81
050,55,103,"Wisconsin","Richland County",5,1,176,93,83
050,55,103,"Wisconsin","Richland County",5,2,179,87,92
050,55,103,"Wisconsin","Richland County",5,3,194,106,88
050,55,103,"Wisconsin","Richland County",5,4,162,90,72
050,55,103,"Wisconsin","Richland County",5,5,167,95,72
050,55,103,"Wisconsin","Richland County",5,6,185,91,94
050,55,103,"Wisconsin","Richland County",5,7,204,109,95
050,55,103,"Wisconsin","Richland County",5,8,193,104,89
050,55,103,"Wisconsin","Richland County",5,9,196,102,94
050,55,103,"Wisconsin","Richland County",5,10,178,88,90
050,55,103,"Wisconsin","Richland County",5,11,178,94,84
050,55,103,"Wisconsin","Richland County",5,12,198,99,99
050,55,103,"Wisconsin","Richland County",5,13,224,108,116
050,55,103,"Wisconsin","Richland County",5,14,240,125,115
050,55,103,"Wisconsin","Richland County",5,15,248,138,110
050,55,103,"Wisconsin","Richland County",5,16,239,119,120
050,55,103,"Wisconsin","Richland County",5,17,250,123,127
050,55,103,"Wisconsin","Richland County",5,18,200,104,96
050,55,103,"Wisconsin","Richland County",5,19,168,91,77
050,55,103,"Wisconsin","Richland County",5,20,160,78,82
050,55,103,"Wisconsin","Richland County",5,21,160,82,78
050,55,103,"Wisconsin","Richland County",5,22,183,89,94
050,55,103,"Wisconsin","Richland County",5,23,181,103,78
050,55,103,"Wisconsin","Richland County",5,24,186,97,89
050,55,103,"Wisconsin","Richland County",5,25,170,100,70
050,55,103,"Wisconsin","Richland County",5,26,169,89,80
050,55,103,"Wisconsin","Richland County",5,27,174,88,86
050,55,103,"Wisconsin","Richland County",5,28,174,87,87
050,55,103,"Wisconsin","Richland County",5,29,162,96,66
050,55,103,"Wisconsin","Richland County",5,30,170,94,76
050,55,103,"Wisconsin","Richland County",5,31,164,89,75
050,55,103,"Wisconsin","Richland County",5,32,165,81,84
050,55,103,"Wisconsin","Richland County",5,33,200,105,95
050,55,103,"Wisconsin","Richland County",5,34,164,83,81
050,55,103,"Wisconsin","Richland County",5,35,195,97,98
050,55,103,"Wisconsin","Richland County",5,36,167,86,81
050,55,103,"Wisconsin","Richland County",5,37,184,93,91
050,55,103,"Wisconsin","Richland County",5,38,176,95,81
050,55,103,"Wisconsin","Richland County",5,39,177,84,93
050,55,103,"Wisconsin","Richland County",5,40,184,93,91
050,55,103,"Wisconsin","Richland County",5,41,198,101,97
050,55,103,"Wisconsin","Richland County",5,42,189,98,91
050,55,103,"Wisconsin","Richland County",5,43,196,101,95
050,55,103,"Wisconsin","Richland County",5,44,183,102,81
050,55,103,"Wisconsin","Richland County",5,45,200,109,91
050,55,103,"Wisconsin","Richland County",5,46,183,92,91
050,55,103,"Wisconsin","Richland County",5,47,190,111,79
050,55,103,"Wisconsin","Richland County",5,48,197,117,80
050,55,103,"Wisconsin","Richland County",5,49,184,97,87
050,55,103,"Wisconsin","Richland County",5,50,180,92,88
050,55,103,"Wisconsin","Richland County",5,51,215,111,104
050,55,103,"Wisconsin","Richland County",5,52,231,121,110
050,55,103,"Wisconsin","Richland County",5,53,236,123,113
050,55,103,"Wisconsin","Richland County",5,54,223,112,111
050,55,103,"Wisconsin","Richland County",5,55,177,89,88
050,55,103,"Wisconsin","Richland County",5,56,207,102,105
050,55,103,"Wisconsin","Richland County",5,57,243,120,123
050,55,103,"Wisconsin","Richland County",5,58,257,129,128
050,55,103,"Wisconsin","Richland County",5,59,221,110,111
050,55,103,"Wisconsin","Richland County",5,60,239,114,125
050,55,103,"Wisconsin","Richland County",5,61,261,136,125
050,55,103,"Wisconsin","Richland County",5,62,288,138,150
050,55,103,"Wisconsin","Richland County",5,63,283,143,140
050,55,103,"Wisconsin","Richland County",5,64,273,142,131
050,55,103,"Wisconsin","Richland County",5,65,272,135,137
050,55,103,"Wisconsin","Richland County",5,66,269,136,133
050,55,103,"Wisconsin","Richland County",5,67,274,138,136
050,55,103,"Wisconsin","Richland County",5,68,263,131,132
050,55,103,"Wisconsin","Richland County",5,69,256,124,132
050,55,103,"Wisconsin","Richland County",5,70,254,136,118
050,55,103,"Wisconsin","Richland County",5,71,274,137,137
050,55,103,"Wisconsin","Richland County",5,72,245,124,121
050,55,103,"Wisconsin","Richland County",5,73,232,117,115
050,55,103,"Wisconsin","Richland County",5,74,189,99,90
050,55,103,"Wisconsin","Richland County",5,75,166,84,82
050,55,103,"Wisconsin","Richland County",5,76,204,107,97
050,55,103,"Wisconsin","Richland County",5,77,134,61,73
050,55,103,"Wisconsin","Richland County",5,78,131,71,60
050,55,103,"Wisconsin","Richland County",5,79,128,65,63
050,55,103,"Wisconsin","Richland County",5,80,118,55,63
050,55,103,"Wisconsin","Richland County",5,81,97,35,62
050,55,103,"Wisconsin","Richland County",5,82,93,35,58
050,55,103,"Wisconsin","Richland County",5,83,91,45,46
050,55,103,"Wisconsin","Richland County",5,84,98,53,45
050,55,103,"Wisconsin","Richland County",5,85,538,201,337
050,55,105,"Wisconsin","Rock County",1,0,1810,927,883
050,55,105,"Wisconsin","Rock County",1,1,1839,956,883
050,55,105,"Wisconsin","Rock County",1,2,1888,968,920
050,55,105,"Wisconsin","Rock County",1,3,2013,1013,1000
050,55,105,"Wisconsin","Rock County",1,4,2026,1051,975
050,55,105,"Wisconsin","Rock County",1,5,2059,1086,973
050,55,105,"Wisconsin","Rock County",1,6,2002,1055,947
050,55,105,"Wisconsin","Rock County",1,7,1974,1004,970
050,55,105,"Wisconsin","Rock County",1,8,2000,1025,975
050,55,105,"Wisconsin","Rock County",1,9,2048,1065,983
050,55,105,"Wisconsin","Rock County",1,10,2107,1097,1010
050,55,105,"Wisconsin","Rock County",1,11,2175,1132,1043
050,55,105,"Wisconsin","Rock County",1,12,2280,1180,1100
050,55,105,"Wisconsin","Rock County",1,13,2348,1195,1153
050,55,105,"Wisconsin","Rock County",1,14,2311,1198,1113
050,55,105,"Wisconsin","Rock County",1,15,2261,1154,1107
050,55,105,"Wisconsin","Rock County",1,16,2291,1152,1139
050,55,105,"Wisconsin","Rock County",1,17,2261,1143,1118
050,55,105,"Wisconsin","Rock County",1,18,2106,1086,1020
050,55,105,"Wisconsin","Rock County",1,19,1913,985,928
050,55,105,"Wisconsin","Rock County",1,20,2008,1031,977
050,55,105,"Wisconsin","Rock County",1,21,1981,1017,964
050,55,105,"Wisconsin","Rock County",1,22,1924,979,945
050,55,105,"Wisconsin","Rock County",1,23,1815,910,905
050,55,105,"Wisconsin","Rock County",1,24,1873,967,906
050,55,105,"Wisconsin","Rock County",1,25,1890,973,917
050,55,105,"Wisconsin","Rock County",1,26,2003,985,1018
050,55,105,"Wisconsin","Rock County",1,27,2102,1055,1047
050,55,105,"Wisconsin","Rock County",1,28,2118,1063,1055
050,55,105,"Wisconsin","Rock County",1,29,1991,1020,971
050,55,105,"Wisconsin","Rock County",1,30,1920,955,965
050,55,105,"Wisconsin","Rock County",1,31,1896,977,919
050,55,105,"Wisconsin","Rock County",1,32,1854,931,923
050,55,105,"Wisconsin","Rock County",1,33,1985,989,996
050,55,105,"Wisconsin","Rock County",1,34,2117,1073,1044
050,55,105,"Wisconsin","Rock County",1,35,2094,1032,1062
050,55,105,"Wisconsin","Rock County",1,36,2072,987,1085
050,55,105,"Wisconsin","Rock County",1,37,2118,1025,1093
050,55,105,"Wisconsin","Rock County",1,38,2107,1027,1080
050,55,105,"Wisconsin","Rock County",1,39,2115,1071,1044
050,55,105,"Wisconsin","Rock County",1,40,2177,1109,1068
050,55,105,"Wisconsin","Rock County",1,41,2048,1071,977
050,55,105,"Wisconsin","Rock County",1,42,2019,1037,982
050,55,105,"Wisconsin","Rock County",1,43,1943,987,956
050,55,105,"Wisconsin","Rock County",1,44,1906,978,928
050,55,105,"Wisconsin","Rock County",1,45,1978,990,988
050,55,105,"Wisconsin","Rock County",1,46,1868,924,944
050,55,105,"Wisconsin","Rock County",1,47,1927,955,972
050,55,105,"Wisconsin","Rock County",1,48,2087,1024,1063
050,55,105,"Wisconsin","Rock County",1,49,2210,1100,1110
050,55,105,"Wisconsin","Rock County",1,50,2221,1124,1097
050,55,105,"Wisconsin","Rock County",1,51,2117,1072,1045
050,55,105,"Wisconsin","Rock County",1,52,2118,1086,1032
050,55,105,"Wisconsin","Rock County",1,53,2196,1114,1082
050,55,105,"Wisconsin","Rock County",1,54,2208,1094,1114
050,55,105,"Wisconsin","Rock County",1,55,2311,1138,1173
050,55,105,"Wisconsin","Rock County",1,56,2438,1240,1198
050,55,105,"Wisconsin","Rock County",1,57,2397,1185,1212
050,55,105,"Wisconsin","Rock County",1,58,2412,1187,1225
050,55,105,"Wisconsin","Rock County",1,59,2387,1216,1171
050,55,105,"Wisconsin","Rock County",1,60,2431,1226,1205
050,55,105,"Wisconsin","Rock County",1,61,2373,1162,1211
050,55,105,"Wisconsin","Rock County",1,62,2247,1115,1132
050,55,105,"Wisconsin","Rock County",1,63,2215,1062,1153
050,55,105,"Wisconsin","Rock County",1,64,2142,1056,1086
050,55,105,"Wisconsin","Rock County",1,65,2051,1001,1050
050,55,105,"Wisconsin","Rock County",1,66,2009,991,1018
050,55,105,"Wisconsin","Rock County",1,67,1875,893,982
050,55,105,"Wisconsin","Rock County",1,68,1803,881,922
050,55,105,"Wisconsin","Rock County",1,69,1621,783,838
050,55,105,"Wisconsin","Rock County",1,70,1556,740,816
050,55,105,"Wisconsin","Rock County",1,71,1523,712,811
050,55,105,"Wisconsin","Rock County",1,72,1537,714,823
050,55,105,"Wisconsin","Rock County",1,73,1521,717,804
050,55,105,"Wisconsin","Rock County",1,74,1042,482,560
050,55,105,"Wisconsin","Rock County",1,75,1069,490,579
050,55,105,"Wisconsin","Rock County",1,76,1028,464,564
050,55,105,"Wisconsin","Rock County",1,77,1003,451,552
050,55,105,"Wisconsin","Rock County",1,78,877,395,482
050,55,105,"Wisconsin","Rock County",1,79,819,370,449
050,55,105,"Wisconsin","Rock County",1,80,738,322,416
050,55,105,"Wisconsin","Rock County",1,81,729,318,411
050,55,105,"Wisconsin","Rock County",1,82,691,301,390
050,55,105,"Wisconsin","Rock County",1,83,585,243,342
050,55,105,"Wisconsin","Rock County",1,84,511,208,303
050,55,105,"Wisconsin","Rock County",1,85,3031,1039,1992
050,55,105,"Wisconsin","Rock County",2,0,1819,960,859
050,55,105,"Wisconsin","Rock County",2,1,1824,948,876
050,55,105,"Wisconsin","Rock County",2,2,1876,965,911
050,55,105,"Wisconsin","Rock County",2,3,1971,997,974
050,55,105,"Wisconsin","Rock County",2,4,2029,1043,986
050,55,105,"Wisconsin","Rock County",2,5,2056,1080,976
050,55,105,"Wisconsin","Rock County",2,6,2023,1066,957
050,55,105,"Wisconsin","Rock County",2,7,1981,1014,967
050,55,105,"Wisconsin","Rock County",2,8,1984,1014,970
050,55,105,"Wisconsin","Rock County",2,9,2028,1051,977
050,55,105,"Wisconsin","Rock County",2,10,2093,1094,999
050,55,105,"Wisconsin","Rock County",2,11,2150,1119,1031
050,55,105,"Wisconsin","Rock County",2,12,2259,1170,1089
050,55,105,"Wisconsin","Rock County",2,13,2327,1190,1137
050,55,105,"Wisconsin","Rock County",2,14,2317,1198,1119
050,55,105,"Wisconsin","Rock County",2,15,2275,1169,1106
050,55,105,"Wisconsin","Rock County",2,16,2290,1159,1131
050,55,105,"Wisconsin","Rock County",2,17,2270,1146,1124
050,55,105,"Wisconsin","Rock County",2,18,2088,1074,1014
050,55,105,"Wisconsin","Rock County",2,19,1920,988,932
050,55,105,"Wisconsin","Rock County",2,20,2023,1039,984
050,55,105,"Wisconsin","Rock County",2,21,1992,1020,972
050,55,105,"Wisconsin","Rock County",2,22,1940,987,953
050,55,105,"Wisconsin","Rock County",2,23,1839,926,913
050,55,105,"Wisconsin","Rock County",2,24,1851,953,898
050,55,105,"Wisconsin","Rock County",2,25,1896,978,918
050,55,105,"Wisconsin","Rock County",2,26,1980,983,997
050,55,105,"Wisconsin","Rock County",2,27,2087,1046,1041
050,55,105,"Wisconsin","Rock County",2,28,2129,1071,1058
050,55,105,"Wisconsin","Rock County",2,29,2033,1035,998
050,55,105,"Wisconsin","Rock County",2,30,1947,974,973
050,55,105,"Wisconsin","Rock County",2,31,1906,974,932
050,55,105,"Wisconsin","Rock County",2,32,1861,943,918
050,55,105,"Wisconsin","Rock County",2,33,1948,973,975
050,55,105,"Wisconsin","Rock County",2,34,2084,1051,1033
050,55,105,"Wisconsin","Rock County",2,35,2119,1050,1069
050,55,105,"Wisconsin","Rock County",2,36,2062,990,1072
050,55,105,"Wisconsin","Rock County",2,37,2113,1023,1090
050,55,105,"Wisconsin","Rock County",2,38,2119,1033,1086
050,55,105,"Wisconsin","Rock County",2,39,2106,1055,1051
050,55,105,"Wisconsin","Rock County",2,40,2181,1112,1069
050,55,105,"Wisconsin","Rock County",2,41,2076,1080,996
050,55,105,"Wisconsin","Rock County",2,42,2015,1041,974
050,55,105,"Wisconsin","Rock County",2,43,1971,1003,968
050,55,105,"Wisconsin","Rock County",2,44,1900,974,926
050,55,105,"Wisconsin","Rock County",2,45,1977,994,983
050,55,105,"Wisconsin","Rock County",2,46,1879,929,950
050,55,105,"Wisconsin","Rock County",2,47,1916,949,967
050,55,105,"Wisconsin","Rock County",2,48,2045,1002,1043
050,55,105,"Wisconsin","Rock County",2,49,2191,1091,1100
050,55,105,"Wisconsin","Rock County",2,50,2230,1127,1103
050,55,105,"Wisconsin","Rock County",2,51,2129,1080,1049
050,55,105,"Wisconsin","Rock County",2,52,2110,1081,1029
050,55,105,"Wisconsin","Rock County",2,53,2168,1103,1065
050,55,105,"Wisconsin","Rock County",2,54,2199,1095,1104
050,55,105,"Wisconsin","Rock County",2,55,2285,1129,1156
050,55,105,"Wisconsin","Rock County",2,56,2404,1213,1191
050,55,105,"Wisconsin","Rock County",2,57,2408,1197,1211
050,55,105,"Wisconsin","Rock County",2,58,2401,1182,1219
050,55,105,"Wisconsin","Rock County",2,59,2412,1222,1190
050,55,105,"Wisconsin","Rock County",2,60,2416,1219,1197
050,55,105,"Wisconsin","Rock County",2,61,2366,1162,1204
050,55,105,"Wisconsin","Rock County",2,62,2277,1126,1151
050,55,105,"Wisconsin","Rock County",2,63,2232,1076,1156
050,55,105,"Wisconsin","Rock County",2,64,2143,1051,1092
050,55,105,"Wisconsin","Rock County",2,65,2064,1013,1051
050,55,105,"Wisconsin","Rock County",2,66,2017,991,1026
050,55,105,"Wisconsin","Rock County",2,67,1900,910,990
050,55,105,"Wisconsin","Rock County",2,68,1807,876,931
050,55,105,"Wisconsin","Rock County",2,69,1672,811,861
050,55,105,"Wisconsin","Rock County",2,70,1558,740,818
050,55,105,"Wisconsin","Rock County",2,71,1524,711,813
050,55,105,"Wisconsin","Rock County",2,72,1500,693,807
050,55,105,"Wisconsin","Rock County",2,73,1590,747,843
050,55,105,"Wisconsin","Rock County",2,74,1077,495,582
050,55,105,"Wisconsin","Rock County",2,75,1065,489,576
050,55,105,"Wisconsin","Rock County",2,76,1028,469,559
050,55,105,"Wisconsin","Rock County",2,77,1020,461,559
050,55,105,"Wisconsin","Rock County",2,78,881,397,484
050,55,105,"Wisconsin","Rock County",2,79,826,369,457
050,55,105,"Wisconsin","Rock County",2,80,747,326,421
050,55,105,"Wisconsin","Rock County",2,81,725,316,409
050,55,105,"Wisconsin","Rock County",2,82,686,296,390
050,55,105,"Wisconsin","Rock County",2,83,587,244,343
050,55,105,"Wisconsin","Rock County",2,84,516,210,306
050,55,105,"Wisconsin","Rock County",2,85,3022,1030,1992
050,55,105,"Wisconsin","Rock County",3,0,1790,917,873
050,55,105,"Wisconsin","Rock County",3,1,1866,988,878
050,55,105,"Wisconsin","Rock County",3,2,1839,962,877
050,55,105,"Wisconsin","Rock County",3,3,1896,981,915
050,55,105,"Wisconsin","Rock County",3,4,1984,1001,983
050,55,105,"Wisconsin","Rock County",3,5,2054,1045,1009
050,55,105,"Wisconsin","Rock County",3,6,2069,1083,986
050,55,105,"Wisconsin","Rock County",3,7,2042,1087,955
050,55,105,"Wisconsin","Rock County",3,8,1973,1001,972
050,55,105,"Wisconsin","Rock County",3,9,2028,1044,984
050,55,105,"Wisconsin","Rock County",3,10,2057,1061,996
050,55,105,"Wisconsin","Rock County",3,11,2097,1107,990
050,55,105,"Wisconsin","Rock County",3,12,2130,1097,1033
050,55,105,"Wisconsin","Rock County",3,13,2301,1198,1103
050,55,105,"Wisconsin","Rock County",3,14,2325,1178,1147
050,55,105,"Wisconsin","Rock County",3,15,2329,1191,1138
050,55,105,"Wisconsin","Rock County",3,16,2229,1134,1095
050,55,105,"Wisconsin","Rock County",3,17,2284,1157,1127
050,55,105,"Wisconsin","Rock County",3,18,2072,1056,1016
050,55,105,"Wisconsin","Rock County",3,19,1827,932,895
050,55,105,"Wisconsin","Rock County",3,20,1963,1010,953
050,55,105,"Wisconsin","Rock County",3,21,1987,1018,969
050,55,105,"Wisconsin","Rock County",3,22,2020,1027,993
050,55,105,"Wisconsin","Rock County",3,23,1903,958,945
050,55,105,"Wisconsin","Rock County",3,24,1844,939,905
050,55,105,"Wisconsin","Rock County",3,25,1931,968,963
050,55,105,"Wisconsin","Rock County",3,26,1973,1034,939
050,55,105,"Wisconsin","Rock County",3,27,2047,1031,1016
050,55,105,"Wisconsin","Rock County",3,28,2096,1045,1051
050,55,105,"Wisconsin","Rock County",3,29,2193,1109,1084
050,55,105,"Wisconsin","Rock County",3,30,2054,1039,1015
050,55,105,"Wisconsin","Rock County",3,31,1998,986,1012
050,55,105,"Wisconsin","Rock County",3,32,1946,1019,927
050,55,105,"Wisconsin","Rock County",3,33,1876,947,929
050,55,105,"Wisconsin","Rock County",3,34,1964,954,1010
050,55,105,"Wisconsin","Rock County",3,35,2140,1073,1067
050,55,105,"Wisconsin","Rock County",3,36,2084,1034,1050
050,55,105,"Wisconsin","Rock County",3,37,2091,1019,1072
050,55,105,"Wisconsin","Rock County",3,38,2108,1042,1066
050,55,105,"Wisconsin","Rock County",3,39,2143,1060,1083
050,55,105,"Wisconsin","Rock County",3,40,2113,1051,1062
050,55,105,"Wisconsin","Rock County",3,41,2173,1115,1058
050,55,105,"Wisconsin","Rock County",3,42,2064,1071,993
050,55,105,"Wisconsin","Rock County",3,43,2022,1042,980
050,55,105,"Wisconsin","Rock County",3,44,1965,1007,958
050,55,105,"Wisconsin","Rock County",3,45,1918,970,948
050,55,105,"Wisconsin","Rock County",3,46,1923,966,957
050,55,105,"Wisconsin","Rock County",3,47,1867,924,943
050,55,105,"Wisconsin","Rock County",3,48,1936,947,989
050,55,105,"Wisconsin","Rock County",3,49,2013,998,1015
050,55,105,"Wisconsin","Rock County",3,50,2217,1113,1104
050,55,105,"Wisconsin","Rock County",3,51,2209,1115,1094
050,55,105,"Wisconsin","Rock County",3,52,2116,1063,1053
050,55,105,"Wisconsin","Rock County",3,53,2107,1075,1032
050,55,105,"Wisconsin","Rock County",3,54,2188,1100,1088
050,55,105,"Wisconsin","Rock County",3,55,2211,1106,1105
050,55,105,"Wisconsin","Rock County",3,56,2264,1114,1150
050,55,105,"Wisconsin","Rock County",3,57,2404,1203,1201
050,55,105,"Wisconsin","Rock County",3,58,2430,1208,1222
050,55,105,"Wisconsin","Rock County",3,59,2401,1195,1206
050,55,105,"Wisconsin","Rock County",3,60,2402,1222,1180
050,55,105,"Wisconsin","Rock County",3,61,2395,1194,1201
050,55,105,"Wisconsin","Rock County",3,62,2344,1163,1181
050,55,105,"Wisconsin","Rock County",3,63,2238,1095,1143
050,55,105,"Wisconsin","Rock County",3,64,2217,1079,1138
050,55,105,"Wisconsin","Rock County",3,65,2088,1017,1071
050,55,105,"Wisconsin","Rock County",3,66,2027,985,1042
050,55,105,"Wisconsin","Rock County",3,67,1986,962,1024
050,55,105,"Wisconsin","Rock County",3,68,1861,888,973
050,55,105,"Wisconsin","Rock County",3,69,1781,866,915
050,55,105,"Wisconsin","Rock County",3,70,1628,779,849
050,55,105,"Wisconsin","Rock County",3,71,1506,697,809
050,55,105,"Wisconsin","Rock County",3,72,1498,685,813
050,55,105,"Wisconsin","Rock County",3,73,1442,659,783
050,55,105,"Wisconsin","Rock County",3,74,1548,722,826
050,55,105,"Wisconsin","Rock County",3,75,1053,473,580
050,55,105,"Wisconsin","Rock County",3,76,1032,476,556
050,55,105,"Wisconsin","Rock County",3,77,964,441,523
050,55,105,"Wisconsin","Rock County",3,78,973,433,540
050,55,105,"Wisconsin","Rock County",3,79,829,364,465
050,55,105,"Wisconsin","Rock County",3,80,777,338,439
050,55,105,"Wisconsin","Rock County",3,81,705,309,396
050,55,105,"Wisconsin","Rock County",3,82,664,289,375
050,55,105,"Wisconsin","Rock County",3,83,633,261,372
050,55,105,"Wisconsin","Rock County",3,84,545,219,326
050,55,105,"Wisconsin","Rock County",3,85,2885,1007,1878
050,55,105,"Wisconsin","Rock County",4,0,1748,863,885
050,55,105,"Wisconsin","Rock County",4,1,1819,929,890
050,55,105,"Wisconsin","Rock County",4,2,1843,984,859
050,55,105,"Wisconsin","Rock County",4,3,1816,941,875
050,55,105,"Wisconsin","Rock County",4,4,1892,970,922
050,55,105,"Wisconsin","Rock County",4,5,1993,1022,971
050,55,105,"Wisconsin","Rock County",4,6,2042,1045,997
050,55,105,"Wisconsin","Rock County",4,7,2061,1080,981
050,55,105,"Wisconsin","Rock County",4,8,2014,1075,939
050,55,105,"Wisconsin","Rock County",4,9,1975,989,986
050,55,105,"Wisconsin","Rock County",4,10,2012,1034,978
050,55,105,"Wisconsin","Rock County",4,11,2032,1061,971
050,55,105,"Wisconsin","Rock County",4,12,2092,1106,986
050,55,105,"Wisconsin","Rock County",4,13,2152,1109,1043
050,55,105,"Wisconsin","Rock County",4,14,2273,1178,1095
050,55,105,"Wisconsin","Rock County",4,15,2339,1194,1145
050,55,105,"Wisconsin","Rock County",4,16,2318,1194,1124
050,55,105,"Wisconsin","Rock County",4,17,2229,1138,1091
050,55,105,"Wisconsin","Rock County",4,18,2061,1072,989
050,55,105,"Wisconsin","Rock County",4,19,1813,926,887
050,55,105,"Wisconsin","Rock County",4,20,1903,970,933
050,55,105,"Wisconsin","Rock County",4,21,1974,983,991
050,55,105,"Wisconsin","Rock County",4,22,2051,1036,1015
050,55,105,"Wisconsin","Rock County",4,23,1962,1001,961
050,55,105,"Wisconsin","Rock County",4,24,1888,968,920
050,55,105,"Wisconsin","Rock County",4,25,1880,955,925
050,55,105,"Wisconsin","Rock County",4,26,1968,971,997
050,55,105,"Wisconsin","Rock County",4,27,1971,1015,956
050,55,105,"Wisconsin","Rock County",4,28,2075,1034,1041
050,55,105,"Wisconsin","Rock County",4,29,2127,1075,1052
050,55,105,"Wisconsin","Rock County",4,30,2216,1111,1105
050,55,105,"Wisconsin","Rock County",4,31,2077,1052,1025
050,55,105,"Wisconsin","Rock County",4,32,2026,1014,1012
050,55,105,"Wisconsin","Rock County",4,33,1938,1021,917
050,55,105,"Wisconsin","Rock County",4,34,1865,937,928
050,55,105,"Wisconsin","Rock County",4,35,1981,953,1028
050,55,105,"Wisconsin","Rock County",4,36,2122,1066,1056
050,55,105,"Wisconsin","Rock County",4,37,2120,1070,1050
050,55,105,"Wisconsin","Rock County",4,38,2074,1011,1063
050,55,105,"Wisconsin","Rock County",4,39,2114,1036,1078
050,55,105,"Wisconsin","Rock County",4,40,2140,1063,1077
050,55,105,"Wisconsin","Rock County",4,41,2101,1050,1051
050,55,105,"Wisconsin","Rock County",4,42,2176,1107,1069
050,55,105,"Wisconsin","Rock County",4,43,2069,1065,1004
050,55,105,"Wisconsin","Rock County",4,44,1999,1044,955
050,55,105,"Wisconsin","Rock County",4,45,1955,992,963
050,55,105,"Wisconsin","Rock County",4,46,1850,920,930
050,55,105,"Wisconsin","Rock County",4,47,1934,976,958
050,55,105,"Wisconsin","Rock County",4,48,1876,927,949
050,55,105,"Wisconsin","Rock County",4,49,1912,939,973
050,55,105,"Wisconsin","Rock County",4,50,2042,1015,1027
050,55,105,"Wisconsin","Rock County",4,51,2180,1099,1081
050,55,105,"Wisconsin","Rock County",4,52,2208,1110,1098
050,55,105,"Wisconsin","Rock County",4,53,2114,1059,1055
050,55,105,"Wisconsin","Rock County",4,54,2108,1068,1040
050,55,105,"Wisconsin","Rock County",4,55,2180,1095,1085
050,55,105,"Wisconsin","Rock County",4,56,2189,1099,1090
050,55,105,"Wisconsin","Rock County",4,57,2239,1091,1148
050,55,105,"Wisconsin","Rock County",4,58,2382,1191,1191
050,55,105,"Wisconsin","Rock County",4,59,2424,1210,1214
050,55,105,"Wisconsin","Rock County",4,60,2388,1172,1216
050,55,105,"Wisconsin","Rock County",4,61,2338,1178,1160
050,55,105,"Wisconsin","Rock County",4,62,2366,1184,1182
050,55,105,"Wisconsin","Rock County",4,63,2317,1127,1190
050,55,105,"Wisconsin","Rock County",4,64,2221,1093,1128
050,55,105,"Wisconsin","Rock County",4,65,2160,1051,1109
050,55,105,"Wisconsin","Rock County",4,66,2029,979,1050
050,55,105,"Wisconsin","Rock County",4,67,2004,973,1031
050,55,105,"Wisconsin","Rock County",4,68,1936,932,1004
050,55,105,"Wisconsin","Rock County",4,69,1865,896,969
050,55,105,"Wisconsin","Rock County",4,70,1737,832,905
050,55,105,"Wisconsin","Rock County",4,71,1592,750,842
050,55,105,"Wisconsin","Rock County",4,72,1486,685,801
050,55,105,"Wisconsin","Rock County",4,73,1459,666,793
050,55,105,"Wisconsin","Rock County",4,74,1396,637,759
050,55,105,"Wisconsin","Rock County",4,75,1504,701,803
050,55,105,"Wisconsin","Rock County",4,76,1033,468,565
050,55,105,"Wisconsin","Rock County",4,77,977,447,530
050,55,105,"Wisconsin","Rock County",4,78,928,422,506
050,55,105,"Wisconsin","Rock County",4,79,932,409,523
050,55,105,"Wisconsin","Rock County",4,80,789,340,449
050,55,105,"Wisconsin","Rock County",4,81,737,317,420
050,55,105,"Wisconsin","Rock County",4,82,644,285,359
050,55,105,"Wisconsin","Rock County",4,83,598,253,345
050,55,105,"Wisconsin","Rock County",4,84,573,220,353
050,55,105,"Wisconsin","Rock County",4,85,2898,1011,1887
050,55,105,"Wisconsin","Rock County",5,0,1751,869,882
050,55,105,"Wisconsin","Rock County",5,1,1746,852,894
050,55,105,"Wisconsin","Rock County",5,2,1847,946,901
050,55,105,"Wisconsin","Rock County",5,3,1864,984,880
050,55,105,"Wisconsin","Rock County",5,4,1823,944,879
050,55,105,"Wisconsin","Rock County",5,5,1905,986,919
050,55,105,"Wisconsin","Rock County",5,6,1999,1011,988
050,55,105,"Wisconsin","Rock County",5,7,2027,1038,989
050,55,105,"Wisconsin","Rock County",5,8,2098,1101,997
050,55,105,"Wisconsin","Rock County",5,9,2038,1070,968
050,55,105,"Wisconsin","Rock County",5,10,1977,1004,973
050,55,105,"Wisconsin","Rock County",5,11,2011,1051,960
050,55,105,"Wisconsin","Rock County",5,12,2057,1071,986
050,55,105,"Wisconsin","Rock County",5,13,2115,1110,1005
050,55,105,"Wisconsin","Rock County",5,14,2198,1124,1074
050,55,105,"Wisconsin","Rock County",5,15,2273,1179,1094
050,55,105,"Wisconsin","Rock County",5,16,2321,1173,1148
050,55,105,"Wisconsin","Rock County",5,17,2338,1189,1149
050,55,105,"Wisconsin","Rock County",5,18,2038,1057,981
050,55,105,"Wisconsin","Rock County",5,19,1849,956,893
050,55,105,"Wisconsin","Rock County",5,20,1920,978,942
050,55,105,"Wisconsin","Rock County",5,21,1907,964,943
050,55,105,"Wisconsin","Rock County",5,22,2035,1020,1015
050,55,105,"Wisconsin","Rock County",5,23,2033,1044,989
050,55,105,"Wisconsin","Rock County",5,24,1968,1018,950
050,55,105,"Wisconsin","Rock County",5,25,1911,983,928
050,55,105,"Wisconsin","Rock County",5,26,1881,945,936
050,55,105,"Wisconsin","Rock County",5,27,1981,989,992
050,55,105,"Wisconsin","Rock County",5,28,2014,1039,975
050,55,105,"Wisconsin","Rock County",5,29,2164,1077,1087
050,55,105,"Wisconsin","Rock County",5,30,2157,1082,1075
050,55,105,"Wisconsin","Rock County",5,31,2250,1128,1122
050,55,105,"Wisconsin","Rock County",5,32,2034,1040,994
050,55,105,"Wisconsin","Rock County",5,33,2044,1021,1023
050,55,105,"Wisconsin","Rock County",5,34,1959,1025,934
050,55,105,"Wisconsin","Rock County",5,35,1891,953,938
050,55,105,"Wisconsin","Rock County",5,36,1972,943,1029
050,55,105,"Wisconsin","Rock County",5,37,2124,1062,1062
050,55,105,"Wisconsin","Rock County",5,38,2133,1070,1063
050,55,105,"Wisconsin","Rock County",5,39,2065,1000,1065
050,55,105,"Wisconsin","Rock County",5,40,2140,1048,1092
050,55,105,"Wisconsin","Rock County",5,41,2118,1061,1057
050,55,105,"Wisconsin","Rock County",5,42,2115,1055,1060
050,55,105,"Wisconsin","Rock County",5,43,2192,1113,1079
050,55,105,"Wisconsin","Rock County",5,44,2056,1056,1000
050,55,105,"Wisconsin","Rock County",5,45,2006,1047,959
050,55,105,"Wisconsin","Rock County",5,46,1890,947,943
050,55,105,"Wisconsin","Rock County",5,47,1860,925,935
050,55,105,"Wisconsin","Rock County",5,48,1923,967,956
050,55,105,"Wisconsin","Rock County",5,49,1870,925,945
050,55,105,"Wisconsin","Rock County",5,50,1948,960,988
050,55,105,"Wisconsin","Rock County",5,51,1997,1004,993
050,55,105,"Wisconsin","Rock County",5,52,2192,1108,1084
050,55,105,"Wisconsin","Rock County",5,53,2181,1087,1094
050,55,105,"Wisconsin","Rock County",5,54,2094,1040,1054
050,55,105,"Wisconsin","Rock County",5,55,2105,1071,1034
050,55,105,"Wisconsin","Rock County",5,56,2157,1080,1077
050,55,105,"Wisconsin","Rock County",5,57,2157,1073,1084
050,55,105,"Wisconsin","Rock County",5,58,2230,1079,1151
050,55,105,"Wisconsin","Rock County",5,59,2373,1193,1180
050,55,105,"Wisconsin","Rock County",5,60,2406,1206,1200
050,55,105,"Wisconsin","Rock County",5,61,2348,1137,1211
050,55,105,"Wisconsin","Rock County",5,62,2323,1176,1147
050,55,105,"Wisconsin","Rock County",5,63,2346,1161,1185
050,55,105,"Wisconsin","Rock County",5,64,2299,1125,1174
050,55,105,"Wisconsin","Rock County",5,65,2197,1074,1123
050,55,105,"Wisconsin","Rock County",5,66,2109,1023,1086
050,55,105,"Wisconsin","Rock County",5,67,1988,957,1031
050,55,105,"Wisconsin","Rock County",5,68,1965,945,1020
050,55,105,"Wisconsin","Rock County",5,69,1913,929,984
050,55,105,"Wisconsin","Rock County",5,70,1853,886,967
050,55,105,"Wisconsin","Rock County",5,71,1699,807,892
050,55,105,"Wisconsin","Rock County",5,72,1572,739,833
050,55,105,"Wisconsin","Rock County",5,73,1442,667,775
050,55,105,"Wisconsin","Rock County",5,74,1424,647,777
050,55,105,"Wisconsin","Rock County",5,75,1346,612,734
050,55,105,"Wisconsin","Rock County",5,76,1482,694,788
050,55,105,"Wisconsin","Rock County",5,77,994,447,547
050,55,105,"Wisconsin","Rock County",5,78,944,426,518
050,55,105,"Wisconsin","Rock County",5,79,881,398,483
050,55,105,"Wisconsin","Rock County",5,80,891,378,513
050,55,105,"Wisconsin","Rock County",5,81,750,325,425
050,55,105,"Wisconsin","Rock County",5,82,683,296,387
050,55,105,"Wisconsin","Rock County",5,83,583,251,332
050,55,105,"Wisconsin","Rock County",5,84,553,227,326
050,55,105,"Wisconsin","Rock County",5,85,2965,1041,1924
050,55,107,"Wisconsin","Rusk County",1,0,143,75,68
050,55,107,"Wisconsin","Rusk County",1,1,140,75,65
050,55,107,"Wisconsin","Rusk County",1,2,146,78,68
050,55,107,"Wisconsin","Rusk County",1,3,146,83,63
050,55,107,"Wisconsin","Rusk County",1,4,150,73,77
050,55,107,"Wisconsin","Rusk County",1,5,153,79,74
050,55,107,"Wisconsin","Rusk County",1,6,142,66,76
050,55,107,"Wisconsin","Rusk County",1,7,133,78,55
050,55,107,"Wisconsin","Rusk County",1,8,154,75,79
050,55,107,"Wisconsin","Rusk County",1,9,168,91,77
050,55,107,"Wisconsin","Rusk County",1,10,185,102,83
050,55,107,"Wisconsin","Rusk County",1,11,180,94,86
050,55,107,"Wisconsin","Rusk County",1,12,184,104,80
050,55,107,"Wisconsin","Rusk County",1,13,177,98,79
050,55,107,"Wisconsin","Rusk County",1,14,157,83,74
050,55,107,"Wisconsin","Rusk County",1,15,159,75,84
050,55,107,"Wisconsin","Rusk County",1,16,184,83,101
050,55,107,"Wisconsin","Rusk County",1,17,190,89,101
050,55,107,"Wisconsin","Rusk County",1,18,161,79,82
050,55,107,"Wisconsin","Rusk County",1,19,124,66,58
050,55,107,"Wisconsin","Rusk County",1,20,123,74,49
050,55,107,"Wisconsin","Rusk County",1,21,123,70,53
050,55,107,"Wisconsin","Rusk County",1,22,122,60,62
050,55,107,"Wisconsin","Rusk County",1,23,130,68,62
050,55,107,"Wisconsin","Rusk County",1,24,126,66,60
050,55,107,"Wisconsin","Rusk County",1,25,136,75,61
050,55,107,"Wisconsin","Rusk County",1,26,132,77,55
050,55,107,"Wisconsin","Rusk County",1,27,145,70,75
050,55,107,"Wisconsin","Rusk County",1,28,139,67,72
050,55,107,"Wisconsin","Rusk County",1,29,113,60,53
050,55,107,"Wisconsin","Rusk County",1,30,117,68,49
050,55,107,"Wisconsin","Rusk County",1,31,120,63,57
050,55,107,"Wisconsin","Rusk County",1,32,112,57,55
050,55,107,"Wisconsin","Rusk County",1,33,113,63,50
050,55,107,"Wisconsin","Rusk County",1,34,125,62,63
050,55,107,"Wisconsin","Rusk County",1,35,134,66,68
050,55,107,"Wisconsin","Rusk County",1,36,136,61,75
050,55,107,"Wisconsin","Rusk County",1,37,128,64,64
050,55,107,"Wisconsin","Rusk County",1,38,137,77,60
050,55,107,"Wisconsin","Rusk County",1,39,147,81,66
050,55,107,"Wisconsin","Rusk County",1,40,144,76,68
050,55,107,"Wisconsin","Rusk County",1,41,155,82,73
050,55,107,"Wisconsin","Rusk County",1,42,150,71,79
050,55,107,"Wisconsin","Rusk County",1,43,159,74,85
050,55,107,"Wisconsin","Rusk County",1,44,153,78,75
050,55,107,"Wisconsin","Rusk County",1,45,151,85,66
050,55,107,"Wisconsin","Rusk County",1,46,155,83,72
050,55,107,"Wisconsin","Rusk County",1,47,156,82,74
050,55,107,"Wisconsin","Rusk County",1,48,157,82,75
050,55,107,"Wisconsin","Rusk County",1,49,160,83,77
050,55,107,"Wisconsin","Rusk County",1,50,164,82,82
050,55,107,"Wisconsin","Rusk County",1,51,169,88,81
050,55,107,"Wisconsin","Rusk County",1,52,204,107,97
050,55,107,"Wisconsin","Rusk County",1,53,198,103,95
050,55,107,"Wisconsin","Rusk County",1,54,194,99,95
050,55,107,"Wisconsin","Rusk County",1,55,212,109,103
050,55,107,"Wisconsin","Rusk County",1,56,231,122,109
050,55,107,"Wisconsin","Rusk County",1,57,252,134,118
050,55,107,"Wisconsin","Rusk County",1,58,253,132,121
050,55,107,"Wisconsin","Rusk County",1,59,270,139,131
050,55,107,"Wisconsin","Rusk County",1,60,253,128,125
050,55,107,"Wisconsin","Rusk County",1,61,229,124,105
050,55,107,"Wisconsin","Rusk County",1,62,241,125,116
050,55,107,"Wisconsin","Rusk County",1,63,253,132,121
050,55,107,"Wisconsin","Rusk County",1,64,239,119,120
050,55,107,"Wisconsin","Rusk County",1,65,263,129,134
050,55,107,"Wisconsin","Rusk County",1,66,250,130,120
050,55,107,"Wisconsin","Rusk County",1,67,247,121,126
050,55,107,"Wisconsin","Rusk County",1,68,231,118,113
050,55,107,"Wisconsin","Rusk County",1,69,219,113,106
050,55,107,"Wisconsin","Rusk County",1,70,211,107,104
050,55,107,"Wisconsin","Rusk County",1,71,196,104,92
050,55,107,"Wisconsin","Rusk County",1,72,198,103,95
050,55,107,"Wisconsin","Rusk County",1,73,182,88,94
050,55,107,"Wisconsin","Rusk County",1,74,132,77,55
050,55,107,"Wisconsin","Rusk County",1,75,143,78,65
050,55,107,"Wisconsin","Rusk County",1,76,129,63,66
050,55,107,"Wisconsin","Rusk County",1,77,111,58,53
050,55,107,"Wisconsin","Rusk County",1,78,111,53,58
050,55,107,"Wisconsin","Rusk County",1,79,89,40,49
050,55,107,"Wisconsin","Rusk County",1,80,93,45,48
050,55,107,"Wisconsin","Rusk County",1,81,100,46,54
050,55,107,"Wisconsin","Rusk County",1,82,78,30,48
050,55,107,"Wisconsin","Rusk County",1,83,84,38,46
050,55,107,"Wisconsin","Rusk County",1,84,70,33,37
050,55,107,"Wisconsin","Rusk County",1,85,413,146,267
050,55,107,"Wisconsin","Rusk County",2,0,143,77,66
050,55,107,"Wisconsin","Rusk County",2,1,142,76,66
050,55,107,"Wisconsin","Rusk County",2,2,144,77,67
050,55,107,"Wisconsin","Rusk County",2,3,144,79,65
050,55,107,"Wisconsin","Rusk County",2,4,152,76,76
050,55,107,"Wisconsin","Rusk County",2,5,155,78,77
050,55,107,"Wisconsin","Rusk County",2,6,145,70,75
050,55,107,"Wisconsin","Rusk County",2,7,135,75,60
050,55,107,"Wisconsin","Rusk County",2,8,149,75,74
050,55,107,"Wisconsin","Rusk County",2,9,165,88,77
050,55,107,"Wisconsin","Rusk County",2,10,179,98,81
050,55,107,"Wisconsin","Rusk County",2,11,180,96,84
050,55,107,"Wisconsin","Rusk County",2,12,183,101,82
050,55,107,"Wisconsin","Rusk County",2,13,176,100,76
050,55,107,"Wisconsin","Rusk County",2,14,161,87,74
050,55,107,"Wisconsin","Rusk County",2,15,158,77,81
050,55,107,"Wisconsin","Rusk County",2,16,178,81,97
050,55,107,"Wisconsin","Rusk County",2,17,188,88,100
050,55,107,"Wisconsin","Rusk County",2,18,159,77,82
050,55,107,"Wisconsin","Rusk County",2,19,126,65,61
050,55,107,"Wisconsin","Rusk County",2,20,128,74,54
050,55,107,"Wisconsin","Rusk County",2,21,123,71,52
050,55,107,"Wisconsin","Rusk County",2,22,123,63,60
050,55,107,"Wisconsin","Rusk County",2,23,130,67,63
050,55,107,"Wisconsin","Rusk County",2,24,126,66,60
050,55,107,"Wisconsin","Rusk County",2,25,135,74,61
050,55,107,"Wisconsin","Rusk County",2,26,132,77,55
050,55,107,"Wisconsin","Rusk County",2,27,143,74,69
050,55,107,"Wisconsin","Rusk County",2,28,140,68,72
050,55,107,"Wisconsin","Rusk County",2,29,120,62,58
050,55,107,"Wisconsin","Rusk County",2,30,117,66,51
050,55,107,"Wisconsin","Rusk County",2,31,121,65,56
050,55,107,"Wisconsin","Rusk County",2,32,113,59,54
050,55,107,"Wisconsin","Rusk County",2,33,113,62,51
050,55,107,"Wisconsin","Rusk County",2,34,123,63,60
050,55,107,"Wisconsin","Rusk County",2,35,131,65,66
050,55,107,"Wisconsin","Rusk County",2,36,135,62,73
050,55,107,"Wisconsin","Rusk County",2,37,131,64,67
050,55,107,"Wisconsin","Rusk County",2,38,133,73,60
050,55,107,"Wisconsin","Rusk County",2,39,143,79,64
050,55,107,"Wisconsin","Rusk County",2,40,147,79,68
050,55,107,"Wisconsin","Rusk County",2,41,152,81,71
050,55,107,"Wisconsin","Rusk County",2,42,152,73,79
050,55,107,"Wisconsin","Rusk County",2,43,156,72,84
050,55,107,"Wisconsin","Rusk County",2,44,152,76,76
050,55,107,"Wisconsin","Rusk County",2,45,153,85,68
050,55,107,"Wisconsin","Rusk County",2,46,152,82,70
050,55,107,"Wisconsin","Rusk County",2,47,155,81,74
050,55,107,"Wisconsin","Rusk County",2,48,157,82,75
050,55,107,"Wisconsin","Rusk County",2,49,158,82,76
050,55,107,"Wisconsin","Rusk County",2,50,161,80,81
050,55,107,"Wisconsin","Rusk County",2,51,169,88,81
050,55,107,"Wisconsin","Rusk County",2,52,196,103,93
050,55,107,"Wisconsin","Rusk County",2,53,199,104,95
050,55,107,"Wisconsin","Rusk County",2,54,194,100,94
050,55,107,"Wisconsin","Rusk County",2,55,209,107,102
050,55,107,"Wisconsin","Rusk County",2,56,228,120,108
050,55,107,"Wisconsin","Rusk County",2,57,245,128,117
050,55,107,"Wisconsin","Rusk County",2,58,253,132,121
050,55,107,"Wisconsin","Rusk County",2,59,269,139,130
050,55,107,"Wisconsin","Rusk County",2,60,257,133,124
050,55,107,"Wisconsin","Rusk County",2,61,235,125,110
050,55,107,"Wisconsin","Rusk County",2,62,238,124,114
050,55,107,"Wisconsin","Rusk County",2,63,252,131,121
050,55,107,"Wisconsin","Rusk County",2,64,240,120,120
050,55,107,"Wisconsin","Rusk County",2,65,257,126,131
050,55,107,"Wisconsin","Rusk County",2,66,254,130,124
050,55,107,"Wisconsin","Rusk County",2,67,248,123,125
050,55,107,"Wisconsin","Rusk County",2,68,232,118,114
050,55,107,"Wisconsin","Rusk County",2,69,223,114,109
050,55,107,"Wisconsin","Rusk County",2,70,210,107,103
050,55,107,"Wisconsin","Rusk County",2,71,199,104,95
050,55,107,"Wisconsin","Rusk County",2,72,195,101,94
050,55,107,"Wisconsin","Rusk County",2,73,195,96,99
050,55,107,"Wisconsin","Rusk County",2,74,136,76,60
050,55,107,"Wisconsin","Rusk County",2,75,139,75,64
050,55,107,"Wisconsin","Rusk County",2,76,132,67,65
050,55,107,"Wisconsin","Rusk County",2,77,118,61,57
050,55,107,"Wisconsin","Rusk County",2,78,106,52,54
050,55,107,"Wisconsin","Rusk County",2,79,92,41,51
050,55,107,"Wisconsin","Rusk County",2,80,92,43,49
050,55,107,"Wisconsin","Rusk County",2,81,99,46,53
050,55,107,"Wisconsin","Rusk County",2,82,83,33,50
050,55,107,"Wisconsin","Rusk County",2,83,80,36,44
050,55,107,"Wisconsin","Rusk County",2,84,70,32,38
050,55,107,"Wisconsin","Rusk County",2,85,414,147,267
050,55,107,"Wisconsin","Rusk County",3,0,119,55,64
050,55,107,"Wisconsin","Rusk County",3,1,145,79,66
050,55,107,"Wisconsin","Rusk County",3,2,135,74,61
050,55,107,"Wisconsin","Rusk County",3,3,149,76,73
050,55,107,"Wisconsin","Rusk County",3,4,141,79,62
050,55,107,"Wisconsin","Rusk County",3,5,160,76,84
050,55,107,"Wisconsin","Rusk County",3,6,145,66,79
050,55,107,"Wisconsin","Rusk County",3,7,148,67,81
050,55,107,"Wisconsin","Rusk County",3,8,140,78,62
050,55,107,"Wisconsin","Rusk County",3,9,160,80,80
050,55,107,"Wisconsin","Rusk County",3,10,165,88,77
050,55,107,"Wisconsin","Rusk County",3,11,182,100,82
050,55,107,"Wisconsin","Rusk County",3,12,181,93,88
050,55,107,"Wisconsin","Rusk County",3,13,186,103,83
050,55,107,"Wisconsin","Rusk County",3,14,183,104,79
050,55,107,"Wisconsin","Rusk County",3,15,166,89,77
050,55,107,"Wisconsin","Rusk County",3,16,158,78,80
050,55,107,"Wisconsin","Rusk County",3,17,180,80,100
050,55,107,"Wisconsin","Rusk County",3,18,159,77,82
050,55,107,"Wisconsin","Rusk County",3,19,117,56,61
050,55,107,"Wisconsin","Rusk County",3,20,122,65,57
050,55,107,"Wisconsin","Rusk County",3,21,129,73,56
050,55,107,"Wisconsin","Rusk County",3,22,118,70,48
050,55,107,"Wisconsin","Rusk County",3,23,126,62,64
050,55,107,"Wisconsin","Rusk County",3,24,127,69,58
050,55,107,"Wisconsin","Rusk County",3,25,133,64,69
050,55,107,"Wisconsin","Rusk County",3,26,124,63,61
050,55,107,"Wisconsin","Rusk County",3,27,142,85,57
050,55,107,"Wisconsin","Rusk County",3,28,152,79,73
050,55,107,"Wisconsin","Rusk County",3,29,140,67,73
050,55,107,"Wisconsin","Rusk County",3,30,128,70,58
050,55,107,"Wisconsin","Rusk County",3,31,114,62,52
050,55,107,"Wisconsin","Rusk County",3,32,133,71,62
050,55,107,"Wisconsin","Rusk County",3,33,101,53,48
050,55,107,"Wisconsin","Rusk County",3,34,109,60,49
050,55,107,"Wisconsin","Rusk County",3,35,131,65,66
050,55,107,"Wisconsin","Rusk County",3,36,125,61,64
050,55,107,"Wisconsin","Rusk County",3,37,143,69,74
050,55,107,"Wisconsin","Rusk County",3,38,136,66,70
050,55,107,"Wisconsin","Rusk County",3,39,137,77,60
050,55,107,"Wisconsin","Rusk County",3,40,147,80,67
050,55,107,"Wisconsin","Rusk County",3,41,144,75,69
050,55,107,"Wisconsin","Rusk County",3,42,150,84,66
050,55,107,"Wisconsin","Rusk County",3,43,149,73,76
050,55,107,"Wisconsin","Rusk County",3,44,152,69,83
050,55,107,"Wisconsin","Rusk County",3,45,151,79,72
050,55,107,"Wisconsin","Rusk County",3,46,155,82,73
050,55,107,"Wisconsin","Rusk County",3,47,156,84,72
050,55,107,"Wisconsin","Rusk County",3,48,153,81,72
050,55,107,"Wisconsin","Rusk County",3,49,159,81,78
050,55,107,"Wisconsin","Rusk County",3,50,161,83,78
050,55,107,"Wisconsin","Rusk County",3,51,157,79,78
050,55,107,"Wisconsin","Rusk County",3,52,175,90,85
050,55,107,"Wisconsin","Rusk County",3,53,199,101,98
050,55,107,"Wisconsin","Rusk County",3,54,201,106,95
050,55,107,"Wisconsin","Rusk County",3,55,186,95,91
050,55,107,"Wisconsin","Rusk County",3,56,205,106,99
050,55,107,"Wisconsin","Rusk County",3,57,227,120,107
050,55,107,"Wisconsin","Rusk County",3,58,249,134,115
050,55,107,"Wisconsin","Rusk County",3,59,253,131,122
050,55,107,"Wisconsin","Rusk County",3,60,259,136,123
050,55,107,"Wisconsin","Rusk County",3,61,253,131,122
050,55,107,"Wisconsin","Rusk County",3,62,230,123,107
050,55,107,"Wisconsin","Rusk County",3,63,239,126,113
050,55,107,"Wisconsin","Rusk County",3,64,249,128,121
050,55,107,"Wisconsin","Rusk County",3,65,230,115,115
050,55,107,"Wisconsin","Rusk County",3,66,266,132,134
050,55,107,"Wisconsin","Rusk County",3,67,253,130,123
050,55,107,"Wisconsin","Rusk County",3,68,242,118,124
050,55,107,"Wisconsin","Rusk County",3,69,230,117,113
050,55,107,"Wisconsin","Rusk County",3,70,224,118,106
050,55,107,"Wisconsin","Rusk County",3,71,209,106,103
050,55,107,"Wisconsin","Rusk County",3,72,195,101,94
050,55,107,"Wisconsin","Rusk County",3,73,195,102,93
050,55,107,"Wisconsin","Rusk County",3,74,188,94,94
050,55,107,"Wisconsin","Rusk County",3,75,134,71,63
050,55,107,"Wisconsin","Rusk County",3,76,133,72,61
050,55,107,"Wisconsin","Rusk County",3,77,123,60,63
050,55,107,"Wisconsin","Rusk County",3,78,115,58,57
050,55,107,"Wisconsin","Rusk County",3,79,99,49,50
050,55,107,"Wisconsin","Rusk County",3,80,89,40,49
050,55,107,"Wisconsin","Rusk County",3,81,82,35,47
050,55,107,"Wisconsin","Rusk County",3,82,92,38,54
050,55,107,"Wisconsin","Rusk County",3,83,71,29,42
050,55,107,"Wisconsin","Rusk County",3,84,69,27,42
050,55,107,"Wisconsin","Rusk County",3,85,398,142,256
050,55,107,"Wisconsin","Rusk County",4,0,119,67,52
050,55,107,"Wisconsin","Rusk County",4,1,119,62,57
050,55,107,"Wisconsin","Rusk County",4,2,148,76,72
050,55,107,"Wisconsin","Rusk County",4,3,141,72,69
050,55,107,"Wisconsin","Rusk County",4,4,155,81,74
050,55,107,"Wisconsin","Rusk County",4,5,147,86,61
050,55,107,"Wisconsin","Rusk County",4,6,160,75,85
050,55,107,"Wisconsin","Rusk County",4,7,155,76,79
050,55,107,"Wisconsin","Rusk County",4,8,156,73,83
050,55,107,"Wisconsin","Rusk County",4,9,140,78,62
050,55,107,"Wisconsin","Rusk County",4,10,157,83,74
050,55,107,"Wisconsin","Rusk County",4,11,173,94,79
050,55,107,"Wisconsin","Rusk County",4,12,174,99,75
050,55,107,"Wisconsin","Rusk County",4,13,186,98,88
050,55,107,"Wisconsin","Rusk County",4,14,188,105,83
050,55,107,"Wisconsin","Rusk County",4,15,182,104,78
050,55,107,"Wisconsin","Rusk County",4,16,170,95,75
050,55,107,"Wisconsin","Rusk County",4,17,157,81,76
050,55,107,"Wisconsin","Rusk County",4,18,157,70,87
050,55,107,"Wisconsin","Rusk County",4,19,112,53,59
050,55,107,"Wisconsin","Rusk County",4,20,118,58,60
050,55,107,"Wisconsin","Rusk County",4,21,125,66,59
050,55,107,"Wisconsin","Rusk County",4,22,127,77,50
050,55,107,"Wisconsin","Rusk County",4,23,119,72,47
050,55,107,"Wisconsin","Rusk County",4,24,124,65,59
050,55,107,"Wisconsin","Rusk County",4,25,133,69,64
050,55,107,"Wisconsin","Rusk County",4,26,134,69,65
050,55,107,"Wisconsin","Rusk County",4,27,123,63,60
050,55,107,"Wisconsin","Rusk County",4,28,147,86,61
050,55,107,"Wisconsin","Rusk County",4,29,156,82,74
050,55,107,"Wisconsin","Rusk County",4,30,149,69,80
050,55,107,"Wisconsin","Rusk County",4,31,134,68,66
050,55,107,"Wisconsin","Rusk County",4,32,118,68,50
050,55,107,"Wisconsin","Rusk County",4,33,132,63,69
050,55,107,"Wisconsin","Rusk County",4,34,115,59,56
050,55,107,"Wisconsin","Rusk County",4,35,108,58,50
050,55,107,"Wisconsin","Rusk County",4,36,134,64,70
050,55,107,"Wisconsin","Rusk County",4,37,127,63,64
050,55,107,"Wisconsin","Rusk County",4,38,151,73,78
050,55,107,"Wisconsin","Rusk County",4,39,136,64,72
050,55,107,"Wisconsin","Rusk County",4,40,139,78,61
050,55,107,"Wisconsin","Rusk County",4,41,149,81,68
050,55,107,"Wisconsin","Rusk County",4,42,149,77,72
050,55,107,"Wisconsin","Rusk County",4,43,152,83,69
050,55,107,"Wisconsin","Rusk County",4,44,147,73,74
050,55,107,"Wisconsin","Rusk County",4,45,147,69,78
050,55,107,"Wisconsin","Rusk County",4,46,160,81,79
050,55,107,"Wisconsin","Rusk County",4,47,154,86,68
050,55,107,"Wisconsin","Rusk County",4,48,156,85,71
050,55,107,"Wisconsin","Rusk County",4,49,154,80,74
050,55,107,"Wisconsin","Rusk County",4,50,163,84,79
050,55,107,"Wisconsin","Rusk County",4,51,155,78,77
050,55,107,"Wisconsin","Rusk County",4,52,162,79,83
050,55,107,"Wisconsin","Rusk County",4,53,178,89,89
050,55,107,"Wisconsin","Rusk County",4,54,206,102,104
050,55,107,"Wisconsin","Rusk County",4,55,205,108,97
050,55,107,"Wisconsin","Rusk County",4,56,189,99,90
050,55,107,"Wisconsin","Rusk County",4,57,207,106,101
050,55,107,"Wisconsin","Rusk County",4,58,230,122,108
050,55,107,"Wisconsin","Rusk County",4,59,257,135,122
050,55,107,"Wisconsin","Rusk County",4,60,263,134,129
050,55,107,"Wisconsin","Rusk County",4,61,264,137,127
050,55,107,"Wisconsin","Rusk County",4,62,257,140,117
050,55,107,"Wisconsin","Rusk County",4,63,235,130,105
050,55,107,"Wisconsin","Rusk County",4,64,232,117,115
050,55,107,"Wisconsin","Rusk County",4,65,249,129,120
050,55,107,"Wisconsin","Rusk County",4,66,237,120,117
050,55,107,"Wisconsin","Rusk County",4,67,257,128,129
050,55,107,"Wisconsin","Rusk County",4,68,251,130,121
050,55,107,"Wisconsin","Rusk County",4,69,240,121,119
050,55,107,"Wisconsin","Rusk County",4,70,215,111,104
050,55,107,"Wisconsin","Rusk County",4,71,216,111,105
050,55,107,"Wisconsin","Rusk County",4,72,202,101,101
050,55,107,"Wisconsin","Rusk County",4,73,188,94,94
050,55,107,"Wisconsin","Rusk County",4,74,187,102,85
050,55,107,"Wisconsin","Rusk County",4,75,175,85,90
050,55,107,"Wisconsin","Rusk County",4,76,137,71,66
050,55,107,"Wisconsin","Rusk County",4,77,125,64,61
050,55,107,"Wisconsin","Rusk County",4,78,115,58,57
050,55,107,"Wisconsin","Rusk County",4,79,113,58,55
050,55,107,"Wisconsin","Rusk County",4,80,95,50,45
050,55,107,"Wisconsin","Rusk County",4,81,83,37,46
050,55,107,"Wisconsin","Rusk County",4,82,77,31,46
050,55,107,"Wisconsin","Rusk County",4,83,83,34,49
050,55,107,"Wisconsin","Rusk County",4,84,60,23,37
050,55,107,"Wisconsin","Rusk County",4,85,378,127,251
050,55,107,"Wisconsin","Rusk County",5,0,119,67,52
050,55,107,"Wisconsin","Rusk County",5,1,118,69,49
050,55,107,"Wisconsin","Rusk County",5,2,126,62,64
050,55,107,"Wisconsin","Rusk County",5,3,158,82,76
050,55,107,"Wisconsin","Rusk County",5,4,148,76,72
050,55,107,"Wisconsin","Rusk County",5,5,163,88,75
050,55,107,"Wisconsin","Rusk County",5,6,149,84,65
050,55,107,"Wisconsin","Rusk County",5,7,168,80,88
050,55,107,"Wisconsin","Rusk County",5,8,154,76,78
050,55,107,"Wisconsin","Rusk County",5,9,153,75,78
050,55,107,"Wisconsin","Rusk County",5,10,150,78,72
050,55,107,"Wisconsin","Rusk County",5,11,169,88,81
050,55,107,"Wisconsin","Rusk County",5,12,174,95,79
050,55,107,"Wisconsin","Rusk County",5,13,187,111,76
050,55,107,"Wisconsin","Rusk County",5,14,183,97,86
050,55,107,"Wisconsin","Rusk County",5,15,191,105,86
050,55,107,"Wisconsin","Rusk County",5,16,176,94,82
050,55,107,"Wisconsin","Rusk County",5,17,168,89,79
050,55,107,"Wisconsin","Rusk County",5,18,133,70,63
050,55,107,"Wisconsin","Rusk County",5,19,118,54,64
050,55,107,"Wisconsin","Rusk County",5,20,117,52,65
050,55,107,"Wisconsin","Rusk County",5,21,124,59,65
050,55,107,"Wisconsin","Rusk County",5,22,137,70,67
050,55,107,"Wisconsin","Rusk County",5,23,126,77,49
050,55,107,"Wisconsin","Rusk County",5,24,126,76,50
050,55,107,"Wisconsin","Rusk County",5,25,120,63,57
050,55,107,"Wisconsin","Rusk County",5,26,127,70,57
050,55,107,"Wisconsin","Rusk County",5,27,133,69,64
050,55,107,"Wisconsin","Rusk County",5,28,129,68,61
050,55,107,"Wisconsin","Rusk County",5,29,140,81,59
050,55,107,"Wisconsin","Rusk County",5,30,161,87,74
050,55,107,"Wisconsin","Rusk County",5,31,154,74,80
050,55,107,"Wisconsin","Rusk County",5,32,143,73,70
050,55,107,"Wisconsin","Rusk County",5,33,115,68,47
050,55,107,"Wisconsin","Rusk County",5,34,138,69,69
050,55,107,"Wisconsin","Rusk County",5,35,122,62,60
050,55,107,"Wisconsin","Rusk County",5,36,114,62,52
050,55,107,"Wisconsin","Rusk County",5,37,138,64,74
050,55,107,"Wisconsin","Rusk County",5,38,137,71,66
050,55,107,"Wisconsin","Rusk County",5,39,155,75,80
050,55,107,"Wisconsin","Rusk County",5,40,149,71,78
050,55,107,"Wisconsin","Rusk County",5,41,142,80,62
050,55,107,"Wisconsin","Rusk County",5,42,153,82,71
050,55,107,"Wisconsin","Rusk County",5,43,152,77,75
050,55,107,"Wisconsin","Rusk County",5,44,144,76,68
050,55,107,"Wisconsin","Rusk County",5,45,148,74,74
050,55,107,"Wisconsin","Rusk County",5,46,154,70,84
050,55,107,"Wisconsin","Rusk County",5,47,158,80,78
050,55,107,"Wisconsin","Rusk County",5,48,152,84,68
050,55,107,"Wisconsin","Rusk County",5,49,158,85,73
050,55,107,"Wisconsin","Rusk County",5,50,156,81,75
050,55,107,"Wisconsin","Rusk County",5,51,165,82,83
050,55,107,"Wisconsin","Rusk County",5,52,159,82,77
050,55,107,"Wisconsin","Rusk County",5,53,162,79,83
050,55,107,"Wisconsin","Rusk County",5,54,183,91,92
050,55,107,"Wisconsin","Rusk County",5,55,200,102,98
050,55,107,"Wisconsin","Rusk County",5,56,206,108,98
050,55,107,"Wisconsin","Rusk County",5,57,186,99,87
050,55,107,"Wisconsin","Rusk County",5,58,209,107,102
050,55,107,"Wisconsin","Rusk County",5,59,225,120,105
050,55,107,"Wisconsin","Rusk County",5,60,263,136,127
050,55,107,"Wisconsin","Rusk County",5,61,265,135,130
050,55,107,"Wisconsin","Rusk County",5,62,271,142,129
050,55,107,"Wisconsin","Rusk County",5,63,255,140,115
050,55,107,"Wisconsin","Rusk County",5,64,235,126,109
050,55,107,"Wisconsin","Rusk County",5,65,238,122,116
050,55,107,"Wisconsin","Rusk County",5,66,248,129,119
050,55,107,"Wisconsin","Rusk County",5,67,231,116,115
050,55,107,"Wisconsin","Rusk County",5,68,254,125,129
050,55,107,"Wisconsin","Rusk County",5,69,250,129,121
050,55,107,"Wisconsin","Rusk County",5,70,229,117,112
050,55,107,"Wisconsin","Rusk County",5,71,215,109,106
050,55,107,"Wisconsin","Rusk County",5,72,211,112,99
050,55,107,"Wisconsin","Rusk County",5,73,190,93,97
050,55,107,"Wisconsin","Rusk County",5,74,179,91,88
050,55,107,"Wisconsin","Rusk County",5,75,180,97,83
050,55,107,"Wisconsin","Rusk County",5,76,167,81,86
050,55,107,"Wisconsin","Rusk County",5,77,125,64,61
050,55,107,"Wisconsin","Rusk County",5,78,119,60,59
050,55,107,"Wisconsin","Rusk County",5,79,111,57,54
050,55,107,"Wisconsin","Rusk County",5,80,109,59,50
050,55,107,"Wisconsin","Rusk County",5,81,92,46,46
050,55,107,"Wisconsin","Rusk County",5,82,76,30,46
050,55,107,"Wisconsin","Rusk County",5,83,68,26,42
050,55,107,"Wisconsin","Rusk County",5,84,69,24,45
050,55,107,"Wisconsin","Rusk County",5,85,371,118,253
050,55,109,"Wisconsin","St. Croix County",1,0,1005,513,492
050,55,109,"Wisconsin","St. Croix County",1,1,1070,553,517
050,55,109,"Wisconsin","St. Croix County",1,2,1109,590,519
050,55,109,"Wisconsin","St. Croix County",1,3,1158,598,560
050,55,109,"Wisconsin","St. Croix County",1,4,1168,604,564
050,55,109,"Wisconsin","St. Croix County",1,5,1224,596,628
050,55,109,"Wisconsin","St. Croix County",1,6,1205,596,609
050,55,109,"Wisconsin","St. Croix County",1,7,1196,617,579
050,55,109,"Wisconsin","St. Croix County",1,8,1178,622,556
050,55,109,"Wisconsin","St. Croix County",1,9,1296,646,650
050,55,109,"Wisconsin","St. Croix County",1,10,1366,681,685
050,55,109,"Wisconsin","St. Croix County",1,11,1363,676,687
050,55,109,"Wisconsin","St. Croix County",1,12,1473,748,725
050,55,109,"Wisconsin","St. Croix County",1,13,1471,771,700
050,55,109,"Wisconsin","St. Croix County",1,14,1454,763,691
050,55,109,"Wisconsin","St. Croix County",1,15,1484,777,707
050,55,109,"Wisconsin","St. Croix County",1,16,1407,700,707
050,55,109,"Wisconsin","St. Croix County",1,17,1348,703,645
050,55,109,"Wisconsin","St. Croix County",1,18,1128,613,515
050,55,109,"Wisconsin","St. Croix County",1,19,897,481,416
050,55,109,"Wisconsin","St. Croix County",1,20,973,509,464
050,55,109,"Wisconsin","St. Croix County",1,21,952,503,449
050,55,109,"Wisconsin","St. Croix County",1,22,999,496,503
050,55,109,"Wisconsin","St. Croix County",1,23,972,494,478
050,55,109,"Wisconsin","St. Croix County",1,24,998,508,490
050,55,109,"Wisconsin","St. Croix County",1,25,967,501,466
050,55,109,"Wisconsin","St. Croix County",1,26,998,495,503
050,55,109,"Wisconsin","St. Croix County",1,27,1016,527,489
050,55,109,"Wisconsin","St. Croix County",1,28,1010,516,494
050,55,109,"Wisconsin","St. Croix County",1,29,1058,528,530
050,55,109,"Wisconsin","St. Croix County",1,30,1035,504,531
050,55,109,"Wisconsin","St. Croix County",1,31,1066,534,532
050,55,109,"Wisconsin","St. Croix County",1,32,1048,546,502
050,55,109,"Wisconsin","St. Croix County",1,33,1127,581,546
050,55,109,"Wisconsin","St. Croix County",1,34,1209,617,592
050,55,109,"Wisconsin","St. Croix County",1,35,1284,662,622
050,55,109,"Wisconsin","St. Croix County",1,36,1251,625,626
050,55,109,"Wisconsin","St. Croix County",1,37,1301,635,666
050,55,109,"Wisconsin","St. Croix County",1,38,1361,679,682
050,55,109,"Wisconsin","St. Croix County",1,39,1367,693,674
050,55,109,"Wisconsin","St. Croix County",1,40,1366,679,687
050,55,109,"Wisconsin","St. Croix County",1,41,1334,645,689
050,55,109,"Wisconsin","St. Croix County",1,42,1308,670,638
050,55,109,"Wisconsin","St. Croix County",1,43,1292,664,628
050,55,109,"Wisconsin","St. Croix County",1,44,1255,647,608
050,55,109,"Wisconsin","St. Croix County",1,45,1220,634,586
050,55,109,"Wisconsin","St. Croix County",1,46,1184,585,599
050,55,109,"Wisconsin","St. Croix County",1,47,1171,592,579
050,55,109,"Wisconsin","St. Croix County",1,48,1274,653,621
050,55,109,"Wisconsin","St. Croix County",1,49,1405,715,690
050,55,109,"Wisconsin","St. Croix County",1,50,1359,703,656
050,55,109,"Wisconsin","St. Croix County",1,51,1340,694,646
050,55,109,"Wisconsin","St. Croix County",1,52,1248,649,599
050,55,109,"Wisconsin","St. Croix County",1,53,1285,663,622
050,55,109,"Wisconsin","St. Croix County",1,54,1307,667,640
050,55,109,"Wisconsin","St. Croix County",1,55,1374,709,665
050,55,109,"Wisconsin","St. Croix County",1,56,1400,695,705
050,55,109,"Wisconsin","St. Croix County",1,57,1391,681,710
050,55,109,"Wisconsin","St. Croix County",1,58,1403,707,696
050,55,109,"Wisconsin","St. Croix County",1,59,1417,713,704
050,55,109,"Wisconsin","St. Croix County",1,60,1358,670,688
050,55,109,"Wisconsin","St. Croix County",1,61,1375,693,682
050,55,109,"Wisconsin","St. Croix County",1,62,1285,656,629
050,55,109,"Wisconsin","St. Croix County",1,63,1195,603,592
050,55,109,"Wisconsin","St. Croix County",1,64,1149,582,567
050,55,109,"Wisconsin","St. Croix County",1,65,1092,542,550
050,55,109,"Wisconsin","St. Croix County",1,66,1038,532,506
050,55,109,"Wisconsin","St. Croix County",1,67,973,492,481
050,55,109,"Wisconsin","St. Croix County",1,68,974,478,496
050,55,109,"Wisconsin","St. Croix County",1,69,866,438,428
050,55,109,"Wisconsin","St. Croix County",1,70,855,428,427
050,55,109,"Wisconsin","St. Croix County",1,71,788,392,396
050,55,109,"Wisconsin","St. Croix County",1,72,796,406,390
050,55,109,"Wisconsin","St. Croix County",1,73,790,393,397
050,55,109,"Wisconsin","St. Croix County",1,74,550,265,285
050,55,109,"Wisconsin","St. Croix County",1,75,538,264,274
050,55,109,"Wisconsin","St. Croix County",1,76,498,245,253
050,55,109,"Wisconsin","St. Croix County",1,77,487,236,251
050,55,109,"Wisconsin","St. Croix County",1,78,399,185,214
050,55,109,"Wisconsin","St. Croix County",1,79,397,182,215
050,55,109,"Wisconsin","St. Croix County",1,80,344,152,192
050,55,109,"Wisconsin","St. Croix County",1,81,339,155,184
050,55,109,"Wisconsin","St. Croix County",1,82,280,128,152
050,55,109,"Wisconsin","St. Croix County",1,83,249,110,139
050,55,109,"Wisconsin","St. Croix County",1,84,231,102,129
050,55,109,"Wisconsin","St. Croix County",1,85,1358,469,889
050,55,109,"Wisconsin","St. Croix County",2,0,1007,507,500
050,55,109,"Wisconsin","St. Croix County",2,1,1063,547,516
050,55,109,"Wisconsin","St. Croix County",2,2,1110,585,525
050,55,109,"Wisconsin","St. Croix County",2,3,1151,600,551
050,55,109,"Wisconsin","St. Croix County",2,4,1178,607,571
050,55,109,"Wisconsin","St. Croix County",2,5,1219,604,615
050,55,109,"Wisconsin","St. Croix County",2,6,1222,603,619
050,55,109,"Wisconsin","St. Croix County",2,7,1202,612,590
050,55,109,"Wisconsin","St. Croix County",2,8,1187,623,564
050,55,109,"Wisconsin","St. Croix County",2,9,1269,642,627
050,55,109,"Wisconsin","St. Croix County",2,10,1351,673,678
050,55,109,"Wisconsin","St. Croix County",2,11,1359,677,682
050,55,109,"Wisconsin","St. Croix County",2,12,1456,736,720
050,55,109,"Wisconsin","St. Croix County",2,13,1473,767,706
050,55,109,"Wisconsin","St. Croix County",2,14,1461,768,693
050,55,109,"Wisconsin","St. Croix County",2,15,1479,773,706
050,55,109,"Wisconsin","St. Croix County",2,16,1425,721,704
050,55,109,"Wisconsin","St. Croix County",2,17,1361,699,662
050,55,109,"Wisconsin","St. Croix County",2,18,1122,610,512
050,55,109,"Wisconsin","St. Croix County",2,19,900,484,416
050,55,109,"Wisconsin","St. Croix County",2,20,988,521,467
050,55,109,"Wisconsin","St. Croix County",2,21,961,504,457
050,55,109,"Wisconsin","St. Croix County",2,22,998,500,498
050,55,109,"Wisconsin","St. Croix County",2,23,985,501,484
050,55,109,"Wisconsin","St. Croix County",2,24,995,511,484
050,55,109,"Wisconsin","St. Croix County",2,25,982,506,476
050,55,109,"Wisconsin","St. Croix County",2,26,999,499,500
050,55,109,"Wisconsin","St. Croix County",2,27,1018,521,497
050,55,109,"Wisconsin","St. Croix County",2,28,1031,526,505
050,55,109,"Wisconsin","St. Croix County",2,29,1060,534,526
050,55,109,"Wisconsin","St. Croix County",2,30,1057,519,538
050,55,109,"Wisconsin","St. Croix County",2,31,1068,536,532
050,55,109,"Wisconsin","St. Croix County",2,32,1056,545,511
050,55,109,"Wisconsin","St. Croix County",2,33,1116,578,538
050,55,109,"Wisconsin","St. Croix County",2,34,1200,615,585
050,55,109,"Wisconsin","St. Croix County",2,35,1280,660,620
050,55,109,"Wisconsin","St. Croix County",2,36,1254,631,623
050,55,109,"Wisconsin","St. Croix County",2,37,1291,635,656
050,55,109,"Wisconsin","St. Croix County",2,38,1355,670,685
050,55,109,"Wisconsin","St. Croix County",2,39,1370,688,682
050,55,109,"Wisconsin","St. Croix County",2,40,1382,690,692
050,55,109,"Wisconsin","St. Croix County",2,41,1340,651,689
050,55,109,"Wisconsin","St. Croix County",2,42,1314,663,651
050,55,109,"Wisconsin","St. Croix County",2,43,1304,669,635
050,55,109,"Wisconsin","St. Croix County",2,44,1252,647,605
050,55,109,"Wisconsin","St. Croix County",2,45,1239,642,597
050,55,109,"Wisconsin","St. Croix County",2,46,1189,594,595
050,55,109,"Wisconsin","St. Croix County",2,47,1175,592,583
050,55,109,"Wisconsin","St. Croix County",2,48,1250,639,611
050,55,109,"Wisconsin","St. Croix County",2,49,1379,702,677
050,55,109,"Wisconsin","St. Croix County",2,50,1375,709,666
050,55,109,"Wisconsin","St. Croix County",2,51,1339,694,645
050,55,109,"Wisconsin","St. Croix County",2,52,1267,657,610
050,55,109,"Wisconsin","St. Croix County",2,53,1281,660,621
050,55,109,"Wisconsin","St. Croix County",2,54,1300,664,636
050,55,109,"Wisconsin","St. Croix County",2,55,1357,696,661
050,55,109,"Wisconsin","St. Croix County",2,56,1397,697,700
050,55,109,"Wisconsin","St. Croix County",2,57,1394,688,706
050,55,109,"Wisconsin","St. Croix County",2,58,1401,700,701
050,55,109,"Wisconsin","St. Croix County",2,59,1419,715,704
050,55,109,"Wisconsin","St. Croix County",2,60,1366,677,689
050,55,109,"Wisconsin","St. Croix County",2,61,1364,682,682
050,55,109,"Wisconsin","St. Croix County",2,62,1300,663,637
050,55,109,"Wisconsin","St. Croix County",2,63,1227,623,604
050,55,109,"Wisconsin","St. Croix County",2,64,1152,583,569
050,55,109,"Wisconsin","St. Croix County",2,65,1102,548,554
050,55,109,"Wisconsin","St. Croix County",2,66,1055,536,519
050,55,109,"Wisconsin","St. Croix County",2,67,988,499,489
050,55,109,"Wisconsin","St. Croix County",2,68,968,477,491
050,55,109,"Wisconsin","St. Croix County",2,69,901,451,450
050,55,109,"Wisconsin","St. Croix County",2,70,853,427,426
050,55,109,"Wisconsin","St. Croix County",2,71,807,402,405
050,55,109,"Wisconsin","St. Croix County",2,72,778,393,385
050,55,109,"Wisconsin","St. Croix County",2,73,834,416,418
050,55,109,"Wisconsin","St. Croix County",2,74,569,276,293
050,55,109,"Wisconsin","St. Croix County",2,75,544,266,278
050,55,109,"Wisconsin","St. Croix County",2,76,503,249,254
050,55,109,"Wisconsin","St. Croix County",2,77,498,241,257
050,55,109,"Wisconsin","St. Croix County",2,78,414,191,223
050,55,109,"Wisconsin","St. Croix County",2,79,392,180,212
050,55,109,"Wisconsin","St. Croix County",2,80,358,161,197
050,55,109,"Wisconsin","St. Croix County",2,81,339,152,187
050,55,109,"Wisconsin","St. Croix County",2,82,292,133,159
050,55,109,"Wisconsin","St. Croix County",2,83,254,115,139
050,55,109,"Wisconsin","St. Croix County",2,84,230,102,128
050,55,109,"Wisconsin","St. Croix County",2,85,1371,480,891
050,55,109,"Wisconsin","St. Croix County",3,0,949,472,477
050,55,109,"Wisconsin","St. Croix County",3,1,1032,526,506
050,55,109,"Wisconsin","St. Croix County",3,2,1095,562,533
050,55,109,"Wisconsin","St. Croix County",3,3,1162,612,550
050,55,109,"Wisconsin","St. Croix County",3,4,1188,622,566
050,55,109,"Wisconsin","St. Croix County",3,5,1195,614,581
050,55,109,"Wisconsin","St. Croix County",3,6,1248,628,620
050,55,109,"Wisconsin","St. Croix County",3,7,1255,619,636
050,55,109,"Wisconsin","St. Croix County",3,8,1226,617,609
050,55,109,"Wisconsin","St. Croix County",3,9,1213,639,574
050,55,109,"Wisconsin","St. Croix County",3,10,1292,643,649
050,55,109,"Wisconsin","St. Croix County",3,11,1370,678,692
050,55,109,"Wisconsin","St. Croix County",3,12,1389,691,698
050,55,109,"Wisconsin","St. Croix County",3,13,1482,743,739
050,55,109,"Wisconsin","St. Croix County",3,14,1486,771,715
050,55,109,"Wisconsin","St. Croix County",3,15,1490,775,715
050,55,109,"Wisconsin","St. Croix County",3,16,1488,773,715
050,55,109,"Wisconsin","St. Croix County",3,17,1411,713,698
050,55,109,"Wisconsin","St. Croix County",3,18,1149,612,537
050,55,109,"Wisconsin","St. Croix County",3,19,873,468,405
050,55,109,"Wisconsin","St. Croix County",3,20,968,522,446
050,55,109,"Wisconsin","St. Croix County",3,21,1004,515,489
050,55,109,"Wisconsin","St. Croix County",3,22,1013,518,495
050,55,109,"Wisconsin","St. Croix County",3,23,1020,514,506
050,55,109,"Wisconsin","St. Croix County",3,24,956,480,476
050,55,109,"Wisconsin","St. Croix County",3,25,1045,538,507
050,55,109,"Wisconsin","St. Croix County",3,26,1001,517,484
050,55,109,"Wisconsin","St. Croix County",3,27,1015,507,508
050,55,109,"Wisconsin","St. Croix County",3,28,1060,551,509
050,55,109,"Wisconsin","St. Croix County",3,29,1086,552,534
050,55,109,"Wisconsin","St. Croix County",3,30,1091,559,532
050,55,109,"Wisconsin","St. Croix County",3,31,1114,566,548
050,55,109,"Wisconsin","St. Croix County",3,32,1112,548,564
050,55,109,"Wisconsin","St. Croix County",3,33,1103,557,546
050,55,109,"Wisconsin","St. Croix County",3,34,1150,587,563
050,55,109,"Wisconsin","St. Croix County",3,35,1219,625,594
050,55,109,"Wisconsin","St. Croix County",3,36,1330,671,659
050,55,109,"Wisconsin","St. Croix County",3,37,1294,647,647
050,55,109,"Wisconsin","St. Croix County",3,38,1318,648,670
050,55,109,"Wisconsin","St. Croix County",3,39,1374,675,699
050,55,109,"Wisconsin","St. Croix County",3,40,1393,702,691
050,55,109,"Wisconsin","St. Croix County",3,41,1386,695,691
050,55,109,"Wisconsin","St. Croix County",3,42,1384,677,707
050,55,109,"Wisconsin","St. Croix County",3,43,1317,671,646
050,55,109,"Wisconsin","St. Croix County",3,44,1302,664,638
050,55,109,"Wisconsin","St. Croix County",3,45,1252,655,597
050,55,109,"Wisconsin","St. Croix County",3,46,1232,647,585
050,55,109,"Wisconsin","St. Croix County",3,47,1179,593,586
050,55,109,"Wisconsin","St. Croix County",3,48,1189,600,589
050,55,109,"Wisconsin","St. Croix County",3,49,1243,638,605
050,55,109,"Wisconsin","St. Croix County",3,50,1388,703,685
050,55,109,"Wisconsin","St. Croix County",3,51,1398,730,668
050,55,109,"Wisconsin","St. Croix County",3,52,1327,691,636
050,55,109,"Wisconsin","St. Croix County",3,53,1278,665,613
050,55,109,"Wisconsin","St. Croix County",3,54,1304,674,630
050,55,109,"Wisconsin","St. Croix County",3,55,1333,685,648
050,55,109,"Wisconsin","St. Croix County",3,56,1333,677,656
050,55,109,"Wisconsin","St. Croix County",3,57,1422,718,704
050,55,109,"Wisconsin","St. Croix County",3,58,1397,694,703
050,55,109,"Wisconsin","St. Croix County",3,59,1410,705,705
050,55,109,"Wisconsin","St. Croix County",3,60,1427,709,718
050,55,109,"Wisconsin","St. Croix County",3,61,1385,688,697
050,55,109,"Wisconsin","St. Croix County",3,62,1345,672,673
050,55,109,"Wisconsin","St. Croix County",3,63,1297,659,638
050,55,109,"Wisconsin","St. Croix County",3,64,1224,618,606
050,55,109,"Wisconsin","St. Croix County",3,65,1142,568,574
050,55,109,"Wisconsin","St. Croix County",3,66,1107,551,556
050,55,109,"Wisconsin","St. Croix County",3,67,1047,529,518
050,55,109,"Wisconsin","St. Croix County",3,68,983,491,492
050,55,109,"Wisconsin","St. Croix County",3,69,969,474,495
050,55,109,"Wisconsin","St. Croix County",3,70,879,438,441
050,55,109,"Wisconsin","St. Croix County",3,71,832,415,417
050,55,109,"Wisconsin","St. Croix County",3,72,799,395,404
050,55,109,"Wisconsin","St. Croix County",3,73,757,378,379
050,55,109,"Wisconsin","St. Croix County",3,74,824,411,413
050,55,109,"Wisconsin","St. Croix County",3,75,558,267,291
050,55,109,"Wisconsin","St. Croix County",3,76,511,246,265
050,55,109,"Wisconsin","St. Croix County",3,77,496,245,251
050,55,109,"Wisconsin","St. Croix County",3,78,477,228,249
050,55,109,"Wisconsin","St. Croix County",3,79,399,185,214
050,55,109,"Wisconsin","St. Croix County",3,80,379,174,205
050,55,109,"Wisconsin","St. Croix County",3,81,338,142,196
050,55,109,"Wisconsin","St. Croix County",3,82,298,131,167
050,55,109,"Wisconsin","St. Croix County",3,83,271,121,150
050,55,109,"Wisconsin","St. Croix County",3,84,218,94,124
050,55,109,"Wisconsin","St. Croix County",3,85,1303,451,852
050,55,109,"Wisconsin","St. Croix County",4,0,1035,521,514
050,55,109,"Wisconsin","St. Croix County",4,1,996,501,495
050,55,109,"Wisconsin","St. Croix County",4,2,1098,556,542
050,55,109,"Wisconsin","St. Croix County",4,3,1137,577,560
050,55,109,"Wisconsin","St. Croix County",4,4,1185,606,579
050,55,109,"Wisconsin","St. Croix County",4,5,1221,653,568
050,55,109,"Wisconsin","St. Croix County",4,6,1227,632,595
050,55,109,"Wisconsin","St. Croix County",4,7,1263,625,638
050,55,109,"Wisconsin","St. Croix County",4,8,1277,632,645
050,55,109,"Wisconsin","St. Croix County",4,9,1226,614,612
050,55,109,"Wisconsin","St. Croix County",4,10,1234,645,589
050,55,109,"Wisconsin","St. Croix County",4,11,1314,653,661
050,55,109,"Wisconsin","St. Croix County",4,12,1376,679,697
050,55,109,"Wisconsin","St. Croix County",4,13,1391,694,697
050,55,109,"Wisconsin","St. Croix County",4,14,1471,734,737
050,55,109,"Wisconsin","St. Croix County",4,15,1485,770,715
050,55,109,"Wisconsin","St. Croix County",4,16,1482,770,712
050,55,109,"Wisconsin","St. Croix County",4,17,1464,757,707
050,55,109,"Wisconsin","St. Croix County",4,18,1181,623,558
050,55,109,"Wisconsin","St. Croix County",4,19,866,463,403
050,55,109,"Wisconsin","St. Croix County",4,20,928,497,431
050,55,109,"Wisconsin","St. Croix County",4,21,967,523,444
050,55,109,"Wisconsin","St. Croix County",4,22,1020,513,507
050,55,109,"Wisconsin","St. Croix County",4,23,1020,537,483
050,55,109,"Wisconsin","St. Croix County",4,24,1043,534,509
050,55,109,"Wisconsin","St. Croix County",4,25,981,507,474
050,55,109,"Wisconsin","St. Croix County",4,26,1083,547,536
050,55,109,"Wisconsin","St. Croix County",4,27,993,517,476
050,55,109,"Wisconsin","St. Croix County",4,28,1036,517,519
050,55,109,"Wisconsin","St. Croix County",4,29,1139,587,552
050,55,109,"Wisconsin","St. Croix County",4,30,1147,573,574
050,55,109,"Wisconsin","St. Croix County",4,31,1164,600,564
050,55,109,"Wisconsin","St. Croix County",4,32,1147,575,572
050,55,109,"Wisconsin","St. Croix County",4,33,1177,586,591
050,55,109,"Wisconsin","St. Croix County",4,34,1156,592,564
050,55,109,"Wisconsin","St. Croix County",4,35,1194,619,575
050,55,109,"Wisconsin","St. Croix County",4,36,1265,648,617
050,55,109,"Wisconsin","St. Croix County",4,37,1373,698,675
050,55,109,"Wisconsin","St. Croix County",4,38,1302,654,648
050,55,109,"Wisconsin","St. Croix County",4,39,1327,645,682
050,55,109,"Wisconsin","St. Croix County",4,40,1391,682,709
050,55,109,"Wisconsin","St. Croix County",4,41,1379,704,675
050,55,109,"Wisconsin","St. Croix County",4,42,1416,719,697
050,55,109,"Wisconsin","St. Croix County",4,43,1366,669,697
050,55,109,"Wisconsin","St. Croix County",4,44,1325,676,649
050,55,109,"Wisconsin","St. Croix County",4,45,1289,649,640
050,55,109,"Wisconsin","St. Croix County",4,46,1230,635,595
050,55,109,"Wisconsin","St. Croix County",4,47,1234,637,597
050,55,109,"Wisconsin","St. Croix County",4,48,1199,602,597
050,55,109,"Wisconsin","St. Croix County",4,49,1196,596,600
050,55,109,"Wisconsin","St. Croix County",4,50,1250,649,601
050,55,109,"Wisconsin","St. Croix County",4,51,1404,717,687
050,55,109,"Wisconsin","St. Croix County",4,52,1377,713,664
050,55,109,"Wisconsin","St. Croix County",4,53,1335,696,639
050,55,109,"Wisconsin","St. Croix County",4,54,1268,655,613
050,55,109,"Wisconsin","St. Croix County",4,55,1301,668,633
050,55,109,"Wisconsin","St. Croix County",4,56,1332,677,655
050,55,109,"Wisconsin","St. Croix County",4,57,1345,684,661
050,55,109,"Wisconsin","St. Croix County",4,58,1417,715,702
050,55,109,"Wisconsin","St. Croix County",4,59,1400,694,706
050,55,109,"Wisconsin","St. Croix County",4,60,1422,708,714
050,55,109,"Wisconsin","St. Croix County",4,61,1429,697,732
050,55,109,"Wisconsin","St. Croix County",4,62,1378,685,693
050,55,109,"Wisconsin","St. Croix County",4,63,1356,682,674
050,55,109,"Wisconsin","St. Croix County",4,64,1268,643,625
050,55,109,"Wisconsin","St. Croix County",4,65,1190,597,593
050,55,109,"Wisconsin","St. Croix County",4,66,1124,555,569
050,55,109,"Wisconsin","St. Croix County",4,67,1097,542,555
050,55,109,"Wisconsin","St. Croix County",4,68,1038,514,524
050,55,109,"Wisconsin","St. Croix County",4,69,984,491,493
050,55,109,"Wisconsin","St. Croix County",4,70,962,462,500
050,55,109,"Wisconsin","St. Croix County",4,71,864,431,433
050,55,109,"Wisconsin","St. Croix County",4,72,828,412,416
050,55,109,"Wisconsin","St. Croix County",4,73,786,378,408
050,55,109,"Wisconsin","St. Croix County",4,74,755,380,375
050,55,109,"Wisconsin","St. Croix County",4,75,818,398,420
050,55,109,"Wisconsin","St. Croix County",4,76,529,251,278
050,55,109,"Wisconsin","St. Croix County",4,77,496,237,259
050,55,109,"Wisconsin","St. Croix County",4,78,486,230,256
050,55,109,"Wisconsin","St. Croix County",4,79,449,215,234
050,55,109,"Wisconsin","St. Croix County",4,80,390,182,208
050,55,109,"Wisconsin","St. Croix County",4,81,366,159,207
050,55,109,"Wisconsin","St. Croix County",4,82,312,132,180
050,55,109,"Wisconsin","St. Croix County",4,83,272,116,156
050,55,109,"Wisconsin","St. Croix County",4,84,249,106,143
050,55,109,"Wisconsin","St. Croix County",4,85,1274,442,832
050,55,109,"Wisconsin","St. Croix County",5,0,1015,509,506
050,55,109,"Wisconsin","St. Croix County",5,1,1057,523,534
050,55,109,"Wisconsin","St. Croix County",5,2,1029,517,512
050,55,109,"Wisconsin","St. Croix County",5,3,1126,564,562
050,55,109,"Wisconsin","St. Croix County",5,4,1152,579,573
050,55,109,"Wisconsin","St. Croix County",5,5,1202,623,579
050,55,109,"Wisconsin","St. Croix County",5,6,1221,652,569
050,55,109,"Wisconsin","St. Croix County",5,7,1242,640,602
050,55,109,"Wisconsin","St. Croix County",5,8,1309,646,663
050,55,109,"Wisconsin","St. Croix County",5,9,1302,647,655
050,55,109,"Wisconsin","St. Croix County",5,10,1249,612,637
050,55,109,"Wisconsin","St. Croix County",5,11,1258,670,588
050,55,109,"Wisconsin","St. Croix County",5,12,1316,650,666
050,55,109,"Wisconsin","St. Croix County",5,13,1379,686,693
050,55,109,"Wisconsin","St. Croix County",5,14,1400,703,697
050,55,109,"Wisconsin","St. Croix County",5,15,1496,745,751
050,55,109,"Wisconsin","St. Croix County",5,16,1493,782,711
050,55,109,"Wisconsin","St. Croix County",5,17,1489,775,714
050,55,109,"Wisconsin","St. Croix County",5,18,1203,652,551
050,55,109,"Wisconsin","St. Croix County",5,19,905,471,434
050,55,109,"Wisconsin","St. Croix County",5,20,974,527,447
050,55,109,"Wisconsin","St. Croix County",5,21,982,506,476
050,55,109,"Wisconsin","St. Croix County",5,22,1005,526,479
050,55,109,"Wisconsin","St. Croix County",5,23,1037,533,504
050,55,109,"Wisconsin","St. Croix County",5,24,993,513,480
050,55,109,"Wisconsin","St. Croix County",5,25,997,516,481
050,55,109,"Wisconsin","St. Croix County",5,26,1025,548,477
050,55,109,"Wisconsin","St. Croix County",5,27,1064,544,520
050,55,109,"Wisconsin","St. Croix County",5,28,993,520,473
050,55,109,"Wisconsin","St. Croix County",5,29,1055,529,526
050,55,109,"Wisconsin","St. Croix County",5,30,1175,603,572
050,55,109,"Wisconsin","St. Croix County",5,31,1168,578,590
050,55,109,"Wisconsin","St. Croix County",5,32,1182,607,575
050,55,109,"Wisconsin","St. Croix County",5,33,1172,594,578
050,55,109,"Wisconsin","St. Croix County",5,34,1224,598,626
050,55,109,"Wisconsin","St. Croix County",5,35,1197,626,571
050,55,109,"Wisconsin","St. Croix County",5,36,1233,634,599
050,55,109,"Wisconsin","St. Croix County",5,37,1314,666,648
050,55,109,"Wisconsin","St. Croix County",5,38,1408,721,687
050,55,109,"Wisconsin","St. Croix County",5,39,1327,669,658
050,55,109,"Wisconsin","St. Croix County",5,40,1352,667,685
050,55,109,"Wisconsin","St. Croix County",5,41,1405,692,713
050,55,109,"Wisconsin","St. Croix County",5,42,1418,733,685
050,55,109,"Wisconsin","St. Croix County",5,43,1407,715,692
050,55,109,"Wisconsin","St. Croix County",5,44,1363,667,696
050,55,109,"Wisconsin","St. Croix County",5,45,1335,676,659
050,55,109,"Wisconsin","St. Croix County",5,46,1298,653,645
050,55,109,"Wisconsin","St. Croix County",5,47,1246,644,602
050,55,109,"Wisconsin","St. Croix County",5,48,1237,646,591
050,55,109,"Wisconsin","St. Croix County",5,49,1196,597,599
050,55,109,"Wisconsin","St. Croix County",5,50,1208,601,607
050,55,109,"Wisconsin","St. Croix County",5,51,1245,648,597
050,55,109,"Wisconsin","St. Croix County",5,52,1407,721,686
050,55,109,"Wisconsin","St. Croix County",5,53,1369,708,661
050,55,109,"Wisconsin","St. Croix County",5,54,1346,709,637
050,55,109,"Wisconsin","St. Croix County",5,55,1252,644,608
050,55,109,"Wisconsin","St. Croix County",5,56,1279,651,628
050,55,109,"Wisconsin","St. Croix County",5,57,1323,676,647
050,55,109,"Wisconsin","St. Croix County",5,58,1351,684,667
050,55,109,"Wisconsin","St. Croix County",5,59,1393,702,691
050,55,109,"Wisconsin","St. Croix County",5,60,1387,687,700
050,55,109,"Wisconsin","St. Croix County",5,61,1426,707,719
050,55,109,"Wisconsin","St. Croix County",5,62,1398,689,709
050,55,109,"Wisconsin","St. Croix County",5,63,1349,671,678
050,55,109,"Wisconsin","St. Croix County",5,64,1346,683,663
050,55,109,"Wisconsin","St. Croix County",5,65,1245,621,624
050,55,109,"Wisconsin","St. Croix County",5,66,1173,585,588
050,55,109,"Wisconsin","St. Croix County",5,67,1121,547,574
050,55,109,"Wisconsin","St. Croix County",5,68,1095,540,555
050,55,109,"Wisconsin","St. Croix County",5,69,1035,505,530
050,55,109,"Wisconsin","St. Croix County",5,70,980,487,493
050,55,109,"Wisconsin","St. Croix County",5,71,953,451,502
050,55,109,"Wisconsin","St. Croix County",5,72,877,439,438
050,55,109,"Wisconsin","St. Croix County",5,73,818,410,408
050,55,109,"Wisconsin","St. Croix County",5,74,786,378,408
050,55,109,"Wisconsin","St. Croix County",5,75,744,365,379
050,55,109,"Wisconsin","St. Croix County",5,76,791,384,407
050,55,109,"Wisconsin","St. Croix County",5,77,506,243,263
050,55,109,"Wisconsin","St. Croix County",5,78,478,224,254
050,55,109,"Wisconsin","St. Croix County",5,79,472,221,251
050,55,109,"Wisconsin","St. Croix County",5,80,430,210,220
050,55,109,"Wisconsin","St. Croix County",5,81,380,170,210
050,55,109,"Wisconsin","St. Croix County",5,82,340,143,197
050,55,109,"Wisconsin","St. Croix County",5,83,293,123,170
050,55,109,"Wisconsin","St. Croix County",5,84,251,101,150
050,55,109,"Wisconsin","St. Croix County",5,85,1291,454,837
050,55,111,"Wisconsin","Sauk County",1,0,728,370,358
050,55,111,"Wisconsin","Sauk County",1,1,750,368,382
050,55,111,"Wisconsin","Sauk County",1,2,779,401,378
050,55,111,"Wisconsin","Sauk County",1,3,788,393,395
050,55,111,"Wisconsin","Sauk County",1,4,829,422,407
050,55,111,"Wisconsin","Sauk County",1,5,801,406,395
050,55,111,"Wisconsin","Sauk County",1,6,794,403,391
050,55,111,"Wisconsin","Sauk County",1,7,796,407,389
050,55,111,"Wisconsin","Sauk County",1,8,821,444,377
050,55,111,"Wisconsin","Sauk County",1,9,840,418,422
050,55,111,"Wisconsin","Sauk County",1,10,881,435,446
050,55,111,"Wisconsin","Sauk County",1,11,898,465,433
050,55,111,"Wisconsin","Sauk County",1,12,941,504,437
050,55,111,"Wisconsin","Sauk County",1,13,937,491,446
050,55,111,"Wisconsin","Sauk County",1,14,871,442,429
050,55,111,"Wisconsin","Sauk County",1,15,852,425,427
050,55,111,"Wisconsin","Sauk County",1,16,889,443,446
050,55,111,"Wisconsin","Sauk County",1,17,882,459,423
050,55,111,"Wisconsin","Sauk County",1,18,761,417,344
050,55,111,"Wisconsin","Sauk County",1,19,568,309,259
050,55,111,"Wisconsin","Sauk County",1,20,610,318,292
050,55,111,"Wisconsin","Sauk County",1,21,645,314,331
050,55,111,"Wisconsin","Sauk County",1,22,710,350,360
050,55,111,"Wisconsin","Sauk County",1,23,735,362,373
050,55,111,"Wisconsin","Sauk County",1,24,712,357,355
050,55,111,"Wisconsin","Sauk County",1,25,750,389,361
050,55,111,"Wisconsin","Sauk County",1,26,746,380,366
050,55,111,"Wisconsin","Sauk County",1,27,745,394,351
050,55,111,"Wisconsin","Sauk County",1,28,719,375,344
050,55,111,"Wisconsin","Sauk County",1,29,751,388,363
050,55,111,"Wisconsin","Sauk County",1,30,730,365,365
050,55,111,"Wisconsin","Sauk County",1,31,720,380,340
050,55,111,"Wisconsin","Sauk County",1,32,779,403,376
050,55,111,"Wisconsin","Sauk County",1,33,830,415,415
050,55,111,"Wisconsin","Sauk County",1,34,828,413,415
050,55,111,"Wisconsin","Sauk County",1,35,839,429,410
050,55,111,"Wisconsin","Sauk County",1,36,829,439,390
050,55,111,"Wisconsin","Sauk County",1,37,889,462,427
050,55,111,"Wisconsin","Sauk County",1,38,920,466,454
050,55,111,"Wisconsin","Sauk County",1,39,880,454,426
050,55,111,"Wisconsin","Sauk County",1,40,872,468,404
050,55,111,"Wisconsin","Sauk County",1,41,827,436,391
050,55,111,"Wisconsin","Sauk County",1,42,762,379,383
050,55,111,"Wisconsin","Sauk County",1,43,726,372,354
050,55,111,"Wisconsin","Sauk County",1,44,710,352,358
050,55,111,"Wisconsin","Sauk County",1,45,771,386,385
050,55,111,"Wisconsin","Sauk County",1,46,752,380,372
050,55,111,"Wisconsin","Sauk County",1,47,762,393,369
050,55,111,"Wisconsin","Sauk County",1,48,802,422,380
050,55,111,"Wisconsin","Sauk County",1,49,886,446,440
050,55,111,"Wisconsin","Sauk County",1,50,875,462,413
050,55,111,"Wisconsin","Sauk County",1,51,843,432,411
050,55,111,"Wisconsin","Sauk County",1,52,802,409,393
050,55,111,"Wisconsin","Sauk County",1,53,818,434,384
050,55,111,"Wisconsin","Sauk County",1,54,847,411,436
050,55,111,"Wisconsin","Sauk County",1,55,908,442,466
050,55,111,"Wisconsin","Sauk County",1,56,981,480,501
050,55,111,"Wisconsin","Sauk County",1,57,988,487,501
050,55,111,"Wisconsin","Sauk County",1,58,983,491,492
050,55,111,"Wisconsin","Sauk County",1,59,934,453,481
050,55,111,"Wisconsin","Sauk County",1,60,990,501,489
050,55,111,"Wisconsin","Sauk County",1,61,985,497,488
050,55,111,"Wisconsin","Sauk County",1,62,973,504,469
050,55,111,"Wisconsin","Sauk County",1,63,930,481,449
050,55,111,"Wisconsin","Sauk County",1,64,882,453,429
050,55,111,"Wisconsin","Sauk County",1,65,867,442,425
050,55,111,"Wisconsin","Sauk County",1,66,848,424,424
050,55,111,"Wisconsin","Sauk County",1,67,825,397,428
050,55,111,"Wisconsin","Sauk County",1,68,842,419,423
050,55,111,"Wisconsin","Sauk County",1,69,768,380,388
050,55,111,"Wisconsin","Sauk County",1,70,735,353,382
050,55,111,"Wisconsin","Sauk County",1,71,688,324,364
050,55,111,"Wisconsin","Sauk County",1,72,692,324,368
050,55,111,"Wisconsin","Sauk County",1,73,692,327,365
050,55,111,"Wisconsin","Sauk County",1,74,484,232,252
050,55,111,"Wisconsin","Sauk County",1,75,490,248,242
050,55,111,"Wisconsin","Sauk County",1,76,469,218,251
050,55,111,"Wisconsin","Sauk County",1,77,450,206,244
050,55,111,"Wisconsin","Sauk County",1,78,392,168,224
050,55,111,"Wisconsin","Sauk County",1,79,358,169,189
050,55,111,"Wisconsin","Sauk County",1,80,330,151,179
050,55,111,"Wisconsin","Sauk County",1,81,308,146,162
050,55,111,"Wisconsin","Sauk County",1,82,274,124,150
050,55,111,"Wisconsin","Sauk County",1,83,249,108,141
050,55,111,"Wisconsin","Sauk County",1,84,221,89,132
050,55,111,"Wisconsin","Sauk County",1,85,1402,470,932
050,55,111,"Wisconsin","Sauk County",2,0,730,374,356
050,55,111,"Wisconsin","Sauk County",2,1,744,368,376
050,55,111,"Wisconsin","Sauk County",2,2,776,395,381
050,55,111,"Wisconsin","Sauk County",2,3,781,391,390
050,55,111,"Wisconsin","Sauk County",2,4,818,414,404
050,55,111,"Wisconsin","Sauk County",2,5,804,407,397
050,55,111,"Wisconsin","Sauk County",2,6,800,407,393
050,55,111,"Wisconsin","Sauk County",2,7,796,408,388
050,55,111,"Wisconsin","Sauk County",2,8,813,434,379
050,55,111,"Wisconsin","Sauk County",2,9,836,423,413
050,55,111,"Wisconsin","Sauk County",2,10,874,431,443
050,55,111,"Wisconsin","Sauk County",2,11,896,460,436
050,55,111,"Wisconsin","Sauk County",2,12,936,497,439
050,55,111,"Wisconsin","Sauk County",2,13,937,494,443
050,55,111,"Wisconsin","Sauk County",2,14,889,456,433
050,55,111,"Wisconsin","Sauk County",2,15,859,429,430
050,55,111,"Wisconsin","Sauk County",2,16,881,440,441
050,55,111,"Wisconsin","Sauk County",2,17,888,458,430
050,55,111,"Wisconsin","Sauk County",2,18,753,410,343
050,55,111,"Wisconsin","Sauk County",2,19,583,317,266
050,55,111,"Wisconsin","Sauk County",2,20,618,327,291
050,55,111,"Wisconsin","Sauk County",2,21,640,318,322
050,55,111,"Wisconsin","Sauk County",2,22,707,347,360
050,55,111,"Wisconsin","Sauk County",2,23,736,363,373
050,55,111,"Wisconsin","Sauk County",2,24,712,358,354
050,55,111,"Wisconsin","Sauk County",2,25,746,385,361
050,55,111,"Wisconsin","Sauk County",2,26,745,384,361
050,55,111,"Wisconsin","Sauk County",2,27,744,393,351
050,55,111,"Wisconsin","Sauk County",2,28,722,376,346
050,55,111,"Wisconsin","Sauk County",2,29,753,389,364
050,55,111,"Wisconsin","Sauk County",2,30,741,375,366
050,55,111,"Wisconsin","Sauk County",2,31,721,373,348
050,55,111,"Wisconsin","Sauk County",2,32,762,397,365
050,55,111,"Wisconsin","Sauk County",2,33,818,411,407
050,55,111,"Wisconsin","Sauk County",2,34,829,415,414
050,55,111,"Wisconsin","Sauk County",2,35,843,430,413
050,55,111,"Wisconsin","Sauk County",2,36,827,436,391
050,55,111,"Wisconsin","Sauk County",2,37,876,457,419
050,55,111,"Wisconsin","Sauk County",2,38,916,466,450
050,55,111,"Wisconsin","Sauk County",2,39,891,459,432
050,55,111,"Wisconsin","Sauk County",2,40,882,469,413
050,55,111,"Wisconsin","Sauk County",2,41,834,441,393
050,55,111,"Wisconsin","Sauk County",2,42,776,391,385
050,55,111,"Wisconsin","Sauk County",2,43,738,377,361
050,55,111,"Wisconsin","Sauk County",2,44,702,349,353
050,55,111,"Wisconsin","Sauk County",2,45,764,382,382
050,55,111,"Wisconsin","Sauk County",2,46,746,375,371
050,55,111,"Wisconsin","Sauk County",2,47,755,388,367
050,55,111,"Wisconsin","Sauk County",2,48,791,416,375
050,55,111,"Wisconsin","Sauk County",2,49,866,441,425
050,55,111,"Wisconsin","Sauk County",2,50,876,457,419
050,55,111,"Wisconsin","Sauk County",2,51,843,433,410
050,55,111,"Wisconsin","Sauk County",2,52,810,414,396
050,55,111,"Wisconsin","Sauk County",2,53,819,432,387
050,55,111,"Wisconsin","Sauk County",2,54,836,415,421
050,55,111,"Wisconsin","Sauk County",2,55,891,434,457
050,55,111,"Wisconsin","Sauk County",2,56,961,470,491
050,55,111,"Wisconsin","Sauk County",2,57,983,484,499
050,55,111,"Wisconsin","Sauk County",2,58,980,487,493
050,55,111,"Wisconsin","Sauk County",2,59,950,464,486
050,55,111,"Wisconsin","Sauk County",2,60,973,486,487
050,55,111,"Wisconsin","Sauk County",2,61,986,499,487
050,55,111,"Wisconsin","Sauk County",2,62,975,500,475
050,55,111,"Wisconsin","Sauk County",2,63,945,489,456
050,55,111,"Wisconsin","Sauk County",2,64,886,455,431
050,55,111,"Wisconsin","Sauk County",2,65,870,442,428
050,55,111,"Wisconsin","Sauk County",2,66,854,430,424
050,55,111,"Wisconsin","Sauk County",2,67,827,403,424
050,55,111,"Wisconsin","Sauk County",2,68,829,409,420
050,55,111,"Wisconsin","Sauk County",2,69,789,391,398
050,55,111,"Wisconsin","Sauk County",2,70,738,358,380
050,55,111,"Wisconsin","Sauk County",2,71,701,330,371
050,55,111,"Wisconsin","Sauk County",2,72,673,315,358
050,55,111,"Wisconsin","Sauk County",2,73,727,342,385
050,55,111,"Wisconsin","Sauk County",2,74,498,236,262
050,55,111,"Wisconsin","Sauk County",2,75,491,245,246
050,55,111,"Wisconsin","Sauk County",2,76,465,221,244
050,55,111,"Wisconsin","Sauk County",2,77,462,213,249
050,55,111,"Wisconsin","Sauk County",2,78,395,172,223
050,55,111,"Wisconsin","Sauk County",2,79,362,166,196
050,55,111,"Wisconsin","Sauk County",2,80,331,152,179
050,55,111,"Wisconsin","Sauk County",2,81,307,146,161
050,55,111,"Wisconsin","Sauk County",2,82,283,130,153
050,55,111,"Wisconsin","Sauk County",2,83,251,110,141
050,55,111,"Wisconsin","Sauk County",2,84,224,91,133
050,55,111,"Wisconsin","Sauk County",2,85,1398,472,926
050,55,111,"Wisconsin","Sauk County",3,0,652,314,338
050,55,111,"Wisconsin","Sauk County",3,1,747,389,358
050,55,111,"Wisconsin","Sauk County",3,2,739,370,369
050,55,111,"Wisconsin","Sauk County",3,3,779,395,384
050,55,111,"Wisconsin","Sauk County",3,4,776,388,388
050,55,111,"Wisconsin","Sauk County",3,5,804,403,401
050,55,111,"Wisconsin","Sauk County",3,6,819,414,405
050,55,111,"Wisconsin","Sauk County",3,7,788,389,399
050,55,111,"Wisconsin","Sauk County",3,8,794,408,386
050,55,111,"Wisconsin","Sauk County",3,9,805,426,379
050,55,111,"Wisconsin","Sauk County",3,10,830,422,408
050,55,111,"Wisconsin","Sauk County",3,11,852,426,426
050,55,111,"Wisconsin","Sauk County",3,12,889,464,425
050,55,111,"Wisconsin","Sauk County",3,13,915,482,433
050,55,111,"Wisconsin","Sauk County",3,14,941,492,449
050,55,111,"Wisconsin","Sauk County",3,15,892,459,433
050,55,111,"Wisconsin","Sauk County",3,16,864,427,437
050,55,111,"Wisconsin","Sauk County",3,17,905,449,456
050,55,111,"Wisconsin","Sauk County",3,18,765,402,363
050,55,111,"Wisconsin","Sauk County",3,19,612,326,286
050,55,111,"Wisconsin","Sauk County",3,20,641,338,303
050,55,111,"Wisconsin","Sauk County",3,21,631,330,301
050,55,111,"Wisconsin","Sauk County",3,22,698,342,356
050,55,111,"Wisconsin","Sauk County",3,23,722,353,369
050,55,111,"Wisconsin","Sauk County",3,24,755,380,375
050,55,111,"Wisconsin","Sauk County",3,25,718,361,357
050,55,111,"Wisconsin","Sauk County",3,26,737,397,340
050,55,111,"Wisconsin","Sauk County",3,27,744,387,357
050,55,111,"Wisconsin","Sauk County",3,28,727,368,359
050,55,111,"Wisconsin","Sauk County",3,29,751,375,376
050,55,111,"Wisconsin","Sauk County",3,30,782,390,392
050,55,111,"Wisconsin","Sauk County",3,31,763,388,375
050,55,111,"Wisconsin","Sauk County",3,32,738,371,367
050,55,111,"Wisconsin","Sauk County",3,33,748,376,372
050,55,111,"Wisconsin","Sauk County",3,34,827,430,397
050,55,111,"Wisconsin","Sauk County",3,35,821,407,414
050,55,111,"Wisconsin","Sauk County",3,36,854,440,414
050,55,111,"Wisconsin","Sauk County",3,37,825,433,392
050,55,111,"Wisconsin","Sauk County",3,38,883,466,417
050,55,111,"Wisconsin","Sauk County",3,39,915,464,451
050,55,111,"Wisconsin","Sauk County",3,40,885,461,424
050,55,111,"Wisconsin","Sauk County",3,41,884,473,411
050,55,111,"Wisconsin","Sauk County",3,42,840,442,398
050,55,111,"Wisconsin","Sauk County",3,43,761,395,366
050,55,111,"Wisconsin","Sauk County",3,44,720,365,355
050,55,111,"Wisconsin","Sauk County",3,45,707,350,357
050,55,111,"Wisconsin","Sauk County",3,46,750,375,375
050,55,111,"Wisconsin","Sauk County",3,47,749,377,372
050,55,111,"Wisconsin","Sauk County",3,48,754,393,361
050,55,111,"Wisconsin","Sauk County",3,49,781,401,380
050,55,111,"Wisconsin","Sauk County",3,50,851,426,425
050,55,111,"Wisconsin","Sauk County",3,51,876,451,425
050,55,111,"Wisconsin","Sauk County",3,52,844,438,406
050,55,111,"Wisconsin","Sauk County",3,53,823,427,396
050,55,111,"Wisconsin","Sauk County",3,54,813,429,384
050,55,111,"Wisconsin","Sauk County",3,55,836,404,432
050,55,111,"Wisconsin","Sauk County",3,56,881,425,456
050,55,111,"Wisconsin","Sauk County",3,57,970,481,489
050,55,111,"Wisconsin","Sauk County",3,58,987,484,503
050,55,111,"Wisconsin","Sauk County",3,59,987,497,490
050,55,111,"Wisconsin","Sauk County",3,60,942,459,483
050,55,111,"Wisconsin","Sauk County",3,61,980,496,484
050,55,111,"Wisconsin","Sauk County",3,62,973,499,474
050,55,111,"Wisconsin","Sauk County",3,63,964,493,471
050,55,111,"Wisconsin","Sauk County",3,64,927,473,454
050,55,111,"Wisconsin","Sauk County",3,65,883,451,432
050,55,111,"Wisconsin","Sauk County",3,66,850,430,420
050,55,111,"Wisconsin","Sauk County",3,67,831,411,420
050,55,111,"Wisconsin","Sauk County",3,68,817,396,421
050,55,111,"Wisconsin","Sauk County",3,69,818,406,412
050,55,111,"Wisconsin","Sauk County",3,70,785,385,400
050,55,111,"Wisconsin","Sauk County",3,71,731,345,386
050,55,111,"Wisconsin","Sauk County",3,72,677,317,360
050,55,111,"Wisconsin","Sauk County",3,73,661,314,347
050,55,111,"Wisconsin","Sauk County",3,74,691,316,375
050,55,111,"Wisconsin","Sauk County",3,75,489,230,259
050,55,111,"Wisconsin","Sauk County",3,76,473,230,243
050,55,111,"Wisconsin","Sauk County",3,77,453,221,232
050,55,111,"Wisconsin","Sauk County",3,78,437,200,237
050,55,111,"Wisconsin","Sauk County",3,79,383,165,218
050,55,111,"Wisconsin","Sauk County",3,80,333,154,179
050,55,111,"Wisconsin","Sauk County",3,81,315,139,176
050,55,111,"Wisconsin","Sauk County",3,82,281,134,147
050,55,111,"Wisconsin","Sauk County",3,83,262,118,144
050,55,111,"Wisconsin","Sauk County",3,84,232,101,131
050,55,111,"Wisconsin","Sauk County",3,85,1367,463,904
050,55,111,"Wisconsin","Sauk County",4,0,696,341,355
050,55,111,"Wisconsin","Sauk County",4,1,654,306,348
050,55,111,"Wisconsin","Sauk County",4,2,748,393,355
050,55,111,"Wisconsin","Sauk County",4,3,727,359,368
050,55,111,"Wisconsin","Sauk County",4,4,764,388,376
050,55,111,"Wisconsin","Sauk County",4,5,790,401,389
050,55,111,"Wisconsin","Sauk County",4,6,805,405,400
050,55,111,"Wisconsin","Sauk County",4,7,823,414,409
050,55,111,"Wisconsin","Sauk County",4,8,806,393,413
050,55,111,"Wisconsin","Sauk County",4,9,811,411,400
050,55,111,"Wisconsin","Sauk County",4,10,807,425,382
050,55,111,"Wisconsin","Sauk County",4,11,839,428,411
050,55,111,"Wisconsin","Sauk County",4,12,876,437,439
050,55,111,"Wisconsin","Sauk County",4,13,886,462,424
050,55,111,"Wisconsin","Sauk County",4,14,909,480,429
050,55,111,"Wisconsin","Sauk County",4,15,943,492,451
050,55,111,"Wisconsin","Sauk County",4,16,886,462,424
050,55,111,"Wisconsin","Sauk County",4,17,848,422,426
050,55,111,"Wisconsin","Sauk County",4,18,746,387,359
050,55,111,"Wisconsin","Sauk County",4,19,591,311,280
050,55,111,"Wisconsin","Sauk County",4,20,667,349,318
050,55,111,"Wisconsin","Sauk County",4,21,619,332,287
050,55,111,"Wisconsin","Sauk County",4,22,682,348,334
050,55,111,"Wisconsin","Sauk County",4,23,708,331,377
050,55,111,"Wisconsin","Sauk County",4,24,758,382,376
050,55,111,"Wisconsin","Sauk County",4,25,767,396,371
050,55,111,"Wisconsin","Sauk County",4,26,698,362,336
050,55,111,"Wisconsin","Sauk County",4,27,793,420,373
050,55,111,"Wisconsin","Sauk County",4,28,722,373,349
050,55,111,"Wisconsin","Sauk County",4,29,755,381,374
050,55,111,"Wisconsin","Sauk County",4,30,761,372,389
050,55,111,"Wisconsin","Sauk County",4,31,793,395,398
050,55,111,"Wisconsin","Sauk County",4,32,802,417,385
050,55,111,"Wisconsin","Sauk County",4,33,741,363,378
050,55,111,"Wisconsin","Sauk County",4,34,769,400,369
050,55,111,"Wisconsin","Sauk County",4,35,825,426,399
050,55,111,"Wisconsin","Sauk County",4,36,817,401,416
050,55,111,"Wisconsin","Sauk County",4,37,860,449,411
050,55,111,"Wisconsin","Sauk County",4,38,820,429,391
050,55,111,"Wisconsin","Sauk County",4,39,874,462,412
050,55,111,"Wisconsin","Sauk County",4,40,913,458,455
050,55,111,"Wisconsin","Sauk County",4,41,899,470,429
050,55,111,"Wisconsin","Sauk County",4,42,907,475,432
050,55,111,"Wisconsin","Sauk County",4,43,822,441,381
050,55,111,"Wisconsin","Sauk County",4,44,761,393,368
050,55,111,"Wisconsin","Sauk County",4,45,744,379,365
050,55,111,"Wisconsin","Sauk County",4,46,684,334,350
050,55,111,"Wisconsin","Sauk County",4,47,753,375,378
050,55,111,"Wisconsin","Sauk County",4,48,755,390,365
050,55,111,"Wisconsin","Sauk County",4,49,739,381,358
050,55,111,"Wisconsin","Sauk County",4,50,749,390,359
050,55,111,"Wisconsin","Sauk County",4,51,861,430,431
050,55,111,"Wisconsin","Sauk County",4,52,864,445,419
050,55,111,"Wisconsin","Sauk County",4,53,852,446,406
050,55,111,"Wisconsin","Sauk County",4,54,824,423,401
050,55,111,"Wisconsin","Sauk County",4,55,819,438,381
050,55,111,"Wisconsin","Sauk County",4,56,843,403,440
050,55,111,"Wisconsin","Sauk County",4,57,870,427,443
050,55,111,"Wisconsin","Sauk County",4,58,982,480,502
050,55,111,"Wisconsin","Sauk County",4,59,984,487,497
050,55,111,"Wisconsin","Sauk County",4,60,988,502,486
050,55,111,"Wisconsin","Sauk County",4,61,946,459,487
050,55,111,"Wisconsin","Sauk County",4,62,963,488,475
050,55,111,"Wisconsin","Sauk County",4,63,964,486,478
050,55,111,"Wisconsin","Sauk County",4,64,942,489,453
050,55,111,"Wisconsin","Sauk County",4,65,923,474,449
050,55,111,"Wisconsin","Sauk County",4,66,882,445,437
050,55,111,"Wisconsin","Sauk County",4,67,834,417,417
050,55,111,"Wisconsin","Sauk County",4,68,841,415,426
050,55,111,"Wisconsin","Sauk County",4,69,814,398,416
050,55,111,"Wisconsin","Sauk County",4,70,795,393,402
050,55,111,"Wisconsin","Sauk County",4,71,787,374,413
050,55,111,"Wisconsin","Sauk County",4,72,712,335,377
050,55,111,"Wisconsin","Sauk County",4,73,664,310,354
050,55,111,"Wisconsin","Sauk County",4,74,625,290,335
050,55,111,"Wisconsin","Sauk County",4,75,676,311,365
050,55,111,"Wisconsin","Sauk County",4,76,476,217,259
050,55,111,"Wisconsin","Sauk County",4,77,470,233,237
050,55,111,"Wisconsin","Sauk County",4,78,428,207,221
050,55,111,"Wisconsin","Sauk County",4,79,418,189,229
050,55,111,"Wisconsin","Sauk County",4,80,364,156,208
050,55,111,"Wisconsin","Sauk County",4,81,314,144,170
050,55,111,"Wisconsin","Sauk County",4,82,291,126,165
050,55,111,"Wisconsin","Sauk County",4,83,259,120,139
050,55,111,"Wisconsin","Sauk County",4,84,246,108,138
050,55,111,"Wisconsin","Sauk County",4,85,1337,459,878
050,55,111,"Wisconsin","Sauk County",5,0,695,340,355
050,55,111,"Wisconsin","Sauk County",5,1,714,370,344
050,55,111,"Wisconsin","Sauk County",5,2,674,324,350
050,55,111,"Wisconsin","Sauk County",5,3,755,389,366
050,55,111,"Wisconsin","Sauk County",5,4,750,369,381
050,55,111,"Wisconsin","Sauk County",5,5,765,385,380
050,55,111,"Wisconsin","Sauk County",5,6,803,414,389
050,55,111,"Wisconsin","Sauk County",5,7,812,420,392
050,55,111,"Wisconsin","Sauk County",5,8,811,405,406
050,55,111,"Wisconsin","Sauk County",5,9,793,384,409
050,55,111,"Wisconsin","Sauk County",5,10,793,408,385
050,55,111,"Wisconsin","Sauk County",5,11,813,430,383
050,55,111,"Wisconsin","Sauk County",5,12,844,434,410
050,55,111,"Wisconsin","Sauk County",5,13,868,442,426
050,55,111,"Wisconsin","Sauk County",5,14,898,463,435
050,55,111,"Wisconsin","Sauk County",5,15,917,485,432
050,55,111,"Wisconsin","Sauk County",5,16,952,499,453
050,55,111,"Wisconsin","Sauk County",5,17,885,463,422
050,55,111,"Wisconsin","Sauk County",5,18,722,375,347
050,55,111,"Wisconsin","Sauk County",5,19,581,296,285
050,55,111,"Wisconsin","Sauk County",5,20,629,332,297
050,55,111,"Wisconsin","Sauk County",5,21,677,360,317
050,55,111,"Wisconsin","Sauk County",5,22,656,340,316
050,55,111,"Wisconsin","Sauk County",5,23,737,388,349
050,55,111,"Wisconsin","Sauk County",5,24,724,347,377
050,55,111,"Wisconsin","Sauk County",5,25,806,401,405
050,55,111,"Wisconsin","Sauk County",5,26,766,395,371
050,55,111,"Wisconsin","Sauk County",5,27,678,369,309
050,55,111,"Wisconsin","Sauk County",5,28,757,396,361
050,55,111,"Wisconsin","Sauk County",5,29,796,407,389
050,55,111,"Wisconsin","Sauk County",5,30,752,374,378
050,55,111,"Wisconsin","Sauk County",5,31,780,381,399
050,55,111,"Wisconsin","Sauk County",5,32,805,408,397
050,55,111,"Wisconsin","Sauk County",5,33,773,402,371
050,55,111,"Wisconsin","Sauk County",5,34,767,391,376
050,55,111,"Wisconsin","Sauk County",5,35,778,406,372
050,55,111,"Wisconsin","Sauk County",5,36,824,409,415
050,55,111,"Wisconsin","Sauk County",5,37,831,410,421
050,55,111,"Wisconsin","Sauk County",5,38,859,451,408
050,55,111,"Wisconsin","Sauk County",5,39,795,417,378
050,55,111,"Wisconsin","Sauk County",5,40,868,459,409
050,55,111,"Wisconsin","Sauk County",5,41,904,444,460
050,55,111,"Wisconsin","Sauk County",5,42,905,463,442
050,55,111,"Wisconsin","Sauk County",5,43,886,465,421
050,55,111,"Wisconsin","Sauk County",5,44,818,431,387
050,55,111,"Wisconsin","Sauk County",5,45,779,398,381
050,55,111,"Wisconsin","Sauk County",5,46,713,363,350
050,55,111,"Wisconsin","Sauk County",5,47,685,331,354
050,55,111,"Wisconsin","Sauk County",5,48,757,388,369
050,55,111,"Wisconsin","Sauk County",5,49,754,390,364
050,55,111,"Wisconsin","Sauk County",5,50,736,374,362
050,55,111,"Wisconsin","Sauk County",5,51,755,392,363
050,55,111,"Wisconsin","Sauk County",5,52,841,421,420
050,55,111,"Wisconsin","Sauk County",5,53,872,459,413
050,55,111,"Wisconsin","Sauk County",5,54,845,432,413
050,55,111,"Wisconsin","Sauk County",5,55,832,422,410
050,55,111,"Wisconsin","Sauk County",5,56,824,436,388
050,55,111,"Wisconsin","Sauk County",5,57,819,398,421
050,55,111,"Wisconsin","Sauk County",5,58,866,424,442
050,55,111,"Wisconsin","Sauk County",5,59,964,479,485
050,55,111,"Wisconsin","Sauk County",5,60,998,489,509
050,55,111,"Wisconsin","Sauk County",5,61,1022,522,500
050,55,111,"Wisconsin","Sauk County",5,62,939,454,485
050,55,111,"Wisconsin","Sauk County",5,63,957,481,476
050,55,111,"Wisconsin","Sauk County",5,64,957,479,478
050,55,111,"Wisconsin","Sauk County",5,65,931,487,444
050,55,111,"Wisconsin","Sauk County",5,66,931,471,460
050,55,111,"Wisconsin","Sauk County",5,67,878,447,431
050,55,111,"Wisconsin","Sauk County",5,68,824,412,412
050,55,111,"Wisconsin","Sauk County",5,69,839,417,422
050,55,111,"Wisconsin","Sauk County",5,70,810,397,413
050,55,111,"Wisconsin","Sauk County",5,71,789,383,406
050,55,111,"Wisconsin","Sauk County",5,72,751,357,394
050,55,111,"Wisconsin","Sauk County",5,73,702,326,376
050,55,111,"Wisconsin","Sauk County",5,74,643,303,340
050,55,111,"Wisconsin","Sauk County",5,75,613,287,326
050,55,111,"Wisconsin","Sauk County",5,76,661,292,369
050,55,111,"Wisconsin","Sauk County",5,77,463,214,249
050,55,111,"Wisconsin","Sauk County",5,78,452,221,231
050,55,111,"Wisconsin","Sauk County",5,79,417,201,216
050,55,111,"Wisconsin","Sauk County",5,80,397,177,220
050,55,111,"Wisconsin","Sauk County",5,81,343,146,197
050,55,111,"Wisconsin","Sauk County",5,82,286,130,156
050,55,111,"Wisconsin","Sauk County",5,83,269,114,155
050,55,111,"Wisconsin","Sauk County",5,84,248,113,135
050,55,111,"Wisconsin","Sauk County",5,85,1342,461,881
050,55,113,"Wisconsin","Sawyer County",1,0,143,73,70
050,55,113,"Wisconsin","Sawyer County",1,1,153,80,73
050,55,113,"Wisconsin","Sawyer County",1,2,162,94,68
050,55,113,"Wisconsin","Sawyer County",1,3,160,92,68
050,55,113,"Wisconsin","Sawyer County",1,4,171,91,80
050,55,113,"Wisconsin","Sawyer County",1,5,182,84,98
050,55,113,"Wisconsin","Sawyer County",1,6,184,97,87
050,55,113,"Wisconsin","Sawyer County",1,7,189,90,99
050,55,113,"Wisconsin","Sawyer County",1,8,197,102,95
050,55,113,"Wisconsin","Sawyer County",1,9,183,94,89
050,55,113,"Wisconsin","Sawyer County",1,10,219,115,104
050,55,113,"Wisconsin","Sawyer County",1,11,222,109,113
050,55,113,"Wisconsin","Sawyer County",1,12,227,114,113
050,55,113,"Wisconsin","Sawyer County",1,13,227,118,109
050,55,113,"Wisconsin","Sawyer County",1,14,230,117,113
050,55,113,"Wisconsin","Sawyer County",1,15,195,101,94
050,55,113,"Wisconsin","Sawyer County",1,16,199,97,102
050,55,113,"Wisconsin","Sawyer County",1,17,196,101,95
050,55,113,"Wisconsin","Sawyer County",1,18,172,101,71
050,55,113,"Wisconsin","Sawyer County",1,19,151,85,66
050,55,113,"Wisconsin","Sawyer County",1,20,148,75,73
050,55,113,"Wisconsin","Sawyer County",1,21,146,76,70
050,55,113,"Wisconsin","Sawyer County",1,22,156,81,75
050,55,113,"Wisconsin","Sawyer County",1,23,147,74,73
050,55,113,"Wisconsin","Sawyer County",1,24,150,75,75
050,55,113,"Wisconsin","Sawyer County",1,25,147,72,75
050,55,113,"Wisconsin","Sawyer County",1,26,152,74,78
050,55,113,"Wisconsin","Sawyer County",1,27,164,94,70
050,55,113,"Wisconsin","Sawyer County",1,28,165,89,76
050,55,113,"Wisconsin","Sawyer County",1,29,151,75,76
050,55,113,"Wisconsin","Sawyer County",1,30,150,85,65
050,55,113,"Wisconsin","Sawyer County",1,31,156,86,70
050,55,113,"Wisconsin","Sawyer County",1,32,148,79,69
050,55,113,"Wisconsin","Sawyer County",1,33,166,88,78
050,55,113,"Wisconsin","Sawyer County",1,34,167,96,71
050,55,113,"Wisconsin","Sawyer County",1,35,162,85,77
050,55,113,"Wisconsin","Sawyer County",1,36,175,92,83
050,55,113,"Wisconsin","Sawyer County",1,37,175,82,93
050,55,113,"Wisconsin","Sawyer County",1,38,180,86,94
050,55,113,"Wisconsin","Sawyer County",1,39,183,95,88
050,55,113,"Wisconsin","Sawyer County",1,40,173,96,77
050,55,113,"Wisconsin","Sawyer County",1,41,175,89,86
050,55,113,"Wisconsin","Sawyer County",1,42,156,79,77
050,55,113,"Wisconsin","Sawyer County",1,43,158,88,70
050,55,113,"Wisconsin","Sawyer County",1,44,162,85,77
050,55,113,"Wisconsin","Sawyer County",1,45,167,92,75
050,55,113,"Wisconsin","Sawyer County",1,46,168,83,85
050,55,113,"Wisconsin","Sawyer County",1,47,195,91,104
050,55,113,"Wisconsin","Sawyer County",1,48,202,99,103
050,55,113,"Wisconsin","Sawyer County",1,49,226,120,106
050,55,113,"Wisconsin","Sawyer County",1,50,212,109,103
050,55,113,"Wisconsin","Sawyer County",1,51,202,112,90
050,55,113,"Wisconsin","Sawyer County",1,52,209,110,99
050,55,113,"Wisconsin","Sawyer County",1,53,215,110,105
050,55,113,"Wisconsin","Sawyer County",1,54,243,117,126
050,55,113,"Wisconsin","Sawyer County",1,55,292,146,146
050,55,113,"Wisconsin","Sawyer County",1,56,290,149,141
050,55,113,"Wisconsin","Sawyer County",1,57,303,164,139
050,55,113,"Wisconsin","Sawyer County",1,58,333,180,153
050,55,113,"Wisconsin","Sawyer County",1,59,344,192,152
050,55,113,"Wisconsin","Sawyer County",1,60,360,179,181
050,55,113,"Wisconsin","Sawyer County",1,61,361,179,182
050,55,113,"Wisconsin","Sawyer County",1,62,366,184,182
050,55,113,"Wisconsin","Sawyer County",1,63,366,178,188
050,55,113,"Wisconsin","Sawyer County",1,64,384,191,193
050,55,113,"Wisconsin","Sawyer County",1,65,395,197,198
050,55,113,"Wisconsin","Sawyer County",1,66,366,197,169
050,55,113,"Wisconsin","Sawyer County",1,67,339,174,165
050,55,113,"Wisconsin","Sawyer County",1,68,344,181,163
050,55,113,"Wisconsin","Sawyer County",1,69,320,171,149
050,55,113,"Wisconsin","Sawyer County",1,70,297,152,145
050,55,113,"Wisconsin","Sawyer County",1,71,285,152,133
050,55,113,"Wisconsin","Sawyer County",1,72,284,147,137
050,55,113,"Wisconsin","Sawyer County",1,73,239,131,108
050,55,113,"Wisconsin","Sawyer County",1,74,178,94,84
050,55,113,"Wisconsin","Sawyer County",1,75,194,100,94
050,55,113,"Wisconsin","Sawyer County",1,76,199,104,95
050,55,113,"Wisconsin","Sawyer County",1,77,191,102,89
050,55,113,"Wisconsin","Sawyer County",1,78,159,78,81
050,55,113,"Wisconsin","Sawyer County",1,79,131,58,73
050,55,113,"Wisconsin","Sawyer County",1,80,119,52,67
050,55,113,"Wisconsin","Sawyer County",1,81,118,57,61
050,55,113,"Wisconsin","Sawyer County",1,82,113,61,52
050,55,113,"Wisconsin","Sawyer County",1,83,89,44,45
050,55,113,"Wisconsin","Sawyer County",1,84,87,39,48
050,55,113,"Wisconsin","Sawyer County",1,85,414,171,243
050,55,113,"Wisconsin","Sawyer County",2,0,145,76,69
050,55,113,"Wisconsin","Sawyer County",2,1,150,78,72
050,55,113,"Wisconsin","Sawyer County",2,2,162,92,70
050,55,113,"Wisconsin","Sawyer County",2,3,161,93,68
050,55,113,"Wisconsin","Sawyer County",2,4,168,92,76
050,55,113,"Wisconsin","Sawyer County",2,5,179,86,93
050,55,113,"Wisconsin","Sawyer County",2,6,185,95,90
050,55,113,"Wisconsin","Sawyer County",2,7,188,92,96
050,55,113,"Wisconsin","Sawyer County",2,8,194,99,95
050,55,113,"Wisconsin","Sawyer County",2,9,188,96,92
050,55,113,"Wisconsin","Sawyer County",2,10,210,110,100
050,55,113,"Wisconsin","Sawyer County",2,11,222,112,110
050,55,113,"Wisconsin","Sawyer County",2,12,229,115,114
050,55,113,"Wisconsin","Sawyer County",2,13,227,116,111
050,55,113,"Wisconsin","Sawyer County",2,14,229,118,111
050,55,113,"Wisconsin","Sawyer County",2,15,204,105,99
050,55,113,"Wisconsin","Sawyer County",2,16,201,99,102
050,55,113,"Wisconsin","Sawyer County",2,17,197,101,96
050,55,113,"Wisconsin","Sawyer County",2,18,171,99,72
050,55,113,"Wisconsin","Sawyer County",2,19,148,84,64
050,55,113,"Wisconsin","Sawyer County",2,20,151,78,73
050,55,113,"Wisconsin","Sawyer County",2,21,147,75,72
050,55,113,"Wisconsin","Sawyer County",2,22,153,78,75
050,55,113,"Wisconsin","Sawyer County",2,23,151,76,75
050,55,113,"Wisconsin","Sawyer County",2,24,149,74,75
050,55,113,"Wisconsin","Sawyer County",2,25,150,74,76
050,55,113,"Wisconsin","Sawyer County",2,26,152,75,77
050,55,113,"Wisconsin","Sawyer County",2,27,162,89,73
050,55,113,"Wisconsin","Sawyer County",2,28,165,90,75
050,55,113,"Wisconsin","Sawyer County",2,29,153,78,75
050,55,113,"Wisconsin","Sawyer County",2,30,151,82,69
050,55,113,"Wisconsin","Sawyer County",2,31,157,87,70
050,55,113,"Wisconsin","Sawyer County",2,32,151,81,70
050,55,113,"Wisconsin","Sawyer County",2,33,164,87,77
050,55,113,"Wisconsin","Sawyer County",2,34,164,92,72
050,55,113,"Wisconsin","Sawyer County",2,35,168,90,78
050,55,113,"Wisconsin","Sawyer County",2,36,169,88,81
050,55,113,"Wisconsin","Sawyer County",2,37,179,86,93
050,55,113,"Wisconsin","Sawyer County",2,38,181,87,94
050,55,113,"Wisconsin","Sawyer County",2,39,183,95,88
050,55,113,"Wisconsin","Sawyer County",2,40,176,95,81
050,55,113,"Wisconsin","Sawyer County",2,41,174,92,82
050,55,113,"Wisconsin","Sawyer County",2,42,160,82,78
050,55,113,"Wisconsin","Sawyer County",2,43,159,86,73
050,55,113,"Wisconsin","Sawyer County",2,44,160,86,74
050,55,113,"Wisconsin","Sawyer County",2,45,169,91,78
050,55,113,"Wisconsin","Sawyer County",2,46,167,85,82
050,55,113,"Wisconsin","Sawyer County",2,47,189,89,100
050,55,113,"Wisconsin","Sawyer County",2,48,200,99,101
050,55,113,"Wisconsin","Sawyer County",2,49,223,117,106
050,55,113,"Wisconsin","Sawyer County",2,50,217,114,103
050,55,113,"Wisconsin","Sawyer County",2,51,205,112,93
050,55,113,"Wisconsin","Sawyer County",2,52,206,109,97
050,55,113,"Wisconsin","Sawyer County",2,53,214,110,104
050,55,113,"Wisconsin","Sawyer County",2,54,237,115,122
050,55,113,"Wisconsin","Sawyer County",2,55,282,141,141
050,55,113,"Wisconsin","Sawyer County",2,56,294,150,144
050,55,113,"Wisconsin","Sawyer County",2,57,300,160,140
050,55,113,"Wisconsin","Sawyer County",2,58,327,178,149
050,55,113,"Wisconsin","Sawyer County",2,59,347,190,157
050,55,113,"Wisconsin","Sawyer County",2,60,363,185,178
050,55,113,"Wisconsin","Sawyer County",2,61,364,181,183
050,55,113,"Wisconsin","Sawyer County",2,62,366,183,183
050,55,113,"Wisconsin","Sawyer County",2,63,373,183,190
050,55,113,"Wisconsin","Sawyer County",2,64,377,184,193
050,55,113,"Wisconsin","Sawyer County",2,65,396,198,198
050,55,113,"Wisconsin","Sawyer County",2,66,375,198,177
050,55,113,"Wisconsin","Sawyer County",2,67,344,178,166
050,55,113,"Wisconsin","Sawyer County",2,68,340,177,163
050,55,113,"Wisconsin","Sawyer County",2,69,328,174,154
050,55,113,"Wisconsin","Sawyer County",2,70,303,158,145
050,55,113,"Wisconsin","Sawyer County",2,71,286,151,135
050,55,113,"Wisconsin","Sawyer County",2,72,279,145,134
050,55,113,"Wisconsin","Sawyer County",2,73,259,141,118
050,55,113,"Wisconsin","Sawyer County",2,74,180,96,84
050,55,113,"Wisconsin","Sawyer County",2,75,189,98,91
050,55,113,"Wisconsin","Sawyer County",2,76,192,98,94
050,55,113,"Wisconsin","Sawyer County",2,77,196,103,93
050,55,113,"Wisconsin","Sawyer County",2,78,161,80,81
050,55,113,"Wisconsin","Sawyer County",2,79,136,61,75
050,55,113,"Wisconsin","Sawyer County",2,80,120,52,68
050,55,113,"Wisconsin","Sawyer County",2,81,117,55,62
050,55,113,"Wisconsin","Sawyer County",2,82,112,59,53
050,55,113,"Wisconsin","Sawyer County",2,83,94,47,47
050,55,113,"Wisconsin","Sawyer County",2,84,87,41,46
050,55,113,"Wisconsin","Sawyer County",2,85,417,172,245
050,55,113,"Wisconsin","Sawyer County",3,0,123,57,66
050,55,113,"Wisconsin","Sawyer County",3,1,159,80,79
050,55,113,"Wisconsin","Sawyer County",3,2,145,77,68
050,55,113,"Wisconsin","Sawyer County",3,3,158,88,70
050,55,113,"Wisconsin","Sawyer County",3,4,163,93,70
050,55,113,"Wisconsin","Sawyer County",3,5,171,92,79
050,55,113,"Wisconsin","Sawyer County",3,6,185,88,97
050,55,113,"Wisconsin","Sawyer County",3,7,187,96,91
050,55,113,"Wisconsin","Sawyer County",3,8,185,90,95
050,55,113,"Wisconsin","Sawyer County",3,9,187,101,86
050,55,113,"Wisconsin","Sawyer County",3,10,191,97,94
050,55,113,"Wisconsin","Sawyer County",3,11,202,107,95
050,55,113,"Wisconsin","Sawyer County",3,12,222,112,110
050,55,113,"Wisconsin","Sawyer County",3,13,231,116,115
050,55,113,"Wisconsin","Sawyer County",3,14,227,114,113
050,55,113,"Wisconsin","Sawyer County",3,15,229,117,112
050,55,113,"Wisconsin","Sawyer County",3,16,211,107,104
050,55,113,"Wisconsin","Sawyer County",3,17,202,98,104
050,55,113,"Wisconsin","Sawyer County",3,18,169,91,78
050,55,113,"Wisconsin","Sawyer County",3,19,136,79,57
050,55,113,"Wisconsin","Sawyer County",3,20,156,84,72
050,55,113,"Wisconsin","Sawyer County",3,21,141,71,70
050,55,113,"Wisconsin","Sawyer County",3,22,158,82,76
050,55,113,"Wisconsin","Sawyer County",3,23,148,74,74
050,55,113,"Wisconsin","Sawyer County",3,24,150,73,77
050,55,113,"Wisconsin","Sawyer County",3,25,143,71,72
050,55,113,"Wisconsin","Sawyer County",3,26,161,89,72
050,55,113,"Wisconsin","Sawyer County",3,27,159,67,92
050,55,113,"Wisconsin","Sawyer County",3,28,166,94,72
050,55,113,"Wisconsin","Sawyer County",3,29,159,84,75
050,55,113,"Wisconsin","Sawyer County",3,30,147,74,73
050,55,113,"Wisconsin","Sawyer County",3,31,151,78,73
050,55,113,"Wisconsin","Sawyer County",3,32,150,83,67
050,55,113,"Wisconsin","Sawyer County",3,33,146,80,66
050,55,113,"Wisconsin","Sawyer County",3,34,161,79,82
050,55,113,"Wisconsin","Sawyer County",3,35,166,89,77
050,55,113,"Wisconsin","Sawyer County",3,36,165,87,78
050,55,113,"Wisconsin","Sawyer County",3,37,163,86,77
050,55,113,"Wisconsin","Sawyer County",3,38,179,88,91
050,55,113,"Wisconsin","Sawyer County",3,39,193,95,98
050,55,113,"Wisconsin","Sawyer County",3,40,187,99,88
050,55,113,"Wisconsin","Sawyer County",3,41,185,94,91
050,55,113,"Wisconsin","Sawyer County",3,42,179,98,81
050,55,113,"Wisconsin","Sawyer County",3,43,162,78,84
050,55,113,"Wisconsin","Sawyer County",3,44,165,88,77
050,55,113,"Wisconsin","Sawyer County",3,45,161,85,76
050,55,113,"Wisconsin","Sawyer County",3,46,178,96,82
050,55,113,"Wisconsin","Sawyer County",3,47,175,90,85
050,55,113,"Wisconsin","Sawyer County",3,48,191,92,99
050,55,113,"Wisconsin","Sawyer County",3,49,209,104,105
050,55,113,"Wisconsin","Sawyer County",3,50,232,126,106
050,55,113,"Wisconsin","Sawyer County",3,51,219,113,106
050,55,113,"Wisconsin","Sawyer County",3,52,224,120,104
050,55,113,"Wisconsin","Sawyer County",3,53,224,119,105
050,55,113,"Wisconsin","Sawyer County",3,54,226,121,105
050,55,113,"Wisconsin","Sawyer County",3,55,257,125,132
050,55,113,"Wisconsin","Sawyer County",3,56,300,152,148
050,55,113,"Wisconsin","Sawyer County",3,57,290,145,145
050,55,113,"Wisconsin","Sawyer County",3,58,313,163,150
050,55,113,"Wisconsin","Sawyer County",3,59,343,186,157
050,55,113,"Wisconsin","Sawyer County",3,60,361,190,171
050,55,113,"Wisconsin","Sawyer County",3,61,372,195,177
050,55,113,"Wisconsin","Sawyer County",3,62,393,195,198
050,55,113,"Wisconsin","Sawyer County",3,63,384,193,191
050,55,113,"Wisconsin","Sawyer County",3,64,379,186,193
050,55,113,"Wisconsin","Sawyer County",3,65,383,185,198
050,55,113,"Wisconsin","Sawyer County",3,66,400,203,197
050,55,113,"Wisconsin","Sawyer County",3,67,375,198,177
050,55,113,"Wisconsin","Sawyer County",3,68,332,174,158
050,55,113,"Wisconsin","Sawyer County",3,69,330,171,159
050,55,113,"Wisconsin","Sawyer County",3,70,325,175,150
050,55,113,"Wisconsin","Sawyer County",3,71,303,154,149
050,55,113,"Wisconsin","Sawyer County",3,72,285,151,134
050,55,113,"Wisconsin","Sawyer County",3,73,267,140,127
050,55,113,"Wisconsin","Sawyer County",3,74,248,129,119
050,55,113,"Wisconsin","Sawyer County",3,75,178,91,87
050,55,113,"Wisconsin","Sawyer County",3,76,181,91,90
050,55,113,"Wisconsin","Sawyer County",3,77,176,94,82
050,55,113,"Wisconsin","Sawyer County",3,78,179,94,85
050,55,113,"Wisconsin","Sawyer County",3,79,162,77,85
050,55,113,"Wisconsin","Sawyer County",3,80,123,50,73
050,55,113,"Wisconsin","Sawyer County",3,81,113,50,63
050,55,113,"Wisconsin","Sawyer County",3,82,116,56,60
050,55,113,"Wisconsin","Sawyer County",3,83,103,53,50
050,55,113,"Wisconsin","Sawyer County",3,84,85,40,45
050,55,113,"Wisconsin","Sawyer County",3,85,408,174,234
050,55,113,"Wisconsin","Sawyer County",4,0,136,70,66
050,55,113,"Wisconsin","Sawyer County",4,1,123,56,67
050,55,113,"Wisconsin","Sawyer County",4,2,169,84,85
050,55,113,"Wisconsin","Sawyer County",4,3,160,86,74
050,55,113,"Wisconsin","Sawyer County",4,4,157,87,70
050,55,113,"Wisconsin","Sawyer County",4,5,174,96,78
050,55,113,"Wisconsin","Sawyer County",4,6,175,98,77
050,55,113,"Wisconsin","Sawyer County",4,7,185,90,95
050,55,113,"Wisconsin","Sawyer County",4,8,195,99,96
050,55,113,"Wisconsin","Sawyer County",4,9,187,93,94
050,55,113,"Wisconsin","Sawyer County",4,10,190,101,89
050,55,113,"Wisconsin","Sawyer County",4,11,190,100,90
050,55,113,"Wisconsin","Sawyer County",4,12,208,113,95
050,55,113,"Wisconsin","Sawyer County",4,13,232,122,110
050,55,113,"Wisconsin","Sawyer County",4,14,234,118,116
050,55,113,"Wisconsin","Sawyer County",4,15,229,115,114
050,55,113,"Wisconsin","Sawyer County",4,16,229,119,110
050,55,113,"Wisconsin","Sawyer County",4,17,209,112,97
050,55,113,"Wisconsin","Sawyer County",4,18,177,89,88
050,55,113,"Wisconsin","Sawyer County",4,19,146,79,67
050,55,113,"Wisconsin","Sawyer County",4,20,150,89,61
050,55,113,"Wisconsin","Sawyer County",4,21,163,88,75
050,55,113,"Wisconsin","Sawyer County",4,22,161,83,78
050,55,113,"Wisconsin","Sawyer County",4,23,155,76,79
050,55,113,"Wisconsin","Sawyer County",4,24,142,70,72
050,55,113,"Wisconsin","Sawyer County",4,25,138,65,73
050,55,113,"Wisconsin","Sawyer County",4,26,150,75,75
050,55,113,"Wisconsin","Sawyer County",4,27,157,79,78
050,55,113,"Wisconsin","Sawyer County",4,28,157,71,86
050,55,113,"Wisconsin","Sawyer County",4,29,174,92,82
050,55,113,"Wisconsin","Sawyer County",4,30,161,83,78
050,55,113,"Wisconsin","Sawyer County",4,31,165,89,76
050,55,113,"Wisconsin","Sawyer County",4,32,153,78,75
050,55,113,"Wisconsin","Sawyer County",4,33,167,94,73
050,55,113,"Wisconsin","Sawyer County",4,34,142,74,68
050,55,113,"Wisconsin","Sawyer County",4,35,170,84,86
050,55,113,"Wisconsin","Sawyer County",4,36,166,88,78
050,55,113,"Wisconsin","Sawyer County",4,37,177,93,84
050,55,113,"Wisconsin","Sawyer County",4,38,170,88,82
050,55,113,"Wisconsin","Sawyer County",4,39,181,91,90
050,55,113,"Wisconsin","Sawyer County",4,40,203,101,102
050,55,113,"Wisconsin","Sawyer County",4,41,190,97,93
050,55,113,"Wisconsin","Sawyer County",4,42,191,99,92
050,55,113,"Wisconsin","Sawyer County",4,43,198,107,91
050,55,113,"Wisconsin","Sawyer County",4,44,173,83,90
050,55,113,"Wisconsin","Sawyer County",4,45,173,92,81
050,55,113,"Wisconsin","Sawyer County",4,46,165,85,80
050,55,113,"Wisconsin","Sawyer County",4,47,184,99,85
050,55,113,"Wisconsin","Sawyer County",4,48,170,85,85
050,55,113,"Wisconsin","Sawyer County",4,49,204,96,108
050,55,113,"Wisconsin","Sawyer County",4,50,227,114,113
050,55,113,"Wisconsin","Sawyer County",4,51,237,124,113
050,55,113,"Wisconsin","Sawyer County",4,52,231,112,119
050,55,113,"Wisconsin","Sawyer County",4,53,234,130,104
050,55,113,"Wisconsin","Sawyer County",4,54,231,122,109
050,55,113,"Wisconsin","Sawyer County",4,55,245,130,115
050,55,113,"Wisconsin","Sawyer County",4,56,277,129,148
050,55,113,"Wisconsin","Sawyer County",4,57,303,152,151
050,55,113,"Wisconsin","Sawyer County",4,58,324,161,163
050,55,113,"Wisconsin","Sawyer County",4,59,324,174,150
050,55,113,"Wisconsin","Sawyer County",4,60,365,192,173
050,55,113,"Wisconsin","Sawyer County",4,61,375,205,170
050,55,113,"Wisconsin","Sawyer County",4,62,385,203,182
050,55,113,"Wisconsin","Sawyer County",4,63,403,198,205
050,55,113,"Wisconsin","Sawyer County",4,64,401,199,202
050,55,113,"Wisconsin","Sawyer County",4,65,385,191,194
050,55,113,"Wisconsin","Sawyer County",4,66,373,180,193
050,55,113,"Wisconsin","Sawyer County",4,67,395,200,195
050,55,113,"Wisconsin","Sawyer County",4,68,359,189,170
050,55,113,"Wisconsin","Sawyer County",4,69,326,172,154
050,55,113,"Wisconsin","Sawyer County",4,70,320,168,152
050,55,113,"Wisconsin","Sawyer County",4,71,307,162,145
050,55,113,"Wisconsin","Sawyer County",4,72,300,155,145
050,55,113,"Wisconsin","Sawyer County",4,73,284,154,130
050,55,113,"Wisconsin","Sawyer County",4,74,264,134,130
050,55,113,"Wisconsin","Sawyer County",4,75,243,128,115
050,55,113,"Wisconsin","Sawyer County",4,76,167,81,86
050,55,113,"Wisconsin","Sawyer County",4,77,172,87,85
050,55,113,"Wisconsin","Sawyer County",4,78,163,81,82
050,55,113,"Wisconsin","Sawyer County",4,79,178,89,89
050,55,113,"Wisconsin","Sawyer County",4,80,143,65,78
050,55,113,"Wisconsin","Sawyer County",4,81,105,39,66
050,55,113,"Wisconsin","Sawyer County",4,82,100,45,55
050,55,113,"Wisconsin","Sawyer County",4,83,104,47,57
050,55,113,"Wisconsin","Sawyer County",4,84,96,44,52
050,55,113,"Wisconsin","Sawyer County",4,85,420,182,238
050,55,113,"Wisconsin","Sawyer County",5,0,136,71,65
050,55,113,"Wisconsin","Sawyer County",5,1,144,74,70
050,55,113,"Wisconsin","Sawyer County",5,2,130,61,69
050,55,113,"Wisconsin","Sawyer County",5,3,172,85,87
050,55,113,"Wisconsin","Sawyer County",5,4,165,90,75
050,55,113,"Wisconsin","Sawyer County",5,5,166,88,78
050,55,113,"Wisconsin","Sawyer County",5,6,165,95,70
050,55,113,"Wisconsin","Sawyer County",5,7,175,100,75
050,55,113,"Wisconsin","Sawyer County",5,8,198,96,102
050,55,113,"Wisconsin","Sawyer County",5,9,189,100,89
050,55,113,"Wisconsin","Sawyer County",5,10,185,94,91
050,55,113,"Wisconsin","Sawyer County",5,11,190,100,90
050,55,113,"Wisconsin","Sawyer County",5,12,196,101,95
050,55,113,"Wisconsin","Sawyer County",5,13,210,113,97
050,55,113,"Wisconsin","Sawyer County",5,14,227,114,113
050,55,113,"Wisconsin","Sawyer County",5,15,230,119,111
050,55,113,"Wisconsin","Sawyer County",5,16,233,119,114
050,55,113,"Wisconsin","Sawyer County",5,17,226,115,111
050,55,113,"Wisconsin","Sawyer County",5,18,178,99,79
050,55,113,"Wisconsin","Sawyer County",5,19,146,74,72
050,55,113,"Wisconsin","Sawyer County",5,20,149,75,74
050,55,113,"Wisconsin","Sawyer County",5,21,145,87,58
050,55,113,"Wisconsin","Sawyer County",5,22,168,92,76
050,55,113,"Wisconsin","Sawyer County",5,23,158,76,82
050,55,113,"Wisconsin","Sawyer County",5,24,149,79,70
050,55,113,"Wisconsin","Sawyer County",5,25,137,69,68
050,55,113,"Wisconsin","Sawyer County",5,26,145,71,74
050,55,113,"Wisconsin","Sawyer County",5,27,149,77,72
050,55,113,"Wisconsin","Sawyer County",5,28,152,76,76
050,55,113,"Wisconsin","Sawyer County",5,29,153,68,85
050,55,113,"Wisconsin","Sawyer County",5,30,165,87,78
050,55,113,"Wisconsin","Sawyer County",5,31,164,86,78
050,55,113,"Wisconsin","Sawyer County",5,32,170,91,79
050,55,113,"Wisconsin","Sawyer County",5,33,167,85,82
050,55,113,"Wisconsin","Sawyer County",5,34,171,95,76
050,55,113,"Wisconsin","Sawyer County",5,35,145,84,61
050,55,113,"Wisconsin","Sawyer County",5,36,162,78,84
050,55,113,"Wisconsin","Sawyer County",5,37,172,94,78
050,55,113,"Wisconsin","Sawyer County",5,38,174,88,86
050,55,113,"Wisconsin","Sawyer County",5,39,180,90,90
050,55,113,"Wisconsin","Sawyer County",5,40,190,94,96
050,55,113,"Wisconsin","Sawyer County",5,41,203,100,103
050,55,113,"Wisconsin","Sawyer County",5,42,192,100,92
050,55,113,"Wisconsin","Sawyer County",5,43,190,101,89
050,55,113,"Wisconsin","Sawyer County",5,44,192,103,89
050,55,113,"Wisconsin","Sawyer County",5,45,161,76,85
050,55,113,"Wisconsin","Sawyer County",5,46,175,97,78
050,55,113,"Wisconsin","Sawyer County",5,47,170,85,85
050,55,113,"Wisconsin","Sawyer County",5,48,190,105,85
050,55,113,"Wisconsin","Sawyer County",5,49,176,85,91
050,55,113,"Wisconsin","Sawyer County",5,50,202,98,104
050,55,113,"Wisconsin","Sawyer County",5,51,236,115,121
050,55,113,"Wisconsin","Sawyer County",5,52,241,124,117
050,55,113,"Wisconsin","Sawyer County",5,53,238,121,117
050,55,113,"Wisconsin","Sawyer County",5,54,234,129,105
050,55,113,"Wisconsin","Sawyer County",5,55,246,129,117
050,55,113,"Wisconsin","Sawyer County",5,56,255,138,117
050,55,113,"Wisconsin","Sawyer County",5,57,290,131,159
050,55,113,"Wisconsin","Sawyer County",5,58,315,158,157
050,55,113,"Wisconsin","Sawyer County",5,59,328,156,172
050,55,113,"Wisconsin","Sawyer County",5,60,332,180,152
050,55,113,"Wisconsin","Sawyer County",5,61,380,198,182
050,55,113,"Wisconsin","Sawyer County",5,62,399,216,183
050,55,113,"Wisconsin","Sawyer County",5,63,404,213,191
050,55,113,"Wisconsin","Sawyer County",5,64,417,206,211
050,55,113,"Wisconsin","Sawyer County",5,65,413,211,202
050,55,113,"Wisconsin","Sawyer County",5,66,372,183,189
050,55,113,"Wisconsin","Sawyer County",5,67,367,177,190
050,55,113,"Wisconsin","Sawyer County",5,68,398,204,194
050,55,113,"Wisconsin","Sawyer County",5,69,364,195,169
050,55,113,"Wisconsin","Sawyer County",5,70,316,166,150
050,55,113,"Wisconsin","Sawyer County",5,71,313,162,151
050,55,113,"Wisconsin","Sawyer County",5,72,293,156,137
050,55,113,"Wisconsin","Sawyer County",5,73,293,155,138
050,55,113,"Wisconsin","Sawyer County",5,74,280,151,129
050,55,113,"Wisconsin","Sawyer County",5,75,246,128,118
050,55,113,"Wisconsin","Sawyer County",5,76,232,119,113
050,55,113,"Wisconsin","Sawyer County",5,77,157,75,82
050,55,113,"Wisconsin","Sawyer County",5,78,152,70,82
050,55,113,"Wisconsin","Sawyer County",5,79,160,77,83
050,55,113,"Wisconsin","Sawyer County",5,80,162,77,85
050,55,113,"Wisconsin","Sawyer County",5,81,125,56,69
050,55,113,"Wisconsin","Sawyer County",5,82,96,36,60
050,55,113,"Wisconsin","Sawyer County",5,83,95,40,55
050,55,113,"Wisconsin","Sawyer County",5,84,98,40,58
050,55,113,"Wisconsin","Sawyer County",5,85,428,194,234
050,55,115,"Wisconsin","Shawano County",1,0,428,218,210
050,55,115,"Wisconsin","Shawano County",1,1,435,209,226
050,55,115,"Wisconsin","Shawano County",1,2,441,223,218
050,55,115,"Wisconsin","Shawano County",1,3,435,225,210
050,55,115,"Wisconsin","Shawano County",1,4,411,223,188
050,55,115,"Wisconsin","Shawano County",1,5,466,244,222
050,55,115,"Wisconsin","Shawano County",1,6,461,226,235
050,55,115,"Wisconsin","Shawano County",1,7,460,224,236
050,55,115,"Wisconsin","Shawano County",1,8,481,246,235
050,55,115,"Wisconsin","Shawano County",1,9,460,233,227
050,55,115,"Wisconsin","Shawano County",1,10,500,247,253
050,55,115,"Wisconsin","Shawano County",1,11,526,263,263
050,55,115,"Wisconsin","Shawano County",1,12,549,269,280
050,55,115,"Wisconsin","Shawano County",1,13,545,281,264
050,55,115,"Wisconsin","Shawano County",1,14,525,291,234
050,55,115,"Wisconsin","Shawano County",1,15,551,297,254
050,55,115,"Wisconsin","Shawano County",1,16,556,294,262
050,55,115,"Wisconsin","Shawano County",1,17,551,294,257
050,55,115,"Wisconsin","Shawano County",1,18,438,234,204
050,55,115,"Wisconsin","Shawano County",1,19,354,187,167
050,55,115,"Wisconsin","Shawano County",1,20,367,190,177
050,55,115,"Wisconsin","Shawano County",1,21,378,200,178
050,55,115,"Wisconsin","Shawano County",1,22,387,196,191
050,55,115,"Wisconsin","Shawano County",1,23,414,193,221
050,55,115,"Wisconsin","Shawano County",1,24,393,205,188
050,55,115,"Wisconsin","Shawano County",1,25,388,209,179
050,55,115,"Wisconsin","Shawano County",1,26,435,224,211
050,55,115,"Wisconsin","Shawano County",1,27,454,236,218
050,55,115,"Wisconsin","Shawano County",1,28,429,218,211
050,55,115,"Wisconsin","Shawano County",1,29,412,202,210
050,55,115,"Wisconsin","Shawano County",1,30,432,209,223
050,55,115,"Wisconsin","Shawano County",1,31,419,198,221
050,55,115,"Wisconsin","Shawano County",1,32,409,218,191
050,55,115,"Wisconsin","Shawano County",1,33,396,198,198
050,55,115,"Wisconsin","Shawano County",1,34,431,212,219
050,55,115,"Wisconsin","Shawano County",1,35,442,218,224
050,55,115,"Wisconsin","Shawano County",1,36,435,211,224
050,55,115,"Wisconsin","Shawano County",1,37,470,238,232
050,55,115,"Wisconsin","Shawano County",1,38,475,252,223
050,55,115,"Wisconsin","Shawano County",1,39,497,250,247
050,55,115,"Wisconsin","Shawano County",1,40,469,245,224
050,55,115,"Wisconsin","Shawano County",1,41,430,222,208
050,55,115,"Wisconsin","Shawano County",1,42,431,220,211
050,55,115,"Wisconsin","Shawano County",1,43,410,202,208
050,55,115,"Wisconsin","Shawano County",1,44,437,224,213
050,55,115,"Wisconsin","Shawano County",1,45,456,221,235
050,55,115,"Wisconsin","Shawano County",1,46,440,218,222
050,55,115,"Wisconsin","Shawano County",1,47,480,238,242
050,55,115,"Wisconsin","Shawano County",1,48,519,268,251
050,55,115,"Wisconsin","Shawano County",1,49,543,291,252
050,55,115,"Wisconsin","Shawano County",1,50,532,279,253
050,55,115,"Wisconsin","Shawano County",1,51,557,298,259
050,55,115,"Wisconsin","Shawano County",1,52,561,283,278
050,55,115,"Wisconsin","Shawano County",1,53,603,311,292
050,55,115,"Wisconsin","Shawano County",1,54,650,323,327
050,55,115,"Wisconsin","Shawano County",1,55,645,321,324
050,55,115,"Wisconsin","Shawano County",1,56,657,330,327
050,55,115,"Wisconsin","Shawano County",1,57,706,370,336
050,55,115,"Wisconsin","Shawano County",1,58,718,387,331
050,55,115,"Wisconsin","Shawano County",1,59,660,335,325
050,55,115,"Wisconsin","Shawano County",1,60,654,334,320
050,55,115,"Wisconsin","Shawano County",1,61,660,343,317
050,55,115,"Wisconsin","Shawano County",1,62,660,343,317
050,55,115,"Wisconsin","Shawano County",1,63,615,303,312
050,55,115,"Wisconsin","Shawano County",1,64,605,305,300
050,55,115,"Wisconsin","Shawano County",1,65,613,318,295
050,55,115,"Wisconsin","Shawano County",1,66,581,300,281
050,55,115,"Wisconsin","Shawano County",1,67,567,292,275
050,55,115,"Wisconsin","Shawano County",1,68,558,281,277
050,55,115,"Wisconsin","Shawano County",1,69,514,276,238
050,55,115,"Wisconsin","Shawano County",1,70,480,260,220
050,55,115,"Wisconsin","Shawano County",1,71,452,233,219
050,55,115,"Wisconsin","Shawano County",1,72,434,198,236
050,55,115,"Wisconsin","Shawano County",1,73,445,215,230
050,55,115,"Wisconsin","Shawano County",1,74,355,166,189
050,55,115,"Wisconsin","Shawano County",1,75,374,183,191
050,55,115,"Wisconsin","Shawano County",1,76,379,180,199
050,55,115,"Wisconsin","Shawano County",1,77,382,184,198
050,55,115,"Wisconsin","Shawano County",1,78,319,147,172
050,55,115,"Wisconsin","Shawano County",1,79,272,127,145
050,55,115,"Wisconsin","Shawano County",1,80,256,116,140
050,55,115,"Wisconsin","Shawano County",1,81,242,112,130
050,55,115,"Wisconsin","Shawano County",1,82,216,104,112
050,55,115,"Wisconsin","Shawano County",1,83,189,79,110
050,55,115,"Wisconsin","Shawano County",1,84,167,73,94
050,55,115,"Wisconsin","Shawano County",1,85,938,376,562
050,55,115,"Wisconsin","Shawano County",2,0,432,224,208
050,55,115,"Wisconsin","Shawano County",2,1,436,213,223
050,55,115,"Wisconsin","Shawano County",2,2,442,219,223
050,55,115,"Wisconsin","Shawano County",2,3,433,221,212
050,55,115,"Wisconsin","Shawano County",2,4,424,228,196
050,55,115,"Wisconsin","Shawano County",2,5,457,242,215
050,55,115,"Wisconsin","Shawano County",2,6,460,230,230
050,55,115,"Wisconsin","Shawano County",2,7,460,224,236
050,55,115,"Wisconsin","Shawano County",2,8,475,239,236
050,55,115,"Wisconsin","Shawano County",2,9,463,235,228
050,55,115,"Wisconsin","Shawano County",2,10,493,244,249
050,55,115,"Wisconsin","Shawano County",2,11,519,260,259
050,55,115,"Wisconsin","Shawano County",2,12,548,270,278
050,55,115,"Wisconsin","Shawano County",2,13,541,277,264
050,55,115,"Wisconsin","Shawano County",2,14,530,288,242
050,55,115,"Wisconsin","Shawano County",2,15,546,296,250
050,55,115,"Wisconsin","Shawano County",2,16,557,297,260
050,55,115,"Wisconsin","Shawano County",2,17,552,294,258
050,55,115,"Wisconsin","Shawano County",2,18,446,242,204
050,55,115,"Wisconsin","Shawano County",2,19,357,191,166
050,55,115,"Wisconsin","Shawano County",2,20,374,194,180
050,55,115,"Wisconsin","Shawano County",2,21,378,199,179
050,55,115,"Wisconsin","Shawano County",2,22,391,198,193
050,55,115,"Wisconsin","Shawano County",2,23,410,195,215
050,55,115,"Wisconsin","Shawano County",2,24,400,202,198
050,55,115,"Wisconsin","Shawano County",2,25,391,210,181
050,55,115,"Wisconsin","Shawano County",2,26,429,226,203
050,55,115,"Wisconsin","Shawano County",2,27,444,230,214
050,55,115,"Wisconsin","Shawano County",2,28,436,221,215
050,55,115,"Wisconsin","Shawano County",2,29,415,205,210
050,55,115,"Wisconsin","Shawano County",2,30,434,209,225
050,55,115,"Wisconsin","Shawano County",2,31,425,202,223
050,55,115,"Wisconsin","Shawano County",2,32,410,211,199
050,55,115,"Wisconsin","Shawano County",2,33,403,205,198
050,55,115,"Wisconsin","Shawano County",2,34,422,209,213
050,55,115,"Wisconsin","Shawano County",2,35,441,216,225
050,55,115,"Wisconsin","Shawano County",2,36,434,212,222
050,55,115,"Wisconsin","Shawano County",2,37,461,233,228
050,55,115,"Wisconsin","Shawano County",2,38,475,249,226
050,55,115,"Wisconsin","Shawano County",2,39,493,250,243
050,55,115,"Wisconsin","Shawano County",2,40,479,249,230
050,55,115,"Wisconsin","Shawano County",2,41,438,228,210
050,55,115,"Wisconsin","Shawano County",2,42,427,218,209
050,55,115,"Wisconsin","Shawano County",2,43,417,208,209
050,55,115,"Wisconsin","Shawano County",2,44,428,218,210
050,55,115,"Wisconsin","Shawano County",2,45,455,223,232
050,55,115,"Wisconsin","Shawano County",2,46,439,216,223
050,55,115,"Wisconsin","Shawano County",2,47,469,231,238
050,55,115,"Wisconsin","Shawano County",2,48,509,261,248
050,55,115,"Wisconsin","Shawano County",2,49,539,287,252
050,55,115,"Wisconsin","Shawano County",2,50,535,281,254
050,55,115,"Wisconsin","Shawano County",2,51,547,292,255
050,55,115,"Wisconsin","Shawano County",2,52,555,282,273
050,55,115,"Wisconsin","Shawano County",2,53,597,307,290
050,55,115,"Wisconsin","Shawano County",2,54,637,319,318
050,55,115,"Wisconsin","Shawano County",2,55,646,321,325
050,55,115,"Wisconsin","Shawano County",2,56,656,329,327
050,55,115,"Wisconsin","Shawano County",2,57,695,361,334
050,55,115,"Wisconsin","Shawano County",2,58,712,381,331
050,55,115,"Wisconsin","Shawano County",2,59,678,350,328
050,55,115,"Wisconsin","Shawano County",2,60,658,334,324
050,55,115,"Wisconsin","Shawano County",2,61,655,339,316
050,55,115,"Wisconsin","Shawano County",2,62,660,344,316
050,55,115,"Wisconsin","Shawano County",2,63,632,315,317
050,55,115,"Wisconsin","Shawano County",2,64,602,299,303
050,55,115,"Wisconsin","Shawano County",2,65,608,315,293
050,55,115,"Wisconsin","Shawano County",2,66,588,303,285
050,55,115,"Wisconsin","Shawano County",2,67,566,292,274
050,55,115,"Wisconsin","Shawano County",2,68,555,282,273
050,55,115,"Wisconsin","Shawano County",2,69,530,279,251
050,55,115,"Wisconsin","Shawano County",2,70,486,263,223
050,55,115,"Wisconsin","Shawano County",2,71,458,240,218
050,55,115,"Wisconsin","Shawano County",2,72,428,202,226
050,55,115,"Wisconsin","Shawano County",2,73,462,220,242
050,55,115,"Wisconsin","Shawano County",2,74,348,164,184
050,55,115,"Wisconsin","Shawano County",2,75,370,180,190
050,55,115,"Wisconsin","Shawano County",2,76,369,174,195
050,55,115,"Wisconsin","Shawano County",2,77,384,186,198
050,55,115,"Wisconsin","Shawano County",2,78,323,149,174
050,55,115,"Wisconsin","Shawano County",2,79,277,127,150
050,55,115,"Wisconsin","Shawano County",2,80,256,115,141
050,55,115,"Wisconsin","Shawano County",2,81,239,112,127
050,55,115,"Wisconsin","Shawano County",2,82,220,105,115
050,55,115,"Wisconsin","Shawano County",2,83,194,84,110
050,55,115,"Wisconsin","Shawano County",2,84,170,74,96
050,55,115,"Wisconsin","Shawano County",2,85,922,374,548
050,55,115,"Wisconsin","Shawano County",3,0,405,231,174
050,55,115,"Wisconsin","Shawano County",3,1,464,241,223
050,55,115,"Wisconsin","Shawano County",3,2,458,231,227
050,55,115,"Wisconsin","Shawano County",3,3,445,216,229
050,55,115,"Wisconsin","Shawano County",3,4,438,220,218
050,55,115,"Wisconsin","Shawano County",3,5,430,231,199
050,55,115,"Wisconsin","Shawano County",3,6,461,239,222
050,55,115,"Wisconsin","Shawano County",3,7,471,229,242
050,55,115,"Wisconsin","Shawano County",3,8,440,216,224
050,55,115,"Wisconsin","Shawano County",3,9,471,238,233
050,55,115,"Wisconsin","Shawano County",3,10,470,240,230
050,55,115,"Wisconsin","Shawano County",3,11,495,246,249
050,55,115,"Wisconsin","Shawano County",3,12,509,253,256
050,55,115,"Wisconsin","Shawano County",3,13,564,282,282
050,55,115,"Wisconsin","Shawano County",3,14,548,287,261
050,55,115,"Wisconsin","Shawano County",3,15,533,285,248
050,55,115,"Wisconsin","Shawano County",3,16,537,292,245
050,55,115,"Wisconsin","Shawano County",3,17,551,291,260
050,55,115,"Wisconsin","Shawano County",3,18,478,263,215
050,55,115,"Wisconsin","Shawano County",3,19,360,199,161
050,55,115,"Wisconsin","Shawano County",3,20,384,203,181
050,55,115,"Wisconsin","Shawano County",3,21,395,201,194
050,55,115,"Wisconsin","Shawano County",3,22,395,215,180
050,55,115,"Wisconsin","Shawano County",3,23,388,200,188
050,55,115,"Wisconsin","Shawano County",3,24,424,196,228
050,55,115,"Wisconsin","Shawano County",3,25,392,203,189
050,55,115,"Wisconsin","Shawano County",3,26,418,223,195
050,55,115,"Wisconsin","Shawano County",3,27,416,214,202
050,55,115,"Wisconsin","Shawano County",3,28,453,239,214
050,55,115,"Wisconsin","Shawano County",3,29,420,214,206
050,55,115,"Wisconsin","Shawano County",3,30,420,211,209
050,55,115,"Wisconsin","Shawano County",3,31,441,219,222
050,55,115,"Wisconsin","Shawano County",3,32,428,200,228
050,55,115,"Wisconsin","Shawano County",3,33,421,219,202
050,55,115,"Wisconsin","Shawano County",3,34,410,204,206
050,55,115,"Wisconsin","Shawano County",3,35,422,215,207
050,55,115,"Wisconsin","Shawano County",3,36,449,222,227
050,55,115,"Wisconsin","Shawano County",3,37,440,213,227
050,55,115,"Wisconsin","Shawano County",3,38,468,237,231
050,55,115,"Wisconsin","Shawano County",3,39,493,250,243
050,55,115,"Wisconsin","Shawano County",3,40,498,253,245
050,55,115,"Wisconsin","Shawano County",3,41,470,246,224
050,55,115,"Wisconsin","Shawano County",3,42,441,228,213
050,55,115,"Wisconsin","Shawano County",3,43,428,216,212
050,55,115,"Wisconsin","Shawano County",3,44,422,213,209
050,55,115,"Wisconsin","Shawano County",3,45,441,224,217
050,55,115,"Wisconsin","Shawano County",3,46,447,217,230
050,55,115,"Wisconsin","Shawano County",3,47,448,217,231
050,55,115,"Wisconsin","Shawano County",3,48,476,233,243
050,55,115,"Wisconsin","Shawano County",3,49,504,257,247
050,55,115,"Wisconsin","Shawano County",3,50,535,279,256
050,55,115,"Wisconsin","Shawano County",3,51,543,291,252
050,55,115,"Wisconsin","Shawano County",3,52,544,283,261
050,55,115,"Wisconsin","Shawano County",3,53,552,280,272
050,55,115,"Wisconsin","Shawano County",3,54,597,306,291
050,55,115,"Wisconsin","Shawano County",3,55,630,321,309
050,55,115,"Wisconsin","Shawano County",3,56,647,326,321
050,55,115,"Wisconsin","Shawano County",3,57,664,329,335
050,55,115,"Wisconsin","Shawano County",3,58,703,362,341
050,55,115,"Wisconsin","Shawano County",3,59,714,385,329
050,55,115,"Wisconsin","Shawano County",3,60,679,347,332
050,55,115,"Wisconsin","Shawano County",3,61,665,331,334
050,55,115,"Wisconsin","Shawano County",3,62,664,345,319
050,55,115,"Wisconsin","Shawano County",3,63,668,351,317
050,55,115,"Wisconsin","Shawano County",3,64,633,320,313
050,55,115,"Wisconsin","Shawano County",3,65,603,298,305
050,55,115,"Wisconsin","Shawano County",3,66,611,309,302
050,55,115,"Wisconsin","Shawano County",3,67,574,293,281
050,55,115,"Wisconsin","Shawano County",3,68,547,278,269
050,55,115,"Wisconsin","Shawano County",3,69,543,271,272
050,55,115,"Wisconsin","Shawano County",3,70,515,274,241
050,55,115,"Wisconsin","Shawano County",3,71,478,256,222
050,55,115,"Wisconsin","Shawano County",3,72,444,232,212
050,55,115,"Wisconsin","Shawano County",3,73,412,190,222
050,55,115,"Wisconsin","Shawano County",3,74,445,210,235
050,55,115,"Wisconsin","Shawano County",3,75,330,157,173
050,55,115,"Wisconsin","Shawano County",3,76,352,168,184
050,55,115,"Wisconsin","Shawano County",3,77,336,158,178
050,55,115,"Wisconsin","Shawano County",3,78,357,170,187
050,55,115,"Wisconsin","Shawano County",3,79,313,143,170
050,55,115,"Wisconsin","Shawano County",3,80,264,118,146
050,55,115,"Wisconsin","Shawano County",3,81,234,98,136
050,55,115,"Wisconsin","Shawano County",3,82,219,101,118
050,55,115,"Wisconsin","Shawano County",3,83,197,95,102
050,55,115,"Wisconsin","Shawano County",3,84,169,72,97
050,55,115,"Wisconsin","Shawano County",3,85,868,354,514
050,55,115,"Wisconsin","Shawano County",4,0,431,228,203
050,55,115,"Wisconsin","Shawano County",4,1,414,236,178
050,55,115,"Wisconsin","Shawano County",4,2,469,249,220
050,55,115,"Wisconsin","Shawano County",4,3,467,234,233
050,55,115,"Wisconsin","Shawano County",4,4,447,216,231
050,55,115,"Wisconsin","Shawano County",4,5,447,223,224
050,55,115,"Wisconsin","Shawano County",4,6,437,231,206
050,55,115,"Wisconsin","Shawano County",4,7,454,236,218
050,55,115,"Wisconsin","Shawano County",4,8,476,232,244
050,55,115,"Wisconsin","Shawano County",4,9,455,221,234
050,55,115,"Wisconsin","Shawano County",4,10,493,242,251
050,55,115,"Wisconsin","Shawano County",4,11,470,237,233
050,55,115,"Wisconsin","Shawano County",4,12,493,244,249
050,55,115,"Wisconsin","Shawano County",4,13,532,267,265
050,55,115,"Wisconsin","Shawano County",4,14,556,278,278
050,55,115,"Wisconsin","Shawano County",4,15,553,287,266
050,55,115,"Wisconsin","Shawano County",4,16,540,289,251
050,55,115,"Wisconsin","Shawano County",4,17,545,296,249
050,55,115,"Wisconsin","Shawano County",4,18,457,248,209
050,55,115,"Wisconsin","Shawano County",4,19,373,205,168
050,55,115,"Wisconsin","Shawano County",4,20,377,211,166
050,55,115,"Wisconsin","Shawano County",4,21,382,205,177
050,55,115,"Wisconsin","Shawano County",4,22,406,203,203
050,55,115,"Wisconsin","Shawano County",4,23,378,215,163
050,55,115,"Wisconsin","Shawano County",4,24,373,194,179
050,55,115,"Wisconsin","Shawano County",4,25,422,188,234
050,55,115,"Wisconsin","Shawano County",4,26,403,218,185
050,55,115,"Wisconsin","Shawano County",4,27,409,227,182
050,55,115,"Wisconsin","Shawano County",4,28,416,205,211
050,55,115,"Wisconsin","Shawano County",4,29,445,235,210
050,55,115,"Wisconsin","Shawano County",4,30,443,225,218
050,55,115,"Wisconsin","Shawano County",4,31,436,218,218
050,55,115,"Wisconsin","Shawano County",4,32,446,217,229
050,55,115,"Wisconsin","Shawano County",4,33,434,204,230
050,55,115,"Wisconsin","Shawano County",4,34,448,232,216
050,55,115,"Wisconsin","Shawano County",4,35,424,209,215
050,55,115,"Wisconsin","Shawano County",4,36,426,217,209
050,55,115,"Wisconsin","Shawano County",4,37,456,230,226
050,55,115,"Wisconsin","Shawano County",4,38,446,212,234
050,55,115,"Wisconsin","Shawano County",4,39,470,234,236
050,55,115,"Wisconsin","Shawano County",4,40,493,251,242
050,55,115,"Wisconsin","Shawano County",4,41,505,254,251
050,55,115,"Wisconsin","Shawano County",4,42,473,242,231
050,55,115,"Wisconsin","Shawano County",4,43,451,232,219
050,55,115,"Wisconsin","Shawano County",4,44,439,223,216
050,55,115,"Wisconsin","Shawano County",4,45,416,213,203
050,55,115,"Wisconsin","Shawano County",4,46,440,220,220
050,55,115,"Wisconsin","Shawano County",4,47,473,228,245
050,55,115,"Wisconsin","Shawano County",4,48,458,230,228
050,55,115,"Wisconsin","Shawano County",4,49,472,233,239
050,55,115,"Wisconsin","Shawano County",4,50,508,258,250
050,55,115,"Wisconsin","Shawano County",4,51,540,281,259
050,55,115,"Wisconsin","Shawano County",4,52,546,285,261
050,55,115,"Wisconsin","Shawano County",4,53,552,285,267
050,55,115,"Wisconsin","Shawano County",4,54,566,285,281
050,55,115,"Wisconsin","Shawano County",4,55,604,315,289
050,55,115,"Wisconsin","Shawano County",4,56,633,329,304
050,55,115,"Wisconsin","Shawano County",4,57,666,332,334
050,55,115,"Wisconsin","Shawano County",4,58,665,331,334
050,55,115,"Wisconsin","Shawano County",4,59,719,364,355
050,55,115,"Wisconsin","Shawano County",4,60,720,389,331
050,55,115,"Wisconsin","Shawano County",4,61,687,347,340
050,55,115,"Wisconsin","Shawano County",4,62,675,341,334
050,55,115,"Wisconsin","Shawano County",4,63,654,340,314
050,55,115,"Wisconsin","Shawano County",4,64,680,351,329
050,55,115,"Wisconsin","Shawano County",4,65,641,333,308
050,55,115,"Wisconsin","Shawano County",4,66,605,300,305
050,55,115,"Wisconsin","Shawano County",4,67,604,308,296
050,55,115,"Wisconsin","Shawano County",4,68,571,292,279
050,55,115,"Wisconsin","Shawano County",4,69,536,272,264
050,55,115,"Wisconsin","Shawano County",4,70,535,271,264
050,55,115,"Wisconsin","Shawano County",4,71,494,263,231
050,55,115,"Wisconsin","Shawano County",4,72,459,250,209
050,55,115,"Wisconsin","Shawano County",4,73,437,227,210
050,55,115,"Wisconsin","Shawano County",4,74,409,186,223
050,55,115,"Wisconsin","Shawano County",4,75,424,198,226
050,55,115,"Wisconsin","Shawano County",4,76,315,150,165
050,55,115,"Wisconsin","Shawano County",4,77,327,156,171
050,55,115,"Wisconsin","Shawano County",4,78,315,147,168
050,55,115,"Wisconsin","Shawano County",4,79,346,161,185
050,55,115,"Wisconsin","Shawano County",4,80,291,134,157
050,55,115,"Wisconsin","Shawano County",4,81,245,110,135
050,55,115,"Wisconsin","Shawano County",4,82,213,87,126
050,55,115,"Wisconsin","Shawano County",4,83,196,86,110
050,55,115,"Wisconsin","Shawano County",4,84,175,80,95
050,55,115,"Wisconsin","Shawano County",4,85,865,352,513
050,55,115,"Wisconsin","Shawano County",5,0,427,228,199
050,55,115,"Wisconsin","Shawano County",5,1,460,235,225
050,55,115,"Wisconsin","Shawano County",5,2,418,241,177
050,55,115,"Wisconsin","Shawano County",5,3,485,265,220
050,55,115,"Wisconsin","Shawano County",5,4,473,238,235
050,55,115,"Wisconsin","Shawano County",5,5,468,233,235
050,55,115,"Wisconsin","Shawano County",5,6,448,229,219
050,55,115,"Wisconsin","Shawano County",5,7,434,229,205
050,55,115,"Wisconsin","Shawano County",5,8,453,237,216
050,55,115,"Wisconsin","Shawano County",5,9,480,232,248
050,55,115,"Wisconsin","Shawano County",5,10,455,222,233
050,55,115,"Wisconsin","Shawano County",5,11,491,252,239
050,55,115,"Wisconsin","Shawano County",5,12,486,240,246
050,55,115,"Wisconsin","Shawano County",5,13,508,263,245
050,55,115,"Wisconsin","Shawano County",5,14,522,267,255
050,55,115,"Wisconsin","Shawano County",5,15,554,274,280
050,55,115,"Wisconsin","Shawano County",5,16,554,295,259
050,55,115,"Wisconsin","Shawano County",5,17,545,295,250
050,55,115,"Wisconsin","Shawano County",5,18,457,263,194
050,55,115,"Wisconsin","Shawano County",5,19,360,198,162
050,55,115,"Wisconsin","Shawano County",5,20,402,219,183
050,55,115,"Wisconsin","Shawano County",5,21,391,210,181
050,55,115,"Wisconsin","Shawano County",5,22,401,207,194
050,55,115,"Wisconsin","Shawano County",5,23,421,211,210
050,55,115,"Wisconsin","Shawano County",5,24,378,222,156
050,55,115,"Wisconsin","Shawano County",5,25,384,202,182
050,55,115,"Wisconsin","Shawano County",5,26,426,194,232
050,55,115,"Wisconsin","Shawano County",5,27,399,214,185
050,55,115,"Wisconsin","Shawano County",5,28,401,224,177
050,55,115,"Wisconsin","Shawano County",5,29,416,212,204
050,55,115,"Wisconsin","Shawano County",5,30,445,229,216
050,55,115,"Wisconsin","Shawano County",5,31,453,229,224
050,55,115,"Wisconsin","Shawano County",5,32,443,220,223
050,55,115,"Wisconsin","Shawano County",5,33,466,229,237
050,55,115,"Wisconsin","Shawano County",5,34,430,207,223
050,55,115,"Wisconsin","Shawano County",5,35,445,230,215
050,55,115,"Wisconsin","Shawano County",5,36,429,206,223
050,55,115,"Wisconsin","Shawano County",5,37,444,228,216
050,55,115,"Wisconsin","Shawano County",5,38,451,226,225
050,55,115,"Wisconsin","Shawano County",5,39,454,216,238
050,55,115,"Wisconsin","Shawano County",5,40,478,245,233
050,55,115,"Wisconsin","Shawano County",5,41,495,253,242
050,55,115,"Wisconsin","Shawano County",5,42,513,266,247
050,55,115,"Wisconsin","Shawano County",5,43,477,249,228
050,55,115,"Wisconsin","Shawano County",5,44,460,239,221
050,55,115,"Wisconsin","Shawano County",5,45,442,224,218
050,55,115,"Wisconsin","Shawano County",5,46,398,201,197
050,55,115,"Wisconsin","Shawano County",5,47,450,221,229
050,55,115,"Wisconsin","Shawano County",5,48,482,232,250
050,55,115,"Wisconsin","Shawano County",5,49,464,224,240
050,55,115,"Wisconsin","Shawano County",5,50,468,234,234
050,55,115,"Wisconsin","Shawano County",5,51,513,264,249
050,55,115,"Wisconsin","Shawano County",5,52,544,283,261
050,55,115,"Wisconsin","Shawano County",5,53,547,289,258
050,55,115,"Wisconsin","Shawano County",5,54,556,291,265
050,55,115,"Wisconsin","Shawano County",5,55,565,284,281
050,55,115,"Wisconsin","Shawano County",5,56,602,314,288
050,55,115,"Wisconsin","Shawano County",5,57,629,329,300
050,55,115,"Wisconsin","Shawano County",5,58,669,328,341
050,55,115,"Wisconsin","Shawano County",5,59,664,337,327
050,55,115,"Wisconsin","Shawano County",5,60,704,355,349
050,55,115,"Wisconsin","Shawano County",5,61,725,390,335
050,55,115,"Wisconsin","Shawano County",5,62,691,354,337
050,55,115,"Wisconsin","Shawano County",5,63,684,347,337
050,55,115,"Wisconsin","Shawano County",5,64,658,337,321
050,55,115,"Wisconsin","Shawano County",5,65,681,350,331
050,55,115,"Wisconsin","Shawano County",5,66,639,329,310
050,55,115,"Wisconsin","Shawano County",5,67,597,295,302
050,55,115,"Wisconsin","Shawano County",5,68,587,298,289
050,55,115,"Wisconsin","Shawano County",5,69,561,284,277
050,55,115,"Wisconsin","Shawano County",5,70,530,277,253
050,55,115,"Wisconsin","Shawano County",5,71,522,263,259
050,55,115,"Wisconsin","Shawano County",5,72,484,260,224
050,55,115,"Wisconsin","Shawano County",5,73,452,243,209
050,55,115,"Wisconsin","Shawano County",5,74,431,223,208
050,55,115,"Wisconsin","Shawano County",5,75,401,186,215
050,55,115,"Wisconsin","Shawano County",5,76,413,192,221
050,55,115,"Wisconsin","Shawano County",5,77,297,140,157
050,55,115,"Wisconsin","Shawano County",5,78,305,147,158
050,55,115,"Wisconsin","Shawano County",5,79,303,140,163
050,55,115,"Wisconsin","Shawano County",5,80,325,148,177
050,55,115,"Wisconsin","Shawano County",5,81,274,123,151
050,55,115,"Wisconsin","Shawano County",5,82,224,99,125
050,55,115,"Wisconsin","Shawano County",5,83,190,73,117
050,55,115,"Wisconsin","Shawano County",5,84,176,74,102
050,55,115,"Wisconsin","Shawano County",5,85,882,358,524
050,55,117,"Wisconsin","Sheboygan County",1,0,1238,634,604
050,55,117,"Wisconsin","Sheboygan County",1,1,1251,651,600
050,55,117,"Wisconsin","Sheboygan County",1,2,1274,667,607
050,55,117,"Wisconsin","Sheboygan County",1,3,1287,650,637
050,55,117,"Wisconsin","Sheboygan County",1,4,1347,680,667
050,55,117,"Wisconsin","Sheboygan County",1,5,1338,686,652
050,55,117,"Wisconsin","Sheboygan County",1,6,1344,708,636
050,55,117,"Wisconsin","Sheboygan County",1,7,1380,707,673
050,55,117,"Wisconsin","Sheboygan County",1,8,1397,702,695
050,55,117,"Wisconsin","Sheboygan County",1,9,1467,751,716
050,55,117,"Wisconsin","Sheboygan County",1,10,1535,777,758
050,55,117,"Wisconsin","Sheboygan County",1,11,1563,792,771
050,55,117,"Wisconsin","Sheboygan County",1,12,1623,827,796
050,55,117,"Wisconsin","Sheboygan County",1,13,1673,858,815
050,55,117,"Wisconsin","Sheboygan County",1,14,1618,815,803
050,55,117,"Wisconsin","Sheboygan County",1,15,1580,828,752
050,55,117,"Wisconsin","Sheboygan County",1,16,1618,833,785
050,55,117,"Wisconsin","Sheboygan County",1,17,1589,837,752
050,55,117,"Wisconsin","Sheboygan County",1,18,1402,742,660
050,55,117,"Wisconsin","Sheboygan County",1,19,1294,697,597
050,55,117,"Wisconsin","Sheboygan County",1,20,1396,760,636
050,55,117,"Wisconsin","Sheboygan County",1,21,1404,760,644
050,55,117,"Wisconsin","Sheboygan County",1,22,1419,755,664
050,55,117,"Wisconsin","Sheboygan County",1,23,1426,746,680
050,55,117,"Wisconsin","Sheboygan County",1,24,1438,757,681
050,55,117,"Wisconsin","Sheboygan County",1,25,1452,778,674
050,55,117,"Wisconsin","Sheboygan County",1,26,1450,765,685
050,55,117,"Wisconsin","Sheboygan County",1,27,1454,760,694
050,55,117,"Wisconsin","Sheboygan County",1,28,1411,742,669
050,55,117,"Wisconsin","Sheboygan County",1,29,1347,707,640
050,55,117,"Wisconsin","Sheboygan County",1,30,1284,673,611
050,55,117,"Wisconsin","Sheboygan County",1,31,1197,643,554
050,55,117,"Wisconsin","Sheboygan County",1,32,1281,659,622
050,55,117,"Wisconsin","Sheboygan County",1,33,1333,694,639
050,55,117,"Wisconsin","Sheboygan County",1,34,1422,719,703
050,55,117,"Wisconsin","Sheboygan County",1,35,1450,760,690
050,55,117,"Wisconsin","Sheboygan County",1,36,1449,765,684
050,55,117,"Wisconsin","Sheboygan County",1,37,1514,816,698
050,55,117,"Wisconsin","Sheboygan County",1,38,1519,770,749
050,55,117,"Wisconsin","Sheboygan County",1,39,1480,760,720
050,55,117,"Wisconsin","Sheboygan County",1,40,1443,772,671
050,55,117,"Wisconsin","Sheboygan County",1,41,1381,735,646
050,55,117,"Wisconsin","Sheboygan County",1,42,1412,748,664
050,55,117,"Wisconsin","Sheboygan County",1,43,1403,718,685
050,55,117,"Wisconsin","Sheboygan County",1,44,1349,673,676
050,55,117,"Wisconsin","Sheboygan County",1,45,1387,720,667
050,55,117,"Wisconsin","Sheboygan County",1,46,1322,679,643
050,55,117,"Wisconsin","Sheboygan County",1,47,1375,716,659
050,55,117,"Wisconsin","Sheboygan County",1,48,1386,718,668
050,55,117,"Wisconsin","Sheboygan County",1,49,1535,807,728
050,55,117,"Wisconsin","Sheboygan County",1,50,1518,817,701
050,55,117,"Wisconsin","Sheboygan County",1,51,1529,826,703
050,55,117,"Wisconsin","Sheboygan County",1,52,1531,811,720
050,55,117,"Wisconsin","Sheboygan County",1,53,1614,837,777
050,55,117,"Wisconsin","Sheboygan County",1,54,1712,864,848
050,55,117,"Wisconsin","Sheboygan County",1,55,1767,894,873
050,55,117,"Wisconsin","Sheboygan County",1,56,1744,913,831
050,55,117,"Wisconsin","Sheboygan County",1,57,1738,886,852
050,55,117,"Wisconsin","Sheboygan County",1,58,1783,922,861
050,55,117,"Wisconsin","Sheboygan County",1,59,1812,918,894
050,55,117,"Wisconsin","Sheboygan County",1,60,1741,849,892
050,55,117,"Wisconsin","Sheboygan County",1,61,1763,864,899
050,55,117,"Wisconsin","Sheboygan County",1,62,1812,921,891
050,55,117,"Wisconsin","Sheboygan County",1,63,1725,898,827
050,55,117,"Wisconsin","Sheboygan County",1,64,1633,828,805
050,55,117,"Wisconsin","Sheboygan County",1,65,1562,797,765
050,55,117,"Wisconsin","Sheboygan County",1,66,1515,745,770
050,55,117,"Wisconsin","Sheboygan County",1,67,1464,720,744
050,55,117,"Wisconsin","Sheboygan County",1,68,1459,717,742
050,55,117,"Wisconsin","Sheboygan County",1,69,1314,634,680
050,55,117,"Wisconsin","Sheboygan County",1,70,1250,625,625
050,55,117,"Wisconsin","Sheboygan County",1,71,1201,579,622
050,55,117,"Wisconsin","Sheboygan County",1,72,1193,567,626
050,55,117,"Wisconsin","Sheboygan County",1,73,1191,584,607
050,55,117,"Wisconsin","Sheboygan County",1,74,798,373,425
050,55,117,"Wisconsin","Sheboygan County",1,75,829,370,459
050,55,117,"Wisconsin","Sheboygan County",1,76,829,358,471
050,55,117,"Wisconsin","Sheboygan County",1,77,814,377,437
050,55,117,"Wisconsin","Sheboygan County",1,78,696,337,359
050,55,117,"Wisconsin","Sheboygan County",1,79,608,275,333
050,55,117,"Wisconsin","Sheboygan County",1,80,554,250,304
050,55,117,"Wisconsin","Sheboygan County",1,81,542,253,289
050,55,117,"Wisconsin","Sheboygan County",1,82,468,187,281
050,55,117,"Wisconsin","Sheboygan County",1,83,444,168,276
050,55,117,"Wisconsin","Sheboygan County",1,84,411,178,233
050,55,117,"Wisconsin","Sheboygan County",1,85,2531,894,1637
050,55,117,"Wisconsin","Sheboygan County",2,0,1239,635,604
050,55,117,"Wisconsin","Sheboygan County",2,1,1242,646,596
050,55,117,"Wisconsin","Sheboygan County",2,2,1268,663,605
050,55,117,"Wisconsin","Sheboygan County",2,3,1288,655,633
050,55,117,"Wisconsin","Sheboygan County",2,4,1343,676,667
050,55,117,"Wisconsin","Sheboygan County",2,5,1351,687,664
050,55,117,"Wisconsin","Sheboygan County",2,6,1350,704,646
050,55,117,"Wisconsin","Sheboygan County",2,7,1374,709,665
050,55,117,"Wisconsin","Sheboygan County",2,8,1391,704,687
050,55,117,"Wisconsin","Sheboygan County",2,9,1450,740,710
050,55,117,"Wisconsin","Sheboygan County",2,10,1520,770,750
050,55,117,"Wisconsin","Sheboygan County",2,11,1548,785,763
050,55,117,"Wisconsin","Sheboygan County",2,12,1616,823,793
050,55,117,"Wisconsin","Sheboygan County",2,13,1659,852,807
050,55,117,"Wisconsin","Sheboygan County",2,14,1629,827,802
050,55,117,"Wisconsin","Sheboygan County",2,15,1587,824,763
050,55,117,"Wisconsin","Sheboygan County",2,16,1607,828,779
050,55,117,"Wisconsin","Sheboygan County",2,17,1596,832,764
050,55,117,"Wisconsin","Sheboygan County",2,18,1402,747,655
050,55,117,"Wisconsin","Sheboygan County",2,19,1296,698,598
050,55,117,"Wisconsin","Sheboygan County",2,20,1410,767,643
050,55,117,"Wisconsin","Sheboygan County",2,21,1408,759,649
050,55,117,"Wisconsin","Sheboygan County",2,22,1425,759,666
050,55,117,"Wisconsin","Sheboygan County",2,23,1426,744,682
050,55,117,"Wisconsin","Sheboygan County",2,24,1439,762,677
050,55,117,"Wisconsin","Sheboygan County",2,25,1449,775,674
050,55,117,"Wisconsin","Sheboygan County",2,26,1457,772,685
050,55,117,"Wisconsin","Sheboygan County",2,27,1446,756,690
050,55,117,"Wisconsin","Sheboygan County",2,28,1417,748,669
050,55,117,"Wisconsin","Sheboygan County",2,29,1363,714,649
050,55,117,"Wisconsin","Sheboygan County",2,30,1312,691,621
050,55,117,"Wisconsin","Sheboygan County",2,31,1214,647,567
050,55,117,"Wisconsin","Sheboygan County",2,32,1260,655,605
050,55,117,"Wisconsin","Sheboygan County",2,33,1321,688,633
050,55,117,"Wisconsin","Sheboygan County",2,34,1403,716,687
050,55,117,"Wisconsin","Sheboygan County",2,35,1452,754,698
050,55,117,"Wisconsin","Sheboygan County",2,36,1441,759,682
050,55,117,"Wisconsin","Sheboygan County",2,37,1501,802,699
050,55,117,"Wisconsin","Sheboygan County",2,38,1519,782,737
050,55,117,"Wisconsin","Sheboygan County",2,39,1485,760,725
050,55,117,"Wisconsin","Sheboygan County",2,40,1459,775,684
050,55,117,"Wisconsin","Sheboygan County",2,41,1396,744,652
050,55,117,"Wisconsin","Sheboygan County",2,42,1397,743,654
050,55,117,"Wisconsin","Sheboygan County",2,43,1414,729,685
050,55,117,"Wisconsin","Sheboygan County",2,44,1351,678,673
050,55,117,"Wisconsin","Sheboygan County",2,45,1384,713,671
050,55,117,"Wisconsin","Sheboygan County",2,46,1327,682,645
050,55,117,"Wisconsin","Sheboygan County",2,47,1354,701,653
050,55,117,"Wisconsin","Sheboygan County",2,48,1382,716,666
050,55,117,"Wisconsin","Sheboygan County",2,49,1506,790,716
050,55,117,"Wisconsin","Sheboygan County",2,50,1523,816,707
050,55,117,"Wisconsin","Sheboygan County",2,51,1521,822,699
050,55,117,"Wisconsin","Sheboygan County",2,52,1529,814,715
050,55,117,"Wisconsin","Sheboygan County",2,53,1593,828,765
050,55,117,"Wisconsin","Sheboygan County",2,54,1684,856,828
050,55,117,"Wisconsin","Sheboygan County",2,55,1748,883,865
050,55,117,"Wisconsin","Sheboygan County",2,56,1752,909,843
050,55,117,"Wisconsin","Sheboygan County",2,57,1739,891,848
050,55,117,"Wisconsin","Sheboygan County",2,58,1768,915,853
050,55,117,"Wisconsin","Sheboygan County",2,59,1811,921,890
050,55,117,"Wisconsin","Sheboygan County",2,60,1745,858,887
050,55,117,"Wisconsin","Sheboygan County",2,61,1751,860,891
050,55,117,"Wisconsin","Sheboygan County",2,62,1795,904,891
050,55,117,"Wisconsin","Sheboygan County",2,63,1754,906,848
050,55,117,"Wisconsin","Sheboygan County",2,64,1641,836,805
050,55,117,"Wisconsin","Sheboygan County",2,65,1571,797,774
050,55,117,"Wisconsin","Sheboygan County",2,66,1526,755,771
050,55,117,"Wisconsin","Sheboygan County",2,67,1471,725,746
050,55,117,"Wisconsin","Sheboygan County",2,68,1445,708,737
050,55,117,"Wisconsin","Sheboygan County",2,69,1356,658,698
050,55,117,"Wisconsin","Sheboygan County",2,70,1261,626,635
050,55,117,"Wisconsin","Sheboygan County",2,71,1215,590,625
050,55,117,"Wisconsin","Sheboygan County",2,72,1171,557,614
050,55,117,"Wisconsin","Sheboygan County",2,73,1247,606,641
050,55,117,"Wisconsin","Sheboygan County",2,74,829,393,436
050,55,117,"Wisconsin","Sheboygan County",2,75,825,371,454
050,55,117,"Wisconsin","Sheboygan County",2,76,812,354,458
050,55,117,"Wisconsin","Sheboygan County",2,77,832,379,453
050,55,117,"Wisconsin","Sheboygan County",2,78,709,341,368
050,55,117,"Wisconsin","Sheboygan County",2,79,614,282,332
050,55,117,"Wisconsin","Sheboygan County",2,80,562,257,305
050,55,117,"Wisconsin","Sheboygan County",2,81,534,249,285
050,55,117,"Wisconsin","Sheboygan County",2,82,479,200,279
050,55,117,"Wisconsin","Sheboygan County",2,83,434,165,269
050,55,117,"Wisconsin","Sheboygan County",2,84,410,174,236
050,55,117,"Wisconsin","Sheboygan County",2,85,2522,901,1621
050,55,117,"Wisconsin","Sheboygan County",3,0,1097,555,542
050,55,117,"Wisconsin","Sheboygan County",3,1,1245,640,605
050,55,117,"Wisconsin","Sheboygan County",3,2,1252,661,591
050,55,117,"Wisconsin","Sheboygan County",3,3,1290,678,612
050,55,117,"Wisconsin","Sheboygan County",3,4,1309,659,650
050,55,117,"Wisconsin","Sheboygan County",3,5,1347,672,675
050,55,117,"Wisconsin","Sheboygan County",3,6,1371,704,667
050,55,117,"Wisconsin","Sheboygan County",3,7,1325,703,622
050,55,117,"Wisconsin","Sheboygan County",3,8,1398,717,681
050,55,117,"Wisconsin","Sheboygan County",3,9,1403,711,692
050,55,117,"Wisconsin","Sheboygan County",3,10,1454,732,722
050,55,117,"Wisconsin","Sheboygan County",3,11,1543,797,746
050,55,117,"Wisconsin","Sheboygan County",3,12,1519,763,756
050,55,117,"Wisconsin","Sheboygan County",3,13,1628,832,796
050,55,117,"Wisconsin","Sheboygan County",3,14,1652,845,807
050,55,117,"Wisconsin","Sheboygan County",3,15,1620,821,799
050,55,117,"Wisconsin","Sheboygan County",3,16,1577,802,775
050,55,117,"Wisconsin","Sheboygan County",3,17,1611,835,776
050,55,117,"Wisconsin","Sheboygan County",3,18,1424,771,653
050,55,117,"Wisconsin","Sheboygan County",3,19,1264,688,576
050,55,117,"Wisconsin","Sheboygan County",3,20,1375,730,645
050,55,117,"Wisconsin","Sheboygan County",3,21,1413,755,658
050,55,117,"Wisconsin","Sheboygan County",3,22,1412,760,652
050,55,117,"Wisconsin","Sheboygan County",3,23,1427,749,678
050,55,117,"Wisconsin","Sheboygan County",3,24,1388,745,643
050,55,117,"Wisconsin","Sheboygan County",3,25,1404,724,680
050,55,117,"Wisconsin","Sheboygan County",3,26,1430,767,663
050,55,117,"Wisconsin","Sheboygan County",3,27,1440,758,682
050,55,117,"Wisconsin","Sheboygan County",3,28,1438,758,680
050,55,117,"Wisconsin","Sheboygan County",3,29,1450,759,691
050,55,117,"Wisconsin","Sheboygan County",3,30,1394,744,650
050,55,117,"Wisconsin","Sheboygan County",3,31,1323,680,643
050,55,117,"Wisconsin","Sheboygan County",3,32,1210,632,578
050,55,117,"Wisconsin","Sheboygan County",3,33,1299,682,617
050,55,117,"Wisconsin","Sheboygan County",3,34,1323,698,625
050,55,117,"Wisconsin","Sheboygan County",3,35,1407,713,694
050,55,117,"Wisconsin","Sheboygan County",3,36,1469,757,712
050,55,117,"Wisconsin","Sheboygan County",3,37,1434,752,682
050,55,117,"Wisconsin","Sheboygan County",3,38,1484,790,694
050,55,117,"Wisconsin","Sheboygan County",3,39,1502,764,738
050,55,117,"Wisconsin","Sheboygan County",3,40,1501,765,736
050,55,117,"Wisconsin","Sheboygan County",3,41,1467,784,683
050,55,117,"Wisconsin","Sheboygan County",3,42,1369,733,636
050,55,117,"Wisconsin","Sheboygan County",3,43,1389,743,646
050,55,117,"Wisconsin","Sheboygan County",3,44,1404,714,690
050,55,117,"Wisconsin","Sheboygan County",3,45,1363,689,674
050,55,117,"Wisconsin","Sheboygan County",3,46,1359,688,671
050,55,117,"Wisconsin","Sheboygan County",3,47,1316,671,645
050,55,117,"Wisconsin","Sheboygan County",3,48,1350,696,654
050,55,117,"Wisconsin","Sheboygan County",3,49,1356,702,654
050,55,117,"Wisconsin","Sheboygan County",3,50,1467,762,705
050,55,117,"Wisconsin","Sheboygan County",3,51,1525,820,705
050,55,117,"Wisconsin","Sheboygan County",3,52,1516,819,697
050,55,117,"Wisconsin","Sheboygan County",3,53,1517,799,718
050,55,117,"Wisconsin","Sheboygan County",3,54,1609,838,771
050,55,117,"Wisconsin","Sheboygan County",3,55,1666,843,823
050,55,117,"Wisconsin","Sheboygan County",3,56,1748,881,867
050,55,117,"Wisconsin","Sheboygan County",3,57,1752,909,843
050,55,117,"Wisconsin","Sheboygan County",3,58,1734,877,857
050,55,117,"Wisconsin","Sheboygan County",3,59,1768,911,857
050,55,117,"Wisconsin","Sheboygan County",3,60,1788,910,878
050,55,117,"Wisconsin","Sheboygan County",3,61,1730,850,880
050,55,117,"Wisconsin","Sheboygan County",3,62,1744,863,881
050,55,117,"Wisconsin","Sheboygan County",3,63,1764,884,880
050,55,117,"Wisconsin","Sheboygan County",3,64,1725,890,835
050,55,117,"Wisconsin","Sheboygan County",3,65,1611,817,794
050,55,117,"Wisconsin","Sheboygan County",3,66,1561,785,776
050,55,117,"Wisconsin","Sheboygan County",3,67,1508,754,754
050,55,117,"Wisconsin","Sheboygan County",3,68,1460,717,743
050,55,117,"Wisconsin","Sheboygan County",3,69,1411,683,728
050,55,117,"Wisconsin","Sheboygan County",3,70,1327,636,691
050,55,117,"Wisconsin","Sheboygan County",3,71,1229,613,616
050,55,117,"Wisconsin","Sheboygan County",3,72,1188,570,618
050,55,117,"Wisconsin","Sheboygan County",3,73,1149,551,598
050,55,117,"Wisconsin","Sheboygan County",3,74,1203,583,620
050,55,117,"Wisconsin","Sheboygan County",3,75,806,380,426
050,55,117,"Wisconsin","Sheboygan County",3,76,787,348,439
050,55,117,"Wisconsin","Sheboygan County",3,77,790,340,450
050,55,117,"Wisconsin","Sheboygan County",3,78,807,370,437
050,55,117,"Wisconsin","Sheboygan County",3,79,685,321,364
050,55,117,"Wisconsin","Sheboygan County",3,80,580,272,308
050,55,117,"Wisconsin","Sheboygan County",3,81,523,241,282
050,55,117,"Wisconsin","Sheboygan County",3,82,496,221,275
050,55,117,"Wisconsin","Sheboygan County",3,83,435,177,258
050,55,117,"Wisconsin","Sheboygan County",3,84,381,141,240
050,55,117,"Wisconsin","Sheboygan County",3,85,2472,902,1570
050,55,117,"Wisconsin","Sheboygan County",4,0,1116,566,550
050,55,117,"Wisconsin","Sheboygan County",4,1,1101,546,555
050,55,117,"Wisconsin","Sheboygan County",4,2,1254,638,616
050,55,117,"Wisconsin","Sheboygan County",4,3,1276,662,614
050,55,117,"Wisconsin","Sheboygan County",4,4,1312,696,616
050,55,117,"Wisconsin","Sheboygan County",4,5,1316,669,647
050,55,117,"Wisconsin","Sheboygan County",4,6,1364,685,679
050,55,117,"Wisconsin","Sheboygan County",4,7,1378,712,666
050,55,117,"Wisconsin","Sheboygan County",4,8,1355,718,637
050,55,117,"Wisconsin","Sheboygan County",4,9,1386,706,680
050,55,117,"Wisconsin","Sheboygan County",4,10,1402,701,701
050,55,117,"Wisconsin","Sheboygan County",4,11,1449,734,715
050,55,117,"Wisconsin","Sheboygan County",4,12,1555,797,758
050,55,117,"Wisconsin","Sheboygan County",4,13,1542,767,775
050,55,117,"Wisconsin","Sheboygan County",4,14,1636,835,801
050,55,117,"Wisconsin","Sheboygan County",4,15,1641,843,798
050,55,117,"Wisconsin","Sheboygan County",4,16,1638,826,812
050,55,117,"Wisconsin","Sheboygan County",4,17,1571,807,764
050,55,117,"Wisconsin","Sheboygan County",4,18,1429,761,668
050,55,117,"Wisconsin","Sheboygan County",4,19,1276,706,570
050,55,117,"Wisconsin","Sheboygan County",4,20,1367,739,628
050,55,117,"Wisconsin","Sheboygan County",4,21,1400,734,666
050,55,117,"Wisconsin","Sheboygan County",4,22,1434,761,673
050,55,117,"Wisconsin","Sheboygan County",4,23,1424,777,647
050,55,117,"Wisconsin","Sheboygan County",4,24,1437,770,667
050,55,117,"Wisconsin","Sheboygan County",4,25,1346,722,624
050,55,117,"Wisconsin","Sheboygan County",4,26,1392,718,674
050,55,117,"Wisconsin","Sheboygan County",4,27,1432,763,669
050,55,117,"Wisconsin","Sheboygan County",4,28,1437,768,669
050,55,117,"Wisconsin","Sheboygan County",4,29,1460,775,685
050,55,117,"Wisconsin","Sheboygan County",4,30,1466,750,716
050,55,117,"Wisconsin","Sheboygan County",4,31,1359,720,639
050,55,117,"Wisconsin","Sheboygan County",4,32,1338,692,646
050,55,117,"Wisconsin","Sheboygan County",4,33,1216,632,584
050,55,117,"Wisconsin","Sheboygan County",4,34,1292,676,616
050,55,117,"Wisconsin","Sheboygan County",4,35,1341,710,631
050,55,117,"Wisconsin","Sheboygan County",4,36,1422,708,714
050,55,117,"Wisconsin","Sheboygan County",4,37,1452,743,709
050,55,117,"Wisconsin","Sheboygan County",4,38,1456,762,694
050,55,117,"Wisconsin","Sheboygan County",4,39,1480,790,690
050,55,117,"Wisconsin","Sheboygan County",4,40,1535,789,746
050,55,117,"Wisconsin","Sheboygan County",4,41,1519,769,750
050,55,117,"Wisconsin","Sheboygan County",4,42,1454,786,668
050,55,117,"Wisconsin","Sheboygan County",4,43,1396,746,650
050,55,117,"Wisconsin","Sheboygan County",4,44,1379,735,644
050,55,117,"Wisconsin","Sheboygan County",4,45,1428,733,695
050,55,117,"Wisconsin","Sheboygan County",4,46,1359,682,677
050,55,117,"Wisconsin","Sheboygan County",4,47,1348,671,677
050,55,117,"Wisconsin","Sheboygan County",4,48,1325,680,645
050,55,117,"Wisconsin","Sheboygan County",4,49,1348,698,650
050,55,117,"Wisconsin","Sheboygan County",4,50,1339,691,648
050,55,117,"Wisconsin","Sheboygan County",4,51,1456,756,700
050,55,117,"Wisconsin","Sheboygan County",4,52,1526,826,700
050,55,117,"Wisconsin","Sheboygan County",4,53,1520,813,707
050,55,117,"Wisconsin","Sheboygan County",4,54,1504,796,708
050,55,117,"Wisconsin","Sheboygan County",4,55,1572,822,750
050,55,117,"Wisconsin","Sheboygan County",4,56,1673,851,822
050,55,117,"Wisconsin","Sheboygan County",4,57,1747,872,875
050,55,117,"Wisconsin","Sheboygan County",4,58,1730,893,837
050,55,117,"Wisconsin","Sheboygan County",4,59,1725,864,861
050,55,117,"Wisconsin","Sheboygan County",4,60,1741,896,845
050,55,117,"Wisconsin","Sheboygan County",4,61,1765,897,868
050,55,117,"Wisconsin","Sheboygan County",4,62,1698,835,863
050,55,117,"Wisconsin","Sheboygan County",4,63,1707,839,868
050,55,117,"Wisconsin","Sheboygan County",4,64,1726,860,866
050,55,117,"Wisconsin","Sheboygan County",4,65,1714,881,833
050,55,117,"Wisconsin","Sheboygan County",4,66,1588,801,787
050,55,117,"Wisconsin","Sheboygan County",4,67,1540,763,777
050,55,117,"Wisconsin","Sheboygan County",4,68,1500,746,754
050,55,117,"Wisconsin","Sheboygan County",4,69,1428,701,727
050,55,117,"Wisconsin","Sheboygan County",4,70,1394,675,719
050,55,117,"Wisconsin","Sheboygan County",4,71,1299,618,681
050,55,117,"Wisconsin","Sheboygan County",4,72,1210,598,612
050,55,117,"Wisconsin","Sheboygan County",4,73,1157,551,606
050,55,117,"Wisconsin","Sheboygan County",4,74,1114,541,573
050,55,117,"Wisconsin","Sheboygan County",4,75,1182,575,607
050,55,117,"Wisconsin","Sheboygan County",4,76,789,372,417
050,55,117,"Wisconsin","Sheboygan County",4,77,763,327,436
050,55,117,"Wisconsin","Sheboygan County",4,78,754,326,428
050,55,117,"Wisconsin","Sheboygan County",4,79,773,346,427
050,55,117,"Wisconsin","Sheboygan County",4,80,653,308,345
050,55,117,"Wisconsin","Sheboygan County",4,81,560,269,291
050,55,117,"Wisconsin","Sheboygan County",4,82,491,217,274
050,55,117,"Wisconsin","Sheboygan County",4,83,457,196,261
050,55,117,"Wisconsin","Sheboygan County",4,84,384,154,230
050,55,117,"Wisconsin","Sheboygan County",4,85,2443,885,1558
050,55,117,"Wisconsin","Sheboygan County",5,0,1104,563,541
050,55,117,"Wisconsin","Sheboygan County",5,1,1146,574,572
050,55,117,"Wisconsin","Sheboygan County",5,2,1130,559,571
050,55,117,"Wisconsin","Sheboygan County",5,3,1282,631,651
050,55,117,"Wisconsin","Sheboygan County",5,4,1294,665,629
050,55,117,"Wisconsin","Sheboygan County",5,5,1328,691,637
050,55,117,"Wisconsin","Sheboygan County",5,6,1336,671,665
050,55,117,"Wisconsin","Sheboygan County",5,7,1361,674,687
050,55,117,"Wisconsin","Sheboygan County",5,8,1391,711,680
050,55,117,"Wisconsin","Sheboygan County",5,9,1347,723,624
050,55,117,"Wisconsin","Sheboygan County",5,10,1406,722,684
050,55,117,"Wisconsin","Sheboygan County",5,11,1427,715,712
050,55,117,"Wisconsin","Sheboygan County",5,12,1450,738,712
050,55,117,"Wisconsin","Sheboygan County",5,13,1563,797,766
050,55,117,"Wisconsin","Sheboygan County",5,14,1552,781,771
050,55,117,"Wisconsin","Sheboygan County",5,15,1637,841,796
050,55,117,"Wisconsin","Sheboygan County",5,16,1660,855,805
050,55,117,"Wisconsin","Sheboygan County",5,17,1641,835,806
050,55,117,"Wisconsin","Sheboygan County",5,18,1399,741,658
050,55,117,"Wisconsin","Sheboygan County",5,19,1273,683,590
050,55,117,"Wisconsin","Sheboygan County",5,20,1383,756,627
050,55,117,"Wisconsin","Sheboygan County",5,21,1397,739,658
050,55,117,"Wisconsin","Sheboygan County",5,22,1412,748,664
050,55,117,"Wisconsin","Sheboygan County",5,23,1460,770,690
050,55,117,"Wisconsin","Sheboygan County",5,24,1421,793,628
050,55,117,"Wisconsin","Sheboygan County",5,25,1420,765,655
050,55,117,"Wisconsin","Sheboygan County",5,26,1344,725,619
050,55,117,"Wisconsin","Sheboygan County",5,27,1374,690,684
050,55,117,"Wisconsin","Sheboygan County",5,28,1421,755,666
050,55,117,"Wisconsin","Sheboygan County",5,29,1453,772,681
050,55,117,"Wisconsin","Sheboygan County",5,30,1466,778,688
050,55,117,"Wisconsin","Sheboygan County",5,31,1457,736,721
050,55,117,"Wisconsin","Sheboygan County",5,32,1375,722,653
050,55,117,"Wisconsin","Sheboygan County",5,33,1361,702,659
050,55,117,"Wisconsin","Sheboygan County",5,34,1241,641,600
050,55,117,"Wisconsin","Sheboygan County",5,35,1308,684,624
050,55,117,"Wisconsin","Sheboygan County",5,36,1337,697,640
050,55,117,"Wisconsin","Sheboygan County",5,37,1442,715,727
050,55,117,"Wisconsin","Sheboygan County",5,38,1467,744,723
050,55,117,"Wisconsin","Sheboygan County",5,39,1423,742,681
050,55,117,"Wisconsin","Sheboygan County",5,40,1509,811,698
050,55,117,"Wisconsin","Sheboygan County",5,41,1537,781,756
050,55,117,"Wisconsin","Sheboygan County",5,42,1539,789,750
050,55,117,"Wisconsin","Sheboygan County",5,43,1473,801,672
050,55,117,"Wisconsin","Sheboygan County",5,44,1386,737,649
050,55,117,"Wisconsin","Sheboygan County",5,45,1392,753,639
050,55,117,"Wisconsin","Sheboygan County",5,46,1414,723,691
050,55,117,"Wisconsin","Sheboygan County",5,47,1357,667,690
050,55,117,"Wisconsin","Sheboygan County",5,48,1338,667,671
050,55,117,"Wisconsin","Sheboygan County",5,49,1336,685,651
050,55,117,"Wisconsin","Sheboygan County",5,50,1336,691,645
050,55,117,"Wisconsin","Sheboygan County",5,51,1329,690,639
050,55,117,"Wisconsin","Sheboygan County",5,52,1449,758,691
050,55,117,"Wisconsin","Sheboygan County",5,53,1519,828,691
050,55,117,"Wisconsin","Sheboygan County",5,54,1515,807,708
050,55,117,"Wisconsin","Sheboygan County",5,55,1481,776,705
050,55,117,"Wisconsin","Sheboygan County",5,56,1550,808,742
050,55,117,"Wisconsin","Sheboygan County",5,57,1655,838,817
050,55,117,"Wisconsin","Sheboygan County",5,58,1744,873,871
050,55,117,"Wisconsin","Sheboygan County",5,59,1719,878,841
050,55,117,"Wisconsin","Sheboygan County",5,60,1708,856,852
050,55,117,"Wisconsin","Sheboygan County",5,61,1733,892,841
050,55,117,"Wisconsin","Sheboygan County",5,62,1734,877,857
050,55,117,"Wisconsin","Sheboygan County",5,63,1674,819,855
050,55,117,"Wisconsin","Sheboygan County",5,64,1700,846,854
050,55,117,"Wisconsin","Sheboygan County",5,65,1696,840,856
050,55,117,"Wisconsin","Sheboygan County",5,66,1684,863,821
050,55,117,"Wisconsin","Sheboygan County",5,67,1562,789,773
050,55,117,"Wisconsin","Sheboygan County",5,68,1537,753,784
050,55,117,"Wisconsin","Sheboygan County",5,69,1465,726,739
050,55,117,"Wisconsin","Sheboygan County",5,70,1398,691,707
050,55,117,"Wisconsin","Sheboygan County",5,71,1371,654,717
050,55,117,"Wisconsin","Sheboygan County",5,72,1281,602,679
050,55,117,"Wisconsin","Sheboygan County",5,73,1182,590,592
050,55,117,"Wisconsin","Sheboygan County",5,74,1135,537,598
050,55,117,"Wisconsin","Sheboygan County",5,75,1101,532,569
050,55,117,"Wisconsin","Sheboygan County",5,76,1146,552,594
050,55,117,"Wisconsin","Sheboygan County",5,77,753,354,399
050,55,117,"Wisconsin","Sheboygan County",5,78,737,314,423
050,55,117,"Wisconsin","Sheboygan County",5,79,719,303,416
050,55,117,"Wisconsin","Sheboygan County",5,80,738,333,405
050,55,117,"Wisconsin","Sheboygan County",5,81,626,299,327
050,55,117,"Wisconsin","Sheboygan County",5,82,521,250,271
050,55,117,"Wisconsin","Sheboygan County",5,83,445,193,252
050,55,117,"Wisconsin","Sheboygan County",5,84,405,172,233
050,55,117,"Wisconsin","Sheboygan County",5,85,2434,893,1541
050,55,119,"Wisconsin","Taylor County",1,0,206,103,103
050,55,119,"Wisconsin","Taylor County",1,1,205,103,102
050,55,119,"Wisconsin","Taylor County",1,2,215,112,103
050,55,119,"Wisconsin","Taylor County",1,3,237,118,119
050,55,119,"Wisconsin","Taylor County",1,4,251,126,125
050,55,119,"Wisconsin","Taylor County",1,5,235,118,117
050,55,119,"Wisconsin","Taylor County",1,6,230,117,113
050,55,119,"Wisconsin","Taylor County",1,7,219,115,104
050,55,119,"Wisconsin","Taylor County",1,8,234,125,109
050,55,119,"Wisconsin","Taylor County",1,9,265,139,126
050,55,119,"Wisconsin","Taylor County",1,10,314,158,156
050,55,119,"Wisconsin","Taylor County",1,11,306,162,144
050,55,119,"Wisconsin","Taylor County",1,12,304,165,139
050,55,119,"Wisconsin","Taylor County",1,13,304,164,140
050,55,119,"Wisconsin","Taylor County",1,14,288,142,146
050,55,119,"Wisconsin","Taylor County",1,15,291,142,149
050,55,119,"Wisconsin","Taylor County",1,16,284,139,145
050,55,119,"Wisconsin","Taylor County",1,17,273,142,131
050,55,119,"Wisconsin","Taylor County",1,18,249,124,125
050,55,119,"Wisconsin","Taylor County",1,19,198,106,92
050,55,119,"Wisconsin","Taylor County",1,20,172,98,74
050,55,119,"Wisconsin","Taylor County",1,21,182,97,85
050,55,119,"Wisconsin","Taylor County",1,22,177,86,91
050,55,119,"Wisconsin","Taylor County",1,23,179,103,76
050,55,119,"Wisconsin","Taylor County",1,24,175,93,82
050,55,119,"Wisconsin","Taylor County",1,25,191,101,90
050,55,119,"Wisconsin","Taylor County",1,26,191,96,95
050,55,119,"Wisconsin","Taylor County",1,27,201,111,90
050,55,119,"Wisconsin","Taylor County",1,28,178,94,84
050,55,119,"Wisconsin","Taylor County",1,29,182,93,89
050,55,119,"Wisconsin","Taylor County",1,30,185,97,88
050,55,119,"Wisconsin","Taylor County",1,31,192,93,99
050,55,119,"Wisconsin","Taylor County",1,32,189,94,95
050,55,119,"Wisconsin","Taylor County",1,33,190,97,93
050,55,119,"Wisconsin","Taylor County",1,34,223,109,114
050,55,119,"Wisconsin","Taylor County",1,35,223,115,108
050,55,119,"Wisconsin","Taylor County",1,36,229,114,115
050,55,119,"Wisconsin","Taylor County",1,37,209,111,98
050,55,119,"Wisconsin","Taylor County",1,38,227,117,110
050,55,119,"Wisconsin","Taylor County",1,39,237,120,117
050,55,119,"Wisconsin","Taylor County",1,40,245,122,123
050,55,119,"Wisconsin","Taylor County",1,41,265,138,127
050,55,119,"Wisconsin","Taylor County",1,42,229,123,106
050,55,119,"Wisconsin","Taylor County",1,43,223,113,110
050,55,119,"Wisconsin","Taylor County",1,44,240,113,127
050,55,119,"Wisconsin","Taylor County",1,45,237,123,114
050,55,119,"Wisconsin","Taylor County",1,46,214,115,99
050,55,119,"Wisconsin","Taylor County",1,47,212,111,101
050,55,119,"Wisconsin","Taylor County",1,48,244,129,115
050,55,119,"Wisconsin","Taylor County",1,49,255,133,122
050,55,119,"Wisconsin","Taylor County",1,50,252,139,113
050,55,119,"Wisconsin","Taylor County",1,51,229,128,101
050,55,119,"Wisconsin","Taylor County",1,52,247,130,117
050,55,119,"Wisconsin","Taylor County",1,53,270,142,128
050,55,119,"Wisconsin","Taylor County",1,54,284,156,128
050,55,119,"Wisconsin","Taylor County",1,55,292,144,148
050,55,119,"Wisconsin","Taylor County",1,56,318,158,160
050,55,119,"Wisconsin","Taylor County",1,57,346,169,177
050,55,119,"Wisconsin","Taylor County",1,58,341,169,172
050,55,119,"Wisconsin","Taylor County",1,59,359,179,180
050,55,119,"Wisconsin","Taylor County",1,60,345,190,155
050,55,119,"Wisconsin","Taylor County",1,61,352,192,160
050,55,119,"Wisconsin","Taylor County",1,62,345,186,159
050,55,119,"Wisconsin","Taylor County",1,63,340,185,155
050,55,119,"Wisconsin","Taylor County",1,64,307,156,151
050,55,119,"Wisconsin","Taylor County",1,65,285,142,143
050,55,119,"Wisconsin","Taylor County",1,66,267,145,122
050,55,119,"Wisconsin","Taylor County",1,67,255,141,114
050,55,119,"Wisconsin","Taylor County",1,68,247,133,114
050,55,119,"Wisconsin","Taylor County",1,69,227,115,112
050,55,119,"Wisconsin","Taylor County",1,70,219,115,104
050,55,119,"Wisconsin","Taylor County",1,71,210,101,109
050,55,119,"Wisconsin","Taylor County",1,72,191,94,97
050,55,119,"Wisconsin","Taylor County",1,73,179,92,87
050,55,119,"Wisconsin","Taylor County",1,74,125,66,59
050,55,119,"Wisconsin","Taylor County",1,75,135,63,72
050,55,119,"Wisconsin","Taylor County",1,76,146,74,72
050,55,119,"Wisconsin","Taylor County",1,77,143,68,75
050,55,119,"Wisconsin","Taylor County",1,78,114,56,58
050,55,119,"Wisconsin","Taylor County",1,79,120,60,60
050,55,119,"Wisconsin","Taylor County",1,80,111,53,58
050,55,119,"Wisconsin","Taylor County",1,81,118,61,57
050,55,119,"Wisconsin","Taylor County",1,82,106,53,53
050,55,119,"Wisconsin","Taylor County",1,83,95,46,49
050,55,119,"Wisconsin","Taylor County",1,84,93,44,49
050,55,119,"Wisconsin","Taylor County",1,85,491,176,315
050,55,119,"Wisconsin","Taylor County",2,0,220,113,107
050,55,119,"Wisconsin","Taylor County",2,1,204,103,101
050,55,119,"Wisconsin","Taylor County",2,2,212,109,103
050,55,119,"Wisconsin","Taylor County",2,3,231,115,116
050,55,119,"Wisconsin","Taylor County",2,4,248,124,124
050,55,119,"Wisconsin","Taylor County",2,5,239,120,119
050,55,119,"Wisconsin","Taylor County",2,6,230,117,113
050,55,119,"Wisconsin","Taylor County",2,7,221,116,105
050,55,119,"Wisconsin","Taylor County",2,8,230,122,108
050,55,119,"Wisconsin","Taylor County",2,9,257,135,122
050,55,119,"Wisconsin","Taylor County",2,10,300,152,148
050,55,119,"Wisconsin","Taylor County",2,11,309,162,147
050,55,119,"Wisconsin","Taylor County",2,12,305,164,141
050,55,119,"Wisconsin","Taylor County",2,13,306,167,139
050,55,119,"Wisconsin","Taylor County",2,14,292,148,144
050,55,119,"Wisconsin","Taylor County",2,15,289,140,149
050,55,119,"Wisconsin","Taylor County",2,16,286,140,146
050,55,119,"Wisconsin","Taylor County",2,17,276,142,134
050,55,119,"Wisconsin","Taylor County",2,18,242,123,119
050,55,119,"Wisconsin","Taylor County",2,19,198,103,95
050,55,119,"Wisconsin","Taylor County",2,20,183,102,81
050,55,119,"Wisconsin","Taylor County",2,21,179,97,82
050,55,119,"Wisconsin","Taylor County",2,22,179,89,90
050,55,119,"Wisconsin","Taylor County",2,23,177,98,79
050,55,119,"Wisconsin","Taylor County",2,24,176,95,81
050,55,119,"Wisconsin","Taylor County",2,25,188,99,89
050,55,119,"Wisconsin","Taylor County",2,26,196,101,95
050,55,119,"Wisconsin","Taylor County",2,27,202,110,92
050,55,119,"Wisconsin","Taylor County",2,28,184,97,87
050,55,119,"Wisconsin","Taylor County",2,29,181,94,87
050,55,119,"Wisconsin","Taylor County",2,30,186,96,90
050,55,119,"Wisconsin","Taylor County",2,31,193,95,98
050,55,119,"Wisconsin","Taylor County",2,32,191,95,96
050,55,119,"Wisconsin","Taylor County",2,33,190,96,94
050,55,119,"Wisconsin","Taylor County",2,34,215,106,109
050,55,119,"Wisconsin","Taylor County",2,35,226,115,111
050,55,119,"Wisconsin","Taylor County",2,36,225,112,113
050,55,119,"Wisconsin","Taylor County",2,37,215,113,102
050,55,119,"Wisconsin","Taylor County",2,38,225,116,109
050,55,119,"Wisconsin","Taylor County",2,39,235,120,115
050,55,119,"Wisconsin","Taylor County",2,40,242,121,121
050,55,119,"Wisconsin","Taylor County",2,41,261,135,126
050,55,119,"Wisconsin","Taylor County",2,42,236,126,110
050,55,119,"Wisconsin","Taylor County",2,43,226,116,110
050,55,119,"Wisconsin","Taylor County",2,44,233,112,121
050,55,119,"Wisconsin","Taylor County",2,45,239,121,118
050,55,119,"Wisconsin","Taylor County",2,46,218,117,101
050,55,119,"Wisconsin","Taylor County",2,47,213,113,100
050,55,119,"Wisconsin","Taylor County",2,48,234,123,111
050,55,119,"Wisconsin","Taylor County",2,49,253,132,121
050,55,119,"Wisconsin","Taylor County",2,50,251,137,114
050,55,119,"Wisconsin","Taylor County",2,51,235,131,104
050,55,119,"Wisconsin","Taylor County",2,52,242,130,112
050,55,119,"Wisconsin","Taylor County",2,53,265,138,127
050,55,119,"Wisconsin","Taylor County",2,54,280,153,127
050,55,119,"Wisconsin","Taylor County",2,55,289,145,144
050,55,119,"Wisconsin","Taylor County",2,56,314,156,158
050,55,119,"Wisconsin","Taylor County",2,57,341,166,175
050,55,119,"Wisconsin","Taylor County",2,58,344,170,174
050,55,119,"Wisconsin","Taylor County",2,59,357,179,178
050,55,119,"Wisconsin","Taylor County",2,60,347,186,161
050,55,119,"Wisconsin","Taylor County",2,61,349,191,158
050,55,119,"Wisconsin","Taylor County",2,62,346,188,158
050,55,119,"Wisconsin","Taylor County",2,63,345,187,158
050,55,119,"Wisconsin","Taylor County",2,64,313,162,151
050,55,119,"Wisconsin","Taylor County",2,65,291,145,146
050,55,119,"Wisconsin","Taylor County",2,66,273,145,128
050,55,119,"Wisconsin","Taylor County",2,67,257,141,116
050,55,119,"Wisconsin","Taylor County",2,68,249,135,114
050,55,119,"Wisconsin","Taylor County",2,69,234,121,113
050,55,119,"Wisconsin","Taylor County",2,70,220,114,106
050,55,119,"Wisconsin","Taylor County",2,71,211,104,107
050,55,119,"Wisconsin","Taylor County",2,72,191,93,98
050,55,119,"Wisconsin","Taylor County",2,73,190,97,93
050,55,119,"Wisconsin","Taylor County",2,74,127,66,61
050,55,119,"Wisconsin","Taylor County",2,75,131,64,67
050,55,119,"Wisconsin","Taylor County",2,76,143,71,72
050,55,119,"Wisconsin","Taylor County",2,77,146,70,76
050,55,119,"Wisconsin","Taylor County",2,78,119,58,61
050,55,119,"Wisconsin","Taylor County",2,79,117,58,59
050,55,119,"Wisconsin","Taylor County",2,80,113,55,58
050,55,119,"Wisconsin","Taylor County",2,81,115,59,56
050,55,119,"Wisconsin","Taylor County",2,82,108,54,54
050,55,119,"Wisconsin","Taylor County",2,83,97,48,49
050,55,119,"Wisconsin","Taylor County",2,84,90,42,48
050,55,119,"Wisconsin","Taylor County",2,85,496,179,317
050,55,119,"Wisconsin","Taylor County",3,0,213,106,107
050,55,119,"Wisconsin","Taylor County",3,1,241,130,111
050,55,119,"Wisconsin","Taylor County",3,2,199,96,103
050,55,119,"Wisconsin","Taylor County",3,3,222,114,108
050,55,119,"Wisconsin","Taylor County",3,4,236,118,118
050,55,119,"Wisconsin","Taylor County",3,5,254,129,125
050,55,119,"Wisconsin","Taylor County",3,6,238,118,120
050,55,119,"Wisconsin","Taylor County",3,7,231,116,115
050,55,119,"Wisconsin","Taylor County",3,8,221,118,103
050,55,119,"Wisconsin","Taylor County",3,9,232,123,109
050,55,119,"Wisconsin","Taylor County",3,10,263,141,122
050,55,119,"Wisconsin","Taylor County",3,11,307,153,154
050,55,119,"Wisconsin","Taylor County",3,12,308,161,147
050,55,119,"Wisconsin","Taylor County",3,13,299,161,138
050,55,119,"Wisconsin","Taylor County",3,14,297,160,137
050,55,119,"Wisconsin","Taylor County",3,15,285,135,150
050,55,119,"Wisconsin","Taylor County",3,16,284,136,148
050,55,119,"Wisconsin","Taylor County",3,17,290,144,146
050,55,119,"Wisconsin","Taylor County",3,18,232,123,109
050,55,119,"Wisconsin","Taylor County",3,19,190,95,95
050,55,119,"Wisconsin","Taylor County",3,20,203,104,99
050,55,119,"Wisconsin","Taylor County",3,21,179,102,77
050,55,119,"Wisconsin","Taylor County",3,22,170,90,80
050,55,119,"Wisconsin","Taylor County",3,23,187,97,90
050,55,119,"Wisconsin","Taylor County",3,24,176,94,82
050,55,119,"Wisconsin","Taylor County",3,25,171,95,76
050,55,119,"Wisconsin","Taylor County",3,26,190,101,89
050,55,119,"Wisconsin","Taylor County",3,27,196,96,100
050,55,119,"Wisconsin","Taylor County",3,28,211,111,100
050,55,119,"Wisconsin","Taylor County",3,29,183,100,83
050,55,119,"Wisconsin","Taylor County",3,30,190,94,96
050,55,119,"Wisconsin","Taylor County",3,31,188,99,89
050,55,119,"Wisconsin","Taylor County",3,32,192,98,94
050,55,119,"Wisconsin","Taylor County",3,33,192,98,94
050,55,119,"Wisconsin","Taylor County",3,34,184,91,93
050,55,119,"Wisconsin","Taylor County",3,35,217,104,113
050,55,119,"Wisconsin","Taylor County",3,36,236,122,114
050,55,119,"Wisconsin","Taylor County",3,37,209,101,108
050,55,119,"Wisconsin","Taylor County",3,38,216,116,100
050,55,119,"Wisconsin","Taylor County",3,39,216,112,104
050,55,119,"Wisconsin","Taylor County",3,40,231,117,114
050,55,119,"Wisconsin","Taylor County",3,41,237,124,113
050,55,119,"Wisconsin","Taylor County",3,42,262,130,132
050,55,119,"Wisconsin","Taylor County",3,43,231,121,110
050,55,119,"Wisconsin","Taylor County",3,44,223,117,106
050,55,119,"Wisconsin","Taylor County",3,45,240,115,125
050,55,119,"Wisconsin","Taylor County",3,46,237,115,122
050,55,119,"Wisconsin","Taylor County",3,47,222,120,102
050,55,119,"Wisconsin","Taylor County",3,48,211,110,101
050,55,119,"Wisconsin","Taylor County",3,49,235,122,113
050,55,119,"Wisconsin","Taylor County",3,50,261,137,124
050,55,119,"Wisconsin","Taylor County",3,51,251,134,117
050,55,119,"Wisconsin","Taylor County",3,52,245,131,114
050,55,119,"Wisconsin","Taylor County",3,53,245,130,115
050,55,119,"Wisconsin","Taylor County",3,54,265,137,128
050,55,119,"Wisconsin","Taylor County",3,55,287,157,130
050,55,119,"Wisconsin","Taylor County",3,56,295,144,151
050,55,119,"Wisconsin","Taylor County",3,57,316,155,161
050,55,119,"Wisconsin","Taylor County",3,58,339,169,170
050,55,119,"Wisconsin","Taylor County",3,59,344,175,169
050,55,119,"Wisconsin","Taylor County",3,60,369,185,184
050,55,119,"Wisconsin","Taylor County",3,61,354,190,164
050,55,119,"Wisconsin","Taylor County",3,62,353,197,156
050,55,119,"Wisconsin","Taylor County",3,63,346,187,159
050,55,119,"Wisconsin","Taylor County",3,64,344,183,161
050,55,119,"Wisconsin","Taylor County",3,65,315,159,156
050,55,119,"Wisconsin","Taylor County",3,66,281,143,138
050,55,119,"Wisconsin","Taylor County",3,67,266,141,125
050,55,119,"Wisconsin","Taylor County",3,68,255,137,118
050,55,119,"Wisconsin","Taylor County",3,69,251,132,119
050,55,119,"Wisconsin","Taylor County",3,70,227,118,109
050,55,119,"Wisconsin","Taylor County",3,71,215,111,104
050,55,119,"Wisconsin","Taylor County",3,72,207,102,105
050,55,119,"Wisconsin","Taylor County",3,73,187,91,96
050,55,119,"Wisconsin","Taylor County",3,74,191,97,94
050,55,119,"Wisconsin","Taylor County",3,75,124,62,62
050,55,119,"Wisconsin","Taylor County",3,76,125,60,65
050,55,119,"Wisconsin","Taylor County",3,77,137,69,68
050,55,119,"Wisconsin","Taylor County",3,78,137,69,68
050,55,119,"Wisconsin","Taylor County",3,79,109,51,58
050,55,119,"Wisconsin","Taylor County",3,80,111,55,56
050,55,119,"Wisconsin","Taylor County",3,81,109,54,55
050,55,119,"Wisconsin","Taylor County",3,82,110,53,57
050,55,119,"Wisconsin","Taylor County",3,83,99,48,51
050,55,119,"Wisconsin","Taylor County",3,84,92,42,50
050,55,119,"Wisconsin","Taylor County",3,85,499,195,304
050,55,119,"Wisconsin","Taylor County",4,0,219,109,110
050,55,119,"Wisconsin","Taylor County",4,1,219,114,105
050,55,119,"Wisconsin","Taylor County",4,2,231,122,109
050,55,119,"Wisconsin","Taylor County",4,3,214,100,114
050,55,119,"Wisconsin","Taylor County",4,4,224,117,107
050,55,119,"Wisconsin","Taylor County",4,5,238,116,122
050,55,119,"Wisconsin","Taylor County",4,6,254,127,127
050,55,119,"Wisconsin","Taylor County",4,7,245,129,116
050,55,119,"Wisconsin","Taylor County",4,8,235,121,114
050,55,119,"Wisconsin","Taylor County",4,9,224,119,105
050,55,119,"Wisconsin","Taylor County",4,10,231,125,106
050,55,119,"Wisconsin","Taylor County",4,11,261,141,120
050,55,119,"Wisconsin","Taylor County",4,12,313,154,159
050,55,119,"Wisconsin","Taylor County",4,13,309,160,149
050,55,119,"Wisconsin","Taylor County",4,14,302,164,138
050,55,119,"Wisconsin","Taylor County",4,15,303,161,142
050,55,119,"Wisconsin","Taylor County",4,16,291,141,150
050,55,119,"Wisconsin","Taylor County",4,17,280,134,146
050,55,119,"Wisconsin","Taylor County",4,18,255,130,125
050,55,119,"Wisconsin","Taylor County",4,19,170,97,73
050,55,119,"Wisconsin","Taylor County",4,20,184,96,88
050,55,119,"Wisconsin","Taylor County",4,21,209,106,103
050,55,119,"Wisconsin","Taylor County",4,22,192,101,91
050,55,119,"Wisconsin","Taylor County",4,23,178,93,85
050,55,119,"Wisconsin","Taylor County",4,24,183,95,88
050,55,119,"Wisconsin","Taylor County",4,25,161,87,74
050,55,119,"Wisconsin","Taylor County",4,26,176,97,79
050,55,119,"Wisconsin","Taylor County",4,27,180,97,83
050,55,119,"Wisconsin","Taylor County",4,28,196,102,94
050,55,119,"Wisconsin","Taylor County",4,29,212,112,100
050,55,119,"Wisconsin","Taylor County",4,30,171,89,82
050,55,119,"Wisconsin","Taylor County",4,31,178,88,90
050,55,119,"Wisconsin","Taylor County",4,32,194,107,87
050,55,119,"Wisconsin","Taylor County",4,33,197,98,99
050,55,119,"Wisconsin","Taylor County",4,34,190,97,93
050,55,119,"Wisconsin","Taylor County",4,35,184,92,92
050,55,119,"Wisconsin","Taylor County",4,36,224,111,113
050,55,119,"Wisconsin","Taylor County",4,37,233,117,116
050,55,119,"Wisconsin","Taylor County",4,38,212,104,108
050,55,119,"Wisconsin","Taylor County",4,39,226,124,102
050,55,119,"Wisconsin","Taylor County",4,40,221,116,105
050,55,119,"Wisconsin","Taylor County",4,41,229,120,109
050,55,119,"Wisconsin","Taylor County",4,42,244,128,116
050,55,119,"Wisconsin","Taylor County",4,43,265,135,130
050,55,119,"Wisconsin","Taylor County",4,44,244,129,115
050,55,119,"Wisconsin","Taylor County",4,45,222,113,109
050,55,119,"Wisconsin","Taylor County",4,46,245,116,129
050,55,119,"Wisconsin","Taylor County",4,47,232,116,116
050,55,119,"Wisconsin","Taylor County",4,48,225,121,104
050,55,119,"Wisconsin","Taylor County",4,49,203,108,95
050,55,119,"Wisconsin","Taylor County",4,50,231,121,110
050,55,119,"Wisconsin","Taylor County",4,51,257,138,119
050,55,119,"Wisconsin","Taylor County",4,52,245,125,120
050,55,119,"Wisconsin","Taylor County",4,53,250,132,118
050,55,119,"Wisconsin","Taylor County",4,54,247,132,115
050,55,119,"Wisconsin","Taylor County",4,55,265,137,128
050,55,119,"Wisconsin","Taylor County",4,56,295,161,134
050,55,119,"Wisconsin","Taylor County",4,57,300,151,149
050,55,119,"Wisconsin","Taylor County",4,58,313,153,160
050,55,119,"Wisconsin","Taylor County",4,59,333,166,167
050,55,119,"Wisconsin","Taylor County",4,60,345,173,172
050,55,119,"Wisconsin","Taylor County",4,61,371,187,184
050,55,119,"Wisconsin","Taylor County",4,62,347,186,161
050,55,119,"Wisconsin","Taylor County",4,63,351,194,157
050,55,119,"Wisconsin","Taylor County",4,64,344,186,158
050,55,119,"Wisconsin","Taylor County",4,65,340,179,161
050,55,119,"Wisconsin","Taylor County",4,66,317,162,155
050,55,119,"Wisconsin","Taylor County",4,67,274,141,133
050,55,119,"Wisconsin","Taylor County",4,68,272,146,126
050,55,119,"Wisconsin","Taylor County",4,69,257,137,120
050,55,119,"Wisconsin","Taylor County",4,70,243,127,116
050,55,119,"Wisconsin","Taylor County",4,71,221,115,106
050,55,119,"Wisconsin","Taylor County",4,72,213,111,102
050,55,119,"Wisconsin","Taylor County",4,73,204,101,103
050,55,119,"Wisconsin","Taylor County",4,74,187,92,95
050,55,119,"Wisconsin","Taylor County",4,75,188,93,95
050,55,119,"Wisconsin","Taylor County",4,76,127,62,65
050,55,119,"Wisconsin","Taylor County",4,77,115,56,59
050,55,119,"Wisconsin","Taylor County",4,78,132,70,62
050,55,119,"Wisconsin","Taylor County",4,79,125,61,64
050,55,119,"Wisconsin","Taylor County",4,80,104,50,54
050,55,119,"Wisconsin","Taylor County",4,81,106,54,52
050,55,119,"Wisconsin","Taylor County",4,82,98,45,53
050,55,119,"Wisconsin","Taylor County",4,83,101,52,49
050,55,119,"Wisconsin","Taylor County",4,84,93,45,48
050,55,119,"Wisconsin","Taylor County",4,85,502,197,305
050,55,119,"Wisconsin","Taylor County",5,0,214,107,107
050,55,119,"Wisconsin","Taylor County",5,1,230,116,114
050,55,119,"Wisconsin","Taylor County",5,2,222,106,116
050,55,119,"Wisconsin","Taylor County",5,3,235,122,113
050,55,119,"Wisconsin","Taylor County",5,4,225,104,121
050,55,119,"Wisconsin","Taylor County",5,5,226,114,112
050,55,119,"Wisconsin","Taylor County",5,6,235,114,121
050,55,119,"Wisconsin","Taylor County",5,7,261,133,128
050,55,119,"Wisconsin","Taylor County",5,8,236,124,112
050,55,119,"Wisconsin","Taylor County",5,9,232,115,117
050,55,119,"Wisconsin","Taylor County",5,10,224,120,104
050,55,119,"Wisconsin","Taylor County",5,11,236,123,113
050,55,119,"Wisconsin","Taylor County",5,12,267,145,122
050,55,119,"Wisconsin","Taylor County",5,13,321,160,161
050,55,119,"Wisconsin","Taylor County",5,14,312,160,152
050,55,119,"Wisconsin","Taylor County",5,15,305,169,136
050,55,119,"Wisconsin","Taylor County",5,16,310,163,147
050,55,119,"Wisconsin","Taylor County",5,17,303,147,156
050,55,119,"Wisconsin","Taylor County",5,18,242,120,122
050,55,119,"Wisconsin","Taylor County",5,19,195,98,97
050,55,119,"Wisconsin","Taylor County",5,20,181,102,79
050,55,119,"Wisconsin","Taylor County",5,21,201,106,95
050,55,119,"Wisconsin","Taylor County",5,22,216,110,106
050,55,119,"Wisconsin","Taylor County",5,23,203,104,99
050,55,119,"Wisconsin","Taylor County",5,24,185,97,88
050,55,119,"Wisconsin","Taylor County",5,25,175,97,78
050,55,119,"Wisconsin","Taylor County",5,26,165,88,77
050,55,119,"Wisconsin","Taylor County",5,27,178,102,76
050,55,119,"Wisconsin","Taylor County",5,28,181,97,84
050,55,119,"Wisconsin","Taylor County",5,29,182,100,82
050,55,119,"Wisconsin","Taylor County",5,30,214,112,102
050,55,119,"Wisconsin","Taylor County",5,31,180,97,83
050,55,119,"Wisconsin","Taylor County",5,32,182,93,89
050,55,119,"Wisconsin","Taylor County",5,33,198,111,87
050,55,119,"Wisconsin","Taylor County",5,34,205,100,105
050,55,119,"Wisconsin","Taylor County",5,35,203,108,95
050,55,119,"Wisconsin","Taylor County",5,36,180,89,91
050,55,119,"Wisconsin","Taylor County",5,37,230,114,116
050,55,119,"Wisconsin","Taylor County",5,38,238,117,121
050,55,119,"Wisconsin","Taylor County",5,39,208,100,108
050,55,119,"Wisconsin","Taylor County",5,40,225,122,103
050,55,119,"Wisconsin","Taylor County",5,41,216,111,105
050,55,119,"Wisconsin","Taylor County",5,42,234,126,108
050,55,119,"Wisconsin","Taylor County",5,43,241,124,117
050,55,119,"Wisconsin","Taylor County",5,44,259,134,125
050,55,119,"Wisconsin","Taylor County",5,45,243,130,113
050,55,119,"Wisconsin","Taylor County",5,46,220,113,107
050,55,119,"Wisconsin","Taylor County",5,47,238,111,127
050,55,119,"Wisconsin","Taylor County",5,48,235,119,116
050,55,119,"Wisconsin","Taylor County",5,49,226,119,107
050,55,119,"Wisconsin","Taylor County",5,50,203,105,98
050,55,119,"Wisconsin","Taylor County",5,51,236,122,114
050,55,119,"Wisconsin","Taylor County",5,52,256,138,118
050,55,119,"Wisconsin","Taylor County",5,53,251,128,123
050,55,119,"Wisconsin","Taylor County",5,54,256,138,118
050,55,119,"Wisconsin","Taylor County",5,55,251,134,117
050,55,119,"Wisconsin","Taylor County",5,56,267,138,129
050,55,119,"Wisconsin","Taylor County",5,57,296,164,132
050,55,119,"Wisconsin","Taylor County",5,58,297,148,149
050,55,119,"Wisconsin","Taylor County",5,59,312,153,159
050,55,119,"Wisconsin","Taylor County",5,60,333,162,171
050,55,119,"Wisconsin","Taylor County",5,61,343,176,167
050,55,119,"Wisconsin","Taylor County",5,62,371,182,189
050,55,119,"Wisconsin","Taylor County",5,63,349,187,162
050,55,119,"Wisconsin","Taylor County",5,64,352,192,160
050,55,119,"Wisconsin","Taylor County",5,65,348,189,159
050,55,119,"Wisconsin","Taylor County",5,66,338,179,159
050,55,119,"Wisconsin","Taylor County",5,67,316,166,150
050,55,119,"Wisconsin","Taylor County",5,68,281,143,138
050,55,119,"Wisconsin","Taylor County",5,69,269,144,125
050,55,119,"Wisconsin","Taylor County",5,70,251,134,117
050,55,119,"Wisconsin","Taylor County",5,71,241,125,116
050,55,119,"Wisconsin","Taylor County",5,72,218,114,104
050,55,119,"Wisconsin","Taylor County",5,73,212,110,102
050,55,119,"Wisconsin","Taylor County",5,74,202,101,101
050,55,119,"Wisconsin","Taylor County",5,75,184,90,94
050,55,119,"Wisconsin","Taylor County",5,76,184,93,91
050,55,119,"Wisconsin","Taylor County",5,77,115,56,59
050,55,119,"Wisconsin","Taylor County",5,78,113,59,54
050,55,119,"Wisconsin","Taylor County",5,79,123,65,58
050,55,119,"Wisconsin","Taylor County",5,80,123,59,64
050,55,119,"Wisconsin","Taylor County",5,81,93,46,47
050,55,119,"Wisconsin","Taylor County",5,82,95,44,51
050,55,119,"Wisconsin","Taylor County",5,83,90,42,48
050,55,119,"Wisconsin","Taylor County",5,84,95,50,45
050,55,119,"Wisconsin","Taylor County",5,85,521,209,312
050,55,121,"Wisconsin","Trempealeau County",1,0,447,224,223
050,55,121,"Wisconsin","Trempealeau County",1,1,446,213,233
050,55,121,"Wisconsin","Trempealeau County",1,2,517,249,268
050,55,121,"Wisconsin","Trempealeau County",1,3,521,251,270
050,55,121,"Wisconsin","Trempealeau County",1,4,446,187,259
050,55,121,"Wisconsin","Trempealeau County",1,5,424,217,207
050,55,121,"Wisconsin","Trempealeau County",1,6,448,231,217
050,55,121,"Wisconsin","Trempealeau County",1,7,473,237,236
050,55,121,"Wisconsin","Trempealeau County",1,8,451,232,219
050,55,121,"Wisconsin","Trempealeau County",1,9,428,225,203
050,55,121,"Wisconsin","Trempealeau County",1,10,466,233,233
050,55,121,"Wisconsin","Trempealeau County",1,11,461,231,230
050,55,121,"Wisconsin","Trempealeau County",1,12,474,241,233
050,55,121,"Wisconsin","Trempealeau County",1,13,487,265,222
050,55,121,"Wisconsin","Trempealeau County",1,14,454,232,222
050,55,121,"Wisconsin","Trempealeau County",1,15,445,230,215
050,55,121,"Wisconsin","Trempealeau County",1,16,456,254,202
050,55,121,"Wisconsin","Trempealeau County",1,17,431,222,209
050,55,121,"Wisconsin","Trempealeau County",1,18,370,195,175
050,55,121,"Wisconsin","Trempealeau County",1,19,281,153,128
050,55,121,"Wisconsin","Trempealeau County",1,20,286,152,134
050,55,121,"Wisconsin","Trempealeau County",1,21,286,152,134
050,55,121,"Wisconsin","Trempealeau County",1,22,280,152,128
050,55,121,"Wisconsin","Trempealeau County",1,23,305,153,152
050,55,121,"Wisconsin","Trempealeau County",1,24,290,145,145
050,55,121,"Wisconsin","Trempealeau County",1,25,296,142,154
050,55,121,"Wisconsin","Trempealeau County",1,26,350,158,192
050,55,121,"Wisconsin","Trempealeau County",1,27,337,159,178
050,55,121,"Wisconsin","Trempealeau County",1,28,352,184,168
050,55,121,"Wisconsin","Trempealeau County",1,29,312,169,143
050,55,121,"Wisconsin","Trempealeau County",1,30,278,142,136
050,55,121,"Wisconsin","Trempealeau County",1,31,300,150,150
050,55,121,"Wisconsin","Trempealeau County",1,32,319,166,153
050,55,121,"Wisconsin","Trempealeau County",1,33,316,161,155
050,55,121,"Wisconsin","Trempealeau County",1,34,370,194,176
050,55,121,"Wisconsin","Trempealeau County",1,35,367,193,174
050,55,121,"Wisconsin","Trempealeau County",1,36,371,192,179
050,55,121,"Wisconsin","Trempealeau County",1,37,372,193,179
050,55,121,"Wisconsin","Trempealeau County",1,38,382,202,180
050,55,121,"Wisconsin","Trempealeau County",1,39,359,173,186
050,55,121,"Wisconsin","Trempealeau County",1,40,361,184,177
050,55,121,"Wisconsin","Trempealeau County",1,41,355,177,178
050,55,121,"Wisconsin","Trempealeau County",1,42,357,195,162
050,55,121,"Wisconsin","Trempealeau County",1,43,344,178,166
050,55,121,"Wisconsin","Trempealeau County",1,44,305,164,141
050,55,121,"Wisconsin","Trempealeau County",1,45,326,166,160
050,55,121,"Wisconsin","Trempealeau County",1,46,318,176,142
050,55,121,"Wisconsin","Trempealeau County",1,47,324,176,148
050,55,121,"Wisconsin","Trempealeau County",1,48,385,208,177
050,55,121,"Wisconsin","Trempealeau County",1,49,434,217,217
050,55,121,"Wisconsin","Trempealeau County",1,50,416,216,200
050,55,121,"Wisconsin","Trempealeau County",1,51,382,202,180
050,55,121,"Wisconsin","Trempealeau County",1,52,401,221,180
050,55,121,"Wisconsin","Trempealeau County",1,53,389,204,185
050,55,121,"Wisconsin","Trempealeau County",1,54,407,202,205
050,55,121,"Wisconsin","Trempealeau County",1,55,431,233,198
050,55,121,"Wisconsin","Trempealeau County",1,56,443,231,212
050,55,121,"Wisconsin","Trempealeau County",1,57,436,229,207
050,55,121,"Wisconsin","Trempealeau County",1,58,450,242,208
050,55,121,"Wisconsin","Trempealeau County",1,59,452,246,206
050,55,121,"Wisconsin","Trempealeau County",1,60,420,223,197
050,55,121,"Wisconsin","Trempealeau County",1,61,415,218,197
050,55,121,"Wisconsin","Trempealeau County",1,62,397,209,188
050,55,121,"Wisconsin","Trempealeau County",1,63,402,203,199
050,55,121,"Wisconsin","Trempealeau County",1,64,400,213,187
050,55,121,"Wisconsin","Trempealeau County",1,65,396,207,189
050,55,121,"Wisconsin","Trempealeau County",1,66,389,205,184
050,55,121,"Wisconsin","Trempealeau County",1,67,378,197,181
050,55,121,"Wisconsin","Trempealeau County",1,68,375,190,185
050,55,121,"Wisconsin","Trempealeau County",1,69,351,177,174
050,55,121,"Wisconsin","Trempealeau County",1,70,317,165,152
050,55,121,"Wisconsin","Trempealeau County",1,71,273,147,126
050,55,121,"Wisconsin","Trempealeau County",1,72,275,142,133
050,55,121,"Wisconsin","Trempealeau County",1,73,285,145,140
050,55,121,"Wisconsin","Trempealeau County",1,74,218,109,109
050,55,121,"Wisconsin","Trempealeau County",1,75,218,103,115
050,55,121,"Wisconsin","Trempealeau County",1,76,206,106,100
050,55,121,"Wisconsin","Trempealeau County",1,77,206,100,106
050,55,121,"Wisconsin","Trempealeau County",1,78,176,87,89
050,55,121,"Wisconsin","Trempealeau County",1,79,160,73,87
050,55,121,"Wisconsin","Trempealeau County",1,80,131,64,67
050,55,121,"Wisconsin","Trempealeau County",1,81,158,73,85
050,55,121,"Wisconsin","Trempealeau County",1,82,136,53,83
050,55,121,"Wisconsin","Trempealeau County",1,83,129,55,74
050,55,121,"Wisconsin","Trempealeau County",1,84,108,49,59
050,55,121,"Wisconsin","Trempealeau County",1,85,674,225,449
050,55,121,"Wisconsin","Trempealeau County",2,0,454,230,224
050,55,121,"Wisconsin","Trempealeau County",2,1,445,217,228
050,55,121,"Wisconsin","Trempealeau County",2,2,504,243,261
050,55,121,"Wisconsin","Trempealeau County",2,3,521,248,273
050,55,121,"Wisconsin","Trempealeau County",2,4,464,202,262
050,55,121,"Wisconsin","Trempealeau County",2,5,433,212,221
050,55,121,"Wisconsin","Trempealeau County",2,6,447,230,217
050,55,121,"Wisconsin","Trempealeau County",2,7,468,234,234
050,55,121,"Wisconsin","Trempealeau County",2,8,458,233,225
050,55,121,"Wisconsin","Trempealeau County",2,9,437,228,209
050,55,121,"Wisconsin","Trempealeau County",2,10,457,231,226
050,55,121,"Wisconsin","Trempealeau County",2,11,463,232,231
050,55,121,"Wisconsin","Trempealeau County",2,12,477,243,234
050,55,121,"Wisconsin","Trempealeau County",2,13,483,259,224
050,55,121,"Wisconsin","Trempealeau County",2,14,461,239,222
050,55,121,"Wisconsin","Trempealeau County",2,15,449,232,217
050,55,121,"Wisconsin","Trempealeau County",2,16,457,250,207
050,55,121,"Wisconsin","Trempealeau County",2,17,439,231,208
050,55,121,"Wisconsin","Trempealeau County",2,18,364,193,171
050,55,121,"Wisconsin","Trempealeau County",2,19,284,152,132
050,55,121,"Wisconsin","Trempealeau County",2,20,291,154,137
050,55,121,"Wisconsin","Trempealeau County",2,21,289,155,134
050,55,121,"Wisconsin","Trempealeau County",2,22,284,153,131
050,55,121,"Wisconsin","Trempealeau County",2,23,300,153,147
050,55,121,"Wisconsin","Trempealeau County",2,24,295,147,148
050,55,121,"Wisconsin","Trempealeau County",2,25,297,144,153
050,55,121,"Wisconsin","Trempealeau County",2,26,338,156,182
050,55,121,"Wisconsin","Trempealeau County",2,27,341,159,182
050,55,121,"Wisconsin","Trempealeau County",2,28,350,181,169
050,55,121,"Wisconsin","Trempealeau County",2,29,318,171,147
050,55,121,"Wisconsin","Trempealeau County",2,30,290,151,139
050,55,121,"Wisconsin","Trempealeau County",2,31,296,149,147
050,55,121,"Wisconsin","Trempealeau County",2,32,314,160,154
050,55,121,"Wisconsin","Trempealeau County",2,33,317,163,154
050,55,121,"Wisconsin","Trempealeau County",2,34,360,189,171
050,55,121,"Wisconsin","Trempealeau County",2,35,373,196,177
050,55,121,"Wisconsin","Trempealeau County",2,36,368,191,177
050,55,121,"Wisconsin","Trempealeau County",2,37,377,196,181
050,55,121,"Wisconsin","Trempealeau County",2,38,382,201,181
050,55,121,"Wisconsin","Trempealeau County",2,39,363,180,183
050,55,121,"Wisconsin","Trempealeau County",2,40,363,183,180
050,55,121,"Wisconsin","Trempealeau County",2,41,357,178,179
050,55,121,"Wisconsin","Trempealeau County",2,42,354,188,166
050,55,121,"Wisconsin","Trempealeau County",2,43,347,182,165
050,55,121,"Wisconsin","Trempealeau County",2,44,311,166,145
050,55,121,"Wisconsin","Trempealeau County",2,45,322,167,155
050,55,121,"Wisconsin","Trempealeau County",2,46,316,172,144
050,55,121,"Wisconsin","Trempealeau County",2,47,322,176,146
050,55,121,"Wisconsin","Trempealeau County",2,48,371,199,172
050,55,121,"Wisconsin","Trempealeau County",2,49,426,216,210
050,55,121,"Wisconsin","Trempealeau County",2,50,422,217,205
050,55,121,"Wisconsin","Trempealeau County",2,51,387,204,183
050,55,121,"Wisconsin","Trempealeau County",2,52,396,217,179
050,55,121,"Wisconsin","Trempealeau County",2,53,392,209,183
050,55,121,"Wisconsin","Trempealeau County",2,54,401,203,198
050,55,121,"Wisconsin","Trempealeau County",2,55,422,224,198
050,55,121,"Wisconsin","Trempealeau County",2,56,442,233,209
050,55,121,"Wisconsin","Trempealeau County",2,57,438,230,208
050,55,121,"Wisconsin","Trempealeau County",2,58,445,238,207
050,55,121,"Wisconsin","Trempealeau County",2,59,456,248,208
050,55,121,"Wisconsin","Trempealeau County",2,60,428,230,198
050,55,121,"Wisconsin","Trempealeau County",2,61,411,217,194
050,55,121,"Wisconsin","Trempealeau County",2,62,395,206,189
050,55,121,"Wisconsin","Trempealeau County",2,63,403,206,197
050,55,121,"Wisconsin","Trempealeau County",2,64,398,209,189
050,55,121,"Wisconsin","Trempealeau County",2,65,390,204,186
050,55,121,"Wisconsin","Trempealeau County",2,66,390,204,186
050,55,121,"Wisconsin","Trempealeau County",2,67,380,199,181
050,55,121,"Wisconsin","Trempealeau County",2,68,375,192,183
050,55,121,"Wisconsin","Trempealeau County",2,69,355,178,177
050,55,121,"Wisconsin","Trempealeau County",2,70,322,165,157
050,55,121,"Wisconsin","Trempealeau County",2,71,281,150,131
050,55,121,"Wisconsin","Trempealeau County",2,72,269,140,129
050,55,121,"Wisconsin","Trempealeau County",2,73,296,152,144
050,55,121,"Wisconsin","Trempealeau County",2,74,217,109,108
050,55,121,"Wisconsin","Trempealeau County",2,75,217,104,113
050,55,121,"Wisconsin","Trempealeau County",2,76,202,103,99
050,55,121,"Wisconsin","Trempealeau County",2,77,211,103,108
050,55,121,"Wisconsin","Trempealeau County",2,78,179,86,93
050,55,121,"Wisconsin","Trempealeau County",2,79,161,76,85
050,55,121,"Wisconsin","Trempealeau County",2,80,137,65,72
050,55,121,"Wisconsin","Trempealeau County",2,81,152,72,80
050,55,121,"Wisconsin","Trempealeau County",2,82,135,54,81
050,55,121,"Wisconsin","Trempealeau County",2,83,128,53,75
050,55,121,"Wisconsin","Trempealeau County",2,84,111,49,62
050,55,121,"Wisconsin","Trempealeau County",2,85,677,230,447
050,55,121,"Wisconsin","Trempealeau County",3,0,401,209,192
050,55,121,"Wisconsin","Trempealeau County",3,1,462,227,235
050,55,121,"Wisconsin","Trempealeau County",3,2,449,223,226
050,55,121,"Wisconsin","Trempealeau County",3,3,501,239,262
050,55,121,"Wisconsin","Trempealeau County",3,4,520,251,269
050,55,121,"Wisconsin","Trempealeau County",3,5,466,205,261
050,55,121,"Wisconsin","Trempealeau County",3,6,423,204,219
050,55,121,"Wisconsin","Trempealeau County",3,7,442,222,220
050,55,121,"Wisconsin","Trempealeau County",3,8,465,234,231
050,55,121,"Wisconsin","Trempealeau County",3,9,438,225,213
050,55,121,"Wisconsin","Trempealeau County",3,10,427,225,202
050,55,121,"Wisconsin","Trempealeau County",3,11,446,223,223
050,55,121,"Wisconsin","Trempealeau County",3,12,450,224,226
050,55,121,"Wisconsin","Trempealeau County",3,13,473,247,226
050,55,121,"Wisconsin","Trempealeau County",3,14,490,259,231
050,55,121,"Wisconsin","Trempealeau County",3,15,440,228,212
050,55,121,"Wisconsin","Trempealeau County",3,16,445,231,214
050,55,121,"Wisconsin","Trempealeau County",3,17,451,239,212
050,55,121,"Wisconsin","Trempealeau County",3,18,359,196,163
050,55,121,"Wisconsin","Trempealeau County",3,19,280,149,131
050,55,121,"Wisconsin","Trempealeau County",3,20,290,149,141
050,55,121,"Wisconsin","Trempealeau County",3,21,307,164,143
050,55,121,"Wisconsin","Trempealeau County",3,22,295,151,144
050,55,121,"Wisconsin","Trempealeau County",3,23,283,149,134
050,55,121,"Wisconsin","Trempealeau County",3,24,293,151,142
050,55,121,"Wisconsin","Trempealeau County",3,25,311,149,162
050,55,121,"Wisconsin","Trempealeau County",3,26,294,147,147
050,55,121,"Wisconsin","Trempealeau County",3,27,340,156,184
050,55,121,"Wisconsin","Trempealeau County",3,28,353,167,186
050,55,121,"Wisconsin","Trempealeau County",3,29,357,185,172
050,55,121,"Wisconsin","Trempealeau County",3,30,312,168,144
050,55,121,"Wisconsin","Trempealeau County",3,31,306,161,145
050,55,121,"Wisconsin","Trempealeau County",3,32,282,143,139
050,55,121,"Wisconsin","Trempealeau County",3,33,327,165,162
050,55,121,"Wisconsin","Trempealeau County",3,34,310,163,147
050,55,121,"Wisconsin","Trempealeau County",3,35,364,190,174
050,55,121,"Wisconsin","Trempealeau County",3,36,361,191,170
050,55,121,"Wisconsin","Trempealeau County",3,37,376,202,174
050,55,121,"Wisconsin","Trempealeau County",3,38,377,192,185
050,55,121,"Wisconsin","Trempealeau County",3,39,383,206,177
050,55,121,"Wisconsin","Trempealeau County",3,40,358,174,184
050,55,121,"Wisconsin","Trempealeau County",3,41,357,178,179
050,55,121,"Wisconsin","Trempealeau County",3,42,356,183,173
050,55,121,"Wisconsin","Trempealeau County",3,43,347,188,159
050,55,121,"Wisconsin","Trempealeau County",3,44,353,184,169
050,55,121,"Wisconsin","Trempealeau County",3,45,304,159,145
050,55,121,"Wisconsin","Trempealeau County",3,46,332,175,157
050,55,121,"Wisconsin","Trempealeau County",3,47,316,167,149
050,55,121,"Wisconsin","Trempealeau County",3,48,319,176,143
050,55,121,"Wisconsin","Trempealeau County",3,49,368,194,174
050,55,121,"Wisconsin","Trempealeau County",3,50,418,215,203
050,55,121,"Wisconsin","Trempealeau County",3,51,424,223,201
050,55,121,"Wisconsin","Trempealeau County",3,52,398,205,193
050,55,121,"Wisconsin","Trempealeau County",3,53,391,216,175
050,55,121,"Wisconsin","Trempealeau County",3,54,392,207,185
050,55,121,"Wisconsin","Trempealeau County",3,55,397,205,192
050,55,121,"Wisconsin","Trempealeau County",3,56,439,229,210
050,55,121,"Wisconsin","Trempealeau County",3,57,451,248,203
050,55,121,"Wisconsin","Trempealeau County",3,58,441,231,210
050,55,121,"Wisconsin","Trempealeau County",3,59,452,236,216
050,55,121,"Wisconsin","Trempealeau County",3,60,459,253,206
050,55,121,"Wisconsin","Trempealeau County",3,61,430,228,202
050,55,121,"Wisconsin","Trempealeau County",3,62,405,212,193
050,55,121,"Wisconsin","Trempealeau County",3,63,393,208,185
050,55,121,"Wisconsin","Trempealeau County",3,64,403,205,198
050,55,121,"Wisconsin","Trempealeau County",3,65,391,205,186
050,55,121,"Wisconsin","Trempealeau County",3,66,378,197,181
050,55,121,"Wisconsin","Trempealeau County",3,67,390,201,189
050,55,121,"Wisconsin","Trempealeau County",3,68,373,197,176
050,55,121,"Wisconsin","Trempealeau County",3,69,365,185,180
050,55,121,"Wisconsin","Trempealeau County",3,70,336,163,173
050,55,121,"Wisconsin","Trempealeau County",3,71,316,164,152
050,55,121,"Wisconsin","Trempealeau County",3,72,276,149,127
050,55,121,"Wisconsin","Trempealeau County",3,73,262,136,126
050,55,121,"Wisconsin","Trempealeau County",3,74,293,151,142
050,55,121,"Wisconsin","Trempealeau County",3,75,205,102,103
050,55,121,"Wisconsin","Trempealeau County",3,76,205,96,109
050,55,121,"Wisconsin","Trempealeau County",3,77,190,98,92
050,55,121,"Wisconsin","Trempealeau County",3,78,203,96,107
050,55,121,"Wisconsin","Trempealeau County",3,79,163,79,84
050,55,121,"Wisconsin","Trempealeau County",3,80,149,69,80
050,55,121,"Wisconsin","Trempealeau County",3,81,142,68,74
050,55,121,"Wisconsin","Trempealeau County",3,82,121,58,63
050,55,121,"Wisconsin","Trempealeau County",3,83,130,49,81
050,55,121,"Wisconsin","Trempealeau County",3,84,112,46,66
050,55,121,"Wisconsin","Trempealeau County",3,85,671,232,439
050,55,121,"Wisconsin","Trempealeau County",4,0,383,212,171
050,55,121,"Wisconsin","Trempealeau County",4,1,434,222,212
050,55,121,"Wisconsin","Trempealeau County",4,2,455,223,232
050,55,121,"Wisconsin","Trempealeau County",4,3,453,231,222
050,55,121,"Wisconsin","Trempealeau County",4,4,508,249,259
050,55,121,"Wisconsin","Trempealeau County",4,5,530,264,266
050,55,121,"Wisconsin","Trempealeau County",4,6,485,214,271
050,55,121,"Wisconsin","Trempealeau County",4,7,416,209,207
050,55,121,"Wisconsin","Trempealeau County",4,8,436,227,209
050,55,121,"Wisconsin","Trempealeau County",4,9,470,231,239
050,55,121,"Wisconsin","Trempealeau County",4,10,435,224,211
050,55,121,"Wisconsin","Trempealeau County",4,11,444,235,209
050,55,121,"Wisconsin","Trempealeau County",4,12,444,222,222
050,55,121,"Wisconsin","Trempealeau County",4,13,468,236,232
050,55,121,"Wisconsin","Trempealeau County",4,14,476,244,232
050,55,121,"Wisconsin","Trempealeau County",4,15,495,261,234
050,55,121,"Wisconsin","Trempealeau County",4,16,443,232,211
050,55,121,"Wisconsin","Trempealeau County",4,17,441,233,208
050,55,121,"Wisconsin","Trempealeau County",4,18,372,208,164
050,55,121,"Wisconsin","Trempealeau County",4,19,273,149,124
050,55,121,"Wisconsin","Trempealeau County",4,20,282,154,128
050,55,121,"Wisconsin","Trempealeau County",4,21,303,159,144
050,55,121,"Wisconsin","Trempealeau County",4,22,321,171,150
050,55,121,"Wisconsin","Trempealeau County",4,23,296,164,132
050,55,121,"Wisconsin","Trempealeau County",4,24,292,158,134
050,55,121,"Wisconsin","Trempealeau County",4,25,301,153,148
050,55,121,"Wisconsin","Trempealeau County",4,26,331,165,166
050,55,121,"Wisconsin","Trempealeau County",4,27,289,140,149
050,55,121,"Wisconsin","Trempealeau County",4,28,344,154,190
050,55,121,"Wisconsin","Trempealeau County",4,29,335,159,176
050,55,121,"Wisconsin","Trempealeau County",4,30,378,200,178
050,55,121,"Wisconsin","Trempealeau County",4,31,332,184,148
050,55,121,"Wisconsin","Trempealeau County",4,32,319,164,155
050,55,121,"Wisconsin","Trempealeau County",4,33,295,148,147
050,55,121,"Wisconsin","Trempealeau County",4,34,345,169,176
050,55,121,"Wisconsin","Trempealeau County",4,35,316,170,146
050,55,121,"Wisconsin","Trempealeau County",4,36,357,186,171
050,55,121,"Wisconsin","Trempealeau County",4,37,365,197,168
050,55,121,"Wisconsin","Trempealeau County",4,38,375,203,172
050,55,121,"Wisconsin","Trempealeau County",4,39,390,205,185
050,55,121,"Wisconsin","Trempealeau County",4,40,380,200,180
050,55,121,"Wisconsin","Trempealeau County",4,41,356,172,184
050,55,121,"Wisconsin","Trempealeau County",4,42,364,182,182
050,55,121,"Wisconsin","Trempealeau County",4,43,361,187,174
050,55,121,"Wisconsin","Trempealeau County",4,44,340,184,156
050,55,121,"Wisconsin","Trempealeau County",4,45,343,181,162
050,55,121,"Wisconsin","Trempealeau County",4,46,317,164,153
050,55,121,"Wisconsin","Trempealeau County",4,47,323,170,153
050,55,121,"Wisconsin","Trempealeau County",4,48,313,164,149
050,55,121,"Wisconsin","Trempealeau County",4,49,320,183,137
050,55,121,"Wisconsin","Trempealeau County",4,50,356,194,162
050,55,121,"Wisconsin","Trempealeau County",4,51,415,214,201
050,55,121,"Wisconsin","Trempealeau County",4,52,430,221,209
050,55,121,"Wisconsin","Trempealeau County",4,53,389,197,192
050,55,121,"Wisconsin","Trempealeau County",4,54,393,215,178
050,55,121,"Wisconsin","Trempealeau County",4,55,387,206,181
050,55,121,"Wisconsin","Trempealeau County",4,56,406,207,199
050,55,121,"Wisconsin","Trempealeau County",4,57,425,222,203
050,55,121,"Wisconsin","Trempealeau County",4,58,441,241,200
050,55,121,"Wisconsin","Trempealeau County",4,59,440,228,212
050,55,121,"Wisconsin","Trempealeau County",4,60,454,237,217
050,55,121,"Wisconsin","Trempealeau County",4,61,461,254,207
050,55,121,"Wisconsin","Trempealeau County",4,62,442,236,206
050,55,121,"Wisconsin","Trempealeau County",4,63,394,207,187
050,55,121,"Wisconsin","Trempealeau County",4,64,385,200,185
050,55,121,"Wisconsin","Trempealeau County",4,65,397,207,190
050,55,121,"Wisconsin","Trempealeau County",4,66,391,200,191
050,55,121,"Wisconsin","Trempealeau County",4,67,379,196,183
050,55,121,"Wisconsin","Trempealeau County",4,68,384,199,185
050,55,121,"Wisconsin","Trempealeau County",4,69,370,196,174
050,55,121,"Wisconsin","Trempealeau County",4,70,349,174,175
050,55,121,"Wisconsin","Trempealeau County",4,71,332,163,169
050,55,121,"Wisconsin","Trempealeau County",4,72,301,156,145
050,55,121,"Wisconsin","Trempealeau County",4,73,263,142,121
050,55,121,"Wisconsin","Trempealeau County",4,74,255,133,122
050,55,121,"Wisconsin","Trempealeau County",4,75,281,144,137
050,55,121,"Wisconsin","Trempealeau County",4,76,195,97,98
050,55,121,"Wisconsin","Trempealeau County",4,77,204,95,109
050,55,121,"Wisconsin","Trempealeau County",4,78,182,94,88
050,55,121,"Wisconsin","Trempealeau County",4,79,184,85,99
050,55,121,"Wisconsin","Trempealeau County",4,80,154,72,82
050,55,121,"Wisconsin","Trempealeau County",4,81,158,76,82
050,55,121,"Wisconsin","Trempealeau County",4,82,121,59,62
050,55,121,"Wisconsin","Trempealeau County",4,83,114,53,61
050,55,121,"Wisconsin","Trempealeau County",4,84,121,47,74
050,55,121,"Wisconsin","Trempealeau County",4,85,694,236,458
050,55,121,"Wisconsin","Trempealeau County",5,0,383,212,171
050,55,121,"Wisconsin","Trempealeau County",5,1,388,220,168
050,55,121,"Wisconsin","Trempealeau County",5,2,451,235,216
050,55,121,"Wisconsin","Trempealeau County",5,3,461,219,242
050,55,121,"Wisconsin","Trempealeau County",5,4,458,226,232
050,55,121,"Wisconsin","Trempealeau County",5,5,517,247,270
050,55,121,"Wisconsin","Trempealeau County",5,6,536,261,275
050,55,121,"Wisconsin","Trempealeau County",5,7,485,214,271
050,55,121,"Wisconsin","Trempealeau County",5,8,433,207,226
050,55,121,"Wisconsin","Trempealeau County",5,9,437,225,212
050,55,121,"Wisconsin","Trempealeau County",5,10,467,227,240
050,55,121,"Wisconsin","Trempealeau County",5,11,442,229,213
050,55,121,"Wisconsin","Trempealeau County",5,12,423,231,192
050,55,121,"Wisconsin","Trempealeau County",5,13,438,214,224
050,55,121,"Wisconsin","Trempealeau County",5,14,464,232,232
050,55,121,"Wisconsin","Trempealeau County",5,15,479,252,227
050,55,121,"Wisconsin","Trempealeau County",5,16,492,250,242
050,55,121,"Wisconsin","Trempealeau County",5,17,432,228,204
050,55,121,"Wisconsin","Trempealeau County",5,18,378,210,168
050,55,121,"Wisconsin","Trempealeau County",5,19,289,165,124
050,55,121,"Wisconsin","Trempealeau County",5,20,297,159,138
050,55,121,"Wisconsin","Trempealeau County",5,21,299,160,139
050,55,121,"Wisconsin","Trempealeau County",5,22,307,154,153
050,55,121,"Wisconsin","Trempealeau County",5,23,316,177,139
050,55,121,"Wisconsin","Trempealeau County",5,24,293,158,135
050,55,121,"Wisconsin","Trempealeau County",5,25,290,150,140
050,55,121,"Wisconsin","Trempealeau County",5,26,316,158,158
050,55,121,"Wisconsin","Trempealeau County",5,27,337,164,173
050,55,121,"Wisconsin","Trempealeau County",5,28,295,147,148
050,55,121,"Wisconsin","Trempealeau County",5,29,345,158,187
050,55,121,"Wisconsin","Trempealeau County",5,30,334,159,175
050,55,121,"Wisconsin","Trempealeau County",5,31,396,214,182
050,55,121,"Wisconsin","Trempealeau County",5,32,331,181,150
050,55,121,"Wisconsin","Trempealeau County",5,33,306,159,147
050,55,121,"Wisconsin","Trempealeau County",5,34,306,157,149
050,55,121,"Wisconsin","Trempealeau County",5,35,343,167,176
050,55,121,"Wisconsin","Trempealeau County",5,36,334,181,153
050,55,121,"Wisconsin","Trempealeau County",5,37,365,196,169
050,55,121,"Wisconsin","Trempealeau County",5,38,364,199,165
050,55,121,"Wisconsin","Trempealeau County",5,39,373,198,175
050,55,121,"Wisconsin","Trempealeau County",5,40,388,203,185
050,55,121,"Wisconsin","Trempealeau County",5,41,391,203,188
050,55,121,"Wisconsin","Trempealeau County",5,42,353,170,183
050,55,121,"Wisconsin","Trempealeau County",5,43,351,181,170
050,55,121,"Wisconsin","Trempealeau County",5,44,345,181,164
050,55,121,"Wisconsin","Trempealeau County",5,45,338,181,157
050,55,121,"Wisconsin","Trempealeau County",5,46,350,183,167
050,55,121,"Wisconsin","Trempealeau County",5,47,300,151,149
050,55,121,"Wisconsin","Trempealeau County",5,48,321,163,158
050,55,121,"Wisconsin","Trempealeau County",5,49,307,163,144
050,55,121,"Wisconsin","Trempealeau County",5,50,317,184,133
050,55,121,"Wisconsin","Trempealeau County",5,51,354,192,162
050,55,121,"Wisconsin","Trempealeau County",5,52,422,223,199
050,55,121,"Wisconsin","Trempealeau County",5,53,428,217,211
050,55,121,"Wisconsin","Trempealeau County",5,54,391,195,196
050,55,121,"Wisconsin","Trempealeau County",5,55,372,203,169
050,55,121,"Wisconsin","Trempealeau County",5,56,397,211,186
050,55,121,"Wisconsin","Trempealeau County",5,57,392,200,192
050,55,121,"Wisconsin","Trempealeau County",5,58,415,215,200
050,55,121,"Wisconsin","Trempealeau County",5,59,433,235,198
050,55,121,"Wisconsin","Trempealeau County",5,60,440,233,207
050,55,121,"Wisconsin","Trempealeau County",5,61,445,233,212
050,55,121,"Wisconsin","Trempealeau County",5,62,450,252,198
050,55,121,"Wisconsin","Trempealeau County",5,63,437,228,209
050,55,121,"Wisconsin","Trempealeau County",5,64,384,199,185
050,55,121,"Wisconsin","Trempealeau County",5,65,381,201,180
050,55,121,"Wisconsin","Trempealeau County",5,66,391,199,192
050,55,121,"Wisconsin","Trempealeau County",5,67,391,198,193
050,55,121,"Wisconsin","Trempealeau County",5,68,376,196,180
050,55,121,"Wisconsin","Trempealeau County",5,69,385,199,186
050,55,121,"Wisconsin","Trempealeau County",5,70,359,187,172
050,55,121,"Wisconsin","Trempealeau County",5,71,346,172,174
050,55,121,"Wisconsin","Trempealeau County",5,72,322,156,166
050,55,121,"Wisconsin","Trempealeau County",5,73,291,152,139
050,55,121,"Wisconsin","Trempealeau County",5,74,263,142,121
050,55,121,"Wisconsin","Trempealeau County",5,75,249,130,119
050,55,121,"Wisconsin","Trempealeau County",5,76,268,140,128
050,55,121,"Wisconsin","Trempealeau County",5,77,193,94,99
050,55,121,"Wisconsin","Trempealeau County",5,78,197,88,109
050,55,121,"Wisconsin","Trempealeau County",5,79,166,85,81
050,55,121,"Wisconsin","Trempealeau County",5,80,170,77,93
050,55,121,"Wisconsin","Trempealeau County",5,81,163,78,85
050,55,121,"Wisconsin","Trempealeau County",5,82,133,65,68
050,55,121,"Wisconsin","Trempealeau County",5,83,115,55,60
050,55,121,"Wisconsin","Trempealeau County",5,84,107,52,55
050,55,121,"Wisconsin","Trempealeau County",5,85,712,237,475
050,55,123,"Wisconsin","Vernon County",1,0,411,210,201
050,55,123,"Wisconsin","Vernon County",1,1,410,206,204
050,55,123,"Wisconsin","Vernon County",1,2,415,221,194
050,55,123,"Wisconsin","Vernon County",1,3,402,209,193
050,55,123,"Wisconsin","Vernon County",1,4,406,211,195
050,55,123,"Wisconsin","Vernon County",1,5,435,227,208
050,55,123,"Wisconsin","Vernon County",1,6,439,222,217
050,55,123,"Wisconsin","Vernon County",1,7,454,227,227
050,55,123,"Wisconsin","Vernon County",1,8,420,215,205
050,55,123,"Wisconsin","Vernon County",1,9,447,219,228
050,55,123,"Wisconsin","Vernon County",1,10,492,240,252
050,55,123,"Wisconsin","Vernon County",1,11,479,234,245
050,55,123,"Wisconsin","Vernon County",1,12,450,224,226
050,55,123,"Wisconsin","Vernon County",1,13,462,235,227
050,55,123,"Wisconsin","Vernon County",1,14,462,239,223
050,55,123,"Wisconsin","Vernon County",1,15,504,266,238
050,55,123,"Wisconsin","Vernon County",1,16,494,271,223
050,55,123,"Wisconsin","Vernon County",1,17,470,259,211
050,55,123,"Wisconsin","Vernon County",1,18,388,209,179
050,55,123,"Wisconsin","Vernon County",1,19,284,144,140
050,55,123,"Wisconsin","Vernon County",1,20,291,151,140
050,55,123,"Wisconsin","Vernon County",1,21,273,148,125
050,55,123,"Wisconsin","Vernon County",1,22,274,130,144
050,55,123,"Wisconsin","Vernon County",1,23,283,152,131
050,55,123,"Wisconsin","Vernon County",1,24,274,153,121
050,55,123,"Wisconsin","Vernon County",1,25,271,144,127
050,55,123,"Wisconsin","Vernon County",1,26,277,140,137
050,55,123,"Wisconsin","Vernon County",1,27,286,139,147
050,55,123,"Wisconsin","Vernon County",1,28,279,142,137
050,55,123,"Wisconsin","Vernon County",1,29,286,144,142
050,55,123,"Wisconsin","Vernon County",1,30,268,139,129
050,55,123,"Wisconsin","Vernon County",1,31,265,140,125
050,55,123,"Wisconsin","Vernon County",1,32,273,134,139
050,55,123,"Wisconsin","Vernon County",1,33,300,149,151
050,55,123,"Wisconsin","Vernon County",1,34,315,155,160
050,55,123,"Wisconsin","Vernon County",1,35,338,161,177
050,55,123,"Wisconsin","Vernon County",1,36,354,181,173
050,55,123,"Wisconsin","Vernon County",1,37,349,173,176
050,55,123,"Wisconsin","Vernon County",1,38,353,163,190
050,55,123,"Wisconsin","Vernon County",1,39,361,180,181
050,55,123,"Wisconsin","Vernon County",1,40,337,178,159
050,55,123,"Wisconsin","Vernon County",1,41,335,179,156
050,55,123,"Wisconsin","Vernon County",1,42,321,166,155
050,55,123,"Wisconsin","Vernon County",1,43,337,174,163
050,55,123,"Wisconsin","Vernon County",1,44,312,170,142
050,55,123,"Wisconsin","Vernon County",1,45,320,165,155
050,55,123,"Wisconsin","Vernon County",1,46,319,155,164
050,55,123,"Wisconsin","Vernon County",1,47,331,179,152
050,55,123,"Wisconsin","Vernon County",1,48,332,169,163
050,55,123,"Wisconsin","Vernon County",1,49,357,169,188
050,55,123,"Wisconsin","Vernon County",1,50,348,167,181
050,55,123,"Wisconsin","Vernon County",1,51,364,168,196
050,55,123,"Wisconsin","Vernon County",1,52,370,182,188
050,55,123,"Wisconsin","Vernon County",1,53,367,187,180
050,55,123,"Wisconsin","Vernon County",1,54,391,200,191
050,55,123,"Wisconsin","Vernon County",1,55,420,209,211
050,55,123,"Wisconsin","Vernon County",1,56,448,224,224
050,55,123,"Wisconsin","Vernon County",1,57,459,232,227
050,55,123,"Wisconsin","Vernon County",1,58,491,251,240
050,55,123,"Wisconsin","Vernon County",1,59,485,251,234
050,55,123,"Wisconsin","Vernon County",1,60,495,259,236
050,55,123,"Wisconsin","Vernon County",1,61,481,252,229
050,55,123,"Wisconsin","Vernon County",1,62,504,267,237
050,55,123,"Wisconsin","Vernon County",1,63,498,260,238
050,55,123,"Wisconsin","Vernon County",1,64,461,232,229
050,55,123,"Wisconsin","Vernon County",1,65,471,241,230
050,55,123,"Wisconsin","Vernon County",1,66,422,223,199
050,55,123,"Wisconsin","Vernon County",1,67,446,222,224
050,55,123,"Wisconsin","Vernon County",1,68,415,222,193
050,55,123,"Wisconsin","Vernon County",1,69,374,195,179
050,55,123,"Wisconsin","Vernon County",1,70,336,179,157
050,55,123,"Wisconsin","Vernon County",1,71,333,176,157
050,55,123,"Wisconsin","Vernon County",1,72,337,169,168
050,55,123,"Wisconsin","Vernon County",1,73,323,168,155
050,55,123,"Wisconsin","Vernon County",1,74,212,100,112
050,55,123,"Wisconsin","Vernon County",1,75,221,112,109
050,55,123,"Wisconsin","Vernon County",1,76,230,124,106
050,55,123,"Wisconsin","Vernon County",1,77,209,108,101
050,55,123,"Wisconsin","Vernon County",1,78,202,94,108
050,55,123,"Wisconsin","Vernon County",1,79,169,70,99
050,55,123,"Wisconsin","Vernon County",1,80,158,69,89
050,55,123,"Wisconsin","Vernon County",1,81,157,76,81
050,55,123,"Wisconsin","Vernon County",1,82,143,70,73
050,55,123,"Wisconsin","Vernon County",1,83,120,64,56
050,55,123,"Wisconsin","Vernon County",1,84,116,51,65
050,55,123,"Wisconsin","Vernon County",1,85,740,281,459
050,55,123,"Wisconsin","Vernon County",2,0,401,207,194
050,55,123,"Wisconsin","Vernon County",2,1,407,204,203
050,55,123,"Wisconsin","Vernon County",2,2,413,215,198
050,55,123,"Wisconsin","Vernon County",2,3,404,210,194
050,55,123,"Wisconsin","Vernon County",2,4,409,212,197
050,55,123,"Wisconsin","Vernon County",2,5,431,224,207
050,55,123,"Wisconsin","Vernon County",2,6,443,224,219
050,55,123,"Wisconsin","Vernon County",2,7,450,224,226
050,55,123,"Wisconsin","Vernon County",2,8,429,217,212
050,55,123,"Wisconsin","Vernon County",2,9,439,218,221
050,55,123,"Wisconsin","Vernon County",2,10,479,233,246
050,55,123,"Wisconsin","Vernon County",2,11,478,233,245
050,55,123,"Wisconsin","Vernon County",2,12,461,228,233
050,55,123,"Wisconsin","Vernon County",2,13,458,232,226
050,55,123,"Wisconsin","Vernon County",2,14,463,238,225
050,55,123,"Wisconsin","Vernon County",2,15,495,261,234
050,55,123,"Wisconsin","Vernon County",2,16,494,268,226
050,55,123,"Wisconsin","Vernon County",2,17,474,259,215
050,55,123,"Wisconsin","Vernon County",2,18,384,210,174
050,55,123,"Wisconsin","Vernon County",2,19,289,148,141
050,55,123,"Wisconsin","Vernon County",2,20,294,152,142
050,55,123,"Wisconsin","Vernon County",2,21,277,148,129
050,55,123,"Wisconsin","Vernon County",2,22,274,135,139
050,55,123,"Wisconsin","Vernon County",2,23,280,147,133
050,55,123,"Wisconsin","Vernon County",2,24,274,151,123
050,55,123,"Wisconsin","Vernon County",2,25,270,147,123
050,55,123,"Wisconsin","Vernon County",2,26,272,139,133
050,55,123,"Wisconsin","Vernon County",2,27,282,139,143
050,55,123,"Wisconsin","Vernon County",2,28,284,142,142
050,55,123,"Wisconsin","Vernon County",2,29,288,145,143
050,55,123,"Wisconsin","Vernon County",2,30,271,139,132
050,55,123,"Wisconsin","Vernon County",2,31,269,142,127
050,55,123,"Wisconsin","Vernon County",2,32,271,134,137
050,55,123,"Wisconsin","Vernon County",2,33,295,146,149
050,55,123,"Wisconsin","Vernon County",2,34,314,155,159
050,55,123,"Wisconsin","Vernon County",2,35,331,160,171
050,55,123,"Wisconsin","Vernon County",2,36,348,174,174
050,55,123,"Wisconsin","Vernon County",2,37,352,174,178
050,55,123,"Wisconsin","Vernon County",2,38,356,168,188
050,55,123,"Wisconsin","Vernon County",2,39,362,177,185
050,55,123,"Wisconsin","Vernon County",2,40,346,181,165
050,55,123,"Wisconsin","Vernon County",2,41,336,179,157
050,55,123,"Wisconsin","Vernon County",2,42,324,169,155
050,55,123,"Wisconsin","Vernon County",2,43,332,172,160
050,55,123,"Wisconsin","Vernon County",2,44,314,169,145
050,55,123,"Wisconsin","Vernon County",2,45,320,167,153
050,55,123,"Wisconsin","Vernon County",2,46,317,157,160
050,55,123,"Wisconsin","Vernon County",2,47,329,173,156
050,55,123,"Wisconsin","Vernon County",2,48,333,171,162
050,55,123,"Wisconsin","Vernon County",2,49,356,173,183
050,55,123,"Wisconsin","Vernon County",2,50,348,165,183
050,55,123,"Wisconsin","Vernon County",2,51,355,167,188
050,55,123,"Wisconsin","Vernon County",2,52,366,178,188
050,55,123,"Wisconsin","Vernon County",2,53,370,188,182
050,55,123,"Wisconsin","Vernon County",2,54,386,198,188
050,55,123,"Wisconsin","Vernon County",2,55,414,206,208
050,55,123,"Wisconsin","Vernon County",2,56,444,222,222
050,55,123,"Wisconsin","Vernon County",2,57,454,229,225
050,55,123,"Wisconsin","Vernon County",2,58,485,246,239
050,55,123,"Wisconsin","Vernon County",2,59,488,251,237
050,55,123,"Wisconsin","Vernon County",2,60,491,256,235
050,55,123,"Wisconsin","Vernon County",2,61,482,252,230
050,55,123,"Wisconsin","Vernon County",2,62,497,262,235
050,55,123,"Wisconsin","Vernon County",2,63,501,262,239
050,55,123,"Wisconsin","Vernon County",2,64,466,236,230
050,55,123,"Wisconsin","Vernon County",2,65,470,239,231
050,55,123,"Wisconsin","Vernon County",2,66,434,229,205
050,55,123,"Wisconsin","Vernon County",2,67,438,222,216
050,55,123,"Wisconsin","Vernon County",2,68,418,220,198
050,55,123,"Wisconsin","Vernon County",2,69,387,203,184
050,55,123,"Wisconsin","Vernon County",2,70,343,182,161
050,55,123,"Wisconsin","Vernon County",2,71,333,176,157
050,55,123,"Wisconsin","Vernon County",2,72,328,167,161
050,55,123,"Wisconsin","Vernon County",2,73,339,175,164
050,55,123,"Wisconsin","Vernon County",2,74,221,105,116
050,55,123,"Wisconsin","Vernon County",2,75,218,109,109
050,55,123,"Wisconsin","Vernon County",2,76,222,117,105
050,55,123,"Wisconsin","Vernon County",2,77,217,114,103
050,55,123,"Wisconsin","Vernon County",2,78,199,94,105
050,55,123,"Wisconsin","Vernon County",2,79,173,75,98
050,55,123,"Wisconsin","Vernon County",2,80,158,67,91
050,55,123,"Wisconsin","Vernon County",2,81,155,73,82
050,55,123,"Wisconsin","Vernon County",2,82,145,72,73
050,55,123,"Wisconsin","Vernon County",2,83,121,63,58
050,55,123,"Wisconsin","Vernon County",2,84,117,52,65
050,55,123,"Wisconsin","Vernon County",2,85,741,285,456
050,55,123,"Wisconsin","Vernon County",3,0,430,228,202
050,55,123,"Wisconsin","Vernon County",3,1,404,200,204
050,55,123,"Wisconsin","Vernon County",3,2,408,205,203
050,55,123,"Wisconsin","Vernon County",3,3,421,223,198
050,55,123,"Wisconsin","Vernon County",3,4,413,216,197
050,55,123,"Wisconsin","Vernon County",3,5,421,217,204
050,55,123,"Wisconsin","Vernon County",3,6,441,233,208
050,55,123,"Wisconsin","Vernon County",3,7,462,233,229
050,55,123,"Wisconsin","Vernon County",3,8,456,228,228
050,55,123,"Wisconsin","Vernon County",3,9,435,225,210
050,55,123,"Wisconsin","Vernon County",3,10,435,215,220
050,55,123,"Wisconsin","Vernon County",3,11,483,236,247
050,55,123,"Wisconsin","Vernon County",3,12,500,245,255
050,55,123,"Wisconsin","Vernon County",3,13,470,244,226
050,55,123,"Wisconsin","Vernon County",3,14,475,242,233
050,55,123,"Wisconsin","Vernon County",3,15,463,238,225
050,55,123,"Wisconsin","Vernon County",3,16,504,264,240
050,55,123,"Wisconsin","Vernon County",3,17,498,271,227
050,55,123,"Wisconsin","Vernon County",3,18,408,234,174
050,55,123,"Wisconsin","Vernon County",3,19,287,153,134
050,55,123,"Wisconsin","Vernon County",3,20,295,146,149
050,55,123,"Wisconsin","Vernon County",3,21,285,149,136
050,55,123,"Wisconsin","Vernon County",3,22,289,143,146
050,55,123,"Wisconsin","Vernon County",3,23,266,138,128
050,55,123,"Wisconsin","Vernon County",3,24,270,137,133
050,55,123,"Wisconsin","Vernon County",3,25,264,143,121
050,55,123,"Wisconsin","Vernon County",3,26,268,138,130
050,55,123,"Wisconsin","Vernon County",3,27,292,153,139
050,55,123,"Wisconsin","Vernon County",3,28,281,139,142
050,55,123,"Wisconsin","Vernon County",3,29,291,146,145
050,55,123,"Wisconsin","Vernon County",3,30,288,140,148
050,55,123,"Wisconsin","Vernon County",3,31,290,156,134
050,55,123,"Wisconsin","Vernon County",3,32,278,138,140
050,55,123,"Wisconsin","Vernon County",3,33,280,141,139
050,55,123,"Wisconsin","Vernon County",3,34,312,154,158
050,55,123,"Wisconsin","Vernon County",3,35,308,155,153
050,55,123,"Wisconsin","Vernon County",3,36,339,166,173
050,55,123,"Wisconsin","Vernon County",3,37,355,172,183
050,55,123,"Wisconsin","Vernon County",3,38,356,178,178
050,55,123,"Wisconsin","Vernon County",3,39,370,172,198
050,55,123,"Wisconsin","Vernon County",3,40,375,189,186
050,55,123,"Wisconsin","Vernon County",3,41,354,191,163
050,55,123,"Wisconsin","Vernon County",3,42,341,177,164
050,55,123,"Wisconsin","Vernon County",3,43,328,170,158
050,55,123,"Wisconsin","Vernon County",3,44,323,165,158
050,55,123,"Wisconsin","Vernon County",3,45,320,170,150
050,55,123,"Wisconsin","Vernon County",3,46,321,165,156
050,55,123,"Wisconsin","Vernon County",3,47,317,161,156
050,55,123,"Wisconsin","Vernon County",3,48,320,168,152
050,55,123,"Wisconsin","Vernon County",3,49,340,177,163
050,55,123,"Wisconsin","Vernon County",3,50,352,177,175
050,55,123,"Wisconsin","Vernon County",3,51,349,162,187
050,55,123,"Wisconsin","Vernon County",3,52,354,163,191
050,55,123,"Wisconsin","Vernon County",3,53,361,178,183
050,55,123,"Wisconsin","Vernon County",3,54,380,189,191
050,55,123,"Wisconsin","Vernon County",3,55,393,203,190
050,55,123,"Wisconsin","Vernon County",3,56,414,209,205
050,55,123,"Wisconsin","Vernon County",3,57,438,219,219
050,55,123,"Wisconsin","Vernon County",3,58,442,227,215
050,55,123,"Wisconsin","Vernon County",3,59,486,249,237
050,55,123,"Wisconsin","Vernon County",3,60,491,250,241
050,55,123,"Wisconsin","Vernon County",3,61,487,250,237
050,55,123,"Wisconsin","Vernon County",3,62,482,249,233
050,55,123,"Wisconsin","Vernon County",3,63,493,257,236
050,55,123,"Wisconsin","Vernon County",3,64,513,266,247
050,55,123,"Wisconsin","Vernon County",3,65,465,237,228
050,55,123,"Wisconsin","Vernon County",3,66,459,230,229
050,55,123,"Wisconsin","Vernon County",3,67,426,221,205
050,55,123,"Wisconsin","Vernon County",3,68,431,212,219
050,55,123,"Wisconsin","Vernon County",3,69,414,218,196
050,55,123,"Wisconsin","Vernon County",3,70,387,205,182
050,55,123,"Wisconsin","Vernon County",3,71,338,176,162
050,55,123,"Wisconsin","Vernon County",3,72,334,176,158
050,55,123,"Wisconsin","Vernon County",3,73,316,166,150
050,55,123,"Wisconsin","Vernon County",3,74,321,162,159
050,55,123,"Wisconsin","Vernon County",3,75,204,100,104
050,55,123,"Wisconsin","Vernon County",3,76,203,103,100
050,55,123,"Wisconsin","Vernon County",3,77,216,112,104
050,55,123,"Wisconsin","Vernon County",3,78,213,107,106
050,55,123,"Wisconsin","Vernon County",3,79,191,86,105
050,55,123,"Wisconsin","Vernon County",3,80,164,69,95
050,55,123,"Wisconsin","Vernon County",3,81,146,65,81
050,55,123,"Wisconsin","Vernon County",3,82,150,69,81
050,55,123,"Wisconsin","Vernon County",3,83,124,62,62
050,55,123,"Wisconsin","Vernon County",3,84,124,59,65
050,55,123,"Wisconsin","Vernon County",3,85,726,278,448
050,55,123,"Wisconsin","Vernon County",4,0,432,224,208
050,55,123,"Wisconsin","Vernon County",4,1,436,236,200
050,55,123,"Wisconsin","Vernon County",4,2,404,194,210
050,55,123,"Wisconsin","Vernon County",4,3,408,206,202
050,55,123,"Wisconsin","Vernon County",4,4,426,226,200
050,55,123,"Wisconsin","Vernon County",4,5,411,209,202
050,55,123,"Wisconsin","Vernon County",4,6,422,211,211
050,55,123,"Wisconsin","Vernon County",4,7,451,238,213
050,55,123,"Wisconsin","Vernon County",4,8,471,233,238
050,55,123,"Wisconsin","Vernon County",4,9,466,235,231
050,55,123,"Wisconsin","Vernon County",4,10,431,227,204
050,55,123,"Wisconsin","Vernon County",4,11,449,222,227
050,55,123,"Wisconsin","Vernon County",4,12,496,250,246
050,55,123,"Wisconsin","Vernon County",4,13,494,234,260
050,55,123,"Wisconsin","Vernon County",4,14,479,244,235
050,55,123,"Wisconsin","Vernon County",4,15,484,246,238
050,55,123,"Wisconsin","Vernon County",4,16,463,234,229
050,55,123,"Wisconsin","Vernon County",4,17,508,264,244
050,55,123,"Wisconsin","Vernon County",4,18,419,238,181
050,55,123,"Wisconsin","Vernon County",4,19,300,169,131
050,55,123,"Wisconsin","Vernon County",4,20,296,157,139
050,55,123,"Wisconsin","Vernon County",4,21,297,141,156
050,55,123,"Wisconsin","Vernon County",4,22,296,154,142
050,55,123,"Wisconsin","Vernon County",4,23,282,145,137
050,55,123,"Wisconsin","Vernon County",4,24,254,128,126
050,55,123,"Wisconsin","Vernon County",4,25,257,132,125
050,55,123,"Wisconsin","Vernon County",4,26,275,142,133
050,55,123,"Wisconsin","Vernon County",4,27,267,135,132
050,55,123,"Wisconsin","Vernon County",4,28,281,145,136
050,55,123,"Wisconsin","Vernon County",4,29,301,147,154
050,55,123,"Wisconsin","Vernon County",4,30,293,150,143
050,55,123,"Wisconsin","Vernon County",4,31,305,154,151
050,55,123,"Wisconsin","Vernon County",4,32,282,151,131
050,55,123,"Wisconsin","Vernon County",4,33,285,140,145
050,55,123,"Wisconsin","Vernon County",4,34,280,138,142
050,55,123,"Wisconsin","Vernon County",4,35,310,158,152
050,55,123,"Wisconsin","Vernon County",4,36,306,151,155
050,55,123,"Wisconsin","Vernon County",4,37,342,167,175
050,55,123,"Wisconsin","Vernon County",4,38,350,167,183
050,55,123,"Wisconsin","Vernon County",4,39,357,184,173
050,55,123,"Wisconsin","Vernon County",4,40,381,175,206
050,55,123,"Wisconsin","Vernon County",4,41,384,195,189
050,55,123,"Wisconsin","Vernon County",4,42,355,189,166
050,55,123,"Wisconsin","Vernon County",4,43,345,181,164
050,55,123,"Wisconsin","Vernon County",4,44,339,170,169
050,55,123,"Wisconsin","Vernon County",4,45,328,164,164
050,55,123,"Wisconsin","Vernon County",4,46,318,170,148
050,55,123,"Wisconsin","Vernon County",4,47,323,169,154
050,55,123,"Wisconsin","Vernon County",4,48,314,160,154
050,55,123,"Wisconsin","Vernon County",4,49,322,172,150
050,55,123,"Wisconsin","Vernon County",4,50,344,179,165
050,55,123,"Wisconsin","Vernon County",4,51,354,174,180
050,55,123,"Wisconsin","Vernon County",4,52,369,171,198
050,55,123,"Wisconsin","Vernon County",4,53,354,165,189
050,55,123,"Wisconsin","Vernon County",4,54,379,181,198
050,55,123,"Wisconsin","Vernon County",4,55,381,189,192
050,55,123,"Wisconsin","Vernon County",4,56,405,217,188
050,55,123,"Wisconsin","Vernon County",4,57,420,216,204
050,55,123,"Wisconsin","Vernon County",4,58,435,213,222
050,55,123,"Wisconsin","Vernon County",4,59,444,233,211
050,55,123,"Wisconsin","Vernon County",4,60,493,254,239
050,55,123,"Wisconsin","Vernon County",4,61,499,249,250
050,55,123,"Wisconsin","Vernon County",4,62,494,259,235
050,55,123,"Wisconsin","Vernon County",4,63,476,248,228
050,55,123,"Wisconsin","Vernon County",4,64,499,254,245
050,55,123,"Wisconsin","Vernon County",4,65,508,267,241
050,55,123,"Wisconsin","Vernon County",4,66,455,234,221
050,55,123,"Wisconsin","Vernon County",4,67,459,229,230
050,55,123,"Wisconsin","Vernon County",4,68,409,211,198
050,55,123,"Wisconsin","Vernon County",4,69,428,211,217
050,55,123,"Wisconsin","Vernon County",4,70,409,217,192
050,55,123,"Wisconsin","Vernon County",4,71,375,200,175
050,55,123,"Wisconsin","Vernon County",4,72,334,176,158
050,55,123,"Wisconsin","Vernon County",4,73,319,170,149
050,55,123,"Wisconsin","Vernon County",4,74,312,162,150
050,55,123,"Wisconsin","Vernon County",4,75,313,156,157
050,55,123,"Wisconsin","Vernon County",4,76,195,94,101
050,55,123,"Wisconsin","Vernon County",4,77,197,100,97
050,55,123,"Wisconsin","Vernon County",4,78,206,102,104
050,55,123,"Wisconsin","Vernon County",4,79,198,96,102
050,55,123,"Wisconsin","Vernon County",4,80,181,81,100
050,55,123,"Wisconsin","Vernon County",4,81,156,67,89
050,55,123,"Wisconsin","Vernon County",4,82,140,65,75
050,55,123,"Wisconsin","Vernon County",4,83,130,62,68
050,55,123,"Wisconsin","Vernon County",4,84,126,56,70
050,55,123,"Wisconsin","Vernon County",4,85,692,275,417
050,55,123,"Wisconsin","Vernon County",5,0,414,218,196
050,55,123,"Wisconsin","Vernon County",5,1,439,231,208
050,55,123,"Wisconsin","Vernon County",5,2,426,222,204
050,55,123,"Wisconsin","Vernon County",5,3,398,195,203
050,55,123,"Wisconsin","Vernon County",5,4,404,208,196
050,55,123,"Wisconsin","Vernon County",5,5,433,231,202
050,55,123,"Wisconsin","Vernon County",5,6,412,206,206
050,55,123,"Wisconsin","Vernon County",5,7,419,208,211
050,55,123,"Wisconsin","Vernon County",5,8,449,237,212
050,55,123,"Wisconsin","Vernon County",5,9,475,238,237
050,55,123,"Wisconsin","Vernon County",5,10,460,232,228
050,55,123,"Wisconsin","Vernon County",5,11,427,224,203
050,55,123,"Wisconsin","Vernon County",5,12,455,220,235
050,55,123,"Wisconsin","Vernon County",5,13,495,252,243
050,55,123,"Wisconsin","Vernon County",5,14,497,235,262
050,55,123,"Wisconsin","Vernon County",5,15,469,240,229
050,55,123,"Wisconsin","Vernon County",5,16,496,251,245
050,55,123,"Wisconsin","Vernon County",5,17,467,238,229
050,55,123,"Wisconsin","Vernon County",5,18,419,228,191
050,55,123,"Wisconsin","Vernon County",5,19,312,175,137
050,55,123,"Wisconsin","Vernon County",5,20,319,177,142
050,55,123,"Wisconsin","Vernon County",5,21,294,162,132
050,55,123,"Wisconsin","Vernon County",5,22,309,148,161
050,55,123,"Wisconsin","Vernon County",5,23,280,141,139
050,55,123,"Wisconsin","Vernon County",5,24,263,142,121
050,55,123,"Wisconsin","Vernon County",5,25,260,124,136
050,55,123,"Wisconsin","Vernon County",5,26,271,138,133
050,55,123,"Wisconsin","Vernon County",5,27,276,146,130
050,55,123,"Wisconsin","Vernon County",5,28,254,130,124
050,55,123,"Wisconsin","Vernon County",5,29,306,149,157
050,55,123,"Wisconsin","Vernon County",5,30,311,155,156
050,55,123,"Wisconsin","Vernon County",5,31,301,157,144
050,55,123,"Wisconsin","Vernon County",5,32,314,159,155
050,55,123,"Wisconsin","Vernon County",5,33,295,156,139
050,55,123,"Wisconsin","Vernon County",5,34,294,134,160
050,55,123,"Wisconsin","Vernon County",5,35,283,139,144
050,55,123,"Wisconsin","Vernon County",5,36,314,154,160
050,55,123,"Wisconsin","Vernon County",5,37,310,159,151
050,55,123,"Wisconsin","Vernon County",5,38,341,165,176
050,55,123,"Wisconsin","Vernon County",5,39,358,169,189
050,55,123,"Wisconsin","Vernon County",5,40,358,185,173
050,55,123,"Wisconsin","Vernon County",5,41,394,195,199
050,55,123,"Wisconsin","Vernon County",5,42,387,191,196
050,55,123,"Wisconsin","Vernon County",5,43,354,188,166
050,55,123,"Wisconsin","Vernon County",5,44,347,180,167
050,55,123,"Wisconsin","Vernon County",5,45,347,176,171
050,55,123,"Wisconsin","Vernon County",5,46,332,173,159
050,55,123,"Wisconsin","Vernon County",5,47,311,166,145
050,55,123,"Wisconsin","Vernon County",5,48,316,166,150
050,55,123,"Wisconsin","Vernon County",5,49,323,168,155
050,55,123,"Wisconsin","Vernon County",5,50,325,170,155
050,55,123,"Wisconsin","Vernon County",5,51,352,181,171
050,55,123,"Wisconsin","Vernon County",5,52,354,175,179
050,55,123,"Wisconsin","Vernon County",5,53,360,166,194
050,55,123,"Wisconsin","Vernon County",5,54,355,163,192
050,55,123,"Wisconsin","Vernon County",5,55,385,181,204
050,55,123,"Wisconsin","Vernon County",5,56,373,188,185
050,55,123,"Wisconsin","Vernon County",5,57,418,225,193
050,55,123,"Wisconsin","Vernon County",5,58,415,213,202
050,55,123,"Wisconsin","Vernon County",5,59,447,217,230
050,55,123,"Wisconsin","Vernon County",5,60,451,241,210
050,55,123,"Wisconsin","Vernon County",5,61,498,254,244
050,55,123,"Wisconsin","Vernon County",5,62,508,259,249
050,55,123,"Wisconsin","Vernon County",5,63,505,262,243
050,55,123,"Wisconsin","Vernon County",5,64,474,246,228
050,55,123,"Wisconsin","Vernon County",5,65,498,253,245
050,55,123,"Wisconsin","Vernon County",5,66,497,264,233
050,55,123,"Wisconsin","Vernon County",5,67,454,232,222
050,55,123,"Wisconsin","Vernon County",5,68,448,221,227
050,55,123,"Wisconsin","Vernon County",5,69,408,208,200
050,55,123,"Wisconsin","Vernon County",5,70,423,210,213
050,55,123,"Wisconsin","Vernon County",5,71,398,212,186
050,55,123,"Wisconsin","Vernon County",5,72,369,199,170
050,55,123,"Wisconsin","Vernon County",5,73,324,173,151
050,55,123,"Wisconsin","Vernon County",5,74,313,164,149
050,55,123,"Wisconsin","Vernon County",5,75,298,155,143
050,55,123,"Wisconsin","Vernon County",5,76,299,145,154
050,55,123,"Wisconsin","Vernon County",5,77,187,91,96
050,55,123,"Wisconsin","Vernon County",5,78,193,93,100
050,55,123,"Wisconsin","Vernon County",5,79,196,90,106
050,55,123,"Wisconsin","Vernon County",5,80,195,96,99
050,55,123,"Wisconsin","Vernon County",5,81,165,74,91
050,55,123,"Wisconsin","Vernon County",5,82,146,60,86
050,55,123,"Wisconsin","Vernon County",5,83,122,57,65
050,55,123,"Wisconsin","Vernon County",5,84,127,52,75
050,55,123,"Wisconsin","Vernon County",5,85,702,278,424
050,55,125,"Wisconsin","Vilas County",1,0,182,92,90
050,55,125,"Wisconsin","Vilas County",1,1,184,97,87
050,55,125,"Wisconsin","Vilas County",1,2,202,102,100
050,55,125,"Wisconsin","Vilas County",1,3,199,103,96
050,55,125,"Wisconsin","Vilas County",1,4,194,95,99
050,55,125,"Wisconsin","Vilas County",1,5,237,115,122
050,55,125,"Wisconsin","Vilas County",1,6,226,113,113
050,55,125,"Wisconsin","Vilas County",1,7,195,103,92
050,55,125,"Wisconsin","Vilas County",1,8,204,104,100
050,55,125,"Wisconsin","Vilas County",1,9,198,107,91
050,55,125,"Wisconsin","Vilas County",1,10,195,102,93
050,55,125,"Wisconsin","Vilas County",1,11,227,128,99
050,55,125,"Wisconsin","Vilas County",1,12,242,143,99
050,55,125,"Wisconsin","Vilas County",1,13,244,131,113
050,55,125,"Wisconsin","Vilas County",1,14,221,117,104
050,55,125,"Wisconsin","Vilas County",1,15,241,116,125
050,55,125,"Wisconsin","Vilas County",1,16,230,101,129
050,55,125,"Wisconsin","Vilas County",1,17,243,124,119
050,55,125,"Wisconsin","Vilas County",1,18,222,124,98
050,55,125,"Wisconsin","Vilas County",1,19,166,89,77
050,55,125,"Wisconsin","Vilas County",1,20,153,89,64
050,55,125,"Wisconsin","Vilas County",1,21,162,85,77
050,55,125,"Wisconsin","Vilas County",1,22,184,89,95
050,55,125,"Wisconsin","Vilas County",1,23,162,88,74
050,55,125,"Wisconsin","Vilas County",1,24,173,103,70
050,55,125,"Wisconsin","Vilas County",1,25,158,85,73
050,55,125,"Wisconsin","Vilas County",1,26,157,91,66
050,55,125,"Wisconsin","Vilas County",1,27,176,94,82
050,55,125,"Wisconsin","Vilas County",1,28,162,87,75
050,55,125,"Wisconsin","Vilas County",1,29,182,103,79
050,55,125,"Wisconsin","Vilas County",1,30,190,106,84
050,55,125,"Wisconsin","Vilas County",1,31,184,85,99
050,55,125,"Wisconsin","Vilas County",1,32,188,91,97
050,55,125,"Wisconsin","Vilas County",1,33,206,108,98
050,55,125,"Wisconsin","Vilas County",1,34,228,120,108
050,55,125,"Wisconsin","Vilas County",1,35,189,101,88
050,55,125,"Wisconsin","Vilas County",1,36,183,102,81
050,55,125,"Wisconsin","Vilas County",1,37,186,85,101
050,55,125,"Wisconsin","Vilas County",1,38,189,103,86
050,55,125,"Wisconsin","Vilas County",1,39,196,99,97
050,55,125,"Wisconsin","Vilas County",1,40,180,100,80
050,55,125,"Wisconsin","Vilas County",1,41,202,112,90
050,55,125,"Wisconsin","Vilas County",1,42,173,86,87
050,55,125,"Wisconsin","Vilas County",1,43,190,99,91
050,55,125,"Wisconsin","Vilas County",1,44,204,104,100
050,55,125,"Wisconsin","Vilas County",1,45,207,102,105
050,55,125,"Wisconsin","Vilas County",1,46,197,97,100
050,55,125,"Wisconsin","Vilas County",1,47,215,106,109
050,55,125,"Wisconsin","Vilas County",1,48,232,125,107
050,55,125,"Wisconsin","Vilas County",1,49,267,143,124
050,55,125,"Wisconsin","Vilas County",1,50,273,137,136
050,55,125,"Wisconsin","Vilas County",1,51,237,125,112
050,55,125,"Wisconsin","Vilas County",1,52,280,145,135
050,55,125,"Wisconsin","Vilas County",1,53,334,177,157
050,55,125,"Wisconsin","Vilas County",1,54,354,191,163
050,55,125,"Wisconsin","Vilas County",1,55,382,194,188
050,55,125,"Wisconsin","Vilas County",1,56,417,201,216
050,55,125,"Wisconsin","Vilas County",1,57,431,222,209
050,55,125,"Wisconsin","Vilas County",1,58,442,230,212
050,55,125,"Wisconsin","Vilas County",1,59,490,254,236
050,55,125,"Wisconsin","Vilas County",1,60,485,238,247
050,55,125,"Wisconsin","Vilas County",1,61,469,231,238
050,55,125,"Wisconsin","Vilas County",1,62,486,245,241
050,55,125,"Wisconsin","Vilas County",1,63,503,262,241
050,55,125,"Wisconsin","Vilas County",1,64,490,269,221
050,55,125,"Wisconsin","Vilas County",1,65,485,244,241
050,55,125,"Wisconsin","Vilas County",1,66,470,243,227
050,55,125,"Wisconsin","Vilas County",1,67,473,247,226
050,55,125,"Wisconsin","Vilas County",1,68,461,235,226
050,55,125,"Wisconsin","Vilas County",1,69,429,216,213
050,55,125,"Wisconsin","Vilas County",1,70,406,212,194
050,55,125,"Wisconsin","Vilas County",1,71,411,194,217
050,55,125,"Wisconsin","Vilas County",1,72,392,189,203
050,55,125,"Wisconsin","Vilas County",1,73,411,215,196
050,55,125,"Wisconsin","Vilas County",1,74,299,158,141
050,55,125,"Wisconsin","Vilas County",1,75,280,153,127
050,55,125,"Wisconsin","Vilas County",1,76,278,144,134
050,55,125,"Wisconsin","Vilas County",1,77,301,144,157
050,55,125,"Wisconsin","Vilas County",1,78,268,127,141
050,55,125,"Wisconsin","Vilas County",1,79,219,101,118
050,55,125,"Wisconsin","Vilas County",1,80,188,88,100
050,55,125,"Wisconsin","Vilas County",1,81,184,94,90
050,55,125,"Wisconsin","Vilas County",1,82,169,88,81
050,55,125,"Wisconsin","Vilas County",1,83,157,85,72
050,55,125,"Wisconsin","Vilas County",1,84,148,84,64
050,55,125,"Wisconsin","Vilas County",1,85,617,284,333
050,55,125,"Wisconsin","Vilas County",2,0,177,87,90
050,55,125,"Wisconsin","Vilas County",2,1,183,96,87
050,55,125,"Wisconsin","Vilas County",2,2,199,102,97
050,55,125,"Wisconsin","Vilas County",2,3,198,102,96
050,55,125,"Wisconsin","Vilas County",2,4,198,97,101
050,55,125,"Wisconsin","Vilas County",2,5,231,111,120
050,55,125,"Wisconsin","Vilas County",2,6,232,115,117
050,55,125,"Wisconsin","Vilas County",2,7,202,106,96
050,55,125,"Wisconsin","Vilas County",2,8,201,104,97
050,55,125,"Wisconsin","Vilas County",2,9,199,106,93
050,55,125,"Wisconsin","Vilas County",2,10,195,104,91
050,55,125,"Wisconsin","Vilas County",2,11,219,123,96
050,55,125,"Wisconsin","Vilas County",2,12,239,140,99
050,55,125,"Wisconsin","Vilas County",2,13,244,133,111
050,55,125,"Wisconsin","Vilas County",2,14,228,120,108
050,55,125,"Wisconsin","Vilas County",2,15,235,114,121
050,55,125,"Wisconsin","Vilas County",2,16,235,105,130
050,55,125,"Wisconsin","Vilas County",2,17,240,118,122
050,55,125,"Wisconsin","Vilas County",2,18,216,119,97
050,55,125,"Wisconsin","Vilas County",2,19,168,91,77
050,55,125,"Wisconsin","Vilas County",2,20,160,92,68
050,55,125,"Wisconsin","Vilas County",2,21,162,86,76
050,55,125,"Wisconsin","Vilas County",2,22,178,88,90
050,55,125,"Wisconsin","Vilas County",2,23,168,89,79
050,55,125,"Wisconsin","Vilas County",2,24,168,99,69
050,55,125,"Wisconsin","Vilas County",2,25,158,89,69
050,55,125,"Wisconsin","Vilas County",2,26,157,89,68
050,55,125,"Wisconsin","Vilas County",2,27,174,94,80
050,55,125,"Wisconsin","Vilas County",2,28,166,89,77
050,55,125,"Wisconsin","Vilas County",2,29,179,99,80
050,55,125,"Wisconsin","Vilas County",2,30,192,107,85
050,55,125,"Wisconsin","Vilas County",2,31,190,92,98
050,55,125,"Wisconsin","Vilas County",2,32,189,91,98
050,55,125,"Wisconsin","Vilas County",2,33,207,107,100
050,55,125,"Wisconsin","Vilas County",2,34,228,120,108
050,55,125,"Wisconsin","Vilas County",2,35,199,107,92
050,55,125,"Wisconsin","Vilas County",2,36,183,100,83
050,55,125,"Wisconsin","Vilas County",2,37,187,90,97
050,55,125,"Wisconsin","Vilas County",2,38,191,100,91
050,55,125,"Wisconsin","Vilas County",2,39,194,101,93
050,55,125,"Wisconsin","Vilas County",2,40,187,101,86
050,55,125,"Wisconsin","Vilas County",2,41,195,108,87
050,55,125,"Wisconsin","Vilas County",2,42,181,93,88
050,55,125,"Wisconsin","Vilas County",2,43,191,97,94
050,55,125,"Wisconsin","Vilas County",2,44,200,103,97
050,55,125,"Wisconsin","Vilas County",2,45,210,104,106
050,55,125,"Wisconsin","Vilas County",2,46,199,98,101
050,55,125,"Wisconsin","Vilas County",2,47,208,102,106
050,55,125,"Wisconsin","Vilas County",2,48,229,120,109
050,55,125,"Wisconsin","Vilas County",2,49,262,139,123
050,55,125,"Wisconsin","Vilas County",2,50,273,139,134
050,55,125,"Wisconsin","Vilas County",2,51,247,128,119
050,55,125,"Wisconsin","Vilas County",2,52,271,142,129
050,55,125,"Wisconsin","Vilas County",2,53,321,169,152
050,55,125,"Wisconsin","Vilas County",2,54,348,189,159
050,55,125,"Wisconsin","Vilas County",2,55,374,192,182
050,55,125,"Wisconsin","Vilas County",2,56,415,203,212
050,55,125,"Wisconsin","Vilas County",2,57,429,218,211
050,55,125,"Wisconsin","Vilas County",2,58,445,231,214
050,55,125,"Wisconsin","Vilas County",2,59,490,255,235
050,55,125,"Wisconsin","Vilas County",2,60,488,243,245
050,55,125,"Wisconsin","Vilas County",2,61,480,236,244
050,55,125,"Wisconsin","Vilas County",2,62,491,247,244
050,55,125,"Wisconsin","Vilas County",2,63,514,268,246
050,55,125,"Wisconsin","Vilas County",2,64,500,270,230
050,55,125,"Wisconsin","Vilas County",2,65,487,252,235
050,55,125,"Wisconsin","Vilas County",2,66,477,246,231
050,55,125,"Wisconsin","Vilas County",2,67,472,245,227
050,55,125,"Wisconsin","Vilas County",2,68,460,236,224
050,55,125,"Wisconsin","Vilas County",2,69,439,221,218
050,55,125,"Wisconsin","Vilas County",2,70,409,211,198
050,55,125,"Wisconsin","Vilas County",2,71,412,200,212
050,55,125,"Wisconsin","Vilas County",2,72,388,187,201
050,55,125,"Wisconsin","Vilas County",2,73,427,220,207
050,55,125,"Wisconsin","Vilas County",2,74,301,157,144
050,55,125,"Wisconsin","Vilas County",2,75,281,152,129
050,55,125,"Wisconsin","Vilas County",2,76,272,144,128
050,55,125,"Wisconsin","Vilas County",2,77,300,146,154
050,55,125,"Wisconsin","Vilas County",2,78,264,125,139
050,55,125,"Wisconsin","Vilas County",2,79,223,104,119
050,55,125,"Wisconsin","Vilas County",2,80,192,89,103
050,55,125,"Wisconsin","Vilas County",2,81,178,90,88
050,55,125,"Wisconsin","Vilas County",2,82,172,90,82
050,55,125,"Wisconsin","Vilas County",2,83,159,85,74
050,55,125,"Wisconsin","Vilas County",2,84,146,83,63
050,55,125,"Wisconsin","Vilas County",2,85,621,290,331
050,55,125,"Wisconsin","Vilas County",3,0,144,81,63
050,55,125,"Wisconsin","Vilas County",3,1,184,96,88
050,55,125,"Wisconsin","Vilas County",3,2,204,105,99
050,55,125,"Wisconsin","Vilas County",3,3,209,112,97
050,55,125,"Wisconsin","Vilas County",3,4,204,107,97
050,55,125,"Wisconsin","Vilas County",3,5,215,111,104
050,55,125,"Wisconsin","Vilas County",3,6,240,109,131
050,55,125,"Wisconsin","Vilas County",3,7,250,128,122
050,55,125,"Wisconsin","Vilas County",3,8,206,107,99
050,55,125,"Wisconsin","Vilas County",3,9,218,113,105
050,55,125,"Wisconsin","Vilas County",3,10,189,101,88
050,55,125,"Wisconsin","Vilas County",3,11,201,105,96
050,55,125,"Wisconsin","Vilas County",3,12,228,130,98
050,55,125,"Wisconsin","Vilas County",3,13,237,136,101
050,55,125,"Wisconsin","Vilas County",3,14,258,142,116
050,55,125,"Wisconsin","Vilas County",3,15,230,125,105
050,55,125,"Wisconsin","Vilas County",3,16,241,113,128
050,55,125,"Wisconsin","Vilas County",3,17,230,104,126
050,55,125,"Wisconsin","Vilas County",3,18,202,104,98
050,55,125,"Wisconsin","Vilas County",3,19,171,97,74
050,55,125,"Wisconsin","Vilas County",3,20,156,81,75
050,55,125,"Wisconsin","Vilas County",3,21,168,95,73
050,55,125,"Wisconsin","Vilas County",3,22,164,85,79
050,55,125,"Wisconsin","Vilas County",3,23,177,86,91
050,55,125,"Wisconsin","Vilas County",3,24,164,84,80
050,55,125,"Wisconsin","Vilas County",3,25,171,104,67
050,55,125,"Wisconsin","Vilas County",3,26,152,85,67
050,55,125,"Wisconsin","Vilas County",3,27,174,105,69
050,55,125,"Wisconsin","Vilas County",3,28,182,95,87
050,55,125,"Wisconsin","Vilas County",3,29,175,89,86
050,55,125,"Wisconsin","Vilas County",3,30,189,103,86
050,55,125,"Wisconsin","Vilas County",3,31,197,107,90
050,55,125,"Wisconsin","Vilas County",3,32,196,95,101
050,55,125,"Wisconsin","Vilas County",3,33,196,90,106
050,55,125,"Wisconsin","Vilas County",3,34,233,124,109
050,55,125,"Wisconsin","Vilas County",3,35,231,121,110
050,55,125,"Wisconsin","Vilas County",3,36,214,115,99
050,55,125,"Wisconsin","Vilas County",3,37,190,101,89
050,55,125,"Wisconsin","Vilas County",3,38,198,98,100
050,55,125,"Wisconsin","Vilas County",3,39,180,97,83
050,55,125,"Wisconsin","Vilas County",3,40,204,105,99
050,55,125,"Wisconsin","Vilas County",3,41,198,104,94
050,55,125,"Wisconsin","Vilas County",3,42,207,115,92
050,55,125,"Wisconsin","Vilas County",3,43,198,101,97
050,55,125,"Wisconsin","Vilas County",3,44,188,101,87
050,55,125,"Wisconsin","Vilas County",3,45,201,102,99
050,55,125,"Wisconsin","Vilas County",3,46,212,104,108
050,55,125,"Wisconsin","Vilas County",3,47,199,100,99
050,55,125,"Wisconsin","Vilas County",3,48,218,109,109
050,55,125,"Wisconsin","Vilas County",3,49,225,116,109
050,55,125,"Wisconsin","Vilas County",3,50,275,146,129
050,55,125,"Wisconsin","Vilas County",3,51,288,149,139
050,55,125,"Wisconsin","Vilas County",3,52,253,132,121
050,55,125,"Wisconsin","Vilas County",3,53,296,148,148
050,55,125,"Wisconsin","Vilas County",3,54,336,184,152
050,55,125,"Wisconsin","Vilas County",3,55,372,196,176
050,55,125,"Wisconsin","Vilas County",3,56,393,200,193
050,55,125,"Wisconsin","Vilas County",3,57,439,220,219
050,55,125,"Wisconsin","Vilas County",3,58,434,217,217
050,55,125,"Wisconsin","Vilas County",3,59,489,253,236
050,55,125,"Wisconsin","Vilas County",3,60,513,264,249
050,55,125,"Wisconsin","Vilas County",3,61,534,268,266
050,55,125,"Wisconsin","Vilas County",3,62,531,250,281
050,55,125,"Wisconsin","Vilas County",3,63,519,271,248
050,55,125,"Wisconsin","Vilas County",3,64,538,276,262
050,55,125,"Wisconsin","Vilas County",3,65,528,287,241
050,55,125,"Wisconsin","Vilas County",3,66,495,260,235
050,55,125,"Wisconsin","Vilas County",3,67,487,256,231
050,55,125,"Wisconsin","Vilas County",3,68,476,252,224
050,55,125,"Wisconsin","Vilas County",3,69,457,238,219
050,55,125,"Wisconsin","Vilas County",3,70,423,216,207
050,55,125,"Wisconsin","Vilas County",3,71,405,210,195
050,55,125,"Wisconsin","Vilas County",3,72,389,189,200
050,55,125,"Wisconsin","Vilas County",3,73,385,187,198
050,55,125,"Wisconsin","Vilas County",3,74,414,211,203
050,55,125,"Wisconsin","Vilas County",3,75,301,159,142
050,55,125,"Wisconsin","Vilas County",3,76,263,137,126
050,55,125,"Wisconsin","Vilas County",3,77,258,136,122
050,55,125,"Wisconsin","Vilas County",3,78,284,138,146
050,55,125,"Wisconsin","Vilas County",3,79,251,121,130
050,55,125,"Wisconsin","Vilas County",3,80,214,101,113
050,55,125,"Wisconsin","Vilas County",3,81,166,75,91
050,55,125,"Wisconsin","Vilas County",3,82,160,81,79
050,55,125,"Wisconsin","Vilas County",3,83,155,81,74
050,55,125,"Wisconsin","Vilas County",3,84,132,68,64
050,55,125,"Wisconsin","Vilas County",3,85,637,307,330
050,55,125,"Wisconsin","Vilas County",4,0,160,93,67
050,55,125,"Wisconsin","Vilas County",4,1,150,81,69
050,55,125,"Wisconsin","Vilas County",4,2,199,107,92
050,55,125,"Wisconsin","Vilas County",4,3,207,111,96
050,55,125,"Wisconsin","Vilas County",4,4,225,118,107
050,55,125,"Wisconsin","Vilas County",4,5,204,110,94
050,55,125,"Wisconsin","Vilas County",4,6,208,103,105
050,55,125,"Wisconsin","Vilas County",4,7,244,114,130
050,55,125,"Wisconsin","Vilas County",4,8,255,130,125
050,55,125,"Wisconsin","Vilas County",4,9,200,106,94
050,55,125,"Wisconsin","Vilas County",4,10,220,116,104
050,55,125,"Wisconsin","Vilas County",4,11,193,105,88
050,55,125,"Wisconsin","Vilas County",4,12,216,115,101
050,55,125,"Wisconsin","Vilas County",4,13,222,130,92
050,55,125,"Wisconsin","Vilas County",4,14,248,140,108
050,55,125,"Wisconsin","Vilas County",4,15,255,140,115
050,55,125,"Wisconsin","Vilas County",4,16,224,115,109
050,55,125,"Wisconsin","Vilas County",4,17,238,114,124
050,55,125,"Wisconsin","Vilas County",4,18,202,93,109
050,55,125,"Wisconsin","Vilas County",4,19,152,85,67
050,55,125,"Wisconsin","Vilas County",4,20,162,89,73
050,55,125,"Wisconsin","Vilas County",4,21,160,85,75
050,55,125,"Wisconsin","Vilas County",4,22,162,97,65
050,55,125,"Wisconsin","Vilas County",4,23,158,84,74
050,55,125,"Wisconsin","Vilas County",4,24,157,74,83
050,55,125,"Wisconsin","Vilas County",4,25,160,80,80
050,55,125,"Wisconsin","Vilas County",4,26,181,107,74
050,55,125,"Wisconsin","Vilas County",4,27,155,88,67
050,55,125,"Wisconsin","Vilas County",4,28,182,107,75
050,55,125,"Wisconsin","Vilas County",4,29,198,102,96
050,55,125,"Wisconsin","Vilas County",4,30,163,79,84
050,55,125,"Wisconsin","Vilas County",4,31,194,102,92
050,55,125,"Wisconsin","Vilas County",4,32,206,115,91
050,55,125,"Wisconsin","Vilas County",4,33,208,108,100
050,55,125,"Wisconsin","Vilas County",4,34,213,104,109
050,55,125,"Wisconsin","Vilas County",4,35,230,122,108
050,55,125,"Wisconsin","Vilas County",4,36,221,114,107
050,55,125,"Wisconsin","Vilas County",4,37,230,120,110
050,55,125,"Wisconsin","Vilas County",4,38,186,98,88
050,55,125,"Wisconsin","Vilas County",4,39,199,97,102
050,55,125,"Wisconsin","Vilas County",4,40,192,100,92
050,55,125,"Wisconsin","Vilas County",4,41,205,103,102
050,55,125,"Wisconsin","Vilas County",4,42,215,115,100
050,55,125,"Wisconsin","Vilas County",4,43,212,117,95
050,55,125,"Wisconsin","Vilas County",4,44,198,100,98
050,55,125,"Wisconsin","Vilas County",4,45,208,107,101
050,55,125,"Wisconsin","Vilas County",4,46,202,107,95
050,55,125,"Wisconsin","Vilas County",4,47,205,97,108
050,55,125,"Wisconsin","Vilas County",4,48,206,106,100
050,55,125,"Wisconsin","Vilas County",4,49,218,110,108
050,55,125,"Wisconsin","Vilas County",4,50,237,124,113
050,55,125,"Wisconsin","Vilas County",4,51,279,141,138
050,55,125,"Wisconsin","Vilas County",4,52,308,158,150
050,55,125,"Wisconsin","Vilas County",4,53,269,135,134
050,55,125,"Wisconsin","Vilas County",4,54,321,171,150
050,55,125,"Wisconsin","Vilas County",4,55,353,188,165
050,55,125,"Wisconsin","Vilas County",4,56,377,199,178
050,55,125,"Wisconsin","Vilas County",4,57,426,221,205
050,55,125,"Wisconsin","Vilas County",4,58,458,221,237
050,55,125,"Wisconsin","Vilas County",4,59,473,239,234
050,55,125,"Wisconsin","Vilas County",4,60,510,268,242
050,55,125,"Wisconsin","Vilas County",4,61,529,275,254
050,55,125,"Wisconsin","Vilas County",4,62,554,276,278
050,55,125,"Wisconsin","Vilas County",4,63,566,275,291
050,55,125,"Wisconsin","Vilas County",4,64,559,276,283
050,55,125,"Wisconsin","Vilas County",4,65,559,282,277
050,55,125,"Wisconsin","Vilas County",4,66,570,314,256
050,55,125,"Wisconsin","Vilas County",4,67,499,267,232
050,55,125,"Wisconsin","Vilas County",4,68,497,262,235
050,55,125,"Wisconsin","Vilas County",4,69,484,260,224
050,55,125,"Wisconsin","Vilas County",4,70,455,242,213
050,55,125,"Wisconsin","Vilas County",4,71,425,218,207
050,55,125,"Wisconsin","Vilas County",4,72,395,203,192
050,55,125,"Wisconsin","Vilas County",4,73,380,188,192
050,55,125,"Wisconsin","Vilas County",4,74,366,176,190
050,55,125,"Wisconsin","Vilas County",4,75,401,212,189
050,55,125,"Wisconsin","Vilas County",4,76,277,147,130
050,55,125,"Wisconsin","Vilas County",4,77,249,132,117
050,55,125,"Wisconsin","Vilas County",4,78,246,130,116
050,55,125,"Wisconsin","Vilas County",4,79,256,126,130
050,55,125,"Wisconsin","Vilas County",4,80,234,112,122
050,55,125,"Wisconsin","Vilas County",4,81,195,93,102
050,55,125,"Wisconsin","Vilas County",4,82,148,62,86
050,55,125,"Wisconsin","Vilas County",4,83,142,67,75
050,55,125,"Wisconsin","Vilas County",4,84,129,65,64
050,55,125,"Wisconsin","Vilas County",4,85,608,285,323
050,55,125,"Wisconsin","Vilas County",5,0,160,92,68
050,55,125,"Wisconsin","Vilas County",5,1,156,91,65
050,55,125,"Wisconsin","Vilas County",5,2,158,82,76
050,55,125,"Wisconsin","Vilas County",5,3,204,109,95
050,55,125,"Wisconsin","Vilas County",5,4,212,117,95
050,55,125,"Wisconsin","Vilas County",5,5,217,112,105
050,55,125,"Wisconsin","Vilas County",5,6,191,102,89
050,55,125,"Wisconsin","Vilas County",5,7,219,112,107
050,55,125,"Wisconsin","Vilas County",5,8,252,117,135
050,55,125,"Wisconsin","Vilas County",5,9,252,135,117
050,55,125,"Wisconsin","Vilas County",5,10,203,110,93
050,55,125,"Wisconsin","Vilas County",5,11,224,119,105
050,55,125,"Wisconsin","Vilas County",5,12,200,107,93
050,55,125,"Wisconsin","Vilas County",5,13,211,109,102
050,55,125,"Wisconsin","Vilas County",5,14,233,137,96
050,55,125,"Wisconsin","Vilas County",5,15,246,143,103
050,55,125,"Wisconsin","Vilas County",5,16,261,143,118
050,55,125,"Wisconsin","Vilas County",5,17,226,122,104
050,55,125,"Wisconsin","Vilas County",5,18,199,102,97
050,55,125,"Wisconsin","Vilas County",5,19,164,78,86
050,55,125,"Wisconsin","Vilas County",5,20,160,84,76
050,55,125,"Wisconsin","Vilas County",5,21,166,88,78
050,55,125,"Wisconsin","Vilas County",5,22,161,85,76
050,55,125,"Wisconsin","Vilas County",5,23,161,97,64
050,55,125,"Wisconsin","Vilas County",5,24,166,91,75
050,55,125,"Wisconsin","Vilas County",5,25,166,73,93
050,55,125,"Wisconsin","Vilas County",5,26,161,85,76
050,55,125,"Wisconsin","Vilas County",5,27,191,111,80
050,55,125,"Wisconsin","Vilas County",5,28,167,92,75
050,55,125,"Wisconsin","Vilas County",5,29,180,102,78
050,55,125,"Wisconsin","Vilas County",5,30,190,99,91
050,55,125,"Wisconsin","Vilas County",5,31,166,87,79
050,55,125,"Wisconsin","Vilas County",5,32,190,97,93
050,55,125,"Wisconsin","Vilas County",5,33,200,115,85
050,55,125,"Wisconsin","Vilas County",5,34,220,109,111
050,55,125,"Wisconsin","Vilas County",5,35,208,102,106
050,55,125,"Wisconsin","Vilas County",5,36,217,108,109
050,55,125,"Wisconsin","Vilas County",5,37,225,114,111
050,55,125,"Wisconsin","Vilas County",5,38,228,128,100
050,55,125,"Wisconsin","Vilas County",5,39,193,99,94
050,55,125,"Wisconsin","Vilas County",5,40,205,100,105
050,55,125,"Wisconsin","Vilas County",5,41,196,102,94
050,55,125,"Wisconsin","Vilas County",5,42,215,110,105
050,55,125,"Wisconsin","Vilas County",5,43,216,113,103
050,55,125,"Wisconsin","Vilas County",5,44,214,120,94
050,55,125,"Wisconsin","Vilas County",5,45,205,104,101
050,55,125,"Wisconsin","Vilas County",5,46,217,115,102
050,55,125,"Wisconsin","Vilas County",5,47,207,108,99
050,55,125,"Wisconsin","Vilas County",5,48,213,102,111
050,55,125,"Wisconsin","Vilas County",5,49,209,106,103
050,55,125,"Wisconsin","Vilas County",5,50,225,115,110
050,55,125,"Wisconsin","Vilas County",5,51,242,124,118
050,55,125,"Wisconsin","Vilas County",5,52,283,145,138
050,55,125,"Wisconsin","Vilas County",5,53,319,165,154
050,55,125,"Wisconsin","Vilas County",5,54,281,144,137
050,55,125,"Wisconsin","Vilas County",5,55,339,175,164
050,55,125,"Wisconsin","Vilas County",5,56,357,194,163
050,55,125,"Wisconsin","Vilas County",5,57,392,200,192
050,55,125,"Wisconsin","Vilas County",5,58,453,240,213
050,55,125,"Wisconsin","Vilas County",5,59,486,239,247
050,55,125,"Wisconsin","Vilas County",5,60,493,253,240
050,55,125,"Wisconsin","Vilas County",5,61,531,279,252
050,55,125,"Wisconsin","Vilas County",5,62,557,287,270
050,55,125,"Wisconsin","Vilas County",5,63,585,290,295
050,55,125,"Wisconsin","Vilas County",5,64,585,285,300
050,55,125,"Wisconsin","Vilas County",5,65,551,271,280
050,55,125,"Wisconsin","Vilas County",5,66,585,297,288
050,55,125,"Wisconsin","Vilas County",5,67,576,318,258
050,55,125,"Wisconsin","Vilas County",5,68,499,268,231
050,55,125,"Wisconsin","Vilas County",5,69,506,269,237
050,55,125,"Wisconsin","Vilas County",5,70,483,257,226
050,55,125,"Wisconsin","Vilas County",5,71,456,239,217
050,55,125,"Wisconsin","Vilas County",5,72,405,208,197
050,55,125,"Wisconsin","Vilas County",5,73,387,199,188
050,55,125,"Wisconsin","Vilas County",5,74,374,186,188
050,55,125,"Wisconsin","Vilas County",5,75,357,174,183
050,55,125,"Wisconsin","Vilas County",5,76,366,194,172
050,55,125,"Wisconsin","Vilas County",5,77,264,135,129
050,55,125,"Wisconsin","Vilas County",5,78,229,120,109
050,55,125,"Wisconsin","Vilas County",5,79,227,120,107
050,55,125,"Wisconsin","Vilas County",5,80,241,116,125
050,55,125,"Wisconsin","Vilas County",5,81,221,106,115
050,55,125,"Wisconsin","Vilas County",5,82,180,84,96
050,55,125,"Wisconsin","Vilas County",5,83,133,53,80
050,55,125,"Wisconsin","Vilas County",5,84,114,54,60
050,55,125,"Wisconsin","Vilas County",5,85,602,281,321
050,55,127,"Wisconsin","Walworth County",1,0,947,484,463
050,55,127,"Wisconsin","Walworth County",1,1,982,519,463
050,55,127,"Wisconsin","Walworth County",1,2,947,519,428
050,55,127,"Wisconsin","Walworth County",1,3,1004,514,490
050,55,127,"Wisconsin","Walworth County",1,4,1078,532,546
050,55,127,"Wisconsin","Walworth County",1,5,1136,594,542
050,55,127,"Wisconsin","Walworth County",1,6,1068,529,539
050,55,127,"Wisconsin","Walworth County",1,7,1122,536,586
050,55,127,"Wisconsin","Walworth County",1,8,1134,588,546
050,55,127,"Wisconsin","Walworth County",1,9,1175,618,557
050,55,127,"Wisconsin","Walworth County",1,10,1271,663,608
050,55,127,"Wisconsin","Walworth County",1,11,1286,675,611
050,55,127,"Wisconsin","Walworth County",1,12,1367,695,672
050,55,127,"Wisconsin","Walworth County",1,13,1382,726,656
050,55,127,"Wisconsin","Walworth County",1,14,1367,694,673
050,55,127,"Wisconsin","Walworth County",1,15,1408,740,668
050,55,127,"Wisconsin","Walworth County",1,16,1434,763,671
050,55,127,"Wisconsin","Walworth County",1,17,1414,741,673
050,55,127,"Wisconsin","Walworth County",1,18,1653,839,814
050,55,127,"Wisconsin","Walworth County",1,19,2130,1151,979
050,55,127,"Wisconsin","Walworth County",1,20,2144,1071,1073
050,55,127,"Wisconsin","Walworth County",1,21,2422,1141,1281
050,55,127,"Wisconsin","Walworth County",1,22,2058,1008,1050
050,55,127,"Wisconsin","Walworth County",1,23,1686,939,747
050,55,127,"Wisconsin","Walworth County",1,24,1325,686,639
050,55,127,"Wisconsin","Walworth County",1,25,1237,631,606
050,55,127,"Wisconsin","Walworth County",1,26,1148,602,546
050,55,127,"Wisconsin","Walworth County",1,27,1113,599,514
050,55,127,"Wisconsin","Walworth County",1,28,1072,558,514
050,55,127,"Wisconsin","Walworth County",1,29,1052,557,495
050,55,127,"Wisconsin","Walworth County",1,30,1022,557,465
050,55,127,"Wisconsin","Walworth County",1,31,964,525,439
050,55,127,"Wisconsin","Walworth County",1,32,958,503,455
050,55,127,"Wisconsin","Walworth County",1,33,1086,558,528
050,55,127,"Wisconsin","Walworth County",1,34,1163,610,553
050,55,127,"Wisconsin","Walworth County",1,35,1155,599,556
050,55,127,"Wisconsin","Walworth County",1,36,1173,580,593
050,55,127,"Wisconsin","Walworth County",1,37,1209,625,584
050,55,127,"Wisconsin","Walworth County",1,38,1135,578,557
050,55,127,"Wisconsin","Walworth County",1,39,1147,587,560
050,55,127,"Wisconsin","Walworth County",1,40,1201,590,611
050,55,127,"Wisconsin","Walworth County",1,41,1181,598,583
050,55,127,"Wisconsin","Walworth County",1,42,1181,604,577
050,55,127,"Wisconsin","Walworth County",1,43,1154,582,572
050,55,127,"Wisconsin","Walworth County",1,44,1151,590,561
050,55,127,"Wisconsin","Walworth County",1,45,1113,538,575
050,55,127,"Wisconsin","Walworth County",1,46,1144,568,576
050,55,127,"Wisconsin","Walworth County",1,47,1144,575,569
050,55,127,"Wisconsin","Walworth County",1,48,1286,636,650
050,55,127,"Wisconsin","Walworth County",1,49,1367,678,689
050,55,127,"Wisconsin","Walworth County",1,50,1332,665,667
050,55,127,"Wisconsin","Walworth County",1,51,1337,703,634
050,55,127,"Wisconsin","Walworth County",1,52,1288,640,648
050,55,127,"Wisconsin","Walworth County",1,53,1381,685,696
050,55,127,"Wisconsin","Walworth County",1,54,1430,719,711
050,55,127,"Wisconsin","Walworth County",1,55,1536,760,776
050,55,127,"Wisconsin","Walworth County",1,56,1531,758,773
050,55,127,"Wisconsin","Walworth County",1,57,1570,780,790
050,55,127,"Wisconsin","Walworth County",1,58,1634,813,821
050,55,127,"Wisconsin","Walworth County",1,59,1644,835,809
050,55,127,"Wisconsin","Walworth County",1,60,1621,810,811
050,55,127,"Wisconsin","Walworth County",1,61,1614,817,797
050,55,127,"Wisconsin","Walworth County",1,62,1550,798,752
050,55,127,"Wisconsin","Walworth County",1,63,1502,760,742
050,55,127,"Wisconsin","Walworth County",1,64,1446,726,720
050,55,127,"Wisconsin","Walworth County",1,65,1466,713,753
050,55,127,"Wisconsin","Walworth County",1,66,1384,684,700
050,55,127,"Wisconsin","Walworth County",1,67,1302,638,664
050,55,127,"Wisconsin","Walworth County",1,68,1294,655,639
050,55,127,"Wisconsin","Walworth County",1,69,1205,604,601
050,55,127,"Wisconsin","Walworth County",1,70,1132,537,595
050,55,127,"Wisconsin","Walworth County",1,71,1106,533,573
050,55,127,"Wisconsin","Walworth County",1,72,1119,573,546
050,55,127,"Wisconsin","Walworth County",1,73,1065,535,530
050,55,127,"Wisconsin","Walworth County",1,74,743,364,379
050,55,127,"Wisconsin","Walworth County",1,75,753,366,387
050,55,127,"Wisconsin","Walworth County",1,76,741,359,382
050,55,127,"Wisconsin","Walworth County",1,77,743,368,375
050,55,127,"Wisconsin","Walworth County",1,78,647,309,338
050,55,127,"Wisconsin","Walworth County",1,79,558,263,295
050,55,127,"Wisconsin","Walworth County",1,80,470,207,263
050,55,127,"Wisconsin","Walworth County",1,81,446,195,251
050,55,127,"Wisconsin","Walworth County",1,82,415,182,233
050,55,127,"Wisconsin","Walworth County",1,83,380,155,225
050,55,127,"Wisconsin","Walworth County",1,84,347,143,204
050,55,127,"Wisconsin","Walworth County",1,85,2003,739,1264
050,55,127,"Wisconsin","Walworth County",2,0,943,485,458
050,55,127,"Wisconsin","Walworth County",2,1,970,508,462
050,55,127,"Wisconsin","Walworth County",2,2,954,517,437
050,55,127,"Wisconsin","Walworth County",2,3,990,514,476
050,55,127,"Wisconsin","Walworth County",2,4,1068,533,535
050,55,127,"Wisconsin","Walworth County",2,5,1123,580,543
050,55,127,"Wisconsin","Walworth County",2,6,1086,545,541
050,55,127,"Wisconsin","Walworth County",2,7,1109,534,575
050,55,127,"Wisconsin","Walworth County",2,8,1133,573,560
050,55,127,"Wisconsin","Walworth County",2,9,1169,612,557
050,55,127,"Wisconsin","Walworth County",2,10,1252,655,597
050,55,127,"Wisconsin","Walworth County",2,11,1284,672,612
050,55,127,"Wisconsin","Walworth County",2,12,1355,694,661
050,55,127,"Wisconsin","Walworth County",2,13,1380,719,661
050,55,127,"Wisconsin","Walworth County",2,14,1368,700,668
050,55,127,"Wisconsin","Walworth County",2,15,1400,729,671
050,55,127,"Wisconsin","Walworth County",2,16,1434,761,673
050,55,127,"Wisconsin","Walworth County",2,17,1423,750,673
050,55,127,"Wisconsin","Walworth County",2,18,1646,835,811
050,55,127,"Wisconsin","Walworth County",2,19,2127,1148,979
050,55,127,"Wisconsin","Walworth County",2,20,2170,1080,1090
050,55,127,"Wisconsin","Walworth County",2,21,2421,1147,1274
050,55,127,"Wisconsin","Walworth County",2,22,2053,1010,1043
050,55,127,"Wisconsin","Walworth County",2,23,1691,939,752
050,55,127,"Wisconsin","Walworth County",2,24,1323,688,635
050,55,127,"Wisconsin","Walworth County",2,25,1243,635,608
050,55,127,"Wisconsin","Walworth County",2,26,1153,604,549
050,55,127,"Wisconsin","Walworth County",2,27,1110,594,516
050,55,127,"Wisconsin","Walworth County",2,28,1089,571,518
050,55,127,"Wisconsin","Walworth County",2,29,1060,560,500
050,55,127,"Wisconsin","Walworth County",2,30,1041,563,478
050,55,127,"Wisconsin","Walworth County",2,31,976,529,447
050,55,127,"Wisconsin","Walworth County",2,32,965,509,456
050,55,127,"Wisconsin","Walworth County",2,33,1053,544,509
050,55,127,"Wisconsin","Walworth County",2,34,1145,599,546
050,55,127,"Wisconsin","Walworth County",2,35,1160,602,558
050,55,127,"Wisconsin","Walworth County",2,36,1164,582,582
050,55,127,"Wisconsin","Walworth County",2,37,1206,616,590
050,55,127,"Wisconsin","Walworth County",2,38,1153,589,564
050,55,127,"Wisconsin","Walworth County",2,39,1142,582,560
050,55,127,"Wisconsin","Walworth County",2,40,1196,595,601
050,55,127,"Wisconsin","Walworth County",2,41,1185,596,589
050,55,127,"Wisconsin","Walworth County",2,42,1175,602,573
050,55,127,"Wisconsin","Walworth County",2,43,1168,592,576
050,55,127,"Wisconsin","Walworth County",2,44,1137,581,556
050,55,127,"Wisconsin","Walworth County",2,45,1126,552,574
050,55,127,"Wisconsin","Walworth County",2,46,1133,557,576
050,55,127,"Wisconsin","Walworth County",2,47,1137,566,571
050,55,127,"Wisconsin","Walworth County",2,48,1256,625,631
050,55,127,"Wisconsin","Walworth County",2,49,1357,672,685
050,55,127,"Wisconsin","Walworth County",2,50,1340,667,673
050,55,127,"Wisconsin","Walworth County",2,51,1333,693,640
050,55,127,"Wisconsin","Walworth County",2,52,1294,652,642
050,55,127,"Wisconsin","Walworth County",2,53,1363,679,684
050,55,127,"Wisconsin","Walworth County",2,54,1416,710,706
050,55,127,"Wisconsin","Walworth County",2,55,1509,751,758
050,55,127,"Wisconsin","Walworth County",2,56,1539,762,777
050,55,127,"Wisconsin","Walworth County",2,57,1569,779,790
050,55,127,"Wisconsin","Walworth County",2,58,1615,804,811
050,55,127,"Wisconsin","Walworth County",2,59,1654,835,819
050,55,127,"Wisconsin","Walworth County",2,60,1623,811,812
050,55,127,"Wisconsin","Walworth County",2,61,1611,811,800
050,55,127,"Wisconsin","Walworth County",2,62,1566,804,762
050,55,127,"Wisconsin","Walworth County",2,63,1524,776,748
050,55,127,"Wisconsin","Walworth County",2,64,1451,728,723
050,55,127,"Wisconsin","Walworth County",2,65,1463,718,745
050,55,127,"Wisconsin","Walworth County",2,66,1410,692,718
050,55,127,"Wisconsin","Walworth County",2,67,1320,648,672
050,55,127,"Wisconsin","Walworth County",2,68,1288,645,643
050,55,127,"Wisconsin","Walworth County",2,69,1227,618,609
050,55,127,"Wisconsin","Walworth County",2,70,1147,551,596
050,55,127,"Wisconsin","Walworth County",2,71,1111,532,579
050,55,127,"Wisconsin","Walworth County",2,72,1101,556,545
050,55,127,"Wisconsin","Walworth County",2,73,1135,573,562
050,55,127,"Wisconsin","Walworth County",2,74,765,378,387
050,55,127,"Wisconsin","Walworth County",2,75,753,366,387
050,55,127,"Wisconsin","Walworth County",2,76,732,358,374
050,55,127,"Wisconsin","Walworth County",2,77,761,374,387
050,55,127,"Wisconsin","Walworth County",2,78,652,312,340
050,55,127,"Wisconsin","Walworth County",2,79,566,269,297
050,55,127,"Wisconsin","Walworth County",2,80,488,218,270
050,55,127,"Wisconsin","Walworth County",2,81,445,193,252
050,55,127,"Wisconsin","Walworth County",2,82,416,184,232
050,55,127,"Wisconsin","Walworth County",2,83,384,159,225
050,55,127,"Wisconsin","Walworth County",2,84,347,142,205
050,55,127,"Wisconsin","Walworth County",2,85,2003,742,1261
050,55,127,"Wisconsin","Walworth County",3,0,853,431,422
050,55,127,"Wisconsin","Walworth County",3,1,967,489,478
050,55,127,"Wisconsin","Walworth County",3,2,971,517,454
050,55,127,"Wisconsin","Walworth County",3,3,955,504,451
050,55,127,"Wisconsin","Walworth County",3,4,1008,529,479
050,55,127,"Wisconsin","Walworth County",3,5,1061,553,508
050,55,127,"Wisconsin","Walworth County",3,6,1104,566,538
050,55,127,"Wisconsin","Walworth County",3,7,1108,552,556
050,55,127,"Wisconsin","Walworth County",3,8,1107,525,582
050,55,127,"Wisconsin","Walworth County",3,9,1150,581,569
050,55,127,"Wisconsin","Walworth County",3,10,1161,613,548
050,55,127,"Wisconsin","Walworth County",3,11,1248,652,596
050,55,127,"Wisconsin","Walworth County",3,12,1298,680,618
050,55,127,"Wisconsin","Walworth County",3,13,1369,694,675
050,55,127,"Wisconsin","Walworth County",3,14,1388,722,666
050,55,127,"Wisconsin","Walworth County",3,15,1368,715,653
050,55,127,"Wisconsin","Walworth County",3,16,1417,738,679
050,55,127,"Wisconsin","Walworth County",3,17,1432,763,669
050,55,127,"Wisconsin","Walworth County",3,18,1594,819,775
050,55,127,"Wisconsin","Walworth County",3,19,1920,1029,891
050,55,127,"Wisconsin","Walworth County",3,20,2073,1035,1038
050,55,127,"Wisconsin","Walworth County",3,21,2435,1162,1273
050,55,127,"Wisconsin","Walworth County",3,22,2109,1034,1075
050,55,127,"Wisconsin","Walworth County",3,23,1670,952,718
050,55,127,"Wisconsin","Walworth County",3,24,1319,685,634
050,55,127,"Wisconsin","Walworth County",3,25,1277,661,616
050,55,127,"Wisconsin","Walworth County",3,26,1121,576,545
050,55,127,"Wisconsin","Walworth County",3,27,1099,577,522
050,55,127,"Wisconsin","Walworth County",3,28,1123,593,530
050,55,127,"Wisconsin","Walworth County",3,29,1124,579,545
050,55,127,"Wisconsin","Walworth County",3,30,1055,543,512
050,55,127,"Wisconsin","Walworth County",3,31,1072,594,478
050,55,127,"Wisconsin","Walworth County",3,32,1034,553,481
050,55,127,"Wisconsin","Walworth County",3,33,985,520,465
050,55,127,"Wisconsin","Walworth County",3,34,1084,562,522
050,55,127,"Wisconsin","Walworth County",3,35,1146,577,569
050,55,127,"Wisconsin","Walworth County",3,36,1187,614,573
050,55,127,"Wisconsin","Walworth County",3,37,1191,602,589
050,55,127,"Wisconsin","Walworth County",3,38,1210,609,601
050,55,127,"Wisconsin","Walworth County",3,39,1164,600,564
050,55,127,"Wisconsin","Walworth County",3,40,1146,576,570
050,55,127,"Wisconsin","Walworth County",3,41,1201,596,605
050,55,127,"Wisconsin","Walworth County",3,42,1199,601,598
050,55,127,"Wisconsin","Walworth County",3,43,1160,590,570
050,55,127,"Wisconsin","Walworth County",3,44,1198,603,595
050,55,127,"Wisconsin","Walworth County",3,45,1129,576,553
050,55,127,"Wisconsin","Walworth County",3,46,1150,571,579
050,55,127,"Wisconsin","Walworth County",3,47,1129,548,581
050,55,127,"Wisconsin","Walworth County",3,48,1160,594,566
050,55,127,"Wisconsin","Walworth County",3,49,1259,623,636
050,55,127,"Wisconsin","Walworth County",3,50,1350,669,681
050,55,127,"Wisconsin","Walworth County",3,51,1346,669,677
050,55,127,"Wisconsin","Walworth County",3,52,1347,698,649
050,55,127,"Wisconsin","Walworth County",3,53,1338,669,669
050,55,127,"Wisconsin","Walworth County",3,54,1359,676,683
050,55,127,"Wisconsin","Walworth County",3,55,1427,713,714
050,55,127,"Wisconsin","Walworth County",3,56,1520,754,766
050,55,127,"Wisconsin","Walworth County",3,57,1554,784,770
050,55,127,"Wisconsin","Walworth County",3,58,1568,773,795
050,55,127,"Wisconsin","Walworth County",3,59,1590,782,808
050,55,127,"Wisconsin","Walworth County",3,60,1687,842,845
050,55,127,"Wisconsin","Walworth County",3,61,1630,839,791
050,55,127,"Wisconsin","Walworth County",3,62,1600,800,800
050,55,127,"Wisconsin","Walworth County",3,63,1576,805,771
050,55,127,"Wisconsin","Walworth County",3,64,1491,754,737
050,55,127,"Wisconsin","Walworth County",3,65,1463,724,739
050,55,127,"Wisconsin","Walworth County",3,66,1457,715,742
050,55,127,"Wisconsin","Walworth County",3,67,1392,668,724
050,55,127,"Wisconsin","Walworth County",3,68,1320,645,675
050,55,127,"Wisconsin","Walworth County",3,69,1284,642,642
050,55,127,"Wisconsin","Walworth County",3,70,1207,599,608
050,55,127,"Wisconsin","Walworth County",3,71,1117,532,585
050,55,127,"Wisconsin","Walworth County",3,72,1103,537,566
050,55,127,"Wisconsin","Walworth County",3,73,1065,536,529
050,55,127,"Wisconsin","Walworth County",3,74,1110,568,542
050,55,127,"Wisconsin","Walworth County",3,75,746,362,384
050,55,127,"Wisconsin","Walworth County",3,76,732,362,370
050,55,127,"Wisconsin","Walworth County",3,77,719,352,367
050,55,127,"Wisconsin","Walworth County",3,78,727,363,364
050,55,127,"Wisconsin","Walworth County",3,79,614,288,326
050,55,127,"Wisconsin","Walworth County",3,80,548,259,289
050,55,127,"Wisconsin","Walworth County",3,81,473,215,258
050,55,127,"Wisconsin","Walworth County",3,82,412,177,235
050,55,127,"Wisconsin","Walworth County",3,83,399,167,232
050,55,127,"Wisconsin","Walworth County",3,84,355,146,209
050,55,127,"Wisconsin","Walworth County",3,85,1982,722,1260
050,55,127,"Wisconsin","Walworth County",4,0,913,472,441
050,55,127,"Wisconsin","Walworth County",4,1,847,416,431
050,55,127,"Wisconsin","Walworth County",4,2,954,478,476
050,55,127,"Wisconsin","Walworth County",4,3,964,514,450
050,55,127,"Wisconsin","Walworth County",4,4,975,522,453
050,55,127,"Wisconsin","Walworth County",4,5,1030,529,501
050,55,127,"Wisconsin","Walworth County",4,6,1078,564,514
050,55,127,"Wisconsin","Walworth County",4,7,1132,592,540
050,55,127,"Wisconsin","Walworth County",4,8,1135,560,575
050,55,127,"Wisconsin","Walworth County",4,9,1123,533,590
050,55,127,"Wisconsin","Walworth County",4,10,1173,594,579
050,55,127,"Wisconsin","Walworth County",4,11,1171,610,561
050,55,127,"Wisconsin","Walworth County",4,12,1261,665,596
050,55,127,"Wisconsin","Walworth County",4,13,1317,684,633
050,55,127,"Wisconsin","Walworth County",4,14,1375,705,670
050,55,127,"Wisconsin","Walworth County",4,15,1386,721,665
050,55,127,"Wisconsin","Walworth County",4,16,1379,714,665
050,55,127,"Wisconsin","Walworth County",4,17,1421,742,679
050,55,127,"Wisconsin","Walworth County",4,18,1625,842,783
050,55,127,"Wisconsin","Walworth County",4,19,2020,1095,925
050,55,127,"Wisconsin","Walworth County",4,20,2077,1010,1067
050,55,127,"Wisconsin","Walworth County",4,21,2475,1173,1302
050,55,127,"Wisconsin","Walworth County",4,22,2175,1084,1091
050,55,127,"Wisconsin","Walworth County",4,23,1766,979,787
050,55,127,"Wisconsin","Walworth County",4,24,1308,724,584
050,55,127,"Wisconsin","Walworth County",4,25,1214,626,588
050,55,127,"Wisconsin","Walworth County",4,26,1110,582,528
050,55,127,"Wisconsin","Walworth County",4,27,1083,550,533
050,55,127,"Wisconsin","Walworth County",4,28,1150,619,531
050,55,127,"Wisconsin","Walworth County",4,29,1104,576,528
050,55,127,"Wisconsin","Walworth County",4,30,1095,563,532
050,55,127,"Wisconsin","Walworth County",4,31,1062,558,504
050,55,127,"Wisconsin","Walworth County",4,32,1080,589,491
050,55,127,"Wisconsin","Walworth County",4,33,1046,547,499
050,55,127,"Wisconsin","Walworth County",4,34,1032,539,493
050,55,127,"Wisconsin","Walworth County",4,35,1086,565,521
050,55,127,"Wisconsin","Walworth County",4,36,1148,566,582
050,55,127,"Wisconsin","Walworth County",4,37,1222,632,590
050,55,127,"Wisconsin","Walworth County",4,38,1187,599,588
050,55,127,"Wisconsin","Walworth County",4,39,1209,607,602
050,55,127,"Wisconsin","Walworth County",4,40,1179,608,571
050,55,127,"Wisconsin","Walworth County",4,41,1143,578,565
050,55,127,"Wisconsin","Walworth County",4,42,1216,608,608
050,55,127,"Wisconsin","Walworth County",4,43,1212,612,600
050,55,127,"Wisconsin","Walworth County",4,44,1165,589,576
050,55,127,"Wisconsin","Walworth County",4,45,1201,606,595
050,55,127,"Wisconsin","Walworth County",4,46,1138,584,554
050,55,127,"Wisconsin","Walworth County",4,47,1150,576,574
050,55,127,"Wisconsin","Walworth County",4,48,1124,547,577
050,55,127,"Wisconsin","Walworth County",4,49,1139,571,568
050,55,127,"Wisconsin","Walworth County",4,50,1257,620,637
050,55,127,"Wisconsin","Walworth County",4,51,1351,677,674
050,55,127,"Wisconsin","Walworth County",4,52,1315,648,667
050,55,127,"Wisconsin","Walworth County",4,53,1357,685,672
050,55,127,"Wisconsin","Walworth County",4,54,1331,673,658
050,55,127,"Wisconsin","Walworth County",4,55,1362,680,682
050,55,127,"Wisconsin","Walworth County",4,56,1440,723,717
050,55,127,"Wisconsin","Walworth County",4,57,1533,756,777
050,55,127,"Wisconsin","Walworth County",4,58,1534,771,763
050,55,127,"Wisconsin","Walworth County",4,59,1563,782,781
050,55,127,"Wisconsin","Walworth County",4,60,1593,783,810
050,55,127,"Wisconsin","Walworth County",4,61,1656,825,831
050,55,127,"Wisconsin","Walworth County",4,62,1636,831,805
050,55,127,"Wisconsin","Walworth County",4,63,1596,804,792
050,55,127,"Wisconsin","Walworth County",4,64,1558,780,778
050,55,127,"Wisconsin","Walworth County",4,65,1507,753,754
050,55,127,"Wisconsin","Walworth County",4,66,1445,711,734
050,55,127,"Wisconsin","Walworth County",4,67,1453,706,747
050,55,127,"Wisconsin","Walworth County",4,68,1373,662,711
050,55,127,"Wisconsin","Walworth County",4,69,1304,642,662
050,55,127,"Wisconsin","Walworth County",4,70,1274,634,640
050,55,127,"Wisconsin","Walworth County",4,71,1200,607,593
050,55,127,"Wisconsin","Walworth County",4,72,1093,525,568
050,55,127,"Wisconsin","Walworth County",4,73,1083,519,564
050,55,127,"Wisconsin","Walworth County",4,74,1060,526,534
050,55,127,"Wisconsin","Walworth County",4,75,1096,568,528
050,55,127,"Wisconsin","Walworth County",4,76,728,356,372
050,55,127,"Wisconsin","Walworth County",4,77,719,347,372
050,55,127,"Wisconsin","Walworth County",4,78,696,345,351
050,55,127,"Wisconsin","Walworth County",4,79,689,341,348
050,55,127,"Wisconsin","Walworth County",4,80,589,279,310
050,55,127,"Wisconsin","Walworth County",4,81,507,238,269
050,55,127,"Wisconsin","Walworth County",4,82,449,204,245
050,55,127,"Wisconsin","Walworth County",4,83,390,158,232
050,55,127,"Wisconsin","Walworth County",4,84,355,151,204
050,55,127,"Wisconsin","Walworth County",4,85,1997,740,1257
050,55,127,"Wisconsin","Walworth County",5,0,917,482,435
050,55,127,"Wisconsin","Walworth County",5,1,922,475,447
050,55,127,"Wisconsin","Walworth County",5,2,859,417,442
050,55,127,"Wisconsin","Walworth County",5,3,956,486,470
050,55,127,"Wisconsin","Walworth County",5,4,977,513,464
050,55,127,"Wisconsin","Walworth County",5,5,988,518,470
050,55,127,"Wisconsin","Walworth County",5,6,1046,549,497
050,55,127,"Wisconsin","Walworth County",5,7,1075,551,524
050,55,127,"Wisconsin","Walworth County",5,8,1138,593,545
050,55,127,"Wisconsin","Walworth County",5,9,1123,558,565
050,55,127,"Wisconsin","Walworth County",5,10,1131,544,587
050,55,127,"Wisconsin","Walworth County",5,11,1159,584,575
050,55,127,"Wisconsin","Walworth County",5,12,1186,623,563
050,55,127,"Wisconsin","Walworth County",5,13,1270,666,604
050,55,127,"Wisconsin","Walworth County",5,14,1313,687,626
050,55,127,"Wisconsin","Walworth County",5,15,1345,696,649
050,55,127,"Wisconsin","Walworth County",5,16,1381,724,657
050,55,127,"Wisconsin","Walworth County",5,17,1388,718,670
050,55,127,"Wisconsin","Walworth County",5,18,1620,844,776
050,55,127,"Wisconsin","Walworth County",5,19,2026,1113,913
050,55,127,"Wisconsin","Walworth County",5,20,2106,1031,1075
050,55,127,"Wisconsin","Walworth County",5,21,2420,1142,1278
050,55,127,"Wisconsin","Walworth County",5,22,2215,1105,1110
050,55,127,"Wisconsin","Walworth County",5,23,1770,1007,763
050,55,127,"Wisconsin","Walworth County",5,24,1358,715,643
050,55,127,"Wisconsin","Walworth County",5,25,1245,680,565
050,55,127,"Wisconsin","Walworth County",5,26,1136,600,536
050,55,127,"Wisconsin","Walworth County",5,27,1050,538,512
050,55,127,"Wisconsin","Walworth County",5,28,1074,549,525
050,55,127,"Wisconsin","Walworth County",5,29,1144,621,523
050,55,127,"Wisconsin","Walworth County",5,30,1097,569,528
050,55,127,"Wisconsin","Walworth County",5,31,1109,572,537
050,55,127,"Wisconsin","Walworth County",5,32,1096,573,523
050,55,127,"Wisconsin","Walworth County",5,33,1110,614,496
050,55,127,"Wisconsin","Walworth County",5,34,1080,558,522
050,55,127,"Wisconsin","Walworth County",5,35,997,512,485
050,55,127,"Wisconsin","Walworth County",5,36,1100,569,531
050,55,127,"Wisconsin","Walworth County",5,37,1154,570,584
050,55,127,"Wisconsin","Walworth County",5,38,1220,619,601
050,55,127,"Wisconsin","Walworth County",5,39,1184,593,591
050,55,127,"Wisconsin","Walworth County",5,40,1222,623,599
050,55,127,"Wisconsin","Walworth County",5,41,1188,612,576
050,55,127,"Wisconsin","Walworth County",5,42,1151,587,564
050,55,127,"Wisconsin","Walworth County",5,43,1209,608,601
050,55,127,"Wisconsin","Walworth County",5,44,1213,610,603
050,55,127,"Wisconsin","Walworth County",5,45,1154,589,565
050,55,127,"Wisconsin","Walworth County",5,46,1202,609,593
050,55,127,"Wisconsin","Walworth County",5,47,1128,579,549
050,55,127,"Wisconsin","Walworth County",5,48,1144,576,568
050,55,127,"Wisconsin","Walworth County",5,49,1124,541,583
050,55,127,"Wisconsin","Walworth County",5,50,1137,570,567
050,55,127,"Wisconsin","Walworth County",5,51,1261,627,634
050,55,127,"Wisconsin","Walworth County",5,52,1377,690,687
050,55,127,"Wisconsin","Walworth County",5,53,1322,651,671
050,55,127,"Wisconsin","Walworth County",5,54,1365,701,664
050,55,127,"Wisconsin","Walworth County",5,55,1341,664,677
050,55,127,"Wisconsin","Walworth County",5,56,1372,684,688
050,55,127,"Wisconsin","Walworth County",5,57,1438,714,724
050,55,127,"Wisconsin","Walworth County",5,58,1520,752,768
050,55,127,"Wisconsin","Walworth County",5,59,1528,770,758
050,55,127,"Wisconsin","Walworth County",5,60,1544,773,771
050,55,127,"Wisconsin","Walworth County",5,61,1599,780,819
050,55,127,"Wisconsin","Walworth County",5,62,1675,830,845
050,55,127,"Wisconsin","Walworth County",5,63,1626,825,801
050,55,127,"Wisconsin","Walworth County",5,64,1605,799,806
050,55,127,"Wisconsin","Walworth County",5,65,1566,777,789
050,55,127,"Wisconsin","Walworth County",5,66,1507,745,762
050,55,127,"Wisconsin","Walworth County",5,67,1419,694,725
050,55,127,"Wisconsin","Walworth County",5,68,1459,710,749
050,55,127,"Wisconsin","Walworth County",5,69,1364,661,703
050,55,127,"Wisconsin","Walworth County",5,70,1308,636,672
050,55,127,"Wisconsin","Walworth County",5,71,1268,636,632
050,55,127,"Wisconsin","Walworth County",5,72,1188,597,591
050,55,127,"Wisconsin","Walworth County",5,73,1079,518,561
050,55,127,"Wisconsin","Walworth County",5,74,1061,512,549
050,55,127,"Wisconsin","Walworth County",5,75,1038,518,520
050,55,127,"Wisconsin","Walworth County",5,76,1049,547,502
050,55,127,"Wisconsin","Walworth County",5,77,711,342,369
050,55,127,"Wisconsin","Walworth County",5,78,688,337,351
050,55,127,"Wisconsin","Walworth County",5,79,663,321,342
050,55,127,"Wisconsin","Walworth County",5,80,657,327,330
050,55,127,"Wisconsin","Walworth County",5,81,562,257,305
050,55,127,"Wisconsin","Walworth County",5,82,483,224,259
050,55,127,"Wisconsin","Walworth County",5,83,433,187,246
050,55,127,"Wisconsin","Walworth County",5,84,344,141,203
050,55,127,"Wisconsin","Walworth County",5,85,2045,769,1276
050,55,129,"Wisconsin","Washburn County",1,0,127,66,61
050,55,129,"Wisconsin","Washburn County",1,1,134,72,62
050,55,129,"Wisconsin","Washburn County",1,2,141,70,71
050,55,129,"Wisconsin","Washburn County",1,3,158,78,80
050,55,129,"Wisconsin","Washburn County",1,4,144,74,70
050,55,129,"Wisconsin","Washburn County",1,5,168,84,84
050,55,129,"Wisconsin","Washburn County",1,6,167,87,80
050,55,129,"Wisconsin","Washburn County",1,7,155,78,77
050,55,129,"Wisconsin","Washburn County",1,8,164,84,80
050,55,129,"Wisconsin","Washburn County",1,9,165,83,82
050,55,129,"Wisconsin","Washburn County",1,10,181,93,88
050,55,129,"Wisconsin","Washburn County",1,11,191,104,87
050,55,129,"Wisconsin","Washburn County",1,12,214,113,101
050,55,129,"Wisconsin","Washburn County",1,13,206,106,100
050,55,129,"Wisconsin","Washburn County",1,14,203,99,104
050,55,129,"Wisconsin","Washburn County",1,15,199,97,102
050,55,129,"Wisconsin","Washburn County",1,16,195,97,98
050,55,129,"Wisconsin","Washburn County",1,17,192,89,103
050,55,129,"Wisconsin","Washburn County",1,18,154,82,72
050,55,129,"Wisconsin","Washburn County",1,19,129,65,64
050,55,129,"Wisconsin","Washburn County",1,20,106,56,50
050,55,129,"Wisconsin","Washburn County",1,21,126,63,63
050,55,129,"Wisconsin","Washburn County",1,22,138,71,67
050,55,129,"Wisconsin","Washburn County",1,23,133,71,62
050,55,129,"Wisconsin","Washburn County",1,24,130,61,69
050,55,129,"Wisconsin","Washburn County",1,25,147,63,84
050,55,129,"Wisconsin","Washburn County",1,26,142,72,70
050,55,129,"Wisconsin","Washburn County",1,27,141,73,68
050,55,129,"Wisconsin","Washburn County",1,28,134,63,71
050,55,129,"Wisconsin","Washburn County",1,29,125,61,64
050,55,129,"Wisconsin","Washburn County",1,30,114,61,53
050,55,129,"Wisconsin","Washburn County",1,31,129,66,63
050,55,129,"Wisconsin","Washburn County",1,32,144,69,75
050,55,129,"Wisconsin","Washburn County",1,33,163,71,92
050,55,129,"Wisconsin","Washburn County",1,34,150,69,81
050,55,129,"Wisconsin","Washburn County",1,35,173,79,94
050,55,129,"Wisconsin","Washburn County",1,36,162,77,85
050,55,129,"Wisconsin","Washburn County",1,37,164,84,80
050,55,129,"Wisconsin","Washburn County",1,38,171,91,80
050,55,129,"Wisconsin","Washburn County",1,39,159,82,77
050,55,129,"Wisconsin","Washburn County",1,40,163,80,83
050,55,129,"Wisconsin","Washburn County",1,41,168,89,79
050,55,129,"Wisconsin","Washburn County",1,42,166,81,85
050,55,129,"Wisconsin","Washburn County",1,43,159,82,77
050,55,129,"Wisconsin","Washburn County",1,44,138,72,66
050,55,129,"Wisconsin","Washburn County",1,45,166,81,85
050,55,129,"Wisconsin","Washburn County",1,46,167,92,75
050,55,129,"Wisconsin","Washburn County",1,47,172,82,90
050,55,129,"Wisconsin","Washburn County",1,48,196,94,102
050,55,129,"Wisconsin","Washburn County",1,49,223,116,107
050,55,129,"Wisconsin","Washburn County",1,50,209,117,92
050,55,129,"Wisconsin","Washburn County",1,51,198,104,94
050,55,129,"Wisconsin","Washburn County",1,52,202,100,102
050,55,129,"Wisconsin","Washburn County",1,53,234,110,124
050,55,129,"Wisconsin","Washburn County",1,54,237,124,113
050,55,129,"Wisconsin","Washburn County",1,55,262,135,127
050,55,129,"Wisconsin","Washburn County",1,56,278,143,135
050,55,129,"Wisconsin","Washburn County",1,57,300,150,150
050,55,129,"Wisconsin","Washburn County",1,58,320,164,156
050,55,129,"Wisconsin","Washburn County",1,59,327,165,162
050,55,129,"Wisconsin","Washburn County",1,60,310,147,163
050,55,129,"Wisconsin","Washburn County",1,61,340,165,175
050,55,129,"Wisconsin","Washburn County",1,62,307,143,164
050,55,129,"Wisconsin","Washburn County",1,63,305,141,164
050,55,129,"Wisconsin","Washburn County",1,64,305,151,154
050,55,129,"Wisconsin","Washburn County",1,65,343,181,162
050,55,129,"Wisconsin","Washburn County",1,66,339,180,159
050,55,129,"Wisconsin","Washburn County",1,67,311,165,146
050,55,129,"Wisconsin","Washburn County",1,68,323,167,156
050,55,129,"Wisconsin","Washburn County",1,69,297,149,148
050,55,129,"Wisconsin","Washburn County",1,70,254,138,116
050,55,129,"Wisconsin","Washburn County",1,71,263,135,128
050,55,129,"Wisconsin","Washburn County",1,72,272,143,129
050,55,129,"Wisconsin","Washburn County",1,73,262,149,113
050,55,129,"Wisconsin","Washburn County",1,74,182,101,81
050,55,129,"Wisconsin","Washburn County",1,75,187,98,89
050,55,129,"Wisconsin","Washburn County",1,76,183,95,88
050,55,129,"Wisconsin","Washburn County",1,77,164,85,79
050,55,129,"Wisconsin","Washburn County",1,78,138,70,68
050,55,129,"Wisconsin","Washburn County",1,79,126,59,67
050,55,129,"Wisconsin","Washburn County",1,80,104,52,52
050,55,129,"Wisconsin","Washburn County",1,81,97,45,52
050,55,129,"Wisconsin","Washburn County",1,82,82,41,41
050,55,129,"Wisconsin","Washburn County",1,83,85,39,46
050,55,129,"Wisconsin","Washburn County",1,84,84,42,42
050,55,129,"Wisconsin","Washburn County",1,85,437,149,288
050,55,129,"Wisconsin","Washburn County",2,0,123,64,59
050,55,129,"Wisconsin","Washburn County",2,1,130,69,61
050,55,129,"Wisconsin","Washburn County",2,2,139,70,69
050,55,129,"Wisconsin","Washburn County",2,3,151,75,76
050,55,129,"Wisconsin","Washburn County",2,4,151,76,75
050,55,129,"Wisconsin","Washburn County",2,5,165,82,83
050,55,129,"Wisconsin","Washburn County",2,6,168,86,82
050,55,129,"Wisconsin","Washburn County",2,7,159,82,77
050,55,129,"Wisconsin","Washburn County",2,8,161,81,80
050,55,129,"Wisconsin","Washburn County",2,9,163,82,81
050,55,129,"Wisconsin","Washburn County",2,10,176,89,87
050,55,129,"Wisconsin","Washburn County",2,11,188,100,88
050,55,129,"Wisconsin","Washburn County",2,12,207,109,98
050,55,129,"Wisconsin","Washburn County",2,13,208,108,100
050,55,129,"Wisconsin","Washburn County",2,14,202,100,102
050,55,129,"Wisconsin","Washburn County",2,15,200,97,103
050,55,129,"Wisconsin","Washburn County",2,16,196,97,99
050,55,129,"Wisconsin","Washburn County",2,17,191,90,101
050,55,129,"Wisconsin","Washburn County",2,18,156,81,75
050,55,129,"Wisconsin","Washburn County",2,19,124,64,60
050,55,129,"Wisconsin","Washburn County",2,20,115,60,55
050,55,129,"Wisconsin","Washburn County",2,21,123,63,60
050,55,129,"Wisconsin","Washburn County",2,22,135,70,65
050,55,129,"Wisconsin","Washburn County",2,23,138,73,65
050,55,129,"Wisconsin","Washburn County",2,24,133,64,69
050,55,129,"Wisconsin","Washburn County",2,25,142,62,80
050,55,129,"Wisconsin","Washburn County",2,26,143,70,73
050,55,129,"Wisconsin","Washburn County",2,27,140,72,68
050,55,129,"Wisconsin","Washburn County",2,28,136,65,71
050,55,129,"Wisconsin","Washburn County",2,29,129,62,67
050,55,129,"Wisconsin","Washburn County",2,30,114,60,54
050,55,129,"Wisconsin","Washburn County",2,31,123,63,60
050,55,129,"Wisconsin","Washburn County",2,32,142,69,73
050,55,129,"Wisconsin","Washburn County",2,33,159,71,88
050,55,129,"Wisconsin","Washburn County",2,34,156,70,86
050,55,129,"Wisconsin","Washburn County",2,35,169,78,91
050,55,129,"Wisconsin","Washburn County",2,36,164,78,86
050,55,129,"Wisconsin","Washburn County",2,37,163,82,81
050,55,129,"Wisconsin","Washburn County",2,38,171,90,81
050,55,129,"Wisconsin","Washburn County",2,39,161,84,77
050,55,129,"Wisconsin","Washburn County",2,40,164,82,82
050,55,129,"Wisconsin","Washburn County",2,41,168,88,80
050,55,129,"Wisconsin","Washburn County",2,42,168,84,84
050,55,129,"Wisconsin","Washburn County",2,43,161,81,80
050,55,129,"Wisconsin","Washburn County",2,44,143,75,68
050,55,129,"Wisconsin","Washburn County",2,45,162,80,82
050,55,129,"Wisconsin","Washburn County",2,46,167,89,78
050,55,129,"Wisconsin","Washburn County",2,47,171,85,86
050,55,129,"Wisconsin","Washburn County",2,48,191,92,99
050,55,129,"Wisconsin","Washburn County",2,49,221,113,108
050,55,129,"Wisconsin","Washburn County",2,50,213,116,97
050,55,129,"Wisconsin","Washburn County",2,51,200,107,93
050,55,129,"Wisconsin","Washburn County",2,52,203,102,101
050,55,129,"Wisconsin","Washburn County",2,53,229,109,120
050,55,129,"Wisconsin","Washburn County",2,54,238,122,116
050,55,129,"Wisconsin","Washburn County",2,55,257,133,124
050,55,129,"Wisconsin","Washburn County",2,56,279,143,136
050,55,129,"Wisconsin","Washburn County",2,57,295,150,145
050,55,129,"Wisconsin","Washburn County",2,58,316,160,156
050,55,129,"Wisconsin","Washburn County",2,59,328,166,162
050,55,129,"Wisconsin","Washburn County",2,60,316,152,164
050,55,129,"Wisconsin","Washburn County",2,61,333,160,173
050,55,129,"Wisconsin","Washburn County",2,62,320,151,169
050,55,129,"Wisconsin","Washburn County",2,63,307,144,163
050,55,129,"Wisconsin","Washburn County",2,64,307,150,157
050,55,129,"Wisconsin","Washburn County",2,65,336,175,161
050,55,129,"Wisconsin","Washburn County",2,66,343,183,160
050,55,129,"Wisconsin","Washburn County",2,67,316,169,147
050,55,129,"Wisconsin","Washburn County",2,68,319,166,153
050,55,129,"Wisconsin","Washburn County",2,69,301,150,151
050,55,129,"Wisconsin","Washburn County",2,70,262,139,123
050,55,129,"Wisconsin","Washburn County",2,71,261,135,126
050,55,129,"Wisconsin","Washburn County",2,72,265,138,127
050,55,129,"Wisconsin","Washburn County",2,73,275,153,122
050,55,129,"Wisconsin","Washburn County",2,74,187,105,82
050,55,129,"Wisconsin","Washburn County",2,75,183,97,86
050,55,129,"Wisconsin","Washburn County",2,76,180,94,86
050,55,129,"Wisconsin","Washburn County",2,77,169,89,80
050,55,129,"Wisconsin","Washburn County",2,78,140,71,69
050,55,129,"Wisconsin","Washburn County",2,79,125,59,66
050,55,129,"Wisconsin","Washburn County",2,80,107,52,55
050,55,129,"Wisconsin","Washburn County",2,81,95,45,50
050,55,129,"Wisconsin","Washburn County",2,82,84,42,42
050,55,129,"Wisconsin","Washburn County",2,83,83,39,44
050,55,129,"Wisconsin","Washburn County",2,84,81,39,42
050,55,129,"Wisconsin","Washburn County",2,85,433,150,283
050,55,129,"Wisconsin","Washburn County",3,0,112,62,50
050,55,129,"Wisconsin","Washburn County",3,1,141,69,72
050,55,129,"Wisconsin","Washburn County",3,2,134,69,65
050,55,129,"Wisconsin","Washburn County",3,3,146,76,70
050,55,129,"Wisconsin","Washburn County",3,4,160,82,78
050,55,129,"Wisconsin","Washburn County",3,5,156,80,76
050,55,129,"Wisconsin","Washburn County",3,6,168,79,89
050,55,129,"Wisconsin","Washburn County",3,7,171,87,84
050,55,129,"Wisconsin","Washburn County",3,8,159,82,77
050,55,129,"Wisconsin","Washburn County",3,9,165,78,87
050,55,129,"Wisconsin","Washburn County",3,10,168,84,84
050,55,129,"Wisconsin","Washburn County",3,11,185,91,94
050,55,129,"Wisconsin","Washburn County",3,12,190,98,92
050,55,129,"Wisconsin","Washburn County",3,13,206,110,96
050,55,129,"Wisconsin","Washburn County",3,14,215,110,105
050,55,129,"Wisconsin","Washburn County",3,15,207,100,107
050,55,129,"Wisconsin","Washburn County",3,16,197,95,102
050,55,129,"Wisconsin","Washburn County",3,17,196,101,95
050,55,129,"Wisconsin","Washburn County",3,18,161,81,80
050,55,129,"Wisconsin","Washburn County",3,19,126,70,56
050,55,129,"Wisconsin","Washburn County",3,20,135,68,67
050,55,129,"Wisconsin","Washburn County",3,21,129,71,58
050,55,129,"Wisconsin","Washburn County",3,22,125,63,62
050,55,129,"Wisconsin","Washburn County",3,23,138,74,64
050,55,129,"Wisconsin","Washburn County",3,24,141,73,68
050,55,129,"Wisconsin","Washburn County",3,25,129,65,64
050,55,129,"Wisconsin","Washburn County",3,26,141,64,77
050,55,129,"Wisconsin","Washburn County",3,27,142,74,68
050,55,129,"Wisconsin","Washburn County",3,28,135,70,65
050,55,129,"Wisconsin","Washburn County",3,29,154,69,85
050,55,129,"Wisconsin","Washburn County",3,30,137,67,70
050,55,129,"Wisconsin","Washburn County",3,31,113,58,55
050,55,129,"Wisconsin","Washburn County",3,32,125,63,62
050,55,129,"Wisconsin","Washburn County",3,33,146,73,73
050,55,129,"Wisconsin","Washburn County",3,34,155,64,91
050,55,129,"Wisconsin","Washburn County",3,35,165,80,85
050,55,129,"Wisconsin","Washburn County",3,36,173,79,94
050,55,129,"Wisconsin","Washburn County",3,37,165,76,89
050,55,129,"Wisconsin","Washburn County",3,38,167,83,84
050,55,129,"Wisconsin","Washburn County",3,39,174,93,81
050,55,129,"Wisconsin","Washburn County",3,40,171,86,85
050,55,129,"Wisconsin","Washburn County",3,41,174,90,84
050,55,129,"Wisconsin","Washburn County",3,42,173,93,80
050,55,129,"Wisconsin","Washburn County",3,43,173,84,89
050,55,129,"Wisconsin","Washburn County",3,44,164,87,77
050,55,129,"Wisconsin","Washburn County",3,45,138,69,69
050,55,129,"Wisconsin","Washburn County",3,46,163,82,81
050,55,129,"Wisconsin","Washburn County",3,47,165,89,76
050,55,129,"Wisconsin","Washburn County",3,48,166,81,85
050,55,129,"Wisconsin","Washburn County",3,49,195,95,100
050,55,129,"Wisconsin","Washburn County",3,50,233,120,113
050,55,129,"Wisconsin","Washburn County",3,51,214,113,101
050,55,129,"Wisconsin","Washburn County",3,52,213,118,95
050,55,129,"Wisconsin","Washburn County",3,53,214,108,106
050,55,129,"Wisconsin","Washburn County",3,54,241,116,125
050,55,129,"Wisconsin","Washburn County",3,55,239,120,119
050,55,129,"Wisconsin","Washburn County",3,56,264,130,134
050,55,129,"Wisconsin","Washburn County",3,57,287,149,138
050,55,129,"Wisconsin","Washburn County",3,58,313,159,154
050,55,129,"Wisconsin","Washburn County",3,59,321,162,159
050,55,129,"Wisconsin","Washburn County",3,60,346,173,173
050,55,129,"Wisconsin","Washburn County",3,61,331,166,165
050,55,129,"Wisconsin","Washburn County",3,62,349,170,179
050,55,129,"Wisconsin","Washburn County",3,63,330,157,173
050,55,129,"Wisconsin","Washburn County",3,64,313,151,162
050,55,129,"Wisconsin","Washburn County",3,65,296,140,156
050,55,129,"Wisconsin","Washburn County",3,66,346,179,167
050,55,129,"Wisconsin","Washburn County",3,67,331,173,158
050,55,129,"Wisconsin","Washburn County",3,68,321,170,151
050,55,129,"Wisconsin","Washburn County",3,69,310,158,152
050,55,129,"Wisconsin","Washburn County",3,70,292,147,145
050,55,129,"Wisconsin","Washburn County",3,71,258,136,122
050,55,129,"Wisconsin","Washburn County",3,72,251,127,124
050,55,129,"Wisconsin","Washburn County",3,73,252,131,121
050,55,129,"Wisconsin","Washburn County",3,74,267,150,117
050,55,129,"Wisconsin","Washburn County",3,75,186,105,81
050,55,129,"Wisconsin","Washburn County",3,76,179,94,85
050,55,129,"Wisconsin","Washburn County",3,77,161,82,79
050,55,129,"Wisconsin","Washburn County",3,78,156,82,74
050,55,129,"Wisconsin","Washburn County",3,79,132,65,67
050,55,129,"Wisconsin","Washburn County",3,80,117,53,64
050,55,129,"Wisconsin","Washburn County",3,81,100,46,54
050,55,129,"Wisconsin","Washburn County",3,82,72,34,38
050,55,129,"Wisconsin","Washburn County",3,83,74,34,40
050,55,129,"Wisconsin","Washburn County",3,84,71,32,39
050,55,129,"Wisconsin","Washburn County",3,85,434,166,268
050,55,129,"Wisconsin","Washburn County",4,0,124,69,55
050,55,129,"Wisconsin","Washburn County",4,1,110,53,57
050,55,129,"Wisconsin","Washburn County",4,2,142,67,75
050,55,129,"Wisconsin","Washburn County",4,3,138,75,63
050,55,129,"Wisconsin","Washburn County",4,4,141,74,67
050,55,129,"Wisconsin","Washburn County",4,5,156,82,74
050,55,129,"Wisconsin","Washburn County",4,6,161,81,80
050,55,129,"Wisconsin","Washburn County",4,7,170,83,87
050,55,129,"Wisconsin","Washburn County",4,8,178,93,85
050,55,129,"Wisconsin","Washburn County",4,9,171,87,84
050,55,129,"Wisconsin","Washburn County",4,10,171,79,92
050,55,129,"Wisconsin","Washburn County",4,11,173,85,88
050,55,129,"Wisconsin","Washburn County",4,12,191,88,103
050,55,129,"Wisconsin","Washburn County",4,13,193,101,92
050,55,129,"Wisconsin","Washburn County",4,14,201,110,91
050,55,129,"Wisconsin","Washburn County",4,15,217,111,106
050,55,129,"Wisconsin","Washburn County",4,16,215,103,112
050,55,129,"Wisconsin","Washburn County",4,17,198,97,101
050,55,129,"Wisconsin","Washburn County",4,18,162,89,73
050,55,129,"Wisconsin","Washburn County",4,19,117,63,54
050,55,129,"Wisconsin","Washburn County",4,20,127,69,58
050,55,129,"Wisconsin","Washburn County",4,21,132,69,63
050,55,129,"Wisconsin","Washburn County",4,22,125,66,59
050,55,129,"Wisconsin","Washburn County",4,23,140,74,66
050,55,129,"Wisconsin","Washburn County",4,24,134,78,56
050,55,129,"Wisconsin","Washburn County",4,25,137,71,66
050,55,129,"Wisconsin","Washburn County",4,26,122,69,53
050,55,129,"Wisconsin","Washburn County",4,27,120,51,69
050,55,129,"Wisconsin","Washburn County",4,28,137,75,62
050,55,129,"Wisconsin","Washburn County",4,29,144,74,70
050,55,129,"Wisconsin","Washburn County",4,30,144,66,78
050,55,129,"Wisconsin","Washburn County",4,31,144,68,76
050,55,129,"Wisconsin","Washburn County",4,32,127,63,64
050,55,129,"Wisconsin","Washburn County",4,33,125,62,63
050,55,129,"Wisconsin","Washburn County",4,34,146,74,72
050,55,129,"Wisconsin","Washburn County",4,35,159,65,94
050,55,129,"Wisconsin","Washburn County",4,36,182,91,91
050,55,129,"Wisconsin","Washburn County",4,37,174,75,99
050,55,129,"Wisconsin","Washburn County",4,38,159,74,85
050,55,129,"Wisconsin","Washburn County",4,39,172,82,90
050,55,129,"Wisconsin","Washburn County",4,40,171,91,80
050,55,129,"Wisconsin","Washburn County",4,41,183,87,96
050,55,129,"Wisconsin","Washburn County",4,42,177,93,84
050,55,129,"Wisconsin","Washburn County",4,43,185,97,88
050,55,129,"Wisconsin","Washburn County",4,44,180,92,88
050,55,129,"Wisconsin","Washburn County",4,45,154,79,75
050,55,129,"Wisconsin","Washburn County",4,46,144,70,74
050,55,129,"Wisconsin","Washburn County",4,47,173,88,85
050,55,129,"Wisconsin","Washburn County",4,48,164,87,77
050,55,129,"Wisconsin","Washburn County",4,49,167,81,86
050,55,129,"Wisconsin","Washburn County",4,50,200,96,104
050,55,129,"Wisconsin","Washburn County",4,51,229,118,111
050,55,129,"Wisconsin","Washburn County",4,52,220,122,98
050,55,129,"Wisconsin","Washburn County",4,53,212,115,97
050,55,129,"Wisconsin","Washburn County",4,54,232,117,115
050,55,129,"Wisconsin","Washburn County",4,55,243,119,124
050,55,129,"Wisconsin","Washburn County",4,56,258,128,130
050,55,129,"Wisconsin","Washburn County",4,57,280,130,150
050,55,129,"Wisconsin","Washburn County",4,58,298,156,142
050,55,129,"Wisconsin","Washburn County",4,59,323,162,161
050,55,129,"Wisconsin","Washburn County",4,60,337,169,168
050,55,129,"Wisconsin","Washburn County",4,61,370,187,183
050,55,129,"Wisconsin","Washburn County",4,62,356,183,173
050,55,129,"Wisconsin","Washburn County",4,63,361,172,189
050,55,129,"Wisconsin","Washburn County",4,64,342,168,174
050,55,129,"Wisconsin","Washburn County",4,65,319,152,167
050,55,129,"Wisconsin","Washburn County",4,66,306,150,156
050,55,129,"Wisconsin","Washburn County",4,67,347,181,166
050,55,129,"Wisconsin","Washburn County",4,68,330,168,162
050,55,129,"Wisconsin","Washburn County",4,69,313,161,152
050,55,129,"Wisconsin","Washburn County",4,70,304,151,153
050,55,129,"Wisconsin","Washburn County",4,71,294,150,144
050,55,129,"Wisconsin","Washburn County",4,72,256,133,123
050,55,129,"Wisconsin","Washburn County",4,73,244,123,121
050,55,129,"Wisconsin","Washburn County",4,74,246,120,126
050,55,129,"Wisconsin","Washburn County",4,75,267,150,117
050,55,129,"Wisconsin","Washburn County",4,76,185,106,79
050,55,129,"Wisconsin","Washburn County",4,77,167,87,80
050,55,129,"Wisconsin","Washburn County",4,78,155,84,71
050,55,129,"Wisconsin","Washburn County",4,79,153,76,77
050,55,129,"Wisconsin","Washburn County",4,80,128,63,65
050,55,129,"Wisconsin","Washburn County",4,81,103,47,56
050,55,129,"Wisconsin","Washburn County",4,82,86,42,44
050,55,129,"Wisconsin","Washburn County",4,83,68,26,42
050,55,129,"Wisconsin","Washburn County",4,84,62,26,36
050,55,129,"Wisconsin","Washburn County",4,85,400,152,248
050,55,129,"Wisconsin","Washburn County",5,0,124,68,56
050,55,129,"Wisconsin","Washburn County",5,1,139,80,59
050,55,129,"Wisconsin","Washburn County",5,2,106,49,57
050,55,129,"Wisconsin","Washburn County",5,3,146,68,78
050,55,129,"Wisconsin","Washburn County",5,4,139,72,67
050,55,129,"Wisconsin","Washburn County",5,5,152,84,68
050,55,129,"Wisconsin","Washburn County",5,6,162,84,78
050,55,129,"Wisconsin","Washburn County",5,7,166,79,87
050,55,129,"Wisconsin","Washburn County",5,8,171,81,90
050,55,129,"Wisconsin","Washburn County",5,9,181,89,92
050,55,129,"Wisconsin","Washburn County",5,10,172,88,84
050,55,129,"Wisconsin","Washburn County",5,11,177,78,99
050,55,129,"Wisconsin","Washburn County",5,12,180,87,93
050,55,129,"Wisconsin","Washburn County",5,13,187,87,100
050,55,129,"Wisconsin","Washburn County",5,14,196,109,87
050,55,129,"Wisconsin","Washburn County",5,15,207,113,94
050,55,129,"Wisconsin","Washburn County",5,16,219,114,105
050,55,129,"Wisconsin","Washburn County",5,17,220,109,111
050,55,129,"Wisconsin","Washburn County",5,18,164,83,81
050,55,129,"Wisconsin","Washburn County",5,19,118,62,56
050,55,129,"Wisconsin","Washburn County",5,20,132,70,62
050,55,129,"Wisconsin","Washburn County",5,21,135,75,60
050,55,129,"Wisconsin","Washburn County",5,22,136,69,67
050,55,129,"Wisconsin","Washburn County",5,23,131,63,68
050,55,129,"Wisconsin","Washburn County",5,24,131,69,62
050,55,129,"Wisconsin","Washburn County",5,25,127,70,57
050,55,129,"Wisconsin","Washburn County",5,26,139,70,69
050,55,129,"Wisconsin","Washburn County",5,27,111,60,51
050,55,129,"Wisconsin","Washburn County",5,28,120,49,71
050,55,129,"Wisconsin","Washburn County",5,29,147,77,70
050,55,129,"Wisconsin","Washburn County",5,30,144,76,68
050,55,129,"Wisconsin","Washburn County",5,31,150,75,75
050,55,129,"Wisconsin","Washburn County",5,32,151,70,81
050,55,129,"Wisconsin","Washburn County",5,33,129,64,65
050,55,129,"Wisconsin","Washburn County",5,34,124,59,65
050,55,129,"Wisconsin","Washburn County",5,35,154,79,75
050,55,129,"Wisconsin","Washburn County",5,36,156,66,90
050,55,129,"Wisconsin","Washburn County",5,37,183,92,91
050,55,129,"Wisconsin","Washburn County",5,38,172,74,98
050,55,129,"Wisconsin","Washburn County",5,39,164,76,88
050,55,129,"Wisconsin","Washburn County",5,40,179,85,94
050,55,129,"Wisconsin","Washburn County",5,41,176,99,77
050,55,129,"Wisconsin","Washburn County",5,42,190,89,101
050,55,129,"Wisconsin","Washburn County",5,43,179,90,89
050,55,129,"Wisconsin","Washburn County",5,44,191,104,87
050,55,129,"Wisconsin","Washburn County",5,45,183,90,93
050,55,129,"Wisconsin","Washburn County",5,46,150,76,74
050,55,129,"Wisconsin","Washburn County",5,47,158,84,74
050,55,129,"Wisconsin","Washburn County",5,48,169,91,78
050,55,129,"Wisconsin","Washburn County",5,49,173,95,78
050,55,129,"Wisconsin","Washburn County",5,50,181,88,93
050,55,129,"Wisconsin","Washburn County",5,51,212,98,114
050,55,129,"Wisconsin","Washburn County",5,52,235,124,111
050,55,129,"Wisconsin","Washburn County",5,53,226,116,110
050,55,129,"Wisconsin","Washburn County",5,54,218,117,101
050,55,129,"Wisconsin","Washburn County",5,55,232,117,115
050,55,129,"Wisconsin","Washburn County",5,56,253,116,137
050,55,129,"Wisconsin","Washburn County",5,57,260,132,128
050,55,129,"Wisconsin","Washburn County",5,58,295,140,155
050,55,129,"Wisconsin","Washburn County",5,59,301,161,140
050,55,129,"Wisconsin","Washburn County",5,60,339,172,167
050,55,129,"Wisconsin","Washburn County",5,61,347,176,171
050,55,129,"Wisconsin","Washburn County",5,62,367,187,180
050,55,129,"Wisconsin","Washburn County",5,63,357,180,177
050,55,129,"Wisconsin","Washburn County",5,64,371,183,188
050,55,129,"Wisconsin","Washburn County",5,65,340,170,170
050,55,129,"Wisconsin","Washburn County",5,66,337,164,173
050,55,129,"Wisconsin","Washburn County",5,67,305,146,159
050,55,129,"Wisconsin","Washburn County",5,68,342,180,162
050,55,129,"Wisconsin","Washburn County",5,69,313,156,157
050,55,129,"Wisconsin","Washburn County",5,70,306,155,151
050,55,129,"Wisconsin","Washburn County",5,71,306,152,154
050,55,129,"Wisconsin","Washburn County",5,72,282,141,141
050,55,129,"Wisconsin","Washburn County",5,73,237,127,110
050,55,129,"Wisconsin","Washburn County",5,74,229,112,117
050,55,129,"Wisconsin","Washburn County",5,75,236,115,121
050,55,129,"Wisconsin","Washburn County",5,76,259,149,110
050,55,129,"Wisconsin","Washburn County",5,77,172,98,74
050,55,129,"Wisconsin","Washburn County",5,78,163,86,77
050,55,129,"Wisconsin","Washburn County",5,79,147,79,68
050,55,129,"Wisconsin","Washburn County",5,80,142,73,69
050,55,129,"Wisconsin","Washburn County",5,81,116,56,60
050,55,129,"Wisconsin","Washburn County",5,82,90,43,47
050,55,129,"Wisconsin","Washburn County",5,83,73,30,43
050,55,129,"Wisconsin","Washburn County",5,84,58,20,38
050,55,129,"Wisconsin","Washburn County",5,85,373,136,237
050,55,131,"Wisconsin","Washington County",1,0,1275,653,622
050,55,131,"Wisconsin","Washington County",1,1,1268,634,634
050,55,131,"Wisconsin","Washington County",1,2,1380,708,672
050,55,131,"Wisconsin","Washington County",1,3,1451,708,743
050,55,131,"Wisconsin","Washington County",1,4,1487,755,732
050,55,131,"Wisconsin","Washington County",1,5,1545,775,770
050,55,131,"Wisconsin","Washington County",1,6,1599,792,807
050,55,131,"Wisconsin","Washington County",1,7,1529,766,763
050,55,131,"Wisconsin","Washington County",1,8,1591,797,794
050,55,131,"Wisconsin","Washington County",1,9,1631,820,811
050,55,131,"Wisconsin","Washington County",1,10,1768,860,908
050,55,131,"Wisconsin","Washington County",1,11,1836,888,948
050,55,131,"Wisconsin","Washington County",1,12,1877,928,949
050,55,131,"Wisconsin","Washington County",1,13,1870,940,930
050,55,131,"Wisconsin","Washington County",1,14,1910,986,924
050,55,131,"Wisconsin","Washington County",1,15,1875,968,907
050,55,131,"Wisconsin","Washington County",1,16,1918,950,968
050,55,131,"Wisconsin","Washington County",1,17,1937,967,970
050,55,131,"Wisconsin","Washington County",1,18,1620,872,748
050,55,131,"Wisconsin","Washington County",1,19,1284,671,613
050,55,131,"Wisconsin","Washington County",1,20,1371,704,667
050,55,131,"Wisconsin","Washington County",1,21,1387,693,694
050,55,131,"Wisconsin","Washington County",1,22,1388,684,704
050,55,131,"Wisconsin","Washington County",1,23,1355,692,663
050,55,131,"Wisconsin","Washington County",1,24,1325,694,631
050,55,131,"Wisconsin","Washington County",1,25,1331,705,626
050,55,131,"Wisconsin","Washington County",1,26,1330,717,613
050,55,131,"Wisconsin","Washington County",1,27,1383,709,674
050,55,131,"Wisconsin","Washington County",1,28,1431,730,701
050,55,131,"Wisconsin","Washington County",1,29,1417,739,678
050,55,131,"Wisconsin","Washington County",1,30,1391,717,674
050,55,131,"Wisconsin","Washington County",1,31,1419,733,686
050,55,131,"Wisconsin","Washington County",1,32,1461,757,704
050,55,131,"Wisconsin","Washington County",1,33,1464,736,728
050,55,131,"Wisconsin","Washington County",1,34,1609,795,814
050,55,131,"Wisconsin","Washington County",1,35,1693,862,831
050,55,131,"Wisconsin","Washington County",1,36,1672,830,842
050,55,131,"Wisconsin","Washington County",1,37,1752,859,893
050,55,131,"Wisconsin","Washington County",1,38,1829,944,885
050,55,131,"Wisconsin","Washington County",1,39,1803,923,880
050,55,131,"Wisconsin","Washington County",1,40,1755,933,822
050,55,131,"Wisconsin","Washington County",1,41,1766,928,838
050,55,131,"Wisconsin","Washington County",1,42,1711,868,843
050,55,131,"Wisconsin","Washington County",1,43,1652,860,792
050,55,131,"Wisconsin","Washington County",1,44,1574,803,771
050,55,131,"Wisconsin","Washington County",1,45,1585,804,781
050,55,131,"Wisconsin","Washington County",1,46,1585,823,762
050,55,131,"Wisconsin","Washington County",1,47,1615,834,781
050,55,131,"Wisconsin","Washington County",1,48,1868,970,898
050,55,131,"Wisconsin","Washington County",1,49,1982,1003,979
050,55,131,"Wisconsin","Washington County",1,50,1929,956,973
050,55,131,"Wisconsin","Washington County",1,51,1959,1001,958
050,55,131,"Wisconsin","Washington County",1,52,2011,1025,986
050,55,131,"Wisconsin","Washington County",1,53,2107,1078,1029
050,55,131,"Wisconsin","Washington County",1,54,2176,1092,1084
050,55,131,"Wisconsin","Washington County",1,55,2302,1148,1154
050,55,131,"Wisconsin","Washington County",1,56,2321,1187,1134
050,55,131,"Wisconsin","Washington County",1,57,2289,1146,1143
050,55,131,"Wisconsin","Washington County",1,58,2342,1198,1144
050,55,131,"Wisconsin","Washington County",1,59,2302,1190,1112
050,55,131,"Wisconsin","Washington County",1,60,2183,1103,1080
050,55,131,"Wisconsin","Washington County",1,61,2156,1101,1055
050,55,131,"Wisconsin","Washington County",1,62,2115,1054,1061
050,55,131,"Wisconsin","Washington County",1,63,1969,997,972
050,55,131,"Wisconsin","Washington County",1,64,1888,956,932
050,55,131,"Wisconsin","Washington County",1,65,1796,878,918
050,55,131,"Wisconsin","Washington County",1,66,1733,867,866
050,55,131,"Wisconsin","Washington County",1,67,1692,829,863
050,55,131,"Wisconsin","Washington County",1,68,1669,811,858
050,55,131,"Wisconsin","Washington County",1,69,1541,731,810
050,55,131,"Wisconsin","Washington County",1,70,1486,735,751
050,55,131,"Wisconsin","Washington County",1,71,1434,708,726
050,55,131,"Wisconsin","Washington County",1,72,1397,678,719
050,55,131,"Wisconsin","Washington County",1,73,1382,687,695
050,55,131,"Wisconsin","Washington County",1,74,973,453,520
050,55,131,"Wisconsin","Washington County",1,75,950,451,499
050,55,131,"Wisconsin","Washington County",1,76,949,444,505
050,55,131,"Wisconsin","Washington County",1,77,994,454,540
050,55,131,"Wisconsin","Washington County",1,78,855,374,481
050,55,131,"Wisconsin","Washington County",1,79,734,332,402
050,55,131,"Wisconsin","Washington County",1,80,643,295,348
050,55,131,"Wisconsin","Washington County",1,81,613,278,335
050,55,131,"Wisconsin","Washington County",1,82,589,272,317
050,55,131,"Wisconsin","Washington County",1,83,543,232,311
050,55,131,"Wisconsin","Washington County",1,84,479,195,284
050,55,131,"Wisconsin","Washington County",1,85,2702,974,1728
050,55,131,"Wisconsin","Washington County",2,0,1227,614,613
050,55,131,"Wisconsin","Washington County",2,1,1274,639,635
050,55,131,"Wisconsin","Washington County",2,2,1358,692,666
050,55,131,"Wisconsin","Washington County",2,3,1431,705,726
050,55,131,"Wisconsin","Washington County",2,4,1487,744,743
050,55,131,"Wisconsin","Washington County",2,5,1541,774,767
050,55,131,"Wisconsin","Washington County",2,6,1592,790,802
050,55,131,"Wisconsin","Washington County",2,7,1551,775,776
050,55,131,"Wisconsin","Washington County",2,8,1572,786,786
050,55,131,"Wisconsin","Washington County",2,9,1620,813,807
050,55,131,"Wisconsin","Washington County",2,10,1738,852,886
050,55,131,"Wisconsin","Washington County",2,11,1816,881,935
050,55,131,"Wisconsin","Washington County",2,12,1873,919,954
050,55,131,"Wisconsin","Washington County",2,13,1873,937,936
050,55,131,"Wisconsin","Washington County",2,14,1902,973,929
050,55,131,"Wisconsin","Washington County",2,15,1885,971,914
050,55,131,"Wisconsin","Washington County",2,16,1913,956,957
050,55,131,"Wisconsin","Washington County",2,17,1931,964,967
050,55,131,"Wisconsin","Washington County",2,18,1618,858,760
050,55,131,"Wisconsin","Washington County",2,19,1293,679,614
050,55,131,"Wisconsin","Washington County",2,20,1386,713,673
050,55,131,"Wisconsin","Washington County",2,21,1385,696,689
050,55,131,"Wisconsin","Washington County",2,22,1390,690,700
050,55,131,"Wisconsin","Washington County",2,23,1357,690,667
050,55,131,"Wisconsin","Washington County",2,24,1325,695,630
050,55,131,"Wisconsin","Washington County",2,25,1330,707,623
050,55,131,"Wisconsin","Washington County",2,26,1341,717,624
050,55,131,"Wisconsin","Washington County",2,27,1385,719,666
050,55,131,"Wisconsin","Washington County",2,28,1438,734,704
050,55,131,"Wisconsin","Washington County",2,29,1429,736,693
050,55,131,"Wisconsin","Washington County",2,30,1408,726,682
050,55,131,"Wisconsin","Washington County",2,31,1416,734,682
050,55,131,"Wisconsin","Washington County",2,32,1454,752,702
050,55,131,"Wisconsin","Washington County",2,33,1472,744,728
050,55,131,"Wisconsin","Washington County",2,34,1586,788,798
050,55,131,"Wisconsin","Washington County",2,35,1690,852,838
050,55,131,"Wisconsin","Washington County",2,36,1671,837,834
050,55,131,"Wisconsin","Washington County",2,37,1742,859,883
050,55,131,"Wisconsin","Washington County",2,38,1823,931,892
050,55,131,"Wisconsin","Washington County",2,39,1810,929,881
050,55,131,"Wisconsin","Washington County",2,40,1778,937,841
050,55,131,"Wisconsin","Washington County",2,41,1767,932,835
050,55,131,"Wisconsin","Washington County",2,42,1713,878,835
050,55,131,"Wisconsin","Washington County",2,43,1679,868,811
050,55,131,"Wisconsin","Washington County",2,44,1579,813,766
050,55,131,"Wisconsin","Washington County",2,45,1591,809,782
050,55,131,"Wisconsin","Washington County",2,46,1578,815,763
050,55,131,"Wisconsin","Washington County",2,47,1603,827,776
050,55,131,"Wisconsin","Washington County",2,48,1807,937,870
050,55,131,"Wisconsin","Washington County",2,49,1964,1001,963
050,55,131,"Wisconsin","Washington County",2,50,1950,970,980
050,55,131,"Wisconsin","Washington County",2,51,1946,988,958
050,55,131,"Wisconsin","Washington County",2,52,1984,1014,970
050,55,131,"Wisconsin","Washington County",2,53,2083,1062,1021
050,55,131,"Wisconsin","Washington County",2,54,2156,1090,1066
050,55,131,"Wisconsin","Washington County",2,55,2272,1133,1139
050,55,131,"Wisconsin","Washington County",2,56,2319,1179,1140
050,55,131,"Wisconsin","Washington County",2,57,2301,1161,1140
050,55,131,"Wisconsin","Washington County",2,58,2319,1180,1139
050,55,131,"Wisconsin","Washington County",2,59,2321,1196,1125
050,55,131,"Wisconsin","Washington County",2,60,2201,1120,1081
050,55,131,"Wisconsin","Washington County",2,61,2152,1098,1054
050,55,131,"Wisconsin","Washington County",2,62,2115,1062,1053
050,55,131,"Wisconsin","Washington County",2,63,2018,1018,1000
050,55,131,"Wisconsin","Washington County",2,64,1894,955,939
050,55,131,"Wisconsin","Washington County",2,65,1812,894,918
050,55,131,"Wisconsin","Washington County",2,66,1749,867,882
050,55,131,"Wisconsin","Washington County",2,67,1693,834,859
050,55,131,"Wisconsin","Washington County",2,68,1657,804,853
050,55,131,"Wisconsin","Washington County",2,69,1579,754,825
050,55,131,"Wisconsin","Washington County",2,70,1491,730,761
050,55,131,"Wisconsin","Washington County",2,71,1443,712,731
050,55,131,"Wisconsin","Washington County",2,72,1383,673,710
050,55,131,"Wisconsin","Washington County",2,73,1452,719,733
050,55,131,"Wisconsin","Washington County",2,74,996,475,521
050,55,131,"Wisconsin","Washington County",2,75,955,452,503
050,55,131,"Wisconsin","Washington County",2,76,937,440,497
050,55,131,"Wisconsin","Washington County",2,77,1003,461,542
050,55,131,"Wisconsin","Washington County",2,78,863,382,481
050,55,131,"Wisconsin","Washington County",2,79,758,340,418
050,55,131,"Wisconsin","Washington County",2,80,660,300,360
050,55,131,"Wisconsin","Washington County",2,81,615,280,335
050,55,131,"Wisconsin","Washington County",2,82,593,269,324
050,55,131,"Wisconsin","Washington County",2,83,548,240,308
050,55,131,"Wisconsin","Washington County",2,84,482,195,287
050,55,131,"Wisconsin","Washington County",2,85,2709,974,1735
050,55,131,"Wisconsin","Washington County",3,0,1209,597,612
050,55,131,"Wisconsin","Washington County",3,1,1263,637,626
050,55,131,"Wisconsin","Washington County",3,2,1330,669,661
050,55,131,"Wisconsin","Washington County",3,3,1388,711,677
050,55,131,"Wisconsin","Washington County",3,4,1464,714,750
050,55,131,"Wisconsin","Washington County",3,5,1528,760,768
050,55,131,"Wisconsin","Washington County",3,6,1543,782,761
050,55,131,"Wisconsin","Washington County",3,7,1625,814,811
050,55,131,"Wisconsin","Washington County",3,8,1565,775,790
050,55,131,"Wisconsin","Washington County",3,9,1606,826,780
050,55,131,"Wisconsin","Washington County",3,10,1642,841,801
050,55,131,"Wisconsin","Washington County",3,11,1768,872,896
050,55,131,"Wisconsin","Washington County",3,12,1818,891,927
050,55,131,"Wisconsin","Washington County",3,13,1857,909,948
050,55,131,"Wisconsin","Washington County",3,14,1871,940,931
050,55,131,"Wisconsin","Washington County",3,15,1898,965,933
050,55,131,"Wisconsin","Washington County",3,16,1855,961,894
050,55,131,"Wisconsin","Washington County",3,17,1912,959,953
050,55,131,"Wisconsin","Washington County",3,18,1614,838,776
050,55,131,"Wisconsin","Washington County",3,19,1287,676,611
050,55,131,"Wisconsin","Washington County",3,20,1380,715,665
050,55,131,"Wisconsin","Washington County",3,21,1451,744,707
050,55,131,"Wisconsin","Washington County",3,22,1433,706,727
050,55,131,"Wisconsin","Washington County",3,23,1399,721,678
050,55,131,"Wisconsin","Washington County",3,24,1359,703,656
050,55,131,"Wisconsin","Washington County",3,25,1319,675,644
050,55,131,"Wisconsin","Washington County",3,26,1317,714,603
050,55,131,"Wisconsin","Washington County",3,27,1378,722,656
050,55,131,"Wisconsin","Washington County",3,28,1412,735,677
050,55,131,"Wisconsin","Washington County",3,29,1475,737,738
050,55,131,"Wisconsin","Washington County",3,30,1470,745,725
050,55,131,"Wisconsin","Washington County",3,31,1454,739,715
050,55,131,"Wisconsin","Washington County",3,32,1487,768,719
050,55,131,"Wisconsin","Washington County",3,33,1527,792,735
050,55,131,"Wisconsin","Washington County",3,34,1547,785,762
050,55,131,"Wisconsin","Washington County",3,35,1631,803,828
050,55,131,"Wisconsin","Washington County",3,36,1710,877,833
050,55,131,"Wisconsin","Washington County",3,37,1690,853,837
050,55,131,"Wisconsin","Washington County",3,38,1771,873,898
050,55,131,"Wisconsin","Washington County",3,39,1853,953,900
050,55,131,"Wisconsin","Washington County",3,40,1856,950,906
050,55,131,"Wisconsin","Washington County",3,41,1815,963,852
050,55,131,"Wisconsin","Washington County",3,42,1742,909,833
050,55,131,"Wisconsin","Washington County",3,43,1733,886,847
050,55,131,"Wisconsin","Washington County",3,44,1675,864,811
050,55,131,"Wisconsin","Washington County",3,45,1595,821,774
050,55,131,"Wisconsin","Washington County",3,46,1572,810,762
050,55,131,"Wisconsin","Washington County",3,47,1581,819,762
050,55,131,"Wisconsin","Washington County",3,48,1615,840,775
050,55,131,"Wisconsin","Washington County",3,49,1810,945,865
050,55,131,"Wisconsin","Washington County",3,50,1962,979,983
050,55,131,"Wisconsin","Washington County",3,51,1961,979,982
050,55,131,"Wisconsin","Washington County",3,52,1965,987,978
050,55,131,"Wisconsin","Washington County",3,53,1999,1015,984
050,55,131,"Wisconsin","Washington County",3,54,2074,1063,1011
050,55,131,"Wisconsin","Washington County",3,55,2140,1085,1055
050,55,131,"Wisconsin","Washington County",3,56,2272,1135,1137
050,55,131,"Wisconsin","Washington County",3,57,2319,1183,1136
050,55,131,"Wisconsin","Washington County",3,58,2280,1143,1137
050,55,131,"Wisconsin","Washington County",3,59,2304,1169,1135
050,55,131,"Wisconsin","Washington County",3,60,2317,1190,1127
050,55,131,"Wisconsin","Washington County",3,61,2188,1107,1081
050,55,131,"Wisconsin","Washington County",3,62,2114,1092,1022
050,55,131,"Wisconsin","Washington County",3,63,2108,1057,1051
050,55,131,"Wisconsin","Washington County",3,64,1968,979,989
050,55,131,"Wisconsin","Washington County",3,65,1874,939,935
050,55,131,"Wisconsin","Washington County",3,66,1783,867,916
050,55,131,"Wisconsin","Washington County",3,67,1737,857,880
050,55,131,"Wisconsin","Washington County",3,68,1663,809,854
050,55,131,"Wisconsin","Washington County",3,69,1649,801,848
050,55,131,"Wisconsin","Washington County",3,70,1581,758,823
050,55,131,"Wisconsin","Washington County",3,71,1461,710,751
050,55,131,"Wisconsin","Washington County",3,72,1433,691,742
050,55,131,"Wisconsin","Washington County",3,73,1364,656,708
050,55,131,"Wisconsin","Washington County",3,74,1440,706,734
050,55,131,"Wisconsin","Washington County",3,75,964,453,511
050,55,131,"Wisconsin","Washington County",3,76,939,444,495
050,55,131,"Wisconsin","Washington County",3,77,909,436,473
050,55,131,"Wisconsin","Washington County",3,78,972,446,526
050,55,131,"Wisconsin","Washington County",3,79,824,362,462
050,55,131,"Wisconsin","Washington County",3,80,713,316,397
050,55,131,"Wisconsin","Washington County",3,81,611,266,345
050,55,131,"Wisconsin","Washington County",3,82,581,263,318
050,55,131,"Wisconsin","Washington County",3,83,547,240,307
050,55,131,"Wisconsin","Washington County",3,84,504,217,287
050,55,131,"Wisconsin","Washington County",3,85,2633,972,1661
050,55,131,"Wisconsin","Washington County",4,0,1277,649,628
050,55,131,"Wisconsin","Washington County",4,1,1239,631,608
050,55,131,"Wisconsin","Washington County",4,2,1312,656,656
050,55,131,"Wisconsin","Washington County",4,3,1394,711,683
050,55,131,"Wisconsin","Washington County",4,4,1419,739,680
050,55,131,"Wisconsin","Washington County",4,5,1476,725,751
050,55,131,"Wisconsin","Washington County",4,6,1551,775,776
050,55,131,"Wisconsin","Washington County",4,7,1580,800,780
050,55,131,"Wisconsin","Washington County",4,8,1645,827,818
050,55,131,"Wisconsin","Washington County",4,9,1596,791,805
050,55,131,"Wisconsin","Washington County",4,10,1632,831,801
050,55,131,"Wisconsin","Washington County",4,11,1665,851,814
050,55,131,"Wisconsin","Washington County",4,12,1772,876,896
050,55,131,"Wisconsin","Washington County",4,13,1847,909,938
050,55,131,"Wisconsin","Washington County",4,14,1873,913,960
050,55,131,"Wisconsin","Washington County",4,15,1882,950,932
050,55,131,"Wisconsin","Washington County",4,16,1911,972,939
050,55,131,"Wisconsin","Washington County",4,17,1862,955,907
050,55,131,"Wisconsin","Washington County",4,18,1602,833,769
050,55,131,"Wisconsin","Washington County",4,19,1245,651,594
050,55,131,"Wisconsin","Washington County",4,20,1355,697,658
050,55,131,"Wisconsin","Washington County",4,21,1396,734,662
050,55,131,"Wisconsin","Washington County",4,22,1489,741,748
050,55,131,"Wisconsin","Washington County",4,23,1435,705,730
050,55,131,"Wisconsin","Washington County",4,24,1332,695,637
050,55,131,"Wisconsin","Washington County",4,25,1317,689,628
050,55,131,"Wisconsin","Washington County",4,26,1347,690,657
050,55,131,"Wisconsin","Washington County",4,27,1379,732,647
050,55,131,"Wisconsin","Washington County",4,28,1381,717,664
050,55,131,"Wisconsin","Washington County",4,29,1428,748,680
050,55,131,"Wisconsin","Washington County",4,30,1533,750,783
050,55,131,"Wisconsin","Washington County",4,31,1531,781,750
050,55,131,"Wisconsin","Washington County",4,32,1502,766,736
050,55,131,"Wisconsin","Washington County",4,33,1528,783,745
050,55,131,"Wisconsin","Washington County",4,34,1581,807,774
050,55,131,"Wisconsin","Washington County",4,35,1587,815,772
050,55,131,"Wisconsin","Washington County",4,36,1618,802,816
050,55,131,"Wisconsin","Washington County",4,37,1724,888,836
050,55,131,"Wisconsin","Washington County",4,38,1710,861,849
050,55,131,"Wisconsin","Washington County",4,39,1789,880,909
050,55,131,"Wisconsin","Washington County",4,40,1874,951,923
050,55,131,"Wisconsin","Washington County",4,41,1905,980,925
050,55,131,"Wisconsin","Washington County",4,42,1821,966,855
050,55,131,"Wisconsin","Washington County",4,43,1777,927,850
050,55,131,"Wisconsin","Washington County",4,44,1743,902,841
050,55,131,"Wisconsin","Washington County",4,45,1674,870,804
050,55,131,"Wisconsin","Washington County",4,46,1586,819,767
050,55,131,"Wisconsin","Washington County",4,47,1569,792,777
050,55,131,"Wisconsin","Washington County",4,48,1604,839,765
050,55,131,"Wisconsin","Washington County",4,49,1588,823,765
050,55,131,"Wisconsin","Washington County",4,50,1807,937,870
050,55,131,"Wisconsin","Washington County",4,51,1956,992,964
050,55,131,"Wisconsin","Washington County",4,52,1976,983,993
050,55,131,"Wisconsin","Washington County",4,53,1942,976,966
050,55,131,"Wisconsin","Washington County",4,54,1970,1009,961
050,55,131,"Wisconsin","Washington County",4,55,2067,1058,1009
050,55,131,"Wisconsin","Washington County",4,56,2145,1095,1050
050,55,131,"Wisconsin","Washington County",4,57,2256,1120,1136
050,55,131,"Wisconsin","Washington County",4,58,2291,1161,1130
050,55,131,"Wisconsin","Washington County",4,59,2268,1151,1117
050,55,131,"Wisconsin","Washington County",4,60,2293,1149,1144
050,55,131,"Wisconsin","Washington County",4,61,2331,1198,1133
050,55,131,"Wisconsin","Washington County",4,62,2177,1096,1081
050,55,131,"Wisconsin","Washington County",4,63,2099,1096,1003
050,55,131,"Wisconsin","Washington County",4,64,2090,1044,1046
050,55,131,"Wisconsin","Washington County",4,65,1956,955,1001
050,55,131,"Wisconsin","Washington County",4,66,1880,925,955
050,55,131,"Wisconsin","Washington County",4,67,1786,870,916
050,55,131,"Wisconsin","Washington County",4,68,1716,840,876
050,55,131,"Wisconsin","Washington County",4,69,1645,796,849
050,55,131,"Wisconsin","Washington County",4,70,1637,798,839
050,55,131,"Wisconsin","Washington County",4,71,1551,734,817
050,55,131,"Wisconsin","Washington County",4,72,1440,697,743
050,55,131,"Wisconsin","Washington County",4,73,1400,673,727
050,55,131,"Wisconsin","Washington County",4,74,1345,646,699
050,55,131,"Wisconsin","Washington County",4,75,1431,703,728
050,55,131,"Wisconsin","Washington County",4,76,954,445,509
050,55,131,"Wisconsin","Washington County",4,77,917,434,483
050,55,131,"Wisconsin","Washington County",4,78,886,418,468
050,55,131,"Wisconsin","Washington County",4,79,940,430,510
050,55,131,"Wisconsin","Washington County",4,80,788,347,441
050,55,131,"Wisconsin","Washington County",4,81,681,301,380
050,55,131,"Wisconsin","Washington County",4,82,590,253,337
050,55,131,"Wisconsin","Washington County",4,83,530,233,297
050,55,131,"Wisconsin","Washington County",4,84,495,204,291
050,55,131,"Wisconsin","Washington County",4,85,2637,1019,1618
050,55,131,"Wisconsin","Washington County",5,0,1257,639,618
050,55,131,"Wisconsin","Washington County",5,1,1318,669,649
050,55,131,"Wisconsin","Washington County",5,2,1274,646,628
050,55,131,"Wisconsin","Washington County",5,3,1359,677,682
050,55,131,"Wisconsin","Washington County",5,4,1439,728,711
050,55,131,"Wisconsin","Washington County",5,5,1444,749,695
050,55,131,"Wisconsin","Washington County",5,6,1522,757,765
050,55,131,"Wisconsin","Washington County",5,7,1559,787,772
050,55,131,"Wisconsin","Washington County",5,8,1582,800,782
050,55,131,"Wisconsin","Washington County",5,9,1645,831,814
050,55,131,"Wisconsin","Washington County",5,10,1615,802,813
050,55,131,"Wisconsin","Washington County",5,11,1633,838,795
050,55,131,"Wisconsin","Washington County",5,12,1715,863,852
050,55,131,"Wisconsin","Washington County",5,13,1786,877,909
050,55,131,"Wisconsin","Washington County",5,14,1849,904,945
050,55,131,"Wisconsin","Washington County",5,15,1875,921,954
050,55,131,"Wisconsin","Washington County",5,16,1874,949,925
050,55,131,"Wisconsin","Washington County",5,17,1908,957,951
050,55,131,"Wisconsin","Washington County",5,18,1541,830,711
050,55,131,"Wisconsin","Washington County",5,19,1230,645,585
050,55,131,"Wisconsin","Washington County",5,20,1334,684,650
050,55,131,"Wisconsin","Washington County",5,21,1404,708,696
050,55,131,"Wisconsin","Washington County",5,22,1475,775,700
050,55,131,"Wisconsin","Washington County",5,23,1465,736,729
050,55,131,"Wisconsin","Washington County",5,24,1426,717,709
050,55,131,"Wisconsin","Washington County",5,25,1297,678,619
050,55,131,"Wisconsin","Washington County",5,26,1312,704,608
050,55,131,"Wisconsin","Washington County",5,27,1364,727,637
050,55,131,"Wisconsin","Washington County",5,28,1393,740,653
050,55,131,"Wisconsin","Washington County",5,29,1458,772,686
050,55,131,"Wisconsin","Washington County",5,30,1489,760,729
050,55,131,"Wisconsin","Washington County",5,31,1532,757,775
050,55,131,"Wisconsin","Washington County",5,32,1554,803,751
050,55,131,"Wisconsin","Washington County",5,33,1555,775,780
050,55,131,"Wisconsin","Washington County",5,34,1585,813,772
050,55,131,"Wisconsin","Washington County",5,35,1606,807,799
050,55,131,"Wisconsin","Washington County",5,36,1602,836,766
050,55,131,"Wisconsin","Washington County",5,37,1646,823,823
050,55,131,"Wisconsin","Washington County",5,38,1734,881,853
050,55,131,"Wisconsin","Washington County",5,39,1734,883,851
050,55,131,"Wisconsin","Washington County",5,40,1827,905,922
050,55,131,"Wisconsin","Washington County",5,41,1884,947,937
050,55,131,"Wisconsin","Washington County",5,42,1894,974,920
050,55,131,"Wisconsin","Washington County",5,43,1837,974,863
050,55,131,"Wisconsin","Washington County",5,44,1786,933,853
050,55,131,"Wisconsin","Washington County",5,45,1744,896,848
050,55,131,"Wisconsin","Washington County",5,46,1664,872,792
050,55,131,"Wisconsin","Washington County",5,47,1586,816,770
050,55,131,"Wisconsin","Washington County",5,48,1572,801,771
050,55,131,"Wisconsin","Washington County",5,49,1597,831,766
050,55,131,"Wisconsin","Washington County",5,50,1615,826,789
050,55,131,"Wisconsin","Washington County",5,51,1802,945,857
050,55,131,"Wisconsin","Washington County",5,52,1955,992,963
050,55,131,"Wisconsin","Washington County",5,53,1962,978,984
050,55,131,"Wisconsin","Washington County",5,54,1925,962,963
050,55,131,"Wisconsin","Washington County",5,55,1974,1012,962
050,55,131,"Wisconsin","Washington County",5,56,2069,1069,1000
050,55,131,"Wisconsin","Washington County",5,57,2138,1086,1052
050,55,131,"Wisconsin","Washington County",5,58,2226,1099,1127
050,55,131,"Wisconsin","Washington County",5,59,2265,1153,1112
050,55,131,"Wisconsin","Washington County",5,60,2246,1142,1104
050,55,131,"Wisconsin","Washington County",5,61,2280,1132,1148
050,55,131,"Wisconsin","Washington County",5,62,2295,1166,1129
050,55,131,"Wisconsin","Washington County",5,63,2148,1078,1070
050,55,131,"Wisconsin","Washington County",5,64,2083,1080,1003
050,55,131,"Wisconsin","Washington County",5,65,2075,1036,1039
050,55,131,"Wisconsin","Washington County",5,66,1949,947,1002
050,55,131,"Wisconsin","Washington County",5,67,1853,912,941
050,55,131,"Wisconsin","Washington County",5,68,1764,844,920
050,55,131,"Wisconsin","Washington County",5,69,1713,833,880
050,55,131,"Wisconsin","Washington County",5,70,1623,791,832
050,55,131,"Wisconsin","Washington County",5,71,1625,786,839
050,55,131,"Wisconsin","Washington County",5,72,1517,719,798
050,55,131,"Wisconsin","Washington County",5,73,1418,686,732
050,55,131,"Wisconsin","Washington County",5,74,1405,669,736
050,55,131,"Wisconsin","Washington County",5,75,1321,634,687
050,55,131,"Wisconsin","Washington County",5,76,1423,697,726
050,55,131,"Wisconsin","Washington County",5,77,930,436,494
050,55,131,"Wisconsin","Washington County",5,78,903,422,481
050,55,131,"Wisconsin","Washington County",5,79,858,408,450
050,55,131,"Wisconsin","Washington County",5,80,899,413,486
050,55,131,"Wisconsin","Washington County",5,81,758,329,429
050,55,131,"Wisconsin","Washington County",5,82,659,286,373
050,55,131,"Wisconsin","Washington County",5,83,552,230,322
050,55,131,"Wisconsin","Washington County",5,84,492,212,280
050,55,131,"Wisconsin","Washington County",5,85,2667,1057,1610
050,55,133,"Wisconsin","Waukesha County",1,0,3768,1930,1838
050,55,133,"Wisconsin","Waukesha County",1,1,4025,2061,1964
050,55,133,"Wisconsin","Waukesha County",1,2,4235,2183,2052
050,55,133,"Wisconsin","Waukesha County",1,3,4402,2286,2116
050,55,133,"Wisconsin","Waukesha County",1,4,4438,2279,2159
050,55,133,"Wisconsin","Waukesha County",1,5,4556,2365,2191
050,55,133,"Wisconsin","Waukesha County",1,6,4600,2384,2216
050,55,133,"Wisconsin","Waukesha County",1,7,4580,2327,2253
050,55,133,"Wisconsin","Waukesha County",1,8,4653,2358,2295
050,55,133,"Wisconsin","Waukesha County",1,9,4820,2425,2395
050,55,133,"Wisconsin","Waukesha County",1,10,5018,2530,2488
050,55,133,"Wisconsin","Waukesha County",1,11,5159,2622,2537
050,55,133,"Wisconsin","Waukesha County",1,12,5357,2747,2610
050,55,133,"Wisconsin","Waukesha County",1,13,5401,2800,2601
050,55,133,"Wisconsin","Waukesha County",1,14,5501,2846,2655
050,55,133,"Wisconsin","Waukesha County",1,15,5610,2881,2729
050,55,133,"Wisconsin","Waukesha County",1,16,5777,2990,2787
050,55,133,"Wisconsin","Waukesha County",1,17,5597,2920,2677
050,55,133,"Wisconsin","Waukesha County",1,18,4866,2530,2336
050,55,133,"Wisconsin","Waukesha County",1,19,4079,2095,1984
050,55,133,"Wisconsin","Waukesha County",1,20,4149,2116,2033
050,55,133,"Wisconsin","Waukesha County",1,21,4271,2120,2151
050,55,133,"Wisconsin","Waukesha County",1,22,4344,2145,2199
050,55,133,"Wisconsin","Waukesha County",1,23,4261,2110,2151
050,55,133,"Wisconsin","Waukesha County",1,24,4123,2020,2103
050,55,133,"Wisconsin","Waukesha County",1,25,4061,2090,1971
050,55,133,"Wisconsin","Waukesha County",1,26,4058,2078,1980
050,55,133,"Wisconsin","Waukesha County",1,27,4090,2104,1986
050,55,133,"Wisconsin","Waukesha County",1,28,4019,2037,1982
050,55,133,"Wisconsin","Waukesha County",1,29,3920,1978,1942
050,55,133,"Wisconsin","Waukesha County",1,30,4130,2127,2003
050,55,133,"Wisconsin","Waukesha County",1,31,4123,2098,2025
050,55,133,"Wisconsin","Waukesha County",1,32,4237,2166,2071
050,55,133,"Wisconsin","Waukesha County",1,33,4690,2308,2382
050,55,133,"Wisconsin","Waukesha County",1,34,5013,2494,2519
050,55,133,"Wisconsin","Waukesha County",1,35,5012,2532,2480
050,55,133,"Wisconsin","Waukesha County",1,36,5134,2604,2530
050,55,133,"Wisconsin","Waukesha County",1,37,5357,2724,2633
050,55,133,"Wisconsin","Waukesha County",1,38,5392,2723,2669
050,55,133,"Wisconsin","Waukesha County",1,39,5547,2802,2745
050,55,133,"Wisconsin","Waukesha County",1,40,5454,2804,2650
050,55,133,"Wisconsin","Waukesha County",1,41,5355,2731,2624
050,55,133,"Wisconsin","Waukesha County",1,42,5157,2609,2548
050,55,133,"Wisconsin","Waukesha County",1,43,5061,2593,2468
050,55,133,"Wisconsin","Waukesha County",1,44,4905,2493,2412
050,55,133,"Wisconsin","Waukesha County",1,45,4908,2504,2404
050,55,133,"Wisconsin","Waukesha County",1,46,4794,2400,2394
050,55,133,"Wisconsin","Waukesha County",1,47,4826,2420,2406
050,55,133,"Wisconsin","Waukesha County",1,48,5180,2597,2583
050,55,133,"Wisconsin","Waukesha County",1,49,5612,2826,2786
050,55,133,"Wisconsin","Waukesha County",1,50,5512,2755,2757
050,55,133,"Wisconsin","Waukesha County",1,51,5415,2669,2746
050,55,133,"Wisconsin","Waukesha County",1,52,5421,2699,2722
050,55,133,"Wisconsin","Waukesha County",1,53,5665,2793,2872
050,55,133,"Wisconsin","Waukesha County",1,54,5874,2907,2967
050,55,133,"Wisconsin","Waukesha County",1,55,6162,3020,3142
050,55,133,"Wisconsin","Waukesha County",1,56,6421,3184,3237
050,55,133,"Wisconsin","Waukesha County",1,57,6418,3147,3271
050,55,133,"Wisconsin","Waukesha County",1,58,6678,3239,3439
050,55,133,"Wisconsin","Waukesha County",1,59,6664,3249,3415
050,55,133,"Wisconsin","Waukesha County",1,60,6495,3278,3217
050,55,133,"Wisconsin","Waukesha County",1,61,6521,3343,3178
050,55,133,"Wisconsin","Waukesha County",1,62,6367,3204,3163
050,55,133,"Wisconsin","Waukesha County",1,63,6021,2972,3049
050,55,133,"Wisconsin","Waukesha County",1,64,5738,2853,2885
050,55,133,"Wisconsin","Waukesha County",1,65,5530,2755,2775
050,55,133,"Wisconsin","Waukesha County",1,66,5273,2585,2688
050,55,133,"Wisconsin","Waukesha County",1,67,5132,2482,2650
050,55,133,"Wisconsin","Waukesha County",1,68,5097,2469,2628
050,55,133,"Wisconsin","Waukesha County",1,69,4627,2230,2397
050,55,133,"Wisconsin","Waukesha County",1,70,4421,2136,2285
050,55,133,"Wisconsin","Waukesha County",1,71,4316,2028,2288
050,55,133,"Wisconsin","Waukesha County",1,72,4395,2080,2315
050,55,133,"Wisconsin","Waukesha County",1,73,4207,2039,2168
050,55,133,"Wisconsin","Waukesha County",1,74,2949,1383,1566
050,55,133,"Wisconsin","Waukesha County",1,75,2901,1366,1535
050,55,133,"Wisconsin","Waukesha County",1,76,2976,1376,1600
050,55,133,"Wisconsin","Waukesha County",1,77,2939,1295,1644
050,55,133,"Wisconsin","Waukesha County",1,78,2437,1102,1335
050,55,133,"Wisconsin","Waukesha County",1,79,2151,947,1204
050,55,133,"Wisconsin","Waukesha County",1,80,1956,834,1122
050,55,133,"Wisconsin","Waukesha County",1,81,1965,829,1136
050,55,133,"Wisconsin","Waukesha County",1,82,1823,742,1081
050,55,133,"Wisconsin","Waukesha County",1,83,1610,663,947
050,55,133,"Wisconsin","Waukesha County",1,84,1517,619,898
050,55,133,"Wisconsin","Waukesha County",1,85,9756,3455,6301
050,55,133,"Wisconsin","Waukesha County",2,0,3844,1974,1870
050,55,133,"Wisconsin","Waukesha County",2,1,3992,2044,1948
050,55,133,"Wisconsin","Waukesha County",2,2,4216,2173,2043
050,55,133,"Wisconsin","Waukesha County",2,3,4382,2267,2115
050,55,133,"Wisconsin","Waukesha County",2,4,4472,2301,2171
050,55,133,"Wisconsin","Waukesha County",2,5,4557,2357,2200
050,55,133,"Wisconsin","Waukesha County",2,6,4618,2395,2223
050,55,133,"Wisconsin","Waukesha County",2,7,4596,2348,2248
050,55,133,"Wisconsin","Waukesha County",2,8,4639,2353,2286
050,55,133,"Wisconsin","Waukesha County",2,9,4787,2415,2372
050,55,133,"Wisconsin","Waukesha County",2,10,4979,2509,2470
050,55,133,"Wisconsin","Waukesha County",2,11,5118,2600,2518
050,55,133,"Wisconsin","Waukesha County",2,12,5343,2738,2605
050,55,133,"Wisconsin","Waukesha County",2,13,5400,2791,2609
050,55,133,"Wisconsin","Waukesha County",2,14,5485,2842,2643
050,55,133,"Wisconsin","Waukesha County",2,15,5599,2883,2716
050,55,133,"Wisconsin","Waukesha County",2,16,5745,2968,2777
050,55,133,"Wisconsin","Waukesha County",2,17,5649,2936,2713
050,55,133,"Wisconsin","Waukesha County",2,18,4832,2527,2305
050,55,133,"Wisconsin","Waukesha County",2,19,4100,2098,2002
050,55,133,"Wisconsin","Waukesha County",2,20,4211,2145,2066
050,55,133,"Wisconsin","Waukesha County",2,21,4275,2131,2144
050,55,133,"Wisconsin","Waukesha County",2,22,4324,2128,2196
050,55,133,"Wisconsin","Waukesha County",2,23,4278,2113,2165
050,55,133,"Wisconsin","Waukesha County",2,24,4145,2045,2100
050,55,133,"Wisconsin","Waukesha County",2,25,4049,2061,1988
050,55,133,"Wisconsin","Waukesha County",2,26,4047,2077,1970
050,55,133,"Wisconsin","Waukesha County",2,27,4076,2092,1984
050,55,133,"Wisconsin","Waukesha County",2,28,4045,2061,1984
050,55,133,"Wisconsin","Waukesha County",2,29,3987,2018,1969
050,55,133,"Wisconsin","Waukesha County",2,30,4142,2120,2022
050,55,133,"Wisconsin","Waukesha County",2,31,4146,2124,2022
050,55,133,"Wisconsin","Waukesha County",2,32,4249,2163,2086
050,55,133,"Wisconsin","Waukesha County",2,33,4608,2285,2323
050,55,133,"Wisconsin","Waukesha County",2,34,4958,2463,2495
050,55,133,"Wisconsin","Waukesha County",2,35,5068,2551,2517
050,55,133,"Wisconsin","Waukesha County",2,36,5102,2583,2519
050,55,133,"Wisconsin","Waukesha County",2,37,5328,2712,2616
050,55,133,"Wisconsin","Waukesha County",2,38,5429,2749,2680
050,55,133,"Wisconsin","Waukesha County",2,39,5515,2787,2728
050,55,133,"Wisconsin","Waukesha County",2,40,5530,2836,2694
050,55,133,"Wisconsin","Waukesha County",2,41,5395,2751,2644
050,55,133,"Wisconsin","Waukesha County",2,42,5200,2638,2562
050,55,133,"Wisconsin","Waukesha County",2,43,5126,2616,2510
050,55,133,"Wisconsin","Waukesha County",2,44,4915,2504,2411
050,55,133,"Wisconsin","Waukesha County",2,45,4930,2512,2418
050,55,133,"Wisconsin","Waukesha County",2,46,4810,2422,2388
050,55,133,"Wisconsin","Waukesha County",2,47,4807,2410,2397
050,55,133,"Wisconsin","Waukesha County",2,48,5095,2557,2538
050,55,133,"Wisconsin","Waukesha County",2,49,5534,2792,2742
050,55,133,"Wisconsin","Waukesha County",2,50,5545,2779,2766
050,55,133,"Wisconsin","Waukesha County",2,51,5429,2687,2742
050,55,133,"Wisconsin","Waukesha County",2,52,5403,2684,2719
050,55,133,"Wisconsin","Waukesha County",2,53,5602,2762,2840
050,55,133,"Wisconsin","Waukesha County",2,54,5796,2866,2930
050,55,133,"Wisconsin","Waukesha County",2,55,6077,2984,3093
050,55,133,"Wisconsin","Waukesha County",2,56,6367,3152,3215
050,55,133,"Wisconsin","Waukesha County",2,57,6424,3158,3266
050,55,133,"Wisconsin","Waukesha County",2,58,6587,3198,3389
050,55,133,"Wisconsin","Waukesha County",2,59,6679,3249,3430
050,55,133,"Wisconsin","Waukesha County",2,60,6493,3249,3244
050,55,133,"Wisconsin","Waukesha County",2,61,6472,3302,3170
050,55,133,"Wisconsin","Waukesha County",2,62,6384,3230,3154
050,55,133,"Wisconsin","Waukesha County",2,63,6131,3037,3094
050,55,133,"Wisconsin","Waukesha County",2,64,5757,2858,2899
050,55,133,"Wisconsin","Waukesha County",2,65,5561,2764,2797
050,55,133,"Wisconsin","Waukesha County",2,66,5329,2621,2708
050,55,133,"Wisconsin","Waukesha County",2,67,5143,2494,2649
050,55,133,"Wisconsin","Waukesha County",2,68,5054,2445,2609
050,55,133,"Wisconsin","Waukesha County",2,69,4766,2296,2470
050,55,133,"Wisconsin","Waukesha County",2,70,4449,2147,2302
050,55,133,"Wisconsin","Waukesha County",2,71,4346,2052,2294
050,55,133,"Wisconsin","Waukesha County",2,72,4295,2027,2268
050,55,133,"Wisconsin","Waukesha County",2,73,4456,2141,2315
050,55,133,"Wisconsin","Waukesha County",2,74,3047,1440,1607
050,55,133,"Wisconsin","Waukesha County",2,75,2914,1365,1549
050,55,133,"Wisconsin","Waukesha County",2,76,2918,1350,1568
050,55,133,"Wisconsin","Waukesha County",2,77,3010,1343,1667
050,55,133,"Wisconsin","Waukesha County",2,78,2501,1125,1376
050,55,133,"Wisconsin","Waukesha County",2,79,2196,970,1226
050,55,133,"Wisconsin","Waukesha County",2,80,1982,850,1132
050,55,133,"Wisconsin","Waukesha County",2,81,1940,819,1121
050,55,133,"Wisconsin","Waukesha County",2,82,1851,761,1090
050,55,133,"Wisconsin","Waukesha County",2,83,1632,668,964
050,55,133,"Wisconsin","Waukesha County",2,84,1506,615,891
050,55,133,"Wisconsin","Waukesha County",2,85,9777,3477,6300
050,55,133,"Wisconsin","Waukesha County",3,0,3719,1890,1829
050,55,133,"Wisconsin","Waukesha County",3,1,4041,2033,2008
050,55,133,"Wisconsin","Waukesha County",3,2,4174,2130,2044
050,55,133,"Wisconsin","Waukesha County",3,3,4369,2242,2127
050,55,133,"Wisconsin","Waukesha County",3,4,4555,2354,2201
050,55,133,"Wisconsin","Waukesha County",3,5,4600,2374,2226
050,55,133,"Wisconsin","Waukesha County",3,6,4687,2415,2272
050,55,133,"Wisconsin","Waukesha County",3,7,4723,2439,2284
050,55,133,"Wisconsin","Waukesha County",3,8,4624,2367,2257
050,55,133,"Wisconsin","Waukesha County",3,9,4695,2377,2318
050,55,133,"Wisconsin","Waukesha County",3,10,4845,2440,2405
050,55,133,"Wisconsin","Waukesha County",3,11,5041,2524,2517
050,55,133,"Wisconsin","Waukesha County",3,12,5180,2623,2557
050,55,133,"Wisconsin","Waukesha County",3,13,5413,2794,2619
050,55,133,"Wisconsin","Waukesha County",3,14,5421,2804,2617
050,55,133,"Wisconsin","Waukesha County",3,15,5501,2861,2640
050,55,133,"Wisconsin","Waukesha County",3,16,5596,2882,2714
050,55,133,"Wisconsin","Waukesha County",3,17,5699,2913,2786
050,55,133,"Wisconsin","Waukesha County",3,18,4893,2590,2303
050,55,133,"Wisconsin","Waukesha County",3,19,3976,2057,1919
050,55,133,"Wisconsin","Waukesha County",3,20,4204,2158,2046
050,55,133,"Wisconsin","Waukesha County",3,21,4342,2197,2145
050,55,133,"Wisconsin","Waukesha County",3,22,4300,2154,2146
050,55,133,"Wisconsin","Waukesha County",3,23,4274,2126,2148
050,55,133,"Wisconsin","Waukesha County",3,24,4219,2140,2079
050,55,133,"Wisconsin","Waukesha County",3,25,4087,2040,2047
050,55,133,"Wisconsin","Waukesha County",3,26,4036,2091,1945
050,55,133,"Wisconsin","Waukesha County",3,27,4100,2078,2022
050,55,133,"Wisconsin","Waukesha County",3,28,4109,2094,2015
050,55,133,"Wisconsin","Waukesha County",3,29,4144,2103,2041
050,55,133,"Wisconsin","Waukesha County",3,30,4126,2063,2063
050,55,133,"Wisconsin","Waukesha County",3,31,4344,2211,2133
050,55,133,"Wisconsin","Waukesha County",3,32,4400,2254,2146
050,55,133,"Wisconsin","Waukesha County",3,33,4466,2264,2202
050,55,133,"Wisconsin","Waukesha County",3,34,4808,2393,2415
050,55,133,"Wisconsin","Waukesha County",3,35,5110,2556,2554
050,55,133,"Wisconsin","Waukesha County",3,36,5209,2624,2585
050,55,133,"Wisconsin","Waukesha County",3,37,5226,2652,2574
050,55,133,"Wisconsin","Waukesha County",3,38,5438,2773,2665
050,55,133,"Wisconsin","Waukesha County",3,39,5494,2767,2727
050,55,133,"Wisconsin","Waukesha County",3,40,5549,2814,2735
050,55,133,"Wisconsin","Waukesha County",3,41,5612,2874,2738
050,55,133,"Wisconsin","Waukesha County",3,42,5464,2807,2657
050,55,133,"Wisconsin","Waukesha County",3,43,5228,2641,2587
050,55,133,"Wisconsin","Waukesha County",3,44,5173,2651,2522
050,55,133,"Wisconsin","Waukesha County",3,45,4918,2506,2412
050,55,133,"Wisconsin","Waukesha County",3,46,4990,2540,2450
050,55,133,"Wisconsin","Waukesha County",3,47,4797,2406,2391
050,55,133,"Wisconsin","Waukesha County",3,48,4810,2408,2402
050,55,133,"Wisconsin","Waukesha County",3,49,5095,2571,2524
050,55,133,"Wisconsin","Waukesha County",3,50,5492,2780,2712
050,55,133,"Wisconsin","Waukesha County",3,51,5544,2775,2769
050,55,133,"Wisconsin","Waukesha County",3,52,5420,2692,2728
050,55,133,"Wisconsin","Waukesha County",3,53,5380,2671,2709
050,55,133,"Wisconsin","Waukesha County",3,54,5612,2775,2837
050,55,133,"Wisconsin","Waukesha County",3,55,5786,2858,2928
050,55,133,"Wisconsin","Waukesha County",3,56,6055,2969,3086
050,55,133,"Wisconsin","Waukesha County",3,57,6335,3141,3194
050,55,133,"Wisconsin","Waukesha County",3,58,6375,3153,3222
050,55,133,"Wisconsin","Waukesha County",3,59,6521,3159,3362
050,55,133,"Wisconsin","Waukesha County",3,60,6613,3201,3412
050,55,133,"Wisconsin","Waukesha County",3,61,6377,3187,3190
050,55,133,"Wisconsin","Waukesha County",3,62,6417,3276,3141
050,55,133,"Wisconsin","Waukesha County",3,63,6333,3190,3143
050,55,133,"Wisconsin","Waukesha County",3,64,6100,2997,3103
050,55,133,"Wisconsin","Waukesha County",3,65,5670,2814,2856
050,55,133,"Wisconsin","Waukesha County",3,66,5474,2703,2771
050,55,133,"Wisconsin","Waukesha County",3,67,5281,2575,2706
050,55,133,"Wisconsin","Waukesha County",3,68,5110,2457,2653
050,55,133,"Wisconsin","Waukesha County",3,69,4983,2397,2586
050,55,133,"Wisconsin","Waukesha County",3,70,4729,2264,2465
050,55,133,"Wisconsin","Waukesha County",3,71,4396,2127,2269
050,55,133,"Wisconsin","Waukesha County",3,72,4265,1983,2282
050,55,133,"Wisconsin","Waukesha County",3,73,4208,1978,2230
050,55,133,"Wisconsin","Waukesha County",3,74,4355,2062,2293
050,55,133,"Wisconsin","Waukesha County",3,75,2950,1405,1545
050,55,133,"Wisconsin","Waukesha County",3,76,2836,1327,1509
050,55,133,"Wisconsin","Waukesha County",3,77,2818,1292,1526
050,55,133,"Wisconsin","Waukesha County",3,78,2920,1290,1630
050,55,133,"Wisconsin","Waukesha County",3,79,2430,1070,1360
050,55,133,"Wisconsin","Waukesha County",3,80,2087,906,1181
050,55,133,"Wisconsin","Waukesha County",3,81,1883,815,1068
050,55,133,"Wisconsin","Waukesha County",3,82,1821,757,1064
050,55,133,"Wisconsin","Waukesha County",3,83,1718,694,1024
050,55,133,"Wisconsin","Waukesha County",3,84,1501,601,900
050,55,133,"Wisconsin","Waukesha County",3,85,9489,3402,6087
050,55,133,"Wisconsin","Waukesha County",4,0,3796,1913,1883
050,55,133,"Wisconsin","Waukesha County",4,1,3853,1942,1911
050,55,133,"Wisconsin","Waukesha County",4,2,4187,2134,2053
050,55,133,"Wisconsin","Waukesha County",4,3,4274,2177,2097
050,55,133,"Wisconsin","Waukesha County",4,4,4496,2313,2183
050,55,133,"Wisconsin","Waukesha County",4,5,4644,2392,2252
050,55,133,"Wisconsin","Waukesha County",4,6,4682,2393,2289
050,55,133,"Wisconsin","Waukesha County",4,7,4762,2454,2308
050,55,133,"Wisconsin","Waukesha County",4,8,4766,2465,2301
050,55,133,"Wisconsin","Waukesha County",4,9,4699,2389,2310
050,55,133,"Wisconsin","Waukesha County",4,10,4725,2399,2326
050,55,133,"Wisconsin","Waukesha County",4,11,4897,2481,2416
050,55,133,"Wisconsin","Waukesha County",4,12,5101,2561,2540
050,55,133,"Wisconsin","Waukesha County",4,13,5228,2650,2578
050,55,133,"Wisconsin","Waukesha County",4,14,5480,2835,2645
050,55,133,"Wisconsin","Waukesha County",4,15,5501,2851,2650
050,55,133,"Wisconsin","Waukesha County",4,16,5552,2890,2662
050,55,133,"Wisconsin","Waukesha County",4,17,5607,2843,2764
050,55,133,"Wisconsin","Waukesha County",4,18,4884,2555,2329
050,55,133,"Wisconsin","Waukesha County",4,19,3964,2072,1892
050,55,133,"Wisconsin","Waukesha County",4,20,4098,2117,1981
050,55,133,"Wisconsin","Waukesha County",4,21,4338,2201,2137
050,55,133,"Wisconsin","Waukesha County",4,22,4452,2261,2191
050,55,133,"Wisconsin","Waukesha County",4,23,4280,2202,2078
050,55,133,"Wisconsin","Waukesha County",4,24,4173,2135,2038
050,55,133,"Wisconsin","Waukesha County",4,25,4136,2104,2032
050,55,133,"Wisconsin","Waukesha County",4,26,4112,2079,2033
050,55,133,"Wisconsin","Waukesha County",4,27,4071,2109,1962
050,55,133,"Wisconsin","Waukesha County",4,28,4150,2092,2058
050,55,133,"Wisconsin","Waukesha County",4,29,4170,2114,2056
050,55,133,"Wisconsin","Waukesha County",4,30,4267,2160,2107
050,55,133,"Wisconsin","Waukesha County",4,31,4266,2118,2148
050,55,133,"Wisconsin","Waukesha County",4,32,4496,2284,2212
050,55,133,"Wisconsin","Waukesha County",4,33,4547,2328,2219
050,55,133,"Wisconsin","Waukesha County",4,34,4678,2376,2302
050,55,133,"Wisconsin","Waukesha County",4,35,4920,2436,2484
050,55,133,"Wisconsin","Waukesha County",4,36,5277,2631,2646
050,55,133,"Wisconsin","Waukesha County",4,37,5377,2748,2629
050,55,133,"Wisconsin","Waukesha County",4,38,5311,2694,2617
050,55,133,"Wisconsin","Waukesha County",4,39,5544,2842,2702
050,55,133,"Wisconsin","Waukesha County",4,40,5521,2796,2725
050,55,133,"Wisconsin","Waukesha County",4,41,5611,2831,2780
050,55,133,"Wisconsin","Waukesha County",4,42,5701,2923,2778
050,55,133,"Wisconsin","Waukesha County",4,43,5504,2804,2700
050,55,133,"Wisconsin","Waukesha County",4,44,5281,2669,2612
050,55,133,"Wisconsin","Waukesha County",4,45,5187,2663,2524
050,55,133,"Wisconsin","Waukesha County",4,46,4961,2507,2454
050,55,133,"Wisconsin","Waukesha County",4,47,5010,2552,2458
050,55,133,"Wisconsin","Waukesha County",4,48,4785,2386,2399
050,55,133,"Wisconsin","Waukesha County",4,49,4810,2418,2392
050,55,133,"Wisconsin","Waukesha County",4,50,5100,2578,2522
050,55,133,"Wisconsin","Waukesha County",4,51,5489,2790,2699
050,55,133,"Wisconsin","Waukesha County",4,52,5538,2768,2770
050,55,133,"Wisconsin","Waukesha County",4,53,5391,2680,2711
050,55,133,"Wisconsin","Waukesha County",4,54,5343,2635,2708
050,55,133,"Wisconsin","Waukesha County",4,55,5546,2723,2823
050,55,133,"Wisconsin","Waukesha County",4,56,5721,2819,2902
050,55,133,"Wisconsin","Waukesha County",4,57,6011,2939,3072
050,55,133,"Wisconsin","Waukesha County",4,58,6280,3119,3161
050,55,133,"Wisconsin","Waukesha County",4,59,6343,3127,3216
050,55,133,"Wisconsin","Waukesha County",4,60,6407,3080,3327
050,55,133,"Wisconsin","Waukesha County",4,61,6471,3131,3340
050,55,133,"Wisconsin","Waukesha County",4,62,6276,3114,3162
050,55,133,"Wisconsin","Waukesha County",4,63,6310,3233,3077
050,55,133,"Wisconsin","Waukesha County",4,64,6228,3104,3124
050,55,133,"Wisconsin","Waukesha County",4,65,5991,2923,3068
050,55,133,"Wisconsin","Waukesha County",4,66,5597,2742,2855
050,55,133,"Wisconsin","Waukesha County",4,67,5414,2649,2765
050,55,133,"Wisconsin","Waukesha County",4,68,5225,2523,2702
050,55,133,"Wisconsin","Waukesha County",4,69,5035,2408,2627
050,55,133,"Wisconsin","Waukesha County",4,70,4934,2350,2584
050,55,133,"Wisconsin","Waukesha County",4,71,4685,2225,2460
050,55,133,"Wisconsin","Waukesha County",4,72,4329,2072,2257
050,55,133,"Wisconsin","Waukesha County",4,73,4218,1946,2272
050,55,133,"Wisconsin","Waukesha County",4,74,4152,1954,2198
050,55,133,"Wisconsin","Waukesha County",4,75,4225,2007,2218
050,55,133,"Wisconsin","Waukesha County",4,76,2884,1363,1521
050,55,133,"Wisconsin","Waukesha County",4,77,2754,1272,1482
050,55,133,"Wisconsin","Waukesha County",4,78,2723,1249,1474
050,55,133,"Wisconsin","Waukesha County",4,79,2855,1261,1594
050,55,133,"Wisconsin","Waukesha County",4,80,2341,1028,1313
050,55,133,"Wisconsin","Waukesha County",4,81,2025,886,1139
050,55,133,"Wisconsin","Waukesha County",4,82,1770,767,1003
050,55,133,"Wisconsin","Waukesha County",4,83,1703,713,990
050,55,133,"Wisconsin","Waukesha County",4,84,1590,646,944
050,55,133,"Wisconsin","Waukesha County",4,85,9237,3292,5945
050,55,133,"Wisconsin","Waukesha County",5,0,3695,1864,1831
050,55,133,"Wisconsin","Waukesha County",5,1,3936,2001,1935
050,55,133,"Wisconsin","Waukesha County",5,2,4005,2037,1968
050,55,133,"Wisconsin","Waukesha County",5,3,4321,2207,2114
050,55,133,"Wisconsin","Waukesha County",5,4,4394,2246,2148
050,55,133,"Wisconsin","Waukesha County",5,5,4525,2314,2211
050,55,133,"Wisconsin","Waukesha County",5,6,4715,2449,2266
050,55,133,"Wisconsin","Waukesha County",5,7,4740,2418,2322
050,55,133,"Wisconsin","Waukesha County",5,8,4829,2501,2328
050,55,133,"Wisconsin","Waukesha County",5,9,4806,2485,2321
050,55,133,"Wisconsin","Waukesha County",5,10,4733,2422,2311
050,55,133,"Wisconsin","Waukesha County",5,11,4787,2437,2350
050,55,133,"Wisconsin","Waukesha County",5,12,4953,2511,2442
050,55,133,"Wisconsin","Waukesha County",5,13,5175,2606,2569
050,55,133,"Wisconsin","Waukesha County",5,14,5317,2711,2606
050,55,133,"Wisconsin","Waukesha County",5,15,5544,2880,2664
050,55,133,"Wisconsin","Waukesha County",5,16,5519,2851,2668
050,55,133,"Wisconsin","Waukesha County",5,17,5579,2899,2680
050,55,133,"Wisconsin","Waukesha County",5,18,4786,2495,2291
050,55,133,"Wisconsin","Waukesha County",5,19,3978,2057,1921
050,55,133,"Wisconsin","Waukesha County",5,20,4223,2199,2024
050,55,133,"Wisconsin","Waukesha County",5,21,4280,2169,2111
050,55,133,"Wisconsin","Waukesha County",5,22,4459,2250,2209
050,55,133,"Wisconsin","Waukesha County",5,23,4533,2320,2213
050,55,133,"Wisconsin","Waukesha County",5,24,4273,2256,2017
050,55,133,"Wisconsin","Waukesha County",5,25,4222,2148,2074
050,55,133,"Wisconsin","Waukesha County",5,26,4167,2134,2033
050,55,133,"Wisconsin","Waukesha County",5,27,4187,2122,2065
050,55,133,"Wisconsin","Waukesha County",5,28,4170,2179,1991
050,55,133,"Wisconsin","Waukesha County",5,29,4251,2137,2114
050,55,133,"Wisconsin","Waukesha County",5,30,4337,2195,2142
050,55,133,"Wisconsin","Waukesha County",5,31,4397,2209,2188
050,55,133,"Wisconsin","Waukesha County",5,32,4413,2187,2226
050,55,133,"Wisconsin","Waukesha County",5,33,4682,2394,2288
050,55,133,"Wisconsin","Waukesha County",5,34,4707,2399,2308
050,55,133,"Wisconsin","Waukesha County",5,35,4834,2440,2394
050,55,133,"Wisconsin","Waukesha County",5,36,5057,2519,2538
050,55,133,"Wisconsin","Waukesha County",5,37,5364,2698,2666
050,55,133,"Wisconsin","Waukesha County",5,38,5434,2775,2659
050,55,133,"Wisconsin","Waukesha County",5,39,5389,2731,2658
050,55,133,"Wisconsin","Waukesha County",5,40,5607,2875,2732
050,55,133,"Wisconsin","Waukesha County",5,41,5620,2831,2789
050,55,133,"Wisconsin","Waukesha County",5,42,5639,2855,2784
050,55,133,"Wisconsin","Waukesha County",5,43,5709,2927,2782
050,55,133,"Wisconsin","Waukesha County",5,44,5561,2835,2726
050,55,133,"Wisconsin","Waukesha County",5,45,5344,2683,2661
050,55,133,"Wisconsin","Waukesha County",5,46,5241,2667,2574
050,55,133,"Wisconsin","Waukesha County",5,47,4976,2529,2447
050,55,133,"Wisconsin","Waukesha County",5,48,4994,2550,2444
050,55,133,"Wisconsin","Waukesha County",5,49,4810,2399,2411
050,55,133,"Wisconsin","Waukesha County",5,50,4829,2432,2397
050,55,133,"Wisconsin","Waukesha County",5,51,5115,2596,2519
050,55,133,"Wisconsin","Waukesha County",5,52,5450,2773,2677
050,55,133,"Wisconsin","Waukesha County",5,53,5501,2741,2760
050,55,133,"Wisconsin","Waukesha County",5,54,5387,2685,2702
050,55,133,"Wisconsin","Waukesha County",5,55,5298,2610,2688
050,55,133,"Wisconsin","Waukesha County",5,56,5506,2692,2814
050,55,133,"Wisconsin","Waukesha County",5,57,5655,2772,2883
050,55,133,"Wisconsin","Waukesha County",5,58,5966,2915,3051
050,55,133,"Wisconsin","Waukesha County",5,59,6262,3109,3153
050,55,133,"Wisconsin","Waukesha County",5,60,6290,3087,3203
050,55,133,"Wisconsin","Waukesha County",5,61,6305,3043,3262
050,55,133,"Wisconsin","Waukesha County",5,62,6421,3108,3313
050,55,133,"Wisconsin","Waukesha County",5,63,6193,3057,3136
050,55,133,"Wisconsin","Waukesha County",5,64,6233,3195,3038
050,55,133,"Wisconsin","Waukesha County",5,65,6160,3072,3088
050,55,133,"Wisconsin","Waukesha County",5,66,5921,2887,3034
050,55,133,"Wisconsin","Waukesha County",5,67,5539,2708,2831
050,55,133,"Wisconsin","Waukesha County",5,68,5369,2596,2773
050,55,133,"Wisconsin","Waukesha County",5,69,5151,2484,2667
050,55,133,"Wisconsin","Waukesha County",5,70,4991,2375,2616
050,55,133,"Wisconsin","Waukesha County",5,71,4878,2315,2563
050,55,133,"Wisconsin","Waukesha County",5,72,4643,2186,2457
050,55,133,"Wisconsin","Waukesha County",5,73,4267,2032,2235
050,55,133,"Wisconsin","Waukesha County",5,74,4160,1916,2244
050,55,133,"Wisconsin","Waukesha County",5,75,4084,1916,2168
050,55,133,"Wisconsin","Waukesha County",5,76,4153,1953,2200
050,55,133,"Wisconsin","Waukesha County",5,77,2801,1313,1488
050,55,133,"Wisconsin","Waukesha County",5,78,2681,1241,1440
050,55,133,"Wisconsin","Waukesha County",5,79,2660,1208,1452
050,55,133,"Wisconsin","Waukesha County",5,80,2752,1211,1541
050,55,133,"Wisconsin","Waukesha County",5,81,2276,1009,1267
050,55,133,"Wisconsin","Waukesha County",5,82,1936,836,1100
050,55,133,"Wisconsin","Waukesha County",5,83,1679,723,956
050,55,133,"Wisconsin","Waukesha County",5,84,1595,662,933
050,55,133,"Wisconsin","Waukesha County",5,85,9267,3276,5991
050,55,135,"Wisconsin","Waupaca County",1,0,534,276,258
050,55,135,"Wisconsin","Waupaca County",1,1,530,284,246
050,55,135,"Wisconsin","Waupaca County",1,2,530,288,242
050,55,135,"Wisconsin","Waupaca County",1,3,528,280,248
050,55,135,"Wisconsin","Waupaca County",1,4,525,293,232
050,55,135,"Wisconsin","Waupaca County",1,5,571,284,287
050,55,135,"Wisconsin","Waupaca County",1,6,549,273,276
050,55,135,"Wisconsin","Waupaca County",1,7,562,284,278
050,55,135,"Wisconsin","Waupaca County",1,8,561,293,268
050,55,135,"Wisconsin","Waupaca County",1,9,543,276,267
050,55,135,"Wisconsin","Waupaca County",1,10,626,301,325
050,55,135,"Wisconsin","Waupaca County",1,11,657,348,309
050,55,135,"Wisconsin","Waupaca County",1,12,680,367,313
050,55,135,"Wisconsin","Waupaca County",1,13,640,326,314
050,55,135,"Wisconsin","Waupaca County",1,14,610,310,300
050,55,135,"Wisconsin","Waupaca County",1,15,651,342,309
050,55,135,"Wisconsin","Waupaca County",1,16,669,353,316
050,55,135,"Wisconsin","Waupaca County",1,17,702,366,336
050,55,135,"Wisconsin","Waupaca County",1,18,584,306,278
050,55,135,"Wisconsin","Waupaca County",1,19,457,261,196
050,55,135,"Wisconsin","Waupaca County",1,20,474,242,232
050,55,135,"Wisconsin","Waupaca County",1,21,505,257,248
050,55,135,"Wisconsin","Waupaca County",1,22,533,282,251
050,55,135,"Wisconsin","Waupaca County",1,23,528,270,258
050,55,135,"Wisconsin","Waupaca County",1,24,553,290,263
050,55,135,"Wisconsin","Waupaca County",1,25,541,282,259
050,55,135,"Wisconsin","Waupaca County",1,26,555,281,274
050,55,135,"Wisconsin","Waupaca County",1,27,544,269,275
050,55,135,"Wisconsin","Waupaca County",1,28,566,274,292
050,55,135,"Wisconsin","Waupaca County",1,29,553,268,285
050,55,135,"Wisconsin","Waupaca County",1,30,520,278,242
050,55,135,"Wisconsin","Waupaca County",1,31,532,288,244
050,55,135,"Wisconsin","Waupaca County",1,32,510,253,257
050,55,135,"Wisconsin","Waupaca County",1,33,516,270,246
050,55,135,"Wisconsin","Waupaca County",1,34,597,306,291
050,55,135,"Wisconsin","Waupaca County",1,35,607,314,293
050,55,135,"Wisconsin","Waupaca County",1,36,549,284,265
050,55,135,"Wisconsin","Waupaca County",1,37,609,313,296
050,55,135,"Wisconsin","Waupaca County",1,38,609,323,286
050,55,135,"Wisconsin","Waupaca County",1,39,602,314,288
050,55,135,"Wisconsin","Waupaca County",1,40,650,329,321
050,55,135,"Wisconsin","Waupaca County",1,41,624,319,305
050,55,135,"Wisconsin","Waupaca County",1,42,609,342,267
050,55,135,"Wisconsin","Waupaca County",1,43,596,310,286
050,55,135,"Wisconsin","Waupaca County",1,44,605,297,308
050,55,135,"Wisconsin","Waupaca County",1,45,618,302,316
050,55,135,"Wisconsin","Waupaca County",1,46,598,304,294
050,55,135,"Wisconsin","Waupaca County",1,47,603,314,289
050,55,135,"Wisconsin","Waupaca County",1,48,640,314,326
050,55,135,"Wisconsin","Waupaca County",1,49,703,365,338
050,55,135,"Wisconsin","Waupaca County",1,50,679,355,324
050,55,135,"Wisconsin","Waupaca County",1,51,689,359,330
050,55,135,"Wisconsin","Waupaca County",1,52,690,359,331
050,55,135,"Wisconsin","Waupaca County",1,53,760,376,384
050,55,135,"Wisconsin","Waupaca County",1,54,783,395,388
050,55,135,"Wisconsin","Waupaca County",1,55,805,408,397
050,55,135,"Wisconsin","Waupaca County",1,56,872,467,405
050,55,135,"Wisconsin","Waupaca County",1,57,907,480,427
050,55,135,"Wisconsin","Waupaca County",1,58,912,485,427
050,55,135,"Wisconsin","Waupaca County",1,59,916,468,448
050,55,135,"Wisconsin","Waupaca County",1,60,887,439,448
050,55,135,"Wisconsin","Waupaca County",1,61,863,441,422
050,55,135,"Wisconsin","Waupaca County",1,62,859,438,421
050,55,135,"Wisconsin","Waupaca County",1,63,822,422,400
050,55,135,"Wisconsin","Waupaca County",1,64,793,407,386
050,55,135,"Wisconsin","Waupaca County",1,65,813,432,381
050,55,135,"Wisconsin","Waupaca County",1,66,772,397,375
050,55,135,"Wisconsin","Waupaca County",1,67,719,359,360
050,55,135,"Wisconsin","Waupaca County",1,68,685,351,334
050,55,135,"Wisconsin","Waupaca County",1,69,587,291,296
050,55,135,"Wisconsin","Waupaca County",1,70,572,289,283
050,55,135,"Wisconsin","Waupaca County",1,71,545,270,275
050,55,135,"Wisconsin","Waupaca County",1,72,544,276,268
050,55,135,"Wisconsin","Waupaca County",1,73,553,283,270
050,55,135,"Wisconsin","Waupaca County",1,74,376,186,190
050,55,135,"Wisconsin","Waupaca County",1,75,378,186,192
050,55,135,"Wisconsin","Waupaca County",1,76,400,204,196
050,55,135,"Wisconsin","Waupaca County",1,77,396,193,203
050,55,135,"Wisconsin","Waupaca County",1,78,334,166,168
050,55,135,"Wisconsin","Waupaca County",1,79,318,151,167
050,55,135,"Wisconsin","Waupaca County",1,80,278,122,156
050,55,135,"Wisconsin","Waupaca County",1,81,270,115,155
050,55,135,"Wisconsin","Waupaca County",1,82,248,112,136
050,55,135,"Wisconsin","Waupaca County",1,83,226,114,112
050,55,135,"Wisconsin","Waupaca County",1,84,224,96,128
050,55,135,"Wisconsin","Waupaca County",1,85,1380,590,790
050,55,135,"Wisconsin","Waupaca County",2,0,541,275,266
050,55,135,"Wisconsin","Waupaca County",2,1,529,280,249
050,55,135,"Wisconsin","Waupaca County",2,2,536,288,248
050,55,135,"Wisconsin","Waupaca County",2,3,528,283,245
050,55,135,"Wisconsin","Waupaca County",2,4,528,290,238
050,55,135,"Wisconsin","Waupaca County",2,5,558,286,272
050,55,135,"Wisconsin","Waupaca County",2,6,560,281,279
050,55,135,"Wisconsin","Waupaca County",2,7,560,283,277
050,55,135,"Wisconsin","Waupaca County",2,8,561,290,271
050,55,135,"Wisconsin","Waupaca County",2,9,550,280,270
050,55,135,"Wisconsin","Waupaca County",2,10,604,296,308
050,55,135,"Wisconsin","Waupaca County",2,11,651,338,313
050,55,135,"Wisconsin","Waupaca County",2,12,681,365,316
050,55,135,"Wisconsin","Waupaca County",2,13,648,337,311
050,55,135,"Wisconsin","Waupaca County",2,14,619,317,302
050,55,135,"Wisconsin","Waupaca County",2,15,641,336,305
050,55,135,"Wisconsin","Waupaca County",2,16,667,352,315
050,55,135,"Wisconsin","Waupaca County",2,17,696,363,333
050,55,135,"Wisconsin","Waupaca County",2,18,579,307,272
050,55,135,"Wisconsin","Waupaca County",2,19,460,256,204
050,55,135,"Wisconsin","Waupaca County",2,20,481,251,230
050,55,135,"Wisconsin","Waupaca County",2,21,501,256,245
050,55,135,"Wisconsin","Waupaca County",2,22,536,279,257
050,55,135,"Wisconsin","Waupaca County",2,23,534,275,259
050,55,135,"Wisconsin","Waupaca County",2,24,544,283,261
050,55,135,"Wisconsin","Waupaca County",2,25,544,283,261
050,55,135,"Wisconsin","Waupaca County",2,26,554,285,269
050,55,135,"Wisconsin","Waupaca County",2,27,543,269,274
050,55,135,"Wisconsin","Waupaca County",2,28,561,274,287
050,55,135,"Wisconsin","Waupaca County",2,29,552,267,285
050,55,135,"Wisconsin","Waupaca County",2,30,532,277,255
050,55,135,"Wisconsin","Waupaca County",2,31,530,285,245
050,55,135,"Wisconsin","Waupaca County",2,32,511,258,253
050,55,135,"Wisconsin","Waupaca County",2,33,518,269,249
050,55,135,"Wisconsin","Waupaca County",2,34,578,295,283
050,55,135,"Wisconsin","Waupaca County",2,35,611,316,295
050,55,135,"Wisconsin","Waupaca County",2,36,563,291,272
050,55,135,"Wisconsin","Waupaca County",2,37,598,307,291
050,55,135,"Wisconsin","Waupaca County",2,38,612,321,291
050,55,135,"Wisconsin","Waupaca County",2,39,605,317,288
050,55,135,"Wisconsin","Waupaca County",2,40,647,329,318
050,55,135,"Wisconsin","Waupaca County",2,41,630,321,309
050,55,135,"Wisconsin","Waupaca County",2,42,613,336,277
050,55,135,"Wisconsin","Waupaca County",2,43,609,323,286
050,55,135,"Wisconsin","Waupaca County",2,44,597,295,302
050,55,135,"Wisconsin","Waupaca County",2,45,620,304,316
050,55,135,"Wisconsin","Waupaca County",2,46,604,306,298
050,55,135,"Wisconsin","Waupaca County",2,47,598,309,289
050,55,135,"Wisconsin","Waupaca County",2,48,637,317,320
050,55,135,"Wisconsin","Waupaca County",2,49,693,356,337
050,55,135,"Wisconsin","Waupaca County",2,50,688,359,329
050,55,135,"Wisconsin","Waupaca County",2,51,682,356,326
050,55,135,"Wisconsin","Waupaca County",2,52,689,358,331
050,55,135,"Wisconsin","Waupaca County",2,53,745,373,372
050,55,135,"Wisconsin","Waupaca County",2,54,772,386,386
050,55,135,"Wisconsin","Waupaca County",2,55,806,409,397
050,55,135,"Wisconsin","Waupaca County",2,56,860,457,403
050,55,135,"Wisconsin","Waupaca County",2,57,904,481,423
050,55,135,"Wisconsin","Waupaca County",2,58,903,479,424
050,55,135,"Wisconsin","Waupaca County",2,59,918,471,447
050,55,135,"Wisconsin","Waupaca County",2,60,895,446,449
050,55,135,"Wisconsin","Waupaca County",2,61,864,439,425
050,55,135,"Wisconsin","Waupaca County",2,62,857,435,422
050,55,135,"Wisconsin","Waupaca County",2,63,836,429,407
050,55,135,"Wisconsin","Waupaca County",2,64,786,401,385
050,55,135,"Wisconsin","Waupaca County",2,65,805,423,382
050,55,135,"Wisconsin","Waupaca County",2,66,776,400,376
050,55,135,"Wisconsin","Waupaca County",2,67,729,367,362
050,55,135,"Wisconsin","Waupaca County",2,68,686,347,339
050,55,135,"Wisconsin","Waupaca County",2,69,608,304,304
050,55,135,"Wisconsin","Waupaca County",2,70,570,288,282
050,55,135,"Wisconsin","Waupaca County",2,71,547,270,277
050,55,135,"Wisconsin","Waupaca County",2,72,526,264,262
050,55,135,"Wisconsin","Waupaca County",2,73,576,294,282
050,55,135,"Wisconsin","Waupaca County",2,74,382,190,192
050,55,135,"Wisconsin","Waupaca County",2,75,375,187,188
050,55,135,"Wisconsin","Waupaca County",2,76,389,197,192
050,55,135,"Wisconsin","Waupaca County",2,77,403,201,202
050,55,135,"Wisconsin","Waupaca County",2,78,340,168,172
050,55,135,"Wisconsin","Waupaca County",2,79,316,151,165
050,55,135,"Wisconsin","Waupaca County",2,80,284,124,160
050,55,135,"Wisconsin","Waupaca County",2,81,265,112,153
050,55,135,"Wisconsin","Waupaca County",2,82,248,108,140
050,55,135,"Wisconsin","Waupaca County",2,83,233,116,117
050,55,135,"Wisconsin","Waupaca County",2,84,220,98,122
050,55,135,"Wisconsin","Waupaca County",2,85,1362,576,786
050,55,135,"Wisconsin","Waupaca County",3,0,434,220,214
050,55,135,"Wisconsin","Waupaca County",3,1,551,282,269
050,55,135,"Wisconsin","Waupaca County",3,2,514,271,243
050,55,135,"Wisconsin","Waupaca County",3,3,532,284,248
050,55,135,"Wisconsin","Waupaca County",3,4,531,289,242
050,55,135,"Wisconsin","Waupaca County",3,5,521,270,251
050,55,135,"Wisconsin","Waupaca County",3,6,565,293,272
050,55,135,"Wisconsin","Waupaca County",3,7,574,292,282
050,55,135,"Wisconsin","Waupaca County",3,8,551,280,271
050,55,135,"Wisconsin","Waupaca County",3,9,581,296,285
050,55,135,"Wisconsin","Waupaca County",3,10,555,282,273
050,55,135,"Wisconsin","Waupaca County",3,11,615,308,307
050,55,135,"Wisconsin","Waupaca County",3,12,669,354,315
050,55,135,"Wisconsin","Waupaca County",3,13,679,358,321
050,55,135,"Wisconsin","Waupaca County",3,14,659,329,330
050,55,135,"Wisconsin","Waupaca County",3,15,620,318,302
050,55,135,"Wisconsin","Waupaca County",3,16,635,342,293
050,55,135,"Wisconsin","Waupaca County",3,17,668,357,311
050,55,135,"Wisconsin","Waupaca County",3,18,584,314,270
050,55,135,"Wisconsin","Waupaca County",3,19,453,240,213
050,55,135,"Wisconsin","Waupaca County",3,20,459,250,209
050,55,135,"Wisconsin","Waupaca County",3,21,502,257,245
050,55,135,"Wisconsin","Waupaca County",3,22,524,256,268
050,55,135,"Wisconsin","Waupaca County",3,23,535,290,245
050,55,135,"Wisconsin","Waupaca County",3,24,505,260,245
050,55,135,"Wisconsin","Waupaca County",3,25,540,281,259
050,55,135,"Wisconsin","Waupaca County",3,26,530,272,258
050,55,135,"Wisconsin","Waupaca County",3,27,534,281,253
050,55,135,"Wisconsin","Waupaca County",3,28,554,281,273
050,55,135,"Wisconsin","Waupaca County",3,29,553,266,287
050,55,135,"Wisconsin","Waupaca County",3,30,563,282,281
050,55,135,"Wisconsin","Waupaca County",3,31,554,289,265
050,55,135,"Wisconsin","Waupaca County",3,32,544,283,261
050,55,135,"Wisconsin","Waupaca County",3,33,527,277,250
050,55,135,"Wisconsin","Waupaca County",3,34,530,272,258
050,55,135,"Wisconsin","Waupaca County",3,35,597,314,283
050,55,135,"Wisconsin","Waupaca County",3,36,633,325,308
050,55,135,"Wisconsin","Waupaca County",3,37,585,301,284
050,55,135,"Wisconsin","Waupaca County",3,38,589,304,285
050,55,135,"Wisconsin","Waupaca County",3,39,612,319,293
050,55,135,"Wisconsin","Waupaca County",3,40,619,325,294
050,55,135,"Wisconsin","Waupaca County",3,41,664,338,326
050,55,135,"Wisconsin","Waupaca County",3,42,643,326,317
050,55,135,"Wisconsin","Waupaca County",3,43,623,341,282
050,55,135,"Wisconsin","Waupaca County",3,44,624,333,291
050,55,135,"Wisconsin","Waupaca County",3,45,602,306,296
050,55,135,"Wisconsin","Waupaca County",3,46,641,323,318
050,55,135,"Wisconsin","Waupaca County",3,47,596,296,300
050,55,135,"Wisconsin","Waupaca County",3,48,612,315,297
050,55,135,"Wisconsin","Waupaca County",3,49,642,319,323
050,55,135,"Wisconsin","Waupaca County",3,50,698,345,353
050,55,135,"Wisconsin","Waupaca County",3,51,696,359,337
050,55,135,"Wisconsin","Waupaca County",3,52,692,362,330
050,55,135,"Wisconsin","Waupaca County",3,53,698,364,334
050,55,135,"Wisconsin","Waupaca County",3,54,738,366,372
050,55,135,"Wisconsin","Waupaca County",3,55,769,392,377
050,55,135,"Wisconsin","Waupaca County",3,56,816,410,406
050,55,135,"Wisconsin","Waupaca County",3,57,880,463,417
050,55,135,"Wisconsin","Waupaca County",3,58,918,483,435
050,55,135,"Wisconsin","Waupaca County",3,59,914,483,431
050,55,135,"Wisconsin","Waupaca County",3,60,919,477,442
050,55,135,"Wisconsin","Waupaca County",3,61,886,445,441
050,55,135,"Wisconsin","Waupaca County",3,62,865,438,427
050,55,135,"Wisconsin","Waupaca County",3,63,863,436,427
050,55,135,"Wisconsin","Waupaca County",3,64,840,423,417
050,55,135,"Wisconsin","Waupaca County",3,65,795,407,388
050,55,135,"Wisconsin","Waupaca County",3,66,775,402,373
050,55,135,"Wisconsin","Waupaca County",3,67,751,381,370
050,55,135,"Wisconsin","Waupaca County",3,68,721,372,349
050,55,135,"Wisconsin","Waupaca County",3,69,661,336,325
050,55,135,"Wisconsin","Waupaca County",3,70,590,301,289
050,55,135,"Wisconsin","Waupaca County",3,71,561,282,279
050,55,135,"Wisconsin","Waupaca County",3,72,533,264,269
050,55,135,"Wisconsin","Waupaca County",3,73,523,264,259
050,55,135,"Wisconsin","Waupaca County",3,74,554,281,273
050,55,135,"Wisconsin","Waupaca County",3,75,363,181,182
050,55,135,"Wisconsin","Waupaca County",3,76,388,190,198
050,55,135,"Wisconsin","Waupaca County",3,77,380,196,184
050,55,135,"Wisconsin","Waupaca County",3,78,381,188,193
050,55,135,"Wisconsin","Waupaca County",3,79,319,155,164
050,55,135,"Wisconsin","Waupaca County",3,80,310,146,164
050,55,135,"Wisconsin","Waupaca County",3,81,276,122,154
050,55,135,"Wisconsin","Waupaca County",3,82,256,105,151
050,55,135,"Wisconsin","Waupaca County",3,83,254,122,132
050,55,135,"Wisconsin","Waupaca County",3,84,246,117,129
050,55,135,"Wisconsin","Waupaca County",3,85,1430,606,824
050,55,135,"Wisconsin","Waupaca County",4,0,470,244,226
050,55,135,"Wisconsin","Waupaca County",4,1,447,232,215
050,55,135,"Wisconsin","Waupaca County",4,2,558,276,282
050,55,135,"Wisconsin","Waupaca County",4,3,516,271,245
050,55,135,"Wisconsin","Waupaca County",4,4,529,289,240
050,55,135,"Wisconsin","Waupaca County",4,5,522,279,243
050,55,135,"Wisconsin","Waupaca County",4,6,525,271,254
050,55,135,"Wisconsin","Waupaca County",4,7,580,291,289
050,55,135,"Wisconsin","Waupaca County",4,8,573,285,288
050,55,135,"Wisconsin","Waupaca County",4,9,560,284,276
050,55,135,"Wisconsin","Waupaca County",4,10,594,302,292
050,55,135,"Wisconsin","Waupaca County",4,11,557,283,274
050,55,135,"Wisconsin","Waupaca County",4,12,618,310,308
050,55,135,"Wisconsin","Waupaca County",4,13,674,362,312
050,55,135,"Wisconsin","Waupaca County",4,14,659,345,314
050,55,135,"Wisconsin","Waupaca County",4,15,674,344,330
050,55,135,"Wisconsin","Waupaca County",4,16,631,325,306
050,55,135,"Wisconsin","Waupaca County",4,17,654,351,303
050,55,135,"Wisconsin","Waupaca County",4,18,558,306,252
050,55,135,"Wisconsin","Waupaca County",4,19,451,246,205
050,55,135,"Wisconsin","Waupaca County",4,20,486,251,235
050,55,135,"Wisconsin","Waupaca County",4,21,464,263,201
050,55,135,"Wisconsin","Waupaca County",4,22,521,261,260
050,55,135,"Wisconsin","Waupaca County",4,23,527,265,262
050,55,135,"Wisconsin","Waupaca County",4,24,497,270,227
050,55,135,"Wisconsin","Waupaca County",4,25,517,263,254
050,55,135,"Wisconsin","Waupaca County",4,26,563,297,266
050,55,135,"Wisconsin","Waupaca County",4,27,524,275,249
050,55,135,"Wisconsin","Waupaca County",4,28,536,280,256
050,55,135,"Wisconsin","Waupaca County",4,29,562,275,287
050,55,135,"Wisconsin","Waupaca County",4,30,575,277,298
050,55,135,"Wisconsin","Waupaca County",4,31,582,293,289
050,55,135,"Wisconsin","Waupaca County",4,32,538,284,254
050,55,135,"Wisconsin","Waupaca County",4,33,538,280,258
050,55,135,"Wisconsin","Waupaca County",4,34,537,273,264
050,55,135,"Wisconsin","Waupaca County",4,35,555,297,258
050,55,135,"Wisconsin","Waupaca County",4,36,603,317,286
050,55,135,"Wisconsin","Waupaca County",4,37,637,321,316
050,55,135,"Wisconsin","Waupaca County",4,38,592,310,282
050,55,135,"Wisconsin","Waupaca County",4,39,598,306,292
050,55,135,"Wisconsin","Waupaca County",4,40,623,332,291
050,55,135,"Wisconsin","Waupaca County",4,41,613,322,291
050,55,135,"Wisconsin","Waupaca County",4,42,670,345,325
050,55,135,"Wisconsin","Waupaca County",4,43,644,321,323
050,55,135,"Wisconsin","Waupaca County",4,44,641,352,289
050,55,135,"Wisconsin","Waupaca County",4,45,630,336,294
050,55,135,"Wisconsin","Waupaca County",4,46,615,319,296
050,55,135,"Wisconsin","Waupaca County",4,47,639,314,325
050,55,135,"Wisconsin","Waupaca County",4,48,591,289,302
050,55,135,"Wisconsin","Waupaca County",4,49,608,317,291
050,55,135,"Wisconsin","Waupaca County",4,50,640,317,323
050,55,135,"Wisconsin","Waupaca County",4,51,701,354,347
050,55,135,"Wisconsin","Waupaca County",4,52,706,364,342
050,55,135,"Wisconsin","Waupaca County",4,53,690,356,334
050,55,135,"Wisconsin","Waupaca County",4,54,690,365,325
050,55,135,"Wisconsin","Waupaca County",4,55,743,373,370
050,55,135,"Wisconsin","Waupaca County",4,56,774,394,380
050,55,135,"Wisconsin","Waupaca County",4,57,826,414,412
050,55,135,"Wisconsin","Waupaca County",4,58,898,468,430
050,55,135,"Wisconsin","Waupaca County",4,59,924,489,435
050,55,135,"Wisconsin","Waupaca County",4,60,921,485,436
050,55,135,"Wisconsin","Waupaca County",4,61,899,466,433
050,55,135,"Wisconsin","Waupaca County",4,62,867,435,432
050,55,135,"Wisconsin","Waupaca County",4,63,871,440,431
050,55,135,"Wisconsin","Waupaca County",4,64,849,425,424
050,55,135,"Wisconsin","Waupaca County",4,65,825,418,407
050,55,135,"Wisconsin","Waupaca County",4,66,771,390,381
050,55,135,"Wisconsin","Waupaca County",4,67,752,396,356
050,55,135,"Wisconsin","Waupaca County",4,68,747,383,364
050,55,135,"Wisconsin","Waupaca County",4,69,702,360,342
050,55,135,"Wisconsin","Waupaca County",4,70,649,325,324
050,55,135,"Wisconsin","Waupaca County",4,71,556,279,277
050,55,135,"Wisconsin","Waupaca County",4,72,543,273,270
050,55,135,"Wisconsin","Waupaca County",4,73,514,248,266
050,55,135,"Wisconsin","Waupaca County",4,74,484,239,245
050,55,135,"Wisconsin","Waupaca County",4,75,512,255,257
050,55,135,"Wisconsin","Waupaca County",4,76,355,172,183
050,55,135,"Wisconsin","Waupaca County",4,77,352,170,182
050,55,135,"Wisconsin","Waupaca County",4,78,341,172,169
050,55,135,"Wisconsin","Waupaca County",4,79,349,172,177
050,55,135,"Wisconsin","Waupaca County",4,80,284,134,150
050,55,135,"Wisconsin","Waupaca County",4,81,284,131,153
050,55,135,"Wisconsin","Waupaca County",4,82,245,101,144
050,55,135,"Wisconsin","Waupaca County",4,83,226,99,127
050,55,135,"Wisconsin","Waupaca County",4,84,226,97,129
050,55,135,"Wisconsin","Waupaca County",4,85,1218,525,693
050,55,135,"Wisconsin","Waupaca County",5,0,462,237,225
050,55,135,"Wisconsin","Waupaca County",5,1,484,237,247
050,55,135,"Wisconsin","Waupaca County",5,2,445,223,222
050,55,135,"Wisconsin","Waupaca County",5,3,570,278,292
050,55,135,"Wisconsin","Waupaca County",5,4,504,265,239
050,55,135,"Wisconsin","Waupaca County",5,5,542,298,244
050,55,135,"Wisconsin","Waupaca County",5,6,536,283,253
050,55,135,"Wisconsin","Waupaca County",5,7,528,280,248
050,55,135,"Wisconsin","Waupaca County",5,8,594,312,282
050,55,135,"Wisconsin","Waupaca County",5,9,582,300,282
050,55,135,"Wisconsin","Waupaca County",5,10,556,284,272
050,55,135,"Wisconsin","Waupaca County",5,11,588,302,286
050,55,135,"Wisconsin","Waupaca County",5,12,560,284,276
050,55,135,"Wisconsin","Waupaca County",5,13,610,306,304
050,55,135,"Wisconsin","Waupaca County",5,14,689,361,328
050,55,135,"Wisconsin","Waupaca County",5,15,664,352,312
050,55,135,"Wisconsin","Waupaca County",5,16,687,346,341
050,55,135,"Wisconsin","Waupaca County",5,17,650,333,317
050,55,135,"Wisconsin","Waupaca County",5,18,535,301,234
050,55,135,"Wisconsin","Waupaca County",5,19,429,239,190
050,55,135,"Wisconsin","Waupaca County",5,20,486,264,222
050,55,135,"Wisconsin","Waupaca County",5,21,513,269,244
050,55,135,"Wisconsin","Waupaca County",5,22,482,261,221
050,55,135,"Wisconsin","Waupaca County",5,23,563,291,272
050,55,135,"Wisconsin","Waupaca County",5,24,513,258,255
050,55,135,"Wisconsin","Waupaca County",5,25,497,270,227
050,55,135,"Wisconsin","Waupaca County",5,26,513,273,240
050,55,135,"Wisconsin","Waupaca County",5,27,540,279,261
050,55,135,"Wisconsin","Waupaca County",5,28,531,281,250
050,55,135,"Wisconsin","Waupaca County",5,29,532,274,258
050,55,135,"Wisconsin","Waupaca County",5,30,578,278,300
050,55,135,"Wisconsin","Waupaca County",5,31,582,284,298
050,55,135,"Wisconsin","Waupaca County",5,32,578,282,296
050,55,135,"Wisconsin","Waupaca County",5,33,559,298,261
050,55,135,"Wisconsin","Waupaca County",5,34,544,272,272
050,55,135,"Wisconsin","Waupaca County",5,35,559,293,266
050,55,135,"Wisconsin","Waupaca County",5,36,567,306,261
050,55,135,"Wisconsin","Waupaca County",5,37,609,318,291
050,55,135,"Wisconsin","Waupaca County",5,38,626,316,310
050,55,135,"Wisconsin","Waupaca County",5,39,589,307,282
050,55,135,"Wisconsin","Waupaca County",5,40,612,316,296
050,55,135,"Wisconsin","Waupaca County",5,41,639,337,302
050,55,135,"Wisconsin","Waupaca County",5,42,617,328,289
050,55,135,"Wisconsin","Waupaca County",5,43,676,351,325
050,55,135,"Wisconsin","Waupaca County",5,44,663,335,328
050,55,135,"Wisconsin","Waupaca County",5,45,643,351,292
050,55,135,"Wisconsin","Waupaca County",5,46,644,344,300
050,55,135,"Wisconsin","Waupaca County",5,47,611,312,299
050,55,135,"Wisconsin","Waupaca County",5,48,647,316,331
050,55,135,"Wisconsin","Waupaca County",5,49,569,280,289
050,55,135,"Wisconsin","Waupaca County",5,50,605,312,293
050,55,135,"Wisconsin","Waupaca County",5,51,634,313,321
050,55,135,"Wisconsin","Waupaca County",5,52,703,354,349
050,55,135,"Wisconsin","Waupaca County",5,53,720,376,344
050,55,135,"Wisconsin","Waupaca County",5,54,682,347,335
050,55,135,"Wisconsin","Waupaca County",5,55,686,362,324
050,55,135,"Wisconsin","Waupaca County",5,56,755,384,371
050,55,135,"Wisconsin","Waupaca County",5,57,778,394,384
050,55,135,"Wisconsin","Waupaca County",5,58,822,411,411
050,55,135,"Wisconsin","Waupaca County",5,59,889,461,428
050,55,135,"Wisconsin","Waupaca County",5,60,919,477,442
050,55,135,"Wisconsin","Waupaca County",5,61,923,483,440
050,55,135,"Wisconsin","Waupaca County",5,62,884,459,425
050,55,135,"Wisconsin","Waupaca County",5,63,850,429,421
050,55,135,"Wisconsin","Waupaca County",5,64,881,447,434
050,55,135,"Wisconsin","Waupaca County",5,65,852,426,426
050,55,135,"Wisconsin","Waupaca County",5,66,793,405,388
050,55,135,"Wisconsin","Waupaca County",5,67,756,383,373
050,55,135,"Wisconsin","Waupaca County",5,68,744,392,352
050,55,135,"Wisconsin","Waupaca County",5,69,721,366,355
050,55,135,"Wisconsin","Waupaca County",5,70,690,354,336
050,55,135,"Wisconsin","Waupaca County",5,71,618,307,311
050,55,135,"Wisconsin","Waupaca County",5,72,541,267,274
050,55,135,"Wisconsin","Waupaca County",5,73,529,263,266
050,55,135,"Wisconsin","Waupaca County",5,74,486,227,259
050,55,135,"Wisconsin","Waupaca County",5,75,440,213,227
050,55,135,"Wisconsin","Waupaca County",5,76,493,239,254
050,55,135,"Wisconsin","Waupaca County",5,77,337,160,177
050,55,135,"Wisconsin","Waupaca County",5,78,332,157,175
050,55,135,"Wisconsin","Waupaca County",5,79,316,161,155
050,55,135,"Wisconsin","Waupaca County",5,80,328,160,168
050,55,135,"Wisconsin","Waupaca County",5,81,262,123,139
050,55,135,"Wisconsin","Waupaca County",5,82,264,119,145
050,55,135,"Wisconsin","Waupaca County",5,83,241,107,134
050,55,135,"Wisconsin","Waupaca County",5,84,212,89,123
050,55,135,"Wisconsin","Waupaca County",5,85,1205,531,674
050,55,137,"Wisconsin","Waushara County",1,0,203,103,100
050,55,137,"Wisconsin","Waushara County",1,1,219,102,117
050,55,137,"Wisconsin","Waushara County",1,2,213,113,100
050,55,137,"Wisconsin","Waushara County",1,3,225,114,111
050,55,137,"Wisconsin","Waushara County",1,4,239,122,117
050,55,137,"Wisconsin","Waushara County",1,5,253,128,125
050,55,137,"Wisconsin","Waushara County",1,6,254,135,119
050,55,137,"Wisconsin","Waushara County",1,7,257,130,127
050,55,137,"Wisconsin","Waushara County",1,8,245,129,116
050,55,137,"Wisconsin","Waushara County",1,9,245,113,132
050,55,137,"Wisconsin","Waushara County",1,10,244,116,128
050,55,137,"Wisconsin","Waushara County",1,11,252,122,130
050,55,137,"Wisconsin","Waushara County",1,12,264,122,142
050,55,137,"Wisconsin","Waushara County",1,13,267,129,138
050,55,137,"Wisconsin","Waushara County",1,14,268,133,135
050,55,137,"Wisconsin","Waushara County",1,15,269,126,143
050,55,137,"Wisconsin","Waushara County",1,16,271,137,134
050,55,137,"Wisconsin","Waushara County",1,17,289,150,139
050,55,137,"Wisconsin","Waushara County",1,18,265,138,127
050,55,137,"Wisconsin","Waushara County",1,19,205,114,91
050,55,137,"Wisconsin","Waushara County",1,20,204,100,104
050,55,137,"Wisconsin","Waushara County",1,21,208,117,91
050,55,137,"Wisconsin","Waushara County",1,22,208,118,90
050,55,137,"Wisconsin","Waushara County",1,23,222,122,100
050,55,137,"Wisconsin","Waushara County",1,24,208,98,110
050,55,137,"Wisconsin","Waushara County",1,25,197,113,84
050,55,137,"Wisconsin","Waushara County",1,26,224,132,92
050,55,137,"Wisconsin","Waushara County",1,27,227,131,96
050,55,137,"Wisconsin","Waushara County",1,28,249,144,105
050,55,137,"Wisconsin","Waushara County",1,29,247,156,91
050,55,137,"Wisconsin","Waushara County",1,30,218,117,101
050,55,137,"Wisconsin","Waushara County",1,31,222,127,95
050,55,137,"Wisconsin","Waushara County",1,32,218,131,87
050,55,137,"Wisconsin","Waushara County",1,33,249,145,104
050,55,137,"Wisconsin","Waushara County",1,34,252,144,108
050,55,137,"Wisconsin","Waushara County",1,35,251,137,114
050,55,137,"Wisconsin","Waushara County",1,36,277,159,118
050,55,137,"Wisconsin","Waushara County",1,37,286,161,125
050,55,137,"Wisconsin","Waushara County",1,38,286,173,113
050,55,137,"Wisconsin","Waushara County",1,39,262,152,110
050,55,137,"Wisconsin","Waushara County",1,40,238,138,100
050,55,137,"Wisconsin","Waushara County",1,41,256,149,107
050,55,137,"Wisconsin","Waushara County",1,42,273,156,117
050,55,137,"Wisconsin","Waushara County",1,43,277,161,116
050,55,137,"Wisconsin","Waushara County",1,44,262,156,106
050,55,137,"Wisconsin","Waushara County",1,45,246,140,106
050,55,137,"Wisconsin","Waushara County",1,46,237,130,107
050,55,137,"Wisconsin","Waushara County",1,47,258,146,112
050,55,137,"Wisconsin","Waushara County",1,48,300,161,139
050,55,137,"Wisconsin","Waushara County",1,49,317,165,152
050,55,137,"Wisconsin","Waushara County",1,50,306,163,143
050,55,137,"Wisconsin","Waushara County",1,51,338,185,153
050,55,137,"Wisconsin","Waushara County",1,52,326,178,148
050,55,137,"Wisconsin","Waushara County",1,53,364,200,164
050,55,137,"Wisconsin","Waushara County",1,54,369,196,173
050,55,137,"Wisconsin","Waushara County",1,55,403,207,196
050,55,137,"Wisconsin","Waushara County",1,56,419,244,175
050,55,137,"Wisconsin","Waushara County",1,57,431,218,213
050,55,137,"Wisconsin","Waushara County",1,58,457,231,226
050,55,137,"Wisconsin","Waushara County",1,59,463,236,227
050,55,137,"Wisconsin","Waushara County",1,60,445,221,224
050,55,137,"Wisconsin","Waushara County",1,61,452,232,220
050,55,137,"Wisconsin","Waushara County",1,62,441,228,213
050,55,137,"Wisconsin","Waushara County",1,63,446,229,217
050,55,137,"Wisconsin","Waushara County",1,64,421,218,203
050,55,137,"Wisconsin","Waushara County",1,65,448,242,206
050,55,137,"Wisconsin","Waushara County",1,66,450,259,191
050,55,137,"Wisconsin","Waushara County",1,67,398,211,187
050,55,137,"Wisconsin","Waushara County",1,68,385,206,179
050,55,137,"Wisconsin","Waushara County",1,69,371,202,169
050,55,137,"Wisconsin","Waushara County",1,70,362,180,182
050,55,137,"Wisconsin","Waushara County",1,71,369,190,179
050,55,137,"Wisconsin","Waushara County",1,72,346,177,169
050,55,137,"Wisconsin","Waushara County",1,73,346,185,161
050,55,137,"Wisconsin","Waushara County",1,74,236,127,109
050,55,137,"Wisconsin","Waushara County",1,75,236,117,119
050,55,137,"Wisconsin","Waushara County",1,76,239,122,117
050,55,137,"Wisconsin","Waushara County",1,77,233,116,117
050,55,137,"Wisconsin","Waushara County",1,78,196,94,102
050,55,137,"Wisconsin","Waushara County",1,79,167,89,78
050,55,137,"Wisconsin","Waushara County",1,80,157,80,77
050,55,137,"Wisconsin","Waushara County",1,81,163,75,88
050,55,137,"Wisconsin","Waushara County",1,82,153,76,77
050,55,137,"Wisconsin","Waushara County",1,83,139,69,70
050,55,137,"Wisconsin","Waushara County",1,84,105,50,55
050,55,137,"Wisconsin","Waushara County",1,85,618,237,381
050,55,137,"Wisconsin","Waushara County",2,0,220,118,102
050,55,137,"Wisconsin","Waushara County",2,1,215,102,113
050,55,137,"Wisconsin","Waushara County",2,2,214,110,104
050,55,137,"Wisconsin","Waushara County",2,3,219,112,107
050,55,137,"Wisconsin","Waushara County",2,4,234,119,115
050,55,137,"Wisconsin","Waushara County",2,5,249,127,122
050,55,137,"Wisconsin","Waushara County",2,6,255,136,119
050,55,137,"Wisconsin","Waushara County",2,7,256,130,126
050,55,137,"Wisconsin","Waushara County",2,8,245,128,117
050,55,137,"Wisconsin","Waushara County",2,9,243,116,127
050,55,137,"Wisconsin","Waushara County",2,10,244,114,130
050,55,137,"Wisconsin","Waushara County",2,11,250,120,130
050,55,137,"Wisconsin","Waushara County",2,12,264,123,141
050,55,137,"Wisconsin","Waushara County",2,13,264,127,137
050,55,137,"Wisconsin","Waushara County",2,14,267,131,136
050,55,137,"Wisconsin","Waushara County",2,15,267,126,141
050,55,137,"Wisconsin","Waushara County",2,16,270,134,136
050,55,137,"Wisconsin","Waushara County",2,17,287,147,140
050,55,137,"Wisconsin","Waushara County",2,18,258,136,122
050,55,137,"Wisconsin","Waushara County",2,19,212,116,96
050,55,137,"Wisconsin","Waushara County",2,20,206,104,102
050,55,137,"Wisconsin","Waushara County",2,21,208,113,95
050,55,137,"Wisconsin","Waushara County",2,22,208,118,90
050,55,137,"Wisconsin","Waushara County",2,23,220,120,100
050,55,137,"Wisconsin","Waushara County",2,24,209,103,106
050,55,137,"Wisconsin","Waushara County",2,25,202,111,91
050,55,137,"Wisconsin","Waushara County",2,26,219,129,90
050,55,137,"Wisconsin","Waushara County",2,27,225,129,96
050,55,137,"Wisconsin","Waushara County",2,28,246,145,101
050,55,137,"Wisconsin","Waushara County",2,29,249,154,95
050,55,137,"Wisconsin","Waushara County",2,30,223,122,101
050,55,137,"Wisconsin","Waushara County",2,31,226,130,96
050,55,137,"Wisconsin","Waushara County",2,32,216,126,90
050,55,137,"Wisconsin","Waushara County",2,33,244,142,102
050,55,137,"Wisconsin","Waushara County",2,34,248,141,107
050,55,137,"Wisconsin","Waushara County",2,35,254,139,115
050,55,137,"Wisconsin","Waushara County",2,36,274,157,117
050,55,137,"Wisconsin","Waushara County",2,37,286,163,123
050,55,137,"Wisconsin","Waushara County",2,38,288,172,116
050,55,137,"Wisconsin","Waushara County",2,39,265,154,111
050,55,137,"Wisconsin","Waushara County",2,40,243,140,103
050,55,137,"Wisconsin","Waushara County",2,41,255,151,104
050,55,137,"Wisconsin","Waushara County",2,42,266,150,116
050,55,137,"Wisconsin","Waushara County",2,43,281,163,118
050,55,137,"Wisconsin","Waushara County",2,44,262,155,107
050,55,137,"Wisconsin","Waushara County",2,45,251,144,107
050,55,137,"Wisconsin","Waushara County",2,46,235,130,105
050,55,137,"Wisconsin","Waushara County",2,47,253,143,110
050,55,137,"Wisconsin","Waushara County",2,48,290,157,133
050,55,137,"Wisconsin","Waushara County",2,49,314,164,150
050,55,137,"Wisconsin","Waushara County",2,50,311,164,147
050,55,137,"Wisconsin","Waushara County",2,51,328,179,149
050,55,137,"Wisconsin","Waushara County",2,52,328,178,150
050,55,137,"Wisconsin","Waushara County",2,53,357,197,160
050,55,137,"Wisconsin","Waushara County",2,54,366,196,170
050,55,137,"Wisconsin","Waushara County",2,55,399,206,193
050,55,137,"Wisconsin","Waushara County",2,56,418,235,183
050,55,137,"Wisconsin","Waushara County",2,57,432,225,207
050,55,137,"Wisconsin","Waushara County",2,58,454,230,224
050,55,137,"Wisconsin","Waushara County",2,59,465,234,231
050,55,137,"Wisconsin","Waushara County",2,60,455,229,226
050,55,137,"Wisconsin","Waushara County",2,61,451,230,221
050,55,137,"Wisconsin","Waushara County",2,62,440,227,213
050,55,137,"Wisconsin","Waushara County",2,63,453,233,220
050,55,137,"Wisconsin","Waushara County",2,64,424,221,203
050,55,137,"Wisconsin","Waushara County",2,65,444,238,206
050,55,137,"Wisconsin","Waushara County",2,66,454,257,197
050,55,137,"Wisconsin","Waushara County",2,67,410,221,189
050,55,137,"Wisconsin","Waushara County",2,68,384,205,179
050,55,137,"Wisconsin","Waushara County",2,69,378,204,174
050,55,137,"Wisconsin","Waushara County",2,70,365,186,179
050,55,137,"Wisconsin","Waushara County",2,71,368,187,181
050,55,137,"Wisconsin","Waushara County",2,72,343,178,165
050,55,137,"Wisconsin","Waushara County",2,73,364,193,171
050,55,137,"Wisconsin","Waushara County",2,74,242,129,113
050,55,137,"Wisconsin","Waushara County",2,75,236,119,117
050,55,137,"Wisconsin","Waushara County",2,76,235,119,116
050,55,137,"Wisconsin","Waushara County",2,77,241,118,123
050,55,137,"Wisconsin","Waushara County",2,78,193,93,100
050,55,137,"Wisconsin","Waushara County",2,79,174,91,83
050,55,137,"Wisconsin","Waushara County",2,80,157,80,77
050,55,137,"Wisconsin","Waushara County",2,81,159,75,84
050,55,137,"Wisconsin","Waushara County",2,82,154,74,80
050,55,137,"Wisconsin","Waushara County",2,83,139,67,72
050,55,137,"Wisconsin","Waushara County",2,84,109,53,56
050,55,137,"Wisconsin","Waushara County",2,85,621,239,382
050,55,137,"Wisconsin","Waushara County",3,0,177,93,84
050,55,137,"Wisconsin","Waushara County",3,1,241,135,106
050,55,137,"Wisconsin","Waushara County",3,2,214,104,110
050,55,137,"Wisconsin","Waushara County",3,3,212,106,106
050,55,137,"Wisconsin","Waushara County",3,4,222,115,107
050,55,137,"Wisconsin","Waushara County",3,5,233,116,117
050,55,137,"Wisconsin","Waushara County",3,6,271,128,143
050,55,137,"Wisconsin","Waushara County",3,7,250,132,118
050,55,137,"Wisconsin","Waushara County",3,8,262,135,127
050,55,137,"Wisconsin","Waushara County",3,9,259,141,118
050,55,137,"Wisconsin","Waushara County",3,10,249,118,131
050,55,137,"Wisconsin","Waushara County",3,11,256,119,137
050,55,137,"Wisconsin","Waushara County",3,12,261,123,138
050,55,137,"Wisconsin","Waushara County",3,13,266,122,144
050,55,137,"Wisconsin","Waushara County",3,14,262,130,132
050,55,137,"Wisconsin","Waushara County",3,15,283,140,143
050,55,137,"Wisconsin","Waushara County",3,16,277,129,148
050,55,137,"Wisconsin","Waushara County",3,17,287,140,147
050,55,137,"Wisconsin","Waushara County",3,18,252,136,116
050,55,137,"Wisconsin","Waushara County",3,19,212,122,90
050,55,137,"Wisconsin","Waushara County",3,20,222,121,101
050,55,137,"Wisconsin","Waushara County",3,21,210,105,105
050,55,137,"Wisconsin","Waushara County",3,22,215,113,102
050,55,137,"Wisconsin","Waushara County",3,23,223,132,91
050,55,137,"Wisconsin","Waushara County",3,24,222,116,106
050,55,137,"Wisconsin","Waushara County",3,25,215,117,98
050,55,137,"Wisconsin","Waushara County",3,26,202,115,87
050,55,137,"Wisconsin","Waushara County",3,27,213,119,94
050,55,137,"Wisconsin","Waushara County",3,28,234,138,96
050,55,137,"Wisconsin","Waushara County",3,29,260,155,105
050,55,137,"Wisconsin","Waushara County",3,30,243,144,99
050,55,137,"Wisconsin","Waushara County",3,31,250,151,99
050,55,137,"Wisconsin","Waushara County",3,32,222,118,104
050,55,137,"Wisconsin","Waushara County",3,33,239,142,97
050,55,137,"Wisconsin","Waushara County",3,34,249,148,101
050,55,137,"Wisconsin","Waushara County",3,35,250,137,113
050,55,137,"Wisconsin","Waushara County",3,36,275,155,120
050,55,137,"Wisconsin","Waushara County",3,37,281,164,117
050,55,137,"Wisconsin","Waushara County",3,38,294,168,126
050,55,137,"Wisconsin","Waushara County",3,39,288,164,124
050,55,137,"Wisconsin","Waushara County",3,40,264,150,114
050,55,137,"Wisconsin","Waushara County",3,41,261,160,101
050,55,137,"Wisconsin","Waushara County",3,42,238,136,102
050,55,137,"Wisconsin","Waushara County",3,43,269,155,114
050,55,137,"Wisconsin","Waushara County",3,44,288,163,125
050,55,137,"Wisconsin","Waushara County",3,45,259,147,112
050,55,137,"Wisconsin","Waushara County",3,46,249,138,111
050,55,137,"Wisconsin","Waushara County",3,47,240,136,104
050,55,137,"Wisconsin","Waushara County",3,48,263,151,112
050,55,137,"Wisconsin","Waushara County",3,49,286,155,131
050,55,137,"Wisconsin","Waushara County",3,50,315,162,153
050,55,137,"Wisconsin","Waushara County",3,51,325,176,149
050,55,137,"Wisconsin","Waushara County",3,52,328,176,152
050,55,137,"Wisconsin","Waushara County",3,53,342,190,152
050,55,137,"Wisconsin","Waushara County",3,54,359,198,161
050,55,137,"Wisconsin","Waushara County",3,55,370,191,179
050,55,137,"Wisconsin","Waushara County",3,56,410,206,204
050,55,137,"Wisconsin","Waushara County",3,57,427,239,188
050,55,137,"Wisconsin","Waushara County",3,58,451,244,207
050,55,137,"Wisconsin","Waushara County",3,59,458,227,231
050,55,137,"Wisconsin","Waushara County",3,60,490,248,242
050,55,137,"Wisconsin","Waushara County",3,61,454,234,220
050,55,137,"Wisconsin","Waushara County",3,62,458,231,227
050,55,137,"Wisconsin","Waushara County",3,63,448,239,209
050,55,137,"Wisconsin","Waushara County",3,64,458,241,217
050,55,137,"Wisconsin","Waushara County",3,65,439,230,209
050,55,137,"Wisconsin","Waushara County",3,66,433,230,203
050,55,137,"Wisconsin","Waushara County",3,67,433,240,193
050,55,137,"Wisconsin","Waushara County",3,68,404,216,188
050,55,137,"Wisconsin","Waushara County",3,69,384,205,179
050,55,137,"Wisconsin","Waushara County",3,70,371,201,170
050,55,137,"Wisconsin","Waushara County",3,71,358,180,178
050,55,137,"Wisconsin","Waushara County",3,72,367,193,174
050,55,137,"Wisconsin","Waushara County",3,73,330,167,163
050,55,137,"Wisconsin","Waushara County",3,74,347,183,164
050,55,137,"Wisconsin","Waushara County",3,75,234,125,109
050,55,137,"Wisconsin","Waushara County",3,76,229,114,115
050,55,137,"Wisconsin","Waushara County",3,77,224,112,112
050,55,137,"Wisconsin","Waushara County",3,78,224,113,111
050,55,137,"Wisconsin","Waushara County",3,79,181,89,92
050,55,137,"Wisconsin","Waushara County",3,80,161,80,81
050,55,137,"Wisconsin","Waushara County",3,81,135,69,66
050,55,137,"Wisconsin","Waushara County",3,82,146,66,80
050,55,137,"Wisconsin","Waushara County",3,83,150,72,78
050,55,137,"Wisconsin","Waushara County",3,84,114,53,61
050,55,137,"Wisconsin","Waushara County",3,85,633,255,378
050,55,137,"Wisconsin","Waushara County",4,0,178,94,84
050,55,137,"Wisconsin","Waushara County",4,1,162,77,85
050,55,137,"Wisconsin","Waushara County",4,2,231,132,99
050,55,137,"Wisconsin","Waushara County",4,3,224,107,117
050,55,137,"Wisconsin","Waushara County",4,4,226,117,109
050,55,137,"Wisconsin","Waushara County",4,5,236,120,116
050,55,137,"Wisconsin","Waushara County",4,6,248,129,119
050,55,137,"Wisconsin","Waushara County",4,7,277,132,145
050,55,137,"Wisconsin","Waushara County",4,8,256,133,123
050,55,137,"Wisconsin","Waushara County",4,9,259,134,125
050,55,137,"Wisconsin","Waushara County",4,10,263,146,117
050,55,137,"Wisconsin","Waushara County",4,11,262,123,139
050,55,137,"Wisconsin","Waushara County",4,12,257,123,134
050,55,137,"Wisconsin","Waushara County",4,13,268,130,138
050,55,137,"Wisconsin","Waushara County",4,14,274,124,150
050,55,137,"Wisconsin","Waushara County",4,15,269,126,143
050,55,137,"Wisconsin","Waushara County",4,16,285,136,149
050,55,137,"Wisconsin","Waushara County",4,17,272,127,145
050,55,137,"Wisconsin","Waushara County",4,18,238,125,113
050,55,137,"Wisconsin","Waushara County",4,19,204,116,88
050,55,137,"Wisconsin","Waushara County",4,20,220,118,102
050,55,137,"Wisconsin","Waushara County",4,21,228,125,103
050,55,137,"Wisconsin","Waushara County",4,22,222,119,103
050,55,137,"Wisconsin","Waushara County",4,23,240,123,117
050,55,137,"Wisconsin","Waushara County",4,24,223,134,89
050,55,137,"Wisconsin","Waushara County",4,25,229,124,105
050,55,137,"Wisconsin","Waushara County",4,26,216,124,92
050,55,137,"Wisconsin","Waushara County",4,27,195,112,83
050,55,137,"Wisconsin","Waushara County",4,28,225,126,99
050,55,137,"Wisconsin","Waushara County",4,29,253,150,103
050,55,137,"Wisconsin","Waushara County",4,30,247,141,106
050,55,137,"Wisconsin","Waushara County",4,31,261,157,104
050,55,137,"Wisconsin","Waushara County",4,32,242,135,107
050,55,137,"Wisconsin","Waushara County",4,33,240,138,102
050,55,137,"Wisconsin","Waushara County",4,34,241,137,104
050,55,137,"Wisconsin","Waushara County",4,35,249,147,102
050,55,137,"Wisconsin","Waushara County",4,36,264,146,118
050,55,137,"Wisconsin","Waushara County",4,37,284,160,124
050,55,137,"Wisconsin","Waushara County",4,38,274,165,109
050,55,137,"Wisconsin","Waushara County",4,39,290,166,124
050,55,137,"Wisconsin","Waushara County",4,40,288,159,129
050,55,137,"Wisconsin","Waushara County",4,41,286,170,116
050,55,137,"Wisconsin","Waushara County",4,42,244,146,98
050,55,137,"Wisconsin","Waushara County",4,43,245,146,99
050,55,137,"Wisconsin","Waushara County",4,44,277,155,122
050,55,137,"Wisconsin","Waushara County",4,45,299,164,135
050,55,137,"Wisconsin","Waushara County",4,46,256,142,114
050,55,137,"Wisconsin","Waushara County",4,47,256,141,115
050,55,137,"Wisconsin","Waushara County",4,48,257,146,111
050,55,137,"Wisconsin","Waushara County",4,49,262,151,111
050,55,137,"Wisconsin","Waushara County",4,50,294,159,135
050,55,137,"Wisconsin","Waushara County",4,51,311,163,148
050,55,137,"Wisconsin","Waushara County",4,52,324,176,148
050,55,137,"Wisconsin","Waushara County",4,53,348,194,154
050,55,137,"Wisconsin","Waushara County",4,54,346,189,157
050,55,137,"Wisconsin","Waushara County",4,55,358,196,162
050,55,137,"Wisconsin","Waushara County",4,56,378,186,192
050,55,137,"Wisconsin","Waushara County",4,57,410,206,204
050,55,137,"Wisconsin","Waushara County",4,58,431,244,187
050,55,137,"Wisconsin","Waushara County",4,59,455,237,218
050,55,137,"Wisconsin","Waushara County",4,60,466,233,233
050,55,137,"Wisconsin","Waushara County",4,61,502,257,245
050,55,137,"Wisconsin","Waushara County",4,62,475,244,231
050,55,137,"Wisconsin","Waushara County",4,63,466,233,233
050,55,137,"Wisconsin","Waushara County",4,64,459,244,215
050,55,137,"Wisconsin","Waushara County",4,65,474,249,225
050,55,137,"Wisconsin","Waushara County",4,66,446,239,207
050,55,137,"Wisconsin","Waushara County",4,67,423,226,197
050,55,137,"Wisconsin","Waushara County",4,68,443,244,199
050,55,137,"Wisconsin","Waushara County",4,69,398,217,181
050,55,137,"Wisconsin","Waushara County",4,70,374,204,170
050,55,137,"Wisconsin","Waushara County",4,71,360,195,165
050,55,137,"Wisconsin","Waushara County",4,72,351,184,167
050,55,137,"Wisconsin","Waushara County",4,73,357,192,165
050,55,137,"Wisconsin","Waushara County",4,74,323,162,161
050,55,137,"Wisconsin","Waushara County",4,75,337,174,163
050,55,137,"Wisconsin","Waushara County",4,76,220,121,99
050,55,137,"Wisconsin","Waushara County",4,77,223,107,116
050,55,137,"Wisconsin","Waushara County",4,78,210,111,99
050,55,137,"Wisconsin","Waushara County",4,79,213,110,103
050,55,137,"Wisconsin","Waushara County",4,80,165,73,92
050,55,137,"Wisconsin","Waushara County",4,81,154,78,76
050,55,137,"Wisconsin","Waushara County",4,82,127,63,64
050,55,137,"Wisconsin","Waushara County",4,83,148,66,82
050,55,137,"Wisconsin","Waushara County",4,84,119,55,64
050,55,137,"Wisconsin","Waushara County",4,85,637,258,379
050,55,137,"Wisconsin","Waushara County",5,0,179,95,84
050,55,137,"Wisconsin","Waushara County",5,1,174,90,84
050,55,137,"Wisconsin","Waushara County",5,2,157,74,83
050,55,137,"Wisconsin","Waushara County",5,3,244,141,103
050,55,137,"Wisconsin","Waushara County",5,4,221,110,111
050,55,137,"Wisconsin","Waushara County",5,5,224,116,108
050,55,137,"Wisconsin","Waushara County",5,6,241,125,116
050,55,137,"Wisconsin","Waushara County",5,7,247,122,125
050,55,137,"Wisconsin","Waushara County",5,8,271,125,146
050,55,137,"Wisconsin","Waushara County",5,9,259,137,122
050,55,137,"Wisconsin","Waushara County",5,10,261,134,127
050,55,137,"Wisconsin","Waushara County",5,11,270,151,119
050,55,137,"Wisconsin","Waushara County",5,12,259,121,138
050,55,137,"Wisconsin","Waushara County",5,13,262,126,136
050,55,137,"Wisconsin","Waushara County",5,14,274,133,141
050,55,137,"Wisconsin","Waushara County",5,15,282,128,154
050,55,137,"Wisconsin","Waushara County",5,16,266,130,136
050,55,137,"Wisconsin","Waushara County",5,17,287,138,149
050,55,137,"Wisconsin","Waushara County",5,18,224,113,111
050,55,137,"Wisconsin","Waushara County",5,19,190,106,84
050,55,137,"Wisconsin","Waushara County",5,20,221,121,100
050,55,137,"Wisconsin","Waushara County",5,21,220,123,97
050,55,137,"Wisconsin","Waushara County",5,22,235,129,106
050,55,137,"Wisconsin","Waushara County",5,23,224,121,103
050,55,137,"Wisconsin","Waushara County",5,24,206,110,96
050,55,137,"Wisconsin","Waushara County",5,25,222,142,80
050,55,137,"Wisconsin","Waushara County",5,26,233,124,109
050,55,137,"Wisconsin","Waushara County",5,27,219,128,91
050,55,137,"Wisconsin","Waushara County",5,28,207,116,91
050,55,137,"Wisconsin","Waushara County",5,29,224,135,89
050,55,137,"Wisconsin","Waushara County",5,30,243,140,103
050,55,137,"Wisconsin","Waushara County",5,31,258,149,109
050,55,137,"Wisconsin","Waushara County",5,32,256,144,112
050,55,137,"Wisconsin","Waushara County",5,33,248,148,100
050,55,137,"Wisconsin","Waushara County",5,34,235,128,107
050,55,137,"Wisconsin","Waushara County",5,35,250,142,108
050,55,137,"Wisconsin","Waushara County",5,36,266,156,110
050,55,137,"Wisconsin","Waushara County",5,37,271,153,118
050,55,137,"Wisconsin","Waushara County",5,38,293,167,126
050,55,137,"Wisconsin","Waushara County",5,39,270,157,113
050,55,137,"Wisconsin","Waushara County",5,40,302,165,137
050,55,137,"Wisconsin","Waushara County",5,41,310,182,128
050,55,137,"Wisconsin","Waushara County",5,42,264,149,115
050,55,137,"Wisconsin","Waushara County",5,43,257,154,103
050,55,137,"Wisconsin","Waushara County",5,44,256,151,105
050,55,137,"Wisconsin","Waushara County",5,45,279,153,126
050,55,137,"Wisconsin","Waushara County",5,46,301,165,136
050,55,137,"Wisconsin","Waushara County",5,47,264,150,114
050,55,137,"Wisconsin","Waushara County",5,48,265,143,122
050,55,137,"Wisconsin","Waushara County",5,49,250,143,107
050,55,137,"Wisconsin","Waushara County",5,50,260,149,111
050,55,137,"Wisconsin","Waushara County",5,51,290,154,136
050,55,137,"Wisconsin","Waushara County",5,52,314,165,149
050,55,137,"Wisconsin","Waushara County",5,53,328,182,146
050,55,137,"Wisconsin","Waushara County",5,54,350,192,158
050,55,137,"Wisconsin","Waushara County",5,55,353,194,159
050,55,137,"Wisconsin","Waushara County",5,56,368,197,171
050,55,137,"Wisconsin","Waushara County",5,57,389,187,202
050,55,137,"Wisconsin","Waushara County",5,58,417,208,209
050,55,137,"Wisconsin","Waushara County",5,59,439,246,193
050,55,137,"Wisconsin","Waushara County",5,60,463,245,218
050,55,137,"Wisconsin","Waushara County",5,61,479,239,240
050,55,137,"Wisconsin","Waushara County",5,62,506,259,247
050,55,137,"Wisconsin","Waushara County",5,63,479,245,234
050,55,137,"Wisconsin","Waushara County",5,64,467,233,234
050,55,137,"Wisconsin","Waushara County",5,65,463,250,213
050,55,137,"Wisconsin","Waushara County",5,66,474,250,224
050,55,137,"Wisconsin","Waushara County",5,67,436,231,205
050,55,137,"Wisconsin","Waushara County",5,68,422,225,197
050,55,137,"Wisconsin","Waushara County",5,69,444,247,197
050,55,137,"Wisconsin","Waushara County",5,70,395,215,180
050,55,137,"Wisconsin","Waushara County",5,71,363,199,164
050,55,137,"Wisconsin","Waushara County",5,72,347,191,156
050,55,137,"Wisconsin","Waushara County",5,73,343,178,165
050,55,137,"Wisconsin","Waushara County",5,74,347,183,164
050,55,137,"Wisconsin","Waushara County",5,75,325,166,159
050,55,137,"Wisconsin","Waushara County",5,76,316,167,149
050,55,137,"Wisconsin","Waushara County",5,77,214,118,96
050,55,137,"Wisconsin","Waushara County",5,78,212,107,105
050,55,137,"Wisconsin","Waushara County",5,79,200,106,94
050,55,137,"Wisconsin","Waushara County",5,80,194,95,99
050,55,137,"Wisconsin","Waushara County",5,81,151,69,82
050,55,137,"Wisconsin","Waushara County",5,82,146,72,74
050,55,137,"Wisconsin","Waushara County",5,83,127,61,66
050,55,137,"Wisconsin","Waushara County",5,84,116,49,67
050,55,137,"Wisconsin","Waushara County",5,85,656,259,397
050,55,139,"Wisconsin","Winnebago County",1,0,1745,888,857
050,55,139,"Wisconsin","Winnebago County",1,1,1755,906,849
050,55,139,"Wisconsin","Winnebago County",1,2,1921,1015,906
050,55,139,"Wisconsin","Winnebago County",1,3,1936,1009,927
050,55,139,"Wisconsin","Winnebago County",1,4,1949,980,969
050,55,139,"Wisconsin","Winnebago County",1,5,1896,961,935
050,55,139,"Wisconsin","Winnebago County",1,6,1902,967,935
050,55,139,"Wisconsin","Winnebago County",1,7,1976,1014,962
050,55,139,"Wisconsin","Winnebago County",1,8,1954,1008,946
050,55,139,"Wisconsin","Winnebago County",1,9,1933,996,937
050,55,139,"Wisconsin","Winnebago County",1,10,1987,1036,951
050,55,139,"Wisconsin","Winnebago County",1,11,2056,1076,980
050,55,139,"Wisconsin","Winnebago County",1,12,2101,1058,1043
050,55,139,"Wisconsin","Winnebago County",1,13,2142,1074,1068
050,55,139,"Wisconsin","Winnebago County",1,14,2031,1028,1003
050,55,139,"Wisconsin","Winnebago County",1,15,2013,1046,967
050,55,139,"Wisconsin","Winnebago County",1,16,2076,1055,1021
050,55,139,"Wisconsin","Winnebago County",1,17,2109,1066,1043
050,55,139,"Wisconsin","Winnebago County",1,18,2364,1140,1224
050,55,139,"Wisconsin","Winnebago County",1,19,3029,1474,1555
050,55,139,"Wisconsin","Winnebago County",1,20,2911,1382,1529
050,55,139,"Wisconsin","Winnebago County",1,21,3036,1448,1588
050,55,139,"Wisconsin","Winnebago County",1,22,3047,1512,1535
050,55,139,"Wisconsin","Winnebago County",1,23,2862,1539,1323
050,55,139,"Wisconsin","Winnebago County",1,24,2575,1363,1212
050,55,139,"Wisconsin","Winnebago County",1,25,2429,1291,1138
050,55,139,"Wisconsin","Winnebago County",1,26,2451,1322,1129
050,55,139,"Wisconsin","Winnebago County",1,27,2303,1233,1070
050,55,139,"Wisconsin","Winnebago County",1,28,2305,1270,1035
050,55,139,"Wisconsin","Winnebago County",1,29,2266,1212,1054
050,55,139,"Wisconsin","Winnebago County",1,30,2319,1253,1066
050,55,139,"Wisconsin","Winnebago County",1,31,2237,1202,1035
050,55,139,"Wisconsin","Winnebago County",1,32,2127,1143,984
050,55,139,"Wisconsin","Winnebago County",1,33,2123,1146,977
050,55,139,"Wisconsin","Winnebago County",1,34,2208,1160,1048
050,55,139,"Wisconsin","Winnebago County",1,35,2262,1196,1066
050,55,139,"Wisconsin","Winnebago County",1,36,2210,1178,1032
050,55,139,"Wisconsin","Winnebago County",1,37,2202,1165,1037
050,55,139,"Wisconsin","Winnebago County",1,38,2200,1164,1036
050,55,139,"Wisconsin","Winnebago County",1,39,2242,1207,1035
050,55,139,"Wisconsin","Winnebago County",1,40,2186,1156,1030
050,55,139,"Wisconsin","Winnebago County",1,41,2048,1092,956
050,55,139,"Wisconsin","Winnebago County",1,42,2070,1109,961
050,55,139,"Wisconsin","Winnebago County",1,43,1960,1037,923
050,55,139,"Wisconsin","Winnebago County",1,44,1949,1039,910
050,55,139,"Wisconsin","Winnebago County",1,45,1964,1077,887
050,55,139,"Wisconsin","Winnebago County",1,46,1896,1014,882
050,55,139,"Wisconsin","Winnebago County",1,47,1894,1003,891
050,55,139,"Wisconsin","Winnebago County",1,48,2023,1061,962
050,55,139,"Wisconsin","Winnebago County",1,49,2268,1194,1074
050,55,139,"Wisconsin","Winnebago County",1,50,2130,1104,1026
050,55,139,"Wisconsin","Winnebago County",1,51,2148,1141,1007
050,55,139,"Wisconsin","Winnebago County",1,52,2056,1068,988
050,55,139,"Wisconsin","Winnebago County",1,53,2220,1160,1060
050,55,139,"Wisconsin","Winnebago County",1,54,2225,1137,1088
050,55,139,"Wisconsin","Winnebago County",1,55,2342,1187,1155
050,55,139,"Wisconsin","Winnebago County",1,56,2401,1219,1182
050,55,139,"Wisconsin","Winnebago County",1,57,2441,1242,1199
050,55,139,"Wisconsin","Winnebago County",1,58,2468,1257,1211
050,55,139,"Wisconsin","Winnebago County",1,59,2413,1192,1221
050,55,139,"Wisconsin","Winnebago County",1,60,2345,1172,1173
050,55,139,"Wisconsin","Winnebago County",1,61,2329,1169,1160
050,55,139,"Wisconsin","Winnebago County",1,62,2295,1166,1129
050,55,139,"Wisconsin","Winnebago County",1,63,2213,1086,1127
050,55,139,"Wisconsin","Winnebago County",1,64,2107,1059,1048
050,55,139,"Wisconsin","Winnebago County",1,65,2018,983,1035
050,55,139,"Wisconsin","Winnebago County",1,66,1957,965,992
050,55,139,"Wisconsin","Winnebago County",1,67,1890,946,944
050,55,139,"Wisconsin","Winnebago County",1,68,1838,910,928
050,55,139,"Wisconsin","Winnebago County",1,69,1689,813,876
050,55,139,"Wisconsin","Winnebago County",1,70,1593,759,834
050,55,139,"Wisconsin","Winnebago County",1,71,1569,760,809
050,55,139,"Wisconsin","Winnebago County",1,72,1557,753,804
050,55,139,"Wisconsin","Winnebago County",1,73,1512,691,821
050,55,139,"Wisconsin","Winnebago County",1,74,1036,483,553
050,55,139,"Wisconsin","Winnebago County",1,75,1043,489,554
050,55,139,"Wisconsin","Winnebago County",1,76,1044,484,560
050,55,139,"Wisconsin","Winnebago County",1,77,1046,489,557
050,55,139,"Wisconsin","Winnebago County",1,78,881,405,476
050,55,139,"Wisconsin","Winnebago County",1,79,771,347,424
050,55,139,"Wisconsin","Winnebago County",1,80,695,301,394
050,55,139,"Wisconsin","Winnebago County",1,81,702,308,394
050,55,139,"Wisconsin","Winnebago County",1,82,665,276,389
050,55,139,"Wisconsin","Winnebago County",1,83,587,247,340
050,55,139,"Wisconsin","Winnebago County",1,84,600,246,354
050,55,139,"Wisconsin","Winnebago County",1,85,3461,1220,2241
050,55,139,"Wisconsin","Winnebago County",2,0,1752,908,844
050,55,139,"Wisconsin","Winnebago County",2,1,1752,900,852
050,55,139,"Wisconsin","Winnebago County",2,2,1881,990,891
050,55,139,"Wisconsin","Winnebago County",2,3,1929,1008,921
050,55,139,"Wisconsin","Winnebago County",2,4,1953,995,958
050,55,139,"Wisconsin","Winnebago County",2,5,1912,968,944
050,55,139,"Wisconsin","Winnebago County",2,6,1905,967,938
050,55,139,"Wisconsin","Winnebago County",2,7,1956,1002,954
050,55,139,"Wisconsin","Winnebago County",2,8,1950,1003,947
050,55,139,"Wisconsin","Winnebago County",2,9,1933,995,938
050,55,139,"Wisconsin","Winnebago County",2,10,1976,1029,947
050,55,139,"Wisconsin","Winnebago County",2,11,2034,1064,970
050,55,139,"Wisconsin","Winnebago County",2,12,2094,1065,1029
050,55,139,"Wisconsin","Winnebago County",2,13,2125,1065,1060
050,55,139,"Wisconsin","Winnebago County",2,14,2056,1037,1019
050,55,139,"Wisconsin","Winnebago County",2,15,2014,1043,971
050,55,139,"Wisconsin","Winnebago County",2,16,2066,1057,1009
050,55,139,"Wisconsin","Winnebago County",2,17,2104,1066,1038
050,55,139,"Wisconsin","Winnebago County",2,18,2357,1139,1218
050,55,139,"Wisconsin","Winnebago County",2,19,3038,1476,1562
050,55,139,"Wisconsin","Winnebago County",2,20,2949,1397,1552
050,55,139,"Wisconsin","Winnebago County",2,21,3047,1460,1587
050,55,139,"Wisconsin","Winnebago County",2,22,3050,1517,1533
050,55,139,"Wisconsin","Winnebago County",2,23,2866,1534,1332
050,55,139,"Wisconsin","Winnebago County",2,24,2559,1353,1206
050,55,139,"Wisconsin","Winnebago County",2,25,2428,1296,1132
050,55,139,"Wisconsin","Winnebago County",2,26,2435,1313,1122
050,55,139,"Wisconsin","Winnebago County",2,27,2309,1236,1073
050,55,139,"Wisconsin","Winnebago County",2,28,2296,1266,1030
050,55,139,"Wisconsin","Winnebago County",2,29,2275,1226,1049
050,55,139,"Wisconsin","Winnebago County",2,30,2318,1247,1071
050,55,139,"Wisconsin","Winnebago County",2,31,2249,1209,1040
050,55,139,"Wisconsin","Winnebago County",2,32,2147,1149,998
050,55,139,"Wisconsin","Winnebago County",2,33,2127,1146,981
050,55,139,"Wisconsin","Winnebago County",2,34,2191,1165,1026
050,55,139,"Wisconsin","Winnebago County",2,35,2255,1190,1065
050,55,139,"Wisconsin","Winnebago County",2,36,2205,1175,1030
050,55,139,"Wisconsin","Winnebago County",2,37,2203,1168,1035
050,55,139,"Wisconsin","Winnebago County",2,38,2220,1179,1041
050,55,139,"Wisconsin","Winnebago County",2,39,2229,1196,1033
050,55,139,"Wisconsin","Winnebago County",2,40,2197,1164,1033
050,55,139,"Wisconsin","Winnebago County",2,41,2080,1105,975
050,55,139,"Wisconsin","Winnebago County",2,42,2057,1102,955
050,55,139,"Wisconsin","Winnebago County",2,43,1999,1058,941
050,55,139,"Wisconsin","Winnebago County",2,44,1938,1034,904
050,55,139,"Wisconsin","Winnebago County",2,45,1968,1073,895
050,55,139,"Wisconsin","Winnebago County",2,46,1907,1026,881
050,55,139,"Wisconsin","Winnebago County",2,47,1879,994,885
050,55,139,"Wisconsin","Winnebago County",2,48,1981,1039,942
050,55,139,"Wisconsin","Winnebago County",2,49,2219,1168,1051
050,55,139,"Wisconsin","Winnebago County",2,50,2158,1122,1036
050,55,139,"Wisconsin","Winnebago County",2,51,2139,1133,1006
050,55,139,"Wisconsin","Winnebago County",2,52,2065,1071,994
050,55,139,"Wisconsin","Winnebago County",2,53,2188,1144,1044
050,55,139,"Wisconsin","Winnebago County",2,54,2205,1129,1076
050,55,139,"Wisconsin","Winnebago County",2,55,2316,1175,1141
050,55,139,"Wisconsin","Winnebago County",2,56,2384,1206,1178
050,55,139,"Wisconsin","Winnebago County",2,57,2432,1236,1196
050,55,139,"Wisconsin","Winnebago County",2,58,2451,1244,1207
050,55,139,"Wisconsin","Winnebago County",2,59,2430,1211,1219
050,55,139,"Wisconsin","Winnebago County",2,60,2350,1172,1178
050,55,139,"Wisconsin","Winnebago County",2,61,2325,1167,1158
050,55,139,"Wisconsin","Winnebago County",2,62,2291,1160,1131
050,55,139,"Wisconsin","Winnebago County",2,63,2237,1106,1131
050,55,139,"Wisconsin","Winnebago County",2,64,2113,1053,1060
050,55,139,"Wisconsin","Winnebago County",2,65,2029,995,1034
050,55,139,"Wisconsin","Winnebago County",2,66,1974,971,1003
050,55,139,"Wisconsin","Winnebago County",2,67,1892,938,954
050,55,139,"Wisconsin","Winnebago County",2,68,1841,916,925
050,55,139,"Wisconsin","Winnebago County",2,69,1731,836,895
050,55,139,"Wisconsin","Winnebago County",2,70,1599,764,835
050,55,139,"Wisconsin","Winnebago County",2,71,1571,757,814
050,55,139,"Wisconsin","Winnebago County",2,72,1526,736,790
050,55,139,"Wisconsin","Winnebago County",2,73,1593,739,854
050,55,139,"Wisconsin","Winnebago County",2,74,1071,493,578
050,55,139,"Wisconsin","Winnebago County",2,75,1041,487,554
050,55,139,"Wisconsin","Winnebago County",2,76,1028,476,552
050,55,139,"Wisconsin","Winnebago County",2,77,1061,494,567
050,55,139,"Wisconsin","Winnebago County",2,78,901,418,483
050,55,139,"Wisconsin","Winnebago County",2,79,784,351,433
050,55,139,"Wisconsin","Winnebago County",2,80,705,311,394
050,55,139,"Wisconsin","Winnebago County",2,81,694,301,393
050,55,139,"Wisconsin","Winnebago County",2,82,665,279,386
050,55,139,"Wisconsin","Winnebago County",2,83,597,250,347
050,55,139,"Wisconsin","Winnebago County",2,84,589,241,348
050,55,139,"Wisconsin","Winnebago County",2,85,3469,1221,2248
050,55,139,"Wisconsin","Winnebago County",3,0,1710,906,804
050,55,139,"Wisconsin","Winnebago County",3,1,1707,871,836
050,55,139,"Wisconsin","Winnebago County",3,2,1793,925,868
050,55,139,"Wisconsin","Winnebago County",3,3,1863,974,889
050,55,139,"Wisconsin","Winnebago County",3,4,1891,974,917
050,55,139,"Wisconsin","Winnebago County",3,5,1941,980,961
050,55,139,"Wisconsin","Winnebago County",3,6,1911,958,953
050,55,139,"Wisconsin","Winnebago County",3,7,1904,978,926
050,55,139,"Wisconsin","Winnebago County",3,8,1945,996,949
050,55,139,"Wisconsin","Winnebago County",3,9,1930,979,951
050,55,139,"Wisconsin","Winnebago County",3,10,1919,998,921
050,55,139,"Wisconsin","Winnebago County",3,11,1980,1014,966
050,55,139,"Wisconsin","Winnebago County",3,12,2046,1062,984
050,55,139,"Wisconsin","Winnebago County",3,13,2087,1064,1023
050,55,139,"Wisconsin","Winnebago County",3,14,2127,1057,1070
050,55,139,"Wisconsin","Winnebago County",3,15,2081,1062,1019
050,55,139,"Wisconsin","Winnebago County",3,16,2019,1049,970
050,55,139,"Wisconsin","Winnebago County",3,17,2078,1080,998
050,55,139,"Wisconsin","Winnebago County",3,18,2174,1077,1097
050,55,139,"Wisconsin","Winnebago County",3,19,2620,1278,1342
050,55,139,"Wisconsin","Winnebago County",3,20,2798,1319,1479
050,55,139,"Wisconsin","Winnebago County",3,21,3099,1501,1598
050,55,139,"Wisconsin","Winnebago County",3,22,3094,1547,1547
050,55,139,"Wisconsin","Winnebago County",3,23,2894,1509,1385
050,55,139,"Wisconsin","Winnebago County",3,24,2474,1333,1141
050,55,139,"Wisconsin","Winnebago County",3,25,2369,1220,1149
050,55,139,"Wisconsin","Winnebago County",3,26,2356,1272,1084
050,55,139,"Wisconsin","Winnebago County",3,27,2343,1244,1099
050,55,139,"Wisconsin","Winnebago County",3,28,2309,1253,1056
050,55,139,"Wisconsin","Winnebago County",3,29,2315,1269,1046
050,55,139,"Wisconsin","Winnebago County",3,30,2269,1242,1027
050,55,139,"Wisconsin","Winnebago County",3,31,2238,1194,1044
050,55,139,"Wisconsin","Winnebago County",3,32,2207,1186,1021
050,55,139,"Wisconsin","Winnebago County",3,33,2173,1145,1028
050,55,139,"Wisconsin","Winnebago County",3,34,2122,1145,977
050,55,139,"Wisconsin","Winnebago County",3,35,2147,1133,1014
050,55,139,"Wisconsin","Winnebago County",3,36,2248,1180,1068
050,55,139,"Wisconsin","Winnebago County",3,37,2204,1174,1030
050,55,139,"Wisconsin","Winnebago County",3,38,2229,1183,1046
050,55,139,"Wisconsin","Winnebago County",3,39,2211,1178,1033
050,55,139,"Wisconsin","Winnebago County",3,40,2174,1144,1030
050,55,139,"Wisconsin","Winnebago County",3,41,2179,1150,1029
050,55,139,"Wisconsin","Winnebago County",3,42,2081,1104,977
050,55,139,"Wisconsin","Winnebago County",3,43,2010,1069,941
050,55,139,"Wisconsin","Winnebago County",3,44,1988,1053,935
050,55,139,"Wisconsin","Winnebago County",3,45,1940,1044,896
050,55,139,"Wisconsin","Winnebago County",3,46,1966,1067,899
050,55,139,"Wisconsin","Winnebago County",3,47,1884,1002,882
050,55,139,"Wisconsin","Winnebago County",3,48,1854,970,884
050,55,139,"Wisconsin","Winnebago County",3,49,1964,1033,931
050,55,139,"Wisconsin","Winnebago County",3,50,2182,1145,1037
050,55,139,"Wisconsin","Winnebago County",3,51,2155,1134,1021
050,55,139,"Wisconsin","Winnebago County",3,52,2078,1067,1011
050,55,139,"Wisconsin","Winnebago County",3,53,2072,1085,987
050,55,139,"Wisconsin","Winnebago County",3,54,2125,1083,1042
050,55,139,"Wisconsin","Winnebago County",3,55,2201,1133,1068
050,55,139,"Wisconsin","Winnebago County",3,56,2268,1142,1126
050,55,139,"Wisconsin","Winnebago County",3,57,2348,1179,1169
050,55,139,"Wisconsin","Winnebago County",3,58,2393,1203,1190
050,55,139,"Wisconsin","Winnebago County",3,59,2417,1206,1211
050,55,139,"Wisconsin","Winnebago County",3,60,2393,1187,1206
050,55,139,"Wisconsin","Winnebago County",3,61,2335,1165,1170
050,55,139,"Wisconsin","Winnebago County",3,62,2258,1127,1131
050,55,139,"Wisconsin","Winnebago County",3,63,2237,1122,1115
050,55,139,"Wisconsin","Winnebago County",3,64,2201,1077,1124
050,55,139,"Wisconsin","Winnebago County",3,65,2062,1028,1034
050,55,139,"Wisconsin","Winnebago County",3,66,2013,988,1025
050,55,139,"Wisconsin","Winnebago County",3,67,1937,943,994
050,55,139,"Wisconsin","Winnebago County",3,68,1866,928,938
050,55,139,"Wisconsin","Winnebago County",3,69,1804,879,925
050,55,139,"Wisconsin","Winnebago County",3,70,1699,811,888
050,55,139,"Wisconsin","Winnebago County",3,71,1550,738,812
050,55,139,"Wisconsin","Winnebago County",3,72,1551,747,804
050,55,139,"Wisconsin","Winnebago County",3,73,1489,715,774
050,55,139,"Wisconsin","Winnebago County",3,74,1567,722,845
050,55,139,"Wisconsin","Winnebago County",3,75,1040,481,559
050,55,139,"Wisconsin","Winnebago County",3,76,982,445,537
050,55,139,"Wisconsin","Winnebago County",3,77,995,454,541
050,55,139,"Wisconsin","Winnebago County",3,78,1020,476,544
050,55,139,"Wisconsin","Winnebago County",3,79,862,384,478
050,55,139,"Wisconsin","Winnebago County",3,80,731,319,412
050,55,139,"Wisconsin","Winnebago County",3,81,669,282,387
050,55,139,"Wisconsin","Winnebago County",3,82,634,270,364
050,55,139,"Wisconsin","Winnebago County",3,83,614,250,364
050,55,139,"Wisconsin","Winnebago County",3,84,541,222,319
050,55,139,"Wisconsin","Winnebago County",3,85,3426,1213,2213
050,55,139,"Wisconsin","Winnebago County",4,0,1675,841,834
050,55,139,"Wisconsin","Winnebago County",4,1,1666,869,797
050,55,139,"Wisconsin","Winnebago County",4,2,1727,877,850
050,55,139,"Wisconsin","Winnebago County",4,3,1787,907,880
050,55,139,"Wisconsin","Winnebago County",4,4,1848,962,886
050,55,139,"Wisconsin","Winnebago County",4,5,1873,949,924
050,55,139,"Wisconsin","Winnebago County",4,6,1919,971,948
050,55,139,"Wisconsin","Winnebago County",4,7,1883,944,939
050,55,139,"Wisconsin","Winnebago County",4,8,1935,1002,933
050,55,139,"Wisconsin","Winnebago County",4,9,1953,1002,951
050,55,139,"Wisconsin","Winnebago County",4,10,1949,988,961
050,55,139,"Wisconsin","Winnebago County",4,11,1890,958,932
050,55,139,"Wisconsin","Winnebago County",4,12,1964,993,971
050,55,139,"Wisconsin","Winnebago County",4,13,2031,1040,991
050,55,139,"Wisconsin","Winnebago County",4,14,2116,1084,1032
050,55,139,"Wisconsin","Winnebago County",4,15,2114,1043,1071
050,55,139,"Wisconsin","Winnebago County",4,16,2077,1058,1019
050,55,139,"Wisconsin","Winnebago County",4,17,2009,1037,972
050,55,139,"Wisconsin","Winnebago County",4,18,2217,1101,1116
050,55,139,"Wisconsin","Winnebago County",4,19,2702,1319,1383
050,55,139,"Wisconsin","Winnebago County",4,20,2722,1276,1446
050,55,139,"Wisconsin","Winnebago County",4,21,3098,1488,1610
050,55,139,"Wisconsin","Winnebago County",4,22,3128,1585,1543
050,55,139,"Wisconsin","Winnebago County",4,23,2935,1561,1374
050,55,139,"Wisconsin","Winnebago County",4,24,2548,1309,1239
050,55,139,"Wisconsin","Winnebago County",4,25,2284,1241,1043
050,55,139,"Wisconsin","Winnebago County",4,26,2283,1194,1089
050,55,139,"Wisconsin","Winnebago County",4,27,2290,1244,1046
050,55,139,"Wisconsin","Winnebago County",4,28,2365,1279,1086
050,55,139,"Wisconsin","Winnebago County",4,29,2328,1249,1079
050,55,139,"Wisconsin","Winnebago County",4,30,2251,1215,1036
050,55,139,"Wisconsin","Winnebago County",4,31,2210,1208,1002
050,55,139,"Wisconsin","Winnebago County",4,32,2241,1196,1045
050,55,139,"Wisconsin","Winnebago County",4,33,2176,1165,1011
050,55,139,"Wisconsin","Winnebago County",4,34,2197,1182,1015
050,55,139,"Wisconsin","Winnebago County",4,35,2101,1134,967
050,55,139,"Wisconsin","Winnebago County",4,36,2132,1123,1009
050,55,139,"Wisconsin","Winnebago County",4,37,2231,1186,1045
050,55,139,"Wisconsin","Winnebago County",4,38,2245,1198,1047
050,55,139,"Wisconsin","Winnebago County",4,39,2240,1198,1042
050,55,139,"Wisconsin","Winnebago County",4,40,2186,1142,1044
050,55,139,"Wisconsin","Winnebago County",4,41,2169,1143,1026
050,55,139,"Wisconsin","Winnebago County",4,42,2186,1164,1022
050,55,139,"Wisconsin","Winnebago County",4,43,2073,1099,974
050,55,139,"Wisconsin","Winnebago County",4,44,1993,1054,939
050,55,139,"Wisconsin","Winnebago County",4,45,1993,1065,928
050,55,139,"Wisconsin","Winnebago County",4,46,1952,1068,884
050,55,139,"Wisconsin","Winnebago County",4,47,1918,1038,880
050,55,139,"Wisconsin","Winnebago County",4,48,1885,996,889
050,55,139,"Wisconsin","Winnebago County",4,49,1873,990,883
050,55,139,"Wisconsin","Winnebago County",4,50,1939,1009,930
050,55,139,"Wisconsin","Winnebago County",4,51,2184,1152,1032
050,55,139,"Wisconsin","Winnebago County",4,52,2138,1104,1034
050,55,139,"Wisconsin","Winnebago County",4,53,2084,1086,998
050,55,139,"Wisconsin","Winnebago County",4,54,2026,1047,979
050,55,139,"Wisconsin","Winnebago County",4,55,2151,1114,1037
050,55,139,"Wisconsin","Winnebago County",4,56,2153,1111,1042
050,55,139,"Wisconsin","Winnebago County",4,57,2247,1126,1121
050,55,139,"Wisconsin","Winnebago County",4,58,2327,1152,1175
050,55,139,"Wisconsin","Winnebago County",4,59,2371,1180,1191
050,55,139,"Wisconsin","Winnebago County",4,60,2417,1197,1220
050,55,139,"Wisconsin","Winnebago County",4,61,2365,1173,1192
050,55,139,"Wisconsin","Winnebago County",4,62,2291,1139,1152
050,55,139,"Wisconsin","Winnebago County",4,63,2216,1101,1115
050,55,139,"Wisconsin","Winnebago County",4,64,2210,1096,1114
050,55,139,"Wisconsin","Winnebago County",4,65,2152,1047,1105
050,55,139,"Wisconsin","Winnebago County",4,66,2053,1031,1022
050,55,139,"Wisconsin","Winnebago County",4,67,1979,950,1029
050,55,139,"Wisconsin","Winnebago County",4,68,1929,951,978
050,55,139,"Wisconsin","Winnebago County",4,69,1832,904,928
050,55,139,"Wisconsin","Winnebago County",4,70,1760,849,911
050,55,139,"Wisconsin","Winnebago County",4,71,1688,806,882
050,55,139,"Wisconsin","Winnebago County",4,72,1534,733,801
050,55,139,"Wisconsin","Winnebago County",4,73,1502,712,790
050,55,139,"Wisconsin","Winnebago County",4,74,1449,695,754
050,55,139,"Wisconsin","Winnebago County",4,75,1551,713,838
050,55,139,"Wisconsin","Winnebago County",4,76,998,449,549
050,55,139,"Wisconsin","Winnebago County",4,77,967,429,538
050,55,139,"Wisconsin","Winnebago County",4,78,959,436,523
050,55,139,"Wisconsin","Winnebago County",4,79,983,457,526
050,55,139,"Wisconsin","Winnebago County",4,80,818,359,459
050,55,139,"Wisconsin","Winnebago County",4,81,690,296,394
050,55,139,"Wisconsin","Winnebago County",4,82,633,268,365
050,55,139,"Wisconsin","Winnebago County",4,83,598,254,344
050,55,139,"Wisconsin","Winnebago County",4,84,572,237,335
050,55,139,"Wisconsin","Winnebago County",4,85,3354,1183,2171
050,55,139,"Wisconsin","Winnebago County",5,0,1678,844,834
050,55,139,"Wisconsin","Winnebago County",5,1,1715,870,845
050,55,139,"Wisconsin","Winnebago County",5,2,1687,874,813
050,55,139,"Wisconsin","Winnebago County",5,3,1732,891,841
050,55,139,"Wisconsin","Winnebago County",5,4,1816,917,899
050,55,139,"Wisconsin","Winnebago County",5,5,1852,954,898
050,55,139,"Wisconsin","Winnebago County",5,6,1898,978,920
050,55,139,"Wisconsin","Winnebago County",5,7,1933,979,954
050,55,139,"Wisconsin","Winnebago County",5,8,1922,970,952
050,55,139,"Wisconsin","Winnebago County",5,9,1962,1026,936
050,55,139,"Wisconsin","Winnebago County",5,10,2006,1040,966
050,55,139,"Wisconsin","Winnebago County",5,11,1962,1002,960
050,55,139,"Wisconsin","Winnebago County",5,12,1896,961,935
050,55,139,"Wisconsin","Winnebago County",5,13,1998,1017,981
050,55,139,"Wisconsin","Winnebago County",5,14,2043,1048,995
050,55,139,"Wisconsin","Winnebago County",5,15,2136,1092,1044
050,55,139,"Wisconsin","Winnebago County",5,16,2103,1041,1062
050,55,139,"Wisconsin","Winnebago County",5,17,2089,1055,1034
050,55,139,"Wisconsin","Winnebago County",5,18,2187,1093,1094
050,55,139,"Wisconsin","Winnebago County",5,19,2752,1345,1407
050,55,139,"Wisconsin","Winnebago County",5,20,2731,1282,1449
050,55,139,"Wisconsin","Winnebago County",5,21,2949,1420,1529
050,55,139,"Wisconsin","Winnebago County",5,22,3195,1585,1610
050,55,139,"Wisconsin","Winnebago County",5,23,3002,1611,1391
050,55,139,"Wisconsin","Winnebago County",5,24,2619,1377,1242
050,55,139,"Wisconsin","Winnebago County",5,25,2336,1243,1093
050,55,139,"Wisconsin","Winnebago County",5,26,2247,1236,1011
050,55,139,"Wisconsin","Winnebago County",5,27,2250,1185,1065
050,55,139,"Wisconsin","Winnebago County",5,28,2299,1228,1071
050,55,139,"Wisconsin","Winnebago County",5,29,2399,1273,1126
050,55,139,"Wisconsin","Winnebago County",5,30,2305,1225,1080
050,55,139,"Wisconsin","Winnebago County",5,31,2304,1233,1071
050,55,139,"Wisconsin","Winnebago County",5,32,2212,1179,1033
050,55,139,"Wisconsin","Winnebago County",5,33,2271,1208,1063
050,55,139,"Wisconsin","Winnebago County",5,34,2227,1209,1018
050,55,139,"Wisconsin","Winnebago County",5,35,2224,1187,1037
050,55,139,"Wisconsin","Winnebago County",5,36,2119,1129,990
050,55,139,"Wisconsin","Winnebago County",5,37,2135,1132,1003
050,55,139,"Wisconsin","Winnebago County",5,38,2292,1242,1050
050,55,139,"Wisconsin","Winnebago County",5,39,2243,1208,1035
050,55,139,"Wisconsin","Winnebago County",5,40,2209,1174,1035
050,55,139,"Wisconsin","Winnebago County",5,41,2173,1120,1053
050,55,139,"Wisconsin","Winnebago County",5,42,2192,1165,1027
050,55,139,"Wisconsin","Winnebago County",5,43,2188,1158,1030
050,55,139,"Wisconsin","Winnebago County",5,44,2087,1117,970
050,55,139,"Wisconsin","Winnebago County",5,45,2014,1071,943
050,55,139,"Wisconsin","Winnebago County",5,46,2005,1072,933
050,55,139,"Wisconsin","Winnebago County",5,47,1932,1049,883
050,55,139,"Wisconsin","Winnebago County",5,48,1937,1033,904
050,55,139,"Wisconsin","Winnebago County",5,49,1935,1023,912
050,55,139,"Wisconsin","Winnebago County",5,50,1845,980,865
050,55,139,"Wisconsin","Winnebago County",5,51,1967,1045,922
050,55,139,"Wisconsin","Winnebago County",5,52,2118,1103,1015
050,55,139,"Wisconsin","Winnebago County",5,53,2143,1108,1035
050,55,139,"Wisconsin","Winnebago County",5,54,2034,1041,993
050,55,139,"Wisconsin","Winnebago County",5,55,2025,1049,976
050,55,139,"Wisconsin","Winnebago County",5,56,2107,1089,1018
050,55,139,"Wisconsin","Winnebago County",5,57,2149,1112,1037
050,55,139,"Wisconsin","Winnebago County",5,58,2240,1115,1125
050,55,139,"Wisconsin","Winnebago County",5,59,2269,1120,1149
050,55,139,"Wisconsin","Winnebago County",5,60,2345,1158,1187
050,55,139,"Wisconsin","Winnebago County",5,61,2401,1184,1217
050,55,139,"Wisconsin","Winnebago County",5,62,2304,1149,1155
050,55,139,"Wisconsin","Winnebago County",5,63,2262,1108,1154
050,55,139,"Wisconsin","Winnebago County",5,64,2183,1063,1120
050,55,139,"Wisconsin","Winnebago County",5,65,2181,1073,1108
050,55,139,"Wisconsin","Winnebago County",5,66,2133,1042,1091
050,55,139,"Wisconsin","Winnebago County",5,67,2010,994,1016
050,55,139,"Wisconsin","Winnebago County",5,68,1957,949,1008
050,55,139,"Wisconsin","Winnebago County",5,69,1890,926,964
050,55,139,"Wisconsin","Winnebago County",5,70,1795,876,919
050,55,139,"Wisconsin","Winnebago County",5,71,1731,841,890
050,55,139,"Wisconsin","Winnebago County",5,72,1667,796,871
050,55,139,"Wisconsin","Winnebago County",5,73,1493,705,788
050,55,139,"Wisconsin","Winnebago County",5,74,1479,694,785
050,55,139,"Wisconsin","Winnebago County",5,75,1424,685,739
050,55,139,"Wisconsin","Winnebago County",5,76,1481,675,806
050,55,139,"Wisconsin","Winnebago County",5,77,965,424,541
050,55,139,"Wisconsin","Winnebago County",5,78,940,421,519
050,55,139,"Wisconsin","Winnebago County",5,79,913,414,499
050,55,139,"Wisconsin","Winnebago County",5,80,933,429,504
050,55,139,"Wisconsin","Winnebago County",5,81,780,330,450
050,55,139,"Wisconsin","Winnebago County",5,82,658,288,370
050,55,139,"Wisconsin","Winnebago County",5,83,598,253,345
050,55,139,"Wisconsin","Winnebago County",5,84,560,242,318
050,55,139,"Wisconsin","Winnebago County",5,85,3357,1183,2174
050,55,141,"Wisconsin","Wood County",1,0,789,403,386
050,55,141,"Wisconsin","Wood County",1,1,821,423,398
050,55,141,"Wisconsin","Wood County",1,2,813,459,354
050,55,141,"Wisconsin","Wood County",1,3,859,442,417
050,55,141,"Wisconsin","Wood County",1,4,867,445,422
050,55,141,"Wisconsin","Wood County",1,5,846,441,405
050,55,141,"Wisconsin","Wood County",1,6,832,432,400
050,55,141,"Wisconsin","Wood County",1,7,897,463,434
050,55,141,"Wisconsin","Wood County",1,8,844,438,406
050,55,141,"Wisconsin","Wood County",1,9,891,443,448
050,55,141,"Wisconsin","Wood County",1,10,936,488,448
050,55,141,"Wisconsin","Wood County",1,11,949,486,463
050,55,141,"Wisconsin","Wood County",1,12,1030,501,529
050,55,141,"Wisconsin","Wood County",1,13,998,482,516
050,55,141,"Wisconsin","Wood County",1,14,962,471,491
050,55,141,"Wisconsin","Wood County",1,15,953,481,472
050,55,141,"Wisconsin","Wood County",1,16,958,483,475
050,55,141,"Wisconsin","Wood County",1,17,960,495,465
050,55,141,"Wisconsin","Wood County",1,18,803,418,385
050,55,141,"Wisconsin","Wood County",1,19,629,333,296
050,55,141,"Wisconsin","Wood County",1,20,695,357,338
050,55,141,"Wisconsin","Wood County",1,21,706,354,352
050,55,141,"Wisconsin","Wood County",1,22,778,391,387
050,55,141,"Wisconsin","Wood County",1,23,777,402,375
050,55,141,"Wisconsin","Wood County",1,24,773,375,398
050,55,141,"Wisconsin","Wood County",1,25,774,381,393
050,55,141,"Wisconsin","Wood County",1,26,799,409,390
050,55,141,"Wisconsin","Wood County",1,27,851,429,422
050,55,141,"Wisconsin","Wood County",1,28,844,429,415
050,55,141,"Wisconsin","Wood County",1,29,812,412,400
050,55,141,"Wisconsin","Wood County",1,30,786,413,373
050,55,141,"Wisconsin","Wood County",1,31,785,414,371
050,55,141,"Wisconsin","Wood County",1,32,775,397,378
050,55,141,"Wisconsin","Wood County",1,33,854,440,414
050,55,141,"Wisconsin","Wood County",1,34,904,474,430
050,55,141,"Wisconsin","Wood County",1,35,894,463,431
050,55,141,"Wisconsin","Wood County",1,36,858,421,437
050,55,141,"Wisconsin","Wood County",1,37,875,437,438
050,55,141,"Wisconsin","Wood County",1,38,857,424,433
050,55,141,"Wisconsin","Wood County",1,39,856,443,413
050,55,141,"Wisconsin","Wood County",1,40,861,461,400
050,55,141,"Wisconsin","Wood County",1,41,864,439,425
050,55,141,"Wisconsin","Wood County",1,42,838,417,421
050,55,141,"Wisconsin","Wood County",1,43,784,414,370
050,55,141,"Wisconsin","Wood County",1,44,737,379,358
050,55,141,"Wisconsin","Wood County",1,45,785,406,379
050,55,141,"Wisconsin","Wood County",1,46,827,407,420
050,55,141,"Wisconsin","Wood County",1,47,810,417,393
050,55,141,"Wisconsin","Wood County",1,48,866,453,413
050,55,141,"Wisconsin","Wood County",1,49,947,463,484
050,55,141,"Wisconsin","Wood County",1,50,917,450,467
050,55,141,"Wisconsin","Wood County",1,51,933,469,464
050,55,141,"Wisconsin","Wood County",1,52,908,451,457
050,55,141,"Wisconsin","Wood County",1,53,986,497,489
050,55,141,"Wisconsin","Wood County",1,54,1028,514,514
050,55,141,"Wisconsin","Wood County",1,55,1053,520,533
050,55,141,"Wisconsin","Wood County",1,56,1174,585,589
050,55,141,"Wisconsin","Wood County",1,57,1178,585,593
050,55,141,"Wisconsin","Wood County",1,58,1232,627,605
050,55,141,"Wisconsin","Wood County",1,59,1240,636,604
050,55,141,"Wisconsin","Wood County",1,60,1195,594,601
050,55,141,"Wisconsin","Wood County",1,61,1194,598,596
050,55,141,"Wisconsin","Wood County",1,62,1178,578,600
050,55,141,"Wisconsin","Wood County",1,63,1135,559,576
050,55,141,"Wisconsin","Wood County",1,64,1113,533,580
050,55,141,"Wisconsin","Wood County",1,65,1077,544,533
050,55,141,"Wisconsin","Wood County",1,66,989,495,494
050,55,141,"Wisconsin","Wood County",1,67,956,469,487
050,55,141,"Wisconsin","Wood County",1,68,925,452,473
050,55,141,"Wisconsin","Wood County",1,69,886,417,469
050,55,141,"Wisconsin","Wood County",1,70,887,440,447
050,55,141,"Wisconsin","Wood County",1,71,830,406,424
050,55,141,"Wisconsin","Wood County",1,72,839,394,445
050,55,141,"Wisconsin","Wood County",1,73,811,400,411
050,55,141,"Wisconsin","Wood County",1,74,580,263,317
050,55,141,"Wisconsin","Wood County",1,75,591,281,310
050,55,141,"Wisconsin","Wood County",1,76,580,277,303
050,55,141,"Wisconsin","Wood County",1,77,585,269,316
050,55,141,"Wisconsin","Wood County",1,78,509,228,281
050,55,141,"Wisconsin","Wood County",1,79,457,220,237
050,55,141,"Wisconsin","Wood County",1,80,417,189,228
050,55,141,"Wisconsin","Wood County",1,81,419,186,233
050,55,141,"Wisconsin","Wood County",1,82,386,155,231
050,55,141,"Wisconsin","Wood County",1,83,385,164,221
050,55,141,"Wisconsin","Wood County",1,84,349,143,206
050,55,141,"Wisconsin","Wood County",1,85,2084,749,1335
050,55,141,"Wisconsin","Wood County",2,0,795,407,388
050,55,141,"Wisconsin","Wood County",2,1,809,415,394
050,55,141,"Wisconsin","Wood County",2,2,813,451,362
050,55,141,"Wisconsin","Wood County",2,3,850,446,404
050,55,141,"Wisconsin","Wood County",2,4,866,446,420
050,55,141,"Wisconsin","Wood County",2,5,850,443,407
050,55,141,"Wisconsin","Wood County",2,6,839,436,403
050,55,141,"Wisconsin","Wood County",2,7,876,451,425
050,55,141,"Wisconsin","Wood County",2,8,855,443,412
050,55,141,"Wisconsin","Wood County",2,9,882,444,438
050,55,141,"Wisconsin","Wood County",2,10,922,476,446
050,55,141,"Wisconsin","Wood County",2,11,944,486,458
050,55,141,"Wisconsin","Wood County",2,12,1014,499,515
050,55,141,"Wisconsin","Wood County",2,13,1004,485,519
050,55,141,"Wisconsin","Wood County",2,14,974,475,499
050,55,141,"Wisconsin","Wood County",2,15,960,480,480
050,55,141,"Wisconsin","Wood County",2,16,963,486,477
050,55,141,"Wisconsin","Wood County",2,17,963,494,469
050,55,141,"Wisconsin","Wood County",2,18,801,420,381
050,55,141,"Wisconsin","Wood County",2,19,637,336,301
050,55,141,"Wisconsin","Wood County",2,20,699,358,341
050,55,141,"Wisconsin","Wood County",2,21,713,359,354
050,55,141,"Wisconsin","Wood County",2,22,768,384,384
050,55,141,"Wisconsin","Wood County",2,23,790,407,383
050,55,141,"Wisconsin","Wood County",2,24,772,381,391
050,55,141,"Wisconsin","Wood County",2,25,772,380,392
050,55,141,"Wisconsin","Wood County",2,26,793,404,389
050,55,141,"Wisconsin","Wood County",2,27,840,428,412
050,55,141,"Wisconsin","Wood County",2,28,848,431,417
050,55,141,"Wisconsin","Wood County",2,29,818,415,403
050,55,141,"Wisconsin","Wood County",2,30,801,417,384
050,55,141,"Wisconsin","Wood County",2,31,786,414,372
050,55,141,"Wisconsin","Wood County",2,32,781,404,377
050,55,141,"Wisconsin","Wood County",2,33,835,430,405
050,55,141,"Wisconsin","Wood County",2,34,890,467,423
050,55,141,"Wisconsin","Wood County",2,35,900,465,435
050,55,141,"Wisconsin","Wood County",2,36,861,429,432
050,55,141,"Wisconsin","Wood County",2,37,873,432,441
050,55,141,"Wisconsin","Wood County",2,38,864,431,433
050,55,141,"Wisconsin","Wood County",2,39,855,441,414
050,55,141,"Wisconsin","Wood County",2,40,860,456,404
050,55,141,"Wisconsin","Wood County",2,41,864,444,420
050,55,141,"Wisconsin","Wood County",2,42,838,420,418
050,55,141,"Wisconsin","Wood County",2,43,806,420,386
050,55,141,"Wisconsin","Wood County",2,44,738,380,358
050,55,141,"Wisconsin","Wood County",2,45,779,402,377
050,55,141,"Wisconsin","Wood County",2,46,816,406,410
050,55,141,"Wisconsin","Wood County",2,47,813,416,397
050,55,141,"Wisconsin","Wood County",2,48,856,447,409
050,55,141,"Wisconsin","Wood County",2,49,930,461,469
050,55,141,"Wisconsin","Wood County",2,50,925,454,471
050,55,141,"Wisconsin","Wood County",2,51,925,460,465
050,55,141,"Wisconsin","Wood County",2,52,910,454,456
050,55,141,"Wisconsin","Wood County",2,53,963,483,480
050,55,141,"Wisconsin","Wood County",2,54,1013,509,504
050,55,141,"Wisconsin","Wood County",2,55,1044,518,526
050,55,141,"Wisconsin","Wood County",2,56,1147,571,576
050,55,141,"Wisconsin","Wood County",2,57,1171,583,588
050,55,141,"Wisconsin","Wood County",2,58,1214,612,602
050,55,141,"Wisconsin","Wood County",2,59,1237,633,604
050,55,141,"Wisconsin","Wood County",2,60,1201,600,601
050,55,141,"Wisconsin","Wood County",2,61,1189,594,595
050,55,141,"Wisconsin","Wood County",2,62,1179,578,601
050,55,141,"Wisconsin","Wood County",2,63,1147,564,583
050,55,141,"Wisconsin","Wood County",2,64,1107,535,572
050,55,141,"Wisconsin","Wood County",2,65,1083,541,542
050,55,141,"Wisconsin","Wood County",2,66,1007,504,503
050,55,141,"Wisconsin","Wood County",2,67,959,472,487
050,55,141,"Wisconsin","Wood County",2,68,917,448,469
050,55,141,"Wisconsin","Wood County",2,69,904,428,476
050,55,141,"Wisconsin","Wood County",2,70,878,433,445
050,55,141,"Wisconsin","Wood County",2,71,842,410,432
050,55,141,"Wisconsin","Wood County",2,72,824,390,434
050,55,141,"Wisconsin","Wood County",2,73,858,419,439
050,55,141,"Wisconsin","Wood County",2,74,599,278,321
050,55,141,"Wisconsin","Wood County",2,75,586,275,311
050,55,141,"Wisconsin","Wood County",2,76,574,272,302
050,55,141,"Wisconsin","Wood County",2,77,591,274,317
050,55,141,"Wisconsin","Wood County",2,78,507,227,280
050,55,141,"Wisconsin","Wood County",2,79,465,220,245
050,55,141,"Wisconsin","Wood County",2,80,426,197,229
050,55,141,"Wisconsin","Wood County",2,81,416,184,232
050,55,141,"Wisconsin","Wood County",2,82,392,163,229
050,55,141,"Wisconsin","Wood County",2,83,384,162,222
050,55,141,"Wisconsin","Wood County",2,84,350,145,205
050,55,141,"Wisconsin","Wood County",2,85,2089,756,1333
050,55,141,"Wisconsin","Wood County",3,0,715,382,333
050,55,141,"Wisconsin","Wood County",3,1,822,411,411
050,55,141,"Wisconsin","Wood County",3,2,836,425,411
050,55,141,"Wisconsin","Wood County",3,3,823,451,372
050,55,141,"Wisconsin","Wood County",3,4,838,431,407
050,55,141,"Wisconsin","Wood County",3,5,854,445,409
050,55,141,"Wisconsin","Wood County",3,6,833,435,398
050,55,141,"Wisconsin","Wood County",3,7,840,426,414
050,55,141,"Wisconsin","Wood County",3,8,884,461,423
050,55,141,"Wisconsin","Wood County",3,9,862,439,423
050,55,141,"Wisconsin","Wood County",3,10,885,443,442
050,55,141,"Wisconsin","Wood County",3,11,925,477,448
050,55,141,"Wisconsin","Wood County",3,12,956,490,466
050,55,141,"Wisconsin","Wood County",3,13,1009,502,507
050,55,141,"Wisconsin","Wood County",3,14,1004,489,515
050,55,141,"Wisconsin","Wood County",3,15,996,489,507
050,55,141,"Wisconsin","Wood County",3,16,924,462,462
050,55,141,"Wisconsin","Wood County",3,17,952,483,469
050,55,141,"Wisconsin","Wood County",3,18,811,427,384
050,55,141,"Wisconsin","Wood County",3,19,640,342,298
050,55,141,"Wisconsin","Wood County",3,20,680,349,331
050,55,141,"Wisconsin","Wood County",3,21,706,361,345
050,55,141,"Wisconsin","Wood County",3,22,750,368,382
050,55,141,"Wisconsin","Wood County",3,23,832,418,414
050,55,141,"Wisconsin","Wood County",3,24,798,415,383
050,55,141,"Wisconsin","Wood County",3,25,804,398,406
050,55,141,"Wisconsin","Wood County",3,26,778,382,396
050,55,141,"Wisconsin","Wood County",3,27,790,397,393
050,55,141,"Wisconsin","Wood County",3,28,870,446,424
050,55,141,"Wisconsin","Wood County",3,29,852,437,415
050,55,141,"Wisconsin","Wood County",3,30,823,426,397
050,55,141,"Wisconsin","Wood County",3,31,804,413,391
050,55,141,"Wisconsin","Wood County",3,32,814,425,389
050,55,141,"Wisconsin","Wood County",3,33,797,421,376
050,55,141,"Wisconsin","Wood County",3,34,826,430,396
050,55,141,"Wisconsin","Wood County",3,35,885,468,417
050,55,141,"Wisconsin","Wood County",3,36,899,467,432
050,55,141,"Wisconsin","Wood County",3,37,850,419,431
050,55,141,"Wisconsin","Wood County",3,38,873,436,437
050,55,141,"Wisconsin","Wood County",3,39,879,440,439
050,55,141,"Wisconsin","Wood County",3,40,839,433,406
050,55,141,"Wisconsin","Wood County",3,41,901,488,413
050,55,141,"Wisconsin","Wood County",3,42,867,446,421
050,55,141,"Wisconsin","Wood County",3,43,842,425,417
050,55,141,"Wisconsin","Wood County",3,44,792,407,385
050,55,141,"Wisconsin","Wood County",3,45,722,381,341
050,55,141,"Wisconsin","Wood County",3,46,795,406,389
050,55,141,"Wisconsin","Wood County",3,47,816,410,406
050,55,141,"Wisconsin","Wood County",3,48,803,403,400
050,55,141,"Wisconsin","Wood County",3,49,844,439,405
050,55,141,"Wisconsin","Wood County",3,50,939,475,464
050,55,141,"Wisconsin","Wood County",3,51,927,448,479
050,55,141,"Wisconsin","Wood County",3,52,908,440,468
050,55,141,"Wisconsin","Wood County",3,53,925,459,466
050,55,141,"Wisconsin","Wood County",3,54,965,489,476
050,55,141,"Wisconsin","Wood County",3,55,999,503,496
050,55,141,"Wisconsin","Wood County",3,56,1057,525,532
050,55,141,"Wisconsin","Wood County",3,57,1137,564,573
050,55,141,"Wisconsin","Wood County",3,58,1165,576,589
050,55,141,"Wisconsin","Wood County",3,59,1212,610,602
050,55,141,"Wisconsin","Wood County",3,60,1228,623,605
050,55,141,"Wisconsin","Wood County",3,61,1191,591,600
050,55,141,"Wisconsin","Wood County",3,62,1187,582,605
050,55,141,"Wisconsin","Wood County",3,63,1171,568,603
050,55,141,"Wisconsin","Wood County",3,64,1118,552,566
050,55,141,"Wisconsin","Wood County",3,65,1094,527,567
050,55,141,"Wisconsin","Wood County",3,66,1061,531,530
050,55,141,"Wisconsin","Wood County",3,67,989,492,497
050,55,141,"Wisconsin","Wood County",3,68,953,472,481
050,55,141,"Wisconsin","Wood County",3,69,914,437,477
050,55,141,"Wisconsin","Wood County",3,70,869,409,460
050,55,141,"Wisconsin","Wood County",3,71,851,419,432
050,55,141,"Wisconsin","Wood County",3,72,820,400,420
050,55,141,"Wisconsin","Wood County",3,73,815,377,438
050,55,141,"Wisconsin","Wood County",3,74,843,404,439
050,55,141,"Wisconsin","Wood County",3,75,569,262,307
050,55,141,"Wisconsin","Wood County",3,76,573,266,307
050,55,141,"Wisconsin","Wood County",3,77,561,268,293
050,55,141,"Wisconsin","Wood County",3,78,555,250,305
050,55,141,"Wisconsin","Wood County",3,79,485,212,273
050,55,141,"Wisconsin","Wood County",3,80,442,208,234
050,55,141,"Wisconsin","Wood County",3,81,413,190,223
050,55,141,"Wisconsin","Wood County",3,82,387,171,216
050,55,141,"Wisconsin","Wood County",3,83,372,149,223
050,55,141,"Wisconsin","Wood County",3,84,339,144,195
050,55,141,"Wisconsin","Wood County",3,85,2031,744,1287
050,55,141,"Wisconsin","Wood County",4,0,694,356,338
050,55,141,"Wisconsin","Wood County",4,1,716,371,345
050,55,141,"Wisconsin","Wood County",4,2,812,407,405
050,55,141,"Wisconsin","Wood County",4,3,841,421,420
050,55,141,"Wisconsin","Wood County",4,4,826,434,392
050,55,141,"Wisconsin","Wood County",4,5,859,439,420
050,55,141,"Wisconsin","Wood County",4,6,891,468,423
050,55,141,"Wisconsin","Wood County",4,7,839,444,395
050,55,141,"Wisconsin","Wood County",4,8,849,415,434
050,55,141,"Wisconsin","Wood County",4,9,878,461,417
050,55,141,"Wisconsin","Wood County",4,10,867,452,415
050,55,141,"Wisconsin","Wood County",4,11,882,442,440
050,55,141,"Wisconsin","Wood County",4,12,936,490,446
050,55,141,"Wisconsin","Wood County",4,13,966,487,479
050,55,141,"Wisconsin","Wood County",4,14,1007,494,513
050,55,141,"Wisconsin","Wood County",4,15,1007,494,513
050,55,141,"Wisconsin","Wood County",4,16,984,478,506
050,55,141,"Wisconsin","Wood County",4,17,948,474,474
050,55,141,"Wisconsin","Wood County",4,18,801,421,380
050,55,141,"Wisconsin","Wood County",4,19,619,333,286
050,55,141,"Wisconsin","Wood County",4,20,681,338,343
050,55,141,"Wisconsin","Wood County",4,21,667,336,331
050,55,141,"Wisconsin","Wood County",4,22,760,389,371
050,55,141,"Wisconsin","Wood County",4,23,794,413,381
050,55,141,"Wisconsin","Wood County",4,24,821,410,411
050,55,141,"Wisconsin","Wood County",4,25,807,415,392
050,55,141,"Wisconsin","Wood County",4,26,791,409,382
050,55,141,"Wisconsin","Wood County",4,27,793,390,403
050,55,141,"Wisconsin","Wood County",4,28,764,387,377
050,55,141,"Wisconsin","Wood County",4,29,877,441,436
050,55,141,"Wisconsin","Wood County",4,30,849,440,409
050,55,141,"Wisconsin","Wood County",4,31,845,436,409
050,55,141,"Wisconsin","Wood County",4,32,824,419,405
050,55,141,"Wisconsin","Wood County",4,33,839,440,399
050,55,141,"Wisconsin","Wood County",4,34,788,418,370
050,55,141,"Wisconsin","Wood County",4,35,832,420,412
050,55,141,"Wisconsin","Wood County",4,36,898,477,421
050,55,141,"Wisconsin","Wood County",4,37,871,440,431
050,55,141,"Wisconsin","Wood County",4,38,839,414,425
050,55,141,"Wisconsin","Wood County",4,39,905,454,451
050,55,141,"Wisconsin","Wood County",4,40,906,446,460
050,55,141,"Wisconsin","Wood County",4,41,851,448,403
050,55,141,"Wisconsin","Wood County",4,42,918,494,424
050,55,141,"Wisconsin","Wood County",4,43,886,455,431
050,55,141,"Wisconsin","Wood County",4,44,846,422,424
050,55,141,"Wisconsin","Wood County",4,45,779,401,378
050,55,141,"Wisconsin","Wood County",4,46,735,380,355
050,55,141,"Wisconsin","Wood County",4,47,784,407,377
050,55,141,"Wisconsin","Wood County",4,48,819,413,406
050,55,141,"Wisconsin","Wood County",4,49,791,386,405
050,55,141,"Wisconsin","Wood County",4,50,833,440,393
050,55,141,"Wisconsin","Wood County",4,51,954,491,463
050,55,141,"Wisconsin","Wood County",4,52,923,456,467
050,55,141,"Wisconsin","Wood County",4,53,929,450,479
050,55,141,"Wisconsin","Wood County",4,54,925,455,470
050,55,141,"Wisconsin","Wood County",4,55,948,476,472
050,55,141,"Wisconsin","Wood County",4,56,1021,513,508
050,55,141,"Wisconsin","Wood County",4,57,1033,505,528
050,55,141,"Wisconsin","Wood County",4,58,1121,548,573
050,55,141,"Wisconsin","Wood County",4,59,1145,567,578
050,55,141,"Wisconsin","Wood County",4,60,1195,600,595
050,55,141,"Wisconsin","Wood County",4,61,1199,610,589
050,55,141,"Wisconsin","Wood County",4,62,1194,591,603
050,55,141,"Wisconsin","Wood County",4,63,1169,577,592
050,55,141,"Wisconsin","Wood County",4,64,1145,563,582
050,55,141,"Wisconsin","Wood County",4,65,1100,540,560
050,55,141,"Wisconsin","Wood County",4,66,1071,508,563
050,55,141,"Wisconsin","Wood County",4,67,1050,522,528
050,55,141,"Wisconsin","Wood County",4,68,983,495,488
050,55,141,"Wisconsin","Wood County",4,69,954,469,485
050,55,141,"Wisconsin","Wood County",4,70,890,427,463
050,55,141,"Wisconsin","Wood County",4,71,850,400,450
050,55,141,"Wisconsin","Wood County",4,72,832,403,429
050,55,141,"Wisconsin","Wood County",4,73,806,387,419
050,55,141,"Wisconsin","Wood County",4,74,812,365,447
050,55,141,"Wisconsin","Wood County",4,75,814,394,420
050,55,141,"Wisconsin","Wood County",4,76,552,256,296
050,55,141,"Wisconsin","Wood County",4,77,556,259,297
050,55,141,"Wisconsin","Wood County",4,78,517,241,276
050,55,141,"Wisconsin","Wood County",4,79,525,238,287
050,55,141,"Wisconsin","Wood County",4,80,467,201,266
050,55,141,"Wisconsin","Wood County",4,81,423,194,229
050,55,141,"Wisconsin","Wood County",4,82,386,176,210
050,55,141,"Wisconsin","Wood County",4,83,389,172,217
050,55,141,"Wisconsin","Wood County",4,84,336,140,196
050,55,141,"Wisconsin","Wood County",4,85,1949,737,1212
050,55,141,"Wisconsin","Wood County",5,0,691,355,336
050,55,141,"Wisconsin","Wood County",5,1,724,363,361
050,55,141,"Wisconsin","Wood County",5,2,714,366,348
050,55,141,"Wisconsin","Wood County",5,3,846,418,428
050,55,141,"Wisconsin","Wood County",5,4,851,435,416
050,55,141,"Wisconsin","Wood County",5,5,843,440,403
050,55,141,"Wisconsin","Wood County",5,6,887,468,419
050,55,141,"Wisconsin","Wood County",5,7,891,460,431
050,55,141,"Wisconsin","Wood County",5,8,837,440,397
050,55,141,"Wisconsin","Wood County",5,9,861,421,440
050,55,141,"Wisconsin","Wood County",5,10,901,470,431
050,55,141,"Wisconsin","Wood County",5,11,871,453,418
050,55,141,"Wisconsin","Wood County",5,12,881,439,442
050,55,141,"Wisconsin","Wood County",5,13,946,492,454
050,55,141,"Wisconsin","Wood County",5,14,972,481,491
050,55,141,"Wisconsin","Wood County",5,15,1026,503,523
050,55,141,"Wisconsin","Wood County",5,16,1007,483,524
050,55,141,"Wisconsin","Wood County",5,17,983,479,504
050,55,141,"Wisconsin","Wood County",5,18,787,408,379
050,55,141,"Wisconsin","Wood County",5,19,620,328,292
050,55,141,"Wisconsin","Wood County",5,20,691,368,323
050,55,141,"Wisconsin","Wood County",5,21,704,353,351
050,55,141,"Wisconsin","Wood County",5,22,737,376,361
050,55,141,"Wisconsin","Wood County",5,23,791,403,388
050,55,141,"Wisconsin","Wood County",5,24,779,389,390
050,55,141,"Wisconsin","Wood County",5,25,841,412,429
050,55,141,"Wisconsin","Wood County",5,26,797,413,384
050,55,141,"Wisconsin","Wood County",5,27,813,424,389
050,55,141,"Wisconsin","Wood County",5,28,805,385,420
050,55,141,"Wisconsin","Wood County",5,29,808,402,406
050,55,141,"Wisconsin","Wood County",5,30,902,442,460
050,55,141,"Wisconsin","Wood County",5,31,861,446,415
050,55,141,"Wisconsin","Wood County",5,32,842,434,408
050,55,141,"Wisconsin","Wood County",5,33,854,451,403
050,55,141,"Wisconsin","Wood County",5,34,850,447,403
050,55,141,"Wisconsin","Wood County",5,35,793,414,379
050,55,141,"Wisconsin","Wood County",5,36,845,432,413
050,55,141,"Wisconsin","Wood County",5,37,895,472,423
050,55,141,"Wisconsin","Wood County",5,38,878,448,430
050,55,141,"Wisconsin","Wood County",5,39,871,438,433
050,55,141,"Wisconsin","Wood County",5,40,901,443,458
050,55,141,"Wisconsin","Wood County",5,41,921,458,463
050,55,141,"Wisconsin","Wood County",5,42,870,453,417
050,55,141,"Wisconsin","Wood County",5,43,923,505,418
050,55,141,"Wisconsin","Wood County",5,44,876,440,436
050,55,141,"Wisconsin","Wood County",5,45,833,421,412
050,55,141,"Wisconsin","Wood County",5,46,793,401,392
050,55,141,"Wisconsin","Wood County",5,47,729,389,340
050,55,141,"Wisconsin","Wood County",5,48,784,405,379
050,55,141,"Wisconsin","Wood County",5,49,804,397,407
050,55,141,"Wisconsin","Wood County",5,50,784,386,398
050,55,141,"Wisconsin","Wood County",5,51,848,440,408
050,55,141,"Wisconsin","Wood County",5,52,945,485,460
050,55,141,"Wisconsin","Wood County",5,53,923,457,466
050,55,141,"Wisconsin","Wood County",5,54,945,464,481
050,55,141,"Wisconsin","Wood County",5,55,917,448,469
050,55,141,"Wisconsin","Wood County",5,56,948,477,471
050,55,141,"Wisconsin","Wood County",5,57,1017,506,511
050,55,141,"Wisconsin","Wood County",5,58,1048,506,542
050,55,141,"Wisconsin","Wood County",5,59,1110,544,566
050,55,141,"Wisconsin","Wood County",5,60,1147,562,585
050,55,141,"Wisconsin","Wood County",5,61,1194,605,589
050,55,141,"Wisconsin","Wood County",5,62,1212,612,600
050,55,141,"Wisconsin","Wood County",5,63,1175,584,591
050,55,141,"Wisconsin","Wood County",5,64,1145,572,573
050,55,141,"Wisconsin","Wood County",5,65,1136,556,580
050,55,141,"Wisconsin","Wood County",5,66,1081,531,550
050,55,141,"Wisconsin","Wood County",5,67,1062,499,563
050,55,141,"Wisconsin","Wood County",5,68,1033,514,519
050,55,141,"Wisconsin","Wood County",5,69,976,486,490
050,55,141,"Wisconsin","Wood County",5,70,929,454,475
050,55,141,"Wisconsin","Wood County",5,71,874,419,455
050,55,141,"Wisconsin","Wood County",5,72,834,388,446
050,55,141,"Wisconsin","Wood County",5,73,822,391,431
050,55,141,"Wisconsin","Wood County",5,74,806,383,423
050,55,141,"Wisconsin","Wood County",5,75,790,357,433
050,55,141,"Wisconsin","Wood County",5,76,791,378,413
050,55,141,"Wisconsin","Wood County",5,77,542,251,291
050,55,141,"Wisconsin","Wood County",5,78,518,242,276
050,55,141,"Wisconsin","Wood County",5,79,490,227,263
050,55,141,"Wisconsin","Wood County",5,80,491,225,266
050,55,141,"Wisconsin","Wood County",5,81,445,187,258
050,55,141,"Wisconsin","Wood County",5,82,390,176,214
050,55,141,"Wisconsin","Wood County",5,83,373,173,200
050,55,141,"Wisconsin","Wood County",5,84,353,157,196
050,55,141,"Wisconsin","Wood County",5,85,1915,740,1175

