"SUMLEV","STATE","COUNTY","STNAME","CTYNAME","YEAR","AGE","TOT_POP","TOT_MALE","TOT_FEMALE"
050,16,001,"Idaho","Ada County",1,0,4848,2486,2362
050,16,001,"Idaho","Ada County",1,1,4975,2511,2464
050,16,001,"Idaho","Ada County",1,2,5245,2686,2559
050,16,001,"Idaho","Ada County",1,3,5569,2831,2738
050,16,001,"Idaho","Ada County",1,4,5925,3027,2898
050,16,001,"Idaho","Ada County",1,5,6121,3165,2956
050,16,001,"Idaho","Ada County",1,6,5963,3109,2854
050,16,001,"Idaho","Ada County",1,7,6070,3118,2952
050,16,001,"Idaho","Ada County",1,8,6176,3145,3031
050,16,001,"Idaho","Ada County",1,9,6411,3269,3142
050,16,001,"Idaho","Ada County",1,10,6813,3452,3361
050,16,001,"Idaho","Ada County",1,11,7077,3619,3458
050,16,001,"Idaho","Ada County",1,12,7341,3800,3541
050,16,001,"Idaho","Ada County",1,13,7367,3769,3598
050,16,001,"Idaho","Ada County",1,14,7128,3618,3510
050,16,001,"Idaho","Ada County",1,15,7168,3673,3495
050,16,001,"Idaho","Ada County",1,16,7259,3732,3527
050,16,001,"Idaho","Ada County",1,17,6852,3533,3319
050,16,001,"Idaho","Ada County",1,18,6642,3405,3237
050,16,001,"Idaho","Ada County",1,19,6383,3312,3071
050,16,001,"Idaho","Ada County",1,20,5502,2886,2616
050,16,001,"Idaho","Ada County",1,21,5738,3039,2699
050,16,001,"Idaho","Ada County",1,22,5889,3055,2834
050,16,001,"Idaho","Ada County",1,23,6251,3201,3050
050,16,001,"Idaho","Ada County",1,24,6466,3378,3088
050,16,001,"Idaho","Ada County",1,25,6566,3468,3098
050,16,001,"Idaho","Ada County",1,26,6754,3544,3210
050,16,001,"Idaho","Ada County",1,27,6857,3591,3266
050,16,001,"Idaho","Ada County",1,28,6861,3550,3311
050,16,001,"Idaho","Ada County",1,29,7029,3596,3433
050,16,001,"Idaho","Ada County",1,30,7042,3497,3545
050,16,001,"Idaho","Ada County",1,31,6955,3489,3466
050,16,001,"Idaho","Ada County",1,32,6913,3457,3456
050,16,001,"Idaho","Ada County",1,33,7056,3576,3480
050,16,001,"Idaho","Ada County",1,34,7117,3684,3433
050,16,001,"Idaho","Ada County",1,35,7211,3652,3559
050,16,001,"Idaho","Ada County",1,36,7245,3738,3507
050,16,001,"Idaho","Ada County",1,37,7447,3770,3677
050,16,001,"Idaho","Ada County",1,38,7416,3787,3629
050,16,001,"Idaho","Ada County",1,39,7435,3823,3612
050,16,001,"Idaho","Ada County",1,40,7320,3760,3560
050,16,001,"Idaho","Ada County",1,41,7128,3639,3489
050,16,001,"Idaho","Ada County",1,42,6799,3447,3352
050,16,001,"Idaho","Ada County",1,43,6709,3428,3281
050,16,001,"Idaho","Ada County",1,44,6461,3307,3154
050,16,001,"Idaho","Ada County",1,45,6445,3315,3130
050,16,001,"Idaho","Ada County",1,46,6267,3269,2998
050,16,001,"Idaho","Ada County",1,47,6218,3212,3006
050,16,001,"Idaho","Ada County",1,48,6569,3468,3101
050,16,001,"Idaho","Ada County",1,49,6965,3649,3316
050,16,001,"Idaho","Ada County",1,50,6494,3352,3142
050,16,001,"Idaho","Ada County",1,51,6323,3263,3060
050,16,001,"Idaho","Ada County",1,52,5939,3094,2845
050,16,001,"Idaho","Ada County",1,53,5903,3024,2879
050,16,001,"Idaho","Ada County",1,54,5788,2940,2848
050,16,001,"Idaho","Ada County",1,55,5834,2933,2901
050,16,001,"Idaho","Ada County",1,56,6063,2965,3098
050,16,001,"Idaho","Ada County",1,57,6134,3022,3112
050,16,001,"Idaho","Ada County",1,58,6301,3151,3150
050,16,001,"Idaho","Ada County",1,59,6242,3081,3161
050,16,001,"Idaho","Ada County",1,60,5865,2920,2945
050,16,001,"Idaho","Ada County",1,61,5938,2908,3030
050,16,001,"Idaho","Ada County",1,62,5986,2908,3078
050,16,001,"Idaho","Ada County",1,63,5801,2801,3000
050,16,001,"Idaho","Ada County",1,64,5620,2631,2989
050,16,001,"Idaho","Ada County",1,65,5498,2618,2880
050,16,001,"Idaho","Ada County",1,66,5391,2626,2765
050,16,001,"Idaho","Ada County",1,67,5248,2516,2732
050,16,001,"Idaho","Ada County",1,68,5057,2392,2665
050,16,001,"Idaho","Ada County",1,69,4615,2168,2447
050,16,001,"Idaho","Ada County",1,70,4441,2118,2323
050,16,001,"Idaho","Ada County",1,71,4381,2072,2309
050,16,001,"Idaho","Ada County",1,72,4507,2209,2298
050,16,001,"Idaho","Ada County",1,73,4480,2192,2288
050,16,001,"Idaho","Ada County",1,74,3068,1466,1602
050,16,001,"Idaho","Ada County",1,75,2927,1409,1518
050,16,001,"Idaho","Ada County",1,76,2899,1352,1547
050,16,001,"Idaho","Ada County",1,77,2727,1260,1467
050,16,001,"Idaho","Ada County",1,78,2364,1084,1280
050,16,001,"Idaho","Ada County",1,79,2035,916,1119
050,16,001,"Idaho","Ada County",1,80,1877,849,1028
050,16,001,"Idaho","Ada County",1,81,1699,781,918
050,16,001,"Idaho","Ada County",1,82,1572,710,862
050,16,001,"Idaho","Ada County",1,83,1388,593,795
050,16,001,"Idaho","Ada County",1,84,1251,534,717
050,16,001,"Idaho","Ada County",1,85,7341,2812,4529
050,16,001,"Idaho","Ada County",2,0,4892,2500,2392
050,16,001,"Idaho","Ada County",2,1,4994,2523,2471
050,16,001,"Idaho","Ada County",2,2,5223,2668,2555
050,16,001,"Idaho","Ada County",2,3,5513,2809,2704
050,16,001,"Idaho","Ada County",2,4,5899,3014,2885
050,16,001,"Idaho","Ada County",2,5,6119,3151,2968
050,16,001,"Idaho","Ada County",2,6,6053,3154,2899
050,16,001,"Idaho","Ada County",2,7,6073,3129,2944
050,16,001,"Idaho","Ada County",2,8,6165,3139,3026
050,16,001,"Idaho","Ada County",2,9,6388,3256,3132
050,16,001,"Idaho","Ada County",2,10,6743,3425,3318
050,16,001,"Idaho","Ada County",2,11,7022,3580,3442
050,16,001,"Idaho","Ada County",2,12,7338,3792,3546
050,16,001,"Idaho","Ada County",2,13,7385,3793,3592
050,16,001,"Idaho","Ada County",2,14,7209,3672,3537
050,16,001,"Idaho","Ada County",2,15,7185,3673,3512
050,16,001,"Idaho","Ada County",2,16,7238,3722,3516
050,16,001,"Idaho","Ada County",2,17,6968,3590,3378
050,16,001,"Idaho","Ada County",2,18,6691,3441,3250
050,16,001,"Idaho","Ada County",2,19,6430,3321,3109
050,16,001,"Idaho","Ada County",2,20,5605,2940,2665
050,16,001,"Idaho","Ada County",2,21,5792,3054,2738
050,16,001,"Idaho","Ada County",2,22,6004,3115,2889
050,16,001,"Idaho","Ada County",2,23,6326,3249,3077
050,16,001,"Idaho","Ada County",2,24,6505,3392,3113
050,16,001,"Idaho","Ada County",2,25,6625,3501,3124
050,16,001,"Idaho","Ada County",2,26,6766,3558,3208
050,16,001,"Idaho","Ada County",2,27,6874,3614,3260
050,16,001,"Idaho","Ada County",2,28,6890,3574,3316
050,16,001,"Idaho","Ada County",2,29,7022,3587,3435
050,16,001,"Idaho","Ada County",2,30,7131,3566,3565
050,16,001,"Idaho","Ada County",2,31,6990,3500,3490
050,16,001,"Idaho","Ada County",2,32,6963,3481,3482
050,16,001,"Idaho","Ada County",2,33,7059,3565,3494
050,16,001,"Idaho","Ada County",2,34,7164,3681,3483
050,16,001,"Idaho","Ada County",2,35,7263,3706,3557
050,16,001,"Idaho","Ada County",2,36,7243,3717,3526
050,16,001,"Idaho","Ada County",2,37,7466,3801,3665
050,16,001,"Idaho","Ada County",2,38,7486,3815,3671
050,16,001,"Idaho","Ada County",2,39,7467,3839,3628
050,16,001,"Idaho","Ada County",2,40,7419,3804,3615
050,16,001,"Idaho","Ada County",2,41,7201,3681,3520
050,16,001,"Idaho","Ada County",2,42,6884,3492,3392
050,16,001,"Idaho","Ada County",2,43,6790,3467,3323
050,16,001,"Idaho","Ada County",2,44,6492,3321,3171
050,16,001,"Idaho","Ada County",2,45,6507,3349,3158
050,16,001,"Idaho","Ada County",2,46,6319,3287,3032
050,16,001,"Idaho","Ada County",2,47,6218,3219,2999
050,16,001,"Idaho","Ada County",2,48,6512,3423,3089
050,16,001,"Idaho","Ada County",2,49,6925,3625,3300
050,16,001,"Idaho","Ada County",2,50,6642,3442,3200
050,16,001,"Idaho","Ada County",2,51,6384,3289,3095
050,16,001,"Idaho","Ada County",2,52,6026,3135,2891
050,16,001,"Idaho","Ada County",2,53,5932,3048,2884
050,16,001,"Idaho","Ada County",2,54,5823,2971,2852
050,16,001,"Idaho","Ada County",2,55,5845,2942,2903
050,16,001,"Idaho","Ada County",2,56,6042,2977,3065
050,16,001,"Idaho","Ada County",2,57,6152,3021,3131
050,16,001,"Idaho","Ada County",2,58,6285,3125,3160
050,16,001,"Idaho","Ada County",2,59,6317,3129,3188
050,16,001,"Idaho","Ada County",2,60,5970,2962,3008
050,16,001,"Idaho","Ada County",2,61,5924,2903,3021
050,16,001,"Idaho","Ada County",2,62,6008,2928,3080
050,16,001,"Idaho","Ada County",2,63,5925,2858,3067
050,16,001,"Idaho","Ada County",2,64,5671,2670,3001
050,16,001,"Idaho","Ada County",2,65,5559,2634,2925
050,16,001,"Idaho","Ada County",2,66,5450,2634,2816
050,16,001,"Idaho","Ada County",2,67,5290,2539,2751
050,16,001,"Idaho","Ada County",2,68,5098,2422,2676
050,16,001,"Idaho","Ada County",2,69,4768,2239,2529
050,16,001,"Idaho","Ada County",2,70,4466,2122,2344
050,16,001,"Idaho","Ada County",2,71,4395,2074,2321
050,16,001,"Idaho","Ada County",2,72,4424,2149,2275
050,16,001,"Idaho","Ada County",2,73,4719,2298,2421
050,16,001,"Idaho","Ada County",2,74,3217,1553,1664
050,16,001,"Idaho","Ada County",2,75,2976,1427,1549
050,16,001,"Idaho","Ada County",2,76,2874,1350,1524
050,16,001,"Idaho","Ada County",2,77,2831,1310,1521
050,16,001,"Idaho","Ada County",2,78,2413,1111,1302
050,16,001,"Idaho","Ada County",2,79,2080,935,1145
050,16,001,"Idaho","Ada County",2,80,1915,869,1046
050,16,001,"Idaho","Ada County",2,81,1719,786,933
050,16,001,"Idaho","Ada County",2,82,1604,725,879
050,16,001,"Idaho","Ada County",2,83,1425,617,808
050,16,001,"Idaho","Ada County",2,84,1257,538,719
050,16,001,"Idaho","Ada County",2,85,7416,2839,4577
050,16,001,"Idaho","Ada County",3,0,4965,2560,2405
050,16,001,"Idaho","Ada County",3,1,5055,2569,2486
050,16,001,"Idaho","Ada County",3,2,5226,2651,2575
050,16,001,"Idaho","Ada County",3,3,5483,2786,2697
050,16,001,"Idaho","Ada County",3,4,5777,2940,2837
050,16,001,"Idaho","Ada County",3,5,6115,3111,3004
050,16,001,"Idaho","Ada County",3,6,6348,3253,3095
050,16,001,"Idaho","Ada County",3,7,6290,3283,3007
050,16,001,"Idaho","Ada County",3,8,6177,3158,3019
050,16,001,"Idaho","Ada County",3,9,6405,3266,3139
050,16,001,"Idaho","Ada County",3,10,6581,3347,3234
050,16,001,"Idaho","Ada County",3,11,6942,3530,3412
050,16,001,"Idaho","Ada County",3,12,7231,3718,3513
050,16,001,"Idaho","Ada County",3,13,7465,3860,3605
050,16,001,"Idaho","Ada County",3,14,7516,3871,3645
050,16,001,"Idaho","Ada County",3,15,7370,3747,3623
050,16,001,"Idaho","Ada County",3,16,7243,3685,3558
050,16,001,"Idaho","Ada County",3,17,7347,3803,3544
050,16,001,"Idaho","Ada County",3,18,6993,3619,3374
050,16,001,"Idaho","Ada County",3,19,6445,3325,3120
050,16,001,"Idaho","Ada County",3,20,5798,3004,2794
050,16,001,"Idaho","Ada County",3,21,6105,3161,2944
050,16,001,"Idaho","Ada County",3,22,6332,3322,3010
050,16,001,"Idaho","Ada County",3,23,6585,3424,3161
050,16,001,"Idaho","Ada County",3,24,6728,3490,3238
050,16,001,"Idaho","Ada County",3,25,6814,3623,3191
050,16,001,"Idaho","Ada County",3,26,6934,3671,3263
050,16,001,"Idaho","Ada County",3,27,7096,3755,3341
050,16,001,"Idaho","Ada County",3,28,6954,3598,3356
050,16,001,"Idaho","Ada County",3,29,7113,3703,3410
050,16,001,"Idaho","Ada County",3,30,7254,3716,3538
050,16,001,"Idaho","Ada County",3,31,7293,3657,3636
050,16,001,"Idaho","Ada County",3,32,7248,3600,3648
050,16,001,"Idaho","Ada County",3,33,7181,3598,3583
050,16,001,"Idaho","Ada County",3,34,7300,3709,3591
050,16,001,"Idaho","Ada County",3,35,7422,3821,3601
050,16,001,"Idaho","Ada County",3,36,7479,3801,3678
050,16,001,"Idaho","Ada County",3,37,7493,3834,3659
050,16,001,"Idaho","Ada County",3,38,7587,3845,3742
050,16,001,"Idaho","Ada County",3,39,7742,3980,3762
050,16,001,"Idaho","Ada County",3,40,7645,3897,3748
050,16,001,"Idaho","Ada County",3,41,7656,3920,3736
050,16,001,"Idaho","Ada County",3,42,7424,3764,3660
050,16,001,"Idaho","Ada County",3,43,7045,3590,3455
050,16,001,"Idaho","Ada County",3,44,6926,3546,3380
050,16,001,"Idaho","Ada County",3,45,6680,3435,3245
050,16,001,"Idaho","Ada County",3,46,6657,3468,3189
050,16,001,"Idaho","Ada County",3,47,6397,3315,3082
050,16,001,"Idaho","Ada County",3,48,6415,3331,3084
050,16,001,"Idaho","Ada County",3,49,6586,3441,3145
050,16,001,"Idaho","Ada County",3,50,7011,3667,3344
050,16,001,"Idaho","Ada County",3,51,6837,3514,3323
050,16,001,"Idaho","Ada County",3,52,6470,3340,3130
050,16,001,"Idaho","Ada County",3,53,6115,3169,2946
050,16,001,"Idaho","Ada County",3,54,6095,3152,2943
050,16,001,"Idaho","Ada County",3,55,5913,2997,2916
050,16,001,"Idaho","Ada County",3,56,5992,2994,2998
050,16,001,"Idaho","Ada County",3,57,6161,3020,3141
050,16,001,"Idaho","Ada County",3,58,6302,3097,3205
050,16,001,"Idaho","Ada County",3,59,6416,3205,3211
050,16,001,"Idaho","Ada County",3,60,6358,3117,3241
050,16,001,"Idaho","Ada County",3,61,6092,3031,3061
050,16,001,"Idaho","Ada County",3,62,6063,2977,3086
050,16,001,"Idaho","Ada County",3,63,6101,2949,3152
050,16,001,"Idaho","Ada County",3,64,6024,2875,3149
050,16,001,"Idaho","Ada County",3,65,5753,2730,3023
050,16,001,"Idaho","Ada County",3,66,5599,2643,2956
050,16,001,"Idaho","Ada County",3,67,5499,2650,2849
050,16,001,"Idaho","Ada County",3,68,5338,2538,2800
050,16,001,"Idaho","Ada County",3,69,5138,2423,2715
050,16,001,"Idaho","Ada County",3,70,4792,2250,2542
050,16,001,"Idaho","Ada County",3,71,4458,2128,2330
050,16,001,"Idaho","Ada County",3,72,4454,2109,2345
050,16,001,"Idaho","Ada County",3,73,4348,2082,2266
050,16,001,"Idaho","Ada County",3,74,4695,2293,2402
050,16,001,"Idaho","Ada County",3,75,3163,1521,1642
050,16,001,"Idaho","Ada County",3,76,3001,1432,1569
050,16,001,"Idaho","Ada County",3,77,2826,1319,1507
050,16,001,"Idaho","Ada County",3,78,2834,1316,1518
050,16,001,"Idaho","Ada County",3,79,2316,1041,1275
050,16,001,"Idaho","Ada County",3,80,2079,933,1146
050,16,001,"Idaho","Ada County",3,81,1811,815,996
050,16,001,"Idaho","Ada County",3,82,1661,744,917
050,16,001,"Idaho","Ada County",3,83,1558,694,864
050,16,001,"Idaho","Ada County",3,84,1339,593,746
050,16,001,"Idaho","Ada County",3,85,7550,2909,4641
050,16,001,"Idaho","Ada County",4,0,5000,2557,2443
050,16,001,"Idaho","Ada County",4,1,5028,2628,2400
050,16,001,"Idaho","Ada County",4,2,5128,2595,2533
050,16,001,"Idaho","Ada County",4,3,5350,2728,2622
050,16,001,"Idaho","Ada County",4,4,5630,2885,2745
050,16,001,"Idaho","Ada County",4,5,5826,2984,2842
050,16,001,"Idaho","Ada County",4,6,6234,3174,3060
050,16,001,"Idaho","Ada County",4,7,6428,3256,3172
050,16,001,"Idaho","Ada County",4,8,6363,3320,3043
050,16,001,"Idaho","Ada County",4,9,6288,3210,3078
050,16,001,"Idaho","Ada County",4,10,6492,3321,3171
050,16,001,"Idaho","Ada County",4,11,6613,3371,3242
050,16,001,"Idaho","Ada County",4,12,6980,3583,3397
050,16,001,"Idaho","Ada County",4,13,7221,3701,3520
050,16,001,"Idaho","Ada County",4,14,7449,3878,3571
050,16,001,"Idaho","Ada County",4,15,7462,3856,3606
050,16,001,"Idaho","Ada County",4,16,7388,3733,3655
050,16,001,"Idaho","Ada County",4,17,7247,3706,3541
050,16,001,"Idaho","Ada County",4,18,7167,3729,3438
050,16,001,"Idaho","Ada County",4,19,6477,3394,3083
050,16,001,"Idaho","Ada County",4,20,5644,2931,2713
050,16,001,"Idaho","Ada County",4,21,6148,3195,2953
050,16,001,"Idaho","Ada County",4,22,6599,3394,3205
050,16,001,"Idaho","Ada County",4,23,6991,3692,3299
050,16,001,"Idaho","Ada County",4,24,6931,3623,3308
050,16,001,"Idaho","Ada County",4,25,6988,3706,3282
050,16,001,"Idaho","Ada County",4,26,6990,3754,3236
050,16,001,"Idaho","Ada County",4,27,7128,3766,3362
050,16,001,"Idaho","Ada County",4,28,7128,3756,3372
050,16,001,"Idaho","Ada County",4,29,7027,3651,3376
050,16,001,"Idaho","Ada County",4,30,7205,3783,3422
050,16,001,"Idaho","Ada County",4,31,7246,3746,3500
050,16,001,"Idaho","Ada County",4,32,7423,3754,3669
050,16,001,"Idaho","Ada County",4,33,7283,3615,3668
050,16,001,"Idaho","Ada County",4,34,7193,3605,3588
050,16,001,"Idaho","Ada County",4,35,7365,3721,3644
050,16,001,"Idaho","Ada County",4,36,7529,3867,3662
050,16,001,"Idaho","Ada County",4,37,7554,3836,3718
050,16,001,"Idaho","Ada County",4,38,7518,3840,3678
050,16,001,"Idaho","Ada County",4,39,7710,3948,3762
050,16,001,"Idaho","Ada County",4,40,7733,3977,3756
050,16,001,"Idaho","Ada County",4,41,7710,3964,3746
050,16,001,"Idaho","Ada County",4,42,7725,3975,3750
050,16,001,"Idaho","Ada County",4,43,7439,3800,3639
050,16,001,"Idaho","Ada County",4,44,7098,3607,3491
050,16,001,"Idaho","Ada County",4,45,6946,3560,3386
050,16,001,"Idaho","Ada County",4,46,6721,3496,3225
050,16,001,"Idaho","Ada County",4,47,6652,3438,3214
050,16,001,"Idaho","Ada County",4,48,6429,3331,3098
050,16,001,"Idaho","Ada County",4,49,6345,3260,3085
050,16,001,"Idaho","Ada County",4,50,6590,3468,3122
050,16,001,"Idaho","Ada County",4,51,7040,3663,3377
050,16,001,"Idaho","Ada County",4,52,6843,3519,3324
050,16,001,"Idaho","Ada County",4,53,6489,3336,3153
050,16,001,"Idaho","Ada County",4,54,6195,3187,3008
050,16,001,"Idaho","Ada County",4,55,6132,3146,2986
050,16,001,"Idaho","Ada County",4,56,5932,2994,2938
050,16,001,"Idaho","Ada County",4,57,6024,2996,3028
050,16,001,"Idaho","Ada County",4,58,6143,3017,3126
050,16,001,"Idaho","Ada County",4,59,6316,3091,3225
050,16,001,"Idaho","Ada County",4,60,6404,3177,3227
050,16,001,"Idaho","Ada County",4,61,6421,3140,3281
050,16,001,"Idaho","Ada County",4,62,6183,3085,3098
050,16,001,"Idaho","Ada County",4,63,6020,2930,3090
050,16,001,"Idaho","Ada County",4,64,6076,2914,3162
050,16,001,"Idaho","Ada County",4,65,6080,2933,3147
050,16,001,"Idaho","Ada County",4,66,5722,2698,3024
050,16,001,"Idaho","Ada County",4,67,5563,2632,2931
050,16,001,"Idaho","Ada County",4,68,5485,2636,2849
050,16,001,"Idaho","Ada County",4,69,5304,2498,2806
050,16,001,"Idaho","Ada County",4,70,5066,2382,2684
050,16,001,"Idaho","Ada County",4,71,4722,2196,2526
050,16,001,"Idaho","Ada County",4,72,4461,2129,2332
050,16,001,"Idaho","Ada County",4,73,4338,2024,2314
050,16,001,"Idaho","Ada County",4,74,4317,2071,2246
050,16,001,"Idaho","Ada County",4,75,4604,2219,2385
050,16,001,"Idaho","Ada County",4,76,3131,1500,1631
050,16,001,"Idaho","Ada County",4,77,2916,1382,1534
050,16,001,"Idaho","Ada County",4,78,2807,1325,1482
050,16,001,"Idaho","Ada County",4,79,2701,1217,1484
050,16,001,"Idaho","Ada County",4,80,2295,1036,1259
050,16,001,"Idaho","Ada County",4,81,1977,885,1092
050,16,001,"Idaho","Ada County",4,82,1740,764,976
050,16,001,"Idaho","Ada County",4,83,1622,705,917
050,16,001,"Idaho","Ada County",4,84,1444,634,810
050,16,001,"Idaho","Ada County",4,85,7732,3021,4711
050,16,001,"Idaho","Ada County",5,0,5059,2595,2464
050,16,001,"Idaho","Ada County",5,1,5107,2626,2481
050,16,001,"Idaho","Ada County",5,2,5106,2631,2475
050,16,001,"Idaho","Ada County",5,3,5275,2703,2572
050,16,001,"Idaho","Ada County",5,4,5437,2811,2626
050,16,001,"Idaho","Ada County",5,5,5680,2913,2767
050,16,001,"Idaho","Ada County",5,6,5985,3014,2971
050,16,001,"Idaho","Ada County",5,7,6310,3192,3118
050,16,001,"Idaho","Ada County",5,8,6466,3291,3175
050,16,001,"Idaho","Ada County",5,9,6378,3328,3050
050,16,001,"Idaho","Ada County",5,10,6297,3216,3081
050,16,001,"Idaho","Ada County",5,11,6507,3361,3146
050,16,001,"Idaho","Ada County",5,12,6640,3381,3259
050,16,001,"Idaho","Ada County",5,13,6974,3589,3385
050,16,001,"Idaho","Ada County",5,14,7279,3738,3541
050,16,001,"Idaho","Ada County",5,15,7456,3895,3561
050,16,001,"Idaho","Ada County",5,16,7482,3862,3620
050,16,001,"Idaho","Ada County",5,17,7380,3722,3658
050,16,001,"Idaho","Ada County",5,18,7069,3641,3428
050,16,001,"Idaho","Ada County",5,19,6631,3440,3191
050,16,001,"Idaho","Ada County",5,20,5788,3058,2730
050,16,001,"Idaho","Ada County",5,21,6123,3170,2953
050,16,001,"Idaho","Ada County",5,22,6752,3481,3271
050,16,001,"Idaho","Ada County",5,23,7195,3681,3514
050,16,001,"Idaho","Ada County",5,24,7372,3905,3467
050,16,001,"Idaho","Ada County",5,25,7174,3823,3351
050,16,001,"Idaho","Ada County",5,26,7223,3789,3434
050,16,001,"Idaho","Ada County",5,27,7080,3818,3262
050,16,001,"Idaho","Ada County",5,28,7235,3811,3424
050,16,001,"Idaho","Ada County",5,29,7154,3784,3370
050,16,001,"Idaho","Ada County",5,30,7115,3710,3405
050,16,001,"Idaho","Ada County",5,31,7216,3781,3435
050,16,001,"Idaho","Ada County",5,32,7337,3791,3546
050,16,001,"Idaho","Ada County",5,33,7394,3765,3629
050,16,001,"Idaho","Ada County",5,34,7361,3663,3698
050,16,001,"Idaho","Ada County",5,35,7253,3618,3635
050,16,001,"Idaho","Ada County",5,36,7487,3796,3691
050,16,001,"Idaho","Ada County",5,37,7481,3870,3611
050,16,001,"Idaho","Ada County",5,38,7544,3824,3720
050,16,001,"Idaho","Ada County",5,39,7537,3861,3676
050,16,001,"Idaho","Ada County",5,40,7711,3940,3771
050,16,001,"Idaho","Ada County",5,41,7777,3987,3790
050,16,001,"Idaho","Ada County",5,42,7758,3967,3791
050,16,001,"Idaho","Ada County",5,43,7780,4016,3764
050,16,001,"Idaho","Ada County",5,44,7447,3786,3661
050,16,001,"Idaho","Ada County",5,45,7111,3600,3511
050,16,001,"Idaho","Ada County",5,46,7030,3642,3388
050,16,001,"Idaho","Ada County",5,47,6729,3478,3251
050,16,001,"Idaho","Ada County",5,48,6669,3456,3213
050,16,001,"Idaho","Ada County",5,49,6392,3293,3099
050,16,001,"Idaho","Ada County",5,50,6352,3261,3091
050,16,001,"Idaho","Ada County",5,51,6606,3450,3156
050,16,001,"Idaho","Ada County",5,52,6963,3637,3326
050,16,001,"Idaho","Ada County",5,53,6858,3489,3369
050,16,001,"Idaho","Ada County",5,54,6502,3276,3226
050,16,001,"Idaho","Ada County",5,55,6183,3178,3005
050,16,001,"Idaho","Ada County",5,56,6149,3131,3018
050,16,001,"Idaho","Ada County",5,57,5899,2968,2931
050,16,001,"Idaho","Ada County",5,58,6011,2986,3025
050,16,001,"Idaho","Ada County",5,59,6171,3021,3150
050,16,001,"Idaho","Ada County",5,60,6242,3048,3194
050,16,001,"Idaho","Ada County",5,61,6367,3153,3214
050,16,001,"Idaho","Ada County",5,62,6458,3188,3270
050,16,001,"Idaho","Ada County",5,63,6151,3031,3120
050,16,001,"Idaho","Ada County",5,64,5982,2877,3105
050,16,001,"Idaho","Ada County",5,65,6066,2895,3171
050,16,001,"Idaho","Ada County",5,66,6027,2914,3113
050,16,001,"Idaho","Ada County",5,67,5707,2681,3026
050,16,001,"Idaho","Ada County",5,68,5529,2612,2917
050,16,001,"Idaho","Ada County",5,69,5455,2599,2856
050,16,001,"Idaho","Ada County",5,70,5292,2474,2818
050,16,001,"Idaho","Ada County",5,71,4990,2345,2645
050,16,001,"Idaho","Ada County",5,72,4733,2197,2536
050,16,001,"Idaho","Ada County",5,73,4390,2074,2316
050,16,001,"Idaho","Ada County",5,74,4288,1995,2293
050,16,001,"Idaho","Ada County",5,75,4249,2024,2225
050,16,001,"Idaho","Ada County",5,76,4563,2185,2378
050,16,001,"Idaho","Ada County",5,77,3068,1461,1607
050,16,001,"Idaho","Ada County",5,78,2893,1374,1519
050,16,001,"Idaho","Ada County",5,79,2697,1249,1448
050,16,001,"Idaho","Ada County",5,80,2682,1203,1479
050,16,001,"Idaho","Ada County",5,81,2206,990,1216
050,16,001,"Idaho","Ada County",5,82,1922,851,1071
050,16,001,"Idaho","Ada County",5,83,1721,742,979
050,16,001,"Idaho","Ada County",5,84,1513,655,858
050,16,001,"Idaho","Ada County",5,85,8045,3190,4855
050,16,003,"Idaho","Adams County",1,0,31,16,15
050,16,003,"Idaho","Adams County",1,1,29,17,12
050,16,003,"Idaho","Adams County",1,2,40,23,17
050,16,003,"Idaho","Adams County",1,3,37,19,18
050,16,003,"Idaho","Adams County",1,4,33,12,21
050,16,003,"Idaho","Adams County",1,5,34,15,19
050,16,003,"Idaho","Adams County",1,6,37,19,18
050,16,003,"Idaho","Adams County",1,7,43,29,14
050,16,003,"Idaho","Adams County",1,8,42,25,17
050,16,003,"Idaho","Adams County",1,9,48,31,17
050,16,003,"Idaho","Adams County",1,10,48,27,21
050,16,003,"Idaho","Adams County",1,11,46,22,24
050,16,003,"Idaho","Adams County",1,12,49,30,19
050,16,003,"Idaho","Adams County",1,13,50,24,26
050,16,003,"Idaho","Adams County",1,14,42,21,21
050,16,003,"Idaho","Adams County",1,15,53,30,23
050,16,003,"Idaho","Adams County",1,16,48,24,24
050,16,003,"Idaho","Adams County",1,17,47,21,26
050,16,003,"Idaho","Adams County",1,18,38,20,18
050,16,003,"Idaho","Adams County",1,19,21,11,10
050,16,003,"Idaho","Adams County",1,20,29,15,14
050,16,003,"Idaho","Adams County",1,21,26,16,10
050,16,003,"Idaho","Adams County",1,22,33,15,18
050,16,003,"Idaho","Adams County",1,23,33,17,16
050,16,003,"Idaho","Adams County",1,24,35,21,14
050,16,003,"Idaho","Adams County",1,25,34,15,19
050,16,003,"Idaho","Adams County",1,26,37,20,17
050,16,003,"Idaho","Adams County",1,27,41,25,16
050,16,003,"Idaho","Adams County",1,28,38,22,16
050,16,003,"Idaho","Adams County",1,29,35,16,19
050,16,003,"Idaho","Adams County",1,30,45,25,20
050,16,003,"Idaho","Adams County",1,31,37,23,14
050,16,003,"Idaho","Adams County",1,32,34,17,17
050,16,003,"Idaho","Adams County",1,33,38,21,17
050,16,003,"Idaho","Adams County",1,34,38,23,15
050,16,003,"Idaho","Adams County",1,35,36,18,18
050,16,003,"Idaho","Adams County",1,36,42,20,22
050,16,003,"Idaho","Adams County",1,37,35,19,16
050,16,003,"Idaho","Adams County",1,38,40,21,19
050,16,003,"Idaho","Adams County",1,39,42,22,20
050,16,003,"Idaho","Adams County",1,40,43,25,18
050,16,003,"Idaho","Adams County",1,41,46,28,18
050,16,003,"Idaho","Adams County",1,42,46,25,21
050,16,003,"Idaho","Adams County",1,43,40,21,19
050,16,003,"Idaho","Adams County",1,44,38,21,17
050,16,003,"Idaho","Adams County",1,45,40,18,22
050,16,003,"Idaho","Adams County",1,46,47,27,20
050,16,003,"Idaho","Adams County",1,47,41,21,20
050,16,003,"Idaho","Adams County",1,48,51,27,24
050,16,003,"Idaho","Adams County",1,49,33,18,15
050,16,003,"Idaho","Adams County",1,50,36,18,18
050,16,003,"Idaho","Adams County",1,51,60,35,25
050,16,003,"Idaho","Adams County",1,52,42,14,28
050,16,003,"Idaho","Adams County",1,53,42,21,21
050,16,003,"Idaho","Adams County",1,54,49,22,27
050,16,003,"Idaho","Adams County",1,55,50,28,22
050,16,003,"Idaho","Adams County",1,56,66,38,28
050,16,003,"Idaho","Adams County",1,57,77,34,43
050,16,003,"Idaho","Adams County",1,58,79,37,42
050,16,003,"Idaho","Adams County",1,59,89,36,53
050,16,003,"Idaho","Adams County",1,60,80,38,42
050,16,003,"Idaho","Adams County",1,61,90,41,49
050,16,003,"Idaho","Adams County",1,62,100,50,50
050,16,003,"Idaho","Adams County",1,63,117,62,55
050,16,003,"Idaho","Adams County",1,64,125,64,61
050,16,003,"Idaho","Adams County",1,65,114,61,53
050,16,003,"Idaho","Adams County",1,66,101,59,42
050,16,003,"Idaho","Adams County",1,67,98,53,45
050,16,003,"Idaho","Adams County",1,68,95,44,51
050,16,003,"Idaho","Adams County",1,69,93,49,44
050,16,003,"Idaho","Adams County",1,70,92,54,38
050,16,003,"Idaho","Adams County",1,71,82,47,35
050,16,003,"Idaho","Adams County",1,72,74,43,31
050,16,003,"Idaho","Adams County",1,73,71,39,32
050,16,003,"Idaho","Adams County",1,74,43,23,20
050,16,003,"Idaho","Adams County",1,75,52,27,25
050,16,003,"Idaho","Adams County",1,76,57,32,25
050,16,003,"Idaho","Adams County",1,77,53,35,18
050,16,003,"Idaho","Adams County",1,78,35,20,15
050,16,003,"Idaho","Adams County",1,79,31,16,15
050,16,003,"Idaho","Adams County",1,80,36,15,21
050,16,003,"Idaho","Adams County",1,81,29,13,16
050,16,003,"Idaho","Adams County",1,82,23,13,10
050,16,003,"Idaho","Adams County",1,83,22,13,9
050,16,003,"Idaho","Adams County",1,84,21,15,6
050,16,003,"Idaho","Adams County",1,85,89,38,51
050,16,003,"Idaho","Adams County",2,0,37,17,20
050,16,003,"Idaho","Adams County",2,1,30,18,12
050,16,003,"Idaho","Adams County",2,2,38,22,16
050,16,003,"Idaho","Adams County",2,3,38,19,19
050,16,003,"Idaho","Adams County",2,4,33,13,20
050,16,003,"Idaho","Adams County",2,5,34,14,20
050,16,003,"Idaho","Adams County",2,6,38,19,19
050,16,003,"Idaho","Adams County",2,7,42,27,15
050,16,003,"Idaho","Adams County",2,8,41,25,16
050,16,003,"Idaho","Adams County",2,9,47,30,17
050,16,003,"Idaho","Adams County",2,10,48,28,20
050,16,003,"Idaho","Adams County",2,11,48,25,23
050,16,003,"Idaho","Adams County",2,12,51,30,21
050,16,003,"Idaho","Adams County",2,13,49,25,24
050,16,003,"Idaho","Adams County",2,14,45,23,22
050,16,003,"Idaho","Adams County",2,15,51,29,22
050,16,003,"Idaho","Adams County",2,16,50,26,24
050,16,003,"Idaho","Adams County",2,17,46,21,25
050,16,003,"Idaho","Adams County",2,18,38,19,19
050,16,003,"Idaho","Adams County",2,19,23,12,11
050,16,003,"Idaho","Adams County",2,20,29,15,14
050,16,003,"Idaho","Adams County",2,21,27,16,11
050,16,003,"Idaho","Adams County",2,22,32,15,17
050,16,003,"Idaho","Adams County",2,23,35,18,17
050,16,003,"Idaho","Adams County",2,24,36,21,15
050,16,003,"Idaho","Adams County",2,25,36,17,19
050,16,003,"Idaho","Adams County",2,26,37,20,17
050,16,003,"Idaho","Adams County",2,27,41,25,16
050,16,003,"Idaho","Adams County",2,28,39,23,16
050,16,003,"Idaho","Adams County",2,29,37,19,18
050,16,003,"Idaho","Adams County",2,30,45,24,21
050,16,003,"Idaho","Adams County",2,31,38,23,15
050,16,003,"Idaho","Adams County",2,32,35,19,16
050,16,003,"Idaho","Adams County",2,33,37,20,17
050,16,003,"Idaho","Adams County",2,34,40,24,16
050,16,003,"Idaho","Adams County",2,35,37,19,18
050,16,003,"Idaho","Adams County",2,36,41,19,22
050,16,003,"Idaho","Adams County",2,37,37,19,18
050,16,003,"Idaho","Adams County",2,38,39,21,18
050,16,003,"Idaho","Adams County",2,39,42,22,20
050,16,003,"Idaho","Adams County",2,40,44,25,19
050,16,003,"Idaho","Adams County",2,41,47,29,18
050,16,003,"Idaho","Adams County",2,42,47,26,21
050,16,003,"Idaho","Adams County",2,43,44,23,21
050,16,003,"Idaho","Adams County",2,44,39,21,18
050,16,003,"Idaho","Adams County",2,45,41,19,22
050,16,003,"Idaho","Adams County",2,46,45,25,20
050,16,003,"Idaho","Adams County",2,47,44,23,21
050,16,003,"Idaho","Adams County",2,48,48,25,23
050,16,003,"Idaho","Adams County",2,49,37,20,17
050,16,003,"Idaho","Adams County",2,50,36,17,19
050,16,003,"Idaho","Adams County",2,51,53,30,23
050,16,003,"Idaho","Adams County",2,52,45,18,27
050,16,003,"Idaho","Adams County",2,53,42,19,23
050,16,003,"Idaho","Adams County",2,54,48,22,26
050,16,003,"Idaho","Adams County",2,55,51,27,24
050,16,003,"Idaho","Adams County",2,56,64,36,28
050,16,003,"Idaho","Adams County",2,57,74,35,39
050,16,003,"Idaho","Adams County",2,58,80,36,44
050,16,003,"Idaho","Adams County",2,59,88,37,51
050,16,003,"Idaho","Adams County",2,60,84,39,45
050,16,003,"Idaho","Adams County",2,61,87,40,47
050,16,003,"Idaho","Adams County",2,62,97,48,49
050,16,003,"Idaho","Adams County",2,63,117,61,56
050,16,003,"Idaho","Adams County",2,64,123,64,59
050,16,003,"Idaho","Adams County",2,65,117,62,55
050,16,003,"Idaho","Adams County",2,66,106,60,46
050,16,003,"Idaho","Adams County",2,67,101,55,46
050,16,003,"Idaho","Adams County",2,68,96,47,49
050,16,003,"Idaho","Adams County",2,69,95,50,45
050,16,003,"Idaho","Adams County",2,70,95,54,41
050,16,003,"Idaho","Adams County",2,71,82,47,35
050,16,003,"Idaho","Adams County",2,72,74,43,31
050,16,003,"Idaho","Adams County",2,73,75,42,33
050,16,003,"Idaho","Adams County",2,74,46,25,21
050,16,003,"Idaho","Adams County",2,75,51,26,25
050,16,003,"Idaho","Adams County",2,76,54,30,24
050,16,003,"Idaho","Adams County",2,77,54,35,19
050,16,003,"Idaho","Adams County",2,78,37,22,15
050,16,003,"Idaho","Adams County",2,79,32,17,15
050,16,003,"Idaho","Adams County",2,80,35,15,20
050,16,003,"Idaho","Adams County",2,81,30,14,16
050,16,003,"Idaho","Adams County",2,82,24,13,11
050,16,003,"Idaho","Adams County",2,83,20,11,9
050,16,003,"Idaho","Adams County",2,84,21,14,7
050,16,003,"Idaho","Adams County",2,85,91,40,51
050,16,003,"Idaho","Adams County",3,0,29,8,21
050,16,003,"Idaho","Adams County",3,1,40,21,19
050,16,003,"Idaho","Adams County",3,2,39,20,19
050,16,003,"Idaho","Adams County",3,3,34,20,14
050,16,003,"Idaho","Adams County",3,4,42,26,16
050,16,003,"Idaho","Adams County",3,5,36,13,23
050,16,003,"Idaho","Adams County",3,6,34,17,17
050,16,003,"Idaho","Adams County",3,7,38,18,20
050,16,003,"Idaho","Adams County",3,8,49,32,17
050,16,003,"Idaho","Adams County",3,9,40,23,17
050,16,003,"Idaho","Adams County",3,10,49,30,19
050,16,003,"Idaho","Adams County",3,11,47,25,22
050,16,003,"Idaho","Adams County",3,12,48,26,22
050,16,003,"Idaho","Adams County",3,13,51,29,22
050,16,003,"Idaho","Adams County",3,14,61,32,29
050,16,003,"Idaho","Adams County",3,15,49,27,22
050,16,003,"Idaho","Adams County",3,16,53,28,25
050,16,003,"Idaho","Adams County",3,17,54,29,25
050,16,003,"Idaho","Adams County",3,18,37,17,20
050,16,003,"Idaho","Adams County",3,19,34,18,16
050,16,003,"Idaho","Adams County",3,20,33,21,12
050,16,003,"Idaho","Adams County",3,21,30,16,14
050,16,003,"Idaho","Adams County",3,22,29,18,11
050,16,003,"Idaho","Adams County",3,23,30,15,15
050,16,003,"Idaho","Adams County",3,24,37,18,19
050,16,003,"Idaho","Adams County",3,25,39,21,18
050,16,003,"Idaho","Adams County",3,26,38,21,17
050,16,003,"Idaho","Adams County",3,27,34,18,16
050,16,003,"Idaho","Adams County",3,28,45,24,21
050,16,003,"Idaho","Adams County",3,29,45,26,19
050,16,003,"Idaho","Adams County",3,30,45,20,25
050,16,003,"Idaho","Adams County",3,31,41,22,19
050,16,003,"Idaho","Adams County",3,32,39,24,15
050,16,003,"Idaho","Adams County",3,33,36,21,15
050,16,003,"Idaho","Adams County",3,34,39,20,19
050,16,003,"Idaho","Adams County",3,35,44,27,17
050,16,003,"Idaho","Adams County",3,36,40,22,18
050,16,003,"Idaho","Adams County",3,37,38,17,21
050,16,003,"Idaho","Adams County",3,38,43,23,20
050,16,003,"Idaho","Adams County",3,39,43,26,17
050,16,003,"Idaho","Adams County",3,40,49,26,23
050,16,003,"Idaho","Adams County",3,41,49,29,20
050,16,003,"Idaho","Adams County",3,42,51,28,23
050,16,003,"Idaho","Adams County",3,43,46,27,19
050,16,003,"Idaho","Adams County",3,44,42,22,20
050,16,003,"Idaho","Adams County",3,45,48,24,24
050,16,003,"Idaho","Adams County",3,46,46,23,23
050,16,003,"Idaho","Adams County",3,47,48,27,21
050,16,003,"Idaho","Adams County",3,48,44,23,21
050,16,003,"Idaho","Adams County",3,49,57,31,26
050,16,003,"Idaho","Adams County",3,50,38,19,19
050,16,003,"Idaho","Adams County",3,51,46,24,22
050,16,003,"Idaho","Adams County",3,52,63,32,31
050,16,003,"Idaho","Adams County",3,53,51,21,30
050,16,003,"Idaho","Adams County",3,54,48,23,25
050,16,003,"Idaho","Adams County",3,55,58,28,30
050,16,003,"Idaho","Adams County",3,56,56,27,29
050,16,003,"Idaho","Adams County",3,57,82,51,31
050,16,003,"Idaho","Adams County",3,58,70,33,37
050,16,003,"Idaho","Adams County",3,59,91,37,54
050,16,003,"Idaho","Adams County",3,60,99,47,52
050,16,003,"Idaho","Adams County",3,61,87,39,48
050,16,003,"Idaho","Adams County",3,62,87,41,46
050,16,003,"Idaho","Adams County",3,63,99,48,51
050,16,003,"Idaho","Adams County",3,64,120,63,57
050,16,003,"Idaho","Adams County",3,65,121,64,57
050,16,003,"Idaho","Adams County",3,66,116,61,55
050,16,003,"Idaho","Adams County",3,67,103,57,46
050,16,003,"Idaho","Adams County",3,68,100,53,47
050,16,003,"Idaho","Adams County",3,69,92,46,46
050,16,003,"Idaho","Adams County",3,70,98,52,46
050,16,003,"Idaho","Adams County",3,71,99,56,43
050,16,003,"Idaho","Adams County",3,72,82,47,35
050,16,003,"Idaho","Adams County",3,73,72,43,29
050,16,003,"Idaho","Adams County",3,74,76,44,32
050,16,003,"Idaho","Adams County",3,75,45,25,20
050,16,003,"Idaho","Adams County",3,76,47,23,24
050,16,003,"Idaho","Adams County",3,77,53,28,25
050,16,003,"Idaho","Adams County",3,78,50,30,20
050,16,003,"Idaho","Adams County",3,79,34,19,15
050,16,003,"Idaho","Adams County",3,80,31,17,14
050,16,003,"Idaho","Adams County",3,81,30,11,19
050,16,003,"Idaho","Adams County",3,82,22,10,12
050,16,003,"Idaho","Adams County",3,83,23,12,11
050,16,003,"Idaho","Adams County",3,84,16,8,8
050,16,003,"Idaho","Adams County",3,85,106,52,54
050,16,003,"Idaho","Adams County",4,0,29,13,16
050,16,003,"Idaho","Adams County",4,1,33,12,21
050,16,003,"Idaho","Adams County",4,2,38,17,21
050,16,003,"Idaho","Adams County",4,3,42,26,16
050,16,003,"Idaho","Adams County",4,4,37,22,15
050,16,003,"Idaho","Adams County",4,5,52,30,22
050,16,003,"Idaho","Adams County",4,6,39,17,22
050,16,003,"Idaho","Adams County",4,7,36,16,20
050,16,003,"Idaho","Adams County",4,8,42,18,24
050,16,003,"Idaho","Adams County",4,9,46,31,15
050,16,003,"Idaho","Adams County",4,10,49,28,21
050,16,003,"Idaho","Adams County",4,11,46,28,18
050,16,003,"Idaho","Adams County",4,12,56,27,29
050,16,003,"Idaho","Adams County",4,13,50,28,22
050,16,003,"Idaho","Adams County",4,14,58,33,25
050,16,003,"Idaho","Adams County",4,15,62,33,29
050,16,003,"Idaho","Adams County",4,16,55,28,27
050,16,003,"Idaho","Adams County",4,17,57,30,27
050,16,003,"Idaho","Adams County",4,18,49,25,24
050,16,003,"Idaho","Adams County",4,19,29,13,16
050,16,003,"Idaho","Adams County",4,20,35,19,16
050,16,003,"Idaho","Adams County",4,21,31,19,12
050,16,003,"Idaho","Adams County",4,22,31,16,15
050,16,003,"Idaho","Adams County",4,23,31,21,10
050,16,003,"Idaho","Adams County",4,24,40,17,23
050,16,003,"Idaho","Adams County",4,25,37,19,18
050,16,003,"Idaho","Adams County",4,26,44,25,19
050,16,003,"Idaho","Adams County",4,27,37,21,16
050,16,003,"Idaho","Adams County",4,28,29,14,15
050,16,003,"Idaho","Adams County",4,29,49,26,23
050,16,003,"Idaho","Adams County",4,30,50,24,26
050,16,003,"Idaho","Adams County",4,31,45,25,20
050,16,003,"Idaho","Adams County",4,32,43,21,22
050,16,003,"Idaho","Adams County",4,33,43,26,17
050,16,003,"Idaho","Adams County",4,34,39,24,15
050,16,003,"Idaho","Adams County",4,35,43,23,20
050,16,003,"Idaho","Adams County",4,36,48,26,22
050,16,003,"Idaho","Adams County",4,37,49,29,20
050,16,003,"Idaho","Adams County",4,38,37,18,19
050,16,003,"Idaho","Adams County",4,39,51,25,26
050,16,003,"Idaho","Adams County",4,40,52,30,22
050,16,003,"Idaho","Adams County",4,41,56,33,23
050,16,003,"Idaho","Adams County",4,42,49,28,21
050,16,003,"Idaho","Adams County",4,43,56,30,26
050,16,003,"Idaho","Adams County",4,44,48,29,19
050,16,003,"Idaho","Adams County",4,45,41,17,24
050,16,003,"Idaho","Adams County",4,46,55,28,27
050,16,003,"Idaho","Adams County",4,47,46,22,24
050,16,003,"Idaho","Adams County",4,48,53,29,24
050,16,003,"Idaho","Adams County",4,49,47,25,22
050,16,003,"Idaho","Adams County",4,50,55,29,26
050,16,003,"Idaho","Adams County",4,51,42,22,20
050,16,003,"Idaho","Adams County",4,52,51,28,23
050,16,003,"Idaho","Adams County",4,53,67,38,29
050,16,003,"Idaho","Adams County",4,54,61,24,37
050,16,003,"Idaho","Adams County",4,55,48,22,26
050,16,003,"Idaho","Adams County",4,56,56,25,31
050,16,003,"Idaho","Adams County",4,57,58,29,29
050,16,003,"Idaho","Adams County",4,58,85,54,31
050,16,003,"Idaho","Adams County",4,59,73,34,39
050,16,003,"Idaho","Adams County",4,60,94,39,55
050,16,003,"Idaho","Adams County",4,61,103,53,50
050,16,003,"Idaho","Adams County",4,62,88,39,49
050,16,003,"Idaho","Adams County",4,63,89,43,46
050,16,003,"Idaho","Adams County",4,64,103,51,52
050,16,003,"Idaho","Adams County",4,65,120,59,61
050,16,003,"Idaho","Adams County",4,66,120,65,55
050,16,003,"Idaho","Adams County",4,67,122,63,59
050,16,003,"Idaho","Adams County",4,68,103,55,48
050,16,003,"Idaho","Adams County",4,69,96,52,44
050,16,003,"Idaho","Adams County",4,70,91,47,44
050,16,003,"Idaho","Adams County",4,71,101,54,47
050,16,003,"Idaho","Adams County",4,72,92,51,41
050,16,003,"Idaho","Adams County",4,73,86,51,35
050,16,003,"Idaho","Adams County",4,74,68,41,27
050,16,003,"Idaho","Adams County",4,75,77,43,34
050,16,003,"Idaho","Adams County",4,76,41,22,19
050,16,003,"Idaho","Adams County",4,77,50,23,27
050,16,003,"Idaho","Adams County",4,78,51,26,25
050,16,003,"Idaho","Adams County",4,79,45,26,19
050,16,003,"Idaho","Adams County",4,80,32,18,14
050,16,003,"Idaho","Adams County",4,81,23,9,14
050,16,003,"Idaho","Adams County",4,82,28,11,17
050,16,003,"Idaho","Adams County",4,83,19,8,11
050,16,003,"Idaho","Adams County",4,84,18,9,9
050,16,003,"Idaho","Adams County",4,85,115,59,56
050,16,003,"Idaho","Adams County",5,0,27,12,15
050,16,003,"Idaho","Adams County",5,1,22,13,9
050,16,003,"Idaho","Adams County",5,2,33,13,20
050,16,003,"Idaho","Adams County",5,3,41,20,21
050,16,003,"Idaho","Adams County",5,4,44,26,18
050,16,003,"Idaho","Adams County",5,5,38,21,17
050,16,003,"Idaho","Adams County",5,6,59,34,25
050,16,003,"Idaho","Adams County",5,7,38,16,22
050,16,003,"Idaho","Adams County",5,8,40,18,22
050,16,003,"Idaho","Adams County",5,9,40,17,23
050,16,003,"Idaho","Adams County",5,10,55,36,19
050,16,003,"Idaho","Adams County",5,11,51,30,21
050,16,003,"Idaho","Adams County",5,12,59,38,21
050,16,003,"Idaho","Adams County",5,13,59,31,28
050,16,003,"Idaho","Adams County",5,14,55,30,25
050,16,003,"Idaho","Adams County",5,15,60,32,28
050,16,003,"Idaho","Adams County",5,16,62,33,29
050,16,003,"Idaho","Adams County",5,17,58,30,28
050,16,003,"Idaho","Adams County",5,18,47,24,23
050,16,003,"Idaho","Adams County",5,19,37,21,16
050,16,003,"Idaho","Adams County",5,20,34,17,17
050,16,003,"Idaho","Adams County",5,21,37,20,17
050,16,003,"Idaho","Adams County",5,22,37,21,16
050,16,003,"Idaho","Adams County",5,23,36,18,18
050,16,003,"Idaho","Adams County",5,24,37,26,11
050,16,003,"Idaho","Adams County",5,25,41,18,23
050,16,003,"Idaho","Adams County",5,26,35,17,18
050,16,003,"Idaho","Adams County",5,27,40,22,18
050,16,003,"Idaho","Adams County",5,28,35,21,14
050,16,003,"Idaho","Adams County",5,29,31,15,16
050,16,003,"Idaho","Adams County",5,30,47,27,20
050,16,003,"Idaho","Adams County",5,31,53,26,27
050,16,003,"Idaho","Adams County",5,32,49,25,24
050,16,003,"Idaho","Adams County",5,33,41,21,20
050,16,003,"Idaho","Adams County",5,34,47,30,17
050,16,003,"Idaho","Adams County",5,35,47,28,19
050,16,003,"Idaho","Adams County",5,36,56,25,31
050,16,003,"Idaho","Adams County",5,37,55,30,25
050,16,003,"Idaho","Adams County",5,38,46,26,20
050,16,003,"Idaho","Adams County",5,39,38,20,18
050,16,003,"Idaho","Adams County",5,40,53,25,28
050,16,003,"Idaho","Adams County",5,41,54,29,25
050,16,003,"Idaho","Adams County",5,42,53,30,23
050,16,003,"Idaho","Adams County",5,43,51,30,21
050,16,003,"Idaho","Adams County",5,44,61,32,29
050,16,003,"Idaho","Adams County",5,45,50,29,21
050,16,003,"Idaho","Adams County",5,46,45,21,24
050,16,003,"Idaho","Adams County",5,47,54,28,26
050,16,003,"Idaho","Adams County",5,48,49,22,27
050,16,003,"Idaho","Adams County",5,49,52,31,21
050,16,003,"Idaho","Adams County",5,50,48,25,23
050,16,003,"Idaho","Adams County",5,51,58,29,29
050,16,003,"Idaho","Adams County",5,52,46,22,24
050,16,003,"Idaho","Adams County",5,53,55,29,26
050,16,003,"Idaho","Adams County",5,54,71,40,31
050,16,003,"Idaho","Adams County",5,55,65,26,39
050,16,003,"Idaho","Adams County",5,56,55,27,28
050,16,003,"Idaho","Adams County",5,57,60,24,36
050,16,003,"Idaho","Adams County",5,58,64,33,31
050,16,003,"Idaho","Adams County",5,59,89,58,31
050,16,003,"Idaho","Adams County",5,60,77,35,42
050,16,003,"Idaho","Adams County",5,61,97,44,53
050,16,003,"Idaho","Adams County",5,62,97,49,48
050,16,003,"Idaho","Adams County",5,63,87,38,49
050,16,003,"Idaho","Adams County",5,64,88,45,43
050,16,003,"Idaho","Adams County",5,65,100,49,51
050,16,003,"Idaho","Adams County",5,66,120,61,59
050,16,003,"Idaho","Adams County",5,67,118,63,55
050,16,003,"Idaho","Adams County",5,68,124,63,61
050,16,003,"Idaho","Adams County",5,69,102,55,47
050,16,003,"Idaho","Adams County",5,70,97,53,44
050,16,003,"Idaho","Adams County",5,71,84,42,42
050,16,003,"Idaho","Adams County",5,72,101,55,46
050,16,003,"Idaho","Adams County",5,73,92,51,41
050,16,003,"Idaho","Adams County",5,74,87,54,33
050,16,003,"Idaho","Adams County",5,75,64,36,28
050,16,003,"Idaho","Adams County",5,76,79,43,36
050,16,003,"Idaho","Adams County",5,77,41,23,18
050,16,003,"Idaho","Adams County",5,78,47,20,27
050,16,003,"Idaho","Adams County",5,79,49,25,24
050,16,003,"Idaho","Adams County",5,80,43,25,18
050,16,003,"Idaho","Adams County",5,81,31,14,17
050,16,003,"Idaho","Adams County",5,82,20,9,11
050,16,003,"Idaho","Adams County",5,83,27,10,17
050,16,003,"Idaho","Adams County",5,84,16,6,10
050,16,003,"Idaho","Adams County",5,85,115,60,55
050,16,005,"Idaho","Bannock County",1,0,1067,550,517
050,16,005,"Idaho","Bannock County",1,1,1107,579,528
050,16,005,"Idaho","Bannock County",1,2,1136,574,562
050,16,005,"Idaho","Bannock County",1,3,1214,619,595
050,16,005,"Idaho","Bannock County",1,4,1239,600,639
050,16,005,"Idaho","Bannock County",1,5,1281,642,639
050,16,005,"Idaho","Bannock County",1,6,1248,626,622
050,16,005,"Idaho","Bannock County",1,7,1247,658,589
050,16,005,"Idaho","Bannock County",1,8,1231,652,579
050,16,005,"Idaho","Bannock County",1,9,1282,654,628
050,16,005,"Idaho","Bannock County",1,10,1236,632,604
050,16,005,"Idaho","Bannock County",1,11,1278,661,617
050,16,005,"Idaho","Bannock County",1,12,1349,695,654
050,16,005,"Idaho","Bannock County",1,13,1377,703,674
050,16,005,"Idaho","Bannock County",1,14,1316,665,651
050,16,005,"Idaho","Bannock County",1,15,1343,678,665
050,16,005,"Idaho","Bannock County",1,16,1306,672,634
050,16,005,"Idaho","Bannock County",1,17,1296,666,630
050,16,005,"Idaho","Bannock County",1,18,1281,662,619
050,16,005,"Idaho","Bannock County",1,19,1365,698,667
050,16,005,"Idaho","Bannock County",1,20,1193,636,557
050,16,005,"Idaho","Bannock County",1,21,1215,632,583
050,16,005,"Idaho","Bannock County",1,22,1279,671,608
050,16,005,"Idaho","Bannock County",1,23,1365,707,658
050,16,005,"Idaho","Bannock County",1,24,1278,647,631
050,16,005,"Idaho","Bannock County",1,25,1189,605,584
050,16,005,"Idaho","Bannock County",1,26,1226,632,594
050,16,005,"Idaho","Bannock County",1,27,1214,611,603
050,16,005,"Idaho","Bannock County",1,28,1279,660,619
050,16,005,"Idaho","Bannock County",1,29,1310,652,658
050,16,005,"Idaho","Bannock County",1,30,1317,641,676
050,16,005,"Idaho","Bannock County",1,31,1231,611,620
050,16,005,"Idaho","Bannock County",1,32,1161,554,607
050,16,005,"Idaho","Bannock County",1,33,1178,596,582
050,16,005,"Idaho","Bannock County",1,34,1236,651,585
050,16,005,"Idaho","Bannock County",1,35,1273,662,611
050,16,005,"Idaho","Bannock County",1,36,1237,631,606
050,16,005,"Idaho","Bannock County",1,37,1229,613,616
050,16,005,"Idaho","Bannock County",1,38,1219,626,593
050,16,005,"Idaho","Bannock County",1,39,1234,639,595
050,16,005,"Idaho","Bannock County",1,40,1213,614,599
050,16,005,"Idaho","Bannock County",1,41,1134,538,596
050,16,005,"Idaho","Bannock County",1,42,1076,541,535
050,16,005,"Idaho","Bannock County",1,43,1037,509,528
050,16,005,"Idaho","Bannock County",1,44,1026,520,506
050,16,005,"Idaho","Bannock County",1,45,961,494,467
050,16,005,"Idaho","Bannock County",1,46,891,456,435
050,16,005,"Idaho","Bannock County",1,47,905,462,443
050,16,005,"Idaho","Bannock County",1,48,930,457,473
050,16,005,"Idaho","Bannock County",1,49,940,451,489
050,16,005,"Idaho","Bannock County",1,50,945,467,478
050,16,005,"Idaho","Bannock County",1,51,884,436,448
050,16,005,"Idaho","Bannock County",1,52,857,440,417
050,16,005,"Idaho","Bannock County",1,53,889,434,455
050,16,005,"Idaho","Bannock County",1,54,820,407,413
050,16,005,"Idaho","Bannock County",1,55,870,431,439
050,16,005,"Idaho","Bannock County",1,56,889,438,451
050,16,005,"Idaho","Bannock County",1,57,940,447,493
050,16,005,"Idaho","Bannock County",1,58,997,495,502
050,16,005,"Idaho","Bannock County",1,59,1017,509,508
050,16,005,"Idaho","Bannock County",1,60,1027,491,536
050,16,005,"Idaho","Bannock County",1,61,1020,503,517
050,16,005,"Idaho","Bannock County",1,62,1032,497,535
050,16,005,"Idaho","Bannock County",1,63,955,466,489
050,16,005,"Idaho","Bannock County",1,64,990,474,516
050,16,005,"Idaho","Bannock County",1,65,990,484,506
050,16,005,"Idaho","Bannock County",1,66,973,481,492
050,16,005,"Idaho","Bannock County",1,67,921,463,458
050,16,005,"Idaho","Bannock County",1,68,888,452,436
050,16,005,"Idaho","Bannock County",1,69,818,397,421
050,16,005,"Idaho","Bannock County",1,70,771,383,388
050,16,005,"Idaho","Bannock County",1,71,761,381,380
050,16,005,"Idaho","Bannock County",1,72,764,363,401
050,16,005,"Idaho","Bannock County",1,73,725,359,366
050,16,005,"Idaho","Bannock County",1,74,479,256,223
050,16,005,"Idaho","Bannock County",1,75,511,242,269
050,16,005,"Idaho","Bannock County",1,76,481,222,259
050,16,005,"Idaho","Bannock County",1,77,459,226,233
050,16,005,"Idaho","Bannock County",1,78,384,189,195
050,16,005,"Idaho","Bannock County",1,79,334,159,175
050,16,005,"Idaho","Bannock County",1,80,295,138,157
050,16,005,"Idaho","Bannock County",1,81,312,136,176
050,16,005,"Idaho","Bannock County",1,82,276,114,162
050,16,005,"Idaho","Bannock County",1,83,220,95,125
050,16,005,"Idaho","Bannock County",1,84,208,87,121
050,16,005,"Idaho","Bannock County",1,85,1142,428,714
050,16,005,"Idaho","Bannock County",2,0,1087,560,527
050,16,005,"Idaho","Bannock County",2,1,1100,574,526
050,16,005,"Idaho","Bannock County",2,2,1128,573,555
050,16,005,"Idaho","Bannock County",2,3,1190,603,587
050,16,005,"Idaho","Bannock County",2,4,1238,609,629
050,16,005,"Idaho","Bannock County",2,5,1271,635,636
050,16,005,"Idaho","Bannock County",2,6,1262,635,627
050,16,005,"Idaho","Bannock County",2,7,1246,649,597
050,16,005,"Idaho","Bannock County",2,8,1236,656,580
050,16,005,"Idaho","Bannock County",2,9,1267,653,614
050,16,005,"Idaho","Bannock County",2,10,1246,634,612
050,16,005,"Idaho","Bannock County",2,11,1267,651,616
050,16,005,"Idaho","Bannock County",2,12,1348,695,653
050,16,005,"Idaho","Bannock County",2,13,1370,699,671
050,16,005,"Idaho","Bannock County",2,14,1337,676,661
050,16,005,"Idaho","Bannock County",2,15,1339,678,661
050,16,005,"Idaho","Bannock County",2,16,1320,676,644
050,16,005,"Idaho","Bannock County",2,17,1304,670,634
050,16,005,"Idaho","Bannock County",2,18,1286,661,625
050,16,005,"Idaho","Bannock County",2,19,1360,699,661
050,16,005,"Idaho","Bannock County",2,20,1211,640,571
050,16,005,"Idaho","Bannock County",2,21,1217,632,585
050,16,005,"Idaho","Bannock County",2,22,1287,671,616
050,16,005,"Idaho","Bannock County",2,23,1359,703,656
050,16,005,"Idaho","Bannock County",2,24,1296,664,632
050,16,005,"Idaho","Bannock County",2,25,1214,617,597
050,16,005,"Idaho","Bannock County",2,26,1223,632,591
050,16,005,"Idaho","Bannock County",2,27,1221,619,602
050,16,005,"Idaho","Bannock County",2,28,1256,646,610
050,16,005,"Idaho","Bannock County",2,29,1294,649,645
050,16,005,"Idaho","Bannock County",2,30,1319,645,674
050,16,005,"Idaho","Bannock County",2,31,1243,613,630
050,16,005,"Idaho","Bannock County",2,32,1172,561,611
050,16,005,"Idaho","Bannock County",2,33,1172,587,585
050,16,005,"Idaho","Bannock County",2,34,1226,639,587
050,16,005,"Idaho","Bannock County",2,35,1278,669,609
050,16,005,"Idaho","Bannock County",2,36,1231,630,601
050,16,005,"Idaho","Bannock County",2,37,1238,621,617
050,16,005,"Idaho","Bannock County",2,38,1232,632,600
050,16,005,"Idaho","Bannock County",2,39,1231,640,591
050,16,005,"Idaho","Bannock County",2,40,1230,627,603
050,16,005,"Idaho","Bannock County",2,41,1148,557,591
050,16,005,"Idaho","Bannock County",2,42,1088,539,549
050,16,005,"Idaho","Bannock County",2,43,1052,519,533
050,16,005,"Idaho","Bannock County",2,44,1023,513,510
050,16,005,"Idaho","Bannock County",2,45,983,503,480
050,16,005,"Idaho","Bannock County",2,46,907,464,443
050,16,005,"Idaho","Bannock County",2,47,901,460,441
050,16,005,"Idaho","Bannock County",2,48,923,458,465
050,16,005,"Idaho","Bannock County",2,49,944,456,488
050,16,005,"Idaho","Bannock County",2,50,944,461,483
050,16,005,"Idaho","Bannock County",2,51,894,442,452
050,16,005,"Idaho","Bannock County",2,52,861,439,422
050,16,005,"Idaho","Bannock County",2,53,882,437,445
050,16,005,"Idaho","Bannock County",2,54,834,411,423
050,16,005,"Idaho","Bannock County",2,55,863,425,438
050,16,005,"Idaho","Bannock County",2,56,891,441,450
050,16,005,"Idaho","Bannock County",2,57,931,445,486
050,16,005,"Idaho","Bannock County",2,58,990,486,504
050,16,005,"Idaho","Bannock County",2,59,1017,507,510
050,16,005,"Idaho","Bannock County",2,60,1026,497,529
050,16,005,"Idaho","Bannock County",2,61,1018,499,519
050,16,005,"Idaho","Bannock County",2,62,1023,494,529
050,16,005,"Idaho","Bannock County",2,63,976,475,501
050,16,005,"Idaho","Bannock County",2,64,977,470,507
050,16,005,"Idaho","Bannock County",2,65,985,477,508
050,16,005,"Idaho","Bannock County",2,66,977,479,498
050,16,005,"Idaho","Bannock County",2,67,935,468,467
050,16,005,"Idaho","Bannock County",2,68,892,452,440
050,16,005,"Idaho","Bannock County",2,69,841,414,427
050,16,005,"Idaho","Bannock County",2,70,780,388,392
050,16,005,"Idaho","Bannock County",2,71,759,378,381
050,16,005,"Idaho","Bannock County",2,72,752,363,389
050,16,005,"Idaho","Bannock County",2,73,764,372,392
050,16,005,"Idaho","Bannock County",2,74,501,262,239
050,16,005,"Idaho","Bannock County",2,75,499,243,256
050,16,005,"Idaho","Bannock County",2,76,479,220,259
050,16,005,"Idaho","Bannock County",2,77,472,230,242
050,16,005,"Idaho","Bannock County",2,78,392,190,202
050,16,005,"Idaho","Bannock County",2,79,343,165,178
050,16,005,"Idaho","Bannock County",2,80,295,137,158
050,16,005,"Idaho","Bannock County",2,81,302,134,168
050,16,005,"Idaho","Bannock County",2,82,281,118,163
050,16,005,"Idaho","Bannock County",2,83,228,97,131
050,16,005,"Idaho","Bannock County",2,84,211,88,123
050,16,005,"Idaho","Bannock County",2,85,1140,427,713
050,16,005,"Idaho","Bannock County",3,0,1081,575,506
050,16,005,"Idaho","Bannock County",3,1,1074,552,522
050,16,005,"Idaho","Bannock County",3,2,1090,565,525
050,16,005,"Idaho","Bannock County",3,3,1156,576,580
050,16,005,"Idaho","Bannock County",3,4,1206,600,606
050,16,005,"Idaho","Bannock County",3,5,1269,619,650
050,16,005,"Idaho","Bannock County",3,6,1281,643,638
050,16,005,"Idaho","Bannock County",3,7,1261,632,629
050,16,005,"Idaho","Bannock County",3,8,1261,651,610
050,16,005,"Idaho","Bannock County",3,9,1249,665,584
050,16,005,"Idaho","Bannock County",3,10,1296,670,626
050,16,005,"Idaho","Bannock County",3,11,1282,653,629
050,16,005,"Idaho","Bannock County",3,12,1295,670,625
050,16,005,"Idaho","Bannock County",3,13,1381,717,664
050,16,005,"Idaho","Bannock County",3,14,1357,696,661
050,16,005,"Idaho","Bannock County",3,15,1352,683,669
050,16,005,"Idaho","Bannock County",3,16,1343,684,659
050,16,005,"Idaho","Bannock County",3,17,1323,676,647
050,16,005,"Idaho","Bannock County",3,18,1309,688,621
050,16,005,"Idaho","Bannock County",3,19,1398,726,672
050,16,005,"Idaho","Bannock County",3,20,1263,647,616
050,16,005,"Idaho","Bannock County",3,21,1248,626,622
050,16,005,"Idaho","Bannock County",3,22,1273,659,614
050,16,005,"Idaho","Bannock County",3,23,1386,706,680
050,16,005,"Idaho","Bannock County",3,24,1426,740,686
050,16,005,"Idaho","Bannock County",3,25,1261,639,622
050,16,005,"Idaho","Bannock County",3,26,1224,630,594
050,16,005,"Idaho","Bannock County",3,27,1228,624,604
050,16,005,"Idaho","Bannock County",3,28,1210,613,597
050,16,005,"Idaho","Bannock County",3,29,1239,641,598
050,16,005,"Idaho","Bannock County",3,30,1313,654,659
050,16,005,"Idaho","Bannock County",3,31,1337,648,689
050,16,005,"Idaho","Bannock County",3,32,1192,586,606
050,16,005,"Idaho","Bannock County",3,33,1228,616,612
050,16,005,"Idaho","Bannock County",3,34,1184,593,591
050,16,005,"Idaho","Bannock County",3,35,1262,656,606
050,16,005,"Idaho","Bannock County",3,36,1254,649,605
050,16,005,"Idaho","Bannock County",3,37,1252,634,618
050,16,005,"Idaho","Bannock County",3,38,1257,621,636
050,16,005,"Idaho","Bannock County",3,39,1225,638,587
050,16,005,"Idaho","Bannock County",3,40,1242,634,608
050,16,005,"Idaho","Bannock County",3,41,1239,627,612
050,16,005,"Idaho","Bannock County",3,42,1165,569,596
050,16,005,"Idaho","Bannock County",3,43,1099,541,558
050,16,005,"Idaho","Bannock County",3,44,1084,529,555
050,16,005,"Idaho","Bannock County",3,45,1041,519,522
050,16,005,"Idaho","Bannock County",3,46,962,489,473
050,16,005,"Idaho","Bannock County",3,47,913,469,444
050,16,005,"Idaho","Bannock County",3,48,914,476,438
050,16,005,"Idaho","Bannock County",3,49,929,463,466
050,16,005,"Idaho","Bannock County",3,50,960,457,503
050,16,005,"Idaho","Bannock County",3,51,973,476,497
050,16,005,"Idaho","Bannock County",3,52,900,453,447
050,16,005,"Idaho","Bannock County",3,53,883,444,439
050,16,005,"Idaho","Bannock County",3,54,858,423,435
050,16,005,"Idaho","Bannock County",3,55,843,410,433
050,16,005,"Idaho","Bannock County",3,56,880,438,442
050,16,005,"Idaho","Bannock County",3,57,890,440,450
050,16,005,"Idaho","Bannock County",3,58,942,456,486
050,16,005,"Idaho","Bannock County",3,59,986,479,507
050,16,005,"Idaho","Bannock County",3,60,1004,508,496
050,16,005,"Idaho","Bannock County",3,61,1028,509,519
050,16,005,"Idaho","Bannock County",3,62,1010,489,521
050,16,005,"Idaho","Bannock County",3,63,1008,479,529
050,16,005,"Idaho","Bannock County",3,64,986,479,507
050,16,005,"Idaho","Bannock County",3,65,978,478,500
050,16,005,"Idaho","Bannock County",3,66,993,477,516
050,16,005,"Idaho","Bannock County",3,67,955,478,477
050,16,005,"Idaho","Bannock County",3,68,908,451,457
050,16,005,"Idaho","Bannock County",3,69,888,448,440
050,16,005,"Idaho","Bannock County",3,70,818,398,420
050,16,005,"Idaho","Bannock County",3,71,769,378,391
050,16,005,"Idaho","Bannock County",3,72,750,371,379
050,16,005,"Idaho","Bannock County",3,73,741,353,388
050,16,005,"Idaho","Bannock County",3,74,745,368,377
050,16,005,"Idaho","Bannock County",3,75,504,259,245
050,16,005,"Idaho","Bannock County",3,76,467,226,241
050,16,005,"Idaho","Bannock County",3,77,461,210,251
050,16,005,"Idaho","Bannock County",3,78,459,214,245
050,16,005,"Idaho","Bannock County",3,79,361,171,190
050,16,005,"Idaho","Bannock County",3,80,328,156,172
050,16,005,"Idaho","Bannock County",3,81,275,122,153
050,16,005,"Idaho","Bannock County",3,82,276,124,152
050,16,005,"Idaho","Bannock County",3,83,255,110,145
050,16,005,"Idaho","Bannock County",3,84,212,83,129
050,16,005,"Idaho","Bannock County",3,85,1107,417,690
050,16,005,"Idaho","Bannock County",4,0,1064,553,511
050,16,005,"Idaho","Bannock County",4,1,1107,570,537
050,16,005,"Idaho","Bannock County",4,2,1096,550,546
050,16,005,"Idaho","Bannock County",4,3,1130,590,540
050,16,005,"Idaho","Bannock County",4,4,1189,591,598
050,16,005,"Idaho","Bannock County",4,5,1233,623,610
050,16,005,"Idaho","Bannock County",4,6,1274,629,645
050,16,005,"Idaho","Bannock County",4,7,1318,673,645
050,16,005,"Idaho","Bannock County",4,8,1274,639,635
050,16,005,"Idaho","Bannock County",4,9,1272,647,625
050,16,005,"Idaho","Bannock County",4,10,1259,678,581
050,16,005,"Idaho","Bannock County",4,11,1293,661,632
050,16,005,"Idaho","Bannock County",4,12,1294,668,626
050,16,005,"Idaho","Bannock County",4,13,1295,667,628
050,16,005,"Idaho","Bannock County",4,14,1424,731,693
050,16,005,"Idaho","Bannock County",4,15,1353,698,655
050,16,005,"Idaho","Bannock County",4,16,1358,699,659
050,16,005,"Idaho","Bannock County",4,17,1365,692,673
050,16,005,"Idaho","Bannock County",4,18,1308,674,634
050,16,005,"Idaho","Bannock County",4,19,1392,723,669
050,16,005,"Idaho","Bannock County",4,20,1217,627,590
050,16,005,"Idaho","Bannock County",4,21,1289,652,637
050,16,005,"Idaho","Bannock County",4,22,1331,670,661
050,16,005,"Idaho","Bannock County",4,23,1345,694,651
050,16,005,"Idaho","Bannock County",4,24,1365,683,682
050,16,005,"Idaho","Bannock County",4,25,1395,692,703
050,16,005,"Idaho","Bannock County",4,26,1262,647,615
050,16,005,"Idaho","Bannock County",4,27,1260,654,606
050,16,005,"Idaho","Bannock County",4,28,1266,648,618
050,16,005,"Idaho","Bannock County",4,29,1197,596,601
050,16,005,"Idaho","Bannock County",4,30,1256,652,604
050,16,005,"Idaho","Bannock County",4,31,1350,693,657
050,16,005,"Idaho","Bannock County",4,32,1322,634,688
050,16,005,"Idaho","Bannock County",4,33,1193,593,600
050,16,005,"Idaho","Bannock County",4,34,1236,604,632
050,16,005,"Idaho","Bannock County",4,35,1214,618,596
050,16,005,"Idaho","Bannock County",4,36,1247,655,592
050,16,005,"Idaho","Bannock County",4,37,1272,665,607
050,16,005,"Idaho","Bannock County",4,38,1279,640,639
050,16,005,"Idaho","Bannock County",4,39,1265,639,626
050,16,005,"Idaho","Bannock County",4,40,1225,636,589
050,16,005,"Idaho","Bannock County",4,41,1250,634,616
050,16,005,"Idaho","Bannock County",4,42,1239,630,609
050,16,005,"Idaho","Bannock County",4,43,1166,572,594
050,16,005,"Idaho","Bannock County",4,44,1116,549,567
050,16,005,"Idaho","Bannock County",4,45,1089,540,549
050,16,005,"Idaho","Bannock County",4,46,1063,527,536
050,16,005,"Idaho","Bannock County",4,47,978,497,481
050,16,005,"Idaho","Bannock County",4,48,932,479,453
050,16,005,"Idaho","Bannock County",4,49,932,487,445
050,16,005,"Idaho","Bannock County",4,50,928,463,465
050,16,005,"Idaho","Bannock County",4,51,960,461,499
050,16,005,"Idaho","Bannock County",4,52,977,470,507
050,16,005,"Idaho","Bannock County",4,53,895,446,449
050,16,005,"Idaho","Bannock County",4,54,883,437,446
050,16,005,"Idaho","Bannock County",4,55,868,429,439
050,16,005,"Idaho","Bannock County",4,56,833,422,411
050,16,005,"Idaho","Bannock County",4,57,877,428,449
050,16,005,"Idaho","Bannock County",4,58,906,446,460
050,16,005,"Idaho","Bannock County",4,59,956,456,500
050,16,005,"Idaho","Bannock County",4,60,990,484,506
050,16,005,"Idaho","Bannock County",4,61,996,511,485
050,16,005,"Idaho","Bannock County",4,62,1008,494,514
050,16,005,"Idaho","Bannock County",4,63,991,479,512
050,16,005,"Idaho","Bannock County",4,64,1024,480,544
050,16,005,"Idaho","Bannock County",4,65,981,477,504
050,16,005,"Idaho","Bannock County",4,66,980,473,507
050,16,005,"Idaho","Bannock County",4,67,970,470,500
050,16,005,"Idaho","Bannock County",4,68,936,458,478
050,16,005,"Idaho","Bannock County",4,69,911,449,462
050,16,005,"Idaho","Bannock County",4,70,878,444,434
050,16,005,"Idaho","Bannock County",4,71,794,383,411
050,16,005,"Idaho","Bannock County",4,72,752,371,381
050,16,005,"Idaho","Bannock County",4,73,740,360,380
050,16,005,"Idaho","Bannock County",4,74,723,342,381
050,16,005,"Idaho","Bannock County",4,75,751,366,385
050,16,005,"Idaho","Bannock County",4,76,466,241,225
050,16,005,"Idaho","Bannock County",4,77,444,217,227
050,16,005,"Idaho","Bannock County",4,78,452,205,247
050,16,005,"Idaho","Bannock County",4,79,434,201,233
050,16,005,"Idaho","Bannock County",4,80,341,163,178
050,16,005,"Idaho","Bannock County",4,81,294,137,157
050,16,005,"Idaho","Bannock County",4,82,251,113,138
050,16,005,"Idaho","Bannock County",4,83,251,116,135
050,16,005,"Idaho","Bannock County",4,84,241,99,142
050,16,005,"Idaho","Bannock County",4,85,1094,403,691
050,16,005,"Idaho","Bannock County",5,0,1053,549,504
050,16,005,"Idaho","Bannock County",5,1,1038,528,510
050,16,005,"Idaho","Bannock County",5,2,1093,548,545
050,16,005,"Idaho","Bannock County",5,3,1103,561,542
050,16,005,"Idaho","Bannock County",5,4,1155,590,565
050,16,005,"Idaho","Bannock County",5,5,1172,584,588
050,16,005,"Idaho","Bannock County",5,6,1238,627,611
050,16,005,"Idaho","Bannock County",5,7,1288,629,659
050,16,005,"Idaho","Bannock County",5,8,1342,674,668
050,16,005,"Idaho","Bannock County",5,9,1290,648,642
050,16,005,"Idaho","Bannock County",5,10,1287,657,630
050,16,005,"Idaho","Bannock County",5,11,1280,685,595
050,16,005,"Idaho","Bannock County",5,12,1310,671,639
050,16,005,"Idaho","Bannock County",5,13,1302,670,632
050,16,005,"Idaho","Bannock County",5,14,1329,688,641
050,16,005,"Idaho","Bannock County",5,15,1424,739,685
050,16,005,"Idaho","Bannock County",5,16,1368,699,669
050,16,005,"Idaho","Bannock County",5,17,1370,704,666
050,16,005,"Idaho","Bannock County",5,18,1345,679,666
050,16,005,"Idaho","Bannock County",5,19,1390,710,680
050,16,005,"Idaho","Bannock County",5,20,1225,634,591
050,16,005,"Idaho","Bannock County",5,21,1261,631,630
050,16,005,"Idaho","Bannock County",5,22,1408,713,695
050,16,005,"Idaho","Bannock County",5,23,1394,726,668
050,16,005,"Idaho","Bannock County",5,24,1375,707,668
050,16,005,"Idaho","Bannock County",5,25,1333,668,665
050,16,005,"Idaho","Bannock County",5,26,1350,671,679
050,16,005,"Idaho","Bannock County",5,27,1283,664,619
050,16,005,"Idaho","Bannock County",5,28,1255,653,602
050,16,005,"Idaho","Bannock County",5,29,1247,634,613
050,16,005,"Idaho","Bannock County",5,30,1205,573,632
050,16,005,"Idaho","Bannock County",5,31,1264,663,601
050,16,005,"Idaho","Bannock County",5,32,1358,676,682
050,16,005,"Idaho","Bannock County",5,33,1346,654,692
050,16,005,"Idaho","Bannock County",5,34,1218,599,619
050,16,005,"Idaho","Bannock County",5,35,1278,629,649
050,16,005,"Idaho","Bannock County",5,36,1191,601,590
050,16,005,"Idaho","Bannock County",5,37,1281,672,609
050,16,005,"Idaho","Bannock County",5,38,1284,673,611
050,16,005,"Idaho","Bannock County",5,39,1266,636,630
050,16,005,"Idaho","Bannock County",5,40,1265,645,620
050,16,005,"Idaho","Bannock County",5,41,1219,628,591
050,16,005,"Idaho","Bannock County",5,42,1263,649,614
050,16,005,"Idaho","Bannock County",5,43,1229,616,613
050,16,005,"Idaho","Bannock County",5,44,1205,592,613
050,16,005,"Idaho","Bannock County",5,45,1105,553,552
050,16,005,"Idaho","Bannock County",5,46,1095,540,555
050,16,005,"Idaho","Bannock County",5,47,1070,526,544
050,16,005,"Idaho","Bannock County",5,48,984,502,482
050,16,005,"Idaho","Bannock County",5,49,934,481,453
050,16,005,"Idaho","Bannock County",5,50,934,484,450
050,16,005,"Idaho","Bannock County",5,51,941,468,473
050,16,005,"Idaho","Bannock County",5,52,949,451,498
050,16,005,"Idaho","Bannock County",5,53,996,481,515
050,16,005,"Idaho","Bannock County",5,54,876,442,434
050,16,005,"Idaho","Bannock County",5,55,899,443,456
050,16,005,"Idaho","Bannock County",5,56,860,428,432
050,16,005,"Idaho","Bannock County",5,57,802,402,400
050,16,005,"Idaho","Bannock County",5,58,873,425,448
050,16,005,"Idaho","Bannock County",5,59,918,452,466
050,16,005,"Idaho","Bannock County",5,60,951,449,502
050,16,005,"Idaho","Bannock County",5,61,960,473,487
050,16,005,"Idaho","Bannock County",5,62,980,508,472
050,16,005,"Idaho","Bannock County",5,63,981,480,501
050,16,005,"Idaho","Bannock County",5,64,1013,495,518
050,16,005,"Idaho","Bannock County",5,65,997,471,526
050,16,005,"Idaho","Bannock County",5,66,977,469,508
050,16,005,"Idaho","Bannock County",5,67,958,464,494
050,16,005,"Idaho","Bannock County",5,68,947,464,483
050,16,005,"Idaho","Bannock County",5,69,927,459,468
050,16,005,"Idaho","Bannock County",5,70,893,445,448
050,16,005,"Idaho","Bannock County",5,71,856,432,424
050,16,005,"Idaho","Bannock County",5,72,786,382,404
050,16,005,"Idaho","Bannock County",5,73,735,354,381
050,16,005,"Idaho","Bannock County",5,74,705,347,358
050,16,005,"Idaho","Bannock County",5,75,714,335,379
050,16,005,"Idaho","Bannock County",5,76,707,349,358
050,16,005,"Idaho","Bannock County",5,77,458,235,223
050,16,005,"Idaho","Bannock County",5,78,425,207,218
050,16,005,"Idaho","Bannock County",5,79,422,190,232
050,16,005,"Idaho","Bannock County",5,80,412,195,217
050,16,005,"Idaho","Bannock County",5,81,318,148,170
050,16,005,"Idaho","Bannock County",5,82,265,124,141
050,16,005,"Idaho","Bannock County",5,83,226,103,123
050,16,005,"Idaho","Bannock County",5,84,241,105,136
050,16,005,"Idaho","Bannock County",5,85,1130,424,706
050,16,007,"Idaho","Bear Lake County",1,0,74,38,36
050,16,007,"Idaho","Bear Lake County",1,1,74,42,32
050,16,007,"Idaho","Bear Lake County",1,2,100,59,41
050,16,007,"Idaho","Bear Lake County",1,3,94,55,39
050,16,007,"Idaho","Bear Lake County",1,4,76,40,36
050,16,007,"Idaho","Bear Lake County",1,5,87,45,42
050,16,007,"Idaho","Bear Lake County",1,6,91,42,49
050,16,007,"Idaho","Bear Lake County",1,7,102,54,48
050,16,007,"Idaho","Bear Lake County",1,8,88,48,40
050,16,007,"Idaho","Bear Lake County",1,9,103,50,53
050,16,007,"Idaho","Bear Lake County",1,10,111,60,51
050,16,007,"Idaho","Bear Lake County",1,11,102,43,59
050,16,007,"Idaho","Bear Lake County",1,12,99,42,57
050,16,007,"Idaho","Bear Lake County",1,13,105,51,54
050,16,007,"Idaho","Bear Lake County",1,14,94,46,48
050,16,007,"Idaho","Bear Lake County",1,15,96,49,47
050,16,007,"Idaho","Bear Lake County",1,16,101,56,45
050,16,007,"Idaho","Bear Lake County",1,17,107,54,53
050,16,007,"Idaho","Bear Lake County",1,18,89,46,43
050,16,007,"Idaho","Bear Lake County",1,19,54,26,28
050,16,007,"Idaho","Bear Lake County",1,20,62,34,28
050,16,007,"Idaho","Bear Lake County",1,21,63,32,31
050,16,007,"Idaho","Bear Lake County",1,22,61,29,32
050,16,007,"Idaho","Bear Lake County",1,23,64,30,34
050,16,007,"Idaho","Bear Lake County",1,24,62,35,27
050,16,007,"Idaho","Bear Lake County",1,25,53,25,28
050,16,007,"Idaho","Bear Lake County",1,26,64,32,32
050,16,007,"Idaho","Bear Lake County",1,27,55,32,23
050,16,007,"Idaho","Bear Lake County",1,28,60,33,27
050,16,007,"Idaho","Bear Lake County",1,29,60,37,23
050,16,007,"Idaho","Bear Lake County",1,30,74,38,36
050,16,007,"Idaho","Bear Lake County",1,31,77,30,47
050,16,007,"Idaho","Bear Lake County",1,32,72,30,42
050,16,007,"Idaho","Bear Lake County",1,33,82,41,41
050,16,007,"Idaho","Bear Lake County",1,34,68,33,35
050,16,007,"Idaho","Bear Lake County",1,35,74,41,33
050,16,007,"Idaho","Bear Lake County",1,36,76,43,33
050,16,007,"Idaho","Bear Lake County",1,37,71,38,33
050,16,007,"Idaho","Bear Lake County",1,38,67,37,30
050,16,007,"Idaho","Bear Lake County",1,39,76,40,36
050,16,007,"Idaho","Bear Lake County",1,40,74,45,29
050,16,007,"Idaho","Bear Lake County",1,41,72,33,39
050,16,007,"Idaho","Bear Lake County",1,42,69,32,37
050,16,007,"Idaho","Bear Lake County",1,43,69,35,34
050,16,007,"Idaho","Bear Lake County",1,44,70,29,41
050,16,007,"Idaho","Bear Lake County",1,45,72,30,42
050,16,007,"Idaho","Bear Lake County",1,46,63,31,32
050,16,007,"Idaho","Bear Lake County",1,47,59,32,27
050,16,007,"Idaho","Bear Lake County",1,48,59,31,28
050,16,007,"Idaho","Bear Lake County",1,49,68,38,30
050,16,007,"Idaho","Bear Lake County",1,50,66,37,29
050,16,007,"Idaho","Bear Lake County",1,51,65,32,33
050,16,007,"Idaho","Bear Lake County",1,52,70,31,39
050,16,007,"Idaho","Bear Lake County",1,53,60,29,31
050,16,007,"Idaho","Bear Lake County",1,54,53,23,30
050,16,007,"Idaho","Bear Lake County",1,55,63,30,33
050,16,007,"Idaho","Bear Lake County",1,56,75,35,40
050,16,007,"Idaho","Bear Lake County",1,57,75,38,37
050,16,007,"Idaho","Bear Lake County",1,58,92,48,44
050,16,007,"Idaho","Bear Lake County",1,59,84,45,39
050,16,007,"Idaho","Bear Lake County",1,60,87,46,41
050,16,007,"Idaho","Bear Lake County",1,61,93,44,49
050,16,007,"Idaho","Bear Lake County",1,62,93,46,47
050,16,007,"Idaho","Bear Lake County",1,63,96,50,46
050,16,007,"Idaho","Bear Lake County",1,64,94,50,44
050,16,007,"Idaho","Bear Lake County",1,65,88,46,42
050,16,007,"Idaho","Bear Lake County",1,66,80,40,40
050,16,007,"Idaho","Bear Lake County",1,67,81,38,43
050,16,007,"Idaho","Bear Lake County",1,68,94,47,47
050,16,007,"Idaho","Bear Lake County",1,69,77,38,39
050,16,007,"Idaho","Bear Lake County",1,70,74,35,39
050,16,007,"Idaho","Bear Lake County",1,71,72,36,36
050,16,007,"Idaho","Bear Lake County",1,72,74,34,40
050,16,007,"Idaho","Bear Lake County",1,73,76,38,38
050,16,007,"Idaho","Bear Lake County",1,74,57,30,27
050,16,007,"Idaho","Bear Lake County",1,75,67,35,32
050,16,007,"Idaho","Bear Lake County",1,76,64,34,30
050,16,007,"Idaho","Bear Lake County",1,77,51,24,27
050,16,007,"Idaho","Bear Lake County",1,78,37,16,21
050,16,007,"Idaho","Bear Lake County",1,79,41,17,24
050,16,007,"Idaho","Bear Lake County",1,80,32,16,16
050,16,007,"Idaho","Bear Lake County",1,81,33,12,21
050,16,007,"Idaho","Bear Lake County",1,82,34,15,19
050,16,007,"Idaho","Bear Lake County",1,83,29,11,18
050,16,007,"Idaho","Bear Lake County",1,84,44,17,27
050,16,007,"Idaho","Bear Lake County",1,85,136,59,77
050,16,007,"Idaho","Bear Lake County",2,0,79,41,38
050,16,007,"Idaho","Bear Lake County",2,1,75,42,33
050,16,007,"Idaho","Bear Lake County",2,2,95,55,40
050,16,007,"Idaho","Bear Lake County",2,3,94,55,39
050,16,007,"Idaho","Bear Lake County",2,4,81,43,38
050,16,007,"Idaho","Bear Lake County",2,5,85,43,42
050,16,007,"Idaho","Bear Lake County",2,6,91,44,47
050,16,007,"Idaho","Bear Lake County",2,7,98,51,47
050,16,007,"Idaho","Bear Lake County",2,8,92,50,42
050,16,007,"Idaho","Bear Lake County",2,9,100,50,50
050,16,007,"Idaho","Bear Lake County",2,10,111,57,54
050,16,007,"Idaho","Bear Lake County",2,11,102,46,56
050,16,007,"Idaho","Bear Lake County",2,12,100,43,57
050,16,007,"Idaho","Bear Lake County",2,13,104,49,55
050,16,007,"Idaho","Bear Lake County",2,14,98,48,50
050,16,007,"Idaho","Bear Lake County",2,15,94,49,45
050,16,007,"Idaho","Bear Lake County",2,16,100,54,46
050,16,007,"Idaho","Bear Lake County",2,17,104,53,51
050,16,007,"Idaho","Bear Lake County",2,18,87,45,42
050,16,007,"Idaho","Bear Lake County",2,19,57,28,29
050,16,007,"Idaho","Bear Lake County",2,20,63,34,29
050,16,007,"Idaho","Bear Lake County",2,21,63,32,31
050,16,007,"Idaho","Bear Lake County",2,22,62,30,32
050,16,007,"Idaho","Bear Lake County",2,23,66,32,34
050,16,007,"Idaho","Bear Lake County",2,24,64,35,29
050,16,007,"Idaho","Bear Lake County",2,25,56,27,29
050,16,007,"Idaho","Bear Lake County",2,26,59,29,30
050,16,007,"Idaho","Bear Lake County",2,27,56,31,25
050,16,007,"Idaho","Bear Lake County",2,28,59,33,26
050,16,007,"Idaho","Bear Lake County",2,29,59,35,24
050,16,007,"Idaho","Bear Lake County",2,30,71,37,34
050,16,007,"Idaho","Bear Lake County",2,31,76,32,44
050,16,007,"Idaho","Bear Lake County",2,32,72,29,43
050,16,007,"Idaho","Bear Lake County",2,33,80,39,41
050,16,007,"Idaho","Bear Lake County",2,34,70,35,35
050,16,007,"Idaho","Bear Lake County",2,35,73,40,33
050,16,007,"Idaho","Bear Lake County",2,36,77,43,34
050,16,007,"Idaho","Bear Lake County",2,37,73,40,33
050,16,007,"Idaho","Bear Lake County",2,38,68,37,31
050,16,007,"Idaho","Bear Lake County",2,39,74,40,34
050,16,007,"Idaho","Bear Lake County",2,40,74,43,31
050,16,007,"Idaho","Bear Lake County",2,41,73,36,37
050,16,007,"Idaho","Bear Lake County",2,42,68,32,36
050,16,007,"Idaho","Bear Lake County",2,43,69,34,35
050,16,007,"Idaho","Bear Lake County",2,44,69,30,39
050,16,007,"Idaho","Bear Lake County",2,45,73,30,43
050,16,007,"Idaho","Bear Lake County",2,46,63,30,33
050,16,007,"Idaho","Bear Lake County",2,47,59,31,28
050,16,007,"Idaho","Bear Lake County",2,48,60,32,28
050,16,007,"Idaho","Bear Lake County",2,49,65,36,29
050,16,007,"Idaho","Bear Lake County",2,50,66,37,29
050,16,007,"Idaho","Bear Lake County",2,51,65,33,32
050,16,007,"Idaho","Bear Lake County",2,52,69,31,38
050,16,007,"Idaho","Bear Lake County",2,53,61,29,32
050,16,007,"Idaho","Bear Lake County",2,54,55,25,30
050,16,007,"Idaho","Bear Lake County",2,55,60,28,32
050,16,007,"Idaho","Bear Lake County",2,56,73,35,38
050,16,007,"Idaho","Bear Lake County",2,57,77,38,39
050,16,007,"Idaho","Bear Lake County",2,58,88,46,42
050,16,007,"Idaho","Bear Lake County",2,59,86,46,40
050,16,007,"Idaho","Bear Lake County",2,60,86,45,41
050,16,007,"Idaho","Bear Lake County",2,61,92,44,48
050,16,007,"Idaho","Bear Lake County",2,62,93,46,47
050,16,007,"Idaho","Bear Lake County",2,63,95,48,47
050,16,007,"Idaho","Bear Lake County",2,64,93,49,44
050,16,007,"Idaho","Bear Lake County",2,65,90,48,42
050,16,007,"Idaho","Bear Lake County",2,66,82,41,41
050,16,007,"Idaho","Bear Lake County",2,67,80,38,42
050,16,007,"Idaho","Bear Lake County",2,68,91,45,46
050,16,007,"Idaho","Bear Lake County",2,69,80,40,40
050,16,007,"Idaho","Bear Lake County",2,70,74,35,39
050,16,007,"Idaho","Bear Lake County",2,71,73,36,37
050,16,007,"Idaho","Bear Lake County",2,72,73,34,39
050,16,007,"Idaho","Bear Lake County",2,73,78,39,39
050,16,007,"Idaho","Bear Lake County",2,74,56,30,26
050,16,007,"Idaho","Bear Lake County",2,75,66,33,33
050,16,007,"Idaho","Bear Lake County",2,76,63,34,29
050,16,007,"Idaho","Bear Lake County",2,77,55,27,28
050,16,007,"Idaho","Bear Lake County",2,78,40,18,22
050,16,007,"Idaho","Bear Lake County",2,79,39,17,22
050,16,007,"Idaho","Bear Lake County",2,80,34,15,19
050,16,007,"Idaho","Bear Lake County",2,81,31,12,19
050,16,007,"Idaho","Bear Lake County",2,82,35,15,20
050,16,007,"Idaho","Bear Lake County",2,83,26,10,16
050,16,007,"Idaho","Bear Lake County",2,84,43,16,27
050,16,007,"Idaho","Bear Lake County",2,85,138,60,78
050,16,007,"Idaho","Bear Lake County",3,0,85,47,38
050,16,007,"Idaho","Bear Lake County",3,1,90,43,47
050,16,007,"Idaho","Bear Lake County",3,2,88,53,35
050,16,007,"Idaho","Bear Lake County",3,3,96,54,42
050,16,007,"Idaho","Bear Lake County",3,4,95,57,38
050,16,007,"Idaho","Bear Lake County",3,5,94,46,48
050,16,007,"Idaho","Bear Lake County",3,6,92,46,46
050,16,007,"Idaho","Bear Lake County",3,7,91,42,49
050,16,007,"Idaho","Bear Lake County",3,8,104,54,50
050,16,007,"Idaho","Bear Lake County",3,9,100,54,46
050,16,007,"Idaho","Bear Lake County",3,10,111,53,58
050,16,007,"Idaho","Bear Lake County",3,11,107,54,53
050,16,007,"Idaho","Bear Lake County",3,12,101,44,57
050,16,007,"Idaho","Bear Lake County",3,13,103,42,61
050,16,007,"Idaho","Bear Lake County",3,14,105,46,59
050,16,007,"Idaho","Bear Lake County",3,15,103,51,52
050,16,007,"Idaho","Bear Lake County",3,16,98,50,48
050,16,007,"Idaho","Bear Lake County",3,17,102,54,48
050,16,007,"Idaho","Bear Lake County",3,18,92,47,45
050,16,007,"Idaho","Bear Lake County",3,19,67,35,32
050,16,007,"Idaho","Bear Lake County",3,20,59,30,29
050,16,007,"Idaho","Bear Lake County",3,21,60,31,29
050,16,007,"Idaho","Bear Lake County",3,22,60,32,28
050,16,007,"Idaho","Bear Lake County",3,23,66,29,37
050,16,007,"Idaho","Bear Lake County",3,24,66,33,33
050,16,007,"Idaho","Bear Lake County",3,25,73,38,35
050,16,007,"Idaho","Bear Lake County",3,26,59,29,30
050,16,007,"Idaho","Bear Lake County",3,27,64,35,29
050,16,007,"Idaho","Bear Lake County",3,28,59,32,27
050,16,007,"Idaho","Bear Lake County",3,29,66,35,31
050,16,007,"Idaho","Bear Lake County",3,30,64,35,29
050,16,007,"Idaho","Bear Lake County",3,31,83,45,38
050,16,007,"Idaho","Bear Lake County",3,32,89,38,51
050,16,007,"Idaho","Bear Lake County",3,33,68,30,38
050,16,007,"Idaho","Bear Lake County",3,34,85,44,41
050,16,007,"Idaho","Bear Lake County",3,35,73,39,34
050,16,007,"Idaho","Bear Lake County",3,36,70,36,34
050,16,007,"Idaho","Bear Lake County",3,37,76,42,34
050,16,007,"Idaho","Bear Lake County",3,38,67,36,31
050,16,007,"Idaho","Bear Lake County",3,39,73,37,36
050,16,007,"Idaho","Bear Lake County",3,40,74,41,33
050,16,007,"Idaho","Bear Lake County",3,41,86,46,40
050,16,007,"Idaho","Bear Lake County",3,42,76,38,38
050,16,007,"Idaho","Bear Lake County",3,43,75,41,34
050,16,007,"Idaho","Bear Lake County",3,44,75,40,35
050,16,007,"Idaho","Bear Lake County",3,45,64,27,37
050,16,007,"Idaho","Bear Lake County",3,46,73,31,42
050,16,007,"Idaho","Bear Lake County",3,47,63,31,32
050,16,007,"Idaho","Bear Lake County",3,48,59,31,28
050,16,007,"Idaho","Bear Lake County",3,49,60,32,28
050,16,007,"Idaho","Bear Lake County",3,50,72,36,36
050,16,007,"Idaho","Bear Lake County",3,51,63,35,28
050,16,007,"Idaho","Bear Lake County",3,52,69,36,33
050,16,007,"Idaho","Bear Lake County",3,53,74,32,42
050,16,007,"Idaho","Bear Lake County",3,54,66,30,36
050,16,007,"Idaho","Bear Lake County",3,55,62,25,37
050,16,007,"Idaho","Bear Lake County",3,56,59,29,30
050,16,007,"Idaho","Bear Lake County",3,57,74,35,39
050,16,007,"Idaho","Bear Lake County",3,58,85,42,43
050,16,007,"Idaho","Bear Lake County",3,59,90,45,45
050,16,007,"Idaho","Bear Lake County",3,60,98,54,44
050,16,007,"Idaho","Bear Lake County",3,61,86,44,42
050,16,007,"Idaho","Bear Lake County",3,62,95,43,52
050,16,007,"Idaho","Bear Lake County",3,63,100,51,49
050,16,007,"Idaho","Bear Lake County",3,64,96,48,48
050,16,007,"Idaho","Bear Lake County",3,65,93,49,44
050,16,007,"Idaho","Bear Lake County",3,66,86,47,39
050,16,007,"Idaho","Bear Lake County",3,67,80,41,39
050,16,007,"Idaho","Bear Lake County",3,68,88,41,47
050,16,007,"Idaho","Bear Lake County",3,69,81,40,41
050,16,007,"Idaho","Bear Lake County",3,70,80,40,40
050,16,007,"Idaho","Bear Lake County",3,71,75,34,41
050,16,007,"Idaho","Bear Lake County",3,72,73,37,36
050,16,007,"Idaho","Bear Lake County",3,73,72,34,38
050,16,007,"Idaho","Bear Lake County",3,74,71,36,35
050,16,007,"Idaho","Bear Lake County",3,75,61,28,33
050,16,007,"Idaho","Bear Lake County",3,76,61,34,27
050,16,007,"Idaho","Bear Lake County",3,77,59,32,27
050,16,007,"Idaho","Bear Lake County",3,78,54,27,27
050,16,007,"Idaho","Bear Lake County",3,79,37,16,21
050,16,007,"Idaho","Bear Lake County",3,80,39,17,22
050,16,007,"Idaho","Bear Lake County",3,81,29,12,17
050,16,007,"Idaho","Bear Lake County",3,82,33,14,19
050,16,007,"Idaho","Bear Lake County",3,83,29,13,16
050,16,007,"Idaho","Bear Lake County",3,84,34,12,22
050,16,007,"Idaho","Bear Lake County",3,85,134,52,82
050,16,007,"Idaho","Bear Lake County",4,0,79,49,30
050,16,007,"Idaho","Bear Lake County",4,1,87,47,40
050,16,007,"Idaho","Bear Lake County",4,2,85,41,44
050,16,007,"Idaho","Bear Lake County",4,3,92,50,42
050,16,007,"Idaho","Bear Lake County",4,4,98,59,39
050,16,007,"Idaho","Bear Lake County",4,5,96,56,40
050,16,007,"Idaho","Bear Lake County",4,6,96,46,50
050,16,007,"Idaho","Bear Lake County",4,7,89,41,48
050,16,007,"Idaho","Bear Lake County",4,8,96,44,52
050,16,007,"Idaho","Bear Lake County",4,9,109,56,53
050,16,007,"Idaho","Bear Lake County",4,10,99,56,43
050,16,007,"Idaho","Bear Lake County",4,11,111,54,57
050,16,007,"Idaho","Bear Lake County",4,12,117,65,52
050,16,007,"Idaho","Bear Lake County",4,13,104,44,60
050,16,007,"Idaho","Bear Lake County",4,14,108,44,64
050,16,007,"Idaho","Bear Lake County",4,15,112,44,68
050,16,007,"Idaho","Bear Lake County",4,16,104,47,57
050,16,007,"Idaho","Bear Lake County",4,17,109,55,54
050,16,007,"Idaho","Bear Lake County",4,18,85,43,42
050,16,007,"Idaho","Bear Lake County",4,19,68,33,35
050,16,007,"Idaho","Bear Lake County",4,20,73,37,36
050,16,007,"Idaho","Bear Lake County",4,21,64,33,31
050,16,007,"Idaho","Bear Lake County",4,22,67,38,29
050,16,007,"Idaho","Bear Lake County",4,23,66,33,33
050,16,007,"Idaho","Bear Lake County",4,24,64,28,36
050,16,007,"Idaho","Bear Lake County",4,25,65,30,35
050,16,007,"Idaho","Bear Lake County",4,26,81,44,37
050,16,007,"Idaho","Bear Lake County",4,27,61,31,30
050,16,007,"Idaho","Bear Lake County",4,28,67,36,31
050,16,007,"Idaho","Bear Lake County",4,29,64,39,25
050,16,007,"Idaho","Bear Lake County",4,30,70,34,36
050,16,007,"Idaho","Bear Lake County",4,31,66,37,29
050,16,007,"Idaho","Bear Lake County",4,32,76,38,38
050,16,007,"Idaho","Bear Lake County",4,33,86,39,47
050,16,007,"Idaho","Bear Lake County",4,34,77,34,43
050,16,007,"Idaho","Bear Lake County",4,35,87,44,43
050,16,007,"Idaho","Bear Lake County",4,36,77,41,36
050,16,007,"Idaho","Bear Lake County",4,37,71,36,35
050,16,007,"Idaho","Bear Lake County",4,38,74,41,33
050,16,007,"Idaho","Bear Lake County",4,39,67,35,32
050,16,007,"Idaho","Bear Lake County",4,40,74,39,35
050,16,007,"Idaho","Bear Lake County",4,41,76,44,32
050,16,007,"Idaho","Bear Lake County",4,42,87,47,40
050,16,007,"Idaho","Bear Lake County",4,43,78,39,39
050,16,007,"Idaho","Bear Lake County",4,44,72,39,33
050,16,007,"Idaho","Bear Lake County",4,45,80,41,39
050,16,007,"Idaho","Bear Lake County",4,46,68,31,37
050,16,007,"Idaho","Bear Lake County",4,47,73,30,43
050,16,007,"Idaho","Bear Lake County",4,48,67,31,36
050,16,007,"Idaho","Bear Lake County",4,49,66,35,31
050,16,007,"Idaho","Bear Lake County",4,50,64,36,28
050,16,007,"Idaho","Bear Lake County",4,51,77,38,39
050,16,007,"Idaho","Bear Lake County",4,52,66,37,29
050,16,007,"Idaho","Bear Lake County",4,53,72,38,34
050,16,007,"Idaho","Bear Lake County",4,54,78,36,42
050,16,007,"Idaho","Bear Lake County",4,55,73,32,41
050,16,007,"Idaho","Bear Lake County",4,56,64,29,35
050,16,007,"Idaho","Bear Lake County",4,57,64,34,30
050,16,007,"Idaho","Bear Lake County",4,58,76,35,41
050,16,007,"Idaho","Bear Lake County",4,59,92,47,45
050,16,007,"Idaho","Bear Lake County",4,60,87,42,45
050,16,007,"Idaho","Bear Lake County",4,61,105,58,47
050,16,007,"Idaho","Bear Lake County",4,62,87,44,43
050,16,007,"Idaho","Bear Lake County",4,63,99,45,54
050,16,007,"Idaho","Bear Lake County",4,64,102,55,47
050,16,007,"Idaho","Bear Lake County",4,65,104,48,56
050,16,007,"Idaho","Bear Lake County",4,66,95,47,48
050,16,007,"Idaho","Bear Lake County",4,67,92,54,38
050,16,007,"Idaho","Bear Lake County",4,68,88,43,45
050,16,007,"Idaho","Bear Lake County",4,69,79,37,42
050,16,007,"Idaho","Bear Lake County",4,70,79,39,40
050,16,007,"Idaho","Bear Lake County",4,71,81,42,39
050,16,007,"Idaho","Bear Lake County",4,72,75,34,41
050,16,007,"Idaho","Bear Lake County",4,73,72,38,34
050,16,007,"Idaho","Bear Lake County",4,74,66,31,35
050,16,007,"Idaho","Bear Lake County",4,75,72,32,40
050,16,007,"Idaho","Bear Lake County",4,76,55,25,30
050,16,007,"Idaho","Bear Lake County",4,77,56,31,25
050,16,007,"Idaho","Bear Lake County",4,78,59,33,26
050,16,007,"Idaho","Bear Lake County",4,79,56,29,27
050,16,007,"Idaho","Bear Lake County",4,80,36,15,21
050,16,007,"Idaho","Bear Lake County",4,81,33,12,21
050,16,007,"Idaho","Bear Lake County",4,82,29,13,16
050,16,007,"Idaho","Bear Lake County",4,83,27,12,15
050,16,007,"Idaho","Bear Lake County",4,84,36,15,21
050,16,007,"Idaho","Bear Lake County",4,85,126,42,84
050,16,007,"Idaho","Bear Lake County",5,0,77,47,30
050,16,007,"Idaho","Bear Lake County",5,1,74,47,27
050,16,007,"Idaho","Bear Lake County",5,2,84,44,40
050,16,007,"Idaho","Bear Lake County",5,3,86,41,45
050,16,007,"Idaho","Bear Lake County",5,4,89,48,41
050,16,007,"Idaho","Bear Lake County",5,5,93,55,38
050,16,007,"Idaho","Bear Lake County",5,6,92,53,39
050,16,007,"Idaho","Bear Lake County",5,7,94,45,49
050,16,007,"Idaho","Bear Lake County",5,8,91,44,47
050,16,007,"Idaho","Bear Lake County",5,9,95,44,51
050,16,007,"Idaho","Bear Lake County",5,10,105,53,52
050,16,007,"Idaho","Bear Lake County",5,11,101,57,44
050,16,007,"Idaho","Bear Lake County",5,12,107,51,56
050,16,007,"Idaho","Bear Lake County",5,13,116,64,52
050,16,007,"Idaho","Bear Lake County",5,14,104,45,59
050,16,007,"Idaho","Bear Lake County",5,15,122,46,76
050,16,007,"Idaho","Bear Lake County",5,16,114,47,67
050,16,007,"Idaho","Bear Lake County",5,17,104,49,55
050,16,007,"Idaho","Bear Lake County",5,18,85,46,39
050,16,007,"Idaho","Bear Lake County",5,19,65,33,32
050,16,007,"Idaho","Bear Lake County",5,20,77,39,38
050,16,007,"Idaho","Bear Lake County",5,21,76,38,38
050,16,007,"Idaho","Bear Lake County",5,22,68,37,31
050,16,007,"Idaho","Bear Lake County",5,23,79,44,35
050,16,007,"Idaho","Bear Lake County",5,24,63,34,29
050,16,007,"Idaho","Bear Lake County",5,25,66,29,37
050,16,007,"Idaho","Bear Lake County",5,26,69,33,36
050,16,007,"Idaho","Bear Lake County",5,27,78,41,37
050,16,007,"Idaho","Bear Lake County",5,28,64,33,31
050,16,007,"Idaho","Bear Lake County",5,29,69,38,31
050,16,007,"Idaho","Bear Lake County",5,30,65,39,26
050,16,007,"Idaho","Bear Lake County",5,31,66,32,34
050,16,007,"Idaho","Bear Lake County",5,32,68,36,32
050,16,007,"Idaho","Bear Lake County",5,33,76,40,36
050,16,007,"Idaho","Bear Lake County",5,34,84,37,47
050,16,007,"Idaho","Bear Lake County",5,35,85,36,49
050,16,007,"Idaho","Bear Lake County",5,36,85,43,42
050,16,007,"Idaho","Bear Lake County",5,37,77,42,35
050,16,007,"Idaho","Bear Lake County",5,38,70,36,34
050,16,007,"Idaho","Bear Lake County",5,39,76,43,33
050,16,007,"Idaho","Bear Lake County",5,40,69,38,31
050,16,007,"Idaho","Bear Lake County",5,41,75,40,35
050,16,007,"Idaho","Bear Lake County",5,42,70,40,30
050,16,007,"Idaho","Bear Lake County",5,43,88,44,44
050,16,007,"Idaho","Bear Lake County",5,44,78,41,37
050,16,007,"Idaho","Bear Lake County",5,45,74,39,35
050,16,007,"Idaho","Bear Lake County",5,46,83,41,42
050,16,007,"Idaho","Bear Lake County",5,47,69,33,36
050,16,007,"Idaho","Bear Lake County",5,48,77,31,46
050,16,007,"Idaho","Bear Lake County",5,49,66,31,35
050,16,007,"Idaho","Bear Lake County",5,50,67,37,30
050,16,007,"Idaho","Bear Lake County",5,51,63,37,26
050,16,007,"Idaho","Bear Lake County",5,52,79,38,41
050,16,007,"Idaho","Bear Lake County",5,53,64,35,29
050,16,007,"Idaho","Bear Lake County",5,54,72,38,34
050,16,007,"Idaho","Bear Lake County",5,55,82,38,44
050,16,007,"Idaho","Bear Lake County",5,56,75,34,41
050,16,007,"Idaho","Bear Lake County",5,57,62,28,34
050,16,007,"Idaho","Bear Lake County",5,58,63,33,30
050,16,007,"Idaho","Bear Lake County",5,59,80,37,43
050,16,007,"Idaho","Bear Lake County",5,60,97,49,48
050,16,007,"Idaho","Bear Lake County",5,61,85,41,44
050,16,007,"Idaho","Bear Lake County",5,62,110,59,51
050,16,007,"Idaho","Bear Lake County",5,63,95,49,46
050,16,007,"Idaho","Bear Lake County",5,64,101,44,57
050,16,007,"Idaho","Bear Lake County",5,65,105,56,49
050,16,007,"Idaho","Bear Lake County",5,66,107,50,57
050,16,007,"Idaho","Bear Lake County",5,67,98,49,49
050,16,007,"Idaho","Bear Lake County",5,68,96,55,41
050,16,007,"Idaho","Bear Lake County",5,69,80,40,40
050,16,007,"Idaho","Bear Lake County",5,70,75,38,37
050,16,007,"Idaho","Bear Lake County",5,71,80,40,40
050,16,007,"Idaho","Bear Lake County",5,72,78,40,38
050,16,007,"Idaho","Bear Lake County",5,73,73,35,38
050,16,007,"Idaho","Bear Lake County",5,74,67,35,32
050,16,007,"Idaho","Bear Lake County",5,75,67,27,40
050,16,007,"Idaho","Bear Lake County",5,76,66,32,34
050,16,007,"Idaho","Bear Lake County",5,77,54,23,31
050,16,007,"Idaho","Bear Lake County",5,78,54,31,23
050,16,007,"Idaho","Bear Lake County",5,79,60,33,27
050,16,007,"Idaho","Bear Lake County",5,80,56,29,27
050,16,007,"Idaho","Bear Lake County",5,81,31,10,21
050,16,007,"Idaho","Bear Lake County",5,82,34,13,21
050,16,007,"Idaho","Bear Lake County",5,83,21,10,11
050,16,007,"Idaho","Bear Lake County",5,84,36,14,22
050,16,007,"Idaho","Bear Lake County",5,85,125,38,87
050,16,009,"Idaho","Benewah County",1,0,98,51,47
050,16,009,"Idaho","Benewah County",1,1,96,46,50
050,16,009,"Idaho","Benewah County",1,2,90,44,46
050,16,009,"Idaho","Benewah County",1,3,102,59,43
050,16,009,"Idaho","Benewah County",1,4,112,60,52
050,16,009,"Idaho","Benewah County",1,5,102,57,45
050,16,009,"Idaho","Benewah County",1,6,117,61,56
050,16,009,"Idaho","Benewah County",1,7,114,57,57
050,16,009,"Idaho","Benewah County",1,8,134,73,61
050,16,009,"Idaho","Benewah County",1,9,122,63,59
050,16,009,"Idaho","Benewah County",1,10,114,48,66
050,16,009,"Idaho","Benewah County",1,11,132,72,60
050,16,009,"Idaho","Benewah County",1,12,132,75,57
050,16,009,"Idaho","Benewah County",1,13,127,67,60
050,16,009,"Idaho","Benewah County",1,14,125,67,58
050,16,009,"Idaho","Benewah County",1,15,123,73,50
050,16,009,"Idaho","Benewah County",1,16,128,68,60
050,16,009,"Idaho","Benewah County",1,17,117,62,55
050,16,009,"Idaho","Benewah County",1,18,110,60,50
050,16,009,"Idaho","Benewah County",1,19,85,43,42
050,16,009,"Idaho","Benewah County",1,20,80,43,37
050,16,009,"Idaho","Benewah County",1,21,76,40,36
050,16,009,"Idaho","Benewah County",1,22,84,43,41
050,16,009,"Idaho","Benewah County",1,23,86,47,39
050,16,009,"Idaho","Benewah County",1,24,94,52,42
050,16,009,"Idaho","Benewah County",1,25,90,46,44
050,16,009,"Idaho","Benewah County",1,26,99,53,46
050,16,009,"Idaho","Benewah County",1,27,94,44,50
050,16,009,"Idaho","Benewah County",1,28,94,55,39
050,16,009,"Idaho","Benewah County",1,29,97,51,46
050,16,009,"Idaho","Benewah County",1,30,96,46,50
050,16,009,"Idaho","Benewah County",1,31,86,35,51
050,16,009,"Idaho","Benewah County",1,32,91,50,41
050,16,009,"Idaho","Benewah County",1,33,100,50,50
050,16,009,"Idaho","Benewah County",1,34,84,39,45
050,16,009,"Idaho","Benewah County",1,35,81,34,47
050,16,009,"Idaho","Benewah County",1,36,91,48,43
050,16,009,"Idaho","Benewah County",1,37,95,53,42
050,16,009,"Idaho","Benewah County",1,38,92,52,40
050,16,009,"Idaho","Benewah County",1,39,111,58,53
050,16,009,"Idaho","Benewah County",1,40,118,61,57
050,16,009,"Idaho","Benewah County",1,41,102,53,49
050,16,009,"Idaho","Benewah County",1,42,100,50,50
050,16,009,"Idaho","Benewah County",1,43,101,50,51
050,16,009,"Idaho","Benewah County",1,44,96,50,46
050,16,009,"Idaho","Benewah County",1,45,108,57,51
050,16,009,"Idaho","Benewah County",1,46,100,53,47
050,16,009,"Idaho","Benewah County",1,47,96,41,55
050,16,009,"Idaho","Benewah County",1,48,115,58,57
050,16,009,"Idaho","Benewah County",1,49,122,58,64
050,16,009,"Idaho","Benewah County",1,50,107,59,48
050,16,009,"Idaho","Benewah County",1,51,112,57,55
050,16,009,"Idaho","Benewah County",1,52,121,63,58
050,16,009,"Idaho","Benewah County",1,53,115,58,57
050,16,009,"Idaho","Benewah County",1,54,132,63,69
050,16,009,"Idaho","Benewah County",1,55,141,73,68
050,16,009,"Idaho","Benewah County",1,56,129,66,63
050,16,009,"Idaho","Benewah County",1,57,140,70,70
050,16,009,"Idaho","Benewah County",1,58,154,71,83
050,16,009,"Idaho","Benewah County",1,59,172,89,83
050,16,009,"Idaho","Benewah County",1,60,153,81,72
050,16,009,"Idaho","Benewah County",1,61,160,83,77
050,16,009,"Idaho","Benewah County",1,62,178,92,86
050,16,009,"Idaho","Benewah County",1,63,185,92,93
050,16,009,"Idaho","Benewah County",1,64,187,86,101
050,16,009,"Idaho","Benewah County",1,65,177,84,93
050,16,009,"Idaho","Benewah County",1,66,155,81,74
050,16,009,"Idaho","Benewah County",1,67,144,78,66
050,16,009,"Idaho","Benewah County",1,68,150,71,79
050,16,009,"Idaho","Benewah County",1,69,148,76,72
050,16,009,"Idaho","Benewah County",1,70,127,64,63
050,16,009,"Idaho","Benewah County",1,71,112,55,57
050,16,009,"Idaho","Benewah County",1,72,132,62,70
050,16,009,"Idaho","Benewah County",1,73,139,68,71
050,16,009,"Idaho","Benewah County",1,74,94,48,46
050,16,009,"Idaho","Benewah County",1,75,96,51,45
050,16,009,"Idaho","Benewah County",1,76,90,48,42
050,16,009,"Idaho","Benewah County",1,77,89,46,43
050,16,009,"Idaho","Benewah County",1,78,82,47,35
050,16,009,"Idaho","Benewah County",1,79,70,36,34
050,16,009,"Idaho","Benewah County",1,80,56,34,22
050,16,009,"Idaho","Benewah County",1,81,55,25,30
050,16,009,"Idaho","Benewah County",1,82,43,22,21
050,16,009,"Idaho","Benewah County",1,83,44,25,19
050,16,009,"Idaho","Benewah County",1,84,36,19,17
050,16,009,"Idaho","Benewah County",1,85,147,76,71
050,16,009,"Idaho","Benewah County",2,0,99,56,43
050,16,009,"Idaho","Benewah County",2,1,95,45,50
050,16,009,"Idaho","Benewah County",2,2,94,45,49
050,16,009,"Idaho","Benewah County",2,3,101,57,44
050,16,009,"Idaho","Benewah County",2,4,109,60,49
050,16,009,"Idaho","Benewah County",2,5,106,59,47
050,16,009,"Idaho","Benewah County",2,6,114,60,54
050,16,009,"Idaho","Benewah County",2,7,117,60,57
050,16,009,"Idaho","Benewah County",2,8,126,69,57
050,16,009,"Idaho","Benewah County",2,9,126,65,61
050,16,009,"Idaho","Benewah County",2,10,117,53,64
050,16,009,"Idaho","Benewah County",2,11,126,65,61
050,16,009,"Idaho","Benewah County",2,12,134,74,60
050,16,009,"Idaho","Benewah County",2,13,126,67,59
050,16,009,"Idaho","Benewah County",2,14,127,68,59
050,16,009,"Idaho","Benewah County",2,15,126,73,53
050,16,009,"Idaho","Benewah County",2,16,127,70,57
050,16,009,"Idaho","Benewah County",2,17,121,65,56
050,16,009,"Idaho","Benewah County",2,18,106,57,49
050,16,009,"Idaho","Benewah County",2,19,86,44,42
050,16,009,"Idaho","Benewah County",2,20,84,44,40
050,16,009,"Idaho","Benewah County",2,21,78,41,37
050,16,009,"Idaho","Benewah County",2,22,84,43,41
050,16,009,"Idaho","Benewah County",2,23,87,46,41
050,16,009,"Idaho","Benewah County",2,24,89,48,41
050,16,009,"Idaho","Benewah County",2,25,93,49,44
050,16,009,"Idaho","Benewah County",2,26,98,51,47
050,16,009,"Idaho","Benewah County",2,27,94,46,48
050,16,009,"Idaho","Benewah County",2,28,96,52,44
050,16,009,"Idaho","Benewah County",2,29,96,52,44
050,16,009,"Idaho","Benewah County",2,30,99,50,49
050,16,009,"Idaho","Benewah County",2,31,89,39,50
050,16,009,"Idaho","Benewah County",2,32,89,46,43
050,16,009,"Idaho","Benewah County",2,33,97,49,48
050,16,009,"Idaho","Benewah County",2,34,88,41,47
050,16,009,"Idaho","Benewah County",2,35,83,36,47
050,16,009,"Idaho","Benewah County",2,36,90,44,46
050,16,009,"Idaho","Benewah County",2,37,96,53,43
050,16,009,"Idaho","Benewah County",2,38,95,53,42
050,16,009,"Idaho","Benewah County",2,39,110,59,51
050,16,009,"Idaho","Benewah County",2,40,118,61,57
050,16,009,"Idaho","Benewah County",2,41,105,54,51
050,16,009,"Idaho","Benewah County",2,42,100,51,49
050,16,009,"Idaho","Benewah County",2,43,101,50,51
050,16,009,"Idaho","Benewah County",2,44,97,50,47
050,16,009,"Idaho","Benewah County",2,45,105,56,49
050,16,009,"Idaho","Benewah County",2,46,103,55,48
050,16,009,"Idaho","Benewah County",2,47,96,44,52
050,16,009,"Idaho","Benewah County",2,48,109,54,55
050,16,009,"Idaho","Benewah County",2,49,122,58,64
050,16,009,"Idaho","Benewah County",2,50,113,61,52
050,16,009,"Idaho","Benewah County",2,51,111,57,54
050,16,009,"Idaho","Benewah County",2,52,119,62,57
050,16,009,"Idaho","Benewah County",2,53,118,60,58
050,16,009,"Idaho","Benewah County",2,54,128,62,66
050,16,009,"Idaho","Benewah County",2,55,140,72,68
050,16,009,"Idaho","Benewah County",2,56,132,68,64
050,16,009,"Idaho","Benewah County",2,57,139,70,69
050,16,009,"Idaho","Benewah County",2,58,153,73,80
050,16,009,"Idaho","Benewah County",2,59,172,88,84
050,16,009,"Idaho","Benewah County",2,60,160,84,76
050,16,009,"Idaho","Benewah County",2,61,159,83,76
050,16,009,"Idaho","Benewah County",2,62,173,90,83
050,16,009,"Idaho","Benewah County",2,63,189,95,94
050,16,009,"Idaho","Benewah County",2,64,187,87,100
050,16,009,"Idaho","Benewah County",2,65,180,84,96
050,16,009,"Idaho","Benewah County",2,66,161,81,80
050,16,009,"Idaho","Benewah County",2,67,147,80,67
050,16,009,"Idaho","Benewah County",2,68,149,73,76
050,16,009,"Idaho","Benewah County",2,69,151,76,75
050,16,009,"Idaho","Benewah County",2,70,130,66,64
050,16,009,"Idaho","Benewah County",2,71,113,56,57
050,16,009,"Idaho","Benewah County",2,72,125,60,65
050,16,009,"Idaho","Benewah County",2,73,143,70,73
050,16,009,"Idaho","Benewah County",2,74,97,48,49
050,16,009,"Idaho","Benewah County",2,75,95,49,46
050,16,009,"Idaho","Benewah County",2,76,91,49,42
050,16,009,"Idaho","Benewah County",2,77,90,47,43
050,16,009,"Idaho","Benewah County",2,78,82,46,36
050,16,009,"Idaho","Benewah County",2,79,70,38,32
050,16,009,"Idaho","Benewah County",2,80,59,34,25
050,16,009,"Idaho","Benewah County",2,81,54,27,27
050,16,009,"Idaho","Benewah County",2,82,47,23,24
050,16,009,"Idaho","Benewah County",2,83,42,23,19
050,16,009,"Idaho","Benewah County",2,84,39,21,18
050,16,009,"Idaho","Benewah County",2,85,144,79,65
050,16,009,"Idaho","Benewah County",3,0,86,44,42
050,16,009,"Idaho","Benewah County",3,1,117,67,50
050,16,009,"Idaho","Benewah County",3,2,100,48,52
050,16,009,"Idaho","Benewah County",3,3,101,49,52
050,16,009,"Idaho","Benewah County",3,4,107,62,45
050,16,009,"Idaho","Benewah County",3,5,134,79,55
050,16,009,"Idaho","Benewah County",3,6,113,64,49
050,16,009,"Idaho","Benewah County",3,7,123,65,58
050,16,009,"Idaho","Benewah County",3,8,114,59,55
050,16,009,"Idaho","Benewah County",3,9,142,77,65
050,16,009,"Idaho","Benewah County",3,10,133,67,66
050,16,009,"Idaho","Benewah County",3,11,119,56,63
050,16,009,"Idaho","Benewah County",3,12,121,57,64
050,16,009,"Idaho","Benewah County",3,13,141,79,62
050,16,009,"Idaho","Benewah County",3,14,124,67,57
050,16,009,"Idaho","Benewah County",3,15,140,75,65
050,16,009,"Idaho","Benewah County",3,16,129,74,55
050,16,009,"Idaho","Benewah County",3,17,121,66,55
050,16,009,"Idaho","Benewah County",3,18,104,57,47
050,16,009,"Idaho","Benewah County",3,19,81,46,35
050,16,009,"Idaho","Benewah County",3,20,83,42,41
050,16,009,"Idaho","Benewah County",3,21,89,45,44
050,16,009,"Idaho","Benewah County",3,22,79,42,37
050,16,009,"Idaho","Benewah County",3,23,91,45,46
050,16,009,"Idaho","Benewah County",3,24,93,52,41
050,16,009,"Idaho","Benewah County",3,25,98,53,45
050,16,009,"Idaho","Benewah County",3,26,106,52,54
050,16,009,"Idaho","Benewah County",3,27,107,57,50
050,16,009,"Idaho","Benewah County",3,28,98,51,47
050,16,009,"Idaho","Benewah County",3,29,105,54,51
050,16,009,"Idaho","Benewah County",3,30,110,54,56
050,16,009,"Idaho","Benewah County",3,31,109,58,51
050,16,009,"Idaho","Benewah County",3,32,96,42,54
050,16,009,"Idaho","Benewah County",3,33,103,56,47
050,16,009,"Idaho","Benewah County",3,34,98,53,45
050,16,009,"Idaho","Benewah County",3,35,96,46,50
050,16,009,"Idaho","Benewah County",3,36,95,45,50
050,16,009,"Idaho","Benewah County",3,37,100,52,48
050,16,009,"Idaho","Benewah County",3,38,103,57,46
050,16,009,"Idaho","Benewah County",3,39,103,58,45
050,16,009,"Idaho","Benewah County",3,40,113,61,52
050,16,009,"Idaho","Benewah County",3,41,122,57,65
050,16,009,"Idaho","Benewah County",3,42,114,59,55
050,16,009,"Idaho","Benewah County",3,43,97,49,48
050,16,009,"Idaho","Benewah County",3,44,107,54,53
050,16,009,"Idaho","Benewah County",3,45,101,53,48
050,16,009,"Idaho","Benewah County",3,46,107,56,51
050,16,009,"Idaho","Benewah County",3,47,102,49,53
050,16,009,"Idaho","Benewah County",3,48,93,45,48
050,16,009,"Idaho","Benewah County",3,49,121,54,67
050,16,009,"Idaho","Benewah County",3,50,128,64,64
050,16,009,"Idaho","Benewah County",3,51,112,66,46
050,16,009,"Idaho","Benewah County",3,52,112,59,53
050,16,009,"Idaho","Benewah County",3,53,116,61,55
050,16,009,"Idaho","Benewah County",3,54,121,60,61
050,16,009,"Idaho","Benewah County",3,55,124,62,62
050,16,009,"Idaho","Benewah County",3,56,147,74,73
050,16,009,"Idaho","Benewah County",3,57,143,70,73
050,16,009,"Idaho","Benewah County",3,58,142,71,71
050,16,009,"Idaho","Benewah County",3,59,155,76,79
050,16,009,"Idaho","Benewah County",3,60,193,103,90
050,16,009,"Idaho","Benewah County",3,61,167,85,82
050,16,009,"Idaho","Benewah County",3,62,160,83,77
050,16,009,"Idaho","Benewah County",3,63,178,91,87
050,16,009,"Idaho","Benewah County",3,64,192,95,97
050,16,009,"Idaho","Benewah County",3,65,193,90,103
050,16,009,"Idaho","Benewah County",3,66,180,83,97
050,16,009,"Idaho","Benewah County",3,67,158,82,76
050,16,009,"Idaho","Benewah County",3,68,151,80,71
050,16,009,"Idaho","Benewah County",3,69,142,70,72
050,16,009,"Idaho","Benewah County",3,70,146,75,71
050,16,009,"Idaho","Benewah County",3,71,130,68,62
050,16,009,"Idaho","Benewah County",3,72,111,55,56
050,16,009,"Idaho","Benewah County",3,73,122,57,65
050,16,009,"Idaho","Benewah County",3,74,138,66,72
050,16,009,"Idaho","Benewah County",3,75,93,42,51
050,16,009,"Idaho","Benewah County",3,76,94,50,44
050,16,009,"Idaho","Benewah County",3,77,90,47,43
050,16,009,"Idaho","Benewah County",3,78,85,47,38
050,16,009,"Idaho","Benewah County",3,79,79,43,36
050,16,009,"Idaho","Benewah County",3,80,66,37,29
050,16,009,"Idaho","Benewah County",3,81,58,32,26
050,16,009,"Idaho","Benewah County",3,82,46,26,20
050,16,009,"Idaho","Benewah County",3,83,41,20,21
050,16,009,"Idaho","Benewah County",3,84,37,18,19
050,16,009,"Idaho","Benewah County",3,85,156,83,73
050,16,009,"Idaho","Benewah County",4,0,94,47,47
050,16,009,"Idaho","Benewah County",4,1,90,47,43
050,16,009,"Idaho","Benewah County",4,2,120,67,53
050,16,009,"Idaho","Benewah County",4,3,112,55,57
050,16,009,"Idaho","Benewah County",4,4,110,55,55
050,16,009,"Idaho","Benewah County",4,5,122,67,55
050,16,009,"Idaho","Benewah County",4,6,141,81,60
050,16,009,"Idaho","Benewah County",4,7,119,67,52
050,16,009,"Idaho","Benewah County",4,8,133,66,67
050,16,009,"Idaho","Benewah County",4,9,119,62,57
050,16,009,"Idaho","Benewah County",4,10,154,83,71
050,16,009,"Idaho","Benewah County",4,11,147,78,69
050,16,009,"Idaho","Benewah County",4,12,122,55,67
050,16,009,"Idaho","Benewah County",4,13,136,66,70
050,16,009,"Idaho","Benewah County",4,14,146,83,63
050,16,009,"Idaho","Benewah County",4,15,140,73,67
050,16,009,"Idaho","Benewah County",4,16,151,80,71
050,16,009,"Idaho","Benewah County",4,17,137,80,57
050,16,009,"Idaho","Benewah County",4,18,112,64,48
050,16,009,"Idaho","Benewah County",4,19,76,42,34
050,16,009,"Idaho","Benewah County",4,20,81,43,38
050,16,009,"Idaho","Benewah County",4,21,82,42,40
050,16,009,"Idaho","Benewah County",4,22,97,45,52
050,16,009,"Idaho","Benewah County",4,23,76,45,31
050,16,009,"Idaho","Benewah County",4,24,92,46,46
050,16,009,"Idaho","Benewah County",4,25,90,50,40
050,16,009,"Idaho","Benewah County",4,26,107,58,49
050,16,009,"Idaho","Benewah County",4,27,119,60,59
050,16,009,"Idaho","Benewah County",4,28,105,52,53
050,16,009,"Idaho","Benewah County",4,29,109,56,53
050,16,009,"Idaho","Benewah County",4,30,119,60,59
050,16,009,"Idaho","Benewah County",4,31,110,53,57
050,16,009,"Idaho","Benewah County",4,32,110,61,49
050,16,009,"Idaho","Benewah County",4,33,105,50,55
050,16,009,"Idaho","Benewah County",4,34,105,55,50
050,16,009,"Idaho","Benewah County",4,35,112,58,54
050,16,009,"Idaho","Benewah County",4,36,110,50,60
050,16,009,"Idaho","Benewah County",4,37,106,50,56
050,16,009,"Idaho","Benewah County",4,38,103,58,45
050,16,009,"Idaho","Benewah County",4,39,115,66,49
050,16,009,"Idaho","Benewah County",4,40,107,59,48
050,16,009,"Idaho","Benewah County",4,41,122,65,57
050,16,009,"Idaho","Benewah County",4,42,137,64,73
050,16,009,"Idaho","Benewah County",4,43,115,64,51
050,16,009,"Idaho","Benewah County",4,44,104,53,51
050,16,009,"Idaho","Benewah County",4,45,107,58,49
050,16,009,"Idaho","Benewah County",4,46,109,56,53
050,16,009,"Idaho","Benewah County",4,47,121,64,57
050,16,009,"Idaho","Benewah County",4,48,108,49,59
050,16,009,"Idaho","Benewah County",4,49,96,46,50
050,16,009,"Idaho","Benewah County",4,50,125,56,69
050,16,009,"Idaho","Benewah County",4,51,126,63,63
050,16,009,"Idaho","Benewah County",4,52,130,78,52
050,16,009,"Idaho","Benewah County",4,53,127,65,62
050,16,009,"Idaho","Benewah County",4,54,117,61,56
050,16,009,"Idaho","Benewah County",4,55,139,68,71
050,16,009,"Idaho","Benewah County",4,56,136,67,69
050,16,009,"Idaho","Benewah County",4,57,150,74,76
050,16,009,"Idaho","Benewah County",4,58,148,78,70
050,16,009,"Idaho","Benewah County",4,59,147,76,71
050,16,009,"Idaho","Benewah County",4,60,162,78,84
050,16,009,"Idaho","Benewah County",4,61,198,106,92
050,16,009,"Idaho","Benewah County",4,62,175,90,85
050,16,009,"Idaho","Benewah County",4,63,165,86,79
050,16,009,"Idaho","Benewah County",4,64,177,95,82
050,16,009,"Idaho","Benewah County",4,65,204,99,105
050,16,009,"Idaho","Benewah County",4,66,197,91,106
050,16,009,"Idaho","Benewah County",4,67,177,87,90
050,16,009,"Idaho","Benewah County",4,68,164,87,77
050,16,009,"Idaho","Benewah County",4,69,146,83,63
050,16,009,"Idaho","Benewah County",4,70,135,67,68
050,16,009,"Idaho","Benewah County",4,71,138,67,71
050,16,009,"Idaho","Benewah County",4,72,132,67,65
050,16,009,"Idaho","Benewah County",4,73,108,52,56
050,16,009,"Idaho","Benewah County",4,74,115,51,64
050,16,009,"Idaho","Benewah County",4,75,124,58,66
050,16,009,"Idaho","Benewah County",4,76,86,41,45
050,16,009,"Idaho","Benewah County",4,77,91,49,42
050,16,009,"Idaho","Benewah County",4,78,85,43,42
050,16,009,"Idaho","Benewah County",4,79,81,42,39
050,16,009,"Idaho","Benewah County",4,80,70,41,29
050,16,009,"Idaho","Benewah County",4,81,63,35,28
050,16,009,"Idaho","Benewah County",4,82,50,30,20
050,16,009,"Idaho","Benewah County",4,83,43,24,19
050,16,009,"Idaho","Benewah County",4,84,35,17,18
050,16,009,"Idaho","Benewah County",4,85,165,80,85
050,16,009,"Idaho","Benewah County",5,0,104,50,54
050,16,009,"Idaho","Benewah County",5,1,101,57,44
050,16,009,"Idaho","Benewah County",5,2,92,51,41
050,16,009,"Idaho","Benewah County",5,3,121,71,50
050,16,009,"Idaho","Benewah County",5,4,111,51,60
050,16,009,"Idaho","Benewah County",5,5,114,56,58
050,16,009,"Idaho","Benewah County",5,6,122,70,52
050,16,009,"Idaho","Benewah County",5,7,142,79,63
050,16,009,"Idaho","Benewah County",5,8,125,68,57
050,16,009,"Idaho","Benewah County",5,9,138,68,70
050,16,009,"Idaho","Benewah County",5,10,121,59,62
050,16,009,"Idaho","Benewah County",5,11,152,83,69
050,16,009,"Idaho","Benewah County",5,12,154,84,70
050,16,009,"Idaho","Benewah County",5,13,125,55,70
050,16,009,"Idaho","Benewah County",5,14,137,66,71
050,16,009,"Idaho","Benewah County",5,15,147,84,63
050,16,009,"Idaho","Benewah County",5,16,144,72,72
050,16,009,"Idaho","Benewah County",5,17,155,81,74
050,16,009,"Idaho","Benewah County",5,18,120,70,50
050,16,009,"Idaho","Benewah County",5,19,84,48,36
050,16,009,"Idaho","Benewah County",5,20,85,48,37
050,16,009,"Idaho","Benewah County",5,21,87,44,43
050,16,009,"Idaho","Benewah County",5,22,87,44,43
050,16,009,"Idaho","Benewah County",5,23,109,50,59
050,16,009,"Idaho","Benewah County",5,24,89,53,36
050,16,009,"Idaho","Benewah County",5,25,85,44,41
050,16,009,"Idaho","Benewah County",5,26,78,45,33
050,16,009,"Idaho","Benewah County",5,27,106,59,47
050,16,009,"Idaho","Benewah County",5,28,107,51,56
050,16,009,"Idaho","Benewah County",5,29,102,52,50
050,16,009,"Idaho","Benewah County",5,30,122,64,58
050,16,009,"Idaho","Benewah County",5,31,117,59,58
050,16,009,"Idaho","Benewah County",5,32,105,49,56
050,16,009,"Idaho","Benewah County",5,33,114,63,51
050,16,009,"Idaho","Benewah County",5,34,108,49,59
050,16,009,"Idaho","Benewah County",5,35,115,59,56
050,16,009,"Idaho","Benewah County",5,36,115,58,57
050,16,009,"Idaho","Benewah County",5,37,112,49,63
050,16,009,"Idaho","Benewah County",5,38,113,56,57
050,16,009,"Idaho","Benewah County",5,39,106,59,47
050,16,009,"Idaho","Benewah County",5,40,121,67,54
050,16,009,"Idaho","Benewah County",5,41,110,57,53
050,16,009,"Idaho","Benewah County",5,42,123,66,57
050,16,009,"Idaho","Benewah County",5,43,137,70,67
050,16,009,"Idaho","Benewah County",5,44,120,65,55
050,16,009,"Idaho","Benewah County",5,45,110,59,51
050,16,009,"Idaho","Benewah County",5,46,110,58,52
050,16,009,"Idaho","Benewah County",5,47,108,54,54
050,16,009,"Idaho","Benewah County",5,48,127,67,60
050,16,009,"Idaho","Benewah County",5,49,106,50,56
050,16,009,"Idaho","Benewah County",5,50,96,49,47
050,16,009,"Idaho","Benewah County",5,51,130,55,75
050,16,009,"Idaho","Benewah County",5,52,128,65,63
050,16,009,"Idaho","Benewah County",5,53,123,76,47
050,16,009,"Idaho","Benewah County",5,54,121,59,62
050,16,009,"Idaho","Benewah County",5,55,122,60,62
050,16,009,"Idaho","Benewah County",5,56,144,69,75
050,16,009,"Idaho","Benewah County",5,57,139,70,69
050,16,009,"Idaho","Benewah County",5,58,148,75,73
050,16,009,"Idaho","Benewah County",5,59,145,77,68
050,16,009,"Idaho","Benewah County",5,60,149,77,72
050,16,009,"Idaho","Benewah County",5,61,161,79,82
050,16,009,"Idaho","Benewah County",5,62,189,104,85
050,16,009,"Idaho","Benewah County",5,63,178,93,85
050,16,009,"Idaho","Benewah County",5,64,167,87,80
050,16,009,"Idaho","Benewah County",5,65,183,95,88
050,16,009,"Idaho","Benewah County",5,66,203,98,105
050,16,009,"Idaho","Benewah County",5,67,197,90,107
050,16,009,"Idaho","Benewah County",5,68,185,92,93
050,16,009,"Idaho","Benewah County",5,69,159,87,72
050,16,009,"Idaho","Benewah County",5,70,146,86,60
050,16,009,"Idaho","Benewah County",5,71,129,64,65
050,16,009,"Idaho","Benewah County",5,72,132,68,64
050,16,009,"Idaho","Benewah County",5,73,133,67,66
050,16,009,"Idaho","Benewah County",5,74,98,46,52
050,16,009,"Idaho","Benewah County",5,75,105,45,60
050,16,009,"Idaho","Benewah County",5,76,115,57,58
050,16,009,"Idaho","Benewah County",5,77,79,39,40
050,16,009,"Idaho","Benewah County",5,78,87,46,41
050,16,009,"Idaho","Benewah County",5,79,76,36,40
050,16,009,"Idaho","Benewah County",5,80,78,43,35
050,16,009,"Idaho","Benewah County",5,81,65,40,25
050,16,009,"Idaho","Benewah County",5,82,56,31,25
050,16,009,"Idaho","Benewah County",5,83,47,26,21
050,16,009,"Idaho","Benewah County",5,84,39,20,19
050,16,009,"Idaho","Benewah County",5,85,174,81,93
050,16,011,"Idaho","Bingham County",1,0,605,315,290
050,16,011,"Idaho","Bingham County",1,1,633,337,296
050,16,011,"Idaho","Bingham County",1,2,636,319,317
050,16,011,"Idaho","Bingham County",1,3,695,333,362
050,16,011,"Idaho","Bingham County",1,4,782,391,391
050,16,011,"Idaho","Bingham County",1,5,775,394,381
050,16,011,"Idaho","Bingham County",1,6,792,392,400
050,16,011,"Idaho","Bingham County",1,7,818,410,408
050,16,011,"Idaho","Bingham County",1,8,809,405,404
050,16,011,"Idaho","Bingham County",1,9,829,414,415
050,16,011,"Idaho","Bingham County",1,10,874,434,440
050,16,011,"Idaho","Bingham County",1,11,916,478,438
050,16,011,"Idaho","Bingham County",1,12,947,505,442
050,16,011,"Idaho","Bingham County",1,13,910,467,443
050,16,011,"Idaho","Bingham County",1,14,945,477,468
050,16,011,"Idaho","Bingham County",1,15,909,444,465
050,16,011,"Idaho","Bingham County",1,16,852,421,431
050,16,011,"Idaho","Bingham County",1,17,798,416,382
050,16,011,"Idaho","Bingham County",1,18,729,397,332
050,16,011,"Idaho","Bingham County",1,19,592,320,272
050,16,011,"Idaho","Bingham County",1,20,579,298,281
050,16,011,"Idaho","Bingham County",1,21,583,321,262
050,16,011,"Idaho","Bingham County",1,22,566,298,268
050,16,011,"Idaho","Bingham County",1,23,552,297,255
050,16,011,"Idaho","Bingham County",1,24,533,273,260
050,16,011,"Idaho","Bingham County",1,25,555,277,278
050,16,011,"Idaho","Bingham County",1,26,548,267,281
050,16,011,"Idaho","Bingham County",1,27,587,301,286
050,16,011,"Idaho","Bingham County",1,28,567,277,290
050,16,011,"Idaho","Bingham County",1,29,551,268,283
050,16,011,"Idaho","Bingham County",1,30,572,279,293
050,16,011,"Idaho","Bingham County",1,31,547,261,286
050,16,011,"Idaho","Bingham County",1,32,567,273,294
050,16,011,"Idaho","Bingham County",1,33,568,279,289
050,16,011,"Idaho","Bingham County",1,34,620,305,315
050,16,011,"Idaho","Bingham County",1,35,616,293,323
050,16,011,"Idaho","Bingham County",1,36,624,309,315
050,16,011,"Idaho","Bingham County",1,37,659,318,341
050,16,011,"Idaho","Bingham County",1,38,659,334,325
050,16,011,"Idaho","Bingham County",1,39,618,320,298
050,16,011,"Idaho","Bingham County",1,40,603,311,292
050,16,011,"Idaho","Bingham County",1,41,610,315,295
050,16,011,"Idaho","Bingham County",1,42,619,318,301
050,16,011,"Idaho","Bingham County",1,43,578,288,290
050,16,011,"Idaho","Bingham County",1,44,561,292,269
050,16,011,"Idaho","Bingham County",1,45,563,293,270
050,16,011,"Idaho","Bingham County",1,46,525,268,257
050,16,011,"Idaho","Bingham County",1,47,487,254,233
050,16,011,"Idaho","Bingham County",1,48,490,253,237
050,16,011,"Idaho","Bingham County",1,49,516,262,254
050,16,011,"Idaho","Bingham County",1,50,506,249,257
050,16,011,"Idaho","Bingham County",1,51,480,238,242
050,16,011,"Idaho","Bingham County",1,52,469,221,248
050,16,011,"Idaho","Bingham County",1,53,462,228,234
050,16,011,"Idaho","Bingham County",1,54,467,236,231
050,16,011,"Idaho","Bingham County",1,55,512,256,256
050,16,011,"Idaho","Bingham County",1,56,546,267,279
050,16,011,"Idaho","Bingham County",1,57,577,293,284
050,16,011,"Idaho","Bingham County",1,58,574,303,271
050,16,011,"Idaho","Bingham County",1,59,549,281,268
050,16,011,"Idaho","Bingham County",1,60,567,288,279
050,16,011,"Idaho","Bingham County",1,61,559,284,275
050,16,011,"Idaho","Bingham County",1,62,592,296,296
050,16,011,"Idaho","Bingham County",1,63,576,277,299
050,16,011,"Idaho","Bingham County",1,64,547,278,269
050,16,011,"Idaho","Bingham County",1,65,523,261,262
050,16,011,"Idaho","Bingham County",1,66,537,282,255
050,16,011,"Idaho","Bingham County",1,67,526,268,258
050,16,011,"Idaho","Bingham County",1,68,464,226,238
050,16,011,"Idaho","Bingham County",1,69,422,210,212
050,16,011,"Idaho","Bingham County",1,70,386,191,195
050,16,011,"Idaho","Bingham County",1,71,372,189,183
050,16,011,"Idaho","Bingham County",1,72,367,181,186
050,16,011,"Idaho","Bingham County",1,73,369,194,175
050,16,011,"Idaho","Bingham County",1,74,267,126,141
050,16,011,"Idaho","Bingham County",1,75,258,125,133
050,16,011,"Idaho","Bingham County",1,76,291,133,158
050,16,011,"Idaho","Bingham County",1,77,263,130,133
050,16,011,"Idaho","Bingham County",1,78,226,110,116
050,16,011,"Idaho","Bingham County",1,79,199,100,99
050,16,011,"Idaho","Bingham County",1,80,189,96,93
050,16,011,"Idaho","Bingham County",1,81,164,85,79
050,16,011,"Idaho","Bingham County",1,82,157,79,78
050,16,011,"Idaho","Bingham County",1,83,152,71,81
050,16,011,"Idaho","Bingham County",1,84,118,52,66
050,16,011,"Idaho","Bingham County",1,85,681,278,403
050,16,011,"Idaho","Bingham County",2,0,611,307,304
050,16,011,"Idaho","Bingham County",2,1,630,331,299
050,16,011,"Idaho","Bingham County",2,2,640,325,315
050,16,011,"Idaho","Bingham County",2,3,683,333,350
050,16,011,"Idaho","Bingham County",2,4,766,380,386
050,16,011,"Idaho","Bingham County",2,5,781,396,385
050,16,011,"Idaho","Bingham County",2,6,793,396,397
050,16,011,"Idaho","Bingham County",2,7,815,407,408
050,16,011,"Idaho","Bingham County",2,8,809,407,402
050,16,011,"Idaho","Bingham County",2,9,819,412,407
050,16,011,"Idaho","Bingham County",2,10,860,430,430
050,16,011,"Idaho","Bingham County",2,11,902,464,438
050,16,011,"Idaho","Bingham County",2,12,940,499,441
050,16,011,"Idaho","Bingham County",2,13,920,478,442
050,16,011,"Idaho","Bingham County",2,14,934,473,461
050,16,011,"Idaho","Bingham County",2,15,919,454,465
050,16,011,"Idaho","Bingham County",2,16,866,428,438
050,16,011,"Idaho","Bingham County",2,17,811,418,393
050,16,011,"Idaho","Bingham County",2,18,711,385,326
050,16,011,"Idaho","Bingham County",2,19,599,324,275
050,16,011,"Idaho","Bingham County",2,20,591,307,284
050,16,011,"Idaho","Bingham County",2,21,588,317,271
050,16,011,"Idaho","Bingham County",2,22,570,302,268
050,16,011,"Idaho","Bingham County",2,23,562,298,264
050,16,011,"Idaho","Bingham County",2,24,541,280,261
050,16,011,"Idaho","Bingham County",2,25,550,275,275
050,16,011,"Idaho","Bingham County",2,26,550,269,281
050,16,011,"Idaho","Bingham County",2,27,577,293,284
050,16,011,"Idaho","Bingham County",2,28,579,288,291
050,16,011,"Idaho","Bingham County",2,29,559,271,288
050,16,011,"Idaho","Bingham County",2,30,571,281,290
050,16,011,"Idaho","Bingham County",2,31,556,269,287
050,16,011,"Idaho","Bingham County",2,32,566,272,294
050,16,011,"Idaho","Bingham County",2,33,572,280,292
050,16,011,"Idaho","Bingham County",2,34,612,305,307
050,16,011,"Idaho","Bingham County",2,35,618,296,322
050,16,011,"Idaho","Bingham County",2,36,620,302,318
050,16,011,"Idaho","Bingham County",2,37,654,317,337
050,16,011,"Idaho","Bingham County",2,38,663,333,330
050,16,011,"Idaho","Bingham County",2,39,620,322,298
050,16,011,"Idaho","Bingham County",2,40,616,318,298
050,16,011,"Idaho","Bingham County",2,41,609,312,297
050,16,011,"Idaho","Bingham County",2,42,619,317,302
050,16,011,"Idaho","Bingham County",2,43,592,298,294
050,16,011,"Idaho","Bingham County",2,44,562,290,272
050,16,011,"Idaho","Bingham County",2,45,567,295,272
050,16,011,"Idaho","Bingham County",2,46,534,276,258
050,16,011,"Idaho","Bingham County",2,47,492,255,237
050,16,011,"Idaho","Bingham County",2,48,486,252,234
050,16,011,"Idaho","Bingham County",2,49,513,262,251
050,16,011,"Idaho","Bingham County",2,50,510,254,256
050,16,011,"Idaho","Bingham County",2,51,486,241,245
050,16,011,"Idaho","Bingham County",2,52,478,229,249
050,16,011,"Idaho","Bingham County",2,53,461,225,236
050,16,011,"Idaho","Bingham County",2,54,464,230,234
050,16,011,"Idaho","Bingham County",2,55,502,253,249
050,16,011,"Idaho","Bingham County",2,56,539,265,274
050,16,011,"Idaho","Bingham County",2,57,568,286,282
050,16,011,"Idaho","Bingham County",2,58,573,299,274
050,16,011,"Idaho","Bingham County",2,59,557,286,271
050,16,011,"Idaho","Bingham County",2,60,557,284,273
050,16,011,"Idaho","Bingham County",2,61,563,286,277
050,16,011,"Idaho","Bingham County",2,62,579,290,289
050,16,011,"Idaho","Bingham County",2,63,589,286,303
050,16,011,"Idaho","Bingham County",2,64,553,276,277
050,16,011,"Idaho","Bingham County",2,65,526,264,262
050,16,011,"Idaho","Bingham County",2,66,534,277,257
050,16,011,"Idaho","Bingham County",2,67,528,269,259
050,16,011,"Idaho","Bingham County",2,68,474,236,238
050,16,011,"Idaho","Bingham County",2,69,433,214,219
050,16,011,"Idaho","Bingham County",2,70,394,197,197
050,16,011,"Idaho","Bingham County",2,71,376,188,188
050,16,011,"Idaho","Bingham County",2,72,363,180,183
050,16,011,"Idaho","Bingham County",2,73,389,203,186
050,16,011,"Idaho","Bingham County",2,74,275,133,142
050,16,011,"Idaho","Bingham County",2,75,260,126,134
050,16,011,"Idaho","Bingham County",2,76,280,129,151
050,16,011,"Idaho","Bingham County",2,77,274,133,141
050,16,011,"Idaho","Bingham County",2,78,228,112,116
050,16,011,"Idaho","Bingham County",2,79,200,100,100
050,16,011,"Idaho","Bingham County",2,80,189,97,92
050,16,011,"Idaho","Bingham County",2,81,167,85,82
050,16,011,"Idaho","Bingham County",2,82,157,80,77
050,16,011,"Idaho","Bingham County",2,83,149,72,77
050,16,011,"Idaho","Bingham County",2,84,121,55,66
050,16,011,"Idaho","Bingham County",2,85,683,279,404
050,16,011,"Idaho","Bingham County",3,0,668,330,338
050,16,011,"Idaho","Bingham County",3,1,623,324,299
050,16,011,"Idaho","Bingham County",3,2,675,353,322
050,16,011,"Idaho","Bingham County",3,3,651,328,323
050,16,011,"Idaho","Bingham County",3,4,721,359,362
050,16,011,"Idaho","Bingham County",3,5,786,377,409
050,16,011,"Idaho","Bingham County",3,6,805,416,389
050,16,011,"Idaho","Bingham County",3,7,795,402,393
050,16,011,"Idaho","Bingham County",3,8,823,410,413
050,16,011,"Idaho","Bingham County",3,9,801,395,406
050,16,011,"Idaho","Bingham County",3,10,810,417,393
050,16,011,"Idaho","Bingham County",3,11,875,445,430
050,16,011,"Idaho","Bingham County",3,12,924,470,454
050,16,011,"Idaho","Bingham County",3,13,947,513,434
050,16,011,"Idaho","Bingham County",3,14,938,492,446
050,16,011,"Idaho","Bingham County",3,15,961,475,486
050,16,011,"Idaho","Bingham County",3,16,916,454,462
050,16,011,"Idaho","Bingham County",3,17,876,437,439
050,16,011,"Idaho","Bingham County",3,18,717,380,337
050,16,011,"Idaho","Bingham County",3,19,584,314,270
050,16,011,"Idaho","Bingham County",3,20,610,326,284
050,16,011,"Idaho","Bingham County",3,21,623,326,297
050,16,011,"Idaho","Bingham County",3,22,608,315,293
050,16,011,"Idaho","Bingham County",3,23,587,304,283
050,16,011,"Idaho","Bingham County",3,24,584,319,265
050,16,011,"Idaho","Bingham County",3,25,552,290,262
050,16,011,"Idaho","Bingham County",3,26,549,270,279
050,16,011,"Idaho","Bingham County",3,27,552,272,280
050,16,011,"Idaho","Bingham County",3,28,594,297,297
050,16,011,"Idaho","Bingham County",3,29,581,287,294
050,16,011,"Idaho","Bingham County",3,30,567,282,285
050,16,011,"Idaho","Bingham County",3,31,586,289,297
050,16,011,"Idaho","Bingham County",3,32,600,286,314
050,16,011,"Idaho","Bingham County",3,33,583,278,305
050,16,011,"Idaho","Bingham County",3,34,594,304,290
050,16,011,"Idaho","Bingham County",3,35,608,307,301
050,16,011,"Idaho","Bingham County",3,36,626,293,333
050,16,011,"Idaho","Bingham County",3,37,633,315,318
050,16,011,"Idaho","Bingham County",3,38,680,322,358
050,16,011,"Idaho","Bingham County",3,39,655,327,328
050,16,011,"Idaho","Bingham County",3,40,648,330,318
050,16,011,"Idaho","Bingham County",3,41,618,319,299
050,16,011,"Idaho","Bingham County",3,42,636,328,308
050,16,011,"Idaho","Bingham County",3,43,620,318,302
050,16,011,"Idaho","Bingham County",3,44,615,316,299
050,16,011,"Idaho","Bingham County",3,45,566,290,276
050,16,011,"Idaho","Bingham County",3,46,576,307,269
050,16,011,"Idaho","Bingham County",3,47,549,276,273
050,16,011,"Idaho","Bingham County",3,48,487,254,233
050,16,011,"Idaho","Bingham County",3,49,491,260,231
050,16,011,"Idaho","Bingham County",3,50,522,269,253
050,16,011,"Idaho","Bingham County",3,51,499,250,249
050,16,011,"Idaho","Bingham County",3,52,493,250,243
050,16,011,"Idaho","Bingham County",3,53,479,223,256
050,16,011,"Idaho","Bingham County",3,54,471,230,241
050,16,011,"Idaho","Bingham County",3,55,466,228,238
050,16,011,"Idaho","Bingham County",3,56,508,261,247
050,16,011,"Idaho","Bingham County",3,57,537,263,274
050,16,011,"Idaho","Bingham County",3,58,561,286,275
050,16,011,"Idaho","Bingham County",3,59,583,307,276
050,16,011,"Idaho","Bingham County",3,60,560,286,274
050,16,011,"Idaho","Bingham County",3,61,566,282,284
050,16,011,"Idaho","Bingham County",3,62,559,283,276
050,16,011,"Idaho","Bingham County",3,63,587,288,299
050,16,011,"Idaho","Bingham County",3,64,592,287,305
050,16,011,"Idaho","Bingham County",3,65,551,276,275
050,16,011,"Idaho","Bingham County",3,66,527,261,266
050,16,011,"Idaho","Bingham County",3,67,534,267,267
050,16,011,"Idaho","Bingham County",3,68,520,271,249
050,16,011,"Idaho","Bingham County",3,69,486,248,238
050,16,011,"Idaho","Bingham County",3,70,436,216,220
050,16,011,"Idaho","Bingham County",3,71,376,183,193
050,16,011,"Idaho","Bingham County",3,72,368,188,180
050,16,011,"Idaho","Bingham County",3,73,352,178,174
050,16,011,"Idaho","Bingham County",3,74,378,193,185
050,16,011,"Idaho","Bingham County",3,75,262,131,131
050,16,011,"Idaho","Bingham County",3,76,251,121,130
050,16,011,"Idaho","Bingham County",3,77,271,124,147
050,16,011,"Idaho","Bingham County",3,78,271,133,138
050,16,011,"Idaho","Bingham County",3,79,213,107,106
050,16,011,"Idaho","Bingham County",3,80,196,95,101
050,16,011,"Idaho","Bingham County",3,81,176,88,88
050,16,011,"Idaho","Bingham County",3,82,150,71,79
050,16,011,"Idaho","Bingham County",3,83,136,67,69
050,16,011,"Idaho","Bingham County",3,84,127,61,66
050,16,011,"Idaho","Bingham County",3,85,691,274,417
050,16,011,"Idaho","Bingham County",4,0,659,338,321
050,16,011,"Idaho","Bingham County",4,1,702,334,368
050,16,011,"Idaho","Bingham County",4,2,639,334,305
050,16,011,"Idaho","Bingham County",4,3,694,359,335
050,16,011,"Idaho","Bingham County",4,4,670,342,328
050,16,011,"Idaho","Bingham County",4,5,739,358,381
050,16,011,"Idaho","Bingham County",4,6,803,390,413
050,16,011,"Idaho","Bingham County",4,7,817,415,402
050,16,011,"Idaho","Bingham County",4,8,793,405,388
050,16,011,"Idaho","Bingham County",4,9,851,430,421
050,16,011,"Idaho","Bingham County",4,10,837,416,421
050,16,011,"Idaho","Bingham County",4,11,821,427,394
050,16,011,"Idaho","Bingham County",4,12,896,450,446
050,16,011,"Idaho","Bingham County",4,13,934,484,450
050,16,011,"Idaho","Bingham County",4,14,962,514,448
050,16,011,"Idaho","Bingham County",4,15,955,504,451
050,16,011,"Idaho","Bingham County",4,16,975,473,502
050,16,011,"Idaho","Bingham County",4,17,925,464,461
050,16,011,"Idaho","Bingham County",4,18,760,387,373
050,16,011,"Idaho","Bingham County",4,19,593,321,272
050,16,011,"Idaho","Bingham County",4,20,604,309,295
050,16,011,"Idaho","Bingham County",4,21,672,363,309
050,16,011,"Idaho","Bingham County",4,22,639,323,316
050,16,011,"Idaho","Bingham County",4,23,638,335,303
050,16,011,"Idaho","Bingham County",4,24,617,331,286
050,16,011,"Idaho","Bingham County",4,25,576,315,261
050,16,011,"Idaho","Bingham County",4,26,565,298,267
050,16,011,"Idaho","Bingham County",4,27,585,282,303
050,16,011,"Idaho","Bingham County",4,28,591,304,287
050,16,011,"Idaho","Bingham County",4,29,603,302,301
050,16,011,"Idaho","Bingham County",4,30,613,310,303
050,16,011,"Idaho","Bingham County",4,31,568,286,282
050,16,011,"Idaho","Bingham County",4,32,594,285,309
050,16,011,"Idaho","Bingham County",4,33,625,306,319
050,16,011,"Idaho","Bingham County",4,34,604,290,314
050,16,011,"Idaho","Bingham County",4,35,592,294,298
050,16,011,"Idaho","Bingham County",4,36,624,305,319
050,16,011,"Idaho","Bingham County",4,37,656,322,334
050,16,011,"Idaho","Bingham County",4,38,665,319,346
050,16,011,"Idaho","Bingham County",4,39,703,340,363
050,16,011,"Idaho","Bingham County",4,40,677,333,344
050,16,011,"Idaho","Bingham County",4,41,655,338,317
050,16,011,"Idaho","Bingham County",4,42,641,330,311
050,16,011,"Idaho","Bingham County",4,43,644,329,315
050,16,011,"Idaho","Bingham County",4,44,638,321,317
050,16,011,"Idaho","Bingham County",4,45,612,308,304
050,16,011,"Idaho","Bingham County",4,46,584,310,274
050,16,011,"Idaho","Bingham County",4,47,585,305,280
050,16,011,"Idaho","Bingham County",4,48,551,278,273
050,16,011,"Idaho","Bingham County",4,49,503,271,232
050,16,011,"Idaho","Bingham County",4,50,496,265,231
050,16,011,"Idaho","Bingham County",4,51,522,264,258
050,16,011,"Idaho","Bingham County",4,52,511,257,254
050,16,011,"Idaho","Bingham County",4,53,483,241,242
050,16,011,"Idaho","Bingham County",4,54,496,226,270
050,16,011,"Idaho","Bingham County",4,55,490,247,243
050,16,011,"Idaho","Bingham County",4,56,460,228,232
050,16,011,"Idaho","Bingham County",4,57,511,265,246
050,16,011,"Idaho","Bingham County",4,58,539,262,277
050,16,011,"Idaho","Bingham County",4,59,572,293,279
050,16,011,"Idaho","Bingham County",4,60,574,301,273
050,16,011,"Idaho","Bingham County",4,61,559,274,285
050,16,011,"Idaho","Bingham County",4,62,553,275,278
050,16,011,"Idaho","Bingham County",4,63,571,288,283
050,16,011,"Idaho","Bingham County",4,64,585,289,296
050,16,011,"Idaho","Bingham County",4,65,600,290,310
050,16,011,"Idaho","Bingham County",4,66,548,267,281
050,16,011,"Idaho","Bingham County",4,67,541,262,279
050,16,011,"Idaho","Bingham County",4,68,521,263,258
050,16,011,"Idaho","Bingham County",4,69,524,275,249
050,16,011,"Idaho","Bingham County",4,70,482,249,233
050,16,011,"Idaho","Bingham County",4,71,425,209,216
050,16,011,"Idaho","Bingham County",4,72,369,183,186
050,16,011,"Idaho","Bingham County",4,73,367,185,182
050,16,011,"Idaho","Bingham County",4,74,349,166,183
050,16,011,"Idaho","Bingham County",4,75,361,186,175
050,16,011,"Idaho","Bingham County",4,76,257,125,132
050,16,011,"Idaho","Bingham County",4,77,247,119,128
050,16,011,"Idaho","Bingham County",4,78,261,114,147
050,16,011,"Idaho","Bingham County",4,79,252,121,131
050,16,011,"Idaho","Bingham County",4,80,210,109,101
050,16,011,"Idaho","Bingham County",4,81,183,84,99
050,16,011,"Idaho","Bingham County",4,82,163,80,83
050,16,011,"Idaho","Bingham County",4,83,131,58,73
050,16,011,"Idaho","Bingham County",4,84,118,59,59
050,16,011,"Idaho","Bingham County",4,85,693,291,402
050,16,011,"Idaho","Bingham County",5,0,662,338,324
050,16,011,"Idaho","Bingham County",5,1,665,346,319
050,16,011,"Idaho","Bingham County",5,2,681,338,343
050,16,011,"Idaho","Bingham County",5,3,623,323,300
050,16,011,"Idaho","Bingham County",5,4,674,350,324
050,16,011,"Idaho","Bingham County",5,5,673,344,329
050,16,011,"Idaho","Bingham County",5,6,753,368,385
050,16,011,"Idaho","Bingham County",5,7,823,396,427
050,16,011,"Idaho","Bingham County",5,8,829,418,411
050,16,011,"Idaho","Bingham County",5,9,800,411,389
050,16,011,"Idaho","Bingham County",5,10,855,432,423
050,16,011,"Idaho","Bingham County",5,11,854,421,433
050,16,011,"Idaho","Bingham County",5,12,828,431,397
050,16,011,"Idaho","Bingham County",5,13,908,463,445
050,16,011,"Idaho","Bingham County",5,14,938,479,459
050,16,011,"Idaho","Bingham County",5,15,974,514,460
050,16,011,"Idaho","Bingham County",5,16,962,511,451
050,16,011,"Idaho","Bingham County",5,17,979,474,505
050,16,011,"Idaho","Bingham County",5,18,793,406,387
050,16,011,"Idaho","Bingham County",5,19,632,329,303
050,16,011,"Idaho","Bingham County",5,20,633,335,298
050,16,011,"Idaho","Bingham County",5,21,641,334,307
050,16,011,"Idaho","Bingham County",5,22,668,354,314
050,16,011,"Idaho","Bingham County",5,23,682,335,347
050,16,011,"Idaho","Bingham County",5,24,668,355,313
050,16,011,"Idaho","Bingham County",5,25,613,327,286
050,16,011,"Idaho","Bingham County",5,26,597,317,280
050,16,011,"Idaho","Bingham County",5,27,567,301,266
050,16,011,"Idaho","Bingham County",5,28,598,294,304
050,16,011,"Idaho","Bingham County",5,29,581,295,286
050,16,011,"Idaho","Bingham County",5,30,599,299,300
050,16,011,"Idaho","Bingham County",5,31,622,314,308
050,16,011,"Idaho","Bingham County",5,32,553,274,279
050,16,011,"Idaho","Bingham County",5,33,606,292,314
050,16,011,"Idaho","Bingham County",5,34,644,326,318
050,16,011,"Idaho","Bingham County",5,35,596,286,310
050,16,011,"Idaho","Bingham County",5,36,613,302,311
050,16,011,"Idaho","Bingham County",5,37,645,314,331
050,16,011,"Idaho","Bingham County",5,38,659,316,343
050,16,011,"Idaho","Bingham County",5,39,663,318,345
050,16,011,"Idaho","Bingham County",5,40,722,353,369
050,16,011,"Idaho","Bingham County",5,41,683,338,345
050,16,011,"Idaho","Bingham County",5,42,674,343,331
050,16,011,"Idaho","Bingham County",5,43,641,328,313
050,16,011,"Idaho","Bingham County",5,44,653,329,324
050,16,011,"Idaho","Bingham County",5,45,636,312,324
050,16,011,"Idaho","Bingham County",5,46,630,326,304
050,16,011,"Idaho","Bingham County",5,47,579,301,278
050,16,011,"Idaho","Bingham County",5,48,563,307,256
050,16,011,"Idaho","Bingham County",5,49,561,284,277
050,16,011,"Idaho","Bingham County",5,50,505,273,232
050,16,011,"Idaho","Bingham County",5,51,490,261,229
050,16,011,"Idaho","Bingham County",5,52,522,268,254
050,16,011,"Idaho","Bingham County",5,53,501,248,253
050,16,011,"Idaho","Bingham County",5,54,489,247,242
050,16,011,"Idaho","Bingham County",5,55,498,237,261
050,16,011,"Idaho","Bingham County",5,56,485,238,247
050,16,011,"Idaho","Bingham County",5,57,451,222,229
050,16,011,"Idaho","Bingham County",5,58,495,259,236
050,16,011,"Idaho","Bingham County",5,59,535,254,281
050,16,011,"Idaho","Bingham County",5,60,562,286,276
050,16,011,"Idaho","Bingham County",5,61,574,297,277
050,16,011,"Idaho","Bingham County",5,62,557,272,285
050,16,011,"Idaho","Bingham County",5,63,562,282,280
050,16,011,"Idaho","Bingham County",5,64,567,287,280
050,16,011,"Idaho","Bingham County",5,65,587,291,296
050,16,011,"Idaho","Bingham County",5,66,602,289,313
050,16,011,"Idaho","Bingham County",5,67,551,262,289
050,16,011,"Idaho","Bingham County",5,68,519,251,268
050,16,011,"Idaho","Bingham County",5,69,525,265,260
050,16,011,"Idaho","Bingham County",5,70,511,273,238
050,16,011,"Idaho","Bingham County",5,71,463,234,229
050,16,011,"Idaho","Bingham County",5,72,428,217,211
050,16,011,"Idaho","Bingham County",5,73,365,185,180
050,16,011,"Idaho","Bingham County",5,74,353,172,181
050,16,011,"Idaho","Bingham County",5,75,339,165,174
050,16,011,"Idaho","Bingham County",5,76,356,180,176
050,16,011,"Idaho","Bingham County",5,77,252,122,130
050,16,011,"Idaho","Bingham County",5,78,240,115,125
050,16,011,"Idaho","Bingham County",5,79,242,107,135
050,16,011,"Idaho","Bingham County",5,80,242,120,122
050,16,011,"Idaho","Bingham County",5,81,199,98,101
050,16,011,"Idaho","Bingham County",5,82,166,73,93
050,16,011,"Idaho","Bingham County",5,83,141,67,74
050,16,011,"Idaho","Bingham County",5,84,113,50,63
050,16,011,"Idaho","Bingham County",5,85,712,310,402
050,16,013,"Idaho","Blaine County",1,0,187,95,92
050,16,013,"Idaho","Blaine County",1,1,201,100,101
050,16,013,"Idaho","Blaine County",1,2,214,103,111
050,16,013,"Idaho","Blaine County",1,3,219,100,119
050,16,013,"Idaho","Blaine County",1,4,236,113,123
050,16,013,"Idaho","Blaine County",1,5,264,137,127
050,16,013,"Idaho","Blaine County",1,6,242,121,121
050,16,013,"Idaho","Blaine County",1,7,244,126,118
050,16,013,"Idaho","Blaine County",1,8,262,131,131
050,16,013,"Idaho","Blaine County",1,9,256,140,116
050,16,013,"Idaho","Blaine County",1,10,289,156,133
050,16,013,"Idaho","Blaine County",1,11,304,166,138
050,16,013,"Idaho","Blaine County",1,12,322,168,154
050,16,013,"Idaho","Blaine County",1,13,347,171,176
050,16,013,"Idaho","Blaine County",1,14,339,186,153
050,16,013,"Idaho","Blaine County",1,15,348,196,152
050,16,013,"Idaho","Blaine County",1,16,323,174,149
050,16,013,"Idaho","Blaine County",1,17,333,168,165
050,16,013,"Idaho","Blaine County",1,18,302,153,149
050,16,013,"Idaho","Blaine County",1,19,241,115,126
050,16,013,"Idaho","Blaine County",1,20,234,124,110
050,16,013,"Idaho","Blaine County",1,21,241,124,117
050,16,013,"Idaho","Blaine County",1,22,215,103,112
050,16,013,"Idaho","Blaine County",1,23,222,114,108
050,16,013,"Idaho","Blaine County",1,24,209,120,89
050,16,013,"Idaho","Blaine County",1,25,234,127,107
050,16,013,"Idaho","Blaine County",1,26,257,136,121
050,16,013,"Idaho","Blaine County",1,27,255,143,112
050,16,013,"Idaho","Blaine County",1,28,232,134,98
050,16,013,"Idaho","Blaine County",1,29,263,141,122
050,16,013,"Idaho","Blaine County",1,30,277,154,123
050,16,013,"Idaho","Blaine County",1,31,240,127,113
050,16,013,"Idaho","Blaine County",1,32,247,122,125
050,16,013,"Idaho","Blaine County",1,33,260,123,137
050,16,013,"Idaho","Blaine County",1,34,275,155,120
050,16,013,"Idaho","Blaine County",1,35,282,131,151
050,16,013,"Idaho","Blaine County",1,36,258,126,132
050,16,013,"Idaho","Blaine County",1,37,277,143,134
050,16,013,"Idaho","Blaine County",1,38,305,154,151
050,16,013,"Idaho","Blaine County",1,39,339,165,174
050,16,013,"Idaho","Blaine County",1,40,304,148,156
050,16,013,"Idaho","Blaine County",1,41,295,149,146
050,16,013,"Idaho","Blaine County",1,42,301,157,144
050,16,013,"Idaho","Blaine County",1,43,310,154,156
050,16,013,"Idaho","Blaine County",1,44,327,164,163
050,16,013,"Idaho","Blaine County",1,45,318,162,156
050,16,013,"Idaho","Blaine County",1,46,316,151,165
050,16,013,"Idaho","Blaine County",1,47,290,142,148
050,16,013,"Idaho","Blaine County",1,48,307,150,157
050,16,013,"Idaho","Blaine County",1,49,336,169,167
050,16,013,"Idaho","Blaine County",1,50,335,171,164
050,16,013,"Idaho","Blaine County",1,51,328,177,151
050,16,013,"Idaho","Blaine County",1,52,320,182,138
050,16,013,"Idaho","Blaine County",1,53,318,161,157
050,16,013,"Idaho","Blaine County",1,54,309,142,167
050,16,013,"Idaho","Blaine County",1,55,378,172,206
050,16,013,"Idaho","Blaine County",1,56,385,185,200
050,16,013,"Idaho","Blaine County",1,57,393,168,225
050,16,013,"Idaho","Blaine County",1,58,424,167,257
050,16,013,"Idaho","Blaine County",1,59,422,186,236
050,16,013,"Idaho","Blaine County",1,60,402,194,208
050,16,013,"Idaho","Blaine County",1,61,382,180,202
050,16,013,"Idaho","Blaine County",1,62,389,179,210
050,16,013,"Idaho","Blaine County",1,63,379,189,190
050,16,013,"Idaho","Blaine County",1,64,355,193,162
050,16,013,"Idaho","Blaine County",1,65,340,175,165
050,16,013,"Idaho","Blaine County",1,66,354,183,171
050,16,013,"Idaho","Blaine County",1,67,371,188,183
050,16,013,"Idaho","Blaine County",1,68,340,169,171
050,16,013,"Idaho","Blaine County",1,69,334,155,179
050,16,013,"Idaho","Blaine County",1,70,334,155,179
050,16,013,"Idaho","Blaine County",1,71,299,156,143
050,16,013,"Idaho","Blaine County",1,72,272,150,122
050,16,013,"Idaho","Blaine County",1,73,313,161,152
050,16,013,"Idaho","Blaine County",1,74,221,98,123
050,16,013,"Idaho","Blaine County",1,75,211,101,110
050,16,013,"Idaho","Blaine County",1,76,207,102,105
050,16,013,"Idaho","Blaine County",1,77,232,125,107
050,16,013,"Idaho","Blaine County",1,78,187,100,87
050,16,013,"Idaho","Blaine County",1,79,152,74,78
050,16,013,"Idaho","Blaine County",1,80,136,78,58
050,16,013,"Idaho","Blaine County",1,81,126,76,50
050,16,013,"Idaho","Blaine County",1,82,92,51,41
050,16,013,"Idaho","Blaine County",1,83,82,38,44
050,16,013,"Idaho","Blaine County",1,84,79,41,38
050,16,013,"Idaho","Blaine County",1,85,378,166,212
050,16,013,"Idaho","Blaine County",2,0,183,95,88
050,16,013,"Idaho","Blaine County",2,1,198,99,99
050,16,013,"Idaho","Blaine County",2,2,211,102,109
050,16,013,"Idaho","Blaine County",2,3,217,100,117
050,16,013,"Idaho","Blaine County",2,4,235,111,124
050,16,013,"Idaho","Blaine County",2,5,259,132,127
050,16,013,"Idaho","Blaine County",2,6,248,125,123
050,16,013,"Idaho","Blaine County",2,7,246,126,120
050,16,013,"Idaho","Blaine County",2,8,257,131,126
050,16,013,"Idaho","Blaine County",2,9,258,138,120
050,16,013,"Idaho","Blaine County",2,10,283,154,129
050,16,013,"Idaho","Blaine County",2,11,301,164,137
050,16,013,"Idaho","Blaine County",2,12,320,168,152
050,16,013,"Idaho","Blaine County",2,13,341,171,170
050,16,013,"Idaho","Blaine County",2,14,343,183,160
050,16,013,"Idaho","Blaine County",2,15,341,191,150
050,16,013,"Idaho","Blaine County",2,16,327,179,148
050,16,013,"Idaho","Blaine County",2,17,330,168,162
050,16,013,"Idaho","Blaine County",2,18,295,150,145
050,16,013,"Idaho","Blaine County",2,19,244,118,126
050,16,013,"Idaho","Blaine County",2,20,242,125,117
050,16,013,"Idaho","Blaine County",2,21,239,123,116
050,16,013,"Idaho","Blaine County",2,22,224,109,115
050,16,013,"Idaho","Blaine County",2,23,221,113,108
050,16,013,"Idaho","Blaine County",2,24,215,120,95
050,16,013,"Idaho","Blaine County",2,25,231,126,105
050,16,013,"Idaho","Blaine County",2,26,255,134,121
050,16,013,"Idaho","Blaine County",2,27,253,141,112
050,16,013,"Idaho","Blaine County",2,28,241,138,103
050,16,013,"Idaho","Blaine County",2,29,258,142,116
050,16,013,"Idaho","Blaine County",2,30,279,152,127
050,16,013,"Idaho","Blaine County",2,31,247,132,115
050,16,013,"Idaho","Blaine County",2,32,248,122,126
050,16,013,"Idaho","Blaine County",2,33,261,125,136
050,16,013,"Idaho","Blaine County",2,34,269,145,124
050,16,013,"Idaho","Blaine County",2,35,285,139,146
050,16,013,"Idaho","Blaine County",2,36,264,127,137
050,16,013,"Idaho","Blaine County",2,37,275,140,135
050,16,013,"Idaho","Blaine County",2,38,302,154,148
050,16,013,"Idaho","Blaine County",2,39,333,163,170
050,16,013,"Idaho","Blaine County",2,40,316,153,163
050,16,013,"Idaho","Blaine County",2,41,297,148,149
050,16,013,"Idaho","Blaine County",2,42,300,156,144
050,16,013,"Idaho","Blaine County",2,43,312,157,155
050,16,013,"Idaho","Blaine County",2,44,320,160,160
050,16,013,"Idaho","Blaine County",2,45,322,164,158
050,16,013,"Idaho","Blaine County",2,46,319,155,164
050,16,013,"Idaho","Blaine County",2,47,298,146,152
050,16,013,"Idaho","Blaine County",2,48,305,150,155
050,16,013,"Idaho","Blaine County",2,49,330,165,165
050,16,013,"Idaho","Blaine County",2,50,338,173,165
050,16,013,"Idaho","Blaine County",2,51,332,177,155
050,16,013,"Idaho","Blaine County",2,52,323,180,143
050,16,013,"Idaho","Blaine County",2,53,319,165,154
050,16,013,"Idaho","Blaine County",2,54,313,148,165
050,16,013,"Idaho","Blaine County",2,55,362,165,197
050,16,013,"Idaho","Blaine County",2,56,386,183,203
050,16,013,"Idaho","Blaine County",2,57,395,174,221
050,16,013,"Idaho","Blaine County",2,58,418,168,250
050,16,013,"Idaho","Blaine County",2,59,426,183,243
050,16,013,"Idaho","Blaine County",2,60,409,194,215
050,16,013,"Idaho","Blaine County",2,61,389,185,204
050,16,013,"Idaho","Blaine County",2,62,387,178,209
050,16,013,"Idaho","Blaine County",2,63,383,185,198
050,16,013,"Idaho","Blaine County",2,64,359,191,168
050,16,013,"Idaho","Blaine County",2,65,342,178,164
050,16,013,"Idaho","Blaine County",2,66,353,182,171
050,16,013,"Idaho","Blaine County",2,67,364,185,179
050,16,013,"Idaho","Blaine County",2,68,340,171,169
050,16,013,"Idaho","Blaine County",2,69,338,160,178
050,16,013,"Idaho","Blaine County",2,70,333,155,178
050,16,013,"Idaho","Blaine County",2,71,306,154,152
050,16,013,"Idaho","Blaine County",2,72,271,148,123
050,16,013,"Idaho","Blaine County",2,73,318,166,152
050,16,013,"Idaho","Blaine County",2,74,230,106,124
050,16,013,"Idaho","Blaine County",2,75,215,101,114
050,16,013,"Idaho","Blaine County",2,76,207,102,105
050,16,013,"Idaho","Blaine County",2,77,231,122,109
050,16,013,"Idaho","Blaine County",2,78,193,104,89
050,16,013,"Idaho","Blaine County",2,79,157,79,78
050,16,013,"Idaho","Blaine County",2,80,140,78,62
050,16,013,"Idaho","Blaine County",2,81,130,77,53
050,16,013,"Idaho","Blaine County",2,82,98,57,41
050,16,013,"Idaho","Blaine County",2,83,83,40,43
050,16,013,"Idaho","Blaine County",2,84,79,40,39
050,16,013,"Idaho","Blaine County",2,85,383,171,212
050,16,013,"Idaho","Blaine County",3,0,182,98,84
050,16,013,"Idaho","Blaine County",3,1,198,100,98
050,16,013,"Idaho","Blaine County",3,2,194,100,94
050,16,013,"Idaho","Blaine County",3,3,209,105,104
050,16,013,"Idaho","Blaine County",3,4,222,102,120
050,16,013,"Idaho","Blaine County",3,5,245,116,129
050,16,013,"Idaho","Blaine County",3,6,255,131,124
050,16,013,"Idaho","Blaine County",3,7,251,124,127
050,16,013,"Idaho","Blaine County",3,8,256,130,126
050,16,013,"Idaho","Blaine County",3,9,259,136,123
050,16,013,"Idaho","Blaine County",3,10,268,146,122
050,16,013,"Idaho","Blaine County",3,11,293,160,133
050,16,013,"Idaho","Blaine County",3,12,312,165,147
050,16,013,"Idaho","Blaine County",3,13,324,170,154
050,16,013,"Idaho","Blaine County",3,14,338,170,168
050,16,013,"Idaho","Blaine County",3,15,339,180,159
050,16,013,"Idaho","Blaine County",3,16,332,184,148
050,16,013,"Idaho","Blaine County",3,17,339,183,156
050,16,013,"Idaho","Blaine County",3,18,305,164,141
050,16,013,"Idaho","Blaine County",3,19,252,128,124
050,16,013,"Idaho","Blaine County",3,20,246,123,123
050,16,013,"Idaho","Blaine County",3,21,245,126,119
050,16,013,"Idaho","Blaine County",3,22,259,134,125
050,16,013,"Idaho","Blaine County",3,23,245,115,130
050,16,013,"Idaho","Blaine County",3,24,237,118,119
050,16,013,"Idaho","Blaine County",3,25,237,130,107
050,16,013,"Idaho","Blaine County",3,26,241,128,113
050,16,013,"Idaho","Blaine County",3,27,252,140,112
050,16,013,"Idaho","Blaine County",3,28,267,152,115
050,16,013,"Idaho","Blaine County",3,29,262,155,107
050,16,013,"Idaho","Blaine County",3,30,287,154,133
050,16,013,"Idaho","Blaine County",3,31,276,150,126
050,16,013,"Idaho","Blaine County",3,32,267,142,125
050,16,013,"Idaho","Blaine County",3,33,256,130,126
050,16,013,"Idaho","Blaine County",3,34,251,117,134
050,16,013,"Idaho","Blaine County",3,35,268,153,115
050,16,013,"Idaho","Blaine County",3,36,299,146,153
050,16,013,"Idaho","Blaine County",3,37,277,136,141
050,16,013,"Idaho","Blaine County",3,38,286,150,136
050,16,013,"Idaho","Blaine County",3,39,303,151,152
050,16,013,"Idaho","Blaine County",3,40,346,169,177
050,16,013,"Idaho","Blaine County",3,41,322,158,164
050,16,013,"Idaho","Blaine County",3,42,309,153,156
050,16,013,"Idaho","Blaine County",3,43,317,170,147
050,16,013,"Idaho","Blaine County",3,44,321,161,160
050,16,013,"Idaho","Blaine County",3,45,325,163,162
050,16,013,"Idaho","Blaine County",3,46,337,164,173
050,16,013,"Idaho","Blaine County",3,47,328,158,170
050,16,013,"Idaho","Blaine County",3,48,304,156,148
050,16,013,"Idaho","Blaine County",3,49,310,155,155
050,16,013,"Idaho","Blaine County",3,50,330,165,165
050,16,013,"Idaho","Blaine County",3,51,336,176,160
050,16,013,"Idaho","Blaine County",3,52,327,171,156
050,16,013,"Idaho","Blaine County",3,53,318,175,143
050,16,013,"Idaho","Blaine County",3,54,320,163,157
050,16,013,"Idaho","Blaine County",3,55,314,148,166
050,16,013,"Idaho","Blaine County",3,56,358,153,205
050,16,013,"Idaho","Blaine County",3,57,400,189,211
050,16,013,"Idaho","Blaine County",3,58,406,175,231
050,16,013,"Idaho","Blaine County",3,59,410,167,243
050,16,013,"Idaho","Blaine County",3,60,427,186,241
050,16,013,"Idaho","Blaine County",3,61,408,197,211
050,16,013,"Idaho","Blaine County",3,62,391,181,210
050,16,013,"Idaho","Blaine County",3,63,388,180,208
050,16,013,"Idaho","Blaine County",3,64,388,186,202
050,16,013,"Idaho","Blaine County",3,65,356,188,168
050,16,013,"Idaho","Blaine County",3,66,345,180,165
050,16,013,"Idaho","Blaine County",3,67,353,180,173
050,16,013,"Idaho","Blaine County",3,68,362,184,178
050,16,013,"Idaho","Blaine County",3,69,337,173,164
050,16,013,"Idaho","Blaine County",3,70,338,160,178
050,16,013,"Idaho","Blaine County",3,71,328,154,174
050,16,013,"Idaho","Blaine County",3,72,307,155,152
050,16,013,"Idaho","Blaine County",3,73,278,152,126
050,16,013,"Idaho","Blaine County",3,74,323,167,156
050,16,013,"Idaho","Blaine County",3,75,234,111,123
050,16,013,"Idaho","Blaine County",3,76,212,99,113
050,16,013,"Idaho","Blaine County",3,77,202,101,101
050,16,013,"Idaho","Blaine County",3,78,225,119,106
050,16,013,"Idaho","Blaine County",3,79,197,103,94
050,16,013,"Idaho","Blaine County",3,80,152,79,73
050,16,013,"Idaho","Blaine County",3,81,140,79,61
050,16,013,"Idaho","Blaine County",3,82,121,72,49
050,16,013,"Idaho","Blaine County",3,83,95,53,42
050,16,013,"Idaho","Blaine County",3,84,79,37,42
050,16,013,"Idaho","Blaine County",3,85,424,193,231
050,16,013,"Idaho","Blaine County",4,0,197,98,99
050,16,013,"Idaho","Blaine County",4,1,178,104,74
050,16,013,"Idaho","Blaine County",4,2,200,102,98
050,16,013,"Idaho","Blaine County",4,3,188,96,92
050,16,013,"Idaho","Blaine County",4,4,212,109,103
050,16,013,"Idaho","Blaine County",4,5,220,100,120
050,16,013,"Idaho","Blaine County",4,6,240,114,126
050,16,013,"Idaho","Blaine County",4,7,258,134,124
050,16,013,"Idaho","Blaine County",4,8,254,127,127
050,16,013,"Idaho","Blaine County",4,9,265,140,125
050,16,013,"Idaho","Blaine County",4,10,259,136,123
050,16,013,"Idaho","Blaine County",4,11,280,157,123
050,16,013,"Idaho","Blaine County",4,12,293,152,141
050,16,013,"Idaho","Blaine County",4,13,313,165,148
050,16,013,"Idaho","Blaine County",4,14,331,172,159
050,16,013,"Idaho","Blaine County",4,15,344,164,180
050,16,013,"Idaho","Blaine County",4,16,347,189,158
050,16,013,"Idaho","Blaine County",4,17,322,182,140
050,16,013,"Idaho","Blaine County",4,18,285,154,131
050,16,013,"Idaho","Blaine County",4,19,227,116,111
050,16,013,"Idaho","Blaine County",4,20,246,123,123
050,16,013,"Idaho","Blaine County",4,21,234,117,117
050,16,013,"Idaho","Blaine County",4,22,264,134,130
050,16,013,"Idaho","Blaine County",4,23,276,132,144
050,16,013,"Idaho","Blaine County",4,24,236,117,119
050,16,013,"Idaho","Blaine County",4,25,231,120,111
050,16,013,"Idaho","Blaine County",4,26,234,127,107
050,16,013,"Idaho","Blaine County",4,27,217,120,97
050,16,013,"Idaho","Blaine County",4,28,259,138,121
050,16,013,"Idaho","Blaine County",4,29,273,161,112
050,16,013,"Idaho","Blaine County",4,30,273,152,121
050,16,013,"Idaho","Blaine County",4,31,294,154,140
050,16,013,"Idaho","Blaine County",4,32,278,149,129
050,16,013,"Idaho","Blaine County",4,33,280,154,126
050,16,013,"Idaho","Blaine County",4,34,247,124,123
050,16,013,"Idaho","Blaine County",4,35,251,113,138
050,16,013,"Idaho","Blaine County",4,36,271,154,117
050,16,013,"Idaho","Blaine County",4,37,286,144,142
050,16,013,"Idaho","Blaine County",4,38,283,140,143
050,16,013,"Idaho","Blaine County",4,39,279,145,134
050,16,013,"Idaho","Blaine County",4,40,306,154,152
050,16,013,"Idaho","Blaine County",4,41,332,167,165
050,16,013,"Idaho","Blaine County",4,42,314,152,162
050,16,013,"Idaho","Blaine County",4,43,326,164,162
050,16,013,"Idaho","Blaine County",4,44,320,168,152
050,16,013,"Idaho","Blaine County",4,45,321,153,168
050,16,013,"Idaho","Blaine County",4,46,348,173,175
050,16,013,"Idaho","Blaine County",4,47,349,171,178
050,16,013,"Idaho","Blaine County",4,48,344,165,179
050,16,013,"Idaho","Blaine County",4,49,312,160,152
050,16,013,"Idaho","Blaine County",4,50,312,156,156
050,16,013,"Idaho","Blaine County",4,51,339,175,164
050,16,013,"Idaho","Blaine County",4,52,344,179,165
050,16,013,"Idaho","Blaine County",4,53,334,178,156
050,16,013,"Idaho","Blaine County",4,54,325,180,145
050,16,013,"Idaho","Blaine County",4,55,326,164,162
050,16,013,"Idaho","Blaine County",4,56,326,144,182
050,16,013,"Idaho","Blaine County",4,57,370,165,205
050,16,013,"Idaho","Blaine County",4,58,405,193,212
050,16,013,"Idaho","Blaine County",4,59,415,184,231
050,16,013,"Idaho","Blaine County",4,60,409,168,241
050,16,013,"Idaho","Blaine County",4,61,438,188,250
050,16,013,"Idaho","Blaine County",4,62,417,196,221
050,16,013,"Idaho","Blaine County",4,63,398,181,217
050,16,013,"Idaho","Blaine County",4,64,385,175,210
050,16,013,"Idaho","Blaine County",4,65,378,181,197
050,16,013,"Idaho","Blaine County",4,66,346,184,162
050,16,013,"Idaho","Blaine County",4,67,352,187,165
050,16,013,"Idaho","Blaine County",4,68,352,180,172
050,16,013,"Idaho","Blaine County",4,69,362,188,174
050,16,013,"Idaho","Blaine County",4,70,338,174,164
050,16,013,"Idaho","Blaine County",4,71,330,159,171
050,16,013,"Idaho","Blaine County",4,72,334,156,178
050,16,013,"Idaho","Blaine County",4,73,300,154,146
050,16,013,"Idaho","Blaine County",4,74,272,149,123
050,16,013,"Idaho","Blaine County",4,75,326,168,158
050,16,013,"Idaho","Blaine County",4,76,228,109,119
050,16,013,"Idaho","Blaine County",4,77,198,94,104
050,16,013,"Idaho","Blaine County",4,78,197,98,99
050,16,013,"Idaho","Blaine County",4,79,214,110,104
050,16,013,"Idaho","Blaine County",4,80,186,99,87
050,16,013,"Idaho","Blaine County",4,81,153,80,73
050,16,013,"Idaho","Blaine County",4,82,135,75,60
050,16,013,"Idaho","Blaine County",4,83,117,66,51
050,16,013,"Idaho","Blaine County",4,84,89,48,41
050,16,013,"Idaho","Blaine County",4,85,454,204,250
050,16,013,"Idaho","Blaine County",5,0,199,99,100
050,16,013,"Idaho","Blaine County",5,1,180,86,94
050,16,013,"Idaho","Blaine County",5,2,187,103,84
050,16,013,"Idaho","Blaine County",5,3,196,103,93
050,16,013,"Idaho","Blaine County",5,4,182,92,90
050,16,013,"Idaho","Blaine County",5,5,216,108,108
050,16,013,"Idaho","Blaine County",5,6,224,101,123
050,16,013,"Idaho","Blaine County",5,7,240,114,126
050,16,013,"Idaho","Blaine County",5,8,260,134,126
050,16,013,"Idaho","Blaine County",5,9,257,124,133
050,16,013,"Idaho","Blaine County",5,10,265,140,125
050,16,013,"Idaho","Blaine County",5,11,256,133,123
050,16,013,"Idaho","Blaine County",5,12,258,139,119
050,16,013,"Idaho","Blaine County",5,13,295,155,140
050,16,013,"Idaho","Blaine County",5,14,316,156,160
050,16,013,"Idaho","Blaine County",5,15,352,179,173
050,16,013,"Idaho","Blaine County",5,16,358,174,184
050,16,013,"Idaho","Blaine County",5,17,342,186,156
050,16,013,"Idaho","Blaine County",5,18,276,162,114
050,16,013,"Idaho","Blaine County",5,19,231,127,104
050,16,013,"Idaho","Blaine County",5,20,220,113,107
050,16,013,"Idaho","Blaine County",5,21,256,125,131
050,16,013,"Idaho","Blaine County",5,22,253,132,121
050,16,013,"Idaho","Blaine County",5,23,341,145,196
050,16,013,"Idaho","Blaine County",5,24,272,125,147
050,16,013,"Idaho","Blaine County",5,25,226,116,110
050,16,013,"Idaho","Blaine County",5,26,228,114,114
050,16,013,"Idaho","Blaine County",5,27,225,117,108
050,16,013,"Idaho","Blaine County",5,28,235,139,96
050,16,013,"Idaho","Blaine County",5,29,308,181,127
050,16,013,"Idaho","Blaine County",5,30,300,173,127
050,16,013,"Idaho","Blaine County",5,31,270,150,120
050,16,013,"Idaho","Blaine County",5,32,289,153,136
050,16,013,"Idaho","Blaine County",5,33,284,147,137
050,16,013,"Idaho","Blaine County",5,34,265,150,115
050,16,013,"Idaho","Blaine County",5,35,243,119,124
050,16,013,"Idaho","Blaine County",5,36,253,112,141
050,16,013,"Idaho","Blaine County",5,37,277,158,119
050,16,013,"Idaho","Blaine County",5,38,285,145,140
050,16,013,"Idaho","Blaine County",5,39,278,136,142
050,16,013,"Idaho","Blaine County",5,40,292,153,139
050,16,013,"Idaho","Blaine County",5,41,309,159,150
050,16,013,"Idaho","Blaine County",5,42,332,170,162
050,16,013,"Idaho","Blaine County",5,43,312,149,163
050,16,013,"Idaho","Blaine County",5,44,318,162,156
050,16,013,"Idaho","Blaine County",5,45,318,167,151
050,16,013,"Idaho","Blaine County",5,46,347,155,192
050,16,013,"Idaho","Blaine County",5,47,337,165,172
050,16,013,"Idaho","Blaine County",5,48,351,171,180
050,16,013,"Idaho","Blaine County",5,49,349,172,177
050,16,013,"Idaho","Blaine County",5,50,314,161,153
050,16,013,"Idaho","Blaine County",5,51,304,150,154
050,16,013,"Idaho","Blaine County",5,52,338,176,162
050,16,013,"Idaho","Blaine County",5,53,346,180,166
050,16,013,"Idaho","Blaine County",5,54,330,181,149
050,16,013,"Idaho","Blaine County",5,55,338,186,152
050,16,013,"Idaho","Blaine County",5,56,334,164,170
050,16,013,"Idaho","Blaine County",5,57,326,138,188
050,16,013,"Idaho","Blaine County",5,58,372,167,205
050,16,013,"Idaho","Blaine County",5,59,395,187,208
050,16,013,"Idaho","Blaine County",5,60,413,184,229
050,16,013,"Idaho","Blaine County",5,61,420,177,243
050,16,013,"Idaho","Blaine County",5,62,440,186,254
050,16,013,"Idaho","Blaine County",5,63,420,202,218
050,16,013,"Idaho","Blaine County",5,64,402,181,221
050,16,013,"Idaho","Blaine County",5,65,381,171,210
050,16,013,"Idaho","Blaine County",5,66,373,181,192
050,16,013,"Idaho","Blaine County",5,67,344,182,162
050,16,013,"Idaho","Blaine County",5,68,349,184,165
050,16,013,"Idaho","Blaine County",5,69,346,178,168
050,16,013,"Idaho","Blaine County",5,70,360,185,175
050,16,013,"Idaho","Blaine County",5,71,329,170,159
050,16,013,"Idaho","Blaine County",5,72,322,156,166
050,16,013,"Idaho","Blaine County",5,73,324,151,173
050,16,013,"Idaho","Blaine County",5,74,293,153,140
050,16,013,"Idaho","Blaine County",5,75,270,149,121
050,16,013,"Idaho","Blaine County",5,76,322,167,155
050,16,013,"Idaho","Blaine County",5,77,218,107,111
050,16,013,"Idaho","Blaine County",5,78,192,89,103
050,16,013,"Idaho","Blaine County",5,79,196,95,101
050,16,013,"Idaho","Blaine County",5,80,208,108,100
050,16,013,"Idaho","Blaine County",5,81,179,96,83
050,16,013,"Idaho","Blaine County",5,82,149,81,68
050,16,013,"Idaho","Blaine County",5,83,125,68,57
050,16,013,"Idaho","Blaine County",5,84,118,65,53
050,16,013,"Idaho","Blaine County",5,85,488,224,264
050,16,015,"Idaho","Boise County",1,0,46,23,23
050,16,015,"Idaho","Boise County",1,1,49,25,24
050,16,015,"Idaho","Boise County",1,2,56,24,32
050,16,015,"Idaho","Boise County",1,3,52,25,27
050,16,015,"Idaho","Boise County",1,4,57,27,30
050,16,015,"Idaho","Boise County",1,5,51,28,23
050,16,015,"Idaho","Boise County",1,6,56,28,28
050,16,015,"Idaho","Boise County",1,7,64,37,27
050,16,015,"Idaho","Boise County",1,8,53,28,25
050,16,015,"Idaho","Boise County",1,9,54,28,26
050,16,015,"Idaho","Boise County",1,10,76,43,33
050,16,015,"Idaho","Boise County",1,11,65,32,33
050,16,015,"Idaho","Boise County",1,12,73,41,32
050,16,015,"Idaho","Boise County",1,13,79,44,35
050,16,015,"Idaho","Boise County",1,14,78,43,35
050,16,015,"Idaho","Boise County",1,15,80,42,38
050,16,015,"Idaho","Boise County",1,16,95,46,49
050,16,015,"Idaho","Boise County",1,17,92,51,41
050,16,015,"Idaho","Boise County",1,18,63,38,25
050,16,015,"Idaho","Boise County",1,19,55,32,23
050,16,015,"Idaho","Boise County",1,20,52,26,26
050,16,015,"Idaho","Boise County",1,21,55,31,24
050,16,015,"Idaho","Boise County",1,22,57,31,26
050,16,015,"Idaho","Boise County",1,23,50,25,25
050,16,015,"Idaho","Boise County",1,24,48,22,26
050,16,015,"Idaho","Boise County",1,25,44,21,23
050,16,015,"Idaho","Boise County",1,26,42,23,19
050,16,015,"Idaho","Boise County",1,27,56,24,32
050,16,015,"Idaho","Boise County",1,28,57,30,27
050,16,015,"Idaho","Boise County",1,29,60,31,29
050,16,015,"Idaho","Boise County",1,30,57,28,29
050,16,015,"Idaho","Boise County",1,31,64,30,34
050,16,015,"Idaho","Boise County",1,32,73,38,35
050,16,015,"Idaho","Boise County",1,33,66,38,28
050,16,015,"Idaho","Boise County",1,34,71,33,38
050,16,015,"Idaho","Boise County",1,35,77,37,40
050,16,015,"Idaho","Boise County",1,36,79,36,43
050,16,015,"Idaho","Boise County",1,37,83,37,46
050,16,015,"Idaho","Boise County",1,38,77,33,44
050,16,015,"Idaho","Boise County",1,39,67,29,38
050,16,015,"Idaho","Boise County",1,40,84,40,44
050,16,015,"Idaho","Boise County",1,41,92,45,47
050,16,015,"Idaho","Boise County",1,42,94,46,48
050,16,015,"Idaho","Boise County",1,43,75,42,33
050,16,015,"Idaho","Boise County",1,44,77,39,38
050,16,015,"Idaho","Boise County",1,45,78,40,38
050,16,015,"Idaho","Boise County",1,46,78,35,43
050,16,015,"Idaho","Boise County",1,47,89,45,44
050,16,015,"Idaho","Boise County",1,48,94,50,44
050,16,015,"Idaho","Boise County",1,49,104,58,46
050,16,015,"Idaho","Boise County",1,50,105,56,49
050,16,015,"Idaho","Boise County",1,51,107,58,49
050,16,015,"Idaho","Boise County",1,52,106,55,51
050,16,015,"Idaho","Boise County",1,53,111,54,57
050,16,015,"Idaho","Boise County",1,54,116,45,71
050,16,015,"Idaho","Boise County",1,55,132,62,70
050,16,015,"Idaho","Boise County",1,56,138,65,73
050,16,015,"Idaho","Boise County",1,57,140,77,63
050,16,015,"Idaho","Boise County",1,58,156,90,66
050,16,015,"Idaho","Boise County",1,59,160,79,81
050,16,015,"Idaho","Boise County",1,60,172,87,85
050,16,015,"Idaho","Boise County",1,61,168,83,85
050,16,015,"Idaho","Boise County",1,62,180,95,85
050,16,015,"Idaho","Boise County",1,63,171,85,86
050,16,015,"Idaho","Boise County",1,64,179,101,78
050,16,015,"Idaho","Boise County",1,65,169,85,84
050,16,015,"Idaho","Boise County",1,66,182,95,87
050,16,015,"Idaho","Boise County",1,67,169,80,89
050,16,015,"Idaho","Boise County",1,68,149,74,75
050,16,015,"Idaho","Boise County",1,69,160,98,62
050,16,015,"Idaho","Boise County",1,70,139,78,61
050,16,015,"Idaho","Boise County",1,71,119,61,58
050,16,015,"Idaho","Boise County",1,72,130,71,59
050,16,015,"Idaho","Boise County",1,73,146,85,61
050,16,015,"Idaho","Boise County",1,74,81,53,28
050,16,015,"Idaho","Boise County",1,75,78,50,28
050,16,015,"Idaho","Boise County",1,76,78,48,30
050,16,015,"Idaho","Boise County",1,77,65,39,26
050,16,015,"Idaho","Boise County",1,78,58,33,25
050,16,015,"Idaho","Boise County",1,79,61,37,24
050,16,015,"Idaho","Boise County",1,80,50,32,18
050,16,015,"Idaho","Boise County",1,81,32,18,14
050,16,015,"Idaho","Boise County",1,82,32,19,13
050,16,015,"Idaho","Boise County",1,83,21,12,9
050,16,015,"Idaho","Boise County",1,84,24,14,10
050,16,015,"Idaho","Boise County",1,85,136,63,73
050,16,015,"Idaho","Boise County",2,0,49,25,24
050,16,015,"Idaho","Boise County",2,1,48,24,24
050,16,015,"Idaho","Boise County",2,2,55,24,31
050,16,015,"Idaho","Boise County",2,3,54,26,28
050,16,015,"Idaho","Boise County",2,4,56,27,29
050,16,015,"Idaho","Boise County",2,5,53,28,25
050,16,015,"Idaho","Boise County",2,6,58,30,28
050,16,015,"Idaho","Boise County",2,7,62,36,26
050,16,015,"Idaho","Boise County",2,8,57,31,26
050,16,015,"Idaho","Boise County",2,9,54,28,26
050,16,015,"Idaho","Boise County",2,10,72,39,33
050,16,015,"Idaho","Boise County",2,11,66,33,33
050,16,015,"Idaho","Boise County",2,12,73,40,33
050,16,015,"Idaho","Boise County",2,13,76,41,35
050,16,015,"Idaho","Boise County",2,14,79,44,35
050,16,015,"Idaho","Boise County",2,15,78,41,37
050,16,015,"Idaho","Boise County",2,16,92,45,47
050,16,015,"Idaho","Boise County",2,17,89,49,40
050,16,015,"Idaho","Boise County",2,18,65,39,26
050,16,015,"Idaho","Boise County",2,19,55,32,23
050,16,015,"Idaho","Boise County",2,20,55,29,26
050,16,015,"Idaho","Boise County",2,21,55,30,25
050,16,015,"Idaho","Boise County",2,22,58,33,25
050,16,015,"Idaho","Boise County",2,23,52,26,26
050,16,015,"Idaho","Boise County",2,24,50,24,26
050,16,015,"Idaho","Boise County",2,25,43,21,22
050,16,015,"Idaho","Boise County",2,26,44,23,21
050,16,015,"Idaho","Boise County",2,27,53,25,28
050,16,015,"Idaho","Boise County",2,28,58,30,28
050,16,015,"Idaho","Boise County",2,29,60,31,29
050,16,015,"Idaho","Boise County",2,30,61,30,31
050,16,015,"Idaho","Boise County",2,31,63,30,33
050,16,015,"Idaho","Boise County",2,32,73,37,36
050,16,015,"Idaho","Boise County",2,33,68,38,30
050,16,015,"Idaho","Boise County",2,34,70,34,36
050,16,015,"Idaho","Boise County",2,35,78,37,41
050,16,015,"Idaho","Boise County",2,36,78,35,43
050,16,015,"Idaho","Boise County",2,37,82,37,45
050,16,015,"Idaho","Boise County",2,38,80,34,46
050,16,015,"Idaho","Boise County",2,39,71,32,39
050,16,015,"Idaho","Boise County",2,40,82,39,43
050,16,015,"Idaho","Boise County",2,41,92,44,48
050,16,015,"Idaho","Boise County",2,42,93,46,47
050,16,015,"Idaho","Boise County",2,43,81,45,36
050,16,015,"Idaho","Boise County",2,44,78,41,37
050,16,015,"Idaho","Boise County",2,45,80,41,39
050,16,015,"Idaho","Boise County",2,46,79,36,43
050,16,015,"Idaho","Boise County",2,47,86,43,43
050,16,015,"Idaho","Boise County",2,48,94,50,44
050,16,015,"Idaho","Boise County",2,49,105,58,47
050,16,015,"Idaho","Boise County",2,50,106,57,49
050,16,015,"Idaho","Boise County",2,51,105,57,48
050,16,015,"Idaho","Boise County",2,52,106,55,51
050,16,015,"Idaho","Boise County",2,53,109,54,55
050,16,015,"Idaho","Boise County",2,54,115,47,68
050,16,015,"Idaho","Boise County",2,55,130,59,71
050,16,015,"Idaho","Boise County",2,56,139,66,73
050,16,015,"Idaho","Boise County",2,57,140,74,66
050,16,015,"Idaho","Boise County",2,58,151,85,66
050,16,015,"Idaho","Boise County",2,59,162,83,79
050,16,015,"Idaho","Boise County",2,60,171,85,86
050,16,015,"Idaho","Boise County",2,61,171,86,85
050,16,015,"Idaho","Boise County",2,62,177,92,85
050,16,015,"Idaho","Boise County",2,63,176,89,87
050,16,015,"Idaho","Boise County",2,64,175,97,78
050,16,015,"Idaho","Boise County",2,65,171,88,83
050,16,015,"Idaho","Boise County",2,66,179,93,86
050,16,015,"Idaho","Boise County",2,67,175,86,89
050,16,015,"Idaho","Boise County",2,68,154,76,78
050,16,015,"Idaho","Boise County",2,69,156,91,65
050,16,015,"Idaho","Boise County",2,70,144,82,62
050,16,015,"Idaho","Boise County",2,71,124,66,58
050,16,015,"Idaho","Boise County",2,72,126,68,58
050,16,015,"Idaho","Boise County",2,73,149,87,62
050,16,015,"Idaho","Boise County",2,74,91,57,34
050,16,015,"Idaho","Boise County",2,75,79,51,28
050,16,015,"Idaho","Boise County",2,76,76,47,29
050,16,015,"Idaho","Boise County",2,77,71,43,28
050,16,015,"Idaho","Boise County",2,78,59,34,25
050,16,015,"Idaho","Boise County",2,79,58,34,24
050,16,015,"Idaho","Boise County",2,80,52,32,20
050,16,015,"Idaho","Boise County",2,81,35,21,14
050,16,015,"Idaho","Boise County",2,82,32,19,13
050,16,015,"Idaho","Boise County",2,83,24,14,10
050,16,015,"Idaho","Boise County",2,84,22,13,9
050,16,015,"Idaho","Boise County",2,85,141,65,76
050,16,015,"Idaho","Boise County",3,0,56,25,31
050,16,015,"Idaho","Boise County",3,1,72,32,40
050,16,015,"Idaho","Boise County",3,2,62,31,31
050,16,015,"Idaho","Boise County",3,3,64,24,40
050,16,015,"Idaho","Boise County",3,4,62,28,34
050,16,015,"Idaho","Boise County",3,5,71,30,41
050,16,015,"Idaho","Boise County",3,6,62,34,28
050,16,015,"Idaho","Boise County",3,7,65,31,34
050,16,015,"Idaho","Boise County",3,8,74,36,38
050,16,015,"Idaho","Boise County",3,9,60,32,28
050,16,015,"Idaho","Boise County",3,10,57,31,26
050,16,015,"Idaho","Boise County",3,11,73,38,35
050,16,015,"Idaho","Boise County",3,12,73,32,41
050,16,015,"Idaho","Boise County",3,13,81,44,37
050,16,015,"Idaho","Boise County",3,14,80,41,39
050,16,015,"Idaho","Boise County",3,15,79,49,30
050,16,015,"Idaho","Boise County",3,16,85,42,43
050,16,015,"Idaho","Boise County",3,17,98,53,45
050,16,015,"Idaho","Boise County",3,18,81,46,35
050,16,015,"Idaho","Boise County",3,19,51,32,19
050,16,015,"Idaho","Boise County",3,20,60,32,28
050,16,015,"Idaho","Boise County",3,21,61,30,31
050,16,015,"Idaho","Boise County",3,22,58,32,26
050,16,015,"Idaho","Boise County",3,23,60,35,25
050,16,015,"Idaho","Boise County",3,24,63,28,35
050,16,015,"Idaho","Boise County",3,25,64,29,35
050,16,015,"Idaho","Boise County",3,26,50,25,25
050,16,015,"Idaho","Boise County",3,27,61,32,29
050,16,015,"Idaho","Boise County",3,28,70,33,37
050,16,015,"Idaho","Boise County",3,29,66,36,30
050,16,015,"Idaho","Boise County",3,30,70,33,37
050,16,015,"Idaho","Boise County",3,31,76,40,36
050,16,015,"Idaho","Boise County",3,32,77,37,40
050,16,015,"Idaho","Boise County",3,33,91,48,43
050,16,015,"Idaho","Boise County",3,34,75,37,38
050,16,015,"Idaho","Boise County",3,35,84,44,40
050,16,015,"Idaho","Boise County",3,36,82,37,45
050,16,015,"Idaho","Boise County",3,37,79,34,45
050,16,015,"Idaho","Boise County",3,38,96,49,47
050,16,015,"Idaho","Boise County",3,39,91,41,50
050,16,015,"Idaho","Boise County",3,40,80,35,45
050,16,015,"Idaho","Boise County",3,41,84,40,44
050,16,015,"Idaho","Boise County",3,42,99,49,50
050,16,015,"Idaho","Boise County",3,43,103,48,55
050,16,015,"Idaho","Boise County",3,44,87,46,41
050,16,015,"Idaho","Boise County",3,45,79,43,36
050,16,015,"Idaho","Boise County",3,46,89,45,44
050,16,015,"Idaho","Boise County",3,47,82,43,39
050,16,015,"Idaho","Boise County",3,48,86,45,41
050,16,015,"Idaho","Boise County",3,49,94,49,45
050,16,015,"Idaho","Boise County",3,50,105,58,47
050,16,015,"Idaho","Boise County",3,51,110,57,53
050,16,015,"Idaho","Boise County",3,52,112,58,54
050,16,015,"Idaho","Boise County",3,53,111,60,51
050,16,015,"Idaho","Boise County",3,54,107,55,52
050,16,015,"Idaho","Boise County",3,55,133,56,77
050,16,015,"Idaho","Boise County",3,56,127,62,65
050,16,015,"Idaho","Boise County",3,57,152,72,80
050,16,015,"Idaho","Boise County",3,58,141,69,72
050,16,015,"Idaho","Boise County",3,59,148,78,70
050,16,015,"Idaho","Boise County",3,60,172,91,81
050,16,015,"Idaho","Boise County",3,61,179,85,94
050,16,015,"Idaho","Boise County",3,62,173,79,94
050,16,015,"Idaho","Boise County",3,63,178,94,84
050,16,015,"Idaho","Boise County",3,64,192,102,90
050,16,015,"Idaho","Boise County",3,65,177,95,82
050,16,015,"Idaho","Boise County",3,66,181,93,88
050,16,015,"Idaho","Boise County",3,67,187,96,91
050,16,015,"Idaho","Boise County",3,68,177,88,89
050,16,015,"Idaho","Boise County",3,69,154,77,77
050,16,015,"Idaho","Boise County",3,70,148,83,65
050,16,015,"Idaho","Boise County",3,71,147,87,60
050,16,015,"Idaho","Boise County",3,72,134,70,64
050,16,015,"Idaho","Boise County",3,73,129,69,60
050,16,015,"Idaho","Boise County",3,74,150,89,61
050,16,015,"Idaho","Boise County",3,75,91,57,34
050,16,015,"Idaho","Boise County",3,76,78,52,26
050,16,015,"Idaho","Boise County",3,77,76,48,28
050,16,015,"Idaho","Boise County",3,78,68,39,29
050,16,015,"Idaho","Boise County",3,79,53,30,23
050,16,015,"Idaho","Boise County",3,80,47,26,21
050,16,015,"Idaho","Boise County",3,81,49,30,19
050,16,015,"Idaho","Boise County",3,82,31,18,13
050,16,015,"Idaho","Boise County",3,83,29,17,12
050,16,015,"Idaho","Boise County",3,84,21,15,6
050,16,015,"Idaho","Boise County",3,85,143,64,79
050,16,015,"Idaho","Boise County",4,0,66,29,37
050,16,015,"Idaho","Boise County",4,1,55,27,28
050,16,015,"Idaho","Boise County",4,2,79,35,44
050,16,015,"Idaho","Boise County",4,3,63,29,34
050,16,015,"Idaho","Boise County",4,4,66,24,42
050,16,015,"Idaho","Boise County",4,5,73,33,40
050,16,015,"Idaho","Boise County",4,6,73,28,45
050,16,015,"Idaho","Boise County",4,7,68,36,32
050,16,015,"Idaho","Boise County",4,8,65,32,33
050,16,015,"Idaho","Boise County",4,9,85,39,46
050,16,015,"Idaho","Boise County",4,10,56,27,29
050,16,015,"Idaho","Boise County",4,11,74,35,39
050,16,015,"Idaho","Boise County",4,12,80,40,40
050,16,015,"Idaho","Boise County",4,13,82,37,45
050,16,015,"Idaho","Boise County",4,14,79,41,38
050,16,015,"Idaho","Boise County",4,15,85,45,40
050,16,015,"Idaho","Boise County",4,16,77,44,33
050,16,015,"Idaho","Boise County",4,17,84,40,44
050,16,015,"Idaho","Boise County",4,18,79,43,36
050,16,015,"Idaho","Boise County",4,19,58,32,26
050,16,015,"Idaho","Boise County",4,20,58,38,20
050,16,015,"Idaho","Boise County",4,21,66,36,30
050,16,015,"Idaho","Boise County",4,22,74,37,37
050,16,015,"Idaho","Boise County",4,23,64,34,30
050,16,015,"Idaho","Boise County",4,24,62,37,25
050,16,015,"Idaho","Boise County",4,25,59,25,34
050,16,015,"Idaho","Boise County",4,26,60,32,28
050,16,015,"Idaho","Boise County",4,27,57,25,32
050,16,015,"Idaho","Boise County",4,28,64,35,29
050,16,015,"Idaho","Boise County",4,29,89,35,54
050,16,015,"Idaho","Boise County",4,30,69,35,34
050,16,015,"Idaho","Boise County",4,31,72,30,42
050,16,015,"Idaho","Boise County",4,32,74,39,35
050,16,015,"Idaho","Boise County",4,33,80,42,38
050,16,015,"Idaho","Boise County",4,34,93,51,42
050,16,015,"Idaho","Boise County",4,35,84,43,41
050,16,015,"Idaho","Boise County",4,36,92,45,47
050,16,015,"Idaho","Boise County",4,37,102,49,53
050,16,015,"Idaho","Boise County",4,38,78,34,44
050,16,015,"Idaho","Boise County",4,39,102,47,55
050,16,015,"Idaho","Boise County",4,40,104,51,53
050,16,015,"Idaho","Boise County",4,41,84,36,48
050,16,015,"Idaho","Boise County",4,42,83,37,46
050,16,015,"Idaho","Boise County",4,43,100,54,46
050,16,015,"Idaho","Boise County",4,44,107,51,56
050,16,015,"Idaho","Boise County",4,45,84,46,38
050,16,015,"Idaho","Boise County",4,46,73,40,33
050,16,015,"Idaho","Boise County",4,47,92,44,48
050,16,015,"Idaho","Boise County",4,48,81,43,38
050,16,015,"Idaho","Boise County",4,49,96,50,46
050,16,015,"Idaho","Boise County",4,50,106,50,56
050,16,015,"Idaho","Boise County",4,51,117,65,52
050,16,015,"Idaho","Boise County",4,52,116,61,55
050,16,015,"Idaho","Boise County",4,53,125,63,62
050,16,015,"Idaho","Boise County",4,54,115,62,53
050,16,015,"Idaho","Boise County",4,55,121,66,55
050,16,015,"Idaho","Boise County",4,56,135,56,79
050,16,015,"Idaho","Boise County",4,57,128,59,69
050,16,015,"Idaho","Boise County",4,58,160,78,82
050,16,015,"Idaho","Boise County",4,59,143,69,74
050,16,015,"Idaho","Boise County",4,60,147,76,71
050,16,015,"Idaho","Boise County",4,61,171,95,76
050,16,015,"Idaho","Boise County",4,62,179,88,91
050,16,015,"Idaho","Boise County",4,63,187,94,93
050,16,015,"Idaho","Boise County",4,64,179,96,83
050,16,015,"Idaho","Boise County",4,65,190,97,93
050,16,015,"Idaho","Boise County",4,66,176,94,82
050,16,015,"Idaho","Boise County",4,67,178,93,85
050,16,015,"Idaho","Boise County",4,68,186,91,95
050,16,015,"Idaho","Boise County",4,69,173,85,88
050,16,015,"Idaho","Boise County",4,70,160,81,79
050,16,015,"Idaho","Boise County",4,71,139,74,65
050,16,015,"Idaho","Boise County",4,72,139,86,53
050,16,015,"Idaho","Boise County",4,73,131,68,63
050,16,015,"Idaho","Boise County",4,74,130,68,62
050,16,015,"Idaho","Boise County",4,75,141,83,58
050,16,015,"Idaho","Boise County",4,76,88,56,32
050,16,015,"Idaho","Boise County",4,77,74,52,22
050,16,015,"Idaho","Boise County",4,78,69,41,28
050,16,015,"Idaho","Boise County",4,79,65,40,25
050,16,015,"Idaho","Boise County",4,80,47,26,21
050,16,015,"Idaho","Boise County",4,81,41,22,19
050,16,015,"Idaho","Boise County",4,82,43,26,17
050,16,015,"Idaho","Boise County",4,83,28,17,11
050,16,015,"Idaho","Boise County",4,84,29,17,12
050,16,015,"Idaho","Boise County",4,85,154,79,75
050,16,015,"Idaho","Boise County",5,0,67,29,38
050,16,015,"Idaho","Boise County",5,1,70,29,41
050,16,015,"Idaho","Boise County",5,2,61,28,33
050,16,015,"Idaho","Boise County",5,3,77,34,43
050,16,015,"Idaho","Boise County",5,4,61,27,34
050,16,015,"Idaho","Boise County",5,5,73,29,44
050,16,015,"Idaho","Boise County",5,6,69,33,36
050,16,015,"Idaho","Boise County",5,7,79,33,46
050,16,015,"Idaho","Boise County",5,8,76,40,36
050,16,015,"Idaho","Boise County",5,9,64,32,32
050,16,015,"Idaho","Boise County",5,10,88,46,42
050,16,015,"Idaho","Boise County",5,11,66,33,33
050,16,015,"Idaho","Boise County",5,12,78,38,40
050,16,015,"Idaho","Boise County",5,13,82,40,42
050,16,015,"Idaho","Boise County",5,14,73,36,37
050,16,015,"Idaho","Boise County",5,15,86,43,43
050,16,015,"Idaho","Boise County",5,16,88,44,44
050,16,015,"Idaho","Boise County",5,17,71,39,32
050,16,015,"Idaho","Boise County",5,18,68,36,32
050,16,015,"Idaho","Boise County",5,19,61,35,26
050,16,015,"Idaho","Boise County",5,20,59,36,23
050,16,015,"Idaho","Boise County",5,21,55,35,20
050,16,015,"Idaho","Boise County",5,22,68,38,30
050,16,015,"Idaho","Boise County",5,23,89,49,40
050,16,015,"Idaho","Boise County",5,24,81,43,38
050,16,015,"Idaho","Boise County",5,25,61,32,29
050,16,015,"Idaho","Boise County",5,26,63,25,38
050,16,015,"Idaho","Boise County",5,27,64,35,29
050,16,015,"Idaho","Boise County",5,28,54,24,30
050,16,015,"Idaho","Boise County",5,29,68,35,33
050,16,015,"Idaho","Boise County",5,30,76,29,47
050,16,015,"Idaho","Boise County",5,31,77,35,42
050,16,015,"Idaho","Boise County",5,32,73,29,44
050,16,015,"Idaho","Boise County",5,33,75,36,39
050,16,015,"Idaho","Boise County",5,34,86,42,44
050,16,015,"Idaho","Boise County",5,35,102,60,42
050,16,015,"Idaho","Boise County",5,36,94,46,48
050,16,015,"Idaho","Boise County",5,37,88,43,45
050,16,015,"Idaho","Boise County",5,38,96,48,48
050,16,015,"Idaho","Boise County",5,39,82,36,46
050,16,015,"Idaho","Boise County",5,40,102,46,56
050,16,015,"Idaho","Boise County",5,41,107,52,55
050,16,015,"Idaho","Boise County",5,42,79,36,43
050,16,015,"Idaho","Boise County",5,43,86,38,48
050,16,015,"Idaho","Boise County",5,44,99,54,45
050,16,015,"Idaho","Boise County",5,45,114,52,62
050,16,015,"Idaho","Boise County",5,46,86,45,41
050,16,015,"Idaho","Boise County",5,47,73,36,37
050,16,015,"Idaho","Boise County",5,48,101,46,55
050,16,015,"Idaho","Boise County",5,49,85,44,41
050,16,015,"Idaho","Boise County",5,50,103,51,52
050,16,015,"Idaho","Boise County",5,51,115,56,59
050,16,015,"Idaho","Boise County",5,52,129,75,54
050,16,015,"Idaho","Boise County",5,53,112,63,49
050,16,015,"Idaho","Boise County",5,54,130,67,63
050,16,015,"Idaho","Boise County",5,55,116,63,53
050,16,015,"Idaho","Boise County",5,56,127,68,59
050,16,015,"Idaho","Boise County",5,57,133,56,77
050,16,015,"Idaho","Boise County",5,58,134,60,74
050,16,015,"Idaho","Boise County",5,59,162,81,81
050,16,015,"Idaho","Boise County",5,60,154,72,82
050,16,015,"Idaho","Boise County",5,61,154,80,74
050,16,015,"Idaho","Boise County",5,62,167,96,71
050,16,015,"Idaho","Boise County",5,63,182,86,96
050,16,015,"Idaho","Boise County",5,64,190,95,95
050,16,015,"Idaho","Boise County",5,65,181,95,86
050,16,015,"Idaho","Boise County",5,66,194,99,95
050,16,015,"Idaho","Boise County",5,67,174,94,80
050,16,015,"Idaho","Boise County",5,68,178,92,86
050,16,015,"Idaho","Boise County",5,69,184,92,92
050,16,015,"Idaho","Boise County",5,70,173,87,86
050,16,015,"Idaho","Boise County",5,71,161,78,83
050,16,015,"Idaho","Boise County",5,72,135,73,62
050,16,015,"Idaho","Boise County",5,73,139,86,53
050,16,015,"Idaho","Boise County",5,74,130,66,64
050,16,015,"Idaho","Boise County",5,75,123,62,61
050,16,015,"Idaho","Boise County",5,76,141,82,59
050,16,015,"Idaho","Boise County",5,77,84,54,30
050,16,015,"Idaho","Boise County",5,78,69,49,20
050,16,015,"Idaho","Boise County",5,79,66,41,25
050,16,015,"Idaho","Boise County",5,80,58,36,22
050,16,015,"Idaho","Boise County",5,81,42,22,20
050,16,015,"Idaho","Boise County",5,82,38,20,18
050,16,015,"Idaho","Boise County",5,83,43,24,19
050,16,015,"Idaho","Boise County",5,84,31,17,14
050,16,015,"Idaho","Boise County",5,85,164,83,81
050,16,017,"Idaho","Bonner County",1,0,421,216,205
050,16,017,"Idaho","Bonner County",1,1,435,214,221
050,16,017,"Idaho","Bonner County",1,2,439,217,222
050,16,017,"Idaho","Bonner County",1,3,490,238,252
050,16,017,"Idaho","Bonner County",1,4,456,232,224
050,16,017,"Idaho","Bonner County",1,5,493,229,264
050,16,017,"Idaho","Bonner County",1,6,507,240,267
050,16,017,"Idaho","Bonner County",1,7,504,253,251
050,16,017,"Idaho","Bonner County",1,8,506,257,249
050,16,017,"Idaho","Bonner County",1,9,510,265,245
050,16,017,"Idaho","Bonner County",1,10,526,275,251
050,16,017,"Idaho","Bonner County",1,11,554,279,275
050,16,017,"Idaho","Bonner County",1,12,556,293,263
050,16,017,"Idaho","Bonner County",1,13,567,311,256
050,16,017,"Idaho","Bonner County",1,14,572,299,273
050,16,017,"Idaho","Bonner County",1,15,582,310,272
050,16,017,"Idaho","Bonner County",1,16,556,307,249
050,16,017,"Idaho","Bonner County",1,17,571,294,277
050,16,017,"Idaho","Bonner County",1,18,499,255,244
050,16,017,"Idaho","Bonner County",1,19,337,166,171
050,16,017,"Idaho","Bonner County",1,20,360,190,170
050,16,017,"Idaho","Bonner County",1,21,373,195,178
050,16,017,"Idaho","Bonner County",1,22,366,177,189
050,16,017,"Idaho","Bonner County",1,23,396,207,189
050,16,017,"Idaho","Bonner County",1,24,381,198,183
050,16,017,"Idaho","Bonner County",1,25,381,198,183
050,16,017,"Idaho","Bonner County",1,26,403,205,198
050,16,017,"Idaho","Bonner County",1,27,399,213,186
050,16,017,"Idaho","Bonner County",1,28,463,240,223
050,16,017,"Idaho","Bonner County",1,29,466,227,239
050,16,017,"Idaho","Bonner County",1,30,435,223,212
050,16,017,"Idaho","Bonner County",1,31,439,203,236
050,16,017,"Idaho","Bonner County",1,32,467,223,244
050,16,017,"Idaho","Bonner County",1,33,474,210,264
050,16,017,"Idaho","Bonner County",1,34,478,236,242
050,16,017,"Idaho","Bonner County",1,35,496,271,225
050,16,017,"Idaho","Bonner County",1,36,525,291,234
050,16,017,"Idaho","Bonner County",1,37,499,281,218
050,16,017,"Idaho","Bonner County",1,38,533,284,249
050,16,017,"Idaho","Bonner County",1,39,549,261,288
050,16,017,"Idaho","Bonner County",1,40,560,271,289
050,16,017,"Idaho","Bonner County",1,41,516,247,269
050,16,017,"Idaho","Bonner County",1,42,563,283,280
050,16,017,"Idaho","Bonner County",1,43,517,258,259
050,16,017,"Idaho","Bonner County",1,44,522,267,255
050,16,017,"Idaho","Bonner County",1,45,504,248,256
050,16,017,"Idaho","Bonner County",1,46,509,237,272
050,16,017,"Idaho","Bonner County",1,47,517,256,261
050,16,017,"Idaho","Bonner County",1,48,536,272,264
050,16,017,"Idaho","Bonner County",1,49,611,329,282
050,16,017,"Idaho","Bonner County",1,50,560,278,282
050,16,017,"Idaho","Bonner County",1,51,523,264,259
050,16,017,"Idaho","Bonner County",1,52,539,256,283
050,16,017,"Idaho","Bonner County",1,53,593,294,299
050,16,017,"Idaho","Bonner County",1,54,569,280,289
050,16,017,"Idaho","Bonner County",1,55,650,337,313
050,16,017,"Idaho","Bonner County",1,56,710,353,357
050,16,017,"Idaho","Bonner County",1,57,719,349,370
050,16,017,"Idaho","Bonner County",1,58,745,346,399
050,16,017,"Idaho","Bonner County",1,59,799,381,418
050,16,017,"Idaho","Bonner County",1,60,821,404,417
050,16,017,"Idaho","Bonner County",1,61,850,411,439
050,16,017,"Idaho","Bonner County",1,62,877,442,435
050,16,017,"Idaho","Bonner County",1,63,889,439,450
050,16,017,"Idaho","Bonner County",1,64,910,455,455
050,16,017,"Idaho","Bonner County",1,65,866,436,430
050,16,017,"Idaho","Bonner County",1,66,940,467,473
050,16,017,"Idaho","Bonner County",1,67,910,461,449
050,16,017,"Idaho","Bonner County",1,68,867,440,427
050,16,017,"Idaho","Bonner County",1,69,808,410,398
050,16,017,"Idaho","Bonner County",1,70,740,385,355
050,16,017,"Idaho","Bonner County",1,71,732,379,353
050,16,017,"Idaho","Bonner County",1,72,743,409,334
050,16,017,"Idaho","Bonner County",1,73,685,374,311
050,16,017,"Idaho","Bonner County",1,74,475,255,220
050,16,017,"Idaho","Bonner County",1,75,484,253,231
050,16,017,"Idaho","Bonner County",1,76,447,232,215
050,16,017,"Idaho","Bonner County",1,77,447,236,211
050,16,017,"Idaho","Bonner County",1,78,379,199,180
050,16,017,"Idaho","Bonner County",1,79,360,186,174
050,16,017,"Idaho","Bonner County",1,80,304,152,152
050,16,017,"Idaho","Bonner County",1,81,274,134,140
050,16,017,"Idaho","Bonner County",1,82,222,104,118
050,16,017,"Idaho","Bonner County",1,83,202,102,100
050,16,017,"Idaho","Bonner County",1,84,200,92,108
050,16,017,"Idaho","Bonner County",1,85,945,378,567
050,16,017,"Idaho","Bonner County",2,0,416,214,202
050,16,017,"Idaho","Bonner County",2,1,433,214,219
050,16,017,"Idaho","Bonner County",2,2,442,218,224
050,16,017,"Idaho","Bonner County",2,3,479,236,243
050,16,017,"Idaho","Bonner County",2,4,469,235,234
050,16,017,"Idaho","Bonner County",2,5,483,227,256
050,16,017,"Idaho","Bonner County",2,6,511,243,268
050,16,017,"Idaho","Bonner County",2,7,509,253,256
050,16,017,"Idaho","Bonner County",2,8,512,259,253
050,16,017,"Idaho","Bonner County",2,9,514,267,247
050,16,017,"Idaho","Bonner County",2,10,524,275,249
050,16,017,"Idaho","Bonner County",2,11,548,280,268
050,16,017,"Idaho","Bonner County",2,12,561,293,268
050,16,017,"Idaho","Bonner County",2,13,572,311,261
050,16,017,"Idaho","Bonner County",2,14,577,306,271
050,16,017,"Idaho","Bonner County",2,15,582,309,273
050,16,017,"Idaho","Bonner County",2,16,565,309,256
050,16,017,"Idaho","Bonner County",2,17,565,297,268
050,16,017,"Idaho","Bonner County",2,18,484,252,232
050,16,017,"Idaho","Bonner County",2,19,352,173,179
050,16,017,"Idaho","Bonner County",2,20,362,186,176
050,16,017,"Idaho","Bonner County",2,21,372,194,178
050,16,017,"Idaho","Bonner County",2,22,374,187,187
050,16,017,"Idaho","Bonner County",2,23,391,203,188
050,16,017,"Idaho","Bonner County",2,24,382,199,183
050,16,017,"Idaho","Bonner County",2,25,385,199,186
050,16,017,"Idaho","Bonner County",2,26,396,202,194
050,16,017,"Idaho","Bonner County",2,27,403,211,192
050,16,017,"Idaho","Bonner County",2,28,454,234,220
050,16,017,"Idaho","Bonner County",2,29,471,234,237
050,16,017,"Idaho","Bonner County",2,30,452,228,224
050,16,017,"Idaho","Bonner County",2,31,443,212,231
050,16,017,"Idaho","Bonner County",2,32,467,223,244
050,16,017,"Idaho","Bonner County",2,33,474,214,260
050,16,017,"Idaho","Bonner County",2,34,481,231,250
050,16,017,"Idaho","Bonner County",2,35,501,269,232
050,16,017,"Idaho","Bonner County",2,36,515,285,230
050,16,017,"Idaho","Bonner County",2,37,511,287,224
050,16,017,"Idaho","Bonner County",2,38,534,287,247
050,16,017,"Idaho","Bonner County",2,39,551,268,283
050,16,017,"Idaho","Bonner County",2,40,562,269,293
050,16,017,"Idaho","Bonner County",2,41,528,254,274
050,16,017,"Idaho","Bonner County",2,42,554,276,278
050,16,017,"Idaho","Bonner County",2,43,539,271,268
050,16,017,"Idaho","Bonner County",2,44,520,265,255
050,16,017,"Idaho","Bonner County",2,45,516,255,261
050,16,017,"Idaho","Bonner County",2,46,511,241,270
050,16,017,"Idaho","Bonner County",2,47,517,251,266
050,16,017,"Idaho","Bonner County",2,48,536,274,262
050,16,017,"Idaho","Bonner County",2,49,598,321,277
050,16,017,"Idaho","Bonner County",2,50,578,296,282
050,16,017,"Idaho","Bonner County",2,51,533,267,266
050,16,017,"Idaho","Bonner County",2,52,538,259,279
050,16,017,"Idaho","Bonner County",2,53,587,288,299
050,16,017,"Idaho","Bonner County",2,54,580,286,294
050,16,017,"Idaho","Bonner County",2,55,638,327,311
050,16,017,"Idaho","Bonner County",2,56,705,351,354
050,16,017,"Idaho","Bonner County",2,57,724,352,372
050,16,017,"Idaho","Bonner County",2,58,744,349,395
050,16,017,"Idaho","Bonner County",2,59,800,378,422
050,16,017,"Idaho","Bonner County",2,60,821,402,419
050,16,017,"Idaho","Bonner County",2,61,853,415,438
050,16,017,"Idaho","Bonner County",2,62,877,438,439
050,16,017,"Idaho","Bonner County",2,63,906,452,454
050,16,017,"Idaho","Bonner County",2,64,904,451,453
050,16,017,"Idaho","Bonner County",2,65,887,446,441
050,16,017,"Idaho","Bonner County",2,66,932,465,467
050,16,017,"Idaho","Bonner County",2,67,918,462,456
050,16,017,"Idaho","Bonner County",2,68,877,445,432
050,16,017,"Idaho","Bonner County",2,69,833,423,410
050,16,017,"Idaho","Bonner County",2,70,754,389,365
050,16,017,"Idaho","Bonner County",2,71,735,383,352
050,16,017,"Idaho","Bonner County",2,72,727,393,334
050,16,017,"Idaho","Bonner County",2,73,730,397,333
050,16,017,"Idaho","Bonner County",2,74,495,269,226
050,16,017,"Idaho","Bonner County",2,75,485,254,231
050,16,017,"Idaho","Bonner County",2,76,451,235,216
050,16,017,"Idaho","Bonner County",2,77,457,240,217
050,16,017,"Idaho","Bonner County",2,78,386,201,185
050,16,017,"Idaho","Bonner County",2,79,358,187,171
050,16,017,"Idaho","Bonner County",2,80,314,157,157
050,16,017,"Idaho","Bonner County",2,81,279,137,142
050,16,017,"Idaho","Bonner County",2,82,234,110,124
050,16,017,"Idaho","Bonner County",2,83,203,100,103
050,16,017,"Idaho","Bonner County",2,84,201,96,105
050,16,017,"Idaho","Bonner County",2,85,961,388,573
050,16,017,"Idaho","Bonner County",3,0,432,238,194
050,16,017,"Idaho","Bonner County",3,1,481,250,231
050,16,017,"Idaho","Bonner County",3,2,459,222,237
050,16,017,"Idaho","Bonner County",3,3,475,244,231
050,16,017,"Idaho","Bonner County",3,4,519,248,271
050,16,017,"Idaho","Bonner County",3,5,533,263,270
050,16,017,"Idaho","Bonner County",3,6,514,243,271
050,16,017,"Idaho","Bonner County",3,7,546,255,291
050,16,017,"Idaho","Bonner County",3,8,546,283,263
050,16,017,"Idaho","Bonner County",3,9,552,289,263
050,16,017,"Idaho","Bonner County",3,10,540,280,260
050,16,017,"Idaho","Bonner County",3,11,572,298,274
050,16,017,"Idaho","Bonner County",3,12,579,295,284
050,16,017,"Idaho","Bonner County",3,13,587,306,281
050,16,017,"Idaho","Bonner County",3,14,602,328,274
050,16,017,"Idaho","Bonner County",3,15,580,309,271
050,16,017,"Idaho","Bonner County",3,16,601,322,279
050,16,017,"Idaho","Bonner County",3,17,596,322,274
050,16,017,"Idaho","Bonner County",3,18,502,269,233
050,16,017,"Idaho","Bonner County",3,19,376,204,172
050,16,017,"Idaho","Bonner County",3,20,391,184,207
050,16,017,"Idaho","Bonner County",3,21,381,192,189
050,16,017,"Idaho","Bonner County",3,22,409,202,207
050,16,017,"Idaho","Bonner County",3,23,382,204,178
050,16,017,"Idaho","Bonner County",3,24,415,225,190
050,16,017,"Idaho","Bonner County",3,25,423,215,208
050,16,017,"Idaho","Bonner County",3,26,420,215,205
050,16,017,"Idaho","Bonner County",3,27,429,227,202
050,16,017,"Idaho","Bonner County",3,28,443,232,211
050,16,017,"Idaho","Bonner County",3,29,482,248,234
050,16,017,"Idaho","Bonner County",3,30,521,264,257
050,16,017,"Idaho","Bonner County",3,31,504,256,248
050,16,017,"Idaho","Bonner County",3,32,494,248,246
050,16,017,"Idaho","Bonner County",3,33,503,240,263
050,16,017,"Idaho","Bonner County",3,34,546,256,290
050,16,017,"Idaho","Bonner County",3,35,523,246,277
050,16,017,"Idaho","Bonner County",3,36,551,293,258
050,16,017,"Idaho","Bonner County",3,37,551,298,253
050,16,017,"Idaho","Bonner County",3,38,525,291,234
050,16,017,"Idaho","Bonner County",3,39,580,312,268
050,16,017,"Idaho","Bonner County",3,40,588,291,297
050,16,017,"Idaho","Bonner County",3,41,622,296,326
050,16,017,"Idaho","Bonner County",3,42,578,286,292
050,16,017,"Idaho","Bonner County",3,43,596,289,307
050,16,017,"Idaho","Bonner County",3,44,570,286,284
050,16,017,"Idaho","Bonner County",3,45,537,275,262
050,16,017,"Idaho","Bonner County",3,46,533,258,275
050,16,017,"Idaho","Bonner County",3,47,529,249,280
050,16,017,"Idaho","Bonner County",3,48,525,257,268
050,16,017,"Idaho","Bonner County",3,49,559,290,269
050,16,017,"Idaho","Bonner County",3,50,640,335,305
050,16,017,"Idaho","Bonner County",3,51,622,314,308
050,16,017,"Idaho","Bonner County",3,52,549,266,283
050,16,017,"Idaho","Bonner County",3,53,573,278,295
050,16,017,"Idaho","Bonner County",3,54,600,294,306
050,16,017,"Idaho","Bonner County",3,55,603,300,303
050,16,017,"Idaho","Bonner County",3,56,680,350,330
050,16,017,"Idaho","Bonner County",3,57,753,371,382
050,16,017,"Idaho","Bonner County",3,58,750,368,382
050,16,017,"Idaho","Bonner County",3,59,773,368,405
050,16,017,"Idaho","Bonner County",3,60,826,396,430
050,16,017,"Idaho","Bonner County",3,61,849,412,437
050,16,017,"Idaho","Bonner County",3,62,896,444,452
050,16,017,"Idaho","Bonner County",3,63,916,468,448
050,16,017,"Idaho","Bonner County",3,64,951,475,476
050,16,017,"Idaho","Bonner County",3,65,939,471,468
050,16,017,"Idaho","Bonner County",3,66,915,460,455
050,16,017,"Idaho","Bonner County",3,67,952,477,475
050,16,017,"Idaho","Bonner County",3,68,908,460,448
050,16,017,"Idaho","Bonner County",3,69,888,455,433
050,16,017,"Idaho","Bonner County",3,70,830,419,411
050,16,017,"Idaho","Bonner County",3,71,749,385,364
050,16,017,"Idaho","Bonner County",3,72,729,371,358
050,16,017,"Idaho","Bonner County",3,73,721,394,327
050,16,017,"Idaho","Bonner County",3,74,732,407,325
050,16,017,"Idaho","Bonner County",3,75,493,259,234
050,16,017,"Idaho","Bonner County",3,76,465,237,228
050,16,017,"Idaho","Bonner County",3,77,443,238,205
050,16,017,"Idaho","Bonner County",3,78,444,233,211
050,16,017,"Idaho","Bonner County",3,79,381,201,180
050,16,017,"Idaho","Bonner County",3,80,339,172,167
050,16,017,"Idaho","Bonner County",3,81,306,151,155
050,16,017,"Idaho","Bonner County",3,82,261,123,138
050,16,017,"Idaho","Bonner County",3,83,223,110,113
050,16,017,"Idaho","Bonner County",3,84,191,88,103
050,16,017,"Idaho","Bonner County",3,85,1041,430,611
050,16,017,"Idaho","Bonner County",4,0,451,232,219
050,16,017,"Idaho","Bonner County",4,1,472,268,204
050,16,017,"Idaho","Bonner County",4,2,488,252,236
050,16,017,"Idaho","Bonner County",4,3,483,237,246
050,16,017,"Idaho","Bonner County",4,4,499,241,258
050,16,017,"Idaho","Bonner County",4,5,557,275,282
050,16,017,"Idaho","Bonner County",4,6,560,280,280
050,16,017,"Idaho","Bonner County",4,7,563,264,299
050,16,017,"Idaho","Bonner County",4,8,606,289,317
050,16,017,"Idaho","Bonner County",4,9,582,293,289
050,16,017,"Idaho","Bonner County",4,10,581,295,286
050,16,017,"Idaho","Bonner County",4,11,570,286,284
050,16,017,"Idaho","Bonner County",4,12,611,316,295
050,16,017,"Idaho","Bonner County",4,13,609,310,299
050,16,017,"Idaho","Bonner County",4,14,615,323,292
050,16,017,"Idaho","Bonner County",4,15,637,343,294
050,16,017,"Idaho","Bonner County",4,16,591,320,271
050,16,017,"Idaho","Bonner County",4,17,623,331,292
050,16,017,"Idaho","Bonner County",4,18,502,278,224
050,16,017,"Idaho","Bonner County",4,19,398,211,187
050,16,017,"Idaho","Bonner County",4,20,390,212,178
050,16,017,"Idaho","Bonner County",4,21,404,195,209
050,16,017,"Idaho","Bonner County",4,22,405,205,200
050,16,017,"Idaho","Bonner County",4,23,407,208,199
050,16,017,"Idaho","Bonner County",4,24,394,202,192
050,16,017,"Idaho","Bonner County",4,25,425,222,203
050,16,017,"Idaho","Bonner County",4,26,427,210,217
050,16,017,"Idaho","Bonner County",4,27,434,207,227
050,16,017,"Idaho","Bonner County",4,28,452,238,214
050,16,017,"Idaho","Bonner County",4,29,448,235,213
050,16,017,"Idaho","Bonner County",4,30,528,278,250
050,16,017,"Idaho","Bonner County",4,31,565,287,278
050,16,017,"Idaho","Bonner County",4,32,534,268,266
050,16,017,"Idaho","Bonner County",4,33,535,267,268
050,16,017,"Idaho","Bonner County",4,34,537,252,285
050,16,017,"Idaho","Bonner County",4,35,592,279,313
050,16,017,"Idaho","Bonner County",4,36,573,273,300
050,16,017,"Idaho","Bonner County",4,37,598,322,276
050,16,017,"Idaho","Bonner County",4,38,600,318,282
050,16,017,"Idaho","Bonner County",4,39,580,315,265
050,16,017,"Idaho","Bonner County",4,40,621,334,287
050,16,017,"Idaho","Bonner County",4,41,628,318,310
050,16,017,"Idaho","Bonner County",4,42,665,322,343
050,16,017,"Idaho","Bonner County",4,43,596,295,301
050,16,017,"Idaho","Bonner County",4,44,614,302,312
050,16,017,"Idaho","Bonner County",4,45,596,291,305
050,16,017,"Idaho","Bonner County",4,46,565,281,284
050,16,017,"Idaho","Bonner County",4,47,556,272,284
050,16,017,"Idaho","Bonner County",4,48,566,269,297
050,16,017,"Idaho","Bonner County",4,49,552,274,278
050,16,017,"Idaho","Bonner County",4,50,592,300,292
050,16,017,"Idaho","Bonner County",4,51,661,350,311
050,16,017,"Idaho","Bonner County",4,52,658,334,324
050,16,017,"Idaho","Bonner County",4,53,592,293,299
050,16,017,"Idaho","Bonner County",4,54,605,297,308
050,16,017,"Idaho","Bonner County",4,55,648,323,325
050,16,017,"Idaho","Bonner County",4,56,669,333,336
050,16,017,"Idaho","Bonner County",4,57,710,372,338
050,16,017,"Idaho","Bonner County",4,58,808,397,411
050,16,017,"Idaho","Bonner County",4,59,794,401,393
050,16,017,"Idaho","Bonner County",4,60,803,387,416
050,16,017,"Idaho","Bonner County",4,61,858,410,448
050,16,017,"Idaho","Bonner County",4,62,892,434,458
050,16,017,"Idaho","Bonner County",4,63,933,466,467
050,16,017,"Idaho","Bonner County",4,64,927,471,456
050,16,017,"Idaho","Bonner County",4,65,954,481,473
050,16,017,"Idaho","Bonner County",4,66,952,493,459
050,16,017,"Idaho","Bonner County",4,67,911,463,448
050,16,017,"Idaho","Bonner County",4,68,925,466,459
050,16,017,"Idaho","Bonner County",4,69,902,452,450
050,16,017,"Idaho","Bonner County",4,70,876,444,432
050,16,017,"Idaho","Bonner County",4,71,833,428,405
050,16,017,"Idaho","Bonner County",4,72,748,376,372
050,16,017,"Idaho","Bonner County",4,73,703,351,352
050,16,017,"Idaho","Bonner County",4,74,722,401,321
050,16,017,"Idaho","Bonner County",4,75,700,381,319
050,16,017,"Idaho","Bonner County",4,76,461,244,217
050,16,017,"Idaho","Bonner County",4,77,451,235,216
050,16,017,"Idaho","Bonner County",4,78,420,219,201
050,16,017,"Idaho","Bonner County",4,79,430,223,207
050,16,017,"Idaho","Bonner County",4,80,360,190,170
050,16,017,"Idaho","Bonner County",4,81,313,152,161
050,16,017,"Idaho","Bonner County",4,82,284,137,147
050,16,017,"Idaho","Bonner County",4,83,233,112,121
050,16,017,"Idaho","Bonner County",4,84,202,97,105
050,16,017,"Idaho","Bonner County",4,85,1092,452,640
050,16,017,"Idaho","Bonner County",5,0,445,229,216
050,16,017,"Idaho","Bonner County",5,1,469,233,236
050,16,017,"Idaho","Bonner County",5,2,488,260,228
050,16,017,"Idaho","Bonner County",5,3,496,249,247
050,16,017,"Idaho","Bonner County",5,4,496,243,253
050,16,017,"Idaho","Bonner County",5,5,531,266,265
050,16,017,"Idaho","Bonner County",5,6,580,293,287
050,16,017,"Idaho","Bonner County",5,7,577,280,297
050,16,017,"Idaho","Bonner County",5,8,600,282,318
050,16,017,"Idaho","Bonner County",5,9,647,303,344
050,16,017,"Idaho","Bonner County",5,10,595,291,304
050,16,017,"Idaho","Bonner County",5,11,609,302,307
050,16,017,"Idaho","Bonner County",5,12,585,300,285
050,16,017,"Idaho","Bonner County",5,13,631,335,296
050,16,017,"Idaho","Bonner County",5,14,623,319,304
050,16,017,"Idaho","Bonner County",5,15,635,336,299
050,16,017,"Idaho","Bonner County",5,16,645,350,295
050,16,017,"Idaho","Bonner County",5,17,602,327,275
050,16,017,"Idaho","Bonner County",5,18,519,285,234
050,16,017,"Idaho","Bonner County",5,19,387,217,170
050,16,017,"Idaho","Bonner County",5,20,414,221,193
050,16,017,"Idaho","Bonner County",5,21,423,224,199
050,16,017,"Idaho","Bonner County",5,22,416,198,218
050,16,017,"Idaho","Bonner County",5,23,439,235,204
050,16,017,"Idaho","Bonner County",5,24,414,219,195
050,16,017,"Idaho","Bonner County",5,25,407,221,186
050,16,017,"Idaho","Bonner County",5,26,425,227,198
050,16,017,"Idaho","Bonner County",5,27,435,212,223
050,16,017,"Idaho","Bonner County",5,28,440,214,226
050,16,017,"Idaho","Bonner County",5,29,460,235,225
050,16,017,"Idaho","Bonner County",5,30,463,240,223
050,16,017,"Idaho","Bonner County",5,31,548,287,261
050,16,017,"Idaho","Bonner County",5,32,594,299,295
050,16,017,"Idaho","Bonner County",5,33,602,295,307
050,16,017,"Idaho","Bonner County",5,34,550,272,278
050,16,017,"Idaho","Bonner County",5,35,575,274,301
050,16,017,"Idaho","Bonner County",5,36,605,287,318
050,16,017,"Idaho","Bonner County",5,37,591,286,305
050,16,017,"Idaho","Bonner County",5,38,622,323,299
050,16,017,"Idaho","Bonner County",5,39,624,331,293
050,16,017,"Idaho","Bonner County",5,40,599,317,282
050,16,017,"Idaho","Bonner County",5,41,628,338,290
050,16,017,"Idaho","Bonner County",5,42,689,343,346
050,16,017,"Idaho","Bonner County",5,43,696,341,355
050,16,017,"Idaho","Bonner County",5,44,638,320,318
050,16,017,"Idaho","Bonner County",5,45,645,311,334
050,16,017,"Idaho","Bonner County",5,46,620,296,324
050,16,017,"Idaho","Bonner County",5,47,587,294,293
050,16,017,"Idaho","Bonner County",5,48,556,269,287
050,16,017,"Idaho","Bonner County",5,49,581,275,306
050,16,017,"Idaho","Bonner County",5,50,578,294,284
050,16,017,"Idaho","Bonner County",5,51,605,304,301
050,16,017,"Idaho","Bonner County",5,52,682,354,328
050,16,017,"Idaho","Bonner County",5,53,685,353,332
050,16,017,"Idaho","Bonner County",5,54,622,306,316
050,16,017,"Idaho","Bonner County",5,55,617,302,315
050,16,017,"Idaho","Bonner County",5,56,669,344,325
050,16,017,"Idaho","Bonner County",5,57,674,340,334
050,16,017,"Idaho","Bonner County",5,58,749,388,361
050,16,017,"Idaho","Bonner County",5,59,819,405,414
050,16,017,"Idaho","Bonner County",5,60,790,396,394
050,16,017,"Idaho","Bonner County",5,61,828,402,426
050,16,017,"Idaho","Bonner County",5,62,886,416,470
050,16,017,"Idaho","Bonner County",5,63,907,448,459
050,16,017,"Idaho","Bonner County",5,64,954,471,483
050,16,017,"Idaho","Bonner County",5,65,929,467,462
050,16,017,"Idaho","Bonner County",5,66,951,470,481
050,16,017,"Idaho","Bonner County",5,67,956,492,464
050,16,017,"Idaho","Bonner County",5,68,915,461,454
050,16,017,"Idaho","Bonner County",5,69,913,464,449
050,16,017,"Idaho","Bonner County",5,70,895,443,452
050,16,017,"Idaho","Bonner County",5,71,860,436,424
050,16,017,"Idaho","Bonner County",5,72,813,413,400
050,16,017,"Idaho","Bonner County",5,73,739,369,370
050,16,017,"Idaho","Bonner County",5,74,708,358,350
050,16,017,"Idaho","Bonner County",5,75,695,379,316
050,16,017,"Idaho","Bonner County",5,76,684,369,315
050,16,017,"Idaho","Bonner County",5,77,437,228,209
050,16,017,"Idaho","Bonner County",5,78,430,215,215
050,16,017,"Idaho","Bonner County",5,79,414,214,200
050,16,017,"Idaho","Bonner County",5,80,402,204,198
050,16,017,"Idaho","Bonner County",5,81,337,170,167
050,16,017,"Idaho","Bonner County",5,82,305,141,164
050,16,017,"Idaho","Bonner County",5,83,271,128,143
050,16,017,"Idaho","Bonner County",5,84,213,102,111
050,16,017,"Idaho","Bonner County",5,85,1169,491,678
050,16,019,"Idaho","Bonneville County",1,0,1829,938,891
050,16,019,"Idaho","Bonneville County",1,1,1865,956,909
050,16,019,"Idaho","Bonneville County",1,2,2010,1035,975
050,16,019,"Idaho","Bonneville County",1,3,2037,1068,969
050,16,019,"Idaho","Bonneville County",1,4,2148,1112,1036
050,16,019,"Idaho","Bonneville County",1,5,2135,1091,1044
050,16,019,"Idaho","Bonneville County",1,6,2043,1037,1006
050,16,019,"Idaho","Bonneville County",1,7,2099,1018,1081
050,16,019,"Idaho","Bonneville County",1,8,2080,1026,1054
050,16,019,"Idaho","Bonneville County",1,9,2136,1060,1076
050,16,019,"Idaho","Bonneville County",1,10,2225,1174,1051
050,16,019,"Idaho","Bonneville County",1,11,2358,1217,1141
050,16,019,"Idaho","Bonneville County",1,12,2320,1178,1142
050,16,019,"Idaho","Bonneville County",1,13,2307,1180,1127
050,16,019,"Idaho","Bonneville County",1,14,2178,1129,1049
050,16,019,"Idaho","Bonneville County",1,15,2124,1066,1058
050,16,019,"Idaho","Bonneville County",1,16,2120,1077,1043
050,16,019,"Idaho","Bonneville County",1,17,2062,1011,1051
050,16,019,"Idaho","Bonneville County",1,18,1690,886,804
050,16,019,"Idaho","Bonneville County",1,19,1370,708,662
050,16,019,"Idaho","Bonneville County",1,20,1345,693,652
050,16,019,"Idaho","Bonneville County",1,21,1417,733,684
050,16,019,"Idaho","Bonneville County",1,22,1446,764,682
050,16,019,"Idaho","Bonneville County",1,23,1508,752,756
050,16,019,"Idaho","Bonneville County",1,24,1524,747,777
050,16,019,"Idaho","Bonneville County",1,25,1667,837,830
050,16,019,"Idaho","Bonneville County",1,26,1690,862,828
050,16,019,"Idaho","Bonneville County",1,27,1691,852,839
050,16,019,"Idaho","Bonneville County",1,28,1719,868,851
050,16,019,"Idaho","Bonneville County",1,29,1701,855,846
050,16,019,"Idaho","Bonneville County",1,30,1705,826,879
050,16,019,"Idaho","Bonneville County",1,31,1673,821,852
050,16,019,"Idaho","Bonneville County",1,32,1688,861,827
050,16,019,"Idaho","Bonneville County",1,33,1652,817,835
050,16,019,"Idaho","Bonneville County",1,34,1713,861,852
050,16,019,"Idaho","Bonneville County",1,35,1713,883,830
050,16,019,"Idaho","Bonneville County",1,36,1728,895,833
050,16,019,"Idaho","Bonneville County",1,37,1788,892,896
050,16,019,"Idaho","Bonneville County",1,38,1805,878,927
050,16,019,"Idaho","Bonneville County",1,39,1783,918,865
050,16,019,"Idaho","Bonneville County",1,40,1743,905,838
050,16,019,"Idaho","Bonneville County",1,41,1640,855,785
050,16,019,"Idaho","Bonneville County",1,42,1552,811,741
050,16,019,"Idaho","Bonneville County",1,43,1439,745,694
050,16,019,"Idaho","Bonneville County",1,44,1378,682,696
050,16,019,"Idaho","Bonneville County",1,45,1397,697,700
050,16,019,"Idaho","Bonneville County",1,46,1305,651,654
050,16,019,"Idaho","Bonneville County",1,47,1262,652,610
050,16,019,"Idaho","Bonneville County",1,48,1325,685,640
050,16,019,"Idaho","Bonneville County",1,49,1299,664,635
050,16,019,"Idaho","Bonneville County",1,50,1234,623,611
050,16,019,"Idaho","Bonneville County",1,51,1188,614,574
050,16,019,"Idaho","Bonneville County",1,52,1153,611,542
050,16,019,"Idaho","Bonneville County",1,53,1187,603,584
050,16,019,"Idaho","Bonneville County",1,54,1219,606,613
050,16,019,"Idaho","Bonneville County",1,55,1266,638,628
050,16,019,"Idaho","Bonneville County",1,56,1306,698,608
050,16,019,"Idaho","Bonneville County",1,57,1354,686,668
050,16,019,"Idaho","Bonneville County",1,58,1373,690,683
050,16,019,"Idaho","Bonneville County",1,59,1358,665,693
050,16,019,"Idaho","Bonneville County",1,60,1316,663,653
050,16,019,"Idaho","Bonneville County",1,61,1267,644,623
050,16,019,"Idaho","Bonneville County",1,62,1251,615,636
050,16,019,"Idaho","Bonneville County",1,63,1236,606,630
050,16,019,"Idaho","Bonneville County",1,64,1249,623,626
050,16,019,"Idaho","Bonneville County",1,65,1170,577,593
050,16,019,"Idaho","Bonneville County",1,66,1161,555,606
050,16,019,"Idaho","Bonneville County",1,67,1145,565,580
050,16,019,"Idaho","Bonneville County",1,68,1136,553,583
050,16,019,"Idaho","Bonneville County",1,69,1031,484,547
050,16,019,"Idaho","Bonneville County",1,70,993,475,518
050,16,019,"Idaho","Bonneville County",1,71,963,464,499
050,16,019,"Idaho","Bonneville County",1,72,943,478,465
050,16,019,"Idaho","Bonneville County",1,73,915,453,462
050,16,019,"Idaho","Bonneville County",1,74,646,302,344
050,16,019,"Idaho","Bonneville County",1,75,661,303,358
050,16,019,"Idaho","Bonneville County",1,76,645,284,361
050,16,019,"Idaho","Bonneville County",1,77,638,292,346
050,16,019,"Idaho","Bonneville County",1,78,514,221,293
050,16,019,"Idaho","Bonneville County",1,79,447,188,259
050,16,019,"Idaho","Bonneville County",1,80,462,197,265
050,16,019,"Idaho","Bonneville County",1,81,432,200,232
050,16,019,"Idaho","Bonneville County",1,82,382,170,212
050,16,019,"Idaho","Bonneville County",1,83,344,161,183
050,16,019,"Idaho","Bonneville County",1,84,285,125,160
050,16,019,"Idaho","Bonneville County",1,85,1662,637,1025
050,16,019,"Idaho","Bonneville County",2,0,1829,921,908
050,16,019,"Idaho","Bonneville County",2,1,1866,957,909
050,16,019,"Idaho","Bonneville County",2,2,1985,1024,961
050,16,019,"Idaho","Bonneville County",2,3,2039,1063,976
050,16,019,"Idaho","Bonneville County",2,4,2138,1108,1030
050,16,019,"Idaho","Bonneville County",2,5,2156,1105,1051
050,16,019,"Idaho","Bonneville County",2,6,2081,1056,1025
050,16,019,"Idaho","Bonneville County",2,7,2087,1024,1063
050,16,019,"Idaho","Bonneville County",2,8,2095,1028,1067
050,16,019,"Idaho","Bonneville County",2,9,2143,1065,1078
050,16,019,"Idaho","Bonneville County",2,10,2218,1152,1066
050,16,019,"Idaho","Bonneville County",2,11,2337,1211,1126
050,16,019,"Idaho","Bonneville County",2,12,2352,1201,1151
050,16,019,"Idaho","Bonneville County",2,13,2319,1177,1142
050,16,019,"Idaho","Bonneville County",2,14,2232,1151,1081
050,16,019,"Idaho","Bonneville County",2,15,2143,1084,1059
050,16,019,"Idaho","Bonneville County",2,16,2136,1082,1054
050,16,019,"Idaho","Bonneville County",2,17,2089,1035,1054
050,16,019,"Idaho","Bonneville County",2,18,1709,886,823
050,16,019,"Idaho","Bonneville County",2,19,1380,715,665
050,16,019,"Idaho","Bonneville County",2,20,1386,708,678
050,16,019,"Idaho","Bonneville County",2,21,1416,733,683
050,16,019,"Idaho","Bonneville County",2,22,1471,772,699
050,16,019,"Idaho","Bonneville County",2,23,1522,769,753
050,16,019,"Idaho","Bonneville County",2,24,1543,758,785
050,16,019,"Idaho","Bonneville County",2,25,1645,828,817
050,16,019,"Idaho","Bonneville County",2,26,1690,857,833
050,16,019,"Idaho","Bonneville County",2,27,1702,863,839
050,16,019,"Idaho","Bonneville County",2,28,1722,870,852
050,16,019,"Idaho","Bonneville County",2,29,1714,862,852
050,16,019,"Idaho","Bonneville County",2,30,1719,837,882
050,16,019,"Idaho","Bonneville County",2,31,1690,831,859
050,16,019,"Idaho","Bonneville County",2,32,1690,850,840
050,16,019,"Idaho","Bonneville County",2,33,1678,836,842
050,16,019,"Idaho","Bonneville County",2,34,1709,859,850
050,16,019,"Idaho","Bonneville County",2,35,1736,888,848
050,16,019,"Idaho","Bonneville County",2,36,1719,889,830
050,16,019,"Idaho","Bonneville County",2,37,1778,889,889
050,16,019,"Idaho","Bonneville County",2,38,1814,884,930
050,16,019,"Idaho","Bonneville County",2,39,1800,917,883
050,16,019,"Idaho","Bonneville County",2,40,1769,917,852
050,16,019,"Idaho","Bonneville County",2,41,1672,874,798
050,16,019,"Idaho","Bonneville County",2,42,1578,826,752
050,16,019,"Idaho","Bonneville County",2,43,1484,766,718
050,16,019,"Idaho","Bonneville County",2,44,1390,696,694
050,16,019,"Idaho","Bonneville County",2,45,1403,701,702
050,16,019,"Idaho","Bonneville County",2,46,1324,661,663
050,16,019,"Idaho","Bonneville County",2,47,1280,656,624
050,16,019,"Idaho","Bonneville County",2,48,1307,678,629
050,16,019,"Idaho","Bonneville County",2,49,1321,678,643
050,16,019,"Idaho","Bonneville County",2,50,1249,633,616
050,16,019,"Idaho","Bonneville County",2,51,1202,619,583
050,16,019,"Idaho","Bonneville County",2,52,1160,609,551
050,16,019,"Idaho","Bonneville County",2,53,1185,603,582
050,16,019,"Idaho","Bonneville County",2,54,1212,605,607
050,16,019,"Idaho","Bonneville County",2,55,1265,638,627
050,16,019,"Idaho","Bonneville County",2,56,1292,681,611
050,16,019,"Idaho","Bonneville County",2,57,1335,682,653
050,16,019,"Idaho","Bonneville County",2,58,1373,692,681
050,16,019,"Idaho","Bonneville County",2,59,1367,677,690
050,16,019,"Idaho","Bonneville County",2,60,1318,659,659
050,16,019,"Idaho","Bonneville County",2,61,1279,646,633
050,16,019,"Idaho","Bonneville County",2,62,1257,625,632
050,16,019,"Idaho","Bonneville County",2,63,1250,614,636
050,16,019,"Idaho","Bonneville County",2,64,1235,613,622
050,16,019,"Idaho","Bonneville County",2,65,1187,587,600
050,16,019,"Idaho","Bonneville County",2,66,1169,564,605
050,16,019,"Idaho","Bonneville County",2,67,1143,559,584
050,16,019,"Idaho","Bonneville County",2,68,1129,550,579
050,16,019,"Idaho","Bonneville County",2,69,1063,501,562
050,16,019,"Idaho","Bonneville County",2,70,999,477,522
050,16,019,"Idaho","Bonneville County",2,71,974,470,504
050,16,019,"Idaho","Bonneville County",2,72,924,460,464
050,16,019,"Idaho","Bonneville County",2,73,968,484,484
050,16,019,"Idaho","Bonneville County",2,74,662,312,350
050,16,019,"Idaho","Bonneville County",2,75,662,303,359
050,16,019,"Idaho","Bonneville County",2,76,640,286,354
050,16,019,"Idaho","Bonneville County",2,77,650,293,357
050,16,019,"Idaho","Bonneville County",2,78,532,231,301
050,16,019,"Idaho","Bonneville County",2,79,454,190,264
050,16,019,"Idaho","Bonneville County",2,80,460,196,264
050,16,019,"Idaho","Bonneville County",2,81,437,199,238
050,16,019,"Idaho","Bonneville County",2,82,394,174,220
050,16,019,"Idaho","Bonneville County",2,83,337,157,180
050,16,019,"Idaho","Bonneville County",2,84,293,128,165
050,16,019,"Idaho","Bonneville County",2,85,1675,645,1030
050,16,019,"Idaho","Bonneville County",3,0,1794,914,880
050,16,019,"Idaho","Bonneville County",3,1,1903,951,952
050,16,019,"Idaho","Bonneville County",3,2,1922,969,953
050,16,019,"Idaho","Bonneville County",3,3,2006,1027,979
050,16,019,"Idaho","Bonneville County",3,4,2081,1107,974
050,16,019,"Idaho","Bonneville County",3,5,2221,1159,1062
050,16,019,"Idaho","Bonneville County",3,6,2260,1163,1097
050,16,019,"Idaho","Bonneville County",3,7,2120,1065,1055
050,16,019,"Idaho","Bonneville County",3,8,2196,1078,1118
050,16,019,"Idaho","Bonneville County",3,9,2162,1078,1084
050,16,019,"Idaho","Bonneville County",3,10,2192,1065,1127
050,16,019,"Idaho","Bonneville County",3,11,2273,1182,1091
050,16,019,"Idaho","Bonneville County",3,12,2378,1233,1145
050,16,019,"Idaho","Bonneville County",3,13,2363,1181,1182
050,16,019,"Idaho","Bonneville County",3,14,2411,1220,1191
050,16,019,"Idaho","Bonneville County",3,15,2265,1162,1103
050,16,019,"Idaho","Bonneville County",3,16,2176,1108,1068
050,16,019,"Idaho","Bonneville County",3,17,2155,1078,1077
050,16,019,"Idaho","Bonneville County",3,18,1831,940,891
050,16,019,"Idaho","Bonneville County",3,19,1402,743,659
050,16,019,"Idaho","Bonneville County",3,20,1486,756,730
050,16,019,"Idaho","Bonneville County",3,21,1495,773,722
050,16,019,"Idaho","Bonneville County",3,22,1505,767,738
050,16,019,"Idaho","Bonneville County",3,23,1566,814,752
050,16,019,"Idaho","Bonneville County",3,24,1617,812,805
050,16,019,"Idaho","Bonneville County",3,25,1604,811,793
050,16,019,"Idaho","Bonneville County",3,26,1723,851,872
050,16,019,"Idaho","Bonneville County",3,27,1776,918,858
050,16,019,"Idaho","Bonneville County",3,28,1776,892,884
050,16,019,"Idaho","Bonneville County",3,29,1771,901,870
050,16,019,"Idaho","Bonneville County",3,30,1815,905,910
050,16,019,"Idaho","Bonneville County",3,31,1762,876,886
050,16,019,"Idaho","Bonneville County",3,32,1755,867,888
050,16,019,"Idaho","Bonneville County",3,33,1733,869,864
050,16,019,"Idaho","Bonneville County",3,34,1739,883,856
050,16,019,"Idaho","Bonneville County",3,35,1803,901,902
050,16,019,"Idaho","Bonneville County",3,36,1782,911,871
050,16,019,"Idaho","Bonneville County",3,37,1753,905,848
050,16,019,"Idaho","Bonneville County",3,38,1776,888,888
050,16,019,"Idaho","Bonneville County",3,39,1872,925,947
050,16,019,"Idaho","Bonneville County",3,40,1799,917,882
050,16,019,"Idaho","Bonneville County",3,41,1811,944,867
050,16,019,"Idaho","Bonneville County",3,42,1738,903,835
050,16,019,"Idaho","Bonneville County",3,43,1611,835,776
050,16,019,"Idaho","Bonneville County",3,44,1498,769,729
050,16,019,"Idaho","Bonneville County",3,45,1423,712,711
050,16,019,"Idaho","Bonneville County",3,46,1414,701,713
050,16,019,"Idaho","Bonneville County",3,47,1364,681,683
050,16,019,"Idaho","Bonneville County",3,48,1292,664,628
050,16,019,"Idaho","Bonneville County",3,49,1316,676,640
050,16,019,"Idaho","Bonneville County",3,50,1332,674,658
050,16,019,"Idaho","Bonneville County",3,51,1262,643,619
050,16,019,"Idaho","Bonneville County",3,52,1242,629,613
050,16,019,"Idaho","Bonneville County",3,53,1196,617,579
050,16,019,"Idaho","Bonneville County",3,54,1209,622,587
050,16,019,"Idaho","Bonneville County",3,55,1257,635,622
050,16,019,"Idaho","Bonneville County",3,56,1266,637,629
050,16,019,"Idaho","Bonneville County",3,57,1289,678,611
050,16,019,"Idaho","Bonneville County",3,58,1330,687,643
050,16,019,"Idaho","Bonneville County",3,59,1393,709,684
050,16,019,"Idaho","Bonneville County",3,60,1348,667,681
050,16,019,"Idaho","Bonneville County",3,61,1318,671,647
050,16,019,"Idaho","Bonneville County",3,62,1289,649,640
050,16,019,"Idaho","Bonneville County",3,63,1257,632,625
050,16,019,"Idaho","Bonneville County",3,64,1268,626,642
050,16,019,"Idaho","Bonneville County",3,65,1213,604,609
050,16,019,"Idaho","Bonneville County",3,66,1212,588,624
050,16,019,"Idaho","Bonneville County",3,67,1159,552,607
050,16,019,"Idaho","Bonneville County",3,68,1124,550,574
050,16,019,"Idaho","Bonneville County",3,69,1110,545,565
050,16,019,"Idaho","Bonneville County",3,70,1072,507,565
050,16,019,"Idaho","Bonneville County",3,71,985,470,515
050,16,019,"Idaho","Bonneville County",3,72,944,442,502
050,16,019,"Idaho","Bonneville County",3,73,898,450,448
050,16,019,"Idaho","Bonneville County",3,74,934,460,474
050,16,019,"Idaho","Bonneville County",3,75,659,298,361
050,16,019,"Idaho","Bonneville County",3,76,630,287,343
050,16,019,"Idaho","Bonneville County",3,77,612,273,339
050,16,019,"Idaho","Bonneville County",3,78,621,272,349
050,16,019,"Idaho","Bonneville County",3,79,519,230,289
050,16,019,"Idaho","Bonneville County",3,80,435,176,259
050,16,019,"Idaho","Bonneville County",3,81,453,202,251
050,16,019,"Idaho","Bonneville County",3,82,404,173,231
050,16,019,"Idaho","Bonneville County",3,83,352,163,189
050,16,019,"Idaho","Bonneville County",3,84,312,136,176
050,16,019,"Idaho","Bonneville County",3,85,1674,649,1025
050,16,019,"Idaho","Bonneville County",4,0,1787,901,886
050,16,019,"Idaho","Bonneville County",4,1,1795,890,905
050,16,019,"Idaho","Bonneville County",4,2,1915,966,949
050,16,019,"Idaho","Bonneville County",4,3,1933,980,953
050,16,019,"Idaho","Bonneville County",4,4,1964,987,977
050,16,019,"Idaho","Bonneville County",4,5,2117,1117,1000
050,16,019,"Idaho","Bonneville County",4,6,2240,1174,1066
050,16,019,"Idaho","Bonneville County",4,7,2250,1155,1095
050,16,019,"Idaho","Bonneville County",4,8,2107,1069,1038
050,16,019,"Idaho","Bonneville County",4,9,2195,1081,1114
050,16,019,"Idaho","Bonneville County",4,10,2161,1060,1101
050,16,019,"Idaho","Bonneville County",4,11,2228,1104,1124
050,16,019,"Idaho","Bonneville County",4,12,2303,1195,1108
050,16,019,"Idaho","Bonneville County",4,13,2381,1227,1154
050,16,019,"Idaho","Bonneville County",4,14,2396,1175,1221
050,16,019,"Idaho","Bonneville County",4,15,2436,1218,1218
050,16,019,"Idaho","Bonneville County",4,16,2265,1167,1098
050,16,019,"Idaho","Bonneville County",4,17,2161,1101,1060
050,16,019,"Idaho","Bonneville County",4,18,1824,955,869
050,16,019,"Idaho","Bonneville County",4,19,1480,757,723
050,16,019,"Idaho","Bonneville County",4,20,1469,770,699
050,16,019,"Idaho","Bonneville County",4,21,1526,785,741
050,16,019,"Idaho","Bonneville County",4,22,1541,788,753
050,16,019,"Idaho","Bonneville County",4,23,1590,805,785
050,16,019,"Idaho","Bonneville County",4,24,1639,837,802
050,16,019,"Idaho","Bonneville County",4,25,1647,814,833
050,16,019,"Idaho","Bonneville County",4,26,1646,838,808
050,16,019,"Idaho","Bonneville County",4,27,1745,894,851
050,16,019,"Idaho","Bonneville County",4,28,1773,901,872
050,16,019,"Idaho","Bonneville County",4,29,1801,884,917
050,16,019,"Idaho","Bonneville County",4,30,1790,905,885
050,16,019,"Idaho","Bonneville County",4,31,1840,932,908
050,16,019,"Idaho","Bonneville County",4,32,1809,903,906
050,16,019,"Idaho","Bonneville County",4,33,1777,867,910
050,16,019,"Idaho","Bonneville County",4,34,1784,880,904
050,16,019,"Idaho","Bonneville County",4,35,1784,898,886
050,16,019,"Idaho","Bonneville County",4,36,1828,928,900
050,16,019,"Idaho","Bonneville County",4,37,1834,928,906
050,16,019,"Idaho","Bonneville County",4,38,1755,900,855
050,16,019,"Idaho","Bonneville County",4,39,1802,922,880
050,16,019,"Idaho","Bonneville County",4,40,1892,946,946
050,16,019,"Idaho","Bonneville County",4,41,1826,938,888
050,16,019,"Idaho","Bonneville County",4,42,1828,946,882
050,16,019,"Idaho","Bonneville County",4,43,1719,892,827
050,16,019,"Idaho","Bonneville County",4,44,1620,845,775
050,16,019,"Idaho","Bonneville County",4,45,1523,779,744
050,16,019,"Idaho","Bonneville County",4,46,1403,698,705
050,16,019,"Idaho","Bonneville County",4,47,1474,740,734
050,16,019,"Idaho","Bonneville County",4,48,1357,675,682
050,16,019,"Idaho","Bonneville County",4,49,1294,658,636
050,16,019,"Idaho","Bonneville County",4,50,1322,669,653
050,16,019,"Idaho","Bonneville County",4,51,1350,687,663
050,16,019,"Idaho","Bonneville County",4,52,1247,637,610
050,16,019,"Idaho","Bonneville County",4,53,1270,620,650
050,16,019,"Idaho","Bonneville County",4,54,1191,620,571
050,16,019,"Idaho","Bonneville County",4,55,1217,637,580
050,16,019,"Idaho","Bonneville County",4,56,1241,618,623
050,16,019,"Idaho","Bonneville County",4,57,1263,631,632
050,16,019,"Idaho","Bonneville County",4,58,1282,671,611
050,16,019,"Idaho","Bonneville County",4,59,1331,690,641
050,16,019,"Idaho","Bonneville County",4,60,1385,707,678
050,16,019,"Idaho","Bonneville County",4,61,1355,668,687
050,16,019,"Idaho","Bonneville County",4,62,1330,677,653
050,16,019,"Idaho","Bonneville County",4,63,1296,653,643
050,16,019,"Idaho","Bonneville County",4,64,1287,646,641
050,16,019,"Idaho","Bonneville County",4,65,1273,631,642
050,16,019,"Idaho","Bonneville County",4,66,1227,613,614
050,16,019,"Idaho","Bonneville County",4,67,1201,588,613
050,16,019,"Idaho","Bonneville County",4,68,1148,550,598
050,16,019,"Idaho","Bonneville County",4,69,1091,535,556
050,16,019,"Idaho","Bonneville County",4,70,1110,546,564
050,16,019,"Idaho","Bonneville County",4,71,1051,495,556
050,16,019,"Idaho","Bonneville County",4,72,951,444,507
050,16,019,"Idaho","Bonneville County",4,73,921,439,482
050,16,019,"Idaho","Bonneville County",4,74,873,419,454
050,16,019,"Idaho","Bonneville County",4,75,922,445,477
050,16,019,"Idaho","Bonneville County",4,76,633,295,338
050,16,019,"Idaho","Bonneville County",4,77,603,278,325
050,16,019,"Idaho","Bonneville County",4,78,596,265,331
050,16,019,"Idaho","Bonneville County",4,79,588,261,327
050,16,019,"Idaho","Bonneville County",4,80,515,216,299
050,16,019,"Idaho","Bonneville County",4,81,429,173,256
050,16,019,"Idaho","Bonneville County",4,82,417,176,241
050,16,019,"Idaho","Bonneville County",4,83,359,157,202
050,16,019,"Idaho","Bonneville County",4,84,325,143,182
050,16,019,"Idaho","Bonneville County",4,85,1689,671,1018
050,16,019,"Idaho","Bonneville County",5,0,1791,903,888
050,16,019,"Idaho","Bonneville County",5,1,1802,914,888
050,16,019,"Idaho","Bonneville County",5,2,1836,920,916
050,16,019,"Idaho","Bonneville County",5,3,1956,989,967
050,16,019,"Idaho","Bonneville County",5,4,1945,1007,938
050,16,019,"Idaho","Bonneville County",5,5,1997,1009,988
050,16,019,"Idaho","Bonneville County",5,6,2103,1115,988
050,16,019,"Idaho","Bonneville County",5,7,2236,1184,1052
050,16,019,"Idaho","Bonneville County",5,8,2259,1160,1099
050,16,019,"Idaho","Bonneville County",5,9,2146,1078,1068
050,16,019,"Idaho","Bonneville County",5,10,2206,1098,1108
050,16,019,"Idaho","Bonneville County",5,11,2157,1043,1114
050,16,019,"Idaho","Bonneville County",5,12,2267,1140,1127
050,16,019,"Idaho","Bonneville County",5,13,2317,1199,1118
050,16,019,"Idaho","Bonneville County",5,14,2412,1240,1172
050,16,019,"Idaho","Bonneville County",5,15,2382,1157,1225
050,16,019,"Idaho","Bonneville County",5,16,2419,1237,1182
050,16,019,"Idaho","Bonneville County",5,17,2264,1170,1094
050,16,019,"Idaho","Bonneville County",5,18,1838,973,865
050,16,019,"Idaho","Bonneville County",5,19,1472,778,694
050,16,019,"Idaho","Bonneville County",5,20,1597,801,796
050,16,019,"Idaho","Bonneville County",5,21,1553,820,733
050,16,019,"Idaho","Bonneville County",5,22,1613,810,803
050,16,019,"Idaho","Bonneville County",5,23,1685,843,842
050,16,019,"Idaho","Bonneville County",5,24,1700,841,859
050,16,019,"Idaho","Bonneville County",5,25,1736,916,820
050,16,019,"Idaho","Bonneville County",5,26,1765,888,877
050,16,019,"Idaho","Bonneville County",5,27,1672,874,798
050,16,019,"Idaho","Bonneville County",5,28,1757,913,844
050,16,019,"Idaho","Bonneville County",5,29,1836,943,893
050,16,019,"Idaho","Bonneville County",5,30,1801,888,913
050,16,019,"Idaho","Bonneville County",5,31,1834,906,928
050,16,019,"Idaho","Bonneville County",5,32,1867,937,930
050,16,019,"Idaho","Bonneville County",5,33,1845,929,916
050,16,019,"Idaho","Bonneville County",5,34,1810,876,934
050,16,019,"Idaho","Bonneville County",5,35,1851,922,929
050,16,019,"Idaho","Bonneville County",5,36,1792,908,884
050,16,019,"Idaho","Bonneville County",5,37,1848,948,900
050,16,019,"Idaho","Bonneville County",5,38,1873,950,923
050,16,019,"Idaho","Bonneville County",5,39,1776,919,857
050,16,019,"Idaho","Bonneville County",5,40,1802,923,879
050,16,019,"Idaho","Bonneville County",5,41,1906,951,955
050,16,019,"Idaho","Bonneville County",5,42,1815,923,892
050,16,019,"Idaho","Bonneville County",5,43,1831,949,882
050,16,019,"Idaho","Bonneville County",5,44,1746,907,839
050,16,019,"Idaho","Bonneville County",5,45,1629,858,771
050,16,019,"Idaho","Bonneville County",5,46,1525,787,738
050,16,019,"Idaho","Bonneville County",5,47,1424,717,707
050,16,019,"Idaho","Bonneville County",5,48,1450,727,723
050,16,019,"Idaho","Bonneville County",5,49,1358,658,700
050,16,019,"Idaho","Bonneville County",5,50,1295,657,638
050,16,019,"Idaho","Bonneville County",5,51,1328,682,646
050,16,019,"Idaho","Bonneville County",5,52,1354,683,671
050,16,019,"Idaho","Bonneville County",5,53,1272,636,636
050,16,019,"Idaho","Bonneville County",5,54,1248,616,632
050,16,019,"Idaho","Bonneville County",5,55,1192,621,571
050,16,019,"Idaho","Bonneville County",5,56,1220,627,593
050,16,019,"Idaho","Bonneville County",5,57,1238,614,624
050,16,019,"Idaho","Bonneville County",5,58,1264,638,626
050,16,019,"Idaho","Bonneville County",5,59,1281,663,618
050,16,019,"Idaho","Bonneville County",5,60,1326,686,640
050,16,019,"Idaho","Bonneville County",5,61,1369,688,681
050,16,019,"Idaho","Bonneville County",5,62,1372,673,699
050,16,019,"Idaho","Bonneville County",5,63,1305,658,647
050,16,019,"Idaho","Bonneville County",5,64,1283,646,637
050,16,019,"Idaho","Bonneville County",5,65,1263,633,630
050,16,019,"Idaho","Bonneville County",5,66,1280,628,652
050,16,019,"Idaho","Bonneville County",5,67,1202,605,597
050,16,019,"Idaho","Bonneville County",5,68,1178,572,606
050,16,019,"Idaho","Bonneville County",5,69,1127,542,585
050,16,019,"Idaho","Bonneville County",5,70,1106,538,568
050,16,019,"Idaho","Bonneville County",5,71,1113,550,563
050,16,019,"Idaho","Bonneville County",5,72,1023,472,551
050,16,019,"Idaho","Bonneville County",5,73,943,453,490
050,16,019,"Idaho","Bonneville County",5,74,884,406,478
050,16,019,"Idaho","Bonneville County",5,75,859,403,456
050,16,019,"Idaho","Bonneville County",5,76,885,425,460
050,16,019,"Idaho","Bonneville County",5,77,599,283,316
050,16,019,"Idaho","Bonneville County",5,78,565,257,308
050,16,019,"Idaho","Bonneville County",5,79,573,250,323
050,16,019,"Idaho","Bonneville County",5,80,565,244,321
050,16,019,"Idaho","Bonneville County",5,81,504,217,287
050,16,019,"Idaho","Bonneville County",5,82,409,156,253
050,16,019,"Idaho","Bonneville County",5,83,372,160,212
050,16,019,"Idaho","Bonneville County",5,84,336,135,201
050,16,019,"Idaho","Bonneville County",5,85,1731,709,1022
050,16,021,"Idaho","Boundary County",1,0,147,75,72
050,16,021,"Idaho","Boundary County",1,1,147,77,70
050,16,021,"Idaho","Boundary County",1,2,154,79,75
050,16,021,"Idaho","Boundary County",1,3,149,86,63
050,16,021,"Idaho","Boundary County",1,4,159,89,70
050,16,021,"Idaho","Boundary County",1,5,160,92,68
050,16,021,"Idaho","Boundary County",1,6,150,81,69
050,16,021,"Idaho","Boundary County",1,7,173,95,78
050,16,021,"Idaho","Boundary County",1,8,150,75,75
050,16,021,"Idaho","Boundary County",1,9,145,82,63
050,16,021,"Idaho","Boundary County",1,10,149,83,66
050,16,021,"Idaho","Boundary County",1,11,148,81,67
050,16,021,"Idaho","Boundary County",1,12,156,80,76
050,16,021,"Idaho","Boundary County",1,13,154,74,80
050,16,021,"Idaho","Boundary County",1,14,173,88,85
050,16,021,"Idaho","Boundary County",1,15,168,87,81
050,16,021,"Idaho","Boundary County",1,16,154,71,83
050,16,021,"Idaho","Boundary County",1,17,180,90,90
050,16,021,"Idaho","Boundary County",1,18,140,77,63
050,16,021,"Idaho","Boundary County",1,19,117,59,58
050,16,021,"Idaho","Boundary County",1,20,118,56,62
050,16,021,"Idaho","Boundary County",1,21,114,63,51
050,16,021,"Idaho","Boundary County",1,22,118,64,54
050,16,021,"Idaho","Boundary County",1,23,112,56,56
050,16,021,"Idaho","Boundary County",1,24,118,58,60
050,16,021,"Idaho","Boundary County",1,25,126,65,61
050,16,021,"Idaho","Boundary County",1,26,124,64,60
050,16,021,"Idaho","Boundary County",1,27,127,66,61
050,16,021,"Idaho","Boundary County",1,28,114,63,51
050,16,021,"Idaho","Boundary County",1,29,96,46,50
050,16,021,"Idaho","Boundary County",1,30,88,49,39
050,16,021,"Idaho","Boundary County",1,31,105,57,48
050,16,021,"Idaho","Boundary County",1,32,109,54,55
050,16,021,"Idaho","Boundary County",1,33,109,49,60
050,16,021,"Idaho","Boundary County",1,34,115,56,59
050,16,021,"Idaho","Boundary County",1,35,123,61,62
050,16,021,"Idaho","Boundary County",1,36,127,60,67
050,16,021,"Idaho","Boundary County",1,37,112,47,65
050,16,021,"Idaho","Boundary County",1,38,137,68,69
050,16,021,"Idaho","Boundary County",1,39,148,76,72
050,16,021,"Idaho","Boundary County",1,40,136,67,69
050,16,021,"Idaho","Boundary County",1,41,141,76,65
050,16,021,"Idaho","Boundary County",1,42,138,74,64
050,16,021,"Idaho","Boundary County",1,43,132,69,63
050,16,021,"Idaho","Boundary County",1,44,123,70,53
050,16,021,"Idaho","Boundary County",1,45,126,70,56
050,16,021,"Idaho","Boundary County",1,46,129,65,64
050,16,021,"Idaho","Boundary County",1,47,147,73,74
050,16,021,"Idaho","Boundary County",1,48,139,59,80
050,16,021,"Idaho","Boundary County",1,49,141,76,65
050,16,021,"Idaho","Boundary County",1,50,139,69,70
050,16,021,"Idaho","Boundary County",1,51,151,62,89
050,16,021,"Idaho","Boundary County",1,52,148,78,70
050,16,021,"Idaho","Boundary County",1,53,136,77,59
050,16,021,"Idaho","Boundary County",1,54,132,76,56
050,16,021,"Idaho","Boundary County",1,55,157,84,73
050,16,021,"Idaho","Boundary County",1,56,154,75,79
050,16,021,"Idaho","Boundary County",1,57,160,76,84
050,16,021,"Idaho","Boundary County",1,58,172,88,84
050,16,021,"Idaho","Boundary County",1,59,178,85,93
050,16,021,"Idaho","Boundary County",1,60,183,85,98
050,16,021,"Idaho","Boundary County",1,61,201,91,110
050,16,021,"Idaho","Boundary County",1,62,200,85,115
050,16,021,"Idaho","Boundary County",1,63,184,85,99
050,16,021,"Idaho","Boundary County",1,64,173,92,81
050,16,021,"Idaho","Boundary County",1,65,193,99,94
050,16,021,"Idaho","Boundary County",1,66,223,109,114
050,16,021,"Idaho","Boundary County",1,67,240,120,120
050,16,021,"Idaho","Boundary County",1,68,200,106,94
050,16,021,"Idaho","Boundary County",1,69,167,98,69
050,16,021,"Idaho","Boundary County",1,70,172,94,78
050,16,021,"Idaho","Boundary County",1,71,163,86,77
050,16,021,"Idaho","Boundary County",1,72,157,83,74
050,16,021,"Idaho","Boundary County",1,73,155,76,79
050,16,021,"Idaho","Boundary County",1,74,115,54,61
050,16,021,"Idaho","Boundary County",1,75,113,66,47
050,16,021,"Idaho","Boundary County",1,76,101,56,45
050,16,021,"Idaho","Boundary County",1,77,101,52,49
050,16,021,"Idaho","Boundary County",1,78,93,53,40
050,16,021,"Idaho","Boundary County",1,79,71,36,35
050,16,021,"Idaho","Boundary County",1,80,67,28,39
050,16,021,"Idaho","Boundary County",1,81,74,38,36
050,16,021,"Idaho","Boundary County",1,82,54,30,24
050,16,021,"Idaho","Boundary County",1,83,43,17,26
050,16,021,"Idaho","Boundary County",1,84,40,20,20
050,16,021,"Idaho","Boundary County",1,85,282,103,179
050,16,021,"Idaho","Boundary County",2,0,148,71,77
050,16,021,"Idaho","Boundary County",2,1,149,78,71
050,16,021,"Idaho","Boundary County",2,2,154,80,74
050,16,021,"Idaho","Boundary County",2,3,149,84,65
050,16,021,"Idaho","Boundary County",2,4,157,89,68
050,16,021,"Idaho","Boundary County",2,5,163,92,71
050,16,021,"Idaho","Boundary County",2,6,155,85,70
050,16,021,"Idaho","Boundary County",2,7,167,91,76
050,16,021,"Idaho","Boundary County",2,8,157,82,75
050,16,021,"Idaho","Boundary County",2,9,146,80,66
050,16,021,"Idaho","Boundary County",2,10,150,83,67
050,16,021,"Idaho","Boundary County",2,11,148,82,66
050,16,021,"Idaho","Boundary County",2,12,156,80,76
050,16,021,"Idaho","Boundary County",2,13,156,78,78
050,16,021,"Idaho","Boundary County",2,14,168,85,83
050,16,021,"Idaho","Boundary County",2,15,169,87,82
050,16,021,"Idaho","Boundary County",2,16,159,76,83
050,16,021,"Idaho","Boundary County",2,17,173,86,87
050,16,021,"Idaho","Boundary County",2,18,141,75,66
050,16,021,"Idaho","Boundary County",2,19,115,59,56
050,16,021,"Idaho","Boundary County",2,20,118,56,62
050,16,021,"Idaho","Boundary County",2,21,116,62,54
050,16,021,"Idaho","Boundary County",2,22,118,64,54
050,16,021,"Idaho","Boundary County",2,23,115,58,57
050,16,021,"Idaho","Boundary County",2,24,118,60,58
050,16,021,"Idaho","Boundary County",2,25,127,65,62
050,16,021,"Idaho","Boundary County",2,26,126,65,61
050,16,021,"Idaho","Boundary County",2,27,131,69,62
050,16,021,"Idaho","Boundary County",2,28,118,64,54
050,16,021,"Idaho","Boundary County",2,29,103,52,51
050,16,021,"Idaho","Boundary County",2,30,92,50,42
050,16,021,"Idaho","Boundary County",2,31,101,56,45
050,16,021,"Idaho","Boundary County",2,32,109,54,55
050,16,021,"Idaho","Boundary County",2,33,110,50,60
050,16,021,"Idaho","Boundary County",2,34,118,57,61
050,16,021,"Idaho","Boundary County",2,35,123,61,62
050,16,021,"Idaho","Boundary County",2,36,125,59,66
050,16,021,"Idaho","Boundary County",2,37,116,50,66
050,16,021,"Idaho","Boundary County",2,38,130,62,68
050,16,021,"Idaho","Boundary County",2,39,144,73,71
050,16,021,"Idaho","Boundary County",2,40,143,71,72
050,16,021,"Idaho","Boundary County",2,41,143,75,68
050,16,021,"Idaho","Boundary County",2,42,141,75,66
050,16,021,"Idaho","Boundary County",2,43,135,71,64
050,16,021,"Idaho","Boundary County",2,44,125,70,55
050,16,021,"Idaho","Boundary County",2,45,126,70,56
050,16,021,"Idaho","Boundary County",2,46,128,67,61
050,16,021,"Idaho","Boundary County",2,47,144,71,73
050,16,021,"Idaho","Boundary County",2,48,140,63,77
050,16,021,"Idaho","Boundary County",2,49,142,73,69
050,16,021,"Idaho","Boundary County",2,50,141,71,70
050,16,021,"Idaho","Boundary County",2,51,148,64,84
050,16,021,"Idaho","Boundary County",2,52,147,72,75
050,16,021,"Idaho","Boundary County",2,53,140,78,62
050,16,021,"Idaho","Boundary County",2,54,131,75,56
050,16,021,"Idaho","Boundary County",2,55,152,82,70
050,16,021,"Idaho","Boundary County",2,56,158,78,80
050,16,021,"Idaho","Boundary County",2,57,161,78,83
050,16,021,"Idaho","Boundary County",2,58,169,85,84
050,16,021,"Idaho","Boundary County",2,59,181,88,93
050,16,021,"Idaho","Boundary County",2,60,184,86,98
050,16,021,"Idaho","Boundary County",2,61,198,91,107
050,16,021,"Idaho","Boundary County",2,62,202,87,115
050,16,021,"Idaho","Boundary County",2,63,193,88,105
050,16,021,"Idaho","Boundary County",2,64,175,91,84
050,16,021,"Idaho","Boundary County",2,65,192,100,92
050,16,021,"Idaho","Boundary County",2,66,220,109,111
050,16,021,"Idaho","Boundary County",2,67,233,116,117
050,16,021,"Idaho","Boundary County",2,68,206,109,97
050,16,021,"Idaho","Boundary County",2,69,178,101,77
050,16,021,"Idaho","Boundary County",2,70,168,91,77
050,16,021,"Idaho","Boundary County",2,71,167,89,78
050,16,021,"Idaho","Boundary County",2,72,157,83,74
050,16,021,"Idaho","Boundary County",2,73,163,79,84
050,16,021,"Idaho","Boundary County",2,74,115,56,59
050,16,021,"Idaho","Boundary County",2,75,115,64,51
050,16,021,"Idaho","Boundary County",2,76,102,57,45
050,16,021,"Idaho","Boundary County",2,77,103,53,50
050,16,021,"Idaho","Boundary County",2,78,91,51,40
050,16,021,"Idaho","Boundary County",2,79,76,40,36
050,16,021,"Idaho","Boundary County",2,80,66,29,37
050,16,021,"Idaho","Boundary County",2,81,73,36,37
050,16,021,"Idaho","Boundary County",2,82,59,32,27
050,16,021,"Idaho","Boundary County",2,83,46,20,26
050,16,021,"Idaho","Boundary County",2,84,38,19,19
050,16,021,"Idaho","Boundary County",2,85,286,106,180
050,16,021,"Idaho","Boundary County",3,0,137,71,66
050,16,021,"Idaho","Boundary County",3,1,147,71,76
050,16,021,"Idaho","Boundary County",3,2,161,83,78
050,16,021,"Idaho","Boundary County",3,3,152,83,69
050,16,021,"Idaho","Boundary County",3,4,154,89,65
050,16,021,"Idaho","Boundary County",3,5,167,91,76
050,16,021,"Idaho","Boundary County",3,6,172,103,69
050,16,021,"Idaho","Boundary County",3,7,164,95,69
050,16,021,"Idaho","Boundary County",3,8,184,100,84
050,16,021,"Idaho","Boundary County",3,9,174,92,82
050,16,021,"Idaho","Boundary County",3,10,160,86,74
050,16,021,"Idaho","Boundary County",3,11,158,86,72
050,16,021,"Idaho","Boundary County",3,12,150,82,68
050,16,021,"Idaho","Boundary County",3,13,173,89,84
050,16,021,"Idaho","Boundary County",3,14,164,81,83
050,16,021,"Idaho","Boundary County",3,15,166,81,85
050,16,021,"Idaho","Boundary County",3,16,173,92,81
050,16,021,"Idaho","Boundary County",3,17,163,77,86
050,16,021,"Idaho","Boundary County",3,18,146,72,74
050,16,021,"Idaho","Boundary County",3,19,107,51,56
050,16,021,"Idaho","Boundary County",3,20,118,59,59
050,16,021,"Idaho","Boundary County",3,21,121,56,65
050,16,021,"Idaho","Boundary County",3,22,117,64,53
050,16,021,"Idaho","Boundary County",3,23,118,65,53
050,16,021,"Idaho","Boundary County",3,24,125,62,63
050,16,021,"Idaho","Boundary County",3,25,120,59,61
050,16,021,"Idaho","Boundary County",3,26,119,61,58
050,16,021,"Idaho","Boundary County",3,27,137,67,70
050,16,021,"Idaho","Boundary County",3,28,151,81,70
050,16,021,"Idaho","Boundary County",3,29,120,64,56
050,16,021,"Idaho","Boundary County",3,30,118,63,55
050,16,021,"Idaho","Boundary County",3,31,109,57,52
050,16,021,"Idaho","Boundary County",3,32,121,67,54
050,16,021,"Idaho","Boundary County",3,33,123,62,61
050,16,021,"Idaho","Boundary County",3,34,121,57,64
050,16,021,"Idaho","Boundary County",3,35,138,70,68
050,16,021,"Idaho","Boundary County",3,36,133,66,67
050,16,021,"Idaho","Boundary County",3,37,137,62,75
050,16,021,"Idaho","Boundary County",3,38,131,59,72
050,16,021,"Idaho","Boundary County",3,39,144,73,71
050,16,021,"Idaho","Boundary County",3,40,149,77,72
050,16,021,"Idaho","Boundary County",3,41,144,73,71
050,16,021,"Idaho","Boundary County",3,42,145,78,67
050,16,021,"Idaho","Boundary County",3,43,142,74,68
050,16,021,"Idaho","Boundary County",3,44,144,77,67
050,16,021,"Idaho","Boundary County",3,45,131,70,61
050,16,021,"Idaho","Boundary County",3,46,128,71,57
050,16,021,"Idaho","Boundary County",3,47,133,71,62
050,16,021,"Idaho","Boundary County",3,48,141,70,71
050,16,021,"Idaho","Boundary County",3,49,144,68,76
050,16,021,"Idaho","Boundary County",3,50,141,74,67
050,16,021,"Idaho","Boundary County",3,51,148,77,71
050,16,021,"Idaho","Boundary County",3,52,143,63,80
050,16,021,"Idaho","Boundary County",3,53,150,73,77
050,16,021,"Idaho","Boundary County",3,54,139,76,63
050,16,021,"Idaho","Boundary County",3,55,145,80,65
050,16,021,"Idaho","Boundary County",3,56,165,86,79
050,16,021,"Idaho","Boundary County",3,57,163,72,91
050,16,021,"Idaho","Boundary County",3,58,178,91,87
050,16,021,"Idaho","Boundary County",3,59,180,89,91
050,16,021,"Idaho","Boundary County",3,60,208,101,107
050,16,021,"Idaho","Boundary County",3,61,203,93,110
050,16,021,"Idaho","Boundary County",3,62,202,94,108
050,16,021,"Idaho","Boundary County",3,63,203,87,116
050,16,021,"Idaho","Boundary County",3,64,196,93,103
050,16,021,"Idaho","Boundary County",3,65,180,90,90
050,16,021,"Idaho","Boundary County",3,66,206,108,98
050,16,021,"Idaho","Boundary County",3,67,214,103,111
050,16,021,"Idaho","Boundary County",3,68,238,116,122
050,16,021,"Idaho","Boundary County",3,69,207,113,94
050,16,021,"Idaho","Boundary County",3,70,177,97,80
050,16,021,"Idaho","Boundary County",3,71,168,91,77
050,16,021,"Idaho","Boundary County",3,72,161,88,73
050,16,021,"Idaho","Boundary County",3,73,157,83,74
050,16,021,"Idaho","Boundary County",3,74,156,78,78
050,16,021,"Idaho","Boundary County",3,75,111,55,56
050,16,021,"Idaho","Boundary County",3,76,110,60,50
050,16,021,"Idaho","Boundary County",3,77,103,55,48
050,16,021,"Idaho","Boundary County",3,78,96,47,49
050,16,021,"Idaho","Boundary County",3,79,86,48,38
050,16,021,"Idaho","Boundary County",3,80,75,39,36
050,16,021,"Idaho","Boundary County",3,81,63,26,37
050,16,021,"Idaho","Boundary County",3,82,68,34,34
050,16,021,"Idaho","Boundary County",3,83,57,30,27
050,16,021,"Idaho","Boundary County",3,84,41,19,22
050,16,021,"Idaho","Boundary County",3,85,288,105,183
050,16,021,"Idaho","Boundary County",4,0,149,76,73
050,16,021,"Idaho","Boundary County",4,1,148,74,74
050,16,021,"Idaho","Boundary County",4,2,163,81,82
050,16,021,"Idaho","Boundary County",4,3,169,89,80
050,16,021,"Idaho","Boundary County",4,4,166,89,77
050,16,021,"Idaho","Boundary County",4,5,162,90,72
050,16,021,"Idaho","Boundary County",4,6,183,102,81
050,16,021,"Idaho","Boundary County",4,7,187,112,75
050,16,021,"Idaho","Boundary County",4,8,176,104,72
050,16,021,"Idaho","Boundary County",4,9,203,106,97
050,16,021,"Idaho","Boundary County",4,10,188,104,84
050,16,021,"Idaho","Boundary County",4,11,172,92,80
050,16,021,"Idaho","Boundary County",4,12,181,96,85
050,16,021,"Idaho","Boundary County",4,13,165,91,74
050,16,021,"Idaho","Boundary County",4,14,193,105,88
050,16,021,"Idaho","Boundary County",4,15,181,97,84
050,16,021,"Idaho","Boundary County",4,16,179,89,90
050,16,021,"Idaho","Boundary County",4,17,183,96,87
050,16,021,"Idaho","Boundary County",4,18,145,73,72
050,16,021,"Idaho","Boundary County",4,19,113,58,55
050,16,021,"Idaho","Boundary County",4,20,111,55,56
050,16,021,"Idaho","Boundary County",4,21,124,59,65
050,16,021,"Idaho","Boundary County",4,22,130,63,67
050,16,021,"Idaho","Boundary County",4,23,129,70,59
050,16,021,"Idaho","Boundary County",4,24,126,72,54
050,16,021,"Idaho","Boundary County",4,25,127,64,63
050,16,021,"Idaho","Boundary County",4,26,125,56,69
050,16,021,"Idaho","Boundary County",4,27,143,77,66
050,16,021,"Idaho","Boundary County",4,28,150,70,80
050,16,021,"Idaho","Boundary County",4,29,171,94,77
050,16,021,"Idaho","Boundary County",4,30,130,67,63
050,16,021,"Idaho","Boundary County",4,31,117,61,56
050,16,021,"Idaho","Boundary County",4,32,120,65,55
050,16,021,"Idaho","Boundary County",4,33,131,70,61
050,16,021,"Idaho","Boundary County",4,34,126,60,66
050,16,021,"Idaho","Boundary County",4,35,135,68,67
050,16,021,"Idaho","Boundary County",4,36,149,76,73
050,16,021,"Idaho","Boundary County",4,37,138,69,69
050,16,021,"Idaho","Boundary County",4,38,145,65,80
050,16,021,"Idaho","Boundary County",4,39,140,64,76
050,16,021,"Idaho","Boundary County",4,40,152,80,72
050,16,021,"Idaho","Boundary County",4,41,159,84,75
050,16,021,"Idaho","Boundary County",4,42,158,82,76
050,16,021,"Idaho","Boundary County",4,43,168,89,79
050,16,021,"Idaho","Boundary County",4,44,159,85,74
050,16,021,"Idaho","Boundary County",4,45,153,81,72
050,16,021,"Idaho","Boundary County",4,46,135,71,64
050,16,021,"Idaho","Boundary County",4,47,128,72,56
050,16,021,"Idaho","Boundary County",4,48,137,73,64
050,16,021,"Idaho","Boundary County",4,49,143,71,72
050,16,021,"Idaho","Boundary County",4,50,160,74,86
050,16,021,"Idaho","Boundary County",4,51,150,79,71
050,16,021,"Idaho","Boundary County",4,52,154,81,73
050,16,021,"Idaho","Boundary County",4,53,148,65,83
050,16,021,"Idaho","Boundary County",4,54,163,81,82
050,16,021,"Idaho","Boundary County",4,55,145,77,68
050,16,021,"Idaho","Boundary County",4,56,146,80,66
050,16,021,"Idaho","Boundary County",4,57,171,89,82
050,16,021,"Idaho","Boundary County",4,58,171,76,95
050,16,021,"Idaho","Boundary County",4,59,189,92,97
050,16,021,"Idaho","Boundary County",4,60,206,95,111
050,16,021,"Idaho","Boundary County",4,61,213,104,109
050,16,021,"Idaho","Boundary County",4,62,211,93,118
050,16,021,"Idaho","Boundary County",4,63,210,98,112
050,16,021,"Idaho","Boundary County",4,64,208,93,115
050,16,021,"Idaho","Boundary County",4,65,207,103,104
050,16,021,"Idaho","Boundary County",4,66,194,95,99
050,16,021,"Idaho","Boundary County",4,67,203,108,95
050,16,021,"Idaho","Boundary County",4,68,214,104,110
050,16,021,"Idaho","Boundary County",4,69,239,115,124
050,16,021,"Idaho","Boundary County",4,70,205,111,94
050,16,021,"Idaho","Boundary County",4,71,167,93,74
050,16,021,"Idaho","Boundary County",4,72,163,85,78
050,16,021,"Idaho","Boundary County",4,73,163,89,74
050,16,021,"Idaho","Boundary County",4,74,146,81,65
050,16,021,"Idaho","Boundary County",4,75,152,78,74
050,16,021,"Idaho","Boundary County",4,76,113,55,58
050,16,021,"Idaho","Boundary County",4,77,105,58,47
050,16,021,"Idaho","Boundary County",4,78,96,49,47
050,16,021,"Idaho","Boundary County",4,79,90,41,49
050,16,021,"Idaho","Boundary County",4,80,85,47,38
050,16,021,"Idaho","Boundary County",4,81,76,38,38
050,16,021,"Idaho","Boundary County",4,82,61,26,35
050,16,021,"Idaho","Boundary County",4,83,64,33,31
050,16,021,"Idaho","Boundary County",4,84,51,28,23
050,16,021,"Idaho","Boundary County",4,85,268,101,167
050,16,021,"Idaho","Boundary County",5,0,151,78,73
050,16,021,"Idaho","Boundary County",5,1,146,77,69
050,16,021,"Idaho","Boundary County",5,2,146,76,70
050,16,021,"Idaho","Boundary County",5,3,167,81,86
050,16,021,"Idaho","Boundary County",5,4,179,92,87
050,16,021,"Idaho","Boundary County",5,5,171,91,80
050,16,021,"Idaho","Boundary County",5,6,168,94,74
050,16,021,"Idaho","Boundary County",5,7,187,105,82
050,16,021,"Idaho","Boundary County",5,8,192,110,82
050,16,021,"Idaho","Boundary County",5,9,184,108,76
050,16,021,"Idaho","Boundary County",5,10,197,100,97
050,16,021,"Idaho","Boundary County",5,11,185,104,81
050,16,021,"Idaho","Boundary County",5,12,187,97,90
050,16,021,"Idaho","Boundary County",5,13,183,99,84
050,16,021,"Idaho","Boundary County",5,14,176,96,80
050,16,021,"Idaho","Boundary County",5,15,208,116,92
050,16,021,"Idaho","Boundary County",5,16,187,104,83
050,16,021,"Idaho","Boundary County",5,17,187,95,92
050,16,021,"Idaho","Boundary County",5,18,159,88,71
050,16,021,"Idaho","Boundary County",5,19,110,58,52
050,16,021,"Idaho","Boundary County",5,20,124,63,61
050,16,021,"Idaho","Boundary County",5,21,121,62,59
050,16,021,"Idaho","Boundary County",5,22,127,60,67
050,16,021,"Idaho","Boundary County",5,23,134,61,73
050,16,021,"Idaho","Boundary County",5,24,125,71,54
050,16,021,"Idaho","Boundary County",5,25,129,72,57
050,16,021,"Idaho","Boundary County",5,26,119,65,54
050,16,021,"Idaho","Boundary County",5,27,129,58,71
050,16,021,"Idaho","Boundary County",5,28,141,77,64
050,16,021,"Idaho","Boundary County",5,29,158,75,83
050,16,021,"Idaho","Boundary County",5,30,168,92,76
050,16,021,"Idaho","Boundary County",5,31,139,75,64
050,16,021,"Idaho","Boundary County",5,32,121,64,57
050,16,021,"Idaho","Boundary County",5,33,123,64,59
050,16,021,"Idaho","Boundary County",5,34,122,64,58
050,16,021,"Idaho","Boundary County",5,35,133,67,66
050,16,021,"Idaho","Boundary County",5,36,131,62,69
050,16,021,"Idaho","Boundary County",5,37,149,81,68
050,16,021,"Idaho","Boundary County",5,38,142,73,69
050,16,021,"Idaho","Boundary County",5,39,149,65,84
050,16,021,"Idaho","Boundary County",5,40,141,62,79
050,16,021,"Idaho","Boundary County",5,41,159,81,78
050,16,021,"Idaho","Boundary County",5,42,170,90,80
050,16,021,"Idaho","Boundary County",5,43,165,80,85
050,16,021,"Idaho","Boundary County",5,44,172,93,79
050,16,021,"Idaho","Boundary County",5,45,166,89,77
050,16,021,"Idaho","Boundary County",5,46,158,84,74
050,16,021,"Idaho","Boundary County",5,47,136,72,64
050,16,021,"Idaho","Boundary County",5,48,134,78,56
050,16,021,"Idaho","Boundary County",5,49,144,77,67
050,16,021,"Idaho","Boundary County",5,50,150,76,74
050,16,021,"Idaho","Boundary County",5,51,159,77,82
050,16,021,"Idaho","Boundary County",5,52,158,82,76
050,16,021,"Idaho","Boundary County",5,53,155,83,72
050,16,021,"Idaho","Boundary County",5,54,152,66,86
050,16,021,"Idaho","Boundary County",5,55,166,83,83
050,16,021,"Idaho","Boundary County",5,56,145,75,70
050,16,021,"Idaho","Boundary County",5,57,151,83,68
050,16,021,"Idaho","Boundary County",5,58,180,92,88
050,16,021,"Idaho","Boundary County",5,59,188,81,107
050,16,021,"Idaho","Boundary County",5,60,229,87,142
050,16,021,"Idaho","Boundary County",5,61,216,100,116
050,16,021,"Idaho","Boundary County",5,62,213,103,110
050,16,021,"Idaho","Boundary County",5,63,213,94,119
050,16,021,"Idaho","Boundary County",5,64,216,100,116
050,16,021,"Idaho","Boundary County",5,65,214,102,112
050,16,021,"Idaho","Boundary County",5,66,216,108,108
050,16,021,"Idaho","Boundary County",5,67,187,91,96
050,16,021,"Idaho","Boundary County",5,68,202,107,95
050,16,021,"Idaho","Boundary County",5,69,216,102,114
050,16,021,"Idaho","Boundary County",5,70,241,115,126
050,16,021,"Idaho","Boundary County",5,71,201,108,93
050,16,021,"Idaho","Boundary County",5,72,162,90,72
050,16,021,"Idaho","Boundary County",5,73,170,91,79
050,16,021,"Idaho","Boundary County",5,74,156,89,67
050,16,021,"Idaho","Boundary County",5,75,140,75,65
050,16,021,"Idaho","Boundary County",5,76,149,73,76
050,16,021,"Idaho","Boundary County",5,77,106,50,56
050,16,021,"Idaho","Boundary County",5,78,94,52,42
050,16,021,"Idaho","Boundary County",5,79,89,46,43
050,16,021,"Idaho","Boundary County",5,80,90,41,49
050,16,021,"Idaho","Boundary County",5,81,79,42,37
050,16,021,"Idaho","Boundary County",5,82,63,31,32
050,16,021,"Idaho","Boundary County",5,83,56,23,33
050,16,021,"Idaho","Boundary County",5,84,58,32,26
050,16,021,"Idaho","Boundary County",5,85,278,113,165
050,16,023,"Idaho","Butte County",1,0,21,11,10
050,16,023,"Idaho","Butte County",1,1,23,13,10
050,16,023,"Idaho","Butte County",1,2,34,20,14
050,16,023,"Idaho","Butte County",1,3,25,11,14
050,16,023,"Idaho","Butte County",1,4,32,20,12
050,16,023,"Idaho","Butte County",1,5,34,16,18
050,16,023,"Idaho","Butte County",1,6,28,10,18
050,16,023,"Idaho","Butte County",1,7,29,14,15
050,16,023,"Idaho","Butte County",1,8,38,20,18
050,16,023,"Idaho","Butte County",1,9,34,21,13
050,16,023,"Idaho","Butte County",1,10,39,20,19
050,16,023,"Idaho","Butte County",1,11,40,23,17
050,16,023,"Idaho","Butte County",1,12,43,21,22
050,16,023,"Idaho","Butte County",1,13,37,17,20
050,16,023,"Idaho","Butte County",1,14,41,21,20
050,16,023,"Idaho","Butte County",1,15,42,24,18
050,16,023,"Idaho","Butte County",1,16,37,17,20
050,16,023,"Idaho","Butte County",1,17,39,17,22
050,16,023,"Idaho","Butte County",1,18,35,21,14
050,16,023,"Idaho","Butte County",1,19,23,15,8
050,16,023,"Idaho","Butte County",1,20,26,12,14
050,16,023,"Idaho","Butte County",1,21,27,14,13
050,16,023,"Idaho","Butte County",1,22,29,18,11
050,16,023,"Idaho","Butte County",1,23,16,9,7
050,16,023,"Idaho","Butte County",1,24,26,14,12
050,16,023,"Idaho","Butte County",1,25,24,16,8
050,16,023,"Idaho","Butte County",1,26,22,12,10
050,16,023,"Idaho","Butte County",1,27,18,6,12
050,16,023,"Idaho","Butte County",1,28,26,10,16
050,16,023,"Idaho","Butte County",1,29,20,11,9
050,16,023,"Idaho","Butte County",1,30,24,12,12
050,16,023,"Idaho","Butte County",1,31,27,12,15
050,16,023,"Idaho","Butte County",1,32,24,8,16
050,16,023,"Idaho","Butte County",1,33,27,16,11
050,16,023,"Idaho","Butte County",1,34,22,13,9
050,16,023,"Idaho","Butte County",1,35,27,12,15
050,16,023,"Idaho","Butte County",1,36,26,14,12
050,16,023,"Idaho","Butte County",1,37,27,9,18
050,16,023,"Idaho","Butte County",1,38,29,12,17
050,16,023,"Idaho","Butte County",1,39,24,10,14
050,16,023,"Idaho","Butte County",1,40,33,19,14
050,16,023,"Idaho","Butte County",1,41,34,19,15
050,16,023,"Idaho","Butte County",1,42,33,15,18
050,16,023,"Idaho","Butte County",1,43,33,14,19
050,16,023,"Idaho","Butte County",1,44,21,12,9
050,16,023,"Idaho","Butte County",1,45,23,14,9
050,16,023,"Idaho","Butte County",1,46,24,13,11
050,16,023,"Idaho","Butte County",1,47,27,15,12
050,16,023,"Idaho","Butte County",1,48,30,19,11
050,16,023,"Idaho","Butte County",1,49,22,15,7
050,16,023,"Idaho","Butte County",1,50,26,14,12
050,16,023,"Idaho","Butte County",1,51,27,13,14
050,16,023,"Idaho","Butte County",1,52,20,11,9
050,16,023,"Idaho","Butte County",1,53,25,11,14
050,16,023,"Idaho","Butte County",1,54,22,11,11
050,16,023,"Idaho","Butte County",1,55,26,16,10
050,16,023,"Idaho","Butte County",1,56,33,14,19
050,16,023,"Idaho","Butte County",1,57,38,18,20
050,16,023,"Idaho","Butte County",1,58,38,17,21
050,16,023,"Idaho","Butte County",1,59,41,21,20
050,16,023,"Idaho","Butte County",1,60,43,21,22
050,16,023,"Idaho","Butte County",1,61,38,18,20
050,16,023,"Idaho","Butte County",1,62,47,23,24
050,16,023,"Idaho","Butte County",1,63,48,25,23
050,16,023,"Idaho","Butte County",1,64,39,20,19
050,16,023,"Idaho","Butte County",1,65,47,24,23
050,16,023,"Idaho","Butte County",1,66,41,19,22
050,16,023,"Idaho","Butte County",1,67,38,18,20
050,16,023,"Idaho","Butte County",1,68,42,20,22
050,16,023,"Idaho","Butte County",1,69,35,14,21
050,16,023,"Idaho","Butte County",1,70,35,20,15
050,16,023,"Idaho","Butte County",1,71,38,21,17
050,16,023,"Idaho","Butte County",1,72,30,18,12
050,16,023,"Idaho","Butte County",1,73,45,32,13
050,16,023,"Idaho","Butte County",1,74,26,16,10
050,16,023,"Idaho","Butte County",1,75,25,13,12
050,16,023,"Idaho","Butte County",1,76,23,12,11
050,16,023,"Idaho","Butte County",1,77,19,9,10
050,16,023,"Idaho","Butte County",1,78,19,13,6
050,16,023,"Idaho","Butte County",1,79,19,12,7
050,16,023,"Idaho","Butte County",1,80,13,8,5
050,16,023,"Idaho","Butte County",1,81,20,8,12
050,16,023,"Idaho","Butte County",1,82,20,8,12
050,16,023,"Idaho","Butte County",1,83,12,5,7
050,16,023,"Idaho","Butte County",1,84,11,7,4
050,16,023,"Idaho","Butte County",1,85,62,22,40
050,16,023,"Idaho","Butte County",2,0,26,13,13
050,16,023,"Idaho","Butte County",2,1,24,14,10
050,16,023,"Idaho","Butte County",2,2,32,19,13
050,16,023,"Idaho","Butte County",2,3,26,13,13
050,16,023,"Idaho","Butte County",2,4,33,19,14
050,16,023,"Idaho","Butte County",2,5,34,17,17
050,16,023,"Idaho","Butte County",2,6,29,11,18
050,16,023,"Idaho","Butte County",2,7,29,13,16
050,16,023,"Idaho","Butte County",2,8,35,18,17
050,16,023,"Idaho","Butte County",2,9,34,20,14
050,16,023,"Idaho","Butte County",2,10,38,21,17
050,16,023,"Idaho","Butte County",2,11,39,22,17
050,16,023,"Idaho","Butte County",2,12,42,22,20
050,16,023,"Idaho","Butte County",2,13,39,18,21
050,16,023,"Idaho","Butte County",2,14,40,20,20
050,16,023,"Idaho","Butte County",2,15,43,24,19
050,16,023,"Idaho","Butte County",2,16,38,18,20
050,16,023,"Idaho","Butte County",2,17,38,17,21
050,16,023,"Idaho","Butte County",2,18,33,19,14
050,16,023,"Idaho","Butte County",2,19,25,16,9
050,16,023,"Idaho","Butte County",2,20,26,13,13
050,16,023,"Idaho","Butte County",2,21,27,14,13
050,16,023,"Idaho","Butte County",2,22,28,17,11
050,16,023,"Idaho","Butte County",2,23,19,11,8
050,16,023,"Idaho","Butte County",2,24,24,13,11
050,16,023,"Idaho","Butte County",2,25,25,16,9
050,16,023,"Idaho","Butte County",2,26,23,13,10
050,16,023,"Idaho","Butte County",2,27,20,8,12
050,16,023,"Idaho","Butte County",2,28,24,9,15
050,16,023,"Idaho","Butte County",2,29,21,11,10
050,16,023,"Idaho","Butte County",2,30,23,12,11
050,16,023,"Idaho","Butte County",2,31,26,11,15
050,16,023,"Idaho","Butte County",2,32,27,10,17
050,16,023,"Idaho","Butte County",2,33,25,14,11
050,16,023,"Idaho","Butte County",2,34,24,14,10
050,16,023,"Idaho","Butte County",2,35,27,13,14
050,16,023,"Idaho","Butte County",2,36,27,14,13
050,16,023,"Idaho","Butte County",2,37,27,10,17
050,16,023,"Idaho","Butte County",2,38,29,11,18
050,16,023,"Idaho","Butte County",2,39,26,11,15
050,16,023,"Idaho","Butte County",2,40,32,17,15
050,16,023,"Idaho","Butte County",2,41,34,19,15
050,16,023,"Idaho","Butte County",2,42,33,16,17
050,16,023,"Idaho","Butte County",2,43,34,15,19
050,16,023,"Idaho","Butte County",2,44,23,12,11
050,16,023,"Idaho","Butte County",2,45,23,14,9
050,16,023,"Idaho","Butte County",2,46,24,13,11
050,16,023,"Idaho","Butte County",2,47,26,14,12
050,16,023,"Idaho","Butte County",2,48,29,18,11
050,16,023,"Idaho","Butte County",2,49,24,16,8
050,16,023,"Idaho","Butte County",2,50,25,14,11
050,16,023,"Idaho","Butte County",2,51,28,14,14
050,16,023,"Idaho","Butte County",2,52,21,11,10
050,16,023,"Idaho","Butte County",2,53,22,10,12
050,16,023,"Idaho","Butte County",2,54,21,10,11
050,16,023,"Idaho","Butte County",2,55,26,15,11
050,16,023,"Idaho","Butte County",2,56,32,15,17
050,16,023,"Idaho","Butte County",2,57,38,18,20
050,16,023,"Idaho","Butte County",2,58,37,17,20
050,16,023,"Idaho","Butte County",2,59,41,21,20
050,16,023,"Idaho","Butte County",2,60,42,21,21
050,16,023,"Idaho","Butte County",2,61,41,19,22
050,16,023,"Idaho","Butte County",2,62,44,22,22
050,16,023,"Idaho","Butte County",2,63,48,25,23
050,16,023,"Idaho","Butte County",2,64,40,20,20
050,16,023,"Idaho","Butte County",2,65,46,24,22
050,16,023,"Idaho","Butte County",2,66,42,20,22
050,16,023,"Idaho","Butte County",2,67,39,18,21
050,16,023,"Idaho","Butte County",2,68,40,19,21
050,16,023,"Idaho","Butte County",2,69,37,15,22
050,16,023,"Idaho","Butte County",2,70,35,19,16
050,16,023,"Idaho","Butte County",2,71,36,19,17
050,16,023,"Idaho","Butte County",2,72,32,18,14
050,16,023,"Idaho","Butte County",2,73,42,29,13
050,16,023,"Idaho","Butte County",2,74,29,19,10
050,16,023,"Idaho","Butte County",2,75,25,14,11
050,16,023,"Idaho","Butte County",2,76,22,12,10
050,16,023,"Idaho","Butte County",2,77,19,9,10
050,16,023,"Idaho","Butte County",2,78,19,12,7
050,16,023,"Idaho","Butte County",2,79,18,11,7
050,16,023,"Idaho","Butte County",2,80,15,9,6
050,16,023,"Idaho","Butte County",2,81,18,8,10
050,16,023,"Idaho","Butte County",2,82,20,8,12
050,16,023,"Idaho","Butte County",2,83,13,6,7
050,16,023,"Idaho","Butte County",2,84,12,7,5
050,16,023,"Idaho","Butte County",2,85,62,22,40
050,16,023,"Idaho","Butte County",3,0,38,18,20
050,16,023,"Idaho","Butte County",3,1,27,15,12
050,16,023,"Idaho","Butte County",3,2,21,10,11
050,16,023,"Idaho","Butte County",3,3,31,17,14
050,16,023,"Idaho","Butte County",3,4,19,10,9
050,16,023,"Idaho","Butte County",3,5,35,19,16
050,16,023,"Idaho","Butte County",3,6,33,16,17
050,16,023,"Idaho","Butte County",3,7,27,11,16
050,16,023,"Idaho","Butte County",3,8,26,10,16
050,16,023,"Idaho","Butte County",3,9,36,17,19
050,16,023,"Idaho","Butte County",3,10,36,20,16
050,16,023,"Idaho","Butte County",3,11,39,23,16
050,16,023,"Idaho","Butte County",3,12,42,24,18
050,16,023,"Idaho","Butte County",3,13,44,23,21
050,16,023,"Idaho","Butte County",3,14,43,20,23
050,16,023,"Idaho","Butte County",3,15,41,19,22
050,16,023,"Idaho","Butte County",3,16,45,25,20
050,16,023,"Idaho","Butte County",3,17,44,23,21
050,16,023,"Idaho","Butte County",3,18,34,16,18
050,16,023,"Idaho","Butte County",3,19,23,14,9
050,16,023,"Idaho","Butte County",3,20,24,15,9
050,16,023,"Idaho","Butte County",3,21,27,12,15
050,16,023,"Idaho","Butte County",3,22,26,14,12
050,16,023,"Idaho","Butte County",3,23,30,17,13
050,16,023,"Idaho","Butte County",3,24,17,11,6
050,16,023,"Idaho","Butte County",3,25,23,11,12
050,16,023,"Idaho","Butte County",3,26,18,10,8
050,16,023,"Idaho","Butte County",3,27,21,13,8
050,16,023,"Idaho","Butte County",3,28,19,6,13
050,16,023,"Idaho","Butte County",3,29,17,6,11
050,16,023,"Idaho","Butte County",3,30,26,13,13
050,16,023,"Idaho","Butte County",3,31,22,12,10
050,16,023,"Idaho","Butte County",3,32,26,11,15
050,16,023,"Idaho","Butte County",3,33,24,9,15
050,16,023,"Idaho","Butte County",3,34,26,14,12
050,16,023,"Idaho","Butte County",3,35,24,13,11
050,16,023,"Idaho","Butte County",3,36,28,13,15
050,16,023,"Idaho","Butte County",3,37,27,13,14
050,16,023,"Idaho","Butte County",3,38,29,11,18
050,16,023,"Idaho","Butte County",3,39,31,11,20
050,16,023,"Idaho","Butte County",3,40,30,14,16
050,16,023,"Idaho","Butte County",3,41,35,18,17
050,16,023,"Idaho","Butte County",3,42,37,21,16
050,16,023,"Idaho","Butte County",3,43,35,19,16
050,16,023,"Idaho","Butte County",3,44,39,16,23
050,16,023,"Idaho","Butte County",3,45,22,11,11
050,16,023,"Idaho","Butte County",3,46,23,14,9
050,16,023,"Idaho","Butte County",3,47,25,14,11
050,16,023,"Idaho","Butte County",3,48,27,15,12
050,16,023,"Idaho","Butte County",3,49,30,18,12
050,16,023,"Idaho","Butte County",3,50,29,17,12
050,16,023,"Idaho","Butte County",3,51,29,14,15
050,16,023,"Idaho","Butte County",3,52,32,17,15
050,16,023,"Idaho","Butte County",3,53,23,10,13
050,16,023,"Idaho","Butte County",3,54,23,10,13
050,16,023,"Idaho","Butte County",3,55,23,12,11
050,16,023,"Idaho","Butte County",3,56,25,15,10
050,16,023,"Idaho","Butte County",3,57,30,15,15
050,16,023,"Idaho","Butte County",3,58,42,21,21
050,16,023,"Idaho","Butte County",3,59,37,18,19
050,16,023,"Idaho","Butte County",3,60,44,25,19
050,16,023,"Idaho","Butte County",3,61,47,24,23
050,16,023,"Idaho","Butte County",3,62,49,24,25
050,16,023,"Idaho","Butte County",3,63,47,22,25
050,16,023,"Idaho","Butte County",3,64,50,27,23
050,16,023,"Idaho","Butte County",3,65,42,22,20
050,16,023,"Idaho","Butte County",3,66,49,24,25
050,16,023,"Idaho","Butte County",3,67,43,22,21
050,16,023,"Idaho","Butte County",3,68,39,18,21
050,16,023,"Idaho","Butte County",3,69,42,18,24
050,16,023,"Idaho","Butte County",3,70,41,18,23
050,16,023,"Idaho","Butte County",3,71,37,19,18
050,16,023,"Idaho","Butte County",3,72,36,19,17
050,16,023,"Idaho","Butte County",3,73,31,18,13
050,16,023,"Idaho","Butte County",3,74,44,31,13
050,16,023,"Idaho","Butte County",3,75,28,19,9
050,16,023,"Idaho","Butte County",3,76,27,15,12
050,16,023,"Idaho","Butte County",3,77,21,11,10
050,16,023,"Idaho","Butte County",3,78,19,9,10
050,16,023,"Idaho","Butte County",3,79,17,11,6
050,16,023,"Idaho","Butte County",3,80,16,10,6
050,16,023,"Idaho","Butte County",3,81,15,9,6
050,16,023,"Idaho","Butte County",3,82,18,8,10
050,16,023,"Idaho","Butte County",3,83,17,7,10
050,16,023,"Idaho","Butte County",3,84,13,6,7
050,16,023,"Idaho","Butte County",3,85,69,26,43
050,16,023,"Idaho","Butte County",4,0,32,17,15
050,16,023,"Idaho","Butte County",4,1,37,20,17
050,16,023,"Idaho","Butte County",4,2,24,11,13
050,16,023,"Idaho","Butte County",4,3,25,11,14
050,16,023,"Idaho","Butte County",4,4,35,18,17
050,16,023,"Idaho","Butte County",4,5,20,10,10
050,16,023,"Idaho","Butte County",4,6,39,20,19
050,16,023,"Idaho","Butte County",4,7,28,12,16
050,16,023,"Idaho","Butte County",4,8,30,13,17
050,16,023,"Idaho","Butte County",4,9,28,13,15
050,16,023,"Idaho","Butte County",4,10,37,19,18
050,16,023,"Idaho","Butte County",4,11,37,21,16
050,16,023,"Idaho","Butte County",4,12,44,25,19
050,16,023,"Idaho","Butte County",4,13,37,19,18
050,16,023,"Idaho","Butte County",4,14,43,23,20
050,16,023,"Idaho","Butte County",4,15,42,22,20
050,16,023,"Idaho","Butte County",4,16,37,17,20
050,16,023,"Idaho","Butte County",4,17,47,25,22
050,16,023,"Idaho","Butte County",4,18,31,16,15
050,16,023,"Idaho","Butte County",4,19,23,8,15
050,16,023,"Idaho","Butte County",4,20,25,15,10
050,16,023,"Idaho","Butte County",4,21,25,16,9
050,16,023,"Idaho","Butte County",4,22,24,12,12
050,16,023,"Idaho","Butte County",4,23,25,13,12
050,16,023,"Idaho","Butte County",4,24,26,16,10
050,16,023,"Idaho","Butte County",4,25,18,12,6
050,16,023,"Idaho","Butte County",4,26,23,10,13
050,16,023,"Idaho","Butte County",4,27,22,12,10
050,16,023,"Idaho","Butte County",4,28,17,10,7
050,16,023,"Idaho","Butte County",4,29,22,8,14
050,16,023,"Idaho","Butte County",4,30,19,6,13
050,16,023,"Idaho","Butte County",4,31,28,14,14
050,16,023,"Idaho","Butte County",4,32,23,14,9
050,16,023,"Idaho","Butte County",4,33,27,13,14
050,16,023,"Idaho","Butte County",4,34,29,9,20
050,16,023,"Idaho","Butte County",4,35,31,13,18
050,16,023,"Idaho","Butte County",4,36,26,14,12
050,16,023,"Idaho","Butte County",4,37,29,13,16
050,16,023,"Idaho","Butte County",4,38,36,18,18
050,16,023,"Idaho","Butte County",4,39,34,12,22
050,16,023,"Idaho","Butte County",4,40,30,11,19
050,16,023,"Idaho","Butte County",4,41,35,15,20
050,16,023,"Idaho","Butte County",4,42,33,16,17
050,16,023,"Idaho","Butte County",4,43,31,19,12
050,16,023,"Idaho","Butte County",4,44,34,19,15
050,16,023,"Idaho","Butte County",4,45,37,15,22
050,16,023,"Idaho","Butte County",4,46,24,12,12
050,16,023,"Idaho","Butte County",4,47,30,17,13
050,16,023,"Idaho","Butte County",4,48,26,15,11
050,16,023,"Idaho","Butte County",4,49,30,15,15
050,16,023,"Idaho","Butte County",4,50,29,17,12
050,16,023,"Idaho","Butte County",4,51,32,17,15
050,16,023,"Idaho","Butte County",4,52,31,14,17
050,16,023,"Idaho","Butte County",4,53,28,16,12
050,16,023,"Idaho","Butte County",4,54,24,12,12
050,16,023,"Idaho","Butte County",4,55,22,9,13
050,16,023,"Idaho","Butte County",4,56,26,12,14
050,16,023,"Idaho","Butte County",4,57,27,15,12
050,16,023,"Idaho","Butte County",4,58,30,15,15
050,16,023,"Idaho","Butte County",4,59,37,20,17
050,16,023,"Idaho","Butte County",4,60,34,17,17
050,16,023,"Idaho","Butte County",4,61,45,27,18
050,16,023,"Idaho","Butte County",4,62,49,23,26
050,16,023,"Idaho","Butte County",4,63,50,27,23
050,16,023,"Idaho","Butte County",4,64,48,23,25
050,16,023,"Idaho","Butte County",4,65,51,29,22
050,16,023,"Idaho","Butte County",4,66,48,24,24
050,16,023,"Idaho","Butte County",4,67,50,25,25
050,16,023,"Idaho","Butte County",4,68,43,20,23
050,16,023,"Idaho","Butte County",4,69,38,17,21
050,16,023,"Idaho","Butte County",4,70,36,16,20
050,16,023,"Idaho","Butte County",4,71,37,16,21
050,16,023,"Idaho","Butte County",4,72,35,18,17
050,16,023,"Idaho","Butte County",4,73,37,19,18
050,16,023,"Idaho","Butte County",4,74,32,18,14
050,16,023,"Idaho","Butte County",4,75,41,29,12
050,16,023,"Idaho","Butte County",4,76,27,19,8
050,16,023,"Idaho","Butte County",4,77,27,15,12
050,16,023,"Idaho","Butte County",4,78,21,11,10
050,16,023,"Idaho","Butte County",4,79,18,9,9
050,16,023,"Idaho","Butte County",4,80,15,10,5
050,16,023,"Idaho","Butte County",4,81,16,10,6
050,16,023,"Idaho","Butte County",4,82,15,9,6
050,16,023,"Idaho","Butte County",4,83,19,8,11
050,16,023,"Idaho","Butte County",4,84,17,7,10
050,16,023,"Idaho","Butte County",4,85,68,26,42
050,16,023,"Idaho","Butte County",5,0,33,17,16
050,16,023,"Idaho","Butte County",5,1,36,21,15
050,16,023,"Idaho","Butte County",5,2,39,20,19
050,16,023,"Idaho","Butte County",5,3,27,14,13
050,16,023,"Idaho","Butte County",5,4,28,13,15
050,16,023,"Idaho","Butte County",5,5,35,19,16
050,16,023,"Idaho","Butte County",5,6,23,12,11
050,16,023,"Idaho","Butte County",5,7,38,19,19
050,16,023,"Idaho","Butte County",5,8,30,15,15
050,16,023,"Idaho","Butte County",5,9,31,13,18
050,16,023,"Idaho","Butte County",5,10,27,13,14
050,16,023,"Idaho","Butte County",5,11,40,21,19
050,16,023,"Idaho","Butte County",5,12,36,19,17
050,16,023,"Idaho","Butte County",5,13,45,26,19
050,16,023,"Idaho","Butte County",5,14,37,19,18
050,16,023,"Idaho","Butte County",5,15,47,24,23
050,16,023,"Idaho","Butte County",5,16,40,22,18
050,16,023,"Idaho","Butte County",5,17,40,21,19
050,16,023,"Idaho","Butte County",5,18,42,24,18
050,16,023,"Idaho","Butte County",5,19,24,12,12
050,16,023,"Idaho","Butte County",5,20,22,12,10
050,16,023,"Idaho","Butte County",5,21,26,15,11
050,16,023,"Idaho","Butte County",5,22,26,15,11
050,16,023,"Idaho","Butte County",5,23,25,13,12
050,16,023,"Idaho","Butte County",5,24,27,15,12
050,16,023,"Idaho","Butte County",5,25,28,16,12
050,16,023,"Idaho","Butte County",5,26,22,15,7
050,16,023,"Idaho","Butte County",5,27,22,10,12
050,16,023,"Idaho","Butte County",5,28,22,11,11
050,16,023,"Idaho","Butte County",5,29,23,12,11
050,16,023,"Idaho","Butte County",5,30,24,10,14
050,16,023,"Idaho","Butte County",5,31,20,7,13
050,16,023,"Idaho","Butte County",5,32,31,16,15
050,16,023,"Idaho","Butte County",5,33,24,14,10
050,16,023,"Idaho","Butte County",5,34,28,13,15
050,16,023,"Idaho","Butte County",5,35,33,11,22
050,16,023,"Idaho","Butte County",5,36,30,11,19
050,16,023,"Idaho","Butte County",5,37,27,17,10
050,16,023,"Idaho","Butte County",5,38,27,10,17
050,16,023,"Idaho","Butte County",5,39,39,21,18
050,16,023,"Idaho","Butte County",5,40,38,17,21
050,16,023,"Idaho","Butte County",5,41,30,12,18
050,16,023,"Idaho","Butte County",5,42,34,15,19
050,16,023,"Idaho","Butte County",5,43,33,16,17
050,16,023,"Idaho","Butte County",5,44,34,20,14
050,16,023,"Idaho","Butte County",5,45,34,19,15
050,16,023,"Idaho","Butte County",5,46,37,15,22
050,16,023,"Idaho","Butte County",5,47,25,12,13
050,16,023,"Idaho","Butte County",5,48,31,17,14
050,16,023,"Idaho","Butte County",5,49,27,16,11
050,16,023,"Idaho","Butte County",5,50,29,15,14
050,16,023,"Idaho","Butte County",5,51,34,20,14
050,16,023,"Idaho","Butte County",5,52,33,19,14
050,16,023,"Idaho","Butte County",5,53,31,13,18
050,16,023,"Idaho","Butte County",5,54,26,14,12
050,16,023,"Idaho","Butte County",5,55,25,11,14
050,16,023,"Idaho","Butte County",5,56,23,10,13
050,16,023,"Idaho","Butte County",5,57,25,12,13
050,16,023,"Idaho","Butte County",5,58,23,12,11
050,16,023,"Idaho","Butte County",5,59,29,15,14
050,16,023,"Idaho","Butte County",5,60,37,20,17
050,16,023,"Idaho","Butte County",5,61,34,17,17
050,16,023,"Idaho","Butte County",5,62,43,28,15
050,16,023,"Idaho","Butte County",5,63,50,24,26
050,16,023,"Idaho","Butte County",5,64,47,25,22
050,16,023,"Idaho","Butte County",5,65,52,25,27
050,16,023,"Idaho","Butte County",5,66,53,29,24
050,16,023,"Idaho","Butte County",5,67,51,25,26
050,16,023,"Idaho","Butte County",5,68,51,26,25
050,16,023,"Idaho","Butte County",5,69,37,17,20
050,16,023,"Idaho","Butte County",5,70,38,17,21
050,16,023,"Idaho","Butte County",5,71,35,14,21
050,16,023,"Idaho","Butte County",5,72,37,17,20
050,16,023,"Idaho","Butte County",5,73,35,18,17
050,16,023,"Idaho","Butte County",5,74,36,18,18
050,16,023,"Idaho","Butte County",5,75,31,18,13
050,16,023,"Idaho","Butte County",5,76,39,29,10
050,16,023,"Idaho","Butte County",5,77,28,19,9
050,16,023,"Idaho","Butte County",5,78,27,15,12
050,16,023,"Idaho","Butte County",5,79,19,10,9
050,16,023,"Idaho","Butte County",5,80,16,8,8
050,16,023,"Idaho","Butte County",5,81,14,10,4
050,16,023,"Idaho","Butte County",5,82,16,10,6
050,16,023,"Idaho","Butte County",5,83,15,9,6
050,16,023,"Idaho","Butte County",5,84,19,8,11
050,16,023,"Idaho","Butte County",5,85,73,27,46
050,16,025,"Idaho","Camas County",1,0,6,3,3
050,16,025,"Idaho","Camas County",1,1,9,6,3
050,16,025,"Idaho","Camas County",1,2,8,7,1
050,16,025,"Idaho","Camas County",1,3,10,5,5
050,16,025,"Idaho","Camas County",1,4,7,5,2
050,16,025,"Idaho","Camas County",1,5,10,7,3
050,16,025,"Idaho","Camas County",1,6,11,5,6
050,16,025,"Idaho","Camas County",1,7,12,8,4
050,16,025,"Idaho","Camas County",1,8,18,10,8
050,16,025,"Idaho","Camas County",1,9,18,9,9
050,16,025,"Idaho","Camas County",1,10,16,6,10
050,16,025,"Idaho","Camas County",1,11,17,8,9
050,16,025,"Idaho","Camas County",1,12,16,7,9
050,16,025,"Idaho","Camas County",1,13,21,9,12
050,16,025,"Idaho","Camas County",1,14,21,10,11
050,16,025,"Idaho","Camas County",1,15,16,3,13
050,16,025,"Idaho","Camas County",1,16,17,5,12
050,16,025,"Idaho","Camas County",1,17,12,4,8
050,16,025,"Idaho","Camas County",1,18,10,5,5
050,16,025,"Idaho","Camas County",1,19,6,2,4
050,16,025,"Idaho","Camas County",1,20,7,4,3
050,16,025,"Idaho","Camas County",1,21,7,3,4
050,16,025,"Idaho","Camas County",1,22,10,6,4
050,16,025,"Idaho","Camas County",1,23,5,2,3
050,16,025,"Idaho","Camas County",1,24,6,2,4
050,16,025,"Idaho","Camas County",1,25,6,3,3
050,16,025,"Idaho","Camas County",1,26,5,3,2
050,16,025,"Idaho","Camas County",1,27,10,4,6
050,16,025,"Idaho","Camas County",1,28,5,2,3
050,16,025,"Idaho","Camas County",1,29,6,4,2
050,16,025,"Idaho","Camas County",1,30,9,5,4
050,16,025,"Idaho","Camas County",1,31,5,4,1
050,16,025,"Idaho","Camas County",1,32,6,2,4
050,16,025,"Idaho","Camas County",1,33,11,7,4
050,16,025,"Idaho","Camas County",1,34,15,10,5
050,16,025,"Idaho","Camas County",1,35,12,8,4
050,16,025,"Idaho","Camas County",1,36,13,6,7
050,16,025,"Idaho","Camas County",1,37,14,4,10
050,16,025,"Idaho","Camas County",1,38,12,2,10
050,16,025,"Idaho","Camas County",1,39,16,8,8
050,16,025,"Idaho","Camas County",1,40,14,8,6
050,16,025,"Idaho","Camas County",1,41,16,9,7
050,16,025,"Idaho","Camas County",1,42,14,6,8
050,16,025,"Idaho","Camas County",1,43,20,9,11
050,16,025,"Idaho","Camas County",1,44,17,10,7
050,16,025,"Idaho","Camas County",1,45,16,10,6
050,16,025,"Idaho","Camas County",1,46,11,10,1
050,16,025,"Idaho","Camas County",1,47,9,6,3
050,16,025,"Idaho","Camas County",1,48,14,7,7
050,16,025,"Idaho","Camas County",1,49,18,9,9
050,16,025,"Idaho","Camas County",1,50,14,6,8
050,16,025,"Idaho","Camas County",1,51,12,4,8
050,16,025,"Idaho","Camas County",1,52,12,3,9
050,16,025,"Idaho","Camas County",1,53,12,5,7
050,16,025,"Idaho","Camas County",1,54,8,5,3
050,16,025,"Idaho","Camas County",1,55,13,7,6
050,16,025,"Idaho","Camas County",1,56,17,9,8
050,16,025,"Idaho","Camas County",1,57,24,13,11
050,16,025,"Idaho","Camas County",1,58,18,9,9
050,16,025,"Idaho","Camas County",1,59,15,8,7
050,16,025,"Idaho","Camas County",1,60,16,9,7
050,16,025,"Idaho","Camas County",1,61,14,7,7
050,16,025,"Idaho","Camas County",1,62,24,14,10
050,16,025,"Idaho","Camas County",1,63,22,14,8
050,16,025,"Idaho","Camas County",1,64,17,10,7
050,16,025,"Idaho","Camas County",1,65,18,8,10
050,16,025,"Idaho","Camas County",1,66,21,15,6
050,16,025,"Idaho","Camas County",1,67,16,10,6
050,16,025,"Idaho","Camas County",1,68,11,5,6
050,16,025,"Idaho","Camas County",1,69,20,10,10
050,16,025,"Idaho","Camas County",1,70,22,10,12
050,16,025,"Idaho","Camas County",1,71,19,10,9
050,16,025,"Idaho","Camas County",1,72,16,10,6
050,16,025,"Idaho","Camas County",1,73,16,9,7
050,16,025,"Idaho","Camas County",1,74,11,8,3
050,16,025,"Idaho","Camas County",1,75,7,4,3
050,16,025,"Idaho","Camas County",1,76,9,5,4
050,16,025,"Idaho","Camas County",1,77,9,6,3
050,16,025,"Idaho","Camas County",1,78,9,6,3
050,16,025,"Idaho","Camas County",1,79,3,2,1
050,16,025,"Idaho","Camas County",1,80,3,1,2
050,16,025,"Idaho","Camas County",1,81,7,3,4
050,16,025,"Idaho","Camas County",1,82,3,3,0
050,16,025,"Idaho","Camas County",1,83,2,1,1
050,16,025,"Idaho","Camas County",1,84,2,0,2
050,16,025,"Idaho","Camas County",1,85,22,9,13
050,16,025,"Idaho","Camas County",2,0,8,4,4
050,16,025,"Idaho","Camas County",2,1,9,6,3
050,16,025,"Idaho","Camas County",2,2,9,7,2
050,16,025,"Idaho","Camas County",2,3,9,5,4
050,16,025,"Idaho","Camas County",2,4,8,5,3
050,16,025,"Idaho","Camas County",2,5,10,7,3
050,16,025,"Idaho","Camas County",2,6,10,5,5
050,16,025,"Idaho","Camas County",2,7,13,8,5
050,16,025,"Idaho","Camas County",2,8,17,10,7
050,16,025,"Idaho","Camas County",2,9,18,9,9
050,16,025,"Idaho","Camas County",2,10,17,7,10
050,16,025,"Idaho","Camas County",2,11,16,8,8
050,16,025,"Idaho","Camas County",2,12,17,8,9
050,16,025,"Idaho","Camas County",2,13,20,9,11
050,16,025,"Idaho","Camas County",2,14,21,10,11
050,16,025,"Idaho","Camas County",2,15,18,5,13
050,16,025,"Idaho","Camas County",2,16,17,5,12
050,16,025,"Idaho","Camas County",2,17,13,4,9
050,16,025,"Idaho","Camas County",2,18,10,5,5
050,16,025,"Idaho","Camas County",2,19,6,2,4
050,16,025,"Idaho","Camas County",2,20,7,4,3
050,16,025,"Idaho","Camas County",2,21,7,3,4
050,16,025,"Idaho","Camas County",2,22,9,5,4
050,16,025,"Idaho","Camas County",2,23,5,2,3
050,16,025,"Idaho","Camas County",2,24,6,2,4
050,16,025,"Idaho","Camas County",2,25,7,3,4
050,16,025,"Idaho","Camas County",2,26,6,3,3
050,16,025,"Idaho","Camas County",2,27,8,3,5
050,16,025,"Idaho","Camas County",2,28,6,2,4
050,16,025,"Idaho","Camas County",2,29,6,4,2
050,16,025,"Idaho","Camas County",2,30,9,5,4
050,16,025,"Idaho","Camas County",2,31,6,4,2
050,16,025,"Idaho","Camas County",2,32,7,3,4
050,16,025,"Idaho","Camas County",2,33,11,7,4
050,16,025,"Idaho","Camas County",2,34,15,10,5
050,16,025,"Idaho","Camas County",2,35,13,9,4
050,16,025,"Idaho","Camas County",2,36,14,7,7
050,16,025,"Idaho","Camas County",2,37,13,4,9
050,16,025,"Idaho","Camas County",2,38,13,3,10
050,16,025,"Idaho","Camas County",2,39,16,7,9
050,16,025,"Idaho","Camas County",2,40,14,8,6
050,16,025,"Idaho","Camas County",2,41,15,8,7
050,16,025,"Idaho","Camas County",2,42,14,6,8
050,16,025,"Idaho","Camas County",2,43,20,9,11
050,16,025,"Idaho","Camas County",2,44,17,10,7
050,16,025,"Idaho","Camas County",2,45,17,11,6
050,16,025,"Idaho","Camas County",2,46,12,10,2
050,16,025,"Idaho","Camas County",2,47,10,7,3
050,16,025,"Idaho","Camas County",2,48,13,7,6
050,16,025,"Idaho","Camas County",2,49,16,8,8
050,16,025,"Idaho","Camas County",2,50,16,7,9
050,16,025,"Idaho","Camas County",2,51,12,4,8
050,16,025,"Idaho","Camas County",2,52,12,3,9
050,16,025,"Idaho","Camas County",2,53,12,5,7
050,16,025,"Idaho","Camas County",2,54,9,5,4
050,16,025,"Idaho","Camas County",2,55,11,6,5
050,16,025,"Idaho","Camas County",2,56,17,9,8
050,16,025,"Idaho","Camas County",2,57,23,12,11
050,16,025,"Idaho","Camas County",2,58,20,10,10
050,16,025,"Idaho","Camas County",2,59,15,8,7
050,16,025,"Idaho","Camas County",2,60,16,9,7
050,16,025,"Idaho","Camas County",2,61,15,8,7
050,16,025,"Idaho","Camas County",2,62,22,12,10
050,16,025,"Idaho","Camas County",2,63,24,15,9
050,16,025,"Idaho","Camas County",2,64,18,11,7
050,16,025,"Idaho","Camas County",2,65,18,9,9
050,16,025,"Idaho","Camas County",2,66,21,14,7
050,16,025,"Idaho","Camas County",2,67,17,11,6
050,16,025,"Idaho","Camas County",2,68,12,6,6
050,16,025,"Idaho","Camas County",2,69,19,9,10
050,16,025,"Idaho","Camas County",2,70,22,10,12
050,16,025,"Idaho","Camas County",2,71,19,10,9
050,16,025,"Idaho","Camas County",2,72,16,10,6
050,16,025,"Idaho","Camas County",2,73,16,9,7
050,16,025,"Idaho","Camas County",2,74,11,7,4
050,16,025,"Idaho","Camas County",2,75,7,5,2
050,16,025,"Idaho","Camas County",2,76,9,5,4
050,16,025,"Idaho","Camas County",2,77,9,6,3
050,16,025,"Idaho","Camas County",2,78,9,6,3
050,16,025,"Idaho","Camas County",2,79,4,3,1
050,16,025,"Idaho","Camas County",2,80,2,0,2
050,16,025,"Idaho","Camas County",2,81,5,2,3
050,16,025,"Idaho","Camas County",2,82,4,3,1
050,16,025,"Idaho","Camas County",2,83,2,1,1
050,16,025,"Idaho","Camas County",2,84,2,0,2
050,16,025,"Idaho","Camas County",2,85,20,8,12
050,16,025,"Idaho","Camas County",3,0,9,5,4
050,16,025,"Idaho","Camas County",3,1,10,4,6
050,16,025,"Idaho","Camas County",3,2,10,6,4
050,16,025,"Idaho","Camas County",3,3,10,8,2
050,16,025,"Idaho","Camas County",3,4,9,5,4
050,16,025,"Idaho","Camas County",3,5,7,3,4
050,16,025,"Idaho","Camas County",3,6,15,8,7
050,16,025,"Idaho","Camas County",3,7,10,6,4
050,16,025,"Idaho","Camas County",3,8,15,10,5
050,16,025,"Idaho","Camas County",3,9,16,9,7
050,16,025,"Idaho","Camas County",3,10,20,10,10
050,16,025,"Idaho","Camas County",3,11,16,7,9
050,16,025,"Idaho","Camas County",3,12,19,9,10
050,16,025,"Idaho","Camas County",3,13,16,7,9
050,16,025,"Idaho","Camas County",3,14,20,10,10
050,16,025,"Idaho","Camas County",3,15,19,10,9
050,16,025,"Idaho","Camas County",3,16,16,6,10
050,16,025,"Idaho","Camas County",3,17,15,5,10
050,16,025,"Idaho","Camas County",3,18,11,4,7
050,16,025,"Idaho","Camas County",3,19,6,4,2
050,16,025,"Idaho","Camas County",3,20,6,2,4
050,16,025,"Idaho","Camas County",3,21,6,4,2
050,16,025,"Idaho","Camas County",3,22,7,3,4
050,16,025,"Idaho","Camas County",3,23,10,5,5
050,16,025,"Idaho","Camas County",3,24,6,3,3
050,16,025,"Idaho","Camas County",3,25,9,4,5
050,16,025,"Idaho","Camas County",3,26,8,2,6
050,16,025,"Idaho","Camas County",3,27,3,3,0
050,16,025,"Idaho","Camas County",3,28,8,5,3
050,16,025,"Idaho","Camas County",3,29,7,2,5
050,16,025,"Idaho","Camas County",3,30,10,8,2
050,16,025,"Idaho","Camas County",3,31,10,6,4
050,16,025,"Idaho","Camas County",3,32,5,3,2
050,16,025,"Idaho","Camas County",3,33,7,3,4
050,16,025,"Idaho","Camas County",3,34,12,7,5
050,16,025,"Idaho","Camas County",3,35,15,10,5
050,16,025,"Idaho","Camas County",3,36,17,12,5
050,16,025,"Idaho","Camas County",3,37,14,7,7
050,16,025,"Idaho","Camas County",3,38,13,4,9
050,16,025,"Idaho","Camas County",3,39,12,3,9
050,16,025,"Idaho","Camas County",3,40,16,8,8
050,16,025,"Idaho","Camas County",3,41,14,8,6
050,16,025,"Idaho","Camas County",3,42,17,9,8
050,16,025,"Idaho","Camas County",3,43,16,6,10
050,16,025,"Idaho","Camas County",3,44,20,8,12
050,16,025,"Idaho","Camas County",3,45,19,11,8
050,16,025,"Idaho","Camas County",3,46,18,12,6
050,16,025,"Idaho","Camas County",3,47,13,10,3
050,16,025,"Idaho","Camas County",3,48,12,7,5
050,16,025,"Idaho","Camas County",3,49,13,8,5
050,16,025,"Idaho","Camas County",3,50,16,8,8
050,16,025,"Idaho","Camas County",3,51,16,7,9
050,16,025,"Idaho","Camas County",3,52,12,4,8
050,16,025,"Idaho","Camas County",3,53,15,3,12
050,16,025,"Idaho","Camas County",3,54,13,5,8
050,16,025,"Idaho","Camas County",3,55,10,8,2
050,16,025,"Idaho","Camas County",3,56,11,6,5
050,16,025,"Idaho","Camas County",3,57,18,10,8
050,16,025,"Idaho","Camas County",3,58,23,12,11
050,16,025,"Idaho","Camas County",3,59,19,10,9
050,16,025,"Idaho","Camas County",3,60,18,8,10
050,16,025,"Idaho","Camas County",3,61,19,9,10
050,16,025,"Idaho","Camas County",3,62,16,10,6
050,16,025,"Idaho","Camas County",3,63,21,11,10
050,16,025,"Idaho","Camas County",3,64,27,18,9
050,16,025,"Idaho","Camas County",3,65,19,12,7
050,16,025,"Idaho","Camas County",3,66,21,9,12
050,16,025,"Idaho","Camas County",3,67,25,16,9
050,16,025,"Idaho","Camas County",3,68,19,13,6
050,16,025,"Idaho","Camas County",3,69,15,9,6
050,16,025,"Idaho","Camas County",3,70,16,8,8
050,16,025,"Idaho","Camas County",3,71,22,10,12
050,16,025,"Idaho","Camas County",3,72,19,10,9
050,16,025,"Idaho","Camas County",3,73,17,11,6
050,16,025,"Idaho","Camas County",3,74,15,8,7
050,16,025,"Idaho","Camas County",3,75,11,7,4
050,16,025,"Idaho","Camas County",3,76,7,5,2
050,16,025,"Idaho","Camas County",3,77,9,5,4
050,16,025,"Idaho","Camas County",3,78,9,6,3
050,16,025,"Idaho","Camas County",3,79,10,6,4
050,16,025,"Idaho","Camas County",3,80,4,3,1
050,16,025,"Idaho","Camas County",3,81,2,0,2
050,16,025,"Idaho","Camas County",3,82,5,2,3
050,16,025,"Idaho","Camas County",3,83,4,3,1
050,16,025,"Idaho","Camas County",3,84,3,1,2
050,16,025,"Idaho","Camas County",3,85,19,6,13
050,16,025,"Idaho","Camas County",4,0,11,5,6
050,16,025,"Idaho","Camas County",4,1,10,3,7
050,16,025,"Idaho","Camas County",4,2,12,5,7
050,16,025,"Idaho","Camas County",4,3,9,6,3
050,16,025,"Idaho","Camas County",4,4,8,6,2
050,16,025,"Idaho","Camas County",4,5,12,7,5
050,16,025,"Idaho","Camas County",4,6,8,4,4
050,16,025,"Idaho","Camas County",4,7,16,9,7
050,16,025,"Idaho","Camas County",4,8,16,7,9
050,16,025,"Idaho","Camas County",4,9,12,7,5
050,16,025,"Idaho","Camas County",4,10,16,10,6
050,16,025,"Idaho","Camas County",4,11,21,9,12
050,16,025,"Idaho","Camas County",4,12,15,7,8
050,16,025,"Idaho","Camas County",4,13,20,10,10
050,16,025,"Idaho","Camas County",4,14,17,7,10
050,16,025,"Idaho","Camas County",4,15,19,10,9
050,16,025,"Idaho","Camas County",4,16,19,11,8
050,16,025,"Idaho","Camas County",4,17,16,6,10
050,16,025,"Idaho","Camas County",4,18,14,6,8
050,16,025,"Idaho","Camas County",4,19,10,4,6
050,16,025,"Idaho","Camas County",4,20,8,4,4
050,16,025,"Idaho","Camas County",4,21,9,3,6
050,16,025,"Idaho","Camas County",4,22,7,4,3
050,16,025,"Idaho","Camas County",4,23,9,4,5
050,16,025,"Idaho","Camas County",4,24,9,3,6
050,16,025,"Idaho","Camas County",4,25,5,3,2
050,16,025,"Idaho","Camas County",4,26,9,5,4
050,16,025,"Idaho","Camas County",4,27,9,4,5
050,16,025,"Idaho","Camas County",4,28,7,4,3
050,16,025,"Idaho","Camas County",4,29,10,5,5
050,16,025,"Idaho","Camas County",4,30,7,2,5
050,16,025,"Idaho","Camas County",4,31,7,5,2
050,16,025,"Idaho","Camas County",4,32,13,8,5
050,16,025,"Idaho","Camas County",4,33,5,3,2
050,16,025,"Idaho","Camas County",4,34,10,6,4
050,16,025,"Idaho","Camas County",4,35,12,8,4
050,16,025,"Idaho","Camas County",4,36,15,9,6
050,16,025,"Idaho","Camas County",4,37,18,13,5
050,16,025,"Idaho","Camas County",4,38,13,5,8
050,16,025,"Idaho","Camas County",4,39,10,3,7
050,16,025,"Idaho","Camas County",4,40,13,4,9
050,16,025,"Idaho","Camas County",4,41,18,8,10
050,16,025,"Idaho","Camas County",4,42,13,8,5
050,16,025,"Idaho","Camas County",4,43,18,10,8
050,16,025,"Idaho","Camas County",4,44,18,6,12
050,16,025,"Idaho","Camas County",4,45,23,11,12
050,16,025,"Idaho","Camas County",4,46,18,10,8
050,16,025,"Idaho","Camas County",4,47,18,13,5
050,16,025,"Idaho","Camas County",4,48,13,11,2
050,16,025,"Idaho","Camas County",4,49,12,7,5
050,16,025,"Idaho","Camas County",4,50,13,8,5
050,16,025,"Idaho","Camas County",4,51,15,7,8
050,16,025,"Idaho","Camas County",4,52,16,7,9
050,16,025,"Idaho","Camas County",4,53,12,4,8
050,16,025,"Idaho","Camas County",4,54,14,3,11
050,16,025,"Idaho","Camas County",4,55,16,6,10
050,16,025,"Idaho","Camas County",4,56,6,4,2
050,16,025,"Idaho","Camas County",4,57,11,6,5
050,16,025,"Idaho","Camas County",4,58,20,11,9
050,16,025,"Idaho","Camas County",4,59,20,10,10
050,16,025,"Idaho","Camas County",4,60,24,12,12
050,16,025,"Idaho","Camas County",4,61,21,12,9
050,16,025,"Idaho","Camas County",4,62,16,7,9
050,16,025,"Idaho","Camas County",4,63,16,10,6
050,16,025,"Idaho","Camas County",4,64,24,14,10
050,16,025,"Idaho","Camas County",4,65,30,19,11
050,16,025,"Idaho","Camas County",4,66,19,13,6
050,16,025,"Idaho","Camas County",4,67,19,9,10
050,16,025,"Idaho","Camas County",4,68,29,19,10
050,16,025,"Idaho","Camas County",4,69,18,13,5
050,16,025,"Idaho","Camas County",4,70,14,8,6
050,16,025,"Idaho","Camas County",4,71,12,7,5
050,16,025,"Idaho","Camas County",4,72,22,10,12
050,16,025,"Idaho","Camas County",4,73,18,9,9
050,16,025,"Idaho","Camas County",4,74,17,11,6
050,16,025,"Idaho","Camas County",4,75,14,8,6
050,16,025,"Idaho","Camas County",4,76,9,5,4
050,16,025,"Idaho","Camas County",4,77,3,0,3
050,16,025,"Idaho","Camas County",4,78,9,5,4
050,16,025,"Idaho","Camas County",4,79,9,6,3
050,16,025,"Idaho","Camas County",4,80,10,6,4
050,16,025,"Idaho","Camas County",4,81,4,3,1
050,16,025,"Idaho","Camas County",4,82,2,0,2
050,16,025,"Idaho","Camas County",4,83,5,2,3
050,16,025,"Idaho","Camas County",4,84,4,3,1
050,16,025,"Idaho","Camas County",4,85,21,6,15
050,16,025,"Idaho","Camas County",5,0,11,5,6
050,16,025,"Idaho","Camas County",5,1,13,5,8
050,16,025,"Idaho","Camas County",5,2,13,5,8
050,16,025,"Idaho","Camas County",5,3,18,7,11
050,16,025,"Idaho","Camas County",5,4,9,6,3
050,16,025,"Idaho","Camas County",5,5,8,6,2
050,16,025,"Idaho","Camas County",5,6,13,7,6
050,16,025,"Idaho","Camas County",5,7,11,5,6
050,16,025,"Idaho","Camas County",5,8,16,9,7
050,16,025,"Idaho","Camas County",5,9,15,8,7
050,16,025,"Idaho","Camas County",5,10,13,7,6
050,16,025,"Idaho","Camas County",5,11,18,11,7
050,16,025,"Idaho","Camas County",5,12,17,9,8
050,16,025,"Idaho","Camas County",5,13,17,8,9
050,16,025,"Idaho","Camas County",5,14,23,13,10
050,16,025,"Idaho","Camas County",5,15,17,8,9
050,16,025,"Idaho","Camas County",5,16,19,9,10
050,16,025,"Idaho","Camas County",5,17,21,11,10
050,16,025,"Idaho","Camas County",5,18,14,5,9
050,16,025,"Idaho","Camas County",5,19,11,6,5
050,16,025,"Idaho","Camas County",5,20,8,4,4
050,16,025,"Idaho","Camas County",5,21,8,5,3
050,16,025,"Idaho","Camas County",5,22,9,3,6
050,16,025,"Idaho","Camas County",5,23,8,4,4
050,16,025,"Idaho","Camas County",5,24,12,7,5
050,16,025,"Idaho","Camas County",5,25,13,7,6
050,16,025,"Idaho","Camas County",5,26,5,3,2
050,16,025,"Idaho","Camas County",5,27,12,8,4
050,16,025,"Idaho","Camas County",5,28,12,7,5
050,16,025,"Idaho","Camas County",5,29,9,5,4
050,16,025,"Idaho","Camas County",5,30,12,6,6
050,16,025,"Idaho","Camas County",5,31,9,3,6
050,16,025,"Idaho","Camas County",5,32,9,6,3
050,16,025,"Idaho","Camas County",5,33,12,8,4
050,16,025,"Idaho","Camas County",5,34,8,3,5
050,16,025,"Idaho","Camas County",5,35,13,9,4
050,16,025,"Idaho","Camas County",5,36,13,8,5
050,16,025,"Idaho","Camas County",5,37,14,7,7
050,16,025,"Idaho","Camas County",5,38,18,12,6
050,16,025,"Idaho","Camas County",5,39,13,6,7
050,16,025,"Idaho","Camas County",5,40,10,4,6
050,16,025,"Idaho","Camas County",5,41,13,3,10
050,16,025,"Idaho","Camas County",5,42,15,7,8
050,16,025,"Idaho","Camas County",5,43,12,8,4
050,16,025,"Idaho","Camas County",5,44,19,10,9
050,16,025,"Idaho","Camas County",5,45,19,7,12
050,16,025,"Idaho","Camas County",5,46,23,11,12
050,16,025,"Idaho","Camas County",5,47,16,8,8
050,16,025,"Idaho","Camas County",5,48,17,11,6
050,16,025,"Idaho","Camas County",5,49,12,9,3
050,16,025,"Idaho","Camas County",5,50,12,7,5
050,16,025,"Idaho","Camas County",5,51,17,11,6
050,16,025,"Idaho","Camas County",5,52,15,7,8
050,16,025,"Idaho","Camas County",5,53,19,10,9
050,16,025,"Idaho","Camas County",5,54,15,6,9
050,16,025,"Idaho","Camas County",5,55,17,3,14
050,16,025,"Idaho","Camas County",5,56,17,7,10
050,16,025,"Idaho","Camas County",5,57,7,5,2
050,16,025,"Idaho","Camas County",5,58,14,8,6
050,16,025,"Idaho","Camas County",5,59,20,11,9
050,16,025,"Idaho","Camas County",5,60,19,11,8
050,16,025,"Idaho","Camas County",5,61,25,12,13
050,16,025,"Idaho","Camas County",5,62,21,12,9
050,16,025,"Idaho","Camas County",5,63,16,7,9
050,16,025,"Idaho","Camas County",5,64,12,7,5
050,16,025,"Idaho","Camas County",5,65,24,14,10
050,16,025,"Idaho","Camas County",5,66,30,20,10
050,16,025,"Idaho","Camas County",5,67,19,13,6
050,16,025,"Idaho","Camas County",5,68,18,8,10
050,16,025,"Idaho","Camas County",5,69,29,19,10
050,16,025,"Idaho","Camas County",5,70,19,13,6
050,16,025,"Idaho","Camas County",5,71,14,9,5
050,16,025,"Idaho","Camas County",5,72,12,7,5
050,16,025,"Idaho","Camas County",5,73,23,10,13
050,16,025,"Idaho","Camas County",5,74,19,9,10
050,16,025,"Idaho","Camas County",5,75,18,11,7
050,16,025,"Idaho","Camas County",5,76,14,8,6
050,16,025,"Idaho","Camas County",5,77,11,6,5
050,16,025,"Idaho","Camas County",5,78,3,0,3
050,16,025,"Idaho","Camas County",5,79,9,5,4
050,16,025,"Idaho","Camas County",5,80,9,6,3
050,16,025,"Idaho","Camas County",5,81,10,6,4
050,16,025,"Idaho","Camas County",5,82,4,3,1
050,16,025,"Idaho","Camas County",5,83,2,0,2
050,16,025,"Idaho","Camas County",5,84,5,2,3
050,16,025,"Idaho","Camas County",5,85,24,8,16
050,16,027,"Idaho","Canyon County",1,0,2879,1470,1409
050,16,027,"Idaho","Canyon County",1,1,2966,1540,1426
050,16,027,"Idaho","Canyon County",1,2,3155,1660,1495
050,16,027,"Idaho","Canyon County",1,3,3417,1774,1643
050,16,027,"Idaho","Canyon County",1,4,3589,1859,1730
050,16,027,"Idaho","Canyon County",1,5,3617,1807,1810
050,16,027,"Idaho","Canyon County",1,6,3574,1814,1760
050,16,027,"Idaho","Canyon County",1,7,3540,1812,1728
050,16,027,"Idaho","Canyon County",1,8,3532,1791,1741
050,16,027,"Idaho","Canyon County",1,9,3598,1834,1764
050,16,027,"Idaho","Canyon County",1,10,3675,1913,1762
050,16,027,"Idaho","Canyon County",1,11,3766,1928,1838
050,16,027,"Idaho","Canyon County",1,12,3943,2036,1907
050,16,027,"Idaho","Canyon County",1,13,3962,2041,1921
050,16,027,"Idaho","Canyon County",1,14,3802,1939,1863
050,16,027,"Idaho","Canyon County",1,15,3756,1933,1823
050,16,027,"Idaho","Canyon County",1,16,3778,1920,1858
050,16,027,"Idaho","Canyon County",1,17,3610,1842,1768
050,16,027,"Idaho","Canyon County",1,18,3311,1703,1608
050,16,027,"Idaho","Canyon County",1,19,3116,1573,1543
050,16,027,"Idaho","Canyon County",1,20,3005,1506,1499
050,16,027,"Idaho","Canyon County",1,21,2981,1521,1460
050,16,027,"Idaho","Canyon County",1,22,2988,1547,1441
050,16,027,"Idaho","Canyon County",1,23,2999,1520,1479
050,16,027,"Idaho","Canyon County",1,24,3080,1556,1524
050,16,027,"Idaho","Canyon County",1,25,2975,1504,1471
050,16,027,"Idaho","Canyon County",1,26,3083,1531,1552
050,16,027,"Idaho","Canyon County",1,27,3198,1619,1579
050,16,027,"Idaho","Canyon County",1,28,3265,1624,1641
050,16,027,"Idaho","Canyon County",1,29,3263,1628,1635
050,16,027,"Idaho","Canyon County",1,30,3182,1527,1655
050,16,027,"Idaho","Canyon County",1,31,3093,1507,1586
050,16,027,"Idaho","Canyon County",1,32,3069,1516,1553
050,16,027,"Idaho","Canyon County",1,33,3053,1518,1535
050,16,027,"Idaho","Canyon County",1,34,3052,1500,1552
050,16,027,"Idaho","Canyon County",1,35,3063,1523,1540
050,16,027,"Idaho","Canyon County",1,36,3062,1521,1541
050,16,027,"Idaho","Canyon County",1,37,3039,1513,1526
050,16,027,"Idaho","Canyon County",1,38,3058,1529,1529
050,16,027,"Idaho","Canyon County",1,39,3139,1602,1537
050,16,027,"Idaho","Canyon County",1,40,3045,1538,1507
050,16,027,"Idaho","Canyon County",1,41,2945,1450,1495
050,16,027,"Idaho","Canyon County",1,42,2947,1481,1466
050,16,027,"Idaho","Canyon County",1,43,2862,1430,1432
050,16,027,"Idaho","Canyon County",1,44,2803,1434,1369
050,16,027,"Idaho","Canyon County",1,45,2770,1414,1356
050,16,027,"Idaho","Canyon County",1,46,2606,1309,1297
050,16,027,"Idaho","Canyon County",1,47,2549,1260,1289
050,16,027,"Idaho","Canyon County",1,48,2758,1379,1379
050,16,027,"Idaho","Canyon County",1,49,2807,1445,1362
050,16,027,"Idaho","Canyon County",1,50,2723,1380,1343
050,16,027,"Idaho","Canyon County",1,51,2625,1345,1280
050,16,027,"Idaho","Canyon County",1,52,2470,1237,1233
050,16,027,"Idaho","Canyon County",1,53,2487,1267,1220
050,16,027,"Idaho","Canyon County",1,54,2466,1271,1195
050,16,027,"Idaho","Canyon County",1,55,2553,1246,1307
050,16,027,"Idaho","Canyon County",1,56,2630,1295,1335
050,16,027,"Idaho","Canyon County",1,57,2661,1283,1378
050,16,027,"Idaho","Canyon County",1,58,2665,1304,1361
050,16,027,"Idaho","Canyon County",1,59,2517,1203,1314
050,16,027,"Idaho","Canyon County",1,60,2567,1250,1317
050,16,027,"Idaho","Canyon County",1,61,2434,1191,1243
050,16,027,"Idaho","Canyon County",1,62,2483,1161,1322
050,16,027,"Idaho","Canyon County",1,63,2481,1214,1267
050,16,027,"Idaho","Canyon County",1,64,2345,1119,1226
050,16,027,"Idaho","Canyon County",1,65,2256,1117,1139
050,16,027,"Idaho","Canyon County",1,66,2263,1081,1182
050,16,027,"Idaho","Canyon County",1,67,2261,1076,1185
050,16,027,"Idaho","Canyon County",1,68,2263,1071,1192
050,16,027,"Idaho","Canyon County",1,69,1992,933,1059
050,16,027,"Idaho","Canyon County",1,70,1966,925,1041
050,16,027,"Idaho","Canyon County",1,71,1906,911,995
050,16,027,"Idaho","Canyon County",1,72,1923,926,997
050,16,027,"Idaho","Canyon County",1,73,1925,954,971
050,16,027,"Idaho","Canyon County",1,74,1403,646,757
050,16,027,"Idaho","Canyon County",1,75,1403,680,723
050,16,027,"Idaho","Canyon County",1,76,1364,654,710
050,16,027,"Idaho","Canyon County",1,77,1286,597,689
050,16,027,"Idaho","Canyon County",1,78,1084,512,572
050,16,027,"Idaho","Canyon County",1,79,987,463,524
050,16,027,"Idaho","Canyon County",1,80,870,398,472
050,16,027,"Idaho","Canyon County",1,81,770,356,414
050,16,027,"Idaho","Canyon County",1,82,669,320,349
050,16,027,"Idaho","Canyon County",1,83,552,241,311
050,16,027,"Idaho","Canyon County",1,84,530,230,300
050,16,027,"Idaho","Canyon County",1,85,2997,1154,1843
050,16,027,"Idaho","Canyon County",2,0,3002,1563,1439
050,16,027,"Idaho","Canyon County",2,1,2969,1537,1432
050,16,027,"Idaho","Canyon County",2,2,3145,1645,1500
050,16,027,"Idaho","Canyon County",2,3,3367,1757,1610
050,16,027,"Idaho","Canyon County",2,4,3577,1853,1724
050,16,027,"Idaho","Canyon County",2,5,3634,1832,1802
050,16,027,"Idaho","Canyon County",2,6,3607,1826,1781
050,16,027,"Idaho","Canyon County",2,7,3546,1811,1735
050,16,027,"Idaho","Canyon County",2,8,3540,1798,1742
050,16,027,"Idaho","Canyon County",2,9,3593,1830,1763
050,16,027,"Idaho","Canyon County",2,10,3664,1899,1765
050,16,027,"Idaho","Canyon County",2,11,3731,1922,1809
050,16,027,"Idaho","Canyon County",2,12,3930,2027,1903
050,16,027,"Idaho","Canyon County",2,13,3971,2048,1923
050,16,027,"Idaho","Canyon County",2,14,3844,1966,1878
050,16,027,"Idaho","Canyon County",2,15,3783,1943,1840
050,16,027,"Idaho","Canyon County",2,16,3807,1940,1867
050,16,027,"Idaho","Canyon County",2,17,3671,1873,1798
050,16,027,"Idaho","Canyon County",2,18,3305,1699,1606
050,16,027,"Idaho","Canyon County",2,19,3139,1588,1551
050,16,027,"Idaho","Canyon County",2,20,3055,1531,1524
050,16,027,"Idaho","Canyon County",2,21,2994,1519,1475
050,16,027,"Idaho","Canyon County",2,22,3008,1549,1459
050,16,027,"Idaho","Canyon County",2,23,3032,1541,1491
050,16,027,"Idaho","Canyon County",2,24,3090,1567,1523
050,16,027,"Idaho","Canyon County",2,25,3035,1531,1504
050,16,027,"Idaho","Canyon County",2,26,3099,1546,1553
050,16,027,"Idaho","Canyon County",2,27,3221,1622,1599
050,16,027,"Idaho","Canyon County",2,28,3298,1647,1651
050,16,027,"Idaho","Canyon County",2,29,3302,1647,1655
050,16,027,"Idaho","Canyon County",2,30,3246,1576,1670
050,16,027,"Idaho","Canyon County",2,31,3137,1528,1609
050,16,027,"Idaho","Canyon County",2,32,3102,1528,1574
050,16,027,"Idaho","Canyon County",2,33,3081,1531,1550
050,16,027,"Idaho","Canyon County",2,34,3083,1517,1566
050,16,027,"Idaho","Canyon County",2,35,3101,1537,1564
050,16,027,"Idaho","Canyon County",2,36,3058,1521,1537
050,16,027,"Idaho","Canyon County",2,37,3061,1521,1540
050,16,027,"Idaho","Canyon County",2,38,3088,1542,1546
050,16,027,"Idaho","Canyon County",2,39,3132,1598,1534
050,16,027,"Idaho","Canyon County",2,40,3098,1571,1527
050,16,027,"Idaho","Canyon County",2,41,2980,1481,1499
050,16,027,"Idaho","Canyon County",2,42,2944,1469,1475
050,16,027,"Idaho","Canyon County",2,43,2922,1463,1459
050,16,027,"Idaho","Canyon County",2,44,2817,1428,1389
050,16,027,"Idaho","Canyon County",2,45,2796,1431,1365
050,16,027,"Idaho","Canyon County",2,46,2650,1336,1314
050,16,027,"Idaho","Canyon County",2,47,2568,1274,1294
050,16,027,"Idaho","Canyon County",2,48,2715,1356,1359
050,16,027,"Idaho","Canyon County",2,49,2818,1443,1375
050,16,027,"Idaho","Canyon County",2,50,2758,1402,1356
050,16,027,"Idaho","Canyon County",2,51,2659,1360,1299
050,16,027,"Idaho","Canyon County",2,52,2510,1266,1244
050,16,027,"Idaho","Canyon County",2,53,2498,1265,1233
050,16,027,"Idaho","Canyon County",2,54,2479,1271,1208
050,16,027,"Idaho","Canyon County",2,55,2553,1265,1288
050,16,027,"Idaho","Canyon County",2,56,2633,1293,1340
050,16,027,"Idaho","Canyon County",2,57,2685,1302,1383
050,16,027,"Idaho","Canyon County",2,58,2678,1306,1372
050,16,027,"Idaho","Canyon County",2,59,2580,1237,1343
050,16,027,"Idaho","Canyon County",2,60,2570,1245,1325
050,16,027,"Idaho","Canyon County",2,61,2475,1207,1268
050,16,027,"Idaho","Canyon County",2,62,2498,1176,1322
050,16,027,"Idaho","Canyon County",2,63,2526,1223,1303
050,16,027,"Idaho","Canyon County",2,64,2381,1145,1236
050,16,027,"Idaho","Canyon County",2,65,2302,1125,1177
050,16,027,"Idaho","Canyon County",2,66,2275,1096,1179
050,16,027,"Idaho","Canyon County",2,67,2271,1085,1186
050,16,027,"Idaho","Canyon County",2,68,2255,1069,1186
050,16,027,"Idaho","Canyon County",2,69,2084,976,1108
050,16,027,"Idaho","Canyon County",2,70,1978,929,1049
050,16,027,"Idaho","Canyon County",2,71,1928,914,1014
050,16,027,"Idaho","Canyon County",2,72,1895,915,980
050,16,027,"Idaho","Canyon County",2,73,2037,997,1040
050,16,027,"Idaho","Canyon County",2,74,1442,683,759
050,16,027,"Idaho","Canyon County",2,75,1403,673,730
050,16,027,"Idaho","Canyon County",2,76,1365,652,713
050,16,027,"Idaho","Canyon County",2,77,1330,621,709
050,16,027,"Idaho","Canyon County",2,78,1105,516,589
050,16,027,"Idaho","Canyon County",2,79,995,468,527
050,16,027,"Idaho","Canyon County",2,80,900,414,486
050,16,027,"Idaho","Canyon County",2,81,779,359,420
050,16,027,"Idaho","Canyon County",2,82,690,328,362
050,16,027,"Idaho","Canyon County",2,83,576,259,317
050,16,027,"Idaho","Canyon County",2,84,533,232,301
050,16,027,"Idaho","Canyon County",2,85,3031,1175,1856
050,16,027,"Idaho","Canyon County",3,0,3161,1661,1500
050,16,027,"Idaho","Canyon County",3,1,3272,1679,1593
050,16,027,"Idaho","Canyon County",3,2,3193,1645,1548
050,16,027,"Idaho","Canyon County",3,3,3321,1736,1585
050,16,027,"Idaho","Canyon County",3,4,3528,1849,1679
050,16,027,"Idaho","Canyon County",3,5,3711,1932,1779
050,16,027,"Idaho","Canyon County",3,6,3816,1917,1899
050,16,027,"Idaho","Canyon County",3,7,3741,1874,1867
050,16,027,"Idaho","Canyon County",3,8,3693,1884,1809
050,16,027,"Idaho","Canyon County",3,9,3642,1847,1795
050,16,027,"Idaho","Canyon County",3,10,3699,1876,1823
050,16,027,"Idaho","Canyon County",3,11,3767,1941,1826
050,16,027,"Idaho","Canyon County",3,12,3828,1962,1866
050,16,027,"Idaho","Canyon County",3,13,4042,2084,1958
050,16,027,"Idaho","Canyon County",3,14,4063,2091,1972
050,16,027,"Idaho","Canyon County",3,15,3935,2006,1929
050,16,027,"Idaho","Canyon County",3,16,3893,2024,1869
050,16,027,"Idaho","Canyon County",3,17,3868,1977,1891
050,16,027,"Idaho","Canyon County",3,18,3474,1809,1665
050,16,027,"Idaho","Canyon County",3,19,3226,1656,1570
050,16,027,"Idaho","Canyon County",3,20,3198,1602,1596
050,16,027,"Idaho","Canyon County",3,21,3120,1577,1543
050,16,027,"Idaho","Canyon County",3,22,3182,1615,1567
050,16,027,"Idaho","Canyon County",3,23,3249,1642,1607
050,16,027,"Idaho","Canyon County",3,24,3308,1679,1629
050,16,027,"Idaho","Canyon County",3,25,3333,1690,1643
050,16,027,"Idaho","Canyon County",3,26,3251,1640,1611
050,16,027,"Idaho","Canyon County",3,27,3327,1646,1681
050,16,027,"Idaho","Canyon County",3,28,3464,1742,1722
050,16,027,"Idaho","Canyon County",3,29,3519,1784,1735
050,16,027,"Idaho","Canyon County",3,30,3491,1718,1773
050,16,027,"Idaho","Canyon County",3,31,3482,1698,1784
050,16,027,"Idaho","Canyon County",3,32,3381,1686,1695
050,16,027,"Idaho","Canyon County",3,33,3306,1637,1669
050,16,027,"Idaho","Canyon County",3,34,3295,1634,1661
050,16,027,"Idaho","Canyon County",3,35,3245,1600,1645
050,16,027,"Idaho","Canyon County",3,36,3292,1633,1659
050,16,027,"Idaho","Canyon County",3,37,3187,1592,1595
050,16,027,"Idaho","Canyon County",3,38,3198,1589,1609
050,16,027,"Idaho","Canyon County",3,39,3223,1613,1610
050,16,027,"Idaho","Canyon County",3,40,3242,1643,1599
050,16,027,"Idaho","Canyon County",3,41,3238,1661,1577
050,16,027,"Idaho","Canyon County",3,42,3086,1536,1550
050,16,027,"Idaho","Canyon County",3,43,3076,1545,1531
050,16,027,"Idaho","Canyon County",3,44,3055,1544,1511
050,16,027,"Idaho","Canyon County",3,45,2839,1444,1395
050,16,027,"Idaho","Canyon County",3,46,2889,1479,1410
050,16,027,"Idaho","Canyon County",3,47,2733,1380,1353
050,16,027,"Idaho","Canyon County",3,48,2594,1290,1304
050,16,027,"Idaho","Canyon County",3,49,2785,1388,1397
050,16,027,"Idaho","Canyon County",3,50,2897,1467,1430
050,16,027,"Idaho","Canyon County",3,51,2838,1469,1369
050,16,027,"Idaho","Canyon County",3,52,2738,1417,1321
050,16,027,"Idaho","Canyon County",3,53,2601,1312,1289
050,16,027,"Idaho","Canyon County",3,54,2564,1287,1277
050,16,027,"Idaho","Canyon County",3,55,2545,1295,1250
050,16,027,"Idaho","Canyon County",3,56,2649,1301,1348
050,16,027,"Idaho","Canyon County",3,57,2707,1329,1378
050,16,027,"Idaho","Canyon County",3,58,2806,1366,1440
050,16,027,"Idaho","Canyon County",3,59,2809,1344,1465
050,16,027,"Idaho","Canyon County",3,60,2694,1295,1399
050,16,027,"Idaho","Canyon County",3,61,2632,1283,1349
050,16,027,"Idaho","Canyon County",3,62,2620,1270,1350
050,16,027,"Idaho","Canyon County",3,63,2560,1205,1355
050,16,027,"Idaho","Canyon County",3,64,2666,1304,1362
050,16,027,"Idaho","Canyon County",3,65,2489,1182,1307
050,16,027,"Idaho","Canyon County",3,66,2359,1145,1214
050,16,027,"Idaho","Canyon County",3,67,2346,1136,1210
050,16,027,"Idaho","Canyon County",3,68,2292,1101,1191
050,16,027,"Idaho","Canyon County",3,69,2279,1077,1202
050,16,027,"Idaho","Canyon County",3,70,2090,971,1119
050,16,027,"Idaho","Canyon County",3,71,1987,935,1052
050,16,027,"Idaho","Canyon County",3,72,1928,932,996
050,16,027,"Idaho","Canyon County",3,73,1860,885,975
050,16,027,"Idaho","Canyon County",3,74,1996,974,1022
050,16,027,"Idaho","Canyon County",3,75,1429,667,762
050,16,027,"Idaho","Canyon County",3,76,1391,654,737
050,16,027,"Idaho","Canyon County",3,77,1336,633,703
050,16,027,"Idaho","Canyon County",3,78,1290,595,695
050,16,027,"Idaho","Canyon County",3,79,1062,492,570
050,16,027,"Idaho","Canyon County",3,80,974,460,514
050,16,027,"Idaho","Canyon County",3,81,831,383,448
050,16,027,"Idaho","Canyon County",3,82,725,326,399
050,16,027,"Idaho","Canyon County",3,83,653,299,354
050,16,027,"Idaho","Canyon County",3,84,547,235,312
050,16,027,"Idaho","Canyon County",3,85,3059,1172,1887
050,16,027,"Idaho","Canyon County",4,0,3295,1684,1611
050,16,027,"Idaho","Canyon County",4,1,3286,1743,1543
050,16,027,"Idaho","Canyon County",4,2,3369,1731,1638
050,16,027,"Idaho","Canyon County",4,3,3358,1740,1618
050,16,027,"Idaho","Canyon County",4,4,3442,1797,1645
050,16,027,"Idaho","Canyon County",4,5,3627,1880,1747
050,16,027,"Idaho","Canyon County",4,6,3799,1970,1829
050,16,027,"Idaho","Canyon County",4,7,3909,1974,1935
050,16,027,"Idaho","Canyon County",4,8,3827,1916,1911
050,16,027,"Idaho","Canyon County",4,9,3725,1877,1848
050,16,027,"Idaho","Canyon County",4,10,3691,1877,1814
050,16,027,"Idaho","Canyon County",4,11,3752,1885,1867
050,16,027,"Idaho","Canyon County",4,12,3832,1958,1874
050,16,027,"Idaho","Canyon County",4,13,3882,1967,1915
050,16,027,"Idaho","Canyon County",4,14,4139,2137,2002
050,16,027,"Idaho","Canyon County",4,15,4140,2124,2016
050,16,027,"Idaho","Canyon County",4,16,3962,2029,1933
050,16,027,"Idaho","Canyon County",4,17,3938,2028,1910
050,16,027,"Idaho","Canyon County",4,18,3558,1833,1725
050,16,027,"Idaho","Canyon County",4,19,3281,1712,1569
050,16,027,"Idaho","Canyon County",4,20,3208,1646,1562
050,16,027,"Idaho","Canyon County",4,21,3275,1678,1597
050,16,027,"Idaho","Canyon County",4,22,3230,1626,1604
050,16,027,"Idaho","Canyon County",4,23,3297,1628,1669
050,16,027,"Idaho","Canyon County",4,24,3427,1749,1678
050,16,027,"Idaho","Canyon County",4,25,3438,1756,1682
050,16,027,"Idaho","Canyon County",4,26,3482,1750,1732
050,16,027,"Idaho","Canyon County",4,27,3416,1739,1677
050,16,027,"Idaho","Canyon County",4,28,3482,1725,1757
050,16,027,"Idaho","Canyon County",4,29,3588,1812,1776
050,16,027,"Idaho","Canyon County",4,30,3662,1848,1814
050,16,027,"Idaho","Canyon County",4,31,3664,1777,1887
050,16,027,"Idaho","Canyon County",4,32,3653,1801,1852
050,16,027,"Idaho","Canyon County",4,33,3503,1738,1765
050,16,027,"Idaho","Canyon County",4,34,3441,1685,1756
050,16,027,"Idaho","Canyon County",4,35,3437,1741,1696
050,16,027,"Idaho","Canyon County",4,36,3418,1713,1705
050,16,027,"Idaho","Canyon County",4,37,3377,1673,1704
050,16,027,"Idaho","Canyon County",4,38,3297,1660,1637
050,16,027,"Idaho","Canyon County",4,39,3310,1654,1656
050,16,027,"Idaho","Canyon County",4,40,3346,1675,1671
050,16,027,"Idaho","Canyon County",4,41,3355,1716,1639
050,16,027,"Idaho","Canyon County",4,42,3330,1707,1623
050,16,027,"Idaho","Canyon County",4,43,3182,1579,1603
050,16,027,"Idaho","Canyon County",4,44,3088,1561,1527
050,16,027,"Idaho","Canyon County",4,45,3103,1592,1511
050,16,027,"Idaho","Canyon County",4,46,2910,1460,1450
050,16,027,"Idaho","Canyon County",4,47,2949,1499,1450
050,16,027,"Idaho","Canyon County",4,48,2731,1374,1357
050,16,027,"Idaho","Canyon County",4,49,2663,1323,1340
050,16,027,"Idaho","Canyon County",4,50,2824,1390,1434
050,16,027,"Idaho","Canyon County",4,51,2956,1484,1472
050,16,027,"Idaho","Canyon County",4,52,2895,1493,1402
050,16,027,"Idaho","Canyon County",4,53,2832,1442,1390
050,16,027,"Idaho","Canyon County",4,54,2696,1366,1330
050,16,027,"Idaho","Canyon County",4,55,2563,1303,1260
050,16,027,"Idaho","Canyon County",4,56,2601,1300,1301
050,16,027,"Idaho","Canyon County",4,57,2725,1350,1375
050,16,027,"Idaho","Canyon County",4,58,2816,1370,1446
050,16,027,"Idaho","Canyon County",4,59,2858,1402,1456
050,16,027,"Idaho","Canyon County",4,60,2885,1382,1503
050,16,027,"Idaho","Canyon County",4,61,2751,1312,1439
050,16,027,"Idaho","Canyon County",4,62,2681,1291,1390
050,16,027,"Idaho","Canyon County",4,63,2676,1286,1390
050,16,027,"Idaho","Canyon County",4,64,2614,1219,1395
050,16,027,"Idaho","Canyon County",4,65,2692,1321,1371
050,16,027,"Idaho","Canyon County",4,66,2515,1178,1337
050,16,027,"Idaho","Canyon County",4,67,2383,1159,1224
050,16,027,"Idaho","Canyon County",4,68,2340,1137,1203
050,16,027,"Idaho","Canyon County",4,69,2277,1077,1200
050,16,027,"Idaho","Canyon County",4,70,2284,1078,1206
050,16,027,"Idaho","Canyon County",4,71,2070,958,1112
050,16,027,"Idaho","Canyon County",4,72,1952,911,1041
050,16,027,"Idaho","Canyon County",4,73,1900,913,987
050,16,027,"Idaho","Canyon County",4,74,1802,856,946
050,16,027,"Idaho","Canyon County",4,75,1973,954,1019
050,16,027,"Idaho","Canyon County",4,76,1387,642,745
050,16,027,"Idaho","Canyon County",4,77,1351,623,728
050,16,027,"Idaho","Canyon County",4,78,1287,601,686
050,16,027,"Idaho","Canyon County",4,79,1236,574,662
050,16,027,"Idaho","Canyon County",4,80,1026,472,554
050,16,027,"Idaho","Canyon County",4,81,893,420,473
050,16,027,"Idaho","Canyon County",4,82,765,358,407
050,16,027,"Idaho","Canyon County",4,83,674,299,375
050,16,027,"Idaho","Canyon County",4,84,621,282,339
050,16,027,"Idaho","Canyon County",4,85,3017,1151,1866
050,16,027,"Idaho","Canyon County",5,0,3319,1699,1620
050,16,027,"Idaho","Canyon County",5,1,3411,1751,1660
050,16,027,"Idaho","Canyon County",5,2,3435,1823,1612
050,16,027,"Idaho","Canyon County",5,3,3453,1754,1699
050,16,027,"Idaho","Canyon County",5,4,3457,1768,1689
050,16,027,"Idaho","Canyon County",5,5,3563,1823,1740
050,16,027,"Idaho","Canyon County",5,6,3705,1914,1791
050,16,027,"Idaho","Canyon County",5,7,3928,2016,1912
050,16,027,"Idaho","Canyon County",5,8,3969,2015,1954
050,16,027,"Idaho","Canyon County",5,9,3910,1965,1945
050,16,027,"Idaho","Canyon County",5,10,3790,1908,1882
050,16,027,"Idaho","Canyon County",5,11,3724,1880,1844
050,16,027,"Idaho","Canyon County",5,12,3812,1905,1907
050,16,027,"Idaho","Canyon County",5,13,3878,1996,1882
050,16,027,"Idaho","Canyon County",5,14,3960,2030,1930
050,16,027,"Idaho","Canyon County",5,15,4213,2160,2053
050,16,027,"Idaho","Canyon County",5,16,4211,2193,2018
050,16,027,"Idaho","Canyon County",5,17,4007,2066,1941
050,16,027,"Idaho","Canyon County",5,18,3667,1888,1779
050,16,027,"Idaho","Canyon County",5,19,3461,1781,1680
050,16,027,"Idaho","Canyon County",5,20,3305,1751,1554
050,16,027,"Idaho","Canyon County",5,21,3354,1760,1594
050,16,027,"Idaho","Canyon County",5,22,3432,1756,1676
050,16,027,"Idaho","Canyon County",5,23,3377,1639,1738
050,16,027,"Idaho","Canyon County",5,24,3405,1683,1722
050,16,027,"Idaho","Canyon County",5,25,3520,1838,1682
050,16,027,"Idaho","Canyon County",5,26,3517,1813,1704
050,16,027,"Idaho","Canyon County",5,27,3595,1801,1794
050,16,027,"Idaho","Canyon County",5,28,3536,1799,1737
050,16,027,"Idaho","Canyon County",5,29,3591,1783,1808
050,16,027,"Idaho","Canyon County",5,30,3694,1862,1832
050,16,027,"Idaho","Canyon County",5,31,3773,1924,1849
050,16,027,"Idaho","Canyon County",5,32,3754,1850,1904
050,16,027,"Idaho","Canyon County",5,33,3768,1843,1925
050,16,027,"Idaho","Canyon County",5,34,3569,1790,1779
050,16,027,"Idaho","Canyon County",5,35,3550,1754,1796
050,16,027,"Idaho","Canyon County",5,36,3592,1817,1775
050,16,027,"Idaho","Canyon County",5,37,3552,1772,1780
050,16,027,"Idaho","Canyon County",5,38,3501,1753,1748
050,16,027,"Idaho","Canyon County",5,39,3404,1721,1683
050,16,027,"Idaho","Canyon County",5,40,3418,1723,1695
050,16,027,"Idaho","Canyon County",5,41,3447,1734,1713
050,16,027,"Idaho","Canyon County",5,42,3395,1738,1657
050,16,027,"Idaho","Canyon County",5,43,3407,1754,1653
050,16,027,"Idaho","Canyon County",5,44,3233,1598,1635
050,16,027,"Idaho","Canyon County",5,45,3154,1615,1539
050,16,027,"Idaho","Canyon County",5,46,3192,1640,1552
050,16,027,"Idaho","Canyon County",5,47,2942,1481,1461
050,16,027,"Idaho","Canyon County",5,48,3002,1510,1492
050,16,027,"Idaho","Canyon County",5,49,2789,1408,1381
050,16,027,"Idaho","Canyon County",5,50,2739,1362,1377
050,16,027,"Idaho","Canyon County",5,51,2825,1399,1426
050,16,027,"Idaho","Canyon County",5,52,3016,1525,1491
050,16,027,"Idaho","Canyon County",5,53,2922,1496,1426
050,16,027,"Idaho","Canyon County",5,54,2865,1459,1406
050,16,027,"Idaho","Canyon County",5,55,2730,1372,1358
050,16,027,"Idaho","Canyon County",5,56,2607,1338,1269
050,16,027,"Idaho","Canyon County",5,57,2672,1334,1338
050,16,027,"Idaho","Canyon County",5,58,2778,1380,1398
050,16,027,"Idaho","Canyon County",5,59,2853,1392,1461
050,16,027,"Idaho","Canyon County",5,60,2909,1401,1508
050,16,027,"Idaho","Canyon County",5,61,2921,1400,1521
050,16,027,"Idaho","Canyon County",5,62,2834,1357,1477
050,16,027,"Idaho","Canyon County",5,63,2733,1328,1405
050,16,027,"Idaho","Canyon County",5,64,2712,1304,1408
050,16,027,"Idaho","Canyon County",5,65,2684,1258,1426
050,16,027,"Idaho","Canyon County",5,66,2658,1297,1361
050,16,027,"Idaho","Canyon County",5,67,2520,1188,1332
050,16,027,"Idaho","Canyon County",5,68,2397,1158,1239
050,16,027,"Idaho","Canyon County",5,69,2303,1097,1206
050,16,027,"Idaho","Canyon County",5,70,2284,1084,1200
050,16,027,"Idaho","Canyon County",5,71,2223,1047,1176
050,16,027,"Idaho","Canyon County",5,72,2050,953,1097
050,16,027,"Idaho","Canyon County",5,73,1911,869,1042
050,16,027,"Idaho","Canyon County",5,74,1840,882,958
050,16,027,"Idaho","Canyon County",5,75,1767,825,942
050,16,027,"Idaho","Canyon County",5,76,1941,933,1008
050,16,027,"Idaho","Canyon County",5,77,1338,612,726
050,16,027,"Idaho","Canyon County",5,78,1307,607,700
050,16,027,"Idaho","Canyon County",5,79,1241,579,662
050,16,027,"Idaho","Canyon County",5,80,1207,563,644
050,16,027,"Idaho","Canyon County",5,81,949,432,517
050,16,027,"Idaho","Canyon County",5,82,847,398,449
050,16,027,"Idaho","Canyon County",5,83,719,327,392
050,16,027,"Idaho","Canyon County",5,84,644,278,366
050,16,027,"Idaho","Canyon County",5,85,3087,1207,1880
050,16,029,"Idaho","Caribou County",1,0,88,44,44
050,16,029,"Idaho","Caribou County",1,1,91,43,48
050,16,029,"Idaho","Caribou County",1,2,90,45,45
050,16,029,"Idaho","Caribou County",1,3,97,56,41
050,16,029,"Idaho","Caribou County",1,4,113,61,52
050,16,029,"Idaho","Caribou County",1,5,99,46,53
050,16,029,"Idaho","Caribou County",1,6,100,49,51
050,16,029,"Idaho","Caribou County",1,7,121,62,59
050,16,029,"Idaho","Caribou County",1,8,105,63,42
050,16,029,"Idaho","Caribou County",1,9,123,66,57
050,16,029,"Idaho","Caribou County",1,10,128,66,62
050,16,029,"Idaho","Caribou County",1,11,110,56,54
050,16,029,"Idaho","Caribou County",1,12,145,69,76
050,16,029,"Idaho","Caribou County",1,13,119,50,69
050,16,029,"Idaho","Caribou County",1,14,116,53,63
050,16,029,"Idaho","Caribou County",1,15,120,60,60
050,16,029,"Idaho","Caribou County",1,16,114,61,53
050,16,029,"Idaho","Caribou County",1,17,128,62,66
050,16,029,"Idaho","Caribou County",1,18,98,54,44
050,16,029,"Idaho","Caribou County",1,19,64,37,27
050,16,029,"Idaho","Caribou County",1,20,71,42,29
050,16,029,"Idaho","Caribou County",1,21,66,37,29
050,16,029,"Idaho","Caribou County",1,22,64,34,30
050,16,029,"Idaho","Caribou County",1,23,70,36,34
050,16,029,"Idaho","Caribou County",1,24,84,46,38
050,16,029,"Idaho","Caribou County",1,25,62,34,28
050,16,029,"Idaho","Caribou County",1,26,62,33,29
050,16,029,"Idaho","Caribou County",1,27,68,33,35
050,16,029,"Idaho","Caribou County",1,28,64,28,36
050,16,029,"Idaho","Caribou County",1,29,77,39,38
050,16,029,"Idaho","Caribou County",1,30,71,35,36
050,16,029,"Idaho","Caribou County",1,31,80,44,36
050,16,029,"Idaho","Caribou County",1,32,75,35,40
050,16,029,"Idaho","Caribou County",1,33,83,40,43
050,16,029,"Idaho","Caribou County",1,34,88,42,46
050,16,029,"Idaho","Caribou County",1,35,93,50,43
050,16,029,"Idaho","Caribou County",1,36,99,63,36
050,16,029,"Idaho","Caribou County",1,37,91,51,40
050,16,029,"Idaho","Caribou County",1,38,97,49,48
050,16,029,"Idaho","Caribou County",1,39,90,45,45
050,16,029,"Idaho","Caribou County",1,40,96,46,50
050,16,029,"Idaho","Caribou County",1,41,118,62,56
050,16,029,"Idaho","Caribou County",1,42,116,67,49
050,16,029,"Idaho","Caribou County",1,43,91,51,40
050,16,029,"Idaho","Caribou County",1,44,77,43,34
050,16,029,"Idaho","Caribou County",1,45,69,39,30
050,16,029,"Idaho","Caribou County",1,46,79,45,34
050,16,029,"Idaho","Caribou County",1,47,72,39,33
050,16,029,"Idaho","Caribou County",1,48,71,35,36
050,16,029,"Idaho","Caribou County",1,49,72,39,33
050,16,029,"Idaho","Caribou County",1,50,71,40,31
050,16,029,"Idaho","Caribou County",1,51,65,33,32
050,16,029,"Idaho","Caribou County",1,52,70,32,38
050,16,029,"Idaho","Caribou County",1,53,78,37,41
050,16,029,"Idaho","Caribou County",1,54,73,36,37
050,16,029,"Idaho","Caribou County",1,55,74,32,42
050,16,029,"Idaho","Caribou County",1,56,83,44,39
050,16,029,"Idaho","Caribou County",1,57,74,35,39
050,16,029,"Idaho","Caribou County",1,58,86,45,41
050,16,029,"Idaho","Caribou County",1,59,90,51,39
050,16,029,"Idaho","Caribou County",1,60,87,46,41
050,16,029,"Idaho","Caribou County",1,61,96,45,51
050,16,029,"Idaho","Caribou County",1,62,89,47,42
050,16,029,"Idaho","Caribou County",1,63,82,49,33
050,16,029,"Idaho","Caribou County",1,64,97,55,42
050,16,029,"Idaho","Caribou County",1,65,85,45,40
050,16,029,"Idaho","Caribou County",1,66,76,34,42
050,16,029,"Idaho","Caribou County",1,67,81,38,43
050,16,029,"Idaho","Caribou County",1,68,76,39,37
050,16,029,"Idaho","Caribou County",1,69,75,38,37
050,16,029,"Idaho","Caribou County",1,70,78,39,39
050,16,029,"Idaho","Caribou County",1,71,69,38,31
050,16,029,"Idaho","Caribou County",1,72,59,31,28
050,16,029,"Idaho","Caribou County",1,73,65,29,36
050,16,029,"Idaho","Caribou County",1,74,49,17,32
050,16,029,"Idaho","Caribou County",1,75,52,25,27
050,16,029,"Idaho","Caribou County",1,76,48,26,22
050,16,029,"Idaho","Caribou County",1,77,49,22,27
050,16,029,"Idaho","Caribou County",1,78,46,22,24
050,16,029,"Idaho","Caribou County",1,79,48,24,24
050,16,029,"Idaho","Caribou County",1,80,36,18,18
050,16,029,"Idaho","Caribou County",1,81,28,12,16
050,16,029,"Idaho","Caribou County",1,82,24,9,15
050,16,029,"Idaho","Caribou County",1,83,20,8,12
050,16,029,"Idaho","Caribou County",1,84,21,6,15
050,16,029,"Idaho","Caribou County",1,85,142,54,88
050,16,029,"Idaho","Caribou County",2,0,85,39,46
050,16,029,"Idaho","Caribou County",2,1,89,43,46
050,16,029,"Idaho","Caribou County",2,2,89,44,45
050,16,029,"Idaho","Caribou County",2,3,96,54,42
050,16,029,"Idaho","Caribou County",2,4,109,60,49
050,16,029,"Idaho","Caribou County",2,5,102,49,53
050,16,029,"Idaho","Caribou County",2,6,99,48,51
050,16,029,"Idaho","Caribou County",2,7,114,57,57
050,16,029,"Idaho","Caribou County",2,8,107,61,46
050,16,029,"Idaho","Caribou County",2,9,120,65,55
050,16,029,"Idaho","Caribou County",2,10,124,64,60
050,16,029,"Idaho","Caribou County",2,11,114,58,56
050,16,029,"Idaho","Caribou County",2,12,137,65,72
050,16,029,"Idaho","Caribou County",2,13,126,55,71
050,16,029,"Idaho","Caribou County",2,14,118,54,64
050,16,029,"Idaho","Caribou County",2,15,119,58,61
050,16,029,"Idaho","Caribou County",2,16,116,61,55
050,16,029,"Idaho","Caribou County",2,17,123,60,63
050,16,029,"Idaho","Caribou County",2,18,95,52,43
050,16,029,"Idaho","Caribou County",2,19,67,38,29
050,16,029,"Idaho","Caribou County",2,20,70,41,29
050,16,029,"Idaho","Caribou County",2,21,66,37,29
050,16,029,"Idaho","Caribou County",2,22,67,36,31
050,16,029,"Idaho","Caribou County",2,23,70,36,34
050,16,029,"Idaho","Caribou County",2,24,80,44,36
050,16,029,"Idaho","Caribou County",2,25,67,37,30
050,16,029,"Idaho","Caribou County",2,26,65,35,30
050,16,029,"Idaho","Caribou County",2,27,69,33,36
050,16,029,"Idaho","Caribou County",2,28,65,30,35
050,16,029,"Idaho","Caribou County",2,29,75,37,38
050,16,029,"Idaho","Caribou County",2,30,72,36,36
050,16,029,"Idaho","Caribou County",2,31,78,42,36
050,16,029,"Idaho","Caribou County",2,32,77,38,39
050,16,029,"Idaho","Caribou County",2,33,82,39,43
050,16,029,"Idaho","Caribou County",2,34,87,41,46
050,16,029,"Idaho","Caribou County",2,35,93,49,44
050,16,029,"Idaho","Caribou County",2,36,96,59,37
050,16,029,"Idaho","Caribou County",2,37,94,55,39
050,16,029,"Idaho","Caribou County",2,38,94,49,45
050,16,029,"Idaho","Caribou County",2,39,91,46,45
050,16,029,"Idaho","Caribou County",2,40,95,46,49
050,16,029,"Idaho","Caribou County",2,41,112,58,54
050,16,029,"Idaho","Caribou County",2,42,116,66,50
050,16,029,"Idaho","Caribou County",2,43,98,55,43
050,16,029,"Idaho","Caribou County",2,44,79,44,35
050,16,029,"Idaho","Caribou County",2,45,71,41,30
050,16,029,"Idaho","Caribou County",2,46,77,44,33
050,16,029,"Idaho","Caribou County",2,47,73,40,33
050,16,029,"Idaho","Caribou County",2,48,71,36,35
050,16,029,"Idaho","Caribou County",2,49,73,39,34
050,16,029,"Idaho","Caribou County",2,50,72,40,32
050,16,029,"Idaho","Caribou County",2,51,66,34,32
050,16,029,"Idaho","Caribou County",2,52,67,30,37
050,16,029,"Idaho","Caribou County",2,53,77,37,40
050,16,029,"Idaho","Caribou County",2,54,75,36,39
050,16,029,"Idaho","Caribou County",2,55,75,34,41
050,16,029,"Idaho","Caribou County",2,56,80,40,40
050,16,029,"Idaho","Caribou County",2,57,76,37,39
050,16,029,"Idaho","Caribou County",2,58,84,43,41
050,16,029,"Idaho","Caribou County",2,59,89,50,39
050,16,029,"Idaho","Caribou County",2,60,87,47,40
050,16,029,"Idaho","Caribou County",2,61,94,46,48
050,16,029,"Idaho","Caribou County",2,62,89,47,42
050,16,029,"Idaho","Caribou County",2,63,85,49,36
050,16,029,"Idaho","Caribou County",2,64,93,53,40
050,16,029,"Idaho","Caribou County",2,65,87,47,40
050,16,029,"Idaho","Caribou County",2,66,77,35,42
050,16,029,"Idaho","Caribou County",2,67,79,36,43
050,16,029,"Idaho","Caribou County",2,68,77,39,38
050,16,029,"Idaho","Caribou County",2,69,76,38,38
050,16,029,"Idaho","Caribou County",2,70,76,38,38
050,16,029,"Idaho","Caribou County",2,71,71,39,32
050,16,029,"Idaho","Caribou County",2,72,62,33,29
050,16,029,"Idaho","Caribou County",2,73,66,31,35
050,16,029,"Idaho","Caribou County",2,74,49,17,32
050,16,029,"Idaho","Caribou County",2,75,51,23,28
050,16,029,"Idaho","Caribou County",2,76,49,26,23
050,16,029,"Idaho","Caribou County",2,77,49,23,26
050,16,029,"Idaho","Caribou County",2,78,45,22,23
050,16,029,"Idaho","Caribou County",2,79,45,22,23
050,16,029,"Idaho","Caribou County",2,80,37,18,19
050,16,029,"Idaho","Caribou County",2,81,30,13,17
050,16,029,"Idaho","Caribou County",2,82,22,8,14
050,16,029,"Idaho","Caribou County",2,83,20,8,12
050,16,029,"Idaho","Caribou County",2,84,21,6,15
050,16,029,"Idaho","Caribou County",2,85,143,54,89
050,16,029,"Idaho","Caribou County",3,0,92,38,54
050,16,029,"Idaho","Caribou County",3,1,81,39,42
050,16,029,"Idaho","Caribou County",3,2,95,43,52
050,16,029,"Idaho","Caribou County",3,3,97,47,50
050,16,029,"Idaho","Caribou County",3,4,105,60,45
050,16,029,"Idaho","Caribou County",3,5,107,58,49
050,16,029,"Idaho","Caribou County",3,6,105,50,55
050,16,029,"Idaho","Caribou County",3,7,105,49,56
050,16,029,"Idaho","Caribou County",3,8,114,55,59
050,16,029,"Idaho","Caribou County",3,9,112,61,51
050,16,029,"Idaho","Caribou County",3,10,121,64,57
050,16,029,"Idaho","Caribou County",3,11,119,59,60
050,16,029,"Idaho","Caribou County",3,12,115,63,52
050,16,029,"Idaho","Caribou County",3,13,142,68,74
050,16,029,"Idaho","Caribou County",3,14,131,59,72
050,16,029,"Idaho","Caribou County",3,15,119,53,66
050,16,029,"Idaho","Caribou County",3,16,120,62,58
050,16,029,"Idaho","Caribou County",3,17,114,61,53
050,16,029,"Idaho","Caribou County",3,18,105,51,54
050,16,029,"Idaho","Caribou County",3,19,72,40,32
050,16,029,"Idaho","Caribou County",3,20,78,44,34
050,16,029,"Idaho","Caribou County",3,21,69,38,31
050,16,029,"Idaho","Caribou County",3,22,71,44,27
050,16,029,"Idaho","Caribou County",3,23,75,44,31
050,16,029,"Idaho","Caribou County",3,24,72,38,34
050,16,029,"Idaho","Caribou County",3,25,77,37,40
050,16,029,"Idaho","Caribou County",3,26,67,36,31
050,16,029,"Idaho","Caribou County",3,27,68,38,30
050,16,029,"Idaho","Caribou County",3,28,67,32,35
050,16,029,"Idaho","Caribou County",3,29,68,31,37
050,16,029,"Idaho","Caribou County",3,30,74,41,33
050,16,029,"Idaho","Caribou County",3,31,71,36,35
050,16,029,"Idaho","Caribou County",3,32,84,41,43
050,16,029,"Idaho","Caribou County",3,33,82,41,41
050,16,029,"Idaho","Caribou County",3,34,86,45,41
050,16,029,"Idaho","Caribou County",3,35,92,42,50
050,16,029,"Idaho","Caribou County",3,36,96,52,44
050,16,029,"Idaho","Caribou County",3,37,102,58,44
050,16,029,"Idaho","Caribou County",3,38,94,51,43
050,16,029,"Idaho","Caribou County",3,39,97,52,45
050,16,029,"Idaho","Caribou County",3,40,88,46,42
050,16,029,"Idaho","Caribou County",3,41,96,46,50
050,16,029,"Idaho","Caribou County",3,42,115,57,58
050,16,029,"Idaho","Caribou County",3,43,118,66,52
050,16,029,"Idaho","Caribou County",3,44,100,57,43
050,16,029,"Idaho","Caribou County",3,45,81,46,35
050,16,029,"Idaho","Caribou County",3,46,73,42,31
050,16,029,"Idaho","Caribou County",3,47,73,43,30
050,16,029,"Idaho","Caribou County",3,48,71,39,32
050,16,029,"Idaho","Caribou County",3,49,75,34,41
050,16,029,"Idaho","Caribou County",3,50,81,44,37
050,16,029,"Idaho","Caribou County",3,51,65,35,30
050,16,029,"Idaho","Caribou County",3,52,67,35,32
050,16,029,"Idaho","Caribou County",3,53,65,31,34
050,16,029,"Idaho","Caribou County",3,54,77,35,42
050,16,029,"Idaho","Caribou County",3,55,70,32,38
050,16,029,"Idaho","Caribou County",3,56,76,37,39
050,16,029,"Idaho","Caribou County",3,57,76,39,37
050,16,029,"Idaho","Caribou County",3,58,76,34,42
050,16,029,"Idaho","Caribou County",3,59,90,48,42
050,16,029,"Idaho","Caribou County",3,60,84,48,36
050,16,029,"Idaho","Caribou County",3,61,88,44,44
050,16,029,"Idaho","Caribou County",3,62,94,46,48
050,16,029,"Idaho","Caribou County",3,63,83,45,38
050,16,029,"Idaho","Caribou County",3,64,83,46,37
050,16,029,"Idaho","Caribou County",3,65,95,54,41
050,16,029,"Idaho","Caribou County",3,66,85,46,39
050,16,029,"Idaho","Caribou County",3,67,75,35,40
050,16,029,"Idaho","Caribou County",3,68,79,36,43
050,16,029,"Idaho","Caribou County",3,69,77,39,38
050,16,029,"Idaho","Caribou County",3,70,77,39,38
050,16,029,"Idaho","Caribou County",3,71,74,38,36
050,16,029,"Idaho","Caribou County",3,72,68,40,28
050,16,029,"Idaho","Caribou County",3,73,65,36,29
050,16,029,"Idaho","Caribou County",3,74,69,33,36
050,16,029,"Idaho","Caribou County",3,75,47,14,33
050,16,029,"Idaho","Caribou County",3,76,48,22,26
050,16,029,"Idaho","Caribou County",3,77,48,25,23
050,16,029,"Idaho","Caribou County",3,78,51,23,28
050,16,029,"Idaho","Caribou County",3,79,39,20,19
050,16,029,"Idaho","Caribou County",3,80,42,20,22
050,16,029,"Idaho","Caribou County",3,81,36,16,20
050,16,029,"Idaho","Caribou County",3,82,25,10,15
050,16,029,"Idaho","Caribou County",3,83,20,7,13
050,16,029,"Idaho","Caribou County",3,84,19,6,13
050,16,029,"Idaho","Caribou County",3,85,144,49,95
050,16,029,"Idaho","Caribou County",4,0,89,47,42
050,16,029,"Idaho","Caribou County",4,1,96,37,59
050,16,029,"Idaho","Caribou County",4,2,93,44,49
050,16,029,"Idaho","Caribou County",4,3,98,44,54
050,16,029,"Idaho","Caribou County",4,4,102,50,52
050,16,029,"Idaho","Caribou County",4,5,108,60,48
050,16,029,"Idaho","Caribou County",4,6,110,58,52
050,16,029,"Idaho","Caribou County",4,7,114,53,61
050,16,029,"Idaho","Caribou County",4,8,98,45,53
050,16,029,"Idaho","Caribou County",4,9,118,60,58
050,16,029,"Idaho","Caribou County",4,10,108,55,53
050,16,029,"Idaho","Caribou County",4,11,119,63,56
050,16,029,"Idaho","Caribou County",4,12,116,56,60
050,16,029,"Idaho","Caribou County",4,13,113,60,53
050,16,029,"Idaho","Caribou County",4,14,133,64,69
050,16,029,"Idaho","Caribou County",4,15,133,61,72
050,16,029,"Idaho","Caribou County",4,16,122,60,62
050,16,029,"Idaho","Caribou County",4,17,122,67,55
050,16,029,"Idaho","Caribou County",4,18,94,55,39
050,16,029,"Idaho","Caribou County",4,19,78,42,36
050,16,029,"Idaho","Caribou County",4,20,76,44,32
050,16,029,"Idaho","Caribou County",4,21,75,38,37
050,16,029,"Idaho","Caribou County",4,22,82,40,42
050,16,029,"Idaho","Caribou County",4,23,77,46,31
050,16,029,"Idaho","Caribou County",4,24,76,47,29
050,16,029,"Idaho","Caribou County",4,25,77,42,35
050,16,029,"Idaho","Caribou County",4,26,78,39,39
050,16,029,"Idaho","Caribou County",4,27,70,34,36
050,16,029,"Idaho","Caribou County",4,28,70,39,31
050,16,029,"Idaho","Caribou County",4,29,72,35,37
050,16,029,"Idaho","Caribou County",4,30,74,32,42
050,16,029,"Idaho","Caribou County",4,31,81,43,38
050,16,029,"Idaho","Caribou County",4,32,78,41,37
050,16,029,"Idaho","Caribou County",4,33,89,44,45
050,16,029,"Idaho","Caribou County",4,34,83,40,43
050,16,029,"Idaho","Caribou County",4,35,95,46,49
050,16,029,"Idaho","Caribou County",4,36,91,39,52
050,16,029,"Idaho","Caribou County",4,37,92,49,43
050,16,029,"Idaho","Caribou County",4,38,99,59,40
050,16,029,"Idaho","Caribou County",4,39,95,51,44
050,16,029,"Idaho","Caribou County",4,40,103,54,49
050,16,029,"Idaho","Caribou County",4,41,88,46,42
050,16,029,"Idaho","Caribou County",4,42,100,48,52
050,16,029,"Idaho","Caribou County",4,43,118,61,57
050,16,029,"Idaho","Caribou County",4,44,114,67,47
050,16,029,"Idaho","Caribou County",4,45,96,56,40
050,16,029,"Idaho","Caribou County",4,46,79,45,34
050,16,029,"Idaho","Caribou County",4,47,76,45,31
050,16,029,"Idaho","Caribou County",4,48,70,41,29
050,16,029,"Idaho","Caribou County",4,49,73,41,32
050,16,029,"Idaho","Caribou County",4,50,83,42,41
050,16,029,"Idaho","Caribou County",4,51,78,40,38
050,16,029,"Idaho","Caribou County",4,52,67,38,29
050,16,029,"Idaho","Caribou County",4,53,70,38,32
050,16,029,"Idaho","Caribou County",4,54,60,28,32
050,16,029,"Idaho","Caribou County",4,55,81,38,43
050,16,029,"Idaho","Caribou County",4,56,69,31,38
050,16,029,"Idaho","Caribou County",4,57,74,33,41
050,16,029,"Idaho","Caribou County",4,58,78,42,36
050,16,029,"Idaho","Caribou County",4,59,77,37,40
050,16,029,"Idaho","Caribou County",4,60,87,47,40
050,16,029,"Idaho","Caribou County",4,61,85,47,38
050,16,029,"Idaho","Caribou County",4,62,88,45,43
050,16,029,"Idaho","Caribou County",4,63,94,46,48
050,16,029,"Idaho","Caribou County",4,64,86,45,41
050,16,029,"Idaho","Caribou County",4,65,85,48,37
050,16,029,"Idaho","Caribou County",4,66,90,50,40
050,16,029,"Idaho","Caribou County",4,67,82,43,39
050,16,029,"Idaho","Caribou County",4,68,77,36,41
050,16,029,"Idaho","Caribou County",4,69,80,36,44
050,16,029,"Idaho","Caribou County",4,70,75,36,39
050,16,029,"Idaho","Caribou County",4,71,76,41,35
050,16,029,"Idaho","Caribou County",4,72,74,40,34
050,16,029,"Idaho","Caribou County",4,73,70,42,28
050,16,029,"Idaho","Caribou County",4,74,61,34,27
050,16,029,"Idaho","Caribou County",4,75,67,31,36
050,16,029,"Idaho","Caribou County",4,76,45,12,33
050,16,029,"Idaho","Caribou County",4,77,44,20,24
050,16,029,"Idaho","Caribou County",4,78,50,23,27
050,16,029,"Idaho","Caribou County",4,79,46,24,22
050,16,029,"Idaho","Caribou County",4,80,39,20,19
050,16,029,"Idaho","Caribou County",4,81,40,15,25
050,16,029,"Idaho","Caribou County",4,82,32,16,16
050,16,029,"Idaho","Caribou County",4,83,24,10,14
050,16,029,"Idaho","Caribou County",4,84,18,5,13
050,16,029,"Idaho","Caribou County",4,85,137,40,97
050,16,029,"Idaho","Caribou County",5,0,85,47,38
050,16,029,"Idaho","Caribou County",5,1,85,44,41
050,16,029,"Idaho","Caribou County",5,2,100,40,60
050,16,029,"Idaho","Caribou County",5,3,86,45,41
050,16,029,"Idaho","Caribou County",5,4,99,47,52
050,16,029,"Idaho","Caribou County",5,5,104,52,52
050,16,029,"Idaho","Caribou County",5,6,106,59,47
050,16,029,"Idaho","Caribou County",5,7,112,60,52
050,16,029,"Idaho","Caribou County",5,8,115,55,60
050,16,029,"Idaho","Caribou County",5,9,106,49,57
050,16,029,"Idaho","Caribou County",5,10,129,63,66
050,16,029,"Idaho","Caribou County",5,11,110,59,51
050,16,029,"Idaho","Caribou County",5,12,124,66,58
050,16,029,"Idaho","Caribou County",5,13,118,59,59
050,16,029,"Idaho","Caribou County",5,14,111,58,53
050,16,029,"Idaho","Caribou County",5,15,139,69,70
050,16,029,"Idaho","Caribou County",5,16,136,66,70
050,16,029,"Idaho","Caribou County",5,17,122,60,62
050,16,029,"Idaho","Caribou County",5,18,100,57,43
050,16,029,"Idaho","Caribou County",5,19,68,38,30
050,16,029,"Idaho","Caribou County",5,20,73,39,34
050,16,029,"Idaho","Caribou County",5,21,78,46,32
050,16,029,"Idaho","Caribou County",5,22,75,37,38
050,16,029,"Idaho","Caribou County",5,23,79,38,41
050,16,029,"Idaho","Caribou County",5,24,83,53,30
050,16,029,"Idaho","Caribou County",5,25,73,44,29
050,16,029,"Idaho","Caribou County",5,26,76,45,31
050,16,029,"Idaho","Caribou County",5,27,76,39,37
050,16,029,"Idaho","Caribou County",5,28,71,38,33
050,16,029,"Idaho","Caribou County",5,29,69,37,32
050,16,029,"Idaho","Caribou County",5,30,74,36,38
050,16,029,"Idaho","Caribou County",5,31,75,38,37
050,16,029,"Idaho","Caribou County",5,32,84,46,38
050,16,029,"Idaho","Caribou County",5,33,85,47,38
050,16,029,"Idaho","Caribou County",5,34,91,47,44
050,16,029,"Idaho","Caribou County",5,35,90,43,47
050,16,029,"Idaho","Caribou County",5,36,98,49,49
050,16,029,"Idaho","Caribou County",5,37,87,38,49
050,16,029,"Idaho","Caribou County",5,38,89,48,41
050,16,029,"Idaho","Caribou County",5,39,105,60,45
050,16,029,"Idaho","Caribou County",5,40,98,52,46
050,16,029,"Idaho","Caribou County",5,41,103,51,52
050,16,029,"Idaho","Caribou County",5,42,90,46,44
050,16,029,"Idaho","Caribou County",5,43,101,48,53
050,16,029,"Idaho","Caribou County",5,44,113,58,55
050,16,029,"Idaho","Caribou County",5,45,116,68,48
050,16,029,"Idaho","Caribou County",5,46,98,56,42
050,16,029,"Idaho","Caribou County",5,47,82,46,36
050,16,029,"Idaho","Caribou County",5,48,72,42,30
050,16,029,"Idaho","Caribou County",5,49,70,41,29
050,16,029,"Idaho","Caribou County",5,50,77,44,33
050,16,029,"Idaho","Caribou County",5,51,79,39,40
050,16,029,"Idaho","Caribou County",5,52,76,37,39
050,16,029,"Idaho","Caribou County",5,53,69,40,29
050,16,029,"Idaho","Caribou County",5,54,68,35,33
050,16,029,"Idaho","Caribou County",5,55,59,27,32
050,16,029,"Idaho","Caribou County",5,56,84,41,43
050,16,029,"Idaho","Caribou County",5,57,67,32,35
050,16,029,"Idaho","Caribou County",5,58,71,36,35
050,16,029,"Idaho","Caribou County",5,59,78,40,38
050,16,029,"Idaho","Caribou County",5,60,71,32,39
050,16,029,"Idaho","Caribou County",5,61,84,44,40
050,16,029,"Idaho","Caribou County",5,62,85,47,38
050,16,029,"Idaho","Caribou County",5,63,93,49,44
050,16,029,"Idaho","Caribou County",5,64,99,48,51
050,16,029,"Idaho","Caribou County",5,65,83,42,41
050,16,029,"Idaho","Caribou County",5,66,82,46,36
050,16,029,"Idaho","Caribou County",5,67,88,49,39
050,16,029,"Idaho","Caribou County",5,68,80,42,38
050,16,029,"Idaho","Caribou County",5,69,79,36,43
050,16,029,"Idaho","Caribou County",5,70,81,37,44
050,16,029,"Idaho","Caribou County",5,71,71,37,34
050,16,029,"Idaho","Caribou County",5,72,74,40,34
050,16,029,"Idaho","Caribou County",5,73,71,40,31
050,16,029,"Idaho","Caribou County",5,74,68,40,28
050,16,029,"Idaho","Caribou County",5,75,58,30,28
050,16,029,"Idaho","Caribou County",5,76,64,29,35
050,16,029,"Idaho","Caribou County",5,77,38,9,29
050,16,029,"Idaho","Caribou County",5,78,46,19,27
050,16,029,"Idaho","Caribou County",5,79,46,22,24
050,16,029,"Idaho","Caribou County",5,80,43,22,21
050,16,029,"Idaho","Caribou County",5,81,36,16,20
050,16,029,"Idaho","Caribou County",5,82,33,13,20
050,16,029,"Idaho","Caribou County",5,83,30,15,15
050,16,029,"Idaho","Caribou County",5,84,23,8,15
050,16,029,"Idaho","Caribou County",5,85,136,35,101
050,16,031,"Idaho","Cassia County",1,0,385,197,188
050,16,031,"Idaho","Cassia County",1,1,404,211,193
050,16,031,"Idaho","Cassia County",1,2,396,195,201
050,16,031,"Idaho","Cassia County",1,3,398,199,199
050,16,031,"Idaho","Cassia County",1,4,382,196,186
050,16,031,"Idaho","Cassia County",1,5,391,215,176
050,16,031,"Idaho","Cassia County",1,6,406,214,192
050,16,031,"Idaho","Cassia County",1,7,429,217,212
050,16,031,"Idaho","Cassia County",1,8,439,220,219
050,16,031,"Idaho","Cassia County",1,9,437,243,194
050,16,031,"Idaho","Cassia County",1,10,432,231,201
050,16,031,"Idaho","Cassia County",1,11,474,235,239
050,16,031,"Idaho","Cassia County",1,12,501,248,253
050,16,031,"Idaho","Cassia County",1,13,474,239,235
050,16,031,"Idaho","Cassia County",1,14,464,245,219
050,16,031,"Idaho","Cassia County",1,15,460,243,217
050,16,031,"Idaho","Cassia County",1,16,459,242,217
050,16,031,"Idaho","Cassia County",1,17,466,238,228
050,16,031,"Idaho","Cassia County",1,18,395,209,186
050,16,031,"Idaho","Cassia County",1,19,345,182,163
050,16,031,"Idaho","Cassia County",1,20,312,175,137
050,16,031,"Idaho","Cassia County",1,21,304,166,138
050,16,031,"Idaho","Cassia County",1,22,330,172,158
050,16,031,"Idaho","Cassia County",1,23,293,151,142
050,16,031,"Idaho","Cassia County",1,24,306,170,136
050,16,031,"Idaho","Cassia County",1,25,286,148,138
050,16,031,"Idaho","Cassia County",1,26,325,165,160
050,16,031,"Idaho","Cassia County",1,27,309,175,134
050,16,031,"Idaho","Cassia County",1,28,325,175,150
050,16,031,"Idaho","Cassia County",1,29,315,172,143
050,16,031,"Idaho","Cassia County",1,30,293,160,133
050,16,031,"Idaho","Cassia County",1,31,288,150,138
050,16,031,"Idaho","Cassia County",1,32,272,126,146
050,16,031,"Idaho","Cassia County",1,33,271,147,124
050,16,031,"Idaho","Cassia County",1,34,261,131,130
050,16,031,"Idaho","Cassia County",1,35,296,153,143
050,16,031,"Idaho","Cassia County",1,36,311,165,146
050,16,031,"Idaho","Cassia County",1,37,323,165,158
050,16,031,"Idaho","Cassia County",1,38,335,150,185
050,16,031,"Idaho","Cassia County",1,39,343,168,175
050,16,031,"Idaho","Cassia County",1,40,327,174,153
050,16,031,"Idaho","Cassia County",1,41,297,149,148
050,16,031,"Idaho","Cassia County",1,42,292,150,142
050,16,031,"Idaho","Cassia County",1,43,272,154,118
050,16,031,"Idaho","Cassia County",1,44,287,147,140
050,16,031,"Idaho","Cassia County",1,45,264,129,135
050,16,031,"Idaho","Cassia County",1,46,262,135,127
050,16,031,"Idaho","Cassia County",1,47,253,130,123
050,16,031,"Idaho","Cassia County",1,48,264,138,126
050,16,031,"Idaho","Cassia County",1,49,269,147,122
050,16,031,"Idaho","Cassia County",1,50,233,128,105
050,16,031,"Idaho","Cassia County",1,51,217,120,97
050,16,031,"Idaho","Cassia County",1,52,217,112,105
050,16,031,"Idaho","Cassia County",1,53,234,127,107
050,16,031,"Idaho","Cassia County",1,54,248,117,131
050,16,031,"Idaho","Cassia County",1,55,239,119,120
050,16,031,"Idaho","Cassia County",1,56,235,122,113
050,16,031,"Idaho","Cassia County",1,57,271,144,127
050,16,031,"Idaho","Cassia County",1,58,267,139,128
050,16,031,"Idaho","Cassia County",1,59,270,150,120
050,16,031,"Idaho","Cassia County",1,60,288,150,138
050,16,031,"Idaho","Cassia County",1,61,267,133,134
050,16,031,"Idaho","Cassia County",1,62,271,136,135
050,16,031,"Idaho","Cassia County",1,63,273,135,138
050,16,031,"Idaho","Cassia County",1,64,283,149,134
050,16,031,"Idaho","Cassia County",1,65,247,114,133
050,16,031,"Idaho","Cassia County",1,66,231,110,121
050,16,031,"Idaho","Cassia County",1,67,221,110,111
050,16,031,"Idaho","Cassia County",1,68,219,119,100
050,16,031,"Idaho","Cassia County",1,69,196,93,103
050,16,031,"Idaho","Cassia County",1,70,199,97,102
050,16,031,"Idaho","Cassia County",1,71,177,90,87
050,16,031,"Idaho","Cassia County",1,72,191,102,89
050,16,031,"Idaho","Cassia County",1,73,204,103,101
050,16,031,"Idaho","Cassia County",1,74,137,73,64
050,16,031,"Idaho","Cassia County",1,75,135,66,69
050,16,031,"Idaho","Cassia County",1,76,129,63,66
050,16,031,"Idaho","Cassia County",1,77,148,68,80
050,16,031,"Idaho","Cassia County",1,78,118,51,67
050,16,031,"Idaho","Cassia County",1,79,102,49,53
050,16,031,"Idaho","Cassia County",1,80,91,38,53
050,16,031,"Idaho","Cassia County",1,81,95,41,54
050,16,031,"Idaho","Cassia County",1,82,76,37,39
050,16,031,"Idaho","Cassia County",1,83,72,31,41
050,16,031,"Idaho","Cassia County",1,84,80,41,39
050,16,031,"Idaho","Cassia County",1,85,389,141,248
050,16,031,"Idaho","Cassia County",2,0,388,202,186
050,16,031,"Idaho","Cassia County",2,1,400,207,193
050,16,031,"Idaho","Cassia County",2,2,395,197,198
050,16,031,"Idaho","Cassia County",2,3,395,198,197
050,16,031,"Idaho","Cassia County",2,4,392,202,190
050,16,031,"Idaho","Cassia County",2,5,391,213,178
050,16,031,"Idaho","Cassia County",2,6,403,215,188
050,16,031,"Idaho","Cassia County",2,7,426,216,210
050,16,031,"Idaho","Cassia County",2,8,434,219,215
050,16,031,"Idaho","Cassia County",2,9,434,236,198
050,16,031,"Idaho","Cassia County",2,10,434,235,199
050,16,031,"Idaho","Cassia County",2,11,463,236,227
050,16,031,"Idaho","Cassia County",2,12,494,244,250
050,16,031,"Idaho","Cassia County",2,13,478,240,238
050,16,031,"Idaho","Cassia County",2,14,465,245,220
050,16,031,"Idaho","Cassia County",2,15,461,244,217
050,16,031,"Idaho","Cassia County",2,16,459,240,219
050,16,031,"Idaho","Cassia County",2,17,463,240,223
050,16,031,"Idaho","Cassia County",2,18,396,207,189
050,16,031,"Idaho","Cassia County",2,19,342,180,162
050,16,031,"Idaho","Cassia County",2,20,327,180,147
050,16,031,"Idaho","Cassia County",2,21,308,170,138
050,16,031,"Idaho","Cassia County",2,22,326,173,153
050,16,031,"Idaho","Cassia County",2,23,306,161,145
050,16,031,"Idaho","Cassia County",2,24,303,166,137
050,16,031,"Idaho","Cassia County",2,25,293,154,139
050,16,031,"Idaho","Cassia County",2,26,315,162,153
050,16,031,"Idaho","Cassia County",2,27,314,172,142
050,16,031,"Idaho","Cassia County",2,28,326,177,149
050,16,031,"Idaho","Cassia County",2,29,317,173,144
050,16,031,"Idaho","Cassia County",2,30,298,162,136
050,16,031,"Idaho","Cassia County",2,31,287,150,137
050,16,031,"Idaho","Cassia County",2,32,280,135,145
050,16,031,"Idaho","Cassia County",2,33,269,141,128
050,16,031,"Idaho","Cassia County",2,34,261,134,127
050,16,031,"Idaho","Cassia County",2,35,290,148,142
050,16,031,"Idaho","Cassia County",2,36,305,161,144
050,16,031,"Idaho","Cassia County",2,37,321,164,157
050,16,031,"Idaho","Cassia County",2,38,337,156,181
050,16,031,"Idaho","Cassia County",2,39,341,164,177
050,16,031,"Idaho","Cassia County",2,40,334,173,161
050,16,031,"Idaho","Cassia County",2,41,303,154,149
050,16,031,"Idaho","Cassia County",2,42,291,149,142
050,16,031,"Idaho","Cassia County",2,43,280,154,126
050,16,031,"Idaho","Cassia County",2,44,282,147,135
050,16,031,"Idaho","Cassia County",2,45,271,135,136
050,16,031,"Idaho","Cassia County",2,46,261,132,129
050,16,031,"Idaho","Cassia County",2,47,254,131,123
050,16,031,"Idaho","Cassia County",2,48,265,138,127
050,16,031,"Idaho","Cassia County",2,49,271,147,124
050,16,031,"Idaho","Cassia County",2,50,243,133,110
050,16,031,"Idaho","Cassia County",2,51,219,121,98
050,16,031,"Idaho","Cassia County",2,52,213,113,100
050,16,031,"Idaho","Cassia County",2,53,229,125,104
050,16,031,"Idaho","Cassia County",2,54,244,118,126
050,16,031,"Idaho","Cassia County",2,55,244,118,126
050,16,031,"Idaho","Cassia County",2,56,239,122,117
050,16,031,"Idaho","Cassia County",2,57,264,140,124
050,16,031,"Idaho","Cassia County",2,58,267,141,126
050,16,031,"Idaho","Cassia County",2,59,269,147,122
050,16,031,"Idaho","Cassia County",2,60,285,151,134
050,16,031,"Idaho","Cassia County",2,61,272,137,135
050,16,031,"Idaho","Cassia County",2,62,272,136,136
050,16,031,"Idaho","Cassia County",2,63,275,136,139
050,16,031,"Idaho","Cassia County",2,64,283,148,135
050,16,031,"Idaho","Cassia County",2,65,255,121,134
050,16,031,"Idaho","Cassia County",2,66,236,110,126
050,16,031,"Idaho","Cassia County",2,67,224,111,113
050,16,031,"Idaho","Cassia County",2,68,216,115,101
050,16,031,"Idaho","Cassia County",2,69,204,100,104
050,16,031,"Idaho","Cassia County",2,70,195,93,102
050,16,031,"Idaho","Cassia County",2,71,183,92,91
050,16,031,"Idaho","Cassia County",2,72,186,98,88
050,16,031,"Idaho","Cassia County",2,73,206,105,101
050,16,031,"Idaho","Cassia County",2,74,144,75,69
050,16,031,"Idaho","Cassia County",2,75,136,68,68
050,16,031,"Idaho","Cassia County",2,76,129,64,65
050,16,031,"Idaho","Cassia County",2,77,148,69,79
050,16,031,"Idaho","Cassia County",2,78,120,53,67
050,16,031,"Idaho","Cassia County",2,79,104,47,57
050,16,031,"Idaho","Cassia County",2,80,92,39,53
050,16,031,"Idaho","Cassia County",2,81,94,41,53
050,16,031,"Idaho","Cassia County",2,82,82,38,44
050,16,031,"Idaho","Cassia County",2,83,72,31,41
050,16,031,"Idaho","Cassia County",2,84,76,37,39
050,16,031,"Idaho","Cassia County",2,85,391,143,248
050,16,031,"Idaho","Cassia County",3,0,382,196,186
050,16,031,"Idaho","Cassia County",3,1,411,219,192
050,16,031,"Idaho","Cassia County",3,2,419,223,196
050,16,031,"Idaho","Cassia County",3,3,416,204,212
050,16,031,"Idaho","Cassia County",3,4,391,187,204
050,16,031,"Idaho","Cassia County",3,5,386,203,183
050,16,031,"Idaho","Cassia County",3,6,380,214,166
050,16,031,"Idaho","Cassia County",3,7,435,236,199
050,16,031,"Idaho","Cassia County",3,8,436,219,217
050,16,031,"Idaho","Cassia County",3,9,442,232,210
050,16,031,"Idaho","Cassia County",3,10,451,245,206
050,16,031,"Idaho","Cassia County",3,11,446,238,208
050,16,031,"Idaho","Cassia County",3,12,479,239,240
050,16,031,"Idaho","Cassia County",3,13,497,246,251
050,16,031,"Idaho","Cassia County",3,14,482,239,243
050,16,031,"Idaho","Cassia County",3,15,482,253,229
050,16,031,"Idaho","Cassia County",3,16,474,250,224
050,16,031,"Idaho","Cassia County",3,17,458,243,215
050,16,031,"Idaho","Cassia County",3,18,407,219,188
050,16,031,"Idaho","Cassia County",3,19,332,177,155
050,16,031,"Idaho","Cassia County",3,20,352,186,166
050,16,031,"Idaho","Cassia County",3,21,316,173,143
050,16,031,"Idaho","Cassia County",3,22,321,175,146
050,16,031,"Idaho","Cassia County",3,23,315,164,151
050,16,031,"Idaho","Cassia County",3,24,316,164,152
050,16,031,"Idaho","Cassia County",3,25,325,171,154
050,16,031,"Idaho","Cassia County",3,26,308,165,143
050,16,031,"Idaho","Cassia County",3,27,317,161,156
050,16,031,"Idaho","Cassia County",3,28,333,183,150
050,16,031,"Idaho","Cassia County",3,29,340,185,155
050,16,031,"Idaho","Cassia County",3,30,323,170,153
050,16,031,"Idaho","Cassia County",3,31,299,162,137
050,16,031,"Idaho","Cassia County",3,32,295,147,148
050,16,031,"Idaho","Cassia County",3,33,286,139,147
050,16,031,"Idaho","Cassia County",3,34,275,147,128
050,16,031,"Idaho","Cassia County",3,35,268,134,134
050,16,031,"Idaho","Cassia County",3,36,295,153,142
050,16,031,"Idaho","Cassia County",3,37,303,161,142
050,16,031,"Idaho","Cassia County",3,38,333,170,163
050,16,031,"Idaho","Cassia County",3,39,341,167,174
050,16,031,"Idaho","Cassia County",3,40,352,169,183
050,16,031,"Idaho","Cassia County",3,41,330,178,152
050,16,031,"Idaho","Cassia County",3,42,299,155,144
050,16,031,"Idaho","Cassia County",3,43,304,160,144
050,16,031,"Idaho","Cassia County",3,44,281,153,128
050,16,031,"Idaho","Cassia County",3,45,289,152,137
050,16,031,"Idaho","Cassia County",3,46,267,129,138
050,16,031,"Idaho","Cassia County",3,47,256,133,123
050,16,031,"Idaho","Cassia County",3,48,258,133,125
050,16,031,"Idaho","Cassia County",3,49,267,140,127
050,16,031,"Idaho","Cassia County",3,50,290,156,134
050,16,031,"Idaho","Cassia County",3,51,245,138,107
050,16,031,"Idaho","Cassia County",3,52,223,124,99
050,16,031,"Idaho","Cassia County",3,53,230,127,103
050,16,031,"Idaho","Cassia County",3,54,231,120,111
050,16,031,"Idaho","Cassia County",3,55,248,121,127
050,16,031,"Idaho","Cassia County",3,56,243,116,127
050,16,031,"Idaho","Cassia County",3,57,240,124,116
050,16,031,"Idaho","Cassia County",3,58,266,137,129
050,16,031,"Idaho","Cassia County",3,59,265,142,123
050,16,031,"Idaho","Cassia County",3,60,275,151,124
050,16,031,"Idaho","Cassia County",3,61,281,145,136
050,16,031,"Idaho","Cassia County",3,62,272,141,131
050,16,031,"Idaho","Cassia County",3,63,272,135,137
050,16,031,"Idaho","Cassia County",3,64,276,141,135
050,16,031,"Idaho","Cassia County",3,65,279,143,136
050,16,031,"Idaho","Cassia County",3,66,263,126,137
050,16,031,"Idaho","Cassia County",3,67,236,110,126
050,16,031,"Idaho","Cassia County",3,68,221,107,114
050,16,031,"Idaho","Cassia County",3,69,215,110,105
050,16,031,"Idaho","Cassia County",3,70,198,95,103
050,16,031,"Idaho","Cassia County",3,71,195,93,102
050,16,031,"Idaho","Cassia County",3,72,177,89,88
050,16,031,"Idaho","Cassia County",3,73,191,99,92
050,16,031,"Idaho","Cassia County",3,74,197,105,92
050,16,031,"Idaho","Cassia County",3,75,141,75,66
050,16,031,"Idaho","Cassia County",3,76,126,56,70
050,16,031,"Idaho","Cassia County",3,77,120,61,59
050,16,031,"Idaho","Cassia County",3,78,140,63,77
050,16,031,"Idaho","Cassia County",3,79,113,50,63
050,16,031,"Idaho","Cassia County",3,80,96,46,50
050,16,031,"Idaho","Cassia County",3,81,90,39,51
050,16,031,"Idaho","Cassia County",3,82,81,34,47
050,16,031,"Idaho","Cassia County",3,83,78,33,45
050,16,031,"Idaho","Cassia County",3,84,66,25,41
050,16,031,"Idaho","Cassia County",3,85,394,148,246
050,16,031,"Idaho","Cassia County",4,0,366,187,179
050,16,031,"Idaho","Cassia County",4,1,404,206,198
050,16,031,"Idaho","Cassia County",4,2,434,233,201
050,16,031,"Idaho","Cassia County",4,3,417,225,192
050,16,031,"Idaho","Cassia County",4,4,404,197,207
050,16,031,"Idaho","Cassia County",4,5,431,209,222
050,16,031,"Idaho","Cassia County",4,6,391,201,190
050,16,031,"Idaho","Cassia County",4,7,402,229,173
050,16,031,"Idaho","Cassia County",4,8,433,233,200
050,16,031,"Idaho","Cassia County",4,9,444,224,220
050,16,031,"Idaho","Cassia County",4,10,463,237,226
050,16,031,"Idaho","Cassia County",4,11,458,245,213
050,16,031,"Idaho","Cassia County",4,12,451,235,216
050,16,031,"Idaho","Cassia County",4,13,487,249,238
050,16,031,"Idaho","Cassia County",4,14,512,253,259
050,16,031,"Idaho","Cassia County",4,15,501,253,248
050,16,031,"Idaho","Cassia County",4,16,508,267,241
050,16,031,"Idaho","Cassia County",4,17,481,260,221
050,16,031,"Idaho","Cassia County",4,18,409,223,186
050,16,031,"Idaho","Cassia County",4,19,326,181,145
050,16,031,"Idaho","Cassia County",4,20,349,190,159
050,16,031,"Idaho","Cassia County",4,21,346,182,164
050,16,031,"Idaho","Cassia County",4,22,307,163,144
050,16,031,"Idaho","Cassia County",4,23,326,177,149
050,16,031,"Idaho","Cassia County",4,24,307,161,146
050,16,031,"Idaho","Cassia County",4,25,319,169,150
050,16,031,"Idaho","Cassia County",4,26,335,173,162
050,16,031,"Idaho","Cassia County",4,27,291,155,136
050,16,031,"Idaho","Cassia County",4,28,308,157,151
050,16,031,"Idaho","Cassia County",4,29,339,187,152
050,16,031,"Idaho","Cassia County",4,30,323,173,150
050,16,031,"Idaho","Cassia County",4,31,322,173,149
050,16,031,"Idaho","Cassia County",4,32,305,163,142
050,16,031,"Idaho","Cassia County",4,33,309,151,158
050,16,031,"Idaho","Cassia County",4,34,285,132,153
050,16,031,"Idaho","Cassia County",4,35,289,149,140
050,16,031,"Idaho","Cassia County",4,36,286,137,149
050,16,031,"Idaho","Cassia County",4,37,307,160,147
050,16,031,"Idaho","Cassia County",4,38,295,156,139
050,16,031,"Idaho","Cassia County",4,39,353,186,167
050,16,031,"Idaho","Cassia County",4,40,339,163,176
050,16,031,"Idaho","Cassia County",4,41,360,173,187
050,16,031,"Idaho","Cassia County",4,42,330,181,149
050,16,031,"Idaho","Cassia County",4,43,316,159,157
050,16,031,"Idaho","Cassia County",4,44,316,166,150
050,16,031,"Idaho","Cassia County",4,45,297,162,135
050,16,031,"Idaho","Cassia County",4,46,301,155,146
050,16,031,"Idaho","Cassia County",4,47,267,133,134
050,16,031,"Idaho","Cassia County",4,48,260,131,129
050,16,031,"Idaho","Cassia County",4,49,268,138,130
050,16,031,"Idaho","Cassia County",4,50,272,147,125
050,16,031,"Idaho","Cassia County",4,51,287,155,132
050,16,031,"Idaho","Cassia County",4,52,247,140,107
050,16,031,"Idaho","Cassia County",4,53,230,131,99
050,16,031,"Idaho","Cassia County",4,54,227,121,106
050,16,031,"Idaho","Cassia County",4,55,237,119,118
050,16,031,"Idaho","Cassia County",4,56,241,122,119
050,16,031,"Idaho","Cassia County",4,57,247,120,127
050,16,031,"Idaho","Cassia County",4,58,241,124,117
050,16,031,"Idaho","Cassia County",4,59,257,132,125
050,16,031,"Idaho","Cassia County",4,60,272,146,126
050,16,031,"Idaho","Cassia County",4,61,272,150,122
050,16,031,"Idaho","Cassia County",4,62,285,148,137
050,16,031,"Idaho","Cassia County",4,63,270,139,131
050,16,031,"Idaho","Cassia County",4,64,269,140,129
050,16,031,"Idaho","Cassia County",4,65,272,139,133
050,16,031,"Idaho","Cassia County",4,66,285,149,136
050,16,031,"Idaho","Cassia County",4,67,258,121,137
050,16,031,"Idaho","Cassia County",4,68,227,106,121
050,16,031,"Idaho","Cassia County",4,69,226,107,119
050,16,031,"Idaho","Cassia County",4,70,205,105,100
050,16,031,"Idaho","Cassia County",4,71,203,97,106
050,16,031,"Idaho","Cassia County",4,72,185,84,101
050,16,031,"Idaho","Cassia County",4,73,173,88,85
050,16,031,"Idaho","Cassia County",4,74,188,101,87
050,16,031,"Idaho","Cassia County",4,75,194,103,91
050,16,031,"Idaho","Cassia County",4,76,129,66,63
050,16,031,"Idaho","Cassia County",4,77,120,55,65
050,16,031,"Idaho","Cassia County",4,78,108,52,56
050,16,031,"Idaho","Cassia County",4,79,129,57,72
050,16,031,"Idaho","Cassia County",4,80,107,50,57
050,16,031,"Idaho","Cassia County",4,81,91,48,43
050,16,031,"Idaho","Cassia County",4,82,87,37,50
050,16,031,"Idaho","Cassia County",4,83,75,30,45
050,16,031,"Idaho","Cassia County",4,84,70,31,39
050,16,031,"Idaho","Cassia County",4,85,381,145,236
050,16,031,"Idaho","Cassia County",5,0,365,187,178
050,16,031,"Idaho","Cassia County",5,1,381,202,179
050,16,031,"Idaho","Cassia County",5,2,410,219,191
050,16,031,"Idaho","Cassia County",5,3,435,237,198
050,16,031,"Idaho","Cassia County",5,4,409,210,199
050,16,031,"Idaho","Cassia County",5,5,398,190,208
050,16,031,"Idaho","Cassia County",5,6,433,213,220
050,16,031,"Idaho","Cassia County",5,7,394,207,187
050,16,031,"Idaho","Cassia County",5,8,393,221,172
050,16,031,"Idaho","Cassia County",5,9,442,237,205
050,16,031,"Idaho","Cassia County",5,10,438,216,222
050,16,031,"Idaho","Cassia County",5,11,471,251,220
050,16,031,"Idaho","Cassia County",5,12,450,247,203
050,16,031,"Idaho","Cassia County",5,13,458,239,219
050,16,031,"Idaho","Cassia County",5,14,477,233,244
050,16,031,"Idaho","Cassia County",5,15,505,253,252
050,16,031,"Idaho","Cassia County",5,16,505,257,248
050,16,031,"Idaho","Cassia County",5,17,498,259,239
050,16,031,"Idaho","Cassia County",5,18,417,225,192
050,16,031,"Idaho","Cassia County",5,19,335,190,145
050,16,031,"Idaho","Cassia County",5,20,347,185,162
050,16,031,"Idaho","Cassia County",5,21,337,180,157
050,16,031,"Idaho","Cassia County",5,22,336,179,157
050,16,031,"Idaho","Cassia County",5,23,320,175,145
050,16,031,"Idaho","Cassia County",5,24,316,169,147
050,16,031,"Idaho","Cassia County",5,25,324,165,159
050,16,031,"Idaho","Cassia County",5,26,337,181,156
050,16,031,"Idaho","Cassia County",5,27,332,169,163
050,16,031,"Idaho","Cassia County",5,28,296,151,145
050,16,031,"Idaho","Cassia County",5,29,323,162,161
050,16,031,"Idaho","Cassia County",5,30,331,184,147
050,16,031,"Idaho","Cassia County",5,31,323,174,149
050,16,031,"Idaho","Cassia County",5,32,334,178,156
050,16,031,"Idaho","Cassia County",5,33,296,166,130
050,16,031,"Idaho","Cassia County",5,34,300,150,150
050,16,031,"Idaho","Cassia County",5,35,280,128,152
050,16,031,"Idaho","Cassia County",5,36,306,158,148
050,16,031,"Idaho","Cassia County",5,37,279,135,144
050,16,031,"Idaho","Cassia County",5,38,310,158,152
050,16,031,"Idaho","Cassia County",5,39,290,155,135
050,16,031,"Idaho","Cassia County",5,40,362,187,175
050,16,031,"Idaho","Cassia County",5,41,346,169,177
050,16,031,"Idaho","Cassia County",5,42,357,177,180
050,16,031,"Idaho","Cassia County",5,43,342,182,160
050,16,031,"Idaho","Cassia County",5,44,313,157,156
050,16,031,"Idaho","Cassia County",5,45,299,161,138
050,16,031,"Idaho","Cassia County",5,46,305,163,142
050,16,031,"Idaho","Cassia County",5,47,293,153,140
050,16,031,"Idaho","Cassia County",5,48,268,135,133
050,16,031,"Idaho","Cassia County",5,49,255,131,124
050,16,031,"Idaho","Cassia County",5,50,282,150,132
050,16,031,"Idaho","Cassia County",5,51,266,145,121
050,16,031,"Idaho","Cassia County",5,52,279,147,132
050,16,031,"Idaho","Cassia County",5,53,254,151,103
050,16,031,"Idaho","Cassia County",5,54,220,123,97
050,16,031,"Idaho","Cassia County",5,55,230,128,102
050,16,031,"Idaho","Cassia County",5,56,218,108,110
050,16,031,"Idaho","Cassia County",5,57,244,121,123
050,16,031,"Idaho","Cassia County",5,58,241,118,123
050,16,031,"Idaho","Cassia County",5,59,227,114,113
050,16,031,"Idaho","Cassia County",5,60,265,140,125
050,16,031,"Idaho","Cassia County",5,61,261,140,121
050,16,031,"Idaho","Cassia County",5,62,269,148,121
050,16,031,"Idaho","Cassia County",5,63,279,146,133
050,16,031,"Idaho","Cassia County",5,64,274,138,136
050,16,031,"Idaho","Cassia County",5,65,268,138,130
050,16,031,"Idaho","Cassia County",5,66,283,142,141
050,16,031,"Idaho","Cassia County",5,67,289,149,140
050,16,031,"Idaho","Cassia County",5,68,261,125,136
050,16,031,"Idaho","Cassia County",5,69,230,107,123
050,16,031,"Idaho","Cassia County",5,70,213,103,110
050,16,031,"Idaho","Cassia County",5,71,202,105,97
050,16,031,"Idaho","Cassia County",5,72,196,88,108
050,16,031,"Idaho","Cassia County",5,73,174,83,91
050,16,031,"Idaho","Cassia County",5,74,161,83,78
050,16,031,"Idaho","Cassia County",5,75,183,98,85
050,16,031,"Idaho","Cassia County",5,76,180,90,90
050,16,031,"Idaho","Cassia County",5,77,126,69,57
050,16,031,"Idaho","Cassia County",5,78,112,49,63
050,16,031,"Idaho","Cassia County",5,79,102,48,54
050,16,031,"Idaho","Cassia County",5,80,121,54,67
050,16,031,"Idaho","Cassia County",5,81,98,49,49
050,16,031,"Idaho","Cassia County",5,82,82,41,41
050,16,031,"Idaho","Cassia County",5,83,82,34,48
050,16,031,"Idaho","Cassia County",5,84,71,29,42
050,16,031,"Idaho","Cassia County",5,85,382,150,232
050,16,033,"Idaho","Clark County",1,0,12,6,6
050,16,033,"Idaho","Clark County",1,1,12,6,6
050,16,033,"Idaho","Clark County",1,2,8,4,4
050,16,033,"Idaho","Clark County",1,3,8,3,5
050,16,033,"Idaho","Clark County",1,4,10,4,6
050,16,033,"Idaho","Clark County",1,5,7,3,4
050,16,033,"Idaho","Clark County",1,6,11,7,4
050,16,033,"Idaho","Clark County",1,7,5,2,3
050,16,033,"Idaho","Clark County",1,8,5,3,2
050,16,033,"Idaho","Clark County",1,9,7,4,3
050,16,033,"Idaho","Clark County",1,10,13,9,4
050,16,033,"Idaho","Clark County",1,11,9,5,4
050,16,033,"Idaho","Clark County",1,12,11,5,6
050,16,033,"Idaho","Clark County",1,13,9,3,6
050,16,033,"Idaho","Clark County",1,14,13,6,7
050,16,033,"Idaho","Clark County",1,15,15,8,7
050,16,033,"Idaho","Clark County",1,16,8,1,7
050,16,033,"Idaho","Clark County",1,17,12,2,10
050,16,033,"Idaho","Clark County",1,18,9,6,3
050,16,033,"Idaho","Clark County",1,19,9,5,4
050,16,033,"Idaho","Clark County",1,20,10,5,5
050,16,033,"Idaho","Clark County",1,21,13,6,7
050,16,033,"Idaho","Clark County",1,22,7,4,3
050,16,033,"Idaho","Clark County",1,23,10,5,5
050,16,033,"Idaho","Clark County",1,24,9,5,4
050,16,033,"Idaho","Clark County",1,25,16,9,7
050,16,033,"Idaho","Clark County",1,26,7,4,3
050,16,033,"Idaho","Clark County",1,27,7,1,6
050,16,033,"Idaho","Clark County",1,28,5,2,3
050,16,033,"Idaho","Clark County",1,29,12,5,7
050,16,033,"Idaho","Clark County",1,30,5,2,3
050,16,033,"Idaho","Clark County",1,31,9,4,5
050,16,033,"Idaho","Clark County",1,32,13,8,5
050,16,033,"Idaho","Clark County",1,33,11,9,2
050,16,033,"Idaho","Clark County",1,34,12,9,3
050,16,033,"Idaho","Clark County",1,35,10,4,6
050,16,033,"Idaho","Clark County",1,36,11,6,5
050,16,033,"Idaho","Clark County",1,37,13,7,6
050,16,033,"Idaho","Clark County",1,38,11,5,6
050,16,033,"Idaho","Clark County",1,39,13,5,8
050,16,033,"Idaho","Clark County",1,40,8,5,3
050,16,033,"Idaho","Clark County",1,41,7,4,3
050,16,033,"Idaho","Clark County",1,42,9,4,5
050,16,033,"Idaho","Clark County",1,43,8,5,3
050,16,033,"Idaho","Clark County",1,44,8,4,4
050,16,033,"Idaho","Clark County",1,45,15,8,7
050,16,033,"Idaho","Clark County",1,46,12,8,4
050,16,033,"Idaho","Clark County",1,47,7,4,3
050,16,033,"Idaho","Clark County",1,48,3,1,2
050,16,033,"Idaho","Clark County",1,49,10,5,5
050,16,033,"Idaho","Clark County",1,50,10,6,4
050,16,033,"Idaho","Clark County",1,51,12,5,7
050,16,033,"Idaho","Clark County",1,52,5,1,4
050,16,033,"Idaho","Clark County",1,53,10,5,5
050,16,033,"Idaho","Clark County",1,54,9,5,4
050,16,033,"Idaho","Clark County",1,55,12,7,5
050,16,033,"Idaho","Clark County",1,56,10,7,3
050,16,033,"Idaho","Clark County",1,57,11,5,6
050,16,033,"Idaho","Clark County",1,58,11,5,6
050,16,033,"Idaho","Clark County",1,59,7,3,4
050,16,033,"Idaho","Clark County",1,60,4,3,1
050,16,033,"Idaho","Clark County",1,61,7,5,2
050,16,033,"Idaho","Clark County",1,62,13,9,4
050,16,033,"Idaho","Clark County",1,63,12,11,1
050,16,033,"Idaho","Clark County",1,64,12,8,4
050,16,033,"Idaho","Clark County",1,65,12,4,8
050,16,033,"Idaho","Clark County",1,66,15,7,8
050,16,033,"Idaho","Clark County",1,67,11,7,4
050,16,033,"Idaho","Clark County",1,68,5,3,2
050,16,033,"Idaho","Clark County",1,69,7,4,3
050,16,033,"Idaho","Clark County",1,70,11,6,5
050,16,033,"Idaho","Clark County",1,71,8,5,3
050,16,033,"Idaho","Clark County",1,72,4,2,2
050,16,033,"Idaho","Clark County",1,73,4,1,3
050,16,033,"Idaho","Clark County",1,74,8,3,5
050,16,033,"Idaho","Clark County",1,75,7,1,6
050,16,033,"Idaho","Clark County",1,76,7,4,3
050,16,033,"Idaho","Clark County",1,77,5,3,2
050,16,033,"Idaho","Clark County",1,78,5,3,2
050,16,033,"Idaho","Clark County",1,79,5,2,3
050,16,033,"Idaho","Clark County",1,80,6,4,2
050,16,033,"Idaho","Clark County",1,81,6,4,2
050,16,033,"Idaho","Clark County",1,82,7,3,4
050,16,033,"Idaho","Clark County",1,83,2,1,1
050,16,033,"Idaho","Clark County",1,84,4,2,2
050,16,033,"Idaho","Clark County",1,85,21,11,10
050,16,033,"Idaho","Clark County",2,0,13,6,7
050,16,033,"Idaho","Clark County",2,1,12,6,6
050,16,033,"Idaho","Clark County",2,2,9,4,5
050,16,033,"Idaho","Clark County",2,3,8,3,5
050,16,033,"Idaho","Clark County",2,4,10,4,6
050,16,033,"Idaho","Clark County",2,5,8,3,5
050,16,033,"Idaho","Clark County",2,6,10,6,4
050,16,033,"Idaho","Clark County",2,7,6,3,3
050,16,033,"Idaho","Clark County",2,8,6,3,3
050,16,033,"Idaho","Clark County",2,9,7,4,3
050,16,033,"Idaho","Clark County",2,10,12,8,4
050,16,033,"Idaho","Clark County",2,11,11,7,4
050,16,033,"Idaho","Clark County",2,12,11,5,6
050,16,033,"Idaho","Clark County",2,13,10,3,7
050,16,033,"Idaho","Clark County",2,14,11,5,6
050,16,033,"Idaho","Clark County",2,15,14,7,7
050,16,033,"Idaho","Clark County",2,16,8,2,6
050,16,033,"Idaho","Clark County",2,17,10,2,8
050,16,033,"Idaho","Clark County",2,18,9,5,4
050,16,033,"Idaho","Clark County",2,19,9,5,4
050,16,033,"Idaho","Clark County",2,20,10,5,5
050,16,033,"Idaho","Clark County",2,21,12,6,6
050,16,033,"Idaho","Clark County",2,22,7,4,3
050,16,033,"Idaho","Clark County",2,23,8,4,4
050,16,033,"Idaho","Clark County",2,24,9,5,4
050,16,033,"Idaho","Clark County",2,25,14,8,6
050,16,033,"Idaho","Clark County",2,26,8,5,3
050,16,033,"Idaho","Clark County",2,27,8,2,6
050,16,033,"Idaho","Clark County",2,28,5,2,3
050,16,033,"Idaho","Clark County",2,29,12,5,7
050,16,033,"Idaho","Clark County",2,30,6,2,4
050,16,033,"Idaho","Clark County",2,31,8,3,5
050,16,033,"Idaho","Clark County",2,32,13,8,5
050,16,033,"Idaho","Clark County",2,33,11,8,3
050,16,033,"Idaho","Clark County",2,34,11,8,3
050,16,033,"Idaho","Clark County",2,35,10,5,5
050,16,033,"Idaho","Clark County",2,36,10,5,5
050,16,033,"Idaho","Clark County",2,37,13,7,6
050,16,033,"Idaho","Clark County",2,38,12,6,6
050,16,033,"Idaho","Clark County",2,39,13,5,8
050,16,033,"Idaho","Clark County",2,40,10,6,4
050,16,033,"Idaho","Clark County",2,41,7,4,3
050,16,033,"Idaho","Clark County",2,42,9,5,4
050,16,033,"Idaho","Clark County",2,43,9,5,4
050,16,033,"Idaho","Clark County",2,44,9,5,4
050,16,033,"Idaho","Clark County",2,45,14,7,7
050,16,033,"Idaho","Clark County",2,46,12,8,4
050,16,033,"Idaho","Clark County",2,47,8,5,3
050,16,033,"Idaho","Clark County",2,48,4,2,2
050,16,033,"Idaho","Clark County",2,49,9,4,5
050,16,033,"Idaho","Clark County",2,50,9,5,4
050,16,033,"Idaho","Clark County",2,51,12,5,7
050,16,033,"Idaho","Clark County",2,52,7,2,5
050,16,033,"Idaho","Clark County",2,53,9,4,5
050,16,033,"Idaho","Clark County",2,54,9,5,4
050,16,033,"Idaho","Clark County",2,55,11,6,5
050,16,033,"Idaho","Clark County",2,56,11,7,4
050,16,033,"Idaho","Clark County",2,57,10,5,5
050,16,033,"Idaho","Clark County",2,58,11,5,6
050,16,033,"Idaho","Clark County",2,59,8,4,4
050,16,033,"Idaho","Clark County",2,60,5,3,2
050,16,033,"Idaho","Clark County",2,61,7,5,2
050,16,033,"Idaho","Clark County",2,62,12,9,3
050,16,033,"Idaho","Clark County",2,63,13,11,2
050,16,033,"Idaho","Clark County",2,64,11,8,3
050,16,033,"Idaho","Clark County",2,65,12,5,7
050,16,033,"Idaho","Clark County",2,66,15,7,8
050,16,033,"Idaho","Clark County",2,67,12,7,5
050,16,033,"Idaho","Clark County",2,68,7,4,3
050,16,033,"Idaho","Clark County",2,69,7,4,3
050,16,033,"Idaho","Clark County",2,70,9,5,4
050,16,033,"Idaho","Clark County",2,71,9,5,4
050,16,033,"Idaho","Clark County",2,72,4,2,2
050,16,033,"Idaho","Clark County",2,73,4,1,3
050,16,033,"Idaho","Clark County",2,74,7,3,4
050,16,033,"Idaho","Clark County",2,75,7,1,6
050,16,033,"Idaho","Clark County",2,76,6,3,3
050,16,033,"Idaho","Clark County",2,77,6,3,3
050,16,033,"Idaho","Clark County",2,78,5,3,2
050,16,033,"Idaho","Clark County",2,79,5,2,3
050,16,033,"Idaho","Clark County",2,80,6,3,3
050,16,033,"Idaho","Clark County",2,81,6,4,2
050,16,033,"Idaho","Clark County",2,82,7,3,4
050,16,033,"Idaho","Clark County",2,83,3,1,2
050,16,033,"Idaho","Clark County",2,84,4,2,2
050,16,033,"Idaho","Clark County",2,85,21,11,10
050,16,033,"Idaho","Clark County",3,0,9,5,4
050,16,033,"Idaho","Clark County",3,1,16,10,6
050,16,033,"Idaho","Clark County",3,2,12,5,7
050,16,033,"Idaho","Clark County",3,3,10,5,5
050,16,033,"Idaho","Clark County",3,4,11,5,6
050,16,033,"Idaho","Clark County",3,5,8,4,4
050,16,033,"Idaho","Clark County",3,6,12,5,7
050,16,033,"Idaho","Clark County",3,7,10,6,4
050,16,033,"Idaho","Clark County",3,8,8,3,5
050,16,033,"Idaho","Clark County",3,9,7,3,4
050,16,033,"Idaho","Clark County",3,10,6,3,3
050,16,033,"Idaho","Clark County",3,11,15,10,5
050,16,033,"Idaho","Clark County",3,12,14,9,5
050,16,033,"Idaho","Clark County",3,13,11,5,6
050,16,033,"Idaho","Clark County",3,14,7,1,6
050,16,033,"Idaho","Clark County",3,15,7,3,4
050,16,033,"Idaho","Clark County",3,16,12,6,6
050,16,033,"Idaho","Clark County",3,17,5,1,4
050,16,033,"Idaho","Clark County",3,18,9,2,7
050,16,033,"Idaho","Clark County",3,19,8,4,4
050,16,033,"Idaho","Clark County",3,20,12,8,4
050,16,033,"Idaho","Clark County",3,21,14,7,7
050,16,033,"Idaho","Clark County",3,22,14,5,9
050,16,033,"Idaho","Clark County",3,23,4,2,2
050,16,033,"Idaho","Clark County",3,24,7,4,3
050,16,033,"Idaho","Clark County",3,25,9,6,3
050,16,033,"Idaho","Clark County",3,26,13,7,6
050,16,033,"Idaho","Clark County",3,27,7,5,2
050,16,033,"Idaho","Clark County",3,28,9,2,7
050,16,033,"Idaho","Clark County",3,29,5,2,3
050,16,033,"Idaho","Clark County",3,30,11,5,6
050,16,033,"Idaho","Clark County",3,31,6,2,4
050,16,033,"Idaho","Clark County",3,32,8,3,5
050,16,033,"Idaho","Clark County",3,33,12,8,4
050,16,033,"Idaho","Clark County",3,34,11,8,3
050,16,033,"Idaho","Clark County",3,35,12,8,4
050,16,033,"Idaho","Clark County",3,36,8,5,3
050,16,033,"Idaho","Clark County",3,37,10,5,5
050,16,033,"Idaho","Clark County",3,38,12,6,6
050,16,033,"Idaho","Clark County",3,39,12,6,6
050,16,033,"Idaho","Clark County",3,40,12,5,7
050,16,033,"Idaho","Clark County",3,41,11,6,5
050,16,033,"Idaho","Clark County",3,42,6,3,3
050,16,033,"Idaho","Clark County",3,43,9,5,4
050,16,033,"Idaho","Clark County",3,44,9,5,4
050,16,033,"Idaho","Clark County",3,45,8,4,4
050,16,033,"Idaho","Clark County",3,46,15,7,8
050,16,033,"Idaho","Clark County",3,47,12,8,4
050,16,033,"Idaho","Clark County",3,48,8,5,3
050,16,033,"Idaho","Clark County",3,49,4,2,2
050,16,033,"Idaho","Clark County",3,50,8,3,5
050,16,033,"Idaho","Clark County",3,51,9,5,4
050,16,033,"Idaho","Clark County",3,52,11,5,6
050,16,033,"Idaho","Clark County",3,53,8,2,6
050,16,033,"Idaho","Clark County",3,54,9,4,5
050,16,033,"Idaho","Clark County",3,55,9,5,4
050,16,033,"Idaho","Clark County",3,56,11,6,5
050,16,033,"Idaho","Clark County",3,57,10,6,4
050,16,033,"Idaho","Clark County",3,58,10,5,5
050,16,033,"Idaho","Clark County",3,59,11,5,6
050,16,033,"Idaho","Clark County",3,60,7,4,3
050,16,033,"Idaho","Clark County",3,61,5,3,2
050,16,033,"Idaho","Clark County",3,62,7,5,2
050,16,033,"Idaho","Clark County",3,63,12,9,3
050,16,033,"Idaho","Clark County",3,64,11,11,0
050,16,033,"Idaho","Clark County",3,65,11,8,3
050,16,033,"Idaho","Clark County",3,66,13,6,7
050,16,033,"Idaho","Clark County",3,67,14,7,7
050,16,033,"Idaho","Clark County",3,68,12,7,5
050,16,033,"Idaho","Clark County",3,69,7,4,3
050,16,033,"Idaho","Clark County",3,70,7,4,3
050,16,033,"Idaho","Clark County",3,71,9,5,4
050,16,033,"Idaho","Clark County",3,72,9,5,4
050,16,033,"Idaho","Clark County",3,73,4,2,2
050,16,033,"Idaho","Clark County",3,74,3,0,3
050,16,033,"Idaho","Clark County",3,75,5,3,2
050,16,033,"Idaho","Clark County",3,76,7,1,6
050,16,033,"Idaho","Clark County",3,77,6,3,3
050,16,033,"Idaho","Clark County",3,78,6,3,3
050,16,033,"Idaho","Clark County",3,79,5,3,2
050,16,033,"Idaho","Clark County",3,80,6,3,3
050,16,033,"Idaho","Clark County",3,81,6,3,3
050,16,033,"Idaho","Clark County",3,82,6,4,2
050,16,033,"Idaho","Clark County",3,83,6,2,4
050,16,033,"Idaho","Clark County",3,84,2,1,1
050,16,033,"Idaho","Clark County",3,85,24,13,11
050,16,033,"Idaho","Clark County",4,0,19,9,10
050,16,033,"Idaho","Clark County",4,1,11,5,6
050,16,033,"Idaho","Clark County",4,2,15,10,5
050,16,033,"Idaho","Clark County",4,3,7,4,3
050,16,033,"Idaho","Clark County",4,4,12,6,6
050,16,033,"Idaho","Clark County",4,5,11,5,6
050,16,033,"Idaho","Clark County",4,6,11,6,5
050,16,033,"Idaho","Clark County",4,7,13,6,7
050,16,033,"Idaho","Clark County",4,8,7,4,3
050,16,033,"Idaho","Clark County",4,9,8,3,5
050,16,033,"Idaho","Clark County",4,10,7,3,4
050,16,033,"Idaho","Clark County",4,11,6,3,3
050,16,033,"Idaho","Clark County",4,12,16,10,6
050,16,033,"Idaho","Clark County",4,13,16,10,6
050,16,033,"Idaho","Clark County",4,14,9,5,4
050,16,033,"Idaho","Clark County",4,15,6,1,5
050,16,033,"Idaho","Clark County",4,16,9,3,6
050,16,033,"Idaho","Clark County",4,17,11,4,7
050,16,033,"Idaho","Clark County",4,18,7,3,4
050,16,033,"Idaho","Clark County",4,19,8,2,6
050,16,033,"Idaho","Clark County",4,20,8,3,5
050,16,033,"Idaho","Clark County",4,21,13,8,5
050,16,033,"Idaho","Clark County",4,22,12,6,6
050,16,033,"Idaho","Clark County",4,23,14,5,9
050,16,033,"Idaho","Clark County",4,24,4,2,2
050,16,033,"Idaho","Clark County",4,25,9,5,4
050,16,033,"Idaho","Clark County",4,26,9,6,3
050,16,033,"Idaho","Clark County",4,27,15,6,9
050,16,033,"Idaho","Clark County",4,28,8,5,3
050,16,033,"Idaho","Clark County",4,29,10,3,7
050,16,033,"Idaho","Clark County",4,30,5,2,3
050,16,033,"Idaho","Clark County",4,31,12,6,6
050,16,033,"Idaho","Clark County",4,32,4,2,2
050,16,033,"Idaho","Clark County",4,33,8,3,5
050,16,033,"Idaho","Clark County",4,34,15,11,4
050,16,033,"Idaho","Clark County",4,35,12,9,3
050,16,033,"Idaho","Clark County",4,36,14,8,6
050,16,033,"Idaho","Clark County",4,37,7,5,2
050,16,033,"Idaho","Clark County",4,38,10,5,5
050,16,033,"Idaho","Clark County",4,39,14,7,7
050,16,033,"Idaho","Clark County",4,40,10,6,4
050,16,033,"Idaho","Clark County",4,41,17,7,10
050,16,033,"Idaho","Clark County",4,42,11,6,5
050,16,033,"Idaho","Clark County",4,43,7,4,3
050,16,033,"Idaho","Clark County",4,44,6,3,3
050,16,033,"Idaho","Clark County",4,45,9,5,4
050,16,033,"Idaho","Clark County",4,46,7,4,3
050,16,033,"Idaho","Clark County",4,47,15,7,8
050,16,033,"Idaho","Clark County",4,48,12,8,4
050,16,033,"Idaho","Clark County",4,49,7,5,2
050,16,033,"Idaho","Clark County",4,50,3,1,2
050,16,033,"Idaho","Clark County",4,51,8,3,5
050,16,033,"Idaho","Clark County",4,52,9,5,4
050,16,033,"Idaho","Clark County",4,53,11,5,6
050,16,033,"Idaho","Clark County",4,54,8,2,6
050,16,033,"Idaho","Clark County",4,55,9,4,5
050,16,033,"Idaho","Clark County",4,56,10,5,5
050,16,033,"Idaho","Clark County",4,57,12,7,5
050,16,033,"Idaho","Clark County",4,58,9,5,4
050,16,033,"Idaho","Clark County",4,59,8,5,3
050,16,033,"Idaho","Clark County",4,60,11,5,6
050,16,033,"Idaho","Clark County",4,61,7,4,3
050,16,033,"Idaho","Clark County",4,62,5,3,2
050,16,033,"Idaho","Clark County",4,63,7,5,2
050,16,033,"Idaho","Clark County",4,64,13,9,4
050,16,033,"Idaho","Clark County",4,65,12,12,0
050,16,033,"Idaho","Clark County",4,66,10,7,3
050,16,033,"Idaho","Clark County",4,67,14,6,8
050,16,033,"Idaho","Clark County",4,68,12,6,6
050,16,033,"Idaho","Clark County",4,69,11,7,4
050,16,033,"Idaho","Clark County",4,70,7,4,3
050,16,033,"Idaho","Clark County",4,71,7,4,3
050,16,033,"Idaho","Clark County",4,72,9,5,4
050,16,033,"Idaho","Clark County",4,73,7,4,3
050,16,033,"Idaho","Clark County",4,74,3,2,1
050,16,033,"Idaho","Clark County",4,75,2,0,2
050,16,033,"Idaho","Clark County",4,76,5,3,2
050,16,033,"Idaho","Clark County",4,77,7,1,6
050,16,033,"Idaho","Clark County",4,78,5,2,3
050,16,033,"Idaho","Clark County",4,79,7,3,4
050,16,033,"Idaho","Clark County",4,80,5,3,2
050,16,033,"Idaho","Clark County",4,81,5,2,3
050,16,033,"Idaho","Clark County",4,82,6,3,3
050,16,033,"Idaho","Clark County",4,83,5,4,1
050,16,033,"Idaho","Clark County",4,84,5,2,3
050,16,033,"Idaho","Clark County",4,85,23,13,10
050,16,033,"Idaho","Clark County",5,0,19,9,10
050,16,033,"Idaho","Clark County",5,1,15,9,6
050,16,033,"Idaho","Clark County",5,2,10,6,4
050,16,033,"Idaho","Clark County",5,3,12,7,5
050,16,033,"Idaho","Clark County",5,4,8,3,5
050,16,033,"Idaho","Clark County",5,5,11,5,6
050,16,033,"Idaho","Clark County",5,6,12,5,7
050,16,033,"Idaho","Clark County",5,7,12,6,6
050,16,033,"Idaho","Clark County",5,8,15,8,7
050,16,033,"Idaho","Clark County",5,9,9,5,4
050,16,033,"Idaho","Clark County",5,10,7,3,4
050,16,033,"Idaho","Clark County",5,11,6,3,3
050,16,033,"Idaho","Clark County",5,12,6,2,4
050,16,033,"Idaho","Clark County",5,13,12,9,3
050,16,033,"Idaho","Clark County",5,14,15,9,6
050,16,033,"Idaho","Clark County",5,15,7,4,3
050,16,033,"Idaho","Clark County",5,16,5,1,4
050,16,033,"Idaho","Clark County",5,17,8,3,5
050,16,033,"Idaho","Clark County",5,18,10,4,6
050,16,033,"Idaho","Clark County",5,19,4,3,1
050,16,033,"Idaho","Clark County",5,20,8,2,6
050,16,033,"Idaho","Clark County",5,21,6,3,3
050,16,033,"Idaho","Clark County",5,22,14,9,5
050,16,033,"Idaho","Clark County",5,23,13,6,7
050,16,033,"Idaho","Clark County",5,24,14,6,8
050,16,033,"Idaho","Clark County",5,25,4,3,1
050,16,033,"Idaho","Clark County",5,26,9,5,4
050,16,033,"Idaho","Clark County",5,27,6,3,3
050,16,033,"Idaho","Clark County",5,28,14,6,8
050,16,033,"Idaho","Clark County",5,29,7,4,3
050,16,033,"Idaho","Clark County",5,30,10,3,7
050,16,033,"Idaho","Clark County",5,31,6,3,3
050,16,033,"Idaho","Clark County",5,32,11,6,5
050,16,033,"Idaho","Clark County",5,33,5,3,2
050,16,033,"Idaho","Clark County",5,34,10,4,6
050,16,033,"Idaho","Clark County",5,35,15,10,5
050,16,033,"Idaho","Clark County",5,36,12,9,3
050,16,033,"Idaho","Clark County",5,37,9,2,7
050,16,033,"Idaho","Clark County",5,38,8,6,2
050,16,033,"Idaho","Clark County",5,39,10,5,5
050,16,033,"Idaho","Clark County",5,40,16,9,7
050,16,033,"Idaho","Clark County",5,41,10,6,4
050,16,033,"Idaho","Clark County",5,42,15,6,9
050,16,033,"Idaho","Clark County",5,43,10,6,4
050,16,033,"Idaho","Clark County",5,44,7,4,3
050,16,033,"Idaho","Clark County",5,45,5,2,3
050,16,033,"Idaho","Clark County",5,46,9,4,5
050,16,033,"Idaho","Clark County",5,47,6,4,2
050,16,033,"Idaho","Clark County",5,48,16,8,8
050,16,033,"Idaho","Clark County",5,49,12,8,4
050,16,033,"Idaho","Clark County",5,50,8,6,2
050,16,033,"Idaho","Clark County",5,51,3,1,2
050,16,033,"Idaho","Clark County",5,52,9,3,6
050,16,033,"Idaho","Clark County",5,53,9,5,4
050,16,033,"Idaho","Clark County",5,54,10,4,6
050,16,033,"Idaho","Clark County",5,55,8,2,6
050,16,033,"Idaho","Clark County",5,56,7,2,5
050,16,033,"Idaho","Clark County",5,57,10,5,5
050,16,033,"Idaho","Clark County",5,58,12,7,5
050,16,033,"Idaho","Clark County",5,59,11,7,4
050,16,033,"Idaho","Clark County",5,60,5,4,1
050,16,033,"Idaho","Clark County",5,61,11,5,6
050,16,033,"Idaho","Clark County",5,62,9,6,3
050,16,033,"Idaho","Clark County",5,63,6,3,3
050,16,033,"Idaho","Clark County",5,64,7,5,2
050,16,033,"Idaho","Clark County",5,65,11,7,4
050,16,033,"Idaho","Clark County",5,66,14,13,1
050,16,033,"Idaho","Clark County",5,67,11,8,3
050,16,033,"Idaho","Clark County",5,68,14,6,8
050,16,033,"Idaho","Clark County",5,69,12,6,6
050,16,033,"Idaho","Clark County",5,70,11,7,4
050,16,033,"Idaho","Clark County",5,71,7,4,3
050,16,033,"Idaho","Clark County",5,72,7,4,3
050,16,033,"Idaho","Clark County",5,73,9,5,4
050,16,033,"Idaho","Clark County",5,74,7,4,3
050,16,033,"Idaho","Clark County",5,75,3,2,1
050,16,033,"Idaho","Clark County",5,76,2,0,2
050,16,033,"Idaho","Clark County",5,77,5,3,2
050,16,033,"Idaho","Clark County",5,78,7,1,6
050,16,033,"Idaho","Clark County",5,79,5,2,3
050,16,033,"Idaho","Clark County",5,80,7,3,4
050,16,033,"Idaho","Clark County",5,81,4,3,1
050,16,033,"Idaho","Clark County",5,82,4,1,3
050,16,033,"Idaho","Clark County",5,83,5,3,2
050,16,033,"Idaho","Clark County",5,84,4,4,0
050,16,033,"Idaho","Clark County",5,85,27,15,12
050,16,035,"Idaho","Clearwater County",1,0,63,32,31
050,16,035,"Idaho","Clearwater County",1,1,68,35,33
050,16,035,"Idaho","Clearwater County",1,2,61,33,28
050,16,035,"Idaho","Clearwater County",1,3,62,33,29
050,16,035,"Idaho","Clearwater County",1,4,65,38,27
050,16,035,"Idaho","Clearwater County",1,5,54,38,16
050,16,035,"Idaho","Clearwater County",1,6,71,42,29
050,16,035,"Idaho","Clearwater County",1,7,74,33,41
050,16,035,"Idaho","Clearwater County",1,8,72,39,33
050,16,035,"Idaho","Clearwater County",1,9,66,34,32
050,16,035,"Idaho","Clearwater County",1,10,67,34,33
050,16,035,"Idaho","Clearwater County",1,11,84,42,42
050,16,035,"Idaho","Clearwater County",1,12,88,54,34
050,16,035,"Idaho","Clearwater County",1,13,75,41,34
050,16,035,"Idaho","Clearwater County",1,14,79,46,33
050,16,035,"Idaho","Clearwater County",1,15,80,47,33
050,16,035,"Idaho","Clearwater County",1,16,82,40,42
050,16,035,"Idaho","Clearwater County",1,17,87,47,40
050,16,035,"Idaho","Clearwater County",1,18,71,44,27
050,16,035,"Idaho","Clearwater County",1,19,53,31,22
050,16,035,"Idaho","Clearwater County",1,20,57,35,22
050,16,035,"Idaho","Clearwater County",1,21,64,42,22
050,16,035,"Idaho","Clearwater County",1,22,64,40,24
050,16,035,"Idaho","Clearwater County",1,23,77,54,23
050,16,035,"Idaho","Clearwater County",1,24,100,61,39
050,16,035,"Idaho","Clearwater County",1,25,97,59,38
050,16,035,"Idaho","Clearwater County",1,26,111,74,37
050,16,035,"Idaho","Clearwater County",1,27,105,65,40
050,16,035,"Idaho","Clearwater County",1,28,106,68,38
050,16,035,"Idaho","Clearwater County",1,29,89,58,31
050,16,035,"Idaho","Clearwater County",1,30,81,55,26
050,16,035,"Idaho","Clearwater County",1,31,89,57,32
050,16,035,"Idaho","Clearwater County",1,32,85,50,35
050,16,035,"Idaho","Clearwater County",1,33,95,56,39
050,16,035,"Idaho","Clearwater County",1,34,94,50,44
050,16,035,"Idaho","Clearwater County",1,35,87,50,37
050,16,035,"Idaho","Clearwater County",1,36,84,51,33
050,16,035,"Idaho","Clearwater County",1,37,109,70,39
050,16,035,"Idaho","Clearwater County",1,38,116,71,45
050,16,035,"Idaho","Clearwater County",1,39,88,50,38
050,16,035,"Idaho","Clearwater County",1,40,91,51,40
050,16,035,"Idaho","Clearwater County",1,41,101,58,43
050,16,035,"Idaho","Clearwater County",1,42,94,57,37
050,16,035,"Idaho","Clearwater County",1,43,107,57,50
050,16,035,"Idaho","Clearwater County",1,44,94,49,45
050,16,035,"Idaho","Clearwater County",1,45,76,47,29
050,16,035,"Idaho","Clearwater County",1,46,76,46,30
050,16,035,"Idaho","Clearwater County",1,47,105,63,42
050,16,035,"Idaho","Clearwater County",1,48,102,57,45
050,16,035,"Idaho","Clearwater County",1,49,104,60,44
050,16,035,"Idaho","Clearwater County",1,50,116,63,53
050,16,035,"Idaho","Clearwater County",1,51,131,82,49
050,16,035,"Idaho","Clearwater County",1,52,116,63,53
050,16,035,"Idaho","Clearwater County",1,53,128,66,62
050,16,035,"Idaho","Clearwater County",1,54,112,71,41
050,16,035,"Idaho","Clearwater County",1,55,117,54,63
050,16,035,"Idaho","Clearwater County",1,56,134,62,72
050,16,035,"Idaho","Clearwater County",1,57,150,71,79
050,16,035,"Idaho","Clearwater County",1,58,163,86,77
050,16,035,"Idaho","Clearwater County",1,59,178,97,81
050,16,035,"Idaho","Clearwater County",1,60,183,89,94
050,16,035,"Idaho","Clearwater County",1,61,146,68,78
050,16,035,"Idaho","Clearwater County",1,62,150,78,72
050,16,035,"Idaho","Clearwater County",1,63,144,76,68
050,16,035,"Idaho","Clearwater County",1,64,124,70,54
050,16,035,"Idaho","Clearwater County",1,65,156,82,74
050,16,035,"Idaho","Clearwater County",1,66,146,72,74
050,16,035,"Idaho","Clearwater County",1,67,148,87,61
050,16,035,"Idaho","Clearwater County",1,68,145,79,66
050,16,035,"Idaho","Clearwater County",1,69,156,82,74
050,16,035,"Idaho","Clearwater County",1,70,163,84,79
050,16,035,"Idaho","Clearwater County",1,71,146,84,62
050,16,035,"Idaho","Clearwater County",1,72,150,89,61
050,16,035,"Idaho","Clearwater County",1,73,142,80,62
050,16,035,"Idaho","Clearwater County",1,74,96,47,49
050,16,035,"Idaho","Clearwater County",1,75,100,51,49
050,16,035,"Idaho","Clearwater County",1,76,108,60,48
050,16,035,"Idaho","Clearwater County",1,77,94,63,31
050,16,035,"Idaho","Clearwater County",1,78,88,51,37
050,16,035,"Idaho","Clearwater County",1,79,80,39,41
050,16,035,"Idaho","Clearwater County",1,80,66,36,30
050,16,035,"Idaho","Clearwater County",1,81,64,33,31
050,16,035,"Idaho","Clearwater County",1,82,52,20,32
050,16,035,"Idaho","Clearwater County",1,83,50,25,25
050,16,035,"Idaho","Clearwater County",1,84,48,27,21
050,16,035,"Idaho","Clearwater County",1,85,268,115,153
050,16,035,"Idaho","Clearwater County",2,0,68,30,38
050,16,035,"Idaho","Clearwater County",2,1,65,33,32
050,16,035,"Idaho","Clearwater County",2,2,63,33,30
050,16,035,"Idaho","Clearwater County",2,3,62,35,27
050,16,035,"Idaho","Clearwater County",2,4,66,39,27
050,16,035,"Idaho","Clearwater County",2,5,56,38,18
050,16,035,"Idaho","Clearwater County",2,6,69,41,28
050,16,035,"Idaho","Clearwater County",2,7,73,35,38
050,16,035,"Idaho","Clearwater County",2,8,72,37,35
050,16,035,"Idaho","Clearwater County",2,9,68,35,33
050,16,035,"Idaho","Clearwater County",2,10,69,35,34
050,16,035,"Idaho","Clearwater County",2,11,80,42,38
050,16,035,"Idaho","Clearwater County",2,12,87,51,36
050,16,035,"Idaho","Clearwater County",2,13,76,43,33
050,16,035,"Idaho","Clearwater County",2,14,79,45,34
050,16,035,"Idaho","Clearwater County",2,15,79,48,31
050,16,035,"Idaho","Clearwater County",2,16,83,42,41
050,16,035,"Idaho","Clearwater County",2,17,88,46,42
050,16,035,"Idaho","Clearwater County",2,18,71,44,27
050,16,035,"Idaho","Clearwater County",2,19,54,32,22
050,16,035,"Idaho","Clearwater County",2,20,57,34,23
050,16,035,"Idaho","Clearwater County",2,21,64,42,22
050,16,035,"Idaho","Clearwater County",2,22,63,41,22
050,16,035,"Idaho","Clearwater County",2,23,77,53,24
050,16,035,"Idaho","Clearwater County",2,24,97,61,36
050,16,035,"Idaho","Clearwater County",2,25,101,62,39
050,16,035,"Idaho","Clearwater County",2,26,111,74,37
050,16,035,"Idaho","Clearwater County",2,27,105,65,40
050,16,035,"Idaho","Clearwater County",2,28,104,66,38
050,16,035,"Idaho","Clearwater County",2,29,94,60,34
050,16,035,"Idaho","Clearwater County",2,30,85,56,29
050,16,035,"Idaho","Clearwater County",2,31,88,57,31
050,16,035,"Idaho","Clearwater County",2,32,84,49,35
050,16,035,"Idaho","Clearwater County",2,33,94,55,39
050,16,035,"Idaho","Clearwater County",2,34,93,50,43
050,16,035,"Idaho","Clearwater County",2,35,91,51,40
050,16,035,"Idaho","Clearwater County",2,36,85,51,34
050,16,035,"Idaho","Clearwater County",2,37,108,69,39
050,16,035,"Idaho","Clearwater County",2,38,116,72,44
050,16,035,"Idaho","Clearwater County",2,39,89,52,37
050,16,035,"Idaho","Clearwater County",2,40,93,53,40
050,16,035,"Idaho","Clearwater County",2,41,98,55,43
050,16,035,"Idaho","Clearwater County",2,42,96,58,38
050,16,035,"Idaho","Clearwater County",2,43,104,56,48
050,16,035,"Idaho","Clearwater County",2,44,99,52,47
050,16,035,"Idaho","Clearwater County",2,45,81,47,34
050,16,035,"Idaho","Clearwater County",2,46,75,45,30
050,16,035,"Idaho","Clearwater County",2,47,99,60,39
050,16,035,"Idaho","Clearwater County",2,48,104,59,45
050,16,035,"Idaho","Clearwater County",2,49,105,60,45
050,16,035,"Idaho","Clearwater County",2,50,113,62,51
050,16,035,"Idaho","Clearwater County",2,51,128,78,50
050,16,035,"Idaho","Clearwater County",2,52,120,67,53
050,16,035,"Idaho","Clearwater County",2,53,124,65,59
050,16,035,"Idaho","Clearwater County",2,54,116,69,47
050,16,035,"Idaho","Clearwater County",2,55,114,56,58
050,16,035,"Idaho","Clearwater County",2,56,131,60,71
050,16,035,"Idaho","Clearwater County",2,57,148,71,77
050,16,035,"Idaho","Clearwater County",2,58,156,79,77
050,16,035,"Idaho","Clearwater County",2,59,178,96,82
050,16,035,"Idaho","Clearwater County",2,60,182,90,92
050,16,035,"Idaho","Clearwater County",2,61,153,73,80
050,16,035,"Idaho","Clearwater County",2,62,148,75,73
050,16,035,"Idaho","Clearwater County",2,63,148,78,70
050,16,035,"Idaho","Clearwater County",2,64,128,70,58
050,16,035,"Idaho","Clearwater County",2,65,148,78,70
050,16,035,"Idaho","Clearwater County",2,66,149,75,74
050,16,035,"Idaho","Clearwater County",2,67,146,83,63
050,16,035,"Idaho","Clearwater County",2,68,143,79,64
050,16,035,"Idaho","Clearwater County",2,69,157,83,74
050,16,035,"Idaho","Clearwater County",2,70,159,82,77
050,16,035,"Idaho","Clearwater County",2,71,151,85,66
050,16,035,"Idaho","Clearwater County",2,72,148,87,61
050,16,035,"Idaho","Clearwater County",2,73,150,86,64
050,16,035,"Idaho","Clearwater County",2,74,100,50,50
050,16,035,"Idaho","Clearwater County",2,75,98,50,48
050,16,035,"Idaho","Clearwater County",2,76,105,58,47
050,16,035,"Idaho","Clearwater County",2,77,97,63,34
050,16,035,"Idaho","Clearwater County",2,78,90,54,36
050,16,035,"Idaho","Clearwater County",2,79,78,39,39
050,16,035,"Idaho","Clearwater County",2,80,68,36,32
050,16,035,"Idaho","Clearwater County",2,81,64,34,30
050,16,035,"Idaho","Clearwater County",2,82,54,23,31
050,16,035,"Idaho","Clearwater County",2,83,50,24,26
050,16,035,"Idaho","Clearwater County",2,84,48,26,22
050,16,035,"Idaho","Clearwater County",2,85,272,119,153
050,16,035,"Idaho","Clearwater County",3,0,62,34,28
050,16,035,"Idaho","Clearwater County",3,1,71,37,34
050,16,035,"Idaho","Clearwater County",3,2,76,42,34
050,16,035,"Idaho","Clearwater County",3,3,62,33,29
050,16,035,"Idaho","Clearwater County",3,4,66,33,33
050,16,035,"Idaho","Clearwater County",3,5,69,42,27
050,16,035,"Idaho","Clearwater County",3,6,65,43,22
050,16,035,"Idaho","Clearwater County",3,7,74,46,28
050,16,035,"Idaho","Clearwater County",3,8,73,37,36
050,16,035,"Idaho","Clearwater County",3,9,75,36,39
050,16,035,"Idaho","Clearwater County",3,10,62,31,31
050,16,035,"Idaho","Clearwater County",3,11,73,39,34
050,16,035,"Idaho","Clearwater County",3,12,84,47,37
050,16,035,"Idaho","Clearwater County",3,13,90,51,39
050,16,035,"Idaho","Clearwater County",3,14,73,43,30
050,16,035,"Idaho","Clearwater County",3,15,86,53,33
050,16,035,"Idaho","Clearwater County",3,16,80,50,30
050,16,035,"Idaho","Clearwater County",3,17,93,53,40
050,16,035,"Idaho","Clearwater County",3,18,73,41,32
050,16,035,"Idaho","Clearwater County",3,19,57,39,18
050,16,035,"Idaho","Clearwater County",3,20,59,37,22
050,16,035,"Idaho","Clearwater County",3,21,64,41,23
050,16,035,"Idaho","Clearwater County",3,22,64,40,24
050,16,035,"Idaho","Clearwater County",3,23,72,44,28
050,16,035,"Idaho","Clearwater County",3,24,77,53,24
050,16,035,"Idaho","Clearwater County",3,25,98,61,37
050,16,035,"Idaho","Clearwater County",3,26,94,61,33
050,16,035,"Idaho","Clearwater County",3,27,103,66,37
050,16,035,"Idaho","Clearwater County",3,28,103,65,38
050,16,035,"Idaho","Clearwater County",3,29,105,64,41
050,16,035,"Idaho","Clearwater County",3,30,105,66,39
050,16,035,"Idaho","Clearwater County",3,31,97,68,29
050,16,035,"Idaho","Clearwater County",3,32,86,50,36
050,16,035,"Idaho","Clearwater County",3,33,93,59,34
050,16,035,"Idaho","Clearwater County",3,34,93,53,40
050,16,035,"Idaho","Clearwater County",3,35,99,51,48
050,16,035,"Idaho","Clearwater County",3,36,92,54,38
050,16,035,"Idaho","Clearwater County",3,37,99,64,35
050,16,035,"Idaho","Clearwater County",3,38,105,66,39
050,16,035,"Idaho","Clearwater County",3,39,109,68,41
050,16,035,"Idaho","Clearwater County",3,40,103,60,43
050,16,035,"Idaho","Clearwater County",3,41,91,53,38
050,16,035,"Idaho","Clearwater County",3,42,102,54,48
050,16,035,"Idaho","Clearwater County",3,43,93,58,35
050,16,035,"Idaho","Clearwater County",3,44,120,69,51
050,16,035,"Idaho","Clearwater County",3,45,106,55,51
050,16,035,"Idaho","Clearwater County",3,46,87,53,34
050,16,035,"Idaho","Clearwater County",3,47,81,51,30
050,16,035,"Idaho","Clearwater County",3,48,113,70,43
050,16,035,"Idaho","Clearwater County",3,49,102,54,48
050,16,035,"Idaho","Clearwater County",3,50,110,56,54
050,16,035,"Idaho","Clearwater County",3,51,119,66,53
050,16,035,"Idaho","Clearwater County",3,52,125,74,51
050,16,035,"Idaho","Clearwater County",3,53,133,74,59
050,16,035,"Idaho","Clearwater County",3,54,125,64,61
050,16,035,"Idaho","Clearwater County",3,55,106,60,46
050,16,035,"Idaho","Clearwater County",3,56,116,58,58
050,16,035,"Idaho","Clearwater County",3,57,136,69,67
050,16,035,"Idaho","Clearwater County",3,58,135,60,75
050,16,035,"Idaho","Clearwater County",3,59,158,78,80
050,16,035,"Idaho","Clearwater County",3,60,178,93,85
050,16,035,"Idaho","Clearwater County",3,61,191,92,99
050,16,035,"Idaho","Clearwater County",3,62,158,77,81
050,16,035,"Idaho","Clearwater County",3,63,160,74,86
050,16,035,"Idaho","Clearwater County",3,64,151,75,76
050,16,035,"Idaho","Clearwater County",3,65,139,81,58
050,16,035,"Idaho","Clearwater County",3,66,157,87,70
050,16,035,"Idaho","Clearwater County",3,67,151,73,78
050,16,035,"Idaho","Clearwater County",3,68,146,85,61
050,16,035,"Idaho","Clearwater County",3,69,143,80,63
050,16,035,"Idaho","Clearwater County",3,70,157,84,73
050,16,035,"Idaho","Clearwater County",3,71,154,80,74
050,16,035,"Idaho","Clearwater County",3,72,145,81,64
050,16,035,"Idaho","Clearwater County",3,73,147,85,62
050,16,035,"Idaho","Clearwater County",3,74,150,89,61
050,16,035,"Idaho","Clearwater County",3,75,90,46,44
050,16,035,"Idaho","Clearwater County",3,76,95,48,47
050,16,035,"Idaho","Clearwater County",3,77,102,56,46
050,16,035,"Idaho","Clearwater County",3,78,97,63,34
050,16,035,"Idaho","Clearwater County",3,79,81,47,34
050,16,035,"Idaho","Clearwater County",3,80,73,38,35
050,16,035,"Idaho","Clearwater County",3,81,69,36,33
050,16,035,"Idaho","Clearwater County",3,82,61,29,32
050,16,035,"Idaho","Clearwater County",3,83,56,23,33
050,16,035,"Idaho","Clearwater County",3,84,45,22,23
050,16,035,"Idaho","Clearwater County",3,85,287,131,156
050,16,035,"Idaho","Clearwater County",4,0,68,35,33
050,16,035,"Idaho","Clearwater County",4,1,57,31,26
050,16,035,"Idaho","Clearwater County",4,2,71,35,36
050,16,035,"Idaho","Clearwater County",4,3,68,37,31
050,16,035,"Idaho","Clearwater County",4,4,62,31,31
050,16,035,"Idaho","Clearwater County",4,5,65,31,34
050,16,035,"Idaho","Clearwater County",4,6,73,46,27
050,16,035,"Idaho","Clearwater County",4,7,69,45,24
050,16,035,"Idaho","Clearwater County",4,8,74,45,29
050,16,035,"Idaho","Clearwater County",4,9,81,43,38
050,16,035,"Idaho","Clearwater County",4,10,77,35,42
050,16,035,"Idaho","Clearwater County",4,11,69,33,36
050,16,035,"Idaho","Clearwater County",4,12,79,45,34
050,16,035,"Idaho","Clearwater County",4,13,93,49,44
050,16,035,"Idaho","Clearwater County",4,14,104,59,45
050,16,035,"Idaho","Clearwater County",4,15,86,51,35
050,16,035,"Idaho","Clearwater County",4,16,97,60,37
050,16,035,"Idaho","Clearwater County",4,17,89,55,34
050,16,035,"Idaho","Clearwater County",4,18,85,50,35
050,16,035,"Idaho","Clearwater County",4,19,55,32,23
050,16,035,"Idaho","Clearwater County",4,20,62,43,19
050,16,035,"Idaho","Clearwater County",4,21,68,46,22
050,16,035,"Idaho","Clearwater County",4,22,54,30,24
050,16,035,"Idaho","Clearwater County",4,23,61,41,20
050,16,035,"Idaho","Clearwater County",4,24,74,47,27
050,16,035,"Idaho","Clearwater County",4,25,76,51,25
050,16,035,"Idaho","Clearwater County",4,26,114,74,40
050,16,035,"Idaho","Clearwater County",4,27,92,56,36
050,16,035,"Idaho","Clearwater County",4,28,99,67,32
050,16,035,"Idaho","Clearwater County",4,29,100,64,36
050,16,035,"Idaho","Clearwater County",4,30,101,62,39
050,16,035,"Idaho","Clearwater County",4,31,114,74,40
050,16,035,"Idaho","Clearwater County",4,32,97,61,36
050,16,035,"Idaho","Clearwater County",4,33,91,59,32
050,16,035,"Idaho","Clearwater County",4,34,90,57,33
050,16,035,"Idaho","Clearwater County",4,35,91,52,39
050,16,035,"Idaho","Clearwater County",4,36,93,47,46
050,16,035,"Idaho","Clearwater County",4,37,95,57,38
050,16,035,"Idaho","Clearwater County",4,38,102,63,39
050,16,035,"Idaho","Clearwater County",4,39,94,56,38
050,16,035,"Idaho","Clearwater County",4,40,106,67,39
050,16,035,"Idaho","Clearwater County",4,41,99,53,46
050,16,035,"Idaho","Clearwater County",4,42,86,45,41
050,16,035,"Idaho","Clearwater County",4,43,101,51,50
050,16,035,"Idaho","Clearwater County",4,44,106,62,44
050,16,035,"Idaho","Clearwater County",4,45,126,70,56
050,16,035,"Idaho","Clearwater County",4,46,112,56,56
050,16,035,"Idaho","Clearwater County",4,47,92,56,36
050,16,035,"Idaho","Clearwater County",4,48,86,55,31
050,16,035,"Idaho","Clearwater County",4,49,117,73,44
050,16,035,"Idaho","Clearwater County",4,50,102,45,57
050,16,035,"Idaho","Clearwater County",4,51,116,61,55
050,16,035,"Idaho","Clearwater County",4,52,120,64,56
050,16,035,"Idaho","Clearwater County",4,53,135,84,51
050,16,035,"Idaho","Clearwater County",4,54,127,72,55
050,16,035,"Idaho","Clearwater County",4,55,121,59,62
050,16,035,"Idaho","Clearwater County",4,56,111,63,48
050,16,035,"Idaho","Clearwater County",4,57,127,67,60
050,16,035,"Idaho","Clearwater County",4,58,123,55,68
050,16,035,"Idaho","Clearwater County",4,59,142,68,74
050,16,035,"Idaho","Clearwater County",4,60,158,76,82
050,16,035,"Idaho","Clearwater County",4,61,187,98,89
050,16,035,"Idaho","Clearwater County",4,62,192,94,98
050,16,035,"Idaho","Clearwater County",4,63,171,85,86
050,16,035,"Idaho","Clearwater County",4,64,163,77,86
050,16,035,"Idaho","Clearwater County",4,65,159,79,80
050,16,035,"Idaho","Clearwater County",4,66,149,90,59
050,16,035,"Idaho","Clearwater County",4,67,160,86,74
050,16,035,"Idaho","Clearwater County",4,68,153,77,76
050,16,035,"Idaho","Clearwater County",4,69,153,91,62
050,16,035,"Idaho","Clearwater County",4,70,141,78,63
050,16,035,"Idaho","Clearwater County",4,71,150,81,69
050,16,035,"Idaho","Clearwater County",4,72,146,74,72
050,16,035,"Idaho","Clearwater County",4,73,146,82,64
050,16,035,"Idaho","Clearwater County",4,74,142,83,59
050,16,035,"Idaho","Clearwater County",4,75,145,85,60
050,16,035,"Idaho","Clearwater County",4,76,94,48,46
050,16,035,"Idaho","Clearwater County",4,77,90,45,45
050,16,035,"Idaho","Clearwater County",4,78,96,56,40
050,16,035,"Idaho","Clearwater County",4,79,87,55,32
050,16,035,"Idaho","Clearwater County",4,80,72,44,28
050,16,035,"Idaho","Clearwater County",4,81,69,36,33
050,16,035,"Idaho","Clearwater County",4,82,68,34,34
050,16,035,"Idaho","Clearwater County",4,83,62,27,35
050,16,035,"Idaho","Clearwater County",4,84,50,20,30
050,16,035,"Idaho","Clearwater County",4,85,287,131,156
050,16,035,"Idaho","Clearwater County",5,0,67,33,34
050,16,035,"Idaho","Clearwater County",5,1,70,41,29
050,16,035,"Idaho","Clearwater County",5,2,54,30,24
050,16,035,"Idaho","Clearwater County",5,3,72,39,33
050,16,035,"Idaho","Clearwater County",5,4,72,40,32
050,16,035,"Idaho","Clearwater County",5,5,64,32,32
050,16,035,"Idaho","Clearwater County",5,6,63,30,33
050,16,035,"Idaho","Clearwater County",5,7,77,47,30
050,16,035,"Idaho","Clearwater County",5,8,74,50,24
050,16,035,"Idaho","Clearwater County",5,9,84,50,34
050,16,035,"Idaho","Clearwater County",5,10,80,41,39
050,16,035,"Idaho","Clearwater County",5,11,77,36,41
050,16,035,"Idaho","Clearwater County",5,12,78,38,40
050,16,035,"Idaho","Clearwater County",5,13,84,51,33
050,16,035,"Idaho","Clearwater County",5,14,96,50,46
050,16,035,"Idaho","Clearwater County",5,15,109,61,48
050,16,035,"Idaho","Clearwater County",5,16,96,53,43
050,16,035,"Idaho","Clearwater County",5,17,94,58,36
050,16,035,"Idaho","Clearwater County",5,18,75,46,29
050,16,035,"Idaho","Clearwater County",5,19,64,37,27
050,16,035,"Idaho","Clearwater County",5,20,65,40,25
050,16,035,"Idaho","Clearwater County",5,21,82,57,25
050,16,035,"Idaho","Clearwater County",5,22,68,43,25
050,16,035,"Idaho","Clearwater County",5,23,66,38,28
050,16,035,"Idaho","Clearwater County",5,24,72,50,22
050,16,035,"Idaho","Clearwater County",5,25,80,52,28
050,16,035,"Idaho","Clearwater County",5,26,83,62,21
050,16,035,"Idaho","Clearwater County",5,27,110,67,43
050,16,035,"Idaho","Clearwater County",5,28,93,54,39
050,16,035,"Idaho","Clearwater County",5,29,99,63,36
050,16,035,"Idaho","Clearwater County",5,30,100,63,37
050,16,035,"Idaho","Clearwater County",5,31,107,67,40
050,16,035,"Idaho","Clearwater County",5,32,103,65,38
050,16,035,"Idaho","Clearwater County",5,33,112,72,40
050,16,035,"Idaho","Clearwater County",5,34,91,59,32
050,16,035,"Idaho","Clearwater County",5,35,98,63,35
050,16,035,"Idaho","Clearwater County",5,36,92,50,42
050,16,035,"Idaho","Clearwater County",5,37,104,59,45
050,16,035,"Idaho","Clearwater County",5,38,99,55,44
050,16,035,"Idaho","Clearwater County",5,39,85,48,37
050,16,035,"Idaho","Clearwater County",5,40,107,66,41
050,16,035,"Idaho","Clearwater County",5,41,107,64,43
050,16,035,"Idaho","Clearwater County",5,42,111,59,52
050,16,035,"Idaho","Clearwater County",5,43,93,45,48
050,16,035,"Idaho","Clearwater County",5,44,111,62,49
050,16,035,"Idaho","Clearwater County",5,45,112,66,46
050,16,035,"Idaho","Clearwater County",5,46,127,73,54
050,16,035,"Idaho","Clearwater County",5,47,115,63,52
050,16,035,"Idaho","Clearwater County",5,48,104,65,39
050,16,035,"Idaho","Clearwater County",5,49,86,49,37
050,16,035,"Idaho","Clearwater County",5,50,111,69,42
050,16,035,"Idaho","Clearwater County",5,51,101,45,56
050,16,035,"Idaho","Clearwater County",5,52,112,59,53
050,16,035,"Idaho","Clearwater County",5,53,131,70,61
050,16,035,"Idaho","Clearwater County",5,54,148,88,60
050,16,035,"Idaho","Clearwater County",5,55,123,62,61
050,16,035,"Idaho","Clearwater County",5,56,119,58,61
050,16,035,"Idaho","Clearwater County",5,57,133,76,57
050,16,035,"Idaho","Clearwater County",5,58,125,65,60
050,16,035,"Idaho","Clearwater County",5,59,142,66,76
050,16,035,"Idaho","Clearwater County",5,60,142,69,73
050,16,035,"Idaho","Clearwater County",5,61,156,72,84
050,16,035,"Idaho","Clearwater County",5,62,189,98,91
050,16,035,"Idaho","Clearwater County",5,63,205,97,108
050,16,035,"Idaho","Clearwater County",5,64,179,88,91
050,16,035,"Idaho","Clearwater County",5,65,167,78,89
050,16,035,"Idaho","Clearwater County",5,66,157,83,74
050,16,035,"Idaho","Clearwater County",5,67,149,89,60
050,16,035,"Idaho","Clearwater County",5,68,150,80,70
050,16,035,"Idaho","Clearwater County",5,69,161,77,84
050,16,035,"Idaho","Clearwater County",5,70,148,88,60
050,16,035,"Idaho","Clearwater County",5,71,134,74,60
050,16,035,"Idaho","Clearwater County",5,72,142,77,65
050,16,035,"Idaho","Clearwater County",5,73,148,75,73
050,16,035,"Idaho","Clearwater County",5,74,136,79,57
050,16,035,"Idaho","Clearwater County",5,75,129,78,51
050,16,035,"Idaho","Clearwater County",5,76,148,85,63
050,16,035,"Idaho","Clearwater County",5,77,94,47,47
050,16,035,"Idaho","Clearwater County",5,78,87,44,43
050,16,035,"Idaho","Clearwater County",5,79,86,48,38
050,16,035,"Idaho","Clearwater County",5,80,73,50,23
050,16,035,"Idaho","Clearwater County",5,81,69,43,26
050,16,035,"Idaho","Clearwater County",5,82,65,31,34
050,16,035,"Idaho","Clearwater County",5,83,69,34,35
050,16,035,"Idaho","Clearwater County",5,84,53,24,29
050,16,035,"Idaho","Clearwater County",5,85,301,131,170
050,16,037,"Idaho","Custer County",1,0,29,15,14
050,16,037,"Idaho","Custer County",1,1,32,15,17
050,16,037,"Idaho","Custer County",1,2,35,21,14
050,16,037,"Idaho","Custer County",1,3,42,23,19
050,16,037,"Idaho","Custer County",1,4,48,24,24
050,16,037,"Idaho","Custer County",1,5,42,22,20
050,16,037,"Idaho","Custer County",1,6,42,21,21
050,16,037,"Idaho","Custer County",1,7,41,19,22
050,16,037,"Idaho","Custer County",1,8,36,22,14
050,16,037,"Idaho","Custer County",1,9,33,18,15
050,16,037,"Idaho","Custer County",1,10,28,16,12
050,16,037,"Idaho","Custer County",1,11,43,19,24
050,16,037,"Idaho","Custer County",1,12,54,27,27
050,16,037,"Idaho","Custer County",1,13,42,19,23
050,16,037,"Idaho","Custer County",1,14,44,23,21
050,16,037,"Idaho","Custer County",1,15,39,20,19
050,16,037,"Idaho","Custer County",1,16,46,23,23
050,16,037,"Idaho","Custer County",1,17,51,25,26
050,16,037,"Idaho","Custer County",1,18,38,21,17
050,16,037,"Idaho","Custer County",1,19,29,19,10
050,16,037,"Idaho","Custer County",1,20,31,17,14
050,16,037,"Idaho","Custer County",1,21,24,10,14
050,16,037,"Idaho","Custer County",1,22,28,15,13
050,16,037,"Idaho","Custer County",1,23,31,17,14
050,16,037,"Idaho","Custer County",1,24,33,21,12
050,16,037,"Idaho","Custer County",1,25,25,14,11
050,16,037,"Idaho","Custer County",1,26,22,9,13
050,16,037,"Idaho","Custer County",1,27,30,12,18
050,16,037,"Idaho","Custer County",1,28,34,16,18
050,16,037,"Idaho","Custer County",1,29,44,21,23
050,16,037,"Idaho","Custer County",1,30,44,22,22
050,16,037,"Idaho","Custer County",1,31,37,25,12
050,16,037,"Idaho","Custer County",1,32,36,16,20
050,16,037,"Idaho","Custer County",1,33,43,23,20
050,16,037,"Idaho","Custer County",1,34,47,21,26
050,16,037,"Idaho","Custer County",1,35,44,22,22
050,16,037,"Idaho","Custer County",1,36,31,16,15
050,16,037,"Idaho","Custer County",1,37,48,29,19
050,16,037,"Idaho","Custer County",1,38,54,30,24
050,16,037,"Idaho","Custer County",1,39,41,26,15
050,16,037,"Idaho","Custer County",1,40,48,27,21
050,16,037,"Idaho","Custer County",1,41,40,19,21
050,16,037,"Idaho","Custer County",1,42,39,17,22
050,16,037,"Idaho","Custer County",1,43,42,22,20
050,16,037,"Idaho","Custer County",1,44,49,25,24
050,16,037,"Idaho","Custer County",1,45,40,22,18
050,16,037,"Idaho","Custer County",1,46,48,28,20
050,16,037,"Idaho","Custer County",1,47,52,29,23
050,16,037,"Idaho","Custer County",1,48,47,26,21
050,16,037,"Idaho","Custer County",1,49,52,23,29
050,16,037,"Idaho","Custer County",1,50,43,21,22
050,16,037,"Idaho","Custer County",1,51,52,29,23
050,16,037,"Idaho","Custer County",1,52,52,29,23
050,16,037,"Idaho","Custer County",1,53,38,17,21
050,16,037,"Idaho","Custer County",1,54,52,26,26
050,16,037,"Idaho","Custer County",1,55,46,20,26
050,16,037,"Idaho","Custer County",1,56,51,26,25
050,16,037,"Idaho","Custer County",1,57,75,41,34
050,16,037,"Idaho","Custer County",1,58,78,37,41
050,16,037,"Idaho","Custer County",1,59,71,32,39
050,16,037,"Idaho","Custer County",1,60,86,37,49
050,16,037,"Idaho","Custer County",1,61,94,51,43
050,16,037,"Idaho","Custer County",1,62,93,57,36
050,16,037,"Idaho","Custer County",1,63,87,46,41
050,16,037,"Idaho","Custer County",1,64,77,43,34
050,16,037,"Idaho","Custer County",1,65,88,47,41
050,16,037,"Idaho","Custer County",1,66,84,42,42
050,16,037,"Idaho","Custer County",1,67,86,39,47
050,16,037,"Idaho","Custer County",1,68,101,60,41
050,16,037,"Idaho","Custer County",1,69,88,56,32
050,16,037,"Idaho","Custer County",1,70,91,56,35
050,16,037,"Idaho","Custer County",1,71,77,37,40
050,16,037,"Idaho","Custer County",1,72,75,40,35
050,16,037,"Idaho","Custer County",1,73,79,49,30
050,16,037,"Idaho","Custer County",1,74,58,41,17
050,16,037,"Idaho","Custer County",1,75,53,29,24
050,16,037,"Idaho","Custer County",1,76,47,24,23
050,16,037,"Idaho","Custer County",1,77,47,27,20
050,16,037,"Idaho","Custer County",1,78,45,24,21
050,16,037,"Idaho","Custer County",1,79,37,18,19
050,16,037,"Idaho","Custer County",1,80,38,21,17
050,16,037,"Idaho","Custer County",1,81,29,12,17
050,16,037,"Idaho","Custer County",1,82,21,7,14
050,16,037,"Idaho","Custer County",1,83,14,6,8
050,16,037,"Idaho","Custer County",1,84,18,9,9
050,16,037,"Idaho","Custer County",1,85,130,52,78
050,16,037,"Idaho","Custer County",2,0,31,17,14
050,16,037,"Idaho","Custer County",2,1,30,14,16
050,16,037,"Idaho","Custer County",2,2,35,20,15
050,16,037,"Idaho","Custer County",2,3,41,23,18
050,16,037,"Idaho","Custer County",2,4,47,24,23
050,16,037,"Idaho","Custer County",2,5,43,22,21
050,16,037,"Idaho","Custer County",2,6,41,21,20
050,16,037,"Idaho","Custer County",2,7,40,19,21
050,16,037,"Idaho","Custer County",2,8,37,21,16
050,16,037,"Idaho","Custer County",2,9,34,19,15
050,16,037,"Idaho","Custer County",2,10,28,16,12
050,16,037,"Idaho","Custer County",2,11,40,19,21
050,16,037,"Idaho","Custer County",2,12,52,25,27
050,16,037,"Idaho","Custer County",2,13,44,20,24
050,16,037,"Idaho","Custer County",2,14,45,23,22
050,16,037,"Idaho","Custer County",2,15,40,21,19
050,16,037,"Idaho","Custer County",2,16,44,23,21
050,16,037,"Idaho","Custer County",2,17,50,25,25
050,16,037,"Idaho","Custer County",2,18,38,21,17
050,16,037,"Idaho","Custer County",2,19,28,18,10
050,16,037,"Idaho","Custer County",2,20,31,18,13
050,16,037,"Idaho","Custer County",2,21,26,11,15
050,16,037,"Idaho","Custer County",2,22,27,14,13
050,16,037,"Idaho","Custer County",2,23,31,17,14
050,16,037,"Idaho","Custer County",2,24,32,20,12
050,16,037,"Idaho","Custer County",2,25,25,15,10
050,16,037,"Idaho","Custer County",2,26,23,10,13
050,16,037,"Idaho","Custer County",2,27,28,11,17
050,16,037,"Idaho","Custer County",2,28,32,15,17
050,16,037,"Idaho","Custer County",2,29,43,20,23
050,16,037,"Idaho","Custer County",2,30,42,21,21
050,16,037,"Idaho","Custer County",2,31,38,24,14
050,16,037,"Idaho","Custer County",2,32,38,19,19
050,16,037,"Idaho","Custer County",2,33,42,22,20
050,16,037,"Idaho","Custer County",2,34,47,22,25
050,16,037,"Idaho","Custer County",2,35,45,22,23
050,16,037,"Idaho","Custer County",2,36,33,17,16
050,16,037,"Idaho","Custer County",2,37,44,26,18
050,16,037,"Idaho","Custer County",2,38,54,30,24
050,16,037,"Idaho","Custer County",2,39,43,27,16
050,16,037,"Idaho","Custer County",2,40,47,27,20
050,16,037,"Idaho","Custer County",2,41,41,20,21
050,16,037,"Idaho","Custer County",2,42,40,18,22
050,16,037,"Idaho","Custer County",2,43,43,21,22
050,16,037,"Idaho","Custer County",2,44,45,24,21
050,16,037,"Idaho","Custer County",2,45,42,23,19
050,16,037,"Idaho","Custer County",2,46,46,26,20
050,16,037,"Idaho","Custer County",2,47,50,29,21
050,16,037,"Idaho","Custer County",2,48,48,26,22
050,16,037,"Idaho","Custer County",2,49,52,24,28
050,16,037,"Idaho","Custer County",2,50,45,22,23
050,16,037,"Idaho","Custer County",2,51,49,27,22
050,16,037,"Idaho","Custer County",2,52,50,28,22
050,16,037,"Idaho","Custer County",2,53,41,20,21
050,16,037,"Idaho","Custer County",2,54,50,24,26
050,16,037,"Idaho","Custer County",2,55,47,22,25
050,16,037,"Idaho","Custer County",2,56,50,25,25
050,16,037,"Idaho","Custer County",2,57,68,37,31
050,16,037,"Idaho","Custer County",2,58,78,39,39
050,16,037,"Idaho","Custer County",2,59,74,34,40
050,16,037,"Idaho","Custer County",2,60,82,35,47
050,16,037,"Idaho","Custer County",2,61,92,48,44
050,16,037,"Idaho","Custer County",2,62,93,56,37
050,16,037,"Idaho","Custer County",2,63,89,48,41
050,16,037,"Idaho","Custer County",2,64,79,44,35
050,16,037,"Idaho","Custer County",2,65,86,46,40
050,16,037,"Idaho","Custer County",2,66,86,43,43
050,16,037,"Idaho","Custer County",2,67,86,40,46
050,16,037,"Idaho","Custer County",2,68,96,54,42
050,16,037,"Idaho","Custer County",2,69,92,58,34
050,16,037,"Idaho","Custer County",2,70,89,56,33
050,16,037,"Idaho","Custer County",2,71,82,42,40
050,16,037,"Idaho","Custer County",2,72,73,39,34
050,16,037,"Idaho","Custer County",2,73,83,50,33
050,16,037,"Idaho","Custer County",2,74,59,40,19
050,16,037,"Idaho","Custer County",2,75,56,33,23
050,16,037,"Idaho","Custer County",2,76,48,25,23
050,16,037,"Idaho","Custer County",2,77,48,27,21
050,16,037,"Idaho","Custer County",2,78,44,23,21
050,16,037,"Idaho","Custer County",2,79,39,20,19
050,16,037,"Idaho","Custer County",2,80,36,19,17
050,16,037,"Idaho","Custer County",2,81,29,12,17
050,16,037,"Idaho","Custer County",2,82,23,8,15
050,16,037,"Idaho","Custer County",2,83,15,6,9
050,16,037,"Idaho","Custer County",2,84,18,9,9
050,16,037,"Idaho","Custer County",2,85,130,53,77
050,16,037,"Idaho","Custer County",3,0,34,21,13
050,16,037,"Idaho","Custer County",3,1,31,16,15
050,16,037,"Idaho","Custer County",3,2,26,11,15
050,16,037,"Idaho","Custer County",3,3,38,22,16
050,16,037,"Idaho","Custer County",3,4,42,23,19
050,16,037,"Idaho","Custer County",3,5,50,26,24
050,16,037,"Idaho","Custer County",3,6,46,22,24
050,16,037,"Idaho","Custer County",3,7,47,25,22
050,16,037,"Idaho","Custer County",3,8,41,19,22
050,16,037,"Idaho","Custer County",3,9,35,18,17
050,16,037,"Idaho","Custer County",3,10,38,19,19
050,16,037,"Idaho","Custer County",3,11,32,20,12
050,16,037,"Idaho","Custer County",3,12,46,25,21
050,16,037,"Idaho","Custer County",3,13,53,24,29
050,16,037,"Idaho","Custer County",3,14,47,22,25
050,16,037,"Idaho","Custer County",3,15,47,24,23
050,16,037,"Idaho","Custer County",3,16,44,25,19
050,16,037,"Idaho","Custer County",3,17,43,22,21
050,16,037,"Idaho","Custer County",3,18,42,19,23
050,16,037,"Idaho","Custer County",3,19,36,17,19
050,16,037,"Idaho","Custer County",3,20,27,16,11
050,16,037,"Idaho","Custer County",3,21,31,20,11
050,16,037,"Idaho","Custer County",3,22,25,11,14
050,16,037,"Idaho","Custer County",3,23,31,15,16
050,16,037,"Idaho","Custer County",3,24,31,17,14
050,16,037,"Idaho","Custer County",3,25,37,23,14
050,16,037,"Idaho","Custer County",3,26,28,14,14
050,16,037,"Idaho","Custer County",3,27,25,12,13
050,16,037,"Idaho","Custer County",3,28,30,15,15
050,16,037,"Idaho","Custer County",3,29,34,15,19
050,16,037,"Idaho","Custer County",3,30,34,16,18
050,16,037,"Idaho","Custer County",3,31,46,23,23
050,16,037,"Idaho","Custer County",3,32,44,26,18
050,16,037,"Idaho","Custer County",3,33,48,25,23
050,16,037,"Idaho","Custer County",3,34,48,25,23
050,16,037,"Idaho","Custer County",3,35,51,22,29
050,16,037,"Idaho","Custer County",3,36,48,23,25
050,16,037,"Idaho","Custer County",3,37,47,25,22
050,16,037,"Idaho","Custer County",3,38,44,25,19
050,16,037,"Idaho","Custer County",3,39,55,31,24
050,16,037,"Idaho","Custer County",3,40,48,28,20
050,16,037,"Idaho","Custer County",3,41,50,28,22
050,16,037,"Idaho","Custer County",3,42,51,25,26
050,16,037,"Idaho","Custer County",3,43,48,22,26
050,16,037,"Idaho","Custer County",3,44,48,24,24
050,16,037,"Idaho","Custer County",3,45,49,24,25
050,16,037,"Idaho","Custer County",3,46,42,23,19
050,16,037,"Idaho","Custer County",3,47,48,28,20
050,16,037,"Idaho","Custer County",3,48,50,30,20
050,16,037,"Idaho","Custer County",3,49,52,30,22
050,16,037,"Idaho","Custer County",3,50,54,27,27
050,16,037,"Idaho","Custer County",3,51,55,26,29
050,16,037,"Idaho","Custer County",3,52,48,28,20
050,16,037,"Idaho","Custer County",3,53,55,27,28
050,16,037,"Idaho","Custer County",3,54,44,21,23
050,16,037,"Idaho","Custer County",3,55,53,28,25
050,16,037,"Idaho","Custer County",3,56,57,24,33
050,16,037,"Idaho","Custer County",3,57,52,27,25
050,16,037,"Idaho","Custer County",3,58,68,38,30
050,16,037,"Idaho","Custer County",3,59,78,40,38
050,16,037,"Idaho","Custer County",3,60,73,32,41
050,16,037,"Idaho","Custer County",3,61,89,38,51
050,16,037,"Idaho","Custer County",3,62,91,48,43
050,16,037,"Idaho","Custer County",3,63,106,59,47
050,16,037,"Idaho","Custer County",3,64,87,47,40
050,16,037,"Idaho","Custer County",3,65,78,41,37
050,16,037,"Idaho","Custer County",3,66,86,45,41
050,16,037,"Idaho","Custer County",3,67,85,44,41
050,16,037,"Idaho","Custer County",3,68,96,47,49
050,16,037,"Idaho","Custer County",3,69,95,54,41
050,16,037,"Idaho","Custer County",3,70,91,57,34
050,16,037,"Idaho","Custer County",3,71,91,57,34
050,16,037,"Idaho","Custer County",3,72,85,46,39
050,16,037,"Idaho","Custer County",3,73,73,38,35
050,16,037,"Idaho","Custer County",3,74,82,48,34
050,16,037,"Idaho","Custer County",3,75,57,37,20
050,16,037,"Idaho","Custer County",3,76,52,32,20
050,16,037,"Idaho","Custer County",3,77,47,26,21
050,16,037,"Idaho","Custer County",3,78,46,25,21
050,16,037,"Idaho","Custer County",3,79,39,19,20
050,16,037,"Idaho","Custer County",3,80,38,21,17
050,16,037,"Idaho","Custer County",3,81,34,18,16
050,16,037,"Idaho","Custer County",3,82,29,12,17
050,16,037,"Idaho","Custer County",3,83,20,6,14
050,16,037,"Idaho","Custer County",3,84,18,7,11
050,16,037,"Idaho","Custer County",3,85,126,51,75
050,16,037,"Idaho","Custer County",4,0,35,19,16
050,16,037,"Idaho","Custer County",4,1,35,18,17
050,16,037,"Idaho","Custer County",4,2,28,16,12
050,16,037,"Idaho","Custer County",4,3,29,14,15
050,16,037,"Idaho","Custer County",4,4,36,22,14
050,16,037,"Idaho","Custer County",4,5,43,20,23
050,16,037,"Idaho","Custer County",4,6,48,25,23
050,16,037,"Idaho","Custer County",4,7,50,25,25
050,16,037,"Idaho","Custer County",4,8,52,29,23
050,16,037,"Idaho","Custer County",4,9,45,27,18
050,16,037,"Idaho","Custer County",4,10,37,21,16
050,16,037,"Idaho","Custer County",4,11,48,22,26
050,16,037,"Idaho","Custer County",4,12,41,27,14
050,16,037,"Idaho","Custer County",4,13,50,25,25
050,16,037,"Idaho","Custer County",4,14,56,26,30
050,16,037,"Idaho","Custer County",4,15,45,21,24
050,16,037,"Idaho","Custer County",4,16,51,28,23
050,16,037,"Idaho","Custer County",4,17,41,23,18
050,16,037,"Idaho","Custer County",4,18,35,19,16
050,16,037,"Idaho","Custer County",4,19,30,15,15
050,16,037,"Idaho","Custer County",4,20,30,16,14
050,16,037,"Idaho","Custer County",4,21,34,19,15
050,16,037,"Idaho","Custer County",4,22,34,22,12
050,16,037,"Idaho","Custer County",4,23,27,11,16
050,16,037,"Idaho","Custer County",4,24,29,18,11
050,16,037,"Idaho","Custer County",4,25,28,14,14
050,16,037,"Idaho","Custer County",4,26,40,22,18
050,16,037,"Idaho","Custer County",4,27,31,17,14
050,16,037,"Idaho","Custer County",4,28,35,14,21
050,16,037,"Idaho","Custer County",4,29,34,15,19
050,16,037,"Idaho","Custer County",4,30,33,14,19
050,16,037,"Idaho","Custer County",4,31,38,22,16
050,16,037,"Idaho","Custer County",4,32,48,22,26
050,16,037,"Idaho","Custer County",4,33,48,25,23
050,16,037,"Idaho","Custer County",4,34,50,28,22
050,16,037,"Idaho","Custer County",4,35,49,26,23
050,16,037,"Idaho","Custer County",4,36,54,22,32
050,16,037,"Idaho","Custer County",4,37,48,26,22
050,16,037,"Idaho","Custer County",4,38,48,25,23
050,16,037,"Idaho","Custer County",4,39,55,30,25
050,16,037,"Idaho","Custer County",4,40,55,30,25
050,16,037,"Idaho","Custer County",4,41,48,24,24
050,16,037,"Idaho","Custer County",4,42,58,33,25
050,16,037,"Idaho","Custer County",4,43,56,28,28
050,16,037,"Idaho","Custer County",4,44,46,23,23
050,16,037,"Idaho","Custer County",4,45,49,27,22
050,16,037,"Idaho","Custer County",4,46,51,27,24
050,16,037,"Idaho","Custer County",4,47,44,23,21
050,16,037,"Idaho","Custer County",4,48,53,30,23
050,16,037,"Idaho","Custer County",4,49,53,33,20
050,16,037,"Idaho","Custer County",4,50,49,30,19
050,16,037,"Idaho","Custer County",4,51,54,26,28
050,16,037,"Idaho","Custer County",4,52,55,27,28
050,16,037,"Idaho","Custer County",4,53,50,29,21
050,16,037,"Idaho","Custer County",4,54,60,27,33
050,16,037,"Idaho","Custer County",4,55,48,25,23
050,16,037,"Idaho","Custer County",4,56,63,30,33
050,16,037,"Idaho","Custer County",4,57,57,25,32
050,16,037,"Idaho","Custer County",4,58,51,29,22
050,16,037,"Idaho","Custer County",4,59,65,38,27
050,16,037,"Idaho","Custer County",4,60,81,40,41
050,16,037,"Idaho","Custer County",4,61,80,36,44
050,16,037,"Idaho","Custer County",4,62,82,37,45
050,16,037,"Idaho","Custer County",4,63,90,47,43
050,16,037,"Idaho","Custer County",4,64,101,58,43
050,16,037,"Idaho","Custer County",4,65,94,54,40
050,16,037,"Idaho","Custer County",4,66,77,43,34
050,16,037,"Idaho","Custer County",4,67,80,40,40
050,16,037,"Idaho","Custer County",4,68,84,41,43
050,16,037,"Idaho","Custer County",4,69,95,46,49
050,16,037,"Idaho","Custer County",4,70,98,56,42
050,16,037,"Idaho","Custer County",4,71,85,54,31
050,16,037,"Idaho","Custer County",4,72,90,55,35
050,16,037,"Idaho","Custer County",4,73,78,42,36
050,16,037,"Idaho","Custer County",4,74,69,36,33
050,16,037,"Idaho","Custer County",4,75,76,42,34
050,16,037,"Idaho","Custer County",4,76,52,32,20
050,16,037,"Idaho","Custer County",4,77,47,29,18
050,16,037,"Idaho","Custer County",4,78,44,24,20
050,16,037,"Idaho","Custer County",4,79,44,22,22
050,16,037,"Idaho","Custer County",4,80,39,21,18
050,16,037,"Idaho","Custer County",4,81,38,21,17
050,16,037,"Idaho","Custer County",4,82,35,18,17
050,16,037,"Idaho","Custer County",4,83,25,12,13
050,16,037,"Idaho","Custer County",4,84,19,6,13
050,16,037,"Idaho","Custer County",4,85,122,44,78
050,16,037,"Idaho","Custer County",5,0,32,18,14
050,16,037,"Idaho","Custer County",5,1,37,21,16
050,16,037,"Idaho","Custer County",5,2,28,9,19
050,16,037,"Idaho","Custer County",5,3,30,17,13
050,16,037,"Idaho","Custer County",5,4,33,17,16
050,16,037,"Idaho","Custer County",5,5,40,25,15
050,16,037,"Idaho","Custer County",5,6,42,18,24
050,16,037,"Idaho","Custer County",5,7,46,23,23
050,16,037,"Idaho","Custer County",5,8,40,18,22
050,16,037,"Idaho","Custer County",5,9,54,28,26
050,16,037,"Idaho","Custer County",5,10,44,24,20
050,16,037,"Idaho","Custer County",5,11,37,21,16
050,16,037,"Idaho","Custer County",5,12,45,23,22
050,16,037,"Idaho","Custer County",5,13,39,24,15
050,16,037,"Idaho","Custer County",5,14,50,25,25
050,16,037,"Idaho","Custer County",5,15,58,27,31
050,16,037,"Idaho","Custer County",5,16,48,26,22
050,16,037,"Idaho","Custer County",5,17,51,29,22
050,16,037,"Idaho","Custer County",5,18,40,24,16
050,16,037,"Idaho","Custer County",5,19,25,14,11
050,16,037,"Idaho","Custer County",5,20,37,18,19
050,16,037,"Idaho","Custer County",5,21,33,18,15
050,16,037,"Idaho","Custer County",5,22,33,19,14
050,16,037,"Idaho","Custer County",5,23,32,22,10
050,16,037,"Idaho","Custer County",5,24,25,8,17
050,16,037,"Idaho","Custer County",5,25,29,19,10
050,16,037,"Idaho","Custer County",5,26,36,17,19
050,16,037,"Idaho","Custer County",5,27,45,24,21
050,16,037,"Idaho","Custer County",5,28,40,24,16
050,16,037,"Idaho","Custer County",5,29,31,15,16
050,16,037,"Idaho","Custer County",5,30,36,15,21
050,16,037,"Idaho","Custer County",5,31,40,18,22
050,16,037,"Idaho","Custer County",5,32,45,25,20
050,16,037,"Idaho","Custer County",5,33,41,20,21
050,16,037,"Idaho","Custer County",5,34,49,26,23
050,16,037,"Idaho","Custer County",5,35,51,32,19
050,16,037,"Idaho","Custer County",5,36,47,22,25
050,16,037,"Idaho","Custer County",5,37,52,21,31
050,16,037,"Idaho","Custer County",5,38,49,26,23
050,16,037,"Idaho","Custer County",5,39,45,23,22
050,16,037,"Idaho","Custer County",5,40,53,28,25
050,16,037,"Idaho","Custer County",5,41,57,33,24
050,16,037,"Idaho","Custer County",5,42,49,25,24
050,16,037,"Idaho","Custer County",5,43,57,32,25
050,16,037,"Idaho","Custer County",5,44,53,25,28
050,16,037,"Idaho","Custer County",5,45,46,23,23
050,16,037,"Idaho","Custer County",5,46,48,27,21
050,16,037,"Idaho","Custer County",5,47,53,30,23
050,16,037,"Idaho","Custer County",5,48,44,24,20
050,16,037,"Idaho","Custer County",5,49,58,31,27
050,16,037,"Idaho","Custer County",5,50,51,32,19
050,16,037,"Idaho","Custer County",5,51,55,34,21
050,16,037,"Idaho","Custer County",5,52,56,26,30
050,16,037,"Idaho","Custer County",5,53,50,22,28
050,16,037,"Idaho","Custer County",5,54,54,29,25
050,16,037,"Idaho","Custer County",5,55,54,27,27
050,16,037,"Idaho","Custer County",5,56,50,25,25
050,16,037,"Idaho","Custer County",5,57,59,29,30
050,16,037,"Idaho","Custer County",5,58,60,25,35
050,16,037,"Idaho","Custer County",5,59,56,30,26
050,16,037,"Idaho","Custer County",5,60,65,37,28
050,16,037,"Idaho","Custer County",5,61,87,45,42
050,16,037,"Idaho","Custer County",5,62,86,41,45
050,16,037,"Idaho","Custer County",5,63,80,35,45
050,16,037,"Idaho","Custer County",5,64,88,46,42
050,16,037,"Idaho","Custer County",5,65,106,63,43
050,16,037,"Idaho","Custer County",5,66,95,56,39
050,16,037,"Idaho","Custer County",5,67,70,37,33
050,16,037,"Idaho","Custer County",5,68,81,42,39
050,16,037,"Idaho","Custer County",5,69,83,40,43
050,16,037,"Idaho","Custer County",5,70,94,45,49
050,16,037,"Idaho","Custer County",5,71,95,53,42
050,16,037,"Idaho","Custer County",5,72,87,56,31
050,16,037,"Idaho","Custer County",5,73,86,51,35
050,16,037,"Idaho","Custer County",5,74,75,40,35
050,16,037,"Idaho","Custer County",5,75,66,31,35
050,16,037,"Idaho","Custer County",5,76,69,38,31
050,16,037,"Idaho","Custer County",5,77,48,31,17
050,16,037,"Idaho","Custer County",5,78,45,29,16
050,16,037,"Idaho","Custer County",5,79,44,23,21
050,16,037,"Idaho","Custer County",5,80,47,26,21
050,16,037,"Idaho","Custer County",5,81,33,19,14
050,16,037,"Idaho","Custer County",5,82,37,20,17
050,16,037,"Idaho","Custer County",5,83,31,15,16
050,16,037,"Idaho","Custer County",5,84,26,12,14
050,16,037,"Idaho","Custer County",5,85,121,41,80
050,16,039,"Idaho","Elmore County",1,0,422,212,210
050,16,039,"Idaho","Elmore County",1,1,424,211,213
050,16,039,"Idaho","Elmore County",1,2,447,229,218
050,16,039,"Idaho","Elmore County",1,3,454,219,235
050,16,039,"Idaho","Elmore County",1,4,442,232,210
050,16,039,"Idaho","Elmore County",1,5,438,220,218
050,16,039,"Idaho","Elmore County",1,6,426,217,209
050,16,039,"Idaho","Elmore County",1,7,384,199,185
050,16,039,"Idaho","Elmore County",1,8,369,187,182
050,16,039,"Idaho","Elmore County",1,9,394,213,181
050,16,039,"Idaho","Elmore County",1,10,376,204,172
050,16,039,"Idaho","Elmore County",1,11,394,205,189
050,16,039,"Idaho","Elmore County",1,12,390,205,185
050,16,039,"Idaho","Elmore County",1,13,373,189,184
050,16,039,"Idaho","Elmore County",1,14,360,181,179
050,16,039,"Idaho","Elmore County",1,15,379,189,190
050,16,039,"Idaho","Elmore County",1,16,352,180,172
050,16,039,"Idaho","Elmore County",1,17,348,181,167
050,16,039,"Idaho","Elmore County",1,18,321,173,148
050,16,039,"Idaho","Elmore County",1,19,384,218,166
050,16,039,"Idaho","Elmore County",1,20,553,352,201
050,16,039,"Idaho","Elmore County",1,21,582,370,212
050,16,039,"Idaho","Elmore County",1,22,561,344,217
050,16,039,"Idaho","Elmore County",1,23,524,290,234
050,16,039,"Idaho","Elmore County",1,24,532,291,241
050,16,039,"Idaho","Elmore County",1,25,495,286,209
050,16,039,"Idaho","Elmore County",1,26,545,320,225
050,16,039,"Idaho","Elmore County",1,27,506,287,219
050,16,039,"Idaho","Elmore County",1,28,551,313,238
050,16,039,"Idaho","Elmore County",1,29,503,270,233
050,16,039,"Idaho","Elmore County",1,30,481,255,226
050,16,039,"Idaho","Elmore County",1,31,422,216,206
050,16,039,"Idaho","Elmore County",1,32,424,238,186
050,16,039,"Idaho","Elmore County",1,33,409,219,190
050,16,039,"Idaho","Elmore County",1,34,379,205,174
050,16,039,"Idaho","Elmore County",1,35,395,211,184
050,16,039,"Idaho","Elmore County",1,36,365,202,163
050,16,039,"Idaho","Elmore County",1,37,370,192,178
050,16,039,"Idaho","Elmore County",1,38,341,193,148
050,16,039,"Idaho","Elmore County",1,39,362,197,165
050,16,039,"Idaho","Elmore County",1,40,326,178,148
050,16,039,"Idaho","Elmore County",1,41,306,156,150
050,16,039,"Idaho","Elmore County",1,42,300,152,148
050,16,039,"Idaho","Elmore County",1,43,303,155,148
050,16,039,"Idaho","Elmore County",1,44,263,143,120
050,16,039,"Idaho","Elmore County",1,45,257,128,129
050,16,039,"Idaho","Elmore County",1,46,275,151,124
050,16,039,"Idaho","Elmore County",1,47,262,151,111
050,16,039,"Idaho","Elmore County",1,48,286,150,136
050,16,039,"Idaho","Elmore County",1,49,250,126,124
050,16,039,"Idaho","Elmore County",1,50,271,127,144
050,16,039,"Idaho","Elmore County",1,51,274,136,138
050,16,039,"Idaho","Elmore County",1,52,272,149,123
050,16,039,"Idaho","Elmore County",1,53,285,138,147
050,16,039,"Idaho","Elmore County",1,54,307,161,146
050,16,039,"Idaho","Elmore County",1,55,298,148,150
050,16,039,"Idaho","Elmore County",1,56,362,163,199
050,16,039,"Idaho","Elmore County",1,57,351,182,169
050,16,039,"Idaho","Elmore County",1,58,364,195,169
050,16,039,"Idaho","Elmore County",1,59,341,184,157
050,16,039,"Idaho","Elmore County",1,60,318,164,154
050,16,039,"Idaho","Elmore County",1,61,313,158,155
050,16,039,"Idaho","Elmore County",1,62,320,164,156
050,16,039,"Idaho","Elmore County",1,63,305,149,156
050,16,039,"Idaho","Elmore County",1,64,303,147,156
050,16,039,"Idaho","Elmore County",1,65,321,155,166
050,16,039,"Idaho","Elmore County",1,66,307,152,155
050,16,039,"Idaho","Elmore County",1,67,277,140,137
050,16,039,"Idaho","Elmore County",1,68,249,135,114
050,16,039,"Idaho","Elmore County",1,69,240,125,115
050,16,039,"Idaho","Elmore County",1,70,214,108,106
050,16,039,"Idaho","Elmore County",1,71,210,112,98
050,16,039,"Idaho","Elmore County",1,72,234,125,109
050,16,039,"Idaho","Elmore County",1,73,214,118,96
050,16,039,"Idaho","Elmore County",1,74,154,73,81
050,16,039,"Idaho","Elmore County",1,75,161,67,94
050,16,039,"Idaho","Elmore County",1,76,152,62,90
050,16,039,"Idaho","Elmore County",1,77,152,74,78
050,16,039,"Idaho","Elmore County",1,78,142,67,75
050,16,039,"Idaho","Elmore County",1,79,123,54,69
050,16,039,"Idaho","Elmore County",1,80,108,54,54
050,16,039,"Idaho","Elmore County",1,81,105,51,54
050,16,039,"Idaho","Elmore County",1,82,81,35,46
050,16,039,"Idaho","Elmore County",1,83,88,38,50
050,16,039,"Idaho","Elmore County",1,84,83,39,44
050,16,039,"Idaho","Elmore County",1,85,361,134,227
050,16,039,"Idaho","Elmore County",2,0,402,206,196
050,16,039,"Idaho","Elmore County",2,1,418,209,209
050,16,039,"Idaho","Elmore County",2,2,437,221,216
050,16,039,"Idaho","Elmore County",2,3,443,219,224
050,16,039,"Idaho","Elmore County",2,4,445,229,216
050,16,039,"Idaho","Elmore County",2,5,440,224,216
050,16,039,"Idaho","Elmore County",2,6,427,218,209
050,16,039,"Idaho","Elmore County",2,7,390,199,191
050,16,039,"Idaho","Elmore County",2,8,369,186,183
050,16,039,"Idaho","Elmore County",2,9,386,206,180
050,16,039,"Idaho","Elmore County",2,10,378,204,174
050,16,039,"Idaho","Elmore County",2,11,382,201,181
050,16,039,"Idaho","Elmore County",2,12,391,205,186
050,16,039,"Idaho","Elmore County",2,13,374,192,182
050,16,039,"Idaho","Elmore County",2,14,356,180,176
050,16,039,"Idaho","Elmore County",2,15,373,187,186
050,16,039,"Idaho","Elmore County",2,16,359,183,176
050,16,039,"Idaho","Elmore County",2,17,346,178,168
050,16,039,"Idaho","Elmore County",2,18,332,180,152
050,16,039,"Idaho","Elmore County",2,19,389,225,164
050,16,039,"Idaho","Elmore County",2,20,554,351,203
050,16,039,"Idaho","Elmore County",2,21,566,359,207
050,16,039,"Idaho","Elmore County",2,22,564,346,218
050,16,039,"Idaho","Elmore County",2,23,522,291,231
050,16,039,"Idaho","Elmore County",2,24,527,293,234
050,16,039,"Idaho","Elmore County",2,25,501,284,217
050,16,039,"Idaho","Elmore County",2,26,534,312,222
050,16,039,"Idaho","Elmore County",2,27,508,290,218
050,16,039,"Idaho","Elmore County",2,28,535,303,232
050,16,039,"Idaho","Elmore County",2,29,508,277,231
050,16,039,"Idaho","Elmore County",2,30,488,257,231
050,16,039,"Idaho","Elmore County",2,31,436,227,209
050,16,039,"Idaho","Elmore County",2,32,424,232,192
050,16,039,"Idaho","Elmore County",2,33,409,222,187
050,16,039,"Idaho","Elmore County",2,34,385,210,175
050,16,039,"Idaho","Elmore County",2,35,391,210,181
050,16,039,"Idaho","Elmore County",2,36,370,204,166
050,16,039,"Idaho","Elmore County",2,37,365,193,172
050,16,039,"Idaho","Elmore County",2,38,347,192,155
050,16,039,"Idaho","Elmore County",2,39,352,194,158
050,16,039,"Idaho","Elmore County",2,40,336,182,154
050,16,039,"Idaho","Elmore County",2,41,310,160,150
050,16,039,"Idaho","Elmore County",2,42,299,152,147
050,16,039,"Idaho","Elmore County",2,43,298,152,146
050,16,039,"Idaho","Elmore County",2,44,271,144,127
050,16,039,"Idaho","Elmore County",2,45,265,135,130
050,16,039,"Idaho","Elmore County",2,46,269,145,124
050,16,039,"Idaho","Elmore County",2,47,263,149,114
050,16,039,"Idaho","Elmore County",2,48,277,148,129
050,16,039,"Idaho","Elmore County",2,49,261,133,128
050,16,039,"Idaho","Elmore County",2,50,268,129,139
050,16,039,"Idaho","Elmore County",2,51,274,134,140
050,16,039,"Idaho","Elmore County",2,52,274,146,128
050,16,039,"Idaho","Elmore County",2,53,283,141,142
050,16,039,"Idaho","Elmore County",2,54,304,157,147
050,16,039,"Idaho","Elmore County",2,55,301,151,150
050,16,039,"Idaho","Elmore County",2,56,350,161,189
050,16,039,"Idaho","Elmore County",2,57,351,177,174
050,16,039,"Idaho","Elmore County",2,58,363,193,170
050,16,039,"Idaho","Elmore County",2,59,347,187,160
050,16,039,"Idaho","Elmore County",2,60,325,169,156
050,16,039,"Idaho","Elmore County",2,61,311,157,154
050,16,039,"Idaho","Elmore County",2,62,318,163,155
050,16,039,"Idaho","Elmore County",2,63,309,154,155
050,16,039,"Idaho","Elmore County",2,64,303,146,157
050,16,039,"Idaho","Elmore County",2,65,314,152,162
050,16,039,"Idaho","Elmore County",2,66,312,154,158
050,16,039,"Idaho","Elmore County",2,67,285,144,141
050,16,039,"Idaho","Elmore County",2,68,253,135,118
050,16,039,"Idaho","Elmore County",2,69,243,127,116
050,16,039,"Idaho","Elmore County",2,70,220,112,108
050,16,039,"Idaho","Elmore County",2,71,212,112,100
050,16,039,"Idaho","Elmore County",2,72,223,119,104
050,16,039,"Idaho","Elmore County",2,73,227,124,103
050,16,039,"Idaho","Elmore County",2,74,157,78,79
050,16,039,"Idaho","Elmore County",2,75,155,66,89
050,16,039,"Idaho","Elmore County",2,76,152,63,89
050,16,039,"Idaho","Elmore County",2,77,155,73,82
050,16,039,"Idaho","Elmore County",2,78,143,68,75
050,16,039,"Idaho","Elmore County",2,79,125,57,68
050,16,039,"Idaho","Elmore County",2,80,113,55,58
050,16,039,"Idaho","Elmore County",2,81,102,50,52
050,16,039,"Idaho","Elmore County",2,82,88,40,48
050,16,039,"Idaho","Elmore County",2,83,85,37,48
050,16,039,"Idaho","Elmore County",2,84,82,38,44
050,16,039,"Idaho","Elmore County",2,85,370,143,227
050,16,039,"Idaho","Elmore County",3,0,457,219,238
050,16,039,"Idaho","Elmore County",3,1,397,199,198
050,16,039,"Idaho","Elmore County",3,2,407,203,204
050,16,039,"Idaho","Elmore County",3,3,402,210,192
050,16,039,"Idaho","Elmore County",3,4,429,211,218
050,16,039,"Idaho","Elmore County",3,5,432,224,208
050,16,039,"Idaho","Elmore County",3,6,454,229,225
050,16,039,"Idaho","Elmore County",3,7,380,200,180
050,16,039,"Idaho","Elmore County",3,8,387,199,188
050,16,039,"Idaho","Elmore County",3,9,370,188,182
050,16,039,"Idaho","Elmore County",3,10,367,193,174
050,16,039,"Idaho","Elmore County",3,11,380,201,179
050,16,039,"Idaho","Elmore County",3,12,377,195,182
050,16,039,"Idaho","Elmore County",3,13,391,205,186
050,16,039,"Idaho","Elmore County",3,14,379,200,179
050,16,039,"Idaho","Elmore County",3,15,354,185,169
050,16,039,"Idaho","Elmore County",3,16,369,188,181
050,16,039,"Idaho","Elmore County",3,17,356,178,178
050,16,039,"Idaho","Elmore County",3,18,341,189,152
050,16,039,"Idaho","Elmore County",3,19,391,232,159
050,16,039,"Idaho","Elmore County",3,20,570,368,202
050,16,039,"Idaho","Elmore County",3,21,555,359,196
050,16,039,"Idaho","Elmore County",3,22,572,345,227
050,16,039,"Idaho","Elmore County",3,23,534,323,211
050,16,039,"Idaho","Elmore County",3,24,531,306,225
050,16,039,"Idaho","Elmore County",3,25,499,256,243
050,16,039,"Idaho","Elmore County",3,26,493,284,209
050,16,039,"Idaho","Elmore County",3,27,517,307,210
050,16,039,"Idaho","Elmore County",3,28,466,270,196
050,16,039,"Idaho","Elmore County",3,29,491,269,222
050,16,039,"Idaho","Elmore County",3,30,508,279,229
050,16,039,"Idaho","Elmore County",3,31,470,246,224
050,16,039,"Idaho","Elmore County",3,32,438,227,211
050,16,039,"Idaho","Elmore County",3,33,443,247,196
050,16,039,"Idaho","Elmore County",3,34,408,219,189
050,16,039,"Idaho","Elmore County",3,35,395,213,182
050,16,039,"Idaho","Elmore County",3,36,395,213,182
050,16,039,"Idaho","Elmore County",3,37,380,210,170
050,16,039,"Idaho","Elmore County",3,38,370,199,171
050,16,039,"Idaho","Elmore County",3,39,359,187,172
050,16,039,"Idaho","Elmore County",3,40,338,184,154
050,16,039,"Idaho","Elmore County",3,41,335,182,153
050,16,039,"Idaho","Elmore County",3,42,316,167,149
050,16,039,"Idaho","Elmore County",3,43,294,145,149
050,16,039,"Idaho","Elmore County",3,44,286,147,139
050,16,039,"Idaho","Elmore County",3,45,270,140,130
050,16,039,"Idaho","Elmore County",3,46,269,138,131
050,16,039,"Idaho","Elmore County",3,47,260,143,117
050,16,039,"Idaho","Elmore County",3,48,249,141,108
050,16,039,"Idaho","Elmore County",3,49,277,145,132
050,16,039,"Idaho","Elmore County",3,50,260,130,130
050,16,039,"Idaho","Elmore County",3,51,270,134,136
050,16,039,"Idaho","Elmore County",3,52,284,142,142
050,16,039,"Idaho","Elmore County",3,53,274,151,123
050,16,039,"Idaho","Elmore County",3,54,288,143,145
050,16,039,"Idaho","Elmore County",3,55,315,161,154
050,16,039,"Idaho","Elmore County",3,56,308,158,150
050,16,039,"Idaho","Elmore County",3,57,344,163,181
050,16,039,"Idaho","Elmore County",3,58,360,177,183
050,16,039,"Idaho","Elmore County",3,59,359,191,168
050,16,039,"Idaho","Elmore County",3,60,352,188,164
050,16,039,"Idaho","Elmore County",3,61,323,170,153
050,16,039,"Idaho","Elmore County",3,62,322,165,157
050,16,039,"Idaho","Elmore County",3,63,327,164,163
050,16,039,"Idaho","Elmore County",3,64,309,152,157
050,16,039,"Idaho","Elmore County",3,65,311,148,163
050,16,039,"Idaho","Elmore County",3,66,322,160,162
050,16,039,"Idaho","Elmore County",3,67,307,153,154
050,16,039,"Idaho","Elmore County",3,68,280,138,142
050,16,039,"Idaho","Elmore County",3,69,252,135,117
050,16,039,"Idaho","Elmore County",3,70,239,123,116
050,16,039,"Idaho","Elmore County",3,71,214,105,109
050,16,039,"Idaho","Elmore County",3,72,205,108,97
050,16,039,"Idaho","Elmore County",3,73,214,112,102
050,16,039,"Idaho","Elmore County",3,74,218,119,99
050,16,039,"Idaho","Elmore County",3,75,154,80,74
050,16,039,"Idaho","Elmore County",3,76,149,63,86
050,16,039,"Idaho","Elmore County",3,77,145,61,84
050,16,039,"Idaho","Elmore County",3,78,154,69,85
050,16,039,"Idaho","Elmore County",3,79,141,64,77
050,16,039,"Idaho","Elmore County",3,80,115,53,62
050,16,039,"Idaho","Elmore County",3,81,106,51,55
050,16,039,"Idaho","Elmore County",3,82,84,43,41
050,16,039,"Idaho","Elmore County",3,83,79,37,42
050,16,039,"Idaho","Elmore County",3,84,81,37,44
050,16,039,"Idaho","Elmore County",3,85,405,164,241
050,16,039,"Idaho","Elmore County",4,0,451,228,223
050,16,039,"Idaho","Elmore County",4,1,446,209,237
050,16,039,"Idaho","Elmore County",4,2,402,199,203
050,16,039,"Idaho","Elmore County",4,3,401,209,192
050,16,039,"Idaho","Elmore County",4,4,390,195,195
050,16,039,"Idaho","Elmore County",4,5,421,211,210
050,16,039,"Idaho","Elmore County",4,6,452,231,221
050,16,039,"Idaho","Elmore County",4,7,430,227,203
050,16,039,"Idaho","Elmore County",4,8,388,199,189
050,16,039,"Idaho","Elmore County",4,9,376,184,192
050,16,039,"Idaho","Elmore County",4,10,361,183,178
050,16,039,"Idaho","Elmore County",4,11,361,186,175
050,16,039,"Idaho","Elmore County",4,12,399,213,186
050,16,039,"Idaho","Elmore County",4,13,374,188,186
050,16,039,"Idaho","Elmore County",4,14,385,202,183
050,16,039,"Idaho","Elmore County",4,15,389,198,191
050,16,039,"Idaho","Elmore County",4,16,348,194,154
050,16,039,"Idaho","Elmore County",4,17,365,188,177
050,16,039,"Idaho","Elmore County",4,18,333,176,157
050,16,039,"Idaho","Elmore County",4,19,388,236,152
050,16,039,"Idaho","Elmore County",4,20,525,339,186
050,16,039,"Idaho","Elmore County",4,21,543,344,199
050,16,039,"Idaho","Elmore County",4,22,564,343,221
050,16,039,"Idaho","Elmore County",4,23,525,287,238
050,16,039,"Idaho","Elmore County",4,24,535,327,208
050,16,039,"Idaho","Elmore County",4,25,524,288,236
050,16,039,"Idaho","Elmore County",4,26,513,256,257
050,16,039,"Idaho","Elmore County",4,27,477,271,206
050,16,039,"Idaho","Elmore County",4,28,526,301,225
050,16,039,"Idaho","Elmore County",4,29,443,244,199
050,16,039,"Idaho","Elmore County",4,30,490,266,224
050,16,039,"Idaho","Elmore County",4,31,493,267,226
050,16,039,"Idaho","Elmore County",4,32,479,257,222
050,16,039,"Idaho","Elmore County",4,33,458,246,212
050,16,039,"Idaho","Elmore County",4,34,444,249,195
050,16,039,"Idaho","Elmore County",4,35,401,217,184
050,16,039,"Idaho","Elmore County",4,36,403,230,173
050,16,039,"Idaho","Elmore County",4,37,405,218,187
050,16,039,"Idaho","Elmore County",4,38,393,224,169
050,16,039,"Idaho","Elmore County",4,39,379,206,173
050,16,039,"Idaho","Elmore County",4,40,332,172,160
050,16,039,"Idaho","Elmore County",4,41,335,182,153
050,16,039,"Idaho","Elmore County",4,42,318,168,150
050,16,039,"Idaho","Elmore County",4,43,314,159,155
050,16,039,"Idaho","Elmore County",4,44,284,142,142
050,16,039,"Idaho","Elmore County",4,45,280,134,146
050,16,039,"Idaho","Elmore County",4,46,280,148,132
050,16,039,"Idaho","Elmore County",4,47,258,134,124
050,16,039,"Idaho","Elmore County",4,48,262,147,115
050,16,039,"Idaho","Elmore County",4,49,252,143,109
050,16,039,"Idaho","Elmore County",4,50,285,150,135
050,16,039,"Idaho","Elmore County",4,51,263,132,131
050,16,039,"Idaho","Elmore County",4,52,271,135,136
050,16,039,"Idaho","Elmore County",4,53,287,138,149
050,16,039,"Idaho","Elmore County",4,54,281,156,125
050,16,039,"Idaho","Elmore County",4,55,295,148,147
050,16,039,"Idaho","Elmore County",4,56,336,172,164
050,16,039,"Idaho","Elmore County",4,57,308,152,156
050,16,039,"Idaho","Elmore County",4,58,348,169,179
050,16,039,"Idaho","Elmore County",4,59,347,169,178
050,16,039,"Idaho","Elmore County",4,60,375,194,181
050,16,039,"Idaho","Elmore County",4,61,349,188,161
050,16,039,"Idaho","Elmore County",4,62,332,172,160
050,16,039,"Idaho","Elmore County",4,63,317,162,155
050,16,039,"Idaho","Elmore County",4,64,336,167,169
050,16,039,"Idaho","Elmore County",4,65,322,156,166
050,16,039,"Idaho","Elmore County",4,66,316,152,164
050,16,039,"Idaho","Elmore County",4,67,320,156,164
050,16,039,"Idaho","Elmore County",4,68,305,154,151
050,16,039,"Idaho","Elmore County",4,69,285,143,142
050,16,039,"Idaho","Elmore County",4,70,239,129,110
050,16,039,"Idaho","Elmore County",4,71,237,124,113
050,16,039,"Idaho","Elmore County",4,72,215,109,106
050,16,039,"Idaho","Elmore County",4,73,216,111,105
050,16,039,"Idaho","Elmore County",4,74,216,114,102
050,16,039,"Idaho","Elmore County",4,75,217,122,95
050,16,039,"Idaho","Elmore County",4,76,151,78,73
050,16,039,"Idaho","Elmore County",4,77,145,65,80
050,16,039,"Idaho","Elmore County",4,78,145,60,85
050,16,039,"Idaho","Elmore County",4,79,137,63,74
050,16,039,"Idaho","Elmore County",4,80,132,62,70
050,16,039,"Idaho","Elmore County",4,81,102,45,57
050,16,039,"Idaho","Elmore County",4,82,100,42,58
050,16,039,"Idaho","Elmore County",4,83,72,35,37
050,16,039,"Idaho","Elmore County",4,84,75,37,38
050,16,039,"Idaho","Elmore County",4,85,419,174,245
050,16,039,"Idaho","Elmore County",5,0,460,235,225
050,16,039,"Idaho","Elmore County",5,1,442,220,222
050,16,039,"Idaho","Elmore County",5,2,437,210,227
050,16,039,"Idaho","Elmore County",5,3,390,198,192
050,16,039,"Idaho","Elmore County",5,4,404,207,197
050,16,039,"Idaho","Elmore County",5,5,391,196,195
050,16,039,"Idaho","Elmore County",5,6,438,216,222
050,16,039,"Idaho","Elmore County",5,7,448,221,227
050,16,039,"Idaho","Elmore County",5,8,441,219,222
050,16,039,"Idaho","Elmore County",5,9,397,201,196
050,16,039,"Idaho","Elmore County",5,10,358,179,179
050,16,039,"Idaho","Elmore County",5,11,366,188,178
050,16,039,"Idaho","Elmore County",5,12,363,188,175
050,16,039,"Idaho","Elmore County",5,13,381,205,176
050,16,039,"Idaho","Elmore County",5,14,377,192,185
050,16,039,"Idaho","Elmore County",5,15,380,197,183
050,16,039,"Idaho","Elmore County",5,16,380,202,178
050,16,039,"Idaho","Elmore County",5,17,351,201,150
050,16,039,"Idaho","Elmore County",5,18,357,195,162
050,16,039,"Idaho","Elmore County",5,19,372,220,152
050,16,039,"Idaho","Elmore County",5,20,534,348,186
050,16,039,"Idaho","Elmore County",5,21,523,326,197
050,16,039,"Idaho","Elmore County",5,22,541,313,228
050,16,039,"Idaho","Elmore County",5,23,539,316,223
050,16,039,"Idaho","Elmore County",5,24,537,295,242
050,16,039,"Idaho","Elmore County",5,25,507,292,215
050,16,039,"Idaho","Elmore County",5,26,536,288,248
050,16,039,"Idaho","Elmore County",5,27,508,254,254
050,16,039,"Idaho","Elmore County",5,28,488,273,215
050,16,039,"Idaho","Elmore County",5,29,533,300,233
050,16,039,"Idaho","Elmore County",5,30,441,230,211
050,16,039,"Idaho","Elmore County",5,31,508,273,235
050,16,039,"Idaho","Elmore County",5,32,507,279,228
050,16,039,"Idaho","Elmore County",5,33,481,267,214
050,16,039,"Idaho","Elmore County",5,34,440,245,195
050,16,039,"Idaho","Elmore County",5,35,427,249,178
050,16,039,"Idaho","Elmore County",5,36,406,223,183
050,16,039,"Idaho","Elmore County",5,37,403,221,182
050,16,039,"Idaho","Elmore County",5,38,394,216,178
050,16,039,"Idaho","Elmore County",5,39,372,207,165
050,16,039,"Idaho","Elmore County",5,40,368,198,170
050,16,039,"Idaho","Elmore County",5,41,337,172,165
050,16,039,"Idaho","Elmore County",5,42,321,176,145
050,16,039,"Idaho","Elmore County",5,43,318,170,148
050,16,039,"Idaho","Elmore County",5,44,309,160,149
050,16,039,"Idaho","Elmore County",5,45,297,150,147
050,16,039,"Idaho","Elmore County",5,46,282,135,147
050,16,039,"Idaho","Elmore County",5,47,280,146,134
050,16,039,"Idaho","Elmore County",5,48,252,131,121
050,16,039,"Idaho","Elmore County",5,49,251,145,106
050,16,039,"Idaho","Elmore County",5,50,251,146,105
050,16,039,"Idaho","Elmore County",5,51,283,152,131
050,16,039,"Idaho","Elmore County",5,52,252,128,124
050,16,039,"Idaho","Elmore County",5,53,268,131,137
050,16,039,"Idaho","Elmore County",5,54,274,131,143
050,16,039,"Idaho","Elmore County",5,55,278,151,127
050,16,039,"Idaho","Elmore County",5,56,298,144,154
050,16,039,"Idaho","Elmore County",5,57,336,167,169
050,16,039,"Idaho","Elmore County",5,58,311,155,156
050,16,039,"Idaho","Elmore County",5,59,346,173,173
050,16,039,"Idaho","Elmore County",5,60,345,169,176
050,16,039,"Idaho","Elmore County",5,61,372,188,184
050,16,039,"Idaho","Elmore County",5,62,362,196,166
050,16,039,"Idaho","Elmore County",5,63,329,167,162
050,16,039,"Idaho","Elmore County",5,64,320,166,154
050,16,039,"Idaho","Elmore County",5,65,348,171,177
050,16,039,"Idaho","Elmore County",5,66,329,161,168
050,16,039,"Idaho","Elmore County",5,67,307,147,160
050,16,039,"Idaho","Elmore County",5,68,315,152,163
050,16,039,"Idaho","Elmore County",5,69,300,153,147
050,16,039,"Idaho","Elmore County",5,70,280,137,143
050,16,039,"Idaho","Elmore County",5,71,229,127,102
050,16,039,"Idaho","Elmore County",5,72,225,114,111
050,16,039,"Idaho","Elmore County",5,73,209,106,103
050,16,039,"Idaho","Elmore County",5,74,211,110,101
050,16,039,"Idaho","Elmore County",5,75,221,117,104
050,16,039,"Idaho","Elmore County",5,76,209,112,97
050,16,039,"Idaho","Elmore County",5,77,147,75,72
050,16,039,"Idaho","Elmore County",5,78,139,61,78
050,16,039,"Idaho","Elmore County",5,79,132,54,78
050,16,039,"Idaho","Elmore County",5,80,129,57,72
050,16,039,"Idaho","Elmore County",5,81,118,52,66
050,16,039,"Idaho","Elmore County",5,82,93,38,55
050,16,039,"Idaho","Elmore County",5,83,88,37,51
050,16,039,"Idaho","Elmore County",5,84,67,34,33
050,16,039,"Idaho","Elmore County",5,85,430,185,245
050,16,041,"Idaho","Franklin County",1,0,203,105,98
050,16,041,"Idaho","Franklin County",1,1,206,115,91
050,16,041,"Idaho","Franklin County",1,2,196,101,95
050,16,041,"Idaho","Franklin County",1,3,210,110,100
050,16,041,"Idaho","Franklin County",1,4,224,117,107
050,16,041,"Idaho","Franklin County",1,5,227,118,109
050,16,041,"Idaho","Franklin County",1,6,219,110,109
050,16,041,"Idaho","Franklin County",1,7,225,120,105
050,16,041,"Idaho","Franklin County",1,8,240,130,110
050,16,041,"Idaho","Franklin County",1,9,247,128,119
050,16,041,"Idaho","Franklin County",1,10,269,131,138
050,16,041,"Idaho","Franklin County",1,11,279,153,126
050,16,041,"Idaho","Franklin County",1,12,285,151,134
050,16,041,"Idaho","Franklin County",1,13,276,146,130
050,16,041,"Idaho","Franklin County",1,14,294,155,139
050,16,041,"Idaho","Franklin County",1,15,296,151,145
050,16,041,"Idaho","Franklin County",1,16,300,169,131
050,16,041,"Idaho","Franklin County",1,17,277,140,137
050,16,041,"Idaho","Franklin County",1,18,244,132,112
050,16,041,"Idaho","Franklin County",1,19,178,108,70
050,16,041,"Idaho","Franklin County",1,20,178,103,75
050,16,041,"Idaho","Franklin County",1,21,164,96,68
050,16,041,"Idaho","Franklin County",1,22,173,92,81
050,16,041,"Idaho","Franklin County",1,23,160,82,78
050,16,041,"Idaho","Franklin County",1,24,149,73,76
050,16,041,"Idaho","Franklin County",1,25,152,68,84
050,16,041,"Idaho","Franklin County",1,26,157,81,76
050,16,041,"Idaho","Franklin County",1,27,154,85,69
050,16,041,"Idaho","Franklin County",1,28,168,86,82
050,16,041,"Idaho","Franklin County",1,29,170,91,79
050,16,041,"Idaho","Franklin County",1,30,150,74,76
050,16,041,"Idaho","Franklin County",1,31,146,68,78
050,16,041,"Idaho","Franklin County",1,32,146,75,71
050,16,041,"Idaho","Franklin County",1,33,148,76,72
050,16,041,"Idaho","Franklin County",1,34,153,78,75
050,16,041,"Idaho","Franklin County",1,35,138,70,68
050,16,041,"Idaho","Franklin County",1,36,155,73,82
050,16,041,"Idaho","Franklin County",1,37,173,86,87
050,16,041,"Idaho","Franklin County",1,38,187,83,104
050,16,041,"Idaho","Franklin County",1,39,192,97,95
050,16,041,"Idaho","Franklin County",1,40,203,103,100
050,16,041,"Idaho","Franklin County",1,41,198,98,100
050,16,041,"Idaho","Franklin County",1,42,200,109,91
050,16,041,"Idaho","Franklin County",1,43,223,118,105
050,16,041,"Idaho","Franklin County",1,44,183,96,87
050,16,041,"Idaho","Franklin County",1,45,171,81,90
050,16,041,"Idaho","Franklin County",1,46,156,74,82
050,16,041,"Idaho","Franklin County",1,47,144,76,68
050,16,041,"Idaho","Franklin County",1,48,153,78,75
050,16,041,"Idaho","Franklin County",1,49,154,83,71
050,16,041,"Idaho","Franklin County",1,50,146,78,68
050,16,041,"Idaho","Franklin County",1,51,147,85,62
050,16,041,"Idaho","Franklin County",1,52,146,76,70
050,16,041,"Idaho","Franklin County",1,53,146,70,76
050,16,041,"Idaho","Franklin County",1,54,139,67,72
050,16,041,"Idaho","Franklin County",1,55,141,75,66
050,16,041,"Idaho","Franklin County",1,56,139,73,66
050,16,041,"Idaho","Franklin County",1,57,146,63,83
050,16,041,"Idaho","Franklin County",1,58,181,81,100
050,16,041,"Idaho","Franklin County",1,59,177,98,79
050,16,041,"Idaho","Franklin County",1,60,162,87,75
050,16,041,"Idaho","Franklin County",1,61,157,85,72
050,16,041,"Idaho","Franklin County",1,62,153,81,72
050,16,041,"Idaho","Franklin County",1,63,159,85,74
050,16,041,"Idaho","Franklin County",1,64,155,76,79
050,16,041,"Idaho","Franklin County",1,65,137,65,72
050,16,041,"Idaho","Franklin County",1,66,150,76,74
050,16,041,"Idaho","Franklin County",1,67,130,61,69
050,16,041,"Idaho","Franklin County",1,68,129,70,59
050,16,041,"Idaho","Franklin County",1,69,100,58,42
050,16,041,"Idaho","Franklin County",1,70,119,60,59
050,16,041,"Idaho","Franklin County",1,71,103,48,55
050,16,041,"Idaho","Franklin County",1,72,112,54,58
050,16,041,"Idaho","Franklin County",1,73,108,53,55
050,16,041,"Idaho","Franklin County",1,74,82,38,44
050,16,041,"Idaho","Franklin County",1,75,78,39,39
050,16,041,"Idaho","Franklin County",1,76,88,39,49
050,16,041,"Idaho","Franklin County",1,77,88,40,48
050,16,041,"Idaho","Franklin County",1,78,68,30,38
050,16,041,"Idaho","Franklin County",1,79,53,23,30
050,16,041,"Idaho","Franklin County",1,80,54,23,31
050,16,041,"Idaho","Franklin County",1,81,56,28,28
050,16,041,"Idaho","Franklin County",1,82,55,34,21
050,16,041,"Idaho","Franklin County",1,83,40,25,15
050,16,041,"Idaho","Franklin County",1,84,29,17,12
050,16,041,"Idaho","Franklin County",1,85,228,96,132
050,16,041,"Idaho","Franklin County",2,0,208,109,99
050,16,041,"Idaho","Franklin County",2,1,206,113,93
050,16,041,"Idaho","Franklin County",2,2,202,106,96
050,16,041,"Idaho","Franklin County",2,3,207,108,99
050,16,041,"Idaho","Franklin County",2,4,223,115,108
050,16,041,"Idaho","Franklin County",2,5,228,119,109
050,16,041,"Idaho","Franklin County",2,6,223,113,110
050,16,041,"Idaho","Franklin County",2,7,227,119,108
050,16,041,"Idaho","Franklin County",2,8,237,128,109
050,16,041,"Idaho","Franklin County",2,9,248,130,118
050,16,041,"Idaho","Franklin County",2,10,265,130,135
050,16,041,"Idaho","Franklin County",2,11,277,148,129
050,16,041,"Idaho","Franklin County",2,12,287,153,134
050,16,041,"Idaho","Franklin County",2,13,279,148,131
050,16,041,"Idaho","Franklin County",2,14,291,153,138
050,16,041,"Idaho","Franklin County",2,15,294,152,142
050,16,041,"Idaho","Franklin County",2,16,299,165,134
050,16,041,"Idaho","Franklin County",2,17,282,147,135
050,16,041,"Idaho","Franklin County",2,18,237,129,108
050,16,041,"Idaho","Franklin County",2,19,180,107,73
050,16,041,"Idaho","Franklin County",2,20,181,107,74
050,16,041,"Idaho","Franklin County",2,21,169,98,71
050,16,041,"Idaho","Franklin County",2,22,172,92,80
050,16,041,"Idaho","Franklin County",2,23,167,85,82
050,16,041,"Idaho","Franklin County",2,24,154,76,78
050,16,041,"Idaho","Franklin County",2,25,152,70,82
050,16,041,"Idaho","Franklin County",2,26,156,78,78
050,16,041,"Idaho","Franklin County",2,27,154,83,71
050,16,041,"Idaho","Franklin County",2,28,167,87,80
050,16,041,"Idaho","Franklin County",2,29,171,91,80
050,16,041,"Idaho","Franklin County",2,30,161,81,80
050,16,041,"Idaho","Franklin County",2,31,150,71,79
050,16,041,"Idaho","Franklin County",2,32,147,74,73
050,16,041,"Idaho","Franklin County",2,33,150,77,73
050,16,041,"Idaho","Franklin County",2,34,152,79,73
050,16,041,"Idaho","Franklin County",2,35,144,73,71
050,16,041,"Idaho","Franklin County",2,36,150,71,79
050,16,041,"Idaho","Franklin County",2,37,171,83,88
050,16,041,"Idaho","Franklin County",2,38,186,85,101
050,16,041,"Idaho","Franklin County",2,39,192,95,97
050,16,041,"Idaho","Franklin County",2,40,202,102,100
050,16,041,"Idaho","Franklin County",2,41,197,99,98
050,16,041,"Idaho","Franklin County",2,42,199,106,93
050,16,041,"Idaho","Franklin County",2,43,221,118,103
050,16,041,"Idaho","Franklin County",2,44,193,101,92
050,16,041,"Idaho","Franklin County",2,45,175,84,91
050,16,041,"Idaho","Franklin County",2,46,161,77,84
050,16,041,"Idaho","Franklin County",2,47,149,76,73
050,16,041,"Idaho","Franklin County",2,48,151,77,74
050,16,041,"Idaho","Franklin County",2,49,157,84,73
050,16,041,"Idaho","Franklin County",2,50,150,81,69
050,16,041,"Idaho","Franklin County",2,51,147,84,63
050,16,041,"Idaho","Franklin County",2,52,147,78,69
050,16,041,"Idaho","Franklin County",2,53,147,71,76
050,16,041,"Idaho","Franklin County",2,54,141,68,73
050,16,041,"Idaho","Franklin County",2,55,140,72,68
050,16,041,"Idaho","Franklin County",2,56,143,75,68
050,16,041,"Idaho","Franklin County",2,57,142,64,78
050,16,041,"Idaho","Franklin County",2,58,172,77,95
050,16,041,"Idaho","Franklin County",2,59,179,95,84
050,16,041,"Idaho","Franklin County",2,60,168,90,78
050,16,041,"Idaho","Franklin County",2,61,157,85,72
050,16,041,"Idaho","Franklin County",2,62,154,82,72
050,16,041,"Idaho","Franklin County",2,63,157,85,72
050,16,041,"Idaho","Franklin County",2,64,155,78,77
050,16,041,"Idaho","Franklin County",2,65,142,68,74
050,16,041,"Idaho","Franklin County",2,66,148,75,73
050,16,041,"Idaho","Franklin County",2,67,135,64,71
050,16,041,"Idaho","Franklin County",2,68,128,67,61
050,16,041,"Idaho","Franklin County",2,69,109,62,47
050,16,041,"Idaho","Franklin County",2,70,114,60,54
050,16,041,"Idaho","Franklin County",2,71,106,51,55
050,16,041,"Idaho","Franklin County",2,72,107,52,55
050,16,041,"Idaho","Franklin County",2,73,114,56,58
050,16,041,"Idaho","Franklin County",2,74,82,37,45
050,16,041,"Idaho","Franklin County",2,75,79,39,40
050,16,041,"Idaho","Franklin County",2,76,85,38,47
050,16,041,"Idaho","Franklin County",2,77,89,41,48
050,16,041,"Idaho","Franklin County",2,78,72,32,40
050,16,041,"Idaho","Franklin County",2,79,55,25,30
050,16,041,"Idaho","Franklin County",2,80,55,23,32
050,16,041,"Idaho","Franklin County",2,81,55,26,29
050,16,041,"Idaho","Franklin County",2,82,56,33,23
050,16,041,"Idaho","Franklin County",2,83,41,25,16
050,16,041,"Idaho","Franklin County",2,84,31,18,13
050,16,041,"Idaho","Franklin County",2,85,229,97,132
050,16,041,"Idaho","Franklin County",3,0,208,111,97
050,16,041,"Idaho","Franklin County",3,1,231,122,109
050,16,041,"Idaho","Franklin County",3,2,215,119,96
050,16,041,"Idaho","Franklin County",3,3,209,108,101
050,16,041,"Idaho","Franklin County",3,4,224,109,115
050,16,041,"Idaho","Franklin County",3,5,233,123,110
050,16,041,"Idaho","Franklin County",3,6,244,123,121
050,16,041,"Idaho","Franklin County",3,7,222,119,103
050,16,041,"Idaho","Franklin County",3,8,234,130,104
050,16,041,"Idaho","Franklin County",3,9,237,127,110
050,16,041,"Idaho","Franklin County",3,10,254,130,124
050,16,041,"Idaho","Franklin County",3,11,266,131,135
050,16,041,"Idaho","Franklin County",3,12,279,147,132
050,16,041,"Idaho","Franklin County",3,13,290,158,132
050,16,041,"Idaho","Franklin County",3,14,271,149,122
050,16,041,"Idaho","Franklin County",3,15,303,160,143
050,16,041,"Idaho","Franklin County",3,16,294,157,137
050,16,041,"Idaho","Franklin County",3,17,314,175,139
050,16,041,"Idaho","Franklin County",3,18,248,139,109
050,16,041,"Idaho","Franklin County",3,19,176,93,83
050,16,041,"Idaho","Franklin County",3,20,191,109,82
050,16,041,"Idaho","Franklin County",3,21,188,116,72
050,16,041,"Idaho","Franklin County",3,22,177,101,76
050,16,041,"Idaho","Franklin County",3,23,166,90,76
050,16,041,"Idaho","Franklin County",3,24,184,97,87
050,16,041,"Idaho","Franklin County",3,25,156,77,79
050,16,041,"Idaho","Franklin County",3,26,162,69,93
050,16,041,"Idaho","Franklin County",3,27,177,87,90
050,16,041,"Idaho","Franklin County",3,28,155,86,69
050,16,041,"Idaho","Franklin County",3,29,183,97,86
050,16,041,"Idaho","Franklin County",3,30,178,96,82
050,16,041,"Idaho","Franklin County",3,31,165,84,81
050,16,041,"Idaho","Franklin County",3,32,147,69,78
050,16,041,"Idaho","Franklin County",3,33,150,80,70
050,16,041,"Idaho","Franklin County",3,34,159,86,73
050,16,041,"Idaho","Franklin County",3,35,155,79,76
050,16,041,"Idaho","Franklin County",3,36,148,73,75
050,16,041,"Idaho","Franklin County",3,37,161,77,84
050,16,041,"Idaho","Franklin County",3,38,177,88,89
050,16,041,"Idaho","Franklin County",3,39,187,89,98
050,16,041,"Idaho","Franklin County",3,40,196,95,101
050,16,041,"Idaho","Franklin County",3,41,198,99,99
050,16,041,"Idaho","Franklin County",3,42,203,104,99
050,16,041,"Idaho","Franklin County",3,43,193,100,93
050,16,041,"Idaho","Franklin County",3,44,224,117,107
050,16,041,"Idaho","Franklin County",3,45,200,104,96
050,16,041,"Idaho","Franklin County",3,46,188,95,93
050,16,041,"Idaho","Franklin County",3,47,175,86,89
050,16,041,"Idaho","Franklin County",3,48,151,74,77
050,16,041,"Idaho","Franklin County",3,49,158,80,78
050,16,041,"Idaho","Franklin County",3,50,159,85,74
050,16,041,"Idaho","Franklin County",3,51,153,81,72
050,16,041,"Idaho","Franklin County",3,52,147,86,61
050,16,041,"Idaho","Franklin County",3,53,147,77,70
050,16,041,"Idaho","Franklin County",3,54,139,65,74
050,16,041,"Idaho","Franklin County",3,55,148,71,77
050,16,041,"Idaho","Franklin County",3,56,141,72,69
050,16,041,"Idaho","Franklin County",3,57,146,76,70
050,16,041,"Idaho","Franklin County",3,58,149,66,83
050,16,041,"Idaho","Franklin County",3,59,181,80,101
050,16,041,"Idaho","Franklin County",3,60,185,98,87
050,16,041,"Idaho","Franklin County",3,61,169,90,79
050,16,041,"Idaho","Franklin County",3,62,165,86,79
050,16,041,"Idaho","Franklin County",3,63,150,80,70
050,16,041,"Idaho","Franklin County",3,64,151,82,69
050,16,041,"Idaho","Franklin County",3,65,156,78,78
050,16,041,"Idaho","Franklin County",3,66,143,70,73
050,16,041,"Idaho","Franklin County",3,67,150,78,72
050,16,041,"Idaho","Franklin County",3,68,145,72,73
050,16,041,"Idaho","Franklin County",3,69,131,68,63
050,16,041,"Idaho","Franklin County",3,70,110,65,45
050,16,041,"Idaho","Franklin County",3,71,113,59,54
050,16,041,"Idaho","Franklin County",3,72,106,51,55
050,16,041,"Idaho","Franklin County",3,73,111,52,59
050,16,041,"Idaho","Franklin County",3,74,110,55,55
050,16,041,"Idaho","Franklin County",3,75,80,37,43
050,16,041,"Idaho","Franklin County",3,76,78,36,42
050,16,041,"Idaho","Franklin County",3,77,85,37,48
050,16,041,"Idaho","Franklin County",3,78,82,37,45
050,16,041,"Idaho","Franklin County",3,79,68,33,35
050,16,041,"Idaho","Franklin County",3,80,51,24,27
050,16,041,"Idaho","Franklin County",3,81,51,21,30
050,16,041,"Idaho","Franklin County",3,82,49,26,23
050,16,041,"Idaho","Franklin County",3,83,55,31,24
050,16,041,"Idaho","Franklin County",3,84,33,18,15
050,16,041,"Idaho","Franklin County",3,85,229,103,126
050,16,041,"Idaho","Franklin County",4,0,220,125,95
050,16,041,"Idaho","Franklin County",4,1,222,121,101
050,16,041,"Idaho","Franklin County",4,2,255,131,124
050,16,041,"Idaho","Franklin County",4,3,225,128,97
050,16,041,"Idaho","Franklin County",4,4,230,126,104
050,16,041,"Idaho","Franklin County",4,5,237,118,119
050,16,041,"Idaho","Franklin County",4,6,243,135,108
050,16,041,"Idaho","Franklin County",4,7,260,131,129
050,16,041,"Idaho","Franklin County",4,8,235,127,108
050,16,041,"Idaho","Franklin County",4,9,235,128,107
050,16,041,"Idaho","Franklin County",4,10,252,137,115
050,16,041,"Idaho","Franklin County",4,11,267,141,126
050,16,041,"Idaho","Franklin County",4,12,281,139,142
050,16,041,"Idaho","Franklin County",4,13,288,145,143
050,16,041,"Idaho","Franklin County",4,14,300,160,140
050,16,041,"Idaho","Franklin County",4,15,271,148,123
050,16,041,"Idaho","Franklin County",4,16,314,165,149
050,16,041,"Idaho","Franklin County",4,17,300,157,143
050,16,041,"Idaho","Franklin County",4,18,259,148,111
050,16,041,"Idaho","Franklin County",4,19,176,103,73
050,16,041,"Idaho","Franklin County",4,20,180,98,82
050,16,041,"Idaho","Franklin County",4,21,204,117,87
050,16,041,"Idaho","Franklin County",4,22,200,119,81
050,16,041,"Idaho","Franklin County",4,23,183,97,86
050,16,041,"Idaho","Franklin County",4,24,183,95,88
050,16,041,"Idaho","Franklin County",4,25,187,104,83
050,16,041,"Idaho","Franklin County",4,26,159,74,85
050,16,041,"Idaho","Franklin County",4,27,170,76,94
050,16,041,"Idaho","Franklin County",4,28,188,88,100
050,16,041,"Idaho","Franklin County",4,29,177,95,82
050,16,041,"Idaho","Franklin County",4,30,182,97,85
050,16,041,"Idaho","Franklin County",4,31,187,98,89
050,16,041,"Idaho","Franklin County",4,32,177,91,86
050,16,041,"Idaho","Franklin County",4,33,165,78,87
050,16,041,"Idaho","Franklin County",4,34,163,87,76
050,16,041,"Idaho","Franklin County",4,35,166,89,77
050,16,041,"Idaho","Franklin County",4,36,174,94,80
050,16,041,"Idaho","Franklin County",4,37,158,76,82
050,16,041,"Idaho","Franklin County",4,38,173,81,92
050,16,041,"Idaho","Franklin County",4,39,184,92,92
050,16,041,"Idaho","Franklin County",4,40,195,90,105
050,16,041,"Idaho","Franklin County",4,41,209,103,106
050,16,041,"Idaho","Franklin County",4,42,203,106,97
050,16,041,"Idaho","Franklin County",4,43,211,109,102
050,16,041,"Idaho","Franklin County",4,44,190,97,93
050,16,041,"Idaho","Franklin County",4,45,231,119,112
050,16,041,"Idaho","Franklin County",4,46,201,105,96
050,16,041,"Idaho","Franklin County",4,47,196,98,98
050,16,041,"Idaho","Franklin County",4,48,185,93,92
050,16,041,"Idaho","Franklin County",4,49,155,77,78
050,16,041,"Idaho","Franklin County",4,50,162,82,80
050,16,041,"Idaho","Franklin County",4,51,163,89,74
050,16,041,"Idaho","Franklin County",4,52,156,81,75
050,16,041,"Idaho","Franklin County",4,53,151,86,65
050,16,041,"Idaho","Franklin County",4,54,147,77,70
050,16,041,"Idaho","Franklin County",4,55,137,64,73
050,16,041,"Idaho","Franklin County",4,56,152,73,79
050,16,041,"Idaho","Franklin County",4,57,140,73,67
050,16,041,"Idaho","Franklin County",4,58,148,75,73
050,16,041,"Idaho","Franklin County",4,59,144,63,81
050,16,041,"Idaho","Franklin County",4,60,181,78,103
050,16,041,"Idaho","Franklin County",4,61,178,96,82
050,16,041,"Idaho","Franklin County",4,62,169,91,78
050,16,041,"Idaho","Franklin County",4,63,168,88,80
050,16,041,"Idaho","Franklin County",4,64,156,84,72
050,16,041,"Idaho","Franklin County",4,65,152,82,70
050,16,041,"Idaho","Franklin County",4,66,159,77,82
050,16,041,"Idaho","Franklin County",4,67,140,71,69
050,16,041,"Idaho","Franklin County",4,68,150,78,72
050,16,041,"Idaho","Franklin County",4,69,141,69,72
050,16,041,"Idaho","Franklin County",4,70,131,66,65
050,16,041,"Idaho","Franklin County",4,71,103,60,43
050,16,041,"Idaho","Franklin County",4,72,109,56,53
050,16,041,"Idaho","Franklin County",4,73,111,50,61
050,16,041,"Idaho","Franklin County",4,74,112,52,60
050,16,041,"Idaho","Franklin County",4,75,108,56,52
050,16,041,"Idaho","Franklin County",4,76,75,33,42
050,16,041,"Idaho","Franklin County",4,77,78,38,40
050,16,041,"Idaho","Franklin County",4,78,80,34,46
050,16,041,"Idaho","Franklin County",4,79,77,36,41
050,16,041,"Idaho","Franklin County",4,80,65,29,36
050,16,041,"Idaho","Franklin County",4,81,48,23,25
050,16,041,"Idaho","Franklin County",4,82,45,20,25
050,16,041,"Idaho","Franklin County",4,83,49,25,24
050,16,041,"Idaho","Franklin County",4,84,52,30,22
050,16,041,"Idaho","Franklin County",4,85,227,105,122
050,16,041,"Idaho","Franklin County",5,0,215,131,84
050,16,041,"Idaho","Franklin County",5,1,221,123,98
050,16,041,"Idaho","Franklin County",5,2,233,132,101
050,16,041,"Idaho","Franklin County",5,3,254,129,125
050,16,041,"Idaho","Franklin County",5,4,226,126,100
050,16,041,"Idaho","Franklin County",5,5,245,137,108
050,16,041,"Idaho","Franklin County",5,6,239,117,122
050,16,041,"Idaho","Franklin County",5,7,244,128,116
050,16,041,"Idaho","Franklin County",5,8,273,137,136
050,16,041,"Idaho","Franklin County",5,9,246,129,117
050,16,041,"Idaho","Franklin County",5,10,252,131,121
050,16,041,"Idaho","Franklin County",5,11,269,140,129
050,16,041,"Idaho","Franklin County",5,12,274,147,127
050,16,041,"Idaho","Franklin County",5,13,281,138,143
050,16,041,"Idaho","Franklin County",5,14,281,143,138
050,16,041,"Idaho","Franklin County",5,15,306,164,142
050,16,041,"Idaho","Franklin County",5,16,273,145,128
050,16,041,"Idaho","Franklin County",5,17,315,165,150
050,16,041,"Idaho","Franklin County",5,18,251,141,110
050,16,041,"Idaho","Franklin County",5,19,195,114,81
050,16,041,"Idaho","Franklin County",5,20,186,106,80
050,16,041,"Idaho","Franklin County",5,21,190,97,93
050,16,041,"Idaho","Franklin County",5,22,203,107,96
050,16,041,"Idaho","Franklin County",5,23,221,118,103
050,16,041,"Idaho","Franklin County",5,24,175,98,77
050,16,041,"Idaho","Franklin County",5,25,192,104,88
050,16,041,"Idaho","Franklin County",5,26,195,108,87
050,16,041,"Idaho","Franklin County",5,27,165,77,88
050,16,041,"Idaho","Franklin County",5,28,164,75,89
050,16,041,"Idaho","Franklin County",5,29,191,85,106
050,16,041,"Idaho","Franklin County",5,30,187,97,90
050,16,041,"Idaho","Franklin County",5,31,191,104,87
050,16,041,"Idaho","Franklin County",5,32,187,99,88
050,16,041,"Idaho","Franklin County",5,33,187,97,90
050,16,041,"Idaho","Franklin County",5,34,164,78,86
050,16,041,"Idaho","Franklin County",5,35,163,88,75
050,16,041,"Idaho","Franklin County",5,36,172,89,83
050,16,041,"Idaho","Franklin County",5,37,186,101,85
050,16,041,"Idaho","Franklin County",5,38,166,80,86
050,16,041,"Idaho","Franklin County",5,39,175,81,94
050,16,041,"Idaho","Franklin County",5,40,192,97,95
050,16,041,"Idaho","Franklin County",5,41,201,95,106
050,16,041,"Idaho","Franklin County",5,42,216,106,110
050,16,041,"Idaho","Franklin County",5,43,204,107,97
050,16,041,"Idaho","Franklin County",5,44,218,112,106
050,16,041,"Idaho","Franklin County",5,45,198,101,97
050,16,041,"Idaho","Franklin County",5,46,226,118,108
050,16,041,"Idaho","Franklin County",5,47,202,104,98
050,16,041,"Idaho","Franklin County",5,48,202,99,103
050,16,041,"Idaho","Franklin County",5,49,184,91,93
050,16,041,"Idaho","Franklin County",5,50,161,83,78
050,16,041,"Idaho","Franklin County",5,51,167,85,82
050,16,041,"Idaho","Franklin County",5,52,159,84,75
050,16,041,"Idaho","Franklin County",5,53,164,83,81
050,16,041,"Idaho","Franklin County",5,54,157,89,68
050,16,041,"Idaho","Franklin County",5,55,150,75,75
050,16,041,"Idaho","Franklin County",5,56,141,67,74
050,16,041,"Idaho","Franklin County",5,57,159,78,81
050,16,041,"Idaho","Franklin County",5,58,143,75,68
050,16,041,"Idaho","Franklin County",5,59,154,76,78
050,16,041,"Idaho","Franklin County",5,60,149,65,84
050,16,041,"Idaho","Franklin County",5,61,179,75,104
050,16,041,"Idaho","Franklin County",5,62,177,93,84
050,16,041,"Idaho","Franklin County",5,63,178,99,79
050,16,041,"Idaho","Franklin County",5,64,170,89,81
050,16,041,"Idaho","Franklin County",5,65,154,82,72
050,16,041,"Idaho","Franklin County",5,66,154,81,73
050,16,041,"Idaho","Franklin County",5,67,161,80,81
050,16,041,"Idaho","Franklin County",5,68,141,72,69
050,16,041,"Idaho","Franklin County",5,69,150,79,71
050,16,041,"Idaho","Franklin County",5,70,143,70,73
050,16,041,"Idaho","Franklin County",5,71,125,62,63
050,16,041,"Idaho","Franklin County",5,72,99,58,41
050,16,041,"Idaho","Franklin County",5,73,109,53,56
050,16,041,"Idaho","Franklin County",5,74,110,50,60
050,16,041,"Idaho","Franklin County",5,75,109,48,61
050,16,041,"Idaho","Franklin County",5,76,102,51,51
050,16,041,"Idaho","Franklin County",5,77,74,33,41
050,16,041,"Idaho","Franklin County",5,78,71,34,37
050,16,041,"Idaho","Franklin County",5,79,77,33,44
050,16,041,"Idaho","Franklin County",5,80,73,34,39
050,16,041,"Idaho","Franklin County",5,81,61,25,36
050,16,041,"Idaho","Franklin County",5,82,43,23,20
050,16,041,"Idaho","Franklin County",5,83,41,17,24
050,16,041,"Idaho","Franklin County",5,84,47,23,24
050,16,041,"Idaho","Franklin County",5,85,246,122,124
050,16,043,"Idaho","Fremont County",1,0,177,92,85
050,16,043,"Idaho","Fremont County",1,1,159,83,76
050,16,043,"Idaho","Fremont County",1,2,158,80,78
050,16,043,"Idaho","Fremont County",1,3,150,76,74
050,16,043,"Idaho","Fremont County",1,4,176,91,85
050,16,043,"Idaho","Fremont County",1,5,174,80,94
050,16,043,"Idaho","Fremont County",1,6,167,82,85
050,16,043,"Idaho","Fremont County",1,7,150,84,66
050,16,043,"Idaho","Fremont County",1,8,163,85,78
050,16,043,"Idaho","Fremont County",1,9,159,82,77
050,16,043,"Idaho","Fremont County",1,10,176,94,82
050,16,043,"Idaho","Fremont County",1,11,196,101,95
050,16,043,"Idaho","Fremont County",1,12,201,98,103
050,16,043,"Idaho","Fremont County",1,13,206,105,101
050,16,043,"Idaho","Fremont County",1,14,198,109,89
050,16,043,"Idaho","Fremont County",1,15,222,109,113
050,16,043,"Idaho","Fremont County",1,16,217,111,106
050,16,043,"Idaho","Fremont County",1,17,223,119,104
050,16,043,"Idaho","Fremont County",1,18,199,111,88
050,16,043,"Idaho","Fremont County",1,19,157,91,66
050,16,043,"Idaho","Fremont County",1,20,143,74,69
050,16,043,"Idaho","Fremont County",1,21,160,80,80
050,16,043,"Idaho","Fremont County",1,22,175,90,85
050,16,043,"Idaho","Fremont County",1,23,172,89,83
050,16,043,"Idaho","Fremont County",1,24,181,102,79
050,16,043,"Idaho","Fremont County",1,25,190,98,92
050,16,043,"Idaho","Fremont County",1,26,177,91,86
050,16,043,"Idaho","Fremont County",1,27,172,94,78
050,16,043,"Idaho","Fremont County",1,28,148,73,75
050,16,043,"Idaho","Fremont County",1,29,142,79,63
050,16,043,"Idaho","Fremont County",1,30,144,88,56
050,16,043,"Idaho","Fremont County",1,31,143,85,58
050,16,043,"Idaho","Fremont County",1,32,137,78,59
050,16,043,"Idaho","Fremont County",1,33,143,78,65
050,16,043,"Idaho","Fremont County",1,34,163,84,79
050,16,043,"Idaho","Fremont County",1,35,157,78,79
050,16,043,"Idaho","Fremont County",1,36,151,81,70
050,16,043,"Idaho","Fremont County",1,37,173,92,81
050,16,043,"Idaho","Fremont County",1,38,174,90,84
050,16,043,"Idaho","Fremont County",1,39,166,89,77
050,16,043,"Idaho","Fremont County",1,40,157,80,77
050,16,043,"Idaho","Fremont County",1,41,181,107,74
050,16,043,"Idaho","Fremont County",1,42,187,102,85
050,16,043,"Idaho","Fremont County",1,43,188,113,75
050,16,043,"Idaho","Fremont County",1,44,180,100,80
050,16,043,"Idaho","Fremont County",1,45,161,76,85
050,16,043,"Idaho","Fremont County",1,46,146,75,71
050,16,043,"Idaho","Fremont County",1,47,139,78,61
050,16,043,"Idaho","Fremont County",1,48,154,85,69
050,16,043,"Idaho","Fremont County",1,49,155,81,74
050,16,043,"Idaho","Fremont County",1,50,167,91,76
050,16,043,"Idaho","Fremont County",1,51,160,73,87
050,16,043,"Idaho","Fremont County",1,52,160,86,74
050,16,043,"Idaho","Fremont County",1,53,154,84,70
050,16,043,"Idaho","Fremont County",1,54,154,83,71
050,16,043,"Idaho","Fremont County",1,55,153,84,69
050,16,043,"Idaho","Fremont County",1,56,174,99,75
050,16,043,"Idaho","Fremont County",1,57,180,96,84
050,16,043,"Idaho","Fremont County",1,58,177,88,89
050,16,043,"Idaho","Fremont County",1,59,171,90,81
050,16,043,"Idaho","Fremont County",1,60,179,98,81
050,16,043,"Idaho","Fremont County",1,61,180,93,87
050,16,043,"Idaho","Fremont County",1,62,191,97,94
050,16,043,"Idaho","Fremont County",1,63,193,111,82
050,16,043,"Idaho","Fremont County",1,64,174,91,83
050,16,043,"Idaho","Fremont County",1,65,172,83,89
050,16,043,"Idaho","Fremont County",1,66,171,89,82
050,16,043,"Idaho","Fremont County",1,67,173,97,76
050,16,043,"Idaho","Fremont County",1,68,163,91,72
050,16,043,"Idaho","Fremont County",1,69,132,66,66
050,16,043,"Idaho","Fremont County",1,70,131,70,61
050,16,043,"Idaho","Fremont County",1,71,131,61,70
050,16,043,"Idaho","Fremont County",1,72,125,54,71
050,16,043,"Idaho","Fremont County",1,73,108,62,46
050,16,043,"Idaho","Fremont County",1,74,97,49,48
050,16,043,"Idaho","Fremont County",1,75,103,50,53
050,16,043,"Idaho","Fremont County",1,76,90,43,47
050,16,043,"Idaho","Fremont County",1,77,98,48,50
050,16,043,"Idaho","Fremont County",1,78,95,48,47
050,16,043,"Idaho","Fremont County",1,79,71,37,34
050,16,043,"Idaho","Fremont County",1,80,65,32,33
050,16,043,"Idaho","Fremont County",1,81,67,40,27
050,16,043,"Idaho","Fremont County",1,82,54,30,24
050,16,043,"Idaho","Fremont County",1,83,43,21,22
050,16,043,"Idaho","Fremont County",1,84,40,23,17
050,16,043,"Idaho","Fremont County",1,85,204,100,104
050,16,043,"Idaho","Fremont County",2,0,178,91,87
050,16,043,"Idaho","Fremont County",2,1,161,84,77
050,16,043,"Idaho","Fremont County",2,2,159,80,79
050,16,043,"Idaho","Fremont County",2,3,149,76,73
050,16,043,"Idaho","Fremont County",2,4,170,87,83
050,16,043,"Idaho","Fremont County",2,5,177,84,93
050,16,043,"Idaho","Fremont County",2,6,169,82,87
050,16,043,"Idaho","Fremont County",2,7,156,85,71
050,16,043,"Idaho","Fremont County",2,8,158,84,74
050,16,043,"Idaho","Fremont County",2,9,160,83,77
050,16,043,"Idaho","Fremont County",2,10,172,91,81
050,16,043,"Idaho","Fremont County",2,11,191,99,92
050,16,043,"Idaho","Fremont County",2,12,201,99,102
050,16,043,"Idaho","Fremont County",2,13,205,103,102
050,16,043,"Idaho","Fremont County",2,14,202,110,92
050,16,043,"Idaho","Fremont County",2,15,218,110,108
050,16,043,"Idaho","Fremont County",2,16,220,112,108
050,16,043,"Idaho","Fremont County",2,17,226,121,105
050,16,043,"Idaho","Fremont County",2,18,194,107,87
050,16,043,"Idaho","Fremont County",2,19,158,89,69
050,16,043,"Idaho","Fremont County",2,20,146,75,71
050,16,043,"Idaho","Fremont County",2,21,157,79,78
050,16,043,"Idaho","Fremont County",2,22,172,89,83
050,16,043,"Idaho","Fremont County",2,23,172,89,83
050,16,043,"Idaho","Fremont County",2,24,175,97,78
050,16,043,"Idaho","Fremont County",2,25,186,97,89
050,16,043,"Idaho","Fremont County",2,26,178,90,88
050,16,043,"Idaho","Fremont County",2,27,173,93,80
050,16,043,"Idaho","Fremont County",2,28,152,76,76
050,16,043,"Idaho","Fremont County",2,29,146,80,66
050,16,043,"Idaho","Fremont County",2,30,147,88,59
050,16,043,"Idaho","Fremont County",2,31,146,88,58
050,16,043,"Idaho","Fremont County",2,32,138,80,58
050,16,043,"Idaho","Fremont County",2,33,142,76,66
050,16,043,"Idaho","Fremont County",2,34,160,85,75
050,16,043,"Idaho","Fremont County",2,35,160,81,79
050,16,043,"Idaho","Fremont County",2,36,152,80,72
050,16,043,"Idaho","Fremont County",2,37,170,91,79
050,16,043,"Idaho","Fremont County",2,38,174,90,84
050,16,043,"Idaho","Fremont County",2,39,169,89,80
050,16,043,"Idaho","Fremont County",2,40,163,84,79
050,16,043,"Idaho","Fremont County",2,41,177,101,76
050,16,043,"Idaho","Fremont County",2,42,186,103,83
050,16,043,"Idaho","Fremont County",2,43,191,111,80
050,16,043,"Idaho","Fremont County",2,44,180,101,79
050,16,043,"Idaho","Fremont County",2,45,168,84,84
050,16,043,"Idaho","Fremont County",2,46,152,77,75
050,16,043,"Idaho","Fremont County",2,47,138,75,63
050,16,043,"Idaho","Fremont County",2,48,150,82,68
050,16,043,"Idaho","Fremont County",2,49,153,81,72
050,16,043,"Idaho","Fremont County",2,50,166,89,77
050,16,043,"Idaho","Fremont County",2,51,161,76,85
050,16,043,"Idaho","Fremont County",2,52,161,83,78
050,16,043,"Idaho","Fremont County",2,53,158,86,72
050,16,043,"Idaho","Fremont County",2,54,154,83,71
050,16,043,"Idaho","Fremont County",2,55,155,85,70
050,16,043,"Idaho","Fremont County",2,56,169,95,74
050,16,043,"Idaho","Fremont County",2,57,180,98,82
050,16,043,"Idaho","Fremont County",2,58,176,88,88
050,16,043,"Idaho","Fremont County",2,59,173,90,83
050,16,043,"Idaho","Fremont County",2,60,177,96,81
050,16,043,"Idaho","Fremont County",2,61,178,93,85
050,16,043,"Idaho","Fremont County",2,62,189,97,92
050,16,043,"Idaho","Fremont County",2,63,194,108,86
050,16,043,"Idaho","Fremont County",2,64,178,95,83
050,16,043,"Idaho","Fremont County",2,65,171,84,87
050,16,043,"Idaho","Fremont County",2,66,173,89,84
050,16,043,"Idaho","Fremont County",2,67,174,96,78
050,16,043,"Idaho","Fremont County",2,68,165,92,73
050,16,043,"Idaho","Fremont County",2,69,139,71,68
050,16,043,"Idaho","Fremont County",2,70,131,68,63
050,16,043,"Idaho","Fremont County",2,71,127,61,66
050,16,043,"Idaho","Fremont County",2,72,124,55,69
050,16,043,"Idaho","Fremont County",2,73,120,64,56
050,16,043,"Idaho","Fremont County",2,74,93,49,44
050,16,043,"Idaho","Fremont County",2,75,102,49,53
050,16,043,"Idaho","Fremont County",2,76,93,45,48
050,16,043,"Idaho","Fremont County",2,77,97,46,51
050,16,043,"Idaho","Fremont County",2,78,93,47,46
050,16,043,"Idaho","Fremont County",2,79,74,38,36
050,16,043,"Idaho","Fremont County",2,80,66,34,32
050,16,043,"Idaho","Fremont County",2,81,65,37,28
050,16,043,"Idaho","Fremont County",2,82,56,31,25
050,16,043,"Idaho","Fremont County",2,83,45,23,22
050,16,043,"Idaho","Fremont County",2,84,39,22,17
050,16,043,"Idaho","Fremont County",2,85,206,101,105
050,16,043,"Idaho","Fremont County",3,0,154,78,76
050,16,043,"Idaho","Fremont County",3,1,185,97,88
050,16,043,"Idaho","Fremont County",3,2,156,83,73
050,16,043,"Idaho","Fremont County",3,3,159,80,79
050,16,043,"Idaho","Fremont County",3,4,157,80,77
050,16,043,"Idaho","Fremont County",3,5,169,86,83
050,16,043,"Idaho","Fremont County",3,6,181,84,97
050,16,043,"Idaho","Fremont County",3,7,166,84,82
050,16,043,"Idaho","Fremont County",3,8,158,88,70
050,16,043,"Idaho","Fremont County",3,9,159,83,76
050,16,043,"Idaho","Fremont County",3,10,154,83,71
050,16,043,"Idaho","Fremont County",3,11,173,86,87
050,16,043,"Idaho","Fremont County",3,12,198,100,98
050,16,043,"Idaho","Fremont County",3,13,197,95,102
050,16,043,"Idaho","Fremont County",3,14,214,106,108
050,16,043,"Idaho","Fremont County",3,15,210,115,95
050,16,043,"Idaho","Fremont County",3,16,217,114,103
050,16,043,"Idaho","Fremont County",3,17,229,118,111
050,16,043,"Idaho","Fremont County",3,18,187,96,91
050,16,043,"Idaho","Fremont County",3,19,146,81,65
050,16,043,"Idaho","Fremont County",3,20,165,89,76
050,16,043,"Idaho","Fremont County",3,21,168,92,76
050,16,043,"Idaho","Fremont County",3,22,176,90,86
050,16,043,"Idaho","Fremont County",3,23,181,93,88
050,16,043,"Idaho","Fremont County",3,24,183,88,95
050,16,043,"Idaho","Fremont County",3,25,164,95,69
050,16,043,"Idaho","Fremont County",3,26,191,102,89
050,16,043,"Idaho","Fremont County",3,27,187,97,90
050,16,043,"Idaho","Fremont County",3,28,174,88,86
050,16,043,"Idaho","Fremont County",3,29,158,84,74
050,16,043,"Idaho","Fremont County",3,30,147,81,66
050,16,043,"Idaho","Fremont County",3,31,150,88,62
050,16,043,"Idaho","Fremont County",3,32,161,89,72
050,16,043,"Idaho","Fremont County",3,33,144,81,63
050,16,043,"Idaho","Fremont County",3,34,146,79,67
050,16,043,"Idaho","Fremont County",3,35,161,89,72
050,16,043,"Idaho","Fremont County",3,36,164,78,86
050,16,043,"Idaho","Fremont County",3,37,163,85,78
050,16,043,"Idaho","Fremont County",3,38,172,91,81
050,16,043,"Idaho","Fremont County",3,39,171,88,83
050,16,043,"Idaho","Fremont County",3,40,177,93,84
050,16,043,"Idaho","Fremont County",3,41,168,89,79
050,16,043,"Idaho","Fremont County",3,42,178,102,76
050,16,043,"Idaho","Fremont County",3,43,191,106,85
050,16,043,"Idaho","Fremont County",3,44,192,112,80
050,16,043,"Idaho","Fremont County",3,45,175,98,77
050,16,043,"Idaho","Fremont County",3,46,182,99,83
050,16,043,"Idaho","Fremont County",3,47,146,71,75
050,16,043,"Idaho","Fremont County",3,48,148,86,62
050,16,043,"Idaho","Fremont County",3,49,153,80,73
050,16,043,"Idaho","Fremont County",3,50,158,86,72
050,16,043,"Idaho","Fremont County",3,51,165,93,72
050,16,043,"Idaho","Fremont County",3,52,154,73,81
050,16,043,"Idaho","Fremont County",3,53,155,78,77
050,16,043,"Idaho","Fremont County",3,54,152,85,67
050,16,043,"Idaho","Fremont County",3,55,156,88,68
050,16,043,"Idaho","Fremont County",3,56,159,81,78
050,16,043,"Idaho","Fremont County",3,57,173,99,74
050,16,043,"Idaho","Fremont County",3,58,191,105,86
050,16,043,"Idaho","Fremont County",3,59,180,93,87
050,16,043,"Idaho","Fremont County",3,60,184,98,86
050,16,043,"Idaho","Fremont County",3,61,177,91,86
050,16,043,"Idaho","Fremont County",3,62,168,88,80
050,16,043,"Idaho","Fremont County",3,63,198,103,95
050,16,043,"Idaho","Fremont County",3,64,193,105,88
050,16,043,"Idaho","Fremont County",3,65,176,88,88
050,16,043,"Idaho","Fremont County",3,66,170,89,81
050,16,043,"Idaho","Fremont County",3,67,176,92,84
050,16,043,"Idaho","Fremont County",3,68,177,96,81
050,16,043,"Idaho","Fremont County",3,69,159,89,70
050,16,043,"Idaho","Fremont County",3,70,139,71,68
050,16,043,"Idaho","Fremont County",3,71,126,64,62
050,16,043,"Idaho","Fremont County",3,72,126,57,69
050,16,043,"Idaho","Fremont County",3,73,124,54,70
050,16,043,"Idaho","Fremont County",3,74,120,65,55
050,16,043,"Idaho","Fremont County",3,75,92,48,44
050,16,043,"Idaho","Fremont County",3,76,96,44,52
050,16,043,"Idaho","Fremont County",3,77,87,42,45
050,16,043,"Idaho","Fremont County",3,78,94,47,47
050,16,043,"Idaho","Fremont County",3,79,87,45,42
050,16,043,"Idaho","Fremont County",3,80,66,35,31
050,16,043,"Idaho","Fremont County",3,81,67,34,33
050,16,043,"Idaho","Fremont County",3,82,57,29,28
050,16,043,"Idaho","Fremont County",3,83,49,25,24
050,16,043,"Idaho","Fremont County",3,84,42,23,19
050,16,043,"Idaho","Fremont County",3,85,193,93,100
050,16,043,"Idaho","Fremont County",4,0,178,87,91
050,16,043,"Idaho","Fremont County",4,1,157,79,78
050,16,043,"Idaho","Fremont County",4,2,184,96,88
050,16,043,"Idaho","Fremont County",4,3,168,93,75
050,16,043,"Idaho","Fremont County",4,4,172,88,84
050,16,043,"Idaho","Fremont County",4,5,164,88,76
050,16,043,"Idaho","Fremont County",4,6,178,92,86
050,16,043,"Idaho","Fremont County",4,7,186,87,99
050,16,043,"Idaho","Fremont County",4,8,187,93,94
050,16,043,"Idaho","Fremont County",4,9,167,92,75
050,16,043,"Idaho","Fremont County",4,10,169,90,79
050,16,043,"Idaho","Fremont County",4,11,164,89,75
050,16,043,"Idaho","Fremont County",4,12,178,92,86
050,16,043,"Idaho","Fremont County",4,13,199,99,100
050,16,043,"Idaho","Fremont County",4,14,216,107,109
050,16,043,"Idaho","Fremont County",4,15,218,116,102
050,16,043,"Idaho","Fremont County",4,16,217,120,97
050,16,043,"Idaho","Fremont County",4,17,236,127,109
050,16,043,"Idaho","Fremont County",4,18,203,105,98
050,16,043,"Idaho","Fremont County",4,19,137,73,64
050,16,043,"Idaho","Fremont County",4,20,154,80,74
050,16,043,"Idaho","Fremont County",4,21,171,93,78
050,16,043,"Idaho","Fremont County",4,22,190,103,87
050,16,043,"Idaho","Fremont County",4,23,182,99,83
050,16,043,"Idaho","Fremont County",4,24,176,90,86
050,16,043,"Idaho","Fremont County",4,25,189,101,88
050,16,043,"Idaho","Fremont County",4,26,160,84,76
050,16,043,"Idaho","Fremont County",4,27,206,110,96
050,16,043,"Idaho","Fremont County",4,28,185,93,92
050,16,043,"Idaho","Fremont County",4,29,192,98,94
050,16,043,"Idaho","Fremont County",4,30,167,89,78
050,16,043,"Idaho","Fremont County",4,31,165,90,75
050,16,043,"Idaho","Fremont County",4,32,159,98,61
050,16,043,"Idaho","Fremont County",4,33,165,90,75
050,16,043,"Idaho","Fremont County",4,34,151,89,62
050,16,043,"Idaho","Fremont County",4,35,136,74,62
050,16,043,"Idaho","Fremont County",4,36,160,88,72
050,16,043,"Idaho","Fremont County",4,37,166,80,86
050,16,043,"Idaho","Fremont County",4,38,175,96,79
050,16,043,"Idaho","Fremont County",4,39,179,94,85
050,16,043,"Idaho","Fremont County",4,40,192,102,90
050,16,043,"Idaho","Fremont County",4,41,177,94,83
050,16,043,"Idaho","Fremont County",4,42,176,96,80
050,16,043,"Idaho","Fremont County",4,43,184,105,79
050,16,043,"Idaho","Fremont County",4,44,200,109,91
050,16,043,"Idaho","Fremont County",4,45,201,118,83
050,16,043,"Idaho","Fremont County",4,46,179,105,74
050,16,043,"Idaho","Fremont County",4,47,174,93,81
050,16,043,"Idaho","Fremont County",4,48,167,84,83
050,16,043,"Idaho","Fremont County",4,49,148,86,62
050,16,043,"Idaho","Fremont County",4,50,161,82,79
050,16,043,"Idaho","Fremont County",4,51,168,93,75
050,16,043,"Idaho","Fremont County",4,52,176,97,79
050,16,043,"Idaho","Fremont County",4,53,162,80,82
050,16,043,"Idaho","Fremont County",4,54,151,75,76
050,16,043,"Idaho","Fremont County",4,55,165,98,67
050,16,043,"Idaho","Fremont County",4,56,168,86,82
050,16,043,"Idaho","Fremont County",4,57,163,86,77
050,16,043,"Idaho","Fremont County",4,58,182,102,80
050,16,043,"Idaho","Fremont County",4,59,189,109,80
050,16,043,"Idaho","Fremont County",4,60,189,102,87
050,16,043,"Idaho","Fremont County",4,61,186,101,85
050,16,043,"Idaho","Fremont County",4,62,172,90,82
050,16,043,"Idaho","Fremont County",4,63,175,93,82
050,16,043,"Idaho","Fremont County",4,64,194,105,89
050,16,043,"Idaho","Fremont County",4,65,190,100,90
050,16,043,"Idaho","Fremont County",4,66,183,88,95
050,16,043,"Idaho","Fremont County",4,67,168,87,81
050,16,043,"Idaho","Fremont County",4,68,183,96,87
050,16,043,"Idaho","Fremont County",4,69,176,92,84
050,16,043,"Idaho","Fremont County",4,70,165,92,73
050,16,043,"Idaho","Fremont County",4,71,135,71,64
050,16,043,"Idaho","Fremont County",4,72,124,63,61
050,16,043,"Idaho","Fremont County",4,73,130,61,69
050,16,043,"Idaho","Fremont County",4,74,115,49,66
050,16,043,"Idaho","Fremont County",4,75,114,61,53
050,16,043,"Idaho","Fremont County",4,76,90,47,43
050,16,043,"Idaho","Fremont County",4,77,92,41,51
050,16,043,"Idaho","Fremont County",4,78,80,43,37
050,16,043,"Idaho","Fremont County",4,79,91,46,45
050,16,043,"Idaho","Fremont County",4,80,77,39,38
050,16,043,"Idaho","Fremont County",4,81,56,33,23
050,16,043,"Idaho","Fremont County",4,82,61,27,34
050,16,043,"Idaho","Fremont County",4,83,44,26,18
050,16,043,"Idaho","Fremont County",4,84,47,24,23
050,16,043,"Idaho","Fremont County",4,85,191,96,95
050,16,043,"Idaho","Fremont County",5,0,181,88,93
050,16,043,"Idaho","Fremont County",5,1,179,90,89
050,16,043,"Idaho","Fremont County",5,2,156,73,83
050,16,043,"Idaho","Fremont County",5,3,178,94,84
050,16,043,"Idaho","Fremont County",5,4,174,98,76
050,16,043,"Idaho","Fremont County",5,5,175,91,84
050,16,043,"Idaho","Fremont County",5,6,162,84,78
050,16,043,"Idaho","Fremont County",5,7,182,92,90
050,16,043,"Idaho","Fremont County",5,8,193,88,105
050,16,043,"Idaho","Fremont County",5,9,188,93,95
050,16,043,"Idaho","Fremont County",5,10,168,89,79
050,16,043,"Idaho","Fremont County",5,11,172,89,83
050,16,043,"Idaho","Fremont County",5,12,167,91,76
050,16,043,"Idaho","Fremont County",5,13,190,95,95
050,16,043,"Idaho","Fremont County",5,14,207,110,97
050,16,043,"Idaho","Fremont County",5,15,220,111,109
050,16,043,"Idaho","Fremont County",5,16,222,115,107
050,16,043,"Idaho","Fremont County",5,17,232,128,104
050,16,043,"Idaho","Fremont County",5,18,198,103,95
050,16,043,"Idaho","Fremont County",5,19,152,78,74
050,16,043,"Idaho","Fremont County",5,20,146,69,77
050,16,043,"Idaho","Fremont County",5,21,160,85,75
050,16,043,"Idaho","Fremont County",5,22,183,101,82
050,16,043,"Idaho","Fremont County",5,23,179,98,81
050,16,043,"Idaho","Fremont County",5,24,185,109,76
050,16,043,"Idaho","Fremont County",5,25,183,87,96
050,16,043,"Idaho","Fremont County",5,26,196,105,91
050,16,043,"Idaho","Fremont County",5,27,180,98,82
050,16,043,"Idaho","Fremont County",5,28,223,120,103
050,16,043,"Idaho","Fremont County",5,29,192,102,90
050,16,043,"Idaho","Fremont County",5,30,200,105,95
050,16,043,"Idaho","Fremont County",5,31,161,84,77
050,16,043,"Idaho","Fremont County",5,32,182,101,81
050,16,043,"Idaho","Fremont County",5,33,160,95,65
050,16,043,"Idaho","Fremont County",5,34,167,96,71
050,16,043,"Idaho","Fremont County",5,35,161,96,65
050,16,043,"Idaho","Fremont County",5,36,137,70,67
050,16,043,"Idaho","Fremont County",5,37,171,96,75
050,16,043,"Idaho","Fremont County",5,38,183,90,93
050,16,043,"Idaho","Fremont County",5,39,178,103,75
050,16,043,"Idaho","Fremont County",5,40,186,100,86
050,16,043,"Idaho","Fremont County",5,41,185,100,85
050,16,043,"Idaho","Fremont County",5,42,182,101,81
050,16,043,"Idaho","Fremont County",5,43,176,95,81
050,16,043,"Idaho","Fremont County",5,44,181,101,80
050,16,043,"Idaho","Fremont County",5,45,200,112,88
050,16,043,"Idaho","Fremont County",5,46,211,126,85
050,16,043,"Idaho","Fremont County",5,47,174,96,78
050,16,043,"Idaho","Fremont County",5,48,177,95,82
050,16,043,"Idaho","Fremont County",5,49,154,74,80
050,16,043,"Idaho","Fremont County",5,50,154,91,63
050,16,043,"Idaho","Fremont County",5,51,155,82,73
050,16,043,"Idaho","Fremont County",5,52,168,95,73
050,16,043,"Idaho","Fremont County",5,53,171,94,77
050,16,043,"Idaho","Fremont County",5,54,157,72,85
050,16,043,"Idaho","Fremont County",5,55,153,82,71
050,16,043,"Idaho","Fremont County",5,56,148,85,63
050,16,043,"Idaho","Fremont County",5,57,175,88,87
050,16,043,"Idaho","Fremont County",5,58,167,88,79
050,16,043,"Idaho","Fremont County",5,59,181,101,80
050,16,043,"Idaho","Fremont County",5,60,203,116,87
050,16,043,"Idaho","Fremont County",5,61,186,98,88
050,16,043,"Idaho","Fremont County",5,62,186,101,85
050,16,043,"Idaho","Fremont County",5,63,180,94,86
050,16,043,"Idaho","Fremont County",5,64,172,94,78
050,16,043,"Idaho","Fremont County",5,65,192,100,92
050,16,043,"Idaho","Fremont County",5,66,185,96,89
050,16,043,"Idaho","Fremont County",5,67,183,87,96
050,16,043,"Idaho","Fremont County",5,68,172,90,82
050,16,043,"Idaho","Fremont County",5,69,183,96,87
050,16,043,"Idaho","Fremont County",5,70,180,93,87
050,16,043,"Idaho","Fremont County",5,71,155,86,69
050,16,043,"Idaho","Fremont County",5,72,137,71,66
050,16,043,"Idaho","Fremont County",5,73,119,60,59
050,16,043,"Idaho","Fremont County",5,74,125,57,68
050,16,043,"Idaho","Fremont County",5,75,113,48,65
050,16,043,"Idaho","Fremont County",5,76,110,57,53
050,16,043,"Idaho","Fremont County",5,77,84,44,40
050,16,043,"Idaho","Fremont County",5,78,87,41,46
050,16,043,"Idaho","Fremont County",5,79,78,41,37
050,16,043,"Idaho","Fremont County",5,80,83,41,42
050,16,043,"Idaho","Fremont County",5,81,71,37,34
050,16,043,"Idaho","Fremont County",5,82,47,25,22
050,16,043,"Idaho","Fremont County",5,83,53,23,30
050,16,043,"Idaho","Fremont County",5,84,40,24,16
050,16,043,"Idaho","Fremont County",5,85,194,99,95
050,16,045,"Idaho","Gem County",1,0,190,97,93
050,16,045,"Idaho","Gem County",1,1,204,104,100
050,16,045,"Idaho","Gem County",1,2,218,108,110
050,16,045,"Idaho","Gem County",1,3,219,126,93
050,16,045,"Idaho","Gem County",1,4,232,122,110
050,16,045,"Idaho","Gem County",1,5,237,122,115
050,16,045,"Idaho","Gem County",1,6,240,134,106
050,16,045,"Idaho","Gem County",1,7,250,125,125
050,16,045,"Idaho","Gem County",1,8,249,134,115
050,16,045,"Idaho","Gem County",1,9,244,122,122
050,16,045,"Idaho","Gem County",1,10,243,129,114
050,16,045,"Idaho","Gem County",1,11,259,132,127
050,16,045,"Idaho","Gem County",1,12,273,150,123
050,16,045,"Idaho","Gem County",1,13,273,148,125
050,16,045,"Idaho","Gem County",1,14,272,144,128
050,16,045,"Idaho","Gem County",1,15,252,137,115
050,16,045,"Idaho","Gem County",1,16,273,153,120
050,16,045,"Idaho","Gem County",1,17,287,162,125
050,16,045,"Idaho","Gem County",1,18,218,122,96
050,16,045,"Idaho","Gem County",1,19,167,84,83
050,16,045,"Idaho","Gem County",1,20,179,97,82
050,16,045,"Idaho","Gem County",1,21,197,108,89
050,16,045,"Idaho","Gem County",1,22,189,91,98
050,16,045,"Idaho","Gem County",1,23,194,96,98
050,16,045,"Idaho","Gem County",1,24,171,88,83
050,16,045,"Idaho","Gem County",1,25,170,87,83
050,16,045,"Idaho","Gem County",1,26,192,100,92
050,16,045,"Idaho","Gem County",1,27,189,94,95
050,16,045,"Idaho","Gem County",1,28,192,98,94
050,16,045,"Idaho","Gem County",1,29,219,105,114
050,16,045,"Idaho","Gem County",1,30,208,107,101
050,16,045,"Idaho","Gem County",1,31,203,110,93
050,16,045,"Idaho","Gem County",1,32,198,99,99
050,16,045,"Idaho","Gem County",1,33,214,107,107
050,16,045,"Idaho","Gem County",1,34,187,99,88
050,16,045,"Idaho","Gem County",1,35,207,96,111
050,16,045,"Idaho","Gem County",1,36,234,116,118
050,16,045,"Idaho","Gem County",1,37,232,121,111
050,16,045,"Idaho","Gem County",1,38,218,114,104
050,16,045,"Idaho","Gem County",1,39,224,107,117
050,16,045,"Idaho","Gem County",1,40,205,92,113
050,16,045,"Idaho","Gem County",1,41,205,95,110
050,16,045,"Idaho","Gem County",1,42,215,104,111
050,16,045,"Idaho","Gem County",1,43,196,81,115
050,16,045,"Idaho","Gem County",1,44,198,93,105
050,16,045,"Idaho","Gem County",1,45,194,91,103
050,16,045,"Idaho","Gem County",1,46,207,99,108
050,16,045,"Idaho","Gem County",1,47,210,111,99
050,16,045,"Idaho","Gem County",1,48,208,94,114
050,16,045,"Idaho","Gem County",1,49,197,100,97
050,16,045,"Idaho","Gem County",1,50,217,111,106
050,16,045,"Idaho","Gem County",1,51,203,105,98
050,16,045,"Idaho","Gem County",1,52,217,106,111
050,16,045,"Idaho","Gem County",1,53,225,108,117
050,16,045,"Idaho","Gem County",1,54,258,137,121
050,16,045,"Idaho","Gem County",1,55,289,153,136
050,16,045,"Idaho","Gem County",1,56,281,139,142
050,16,045,"Idaho","Gem County",1,57,261,123,138
050,16,045,"Idaho","Gem County",1,58,269,128,141
050,16,045,"Idaho","Gem County",1,59,292,147,145
050,16,045,"Idaho","Gem County",1,60,287,144,143
050,16,045,"Idaho","Gem County",1,61,308,151,157
050,16,045,"Idaho","Gem County",1,62,303,154,149
050,16,045,"Idaho","Gem County",1,63,305,154,151
050,16,045,"Idaho","Gem County",1,64,306,153,153
050,16,045,"Idaho","Gem County",1,65,315,157,158
050,16,045,"Idaho","Gem County",1,66,283,133,150
050,16,045,"Idaho","Gem County",1,67,283,144,139
050,16,045,"Idaho","Gem County",1,68,240,114,126
050,16,045,"Idaho","Gem County",1,69,243,119,124
050,16,045,"Idaho","Gem County",1,70,241,120,121
050,16,045,"Idaho","Gem County",1,71,244,123,121
050,16,045,"Idaho","Gem County",1,72,243,123,120
050,16,045,"Idaho","Gem County",1,73,244,121,123
050,16,045,"Idaho","Gem County",1,74,184,92,92
050,16,045,"Idaho","Gem County",1,75,174,86,88
050,16,045,"Idaho","Gem County",1,76,176,86,90
050,16,045,"Idaho","Gem County",1,77,190,97,93
050,16,045,"Idaho","Gem County",1,78,150,72,78
050,16,045,"Idaho","Gem County",1,79,141,77,64
050,16,045,"Idaho","Gem County",1,80,103,59,44
050,16,045,"Idaho","Gem County",1,81,111,62,49
050,16,045,"Idaho","Gem County",1,82,98,45,53
050,16,045,"Idaho","Gem County",1,83,89,49,40
050,16,045,"Idaho","Gem County",1,84,70,37,33
050,16,045,"Idaho","Gem County",1,85,427,186,241
050,16,045,"Idaho","Gem County",2,0,206,103,103
050,16,045,"Idaho","Gem County",2,1,204,104,100
050,16,045,"Idaho","Gem County",2,2,216,108,108
050,16,045,"Idaho","Gem County",2,3,221,122,99
050,16,045,"Idaho","Gem County",2,4,233,125,108
050,16,045,"Idaho","Gem County",2,5,239,124,115
050,16,045,"Idaho","Gem County",2,6,243,133,110
050,16,045,"Idaho","Gem County",2,7,251,130,121
050,16,045,"Idaho","Gem County",2,8,250,133,117
050,16,045,"Idaho","Gem County",2,9,247,127,120
050,16,045,"Idaho","Gem County",2,10,247,128,119
050,16,045,"Idaho","Gem County",2,11,257,132,125
050,16,045,"Idaho","Gem County",2,12,273,148,125
050,16,045,"Idaho","Gem County",2,13,273,148,125
050,16,045,"Idaho","Gem County",2,14,277,147,130
050,16,045,"Idaho","Gem County",2,15,259,139,120
050,16,045,"Idaho","Gem County",2,16,270,151,119
050,16,045,"Idaho","Gem County",2,17,281,158,123
050,16,045,"Idaho","Gem County",2,18,222,124,98
050,16,045,"Idaho","Gem County",2,19,167,86,81
050,16,045,"Idaho","Gem County",2,20,180,96,84
050,16,045,"Idaho","Gem County",2,21,196,107,89
050,16,045,"Idaho","Gem County",2,22,192,95,97
050,16,045,"Idaho","Gem County",2,23,192,95,97
050,16,045,"Idaho","Gem County",2,24,175,88,87
050,16,045,"Idaho","Gem County",2,25,174,89,85
050,16,045,"Idaho","Gem County",2,26,188,97,91
050,16,045,"Idaho","Gem County",2,27,191,96,95
050,16,045,"Idaho","Gem County",2,28,194,99,95
050,16,045,"Idaho","Gem County",2,29,214,104,110
050,16,045,"Idaho","Gem County",2,30,212,109,103
050,16,045,"Idaho","Gem County",2,31,206,110,96
050,16,045,"Idaho","Gem County",2,32,203,102,101
050,16,045,"Idaho","Gem County",2,33,213,108,105
050,16,045,"Idaho","Gem County",2,34,199,104,95
050,16,045,"Idaho","Gem County",2,35,209,99,110
050,16,045,"Idaho","Gem County",2,36,227,111,116
050,16,045,"Idaho","Gem County",2,37,234,121,113
050,16,045,"Idaho","Gem County",2,38,225,118,107
050,16,045,"Idaho","Gem County",2,39,224,109,115
050,16,045,"Idaho","Gem County",2,40,211,98,113
050,16,045,"Idaho","Gem County",2,41,205,96,109
050,16,045,"Idaho","Gem County",2,42,214,101,113
050,16,045,"Idaho","Gem County",2,43,206,90,116
050,16,045,"Idaho","Gem County",2,44,197,90,107
050,16,045,"Idaho","Gem County",2,45,199,95,104
050,16,045,"Idaho","Gem County",2,46,204,97,107
050,16,045,"Idaho","Gem County",2,47,209,108,101
050,16,045,"Idaho","Gem County",2,48,210,98,112
050,16,045,"Idaho","Gem County",2,49,201,101,100
050,16,045,"Idaho","Gem County",2,50,216,111,105
050,16,045,"Idaho","Gem County",2,51,207,107,100
050,16,045,"Idaho","Gem County",2,52,214,106,108
050,16,045,"Idaho","Gem County",2,53,223,108,115
050,16,045,"Idaho","Gem County",2,54,253,132,121
050,16,045,"Idaho","Gem County",2,55,284,149,135
050,16,045,"Idaho","Gem County",2,56,285,144,141
050,16,045,"Idaho","Gem County",2,57,266,126,140
050,16,045,"Idaho","Gem County",2,58,270,128,142
050,16,045,"Idaho","Gem County",2,59,289,143,146
050,16,045,"Idaho","Gem County",2,60,289,146,143
050,16,045,"Idaho","Gem County",2,61,305,150,155
050,16,045,"Idaho","Gem County",2,62,309,156,153
050,16,045,"Idaho","Gem County",2,63,313,157,156
050,16,045,"Idaho","Gem County",2,64,309,156,153
050,16,045,"Idaho","Gem County",2,65,313,155,158
050,16,045,"Idaho","Gem County",2,66,295,139,156
050,16,045,"Idaho","Gem County",2,67,281,141,140
050,16,045,"Idaho","Gem County",2,68,250,121,129
050,16,045,"Idaho","Gem County",2,69,245,119,126
050,16,045,"Idaho","Gem County",2,70,242,119,123
050,16,045,"Idaho","Gem County",2,71,245,123,122
050,16,045,"Idaho","Gem County",2,72,237,118,119
050,16,045,"Idaho","Gem County",2,73,257,127,130
050,16,045,"Idaho","Gem County",2,74,184,93,91
050,16,045,"Idaho","Gem County",2,75,177,88,89
050,16,045,"Idaho","Gem County",2,76,173,85,88
050,16,045,"Idaho","Gem County",2,77,193,97,96
050,16,045,"Idaho","Gem County",2,78,157,76,81
050,16,045,"Idaho","Gem County",2,79,144,78,66
050,16,045,"Idaho","Gem County",2,80,111,60,51
050,16,045,"Idaho","Gem County",2,81,108,60,48
050,16,045,"Idaho","Gem County",2,82,98,48,50
050,16,045,"Idaho","Gem County",2,83,90,49,41
050,16,045,"Idaho","Gem County",2,84,75,40,35
050,16,045,"Idaho","Gem County",2,85,425,183,242
050,16,045,"Idaho","Gem County",3,0,192,101,91
050,16,045,"Idaho","Gem County",3,1,194,102,92
050,16,045,"Idaho","Gem County",3,2,217,107,110
050,16,045,"Idaho","Gem County",3,3,223,106,117
050,16,045,"Idaho","Gem County",3,4,230,118,112
050,16,045,"Idaho","Gem County",3,5,242,129,113
050,16,045,"Idaho","Gem County",3,6,233,118,115
050,16,045,"Idaho","Gem County",3,7,255,145,110
050,16,045,"Idaho","Gem County",3,8,252,124,128
050,16,045,"Idaho","Gem County",3,9,264,137,127
050,16,045,"Idaho","Gem County",3,10,245,128,117
050,16,045,"Idaho","Gem County",3,11,241,126,115
050,16,045,"Idaho","Gem County",3,12,263,140,123
050,16,045,"Idaho","Gem County",3,13,278,154,124
050,16,045,"Idaho","Gem County",3,14,279,148,131
050,16,045,"Idaho","Gem County",3,15,289,157,132
050,16,045,"Idaho","Gem County",3,16,263,140,123
050,16,045,"Idaho","Gem County",3,17,268,149,119
050,16,045,"Idaho","Gem County",3,18,236,133,103
050,16,045,"Idaho","Gem County",3,19,179,104,75
050,16,045,"Idaho","Gem County",3,20,169,93,76
050,16,045,"Idaho","Gem County",3,21,191,98,93
050,16,045,"Idaho","Gem County",3,22,222,118,104
050,16,045,"Idaho","Gem County",3,23,208,107,101
050,16,045,"Idaho","Gem County",3,24,194,95,99
050,16,045,"Idaho","Gem County",3,25,182,91,91
050,16,045,"Idaho","Gem County",3,26,175,93,82
050,16,045,"Idaho","Gem County",3,27,205,107,98
050,16,045,"Idaho","Gem County",3,28,200,104,96
050,16,045,"Idaho","Gem County",3,29,207,101,106
050,16,045,"Idaho","Gem County",3,30,226,115,111
050,16,045,"Idaho","Gem County",3,31,245,127,118
050,16,045,"Idaho","Gem County",3,32,224,118,106
050,16,045,"Idaho","Gem County",3,33,212,107,105
050,16,045,"Idaho","Gem County",3,34,230,119,111
050,16,045,"Idaho","Gem County",3,35,209,111,98
050,16,045,"Idaho","Gem County",3,36,225,110,115
050,16,045,"Idaho","Gem County",3,37,236,116,120
050,16,045,"Idaho","Gem County",3,38,242,129,113
050,16,045,"Idaho","Gem County",3,39,245,129,116
050,16,045,"Idaho","Gem County",3,40,220,106,114
050,16,045,"Idaho","Gem County",3,41,219,99,120
050,16,045,"Idaho","Gem County",3,42,201,93,108
050,16,045,"Idaho","Gem County",3,43,227,112,115
050,16,045,"Idaho","Gem County",3,44,214,97,117
050,16,045,"Idaho","Gem County",3,45,199,96,103
050,16,045,"Idaho","Gem County",3,46,209,100,109
050,16,045,"Idaho","Gem County",3,47,212,101,111
050,16,045,"Idaho","Gem County",3,48,227,112,115
050,16,045,"Idaho","Gem County",3,49,207,102,105
050,16,045,"Idaho","Gem County",3,50,209,104,105
050,16,045,"Idaho","Gem County",3,51,234,122,112
050,16,045,"Idaho","Gem County",3,52,226,124,102
050,16,045,"Idaho","Gem County",3,53,218,109,109
050,16,045,"Idaho","Gem County",3,54,226,107,119
050,16,045,"Idaho","Gem County",3,55,270,142,128
050,16,045,"Idaho","Gem County",3,56,300,157,143
050,16,045,"Idaho","Gem County",3,57,291,143,148
050,16,045,"Idaho","Gem County",3,58,278,129,149
050,16,045,"Idaho","Gem County",3,59,266,126,140
050,16,045,"Idaho","Gem County",3,60,299,145,154
050,16,045,"Idaho","Gem County",3,61,322,157,165
050,16,045,"Idaho","Gem County",3,62,312,153,159
050,16,045,"Idaho","Gem County",3,63,316,155,161
050,16,045,"Idaho","Gem County",3,64,333,170,163
050,16,045,"Idaho","Gem County",3,65,316,161,155
050,16,045,"Idaho","Gem County",3,66,310,144,166
050,16,045,"Idaho","Gem County",3,67,295,141,154
050,16,045,"Idaho","Gem County",3,68,278,142,136
050,16,045,"Idaho","Gem County",3,69,252,122,130
050,16,045,"Idaho","Gem County",3,70,249,123,126
050,16,045,"Idaho","Gem County",3,71,238,114,124
050,16,045,"Idaho","Gem County",3,72,247,125,122
050,16,045,"Idaho","Gem County",3,73,243,119,124
050,16,045,"Idaho","Gem County",3,74,242,123,119
050,16,045,"Idaho","Gem County",3,75,180,88,92
050,16,045,"Idaho","Gem County",3,76,178,83,95
050,16,045,"Idaho","Gem County",3,77,174,85,89
050,16,045,"Idaho","Gem County",3,78,179,91,88
050,16,045,"Idaho","Gem County",3,79,147,79,68
050,16,045,"Idaho","Gem County",3,80,126,65,61
050,16,045,"Idaho","Gem County",3,81,100,56,44
050,16,045,"Idaho","Gem County",3,82,104,57,47
050,16,045,"Idaho","Gem County",3,83,95,50,45
050,16,045,"Idaho","Gem County",3,84,84,39,45
050,16,045,"Idaho","Gem County",3,85,440,199,241
050,16,045,"Idaho","Gem County",4,0,202,117,85
050,16,045,"Idaho","Gem County",4,1,195,94,101
050,16,045,"Idaho","Gem County",4,2,211,107,104
050,16,045,"Idaho","Gem County",4,3,230,117,113
050,16,045,"Idaho","Gem County",4,4,226,108,118
050,16,045,"Idaho","Gem County",4,5,228,122,106
050,16,045,"Idaho","Gem County",4,6,249,124,125
050,16,045,"Idaho","Gem County",4,7,239,121,118
050,16,045,"Idaho","Gem County",4,8,246,149,97
050,16,045,"Idaho","Gem County",4,9,273,135,138
050,16,045,"Idaho","Gem County",4,10,268,138,130
050,16,045,"Idaho","Gem County",4,11,251,134,117
050,16,045,"Idaho","Gem County",4,12,267,139,128
050,16,045,"Idaho","Gem County",4,13,274,143,131
050,16,045,"Idaho","Gem County",4,14,289,163,126
050,16,045,"Idaho","Gem County",4,15,294,166,128
050,16,045,"Idaho","Gem County",4,16,296,162,134
050,16,045,"Idaho","Gem County",4,17,285,148,137
050,16,045,"Idaho","Gem County",4,18,238,141,97
050,16,045,"Idaho","Gem County",4,19,193,108,85
050,16,045,"Idaho","Gem County",4,20,190,103,87
050,16,045,"Idaho","Gem County",4,21,188,97,91
050,16,045,"Idaho","Gem County",4,22,224,113,111
050,16,045,"Idaho","Gem County",4,23,227,127,100
050,16,045,"Idaho","Gem County",4,24,202,105,97
050,16,045,"Idaho","Gem County",4,25,191,90,101
050,16,045,"Idaho","Gem County",4,26,186,96,90
050,16,045,"Idaho","Gem County",4,27,171,82,89
050,16,045,"Idaho","Gem County",4,28,202,103,99
050,16,045,"Idaho","Gem County",4,29,218,119,99
050,16,045,"Idaho","Gem County",4,30,221,111,110
050,16,045,"Idaho","Gem County",4,31,237,119,118
050,16,045,"Idaho","Gem County",4,32,262,134,128
050,16,045,"Idaho","Gem County",4,33,237,121,116
050,16,045,"Idaho","Gem County",4,34,238,121,117
050,16,045,"Idaho","Gem County",4,35,233,117,116
050,16,045,"Idaho","Gem County",4,36,216,117,99
050,16,045,"Idaho","Gem County",4,37,232,118,114
050,16,045,"Idaho","Gem County",4,38,253,126,127
050,16,045,"Idaho","Gem County",4,39,246,125,121
050,16,045,"Idaho","Gem County",4,40,240,123,117
050,16,045,"Idaho","Gem County",4,41,227,109,118
050,16,045,"Idaho","Gem County",4,42,232,110,122
050,16,045,"Idaho","Gem County",4,43,223,106,117
050,16,045,"Idaho","Gem County",4,44,238,114,124
050,16,045,"Idaho","Gem County",4,45,223,102,121
050,16,045,"Idaho","Gem County",4,46,197,96,101
050,16,045,"Idaho","Gem County",4,47,219,110,109
050,16,045,"Idaho","Gem County",4,48,226,110,116
050,16,045,"Idaho","Gem County",4,49,226,121,105
050,16,045,"Idaho","Gem County",4,50,227,111,116
050,16,045,"Idaho","Gem County",4,51,238,118,120
050,16,045,"Idaho","Gem County",4,52,263,136,127
050,16,045,"Idaho","Gem County",4,53,224,111,113
050,16,045,"Idaho","Gem County",4,54,227,114,113
050,16,045,"Idaho","Gem County",4,55,252,132,120
050,16,045,"Idaho","Gem County",4,56,282,143,139
050,16,045,"Idaho","Gem County",4,57,306,159,147
050,16,045,"Idaho","Gem County",4,58,306,155,151
050,16,045,"Idaho","Gem County",4,59,290,132,158
050,16,045,"Idaho","Gem County",4,60,282,137,145
050,16,045,"Idaho","Gem County",4,61,316,153,163
050,16,045,"Idaho","Gem County",4,62,327,163,164
050,16,045,"Idaho","Gem County",4,63,331,163,168
050,16,045,"Idaho","Gem County",4,64,326,167,159
050,16,045,"Idaho","Gem County",4,65,331,171,160
050,16,045,"Idaho","Gem County",4,66,312,151,161
050,16,045,"Idaho","Gem County",4,67,324,157,167
050,16,045,"Idaho","Gem County",4,68,301,144,157
050,16,045,"Idaho","Gem County",4,69,281,144,137
050,16,045,"Idaho","Gem County",4,70,257,129,128
050,16,045,"Idaho","Gem County",4,71,246,120,126
050,16,045,"Idaho","Gem County",4,72,230,112,118
050,16,045,"Idaho","Gem County",4,73,265,131,134
050,16,045,"Idaho","Gem County",4,74,234,122,112
050,16,045,"Idaho","Gem County",4,75,235,113,122
050,16,045,"Idaho","Gem County",4,76,173,85,88
050,16,045,"Idaho","Gem County",4,77,178,81,97
050,16,045,"Idaho","Gem County",4,78,165,80,85
050,16,045,"Idaho","Gem County",4,79,178,98,80
050,16,045,"Idaho","Gem County",4,80,132,66,66
050,16,045,"Idaho","Gem County",4,81,120,61,59
050,16,045,"Idaho","Gem County",4,82,101,55,46
050,16,045,"Idaho","Gem County",4,83,93,54,39
050,16,045,"Idaho","Gem County",4,84,87,42,45
050,16,045,"Idaho","Gem County",4,85,435,199,236
050,16,045,"Idaho","Gem County",5,0,203,118,85
050,16,045,"Idaho","Gem County",5,1,205,123,82
050,16,045,"Idaho","Gem County",5,2,225,93,132
050,16,045,"Idaho","Gem County",5,3,226,114,112
050,16,045,"Idaho","Gem County",5,4,227,113,114
050,16,045,"Idaho","Gem County",5,5,231,114,117
050,16,045,"Idaho","Gem County",5,6,235,127,108
050,16,045,"Idaho","Gem County",5,7,263,130,133
050,16,045,"Idaho","Gem County",5,8,263,137,126
050,16,045,"Idaho","Gem County",5,9,245,148,97
050,16,045,"Idaho","Gem County",5,10,272,140,132
050,16,045,"Idaho","Gem County",5,11,266,136,130
050,16,045,"Idaho","Gem County",5,12,266,145,121
050,16,045,"Idaho","Gem County",5,13,280,156,124
050,16,045,"Idaho","Gem County",5,14,281,150,131
050,16,045,"Idaho","Gem County",5,15,316,182,134
050,16,045,"Idaho","Gem County",5,16,297,165,132
050,16,045,"Idaho","Gem County",5,17,325,173,152
050,16,045,"Idaho","Gem County",5,18,264,156,108
050,16,045,"Idaho","Gem County",5,19,189,106,83
050,16,045,"Idaho","Gem County",5,20,212,111,101
050,16,045,"Idaho","Gem County",5,21,202,110,92
050,16,045,"Idaho","Gem County",5,22,192,95,97
050,16,045,"Idaho","Gem County",5,23,241,119,122
050,16,045,"Idaho","Gem County",5,24,225,127,98
050,16,045,"Idaho","Gem County",5,25,208,102,106
050,16,045,"Idaho","Gem County",5,26,205,106,99
050,16,045,"Idaho","Gem County",5,27,197,98,99
050,16,045,"Idaho","Gem County",5,28,182,91,91
050,16,045,"Idaho","Gem County",5,29,206,98,108
050,16,045,"Idaho","Gem County",5,30,239,136,103
050,16,045,"Idaho","Gem County",5,31,237,122,115
050,16,045,"Idaho","Gem County",5,32,243,126,117
050,16,045,"Idaho","Gem County",5,33,270,134,136
050,16,045,"Idaho","Gem County",5,34,250,130,120
050,16,045,"Idaho","Gem County",5,35,236,120,116
050,16,045,"Idaho","Gem County",5,36,226,121,105
050,16,045,"Idaho","Gem County",5,37,233,128,105
050,16,045,"Idaho","Gem County",5,38,238,123,115
050,16,045,"Idaho","Gem County",5,39,266,131,135
050,16,045,"Idaho","Gem County",5,40,238,121,117
050,16,045,"Idaho","Gem County",5,41,254,133,121
050,16,045,"Idaho","Gem County",5,42,225,112,113
050,16,045,"Idaho","Gem County",5,43,250,121,129
050,16,045,"Idaho","Gem County",5,44,237,114,123
050,16,045,"Idaho","Gem County",5,45,239,116,123
050,16,045,"Idaho","Gem County",5,46,219,104,115
050,16,045,"Idaho","Gem County",5,47,197,96,101
050,16,045,"Idaho","Gem County",5,48,230,110,120
050,16,045,"Idaho","Gem County",5,49,227,117,110
050,16,045,"Idaho","Gem County",5,50,230,124,106
050,16,045,"Idaho","Gem County",5,51,232,104,128
050,16,045,"Idaho","Gem County",5,52,275,122,153
050,16,045,"Idaho","Gem County",5,53,258,133,125
050,16,045,"Idaho","Gem County",5,54,247,128,119
050,16,045,"Idaho","Gem County",5,55,286,168,118
050,16,045,"Idaho","Gem County",5,56,260,132,128
050,16,045,"Idaho","Gem County",5,57,277,145,132
050,16,045,"Idaho","Gem County",5,58,318,166,152
050,16,045,"Idaho","Gem County",5,59,316,156,160
050,16,045,"Idaho","Gem County",5,60,294,136,158
050,16,045,"Idaho","Gem County",5,61,294,143,151
050,16,045,"Idaho","Gem County",5,62,324,149,175
050,16,045,"Idaho","Gem County",5,63,324,163,161
050,16,045,"Idaho","Gem County",5,64,354,180,174
050,16,045,"Idaho","Gem County",5,65,328,169,159
050,16,045,"Idaho","Gem County",5,66,332,165,167
050,16,045,"Idaho","Gem County",5,67,309,156,153
050,16,045,"Idaho","Gem County",5,68,325,162,163
050,16,045,"Idaho","Gem County",5,69,309,146,163
050,16,045,"Idaho","Gem County",5,70,276,139,137
050,16,045,"Idaho","Gem County",5,71,247,124,123
050,16,045,"Idaho","Gem County",5,72,250,119,131
050,16,045,"Idaho","Gem County",5,73,231,112,119
050,16,045,"Idaho","Gem County",5,74,256,133,123
050,16,045,"Idaho","Gem County",5,75,220,110,110
050,16,045,"Idaho","Gem County",5,76,227,106,121
050,16,045,"Idaho","Gem County",5,77,179,87,92
050,16,045,"Idaho","Gem County",5,78,173,75,98
050,16,045,"Idaho","Gem County",5,79,161,85,76
050,16,045,"Idaho","Gem County",5,80,168,91,77
050,16,045,"Idaho","Gem County",5,81,125,60,65
050,16,045,"Idaho","Gem County",5,82,118,62,56
050,16,045,"Idaho","Gem County",5,83,99,54,45
050,16,045,"Idaho","Gem County",5,84,84,42,42
050,16,045,"Idaho","Gem County",5,85,462,207,255
050,16,047,"Idaho","Gooding County",1,0,186,96,90
050,16,047,"Idaho","Gooding County",1,1,162,94,68
050,16,047,"Idaho","Gooding County",1,2,226,119,107
050,16,047,"Idaho","Gooding County",1,3,226,105,121
050,16,047,"Idaho","Gooding County",1,4,238,125,113
050,16,047,"Idaho","Gooding County",1,5,223,117,106
050,16,047,"Idaho","Gooding County",1,6,243,121,122
050,16,047,"Idaho","Gooding County",1,7,235,105,130
050,16,047,"Idaho","Gooding County",1,8,232,126,106
050,16,047,"Idaho","Gooding County",1,9,249,127,122
050,16,047,"Idaho","Gooding County",1,10,259,120,139
050,16,047,"Idaho","Gooding County",1,11,253,125,128
050,16,047,"Idaho","Gooding County",1,12,269,135,134
050,16,047,"Idaho","Gooding County",1,13,247,127,120
050,16,047,"Idaho","Gooding County",1,14,260,141,119
050,16,047,"Idaho","Gooding County",1,15,278,139,139
050,16,047,"Idaho","Gooding County",1,16,262,132,130
050,16,047,"Idaho","Gooding County",1,17,220,118,102
050,16,047,"Idaho","Gooding County",1,18,195,99,96
050,16,047,"Idaho","Gooding County",1,19,181,98,83
050,16,047,"Idaho","Gooding County",1,20,187,96,91
050,16,047,"Idaho","Gooding County",1,21,185,98,87
050,16,047,"Idaho","Gooding County",1,22,170,98,72
050,16,047,"Idaho","Gooding County",1,23,173,96,77
050,16,047,"Idaho","Gooding County",1,24,190,91,99
050,16,047,"Idaho","Gooding County",1,25,177,89,88
050,16,047,"Idaho","Gooding County",1,26,174,90,84
050,16,047,"Idaho","Gooding County",1,27,208,110,98
050,16,047,"Idaho","Gooding County",1,28,182,83,99
050,16,047,"Idaho","Gooding County",1,29,207,106,101
050,16,047,"Idaho","Gooding County",1,30,185,110,75
050,16,047,"Idaho","Gooding County",1,31,179,94,85
050,16,047,"Idaho","Gooding County",1,32,178,103,75
050,16,047,"Idaho","Gooding County",1,33,176,98,78
050,16,047,"Idaho","Gooding County",1,34,166,79,87
050,16,047,"Idaho","Gooding County",1,35,164,80,84
050,16,047,"Idaho","Gooding County",1,36,178,74,104
050,16,047,"Idaho","Gooding County",1,37,167,81,86
050,16,047,"Idaho","Gooding County",1,38,167,91,76
050,16,047,"Idaho","Gooding County",1,39,196,94,102
050,16,047,"Idaho","Gooding County",1,40,199,104,95
050,16,047,"Idaho","Gooding County",1,41,178,99,79
050,16,047,"Idaho","Gooding County",1,42,193,108,85
050,16,047,"Idaho","Gooding County",1,43,178,103,75
050,16,047,"Idaho","Gooding County",1,44,170,89,81
050,16,047,"Idaho","Gooding County",1,45,178,103,75
050,16,047,"Idaho","Gooding County",1,46,183,95,88
050,16,047,"Idaho","Gooding County",1,47,182,95,87
050,16,047,"Idaho","Gooding County",1,48,185,93,92
050,16,047,"Idaho","Gooding County",1,49,189,99,90
050,16,047,"Idaho","Gooding County",1,50,174,96,78
050,16,047,"Idaho","Gooding County",1,51,170,89,81
050,16,047,"Idaho","Gooding County",1,52,169,85,84
050,16,047,"Idaho","Gooding County",1,53,180,85,95
050,16,047,"Idaho","Gooding County",1,54,176,94,82
050,16,047,"Idaho","Gooding County",1,55,175,103,72
050,16,047,"Idaho","Gooding County",1,56,187,108,79
050,16,047,"Idaho","Gooding County",1,57,191,99,92
050,16,047,"Idaho","Gooding County",1,58,193,98,95
050,16,047,"Idaho","Gooding County",1,59,176,90,86
050,16,047,"Idaho","Gooding County",1,60,180,82,98
050,16,047,"Idaho","Gooding County",1,61,183,86,97
050,16,047,"Idaho","Gooding County",1,62,179,90,89
050,16,047,"Idaho","Gooding County",1,63,199,101,98
050,16,047,"Idaho","Gooding County",1,64,203,102,101
050,16,047,"Idaho","Gooding County",1,65,207,107,100
050,16,047,"Idaho","Gooding County",1,66,183,94,89
050,16,047,"Idaho","Gooding County",1,67,170,87,83
050,16,047,"Idaho","Gooding County",1,68,171,81,90
050,16,047,"Idaho","Gooding County",1,69,146,77,69
050,16,047,"Idaho","Gooding County",1,70,144,81,63
050,16,047,"Idaho","Gooding County",1,71,149,80,69
050,16,047,"Idaho","Gooding County",1,72,156,78,78
050,16,047,"Idaho","Gooding County",1,73,154,86,68
050,16,047,"Idaho","Gooding County",1,74,111,53,58
050,16,047,"Idaho","Gooding County",1,75,106,48,58
050,16,047,"Idaho","Gooding County",1,76,122,55,67
050,16,047,"Idaho","Gooding County",1,77,110,55,55
050,16,047,"Idaho","Gooding County",1,78,92,43,49
050,16,047,"Idaho","Gooding County",1,79,97,50,47
050,16,047,"Idaho","Gooding County",1,80,82,41,41
050,16,047,"Idaho","Gooding County",1,81,84,41,43
050,16,047,"Idaho","Gooding County",1,82,60,32,28
050,16,047,"Idaho","Gooding County",1,83,46,19,27
050,16,047,"Idaho","Gooding County",1,84,52,24,28
050,16,047,"Idaho","Gooding County",1,85,336,150,186
050,16,047,"Idaho","Gooding County",2,0,171,92,79
050,16,047,"Idaho","Gooding County",2,1,168,95,73
050,16,047,"Idaho","Gooding County",2,2,212,114,98
050,16,047,"Idaho","Gooding County",2,3,229,108,121
050,16,047,"Idaho","Gooding County",2,4,239,122,117
050,16,047,"Idaho","Gooding County",2,5,231,121,110
050,16,047,"Idaho","Gooding County",2,6,241,120,121
050,16,047,"Idaho","Gooding County",2,7,239,112,127
050,16,047,"Idaho","Gooding County",2,8,236,122,114
050,16,047,"Idaho","Gooding County",2,9,245,126,119
050,16,047,"Idaho","Gooding County",2,10,258,121,137
050,16,047,"Idaho","Gooding County",2,11,256,126,130
050,16,047,"Idaho","Gooding County",2,12,270,135,135
050,16,047,"Idaho","Gooding County",2,13,252,129,123
050,16,047,"Idaho","Gooding County",2,14,258,139,119
050,16,047,"Idaho","Gooding County",2,15,276,140,136
050,16,047,"Idaho","Gooding County",2,16,267,135,132
050,16,047,"Idaho","Gooding County",2,17,235,123,112
050,16,047,"Idaho","Gooding County",2,18,192,101,91
050,16,047,"Idaho","Gooding County",2,19,177,94,83
050,16,047,"Idaho","Gooding County",2,20,190,98,92
050,16,047,"Idaho","Gooding County",2,21,186,99,87
050,16,047,"Idaho","Gooding County",2,22,175,99,76
050,16,047,"Idaho","Gooding County",2,23,173,96,77
050,16,047,"Idaho","Gooding County",2,24,185,92,93
050,16,047,"Idaho","Gooding County",2,25,179,88,91
050,16,047,"Idaho","Gooding County",2,26,176,91,85
050,16,047,"Idaho","Gooding County",2,27,201,105,96
050,16,047,"Idaho","Gooding County",2,28,192,90,102
050,16,047,"Idaho","Gooding County",2,29,202,103,99
050,16,047,"Idaho","Gooding County",2,30,189,108,81
050,16,047,"Idaho","Gooding County",2,31,179,98,81
050,16,047,"Idaho","Gooding County",2,32,183,104,79
050,16,047,"Idaho","Gooding County",2,33,180,101,79
050,16,047,"Idaho","Gooding County",2,34,170,83,87
050,16,047,"Idaho","Gooding County",2,35,167,81,86
050,16,047,"Idaho","Gooding County",2,36,173,74,99
050,16,047,"Idaho","Gooding County",2,37,171,80,91
050,16,047,"Idaho","Gooding County",2,38,173,92,81
050,16,047,"Idaho","Gooding County",2,39,192,95,97
050,16,047,"Idaho","Gooding County",2,40,201,103,98
050,16,047,"Idaho","Gooding County",2,41,184,101,83
050,16,047,"Idaho","Gooding County",2,42,190,106,84
050,16,047,"Idaho","Gooding County",2,43,184,107,77
050,16,047,"Idaho","Gooding County",2,44,170,92,78
050,16,047,"Idaho","Gooding County",2,45,177,100,77
050,16,047,"Idaho","Gooding County",2,46,183,97,86
050,16,047,"Idaho","Gooding County",2,47,183,95,88
050,16,047,"Idaho","Gooding County",2,48,186,96,90
050,16,047,"Idaho","Gooding County",2,49,190,98,92
050,16,047,"Idaho","Gooding County",2,50,179,97,82
050,16,047,"Idaho","Gooding County",2,51,171,92,79
050,16,047,"Idaho","Gooding County",2,52,167,84,83
050,16,047,"Idaho","Gooding County",2,53,176,84,92
050,16,047,"Idaho","Gooding County",2,54,176,92,84
050,16,047,"Idaho","Gooding County",2,55,176,102,74
050,16,047,"Idaho","Gooding County",2,56,180,105,75
050,16,047,"Idaho","Gooding County",2,57,189,101,88
050,16,047,"Idaho","Gooding County",2,58,193,98,95
050,16,047,"Idaho","Gooding County",2,59,183,94,89
050,16,047,"Idaho","Gooding County",2,60,180,84,96
050,16,047,"Idaho","Gooding County",2,61,183,85,98
050,16,047,"Idaho","Gooding County",2,62,179,88,91
050,16,047,"Idaho","Gooding County",2,63,194,98,96
050,16,047,"Idaho","Gooding County",2,64,198,99,99
050,16,047,"Idaho","Gooding County",2,65,205,104,101
050,16,047,"Idaho","Gooding County",2,66,189,98,91
050,16,047,"Idaho","Gooding County",2,67,174,89,85
050,16,047,"Idaho","Gooding County",2,68,168,81,87
050,16,047,"Idaho","Gooding County",2,69,153,80,73
050,16,047,"Idaho","Gooding County",2,70,143,80,63
050,16,047,"Idaho","Gooding County",2,71,147,79,68
050,16,047,"Idaho","Gooding County",2,72,152,77,75
050,16,047,"Idaho","Gooding County",2,73,162,88,74
050,16,047,"Idaho","Gooding County",2,74,115,57,58
050,16,047,"Idaho","Gooding County",2,75,108,50,58
050,16,047,"Idaho","Gooding County",2,76,115,53,62
050,16,047,"Idaho","Gooding County",2,77,114,56,58
050,16,047,"Idaho","Gooding County",2,78,92,44,48
050,16,047,"Idaho","Gooding County",2,79,95,48,47
050,16,047,"Idaho","Gooding County",2,80,86,43,43
050,16,047,"Idaho","Gooding County",2,81,80,40,40
050,16,047,"Idaho","Gooding County",2,82,65,34,31
050,16,047,"Idaho","Gooding County",2,83,49,21,28
050,16,047,"Idaho","Gooding County",2,84,49,22,27
050,16,047,"Idaho","Gooding County",2,85,328,145,183
050,16,047,"Idaho","Gooding County",3,0,200,102,98
050,16,047,"Idaho","Gooding County",3,1,162,83,79
050,16,047,"Idaho","Gooding County",3,2,176,95,81
050,16,047,"Idaho","Gooding County",3,3,199,106,93
050,16,047,"Idaho","Gooding County",3,4,250,123,127
050,16,047,"Idaho","Gooding County",3,5,229,119,110
050,16,047,"Idaho","Gooding County",3,6,227,119,108
050,16,047,"Idaho","Gooding County",3,7,245,119,126
050,16,047,"Idaho","Gooding County",3,8,245,115,130
050,16,047,"Idaho","Gooding County",3,9,238,120,118
050,16,047,"Idaho","Gooding County",3,10,235,118,117
050,16,047,"Idaho","Gooding County",3,11,256,113,143
050,16,047,"Idaho","Gooding County",3,12,261,132,129
050,16,047,"Idaho","Gooding County",3,13,258,128,130
050,16,047,"Idaho","Gooding County",3,14,251,131,120
050,16,047,"Idaho","Gooding County",3,15,259,140,119
050,16,047,"Idaho","Gooding County",3,16,283,143,140
050,16,047,"Idaho","Gooding County",3,17,255,127,128
050,16,047,"Idaho","Gooding County",3,18,213,107,106
050,16,047,"Idaho","Gooding County",3,19,154,85,69
050,16,047,"Idaho","Gooding County",3,20,184,99,85
050,16,047,"Idaho","Gooding County",3,21,190,96,94
050,16,047,"Idaho","Gooding County",3,22,184,95,89
050,16,047,"Idaho","Gooding County",3,23,195,103,92
050,16,047,"Idaho","Gooding County",3,24,179,100,79
050,16,047,"Idaho","Gooding County",3,25,187,95,92
050,16,047,"Idaho","Gooding County",3,26,183,89,94
050,16,047,"Idaho","Gooding County",3,27,174,82,92
050,16,047,"Idaho","Gooding County",3,28,204,109,95
050,16,047,"Idaho","Gooding County",3,29,188,91,97
050,16,047,"Idaho","Gooding County",3,30,197,103,94
050,16,047,"Idaho","Gooding County",3,31,194,106,88
050,16,047,"Idaho","Gooding County",3,32,191,106,85
050,16,047,"Idaho","Gooding County",3,33,192,109,83
050,16,047,"Idaho","Gooding County",3,34,172,93,79
050,16,047,"Idaho","Gooding County",3,35,167,79,88
050,16,047,"Idaho","Gooding County",3,36,173,82,91
050,16,047,"Idaho","Gooding County",3,37,177,76,101
050,16,047,"Idaho","Gooding County",3,38,170,81,89
050,16,047,"Idaho","Gooding County",3,39,177,91,86
050,16,047,"Idaho","Gooding County",3,40,184,89,95
050,16,047,"Idaho","Gooding County",3,41,202,105,97
050,16,047,"Idaho","Gooding County",3,42,188,106,82
050,16,047,"Idaho","Gooding County",3,43,203,115,88
050,16,047,"Idaho","Gooding County",3,44,181,111,70
050,16,047,"Idaho","Gooding County",3,45,187,101,86
050,16,047,"Idaho","Gooding County",3,46,180,102,78
050,16,047,"Idaho","Gooding County",3,47,181,95,86
050,16,047,"Idaho","Gooding County",3,48,188,97,91
050,16,047,"Idaho","Gooding County",3,49,178,93,85
050,16,047,"Idaho","Gooding County",3,50,187,99,88
050,16,047,"Idaho","Gooding County",3,51,187,99,88
050,16,047,"Idaho","Gooding County",3,52,175,94,81
050,16,047,"Idaho","Gooding County",3,53,160,81,79
050,16,047,"Idaho","Gooding County",3,54,181,91,90
050,16,047,"Idaho","Gooding County",3,55,186,92,94
050,16,047,"Idaho","Gooding County",3,56,179,105,74
050,16,047,"Idaho","Gooding County",3,57,174,99,75
050,16,047,"Idaho","Gooding County",3,58,199,106,93
050,16,047,"Idaho","Gooding County",3,59,199,100,99
050,16,047,"Idaho","Gooding County",3,60,190,99,91
050,16,047,"Idaho","Gooding County",3,61,187,87,100
050,16,047,"Idaho","Gooding County",3,62,194,93,101
050,16,047,"Idaho","Gooding County",3,63,176,89,87
050,16,047,"Idaho","Gooding County",3,64,192,90,102
050,16,047,"Idaho","Gooding County",3,65,207,104,103
050,16,047,"Idaho","Gooding County",3,66,209,105,104
050,16,047,"Idaho","Gooding County",3,67,190,101,89
050,16,047,"Idaho","Gooding County",3,68,171,88,83
050,16,047,"Idaho","Gooding County",3,69,173,81,92
050,16,047,"Idaho","Gooding County",3,70,154,79,75
050,16,047,"Idaho","Gooding County",3,71,139,75,64
050,16,047,"Idaho","Gooding County",3,72,139,75,64
050,16,047,"Idaho","Gooding County",3,73,147,74,73
050,16,047,"Idaho","Gooding County",3,74,161,85,76
050,16,047,"Idaho","Gooding County",3,75,110,52,58
050,16,047,"Idaho","Gooding County",3,76,108,47,61
050,16,047,"Idaho","Gooding County",3,77,115,53,62
050,16,047,"Idaho","Gooding County",3,78,106,54,52
050,16,047,"Idaho","Gooding County",3,79,83,38,45
050,16,047,"Idaho","Gooding County",3,80,90,46,44
050,16,047,"Idaho","Gooding County",3,81,76,41,35
050,16,047,"Idaho","Gooding County",3,82,76,40,36
050,16,047,"Idaho","Gooding County",3,83,63,32,31
050,16,047,"Idaho","Gooding County",3,84,45,20,25
050,16,047,"Idaho","Gooding County",3,85,319,147,172
050,16,047,"Idaho","Gooding County",4,0,218,115,103
050,16,047,"Idaho","Gooding County",4,1,206,97,109
050,16,047,"Idaho","Gooding County",4,2,154,77,77
050,16,047,"Idaho","Gooding County",4,3,172,95,77
050,16,047,"Idaho","Gooding County",4,4,196,106,90
050,16,047,"Idaho","Gooding County",4,5,236,120,116
050,16,047,"Idaho","Gooding County",4,6,216,119,97
050,16,047,"Idaho","Gooding County",4,7,224,122,102
050,16,047,"Idaho","Gooding County",4,8,238,117,121
050,16,047,"Idaho","Gooding County",4,9,248,118,130
050,16,047,"Idaho","Gooding County",4,10,233,119,114
050,16,047,"Idaho","Gooding County",4,11,235,113,122
050,16,047,"Idaho","Gooding County",4,12,259,114,145
050,16,047,"Idaho","Gooding County",4,13,261,129,132
050,16,047,"Idaho","Gooding County",4,14,269,134,135
050,16,047,"Idaho","Gooding County",4,15,249,127,122
050,16,047,"Idaho","Gooding County",4,16,266,149,117
050,16,047,"Idaho","Gooding County",4,17,279,142,137
050,16,047,"Idaho","Gooding County",4,18,229,115,114
050,16,047,"Idaho","Gooding County",4,19,191,91,100
050,16,047,"Idaho","Gooding County",4,20,161,91,70
050,16,047,"Idaho","Gooding County",4,21,192,105,87
050,16,047,"Idaho","Gooding County",4,22,197,108,89
050,16,047,"Idaho","Gooding County",4,23,192,100,92
050,16,047,"Idaho","Gooding County",4,24,187,99,88
050,16,047,"Idaho","Gooding County",4,25,178,98,80
050,16,047,"Idaho","Gooding County",4,26,181,90,91
050,16,047,"Idaho","Gooding County",4,27,187,96,91
050,16,047,"Idaho","Gooding County",4,28,172,79,93
050,16,047,"Idaho","Gooding County",4,29,209,111,98
050,16,047,"Idaho","Gooding County",4,30,187,87,100
050,16,047,"Idaho","Gooding County",4,31,194,99,95
050,16,047,"Idaho","Gooding County",4,32,185,100,85
050,16,047,"Idaho","Gooding County",4,33,182,101,81
050,16,047,"Idaho","Gooding County",4,34,201,109,92
050,16,047,"Idaho","Gooding County",4,35,179,96,83
050,16,047,"Idaho","Gooding County",4,36,163,76,87
050,16,047,"Idaho","Gooding County",4,37,174,83,91
050,16,047,"Idaho","Gooding County",4,38,182,81,101
050,16,047,"Idaho","Gooding County",4,39,177,83,94
050,16,047,"Idaho","Gooding County",4,40,177,89,88
050,16,047,"Idaho","Gooding County",4,41,186,90,96
050,16,047,"Idaho","Gooding County",4,42,205,108,97
050,16,047,"Idaho","Gooding County",4,43,194,110,84
050,16,047,"Idaho","Gooding County",4,44,202,114,88
050,16,047,"Idaho","Gooding County",4,45,186,113,73
050,16,047,"Idaho","Gooding County",4,46,185,101,84
050,16,047,"Idaho","Gooding County",4,47,173,98,75
050,16,047,"Idaho","Gooding County",4,48,193,101,92
050,16,047,"Idaho","Gooding County",4,49,194,96,98
050,16,047,"Idaho","Gooding County",4,50,182,89,93
050,16,047,"Idaho","Gooding County",4,51,187,97,90
050,16,047,"Idaho","Gooding County",4,52,179,93,86
050,16,047,"Idaho","Gooding County",4,53,180,96,84
050,16,047,"Idaho","Gooding County",4,54,160,79,81
050,16,047,"Idaho","Gooding County",4,55,177,85,92
050,16,047,"Idaho","Gooding County",4,56,186,95,91
050,16,047,"Idaho","Gooding County",4,57,180,106,74
050,16,047,"Idaho","Gooding County",4,58,180,105,75
050,16,047,"Idaho","Gooding County",4,59,197,104,93
050,16,047,"Idaho","Gooding County",4,60,197,100,97
050,16,047,"Idaho","Gooding County",4,61,191,99,92
050,16,047,"Idaho","Gooding County",4,62,195,89,106
050,16,047,"Idaho","Gooding County",4,63,193,91,102
050,16,047,"Idaho","Gooding County",4,64,176,88,88
050,16,047,"Idaho","Gooding County",4,65,189,89,100
050,16,047,"Idaho","Gooding County",4,66,223,110,113
050,16,047,"Idaho","Gooding County",4,67,216,108,108
050,16,047,"Idaho","Gooding County",4,68,200,106,94
050,16,047,"Idaho","Gooding County",4,69,179,90,89
050,16,047,"Idaho","Gooding County",4,70,174,84,90
050,16,047,"Idaho","Gooding County",4,71,146,76,70
050,16,047,"Idaho","Gooding County",4,72,140,77,63
050,16,047,"Idaho","Gooding County",4,73,135,71,64
050,16,047,"Idaho","Gooding County",4,74,149,77,72
050,16,047,"Idaho","Gooding County",4,75,149,79,70
050,16,047,"Idaho","Gooding County",4,76,107,51,56
050,16,047,"Idaho","Gooding County",4,77,99,46,53
050,16,047,"Idaho","Gooding County",4,78,108,48,60
050,16,047,"Idaho","Gooding County",4,79,97,49,48
050,16,047,"Idaho","Gooding County",4,80,75,34,41
050,16,047,"Idaho","Gooding County",4,81,83,44,39
050,16,047,"Idaho","Gooding County",4,82,63,36,27
050,16,047,"Idaho","Gooding County",4,83,74,41,33
050,16,047,"Idaho","Gooding County",4,84,52,24,28
050,16,047,"Idaho","Gooding County",4,85,307,141,166
050,16,047,"Idaho","Gooding County",5,0,222,117,105
050,16,047,"Idaho","Gooding County",5,1,243,135,108
050,16,047,"Idaho","Gooding County",5,2,218,99,119
050,16,047,"Idaho","Gooding County",5,3,165,80,85
050,16,047,"Idaho","Gooding County",5,4,175,99,76
050,16,047,"Idaho","Gooding County",5,5,194,105,89
050,16,047,"Idaho","Gooding County",5,6,235,113,122
050,16,047,"Idaho","Gooding County",5,7,223,121,102
050,16,047,"Idaho","Gooding County",5,8,228,123,105
050,16,047,"Idaho","Gooding County",5,9,242,120,122
050,16,047,"Idaho","Gooding County",5,10,239,114,125
050,16,047,"Idaho","Gooding County",5,11,227,115,112
050,16,047,"Idaho","Gooding County",5,12,239,116,123
050,16,047,"Idaho","Gooding County",5,13,255,113,142
050,16,047,"Idaho","Gooding County",5,14,262,129,133
050,16,047,"Idaho","Gooding County",5,15,262,126,136
050,16,047,"Idaho","Gooding County",5,16,243,128,115
050,16,047,"Idaho","Gooding County",5,17,261,148,113
050,16,047,"Idaho","Gooding County",5,18,247,126,121
050,16,047,"Idaho","Gooding County",5,19,187,91,96
050,16,047,"Idaho","Gooding County",5,20,192,91,101
050,16,047,"Idaho","Gooding County",5,21,172,101,71
050,16,047,"Idaho","Gooding County",5,22,208,114,94
050,16,047,"Idaho","Gooding County",5,23,211,112,99
050,16,047,"Idaho","Gooding County",5,24,200,107,93
050,16,047,"Idaho","Gooding County",5,25,192,93,99
050,16,047,"Idaho","Gooding County",5,26,172,95,77
050,16,047,"Idaho","Gooding County",5,27,190,98,92
050,16,047,"Idaho","Gooding County",5,28,182,94,88
050,16,047,"Idaho","Gooding County",5,29,175,80,95
050,16,047,"Idaho","Gooding County",5,30,211,110,101
050,16,047,"Idaho","Gooding County",5,31,197,93,104
050,16,047,"Idaho","Gooding County",5,32,199,97,102
050,16,047,"Idaho","Gooding County",5,33,186,102,84
050,16,047,"Idaho","Gooding County",5,34,195,106,89
050,16,047,"Idaho","Gooding County",5,35,189,101,88
050,16,047,"Idaho","Gooding County",5,36,173,97,76
050,16,047,"Idaho","Gooding County",5,37,171,79,92
050,16,047,"Idaho","Gooding County",5,38,173,87,86
050,16,047,"Idaho","Gooding County",5,39,187,86,101
050,16,047,"Idaho","Gooding County",5,40,174,81,93
050,16,047,"Idaho","Gooding County",5,41,179,91,88
050,16,047,"Idaho","Gooding County",5,42,193,96,97
050,16,047,"Idaho","Gooding County",5,43,215,109,106
050,16,047,"Idaho","Gooding County",5,44,194,107,87
050,16,047,"Idaho","Gooding County",5,45,206,123,83
050,16,047,"Idaho","Gooding County",5,46,186,113,73
050,16,047,"Idaho","Gooding County",5,47,184,95,89
050,16,047,"Idaho","Gooding County",5,48,177,100,77
050,16,047,"Idaho","Gooding County",5,49,190,98,92
050,16,047,"Idaho","Gooding County",5,50,179,86,93
050,16,047,"Idaho","Gooding County",5,51,178,85,93
050,16,047,"Idaho","Gooding County",5,52,194,101,93
050,16,047,"Idaho","Gooding County",5,53,184,92,92
050,16,047,"Idaho","Gooding County",5,54,177,93,84
050,16,047,"Idaho","Gooding County",5,55,161,77,84
050,16,047,"Idaho","Gooding County",5,56,175,85,90
050,16,047,"Idaho","Gooding County",5,57,186,93,93
050,16,047,"Idaho","Gooding County",5,58,181,105,76
050,16,047,"Idaho","Gooding County",5,59,193,116,77
050,16,047,"Idaho","Gooding County",5,60,191,99,92
050,16,047,"Idaho","Gooding County",5,61,202,103,99
050,16,047,"Idaho","Gooding County",5,62,203,107,96
050,16,047,"Idaho","Gooding County",5,63,200,94,106
050,16,047,"Idaho","Gooding County",5,64,190,85,105
050,16,047,"Idaho","Gooding County",5,65,183,94,89
050,16,047,"Idaho","Gooding County",5,66,188,90,98
050,16,047,"Idaho","Gooding County",5,67,229,115,114
050,16,047,"Idaho","Gooding County",5,68,222,112,110
050,16,047,"Idaho","Gooding County",5,69,197,105,92
050,16,047,"Idaho","Gooding County",5,70,177,92,85
050,16,047,"Idaho","Gooding County",5,71,163,79,84
050,16,047,"Idaho","Gooding County",5,72,143,77,66
050,16,047,"Idaho","Gooding County",5,73,135,72,63
050,16,047,"Idaho","Gooding County",5,74,133,69,64
050,16,047,"Idaho","Gooding County",5,75,144,73,71
050,16,047,"Idaho","Gooding County",5,76,145,77,68
050,16,047,"Idaho","Gooding County",5,77,102,49,53
050,16,047,"Idaho","Gooding County",5,78,92,42,50
050,16,047,"Idaho","Gooding County",5,79,104,47,57
050,16,047,"Idaho","Gooding County",5,80,91,45,46
050,16,047,"Idaho","Gooding County",5,81,72,35,37
050,16,047,"Idaho","Gooding County",5,82,71,41,30
050,16,047,"Idaho","Gooding County",5,83,62,37,25
050,16,047,"Idaho","Gooding County",5,84,67,35,32
050,16,047,"Idaho","Gooding County",5,85,307,141,166
050,16,049,"Idaho","Idaho County",1,0,151,78,73
050,16,049,"Idaho","Idaho County",1,1,152,74,78
050,16,049,"Idaho","Idaho County",1,2,156,79,77
050,16,049,"Idaho","Idaho County",1,3,174,97,77
050,16,049,"Idaho","Idaho County",1,4,158,86,72
050,16,049,"Idaho","Idaho County",1,5,167,90,77
050,16,049,"Idaho","Idaho County",1,6,170,95,75
050,16,049,"Idaho","Idaho County",1,7,184,92,92
050,16,049,"Idaho","Idaho County",1,8,189,95,94
050,16,049,"Idaho","Idaho County",1,9,192,102,90
050,16,049,"Idaho","Idaho County",1,10,194,97,97
050,16,049,"Idaho","Idaho County",1,11,203,102,101
050,16,049,"Idaho","Idaho County",1,12,194,101,93
050,16,049,"Idaho","Idaho County",1,13,196,99,97
050,16,049,"Idaho","Idaho County",1,14,209,109,100
050,16,049,"Idaho","Idaho County",1,15,183,95,88
050,16,049,"Idaho","Idaho County",1,16,193,100,93
050,16,049,"Idaho","Idaho County",1,17,196,103,93
050,16,049,"Idaho","Idaho County",1,18,173,101,72
050,16,049,"Idaho","Idaho County",1,19,148,90,58
050,16,049,"Idaho","Idaho County",1,20,151,97,54
050,16,049,"Idaho","Idaho County",1,21,179,112,67
050,16,049,"Idaho","Idaho County",1,22,171,107,64
050,16,049,"Idaho","Idaho County",1,23,150,97,53
050,16,049,"Idaho","Idaho County",1,24,147,87,60
050,16,049,"Idaho","Idaho County",1,25,151,101,50
050,16,049,"Idaho","Idaho County",1,26,132,77,55
050,16,049,"Idaho","Idaho County",1,27,149,88,61
050,16,049,"Idaho","Idaho County",1,28,148,90,58
050,16,049,"Idaho","Idaho County",1,29,158,82,76
050,16,049,"Idaho","Idaho County",1,30,140,84,56
050,16,049,"Idaho","Idaho County",1,31,120,66,54
050,16,049,"Idaho","Idaho County",1,32,134,66,68
050,16,049,"Idaho","Idaho County",1,33,149,72,77
050,16,049,"Idaho","Idaho County",1,34,161,87,74
050,16,049,"Idaho","Idaho County",1,35,156,81,75
050,16,049,"Idaho","Idaho County",1,36,180,92,88
050,16,049,"Idaho","Idaho County",1,37,180,96,84
050,16,049,"Idaho","Idaho County",1,38,170,94,76
050,16,049,"Idaho","Idaho County",1,39,190,100,90
050,16,049,"Idaho","Idaho County",1,40,166,94,72
050,16,049,"Idaho","Idaho County",1,41,174,99,75
050,16,049,"Idaho","Idaho County",1,42,171,87,84
050,16,049,"Idaho","Idaho County",1,43,148,79,69
050,16,049,"Idaho","Idaho County",1,44,135,73,62
050,16,049,"Idaho","Idaho County",1,45,154,77,77
050,16,049,"Idaho","Idaho County",1,46,177,89,88
050,16,049,"Idaho","Idaho County",1,47,176,94,82
050,16,049,"Idaho","Idaho County",1,48,158,78,80
050,16,049,"Idaho","Idaho County",1,49,160,81,79
050,16,049,"Idaho","Idaho County",1,50,159,76,83
050,16,049,"Idaho","Idaho County",1,51,180,94,86
050,16,049,"Idaho","Idaho County",1,52,166,82,84
050,16,049,"Idaho","Idaho County",1,53,168,72,96
050,16,049,"Idaho","Idaho County",1,54,187,90,97
050,16,049,"Idaho","Idaho County",1,55,210,111,99
050,16,049,"Idaho","Idaho County",1,56,231,118,113
050,16,049,"Idaho","Idaho County",1,57,231,110,121
050,16,049,"Idaho","Idaho County",1,58,268,133,135
050,16,049,"Idaho","Idaho County",1,59,272,133,139
050,16,049,"Idaho","Idaho County",1,60,290,141,149
050,16,049,"Idaho","Idaho County",1,61,298,148,150
050,16,049,"Idaho","Idaho County",1,62,310,147,163
050,16,049,"Idaho","Idaho County",1,63,296,141,155
050,16,049,"Idaho","Idaho County",1,64,309,157,152
050,16,049,"Idaho","Idaho County",1,65,312,154,158
050,16,049,"Idaho","Idaho County",1,66,320,166,154
050,16,049,"Idaho","Idaho County",1,67,307,165,142
050,16,049,"Idaho","Idaho County",1,68,331,189,142
050,16,049,"Idaho","Idaho County",1,69,295,162,133
050,16,049,"Idaho","Idaho County",1,70,275,149,126
050,16,049,"Idaho","Idaho County",1,71,261,145,116
050,16,049,"Idaho","Idaho County",1,72,269,150,119
050,16,049,"Idaho","Idaho County",1,73,273,147,126
050,16,049,"Idaho","Idaho County",1,74,182,95,87
050,16,049,"Idaho","Idaho County",1,75,202,105,97
050,16,049,"Idaho","Idaho County",1,76,195,105,90
050,16,049,"Idaho","Idaho County",1,77,176,93,83
050,16,049,"Idaho","Idaho County",1,78,149,83,66
050,16,049,"Idaho","Idaho County",1,79,136,69,67
050,16,049,"Idaho","Idaho County",1,80,131,75,56
050,16,049,"Idaho","Idaho County",1,81,117,64,53
050,16,049,"Idaho","Idaho County",1,82,94,55,39
050,16,049,"Idaho","Idaho County",1,83,93,50,43
050,16,049,"Idaho","Idaho County",1,84,91,43,48
050,16,049,"Idaho","Idaho County",1,85,446,206,240
050,16,049,"Idaho","Idaho County",2,0,141,73,68
050,16,049,"Idaho","Idaho County",2,1,152,75,77
050,16,049,"Idaho","Idaho County",2,2,158,80,78
050,16,049,"Idaho","Idaho County",2,3,170,92,78
050,16,049,"Idaho","Idaho County",2,4,162,89,73
050,16,049,"Idaho","Idaho County",2,5,167,91,76
050,16,049,"Idaho","Idaho County",2,6,172,96,76
050,16,049,"Idaho","Idaho County",2,7,182,93,89
050,16,049,"Idaho","Idaho County",2,8,189,94,95
050,16,049,"Idaho","Idaho County",2,9,190,100,90
050,16,049,"Idaho","Idaho County",2,10,195,98,97
050,16,049,"Idaho","Idaho County",2,11,202,100,102
050,16,049,"Idaho","Idaho County",2,12,197,102,95
050,16,049,"Idaho","Idaho County",2,13,198,100,98
050,16,049,"Idaho","Idaho County",2,14,206,107,99
050,16,049,"Idaho","Idaho County",2,15,192,100,92
050,16,049,"Idaho","Idaho County",2,16,193,99,94
050,16,049,"Idaho","Idaho County",2,17,194,102,92
050,16,049,"Idaho","Idaho County",2,18,169,97,72
050,16,049,"Idaho","Idaho County",2,19,148,91,57
050,16,049,"Idaho","Idaho County",2,20,156,98,58
050,16,049,"Idaho","Idaho County",2,21,176,110,66
050,16,049,"Idaho","Idaho County",2,22,177,110,67
050,16,049,"Idaho","Idaho County",2,23,152,97,55
050,16,049,"Idaho","Idaho County",2,24,146,89,57
050,16,049,"Idaho","Idaho County",2,25,149,97,52
050,16,049,"Idaho","Idaho County",2,26,138,83,55
050,16,049,"Idaho","Idaho County",2,27,147,87,60
050,16,049,"Idaho","Idaho County",2,28,149,90,59
050,16,049,"Idaho","Idaho County",2,29,154,82,72
050,16,049,"Idaho","Idaho County",2,30,147,84,63
050,16,049,"Idaho","Idaho County",2,31,124,69,55
050,16,049,"Idaho","Idaho County",2,32,135,68,67
050,16,049,"Idaho","Idaho County",2,33,143,69,74
050,16,049,"Idaho","Idaho County",2,34,161,86,75
050,16,049,"Idaho","Idaho County",2,35,157,80,77
050,16,049,"Idaho","Idaho County",2,36,174,90,84
050,16,049,"Idaho","Idaho County",2,37,182,96,86
050,16,049,"Idaho","Idaho County",2,38,171,91,80
050,16,049,"Idaho","Idaho County",2,39,184,98,86
050,16,049,"Idaho","Idaho County",2,40,174,97,77
050,16,049,"Idaho","Idaho County",2,41,173,100,73
050,16,049,"Idaho","Idaho County",2,42,171,89,82
050,16,049,"Idaho","Idaho County",2,43,154,82,72
050,16,049,"Idaho","Idaho County",2,44,137,75,62
050,16,049,"Idaho","Idaho County",2,45,149,75,74
050,16,049,"Idaho","Idaho County",2,46,171,86,85
050,16,049,"Idaho","Idaho County",2,47,179,94,85
050,16,049,"Idaho","Idaho County",2,48,160,80,80
050,16,049,"Idaho","Idaho County",2,49,161,81,80
050,16,049,"Idaho","Idaho County",2,50,161,77,84
050,16,049,"Idaho","Idaho County",2,51,178,91,87
050,16,049,"Idaho","Idaho County",2,52,172,84,88
050,16,049,"Idaho","Idaho County",2,53,168,75,93
050,16,049,"Idaho","Idaho County",2,54,184,87,97
050,16,049,"Idaho","Idaho County",2,55,205,106,99
050,16,049,"Idaho","Idaho County",2,56,232,120,112
050,16,049,"Idaho","Idaho County",2,57,231,110,121
050,16,049,"Idaho","Idaho County",2,58,258,128,130
050,16,049,"Idaho","Idaho County",2,59,274,134,140
050,16,049,"Idaho","Idaho County",2,60,288,140,148
050,16,049,"Idaho","Idaho County",2,61,297,147,150
050,16,049,"Idaho","Idaho County",2,62,309,148,161
050,16,049,"Idaho","Idaho County",2,63,301,143,158
050,16,049,"Idaho","Idaho County",2,64,308,155,153
050,16,049,"Idaho","Idaho County",2,65,314,158,156
050,16,049,"Idaho","Idaho County",2,66,321,166,155
050,16,049,"Idaho","Idaho County",2,67,312,167,145
050,16,049,"Idaho","Idaho County",2,68,325,184,141
050,16,049,"Idaho","Idaho County",2,69,309,173,136
050,16,049,"Idaho","Idaho County",2,70,278,152,126
050,16,049,"Idaho","Idaho County",2,71,264,146,118
050,16,049,"Idaho","Idaho County",2,72,261,146,115
050,16,049,"Idaho","Idaho County",2,73,287,156,131
050,16,049,"Idaho","Idaho County",2,74,191,100,91
050,16,049,"Idaho","Idaho County",2,75,195,101,94
050,16,049,"Idaho","Idaho County",2,76,194,103,91
050,16,049,"Idaho","Idaho County",2,77,182,98,84
050,16,049,"Idaho","Idaho County",2,78,150,85,65
050,16,049,"Idaho","Idaho County",2,79,136,71,65
050,16,049,"Idaho","Idaho County",2,80,131,72,59
050,16,049,"Idaho","Idaho County",2,81,119,67,52
050,16,049,"Idaho","Idaho County",2,82,100,57,43
050,16,049,"Idaho","Idaho County",2,83,91,49,42
050,16,049,"Idaho","Idaho County",2,84,89,44,45
050,16,049,"Idaho","Idaho County",2,85,451,207,244
050,16,049,"Idaho","Idaho County",3,0,138,78,60
050,16,049,"Idaho","Idaho County",3,1,170,95,75
050,16,049,"Idaho","Idaho County",3,2,166,87,79
050,16,049,"Idaho","Idaho County",3,3,177,87,90
050,16,049,"Idaho","Idaho County",3,4,160,85,75
050,16,049,"Idaho","Idaho County",3,5,172,93,79
050,16,049,"Idaho","Idaho County",3,6,176,93,83
050,16,049,"Idaho","Idaho County",3,7,178,98,80
050,16,049,"Idaho","Idaho County",3,8,193,99,94
050,16,049,"Idaho","Idaho County",3,9,188,92,96
050,16,049,"Idaho","Idaho County",3,10,203,107,96
050,16,049,"Idaho","Idaho County",3,11,208,105,103
050,16,049,"Idaho","Idaho County",3,12,206,100,106
050,16,049,"Idaho","Idaho County",3,13,216,118,98
050,16,049,"Idaho","Idaho County",3,14,197,97,100
050,16,049,"Idaho","Idaho County",3,15,216,110,106
050,16,049,"Idaho","Idaho County",3,16,193,103,90
050,16,049,"Idaho","Idaho County",3,17,200,98,102
050,16,049,"Idaho","Idaho County",3,18,164,90,74
050,16,049,"Idaho","Idaho County",3,19,146,89,57
050,16,049,"Idaho","Idaho County",3,20,155,92,63
050,16,049,"Idaho","Idaho County",3,21,174,110,64
050,16,049,"Idaho","Idaho County",3,22,174,107,67
050,16,049,"Idaho","Idaho County",3,23,172,109,63
050,16,049,"Idaho","Idaho County",3,24,140,86,54
050,16,049,"Idaho","Idaho County",3,25,173,107,66
050,16,049,"Idaho","Idaho County",3,26,151,88,63
050,16,049,"Idaho","Idaho County",3,27,142,86,56
050,16,049,"Idaho","Idaho County",3,28,148,92,56
050,16,049,"Idaho","Idaho County",3,29,148,85,63
050,16,049,"Idaho","Idaho County",3,30,169,86,83
050,16,049,"Idaho","Idaho County",3,31,153,78,75
050,16,049,"Idaho","Idaho County",3,32,141,87,54
050,16,049,"Idaho","Idaho County",3,33,133,66,67
050,16,049,"Idaho","Idaho County",3,34,155,83,72
050,16,049,"Idaho","Idaho County",3,35,157,83,74
050,16,049,"Idaho","Idaho County",3,36,172,93,79
050,16,049,"Idaho","Idaho County",3,37,182,97,85
050,16,049,"Idaho","Idaho County",3,38,189,92,97
050,16,049,"Idaho","Idaho County",3,39,184,98,86
050,16,049,"Idaho","Idaho County",3,40,194,107,87
050,16,049,"Idaho","Idaho County",3,41,177,96,81
050,16,049,"Idaho","Idaho County",3,42,176,99,77
050,16,049,"Idaho","Idaho County",3,43,172,92,80
050,16,049,"Idaho","Idaho County",3,44,162,89,73
050,16,049,"Idaho","Idaho County",3,45,151,79,72
050,16,049,"Idaho","Idaho County",3,46,157,81,76
050,16,049,"Idaho","Idaho County",3,47,181,89,92
050,16,049,"Idaho","Idaho County",3,48,182,97,85
050,16,049,"Idaho","Idaho County",3,49,160,82,78
050,16,049,"Idaho","Idaho County",3,50,162,80,82
050,16,049,"Idaho","Idaho County",3,51,171,82,89
050,16,049,"Idaho","Idaho County",3,52,186,93,93
050,16,049,"Idaho","Idaho County",3,53,173,82,91
050,16,049,"Idaho","Idaho County",3,54,180,83,97
050,16,049,"Idaho","Idaho County",3,55,196,91,105
050,16,049,"Idaho","Idaho County",3,56,222,119,103
050,16,049,"Idaho","Idaho County",3,57,240,122,118
050,16,049,"Idaho","Idaho County",3,58,242,116,126
050,16,049,"Idaho","Idaho County",3,59,269,129,140
050,16,049,"Idaho","Idaho County",3,60,289,138,151
050,16,049,"Idaho","Idaho County",3,61,302,146,156
050,16,049,"Idaho","Idaho County",3,62,306,152,154
050,16,049,"Idaho","Idaho County",3,63,329,165,164
050,16,049,"Idaho","Idaho County",3,64,325,159,166
050,16,049,"Idaho","Idaho County",3,65,310,159,151
050,16,049,"Idaho","Idaho County",3,66,327,166,161
050,16,049,"Idaho","Idaho County",3,67,326,167,159
050,16,049,"Idaho","Idaho County",3,68,317,170,147
050,16,049,"Idaho","Idaho County",3,69,318,175,143
050,16,049,"Idaho","Idaho County",3,70,313,174,139
050,16,049,"Idaho","Idaho County",3,71,275,148,127
050,16,049,"Idaho","Idaho County",3,72,262,144,118
050,16,049,"Idaho","Idaho County",3,73,257,140,117
050,16,049,"Idaho","Idaho County",3,74,283,156,127
050,16,049,"Idaho","Idaho County",3,75,190,99,91
050,16,049,"Idaho","Idaho County",3,76,189,98,91
050,16,049,"Idaho","Idaho County",3,77,188,103,85
050,16,049,"Idaho","Idaho County",3,78,178,94,84
050,16,049,"Idaho","Idaho County",3,79,140,78,62
050,16,049,"Idaho","Idaho County",3,80,128,59,69
050,16,049,"Idaho","Idaho County",3,81,120,65,55
050,16,049,"Idaho","Idaho County",3,82,116,68,48
050,16,049,"Idaho","Idaho County",3,83,96,54,42
050,16,049,"Idaho","Idaho County",3,84,80,42,38
050,16,049,"Idaho","Idaho County",3,85,463,222,241
050,16,049,"Idaho","Idaho County",4,0,168,81,87
050,16,049,"Idaho","Idaho County",4,1,155,93,62
050,16,049,"Idaho","Idaho County",4,2,177,95,82
050,16,049,"Idaho","Idaho County",4,3,173,95,78
050,16,049,"Idaho","Idaho County",4,4,191,96,95
050,16,049,"Idaho","Idaho County",4,5,173,87,86
050,16,049,"Idaho","Idaho County",4,6,190,106,84
050,16,049,"Idaho","Idaho County",4,7,185,90,95
050,16,049,"Idaho","Idaho County",4,8,197,110,87
050,16,049,"Idaho","Idaho County",4,9,201,103,98
050,16,049,"Idaho","Idaho County",4,10,204,103,101
050,16,049,"Idaho","Idaho County",4,11,212,114,98
050,16,049,"Idaho","Idaho County",4,12,213,106,107
050,16,049,"Idaho","Idaho County",4,13,218,107,111
050,16,049,"Idaho","Idaho County",4,14,222,119,103
050,16,049,"Idaho","Idaho County",4,15,203,105,98
050,16,049,"Idaho","Idaho County",4,16,224,120,104
050,16,049,"Idaho","Idaho County",4,17,198,101,97
050,16,049,"Idaho","Idaho County",4,18,175,93,82
050,16,049,"Idaho","Idaho County",4,19,145,83,62
050,16,049,"Idaho","Idaho County",4,20,151,93,58
050,16,049,"Idaho","Idaho County",4,21,179,109,70
050,16,049,"Idaho","Idaho County",4,22,175,106,69
050,16,049,"Idaho","Idaho County",4,23,169,103,66
050,16,049,"Idaho","Idaho County",4,24,161,95,66
050,16,049,"Idaho","Idaho County",4,25,177,111,66
050,16,049,"Idaho","Idaho County",4,26,165,99,66
050,16,049,"Idaho","Idaho County",4,27,171,100,71
050,16,049,"Idaho","Idaho County",4,28,149,85,64
050,16,049,"Idaho","Idaho County",4,29,150,85,65
050,16,049,"Idaho","Idaho County",4,30,162,94,68
050,16,049,"Idaho","Idaho County",4,31,163,78,85
050,16,049,"Idaho","Idaho County",4,32,173,89,84
050,16,049,"Idaho","Idaho County",4,33,132,72,60
050,16,049,"Idaho","Idaho County",4,34,154,79,75
050,16,049,"Idaho","Idaho County",4,35,160,90,70
050,16,049,"Idaho","Idaho County",4,36,175,98,77
050,16,049,"Idaho","Idaho County",4,37,175,95,80
050,16,049,"Idaho","Idaho County",4,38,190,97,93
050,16,049,"Idaho","Idaho County",4,39,196,94,102
050,16,049,"Idaho","Idaho County",4,40,211,119,92
050,16,049,"Idaho","Idaho County",4,41,200,103,97
050,16,049,"Idaho","Idaho County",4,42,195,108,87
050,16,049,"Idaho","Idaho County",4,43,187,105,82
050,16,049,"Idaho","Idaho County",4,44,166,89,77
050,16,049,"Idaho","Idaho County",4,45,173,99,74
050,16,049,"Idaho","Idaho County",4,46,154,82,72
050,16,049,"Idaho","Idaho County",4,47,165,89,76
050,16,049,"Idaho","Idaho County",4,48,176,85,91
050,16,049,"Idaho","Idaho County",4,49,184,97,87
050,16,049,"Idaho","Idaho County",4,50,158,78,80
050,16,049,"Idaho","Idaho County",4,51,167,85,82
050,16,049,"Idaho","Idaho County",4,52,189,86,103
050,16,049,"Idaho","Idaho County",4,53,184,92,92
050,16,049,"Idaho","Idaho County",4,54,182,89,93
050,16,049,"Idaho","Idaho County",4,55,201,93,108
050,16,049,"Idaho","Idaho County",4,56,209,103,106
050,16,049,"Idaho","Idaho County",4,57,223,115,108
050,16,049,"Idaho","Idaho County",4,58,259,134,125
050,16,049,"Idaho","Idaho County",4,59,244,116,128
050,16,049,"Idaho","Idaho County",4,60,282,133,149
050,16,049,"Idaho","Idaho County",4,61,299,143,156
050,16,049,"Idaho","Idaho County",4,62,325,159,166
050,16,049,"Idaho","Idaho County",4,63,316,156,160
050,16,049,"Idaho","Idaho County",4,64,346,169,177
050,16,049,"Idaho","Idaho County",4,65,332,167,165
050,16,049,"Idaho","Idaho County",4,66,314,162,152
050,16,049,"Idaho","Idaho County",4,67,333,171,162
050,16,049,"Idaho","Idaho County",4,68,345,177,168
050,16,049,"Idaho","Idaho County",4,69,319,167,152
050,16,049,"Idaho","Idaho County",4,70,322,175,147
050,16,049,"Idaho","Idaho County",4,71,306,166,140
050,16,049,"Idaho","Idaho County",4,72,275,149,126
050,16,049,"Idaho","Idaho County",4,73,256,140,116
050,16,049,"Idaho","Idaho County",4,74,248,137,111
050,16,049,"Idaho","Idaho County",4,75,283,153,130
050,16,049,"Idaho","Idaho County",4,76,193,103,90
050,16,049,"Idaho","Idaho County",4,77,187,99,88
050,16,049,"Idaho","Idaho County",4,78,177,98,79
050,16,049,"Idaho","Idaho County",4,79,165,85,80
050,16,049,"Idaho","Idaho County",4,80,134,72,62
050,16,049,"Idaho","Idaho County",4,81,115,51,64
050,16,049,"Idaho","Idaho County",4,82,115,63,52
050,16,049,"Idaho","Idaho County",4,83,103,57,46
050,16,049,"Idaho","Idaho County",4,84,86,45,41
050,16,049,"Idaho","Idaho County",4,85,483,243,240
050,16,049,"Idaho","Idaho County",5,0,170,83,87
050,16,049,"Idaho","Idaho County",5,1,180,87,93
050,16,049,"Idaho","Idaho County",5,2,168,97,71
050,16,049,"Idaho","Idaho County",5,3,178,94,84
050,16,049,"Idaho","Idaho County",5,4,192,105,87
050,16,049,"Idaho","Idaho County",5,5,204,104,100
050,16,049,"Idaho","Idaho County",5,6,192,97,95
050,16,049,"Idaho","Idaho County",5,7,195,110,85
050,16,049,"Idaho","Idaho County",5,8,187,94,93
050,16,049,"Idaho","Idaho County",5,9,212,116,96
050,16,049,"Idaho","Idaho County",5,10,209,108,101
050,16,049,"Idaho","Idaho County",5,11,207,106,101
050,16,049,"Idaho","Idaho County",5,12,211,114,97
050,16,049,"Idaho","Idaho County",5,13,225,112,113
050,16,049,"Idaho","Idaho County",5,14,220,108,112
050,16,049,"Idaho","Idaho County",5,15,226,127,99
050,16,049,"Idaho","Idaho County",5,16,206,111,95
050,16,049,"Idaho","Idaho County",5,17,228,123,105
050,16,049,"Idaho","Idaho County",5,18,167,91,76
050,16,049,"Idaho","Idaho County",5,19,141,80,61
050,16,049,"Idaho","Idaho County",5,20,142,85,57
050,16,049,"Idaho","Idaho County",5,21,165,106,59
050,16,049,"Idaho","Idaho County",5,22,184,108,76
050,16,049,"Idaho","Idaho County",5,23,161,95,66
050,16,049,"Idaho","Idaho County",5,24,156,95,61
050,16,049,"Idaho","Idaho County",5,25,171,110,61
050,16,049,"Idaho","Idaho County",5,26,166,95,71
050,16,049,"Idaho","Idaho County",5,27,163,98,65
050,16,049,"Idaho","Idaho County",5,28,181,103,78
050,16,049,"Idaho","Idaho County",5,29,136,74,62
050,16,049,"Idaho","Idaho County",5,30,155,80,75
050,16,049,"Idaho","Idaho County",5,31,159,89,70
050,16,049,"Idaho","Idaho County",5,32,187,90,97
050,16,049,"Idaho","Idaho County",5,33,178,87,91
050,16,049,"Idaho","Idaho County",5,34,149,85,64
050,16,049,"Idaho","Idaho County",5,35,161,81,80
050,16,049,"Idaho","Idaho County",5,36,165,97,68
050,16,049,"Idaho","Idaho County",5,37,179,102,77
050,16,049,"Idaho","Idaho County",5,38,179,91,88
050,16,049,"Idaho","Idaho County",5,39,196,101,95
050,16,049,"Idaho","Idaho County",5,40,197,99,98
050,16,049,"Idaho","Idaho County",5,41,220,121,99
050,16,049,"Idaho","Idaho County",5,42,202,103,99
050,16,049,"Idaho","Idaho County",5,43,200,113,87
050,16,049,"Idaho","Idaho County",5,44,196,108,88
050,16,049,"Idaho","Idaho County",5,45,167,86,81
050,16,049,"Idaho","Idaho County",5,46,174,103,71
050,16,049,"Idaho","Idaho County",5,47,152,81,71
050,16,049,"Idaho","Idaho County",5,48,166,86,80
050,16,049,"Idaho","Idaho County",5,49,178,87,91
050,16,049,"Idaho","Idaho County",5,50,173,91,82
050,16,049,"Idaho","Idaho County",5,51,170,83,87
050,16,049,"Idaho","Idaho County",5,52,171,86,85
050,16,049,"Idaho","Idaho County",5,53,195,87,108
050,16,049,"Idaho","Idaho County",5,54,193,98,95
050,16,049,"Idaho","Idaho County",5,55,185,95,90
050,16,049,"Idaho","Idaho County",5,56,207,102,105
050,16,049,"Idaho","Idaho County",5,57,208,99,109
050,16,049,"Idaho","Idaho County",5,58,235,120,115
050,16,049,"Idaho","Idaho County",5,59,267,135,132
050,16,049,"Idaho","Idaho County",5,60,255,122,133
050,16,049,"Idaho","Idaho County",5,61,283,135,148
050,16,049,"Idaho","Idaho County",5,62,301,144,157
050,16,049,"Idaho","Idaho County",5,63,336,170,166
050,16,049,"Idaho","Idaho County",5,64,323,167,156
050,16,049,"Idaho","Idaho County",5,65,355,173,182
050,16,049,"Idaho","Idaho County",5,66,339,173,166
050,16,049,"Idaho","Idaho County",5,67,316,157,159
050,16,049,"Idaho","Idaho County",5,68,329,169,160
050,16,049,"Idaho","Idaho County",5,69,340,178,162
050,16,049,"Idaho","Idaho County",5,70,312,162,150
050,16,049,"Idaho","Idaho County",5,71,326,177,149
050,16,049,"Idaho","Idaho County",5,72,300,161,139
050,16,049,"Idaho","Idaho County",5,73,269,139,130
050,16,049,"Idaho","Idaho County",5,74,252,139,113
050,16,049,"Idaho","Idaho County",5,75,255,141,114
050,16,049,"Idaho","Idaho County",5,76,278,147,131
050,16,049,"Idaho","Idaho County",5,77,183,99,84
050,16,049,"Idaho","Idaho County",5,78,182,97,85
050,16,049,"Idaho","Idaho County",5,79,169,95,74
050,16,049,"Idaho","Idaho County",5,80,161,80,81
050,16,049,"Idaho","Idaho County",5,81,124,66,58
050,16,049,"Idaho","Idaho County",5,82,106,50,56
050,16,049,"Idaho","Idaho County",5,83,104,54,50
050,16,049,"Idaho","Idaho County",5,84,90,48,42
050,16,049,"Idaho","Idaho County",5,85,495,253,242
050,16,051,"Idaho","Jefferson County",1,0,439,226,213
050,16,051,"Idaho","Jefferson County",1,1,455,245,210
050,16,051,"Idaho","Jefferson County",1,2,497,252,245
050,16,051,"Idaho","Jefferson County",1,3,499,254,245
050,16,051,"Idaho","Jefferson County",1,4,514,265,249
050,16,051,"Idaho","Jefferson County",1,5,569,307,262
050,16,051,"Idaho","Jefferson County",1,6,563,307,256
050,16,051,"Idaho","Jefferson County",1,7,565,302,263
050,16,051,"Idaho","Jefferson County",1,8,590,283,307
050,16,051,"Idaho","Jefferson County",1,9,575,290,285
050,16,051,"Idaho","Jefferson County",1,10,609,314,295
050,16,051,"Idaho","Jefferson County",1,11,660,315,345
050,16,051,"Idaho","Jefferson County",1,12,715,368,347
050,16,051,"Idaho","Jefferson County",1,13,684,353,331
050,16,051,"Idaho","Jefferson County",1,14,634,319,315
050,16,051,"Idaho","Jefferson County",1,15,617,305,312
050,16,051,"Idaho","Jefferson County",1,16,594,297,297
050,16,051,"Idaho","Jefferson County",1,17,566,294,272
050,16,051,"Idaho","Jefferson County",1,18,476,255,221
050,16,051,"Idaho","Jefferson County",1,19,366,190,176
050,16,051,"Idaho","Jefferson County",1,20,374,197,177
050,16,051,"Idaho","Jefferson County",1,21,363,198,165
050,16,051,"Idaho","Jefferson County",1,22,353,183,170
050,16,051,"Idaho","Jefferson County",1,23,359,190,169
050,16,051,"Idaho","Jefferson County",1,24,336,153,183
050,16,051,"Idaho","Jefferson County",1,25,317,163,154
050,16,051,"Idaho","Jefferson County",1,26,349,169,180
050,16,051,"Idaho","Jefferson County",1,27,318,165,153
050,16,051,"Idaho","Jefferson County",1,28,339,173,166
050,16,051,"Idaho","Jefferson County",1,29,337,175,162
050,16,051,"Idaho","Jefferson County",1,30,348,181,167
050,16,051,"Idaho","Jefferson County",1,31,371,197,174
050,16,051,"Idaho","Jefferson County",1,32,378,189,189
050,16,051,"Idaho","Jefferson County",1,33,355,170,185
050,16,051,"Idaho","Jefferson County",1,34,390,201,189
050,16,051,"Idaho","Jefferson County",1,35,410,212,198
050,16,051,"Idaho","Jefferson County",1,36,443,210,233
050,16,051,"Idaho","Jefferson County",1,37,421,206,215
050,16,051,"Idaho","Jefferson County",1,38,464,239,225
050,16,051,"Idaho","Jefferson County",1,39,429,209,220
050,16,051,"Idaho","Jefferson County",1,40,477,243,234
050,16,051,"Idaho","Jefferson County",1,41,464,256,208
050,16,051,"Idaho","Jefferson County",1,42,417,227,190
050,16,051,"Idaho","Jefferson County",1,43,415,212,203
050,16,051,"Idaho","Jefferson County",1,44,383,216,167
050,16,051,"Idaho","Jefferson County",1,45,356,205,151
050,16,051,"Idaho","Jefferson County",1,46,339,190,149
050,16,051,"Idaho","Jefferson County",1,47,327,176,151
050,16,051,"Idaho","Jefferson County",1,48,342,171,171
050,16,051,"Idaho","Jefferson County",1,49,322,149,173
050,16,051,"Idaho","Jefferson County",1,50,291,134,157
050,16,051,"Idaho","Jefferson County",1,51,277,139,138
050,16,051,"Idaho","Jefferson County",1,52,283,153,130
050,16,051,"Idaho","Jefferson County",1,53,329,177,152
050,16,051,"Idaho","Jefferson County",1,54,309,176,133
050,16,051,"Idaho","Jefferson County",1,55,279,142,137
050,16,051,"Idaho","Jefferson County",1,56,304,149,155
050,16,051,"Idaho","Jefferson County",1,57,311,158,153
050,16,051,"Idaho","Jefferson County",1,58,312,167,145
050,16,051,"Idaho","Jefferson County",1,59,372,187,185
050,16,051,"Idaho","Jefferson County",1,60,365,196,169
050,16,051,"Idaho","Jefferson County",1,61,344,184,160
050,16,051,"Idaho","Jefferson County",1,62,333,174,159
050,16,051,"Idaho","Jefferson County",1,63,306,160,146
050,16,051,"Idaho","Jefferson County",1,64,312,163,149
050,16,051,"Idaho","Jefferson County",1,65,300,157,143
050,16,051,"Idaho","Jefferson County",1,66,262,134,128
050,16,051,"Idaho","Jefferson County",1,67,263,144,119
050,16,051,"Idaho","Jefferson County",1,68,279,134,145
050,16,051,"Idaho","Jefferson County",1,69,249,120,129
050,16,051,"Idaho","Jefferson County",1,70,239,123,116
050,16,051,"Idaho","Jefferson County",1,71,221,116,105
050,16,051,"Idaho","Jefferson County",1,72,205,103,102
050,16,051,"Idaho","Jefferson County",1,73,189,88,101
050,16,051,"Idaho","Jefferson County",1,74,135,63,72
050,16,051,"Idaho","Jefferson County",1,75,139,68,71
050,16,051,"Idaho","Jefferson County",1,76,143,73,70
050,16,051,"Idaho","Jefferson County",1,77,137,75,62
050,16,051,"Idaho","Jefferson County",1,78,113,59,54
050,16,051,"Idaho","Jefferson County",1,79,104,50,54
050,16,051,"Idaho","Jefferson County",1,80,95,46,49
050,16,051,"Idaho","Jefferson County",1,81,83,39,44
050,16,051,"Idaho","Jefferson County",1,82,77,36,41
050,16,051,"Idaho","Jefferson County",1,83,68,31,37
050,16,051,"Idaho","Jefferson County",1,84,63,25,38
050,16,051,"Idaho","Jefferson County",1,85,316,134,182
050,16,051,"Idaho","Jefferson County",2,0,453,227,226
050,16,051,"Idaho","Jefferson County",2,1,450,239,211
050,16,051,"Idaho","Jefferson County",2,2,489,250,239
050,16,051,"Idaho","Jefferson County",2,3,503,256,247
050,16,051,"Idaho","Jefferson County",2,4,517,269,248
050,16,051,"Idaho","Jefferson County",2,5,558,298,260
050,16,051,"Idaho","Jefferson County",2,6,565,308,257
050,16,051,"Idaho","Jefferson County",2,7,567,304,263
050,16,051,"Idaho","Jefferson County",2,8,584,287,297
050,16,051,"Idaho","Jefferson County",2,9,581,289,292
050,16,051,"Idaho","Jefferson County",2,10,604,308,296
050,16,051,"Idaho","Jefferson County",2,11,648,317,331
050,16,051,"Idaho","Jefferson County",2,12,710,358,352
050,16,051,"Idaho","Jefferson County",2,13,690,356,334
050,16,051,"Idaho","Jefferson County",2,14,646,326,320
050,16,051,"Idaho","Jefferson County",2,15,626,310,316
050,16,051,"Idaho","Jefferson County",2,16,601,300,301
050,16,051,"Idaho","Jefferson County",2,17,576,296,280
050,16,051,"Idaho","Jefferson County",2,18,474,255,219
050,16,051,"Idaho","Jefferson County",2,19,371,196,175
050,16,051,"Idaho","Jefferson County",2,20,380,201,179
050,16,051,"Idaho","Jefferson County",2,21,370,201,169
050,16,051,"Idaho","Jefferson County",2,22,361,190,171
050,16,051,"Idaho","Jefferson County",2,23,359,186,173
050,16,051,"Idaho","Jefferson County",2,24,341,161,180
050,16,051,"Idaho","Jefferson County",2,25,328,164,164
050,16,051,"Idaho","Jefferson County",2,26,337,165,172
050,16,051,"Idaho","Jefferson County",2,27,328,168,160
050,16,051,"Idaho","Jefferson County",2,28,341,175,166
050,16,051,"Idaho","Jefferson County",2,29,341,177,164
050,16,051,"Idaho","Jefferson County",2,30,352,184,168
050,16,051,"Idaho","Jefferson County",2,31,368,195,173
050,16,051,"Idaho","Jefferson County",2,32,374,188,186
050,16,051,"Idaho","Jefferson County",2,33,363,176,187
050,16,051,"Idaho","Jefferson County",2,34,388,198,190
050,16,051,"Idaho","Jefferson County",2,35,414,213,201
050,16,051,"Idaho","Jefferson County",2,36,436,211,225
050,16,051,"Idaho","Jefferson County",2,37,430,210,220
050,16,051,"Idaho","Jefferson County",2,38,458,236,222
050,16,051,"Idaho","Jefferson County",2,39,435,214,221
050,16,051,"Idaho","Jefferson County",2,40,467,237,230
050,16,051,"Idaho","Jefferson County",2,41,463,252,211
050,16,051,"Idaho","Jefferson County",2,42,428,233,195
050,16,051,"Idaho","Jefferson County",2,43,417,216,201
050,16,051,"Idaho","Jefferson County",2,44,387,214,173
050,16,051,"Idaho","Jefferson County",2,45,367,210,157
050,16,051,"Idaho","Jefferson County",2,46,343,193,150
050,16,051,"Idaho","Jefferson County",2,47,332,181,151
050,16,051,"Idaho","Jefferson County",2,48,339,173,166
050,16,051,"Idaho","Jefferson County",2,49,331,157,174
050,16,051,"Idaho","Jefferson County",2,50,304,141,163
050,16,051,"Idaho","Jefferson County",2,51,282,139,143
050,16,051,"Idaho","Jefferson County",2,52,284,150,134
050,16,051,"Idaho","Jefferson County",2,53,319,173,146
050,16,051,"Idaho","Jefferson County",2,54,310,173,137
050,16,051,"Idaho","Jefferson County",2,55,287,149,138
050,16,051,"Idaho","Jefferson County",2,56,301,149,152
050,16,051,"Idaho","Jefferson County",2,57,313,158,155
050,16,051,"Idaho","Jefferson County",2,58,314,165,149
050,16,051,"Idaho","Jefferson County",2,59,361,184,177
050,16,051,"Idaho","Jefferson County",2,60,369,196,173
050,16,051,"Idaho","Jefferson County",2,61,349,187,162
050,16,051,"Idaho","Jefferson County",2,62,337,177,160
050,16,051,"Idaho","Jefferson County",2,63,315,165,150
050,16,051,"Idaho","Jefferson County",2,64,312,163,149
050,16,051,"Idaho","Jefferson County",2,65,307,163,144
050,16,051,"Idaho","Jefferson County",2,66,275,141,134
050,16,051,"Idaho","Jefferson County",2,67,266,143,123
050,16,051,"Idaho","Jefferson County",2,68,274,135,139
050,16,051,"Idaho","Jefferson County",2,69,257,125,132
050,16,051,"Idaho","Jefferson County",2,70,242,122,120
050,16,051,"Idaho","Jefferson County",2,71,227,119,108
050,16,051,"Idaho","Jefferson County",2,72,204,105,99
050,16,051,"Idaho","Jefferson County",2,73,200,94,106
050,16,051,"Idaho","Jefferson County",2,74,136,63,73
050,16,051,"Idaho","Jefferson County",2,75,139,67,72
050,16,051,"Idaho","Jefferson County",2,76,138,68,70
050,16,051,"Idaho","Jefferson County",2,77,144,78,66
050,16,051,"Idaho","Jefferson County",2,78,116,61,55
050,16,051,"Idaho","Jefferson County",2,79,108,53,55
050,16,051,"Idaho","Jefferson County",2,80,93,44,49
050,16,051,"Idaho","Jefferson County",2,81,85,41,44
050,16,051,"Idaho","Jefferson County",2,82,78,36,42
050,16,051,"Idaho","Jefferson County",2,83,69,32,37
050,16,051,"Idaho","Jefferson County",2,84,62,25,37
050,16,051,"Idaho","Jefferson County",2,85,312,132,180
050,16,051,"Idaho","Jefferson County",3,0,405,218,187
050,16,051,"Idaho","Jefferson County",3,1,478,234,244
050,16,051,"Idaho","Jefferson County",3,2,480,248,232
050,16,051,"Idaho","Jefferson County",3,3,499,258,241
050,16,051,"Idaho","Jefferson County",3,4,545,268,277
050,16,051,"Idaho","Jefferson County",3,5,539,278,261
050,16,051,"Idaho","Jefferson County",3,6,568,291,277
050,16,051,"Idaho","Jefferson County",3,7,605,336,269
050,16,051,"Idaho","Jefferson County",3,8,609,319,290
050,16,051,"Idaho","Jefferson County",3,9,617,300,317
050,16,051,"Idaho","Jefferson County",3,10,593,305,288
050,16,051,"Idaho","Jefferson County",3,11,629,326,303
050,16,051,"Idaho","Jefferson County",3,12,695,349,346
050,16,051,"Idaho","Jefferson County",3,13,739,378,361
050,16,051,"Idaho","Jefferson County",3,14,715,365,350
050,16,051,"Idaho","Jefferson County",3,15,670,340,330
050,16,051,"Idaho","Jefferson County",3,16,644,320,324
050,16,051,"Idaho","Jefferson County",3,17,617,315,302
050,16,051,"Idaho","Jefferson County",3,18,508,271,237
050,16,051,"Idaho","Jefferson County",3,19,365,191,174
050,16,051,"Idaho","Jefferson County",3,20,380,204,176
050,16,051,"Idaho","Jefferson County",3,21,377,202,175
050,16,051,"Idaho","Jefferson County",3,22,354,200,154
050,16,051,"Idaho","Jefferson County",3,23,389,203,186
050,16,051,"Idaho","Jefferson County",3,24,364,183,181
050,16,051,"Idaho","Jefferson County",3,25,371,176,195
050,16,051,"Idaho","Jefferson County",3,26,342,175,167
050,16,051,"Idaho","Jefferson County",3,27,328,154,174
050,16,051,"Idaho","Jefferson County",3,28,337,166,171
050,16,051,"Idaho","Jefferson County",3,29,359,178,181
050,16,051,"Idaho","Jefferson County",3,30,371,195,176
050,16,051,"Idaho","Jefferson County",3,31,401,204,197
050,16,051,"Idaho","Jefferson County",3,32,382,192,190
050,16,051,"Idaho","Jefferson County",3,33,417,217,200
050,16,051,"Idaho","Jefferson County",3,34,378,183,195
050,16,051,"Idaho","Jefferson County",3,35,411,203,208
050,16,051,"Idaho","Jefferson County",3,36,420,214,206
050,16,051,"Idaho","Jefferson County",3,37,436,211,225
050,16,051,"Idaho","Jefferson County",3,38,463,231,232
050,16,051,"Idaho","Jefferson County",3,39,492,253,239
050,16,051,"Idaho","Jefferson County",3,40,446,220,226
050,16,051,"Idaho","Jefferson County",3,41,481,254,227
050,16,051,"Idaho","Jefferson County",3,42,482,262,220
050,16,051,"Idaho","Jefferson County",3,43,446,241,205
050,16,051,"Idaho","Jefferson County",3,44,432,223,209
050,16,051,"Idaho","Jefferson County",3,45,407,227,180
050,16,051,"Idaho","Jefferson County",3,46,379,218,161
050,16,051,"Idaho","Jefferson County",3,47,363,203,160
050,16,051,"Idaho","Jefferson County",3,48,333,184,149
050,16,051,"Idaho","Jefferson County",3,49,349,178,171
050,16,051,"Idaho","Jefferson County",3,50,333,157,176
050,16,051,"Idaho","Jefferson County",3,51,311,143,168
050,16,051,"Idaho","Jefferson County",3,52,290,145,145
050,16,051,"Idaho","Jefferson County",3,53,287,155,132
050,16,051,"Idaho","Jefferson County",3,54,320,172,148
050,16,051,"Idaho","Jefferson County",3,55,321,180,141
050,16,051,"Idaho","Jefferson County",3,56,299,152,147
050,16,051,"Idaho","Jefferson County",3,57,310,154,156
050,16,051,"Idaho","Jefferson County",3,58,325,162,163
050,16,051,"Idaho","Jefferson County",3,59,333,176,157
050,16,051,"Idaho","Jefferson County",3,60,371,190,181
050,16,051,"Idaho","Jefferson County",3,61,372,189,183
050,16,051,"Idaho","Jefferson County",3,62,347,187,160
050,16,051,"Idaho","Jefferson County",3,63,330,172,158
050,16,051,"Idaho","Jefferson County",3,64,320,167,153
050,16,051,"Idaho","Jefferson County",3,65,325,171,154
050,16,051,"Idaho","Jefferson County",3,66,308,161,147
050,16,051,"Idaho","Jefferson County",3,67,274,141,133
050,16,051,"Idaho","Jefferson County",3,68,256,132,124
050,16,051,"Idaho","Jefferson County",3,69,276,134,142
050,16,051,"Idaho","Jefferson County",3,70,250,124,126
050,16,051,"Idaho","Jefferson County",3,71,240,124,116
050,16,051,"Idaho","Jefferson County",3,72,228,122,106
050,16,051,"Idaho","Jefferson County",3,73,201,101,100
050,16,051,"Idaho","Jefferson County",3,74,190,87,103
050,16,051,"Idaho","Jefferson County",3,75,137,64,73
050,16,051,"Idaho","Jefferson County",3,76,135,65,70
050,16,051,"Idaho","Jefferson County",3,77,134,65,69
050,16,051,"Idaho","Jefferson County",3,78,132,70,62
050,16,051,"Idaho","Jefferson County",3,79,108,55,53
050,16,051,"Idaho","Jefferson County",3,80,101,48,53
050,16,051,"Idaho","Jefferson County",3,81,88,39,49
050,16,051,"Idaho","Jefferson County",3,82,78,38,40
050,16,051,"Idaho","Jefferson County",3,83,77,35,42
050,16,051,"Idaho","Jefferson County",3,84,60,29,31
050,16,051,"Idaho","Jefferson County",3,85,324,131,193
050,16,051,"Idaho","Jefferson County",4,0,443,244,199
050,16,051,"Idaho","Jefferson County",4,1,443,255,188
050,16,051,"Idaho","Jefferson County",4,2,499,237,262
050,16,051,"Idaho","Jefferson County",4,3,490,254,236
050,16,051,"Idaho","Jefferson County",4,4,534,289,245
050,16,051,"Idaho","Jefferson County",4,5,572,288,284
050,16,051,"Idaho","Jefferson County",4,6,552,285,267
050,16,051,"Idaho","Jefferson County",4,7,609,316,293
050,16,051,"Idaho","Jefferson County",4,8,602,326,276
050,16,051,"Idaho","Jefferson County",4,9,626,324,302
050,16,051,"Idaho","Jefferson County",4,10,633,304,329
050,16,051,"Idaho","Jefferson County",4,11,618,307,311
050,16,051,"Idaho","Jefferson County",4,12,675,357,318
050,16,051,"Idaho","Jefferson County",4,13,722,357,365
050,16,051,"Idaho","Jefferson County",4,14,765,403,362
050,16,051,"Idaho","Jefferson County",4,15,736,377,359
050,16,051,"Idaho","Jefferson County",4,16,676,349,327
050,16,051,"Idaho","Jefferson County",4,17,660,326,334
050,16,051,"Idaho","Jefferson County",4,18,531,285,246
050,16,051,"Idaho","Jefferson County",4,19,384,214,170
050,16,051,"Idaho","Jefferson County",4,20,387,209,178
050,16,051,"Idaho","Jefferson County",4,21,413,221,192
050,16,051,"Idaho","Jefferson County",4,22,413,221,192
050,16,051,"Idaho","Jefferson County",4,23,380,216,164
050,16,051,"Idaho","Jefferson County",4,24,415,210,205
050,16,051,"Idaho","Jefferson County",4,25,377,185,192
050,16,051,"Idaho","Jefferson County",4,26,350,150,200
050,16,051,"Idaho","Jefferson County",4,27,347,185,162
050,16,051,"Idaho","Jefferson County",4,28,351,179,172
050,16,051,"Idaho","Jefferson County",4,29,359,174,185
050,16,051,"Idaho","Jefferson County",4,30,374,186,188
050,16,051,"Idaho","Jefferson County",4,31,399,205,194
050,16,051,"Idaho","Jefferson County",4,32,412,215,197
050,16,051,"Idaho","Jefferson County",4,33,404,213,191
050,16,051,"Idaho","Jefferson County",4,34,439,229,210
050,16,051,"Idaho","Jefferson County",4,35,404,195,209
050,16,051,"Idaho","Jefferson County",4,36,421,210,211
050,16,051,"Idaho","Jefferson County",4,37,447,225,222
050,16,051,"Idaho","Jefferson County",4,38,464,230,234
050,16,051,"Idaho","Jefferson County",4,39,482,229,253
050,16,051,"Idaho","Jefferson County",4,40,499,255,244
050,16,051,"Idaho","Jefferson County",4,41,471,234,237
050,16,051,"Idaho","Jefferson County",4,42,490,260,230
050,16,051,"Idaho","Jefferson County",4,43,500,265,235
050,16,051,"Idaho","Jefferson County",4,44,450,242,208
050,16,051,"Idaho","Jefferson County",4,45,450,237,213
050,16,051,"Idaho","Jefferson County",4,46,415,238,177
050,16,051,"Idaho","Jefferson County",4,47,393,220,173
050,16,051,"Idaho","Jefferson County",4,48,368,207,161
050,16,051,"Idaho","Jefferson County",4,49,350,190,160
050,16,051,"Idaho","Jefferson County",4,50,353,180,173
050,16,051,"Idaho","Jefferson County",4,51,328,160,168
050,16,051,"Idaho","Jefferson County",4,52,332,154,178
050,16,051,"Idaho","Jefferson County",4,53,283,145,138
050,16,051,"Idaho","Jefferson County",4,54,289,158,131
050,16,051,"Idaho","Jefferson County",4,55,320,166,154
050,16,051,"Idaho","Jefferson County",4,56,339,187,152
050,16,051,"Idaho","Jefferson County",4,57,320,161,159
050,16,051,"Idaho","Jefferson County",4,58,320,160,160
050,16,051,"Idaho","Jefferson County",4,59,337,166,171
050,16,051,"Idaho","Jefferson County",4,60,344,184,160
050,16,051,"Idaho","Jefferson County",4,61,381,191,190
050,16,051,"Idaho","Jefferson County",4,62,393,198,195
050,16,051,"Idaho","Jefferson County",4,63,353,191,162
050,16,051,"Idaho","Jefferson County",4,64,329,173,156
050,16,051,"Idaho","Jefferson County",4,65,323,165,158
050,16,051,"Idaho","Jefferson County",4,66,323,172,151
050,16,051,"Idaho","Jefferson County",4,67,315,165,150
050,16,051,"Idaho","Jefferson County",4,68,278,140,138
050,16,051,"Idaho","Jefferson County",4,69,266,136,130
050,16,051,"Idaho","Jefferson County",4,70,274,134,140
050,16,051,"Idaho","Jefferson County",4,71,239,116,123
050,16,051,"Idaho","Jefferson County",4,72,243,125,118
050,16,051,"Idaho","Jefferson County",4,73,229,123,106
050,16,051,"Idaho","Jefferson County",4,74,199,101,98
050,16,051,"Idaho","Jefferson County",4,75,177,78,99
050,16,051,"Idaho","Jefferson County",4,76,138,63,75
050,16,051,"Idaho","Jefferson County",4,77,129,61,68
050,16,051,"Idaho","Jefferson County",4,78,125,59,66
050,16,051,"Idaho","Jefferson County",4,79,128,68,60
050,16,051,"Idaho","Jefferson County",4,80,104,51,53
050,16,051,"Idaho","Jefferson County",4,81,89,39,50
050,16,051,"Idaho","Jefferson County",4,82,81,34,47
050,16,051,"Idaho","Jefferson County",4,83,74,35,39
050,16,051,"Idaho","Jefferson County",4,84,74,34,40
050,16,051,"Idaho","Jefferson County",4,85,313,128,185
050,16,051,"Idaho","Jefferson County",5,0,444,243,201
050,16,051,"Idaho","Jefferson County",5,1,476,262,214
050,16,051,"Idaho","Jefferson County",5,2,456,258,198
050,16,051,"Idaho","Jefferson County",5,3,514,238,276
050,16,051,"Idaho","Jefferson County",5,4,502,246,256
050,16,051,"Idaho","Jefferson County",5,5,550,291,259
050,16,051,"Idaho","Jefferson County",5,6,597,305,292
050,16,051,"Idaho","Jefferson County",5,7,554,288,266
050,16,051,"Idaho","Jefferson County",5,8,626,326,300
050,16,051,"Idaho","Jefferson County",5,9,616,340,276
050,16,051,"Idaho","Jefferson County",5,10,657,339,318
050,16,051,"Idaho","Jefferson County",5,11,652,316,336
050,16,051,"Idaho","Jefferson County",5,12,642,324,318
050,16,051,"Idaho","Jefferson County",5,13,671,362,309
050,16,051,"Idaho","Jefferson County",5,14,742,363,379
050,16,051,"Idaho","Jefferson County",5,15,770,399,371
050,16,051,"Idaho","Jefferson County",5,16,735,377,358
050,16,051,"Idaho","Jefferson County",5,17,678,348,330
050,16,051,"Idaho","Jefferson County",5,18,559,286,273
050,16,051,"Idaho","Jefferson County",5,19,418,220,198
050,16,051,"Idaho","Jefferson County",5,20,393,214,179
050,16,051,"Idaho","Jefferson County",5,21,398,208,190
050,16,051,"Idaho","Jefferson County",5,22,442,240,202
050,16,051,"Idaho","Jefferson County",5,23,475,257,218
050,16,051,"Idaho","Jefferson County",5,24,409,227,182
050,16,051,"Idaho","Jefferson County",5,25,425,214,211
050,16,051,"Idaho","Jefferson County",5,26,373,185,188
050,16,051,"Idaho","Jefferson County",5,27,363,171,192
050,16,051,"Idaho","Jefferson County",5,28,360,196,164
050,16,051,"Idaho","Jefferson County",5,29,368,178,190
050,16,051,"Idaho","Jefferson County",5,30,360,174,186
050,16,051,"Idaho","Jefferson County",5,31,399,198,201
050,16,051,"Idaho","Jefferson County",5,32,391,190,201
050,16,051,"Idaho","Jefferson County",5,33,444,228,216
050,16,051,"Idaho","Jefferson County",5,34,448,246,202
050,16,051,"Idaho","Jefferson County",5,35,461,245,216
050,16,051,"Idaho","Jefferson County",5,36,436,212,224
050,16,051,"Idaho","Jefferson County",5,37,429,212,217
050,16,051,"Idaho","Jefferson County",5,38,457,232,225
050,16,051,"Idaho","Jefferson County",5,39,494,244,250
050,16,051,"Idaho","Jefferson County",5,40,487,227,260
050,16,051,"Idaho","Jefferson County",5,41,502,261,241
050,16,051,"Idaho","Jefferson County",5,42,497,253,244
050,16,051,"Idaho","Jefferson County",5,43,510,272,238
050,16,051,"Idaho","Jefferson County",5,44,495,272,223
050,16,051,"Idaho","Jefferson County",5,45,460,244,216
050,16,051,"Idaho","Jefferson County",5,46,459,243,216
050,16,051,"Idaho","Jefferson County",5,47,426,238,188
050,16,051,"Idaho","Jefferson County",5,48,388,223,165
050,16,051,"Idaho","Jefferson County",5,49,382,210,172
050,16,051,"Idaho","Jefferson County",5,50,349,191,158
050,16,051,"Idaho","Jefferson County",5,51,354,181,173
050,16,051,"Idaho","Jefferson County",5,52,338,167,171
050,16,051,"Idaho","Jefferson County",5,53,336,151,185
050,16,051,"Idaho","Jefferson County",5,54,292,149,143
050,16,051,"Idaho","Jefferson County",5,55,296,154,142
050,16,051,"Idaho","Jefferson County",5,56,329,169,160
050,16,051,"Idaho","Jefferson County",5,57,341,187,154
050,16,051,"Idaho","Jefferson County",5,58,331,167,164
050,16,051,"Idaho","Jefferson County",5,59,330,167,163
050,16,051,"Idaho","Jefferson County",5,60,353,171,182
050,16,051,"Idaho","Jefferson County",5,61,338,179,159
050,16,051,"Idaho","Jefferson County",5,62,376,191,185
050,16,051,"Idaho","Jefferson County",5,63,387,199,188
050,16,051,"Idaho","Jefferson County",5,64,351,189,162
050,16,051,"Idaho","Jefferson County",5,65,329,171,158
050,16,051,"Idaho","Jefferson County",5,66,323,166,157
050,16,051,"Idaho","Jefferson County",5,67,319,174,145
050,16,051,"Idaho","Jefferson County",5,68,311,163,148
050,16,051,"Idaho","Jefferson County",5,69,280,142,138
050,16,051,"Idaho","Jefferson County",5,70,258,133,125
050,16,051,"Idaho","Jefferson County",5,71,266,130,136
050,16,051,"Idaho","Jefferson County",5,72,240,118,122
050,16,051,"Idaho","Jefferson County",5,73,237,124,113
050,16,051,"Idaho","Jefferson County",5,74,227,118,109
050,16,051,"Idaho","Jefferson County",5,75,192,96,96
050,16,051,"Idaho","Jefferson County",5,76,167,72,95
050,16,051,"Idaho","Jefferson County",5,77,132,61,71
050,16,051,"Idaho","Jefferson County",5,78,116,52,64
050,16,051,"Idaho","Jefferson County",5,79,116,56,60
050,16,051,"Idaho","Jefferson County",5,80,119,61,58
050,16,051,"Idaho","Jefferson County",5,81,94,43,51
050,16,051,"Idaho","Jefferson County",5,82,86,36,50
050,16,051,"Idaho","Jefferson County",5,83,81,37,44
050,16,051,"Idaho","Jefferson County",5,84,73,36,37
050,16,051,"Idaho","Jefferson County",5,85,341,140,201
050,16,053,"Idaho","Jerome County",1,0,342,178,164
050,16,053,"Idaho","Jerome County",1,1,347,180,167
050,16,053,"Idaho","Jerome County",1,2,367,200,167
050,16,053,"Idaho","Jerome County",1,3,384,212,172
050,16,053,"Idaho","Jerome County",1,4,410,215,195
050,16,053,"Idaho","Jerome County",1,5,374,181,193
050,16,053,"Idaho","Jerome County",1,6,372,178,194
050,16,053,"Idaho","Jerome County",1,7,408,204,204
050,16,053,"Idaho","Jerome County",1,8,407,212,195
050,16,053,"Idaho","Jerome County",1,9,413,218,195
050,16,053,"Idaho","Jerome County",1,10,437,215,222
050,16,053,"Idaho","Jerome County",1,11,447,208,239
050,16,053,"Idaho","Jerome County",1,12,474,234,240
050,16,053,"Idaho","Jerome County",1,13,468,229,239
050,16,053,"Idaho","Jerome County",1,14,467,248,219
050,16,053,"Idaho","Jerome County",1,15,429,211,218
050,16,053,"Idaho","Jerome County",1,16,424,223,201
050,16,053,"Idaho","Jerome County",1,17,398,202,196
050,16,053,"Idaho","Jerome County",1,18,340,167,173
050,16,053,"Idaho","Jerome County",1,19,275,144,131
050,16,053,"Idaho","Jerome County",1,20,281,151,130
050,16,053,"Idaho","Jerome County",1,21,298,167,131
050,16,053,"Idaho","Jerome County",1,22,293,151,142
050,16,053,"Idaho","Jerome County",1,23,268,141,127
050,16,053,"Idaho","Jerome County",1,24,263,130,133
050,16,053,"Idaho","Jerome County",1,25,301,157,144
050,16,053,"Idaho","Jerome County",1,26,309,164,145
050,16,053,"Idaho","Jerome County",1,27,329,177,152
050,16,053,"Idaho","Jerome County",1,28,312,156,156
050,16,053,"Idaho","Jerome County",1,29,290,136,154
050,16,053,"Idaho","Jerome County",1,30,307,160,147
050,16,053,"Idaho","Jerome County",1,31,310,170,140
050,16,053,"Idaho","Jerome County",1,32,346,195,151
050,16,053,"Idaho","Jerome County",1,33,352,190,162
050,16,053,"Idaho","Jerome County",1,34,331,179,152
050,16,053,"Idaho","Jerome County",1,35,325,175,150
050,16,053,"Idaho","Jerome County",1,36,332,180,152
050,16,053,"Idaho","Jerome County",1,37,328,185,143
050,16,053,"Idaho","Jerome County",1,38,334,185,149
050,16,053,"Idaho","Jerome County",1,39,314,166,148
050,16,053,"Idaho","Jerome County",1,40,318,168,150
050,16,053,"Idaho","Jerome County",1,41,326,169,157
050,16,053,"Idaho","Jerome County",1,42,304,160,144
050,16,053,"Idaho","Jerome County",1,43,269,147,122
050,16,053,"Idaho","Jerome County",1,44,255,134,121
050,16,053,"Idaho","Jerome County",1,45,247,131,116
050,16,053,"Idaho","Jerome County",1,46,251,139,112
050,16,053,"Idaho","Jerome County",1,47,291,156,135
050,16,053,"Idaho","Jerome County",1,48,265,144,121
050,16,053,"Idaho","Jerome County",1,49,267,138,129
050,16,053,"Idaho","Jerome County",1,50,270,128,142
050,16,053,"Idaho","Jerome County",1,51,272,145,127
050,16,053,"Idaho","Jerome County",1,52,239,136,103
050,16,053,"Idaho","Jerome County",1,53,264,146,118
050,16,053,"Idaho","Jerome County",1,54,275,144,131
050,16,053,"Idaho","Jerome County",1,55,252,137,115
050,16,053,"Idaho","Jerome County",1,56,260,138,122
050,16,053,"Idaho","Jerome County",1,57,284,145,139
050,16,053,"Idaho","Jerome County",1,58,306,163,143
050,16,053,"Idaho","Jerome County",1,59,295,159,136
050,16,053,"Idaho","Jerome County",1,60,270,155,115
050,16,053,"Idaho","Jerome County",1,61,270,134,136
050,16,053,"Idaho","Jerome County",1,62,290,146,144
050,16,053,"Idaho","Jerome County",1,63,263,126,137
050,16,053,"Idaho","Jerome County",1,64,231,118,113
050,16,053,"Idaho","Jerome County",1,65,245,126,119
050,16,053,"Idaho","Jerome County",1,66,269,139,130
050,16,053,"Idaho","Jerome County",1,67,224,111,113
050,16,053,"Idaho","Jerome County",1,68,224,112,112
050,16,053,"Idaho","Jerome County",1,69,189,100,89
050,16,053,"Idaho","Jerome County",1,70,173,86,87
050,16,053,"Idaho","Jerome County",1,71,170,84,86
050,16,053,"Idaho","Jerome County",1,72,164,79,85
050,16,053,"Idaho","Jerome County",1,73,168,81,87
050,16,053,"Idaho","Jerome County",1,74,114,53,61
050,16,053,"Idaho","Jerome County",1,75,124,65,59
050,16,053,"Idaho","Jerome County",1,76,133,65,68
050,16,053,"Idaho","Jerome County",1,77,135,70,65
050,16,053,"Idaho","Jerome County",1,78,114,62,52
050,16,053,"Idaho","Jerome County",1,79,103,47,56
050,16,053,"Idaho","Jerome County",1,80,83,44,39
050,16,053,"Idaho","Jerome County",1,81,79,39,40
050,16,053,"Idaho","Jerome County",1,82,69,24,45
050,16,053,"Idaho","Jerome County",1,83,68,28,40
050,16,053,"Idaho","Jerome County",1,84,57,22,35
050,16,053,"Idaho","Jerome County",1,85,297,126,171
050,16,053,"Idaho","Jerome County",2,0,354,191,163
050,16,053,"Idaho","Jerome County",2,1,342,179,163
050,16,053,"Idaho","Jerome County",2,2,361,195,166
050,16,053,"Idaho","Jerome County",2,3,378,206,172
050,16,053,"Idaho","Jerome County",2,4,402,211,191
050,16,053,"Idaho","Jerome County",2,5,379,186,193
050,16,053,"Idaho","Jerome County",2,6,372,178,194
050,16,053,"Idaho","Jerome County",2,7,399,196,203
050,16,053,"Idaho","Jerome County",2,8,405,209,196
050,16,053,"Idaho","Jerome County",2,9,412,215,197
050,16,053,"Idaho","Jerome County",2,10,428,212,216
050,16,053,"Idaho","Jerome County",2,11,444,210,234
050,16,053,"Idaho","Jerome County",2,12,469,228,241
050,16,053,"Idaho","Jerome County",2,13,468,232,236
050,16,053,"Idaho","Jerome County",2,14,466,243,223
050,16,053,"Idaho","Jerome County",2,15,438,221,217
050,16,053,"Idaho","Jerome County",2,16,425,220,205
050,16,053,"Idaho","Jerome County",2,17,401,205,196
050,16,053,"Idaho","Jerome County",2,18,341,172,169
050,16,053,"Idaho","Jerome County",2,19,281,146,135
050,16,053,"Idaho","Jerome County",2,20,283,149,134
050,16,053,"Idaho","Jerome County",2,21,300,168,132
050,16,053,"Idaho","Jerome County",2,22,292,152,140
050,16,053,"Idaho","Jerome County",2,23,275,144,131
050,16,053,"Idaho","Jerome County",2,24,265,134,131
050,16,053,"Idaho","Jerome County",2,25,291,151,140
050,16,053,"Idaho","Jerome County",2,26,312,165,147
050,16,053,"Idaho","Jerome County",2,27,318,169,149
050,16,053,"Idaho","Jerome County",2,28,312,159,153
050,16,053,"Idaho","Jerome County",2,29,297,144,153
050,16,053,"Idaho","Jerome County",2,30,307,157,150
050,16,053,"Idaho","Jerome County",2,31,311,168,143
050,16,053,"Idaho","Jerome County",2,32,341,190,151
050,16,053,"Idaho","Jerome County",2,33,350,189,161
050,16,053,"Idaho","Jerome County",2,34,336,181,155
050,16,053,"Idaho","Jerome County",2,35,322,174,148
050,16,053,"Idaho","Jerome County",2,36,325,178,147
050,16,053,"Idaho","Jerome County",2,37,326,182,144
050,16,053,"Idaho","Jerome County",2,38,333,187,146
050,16,053,"Idaho","Jerome County",2,39,315,168,147
050,16,053,"Idaho","Jerome County",2,40,321,170,151
050,16,053,"Idaho","Jerome County",2,41,322,167,155
050,16,053,"Idaho","Jerome County",2,42,310,164,146
050,16,053,"Idaho","Jerome County",2,43,280,150,130
050,16,053,"Idaho","Jerome County",2,44,256,137,119
050,16,053,"Idaho","Jerome County",2,45,252,133,119
050,16,053,"Idaho","Jerome County",2,46,250,137,113
050,16,053,"Idaho","Jerome County",2,47,281,150,131
050,16,053,"Idaho","Jerome County",2,48,272,147,125
050,16,053,"Idaho","Jerome County",2,49,268,139,129
050,16,053,"Idaho","Jerome County",2,50,271,131,140
050,16,053,"Idaho","Jerome County",2,51,272,142,130
050,16,053,"Idaho","Jerome County",2,52,248,141,107
050,16,053,"Idaho","Jerome County",2,53,260,146,114
050,16,053,"Idaho","Jerome County",2,54,269,142,127
050,16,053,"Idaho","Jerome County",2,55,256,137,119
050,16,053,"Idaho","Jerome County",2,56,262,141,121
050,16,053,"Idaho","Jerome County",2,57,278,145,133
050,16,053,"Idaho","Jerome County",2,58,300,158,142
050,16,053,"Idaho","Jerome County",2,59,298,161,137
050,16,053,"Idaho","Jerome County",2,60,273,154,119
050,16,053,"Idaho","Jerome County",2,61,272,140,132
050,16,053,"Idaho","Jerome County",2,62,286,143,143
050,16,053,"Idaho","Jerome County",2,63,272,132,140
050,16,053,"Idaho","Jerome County",2,64,239,120,119
050,16,053,"Idaho","Jerome County",2,65,244,126,118
050,16,053,"Idaho","Jerome County",2,66,266,135,131
050,16,053,"Idaho","Jerome County",2,67,235,119,116
050,16,053,"Idaho","Jerome County",2,68,220,111,109
050,16,053,"Idaho","Jerome County",2,69,199,104,95
050,16,053,"Idaho","Jerome County",2,70,179,90,89
050,16,053,"Idaho","Jerome County",2,71,171,84,87
050,16,053,"Idaho","Jerome County",2,72,162,78,84
050,16,053,"Idaho","Jerome County",2,73,171,82,89
050,16,053,"Idaho","Jerome County",2,74,118,55,63
050,16,053,"Idaho","Jerome County",2,75,122,63,59
050,16,053,"Idaho","Jerome County",2,76,130,65,65
050,16,053,"Idaho","Jerome County",2,77,136,69,67
050,16,053,"Idaho","Jerome County",2,78,117,64,53
050,16,053,"Idaho","Jerome County",2,79,104,50,54
050,16,053,"Idaho","Jerome County",2,80,86,44,42
050,16,053,"Idaho","Jerome County",2,81,79,41,38
050,16,053,"Idaho","Jerome County",2,82,72,27,45
050,16,053,"Idaho","Jerome County",2,83,65,26,39
050,16,053,"Idaho","Jerome County",2,84,57,23,34
050,16,053,"Idaho","Jerome County",2,85,293,123,170
050,16,053,"Idaho","Jerome County",3,0,354,192,162
050,16,053,"Idaho","Jerome County",3,1,351,203,148
050,16,053,"Idaho","Jerome County",3,2,343,174,169
050,16,053,"Idaho","Jerome County",3,3,377,202,175
050,16,053,"Idaho","Jerome County",3,4,379,206,173
050,16,053,"Idaho","Jerome County",3,5,426,225,201
050,16,053,"Idaho","Jerome County",3,6,401,189,212
050,16,053,"Idaho","Jerome County",3,7,370,179,191
050,16,053,"Idaho","Jerome County",3,8,406,190,216
050,16,053,"Idaho","Jerome County",3,9,421,216,205
050,16,053,"Idaho","Jerome County",3,10,416,215,201
050,16,053,"Idaho","Jerome County",3,11,440,209,231
050,16,053,"Idaho","Jerome County",3,12,452,212,240
050,16,053,"Idaho","Jerome County",3,13,457,214,243
050,16,053,"Idaho","Jerome County",3,14,458,225,233
050,16,053,"Idaho","Jerome County",3,15,471,241,230
050,16,053,"Idaho","Jerome County",3,16,439,230,209
050,16,053,"Idaho","Jerome County",3,17,413,219,194
050,16,053,"Idaho","Jerome County",3,18,356,183,173
050,16,053,"Idaho","Jerome County",3,19,296,149,147
050,16,053,"Idaho","Jerome County",3,20,279,137,142
050,16,053,"Idaho","Jerome County",3,21,312,169,143
050,16,053,"Idaho","Jerome County",3,22,312,171,141
050,16,053,"Idaho","Jerome County",3,23,287,144,143
050,16,053,"Idaho","Jerome County",3,24,291,151,140
050,16,053,"Idaho","Jerome County",3,25,272,133,139
050,16,053,"Idaho","Jerome County",3,26,282,152,130
050,16,053,"Idaho","Jerome County",3,27,340,181,159
050,16,053,"Idaho","Jerome County",3,28,334,174,160
050,16,053,"Idaho","Jerome County",3,29,312,165,147
050,16,053,"Idaho","Jerome County",3,30,309,155,154
050,16,053,"Idaho","Jerome County",3,31,322,158,164
050,16,053,"Idaho","Jerome County",3,32,325,177,148
050,16,053,"Idaho","Jerome County",3,33,353,200,153
050,16,053,"Idaho","Jerome County",3,34,354,191,163
050,16,053,"Idaho","Jerome County",3,35,353,197,156
050,16,053,"Idaho","Jerome County",3,36,324,168,156
050,16,053,"Idaho","Jerome County",3,37,328,176,152
050,16,053,"Idaho","Jerome County",3,38,343,188,155
050,16,053,"Idaho","Jerome County",3,39,330,183,147
050,16,053,"Idaho","Jerome County",3,40,324,170,154
050,16,053,"Idaho","Jerome County",3,41,320,166,154
050,16,053,"Idaho","Jerome County",3,42,312,157,155
050,16,053,"Idaho","Jerome County",3,43,308,161,147
050,16,053,"Idaho","Jerome County",3,44,289,150,139
050,16,053,"Idaho","Jerome County",3,45,260,140,120
050,16,053,"Idaho","Jerome County",3,46,243,127,116
050,16,053,"Idaho","Jerome County",3,47,255,139,116
050,16,053,"Idaho","Jerome County",3,48,275,150,125
050,16,053,"Idaho","Jerome County",3,49,283,156,127
050,16,053,"Idaho","Jerome County",3,50,275,142,133
050,16,053,"Idaho","Jerome County",3,51,272,131,141
050,16,053,"Idaho","Jerome County",3,52,270,142,128
050,16,053,"Idaho","Jerome County",3,53,253,144,109
050,16,053,"Idaho","Jerome County",3,54,245,139,106
050,16,053,"Idaho","Jerome County",3,55,284,150,134
050,16,053,"Idaho","Jerome County",3,56,261,142,119
050,16,053,"Idaho","Jerome County",3,57,280,148,132
050,16,053,"Idaho","Jerome County",3,58,287,151,136
050,16,053,"Idaho","Jerome County",3,59,300,158,142
050,16,053,"Idaho","Jerome County",3,60,298,158,140
050,16,053,"Idaho","Jerome County",3,61,280,162,118
050,16,053,"Idaho","Jerome County",3,62,280,139,141
050,16,053,"Idaho","Jerome County",3,63,286,145,141
050,16,053,"Idaho","Jerome County",3,64,279,136,143
050,16,053,"Idaho","Jerome County",3,65,248,123,125
050,16,053,"Idaho","Jerome County",3,66,241,128,113
050,16,053,"Idaho","Jerome County",3,67,260,130,130
050,16,053,"Idaho","Jerome County",3,68,238,123,115
050,16,053,"Idaho","Jerome County",3,69,220,111,109
050,16,053,"Idaho","Jerome County",3,70,197,106,91
050,16,053,"Idaho","Jerome County",3,71,177,88,89
050,16,053,"Idaho","Jerome County",3,72,171,84,87
050,16,053,"Idaho","Jerome County",3,73,157,72,85
050,16,053,"Idaho","Jerome County",3,74,169,83,86
050,16,053,"Idaho","Jerome County",3,75,111,51,60
050,16,053,"Idaho","Jerome County",3,76,119,59,60
050,16,053,"Idaho","Jerome County",3,77,121,59,62
050,16,053,"Idaho","Jerome County",3,78,132,64,68
050,16,053,"Idaho","Jerome County",3,79,111,60,51
050,16,053,"Idaho","Jerome County",3,80,95,44,51
050,16,053,"Idaho","Jerome County",3,81,80,39,41
050,16,053,"Idaho","Jerome County",3,82,71,36,35
050,16,053,"Idaho","Jerome County",3,83,66,25,41
050,16,053,"Idaho","Jerome County",3,84,58,21,37
050,16,053,"Idaho","Jerome County",3,85,289,114,175
050,16,053,"Idaho","Jerome County",4,0,356,180,176
050,16,053,"Idaho","Jerome County",4,1,355,187,168
050,16,053,"Idaho","Jerome County",4,2,383,222,161
050,16,053,"Idaho","Jerome County",4,3,362,191,171
050,16,053,"Idaho","Jerome County",4,4,385,214,171
050,16,053,"Idaho","Jerome County",4,5,391,205,186
050,16,053,"Idaho","Jerome County",4,6,421,222,199
050,16,053,"Idaho","Jerome County",4,7,431,210,221
050,16,053,"Idaho","Jerome County",4,8,368,177,191
050,16,053,"Idaho","Jerome County",4,9,415,201,214
050,16,053,"Idaho","Jerome County",4,10,415,209,206
050,16,053,"Idaho","Jerome County",4,11,442,226,216
050,16,053,"Idaho","Jerome County",4,12,455,221,234
050,16,053,"Idaho","Jerome County",4,13,465,219,246
050,16,053,"Idaho","Jerome County",4,14,477,221,256
050,16,053,"Idaho","Jerome County",4,15,465,227,238
050,16,053,"Idaho","Jerome County",4,16,477,252,225
050,16,053,"Idaho","Jerome County",4,17,448,231,217
050,16,053,"Idaho","Jerome County",4,18,372,198,174
050,16,053,"Idaho","Jerome County",4,19,306,162,144
050,16,053,"Idaho","Jerome County",4,20,296,144,152
050,16,053,"Idaho","Jerome County",4,21,292,141,151
050,16,053,"Idaho","Jerome County",4,22,324,160,164
050,16,053,"Idaho","Jerome County",4,23,329,181,148
050,16,053,"Idaho","Jerome County",4,24,306,152,154
050,16,053,"Idaho","Jerome County",4,25,294,151,143
050,16,053,"Idaho","Jerome County",4,26,294,140,154
050,16,053,"Idaho","Jerome County",4,27,299,161,138
050,16,053,"Idaho","Jerome County",4,28,349,184,165
050,16,053,"Idaho","Jerome County",4,29,342,172,170
050,16,053,"Idaho","Jerome County",4,30,326,169,157
050,16,053,"Idaho","Jerome County",4,31,311,160,151
050,16,053,"Idaho","Jerome County",4,32,328,154,174
050,16,053,"Idaho","Jerome County",4,33,319,179,140
050,16,053,"Idaho","Jerome County",4,34,357,208,149
050,16,053,"Idaho","Jerome County",4,35,356,198,158
050,16,053,"Idaho","Jerome County",4,36,369,201,168
050,16,053,"Idaho","Jerome County",4,37,320,163,157
050,16,053,"Idaho","Jerome County",4,38,345,192,153
050,16,053,"Idaho","Jerome County",4,39,359,193,166
050,16,053,"Idaho","Jerome County",4,40,334,186,148
050,16,053,"Idaho","Jerome County",4,41,328,173,155
050,16,053,"Idaho","Jerome County",4,42,329,170,159
050,16,053,"Idaho","Jerome County",4,43,308,150,158
050,16,053,"Idaho","Jerome County",4,44,308,162,146
050,16,053,"Idaho","Jerome County",4,45,285,154,131
050,16,053,"Idaho","Jerome County",4,46,260,133,127
050,16,053,"Idaho","Jerome County",4,47,257,137,120
050,16,053,"Idaho","Jerome County",4,48,253,134,119
050,16,053,"Idaho","Jerome County",4,49,269,151,118
050,16,053,"Idaho","Jerome County",4,50,298,168,130
050,16,053,"Idaho","Jerome County",4,51,281,146,135
050,16,053,"Idaho","Jerome County",4,52,271,131,140
050,16,053,"Idaho","Jerome County",4,53,278,153,125
050,16,053,"Idaho","Jerome County",4,54,258,146,112
050,16,053,"Idaho","Jerome County",4,55,250,140,110
050,16,053,"Idaho","Jerome County",4,56,280,144,136
050,16,053,"Idaho","Jerome County",4,57,267,138,129
050,16,053,"Idaho","Jerome County",4,58,265,137,128
050,16,053,"Idaho","Jerome County",4,59,297,156,141
050,16,053,"Idaho","Jerome County",4,60,289,151,138
050,16,053,"Idaho","Jerome County",4,61,310,166,144
050,16,053,"Idaho","Jerome County",4,62,282,165,117
050,16,053,"Idaho","Jerome County",4,63,283,139,144
050,16,053,"Idaho","Jerome County",4,64,284,143,141
050,16,053,"Idaho","Jerome County",4,65,280,138,142
050,16,053,"Idaho","Jerome County",4,66,241,119,122
050,16,053,"Idaho","Jerome County",4,67,236,127,109
050,16,053,"Idaho","Jerome County",4,68,257,130,127
050,16,053,"Idaho","Jerome County",4,69,232,116,116
050,16,053,"Idaho","Jerome County",4,70,212,105,107
050,16,053,"Idaho","Jerome County",4,71,194,100,94
050,16,053,"Idaho","Jerome County",4,72,176,87,89
050,16,053,"Idaho","Jerome County",4,73,159,75,84
050,16,053,"Idaho","Jerome County",4,74,146,62,84
050,16,053,"Idaho","Jerome County",4,75,170,82,88
050,16,053,"Idaho","Jerome County",4,76,109,51,58
050,16,053,"Idaho","Jerome County",4,77,108,54,54
050,16,053,"Idaho","Jerome County",4,78,113,57,56
050,16,053,"Idaho","Jerome County",4,79,128,60,68
050,16,053,"Idaho","Jerome County",4,80,101,52,49
050,16,053,"Idaho","Jerome County",4,81,83,40,43
050,16,053,"Idaho","Jerome County",4,82,72,33,39
050,16,053,"Idaho","Jerome County",4,83,64,33,31
050,16,053,"Idaho","Jerome County",4,84,54,19,35
050,16,053,"Idaho","Jerome County",4,85,281,107,174
050,16,053,"Idaho","Jerome County",5,0,356,179,177
050,16,053,"Idaho","Jerome County",5,1,367,173,194
050,16,053,"Idaho","Jerome County",5,2,359,191,168
050,16,053,"Idaho","Jerome County",5,3,390,220,170
050,16,053,"Idaho","Jerome County",5,4,367,192,175
050,16,053,"Idaho","Jerome County",5,5,390,215,175
050,16,053,"Idaho","Jerome County",5,6,383,194,189
050,16,053,"Idaho","Jerome County",5,7,421,219,202
050,16,053,"Idaho","Jerome County",5,8,430,211,219
050,16,053,"Idaho","Jerome County",5,9,376,178,198
050,16,053,"Idaho","Jerome County",5,10,408,198,210
050,16,053,"Idaho","Jerome County",5,11,449,213,236
050,16,053,"Idaho","Jerome County",5,12,440,223,217
050,16,053,"Idaho","Jerome County",5,13,455,222,233
050,16,053,"Idaho","Jerome County",5,14,483,231,252
050,16,053,"Idaho","Jerome County",5,15,484,232,252
050,16,053,"Idaho","Jerome County",5,16,466,242,224
050,16,053,"Idaho","Jerome County",5,17,476,241,235
050,16,053,"Idaho","Jerome County",5,18,396,216,180
050,16,053,"Idaho","Jerome County",5,19,316,175,141
050,16,053,"Idaho","Jerome County",5,20,302,156,146
050,16,053,"Idaho","Jerome County",5,21,306,149,157
050,16,053,"Idaho","Jerome County",5,22,277,124,153
050,16,053,"Idaho","Jerome County",5,23,323,167,156
050,16,053,"Idaho","Jerome County",5,24,327,169,158
050,16,053,"Idaho","Jerome County",5,25,315,160,155
050,16,053,"Idaho","Jerome County",5,26,284,140,144
050,16,053,"Idaho","Jerome County",5,27,293,150,143
050,16,053,"Idaho","Jerome County",5,28,298,158,140
050,16,053,"Idaho","Jerome County",5,29,345,180,165
050,16,053,"Idaho","Jerome County",5,30,337,175,162
050,16,053,"Idaho","Jerome County",5,31,340,176,164
050,16,053,"Idaho","Jerome County",5,32,321,169,152
050,16,053,"Idaho","Jerome County",5,33,345,161,184
050,16,053,"Idaho","Jerome County",5,34,311,171,140
050,16,053,"Idaho","Jerome County",5,35,356,209,147
050,16,053,"Idaho","Jerome County",5,36,369,202,167
050,16,053,"Idaho","Jerome County",5,37,366,202,164
050,16,053,"Idaho","Jerome County",5,38,320,170,150
050,16,053,"Idaho","Jerome County",5,39,349,193,156
050,16,053,"Idaho","Jerome County",5,40,362,193,169
050,16,053,"Idaho","Jerome County",5,41,338,187,151
050,16,053,"Idaho","Jerome County",5,42,338,178,160
050,16,053,"Idaho","Jerome County",5,43,331,168,163
050,16,053,"Idaho","Jerome County",5,44,303,146,157
050,16,053,"Idaho","Jerome County",5,45,305,157,148
050,16,053,"Idaho","Jerome County",5,46,282,147,135
050,16,053,"Idaho","Jerome County",5,47,268,138,130
050,16,053,"Idaho","Jerome County",5,48,251,133,118
050,16,053,"Idaho","Jerome County",5,49,254,132,122
050,16,053,"Idaho","Jerome County",5,50,269,150,119
050,16,053,"Idaho","Jerome County",5,51,283,163,120
050,16,053,"Idaho","Jerome County",5,52,291,145,146
050,16,053,"Idaho","Jerome County",5,53,267,131,136
050,16,053,"Idaho","Jerome County",5,54,286,156,130
050,16,053,"Idaho","Jerome County",5,55,255,145,110
050,16,053,"Idaho","Jerome County",5,56,253,140,113
050,16,053,"Idaho","Jerome County",5,57,291,146,145
050,16,053,"Idaho","Jerome County",5,58,256,131,125
050,16,053,"Idaho","Jerome County",5,59,274,145,129
050,16,053,"Idaho","Jerome County",5,60,293,149,144
050,16,053,"Idaho","Jerome County",5,61,290,154,136
050,16,053,"Idaho","Jerome County",5,62,302,164,138
050,16,053,"Idaho","Jerome County",5,63,279,162,117
050,16,053,"Idaho","Jerome County",5,64,285,141,144
050,16,053,"Idaho","Jerome County",5,65,280,146,134
050,16,053,"Idaho","Jerome County",5,66,279,135,144
050,16,053,"Idaho","Jerome County",5,67,241,121,120
050,16,053,"Idaho","Jerome County",5,68,238,127,111
050,16,053,"Idaho","Jerome County",5,69,250,126,124
050,16,053,"Idaho","Jerome County",5,70,233,114,119
050,16,053,"Idaho","Jerome County",5,71,213,109,104
050,16,053,"Idaho","Jerome County",5,72,186,98,88
050,16,053,"Idaho","Jerome County",5,73,165,78,87
050,16,053,"Idaho","Jerome County",5,74,153,68,85
050,16,053,"Idaho","Jerome County",5,75,143,59,84
050,16,053,"Idaho","Jerome County",5,76,167,80,87
050,16,053,"Idaho","Jerome County",5,77,103,47,56
050,16,053,"Idaho","Jerome County",5,78,104,52,52
050,16,053,"Idaho","Jerome County",5,79,119,57,62
050,16,053,"Idaho","Jerome County",5,80,118,52,66
050,16,053,"Idaho","Jerome County",5,81,93,49,44
050,16,053,"Idaho","Jerome County",5,82,77,35,42
050,16,053,"Idaho","Jerome County",5,83,68,30,38
050,16,053,"Idaho","Jerome County",5,84,55,26,29
050,16,053,"Idaho","Jerome County",5,85,292,107,185
050,16,055,"Idaho","Kootenai County",1,0,1775,911,864
050,16,055,"Idaho","Kootenai County",1,1,1878,983,895
050,16,055,"Idaho","Kootenai County",1,2,1913,997,916
050,16,055,"Idaho","Kootenai County",1,3,2071,1100,971
050,16,055,"Idaho","Kootenai County",1,4,2184,1112,1072
050,16,055,"Idaho","Kootenai County",1,5,2201,1128,1073
050,16,055,"Idaho","Kootenai County",1,6,2153,1113,1040
050,16,055,"Idaho","Kootenai County",1,7,2166,1094,1072
050,16,055,"Idaho","Kootenai County",1,8,2093,1108,985
050,16,055,"Idaho","Kootenai County",1,9,2217,1149,1068
050,16,055,"Idaho","Kootenai County",1,10,2246,1146,1100
050,16,055,"Idaho","Kootenai County",1,11,2299,1175,1124
050,16,055,"Idaho","Kootenai County",1,12,2349,1212,1137
050,16,055,"Idaho","Kootenai County",1,13,2386,1267,1119
050,16,055,"Idaho","Kootenai County",1,14,2243,1166,1077
050,16,055,"Idaho","Kootenai County",1,15,2276,1190,1086
050,16,055,"Idaho","Kootenai County",1,16,2357,1199,1158
050,16,055,"Idaho","Kootenai County",1,17,2266,1174,1092
050,16,055,"Idaho","Kootenai County",1,18,1923,1033,890
050,16,055,"Idaho","Kootenai County",1,19,1550,821,729
050,16,055,"Idaho","Kootenai County",1,20,1626,847,779
050,16,055,"Idaho","Kootenai County",1,21,1709,888,821
050,16,055,"Idaho","Kootenai County",1,22,1724,883,841
050,16,055,"Idaho","Kootenai County",1,23,1848,960,888
050,16,055,"Idaho","Kootenai County",1,24,1892,974,918
050,16,055,"Idaho","Kootenai County",1,25,1976,1025,951
050,16,055,"Idaho","Kootenai County",1,26,2071,1084,987
050,16,055,"Idaho","Kootenai County",1,27,2142,1070,1072
050,16,055,"Idaho","Kootenai County",1,28,2221,1113,1108
050,16,055,"Idaho","Kootenai County",1,29,2287,1148,1139
050,16,055,"Idaho","Kootenai County",1,30,2378,1159,1219
050,16,055,"Idaho","Kootenai County",1,31,2248,1108,1140
050,16,055,"Idaho","Kootenai County",1,32,2140,1024,1116
050,16,055,"Idaho","Kootenai County",1,33,2151,1089,1062
050,16,055,"Idaho","Kootenai County",1,34,2249,1115,1134
050,16,055,"Idaho","Kootenai County",1,35,2239,1112,1127
050,16,055,"Idaho","Kootenai County",1,36,2211,1097,1114
050,16,055,"Idaho","Kootenai County",1,37,2238,1137,1101
050,16,055,"Idaho","Kootenai County",1,38,2208,1110,1098
050,16,055,"Idaho","Kootenai County",1,39,2155,1082,1073
050,16,055,"Idaho","Kootenai County",1,40,2120,1074,1046
050,16,055,"Idaho","Kootenai County",1,41,2152,1092,1060
050,16,055,"Idaho","Kootenai County",1,42,2190,1076,1114
050,16,055,"Idaho","Kootenai County",1,43,1980,992,988
050,16,055,"Idaho","Kootenai County",1,44,1939,980,959
050,16,055,"Idaho","Kootenai County",1,45,2051,1036,1015
050,16,055,"Idaho","Kootenai County",1,46,1892,963,929
050,16,055,"Idaho","Kootenai County",1,47,1856,941,915
050,16,055,"Idaho","Kootenai County",1,48,2016,1036,980
050,16,055,"Idaho","Kootenai County",1,49,2159,1102,1057
050,16,055,"Idaho","Kootenai County",1,50,2139,1084,1055
050,16,055,"Idaho","Kootenai County",1,51,2084,1033,1051
050,16,055,"Idaho","Kootenai County",1,52,2015,993,1022
050,16,055,"Idaho","Kootenai County",1,53,2064,1060,1004
050,16,055,"Idaho","Kootenai County",1,54,2062,986,1076
050,16,055,"Idaho","Kootenai County",1,55,2176,1030,1146
050,16,055,"Idaho","Kootenai County",1,56,2263,1080,1183
050,16,055,"Idaho","Kootenai County",1,57,2243,1070,1173
050,16,055,"Idaho","Kootenai County",1,58,2412,1175,1237
050,16,055,"Idaho","Kootenai County",1,59,2433,1213,1220
050,16,055,"Idaho","Kootenai County",1,60,2356,1193,1163
050,16,055,"Idaho","Kootenai County",1,61,2362,1140,1222
050,16,055,"Idaho","Kootenai County",1,62,2408,1145,1263
050,16,055,"Idaho","Kootenai County",1,63,2438,1149,1289
050,16,055,"Idaho","Kootenai County",1,64,2311,1118,1193
050,16,055,"Idaho","Kootenai County",1,65,2309,1104,1205
050,16,055,"Idaho","Kootenai County",1,66,2301,1064,1237
050,16,055,"Idaho","Kootenai County",1,67,2265,1078,1187
050,16,055,"Idaho","Kootenai County",1,68,2199,1066,1133
050,16,055,"Idaho","Kootenai County",1,69,2066,975,1091
050,16,055,"Idaho","Kootenai County",1,70,1995,942,1053
050,16,055,"Idaho","Kootenai County",1,71,1958,941,1017
050,16,055,"Idaho","Kootenai County",1,72,1969,936,1033
050,16,055,"Idaho","Kootenai County",1,73,2033,989,1044
050,16,055,"Idaho","Kootenai County",1,74,1363,668,695
050,16,055,"Idaho","Kootenai County",1,75,1334,641,693
050,16,055,"Idaho","Kootenai County",1,76,1307,617,690
050,16,055,"Idaho","Kootenai County",1,77,1300,622,678
050,16,055,"Idaho","Kootenai County",1,78,1081,519,562
050,16,055,"Idaho","Kootenai County",1,79,947,437,510
050,16,055,"Idaho","Kootenai County",1,80,901,428,473
050,16,055,"Idaho","Kootenai County",1,81,825,399,426
050,16,055,"Idaho","Kootenai County",1,82,731,362,369
050,16,055,"Idaho","Kootenai County",1,83,609,293,316
050,16,055,"Idaho","Kootenai County",1,84,524,233,291
050,16,055,"Idaho","Kootenai County",1,85,2966,1101,1865
050,16,055,"Idaho","Kootenai County",2,0,1806,932,874
050,16,055,"Idaho","Kootenai County",2,1,1872,975,897
050,16,055,"Idaho","Kootenai County",2,2,1928,1004,924
050,16,055,"Idaho","Kootenai County",2,3,2046,1080,966
050,16,055,"Idaho","Kootenai County",2,4,2189,1123,1066
050,16,055,"Idaho","Kootenai County",2,5,2216,1130,1086
050,16,055,"Idaho","Kootenai County",2,6,2191,1129,1062
050,16,055,"Idaho","Kootenai County",2,7,2169,1104,1065
050,16,055,"Idaho","Kootenai County",2,8,2124,1113,1011
050,16,055,"Idaho","Kootenai County",2,9,2197,1143,1054
050,16,055,"Idaho","Kootenai County",2,10,2250,1152,1098
050,16,055,"Idaho","Kootenai County",2,11,2285,1168,1117
050,16,055,"Idaho","Kootenai County",2,12,2357,1216,1141
050,16,055,"Idaho","Kootenai County",2,13,2391,1257,1134
050,16,055,"Idaho","Kootenai County",2,14,2295,1199,1096
050,16,055,"Idaho","Kootenai County",2,15,2284,1193,1091
050,16,055,"Idaho","Kootenai County",2,16,2348,1204,1144
050,16,055,"Idaho","Kootenai County",2,17,2310,1189,1121
050,16,055,"Idaho","Kootenai County",2,18,1929,1035,894
050,16,055,"Idaho","Kootenai County",2,19,1566,830,736
050,16,055,"Idaho","Kootenai County",2,20,1659,869,790
050,16,055,"Idaho","Kootenai County",2,21,1711,887,824
050,16,055,"Idaho","Kootenai County",2,22,1762,899,863
050,16,055,"Idaho","Kootenai County",2,23,1864,962,902
050,16,055,"Idaho","Kootenai County",2,24,1912,987,925
050,16,055,"Idaho","Kootenai County",2,25,1974,1023,951
050,16,055,"Idaho","Kootenai County",2,26,2075,1080,995
050,16,055,"Idaho","Kootenai County",2,27,2143,1083,1060
050,16,055,"Idaho","Kootenai County",2,28,2228,1119,1109
050,16,055,"Idaho","Kootenai County",2,29,2299,1154,1145
050,16,055,"Idaho","Kootenai County",2,30,2385,1170,1215
050,16,055,"Idaho","Kootenai County",2,31,2292,1124,1168
050,16,055,"Idaho","Kootenai County",2,32,2185,1057,1128
050,16,055,"Idaho","Kootenai County",2,33,2174,1085,1089
050,16,055,"Idaho","Kootenai County",2,34,2243,1119,1124
050,16,055,"Idaho","Kootenai County",2,35,2266,1123,1143
050,16,055,"Idaho","Kootenai County",2,36,2228,1102,1126
050,16,055,"Idaho","Kootenai County",2,37,2261,1141,1120
050,16,055,"Idaho","Kootenai County",2,38,2234,1126,1108
050,16,055,"Idaho","Kootenai County",2,39,2186,1104,1082
050,16,055,"Idaho","Kootenai County",2,40,2168,1099,1069
050,16,055,"Idaho","Kootenai County",2,41,2164,1096,1068
050,16,055,"Idaho","Kootenai County",2,42,2187,1084,1103
050,16,055,"Idaho","Kootenai County",2,43,2069,1036,1033
050,16,055,"Idaho","Kootenai County",2,44,1946,982,964
050,16,055,"Idaho","Kootenai County",2,45,2047,1035,1012
050,16,055,"Idaho","Kootenai County",2,46,1937,984,953
050,16,055,"Idaho","Kootenai County",2,47,1871,949,922
050,16,055,"Idaho","Kootenai County",2,48,1991,1021,970
050,16,055,"Idaho","Kootenai County",2,49,2142,1093,1049
050,16,055,"Idaho","Kootenai County",2,50,2162,1100,1062
050,16,055,"Idaho","Kootenai County",2,51,2105,1050,1055
050,16,055,"Idaho","Kootenai County",2,52,2037,1004,1033
050,16,055,"Idaho","Kootenai County",2,53,2064,1049,1015
050,16,055,"Idaho","Kootenai County",2,54,2069,1006,1063
050,16,055,"Idaho","Kootenai County",2,55,2168,1034,1134
050,16,055,"Idaho","Kootenai County",2,56,2262,1077,1185
050,16,055,"Idaho","Kootenai County",2,57,2266,1080,1186
050,16,055,"Idaho","Kootenai County",2,58,2383,1153,1230
050,16,055,"Idaho","Kootenai County",2,59,2456,1220,1236
050,16,055,"Idaho","Kootenai County",2,60,2378,1198,1180
050,16,055,"Idaho","Kootenai County",2,61,2372,1154,1218
050,16,055,"Idaho","Kootenai County",2,62,2419,1153,1266
050,16,055,"Idaho","Kootenai County",2,63,2474,1164,1310
050,16,055,"Idaho","Kootenai County",2,64,2356,1132,1224
050,16,055,"Idaho","Kootenai County",2,65,2329,1118,1211
050,16,055,"Idaho","Kootenai County",2,66,2323,1081,1242
050,16,055,"Idaho","Kootenai County",2,67,2284,1080,1204
050,16,055,"Idaho","Kootenai County",2,68,2217,1071,1146
050,16,055,"Idaho","Kootenai County",2,69,2133,1013,1120
050,16,055,"Idaho","Kootenai County",2,70,2005,949,1056
050,16,055,"Idaho","Kootenai County",2,71,1969,944,1025
050,16,055,"Idaho","Kootenai County",2,72,1943,926,1017
050,16,055,"Idaho","Kootenai County",2,73,2122,1027,1095
050,16,055,"Idaho","Kootenai County",2,74,1436,699,737
050,16,055,"Idaho","Kootenai County",2,75,1344,649,695
050,16,055,"Idaho","Kootenai County",2,76,1302,616,686
050,16,055,"Idaho","Kootenai County",2,77,1335,629,706
050,16,055,"Idaho","Kootenai County",2,78,1114,531,583
050,16,055,"Idaho","Kootenai County",2,79,966,449,517
050,16,055,"Idaho","Kootenai County",2,80,904,425,479
050,16,055,"Idaho","Kootenai County",2,81,832,403,429
050,16,055,"Idaho","Kootenai County",2,82,756,370,386
050,16,055,"Idaho","Kootenai County",2,83,620,301,319
050,16,055,"Idaho","Kootenai County",2,84,540,246,294
050,16,055,"Idaho","Kootenai County",2,85,2984,1115,1869
050,16,055,"Idaho","Kootenai County",3,0,1818,939,879
050,16,055,"Idaho","Kootenai County",3,1,1938,1013,925
050,16,055,"Idaho","Kootenai County",3,2,2006,1060,946
050,16,055,"Idaho","Kootenai County",3,3,2104,1105,999
050,16,055,"Idaho","Kootenai County",3,4,2146,1140,1006
050,16,055,"Idaho","Kootenai County",3,5,2313,1179,1134
050,16,055,"Idaho","Kootenai County",3,6,2343,1187,1156
050,16,055,"Idaho","Kootenai County",3,7,2313,1179,1134
050,16,055,"Idaho","Kootenai County",3,8,2268,1160,1108
050,16,055,"Idaho","Kootenai County",3,9,2246,1179,1067
050,16,055,"Idaho","Kootenai County",3,10,2312,1196,1116
050,16,055,"Idaho","Kootenai County",3,11,2326,1170,1156
050,16,055,"Idaho","Kootenai County",3,12,2414,1254,1160
050,16,055,"Idaho","Kootenai County",3,13,2471,1248,1223
050,16,055,"Idaho","Kootenai County",3,14,2490,1310,1180
050,16,055,"Idaho","Kootenai County",3,15,2373,1256,1117
050,16,055,"Idaho","Kootenai County",3,16,2322,1217,1105
050,16,055,"Idaho","Kootenai County",3,17,2435,1250,1185
050,16,055,"Idaho","Kootenai County",3,18,2012,1060,952
050,16,055,"Idaho","Kootenai County",3,19,1626,866,760
050,16,055,"Idaho","Kootenai County",3,20,1753,928,825
050,16,055,"Idaho","Kootenai County",3,21,1813,949,864
050,16,055,"Idaho","Kootenai County",3,22,1893,943,950
050,16,055,"Idaho","Kootenai County",3,23,1957,1009,948
050,16,055,"Idaho","Kootenai County",3,24,1967,1033,934
050,16,055,"Idaho","Kootenai County",3,25,2012,1025,987
050,16,055,"Idaho","Kootenai County",3,26,2090,1092,998
050,16,055,"Idaho","Kootenai County",3,27,2200,1129,1071
050,16,055,"Idaho","Kootenai County",3,28,2281,1161,1120
050,16,055,"Idaho","Kootenai County",3,29,2381,1230,1151
050,16,055,"Idaho","Kootenai County",3,30,2453,1235,1218
050,16,055,"Idaho","Kootenai County",3,31,2505,1236,1269
050,16,055,"Idaho","Kootenai County",3,32,2425,1191,1234
050,16,055,"Idaho","Kootenai County",3,33,2293,1109,1184
050,16,055,"Idaho","Kootenai County",3,34,2354,1192,1162
050,16,055,"Idaho","Kootenai County",3,35,2410,1186,1224
050,16,055,"Idaho","Kootenai County",3,36,2372,1147,1225
050,16,055,"Idaho","Kootenai County",3,37,2347,1163,1184
050,16,055,"Idaho","Kootenai County",3,38,2400,1210,1190
050,16,055,"Idaho","Kootenai County",3,39,2371,1185,1186
050,16,055,"Idaho","Kootenai County",3,40,2345,1175,1170
050,16,055,"Idaho","Kootenai County",3,41,2275,1170,1105
050,16,055,"Idaho","Kootenai County",3,42,2230,1126,1104
050,16,055,"Idaho","Kootenai County",3,43,2288,1148,1140
050,16,055,"Idaho","Kootenai County",3,44,2139,1073,1066
050,16,055,"Idaho","Kootenai County",3,45,2022,1019,1003
050,16,055,"Idaho","Kootenai County",3,46,2116,1086,1030
050,16,055,"Idaho","Kootenai County",3,47,1976,1016,960
050,16,055,"Idaho","Kootenai County",3,48,1965,1002,963
050,16,055,"Idaho","Kootenai County",3,49,2045,1023,1022
050,16,055,"Idaho","Kootenai County",3,50,2238,1153,1085
050,16,055,"Idaho","Kootenai County",3,51,2253,1159,1094
050,16,055,"Idaho","Kootenai County",3,52,2181,1067,1114
050,16,055,"Idaho","Kootenai County",3,53,2121,1063,1058
050,16,055,"Idaho","Kootenai County",3,54,2128,1048,1080
050,16,055,"Idaho","Kootenai County",3,55,2152,1058,1094
050,16,055,"Idaho","Kootenai County",3,56,2259,1066,1193
050,16,055,"Idaho","Kootenai County",3,57,2308,1108,1200
050,16,055,"Idaho","Kootenai County",3,58,2347,1106,1241
050,16,055,"Idaho","Kootenai County",3,59,2479,1200,1279
050,16,055,"Idaho","Kootenai County",3,60,2492,1233,1259
050,16,055,"Idaho","Kootenai County",3,61,2462,1230,1232
050,16,055,"Idaho","Kootenai County",3,62,2477,1220,1257
050,16,055,"Idaho","Kootenai County",3,63,2499,1195,1304
050,16,055,"Idaho","Kootenai County",3,64,2559,1191,1368
050,16,055,"Idaho","Kootenai County",3,65,2406,1175,1231
050,16,055,"Idaho","Kootenai County",3,66,2354,1144,1210
050,16,055,"Idaho","Kootenai County",3,67,2363,1092,1271
050,16,055,"Idaho","Kootenai County",3,68,2317,1087,1230
050,16,055,"Idaho","Kootenai County",3,69,2249,1080,1169
050,16,055,"Idaho","Kootenai County",3,70,2170,1017,1153
050,16,055,"Idaho","Kootenai County",3,71,2021,949,1072
050,16,055,"Idaho","Kootenai County",3,72,1971,948,1023
050,16,055,"Idaho","Kootenai County",3,73,1923,909,1014
050,16,055,"Idaho","Kootenai County",3,74,2122,1021,1101
050,16,055,"Idaho","Kootenai County",3,75,1423,674,749
050,16,055,"Idaho","Kootenai County",3,76,1329,652,677
050,16,055,"Idaho","Kootenai County",3,77,1264,594,670
050,16,055,"Idaho","Kootenai County",3,78,1286,607,679
050,16,055,"Idaho","Kootenai County",3,79,1081,510,571
050,16,055,"Idaho","Kootenai County",3,80,934,434,500
050,16,055,"Idaho","Kootenai County",3,81,859,400,459
050,16,055,"Idaho","Kootenai County",3,82,819,387,432
050,16,055,"Idaho","Kootenai County",3,83,698,331,367
050,16,055,"Idaho","Kootenai County",3,84,590,281,309
050,16,055,"Idaho","Kootenai County",3,85,2970,1112,1858
050,16,055,"Idaho","Kootenai County",4,0,1887,957,930
050,16,055,"Idaho","Kootenai County",4,1,1858,940,918
050,16,055,"Idaho","Kootenai County",4,2,1956,1018,938
050,16,055,"Idaho","Kootenai County",4,3,2072,1099,973
050,16,055,"Idaho","Kootenai County",4,4,2148,1143,1005
050,16,055,"Idaho","Kootenai County",4,5,2245,1166,1079
050,16,055,"Idaho","Kootenai County",4,6,2385,1205,1180
050,16,055,"Idaho","Kootenai County",4,7,2367,1222,1145
050,16,055,"Idaho","Kootenai County",4,8,2368,1213,1155
050,16,055,"Idaho","Kootenai County",4,9,2377,1224,1153
050,16,055,"Idaho","Kootenai County",4,10,2309,1209,1100
050,16,055,"Idaho","Kootenai County",4,11,2317,1190,1127
050,16,055,"Idaho","Kootenai County",4,12,2411,1228,1183
050,16,055,"Idaho","Kootenai County",4,13,2469,1269,1200
050,16,055,"Idaho","Kootenai County",4,14,2509,1266,1243
050,16,055,"Idaho","Kootenai County",4,15,2542,1332,1210
050,16,055,"Idaho","Kootenai County",4,16,2416,1286,1130
050,16,055,"Idaho","Kootenai County",4,17,2369,1237,1132
050,16,055,"Idaho","Kootenai County",4,18,2058,1085,973
050,16,055,"Idaho","Kootenai County",4,19,1569,838,731
050,16,055,"Idaho","Kootenai County",4,20,1757,929,828
050,16,055,"Idaho","Kootenai County",4,21,1852,986,866
050,16,055,"Idaho","Kootenai County",4,22,1899,987,912
050,16,055,"Idaho","Kootenai County",4,23,2016,1022,994
050,16,055,"Idaho","Kootenai County",4,24,2031,1070,961
050,16,055,"Idaho","Kootenai County",4,25,1999,1075,924
050,16,055,"Idaho","Kootenai County",4,26,2057,1055,1002
050,16,055,"Idaho","Kootenai County",4,27,2161,1134,1027
050,16,055,"Idaho","Kootenai County",4,28,2249,1152,1097
050,16,055,"Idaho","Kootenai County",4,29,2346,1200,1146
050,16,055,"Idaho","Kootenai County",4,30,2432,1251,1181
050,16,055,"Idaho","Kootenai County",4,31,2459,1236,1223
050,16,055,"Idaho","Kootenai County",4,32,2532,1235,1297
050,16,055,"Idaho","Kootenai County",4,33,2499,1252,1247
050,16,055,"Idaho","Kootenai County",4,34,2338,1150,1188
050,16,055,"Idaho","Kootenai County",4,35,2433,1233,1200
050,16,055,"Idaho","Kootenai County",4,36,2510,1249,1261
050,16,055,"Idaho","Kootenai County",4,37,2428,1162,1266
050,16,055,"Idaho","Kootenai County",4,38,2389,1185,1204
050,16,055,"Idaho","Kootenai County",4,39,2464,1250,1214
050,16,055,"Idaho","Kootenai County",4,40,2461,1239,1222
050,16,055,"Idaho","Kootenai County",4,41,2379,1179,1200
050,16,055,"Idaho","Kootenai County",4,42,2334,1193,1141
050,16,055,"Idaho","Kootenai County",4,43,2303,1165,1138
050,16,055,"Idaho","Kootenai County",4,44,2336,1163,1173
050,16,055,"Idaho","Kootenai County",4,45,2216,1121,1095
050,16,055,"Idaho","Kootenai County",4,46,2072,1056,1016
050,16,055,"Idaho","Kootenai County",4,47,2148,1079,1069
050,16,055,"Idaho","Kootenai County",4,48,2041,1052,989
050,16,055,"Idaho","Kootenai County",4,49,2021,1004,1017
050,16,055,"Idaho","Kootenai County",4,50,2119,1074,1045
050,16,055,"Idaho","Kootenai County",4,51,2242,1175,1067
050,16,055,"Idaho","Kootenai County",4,52,2284,1161,1123
050,16,055,"Idaho","Kootenai County",4,53,2207,1103,1104
050,16,055,"Idaho","Kootenai County",4,54,2195,1077,1118
050,16,055,"Idaho","Kootenai County",4,55,2168,1073,1095
050,16,055,"Idaho","Kootenai County",4,56,2182,1074,1108
050,16,055,"Idaho","Kootenai County",4,57,2295,1089,1206
050,16,055,"Idaho","Kootenai County",4,58,2359,1122,1237
050,16,055,"Idaho","Kootenai County",4,59,2404,1126,1278
050,16,055,"Idaho","Kootenai County",4,60,2498,1198,1300
050,16,055,"Idaho","Kootenai County",4,61,2575,1284,1291
050,16,055,"Idaho","Kootenai County",4,62,2491,1278,1213
050,16,055,"Idaho","Kootenai County",4,63,2501,1215,1286
050,16,055,"Idaho","Kootenai County",4,64,2517,1202,1315
050,16,055,"Idaho","Kootenai County",4,65,2594,1222,1372
050,16,055,"Idaho","Kootenai County",4,66,2429,1174,1255
050,16,055,"Idaho","Kootenai County",4,67,2360,1146,1214
050,16,055,"Idaho","Kootenai County",4,68,2305,1069,1236
050,16,055,"Idaho","Kootenai County",4,69,2303,1089,1214
050,16,055,"Idaho","Kootenai County",4,70,2225,1057,1168
050,16,055,"Idaho","Kootenai County",4,71,2135,999,1136
050,16,055,"Idaho","Kootenai County",4,72,1993,934,1059
050,16,055,"Idaho","Kootenai County",4,73,1948,925,1023
050,16,055,"Idaho","Kootenai County",4,74,1882,881,1001
050,16,055,"Idaho","Kootenai County",4,75,2042,979,1063
050,16,055,"Idaho","Kootenai County",4,76,1401,663,738
050,16,055,"Idaho","Kootenai County",4,77,1298,633,665
050,16,055,"Idaho","Kootenai County",4,78,1238,596,642
050,16,055,"Idaho","Kootenai County",4,79,1209,564,645
050,16,055,"Idaho","Kootenai County",4,80,1044,486,558
050,16,055,"Idaho","Kootenai County",4,81,857,391,466
050,16,055,"Idaho","Kootenai County",4,82,839,379,460
050,16,055,"Idaho","Kootenai County",4,83,738,337,401
050,16,055,"Idaho","Kootenai County",4,84,629,284,345
050,16,055,"Idaho","Kootenai County",4,85,2990,1141,1849
050,16,055,"Idaho","Kootenai County",5,0,1876,954,922
050,16,055,"Idaho","Kootenai County",5,1,1939,980,959
050,16,055,"Idaho","Kootenai County",5,2,1892,957,935
050,16,055,"Idaho","Kootenai County",5,3,2006,1050,956
050,16,055,"Idaho","Kootenai County",5,4,2087,1090,997
050,16,055,"Idaho","Kootenai County",5,5,2192,1155,1037
050,16,055,"Idaho","Kootenai County",5,6,2294,1193,1101
050,16,055,"Idaho","Kootenai County",5,7,2415,1230,1185
050,16,055,"Idaho","Kootenai County",5,8,2424,1244,1180
050,16,055,"Idaho","Kootenai County",5,9,2370,1221,1149
050,16,055,"Idaho","Kootenai County",5,10,2409,1234,1175
050,16,055,"Idaho","Kootenai County",5,11,2333,1214,1119
050,16,055,"Idaho","Kootenai County",5,12,2358,1213,1145
050,16,055,"Idaho","Kootenai County",5,13,2415,1229,1186
050,16,055,"Idaho","Kootenai County",5,14,2490,1266,1224
050,16,055,"Idaho","Kootenai County",5,15,2507,1273,1234
050,16,055,"Idaho","Kootenai County",5,16,2540,1337,1203
050,16,055,"Idaho","Kootenai County",5,17,2406,1277,1129
050,16,055,"Idaho","Kootenai County",5,18,2008,1076,932
050,16,055,"Idaho","Kootenai County",5,19,1638,864,774
050,16,055,"Idaho","Kootenai County",5,20,1729,913,816
050,16,055,"Idaho","Kootenai County",5,21,1826,960,866
050,16,055,"Idaho","Kootenai County",5,22,1910,1006,904
050,16,055,"Idaho","Kootenai County",5,23,2025,1080,945
050,16,055,"Idaho","Kootenai County",5,24,2087,1093,994
050,16,055,"Idaho","Kootenai County",5,25,2071,1092,979
050,16,055,"Idaho","Kootenai County",5,26,2057,1084,973
050,16,055,"Idaho","Kootenai County",5,27,2053,1050,1003
050,16,055,"Idaho","Kootenai County",5,28,2145,1123,1022
050,16,055,"Idaho","Kootenai County",5,29,2258,1154,1104
050,16,055,"Idaho","Kootenai County",5,30,2383,1213,1170
050,16,055,"Idaho","Kootenai County",5,31,2452,1237,1215
050,16,055,"Idaho","Kootenai County",5,32,2482,1247,1235
050,16,055,"Idaho","Kootenai County",5,33,2575,1278,1297
050,16,055,"Idaho","Kootenai County",5,34,2542,1274,1268
050,16,055,"Idaho","Kootenai County",5,35,2415,1177,1238
050,16,055,"Idaho","Kootenai County",5,36,2467,1262,1205
050,16,055,"Idaho","Kootenai County",5,37,2554,1270,1284
050,16,055,"Idaho","Kootenai County",5,38,2462,1182,1280
050,16,055,"Idaho","Kootenai County",5,39,2436,1199,1237
050,16,055,"Idaho","Kootenai County",5,40,2488,1274,1214
050,16,055,"Idaho","Kootenai County",5,41,2484,1237,1247
050,16,055,"Idaho","Kootenai County",5,42,2407,1194,1213
050,16,055,"Idaho","Kootenai County",5,43,2347,1225,1122
050,16,055,"Idaho","Kootenai County",5,44,2324,1186,1138
050,16,055,"Idaho","Kootenai County",5,45,2351,1167,1184
050,16,055,"Idaho","Kootenai County",5,46,2212,1132,1080
050,16,055,"Idaho","Kootenai County",5,47,2092,1053,1039
050,16,055,"Idaho","Kootenai County",5,48,2187,1106,1081
050,16,055,"Idaho","Kootenai County",5,49,2047,1039,1008
050,16,055,"Idaho","Kootenai County",5,50,2061,1040,1021
050,16,055,"Idaho","Kootenai County",5,51,2116,1074,1042
050,16,055,"Idaho","Kootenai County",5,52,2267,1167,1100
050,16,055,"Idaho","Kootenai County",5,53,2277,1161,1116
050,16,055,"Idaho","Kootenai County",5,54,2205,1093,1112
050,16,055,"Idaho","Kootenai County",5,55,2225,1105,1120
050,16,055,"Idaho","Kootenai County",5,56,2177,1071,1106
050,16,055,"Idaho","Kootenai County",5,57,2197,1082,1115
050,16,055,"Idaho","Kootenai County",5,58,2324,1094,1230
050,16,055,"Idaho","Kootenai County",5,59,2379,1146,1233
050,16,055,"Idaho","Kootenai County",5,60,2404,1130,1274
050,16,055,"Idaho","Kootenai County",5,61,2540,1216,1324
050,16,055,"Idaho","Kootenai County",5,62,2592,1318,1274
050,16,055,"Idaho","Kootenai County",5,63,2497,1265,1232
050,16,055,"Idaho","Kootenai County",5,64,2499,1215,1284
050,16,055,"Idaho","Kootenai County",5,65,2526,1207,1319
050,16,055,"Idaho","Kootenai County",5,66,2596,1217,1379
050,16,055,"Idaho","Kootenai County",5,67,2440,1175,1265
050,16,055,"Idaho","Kootenai County",5,68,2349,1141,1208
050,16,055,"Idaho","Kootenai County",5,69,2277,1047,1230
050,16,055,"Idaho","Kootenai County",5,70,2287,1074,1213
050,16,055,"Idaho","Kootenai County",5,71,2212,1050,1162
050,16,055,"Idaho","Kootenai County",5,72,2117,986,1131
050,16,055,"Idaho","Kootenai County",5,73,1939,898,1041
050,16,055,"Idaho","Kootenai County",5,74,1911,910,1001
050,16,055,"Idaho","Kootenai County",5,75,1834,860,974
050,16,055,"Idaho","Kootenai County",5,76,2008,956,1052
050,16,055,"Idaho","Kootenai County",5,77,1354,633,721
050,16,055,"Idaho","Kootenai County",5,78,1254,617,637
050,16,055,"Idaho","Kootenai County",5,79,1160,549,611
050,16,055,"Idaho","Kootenai County",5,80,1154,532,622
050,16,055,"Idaho","Kootenai County",5,81,972,433,539
050,16,055,"Idaho","Kootenai County",5,82,840,381,459
050,16,055,"Idaho","Kootenai County",5,83,769,339,430
050,16,055,"Idaho","Kootenai County",5,84,683,301,382
050,16,055,"Idaho","Kootenai County",5,85,3101,1222,1879
050,16,057,"Idaho","Latah County",1,0,387,199,188
050,16,057,"Idaho","Latah County",1,1,399,217,182
050,16,057,"Idaho","Latah County",1,2,393,202,191
050,16,057,"Idaho","Latah County",1,3,440,207,233
050,16,057,"Idaho","Latah County",1,4,406,195,211
050,16,057,"Idaho","Latah County",1,5,420,212,208
050,16,057,"Idaho","Latah County",1,6,392,186,206
050,16,057,"Idaho","Latah County",1,7,409,201,208
050,16,057,"Idaho","Latah County",1,8,392,192,200
050,16,057,"Idaho","Latah County",1,9,407,209,198
050,16,057,"Idaho","Latah County",1,10,434,226,208
050,16,057,"Idaho","Latah County",1,11,429,230,199
050,16,057,"Idaho","Latah County",1,12,434,222,212
050,16,057,"Idaho","Latah County",1,13,429,223,206
050,16,057,"Idaho","Latah County",1,14,405,200,205
050,16,057,"Idaho","Latah County",1,15,384,194,190
050,16,057,"Idaho","Latah County",1,16,381,195,186
050,16,057,"Idaho","Latah County",1,17,411,202,209
050,16,057,"Idaho","Latah County",1,18,874,423,451
050,16,057,"Idaho","Latah County",1,19,1525,789,736
050,16,057,"Idaho","Latah County",1,20,1446,729,717
050,16,057,"Idaho","Latah County",1,21,1509,720,789
050,16,057,"Idaho","Latah County",1,22,1492,829,663
050,16,057,"Idaho","Latah County",1,23,1073,614,459
050,16,057,"Idaho","Latah County",1,24,994,596,398
050,16,057,"Idaho","Latah County",1,25,790,452,338
050,16,057,"Idaho","Latah County",1,26,651,351,300
050,16,057,"Idaho","Latah County",1,27,614,338,276
050,16,057,"Idaho","Latah County",1,28,605,301,304
050,16,057,"Idaho","Latah County",1,29,593,310,283
050,16,057,"Idaho","Latah County",1,30,564,301,263
050,16,057,"Idaho","Latah County",1,31,515,263,252
050,16,057,"Idaho","Latah County",1,32,475,233,242
050,16,057,"Idaho","Latah County",1,33,463,236,227
050,16,057,"Idaho","Latah County",1,34,443,232,211
050,16,057,"Idaho","Latah County",1,35,459,229,230
050,16,057,"Idaho","Latah County",1,36,479,240,239
050,16,057,"Idaho","Latah County",1,37,474,240,234
050,16,057,"Idaho","Latah County",1,38,428,216,212
050,16,057,"Idaho","Latah County",1,39,461,233,228
050,16,057,"Idaho","Latah County",1,40,417,219,198
050,16,057,"Idaho","Latah County",1,41,407,206,201
050,16,057,"Idaho","Latah County",1,42,393,206,187
050,16,057,"Idaho","Latah County",1,43,397,209,188
050,16,057,"Idaho","Latah County",1,44,380,186,194
050,16,057,"Idaho","Latah County",1,45,345,171,174
050,16,057,"Idaho","Latah County",1,46,323,173,150
050,16,057,"Idaho","Latah County",1,47,366,193,173
050,16,057,"Idaho","Latah County",1,48,404,208,196
050,16,057,"Idaho","Latah County",1,49,407,199,208
050,16,057,"Idaho","Latah County",1,50,374,183,191
050,16,057,"Idaho","Latah County",1,51,353,178,175
050,16,057,"Idaho","Latah County",1,52,346,178,168
050,16,057,"Idaho","Latah County",1,53,338,172,166
050,16,057,"Idaho","Latah County",1,54,351,183,168
050,16,057,"Idaho","Latah County",1,55,382,201,181
050,16,057,"Idaho","Latah County",1,56,393,203,190
050,16,057,"Idaho","Latah County",1,57,417,203,214
050,16,057,"Idaho","Latah County",1,58,445,203,242
050,16,057,"Idaho","Latah County",1,59,403,196,207
050,16,057,"Idaho","Latah County",1,60,375,186,189
050,16,057,"Idaho","Latah County",1,61,422,208,214
050,16,057,"Idaho","Latah County",1,62,392,180,212
050,16,057,"Idaho","Latah County",1,63,408,195,213
050,16,057,"Idaho","Latah County",1,64,404,210,194
050,16,057,"Idaho","Latah County",1,65,414,215,199
050,16,057,"Idaho","Latah County",1,66,417,202,215
050,16,057,"Idaho","Latah County",1,67,419,202,217
050,16,057,"Idaho","Latah County",1,68,371,183,188
050,16,057,"Idaho","Latah County",1,69,360,186,174
050,16,057,"Idaho","Latah County",1,70,331,175,156
050,16,057,"Idaho","Latah County",1,71,327,172,155
050,16,057,"Idaho","Latah County",1,72,319,159,160
050,16,057,"Idaho","Latah County",1,73,299,154,145
050,16,057,"Idaho","Latah County",1,74,200,101,99
050,16,057,"Idaho","Latah County",1,75,219,113,106
050,16,057,"Idaho","Latah County",1,76,228,108,120
050,16,057,"Idaho","Latah County",1,77,210,101,109
050,16,057,"Idaho","Latah County",1,78,167,83,84
050,16,057,"Idaho","Latah County",1,79,148,67,81
050,16,057,"Idaho","Latah County",1,80,144,63,81
050,16,057,"Idaho","Latah County",1,81,113,57,56
050,16,057,"Idaho","Latah County",1,82,104,55,49
050,16,057,"Idaho","Latah County",1,83,115,58,57
050,16,057,"Idaho","Latah County",1,84,93,47,46
050,16,057,"Idaho","Latah County",1,85,604,223,381
050,16,057,"Idaho","Latah County",2,0,402,204,198
050,16,057,"Idaho","Latah County",2,1,393,211,182
050,16,057,"Idaho","Latah County",2,2,396,207,189
050,16,057,"Idaho","Latah County",2,3,425,205,220
050,16,057,"Idaho","Latah County",2,4,416,197,219
050,16,057,"Idaho","Latah County",2,5,417,210,207
050,16,057,"Idaho","Latah County",2,6,402,194,208
050,16,057,"Idaho","Latah County",2,7,406,197,209
050,16,057,"Idaho","Latah County",2,8,396,194,202
050,16,057,"Idaho","Latah County",2,9,403,204,199
050,16,057,"Idaho","Latah County",2,10,430,223,207
050,16,057,"Idaho","Latah County",2,11,430,229,201
050,16,057,"Idaho","Latah County",2,12,435,225,210
050,16,057,"Idaho","Latah County",2,13,432,223,209
050,16,057,"Idaho","Latah County",2,14,412,206,206
050,16,057,"Idaho","Latah County",2,15,387,196,191
050,16,057,"Idaho","Latah County",2,16,384,195,189
050,16,057,"Idaho","Latah County",2,17,406,201,205
050,16,057,"Idaho","Latah County",2,18,869,418,451
050,16,057,"Idaho","Latah County",2,19,1529,792,737
050,16,057,"Idaho","Latah County",2,20,1464,737,727
050,16,057,"Idaho","Latah County",2,21,1483,708,775
050,16,057,"Idaho","Latah County",2,22,1475,820,655
050,16,057,"Idaho","Latah County",2,23,1083,620,463
050,16,057,"Idaho","Latah County",2,24,987,586,401
050,16,057,"Idaho","Latah County",2,25,797,459,338
050,16,057,"Idaho","Latah County",2,26,657,354,303
050,16,057,"Idaho","Latah County",2,27,605,328,277
050,16,057,"Idaho","Latah County",2,28,607,309,298
050,16,057,"Idaho","Latah County",2,29,594,309,285
050,16,057,"Idaho","Latah County",2,30,575,309,266
050,16,057,"Idaho","Latah County",2,31,524,271,253
050,16,057,"Idaho","Latah County",2,32,488,243,245
050,16,057,"Idaho","Latah County",2,33,469,238,231
050,16,057,"Idaho","Latah County",2,34,450,233,217
050,16,057,"Idaho","Latah County",2,35,459,232,227
050,16,057,"Idaho","Latah County",2,36,472,237,235
050,16,057,"Idaho","Latah County",2,37,473,240,233
050,16,057,"Idaho","Latah County",2,38,443,224,219
050,16,057,"Idaho","Latah County",2,39,451,227,224
050,16,057,"Idaho","Latah County",2,40,430,223,207
050,16,057,"Idaho","Latah County",2,41,410,209,201
050,16,057,"Idaho","Latah County",2,42,393,205,188
050,16,057,"Idaho","Latah County",2,43,401,210,191
050,16,057,"Idaho","Latah County",2,44,382,190,192
050,16,057,"Idaho","Latah County",2,45,352,173,179
050,16,057,"Idaho","Latah County",2,46,328,172,156
050,16,057,"Idaho","Latah County",2,47,352,185,167
050,16,057,"Idaho","Latah County",2,48,394,204,190
050,16,057,"Idaho","Latah County",2,49,409,205,204
050,16,057,"Idaho","Latah County",2,50,382,188,194
050,16,057,"Idaho","Latah County",2,51,360,179,181
050,16,057,"Idaho","Latah County",2,52,347,178,169
050,16,057,"Idaho","Latah County",2,53,344,176,168
050,16,057,"Idaho","Latah County",2,54,347,180,167
050,16,057,"Idaho","Latah County",2,55,378,199,179
050,16,057,"Idaho","Latah County",2,56,393,204,189
050,16,057,"Idaho","Latah County",2,57,412,203,209
050,16,057,"Idaho","Latah County",2,58,436,202,234
050,16,057,"Idaho","Latah County",2,59,416,200,216
050,16,057,"Idaho","Latah County",2,60,382,189,193
050,16,057,"Idaho","Latah County",2,61,409,202,207
050,16,057,"Idaho","Latah County",2,62,397,186,211
050,16,057,"Idaho","Latah County",2,63,408,194,214
050,16,057,"Idaho","Latah County",2,64,402,205,197
050,16,057,"Idaho","Latah County",2,65,412,214,198
050,16,057,"Idaho","Latah County",2,66,417,206,211
050,16,057,"Idaho","Latah County",2,67,418,201,217
050,16,057,"Idaho","Latah County",2,68,382,188,194
050,16,057,"Idaho","Latah County",2,69,368,188,180
050,16,057,"Idaho","Latah County",2,70,336,177,159
050,16,057,"Idaho","Latah County",2,71,324,169,155
050,16,057,"Idaho","Latah County",2,72,315,160,155
050,16,057,"Idaho","Latah County",2,73,318,162,156
050,16,057,"Idaho","Latah County",2,74,208,105,103
050,16,057,"Idaho","Latah County",2,75,215,110,105
050,16,057,"Idaho","Latah County",2,76,220,106,114
050,16,057,"Idaho","Latah County",2,77,215,102,113
050,16,057,"Idaho","Latah County",2,78,172,83,89
050,16,057,"Idaho","Latah County",2,79,151,70,81
050,16,057,"Idaho","Latah County",2,80,142,63,79
050,16,057,"Idaho","Latah County",2,81,119,58,61
050,16,057,"Idaho","Latah County",2,82,103,55,48
050,16,057,"Idaho","Latah County",2,83,112,56,56
050,16,057,"Idaho","Latah County",2,84,96,50,46
050,16,057,"Idaho","Latah County",2,85,605,224,381
050,16,057,"Idaho","Latah County",3,0,423,239,184
050,16,057,"Idaho","Latah County",3,1,384,192,192
050,16,057,"Idaho","Latah County",3,2,395,211,184
050,16,057,"Idaho","Latah County",3,3,408,219,189
050,16,057,"Idaho","Latah County",3,4,434,203,231
050,16,057,"Idaho","Latah County",3,5,426,207,219
050,16,057,"Idaho","Latah County",3,6,436,224,212
050,16,057,"Idaho","Latah County",3,7,419,199,220
050,16,057,"Idaho","Latah County",3,8,436,211,225
050,16,057,"Idaho","Latah County",3,9,416,205,211
050,16,057,"Idaho","Latah County",3,10,423,219,204
050,16,057,"Idaho","Latah County",3,11,447,227,220
050,16,057,"Idaho","Latah County",3,12,464,252,212
050,16,057,"Idaho","Latah County",3,13,450,233,217
050,16,057,"Idaho","Latah County",3,14,451,233,218
050,16,057,"Idaho","Latah County",3,15,425,213,212
050,16,057,"Idaho","Latah County",3,16,403,204,199
050,16,057,"Idaho","Latah County",3,17,406,204,202
050,16,057,"Idaho","Latah County",3,18,873,425,448
050,16,057,"Idaho","Latah County",3,19,1554,790,764
050,16,057,"Idaho","Latah County",3,20,1473,740,733
050,16,057,"Idaho","Latah County",3,21,1457,705,752
050,16,057,"Idaho","Latah County",3,22,1469,811,658
050,16,057,"Idaho","Latah County",3,23,1077,622,455
050,16,057,"Idaho","Latah County",3,24,989,570,419
050,16,057,"Idaho","Latah County",3,25,783,451,332
050,16,057,"Idaho","Latah County",3,26,652,347,305
050,16,057,"Idaho","Latah County",3,27,566,291,275
050,16,057,"Idaho","Latah County",3,28,590,317,273
050,16,057,"Idaho","Latah County",3,29,590,308,282
050,16,057,"Idaho","Latah County",3,30,590,308,282
050,16,057,"Idaho","Latah County",3,31,585,306,279
050,16,057,"Idaho","Latah County",3,32,512,264,248
050,16,057,"Idaho","Latah County",3,33,480,240,240
050,16,057,"Idaho","Latah County",3,34,465,233,232
050,16,057,"Idaho","Latah County",3,35,442,230,212
050,16,057,"Idaho","Latah County",3,36,444,224,220
050,16,057,"Idaho","Latah County",3,37,473,236,237
050,16,057,"Idaho","Latah County",3,38,471,233,238
050,16,057,"Idaho","Latah County",3,39,469,235,234
050,16,057,"Idaho","Latah County",3,40,462,233,229
050,16,057,"Idaho","Latah County",3,41,432,223,209
050,16,057,"Idaho","Latah County",3,42,423,221,202
050,16,057,"Idaho","Latah County",3,43,415,217,198
050,16,057,"Idaho","Latah County",3,44,405,213,192
050,16,057,"Idaho","Latah County",3,45,386,187,199
050,16,057,"Idaho","Latah County",3,46,363,183,180
050,16,057,"Idaho","Latah County",3,47,343,179,164
050,16,057,"Idaho","Latah County",3,48,367,198,169
050,16,057,"Idaho","Latah County",3,49,392,205,187
050,16,057,"Idaho","Latah County",3,50,406,201,205
050,16,057,"Idaho","Latah County",3,51,381,190,191
050,16,057,"Idaho","Latah County",3,52,364,184,180
050,16,057,"Idaho","Latah County",3,53,360,188,172
050,16,057,"Idaho","Latah County",3,54,349,178,171
050,16,057,"Idaho","Latah County",3,55,359,192,167
050,16,057,"Idaho","Latah County",3,56,388,198,190
050,16,057,"Idaho","Latah County",3,57,396,205,191
050,16,057,"Idaho","Latah County",3,58,418,210,208
050,16,057,"Idaho","Latah County",3,59,439,204,235
050,16,057,"Idaho","Latah County",3,60,419,201,218
050,16,057,"Idaho","Latah County",3,61,383,186,197
050,16,057,"Idaho","Latah County",3,62,405,199,206
050,16,057,"Idaho","Latah County",3,63,397,185,212
050,16,057,"Idaho","Latah County",3,64,417,198,219
050,16,057,"Idaho","Latah County",3,65,401,207,194
050,16,057,"Idaho","Latah County",3,66,408,215,193
050,16,057,"Idaho","Latah County",3,67,415,202,213
050,16,057,"Idaho","Latah County",3,68,413,194,219
050,16,057,"Idaho","Latah County",3,69,376,183,193
050,16,057,"Idaho","Latah County",3,70,361,185,176
050,16,057,"Idaho","Latah County",3,71,332,173,159
050,16,057,"Idaho","Latah County",3,72,317,167,150
050,16,057,"Idaho","Latah County",3,73,309,154,155
050,16,057,"Idaho","Latah County",3,74,315,158,157
050,16,057,"Idaho","Latah County",3,75,212,113,99
050,16,057,"Idaho","Latah County",3,76,207,106,101
050,16,057,"Idaho","Latah County",3,77,212,102,110
050,16,057,"Idaho","Latah County",3,78,209,96,113
050,16,057,"Idaho","Latah County",3,79,160,80,80
050,16,057,"Idaho","Latah County",3,80,151,70,81
050,16,057,"Idaho","Latah County",3,81,143,61,82
050,16,057,"Idaho","Latah County",3,82,120,56,64
050,16,057,"Idaho","Latah County",3,83,98,51,47
050,16,057,"Idaho","Latah County",3,84,96,51,45
050,16,057,"Idaho","Latah County",3,85,626,245,381
050,16,057,"Idaho","Latah County",4,0,439,237,202
050,16,057,"Idaho","Latah County",4,1,447,258,189
050,16,057,"Idaho","Latah County",4,2,403,205,198
050,16,057,"Idaho","Latah County",4,3,417,214,203
050,16,057,"Idaho","Latah County",4,4,403,213,190
050,16,057,"Idaho","Latah County",4,5,437,207,230
050,16,057,"Idaho","Latah County",4,6,451,225,226
050,16,057,"Idaho","Latah County",4,7,442,219,223
050,16,057,"Idaho","Latah County",4,8,439,206,233
050,16,057,"Idaho","Latah County",4,9,450,219,231
050,16,057,"Idaho","Latah County",4,10,417,196,221
050,16,057,"Idaho","Latah County",4,11,431,219,212
050,16,057,"Idaho","Latah County",4,12,468,231,237
050,16,057,"Idaho","Latah County",4,13,470,256,214
050,16,057,"Idaho","Latah County",4,14,456,232,224
050,16,057,"Idaho","Latah County",4,15,450,235,215
050,16,057,"Idaho","Latah County",4,16,441,231,210
050,16,057,"Idaho","Latah County",4,17,416,219,197
050,16,057,"Idaho","Latah County",4,18,877,433,444
050,16,057,"Idaho","Latah County",4,19,1536,807,729
050,16,057,"Idaho","Latah County",4,20,1482,727,755
050,16,057,"Idaho","Latah County",4,21,1463,695,768
050,16,057,"Idaho","Latah County",4,22,1450,816,634
050,16,057,"Idaho","Latah County",4,23,1065,607,458
050,16,057,"Idaho","Latah County",4,24,973,555,418
050,16,057,"Idaho","Latah County",4,25,784,445,339
050,16,057,"Idaho","Latah County",4,26,619,333,286
050,16,057,"Idaho","Latah County",4,27,593,317,276
050,16,057,"Idaho","Latah County",4,28,560,282,278
050,16,057,"Idaho","Latah County",4,29,573,297,276
050,16,057,"Idaho","Latah County",4,30,587,305,282
050,16,057,"Idaho","Latah County",4,31,587,301,286
050,16,057,"Idaho","Latah County",4,32,547,285,262
050,16,057,"Idaho","Latah County",4,33,523,282,241
050,16,057,"Idaho","Latah County",4,34,494,249,245
050,16,057,"Idaho","Latah County",4,35,463,231,232
050,16,057,"Idaho","Latah County",4,36,433,218,215
050,16,057,"Idaho","Latah County",4,37,449,228,221
050,16,057,"Idaho","Latah County",4,38,465,238,227
050,16,057,"Idaho","Latah County",4,39,458,225,233
050,16,057,"Idaho","Latah County",4,40,467,227,240
050,16,057,"Idaho","Latah County",4,41,450,225,225
050,16,057,"Idaho","Latah County",4,42,431,220,211
050,16,057,"Idaho","Latah County",4,43,441,221,220
050,16,057,"Idaho","Latah County",4,44,417,208,209
050,16,057,"Idaho","Latah County",4,45,404,219,185
050,16,057,"Idaho","Latah County",4,46,370,177,193
050,16,057,"Idaho","Latah County",4,47,367,186,181
050,16,057,"Idaho","Latah County",4,48,354,182,172
050,16,057,"Idaho","Latah County",4,49,366,196,170
050,16,057,"Idaho","Latah County",4,50,390,202,188
050,16,057,"Idaho","Latah County",4,51,390,193,197
050,16,057,"Idaho","Latah County",4,52,383,189,194
050,16,057,"Idaho","Latah County",4,53,371,195,176
050,16,057,"Idaho","Latah County",4,54,369,190,179
050,16,057,"Idaho","Latah County",4,55,361,189,172
050,16,057,"Idaho","Latah County",4,56,358,189,169
050,16,057,"Idaho","Latah County",4,57,394,199,195
050,16,057,"Idaho","Latah County",4,58,393,202,191
050,16,057,"Idaho","Latah County",4,59,417,204,213
050,16,057,"Idaho","Latah County",4,60,448,207,241
050,16,057,"Idaho","Latah County",4,61,426,207,219
050,16,057,"Idaho","Latah County",4,62,390,185,205
050,16,057,"Idaho","Latah County",4,63,416,200,216
050,16,057,"Idaho","Latah County",4,64,400,187,213
050,16,057,"Idaho","Latah County",4,65,413,195,218
050,16,057,"Idaho","Latah County",4,66,405,213,192
050,16,057,"Idaho","Latah County",4,67,410,211,199
050,16,057,"Idaho","Latah County",4,68,404,190,214
050,16,057,"Idaho","Latah County",4,69,411,195,216
050,16,057,"Idaho","Latah County",4,70,376,183,193
050,16,057,"Idaho","Latah County",4,71,361,183,178
050,16,057,"Idaho","Latah County",4,72,326,174,152
050,16,057,"Idaho","Latah County",4,73,312,160,152
050,16,057,"Idaho","Latah County",4,74,301,148,153
050,16,057,"Idaho","Latah County",4,75,309,156,153
050,16,057,"Idaho","Latah County",4,76,200,107,93
050,16,057,"Idaho","Latah County",4,77,198,100,98
050,16,057,"Idaho","Latah County",4,78,201,91,110
050,16,057,"Idaho","Latah County",4,79,203,91,112
050,16,057,"Idaho","Latah County",4,80,166,81,85
050,16,057,"Idaho","Latah County",4,81,144,67,77
050,16,057,"Idaho","Latah County",4,82,134,57,77
050,16,057,"Idaho","Latah County",4,83,103,46,57
050,16,057,"Idaho","Latah County",4,84,82,47,35
050,16,057,"Idaho","Latah County",4,85,634,264,370
050,16,057,"Idaho","Latah County",5,0,442,234,208
050,16,057,"Idaho","Latah County",5,1,443,233,210
050,16,057,"Idaho","Latah County",5,2,436,251,185
050,16,057,"Idaho","Latah County",5,3,409,198,211
050,16,057,"Idaho","Latah County",5,4,407,207,200
050,16,057,"Idaho","Latah County",5,5,391,204,187
050,16,057,"Idaho","Latah County",5,6,453,210,243
050,16,057,"Idaho","Latah County",5,7,469,232,237
050,16,057,"Idaho","Latah County",5,8,442,225,217
050,16,057,"Idaho","Latah County",5,9,452,216,236
050,16,057,"Idaho","Latah County",5,10,471,228,243
050,16,057,"Idaho","Latah County",5,11,438,213,225
050,16,057,"Idaho","Latah County",5,12,437,225,212
050,16,057,"Idaho","Latah County",5,13,467,234,233
050,16,057,"Idaho","Latah County",5,14,470,258,212
050,16,057,"Idaho","Latah County",5,15,459,229,230
050,16,057,"Idaho","Latah County",5,16,454,238,216
050,16,057,"Idaho","Latah County",5,17,481,267,214
050,16,057,"Idaho","Latah County",5,18,865,423,442
050,16,057,"Idaho","Latah County",5,19,1565,821,744
050,16,057,"Idaho","Latah County",5,20,1497,766,731
050,16,057,"Idaho","Latah County",5,21,1488,703,785
050,16,057,"Idaho","Latah County",5,22,1494,848,646
050,16,057,"Idaho","Latah County",5,23,1085,645,440
050,16,057,"Idaho","Latah County",5,24,941,531,410
050,16,057,"Idaho","Latah County",5,25,775,441,334
050,16,057,"Idaho","Latah County",5,26,659,349,310
050,16,057,"Idaho","Latah County",5,27,518,272,246
050,16,057,"Idaho","Latah County",5,28,597,330,267
050,16,057,"Idaho","Latah County",5,29,568,295,273
050,16,057,"Idaho","Latah County",5,30,545,285,260
050,16,057,"Idaho","Latah County",5,31,578,280,298
050,16,057,"Idaho","Latah County",5,32,522,275,247
050,16,057,"Idaho","Latah County",5,33,553,301,252
050,16,057,"Idaho","Latah County",5,34,500,262,238
050,16,057,"Idaho","Latah County",5,35,480,232,248
050,16,057,"Idaho","Latah County",5,36,469,238,231
050,16,057,"Idaho","Latah County",5,37,429,225,204
050,16,057,"Idaho","Latah County",5,38,452,232,220
050,16,057,"Idaho","Latah County",5,39,462,238,224
050,16,057,"Idaho","Latah County",5,40,462,222,240
050,16,057,"Idaho","Latah County",5,41,451,222,229
050,16,057,"Idaho","Latah County",5,42,454,229,225
050,16,057,"Idaho","Latah County",5,43,436,222,214
050,16,057,"Idaho","Latah County",5,44,439,222,217
050,16,057,"Idaho","Latah County",5,45,412,204,208
050,16,057,"Idaho","Latah County",5,46,405,220,185
050,16,057,"Idaho","Latah County",5,47,363,175,188
050,16,057,"Idaho","Latah County",5,48,365,187,178
050,16,057,"Idaho","Latah County",5,49,339,176,163
050,16,057,"Idaho","Latah County",5,50,372,198,174
050,16,057,"Idaho","Latah County",5,51,397,206,191
050,16,057,"Idaho","Latah County",5,52,386,185,201
050,16,057,"Idaho","Latah County",5,53,382,187,195
050,16,057,"Idaho","Latah County",5,54,364,193,171
050,16,057,"Idaho","Latah County",5,55,367,188,179
050,16,057,"Idaho","Latah County",5,56,361,185,176
050,16,057,"Idaho","Latah County",5,57,351,187,164
050,16,057,"Idaho","Latah County",5,58,388,193,195
050,16,057,"Idaho","Latah County",5,59,386,195,191
050,16,057,"Idaho","Latah County",5,60,420,210,210
050,16,057,"Idaho","Latah County",5,61,453,214,239
050,16,057,"Idaho","Latah County",5,62,428,208,220
050,16,057,"Idaho","Latah County",5,63,402,194,208
050,16,057,"Idaho","Latah County",5,64,407,196,211
050,16,057,"Idaho","Latah County",5,65,386,174,212
050,16,057,"Idaho","Latah County",5,66,415,199,216
050,16,057,"Idaho","Latah County",5,67,405,210,195
050,16,057,"Idaho","Latah County",5,68,400,208,192
050,16,057,"Idaho","Latah County",5,69,423,199,224
050,16,057,"Idaho","Latah County",5,70,407,186,221
050,16,057,"Idaho","Latah County",5,71,368,180,188
050,16,057,"Idaho","Latah County",5,72,350,180,170
050,16,057,"Idaho","Latah County",5,73,319,167,152
050,16,057,"Idaho","Latah County",5,74,301,158,143
050,16,057,"Idaho","Latah County",5,75,299,148,151
050,16,057,"Idaho","Latah County",5,76,289,148,141
050,16,057,"Idaho","Latah County",5,77,191,102,89
050,16,057,"Idaho","Latah County",5,78,189,91,98
050,16,057,"Idaho","Latah County",5,79,189,84,105
050,16,057,"Idaho","Latah County",5,80,199,88,111
050,16,057,"Idaho","Latah County",5,81,151,73,78
050,16,057,"Idaho","Latah County",5,82,139,64,75
050,16,057,"Idaho","Latah County",5,83,122,46,76
050,16,057,"Idaho","Latah County",5,84,85,43,42
050,16,057,"Idaho","Latah County",5,85,621,276,345
050,16,059,"Idaho","Lemhi County",1,0,73,37,36
050,16,059,"Idaho","Lemhi County",1,1,78,42,36
050,16,059,"Idaho","Lemhi County",1,2,70,41,29
050,16,059,"Idaho","Lemhi County",1,3,87,44,43
050,16,059,"Idaho","Lemhi County",1,4,85,43,42
050,16,059,"Idaho","Lemhi County",1,5,65,35,30
050,16,059,"Idaho","Lemhi County",1,6,72,40,32
050,16,059,"Idaho","Lemhi County",1,7,65,34,31
050,16,059,"Idaho","Lemhi County",1,8,79,38,41
050,16,059,"Idaho","Lemhi County",1,9,90,52,38
050,16,059,"Idaho","Lemhi County",1,10,91,50,41
050,16,059,"Idaho","Lemhi County",1,11,88,45,43
050,16,059,"Idaho","Lemhi County",1,12,93,42,51
050,16,059,"Idaho","Lemhi County",1,13,91,52,39
050,16,059,"Idaho","Lemhi County",1,14,97,52,45
050,16,059,"Idaho","Lemhi County",1,15,85,49,36
050,16,059,"Idaho","Lemhi County",1,16,83,46,37
050,16,059,"Idaho","Lemhi County",1,17,92,53,39
050,16,059,"Idaho","Lemhi County",1,18,81,46,35
050,16,059,"Idaho","Lemhi County",1,19,64,26,38
050,16,059,"Idaho","Lemhi County",1,20,61,29,32
050,16,059,"Idaho","Lemhi County",1,21,49,28,21
050,16,059,"Idaho","Lemhi County",1,22,48,26,22
050,16,059,"Idaho","Lemhi County",1,23,60,33,27
050,16,059,"Idaho","Lemhi County",1,24,58,24,34
050,16,059,"Idaho","Lemhi County",1,25,62,31,31
050,16,059,"Idaho","Lemhi County",1,26,74,40,34
050,16,059,"Idaho","Lemhi County",1,27,69,33,36
050,16,059,"Idaho","Lemhi County",1,28,62,31,31
050,16,059,"Idaho","Lemhi County",1,29,76,37,39
050,16,059,"Idaho","Lemhi County",1,30,67,28,39
050,16,059,"Idaho","Lemhi County",1,31,70,35,35
050,16,059,"Idaho","Lemhi County",1,32,69,33,36
050,16,059,"Idaho","Lemhi County",1,33,68,37,31
050,16,059,"Idaho","Lemhi County",1,34,80,41,39
050,16,059,"Idaho","Lemhi County",1,35,78,36,42
050,16,059,"Idaho","Lemhi County",1,36,89,36,53
050,16,059,"Idaho","Lemhi County",1,37,98,50,48
050,16,059,"Idaho","Lemhi County",1,38,105,53,52
050,16,059,"Idaho","Lemhi County",1,39,98,52,46
050,16,059,"Idaho","Lemhi County",1,40,91,48,43
050,16,059,"Idaho","Lemhi County",1,41,82,46,36
050,16,059,"Idaho","Lemhi County",1,42,79,49,30
050,16,059,"Idaho","Lemhi County",1,43,66,32,34
050,16,059,"Idaho","Lemhi County",1,44,68,30,38
050,16,059,"Idaho","Lemhi County",1,45,75,35,40
050,16,059,"Idaho","Lemhi County",1,46,69,36,33
050,16,059,"Idaho","Lemhi County",1,47,61,32,29
050,16,059,"Idaho","Lemhi County",1,48,63,34,29
050,16,059,"Idaho","Lemhi County",1,49,84,46,38
050,16,059,"Idaho","Lemhi County",1,50,84,41,43
050,16,059,"Idaho","Lemhi County",1,51,76,38,38
050,16,059,"Idaho","Lemhi County",1,52,89,41,48
050,16,059,"Idaho","Lemhi County",1,53,82,40,42
050,16,059,"Idaho","Lemhi County",1,54,89,45,44
050,16,059,"Idaho","Lemhi County",1,55,93,45,48
050,16,059,"Idaho","Lemhi County",1,56,107,51,56
050,16,059,"Idaho","Lemhi County",1,57,117,55,62
050,16,059,"Idaho","Lemhi County",1,58,130,66,64
050,16,059,"Idaho","Lemhi County",1,59,134,66,68
050,16,059,"Idaho","Lemhi County",1,60,137,66,71
050,16,059,"Idaho","Lemhi County",1,61,142,70,72
050,16,059,"Idaho","Lemhi County",1,62,146,71,75
050,16,059,"Idaho","Lemhi County",1,63,156,79,77
050,16,059,"Idaho","Lemhi County",1,64,154,75,79
050,16,059,"Idaho","Lemhi County",1,65,146,71,75
050,16,059,"Idaho","Lemhi County",1,66,158,75,83
050,16,059,"Idaho","Lemhi County",1,67,161,73,88
050,16,059,"Idaho","Lemhi County",1,68,156,87,69
050,16,059,"Idaho","Lemhi County",1,69,155,82,73
050,16,059,"Idaho","Lemhi County",1,70,148,79,69
050,16,059,"Idaho","Lemhi County",1,71,138,66,72
050,16,059,"Idaho","Lemhi County",1,72,153,82,71
050,16,059,"Idaho","Lemhi County",1,73,145,80,65
050,16,059,"Idaho","Lemhi County",1,74,105,57,48
050,16,059,"Idaho","Lemhi County",1,75,93,50,43
050,16,059,"Idaho","Lemhi County",1,76,92,51,41
050,16,059,"Idaho","Lemhi County",1,77,103,60,43
050,16,059,"Idaho","Lemhi County",1,78,100,51,49
050,16,059,"Idaho","Lemhi County",1,79,97,46,51
050,16,059,"Idaho","Lemhi County",1,80,68,38,30
050,16,059,"Idaho","Lemhi County",1,81,55,30,25
050,16,059,"Idaho","Lemhi County",1,82,38,17,21
050,16,059,"Idaho","Lemhi County",1,83,40,19,21
050,16,059,"Idaho","Lemhi County",1,84,41,25,16
050,16,059,"Idaho","Lemhi County",1,85,243,111,132
050,16,059,"Idaho","Lemhi County",2,0,65,31,34
050,16,059,"Idaho","Lemhi County",2,1,75,40,35
050,16,059,"Idaho","Lemhi County",2,2,70,39,31
050,16,059,"Idaho","Lemhi County",2,3,83,43,40
050,16,059,"Idaho","Lemhi County",2,4,85,43,42
050,16,059,"Idaho","Lemhi County",2,5,70,37,33
050,16,059,"Idaho","Lemhi County",2,6,70,39,31
050,16,059,"Idaho","Lemhi County",2,7,66,35,31
050,16,059,"Idaho","Lemhi County",2,8,76,38,38
050,16,059,"Idaho","Lemhi County",2,9,86,49,37
050,16,059,"Idaho","Lemhi County",2,10,91,50,41
050,16,059,"Idaho","Lemhi County",2,11,88,44,44
050,16,059,"Idaho","Lemhi County",2,12,93,44,49
050,16,059,"Idaho","Lemhi County",2,13,91,49,42
050,16,059,"Idaho","Lemhi County",2,14,95,51,44
050,16,059,"Idaho","Lemhi County",2,15,89,50,39
050,16,059,"Idaho","Lemhi County",2,16,81,45,36
050,16,059,"Idaho","Lemhi County",2,17,88,50,38
050,16,059,"Idaho","Lemhi County",2,18,79,45,34
050,16,059,"Idaho","Lemhi County",2,19,63,29,34
050,16,059,"Idaho","Lemhi County",2,20,61,28,33
050,16,059,"Idaho","Lemhi County",2,21,51,28,23
050,16,059,"Idaho","Lemhi County",2,22,47,26,21
050,16,059,"Idaho","Lemhi County",2,23,58,31,27
050,16,059,"Idaho","Lemhi County",2,24,58,25,33
050,16,059,"Idaho","Lemhi County",2,25,62,30,32
050,16,059,"Idaho","Lemhi County",2,26,73,39,34
050,16,059,"Idaho","Lemhi County",2,27,71,35,36
050,16,059,"Idaho","Lemhi County",2,28,65,32,33
050,16,059,"Idaho","Lemhi County",2,29,74,36,38
050,16,059,"Idaho","Lemhi County",2,30,68,29,39
050,16,059,"Idaho","Lemhi County",2,31,72,35,37
050,16,059,"Idaho","Lemhi County",2,32,69,34,35
050,16,059,"Idaho","Lemhi County",2,33,68,36,32
050,16,059,"Idaho","Lemhi County",2,34,78,40,38
050,16,059,"Idaho","Lemhi County",2,35,81,38,43
050,16,059,"Idaho","Lemhi County",2,36,85,36,49
050,16,059,"Idaho","Lemhi County",2,37,97,48,49
050,16,059,"Idaho","Lemhi County",2,38,103,52,51
050,16,059,"Idaho","Lemhi County",2,39,99,51,48
050,16,059,"Idaho","Lemhi County",2,40,94,50,44
050,16,059,"Idaho","Lemhi County",2,41,85,46,39
050,16,059,"Idaho","Lemhi County",2,42,79,48,31
050,16,059,"Idaho","Lemhi County",2,43,70,36,34
050,16,059,"Idaho","Lemhi County",2,44,68,30,38
050,16,059,"Idaho","Lemhi County",2,45,75,34,41
050,16,059,"Idaho","Lemhi County",2,46,69,35,34
050,16,059,"Idaho","Lemhi County",2,47,62,32,30
050,16,059,"Idaho","Lemhi County",2,48,64,35,29
050,16,059,"Idaho","Lemhi County",2,49,81,45,36
050,16,059,"Idaho","Lemhi County",2,50,84,41,43
050,16,059,"Idaho","Lemhi County",2,51,77,38,39
050,16,059,"Idaho","Lemhi County",2,52,84,39,45
050,16,059,"Idaho","Lemhi County",2,53,83,40,43
050,16,059,"Idaho","Lemhi County",2,54,87,44,43
050,16,059,"Idaho","Lemhi County",2,55,92,44,48
050,16,059,"Idaho","Lemhi County",2,56,105,50,55
050,16,059,"Idaho","Lemhi County",2,57,114,53,61
050,16,059,"Idaho","Lemhi County",2,58,126,63,63
050,16,059,"Idaho","Lemhi County",2,59,133,65,68
050,16,059,"Idaho","Lemhi County",2,60,137,66,71
050,16,059,"Idaho","Lemhi County",2,61,142,70,72
050,16,059,"Idaho","Lemhi County",2,62,143,71,72
050,16,059,"Idaho","Lemhi County",2,63,156,78,78
050,16,059,"Idaho","Lemhi County",2,64,153,75,78
050,16,059,"Idaho","Lemhi County",2,65,149,73,76
050,16,059,"Idaho","Lemhi County",2,66,157,75,82
050,16,059,"Idaho","Lemhi County",2,67,162,75,87
050,16,059,"Idaho","Lemhi County",2,68,158,84,74
050,16,059,"Idaho","Lemhi County",2,69,158,85,73
050,16,059,"Idaho","Lemhi County",2,70,150,79,71
050,16,059,"Idaho","Lemhi County",2,71,141,69,72
050,16,059,"Idaho","Lemhi County",2,72,144,76,68
050,16,059,"Idaho","Lemhi County",2,73,155,85,70
050,16,059,"Idaho","Lemhi County",2,74,105,57,48
050,16,059,"Idaho","Lemhi County",2,75,97,52,45
050,16,059,"Idaho","Lemhi County",2,76,89,50,39
050,16,059,"Idaho","Lemhi County",2,77,104,60,44
050,16,059,"Idaho","Lemhi County",2,78,98,52,46
050,16,059,"Idaho","Lemhi County",2,79,96,46,50
050,16,059,"Idaho","Lemhi County",2,80,73,39,34
050,16,059,"Idaho","Lemhi County",2,81,56,31,25
050,16,059,"Idaho","Lemhi County",2,82,42,20,22
050,16,059,"Idaho","Lemhi County",2,83,39,18,21
050,16,059,"Idaho","Lemhi County",2,84,40,23,17
050,16,059,"Idaho","Lemhi County",2,85,242,111,131
050,16,059,"Idaho","Lemhi County",3,0,64,37,27
050,16,059,"Idaho","Lemhi County",3,1,66,33,33
050,16,059,"Idaho","Lemhi County",3,2,69,37,32
050,16,059,"Idaho","Lemhi County",3,3,73,39,34
050,16,059,"Idaho","Lemhi County",3,4,83,42,41
050,16,059,"Idaho","Lemhi County",3,5,82,43,39
050,16,059,"Idaho","Lemhi County",3,6,75,37,38
050,16,059,"Idaho","Lemhi County",3,7,71,41,30
050,16,059,"Idaho","Lemhi County",3,8,68,37,31
050,16,059,"Idaho","Lemhi County",3,9,80,42,38
050,16,059,"Idaho","Lemhi County",3,10,85,49,36
050,16,059,"Idaho","Lemhi County",3,11,94,50,44
050,16,059,"Idaho","Lemhi County",3,12,91,46,45
050,16,059,"Idaho","Lemhi County",3,13,90,41,49
050,16,059,"Idaho","Lemhi County",3,14,99,49,50
050,16,059,"Idaho","Lemhi County",3,15,99,56,43
050,16,059,"Idaho","Lemhi County",3,16,92,51,41
050,16,059,"Idaho","Lemhi County",3,17,87,50,37
050,16,059,"Idaho","Lemhi County",3,18,80,47,33
050,16,059,"Idaho","Lemhi County",3,19,69,39,30
050,16,059,"Idaho","Lemhi County",3,20,68,31,37
050,16,059,"Idaho","Lemhi County",3,21,63,27,36
050,16,059,"Idaho","Lemhi County",3,22,58,32,26
050,16,059,"Idaho","Lemhi County",3,23,52,28,24
050,16,059,"Idaho","Lemhi County",3,24,53,30,23
050,16,059,"Idaho","Lemhi County",3,25,58,22,36
050,16,059,"Idaho","Lemhi County",3,26,55,27,28
050,16,059,"Idaho","Lemhi County",3,27,83,43,40
050,16,059,"Idaho","Lemhi County",3,28,68,34,34
050,16,059,"Idaho","Lemhi County",3,29,81,42,39
050,16,059,"Idaho","Lemhi County",3,30,81,39,42
050,16,059,"Idaho","Lemhi County",3,31,71,35,36
050,16,059,"Idaho","Lemhi County",3,32,77,40,37
050,16,059,"Idaho","Lemhi County",3,33,76,37,39
050,16,059,"Idaho","Lemhi County",3,34,82,45,37
050,16,059,"Idaho","Lemhi County",3,35,80,43,37
050,16,059,"Idaho","Lemhi County",3,36,80,41,39
050,16,059,"Idaho","Lemhi County",3,37,95,39,56
050,16,059,"Idaho","Lemhi County",3,38,94,46,48
050,16,059,"Idaho","Lemhi County",3,39,111,55,56
050,16,059,"Idaho","Lemhi County",3,40,105,55,50
050,16,059,"Idaho","Lemhi County",3,41,97,54,43
050,16,059,"Idaho","Lemhi County",3,42,87,46,41
050,16,059,"Idaho","Lemhi County",3,43,83,51,32
050,16,059,"Idaho","Lemhi County",3,44,74,37,37
050,16,059,"Idaho","Lemhi County",3,45,70,32,38
050,16,059,"Idaho","Lemhi County",3,46,76,35,41
050,16,059,"Idaho","Lemhi County",3,47,71,35,36
050,16,059,"Idaho","Lemhi County",3,48,71,38,33
050,16,059,"Idaho","Lemhi County",3,49,68,35,33
050,16,059,"Idaho","Lemhi County",3,50,80,47,33
050,16,059,"Idaho","Lemhi County",3,51,91,44,47
050,16,059,"Idaho","Lemhi County",3,52,79,39,40
050,16,059,"Idaho","Lemhi County",3,53,89,42,47
050,16,059,"Idaho","Lemhi County",3,54,88,44,44
050,16,059,"Idaho","Lemhi County",3,55,96,47,49
050,16,059,"Idaho","Lemhi County",3,56,95,47,48
050,16,059,"Idaho","Lemhi County",3,57,115,52,63
050,16,059,"Idaho","Lemhi County",3,58,119,56,63
050,16,059,"Idaho","Lemhi County",3,59,136,68,68
050,16,059,"Idaho","Lemhi County",3,60,146,74,72
050,16,059,"Idaho","Lemhi County",3,61,144,74,70
050,16,059,"Idaho","Lemhi County",3,62,143,69,74
050,16,059,"Idaho","Lemhi County",3,63,157,81,76
050,16,059,"Idaho","Lemhi County",3,64,161,75,86
050,16,059,"Idaho","Lemhi County",3,65,152,79,73
050,16,059,"Idaho","Lemhi County",3,66,151,72,79
050,16,059,"Idaho","Lemhi County",3,67,161,78,83
050,16,059,"Idaho","Lemhi County",3,68,159,76,83
050,16,059,"Idaho","Lemhi County",3,69,157,84,73
050,16,059,"Idaho","Lemhi County",3,70,156,80,76
050,16,059,"Idaho","Lemhi County",3,71,152,79,73
050,16,059,"Idaho","Lemhi County",3,72,133,65,68
050,16,059,"Idaho","Lemhi County",3,73,149,81,68
050,16,059,"Idaho","Lemhi County",3,74,152,83,69
050,16,059,"Idaho","Lemhi County",3,75,99,56,43
050,16,059,"Idaho","Lemhi County",3,76,95,53,42
050,16,059,"Idaho","Lemhi County",3,77,84,44,40
050,16,059,"Idaho","Lemhi County",3,78,98,56,42
050,16,059,"Idaho","Lemhi County",3,79,94,50,44
050,16,059,"Idaho","Lemhi County",3,80,94,45,49
050,16,059,"Idaho","Lemhi County",3,81,76,39,37
050,16,059,"Idaho","Lemhi County",3,82,52,28,24
050,16,059,"Idaho","Lemhi County",3,83,42,19,23
050,16,059,"Idaho","Lemhi County",3,84,33,16,17
050,16,059,"Idaho","Lemhi County",3,85,227,105,122
050,16,059,"Idaho","Lemhi County",4,0,62,39,23
050,16,059,"Idaho","Lemhi County",4,1,55,33,22
050,16,059,"Idaho","Lemhi County",4,2,72,36,36
050,16,059,"Idaho","Lemhi County",4,3,76,43,33
050,16,059,"Idaho","Lemhi County",4,4,82,47,35
050,16,059,"Idaho","Lemhi County",4,5,92,51,41
050,16,059,"Idaho","Lemhi County",4,6,89,46,43
050,16,059,"Idaho","Lemhi County",4,7,78,37,41
050,16,059,"Idaho","Lemhi County",4,8,71,43,28
050,16,059,"Idaho","Lemhi County",4,9,68,37,31
050,16,059,"Idaho","Lemhi County",4,10,82,41,41
050,16,059,"Idaho","Lemhi County",4,11,84,49,35
050,16,059,"Idaho","Lemhi County",4,12,98,50,48
050,16,059,"Idaho","Lemhi County",4,13,93,46,47
050,16,059,"Idaho","Lemhi County",4,14,95,43,52
050,16,059,"Idaho","Lemhi County",4,15,102,52,50
050,16,059,"Idaho","Lemhi County",4,16,102,57,45
050,16,059,"Idaho","Lemhi County",4,17,92,51,41
050,16,059,"Idaho","Lemhi County",4,18,84,50,34
050,16,059,"Idaho","Lemhi County",4,19,64,34,30
050,16,059,"Idaho","Lemhi County",4,20,61,35,26
050,16,059,"Idaho","Lemhi County",4,21,70,35,35
050,16,059,"Idaho","Lemhi County",4,22,55,21,34
050,16,059,"Idaho","Lemhi County",4,23,58,32,26
050,16,059,"Idaho","Lemhi County",4,24,51,33,18
050,16,059,"Idaho","Lemhi County",4,25,51,29,22
050,16,059,"Idaho","Lemhi County",4,26,62,27,35
050,16,059,"Idaho","Lemhi County",4,27,69,36,33
050,16,059,"Idaho","Lemhi County",4,28,86,43,43
050,16,059,"Idaho","Lemhi County",4,29,74,36,38
050,16,059,"Idaho","Lemhi County",4,30,85,41,44
050,16,059,"Idaho","Lemhi County",4,31,95,49,46
050,16,059,"Idaho","Lemhi County",4,32,75,38,37
050,16,059,"Idaho","Lemhi County",4,33,82,45,37
050,16,059,"Idaho","Lemhi County",4,34,79,38,41
050,16,059,"Idaho","Lemhi County",4,35,78,43,35
050,16,059,"Idaho","Lemhi County",4,36,83,45,38
050,16,059,"Idaho","Lemhi County",4,37,80,39,41
050,16,059,"Idaho","Lemhi County",4,38,96,40,56
050,16,059,"Idaho","Lemhi County",4,39,91,47,44
050,16,059,"Idaho","Lemhi County",4,40,117,56,61
050,16,059,"Idaho","Lemhi County",4,41,106,52,54
050,16,059,"Idaho","Lemhi County",4,42,93,51,42
050,16,059,"Idaho","Lemhi County",4,43,91,49,42
050,16,059,"Idaho","Lemhi County",4,44,87,49,38
050,16,059,"Idaho","Lemhi County",4,45,79,41,38
050,16,059,"Idaho","Lemhi County",4,46,68,32,36
050,16,059,"Idaho","Lemhi County",4,47,76,38,38
050,16,059,"Idaho","Lemhi County",4,48,77,39,38
050,16,059,"Idaho","Lemhi County",4,49,67,34,33
050,16,059,"Idaho","Lemhi County",4,50,72,36,36
050,16,059,"Idaho","Lemhi County",4,51,81,45,36
050,16,059,"Idaho","Lemhi County",4,52,94,48,46
050,16,059,"Idaho","Lemhi County",4,53,83,43,40
050,16,059,"Idaho","Lemhi County",4,54,95,48,47
050,16,059,"Idaho","Lemhi County",4,55,90,45,45
050,16,059,"Idaho","Lemhi County",4,56,102,48,54
050,16,059,"Idaho","Lemhi County",4,57,97,48,49
050,16,059,"Idaho","Lemhi County",4,58,119,55,64
050,16,059,"Idaho","Lemhi County",4,59,123,53,70
050,16,059,"Idaho","Lemhi County",4,60,137,67,70
050,16,059,"Idaho","Lemhi County",4,61,143,75,68
050,16,059,"Idaho","Lemhi County",4,62,152,78,74
050,16,059,"Idaho","Lemhi County",4,63,151,73,78
050,16,059,"Idaho","Lemhi County",4,64,157,78,79
050,16,059,"Idaho","Lemhi County",4,65,160,78,82
050,16,059,"Idaho","Lemhi County",4,66,152,78,74
050,16,059,"Idaho","Lemhi County",4,67,153,75,78
050,16,059,"Idaho","Lemhi County",4,68,165,81,84
050,16,059,"Idaho","Lemhi County",4,69,156,73,83
050,16,059,"Idaho","Lemhi County",4,70,157,84,73
050,16,059,"Idaho","Lemhi County",4,71,155,82,73
050,16,059,"Idaho","Lemhi County",4,72,144,74,70
050,16,059,"Idaho","Lemhi County",4,73,131,63,68
050,16,059,"Idaho","Lemhi County",4,74,150,84,66
050,16,059,"Idaho","Lemhi County",4,75,151,84,67
050,16,059,"Idaho","Lemhi County",4,76,96,53,43
050,16,059,"Idaho","Lemhi County",4,77,93,50,43
050,16,059,"Idaho","Lemhi County",4,78,82,42,40
050,16,059,"Idaho","Lemhi County",4,79,92,52,40
050,16,059,"Idaho","Lemhi County",4,80,88,46,42
050,16,059,"Idaho","Lemhi County",4,81,92,44,48
050,16,059,"Idaho","Lemhi County",4,82,75,38,37
050,16,059,"Idaho","Lemhi County",4,83,53,27,26
050,16,059,"Idaho","Lemhi County",4,84,41,20,21
050,16,059,"Idaho","Lemhi County",4,85,219,99,120
050,16,059,"Idaho","Lemhi County",5,0,64,40,24
050,16,059,"Idaho","Lemhi County",5,1,75,43,32
050,16,059,"Idaho","Lemhi County",5,2,66,36,30
050,16,059,"Idaho","Lemhi County",5,3,75,42,33
050,16,059,"Idaho","Lemhi County",5,4,80,44,36
050,16,059,"Idaho","Lemhi County",5,5,84,46,38
050,16,059,"Idaho","Lemhi County",5,6,99,56,43
050,16,059,"Idaho","Lemhi County",5,7,84,42,42
050,16,059,"Idaho","Lemhi County",5,8,83,41,42
050,16,059,"Idaho","Lemhi County",5,9,80,49,31
050,16,059,"Idaho","Lemhi County",5,10,68,37,31
050,16,059,"Idaho","Lemhi County",5,11,89,48,41
050,16,059,"Idaho","Lemhi County",5,12,88,47,41
050,16,059,"Idaho","Lemhi County",5,13,99,55,44
050,16,059,"Idaho","Lemhi County",5,14,99,52,47
050,16,059,"Idaho","Lemhi County",5,15,93,43,50
050,16,059,"Idaho","Lemhi County",5,16,108,56,52
050,16,059,"Idaho","Lemhi County",5,17,103,59,44
050,16,059,"Idaho","Lemhi County",5,18,83,47,36
050,16,059,"Idaho","Lemhi County",5,19,62,37,25
050,16,059,"Idaho","Lemhi County",5,20,57,29,28
050,16,059,"Idaho","Lemhi County",5,21,65,37,28
050,16,059,"Idaho","Lemhi County",5,22,69,33,36
050,16,059,"Idaho","Lemhi County",5,23,61,26,35
050,16,059,"Idaho","Lemhi County",5,24,70,39,31
050,16,059,"Idaho","Lemhi County",5,25,48,25,23
050,16,059,"Idaho","Lemhi County",5,26,63,35,28
050,16,059,"Idaho","Lemhi County",5,27,68,32,36
050,16,059,"Idaho","Lemhi County",5,28,76,39,37
050,16,059,"Idaho","Lemhi County",5,29,91,47,44
050,16,059,"Idaho","Lemhi County",5,30,80,35,45
050,16,059,"Idaho","Lemhi County",5,31,89,46,43
050,16,059,"Idaho","Lemhi County",5,32,91,47,44
050,16,059,"Idaho","Lemhi County",5,33,81,41,40
050,16,059,"Idaho","Lemhi County",5,34,90,45,45
050,16,059,"Idaho","Lemhi County",5,35,84,44,40
050,16,059,"Idaho","Lemhi County",5,36,74,43,31
050,16,059,"Idaho","Lemhi County",5,37,92,51,41
050,16,059,"Idaho","Lemhi County",5,38,74,34,40
050,16,059,"Idaho","Lemhi County",5,39,105,43,62
050,16,059,"Idaho","Lemhi County",5,40,103,51,52
050,16,059,"Idaho","Lemhi County",5,41,118,59,59
050,16,059,"Idaho","Lemhi County",5,42,109,56,53
050,16,059,"Idaho","Lemhi County",5,43,97,55,42
050,16,059,"Idaho","Lemhi County",5,44,90,49,41
050,16,059,"Idaho","Lemhi County",5,45,89,50,39
050,16,059,"Idaho","Lemhi County",5,46,80,41,39
050,16,059,"Idaho","Lemhi County",5,47,72,32,40
050,16,059,"Idaho","Lemhi County",5,48,80,41,39
050,16,059,"Idaho","Lemhi County",5,49,78,38,40
050,16,059,"Idaho","Lemhi County",5,50,66,36,30
050,16,059,"Idaho","Lemhi County",5,51,69,38,31
050,16,059,"Idaho","Lemhi County",5,52,84,45,39
050,16,059,"Idaho","Lemhi County",5,53,96,46,50
050,16,059,"Idaho","Lemhi County",5,54,86,43,43
050,16,059,"Idaho","Lemhi County",5,55,105,55,50
050,16,059,"Idaho","Lemhi County",5,56,104,56,48
050,16,059,"Idaho","Lemhi County",5,57,104,49,55
050,16,059,"Idaho","Lemhi County",5,58,109,58,51
050,16,059,"Idaho","Lemhi County",5,59,120,59,61
050,16,059,"Idaho","Lemhi County",5,60,129,51,78
050,16,059,"Idaho","Lemhi County",5,61,136,65,71
050,16,059,"Idaho","Lemhi County",5,62,140,73,67
050,16,059,"Idaho","Lemhi County",5,63,148,75,73
050,16,059,"Idaho","Lemhi County",5,64,164,82,82
050,16,059,"Idaho","Lemhi County",5,65,158,79,79
050,16,059,"Idaho","Lemhi County",5,66,162,79,83
050,16,059,"Idaho","Lemhi County",5,67,158,82,76
050,16,059,"Idaho","Lemhi County",5,68,152,73,79
050,16,059,"Idaho","Lemhi County",5,69,166,83,83
050,16,059,"Idaho","Lemhi County",5,70,150,69,81
050,16,059,"Idaho","Lemhi County",5,71,155,84,71
050,16,059,"Idaho","Lemhi County",5,72,157,86,71
050,16,059,"Idaho","Lemhi County",5,73,141,73,68
050,16,059,"Idaho","Lemhi County",5,74,123,61,62
050,16,059,"Idaho","Lemhi County",5,75,147,85,62
050,16,059,"Idaho","Lemhi County",5,76,146,82,64
050,16,059,"Idaho","Lemhi County",5,77,95,51,44
050,16,059,"Idaho","Lemhi County",5,78,86,46,40
050,16,059,"Idaho","Lemhi County",5,79,78,39,39
050,16,059,"Idaho","Lemhi County",5,80,84,48,36
050,16,059,"Idaho","Lemhi County",5,81,80,44,36
050,16,059,"Idaho","Lemhi County",5,82,87,39,48
050,16,059,"Idaho","Lemhi County",5,83,70,34,36
050,16,059,"Idaho","Lemhi County",5,84,47,25,22
050,16,059,"Idaho","Lemhi County",5,85,213,96,117
050,16,061,"Idaho","Lewis County",1,0,30,14,16
050,16,061,"Idaho","Lewis County",1,1,36,18,18
050,16,061,"Idaho","Lewis County",1,2,31,19,12
050,16,061,"Idaho","Lewis County",1,3,29,16,13
050,16,061,"Idaho","Lewis County",1,4,38,21,17
050,16,061,"Idaho","Lewis County",1,5,36,21,15
050,16,061,"Idaho","Lewis County",1,6,42,23,19
050,16,061,"Idaho","Lewis County",1,7,50,24,26
050,16,061,"Idaho","Lewis County",1,8,38,18,20
050,16,061,"Idaho","Lewis County",1,9,42,23,19
050,16,061,"Idaho","Lewis County",1,10,45,25,20
050,16,061,"Idaho","Lewis County",1,11,49,27,22
050,16,061,"Idaho","Lewis County",1,12,52,29,23
050,16,061,"Idaho","Lewis County",1,13,49,26,23
050,16,061,"Idaho","Lewis County",1,14,49,23,26
050,16,061,"Idaho","Lewis County",1,15,43,17,26
050,16,061,"Idaho","Lewis County",1,16,59,29,30
050,16,061,"Idaho","Lewis County",1,17,52,26,26
050,16,061,"Idaho","Lewis County",1,18,43,21,22
050,16,061,"Idaho","Lewis County",1,19,32,16,16
050,16,061,"Idaho","Lewis County",1,20,20,14,6
050,16,061,"Idaho","Lewis County",1,21,32,20,12
050,16,061,"Idaho","Lewis County",1,22,25,15,10
050,16,061,"Idaho","Lewis County",1,23,23,11,12
050,16,061,"Idaho","Lewis County",1,24,21,13,8
050,16,061,"Idaho","Lewis County",1,25,29,17,12
050,16,061,"Idaho","Lewis County",1,26,29,13,16
050,16,061,"Idaho","Lewis County",1,27,31,13,18
050,16,061,"Idaho","Lewis County",1,28,26,15,11
050,16,061,"Idaho","Lewis County",1,29,34,14,20
050,16,061,"Idaho","Lewis County",1,30,30,11,19
050,16,061,"Idaho","Lewis County",1,31,28,11,17
050,16,061,"Idaho","Lewis County",1,32,26,8,18
050,16,061,"Idaho","Lewis County",1,33,32,15,17
050,16,061,"Idaho","Lewis County",1,34,29,16,13
050,16,061,"Idaho","Lewis County",1,35,34,16,18
050,16,061,"Idaho","Lewis County",1,36,31,14,17
050,16,061,"Idaho","Lewis County",1,37,42,20,22
050,16,061,"Idaho","Lewis County",1,38,45,24,21
050,16,061,"Idaho","Lewis County",1,39,38,23,15
050,16,061,"Idaho","Lewis County",1,40,45,20,25
050,16,061,"Idaho","Lewis County",1,41,39,23,16
050,16,061,"Idaho","Lewis County",1,42,34,18,16
050,16,061,"Idaho","Lewis County",1,43,32,15,17
050,16,061,"Idaho","Lewis County",1,44,29,16,13
050,16,061,"Idaho","Lewis County",1,45,34,16,18
050,16,061,"Idaho","Lewis County",1,46,26,15,11
050,16,061,"Idaho","Lewis County",1,47,27,13,14
050,16,061,"Idaho","Lewis County",1,48,34,13,21
050,16,061,"Idaho","Lewis County",1,49,36,14,22
050,16,061,"Idaho","Lewis County",1,50,27,12,15
050,16,061,"Idaho","Lewis County",1,51,35,17,18
050,16,061,"Idaho","Lewis County",1,52,44,21,23
050,16,061,"Idaho","Lewis County",1,53,45,20,25
050,16,061,"Idaho","Lewis County",1,54,44,21,23
050,16,061,"Idaho","Lewis County",1,55,29,15,14
050,16,061,"Idaho","Lewis County",1,56,40,22,18
050,16,061,"Idaho","Lewis County",1,57,53,30,23
050,16,061,"Idaho","Lewis County",1,58,58,36,22
050,16,061,"Idaho","Lewis County",1,59,69,33,36
050,16,061,"Idaho","Lewis County",1,60,68,31,37
050,16,061,"Idaho","Lewis County",1,61,64,32,32
050,16,061,"Idaho","Lewis County",1,62,55,30,25
050,16,061,"Idaho","Lewis County",1,63,66,31,35
050,16,061,"Idaho","Lewis County",1,64,71,33,38
050,16,061,"Idaho","Lewis County",1,65,65,34,31
050,16,061,"Idaho","Lewis County",1,66,54,31,23
050,16,061,"Idaho","Lewis County",1,67,60,28,32
050,16,061,"Idaho","Lewis County",1,68,62,31,31
050,16,061,"Idaho","Lewis County",1,69,58,33,25
050,16,061,"Idaho","Lewis County",1,70,51,33,18
050,16,061,"Idaho","Lewis County",1,71,61,30,31
050,16,061,"Idaho","Lewis County",1,72,63,30,33
050,16,061,"Idaho","Lewis County",1,73,52,26,26
050,16,061,"Idaho","Lewis County",1,74,45,25,20
050,16,061,"Idaho","Lewis County",1,75,40,22,18
050,16,061,"Idaho","Lewis County",1,76,37,18,19
050,16,061,"Idaho","Lewis County",1,77,43,21,22
050,16,061,"Idaho","Lewis County",1,78,33,15,18
050,16,061,"Idaho","Lewis County",1,79,36,19,17
050,16,061,"Idaho","Lewis County",1,80,23,12,11
050,16,061,"Idaho","Lewis County",1,81,29,18,11
050,16,061,"Idaho","Lewis County",1,82,29,14,15
050,16,061,"Idaho","Lewis County",1,83,24,14,10
050,16,061,"Idaho","Lewis County",1,84,19,9,10
050,16,061,"Idaho","Lewis County",1,85,88,39,49
050,16,061,"Idaho","Lewis County",2,0,35,21,14
050,16,061,"Idaho","Lewis County",2,1,35,18,17
050,16,061,"Idaho","Lewis County",2,2,32,19,13
050,16,061,"Idaho","Lewis County",2,3,30,17,13
050,16,061,"Idaho","Lewis County",2,4,38,21,17
050,16,061,"Idaho","Lewis County",2,5,35,20,15
050,16,061,"Idaho","Lewis County",2,6,40,23,17
050,16,061,"Idaho","Lewis County",2,7,47,23,24
050,16,061,"Idaho","Lewis County",2,8,41,20,21
050,16,061,"Idaho","Lewis County",2,9,42,22,20
050,16,061,"Idaho","Lewis County",2,10,43,24,19
050,16,061,"Idaho","Lewis County",2,11,49,27,22
050,16,061,"Idaho","Lewis County",2,12,53,29,24
050,16,061,"Idaho","Lewis County",2,13,49,26,23
050,16,061,"Idaho","Lewis County",2,14,48,22,26
050,16,061,"Idaho","Lewis County",2,15,45,19,26
050,16,061,"Idaho","Lewis County",2,16,56,26,30
050,16,061,"Idaho","Lewis County",2,17,54,26,28
050,16,061,"Idaho","Lewis County",2,18,42,20,22
050,16,061,"Idaho","Lewis County",2,19,31,16,15
050,16,061,"Idaho","Lewis County",2,20,22,14,8
050,16,061,"Idaho","Lewis County",2,21,29,18,11
050,16,061,"Idaho","Lewis County",2,22,27,16,11
050,16,061,"Idaho","Lewis County",2,23,23,11,12
050,16,061,"Idaho","Lewis County",2,24,21,12,9
050,16,061,"Idaho","Lewis County",2,25,29,17,12
050,16,061,"Idaho","Lewis County",2,26,30,13,17
050,16,061,"Idaho","Lewis County",2,27,29,13,16
050,16,061,"Idaho","Lewis County",2,28,27,14,13
050,16,061,"Idaho","Lewis County",2,29,34,14,20
050,16,061,"Idaho","Lewis County",2,30,31,13,18
050,16,061,"Idaho","Lewis County",2,31,29,11,18
050,16,061,"Idaho","Lewis County",2,32,27,9,18
050,16,061,"Idaho","Lewis County",2,33,31,14,17
050,16,061,"Idaho","Lewis County",2,34,30,15,15
050,16,061,"Idaho","Lewis County",2,35,31,15,16
050,16,061,"Idaho","Lewis County",2,36,31,15,16
050,16,061,"Idaho","Lewis County",2,37,41,20,21
050,16,061,"Idaho","Lewis County",2,38,44,23,21
050,16,061,"Idaho","Lewis County",2,39,40,23,17
050,16,061,"Idaho","Lewis County",2,40,45,21,24
050,16,061,"Idaho","Lewis County",2,41,38,22,16
050,16,061,"Idaho","Lewis County",2,42,36,19,17
050,16,061,"Idaho","Lewis County",2,43,33,16,17
050,16,061,"Idaho","Lewis County",2,44,29,15,14
050,16,061,"Idaho","Lewis County",2,45,33,15,18
050,16,061,"Idaho","Lewis County",2,46,26,15,11
050,16,061,"Idaho","Lewis County",2,47,28,14,14
050,16,061,"Idaho","Lewis County",2,48,31,12,19
050,16,061,"Idaho","Lewis County",2,49,34,13,21
050,16,061,"Idaho","Lewis County",2,50,28,12,16
050,16,061,"Idaho","Lewis County",2,51,34,16,18
050,16,061,"Idaho","Lewis County",2,52,42,20,22
050,16,061,"Idaho","Lewis County",2,53,46,21,25
050,16,061,"Idaho","Lewis County",2,54,43,20,23
050,16,061,"Idaho","Lewis County",2,55,32,16,16
050,16,061,"Idaho","Lewis County",2,56,38,20,18
050,16,061,"Idaho","Lewis County",2,57,51,28,23
050,16,061,"Idaho","Lewis County",2,58,57,34,23
050,16,061,"Idaho","Lewis County",2,59,65,33,32
050,16,061,"Idaho","Lewis County",2,60,69,31,38
050,16,061,"Idaho","Lewis County",2,61,64,32,32
050,16,061,"Idaho","Lewis County",2,62,57,30,27
050,16,061,"Idaho","Lewis County",2,63,65,31,34
050,16,061,"Idaho","Lewis County",2,64,69,33,36
050,16,061,"Idaho","Lewis County",2,65,68,35,33
050,16,061,"Idaho","Lewis County",2,66,58,33,25
050,16,061,"Idaho","Lewis County",2,67,60,30,30
050,16,061,"Idaho","Lewis County",2,68,61,30,31
050,16,061,"Idaho","Lewis County",2,69,59,32,27
050,16,061,"Idaho","Lewis County",2,70,52,33,19
050,16,061,"Idaho","Lewis County",2,71,59,31,28
050,16,061,"Idaho","Lewis County",2,72,60,29,31
050,16,061,"Idaho","Lewis County",2,73,58,29,29
050,16,061,"Idaho","Lewis County",2,74,43,23,20
050,16,061,"Idaho","Lewis County",2,75,38,21,17
050,16,061,"Idaho","Lewis County",2,76,38,19,19
050,16,061,"Idaho","Lewis County",2,77,42,20,22
050,16,061,"Idaho","Lewis County",2,78,34,16,18
050,16,061,"Idaho","Lewis County",2,79,36,18,18
050,16,061,"Idaho","Lewis County",2,80,26,13,13
050,16,061,"Idaho","Lewis County",2,81,27,16,11
050,16,061,"Idaho","Lewis County",2,82,29,15,14
050,16,061,"Idaho","Lewis County",2,83,25,14,11
050,16,061,"Idaho","Lewis County",2,84,20,10,10
050,16,061,"Idaho","Lewis County",2,85,90,40,50
050,16,061,"Idaho","Lewis County",3,0,34,18,16
050,16,061,"Idaho","Lewis County",3,1,41,21,20
050,16,061,"Idaho","Lewis County",3,2,35,17,18
050,16,061,"Idaho","Lewis County",3,3,34,16,18
050,16,061,"Idaho","Lewis County",3,4,32,18,14
050,16,061,"Idaho","Lewis County",3,5,44,26,18
050,16,061,"Idaho","Lewis County",3,6,37,26,11
050,16,061,"Idaho","Lewis County",3,7,47,28,19
050,16,061,"Idaho","Lewis County",3,8,51,23,28
050,16,061,"Idaho","Lewis County",3,9,46,27,19
050,16,061,"Idaho","Lewis County",3,10,50,25,25
050,16,061,"Idaho","Lewis County",3,11,48,29,19
050,16,061,"Idaho","Lewis County",3,12,50,29,21
050,16,061,"Idaho","Lewis County",3,13,59,31,28
050,16,061,"Idaho","Lewis County",3,14,45,24,21
050,16,061,"Idaho","Lewis County",3,15,49,23,26
050,16,061,"Idaho","Lewis County",3,16,55,23,32
050,16,061,"Idaho","Lewis County",3,17,63,30,33
050,16,061,"Idaho","Lewis County",3,18,48,22,26
050,16,061,"Idaho","Lewis County",3,19,29,13,16
050,16,061,"Idaho","Lewis County",3,20,34,20,14
050,16,061,"Idaho","Lewis County",3,21,23,15,8
050,16,061,"Idaho","Lewis County",3,22,36,21,15
050,16,061,"Idaho","Lewis County",3,23,31,17,14
050,16,061,"Idaho","Lewis County",3,24,27,13,14
050,16,061,"Idaho","Lewis County",3,25,30,19,11
050,16,061,"Idaho","Lewis County",3,26,27,16,11
050,16,061,"Idaho","Lewis County",3,27,25,10,15
050,16,061,"Idaho","Lewis County",3,28,28,10,18
050,16,061,"Idaho","Lewis County",3,29,33,17,16
050,16,061,"Idaho","Lewis County",3,30,40,19,21
050,16,061,"Idaho","Lewis County",3,31,33,14,19
050,16,061,"Idaho","Lewis County",3,32,36,15,21
050,16,061,"Idaho","Lewis County",3,33,29,10,19
050,16,061,"Idaho","Lewis County",3,34,31,13,18
050,16,061,"Idaho","Lewis County",3,35,33,16,17
050,16,061,"Idaho","Lewis County",3,36,32,16,16
050,16,061,"Idaho","Lewis County",3,37,42,24,18
050,16,061,"Idaho","Lewis County",3,38,42,16,26
050,16,061,"Idaho","Lewis County",3,39,46,21,25
050,16,061,"Idaho","Lewis County",3,40,41,24,17
050,16,061,"Idaho","Lewis County",3,41,50,28,22
050,16,061,"Idaho","Lewis County",3,42,45,23,22
050,16,061,"Idaho","Lewis County",3,43,37,21,16
050,16,061,"Idaho","Lewis County",3,44,35,16,19
050,16,061,"Idaho","Lewis County",3,45,24,11,13
050,16,061,"Idaho","Lewis County",3,46,35,18,17
050,16,061,"Idaho","Lewis County",3,47,35,18,17
050,16,061,"Idaho","Lewis County",3,48,26,11,15
050,16,061,"Idaho","Lewis County",3,49,33,13,20
050,16,061,"Idaho","Lewis County",3,50,35,17,18
050,16,061,"Idaho","Lewis County",3,51,32,16,16
050,16,061,"Idaho","Lewis County",3,52,35,16,19
050,16,061,"Idaho","Lewis County",3,53,49,23,26
050,16,061,"Idaho","Lewis County",3,54,45,22,23
050,16,061,"Idaho","Lewis County",3,55,40,20,20
050,16,061,"Idaho","Lewis County",3,56,33,17,16
050,16,061,"Idaho","Lewis County",3,57,43,21,22
050,16,061,"Idaho","Lewis County",3,58,51,31,20
050,16,061,"Idaho","Lewis County",3,59,55,33,22
050,16,061,"Idaho","Lewis County",3,60,73,36,37
050,16,061,"Idaho","Lewis County",3,61,72,35,37
050,16,061,"Idaho","Lewis County",3,62,67,30,37
050,16,061,"Idaho","Lewis County",3,63,56,29,27
050,16,061,"Idaho","Lewis County",3,64,65,31,34
050,16,061,"Idaho","Lewis County",3,65,67,31,36
050,16,061,"Idaho","Lewis County",3,66,71,36,35
050,16,061,"Idaho","Lewis County",3,67,58,33,25
050,16,061,"Idaho","Lewis County",3,68,65,34,31
050,16,061,"Idaho","Lewis County",3,69,73,33,40
050,16,061,"Idaho","Lewis County",3,70,57,32,25
050,16,061,"Idaho","Lewis County",3,71,50,31,19
050,16,061,"Idaho","Lewis County",3,72,53,29,24
050,16,061,"Idaho","Lewis County",3,73,53,22,31
050,16,061,"Idaho","Lewis County",3,74,55,29,26
050,16,061,"Idaho","Lewis County",3,75,35,18,17
050,16,061,"Idaho","Lewis County",3,76,37,20,17
050,16,061,"Idaho","Lewis County",3,77,41,22,19
050,16,061,"Idaho","Lewis County",3,78,41,20,21
050,16,061,"Idaho","Lewis County",3,79,33,14,19
050,16,061,"Idaho","Lewis County",3,80,34,18,16
050,16,061,"Idaho","Lewis County",3,81,24,10,14
050,16,061,"Idaho","Lewis County",3,82,28,16,12
050,16,061,"Idaho","Lewis County",3,83,24,12,12
050,16,061,"Idaho","Lewis County",3,84,25,14,11
050,16,061,"Idaho","Lewis County",3,85,99,42,57
050,16,061,"Idaho","Lewis County",4,0,32,16,16
050,16,061,"Idaho","Lewis County",4,1,43,24,19
050,16,061,"Idaho","Lewis County",4,2,41,18,23
050,16,061,"Idaho","Lewis County",4,3,37,13,24
050,16,061,"Idaho","Lewis County",4,4,41,22,19
050,16,061,"Idaho","Lewis County",4,5,33,18,15
050,16,061,"Idaho","Lewis County",4,6,45,24,21
050,16,061,"Idaho","Lewis County",4,7,38,25,13
050,16,061,"Idaho","Lewis County",4,8,47,28,19
050,16,061,"Idaho","Lewis County",4,9,58,26,32
050,16,061,"Idaho","Lewis County",4,10,40,23,17
050,16,061,"Idaho","Lewis County",4,11,45,23,22
050,16,061,"Idaho","Lewis County",4,12,45,27,18
050,16,061,"Idaho","Lewis County",4,13,57,33,24
050,16,061,"Idaho","Lewis County",4,14,52,28,24
050,16,061,"Idaho","Lewis County",4,15,48,25,23
050,16,061,"Idaho","Lewis County",4,16,55,25,30
050,16,061,"Idaho","Lewis County",4,17,56,28,28
050,16,061,"Idaho","Lewis County",4,18,46,22,24
050,16,061,"Idaho","Lewis County",4,19,32,16,16
050,16,061,"Idaho","Lewis County",4,20,29,17,12
050,16,061,"Idaho","Lewis County",4,21,29,15,14
050,16,061,"Idaho","Lewis County",4,22,29,17,12
050,16,061,"Idaho","Lewis County",4,23,32,19,13
050,16,061,"Idaho","Lewis County",4,24,33,21,12
050,16,061,"Idaho","Lewis County",4,25,30,17,13
050,16,061,"Idaho","Lewis County",4,26,32,14,18
050,16,061,"Idaho","Lewis County",4,27,28,17,11
050,16,061,"Idaho","Lewis County",4,28,24,12,12
050,16,061,"Idaho","Lewis County",4,29,27,8,19
050,16,061,"Idaho","Lewis County",4,30,36,19,17
050,16,061,"Idaho","Lewis County",4,31,34,17,17
050,16,061,"Idaho","Lewis County",4,32,34,13,21
050,16,061,"Idaho","Lewis County",4,33,36,18,18
050,16,061,"Idaho","Lewis County",4,34,28,9,19
050,16,061,"Idaho","Lewis County",4,35,35,13,22
050,16,061,"Idaho","Lewis County",4,36,35,15,20
050,16,061,"Idaho","Lewis County",4,37,37,20,17
050,16,061,"Idaho","Lewis County",4,38,40,21,19
050,16,061,"Idaho","Lewis County",4,39,41,15,26
050,16,061,"Idaho","Lewis County",4,40,49,24,25
050,16,061,"Idaho","Lewis County",4,41,42,28,14
050,16,061,"Idaho","Lewis County",4,42,49,26,23
050,16,061,"Idaho","Lewis County",4,43,43,23,20
050,16,061,"Idaho","Lewis County",4,44,48,30,18
050,16,061,"Idaho","Lewis County",4,45,31,10,21
050,16,061,"Idaho","Lewis County",4,46,28,17,11
050,16,061,"Idaho","Lewis County",4,47,35,19,16
050,16,061,"Idaho","Lewis County",4,48,31,15,16
050,16,061,"Idaho","Lewis County",4,49,33,18,15
050,16,061,"Idaho","Lewis County",4,50,31,10,21
050,16,061,"Idaho","Lewis County",4,51,41,21,20
050,16,061,"Idaho","Lewis County",4,52,33,19,14
050,16,061,"Idaho","Lewis County",4,53,37,16,21
050,16,061,"Idaho","Lewis County",4,54,53,25,28
050,16,061,"Idaho","Lewis County",4,55,41,20,21
050,16,061,"Idaho","Lewis County",4,56,36,18,18
050,16,061,"Idaho","Lewis County",4,57,39,18,21
050,16,061,"Idaho","Lewis County",4,58,43,21,22
050,16,061,"Idaho","Lewis County",4,59,56,35,21
050,16,061,"Idaho","Lewis County",4,60,61,33,28
050,16,061,"Idaho","Lewis County",4,61,73,37,36
050,16,061,"Idaho","Lewis County",4,62,63,31,32
050,16,061,"Idaho","Lewis County",4,63,71,33,38
050,16,061,"Idaho","Lewis County",4,64,64,31,33
050,16,061,"Idaho","Lewis County",4,65,61,27,34
050,16,061,"Idaho","Lewis County",4,66,66,31,35
050,16,061,"Idaho","Lewis County",4,67,75,37,38
050,16,061,"Idaho","Lewis County",4,68,64,34,30
050,16,061,"Idaho","Lewis County",4,69,71,37,34
050,16,061,"Idaho","Lewis County",4,70,73,38,35
050,16,061,"Idaho","Lewis County",4,71,57,29,28
050,16,061,"Idaho","Lewis County",4,72,50,32,18
050,16,061,"Idaho","Lewis County",4,73,52,27,25
050,16,061,"Idaho","Lewis County",4,74,58,27,31
050,16,061,"Idaho","Lewis County",4,75,55,27,28
050,16,061,"Idaho","Lewis County",4,76,29,15,14
050,16,061,"Idaho","Lewis County",4,77,36,21,15
050,16,061,"Idaho","Lewis County",4,78,37,20,17
050,16,061,"Idaho","Lewis County",4,79,39,19,20
050,16,061,"Idaho","Lewis County",4,80,29,14,15
050,16,061,"Idaho","Lewis County",4,81,34,18,16
050,16,061,"Idaho","Lewis County",4,82,20,8,12
050,16,061,"Idaho","Lewis County",4,83,26,14,12
050,16,061,"Idaho","Lewis County",4,84,22,12,10
050,16,061,"Idaho","Lewis County",4,85,100,46,54
050,16,061,"Idaho","Lewis County",5,0,33,17,16
050,16,061,"Idaho","Lewis County",5,1,28,14,14
050,16,061,"Idaho","Lewis County",5,2,42,22,20
050,16,061,"Idaho","Lewis County",5,3,48,19,29
050,16,061,"Idaho","Lewis County",5,4,36,15,21
050,16,061,"Idaho","Lewis County",5,5,37,20,17
050,16,061,"Idaho","Lewis County",5,6,36,22,14
050,16,061,"Idaho","Lewis County",5,7,38,19,19
050,16,061,"Idaho","Lewis County",5,8,40,25,15
050,16,061,"Idaho","Lewis County",5,9,48,28,20
050,16,061,"Idaho","Lewis County",5,10,62,27,35
050,16,061,"Idaho","Lewis County",5,11,41,23,18
050,16,061,"Idaho","Lewis County",5,12,49,26,23
050,16,061,"Idaho","Lewis County",5,13,46,25,21
050,16,061,"Idaho","Lewis County",5,14,53,32,21
050,16,061,"Idaho","Lewis County",5,15,55,30,25
050,16,061,"Idaho","Lewis County",5,16,43,22,21
050,16,061,"Idaho","Lewis County",5,17,58,24,34
050,16,061,"Idaho","Lewis County",5,18,47,22,25
050,16,061,"Idaho","Lewis County",5,19,35,16,19
050,16,061,"Idaho","Lewis County",5,20,29,16,13
050,16,061,"Idaho","Lewis County",5,21,33,19,14
050,16,061,"Idaho","Lewis County",5,22,29,16,13
050,16,061,"Idaho","Lewis County",5,23,29,16,13
050,16,061,"Idaho","Lewis County",5,24,33,22,11
050,16,061,"Idaho","Lewis County",5,25,37,26,11
050,16,061,"Idaho","Lewis County",5,26,22,11,11
050,16,061,"Idaho","Lewis County",5,27,30,15,15
050,16,061,"Idaho","Lewis County",5,28,24,15,9
050,16,061,"Idaho","Lewis County",5,29,25,12,13
050,16,061,"Idaho","Lewis County",5,30,31,11,20
050,16,061,"Idaho","Lewis County",5,31,46,19,27
050,16,061,"Idaho","Lewis County",5,32,38,16,22
050,16,061,"Idaho","Lewis County",5,33,35,17,18
050,16,061,"Idaho","Lewis County",5,34,36,18,18
050,16,061,"Idaho","Lewis County",5,35,34,13,21
050,16,061,"Idaho","Lewis County",5,36,37,14,23
050,16,061,"Idaho","Lewis County",5,37,41,19,22
050,16,061,"Idaho","Lewis County",5,38,40,22,18
050,16,061,"Idaho","Lewis County",5,39,35,15,20
050,16,061,"Idaho","Lewis County",5,40,41,15,26
050,16,061,"Idaho","Lewis County",5,41,49,24,25
050,16,061,"Idaho","Lewis County",5,42,48,31,17
050,16,061,"Idaho","Lewis County",5,43,44,25,19
050,16,061,"Idaho","Lewis County",5,44,48,29,19
050,16,061,"Idaho","Lewis County",5,45,45,26,19
050,16,061,"Idaho","Lewis County",5,46,36,15,21
050,16,061,"Idaho","Lewis County",5,47,29,18,11
050,16,061,"Idaho","Lewis County",5,48,30,15,15
050,16,061,"Idaho","Lewis County",5,49,30,14,16
050,16,061,"Idaho","Lewis County",5,50,35,20,15
050,16,061,"Idaho","Lewis County",5,51,38,15,23
050,16,061,"Idaho","Lewis County",5,52,41,22,19
050,16,061,"Idaho","Lewis County",5,53,38,21,17
050,16,061,"Idaho","Lewis County",5,54,37,15,22
050,16,061,"Idaho","Lewis County",5,55,48,24,24
050,16,061,"Idaho","Lewis County",5,56,38,16,22
050,16,061,"Idaho","Lewis County",5,57,41,19,22
050,16,061,"Idaho","Lewis County",5,58,32,15,17
050,16,061,"Idaho","Lewis County",5,59,43,20,23
050,16,061,"Idaho","Lewis County",5,60,54,30,24
050,16,061,"Idaho","Lewis County",5,61,60,35,25
050,16,061,"Idaho","Lewis County",5,62,71,35,36
050,16,061,"Idaho","Lewis County",5,63,65,32,33
050,16,061,"Idaho","Lewis County",5,64,73,33,40
050,16,061,"Idaho","Lewis County",5,65,67,32,35
050,16,061,"Idaho","Lewis County",5,66,62,29,33
050,16,061,"Idaho","Lewis County",5,67,63,30,33
050,16,061,"Idaho","Lewis County",5,68,69,37,32
050,16,061,"Idaho","Lewis County",5,69,71,36,35
050,16,061,"Idaho","Lewis County",5,70,69,40,29
050,16,061,"Idaho","Lewis County",5,71,73,36,37
050,16,061,"Idaho","Lewis County",5,72,55,29,26
050,16,061,"Idaho","Lewis County",5,73,51,30,21
050,16,061,"Idaho","Lewis County",5,74,56,31,25
050,16,061,"Idaho","Lewis County",5,75,54,25,29
050,16,061,"Idaho","Lewis County",5,76,53,27,26
050,16,061,"Idaho","Lewis County",5,77,28,16,12
050,16,061,"Idaho","Lewis County",5,78,36,21,15
050,16,061,"Idaho","Lewis County",5,79,35,17,18
050,16,061,"Idaho","Lewis County",5,80,38,19,19
050,16,061,"Idaho","Lewis County",5,81,26,12,14
050,16,061,"Idaho","Lewis County",5,82,34,18,16
050,16,061,"Idaho","Lewis County",5,83,18,6,12
050,16,061,"Idaho","Lewis County",5,84,24,12,12
050,16,061,"Idaho","Lewis County",5,85,104,48,56
050,16,063,"Idaho","Lincoln County",1,0,58,30,28
050,16,063,"Idaho","Lincoln County",1,1,69,39,30
050,16,063,"Idaho","Lincoln County",1,2,54,29,25
050,16,063,"Idaho","Lincoln County",1,3,67,36,31
050,16,063,"Idaho","Lincoln County",1,4,70,42,28
050,16,063,"Idaho","Lincoln County",1,5,63,34,29
050,16,063,"Idaho","Lincoln County",1,6,72,36,36
050,16,063,"Idaho","Lincoln County",1,7,70,33,37
050,16,063,"Idaho","Lincoln County",1,8,75,40,35
050,16,063,"Idaho","Lincoln County",1,9,83,47,36
050,16,063,"Idaho","Lincoln County",1,10,75,31,44
050,16,063,"Idaho","Lincoln County",1,11,94,46,48
050,16,063,"Idaho","Lincoln County",1,12,97,56,41
050,16,063,"Idaho","Lincoln County",1,13,90,49,41
050,16,063,"Idaho","Lincoln County",1,14,83,38,45
050,16,063,"Idaho","Lincoln County",1,15,81,46,35
050,16,063,"Idaho","Lincoln County",1,16,103,58,45
050,16,063,"Idaho","Lincoln County",1,17,95,49,46
050,16,063,"Idaho","Lincoln County",1,18,77,35,42
050,16,063,"Idaho","Lincoln County",1,19,63,28,35
050,16,063,"Idaho","Lincoln County",1,20,74,33,41
050,16,063,"Idaho","Lincoln County",1,21,63,31,32
050,16,063,"Idaho","Lincoln County",1,22,52,24,28
050,16,063,"Idaho","Lincoln County",1,23,60,28,32
050,16,063,"Idaho","Lincoln County",1,24,57,30,27
050,16,063,"Idaho","Lincoln County",1,25,72,36,36
050,16,063,"Idaho","Lincoln County",1,26,60,32,28
050,16,063,"Idaho","Lincoln County",1,27,66,34,32
050,16,063,"Idaho","Lincoln County",1,28,64,30,34
050,16,063,"Idaho","Lincoln County",1,29,60,34,26
050,16,063,"Idaho","Lincoln County",1,30,66,38,28
050,16,063,"Idaho","Lincoln County",1,31,62,29,33
050,16,063,"Idaho","Lincoln County",1,32,50,28,22
050,16,063,"Idaho","Lincoln County",1,33,53,26,27
050,16,063,"Idaho","Lincoln County",1,34,62,29,33
050,16,063,"Idaho","Lincoln County",1,35,58,26,32
050,16,063,"Idaho","Lincoln County",1,36,50,21,29
050,16,063,"Idaho","Lincoln County",1,37,55,32,23
050,16,063,"Idaho","Lincoln County",1,38,71,36,35
050,16,063,"Idaho","Lincoln County",1,39,81,36,45
050,16,063,"Idaho","Lincoln County",1,40,78,43,35
050,16,063,"Idaho","Lincoln County",1,41,79,48,31
050,16,063,"Idaho","Lincoln County",1,42,76,44,32
050,16,063,"Idaho","Lincoln County",1,43,78,51,27
050,16,063,"Idaho","Lincoln County",1,44,60,38,22
050,16,063,"Idaho","Lincoln County",1,45,61,36,25
050,16,063,"Idaho","Lincoln County",1,46,55,34,21
050,16,063,"Idaho","Lincoln County",1,47,68,34,34
050,16,063,"Idaho","Lincoln County",1,48,60,26,34
050,16,063,"Idaho","Lincoln County",1,49,65,33,32
050,16,063,"Idaho","Lincoln County",1,50,46,16,30
050,16,063,"Idaho","Lincoln County",1,51,48,30,18
050,16,063,"Idaho","Lincoln County",1,52,55,37,18
050,16,063,"Idaho","Lincoln County",1,53,54,28,26
050,16,063,"Idaho","Lincoln County",1,54,60,34,26
050,16,063,"Idaho","Lincoln County",1,55,75,45,30
050,16,063,"Idaho","Lincoln County",1,56,72,41,31
050,16,063,"Idaho","Lincoln County",1,57,64,34,30
050,16,063,"Idaho","Lincoln County",1,58,75,38,37
050,16,063,"Idaho","Lincoln County",1,59,70,37,33
050,16,063,"Idaho","Lincoln County",1,60,65,32,33
050,16,063,"Idaho","Lincoln County",1,61,55,30,25
050,16,063,"Idaho","Lincoln County",1,62,51,23,28
050,16,063,"Idaho","Lincoln County",1,63,64,32,32
050,16,063,"Idaho","Lincoln County",1,64,66,30,36
050,16,063,"Idaho","Lincoln County",1,65,67,24,43
050,16,063,"Idaho","Lincoln County",1,66,53,26,27
050,16,063,"Idaho","Lincoln County",1,67,54,32,22
050,16,063,"Idaho","Lincoln County",1,68,55,27,28
050,16,063,"Idaho","Lincoln County",1,69,44,24,20
050,16,063,"Idaho","Lincoln County",1,70,48,23,25
050,16,063,"Idaho","Lincoln County",1,71,47,26,21
050,16,063,"Idaho","Lincoln County",1,72,49,26,23
050,16,063,"Idaho","Lincoln County",1,73,41,25,16
050,16,063,"Idaho","Lincoln County",1,74,18,11,7
050,16,063,"Idaho","Lincoln County",1,75,28,11,17
050,16,063,"Idaho","Lincoln County",1,76,32,13,19
050,16,063,"Idaho","Lincoln County",1,77,29,14,15
050,16,063,"Idaho","Lincoln County",1,78,22,10,12
050,16,063,"Idaho","Lincoln County",1,79,11,5,6
050,16,063,"Idaho","Lincoln County",1,80,20,9,11
050,16,063,"Idaho","Lincoln County",1,81,14,8,6
050,16,063,"Idaho","Lincoln County",1,82,18,13,5
050,16,063,"Idaho","Lincoln County",1,83,16,9,7
050,16,063,"Idaho","Lincoln County",1,84,14,9,5
050,16,063,"Idaho","Lincoln County",1,85,72,35,37
050,16,063,"Idaho","Lincoln County",2,0,59,31,28
050,16,063,"Idaho","Lincoln County",2,1,65,36,29
050,16,063,"Idaho","Lincoln County",2,2,58,31,27
050,16,063,"Idaho","Lincoln County",2,3,64,35,29
050,16,063,"Idaho","Lincoln County",2,4,69,41,28
050,16,063,"Idaho","Lincoln County",2,5,65,35,30
050,16,063,"Idaho","Lincoln County",2,6,71,36,35
050,16,063,"Idaho","Lincoln County",2,7,71,35,36
050,16,063,"Idaho","Lincoln County",2,8,73,39,34
050,16,063,"Idaho","Lincoln County",2,9,82,46,36
050,16,063,"Idaho","Lincoln County",2,10,77,36,41
050,16,063,"Idaho","Lincoln County",2,11,89,43,46
050,16,063,"Idaho","Lincoln County",2,12,96,54,42
050,16,063,"Idaho","Lincoln County",2,13,90,50,40
050,16,063,"Idaho","Lincoln County",2,14,83,40,43
050,16,063,"Idaho","Lincoln County",2,15,81,43,38
050,16,063,"Idaho","Lincoln County",2,16,96,54,42
050,16,063,"Idaho","Lincoln County",2,17,97,51,46
050,16,063,"Idaho","Lincoln County",2,18,78,37,41
050,16,063,"Idaho","Lincoln County",2,19,63,27,36
050,16,063,"Idaho","Lincoln County",2,20,71,32,39
050,16,063,"Idaho","Lincoln County",2,21,64,30,34
050,16,063,"Idaho","Lincoln County",2,22,54,25,29
050,16,063,"Idaho","Lincoln County",2,23,59,27,32
050,16,063,"Idaho","Lincoln County",2,24,58,29,29
050,16,063,"Idaho","Lincoln County",2,25,70,36,34
050,16,063,"Idaho","Lincoln County",2,26,63,33,30
050,16,063,"Idaho","Lincoln County",2,27,63,33,30
050,16,063,"Idaho","Lincoln County",2,28,65,31,34
050,16,063,"Idaho","Lincoln County",2,29,60,34,26
050,16,063,"Idaho","Lincoln County",2,30,66,38,28
050,16,063,"Idaho","Lincoln County",2,31,61,30,31
050,16,063,"Idaho","Lincoln County",2,32,53,28,25
050,16,063,"Idaho","Lincoln County",2,33,54,27,27
050,16,063,"Idaho","Lincoln County",2,34,61,29,32
050,16,063,"Idaho","Lincoln County",2,35,60,27,33
050,16,063,"Idaho","Lincoln County",2,36,51,22,29
050,16,063,"Idaho","Lincoln County",2,37,54,30,24
050,16,063,"Idaho","Lincoln County",2,38,69,35,34
050,16,063,"Idaho","Lincoln County",2,39,79,36,43
050,16,063,"Idaho","Lincoln County",2,40,79,42,37
050,16,063,"Idaho","Lincoln County",2,41,78,47,31
050,16,063,"Idaho","Lincoln County",2,42,75,44,31
050,16,063,"Idaho","Lincoln County",2,43,79,50,29
050,16,063,"Idaho","Lincoln County",2,44,63,41,22
050,16,063,"Idaho","Lincoln County",2,45,60,36,24
050,16,063,"Idaho","Lincoln County",2,46,56,34,22
050,16,063,"Idaho","Lincoln County",2,47,65,35,30
050,16,063,"Idaho","Lincoln County",2,48,62,27,35
050,16,063,"Idaho","Lincoln County",2,49,61,30,31
050,16,063,"Idaho","Lincoln County",2,50,51,20,31
050,16,063,"Idaho","Lincoln County",2,51,47,27,20
050,16,063,"Idaho","Lincoln County",2,52,52,35,17
050,16,063,"Idaho","Lincoln County",2,53,54,30,24
050,16,063,"Idaho","Lincoln County",2,54,59,32,27
050,16,063,"Idaho","Lincoln County",2,55,72,43,29
050,16,063,"Idaho","Lincoln County",2,56,74,43,31
050,16,063,"Idaho","Lincoln County",2,57,66,36,30
050,16,063,"Idaho","Lincoln County",2,58,73,38,35
050,16,063,"Idaho","Lincoln County",2,59,71,37,34
050,16,063,"Idaho","Lincoln County",2,60,68,33,35
050,16,063,"Idaho","Lincoln County",2,61,57,31,26
050,16,063,"Idaho","Lincoln County",2,62,51,24,27
050,16,063,"Idaho","Lincoln County",2,63,62,31,31
050,16,063,"Idaho","Lincoln County",2,64,65,30,35
050,16,063,"Idaho","Lincoln County",2,65,69,26,43
050,16,063,"Idaho","Lincoln County",2,66,56,25,31
050,16,063,"Idaho","Lincoln County",2,67,54,30,24
050,16,063,"Idaho","Lincoln County",2,68,56,29,27
050,16,063,"Idaho","Lincoln County",2,69,46,25,21
050,16,063,"Idaho","Lincoln County",2,70,48,24,24
050,16,063,"Idaho","Lincoln County",2,71,48,26,22
050,16,063,"Idaho","Lincoln County",2,72,47,25,22
050,16,063,"Idaho","Lincoln County",2,73,44,26,18
050,16,063,"Idaho","Lincoln County",2,74,22,13,9
050,16,063,"Idaho","Lincoln County",2,75,26,11,15
050,16,063,"Idaho","Lincoln County",2,76,31,13,18
050,16,063,"Idaho","Lincoln County",2,77,31,14,17
050,16,063,"Idaho","Lincoln County",2,78,24,11,13
050,16,063,"Idaho","Lincoln County",2,79,14,6,8
050,16,063,"Idaho","Lincoln County",2,80,18,8,10
050,16,063,"Idaho","Lincoln County",2,81,15,8,7
050,16,063,"Idaho","Lincoln County",2,82,17,12,5
050,16,063,"Idaho","Lincoln County",2,83,17,10,7
050,16,063,"Idaho","Lincoln County",2,84,14,9,5
050,16,063,"Idaho","Lincoln County",2,85,75,37,38
050,16,063,"Idaho","Lincoln County",3,0,64,31,33
050,16,063,"Idaho","Lincoln County",3,1,66,36,30
050,16,063,"Idaho","Lincoln County",3,2,68,38,30
050,16,063,"Idaho","Lincoln County",3,3,61,33,28
050,16,063,"Idaho","Lincoln County",3,4,67,39,28
050,16,063,"Idaho","Lincoln County",3,5,74,40,34
050,16,063,"Idaho","Lincoln County",3,6,68,36,32
050,16,063,"Idaho","Lincoln County",3,7,77,41,36
050,16,063,"Idaho","Lincoln County",3,8,72,36,36
050,16,063,"Idaho","Lincoln County",3,9,72,40,32
050,16,063,"Idaho","Lincoln County",3,10,87,46,41
050,16,063,"Idaho","Lincoln County",3,11,75,34,41
050,16,063,"Idaho","Lincoln County",3,12,95,46,49
050,16,063,"Idaho","Lincoln County",3,13,92,49,43
050,16,063,"Idaho","Lincoln County",3,14,87,46,41
050,16,063,"Idaho","Lincoln County",3,15,86,43,43
050,16,063,"Idaho","Lincoln County",3,16,85,44,41
050,16,063,"Idaho","Lincoln County",3,17,93,52,41
050,16,063,"Idaho","Lincoln County",3,18,83,47,36
050,16,063,"Idaho","Lincoln County",3,19,71,34,37
050,16,063,"Idaho","Lincoln County",3,20,65,31,34
050,16,063,"Idaho","Lincoln County",3,21,67,32,35
050,16,063,"Idaho","Lincoln County",3,22,60,28,32
050,16,063,"Idaho","Lincoln County",3,23,61,30,31
050,16,063,"Idaho","Lincoln County",3,24,62,26,36
050,16,063,"Idaho","Lincoln County",3,25,76,39,37
050,16,063,"Idaho","Lincoln County",3,26,71,38,33
050,16,063,"Idaho","Lincoln County",3,27,64,33,31
050,16,063,"Idaho","Lincoln County",3,28,76,39,37
050,16,063,"Idaho","Lincoln County",3,29,69,34,35
050,16,063,"Idaho","Lincoln County",3,30,70,35,35
050,16,063,"Idaho","Lincoln County",3,31,75,46,29
050,16,063,"Idaho","Lincoln County",3,32,67,34,33
050,16,063,"Idaho","Lincoln County",3,33,57,29,28
050,16,063,"Idaho","Lincoln County",3,34,55,30,25
050,16,063,"Idaho","Lincoln County",3,35,57,26,31
050,16,063,"Idaho","Lincoln County",3,36,61,28,33
050,16,063,"Idaho","Lincoln County",3,37,53,24,29
050,16,063,"Idaho","Lincoln County",3,38,58,34,24
050,16,063,"Idaho","Lincoln County",3,39,72,37,35
050,16,063,"Idaho","Lincoln County",3,40,85,41,44
050,16,063,"Idaho","Lincoln County",3,41,81,44,37
050,16,063,"Idaho","Lincoln County",3,42,84,49,35
050,16,063,"Idaho","Lincoln County",3,43,74,43,31
050,16,063,"Idaho","Lincoln County",3,44,81,50,31
050,16,063,"Idaho","Lincoln County",3,45,63,41,22
050,16,063,"Idaho","Lincoln County",3,46,62,38,24
050,16,063,"Idaho","Lincoln County",3,47,56,34,22
050,16,063,"Idaho","Lincoln County",3,48,68,37,31
050,16,063,"Idaho","Lincoln County",3,49,67,31,36
050,16,063,"Idaho","Lincoln County",3,50,59,30,29
050,16,063,"Idaho","Lincoln County",3,51,53,26,27
050,16,063,"Idaho","Lincoln County",3,52,41,21,20
050,16,063,"Idaho","Lincoln County",3,53,53,35,18
050,16,063,"Idaho","Lincoln County",3,54,53,30,23
050,16,063,"Idaho","Lincoln County",3,55,56,29,27
050,16,063,"Idaho","Lincoln County",3,56,75,44,31
050,16,063,"Idaho","Lincoln County",3,57,70,41,29
050,16,063,"Idaho","Lincoln County",3,58,65,36,29
050,16,063,"Idaho","Lincoln County",3,59,75,37,38
050,16,063,"Idaho","Lincoln County",3,60,71,34,37
050,16,063,"Idaho","Lincoln County",3,61,71,34,37
050,16,063,"Idaho","Lincoln County",3,62,67,36,31
050,16,063,"Idaho","Lincoln County",3,63,59,26,33
050,16,063,"Idaho","Lincoln County",3,64,63,33,30
050,16,063,"Idaho","Lincoln County",3,65,63,31,32
050,16,063,"Idaho","Lincoln County",3,66,68,26,42
050,16,063,"Idaho","Lincoln County",3,67,54,24,30
050,16,063,"Idaho","Lincoln County",3,68,52,28,24
050,16,063,"Idaho","Lincoln County",3,69,53,30,23
050,16,063,"Idaho","Lincoln County",3,70,45,24,21
050,16,063,"Idaho","Lincoln County",3,71,54,29,25
050,16,063,"Idaho","Lincoln County",3,72,44,23,21
050,16,063,"Idaho","Lincoln County",3,73,46,26,20
050,16,063,"Idaho","Lincoln County",3,74,43,27,16
050,16,063,"Idaho","Lincoln County",3,75,21,12,9
050,16,063,"Idaho","Lincoln County",3,76,24,10,14
050,16,063,"Idaho","Lincoln County",3,77,30,13,17
050,16,063,"Idaho","Lincoln County",3,78,28,10,18
050,16,063,"Idaho","Lincoln County",3,79,21,10,11
050,16,063,"Idaho","Lincoln County",3,80,12,4,8
050,16,063,"Idaho","Lincoln County",3,81,16,8,8
050,16,063,"Idaho","Lincoln County",3,82,18,10,8
050,16,063,"Idaho","Lincoln County",3,83,12,9,3
050,16,063,"Idaho","Lincoln County",3,84,17,12,5
050,16,063,"Idaho","Lincoln County",3,85,73,37,36
050,16,063,"Idaho","Lincoln County",4,0,66,35,31
050,16,063,"Idaho","Lincoln County",4,1,65,25,40
050,16,063,"Idaho","Lincoln County",4,2,70,36,34
050,16,063,"Idaho","Lincoln County",4,3,70,40,30
050,16,063,"Idaho","Lincoln County",4,4,63,30,33
050,16,063,"Idaho","Lincoln County",4,5,72,40,32
050,16,063,"Idaho","Lincoln County",4,6,76,41,35
050,16,063,"Idaho","Lincoln County",4,7,78,35,43
050,16,063,"Idaho","Lincoln County",4,8,81,43,38
050,16,063,"Idaho","Lincoln County",4,9,76,37,39
050,16,063,"Idaho","Lincoln County",4,10,76,45,31
050,16,063,"Idaho","Lincoln County",4,11,87,46,41
050,16,063,"Idaho","Lincoln County",4,12,71,35,36
050,16,063,"Idaho","Lincoln County",4,13,98,47,51
050,16,063,"Idaho","Lincoln County",4,14,96,49,47
050,16,063,"Idaho","Lincoln County",4,15,93,52,41
050,16,063,"Idaho","Lincoln County",4,16,85,42,43
050,16,063,"Idaho","Lincoln County",4,17,88,46,42
050,16,063,"Idaho","Lincoln County",4,18,82,47,35
050,16,063,"Idaho","Lincoln County",4,19,71,35,36
050,16,063,"Idaho","Lincoln County",4,20,74,33,41
050,16,063,"Idaho","Lincoln County",4,21,66,34,32
050,16,063,"Idaho","Lincoln County",4,22,75,35,40
050,16,063,"Idaho","Lincoln County",4,23,59,30,29
050,16,063,"Idaho","Lincoln County",4,24,70,33,37
050,16,063,"Idaho","Lincoln County",4,25,74,36,38
050,16,063,"Idaho","Lincoln County",4,26,74,36,38
050,16,063,"Idaho","Lincoln County",4,27,70,39,31
050,16,063,"Idaho","Lincoln County",4,28,71,35,36
050,16,063,"Idaho","Lincoln County",4,29,69,33,36
050,16,063,"Idaho","Lincoln County",4,30,65,34,31
050,16,063,"Idaho","Lincoln County",4,31,70,40,30
050,16,063,"Idaho","Lincoln County",4,32,75,45,30
050,16,063,"Idaho","Lincoln County",4,33,70,36,34
050,16,063,"Idaho","Lincoln County",4,34,56,31,25
050,16,063,"Idaho","Lincoln County",4,35,60,30,30
050,16,063,"Idaho","Lincoln County",4,36,69,30,39
050,16,063,"Idaho","Lincoln County",4,37,64,28,36
050,16,063,"Idaho","Lincoln County",4,38,55,24,31
050,16,063,"Idaho","Lincoln County",4,39,60,36,24
050,16,063,"Idaho","Lincoln County",4,40,74,36,38
050,16,063,"Idaho","Lincoln County",4,41,86,43,43
050,16,063,"Idaho","Lincoln County",4,42,82,46,36
050,16,063,"Idaho","Lincoln County",4,43,79,48,31
050,16,063,"Idaho","Lincoln County",4,44,72,41,31
050,16,063,"Idaho","Lincoln County",4,45,81,46,35
050,16,063,"Idaho","Lincoln County",4,46,61,37,24
050,16,063,"Idaho","Lincoln County",4,47,56,36,20
050,16,063,"Idaho","Lincoln County",4,48,58,36,22
050,16,063,"Idaho","Lincoln County",4,49,68,38,30
050,16,063,"Idaho","Lincoln County",4,50,69,29,40
050,16,063,"Idaho","Lincoln County",4,51,59,30,29
050,16,063,"Idaho","Lincoln County",4,52,52,28,24
050,16,063,"Idaho","Lincoln County",4,53,41,19,22
050,16,063,"Idaho","Lincoln County",4,54,53,35,18
050,16,063,"Idaho","Lincoln County",4,55,56,33,23
050,16,063,"Idaho","Lincoln County",4,56,61,29,32
050,16,063,"Idaho","Lincoln County",4,57,73,42,31
050,16,063,"Idaho","Lincoln County",4,58,74,45,29
050,16,063,"Idaho","Lincoln County",4,59,66,35,31
050,16,063,"Idaho","Lincoln County",4,60,75,37,38
050,16,063,"Idaho","Lincoln County",4,61,71,35,36
050,16,063,"Idaho","Lincoln County",4,62,68,35,33
050,16,063,"Idaho","Lincoln County",4,63,68,36,32
050,16,063,"Idaho","Lincoln County",4,64,61,26,35
050,16,063,"Idaho","Lincoln County",4,65,65,31,34
050,16,063,"Idaho","Lincoln County",4,66,63,31,32
050,16,063,"Idaho","Lincoln County",4,67,65,26,39
050,16,063,"Idaho","Lincoln County",4,68,57,25,32
050,16,063,"Idaho","Lincoln County",4,69,50,30,20
050,16,063,"Idaho","Lincoln County",4,70,50,28,22
050,16,063,"Idaho","Lincoln County",4,71,45,26,19
050,16,063,"Idaho","Lincoln County",4,72,48,26,22
050,16,063,"Idaho","Lincoln County",4,73,43,22,21
050,16,063,"Idaho","Lincoln County",4,74,42,23,19
050,16,063,"Idaho","Lincoln County",4,75,42,25,17
050,16,063,"Idaho","Lincoln County",4,76,16,11,5
050,16,063,"Idaho","Lincoln County",4,77,25,11,14
050,16,063,"Idaho","Lincoln County",4,78,25,9,16
050,16,063,"Idaho","Lincoln County",4,79,29,11,18
050,16,063,"Idaho","Lincoln County",4,80,20,11,9
050,16,063,"Idaho","Lincoln County",4,81,11,4,7
050,16,063,"Idaho","Lincoln County",4,82,18,10,8
050,16,063,"Idaho","Lincoln County",4,83,17,8,9
050,16,063,"Idaho","Lincoln County",4,84,8,7,1
050,16,063,"Idaho","Lincoln County",4,85,72,40,32
050,16,063,"Idaho","Lincoln County",5,0,64,34,30
050,16,063,"Idaho","Lincoln County",5,1,64,32,32
050,16,063,"Idaho","Lincoln County",5,2,65,30,35
050,16,063,"Idaho","Lincoln County",5,3,73,35,38
050,16,063,"Idaho","Lincoln County",5,4,73,41,32
050,16,063,"Idaho","Lincoln County",5,5,67,30,37
050,16,063,"Idaho","Lincoln County",5,6,67,33,34
050,16,063,"Idaho","Lincoln County",5,7,75,41,34
050,16,063,"Idaho","Lincoln County",5,8,80,38,42
050,16,063,"Idaho","Lincoln County",5,9,75,40,35
050,16,063,"Idaho","Lincoln County",5,10,79,33,46
050,16,063,"Idaho","Lincoln County",5,11,76,45,31
050,16,063,"Idaho","Lincoln County",5,12,88,47,41
050,16,063,"Idaho","Lincoln County",5,13,75,32,43
050,16,063,"Idaho","Lincoln County",5,14,98,47,51
050,16,063,"Idaho","Lincoln County",5,15,96,47,49
050,16,063,"Idaho","Lincoln County",5,16,91,51,40
050,16,063,"Idaho","Lincoln County",5,17,82,40,42
050,16,063,"Idaho","Lincoln County",5,18,79,40,39
050,16,063,"Idaho","Lincoln County",5,19,61,35,26
050,16,063,"Idaho","Lincoln County",5,20,71,33,38
050,16,063,"Idaho","Lincoln County",5,21,77,35,42
050,16,063,"Idaho","Lincoln County",5,22,71,33,38
050,16,063,"Idaho","Lincoln County",5,23,79,39,40
050,16,063,"Idaho","Lincoln County",5,24,67,41,26
050,16,063,"Idaho","Lincoln County",5,25,69,33,36
050,16,063,"Idaho","Lincoln County",5,26,69,34,35
050,16,063,"Idaho","Lincoln County",5,27,80,37,43
050,16,063,"Idaho","Lincoln County",5,28,72,44,28
050,16,063,"Idaho","Lincoln County",5,29,73,39,34
050,16,063,"Idaho","Lincoln County",5,30,74,34,40
050,16,063,"Idaho","Lincoln County",5,31,66,33,33
050,16,063,"Idaho","Lincoln County",5,32,69,42,27
050,16,063,"Idaho","Lincoln County",5,33,76,44,32
050,16,063,"Idaho","Lincoln County",5,34,66,32,34
050,16,063,"Idaho","Lincoln County",5,35,62,32,30
050,16,063,"Idaho","Lincoln County",5,36,62,30,32
050,16,063,"Idaho","Lincoln County",5,37,65,30,35
050,16,063,"Idaho","Lincoln County",5,38,65,29,36
050,16,063,"Idaho","Lincoln County",5,39,57,27,30
050,16,063,"Idaho","Lincoln County",5,40,59,36,23
050,16,063,"Idaho","Lincoln County",5,41,71,32,39
050,16,063,"Idaho","Lincoln County",5,42,91,47,44
050,16,063,"Idaho","Lincoln County",5,43,82,46,36
050,16,063,"Idaho","Lincoln County",5,44,80,48,32
050,16,063,"Idaho","Lincoln County",5,45,74,40,34
050,16,063,"Idaho","Lincoln County",5,46,78,48,30
050,16,063,"Idaho","Lincoln County",5,47,63,39,24
050,16,063,"Idaho","Lincoln County",5,48,60,40,20
050,16,063,"Idaho","Lincoln County",5,49,62,42,20
050,16,063,"Idaho","Lincoln County",5,50,67,37,30
050,16,063,"Idaho","Lincoln County",5,51,70,27,43
050,16,063,"Idaho","Lincoln County",5,52,60,29,31
050,16,063,"Idaho","Lincoln County",5,53,57,32,25
050,16,063,"Idaho","Lincoln County",5,54,41,19,22
050,16,063,"Idaho","Lincoln County",5,55,57,36,21
050,16,063,"Idaho","Lincoln County",5,56,56,34,22
050,16,063,"Idaho","Lincoln County",5,57,66,34,32
050,16,063,"Idaho","Lincoln County",5,58,77,46,31
050,16,063,"Idaho","Lincoln County",5,59,71,42,29
050,16,063,"Idaho","Lincoln County",5,60,67,32,35
050,16,063,"Idaho","Lincoln County",5,61,73,36,37
050,16,063,"Idaho","Lincoln County",5,62,72,34,38
050,16,063,"Idaho","Lincoln County",5,63,69,34,35
050,16,063,"Idaho","Lincoln County",5,64,68,36,32
050,16,063,"Idaho","Lincoln County",5,65,54,25,29
050,16,063,"Idaho","Lincoln County",5,66,63,31,32
050,16,063,"Idaho","Lincoln County",5,67,61,30,31
050,16,063,"Idaho","Lincoln County",5,68,67,25,42
050,16,063,"Idaho","Lincoln County",5,69,58,27,31
050,16,063,"Idaho","Lincoln County",5,70,50,28,22
050,16,063,"Idaho","Lincoln County",5,71,51,29,22
050,16,063,"Idaho","Lincoln County",5,72,44,26,18
050,16,063,"Idaho","Lincoln County",5,73,46,25,21
050,16,063,"Idaho","Lincoln County",5,74,42,22,20
050,16,063,"Idaho","Lincoln County",5,75,43,22,21
050,16,063,"Idaho","Lincoln County",5,76,37,24,13
050,16,063,"Idaho","Lincoln County",5,77,16,11,5
050,16,063,"Idaho","Lincoln County",5,78,21,9,12
050,16,063,"Idaho","Lincoln County",5,79,24,8,16
050,16,063,"Idaho","Lincoln County",5,80,30,12,18
050,16,063,"Idaho","Lincoln County",5,81,21,12,9
050,16,063,"Idaho","Lincoln County",5,82,14,7,7
050,16,063,"Idaho","Lincoln County",5,83,16,8,8
050,16,063,"Idaho","Lincoln County",5,84,17,8,9
050,16,063,"Idaho","Lincoln County",5,85,66,40,26
050,16,065,"Idaho","Madison County",1,0,1093,562,531
050,16,065,"Idaho","Madison County",1,1,862,450,412
050,16,065,"Idaho","Madison County",1,2,670,355,315
050,16,065,"Idaho","Madison County",1,3,571,316,255
050,16,065,"Idaho","Madison County",1,4,530,280,250
050,16,065,"Idaho","Madison County",1,5,511,276,235
050,16,065,"Idaho","Madison County",1,6,475,259,216
050,16,065,"Idaho","Madison County",1,7,499,248,251
050,16,065,"Idaho","Madison County",1,8,501,243,258
050,16,065,"Idaho","Madison County",1,9,439,217,222
050,16,065,"Idaho","Madison County",1,10,486,247,239
050,16,065,"Idaho","Madison County",1,11,502,260,242
050,16,065,"Idaho","Madison County",1,12,535,278,257
050,16,065,"Idaho","Madison County",1,13,555,282,273
050,16,065,"Idaho","Madison County",1,14,593,299,294
050,16,065,"Idaho","Madison County",1,15,563,291,272
050,16,065,"Idaho","Madison County",1,16,601,290,311
050,16,065,"Idaho","Madison County",1,17,775,373,402
050,16,065,"Idaho","Madison County",1,18,6686,2114,4572
050,16,065,"Idaho","Madison County",1,19,6787,1203,5584
050,16,065,"Idaho","Madison County",1,20,2628,481,2147
050,16,065,"Idaho","Madison County",1,21,2256,1261,995
050,16,065,"Idaho","Madison County",1,22,2547,1715,832
050,16,065,"Idaho","Madison County",1,23,2387,1381,1006
050,16,065,"Idaho","Madison County",1,24,1867,1157,710
050,16,065,"Idaho","Madison County",1,25,1373,843,530
050,16,065,"Idaho","Madison County",1,26,1085,644,441
050,16,065,"Idaho","Madison County",1,27,822,475,347
050,16,065,"Idaho","Madison County",1,28,625,353,272
050,16,065,"Idaho","Madison County",1,29,574,337,237
050,16,065,"Idaho","Madison County",1,30,411,220,191
050,16,065,"Idaho","Madison County",1,31,409,232,177
050,16,065,"Idaho","Madison County",1,32,378,173,205
050,16,065,"Idaho","Madison County",1,33,331,182,149
050,16,065,"Idaho","Madison County",1,34,355,202,153
050,16,065,"Idaho","Madison County",1,35,332,177,155
050,16,065,"Idaho","Madison County",1,36,312,145,167
050,16,065,"Idaho","Madison County",1,37,296,155,141
050,16,065,"Idaho","Madison County",1,38,309,162,147
050,16,065,"Idaho","Madison County",1,39,295,149,146
050,16,065,"Idaho","Madison County",1,40,309,159,150
050,16,065,"Idaho","Madison County",1,41,311,168,143
050,16,065,"Idaho","Madison County",1,42,293,156,137
050,16,065,"Idaho","Madison County",1,43,287,154,133
050,16,065,"Idaho","Madison County",1,44,285,147,138
050,16,065,"Idaho","Madison County",1,45,274,139,135
050,16,065,"Idaho","Madison County",1,46,251,129,122
050,16,065,"Idaho","Madison County",1,47,241,126,115
050,16,065,"Idaho","Madison County",1,48,254,127,127
050,16,065,"Idaho","Madison County",1,49,265,133,132
050,16,065,"Idaho","Madison County",1,50,258,129,129
050,16,065,"Idaho","Madison County",1,51,224,115,109
050,16,065,"Idaho","Madison County",1,52,198,100,98
050,16,065,"Idaho","Madison County",1,53,197,91,106
050,16,065,"Idaho","Madison County",1,54,211,102,109
050,16,065,"Idaho","Madison County",1,55,231,127,104
050,16,065,"Idaho","Madison County",1,56,230,108,122
050,16,065,"Idaho","Madison County",1,57,231,118,113
050,16,065,"Idaho","Madison County",1,58,262,124,138
050,16,065,"Idaho","Madison County",1,59,238,114,124
050,16,065,"Idaho","Madison County",1,60,239,116,123
050,16,065,"Idaho","Madison County",1,61,235,111,124
050,16,065,"Idaho","Madison County",1,62,228,111,117
050,16,065,"Idaho","Madison County",1,63,235,110,125
050,16,065,"Idaho","Madison County",1,64,231,107,124
050,16,065,"Idaho","Madison County",1,65,212,108,104
050,16,065,"Idaho","Madison County",1,66,207,104,103
050,16,065,"Idaho","Madison County",1,67,188,90,98
050,16,065,"Idaho","Madison County",1,68,184,98,86
050,16,065,"Idaho","Madison County",1,69,162,82,80
050,16,065,"Idaho","Madison County",1,70,164,82,82
050,16,065,"Idaho","Madison County",1,71,154,65,89
050,16,065,"Idaho","Madison County",1,72,148,63,85
050,16,065,"Idaho","Madison County",1,73,151,73,78
050,16,065,"Idaho","Madison County",1,74,107,55,52
050,16,065,"Idaho","Madison County",1,75,114,55,59
050,16,065,"Idaho","Madison County",1,76,115,55,60
050,16,065,"Idaho","Madison County",1,77,124,66,58
050,16,065,"Idaho","Madison County",1,78,106,43,63
050,16,065,"Idaho","Madison County",1,79,80,36,44
050,16,065,"Idaho","Madison County",1,80,75,36,39
050,16,065,"Idaho","Madison County",1,81,84,39,45
050,16,065,"Idaho","Madison County",1,82,73,30,43
050,16,065,"Idaho","Madison County",1,83,57,20,37
050,16,065,"Idaho","Madison County",1,84,62,28,34
050,16,065,"Idaho","Madison County",1,85,302,123,179
050,16,065,"Idaho","Madison County",2,0,1053,539,514
050,16,065,"Idaho","Madison County",2,1,863,445,418
050,16,065,"Idaho","Madison County",2,2,683,362,321
050,16,065,"Idaho","Madison County",2,3,575,314,261
050,16,065,"Idaho","Madison County",2,4,530,286,244
050,16,065,"Idaho","Madison County",2,5,506,273,233
050,16,065,"Idaho","Madison County",2,6,483,265,218
050,16,065,"Idaho","Madison County",2,7,494,252,242
050,16,065,"Idaho","Madison County",2,8,497,245,252
050,16,065,"Idaho","Madison County",2,9,454,225,229
050,16,065,"Idaho","Madison County",2,10,470,238,232
050,16,065,"Idaho","Madison County",2,11,495,255,240
050,16,065,"Idaho","Madison County",2,12,531,277,254
050,16,065,"Idaho","Madison County",2,13,552,282,270
050,16,065,"Idaho","Madison County",2,14,586,298,288
050,16,065,"Idaho","Madison County",2,15,571,292,279
050,16,065,"Idaho","Madison County",2,16,600,294,306
050,16,065,"Idaho","Madison County",2,17,771,366,405
050,16,065,"Idaho","Madison County",2,18,6689,2115,4574
050,16,065,"Idaho","Madison County",2,19,6790,1207,5583
050,16,065,"Idaho","Madison County",2,20,2665,497,2168
050,16,065,"Idaho","Madison County",2,21,2291,1298,993
050,16,065,"Idaho","Madison County",2,22,2542,1729,813
050,16,065,"Idaho","Madison County",2,23,2324,1346,978
050,16,065,"Idaho","Madison County",2,24,1829,1120,709
050,16,065,"Idaho","Madison County",2,25,1368,837,531
050,16,065,"Idaho","Madison County",2,26,1104,649,455
050,16,065,"Idaho","Madison County",2,27,833,478,355
050,16,065,"Idaho","Madison County",2,28,633,359,274
050,16,065,"Idaho","Madison County",2,29,583,341,242
050,16,065,"Idaho","Madison County",2,30,420,227,193
050,16,065,"Idaho","Madison County",2,31,409,230,179
050,16,065,"Idaho","Madison County",2,32,381,179,202
050,16,065,"Idaho","Madison County",2,33,333,178,155
050,16,065,"Idaho","Madison County",2,34,354,204,150
050,16,065,"Idaho","Madison County",2,35,328,174,154
050,16,065,"Idaho","Madison County",2,36,315,150,165
050,16,065,"Idaho","Madison County",2,37,295,153,142
050,16,065,"Idaho","Madison County",2,38,305,161,144
050,16,065,"Idaho","Madison County",2,39,294,150,144
050,16,065,"Idaho","Madison County",2,40,310,158,152
050,16,065,"Idaho","Madison County",2,41,312,166,146
050,16,065,"Idaho","Madison County",2,42,297,159,138
050,16,065,"Idaho","Madison County",2,43,290,155,135
050,16,065,"Idaho","Madison County",2,44,283,146,137
050,16,065,"Idaho","Madison County",2,45,276,142,134
050,16,065,"Idaho","Madison County",2,46,255,131,124
050,16,065,"Idaho","Madison County",2,47,243,127,116
050,16,065,"Idaho","Madison County",2,48,251,126,125
050,16,065,"Idaho","Madison County",2,49,263,133,130
050,16,065,"Idaho","Madison County",2,50,260,130,130
050,16,065,"Idaho","Madison County",2,51,233,120,113
050,16,065,"Idaho","Madison County",2,52,203,102,101
050,16,065,"Idaho","Madison County",2,53,199,94,105
050,16,065,"Idaho","Madison County",2,54,207,99,108
050,16,065,"Idaho","Madison County",2,55,227,122,105
050,16,065,"Idaho","Madison County",2,56,231,112,119
050,16,065,"Idaho","Madison County",2,57,232,116,116
050,16,065,"Idaho","Madison County",2,58,252,121,131
050,16,065,"Idaho","Madison County",2,59,246,117,129
050,16,065,"Idaho","Madison County",2,60,237,114,123
050,16,065,"Idaho","Madison County",2,61,233,111,122
050,16,065,"Idaho","Madison County",2,62,231,113,118
050,16,065,"Idaho","Madison County",2,63,231,108,123
050,16,065,"Idaho","Madison County",2,64,227,107,120
050,16,065,"Idaho","Madison County",2,65,216,106,110
050,16,065,"Idaho","Madison County",2,66,206,104,102
050,16,065,"Idaho","Madison County",2,67,188,91,97
050,16,065,"Idaho","Madison County",2,68,184,97,87
050,16,065,"Idaho","Madison County",2,69,168,86,82
050,16,065,"Idaho","Madison County",2,70,166,84,82
050,16,065,"Idaho","Madison County",2,71,155,67,88
050,16,065,"Idaho","Madison County",2,72,146,62,84
050,16,065,"Idaho","Madison County",2,73,159,75,84
050,16,065,"Idaho","Madison County",2,74,110,54,56
050,16,065,"Idaho","Madison County",2,75,115,57,58
050,16,065,"Idaho","Madison County",2,76,111,52,59
050,16,065,"Idaho","Madison County",2,77,127,67,60
050,16,065,"Idaho","Madison County",2,78,111,48,63
050,16,065,"Idaho","Madison County",2,79,83,36,47
050,16,065,"Idaho","Madison County",2,80,76,37,39
050,16,065,"Idaho","Madison County",2,81,82,39,43
050,16,065,"Idaho","Madison County",2,82,74,30,44
050,16,065,"Idaho","Madison County",2,83,58,21,37
050,16,065,"Idaho","Madison County",2,84,62,27,35
050,16,065,"Idaho","Madison County",2,85,303,124,179
050,16,065,"Idaho","Madison County",3,0,1073,571,502
050,16,065,"Idaho","Madison County",3,1,879,465,414
050,16,065,"Idaho","Madison County",3,2,713,371,342
050,16,065,"Idaho","Madison County",3,3,604,349,255
050,16,065,"Idaho","Madison County",3,4,529,281,248
050,16,065,"Idaho","Madison County",3,5,520,265,255
050,16,065,"Idaho","Madison County",3,6,494,271,223
050,16,065,"Idaho","Madison County",3,7,499,268,231
050,16,065,"Idaho","Madison County",3,8,502,260,242
050,16,065,"Idaho","Madison County",3,9,512,248,264
050,16,065,"Idaho","Madison County",3,10,485,248,237
050,16,065,"Idaho","Madison County",3,11,478,245,233
050,16,065,"Idaho","Madison County",3,12,528,289,239
050,16,065,"Idaho","Madison County",3,13,542,280,262
050,16,065,"Idaho","Madison County",3,14,574,292,282
050,16,065,"Idaho","Madison County",3,15,609,308,301
050,16,065,"Idaho","Madison County",3,16,611,299,312
050,16,065,"Idaho","Madison County",3,17,760,352,408
050,16,065,"Idaho","Madison County",3,18,6871,2170,4701
050,16,065,"Idaho","Madison County",3,19,6908,1261,5647
050,16,065,"Idaho","Madison County",3,20,2757,545,2212
050,16,065,"Idaho","Madison County",3,21,2384,1364,1020
050,16,065,"Idaho","Madison County",3,22,2634,1804,830
050,16,065,"Idaho","Madison County",3,23,2266,1327,939
050,16,065,"Idaho","Madison County",3,24,1810,1053,757
050,16,065,"Idaho","Madison County",3,25,1419,861,558
050,16,065,"Idaho","Madison County",3,26,1149,657,492
050,16,065,"Idaho","Madison County",3,27,897,506,391
050,16,065,"Idaho","Madison County",3,28,688,398,290
050,16,065,"Idaho","Madison County",3,29,603,341,262
050,16,065,"Idaho","Madison County",3,30,424,255,169
050,16,065,"Idaho","Madison County",3,31,405,227,178
050,16,065,"Idaho","Madison County",3,32,385,182,203
050,16,065,"Idaho","Madison County",3,33,348,174,174
050,16,065,"Idaho","Madison County",3,34,361,199,162
050,16,065,"Idaho","Madison County",3,35,330,179,151
050,16,065,"Idaho","Madison County",3,36,344,171,173
050,16,065,"Idaho","Madison County",3,37,297,152,145
050,16,065,"Idaho","Madison County",3,38,291,147,144
050,16,065,"Idaho","Madison County",3,39,315,166,149
050,16,065,"Idaho","Madison County",3,40,306,160,146
050,16,065,"Idaho","Madison County",3,41,313,164,149
050,16,065,"Idaho","Madison County",3,42,318,171,147
050,16,065,"Idaho","Madison County",3,43,296,153,143
050,16,065,"Idaho","Madison County",3,44,297,149,148
050,16,065,"Idaho","Madison County",3,45,286,151,135
050,16,065,"Idaho","Madison County",3,46,276,141,135
050,16,065,"Idaho","Madison County",3,47,255,134,121
050,16,065,"Idaho","Madison County",3,48,239,127,112
050,16,065,"Idaho","Madison County",3,49,262,130,132
050,16,065,"Idaho","Madison County",3,50,265,132,133
050,16,065,"Idaho","Madison County",3,51,255,133,122
050,16,065,"Idaho","Madison County",3,52,228,116,112
050,16,065,"Idaho","Madison County",3,53,208,105,103
050,16,065,"Idaho","Madison County",3,54,194,90,104
050,16,065,"Idaho","Madison County",3,55,211,105,106
050,16,065,"Idaho","Madison County",3,56,222,117,105
050,16,065,"Idaho","Madison County",3,57,229,111,118
050,16,065,"Idaho","Madison County",3,58,226,116,110
050,16,065,"Idaho","Madison County",3,59,246,115,131
050,16,065,"Idaho","Madison County",3,60,242,115,127
050,16,065,"Idaho","Madison County",3,61,236,112,124
050,16,065,"Idaho","Madison County",3,62,236,114,122
050,16,065,"Idaho","Madison County",3,63,220,106,114
050,16,065,"Idaho","Madison County",3,64,229,107,122
050,16,065,"Idaho","Madison County",3,65,231,108,123
050,16,065,"Idaho","Madison County",3,66,213,107,106
050,16,065,"Idaho","Madison County",3,67,207,101,106
050,16,065,"Idaho","Madison County",3,68,198,102,96
050,16,065,"Idaho","Madison County",3,69,181,94,87
050,16,065,"Idaho","Madison County",3,70,173,92,81
050,16,065,"Idaho","Madison County",3,71,161,78,83
050,16,065,"Idaho","Madison County",3,72,144,67,77
050,16,065,"Idaho","Madison County",3,73,152,66,86
050,16,065,"Idaho","Madison County",3,74,148,66,82
050,16,065,"Idaho","Madison County",3,75,120,56,64
050,16,065,"Idaho","Madison County",3,76,102,49,53
050,16,065,"Idaho","Madison County",3,77,105,54,51
050,16,065,"Idaho","Madison County",3,78,131,68,63
050,16,065,"Idaho","Madison County",3,79,92,39,53
050,16,065,"Idaho","Madison County",3,80,80,39,41
050,16,065,"Idaho","Madison County",3,81,70,34,36
050,16,065,"Idaho","Madison County",3,82,78,36,42
050,16,065,"Idaho","Madison County",3,83,65,29,36
050,16,065,"Idaho","Madison County",3,84,56,25,31
050,16,065,"Idaho","Madison County",3,85,292,110,182
050,16,065,"Idaho","Madison County",4,0,1104,597,507
050,16,065,"Idaho","Madison County",4,1,894,495,399
050,16,065,"Idaho","Madison County",4,2,769,424,345
050,16,065,"Idaho","Madison County",4,3,635,331,304
050,16,065,"Idaho","Madison County",4,4,555,317,238
050,16,065,"Idaho","Madison County",4,5,533,280,253
050,16,065,"Idaho","Madison County",4,6,512,262,250
050,16,065,"Idaho","Madison County",4,7,503,275,228
050,16,065,"Idaho","Madison County",4,8,503,274,229
050,16,065,"Idaho","Madison County",4,9,514,273,241
050,16,065,"Idaho","Madison County",4,10,521,264,257
050,16,065,"Idaho","Madison County",4,11,505,263,242
050,16,065,"Idaho","Madison County",4,12,498,254,244
050,16,065,"Idaho","Madison County",4,13,547,301,246
050,16,065,"Idaho","Madison County",4,14,566,290,276
050,16,065,"Idaho","Madison County",4,15,590,290,300
050,16,065,"Idaho","Madison County",4,16,657,318,339
050,16,065,"Idaho","Madison County",4,17,797,379,418
050,16,065,"Idaho","Madison County",4,18,6722,2127,4595
050,16,065,"Idaho","Madison County",4,19,6889,1247,5642
050,16,065,"Idaho","Madison County",4,20,2764,568,2196
050,16,065,"Idaho","Madison County",4,21,2373,1355,1018
050,16,065,"Idaho","Madison County",4,22,2699,1845,854
050,16,065,"Idaho","Madison County",4,23,2393,1406,987
050,16,065,"Idaho","Madison County",4,24,1848,1111,737
050,16,065,"Idaho","Madison County",4,25,1414,825,589
050,16,065,"Idaho","Madison County",4,26,1230,700,530
050,16,065,"Idaho","Madison County",4,27,950,539,411
050,16,065,"Idaho","Madison County",4,28,703,395,308
050,16,065,"Idaho","Madison County",4,29,649,380,269
050,16,065,"Idaho","Madison County",4,30,475,252,223
050,16,065,"Idaho","Madison County",4,31,445,267,178
050,16,065,"Idaho","Madison County",4,32,412,188,224
050,16,065,"Idaho","Madison County",4,33,358,181,177
050,16,065,"Idaho","Madison County",4,34,383,204,179
050,16,065,"Idaho","Madison County",4,35,327,174,153
050,16,065,"Idaho","Madison County",4,36,336,175,161
050,16,065,"Idaho","Madison County",4,37,326,165,161
050,16,065,"Idaho","Madison County",4,38,311,155,156
050,16,065,"Idaho","Madison County",4,39,283,144,139
050,16,065,"Idaho","Madison County",4,40,327,168,159
050,16,065,"Idaho","Madison County",4,41,307,167,140
050,16,065,"Idaho","Madison County",4,42,326,169,157
050,16,065,"Idaho","Madison County",4,43,319,169,150
050,16,065,"Idaho","Madison County",4,44,305,151,154
050,16,065,"Idaho","Madison County",4,45,321,174,147
050,16,065,"Idaho","Madison County",4,46,284,152,132
050,16,065,"Idaho","Madison County",4,47,274,138,136
050,16,065,"Idaho","Madison County",4,48,249,130,119
050,16,065,"Idaho","Madison County",4,49,241,124,117
050,16,065,"Idaho","Madison County",4,50,254,124,130
050,16,065,"Idaho","Madison County",4,51,262,131,131
050,16,065,"Idaho","Madison County",4,52,257,134,123
050,16,065,"Idaho","Madison County",4,53,231,113,118
050,16,065,"Idaho","Madison County",4,54,202,102,100
050,16,065,"Idaho","Madison County",4,55,190,96,94
050,16,065,"Idaho","Madison County",4,56,202,96,106
050,16,065,"Idaho","Madison County",4,57,224,112,112
050,16,065,"Idaho","Madison County",4,58,221,114,107
050,16,065,"Idaho","Madison County",4,59,231,115,116
050,16,065,"Idaho","Madison County",4,60,238,111,127
050,16,065,"Idaho","Madison County",4,61,230,104,126
050,16,065,"Idaho","Madison County",4,62,245,116,129
050,16,065,"Idaho","Madison County",4,63,237,110,127
050,16,065,"Idaho","Madison County",4,64,210,105,105
050,16,065,"Idaho","Madison County",4,65,231,102,129
050,16,065,"Idaho","Madison County",4,66,226,113,113
050,16,065,"Idaho","Madison County",4,67,206,105,101
050,16,065,"Idaho","Madison County",4,68,205,101,104
050,16,065,"Idaho","Madison County",4,69,190,93,97
050,16,065,"Idaho","Madison County",4,70,175,96,79
050,16,065,"Idaho","Madison County",4,71,177,90,87
050,16,065,"Idaho","Madison County",4,72,155,81,74
050,16,065,"Idaho","Madison County",4,73,144,68,76
050,16,065,"Idaho","Madison County",4,74,141,61,80
050,16,065,"Idaho","Madison County",4,75,154,66,88
050,16,065,"Idaho","Madison County",4,76,110,50,60
050,16,065,"Idaho","Madison County",4,77,98,48,50
050,16,065,"Idaho","Madison County",4,78,117,55,62
050,16,065,"Idaho","Madison County",4,79,113,57,56
050,16,065,"Idaho","Madison County",4,80,92,41,51
050,16,065,"Idaho","Madison County",4,81,83,40,43
050,16,065,"Idaho","Madison County",4,82,70,30,40
050,16,065,"Idaho","Madison County",4,83,66,34,32
050,16,065,"Idaho","Madison County",4,84,63,33,30
050,16,065,"Idaho","Madison County",4,85,262,98,164
050,16,065,"Idaho","Madison County",5,0,1102,593,509
050,16,065,"Idaho","Madison County",5,1,876,479,397
050,16,065,"Idaho","Madison County",5,2,723,405,318
050,16,065,"Idaho","Madison County",5,3,637,348,289
050,16,065,"Idaho","Madison County",5,4,579,311,268
050,16,065,"Idaho","Madison County",5,5,547,301,246
050,16,065,"Idaho","Madison County",5,6,508,269,239
050,16,065,"Idaho","Madison County",5,7,516,258,258
050,16,065,"Idaho","Madison County",5,8,497,273,224
050,16,065,"Idaho","Madison County",5,9,506,277,229
050,16,065,"Idaho","Madison County",5,10,517,283,234
050,16,065,"Idaho","Madison County",5,11,534,275,259
050,16,065,"Idaho","Madison County",5,12,520,281,239
050,16,065,"Idaho","Madison County",5,13,508,259,249
050,16,065,"Idaho","Madison County",5,14,575,312,263
050,16,065,"Idaho","Madison County",5,15,589,298,291
050,16,065,"Idaho","Madison County",5,16,646,293,353
050,16,065,"Idaho","Madison County",5,17,826,391,435
050,16,065,"Idaho","Madison County",5,18,6741,2147,4594
050,16,065,"Idaho","Madison County",5,19,6861,1221,5640
050,16,065,"Idaho","Madison County",5,20,2719,545,2174
050,16,065,"Idaho","Madison County",5,21,2301,1342,959
050,16,065,"Idaho","Madison County",5,22,2613,1833,780
050,16,065,"Idaho","Madison County",5,23,2350,1377,973
050,16,065,"Idaho","Madison County",5,24,1876,1123,753
050,16,065,"Idaho","Madison County",5,25,1401,811,590
050,16,065,"Idaho","Madison County",5,26,1182,641,541
050,16,065,"Idaho","Madison County",5,27,926,508,418
050,16,065,"Idaho","Madison County",5,28,743,422,321
050,16,065,"Idaho","Madison County",5,29,622,359,263
050,16,065,"Idaho","Madison County",5,30,487,276,211
050,16,065,"Idaho","Madison County",5,31,425,231,194
050,16,065,"Idaho","Madison County",5,32,436,220,216
050,16,065,"Idaho","Madison County",5,33,354,175,179
050,16,065,"Idaho","Madison County",5,34,357,192,165
050,16,065,"Idaho","Madison County",5,35,323,169,154
050,16,065,"Idaho","Madison County",5,36,321,164,157
050,16,065,"Idaho","Madison County",5,37,311,162,149
050,16,065,"Idaho","Madison County",5,38,320,156,164
050,16,065,"Idaho","Madison County",5,39,285,143,142
050,16,065,"Idaho","Madison County",5,40,270,139,131
050,16,065,"Idaho","Madison County",5,41,322,170,152
050,16,065,"Idaho","Madison County",5,42,305,166,139
050,16,065,"Idaho","Madison County",5,43,331,176,155
050,16,065,"Idaho","Madison County",5,44,309,164,145
050,16,065,"Idaho","Madison County",5,45,298,148,150
050,16,065,"Idaho","Madison County",5,46,309,160,149
050,16,065,"Idaho","Madison County",5,47,280,152,128
050,16,065,"Idaho","Madison County",5,48,274,138,136
050,16,065,"Idaho","Madison County",5,49,244,133,111
050,16,065,"Idaho","Madison County",5,50,237,122,115
050,16,065,"Idaho","Madison County",5,51,264,131,133
050,16,065,"Idaho","Madison County",5,52,261,131,130
050,16,065,"Idaho","Madison County",5,53,244,128,116
050,16,065,"Idaho","Madison County",5,54,218,102,116
050,16,065,"Idaho","Madison County",5,55,203,106,97
050,16,065,"Idaho","Madison County",5,56,181,88,93
050,16,065,"Idaho","Madison County",5,57,191,94,97
050,16,065,"Idaho","Madison County",5,58,209,109,100
050,16,065,"Idaho","Madison County",5,59,207,105,102
050,16,065,"Idaho","Madison County",5,60,215,109,106
050,16,065,"Idaho","Madison County",5,61,232,107,125
050,16,065,"Idaho","Madison County",5,62,240,104,136
050,16,065,"Idaho","Madison County",5,63,228,111,117
050,16,065,"Idaho","Madison County",5,64,226,109,117
050,16,065,"Idaho","Madison County",5,65,221,106,115
050,16,065,"Idaho","Madison County",5,66,210,95,115
050,16,065,"Idaho","Madison County",5,67,224,109,115
050,16,065,"Idaho","Madison County",5,68,204,106,98
050,16,065,"Idaho","Madison County",5,69,199,96,103
050,16,065,"Idaho","Madison County",5,70,178,89,89
050,16,065,"Idaho","Madison County",5,71,171,91,80
050,16,065,"Idaho","Madison County",5,72,160,83,77
050,16,065,"Idaho","Madison County",5,73,157,83,74
050,16,065,"Idaho","Madison County",5,74,130,59,71
050,16,065,"Idaho","Madison County",5,75,150,64,86
050,16,065,"Idaho","Madison County",5,76,139,59,80
050,16,065,"Idaho","Madison County",5,77,104,53,51
050,16,065,"Idaho","Madison County",5,78,106,49,57
050,16,065,"Idaho","Madison County",5,79,95,44,51
050,16,065,"Idaho","Madison County",5,80,114,60,54
050,16,065,"Idaho","Madison County",5,81,91,41,50
050,16,065,"Idaho","Madison County",5,82,80,35,45
050,16,065,"Idaho","Madison County",5,83,52,23,29
050,16,065,"Idaho","Madison County",5,84,61,36,25
050,16,065,"Idaho","Madison County",5,85,243,95,148
050,16,067,"Idaho","Minidoka County",1,0,301,153,148
050,16,067,"Idaho","Minidoka County",1,1,299,138,161
050,16,067,"Idaho","Minidoka County",1,2,316,161,155
050,16,067,"Idaho","Minidoka County",1,3,350,182,168
050,16,067,"Idaho","Minidoka County",1,4,346,169,177
050,16,067,"Idaho","Minidoka County",1,5,348,165,183
050,16,067,"Idaho","Minidoka County",1,6,358,190,168
050,16,067,"Idaho","Minidoka County",1,7,368,192,176
050,16,067,"Idaho","Minidoka County",1,8,356,185,171
050,16,067,"Idaho","Minidoka County",1,9,370,169,201
050,16,067,"Idaho","Minidoka County",1,10,408,193,215
050,16,067,"Idaho","Minidoka County",1,11,364,180,184
050,16,067,"Idaho","Minidoka County",1,12,370,188,182
050,16,067,"Idaho","Minidoka County",1,13,367,197,170
050,16,067,"Idaho","Minidoka County",1,14,368,195,173
050,16,067,"Idaho","Minidoka County",1,15,379,195,184
050,16,067,"Idaho","Minidoka County",1,16,339,176,163
050,16,067,"Idaho","Minidoka County",1,17,290,157,133
050,16,067,"Idaho","Minidoka County",1,18,269,142,127
050,16,067,"Idaho","Minidoka County",1,19,241,121,120
050,16,067,"Idaho","Minidoka County",1,20,268,140,128
050,16,067,"Idaho","Minidoka County",1,21,246,125,121
050,16,067,"Idaho","Minidoka County",1,22,263,132,131
050,16,067,"Idaho","Minidoka County",1,23,267,131,136
050,16,067,"Idaho","Minidoka County",1,24,272,123,149
050,16,067,"Idaho","Minidoka County",1,25,278,146,132
050,16,067,"Idaho","Minidoka County",1,26,307,152,155
050,16,067,"Idaho","Minidoka County",1,27,302,151,151
050,16,067,"Idaho","Minidoka County",1,28,303,150,153
050,16,067,"Idaho","Minidoka County",1,29,273,142,131
050,16,067,"Idaho","Minidoka County",1,30,262,138,124
050,16,067,"Idaho","Minidoka County",1,31,253,136,117
050,16,067,"Idaho","Minidoka County",1,32,251,120,131
050,16,067,"Idaho","Minidoka County",1,33,272,128,144
050,16,067,"Idaho","Minidoka County",1,34,266,134,132
050,16,067,"Idaho","Minidoka County",1,35,268,142,126
050,16,067,"Idaho","Minidoka County",1,36,254,133,121
050,16,067,"Idaho","Minidoka County",1,37,259,139,120
050,16,067,"Idaho","Minidoka County",1,38,251,129,122
050,16,067,"Idaho","Minidoka County",1,39,255,134,121
050,16,067,"Idaho","Minidoka County",1,40,221,119,102
050,16,067,"Idaho","Minidoka County",1,41,242,130,112
050,16,067,"Idaho","Minidoka County",1,42,264,145,119
050,16,067,"Idaho","Minidoka County",1,43,250,136,114
050,16,067,"Idaho","Minidoka County",1,44,250,133,117
050,16,067,"Idaho","Minidoka County",1,45,220,112,108
050,16,067,"Idaho","Minidoka County",1,46,222,114,108
050,16,067,"Idaho","Minidoka County",1,47,218,112,106
050,16,067,"Idaho","Minidoka County",1,48,228,119,109
050,16,067,"Idaho","Minidoka County",1,49,214,114,100
050,16,067,"Idaho","Minidoka County",1,50,211,116,95
050,16,067,"Idaho","Minidoka County",1,51,241,132,109
050,16,067,"Idaho","Minidoka County",1,52,231,130,101
050,16,067,"Idaho","Minidoka County",1,53,228,118,110
050,16,067,"Idaho","Minidoka County",1,54,244,123,121
050,16,067,"Idaho","Minidoka County",1,55,231,108,123
050,16,067,"Idaho","Minidoka County",1,56,237,111,126
050,16,067,"Idaho","Minidoka County",1,57,239,121,118
050,16,067,"Idaho","Minidoka County",1,58,265,135,130
050,16,067,"Idaho","Minidoka County",1,59,285,137,148
050,16,067,"Idaho","Minidoka County",1,60,274,139,135
050,16,067,"Idaho","Minidoka County",1,61,257,131,126
050,16,067,"Idaho","Minidoka County",1,62,275,140,135
050,16,067,"Idaho","Minidoka County",1,63,237,112,125
050,16,067,"Idaho","Minidoka County",1,64,245,119,126
050,16,067,"Idaho","Minidoka County",1,65,220,118,102
050,16,067,"Idaho","Minidoka County",1,66,229,115,114
050,16,067,"Idaho","Minidoka County",1,67,209,98,111
050,16,067,"Idaho","Minidoka County",1,68,201,102,99
050,16,067,"Idaho","Minidoka County",1,69,189,99,90
050,16,067,"Idaho","Minidoka County",1,70,189,88,101
050,16,067,"Idaho","Minidoka County",1,71,188,100,88
050,16,067,"Idaho","Minidoka County",1,72,173,90,83
050,16,067,"Idaho","Minidoka County",1,73,186,93,93
050,16,067,"Idaho","Minidoka County",1,74,147,73,74
050,16,067,"Idaho","Minidoka County",1,75,150,74,76
050,16,067,"Idaho","Minidoka County",1,76,154,63,91
050,16,067,"Idaho","Minidoka County",1,77,120,54,66
050,16,067,"Idaho","Minidoka County",1,78,97,49,48
050,16,067,"Idaho","Minidoka County",1,79,111,54,57
050,16,067,"Idaho","Minidoka County",1,80,104,47,57
050,16,067,"Idaho","Minidoka County",1,81,84,42,42
050,16,067,"Idaho","Minidoka County",1,82,69,27,42
050,16,067,"Idaho","Minidoka County",1,83,84,34,50
050,16,067,"Idaho","Minidoka County",1,84,80,33,47
050,16,067,"Idaho","Minidoka County",1,85,392,151,241
050,16,067,"Idaho","Minidoka County",2,0,297,150,147
050,16,067,"Idaho","Minidoka County",2,1,299,142,157
050,16,067,"Idaho","Minidoka County",2,2,313,158,155
050,16,067,"Idaho","Minidoka County",2,3,342,177,165
050,16,067,"Idaho","Minidoka County",2,4,345,170,175
050,16,067,"Idaho","Minidoka County",2,5,348,166,182
050,16,067,"Idaho","Minidoka County",2,6,360,188,172
050,16,067,"Idaho","Minidoka County",2,7,366,193,173
050,16,067,"Idaho","Minidoka County",2,8,358,186,172
050,16,067,"Idaho","Minidoka County",2,9,368,173,195
050,16,067,"Idaho","Minidoka County",2,10,399,186,213
050,16,067,"Idaho","Minidoka County",2,11,370,180,190
050,16,067,"Idaho","Minidoka County",2,12,374,190,184
050,16,067,"Idaho","Minidoka County",2,13,370,196,174
050,16,067,"Idaho","Minidoka County",2,14,370,197,173
050,16,067,"Idaho","Minidoka County",2,15,378,197,181
050,16,067,"Idaho","Minidoka County",2,16,350,182,168
050,16,067,"Idaho","Minidoka County",2,17,304,162,142
050,16,067,"Idaho","Minidoka County",2,18,265,142,123
050,16,067,"Idaho","Minidoka County",2,19,242,123,119
050,16,067,"Idaho","Minidoka County",2,20,269,140,129
050,16,067,"Idaho","Minidoka County",2,21,252,128,124
050,16,067,"Idaho","Minidoka County",2,22,264,133,131
050,16,067,"Idaho","Minidoka County",2,23,265,127,138
050,16,067,"Idaho","Minidoka County",2,24,274,128,146
050,16,067,"Idaho","Minidoka County",2,25,277,141,136
050,16,067,"Idaho","Minidoka County",2,26,301,151,150
050,16,067,"Idaho","Minidoka County",2,27,305,155,150
050,16,067,"Idaho","Minidoka County",2,28,305,153,152
050,16,067,"Idaho","Minidoka County",2,29,283,146,137
050,16,067,"Idaho","Minidoka County",2,30,269,141,128
050,16,067,"Idaho","Minidoka County",2,31,256,137,119
050,16,067,"Idaho","Minidoka County",2,32,253,124,129
050,16,067,"Idaho","Minidoka County",2,33,268,126,142
050,16,067,"Idaho","Minidoka County",2,34,270,135,135
050,16,067,"Idaho","Minidoka County",2,35,272,143,129
050,16,067,"Idaho","Minidoka County",2,36,257,135,122
050,16,067,"Idaho","Minidoka County",2,37,257,137,120
050,16,067,"Idaho","Minidoka County",2,38,253,132,121
050,16,067,"Idaho","Minidoka County",2,39,253,132,121
050,16,067,"Idaho","Minidoka County",2,40,231,123,108
050,16,067,"Idaho","Minidoka County",2,41,238,128,110
050,16,067,"Idaho","Minidoka County",2,42,260,143,117
050,16,067,"Idaho","Minidoka County",2,43,258,139,119
050,16,067,"Idaho","Minidoka County",2,44,249,134,115
050,16,067,"Idaho","Minidoka County",2,45,228,117,111
050,16,067,"Idaho","Minidoka County",2,46,221,114,107
050,16,067,"Idaho","Minidoka County",2,47,218,111,107
050,16,067,"Idaho","Minidoka County",2,48,225,116,109
050,16,067,"Idaho","Minidoka County",2,49,221,118,103
050,16,067,"Idaho","Minidoka County",2,50,215,118,97
050,16,067,"Idaho","Minidoka County",2,51,233,128,105
050,16,067,"Idaho","Minidoka County",2,52,234,131,103
050,16,067,"Idaho","Minidoka County",2,53,228,121,107
050,16,067,"Idaho","Minidoka County",2,54,239,121,118
050,16,067,"Idaho","Minidoka County",2,55,233,110,123
050,16,067,"Idaho","Minidoka County",2,56,238,111,127
050,16,067,"Idaho","Minidoka County",2,57,239,119,120
050,16,067,"Idaho","Minidoka County",2,58,261,133,128
050,16,067,"Idaho","Minidoka County",2,59,283,137,146
050,16,067,"Idaho","Minidoka County",2,60,279,139,140
050,16,067,"Idaho","Minidoka County",2,61,262,133,129
050,16,067,"Idaho","Minidoka County",2,62,268,136,132
050,16,067,"Idaho","Minidoka County",2,63,246,119,127
050,16,067,"Idaho","Minidoka County",2,64,240,116,124
050,16,067,"Idaho","Minidoka County",2,65,226,119,107
050,16,067,"Idaho","Minidoka County",2,66,224,113,111
050,16,067,"Idaho","Minidoka County",2,67,211,101,110
050,16,067,"Idaho","Minidoka County",2,68,202,101,101
050,16,067,"Idaho","Minidoka County",2,69,193,100,93
050,16,067,"Idaho","Minidoka County",2,70,191,92,99
050,16,067,"Idaho","Minidoka County",2,71,188,97,91
050,16,067,"Idaho","Minidoka County",2,72,176,92,84
050,16,067,"Idaho","Minidoka County",2,73,194,97,97
050,16,067,"Idaho","Minidoka County",2,74,145,73,72
050,16,067,"Idaho","Minidoka County",2,75,149,74,75
050,16,067,"Idaho","Minidoka County",2,76,151,64,87
050,16,067,"Idaho","Minidoka County",2,77,132,59,73
050,16,067,"Idaho","Minidoka County",2,78,97,46,51
050,16,067,"Idaho","Minidoka County",2,79,105,51,54
050,16,067,"Idaho","Minidoka County",2,80,104,47,57
050,16,067,"Idaho","Minidoka County",2,81,87,42,45
050,16,067,"Idaho","Minidoka County",2,82,72,31,41
050,16,067,"Idaho","Minidoka County",2,83,77,31,46
050,16,067,"Idaho","Minidoka County",2,84,78,33,45
050,16,067,"Idaho","Minidoka County",2,85,398,152,246
050,16,067,"Idaho","Minidoka County",3,0,283,161,122
050,16,067,"Idaho","Minidoka County",3,1,290,145,145
050,16,067,"Idaho","Minidoka County",3,2,305,147,158
050,16,067,"Idaho","Minidoka County",3,3,330,164,166
050,16,067,"Idaho","Minidoka County",3,4,339,179,160
050,16,067,"Idaho","Minidoka County",3,5,352,174,178
050,16,067,"Idaho","Minidoka County",3,6,345,164,181
050,16,067,"Idaho","Minidoka County",3,7,351,187,164
050,16,067,"Idaho","Minidoka County",3,8,365,193,172
050,16,067,"Idaho","Minidoka County",3,9,367,189,178
050,16,067,"Idaho","Minidoka County",3,10,363,169,194
050,16,067,"Idaho","Minidoka County",3,11,417,193,224
050,16,067,"Idaho","Minidoka County",3,12,376,195,181
050,16,067,"Idaho","Minidoka County",3,13,377,196,181
050,16,067,"Idaho","Minidoka County",3,14,380,204,176
050,16,067,"Idaho","Minidoka County",3,15,358,187,171
050,16,067,"Idaho","Minidoka County",3,16,372,191,181
050,16,067,"Idaho","Minidoka County",3,17,354,186,168
050,16,067,"Idaho","Minidoka County",3,18,283,147,136
050,16,067,"Idaho","Minidoka County",3,19,232,121,111
050,16,067,"Idaho","Minidoka County",3,20,259,132,127
050,16,067,"Idaho","Minidoka County",3,21,281,152,129
050,16,067,"Idaho","Minidoka County",3,22,268,131,137
050,16,067,"Idaho","Minidoka County",3,23,287,143,144
050,16,067,"Idaho","Minidoka County",3,24,253,128,125
050,16,067,"Idaho","Minidoka County",3,25,286,138,148
050,16,067,"Idaho","Minidoka County",3,26,276,131,145
050,16,067,"Idaho","Minidoka County",3,27,301,157,144
050,16,067,"Idaho","Minidoka County",3,28,299,151,148
050,16,067,"Idaho","Minidoka County",3,29,305,160,145
050,16,067,"Idaho","Minidoka County",3,30,285,139,146
050,16,067,"Idaho","Minidoka County",3,31,276,144,132
050,16,067,"Idaho","Minidoka County",3,32,256,142,114
050,16,067,"Idaho","Minidoka County",3,33,273,129,144
050,16,067,"Idaho","Minidoka County",3,34,272,131,141
050,16,067,"Idaho","Minidoka County",3,35,280,139,141
050,16,067,"Idaho","Minidoka County",3,36,272,141,131
050,16,067,"Idaho","Minidoka County",3,37,259,138,121
050,16,067,"Idaho","Minidoka County",3,38,262,136,126
050,16,067,"Idaho","Minidoka County",3,39,257,130,127
050,16,067,"Idaho","Minidoka County",3,40,261,139,122
050,16,067,"Idaho","Minidoka County",3,41,228,118,110
050,16,067,"Idaho","Minidoka County",3,42,240,131,109
050,16,067,"Idaho","Minidoka County",3,43,257,137,120
050,16,067,"Idaho","Minidoka County",3,44,258,143,115
050,16,067,"Idaho","Minidoka County",3,45,253,142,111
050,16,067,"Idaho","Minidoka County",3,46,227,117,110
050,16,067,"Idaho","Minidoka County",3,47,223,112,111
050,16,067,"Idaho","Minidoka County",3,48,224,112,112
050,16,067,"Idaho","Minidoka County",3,49,236,123,113
050,16,067,"Idaho","Minidoka County",3,50,216,111,105
050,16,067,"Idaho","Minidoka County",3,51,227,120,107
050,16,067,"Idaho","Minidoka County",3,52,236,130,106
050,16,067,"Idaho","Minidoka County",3,53,240,134,106
050,16,067,"Idaho","Minidoka County",3,54,226,121,105
050,16,067,"Idaho","Minidoka County",3,55,238,124,114
050,16,067,"Idaho","Minidoka County",3,56,233,112,121
050,16,067,"Idaho","Minidoka County",3,57,236,111,125
050,16,067,"Idaho","Minidoka County",3,58,245,123,122
050,16,067,"Idaho","Minidoka County",3,59,275,143,132
050,16,067,"Idaho","Minidoka County",3,60,281,135,146
050,16,067,"Idaho","Minidoka County",3,61,279,137,142
050,16,067,"Idaho","Minidoka County",3,62,272,137,135
050,16,067,"Idaho","Minidoka County",3,63,266,134,132
050,16,067,"Idaho","Minidoka County",3,64,246,122,124
050,16,067,"Idaho","Minidoka County",3,65,246,117,129
050,16,067,"Idaho","Minidoka County",3,66,229,117,112
050,16,067,"Idaho","Minidoka County",3,67,223,110,113
050,16,067,"Idaho","Minidoka County",3,68,209,99,110
050,16,067,"Idaho","Minidoka County",3,69,201,100,101
050,16,067,"Idaho","Minidoka County",3,70,195,99,96
050,16,067,"Idaho","Minidoka County",3,71,184,92,92
050,16,067,"Idaho","Minidoka County",3,72,179,95,84
050,16,067,"Idaho","Minidoka County",3,73,171,90,81
050,16,067,"Idaho","Minidoka County",3,74,187,90,97
050,16,067,"Idaho","Minidoka County",3,75,136,65,71
050,16,067,"Idaho","Minidoka County",3,76,143,69,74
050,16,067,"Idaho","Minidoka County",3,77,140,60,80
050,16,067,"Idaho","Minidoka County",3,78,121,55,66
050,16,067,"Idaho","Minidoka County",3,79,95,44,51
050,16,067,"Idaho","Minidoka County",3,80,96,49,47
050,16,067,"Idaho","Minidoka County",3,81,95,44,51
050,16,067,"Idaho","Minidoka County",3,82,86,41,45
050,16,067,"Idaho","Minidoka County",3,83,64,29,35
050,16,067,"Idaho","Minidoka County",3,84,72,31,41
050,16,067,"Idaho","Minidoka County",3,85,403,154,249
050,16,067,"Idaho","Minidoka County",4,0,301,154,147
050,16,067,"Idaho","Minidoka County",4,1,289,159,130
050,16,067,"Idaho","Minidoka County",4,2,283,137,146
050,16,067,"Idaho","Minidoka County",4,3,329,163,166
050,16,067,"Idaho","Minidoka County",4,4,330,167,163
050,16,067,"Idaho","Minidoka County",4,5,325,171,154
050,16,067,"Idaho","Minidoka County",4,6,364,180,184
050,16,067,"Idaho","Minidoka County",4,7,356,162,194
050,16,067,"Idaho","Minidoka County",4,8,359,194,165
050,16,067,"Idaho","Minidoka County",4,9,368,201,167
050,16,067,"Idaho","Minidoka County",4,10,369,195,174
050,16,067,"Idaho","Minidoka County",4,11,370,180,190
050,16,067,"Idaho","Minidoka County",4,12,419,196,223
050,16,067,"Idaho","Minidoka County",4,13,389,198,191
050,16,067,"Idaho","Minidoka County",4,14,381,201,180
050,16,067,"Idaho","Minidoka County",4,15,380,195,185
050,16,067,"Idaho","Minidoka County",4,16,364,198,166
050,16,067,"Idaho","Minidoka County",4,17,384,189,195
050,16,067,"Idaho","Minidoka County",4,18,302,166,136
050,16,067,"Idaho","Minidoka County",4,19,245,122,123
050,16,067,"Idaho","Minidoka County",4,20,249,133,116
050,16,067,"Idaho","Minidoka County",4,21,272,133,139
050,16,067,"Idaho","Minidoka County",4,22,297,156,141
050,16,067,"Idaho","Minidoka County",4,23,271,131,140
050,16,067,"Idaho","Minidoka County",4,24,296,149,147
050,16,067,"Idaho","Minidoka County",4,25,264,130,134
050,16,067,"Idaho","Minidoka County",4,26,284,139,145
050,16,067,"Idaho","Minidoka County",4,27,302,149,153
050,16,067,"Idaho","Minidoka County",4,28,315,157,158
050,16,067,"Idaho","Minidoka County",4,29,288,147,141
050,16,067,"Idaho","Minidoka County",4,30,306,162,144
050,16,067,"Idaho","Minidoka County",4,31,290,137,153
050,16,067,"Idaho","Minidoka County",4,32,277,143,134
050,16,067,"Idaho","Minidoka County",4,33,258,145,113
050,16,067,"Idaho","Minidoka County",4,34,275,136,139
050,16,067,"Idaho","Minidoka County",4,35,277,142,135
050,16,067,"Idaho","Minidoka County",4,36,282,143,139
050,16,067,"Idaho","Minidoka County",4,37,275,140,135
050,16,067,"Idaho","Minidoka County",4,38,261,139,122
050,16,067,"Idaho","Minidoka County",4,39,280,146,134
050,16,067,"Idaho","Minidoka County",4,40,259,134,125
050,16,067,"Idaho","Minidoka County",4,41,262,139,123
050,16,067,"Idaho","Minidoka County",4,42,251,127,124
050,16,067,"Idaho","Minidoka County",4,43,240,133,107
050,16,067,"Idaho","Minidoka County",4,44,266,144,122
050,16,067,"Idaho","Minidoka County",4,45,249,142,107
050,16,067,"Idaho","Minidoka County",4,46,254,140,114
050,16,067,"Idaho","Minidoka County",4,47,231,119,112
050,16,067,"Idaho","Minidoka County",4,48,222,116,106
050,16,067,"Idaho","Minidoka County",4,49,214,105,109
050,16,067,"Idaho","Minidoka County",4,50,233,120,113
050,16,067,"Idaho","Minidoka County",4,51,218,113,105
050,16,067,"Idaho","Minidoka County",4,52,227,122,105
050,16,067,"Idaho","Minidoka County",4,53,240,136,104
050,16,067,"Idaho","Minidoka County",4,54,234,130,104
050,16,067,"Idaho","Minidoka County",4,55,224,120,104
050,16,067,"Idaho","Minidoka County",4,56,234,123,111
050,16,067,"Idaho","Minidoka County",4,57,229,113,116
050,16,067,"Idaho","Minidoka County",4,58,232,107,125
050,16,067,"Idaho","Minidoka County",4,59,247,120,127
050,16,067,"Idaho","Minidoka County",4,60,266,134,132
050,16,067,"Idaho","Minidoka County",4,61,281,132,149
050,16,067,"Idaho","Minidoka County",4,62,284,141,143
050,16,067,"Idaho","Minidoka County",4,63,262,130,132
050,16,067,"Idaho","Minidoka County",4,64,266,132,134
050,16,067,"Idaho","Minidoka County",4,65,251,124,127
050,16,067,"Idaho","Minidoka County",4,66,245,116,129
050,16,067,"Idaho","Minidoka County",4,67,224,114,110
050,16,067,"Idaho","Minidoka County",4,68,223,109,114
050,16,067,"Idaho","Minidoka County",4,69,211,103,108
050,16,067,"Idaho","Minidoka County",4,70,198,98,100
050,16,067,"Idaho","Minidoka County",4,71,193,97,96
050,16,067,"Idaho","Minidoka County",4,72,185,94,91
050,16,067,"Idaho","Minidoka County",4,73,176,93,83
050,16,067,"Idaho","Minidoka County",4,74,168,86,82
050,16,067,"Idaho","Minidoka County",4,75,187,89,98
050,16,067,"Idaho","Minidoka County",4,76,126,60,66
050,16,067,"Idaho","Minidoka County",4,77,136,68,68
050,16,067,"Idaho","Minidoka County",4,78,131,57,74
050,16,067,"Idaho","Minidoka County",4,79,118,51,67
050,16,067,"Idaho","Minidoka County",4,80,90,42,48
050,16,067,"Idaho","Minidoka County",4,81,80,44,36
050,16,067,"Idaho","Minidoka County",4,82,90,41,49
050,16,067,"Idaho","Minidoka County",4,83,74,33,41
050,16,067,"Idaho","Minidoka County",4,84,55,25,30
050,16,067,"Idaho","Minidoka County",4,85,396,150,246
050,16,067,"Idaho","Minidoka County",5,0,299,154,145
050,16,067,"Idaho","Minidoka County",5,1,316,150,166
050,16,067,"Idaho","Minidoka County",5,2,298,165,133
050,16,067,"Idaho","Minidoka County",5,3,290,137,153
050,16,067,"Idaho","Minidoka County",5,4,341,176,165
050,16,067,"Idaho","Minidoka County",5,5,336,170,166
050,16,067,"Idaho","Minidoka County",5,6,334,181,153
050,16,067,"Idaho","Minidoka County",5,7,360,171,189
050,16,067,"Idaho","Minidoka County",5,8,356,159,197
050,16,067,"Idaho","Minidoka County",5,9,368,195,173
050,16,067,"Idaho","Minidoka County",5,10,376,204,172
050,16,067,"Idaho","Minidoka County",5,11,355,179,176
050,16,067,"Idaho","Minidoka County",5,12,372,177,195
050,16,067,"Idaho","Minidoka County",5,13,410,190,220
050,16,067,"Idaho","Minidoka County",5,14,403,204,199
050,16,067,"Idaho","Minidoka County",5,15,381,197,184
050,16,067,"Idaho","Minidoka County",5,16,376,195,181
050,16,067,"Idaho","Minidoka County",5,17,364,199,165
050,16,067,"Idaho","Minidoka County",5,18,334,168,166
050,16,067,"Idaho","Minidoka County",5,19,252,135,117
050,16,067,"Idaho","Minidoka County",5,20,260,135,125
050,16,067,"Idaho","Minidoka County",5,21,255,130,125
050,16,067,"Idaho","Minidoka County",5,22,272,131,141
050,16,067,"Idaho","Minidoka County",5,23,299,150,149
050,16,067,"Idaho","Minidoka County",5,24,271,133,138
050,16,067,"Idaho","Minidoka County",5,25,303,154,149
050,16,067,"Idaho","Minidoka County",5,26,268,130,138
050,16,067,"Idaho","Minidoka County",5,27,297,147,150
050,16,067,"Idaho","Minidoka County",5,28,306,151,155
050,16,067,"Idaho","Minidoka County",5,29,307,154,153
050,16,067,"Idaho","Minidoka County",5,30,309,157,152
050,16,067,"Idaho","Minidoka County",5,31,312,160,152
050,16,067,"Idaho","Minidoka County",5,32,296,139,157
050,16,067,"Idaho","Minidoka County",5,33,277,143,134
050,16,067,"Idaho","Minidoka County",5,34,267,148,119
050,16,067,"Idaho","Minidoka County",5,35,291,143,148
050,16,067,"Idaho","Minidoka County",5,36,287,153,134
050,16,067,"Idaho","Minidoka County",5,37,283,146,137
050,16,067,"Idaho","Minidoka County",5,38,272,139,133
050,16,067,"Idaho","Minidoka County",5,39,265,141,124
050,16,067,"Idaho","Minidoka County",5,40,271,141,130
050,16,067,"Idaho","Minidoka County",5,41,274,143,131
050,16,067,"Idaho","Minidoka County",5,42,260,135,125
050,16,067,"Idaho","Minidoka County",5,43,255,130,125
050,16,067,"Idaho","Minidoka County",5,44,254,142,112
050,16,067,"Idaho","Minidoka County",5,45,268,143,125
050,16,067,"Idaho","Minidoka County",5,46,247,144,103
050,16,067,"Idaho","Minidoka County",5,47,257,142,115
050,16,067,"Idaho","Minidoka County",5,48,240,123,117
050,16,067,"Idaho","Minidoka County",5,49,218,118,100
050,16,067,"Idaho","Minidoka County",5,50,217,106,111
050,16,067,"Idaho","Minidoka County",5,51,239,122,117
050,16,067,"Idaho","Minidoka County",5,52,213,112,101
050,16,067,"Idaho","Minidoka County",5,53,229,123,106
050,16,067,"Idaho","Minidoka County",5,54,241,138,103
050,16,067,"Idaho","Minidoka County",5,55,237,126,111
050,16,067,"Idaho","Minidoka County",5,56,230,121,109
050,16,067,"Idaho","Minidoka County",5,57,229,122,107
050,16,067,"Idaho","Minidoka County",5,58,222,106,116
050,16,067,"Idaho","Minidoka County",5,59,235,105,130
050,16,067,"Idaho","Minidoka County",5,60,254,124,130
050,16,067,"Idaho","Minidoka County",5,61,271,132,139
050,16,067,"Idaho","Minidoka County",5,62,285,137,148
050,16,067,"Idaho","Minidoka County",5,63,282,137,145
050,16,067,"Idaho","Minidoka County",5,64,260,129,131
050,16,067,"Idaho","Minidoka County",5,65,271,135,136
050,16,067,"Idaho","Minidoka County",5,66,254,124,130
050,16,067,"Idaho","Minidoka County",5,67,235,109,126
050,16,067,"Idaho","Minidoka County",5,68,220,112,108
050,16,067,"Idaho","Minidoka County",5,69,223,111,112
050,16,067,"Idaho","Minidoka County",5,70,209,98,111
050,16,067,"Idaho","Minidoka County",5,71,197,98,99
050,16,067,"Idaho","Minidoka County",5,72,191,97,94
050,16,067,"Idaho","Minidoka County",5,73,181,91,90
050,16,067,"Idaho","Minidoka County",5,74,172,89,83
050,16,067,"Idaho","Minidoka County",5,75,163,84,79
050,16,067,"Idaho","Minidoka County",5,76,180,87,93
050,16,067,"Idaho","Minidoka County",5,77,118,58,60
050,16,067,"Idaho","Minidoka County",5,78,125,65,60
050,16,067,"Idaho","Minidoka County",5,79,128,56,72
050,16,067,"Idaho","Minidoka County",5,80,112,46,66
050,16,067,"Idaho","Minidoka County",5,81,76,34,42
050,16,067,"Idaho","Minidoka County",5,82,80,46,34
050,16,067,"Idaho","Minidoka County",5,83,83,37,46
050,16,067,"Idaho","Minidoka County",5,84,67,32,35
050,16,067,"Idaho","Minidoka County",5,85,389,155,234
050,16,069,"Idaho","Nez Perce County",1,0,450,231,219
050,16,069,"Idaho","Nez Perce County",1,1,460,236,224
050,16,069,"Idaho","Nez Perce County",1,2,451,220,231
050,16,069,"Idaho","Nez Perce County",1,3,490,255,235
050,16,069,"Idaho","Nez Perce County",1,4,513,257,256
050,16,069,"Idaho","Nez Perce County",1,5,517,263,254
050,16,069,"Idaho","Nez Perce County",1,6,524,264,260
050,16,069,"Idaho","Nez Perce County",1,7,520,254,266
050,16,069,"Idaho","Nez Perce County",1,8,520,259,261
050,16,069,"Idaho","Nez Perce County",1,9,485,226,259
050,16,069,"Idaho","Nez Perce County",1,10,489,236,253
050,16,069,"Idaho","Nez Perce County",1,11,497,281,216
050,16,069,"Idaho","Nez Perce County",1,12,510,274,236
050,16,069,"Idaho","Nez Perce County",1,13,517,265,252
050,16,069,"Idaho","Nez Perce County",1,14,516,267,249
050,16,069,"Idaho","Nez Perce County",1,15,512,269,243
050,16,069,"Idaho","Nez Perce County",1,16,550,300,250
050,16,069,"Idaho","Nez Perce County",1,17,500,260,240
050,16,069,"Idaho","Nez Perce County",1,18,501,243,258
050,16,069,"Idaho","Nez Perce County",1,19,498,227,271
050,16,069,"Idaho","Nez Perce County",1,20,516,265,251
050,16,069,"Idaho","Nez Perce County",1,21,497,250,247
050,16,069,"Idaho","Nez Perce County",1,22,498,251,247
050,16,069,"Idaho","Nez Perce County",1,23,520,272,248
050,16,069,"Idaho","Nez Perce County",1,24,503,255,248
050,16,069,"Idaho","Nez Perce County",1,25,487,252,235
050,16,069,"Idaho","Nez Perce County",1,26,488,246,242
050,16,069,"Idaho","Nez Perce County",1,27,539,286,253
050,16,069,"Idaho","Nez Perce County",1,28,577,293,284
050,16,069,"Idaho","Nez Perce County",1,29,618,306,312
050,16,069,"Idaho","Nez Perce County",1,30,595,302,293
050,16,069,"Idaho","Nez Perce County",1,31,550,281,269
050,16,069,"Idaho","Nez Perce County",1,32,549,252,297
050,16,069,"Idaho","Nez Perce County",1,33,503,250,253
050,16,069,"Idaho","Nez Perce County",1,34,525,277,248
050,16,069,"Idaho","Nez Perce County",1,35,516,262,254
050,16,069,"Idaho","Nez Perce County",1,36,520,276,244
050,16,069,"Idaho","Nez Perce County",1,37,497,259,238
050,16,069,"Idaho","Nez Perce County",1,38,509,257,252
050,16,069,"Idaho","Nez Perce County",1,39,496,254,242
050,16,069,"Idaho","Nez Perce County",1,40,511,253,258
050,16,069,"Idaho","Nez Perce County",1,41,470,228,242
050,16,069,"Idaho","Nez Perce County",1,42,461,215,246
050,16,069,"Idaho","Nez Perce County",1,43,458,224,234
050,16,069,"Idaho","Nez Perce County",1,44,441,226,215
050,16,069,"Idaho","Nez Perce County",1,45,480,243,237
050,16,069,"Idaho","Nez Perce County",1,46,445,236,209
050,16,069,"Idaho","Nez Perce County",1,47,480,257,223
050,16,069,"Idaho","Nez Perce County",1,48,474,248,226
050,16,069,"Idaho","Nez Perce County",1,49,507,253,254
050,16,069,"Idaho","Nez Perce County",1,50,527,266,261
050,16,069,"Idaho","Nez Perce County",1,51,511,240,271
050,16,069,"Idaho","Nez Perce County",1,52,474,236,238
050,16,069,"Idaho","Nez Perce County",1,53,487,244,243
050,16,069,"Idaho","Nez Perce County",1,54,534,262,272
050,16,069,"Idaho","Nez Perce County",1,55,532,263,269
050,16,069,"Idaho","Nez Perce County",1,56,537,261,276
050,16,069,"Idaho","Nez Perce County",1,57,529,256,273
050,16,069,"Idaho","Nez Perce County",1,58,577,272,305
050,16,069,"Idaho","Nez Perce County",1,59,601,287,314
050,16,069,"Idaho","Nez Perce County",1,60,606,306,300
050,16,069,"Idaho","Nez Perce County",1,61,596,289,307
050,16,069,"Idaho","Nez Perce County",1,62,604,297,307
050,16,069,"Idaho","Nez Perce County",1,63,592,303,289
050,16,069,"Idaho","Nez Perce County",1,64,599,305,294
050,16,069,"Idaho","Nez Perce County",1,65,547,274,273
050,16,069,"Idaho","Nez Perce County",1,66,524,269,255
050,16,069,"Idaho","Nez Perce County",1,67,530,257,273
050,16,069,"Idaho","Nez Perce County",1,68,526,249,277
050,16,069,"Idaho","Nez Perce County",1,69,476,237,239
050,16,069,"Idaho","Nez Perce County",1,70,501,251,250
050,16,069,"Idaho","Nez Perce County",1,71,489,241,248
050,16,069,"Idaho","Nez Perce County",1,72,452,224,228
050,16,069,"Idaho","Nez Perce County",1,73,462,216,246
050,16,069,"Idaho","Nez Perce County",1,74,312,138,174
050,16,069,"Idaho","Nez Perce County",1,75,326,144,182
050,16,069,"Idaho","Nez Perce County",1,76,324,150,174
050,16,069,"Idaho","Nez Perce County",1,77,322,147,175
050,16,069,"Idaho","Nez Perce County",1,78,297,137,160
050,16,069,"Idaho","Nez Perce County",1,79,296,142,154
050,16,069,"Idaho","Nez Perce County",1,80,241,107,134
050,16,069,"Idaho","Nez Perce County",1,81,236,92,144
050,16,069,"Idaho","Nez Perce County",1,82,217,86,131
050,16,069,"Idaho","Nez Perce County",1,83,183,85,98
050,16,069,"Idaho","Nez Perce County",1,84,151,79,72
050,16,069,"Idaho","Nez Perce County",1,85,1123,437,686
050,16,069,"Idaho","Nez Perce County",2,0,455,235,220
050,16,069,"Idaho","Nez Perce County",2,1,456,232,224
050,16,069,"Idaho","Nez Perce County",2,2,458,226,232
050,16,069,"Idaho","Nez Perce County",2,3,480,246,234
050,16,069,"Idaho","Nez Perce County",2,4,511,259,252
050,16,069,"Idaho","Nez Perce County",2,5,516,262,254
050,16,069,"Idaho","Nez Perce County",2,6,522,263,259
050,16,069,"Idaho","Nez Perce County",2,7,526,258,268
050,16,069,"Idaho","Nez Perce County",2,8,517,254,263
050,16,069,"Idaho","Nez Perce County",2,9,492,232,260
050,16,069,"Idaho","Nez Perce County",2,10,489,232,257
050,16,069,"Idaho","Nez Perce County",2,11,494,269,225
050,16,069,"Idaho","Nez Perce County",2,12,512,276,236
050,16,069,"Idaho","Nez Perce County",2,13,517,271,246
050,16,069,"Idaho","Nez Perce County",2,14,514,266,248
050,16,069,"Idaho","Nez Perce County",2,15,514,268,246
050,16,069,"Idaho","Nez Perce County",2,16,543,296,247
050,16,069,"Idaho","Nez Perce County",2,17,513,272,241
050,16,069,"Idaho","Nez Perce County",2,18,501,245,256
050,16,069,"Idaho","Nez Perce County",2,19,500,227,273
050,16,069,"Idaho","Nez Perce County",2,20,512,264,248
050,16,069,"Idaho","Nez Perce County",2,21,494,249,245
050,16,069,"Idaho","Nez Perce County",2,22,496,251,245
050,16,069,"Idaho","Nez Perce County",2,23,512,266,246
050,16,069,"Idaho","Nez Perce County",2,24,504,259,245
050,16,069,"Idaho","Nez Perce County",2,25,487,249,238
050,16,069,"Idaho","Nez Perce County",2,26,491,251,240
050,16,069,"Idaho","Nez Perce County",2,27,527,276,251
050,16,069,"Idaho","Nez Perce County",2,28,574,294,280
050,16,069,"Idaho","Nez Perce County",2,29,610,302,308
050,16,069,"Idaho","Nez Perce County",2,30,604,305,299
050,16,069,"Idaho","Nez Perce County",2,31,561,285,276
050,16,069,"Idaho","Nez Perce County",2,32,547,259,288
050,16,069,"Idaho","Nez Perce County",2,33,515,251,264
050,16,069,"Idaho","Nez Perce County",2,34,517,268,249
050,16,069,"Idaho","Nez Perce County",2,35,524,268,256
050,16,069,"Idaho","Nez Perce County",2,36,513,270,243
050,16,069,"Idaho","Nez Perce County",2,37,506,265,241
050,16,069,"Idaho","Nez Perce County",2,38,506,258,248
050,16,069,"Idaho","Nez Perce County",2,39,502,256,246
050,16,069,"Idaho","Nez Perce County",2,40,515,255,260
050,16,069,"Idaho","Nez Perce County",2,41,478,230,248
050,16,069,"Idaho","Nez Perce County",2,42,462,218,244
050,16,069,"Idaho","Nez Perce County",2,43,463,225,238
050,16,069,"Idaho","Nez Perce County",2,44,438,222,216
050,16,069,"Idaho","Nez Perce County",2,45,473,240,233
050,16,069,"Idaho","Nez Perce County",2,46,456,239,217
050,16,069,"Idaho","Nez Perce County",2,47,474,253,221
050,16,069,"Idaho","Nez Perce County",2,48,478,253,225
050,16,069,"Idaho","Nez Perce County",2,49,505,256,249
050,16,069,"Idaho","Nez Perce County",2,50,524,263,261
050,16,069,"Idaho","Nez Perce County",2,51,515,246,269
050,16,069,"Idaho","Nez Perce County",2,52,481,237,244
050,16,069,"Idaho","Nez Perce County",2,53,484,241,243
050,16,069,"Idaho","Nez Perce County",2,54,520,258,262
050,16,069,"Idaho","Nez Perce County",2,55,532,262,270
050,16,069,"Idaho","Nez Perce County",2,56,535,260,275
050,16,069,"Idaho","Nez Perce County",2,57,531,255,276
050,16,069,"Idaho","Nez Perce County",2,58,571,271,300
050,16,069,"Idaho","Nez Perce County",2,59,598,287,311
050,16,069,"Idaho","Nez Perce County",2,60,607,303,304
050,16,069,"Idaho","Nez Perce County",2,61,597,293,304
050,16,069,"Idaho","Nez Perce County",2,62,601,295,306
050,16,069,"Idaho","Nez Perce County",2,63,600,304,296
050,16,069,"Idaho","Nez Perce County",2,64,593,302,291
050,16,069,"Idaho","Nez Perce County",2,65,559,281,278
050,16,069,"Idaho","Nez Perce County",2,66,529,269,260
050,16,069,"Idaho","Nez Perce County",2,67,527,259,268
050,16,069,"Idaho","Nez Perce County",2,68,520,247,273
050,16,069,"Idaho","Nez Perce County",2,69,490,240,250
050,16,069,"Idaho","Nez Perce County",2,70,494,248,246
050,16,069,"Idaho","Nez Perce County",2,71,487,238,249
050,16,069,"Idaho","Nez Perce County",2,72,452,225,227
050,16,069,"Idaho","Nez Perce County",2,73,480,227,253
050,16,069,"Idaho","Nez Perce County",2,74,322,144,178
050,16,069,"Idaho","Nez Perce County",2,75,322,143,179
050,16,069,"Idaho","Nez Perce County",2,76,320,145,175
050,16,069,"Idaho","Nez Perce County",2,77,330,151,179
050,16,069,"Idaho","Nez Perce County",2,78,289,133,156
050,16,069,"Idaho","Nez Perce County",2,79,294,141,153
050,16,069,"Idaho","Nez Perce County",2,80,253,115,138
050,16,069,"Idaho","Nez Perce County",2,81,235,94,141
050,16,069,"Idaho","Nez Perce County",2,82,222,89,133
050,16,069,"Idaho","Nez Perce County",2,83,186,83,103
050,16,069,"Idaho","Nez Perce County",2,84,157,81,76
050,16,069,"Idaho","Nez Perce County",2,85,1114,443,671
050,16,069,"Idaho","Nez Perce County",3,0,427,216,211
050,16,069,"Idaho","Nez Perce County",3,1,475,239,236
050,16,069,"Idaho","Nez Perce County",3,2,462,225,237
050,16,069,"Idaho","Nez Perce County",3,3,450,217,233
050,16,069,"Idaho","Nez Perce County",3,4,480,245,235
050,16,069,"Idaho","Nez Perce County",3,5,514,267,247
050,16,069,"Idaho","Nez Perce County",3,6,525,260,265
050,16,069,"Idaho","Nez Perce County",3,7,508,257,251
050,16,069,"Idaho","Nez Perce County",3,8,529,257,272
050,16,069,"Idaho","Nez Perce County",3,9,517,241,276
050,16,069,"Idaho","Nez Perce County",3,10,479,227,252
050,16,069,"Idaho","Nez Perce County",3,11,496,242,254
050,16,069,"Idaho","Nez Perce County",3,12,481,259,222
050,16,069,"Idaho","Nez Perce County",3,13,530,284,246
050,16,069,"Idaho","Nez Perce County",3,14,516,270,246
050,16,069,"Idaho","Nez Perce County",3,15,519,260,259
050,16,069,"Idaho","Nez Perce County",3,16,535,288,247
050,16,069,"Idaho","Nez Perce County",3,17,544,294,250
050,16,069,"Idaho","Nez Perce County",3,18,497,257,240
050,16,069,"Idaho","Nez Perce County",3,19,513,229,284
050,16,069,"Idaho","Nez Perce County",3,20,502,268,234
050,16,069,"Idaho","Nez Perce County",3,21,509,252,257
050,16,069,"Idaho","Nez Perce County",3,22,530,274,256
050,16,069,"Idaho","Nez Perce County",3,23,520,266,254
050,16,069,"Idaho","Nez Perce County",3,24,524,262,262
050,16,069,"Idaho","Nez Perce County",3,25,522,265,257
050,16,069,"Idaho","Nez Perce County",3,26,482,255,227
050,16,069,"Idaho","Nez Perce County",3,27,491,245,246
050,16,069,"Idaho","Nez Perce County",3,28,524,277,247
050,16,069,"Idaho","Nez Perce County",3,29,581,292,289
050,16,069,"Idaho","Nez Perce County",3,30,590,289,301
050,16,069,"Idaho","Nez Perce County",3,31,589,294,295
050,16,069,"Idaho","Nez Perce County",3,32,569,292,277
050,16,069,"Idaho","Nez Perce County",3,33,554,263,291
050,16,069,"Idaho","Nez Perce County",3,34,509,264,245
050,16,069,"Idaho","Nez Perce County",3,35,531,275,256
050,16,069,"Idaho","Nez Perce County",3,36,526,262,264
050,16,069,"Idaho","Nez Perce County",3,37,524,265,259
050,16,069,"Idaho","Nez Perce County",3,38,502,266,236
050,16,069,"Idaho","Nez Perce County",3,39,502,252,250
050,16,069,"Idaho","Nez Perce County",3,40,517,259,258
050,16,069,"Idaho","Nez Perce County",3,41,513,256,257
050,16,069,"Idaho","Nez Perce County",3,42,487,241,246
050,16,069,"Idaho","Nez Perce County",3,43,466,217,249
050,16,069,"Idaho","Nez Perce County",3,44,471,225,246
050,16,069,"Idaho","Nez Perce County",3,45,435,221,214
050,16,069,"Idaho","Nez Perce County",3,46,484,242,242
050,16,069,"Idaho","Nez Perce County",3,47,468,244,224
050,16,069,"Idaho","Nez Perce County",3,48,466,249,217
050,16,069,"Idaho","Nez Perce County",3,49,483,256,227
050,16,069,"Idaho","Nez Perce County",3,50,511,260,251
050,16,069,"Idaho","Nez Perce County",3,51,519,256,263
050,16,069,"Idaho","Nez Perce County",3,52,533,254,279
050,16,069,"Idaho","Nez Perce County",3,53,490,243,247
050,16,069,"Idaho","Nez Perce County",3,54,502,254,248
050,16,069,"Idaho","Nez Perce County",3,55,532,261,271
050,16,069,"Idaho","Nez Perce County",3,56,520,257,263
050,16,069,"Idaho","Nez Perce County",3,57,543,259,284
050,16,069,"Idaho","Nez Perce County",3,58,543,268,275
050,16,069,"Idaho","Nez Perce County",3,59,584,273,311
050,16,069,"Idaho","Nez Perce County",3,60,595,289,306
050,16,069,"Idaho","Nez Perce County",3,61,623,312,311
050,16,069,"Idaho","Nez Perce County",3,62,589,291,298
050,16,069,"Idaho","Nez Perce County",3,63,604,300,304
050,16,069,"Idaho","Nez Perce County",3,64,614,304,310
050,16,069,"Idaho","Nez Perce County",3,65,586,298,288
050,16,069,"Idaho","Nez Perce County",3,66,556,278,278
050,16,069,"Idaho","Nez Perce County",3,67,524,263,261
050,16,069,"Idaho","Nez Perce County",3,68,517,253,264
050,16,069,"Idaho","Nez Perce County",3,69,522,252,270
050,16,069,"Idaho","Nez Perce County",3,70,476,232,244
050,16,069,"Idaho","Nez Perce County",3,71,477,235,242
050,16,069,"Idaho","Nez Perce County",3,72,487,241,246
050,16,069,"Idaho","Nez Perce County",3,73,454,220,234
050,16,069,"Idaho","Nez Perce County",3,74,459,215,244
050,16,069,"Idaho","Nez Perce County",3,75,323,142,181
050,16,069,"Idaho","Nez Perce County",3,76,318,144,174
050,16,069,"Idaho","Nez Perce County",3,77,317,145,172
050,16,069,"Idaho","Nez Perce County",3,78,318,143,175
050,16,069,"Idaho","Nez Perce County",3,79,277,130,147
050,16,069,"Idaho","Nez Perce County",3,80,275,123,152
050,16,069,"Idaho","Nez Perce County",3,81,248,111,137
050,16,069,"Idaho","Nez Perce County",3,82,219,85,134
050,16,069,"Idaho","Nez Perce County",3,83,203,84,119
050,16,069,"Idaho","Nez Perce County",3,84,178,83,95
050,16,069,"Idaho","Nez Perce County",3,85,1096,444,652
050,16,069,"Idaho","Nez Perce County",4,0,391,202,189
050,16,069,"Idaho","Nez Perce County",4,1,435,220,215
050,16,069,"Idaho","Nez Perce County",4,2,492,243,249
050,16,069,"Idaho","Nez Perce County",4,3,445,224,221
050,16,069,"Idaho","Nez Perce County",4,4,479,240,239
050,16,069,"Idaho","Nez Perce County",4,5,500,263,237
050,16,069,"Idaho","Nez Perce County",4,6,512,265,247
050,16,069,"Idaho","Nez Perce County",4,7,533,267,266
050,16,069,"Idaho","Nez Perce County",4,8,532,266,266
050,16,069,"Idaho","Nez Perce County",4,9,549,268,281
050,16,069,"Idaho","Nez Perce County",4,10,532,245,287
050,16,069,"Idaho","Nez Perce County",4,11,514,250,264
050,16,069,"Idaho","Nez Perce County",4,12,517,249,268
050,16,069,"Idaho","Nez Perce County",4,13,508,277,231
050,16,069,"Idaho","Nez Perce County",4,14,535,285,250
050,16,069,"Idaho","Nez Perce County",4,15,539,278,261
050,16,069,"Idaho","Nez Perce County",4,16,525,272,253
050,16,069,"Idaho","Nez Perce County",4,17,550,308,242
050,16,069,"Idaho","Nez Perce County",4,18,540,278,262
050,16,069,"Idaho","Nez Perce County",4,19,477,228,249
050,16,069,"Idaho","Nez Perce County",4,20,504,255,249
050,16,069,"Idaho","Nez Perce County",4,21,481,253,228
050,16,069,"Idaho","Nez Perce County",4,22,513,256,257
050,16,069,"Idaho","Nez Perce County",4,23,572,289,283
050,16,069,"Idaho","Nez Perce County",4,24,492,251,241
050,16,069,"Idaho","Nez Perce County",4,25,516,257,259
050,16,069,"Idaho","Nez Perce County",4,26,507,262,245
050,16,069,"Idaho","Nez Perce County",4,27,489,258,231
050,16,069,"Idaho","Nez Perce County",4,28,489,244,245
050,16,069,"Idaho","Nez Perce County",4,29,521,276,245
050,16,069,"Idaho","Nez Perce County",4,30,586,302,284
050,16,069,"Idaho","Nez Perce County",4,31,602,297,305
050,16,069,"Idaho","Nez Perce County",4,32,584,296,288
050,16,069,"Idaho","Nez Perce County",4,33,561,291,270
050,16,069,"Idaho","Nez Perce County",4,34,553,264,289
050,16,069,"Idaho","Nez Perce County",4,35,506,257,249
050,16,069,"Idaho","Nez Perce County",4,36,531,282,249
050,16,069,"Idaho","Nez Perce County",4,37,538,275,263
050,16,069,"Idaho","Nez Perce County",4,38,528,271,257
050,16,069,"Idaho","Nez Perce County",4,39,521,273,248
050,16,069,"Idaho","Nez Perce County",4,40,519,253,266
050,16,069,"Idaho","Nez Perce County",4,41,525,263,262
050,16,069,"Idaho","Nez Perce County",4,42,527,264,263
050,16,069,"Idaho","Nez Perce County",4,43,515,253,262
050,16,069,"Idaho","Nez Perce County",4,44,474,215,259
050,16,069,"Idaho","Nez Perce County",4,45,465,220,245
050,16,069,"Idaho","Nez Perce County",4,46,458,230,228
050,16,069,"Idaho","Nez Perce County",4,47,484,245,239
050,16,069,"Idaho","Nez Perce County",4,48,468,251,217
050,16,069,"Idaho","Nez Perce County",4,49,461,244,217
050,16,069,"Idaho","Nez Perce County",4,50,486,256,230
050,16,069,"Idaho","Nez Perce County",4,51,516,266,250
050,16,069,"Idaho","Nez Perce County",4,52,517,253,264
050,16,069,"Idaho","Nez Perce County",4,53,526,252,274
050,16,069,"Idaho","Nez Perce County",4,54,491,240,251
050,16,069,"Idaho","Nez Perce County",4,55,524,263,261
050,16,069,"Idaho","Nez Perce County",4,56,535,264,271
050,16,069,"Idaho","Nez Perce County",4,57,517,259,258
050,16,069,"Idaho","Nez Perce County",4,58,556,261,295
050,16,069,"Idaho","Nez Perce County",4,59,550,270,280
050,16,069,"Idaho","Nez Perce County",4,60,588,272,316
050,16,069,"Idaho","Nez Perce County",4,61,621,305,316
050,16,069,"Idaho","Nez Perce County",4,62,611,302,309
050,16,069,"Idaho","Nez Perce County",4,63,600,296,304
050,16,069,"Idaho","Nez Perce County",4,64,606,306,300
050,16,069,"Idaho","Nez Perce County",4,65,616,316,300
050,16,069,"Idaho","Nez Perce County",4,66,573,290,283
050,16,069,"Idaho","Nez Perce County",4,67,547,270,277
050,16,069,"Idaho","Nez Perce County",4,68,502,252,250
050,16,069,"Idaho","Nez Perce County",4,69,521,263,258
050,16,069,"Idaho","Nez Perce County",4,70,506,240,266
050,16,069,"Idaho","Nez Perce County",4,71,476,228,248
050,16,069,"Idaho","Nez Perce County",4,72,477,240,237
050,16,069,"Idaho","Nez Perce County",4,73,489,242,247
050,16,069,"Idaho","Nez Perce County",4,74,439,210,229
050,16,069,"Idaho","Nez Perce County",4,75,453,211,242
050,16,069,"Idaho","Nez Perce County",4,76,314,142,172
050,16,069,"Idaho","Nez Perce County",4,77,318,147,171
050,16,069,"Idaho","Nez Perce County",4,78,307,140,167
050,16,069,"Idaho","Nez Perce County",4,79,306,139,167
050,16,069,"Idaho","Nez Perce County",4,80,249,105,144
050,16,069,"Idaho","Nez Perce County",4,81,262,114,148
050,16,069,"Idaho","Nez Perce County",4,82,230,101,129
050,16,069,"Idaho","Nez Perce County",4,83,204,77,127
050,16,069,"Idaho","Nez Perce County",4,84,187,86,101
050,16,069,"Idaho","Nez Perce County",4,85,1094,447,647
050,16,069,"Idaho","Nez Perce County",5,0,391,196,195
050,16,069,"Idaho","Nez Perce County",5,1,380,194,186
050,16,069,"Idaho","Nez Perce County",5,2,431,213,218
050,16,069,"Idaho","Nez Perce County",5,3,488,242,246
050,16,069,"Idaho","Nez Perce County",5,4,464,232,232
050,16,069,"Idaho","Nez Perce County",5,5,478,235,243
050,16,069,"Idaho","Nez Perce County",5,6,510,261,249
050,16,069,"Idaho","Nez Perce County",5,7,524,267,257
050,16,069,"Idaho","Nez Perce County",5,8,551,283,268
050,16,069,"Idaho","Nez Perce County",5,9,539,268,271
050,16,069,"Idaho","Nez Perce County",5,10,538,262,276
050,16,069,"Idaho","Nez Perce County",5,11,531,251,280
050,16,069,"Idaho","Nez Perce County",5,12,518,248,270
050,16,069,"Idaho","Nez Perce County",5,13,521,251,270
050,16,069,"Idaho","Nez Perce County",5,14,509,280,229
050,16,069,"Idaho","Nez Perce County",5,15,537,280,257
050,16,069,"Idaho","Nez Perce County",5,16,556,297,259
050,16,069,"Idaho","Nez Perce County",5,17,561,304,257
050,16,069,"Idaho","Nez Perce County",5,18,538,281,257
050,16,069,"Idaho","Nez Perce County",5,19,515,255,260
050,16,069,"Idaho","Nez Perce County",5,20,476,252,224
050,16,069,"Idaho","Nez Perce County",5,21,500,245,255
050,16,069,"Idaho","Nez Perce County",5,22,499,255,244
050,16,069,"Idaho","Nez Perce County",5,23,535,256,279
050,16,069,"Idaho","Nez Perce County",5,24,555,286,269
050,16,069,"Idaho","Nez Perce County",5,25,467,239,228
050,16,069,"Idaho","Nez Perce County",5,26,523,279,244
050,16,069,"Idaho","Nez Perce County",5,27,507,247,260
050,16,069,"Idaho","Nez Perce County",5,28,496,271,225
050,16,069,"Idaho","Nez Perce County",5,29,512,252,260
050,16,069,"Idaho","Nez Perce County",5,30,519,273,246
050,16,069,"Idaho","Nez Perce County",5,31,576,301,275
050,16,069,"Idaho","Nez Perce County",5,32,587,289,298
050,16,069,"Idaho","Nez Perce County",5,33,583,296,287
050,16,069,"Idaho","Nez Perce County",5,34,552,279,273
050,16,069,"Idaho","Nez Perce County",5,35,530,254,276
050,16,069,"Idaho","Nez Perce County",5,36,513,255,258
050,16,069,"Idaho","Nez Perce County",5,37,522,276,246
050,16,069,"Idaho","Nez Perce County",5,38,545,279,266
050,16,069,"Idaho","Nez Perce County",5,39,539,280,259
050,16,069,"Idaho","Nez Perce County",5,40,516,270,246
050,16,069,"Idaho","Nez Perce County",5,41,505,236,269
050,16,069,"Idaho","Nez Perce County",5,42,520,260,260
050,16,069,"Idaho","Nez Perce County",5,43,543,276,267
050,16,069,"Idaho","Nez Perce County",5,44,518,256,262
050,16,069,"Idaho","Nez Perce County",5,45,467,217,250
050,16,069,"Idaho","Nez Perce County",5,46,470,216,254
050,16,069,"Idaho","Nez Perce County",5,47,467,240,227
050,16,069,"Idaho","Nez Perce County",5,48,484,251,233
050,16,069,"Idaho","Nez Perce County",5,49,463,245,218
050,16,069,"Idaho","Nez Perce County",5,50,460,242,218
050,16,069,"Idaho","Nez Perce County",5,51,497,259,238
050,16,069,"Idaho","Nez Perce County",5,52,510,266,244
050,16,069,"Idaho","Nez Perce County",5,53,521,255,266
050,16,069,"Idaho","Nez Perce County",5,54,524,247,277
050,16,069,"Idaho","Nez Perce County",5,55,489,239,250
050,16,069,"Idaho","Nez Perce County",5,56,523,261,262
050,16,069,"Idaho","Nez Perce County",5,57,538,264,274
050,16,069,"Idaho","Nez Perce County",5,58,532,262,270
050,16,069,"Idaho","Nez Perce County",5,59,564,271,293
050,16,069,"Idaho","Nez Perce County",5,60,556,277,279
050,16,069,"Idaho","Nez Perce County",5,61,600,280,320
050,16,069,"Idaho","Nez Perce County",5,62,610,301,309
050,16,069,"Idaho","Nez Perce County",5,63,608,298,310
050,16,069,"Idaho","Nez Perce County",5,64,605,294,311
050,16,069,"Idaho","Nez Perce County",5,65,605,308,297
050,16,069,"Idaho","Nez Perce County",5,66,611,315,296
050,16,069,"Idaho","Nez Perce County",5,67,552,278,274
050,16,069,"Idaho","Nez Perce County",5,68,522,257,265
050,16,069,"Idaho","Nez Perce County",5,69,486,249,237
050,16,069,"Idaho","Nez Perce County",5,70,528,263,265
050,16,069,"Idaho","Nez Perce County",5,71,498,235,263
050,16,069,"Idaho","Nez Perce County",5,72,460,222,238
050,16,069,"Idaho","Nez Perce County",5,73,473,236,237
050,16,069,"Idaho","Nez Perce County",5,74,465,229,236
050,16,069,"Idaho","Nez Perce County",5,75,436,212,224
050,16,069,"Idaho","Nez Perce County",5,76,438,205,233
050,16,069,"Idaho","Nez Perce County",5,77,313,141,172
050,16,069,"Idaho","Nez Perce County",5,78,301,135,166
050,16,069,"Idaho","Nez Perce County",5,79,301,145,156
050,16,069,"Idaho","Nez Perce County",5,80,275,117,158
050,16,069,"Idaho","Nez Perce County",5,81,238,99,139
050,16,069,"Idaho","Nez Perce County",5,82,248,101,147
050,16,069,"Idaho","Nez Perce County",5,83,221,97,124
050,16,069,"Idaho","Nez Perce County",5,84,194,81,113
050,16,069,"Idaho","Nez Perce County",5,85,1116,462,654
050,16,071,"Idaho","Oneida County",1,0,55,28,27
050,16,071,"Idaho","Oneida County",1,1,51,23,28
050,16,071,"Idaho","Oneida County",1,2,65,32,33
050,16,071,"Idaho","Oneida County",1,3,66,33,33
050,16,071,"Idaho","Oneida County",1,4,67,27,40
050,16,071,"Idaho","Oneida County",1,5,57,26,31
050,16,071,"Idaho","Oneida County",1,6,62,27,35
050,16,071,"Idaho","Oneida County",1,7,65,29,36
050,16,071,"Idaho","Oneida County",1,8,71,40,31
050,16,071,"Idaho","Oneida County",1,9,76,39,37
050,16,071,"Idaho","Oneida County",1,10,81,39,42
050,16,071,"Idaho","Oneida County",1,11,84,42,42
050,16,071,"Idaho","Oneida County",1,12,84,44,40
050,16,071,"Idaho","Oneida County",1,13,77,45,32
050,16,071,"Idaho","Oneida County",1,14,83,45,38
050,16,071,"Idaho","Oneida County",1,15,80,42,38
050,16,071,"Idaho","Oneida County",1,16,79,44,35
050,16,071,"Idaho","Oneida County",1,17,71,40,31
050,16,071,"Idaho","Oneida County",1,18,66,38,28
050,16,071,"Idaho","Oneida County",1,19,48,26,22
050,16,071,"Idaho","Oneida County",1,20,44,21,23
050,16,071,"Idaho","Oneida County",1,21,44,22,22
050,16,071,"Idaho","Oneida County",1,22,34,18,16
050,16,071,"Idaho","Oneida County",1,23,46,25,21
050,16,071,"Idaho","Oneida County",1,24,46,21,25
050,16,071,"Idaho","Oneida County",1,25,43,24,19
050,16,071,"Idaho","Oneida County",1,26,45,24,21
050,16,071,"Idaho","Oneida County",1,27,45,25,20
050,16,071,"Idaho","Oneida County",1,28,41,21,20
050,16,071,"Idaho","Oneida County",1,29,35,16,19
050,16,071,"Idaho","Oneida County",1,30,37,20,17
050,16,071,"Idaho","Oneida County",1,31,44,22,22
050,16,071,"Idaho","Oneida County",1,32,40,22,18
050,16,071,"Idaho","Oneida County",1,33,42,20,22
050,16,071,"Idaho","Oneida County",1,34,43,16,27
050,16,071,"Idaho","Oneida County",1,35,52,24,28
050,16,071,"Idaho","Oneida County",1,36,46,25,21
050,16,071,"Idaho","Oneida County",1,37,51,27,24
050,16,071,"Idaho","Oneida County",1,38,64,29,35
050,16,071,"Idaho","Oneida County",1,39,63,31,32
050,16,071,"Idaho","Oneida County",1,40,59,32,27
050,16,071,"Idaho","Oneida County",1,41,65,29,36
050,16,071,"Idaho","Oneida County",1,42,57,26,31
050,16,071,"Idaho","Oneida County",1,43,56,29,27
050,16,071,"Idaho","Oneida County",1,44,41,22,19
050,16,071,"Idaho","Oneida County",1,45,45,23,22
050,16,071,"Idaho","Oneida County",1,46,49,25,24
050,16,071,"Idaho","Oneida County",1,47,46,25,21
050,16,071,"Idaho","Oneida County",1,48,50,30,20
050,16,071,"Idaho","Oneida County",1,49,51,26,25
050,16,071,"Idaho","Oneida County",1,50,47,25,22
050,16,071,"Idaho","Oneida County",1,51,46,21,25
050,16,071,"Idaho","Oneida County",1,52,47,22,25
050,16,071,"Idaho","Oneida County",1,53,46,19,27
050,16,071,"Idaho","Oneida County",1,54,43,19,24
050,16,071,"Idaho","Oneida County",1,55,42,19,23
050,16,071,"Idaho","Oneida County",1,56,56,26,30
050,16,071,"Idaho","Oneida County",1,57,62,29,33
050,16,071,"Idaho","Oneida County",1,58,60,32,28
050,16,071,"Idaho","Oneida County",1,59,63,33,30
050,16,071,"Idaho","Oneida County",1,60,61,31,30
050,16,071,"Idaho","Oneida County",1,61,66,36,30
050,16,071,"Idaho","Oneida County",1,62,77,46,31
050,16,071,"Idaho","Oneida County",1,63,68,34,34
050,16,071,"Idaho","Oneida County",1,64,71,36,35
050,16,071,"Idaho","Oneida County",1,65,66,39,27
050,16,071,"Idaho","Oneida County",1,66,53,31,22
050,16,071,"Idaho","Oneida County",1,67,56,33,23
050,16,071,"Idaho","Oneida County",1,68,49,24,25
050,16,071,"Idaho","Oneida County",1,69,51,26,25
050,16,071,"Idaho","Oneida County",1,70,49,23,26
050,16,071,"Idaho","Oneida County",1,71,55,27,28
050,16,071,"Idaho","Oneida County",1,72,54,26,28
050,16,071,"Idaho","Oneida County",1,73,47,24,23
050,16,071,"Idaho","Oneida County",1,74,34,15,19
050,16,071,"Idaho","Oneida County",1,75,42,25,17
050,16,071,"Idaho","Oneida County",1,76,42,23,19
050,16,071,"Idaho","Oneida County",1,77,33,16,17
050,16,071,"Idaho","Oneida County",1,78,24,10,14
050,16,071,"Idaho","Oneida County",1,79,26,14,12
050,16,071,"Idaho","Oneida County",1,80,26,11,15
050,16,071,"Idaho","Oneida County",1,81,33,18,15
050,16,071,"Idaho","Oneida County",1,82,21,13,8
050,16,071,"Idaho","Oneida County",1,83,20,11,9
050,16,071,"Idaho","Oneida County",1,84,10,2,8
050,16,071,"Idaho","Oneida County",1,85,108,40,68
050,16,071,"Idaho","Oneida County",2,0,48,23,25
050,16,071,"Idaho","Oneida County",2,1,53,25,28
050,16,071,"Idaho","Oneida County",2,2,62,29,33
050,16,071,"Idaho","Oneida County",2,3,65,32,33
050,16,071,"Idaho","Oneida County",2,4,67,29,38
050,16,071,"Idaho","Oneida County",2,5,60,27,33
050,16,071,"Idaho","Oneida County",2,6,60,26,34
050,16,071,"Idaho","Oneida County",2,7,64,28,36
050,16,071,"Idaho","Oneida County",2,8,69,37,32
050,16,071,"Idaho","Oneida County",2,9,74,40,34
050,16,071,"Idaho","Oneida County",2,10,79,39,40
050,16,071,"Idaho","Oneida County",2,11,82,40,42
050,16,071,"Idaho","Oneida County",2,12,84,45,39
050,16,071,"Idaho","Oneida County",2,13,78,44,34
050,16,071,"Idaho","Oneida County",2,14,81,45,36
050,16,071,"Idaho","Oneida County",2,15,80,42,38
050,16,071,"Idaho","Oneida County",2,16,79,43,36
050,16,071,"Idaho","Oneida County",2,17,71,41,30
050,16,071,"Idaho","Oneida County",2,18,65,37,28
050,16,071,"Idaho","Oneida County",2,19,47,26,21
050,16,071,"Idaho","Oneida County",2,20,46,22,24
050,16,071,"Idaho","Oneida County",2,21,43,21,22
050,16,071,"Idaho","Oneida County",2,22,38,20,18
050,16,071,"Idaho","Oneida County",2,23,43,23,20
050,16,071,"Idaho","Oneida County",2,24,48,22,26
050,16,071,"Idaho","Oneida County",2,25,46,25,21
050,16,071,"Idaho","Oneida County",2,26,44,24,20
050,16,071,"Idaho","Oneida County",2,27,45,24,21
050,16,071,"Idaho","Oneida County",2,28,41,22,19
050,16,071,"Idaho","Oneida County",2,29,38,18,20
050,16,071,"Idaho","Oneida County",2,30,36,19,17
050,16,071,"Idaho","Oneida County",2,31,42,21,21
050,16,071,"Idaho","Oneida County",2,32,41,22,19
050,16,071,"Idaho","Oneida County",2,33,42,20,22
050,16,071,"Idaho","Oneida County",2,34,44,18,26
050,16,071,"Idaho","Oneida County",2,35,50,22,28
050,16,071,"Idaho","Oneida County",2,36,47,24,23
050,16,071,"Idaho","Oneida County",2,37,50,26,24
050,16,071,"Idaho","Oneida County",2,38,63,29,34
050,16,071,"Idaho","Oneida County",2,39,63,31,32
050,16,071,"Idaho","Oneida County",2,40,59,31,28
050,16,071,"Idaho","Oneida County",2,41,63,29,34
050,16,071,"Idaho","Oneida County",2,42,59,27,32
050,16,071,"Idaho","Oneida County",2,43,57,29,28
050,16,071,"Idaho","Oneida County",2,44,44,23,21
050,16,071,"Idaho","Oneida County",2,45,44,23,21
050,16,071,"Idaho","Oneida County",2,46,48,25,23
050,16,071,"Idaho","Oneida County",2,47,47,25,22
050,16,071,"Idaho","Oneida County",2,48,50,29,21
050,16,071,"Idaho","Oneida County",2,49,52,28,24
050,16,071,"Idaho","Oneida County",2,50,50,26,24
050,16,071,"Idaho","Oneida County",2,51,46,22,24
050,16,071,"Idaho","Oneida County",2,52,47,22,25
050,16,071,"Idaho","Oneida County",2,53,46,19,27
050,16,071,"Idaho","Oneida County",2,54,43,19,24
050,16,071,"Idaho","Oneida County",2,55,42,19,23
050,16,071,"Idaho","Oneida County",2,56,53,24,29
050,16,071,"Idaho","Oneida County",2,57,62,29,33
050,16,071,"Idaho","Oneida County",2,58,59,30,29
050,16,071,"Idaho","Oneida County",2,59,64,33,31
050,16,071,"Idaho","Oneida County",2,60,62,32,30
050,16,071,"Idaho","Oneida County",2,61,66,36,30
050,16,071,"Idaho","Oneida County",2,62,75,44,31
050,16,071,"Idaho","Oneida County",2,63,70,37,33
050,16,071,"Idaho","Oneida County",2,64,70,35,35
050,16,071,"Idaho","Oneida County",2,65,66,37,29
050,16,071,"Idaho","Oneida County",2,66,56,33,23
050,16,071,"Idaho","Oneida County",2,67,56,33,23
050,16,071,"Idaho","Oneida County",2,68,51,26,25
050,16,071,"Idaho","Oneida County",2,69,50,25,25
050,16,071,"Idaho","Oneida County",2,70,50,24,26
050,16,071,"Idaho","Oneida County",2,71,55,27,28
050,16,071,"Idaho","Oneida County",2,72,53,26,27
050,16,071,"Idaho","Oneida County",2,73,52,26,26
050,16,071,"Idaho","Oneida County",2,74,35,16,19
050,16,071,"Idaho","Oneida County",2,75,41,23,18
050,16,071,"Idaho","Oneida County",2,76,41,23,18
050,16,071,"Idaho","Oneida County",2,77,37,19,18
050,16,071,"Idaho","Oneida County",2,78,25,11,14
050,16,071,"Idaho","Oneida County",2,79,24,13,11
050,16,071,"Idaho","Oneida County",2,80,26,12,14
050,16,071,"Idaho","Oneida County",2,81,30,15,15
050,16,071,"Idaho","Oneida County",2,82,24,14,10
050,16,071,"Idaho","Oneida County",2,83,19,11,8
050,16,071,"Idaho","Oneida County",2,84,11,4,7
050,16,071,"Idaho","Oneida County",2,85,108,40,68
050,16,071,"Idaho","Oneida County",3,0,56,24,32
050,16,071,"Idaho","Oneida County",3,1,55,28,27
050,16,071,"Idaho","Oneida County",3,2,60,29,31
050,16,071,"Idaho","Oneida County",3,3,61,30,31
050,16,071,"Idaho","Oneida County",3,4,66,32,34
050,16,071,"Idaho","Oneida County",3,5,66,29,37
050,16,071,"Idaho","Oneida County",3,6,62,30,32
050,16,071,"Idaho","Oneida County",3,7,58,25,33
050,16,071,"Idaho","Oneida County",3,8,66,31,35
050,16,071,"Idaho","Oneida County",3,9,69,39,30
050,16,071,"Idaho","Oneida County",3,10,72,38,34
050,16,071,"Idaho","Oneida County",3,11,79,40,39
050,16,071,"Idaho","Oneida County",3,12,86,43,43
050,16,071,"Idaho","Oneida County",3,13,86,47,39
050,16,071,"Idaho","Oneida County",3,14,76,40,36
050,16,071,"Idaho","Oneida County",3,15,77,41,36
050,16,071,"Idaho","Oneida County",3,16,81,43,38
050,16,071,"Idaho","Oneida County",3,17,72,39,33
050,16,071,"Idaho","Oneida County",3,18,60,33,27
050,16,071,"Idaho","Oneida County",3,19,51,30,21
050,16,071,"Idaho","Oneida County",3,20,53,29,24
050,16,071,"Idaho","Oneida County",3,21,45,23,22
050,16,071,"Idaho","Oneida County",3,22,41,19,22
050,16,071,"Idaho","Oneida County",3,23,46,24,22
050,16,071,"Idaho","Oneida County",3,24,47,24,23
050,16,071,"Idaho","Oneida County",3,25,44,21,23
050,16,071,"Idaho","Oneida County",3,26,43,24,19
050,16,071,"Idaho","Oneida County",3,27,43,21,22
050,16,071,"Idaho","Oneida County",3,28,51,29,22
050,16,071,"Idaho","Oneida County",3,29,38,22,16
050,16,071,"Idaho","Oneida County",3,30,40,17,23
050,16,071,"Idaho","Oneida County",3,31,36,20,16
050,16,071,"Idaho","Oneida County",3,32,42,20,22
050,16,071,"Idaho","Oneida County",3,33,43,22,21
050,16,071,"Idaho","Oneida County",3,34,45,21,24
050,16,071,"Idaho","Oneida County",3,35,48,20,28
050,16,071,"Idaho","Oneida County",3,36,50,23,27
050,16,071,"Idaho","Oneida County",3,37,47,23,24
050,16,071,"Idaho","Oneida County",3,38,55,27,28
050,16,071,"Idaho","Oneida County",3,39,66,34,32
050,16,071,"Idaho","Oneida County",3,40,66,30,36
050,16,071,"Idaho","Oneida County",3,41,55,29,26
050,16,071,"Idaho","Oneida County",3,42,61,29,32
050,16,071,"Idaho","Oneida County",3,43,63,30,33
050,16,071,"Idaho","Oneida County",3,44,54,27,27
050,16,071,"Idaho","Oneida County",3,45,41,23,18
050,16,071,"Idaho","Oneida County",3,46,46,25,21
050,16,071,"Idaho","Oneida County",3,47,49,26,23
050,16,071,"Idaho","Oneida County",3,48,52,26,26
050,16,071,"Idaho","Oneida County",3,49,48,29,19
050,16,071,"Idaho","Oneida County",3,50,56,29,27
050,16,071,"Idaho","Oneida County",3,51,49,25,24
050,16,071,"Idaho","Oneida County",3,52,44,23,21
050,16,071,"Idaho","Oneida County",3,53,48,22,26
050,16,071,"Idaho","Oneida County",3,54,45,18,27
050,16,071,"Idaho","Oneida County",3,55,38,18,20
050,16,071,"Idaho","Oneida County",3,56,41,19,22
050,16,071,"Idaho","Oneida County",3,57,55,25,30
050,16,071,"Idaho","Oneida County",3,58,62,29,33
050,16,071,"Idaho","Oneida County",3,59,58,31,27
050,16,071,"Idaho","Oneida County",3,60,68,35,33
050,16,071,"Idaho","Oneida County",3,61,63,31,32
050,16,071,"Idaho","Oneida County",3,62,69,37,32
050,16,071,"Idaho","Oneida County",3,63,73,43,30
050,16,071,"Idaho","Oneida County",3,64,71,37,34
050,16,071,"Idaho","Oneida County",3,65,72,33,39
050,16,071,"Idaho","Oneida County",3,66,68,38,30
050,16,071,"Idaho","Oneida County",3,67,57,33,24
050,16,071,"Idaho","Oneida County",3,68,57,34,23
050,16,071,"Idaho","Oneida County",3,69,49,26,23
050,16,071,"Idaho","Oneida County",3,70,50,24,26
050,16,071,"Idaho","Oneida County",3,71,51,23,28
050,16,071,"Idaho","Oneida County",3,72,55,28,27
050,16,071,"Idaho","Oneida County",3,73,54,27,27
050,16,071,"Idaho","Oneida County",3,74,51,24,27
050,16,071,"Idaho","Oneida County",3,75,31,14,17
050,16,071,"Idaho","Oneida County",3,76,36,21,15
050,16,071,"Idaho","Oneida County",3,77,40,22,18
050,16,071,"Idaho","Oneida County",3,78,34,16,18
050,16,071,"Idaho","Oneida County",3,79,24,10,14
050,16,071,"Idaho","Oneida County",3,80,23,12,11
050,16,071,"Idaho","Oneida County",3,81,26,13,13
050,16,071,"Idaho","Oneida County",3,82,27,13,14
050,16,071,"Idaho","Oneida County",3,83,24,14,10
050,16,071,"Idaho","Oneida County",3,84,14,9,5
050,16,071,"Idaho","Oneida County",3,85,105,40,65
050,16,071,"Idaho","Oneida County",4,0,59,23,36
050,16,071,"Idaho","Oneida County",4,1,52,25,27
050,16,071,"Idaho","Oneida County",4,2,60,33,27
050,16,071,"Idaho","Oneida County",4,3,64,30,34
050,16,071,"Idaho","Oneida County",4,4,59,30,29
050,16,071,"Idaho","Oneida County",4,5,74,38,36
050,16,071,"Idaho","Oneida County",4,6,78,35,43
050,16,071,"Idaho","Oneida County",4,7,64,30,34
050,16,071,"Idaho","Oneida County",4,8,61,29,32
050,16,071,"Idaho","Oneida County",4,9,78,35,43
050,16,071,"Idaho","Oneida County",4,10,69,39,30
050,16,071,"Idaho","Oneida County",4,11,81,44,37
050,16,071,"Idaho","Oneida County",4,12,91,44,47
050,16,071,"Idaho","Oneida County",4,13,87,44,43
050,16,071,"Idaho","Oneida County",4,14,91,50,41
050,16,071,"Idaho","Oneida County",4,15,76,41,35
050,16,071,"Idaho","Oneida County",4,16,80,37,43
050,16,071,"Idaho","Oneida County",4,17,82,44,38
050,16,071,"Idaho","Oneida County",4,18,67,40,27
050,16,071,"Idaho","Oneida County",4,19,46,26,20
050,16,071,"Idaho","Oneida County",4,20,52,29,23
050,16,071,"Idaho","Oneida County",4,21,60,32,28
050,16,071,"Idaho","Oneida County",4,22,45,21,24
050,16,071,"Idaho","Oneida County",4,23,45,23,22
050,16,071,"Idaho","Oneida County",4,24,59,29,30
050,16,071,"Idaho","Oneida County",4,25,42,19,23
050,16,071,"Idaho","Oneida County",4,26,43,24,19
050,16,071,"Idaho","Oneida County",4,27,56,34,22
050,16,071,"Idaho","Oneida County",4,28,45,22,23
050,16,071,"Idaho","Oneida County",4,29,54,28,26
050,16,071,"Idaho","Oneida County",4,30,48,24,24
050,16,071,"Idaho","Oneida County",4,31,41,17,24
050,16,071,"Idaho","Oneida County",4,32,38,20,18
050,16,071,"Idaho","Oneida County",4,33,46,23,23
050,16,071,"Idaho","Oneida County",4,34,46,25,21
050,16,071,"Idaho","Oneida County",4,35,42,21,21
050,16,071,"Idaho","Oneida County",4,36,46,21,25
050,16,071,"Idaho","Oneida County",4,37,48,23,25
050,16,071,"Idaho","Oneida County",4,38,51,24,27
050,16,071,"Idaho","Oneida County",4,39,52,24,28
050,16,071,"Idaho","Oneida County",4,40,70,37,33
050,16,071,"Idaho","Oneida County",4,41,68,33,35
050,16,071,"Idaho","Oneida County",4,42,56,30,26
050,16,071,"Idaho","Oneida County",4,43,60,28,32
050,16,071,"Idaho","Oneida County",4,44,64,30,34
050,16,071,"Idaho","Oneida County",4,45,58,30,28
050,16,071,"Idaho","Oneida County",4,46,46,27,19
050,16,071,"Idaho","Oneida County",4,47,45,23,22
050,16,071,"Idaho","Oneida County",4,48,43,19,24
050,16,071,"Idaho","Oneida County",4,49,48,26,22
050,16,071,"Idaho","Oneida County",4,50,47,30,17
050,16,071,"Idaho","Oneida County",4,51,53,27,26
050,16,071,"Idaho","Oneida County",4,52,46,26,20
050,16,071,"Idaho","Oneida County",4,53,43,22,21
050,16,071,"Idaho","Oneida County",4,54,54,22,32
050,16,071,"Idaho","Oneida County",4,55,43,17,26
050,16,071,"Idaho","Oneida County",4,56,40,20,20
050,16,071,"Idaho","Oneida County",4,57,45,18,27
050,16,071,"Idaho","Oneida County",4,58,58,29,29
050,16,071,"Idaho","Oneida County",4,59,71,34,37
050,16,071,"Idaho","Oneida County",4,60,61,34,27
050,16,071,"Idaho","Oneida County",4,61,66,34,32
050,16,071,"Idaho","Oneida County",4,62,67,33,34
050,16,071,"Idaho","Oneida County",4,63,71,38,33
050,16,071,"Idaho","Oneida County",4,64,73,43,30
050,16,071,"Idaho","Oneida County",4,65,70,36,34
050,16,071,"Idaho","Oneida County",4,66,71,33,38
050,16,071,"Idaho","Oneida County",4,67,66,37,29
050,16,071,"Idaho","Oneida County",4,68,57,31,26
050,16,071,"Idaho","Oneida County",4,69,55,32,23
050,16,071,"Idaho","Oneida County",4,70,48,25,23
050,16,071,"Idaho","Oneida County",4,71,47,22,25
050,16,071,"Idaho","Oneida County",4,72,48,22,26
050,16,071,"Idaho","Oneida County",4,73,55,29,26
050,16,071,"Idaho","Oneida County",4,74,55,26,29
050,16,071,"Idaho","Oneida County",4,75,51,23,28
050,16,071,"Idaho","Oneida County",4,76,29,13,16
050,16,071,"Idaho","Oneida County",4,77,39,23,16
050,16,071,"Idaho","Oneida County",4,78,34,17,17
050,16,071,"Idaho","Oneida County",4,79,34,18,16
050,16,071,"Idaho","Oneida County",4,80,22,7,15
050,16,071,"Idaho","Oneida County",4,81,17,10,7
050,16,071,"Idaho","Oneida County",4,82,24,12,12
050,16,071,"Idaho","Oneida County",4,83,25,11,14
050,16,071,"Idaho","Oneida County",4,84,20,12,8
050,16,071,"Idaho","Oneida County",4,85,99,42,57
050,16,071,"Idaho","Oneida County",5,0,57,21,36
050,16,071,"Idaho","Oneida County",5,1,62,27,35
050,16,071,"Idaho","Oneida County",5,2,59,25,34
050,16,071,"Idaho","Oneida County",5,3,67,39,28
050,16,071,"Idaho","Oneida County",5,4,64,29,35
050,16,071,"Idaho","Oneida County",5,5,71,38,33
050,16,071,"Idaho","Oneida County",5,6,80,39,41
050,16,071,"Idaho","Oneida County",5,7,84,36,48
050,16,071,"Idaho","Oneida County",5,8,63,28,35
050,16,071,"Idaho","Oneida County",5,9,62,29,33
050,16,071,"Idaho","Oneida County",5,10,84,42,42
050,16,071,"Idaho","Oneida County",5,11,71,42,29
050,16,071,"Idaho","Oneida County",5,12,86,43,43
050,16,071,"Idaho","Oneida County",5,13,95,47,48
050,16,071,"Idaho","Oneida County",5,14,93,49,44
050,16,071,"Idaho","Oneida County",5,15,98,52,46
050,16,071,"Idaho","Oneida County",5,16,84,45,39
050,16,071,"Idaho","Oneida County",5,17,84,42,42
050,16,071,"Idaho","Oneida County",5,18,72,39,33
050,16,071,"Idaho","Oneida County",5,19,51,31,20
050,16,071,"Idaho","Oneida County",5,20,49,27,22
050,16,071,"Idaho","Oneida County",5,21,53,26,27
050,16,071,"Idaho","Oneida County",5,22,72,36,36
050,16,071,"Idaho","Oneida County",5,23,58,28,30
050,16,071,"Idaho","Oneida County",5,24,55,26,29
050,16,071,"Idaho","Oneida County",5,25,62,28,34
050,16,071,"Idaho","Oneida County",5,26,49,24,25
050,16,071,"Idaho","Oneida County",5,27,48,26,22
050,16,071,"Idaho","Oneida County",5,28,59,38,21
050,16,071,"Idaho","Oneida County",5,29,49,22,27
050,16,071,"Idaho","Oneida County",5,30,57,30,27
050,16,071,"Idaho","Oneida County",5,31,51,26,25
050,16,071,"Idaho","Oneida County",5,32,47,21,26
050,16,071,"Idaho","Oneida County",5,33,40,22,18
050,16,071,"Idaho","Oneida County",5,34,47,25,22
050,16,071,"Idaho","Oneida County",5,35,46,23,23
050,16,071,"Idaho","Oneida County",5,36,42,21,21
050,16,071,"Idaho","Oneida County",5,37,48,19,29
050,16,071,"Idaho","Oneida County",5,38,50,25,25
050,16,071,"Idaho","Oneida County",5,39,55,29,26
050,16,071,"Idaho","Oneida County",5,40,56,23,33
050,16,071,"Idaho","Oneida County",5,41,73,36,37
050,16,071,"Idaho","Oneida County",5,42,73,38,35
050,16,071,"Idaho","Oneida County",5,43,57,30,27
050,16,071,"Idaho","Oneida County",5,44,62,27,35
050,16,071,"Idaho","Oneida County",5,45,65,31,34
050,16,071,"Idaho","Oneida County",5,46,62,32,30
050,16,071,"Idaho","Oneida County",5,47,51,31,20
050,16,071,"Idaho","Oneida County",5,48,48,22,26
050,16,071,"Idaho","Oneida County",5,49,47,26,21
050,16,071,"Idaho","Oneida County",5,50,55,30,25
050,16,071,"Idaho","Oneida County",5,51,47,29,18
050,16,071,"Idaho","Oneida County",5,52,59,30,29
050,16,071,"Idaho","Oneida County",5,53,52,27,25
050,16,071,"Idaho","Oneida County",5,54,51,25,26
050,16,071,"Idaho","Oneida County",5,55,52,22,30
050,16,071,"Idaho","Oneida County",5,56,44,18,26
050,16,071,"Idaho","Oneida County",5,57,42,20,22
050,16,071,"Idaho","Oneida County",5,58,44,18,26
050,16,071,"Idaho","Oneida County",5,59,58,29,29
050,16,071,"Idaho","Oneida County",5,60,71,35,36
050,16,071,"Idaho","Oneida County",5,61,64,34,30
050,16,071,"Idaho","Oneida County",5,62,68,35,33
050,16,071,"Idaho","Oneida County",5,63,66,31,35
050,16,071,"Idaho","Oneida County",5,64,71,38,33
050,16,071,"Idaho","Oneida County",5,65,74,42,32
050,16,071,"Idaho","Oneida County",5,66,70,36,34
050,16,071,"Idaho","Oneida County",5,67,72,33,39
050,16,071,"Idaho","Oneida County",5,68,70,39,31
050,16,071,"Idaho","Oneida County",5,69,53,30,23
050,16,071,"Idaho","Oneida County",5,70,53,30,23
050,16,071,"Idaho","Oneida County",5,71,48,25,23
050,16,071,"Idaho","Oneida County",5,72,42,21,21
050,16,071,"Idaho","Oneida County",5,73,49,22,27
050,16,071,"Idaho","Oneida County",5,74,51,25,26
050,16,071,"Idaho","Oneida County",5,75,55,26,29
050,16,071,"Idaho","Oneida County",5,76,47,22,25
050,16,071,"Idaho","Oneida County",5,77,31,14,17
050,16,071,"Idaho","Oneida County",5,78,36,20,16
050,16,071,"Idaho","Oneida County",5,79,31,18,13
050,16,071,"Idaho","Oneida County",5,80,30,14,16
050,16,071,"Idaho","Oneida County",5,81,20,7,13
050,16,071,"Idaho","Oneida County",5,82,12,7,5
050,16,071,"Idaho","Oneida County",5,83,24,12,12
050,16,071,"Idaho","Oneida County",5,84,22,10,12
050,16,071,"Idaho","Oneida County",5,85,101,43,58
050,16,073,"Idaho","Owyhee County",1,0,139,69,70
050,16,073,"Idaho","Owyhee County",1,1,140,62,78
050,16,073,"Idaho","Owyhee County",1,2,149,80,69
050,16,073,"Idaho","Owyhee County",1,3,162,87,75
050,16,073,"Idaho","Owyhee County",1,4,160,73,87
050,16,073,"Idaho","Owyhee County",1,5,145,65,80
050,16,073,"Idaho","Owyhee County",1,6,154,86,68
050,16,073,"Idaho","Owyhee County",1,7,164,97,67
050,16,073,"Idaho","Owyhee County",1,8,156,81,75
050,16,073,"Idaho","Owyhee County",1,9,157,80,77
050,16,073,"Idaho","Owyhee County",1,10,175,96,79
050,16,073,"Idaho","Owyhee County",1,11,181,92,89
050,16,073,"Idaho","Owyhee County",1,12,199,101,98
050,16,073,"Idaho","Owyhee County",1,13,182,93,89
050,16,073,"Idaho","Owyhee County",1,14,192,85,107
050,16,073,"Idaho","Owyhee County",1,15,179,79,100
050,16,073,"Idaho","Owyhee County",1,16,190,101,89
050,16,073,"Idaho","Owyhee County",1,17,190,100,90
050,16,073,"Idaho","Owyhee County",1,18,176,98,78
050,16,073,"Idaho","Owyhee County",1,19,144,68,76
050,16,073,"Idaho","Owyhee County",1,20,137,71,66
050,16,073,"Idaho","Owyhee County",1,21,131,72,59
050,16,073,"Idaho","Owyhee County",1,22,132,75,57
050,16,073,"Idaho","Owyhee County",1,23,144,73,71
050,16,073,"Idaho","Owyhee County",1,24,141,68,73
050,16,073,"Idaho","Owyhee County",1,25,128,65,63
050,16,073,"Idaho","Owyhee County",1,26,146,79,67
050,16,073,"Idaho","Owyhee County",1,27,139,75,64
050,16,073,"Idaho","Owyhee County",1,28,138,71,67
050,16,073,"Idaho","Owyhee County",1,29,135,68,67
050,16,073,"Idaho","Owyhee County",1,30,133,68,65
050,16,073,"Idaho","Owyhee County",1,31,127,62,65
050,16,073,"Idaho","Owyhee County",1,32,112,57,55
050,16,073,"Idaho","Owyhee County",1,33,120,67,53
050,16,073,"Idaho","Owyhee County",1,34,142,78,64
050,16,073,"Idaho","Owyhee County",1,35,140,69,71
050,16,073,"Idaho","Owyhee County",1,36,145,67,78
050,16,073,"Idaho","Owyhee County",1,37,142,74,68
050,16,073,"Idaho","Owyhee County",1,38,140,72,68
050,16,073,"Idaho","Owyhee County",1,39,129,67,62
050,16,073,"Idaho","Owyhee County",1,40,130,71,59
050,16,073,"Idaho","Owyhee County",1,41,138,68,70
050,16,073,"Idaho","Owyhee County",1,42,154,82,72
050,16,073,"Idaho","Owyhee County",1,43,143,73,70
050,16,073,"Idaho","Owyhee County",1,44,135,66,69
050,16,073,"Idaho","Owyhee County",1,45,129,59,70
050,16,073,"Idaho","Owyhee County",1,46,129,68,61
050,16,073,"Idaho","Owyhee County",1,47,133,63,70
050,16,073,"Idaho","Owyhee County",1,48,134,65,69
050,16,073,"Idaho","Owyhee County",1,49,158,71,87
050,16,073,"Idaho","Owyhee County",1,50,129,66,63
050,16,073,"Idaho","Owyhee County",1,51,144,78,66
050,16,073,"Idaho","Owyhee County",1,52,148,79,69
050,16,073,"Idaho","Owyhee County",1,53,143,68,75
050,16,073,"Idaho","Owyhee County",1,54,134,67,67
050,16,073,"Idaho","Owyhee County",1,55,142,71,71
050,16,073,"Idaho","Owyhee County",1,56,149,73,76
050,16,073,"Idaho","Owyhee County",1,57,162,82,80
050,16,073,"Idaho","Owyhee County",1,58,181,99,82
050,16,073,"Idaho","Owyhee County",1,59,178,96,82
050,16,073,"Idaho","Owyhee County",1,60,162,85,77
050,16,073,"Idaho","Owyhee County",1,61,167,90,77
050,16,073,"Idaho","Owyhee County",1,62,162,86,76
050,16,073,"Idaho","Owyhee County",1,63,174,88,86
050,16,073,"Idaho","Owyhee County",1,64,165,89,76
050,16,073,"Idaho","Owyhee County",1,65,156,91,65
050,16,073,"Idaho","Owyhee County",1,66,146,72,74
050,16,073,"Idaho","Owyhee County",1,67,152,79,73
050,16,073,"Idaho","Owyhee County",1,68,148,77,71
050,16,073,"Idaho","Owyhee County",1,69,136,69,67
050,16,073,"Idaho","Owyhee County",1,70,122,65,57
050,16,073,"Idaho","Owyhee County",1,71,116,64,52
050,16,073,"Idaho","Owyhee County",1,72,123,64,59
050,16,073,"Idaho","Owyhee County",1,73,117,55,62
050,16,073,"Idaho","Owyhee County",1,74,82,44,38
050,16,073,"Idaho","Owyhee County",1,75,84,46,38
050,16,073,"Idaho","Owyhee County",1,76,83,38,45
050,16,073,"Idaho","Owyhee County",1,77,83,37,46
050,16,073,"Idaho","Owyhee County",1,78,89,40,49
050,16,073,"Idaho","Owyhee County",1,79,61,28,33
050,16,073,"Idaho","Owyhee County",1,80,55,25,30
050,16,073,"Idaho","Owyhee County",1,81,53,25,28
050,16,073,"Idaho","Owyhee County",1,82,46,18,28
050,16,073,"Idaho","Owyhee County",1,83,48,26,22
050,16,073,"Idaho","Owyhee County",1,84,45,23,22
050,16,073,"Idaho","Owyhee County",1,85,212,101,111
050,16,073,"Idaho","Owyhee County",2,0,142,71,71
050,16,073,"Idaho","Owyhee County",2,1,142,65,77
050,16,073,"Idaho","Owyhee County",2,2,149,78,71
050,16,073,"Idaho","Owyhee County",2,3,158,84,74
050,16,073,"Idaho","Owyhee County",2,4,159,76,83
050,16,073,"Idaho","Owyhee County",2,5,149,68,81
050,16,073,"Idaho","Owyhee County",2,6,154,82,72
050,16,073,"Idaho","Owyhee County",2,7,162,94,68
050,16,073,"Idaho","Owyhee County",2,8,159,87,72
050,16,073,"Idaho","Owyhee County",2,9,158,82,76
050,16,073,"Idaho","Owyhee County",2,10,173,93,80
050,16,073,"Idaho","Owyhee County",2,11,183,94,89
050,16,073,"Idaho","Owyhee County",2,12,196,100,96
050,16,073,"Idaho","Owyhee County",2,13,187,95,92
050,16,073,"Idaho","Owyhee County",2,14,191,86,105
050,16,073,"Idaho","Owyhee County",2,15,185,81,104
050,16,073,"Idaho","Owyhee County",2,16,187,95,92
050,16,073,"Idaho","Owyhee County",2,17,190,101,89
050,16,073,"Idaho","Owyhee County",2,18,174,95,79
050,16,073,"Idaho","Owyhee County",2,19,145,73,72
050,16,073,"Idaho","Owyhee County",2,20,143,72,71
050,16,073,"Idaho","Owyhee County",2,21,134,73,61
050,16,073,"Idaho","Owyhee County",2,22,135,75,60
050,16,073,"Idaho","Owyhee County",2,23,143,74,69
050,16,073,"Idaho","Owyhee County",2,24,144,69,75
050,16,073,"Idaho","Owyhee County",2,25,132,67,65
050,16,073,"Idaho","Owyhee County",2,26,144,79,65
050,16,073,"Idaho","Owyhee County",2,27,142,76,66
050,16,073,"Idaho","Owyhee County",2,28,139,74,65
050,16,073,"Idaho","Owyhee County",2,29,138,70,68
050,16,073,"Idaho","Owyhee County",2,30,136,69,67
050,16,073,"Idaho","Owyhee County",2,31,127,62,65
050,16,073,"Idaho","Owyhee County",2,32,118,60,58
050,16,073,"Idaho","Owyhee County",2,33,120,66,54
050,16,073,"Idaho","Owyhee County",2,34,140,76,64
050,16,073,"Idaho","Owyhee County",2,35,142,72,70
050,16,073,"Idaho","Owyhee County",2,36,143,67,76
050,16,073,"Idaho","Owyhee County",2,37,145,73,72
050,16,073,"Idaho","Owyhee County",2,38,142,73,69
050,16,073,"Idaho","Owyhee County",2,39,130,67,63
050,16,073,"Idaho","Owyhee County",2,40,132,71,61
050,16,073,"Idaho","Owyhee County",2,41,139,70,69
050,16,073,"Idaho","Owyhee County",2,42,150,78,72
050,16,073,"Idaho","Owyhee County",2,43,146,74,72
050,16,073,"Idaho","Owyhee County",2,44,137,68,69
050,16,073,"Idaho","Owyhee County",2,45,134,62,72
050,16,073,"Idaho","Owyhee County",2,46,132,68,64
050,16,073,"Idaho","Owyhee County",2,47,132,63,69
050,16,073,"Idaho","Owyhee County",2,48,133,64,69
050,16,073,"Idaho","Owyhee County",2,49,151,70,81
050,16,073,"Idaho","Owyhee County",2,50,136,66,70
050,16,073,"Idaho","Owyhee County",2,51,139,74,65
050,16,073,"Idaho","Owyhee County",2,52,148,78,70
050,16,073,"Idaho","Owyhee County",2,53,143,70,73
050,16,073,"Idaho","Owyhee County",2,54,137,68,69
050,16,073,"Idaho","Owyhee County",2,55,142,71,71
050,16,073,"Idaho","Owyhee County",2,56,148,73,75
050,16,073,"Idaho","Owyhee County",2,57,159,81,78
050,16,073,"Idaho","Owyhee County",2,58,182,98,84
050,16,073,"Idaho","Owyhee County",2,59,182,100,82
050,16,073,"Idaho","Owyhee County",2,60,165,86,79
050,16,073,"Idaho","Owyhee County",2,61,167,90,77
050,16,073,"Idaho","Owyhee County",2,62,165,88,77
050,16,073,"Idaho","Owyhee County",2,63,173,89,84
050,16,073,"Idaho","Owyhee County",2,64,168,90,78
050,16,073,"Idaho","Owyhee County",2,65,158,90,68
050,16,073,"Idaho","Owyhee County",2,66,152,78,74
050,16,073,"Idaho","Owyhee County",2,67,150,78,72
050,16,073,"Idaho","Owyhee County",2,68,148,78,70
050,16,073,"Idaho","Owyhee County",2,69,142,72,70
050,16,073,"Idaho","Owyhee County",2,70,124,65,59
050,16,073,"Idaho","Owyhee County",2,71,120,66,54
050,16,073,"Idaho","Owyhee County",2,72,118,61,57
050,16,073,"Idaho","Owyhee County",2,73,123,61,62
050,16,073,"Idaho","Owyhee County",2,74,84,42,42
050,16,073,"Idaho","Owyhee County",2,75,82,45,37
050,16,073,"Idaho","Owyhee County",2,76,82,39,43
050,16,073,"Idaho","Owyhee County",2,77,81,36,45
050,16,073,"Idaho","Owyhee County",2,78,85,37,48
050,16,073,"Idaho","Owyhee County",2,79,64,29,35
050,16,073,"Idaho","Owyhee County",2,80,54,25,29
050,16,073,"Idaho","Owyhee County",2,81,55,25,30
050,16,073,"Idaho","Owyhee County",2,82,47,20,27
050,16,073,"Idaho","Owyhee County",2,83,47,24,23
050,16,073,"Idaho","Owyhee County",2,84,45,23,22
050,16,073,"Idaho","Owyhee County",2,85,215,103,112
050,16,073,"Idaho","Owyhee County",3,0,149,70,79
050,16,073,"Idaho","Owyhee County",3,1,163,81,82
050,16,073,"Idaho","Owyhee County",3,2,141,71,70
050,16,073,"Idaho","Owyhee County",3,3,154,81,73
050,16,073,"Idaho","Owyhee County",3,4,156,78,78
050,16,073,"Idaho","Owyhee County",3,5,163,78,85
050,16,073,"Idaho","Owyhee County",3,6,163,78,85
050,16,073,"Idaho","Owyhee County",3,7,166,88,78
050,16,073,"Idaho","Owyhee County",3,8,174,96,78
050,16,073,"Idaho","Owyhee County",3,9,166,93,73
050,16,073,"Idaho","Owyhee County",3,10,174,88,86
050,16,073,"Idaho","Owyhee County",3,11,182,97,85
050,16,073,"Idaho","Owyhee County",3,12,185,100,85
050,16,073,"Idaho","Owyhee County",3,13,202,104,98
050,16,073,"Idaho","Owyhee County",3,14,195,99,96
050,16,073,"Idaho","Owyhee County",3,15,193,84,109
050,16,073,"Idaho","Owyhee County",3,16,184,75,109
050,16,073,"Idaho","Owyhee County",3,17,185,95,90
050,16,073,"Idaho","Owyhee County",3,18,164,88,76
050,16,073,"Idaho","Owyhee County",3,19,144,75,69
050,16,073,"Idaho","Owyhee County",3,20,156,82,74
050,16,073,"Idaho","Owyhee County",3,21,146,74,72
050,16,073,"Idaho","Owyhee County",3,22,137,72,65
050,16,073,"Idaho","Owyhee County",3,23,130,70,60
050,16,073,"Idaho","Owyhee County",3,24,164,84,80
050,16,073,"Idaho","Owyhee County",3,25,144,69,75
050,16,073,"Idaho","Owyhee County",3,26,146,79,67
050,16,073,"Idaho","Owyhee County",3,27,162,86,76
050,16,073,"Idaho","Owyhee County",3,28,153,87,66
050,16,073,"Idaho","Owyhee County",3,29,137,70,67
050,16,073,"Idaho","Owyhee County",3,30,147,74,73
050,16,073,"Idaho","Owyhee County",3,31,155,75,80
050,16,073,"Idaho","Owyhee County",3,32,132,64,68
050,16,073,"Idaho","Owyhee County",3,33,133,70,63
050,16,073,"Idaho","Owyhee County",3,34,124,62,62
050,16,073,"Idaho","Owyhee County",3,35,147,76,71
050,16,073,"Idaho","Owyhee County",3,36,149,81,68
050,16,073,"Idaho","Owyhee County",3,37,153,72,81
050,16,073,"Idaho","Owyhee County",3,38,157,83,74
050,16,073,"Idaho","Owyhee County",3,39,143,72,71
050,16,073,"Idaho","Owyhee County",3,40,129,67,62
050,16,073,"Idaho","Owyhee County",3,41,136,73,63
050,16,073,"Idaho","Owyhee County",3,42,137,70,67
050,16,073,"Idaho","Owyhee County",3,43,152,82,70
050,16,073,"Idaho","Owyhee County",3,44,147,70,77
050,16,073,"Idaho","Owyhee County",3,45,143,71,72
050,16,073,"Idaho","Owyhee County",3,46,146,67,79
050,16,073,"Idaho","Owyhee County",3,47,132,65,67
050,16,073,"Idaho","Owyhee County",3,48,136,63,73
050,16,073,"Idaho","Owyhee County",3,49,141,74,67
050,16,073,"Idaho","Owyhee County",3,50,154,71,83
050,16,073,"Idaho","Owyhee County",3,51,144,71,73
050,16,073,"Idaho","Owyhee County",3,52,146,77,69
050,16,073,"Idaho","Owyhee County",3,53,147,72,75
050,16,073,"Idaho","Owyhee County",3,54,138,69,69
050,16,073,"Idaho","Owyhee County",3,55,141,74,67
050,16,073,"Idaho","Owyhee County",3,56,140,70,70
050,16,073,"Idaho","Owyhee County",3,57,157,75,82
050,16,073,"Idaho","Owyhee County",3,58,166,83,83
050,16,073,"Idaho","Owyhee County",3,59,190,101,89
050,16,073,"Idaho","Owyhee County",3,60,186,103,83
050,16,073,"Idaho","Owyhee County",3,61,179,92,87
050,16,073,"Idaho","Owyhee County",3,62,167,92,75
050,16,073,"Idaho","Owyhee County",3,63,167,91,76
050,16,073,"Idaho","Owyhee County",3,64,176,85,91
050,16,073,"Idaho","Owyhee County",3,65,165,87,78
050,16,073,"Idaho","Owyhee County",3,66,159,90,69
050,16,073,"Idaho","Owyhee County",3,67,152,79,73
050,16,073,"Idaho","Owyhee County",3,68,146,76,70
050,16,073,"Idaho","Owyhee County",3,69,150,78,72
050,16,073,"Idaho","Owyhee County",3,70,134,73,61
050,16,073,"Idaho","Owyhee County",3,71,130,68,62
050,16,073,"Idaho","Owyhee County",3,72,113,62,51
050,16,073,"Idaho","Owyhee County",3,73,115,60,55
050,16,073,"Idaho","Owyhee County",3,74,121,56,65
050,16,073,"Idaho","Owyhee County",3,75,82,42,40
050,16,073,"Idaho","Owyhee County",3,76,77,43,34
050,16,073,"Idaho","Owyhee County",3,77,78,39,39
050,16,073,"Idaho","Owyhee County",3,78,83,38,45
050,16,073,"Idaho","Owyhee County",3,79,74,34,40
050,16,073,"Idaho","Owyhee County",3,80,57,26,31
050,16,073,"Idaho","Owyhee County",3,81,55,23,32
050,16,073,"Idaho","Owyhee County",3,82,49,23,26
050,16,073,"Idaho","Owyhee County",3,83,48,20,28
050,16,073,"Idaho","Owyhee County",3,84,38,21,17
050,16,073,"Idaho","Owyhee County",3,85,215,103,112
050,16,073,"Idaho","Owyhee County",4,0,146,80,66
050,16,073,"Idaho","Owyhee County",4,1,158,81,77
050,16,073,"Idaho","Owyhee County",4,2,158,83,75
050,16,073,"Idaho","Owyhee County",4,3,151,78,73
050,16,073,"Idaho","Owyhee County",4,4,164,89,75
050,16,073,"Idaho","Owyhee County",4,5,160,78,82
050,16,073,"Idaho","Owyhee County",4,6,172,83,89
050,16,073,"Idaho","Owyhee County",4,7,165,77,88
050,16,073,"Idaho","Owyhee County",4,8,172,90,82
050,16,073,"Idaho","Owyhee County",4,9,178,102,76
050,16,073,"Idaho","Owyhee County",4,10,173,96,77
050,16,073,"Idaho","Owyhee County",4,11,173,88,85
050,16,073,"Idaho","Owyhee County",4,12,186,107,79
050,16,073,"Idaho","Owyhee County",4,13,198,112,86
050,16,073,"Idaho","Owyhee County",4,14,199,104,95
050,16,073,"Idaho","Owyhee County",4,15,207,106,101
050,16,073,"Idaho","Owyhee County",4,16,201,89,112
050,16,073,"Idaho","Owyhee County",4,17,191,87,104
050,16,073,"Idaho","Owyhee County",4,18,163,85,78
050,16,073,"Idaho","Owyhee County",4,19,144,78,66
050,16,073,"Idaho","Owyhee County",4,20,149,79,70
050,16,073,"Idaho","Owyhee County",4,21,150,73,77
050,16,073,"Idaho","Owyhee County",4,22,150,77,73
050,16,073,"Idaho","Owyhee County",4,23,146,82,64
050,16,073,"Idaho","Owyhee County",4,24,144,79,65
050,16,073,"Idaho","Owyhee County",4,25,155,78,77
050,16,073,"Idaho","Owyhee County",4,26,136,69,67
050,16,073,"Idaho","Owyhee County",4,27,143,73,70
050,16,073,"Idaho","Owyhee County",4,28,154,85,69
050,16,073,"Idaho","Owyhee County",4,29,175,99,76
050,16,073,"Idaho","Owyhee County",4,30,157,76,81
050,16,073,"Idaho","Owyhee County",4,31,169,86,83
050,16,073,"Idaho","Owyhee County",4,32,153,71,82
050,16,073,"Idaho","Owyhee County",4,33,141,69,72
050,16,073,"Idaho","Owyhee County",4,34,136,72,64
050,16,073,"Idaho","Owyhee County",4,35,140,74,66
050,16,073,"Idaho","Owyhee County",4,36,145,77,68
050,16,073,"Idaho","Owyhee County",4,37,144,77,67
050,16,073,"Idaho","Owyhee County",4,38,155,74,81
050,16,073,"Idaho","Owyhee County",4,39,158,80,78
050,16,073,"Idaho","Owyhee County",4,40,146,73,73
050,16,073,"Idaho","Owyhee County",4,41,142,76,66
050,16,073,"Idaho","Owyhee County",4,42,131,79,52
050,16,073,"Idaho","Owyhee County",4,43,156,77,79
050,16,073,"Idaho","Owyhee County",4,44,153,80,73
050,16,073,"Idaho","Owyhee County",4,45,150,69,81
050,16,073,"Idaho","Owyhee County",4,46,148,77,71
050,16,073,"Idaho","Owyhee County",4,47,151,72,79
050,16,073,"Idaho","Owyhee County",4,48,128,65,63
050,16,073,"Idaho","Owyhee County",4,49,135,60,75
050,16,073,"Idaho","Owyhee County",4,50,140,76,64
050,16,073,"Idaho","Owyhee County",4,51,166,74,92
050,16,073,"Idaho","Owyhee County",4,52,145,72,73
050,16,073,"Idaho","Owyhee County",4,53,138,78,60
050,16,073,"Idaho","Owyhee County",4,54,161,78,83
050,16,073,"Idaho","Owyhee County",4,55,135,67,68
050,16,073,"Idaho","Owyhee County",4,56,143,79,64
050,16,073,"Idaho","Owyhee County",4,57,147,78,69
050,16,073,"Idaho","Owyhee County",4,58,160,77,83
050,16,073,"Idaho","Owyhee County",4,59,178,89,89
050,16,073,"Idaho","Owyhee County",4,60,188,99,89
050,16,073,"Idaho","Owyhee County",4,61,187,106,81
050,16,073,"Idaho","Owyhee County",4,62,182,90,92
050,16,073,"Idaho","Owyhee County",4,63,157,85,72
050,16,073,"Idaho","Owyhee County",4,64,173,92,81
050,16,073,"Idaho","Owyhee County",4,65,177,85,92
050,16,073,"Idaho","Owyhee County",4,66,167,91,76
050,16,073,"Idaho","Owyhee County",4,67,155,89,66
050,16,073,"Idaho","Owyhee County",4,68,150,78,72
050,16,073,"Idaho","Owyhee County",4,69,154,77,77
050,16,073,"Idaho","Owyhee County",4,70,150,77,73
050,16,073,"Idaho","Owyhee County",4,71,135,73,62
050,16,073,"Idaho","Owyhee County",4,72,127,68,59
050,16,073,"Idaho","Owyhee County",4,73,115,59,56
050,16,073,"Idaho","Owyhee County",4,74,114,59,55
050,16,073,"Idaho","Owyhee County",4,75,113,52,61
050,16,073,"Idaho","Owyhee County",4,76,80,38,42
050,16,073,"Idaho","Owyhee County",4,77,69,40,29
050,16,073,"Idaho","Owyhee County",4,78,83,41,42
050,16,073,"Idaho","Owyhee County",4,79,69,34,35
050,16,073,"Idaho","Owyhee County",4,80,73,31,42
050,16,073,"Idaho","Owyhee County",4,81,61,26,35
050,16,073,"Idaho","Owyhee County",4,82,51,22,29
050,16,073,"Idaho","Owyhee County",4,83,43,20,23
050,16,073,"Idaho","Owyhee County",4,84,43,20,23
050,16,073,"Idaho","Owyhee County",4,85,217,109,108
050,16,073,"Idaho","Owyhee County",5,0,145,79,66
050,16,073,"Idaho","Owyhee County",5,1,134,80,54
050,16,073,"Idaho","Owyhee County",5,2,146,78,68
050,16,073,"Idaho","Owyhee County",5,3,166,88,78
050,16,073,"Idaho","Owyhee County",5,4,157,82,75
050,16,073,"Idaho","Owyhee County",5,5,166,87,79
050,16,073,"Idaho","Owyhee County",5,6,157,78,79
050,16,073,"Idaho","Owyhee County",5,7,164,79,85
050,16,073,"Idaho","Owyhee County",5,8,154,78,76
050,16,073,"Idaho","Owyhee County",5,9,170,88,82
050,16,073,"Idaho","Owyhee County",5,10,181,100,81
050,16,073,"Idaho","Owyhee County",5,11,179,96,83
050,16,073,"Idaho","Owyhee County",5,12,186,99,87
050,16,073,"Idaho","Owyhee County",5,13,184,107,77
050,16,073,"Idaho","Owyhee County",5,14,198,104,94
050,16,073,"Idaho","Owyhee County",5,15,197,101,96
050,16,073,"Idaho","Owyhee County",5,16,201,102,99
050,16,073,"Idaho","Owyhee County",5,17,199,88,111
050,16,073,"Idaho","Owyhee County",5,18,169,76,93
050,16,073,"Idaho","Owyhee County",5,19,127,67,60
050,16,073,"Idaho","Owyhee County",5,20,159,80,79
050,16,073,"Idaho","Owyhee County",5,21,147,71,76
050,16,073,"Idaho","Owyhee County",5,22,151,68,83
050,16,073,"Idaho","Owyhee County",5,23,154,85,69
050,16,073,"Idaho","Owyhee County",5,24,151,81,70
050,16,073,"Idaho","Owyhee County",5,25,147,78,69
050,16,073,"Idaho","Owyhee County",5,26,146,77,69
050,16,073,"Idaho","Owyhee County",5,27,151,74,77
050,16,073,"Idaho","Owyhee County",5,28,140,73,67
050,16,073,"Idaho","Owyhee County",5,29,160,89,71
050,16,073,"Idaho","Owyhee County",5,30,169,92,77
050,16,073,"Idaho","Owyhee County",5,31,156,78,78
050,16,073,"Idaho","Owyhee County",5,32,153,78,75
050,16,073,"Idaho","Owyhee County",5,33,161,76,85
050,16,073,"Idaho","Owyhee County",5,34,150,79,71
050,16,073,"Idaho","Owyhee County",5,35,139,75,64
050,16,073,"Idaho","Owyhee County",5,36,148,78,70
050,16,073,"Idaho","Owyhee County",5,37,153,85,68
050,16,073,"Idaho","Owyhee County",5,38,149,76,73
050,16,073,"Idaho","Owyhee County",5,39,170,81,89
050,16,073,"Idaho","Owyhee County",5,40,154,80,74
050,16,073,"Idaho","Owyhee County",5,41,147,73,74
050,16,073,"Idaho","Owyhee County",5,42,143,77,66
050,16,073,"Idaho","Owyhee County",5,43,132,79,53
050,16,073,"Idaho","Owyhee County",5,44,152,76,76
050,16,073,"Idaho","Owyhee County",5,45,161,80,81
050,16,073,"Idaho","Owyhee County",5,46,152,72,80
050,16,073,"Idaho","Owyhee County",5,47,153,83,70
050,16,073,"Idaho","Owyhee County",5,48,153,76,77
050,16,073,"Idaho","Owyhee County",5,49,124,64,60
050,16,073,"Idaho","Owyhee County",5,50,137,59,78
050,16,073,"Idaho","Owyhee County",5,51,145,75,70
050,16,073,"Idaho","Owyhee County",5,52,167,73,94
050,16,073,"Idaho","Owyhee County",5,53,142,73,69
050,16,073,"Idaho","Owyhee County",5,54,144,78,66
050,16,073,"Idaho","Owyhee County",5,55,162,77,85
050,16,073,"Idaho","Owyhee County",5,56,141,66,75
050,16,073,"Idaho","Owyhee County",5,57,140,82,58
050,16,073,"Idaho","Owyhee County",5,58,147,76,71
050,16,073,"Idaho","Owyhee County",5,59,162,77,85
050,16,073,"Idaho","Owyhee County",5,60,184,90,94
050,16,073,"Idaho","Owyhee County",5,61,196,104,92
050,16,073,"Idaho","Owyhee County",5,62,181,102,79
050,16,073,"Idaho","Owyhee County",5,63,182,93,89
050,16,073,"Idaho","Owyhee County",5,64,155,87,68
050,16,073,"Idaho","Owyhee County",5,65,165,87,78
050,16,073,"Idaho","Owyhee County",5,66,176,83,93
050,16,073,"Idaho","Owyhee County",5,67,163,84,79
050,16,073,"Idaho","Owyhee County",5,68,152,87,65
050,16,073,"Idaho","Owyhee County",5,69,158,76,82
050,16,073,"Idaho","Owyhee County",5,70,147,75,72
050,16,073,"Idaho","Owyhee County",5,71,146,79,67
050,16,073,"Idaho","Owyhee County",5,72,131,72,59
050,16,073,"Idaho","Owyhee County",5,73,127,66,61
050,16,073,"Idaho","Owyhee County",5,74,113,56,57
050,16,073,"Idaho","Owyhee County",5,75,110,57,53
050,16,073,"Idaho","Owyhee County",5,76,115,50,65
050,16,073,"Idaho","Owyhee County",5,77,77,36,41
050,16,073,"Idaho","Owyhee County",5,78,73,40,33
050,16,073,"Idaho","Owyhee County",5,79,69,37,32
050,16,073,"Idaho","Owyhee County",5,80,63,29,34
050,16,073,"Idaho","Owyhee County",5,81,75,29,46
050,16,073,"Idaho","Owyhee County",5,82,56,23,33
050,16,073,"Idaho","Owyhee County",5,83,47,21,26
050,16,073,"Idaho","Owyhee County",5,84,40,21,19
050,16,073,"Idaho","Owyhee County",5,85,229,112,117
050,16,075,"Idaho","Payette County",1,0,306,159,147
050,16,075,"Idaho","Payette County",1,1,333,180,153
050,16,075,"Idaho","Payette County",1,2,341,164,177
050,16,075,"Idaho","Payette County",1,3,346,162,184
050,16,075,"Idaho","Payette County",1,4,340,183,157
050,16,075,"Idaho","Payette County",1,5,360,197,163
050,16,075,"Idaho","Payette County",1,6,366,185,181
050,16,075,"Idaho","Payette County",1,7,356,185,171
050,16,075,"Idaho","Payette County",1,8,368,205,163
050,16,075,"Idaho","Payette County",1,9,371,201,170
050,16,075,"Idaho","Payette County",1,10,371,201,170
050,16,075,"Idaho","Payette County",1,11,378,185,193
050,16,075,"Idaho","Payette County",1,12,407,204,203
050,16,075,"Idaho","Payette County",1,13,401,212,189
050,16,075,"Idaho","Payette County",1,14,395,214,181
050,16,075,"Idaho","Payette County",1,15,393,204,189
050,16,075,"Idaho","Payette County",1,16,384,199,185
050,16,075,"Idaho","Payette County",1,17,370,191,179
050,16,075,"Idaho","Payette County",1,18,329,175,154
050,16,075,"Idaho","Payette County",1,19,278,156,122
050,16,075,"Idaho","Payette County",1,20,260,136,124
050,16,075,"Idaho","Payette County",1,21,263,136,127
050,16,075,"Idaho","Payette County",1,22,246,124,122
050,16,075,"Idaho","Payette County",1,23,258,130,128
050,16,075,"Idaho","Payette County",1,24,257,130,127
050,16,075,"Idaho","Payette County",1,25,286,153,133
050,16,075,"Idaho","Payette County",1,26,274,145,129
050,16,075,"Idaho","Payette County",1,27,279,142,137
050,16,075,"Idaho","Payette County",1,28,289,141,148
050,16,075,"Idaho","Payette County",1,29,305,138,167
050,16,075,"Idaho","Payette County",1,30,306,145,161
050,16,075,"Idaho","Payette County",1,31,310,142,168
050,16,075,"Idaho","Payette County",1,32,277,136,141
050,16,075,"Idaho","Payette County",1,33,292,157,135
050,16,075,"Idaho","Payette County",1,34,318,172,146
050,16,075,"Idaho","Payette County",1,35,300,164,136
050,16,075,"Idaho","Payette County",1,36,292,153,139
050,16,075,"Idaho","Payette County",1,37,267,132,135
050,16,075,"Idaho","Payette County",1,38,293,129,164
050,16,075,"Idaho","Payette County",1,39,309,141,168
050,16,075,"Idaho","Payette County",1,40,300,148,152
050,16,075,"Idaho","Payette County",1,41,292,143,149
050,16,075,"Idaho","Payette County",1,42,295,150,145
050,16,075,"Idaho","Payette County",1,43,286,150,136
050,16,075,"Idaho","Payette County",1,44,284,141,143
050,16,075,"Idaho","Payette County",1,45,290,143,147
050,16,075,"Idaho","Payette County",1,46,277,147,130
050,16,075,"Idaho","Payette County",1,47,281,137,144
050,16,075,"Idaho","Payette County",1,48,324,156,168
050,16,075,"Idaho","Payette County",1,49,337,179,158
050,16,075,"Idaho","Payette County",1,50,310,157,153
050,16,075,"Idaho","Payette County",1,51,307,141,166
050,16,075,"Idaho","Payette County",1,52,301,138,163
050,16,075,"Idaho","Payette County",1,53,302,159,143
050,16,075,"Idaho","Payette County",1,54,295,160,135
050,16,075,"Idaho","Payette County",1,55,312,159,153
050,16,075,"Idaho","Payette County",1,56,334,165,169
050,16,075,"Idaho","Payette County",1,57,334,164,170
050,16,075,"Idaho","Payette County",1,58,342,170,172
050,16,075,"Idaho","Payette County",1,59,346,165,181
050,16,075,"Idaho","Payette County",1,60,334,174,160
050,16,075,"Idaho","Payette County",1,61,316,152,164
050,16,075,"Idaho","Payette County",1,62,316,153,163
050,16,075,"Idaho","Payette County",1,63,330,159,171
050,16,075,"Idaho","Payette County",1,64,295,137,158
050,16,075,"Idaho","Payette County",1,65,307,152,155
050,16,075,"Idaho","Payette County",1,66,307,157,150
050,16,075,"Idaho","Payette County",1,67,295,149,146
050,16,075,"Idaho","Payette County",1,68,298,157,141
050,16,075,"Idaho","Payette County",1,69,255,126,129
050,16,075,"Idaho","Payette County",1,70,290,132,158
050,16,075,"Idaho","Payette County",1,71,261,126,135
050,16,075,"Idaho","Payette County",1,72,255,126,129
050,16,075,"Idaho","Payette County",1,73,284,145,139
050,16,075,"Idaho","Payette County",1,74,194,88,106
050,16,075,"Idaho","Payette County",1,75,211,96,115
050,16,075,"Idaho","Payette County",1,76,206,101,105
050,16,075,"Idaho","Payette County",1,77,211,105,106
050,16,075,"Idaho","Payette County",1,78,179,86,93
050,16,075,"Idaho","Payette County",1,79,153,69,84
050,16,075,"Idaho","Payette County",1,80,153,71,82
050,16,075,"Idaho","Payette County",1,81,148,72,76
050,16,075,"Idaho","Payette County",1,82,119,52,67
050,16,075,"Idaho","Payette County",1,83,105,52,53
050,16,075,"Idaho","Payette County",1,84,106,55,51
050,16,075,"Idaho","Payette County",1,85,438,199,239
050,16,075,"Idaho","Payette County",2,0,306,151,155
050,16,075,"Idaho","Payette County",2,1,329,176,153
050,16,075,"Idaho","Payette County",2,2,347,172,175
050,16,075,"Idaho","Payette County",2,3,348,165,183
050,16,075,"Idaho","Payette County",2,4,350,184,166
050,16,075,"Idaho","Payette County",2,5,361,197,164
050,16,075,"Idaho","Payette County",2,6,369,190,179
050,16,075,"Idaho","Payette County",2,7,364,189,175
050,16,075,"Idaho","Payette County",2,8,363,199,164
050,16,075,"Idaho","Payette County",2,9,369,201,168
050,16,075,"Idaho","Payette County",2,10,372,202,170
050,16,075,"Idaho","Payette County",2,11,377,190,187
050,16,075,"Idaho","Payette County",2,12,404,201,203
050,16,075,"Idaho","Payette County",2,13,403,211,192
050,16,075,"Idaho","Payette County",2,14,400,215,185
050,16,075,"Idaho","Payette County",2,15,393,206,187
050,16,075,"Idaho","Payette County",2,16,386,199,187
050,16,075,"Idaho","Payette County",2,17,373,191,182
050,16,075,"Idaho","Payette County",2,18,325,172,153
050,16,075,"Idaho","Payette County",2,19,278,152,126
050,16,075,"Idaho","Payette County",2,20,270,142,128
050,16,075,"Idaho","Payette County",2,21,260,134,126
050,16,075,"Idaho","Payette County",2,22,253,128,125
050,16,075,"Idaho","Payette County",2,23,256,129,127
050,16,075,"Idaho","Payette County",2,24,260,131,129
050,16,075,"Idaho","Payette County",2,25,284,151,133
050,16,075,"Idaho","Payette County",2,26,280,149,131
050,16,075,"Idaho","Payette County",2,27,282,147,135
050,16,075,"Idaho","Payette County",2,28,291,143,148
050,16,075,"Idaho","Payette County",2,29,305,141,164
050,16,075,"Idaho","Payette County",2,30,311,145,166
050,16,075,"Idaho","Payette County",2,31,310,144,166
050,16,075,"Idaho","Payette County",2,32,289,142,147
050,16,075,"Idaho","Payette County",2,33,291,156,135
050,16,075,"Idaho","Payette County",2,34,316,171,145
050,16,075,"Idaho","Payette County",2,35,310,171,139
050,16,075,"Idaho","Payette County",2,36,293,155,138
050,16,075,"Idaho","Payette County",2,37,276,138,138
050,16,075,"Idaho","Payette County",2,38,288,129,159
050,16,075,"Idaho","Payette County",2,39,306,139,167
050,16,075,"Idaho","Payette County",2,40,307,149,158
050,16,075,"Idaho","Payette County",2,41,297,147,150
050,16,075,"Idaho","Payette County",2,42,294,150,144
050,16,075,"Idaho","Payette County",2,43,289,150,139
050,16,075,"Idaho","Payette County",2,44,284,143,141
050,16,075,"Idaho","Payette County",2,45,290,143,147
050,16,075,"Idaho","Payette County",2,46,282,146,136
050,16,075,"Idaho","Payette County",2,47,281,139,142
050,16,075,"Idaho","Payette County",2,48,319,153,166
050,16,075,"Idaho","Payette County",2,49,336,175,161
050,16,075,"Idaho","Payette County",2,50,322,164,158
050,16,075,"Idaho","Payette County",2,51,311,146,165
050,16,075,"Idaho","Payette County",2,52,301,138,163
050,16,075,"Idaho","Payette County",2,53,304,155,149
050,16,075,"Idaho","Payette County",2,54,299,160,139
050,16,075,"Idaho","Payette County",2,55,310,161,149
050,16,075,"Idaho","Payette County",2,56,333,164,169
050,16,075,"Idaho","Payette County",2,57,336,165,171
050,16,075,"Idaho","Payette County",2,58,344,171,173
050,16,075,"Idaho","Payette County",2,59,348,167,181
050,16,075,"Idaho","Payette County",2,60,340,174,166
050,16,075,"Idaho","Payette County",2,61,318,155,163
050,16,075,"Idaho","Payette County",2,62,315,151,164
050,16,075,"Idaho","Payette County",2,63,332,159,173
050,16,075,"Idaho","Payette County",2,64,306,143,163
050,16,075,"Idaho","Payette County",2,65,309,150,159
050,16,075,"Idaho","Payette County",2,66,313,158,155
050,16,075,"Idaho","Payette County",2,67,297,152,145
050,16,075,"Idaho","Payette County",2,68,299,157,142
050,16,075,"Idaho","Payette County",2,69,269,135,134
050,16,075,"Idaho","Payette County",2,70,282,130,152
050,16,075,"Idaho","Payette County",2,71,269,128,141
050,16,075,"Idaho","Payette County",2,72,252,125,127
050,16,075,"Idaho","Payette County",2,73,296,150,146
050,16,075,"Idaho","Payette County",2,74,200,94,106
050,16,075,"Idaho","Payette County",2,75,210,96,114
050,16,075,"Idaho","Payette County",2,76,206,99,107
050,16,075,"Idaho","Payette County",2,77,212,105,107
050,16,075,"Idaho","Payette County",2,78,183,91,92
050,16,075,"Idaho","Payette County",2,79,160,73,87
050,16,075,"Idaho","Payette County",2,80,154,73,81
050,16,075,"Idaho","Payette County",2,81,149,71,78
050,16,075,"Idaho","Payette County",2,82,124,56,68
050,16,075,"Idaho","Payette County",2,83,103,50,53
050,16,075,"Idaho","Payette County",2,84,106,53,53
050,16,075,"Idaho","Payette County",2,85,451,204,247
050,16,075,"Idaho","Payette County",3,0,313,169,144
050,16,075,"Idaho","Payette County",3,1,313,158,155
050,16,075,"Idaho","Payette County",3,2,361,194,167
050,16,075,"Idaho","Payette County",3,3,354,170,184
050,16,075,"Idaho","Payette County",3,4,367,173,194
050,16,075,"Idaho","Payette County",3,5,364,200,164
050,16,075,"Idaho","Payette County",3,6,367,205,162
050,16,075,"Idaho","Payette County",3,7,387,207,180
050,16,075,"Idaho","Payette County",3,8,375,198,177
050,16,075,"Idaho","Payette County",3,9,373,196,177
050,16,075,"Idaho","Payette County",3,10,399,219,180
050,16,075,"Idaho","Payette County",3,11,392,198,194
050,16,075,"Idaho","Payette County",3,12,395,204,191
050,16,075,"Idaho","Payette County",3,13,411,200,211
050,16,075,"Idaho","Payette County",3,14,410,215,195
050,16,075,"Idaho","Payette County",3,15,415,227,188
050,16,075,"Idaho","Payette County",3,16,383,206,177
050,16,075,"Idaho","Payette County",3,17,392,211,181
050,16,075,"Idaho","Payette County",3,18,323,175,148
050,16,075,"Idaho","Payette County",3,19,263,133,130
050,16,075,"Idaho","Payette County",3,20,297,166,131
050,16,075,"Idaho","Payette County",3,21,275,145,130
050,16,075,"Idaho","Payette County",3,22,275,146,129
050,16,075,"Idaho","Payette County",3,23,268,141,127
050,16,075,"Idaho","Payette County",3,24,239,115,124
050,16,075,"Idaho","Payette County",3,25,274,142,132
050,16,075,"Idaho","Payette County",3,26,293,153,140
050,16,075,"Idaho","Payette County",3,27,304,155,149
050,16,075,"Idaho","Payette County",3,28,298,157,141
050,16,075,"Idaho","Payette County",3,29,319,156,163
050,16,075,"Idaho","Payette County",3,30,334,161,173
050,16,075,"Idaho","Payette County",3,31,303,138,165
050,16,075,"Idaho","Payette County",3,32,317,148,169
050,16,075,"Idaho","Payette County",3,33,291,140,151
050,16,075,"Idaho","Payette County",3,34,319,174,145
050,16,075,"Idaho","Payette County",3,35,341,190,151
050,16,075,"Idaho","Payette County",3,36,325,171,154
050,16,075,"Idaho","Payette County",3,37,326,172,154
050,16,075,"Idaho","Payette County",3,38,297,153,144
050,16,075,"Idaho","Payette County",3,39,292,135,157
050,16,075,"Idaho","Payette County",3,40,327,149,178
050,16,075,"Idaho","Payette County",3,41,324,155,169
050,16,075,"Idaho","Payette County",3,42,307,158,149
050,16,075,"Idaho","Payette County",3,43,300,152,148
050,16,075,"Idaho","Payette County",3,44,286,155,131
050,16,075,"Idaho","Payette County",3,45,297,145,152
050,16,075,"Idaho","Payette County",3,46,290,144,146
050,16,075,"Idaho","Payette County",3,47,295,155,140
050,16,075,"Idaho","Payette County",3,48,286,142,144
050,16,075,"Idaho","Payette County",3,49,325,162,163
050,16,075,"Idaho","Payette County",3,50,345,176,169
050,16,075,"Idaho","Payette County",3,51,329,167,162
050,16,075,"Idaho","Payette County",3,52,314,148,166
050,16,075,"Idaho","Payette County",3,53,304,141,163
050,16,075,"Idaho","Payette County",3,54,299,154,145
050,16,075,"Idaho","Payette County",3,55,313,170,143
050,16,075,"Idaho","Payette County",3,56,321,161,160
050,16,075,"Idaho","Payette County",3,57,329,162,167
050,16,075,"Idaho","Payette County",3,58,360,182,178
050,16,075,"Idaho","Payette County",3,59,331,158,173
050,16,075,"Idaho","Payette County",3,60,367,174,193
050,16,075,"Idaho","Payette County",3,61,333,166,167
050,16,075,"Idaho","Payette County",3,62,337,162,175
050,16,075,"Idaho","Payette County",3,63,330,159,171
050,16,075,"Idaho","Payette County",3,64,348,167,181
050,16,075,"Idaho","Payette County",3,65,320,148,172
050,16,075,"Idaho","Payette County",3,66,326,155,171
050,16,075,"Idaho","Payette County",3,67,307,153,154
050,16,075,"Idaho","Payette County",3,68,303,159,144
050,16,075,"Idaho","Payette County",3,69,289,157,132
050,16,075,"Idaho","Payette County",3,70,272,135,137
050,16,075,"Idaho","Payette County",3,71,283,132,151
050,16,075,"Idaho","Payette County",3,72,277,131,146
050,16,075,"Idaho","Payette County",3,73,272,133,139
050,16,075,"Idaho","Payette County",3,74,293,149,144
050,16,075,"Idaho","Payette County",3,75,198,93,105
050,16,075,"Idaho","Payette County",3,76,198,94,104
050,16,075,"Idaho","Payette County",3,77,205,98,107
050,16,075,"Idaho","Payette County",3,78,204,102,102
050,16,075,"Idaho","Payette County",3,79,178,88,90
050,16,075,"Idaho","Payette County",3,80,151,72,79
050,16,075,"Idaho","Payette County",3,81,149,64,85
050,16,075,"Idaho","Payette County",3,82,145,67,78
050,16,075,"Idaho","Payette County",3,83,112,52,60
050,16,075,"Idaho","Payette County",3,84,96,49,47
050,16,075,"Idaho","Payette County",3,85,467,215,252
050,16,075,"Idaho","Payette County",4,0,318,166,152
050,16,075,"Idaho","Payette County",4,1,319,175,144
050,16,075,"Idaho","Payette County",4,2,326,161,165
050,16,075,"Idaho","Payette County",4,3,371,190,181
050,16,075,"Idaho","Payette County",4,4,374,182,192
050,16,075,"Idaho","Payette County",4,5,377,186,191
050,16,075,"Idaho","Payette County",4,6,346,191,155
050,16,075,"Idaho","Payette County",4,7,372,201,171
050,16,075,"Idaho","Payette County",4,8,397,209,188
050,16,075,"Idaho","Payette County",4,9,371,195,176
050,16,075,"Idaho","Payette County",4,10,381,192,189
050,16,075,"Idaho","Payette County",4,11,406,223,183
050,16,075,"Idaho","Payette County",4,12,396,202,194
050,16,075,"Idaho","Payette County",4,13,391,202,189
050,16,075,"Idaho","Payette County",4,14,423,213,210
050,16,075,"Idaho","Payette County",4,15,419,222,197
050,16,075,"Idaho","Payette County",4,16,421,229,192
050,16,075,"Idaho","Payette County",4,17,389,212,177
050,16,075,"Idaho","Payette County",4,18,339,181,158
050,16,075,"Idaho","Payette County",4,19,256,138,118
050,16,075,"Idaho","Payette County",4,20,268,136,132
050,16,075,"Idaho","Payette County",4,21,306,167,139
050,16,075,"Idaho","Payette County",4,22,289,151,138
050,16,075,"Idaho","Payette County",4,23,298,156,142
050,16,075,"Idaho","Payette County",4,24,279,151,128
050,16,075,"Idaho","Payette County",4,25,263,135,128
050,16,075,"Idaho","Payette County",4,26,284,144,140
050,16,075,"Idaho","Payette County",4,27,313,166,147
050,16,075,"Idaho","Payette County",4,28,312,162,150
050,16,075,"Idaho","Payette County",4,29,316,163,153
050,16,075,"Idaho","Payette County",4,30,324,165,159
050,16,075,"Idaho","Payette County",4,31,344,163,181
050,16,075,"Idaho","Payette County",4,32,332,148,184
050,16,075,"Idaho","Payette County",4,33,331,166,165
050,16,075,"Idaho","Payette County",4,34,310,151,159
050,16,075,"Idaho","Payette County",4,35,310,166,144
050,16,075,"Idaho","Payette County",4,36,345,190,155
050,16,075,"Idaho","Payette County",4,37,361,196,165
050,16,075,"Idaho","Payette County",4,38,319,162,157
050,16,075,"Idaho","Payette County",4,39,316,170,146
050,16,075,"Idaho","Payette County",4,40,297,139,158
050,16,075,"Idaho","Payette County",4,41,324,143,181
050,16,075,"Idaho","Payette County",4,42,332,155,177
050,16,075,"Idaho","Payette County",4,43,308,154,154
050,16,075,"Idaho","Payette County",4,44,295,147,148
050,16,075,"Idaho","Payette County",4,45,307,163,144
050,16,075,"Idaho","Payette County",4,46,313,155,158
050,16,075,"Idaho","Payette County",4,47,292,145,147
050,16,075,"Idaho","Payette County",4,48,309,152,157
050,16,075,"Idaho","Payette County",4,49,282,147,135
050,16,075,"Idaho","Payette County",4,50,327,161,166
050,16,075,"Idaho","Payette County",4,51,354,177,177
050,16,075,"Idaho","Payette County",4,52,334,169,165
050,16,075,"Idaho","Payette County",4,53,315,159,156
050,16,075,"Idaho","Payette County",4,54,301,137,164
050,16,075,"Idaho","Payette County",4,55,306,159,147
050,16,075,"Idaho","Payette County",4,56,322,178,144
050,16,075,"Idaho","Payette County",4,57,327,163,164
050,16,075,"Idaho","Payette County",4,58,334,169,165
050,16,075,"Idaho","Payette County",4,59,380,186,194
050,16,075,"Idaho","Payette County",4,60,335,167,168
050,16,075,"Idaho","Payette County",4,61,358,165,193
050,16,075,"Idaho","Payette County",4,62,345,178,167
050,16,075,"Idaho","Payette County",4,63,351,169,182
050,16,075,"Idaho","Payette County",4,64,326,150,176
050,16,075,"Idaho","Payette County",4,65,364,173,191
050,16,075,"Idaho","Payette County",4,66,337,161,176
050,16,075,"Idaho","Payette County",4,67,320,159,161
050,16,075,"Idaho","Payette County",4,68,319,157,162
050,16,075,"Idaho","Payette County",4,69,304,163,141
050,16,075,"Idaho","Payette County",4,70,301,161,140
050,16,075,"Idaho","Payette County",4,71,263,126,137
050,16,075,"Idaho","Payette County",4,72,287,128,159
050,16,075,"Idaho","Payette County",4,73,283,132,151
050,16,075,"Idaho","Payette County",4,74,258,133,125
050,16,075,"Idaho","Payette County",4,75,301,149,152
050,16,075,"Idaho","Payette County",4,76,198,91,107
050,16,075,"Idaho","Payette County",4,77,199,97,102
050,16,075,"Idaho","Payette County",4,78,196,89,107
050,16,075,"Idaho","Payette County",4,79,196,96,100
050,16,075,"Idaho","Payette County",4,80,163,82,81
050,16,075,"Idaho","Payette County",4,81,144,67,77
050,16,075,"Idaho","Payette County",4,82,140,55,85
050,16,075,"Idaho","Payette County",4,83,126,56,70
050,16,075,"Idaho","Payette County",4,84,100,47,53
050,16,075,"Idaho","Payette County",4,85,444,215,229
050,16,075,"Idaho","Payette County",5,0,323,168,155
050,16,075,"Idaho","Payette County",5,1,315,165,150
050,16,075,"Idaho","Payette County",5,2,328,180,148
050,16,075,"Idaho","Payette County",5,3,321,160,161
050,16,075,"Idaho","Payette County",5,4,382,192,190
050,16,075,"Idaho","Payette County",5,5,367,179,188
050,16,075,"Idaho","Payette County",5,6,385,197,188
050,16,075,"Idaho","Payette County",5,7,360,192,168
050,16,075,"Idaho","Payette County",5,8,376,198,178
050,16,075,"Idaho","Payette County",5,9,406,210,196
050,16,075,"Idaho","Payette County",5,10,384,194,190
050,16,075,"Idaho","Payette County",5,11,396,195,201
050,16,075,"Idaho","Payette County",5,12,403,228,175
050,16,075,"Idaho","Payette County",5,13,406,190,216
050,16,075,"Idaho","Payette County",5,14,392,205,187
050,16,075,"Idaho","Payette County",5,15,427,215,212
050,16,075,"Idaho","Payette County",5,16,424,221,203
050,16,075,"Idaho","Payette County",5,17,410,228,182
050,16,075,"Idaho","Payette County",5,18,346,197,149
050,16,075,"Idaho","Payette County",5,19,272,151,121
050,16,075,"Idaho","Payette County",5,20,276,147,129
050,16,075,"Idaho","Payette County",5,21,284,143,141
050,16,075,"Idaho","Payette County",5,22,311,170,141
050,16,075,"Idaho","Payette County",5,23,301,161,140
050,16,075,"Idaho","Payette County",5,24,287,149,138
050,16,075,"Idaho","Payette County",5,25,308,162,146
050,16,075,"Idaho","Payette County",5,26,257,127,130
050,16,075,"Idaho","Payette County",5,27,288,142,146
050,16,075,"Idaho","Payette County",5,28,322,169,153
050,16,075,"Idaho","Payette County",5,29,326,168,158
050,16,075,"Idaho","Payette County",5,30,327,174,153
050,16,075,"Idaho","Payette County",5,31,343,172,171
050,16,075,"Idaho","Payette County",5,32,348,176,172
050,16,075,"Idaho","Payette County",5,33,334,151,183
050,16,075,"Idaho","Payette County",5,34,345,168,177
050,16,075,"Idaho","Payette County",5,35,322,151,171
050,16,075,"Idaho","Payette County",5,36,316,164,152
050,16,075,"Idaho","Payette County",5,37,339,187,152
050,16,075,"Idaho","Payette County",5,38,374,207,167
050,16,075,"Idaho","Payette County",5,39,343,177,166
050,16,075,"Idaho","Payette County",5,40,303,158,145
050,16,075,"Idaho","Payette County",5,41,301,139,162
050,16,075,"Idaho","Payette County",5,42,328,145,183
050,16,075,"Idaho","Payette County",5,43,335,155,180
050,16,075,"Idaho","Payette County",5,44,305,152,153
050,16,075,"Idaho","Payette County",5,45,306,151,155
050,16,075,"Idaho","Payette County",5,46,315,164,151
050,16,075,"Idaho","Payette County",5,47,309,152,157
050,16,075,"Idaho","Payette County",5,48,300,146,154
050,16,075,"Idaho","Payette County",5,49,302,160,142
050,16,075,"Idaho","Payette County",5,50,285,148,137
050,16,075,"Idaho","Payette County",5,51,330,161,169
050,16,075,"Idaho","Payette County",5,52,345,168,177
050,16,075,"Idaho","Payette County",5,53,338,180,158
050,16,075,"Idaho","Payette County",5,54,303,148,155
050,16,075,"Idaho","Payette County",5,55,297,139,158
050,16,075,"Idaho","Payette County",5,56,289,150,139
050,16,075,"Idaho","Payette County",5,57,320,173,147
050,16,075,"Idaho","Payette County",5,58,335,171,164
050,16,075,"Idaho","Payette County",5,59,321,160,161
050,16,075,"Idaho","Payette County",5,60,404,199,205
050,16,075,"Idaho","Payette County",5,61,337,164,173
050,16,075,"Idaho","Payette County",5,62,368,174,194
050,16,075,"Idaho","Payette County",5,63,354,182,172
050,16,075,"Idaho","Payette County",5,64,356,167,189
050,16,075,"Idaho","Payette County",5,65,335,157,178
050,16,075,"Idaho","Payette County",5,66,378,176,202
050,16,075,"Idaho","Payette County",5,67,334,162,172
050,16,075,"Idaho","Payette County",5,68,320,164,156
050,16,075,"Idaho","Payette County",5,69,313,155,158
050,16,075,"Idaho","Payette County",5,70,297,161,136
050,16,075,"Idaho","Payette County",5,71,306,161,145
050,16,075,"Idaho","Payette County",5,72,269,126,143
050,16,075,"Idaho","Payette County",5,73,296,130,166
050,16,075,"Idaho","Payette County",5,74,271,129,142
050,16,075,"Idaho","Payette County",5,75,267,140,127
050,16,075,"Idaho","Payette County",5,76,296,147,149
050,16,075,"Idaho","Payette County",5,77,198,95,103
050,16,075,"Idaho","Payette County",5,78,192,91,101
050,16,075,"Idaho","Payette County",5,79,194,87,107
050,16,075,"Idaho","Payette County",5,80,180,89,91
050,16,075,"Idaho","Payette County",5,81,158,79,79
050,16,075,"Idaho","Payette County",5,82,132,58,74
050,16,075,"Idaho","Payette County",5,83,120,48,72
050,16,075,"Idaho","Payette County",5,84,115,52,63
050,16,075,"Idaho","Payette County",5,85,448,224,224
050,16,077,"Idaho","Power County",1,0,113,56,57
050,16,077,"Idaho","Power County",1,1,105,51,54
050,16,077,"Idaho","Power County",1,2,115,58,57
050,16,077,"Idaho","Power County",1,3,144,66,78
050,16,077,"Idaho","Power County",1,4,126,55,71
050,16,077,"Idaho","Power County",1,5,141,78,63
050,16,077,"Idaho","Power County",1,6,133,67,66
050,16,077,"Idaho","Power County",1,7,122,61,61
050,16,077,"Idaho","Power County",1,8,134,69,65
050,16,077,"Idaho","Power County",1,9,156,73,83
050,16,077,"Idaho","Power County",1,10,163,75,88
050,16,077,"Idaho","Power County",1,11,142,75,67
050,16,077,"Idaho","Power County",1,12,157,81,76
050,16,077,"Idaho","Power County",1,13,134,71,63
050,16,077,"Idaho","Power County",1,14,145,81,64
050,16,077,"Idaho","Power County",1,15,136,74,62
050,16,077,"Idaho","Power County",1,16,124,59,65
050,16,077,"Idaho","Power County",1,17,128,61,67
050,16,077,"Idaho","Power County",1,18,111,63,48
050,16,077,"Idaho","Power County",1,19,94,51,43
050,16,077,"Idaho","Power County",1,20,83,51,32
050,16,077,"Idaho","Power County",1,21,97,53,44
050,16,077,"Idaho","Power County",1,22,86,43,43
050,16,077,"Idaho","Power County",1,23,94,55,39
050,16,077,"Idaho","Power County",1,24,81,44,37
050,16,077,"Idaho","Power County",1,25,88,33,55
050,16,077,"Idaho","Power County",1,26,81,34,47
050,16,077,"Idaho","Power County",1,27,84,39,45
050,16,077,"Idaho","Power County",1,28,98,53,45
050,16,077,"Idaho","Power County",1,29,102,52,50
050,16,077,"Idaho","Power County",1,30,100,53,47
050,16,077,"Idaho","Power County",1,31,110,60,50
050,16,077,"Idaho","Power County",1,32,104,60,44
050,16,077,"Idaho","Power County",1,33,90,48,42
050,16,077,"Idaho","Power County",1,34,90,50,40
050,16,077,"Idaho","Power County",1,35,105,62,43
050,16,077,"Idaho","Power County",1,36,101,48,53
050,16,077,"Idaho","Power County",1,37,96,47,49
050,16,077,"Idaho","Power County",1,38,83,41,42
050,16,077,"Idaho","Power County",1,39,84,41,43
050,16,077,"Idaho","Power County",1,40,79,40,39
050,16,077,"Idaho","Power County",1,41,78,40,38
050,16,077,"Idaho","Power County",1,42,92,46,46
050,16,077,"Idaho","Power County",1,43,85,40,45
050,16,077,"Idaho","Power County",1,44,83,37,46
050,16,077,"Idaho","Power County",1,45,71,35,36
050,16,077,"Idaho","Power County",1,46,75,40,35
050,16,077,"Idaho","Power County",1,47,68,31,37
050,16,077,"Idaho","Power County",1,48,68,39,29
050,16,077,"Idaho","Power County",1,49,65,37,28
050,16,077,"Idaho","Power County",1,50,63,37,26
050,16,077,"Idaho","Power County",1,51,79,42,37
050,16,077,"Idaho","Power County",1,52,71,36,35
050,16,077,"Idaho","Power County",1,53,81,44,37
050,16,077,"Idaho","Power County",1,54,89,50,39
050,16,077,"Idaho","Power County",1,55,81,36,45
050,16,077,"Idaho","Power County",1,56,94,45,49
050,16,077,"Idaho","Power County",1,57,108,51,57
050,16,077,"Idaho","Power County",1,58,106,54,52
050,16,077,"Idaho","Power County",1,59,95,49,46
050,16,077,"Idaho","Power County",1,60,81,41,40
050,16,077,"Idaho","Power County",1,61,95,47,48
050,16,077,"Idaho","Power County",1,62,93,49,44
050,16,077,"Idaho","Power County",1,63,101,56,45
050,16,077,"Idaho","Power County",1,64,89,44,45
050,16,077,"Idaho","Power County",1,65,101,53,48
050,16,077,"Idaho","Power County",1,66,83,47,36
050,16,077,"Idaho","Power County",1,67,95,49,46
050,16,077,"Idaho","Power County",1,68,95,43,52
050,16,077,"Idaho","Power County",1,69,74,40,34
050,16,077,"Idaho","Power County",1,70,70,38,32
050,16,077,"Idaho","Power County",1,71,66,31,35
050,16,077,"Idaho","Power County",1,72,65,30,35
050,16,077,"Idaho","Power County",1,73,67,30,37
050,16,077,"Idaho","Power County",1,74,54,25,29
050,16,077,"Idaho","Power County",1,75,54,26,28
050,16,077,"Idaho","Power County",1,76,57,29,28
050,16,077,"Idaho","Power County",1,77,51,26,25
050,16,077,"Idaho","Power County",1,78,43,18,25
050,16,077,"Idaho","Power County",1,79,48,22,26
050,16,077,"Idaho","Power County",1,80,42,23,19
050,16,077,"Idaho","Power County",1,81,34,17,17
050,16,077,"Idaho","Power County",1,82,28,15,13
050,16,077,"Idaho","Power County",1,83,25,12,13
050,16,077,"Idaho","Power County",1,84,23,11,12
050,16,077,"Idaho","Power County",1,85,131,54,77
050,16,077,"Idaho","Power County",2,0,104,48,56
050,16,077,"Idaho","Power County",2,1,107,53,54
050,16,077,"Idaho","Power County",2,2,115,59,56
050,16,077,"Idaho","Power County",2,3,137,63,74
050,16,077,"Idaho","Power County",2,4,129,56,73
050,16,077,"Idaho","Power County",2,5,140,74,66
050,16,077,"Idaho","Power County",2,6,135,70,65
050,16,077,"Idaho","Power County",2,7,124,62,62
050,16,077,"Idaho","Power County",2,8,132,67,65
050,16,077,"Idaho","Power County",2,9,150,71,79
050,16,077,"Idaho","Power County",2,10,162,76,86
050,16,077,"Idaho","Power County",2,11,148,77,71
050,16,077,"Idaho","Power County",2,12,155,81,74
050,16,077,"Idaho","Power County",2,13,140,74,66
050,16,077,"Idaho","Power County",2,14,144,79,65
050,16,077,"Idaho","Power County",2,15,136,74,62
050,16,077,"Idaho","Power County",2,16,126,62,64
050,16,077,"Idaho","Power County",2,17,124,60,64
050,16,077,"Idaho","Power County",2,18,109,61,48
050,16,077,"Idaho","Power County",2,19,94,51,43
050,16,077,"Idaho","Power County",2,20,86,51,35
050,16,077,"Idaho","Power County",2,21,92,51,41
050,16,077,"Idaho","Power County",2,22,90,47,43
050,16,077,"Idaho","Power County",2,23,93,53,40
050,16,077,"Idaho","Power County",2,24,84,45,39
050,16,077,"Idaho","Power County",2,25,87,36,51
050,16,077,"Idaho","Power County",2,26,82,34,48
050,16,077,"Idaho","Power County",2,27,81,38,43
050,16,077,"Idaho","Power County",2,28,95,49,46
050,16,077,"Idaho","Power County",2,29,101,52,49
050,16,077,"Idaho","Power County",2,30,101,53,48
050,16,077,"Idaho","Power County",2,31,107,57,50
050,16,077,"Idaho","Power County",2,32,105,59,46
050,16,077,"Idaho","Power County",2,33,93,51,42
050,16,077,"Idaho","Power County",2,34,90,50,40
050,16,077,"Idaho","Power County",2,35,103,59,44
050,16,077,"Idaho","Power County",2,36,101,51,50
050,16,077,"Idaho","Power County",2,37,98,48,50
050,16,077,"Idaho","Power County",2,38,87,42,45
050,16,077,"Idaho","Power County",2,39,84,41,43
050,16,077,"Idaho","Power County",2,40,80,41,39
050,16,077,"Idaho","Power County",2,41,78,40,38
050,16,077,"Idaho","Power County",2,42,87,44,43
050,16,077,"Idaho","Power County",2,43,88,42,46
050,16,077,"Idaho","Power County",2,44,82,37,45
050,16,077,"Idaho","Power County",2,45,76,36,40
050,16,077,"Idaho","Power County",2,46,74,39,35
050,16,077,"Idaho","Power County",2,47,70,34,36
050,16,077,"Idaho","Power County",2,48,68,37,31
050,16,077,"Idaho","Power County",2,49,65,38,27
050,16,077,"Idaho","Power County",2,50,64,37,27
050,16,077,"Idaho","Power County",2,51,75,41,34
050,16,077,"Idaho","Power County",2,52,72,36,36
050,16,077,"Idaho","Power County",2,53,78,43,35
050,16,077,"Idaho","Power County",2,54,86,48,38
050,16,077,"Idaho","Power County",2,55,83,40,43
050,16,077,"Idaho","Power County",2,56,91,43,48
050,16,077,"Idaho","Power County",2,57,105,49,56
050,16,077,"Idaho","Power County",2,58,108,55,53
050,16,077,"Idaho","Power County",2,59,96,50,46
050,16,077,"Idaho","Power County",2,60,84,42,42
050,16,077,"Idaho","Power County",2,61,91,45,46
050,16,077,"Idaho","Power County",2,62,93,48,45
050,16,077,"Idaho","Power County",2,63,100,55,45
050,16,077,"Idaho","Power County",2,64,94,48,46
050,16,077,"Idaho","Power County",2,65,98,51,47
050,16,077,"Idaho","Power County",2,66,87,47,40
050,16,077,"Idaho","Power County",2,67,94,50,44
050,16,077,"Idaho","Power County",2,68,94,44,50
050,16,077,"Idaho","Power County",2,69,78,40,38
050,16,077,"Idaho","Power County",2,70,72,39,33
050,16,077,"Idaho","Power County",2,71,66,32,34
050,16,077,"Idaho","Power County",2,72,64,29,35
050,16,077,"Idaho","Power County",2,73,70,31,39
050,16,077,"Idaho","Power County",2,74,54,25,29
050,16,077,"Idaho","Power County",2,75,53,25,28
050,16,077,"Idaho","Power County",2,76,54,27,27
050,16,077,"Idaho","Power County",2,77,54,28,26
050,16,077,"Idaho","Power County",2,78,44,20,24
050,16,077,"Idaho","Power County",2,79,47,21,26
050,16,077,"Idaho","Power County",2,80,43,22,21
050,16,077,"Idaho","Power County",2,81,36,18,18
050,16,077,"Idaho","Power County",2,82,30,16,14
050,16,077,"Idaho","Power County",2,83,26,13,13
050,16,077,"Idaho","Power County",2,84,23,11,12
050,16,077,"Idaho","Power County",2,85,133,56,77
050,16,077,"Idaho","Power County",3,0,106,47,59
050,16,077,"Idaho","Power County",3,1,114,53,61
050,16,077,"Idaho","Power County",3,2,111,59,52
050,16,077,"Idaho","Power County",3,3,122,60,62
050,16,077,"Idaho","Power County",3,4,137,62,75
050,16,077,"Idaho","Power County",3,5,132,58,74
050,16,077,"Idaho","Power County",3,6,142,78,64
050,16,077,"Idaho","Power County",3,7,133,69,64
050,16,077,"Idaho","Power County",3,8,130,63,67
050,16,077,"Idaho","Power County",3,9,132,64,68
050,16,077,"Idaho","Power County",3,10,152,70,82
050,16,077,"Idaho","Power County",3,11,159,72,87
050,16,077,"Idaho","Power County",3,12,150,78,72
050,16,077,"Idaho","Power County",3,13,150,79,71
050,16,077,"Idaho","Power County",3,14,144,77,67
050,16,077,"Idaho","Power County",3,15,143,77,66
050,16,077,"Idaho","Power County",3,16,143,75,68
050,16,077,"Idaho","Power County",3,17,125,62,63
050,16,077,"Idaho","Power County",3,18,114,56,58
050,16,077,"Idaho","Power County",3,19,95,55,40
050,16,077,"Idaho","Power County",3,20,97,53,44
050,16,077,"Idaho","Power County",3,21,90,57,33
050,16,077,"Idaho","Power County",3,22,85,49,36
050,16,077,"Idaho","Power County",3,23,75,40,35
050,16,077,"Idaho","Power County",3,24,102,59,43
050,16,077,"Idaho","Power County",3,25,84,43,41
050,16,077,"Idaho","Power County",3,26,100,44,56
050,16,077,"Idaho","Power County",3,27,84,37,47
050,16,077,"Idaho","Power County",3,28,78,39,39
050,16,077,"Idaho","Power County",3,29,100,49,51
050,16,077,"Idaho","Power County",3,30,107,60,47
050,16,077,"Idaho","Power County",3,31,97,51,46
050,16,077,"Idaho","Power County",3,32,102,55,47
050,16,077,"Idaho","Power County",3,33,107,58,49
050,16,077,"Idaho","Power County",3,34,92,50,42
050,16,077,"Idaho","Power County",3,35,91,50,41
050,16,077,"Idaho","Power County",3,36,98,55,43
050,16,077,"Idaho","Power County",3,37,111,58,53
050,16,077,"Idaho","Power County",3,38,99,48,51
050,16,077,"Idaho","Power County",3,39,95,46,49
050,16,077,"Idaho","Power County",3,40,92,45,47
050,16,077,"Idaho","Power County",3,41,84,45,39
050,16,077,"Idaho","Power County",3,42,82,44,38
050,16,077,"Idaho","Power County",3,43,89,46,43
050,16,077,"Idaho","Power County",3,44,89,44,45
050,16,077,"Idaho","Power County",3,45,84,40,44
050,16,077,"Idaho","Power County",3,46,76,36,40
050,16,077,"Idaho","Power County",3,47,74,39,35
050,16,077,"Idaho","Power County",3,48,74,35,39
050,16,077,"Idaho","Power County",3,49,74,40,34
050,16,077,"Idaho","Power County",3,50,66,38,28
050,16,077,"Idaho","Power County",3,51,62,37,25
050,16,077,"Idaho","Power County",3,52,74,41,33
050,16,077,"Idaho","Power County",3,53,72,36,36
050,16,077,"Idaho","Power County",3,54,84,45,39
050,16,077,"Idaho","Power County",3,55,90,48,42
050,16,077,"Idaho","Power County",3,56,85,41,44
050,16,077,"Idaho","Power County",3,57,87,41,46
050,16,077,"Idaho","Power County",3,58,101,45,56
050,16,077,"Idaho","Power County",3,59,115,58,57
050,16,077,"Idaho","Power County",3,60,90,47,43
050,16,077,"Idaho","Power County",3,61,82,40,42
050,16,077,"Idaho","Power County",3,62,86,45,41
050,16,077,"Idaho","Power County",3,63,93,47,46
050,16,077,"Idaho","Power County",3,64,100,55,45
050,16,077,"Idaho","Power County",3,65,96,49,47
050,16,077,"Idaho","Power County",3,66,98,50,48
050,16,077,"Idaho","Power County",3,67,83,45,38
050,16,077,"Idaho","Power County",3,68,90,48,42
050,16,077,"Idaho","Power County",3,69,96,45,51
050,16,077,"Idaho","Power County",3,70,79,40,39
050,16,077,"Idaho","Power County",3,71,68,36,32
050,16,077,"Idaho","Power County",3,72,62,29,33
050,16,077,"Idaho","Power County",3,73,61,28,33
050,16,077,"Idaho","Power County",3,74,70,31,39
050,16,077,"Idaho","Power County",3,75,52,24,28
050,16,077,"Idaho","Power County",3,76,52,23,29
050,16,077,"Idaho","Power County",3,77,53,26,27
050,16,077,"Idaho","Power County",3,78,50,28,22
050,16,077,"Idaho","Power County",3,79,41,19,22
050,16,077,"Idaho","Power County",3,80,43,20,23
050,16,077,"Idaho","Power County",3,81,37,18,19
050,16,077,"Idaho","Power County",3,82,36,18,18
050,16,077,"Idaho","Power County",3,83,28,14,14
050,16,077,"Idaho","Power County",3,84,23,13,10
050,16,077,"Idaho","Power County",3,85,124,55,69
050,16,077,"Idaho","Power County",4,0,106,51,55
050,16,077,"Idaho","Power County",4,1,106,53,53
050,16,077,"Idaho","Power County",4,2,125,61,64
050,16,077,"Idaho","Power County",4,3,121,64,57
050,16,077,"Idaho","Power County",4,4,124,59,65
050,16,077,"Idaho","Power County",4,5,138,62,76
050,16,077,"Idaho","Power County",4,6,137,61,76
050,16,077,"Idaho","Power County",4,7,142,75,67
050,16,077,"Idaho","Power County",4,8,144,77,67
050,16,077,"Idaho","Power County",4,9,135,66,69
050,16,077,"Idaho","Power County",4,10,130,61,69
050,16,077,"Idaho","Power County",4,11,155,77,78
050,16,077,"Idaho","Power County",4,12,165,78,87
050,16,077,"Idaho","Power County",4,13,155,76,79
050,16,077,"Idaho","Power County",4,14,156,83,73
050,16,077,"Idaho","Power County",4,15,139,75,64
050,16,077,"Idaho","Power County",4,16,145,76,69
050,16,077,"Idaho","Power County",4,17,138,73,65
050,16,077,"Idaho","Power County",4,18,108,54,54
050,16,077,"Idaho","Power County",4,19,99,47,52
050,16,077,"Idaho","Power County",4,20,90,52,38
050,16,077,"Idaho","Power County",4,21,101,54,47
050,16,077,"Idaho","Power County",4,22,83,51,32
050,16,077,"Idaho","Power County",4,23,92,53,39
050,16,077,"Idaho","Power County",4,24,87,47,40
050,16,077,"Idaho","Power County",4,25,104,57,47
050,16,077,"Idaho","Power County",4,26,84,40,44
050,16,077,"Idaho","Power County",4,27,102,47,55
050,16,077,"Idaho","Power County",4,28,101,57,44
050,16,077,"Idaho","Power County",4,29,92,46,46
050,16,077,"Idaho","Power County",4,30,109,51,58
050,16,077,"Idaho","Power County",4,31,123,76,47
050,16,077,"Idaho","Power County",4,32,95,52,43
050,16,077,"Idaho","Power County",4,33,102,54,48
050,16,077,"Idaho","Power County",4,34,105,54,51
050,16,077,"Idaho","Power County",4,35,89,49,40
050,16,077,"Idaho","Power County",4,36,92,49,43
050,16,077,"Idaho","Power County",4,37,105,60,45
050,16,077,"Idaho","Power County",4,38,106,57,49
050,16,077,"Idaho","Power County",4,39,107,51,56
050,16,077,"Idaho","Power County",4,40,91,46,45
050,16,077,"Idaho","Power County",4,41,94,45,49
050,16,077,"Idaho","Power County",4,42,88,47,41
050,16,077,"Idaho","Power County",4,43,84,47,37
050,16,077,"Idaho","Power County",4,44,87,46,41
050,16,077,"Idaho","Power County",4,45,88,43,45
050,16,077,"Idaho","Power County",4,46,91,42,49
050,16,077,"Idaho","Power County",4,47,76,36,40
050,16,077,"Idaho","Power County",4,48,80,42,38
050,16,077,"Idaho","Power County",4,49,73,35,38
050,16,077,"Idaho","Power County",4,50,76,39,37
050,16,077,"Idaho","Power County",4,51,72,41,31
050,16,077,"Idaho","Power County",4,52,74,46,28
050,16,077,"Idaho","Power County",4,53,73,41,32
050,16,077,"Idaho","Power County",4,54,70,35,35
050,16,077,"Idaho","Power County",4,55,84,45,39
050,16,077,"Idaho","Power County",4,56,86,45,41
050,16,077,"Idaho","Power County",4,57,84,41,43
050,16,077,"Idaho","Power County",4,58,84,41,43
050,16,077,"Idaho","Power County",4,59,107,46,61
050,16,077,"Idaho","Power County",4,60,112,56,56
050,16,077,"Idaho","Power County",4,61,86,43,43
050,16,077,"Idaho","Power County",4,62,82,40,42
050,16,077,"Idaho","Power County",4,63,92,48,44
050,16,077,"Idaho","Power County",4,64,96,47,49
050,16,077,"Idaho","Power County",4,65,101,55,46
050,16,077,"Idaho","Power County",4,66,94,45,49
050,16,077,"Idaho","Power County",4,67,94,47,47
050,16,077,"Idaho","Power County",4,68,82,45,37
050,16,077,"Idaho","Power County",4,69,86,45,41
050,16,077,"Idaho","Power County",4,70,95,44,51
050,16,077,"Idaho","Power County",4,71,77,39,38
050,16,077,"Idaho","Power County",4,72,63,34,29
050,16,077,"Idaho","Power County",4,73,59,26,33
050,16,077,"Idaho","Power County",4,74,57,25,32
050,16,077,"Idaho","Power County",4,75,63,31,32
050,16,077,"Idaho","Power County",4,76,53,24,29
050,16,077,"Idaho","Power County",4,77,51,24,27
050,16,077,"Idaho","Power County",4,78,47,23,24
050,16,077,"Idaho","Power County",4,79,51,29,22
050,16,077,"Idaho","Power County",4,80,41,18,23
050,16,077,"Idaho","Power County",4,81,39,20,19
050,16,077,"Idaho","Power County",4,82,33,16,17
050,16,077,"Idaho","Power County",4,83,32,16,16
050,16,077,"Idaho","Power County",4,84,25,13,12
050,16,077,"Idaho","Power County",4,85,126,59,67
050,16,077,"Idaho","Power County",5,0,109,53,56
050,16,077,"Idaho","Power County",5,1,120,53,67
050,16,077,"Idaho","Power County",5,2,111,57,54
050,16,077,"Idaho","Power County",5,3,127,64,63
050,16,077,"Idaho","Power County",5,4,116,66,50
050,16,077,"Idaho","Power County",5,5,124,59,65
050,16,077,"Idaho","Power County",5,6,140,65,75
050,16,077,"Idaho","Power County",5,7,143,62,81
050,16,077,"Idaho","Power County",5,8,145,80,65
050,16,077,"Idaho","Power County",5,9,141,73,68
050,16,077,"Idaho","Power County",5,10,138,69,69
050,16,077,"Idaho","Power County",5,11,137,63,74
050,16,077,"Idaho","Power County",5,12,153,72,81
050,16,077,"Idaho","Power County",5,13,166,75,91
050,16,077,"Idaho","Power County",5,14,154,78,76
050,16,077,"Idaho","Power County",5,15,154,82,72
050,16,077,"Idaho","Power County",5,16,142,75,67
050,16,077,"Idaho","Power County",5,17,141,76,65
050,16,077,"Idaho","Power County",5,18,123,70,53
050,16,077,"Idaho","Power County",5,19,88,48,40
050,16,077,"Idaho","Power County",5,20,104,44,60
050,16,077,"Idaho","Power County",5,21,99,58,41
050,16,077,"Idaho","Power County",5,22,108,60,48
050,16,077,"Idaho","Power County",5,23,93,55,38
050,16,077,"Idaho","Power County",5,24,97,55,42
050,16,077,"Idaho","Power County",5,25,95,52,43
050,16,077,"Idaho","Power County",5,26,109,58,51
050,16,077,"Idaho","Power County",5,27,87,45,42
050,16,077,"Idaho","Power County",5,28,110,56,54
050,16,077,"Idaho","Power County",5,29,96,52,44
050,16,077,"Idaho","Power County",5,30,87,45,42
050,16,077,"Idaho","Power County",5,31,116,57,59
050,16,077,"Idaho","Power County",5,32,109,63,46
050,16,077,"Idaho","Power County",5,33,104,55,49
050,16,077,"Idaho","Power County",5,34,105,56,49
050,16,077,"Idaho","Power County",5,35,106,56,50
050,16,077,"Idaho","Power County",5,36,90,49,41
050,16,077,"Idaho","Power County",5,37,94,48,46
050,16,077,"Idaho","Power County",5,38,103,63,40
050,16,077,"Idaho","Power County",5,39,106,57,49
050,16,077,"Idaho","Power County",5,40,111,53,58
050,16,077,"Idaho","Power County",5,41,93,51,42
050,16,077,"Idaho","Power County",5,42,93,44,49
050,16,077,"Idaho","Power County",5,43,97,55,42
050,16,077,"Idaho","Power County",5,44,80,47,33
050,16,077,"Idaho","Power County",5,45,90,46,44
050,16,077,"Idaho","Power County",5,46,87,42,45
050,16,077,"Idaho","Power County",5,47,90,43,47
050,16,077,"Idaho","Power County",5,48,79,39,40
050,16,077,"Idaho","Power County",5,49,78,41,37
050,16,077,"Idaho","Power County",5,50,71,35,36
050,16,077,"Idaho","Power County",5,51,75,39,36
050,16,077,"Idaho","Power County",5,52,77,43,34
050,16,077,"Idaho","Power County",5,53,71,45,26
050,16,077,"Idaho","Power County",5,54,72,39,33
050,16,077,"Idaho","Power County",5,55,69,35,34
050,16,077,"Idaho","Power County",5,56,86,46,40
050,16,077,"Idaho","Power County",5,57,84,44,40
050,16,077,"Idaho","Power County",5,58,83,37,46
050,16,077,"Idaho","Power County",5,59,84,40,44
050,16,077,"Idaho","Power County",5,60,105,48,57
050,16,077,"Idaho","Power County",5,61,112,59,53
050,16,077,"Idaho","Power County",5,62,88,44,44
050,16,077,"Idaho","Power County",5,63,86,41,45
050,16,077,"Idaho","Power County",5,64,91,48,43
050,16,077,"Idaho","Power County",5,65,97,48,49
050,16,077,"Idaho","Power County",5,66,97,54,43
050,16,077,"Idaho","Power County",5,67,95,48,47
050,16,077,"Idaho","Power County",5,68,95,46,49
050,16,077,"Idaho","Power County",5,69,86,48,38
050,16,077,"Idaho","Power County",5,70,87,47,40
050,16,077,"Idaho","Power County",5,71,90,41,49
050,16,077,"Idaho","Power County",5,72,76,39,37
050,16,077,"Idaho","Power County",5,73,61,33,28
050,16,077,"Idaho","Power County",5,74,58,26,32
050,16,077,"Idaho","Power County",5,75,54,25,29
050,16,077,"Idaho","Power County",5,76,61,30,31
050,16,077,"Idaho","Power County",5,77,52,24,28
050,16,077,"Idaho","Power County",5,78,50,25,25
050,16,077,"Idaho","Power County",5,79,45,22,23
050,16,077,"Idaho","Power County",5,80,47,26,21
050,16,077,"Idaho","Power County",5,81,36,16,20
050,16,077,"Idaho","Power County",5,82,39,21,18
050,16,077,"Idaho","Power County",5,83,28,14,14
050,16,077,"Idaho","Power County",5,84,29,15,14
050,16,077,"Idaho","Power County",5,85,128,59,69
050,16,079,"Idaho","Shoshone County",1,0,143,73,70
050,16,079,"Idaho","Shoshone County",1,1,150,78,72
050,16,079,"Idaho","Shoshone County",1,2,167,88,79
050,16,079,"Idaho","Shoshone County",1,3,163,85,78
050,16,079,"Idaho","Shoshone County",1,4,161,86,75
050,16,079,"Idaho","Shoshone County",1,5,146,87,59
050,16,079,"Idaho","Shoshone County",1,6,158,86,72
050,16,079,"Idaho","Shoshone County",1,7,144,80,64
050,16,079,"Idaho","Shoshone County",1,8,134,62,72
050,16,079,"Idaho","Shoshone County",1,9,142,62,80
050,16,079,"Idaho","Shoshone County",1,10,151,77,74
050,16,079,"Idaho","Shoshone County",1,11,147,74,73
050,16,079,"Idaho","Shoshone County",1,12,134,71,63
050,16,079,"Idaho","Shoshone County",1,13,141,71,70
050,16,079,"Idaho","Shoshone County",1,14,152,76,76
050,16,079,"Idaho","Shoshone County",1,15,161,83,78
050,16,079,"Idaho","Shoshone County",1,16,150,84,66
050,16,079,"Idaho","Shoshone County",1,17,148,70,78
050,16,079,"Idaho","Shoshone County",1,18,132,68,64
050,16,079,"Idaho","Shoshone County",1,19,109,60,49
050,16,079,"Idaho","Shoshone County",1,20,105,56,49
050,16,079,"Idaho","Shoshone County",1,21,96,51,45
050,16,079,"Idaho","Shoshone County",1,22,123,63,60
050,16,079,"Idaho","Shoshone County",1,23,137,75,62
050,16,079,"Idaho","Shoshone County",1,24,152,73,79
050,16,079,"Idaho","Shoshone County",1,25,150,75,75
050,16,079,"Idaho","Shoshone County",1,26,127,71,56
050,16,079,"Idaho","Shoshone County",1,27,147,81,66
050,16,079,"Idaho","Shoshone County",1,28,157,91,66
050,16,079,"Idaho","Shoshone County",1,29,172,94,78
050,16,079,"Idaho","Shoshone County",1,30,145,69,76
050,16,079,"Idaho","Shoshone County",1,31,142,69,73
050,16,079,"Idaho","Shoshone County",1,32,149,82,67
050,16,079,"Idaho","Shoshone County",1,33,138,71,67
050,16,079,"Idaho","Shoshone County",1,34,141,87,54
050,16,079,"Idaho","Shoshone County",1,35,136,71,65
050,16,079,"Idaho","Shoshone County",1,36,112,62,50
050,16,079,"Idaho","Shoshone County",1,37,121,58,63
050,16,079,"Idaho","Shoshone County",1,38,152,71,81
050,16,079,"Idaho","Shoshone County",1,39,137,60,77
050,16,079,"Idaho","Shoshone County",1,40,145,71,74
050,16,079,"Idaho","Shoshone County",1,41,150,74,76
050,16,079,"Idaho","Shoshone County",1,42,138,79,59
050,16,079,"Idaho","Shoshone County",1,43,127,59,68
050,16,079,"Idaho","Shoshone County",1,44,135,71,64
050,16,079,"Idaho","Shoshone County",1,45,135,65,70
050,16,079,"Idaho","Shoshone County",1,46,146,79,67
050,16,079,"Idaho","Shoshone County",1,47,146,76,70
050,16,079,"Idaho","Shoshone County",1,48,152,82,70
050,16,079,"Idaho","Shoshone County",1,49,153,76,77
050,16,079,"Idaho","Shoshone County",1,50,169,79,90
050,16,079,"Idaho","Shoshone County",1,51,169,81,88
050,16,079,"Idaho","Shoshone County",1,52,161,87,74
050,16,079,"Idaho","Shoshone County",1,53,169,94,75
050,16,079,"Idaho","Shoshone County",1,54,178,89,89
050,16,079,"Idaho","Shoshone County",1,55,181,82,99
050,16,079,"Idaho","Shoshone County",1,56,190,97,93
050,16,079,"Idaho","Shoshone County",1,57,188,93,95
050,16,079,"Idaho","Shoshone County",1,58,219,119,100
050,16,079,"Idaho","Shoshone County",1,59,222,118,104
050,16,079,"Idaho","Shoshone County",1,60,224,112,112
050,16,079,"Idaho","Shoshone County",1,61,213,105,108
050,16,079,"Idaho","Shoshone County",1,62,220,100,120
050,16,079,"Idaho","Shoshone County",1,63,221,107,114
050,16,079,"Idaho","Shoshone County",1,64,226,104,122
050,16,079,"Idaho","Shoshone County",1,65,246,122,124
050,16,079,"Idaho","Shoshone County",1,66,207,102,105
050,16,079,"Idaho","Shoshone County",1,67,216,124,92
050,16,079,"Idaho","Shoshone County",1,68,213,113,100
050,16,079,"Idaho","Shoshone County",1,69,190,98,92
050,16,079,"Idaho","Shoshone County",1,70,188,98,90
050,16,079,"Idaho","Shoshone County",1,71,200,110,90
050,16,079,"Idaho","Shoshone County",1,72,171,84,87
050,16,079,"Idaho","Shoshone County",1,73,165,85,80
050,16,079,"Idaho","Shoshone County",1,74,127,64,63
050,16,079,"Idaho","Shoshone County",1,75,126,58,68
050,16,079,"Idaho","Shoshone County",1,76,112,58,54
050,16,079,"Idaho","Shoshone County",1,77,112,51,61
050,16,079,"Idaho","Shoshone County",1,78,95,50,45
050,16,079,"Idaho","Shoshone County",1,79,90,46,44
050,16,079,"Idaho","Shoshone County",1,80,90,45,45
050,16,079,"Idaho","Shoshone County",1,81,89,42,47
050,16,079,"Idaho","Shoshone County",1,82,79,40,39
050,16,079,"Idaho","Shoshone County",1,83,59,24,35
050,16,079,"Idaho","Shoshone County",1,84,53,23,30
050,16,079,"Idaho","Shoshone County",1,85,291,87,204
050,16,079,"Idaho","Shoshone County",2,0,148,77,71
050,16,079,"Idaho","Shoshone County",2,1,147,76,71
050,16,079,"Idaho","Shoshone County",2,2,162,86,76
050,16,079,"Idaho","Shoshone County",2,3,161,85,76
050,16,079,"Idaho","Shoshone County",2,4,161,86,75
050,16,079,"Idaho","Shoshone County",2,5,151,88,63
050,16,079,"Idaho","Shoshone County",2,6,155,88,67
050,16,079,"Idaho","Shoshone County",2,7,148,83,65
050,16,079,"Idaho","Shoshone County",2,8,138,67,71
050,16,079,"Idaho","Shoshone County",2,9,142,63,79
050,16,079,"Idaho","Shoshone County",2,10,150,73,77
050,16,079,"Idaho","Shoshone County",2,11,147,74,73
050,16,079,"Idaho","Shoshone County",2,12,137,71,66
050,16,079,"Idaho","Shoshone County",2,13,140,72,68
050,16,079,"Idaho","Shoshone County",2,14,149,75,74
050,16,079,"Idaho","Shoshone County",2,15,159,81,78
050,16,079,"Idaho","Shoshone County",2,16,153,85,68
050,16,079,"Idaho","Shoshone County",2,17,147,74,73
050,16,079,"Idaho","Shoshone County",2,18,129,67,62
050,16,079,"Idaho","Shoshone County",2,19,110,60,50
050,16,079,"Idaho","Shoshone County",2,20,108,58,50
050,16,079,"Idaho","Shoshone County",2,21,98,51,47
050,16,079,"Idaho","Shoshone County",2,22,120,62,58
050,16,079,"Idaho","Shoshone County",2,23,135,74,61
050,16,079,"Idaho","Shoshone County",2,24,149,74,75
050,16,079,"Idaho","Shoshone County",2,25,148,73,75
050,16,079,"Idaho","Shoshone County",2,26,132,71,61
050,16,079,"Idaho","Shoshone County",2,27,143,80,63
050,16,079,"Idaho","Shoshone County",2,28,154,88,66
050,16,079,"Idaho","Shoshone County",2,29,170,93,77
050,16,079,"Idaho","Shoshone County",2,30,154,77,77
050,16,079,"Idaho","Shoshone County",2,31,143,70,73
050,16,079,"Idaho","Shoshone County",2,32,147,79,68
050,16,079,"Idaho","Shoshone County",2,33,140,74,66
050,16,079,"Idaho","Shoshone County",2,34,142,84,58
050,16,079,"Idaho","Shoshone County",2,35,139,77,62
050,16,079,"Idaho","Shoshone County",2,36,116,64,52
050,16,079,"Idaho","Shoshone County",2,37,119,59,60
050,16,079,"Idaho","Shoshone County",2,38,145,68,77
050,16,079,"Idaho","Shoshone County",2,39,142,63,79
050,16,079,"Idaho","Shoshone County",2,40,143,69,74
050,16,079,"Idaho","Shoshone County",2,41,150,74,76
050,16,079,"Idaho","Shoshone County",2,42,141,79,62
050,16,079,"Idaho","Shoshone County",2,43,130,65,65
050,16,079,"Idaho","Shoshone County",2,44,131,67,64
050,16,079,"Idaho","Shoshone County",2,45,136,66,70
050,16,079,"Idaho","Shoshone County",2,46,144,76,68
050,16,079,"Idaho","Shoshone County",2,47,145,76,69
050,16,079,"Idaho","Shoshone County",2,48,152,82,70
050,16,079,"Idaho","Shoshone County",2,49,154,77,77
050,16,079,"Idaho","Shoshone County",2,50,166,78,88
050,16,079,"Idaho","Shoshone County",2,51,169,80,89
050,16,079,"Idaho","Shoshone County",2,52,165,86,79
050,16,079,"Idaho","Shoshone County",2,53,169,93,76
050,16,079,"Idaho","Shoshone County",2,54,175,91,84
050,16,079,"Idaho","Shoshone County",2,55,180,83,97
050,16,079,"Idaho","Shoshone County",2,56,189,94,95
050,16,079,"Idaho","Shoshone County",2,57,189,94,95
050,16,079,"Idaho","Shoshone County",2,58,211,113,98
050,16,079,"Idaho","Shoshone County",2,59,224,119,105
050,16,079,"Idaho","Shoshone County",2,60,224,113,111
050,16,079,"Idaho","Shoshone County",2,61,217,108,109
050,16,079,"Idaho","Shoshone County",2,62,219,102,117
050,16,079,"Idaho","Shoshone County",2,63,221,107,114
050,16,079,"Idaho","Shoshone County",2,64,226,105,121
050,16,079,"Idaho","Shoshone County",2,65,242,118,124
050,16,079,"Idaho","Shoshone County",2,66,216,106,110
050,16,079,"Idaho","Shoshone County",2,67,215,119,96
050,16,079,"Idaho","Shoshone County",2,68,213,116,97
050,16,079,"Idaho","Shoshone County",2,69,199,103,96
050,16,079,"Idaho","Shoshone County",2,70,186,97,89
050,16,079,"Idaho","Shoshone County",2,71,197,107,90
050,16,079,"Idaho","Shoshone County",2,72,174,88,86
050,16,079,"Idaho","Shoshone County",2,73,174,89,85
050,16,079,"Idaho","Shoshone County",2,74,127,65,62
050,16,079,"Idaho","Shoshone County",2,75,126,59,67
050,16,079,"Idaho","Shoshone County",2,76,114,58,56
050,16,079,"Idaho","Shoshone County",2,77,114,53,61
050,16,079,"Idaho","Shoshone County",2,78,96,49,47
050,16,079,"Idaho","Shoshone County",2,79,91,47,44
050,16,079,"Idaho","Shoshone County",2,80,88,43,45
050,16,079,"Idaho","Shoshone County",2,81,89,43,46
050,16,079,"Idaho","Shoshone County",2,82,79,38,41
050,16,079,"Idaho","Shoshone County",2,83,61,25,36
050,16,079,"Idaho","Shoshone County",2,84,54,23,31
050,16,079,"Idaho","Shoshone County",2,85,296,90,206
050,16,079,"Idaho","Shoshone County",3,0,128,65,63
050,16,079,"Idaho","Shoshone County",3,1,154,86,68
050,16,079,"Idaho","Shoshone County",3,2,157,75,82
050,16,079,"Idaho","Shoshone County",3,3,170,94,76
050,16,079,"Idaho","Shoshone County",3,4,179,95,84
050,16,079,"Idaho","Shoshone County",3,5,171,90,81
050,16,079,"Idaho","Shoshone County",3,6,164,94,70
050,16,079,"Idaho","Shoshone County",3,7,161,90,71
050,16,079,"Idaho","Shoshone County",3,8,161,86,75
050,16,079,"Idaho","Shoshone County",3,9,148,74,74
050,16,079,"Idaho","Shoshone County",3,10,154,67,87
050,16,079,"Idaho","Shoshone County",3,11,164,81,83
050,16,079,"Idaho","Shoshone County",3,12,157,80,77
050,16,079,"Idaho","Shoshone County",3,13,148,83,65
050,16,079,"Idaho","Shoshone County",3,14,155,76,79
050,16,079,"Idaho","Shoshone County",3,15,157,71,86
050,16,079,"Idaho","Shoshone County",3,16,167,88,79
050,16,079,"Idaho","Shoshone County",3,17,158,88,70
050,16,079,"Idaho","Shoshone County",3,18,123,61,62
050,16,079,"Idaho","Shoshone County",3,19,102,52,50
050,16,079,"Idaho","Shoshone County",3,20,126,74,52
050,16,079,"Idaho","Shoshone County",3,21,119,63,56
050,16,079,"Idaho","Shoshone County",3,22,110,57,53
050,16,079,"Idaho","Shoshone County",3,23,142,72,70
050,16,079,"Idaho","Shoshone County",3,24,148,82,66
050,16,079,"Idaho","Shoshone County",3,25,159,79,80
050,16,079,"Idaho","Shoshone County",3,26,158,77,81
050,16,079,"Idaho","Shoshone County",3,27,148,80,68
050,16,079,"Idaho","Shoshone County",3,28,140,80,60
050,16,079,"Idaho","Shoshone County",3,29,173,92,81
050,16,079,"Idaho","Shoshone County",3,30,168,89,79
050,16,079,"Idaho","Shoshone County",3,31,167,86,81
050,16,079,"Idaho","Shoshone County",3,32,147,74,73
050,16,079,"Idaho","Shoshone County",3,33,158,81,77
050,16,079,"Idaho","Shoshone County",3,34,155,76,79
050,16,079,"Idaho","Shoshone County",3,35,146,85,61
050,16,079,"Idaho","Shoshone County",3,36,158,93,65
050,16,079,"Idaho","Shoshone County",3,37,117,61,56
050,16,079,"Idaho","Shoshone County",3,38,135,67,68
050,16,079,"Idaho","Shoshone County",3,39,150,72,78
050,16,079,"Idaho","Shoshone County",3,40,150,68,82
050,16,079,"Idaho","Shoshone County",3,41,152,75,77
050,16,079,"Idaho","Shoshone County",3,42,155,81,74
050,16,079,"Idaho","Shoshone County",3,43,162,90,72
050,16,079,"Idaho","Shoshone County",3,44,134,66,68
050,16,079,"Idaho","Shoshone County",3,45,138,69,69
050,16,079,"Idaho","Shoshone County",3,46,137,68,69
050,16,079,"Idaho","Shoshone County",3,47,149,77,72
050,16,079,"Idaho","Shoshone County",3,48,148,77,71
050,16,079,"Idaho","Shoshone County",3,49,170,92,78
050,16,079,"Idaho","Shoshone County",3,50,157,76,81
050,16,079,"Idaho","Shoshone County",3,51,167,80,87
050,16,079,"Idaho","Shoshone County",3,52,179,88,91
050,16,079,"Idaho","Shoshone County",3,53,179,89,90
050,16,079,"Idaho","Shoshone County",3,54,175,96,79
050,16,079,"Idaho","Shoshone County",3,55,174,89,85
050,16,079,"Idaho","Shoshone County",3,56,180,88,92
050,16,079,"Idaho","Shoshone County",3,57,192,96,96
050,16,079,"Idaho","Shoshone County",3,58,204,103,101
050,16,079,"Idaho","Shoshone County",3,59,206,109,97
050,16,079,"Idaho","Shoshone County",3,60,236,126,110
050,16,079,"Idaho","Shoshone County",3,61,222,115,107
050,16,079,"Idaho","Shoshone County",3,62,218,111,107
050,16,079,"Idaho","Shoshone County",3,63,221,106,115
050,16,079,"Idaho","Shoshone County",3,64,228,110,118
050,16,079,"Idaho","Shoshone County",3,65,217,102,115
050,16,079,"Idaho","Shoshone County",3,66,233,116,117
050,16,079,"Idaho","Shoshone County",3,67,214,111,103
050,16,079,"Idaho","Shoshone County",3,68,206,109,97
050,16,079,"Idaho","Shoshone County",3,69,207,109,98
050,16,079,"Idaho","Shoshone County",3,70,190,100,90
050,16,079,"Idaho","Shoshone County",3,71,177,91,86
050,16,079,"Idaho","Shoshone County",3,72,191,104,87
050,16,079,"Idaho","Shoshone County",3,73,161,78,83
050,16,079,"Idaho","Shoshone County",3,74,164,87,77
050,16,079,"Idaho","Shoshone County",3,75,126,58,68
050,16,079,"Idaho","Shoshone County",3,76,118,59,59
050,16,079,"Idaho","Shoshone County",3,77,113,53,60
050,16,079,"Idaho","Shoshone County",3,78,109,54,55
050,16,079,"Idaho","Shoshone County",3,79,91,45,46
050,16,079,"Idaho","Shoshone County",3,80,82,44,38
050,16,079,"Idaho","Shoshone County",3,81,85,46,39
050,16,079,"Idaho","Shoshone County",3,82,72,32,40
050,16,079,"Idaho","Shoshone County",3,83,81,35,46
050,16,079,"Idaho","Shoshone County",3,84,56,22,34
050,16,079,"Idaho","Shoshone County",3,85,287,89,198
050,16,079,"Idaho","Shoshone County",4,0,151,77,74
050,16,079,"Idaho","Shoshone County",4,1,131,60,71
050,16,079,"Idaho","Shoshone County",4,2,171,96,75
050,16,079,"Idaho","Shoshone County",4,3,159,76,83
050,16,079,"Idaho","Shoshone County",4,4,176,95,81
050,16,079,"Idaho","Shoshone County",4,5,180,98,82
050,16,079,"Idaho","Shoshone County",4,6,176,88,88
050,16,079,"Idaho","Shoshone County",4,7,161,89,72
050,16,079,"Idaho","Shoshone County",4,8,163,87,76
050,16,079,"Idaho","Shoshone County",4,9,167,95,72
050,16,079,"Idaho","Shoshone County",4,10,155,77,78
050,16,079,"Idaho","Shoshone County",4,11,153,64,89
050,16,079,"Idaho","Shoshone County",4,12,174,86,88
050,16,079,"Idaho","Shoshone County",4,13,167,91,76
050,16,079,"Idaho","Shoshone County",4,14,159,87,72
050,16,079,"Idaho","Shoshone County",4,15,162,76,86
050,16,079,"Idaho","Shoshone County",4,16,161,72,89
050,16,079,"Idaho","Shoshone County",4,17,181,96,85
050,16,079,"Idaho","Shoshone County",4,18,127,70,57
050,16,079,"Idaho","Shoshone County",4,19,87,47,40
050,16,079,"Idaho","Shoshone County",4,20,109,54,55
050,16,079,"Idaho","Shoshone County",4,21,139,81,58
050,16,079,"Idaho","Shoshone County",4,22,136,72,64
050,16,079,"Idaho","Shoshone County",4,23,127,65,62
050,16,079,"Idaho","Shoshone County",4,24,147,78,69
050,16,079,"Idaho","Shoshone County",4,25,150,80,70
050,16,079,"Idaho","Shoshone County",4,26,180,83,97
050,16,079,"Idaho","Shoshone County",4,27,159,84,75
050,16,079,"Idaho","Shoshone County",4,28,165,86,79
050,16,079,"Idaho","Shoshone County",4,29,151,82,69
050,16,079,"Idaho","Shoshone County",4,30,188,101,87
050,16,079,"Idaho","Shoshone County",4,31,177,97,80
050,16,079,"Idaho","Shoshone County",4,32,183,95,88
050,16,079,"Idaho","Shoshone County",4,33,147,69,78
050,16,079,"Idaho","Shoshone County",4,34,176,94,82
050,16,079,"Idaho","Shoshone County",4,35,170,84,86
050,16,079,"Idaho","Shoshone County",4,36,154,93,61
050,16,079,"Idaho","Shoshone County",4,37,159,93,66
050,16,079,"Idaho","Shoshone County",4,38,125,68,57
050,16,079,"Idaho","Shoshone County",4,39,138,63,75
050,16,079,"Idaho","Shoshone County",4,40,157,75,82
050,16,079,"Idaho","Shoshone County",4,41,159,71,88
050,16,079,"Idaho","Shoshone County",4,42,161,82,79
050,16,079,"Idaho","Shoshone County",4,43,157,82,75
050,16,079,"Idaho","Shoshone County",4,44,161,90,71
050,16,079,"Idaho","Shoshone County",4,45,138,65,73
050,16,079,"Idaho","Shoshone County",4,46,133,64,69
050,16,079,"Idaho","Shoshone County",4,47,144,75,69
050,16,079,"Idaho","Shoshone County",4,48,159,78,81
050,16,079,"Idaho","Shoshone County",4,49,143,75,68
050,16,079,"Idaho","Shoshone County",4,50,161,85,76
050,16,079,"Idaho","Shoshone County",4,51,165,79,86
050,16,079,"Idaho","Shoshone County",4,52,171,85,86
050,16,079,"Idaho","Shoshone County",4,53,188,89,99
050,16,079,"Idaho","Shoshone County",4,54,177,93,84
050,16,079,"Idaho","Shoshone County",4,55,174,96,78
050,16,079,"Idaho","Shoshone County",4,56,168,85,83
050,16,079,"Idaho","Shoshone County",4,57,188,87,101
050,16,079,"Idaho","Shoshone County",4,58,203,101,102
050,16,079,"Idaho","Shoshone County",4,59,208,106,102
050,16,079,"Idaho","Shoshone County",4,60,211,115,96
050,16,079,"Idaho","Shoshone County",4,61,238,126,112
050,16,079,"Idaho","Shoshone County",4,62,230,117,113
050,16,079,"Idaho","Shoshone County",4,63,222,112,110
050,16,079,"Idaho","Shoshone County",4,64,223,103,120
050,16,079,"Idaho","Shoshone County",4,65,224,110,114
050,16,079,"Idaho","Shoshone County",4,66,209,95,114
050,16,079,"Idaho","Shoshone County",4,67,236,120,116
050,16,079,"Idaho","Shoshone County",4,68,213,102,111
050,16,079,"Idaho","Shoshone County",4,69,203,107,96
050,16,079,"Idaho","Shoshone County",4,70,205,111,94
050,16,079,"Idaho","Shoshone County",4,71,189,101,88
050,16,079,"Idaho","Shoshone County",4,72,171,90,81
050,16,079,"Idaho","Shoshone County",4,73,189,99,90
050,16,079,"Idaho","Shoshone County",4,74,154,75,79
050,16,079,"Idaho","Shoshone County",4,75,158,82,76
050,16,079,"Idaho","Shoshone County",4,76,121,58,63
050,16,079,"Idaho","Shoshone County",4,77,111,53,58
050,16,079,"Idaho","Shoshone County",4,78,112,55,57
050,16,079,"Idaho","Shoshone County",4,79,107,51,56
050,16,079,"Idaho","Shoshone County",4,80,84,42,42
050,16,079,"Idaho","Shoshone County",4,81,78,46,32
050,16,079,"Idaho","Shoshone County",4,82,69,36,33
050,16,079,"Idaho","Shoshone County",4,83,69,28,41
050,16,079,"Idaho","Shoshone County",4,84,73,31,42
050,16,079,"Idaho","Shoshone County",4,85,280,87,193
050,16,079,"Idaho","Shoshone County",5,0,153,75,78
050,16,079,"Idaho","Shoshone County",5,1,156,82,74
050,16,079,"Idaho","Shoshone County",5,2,139,67,72
050,16,079,"Idaho","Shoshone County",5,3,169,98,71
050,16,079,"Idaho","Shoshone County",5,4,164,80,84
050,16,079,"Idaho","Shoshone County",5,5,173,90,83
050,16,079,"Idaho","Shoshone County",5,6,178,97,81
050,16,079,"Idaho","Shoshone County",5,7,184,92,92
050,16,079,"Idaho","Shoshone County",5,8,171,94,77
050,16,079,"Idaho","Shoshone County",5,9,162,88,74
050,16,079,"Idaho","Shoshone County",5,10,171,97,74
050,16,079,"Idaho","Shoshone County",5,11,152,77,75
050,16,079,"Idaho","Shoshone County",5,12,149,66,83
050,16,079,"Idaho","Shoshone County",5,13,170,84,86
050,16,079,"Idaho","Shoshone County",5,14,169,92,77
050,16,079,"Idaho","Shoshone County",5,15,161,86,75
050,16,079,"Idaho","Shoshone County",5,16,166,80,86
050,16,079,"Idaho","Shoshone County",5,17,158,74,84
050,16,079,"Idaho","Shoshone County",5,18,146,79,67
050,16,079,"Idaho","Shoshone County",5,19,105,54,51
050,16,079,"Idaho","Shoshone County",5,20,94,49,45
050,16,079,"Idaho","Shoshone County",5,21,112,56,56
050,16,079,"Idaho","Shoshone County",5,22,143,81,62
050,16,079,"Idaho","Shoshone County",5,23,150,74,76
050,16,079,"Idaho","Shoshone County",5,24,131,69,62
050,16,079,"Idaho","Shoshone County",5,25,157,87,70
050,16,079,"Idaho","Shoshone County",5,26,163,86,77
050,16,079,"Idaho","Shoshone County",5,27,176,85,91
050,16,079,"Idaho","Shoshone County",5,28,169,84,85
050,16,079,"Idaho","Shoshone County",5,29,188,94,94
050,16,079,"Idaho","Shoshone County",5,30,155,80,75
050,16,079,"Idaho","Shoshone County",5,31,182,94,88
050,16,079,"Idaho","Shoshone County",5,32,182,97,85
050,16,079,"Idaho","Shoshone County",5,33,181,91,90
050,16,079,"Idaho","Shoshone County",5,34,157,77,80
050,16,079,"Idaho","Shoshone County",5,35,176,97,79
050,16,079,"Idaho","Shoshone County",5,36,176,91,85
050,16,079,"Idaho","Shoshone County",5,37,155,93,62
050,16,079,"Idaho","Shoshone County",5,38,163,95,68
050,16,079,"Idaho","Shoshone County",5,39,127,69,58
050,16,079,"Idaho","Shoshone County",5,40,146,63,83
050,16,079,"Idaho","Shoshone County",5,41,165,78,87
050,16,079,"Idaho","Shoshone County",5,42,161,67,94
050,16,079,"Idaho","Shoshone County",5,43,163,83,80
050,16,079,"Idaho","Shoshone County",5,44,152,84,68
050,16,079,"Idaho","Shoshone County",5,45,161,87,74
050,16,079,"Idaho","Shoshone County",5,46,142,71,71
050,16,079,"Idaho","Shoshone County",5,47,136,68,68
050,16,079,"Idaho","Shoshone County",5,48,145,77,68
050,16,079,"Idaho","Shoshone County",5,49,172,83,89
050,16,079,"Idaho","Shoshone County",5,50,143,71,72
050,16,079,"Idaho","Shoshone County",5,51,172,89,83
050,16,079,"Idaho","Shoshone County",5,52,178,87,91
050,16,079,"Idaho","Shoshone County",5,53,174,86,88
050,16,079,"Idaho","Shoshone County",5,54,193,94,99
050,16,079,"Idaho","Shoshone County",5,55,182,96,86
050,16,079,"Idaho","Shoshone County",5,56,177,101,76
050,16,079,"Idaho","Shoshone County",5,57,174,86,88
050,16,079,"Idaho","Shoshone County",5,58,187,92,95
050,16,079,"Idaho","Shoshone County",5,59,196,97,99
050,16,079,"Idaho","Shoshone County",5,60,196,98,98
050,16,079,"Idaho","Shoshone County",5,61,209,117,92
050,16,079,"Idaho","Shoshone County",5,62,237,123,114
050,16,079,"Idaho","Shoshone County",5,63,220,109,111
050,16,079,"Idaho","Shoshone County",5,64,225,113,112
050,16,079,"Idaho","Shoshone County",5,65,212,94,118
050,16,079,"Idaho","Shoshone County",5,66,218,106,112
050,16,079,"Idaho","Shoshone County",5,67,208,102,106
050,16,079,"Idaho","Shoshone County",5,68,223,109,114
050,16,079,"Idaho","Shoshone County",5,69,209,100,109
050,16,079,"Idaho","Shoshone County",5,70,197,107,90
050,16,079,"Idaho","Shoshone County",5,71,203,109,94
050,16,079,"Idaho","Shoshone County",5,72,186,100,86
050,16,079,"Idaho","Shoshone County",5,73,159,79,80
050,16,079,"Idaho","Shoshone County",5,74,183,97,86
050,16,079,"Idaho","Shoshone County",5,75,147,70,77
050,16,079,"Idaho","Shoshone County",5,76,148,79,69
050,16,079,"Idaho","Shoshone County",5,77,114,52,62
050,16,079,"Idaho","Shoshone County",5,78,107,51,56
050,16,079,"Idaho","Shoshone County",5,79,108,51,57
050,16,079,"Idaho","Shoshone County",5,80,97,49,48
050,16,079,"Idaho","Shoshone County",5,81,82,46,36
050,16,079,"Idaho","Shoshone County",5,82,62,36,26
050,16,079,"Idaho","Shoshone County",5,83,68,31,37
050,16,079,"Idaho","Shoshone County",5,84,63,25,38
050,16,079,"Idaho","Shoshone County",5,85,293,96,197
050,16,081,"Idaho","Teton County",1,0,122,62,60
050,16,081,"Idaho","Teton County",1,1,115,56,59
050,16,081,"Idaho","Teton County",1,2,131,66,65
050,16,081,"Idaho","Teton County",1,3,139,66,73
050,16,081,"Idaho","Teton County",1,4,140,69,71
050,16,081,"Idaho","Teton County",1,5,142,65,77
050,16,081,"Idaho","Teton County",1,6,156,84,72
050,16,081,"Idaho","Teton County",1,7,162,79,83
050,16,081,"Idaho","Teton County",1,8,169,90,79
050,16,081,"Idaho","Teton County",1,9,170,91,79
050,16,081,"Idaho","Teton County",1,10,188,94,94
050,16,081,"Idaho","Teton County",1,11,165,80,85
050,16,081,"Idaho","Teton County",1,12,187,99,88
050,16,081,"Idaho","Teton County",1,13,182,96,86
050,16,081,"Idaho","Teton County",1,14,164,88,76
050,16,081,"Idaho","Teton County",1,15,163,90,73
050,16,081,"Idaho","Teton County",1,16,143,80,63
050,16,081,"Idaho","Teton County",1,17,140,75,65
050,16,081,"Idaho","Teton County",1,18,133,74,59
050,16,081,"Idaho","Teton County",1,19,98,49,49
050,16,081,"Idaho","Teton County",1,20,113,60,53
050,16,081,"Idaho","Teton County",1,21,114,63,51
050,16,081,"Idaho","Teton County",1,22,97,56,41
050,16,081,"Idaho","Teton County",1,23,106,54,52
050,16,081,"Idaho","Teton County",1,24,118,66,52
050,16,081,"Idaho","Teton County",1,25,115,61,54
050,16,081,"Idaho","Teton County",1,26,152,86,66
050,16,081,"Idaho","Teton County",1,27,141,78,63
050,16,081,"Idaho","Teton County",1,28,138,77,61
050,16,081,"Idaho","Teton County",1,29,151,79,72
050,16,081,"Idaho","Teton County",1,30,159,80,79
050,16,081,"Idaho","Teton County",1,31,164,87,77
050,16,081,"Idaho","Teton County",1,32,150,84,66
050,16,081,"Idaho","Teton County",1,33,154,89,65
050,16,081,"Idaho","Teton County",1,34,146,67,79
050,16,081,"Idaho","Teton County",1,35,171,79,92
050,16,081,"Idaho","Teton County",1,36,177,86,91
050,16,081,"Idaho","Teton County",1,37,201,99,102
050,16,081,"Idaho","Teton County",1,38,188,92,96
050,16,081,"Idaho","Teton County",1,39,191,93,98
050,16,081,"Idaho","Teton County",1,40,190,98,92
050,16,081,"Idaho","Teton County",1,41,207,107,100
050,16,081,"Idaho","Teton County",1,42,223,118,105
050,16,081,"Idaho","Teton County",1,43,199,102,97
050,16,081,"Idaho","Teton County",1,44,189,102,87
050,16,081,"Idaho","Teton County",1,45,180,113,67
050,16,081,"Idaho","Teton County",1,46,166,96,70
050,16,081,"Idaho","Teton County",1,47,168,94,74
050,16,081,"Idaho","Teton County",1,48,191,102,89
050,16,081,"Idaho","Teton County",1,49,203,102,101
050,16,081,"Idaho","Teton County",1,50,186,97,89
050,16,081,"Idaho","Teton County",1,51,162,88,74
050,16,081,"Idaho","Teton County",1,52,147,82,65
050,16,081,"Idaho","Teton County",1,53,157,89,68
050,16,081,"Idaho","Teton County",1,54,156,77,79
050,16,081,"Idaho","Teton County",1,55,153,66,87
050,16,081,"Idaho","Teton County",1,56,155,72,83
050,16,081,"Idaho","Teton County",1,57,147,85,62
050,16,081,"Idaho","Teton County",1,58,137,74,63
050,16,081,"Idaho","Teton County",1,59,148,86,62
050,16,081,"Idaho","Teton County",1,60,134,70,64
050,16,081,"Idaho","Teton County",1,61,144,71,73
050,16,081,"Idaho","Teton County",1,62,153,85,68
050,16,081,"Idaho","Teton County",1,63,155,77,78
050,16,081,"Idaho","Teton County",1,64,148,82,66
050,16,081,"Idaho","Teton County",1,65,130,65,65
050,16,081,"Idaho","Teton County",1,66,136,75,61
050,16,081,"Idaho","Teton County",1,67,146,76,70
050,16,081,"Idaho","Teton County",1,68,115,62,53
050,16,081,"Idaho","Teton County",1,69,105,59,46
050,16,081,"Idaho","Teton County",1,70,98,52,46
050,16,081,"Idaho","Teton County",1,71,97,44,53
050,16,081,"Idaho","Teton County",1,72,95,44,51
050,16,081,"Idaho","Teton County",1,73,96,52,44
050,16,081,"Idaho","Teton County",1,74,52,35,17
050,16,081,"Idaho","Teton County",1,75,50,34,16
050,16,081,"Idaho","Teton County",1,76,44,23,21
050,16,081,"Idaho","Teton County",1,77,46,22,24
050,16,081,"Idaho","Teton County",1,78,35,18,17
050,16,081,"Idaho","Teton County",1,79,23,7,16
050,16,081,"Idaho","Teton County",1,80,22,12,10
050,16,081,"Idaho","Teton County",1,81,28,18,10
050,16,081,"Idaho","Teton County",1,82,22,10,12
050,16,081,"Idaho","Teton County",1,83,19,9,10
050,16,081,"Idaho","Teton County",1,84,18,10,8
050,16,081,"Idaho","Teton County",1,85,101,46,55
050,16,081,"Idaho","Teton County",2,0,123,62,61
050,16,081,"Idaho","Teton County",2,1,115,56,59
050,16,081,"Idaho","Teton County",2,2,129,63,66
050,16,081,"Idaho","Teton County",2,3,137,66,71
050,16,081,"Idaho","Teton County",2,4,141,69,72
050,16,081,"Idaho","Teton County",2,5,143,68,75
050,16,081,"Idaho","Teton County",2,6,153,80,73
050,16,081,"Idaho","Teton County",2,7,163,81,82
050,16,081,"Idaho","Teton County",2,8,167,88,79
050,16,081,"Idaho","Teton County",2,9,173,92,81
050,16,081,"Idaho","Teton County",2,10,184,93,91
050,16,081,"Idaho","Teton County",2,11,170,83,87
050,16,081,"Idaho","Teton County",2,12,182,95,87
050,16,081,"Idaho","Teton County",2,13,181,95,86
050,16,081,"Idaho","Teton County",2,14,171,91,80
050,16,081,"Idaho","Teton County",2,15,164,90,74
050,16,081,"Idaho","Teton County",2,16,148,83,65
050,16,081,"Idaho","Teton County",2,17,142,76,66
050,16,081,"Idaho","Teton County",2,18,130,72,58
050,16,081,"Idaho","Teton County",2,19,103,53,50
050,16,081,"Idaho","Teton County",2,20,111,58,53
050,16,081,"Idaho","Teton County",2,21,112,61,51
050,16,081,"Idaho","Teton County",2,22,103,58,45
050,16,081,"Idaho","Teton County",2,23,105,54,51
050,16,081,"Idaho","Teton County",2,24,117,64,53
050,16,081,"Idaho","Teton County",2,25,122,66,56
050,16,081,"Idaho","Teton County",2,26,145,83,62
050,16,081,"Idaho","Teton County",2,27,143,79,64
050,16,081,"Idaho","Teton County",2,28,140,77,63
050,16,081,"Idaho","Teton County",2,29,147,78,69
050,16,081,"Idaho","Teton County",2,30,162,81,81
050,16,081,"Idaho","Teton County",2,31,165,86,79
050,16,081,"Idaho","Teton County",2,32,157,86,71
050,16,081,"Idaho","Teton County",2,33,154,88,66
050,16,081,"Idaho","Teton County",2,34,150,73,77
050,16,081,"Idaho","Teton County",2,35,169,79,90
050,16,081,"Idaho","Teton County",2,36,178,86,92
050,16,081,"Idaho","Teton County",2,37,198,98,100
050,16,081,"Idaho","Teton County",2,38,196,96,100
050,16,081,"Idaho","Teton County",2,39,192,94,98
050,16,081,"Idaho","Teton County",2,40,194,99,95
050,16,081,"Idaho","Teton County",2,41,207,108,99
050,16,081,"Idaho","Teton County",2,42,218,114,104
050,16,081,"Idaho","Teton County",2,43,205,106,99
050,16,081,"Idaho","Teton County",2,44,191,103,88
050,16,081,"Idaho","Teton County",2,45,184,112,72
050,16,081,"Idaho","Teton County",2,46,169,98,71
050,16,081,"Idaho","Teton County",2,47,168,94,74
050,16,081,"Idaho","Teton County",2,48,186,99,87
050,16,081,"Idaho","Teton County",2,49,202,102,100
050,16,081,"Idaho","Teton County",2,50,193,100,93
050,16,081,"Idaho","Teton County",2,51,169,91,78
050,16,081,"Idaho","Teton County",2,52,151,84,67
050,16,081,"Idaho","Teton County",2,53,155,87,68
050,16,081,"Idaho","Teton County",2,54,157,80,77
050,16,081,"Idaho","Teton County",2,55,154,69,85
050,16,081,"Idaho","Teton County",2,56,158,71,87
050,16,081,"Idaho","Teton County",2,57,151,83,68
050,16,081,"Idaho","Teton County",2,58,141,79,62
050,16,081,"Idaho","Teton County",2,59,147,84,63
050,16,081,"Idaho","Teton County",2,60,139,74,65
050,16,081,"Idaho","Teton County",2,61,143,72,71
050,16,081,"Idaho","Teton County",2,62,152,82,70
050,16,081,"Idaho","Teton County",2,63,157,81,76
050,16,081,"Idaho","Teton County",2,64,150,81,69
050,16,081,"Idaho","Teton County",2,65,135,69,66
050,16,081,"Idaho","Teton County",2,66,135,72,63
050,16,081,"Idaho","Teton County",2,67,144,77,67
050,16,081,"Idaho","Teton County",2,68,120,65,55
050,16,081,"Idaho","Teton County",2,69,107,59,48
050,16,081,"Idaho","Teton County",2,70,99,53,46
050,16,081,"Idaho","Teton County",2,71,98,47,51
050,16,081,"Idaho","Teton County",2,72,95,44,51
050,16,081,"Idaho","Teton County",2,73,101,53,48
050,16,081,"Idaho","Teton County",2,74,59,37,22
050,16,081,"Idaho","Teton County",2,75,50,34,16
050,16,081,"Idaho","Teton County",2,76,45,26,19
050,16,081,"Idaho","Teton County",2,77,46,23,23
050,16,081,"Idaho","Teton County",2,78,37,18,19
050,16,081,"Idaho","Teton County",2,79,27,10,17
050,16,081,"Idaho","Teton County",2,80,23,11,12
050,16,081,"Idaho","Teton County",2,81,24,15,9
050,16,081,"Idaho","Teton County",2,82,23,11,12
050,16,081,"Idaho","Teton County",2,83,20,9,11
050,16,081,"Idaho","Teton County",2,84,18,9,9
050,16,081,"Idaho","Teton County",2,85,103,48,55
050,16,081,"Idaho","Teton County",3,0,117,47,70
050,16,081,"Idaho","Teton County",3,1,119,58,61
050,16,081,"Idaho","Teton County",3,2,120,57,63
050,16,081,"Idaho","Teton County",3,3,133,63,70
050,16,081,"Idaho","Teton County",3,4,128,61,67
050,16,081,"Idaho","Teton County",3,5,141,68,73
050,16,081,"Idaho","Teton County",3,6,151,70,81
050,16,081,"Idaho","Teton County",3,7,157,78,79
050,16,081,"Idaho","Teton County",3,8,158,80,78
050,16,081,"Idaho","Teton County",3,9,164,87,77
050,16,081,"Idaho","Teton County",3,10,180,93,87
050,16,081,"Idaho","Teton County",3,11,187,94,93
050,16,081,"Idaho","Teton County",3,12,176,87,89
050,16,081,"Idaho","Teton County",3,13,186,96,90
050,16,081,"Idaho","Teton County",3,14,191,99,92
050,16,081,"Idaho","Teton County",3,15,177,96,81
050,16,081,"Idaho","Teton County",3,16,173,90,83
050,16,081,"Idaho","Teton County",3,17,149,85,64
050,16,081,"Idaho","Teton County",3,18,122,70,52
050,16,081,"Idaho","Teton County",3,19,120,65,55
050,16,081,"Idaho","Teton County",3,20,109,59,50
050,16,081,"Idaho","Teton County",3,21,115,64,51
050,16,081,"Idaho","Teton County",3,22,121,70,51
050,16,081,"Idaho","Teton County",3,23,123,62,61
050,16,081,"Idaho","Teton County",3,24,112,57,55
050,16,081,"Idaho","Teton County",3,25,120,55,65
050,16,081,"Idaho","Teton County",3,26,133,75,58
050,16,081,"Idaho","Teton County",3,27,148,84,64
050,16,081,"Idaho","Teton County",3,28,150,84,66
050,16,081,"Idaho","Teton County",3,29,161,90,71
050,16,081,"Idaho","Teton County",3,30,152,77,75
050,16,081,"Idaho","Teton County",3,31,172,86,86
050,16,081,"Idaho","Teton County",3,32,188,97,91
050,16,081,"Idaho","Teton County",3,33,172,94,78
050,16,081,"Idaho","Teton County",3,34,170,98,72
050,16,081,"Idaho","Teton County",3,35,166,83,83
050,16,081,"Idaho","Teton County",3,36,174,80,94
050,16,081,"Idaho","Teton County",3,37,194,93,101
050,16,081,"Idaho","Teton County",3,38,203,104,99
050,16,081,"Idaho","Teton County",3,39,198,93,105
050,16,081,"Idaho","Teton County",3,40,210,101,109
050,16,081,"Idaho","Teton County",3,41,204,106,98
050,16,081,"Idaho","Teton County",3,42,221,118,103
050,16,081,"Idaho","Teton County",3,43,233,122,111
050,16,081,"Idaho","Teton County",3,44,215,109,106
050,16,081,"Idaho","Teton County",3,45,207,112,95
050,16,081,"Idaho","Teton County",3,46,201,121,80
050,16,081,"Idaho","Teton County",3,47,183,104,79
050,16,081,"Idaho","Teton County",3,48,177,103,74
050,16,081,"Idaho","Teton County",3,49,192,105,87
050,16,081,"Idaho","Teton County",3,50,202,102,100
050,16,081,"Idaho","Teton County",3,51,196,103,93
050,16,081,"Idaho","Teton County",3,52,169,92,77
050,16,081,"Idaho","Teton County",3,53,154,85,69
050,16,081,"Idaho","Teton County",3,54,155,84,71
050,16,081,"Idaho","Teton County",3,55,160,84,76
050,16,081,"Idaho","Teton County",3,56,159,69,90
050,16,081,"Idaho","Teton County",3,57,166,75,91
050,16,081,"Idaho","Teton County",3,58,160,87,73
050,16,081,"Idaho","Teton County",3,59,147,83,64
050,16,081,"Idaho","Teton County",3,60,148,83,65
050,16,081,"Idaho","Teton County",3,61,139,72,67
050,16,081,"Idaho","Teton County",3,62,149,76,73
050,16,081,"Idaho","Teton County",3,63,163,86,77
050,16,081,"Idaho","Teton County",3,64,170,88,82
050,16,081,"Idaho","Teton County",3,65,161,87,74
050,16,081,"Idaho","Teton County",3,66,139,73,66
050,16,081,"Idaho","Teton County",3,67,138,73,65
050,16,081,"Idaho","Teton County",3,68,149,79,70
050,16,081,"Idaho","Teton County",3,69,118,67,51
050,16,081,"Idaho","Teton County",3,70,109,61,48
050,16,081,"Idaho","Teton County",3,71,98,52,46
050,16,081,"Idaho","Teton County",3,72,102,49,53
050,16,081,"Idaho","Teton County",3,73,91,40,51
050,16,081,"Idaho","Teton County",3,74,106,53,53
050,16,081,"Idaho","Teton County",3,75,53,31,22
050,16,081,"Idaho","Teton County",3,76,47,31,16
050,16,081,"Idaho","Teton County",3,77,41,24,17
050,16,081,"Idaho","Teton County",3,78,46,22,24
050,16,081,"Idaho","Teton County",3,79,39,19,20
050,16,081,"Idaho","Teton County",3,80,26,10,16
050,16,081,"Idaho","Teton County",3,81,22,10,12
050,16,081,"Idaho","Teton County",3,82,25,15,10
050,16,081,"Idaho","Teton County",3,83,22,10,12
050,16,081,"Idaho","Teton County",3,84,20,9,11
050,16,081,"Idaho","Teton County",3,85,111,52,59
050,16,081,"Idaho","Teton County",4,0,131,61,70
050,16,081,"Idaho","Teton County",4,1,116,48,68
050,16,081,"Idaho","Teton County",4,2,121,58,63
050,16,081,"Idaho","Teton County",4,3,117,58,59
050,16,081,"Idaho","Teton County",4,4,140,69,71
050,16,081,"Idaho","Teton County",4,5,128,65,63
050,16,081,"Idaho","Teton County",4,6,139,67,72
050,16,081,"Idaho","Teton County",4,7,144,66,78
050,16,081,"Idaho","Teton County",4,8,162,81,81
050,16,081,"Idaho","Teton County",4,9,154,76,78
050,16,081,"Idaho","Teton County",4,10,160,88,72
050,16,081,"Idaho","Teton County",4,11,178,90,88
050,16,081,"Idaho","Teton County",4,12,188,101,87
050,16,081,"Idaho","Teton County",4,13,180,91,89
050,16,081,"Idaho","Teton County",4,14,185,97,88
050,16,081,"Idaho","Teton County",4,15,191,101,90
050,16,081,"Idaho","Teton County",4,16,162,93,69
050,16,081,"Idaho","Teton County",4,17,163,91,72
050,16,081,"Idaho","Teton County",4,18,131,78,53
050,16,081,"Idaho","Teton County",4,19,90,51,39
050,16,081,"Idaho","Teton County",4,20,120,66,54
050,16,081,"Idaho","Teton County",4,21,112,53,59
050,16,081,"Idaho","Teton County",4,22,116,66,50
050,16,081,"Idaho","Teton County",4,23,127,66,61
050,16,081,"Idaho","Teton County",4,24,124,66,58
050,16,081,"Idaho","Teton County",4,25,124,66,58
050,16,081,"Idaho","Teton County",4,26,132,68,64
050,16,081,"Idaho","Teton County",4,27,134,77,57
050,16,081,"Idaho","Teton County",4,28,155,80,75
050,16,081,"Idaho","Teton County",4,29,152,92,60
050,16,081,"Idaho","Teton County",4,30,153,81,72
050,16,081,"Idaho","Teton County",4,31,175,88,87
050,16,081,"Idaho","Teton County",4,32,184,95,89
050,16,081,"Idaho","Teton County",4,33,204,101,103
050,16,081,"Idaho","Teton County",4,34,187,99,88
050,16,081,"Idaho","Teton County",4,35,199,121,78
050,16,081,"Idaho","Teton County",4,36,173,86,87
050,16,081,"Idaho","Teton County",4,37,178,90,88
050,16,081,"Idaho","Teton County",4,38,194,97,97
050,16,081,"Idaho","Teton County",4,39,219,108,111
050,16,081,"Idaho","Teton County",4,40,200,93,107
050,16,081,"Idaho","Teton County",4,41,214,104,110
050,16,081,"Idaho","Teton County",4,42,217,114,103
050,16,081,"Idaho","Teton County",4,43,216,118,98
050,16,081,"Idaho","Teton County",4,44,225,113,112
050,16,081,"Idaho","Teton County",4,45,217,116,101
050,16,081,"Idaho","Teton County",4,46,206,109,97
050,16,081,"Idaho","Teton County",4,47,197,117,80
050,16,081,"Idaho","Teton County",4,48,193,106,87
050,16,081,"Idaho","Teton County",4,49,181,107,74
050,16,081,"Idaho","Teton County",4,50,194,107,87
050,16,081,"Idaho","Teton County",4,51,206,106,100
050,16,081,"Idaho","Teton County",4,52,200,105,95
050,16,081,"Idaho","Teton County",4,53,170,90,80
050,16,081,"Idaho","Teton County",4,54,164,90,74
050,16,081,"Idaho","Teton County",4,55,164,89,75
050,16,081,"Idaho","Teton County",4,56,163,85,78
050,16,081,"Idaho","Teton County",4,57,167,70,97
050,16,081,"Idaho","Teton County",4,58,169,79,90
050,16,081,"Idaho","Teton County",4,59,158,86,72
050,16,081,"Idaho","Teton County",4,60,157,89,68
050,16,081,"Idaho","Teton County",4,61,166,89,77
050,16,081,"Idaho","Teton County",4,62,138,72,66
050,16,081,"Idaho","Teton County",4,63,157,85,72
050,16,081,"Idaho","Teton County",4,64,168,88,80
050,16,081,"Idaho","Teton County",4,65,174,92,82
050,16,081,"Idaho","Teton County",4,66,155,86,69
050,16,081,"Idaho","Teton County",4,67,133,67,66
050,16,081,"Idaho","Teton County",4,68,138,73,65
050,16,081,"Idaho","Teton County",4,69,144,75,69
050,16,081,"Idaho","Teton County",4,70,119,65,54
050,16,081,"Idaho","Teton County",4,71,103,59,44
050,16,081,"Idaho","Teton County",4,72,102,56,46
050,16,081,"Idaho","Teton County",4,73,98,48,50
050,16,081,"Idaho","Teton County",4,74,91,41,50
050,16,081,"Idaho","Teton County",4,75,98,47,51
050,16,081,"Idaho","Teton County",4,76,51,31,20
050,16,081,"Idaho","Teton County",4,77,45,30,15
050,16,081,"Idaho","Teton County",4,78,41,23,18
050,16,081,"Idaho","Teton County",4,79,44,23,21
050,16,081,"Idaho","Teton County",4,80,40,18,22
050,16,081,"Idaho","Teton County",4,81,24,8,16
050,16,081,"Idaho","Teton County",4,82,18,8,10
050,16,081,"Idaho","Teton County",4,83,24,14,10
050,16,081,"Idaho","Teton County",4,84,20,8,12
050,16,081,"Idaho","Teton County",4,85,108,51,57
050,16,081,"Idaho","Teton County",5,0,129,61,68
050,16,081,"Idaho","Teton County",5,1,129,68,61
050,16,081,"Idaho","Teton County",5,2,111,51,60
050,16,081,"Idaho","Teton County",5,3,116,59,57
050,16,081,"Idaho","Teton County",5,4,117,58,59
050,16,081,"Idaho","Teton County",5,5,144,77,67
050,16,081,"Idaho","Teton County",5,6,127,66,61
050,16,081,"Idaho","Teton County",5,7,136,65,71
050,16,081,"Idaho","Teton County",5,8,149,70,79
050,16,081,"Idaho","Teton County",5,9,161,81,80
050,16,081,"Idaho","Teton County",5,10,148,71,77
050,16,081,"Idaho","Teton County",5,11,156,87,69
050,16,081,"Idaho","Teton County",5,12,166,87,79
050,16,081,"Idaho","Teton County",5,13,175,91,84
050,16,081,"Idaho","Teton County",5,14,176,90,86
050,16,081,"Idaho","Teton County",5,15,179,94,85
050,16,081,"Idaho","Teton County",5,16,183,94,89
050,16,081,"Idaho","Teton County",5,17,164,92,72
050,16,081,"Idaho","Teton County",5,18,135,78,57
050,16,081,"Idaho","Teton County",5,19,102,61,41
050,16,081,"Idaho","Teton County",5,20,100,55,45
050,16,081,"Idaho","Teton County",5,21,121,67,54
050,16,081,"Idaho","Teton County",5,22,110,54,56
050,16,081,"Idaho","Teton County",5,23,129,73,56
050,16,081,"Idaho","Teton County",5,24,130,55,75
050,16,081,"Idaho","Teton County",5,25,133,77,56
050,16,081,"Idaho","Teton County",5,26,127,73,54
050,16,081,"Idaho","Teton County",5,27,131,70,61
050,16,081,"Idaho","Teton County",5,28,119,66,53
050,16,081,"Idaho","Teton County",5,29,162,79,83
050,16,081,"Idaho","Teton County",5,30,143,90,53
050,16,081,"Idaho","Teton County",5,31,158,87,71
050,16,081,"Idaho","Teton County",5,32,175,89,86
050,16,081,"Idaho","Teton County",5,33,203,104,99
050,16,081,"Idaho","Teton County",5,34,192,98,94
050,16,081,"Idaho","Teton County",5,35,191,99,92
050,16,081,"Idaho","Teton County",5,36,197,118,79
050,16,081,"Idaho","Teton County",5,37,185,91,94
050,16,081,"Idaho","Teton County",5,38,173,90,83
050,16,081,"Idaho","Teton County",5,39,204,98,106
050,16,081,"Idaho","Teton County",5,40,215,103,112
050,16,081,"Idaho","Teton County",5,41,201,95,106
050,16,081,"Idaho","Teton County",5,42,217,104,113
050,16,081,"Idaho","Teton County",5,43,213,108,105
050,16,081,"Idaho","Teton County",5,44,220,111,109
050,16,081,"Idaho","Teton County",5,45,213,108,105
050,16,081,"Idaho","Teton County",5,46,220,115,105
050,16,081,"Idaho","Teton County",5,47,209,112,97
050,16,081,"Idaho","Teton County",5,48,195,116,79
050,16,081,"Idaho","Teton County",5,49,190,109,81
050,16,081,"Idaho","Teton County",5,50,186,105,81
050,16,081,"Idaho","Teton County",5,51,202,107,95
050,16,081,"Idaho","Teton County",5,52,209,106,103
050,16,081,"Idaho","Teton County",5,53,192,94,98
050,16,081,"Idaho","Teton County",5,54,177,95,82
050,16,081,"Idaho","Teton County",5,55,173,92,81
050,16,081,"Idaho","Teton County",5,56,158,88,70
050,16,081,"Idaho","Teton County",5,57,161,86,75
050,16,081,"Idaho","Teton County",5,58,171,74,97
050,16,081,"Idaho","Teton County",5,59,173,81,92
050,16,081,"Idaho","Teton County",5,60,151,82,69
050,16,081,"Idaho","Teton County",5,61,159,89,70
050,16,081,"Idaho","Teton County",5,62,162,87,75
050,16,081,"Idaho","Teton County",5,63,141,77,64
050,16,081,"Idaho","Teton County",5,64,157,83,74
050,16,081,"Idaho","Teton County",5,65,165,86,79
050,16,081,"Idaho","Teton County",5,66,174,91,83
050,16,081,"Idaho","Teton County",5,67,155,84,71
050,16,081,"Idaho","Teton County",5,68,131,67,64
050,16,081,"Idaho","Teton County",5,69,137,76,61
050,16,081,"Idaho","Teton County",5,70,147,73,74
050,16,081,"Idaho","Teton County",5,71,115,62,53
050,16,081,"Idaho","Teton County",5,72,101,58,43
050,16,081,"Idaho","Teton County",5,73,106,59,47
050,16,081,"Idaho","Teton County",5,74,93,46,47
050,16,081,"Idaho","Teton County",5,75,85,37,48
050,16,081,"Idaho","Teton County",5,76,94,43,51
050,16,081,"Idaho","Teton County",5,77,50,30,20
050,16,081,"Idaho","Teton County",5,78,46,29,17
050,16,081,"Idaho","Teton County",5,79,39,22,17
050,16,081,"Idaho","Teton County",5,80,44,22,22
050,16,081,"Idaho","Teton County",5,81,38,16,22
050,16,081,"Idaho","Teton County",5,82,23,8,15
050,16,081,"Idaho","Teton County",5,83,16,7,9
050,16,081,"Idaho","Teton County",5,84,22,12,10
050,16,081,"Idaho","Teton County",5,85,117,51,66
050,16,083,"Idaho","Twin Falls County",1,0,1146,586,560
050,16,083,"Idaho","Twin Falls County",1,1,1187,610,577
050,16,083,"Idaho","Twin Falls County",1,2,1230,632,598
050,16,083,"Idaho","Twin Falls County",1,3,1286,641,645
050,16,083,"Idaho","Twin Falls County",1,4,1280,632,648
050,16,083,"Idaho","Twin Falls County",1,5,1349,682,667
050,16,083,"Idaho","Twin Falls County",1,6,1330,679,651
050,16,083,"Idaho","Twin Falls County",1,7,1362,667,695
050,16,083,"Idaho","Twin Falls County",1,8,1359,691,668
050,16,083,"Idaho","Twin Falls County",1,9,1394,704,690
050,16,083,"Idaho","Twin Falls County",1,10,1502,750,752
050,16,083,"Idaho","Twin Falls County",1,11,1491,773,718
050,16,083,"Idaho","Twin Falls County",1,12,1535,785,750
050,16,083,"Idaho","Twin Falls County",1,13,1514,788,726
050,16,083,"Idaho","Twin Falls County",1,14,1424,711,713
050,16,083,"Idaho","Twin Falls County",1,15,1426,710,716
050,16,083,"Idaho","Twin Falls County",1,16,1346,659,687
050,16,083,"Idaho","Twin Falls County",1,17,1288,660,628
050,16,083,"Idaho","Twin Falls County",1,18,1165,594,571
050,16,083,"Idaho","Twin Falls County",1,19,1048,554,494
050,16,083,"Idaho","Twin Falls County",1,20,1037,524,513
050,16,083,"Idaho","Twin Falls County",1,21,1042,500,542
050,16,083,"Idaho","Twin Falls County",1,22,1037,514,523
050,16,083,"Idaho","Twin Falls County",1,23,1104,567,537
050,16,083,"Idaho","Twin Falls County",1,24,1104,553,551
050,16,083,"Idaho","Twin Falls County",1,25,1085,548,537
050,16,083,"Idaho","Twin Falls County",1,26,1164,573,591
050,16,083,"Idaho","Twin Falls County",1,27,1234,580,654
050,16,083,"Idaho","Twin Falls County",1,28,1262,603,659
050,16,083,"Idaho","Twin Falls County",1,29,1295,587,708
050,16,083,"Idaho","Twin Falls County",1,30,1260,608,652
050,16,083,"Idaho","Twin Falls County",1,31,1229,598,631
050,16,083,"Idaho","Twin Falls County",1,32,1235,602,633
050,16,083,"Idaho","Twin Falls County",1,33,1228,614,614
050,16,083,"Idaho","Twin Falls County",1,34,1311,642,669
050,16,083,"Idaho","Twin Falls County",1,35,1283,663,620
050,16,083,"Idaho","Twin Falls County",1,36,1255,650,605
050,16,083,"Idaho","Twin Falls County",1,37,1256,628,628
050,16,083,"Idaho","Twin Falls County",1,38,1235,628,607
050,16,083,"Idaho","Twin Falls County",1,39,1229,637,592
050,16,083,"Idaho","Twin Falls County",1,40,1200,604,596
050,16,083,"Idaho","Twin Falls County",1,41,1151,587,564
050,16,083,"Idaho","Twin Falls County",1,42,1142,609,533
050,16,083,"Idaho","Twin Falls County",1,43,1058,553,505
050,16,083,"Idaho","Twin Falls County",1,44,1024,518,506
050,16,083,"Idaho","Twin Falls County",1,45,1001,503,498
050,16,083,"Idaho","Twin Falls County",1,46,950,490,460
050,16,083,"Idaho","Twin Falls County",1,47,919,476,443
050,16,083,"Idaho","Twin Falls County",1,48,906,463,443
050,16,083,"Idaho","Twin Falls County",1,49,1001,524,477
050,16,083,"Idaho","Twin Falls County",1,50,931,494,437
050,16,083,"Idaho","Twin Falls County",1,51,899,463,436
050,16,083,"Idaho","Twin Falls County",1,52,872,459,413
050,16,083,"Idaho","Twin Falls County",1,53,931,485,446
050,16,083,"Idaho","Twin Falls County",1,54,934,480,454
050,16,083,"Idaho","Twin Falls County",1,55,959,460,499
050,16,083,"Idaho","Twin Falls County",1,56,979,491,488
050,16,083,"Idaho","Twin Falls County",1,57,1063,525,538
050,16,083,"Idaho","Twin Falls County",1,58,1036,498,538
050,16,083,"Idaho","Twin Falls County",1,59,1068,533,535
050,16,083,"Idaho","Twin Falls County",1,60,1056,531,525
050,16,083,"Idaho","Twin Falls County",1,61,1028,501,527
050,16,083,"Idaho","Twin Falls County",1,62,1032,497,535
050,16,083,"Idaho","Twin Falls County",1,63,1003,496,507
050,16,083,"Idaho","Twin Falls County",1,64,1024,503,521
050,16,083,"Idaho","Twin Falls County",1,65,972,474,498
050,16,083,"Idaho","Twin Falls County",1,66,917,449,468
050,16,083,"Idaho","Twin Falls County",1,67,931,448,483
050,16,083,"Idaho","Twin Falls County",1,68,904,437,467
050,16,083,"Idaho","Twin Falls County",1,69,839,401,438
050,16,083,"Idaho","Twin Falls County",1,70,798,380,418
050,16,083,"Idaho","Twin Falls County",1,71,785,372,413
050,16,083,"Idaho","Twin Falls County",1,72,787,402,385
050,16,083,"Idaho","Twin Falls County",1,73,806,393,413
050,16,083,"Idaho","Twin Falls County",1,74,578,271,307
050,16,083,"Idaho","Twin Falls County",1,75,568,248,320
050,16,083,"Idaho","Twin Falls County",1,76,592,260,332
050,16,083,"Idaho","Twin Falls County",1,77,563,253,310
050,16,083,"Idaho","Twin Falls County",1,78,498,241,257
050,16,083,"Idaho","Twin Falls County",1,79,430,202,228
050,16,083,"Idaho","Twin Falls County",1,80,419,188,231
050,16,083,"Idaho","Twin Falls County",1,81,378,181,197
050,16,083,"Idaho","Twin Falls County",1,82,361,159,202
050,16,083,"Idaho","Twin Falls County",1,83,300,123,177
050,16,083,"Idaho","Twin Falls County",1,84,289,114,175
050,16,083,"Idaho","Twin Falls County",1,85,1620,560,1060
050,16,083,"Idaho","Twin Falls County",2,0,1148,583,565
050,16,083,"Idaho","Twin Falls County",2,1,1184,609,575
050,16,083,"Idaho","Twin Falls County",2,2,1227,632,595
050,16,083,"Idaho","Twin Falls County",2,3,1266,636,630
050,16,083,"Idaho","Twin Falls County",2,4,1288,640,648
050,16,083,"Idaho","Twin Falls County",2,5,1327,670,657
050,16,083,"Idaho","Twin Falls County",2,6,1330,676,654
050,16,083,"Idaho","Twin Falls County",2,7,1357,670,687
050,16,083,"Idaho","Twin Falls County",2,8,1358,684,674
050,16,083,"Idaho","Twin Falls County",2,9,1389,704,685
050,16,083,"Idaho","Twin Falls County",2,10,1475,739,736
050,16,083,"Idaho","Twin Falls County",2,11,1493,765,728
050,16,083,"Idaho","Twin Falls County",2,12,1532,786,746
050,16,083,"Idaho","Twin Falls County",2,13,1520,787,733
050,16,083,"Idaho","Twin Falls County",2,14,1451,732,719
050,16,083,"Idaho","Twin Falls County",2,15,1426,709,717
050,16,083,"Idaho","Twin Falls County",2,16,1372,673,699
050,16,083,"Idaho","Twin Falls County",2,17,1299,659,640
050,16,083,"Idaho","Twin Falls County",2,18,1170,600,570
050,16,083,"Idaho","Twin Falls County",2,19,1056,557,499
050,16,083,"Idaho","Twin Falls County",2,20,1048,530,518
050,16,083,"Idaho","Twin Falls County",2,21,1057,509,548
050,16,083,"Idaho","Twin Falls County",2,22,1049,515,534
050,16,083,"Idaho","Twin Falls County",2,23,1105,563,542
050,16,083,"Idaho","Twin Falls County",2,24,1109,561,548
050,16,083,"Idaho","Twin Falls County",2,25,1101,558,543
050,16,083,"Idaho","Twin Falls County",2,26,1164,572,592
050,16,083,"Idaho","Twin Falls County",2,27,1220,583,637
050,16,083,"Idaho","Twin Falls County",2,28,1269,604,665
050,16,083,"Idaho","Twin Falls County",2,29,1289,597,692
050,16,083,"Idaho","Twin Falls County",2,30,1276,606,670
050,16,083,"Idaho","Twin Falls County",2,31,1236,600,636
050,16,083,"Idaho","Twin Falls County",2,32,1230,600,630
050,16,083,"Idaho","Twin Falls County",2,33,1229,613,616
050,16,083,"Idaho","Twin Falls County",2,34,1293,641,652
050,16,083,"Idaho","Twin Falls County",2,35,1302,664,638
050,16,083,"Idaho","Twin Falls County",2,36,1256,647,609
050,16,083,"Idaho","Twin Falls County",2,37,1264,637,627
050,16,083,"Idaho","Twin Falls County",2,38,1249,634,615
050,16,083,"Idaho","Twin Falls County",2,39,1230,632,598
050,16,083,"Idaho","Twin Falls County",2,40,1215,620,595
050,16,083,"Idaho","Twin Falls County",2,41,1164,590,574
050,16,083,"Idaho","Twin Falls County",2,42,1145,606,539
050,16,083,"Idaho","Twin Falls County",2,43,1085,569,516
050,16,083,"Idaho","Twin Falls County",2,44,1024,522,502
050,16,083,"Idaho","Twin Falls County",2,45,1015,510,505
050,16,083,"Idaho","Twin Falls County",2,46,957,490,467
050,16,083,"Idaho","Twin Falls County",2,47,927,481,446
050,16,083,"Idaho","Twin Falls County",2,48,906,465,441
050,16,083,"Idaho","Twin Falls County",2,49,988,518,470
050,16,083,"Idaho","Twin Falls County",2,50,949,499,450
050,16,083,"Idaho","Twin Falls County",2,51,903,469,434
050,16,083,"Idaho","Twin Falls County",2,52,881,461,420
050,16,083,"Idaho","Twin Falls County",2,53,919,479,440
050,16,083,"Idaho","Twin Falls County",2,54,935,482,453
050,16,083,"Idaho","Twin Falls County",2,55,950,462,488
050,16,083,"Idaho","Twin Falls County",2,56,978,483,495
050,16,083,"Idaho","Twin Falls County",2,57,1044,516,528
050,16,083,"Idaho","Twin Falls County",2,58,1044,505,539
050,16,083,"Idaho","Twin Falls County",2,59,1065,525,540
050,16,083,"Idaho","Twin Falls County",2,60,1056,528,528
050,16,083,"Idaho","Twin Falls County",2,61,1039,512,527
050,16,083,"Idaho","Twin Falls County",2,62,1023,493,530
050,16,083,"Idaho","Twin Falls County",2,63,1024,503,521
050,16,083,"Idaho","Twin Falls County",2,64,1019,503,516
050,16,083,"Idaho","Twin Falls County",2,65,988,481,507
050,16,083,"Idaho","Twin Falls County",2,66,944,463,481
050,16,083,"Idaho","Twin Falls County",2,67,931,448,483
050,16,083,"Idaho","Twin Falls County",2,68,900,440,460
050,16,083,"Idaho","Twin Falls County",2,69,859,410,449
050,16,083,"Idaho","Twin Falls County",2,70,813,390,423
050,16,083,"Idaho","Twin Falls County",2,71,788,373,415
050,16,083,"Idaho","Twin Falls County",2,72,770,387,383
050,16,083,"Idaho","Twin Falls County",2,73,839,413,426
050,16,083,"Idaho","Twin Falls County",2,74,593,280,313
050,16,083,"Idaho","Twin Falls County",2,75,574,253,321
050,16,083,"Idaho","Twin Falls County",2,76,575,253,322
050,16,083,"Idaho","Twin Falls County",2,77,580,260,320
050,16,083,"Idaho","Twin Falls County",2,78,503,238,265
050,16,083,"Idaho","Twin Falls County",2,79,435,204,231
050,16,083,"Idaho","Twin Falls County",2,80,416,191,225
050,16,083,"Idaho","Twin Falls County",2,81,374,176,198
050,16,083,"Idaho","Twin Falls County",2,82,361,162,199
050,16,083,"Idaho","Twin Falls County",2,83,306,126,180
050,16,083,"Idaho","Twin Falls County",2,84,288,113,175
050,16,083,"Idaho","Twin Falls County",2,85,1636,565,1071
050,16,083,"Idaho","Twin Falls County",3,0,1081,537,544
050,16,083,"Idaho","Twin Falls County",3,1,1215,633,582
050,16,083,"Idaho","Twin Falls County",3,2,1222,646,576
050,16,083,"Idaho","Twin Falls County",3,3,1235,627,608
050,16,083,"Idaho","Twin Falls County",3,4,1287,640,647
050,16,083,"Idaho","Twin Falls County",3,5,1308,661,647
050,16,083,"Idaho","Twin Falls County",3,6,1344,687,657
050,16,083,"Idaho","Twin Falls County",3,7,1375,689,686
050,16,083,"Idaho","Twin Falls County",3,8,1389,693,696
050,16,083,"Idaho","Twin Falls County",3,9,1390,695,695
050,16,083,"Idaho","Twin Falls County",3,10,1419,739,680
050,16,083,"Idaho","Twin Falls County",3,11,1499,764,735
050,16,083,"Idaho","Twin Falls County",3,12,1498,768,730
050,16,083,"Idaho","Twin Falls County",3,13,1573,802,771
050,16,083,"Idaho","Twin Falls County",3,14,1553,802,751
050,16,083,"Idaho","Twin Falls County",3,15,1472,755,717
050,16,083,"Idaho","Twin Falls County",3,16,1436,705,731
050,16,083,"Idaho","Twin Falls County",3,17,1391,698,693
050,16,083,"Idaho","Twin Falls County",3,18,1207,640,567
050,16,083,"Idaho","Twin Falls County",3,19,1114,581,533
050,16,083,"Idaho","Twin Falls County",3,20,1055,522,533
050,16,083,"Idaho","Twin Falls County",3,21,1109,535,574
050,16,083,"Idaho","Twin Falls County",3,22,1074,522,552
050,16,083,"Idaho","Twin Falls County",3,23,1110,549,561
050,16,083,"Idaho","Twin Falls County",3,24,1108,561,547
050,16,083,"Idaho","Twin Falls County",3,25,1166,586,580
050,16,083,"Idaho","Twin Falls County",3,26,1137,570,567
050,16,083,"Idaho","Twin Falls County",3,27,1177,572,605
050,16,083,"Idaho","Twin Falls County",3,28,1247,596,651
050,16,083,"Idaho","Twin Falls County",3,29,1306,632,674
050,16,083,"Idaho","Twin Falls County",3,30,1307,599,708
050,16,083,"Idaho","Twin Falls County",3,31,1327,643,684
050,16,083,"Idaho","Twin Falls County",3,32,1253,612,641
050,16,083,"Idaho","Twin Falls County",3,33,1243,598,645
050,16,083,"Idaho","Twin Falls County",3,34,1235,613,622
050,16,083,"Idaho","Twin Falls County",3,35,1299,643,656
050,16,083,"Idaho","Twin Falls County",3,36,1350,698,652
050,16,083,"Idaho","Twin Falls County",3,37,1271,652,619
050,16,083,"Idaho","Twin Falls County",3,38,1311,648,663
050,16,083,"Idaho","Twin Falls County",3,39,1306,659,647
050,16,083,"Idaho","Twin Falls County",3,40,1252,652,600
050,16,083,"Idaho","Twin Falls County",3,41,1231,613,618
050,16,083,"Idaho","Twin Falls County",3,42,1210,613,597
050,16,083,"Idaho","Twin Falls County",3,43,1131,591,540
050,16,083,"Idaho","Twin Falls County",3,44,1116,583,533
050,16,083,"Idaho","Twin Falls County",3,45,1042,531,511
050,16,083,"Idaho","Twin Falls County",3,46,1030,517,513
050,16,083,"Idaho","Twin Falls County",3,47,1003,513,490
050,16,083,"Idaho","Twin Falls County",3,48,938,481,457
050,16,083,"Idaho","Twin Falls County",3,49,940,485,455
050,16,083,"Idaho","Twin Falls County",3,50,1004,521,483
050,16,083,"Idaho","Twin Falls County",3,51,922,488,434
050,16,083,"Idaho","Twin Falls County",3,52,918,484,434
050,16,083,"Idaho","Twin Falls County",3,53,900,471,429
050,16,083,"Idaho","Twin Falls County",3,54,936,480,456
050,16,083,"Idaho","Twin Falls County",3,55,941,485,456
050,16,083,"Idaho","Twin Falls County",3,56,968,467,501
050,16,083,"Idaho","Twin Falls County",3,57,1002,495,507
050,16,083,"Idaho","Twin Falls County",3,58,1075,532,543
050,16,083,"Idaho","Twin Falls County",3,59,1061,518,543
050,16,083,"Idaho","Twin Falls County",3,60,1060,517,543
050,16,083,"Idaho","Twin Falls County",3,61,1112,557,555
050,16,083,"Idaho","Twin Falls County",3,62,1055,504,551
050,16,083,"Idaho","Twin Falls County",3,63,1047,505,542
050,16,083,"Idaho","Twin Falls County",3,64,1054,524,530
050,16,083,"Idaho","Twin Falls County",3,65,1056,516,540
050,16,083,"Idaho","Twin Falls County",3,66,1019,488,531
050,16,083,"Idaho","Twin Falls County",3,67,961,466,495
050,16,083,"Idaho","Twin Falls County",3,68,933,457,476
050,16,083,"Idaho","Twin Falls County",3,69,894,427,467
050,16,083,"Idaho","Twin Falls County",3,70,869,421,448
050,16,083,"Idaho","Twin Falls County",3,71,816,385,431
050,16,083,"Idaho","Twin Falls County",3,72,774,376,398
050,16,083,"Idaho","Twin Falls County",3,73,766,382,384
050,16,083,"Idaho","Twin Falls County",3,74,819,402,417
050,16,083,"Idaho","Twin Falls County",3,75,578,260,318
050,16,083,"Idaho","Twin Falls County",3,76,554,243,311
050,16,083,"Idaho","Twin Falls County",3,77,564,242,322
050,16,083,"Idaho","Twin Falls County",3,78,582,259,323
050,16,083,"Idaho","Twin Falls County",3,79,464,213,251
050,16,083,"Idaho","Twin Falls County",3,80,429,205,224
050,16,083,"Idaho","Twin Falls County",3,81,372,165,207
050,16,083,"Idaho","Twin Falls County",3,82,343,158,185
050,16,083,"Idaho","Twin Falls County",3,83,320,138,182
050,16,083,"Idaho","Twin Falls County",3,84,298,120,178
050,16,083,"Idaho","Twin Falls County",3,85,1636,567,1069
050,16,083,"Idaho","Twin Falls County",4,0,1131,614,517
050,16,083,"Idaho","Twin Falls County",4,1,1125,555,570
050,16,083,"Idaho","Twin Falls County",4,2,1253,647,606
050,16,083,"Idaho","Twin Falls County",4,3,1238,626,612
050,16,083,"Idaho","Twin Falls County",4,4,1296,666,630
050,16,083,"Idaho","Twin Falls County",4,5,1308,658,650
050,16,083,"Idaho","Twin Falls County",4,6,1359,691,668
050,16,083,"Idaho","Twin Falls County",4,7,1363,701,662
050,16,083,"Idaho","Twin Falls County",4,8,1407,697,710
050,16,083,"Idaho","Twin Falls County",4,9,1399,705,694
050,16,083,"Idaho","Twin Falls County",4,10,1394,706,688
050,16,083,"Idaho","Twin Falls County",4,11,1424,731,693
050,16,083,"Idaho","Twin Falls County",4,12,1516,771,745
050,16,083,"Idaho","Twin Falls County",4,13,1490,762,728
050,16,083,"Idaho","Twin Falls County",4,14,1574,803,771
050,16,083,"Idaho","Twin Falls County",4,15,1553,794,759
050,16,083,"Idaho","Twin Falls County",4,16,1469,736,733
050,16,083,"Idaho","Twin Falls County",4,17,1442,710,732
050,16,083,"Idaho","Twin Falls County",4,18,1302,673,629
050,16,083,"Idaho","Twin Falls County",4,19,1080,588,492
050,16,083,"Idaho","Twin Falls County",4,20,1080,534,546
050,16,083,"Idaho","Twin Falls County",4,21,1108,544,564
050,16,083,"Idaho","Twin Falls County",4,22,1113,513,600
050,16,083,"Idaho","Twin Falls County",4,23,1097,532,565
050,16,083,"Idaho","Twin Falls County",4,24,1116,547,569
050,16,083,"Idaho","Twin Falls County",4,25,1144,588,556
050,16,083,"Idaho","Twin Falls County",4,26,1178,576,602
050,16,083,"Idaho","Twin Falls County",4,27,1141,581,560
050,16,083,"Idaho","Twin Falls County",4,28,1196,575,621
050,16,083,"Idaho","Twin Falls County",4,29,1278,627,651
050,16,083,"Idaho","Twin Falls County",4,30,1320,648,672
050,16,083,"Idaho","Twin Falls County",4,31,1361,626,735
050,16,083,"Idaho","Twin Falls County",4,32,1330,639,691
050,16,083,"Idaho","Twin Falls County",4,33,1278,624,654
050,16,083,"Idaho","Twin Falls County",4,34,1295,631,664
050,16,083,"Idaho","Twin Falls County",4,35,1250,623,627
050,16,083,"Idaho","Twin Falls County",4,36,1315,645,670
050,16,083,"Idaho","Twin Falls County",4,37,1320,679,641
050,16,083,"Idaho","Twin Falls County",4,38,1313,683,630
050,16,083,"Idaho","Twin Falls County",4,39,1344,651,693
050,16,083,"Idaho","Twin Falls County",4,40,1302,659,643
050,16,083,"Idaho","Twin Falls County",4,41,1260,643,617
050,16,083,"Idaho","Twin Falls County",4,42,1313,658,655
050,16,083,"Idaho","Twin Falls County",4,43,1240,626,614
050,16,083,"Idaho","Twin Falls County",4,44,1153,606,547
050,16,083,"Idaho","Twin Falls County",4,45,1139,595,544
050,16,083,"Idaho","Twin Falls County",4,46,1020,507,513
050,16,083,"Idaho","Twin Falls County",4,47,1068,540,528
050,16,083,"Idaho","Twin Falls County",4,48,1000,507,493
050,16,083,"Idaho","Twin Falls County",4,49,954,505,449
050,16,083,"Idaho","Twin Falls County",4,50,933,464,469
050,16,083,"Idaho","Twin Falls County",4,51,983,512,471
050,16,083,"Idaho","Twin Falls County",4,52,929,480,449
050,16,083,"Idaho","Twin Falls County",4,53,946,485,461
050,16,083,"Idaho","Twin Falls County",4,54,906,466,440
050,16,083,"Idaho","Twin Falls County",4,55,962,487,475
050,16,083,"Idaho","Twin Falls County",4,56,950,488,462
050,16,083,"Idaho","Twin Falls County",4,57,1013,494,519
050,16,083,"Idaho","Twin Falls County",4,58,1003,498,505
050,16,083,"Idaho","Twin Falls County",4,59,1113,546,567
050,16,083,"Idaho","Twin Falls County",4,60,1087,526,561
050,16,083,"Idaho","Twin Falls County",4,61,1094,545,549
050,16,083,"Idaho","Twin Falls County",4,62,1096,540,556
050,16,083,"Idaho","Twin Falls County",4,63,1042,497,545
050,16,083,"Idaho","Twin Falls County",4,64,1054,516,538
050,16,083,"Idaho","Twin Falls County",4,65,1057,522,535
050,16,083,"Idaho","Twin Falls County",4,66,1061,514,547
050,16,083,"Idaho","Twin Falls County",4,67,1042,497,545
050,16,083,"Idaho","Twin Falls County",4,68,945,464,481
050,16,083,"Idaho","Twin Falls County",4,69,918,446,472
050,16,083,"Idaho","Twin Falls County",4,70,905,442,463
050,16,083,"Idaho","Twin Falls County",4,71,869,413,456
050,16,083,"Idaho","Twin Falls County",4,72,806,390,416
050,16,083,"Idaho","Twin Falls County",4,73,769,371,398
050,16,083,"Idaho","Twin Falls County",4,74,738,362,376
050,16,083,"Idaho","Twin Falls County",4,75,800,388,412
050,16,083,"Idaho","Twin Falls County",4,76,552,242,310
050,16,083,"Idaho","Twin Falls County",4,77,530,231,299
050,16,083,"Idaho","Twin Falls County",4,78,569,242,327
050,16,083,"Idaho","Twin Falls County",4,79,560,247,313
050,16,083,"Idaho","Twin Falls County",4,80,455,215,240
050,16,083,"Idaho","Twin Falls County",4,81,393,179,214
050,16,083,"Idaho","Twin Falls County",4,82,347,150,197
050,16,083,"Idaho","Twin Falls County",4,83,300,135,165
050,16,083,"Idaho","Twin Falls County",4,84,308,130,178
050,16,083,"Idaho","Twin Falls County",4,85,1637,569,1068
050,16,083,"Idaho","Twin Falls County",5,0,1128,616,512
050,16,083,"Idaho","Twin Falls County",5,1,1119,595,524
050,16,083,"Idaho","Twin Falls County",5,2,1137,556,581
050,16,083,"Idaho","Twin Falls County",5,3,1253,636,617
050,16,083,"Idaho","Twin Falls County",5,4,1248,642,606
050,16,083,"Idaho","Twin Falls County",5,5,1325,679,646
050,16,083,"Idaho","Twin Falls County",5,6,1338,686,652
050,16,083,"Idaho","Twin Falls County",5,7,1372,705,667
050,16,083,"Idaho","Twin Falls County",5,8,1372,708,664
050,16,083,"Idaho","Twin Falls County",5,9,1416,694,722
050,16,083,"Idaho","Twin Falls County",5,10,1441,716,725
050,16,083,"Idaho","Twin Falls County",5,11,1413,724,689
050,16,083,"Idaho","Twin Falls County",5,12,1460,757,703
050,16,083,"Idaho","Twin Falls County",5,13,1517,763,754
050,16,083,"Idaho","Twin Falls County",5,14,1514,774,740
050,16,083,"Idaho","Twin Falls County",5,15,1563,794,769
050,16,083,"Idaho","Twin Falls County",5,16,1596,809,787
050,16,083,"Idaho","Twin Falls County",5,17,1487,764,723
050,16,083,"Idaho","Twin Falls County",5,18,1321,667,654
050,16,083,"Idaho","Twin Falls County",5,19,1181,629,552
050,16,083,"Idaho","Twin Falls County",5,20,1098,578,520
050,16,083,"Idaho","Twin Falls County",5,21,1162,568,594
050,16,083,"Idaho","Twin Falls County",5,22,1174,575,599
050,16,083,"Idaho","Twin Falls County",5,23,1161,553,608
050,16,083,"Idaho","Twin Falls County",5,24,1108,543,565
050,16,083,"Idaho","Twin Falls County",5,25,1123,546,577
050,16,083,"Idaho","Twin Falls County",5,26,1168,600,568
050,16,083,"Idaho","Twin Falls County",5,27,1195,598,597
050,16,083,"Idaho","Twin Falls County",5,28,1176,592,584
050,16,083,"Idaho","Twin Falls County",5,29,1216,589,627
050,16,083,"Idaho","Twin Falls County",5,30,1274,638,636
050,16,083,"Idaho","Twin Falls County",5,31,1361,670,691
050,16,083,"Idaho","Twin Falls County",5,32,1373,643,730
050,16,083,"Idaho","Twin Falls County",5,33,1337,652,685
050,16,083,"Idaho","Twin Falls County",5,34,1288,628,660
050,16,083,"Idaho","Twin Falls County",5,35,1330,653,677
050,16,083,"Idaho","Twin Falls County",5,36,1271,624,647
050,16,083,"Idaho","Twin Falls County",5,37,1308,633,675
050,16,083,"Idaho","Twin Falls County",5,38,1333,687,646
050,16,083,"Idaho","Twin Falls County",5,39,1327,688,639
050,16,083,"Idaho","Twin Falls County",5,40,1363,659,704
050,16,083,"Idaho","Twin Falls County",5,41,1304,655,649
050,16,083,"Idaho","Twin Falls County",5,42,1310,650,660
050,16,083,"Idaho","Twin Falls County",5,43,1286,657,629
050,16,083,"Idaho","Twin Falls County",5,44,1249,632,617
050,16,083,"Idaho","Twin Falls County",5,45,1181,621,560
050,16,083,"Idaho","Twin Falls County",5,46,1145,580,565
050,16,083,"Idaho","Twin Falls County",5,47,1064,541,523
050,16,083,"Idaho","Twin Falls County",5,48,1075,538,537
050,16,083,"Idaho","Twin Falls County",5,49,1040,533,507
050,16,083,"Idaho","Twin Falls County",5,50,974,503,471
050,16,083,"Idaho","Twin Falls County",5,51,929,459,470
050,16,083,"Idaho","Twin Falls County",5,52,995,519,476
050,16,083,"Idaho","Twin Falls County",5,53,921,474,447
050,16,083,"Idaho","Twin Falls County",5,54,948,489,459
050,16,083,"Idaho","Twin Falls County",5,55,900,462,438
050,16,083,"Idaho","Twin Falls County",5,56,984,503,481
050,16,083,"Idaho","Twin Falls County",5,57,978,516,462
050,16,083,"Idaho","Twin Falls County",5,58,1019,489,530
050,16,083,"Idaho","Twin Falls County",5,59,1032,515,517
050,16,083,"Idaho","Twin Falls County",5,60,1093,536,557
050,16,083,"Idaho","Twin Falls County",5,61,1129,556,573
050,16,083,"Idaho","Twin Falls County",5,62,1078,528,550
050,16,083,"Idaho","Twin Falls County",5,63,1116,554,562
050,16,083,"Idaho","Twin Falls County",5,64,1036,499,537
050,16,083,"Idaho","Twin Falls County",5,65,1036,504,532
050,16,083,"Idaho","Twin Falls County",5,66,1058,525,533
050,16,083,"Idaho","Twin Falls County",5,67,1070,513,557
050,16,083,"Idaho","Twin Falls County",5,68,1037,498,539
050,16,083,"Idaho","Twin Falls County",5,69,917,441,476
050,16,083,"Idaho","Twin Falls County",5,70,916,449,467
050,16,083,"Idaho","Twin Falls County",5,71,887,426,461
050,16,083,"Idaho","Twin Falls County",5,72,844,402,442
050,16,083,"Idaho","Twin Falls County",5,73,811,390,421
050,16,083,"Idaho","Twin Falls County",5,74,740,350,390
050,16,083,"Idaho","Twin Falls County",5,75,712,338,374
050,16,083,"Idaho","Twin Falls County",5,76,783,373,410
050,16,083,"Idaho","Twin Falls County",5,77,534,236,298
050,16,083,"Idaho","Twin Falls County",5,78,533,232,301
050,16,083,"Idaho","Twin Falls County",5,79,538,221,317
050,16,083,"Idaho","Twin Falls County",5,80,551,250,301
050,16,083,"Idaho","Twin Falls County",5,81,422,195,227
050,16,083,"Idaho","Twin Falls County",5,82,362,161,201
050,16,083,"Idaho","Twin Falls County",5,83,315,135,180
050,16,083,"Idaho","Twin Falls County",5,84,279,121,158
050,16,083,"Idaho","Twin Falls County",5,85,1678,592,1086
050,16,085,"Idaho","Valley County",1,0,96,50,46
050,16,085,"Idaho","Valley County",1,1,98,51,47
050,16,085,"Idaho","Valley County",1,2,98,50,48
050,16,085,"Idaho","Valley County",1,3,110,56,54
050,16,085,"Idaho","Valley County",1,4,106,51,55
050,16,085,"Idaho","Valley County",1,5,119,63,56
050,16,085,"Idaho","Valley County",1,6,115,63,52
050,16,085,"Idaho","Valley County",1,7,125,61,64
050,16,085,"Idaho","Valley County",1,8,112,49,63
050,16,085,"Idaho","Valley County",1,9,121,62,59
050,16,085,"Idaho","Valley County",1,10,118,66,52
050,16,085,"Idaho","Valley County",1,11,139,73,66
050,16,085,"Idaho","Valley County",1,12,141,76,65
050,16,085,"Idaho","Valley County",1,13,122,66,56
050,16,085,"Idaho","Valley County",1,14,122,62,60
050,16,085,"Idaho","Valley County",1,15,129,62,67
050,16,085,"Idaho","Valley County",1,16,119,59,60
050,16,085,"Idaho","Valley County",1,17,137,70,67
050,16,085,"Idaho","Valley County",1,18,107,58,49
050,16,085,"Idaho","Valley County",1,19,79,48,31
050,16,085,"Idaho","Valley County",1,20,82,44,38
050,16,085,"Idaho","Valley County",1,21,85,49,36
050,16,085,"Idaho","Valley County",1,22,79,37,42
050,16,085,"Idaho","Valley County",1,23,87,47,40
050,16,085,"Idaho","Valley County",1,24,86,38,48
050,16,085,"Idaho","Valley County",1,25,84,43,41
050,16,085,"Idaho","Valley County",1,26,110,60,50
050,16,085,"Idaho","Valley County",1,27,103,60,43
050,16,085,"Idaho","Valley County",1,28,89,49,40
050,16,085,"Idaho","Valley County",1,29,128,64,64
050,16,085,"Idaho","Valley County",1,30,139,67,72
050,16,085,"Idaho","Valley County",1,31,112,57,55
050,16,085,"Idaho","Valley County",1,32,124,63,61
050,16,085,"Idaho","Valley County",1,33,131,71,60
050,16,085,"Idaho","Valley County",1,34,129,67,62
050,16,085,"Idaho","Valley County",1,35,140,76,64
050,16,085,"Idaho","Valley County",1,36,135,70,65
050,16,085,"Idaho","Valley County",1,37,151,72,79
050,16,085,"Idaho","Valley County",1,38,154,84,70
050,16,085,"Idaho","Valley County",1,39,146,79,67
050,16,085,"Idaho","Valley County",1,40,158,77,81
050,16,085,"Idaho","Valley County",1,41,170,93,77
050,16,085,"Idaho","Valley County",1,42,171,88,83
050,16,085,"Idaho","Valley County",1,43,141,72,69
050,16,085,"Idaho","Valley County",1,44,143,76,67
050,16,085,"Idaho","Valley County",1,45,136,72,64
050,16,085,"Idaho","Valley County",1,46,128,65,63
050,16,085,"Idaho","Valley County",1,47,136,73,63
050,16,085,"Idaho","Valley County",1,48,139,74,65
050,16,085,"Idaho","Valley County",1,49,150,77,73
050,16,085,"Idaho","Valley County",1,50,149,72,77
050,16,085,"Idaho","Valley County",1,51,143,74,69
050,16,085,"Idaho","Valley County",1,52,139,71,68
050,16,085,"Idaho","Valley County",1,53,139,64,75
050,16,085,"Idaho","Valley County",1,54,144,72,72
050,16,085,"Idaho","Valley County",1,55,147,85,62
050,16,085,"Idaho","Valley County",1,56,155,86,69
050,16,085,"Idaho","Valley County",1,57,160,78,82
050,16,085,"Idaho","Valley County",1,58,193,93,100
050,16,085,"Idaho","Valley County",1,59,196,93,103
050,16,085,"Idaho","Valley County",1,60,183,81,102
050,16,085,"Idaho","Valley County",1,61,189,88,101
050,16,085,"Idaho","Valley County",1,62,214,103,111
050,16,085,"Idaho","Valley County",1,63,223,118,105
050,16,085,"Idaho","Valley County",1,64,236,135,101
050,16,085,"Idaho","Valley County",1,65,241,131,110
050,16,085,"Idaho","Valley County",1,66,242,123,119
050,16,085,"Idaho","Valley County",1,67,244,129,115
050,16,085,"Idaho","Valley County",1,68,253,133,120
050,16,085,"Idaho","Valley County",1,69,215,106,109
050,16,085,"Idaho","Valley County",1,70,206,106,100
050,16,085,"Idaho","Valley County",1,71,212,128,84
050,16,085,"Idaho","Valley County",1,72,183,111,72
050,16,085,"Idaho","Valley County",1,73,163,99,64
050,16,085,"Idaho","Valley County",1,74,129,68,61
050,16,085,"Idaho","Valley County",1,75,139,72,67
050,16,085,"Idaho","Valley County",1,76,128,65,63
050,16,085,"Idaho","Valley County",1,77,100,54,46
050,16,085,"Idaho","Valley County",1,78,75,39,36
050,16,085,"Idaho","Valley County",1,79,76,39,37
050,16,085,"Idaho","Valley County",1,80,66,36,30
050,16,085,"Idaho","Valley County",1,81,65,30,35
050,16,085,"Idaho","Valley County",1,82,37,20,17
050,16,085,"Idaho","Valley County",1,83,37,19,18
050,16,085,"Idaho","Valley County",1,84,40,24,16
050,16,085,"Idaho","Valley County",1,85,204,105,99
050,16,085,"Idaho","Valley County",2,0,96,48,48
050,16,085,"Idaho","Valley County",2,1,95,50,45
050,16,085,"Idaho","Valley County",2,2,99,51,48
050,16,085,"Idaho","Valley County",2,3,107,53,54
050,16,085,"Idaho","Valley County",2,4,109,54,55
050,16,085,"Idaho","Valley County",2,5,115,60,55
050,16,085,"Idaho","Valley County",2,6,119,64,55
050,16,085,"Idaho","Valley County",2,7,122,61,61
050,16,085,"Idaho","Valley County",2,8,116,52,64
050,16,085,"Idaho","Valley County",2,9,119,59,60
050,16,085,"Idaho","Valley County",2,10,119,64,55
050,16,085,"Idaho","Valley County",2,11,136,73,63
050,16,085,"Idaho","Valley County",2,12,139,75,64
050,16,085,"Idaho","Valley County",2,13,126,68,58
050,16,085,"Idaho","Valley County",2,14,123,63,60
050,16,085,"Idaho","Valley County",2,15,128,63,65
050,16,085,"Idaho","Valley County",2,16,125,62,63
050,16,085,"Idaho","Valley County",2,17,135,68,67
050,16,085,"Idaho","Valley County",2,18,110,60,50
050,16,085,"Idaho","Valley County",2,19,81,47,34
050,16,085,"Idaho","Valley County",2,20,83,46,37
050,16,085,"Idaho","Valley County",2,21,84,47,37
050,16,085,"Idaho","Valley County",2,22,83,41,42
050,16,085,"Idaho","Valley County",2,23,85,43,42
050,16,085,"Idaho","Valley County",2,24,87,41,46
050,16,085,"Idaho","Valley County",2,25,87,44,43
050,16,085,"Idaho","Valley County",2,26,105,57,48
050,16,085,"Idaho","Valley County",2,27,104,60,44
050,16,085,"Idaho","Valley County",2,28,94,52,42
050,16,085,"Idaho","Valley County",2,29,125,62,63
050,16,085,"Idaho","Valley County",2,30,137,66,71
050,16,085,"Idaho","Valley County",2,31,118,59,59
050,16,085,"Idaho","Valley County",2,32,125,64,61
050,16,085,"Idaho","Valley County",2,33,130,70,60
050,16,085,"Idaho","Valley County",2,34,133,70,63
050,16,085,"Idaho","Valley County",2,35,140,76,64
050,16,085,"Idaho","Valley County",2,36,135,70,65
050,16,085,"Idaho","Valley County",2,37,151,73,78
050,16,085,"Idaho","Valley County",2,38,155,82,73
050,16,085,"Idaho","Valley County",2,39,148,80,68
050,16,085,"Idaho","Valley County",2,40,156,78,78
050,16,085,"Idaho","Valley County",2,41,166,88,78
050,16,085,"Idaho","Valley County",2,42,170,89,81
050,16,085,"Idaho","Valley County",2,43,150,77,73
050,16,085,"Idaho","Valley County",2,44,141,75,66
050,16,085,"Idaho","Valley County",2,45,141,75,66
050,16,085,"Idaho","Valley County",2,46,133,68,65
050,16,085,"Idaho","Valley County",2,47,135,71,64
050,16,085,"Idaho","Valley County",2,48,141,75,66
050,16,085,"Idaho","Valley County",2,49,153,79,74
050,16,085,"Idaho","Valley County",2,50,152,74,78
050,16,085,"Idaho","Valley County",2,51,145,74,71
050,16,085,"Idaho","Valley County",2,52,141,71,70
050,16,085,"Idaho","Valley County",2,53,140,66,74
050,16,085,"Idaho","Valley County",2,54,143,71,72
050,16,085,"Idaho","Valley County",2,55,149,84,65
050,16,085,"Idaho","Valley County",2,56,158,89,69
050,16,085,"Idaho","Valley County",2,57,160,79,81
050,16,085,"Idaho","Valley County",2,58,190,92,98
050,16,085,"Idaho","Valley County",2,59,199,95,104
050,16,085,"Idaho","Valley County",2,60,186,83,103
050,16,085,"Idaho","Valley County",2,61,189,87,102
050,16,085,"Idaho","Valley County",2,62,209,100,109
050,16,085,"Idaho","Valley County",2,63,226,119,107
050,16,085,"Idaho","Valley County",2,64,232,129,103
050,16,085,"Idaho","Valley County",2,65,242,133,109
050,16,085,"Idaho","Valley County",2,66,244,126,118
050,16,085,"Idaho","Valley County",2,67,246,129,117
050,16,085,"Idaho","Valley County",2,68,250,132,118
050,16,085,"Idaho","Valley County",2,69,226,114,112
050,16,085,"Idaho","Valley County",2,70,210,107,103
050,16,085,"Idaho","Valley County",2,71,214,124,90
050,16,085,"Idaho","Valley County",2,72,187,113,74
050,16,085,"Idaho","Valley County",2,73,176,106,70
050,16,085,"Idaho","Valley County",2,74,128,72,56
050,16,085,"Idaho","Valley County",2,75,135,69,66
050,16,085,"Idaho","Valley County",2,76,128,65,63
050,16,085,"Idaho","Valley County",2,77,109,58,51
050,16,085,"Idaho","Valley County",2,78,81,41,40
050,16,085,"Idaho","Valley County",2,79,75,39,36
050,16,085,"Idaho","Valley County",2,80,70,37,33
050,16,085,"Idaho","Valley County",2,81,63,30,33
050,16,085,"Idaho","Valley County",2,82,42,22,20
050,16,085,"Idaho","Valley County",2,83,34,17,17
050,16,085,"Idaho","Valley County",2,84,40,23,17
050,16,085,"Idaho","Valley County",2,85,209,107,102
050,16,085,"Idaho","Valley County",3,0,89,43,46
050,16,085,"Idaho","Valley County",3,1,92,46,46
050,16,085,"Idaho","Valley County",3,2,93,46,47
050,16,085,"Idaho","Valley County",3,3,108,53,55
050,16,085,"Idaho","Valley County",3,4,104,47,57
050,16,085,"Idaho","Valley County",3,5,109,52,57
050,16,085,"Idaho","Valley County",3,6,116,59,57
050,16,085,"Idaho","Valley County",3,7,131,70,61
050,16,085,"Idaho","Valley County",3,8,128,63,65
050,16,085,"Idaho","Valley County",3,9,128,61,67
050,16,085,"Idaho","Valley County",3,10,124,63,61
050,16,085,"Idaho","Valley County",3,11,136,71,65
050,16,085,"Idaho","Valley County",3,12,132,69,63
050,16,085,"Idaho","Valley County",3,13,146,81,65
050,16,085,"Idaho","Valley County",3,14,130,74,56
050,16,085,"Idaho","Valley County",3,15,121,63,58
050,16,085,"Idaho","Valley County",3,16,133,65,68
050,16,085,"Idaho","Valley County",3,17,122,62,60
050,16,085,"Idaho","Valley County",3,18,112,57,55
050,16,085,"Idaho","Valley County",3,19,84,48,36
050,16,085,"Idaho","Valley County",3,20,87,51,36
050,16,085,"Idaho","Valley County",3,21,81,47,34
050,16,085,"Idaho","Valley County",3,22,90,52,38
050,16,085,"Idaho","Valley County",3,23,91,43,48
050,16,085,"Idaho","Valley County",3,24,95,47,48
050,16,085,"Idaho","Valley County",3,25,88,40,48
050,16,085,"Idaho","Valley County",3,26,100,47,53
050,16,085,"Idaho","Valley County",3,27,109,57,52
050,16,085,"Idaho","Valley County",3,28,113,61,52
050,16,085,"Idaho","Valley County",3,29,100,50,50
050,16,085,"Idaho","Valley County",3,30,140,72,68
050,16,085,"Idaho","Valley County",3,31,134,66,68
050,16,085,"Idaho","Valley County",3,32,129,63,66
050,16,085,"Idaho","Valley County",3,33,121,64,57
050,16,085,"Idaho","Valley County",3,34,135,74,61
050,16,085,"Idaho","Valley County",3,35,147,72,75
050,16,085,"Idaho","Valley County",3,36,140,72,68
050,16,085,"Idaho","Valley County",3,37,154,80,74
050,16,085,"Idaho","Valley County",3,38,146,69,77
050,16,085,"Idaho","Valley County",3,39,164,83,81
050,16,085,"Idaho","Valley County",3,40,146,74,72
050,16,085,"Idaho","Valley County",3,41,170,92,78
050,16,085,"Idaho","Valley County",3,42,173,89,84
050,16,085,"Idaho","Valley County",3,43,180,92,88
050,16,085,"Idaho","Valley County",3,44,154,78,76
050,16,085,"Idaho","Valley County",3,45,150,82,68
050,16,085,"Idaho","Valley County",3,46,156,84,72
050,16,085,"Idaho","Valley County",3,47,137,72,65
050,16,085,"Idaho","Valley County",3,48,132,71,61
050,16,085,"Idaho","Valley County",3,49,160,93,67
050,16,085,"Idaho","Valley County",3,50,172,91,81
050,16,085,"Idaho","Valley County",3,51,157,76,81
050,16,085,"Idaho","Valley County",3,52,154,77,77
050,16,085,"Idaho","Valley County",3,53,153,78,75
050,16,085,"Idaho","Valley County",3,54,155,78,77
050,16,085,"Idaho","Valley County",3,55,150,74,76
050,16,085,"Idaho","Valley County",3,56,172,92,80
050,16,085,"Idaho","Valley County",3,57,172,94,78
050,16,085,"Idaho","Valley County",3,58,168,77,91
050,16,085,"Idaho","Valley County",3,59,209,107,102
050,16,085,"Idaho","Valley County",3,60,208,94,114
050,16,085,"Idaho","Valley County",3,61,186,86,100
050,16,085,"Idaho","Valley County",3,62,207,97,110
050,16,085,"Idaho","Valley County",3,63,220,102,118
050,16,085,"Idaho","Valley County",3,64,244,132,112
050,16,085,"Idaho","Valley County",3,65,240,137,103
050,16,085,"Idaho","Valley County",3,66,247,137,110
050,16,085,"Idaho","Valley County",3,67,244,121,123
050,16,085,"Idaho","Valley County",3,68,246,125,121
050,16,085,"Idaho","Valley County",3,69,252,135,117
050,16,085,"Idaho","Valley County",3,70,231,112,119
050,16,085,"Idaho","Valley County",3,71,205,107,98
050,16,085,"Idaho","Valley County",3,72,219,125,94
050,16,085,"Idaho","Valley County",3,73,186,116,70
050,16,085,"Idaho","Valley County",3,74,169,99,70
050,16,085,"Idaho","Valley County",3,75,128,77,51
050,16,085,"Idaho","Valley County",3,76,127,65,62
050,16,085,"Idaho","Valley County",3,77,120,62,58
050,16,085,"Idaho","Valley County",3,78,107,60,47
050,16,085,"Idaho","Valley County",3,79,73,38,35
050,16,085,"Idaho","Valley County",3,80,73,37,36
050,16,085,"Idaho","Valley County",3,81,65,33,32
050,16,085,"Idaho","Valley County",3,82,54,24,30
050,16,085,"Idaho","Valley County",3,83,35,18,17
050,16,085,"Idaho","Valley County",3,84,36,18,18
050,16,085,"Idaho","Valley County",3,85,212,107,105
050,16,085,"Idaho","Valley County",4,0,82,31,51
050,16,085,"Idaho","Valley County",4,1,96,42,54
050,16,085,"Idaho","Valley County",4,2,103,52,51
050,16,085,"Idaho","Valley County",4,3,94,49,45
050,16,085,"Idaho","Valley County",4,4,114,54,60
050,16,085,"Idaho","Valley County",4,5,112,52,60
050,16,085,"Idaho","Valley County",4,6,111,51,60
050,16,085,"Idaho","Valley County",4,7,132,67,65
050,16,085,"Idaho","Valley County",4,8,144,78,66
050,16,085,"Idaho","Valley County",4,9,137,66,71
050,16,085,"Idaho","Valley County",4,10,140,72,68
050,16,085,"Idaho","Valley County",4,11,136,69,67
050,16,085,"Idaho","Valley County",4,12,138,75,63
050,16,085,"Idaho","Valley County",4,13,131,64,67
050,16,085,"Idaho","Valley County",4,14,156,85,71
050,16,085,"Idaho","Valley County",4,15,130,75,55
050,16,085,"Idaho","Valley County",4,16,125,69,56
050,16,085,"Idaho","Valley County",4,17,131,63,68
050,16,085,"Idaho","Valley County",4,18,109,56,53
050,16,085,"Idaho","Valley County",4,19,83,45,38
050,16,085,"Idaho","Valley County",4,20,84,47,37
050,16,085,"Idaho","Valley County",4,21,73,47,26
050,16,085,"Idaho","Valley County",4,22,76,46,30
050,16,085,"Idaho","Valley County",4,23,99,58,41
050,16,085,"Idaho","Valley County",4,24,99,53,46
050,16,085,"Idaho","Valley County",4,25,85,41,44
050,16,085,"Idaho","Valley County",4,26,83,36,47
050,16,085,"Idaho","Valley County",4,27,99,50,49
050,16,085,"Idaho","Valley County",4,28,110,61,49
050,16,085,"Idaho","Valley County",4,29,111,57,54
050,16,085,"Idaho","Valley County",4,30,108,53,55
050,16,085,"Idaho","Valley County",4,31,142,70,72
050,16,085,"Idaho","Valley County",4,32,141,69,72
050,16,085,"Idaho","Valley County",4,33,127,56,71
050,16,085,"Idaho","Valley County",4,34,128,59,69
050,16,085,"Idaho","Valley County",4,35,144,82,62
050,16,085,"Idaho","Valley County",4,36,155,79,76
050,16,085,"Idaho","Valley County",4,37,134,70,64
050,16,085,"Idaho","Valley County",4,38,168,83,85
050,16,085,"Idaho","Valley County",4,39,156,67,89
050,16,085,"Idaho","Valley County",4,40,170,82,88
050,16,085,"Idaho","Valley County",4,41,155,86,69
050,16,085,"Idaho","Valley County",4,42,185,96,89
050,16,085,"Idaho","Valley County",4,43,181,98,83
050,16,085,"Idaho","Valley County",4,44,178,88,90
050,16,085,"Idaho","Valley County",4,45,158,80,78
050,16,085,"Idaho","Valley County",4,46,148,81,67
050,16,085,"Idaho","Valley County",4,47,163,88,75
050,16,085,"Idaho","Valley County",4,48,142,76,66
050,16,085,"Idaho","Valley County",4,49,137,74,63
050,16,085,"Idaho","Valley County",4,50,163,94,69
050,16,085,"Idaho","Valley County",4,51,176,94,82
050,16,085,"Idaho","Valley County",4,52,151,73,78
050,16,085,"Idaho","Valley County",4,53,157,80,77
050,16,085,"Idaho","Valley County",4,54,160,82,78
050,16,085,"Idaho","Valley County",4,55,157,79,78
050,16,085,"Idaho","Valley County",4,56,152,76,76
050,16,085,"Idaho","Valley County",4,57,182,95,87
050,16,085,"Idaho","Valley County",4,58,184,103,81
050,16,085,"Idaho","Valley County",4,59,172,81,91
050,16,085,"Idaho","Valley County",4,60,220,110,110
050,16,085,"Idaho","Valley County",4,61,207,96,111
050,16,085,"Idaho","Valley County",4,62,200,92,108
050,16,085,"Idaho","Valley County",4,63,210,98,112
050,16,085,"Idaho","Valley County",4,64,233,109,124
050,16,085,"Idaho","Valley County",4,65,235,127,108
050,16,085,"Idaho","Valley County",4,66,244,143,101
050,16,085,"Idaho","Valley County",4,67,241,137,104
050,16,085,"Idaho","Valley County",4,68,243,128,115
050,16,085,"Idaho","Valley County",4,69,239,123,116
050,16,085,"Idaho","Valley County",4,70,246,130,116
050,16,085,"Idaho","Valley County",4,71,213,105,108
050,16,085,"Idaho","Valley County",4,72,198,107,91
050,16,085,"Idaho","Valley County",4,73,216,126,90
050,16,085,"Idaho","Valley County",4,74,177,111,66
050,16,085,"Idaho","Valley County",4,75,169,101,68
050,16,085,"Idaho","Valley County",4,76,118,66,52
050,16,085,"Idaho","Valley County",4,77,121,62,59
050,16,085,"Idaho","Valley County",4,78,119,62,57
050,16,085,"Idaho","Valley County",4,79,105,62,43
050,16,085,"Idaho","Valley County",4,80,67,32,35
050,16,085,"Idaho","Valley County",4,81,66,32,34
050,16,085,"Idaho","Valley County",4,82,63,31,32
050,16,085,"Idaho","Valley County",4,83,49,21,28
050,16,085,"Idaho","Valley County",4,84,33,17,16
050,16,085,"Idaho","Valley County",4,85,221,111,110
050,16,085,"Idaho","Valley County",5,0,83,31,52
050,16,085,"Idaho","Valley County",5,1,87,34,53
050,16,085,"Idaho","Valley County",5,2,91,44,47
050,16,085,"Idaho","Valley County",5,3,97,52,45
050,16,085,"Idaho","Valley County",5,4,106,55,51
050,16,085,"Idaho","Valley County",5,5,116,57,59
050,16,085,"Idaho","Valley County",5,6,124,63,61
050,16,085,"Idaho","Valley County",5,7,118,56,62
050,16,085,"Idaho","Valley County",5,8,129,65,64
050,16,085,"Idaho","Valley County",5,9,141,74,67
050,16,085,"Idaho","Valley County",5,10,135,65,70
050,16,085,"Idaho","Valley County",5,11,146,75,71
050,16,085,"Idaho","Valley County",5,12,135,67,68
050,16,085,"Idaho","Valley County",5,13,142,80,62
050,16,085,"Idaho","Valley County",5,14,146,73,73
050,16,085,"Idaho","Valley County",5,15,162,92,70
050,16,085,"Idaho","Valley County",5,16,148,85,63
050,16,085,"Idaho","Valley County",5,17,133,79,54
050,16,085,"Idaho","Valley County",5,18,117,59,58
050,16,085,"Idaho","Valley County",5,19,87,46,41
050,16,085,"Idaho","Valley County",5,20,89,47,42
050,16,085,"Idaho","Valley County",5,21,82,48,34
050,16,085,"Idaho","Valley County",5,22,73,46,27
050,16,085,"Idaho","Valley County",5,23,87,51,36
050,16,085,"Idaho","Valley County",5,24,107,64,43
050,16,085,"Idaho","Valley County",5,25,95,50,45
050,16,085,"Idaho","Valley County",5,26,84,46,38
050,16,085,"Idaho","Valley County",5,27,94,43,51
050,16,085,"Idaho","Valley County",5,28,109,57,52
050,16,085,"Idaho","Valley County",5,29,117,66,51
050,16,085,"Idaho","Valley County",5,30,114,62,52
050,16,085,"Idaho","Valley County",5,31,109,57,52
050,16,085,"Idaho","Valley County",5,32,142,70,72
050,16,085,"Idaho","Valley County",5,33,138,65,73
050,16,085,"Idaho","Valley County",5,34,136,65,71
050,16,085,"Idaho","Valley County",5,35,131,59,72
050,16,085,"Idaho","Valley County",5,36,149,83,66
050,16,085,"Idaho","Valley County",5,37,152,75,77
050,16,085,"Idaho","Valley County",5,38,144,70,74
050,16,085,"Idaho","Valley County",5,39,167,85,82
050,16,085,"Idaho","Valley County",5,40,155,69,86
050,16,085,"Idaho","Valley County",5,41,172,82,90
050,16,085,"Idaho","Valley County",5,42,162,92,70
050,16,085,"Idaho","Valley County",5,43,188,94,94
050,16,085,"Idaho","Valley County",5,44,186,101,85
050,16,085,"Idaho","Valley County",5,45,178,88,90
050,16,085,"Idaho","Valley County",5,46,168,80,88
050,16,085,"Idaho","Valley County",5,47,166,92,74
050,16,085,"Idaho","Valley County",5,48,174,95,79
050,16,085,"Idaho","Valley County",5,49,139,72,67
050,16,085,"Idaho","Valley County",5,50,142,77,65
050,16,085,"Idaho","Valley County",5,51,171,99,72
050,16,085,"Idaho","Valley County",5,52,176,93,83
050,16,085,"Idaho","Valley County",5,53,152,73,79
050,16,085,"Idaho","Valley County",5,54,168,86,82
050,16,085,"Idaho","Valley County",5,55,172,93,79
050,16,085,"Idaho","Valley County",5,56,162,79,83
050,16,085,"Idaho","Valley County",5,57,146,69,77
050,16,085,"Idaho","Valley County",5,58,184,97,87
050,16,085,"Idaho","Valley County",5,59,179,99,80
050,16,085,"Idaho","Valley County",5,60,166,76,90
050,16,085,"Idaho","Valley County",5,61,221,109,112
050,16,085,"Idaho","Valley County",5,62,203,97,106
050,16,085,"Idaho","Valley County",5,63,202,92,110
050,16,085,"Idaho","Valley County",5,64,214,98,116
050,16,085,"Idaho","Valley County",5,65,226,103,123
050,16,085,"Idaho","Valley County",5,66,249,136,113
050,16,085,"Idaho","Valley County",5,67,246,142,104
050,16,085,"Idaho","Valley County",5,68,243,138,105
050,16,085,"Idaho","Valley County",5,69,243,127,116
050,16,085,"Idaho","Valley County",5,70,239,128,111
050,16,085,"Idaho","Valley County",5,71,238,125,113
050,16,085,"Idaho","Valley County",5,72,213,108,105
050,16,085,"Idaho","Valley County",5,73,198,106,92
050,16,085,"Idaho","Valley County",5,74,208,122,86
050,16,085,"Idaho","Valley County",5,75,181,114,67
050,16,085,"Idaho","Valley County",5,76,164,100,64
050,16,085,"Idaho","Valley County",5,77,111,62,49
050,16,085,"Idaho","Valley County",5,78,120,61,59
050,16,085,"Idaho","Valley County",5,79,114,59,55
050,16,085,"Idaho","Valley County",5,80,103,59,44
050,16,085,"Idaho","Valley County",5,81,58,26,32
050,16,085,"Idaho","Valley County",5,82,57,25,32
050,16,085,"Idaho","Valley County",5,83,58,29,29
050,16,085,"Idaho","Valley County",5,84,47,20,27
050,16,085,"Idaho","Valley County",5,85,220,107,113
050,16,087,"Idaho","Washington County",1,0,96,50,46
050,16,087,"Idaho","Washington County",1,1,106,57,49
050,16,087,"Idaho","Washington County",1,2,109,56,53
050,16,087,"Idaho","Washington County",1,3,121,57,64
050,16,087,"Idaho","Washington County",1,4,123,61,62
050,16,087,"Idaho","Washington County",1,5,125,65,60
050,16,087,"Idaho","Washington County",1,6,127,61,66
050,16,087,"Idaho","Washington County",1,7,124,58,66
050,16,087,"Idaho","Washington County",1,8,122,73,49
050,16,087,"Idaho","Washington County",1,9,132,71,61
050,16,087,"Idaho","Washington County",1,10,125,64,61
050,16,087,"Idaho","Washington County",1,11,137,75,62
050,16,087,"Idaho","Washington County",1,12,145,73,72
050,16,087,"Idaho","Washington County",1,13,152,76,76
050,16,087,"Idaho","Washington County",1,14,162,73,89
050,16,087,"Idaho","Washington County",1,15,163,73,90
050,16,087,"Idaho","Washington County",1,16,165,77,88
050,16,087,"Idaho","Washington County",1,17,160,72,88
050,16,087,"Idaho","Washington County",1,18,133,71,62
050,16,087,"Idaho","Washington County",1,19,90,49,41
050,16,087,"Idaho","Washington County",1,20,98,50,48
050,16,087,"Idaho","Washington County",1,21,112,62,50
050,16,087,"Idaho","Washington County",1,22,107,52,55
050,16,087,"Idaho","Washington County",1,23,105,61,44
050,16,087,"Idaho","Washington County",1,24,95,56,39
050,16,087,"Idaho","Washington County",1,25,97,53,44
050,16,087,"Idaho","Washington County",1,26,93,44,49
050,16,087,"Idaho","Washington County",1,27,87,46,41
050,16,087,"Idaho","Washington County",1,28,91,46,45
050,16,087,"Idaho","Washington County",1,29,96,47,49
050,16,087,"Idaho","Washington County",1,30,97,41,56
050,16,087,"Idaho","Washington County",1,31,96,51,45
050,16,087,"Idaho","Washington County",1,32,83,48,35
050,16,087,"Idaho","Washington County",1,33,83,46,37
050,16,087,"Idaho","Washington County",1,34,96,48,48
050,16,087,"Idaho","Washington County",1,35,98,46,52
050,16,087,"Idaho","Washington County",1,36,99,49,50
050,16,087,"Idaho","Washington County",1,37,121,58,63
050,16,087,"Idaho","Washington County",1,38,107,51,56
050,16,087,"Idaho","Washington County",1,39,106,53,53
050,16,087,"Idaho","Washington County",1,40,114,46,68
050,16,087,"Idaho","Washington County",1,41,113,53,60
050,16,087,"Idaho","Washington County",1,42,106,57,49
050,16,087,"Idaho","Washington County",1,43,98,50,48
050,16,087,"Idaho","Washington County",1,44,110,62,48
050,16,087,"Idaho","Washington County",1,45,112,55,57
050,16,087,"Idaho","Washington County",1,46,108,52,56
050,16,087,"Idaho","Washington County",1,47,110,51,59
050,16,087,"Idaho","Washington County",1,48,109,55,54
050,16,087,"Idaho","Washington County",1,49,140,72,68
050,16,087,"Idaho","Washington County",1,50,115,57,58
050,16,087,"Idaho","Washington County",1,51,120,49,71
050,16,087,"Idaho","Washington County",1,52,124,61,63
050,16,087,"Idaho","Washington County",1,53,103,58,45
050,16,087,"Idaho","Washington County",1,54,112,60,52
050,16,087,"Idaho","Washington County",1,55,122,48,74
050,16,087,"Idaho","Washington County",1,56,139,64,75
050,16,087,"Idaho","Washington County",1,57,161,82,79
050,16,087,"Idaho","Washington County",1,58,141,72,69
050,16,087,"Idaho","Washington County",1,59,144,77,67
050,16,087,"Idaho","Washington County",1,60,160,79,81
050,16,087,"Idaho","Washington County",1,61,141,61,80
050,16,087,"Idaho","Washington County",1,62,180,80,100
050,16,087,"Idaho","Washington County",1,63,169,85,84
050,16,087,"Idaho","Washington County",1,64,168,86,82
050,16,087,"Idaho","Washington County",1,65,171,81,90
050,16,087,"Idaho","Washington County",1,66,166,74,92
050,16,087,"Idaho","Washington County",1,67,182,104,78
050,16,087,"Idaho","Washington County",1,68,168,87,81
050,16,087,"Idaho","Washington County",1,69,140,68,72
050,16,087,"Idaho","Washington County",1,70,175,98,77
050,16,087,"Idaho","Washington County",1,71,160,78,82
050,16,087,"Idaho","Washington County",1,72,162,81,81
050,16,087,"Idaho","Washington County",1,73,149,80,69
050,16,087,"Idaho","Washington County",1,74,112,61,51
050,16,087,"Idaho","Washington County",1,75,119,51,68
050,16,087,"Idaho","Washington County",1,76,104,49,55
050,16,087,"Idaho","Washington County",1,77,108,57,51
050,16,087,"Idaho","Washington County",1,78,92,48,44
050,16,087,"Idaho","Washington County",1,79,61,34,27
050,16,087,"Idaho","Washington County",1,80,76,32,44
050,16,087,"Idaho","Washington County",1,81,90,48,42
050,16,087,"Idaho","Washington County",1,82,80,43,37
050,16,087,"Idaho","Washington County",1,83,61,36,25
050,16,087,"Idaho","Washington County",1,84,48,27,21
050,16,087,"Idaho","Washington County",1,85,271,111,160
050,16,087,"Idaho","Washington County",2,0,102,49,53
050,16,087,"Idaho","Washington County",2,1,103,55,48
050,16,087,"Idaho","Washington County",2,2,107,56,51
050,16,087,"Idaho","Washington County",2,3,118,56,62
050,16,087,"Idaho","Washington County",2,4,124,60,64
050,16,087,"Idaho","Washington County",2,5,125,64,61
050,16,087,"Idaho","Washington County",2,6,128,62,66
050,16,087,"Idaho","Washington County",2,7,124,59,65
050,16,087,"Idaho","Washington County",2,8,125,71,54
050,16,087,"Idaho","Washington County",2,9,131,72,59
050,16,087,"Idaho","Washington County",2,10,129,66,63
050,16,087,"Idaho","Washington County",2,11,133,72,61
050,16,087,"Idaho","Washington County",2,12,146,75,71
050,16,087,"Idaho","Washington County",2,13,152,75,77
050,16,087,"Idaho","Washington County",2,14,162,75,87
050,16,087,"Idaho","Washington County",2,15,166,75,91
050,16,087,"Idaho","Washington County",2,16,164,77,87
050,16,087,"Idaho","Washington County",2,17,164,75,89
050,16,087,"Idaho","Washington County",2,18,131,68,63
050,16,087,"Idaho","Washington County",2,19,95,52,43
050,16,087,"Idaho","Washington County",2,20,97,50,47
050,16,087,"Idaho","Washington County",2,21,112,60,52
050,16,087,"Idaho","Washington County",2,22,110,55,55
050,16,087,"Idaho","Washington County",2,23,105,59,46
050,16,087,"Idaho","Washington County",2,24,98,58,40
050,16,087,"Idaho","Washington County",2,25,97,54,43
050,16,087,"Idaho","Washington County",2,26,95,47,48
050,16,087,"Idaho","Washington County",2,27,89,46,43
050,16,087,"Idaho","Washington County",2,28,91,46,45
050,16,087,"Idaho","Washington County",2,29,96,47,49
050,16,087,"Idaho","Washington County",2,30,100,45,55
050,16,087,"Idaho","Washington County",2,31,98,50,48
050,16,087,"Idaho","Washington County",2,32,89,50,39
050,16,087,"Idaho","Washington County",2,33,81,45,36
050,16,087,"Idaho","Washington County",2,34,91,47,44
050,16,087,"Idaho","Washington County",2,35,98,47,51
050,16,087,"Idaho","Washington County",2,36,101,50,51
050,16,087,"Idaho","Washington County",2,37,115,56,59
050,16,087,"Idaho","Washington County",2,38,112,53,59
050,16,087,"Idaho","Washington County",2,39,108,53,55
050,16,087,"Idaho","Washington County",2,40,114,48,66
050,16,087,"Idaho","Washington County",2,41,113,51,62
050,16,087,"Idaho","Washington County",2,42,107,56,51
050,16,087,"Idaho","Washington County",2,43,102,53,49
050,16,087,"Idaho","Washington County",2,44,107,59,48
050,16,087,"Idaho","Washington County",2,45,113,57,56
050,16,087,"Idaho","Washington County",2,46,109,52,57
050,16,087,"Idaho","Washington County",2,47,110,52,58
050,16,087,"Idaho","Washington County",2,48,109,54,55
050,16,087,"Idaho","Washington County",2,49,135,69,66
050,16,087,"Idaho","Washington County",2,50,121,59,62
050,16,087,"Idaho","Washington County",2,51,118,50,68
050,16,087,"Idaho","Washington County",2,52,124,58,66
050,16,087,"Idaho","Washington County",2,53,110,60,50
050,16,087,"Idaho","Washington County",2,54,111,60,51
050,16,087,"Idaho","Washington County",2,55,121,51,70
050,16,087,"Idaho","Washington County",2,56,135,61,74
050,16,087,"Idaho","Washington County",2,57,157,79,78
050,16,087,"Idaho","Washington County",2,58,147,76,71
050,16,087,"Idaho","Washington County",2,59,146,77,69
050,16,087,"Idaho","Washington County",2,60,157,78,79
050,16,087,"Idaho","Washington County",2,61,148,67,81
050,16,087,"Idaho","Washington County",2,62,170,73,97
050,16,087,"Idaho","Washington County",2,63,174,85,89
050,16,087,"Idaho","Washington County",2,64,167,86,81
050,16,087,"Idaho","Washington County",2,65,171,83,88
050,16,087,"Idaho","Washington County",2,66,170,77,93
050,16,087,"Idaho","Washington County",2,67,180,97,83
050,16,087,"Idaho","Washington County",2,68,173,92,81
050,16,087,"Idaho","Washington County",2,69,149,75,74
050,16,087,"Idaho","Washington County",2,70,167,91,76
050,16,087,"Idaho","Washington County",2,71,165,84,81
050,16,087,"Idaho","Washington County",2,72,160,80,80
050,16,087,"Idaho","Washington County",2,73,159,86,73
050,16,087,"Idaho","Washington County",2,74,115,62,53
050,16,087,"Idaho","Washington County",2,75,116,52,64
050,16,087,"Idaho","Washington County",2,76,103,48,55
050,16,087,"Idaho","Washington County",2,77,111,57,54
050,16,087,"Idaho","Washington County",2,78,92,47,45
050,16,087,"Idaho","Washington County",2,79,68,37,31
050,16,087,"Idaho","Washington County",2,80,71,31,40
050,16,087,"Idaho","Washington County",2,81,86,44,42
050,16,087,"Idaho","Washington County",2,82,80,43,37
050,16,087,"Idaho","Washington County",2,83,65,38,27
050,16,087,"Idaho","Washington County",2,84,51,29,22
050,16,087,"Idaho","Washington County",2,85,269,113,156
050,16,087,"Idaho","Washington County",3,0,93,42,51
050,16,087,"Idaho","Washington County",3,1,114,57,57
050,16,087,"Idaho","Washington County",3,2,101,59,42
050,16,087,"Idaho","Washington County",3,3,119,64,55
050,16,087,"Idaho","Washington County",3,4,134,61,73
050,16,087,"Idaho","Washington County",3,5,144,69,75
050,16,087,"Idaho","Washington County",3,6,134,66,68
050,16,087,"Idaho","Washington County",3,7,131,59,72
050,16,087,"Idaho","Washington County",3,8,127,62,65
050,16,087,"Idaho","Washington County",3,9,123,64,59
050,16,087,"Idaho","Washington County",3,10,137,73,64
050,16,087,"Idaho","Washington County",3,11,142,74,68
050,16,087,"Idaho","Washington County",3,12,142,80,62
050,16,087,"Idaho","Washington County",3,13,155,81,74
050,16,087,"Idaho","Washington County",3,14,159,82,77
050,16,087,"Idaho","Washington County",3,15,164,73,91
050,16,087,"Idaho","Washington County",3,16,172,76,96
050,16,087,"Idaho","Washington County",3,17,175,85,90
050,16,087,"Idaho","Washington County",3,18,148,74,74
050,16,087,"Idaho","Washington County",3,19,112,60,52
050,16,087,"Idaho","Washington County",3,20,96,48,48
050,16,087,"Idaho","Washington County",3,21,102,53,49
050,16,087,"Idaho","Washington County",3,22,119,64,55
050,16,087,"Idaho","Washington County",3,23,106,52,54
050,16,087,"Idaho","Washington County",3,24,98,56,42
050,16,087,"Idaho","Washington County",3,25,104,59,45
050,16,087,"Idaho","Washington County",3,26,93,56,37
050,16,087,"Idaho","Washington County",3,27,90,43,47
050,16,087,"Idaho","Washington County",3,28,93,52,41
050,16,087,"Idaho","Washington County",3,29,100,54,46
050,16,087,"Idaho","Washington County",3,30,102,44,58
050,16,087,"Idaho","Washington County",3,31,119,59,60
050,16,087,"Idaho","Washington County",3,32,100,46,54
050,16,087,"Idaho","Washington County",3,33,101,57,44
050,16,087,"Idaho","Washington County",3,34,93,54,39
050,16,087,"Idaho","Washington County",3,35,102,52,50
050,16,087,"Idaho","Washington County",3,36,101,46,55
050,16,087,"Idaho","Washington County",3,37,103,52,51
050,16,087,"Idaho","Washington County",3,38,119,61,58
050,16,087,"Idaho","Washington County",3,39,129,60,69
050,16,087,"Idaho","Washington County",3,40,115,54,61
050,16,087,"Idaho","Washington County",3,41,126,61,65
050,16,087,"Idaho","Washington County",3,42,126,63,63
050,16,087,"Idaho","Washington County",3,43,112,57,55
050,16,087,"Idaho","Washington County",3,44,107,54,53
050,16,087,"Idaho","Washington County",3,45,108,55,53
050,16,087,"Idaho","Washington County",3,46,119,62,57
050,16,087,"Idaho","Washington County",3,47,112,50,62
050,16,087,"Idaho","Washington County",3,48,113,54,59
050,16,087,"Idaho","Washington County",3,49,114,56,58
050,16,087,"Idaho","Washington County",3,50,136,70,66
050,16,087,"Idaho","Washington County",3,51,131,63,68
050,16,087,"Idaho","Washington County",3,52,113,48,65
050,16,087,"Idaho","Washington County",3,53,125,61,64
050,16,087,"Idaho","Washington County",3,54,107,58,49
050,16,087,"Idaho","Washington County",3,55,120,67,53
050,16,087,"Idaho","Washington County",3,56,120,48,72
050,16,087,"Idaho","Washington County",3,57,141,64,77
050,16,087,"Idaho","Washington County",3,58,169,85,84
050,16,087,"Idaho","Washington County",3,59,152,75,77
050,16,087,"Idaho","Washington County",3,60,156,80,76
050,16,087,"Idaho","Washington County",3,61,165,85,80
050,16,087,"Idaho","Washington County",3,62,152,68,84
050,16,087,"Idaho","Washington County",3,63,186,85,101
050,16,087,"Idaho","Washington County",3,64,179,84,95
050,16,087,"Idaho","Washington County",3,65,177,93,84
050,16,087,"Idaho","Washington County",3,66,180,87,93
050,16,087,"Idaho","Washington County",3,67,170,80,90
050,16,087,"Idaho","Washington County",3,68,183,98,85
050,16,087,"Idaho","Washington County",3,69,179,96,83
050,16,087,"Idaho","Washington County",3,70,147,75,72
050,16,087,"Idaho","Washington County",3,71,165,89,76
050,16,087,"Idaho","Washington County",3,72,164,87,77
050,16,087,"Idaho","Washington County",3,73,164,82,82
050,16,087,"Idaho","Washington County",3,74,155,82,73
050,16,087,"Idaho","Washington County",3,75,101,51,50
050,16,087,"Idaho","Washington County",3,76,107,47,60
050,16,087,"Idaho","Washington County",3,77,94,43,51
050,16,087,"Idaho","Washington County",3,78,101,49,52
050,16,087,"Idaho","Washington County",3,79,91,47,44
050,16,087,"Idaho","Washington County",3,80,66,35,31
050,16,087,"Idaho","Washington County",3,81,73,35,38
050,16,087,"Idaho","Washington County",3,82,77,40,37
050,16,087,"Idaho","Washington County",3,83,80,47,33
050,16,087,"Idaho","Washington County",3,84,56,32,24
050,16,087,"Idaho","Washington County",3,85,270,121,149
050,16,087,"Idaho","Washington County",4,0,113,53,60
050,16,087,"Idaho","Washington County",4,1,102,45,57
050,16,087,"Idaho","Washington County",4,2,116,63,53
050,16,087,"Idaho","Washington County",4,3,107,58,49
050,16,087,"Idaho","Washington County",4,4,125,71,54
050,16,087,"Idaho","Washington County",4,5,139,67,72
050,16,087,"Idaho","Washington County",4,6,146,74,72
050,16,087,"Idaho","Washington County",4,7,143,69,74
050,16,087,"Idaho","Washington County",4,8,129,59,70
050,16,087,"Idaho","Washington County",4,9,128,63,65
050,16,087,"Idaho","Washington County",4,10,124,64,60
050,16,087,"Idaho","Washington County",4,11,143,81,62
050,16,087,"Idaho","Washington County",4,12,152,78,74
050,16,087,"Idaho","Washington County",4,13,151,85,66
050,16,087,"Idaho","Washington County",4,14,153,81,72
050,16,087,"Idaho","Washington County",4,15,160,78,82
050,16,087,"Idaho","Washington County",4,16,171,73,98
050,16,087,"Idaho","Washington County",4,17,178,77,101
050,16,087,"Idaho","Washington County",4,18,151,80,71
050,16,087,"Idaho","Washington County",4,19,125,63,62
050,16,087,"Idaho","Washington County",4,20,112,54,58
050,16,087,"Idaho","Washington County",4,21,108,56,52
050,16,087,"Idaho","Washington County",4,22,99,52,47
050,16,087,"Idaho","Washington County",4,23,126,65,61
050,16,087,"Idaho","Washington County",4,24,118,63,55
050,16,087,"Idaho","Washington County",4,25,96,50,46
050,16,087,"Idaho","Washington County",4,26,98,58,40
050,16,087,"Idaho","Washington County",4,27,102,55,47
050,16,087,"Idaho","Washington County",4,28,96,44,52
050,16,087,"Idaho","Washington County",4,29,95,49,46
050,16,087,"Idaho","Washington County",4,30,105,59,46
050,16,087,"Idaho","Washington County",4,31,113,51,62
050,16,087,"Idaho","Washington County",4,32,120,56,64
050,16,087,"Idaho","Washington County",4,33,116,53,63
050,16,087,"Idaho","Washington County",4,34,109,65,44
050,16,087,"Idaho","Washington County",4,35,99,58,41
050,16,087,"Idaho","Washington County",4,36,113,51,62
050,16,087,"Idaho","Washington County",4,37,114,61,53
050,16,087,"Idaho","Washington County",4,38,110,57,53
050,16,087,"Idaho","Washington County",4,39,122,63,59
050,16,087,"Idaho","Washington County",4,40,133,61,72
050,16,087,"Idaho","Washington County",4,41,126,61,65
050,16,087,"Idaho","Washington County",4,42,131,64,67
050,16,087,"Idaho","Washington County",4,43,128,61,67
050,16,087,"Idaho","Washington County",4,44,119,59,60
050,16,087,"Idaho","Washington County",4,45,106,53,53
050,16,087,"Idaho","Washington County",4,46,113,56,57
050,16,087,"Idaho","Washington County",4,47,126,63,63
050,16,087,"Idaho","Washington County",4,48,122,58,64
050,16,087,"Idaho","Washington County",4,49,118,54,64
050,16,087,"Idaho","Washington County",4,50,110,56,54
050,16,087,"Idaho","Washington County",4,51,138,74,64
050,16,087,"Idaho","Washington County",4,52,133,63,70
050,16,087,"Idaho","Washington County",4,53,116,48,68
050,16,087,"Idaho","Washington County",4,54,125,58,67
050,16,087,"Idaho","Washington County",4,55,108,62,46
050,16,087,"Idaho","Washington County",4,56,128,73,55
050,16,087,"Idaho","Washington County",4,57,130,51,79
050,16,087,"Idaho","Washington County",4,58,147,67,80
050,16,087,"Idaho","Washington County",4,59,165,81,84
050,16,087,"Idaho","Washington County",4,60,157,78,79
050,16,087,"Idaho","Washington County",4,61,160,81,79
050,16,087,"Idaho","Washington County",4,62,168,86,82
050,16,087,"Idaho","Washington County",4,63,156,72,84
050,16,087,"Idaho","Washington County",4,64,190,86,104
050,16,087,"Idaho","Washington County",4,65,184,87,97
050,16,087,"Idaho","Washington County",4,66,175,88,87
050,16,087,"Idaho","Washington County",4,67,189,92,97
050,16,087,"Idaho","Washington County",4,68,170,81,89
050,16,087,"Idaho","Washington County",4,69,174,92,82
050,16,087,"Idaho","Washington County",4,70,176,90,86
050,16,087,"Idaho","Washington County",4,71,154,77,77
050,16,087,"Idaho","Washington County",4,72,161,91,70
050,16,087,"Idaho","Washington County",4,73,162,93,69
050,16,087,"Idaho","Washington County",4,74,162,79,83
050,16,087,"Idaho","Washington County",4,75,143,72,71
050,16,087,"Idaho","Washington County",4,76,97,50,47
050,16,087,"Idaho","Washington County",4,77,109,49,60
050,16,087,"Idaho","Washington County",4,78,95,41,54
050,16,087,"Idaho","Washington County",4,79,93,47,46
050,16,087,"Idaho","Washington County",4,80,87,46,41
050,16,087,"Idaho","Washington County",4,81,67,33,34
050,16,087,"Idaho","Washington County",4,82,60,28,32
050,16,087,"Idaho","Washington County",4,83,72,41,31
050,16,087,"Idaho","Washington County",4,84,68,41,27
050,16,087,"Idaho","Washington County",4,85,269,126,143
050,16,087,"Idaho","Washington County",5,0,116,58,58
050,16,087,"Idaho","Washington County",5,1,123,58,65
050,16,087,"Idaho","Washington County",5,2,108,50,58
050,16,087,"Idaho","Washington County",5,3,127,62,65
050,16,087,"Idaho","Washington County",5,4,106,57,49
050,16,087,"Idaho","Washington County",5,5,132,74,58
050,16,087,"Idaho","Washington County",5,6,145,66,79
050,16,087,"Idaho","Washington County",5,7,152,77,75
050,16,087,"Idaho","Washington County",5,8,147,72,75
050,16,087,"Idaho","Washington County",5,9,133,64,69
050,16,087,"Idaho","Washington County",5,10,137,67,70
050,16,087,"Idaho","Washington County",5,11,138,77,61
050,16,087,"Idaho","Washington County",5,12,154,85,69
050,16,087,"Idaho","Washington County",5,13,163,88,75
050,16,087,"Idaho","Washington County",5,14,155,89,66
050,16,087,"Idaho","Washington County",5,15,161,86,75
050,16,087,"Idaho","Washington County",5,16,156,77,79
050,16,087,"Idaho","Washington County",5,17,169,72,97
050,16,087,"Idaho","Washington County",5,18,157,75,82
050,16,087,"Idaho","Washington County",5,19,116,59,57
050,16,087,"Idaho","Washington County",5,20,122,57,65
050,16,087,"Idaho","Washington County",5,21,109,54,55
050,16,087,"Idaho","Washington County",5,22,107,58,49
050,16,087,"Idaho","Washington County",5,23,113,57,56
050,16,087,"Idaho","Washington County",5,24,127,68,59
050,16,087,"Idaho","Washington County",5,25,114,56,58
050,16,087,"Idaho","Washington County",5,26,104,47,57
050,16,087,"Idaho","Washington County",5,27,105,62,43
050,16,087,"Idaho","Washington County",5,28,101,52,49
050,16,087,"Idaho","Washington County",5,29,100,50,50
050,16,087,"Idaho","Washington County",5,30,103,54,49
050,16,087,"Idaho","Washington County",5,31,114,61,53
050,16,087,"Idaho","Washington County",5,32,123,56,67
050,16,087,"Idaho","Washington County",5,33,124,59,65
050,16,087,"Idaho","Washington County",5,34,118,57,61
050,16,087,"Idaho","Washington County",5,35,116,71,45
050,16,087,"Idaho","Washington County",5,36,100,52,48
050,16,087,"Idaho","Washington County",5,37,117,55,62
050,16,087,"Idaho","Washington County",5,38,118,60,58
050,16,087,"Idaho","Washington County",5,39,122,63,59
050,16,087,"Idaho","Washington County",5,40,130,67,63
050,16,087,"Idaho","Washington County",5,41,145,69,76
050,16,087,"Idaho","Washington County",5,42,141,68,73
050,16,087,"Idaho","Washington County",5,43,133,68,65
050,16,087,"Idaho","Washington County",5,44,131,66,65
050,16,087,"Idaho","Washington County",5,45,125,60,65
050,16,087,"Idaho","Washington County",5,46,111,53,58
050,16,087,"Idaho","Washington County",5,47,109,51,58
050,16,087,"Idaho","Washington County",5,48,129,60,69
050,16,087,"Idaho","Washington County",5,49,142,59,83
050,16,087,"Idaho","Washington County",5,50,120,50,70
050,16,087,"Idaho","Washington County",5,51,114,59,55
050,16,087,"Idaho","Washington County",5,52,144,77,67
050,16,087,"Idaho","Washington County",5,53,130,61,69
050,16,087,"Idaho","Washington County",5,54,124,52,72
050,16,087,"Idaho","Washington County",5,55,123,59,64
050,16,087,"Idaho","Washington County",5,56,129,67,62
050,16,087,"Idaho","Washington County",5,57,160,82,78
050,16,087,"Idaho","Washington County",5,58,132,50,82
050,16,087,"Idaho","Washington County",5,59,146,64,82
050,16,087,"Idaho","Washington County",5,60,161,80,81
050,16,087,"Idaho","Washington County",5,61,158,81,77
050,16,087,"Idaho","Washington County",5,62,160,79,81
050,16,087,"Idaho","Washington County",5,63,174,93,81
050,16,087,"Idaho","Washington County",5,64,151,66,85
050,16,087,"Idaho","Washington County",5,65,189,87,102
050,16,087,"Idaho","Washington County",5,66,183,89,94
050,16,087,"Idaho","Washington County",5,67,174,85,89
050,16,087,"Idaho","Washington County",5,68,189,90,99
050,16,087,"Idaho","Washington County",5,69,169,82,87
050,16,087,"Idaho","Washington County",5,70,175,89,86
050,16,087,"Idaho","Washington County",5,71,177,90,87
050,16,087,"Idaho","Washington County",5,72,147,75,72
050,16,087,"Idaho","Washington County",5,73,162,94,68
050,16,087,"Idaho","Washington County",5,74,161,94,67
050,16,087,"Idaho","Washington County",5,75,147,67,80
050,16,087,"Idaho","Washington County",5,76,131,70,61
050,16,087,"Idaho","Washington County",5,77,97,49,48
050,16,087,"Idaho","Washington County",5,78,109,49,60
050,16,087,"Idaho","Washington County",5,79,96,41,55
050,16,087,"Idaho","Washington County",5,80,92,44,48
050,16,087,"Idaho","Washington County",5,81,84,43,41
050,16,087,"Idaho","Washington County",5,82,55,25,30
050,16,087,"Idaho","Washington County",5,83,59,31,28
050,16,087,"Idaho","Washington County",5,84,61,36,25
050,16,087,"Idaho","Washington County",5,85,294,142,152

