"SUMLEV","STATE","COUNTY","STNAME","CTYNAME","YEAR","AGE","TOT_POP","TOT_MALE","TOT_FEMALE"
050,22,001,"Louisiana","Acadia Parish",1,0,731,371,360
050,22,001,"Louisiana","Acadia Parish",1,1,730,378,352
050,22,001,"Louisiana","Acadia Parish",1,2,772,386,386
050,22,001,"Louisiana","Acadia Parish",1,3,805,425,380
050,22,001,"Louisiana","Acadia Parish",1,4,859,447,412
050,22,001,"Louisiana","Acadia Parish",1,5,805,407,398
050,22,001,"Louisiana","Acadia Parish",1,6,829,415,414
050,22,001,"Louisiana","Acadia Parish",1,7,830,415,415
050,22,001,"Louisiana","Acadia Parish",1,8,791,404,387
050,22,001,"Louisiana","Acadia Parish",1,9,807,420,387
050,22,001,"Louisiana","Acadia Parish",1,10,831,414,417
050,22,001,"Louisiana","Acadia Parish",1,11,883,461,422
050,22,001,"Louisiana","Acadia Parish",1,12,871,455,416
050,22,001,"Louisiana","Acadia Parish",1,13,882,457,425
050,22,001,"Louisiana","Acadia Parish",1,14,912,488,424
050,22,001,"Louisiana","Acadia Parish",1,15,921,505,416
050,22,001,"Louisiana","Acadia Parish",1,16,900,466,434
050,22,001,"Louisiana","Acadia Parish",1,17,841,436,405
050,22,001,"Louisiana","Acadia Parish",1,18,695,364,331
050,22,001,"Louisiana","Acadia Parish",1,19,571,298,273
050,22,001,"Louisiana","Acadia Parish",1,20,626,323,303
050,22,001,"Louisiana","Acadia Parish",1,21,655,336,319
050,22,001,"Louisiana","Acadia Parish",1,22,702,348,354
050,22,001,"Louisiana","Acadia Parish",1,23,717,356,361
050,22,001,"Louisiana","Acadia Parish",1,24,693,340,353
050,22,001,"Louisiana","Acadia Parish",1,25,693,346,347
050,22,001,"Louisiana","Acadia Parish",1,26,708,352,356
050,22,001,"Louisiana","Acadia Parish",1,27,696,331,365
050,22,001,"Louisiana","Acadia Parish",1,28,762,385,377
050,22,001,"Louisiana","Acadia Parish",1,29,803,397,406
050,22,001,"Louisiana","Acadia Parish",1,30,813,404,409
050,22,001,"Louisiana","Acadia Parish",1,31,766,387,379
050,22,001,"Louisiana","Acadia Parish",1,32,712,355,357
050,22,001,"Louisiana","Acadia Parish",1,33,711,352,359
050,22,001,"Louisiana","Acadia Parish",1,34,729,349,380
050,22,001,"Louisiana","Acadia Parish",1,35,726,345,381
050,22,001,"Louisiana","Acadia Parish",1,36,696,350,346
050,22,001,"Louisiana","Acadia Parish",1,37,735,359,376
050,22,001,"Louisiana","Acadia Parish",1,38,741,361,380
050,22,001,"Louisiana","Acadia Parish",1,39,734,358,376
050,22,001,"Louisiana","Acadia Parish",1,40,720,337,383
050,22,001,"Louisiana","Acadia Parish",1,41,704,343,361
050,22,001,"Louisiana","Acadia Parish",1,42,663,334,329
050,22,001,"Louisiana","Acadia Parish",1,43,652,318,334
050,22,001,"Louisiana","Acadia Parish",1,44,648,300,348
050,22,001,"Louisiana","Acadia Parish",1,45,602,295,307
050,22,001,"Louisiana","Acadia Parish",1,46,583,261,322
050,22,001,"Louisiana","Acadia Parish",1,47,641,306,335
050,22,001,"Louisiana","Acadia Parish",1,48,661,319,342
050,22,001,"Louisiana","Acadia Parish",1,49,682,323,359
050,22,001,"Louisiana","Acadia Parish",1,50,653,322,331
050,22,001,"Louisiana","Acadia Parish",1,51,701,345,356
050,22,001,"Louisiana","Acadia Parish",1,52,704,326,378
050,22,001,"Louisiana","Acadia Parish",1,53,737,339,398
050,22,001,"Louisiana","Acadia Parish",1,54,731,361,370
050,22,001,"Louisiana","Acadia Parish",1,55,792,398,394
050,22,001,"Louisiana","Acadia Parish",1,56,776,398,378
050,22,001,"Louisiana","Acadia Parish",1,57,815,396,419
050,22,001,"Louisiana","Acadia Parish",1,58,820,392,428
050,22,001,"Louisiana","Acadia Parish",1,59,756,377,379
050,22,001,"Louisiana","Acadia Parish",1,60,759,378,381
050,22,001,"Louisiana","Acadia Parish",1,61,750,378,372
050,22,001,"Louisiana","Acadia Parish",1,62,758,366,392
050,22,001,"Louisiana","Acadia Parish",1,63,756,366,390
050,22,001,"Louisiana","Acadia Parish",1,64,715,359,356
050,22,001,"Louisiana","Acadia Parish",1,65,696,349,347
050,22,001,"Louisiana","Acadia Parish",1,66,686,314,372
050,22,001,"Louisiana","Acadia Parish",1,67,637,304,333
050,22,001,"Louisiana","Acadia Parish",1,68,597,295,302
050,22,001,"Louisiana","Acadia Parish",1,69,530,259,271
050,22,001,"Louisiana","Acadia Parish",1,70,491,242,249
050,22,001,"Louisiana","Acadia Parish",1,71,508,250,258
050,22,001,"Louisiana","Acadia Parish",1,72,496,234,262
050,22,001,"Louisiana","Acadia Parish",1,73,485,219,266
050,22,001,"Louisiana","Acadia Parish",1,74,341,141,200
050,22,001,"Louisiana","Acadia Parish",1,75,361,155,206
050,22,001,"Louisiana","Acadia Parish",1,76,350,147,203
050,22,001,"Louisiana","Acadia Parish",1,77,336,148,188
050,22,001,"Louisiana","Acadia Parish",1,78,281,131,150
050,22,001,"Louisiana","Acadia Parish",1,79,266,127,139
050,22,001,"Louisiana","Acadia Parish",1,80,240,108,132
050,22,001,"Louisiana","Acadia Parish",1,81,250,105,145
050,22,001,"Louisiana","Acadia Parish",1,82,208,85,123
050,22,001,"Louisiana","Acadia Parish",1,83,205,78,127
050,22,001,"Louisiana","Acadia Parish",1,84,173,74,99
050,22,001,"Louisiana","Acadia Parish",1,85,971,314,657
050,22,001,"Louisiana","Acadia Parish",2,0,721,377,344
050,22,001,"Louisiana","Acadia Parish",2,1,727,376,351
050,22,001,"Louisiana","Acadia Parish",2,2,766,388,378
050,22,001,"Louisiana","Acadia Parish",2,3,796,415,381
050,22,001,"Louisiana","Acadia Parish",2,4,846,441,405
050,22,001,"Louisiana","Acadia Parish",2,5,817,417,400
050,22,001,"Louisiana","Acadia Parish",2,6,827,413,414
050,22,001,"Louisiana","Acadia Parish",2,7,830,414,416
050,22,001,"Louisiana","Acadia Parish",2,8,794,405,389
050,22,001,"Louisiana","Acadia Parish",2,9,799,415,384
050,22,001,"Louisiana","Acadia Parish",2,10,827,419,408
050,22,001,"Louisiana","Acadia Parish",2,11,863,447,416
050,22,001,"Louisiana","Acadia Parish",2,12,880,458,422
050,22,001,"Louisiana","Acadia Parish",2,13,876,455,421
050,22,001,"Louisiana","Acadia Parish",2,14,908,482,426
050,22,001,"Louisiana","Acadia Parish",2,15,920,502,418
050,22,001,"Louisiana","Acadia Parish",2,16,901,472,429
050,22,001,"Louisiana","Acadia Parish",2,17,847,440,407
050,22,001,"Louisiana","Acadia Parish",2,18,694,367,327
050,22,001,"Louisiana","Acadia Parish",2,19,574,299,275
050,22,001,"Louisiana","Acadia Parish",2,20,631,325,306
050,22,001,"Louisiana","Acadia Parish",2,21,653,335,318
050,22,001,"Louisiana","Acadia Parish",2,22,702,349,353
050,22,001,"Louisiana","Acadia Parish",2,23,723,356,367
050,22,001,"Louisiana","Acadia Parish",2,24,697,344,353
050,22,001,"Louisiana","Acadia Parish",2,25,695,344,351
050,22,001,"Louisiana","Acadia Parish",2,26,704,349,355
050,22,001,"Louisiana","Acadia Parish",2,27,694,336,358
050,22,001,"Louisiana","Acadia Parish",2,28,742,371,371
050,22,001,"Louisiana","Acadia Parish",2,29,787,390,397
050,22,001,"Louisiana","Acadia Parish",2,30,811,402,409
050,22,001,"Louisiana","Acadia Parish",2,31,777,390,387
050,22,001,"Louisiana","Acadia Parish",2,32,728,362,366
050,22,001,"Louisiana","Acadia Parish",2,33,710,351,359
050,22,001,"Louisiana","Acadia Parish",2,34,727,353,374
050,22,001,"Louisiana","Acadia Parish",2,35,728,348,380
050,22,001,"Louisiana","Acadia Parish",2,36,696,346,350
050,22,001,"Louisiana","Acadia Parish",2,37,724,358,366
050,22,001,"Louisiana","Acadia Parish",2,38,743,362,381
050,22,001,"Louisiana","Acadia Parish",2,39,735,356,379
050,22,001,"Louisiana","Acadia Parish",2,40,727,344,383
050,22,001,"Louisiana","Acadia Parish",2,41,702,339,363
050,22,001,"Louisiana","Acadia Parish",2,42,669,335,334
050,22,001,"Louisiana","Acadia Parish",2,43,659,324,335
050,22,001,"Louisiana","Acadia Parish",2,44,643,302,341
050,22,001,"Louisiana","Acadia Parish",2,45,612,293,319
050,22,001,"Louisiana","Acadia Parish",2,46,585,268,317
050,22,001,"Louisiana","Acadia Parish",2,47,623,294,329
050,22,001,"Louisiana","Acadia Parish",2,48,657,317,340
050,22,001,"Louisiana","Acadia Parish",2,49,683,327,356
050,22,001,"Louisiana","Acadia Parish",2,50,661,322,339
050,22,001,"Louisiana","Acadia Parish",2,51,688,340,348
050,22,001,"Louisiana","Acadia Parish",2,52,702,328,374
050,22,001,"Louisiana","Acadia Parish",2,53,727,337,390
050,22,001,"Louisiana","Acadia Parish",2,54,731,354,377
050,22,001,"Louisiana","Acadia Parish",2,55,775,389,386
050,22,001,"Louisiana","Acadia Parish",2,56,783,399,384
050,22,001,"Louisiana","Acadia Parish",2,57,800,392,408
050,22,001,"Louisiana","Acadia Parish",2,58,817,393,424
050,22,001,"Louisiana","Acadia Parish",2,59,768,378,390
050,22,001,"Louisiana","Acadia Parish",2,60,754,375,379
050,22,001,"Louisiana","Acadia Parish",2,61,750,377,373
050,22,001,"Louisiana","Acadia Parish",2,62,749,363,386
050,22,001,"Louisiana","Acadia Parish",2,63,760,368,392
050,22,001,"Louisiana","Acadia Parish",2,64,715,355,360
050,22,001,"Louisiana","Acadia Parish",2,65,697,350,347
050,22,001,"Louisiana","Acadia Parish",2,66,691,324,367
050,22,001,"Louisiana","Acadia Parish",2,67,644,304,340
050,22,001,"Louisiana","Acadia Parish",2,68,595,293,302
050,22,001,"Louisiana","Acadia Parish",2,69,546,267,279
050,22,001,"Louisiana","Acadia Parish",2,70,497,243,254
050,22,001,"Louisiana","Acadia Parish",2,71,496,240,256
050,22,001,"Louisiana","Acadia Parish",2,72,489,232,257
050,22,001,"Louisiana","Acadia Parish",2,73,501,228,273
050,22,001,"Louisiana","Acadia Parish",2,74,348,150,198
050,22,001,"Louisiana","Acadia Parish",2,75,354,152,202
050,22,001,"Louisiana","Acadia Parish",2,76,344,143,201
050,22,001,"Louisiana","Acadia Parish",2,77,339,147,192
050,22,001,"Louisiana","Acadia Parish",2,78,284,129,155
050,22,001,"Louisiana","Acadia Parish",2,79,264,127,137
050,22,001,"Louisiana","Acadia Parish",2,80,240,110,130
050,22,001,"Louisiana","Acadia Parish",2,81,239,104,135
050,22,001,"Louisiana","Acadia Parish",2,82,218,88,130
050,22,001,"Louisiana","Acadia Parish",2,83,200,78,122
050,22,001,"Louisiana","Acadia Parish",2,84,172,73,99
050,22,001,"Louisiana","Acadia Parish",2,85,960,308,652
050,22,001,"Louisiana","Acadia Parish",3,0,790,393,397
050,22,001,"Louisiana","Acadia Parish",3,1,730,371,359
050,22,001,"Louisiana","Acadia Parish",3,2,751,388,363
050,22,001,"Louisiana","Acadia Parish",3,3,774,381,393
050,22,001,"Louisiana","Acadia Parish",3,4,800,412,388
050,22,001,"Louisiana","Acadia Parish",3,5,834,427,407
050,22,001,"Louisiana","Acadia Parish",3,6,823,420,403
050,22,001,"Louisiana","Acadia Parish",3,7,829,412,417
050,22,001,"Louisiana","Acadia Parish",3,8,814,416,398
050,22,001,"Louisiana","Acadia Parish",3,9,803,401,402
050,22,001,"Louisiana","Acadia Parish",3,10,791,407,384
050,22,001,"Louisiana","Acadia Parish",3,11,821,418,403
050,22,001,"Louisiana","Acadia Parish",3,12,837,426,411
050,22,001,"Louisiana","Acadia Parish",3,13,854,446,408
050,22,001,"Louisiana","Acadia Parish",3,14,880,454,426
050,22,001,"Louisiana","Acadia Parish",3,15,890,475,415
050,22,001,"Louisiana","Acadia Parish",3,16,921,501,420
050,22,001,"Louisiana","Acadia Parish",3,17,876,457,419
050,22,001,"Louisiana","Acadia Parish",3,18,726,392,334
050,22,001,"Louisiana","Acadia Parish",3,19,559,287,272
050,22,001,"Louisiana","Acadia Parish",3,20,617,317,300
050,22,001,"Louisiana","Acadia Parish",3,21,662,343,319
050,22,001,"Louisiana","Acadia Parish",3,22,695,355,340
050,22,001,"Louisiana","Acadia Parish",3,23,734,364,370
050,22,001,"Louisiana","Acadia Parish",3,24,729,364,365
050,22,001,"Louisiana","Acadia Parish",3,25,688,348,340
050,22,001,"Louisiana","Acadia Parish",3,26,710,352,358
050,22,001,"Louisiana","Acadia Parish",3,27,692,353,339
050,22,001,"Louisiana","Acadia Parish",3,28,697,340,357
050,22,001,"Louisiana","Acadia Parish",3,29,732,367,365
050,22,001,"Louisiana","Acadia Parish",3,30,783,399,384
050,22,001,"Louisiana","Acadia Parish",3,31,815,396,419
050,22,001,"Louisiana","Acadia Parish",3,32,786,388,398
050,22,001,"Louisiana","Acadia Parish",3,33,721,361,360
050,22,001,"Louisiana","Acadia Parish",3,34,715,351,364
050,22,001,"Louisiana","Acadia Parish",3,35,734,364,370
050,22,001,"Louisiana","Acadia Parish",3,36,708,336,372
050,22,001,"Louisiana","Acadia Parish",3,37,695,346,349
050,22,001,"Louisiana","Acadia Parish",3,38,735,367,368
050,22,001,"Louisiana","Acadia Parish",3,39,745,359,386
050,22,001,"Louisiana","Acadia Parish",3,40,702,346,356
050,22,001,"Louisiana","Acadia Parish",3,41,719,341,378
050,22,001,"Louisiana","Acadia Parish",3,42,711,342,369
050,22,001,"Louisiana","Acadia Parish",3,43,666,328,338
050,22,001,"Louisiana","Acadia Parish",3,44,652,314,338
050,22,001,"Louisiana","Acadia Parish",3,45,637,301,336
050,22,001,"Louisiana","Acadia Parish",3,46,613,284,329
050,22,001,"Louisiana","Acadia Parish",3,47,576,268,308
050,22,001,"Louisiana","Acadia Parish",3,48,607,283,324
050,22,001,"Louisiana","Acadia Parish",3,49,661,321,340
050,22,001,"Louisiana","Acadia Parish",3,50,681,323,358
050,22,001,"Louisiana","Acadia Parish",3,51,662,322,340
050,22,001,"Louisiana","Acadia Parish",3,52,665,325,340
050,22,001,"Louisiana","Acadia Parish",3,53,691,325,366
050,22,001,"Louisiana","Acadia Parish",3,54,709,326,383
050,22,001,"Louisiana","Acadia Parish",3,55,730,347,383
050,22,001,"Louisiana","Acadia Parish",3,56,758,380,378
050,22,001,"Louisiana","Acadia Parish",3,57,774,383,391
050,22,001,"Louisiana","Acadia Parish",3,58,788,387,401
050,22,001,"Louisiana","Acadia Parish",3,59,793,376,417
050,22,001,"Louisiana","Acadia Parish",3,60,762,376,386
050,22,001,"Louisiana","Acadia Parish",3,61,743,371,372
050,22,001,"Louisiana","Acadia Parish",3,62,724,359,365
050,22,001,"Louisiana","Acadia Parish",3,63,728,348,380
050,22,001,"Louisiana","Acadia Parish",3,64,748,365,383
050,22,001,"Louisiana","Acadia Parish",3,65,716,353,363
050,22,001,"Louisiana","Acadia Parish",3,66,680,337,343
050,22,001,"Louisiana","Acadia Parish",3,67,674,317,357
050,22,001,"Louisiana","Acadia Parish",3,68,614,282,332
050,22,001,"Louisiana","Acadia Parish",3,69,581,286,295
050,22,001,"Louisiana","Acadia Parish",3,70,516,252,264
050,22,001,"Louisiana","Acadia Parish",3,71,476,225,251
050,22,001,"Louisiana","Acadia Parish",3,72,479,229,250
050,22,001,"Louisiana","Acadia Parish",3,73,463,218,245
050,22,001,"Louisiana","Acadia Parish",3,74,480,215,265
050,22,001,"Louisiana","Acadia Parish",3,75,326,139,187
050,22,001,"Louisiana","Acadia Parish",3,76,336,139,197
050,22,001,"Louisiana","Acadia Parish",3,77,313,128,185
050,22,001,"Louisiana","Acadia Parish",3,78,320,134,186
050,22,001,"Louisiana","Acadia Parish",3,79,265,121,144
050,22,001,"Louisiana","Acadia Parish",3,80,234,110,124
050,22,001,"Louisiana","Acadia Parish",3,81,219,100,119
050,22,001,"Louisiana","Acadia Parish",3,82,218,91,127
050,22,001,"Louisiana","Acadia Parish",3,83,196,73,123
050,22,001,"Louisiana","Acadia Parish",3,84,171,68,103
050,22,001,"Louisiana","Acadia Parish",3,85,944,300,644
050,22,001,"Louisiana","Acadia Parish",4,0,821,415,406
050,22,001,"Louisiana","Acadia Parish",4,1,788,387,401
050,22,001,"Louisiana","Acadia Parish",4,2,739,367,372
050,22,001,"Louisiana","Acadia Parish",4,3,729,368,361
050,22,001,"Louisiana","Acadia Parish",4,4,744,365,379
050,22,001,"Louisiana","Acadia Parish",4,5,796,404,392
050,22,001,"Louisiana","Acadia Parish",4,6,817,421,396
050,22,001,"Louisiana","Acadia Parish",4,7,806,406,400
050,22,001,"Louisiana","Acadia Parish",4,8,842,413,429
050,22,001,"Louisiana","Acadia Parish",4,9,809,410,399
050,22,001,"Louisiana","Acadia Parish",4,10,803,409,394
050,22,001,"Louisiana","Acadia Parish",4,11,801,403,398
050,22,001,"Louisiana","Acadia Parish",4,12,829,419,410
050,22,001,"Louisiana","Acadia Parish",4,13,862,433,429
050,22,001,"Louisiana","Acadia Parish",4,14,834,437,397
050,22,001,"Louisiana","Acadia Parish",4,15,864,449,415
050,22,001,"Louisiana","Acadia Parish",4,16,891,469,422
050,22,001,"Louisiana","Acadia Parish",4,17,895,487,408
050,22,001,"Louisiana","Acadia Parish",4,18,737,400,337
050,22,001,"Louisiana","Acadia Parish",4,19,560,290,270
050,22,001,"Louisiana","Acadia Parish",4,20,584,301,283
050,22,001,"Louisiana","Acadia Parish",4,21,635,324,311
050,22,001,"Louisiana","Acadia Parish",4,22,681,349,332
050,22,001,"Louisiana","Acadia Parish",4,23,706,364,342
050,22,001,"Louisiana","Acadia Parish",4,24,714,357,357
050,22,001,"Louisiana","Acadia Parish",4,25,704,348,356
050,22,001,"Louisiana","Acadia Parish",4,26,670,338,332
050,22,001,"Louisiana","Acadia Parish",4,27,693,344,349
050,22,001,"Louisiana","Acadia Parish",4,28,686,342,344
050,22,001,"Louisiana","Acadia Parish",4,29,690,336,354
050,22,001,"Louisiana","Acadia Parish",4,30,724,354,370
050,22,001,"Louisiana","Acadia Parish",4,31,786,402,384
050,22,001,"Louisiana","Acadia Parish",4,32,782,371,411
050,22,001,"Louisiana","Acadia Parish",4,33,766,384,382
050,22,001,"Louisiana","Acadia Parish",4,34,727,359,368
050,22,001,"Louisiana","Acadia Parish",4,35,703,345,358
050,22,001,"Louisiana","Acadia Parish",4,36,726,361,365
050,22,001,"Louisiana","Acadia Parish",4,37,691,323,368
050,22,001,"Louisiana","Acadia Parish",4,38,679,337,342
050,22,001,"Louisiana","Acadia Parish",4,39,724,355,369
050,22,001,"Louisiana","Acadia Parish",4,40,729,349,380
050,22,001,"Louisiana","Acadia Parish",4,41,714,344,370
050,22,001,"Louisiana","Acadia Parish",4,42,722,341,381
050,22,001,"Louisiana","Acadia Parish",4,43,686,327,359
050,22,001,"Louisiana","Acadia Parish",4,44,658,321,337
050,22,001,"Louisiana","Acadia Parish",4,45,641,316,325
050,22,001,"Louisiana","Acadia Parish",4,46,644,299,345
050,22,001,"Louisiana","Acadia Parish",4,47,616,292,324
050,22,001,"Louisiana","Acadia Parish",4,48,564,263,301
050,22,001,"Louisiana","Acadia Parish",4,49,619,295,324
050,22,001,"Louisiana","Acadia Parish",4,50,655,312,343
050,22,001,"Louisiana","Acadia Parish",4,51,672,320,352
050,22,001,"Louisiana","Acadia Parish",4,52,643,309,334
050,22,001,"Louisiana","Acadia Parish",4,53,655,321,334
050,22,001,"Louisiana","Acadia Parish",4,54,676,316,360
050,22,001,"Louisiana","Acadia Parish",4,55,700,321,379
050,22,001,"Louisiana","Acadia Parish",4,56,724,339,385
050,22,001,"Louisiana","Acadia Parish",4,57,744,367,377
050,22,001,"Louisiana","Acadia Parish",4,58,770,381,389
050,22,001,"Louisiana","Acadia Parish",4,59,755,368,387
050,22,001,"Louisiana","Acadia Parish",4,60,799,376,423
050,22,001,"Louisiana","Acadia Parish",4,61,755,369,386
050,22,001,"Louisiana","Acadia Parish",4,62,733,364,369
050,22,001,"Louisiana","Acadia Parish",4,63,701,349,352
050,22,001,"Louisiana","Acadia Parish",4,64,736,349,387
050,22,001,"Louisiana","Acadia Parish",4,65,743,360,383
050,22,001,"Louisiana","Acadia Parish",4,66,707,347,360
050,22,001,"Louisiana","Acadia Parish",4,67,666,326,340
050,22,001,"Louisiana","Acadia Parish",4,68,655,305,350
050,22,001,"Louisiana","Acadia Parish",4,69,592,268,324
050,22,001,"Louisiana","Acadia Parish",4,70,557,274,283
050,22,001,"Louisiana","Acadia Parish",4,71,496,235,261
050,22,001,"Louisiana","Acadia Parish",4,72,463,222,241
050,22,001,"Louisiana","Acadia Parish",4,73,463,220,243
050,22,001,"Louisiana","Acadia Parish",4,74,446,210,236
050,22,001,"Louisiana","Acadia Parish",4,75,443,198,245
050,22,001,"Louisiana","Acadia Parish",4,76,300,125,175
050,22,001,"Louisiana","Acadia Parish",4,77,307,124,183
050,22,001,"Louisiana","Acadia Parish",4,78,294,121,173
050,22,001,"Louisiana","Acadia Parish",4,79,299,118,181
050,22,001,"Louisiana","Acadia Parish",4,80,240,107,133
050,22,001,"Louisiana","Acadia Parish",4,81,214,100,114
050,22,001,"Louisiana","Acadia Parish",4,82,203,88,115
050,22,001,"Louisiana","Acadia Parish",4,83,190,73,117
050,22,001,"Louisiana","Acadia Parish",4,84,174,67,107
050,22,001,"Louisiana","Acadia Parish",4,85,924,285,639
050,22,001,"Louisiana","Acadia Parish",5,0,821,412,409
050,22,001,"Louisiana","Acadia Parish",5,1,797,407,390
050,22,001,"Louisiana","Acadia Parish",5,2,810,393,417
050,22,001,"Louisiana","Acadia Parish",5,3,724,359,365
050,22,001,"Louisiana","Acadia Parish",5,4,745,383,362
050,22,001,"Louisiana","Acadia Parish",5,5,750,365,385
050,22,001,"Louisiana","Acadia Parish",5,6,805,399,406
050,22,001,"Louisiana","Acadia Parish",5,7,834,429,405
050,22,001,"Louisiana","Acadia Parish",5,8,814,408,406
050,22,001,"Louisiana","Acadia Parish",5,9,823,410,413
050,22,001,"Louisiana","Acadia Parish",5,10,821,429,392
050,22,001,"Louisiana","Acadia Parish",5,11,777,393,384
050,22,001,"Louisiana","Acadia Parish",5,12,796,397,399
050,22,001,"Louisiana","Acadia Parish",5,13,801,406,395
050,22,001,"Louisiana","Acadia Parish",5,14,865,434,431
050,22,001,"Louisiana","Acadia Parish",5,15,861,457,404
050,22,001,"Louisiana","Acadia Parish",5,16,851,437,414
050,22,001,"Louisiana","Acadia Parish",5,17,865,445,420
050,22,001,"Louisiana","Acadia Parish",5,18,742,414,328
050,22,001,"Louisiana","Acadia Parish",5,19,574,313,261
050,22,001,"Louisiana","Acadia Parish",5,20,576,290,286
050,22,001,"Louisiana","Acadia Parish",5,21,608,312,296
050,22,001,"Louisiana","Acadia Parish",5,22,673,335,338
050,22,001,"Louisiana","Acadia Parish",5,23,704,363,341
050,22,001,"Louisiana","Acadia Parish",5,24,695,361,334
050,22,001,"Louisiana","Acadia Parish",5,25,715,351,364
050,22,001,"Louisiana","Acadia Parish",5,26,711,354,357
050,22,001,"Louisiana","Acadia Parish",5,27,662,335,327
050,22,001,"Louisiana","Acadia Parish",5,28,684,345,339
050,22,001,"Louisiana","Acadia Parish",5,29,685,344,341
050,22,001,"Louisiana","Acadia Parish",5,30,693,336,357
050,22,001,"Louisiana","Acadia Parish",5,31,729,366,363
050,22,001,"Louisiana","Acadia Parish",5,32,775,388,387
050,22,001,"Louisiana","Acadia Parish",5,33,790,372,418
050,22,001,"Louisiana","Acadia Parish",5,34,774,379,395
050,22,001,"Louisiana","Acadia Parish",5,35,720,360,360
050,22,001,"Louisiana","Acadia Parish",5,36,682,333,349
050,22,001,"Louisiana","Acadia Parish",5,37,715,355,360
050,22,001,"Louisiana","Acadia Parish",5,38,694,316,378
050,22,001,"Louisiana","Acadia Parish",5,39,655,325,330
050,22,001,"Louisiana","Acadia Parish",5,40,708,341,367
050,22,001,"Louisiana","Acadia Parish",5,41,719,351,368
050,22,001,"Louisiana","Acadia Parish",5,42,707,341,366
050,22,001,"Louisiana","Acadia Parish",5,43,723,341,382
050,22,001,"Louisiana","Acadia Parish",5,44,658,310,348
050,22,001,"Louisiana","Acadia Parish",5,45,644,309,335
050,22,001,"Louisiana","Acadia Parish",5,46,646,312,334
050,22,001,"Louisiana","Acadia Parish",5,47,621,295,326
050,22,001,"Louisiana","Acadia Parish",5,48,605,283,322
050,22,001,"Louisiana","Acadia Parish",5,49,560,269,291
050,22,001,"Louisiana","Acadia Parish",5,50,611,292,319
050,22,001,"Louisiana","Acadia Parish",5,51,663,322,341
050,22,001,"Louisiana","Acadia Parish",5,52,663,308,355
050,22,001,"Louisiana","Acadia Parish",5,53,626,303,323
050,22,001,"Louisiana","Acadia Parish",5,54,655,318,337
050,22,001,"Louisiana","Acadia Parish",5,55,663,317,346
050,22,001,"Louisiana","Acadia Parish",5,56,690,315,375
050,22,001,"Louisiana","Acadia Parish",5,57,713,327,386
050,22,001,"Louisiana","Acadia Parish",5,58,745,368,377
050,22,001,"Louisiana","Acadia Parish",5,59,751,364,387
050,22,001,"Louisiana","Acadia Parish",5,60,751,367,384
050,22,001,"Louisiana","Acadia Parish",5,61,816,388,428
050,22,001,"Louisiana","Acadia Parish",5,62,729,355,374
050,22,001,"Louisiana","Acadia Parish",5,63,721,357,364
050,22,001,"Louisiana","Acadia Parish",5,64,707,352,355
050,22,001,"Louisiana","Acadia Parish",5,65,719,337,382
050,22,001,"Louisiana","Acadia Parish",5,66,734,358,376
050,22,001,"Louisiana","Acadia Parish",5,67,694,341,353
050,22,001,"Louisiana","Acadia Parish",5,68,648,309,339
050,22,001,"Louisiana","Acadia Parish",5,69,634,294,340
050,22,001,"Louisiana","Acadia Parish",5,70,585,262,323
050,22,001,"Louisiana","Acadia Parish",5,71,540,254,286
050,22,001,"Louisiana","Acadia Parish",5,72,483,230,253
050,22,001,"Louisiana","Acadia Parish",5,73,441,212,229
050,22,001,"Louisiana","Acadia Parish",5,74,449,213,236
050,22,001,"Louisiana","Acadia Parish",5,75,418,199,219
050,22,001,"Louisiana","Acadia Parish",5,76,409,181,228
050,22,001,"Louisiana","Acadia Parish",5,77,275,117,158
050,22,001,"Louisiana","Acadia Parish",5,78,298,121,177
050,22,001,"Louisiana","Acadia Parish",5,79,274,110,164
050,22,001,"Louisiana","Acadia Parish",5,80,274,102,172
050,22,001,"Louisiana","Acadia Parish",5,81,223,96,127
050,22,001,"Louisiana","Acadia Parish",5,82,201,95,106
050,22,001,"Louisiana","Acadia Parish",5,83,179,71,108
050,22,001,"Louisiana","Acadia Parish",5,84,167,68,99
050,22,001,"Louisiana","Acadia Parish",5,85,933,286,647
050,22,003,"Louisiana","Allen Parish",1,0,266,137,129
050,22,003,"Louisiana","Allen Parish",1,1,288,151,137
050,22,003,"Louisiana","Allen Parish",1,2,292,141,151
050,22,003,"Louisiana","Allen Parish",1,3,295,145,150
050,22,003,"Louisiana","Allen Parish",1,4,300,159,141
050,22,003,"Louisiana","Allen Parish",1,5,312,152,160
050,22,003,"Louisiana","Allen Parish",1,6,309,163,146
050,22,003,"Louisiana","Allen Parish",1,7,319,175,144
050,22,003,"Louisiana","Allen Parish",1,8,298,168,130
050,22,003,"Louisiana","Allen Parish",1,9,316,172,144
050,22,003,"Louisiana","Allen Parish",1,10,278,154,124
050,22,003,"Louisiana","Allen Parish",1,11,310,166,144
050,22,003,"Louisiana","Allen Parish",1,12,322,158,164
050,22,003,"Louisiana","Allen Parish",1,13,347,179,168
050,22,003,"Louisiana","Allen Parish",1,14,302,153,149
050,22,003,"Louisiana","Allen Parish",1,15,290,138,152
050,22,003,"Louisiana","Allen Parish",1,16,289,151,138
050,22,003,"Louisiana","Allen Parish",1,17,305,170,135
050,22,003,"Louisiana","Allen Parish",1,18,268,140,128
050,22,003,"Louisiana","Allen Parish",1,19,208,109,99
050,22,003,"Louisiana","Allen Parish",1,20,241,140,101
050,22,003,"Louisiana","Allen Parish",1,21,260,152,108
050,22,003,"Louisiana","Allen Parish",1,22,279,172,107
050,22,003,"Louisiana","Allen Parish",1,23,293,171,122
050,22,003,"Louisiana","Allen Parish",1,24,266,163,103
050,22,003,"Louisiana","Allen Parish",1,25,313,203,110
050,22,003,"Louisiana","Allen Parish",1,26,332,204,128
050,22,003,"Louisiana","Allen Parish",1,27,319,210,109
050,22,003,"Louisiana","Allen Parish",1,28,360,230,130
050,22,003,"Louisiana","Allen Parish",1,29,363,226,137
050,22,003,"Louisiana","Allen Parish",1,30,391,253,138
050,22,003,"Louisiana","Allen Parish",1,31,368,238,130
050,22,003,"Louisiana","Allen Parish",1,32,341,214,127
050,22,003,"Louisiana","Allen Parish",1,33,309,217,92
050,22,003,"Louisiana","Allen Parish",1,34,323,215,108
050,22,003,"Louisiana","Allen Parish",1,35,311,201,110
050,22,003,"Louisiana","Allen Parish",1,36,319,215,104
050,22,003,"Louisiana","Allen Parish",1,37,355,234,121
050,22,003,"Louisiana","Allen Parish",1,38,349,206,143
050,22,003,"Louisiana","Allen Parish",1,39,359,211,148
050,22,003,"Louisiana","Allen Parish",1,40,305,185,120
050,22,003,"Louisiana","Allen Parish",1,41,284,176,108
050,22,003,"Louisiana","Allen Parish",1,42,285,175,110
050,22,003,"Louisiana","Allen Parish",1,43,279,165,114
050,22,003,"Louisiana","Allen Parish",1,44,285,182,103
050,22,003,"Louisiana","Allen Parish",1,45,302,194,108
050,22,003,"Louisiana","Allen Parish",1,46,306,200,106
050,22,003,"Louisiana","Allen Parish",1,47,291,189,102
050,22,003,"Louisiana","Allen Parish",1,48,310,195,115
050,22,003,"Louisiana","Allen Parish",1,49,324,202,122
050,22,003,"Louisiana","Allen Parish",1,50,288,171,117
050,22,003,"Louisiana","Allen Parish",1,51,287,160,127
050,22,003,"Louisiana","Allen Parish",1,52,273,149,124
050,22,003,"Louisiana","Allen Parish",1,53,277,156,121
050,22,003,"Louisiana","Allen Parish",1,54,271,150,121
050,22,003,"Louisiana","Allen Parish",1,55,283,148,135
050,22,003,"Louisiana","Allen Parish",1,56,290,156,134
050,22,003,"Louisiana","Allen Parish",1,57,275,152,123
050,22,003,"Louisiana","Allen Parish",1,58,292,158,134
050,22,003,"Louisiana","Allen Parish",1,59,303,167,136
050,22,003,"Louisiana","Allen Parish",1,60,275,146,129
050,22,003,"Louisiana","Allen Parish",1,61,258,138,120
050,22,003,"Louisiana","Allen Parish",1,62,249,140,109
050,22,003,"Louisiana","Allen Parish",1,63,252,124,128
050,22,003,"Louisiana","Allen Parish",1,64,239,115,124
050,22,003,"Louisiana","Allen Parish",1,65,242,125,117
050,22,003,"Louisiana","Allen Parish",1,66,230,117,113
050,22,003,"Louisiana","Allen Parish",1,67,218,101,117
050,22,003,"Louisiana","Allen Parish",1,68,223,113,110
050,22,003,"Louisiana","Allen Parish",1,69,201,95,106
050,22,003,"Louisiana","Allen Parish",1,70,183,94,89
050,22,003,"Louisiana","Allen Parish",1,71,186,90,96
050,22,003,"Louisiana","Allen Parish",1,72,169,78,91
050,22,003,"Louisiana","Allen Parish",1,73,179,82,97
050,22,003,"Louisiana","Allen Parish",1,74,128,54,74
050,22,003,"Louisiana","Allen Parish",1,75,134,55,79
050,22,003,"Louisiana","Allen Parish",1,76,143,54,89
050,22,003,"Louisiana","Allen Parish",1,77,127,56,71
050,22,003,"Louisiana","Allen Parish",1,78,113,53,60
050,22,003,"Louisiana","Allen Parish",1,79,89,42,47
050,22,003,"Louisiana","Allen Parish",1,80,90,41,49
050,22,003,"Louisiana","Allen Parish",1,81,101,44,57
050,22,003,"Louisiana","Allen Parish",1,82,82,40,42
050,22,003,"Louisiana","Allen Parish",1,83,70,29,41
050,22,003,"Louisiana","Allen Parish",1,84,55,18,37
050,22,003,"Louisiana","Allen Parish",1,85,341,128,213
050,22,003,"Louisiana","Allen Parish",2,0,250,122,128
050,22,003,"Louisiana","Allen Parish",2,1,282,149,133
050,22,003,"Louisiana","Allen Parish",2,2,288,144,144
050,22,003,"Louisiana","Allen Parish",2,3,291,144,147
050,22,003,"Louisiana","Allen Parish",2,4,299,153,146
050,22,003,"Louisiana","Allen Parish",2,5,306,150,156
050,22,003,"Louisiana","Allen Parish",2,6,309,161,148
050,22,003,"Louisiana","Allen Parish",2,7,314,170,144
050,22,003,"Louisiana","Allen Parish",2,8,303,169,134
050,22,003,"Louisiana","Allen Parish",2,9,308,170,138
050,22,003,"Louisiana","Allen Parish",2,10,284,157,127
050,22,003,"Louisiana","Allen Parish",2,11,300,162,138
050,22,003,"Louisiana","Allen Parish",2,12,324,163,161
050,22,003,"Louisiana","Allen Parish",2,13,339,173,166
050,22,003,"Louisiana","Allen Parish",2,14,313,159,154
050,22,003,"Louisiana","Allen Parish",2,15,292,140,152
050,22,003,"Louisiana","Allen Parish",2,16,287,147,140
050,22,003,"Louisiana","Allen Parish",2,17,301,165,136
050,22,003,"Louisiana","Allen Parish",2,18,266,143,123
050,22,003,"Louisiana","Allen Parish",2,19,210,110,100
050,22,003,"Louisiana","Allen Parish",2,20,243,140,103
050,22,003,"Louisiana","Allen Parish",2,21,257,150,107
050,22,003,"Louisiana","Allen Parish",2,22,278,171,107
050,22,003,"Louisiana","Allen Parish",2,23,295,176,119
050,22,003,"Louisiana","Allen Parish",2,24,275,166,109
050,22,003,"Louisiana","Allen Parish",2,25,309,199,110
050,22,003,"Louisiana","Allen Parish",2,26,324,205,119
050,22,003,"Louisiana","Allen Parish",2,27,326,214,112
050,22,003,"Louisiana","Allen Parish",2,28,354,229,125
050,22,003,"Louisiana","Allen Parish",2,29,359,223,136
050,22,003,"Louisiana","Allen Parish",2,30,387,249,138
050,22,003,"Louisiana","Allen Parish",2,31,374,241,133
050,22,003,"Louisiana","Allen Parish",2,32,345,217,128
050,22,003,"Louisiana","Allen Parish",2,33,316,215,101
050,22,003,"Louisiana","Allen Parish",2,34,320,215,105
050,22,003,"Louisiana","Allen Parish",2,35,308,199,109
050,22,003,"Louisiana","Allen Parish",2,36,314,209,105
050,22,003,"Louisiana","Allen Parish",2,37,354,238,116
050,22,003,"Louisiana","Allen Parish",2,38,345,207,138
050,22,003,"Louisiana","Allen Parish",2,39,359,213,146
050,22,003,"Louisiana","Allen Parish",2,40,320,191,129
050,22,003,"Louisiana","Allen Parish",2,41,287,176,111
050,22,003,"Louisiana","Allen Parish",2,42,277,169,108
050,22,003,"Louisiana","Allen Parish",2,43,278,166,112
050,22,003,"Louisiana","Allen Parish",2,44,281,178,103
050,22,003,"Louisiana","Allen Parish",2,45,296,190,106
050,22,003,"Louisiana","Allen Parish",2,46,304,199,105
050,22,003,"Louisiana","Allen Parish",2,47,291,190,101
050,22,003,"Louisiana","Allen Parish",2,48,301,191,110
050,22,003,"Louisiana","Allen Parish",2,49,325,204,121
050,22,003,"Louisiana","Allen Parish",2,50,295,177,118
050,22,003,"Louisiana","Allen Parish",2,51,282,161,121
050,22,003,"Louisiana","Allen Parish",2,52,276,153,123
050,22,003,"Louisiana","Allen Parish",2,53,274,152,122
050,22,003,"Louisiana","Allen Parish",2,54,270,150,120
050,22,003,"Louisiana","Allen Parish",2,55,279,146,133
050,22,003,"Louisiana","Allen Parish",2,56,287,153,134
050,22,003,"Louisiana","Allen Parish",2,57,276,149,127
050,22,003,"Louisiana","Allen Parish",2,58,288,156,132
050,22,003,"Louisiana","Allen Parish",2,59,301,165,136
050,22,003,"Louisiana","Allen Parish",2,60,282,152,130
050,22,003,"Louisiana","Allen Parish",2,61,258,138,120
050,22,003,"Louisiana","Allen Parish",2,62,251,140,111
050,22,003,"Louisiana","Allen Parish",2,63,249,127,122
050,22,003,"Louisiana","Allen Parish",2,64,237,114,123
050,22,003,"Louisiana","Allen Parish",2,65,244,125,119
050,22,003,"Louisiana","Allen Parish",2,66,231,116,115
050,22,003,"Louisiana","Allen Parish",2,67,219,103,116
050,22,003,"Louisiana","Allen Parish",2,68,219,108,111
050,22,003,"Louisiana","Allen Parish",2,69,205,98,107
050,22,003,"Louisiana","Allen Parish",2,70,188,96,92
050,22,003,"Louisiana","Allen Parish",2,71,181,90,91
050,22,003,"Louisiana","Allen Parish",2,72,168,79,89
050,22,003,"Louisiana","Allen Parish",2,73,186,86,100
050,22,003,"Louisiana","Allen Parish",2,74,131,57,74
050,22,003,"Louisiana","Allen Parish",2,75,126,54,72
050,22,003,"Louisiana","Allen Parish",2,76,138,52,86
050,22,003,"Louisiana","Allen Parish",2,77,134,55,79
050,22,003,"Louisiana","Allen Parish",2,78,108,48,60
050,22,003,"Louisiana","Allen Parish",2,79,95,46,49
050,22,003,"Louisiana","Allen Parish",2,80,88,41,47
050,22,003,"Louisiana","Allen Parish",2,81,96,42,54
050,22,003,"Louisiana","Allen Parish",2,82,86,40,46
050,22,003,"Louisiana","Allen Parish",2,83,73,31,42
050,22,003,"Louisiana","Allen Parish",2,84,57,20,37
050,22,003,"Louisiana","Allen Parish",2,85,341,129,212
050,22,003,"Louisiana","Allen Parish",3,0,263,150,113
050,22,003,"Louisiana","Allen Parish",3,1,262,130,132
050,22,003,"Louisiana","Allen Parish",3,2,257,140,117
050,22,003,"Louisiana","Allen Parish",3,3,283,135,148
050,22,003,"Louisiana","Allen Parish",3,4,288,140,148
050,22,003,"Louisiana","Allen Parish",3,5,307,148,159
050,22,003,"Louisiana","Allen Parish",3,6,290,144,146
050,22,003,"Louisiana","Allen Parish",3,7,299,156,143
050,22,003,"Louisiana","Allen Parish",3,8,300,158,142
050,22,003,"Louisiana","Allen Parish",3,9,318,175,143
050,22,003,"Louisiana","Allen Parish",3,10,306,168,138
050,22,003,"Louisiana","Allen Parish",3,11,279,146,133
050,22,003,"Louisiana","Allen Parish",3,12,297,162,135
050,22,003,"Louisiana","Allen Parish",3,13,336,168,168
050,22,003,"Louisiana","Allen Parish",3,14,336,167,169
050,22,003,"Louisiana","Allen Parish",3,15,305,153,152
050,22,003,"Louisiana","Allen Parish",3,16,299,149,150
050,22,003,"Louisiana","Allen Parish",3,17,298,146,152
050,22,003,"Louisiana","Allen Parish",3,18,257,151,106
050,22,003,"Louisiana","Allen Parish",3,19,221,126,95
050,22,003,"Louisiana","Allen Parish",3,20,247,131,116
050,22,003,"Louisiana","Allen Parish",3,21,276,160,116
050,22,003,"Louisiana","Allen Parish",3,22,282,173,109
050,22,003,"Louisiana","Allen Parish",3,23,292,177,115
050,22,003,"Louisiana","Allen Parish",3,24,296,176,120
050,22,003,"Louisiana","Allen Parish",3,25,299,184,115
050,22,003,"Louisiana","Allen Parish",3,26,322,212,110
050,22,003,"Louisiana","Allen Parish",3,27,321,202,119
050,22,003,"Louisiana","Allen Parish",3,28,346,238,108
050,22,003,"Louisiana","Allen Parish",3,29,351,229,122
050,22,003,"Louisiana","Allen Parish",3,30,373,243,130
050,22,003,"Louisiana","Allen Parish",3,31,391,258,133
050,22,003,"Louisiana","Allen Parish",3,32,352,226,126
050,22,003,"Louisiana","Allen Parish",3,33,344,219,125
050,22,003,"Louisiana","Allen Parish",3,34,316,221,95
050,22,003,"Louisiana","Allen Parish",3,35,303,199,104
050,22,003,"Louisiana","Allen Parish",3,36,313,206,107
050,22,003,"Louisiana","Allen Parish",3,37,339,241,98
050,22,003,"Louisiana","Allen Parish",3,38,339,222,117
050,22,003,"Louisiana","Allen Parish",3,39,328,196,132
050,22,003,"Louisiana","Allen Parish",3,40,359,211,148
050,22,003,"Louisiana","Allen Parish",3,41,310,186,124
050,22,003,"Louisiana","Allen Parish",3,42,278,166,112
050,22,003,"Louisiana","Allen Parish",3,43,284,174,110
050,22,003,"Louisiana","Allen Parish",3,44,279,170,109
050,22,003,"Louisiana","Allen Parish",3,45,275,169,106
050,22,003,"Louisiana","Allen Parish",3,46,304,195,109
050,22,003,"Louisiana","Allen Parish",3,47,291,189,102
050,22,003,"Louisiana","Allen Parish",3,48,286,183,103
050,22,003,"Louisiana","Allen Parish",3,49,322,214,108
050,22,003,"Louisiana","Allen Parish",3,50,309,182,127
050,22,003,"Louisiana","Allen Parish",3,51,274,161,113
050,22,003,"Louisiana","Allen Parish",3,52,283,164,119
050,22,003,"Louisiana","Allen Parish",3,53,274,150,124
050,22,003,"Louisiana","Allen Parish",3,54,263,142,121
050,22,003,"Louisiana","Allen Parish",3,55,262,144,118
050,22,003,"Louisiana","Allen Parish",3,56,290,154,136
050,22,003,"Louisiana","Allen Parish",3,57,280,142,138
050,22,003,"Louisiana","Allen Parish",3,58,271,147,124
050,22,003,"Louisiana","Allen Parish",3,59,284,157,127
050,22,003,"Louisiana","Allen Parish",3,60,291,158,133
050,22,003,"Louisiana","Allen Parish",3,61,271,145,126
050,22,003,"Louisiana","Allen Parish",3,62,249,133,116
050,22,003,"Louisiana","Allen Parish",3,63,240,130,110
050,22,003,"Louisiana","Allen Parish",3,64,241,122,119
050,22,003,"Louisiana","Allen Parish",3,65,238,112,126
050,22,003,"Louisiana","Allen Parish",3,66,232,116,116
050,22,003,"Louisiana","Allen Parish",3,67,224,111,113
050,22,003,"Louisiana","Allen Parish",3,68,211,101,110
050,22,003,"Louisiana","Allen Parish",3,69,214,105,109
050,22,003,"Louisiana","Allen Parish",3,70,204,98,106
050,22,003,"Louisiana","Allen Parish",3,71,175,92,83
050,22,003,"Louisiana","Allen Parish",3,72,166,81,85
050,22,003,"Louisiana","Allen Parish",3,73,154,70,84
050,22,003,"Louisiana","Allen Parish",3,74,174,79,95
050,22,003,"Louisiana","Allen Parish",3,75,120,54,66
050,22,003,"Louisiana","Allen Parish",3,76,115,49,66
050,22,003,"Louisiana","Allen Parish",3,77,137,49,88
050,22,003,"Louisiana","Allen Parish",3,78,123,53,70
050,22,003,"Louisiana","Allen Parish",3,79,97,42,55
050,22,003,"Louisiana","Allen Parish",3,80,85,45,40
050,22,003,"Louisiana","Allen Parish",3,81,78,39,39
050,22,003,"Louisiana","Allen Parish",3,82,85,36,49
050,22,003,"Louisiana","Allen Parish",3,83,78,35,43
050,22,003,"Louisiana","Allen Parish",3,84,65,27,38
050,22,003,"Louisiana","Allen Parish",3,85,312,120,192
050,22,003,"Louisiana","Allen Parish",4,0,234,122,112
050,22,003,"Louisiana","Allen Parish",4,1,279,156,123
050,22,003,"Louisiana","Allen Parish",4,2,264,131,133
050,22,003,"Louisiana","Allen Parish",4,3,253,140,113
050,22,003,"Louisiana","Allen Parish",4,4,264,135,129
050,22,003,"Louisiana","Allen Parish",4,5,278,139,139
050,22,003,"Louisiana","Allen Parish",4,6,305,154,151
050,22,003,"Louisiana","Allen Parish",4,7,297,144,153
050,22,003,"Louisiana","Allen Parish",4,8,295,160,135
050,22,003,"Louisiana","Allen Parish",4,9,289,155,134
050,22,003,"Louisiana","Allen Parish",4,10,306,164,142
050,22,003,"Louisiana","Allen Parish",4,11,298,163,135
050,22,003,"Louisiana","Allen Parish",4,12,279,150,129
050,22,003,"Louisiana","Allen Parish",4,13,291,148,143
050,22,003,"Louisiana","Allen Parish",4,14,325,165,160
050,22,003,"Louisiana","Allen Parish",4,15,329,163,166
050,22,003,"Louisiana","Allen Parish",4,16,307,155,152
050,22,003,"Louisiana","Allen Parish",4,17,298,144,154
050,22,003,"Louisiana","Allen Parish",4,18,250,134,116
050,22,003,"Louisiana","Allen Parish",4,19,186,104,82
050,22,003,"Louisiana","Allen Parish",4,20,251,154,97
050,22,003,"Louisiana","Allen Parish",4,21,261,137,124
050,22,003,"Louisiana","Allen Parish",4,22,293,175,118
050,22,003,"Louisiana","Allen Parish",4,23,302,181,121
050,22,003,"Louisiana","Allen Parish",4,24,284,167,117
050,22,003,"Louisiana","Allen Parish",4,25,306,187,119
050,22,003,"Louisiana","Allen Parish",4,26,304,193,111
050,22,003,"Louisiana","Allen Parish",4,27,328,214,114
050,22,003,"Louisiana","Allen Parish",4,28,342,224,118
050,22,003,"Louisiana","Allen Parish",4,29,322,216,106
050,22,003,"Louisiana","Allen Parish",4,30,378,254,124
050,22,003,"Louisiana","Allen Parish",4,31,367,244,123
050,22,003,"Louisiana","Allen Parish",4,32,376,247,129
050,22,003,"Louisiana","Allen Parish",4,33,350,220,130
050,22,003,"Louisiana","Allen Parish",4,34,340,219,121
050,22,003,"Louisiana","Allen Parish",4,35,284,191,93
050,22,003,"Louisiana","Allen Parish",4,36,293,186,107
050,22,003,"Louisiana","Allen Parish",4,37,333,228,105
050,22,003,"Louisiana","Allen Parish",4,38,318,217,101
050,22,003,"Louisiana","Allen Parish",4,39,345,230,115
050,22,003,"Louisiana","Allen Parish",4,40,318,186,132
050,22,003,"Louisiana","Allen Parish",4,41,358,212,146
050,22,003,"Louisiana","Allen Parish",4,42,302,174,128
050,22,003,"Louisiana","Allen Parish",4,43,268,163,105
050,22,003,"Louisiana","Allen Parish",4,44,289,180,109
050,22,003,"Louisiana","Allen Parish",4,45,269,170,99
050,22,003,"Louisiana","Allen Parish",4,46,279,178,101
050,22,003,"Louisiana","Allen Parish",4,47,294,191,103
050,22,003,"Louisiana","Allen Parish",4,48,278,179,99
050,22,003,"Louisiana","Allen Parish",4,49,298,196,102
050,22,003,"Louisiana","Allen Parish",4,50,300,187,113
050,22,003,"Louisiana","Allen Parish",4,51,297,171,126
050,22,003,"Louisiana","Allen Parish",4,52,265,157,108
050,22,003,"Louisiana","Allen Parish",4,53,277,161,116
050,22,003,"Louisiana","Allen Parish",4,54,258,137,121
050,22,003,"Louisiana","Allen Parish",4,55,257,138,119
050,22,003,"Louisiana","Allen Parish",4,56,261,154,107
050,22,003,"Louisiana","Allen Parish",4,57,282,146,136
050,22,003,"Louisiana","Allen Parish",4,58,273,140,133
050,22,003,"Louisiana","Allen Parish",4,59,267,139,128
050,22,003,"Louisiana","Allen Parish",4,60,273,146,127
050,22,003,"Louisiana","Allen Parish",4,61,268,143,125
050,22,003,"Louisiana","Allen Parish",4,62,265,137,128
050,22,003,"Louisiana","Allen Parish",4,63,240,129,111
050,22,003,"Louisiana","Allen Parish",4,64,225,119,106
050,22,003,"Louisiana","Allen Parish",4,65,246,125,121
050,22,003,"Louisiana","Allen Parish",4,66,221,97,124
050,22,003,"Louisiana","Allen Parish",4,67,233,113,120
050,22,003,"Louisiana","Allen Parish",4,68,221,110,111
050,22,003,"Louisiana","Allen Parish",4,69,209,99,110
050,22,003,"Louisiana","Allen Parish",4,70,213,104,109
050,22,003,"Louisiana","Allen Parish",4,71,188,89,99
050,22,003,"Louisiana","Allen Parish",4,72,165,86,79
050,22,003,"Louisiana","Allen Parish",4,73,166,80,86
050,22,003,"Louisiana","Allen Parish",4,74,144,64,80
050,22,003,"Louisiana","Allen Parish",4,75,167,74,93
050,22,003,"Louisiana","Allen Parish",4,76,111,50,61
050,22,003,"Louisiana","Allen Parish",4,77,111,49,62
050,22,003,"Louisiana","Allen Parish",4,78,128,46,82
050,22,003,"Louisiana","Allen Parish",4,79,112,46,66
050,22,003,"Louisiana","Allen Parish",4,80,93,42,51
050,22,003,"Louisiana","Allen Parish",4,81,79,42,37
050,22,003,"Louisiana","Allen Parish",4,82,58,33,25
050,22,003,"Louisiana","Allen Parish",4,83,81,33,48
050,22,003,"Louisiana","Allen Parish",4,84,67,30,37
050,22,003,"Louisiana","Allen Parish",4,85,309,122,187
050,22,003,"Louisiana","Allen Parish",5,0,235,123,112
050,22,003,"Louisiana","Allen Parish",5,1,235,122,113
050,22,003,"Louisiana","Allen Parish",5,2,272,141,131
050,22,003,"Louisiana","Allen Parish",5,3,260,128,132
050,22,003,"Louisiana","Allen Parish",5,4,255,142,113
050,22,003,"Louisiana","Allen Parish",5,5,283,149,134
050,22,003,"Louisiana","Allen Parish",5,6,293,145,148
050,22,003,"Louisiana","Allen Parish",5,7,315,153,162
050,22,003,"Louisiana","Allen Parish",5,8,283,133,150
050,22,003,"Louisiana","Allen Parish",5,9,294,159,135
050,22,003,"Louisiana","Allen Parish",5,10,296,160,136
050,22,003,"Louisiana","Allen Parish",5,11,278,143,135
050,22,003,"Louisiana","Allen Parish",5,12,292,157,135
050,22,003,"Louisiana","Allen Parish",5,13,267,146,121
050,22,003,"Louisiana","Allen Parish",5,14,290,155,135
050,22,003,"Louisiana","Allen Parish",5,15,314,157,157
050,22,003,"Louisiana","Allen Parish",5,16,323,161,162
050,22,003,"Louisiana","Allen Parish",5,17,302,151,151
050,22,003,"Louisiana","Allen Parish",5,18,248,128,120
050,22,003,"Louisiana","Allen Parish",5,19,206,113,93
050,22,003,"Louisiana","Allen Parish",5,20,226,137,89
050,22,003,"Louisiana","Allen Parish",5,21,268,160,108
050,22,003,"Louisiana","Allen Parish",5,22,266,155,111
050,22,003,"Louisiana","Allen Parish",5,23,309,184,125
050,22,003,"Louisiana","Allen Parish",5,24,302,186,116
050,22,003,"Louisiana","Allen Parish",5,25,301,183,118
050,22,003,"Louisiana","Allen Parish",5,26,320,198,122
050,22,003,"Louisiana","Allen Parish",5,27,315,204,111
050,22,003,"Louisiana","Allen Parish",5,28,338,220,118
050,22,003,"Louisiana","Allen Parish",5,29,319,209,110
050,22,003,"Louisiana","Allen Parish",5,30,338,239,99
050,22,003,"Louisiana","Allen Parish",5,31,367,239,128
050,22,003,"Louisiana","Allen Parish",5,32,347,222,125
050,22,003,"Louisiana","Allen Parish",5,33,382,253,129
050,22,003,"Louisiana","Allen Parish",5,34,345,214,131
050,22,003,"Louisiana","Allen Parish",5,35,320,193,127
050,22,003,"Louisiana","Allen Parish",5,36,284,197,87
050,22,003,"Louisiana","Allen Parish",5,37,312,209,103
050,22,003,"Louisiana","Allen Parish",5,38,303,202,101
050,22,003,"Louisiana","Allen Parish",5,39,331,234,97
050,22,003,"Louisiana","Allen Parish",5,40,338,220,118
050,22,003,"Louisiana","Allen Parish",5,41,309,178,131
050,22,003,"Louisiana","Allen Parish",5,42,369,216,153
050,22,003,"Louisiana","Allen Parish",5,43,307,179,128
050,22,003,"Louisiana","Allen Parish",5,44,272,169,103
050,22,003,"Louisiana","Allen Parish",5,45,287,172,115
050,22,003,"Louisiana","Allen Parish",5,46,272,174,98
050,22,003,"Louisiana","Allen Parish",5,47,267,170,97
050,22,003,"Louisiana","Allen Parish",5,48,284,183,101
050,22,003,"Louisiana","Allen Parish",5,49,293,193,100
050,22,003,"Louisiana","Allen Parish",5,50,254,155,99
050,22,003,"Louisiana","Allen Parish",5,51,293,176,117
050,22,003,"Louisiana","Allen Parish",5,52,306,180,126
050,22,003,"Louisiana","Allen Parish",5,53,260,155,105
050,22,003,"Louisiana","Allen Parish",5,54,268,153,115
050,22,003,"Louisiana","Allen Parish",5,55,252,132,120
050,22,003,"Louisiana","Allen Parish",5,56,258,141,117
050,22,003,"Louisiana","Allen Parish",5,57,256,146,110
050,22,003,"Louisiana","Allen Parish",5,58,271,139,132
050,22,003,"Louisiana","Allen Parish",5,59,261,134,127
050,22,003,"Louisiana","Allen Parish",5,60,260,135,125
050,22,003,"Louisiana","Allen Parish",5,61,260,137,123
050,22,003,"Louisiana","Allen Parish",5,62,262,138,124
050,22,003,"Louisiana","Allen Parish",5,63,255,129,126
050,22,003,"Louisiana","Allen Parish",5,64,235,124,111
050,22,003,"Louisiana","Allen Parish",5,65,229,119,110
050,22,003,"Louisiana","Allen Parish",5,66,235,115,120
050,22,003,"Louisiana","Allen Parish",5,67,216,93,123
050,22,003,"Louisiana","Allen Parish",5,68,232,112,120
050,22,003,"Louisiana","Allen Parish",5,69,215,106,109
050,22,003,"Louisiana","Allen Parish",5,70,204,99,105
050,22,003,"Louisiana","Allen Parish",5,71,204,97,107
050,22,003,"Louisiana","Allen Parish",5,72,178,85,93
050,22,003,"Louisiana","Allen Parish",5,73,161,85,76
050,22,003,"Louisiana","Allen Parish",5,74,152,71,81
050,22,003,"Louisiana","Allen Parish",5,75,133,57,76
050,22,003,"Louisiana","Allen Parish",5,76,158,69,89
050,22,003,"Louisiana","Allen Parish",5,77,108,48,60
050,22,003,"Louisiana","Allen Parish",5,78,101,45,56
050,22,003,"Louisiana","Allen Parish",5,79,115,39,76
050,22,003,"Louisiana","Allen Parish",5,80,109,48,61
050,22,003,"Louisiana","Allen Parish",5,81,85,40,45
050,22,003,"Louisiana","Allen Parish",5,82,64,35,29
050,22,003,"Louisiana","Allen Parish",5,83,54,31,23
050,22,003,"Louisiana","Allen Parish",5,84,68,29,39
050,22,003,"Louisiana","Allen Parish",5,85,308,126,182
050,22,005,"Louisiana","Ascension Parish",1,0,1636,832,804
050,22,005,"Louisiana","Ascension Parish",1,1,1630,805,825
050,22,005,"Louisiana","Ascension Parish",1,2,1811,924,887
050,22,005,"Louisiana","Ascension Parish",1,3,1817,913,904
050,22,005,"Louisiana","Ascension Parish",1,4,1863,944,919
050,22,005,"Louisiana","Ascension Parish",1,5,1841,922,919
050,22,005,"Louisiana","Ascension Parish",1,6,1917,986,931
050,22,005,"Louisiana","Ascension Parish",1,7,1841,963,878
050,22,005,"Louisiana","Ascension Parish",1,8,1886,996,890
050,22,005,"Louisiana","Ascension Parish",1,9,1919,995,924
050,22,005,"Louisiana","Ascension Parish",1,10,1964,1026,938
050,22,005,"Louisiana","Ascension Parish",1,11,2053,1062,991
050,22,005,"Louisiana","Ascension Parish",1,12,2108,1099,1009
050,22,005,"Louisiana","Ascension Parish",1,13,2053,1064,989
050,22,005,"Louisiana","Ascension Parish",1,14,1950,981,969
050,22,005,"Louisiana","Ascension Parish",1,15,1972,1012,960
050,22,005,"Louisiana","Ascension Parish",1,16,2024,1040,984
050,22,005,"Louisiana","Ascension Parish",1,17,1910,973,937
050,22,005,"Louisiana","Ascension Parish",1,18,1587,814,773
050,22,005,"Louisiana","Ascension Parish",1,19,1335,701,634
050,22,005,"Louisiana","Ascension Parish",1,20,1399,743,656
050,22,005,"Louisiana","Ascension Parish",1,21,1384,704,680
050,22,005,"Louisiana","Ascension Parish",1,22,1379,687,692
050,22,005,"Louisiana","Ascension Parish",1,23,1471,742,729
050,22,005,"Louisiana","Ascension Parish",1,24,1471,770,701
050,22,005,"Louisiana","Ascension Parish",1,25,1464,752,712
050,22,005,"Louisiana","Ascension Parish",1,26,1596,781,815
050,22,005,"Louisiana","Ascension Parish",1,27,1605,793,812
050,22,005,"Louisiana","Ascension Parish",1,28,1675,806,869
050,22,005,"Louisiana","Ascension Parish",1,29,1763,820,943
050,22,005,"Louisiana","Ascension Parish",1,30,1740,842,898
050,22,005,"Louisiana","Ascension Parish",1,31,1776,875,901
050,22,005,"Louisiana","Ascension Parish",1,32,1769,905,864
050,22,005,"Louisiana","Ascension Parish",1,33,1783,882,901
050,22,005,"Louisiana","Ascension Parish",1,34,1905,922,983
050,22,005,"Louisiana","Ascension Parish",1,35,1955,961,994
050,22,005,"Louisiana","Ascension Parish",1,36,1929,938,991
050,22,005,"Louisiana","Ascension Parish",1,37,2008,982,1026
050,22,005,"Louisiana","Ascension Parish",1,38,1946,958,988
050,22,005,"Louisiana","Ascension Parish",1,39,1957,969,988
050,22,005,"Louisiana","Ascension Parish",1,40,1845,902,943
050,22,005,"Louisiana","Ascension Parish",1,41,1761,849,912
050,22,005,"Louisiana","Ascension Parish",1,42,1730,819,911
050,22,005,"Louisiana","Ascension Parish",1,43,1694,833,861
050,22,005,"Louisiana","Ascension Parish",1,44,1612,778,834
050,22,005,"Louisiana","Ascension Parish",1,45,1523,755,768
050,22,005,"Louisiana","Ascension Parish",1,46,1577,775,802
050,22,005,"Louisiana","Ascension Parish",1,47,1617,808,809
050,22,005,"Louisiana","Ascension Parish",1,48,1701,853,848
050,22,005,"Louisiana","Ascension Parish",1,49,1810,909,901
050,22,005,"Louisiana","Ascension Parish",1,50,1727,835,892
050,22,005,"Louisiana","Ascension Parish",1,51,1672,841,831
050,22,005,"Louisiana","Ascension Parish",1,52,1608,809,799
050,22,005,"Louisiana","Ascension Parish",1,53,1646,801,845
050,22,005,"Louisiana","Ascension Parish",1,54,1586,806,780
050,22,005,"Louisiana","Ascension Parish",1,55,1641,814,827
050,22,005,"Louisiana","Ascension Parish",1,56,1684,847,837
050,22,005,"Louisiana","Ascension Parish",1,57,1604,812,792
050,22,005,"Louisiana","Ascension Parish",1,58,1580,797,783
050,22,005,"Louisiana","Ascension Parish",1,59,1489,745,744
050,22,005,"Louisiana","Ascension Parish",1,60,1476,730,746
050,22,005,"Louisiana","Ascension Parish",1,61,1437,707,730
050,22,005,"Louisiana","Ascension Parish",1,62,1382,671,711
050,22,005,"Louisiana","Ascension Parish",1,63,1351,661,690
050,22,005,"Louisiana","Ascension Parish",1,64,1276,634,642
050,22,005,"Louisiana","Ascension Parish",1,65,1266,621,645
050,22,005,"Louisiana","Ascension Parish",1,66,1175,582,593
050,22,005,"Louisiana","Ascension Parish",1,67,1103,522,581
050,22,005,"Louisiana","Ascension Parish",1,68,1113,516,597
050,22,005,"Louisiana","Ascension Parish",1,69,996,479,517
050,22,005,"Louisiana","Ascension Parish",1,70,949,455,494
050,22,005,"Louisiana","Ascension Parish",1,71,883,425,458
050,22,005,"Louisiana","Ascension Parish",1,72,923,447,476
050,22,005,"Louisiana","Ascension Parish",1,73,900,444,456
050,22,005,"Louisiana","Ascension Parish",1,74,594,289,305
050,22,005,"Louisiana","Ascension Parish",1,75,633,277,356
050,22,005,"Louisiana","Ascension Parish",1,76,590,261,329
050,22,005,"Louisiana","Ascension Parish",1,77,609,263,346
050,22,005,"Louisiana","Ascension Parish",1,78,526,211,315
050,22,005,"Louisiana","Ascension Parish",1,79,475,188,287
050,22,005,"Louisiana","Ascension Parish",1,80,377,170,207
050,22,005,"Louisiana","Ascension Parish",1,81,327,152,175
050,22,005,"Louisiana","Ascension Parish",1,82,289,116,173
050,22,005,"Louisiana","Ascension Parish",1,83,244,100,144
050,22,005,"Louisiana","Ascension Parish",1,84,214,93,121
050,22,005,"Louisiana","Ascension Parish",1,85,1192,423,769
050,22,005,"Louisiana","Ascension Parish",2,0,1635,815,820
050,22,005,"Louisiana","Ascension Parish",2,1,1644,819,825
050,22,005,"Louisiana","Ascension Parish",2,2,1774,898,876
050,22,005,"Louisiana","Ascension Parish",2,3,1821,920,901
050,22,005,"Louisiana","Ascension Parish",2,4,1868,942,926
050,22,005,"Louisiana","Ascension Parish",2,5,1864,937,927
050,22,005,"Louisiana","Ascension Parish",2,6,1912,978,934
050,22,005,"Louisiana","Ascension Parish",2,7,1869,975,894
050,22,005,"Louisiana","Ascension Parish",2,8,1878,992,886
050,22,005,"Louisiana","Ascension Parish",2,9,1916,1002,914
050,22,005,"Louisiana","Ascension Parish",2,10,1960,1022,938
050,22,005,"Louisiana","Ascension Parish",2,11,2032,1054,978
050,22,005,"Louisiana","Ascension Parish",2,12,2115,1103,1012
050,22,005,"Louisiana","Ascension Parish",2,13,2063,1072,991
050,22,005,"Louisiana","Ascension Parish",2,14,1978,1003,975
050,22,005,"Louisiana","Ascension Parish",2,15,1977,1010,967
050,22,005,"Louisiana","Ascension Parish",2,16,2020,1037,983
050,22,005,"Louisiana","Ascension Parish",2,17,1938,991,947
050,22,005,"Louisiana","Ascension Parish",2,18,1588,821,767
050,22,005,"Louisiana","Ascension Parish",2,19,1336,696,640
050,22,005,"Louisiana","Ascension Parish",2,20,1418,748,670
050,22,005,"Louisiana","Ascension Parish",2,21,1404,724,680
050,22,005,"Louisiana","Ascension Parish",2,22,1393,694,699
050,22,005,"Louisiana","Ascension Parish",2,23,1471,744,727
050,22,005,"Louisiana","Ascension Parish",2,24,1465,756,709
050,22,005,"Louisiana","Ascension Parish",2,25,1483,763,720
050,22,005,"Louisiana","Ascension Parish",2,26,1569,773,796
050,22,005,"Louisiana","Ascension Parish",2,27,1614,794,820
050,22,005,"Louisiana","Ascension Parish",2,28,1674,810,864
050,22,005,"Louisiana","Ascension Parish",2,29,1747,816,931
050,22,005,"Louisiana","Ascension Parish",2,30,1774,851,923
050,22,005,"Louisiana","Ascension Parish",2,31,1779,875,904
050,22,005,"Louisiana","Ascension Parish",2,32,1780,901,879
050,22,005,"Louisiana","Ascension Parish",2,33,1789,890,899
050,22,005,"Louisiana","Ascension Parish",2,34,1900,925,975
050,22,005,"Louisiana","Ascension Parish",2,35,1965,963,1002
050,22,005,"Louisiana","Ascension Parish",2,36,1941,946,995
050,22,005,"Louisiana","Ascension Parish",2,37,2001,974,1027
050,22,005,"Louisiana","Ascension Parish",2,38,1975,969,1006
050,22,005,"Louisiana","Ascension Parish",2,39,1948,964,984
050,22,005,"Louisiana","Ascension Parish",2,40,1889,926,963
050,22,005,"Louisiana","Ascension Parish",2,41,1779,859,920
050,22,005,"Louisiana","Ascension Parish",2,42,1737,826,911
050,22,005,"Louisiana","Ascension Parish",2,43,1725,840,885
050,22,005,"Louisiana","Ascension Parish",2,44,1624,791,833
050,22,005,"Louisiana","Ascension Parish",2,45,1556,766,790
050,22,005,"Louisiana","Ascension Parish",2,46,1556,765,791
050,22,005,"Louisiana","Ascension Parish",2,47,1601,799,802
050,22,005,"Louisiana","Ascension Parish",2,48,1680,841,839
050,22,005,"Louisiana","Ascension Parish",2,49,1782,894,888
050,22,005,"Louisiana","Ascension Parish",2,50,1749,855,894
050,22,005,"Louisiana","Ascension Parish",2,51,1674,835,839
050,22,005,"Louisiana","Ascension Parish",2,52,1622,815,807
050,22,005,"Louisiana","Ascension Parish",2,53,1625,801,824
050,22,005,"Louisiana","Ascension Parish",2,54,1599,806,793
050,22,005,"Louisiana","Ascension Parish",2,55,1631,813,818
050,22,005,"Louisiana","Ascension Parish",2,56,1669,836,833
050,22,005,"Louisiana","Ascension Parish",2,57,1626,820,806
050,22,005,"Louisiana","Ascension Parish",2,58,1586,800,786
050,22,005,"Louisiana","Ascension Parish",2,59,1518,760,758
050,22,005,"Louisiana","Ascension Parish",2,60,1478,730,748
050,22,005,"Louisiana","Ascension Parish",2,61,1438,708,730
050,22,005,"Louisiana","Ascension Parish",2,62,1387,674,713
050,22,005,"Louisiana","Ascension Parish",2,63,1363,664,699
050,22,005,"Louisiana","Ascension Parish",2,64,1282,635,647
050,22,005,"Louisiana","Ascension Parish",2,65,1266,622,644
050,22,005,"Louisiana","Ascension Parish",2,66,1198,591,607
050,22,005,"Louisiana","Ascension Parish",2,67,1115,531,584
050,22,005,"Louisiana","Ascension Parish",2,68,1102,512,590
050,22,005,"Louisiana","Ascension Parish",2,69,1024,486,538
050,22,005,"Louisiana","Ascension Parish",2,70,958,459,499
050,22,005,"Louisiana","Ascension Parish",2,71,900,433,467
050,22,005,"Louisiana","Ascension Parish",2,72,894,431,463
050,22,005,"Louisiana","Ascension Parish",2,73,947,465,482
050,22,005,"Louisiana","Ascension Parish",2,74,629,306,323
050,22,005,"Louisiana","Ascension Parish",2,75,618,276,342
050,22,005,"Louisiana","Ascension Parish",2,76,590,257,333
050,22,005,"Louisiana","Ascension Parish",2,77,613,265,348
050,22,005,"Louisiana","Ascension Parish",2,78,528,217,311
050,22,005,"Louisiana","Ascension Parish",2,79,478,192,286
050,22,005,"Louisiana","Ascension Parish",2,80,395,174,221
050,22,005,"Louisiana","Ascension Parish",2,81,327,153,174
050,22,005,"Louisiana","Ascension Parish",2,82,294,123,171
050,22,005,"Louisiana","Ascension Parish",2,83,242,100,142
050,22,005,"Louisiana","Ascension Parish",2,84,219,94,125
050,22,005,"Louisiana","Ascension Parish",2,85,1187,424,763
050,22,005,"Louisiana","Ascension Parish",3,0,1665,833,832
050,22,005,"Louisiana","Ascension Parish",3,1,1649,866,783
050,22,005,"Louisiana","Ascension Parish",3,2,1707,848,859
050,22,005,"Louisiana","Ascension Parish",3,3,1806,895,911
050,22,005,"Louisiana","Ascension Parish",3,4,1858,926,932
050,22,005,"Louisiana","Ascension Parish",3,5,1905,965,940
050,22,005,"Louisiana","Ascension Parish",3,6,1922,968,954
050,22,005,"Louisiana","Ascension Parish",3,7,1915,986,929
050,22,005,"Louisiana","Ascension Parish",3,8,1875,984,891
050,22,005,"Louisiana","Ascension Parish",3,9,1896,996,900
050,22,005,"Louisiana","Ascension Parish",3,10,1939,996,943
050,22,005,"Louisiana","Ascension Parish",3,11,1966,1025,941
050,22,005,"Louisiana","Ascension Parish",3,12,2007,1032,975
050,22,005,"Louisiana","Ascension Parish",3,13,2136,1101,1035
050,22,005,"Louisiana","Ascension Parish",3,14,2058,1074,984
050,22,005,"Louisiana","Ascension Parish",3,15,1995,1017,978
050,22,005,"Louisiana","Ascension Parish",3,16,1968,999,969
050,22,005,"Louisiana","Ascension Parish",3,17,2014,1020,994
050,22,005,"Louisiana","Ascension Parish",3,18,1661,870,791
050,22,005,"Louisiana","Ascension Parish",3,19,1328,701,627
050,22,005,"Louisiana","Ascension Parish",3,20,1405,717,688
050,22,005,"Louisiana","Ascension Parish",3,21,1501,793,708
050,22,005,"Louisiana","Ascension Parish",3,22,1464,741,723
050,22,005,"Louisiana","Ascension Parish",3,23,1475,737,738
050,22,005,"Louisiana","Ascension Parish",3,24,1497,755,742
050,22,005,"Louisiana","Ascension Parish",3,25,1487,760,727
050,22,005,"Louisiana","Ascension Parish",3,26,1521,748,773
050,22,005,"Louisiana","Ascension Parish",3,27,1625,793,832
050,22,005,"Louisiana","Ascension Parish",3,28,1670,819,851
050,22,005,"Louisiana","Ascension Parish",3,29,1683,782,901
050,22,005,"Louisiana","Ascension Parish",3,30,1778,834,944
050,22,005,"Louisiana","Ascension Parish",3,31,1822,876,946
050,22,005,"Louisiana","Ascension Parish",3,32,1814,865,949
050,22,005,"Louisiana","Ascension Parish",3,33,1793,913,880
050,22,005,"Louisiana","Ascension Parish",3,34,1818,879,939
050,22,005,"Louisiana","Ascension Parish",3,35,1950,958,992
050,22,005,"Louisiana","Ascension Parish",3,36,1985,983,1002
050,22,005,"Louisiana","Ascension Parish",3,37,1979,954,1025
050,22,005,"Louisiana","Ascension Parish",3,38,2055,1000,1055
050,22,005,"Louisiana","Ascension Parish",3,39,2000,985,1015
050,22,005,"Louisiana","Ascension Parish",3,40,1961,959,1002
050,22,005,"Louisiana","Ascension Parish",3,41,1880,922,958
050,22,005,"Louisiana","Ascension Parish",3,42,1812,885,927
050,22,005,"Louisiana","Ascension Parish",3,43,1727,820,907
050,22,005,"Louisiana","Ascension Parish",3,44,1737,855,882
050,22,005,"Louisiana","Ascension Parish",3,45,1627,788,839
050,22,005,"Louisiana","Ascension Parish",3,46,1547,774,773
050,22,005,"Louisiana","Ascension Parish",3,47,1541,759,782
050,22,005,"Louisiana","Ascension Parish",3,48,1596,792,804
050,22,005,"Louisiana","Ascension Parish",3,49,1659,840,819
050,22,005,"Louisiana","Ascension Parish",3,50,1788,888,900
050,22,005,"Louisiana","Ascension Parish",3,51,1715,832,883
050,22,005,"Louisiana","Ascension Parish",3,52,1673,827,846
050,22,005,"Louisiana","Ascension Parish",3,53,1604,805,799
050,22,005,"Louisiana","Ascension Parish",3,54,1630,808,822
050,22,005,"Louisiana","Ascension Parish",3,55,1603,790,813
050,22,005,"Louisiana","Ascension Parish",3,56,1605,813,792
050,22,005,"Louisiana","Ascension Parish",3,57,1671,823,848
050,22,005,"Louisiana","Ascension Parish",3,58,1608,825,783
050,22,005,"Louisiana","Ascension Parish",3,59,1580,788,792
050,22,005,"Louisiana","Ascension Parish",3,60,1515,751,764
050,22,005,"Louisiana","Ascension Parish",3,61,1466,723,743
050,22,005,"Louisiana","Ascension Parish",3,62,1416,701,715
050,22,005,"Louisiana","Ascension Parish",3,63,1365,662,703
050,22,005,"Louisiana","Ascension Parish",3,64,1341,655,686
050,22,005,"Louisiana","Ascension Parish",3,65,1264,624,640
050,22,005,"Louisiana","Ascension Parish",3,66,1261,625,636
050,22,005,"Louisiana","Ascension Parish",3,67,1179,580,599
050,22,005,"Louisiana","Ascension Parish",3,68,1112,519,593
050,22,005,"Louisiana","Ascension Parish",3,69,1082,501,581
050,22,005,"Louisiana","Ascension Parish",3,70,1018,483,535
050,22,005,"Louisiana","Ascension Parish",3,71,937,449,488
050,22,005,"Louisiana","Ascension Parish",3,72,887,426,461
050,22,005,"Louisiana","Ascension Parish",3,73,904,428,476
050,22,005,"Louisiana","Ascension Parish",3,74,946,458,488
050,22,005,"Louisiana","Ascension Parish",3,75,618,296,322
050,22,005,"Louisiana","Ascension Parish",3,76,591,263,328
050,22,005,"Louisiana","Ascension Parish",3,77,573,248,325
050,22,005,"Louisiana","Ascension Parish",3,78,589,252,337
050,22,005,"Louisiana","Ascension Parish",3,79,502,200,302
050,22,005,"Louisiana","Ascension Parish",3,80,466,187,279
050,22,005,"Louisiana","Ascension Parish",3,81,351,159,192
050,22,005,"Louisiana","Ascension Parish",3,82,308,140,168
050,22,005,"Louisiana","Ascension Parish",3,83,269,113,156
050,22,005,"Louisiana","Ascension Parish",3,84,229,95,134
050,22,005,"Louisiana","Ascension Parish",3,85,1226,437,789
050,22,005,"Louisiana","Ascension Parish",4,0,1647,843,804
050,22,005,"Louisiana","Ascension Parish",4,1,1723,852,871
050,22,005,"Louisiana","Ascension Parish",4,2,1719,899,820
050,22,005,"Louisiana","Ascension Parish",4,3,1700,850,850
050,22,005,"Louisiana","Ascension Parish",4,4,1829,903,926
050,22,005,"Louisiana","Ascension Parish",4,5,1906,961,945
050,22,005,"Louisiana","Ascension Parish",4,6,1917,958,959
050,22,005,"Louisiana","Ascension Parish",4,7,1915,973,942
050,22,005,"Louisiana","Ascension Parish",4,8,1969,1003,966
050,22,005,"Louisiana","Ascension Parish",4,9,1910,966,944
050,22,005,"Louisiana","Ascension Parish",4,10,1932,1010,922
050,22,005,"Louisiana","Ascension Parish",4,11,1979,1025,954
050,22,005,"Louisiana","Ascension Parish",4,12,1999,1035,964
050,22,005,"Louisiana","Ascension Parish",4,13,2066,1052,1014
050,22,005,"Louisiana","Ascension Parish",4,14,2190,1133,1057
050,22,005,"Louisiana","Ascension Parish",4,15,2092,1107,985
050,22,005,"Louisiana","Ascension Parish",4,16,2016,1021,995
050,22,005,"Louisiana","Ascension Parish",4,17,1962,1003,959
050,22,005,"Louisiana","Ascension Parish",4,18,1732,912,820
050,22,005,"Louisiana","Ascension Parish",4,19,1334,690,644
050,22,005,"Louisiana","Ascension Parish",4,20,1371,713,658
050,22,005,"Louisiana","Ascension Parish",4,21,1490,748,742
050,22,005,"Louisiana","Ascension Parish",4,22,1571,811,760
050,22,005,"Louisiana","Ascension Parish",4,23,1520,781,739
050,22,005,"Louisiana","Ascension Parish",4,24,1459,717,742
050,22,005,"Louisiana","Ascension Parish",4,25,1512,767,745
050,22,005,"Louisiana","Ascension Parish",4,26,1475,749,726
050,22,005,"Louisiana","Ascension Parish",4,27,1562,778,784
050,22,005,"Louisiana","Ascension Parish",4,28,1705,832,873
050,22,005,"Louisiana","Ascension Parish",4,29,1722,822,900
050,22,005,"Louisiana","Ascension Parish",4,30,1725,819,906
050,22,005,"Louisiana","Ascension Parish",4,31,1835,869,966
050,22,005,"Louisiana","Ascension Parish",4,32,1852,858,994
050,22,005,"Louisiana","Ascension Parish",4,33,1842,875,967
050,22,005,"Louisiana","Ascension Parish",4,34,1841,921,920
050,22,005,"Louisiana","Ascension Parish",4,35,1845,905,940
050,22,005,"Louisiana","Ascension Parish",4,36,1999,973,1026
050,22,005,"Louisiana","Ascension Parish",4,37,2007,1008,999
050,22,005,"Louisiana","Ascension Parish",4,38,2016,968,1048
050,22,005,"Louisiana","Ascension Parish",4,39,2061,984,1077
050,22,005,"Louisiana","Ascension Parish",4,40,2042,1008,1034
050,22,005,"Louisiana","Ascension Parish",4,41,1972,962,1010
050,22,005,"Louisiana","Ascension Parish",4,42,1886,917,969
050,22,005,"Louisiana","Ascension Parish",4,43,1836,873,963
050,22,005,"Louisiana","Ascension Parish",4,44,1750,842,908
050,22,005,"Louisiana","Ascension Parish",4,45,1761,855,906
050,22,005,"Louisiana","Ascension Parish",4,46,1657,801,856
050,22,005,"Louisiana","Ascension Parish",4,47,1554,781,773
050,22,005,"Louisiana","Ascension Parish",4,48,1555,778,777
050,22,005,"Louisiana","Ascension Parish",4,49,1585,775,810
050,22,005,"Louisiana","Ascension Parish",4,50,1689,862,827
050,22,005,"Louisiana","Ascension Parish",4,51,1786,875,911
050,22,005,"Louisiana","Ascension Parish",4,52,1704,839,865
050,22,005,"Louisiana","Ascension Parish",4,53,1652,822,830
050,22,005,"Louisiana","Ascension Parish",4,54,1592,795,797
050,22,005,"Louisiana","Ascension Parish",4,55,1611,796,815
050,22,005,"Louisiana","Ascension Parish",4,56,1610,797,813
050,22,005,"Louisiana","Ascension Parish",4,57,1605,824,781
050,22,005,"Louisiana","Ascension Parish",4,58,1658,812,846
050,22,005,"Louisiana","Ascension Parish",4,59,1594,805,789
050,22,005,"Louisiana","Ascension Parish",4,60,1587,780,807
050,22,005,"Louisiana","Ascension Parish",4,61,1518,758,760
050,22,005,"Louisiana","Ascension Parish",4,62,1452,714,738
050,22,005,"Louisiana","Ascension Parish",4,63,1384,684,700
050,22,005,"Louisiana","Ascension Parish",4,64,1366,663,703
050,22,005,"Louisiana","Ascension Parish",4,65,1330,650,680
050,22,005,"Louisiana","Ascension Parish",4,66,1244,612,632
050,22,005,"Louisiana","Ascension Parish",4,67,1233,605,628
050,22,005,"Louisiana","Ascension Parish",4,68,1188,579,609
050,22,005,"Louisiana","Ascension Parish",4,69,1096,510,586
050,22,005,"Louisiana","Ascension Parish",4,70,1082,496,586
050,22,005,"Louisiana","Ascension Parish",4,71,1000,472,528
050,22,005,"Louisiana","Ascension Parish",4,72,921,439,482
050,22,005,"Louisiana","Ascension Parish",4,73,868,407,461
050,22,005,"Louisiana","Ascension Parish",4,74,883,424,459
050,22,005,"Louisiana","Ascension Parish",4,75,916,437,479
050,22,005,"Louisiana","Ascension Parish",4,76,602,285,317
050,22,005,"Louisiana","Ascension Parish",4,77,575,255,320
050,22,005,"Louisiana","Ascension Parish",4,78,542,235,307
050,22,005,"Louisiana","Ascension Parish",4,79,567,239,328
050,22,005,"Louisiana","Ascension Parish",4,80,494,194,300
050,22,005,"Louisiana","Ascension Parish",4,81,430,178,252
050,22,005,"Louisiana","Ascension Parish",4,82,337,152,185
050,22,005,"Louisiana","Ascension Parish",4,83,288,129,159
050,22,005,"Louisiana","Ascension Parish",4,84,250,105,145
050,22,005,"Louisiana","Ascension Parish",4,85,1286,464,822
050,22,005,"Louisiana","Ascension Parish",5,0,1619,827,792
050,22,005,"Louisiana","Ascension Parish",5,1,1635,833,802
050,22,005,"Louisiana","Ascension Parish",5,2,1742,870,872
050,22,005,"Louisiana","Ascension Parish",5,3,1726,897,829
050,22,005,"Louisiana","Ascension Parish",5,4,1711,863,848
050,22,005,"Louisiana","Ascension Parish",5,5,1825,903,922
050,22,005,"Louisiana","Ascension Parish",5,6,1897,972,925
050,22,005,"Louisiana","Ascension Parish",5,7,1966,983,983
050,22,005,"Louisiana","Ascension Parish",5,8,1985,1002,983
050,22,005,"Louisiana","Ascension Parish",5,9,1995,990,1005
050,22,005,"Louisiana","Ascension Parish",5,10,1916,967,949
050,22,005,"Louisiana","Ascension Parish",5,11,1943,1012,931
050,22,005,"Louisiana","Ascension Parish",5,12,1964,1018,946
050,22,005,"Louisiana","Ascension Parish",5,13,1979,1018,961
050,22,005,"Louisiana","Ascension Parish",5,14,2073,1064,1009
050,22,005,"Louisiana","Ascension Parish",5,15,2209,1139,1070
050,22,005,"Louisiana","Ascension Parish",5,16,2090,1088,1002
050,22,005,"Louisiana","Ascension Parish",5,17,2041,1036,1005
050,22,005,"Louisiana","Ascension Parish",5,18,1651,873,778
050,22,005,"Louisiana","Ascension Parish",5,19,1407,740,667
050,22,005,"Louisiana","Ascension Parish",5,20,1425,728,697
050,22,005,"Louisiana","Ascension Parish",5,21,1493,776,717
050,22,005,"Louisiana","Ascension Parish",5,22,1546,778,768
050,22,005,"Louisiana","Ascension Parish",5,23,1640,853,787
050,22,005,"Louisiana","Ascension Parish",5,24,1519,766,753
050,22,005,"Louisiana","Ascension Parish",5,25,1442,722,720
050,22,005,"Louisiana","Ascension Parish",5,26,1478,735,743
050,22,005,"Louisiana","Ascension Parish",5,27,1517,766,751
050,22,005,"Louisiana","Ascension Parish",5,28,1607,805,802
050,22,005,"Louisiana","Ascension Parish",5,29,1698,808,890
050,22,005,"Louisiana","Ascension Parish",5,30,1752,845,907
050,22,005,"Louisiana","Ascension Parish",5,31,1774,821,953
050,22,005,"Louisiana","Ascension Parish",5,32,1855,871,984
050,22,005,"Louisiana","Ascension Parish",5,33,1860,852,1008
050,22,005,"Louisiana","Ascension Parish",5,34,1839,860,979
050,22,005,"Louisiana","Ascension Parish",5,35,1879,929,950
050,22,005,"Louisiana","Ascension Parish",5,36,1888,932,956
050,22,005,"Louisiana","Ascension Parish",5,37,2020,970,1050
050,22,005,"Louisiana","Ascension Parish",5,38,2022,1015,1007
050,22,005,"Louisiana","Ascension Parish",5,39,2023,963,1060
050,22,005,"Louisiana","Ascension Parish",5,40,2076,1002,1074
050,22,005,"Louisiana","Ascension Parish",5,41,2070,1006,1064
050,22,005,"Louisiana","Ascension Parish",5,42,1968,957,1011
050,22,005,"Louisiana","Ascension Parish",5,43,1860,905,955
050,22,005,"Louisiana","Ascension Parish",5,44,1827,876,951
050,22,005,"Louisiana","Ascension Parish",5,45,1719,818,901
050,22,005,"Louisiana","Ascension Parish",5,46,1747,844,903
050,22,005,"Louisiana","Ascension Parish",5,47,1664,821,843
050,22,005,"Louisiana","Ascension Parish",5,48,1569,785,784
050,22,005,"Louisiana","Ascension Parish",5,49,1531,771,760
050,22,005,"Louisiana","Ascension Parish",5,50,1574,769,805
050,22,005,"Louisiana","Ascension Parish",5,51,1677,859,818
050,22,005,"Louisiana","Ascension Parish",5,52,1787,876,911
050,22,005,"Louisiana","Ascension Parish",5,53,1698,843,855
050,22,005,"Louisiana","Ascension Parish",5,54,1621,817,804
050,22,005,"Louisiana","Ascension Parish",5,55,1561,774,787
050,22,005,"Louisiana","Ascension Parish",5,56,1619,795,824
050,22,005,"Louisiana","Ascension Parish",5,57,1595,789,806
050,22,005,"Louisiana","Ascension Parish",5,58,1602,814,788
050,22,005,"Louisiana","Ascension Parish",5,59,1676,815,861
050,22,005,"Louisiana","Ascension Parish",5,60,1602,810,792
050,22,005,"Louisiana","Ascension Parish",5,61,1574,772,802
050,22,005,"Louisiana","Ascension Parish",5,62,1517,750,767
050,22,005,"Louisiana","Ascension Parish",5,63,1435,693,742
050,22,005,"Louisiana","Ascension Parish",5,64,1395,702,693
050,22,005,"Louisiana","Ascension Parish",5,65,1350,659,691
050,22,005,"Louisiana","Ascension Parish",5,66,1331,654,677
050,22,005,"Louisiana","Ascension Parish",5,67,1231,598,633
050,22,005,"Louisiana","Ascension Parish",5,68,1234,602,632
050,22,005,"Louisiana","Ascension Parish",5,69,1178,572,606
050,22,005,"Louisiana","Ascension Parish",5,70,1095,510,585
050,22,005,"Louisiana","Ascension Parish",5,71,1075,488,587
050,22,005,"Louisiana","Ascension Parish",5,72,978,465,513
050,22,005,"Louisiana","Ascension Parish",5,73,895,419,476
050,22,005,"Louisiana","Ascension Parish",5,74,854,396,458
050,22,005,"Louisiana","Ascension Parish",5,75,853,400,453
050,22,005,"Louisiana","Ascension Parish",5,76,889,420,469
050,22,005,"Louisiana","Ascension Parish",5,77,587,279,308
050,22,005,"Louisiana","Ascension Parish",5,78,556,242,314
050,22,005,"Louisiana","Ascension Parish",5,79,516,219,297
050,22,005,"Louisiana","Ascension Parish",5,80,558,232,326
050,22,005,"Louisiana","Ascension Parish",5,81,467,183,284
050,22,005,"Louisiana","Ascension Parish",5,82,411,165,246
050,22,005,"Louisiana","Ascension Parish",5,83,315,142,173
050,22,005,"Louisiana","Ascension Parish",5,84,268,118,150
050,22,005,"Louisiana","Ascension Parish",5,85,1376,504,872
050,22,007,"Louisiana","Assumption Parish",1,0,223,118,105
050,22,007,"Louisiana","Assumption Parish",1,1,214,114,100
050,22,007,"Louisiana","Assumption Parish",1,2,227,120,107
050,22,007,"Louisiana","Assumption Parish",1,3,221,112,109
050,22,007,"Louisiana","Assumption Parish",1,4,230,110,120
050,22,007,"Louisiana","Assumption Parish",1,5,257,133,124
050,22,007,"Louisiana","Assumption Parish",1,6,247,124,123
050,22,007,"Louisiana","Assumption Parish",1,7,238,127,111
050,22,007,"Louisiana","Assumption Parish",1,8,221,119,102
050,22,007,"Louisiana","Assumption Parish",1,9,229,117,112
050,22,007,"Louisiana","Assumption Parish",1,10,256,126,130
050,22,007,"Louisiana","Assumption Parish",1,11,256,123,133
050,22,007,"Louisiana","Assumption Parish",1,12,274,145,129
050,22,007,"Louisiana","Assumption Parish",1,13,302,155,147
050,22,007,"Louisiana","Assumption Parish",1,14,283,144,139
050,22,007,"Louisiana","Assumption Parish",1,15,259,135,124
050,22,007,"Louisiana","Assumption Parish",1,16,259,121,138
050,22,007,"Louisiana","Assumption Parish",1,17,278,144,134
050,22,007,"Louisiana","Assumption Parish",1,18,240,128,112
050,22,007,"Louisiana","Assumption Parish",1,19,201,101,100
050,22,007,"Louisiana","Assumption Parish",1,20,219,114,105
050,22,007,"Louisiana","Assumption Parish",1,21,226,117,109
050,22,007,"Louisiana","Assumption Parish",1,22,224,111,113
050,22,007,"Louisiana","Assumption Parish",1,23,243,127,116
050,22,007,"Louisiana","Assumption Parish",1,24,240,118,122
050,22,007,"Louisiana","Assumption Parish",1,25,277,137,140
050,22,007,"Louisiana","Assumption Parish",1,26,289,141,148
050,22,007,"Louisiana","Assumption Parish",1,27,302,155,147
050,22,007,"Louisiana","Assumption Parish",1,28,282,137,145
050,22,007,"Louisiana","Assumption Parish",1,29,281,145,136
050,22,007,"Louisiana","Assumption Parish",1,30,249,122,127
050,22,007,"Louisiana","Assumption Parish",1,31,238,122,116
050,22,007,"Louisiana","Assumption Parish",1,32,253,134,119
050,22,007,"Louisiana","Assumption Parish",1,33,246,118,128
050,22,007,"Louisiana","Assumption Parish",1,34,235,112,123
050,22,007,"Louisiana","Assumption Parish",1,35,242,113,129
050,22,007,"Louisiana","Assumption Parish",1,36,249,117,132
050,22,007,"Louisiana","Assumption Parish",1,37,267,130,137
050,22,007,"Louisiana","Assumption Parish",1,38,273,135,138
050,22,007,"Louisiana","Assumption Parish",1,39,276,137,139
050,22,007,"Louisiana","Assumption Parish",1,40,249,117,132
050,22,007,"Louisiana","Assumption Parish",1,41,248,122,126
050,22,007,"Louisiana","Assumption Parish",1,42,268,127,141
050,22,007,"Louisiana","Assumption Parish",1,43,228,96,132
050,22,007,"Louisiana","Assumption Parish",1,44,229,116,113
050,22,007,"Louisiana","Assumption Parish",1,45,226,115,111
050,22,007,"Louisiana","Assumption Parish",1,46,235,120,115
050,22,007,"Louisiana","Assumption Parish",1,47,232,114,118
050,22,007,"Louisiana","Assumption Parish",1,48,283,136,147
050,22,007,"Louisiana","Assumption Parish",1,49,293,141,152
050,22,007,"Louisiana","Assumption Parish",1,50,273,121,152
050,22,007,"Louisiana","Assumption Parish",1,51,283,130,153
050,22,007,"Louisiana","Assumption Parish",1,52,286,143,143
050,22,007,"Louisiana","Assumption Parish",1,53,280,146,134
050,22,007,"Louisiana","Assumption Parish",1,54,297,139,158
050,22,007,"Louisiana","Assumption Parish",1,55,338,156,182
050,22,007,"Louisiana","Assumption Parish",1,56,327,162,165
050,22,007,"Louisiana","Assumption Parish",1,57,305,142,163
050,22,007,"Louisiana","Assumption Parish",1,58,319,148,171
050,22,007,"Louisiana","Assumption Parish",1,59,328,158,170
050,22,007,"Louisiana","Assumption Parish",1,60,329,164,165
050,22,007,"Louisiana","Assumption Parish",1,61,319,160,159
050,22,007,"Louisiana","Assumption Parish",1,62,315,160,155
050,22,007,"Louisiana","Assumption Parish",1,63,285,135,150
050,22,007,"Louisiana","Assumption Parish",1,64,304,155,149
050,22,007,"Louisiana","Assumption Parish",1,65,302,147,155
050,22,007,"Louisiana","Assumption Parish",1,66,275,129,146
050,22,007,"Louisiana","Assumption Parish",1,67,257,114,143
050,22,007,"Louisiana","Assumption Parish",1,68,244,120,124
050,22,007,"Louisiana","Assumption Parish",1,69,253,127,126
050,22,007,"Louisiana","Assumption Parish",1,70,251,130,121
050,22,007,"Louisiana","Assumption Parish",1,71,210,105,105
050,22,007,"Louisiana","Assumption Parish",1,72,203,106,97
050,22,007,"Louisiana","Assumption Parish",1,73,218,109,109
050,22,007,"Louisiana","Assumption Parish",1,74,171,82,89
050,22,007,"Louisiana","Assumption Parish",1,75,164,71,93
050,22,007,"Louisiana","Assumption Parish",1,76,161,76,85
050,22,007,"Louisiana","Assumption Parish",1,77,160,82,78
050,22,007,"Louisiana","Assumption Parish",1,78,132,65,67
050,22,007,"Louisiana","Assumption Parish",1,79,121,54,67
050,22,007,"Louisiana","Assumption Parish",1,80,102,52,50
050,22,007,"Louisiana","Assumption Parish",1,81,109,53,56
050,22,007,"Louisiana","Assumption Parish",1,82,83,40,43
050,22,007,"Louisiana","Assumption Parish",1,83,64,26,38
050,22,007,"Louisiana","Assumption Parish",1,84,57,29,28
050,22,007,"Louisiana","Assumption Parish",1,85,404,144,260
050,22,007,"Louisiana","Assumption Parish",2,0,234,126,108
050,22,007,"Louisiana","Assumption Parish",2,1,215,115,100
050,22,007,"Louisiana","Assumption Parish",2,2,223,119,104
050,22,007,"Louisiana","Assumption Parish",2,3,218,110,108
050,22,007,"Louisiana","Assumption Parish",2,4,226,110,116
050,22,007,"Louisiana","Assumption Parish",2,5,251,128,123
050,22,007,"Louisiana","Assumption Parish",2,6,249,126,123
050,22,007,"Louisiana","Assumption Parish",2,7,238,126,112
050,22,007,"Louisiana","Assumption Parish",2,8,224,121,103
050,22,007,"Louisiana","Assumption Parish",2,9,227,119,108
050,22,007,"Louisiana","Assumption Parish",2,10,248,122,126
050,22,007,"Louisiana","Assumption Parish",2,11,253,122,131
050,22,007,"Louisiana","Assumption Parish",2,12,270,141,129
050,22,007,"Louisiana","Assumption Parish",2,13,296,152,144
050,22,007,"Louisiana","Assumption Parish",2,14,284,144,140
050,22,007,"Louisiana","Assumption Parish",2,15,265,136,129
050,22,007,"Louisiana","Assumption Parish",2,16,260,124,136
050,22,007,"Louisiana","Assumption Parish",2,17,269,136,133
050,22,007,"Louisiana","Assumption Parish",2,18,234,123,111
050,22,007,"Louisiana","Assumption Parish",2,19,204,104,100
050,22,007,"Louisiana","Assumption Parish",2,20,221,114,107
050,22,007,"Louisiana","Assumption Parish",2,21,221,113,108
050,22,007,"Louisiana","Assumption Parish",2,22,226,113,113
050,22,007,"Louisiana","Assumption Parish",2,23,238,124,114
050,22,007,"Louisiana","Assumption Parish",2,24,241,120,121
050,22,007,"Louisiana","Assumption Parish",2,25,268,133,135
050,22,007,"Louisiana","Assumption Parish",2,26,283,139,144
050,22,007,"Louisiana","Assumption Parish",2,27,295,149,146
050,22,007,"Louisiana","Assumption Parish",2,28,285,140,145
050,22,007,"Louisiana","Assumption Parish",2,29,278,142,136
050,22,007,"Louisiana","Assumption Parish",2,30,255,126,129
050,22,007,"Louisiana","Assumption Parish",2,31,241,122,119
050,22,007,"Louisiana","Assumption Parish",2,32,247,129,118
050,22,007,"Louisiana","Assumption Parish",2,33,243,119,124
050,22,007,"Louisiana","Assumption Parish",2,34,235,111,124
050,22,007,"Louisiana","Assumption Parish",2,35,242,112,130
050,22,007,"Louisiana","Assumption Parish",2,36,244,115,129
050,22,007,"Louisiana","Assumption Parish",2,37,261,126,135
050,22,007,"Louisiana","Assumption Parish",2,38,273,135,138
050,22,007,"Louisiana","Assumption Parish",2,39,273,135,138
050,22,007,"Louisiana","Assumption Parish",2,40,257,122,135
050,22,007,"Louisiana","Assumption Parish",2,41,247,121,126
050,22,007,"Louisiana","Assumption Parish",2,42,258,123,135
050,22,007,"Louisiana","Assumption Parish",2,43,239,104,135
050,22,007,"Louisiana","Assumption Parish",2,44,226,110,116
050,22,007,"Louisiana","Assumption Parish",2,45,228,116,112
050,22,007,"Louisiana","Assumption Parish",2,46,232,118,114
050,22,007,"Louisiana","Assumption Parish",2,47,233,117,116
050,22,007,"Louisiana","Assumption Parish",2,48,272,130,142
050,22,007,"Louisiana","Assumption Parish",2,49,291,142,149
050,22,007,"Louisiana","Assumption Parish",2,50,276,126,150
050,22,007,"Louisiana","Assumption Parish",2,51,277,126,151
050,22,007,"Louisiana","Assumption Parish",2,52,284,139,145
050,22,007,"Louisiana","Assumption Parish",2,53,280,144,136
050,22,007,"Louisiana","Assumption Parish",2,54,291,139,152
050,22,007,"Louisiana","Assumption Parish",2,55,328,152,176
050,22,007,"Louisiana","Assumption Parish",2,56,332,161,171
050,22,007,"Louisiana","Assumption Parish",2,57,309,146,163
050,22,007,"Louisiana","Assumption Parish",2,58,316,146,170
050,22,007,"Louisiana","Assumption Parish",2,59,326,156,170
050,22,007,"Louisiana","Assumption Parish",2,60,330,164,166
050,22,007,"Louisiana","Assumption Parish",2,61,321,161,160
050,22,007,"Louisiana","Assumption Parish",2,62,310,158,152
050,22,007,"Louisiana","Assumption Parish",2,63,292,142,150
050,22,007,"Louisiana","Assumption Parish",2,64,297,149,148
050,22,007,"Louisiana","Assumption Parish",2,65,301,147,154
050,22,007,"Louisiana","Assumption Parish",2,66,283,135,148
050,22,007,"Louisiana","Assumption Parish",2,67,260,117,143
050,22,007,"Louisiana","Assumption Parish",2,68,245,118,127
050,22,007,"Louisiana","Assumption Parish",2,69,253,127,126
050,22,007,"Louisiana","Assumption Parish",2,70,251,129,122
050,22,007,"Louisiana","Assumption Parish",2,71,217,110,107
050,22,007,"Louisiana","Assumption Parish",2,72,199,105,94
050,22,007,"Louisiana","Assumption Parish",2,73,222,111,111
050,22,007,"Louisiana","Assumption Parish",2,74,168,80,88
050,22,007,"Louisiana","Assumption Parish",2,75,165,73,92
050,22,007,"Louisiana","Assumption Parish",2,76,157,71,86
050,22,007,"Louisiana","Assumption Parish",2,77,161,82,79
050,22,007,"Louisiana","Assumption Parish",2,78,133,67,66
050,22,007,"Louisiana","Assumption Parish",2,79,121,54,67
050,22,007,"Louisiana","Assumption Parish",2,80,107,53,54
050,22,007,"Louisiana","Assumption Parish",2,81,104,51,53
050,22,007,"Louisiana","Assumption Parish",2,82,88,43,45
050,22,007,"Louisiana","Assumption Parish",2,83,64,27,37
050,22,007,"Louisiana","Assumption Parish",2,84,57,28,29
050,22,007,"Louisiana","Assumption Parish",2,85,397,143,254
050,22,007,"Louisiana","Assumption Parish",3,0,203,104,99
050,22,007,"Louisiana","Assumption Parish",3,1,227,128,99
050,22,007,"Louisiana","Assumption Parish",3,2,202,104,98
050,22,007,"Louisiana","Assumption Parish",3,3,215,114,101
050,22,007,"Louisiana","Assumption Parish",3,4,212,103,109
050,22,007,"Louisiana","Assumption Parish",3,5,226,113,113
050,22,007,"Louisiana","Assumption Parish",3,6,243,124,119
050,22,007,"Louisiana","Assumption Parish",3,7,236,117,119
050,22,007,"Louisiana","Assumption Parish",3,8,231,119,112
050,22,007,"Louisiana","Assumption Parish",3,9,226,124,102
050,22,007,"Louisiana","Assumption Parish",3,10,219,112,107
050,22,007,"Louisiana","Assumption Parish",3,11,248,122,126
050,22,007,"Louisiana","Assumption Parish",3,12,249,121,128
050,22,007,"Louisiana","Assumption Parish",3,13,267,141,126
050,22,007,"Louisiana","Assumption Parish",3,14,283,141,142
050,22,007,"Louisiana","Assumption Parish",3,15,283,144,139
050,22,007,"Louisiana","Assumption Parish",3,16,267,139,128
050,22,007,"Louisiana","Assumption Parish",3,17,265,128,137
050,22,007,"Louisiana","Assumption Parish",3,18,232,118,114
050,22,007,"Louisiana","Assumption Parish",3,19,191,104,87
050,22,007,"Louisiana","Assumption Parish",3,20,213,108,105
050,22,007,"Louisiana","Assumption Parish",3,21,227,116,111
050,22,007,"Louisiana","Assumption Parish",3,22,231,114,117
050,22,007,"Louisiana","Assumption Parish",3,23,244,126,118
050,22,007,"Louisiana","Assumption Parish",3,24,235,123,112
050,22,007,"Louisiana","Assumption Parish",3,25,247,126,121
050,22,007,"Louisiana","Assumption Parish",3,26,251,127,124
050,22,007,"Louisiana","Assumption Parish",3,27,281,134,147
050,22,007,"Louisiana","Assumption Parish",3,28,280,142,138
050,22,007,"Louisiana","Assumption Parish",3,29,284,136,148
050,22,007,"Louisiana","Assumption Parish",3,30,266,136,130
050,22,007,"Louisiana","Assumption Parish",3,31,245,118,127
050,22,007,"Louisiana","Assumption Parish",3,32,234,117,117
050,22,007,"Louisiana","Assumption Parish",3,33,235,121,114
050,22,007,"Louisiana","Assumption Parish",3,34,242,115,127
050,22,007,"Louisiana","Assumption Parish",3,35,226,101,125
050,22,007,"Louisiana","Assumption Parish",3,36,232,111,121
050,22,007,"Louisiana","Assumption Parish",3,37,234,109,125
050,22,007,"Louisiana","Assumption Parish",3,38,256,127,129
050,22,007,"Louisiana","Assumption Parish",3,39,267,135,132
050,22,007,"Louisiana","Assumption Parish",3,40,279,135,144
050,22,007,"Louisiana","Assumption Parish",3,41,244,114,130
050,22,007,"Louisiana","Assumption Parish",3,42,238,115,123
050,22,007,"Louisiana","Assumption Parish",3,43,256,121,135
050,22,007,"Louisiana","Assumption Parish",3,44,240,104,136
050,22,007,"Louisiana","Assumption Parish",3,45,228,113,115
050,22,007,"Louisiana","Assumption Parish",3,46,227,115,112
050,22,007,"Louisiana","Assumption Parish",3,47,231,119,112
050,22,007,"Louisiana","Assumption Parish",3,48,233,114,119
050,22,007,"Louisiana","Assumption Parish",3,49,267,123,144
050,22,007,"Louisiana","Assumption Parish",3,50,288,136,152
050,22,007,"Louisiana","Assumption Parish",3,51,276,125,151
050,22,007,"Louisiana","Assumption Parish",3,52,280,131,149
050,22,007,"Louisiana","Assumption Parish",3,53,283,143,140
050,22,007,"Louisiana","Assumption Parish",3,54,276,138,138
050,22,007,"Louisiana","Assumption Parish",3,55,289,138,151
050,22,007,"Louisiana","Assumption Parish",3,56,338,156,182
050,22,007,"Louisiana","Assumption Parish",3,57,323,165,158
050,22,007,"Louisiana","Assumption Parish",3,58,300,139,161
050,22,007,"Louisiana","Assumption Parish",3,59,317,146,171
050,22,007,"Louisiana","Assumption Parish",3,60,325,159,166
050,22,007,"Louisiana","Assumption Parish",3,61,329,158,171
050,22,007,"Louisiana","Assumption Parish",3,62,314,163,151
050,22,007,"Louisiana","Assumption Parish",3,63,309,158,151
050,22,007,"Louisiana","Assumption Parish",3,64,287,138,149
050,22,007,"Louisiana","Assumption Parish",3,65,292,142,150
050,22,007,"Louisiana","Assumption Parish",3,66,300,147,153
050,22,007,"Louisiana","Assumption Parish",3,67,278,134,144
050,22,007,"Louisiana","Assumption Parish",3,68,250,113,137
050,22,007,"Louisiana","Assumption Parish",3,69,240,113,127
050,22,007,"Louisiana","Assumption Parish",3,70,249,126,123
050,22,007,"Louisiana","Assumption Parish",3,71,243,124,119
050,22,007,"Louisiana","Assumption Parish",3,72,218,114,104
050,22,007,"Louisiana","Assumption Parish",3,73,189,98,91
050,22,007,"Louisiana","Assumption Parish",3,74,221,109,112
050,22,007,"Louisiana","Assumption Parish",3,75,157,76,81
050,22,007,"Louisiana","Assumption Parish",3,76,159,69,90
050,22,007,"Louisiana","Assumption Parish",3,77,148,64,84
050,22,007,"Louisiana","Assumption Parish",3,78,146,74,72
050,22,007,"Louisiana","Assumption Parish",3,79,123,62,61
050,22,007,"Louisiana","Assumption Parish",3,80,115,50,65
050,22,007,"Louisiana","Assumption Parish",3,81,95,47,48
050,22,007,"Louisiana","Assumption Parish",3,82,100,48,52
050,22,007,"Louisiana","Assumption Parish",3,83,84,43,41
050,22,007,"Louisiana","Assumption Parish",3,84,59,26,33
050,22,007,"Louisiana","Assumption Parish",3,85,398,155,243
050,22,007,"Louisiana","Assumption Parish",4,0,206,99,107
050,22,007,"Louisiana","Assumption Parish",4,1,207,105,102
050,22,007,"Louisiana","Assumption Parish",4,2,223,124,99
050,22,007,"Louisiana","Assumption Parish",4,3,206,106,100
050,22,007,"Louisiana","Assumption Parish",4,4,212,115,97
050,22,007,"Louisiana","Assumption Parish",4,5,206,99,107
050,22,007,"Louisiana","Assumption Parish",4,6,225,112,113
050,22,007,"Louisiana","Assumption Parish",4,7,246,123,123
050,22,007,"Louisiana","Assumption Parish",4,8,234,117,117
050,22,007,"Louisiana","Assumption Parish",4,9,230,117,113
050,22,007,"Louisiana","Assumption Parish",4,10,226,123,103
050,22,007,"Louisiana","Assumption Parish",4,11,213,112,101
050,22,007,"Louisiana","Assumption Parish",4,12,245,119,126
050,22,007,"Louisiana","Assumption Parish",4,13,236,111,125
050,22,007,"Louisiana","Assumption Parish",4,14,255,139,116
050,22,007,"Louisiana","Assumption Parish",4,15,277,138,139
050,22,007,"Louisiana","Assumption Parish",4,16,281,142,139
050,22,007,"Louisiana","Assumption Parish",4,17,265,140,125
050,22,007,"Louisiana","Assumption Parish",4,18,224,110,114
050,22,007,"Louisiana","Assumption Parish",4,19,183,98,85
050,22,007,"Louisiana","Assumption Parish",4,20,197,107,90
050,22,007,"Louisiana","Assumption Parish",4,21,219,108,111
050,22,007,"Louisiana","Assumption Parish",4,22,239,120,119
050,22,007,"Louisiana","Assumption Parish",4,23,249,124,125
050,22,007,"Louisiana","Assumption Parish",4,24,255,126,129
050,22,007,"Louisiana","Assumption Parish",4,25,254,133,121
050,22,007,"Louisiana","Assumption Parish",4,26,251,125,126
050,22,007,"Louisiana","Assumption Parish",4,27,232,115,117
050,22,007,"Louisiana","Assumption Parish",4,28,267,131,136
050,22,007,"Louisiana","Assumption Parish",4,29,271,134,137
050,22,007,"Louisiana","Assumption Parish",4,30,277,128,149
050,22,007,"Louisiana","Assumption Parish",4,31,262,139,123
050,22,007,"Louisiana","Assumption Parish",4,32,249,118,131
050,22,007,"Louisiana","Assumption Parish",4,33,223,116,107
050,22,007,"Louisiana","Assumption Parish",4,34,240,123,117
050,22,007,"Louisiana","Assumption Parish",4,35,238,112,126
050,22,007,"Louisiana","Assumption Parish",4,36,225,104,121
050,22,007,"Louisiana","Assumption Parish",4,37,241,114,127
050,22,007,"Louisiana","Assumption Parish",4,38,228,106,122
050,22,007,"Louisiana","Assumption Parish",4,39,251,122,129
050,22,007,"Louisiana","Assumption Parish",4,40,259,124,135
050,22,007,"Louisiana","Assumption Parish",4,41,276,130,146
050,22,007,"Louisiana","Assumption Parish",4,42,240,116,124
050,22,007,"Louisiana","Assumption Parish",4,43,240,116,124
050,22,007,"Louisiana","Assumption Parish",4,44,254,118,136
050,22,007,"Louisiana","Assumption Parish",4,45,237,101,136
050,22,007,"Louisiana","Assumption Parish",4,46,225,112,113
050,22,007,"Louisiana","Assumption Parish",4,47,233,118,115
050,22,007,"Louisiana","Assumption Parish",4,48,217,110,107
050,22,007,"Louisiana","Assumption Parish",4,49,230,114,116
050,22,007,"Louisiana","Assumption Parish",4,50,268,118,150
050,22,007,"Louisiana","Assumption Parish",4,51,280,133,147
050,22,007,"Louisiana","Assumption Parish",4,52,273,124,149
050,22,007,"Louisiana","Assumption Parish",4,53,278,128,150
050,22,007,"Louisiana","Assumption Parish",4,54,286,146,140
050,22,007,"Louisiana","Assumption Parish",4,55,270,133,137
050,22,007,"Louisiana","Assumption Parish",4,56,291,135,156
050,22,007,"Louisiana","Assumption Parish",4,57,334,152,182
050,22,007,"Louisiana","Assumption Parish",4,58,317,164,153
050,22,007,"Louisiana","Assumption Parish",4,59,297,136,161
050,22,007,"Louisiana","Assumption Parish",4,60,314,149,165
050,22,007,"Louisiana","Assumption Parish",4,61,320,151,169
050,22,007,"Louisiana","Assumption Parish",4,62,322,160,162
050,22,007,"Louisiana","Assumption Parish",4,63,304,157,147
050,22,007,"Louisiana","Assumption Parish",4,64,294,146,148
050,22,007,"Louisiana","Assumption Parish",4,65,274,131,143
050,22,007,"Louisiana","Assumption Parish",4,66,288,141,147
050,22,007,"Louisiana","Assumption Parish",4,67,295,147,148
050,22,007,"Louisiana","Assumption Parish",4,68,268,129,139
050,22,007,"Louisiana","Assumption Parish",4,69,244,110,134
050,22,007,"Louisiana","Assumption Parish",4,70,238,116,122
050,22,007,"Louisiana","Assumption Parish",4,71,238,118,120
050,22,007,"Louisiana","Assumption Parish",4,72,248,130,118
050,22,007,"Louisiana","Assumption Parish",4,73,206,107,99
050,22,007,"Louisiana","Assumption Parish",4,74,185,95,90
050,22,007,"Louisiana","Assumption Parish",4,75,209,104,105
050,22,007,"Louisiana","Assumption Parish",4,76,148,70,78
050,22,007,"Louisiana","Assumption Parish",4,77,154,67,87
050,22,007,"Louisiana","Assumption Parish",4,78,136,56,80
050,22,007,"Louisiana","Assumption Parish",4,79,130,64,66
050,22,007,"Louisiana","Assumption Parish",4,80,118,57,61
050,22,007,"Louisiana","Assumption Parish",4,81,97,42,55
050,22,007,"Louisiana","Assumption Parish",4,82,87,42,45
050,22,007,"Louisiana","Assumption Parish",4,83,98,49,49
050,22,007,"Louisiana","Assumption Parish",4,84,80,42,38
050,22,007,"Louisiana","Assumption Parish",4,85,395,161,234
050,22,007,"Louisiana","Assumption Parish",5,0,206,99,107
050,22,007,"Louisiana","Assumption Parish",5,1,203,98,105
050,22,007,"Louisiana","Assumption Parish",5,2,213,106,107
050,22,007,"Louisiana","Assumption Parish",5,3,225,122,103
050,22,007,"Louisiana","Assumption Parish",5,4,205,100,105
050,22,007,"Louisiana","Assumption Parish",5,5,213,113,100
050,22,007,"Louisiana","Assumption Parish",5,6,209,103,106
050,22,007,"Louisiana","Assumption Parish",5,7,225,112,113
050,22,007,"Louisiana","Assumption Parish",5,8,244,126,118
050,22,007,"Louisiana","Assumption Parish",5,9,236,121,115
050,22,007,"Louisiana","Assumption Parish",5,10,241,125,116
050,22,007,"Louisiana","Assumption Parish",5,11,204,114,90
050,22,007,"Louisiana","Assumption Parish",5,12,210,108,102
050,22,007,"Louisiana","Assumption Parish",5,13,235,114,121
050,22,007,"Louisiana","Assumption Parish",5,14,237,112,125
050,22,007,"Louisiana","Assumption Parish",5,15,248,134,114
050,22,007,"Louisiana","Assumption Parish",5,16,267,137,130
050,22,007,"Louisiana","Assumption Parish",5,17,266,132,134
050,22,007,"Louisiana","Assumption Parish",5,18,219,121,98
050,22,007,"Louisiana","Assumption Parish",5,19,190,100,90
050,22,007,"Louisiana","Assumption Parish",5,20,201,102,99
050,22,007,"Louisiana","Assumption Parish",5,21,207,108,99
050,22,007,"Louisiana","Assumption Parish",5,22,240,112,128
050,22,007,"Louisiana","Assumption Parish",5,23,252,123,129
050,22,007,"Louisiana","Assumption Parish",5,24,244,122,122
050,22,007,"Louisiana","Assumption Parish",5,25,260,132,128
050,22,007,"Louisiana","Assumption Parish",5,26,252,132,120
050,22,007,"Louisiana","Assumption Parish",5,27,240,115,125
050,22,007,"Louisiana","Assumption Parish",5,28,226,111,115
050,22,007,"Louisiana","Assumption Parish",5,29,255,133,122
050,22,007,"Louisiana","Assumption Parish",5,30,243,116,127
050,22,007,"Louisiana","Assumption Parish",5,31,281,134,147
050,22,007,"Louisiana","Assumption Parish",5,32,249,132,117
050,22,007,"Louisiana","Assumption Parish",5,33,246,113,133
050,22,007,"Louisiana","Assumption Parish",5,34,223,118,105
050,22,007,"Louisiana","Assumption Parish",5,35,226,118,108
050,22,007,"Louisiana","Assumption Parish",5,36,228,114,114
050,22,007,"Louisiana","Assumption Parish",5,37,219,100,119
050,22,007,"Louisiana","Assumption Parish",5,38,239,120,119
050,22,007,"Louisiana","Assumption Parish",5,39,228,102,126
050,22,007,"Louisiana","Assumption Parish",5,40,240,117,123
050,22,007,"Louisiana","Assumption Parish",5,41,253,112,141
050,22,007,"Louisiana","Assumption Parish",5,42,273,127,146
050,22,007,"Louisiana","Assumption Parish",5,43,247,118,129
050,22,007,"Louisiana","Assumption Parish",5,44,237,110,127
050,22,007,"Louisiana","Assumption Parish",5,45,260,123,137
050,22,007,"Louisiana","Assumption Parish",5,46,240,104,136
050,22,007,"Louisiana","Assumption Parish",5,47,210,110,100
050,22,007,"Louisiana","Assumption Parish",5,48,228,117,111
050,22,007,"Louisiana","Assumption Parish",5,49,210,109,101
050,22,007,"Louisiana","Assumption Parish",5,50,227,111,116
050,22,007,"Louisiana","Assumption Parish",5,51,272,119,153
050,22,007,"Louisiana","Assumption Parish",5,52,273,132,141
050,22,007,"Louisiana","Assumption Parish",5,53,269,116,153
050,22,007,"Louisiana","Assumption Parish",5,54,278,127,151
050,22,007,"Louisiana","Assumption Parish",5,55,287,147,140
050,22,007,"Louisiana","Assumption Parish",5,56,269,131,138
050,22,007,"Louisiana","Assumption Parish",5,57,273,128,145
050,22,007,"Louisiana","Assumption Parish",5,58,324,148,176
050,22,007,"Louisiana","Assumption Parish",5,59,312,155,157
050,22,007,"Louisiana","Assumption Parish",5,60,291,134,157
050,22,007,"Louisiana","Assumption Parish",5,61,312,144,168
050,22,007,"Louisiana","Assumption Parish",5,62,317,152,165
050,22,007,"Louisiana","Assumption Parish",5,63,313,154,159
050,22,007,"Louisiana","Assumption Parish",5,64,291,150,141
050,22,007,"Louisiana","Assumption Parish",5,65,286,139,147
050,22,007,"Louisiana","Assumption Parish",5,66,269,133,136
050,22,007,"Louisiana","Assumption Parish",5,67,278,138,140
050,22,007,"Louisiana","Assumption Parish",5,68,284,142,142
050,22,007,"Louisiana","Assumption Parish",5,69,257,127,130
050,22,007,"Louisiana","Assumption Parish",5,70,244,112,132
050,22,007,"Louisiana","Assumption Parish",5,71,227,109,118
050,22,007,"Louisiana","Assumption Parish",5,72,237,120,117
050,22,007,"Louisiana","Assumption Parish",5,73,234,122,112
050,22,007,"Louisiana","Assumption Parish",5,74,202,102,100
050,22,007,"Louisiana","Assumption Parish",5,75,174,91,83
050,22,007,"Louisiana","Assumption Parish",5,76,201,96,105
050,22,007,"Louisiana","Assumption Parish",5,77,139,67,72
050,22,007,"Louisiana","Assumption Parish",5,78,141,61,80
050,22,007,"Louisiana","Assumption Parish",5,79,120,49,71
050,22,007,"Louisiana","Assumption Parish",5,80,120,57,63
050,22,007,"Louisiana","Assumption Parish",5,81,105,51,54
050,22,007,"Louisiana","Assumption Parish",5,82,90,38,52
050,22,007,"Louisiana","Assumption Parish",5,83,86,44,42
050,22,007,"Louisiana","Assumption Parish",5,84,90,45,45
050,22,007,"Louisiana","Assumption Parish",5,85,415,185,230
050,22,009,"Louisiana","Avoyelles Parish",1,0,492,252,240
050,22,009,"Louisiana","Avoyelles Parish",1,1,517,267,250
050,22,009,"Louisiana","Avoyelles Parish",1,2,543,282,261
050,22,009,"Louisiana","Avoyelles Parish",1,3,537,292,245
050,22,009,"Louisiana","Avoyelles Parish",1,4,529,268,261
050,22,009,"Louisiana","Avoyelles Parish",1,5,532,273,259
050,22,009,"Louisiana","Avoyelles Parish",1,6,548,298,250
050,22,009,"Louisiana","Avoyelles Parish",1,7,527,283,244
050,22,009,"Louisiana","Avoyelles Parish",1,8,528,258,270
050,22,009,"Louisiana","Avoyelles Parish",1,9,531,270,261
050,22,009,"Louisiana","Avoyelles Parish",1,10,545,285,260
050,22,009,"Louisiana","Avoyelles Parish",1,11,560,292,268
050,22,009,"Louisiana","Avoyelles Parish",1,12,550,280,270
050,22,009,"Louisiana","Avoyelles Parish",1,13,547,272,275
050,22,009,"Louisiana","Avoyelles Parish",1,14,516,267,249
050,22,009,"Louisiana","Avoyelles Parish",1,15,529,282,247
050,22,009,"Louisiana","Avoyelles Parish",1,16,562,296,266
050,22,009,"Louisiana","Avoyelles Parish",1,17,538,280,258
050,22,009,"Louisiana","Avoyelles Parish",1,18,458,256,202
050,22,009,"Louisiana","Avoyelles Parish",1,19,409,218,191
050,22,009,"Louisiana","Avoyelles Parish",1,20,456,242,214
050,22,009,"Louisiana","Avoyelles Parish",1,21,454,237,217
050,22,009,"Louisiana","Avoyelles Parish",1,22,449,237,212
050,22,009,"Louisiana","Avoyelles Parish",1,23,459,246,213
050,22,009,"Louisiana","Avoyelles Parish",1,24,456,253,203
050,22,009,"Louisiana","Avoyelles Parish",1,25,499,258,241
050,22,009,"Louisiana","Avoyelles Parish",1,26,514,272,242
050,22,009,"Louisiana","Avoyelles Parish",1,27,527,281,246
050,22,009,"Louisiana","Avoyelles Parish",1,28,565,306,259
050,22,009,"Louisiana","Avoyelles Parish",1,29,587,312,275
050,22,009,"Louisiana","Avoyelles Parish",1,30,520,268,252
050,22,009,"Louisiana","Avoyelles Parish",1,31,525,269,256
050,22,009,"Louisiana","Avoyelles Parish",1,32,545,289,256
050,22,009,"Louisiana","Avoyelles Parish",1,33,502,258,244
050,22,009,"Louisiana","Avoyelles Parish",1,34,457,216,241
050,22,009,"Louisiana","Avoyelles Parish",1,35,484,241,243
050,22,009,"Louisiana","Avoyelles Parish",1,36,501,257,244
050,22,009,"Louisiana","Avoyelles Parish",1,37,537,286,251
050,22,009,"Louisiana","Avoyelles Parish",1,38,530,285,245
050,22,009,"Louisiana","Avoyelles Parish",1,39,530,281,249
050,22,009,"Louisiana","Avoyelles Parish",1,40,494,263,231
050,22,009,"Louisiana","Avoyelles Parish",1,41,481,258,223
050,22,009,"Louisiana","Avoyelles Parish",1,42,483,255,228
050,22,009,"Louisiana","Avoyelles Parish",1,43,462,237,225
050,22,009,"Louisiana","Avoyelles Parish",1,44,453,225,228
050,22,009,"Louisiana","Avoyelles Parish",1,45,432,227,205
050,22,009,"Louisiana","Avoyelles Parish",1,46,409,211,198
050,22,009,"Louisiana","Avoyelles Parish",1,47,446,227,219
050,22,009,"Louisiana","Avoyelles Parish",1,48,489,254,235
050,22,009,"Louisiana","Avoyelles Parish",1,49,454,225,229
050,22,009,"Louisiana","Avoyelles Parish",1,50,452,230,222
050,22,009,"Louisiana","Avoyelles Parish",1,51,480,256,224
050,22,009,"Louisiana","Avoyelles Parish",1,52,495,262,233
050,22,009,"Louisiana","Avoyelles Parish",1,53,499,253,246
050,22,009,"Louisiana","Avoyelles Parish",1,54,494,241,253
050,22,009,"Louisiana","Avoyelles Parish",1,55,510,252,258
050,22,009,"Louisiana","Avoyelles Parish",1,56,527,261,266
050,22,009,"Louisiana","Avoyelles Parish",1,57,524,251,273
050,22,009,"Louisiana","Avoyelles Parish",1,58,525,254,271
050,22,009,"Louisiana","Avoyelles Parish",1,59,525,278,247
050,22,009,"Louisiana","Avoyelles Parish",1,60,530,243,287
050,22,009,"Louisiana","Avoyelles Parish",1,61,511,245,266
050,22,009,"Louisiana","Avoyelles Parish",1,62,506,231,275
050,22,009,"Louisiana","Avoyelles Parish",1,63,502,231,271
050,22,009,"Louisiana","Avoyelles Parish",1,64,494,233,261
050,22,009,"Louisiana","Avoyelles Parish",1,65,479,232,247
050,22,009,"Louisiana","Avoyelles Parish",1,66,463,225,238
050,22,009,"Louisiana","Avoyelles Parish",1,67,464,219,245
050,22,009,"Louisiana","Avoyelles Parish",1,68,463,214,249
050,22,009,"Louisiana","Avoyelles Parish",1,69,400,194,206
050,22,009,"Louisiana","Avoyelles Parish",1,70,379,176,203
050,22,009,"Louisiana","Avoyelles Parish",1,71,380,177,203
050,22,009,"Louisiana","Avoyelles Parish",1,72,387,178,209
050,22,009,"Louisiana","Avoyelles Parish",1,73,367,168,199
050,22,009,"Louisiana","Avoyelles Parish",1,74,276,131,145
050,22,009,"Louisiana","Avoyelles Parish",1,75,270,120,150
050,22,009,"Louisiana","Avoyelles Parish",1,76,257,119,138
050,22,009,"Louisiana","Avoyelles Parish",1,77,254,120,134
050,22,009,"Louisiana","Avoyelles Parish",1,78,210,97,113
050,22,009,"Louisiana","Avoyelles Parish",1,79,192,74,118
050,22,009,"Louisiana","Avoyelles Parish",1,80,182,81,101
050,22,009,"Louisiana","Avoyelles Parish",1,81,192,74,118
050,22,009,"Louisiana","Avoyelles Parish",1,82,198,76,122
050,22,009,"Louisiana","Avoyelles Parish",1,83,167,69,98
050,22,009,"Louisiana","Avoyelles Parish",1,84,154,56,98
050,22,009,"Louisiana","Avoyelles Parish",1,85,786,255,531
050,22,009,"Louisiana","Avoyelles Parish",2,0,502,255,247
050,22,009,"Louisiana","Avoyelles Parish",2,1,512,265,247
050,22,009,"Louisiana","Avoyelles Parish",2,2,536,279,257
050,22,009,"Louisiana","Avoyelles Parish",2,3,538,289,249
050,22,009,"Louisiana","Avoyelles Parish",2,4,527,271,256
050,22,009,"Louisiana","Avoyelles Parish",2,5,530,271,259
050,22,009,"Louisiana","Avoyelles Parish",2,6,540,290,250
050,22,009,"Louisiana","Avoyelles Parish",2,7,532,286,246
050,22,009,"Louisiana","Avoyelles Parish",2,8,527,264,263
050,22,009,"Louisiana","Avoyelles Parish",2,9,532,268,264
050,22,009,"Louisiana","Avoyelles Parish",2,10,545,283,262
050,22,009,"Louisiana","Avoyelles Parish",2,11,550,287,263
050,22,009,"Louisiana","Avoyelles Parish",2,12,556,284,272
050,22,009,"Louisiana","Avoyelles Parish",2,13,549,272,277
050,22,009,"Louisiana","Avoyelles Parish",2,14,521,265,256
050,22,009,"Louisiana","Avoyelles Parish",2,15,526,277,249
050,22,009,"Louisiana","Avoyelles Parish",2,16,553,292,261
050,22,009,"Louisiana","Avoyelles Parish",2,17,544,284,260
050,22,009,"Louisiana","Avoyelles Parish",2,18,457,255,202
050,22,009,"Louisiana","Avoyelles Parish",2,19,405,220,185
050,22,009,"Louisiana","Avoyelles Parish",2,20,460,244,216
050,22,009,"Louisiana","Avoyelles Parish",2,21,453,234,219
050,22,009,"Louisiana","Avoyelles Parish",2,22,451,235,216
050,22,009,"Louisiana","Avoyelles Parish",2,23,463,249,214
050,22,009,"Louisiana","Avoyelles Parish",2,24,460,252,208
050,22,009,"Louisiana","Avoyelles Parish",2,25,493,259,234
050,22,009,"Louisiana","Avoyelles Parish",2,26,508,266,242
050,22,009,"Louisiana","Avoyelles Parish",2,27,526,282,244
050,22,009,"Louisiana","Avoyelles Parish",2,28,561,304,257
050,22,009,"Louisiana","Avoyelles Parish",2,29,579,310,269
050,22,009,"Louisiana","Avoyelles Parish",2,30,537,279,258
050,22,009,"Louisiana","Avoyelles Parish",2,31,514,262,252
050,22,009,"Louisiana","Avoyelles Parish",2,32,546,289,257
050,22,009,"Louisiana","Avoyelles Parish",2,33,502,258,244
050,22,009,"Louisiana","Avoyelles Parish",2,34,460,222,238
050,22,009,"Louisiana","Avoyelles Parish",2,35,482,236,246
050,22,009,"Louisiana","Avoyelles Parish",2,36,497,255,242
050,22,009,"Louisiana","Avoyelles Parish",2,37,532,281,251
050,22,009,"Louisiana","Avoyelles Parish",2,38,531,284,247
050,22,009,"Louisiana","Avoyelles Parish",2,39,527,279,248
050,22,009,"Louisiana","Avoyelles Parish",2,40,508,269,239
050,22,009,"Louisiana","Avoyelles Parish",2,41,484,259,225
050,22,009,"Louisiana","Avoyelles Parish",2,42,478,254,224
050,22,009,"Louisiana","Avoyelles Parish",2,43,472,244,228
050,22,009,"Louisiana","Avoyelles Parish",2,44,449,226,223
050,22,009,"Louisiana","Avoyelles Parish",2,45,434,222,212
050,22,009,"Louisiana","Avoyelles Parish",2,46,411,213,198
050,22,009,"Louisiana","Avoyelles Parish",2,47,437,225,212
050,22,009,"Louisiana","Avoyelles Parish",2,48,479,250,229
050,22,009,"Louisiana","Avoyelles Parish",2,49,456,228,228
050,22,009,"Louisiana","Avoyelles Parish",2,50,448,226,222
050,22,009,"Louisiana","Avoyelles Parish",2,51,471,248,223
050,22,009,"Louisiana","Avoyelles Parish",2,52,493,261,232
050,22,009,"Louisiana","Avoyelles Parish",2,53,493,252,241
050,22,009,"Louisiana","Avoyelles Parish",2,54,495,246,249
050,22,009,"Louisiana","Avoyelles Parish",2,55,506,246,260
050,22,009,"Louisiana","Avoyelles Parish",2,56,523,259,264
050,22,009,"Louisiana","Avoyelles Parish",2,57,521,252,269
050,22,009,"Louisiana","Avoyelles Parish",2,58,524,253,271
050,22,009,"Louisiana","Avoyelles Parish",2,59,523,273,250
050,22,009,"Louisiana","Avoyelles Parish",2,60,526,248,278
050,22,009,"Louisiana","Avoyelles Parish",2,61,512,242,270
050,22,009,"Louisiana","Avoyelles Parish",2,62,504,232,272
050,22,009,"Louisiana","Avoyelles Parish",2,63,506,232,274
050,22,009,"Louisiana","Avoyelles Parish",2,64,492,229,263
050,22,009,"Louisiana","Avoyelles Parish",2,65,483,234,249
050,22,009,"Louisiana","Avoyelles Parish",2,66,464,224,240
050,22,009,"Louisiana","Avoyelles Parish",2,67,464,219,245
050,22,009,"Louisiana","Avoyelles Parish",2,68,457,215,242
050,22,009,"Louisiana","Avoyelles Parish",2,69,416,199,217
050,22,009,"Louisiana","Avoyelles Parish",2,70,379,175,204
050,22,009,"Louisiana","Avoyelles Parish",2,71,378,177,201
050,22,009,"Louisiana","Avoyelles Parish",2,72,375,170,205
050,22,009,"Louisiana","Avoyelles Parish",2,73,385,177,208
050,22,009,"Louisiana","Avoyelles Parish",2,74,276,130,146
050,22,009,"Louisiana","Avoyelles Parish",2,75,270,121,149
050,22,009,"Louisiana","Avoyelles Parish",2,76,254,116,138
050,22,009,"Louisiana","Avoyelles Parish",2,77,256,122,134
050,22,009,"Louisiana","Avoyelles Parish",2,78,212,101,111
050,22,009,"Louisiana","Avoyelles Parish",2,79,193,76,117
050,22,009,"Louisiana","Avoyelles Parish",2,80,181,78,103
050,22,009,"Louisiana","Avoyelles Parish",2,81,187,75,112
050,22,009,"Louisiana","Avoyelles Parish",2,82,196,75,121
050,22,009,"Louisiana","Avoyelles Parish",2,83,172,71,101
050,22,009,"Louisiana","Avoyelles Parish",2,84,154,57,97
050,22,009,"Louisiana","Avoyelles Parish",2,85,785,257,528
050,22,009,"Louisiana","Avoyelles Parish",3,0,467,252,215
050,22,009,"Louisiana","Avoyelles Parish",3,1,474,250,224
050,22,009,"Louisiana","Avoyelles Parish",3,2,496,253,243
050,22,009,"Louisiana","Avoyelles Parish",3,3,522,270,252
050,22,009,"Louisiana","Avoyelles Parish",3,4,535,287,248
050,22,009,"Louisiana","Avoyelles Parish",3,5,508,263,245
050,22,009,"Louisiana","Avoyelles Parish",3,6,538,276,262
050,22,009,"Louisiana","Avoyelles Parish",3,7,545,283,262
050,22,009,"Louisiana","Avoyelles Parish",3,8,527,281,246
050,22,009,"Louisiana","Avoyelles Parish",3,9,521,263,258
050,22,009,"Louisiana","Avoyelles Parish",3,10,520,260,260
050,22,009,"Louisiana","Avoyelles Parish",3,11,539,278,261
050,22,009,"Louisiana","Avoyelles Parish",3,12,538,280,258
050,22,009,"Louisiana","Avoyelles Parish",3,13,554,284,270
050,22,009,"Louisiana","Avoyelles Parish",3,14,557,279,278
050,22,009,"Louisiana","Avoyelles Parish",3,15,539,277,262
050,22,009,"Louisiana","Avoyelles Parish",3,16,521,278,243
050,22,009,"Louisiana","Avoyelles Parish",3,17,540,288,252
050,22,009,"Louisiana","Avoyelles Parish",3,18,474,263,211
050,22,009,"Louisiana","Avoyelles Parish",3,19,390,221,169
050,22,009,"Louisiana","Avoyelles Parish",3,20,446,244,202
050,22,009,"Louisiana","Avoyelles Parish",3,21,452,236,216
050,22,009,"Louisiana","Avoyelles Parish",3,22,464,245,219
050,22,009,"Louisiana","Avoyelles Parish",3,23,487,255,232
050,22,009,"Louisiana","Avoyelles Parish",3,24,467,258,209
050,22,009,"Louisiana","Avoyelles Parish",3,25,451,247,204
050,22,009,"Louisiana","Avoyelles Parish",3,26,482,248,234
050,22,009,"Louisiana","Avoyelles Parish",3,27,495,270,225
050,22,009,"Louisiana","Avoyelles Parish",3,28,528,286,242
050,22,009,"Louisiana","Avoyelles Parish",3,29,567,312,255
050,22,009,"Louisiana","Avoyelles Parish",3,30,564,311,253
050,22,009,"Louisiana","Avoyelles Parish",3,31,527,260,267
050,22,009,"Louisiana","Avoyelles Parish",3,32,544,295,249
050,22,009,"Louisiana","Avoyelles Parish",3,33,504,263,241
050,22,009,"Louisiana","Avoyelles Parish",3,34,477,248,229
050,22,009,"Louisiana","Avoyelles Parish",3,35,470,230,240
050,22,009,"Louisiana","Avoyelles Parish",3,36,479,244,235
050,22,009,"Louisiana","Avoyelles Parish",3,37,508,269,239
050,22,009,"Louisiana","Avoyelles Parish",3,38,518,273,245
050,22,009,"Louisiana","Avoyelles Parish",3,39,509,274,235
050,22,009,"Louisiana","Avoyelles Parish",3,40,518,272,246
050,22,009,"Louisiana","Avoyelles Parish",3,41,506,269,237
050,22,009,"Louisiana","Avoyelles Parish",3,42,478,256,222
050,22,009,"Louisiana","Avoyelles Parish",3,43,484,261,223
050,22,009,"Louisiana","Avoyelles Parish",3,44,473,242,231
050,22,009,"Louisiana","Avoyelles Parish",3,45,434,210,224
050,22,009,"Louisiana","Avoyelles Parish",3,46,426,220,206
050,22,009,"Louisiana","Avoyelles Parish",3,47,418,221,197
050,22,009,"Louisiana","Avoyelles Parish",3,48,450,241,209
050,22,009,"Louisiana","Avoyelles Parish",3,49,461,227,234
050,22,009,"Louisiana","Avoyelles Parish",3,50,440,228,212
050,22,009,"Louisiana","Avoyelles Parish",3,51,448,222,226
050,22,009,"Louisiana","Avoyelles Parish",3,52,470,249,221
050,22,009,"Louisiana","Avoyelles Parish",3,53,487,259,228
050,22,009,"Louisiana","Avoyelles Parish",3,54,486,244,242
050,22,009,"Louisiana","Avoyelles Parish",3,55,499,247,252
050,22,009,"Louisiana","Avoyelles Parish",3,56,495,240,255
050,22,009,"Louisiana","Avoyelles Parish",3,57,511,251,260
050,22,009,"Louisiana","Avoyelles Parish",3,58,525,253,272
050,22,009,"Louisiana","Avoyelles Parish",3,59,525,261,264
050,22,009,"Louisiana","Avoyelles Parish",3,60,512,267,245
050,22,009,"Louisiana","Avoyelles Parish",3,61,508,242,266
050,22,009,"Louisiana","Avoyelles Parish",3,62,498,230,268
050,22,009,"Louisiana","Avoyelles Parish",3,63,490,227,263
050,22,009,"Louisiana","Avoyelles Parish",3,64,501,230,271
050,22,009,"Louisiana","Avoyelles Parish",3,65,483,231,252
050,22,009,"Louisiana","Avoyelles Parish",3,66,458,217,241
050,22,009,"Louisiana","Avoyelles Parish",3,67,456,211,245
050,22,009,"Louisiana","Avoyelles Parish",3,68,448,212,236
050,22,009,"Louisiana","Avoyelles Parish",3,69,443,212,231
050,22,009,"Louisiana","Avoyelles Parish",3,70,405,188,217
050,22,009,"Louisiana","Avoyelles Parish",3,71,380,175,205
050,22,009,"Louisiana","Avoyelles Parish",3,72,354,158,196
050,22,009,"Louisiana","Avoyelles Parish",3,73,358,165,193
050,22,009,"Louisiana","Avoyelles Parish",3,74,369,166,203
050,22,009,"Louisiana","Avoyelles Parish",3,75,261,123,138
050,22,009,"Louisiana","Avoyelles Parish",3,76,245,107,138
050,22,009,"Louisiana","Avoyelles Parish",3,77,254,110,144
050,22,009,"Louisiana","Avoyelles Parish",3,78,228,113,115
050,22,009,"Louisiana","Avoyelles Parish",3,79,201,88,113
050,22,009,"Louisiana","Avoyelles Parish",3,80,178,70,108
050,22,009,"Louisiana","Avoyelles Parish",3,81,182,77,105
050,22,009,"Louisiana","Avoyelles Parish",3,82,161,59,102
050,22,009,"Louisiana","Avoyelles Parish",3,83,188,81,107
050,22,009,"Louisiana","Avoyelles Parish",3,84,150,59,91
050,22,009,"Louisiana","Avoyelles Parish",3,85,772,258,514
050,22,009,"Louisiana","Avoyelles Parish",4,0,457,237,220
050,22,009,"Louisiana","Avoyelles Parish",4,1,472,252,220
050,22,009,"Louisiana","Avoyelles Parish",4,2,474,258,216
050,22,009,"Louisiana","Avoyelles Parish",4,3,482,251,231
050,22,009,"Louisiana","Avoyelles Parish",4,4,514,267,247
050,22,009,"Louisiana","Avoyelles Parish",4,5,550,299,251
050,22,009,"Louisiana","Avoyelles Parish",4,6,509,262,247
050,22,009,"Louisiana","Avoyelles Parish",4,7,532,273,259
050,22,009,"Louisiana","Avoyelles Parish",4,8,522,278,244
050,22,009,"Louisiana","Avoyelles Parish",4,9,513,277,236
050,22,009,"Louisiana","Avoyelles Parish",4,10,512,254,258
050,22,009,"Louisiana","Avoyelles Parish",4,11,506,255,251
050,22,009,"Louisiana","Avoyelles Parish",4,12,548,283,265
050,22,009,"Louisiana","Avoyelles Parish",4,13,533,274,259
050,22,009,"Louisiana","Avoyelles Parish",4,14,551,281,270
050,22,009,"Louisiana","Avoyelles Parish",4,15,557,278,279
050,22,009,"Louisiana","Avoyelles Parish",4,16,521,261,260
050,22,009,"Louisiana","Avoyelles Parish",4,17,515,274,241
050,22,009,"Louisiana","Avoyelles Parish",4,18,462,255,207
050,22,009,"Louisiana","Avoyelles Parish",4,19,402,223,179
050,22,009,"Louisiana","Avoyelles Parish",4,20,424,236,188
050,22,009,"Louisiana","Avoyelles Parish",4,21,460,242,218
050,22,009,"Louisiana","Avoyelles Parish",4,22,470,241,229
050,22,009,"Louisiana","Avoyelles Parish",4,23,495,268,227
050,22,009,"Louisiana","Avoyelles Parish",4,24,487,257,230
050,22,009,"Louisiana","Avoyelles Parish",4,25,469,257,212
050,22,009,"Louisiana","Avoyelles Parish",4,26,440,238,202
050,22,009,"Louisiana","Avoyelles Parish",4,27,472,249,223
050,22,009,"Louisiana","Avoyelles Parish",4,28,484,268,216
050,22,009,"Louisiana","Avoyelles Parish",4,29,524,282,242
050,22,009,"Louisiana","Avoyelles Parish",4,30,554,302,252
050,22,009,"Louisiana","Avoyelles Parish",4,31,546,291,255
050,22,009,"Louisiana","Avoyelles Parish",4,32,540,280,260
050,22,009,"Louisiana","Avoyelles Parish",4,33,480,253,227
050,22,009,"Louisiana","Avoyelles Parish",4,34,483,248,235
050,22,009,"Louisiana","Avoyelles Parish",4,35,477,240,237
050,22,009,"Louisiana","Avoyelles Parish",4,36,468,233,235
050,22,009,"Louisiana","Avoyelles Parish",4,37,475,248,227
050,22,009,"Louisiana","Avoyelles Parish",4,38,493,251,242
050,22,009,"Louisiana","Avoyelles Parish",4,39,507,267,240
050,22,009,"Louisiana","Avoyelles Parish",4,40,503,267,236
050,22,009,"Louisiana","Avoyelles Parish",4,41,501,261,240
050,22,009,"Louisiana","Avoyelles Parish",4,42,505,261,244
050,22,009,"Louisiana","Avoyelles Parish",4,43,480,253,227
050,22,009,"Louisiana","Avoyelles Parish",4,44,490,270,220
050,22,009,"Louisiana","Avoyelles Parish",4,45,463,230,233
050,22,009,"Louisiana","Avoyelles Parish",4,46,417,197,220
050,22,009,"Louisiana","Avoyelles Parish",4,47,420,222,198
050,22,009,"Louisiana","Avoyelles Parish",4,48,428,231,197
050,22,009,"Louisiana","Avoyelles Parish",4,49,422,213,209
050,22,009,"Louisiana","Avoyelles Parish",4,50,452,225,227
050,22,009,"Louisiana","Avoyelles Parish",4,51,427,216,211
050,22,009,"Louisiana","Avoyelles Parish",4,52,437,213,224
050,22,009,"Louisiana","Avoyelles Parish",4,53,458,245,213
050,22,009,"Louisiana","Avoyelles Parish",4,54,463,241,222
050,22,009,"Louisiana","Avoyelles Parish",4,55,479,234,245
050,22,009,"Louisiana","Avoyelles Parish",4,56,499,250,249
050,22,009,"Louisiana","Avoyelles Parish",4,57,484,231,253
050,22,009,"Louisiana","Avoyelles Parish",4,58,518,251,267
050,22,009,"Louisiana","Avoyelles Parish",4,59,521,254,267
050,22,009,"Louisiana","Avoyelles Parish",4,60,500,244,256
050,22,009,"Louisiana","Avoyelles Parish",4,61,505,259,246
050,22,009,"Louisiana","Avoyelles Parish",4,62,492,232,260
050,22,009,"Louisiana","Avoyelles Parish",4,63,481,220,261
050,22,009,"Louisiana","Avoyelles Parish",4,64,477,219,258
050,22,009,"Louisiana","Avoyelles Parish",4,65,505,240,265
050,22,009,"Louisiana","Avoyelles Parish",4,66,460,216,244
050,22,009,"Louisiana","Avoyelles Parish",4,67,453,207,246
050,22,009,"Louisiana","Avoyelles Parish",4,68,434,199,235
050,22,009,"Louisiana","Avoyelles Parish",4,69,434,212,222
050,22,009,"Louisiana","Avoyelles Parish",4,70,428,203,225
050,22,009,"Louisiana","Avoyelles Parish",4,71,401,184,217
050,22,009,"Louisiana","Avoyelles Parish",4,72,356,161,195
050,22,009,"Louisiana","Avoyelles Parish",4,73,335,150,185
050,22,009,"Louisiana","Avoyelles Parish",4,74,341,159,182
050,22,009,"Louisiana","Avoyelles Parish",4,75,341,153,188
050,22,009,"Louisiana","Avoyelles Parish",4,76,235,109,126
050,22,009,"Louisiana","Avoyelles Parish",4,77,236,100,136
050,22,009,"Louisiana","Avoyelles Parish",4,78,229,103,126
050,22,009,"Louisiana","Avoyelles Parish",4,79,212,95,117
050,22,009,"Louisiana","Avoyelles Parish",4,80,190,86,104
050,22,009,"Louisiana","Avoyelles Parish",4,81,184,70,114
050,22,009,"Louisiana","Avoyelles Parish",4,82,149,58,91
050,22,009,"Louisiana","Avoyelles Parish",4,83,148,61,87
050,22,009,"Louisiana","Avoyelles Parish",4,84,163,68,95
050,22,009,"Louisiana","Avoyelles Parish",4,85,779,263,516
050,22,009,"Louisiana","Avoyelles Parish",5,0,437,225,212
050,22,009,"Louisiana","Avoyelles Parish",5,1,444,236,208
050,22,009,"Louisiana","Avoyelles Parish",5,2,479,254,225
050,22,009,"Louisiana","Avoyelles Parish",5,3,486,262,224
050,22,009,"Louisiana","Avoyelles Parish",5,4,499,263,236
050,22,009,"Louisiana","Avoyelles Parish",5,5,514,263,251
050,22,009,"Louisiana","Avoyelles Parish",5,6,560,308,252
050,22,009,"Louisiana","Avoyelles Parish",5,7,507,261,246
050,22,009,"Louisiana","Avoyelles Parish",5,8,533,279,254
050,22,009,"Louisiana","Avoyelles Parish",5,9,523,275,248
050,22,009,"Louisiana","Avoyelles Parish",5,10,507,268,239
050,22,009,"Louisiana","Avoyelles Parish",5,11,508,247,261
050,22,009,"Louisiana","Avoyelles Parish",5,12,505,250,255
050,22,009,"Louisiana","Avoyelles Parish",5,13,553,287,266
050,22,009,"Louisiana","Avoyelles Parish",5,14,530,275,255
050,22,009,"Louisiana","Avoyelles Parish",5,15,555,285,270
050,22,009,"Louisiana","Avoyelles Parish",5,16,543,268,275
050,22,009,"Louisiana","Avoyelles Parish",5,17,529,266,263
050,22,009,"Louisiana","Avoyelles Parish",5,18,450,255,195
050,22,009,"Louisiana","Avoyelles Parish",5,19,387,220,167
050,22,009,"Louisiana","Avoyelles Parish",5,20,434,231,203
050,22,009,"Louisiana","Avoyelles Parish",5,21,435,233,202
050,22,009,"Louisiana","Avoyelles Parish",5,22,478,245,233
050,22,009,"Louisiana","Avoyelles Parish",5,23,514,268,246
050,22,009,"Louisiana","Avoyelles Parish",5,24,511,273,238
050,22,009,"Louisiana","Avoyelles Parish",5,25,483,251,232
050,22,009,"Louisiana","Avoyelles Parish",5,26,464,244,220
050,22,009,"Louisiana","Avoyelles Parish",5,27,431,241,190
050,22,009,"Louisiana","Avoyelles Parish",5,28,474,255,219
050,22,009,"Louisiana","Avoyelles Parish",5,29,480,265,215
050,22,009,"Louisiana","Avoyelles Parish",5,30,520,276,244
050,22,009,"Louisiana","Avoyelles Parish",5,31,527,278,249
050,22,009,"Louisiana","Avoyelles Parish",5,32,570,314,256
050,22,009,"Louisiana","Avoyelles Parish",5,33,494,248,246
050,22,009,"Louisiana","Avoyelles Parish",5,34,464,237,227
050,22,009,"Louisiana","Avoyelles Parish",5,35,484,243,241
050,22,009,"Louisiana","Avoyelles Parish",5,36,480,242,238
050,22,009,"Louisiana","Avoyelles Parish",5,37,465,233,232
050,22,009,"Louisiana","Avoyelles Parish",5,38,459,240,219
050,22,009,"Louisiana","Avoyelles Parish",5,39,498,251,247
050,22,009,"Louisiana","Avoyelles Parish",5,40,507,264,243
050,22,009,"Louisiana","Avoyelles Parish",5,41,490,259,231
050,22,009,"Louisiana","Avoyelles Parish",5,42,494,259,235
050,22,009,"Louisiana","Avoyelles Parish",5,43,499,267,232
050,22,009,"Louisiana","Avoyelles Parish",5,44,467,246,221
050,22,009,"Louisiana","Avoyelles Parish",5,45,474,254,220
050,22,009,"Louisiana","Avoyelles Parish",5,46,453,228,225
050,22,009,"Louisiana","Avoyelles Parish",5,47,414,207,207
050,22,009,"Louisiana","Avoyelles Parish",5,48,437,234,203
050,22,009,"Louisiana","Avoyelles Parish",5,49,411,212,199
050,22,009,"Louisiana","Avoyelles Parish",5,50,402,200,202
050,22,009,"Louisiana","Avoyelles Parish",5,51,432,215,217
050,22,009,"Louisiana","Avoyelles Parish",5,52,429,218,211
050,22,009,"Louisiana","Avoyelles Parish",5,53,416,207,209
050,22,009,"Louisiana","Avoyelles Parish",5,54,452,239,213
050,22,009,"Louisiana","Avoyelles Parish",5,55,459,233,226
050,22,009,"Louisiana","Avoyelles Parish",5,56,470,235,235
050,22,009,"Louisiana","Avoyelles Parish",5,57,485,237,248
050,22,009,"Louisiana","Avoyelles Parish",5,58,480,224,256
050,22,009,"Louisiana","Avoyelles Parish",5,59,512,255,257
050,22,009,"Louisiana","Avoyelles Parish",5,60,502,239,263
050,22,009,"Louisiana","Avoyelles Parish",5,61,486,234,252
050,22,009,"Louisiana","Avoyelles Parish",5,62,490,249,241
050,22,009,"Louisiana","Avoyelles Parish",5,63,474,224,250
050,22,009,"Louisiana","Avoyelles Parish",5,64,467,210,257
050,22,009,"Louisiana","Avoyelles Parish",5,65,482,224,258
050,22,009,"Louisiana","Avoyelles Parish",5,66,479,226,253
050,22,009,"Louisiana","Avoyelles Parish",5,67,454,207,247
050,22,009,"Louisiana","Avoyelles Parish",5,68,435,203,232
050,22,009,"Louisiana","Avoyelles Parish",5,69,418,192,226
050,22,009,"Louisiana","Avoyelles Parish",5,70,423,201,222
050,22,009,"Louisiana","Avoyelles Parish",5,71,424,203,221
050,22,009,"Louisiana","Avoyelles Parish",5,72,379,171,208
050,22,009,"Louisiana","Avoyelles Parish",5,73,340,153,187
050,22,009,"Louisiana","Avoyelles Parish",5,74,323,144,179
050,22,009,"Louisiana","Avoyelles Parish",5,75,320,150,170
050,22,009,"Louisiana","Avoyelles Parish",5,76,317,138,179
050,22,009,"Louisiana","Avoyelles Parish",5,77,226,103,123
050,22,009,"Louisiana","Avoyelles Parish",5,78,219,96,123
050,22,009,"Louisiana","Avoyelles Parish",5,79,214,86,128
050,22,009,"Louisiana","Avoyelles Parish",5,80,207,92,115
050,22,009,"Louisiana","Avoyelles Parish",5,81,194,85,109
050,22,009,"Louisiana","Avoyelles Parish",5,82,155,55,100
050,22,009,"Louisiana","Avoyelles Parish",5,83,146,65,81
050,22,009,"Louisiana","Avoyelles Parish",5,84,125,48,77
050,22,009,"Louisiana","Avoyelles Parish",5,85,812,284,528
050,22,011,"Louisiana","Beauregard Parish",1,0,490,247,243
050,22,011,"Louisiana","Beauregard Parish",1,1,510,256,254
050,22,011,"Louisiana","Beauregard Parish",1,2,530,275,255
050,22,011,"Louisiana","Beauregard Parish",1,3,524,274,250
050,22,011,"Louisiana","Beauregard Parish",1,4,531,264,267
050,22,011,"Louisiana","Beauregard Parish",1,5,517,250,267
050,22,011,"Louisiana","Beauregard Parish",1,6,510,260,250
050,22,011,"Louisiana","Beauregard Parish",1,7,513,275,238
050,22,011,"Louisiana","Beauregard Parish",1,8,488,271,217
050,22,011,"Louisiana","Beauregard Parish",1,9,500,268,232
050,22,011,"Louisiana","Beauregard Parish",1,10,497,257,240
050,22,011,"Louisiana","Beauregard Parish",1,11,494,254,240
050,22,011,"Louisiana","Beauregard Parish",1,12,517,276,241
050,22,011,"Louisiana","Beauregard Parish",1,13,565,310,255
050,22,011,"Louisiana","Beauregard Parish",1,14,531,285,246
050,22,011,"Louisiana","Beauregard Parish",1,15,483,248,235
050,22,011,"Louisiana","Beauregard Parish",1,16,491,247,244
050,22,011,"Louisiana","Beauregard Parish",1,17,531,277,254
050,22,011,"Louisiana","Beauregard Parish",1,18,433,229,204
050,22,011,"Louisiana","Beauregard Parish",1,19,401,231,170
050,22,011,"Louisiana","Beauregard Parish",1,20,382,211,171
050,22,011,"Louisiana","Beauregard Parish",1,21,386,211,175
050,22,011,"Louisiana","Beauregard Parish",1,22,435,242,193
050,22,011,"Louisiana","Beauregard Parish",1,23,472,272,200
050,22,011,"Louisiana","Beauregard Parish",1,24,452,246,206
050,22,011,"Louisiana","Beauregard Parish",1,25,463,240,223
050,22,011,"Louisiana","Beauregard Parish",1,26,485,265,220
050,22,011,"Louisiana","Beauregard Parish",1,27,499,285,214
050,22,011,"Louisiana","Beauregard Parish",1,28,497,255,242
050,22,011,"Louisiana","Beauregard Parish",1,29,529,294,235
050,22,011,"Louisiana","Beauregard Parish",1,30,532,310,222
050,22,011,"Louisiana","Beauregard Parish",1,31,470,262,208
050,22,011,"Louisiana","Beauregard Parish",1,32,484,265,219
050,22,011,"Louisiana","Beauregard Parish",1,33,466,232,234
050,22,011,"Louisiana","Beauregard Parish",1,34,510,292,218
050,22,011,"Louisiana","Beauregard Parish",1,35,413,204,209
050,22,011,"Louisiana","Beauregard Parish",1,36,524,300,224
050,22,011,"Louisiana","Beauregard Parish",1,37,471,231,240
050,22,011,"Louisiana","Beauregard Parish",1,38,497,265,232
050,22,011,"Louisiana","Beauregard Parish",1,39,465,238,227
050,22,011,"Louisiana","Beauregard Parish",1,40,450,219,231
050,22,011,"Louisiana","Beauregard Parish",1,41,419,198,221
050,22,011,"Louisiana","Beauregard Parish",1,42,436,216,220
050,22,011,"Louisiana","Beauregard Parish",1,43,434,219,215
050,22,011,"Louisiana","Beauregard Parish",1,44,486,267,219
050,22,011,"Louisiana","Beauregard Parish",1,45,452,227,225
050,22,011,"Louisiana","Beauregard Parish",1,46,437,227,210
050,22,011,"Louisiana","Beauregard Parish",1,47,429,224,205
050,22,011,"Louisiana","Beauregard Parish",1,48,482,256,226
050,22,011,"Louisiana","Beauregard Parish",1,49,506,248,258
050,22,011,"Louisiana","Beauregard Parish",1,50,464,219,245
050,22,011,"Louisiana","Beauregard Parish",1,51,440,231,209
050,22,011,"Louisiana","Beauregard Parish",1,52,437,233,204
050,22,011,"Louisiana","Beauregard Parish",1,53,413,192,221
050,22,011,"Louisiana","Beauregard Parish",1,54,417,214,203
050,22,011,"Louisiana","Beauregard Parish",1,55,458,224,234
050,22,011,"Louisiana","Beauregard Parish",1,56,467,229,238
050,22,011,"Louisiana","Beauregard Parish",1,57,477,236,241
050,22,011,"Louisiana","Beauregard Parish",1,58,436,202,234
050,22,011,"Louisiana","Beauregard Parish",1,59,444,222,222
050,22,011,"Louisiana","Beauregard Parish",1,60,503,261,242
050,22,011,"Louisiana","Beauregard Parish",1,61,508,263,245
050,22,011,"Louisiana","Beauregard Parish",1,62,461,216,245
050,22,011,"Louisiana","Beauregard Parish",1,63,448,219,229
050,22,011,"Louisiana","Beauregard Parish",1,64,393,188,205
050,22,011,"Louisiana","Beauregard Parish",1,65,404,205,199
050,22,011,"Louisiana","Beauregard Parish",1,66,425,204,221
050,22,011,"Louisiana","Beauregard Parish",1,67,426,196,230
050,22,011,"Louisiana","Beauregard Parish",1,68,394,184,210
050,22,011,"Louisiana","Beauregard Parish",1,69,363,167,196
050,22,011,"Louisiana","Beauregard Parish",1,70,353,167,186
050,22,011,"Louisiana","Beauregard Parish",1,71,319,150,169
050,22,011,"Louisiana","Beauregard Parish",1,72,324,144,180
050,22,011,"Louisiana","Beauregard Parish",1,73,334,163,171
050,22,011,"Louisiana","Beauregard Parish",1,74,208,101,107
050,22,011,"Louisiana","Beauregard Parish",1,75,227,106,121
050,22,011,"Louisiana","Beauregard Parish",1,76,238,102,136
050,22,011,"Louisiana","Beauregard Parish",1,77,222,105,117
050,22,011,"Louisiana","Beauregard Parish",1,78,191,81,110
050,22,011,"Louisiana","Beauregard Parish",1,79,170,70,100
050,22,011,"Louisiana","Beauregard Parish",1,80,172,81,91
050,22,011,"Louisiana","Beauregard Parish",1,81,146,66,80
050,22,011,"Louisiana","Beauregard Parish",1,82,121,56,65
050,22,011,"Louisiana","Beauregard Parish",1,83,107,46,61
050,22,011,"Louisiana","Beauregard Parish",1,84,106,50,56
050,22,011,"Louisiana","Beauregard Parish",1,85,520,211,309
050,22,011,"Louisiana","Beauregard Parish",2,0,480,244,236
050,22,011,"Louisiana","Beauregard Parish",2,1,503,253,250
050,22,011,"Louisiana","Beauregard Parish",2,2,529,273,256
050,22,011,"Louisiana","Beauregard Parish",2,3,526,274,252
050,22,011,"Louisiana","Beauregard Parish",2,4,535,267,268
050,22,011,"Louisiana","Beauregard Parish",2,5,519,250,269
050,22,011,"Louisiana","Beauregard Parish",2,6,513,259,254
050,22,011,"Louisiana","Beauregard Parish",2,7,513,274,239
050,22,011,"Louisiana","Beauregard Parish",2,8,496,272,224
050,22,011,"Louisiana","Beauregard Parish",2,9,497,268,229
050,22,011,"Louisiana","Beauregard Parish",2,10,501,260,241
050,22,011,"Louisiana","Beauregard Parish",2,11,493,256,237
050,22,011,"Louisiana","Beauregard Parish",2,12,515,274,241
050,22,011,"Louisiana","Beauregard Parish",2,13,555,301,254
050,22,011,"Louisiana","Beauregard Parish",2,14,535,289,246
050,22,011,"Louisiana","Beauregard Parish",2,15,491,256,235
050,22,011,"Louisiana","Beauregard Parish",2,16,495,251,244
050,22,011,"Louisiana","Beauregard Parish",2,17,518,270,248
050,22,011,"Louisiana","Beauregard Parish",2,18,431,229,202
050,22,011,"Louisiana","Beauregard Parish",2,19,400,231,169
050,22,011,"Louisiana","Beauregard Parish",2,20,384,208,176
050,22,011,"Louisiana","Beauregard Parish",2,21,394,219,175
050,22,011,"Louisiana","Beauregard Parish",2,22,431,238,193
050,22,011,"Louisiana","Beauregard Parish",2,23,486,282,204
050,22,011,"Louisiana","Beauregard Parish",2,24,450,243,207
050,22,011,"Louisiana","Beauregard Parish",2,25,466,243,223
050,22,011,"Louisiana","Beauregard Parish",2,26,483,264,219
050,22,011,"Louisiana","Beauregard Parish",2,27,494,277,217
050,22,011,"Louisiana","Beauregard Parish",2,28,504,268,236
050,22,011,"Louisiana","Beauregard Parish",2,29,526,289,237
050,22,011,"Louisiana","Beauregard Parish",2,30,538,312,226
050,22,011,"Louisiana","Beauregard Parish",2,31,479,269,210
050,22,011,"Louisiana","Beauregard Parish",2,32,494,273,221
050,22,011,"Louisiana","Beauregard Parish",2,33,458,226,232
050,22,011,"Louisiana","Beauregard Parish",2,34,513,293,220
050,22,011,"Louisiana","Beauregard Parish",2,35,425,211,214
050,22,011,"Louisiana","Beauregard Parish",2,36,519,298,221
050,22,011,"Louisiana","Beauregard Parish",2,37,469,231,238
050,22,011,"Louisiana","Beauregard Parish",2,38,495,260,235
050,22,011,"Louisiana","Beauregard Parish",2,39,469,240,229
050,22,011,"Louisiana","Beauregard Parish",2,40,456,226,230
050,22,011,"Louisiana","Beauregard Parish",2,41,421,200,221
050,22,011,"Louisiana","Beauregard Parish",2,42,429,211,218
050,22,011,"Louisiana","Beauregard Parish",2,43,440,222,218
050,22,011,"Louisiana","Beauregard Parish",2,44,471,256,215
050,22,011,"Louisiana","Beauregard Parish",2,45,455,229,226
050,22,011,"Louisiana","Beauregard Parish",2,46,442,229,213
050,22,011,"Louisiana","Beauregard Parish",2,47,425,221,204
050,22,011,"Louisiana","Beauregard Parish",2,48,472,252,220
050,22,011,"Louisiana","Beauregard Parish",2,49,500,248,252
050,22,011,"Louisiana","Beauregard Parish",2,50,479,230,249
050,22,011,"Louisiana","Beauregard Parish",2,51,446,227,219
050,22,011,"Louisiana","Beauregard Parish",2,52,433,229,204
050,22,011,"Louisiana","Beauregard Parish",2,53,417,201,216
050,22,011,"Louisiana","Beauregard Parish",2,54,415,209,206
050,22,011,"Louisiana","Beauregard Parish",2,55,444,218,226
050,22,011,"Louisiana","Beauregard Parish",2,56,471,232,239
050,22,011,"Louisiana","Beauregard Parish",2,57,477,236,241
050,22,011,"Louisiana","Beauregard Parish",2,58,445,209,236
050,22,011,"Louisiana","Beauregard Parish",2,59,442,217,225
050,22,011,"Louisiana","Beauregard Parish",2,60,485,250,235
050,22,011,"Louisiana","Beauregard Parish",2,61,507,262,245
050,22,011,"Louisiana","Beauregard Parish",2,62,470,226,244
050,22,011,"Louisiana","Beauregard Parish",2,63,456,220,236
050,22,011,"Louisiana","Beauregard Parish",2,64,404,194,210
050,22,011,"Louisiana","Beauregard Parish",2,65,403,201,202
050,22,011,"Louisiana","Beauregard Parish",2,66,418,204,214
050,22,011,"Louisiana","Beauregard Parish",2,67,421,195,226
050,22,011,"Louisiana","Beauregard Parish",2,68,396,183,213
050,22,011,"Louisiana","Beauregard Parish",2,69,371,171,200
050,22,011,"Louisiana","Beauregard Parish",2,70,349,165,184
050,22,011,"Louisiana","Beauregard Parish",2,71,326,155,171
050,22,011,"Louisiana","Beauregard Parish",2,72,311,143,168
050,22,011,"Louisiana","Beauregard Parish",2,73,345,163,182
050,22,011,"Louisiana","Beauregard Parish",2,74,223,108,115
050,22,011,"Louisiana","Beauregard Parish",2,75,221,104,117
050,22,011,"Louisiana","Beauregard Parish",2,76,225,99,126
050,22,011,"Louisiana","Beauregard Parish",2,77,231,107,124
050,22,011,"Louisiana","Beauregard Parish",2,78,187,80,107
050,22,011,"Louisiana","Beauregard Parish",2,79,174,72,102
050,22,011,"Louisiana","Beauregard Parish",2,80,168,76,92
050,22,011,"Louisiana","Beauregard Parish",2,81,149,69,80
050,22,011,"Louisiana","Beauregard Parish",2,82,127,58,69
050,22,011,"Louisiana","Beauregard Parish",2,83,105,47,58
050,22,011,"Louisiana","Beauregard Parish",2,84,104,46,58
050,22,011,"Louisiana","Beauregard Parish",2,85,527,216,311
050,22,011,"Louisiana","Beauregard Parish",3,0,525,280,245
050,22,011,"Louisiana","Beauregard Parish",3,1,489,256,233
050,22,011,"Louisiana","Beauregard Parish",3,2,497,238,259
050,22,011,"Louisiana","Beauregard Parish",3,3,529,278,251
050,22,011,"Louisiana","Beauregard Parish",3,4,514,261,253
050,22,011,"Louisiana","Beauregard Parish",3,5,560,283,277
050,22,011,"Louisiana","Beauregard Parish",3,6,521,252,269
050,22,011,"Louisiana","Beauregard Parish",3,7,529,278,251
050,22,011,"Louisiana","Beauregard Parish",3,8,512,272,240
050,22,011,"Louisiana","Beauregard Parish",3,9,492,271,221
050,22,011,"Louisiana","Beauregard Parish",3,10,503,268,235
050,22,011,"Louisiana","Beauregard Parish",3,11,521,267,254
050,22,011,"Louisiana","Beauregard Parish",3,12,495,256,239
050,22,011,"Louisiana","Beauregard Parish",3,13,514,273,241
050,22,011,"Louisiana","Beauregard Parish",3,14,561,305,256
050,22,011,"Louisiana","Beauregard Parish",3,15,525,285,240
050,22,011,"Louisiana","Beauregard Parish",3,16,500,257,243
050,22,011,"Louisiana","Beauregard Parish",3,17,495,248,247
050,22,011,"Louisiana","Beauregard Parish",3,18,422,232,190
050,22,011,"Louisiana","Beauregard Parish",3,19,399,240,159
050,22,011,"Louisiana","Beauregard Parish",3,20,377,206,171
050,22,011,"Louisiana","Beauregard Parish",3,21,398,212,186
050,22,011,"Louisiana","Beauregard Parish",3,22,426,232,194
050,22,011,"Louisiana","Beauregard Parish",3,23,499,296,203
050,22,011,"Louisiana","Beauregard Parish",3,24,449,233,216
050,22,011,"Louisiana","Beauregard Parish",3,25,454,248,206
050,22,011,"Louisiana","Beauregard Parish",3,26,459,230,229
050,22,011,"Louisiana","Beauregard Parish",3,27,491,268,223
050,22,011,"Louisiana","Beauregard Parish",3,28,491,280,211
050,22,011,"Louisiana","Beauregard Parish",3,29,508,271,237
050,22,011,"Louisiana","Beauregard Parish",3,30,530,299,231
050,22,011,"Louisiana","Beauregard Parish",3,31,523,283,240
050,22,011,"Louisiana","Beauregard Parish",3,32,513,304,209
050,22,011,"Louisiana","Beauregard Parish",3,33,446,228,218
050,22,011,"Louisiana","Beauregard Parish",3,34,508,289,219
050,22,011,"Louisiana","Beauregard Parish",3,35,443,221,222
050,22,011,"Louisiana","Beauregard Parish",3,36,508,297,211
050,22,011,"Louisiana","Beauregard Parish",3,37,451,220,231
050,22,011,"Louisiana","Beauregard Parish",3,38,474,243,231
050,22,011,"Louisiana","Beauregard Parish",3,39,483,256,227
050,22,011,"Louisiana","Beauregard Parish",3,40,472,246,226
050,22,011,"Louisiana","Beauregard Parish",3,41,459,222,237
050,22,011,"Louisiana","Beauregard Parish",3,42,429,215,214
050,22,011,"Louisiana","Beauregard Parish",3,43,433,223,210
050,22,011,"Louisiana","Beauregard Parish",3,44,462,246,216
050,22,011,"Louisiana","Beauregard Parish",3,45,450,230,220
050,22,011,"Louisiana","Beauregard Parish",3,46,461,240,221
050,22,011,"Louisiana","Beauregard Parish",3,47,424,209,215
050,22,011,"Louisiana","Beauregard Parish",3,48,429,227,202
050,22,011,"Louisiana","Beauregard Parish",3,49,463,244,219
050,22,011,"Louisiana","Beauregard Parish",3,50,496,253,243
050,22,011,"Louisiana","Beauregard Parish",3,51,486,232,254
050,22,011,"Louisiana","Beauregard Parish",3,52,427,215,212
050,22,011,"Louisiana","Beauregard Parish",3,53,435,231,204
050,22,011,"Louisiana","Beauregard Parish",3,54,412,200,212
050,22,011,"Louisiana","Beauregard Parish",3,55,408,203,205
050,22,011,"Louisiana","Beauregard Parish",3,56,449,220,229
050,22,011,"Louisiana","Beauregard Parish",3,57,473,233,240
050,22,011,"Louisiana","Beauregard Parish",3,58,472,230,242
050,22,011,"Louisiana","Beauregard Parish",3,59,447,211,236
050,22,011,"Louisiana","Beauregard Parish",3,60,438,212,226
050,22,011,"Louisiana","Beauregard Parish",3,61,470,244,226
050,22,011,"Louisiana","Beauregard Parish",3,62,493,250,243
050,22,011,"Louisiana","Beauregard Parish",3,63,452,213,239
050,22,011,"Louisiana","Beauregard Parish",3,64,457,219,238
050,22,011,"Louisiana","Beauregard Parish",3,65,387,189,198
050,22,011,"Louisiana","Beauregard Parish",3,66,410,201,209
050,22,011,"Louisiana","Beauregard Parish",3,67,407,200,207
050,22,011,"Louisiana","Beauregard Parish",3,68,417,193,224
050,22,011,"Louisiana","Beauregard Parish",3,69,383,175,208
050,22,011,"Louisiana","Beauregard Parish",3,70,349,161,188
050,22,011,"Louisiana","Beauregard Parish",3,71,338,157,181
050,22,011,"Louisiana","Beauregard Parish",3,72,307,142,165
050,22,011,"Louisiana","Beauregard Parish",3,73,306,140,166
050,22,011,"Louisiana","Beauregard Parish",3,74,322,152,170
050,22,011,"Louisiana","Beauregard Parish",3,75,213,101,112
050,22,011,"Louisiana","Beauregard Parish",3,76,211,98,113
050,22,011,"Louisiana","Beauregard Parish",3,77,213,97,116
050,22,011,"Louisiana","Beauregard Parish",3,78,216,99,117
050,22,011,"Louisiana","Beauregard Parish",3,79,176,77,99
050,22,011,"Louisiana","Beauregard Parish",3,80,159,64,95
050,22,011,"Louisiana","Beauregard Parish",3,81,155,67,88
050,22,011,"Louisiana","Beauregard Parish",3,82,144,69,75
050,22,011,"Louisiana","Beauregard Parish",3,83,112,51,61
050,22,011,"Louisiana","Beauregard Parish",3,84,87,38,49
050,22,011,"Louisiana","Beauregard Parish",3,85,525,219,306
050,22,011,"Louisiana","Beauregard Parish",4,0,503,266,237
050,22,011,"Louisiana","Beauregard Parish",4,1,510,271,239
050,22,011,"Louisiana","Beauregard Parish",4,2,498,262,236
050,22,011,"Louisiana","Beauregard Parish",4,3,500,237,263
050,22,011,"Louisiana","Beauregard Parish",4,4,544,284,260
050,22,011,"Louisiana","Beauregard Parish",4,5,515,256,259
050,22,011,"Louisiana","Beauregard Parish",4,6,557,272,285
050,22,011,"Louisiana","Beauregard Parish",4,7,533,256,277
050,22,011,"Louisiana","Beauregard Parish",4,8,521,284,237
050,22,011,"Louisiana","Beauregard Parish",4,9,530,282,248
050,22,011,"Louisiana","Beauregard Parish",4,10,514,274,240
050,22,011,"Louisiana","Beauregard Parish",4,11,499,265,234
050,22,011,"Louisiana","Beauregard Parish",4,12,501,261,240
050,22,011,"Louisiana","Beauregard Parish",4,13,503,260,243
050,22,011,"Louisiana","Beauregard Parish",4,14,503,269,234
050,22,011,"Louisiana","Beauregard Parish",4,15,562,294,268
050,22,011,"Louisiana","Beauregard Parish",4,16,531,292,239
050,22,011,"Louisiana","Beauregard Parish",4,17,495,261,234
050,22,011,"Louisiana","Beauregard Parish",4,18,415,210,205
050,22,011,"Louisiana","Beauregard Parish",4,19,381,229,152
050,22,011,"Louisiana","Beauregard Parish",4,20,366,200,166
050,22,011,"Louisiana","Beauregard Parish",4,21,381,213,168
050,22,011,"Louisiana","Beauregard Parish",4,22,421,229,192
050,22,011,"Louisiana","Beauregard Parish",4,23,464,280,184
050,22,011,"Louisiana","Beauregard Parish",4,24,435,249,186
050,22,011,"Louisiana","Beauregard Parish",4,25,445,230,215
050,22,011,"Louisiana","Beauregard Parish",4,26,482,257,225
050,22,011,"Louisiana","Beauregard Parish",4,27,449,228,221
050,22,011,"Louisiana","Beauregard Parish",4,28,503,265,238
050,22,011,"Louisiana","Beauregard Parish",4,29,535,305,230
050,22,011,"Louisiana","Beauregard Parish",4,30,539,293,246
050,22,011,"Louisiana","Beauregard Parish",4,31,509,278,231
050,22,011,"Louisiana","Beauregard Parish",4,32,570,322,248
050,22,011,"Louisiana","Beauregard Parish",4,33,466,253,213
050,22,011,"Louisiana","Beauregard Parish",4,34,528,306,222
050,22,011,"Louisiana","Beauregard Parish",4,35,429,208,221
050,22,011,"Louisiana","Beauregard Parish",4,36,522,306,216
050,22,011,"Louisiana","Beauregard Parish",4,37,431,226,205
050,22,011,"Louisiana","Beauregard Parish",4,38,464,223,241
050,22,011,"Louisiana","Beauregard Parish",4,39,463,225,238
050,22,011,"Louisiana","Beauregard Parish",4,40,495,258,237
050,22,011,"Louisiana","Beauregard Parish",4,41,440,222,218
050,22,011,"Louisiana","Beauregard Parish",4,42,448,227,221
050,22,011,"Louisiana","Beauregard Parish",4,43,449,228,221
050,22,011,"Louisiana","Beauregard Parish",4,44,439,239,200
050,22,011,"Louisiana","Beauregard Parish",4,45,417,215,202
050,22,011,"Louisiana","Beauregard Parish",4,46,441,230,211
050,22,011,"Louisiana","Beauregard Parish",4,47,449,230,219
050,22,011,"Louisiana","Beauregard Parish",4,48,428,209,219
050,22,011,"Louisiana","Beauregard Parish",4,49,405,215,190
050,22,011,"Louisiana","Beauregard Parish",4,50,468,250,218
050,22,011,"Louisiana","Beauregard Parish",4,51,485,242,243
050,22,011,"Louisiana","Beauregard Parish",4,52,477,223,254
050,22,011,"Louisiana","Beauregard Parish",4,53,411,200,211
050,22,011,"Louisiana","Beauregard Parish",4,54,440,237,203
050,22,011,"Louisiana","Beauregard Parish",4,55,406,195,211
050,22,011,"Louisiana","Beauregard Parish",4,56,404,201,203
050,22,011,"Louisiana","Beauregard Parish",4,57,457,221,236
050,22,011,"Louisiana","Beauregard Parish",4,58,471,228,243
050,22,011,"Louisiana","Beauregard Parish",4,59,458,221,237
050,22,011,"Louisiana","Beauregard Parish",4,60,440,210,230
050,22,011,"Louisiana","Beauregard Parish",4,61,427,207,220
050,22,011,"Louisiana","Beauregard Parish",4,62,470,240,230
050,22,011,"Louisiana","Beauregard Parish",4,63,477,242,235
050,22,011,"Louisiana","Beauregard Parish",4,64,450,213,237
050,22,011,"Louisiana","Beauregard Parish",4,65,445,211,234
050,22,011,"Louisiana","Beauregard Parish",4,66,385,186,199
050,22,011,"Louisiana","Beauregard Parish",4,67,401,202,199
050,22,011,"Louisiana","Beauregard Parish",4,68,404,198,206
050,22,011,"Louisiana","Beauregard Parish",4,69,403,181,222
050,22,011,"Louisiana","Beauregard Parish",4,70,363,164,199
050,22,011,"Louisiana","Beauregard Parish",4,71,341,158,183
050,22,011,"Louisiana","Beauregard Parish",4,72,329,152,177
050,22,011,"Louisiana","Beauregard Parish",4,73,292,129,163
050,22,011,"Louisiana","Beauregard Parish",4,74,290,137,153
050,22,011,"Louisiana","Beauregard Parish",4,75,312,145,167
050,22,011,"Louisiana","Beauregard Parish",4,76,204,98,106
050,22,011,"Louisiana","Beauregard Parish",4,77,203,98,105
050,22,011,"Louisiana","Beauregard Parish",4,78,196,89,107
050,22,011,"Louisiana","Beauregard Parish",4,79,203,95,108
050,22,011,"Louisiana","Beauregard Parish",4,80,168,74,94
050,22,011,"Louisiana","Beauregard Parish",4,81,144,55,89
050,22,011,"Louisiana","Beauregard Parish",4,82,141,64,77
050,22,011,"Louisiana","Beauregard Parish",4,83,131,63,68
050,22,011,"Louisiana","Beauregard Parish",4,84,89,38,51
050,22,011,"Louisiana","Beauregard Parish",4,85,511,217,294
050,22,011,"Louisiana","Beauregard Parish",5,0,506,267,239
050,22,011,"Louisiana","Beauregard Parish",5,1,529,271,258
050,22,011,"Louisiana","Beauregard Parish",5,2,522,277,245
050,22,011,"Louisiana","Beauregard Parish",5,3,507,278,229
050,22,011,"Louisiana","Beauregard Parish",5,4,515,251,264
050,22,011,"Louisiana","Beauregard Parish",5,5,546,284,262
050,22,011,"Louisiana","Beauregard Parish",5,6,520,262,258
050,22,011,"Louisiana","Beauregard Parish",5,7,578,291,287
050,22,011,"Louisiana","Beauregard Parish",5,8,531,249,282
050,22,011,"Louisiana","Beauregard Parish",5,9,526,280,246
050,22,011,"Louisiana","Beauregard Parish",5,10,516,279,237
050,22,011,"Louisiana","Beauregard Parish",5,11,501,272,229
050,22,011,"Louisiana","Beauregard Parish",5,12,504,261,243
050,22,011,"Louisiana","Beauregard Parish",5,13,512,260,252
050,22,011,"Louisiana","Beauregard Parish",5,14,493,249,244
050,22,011,"Louisiana","Beauregard Parish",5,15,486,256,230
050,22,011,"Louisiana","Beauregard Parish",5,16,576,299,277
050,22,011,"Louisiana","Beauregard Parish",5,17,523,278,245
050,22,011,"Louisiana","Beauregard Parish",5,18,408,220,188
050,22,011,"Louisiana","Beauregard Parish",5,19,359,206,153
050,22,011,"Louisiana","Beauregard Parish",5,20,365,203,162
050,22,011,"Louisiana","Beauregard Parish",5,21,391,211,180
050,22,011,"Louisiana","Beauregard Parish",5,22,407,217,190
050,22,011,"Louisiana","Beauregard Parish",5,23,498,291,207
050,22,011,"Louisiana","Beauregard Parish",5,24,426,237,189
050,22,011,"Louisiana","Beauregard Parish",5,25,440,250,190
050,22,011,"Louisiana","Beauregard Parish",5,26,453,232,221
050,22,011,"Louisiana","Beauregard Parish",5,27,477,253,224
050,22,011,"Louisiana","Beauregard Parish",5,28,489,259,230
050,22,011,"Louisiana","Beauregard Parish",5,29,547,295,252
050,22,011,"Louisiana","Beauregard Parish",5,30,557,322,235
050,22,011,"Louisiana","Beauregard Parish",5,31,519,267,252
050,22,011,"Louisiana","Beauregard Parish",5,32,547,313,234
050,22,011,"Louisiana","Beauregard Parish",5,33,536,281,255
050,22,011,"Louisiana","Beauregard Parish",5,34,555,337,218
050,22,011,"Louisiana","Beauregard Parish",5,35,439,222,217
050,22,011,"Louisiana","Beauregard Parish",5,36,507,291,216
050,22,011,"Louisiana","Beauregard Parish",5,37,451,233,218
050,22,011,"Louisiana","Beauregard Parish",5,38,426,221,205
050,22,011,"Louisiana","Beauregard Parish",5,39,464,224,240
050,22,011,"Louisiana","Beauregard Parish",5,40,482,242,240
050,22,011,"Louisiana","Beauregard Parish",5,41,490,242,248
050,22,011,"Louisiana","Beauregard Parish",5,42,422,213,209
050,22,011,"Louisiana","Beauregard Parish",5,43,452,230,222
050,22,011,"Louisiana","Beauregard Parish",5,44,459,239,220
050,22,011,"Louisiana","Beauregard Parish",5,45,423,213,210
050,22,011,"Louisiana","Beauregard Parish",5,46,433,229,204
050,22,011,"Louisiana","Beauregard Parish",5,47,426,219,207
050,22,011,"Louisiana","Beauregard Parish",5,48,455,237,218
050,22,011,"Louisiana","Beauregard Parish",5,49,431,212,219
050,22,011,"Louisiana","Beauregard Parish",5,50,399,212,187
050,22,011,"Louisiana","Beauregard Parish",5,51,464,243,221
050,22,011,"Louisiana","Beauregard Parish",5,52,481,242,239
050,22,011,"Louisiana","Beauregard Parish",5,53,469,212,257
050,22,011,"Louisiana","Beauregard Parish",5,54,398,194,204
050,22,011,"Louisiana","Beauregard Parish",5,55,432,232,200
050,22,011,"Louisiana","Beauregard Parish",5,56,405,196,209
050,22,011,"Louisiana","Beauregard Parish",5,57,408,208,200
050,22,011,"Louisiana","Beauregard Parish",5,58,454,213,241
050,22,011,"Louisiana","Beauregard Parish",5,59,460,221,239
050,22,011,"Louisiana","Beauregard Parish",5,60,444,213,231
050,22,011,"Louisiana","Beauregard Parish",5,61,429,203,226
050,22,011,"Louisiana","Beauregard Parish",5,62,424,204,220
050,22,011,"Louisiana","Beauregard Parish",5,63,458,231,227
050,22,011,"Louisiana","Beauregard Parish",5,64,483,245,238
050,22,011,"Louisiana","Beauregard Parish",5,65,441,207,234
050,22,011,"Louisiana","Beauregard Parish",5,66,443,211,232
050,22,011,"Louisiana","Beauregard Parish",5,67,375,181,194
050,22,011,"Louisiana","Beauregard Parish",5,68,391,195,196
050,22,011,"Louisiana","Beauregard Parish",5,69,395,190,205
050,22,011,"Louisiana","Beauregard Parish",5,70,376,165,211
050,22,011,"Louisiana","Beauregard Parish",5,71,356,161,195
050,22,011,"Louisiana","Beauregard Parish",5,72,330,155,175
050,22,011,"Louisiana","Beauregard Parish",5,73,322,144,178
050,22,011,"Louisiana","Beauregard Parish",5,74,282,124,158
050,22,011,"Louisiana","Beauregard Parish",5,75,292,140,152
050,22,011,"Louisiana","Beauregard Parish",5,76,304,139,165
050,22,011,"Louisiana","Beauregard Parish",5,77,189,93,96
050,22,011,"Louisiana","Beauregard Parish",5,78,186,89,97
050,22,011,"Louisiana","Beauregard Parish",5,79,181,82,99
050,22,011,"Louisiana","Beauregard Parish",5,80,194,90,104
050,22,011,"Louisiana","Beauregard Parish",5,81,157,66,91
050,22,011,"Louisiana","Beauregard Parish",5,82,138,55,83
050,22,011,"Louisiana","Beauregard Parish",5,83,123,56,67
050,22,011,"Louisiana","Beauregard Parish",5,84,111,52,59
050,22,011,"Louisiana","Beauregard Parish",5,85,508,216,292
050,22,013,"Louisiana","Bienville Parish",1,0,150,79,71
050,22,013,"Louisiana","Bienville Parish",1,1,155,74,81
050,22,013,"Louisiana","Bienville Parish",1,2,153,71,82
050,22,013,"Louisiana","Bienville Parish",1,3,150,72,78
050,22,013,"Louisiana","Bienville Parish",1,4,172,80,92
050,22,013,"Louisiana","Bienville Parish",1,5,155,76,79
050,22,013,"Louisiana","Bienville Parish",1,6,168,86,82
050,22,013,"Louisiana","Bienville Parish",1,7,156,85,71
050,22,013,"Louisiana","Bienville Parish",1,8,182,90,92
050,22,013,"Louisiana","Bienville Parish",1,9,153,76,77
050,22,013,"Louisiana","Bienville Parish",1,10,141,72,69
050,22,013,"Louisiana","Bienville Parish",1,11,175,96,79
050,22,013,"Louisiana","Bienville Parish",1,12,179,104,75
050,22,013,"Louisiana","Bienville Parish",1,13,184,91,93
050,22,013,"Louisiana","Bienville Parish",1,14,170,85,85
050,22,013,"Louisiana","Bienville Parish",1,15,165,83,82
050,22,013,"Louisiana","Bienville Parish",1,16,171,81,90
050,22,013,"Louisiana","Bienville Parish",1,17,157,75,82
050,22,013,"Louisiana","Bienville Parish",1,18,150,73,77
050,22,013,"Louisiana","Bienville Parish",1,19,121,63,58
050,22,013,"Louisiana","Bienville Parish",1,20,113,63,50
050,22,013,"Louisiana","Bienville Parish",1,21,124,65,59
050,22,013,"Louisiana","Bienville Parish",1,22,134,65,69
050,22,013,"Louisiana","Bienville Parish",1,23,130,69,61
050,22,013,"Louisiana","Bienville Parish",1,24,131,64,67
050,22,013,"Louisiana","Bienville Parish",1,25,137,77,60
050,22,013,"Louisiana","Bienville Parish",1,26,138,65,73
050,22,013,"Louisiana","Bienville Parish",1,27,157,75,82
050,22,013,"Louisiana","Bienville Parish",1,28,175,86,89
050,22,013,"Louisiana","Bienville Parish",1,29,153,62,91
050,22,013,"Louisiana","Bienville Parish",1,30,146,76,70
050,22,013,"Louisiana","Bienville Parish",1,31,154,75,79
050,22,013,"Louisiana","Bienville Parish",1,32,143,67,76
050,22,013,"Louisiana","Bienville Parish",1,33,138,61,77
050,22,013,"Louisiana","Bienville Parish",1,34,161,83,78
050,22,013,"Louisiana","Bienville Parish",1,35,168,84,84
050,22,013,"Louisiana","Bienville Parish",1,36,156,65,91
050,22,013,"Louisiana","Bienville Parish",1,37,150,75,75
050,22,013,"Louisiana","Bienville Parish",1,38,147,75,72
050,22,013,"Louisiana","Bienville Parish",1,39,146,73,73
050,22,013,"Louisiana","Bienville Parish",1,40,135,59,76
050,22,013,"Louisiana","Bienville Parish",1,41,141,58,83
050,22,013,"Louisiana","Bienville Parish",1,42,139,70,69
050,22,013,"Louisiana","Bienville Parish",1,43,132,74,58
050,22,013,"Louisiana","Bienville Parish",1,44,121,55,66
050,22,013,"Louisiana","Bienville Parish",1,45,126,59,67
050,22,013,"Louisiana","Bienville Parish",1,46,119,57,62
050,22,013,"Louisiana","Bienville Parish",1,47,130,67,63
050,22,013,"Louisiana","Bienville Parish",1,48,149,76,73
050,22,013,"Louisiana","Bienville Parish",1,49,172,97,75
050,22,013,"Louisiana","Bienville Parish",1,50,165,81,84
050,22,013,"Louisiana","Bienville Parish",1,51,168,82,86
050,22,013,"Louisiana","Bienville Parish",1,52,169,90,79
050,22,013,"Louisiana","Bienville Parish",1,53,160,80,80
050,22,013,"Louisiana","Bienville Parish",1,54,174,82,92
050,22,013,"Louisiana","Bienville Parish",1,55,180,86,94
050,22,013,"Louisiana","Bienville Parish",1,56,201,100,101
050,22,013,"Louisiana","Bienville Parish",1,57,184,86,98
050,22,013,"Louisiana","Bienville Parish",1,58,235,110,125
050,22,013,"Louisiana","Bienville Parish",1,59,225,107,118
050,22,013,"Louisiana","Bienville Parish",1,60,207,108,99
050,22,013,"Louisiana","Bienville Parish",1,61,196,104,92
050,22,013,"Louisiana","Bienville Parish",1,62,177,87,90
050,22,013,"Louisiana","Bienville Parish",1,63,164,71,93
050,22,013,"Louisiana","Bienville Parish",1,64,161,83,78
050,22,013,"Louisiana","Bienville Parish",1,65,166,83,83
050,22,013,"Louisiana","Bienville Parish",1,66,183,94,89
050,22,013,"Louisiana","Bienville Parish",1,67,179,83,96
050,22,013,"Louisiana","Bienville Parish",1,68,163,74,89
050,22,013,"Louisiana","Bienville Parish",1,69,154,72,82
050,22,013,"Louisiana","Bienville Parish",1,70,135,68,67
050,22,013,"Louisiana","Bienville Parish",1,71,121,64,57
050,22,013,"Louisiana","Bienville Parish",1,72,138,64,74
050,22,013,"Louisiana","Bienville Parish",1,73,147,67,80
050,22,013,"Louisiana","Bienville Parish",1,74,120,52,68
050,22,013,"Louisiana","Bienville Parish",1,75,102,48,54
050,22,013,"Louisiana","Bienville Parish",1,76,103,47,56
050,22,013,"Louisiana","Bienville Parish",1,77,111,50,61
050,22,013,"Louisiana","Bienville Parish",1,78,113,47,66
050,22,013,"Louisiana","Bienville Parish",1,79,89,38,51
050,22,013,"Louisiana","Bienville Parish",1,80,97,35,62
050,22,013,"Louisiana","Bienville Parish",1,81,86,34,52
050,22,013,"Louisiana","Bienville Parish",1,82,67,27,40
050,22,013,"Louisiana","Bienville Parish",1,83,56,23,33
050,22,013,"Louisiana","Bienville Parish",1,84,48,17,31
050,22,013,"Louisiana","Bienville Parish",1,85,367,111,256
050,22,013,"Louisiana","Bienville Parish",2,0,156,82,74
050,22,013,"Louisiana","Bienville Parish",2,1,153,73,80
050,22,013,"Louisiana","Bienville Parish",2,2,156,72,84
050,22,013,"Louisiana","Bienville Parish",2,3,152,72,80
050,22,013,"Louisiana","Bienville Parish",2,4,165,78,87
050,22,013,"Louisiana","Bienville Parish",2,5,159,78,81
050,22,013,"Louisiana","Bienville Parish",2,6,166,84,82
050,22,013,"Louisiana","Bienville Parish",2,7,157,84,73
050,22,013,"Louisiana","Bienville Parish",2,8,174,87,87
050,22,013,"Louisiana","Bienville Parish",2,9,155,76,79
050,22,013,"Louisiana","Bienville Parish",2,10,142,72,70
050,22,013,"Louisiana","Bienville Parish",2,11,165,90,75
050,22,013,"Louisiana","Bienville Parish",2,12,178,102,76
050,22,013,"Louisiana","Bienville Parish",2,13,181,93,88
050,22,013,"Louisiana","Bienville Parish",2,14,173,87,86
050,22,013,"Louisiana","Bienville Parish",2,15,166,85,81
050,22,013,"Louisiana","Bienville Parish",2,16,167,81,86
050,22,013,"Louisiana","Bienville Parish",2,17,160,77,83
050,22,013,"Louisiana","Bienville Parish",2,18,145,72,73
050,22,013,"Louisiana","Bienville Parish",2,19,120,62,58
050,22,013,"Louisiana","Bienville Parish",2,20,118,65,53
050,22,013,"Louisiana","Bienville Parish",2,21,121,64,57
050,22,013,"Louisiana","Bienville Parish",2,22,132,66,66
050,22,013,"Louisiana","Bienville Parish",2,23,128,66,62
050,22,013,"Louisiana","Bienville Parish",2,24,129,63,66
050,22,013,"Louisiana","Bienville Parish",2,25,136,74,62
050,22,013,"Louisiana","Bienville Parish",2,26,138,67,71
050,22,013,"Louisiana","Bienville Parish",2,27,154,75,79
050,22,013,"Louisiana","Bienville Parish",2,28,168,82,86
050,22,013,"Louisiana","Bienville Parish",2,29,155,66,89
050,22,013,"Louisiana","Bienville Parish",2,30,148,72,76
050,22,013,"Louisiana","Bienville Parish",2,31,148,74,74
050,22,013,"Louisiana","Bienville Parish",2,32,144,68,76
050,22,013,"Louisiana","Bienville Parish",2,33,138,62,76
050,22,013,"Louisiana","Bienville Parish",2,34,153,76,77
050,22,013,"Louisiana","Bienville Parish",2,35,165,81,84
050,22,013,"Louisiana","Bienville Parish",2,36,158,69,89
050,22,013,"Louisiana","Bienville Parish",2,37,150,72,78
050,22,013,"Louisiana","Bienville Parish",2,38,148,74,74
050,22,013,"Louisiana","Bienville Parish",2,39,146,74,72
050,22,013,"Louisiana","Bienville Parish",2,40,140,62,78
050,22,013,"Louisiana","Bienville Parish",2,41,138,58,80
050,22,013,"Louisiana","Bienville Parish",2,42,138,68,70
050,22,013,"Louisiana","Bienville Parish",2,43,133,73,60
050,22,013,"Louisiana","Bienville Parish",2,44,123,59,64
050,22,013,"Louisiana","Bienville Parish",2,45,126,58,68
050,22,013,"Louisiana","Bienville Parish",2,46,123,60,63
050,22,013,"Louisiana","Bienville Parish",2,47,125,63,62
050,22,013,"Louisiana","Bienville Parish",2,48,142,74,68
050,22,013,"Louisiana","Bienville Parish",2,49,167,91,76
050,22,013,"Louisiana","Bienville Parish",2,50,168,85,83
050,22,013,"Louisiana","Bienville Parish",2,51,166,81,85
050,22,013,"Louisiana","Bienville Parish",2,52,167,87,80
050,22,013,"Louisiana","Bienville Parish",2,53,160,81,79
050,22,013,"Louisiana","Bienville Parish",2,54,170,82,88
050,22,013,"Louisiana","Bienville Parish",2,55,180,85,95
050,22,013,"Louisiana","Bienville Parish",2,56,193,96,97
050,22,013,"Louisiana","Bienville Parish",2,57,188,88,100
050,22,013,"Louisiana","Bienville Parish",2,58,220,102,118
050,22,013,"Louisiana","Bienville Parish",2,59,229,109,120
050,22,013,"Louisiana","Bienville Parish",2,60,211,109,102
050,22,013,"Louisiana","Bienville Parish",2,61,198,105,93
050,22,013,"Louisiana","Bienville Parish",2,62,180,90,90
050,22,013,"Louisiana","Bienville Parish",2,63,166,74,92
050,22,013,"Louisiana","Bienville Parish",2,64,157,79,78
050,22,013,"Louisiana","Bienville Parish",2,65,164,82,82
050,22,013,"Louisiana","Bienville Parish",2,66,179,92,87
050,22,013,"Louisiana","Bienville Parish",2,67,181,86,95
050,22,013,"Louisiana","Bienville Parish",2,68,162,75,87
050,22,013,"Louisiana","Bienville Parish",2,69,158,73,85
050,22,013,"Louisiana","Bienville Parish",2,70,139,69,70
050,22,013,"Louisiana","Bienville Parish",2,71,124,65,59
050,22,013,"Louisiana","Bienville Parish",2,72,130,62,68
050,22,013,"Louisiana","Bienville Parish",2,73,148,67,81
050,22,013,"Louisiana","Bienville Parish",2,74,121,53,68
050,22,013,"Louisiana","Bienville Parish",2,75,103,47,56
050,22,013,"Louisiana","Bienville Parish",2,76,103,47,56
050,22,013,"Louisiana","Bienville Parish",2,77,107,49,58
050,22,013,"Louisiana","Bienville Parish",2,78,110,46,64
050,22,013,"Louisiana","Bienville Parish",2,79,94,39,55
050,22,013,"Louisiana","Bienville Parish",2,80,92,35,57
050,22,013,"Louisiana","Bienville Parish",2,81,85,33,52
050,22,013,"Louisiana","Bienville Parish",2,82,71,29,42
050,22,013,"Louisiana","Bienville Parish",2,83,58,23,35
050,22,013,"Louisiana","Bienville Parish",2,84,49,18,31
050,22,013,"Louisiana","Bienville Parish",2,85,360,110,250
050,22,013,"Louisiana","Bienville Parish",3,0,148,80,68
050,22,013,"Louisiana","Bienville Parish",3,1,163,87,76
050,22,013,"Louisiana","Bienville Parish",3,2,153,79,74
050,22,013,"Louisiana","Bienville Parish",3,3,142,70,72
050,22,013,"Louisiana","Bienville Parish",3,4,161,83,78
050,22,013,"Louisiana","Bienville Parish",3,5,163,82,81
050,22,013,"Louisiana","Bienville Parish",3,6,153,74,79
050,22,013,"Louisiana","Bienville Parish",3,7,160,85,75
050,22,013,"Louisiana","Bienville Parish",3,8,157,88,69
050,22,013,"Louisiana","Bienville Parish",3,9,176,90,86
050,22,013,"Louisiana","Bienville Parish",3,10,149,76,73
050,22,013,"Louisiana","Bienville Parish",3,11,142,70,72
050,22,013,"Louisiana","Bienville Parish",3,12,167,90,77
050,22,013,"Louisiana","Bienville Parish",3,13,175,102,73
050,22,013,"Louisiana","Bienville Parish",3,14,181,89,92
050,22,013,"Louisiana","Bienville Parish",3,15,178,93,85
050,22,013,"Louisiana","Bienville Parish",3,16,167,88,79
050,22,013,"Louisiana","Bienville Parish",3,17,167,83,84
050,22,013,"Louisiana","Bienville Parish",3,18,143,69,74
050,22,013,"Louisiana","Bienville Parish",3,19,114,64,50
050,22,013,"Louisiana","Bienville Parish",3,20,129,69,60
050,22,013,"Louisiana","Bienville Parish",3,21,123,61,62
050,22,013,"Louisiana","Bienville Parish",3,22,129,67,62
050,22,013,"Louisiana","Bienville Parish",3,23,131,66,65
050,22,013,"Louisiana","Bienville Parish",3,24,127,62,65
050,22,013,"Louisiana","Bienville Parish",3,25,129,61,68
050,22,013,"Louisiana","Bienville Parish",3,26,126,68,58
050,22,013,"Louisiana","Bienville Parish",3,27,125,66,59
050,22,013,"Louisiana","Bienville Parish",3,28,145,71,74
050,22,013,"Louisiana","Bienville Parish",3,29,167,83,84
050,22,013,"Louisiana","Bienville Parish",3,30,167,71,96
050,22,013,"Louisiana","Bienville Parish",3,31,152,78,74
050,22,013,"Louisiana","Bienville Parish",3,32,141,74,67
050,22,013,"Louisiana","Bienville Parish",3,33,151,78,73
050,22,013,"Louisiana","Bienville Parish",3,34,142,61,81
050,22,013,"Louisiana","Bienville Parish",3,35,146,73,73
050,22,013,"Louisiana","Bienville Parish",3,36,160,78,82
050,22,013,"Louisiana","Bienville Parish",3,37,159,69,90
050,22,013,"Louisiana","Bienville Parish",3,38,149,69,80
050,22,013,"Louisiana","Bienville Parish",3,39,142,73,69
050,22,013,"Louisiana","Bienville Parish",3,40,149,72,77
050,22,013,"Louisiana","Bienville Parish",3,41,134,57,77
050,22,013,"Louisiana","Bienville Parish",3,42,139,58,81
050,22,013,"Louisiana","Bienville Parish",3,43,144,70,74
050,22,013,"Louisiana","Bienville Parish",3,44,127,66,61
050,22,013,"Louisiana","Bienville Parish",3,45,120,63,57
050,22,013,"Louisiana","Bienville Parish",3,46,130,63,67
050,22,013,"Louisiana","Bienville Parish",3,47,125,61,64
050,22,013,"Louisiana","Bienville Parish",3,48,131,63,68
050,22,013,"Louisiana","Bienville Parish",3,49,136,74,62
050,22,013,"Louisiana","Bienville Parish",3,50,175,96,79
050,22,013,"Louisiana","Bienville Parish",3,51,166,87,79
050,22,013,"Louisiana","Bienville Parish",3,52,159,75,84
050,22,013,"Louisiana","Bienville Parish",3,53,161,85,76
050,22,013,"Louisiana","Bienville Parish",3,54,162,81,81
050,22,013,"Louisiana","Bienville Parish",3,55,173,81,92
050,22,013,"Louisiana","Bienville Parish",3,56,178,87,91
050,22,013,"Louisiana","Bienville Parish",3,57,188,91,97
050,22,013,"Louisiana","Bienville Parish",3,58,181,85,96
050,22,013,"Louisiana","Bienville Parish",3,59,221,103,118
050,22,013,"Louisiana","Bienville Parish",3,60,229,112,117
050,22,013,"Louisiana","Bienville Parish",3,61,210,109,101
050,22,013,"Louisiana","Bienville Parish",3,62,185,98,87
050,22,013,"Louisiana","Bienville Parish",3,63,178,84,94
050,22,013,"Louisiana","Bienville Parish",3,64,156,74,82
050,22,013,"Louisiana","Bienville Parish",3,65,160,75,85
050,22,013,"Louisiana","Bienville Parish",3,66,154,78,76
050,22,013,"Louisiana","Bienville Parish",3,67,173,88,85
050,22,013,"Louisiana","Bienville Parish",3,68,170,82,88
050,22,013,"Louisiana","Bienville Parish",3,69,165,75,90
050,22,013,"Louisiana","Bienville Parish",3,70,152,70,82
050,22,013,"Louisiana","Bienville Parish",3,71,132,64,68
050,22,013,"Louisiana","Bienville Parish",3,72,120,63,57
050,22,013,"Louisiana","Bienville Parish",3,73,119,55,64
050,22,013,"Louisiana","Bienville Parish",3,74,148,68,80
050,22,013,"Louisiana","Bienville Parish",3,75,110,48,62
050,22,013,"Louisiana","Bienville Parish",3,76,104,50,54
050,22,013,"Louisiana","Bienville Parish",3,77,97,46,51
050,22,013,"Louisiana","Bienville Parish",3,78,102,44,58
050,22,013,"Louisiana","Bienville Parish",3,79,101,37,64
050,22,013,"Louisiana","Bienville Parish",3,80,85,39,46
050,22,013,"Louisiana","Bienville Parish",3,81,84,31,53
050,22,013,"Louisiana","Bienville Parish",3,82,75,29,46
050,22,013,"Louisiana","Bienville Parish",3,83,68,30,38
050,22,013,"Louisiana","Bienville Parish",3,84,49,21,28
050,22,013,"Louisiana","Bienville Parish",3,85,355,108,247
050,22,013,"Louisiana","Bienville Parish",4,0,164,83,81
050,22,013,"Louisiana","Bienville Parish",4,1,150,80,70
050,22,013,"Louisiana","Bienville Parish",4,2,150,78,72
050,22,013,"Louisiana","Bienville Parish",4,3,160,90,70
050,22,013,"Louisiana","Bienville Parish",4,4,145,69,76
050,22,013,"Louisiana","Bienville Parish",4,5,149,79,70
050,22,013,"Louisiana","Bienville Parish",4,6,171,86,85
050,22,013,"Louisiana","Bienville Parish",4,7,148,71,77
050,22,013,"Louisiana","Bienville Parish",4,8,161,86,75
050,22,013,"Louisiana","Bienville Parish",4,9,163,91,72
050,22,013,"Louisiana","Bienville Parish",4,10,178,89,89
050,22,013,"Louisiana","Bienville Parish",4,11,155,79,76
050,22,013,"Louisiana","Bienville Parish",4,12,140,68,72
050,22,013,"Louisiana","Bienville Parish",4,13,169,86,83
050,22,013,"Louisiana","Bienville Parish",4,14,177,103,74
050,22,013,"Louisiana","Bienville Parish",4,15,181,90,91
050,22,013,"Louisiana","Bienville Parish",4,16,177,91,86
050,22,013,"Louisiana","Bienville Parish",4,17,163,86,77
050,22,013,"Louisiana","Bienville Parish",4,18,146,70,76
050,22,013,"Louisiana","Bienville Parish",4,19,106,56,50
050,22,013,"Louisiana","Bienville Parish",4,20,120,61,59
050,22,013,"Louisiana","Bienville Parish",4,21,127,66,61
050,22,013,"Louisiana","Bienville Parish",4,22,135,70,65
050,22,013,"Louisiana","Bienville Parish",4,23,125,60,65
050,22,013,"Louisiana","Bienville Parish",4,24,129,63,66
050,22,013,"Louisiana","Bienville Parish",4,25,132,63,69
050,22,013,"Louisiana","Bienville Parish",4,26,127,61,66
050,22,013,"Louisiana","Bienville Parish",4,27,128,71,57
050,22,013,"Louisiana","Bienville Parish",4,28,134,73,61
050,22,013,"Louisiana","Bienville Parish",4,29,134,62,72
050,22,013,"Louisiana","Bienville Parish",4,30,154,72,82
050,22,013,"Louisiana","Bienville Parish",4,31,159,70,89
050,22,013,"Louisiana","Bienville Parish",4,32,158,85,73
050,22,013,"Louisiana","Bienville Parish",4,33,136,68,68
050,22,013,"Louisiana","Bienville Parish",4,34,152,74,78
050,22,013,"Louisiana","Bienville Parish",4,35,144,61,83
050,22,013,"Louisiana","Bienville Parish",4,36,147,77,70
050,22,013,"Louisiana","Bienville Parish",4,37,149,72,77
050,22,013,"Louisiana","Bienville Parish",4,38,159,69,90
050,22,013,"Louisiana","Bienville Parish",4,39,147,72,75
050,22,013,"Louisiana","Bienville Parish",4,40,140,71,69
050,22,013,"Louisiana","Bienville Parish",4,41,143,72,71
050,22,013,"Louisiana","Bienville Parish",4,42,134,54,80
050,22,013,"Louisiana","Bienville Parish",4,43,144,62,82
050,22,013,"Louisiana","Bienville Parish",4,44,144,70,74
050,22,013,"Louisiana","Bienville Parish",4,45,126,66,60
050,22,013,"Louisiana","Bienville Parish",4,46,124,67,57
050,22,013,"Louisiana","Bienville Parish",4,47,134,63,71
050,22,013,"Louisiana","Bienville Parish",4,48,125,61,64
050,22,013,"Louisiana","Bienville Parish",4,49,131,63,68
050,22,013,"Louisiana","Bienville Parish",4,50,132,67,65
050,22,013,"Louisiana","Bienville Parish",4,51,165,91,74
050,22,013,"Louisiana","Bienville Parish",4,52,167,84,83
050,22,013,"Louisiana","Bienville Parish",4,53,163,79,84
050,22,013,"Louisiana","Bienville Parish",4,54,169,88,81
050,22,013,"Louisiana","Bienville Parish",4,55,163,80,83
050,22,013,"Louisiana","Bienville Parish",4,56,171,83,88
050,22,013,"Louisiana","Bienville Parish",4,57,171,83,88
050,22,013,"Louisiana","Bienville Parish",4,58,174,89,85
050,22,013,"Louisiana","Bienville Parish",4,59,178,82,96
050,22,013,"Louisiana","Bienville Parish",4,60,216,102,114
050,22,013,"Louisiana","Bienville Parish",4,61,224,107,117
050,22,013,"Louisiana","Bienville Parish",4,62,203,102,101
050,22,013,"Louisiana","Bienville Parish",4,63,182,93,89
050,22,013,"Louisiana","Bienville Parish",4,64,170,83,87
050,22,013,"Louisiana","Bienville Parish",4,65,154,72,82
050,22,013,"Louisiana","Bienville Parish",4,66,151,73,78
050,22,013,"Louisiana","Bienville Parish",4,67,157,81,76
050,22,013,"Louisiana","Bienville Parish",4,68,166,86,80
050,22,013,"Louisiana","Bienville Parish",4,69,165,77,88
050,22,013,"Louisiana","Bienville Parish",4,70,156,71,85
050,22,013,"Louisiana","Bienville Parish",4,71,134,63,71
050,22,013,"Louisiana","Bienville Parish",4,72,126,62,64
050,22,013,"Louisiana","Bienville Parish",4,73,114,58,56
050,22,013,"Louisiana","Bienville Parish",4,74,118,55,63
050,22,013,"Louisiana","Bienville Parish",4,75,130,58,72
050,22,013,"Louisiana","Bienville Parish",4,76,106,46,60
050,22,013,"Louisiana","Bienville Parish",4,77,102,50,52
050,22,013,"Louisiana","Bienville Parish",4,78,93,44,49
050,22,013,"Louisiana","Bienville Parish",4,79,91,36,55
050,22,013,"Louisiana","Bienville Parish",4,80,92,35,57
050,22,013,"Louisiana","Bienville Parish",4,81,80,35,45
050,22,013,"Louisiana","Bienville Parish",4,82,74,27,47
050,22,013,"Louisiana","Bienville Parish",4,83,69,29,40
050,22,013,"Louisiana","Bienville Parish",4,84,59,29,30
050,22,013,"Louisiana","Bienville Parish",4,85,333,101,232
050,22,013,"Louisiana","Bienville Parish",5,0,164,84,80
050,22,013,"Louisiana","Bienville Parish",5,1,164,87,77
050,22,013,"Louisiana","Bienville Parish",5,2,150,83,67
050,22,013,"Louisiana","Bienville Parish",5,3,146,77,69
050,22,013,"Louisiana","Bienville Parish",5,4,150,85,65
050,22,013,"Louisiana","Bienville Parish",5,5,151,73,78
050,22,013,"Louisiana","Bienville Parish",5,6,151,82,69
050,22,013,"Louisiana","Bienville Parish",5,7,160,81,79
050,22,013,"Louisiana","Bienville Parish",5,8,143,74,69
050,22,013,"Louisiana","Bienville Parish",5,9,160,88,72
050,22,013,"Louisiana","Bienville Parish",5,10,152,85,67
050,22,013,"Louisiana","Bienville Parish",5,11,172,89,83
050,22,013,"Louisiana","Bienville Parish",5,12,155,75,80
050,22,013,"Louisiana","Bienville Parish",5,13,142,65,77
050,22,013,"Louisiana","Bienville Parish",5,14,165,85,80
050,22,013,"Louisiana","Bienville Parish",5,15,173,95,78
050,22,013,"Louisiana","Bienville Parish",5,16,182,86,96
050,22,013,"Louisiana","Bienville Parish",5,17,167,82,85
050,22,013,"Louisiana","Bienville Parish",5,18,142,77,65
050,22,013,"Louisiana","Bienville Parish",5,19,116,58,58
050,22,013,"Louisiana","Bienville Parish",5,20,112,56,56
050,22,013,"Louisiana","Bienville Parish",5,21,126,60,66
050,22,013,"Louisiana","Bienville Parish",5,22,137,69,68
050,22,013,"Louisiana","Bienville Parish",5,23,122,61,61
050,22,013,"Louisiana","Bienville Parish",5,24,119,56,63
050,22,013,"Louisiana","Bienville Parish",5,25,115,58,57
050,22,013,"Louisiana","Bienville Parish",5,26,127,61,66
050,22,013,"Louisiana","Bienville Parish",5,27,128,63,65
050,22,013,"Louisiana","Bienville Parish",5,28,119,67,52
050,22,013,"Louisiana","Bienville Parish",5,29,123,68,55
050,22,013,"Louisiana","Bienville Parish",5,30,135,61,74
050,22,013,"Louisiana","Bienville Parish",5,31,151,71,80
050,22,013,"Louisiana","Bienville Parish",5,32,160,72,88
050,22,013,"Louisiana","Bienville Parish",5,33,153,83,70
050,22,013,"Louisiana","Bienville Parish",5,34,144,72,72
050,22,013,"Louisiana","Bienville Parish",5,35,145,70,75
050,22,013,"Louisiana","Bienville Parish",5,36,155,68,87
050,22,013,"Louisiana","Bienville Parish",5,37,147,76,71
050,22,013,"Louisiana","Bienville Parish",5,38,152,73,79
050,22,013,"Louisiana","Bienville Parish",5,39,146,67,79
050,22,013,"Louisiana","Bienville Parish",5,40,143,69,74
050,22,013,"Louisiana","Bienville Parish",5,41,130,64,66
050,22,013,"Louisiana","Bienville Parish",5,42,140,65,75
050,22,013,"Louisiana","Bienville Parish",5,43,142,58,84
050,22,013,"Louisiana","Bienville Parish",5,44,141,61,80
050,22,013,"Louisiana","Bienville Parish",5,45,143,69,74
050,22,013,"Louisiana","Bienville Parish",5,46,128,68,60
050,22,013,"Louisiana","Bienville Parish",5,47,123,66,57
050,22,013,"Louisiana","Bienville Parish",5,48,133,63,70
050,22,013,"Louisiana","Bienville Parish",5,49,126,66,60
050,22,013,"Louisiana","Bienville Parish",5,50,118,59,59
050,22,013,"Louisiana","Bienville Parish",5,51,127,61,66
050,22,013,"Louisiana","Bienville Parish",5,52,164,89,75
050,22,013,"Louisiana","Bienville Parish",5,53,162,81,81
050,22,013,"Louisiana","Bienville Parish",5,54,159,74,85
050,22,013,"Louisiana","Bienville Parish",5,55,171,87,84
050,22,013,"Louisiana","Bienville Parish",5,56,164,84,80
050,22,013,"Louisiana","Bienville Parish",5,57,163,75,88
050,22,013,"Louisiana","Bienville Parish",5,58,169,86,83
050,22,013,"Louisiana","Bienville Parish",5,59,176,87,89
050,22,013,"Louisiana","Bienville Parish",5,60,166,78,88
050,22,013,"Louisiana","Bienville Parish",5,61,214,98,116
050,22,013,"Louisiana","Bienville Parish",5,62,224,107,117
050,22,013,"Louisiana","Bienville Parish",5,63,198,96,102
050,22,013,"Louisiana","Bienville Parish",5,64,170,93,77
050,22,013,"Louisiana","Bienville Parish",5,65,171,84,87
050,22,013,"Louisiana","Bienville Parish",5,66,147,68,79
050,22,013,"Louisiana","Bienville Parish",5,67,150,73,77
050,22,013,"Louisiana","Bienville Parish",5,68,145,78,67
050,22,013,"Louisiana","Bienville Parish",5,69,161,81,80
050,22,013,"Louisiana","Bienville Parish",5,70,166,79,87
050,22,013,"Louisiana","Bienville Parish",5,71,144,63,81
050,22,013,"Louisiana","Bienville Parish",5,72,131,61,70
050,22,013,"Louisiana","Bienville Parish",5,73,119,57,62
050,22,013,"Louisiana","Bienville Parish",5,74,114,60,54
050,22,013,"Louisiana","Bienville Parish",5,75,95,42,53
050,22,013,"Louisiana","Bienville Parish",5,76,132,56,76
050,22,013,"Louisiana","Bienville Parish",5,77,101,45,56
050,22,013,"Louisiana","Bienville Parish",5,78,92,44,48
050,22,013,"Louisiana","Bienville Parish",5,79,84,37,47
050,22,013,"Louisiana","Bienville Parish",5,80,84,36,48
050,22,013,"Louisiana","Bienville Parish",5,81,83,29,54
050,22,013,"Louisiana","Bienville Parish",5,82,70,31,39
050,22,013,"Louisiana","Bienville Parish",5,83,64,26,38
050,22,013,"Louisiana","Bienville Parish",5,84,58,25,33
050,22,013,"Louisiana","Bienville Parish",5,85,340,108,232
050,22,015,"Louisiana","Bossier Parish",1,0,1641,837,804
050,22,015,"Louisiana","Bossier Parish",1,1,1700,880,820
050,22,015,"Louisiana","Bossier Parish",1,2,1681,848,833
050,22,015,"Louisiana","Bossier Parish",1,3,1722,876,846
050,22,015,"Louisiana","Bossier Parish",1,4,1839,948,891
050,22,015,"Louisiana","Bossier Parish",1,5,1784,873,911
050,22,015,"Louisiana","Bossier Parish",1,6,1777,905,872
050,22,015,"Louisiana","Bossier Parish",1,7,1777,902,875
050,22,015,"Louisiana","Bossier Parish",1,8,1827,939,888
050,22,015,"Louisiana","Bossier Parish",1,9,1829,939,890
050,22,015,"Louisiana","Bossier Parish",1,10,1838,962,876
050,22,015,"Louisiana","Bossier Parish",1,11,1841,991,850
050,22,015,"Louisiana","Bossier Parish",1,12,1953,986,967
050,22,015,"Louisiana","Bossier Parish",1,13,1885,953,932
050,22,015,"Louisiana","Bossier Parish",1,14,1849,948,901
050,22,015,"Louisiana","Bossier Parish",1,15,1790,935,855
050,22,015,"Louisiana","Bossier Parish",1,16,1732,930,802
050,22,015,"Louisiana","Bossier Parish",1,17,1786,947,839
050,22,015,"Louisiana","Bossier Parish",1,18,1475,791,684
050,22,015,"Louisiana","Bossier Parish",1,19,1347,763,584
050,22,015,"Louisiana","Bossier Parish",1,20,1521,844,677
050,22,015,"Louisiana","Bossier Parish",1,21,1529,849,680
050,22,015,"Louisiana","Bossier Parish",1,22,1540,822,718
050,22,015,"Louisiana","Bossier Parish",1,23,1663,867,796
050,22,015,"Louisiana","Bossier Parish",1,24,1694,898,796
050,22,015,"Louisiana","Bossier Parish",1,25,1688,867,821
050,22,015,"Louisiana","Bossier Parish",1,26,1740,875,865
050,22,015,"Louisiana","Bossier Parish",1,27,1857,962,895
050,22,015,"Louisiana","Bossier Parish",1,28,1939,1000,939
050,22,015,"Louisiana","Bossier Parish",1,29,1988,996,992
050,22,015,"Louisiana","Bossier Parish",1,30,1860,881,979
050,22,015,"Louisiana","Bossier Parish",1,31,1922,929,993
050,22,015,"Louisiana","Bossier Parish",1,32,1910,927,983
050,22,015,"Louisiana","Bossier Parish",1,33,1948,961,987
050,22,015,"Louisiana","Bossier Parish",1,34,2041,999,1042
050,22,015,"Louisiana","Bossier Parish",1,35,2013,1037,976
050,22,015,"Louisiana","Bossier Parish",1,36,1987,1006,981
050,22,015,"Louisiana","Bossier Parish",1,37,2005,1022,983
050,22,015,"Louisiana","Bossier Parish",1,38,1900,944,956
050,22,015,"Louisiana","Bossier Parish",1,39,1832,929,903
050,22,015,"Louisiana","Bossier Parish",1,40,1827,951,876
050,22,015,"Louisiana","Bossier Parish",1,41,1678,851,827
050,22,015,"Louisiana","Bossier Parish",1,42,1635,827,808
050,22,015,"Louisiana","Bossier Parish",1,43,1644,830,814
050,22,015,"Louisiana","Bossier Parish",1,44,1496,754,742
050,22,015,"Louisiana","Bossier Parish",1,45,1465,723,742
050,22,015,"Louisiana","Bossier Parish",1,46,1461,745,716
050,22,015,"Louisiana","Bossier Parish",1,47,1487,734,753
050,22,015,"Louisiana","Bossier Parish",1,48,1558,780,778
050,22,015,"Louisiana","Bossier Parish",1,49,1624,783,841
050,22,015,"Louisiana","Bossier Parish",1,50,1541,781,760
050,22,015,"Louisiana","Bossier Parish",1,51,1366,670,696
050,22,015,"Louisiana","Bossier Parish",1,52,1312,620,692
050,22,015,"Louisiana","Bossier Parish",1,53,1374,674,700
050,22,015,"Louisiana","Bossier Parish",1,54,1426,730,696
050,22,015,"Louisiana","Bossier Parish",1,55,1511,738,773
050,22,015,"Louisiana","Bossier Parish",1,56,1564,768,796
050,22,015,"Louisiana","Bossier Parish",1,57,1571,783,788
050,22,015,"Louisiana","Bossier Parish",1,58,1602,797,805
050,22,015,"Louisiana","Bossier Parish",1,59,1587,783,804
050,22,015,"Louisiana","Bossier Parish",1,60,1561,760,801
050,22,015,"Louisiana","Bossier Parish",1,61,1480,710,770
050,22,015,"Louisiana","Bossier Parish",1,62,1492,727,765
050,22,015,"Louisiana","Bossier Parish",1,63,1486,723,763
050,22,015,"Louisiana","Bossier Parish",1,64,1429,643,786
050,22,015,"Louisiana","Bossier Parish",1,65,1358,626,732
050,22,015,"Louisiana","Bossier Parish",1,66,1313,636,677
050,22,015,"Louisiana","Bossier Parish",1,67,1275,619,656
050,22,015,"Louisiana","Bossier Parish",1,68,1199,566,633
050,22,015,"Louisiana","Bossier Parish",1,69,1090,514,576
050,22,015,"Louisiana","Bossier Parish",1,70,1114,510,604
050,22,015,"Louisiana","Bossier Parish",1,71,1063,473,590
050,22,015,"Louisiana","Bossier Parish",1,72,1079,497,582
050,22,015,"Louisiana","Bossier Parish",1,73,1044,493,551
050,22,015,"Louisiana","Bossier Parish",1,74,731,325,406
050,22,015,"Louisiana","Bossier Parish",1,75,724,310,414
050,22,015,"Louisiana","Bossier Parish",1,76,720,310,410
050,22,015,"Louisiana","Bossier Parish",1,77,715,315,400
050,22,015,"Louisiana","Bossier Parish",1,78,632,275,357
050,22,015,"Louisiana","Bossier Parish",1,79,552,232,320
050,22,015,"Louisiana","Bossier Parish",1,80,517,227,290
050,22,015,"Louisiana","Bossier Parish",1,81,482,209,273
050,22,015,"Louisiana","Bossier Parish",1,82,473,210,263
050,22,015,"Louisiana","Bossier Parish",1,83,445,200,245
050,22,015,"Louisiana","Bossier Parish",1,84,379,165,214
050,22,015,"Louisiana","Bossier Parish",1,85,2000,721,1279
050,22,015,"Louisiana","Bossier Parish",2,0,1625,855,770
050,22,015,"Louisiana","Bossier Parish",2,1,1677,869,808
050,22,015,"Louisiana","Bossier Parish",2,2,1682,852,830
050,22,015,"Louisiana","Bossier Parish",2,3,1710,872,838
050,22,015,"Louisiana","Bossier Parish",2,4,1811,929,882
050,22,015,"Louisiana","Bossier Parish",2,5,1794,891,903
050,22,015,"Louisiana","Bossier Parish",2,6,1777,899,878
050,22,015,"Louisiana","Bossier Parish",2,7,1777,906,871
050,22,015,"Louisiana","Bossier Parish",2,8,1812,927,885
050,22,015,"Louisiana","Bossier Parish",2,9,1819,932,887
050,22,015,"Louisiana","Bossier Parish",2,10,1828,954,874
050,22,015,"Louisiana","Bossier Parish",2,11,1837,980,857
050,22,015,"Louisiana","Bossier Parish",2,12,1931,991,940
050,22,015,"Louisiana","Bossier Parish",2,13,1894,957,937
050,22,015,"Louisiana","Bossier Parish",2,14,1855,945,910
050,22,015,"Louisiana","Bossier Parish",2,15,1798,939,859
050,22,015,"Louisiana","Bossier Parish",2,16,1744,931,813
050,22,015,"Louisiana","Bossier Parish",2,17,1774,946,828
050,22,015,"Louisiana","Bossier Parish",2,18,1497,811,686
050,22,015,"Louisiana","Bossier Parish",2,19,1365,776,589
050,22,015,"Louisiana","Bossier Parish",2,20,1521,846,675
050,22,015,"Louisiana","Bossier Parish",2,21,1538,852,686
050,22,015,"Louisiana","Bossier Parish",2,22,1558,835,723
050,22,015,"Louisiana","Bossier Parish",2,23,1655,867,788
050,22,015,"Louisiana","Bossier Parish",2,24,1680,886,794
050,22,015,"Louisiana","Bossier Parish",2,25,1684,868,816
050,22,015,"Louisiana","Bossier Parish",2,26,1726,867,859
050,22,015,"Louisiana","Bossier Parish",2,27,1831,945,886
050,22,015,"Louisiana","Bossier Parish",2,28,1920,991,929
050,22,015,"Louisiana","Bossier Parish",2,29,1973,991,982
050,22,015,"Louisiana","Bossier Parish",2,30,1901,910,991
050,22,015,"Louisiana","Bossier Parish",2,31,1907,921,986
050,22,015,"Louisiana","Bossier Parish",2,32,1900,918,982
050,22,015,"Louisiana","Bossier Parish",2,33,1935,948,987
050,22,015,"Louisiana","Bossier Parish",2,34,2014,989,1025
050,22,015,"Louisiana","Bossier Parish",2,35,2025,1030,995
050,22,015,"Louisiana","Bossier Parish",2,36,1978,1008,970
050,22,015,"Louisiana","Bossier Parish",2,37,1987,1007,980
050,22,015,"Louisiana","Bossier Parish",2,38,1924,963,961
050,22,015,"Louisiana","Bossier Parish",2,39,1830,923,907
050,22,015,"Louisiana","Bossier Parish",2,40,1830,943,887
050,22,015,"Louisiana","Bossier Parish",2,41,1702,865,837
050,22,015,"Louisiana","Bossier Parish",2,42,1626,819,807
050,22,015,"Louisiana","Bossier Parish",2,43,1656,838,818
050,22,015,"Louisiana","Bossier Parish",2,44,1516,761,755
050,22,015,"Louisiana","Bossier Parish",2,45,1478,735,743
050,22,015,"Louisiana","Bossier Parish",2,46,1455,733,722
050,22,015,"Louisiana","Bossier Parish",2,47,1473,731,742
050,22,015,"Louisiana","Bossier Parish",2,48,1535,765,770
050,22,015,"Louisiana","Bossier Parish",2,49,1611,782,829
050,22,015,"Louisiana","Bossier Parish",2,50,1557,778,779
050,22,015,"Louisiana","Bossier Parish",2,51,1396,687,709
050,22,015,"Louisiana","Bossier Parish",2,52,1323,631,692
050,22,015,"Louisiana","Bossier Parish",2,53,1359,661,698
050,22,015,"Louisiana","Bossier Parish",2,54,1406,714,692
050,22,015,"Louisiana","Bossier Parish",2,55,1483,733,750
050,22,015,"Louisiana","Bossier Parish",2,56,1556,762,794
050,22,015,"Louisiana","Bossier Parish",2,57,1569,779,790
050,22,015,"Louisiana","Bossier Parish",2,58,1583,786,797
050,22,015,"Louisiana","Bossier Parish",2,59,1597,789,808
050,22,015,"Louisiana","Bossier Parish",2,60,1560,762,798
050,22,015,"Louisiana","Bossier Parish",2,61,1496,723,773
050,22,015,"Louisiana","Bossier Parish",2,62,1488,723,765
050,22,015,"Louisiana","Bossier Parish",2,63,1493,726,767
050,22,015,"Louisiana","Bossier Parish",2,64,1429,658,771
050,22,015,"Louisiana","Bossier Parish",2,65,1378,632,746
050,22,015,"Louisiana","Bossier Parish",2,66,1323,634,689
050,22,015,"Louisiana","Bossier Parish",2,67,1271,618,653
050,22,015,"Louisiana","Bossier Parish",2,68,1209,575,634
050,22,015,"Louisiana","Bossier Parish",2,69,1120,530,590
050,22,015,"Louisiana","Bossier Parish",2,70,1100,504,596
050,22,015,"Louisiana","Bossier Parish",2,71,1069,479,590
050,22,015,"Louisiana","Bossier Parish",2,72,1057,480,577
050,22,015,"Louisiana","Bossier Parish",2,73,1095,516,579
050,22,015,"Louisiana","Bossier Parish",2,74,754,340,414
050,22,015,"Louisiana","Bossier Parish",2,75,724,315,409
050,22,015,"Louisiana","Bossier Parish",2,76,715,305,410
050,22,015,"Louisiana","Bossier Parish",2,77,719,317,402
050,22,015,"Louisiana","Bossier Parish",2,78,635,278,357
050,22,015,"Louisiana","Bossier Parish",2,79,565,237,328
050,22,015,"Louisiana","Bossier Parish",2,80,512,221,291
050,22,015,"Louisiana","Bossier Parish",2,81,477,210,267
050,22,015,"Louisiana","Bossier Parish",2,82,471,209,262
050,22,015,"Louisiana","Bossier Parish",2,83,439,191,248
050,22,015,"Louisiana","Bossier Parish",2,84,387,169,218
050,22,015,"Louisiana","Bossier Parish",2,85,2030,734,1296
050,22,015,"Louisiana","Bossier Parish",3,0,1559,808,751
050,22,015,"Louisiana","Bossier Parish",3,1,1666,888,778
050,22,015,"Louisiana","Bossier Parish",3,2,1656,834,822
050,22,015,"Louisiana","Bossier Parish",3,3,1733,878,855
050,22,015,"Louisiana","Bossier Parish",3,4,1709,867,842
050,22,015,"Louisiana","Bossier Parish",3,5,1862,950,912
050,22,015,"Louisiana","Bossier Parish",3,6,1839,933,906
050,22,015,"Louisiana","Bossier Parish",3,7,1792,901,891
050,22,015,"Louisiana","Bossier Parish",3,8,1802,920,882
050,22,015,"Louisiana","Bossier Parish",3,9,1842,964,878
050,22,015,"Louisiana","Bossier Parish",3,10,1813,927,886
050,22,015,"Louisiana","Bossier Parish",3,11,1850,968,882
050,22,015,"Louisiana","Bossier Parish",3,12,1840,976,864
050,22,015,"Louisiana","Bossier Parish",3,13,1936,998,938
050,22,015,"Louisiana","Bossier Parish",3,14,1883,955,928
050,22,015,"Louisiana","Bossier Parish",3,15,1858,951,907
050,22,015,"Louisiana","Bossier Parish",3,16,1807,950,857
050,22,015,"Louisiana","Bossier Parish",3,17,1751,929,822
050,22,015,"Louisiana","Bossier Parish",3,18,1530,825,705
050,22,015,"Louisiana","Bossier Parish",3,19,1361,765,596
050,22,015,"Louisiana","Bossier Parish",3,20,1491,825,666
050,22,015,"Louisiana","Bossier Parish",3,21,1630,878,752
050,22,015,"Louisiana","Bossier Parish",3,22,1619,856,763
050,22,015,"Louisiana","Bossier Parish",3,23,1666,887,779
050,22,015,"Louisiana","Bossier Parish",3,24,1653,859,794
050,22,015,"Louisiana","Bossier Parish",3,25,1698,882,816
050,22,015,"Louisiana","Bossier Parish",3,26,1631,803,828
050,22,015,"Louisiana","Bossier Parish",3,27,1735,865,870
050,22,015,"Louisiana","Bossier Parish",3,28,1861,948,913
050,22,015,"Louisiana","Bossier Parish",3,29,1879,973,906
050,22,015,"Louisiana","Bossier Parish",3,30,1927,965,962
050,22,015,"Louisiana","Bossier Parish",3,31,1923,940,983
050,22,015,"Louisiana","Bossier Parish",3,32,1895,896,999
050,22,015,"Louisiana","Bossier Parish",3,33,1904,905,999
050,22,015,"Louisiana","Bossier Parish",3,34,1936,965,971
050,22,015,"Louisiana","Bossier Parish",3,35,1997,956,1041
050,22,015,"Louisiana","Bossier Parish",3,36,2071,1048,1023
050,22,015,"Louisiana","Bossier Parish",3,37,1958,1006,952
050,22,015,"Louisiana","Bossier Parish",3,38,1961,985,976
050,22,015,"Louisiana","Bossier Parish",3,39,1957,987,970
050,22,015,"Louisiana","Bossier Parish",3,40,1855,947,908
050,22,015,"Louisiana","Bossier Parish",3,41,1842,953,889
050,22,015,"Louisiana","Bossier Parish",3,42,1677,838,839
050,22,015,"Louisiana","Bossier Parish",3,43,1654,831,823
050,22,015,"Louisiana","Bossier Parish",3,44,1629,811,818
050,22,015,"Louisiana","Bossier Parish",3,45,1497,761,736
050,22,015,"Louisiana","Bossier Parish",3,46,1491,747,744
050,22,015,"Louisiana","Bossier Parish",3,47,1446,728,718
050,22,015,"Louisiana","Bossier Parish",3,48,1469,728,741
050,22,015,"Louisiana","Bossier Parish",3,49,1524,760,764
050,22,015,"Louisiana","Bossier Parish",3,50,1583,772,811
050,22,015,"Louisiana","Bossier Parish",3,51,1511,751,760
050,22,015,"Louisiana","Bossier Parish",3,52,1366,659,707
050,22,015,"Louisiana","Bossier Parish",3,53,1307,613,694
050,22,015,"Louisiana","Bossier Parish",3,54,1344,652,692
050,22,015,"Louisiana","Bossier Parish",3,55,1376,699,677
050,22,015,"Louisiana","Bossier Parish",3,56,1487,726,761
050,22,015,"Louisiana","Bossier Parish",3,57,1560,772,788
050,22,015,"Louisiana","Bossier Parish",3,58,1558,767,791
050,22,015,"Louisiana","Bossier Parish",3,59,1554,761,793
050,22,015,"Louisiana","Bossier Parish",3,60,1583,780,803
050,22,015,"Louisiana","Bossier Parish",3,61,1584,766,818
050,22,015,"Louisiana","Bossier Parish",3,62,1491,725,766
050,22,015,"Louisiana","Bossier Parish",3,63,1463,713,750
050,22,015,"Louisiana","Bossier Parish",3,64,1465,707,758
050,22,015,"Louisiana","Bossier Parish",3,65,1409,648,761
050,22,015,"Louisiana","Bossier Parish",3,66,1356,622,734
050,22,015,"Louisiana","Bossier Parish",3,67,1302,618,684
050,22,015,"Louisiana","Bossier Parish",3,68,1258,604,654
050,22,015,"Louisiana","Bossier Parish",3,69,1159,548,611
050,22,015,"Louisiana","Bossier Parish",3,70,1098,508,590
050,22,015,"Louisiana","Bossier Parish",3,71,1079,492,587
050,22,015,"Louisiana","Bossier Parish",3,72,1049,464,585
050,22,015,"Louisiana","Bossier Parish",3,73,1023,460,563
050,22,015,"Louisiana","Bossier Parish",3,74,1067,494,573
050,22,015,"Louisiana","Bossier Parish",3,75,716,313,403
050,22,015,"Louisiana","Bossier Parish",3,76,685,290,395
050,22,015,"Louisiana","Bossier Parish",3,77,666,282,384
050,22,015,"Louisiana","Bossier Parish",3,78,702,312,390
050,22,015,"Louisiana","Bossier Parish",3,79,607,256,351
050,22,015,"Louisiana","Bossier Parish",3,80,533,223,310
050,22,015,"Louisiana","Bossier Parish",3,81,460,203,257
050,22,015,"Louisiana","Bossier Parish",3,82,455,199,256
050,22,015,"Louisiana","Bossier Parish",3,83,438,189,249
050,22,015,"Louisiana","Bossier Parish",3,84,403,176,227
050,22,015,"Louisiana","Bossier Parish",3,85,2061,757,1304
050,22,015,"Louisiana","Bossier Parish",4,0,1560,820,740
050,22,015,"Louisiana","Bossier Parish",4,1,1508,757,751
050,22,015,"Louisiana","Bossier Parish",4,2,1672,911,761
050,22,015,"Louisiana","Bossier Parish",4,3,1641,845,796
050,22,015,"Louisiana","Bossier Parish",4,4,1712,853,859
050,22,015,"Louisiana","Bossier Parish",4,5,1743,888,855
050,22,015,"Louisiana","Bossier Parish",4,6,1848,935,913
050,22,015,"Louisiana","Bossier Parish",4,7,1846,932,914
050,22,015,"Louisiana","Bossier Parish",4,8,1818,906,912
050,22,015,"Louisiana","Bossier Parish",4,9,1840,910,930
050,22,015,"Louisiana","Bossier Parish",4,10,1832,955,877
050,22,015,"Louisiana","Bossier Parish",4,11,1813,935,878
050,22,015,"Louisiana","Bossier Parish",4,12,1875,982,893
050,22,015,"Louisiana","Bossier Parish",4,13,1883,984,899
050,22,015,"Louisiana","Bossier Parish",4,14,1944,1001,943
050,22,015,"Louisiana","Bossier Parish",4,15,1866,946,920
050,22,015,"Louisiana","Bossier Parish",4,16,1839,941,898
050,22,015,"Louisiana","Bossier Parish",4,17,1809,953,856
050,22,015,"Louisiana","Bossier Parish",4,18,1513,818,695
050,22,015,"Louisiana","Bossier Parish",4,19,1342,737,605
050,22,015,"Louisiana","Bossier Parish",4,20,1454,799,655
050,22,015,"Louisiana","Bossier Parish",4,21,1581,869,712
050,22,015,"Louisiana","Bossier Parish",4,22,1632,851,781
050,22,015,"Louisiana","Bossier Parish",4,23,1685,870,815
050,22,015,"Louisiana","Bossier Parish",4,24,1679,890,789
050,22,015,"Louisiana","Bossier Parish",4,25,1595,807,788
050,22,015,"Louisiana","Bossier Parish",4,26,1607,834,773
050,22,015,"Louisiana","Bossier Parish",4,27,1644,807,837
050,22,015,"Louisiana","Bossier Parish",4,28,1730,860,870
050,22,015,"Louisiana","Bossier Parish",4,29,1784,879,905
050,22,015,"Louisiana","Bossier Parish",4,30,1860,921,939
050,22,015,"Louisiana","Bossier Parish",4,31,1932,983,949
050,22,015,"Louisiana","Bossier Parish",4,32,1887,909,978
050,22,015,"Louisiana","Bossier Parish",4,33,1910,906,1004
050,22,015,"Louisiana","Bossier Parish",4,34,1917,915,1002
050,22,015,"Louisiana","Bossier Parish",4,35,1939,957,982
050,22,015,"Louisiana","Bossier Parish",4,36,1983,962,1021
050,22,015,"Louisiana","Bossier Parish",4,37,2015,998,1017
050,22,015,"Louisiana","Bossier Parish",4,38,1962,1004,958
050,22,015,"Louisiana","Bossier Parish",4,39,1974,994,980
050,22,015,"Louisiana","Bossier Parish",4,40,1928,976,952
050,22,015,"Louisiana","Bossier Parish",4,41,1848,939,909
050,22,015,"Louisiana","Bossier Parish",4,42,1783,917,866
050,22,015,"Louisiana","Bossier Parish",4,43,1630,806,824
050,22,015,"Louisiana","Bossier Parish",4,44,1633,819,814
050,22,015,"Louisiana","Bossier Parish",4,45,1568,781,787
050,22,015,"Louisiana","Bossier Parish",4,46,1512,775,737
050,22,015,"Louisiana","Bossier Parish",4,47,1477,726,751
050,22,015,"Louisiana","Bossier Parish",4,48,1410,705,705
050,22,015,"Louisiana","Bossier Parish",4,49,1466,739,727
050,22,015,"Louisiana","Bossier Parish",4,50,1510,761,749
050,22,015,"Louisiana","Bossier Parish",4,51,1567,753,814
050,22,015,"Louisiana","Bossier Parish",4,52,1502,730,772
050,22,015,"Louisiana","Bossier Parish",4,53,1381,676,705
050,22,015,"Louisiana","Bossier Parish",4,54,1296,609,687
050,22,015,"Louisiana","Bossier Parish",4,55,1341,647,694
050,22,015,"Louisiana","Bossier Parish",4,56,1368,687,681
050,22,015,"Louisiana","Bossier Parish",4,57,1513,747,766
050,22,015,"Louisiana","Bossier Parish",4,58,1560,773,787
050,22,015,"Louisiana","Bossier Parish",4,59,1528,754,774
050,22,015,"Louisiana","Bossier Parish",4,60,1555,764,791
050,22,015,"Louisiana","Bossier Parish",4,61,1570,763,807
050,22,015,"Louisiana","Bossier Parish",4,62,1562,754,808
050,22,015,"Louisiana","Bossier Parish",4,63,1450,711,739
050,22,015,"Louisiana","Bossier Parish",4,64,1454,687,767
050,22,015,"Louisiana","Bossier Parish",4,65,1441,691,750
050,22,015,"Louisiana","Bossier Parish",4,66,1381,635,746
050,22,015,"Louisiana","Bossier Parish",4,67,1337,603,734
050,22,015,"Louisiana","Bossier Parish",4,68,1277,605,672
050,22,015,"Louisiana","Bossier Parish",4,69,1228,579,649
050,22,015,"Louisiana","Bossier Parish",4,70,1118,524,594
050,22,015,"Louisiana","Bossier Parish",4,71,1076,484,592
050,22,015,"Louisiana","Bossier Parish",4,72,1066,478,588
050,22,015,"Louisiana","Bossier Parish",4,73,1024,450,574
050,22,015,"Louisiana","Bossier Parish",4,74,994,449,545
050,22,015,"Louisiana","Bossier Parish",4,75,1046,474,572
050,22,015,"Louisiana","Bossier Parish",4,76,694,302,392
050,22,015,"Louisiana","Bossier Parish",4,77,656,275,381
050,22,015,"Louisiana","Bossier Parish",4,78,639,268,371
050,22,015,"Louisiana","Bossier Parish",4,79,680,292,388
050,22,015,"Louisiana","Bossier Parish",4,80,558,230,328
050,22,015,"Louisiana","Bossier Parish",4,81,471,189,282
050,22,015,"Louisiana","Bossier Parish",4,82,446,196,250
050,22,015,"Louisiana","Bossier Parish",4,83,415,176,239
050,22,015,"Louisiana","Bossier Parish",4,84,403,184,219
050,22,015,"Louisiana","Bossier Parish",4,85,2117,785,1332
050,22,015,"Louisiana","Bossier Parish",5,0,1560,824,736
050,22,015,"Louisiana","Bossier Parish",5,1,1553,816,737
050,22,015,"Louisiana","Bossier Parish",5,2,1546,771,775
050,22,015,"Louisiana","Bossier Parish",5,3,1682,887,795
050,22,015,"Louisiana","Bossier Parish",5,4,1689,858,831
050,22,015,"Louisiana","Bossier Parish",5,5,1687,833,854
050,22,015,"Louisiana","Bossier Parish",5,6,1777,888,889
050,22,015,"Louisiana","Bossier Parish",5,7,1836,943,893
050,22,015,"Louisiana","Bossier Parish",5,8,1888,973,915
050,22,015,"Louisiana","Bossier Parish",5,9,1819,881,938
050,22,015,"Louisiana","Bossier Parish",5,10,1837,917,920
050,22,015,"Louisiana","Bossier Parish",5,11,1796,931,865
050,22,015,"Louisiana","Bossier Parish",5,12,1822,937,885
050,22,015,"Louisiana","Bossier Parish",5,13,1870,977,893
050,22,015,"Louisiana","Bossier Parish",5,14,1897,985,912
050,22,015,"Louisiana","Bossier Parish",5,15,1972,1023,949
050,22,015,"Louisiana","Bossier Parish",5,16,1882,962,920
050,22,015,"Louisiana","Bossier Parish",5,17,1835,950,885
050,22,015,"Louisiana","Bossier Parish",5,18,1545,841,704
050,22,015,"Louisiana","Bossier Parish",5,19,1366,782,584
050,22,015,"Louisiana","Bossier Parish",5,20,1489,819,670
050,22,015,"Louisiana","Bossier Parish",5,21,1561,852,709
050,22,015,"Louisiana","Bossier Parish",5,22,1655,870,785
050,22,015,"Louisiana","Bossier Parish",5,23,1801,937,864
050,22,015,"Louisiana","Bossier Parish",5,24,1706,881,825
050,22,015,"Louisiana","Bossier Parish",5,25,1676,872,804
050,22,015,"Louisiana","Bossier Parish",5,26,1586,796,790
050,22,015,"Louisiana","Bossier Parish",5,27,1613,862,751
050,22,015,"Louisiana","Bossier Parish",5,28,1634,802,832
050,22,015,"Louisiana","Bossier Parish",5,29,1721,852,869
050,22,015,"Louisiana","Bossier Parish",5,30,1802,873,929
050,22,015,"Louisiana","Bossier Parish",5,31,1862,928,934
050,22,015,"Louisiana","Bossier Parish",5,32,1930,980,950
050,22,015,"Louisiana","Bossier Parish",5,33,1874,894,980
050,22,015,"Louisiana","Bossier Parish",5,34,1940,935,1005
050,22,015,"Louisiana","Bossier Parish",5,35,1908,899,1009
050,22,015,"Louisiana","Bossier Parish",5,36,1977,969,1008
050,22,015,"Louisiana","Bossier Parish",5,37,1950,939,1011
050,22,015,"Louisiana","Bossier Parish",5,38,2017,1003,1014
050,22,015,"Louisiana","Bossier Parish",5,39,1944,998,946
050,22,015,"Louisiana","Bossier Parish",5,40,1924,951,973
050,22,015,"Louisiana","Bossier Parish",5,41,1895,951,944
050,22,015,"Louisiana","Bossier Parish",5,42,1800,897,903
050,22,015,"Louisiana","Bossier Parish",5,43,1797,927,870
050,22,015,"Louisiana","Bossier Parish",5,44,1636,807,829
050,22,015,"Louisiana","Bossier Parish",5,45,1608,815,793
050,22,015,"Louisiana","Bossier Parish",5,46,1541,755,786
050,22,015,"Louisiana","Bossier Parish",5,47,1475,740,735
050,22,015,"Louisiana","Bossier Parish",5,48,1448,694,754
050,22,015,"Louisiana","Bossier Parish",5,49,1395,715,680
050,22,015,"Louisiana","Bossier Parish",5,50,1474,729,745
050,22,015,"Louisiana","Bossier Parish",5,51,1463,729,734
050,22,015,"Louisiana","Bossier Parish",5,52,1559,749,810
050,22,015,"Louisiana","Bossier Parish",5,53,1515,735,780
050,22,015,"Louisiana","Bossier Parish",5,54,1385,683,702
050,22,015,"Louisiana","Bossier Parish",5,55,1285,606,679
050,22,015,"Louisiana","Bossier Parish",5,56,1366,663,703
050,22,015,"Louisiana","Bossier Parish",5,57,1390,696,694
050,22,015,"Louisiana","Bossier Parish",5,58,1490,738,752
050,22,015,"Louisiana","Bossier Parish",5,59,1534,759,775
050,22,015,"Louisiana","Bossier Parish",5,60,1516,745,771
050,22,015,"Louisiana","Bossier Parish",5,61,1560,764,796
050,22,015,"Louisiana","Bossier Parish",5,62,1539,746,793
050,22,015,"Louisiana","Bossier Parish",5,63,1544,752,792
050,22,015,"Louisiana","Bossier Parish",5,64,1458,702,756
050,22,015,"Louisiana","Bossier Parish",5,65,1434,683,751
050,22,015,"Louisiana","Bossier Parish",5,66,1412,681,731
050,22,015,"Louisiana","Bossier Parish",5,67,1375,629,746
050,22,015,"Louisiana","Bossier Parish",5,68,1334,595,739
050,22,015,"Louisiana","Bossier Parish",5,69,1249,585,664
050,22,015,"Louisiana","Bossier Parish",5,70,1202,562,640
050,22,015,"Louisiana","Bossier Parish",5,71,1099,510,589
050,22,015,"Louisiana","Bossier Parish",5,72,1062,472,590
050,22,015,"Louisiana","Bossier Parish",5,73,1045,466,579
050,22,015,"Louisiana","Bossier Parish",5,74,995,436,559
050,22,015,"Louisiana","Bossier Parish",5,75,963,425,538
050,22,015,"Louisiana","Bossier Parish",5,76,1012,454,558
050,22,015,"Louisiana","Bossier Parish",5,77,664,289,375
050,22,015,"Louisiana","Bossier Parish",5,78,630,263,367
050,22,015,"Louisiana","Bossier Parish",5,79,622,256,366
050,22,015,"Louisiana","Bossier Parish",5,80,654,277,377
050,22,015,"Louisiana","Bossier Parish",5,81,504,206,298
050,22,015,"Louisiana","Bossier Parish",5,82,438,173,265
050,22,015,"Louisiana","Bossier Parish",5,83,404,174,230
050,22,015,"Louisiana","Bossier Parish",5,84,392,174,218
050,22,015,"Louisiana","Bossier Parish",5,85,2203,839,1364
050,22,017,"Louisiana","Caddo Parish",1,0,2877,1459,1418
050,22,017,"Louisiana","Caddo Parish",1,1,2889,1443,1446
050,22,017,"Louisiana","Caddo Parish",1,2,3060,1566,1494
050,22,017,"Louisiana","Caddo Parish",1,3,3126,1598,1528
050,22,017,"Louisiana","Caddo Parish",1,4,3177,1574,1603
050,22,017,"Louisiana","Caddo Parish",1,5,3268,1585,1683
050,22,017,"Louisiana","Caddo Parish",1,6,3290,1686,1604
050,22,017,"Louisiana","Caddo Parish",1,7,3252,1643,1609
050,22,017,"Louisiana","Caddo Parish",1,8,3203,1622,1581
050,22,017,"Louisiana","Caddo Parish",1,9,3209,1620,1589
050,22,017,"Louisiana","Caddo Parish",1,10,3193,1581,1612
050,22,017,"Louisiana","Caddo Parish",1,11,3266,1666,1600
050,22,017,"Louisiana","Caddo Parish",1,12,3331,1698,1633
050,22,017,"Louisiana","Caddo Parish",1,13,3265,1658,1607
050,22,017,"Louisiana","Caddo Parish",1,14,3107,1566,1541
050,22,017,"Louisiana","Caddo Parish",1,15,3109,1567,1542
050,22,017,"Louisiana","Caddo Parish",1,16,3178,1589,1589
050,22,017,"Louisiana","Caddo Parish",1,17,3031,1537,1494
050,22,017,"Louisiana","Caddo Parish",1,18,2778,1421,1357
050,22,017,"Louisiana","Caddo Parish",1,19,2497,1257,1240
050,22,017,"Louisiana","Caddo Parish",1,20,2606,1285,1321
050,22,017,"Louisiana","Caddo Parish",1,21,2633,1282,1351
050,22,017,"Louisiana","Caddo Parish",1,22,2732,1315,1417
050,22,017,"Louisiana","Caddo Parish",1,23,2825,1369,1456
050,22,017,"Louisiana","Caddo Parish",1,24,2825,1375,1450
050,22,017,"Louisiana","Caddo Parish",1,25,2900,1398,1502
050,22,017,"Louisiana","Caddo Parish",1,26,2989,1433,1556
050,22,017,"Louisiana","Caddo Parish",1,27,3140,1517,1623
050,22,017,"Louisiana","Caddo Parish",1,28,3402,1649,1753
050,22,017,"Louisiana","Caddo Parish",1,29,3346,1561,1785
050,22,017,"Louisiana","Caddo Parish",1,30,3288,1554,1734
050,22,017,"Louisiana","Caddo Parish",1,31,3214,1528,1686
050,22,017,"Louisiana","Caddo Parish",1,32,3096,1473,1623
050,22,017,"Louisiana","Caddo Parish",1,33,3075,1486,1589
050,22,017,"Louisiana","Caddo Parish",1,34,3146,1521,1625
050,22,017,"Louisiana","Caddo Parish",1,35,2999,1426,1573
050,22,017,"Louisiana","Caddo Parish",1,36,3123,1444,1679
050,22,017,"Louisiana","Caddo Parish",1,37,3086,1420,1666
050,22,017,"Louisiana","Caddo Parish",1,38,3112,1512,1600
050,22,017,"Louisiana","Caddo Parish",1,39,3143,1528,1615
050,22,017,"Louisiana","Caddo Parish",1,40,3067,1518,1549
050,22,017,"Louisiana","Caddo Parish",1,41,2920,1368,1552
050,22,017,"Louisiana","Caddo Parish",1,42,2785,1302,1483
050,22,017,"Louisiana","Caddo Parish",1,43,2755,1269,1486
050,22,017,"Louisiana","Caddo Parish",1,44,2658,1242,1416
050,22,017,"Louisiana","Caddo Parish",1,45,2569,1201,1368
050,22,017,"Louisiana","Caddo Parish",1,46,2518,1173,1345
050,22,017,"Louisiana","Caddo Parish",1,47,2702,1293,1409
050,22,017,"Louisiana","Caddo Parish",1,48,2830,1331,1499
050,22,017,"Louisiana","Caddo Parish",1,49,2904,1349,1555
050,22,017,"Louisiana","Caddo Parish",1,50,2785,1307,1478
050,22,017,"Louisiana","Caddo Parish",1,51,2740,1290,1450
050,22,017,"Louisiana","Caddo Parish",1,52,2588,1236,1352
050,22,017,"Louisiana","Caddo Parish",1,53,2655,1235,1420
050,22,017,"Louisiana","Caddo Parish",1,54,2746,1326,1420
050,22,017,"Louisiana","Caddo Parish",1,55,2944,1433,1511
050,22,017,"Louisiana","Caddo Parish",1,56,3047,1474,1573
050,22,017,"Louisiana","Caddo Parish",1,57,3183,1522,1661
050,22,017,"Louisiana","Caddo Parish",1,58,3149,1419,1730
050,22,017,"Louisiana","Caddo Parish",1,59,3181,1520,1661
050,22,017,"Louisiana","Caddo Parish",1,60,3289,1552,1737
050,22,017,"Louisiana","Caddo Parish",1,61,3259,1512,1747
050,22,017,"Louisiana","Caddo Parish",1,62,3185,1498,1687
050,22,017,"Louisiana","Caddo Parish",1,63,3166,1440,1726
050,22,017,"Louisiana","Caddo Parish",1,64,3200,1461,1739
050,22,017,"Louisiana","Caddo Parish",1,65,3130,1390,1740
050,22,017,"Louisiana","Caddo Parish",1,66,2953,1323,1630
050,22,017,"Louisiana","Caddo Parish",1,67,2797,1276,1521
050,22,017,"Louisiana","Caddo Parish",1,68,2721,1238,1483
050,22,017,"Louisiana","Caddo Parish",1,69,2628,1169,1459
050,22,017,"Louisiana","Caddo Parish",1,70,2474,1091,1383
050,22,017,"Louisiana","Caddo Parish",1,71,2385,1085,1300
050,22,017,"Louisiana","Caddo Parish",1,72,2323,1080,1243
050,22,017,"Louisiana","Caddo Parish",1,73,2263,1050,1213
050,22,017,"Louisiana","Caddo Parish",1,74,1603,718,885
050,22,017,"Louisiana","Caddo Parish",1,75,1601,691,910
050,22,017,"Louisiana","Caddo Parish",1,76,1583,698,885
050,22,017,"Louisiana","Caddo Parish",1,77,1538,681,857
050,22,017,"Louisiana","Caddo Parish",1,78,1313,560,753
050,22,017,"Louisiana","Caddo Parish",1,79,1262,521,741
050,22,017,"Louisiana","Caddo Parish",1,80,1159,445,714
050,22,017,"Louisiana","Caddo Parish",1,81,1039,401,638
050,22,017,"Louisiana","Caddo Parish",1,82,924,362,562
050,22,017,"Louisiana","Caddo Parish",1,83,873,326,547
050,22,017,"Louisiana","Caddo Parish",1,84,802,283,519
050,22,017,"Louisiana","Caddo Parish",1,85,4883,1663,3220
050,22,017,"Louisiana","Caddo Parish",2,0,2835,1437,1398
050,22,017,"Louisiana","Caddo Parish",2,1,2875,1444,1431
050,22,017,"Louisiana","Caddo Parish",2,2,3015,1538,1477
050,22,017,"Louisiana","Caddo Parish",2,3,3083,1580,1503
050,22,017,"Louisiana","Caddo Parish",2,4,3154,1572,1582
050,22,017,"Louisiana","Caddo Parish",2,5,3245,1583,1662
050,22,017,"Louisiana","Caddo Parish",2,6,3277,1657,1620
050,22,017,"Louisiana","Caddo Parish",2,7,3238,1642,1596
050,22,017,"Louisiana","Caddo Parish",2,8,3182,1610,1572
050,22,017,"Louisiana","Caddo Parish",2,9,3188,1610,1578
050,22,017,"Louisiana","Caddo Parish",2,10,3180,1580,1600
050,22,017,"Louisiana","Caddo Parish",2,11,3220,1632,1588
050,22,017,"Louisiana","Caddo Parish",2,12,3312,1689,1623
050,22,017,"Louisiana","Caddo Parish",2,13,3268,1665,1603
050,22,017,"Louisiana","Caddo Parish",2,14,3134,1583,1551
050,22,017,"Louisiana","Caddo Parish",2,15,3108,1561,1547
050,22,017,"Louisiana","Caddo Parish",2,16,3162,1586,1576
050,22,017,"Louisiana","Caddo Parish",2,17,3051,1542,1509
050,22,017,"Louisiana","Caddo Parish",2,18,2732,1399,1333
050,22,017,"Louisiana","Caddo Parish",2,19,2492,1251,1241
050,22,017,"Louisiana","Caddo Parish",2,20,2634,1295,1339
050,22,017,"Louisiana","Caddo Parish",2,21,2641,1285,1356
050,22,017,"Louisiana","Caddo Parish",2,22,2729,1318,1411
050,22,017,"Louisiana","Caddo Parish",2,23,2815,1357,1458
050,22,017,"Louisiana","Caddo Parish",2,24,2823,1377,1446
050,22,017,"Louisiana","Caddo Parish",2,25,2881,1386,1495
050,22,017,"Louisiana","Caddo Parish",2,26,2955,1417,1538
050,22,017,"Louisiana","Caddo Parish",2,27,3082,1483,1599
050,22,017,"Louisiana","Caddo Parish",2,28,3316,1606,1710
050,22,017,"Louisiana","Caddo Parish",2,29,3337,1574,1763
050,22,017,"Louisiana","Caddo Parish",2,30,3308,1559,1749
050,22,017,"Louisiana","Caddo Parish",2,31,3202,1523,1679
050,22,017,"Louisiana","Caddo Parish",2,32,3090,1470,1620
050,22,017,"Louisiana","Caddo Parish",2,33,3058,1474,1584
050,22,017,"Louisiana","Caddo Parish",2,34,3107,1505,1602
050,22,017,"Louisiana","Caddo Parish",2,35,3045,1457,1588
050,22,017,"Louisiana","Caddo Parish",2,36,3058,1423,1635
050,22,017,"Louisiana","Caddo Parish",2,37,3081,1419,1662
050,22,017,"Louisiana","Caddo Parish",2,38,3099,1482,1617
050,22,017,"Louisiana","Caddo Parish",2,39,3108,1514,1594
050,22,017,"Louisiana","Caddo Parish",2,40,3097,1524,1573
050,22,017,"Louisiana","Caddo Parish",2,41,2941,1400,1541
050,22,017,"Louisiana","Caddo Parish",2,42,2789,1308,1481
050,22,017,"Louisiana","Caddo Parish",2,43,2772,1284,1488
050,22,017,"Louisiana","Caddo Parish",2,44,2637,1229,1408
050,22,017,"Louisiana","Caddo Parish",2,45,2595,1214,1381
050,22,017,"Louisiana","Caddo Parish",2,46,2518,1175,1343
050,22,017,"Louisiana","Caddo Parish",2,47,2649,1265,1384
050,22,017,"Louisiana","Caddo Parish",2,48,2798,1319,1479
050,22,017,"Louisiana","Caddo Parish",2,49,2891,1347,1544
050,22,017,"Louisiana","Caddo Parish",2,50,2820,1321,1499
050,22,017,"Louisiana","Caddo Parish",2,51,2725,1285,1440
050,22,017,"Louisiana","Caddo Parish",2,52,2620,1243,1377
050,22,017,"Louisiana","Caddo Parish",2,53,2622,1228,1394
050,22,017,"Louisiana","Caddo Parish",2,54,2709,1299,1410
050,22,017,"Louisiana","Caddo Parish",2,55,2881,1399,1482
050,22,017,"Louisiana","Caddo Parish",2,56,3017,1460,1557
050,22,017,"Louisiana","Caddo Parish",2,57,3152,1514,1638
050,22,017,"Louisiana","Caddo Parish",2,58,3142,1441,1701
050,22,017,"Louisiana","Caddo Parish",2,59,3164,1491,1673
050,22,017,"Louisiana","Caddo Parish",2,60,3254,1538,1716
050,22,017,"Louisiana","Caddo Parish",2,61,3242,1509,1733
050,22,017,"Louisiana","Caddo Parish",2,62,3173,1487,1686
050,22,017,"Louisiana","Caddo Parish",2,63,3178,1451,1727
050,22,017,"Louisiana","Caddo Parish",2,64,3156,1433,1723
050,22,017,"Louisiana","Caddo Parish",2,65,3115,1389,1726
050,22,017,"Louisiana","Caddo Parish",2,66,2989,1338,1651
050,22,017,"Louisiana","Caddo Parish",2,67,2808,1273,1535
050,22,017,"Louisiana","Caddo Parish",2,68,2703,1226,1477
050,22,017,"Louisiana","Caddo Parish",2,69,2651,1182,1469
050,22,017,"Louisiana","Caddo Parish",2,70,2473,1091,1382
050,22,017,"Louisiana","Caddo Parish",2,71,2384,1075,1309
050,22,017,"Louisiana","Caddo Parish",2,72,2292,1054,1238
050,22,017,"Louisiana","Caddo Parish",2,73,2344,1087,1257
050,22,017,"Louisiana","Caddo Parish",2,74,1652,747,905
050,22,017,"Louisiana","Caddo Parish",2,75,1581,685,896
050,22,017,"Louisiana","Caddo Parish",2,76,1554,679,875
050,22,017,"Louisiana","Caddo Parish",2,77,1551,680,871
050,22,017,"Louisiana","Caddo Parish",2,78,1312,567,745
050,22,017,"Louisiana","Caddo Parish",2,79,1253,519,734
050,22,017,"Louisiana","Caddo Parish",2,80,1163,453,710
050,22,017,"Louisiana","Caddo Parish",2,81,1032,404,628
050,22,017,"Louisiana","Caddo Parish",2,82,930,359,571
050,22,017,"Louisiana","Caddo Parish",2,83,861,325,536
050,22,017,"Louisiana","Caddo Parish",2,84,791,282,509
050,22,017,"Louisiana","Caddo Parish",2,85,4844,1635,3209
050,22,017,"Louisiana","Caddo Parish",3,0,2781,1411,1370
050,22,017,"Louisiana","Caddo Parish",3,1,2743,1387,1356
050,22,017,"Louisiana","Caddo Parish",3,2,2815,1440,1375
050,22,017,"Louisiana","Caddo Parish",3,3,2948,1520,1428
050,22,017,"Louisiana","Caddo Parish",3,4,2987,1517,1470
050,22,017,"Louisiana","Caddo Parish",3,5,3034,1544,1490
050,22,017,"Louisiana","Caddo Parish",3,6,3153,1521,1632
050,22,017,"Louisiana","Caddo Parish",3,7,3202,1622,1580
050,22,017,"Louisiana","Caddo Parish",3,8,3138,1611,1527
050,22,017,"Louisiana","Caddo Parish",3,9,3115,1563,1552
050,22,017,"Louisiana","Caddo Parish",3,10,3134,1585,1549
050,22,017,"Louisiana","Caddo Parish",3,11,3111,1542,1569
050,22,017,"Louisiana","Caddo Parish",3,12,3158,1600,1558
050,22,017,"Louisiana","Caddo Parish",3,13,3269,1659,1610
050,22,017,"Louisiana","Caddo Parish",3,14,3211,1631,1580
050,22,017,"Louisiana","Caddo Parish",3,15,3086,1544,1542
050,22,017,"Louisiana","Caddo Parish",3,16,3074,1534,1540
050,22,017,"Louisiana","Caddo Parish",3,17,3136,1581,1555
050,22,017,"Louisiana","Caddo Parish",3,18,2671,1381,1290
050,22,017,"Louisiana","Caddo Parish",3,19,2360,1194,1166
050,22,017,"Louisiana","Caddo Parish",3,20,2582,1277,1305
050,22,017,"Louisiana","Caddo Parish",3,21,2702,1315,1387
050,22,017,"Louisiana","Caddo Parish",3,22,2695,1291,1404
050,22,017,"Louisiana","Caddo Parish",3,23,2723,1301,1422
050,22,017,"Louisiana","Caddo Parish",3,24,2863,1377,1486
050,22,017,"Louisiana","Caddo Parish",3,25,2774,1341,1433
050,22,017,"Louisiana","Caddo Parish",3,26,2804,1340,1464
050,22,017,"Louisiana","Caddo Parish",3,27,2889,1389,1500
050,22,017,"Louisiana","Caddo Parish",3,28,2974,1442,1532
050,22,017,"Louisiana","Caddo Parish",3,29,3216,1525,1691
050,22,017,"Louisiana","Caddo Parish",3,30,3276,1528,1748
050,22,017,"Louisiana","Caddo Parish",3,31,3231,1531,1700
050,22,017,"Louisiana","Caddo Parish",3,32,3091,1467,1624
050,22,017,"Louisiana","Caddo Parish",3,33,2964,1407,1557
050,22,017,"Louisiana","Caddo Parish",3,34,2984,1414,1570
050,22,017,"Louisiana","Caddo Parish",3,35,3021,1474,1547
050,22,017,"Louisiana","Caddo Parish",3,36,2955,1412,1543
050,22,017,"Louisiana","Caddo Parish",3,37,2997,1388,1609
050,22,017,"Louisiana","Caddo Parish",3,38,3029,1389,1640
050,22,017,"Louisiana","Caddo Parish",3,39,3037,1453,1584
050,22,017,"Louisiana","Caddo Parish",3,40,3060,1477,1583
050,22,017,"Louisiana","Caddo Parish",3,41,3005,1463,1542
050,22,017,"Louisiana","Caddo Parish",3,42,2864,1348,1516
050,22,017,"Louisiana","Caddo Parish",3,43,2726,1279,1447
050,22,017,"Louisiana","Caddo Parish",3,44,2719,1259,1460
050,22,017,"Louisiana","Caddo Parish",3,45,2616,1219,1397
050,22,017,"Louisiana","Caddo Parish",3,46,2536,1173,1363
050,22,017,"Louisiana","Caddo Parish",3,47,2442,1129,1313
050,22,017,"Louisiana","Caddo Parish",3,48,2578,1234,1344
050,22,017,"Louisiana","Caddo Parish",3,49,2764,1308,1456
050,22,017,"Louisiana","Caddo Parish",3,50,2864,1346,1518
050,22,017,"Louisiana","Caddo Parish",3,51,2785,1290,1495
050,22,017,"Louisiana","Caddo Parish",3,52,2689,1265,1424
050,22,017,"Louisiana","Caddo Parish",3,53,2577,1230,1347
050,22,017,"Louisiana","Caddo Parish",3,54,2593,1210,1383
050,22,017,"Louisiana","Caddo Parish",3,55,2652,1271,1381
050,22,017,"Louisiana","Caddo Parish",3,56,2788,1357,1431
050,22,017,"Louisiana","Caddo Parish",3,57,2956,1416,1540
050,22,017,"Louisiana","Caddo Parish",3,58,3080,1477,1603
050,22,017,"Louisiana","Caddo Parish",3,59,3065,1407,1658
050,22,017,"Louisiana","Caddo Parish",3,60,3078,1434,1644
050,22,017,"Louisiana","Caddo Parish",3,61,3160,1490,1670
050,22,017,"Louisiana","Caddo Parish",3,62,3127,1451,1676
050,22,017,"Louisiana","Caddo Parish",3,63,3115,1439,1676
050,22,017,"Louisiana","Caddo Parish",3,64,3083,1398,1685
050,22,017,"Louisiana","Caddo Parish",3,65,3052,1361,1691
050,22,017,"Louisiana","Caddo Parish",3,66,3051,1365,1686
050,22,017,"Louisiana","Caddo Parish",3,67,2901,1282,1619
050,22,017,"Louisiana","Caddo Parish",3,68,2737,1238,1499
050,22,017,"Louisiana","Caddo Parish",3,69,2629,1189,1440
050,22,017,"Louisiana","Caddo Parish",3,70,2533,1135,1398
050,22,017,"Louisiana","Caddo Parish",3,71,2419,1061,1358
050,22,017,"Louisiana","Caddo Parish",3,72,2322,1043,1279
050,22,017,"Louisiana","Caddo Parish",3,73,2190,996,1194
050,22,017,"Louisiana","Caddo Parish",3,74,2249,1044,1205
050,22,017,"Louisiana","Caddo Parish",3,75,1582,708,874
050,22,017,"Louisiana","Caddo Parish",3,76,1516,655,861
050,22,017,"Louisiana","Caddo Parish",3,77,1480,631,849
050,22,017,"Louisiana","Caddo Parish",3,78,1438,621,817
050,22,017,"Louisiana","Caddo Parish",3,79,1239,529,710
050,22,017,"Louisiana","Caddo Parish",3,80,1172,470,702
050,22,017,"Louisiana","Caddo Parish",3,81,1053,401,652
050,22,017,"Louisiana","Caddo Parish",3,82,977,373,604
050,22,017,"Louisiana","Caddo Parish",3,83,862,325,537
050,22,017,"Louisiana","Caddo Parish",3,84,746,276,470
050,22,017,"Louisiana","Caddo Parish",3,85,4655,1537,3118
050,22,017,"Louisiana","Caddo Parish",4,0,2702,1427,1275
050,22,017,"Louisiana","Caddo Parish",4,1,2734,1396,1338
050,22,017,"Louisiana","Caddo Parish",4,2,2671,1363,1308
050,22,017,"Louisiana","Caddo Parish",4,3,2781,1404,1377
050,22,017,"Louisiana","Caddo Parish",4,4,2906,1485,1421
050,22,017,"Louisiana","Caddo Parish",4,5,2919,1478,1441
050,22,017,"Louisiana","Caddo Parish",4,6,2968,1508,1460
050,22,017,"Louisiana","Caddo Parish",4,7,3090,1500,1590
050,22,017,"Louisiana","Caddo Parish",4,8,3113,1587,1526
050,22,017,"Louisiana","Caddo Parish",4,9,3052,1565,1487
050,22,017,"Louisiana","Caddo Parish",4,10,3078,1562,1516
050,22,017,"Louisiana","Caddo Parish",4,11,3048,1542,1506
050,22,017,"Louisiana","Caddo Parish",4,12,3062,1527,1535
050,22,017,"Louisiana","Caddo Parish",4,13,3052,1566,1486
050,22,017,"Louisiana","Caddo Parish",4,14,3236,1654,1582
050,22,017,"Louisiana","Caddo Parish",4,15,3189,1612,1577
050,22,017,"Louisiana","Caddo Parish",4,16,3031,1525,1506
050,22,017,"Louisiana","Caddo Parish",4,17,3032,1510,1522
050,22,017,"Louisiana","Caddo Parish",4,18,2692,1399,1293
050,22,017,"Louisiana","Caddo Parish",4,19,2239,1143,1096
050,22,017,"Louisiana","Caddo Parish",4,20,2462,1227,1235
050,22,017,"Louisiana","Caddo Parish",4,21,2624,1283,1341
050,22,017,"Louisiana","Caddo Parish",4,22,2792,1327,1465
050,22,017,"Louisiana","Caddo Parish",4,23,2738,1334,1404
050,22,017,"Louisiana","Caddo Parish",4,24,2742,1321,1421
050,22,017,"Louisiana","Caddo Parish",4,25,2756,1332,1424
050,22,017,"Louisiana","Caddo Parish",4,26,2669,1280,1389
050,22,017,"Louisiana","Caddo Parish",4,27,2728,1304,1424
050,22,017,"Louisiana","Caddo Parish",4,28,2733,1332,1401
050,22,017,"Louisiana","Caddo Parish",4,29,2900,1419,1481
050,22,017,"Louisiana","Caddo Parish",4,30,3045,1451,1594
050,22,017,"Louisiana","Caddo Parish",4,31,3204,1477,1727
050,22,017,"Louisiana","Caddo Parish",4,32,3174,1494,1680
050,22,017,"Louisiana","Caddo Parish",4,33,3029,1435,1594
050,22,017,"Louisiana","Caddo Parish",4,34,2949,1417,1532
050,22,017,"Louisiana","Caddo Parish",4,35,2929,1387,1542
050,22,017,"Louisiana","Caddo Parish",4,36,2971,1468,1503
050,22,017,"Louisiana","Caddo Parish",4,37,2928,1389,1539
050,22,017,"Louisiana","Caddo Parish",4,38,2931,1355,1576
050,22,017,"Louisiana","Caddo Parish",4,39,2959,1357,1602
050,22,017,"Louisiana","Caddo Parish",4,40,2999,1452,1547
050,22,017,"Louisiana","Caddo Parish",4,41,3012,1443,1569
050,22,017,"Louisiana","Caddo Parish",4,42,3000,1455,1545
050,22,017,"Louisiana","Caddo Parish",4,43,2830,1339,1491
050,22,017,"Louisiana","Caddo Parish",4,44,2654,1229,1425
050,22,017,"Louisiana","Caddo Parish",4,45,2690,1249,1441
050,22,017,"Louisiana","Caddo Parish",4,46,2583,1189,1394
050,22,017,"Louisiana","Caddo Parish",4,47,2484,1146,1338
050,22,017,"Louisiana","Caddo Parish",4,48,2422,1111,1311
050,22,017,"Louisiana","Caddo Parish",4,49,2551,1224,1327
050,22,017,"Louisiana","Caddo Parish",4,50,2708,1273,1435
050,22,017,"Louisiana","Caddo Parish",4,51,2822,1330,1492
050,22,017,"Louisiana","Caddo Parish",4,52,2763,1275,1488
050,22,017,"Louisiana","Caddo Parish",4,53,2631,1223,1408
050,22,017,"Louisiana","Caddo Parish",4,54,2572,1220,1352
050,22,017,"Louisiana","Caddo Parish",4,55,2543,1204,1339
050,22,017,"Louisiana","Caddo Parish",4,56,2611,1247,1364
050,22,017,"Louisiana","Caddo Parish",4,57,2732,1320,1412
050,22,017,"Louisiana","Caddo Parish",4,58,2869,1348,1521
050,22,017,"Louisiana","Caddo Parish",4,59,2994,1437,1557
050,22,017,"Louisiana","Caddo Parish",4,60,2983,1368,1615
050,22,017,"Louisiana","Caddo Parish",4,61,3004,1399,1605
050,22,017,"Louisiana","Caddo Parish",4,62,3073,1457,1616
050,22,017,"Louisiana","Caddo Parish",4,63,3074,1425,1649
050,22,017,"Louisiana","Caddo Parish",4,64,2999,1381,1618
050,22,017,"Louisiana","Caddo Parish",4,65,3009,1355,1654
050,22,017,"Louisiana","Caddo Parish",4,66,2978,1330,1648
050,22,017,"Louisiana","Caddo Parish",4,67,2986,1333,1653
050,22,017,"Louisiana","Caddo Parish",4,68,2833,1246,1587
050,22,017,"Louisiana","Caddo Parish",4,69,2667,1207,1460
050,22,017,"Louisiana","Caddo Parish",4,70,2536,1150,1386
050,22,017,"Louisiana","Caddo Parish",4,71,2444,1096,1348
050,22,017,"Louisiana","Caddo Parish",4,72,2339,1027,1312
050,22,017,"Louisiana","Caddo Parish",4,73,2215,973,1242
050,22,017,"Louisiana","Caddo Parish",4,74,2103,951,1152
050,22,017,"Louisiana","Caddo Parish",4,75,2172,1003,1169
050,22,017,"Louisiana","Caddo Parish",4,76,1508,669,839
050,22,017,"Louisiana","Caddo Parish",4,77,1450,612,838
050,22,017,"Louisiana","Caddo Parish",4,78,1384,579,805
050,22,017,"Louisiana","Caddo Parish",4,79,1370,591,779
050,22,017,"Louisiana","Caddo Parish",4,80,1163,489,674
050,22,017,"Louisiana","Caddo Parish",4,81,1094,431,663
050,22,017,"Louisiana","Caddo Parish",4,82,998,369,629
050,22,017,"Louisiana","Caddo Parish",4,83,909,346,563
050,22,017,"Louisiana","Caddo Parish",4,84,762,276,486
050,22,017,"Louisiana","Caddo Parish",4,85,4553,1494,3059
050,22,017,"Louisiana","Caddo Parish",5,0,2712,1430,1282
050,22,017,"Louisiana","Caddo Parish",5,1,2712,1408,1304
050,22,017,"Louisiana","Caddo Parish",5,2,2679,1375,1304
050,22,017,"Louisiana","Caddo Parish",5,3,2658,1353,1305
050,22,017,"Louisiana","Caddo Parish",5,4,2721,1354,1367
050,22,017,"Louisiana","Caddo Parish",5,5,2873,1473,1400
050,22,017,"Louisiana","Caddo Parish",5,6,2876,1453,1423
050,22,017,"Louisiana","Caddo Parish",5,7,2929,1481,1448
050,22,017,"Louisiana","Caddo Parish",5,8,3023,1467,1556
050,22,017,"Louisiana","Caddo Parish",5,9,3062,1578,1484
050,22,017,"Louisiana","Caddo Parish",5,10,2983,1520,1463
050,22,017,"Louisiana","Caddo Parish",5,11,3021,1531,1490
050,22,017,"Louisiana","Caddo Parish",5,12,3007,1514,1493
050,22,017,"Louisiana","Caddo Parish",5,13,2992,1529,1463
050,22,017,"Louisiana","Caddo Parish",5,14,3013,1549,1464
050,22,017,"Louisiana","Caddo Parish",5,15,3182,1605,1577
050,22,017,"Louisiana","Caddo Parish",5,16,3153,1584,1569
050,22,017,"Louisiana","Caddo Parish",5,17,2996,1502,1494
050,22,017,"Louisiana","Caddo Parish",5,18,2587,1307,1280
050,22,017,"Louisiana","Caddo Parish",5,19,2279,1177,1102
050,22,017,"Louisiana","Caddo Parish",5,20,2345,1163,1182
050,22,017,"Louisiana","Caddo Parish",5,21,2554,1255,1299
050,22,017,"Louisiana","Caddo Parish",5,22,2727,1336,1391
050,22,017,"Louisiana","Caddo Parish",5,23,2827,1342,1485
050,22,017,"Louisiana","Caddo Parish",5,24,2753,1345,1408
050,22,017,"Louisiana","Caddo Parish",5,25,2750,1339,1411
050,22,017,"Louisiana","Caddo Parish",5,26,2680,1288,1392
050,22,017,"Louisiana","Caddo Parish",5,27,2679,1289,1390
050,22,017,"Louisiana","Caddo Parish",5,28,2697,1278,1419
050,22,017,"Louisiana","Caddo Parish",5,29,2660,1299,1361
050,22,017,"Louisiana","Caddo Parish",5,30,2875,1402,1473
050,22,017,"Louisiana","Caddo Parish",5,31,3004,1417,1587
050,22,017,"Louisiana","Caddo Parish",5,32,3122,1445,1677
050,22,017,"Louisiana","Caddo Parish",5,33,3135,1472,1663
050,22,017,"Louisiana","Caddo Parish",5,34,2997,1426,1571
050,22,017,"Louisiana","Caddo Parish",5,35,2897,1406,1491
050,22,017,"Louisiana","Caddo Parish",5,36,2883,1366,1517
050,22,017,"Louisiana","Caddo Parish",5,37,2893,1415,1478
050,22,017,"Louisiana","Caddo Parish",5,38,2864,1367,1497
050,22,017,"Louisiana","Caddo Parish",5,39,2856,1312,1544
050,22,017,"Louisiana","Caddo Parish",5,40,2910,1348,1562
050,22,017,"Louisiana","Caddo Parish",5,41,2930,1409,1521
050,22,017,"Louisiana","Caddo Parish",5,42,2974,1432,1542
050,22,017,"Louisiana","Caddo Parish",5,43,2923,1415,1508
050,22,017,"Louisiana","Caddo Parish",5,44,2764,1310,1454
050,22,017,"Louisiana","Caddo Parish",5,45,2624,1208,1416
050,22,017,"Louisiana","Caddo Parish",5,46,2658,1238,1420
050,22,017,"Louisiana","Caddo Parish",5,47,2526,1157,1369
050,22,017,"Louisiana","Caddo Parish",5,48,2458,1139,1319
050,22,017,"Louisiana","Caddo Parish",5,49,2398,1113,1285
050,22,017,"Louisiana","Caddo Parish",5,50,2515,1208,1307
050,22,017,"Louisiana","Caddo Parish",5,51,2669,1252,1417
050,22,017,"Louisiana","Caddo Parish",5,52,2790,1287,1503
050,22,017,"Louisiana","Caddo Parish",5,53,2738,1265,1473
050,22,017,"Louisiana","Caddo Parish",5,54,2609,1222,1387
050,22,017,"Louisiana","Caddo Parish",5,55,2544,1201,1343
050,22,017,"Louisiana","Caddo Parish",5,56,2477,1167,1310
050,22,017,"Louisiana","Caddo Parish",5,57,2550,1216,1334
050,22,017,"Louisiana","Caddo Parish",5,58,2689,1296,1393
050,22,017,"Louisiana","Caddo Parish",5,59,2813,1325,1488
050,22,017,"Louisiana","Caddo Parish",5,60,2963,1417,1546
050,22,017,"Louisiana","Caddo Parish",5,61,2964,1348,1616
050,22,017,"Louisiana","Caddo Parish",5,62,2938,1373,1565
050,22,017,"Louisiana","Caddo Parish",5,63,3018,1431,1587
050,22,017,"Louisiana","Caddo Parish",5,64,2997,1387,1610
050,22,017,"Louisiana","Caddo Parish",5,65,2925,1334,1591
050,22,017,"Louisiana","Caddo Parish",5,66,2949,1330,1619
050,22,017,"Louisiana","Caddo Parish",5,67,2902,1285,1617
050,22,017,"Louisiana","Caddo Parish",5,68,2919,1299,1620
050,22,017,"Louisiana","Caddo Parish",5,69,2771,1200,1571
050,22,017,"Louisiana","Caddo Parish",5,70,2587,1175,1412
050,22,017,"Louisiana","Caddo Parish",5,71,2464,1124,1340
050,22,017,"Louisiana","Caddo Parish",5,72,2386,1066,1320
050,22,017,"Louisiana","Caddo Parish",5,73,2256,964,1292
050,22,017,"Louisiana","Caddo Parish",5,74,2142,950,1192
050,22,017,"Louisiana","Caddo Parish",5,75,2045,915,1130
050,22,017,"Louisiana","Caddo Parish",5,76,2092,965,1127
050,22,017,"Louisiana","Caddo Parish",5,77,1455,633,822
050,22,017,"Louisiana","Caddo Parish",5,78,1377,574,803
050,22,017,"Louisiana","Caddo Parish",5,79,1318,547,771
050,22,017,"Louisiana","Caddo Parish",5,80,1281,550,731
050,22,017,"Louisiana","Caddo Parish",5,81,1086,460,626
050,22,017,"Louisiana","Caddo Parish",5,82,1049,403,646
050,22,017,"Louisiana","Caddo Parish",5,83,942,351,591
050,22,017,"Louisiana","Caddo Parish",5,84,818,304,514
050,22,017,"Louisiana","Caddo Parish",5,85,4527,1493,3034
050,22,019,"Louisiana","Calcasieu Parish",1,0,3158,1610,1548
050,22,019,"Louisiana","Calcasieu Parish",1,1,3102,1572,1530
050,22,019,"Louisiana","Calcasieu Parish",1,2,3121,1565,1556
050,22,019,"Louisiana","Calcasieu Parish",1,3,3148,1565,1583
050,22,019,"Louisiana","Calcasieu Parish",1,4,3139,1643,1496
050,22,019,"Louisiana","Calcasieu Parish",1,5,2978,1510,1468
050,22,019,"Louisiana","Calcasieu Parish",1,6,3077,1558,1519
050,22,019,"Louisiana","Calcasieu Parish",1,7,3111,1563,1548
050,22,019,"Louisiana","Calcasieu Parish",1,8,2989,1555,1434
050,22,019,"Louisiana","Calcasieu Parish",1,9,2936,1504,1432
050,22,019,"Louisiana","Calcasieu Parish",1,10,3103,1573,1530
050,22,019,"Louisiana","Calcasieu Parish",1,11,3187,1664,1523
050,22,019,"Louisiana","Calcasieu Parish",1,12,3241,1670,1571
050,22,019,"Louisiana","Calcasieu Parish",1,13,3264,1662,1602
050,22,019,"Louisiana","Calcasieu Parish",1,14,3007,1540,1467
050,22,019,"Louisiana","Calcasieu Parish",1,15,2989,1527,1462
050,22,019,"Louisiana","Calcasieu Parish",1,16,2997,1496,1501
050,22,019,"Louisiana","Calcasieu Parish",1,17,2955,1547,1408
050,22,019,"Louisiana","Calcasieu Parish",1,18,2597,1408,1189
050,22,019,"Louisiana","Calcasieu Parish",1,19,2319,1218,1101
050,22,019,"Louisiana","Calcasieu Parish",1,20,2446,1242,1204
050,22,019,"Louisiana","Calcasieu Parish",1,21,2498,1269,1229
050,22,019,"Louisiana","Calcasieu Parish",1,22,2593,1271,1322
050,22,019,"Louisiana","Calcasieu Parish",1,23,2718,1327,1391
050,22,019,"Louisiana","Calcasieu Parish",1,24,2785,1364,1421
050,22,019,"Louisiana","Calcasieu Parish",1,25,2927,1459,1468
050,22,019,"Louisiana","Calcasieu Parish",1,26,3125,1527,1598
050,22,019,"Louisiana","Calcasieu Parish",1,27,3127,1544,1583
050,22,019,"Louisiana","Calcasieu Parish",1,28,3184,1572,1612
050,22,019,"Louisiana","Calcasieu Parish",1,29,3370,1685,1685
050,22,019,"Louisiana","Calcasieu Parish",1,30,3316,1588,1728
050,22,019,"Louisiana","Calcasieu Parish",1,31,3205,1565,1640
050,22,019,"Louisiana","Calcasieu Parish",1,32,3078,1484,1594
050,22,019,"Louisiana","Calcasieu Parish",1,33,2942,1459,1483
050,22,019,"Louisiana","Calcasieu Parish",1,34,2951,1434,1517
050,22,019,"Louisiana","Calcasieu Parish",1,35,3014,1492,1522
050,22,019,"Louisiana","Calcasieu Parish",1,36,2887,1431,1456
050,22,019,"Louisiana","Calcasieu Parish",1,37,2906,1428,1478
050,22,019,"Louisiana","Calcasieu Parish",1,38,2939,1426,1513
050,22,019,"Louisiana","Calcasieu Parish",1,39,2965,1497,1468
050,22,019,"Louisiana","Calcasieu Parish",1,40,2849,1434,1415
050,22,019,"Louisiana","Calcasieu Parish",1,41,2680,1349,1331
050,22,019,"Louisiana","Calcasieu Parish",1,42,2632,1284,1348
050,22,019,"Louisiana","Calcasieu Parish",1,43,2480,1234,1246
050,22,019,"Louisiana","Calcasieu Parish",1,44,2390,1162,1228
050,22,019,"Louisiana","Calcasieu Parish",1,45,2331,1168,1163
050,22,019,"Louisiana","Calcasieu Parish",1,46,2259,1161,1098
050,22,019,"Louisiana","Calcasieu Parish",1,47,2363,1186,1177
050,22,019,"Louisiana","Calcasieu Parish",1,48,2520,1257,1263
050,22,019,"Louisiana","Calcasieu Parish",1,49,2600,1311,1289
050,22,019,"Louisiana","Calcasieu Parish",1,50,2524,1246,1278
050,22,019,"Louisiana","Calcasieu Parish",1,51,2503,1225,1278
050,22,019,"Louisiana","Calcasieu Parish",1,52,2437,1194,1243
050,22,019,"Louisiana","Calcasieu Parish",1,53,2446,1216,1230
050,22,019,"Louisiana","Calcasieu Parish",1,54,2485,1182,1303
050,22,019,"Louisiana","Calcasieu Parish",1,55,2622,1238,1384
050,22,019,"Louisiana","Calcasieu Parish",1,56,2727,1308,1419
050,22,019,"Louisiana","Calcasieu Parish",1,57,2745,1321,1424
050,22,019,"Louisiana","Calcasieu Parish",1,58,2839,1345,1494
050,22,019,"Louisiana","Calcasieu Parish",1,59,2831,1317,1514
050,22,019,"Louisiana","Calcasieu Parish",1,60,2818,1377,1441
050,22,019,"Louisiana","Calcasieu Parish",1,61,2796,1353,1443
050,22,019,"Louisiana","Calcasieu Parish",1,62,2705,1295,1410
050,22,019,"Louisiana","Calcasieu Parish",1,63,2650,1297,1353
050,22,019,"Louisiana","Calcasieu Parish",1,64,2577,1215,1362
050,22,019,"Louisiana","Calcasieu Parish",1,65,2531,1189,1342
050,22,019,"Louisiana","Calcasieu Parish",1,66,2467,1185,1282
050,22,019,"Louisiana","Calcasieu Parish",1,67,2251,1081,1170
050,22,019,"Louisiana","Calcasieu Parish",1,68,2115,995,1120
050,22,019,"Louisiana","Calcasieu Parish",1,69,2022,955,1067
050,22,019,"Louisiana","Calcasieu Parish",1,70,1939,910,1029
050,22,019,"Louisiana","Calcasieu Parish",1,71,1802,845,957
050,22,019,"Louisiana","Calcasieu Parish",1,72,1775,831,944
050,22,019,"Louisiana","Calcasieu Parish",1,73,1811,843,968
050,22,019,"Louisiana","Calcasieu Parish",1,74,1303,589,714
050,22,019,"Louisiana","Calcasieu Parish",1,75,1281,578,703
050,22,019,"Louisiana","Calcasieu Parish",1,76,1219,508,711
050,22,019,"Louisiana","Calcasieu Parish",1,77,1217,506,711
050,22,019,"Louisiana","Calcasieu Parish",1,78,1031,443,588
050,22,019,"Louisiana","Calcasieu Parish",1,79,899,374,525
050,22,019,"Louisiana","Calcasieu Parish",1,80,859,365,494
050,22,019,"Louisiana","Calcasieu Parish",1,81,838,377,461
050,22,019,"Louisiana","Calcasieu Parish",1,82,794,327,467
050,22,019,"Louisiana","Calcasieu Parish",1,83,680,278,402
050,22,019,"Louisiana","Calcasieu Parish",1,84,578,241,337
050,22,019,"Louisiana","Calcasieu Parish",1,85,3168,1227,1941
050,22,019,"Louisiana","Calcasieu Parish",2,0,3013,1545,1468
050,22,019,"Louisiana","Calcasieu Parish",2,1,3091,1567,1524
050,22,019,"Louisiana","Calcasieu Parish",2,2,3104,1555,1549
050,22,019,"Louisiana","Calcasieu Parish",2,3,3119,1555,1564
050,22,019,"Louisiana","Calcasieu Parish",2,4,3134,1623,1511
050,22,019,"Louisiana","Calcasieu Parish",2,5,3014,1540,1474
050,22,019,"Louisiana","Calcasieu Parish",2,6,3059,1546,1513
050,22,019,"Louisiana","Calcasieu Parish",2,7,3096,1556,1540
050,22,019,"Louisiana","Calcasieu Parish",2,8,3005,1546,1459
050,22,019,"Louisiana","Calcasieu Parish",2,9,2942,1508,1434
050,22,019,"Louisiana","Calcasieu Parish",2,10,3052,1550,1502
050,22,019,"Louisiana","Calcasieu Parish",2,11,3146,1632,1514
050,22,019,"Louisiana","Calcasieu Parish",2,12,3232,1670,1562
050,22,019,"Louisiana","Calcasieu Parish",2,13,3248,1662,1586
050,22,019,"Louisiana","Calcasieu Parish",2,14,3064,1567,1497
050,22,019,"Louisiana","Calcasieu Parish",2,15,2991,1527,1464
050,22,019,"Louisiana","Calcasieu Parish",2,16,3004,1507,1497
050,22,019,"Louisiana","Calcasieu Parish",2,17,2970,1537,1433
050,22,019,"Louisiana","Calcasieu Parish",2,18,2588,1393,1195
050,22,019,"Louisiana","Calcasieu Parish",2,19,2311,1218,1093
050,22,019,"Louisiana","Calcasieu Parish",2,20,2473,1263,1210
050,22,019,"Louisiana","Calcasieu Parish",2,21,2506,1269,1237
050,22,019,"Louisiana","Calcasieu Parish",2,22,2606,1285,1321
050,22,019,"Louisiana","Calcasieu Parish",2,23,2716,1327,1389
050,22,019,"Louisiana","Calcasieu Parish",2,24,2758,1352,1406
050,22,019,"Louisiana","Calcasieu Parish",2,25,2893,1441,1452
050,22,019,"Louisiana","Calcasieu Parish",2,26,3077,1514,1563
050,22,019,"Louisiana","Calcasieu Parish",2,27,3112,1529,1583
050,22,019,"Louisiana","Calcasieu Parish",2,28,3155,1557,1598
050,22,019,"Louisiana","Calcasieu Parish",2,29,3307,1641,1666
050,22,019,"Louisiana","Calcasieu Parish",2,30,3326,1610,1716
050,22,019,"Louisiana","Calcasieu Parish",2,31,3213,1563,1650
050,22,019,"Louisiana","Calcasieu Parish",2,32,3086,1487,1599
050,22,019,"Louisiana","Calcasieu Parish",2,33,2965,1459,1506
050,22,019,"Louisiana","Calcasieu Parish",2,34,2946,1444,1502
050,22,019,"Louisiana","Calcasieu Parish",2,35,3005,1483,1522
050,22,019,"Louisiana","Calcasieu Parish",2,36,2887,1430,1457
050,22,019,"Louisiana","Calcasieu Parish",2,37,2896,1424,1472
050,22,019,"Louisiana","Calcasieu Parish",2,38,2933,1430,1503
050,22,019,"Louisiana","Calcasieu Parish",2,39,2933,1468,1465
050,22,019,"Louisiana","Calcasieu Parish",2,40,2887,1452,1435
050,22,019,"Louisiana","Calcasieu Parish",2,41,2714,1363,1351
050,22,019,"Louisiana","Calcasieu Parish",2,42,2624,1291,1333
050,22,019,"Louisiana","Calcasieu Parish",2,43,2532,1252,1280
050,22,019,"Louisiana","Calcasieu Parish",2,44,2392,1170,1222
050,22,019,"Louisiana","Calcasieu Parish",2,45,2348,1164,1184
050,22,019,"Louisiana","Calcasieu Parish",2,46,2267,1157,1110
050,22,019,"Louisiana","Calcasieu Parish",2,47,2334,1178,1156
050,22,019,"Louisiana","Calcasieu Parish",2,48,2487,1243,1244
050,22,019,"Louisiana","Calcasieu Parish",2,49,2594,1309,1285
050,22,019,"Louisiana","Calcasieu Parish",2,50,2535,1253,1282
050,22,019,"Louisiana","Calcasieu Parish",2,51,2491,1222,1269
050,22,019,"Louisiana","Calcasieu Parish",2,52,2445,1199,1246
050,22,019,"Louisiana","Calcasieu Parish",2,53,2438,1206,1232
050,22,019,"Louisiana","Calcasieu Parish",2,54,2463,1182,1281
050,22,019,"Louisiana","Calcasieu Parish",2,55,2581,1218,1363
050,22,019,"Louisiana","Calcasieu Parish",2,56,2693,1283,1410
050,22,019,"Louisiana","Calcasieu Parish",2,57,2741,1318,1423
050,22,019,"Louisiana","Calcasieu Parish",2,58,2811,1335,1476
050,22,019,"Louisiana","Calcasieu Parish",2,59,2830,1322,1508
050,22,019,"Louisiana","Calcasieu Parish",2,60,2807,1353,1454
050,22,019,"Louisiana","Calcasieu Parish",2,61,2782,1352,1430
050,22,019,"Louisiana","Calcasieu Parish",2,62,2710,1300,1410
050,22,019,"Louisiana","Calcasieu Parish",2,63,2668,1297,1371
050,22,019,"Louisiana","Calcasieu Parish",2,64,2569,1222,1347
050,22,019,"Louisiana","Calcasieu Parish",2,65,2527,1185,1342
050,22,019,"Louisiana","Calcasieu Parish",2,66,2470,1176,1294
050,22,019,"Louisiana","Calcasieu Parish",2,67,2288,1092,1196
050,22,019,"Louisiana","Calcasieu Parish",2,68,2112,993,1119
050,22,019,"Louisiana","Calcasieu Parish",2,69,2052,971,1081
050,22,019,"Louisiana","Calcasieu Parish",2,70,1950,918,1032
050,22,019,"Louisiana","Calcasieu Parish",2,71,1831,859,972
050,22,019,"Louisiana","Calcasieu Parish",2,72,1744,816,928
050,22,019,"Louisiana","Calcasieu Parish",2,73,1867,870,997
050,22,019,"Louisiana","Calcasieu Parish",2,74,1329,602,727
050,22,019,"Louisiana","Calcasieu Parish",2,75,1284,581,703
050,22,019,"Louisiana","Calcasieu Parish",2,76,1210,510,700
050,22,019,"Louisiana","Calcasieu Parish",2,77,1231,511,720
050,22,019,"Louisiana","Calcasieu Parish",2,78,1042,444,598
050,22,019,"Louisiana","Calcasieu Parish",2,79,913,380,533
050,22,019,"Louisiana","Calcasieu Parish",2,80,866,365,501
050,22,019,"Louisiana","Calcasieu Parish",2,81,824,365,459
050,22,019,"Louisiana","Calcasieu Parish",2,82,787,332,455
050,22,019,"Louisiana","Calcasieu Parish",2,83,694,285,409
050,22,019,"Louisiana","Calcasieu Parish",2,84,588,245,343
050,22,019,"Louisiana","Calcasieu Parish",2,85,3153,1225,1928
050,22,019,"Louisiana","Calcasieu Parish",3,0,2476,1287,1189
050,22,019,"Louisiana","Calcasieu Parish",3,1,2807,1438,1369
050,22,019,"Louisiana","Calcasieu Parish",3,2,2821,1428,1393
050,22,019,"Louisiana","Calcasieu Parish",3,3,2882,1462,1420
050,22,019,"Louisiana","Calcasieu Parish",3,4,2883,1442,1441
050,22,019,"Louisiana","Calcasieu Parish",3,5,2850,1482,1368
050,22,019,"Louisiana","Calcasieu Parish",3,6,2837,1467,1370
050,22,019,"Louisiana","Calcasieu Parish",3,7,2775,1431,1344
050,22,019,"Louisiana","Calcasieu Parish",3,8,2861,1440,1421
050,22,019,"Louisiana","Calcasieu Parish",3,9,2770,1427,1343
050,22,019,"Louisiana","Calcasieu Parish",3,10,2717,1391,1326
050,22,019,"Louisiana","Calcasieu Parish",3,11,2829,1421,1408
050,22,019,"Louisiana","Calcasieu Parish",3,12,2937,1536,1401
050,22,019,"Louisiana","Calcasieu Parish",3,13,3025,1563,1462
050,22,019,"Louisiana","Calcasieu Parish",3,14,3034,1551,1483
050,22,019,"Louisiana","Calcasieu Parish",3,15,2897,1460,1437
050,22,019,"Louisiana","Calcasieu Parish",3,16,2799,1429,1370
050,22,019,"Louisiana","Calcasieu Parish",3,17,2839,1426,1413
050,22,019,"Louisiana","Calcasieu Parish",3,18,2471,1309,1162
050,22,019,"Louisiana","Calcasieu Parish",3,19,2076,1103,973
050,22,019,"Louisiana","Calcasieu Parish",3,20,2318,1214,1104
050,22,019,"Louisiana","Calcasieu Parish",3,21,2397,1220,1177
050,22,019,"Louisiana","Calcasieu Parish",3,22,2410,1217,1193
050,22,019,"Louisiana","Calcasieu Parish",3,23,2523,1265,1258
050,22,019,"Louisiana","Calcasieu Parish",3,24,2511,1244,1267
050,22,019,"Louisiana","Calcasieu Parish",3,25,2548,1292,1256
050,22,019,"Louisiana","Calcasieu Parish",3,26,2665,1346,1319
050,22,019,"Louisiana","Calcasieu Parish",3,27,2846,1409,1437
050,22,019,"Louisiana","Calcasieu Parish",3,28,2827,1392,1435
050,22,019,"Louisiana","Calcasieu Parish",3,29,2886,1424,1462
050,22,019,"Louisiana","Calcasieu Parish",3,30,3038,1531,1507
050,22,019,"Louisiana","Calcasieu Parish",3,31,3070,1508,1562
050,22,019,"Louisiana","Calcasieu Parish",3,32,2945,1428,1517
050,22,019,"Louisiana","Calcasieu Parish",3,33,2897,1392,1505
050,22,019,"Louisiana","Calcasieu Parish",3,34,2755,1367,1388
050,22,019,"Louisiana","Calcasieu Parish",3,35,2711,1334,1377
050,22,019,"Louisiana","Calcasieu Parish",3,36,2816,1394,1422
050,22,019,"Louisiana","Calcasieu Parish",3,37,2682,1328,1354
050,22,019,"Louisiana","Calcasieu Parish",3,38,2680,1307,1373
050,22,019,"Louisiana","Calcasieu Parish",3,39,2756,1363,1393
050,22,019,"Louisiana","Calcasieu Parish",3,40,2774,1385,1389
050,22,019,"Louisiana","Calcasieu Parish",3,41,2731,1399,1332
050,22,019,"Louisiana","Calcasieu Parish",3,42,2561,1290,1271
050,22,019,"Louisiana","Calcasieu Parish",3,43,2492,1216,1276
050,22,019,"Louisiana","Calcasieu Parish",3,44,2435,1220,1215
050,22,019,"Louisiana","Calcasieu Parish",3,45,2300,1125,1175
050,22,019,"Louisiana","Calcasieu Parish",3,46,2275,1128,1147
050,22,019,"Louisiana","Calcasieu Parish",3,47,2135,1096,1039
050,22,019,"Louisiana","Calcasieu Parish",3,48,2227,1136,1091
050,22,019,"Louisiana","Calcasieu Parish",3,49,2387,1204,1183
050,22,019,"Louisiana","Calcasieu Parish",3,50,2476,1234,1242
050,22,019,"Louisiana","Calcasieu Parish",3,51,2453,1223,1230
050,22,019,"Louisiana","Calcasieu Parish",3,52,2431,1193,1238
050,22,019,"Louisiana","Calcasieu Parish",3,53,2361,1156,1205
050,22,019,"Louisiana","Calcasieu Parish",3,54,2374,1172,1202
050,22,019,"Louisiana","Calcasieu Parish",3,55,2375,1143,1232
050,22,019,"Louisiana","Calcasieu Parish",3,56,2487,1180,1307
050,22,019,"Louisiana","Calcasieu Parish",3,57,2602,1240,1362
050,22,019,"Louisiana","Calcasieu Parish",3,58,2638,1270,1368
050,22,019,"Louisiana","Calcasieu Parish",3,59,2704,1289,1415
050,22,019,"Louisiana","Calcasieu Parish",3,60,2717,1258,1459
050,22,019,"Louisiana","Calcasieu Parish",3,61,2711,1310,1401
050,22,019,"Louisiana","Calcasieu Parish",3,62,2650,1280,1370
050,22,019,"Louisiana","Calcasieu Parish",3,63,2594,1242,1352
050,22,019,"Louisiana","Calcasieu Parish",3,64,2548,1229,1319
050,22,019,"Louisiana","Calcasieu Parish",3,65,2468,1172,1296
050,22,019,"Louisiana","Calcasieu Parish",3,66,2395,1123,1272
050,22,019,"Louisiana","Calcasieu Parish",3,67,2346,1119,1227
050,22,019,"Louisiana","Calcasieu Parish",3,68,2175,1034,1141
050,22,019,"Louisiana","Calcasieu Parish",3,69,2010,947,1063
050,22,019,"Louisiana","Calcasieu Parish",3,70,1965,915,1050
050,22,019,"Louisiana","Calcasieu Parish",3,71,1822,853,969
050,22,019,"Louisiana","Calcasieu Parish",3,72,1728,805,923
050,22,019,"Louisiana","Calcasieu Parish",3,73,1655,767,888
050,22,019,"Louisiana","Calcasieu Parish",3,74,1797,837,960
050,22,019,"Louisiana","Calcasieu Parish",3,75,1234,561,673
050,22,019,"Louisiana","Calcasieu Parish",3,76,1174,533,641
050,22,019,"Louisiana","Calcasieu Parish",3,77,1116,476,640
050,22,019,"Louisiana","Calcasieu Parish",3,78,1132,475,657
050,22,019,"Louisiana","Calcasieu Parish",3,79,948,392,556
050,22,019,"Louisiana","Calcasieu Parish",3,80,855,357,498
050,22,019,"Louisiana","Calcasieu Parish",3,81,787,331,456
050,22,019,"Louisiana","Calcasieu Parish",3,82,737,323,414
050,22,019,"Louisiana","Calcasieu Parish",3,83,688,280,408
050,22,019,"Louisiana","Calcasieu Parish",3,84,587,241,346
050,22,019,"Louisiana","Calcasieu Parish",3,85,2990,1152,1838
050,22,019,"Louisiana","Calcasieu Parish",4,0,2522,1285,1237
050,22,019,"Louisiana","Calcasieu Parish",4,1,2494,1319,1175
050,22,019,"Louisiana","Calcasieu Parish",4,2,2765,1388,1377
050,22,019,"Louisiana","Calcasieu Parish",4,3,2785,1414,1371
050,22,019,"Louisiana","Calcasieu Parish",4,4,2827,1435,1392
050,22,019,"Louisiana","Calcasieu Parish",4,5,2846,1423,1423
050,22,019,"Louisiana","Calcasieu Parish",4,6,2829,1475,1354
050,22,019,"Louisiana","Calcasieu Parish",4,7,2794,1426,1368
050,22,019,"Louisiana","Calcasieu Parish",4,8,2706,1396,1310
050,22,019,"Louisiana","Calcasieu Parish",4,9,2806,1396,1410
050,22,019,"Louisiana","Calcasieu Parish",4,10,2726,1403,1323
050,22,019,"Louisiana","Calcasieu Parish",4,11,2666,1390,1276
050,22,019,"Louisiana","Calcasieu Parish",4,12,2812,1430,1382
050,22,019,"Louisiana","Calcasieu Parish",4,13,2884,1515,1369
050,22,019,"Louisiana","Calcasieu Parish",4,14,2971,1532,1439
050,22,019,"Louisiana","Calcasieu Parish",4,15,2978,1514,1464
050,22,019,"Louisiana","Calcasieu Parish",4,16,2859,1432,1427
050,22,019,"Louisiana","Calcasieu Parish",4,17,2764,1416,1348
050,22,019,"Louisiana","Calcasieu Parish",4,18,2437,1243,1194
050,22,019,"Louisiana","Calcasieu Parish",4,19,2046,1065,981
050,22,019,"Louisiana","Calcasieu Parish",4,20,2161,1155,1006
050,22,019,"Louisiana","Calcasieu Parish",4,21,2362,1236,1126
050,22,019,"Louisiana","Calcasieu Parish",4,22,2496,1248,1248
050,22,019,"Louisiana","Calcasieu Parish",4,23,2525,1281,1244
050,22,019,"Louisiana","Calcasieu Parish",4,24,2541,1271,1270
050,22,019,"Louisiana","Calcasieu Parish",4,25,2489,1241,1248
050,22,019,"Louisiana","Calcasieu Parish",4,26,2520,1262,1258
050,22,019,"Louisiana","Calcasieu Parish",4,27,2562,1301,1261
050,22,019,"Louisiana","Calcasieu Parish",4,28,2757,1366,1391
050,22,019,"Louisiana","Calcasieu Parish",4,29,2763,1368,1395
050,22,019,"Louisiana","Calcasieu Parish",4,30,2789,1391,1398
050,22,019,"Louisiana","Calcasieu Parish",4,31,2956,1474,1482
050,22,019,"Louisiana","Calcasieu Parish",4,32,3029,1468,1561
050,22,019,"Louisiana","Calcasieu Parish",4,33,2905,1415,1490
050,22,019,"Louisiana","Calcasieu Parish",4,34,2828,1365,1463
050,22,019,"Louisiana","Calcasieu Parish",4,35,2701,1322,1379
050,22,019,"Louisiana","Calcasieu Parish",4,36,2675,1333,1342
050,22,019,"Louisiana","Calcasieu Parish",4,37,2719,1336,1383
050,22,019,"Louisiana","Calcasieu Parish",4,38,2628,1304,1324
050,22,019,"Louisiana","Calcasieu Parish",4,39,2659,1301,1358
050,22,019,"Louisiana","Calcasieu Parish",4,40,2717,1326,1391
050,22,019,"Louisiana","Calcasieu Parish",4,41,2749,1373,1376
050,22,019,"Louisiana","Calcasieu Parish",4,42,2695,1361,1334
050,22,019,"Louisiana","Calcasieu Parish",4,43,2531,1278,1253
050,22,019,"Louisiana","Calcasieu Parish",4,44,2464,1201,1263
050,22,019,"Louisiana","Calcasieu Parish",4,45,2386,1196,1190
050,22,019,"Louisiana","Calcasieu Parish",4,46,2246,1099,1147
050,22,019,"Louisiana","Calcasieu Parish",4,47,2211,1080,1131
050,22,019,"Louisiana","Calcasieu Parish",4,48,2141,1093,1048
050,22,019,"Louisiana","Calcasieu Parish",4,49,2176,1121,1055
050,22,019,"Louisiana","Calcasieu Parish",4,50,2330,1164,1166
050,22,019,"Louisiana","Calcasieu Parish",4,51,2455,1227,1228
050,22,019,"Louisiana","Calcasieu Parish",4,52,2405,1194,1211
050,22,019,"Louisiana","Calcasieu Parish",4,53,2388,1175,1213
050,22,019,"Louisiana","Calcasieu Parish",4,54,2336,1144,1192
050,22,019,"Louisiana","Calcasieu Parish",4,55,2310,1142,1168
050,22,019,"Louisiana","Calcasieu Parish",4,56,2343,1131,1212
050,22,019,"Louisiana","Calcasieu Parish",4,57,2458,1151,1307
050,22,019,"Louisiana","Calcasieu Parish",4,58,2548,1203,1345
050,22,019,"Louisiana","Calcasieu Parish",4,59,2573,1247,1326
050,22,019,"Louisiana","Calcasieu Parish",4,60,2658,1266,1392
050,22,019,"Louisiana","Calcasieu Parish",4,61,2707,1254,1453
050,22,019,"Louisiana","Calcasieu Parish",4,62,2637,1261,1376
050,22,019,"Louisiana","Calcasieu Parish",4,63,2583,1238,1345
050,22,019,"Louisiana","Calcasieu Parish",4,64,2514,1212,1302
050,22,019,"Louisiana","Calcasieu Parish",4,65,2499,1194,1305
050,22,019,"Louisiana","Calcasieu Parish",4,66,2390,1137,1253
050,22,019,"Louisiana","Calcasieu Parish",4,67,2302,1072,1230
050,22,019,"Louisiana","Calcasieu Parish",4,68,2248,1065,1183
050,22,019,"Louisiana","Calcasieu Parish",4,69,2088,983,1105
050,22,019,"Louisiana","Calcasieu Parish",4,70,1959,915,1044
050,22,019,"Louisiana","Calcasieu Parish",4,71,1882,881,1001
050,22,019,"Louisiana","Calcasieu Parish",4,72,1728,810,918
050,22,019,"Louisiana","Calcasieu Parish",4,73,1628,757,871
050,22,019,"Louisiana","Calcasieu Parish",4,74,1598,725,873
050,22,019,"Louisiana","Calcasieu Parish",4,75,1713,787,926
050,22,019,"Louisiana","Calcasieu Parish",4,76,1166,531,635
050,22,019,"Louisiana","Calcasieu Parish",4,77,1137,509,628
050,22,019,"Louisiana","Calcasieu Parish",4,78,1052,444,608
050,22,019,"Louisiana","Calcasieu Parish",4,79,1055,432,623
050,22,019,"Louisiana","Calcasieu Parish",4,80,902,373,529
050,22,019,"Louisiana","Calcasieu Parish",4,81,792,322,470
050,22,019,"Louisiana","Calcasieu Parish",4,82,744,307,437
050,22,019,"Louisiana","Calcasieu Parish",4,83,658,287,371
050,22,019,"Louisiana","Calcasieu Parish",4,84,622,253,369
050,22,019,"Louisiana","Calcasieu Parish",4,85,2982,1130,1852
050,22,019,"Louisiana","Calcasieu Parish",5,0,2505,1282,1223
050,22,019,"Louisiana","Calcasieu Parish",5,1,2557,1297,1260
050,22,019,"Louisiana","Calcasieu Parish",5,2,2584,1359,1225
050,22,019,"Louisiana","Calcasieu Parish",5,3,2796,1417,1379
050,22,019,"Louisiana","Calcasieu Parish",5,4,2835,1429,1406
050,22,019,"Louisiana","Calcasieu Parish",5,5,2834,1428,1406
050,22,019,"Louisiana","Calcasieu Parish",5,6,2903,1440,1463
050,22,019,"Louisiana","Calcasieu Parish",5,7,2879,1496,1383
050,22,019,"Louisiana","Calcasieu Parish",5,8,2812,1429,1383
050,22,019,"Louisiana","Calcasieu Parish",5,9,2755,1421,1334
050,22,019,"Louisiana","Calcasieu Parish",5,10,2860,1431,1429
050,22,019,"Louisiana","Calcasieu Parish",5,11,2771,1426,1345
050,22,019,"Louisiana","Calcasieu Parish",5,12,2695,1428,1267
050,22,019,"Louisiana","Calcasieu Parish",5,13,2850,1466,1384
050,22,019,"Louisiana","Calcasieu Parish",5,14,2892,1509,1383
050,22,019,"Louisiana","Calcasieu Parish",5,15,3014,1555,1459
050,22,019,"Louisiana","Calcasieu Parish",5,16,2990,1521,1469
050,22,019,"Louisiana","Calcasieu Parish",5,17,2893,1458,1435
050,22,019,"Louisiana","Calcasieu Parish",5,18,2379,1228,1151
050,22,019,"Louisiana","Calcasieu Parish",5,19,2088,1051,1037
050,22,019,"Louisiana","Calcasieu Parish",5,20,2222,1140,1082
050,22,019,"Louisiana","Calcasieu Parish",5,21,2310,1223,1087
050,22,019,"Louisiana","Calcasieu Parish",5,22,2563,1289,1274
050,22,019,"Louisiana","Calcasieu Parish",5,23,2685,1318,1367
050,22,019,"Louisiana","Calcasieu Parish",5,24,2617,1317,1300
050,22,019,"Louisiana","Calcasieu Parish",5,25,2556,1273,1283
050,22,019,"Louisiana","Calcasieu Parish",5,26,2504,1253,1251
050,22,019,"Louisiana","Calcasieu Parish",5,27,2499,1240,1259
050,22,019,"Louisiana","Calcasieu Parish",5,28,2555,1284,1271
050,22,019,"Louisiana","Calcasieu Parish",5,29,2752,1350,1402
050,22,019,"Louisiana","Calcasieu Parish",5,30,2771,1370,1401
050,22,019,"Louisiana","Calcasieu Parish",5,31,2788,1371,1417
050,22,019,"Louisiana","Calcasieu Parish",5,32,2994,1464,1530
050,22,019,"Louisiana","Calcasieu Parish",5,33,3033,1491,1542
050,22,019,"Louisiana","Calcasieu Parish",5,34,2924,1410,1514
050,22,019,"Louisiana","Calcasieu Parish",5,35,2806,1342,1464
050,22,019,"Louisiana","Calcasieu Parish",5,36,2715,1336,1379
050,22,019,"Louisiana","Calcasieu Parish",5,37,2696,1329,1367
050,22,019,"Louisiana","Calcasieu Parish",5,38,2711,1314,1397
050,22,019,"Louisiana","Calcasieu Parish",5,39,2629,1291,1338
050,22,019,"Louisiana","Calcasieu Parish",5,40,2644,1284,1360
050,22,019,"Louisiana","Calcasieu Parish",5,41,2717,1318,1399
050,22,019,"Louisiana","Calcasieu Parish",5,42,2800,1368,1432
050,22,019,"Louisiana","Calcasieu Parish",5,43,2681,1341,1340
050,22,019,"Louisiana","Calcasieu Parish",5,44,2542,1287,1255
050,22,019,"Louisiana","Calcasieu Parish",5,45,2443,1208,1235
050,22,019,"Louisiana","Calcasieu Parish",5,46,2385,1197,1188
050,22,019,"Louisiana","Calcasieu Parish",5,47,2244,1083,1161
050,22,019,"Louisiana","Calcasieu Parish",5,48,2201,1065,1136
050,22,019,"Louisiana","Calcasieu Parish",5,49,2115,1086,1029
050,22,019,"Louisiana","Calcasieu Parish",5,50,2161,1106,1055
050,22,019,"Louisiana","Calcasieu Parish",5,51,2316,1154,1162
050,22,019,"Louisiana","Calcasieu Parish",5,52,2423,1212,1211
050,22,019,"Louisiana","Calcasieu Parish",5,53,2398,1189,1209
050,22,019,"Louisiana","Calcasieu Parish",5,54,2394,1182,1212
050,22,019,"Louisiana","Calcasieu Parish",5,55,2290,1104,1186
050,22,019,"Louisiana","Calcasieu Parish",5,56,2296,1125,1171
050,22,019,"Louisiana","Calcasieu Parish",5,57,2323,1127,1196
050,22,019,"Louisiana","Calcasieu Parish",5,58,2418,1129,1289
050,22,019,"Louisiana","Calcasieu Parish",5,59,2505,1177,1328
050,22,019,"Louisiana","Calcasieu Parish",5,60,2543,1220,1323
050,22,019,"Louisiana","Calcasieu Parish",5,61,2678,1273,1405
050,22,019,"Louisiana","Calcasieu Parish",5,62,2640,1199,1441
050,22,019,"Louisiana","Calcasieu Parish",5,63,2620,1255,1365
050,22,019,"Louisiana","Calcasieu Parish",5,64,2540,1222,1318
050,22,019,"Louisiana","Calcasieu Parish",5,65,2477,1186,1291
050,22,019,"Louisiana","Calcasieu Parish",5,66,2460,1175,1285
050,22,019,"Louisiana","Calcasieu Parish",5,67,2370,1116,1254
050,22,019,"Louisiana","Calcasieu Parish",5,68,2262,1047,1215
050,22,019,"Louisiana","Calcasieu Parish",5,69,2202,1040,1162
050,22,019,"Louisiana","Calcasieu Parish",5,70,2073,962,1111
050,22,019,"Louisiana","Calcasieu Parish",5,71,1898,890,1008
050,22,019,"Louisiana","Calcasieu Parish",5,72,1802,834,968
050,22,019,"Louisiana","Calcasieu Parish",5,73,1670,774,896
050,22,019,"Louisiana","Calcasieu Parish",5,74,1586,723,863
050,22,019,"Louisiana","Calcasieu Parish",5,75,1530,692,838
050,22,019,"Louisiana","Calcasieu Parish",5,76,1644,759,885
050,22,019,"Louisiana","Calcasieu Parish",5,77,1134,513,621
050,22,019,"Louisiana","Calcasieu Parish",5,78,1084,485,599
050,22,019,"Louisiana","Calcasieu Parish",5,79,996,409,587
050,22,019,"Louisiana","Calcasieu Parish",5,80,1011,417,594
050,22,019,"Louisiana","Calcasieu Parish",5,81,860,352,508
050,22,019,"Louisiana","Calcasieu Parish",5,82,750,301,449
050,22,019,"Louisiana","Calcasieu Parish",5,83,686,279,407
050,22,019,"Louisiana","Calcasieu Parish",5,84,604,264,340
050,22,019,"Louisiana","Calcasieu Parish",5,85,3123,1169,1954
050,22,021,"Louisiana","Caldwell Parish",1,0,116,60,56
050,22,021,"Louisiana","Caldwell Parish",1,1,119,69,50
050,22,021,"Louisiana","Caldwell Parish",1,2,120,64,56
050,22,021,"Louisiana","Caldwell Parish",1,3,109,55,54
050,22,021,"Louisiana","Caldwell Parish",1,4,119,65,54
050,22,021,"Louisiana","Caldwell Parish",1,5,135,72,63
050,22,021,"Louisiana","Caldwell Parish",1,6,115,63,52
050,22,021,"Louisiana","Caldwell Parish",1,7,97,45,52
050,22,021,"Louisiana","Caldwell Parish",1,8,98,45,53
050,22,021,"Louisiana","Caldwell Parish",1,9,122,61,61
050,22,021,"Louisiana","Caldwell Parish",1,10,123,63,60
050,22,021,"Louisiana","Caldwell Parish",1,11,121,60,61
050,22,021,"Louisiana","Caldwell Parish",1,12,135,67,68
050,22,021,"Louisiana","Caldwell Parish",1,13,120,70,50
050,22,021,"Louisiana","Caldwell Parish",1,14,140,78,62
050,22,021,"Louisiana","Caldwell Parish",1,15,150,76,74
050,22,021,"Louisiana","Caldwell Parish",1,16,137,71,66
050,22,021,"Louisiana","Caldwell Parish",1,17,144,72,72
050,22,021,"Louisiana","Caldwell Parish",1,18,112,65,47
050,22,021,"Louisiana","Caldwell Parish",1,19,107,59,48
050,22,021,"Louisiana","Caldwell Parish",1,20,101,58,43
050,22,021,"Louisiana","Caldwell Parish",1,21,104,70,34
050,22,021,"Louisiana","Caldwell Parish",1,22,105,61,44
050,22,021,"Louisiana","Caldwell Parish",1,23,119,75,44
050,22,021,"Louisiana","Caldwell Parish",1,24,121,75,46
050,22,021,"Louisiana","Caldwell Parish",1,25,137,82,55
050,22,021,"Louisiana","Caldwell Parish",1,26,118,61,57
050,22,021,"Louisiana","Caldwell Parish",1,27,127,72,55
050,22,021,"Louisiana","Caldwell Parish",1,28,136,79,57
050,22,021,"Louisiana","Caldwell Parish",1,29,137,81,56
050,22,021,"Louisiana","Caldwell Parish",1,30,131,69,62
050,22,021,"Louisiana","Caldwell Parish",1,31,118,65,53
050,22,021,"Louisiana","Caldwell Parish",1,32,115,60,55
050,22,021,"Louisiana","Caldwell Parish",1,33,134,75,59
050,22,021,"Louisiana","Caldwell Parish",1,34,123,82,41
050,22,021,"Louisiana","Caldwell Parish",1,35,101,52,49
050,22,021,"Louisiana","Caldwell Parish",1,36,126,71,55
050,22,021,"Louisiana","Caldwell Parish",1,37,123,71,52
050,22,021,"Louisiana","Caldwell Parish",1,38,114,64,50
050,22,021,"Louisiana","Caldwell Parish",1,39,107,59,48
050,22,021,"Louisiana","Caldwell Parish",1,40,112,62,50
050,22,021,"Louisiana","Caldwell Parish",1,41,131,70,61
050,22,021,"Louisiana","Caldwell Parish",1,42,114,55,59
050,22,021,"Louisiana","Caldwell Parish",1,43,127,70,57
050,22,021,"Louisiana","Caldwell Parish",1,44,126,68,58
050,22,021,"Louisiana","Caldwell Parish",1,45,111,66,45
050,22,021,"Louisiana","Caldwell Parish",1,46,115,66,49
050,22,021,"Louisiana","Caldwell Parish",1,47,118,59,59
050,22,021,"Louisiana","Caldwell Parish",1,48,133,73,60
050,22,021,"Louisiana","Caldwell Parish",1,49,133,78,55
050,22,021,"Louisiana","Caldwell Parish",1,50,126,62,64
050,22,021,"Louisiana","Caldwell Parish",1,51,133,62,71
050,22,021,"Louisiana","Caldwell Parish",1,52,114,57,57
050,22,021,"Louisiana","Caldwell Parish",1,53,103,55,48
050,22,021,"Louisiana","Caldwell Parish",1,54,112,56,56
050,22,021,"Louisiana","Caldwell Parish",1,55,118,60,58
050,22,021,"Louisiana","Caldwell Parish",1,56,121,58,63
050,22,021,"Louisiana","Caldwell Parish",1,57,144,66,78
050,22,021,"Louisiana","Caldwell Parish",1,58,123,65,58
050,22,021,"Louisiana","Caldwell Parish",1,59,129,71,58
050,22,021,"Louisiana","Caldwell Parish",1,60,121,65,56
050,22,021,"Louisiana","Caldwell Parish",1,61,119,63,56
050,22,021,"Louisiana","Caldwell Parish",1,62,128,64,64
050,22,021,"Louisiana","Caldwell Parish",1,63,124,58,66
050,22,021,"Louisiana","Caldwell Parish",1,64,118,54,64
050,22,021,"Louisiana","Caldwell Parish",1,65,131,71,60
050,22,021,"Louisiana","Caldwell Parish",1,66,128,63,65
050,22,021,"Louisiana","Caldwell Parish",1,67,104,55,49
050,22,021,"Louisiana","Caldwell Parish",1,68,111,54,57
050,22,021,"Louisiana","Caldwell Parish",1,69,105,56,49
050,22,021,"Louisiana","Caldwell Parish",1,70,95,47,48
050,22,021,"Louisiana","Caldwell Parish",1,71,109,55,54
050,22,021,"Louisiana","Caldwell Parish",1,72,116,53,63
050,22,021,"Louisiana","Caldwell Parish",1,73,100,44,56
050,22,021,"Louisiana","Caldwell Parish",1,74,66,27,39
050,22,021,"Louisiana","Caldwell Parish",1,75,74,37,37
050,22,021,"Louisiana","Caldwell Parish",1,76,65,31,34
050,22,021,"Louisiana","Caldwell Parish",1,77,64,26,38
050,22,021,"Louisiana","Caldwell Parish",1,78,52,20,32
050,22,021,"Louisiana","Caldwell Parish",1,79,52,20,32
050,22,021,"Louisiana","Caldwell Parish",1,80,57,29,28
050,22,021,"Louisiana","Caldwell Parish",1,81,49,18,31
050,22,021,"Louisiana","Caldwell Parish",1,82,43,18,25
050,22,021,"Louisiana","Caldwell Parish",1,83,30,15,15
050,22,021,"Louisiana","Caldwell Parish",1,84,34,10,24
050,22,021,"Louisiana","Caldwell Parish",1,85,172,52,120
050,22,021,"Louisiana","Caldwell Parish",2,0,114,63,51
050,22,021,"Louisiana","Caldwell Parish",2,1,118,67,51
050,22,021,"Louisiana","Caldwell Parish",2,2,119,65,54
050,22,021,"Louisiana","Caldwell Parish",2,3,111,56,55
050,22,021,"Louisiana","Caldwell Parish",2,4,117,62,55
050,22,021,"Louisiana","Caldwell Parish",2,5,130,70,60
050,22,021,"Louisiana","Caldwell Parish",2,6,121,66,55
050,22,021,"Louisiana","Caldwell Parish",2,7,99,48,51
050,22,021,"Louisiana","Caldwell Parish",2,8,95,44,51
050,22,021,"Louisiana","Caldwell Parish",2,9,115,56,59
050,22,021,"Louisiana","Caldwell Parish",2,10,120,61,59
050,22,021,"Louisiana","Caldwell Parish",2,11,120,59,61
050,22,021,"Louisiana","Caldwell Parish",2,12,133,66,67
050,22,021,"Louisiana","Caldwell Parish",2,13,123,69,54
050,22,021,"Louisiana","Caldwell Parish",2,14,134,76,58
050,22,021,"Louisiana","Caldwell Parish",2,15,150,78,72
050,22,021,"Louisiana","Caldwell Parish",2,16,142,73,69
050,22,021,"Louisiana","Caldwell Parish",2,17,140,70,70
050,22,021,"Louisiana","Caldwell Parish",2,18,113,63,50
050,22,021,"Louisiana","Caldwell Parish",2,19,103,59,44
050,22,021,"Louisiana","Caldwell Parish",2,20,105,60,45
050,22,021,"Louisiana","Caldwell Parish",2,21,108,72,36
050,22,021,"Louisiana","Caldwell Parish",2,22,103,61,42
050,22,021,"Louisiana","Caldwell Parish",2,23,118,74,44
050,22,021,"Louisiana","Caldwell Parish",2,24,122,76,46
050,22,021,"Louisiana","Caldwell Parish",2,25,135,82,53
050,22,021,"Louisiana","Caldwell Parish",2,26,121,64,57
050,22,021,"Louisiana","Caldwell Parish",2,27,125,70,55
050,22,021,"Louisiana","Caldwell Parish",2,28,134,78,56
050,22,021,"Louisiana","Caldwell Parish",2,29,139,82,57
050,22,021,"Louisiana","Caldwell Parish",2,30,134,73,61
050,22,021,"Louisiana","Caldwell Parish",2,31,120,64,56
050,22,021,"Louisiana","Caldwell Parish",2,32,115,61,54
050,22,021,"Louisiana","Caldwell Parish",2,33,130,73,57
050,22,021,"Louisiana","Caldwell Parish",2,34,125,80,45
050,22,021,"Louisiana","Caldwell Parish",2,35,104,57,47
050,22,021,"Louisiana","Caldwell Parish",2,36,119,67,52
050,22,021,"Louisiana","Caldwell Parish",2,37,124,72,52
050,22,021,"Louisiana","Caldwell Parish",2,38,116,66,50
050,22,021,"Louisiana","Caldwell Parish",2,39,110,61,49
050,22,021,"Louisiana","Caldwell Parish",2,40,110,60,50
050,22,021,"Louisiana","Caldwell Parish",2,41,129,70,59
050,22,021,"Louisiana","Caldwell Parish",2,42,115,56,59
050,22,021,"Louisiana","Caldwell Parish",2,43,126,68,58
050,22,021,"Louisiana","Caldwell Parish",2,44,122,66,56
050,22,021,"Louisiana","Caldwell Parish",2,45,114,66,48
050,22,021,"Louisiana","Caldwell Parish",2,46,115,66,49
050,22,021,"Louisiana","Caldwell Parish",2,47,115,58,57
050,22,021,"Louisiana","Caldwell Parish",2,48,131,72,59
050,22,021,"Louisiana","Caldwell Parish",2,49,131,75,56
050,22,021,"Louisiana","Caldwell Parish",2,50,126,64,62
050,22,021,"Louisiana","Caldwell Parish",2,51,128,60,68
050,22,021,"Louisiana","Caldwell Parish",2,52,119,59,60
050,22,021,"Louisiana","Caldwell Parish",2,53,105,55,50
050,22,021,"Louisiana","Caldwell Parish",2,54,108,55,53
050,22,021,"Louisiana","Caldwell Parish",2,55,115,58,57
050,22,021,"Louisiana","Caldwell Parish",2,56,121,59,62
050,22,021,"Louisiana","Caldwell Parish",2,57,137,64,73
050,22,021,"Louisiana","Caldwell Parish",2,58,125,64,61
050,22,021,"Louisiana","Caldwell Parish",2,59,129,71,58
050,22,021,"Louisiana","Caldwell Parish",2,60,122,66,56
050,22,021,"Louisiana","Caldwell Parish",2,61,118,61,57
050,22,021,"Louisiana","Caldwell Parish",2,62,128,65,63
050,22,021,"Louisiana","Caldwell Parish",2,63,126,59,67
050,22,021,"Louisiana","Caldwell Parish",2,64,115,52,63
050,22,021,"Louisiana","Caldwell Parish",2,65,127,66,61
050,22,021,"Louisiana","Caldwell Parish",2,66,129,66,63
050,22,021,"Louisiana","Caldwell Parish",2,67,107,55,52
050,22,021,"Louisiana","Caldwell Parish",2,68,110,54,56
050,22,021,"Louisiana","Caldwell Parish",2,69,106,56,50
050,22,021,"Louisiana","Caldwell Parish",2,70,100,51,49
050,22,021,"Louisiana","Caldwell Parish",2,71,105,52,53
050,22,021,"Louisiana","Caldwell Parish",2,72,111,53,58
050,22,021,"Louisiana","Caldwell Parish",2,73,108,48,60
050,22,021,"Louisiana","Caldwell Parish",2,74,70,29,41
050,22,021,"Louisiana","Caldwell Parish",2,75,68,32,36
050,22,021,"Louisiana","Caldwell Parish",2,76,66,31,35
050,22,021,"Louisiana","Caldwell Parish",2,77,63,28,35
050,22,021,"Louisiana","Caldwell Parish",2,78,54,21,33
050,22,021,"Louisiana","Caldwell Parish",2,79,51,20,31
050,22,021,"Louisiana","Caldwell Parish",2,80,51,24,27
050,22,021,"Louisiana","Caldwell Parish",2,81,50,20,30
050,22,021,"Louisiana","Caldwell Parish",2,82,43,17,26
050,22,021,"Louisiana","Caldwell Parish",2,83,33,16,17
050,22,021,"Louisiana","Caldwell Parish",2,84,32,11,21
050,22,021,"Louisiana","Caldwell Parish",2,85,177,54,123
050,22,021,"Louisiana","Caldwell Parish",3,0,107,60,47
050,22,021,"Louisiana","Caldwell Parish",3,1,109,66,43
050,22,021,"Louisiana","Caldwell Parish",3,2,117,64,53
050,22,021,"Louisiana","Caldwell Parish",3,3,105,56,49
050,22,021,"Louisiana","Caldwell Parish",3,4,110,56,54
050,22,021,"Louisiana","Caldwell Parish",3,5,113,61,52
050,22,021,"Louisiana","Caldwell Parish",3,6,127,71,56
050,22,021,"Louisiana","Caldwell Parish",3,7,130,68,62
050,22,021,"Louisiana","Caldwell Parish",3,8,93,42,51
050,22,021,"Louisiana","Caldwell Parish",3,9,101,49,52
050,22,021,"Louisiana","Caldwell Parish",3,10,116,58,58
050,22,021,"Louisiana","Caldwell Parish",3,11,120,61,59
050,22,021,"Louisiana","Caldwell Parish",3,12,129,64,65
050,22,021,"Louisiana","Caldwell Parish",3,13,136,70,66
050,22,021,"Louisiana","Caldwell Parish",3,14,130,70,60
050,22,021,"Louisiana","Caldwell Parish",3,15,141,80,61
050,22,021,"Louisiana","Caldwell Parish",3,16,159,86,73
050,22,021,"Louisiana","Caldwell Parish",3,17,133,66,67
050,22,021,"Louisiana","Caldwell Parish",3,18,113,59,54
050,22,021,"Louisiana","Caldwell Parish",3,19,93,52,41
050,22,021,"Louisiana","Caldwell Parish",3,20,111,62,49
050,22,021,"Louisiana","Caldwell Parish",3,21,127,76,51
050,22,021,"Louisiana","Caldwell Parish",3,22,97,63,34
050,22,021,"Louisiana","Caldwell Parish",3,23,111,69,42
050,22,021,"Louisiana","Caldwell Parish",3,24,116,69,47
050,22,021,"Louisiana","Caldwell Parish",3,25,132,90,42
050,22,021,"Louisiana","Caldwell Parish",3,26,112,66,46
050,22,021,"Louisiana","Caldwell Parish",3,27,134,77,57
050,22,021,"Louisiana","Caldwell Parish",3,28,128,77,51
050,22,021,"Louisiana","Caldwell Parish",3,29,129,79,50
050,22,021,"Louisiana","Caldwell Parish",3,30,146,79,67
050,22,021,"Louisiana","Caldwell Parish",3,31,126,65,61
050,22,021,"Louisiana","Caldwell Parish",3,32,127,69,58
050,22,021,"Louisiana","Caldwell Parish",3,33,119,66,53
050,22,021,"Louisiana","Caldwell Parish",3,34,135,79,56
050,22,021,"Louisiana","Caldwell Parish",3,35,110,63,47
050,22,021,"Louisiana","Caldwell Parish",3,36,116,66,50
050,22,021,"Louisiana","Caldwell Parish",3,37,126,72,54
050,22,021,"Louisiana","Caldwell Parish",3,38,125,74,51
050,22,021,"Louisiana","Caldwell Parish",3,39,122,68,54
050,22,021,"Louisiana","Caldwell Parish",3,40,105,54,51
050,22,021,"Louisiana","Caldwell Parish",3,41,127,75,52
050,22,021,"Louisiana","Caldwell Parish",3,42,119,59,60
050,22,021,"Louisiana","Caldwell Parish",3,43,123,66,57
050,22,021,"Louisiana","Caldwell Parish",3,44,120,62,58
050,22,021,"Louisiana","Caldwell Parish",3,45,115,62,53
050,22,021,"Louisiana","Caldwell Parish",3,46,116,70,46
050,22,021,"Louisiana","Caldwell Parish",3,47,102,54,48
050,22,021,"Louisiana","Caldwell Parish",3,48,121,69,52
050,22,021,"Louisiana","Caldwell Parish",3,49,128,69,59
050,22,021,"Louisiana","Caldwell Parish",3,50,130,75,55
050,22,021,"Louisiana","Caldwell Parish",3,51,122,59,63
050,22,021,"Louisiana","Caldwell Parish",3,52,128,62,66
050,22,021,"Louisiana","Caldwell Parish",3,53,112,54,58
050,22,021,"Louisiana","Caldwell Parish",3,54,95,52,43
050,22,021,"Louisiana","Caldwell Parish",3,55,106,54,52
050,22,021,"Louisiana","Caldwell Parish",3,56,112,50,62
050,22,021,"Louisiana","Caldwell Parish",3,57,115,55,60
050,22,021,"Louisiana","Caldwell Parish",3,58,132,63,69
050,22,021,"Louisiana","Caldwell Parish",3,59,135,69,66
050,22,021,"Louisiana","Caldwell Parish",3,60,129,72,57
050,22,021,"Louisiana","Caldwell Parish",3,61,117,61,56
050,22,021,"Louisiana","Caldwell Parish",3,62,116,60,56
050,22,021,"Louisiana","Caldwell Parish",3,63,129,64,65
050,22,021,"Louisiana","Caldwell Parish",3,64,120,58,62
050,22,021,"Louisiana","Caldwell Parish",3,65,109,49,60
050,22,021,"Louisiana","Caldwell Parish",3,66,124,61,63
050,22,021,"Louisiana","Caldwell Parish",3,67,125,65,60
050,22,021,"Louisiana","Caldwell Parish",3,68,107,56,51
050,22,021,"Louisiana","Caldwell Parish",3,69,104,51,53
050,22,021,"Louisiana","Caldwell Parish",3,70,103,53,50
050,22,021,"Louisiana","Caldwell Parish",3,71,99,50,49
050,22,021,"Louisiana","Caldwell Parish",3,72,93,47,46
050,22,021,"Louisiana","Caldwell Parish",3,73,111,54,57
050,22,021,"Louisiana","Caldwell Parish",3,74,106,46,60
050,22,021,"Louisiana","Caldwell Parish",3,75,68,28,40
050,22,021,"Louisiana","Caldwell Parish",3,76,63,30,33
050,22,021,"Louisiana","Caldwell Parish",3,77,61,30,31
050,22,021,"Louisiana","Caldwell Parish",3,78,63,28,35
050,22,021,"Louisiana","Caldwell Parish",3,79,54,20,34
050,22,021,"Louisiana","Caldwell Parish",3,80,43,18,25
050,22,021,"Louisiana","Caldwell Parish",3,81,45,21,24
050,22,021,"Louisiana","Caldwell Parish",3,82,48,19,29
050,22,021,"Louisiana","Caldwell Parish",3,83,39,14,25
050,22,021,"Louisiana","Caldwell Parish",3,84,28,15,13
050,22,021,"Louisiana","Caldwell Parish",3,85,178,52,126
050,22,021,"Louisiana","Caldwell Parish",4,0,86,52,34
050,22,021,"Louisiana","Caldwell Parish",4,1,110,64,46
050,22,021,"Louisiana","Caldwell Parish",4,2,109,71,38
050,22,021,"Louisiana","Caldwell Parish",4,3,118,66,52
050,22,021,"Louisiana","Caldwell Parish",4,4,109,55,54
050,22,021,"Louisiana","Caldwell Parish",4,5,110,55,55
050,22,021,"Louisiana","Caldwell Parish",4,6,118,61,57
050,22,021,"Louisiana","Caldwell Parish",4,7,126,70,56
050,22,021,"Louisiana","Caldwell Parish",4,8,130,68,62
050,22,021,"Louisiana","Caldwell Parish",4,9,101,47,54
050,22,021,"Louisiana","Caldwell Parish",4,10,108,52,56
050,22,021,"Louisiana","Caldwell Parish",4,11,115,57,58
050,22,021,"Louisiana","Caldwell Parish",4,12,126,63,63
050,22,021,"Louisiana","Caldwell Parish",4,13,129,65,64
050,22,021,"Louisiana","Caldwell Parish",4,14,137,67,70
050,22,021,"Louisiana","Caldwell Parish",4,15,135,75,60
050,22,021,"Louisiana","Caldwell Parish",4,16,139,77,62
050,22,021,"Louisiana","Caldwell Parish",4,17,162,86,76
050,22,021,"Louisiana","Caldwell Parish",4,18,118,62,56
050,22,021,"Louisiana","Caldwell Parish",4,19,87,49,38
050,22,021,"Louisiana","Caldwell Parish",4,20,103,59,44
050,22,021,"Louisiana","Caldwell Parish",4,21,132,82,50
050,22,021,"Louisiana","Caldwell Parish",4,22,108,60,48
050,22,021,"Louisiana","Caldwell Parish",4,23,106,65,41
050,22,021,"Louisiana","Caldwell Parish",4,24,113,70,43
050,22,021,"Louisiana","Caldwell Parish",4,25,130,82,48
050,22,021,"Louisiana","Caldwell Parish",4,26,109,69,40
050,22,021,"Louisiana","Caldwell Parish",4,27,117,69,48
050,22,021,"Louisiana","Caldwell Parish",4,28,131,75,56
050,22,021,"Louisiana","Caldwell Parish",4,29,134,80,54
050,22,021,"Louisiana","Caldwell Parish",4,30,121,68,53
050,22,021,"Louisiana","Caldwell Parish",4,31,132,70,62
050,22,021,"Louisiana","Caldwell Parish",4,32,132,70,62
050,22,021,"Louisiana","Caldwell Parish",4,33,126,73,53
050,22,021,"Louisiana","Caldwell Parish",4,34,123,69,54
050,22,021,"Louisiana","Caldwell Parish",4,35,116,60,56
050,22,021,"Louisiana","Caldwell Parish",4,36,112,65,47
050,22,021,"Louisiana","Caldwell Parish",4,37,121,69,52
050,22,021,"Louisiana","Caldwell Parish",4,38,126,73,53
050,22,021,"Louisiana","Caldwell Parish",4,39,127,73,54
050,22,021,"Louisiana","Caldwell Parish",4,40,117,58,59
050,22,021,"Louisiana","Caldwell Parish",4,41,110,61,49
050,22,021,"Louisiana","Caldwell Parish",4,42,109,60,49
050,22,021,"Louisiana","Caldwell Parish",4,43,126,69,57
050,22,021,"Louisiana","Caldwell Parish",4,44,118,62,56
050,22,021,"Louisiana","Caldwell Parish",4,45,121,56,65
050,22,021,"Louisiana","Caldwell Parish",4,46,113,59,54
050,22,021,"Louisiana","Caldwell Parish",4,47,105,58,47
050,22,021,"Louisiana","Caldwell Parish",4,48,108,60,48
050,22,021,"Louisiana","Caldwell Parish",4,49,115,62,53
050,22,021,"Louisiana","Caldwell Parish",4,50,129,68,61
050,22,021,"Louisiana","Caldwell Parish",4,51,120,67,53
050,22,021,"Louisiana","Caldwell Parish",4,52,133,64,69
050,22,021,"Louisiana","Caldwell Parish",4,53,123,58,65
050,22,021,"Louisiana","Caldwell Parish",4,54,114,52,62
050,22,021,"Louisiana","Caldwell Parish",4,55,101,56,45
050,22,021,"Louisiana","Caldwell Parish",4,56,104,52,52
050,22,021,"Louisiana","Caldwell Parish",4,57,109,48,61
050,22,021,"Louisiana","Caldwell Parish",4,58,115,55,60
050,22,021,"Louisiana","Caldwell Parish",4,59,130,63,67
050,22,021,"Louisiana","Caldwell Parish",4,60,131,64,67
050,22,021,"Louisiana","Caldwell Parish",4,61,124,68,56
050,22,021,"Louisiana","Caldwell Parish",4,62,121,65,56
050,22,021,"Louisiana","Caldwell Parish",4,63,109,55,54
050,22,021,"Louisiana","Caldwell Parish",4,64,109,56,53
050,22,021,"Louisiana","Caldwell Parish",4,65,124,59,65
050,22,021,"Louisiana","Caldwell Parish",4,66,106,48,58
050,22,021,"Louisiana","Caldwell Parish",4,67,123,61,62
050,22,021,"Louisiana","Caldwell Parish",4,68,114,61,53
050,22,021,"Louisiana","Caldwell Parish",4,69,102,53,49
050,22,021,"Louisiana","Caldwell Parish",4,70,100,47,53
050,22,021,"Louisiana","Caldwell Parish",4,71,100,50,50
050,22,021,"Louisiana","Caldwell Parish",4,72,93,47,46
050,22,021,"Louisiana","Caldwell Parish",4,73,91,46,45
050,22,021,"Louisiana","Caldwell Parish",4,74,105,51,54
050,22,021,"Louisiana","Caldwell Parish",4,75,100,46,54
050,22,021,"Louisiana","Caldwell Parish",4,76,67,26,41
050,22,021,"Louisiana","Caldwell Parish",4,77,62,30,32
050,22,021,"Louisiana","Caldwell Parish",4,78,53,25,28
050,22,021,"Louisiana","Caldwell Parish",4,79,62,25,37
050,22,021,"Louisiana","Caldwell Parish",4,80,51,21,30
050,22,021,"Louisiana","Caldwell Parish",4,81,39,16,23
050,22,021,"Louisiana","Caldwell Parish",4,82,44,20,24
050,22,021,"Louisiana","Caldwell Parish",4,83,41,16,25
050,22,021,"Louisiana","Caldwell Parish",4,84,34,14,20
050,22,021,"Louisiana","Caldwell Parish",4,85,176,53,123
050,22,021,"Louisiana","Caldwell Parish",5,0,84,50,34
050,22,021,"Louisiana","Caldwell Parish",5,1,75,45,30
050,22,021,"Louisiana","Caldwell Parish",5,2,114,64,50
050,22,021,"Louisiana","Caldwell Parish",5,3,104,67,37
050,22,021,"Louisiana","Caldwell Parish",5,4,119,66,53
050,22,021,"Louisiana","Caldwell Parish",5,5,119,56,63
050,22,021,"Louisiana","Caldwell Parish",5,6,110,56,54
050,22,021,"Louisiana","Caldwell Parish",5,7,117,60,57
050,22,021,"Louisiana","Caldwell Parish",5,8,124,73,51
050,22,021,"Louisiana","Caldwell Parish",5,9,126,64,62
050,22,021,"Louisiana","Caldwell Parish",5,10,104,50,54
050,22,021,"Louisiana","Caldwell Parish",5,11,113,57,56
050,22,021,"Louisiana","Caldwell Parish",5,12,107,51,56
050,22,021,"Louisiana","Caldwell Parish",5,13,123,64,59
050,22,021,"Louisiana","Caldwell Parish",5,14,125,62,63
050,22,021,"Louisiana","Caldwell Parish",5,15,139,71,68
050,22,021,"Louisiana","Caldwell Parish",5,16,140,74,66
050,22,021,"Louisiana","Caldwell Parish",5,17,136,75,61
050,22,021,"Louisiana","Caldwell Parish",5,18,129,70,59
050,22,021,"Louisiana","Caldwell Parish",5,19,90,48,42
050,22,021,"Louisiana","Caldwell Parish",5,20,95,53,42
050,22,021,"Louisiana","Caldwell Parish",5,21,129,83,46
050,22,021,"Louisiana","Caldwell Parish",5,22,112,60,52
050,22,021,"Louisiana","Caldwell Parish",5,23,128,70,58
050,22,021,"Louisiana","Caldwell Parish",5,24,110,68,42
050,22,021,"Louisiana","Caldwell Parish",5,25,116,75,41
050,22,021,"Louisiana","Caldwell Parish",5,26,113,63,50
050,22,021,"Louisiana","Caldwell Parish",5,27,107,70,37
050,22,021,"Louisiana","Caldwell Parish",5,28,127,77,50
050,22,021,"Louisiana","Caldwell Parish",5,29,140,83,57
050,22,021,"Louisiana","Caldwell Parish",5,30,125,72,53
050,22,021,"Louisiana","Caldwell Parish",5,31,124,72,52
050,22,021,"Louisiana","Caldwell Parish",5,32,141,80,61
050,22,021,"Louisiana","Caldwell Parish",5,33,131,74,57
050,22,021,"Louisiana","Caldwell Parish",5,34,133,79,54
050,22,021,"Louisiana","Caldwell Parish",5,35,107,50,57
050,22,021,"Louisiana","Caldwell Parish",5,36,118,68,50
050,22,021,"Louisiana","Caldwell Parish",5,37,112,66,46
050,22,021,"Louisiana","Caldwell Parish",5,38,120,67,53
050,22,021,"Louisiana","Caldwell Parish",5,39,121,74,47
050,22,021,"Louisiana","Caldwell Parish",5,40,117,68,49
050,22,021,"Louisiana","Caldwell Parish",5,41,133,73,60
050,22,021,"Louisiana","Caldwell Parish",5,42,96,47,49
050,22,021,"Louisiana","Caldwell Parish",5,43,119,72,47
050,22,021,"Louisiana","Caldwell Parish",5,44,120,63,57
050,22,021,"Louisiana","Caldwell Parish",5,45,113,58,55
050,22,021,"Louisiana","Caldwell Parish",5,46,124,63,61
050,22,021,"Louisiana","Caldwell Parish",5,47,105,53,52
050,22,021,"Louisiana","Caldwell Parish",5,48,111,64,47
050,22,021,"Louisiana","Caldwell Parish",5,49,109,60,49
050,22,021,"Louisiana","Caldwell Parish",5,50,116,62,54
050,22,021,"Louisiana","Caldwell Parish",5,51,122,65,57
050,22,021,"Louisiana","Caldwell Parish",5,52,126,69,57
050,22,021,"Louisiana","Caldwell Parish",5,53,126,63,63
050,22,021,"Louisiana","Caldwell Parish",5,54,124,53,71
050,22,021,"Louisiana","Caldwell Parish",5,55,114,52,62
050,22,021,"Louisiana","Caldwell Parish",5,56,98,57,41
050,22,021,"Louisiana","Caldwell Parish",5,57,101,50,51
050,22,021,"Louisiana","Caldwell Parish",5,58,106,47,59
050,22,021,"Louisiana","Caldwell Parish",5,59,109,50,59
050,22,021,"Louisiana","Caldwell Parish",5,60,127,62,65
050,22,021,"Louisiana","Caldwell Parish",5,61,127,63,64
050,22,021,"Louisiana","Caldwell Parish",5,62,128,73,55
050,22,021,"Louisiana","Caldwell Parish",5,63,121,65,56
050,22,021,"Louisiana","Caldwell Parish",5,64,98,47,51
050,22,021,"Louisiana","Caldwell Parish",5,65,104,54,50
050,22,021,"Louisiana","Caldwell Parish",5,66,119,56,63
050,22,021,"Louisiana","Caldwell Parish",5,67,98,44,54
050,22,021,"Louisiana","Caldwell Parish",5,68,116,56,60
050,22,021,"Louisiana","Caldwell Parish",5,69,109,58,51
050,22,021,"Louisiana","Caldwell Parish",5,70,95,49,46
050,22,021,"Louisiana","Caldwell Parish",5,71,100,43,57
050,22,021,"Louisiana","Caldwell Parish",5,72,95,48,47
050,22,021,"Louisiana","Caldwell Parish",5,73,93,48,45
050,22,021,"Louisiana","Caldwell Parish",5,74,88,45,43
050,22,021,"Louisiana","Caldwell Parish",5,75,107,52,55
050,22,021,"Louisiana","Caldwell Parish",5,76,94,42,52
050,22,021,"Louisiana","Caldwell Parish",5,77,63,24,39
050,22,021,"Louisiana","Caldwell Parish",5,78,58,27,31
050,22,021,"Louisiana","Caldwell Parish",5,79,53,24,29
050,22,021,"Louisiana","Caldwell Parish",5,80,60,25,35
050,22,021,"Louisiana","Caldwell Parish",5,81,44,18,26
050,22,021,"Louisiana","Caldwell Parish",5,82,36,15,21
050,22,021,"Louisiana","Caldwell Parish",5,83,41,20,21
050,22,021,"Louisiana","Caldwell Parish",5,84,37,16,21
050,22,021,"Louisiana","Caldwell Parish",5,85,182,54,128
050,22,023,"Louisiana","Cameron Parish",1,0,57,29,28
050,22,023,"Louisiana","Cameron Parish",1,1,64,33,31
050,22,023,"Louisiana","Cameron Parish",1,2,66,31,35
050,22,023,"Louisiana","Cameron Parish",1,3,65,36,29
050,22,023,"Louisiana","Cameron Parish",1,4,67,38,29
050,22,023,"Louisiana","Cameron Parish",1,5,62,33,29
050,22,023,"Louisiana","Cameron Parish",1,6,62,31,31
050,22,023,"Louisiana","Cameron Parish",1,7,57,31,26
050,22,023,"Louisiana","Cameron Parish",1,8,65,37,28
050,22,023,"Louisiana","Cameron Parish",1,9,71,35,36
050,22,023,"Louisiana","Cameron Parish",1,10,83,45,38
050,22,023,"Louisiana","Cameron Parish",1,11,81,41,40
050,22,023,"Louisiana","Cameron Parish",1,12,72,29,43
050,22,023,"Louisiana","Cameron Parish",1,13,79,38,41
050,22,023,"Louisiana","Cameron Parish",1,14,74,35,39
050,22,023,"Louisiana","Cameron Parish",1,15,71,36,35
050,22,023,"Louisiana","Cameron Parish",1,16,70,34,36
050,22,023,"Louisiana","Cameron Parish",1,17,74,41,33
050,22,023,"Louisiana","Cameron Parish",1,18,70,34,36
050,22,023,"Louisiana","Cameron Parish",1,19,56,31,25
050,22,023,"Louisiana","Cameron Parish",1,20,56,28,28
050,22,023,"Louisiana","Cameron Parish",1,21,59,35,24
050,22,023,"Louisiana","Cameron Parish",1,22,75,38,37
050,22,023,"Louisiana","Cameron Parish",1,23,62,27,35
050,22,023,"Louisiana","Cameron Parish",1,24,62,29,33
050,22,023,"Louisiana","Cameron Parish",1,25,65,32,33
050,22,023,"Louisiana","Cameron Parish",1,26,74,37,37
050,22,023,"Louisiana","Cameron Parish",1,27,73,42,31
050,22,023,"Louisiana","Cameron Parish",1,28,82,44,38
050,22,023,"Louisiana","Cameron Parish",1,29,84,43,41
050,22,023,"Louisiana","Cameron Parish",1,30,75,40,35
050,22,023,"Louisiana","Cameron Parish",1,31,68,39,29
050,22,023,"Louisiana","Cameron Parish",1,32,63,35,28
050,22,023,"Louisiana","Cameron Parish",1,33,52,21,31
050,22,023,"Louisiana","Cameron Parish",1,34,67,34,33
050,22,023,"Louisiana","Cameron Parish",1,35,63,35,28
050,22,023,"Louisiana","Cameron Parish",1,36,65,37,28
050,22,023,"Louisiana","Cameron Parish",1,37,65,30,35
050,22,023,"Louisiana","Cameron Parish",1,38,76,34,42
050,22,023,"Louisiana","Cameron Parish",1,39,72,38,34
050,22,023,"Louisiana","Cameron Parish",1,40,82,44,38
050,22,023,"Louisiana","Cameron Parish",1,41,73,39,34
050,22,023,"Louisiana","Cameron Parish",1,42,64,34,30
050,22,023,"Louisiana","Cameron Parish",1,43,55,27,28
050,22,023,"Louisiana","Cameron Parish",1,44,61,33,28
050,22,023,"Louisiana","Cameron Parish",1,45,62,35,27
050,22,023,"Louisiana","Cameron Parish",1,46,54,25,29
050,22,023,"Louisiana","Cameron Parish",1,47,55,23,32
050,22,023,"Louisiana","Cameron Parish",1,48,57,29,28
050,22,023,"Louisiana","Cameron Parish",1,49,69,39,30
050,22,023,"Louisiana","Cameron Parish",1,50,66,37,29
050,22,023,"Louisiana","Cameron Parish",1,51,67,30,37
050,22,023,"Louisiana","Cameron Parish",1,52,74,37,37
050,22,023,"Louisiana","Cameron Parish",1,53,76,39,37
050,22,023,"Louisiana","Cameron Parish",1,54,82,41,41
050,22,023,"Louisiana","Cameron Parish",1,55,91,46,45
050,22,023,"Louisiana","Cameron Parish",1,56,94,51,43
050,22,023,"Louisiana","Cameron Parish",1,57,97,45,52
050,22,023,"Louisiana","Cameron Parish",1,58,88,41,47
050,22,023,"Louisiana","Cameron Parish",1,59,93,45,48
050,22,023,"Louisiana","Cameron Parish",1,60,97,49,48
050,22,023,"Louisiana","Cameron Parish",1,61,103,51,52
050,22,023,"Louisiana","Cameron Parish",1,62,77,36,41
050,22,023,"Louisiana","Cameron Parish",1,63,90,45,45
050,22,023,"Louisiana","Cameron Parish",1,64,81,42,39
050,22,023,"Louisiana","Cameron Parish",1,65,74,38,36
050,22,023,"Louisiana","Cameron Parish",1,66,61,31,30
050,22,023,"Louisiana","Cameron Parish",1,67,64,36,28
050,22,023,"Louisiana","Cameron Parish",1,68,58,32,26
050,22,023,"Louisiana","Cameron Parish",1,69,60,27,33
050,22,023,"Louisiana","Cameron Parish",1,70,59,26,33
050,22,023,"Louisiana","Cameron Parish",1,71,54,28,26
050,22,023,"Louisiana","Cameron Parish",1,72,54,27,27
050,22,023,"Louisiana","Cameron Parish",1,73,58,30,28
050,22,023,"Louisiana","Cameron Parish",1,74,44,23,21
050,22,023,"Louisiana","Cameron Parish",1,75,50,24,26
050,22,023,"Louisiana","Cameron Parish",1,76,35,18,17
050,22,023,"Louisiana","Cameron Parish",1,77,37,23,14
050,22,023,"Louisiana","Cameron Parish",1,78,27,17,10
050,22,023,"Louisiana","Cameron Parish",1,79,32,14,18
050,22,023,"Louisiana","Cameron Parish",1,80,28,12,16
050,22,023,"Louisiana","Cameron Parish",1,81,30,13,17
050,22,023,"Louisiana","Cameron Parish",1,82,27,10,17
050,22,023,"Louisiana","Cameron Parish",1,83,21,8,13
050,22,023,"Louisiana","Cameron Parish",1,84,12,4,8
050,22,023,"Louisiana","Cameron Parish",1,85,102,43,59
050,22,023,"Louisiana","Cameron Parish",2,0,59,32,27
050,22,023,"Louisiana","Cameron Parish",2,1,64,33,31
050,22,023,"Louisiana","Cameron Parish",2,2,67,33,34
050,22,023,"Louisiana","Cameron Parish",2,3,66,35,31
050,22,023,"Louisiana","Cameron Parish",2,4,67,38,29
050,22,023,"Louisiana","Cameron Parish",2,5,64,35,29
050,22,023,"Louisiana","Cameron Parish",2,6,62,31,31
050,22,023,"Louisiana","Cameron Parish",2,7,58,31,27
050,22,023,"Louisiana","Cameron Parish",2,8,63,35,28
050,22,023,"Louisiana","Cameron Parish",2,9,70,36,34
050,22,023,"Louisiana","Cameron Parish",2,10,81,43,38
050,22,023,"Louisiana","Cameron Parish",2,11,81,42,39
050,22,023,"Louisiana","Cameron Parish",2,12,74,32,42
050,22,023,"Louisiana","Cameron Parish",2,13,77,36,41
050,22,023,"Louisiana","Cameron Parish",2,14,74,36,38
050,22,023,"Louisiana","Cameron Parish",2,15,72,36,36
050,22,023,"Louisiana","Cameron Parish",2,16,70,35,35
050,22,023,"Louisiana","Cameron Parish",2,17,73,39,34
050,22,023,"Louisiana","Cameron Parish",2,18,67,34,33
050,22,023,"Louisiana","Cameron Parish",2,19,57,30,27
050,22,023,"Louisiana","Cameron Parish",2,20,58,30,28
050,22,023,"Louisiana","Cameron Parish",2,21,58,34,24
050,22,023,"Louisiana","Cameron Parish",2,22,72,37,35
050,22,023,"Louisiana","Cameron Parish",2,23,66,29,37
050,22,023,"Louisiana","Cameron Parish",2,24,62,29,33
050,22,023,"Louisiana","Cameron Parish",2,25,66,32,34
050,22,023,"Louisiana","Cameron Parish",2,26,73,37,36
050,22,023,"Louisiana","Cameron Parish",2,27,73,41,32
050,22,023,"Louisiana","Cameron Parish",2,28,79,44,35
050,22,023,"Louisiana","Cameron Parish",2,29,84,44,40
050,22,023,"Louisiana","Cameron Parish",2,30,80,42,38
050,22,023,"Louisiana","Cameron Parish",2,31,69,39,30
050,22,023,"Louisiana","Cameron Parish",2,32,65,36,29
050,22,023,"Louisiana","Cameron Parish",2,33,55,24,31
050,22,023,"Louisiana","Cameron Parish",2,34,64,31,33
050,22,023,"Louisiana","Cameron Parish",2,35,64,35,29
050,22,023,"Louisiana","Cameron Parish",2,36,62,35,27
050,22,023,"Louisiana","Cameron Parish",2,37,66,33,33
050,22,023,"Louisiana","Cameron Parish",2,38,75,34,41
050,22,023,"Louisiana","Cameron Parish",2,39,73,37,36
050,22,023,"Louisiana","Cameron Parish",2,40,79,42,37
050,22,023,"Louisiana","Cameron Parish",2,41,74,40,34
050,22,023,"Louisiana","Cameron Parish",2,42,64,34,30
050,22,023,"Louisiana","Cameron Parish",2,43,58,29,29
050,22,023,"Louisiana","Cameron Parish",2,44,60,31,29
050,22,023,"Louisiana","Cameron Parish",2,45,63,35,28
050,22,023,"Louisiana","Cameron Parish",2,46,55,27,28
050,22,023,"Louisiana","Cameron Parish",2,47,54,23,31
050,22,023,"Louisiana","Cameron Parish",2,48,57,27,30
050,22,023,"Louisiana","Cameron Parish",2,49,65,36,29
050,22,023,"Louisiana","Cameron Parish",2,50,66,37,29
050,22,023,"Louisiana","Cameron Parish",2,51,68,32,36
050,22,023,"Louisiana","Cameron Parish",2,52,73,36,37
050,22,023,"Louisiana","Cameron Parish",2,53,74,38,36
050,22,023,"Louisiana","Cameron Parish",2,54,79,40,39
050,22,023,"Louisiana","Cameron Parish",2,55,90,45,45
050,22,023,"Louisiana","Cameron Parish",2,56,93,51,42
050,22,023,"Louisiana","Cameron Parish",2,57,96,47,49
050,22,023,"Louisiana","Cameron Parish",2,58,91,42,49
050,22,023,"Louisiana","Cameron Parish",2,59,91,44,47
050,22,023,"Louisiana","Cameron Parish",2,60,96,49,47
050,22,023,"Louisiana","Cameron Parish",2,61,101,50,51
050,22,023,"Louisiana","Cameron Parish",2,62,83,39,44
050,22,023,"Louisiana","Cameron Parish",2,63,87,42,45
050,22,023,"Louisiana","Cameron Parish",2,64,82,42,40
050,22,023,"Louisiana","Cameron Parish",2,65,76,39,37
050,22,023,"Louisiana","Cameron Parish",2,66,64,33,31
050,22,023,"Louisiana","Cameron Parish",2,67,63,35,28
050,22,023,"Louisiana","Cameron Parish",2,68,60,33,27
050,22,023,"Louisiana","Cameron Parish",2,69,59,29,30
050,22,023,"Louisiana","Cameron Parish",2,70,59,26,33
050,22,023,"Louisiana","Cameron Parish",2,71,56,28,28
050,22,023,"Louisiana","Cameron Parish",2,72,52,26,26
050,22,023,"Louisiana","Cameron Parish",2,73,60,31,29
050,22,023,"Louisiana","Cameron Parish",2,74,44,23,21
050,22,023,"Louisiana","Cameron Parish",2,75,49,24,25
050,22,023,"Louisiana","Cameron Parish",2,76,39,20,19
050,22,023,"Louisiana","Cameron Parish",2,77,36,23,13
050,22,023,"Louisiana","Cameron Parish",2,78,28,18,10
050,22,023,"Louisiana","Cameron Parish",2,79,31,15,16
050,22,023,"Louisiana","Cameron Parish",2,80,29,13,16
050,22,023,"Louisiana","Cameron Parish",2,81,28,11,17
050,22,023,"Louisiana","Cameron Parish",2,82,28,11,17
050,22,023,"Louisiana","Cameron Parish",2,83,23,9,14
050,22,023,"Louisiana","Cameron Parish",2,84,14,5,9
050,22,023,"Louisiana","Cameron Parish",2,85,96,40,56
050,22,023,"Louisiana","Cameron Parish",3,0,70,37,33
050,22,023,"Louisiana","Cameron Parish",3,1,54,32,22
050,22,023,"Louisiana","Cameron Parish",3,2,61,32,29
050,22,023,"Louisiana","Cameron Parish",3,3,62,28,34
050,22,023,"Louisiana","Cameron Parish",3,4,61,31,30
050,22,023,"Louisiana","Cameron Parish",3,5,62,37,25
050,22,023,"Louisiana","Cameron Parish",3,6,56,31,25
050,22,023,"Louisiana","Cameron Parish",3,7,65,32,33
050,22,023,"Louisiana","Cameron Parish",3,8,53,31,22
050,22,023,"Louisiana","Cameron Parish",3,9,57,30,27
050,22,023,"Louisiana","Cameron Parish",3,10,64,31,33
050,22,023,"Louisiana","Cameron Parish",3,11,71,42,29
050,22,023,"Louisiana","Cameron Parish",3,12,74,42,32
050,22,023,"Louisiana","Cameron Parish",3,13,61,26,35
050,22,023,"Louisiana","Cameron Parish",3,14,72,34,38
050,22,023,"Louisiana","Cameron Parish",3,15,70,36,34
050,22,023,"Louisiana","Cameron Parish",3,16,65,32,33
050,22,023,"Louisiana","Cameron Parish",3,17,68,32,36
050,22,023,"Louisiana","Cameron Parish",3,18,54,29,25
050,22,023,"Louisiana","Cameron Parish",3,19,48,25,23
050,22,023,"Louisiana","Cameron Parish",3,20,49,25,24
050,22,023,"Louisiana","Cameron Parish",3,21,57,30,27
050,22,023,"Louisiana","Cameron Parish",3,22,56,31,25
050,22,023,"Louisiana","Cameron Parish",3,23,64,32,32
050,22,023,"Louisiana","Cameron Parish",3,24,53,24,29
050,22,023,"Louisiana","Cameron Parish",3,25,51,29,22
050,22,023,"Louisiana","Cameron Parish",3,26,54,26,28
050,22,023,"Louisiana","Cameron Parish",3,27,59,31,28
050,22,023,"Louisiana","Cameron Parish",3,28,73,38,35
050,22,023,"Louisiana","Cameron Parish",3,29,72,44,28
050,22,023,"Louisiana","Cameron Parish",3,30,77,43,34
050,22,023,"Louisiana","Cameron Parish",3,31,75,37,38
050,22,023,"Louisiana","Cameron Parish",3,32,66,39,27
050,22,023,"Louisiana","Cameron Parish",3,33,59,34,25
050,22,023,"Louisiana","Cameron Parish",3,34,54,24,30
050,22,023,"Louisiana","Cameron Parish",3,35,54,26,28
050,22,023,"Louisiana","Cameron Parish",3,36,55,29,26
050,22,023,"Louisiana","Cameron Parish",3,37,57,34,23
050,22,023,"Louisiana","Cameron Parish",3,38,67,35,32
050,22,023,"Louisiana","Cameron Parish",3,39,67,31,36
050,22,023,"Louisiana","Cameron Parish",3,40,63,32,31
050,22,023,"Louisiana","Cameron Parish",3,41,80,39,41
050,22,023,"Louisiana","Cameron Parish",3,42,65,36,29
050,22,023,"Louisiana","Cameron Parish",3,43,59,32,27
050,22,023,"Louisiana","Cameron Parish",3,44,52,25,27
050,22,023,"Louisiana","Cameron Parish",3,45,54,28,26
050,22,023,"Louisiana","Cameron Parish",3,46,54,29,25
050,22,023,"Louisiana","Cameron Parish",3,47,52,28,24
050,22,023,"Louisiana","Cameron Parish",3,48,53,19,34
050,22,023,"Louisiana","Cameron Parish",3,49,52,24,28
050,22,023,"Louisiana","Cameron Parish",3,50,62,33,29
050,22,023,"Louisiana","Cameron Parish",3,51,60,35,25
050,22,023,"Louisiana","Cameron Parish",3,52,61,29,32
050,22,023,"Louisiana","Cameron Parish",3,53,63,31,32
050,22,023,"Louisiana","Cameron Parish",3,54,70,35,35
050,22,023,"Louisiana","Cameron Parish",3,55,71,34,37
050,22,023,"Louisiana","Cameron Parish",3,56,80,39,41
050,22,023,"Louisiana","Cameron Parish",3,57,83,43,40
050,22,023,"Louisiana","Cameron Parish",3,58,88,46,42
050,22,023,"Louisiana","Cameron Parish",3,59,79,36,43
050,22,023,"Louisiana","Cameron Parish",3,60,88,46,42
050,22,023,"Louisiana","Cameron Parish",3,61,82,41,41
050,22,023,"Louisiana","Cameron Parish",3,62,87,42,45
050,22,023,"Louisiana","Cameron Parish",3,63,71,35,36
050,22,023,"Louisiana","Cameron Parish",3,64,74,33,41
050,22,023,"Louisiana","Cameron Parish",3,65,76,38,38
050,22,023,"Louisiana","Cameron Parish",3,66,68,37,31
050,22,023,"Louisiana","Cameron Parish",3,67,55,30,25
050,22,023,"Louisiana","Cameron Parish",3,68,49,29,20
050,22,023,"Louisiana","Cameron Parish",3,69,56,30,26
050,22,023,"Louisiana","Cameron Parish",3,70,54,26,28
050,22,023,"Louisiana","Cameron Parish",3,71,49,22,27
050,22,023,"Louisiana","Cameron Parish",3,72,51,25,26
050,22,023,"Louisiana","Cameron Parish",3,73,42,19,23
050,22,023,"Louisiana","Cameron Parish",3,74,58,30,28
050,22,023,"Louisiana","Cameron Parish",3,75,38,19,19
050,22,023,"Louisiana","Cameron Parish",3,76,44,23,21
050,22,023,"Louisiana","Cameron Parish",3,77,32,17,15
050,22,023,"Louisiana","Cameron Parish",3,78,29,19,10
050,22,023,"Louisiana","Cameron Parish",3,79,24,15,9
050,22,023,"Louisiana","Cameron Parish",3,80,31,14,17
050,22,023,"Louisiana","Cameron Parish",3,81,25,10,15
050,22,023,"Louisiana","Cameron Parish",3,82,18,4,14
050,22,023,"Louisiana","Cameron Parish",3,83,24,9,15
050,22,023,"Louisiana","Cameron Parish",3,84,20,8,12
050,22,023,"Louisiana","Cameron Parish",3,85,81,34,47
050,22,023,"Louisiana","Cameron Parish",4,0,61,34,27
050,22,023,"Louisiana","Cameron Parish",4,1,59,33,26
050,22,023,"Louisiana","Cameron Parish",4,2,51,28,23
050,22,023,"Louisiana","Cameron Parish",4,3,52,24,28
050,22,023,"Louisiana","Cameron Parish",4,4,58,25,33
050,22,023,"Louisiana","Cameron Parish",4,5,53,30,23
050,22,023,"Louisiana","Cameron Parish",4,6,58,34,24
050,22,023,"Louisiana","Cameron Parish",4,7,55,32,23
050,22,023,"Louisiana","Cameron Parish",4,8,56,31,25
050,22,023,"Louisiana","Cameron Parish",4,9,51,30,21
050,22,023,"Louisiana","Cameron Parish",4,10,54,30,24
050,22,023,"Louisiana","Cameron Parish",4,11,58,31,27
050,22,023,"Louisiana","Cameron Parish",4,12,74,41,33
050,22,023,"Louisiana","Cameron Parish",4,13,75,40,35
050,22,023,"Louisiana","Cameron Parish",4,14,60,27,33
050,22,023,"Louisiana","Cameron Parish",4,15,74,37,37
050,22,023,"Louisiana","Cameron Parish",4,16,61,33,28
050,22,023,"Louisiana","Cameron Parish",4,17,61,34,27
050,22,023,"Louisiana","Cameron Parish",4,18,56,30,26
050,22,023,"Louisiana","Cameron Parish",4,19,38,21,17
050,22,023,"Louisiana","Cameron Parish",4,20,49,25,24
050,22,023,"Louisiana","Cameron Parish",4,21,50,25,25
050,22,023,"Louisiana","Cameron Parish",4,22,57,28,29
050,22,023,"Louisiana","Cameron Parish",4,23,57,33,24
050,22,023,"Louisiana","Cameron Parish",4,24,70,38,32
050,22,023,"Louisiana","Cameron Parish",4,25,49,24,25
050,22,023,"Louisiana","Cameron Parish",4,26,54,30,24
050,22,023,"Louisiana","Cameron Parish",4,27,50,22,28
050,22,023,"Louisiana","Cameron Parish",4,28,58,30,28
050,22,023,"Louisiana","Cameron Parish",4,29,63,32,31
050,22,023,"Louisiana","Cameron Parish",4,30,75,43,32
050,22,023,"Louisiana","Cameron Parish",4,31,69,36,33
050,22,023,"Louisiana","Cameron Parish",4,32,69,37,32
050,22,023,"Louisiana","Cameron Parish",4,33,62,39,23
050,22,023,"Louisiana","Cameron Parish",4,34,56,31,25
050,22,023,"Louisiana","Cameron Parish",4,35,52,24,28
050,22,023,"Louisiana","Cameron Parish",4,36,56,25,31
050,22,023,"Louisiana","Cameron Parish",4,37,57,27,30
050,22,023,"Louisiana","Cameron Parish",4,38,55,31,24
050,22,023,"Louisiana","Cameron Parish",4,39,60,30,30
050,22,023,"Louisiana","Cameron Parish",4,40,66,30,36
050,22,023,"Louisiana","Cameron Parish",4,41,61,29,32
050,22,023,"Louisiana","Cameron Parish",4,42,72,37,35
050,22,023,"Louisiana","Cameron Parish",4,43,65,36,29
050,22,023,"Louisiana","Cameron Parish",4,44,51,29,22
050,22,023,"Louisiana","Cameron Parish",4,45,49,20,29
050,22,023,"Louisiana","Cameron Parish",4,46,46,26,20
050,22,023,"Louisiana","Cameron Parish",4,47,54,30,24
050,22,023,"Louisiana","Cameron Parish",4,48,52,28,24
050,22,023,"Louisiana","Cameron Parish",4,49,51,18,33
050,22,023,"Louisiana","Cameron Parish",4,50,50,23,27
050,22,023,"Louisiana","Cameron Parish",4,51,58,33,25
050,22,023,"Louisiana","Cameron Parish",4,52,61,33,28
050,22,023,"Louisiana","Cameron Parish",4,53,61,29,32
050,22,023,"Louisiana","Cameron Parish",4,54,53,25,28
050,22,023,"Louisiana","Cameron Parish",4,55,72,35,37
050,22,023,"Louisiana","Cameron Parish",4,56,69,33,36
050,22,023,"Louisiana","Cameron Parish",4,57,76,40,36
050,22,023,"Louisiana","Cameron Parish",4,58,77,41,36
050,22,023,"Louisiana","Cameron Parish",4,59,87,44,43
050,22,023,"Louisiana","Cameron Parish",4,60,69,33,36
050,22,023,"Louisiana","Cameron Parish",4,61,82,40,42
050,22,023,"Louisiana","Cameron Parish",4,62,78,42,36
050,22,023,"Louisiana","Cameron Parish",4,63,80,38,42
050,22,023,"Louisiana","Cameron Parish",4,64,69,33,36
050,22,023,"Louisiana","Cameron Parish",4,65,70,32,38
050,22,023,"Louisiana","Cameron Parish",4,66,75,36,39
050,22,023,"Louisiana","Cameron Parish",4,67,73,42,31
050,22,023,"Louisiana","Cameron Parish",4,68,49,27,22
050,22,023,"Louisiana","Cameron Parish",4,69,47,29,18
050,22,023,"Louisiana","Cameron Parish",4,70,52,27,25
050,22,023,"Louisiana","Cameron Parish",4,71,54,25,29
050,22,023,"Louisiana","Cameron Parish",4,72,48,21,27
050,22,023,"Louisiana","Cameron Parish",4,73,49,23,26
050,22,023,"Louisiana","Cameron Parish",4,74,39,18,21
050,22,023,"Louisiana","Cameron Parish",4,75,53,26,27
050,22,023,"Louisiana","Cameron Parish",4,76,36,18,18
050,22,023,"Louisiana","Cameron Parish",4,77,41,23,18
050,22,023,"Louisiana","Cameron Parish",4,78,29,16,13
050,22,023,"Louisiana","Cameron Parish",4,79,27,18,9
050,22,023,"Louisiana","Cameron Parish",4,80,22,14,8
050,22,023,"Louisiana","Cameron Parish",4,81,30,14,16
050,22,023,"Louisiana","Cameron Parish",4,82,20,6,14
050,22,023,"Louisiana","Cameron Parish",4,83,17,3,14
050,22,023,"Louisiana","Cameron Parish",4,84,22,7,15
050,22,023,"Louisiana","Cameron Parish",4,85,101,42,59
050,22,023,"Louisiana","Cameron Parish",5,0,58,32,26
050,22,023,"Louisiana","Cameron Parish",5,1,57,29,28
050,22,023,"Louisiana","Cameron Parish",5,2,63,36,27
050,22,023,"Louisiana","Cameron Parish",5,3,51,29,22
050,22,023,"Louisiana","Cameron Parish",5,4,59,28,31
050,22,023,"Louisiana","Cameron Parish",5,5,56,22,34
050,22,023,"Louisiana","Cameron Parish",5,6,55,31,24
050,22,023,"Louisiana","Cameron Parish",5,7,59,36,23
050,22,023,"Louisiana","Cameron Parish",5,8,50,30,20
050,22,023,"Louisiana","Cameron Parish",5,9,57,29,28
050,22,023,"Louisiana","Cameron Parish",5,10,51,31,20
050,22,023,"Louisiana","Cameron Parish",5,11,54,30,24
050,22,023,"Louisiana","Cameron Parish",5,12,58,29,29
050,22,023,"Louisiana","Cameron Parish",5,13,68,36,32
050,22,023,"Louisiana","Cameron Parish",5,14,69,38,31
050,22,023,"Louisiana","Cameron Parish",5,15,61,27,34
050,22,023,"Louisiana","Cameron Parish",5,16,73,36,37
050,22,023,"Louisiana","Cameron Parish",5,17,59,33,26
050,22,023,"Louisiana","Cameron Parish",5,18,51,29,22
050,22,023,"Louisiana","Cameron Parish",5,19,45,25,20
050,22,023,"Louisiana","Cameron Parish",5,20,42,24,18
050,22,023,"Louisiana","Cameron Parish",5,21,51,25,26
050,22,023,"Louisiana","Cameron Parish",5,22,47,24,23
050,22,023,"Louisiana","Cameron Parish",5,23,64,35,29
050,22,023,"Louisiana","Cameron Parish",5,24,50,30,20
050,22,023,"Louisiana","Cameron Parish",5,25,70,38,32
050,22,023,"Louisiana","Cameron Parish",5,26,43,21,22
050,22,023,"Louisiana","Cameron Parish",5,27,47,27,20
050,22,023,"Louisiana","Cameron Parish",5,28,47,21,26
050,22,023,"Louisiana","Cameron Parish",5,29,56,29,27
050,22,023,"Louisiana","Cameron Parish",5,30,61,29,32
050,22,023,"Louisiana","Cameron Parish",5,31,68,38,30
050,22,023,"Louisiana","Cameron Parish",5,32,68,34,34
050,22,023,"Louisiana","Cameron Parish",5,33,65,32,33
050,22,023,"Louisiana","Cameron Parish",5,34,56,34,22
050,22,023,"Louisiana","Cameron Parish",5,35,59,33,26
050,22,023,"Louisiana","Cameron Parish",5,36,48,20,28
050,22,023,"Louisiana","Cameron Parish",5,37,53,22,31
050,22,023,"Louisiana","Cameron Parish",5,38,54,27,27
050,22,023,"Louisiana","Cameron Parish",5,39,59,33,26
050,22,023,"Louisiana","Cameron Parish",5,40,55,27,28
050,22,023,"Louisiana","Cameron Parish",5,41,67,31,36
050,22,023,"Louisiana","Cameron Parish",5,42,56,26,30
050,22,023,"Louisiana","Cameron Parish",5,43,71,38,33
050,22,023,"Louisiana","Cameron Parish",5,44,63,36,27
050,22,023,"Louisiana","Cameron Parish",5,45,52,28,24
050,22,023,"Louisiana","Cameron Parish",5,46,42,16,26
050,22,023,"Louisiana","Cameron Parish",5,47,44,25,19
050,22,023,"Louisiana","Cameron Parish",5,48,52,30,22
050,22,023,"Louisiana","Cameron Parish",5,49,50,24,26
050,22,023,"Louisiana","Cameron Parish",5,50,49,17,32
050,22,023,"Louisiana","Cameron Parish",5,51,50,26,24
050,22,023,"Louisiana","Cameron Parish",5,52,58,34,24
050,22,023,"Louisiana","Cameron Parish",5,53,55,31,24
050,22,023,"Louisiana","Cameron Parish",5,54,61,28,33
050,22,023,"Louisiana","Cameron Parish",5,55,52,23,29
050,22,023,"Louisiana","Cameron Parish",5,56,68,33,35
050,22,023,"Louisiana","Cameron Parish",5,57,74,38,36
050,22,023,"Louisiana","Cameron Parish",5,58,74,37,37
050,22,023,"Louisiana","Cameron Parish",5,59,74,38,36
050,22,023,"Louisiana","Cameron Parish",5,60,81,43,38
050,22,023,"Louisiana","Cameron Parish",5,61,64,30,34
050,22,023,"Louisiana","Cameron Parish",5,62,81,42,39
050,22,023,"Louisiana","Cameron Parish",5,63,70,35,35
050,22,023,"Louisiana","Cameron Parish",5,64,77,37,40
050,22,023,"Louisiana","Cameron Parish",5,65,68,32,36
050,22,023,"Louisiana","Cameron Parish",5,66,63,29,34
050,22,023,"Louisiana","Cameron Parish",5,67,71,34,37
050,22,023,"Louisiana","Cameron Parish",5,68,65,36,29
050,22,023,"Louisiana","Cameron Parish",5,69,47,28,19
050,22,023,"Louisiana","Cameron Parish",5,70,48,28,20
050,22,023,"Louisiana","Cameron Parish",5,71,50,26,24
050,22,023,"Louisiana","Cameron Parish",5,72,51,25,26
050,22,023,"Louisiana","Cameron Parish",5,73,45,19,26
050,22,023,"Louisiana","Cameron Parish",5,74,47,23,24
050,22,023,"Louisiana","Cameron Parish",5,75,35,16,19
050,22,023,"Louisiana","Cameron Parish",5,76,50,24,26
050,22,023,"Louisiana","Cameron Parish",5,77,33,17,16
050,22,023,"Louisiana","Cameron Parish",5,78,40,23,17
050,22,023,"Louisiana","Cameron Parish",5,79,28,15,13
050,22,023,"Louisiana","Cameron Parish",5,80,24,17,7
050,22,023,"Louisiana","Cameron Parish",5,81,22,12,10
050,22,023,"Louisiana","Cameron Parish",5,82,26,12,14
050,22,023,"Louisiana","Cameron Parish",5,83,20,5,15
050,22,023,"Louisiana","Cameron Parish",5,84,15,2,13
050,22,023,"Louisiana","Cameron Parish",5,85,118,50,68
050,22,025,"Louisiana","Catahoula Parish",1,0,101,52,49
050,22,025,"Louisiana","Catahoula Parish",1,1,96,52,44
050,22,025,"Louisiana","Catahoula Parish",1,2,102,45,57
050,22,025,"Louisiana","Catahoula Parish",1,3,107,60,47
050,22,025,"Louisiana","Catahoula Parish",1,4,110,50,60
050,22,025,"Louisiana","Catahoula Parish",1,5,99,49,50
050,22,025,"Louisiana","Catahoula Parish",1,6,115,64,51
050,22,025,"Louisiana","Catahoula Parish",1,7,119,57,62
050,22,025,"Louisiana","Catahoula Parish",1,8,104,46,58
050,22,025,"Louisiana","Catahoula Parish",1,9,110,64,46
050,22,025,"Louisiana","Catahoula Parish",1,10,120,68,52
050,22,025,"Louisiana","Catahoula Parish",1,11,115,60,55
050,22,025,"Louisiana","Catahoula Parish",1,12,135,64,71
050,22,025,"Louisiana","Catahoula Parish",1,13,132,59,73
050,22,025,"Louisiana","Catahoula Parish",1,14,104,46,58
050,22,025,"Louisiana","Catahoula Parish",1,15,125,61,64
050,22,025,"Louisiana","Catahoula Parish",1,16,124,66,58
050,22,025,"Louisiana","Catahoula Parish",1,17,108,60,48
050,22,025,"Louisiana","Catahoula Parish",1,18,105,58,47
050,22,025,"Louisiana","Catahoula Parish",1,19,91,59,32
050,22,025,"Louisiana","Catahoula Parish",1,20,91,57,34
050,22,025,"Louisiana","Catahoula Parish",1,21,95,62,33
050,22,025,"Louisiana","Catahoula Parish",1,22,108,65,43
050,22,025,"Louisiana","Catahoula Parish",1,23,88,48,40
050,22,025,"Louisiana","Catahoula Parish",1,24,101,53,48
050,22,025,"Louisiana","Catahoula Parish",1,25,107,63,44
050,22,025,"Louisiana","Catahoula Parish",1,26,108,62,46
050,22,025,"Louisiana","Catahoula Parish",1,27,117,67,50
050,22,025,"Louisiana","Catahoula Parish",1,28,135,77,58
050,22,025,"Louisiana","Catahoula Parish",1,29,133,68,65
050,22,025,"Louisiana","Catahoula Parish",1,30,107,64,43
050,22,025,"Louisiana","Catahoula Parish",1,31,110,62,48
050,22,025,"Louisiana","Catahoula Parish",1,32,90,51,39
050,22,025,"Louisiana","Catahoula Parish",1,33,105,68,37
050,22,025,"Louisiana","Catahoula Parish",1,34,131,80,51
050,22,025,"Louisiana","Catahoula Parish",1,35,122,64,58
050,22,025,"Louisiana","Catahoula Parish",1,36,116,70,46
050,22,025,"Louisiana","Catahoula Parish",1,37,131,72,59
050,22,025,"Louisiana","Catahoula Parish",1,38,124,73,51
050,22,025,"Louisiana","Catahoula Parish",1,39,150,79,71
050,22,025,"Louisiana","Catahoula Parish",1,40,131,73,58
050,22,025,"Louisiana","Catahoula Parish",1,41,117,62,55
050,22,025,"Louisiana","Catahoula Parish",1,42,107,50,57
050,22,025,"Louisiana","Catahoula Parish",1,43,106,63,43
050,22,025,"Louisiana","Catahoula Parish",1,44,92,51,41
050,22,025,"Louisiana","Catahoula Parish",1,45,72,41,31
050,22,025,"Louisiana","Catahoula Parish",1,46,102,51,51
050,22,025,"Louisiana","Catahoula Parish",1,47,106,61,45
050,22,025,"Louisiana","Catahoula Parish",1,48,103,55,48
050,22,025,"Louisiana","Catahoula Parish",1,49,111,62,49
050,22,025,"Louisiana","Catahoula Parish",1,50,120,60,60
050,22,025,"Louisiana","Catahoula Parish",1,51,90,53,37
050,22,025,"Louisiana","Catahoula Parish",1,52,86,55,31
050,22,025,"Louisiana","Catahoula Parish",1,53,87,46,41
050,22,025,"Louisiana","Catahoula Parish",1,54,103,42,61
050,22,025,"Louisiana","Catahoula Parish",1,55,121,53,68
050,22,025,"Louisiana","Catahoula Parish",1,56,140,78,62
050,22,025,"Louisiana","Catahoula Parish",1,57,126,63,63
050,22,025,"Louisiana","Catahoula Parish",1,58,118,66,52
050,22,025,"Louisiana","Catahoula Parish",1,59,138,71,67
050,22,025,"Louisiana","Catahoula Parish",1,60,133,69,64
050,22,025,"Louisiana","Catahoula Parish",1,61,121,63,58
050,22,025,"Louisiana","Catahoula Parish",1,62,148,71,77
050,22,025,"Louisiana","Catahoula Parish",1,63,128,64,64
050,22,025,"Louisiana","Catahoula Parish",1,64,129,65,64
050,22,025,"Louisiana","Catahoula Parish",1,65,137,64,73
050,22,025,"Louisiana","Catahoula Parish",1,66,108,51,57
050,22,025,"Louisiana","Catahoula Parish",1,67,111,57,54
050,22,025,"Louisiana","Catahoula Parish",1,68,117,58,59
050,22,025,"Louisiana","Catahoula Parish",1,69,100,51,49
050,22,025,"Louisiana","Catahoula Parish",1,70,103,53,50
050,22,025,"Louisiana","Catahoula Parish",1,71,79,37,42
050,22,025,"Louisiana","Catahoula Parish",1,72,89,44,45
050,22,025,"Louisiana","Catahoula Parish",1,73,100,50,50
050,22,025,"Louisiana","Catahoula Parish",1,74,60,29,31
050,22,025,"Louisiana","Catahoula Parish",1,75,57,24,33
050,22,025,"Louisiana","Catahoula Parish",1,76,47,22,25
050,22,025,"Louisiana","Catahoula Parish",1,77,58,28,30
050,22,025,"Louisiana","Catahoula Parish",1,78,52,22,30
050,22,025,"Louisiana","Catahoula Parish",1,79,45,20,25
050,22,025,"Louisiana","Catahoula Parish",1,80,45,19,26
050,22,025,"Louisiana","Catahoula Parish",1,81,46,20,26
050,22,025,"Louisiana","Catahoula Parish",1,82,38,18,20
050,22,025,"Louisiana","Catahoula Parish",1,83,28,12,16
050,22,025,"Louisiana","Catahoula Parish",1,84,17,7,10
050,22,025,"Louisiana","Catahoula Parish",1,85,142,52,90
050,22,025,"Louisiana","Catahoula Parish",2,0,92,50,42
050,22,025,"Louisiana","Catahoula Parish",2,1,99,53,46
050,22,025,"Louisiana","Catahoula Parish",2,2,100,47,53
050,22,025,"Louisiana","Catahoula Parish",2,3,102,55,47
050,22,025,"Louisiana","Catahoula Parish",2,4,109,53,56
050,22,025,"Louisiana","Catahoula Parish",2,5,102,50,52
050,22,025,"Louisiana","Catahoula Parish",2,6,111,61,50
050,22,025,"Louisiana","Catahoula Parish",2,7,118,59,59
050,22,025,"Louisiana","Catahoula Parish",2,8,108,49,59
050,22,025,"Louisiana","Catahoula Parish",2,9,110,61,49
050,22,025,"Louisiana","Catahoula Parish",2,10,115,66,49
050,22,025,"Louisiana","Catahoula Parish",2,11,117,63,54
050,22,025,"Louisiana","Catahoula Parish",2,12,131,63,68
050,22,025,"Louisiana","Catahoula Parish",2,13,131,59,72
050,22,025,"Louisiana","Catahoula Parish",2,14,110,49,61
050,22,025,"Louisiana","Catahoula Parish",2,15,118,56,62
050,22,025,"Louisiana","Catahoula Parish",2,16,123,64,59
050,22,025,"Louisiana","Catahoula Parish",2,17,111,60,51
050,22,025,"Louisiana","Catahoula Parish",2,18,101,57,44
050,22,025,"Louisiana","Catahoula Parish",2,19,93,59,34
050,22,025,"Louisiana","Catahoula Parish",2,20,92,58,34
050,22,025,"Louisiana","Catahoula Parish",2,21,96,62,34
050,22,025,"Louisiana","Catahoula Parish",2,22,104,64,40
050,22,025,"Louisiana","Catahoula Parish",2,23,93,53,40
050,22,025,"Louisiana","Catahoula Parish",2,24,100,54,46
050,22,025,"Louisiana","Catahoula Parish",2,25,103,59,44
050,22,025,"Louisiana","Catahoula Parish",2,26,105,61,44
050,22,025,"Louisiana","Catahoula Parish",2,27,116,67,49
050,22,025,"Louisiana","Catahoula Parish",2,28,131,75,56
050,22,025,"Louisiana","Catahoula Parish",2,29,131,68,63
050,22,025,"Louisiana","Catahoula Parish",2,30,112,64,48
050,22,025,"Louisiana","Catahoula Parish",2,31,110,63,47
050,22,025,"Louisiana","Catahoula Parish",2,32,95,53,42
050,22,025,"Louisiana","Catahoula Parish",2,33,100,63,37
050,22,025,"Louisiana","Catahoula Parish",2,34,118,71,47
050,22,025,"Louisiana","Catahoula Parish",2,35,124,67,57
050,22,025,"Louisiana","Catahoula Parish",2,36,118,68,50
050,22,025,"Louisiana","Catahoula Parish",2,37,126,71,55
050,22,025,"Louisiana","Catahoula Parish",2,38,126,73,53
050,22,025,"Louisiana","Catahoula Parish",2,39,140,76,64
050,22,025,"Louisiana","Catahoula Parish",2,40,136,74,62
050,22,025,"Louisiana","Catahoula Parish",2,41,118,63,55
050,22,025,"Louisiana","Catahoula Parish",2,42,108,52,56
050,22,025,"Louisiana","Catahoula Parish",2,43,108,61,47
050,22,025,"Louisiana","Catahoula Parish",2,44,91,52,39
050,22,025,"Louisiana","Catahoula Parish",2,45,76,42,34
050,22,025,"Louisiana","Catahoula Parish",2,46,94,49,45
050,22,025,"Louisiana","Catahoula Parish",2,47,104,58,46
050,22,025,"Louisiana","Catahoula Parish",2,48,102,56,46
050,22,025,"Louisiana","Catahoula Parish",2,49,109,60,49
050,22,025,"Louisiana","Catahoula Parish",2,50,116,59,57
050,22,025,"Louisiana","Catahoula Parish",2,51,98,55,43
050,22,025,"Louisiana","Catahoula Parish",2,52,87,55,32
050,22,025,"Louisiana","Catahoula Parish",2,53,87,49,38
050,22,025,"Louisiana","Catahoula Parish",2,54,97,41,56
050,22,025,"Louisiana","Catahoula Parish",2,55,116,50,66
050,22,025,"Louisiana","Catahoula Parish",2,56,135,72,63
050,22,025,"Louisiana","Catahoula Parish",2,57,129,67,62
050,22,025,"Louisiana","Catahoula Parish",2,58,120,65,55
050,22,025,"Louisiana","Catahoula Parish",2,59,133,69,64
050,22,025,"Louisiana","Catahoula Parish",2,60,133,69,64
050,22,025,"Louisiana","Catahoula Parish",2,61,124,65,59
050,22,025,"Louisiana","Catahoula Parish",2,62,141,69,72
050,22,025,"Louisiana","Catahoula Parish",2,63,132,66,66
050,22,025,"Louisiana","Catahoula Parish",2,64,127,64,63
050,22,025,"Louisiana","Catahoula Parish",2,65,134,63,71
050,22,025,"Louisiana","Catahoula Parish",2,66,116,55,61
050,22,025,"Louisiana","Catahoula Parish",2,67,110,55,55
050,22,025,"Louisiana","Catahoula Parish",2,68,114,57,57
050,22,025,"Louisiana","Catahoula Parish",2,69,103,53,50
050,22,025,"Louisiana","Catahoula Parish",2,70,103,53,50
050,22,025,"Louisiana","Catahoula Parish",2,71,83,42,41
050,22,025,"Louisiana","Catahoula Parish",2,72,84,41,43
050,22,025,"Louisiana","Catahoula Parish",2,73,101,50,51
050,22,025,"Louisiana","Catahoula Parish",2,74,66,32,34
050,22,025,"Louisiana","Catahoula Parish",2,75,57,25,32
050,22,025,"Louisiana","Catahoula Parish",2,76,50,23,27
050,22,025,"Louisiana","Catahoula Parish",2,77,56,28,28
050,22,025,"Louisiana","Catahoula Parish",2,78,51,23,28
050,22,025,"Louisiana","Catahoula Parish",2,79,45,21,24
050,22,025,"Louisiana","Catahoula Parish",2,80,43,18,25
050,22,025,"Louisiana","Catahoula Parish",2,81,43,19,24
050,22,025,"Louisiana","Catahoula Parish",2,82,39,18,21
050,22,025,"Louisiana","Catahoula Parish",2,83,29,13,16
050,22,025,"Louisiana","Catahoula Parish",2,84,19,8,11
050,22,025,"Louisiana","Catahoula Parish",2,85,136,50,86
050,22,025,"Louisiana","Catahoula Parish",3,0,109,52,57
050,22,025,"Louisiana","Catahoula Parish",3,1,86,45,41
050,22,025,"Louisiana","Catahoula Parish",3,2,105,56,49
050,22,025,"Louisiana","Catahoula Parish",3,3,90,48,42
050,22,025,"Louisiana","Catahoula Parish",3,4,107,57,50
050,22,025,"Louisiana","Catahoula Parish",3,5,110,53,57
050,22,025,"Louisiana","Catahoula Parish",3,6,96,47,49
050,22,025,"Louisiana","Catahoula Parish",3,7,105,53,52
050,22,025,"Louisiana","Catahoula Parish",3,8,120,59,61
050,22,025,"Louisiana","Catahoula Parish",3,9,101,44,57
050,22,025,"Louisiana","Catahoula Parish",3,10,107,62,45
050,22,025,"Louisiana","Catahoula Parish",3,11,109,62,47
050,22,025,"Louisiana","Catahoula Parish",3,12,117,61,56
050,22,025,"Louisiana","Catahoula Parish",3,13,129,65,64
050,22,025,"Louisiana","Catahoula Parish",3,14,122,55,67
050,22,025,"Louisiana","Catahoula Parish",3,15,104,42,62
050,22,025,"Louisiana","Catahoula Parish",3,16,116,58,58
050,22,025,"Louisiana","Catahoula Parish",3,17,127,68,59
050,22,025,"Louisiana","Catahoula Parish",3,18,97,58,39
050,22,025,"Louisiana","Catahoula Parish",3,19,95,53,42
050,22,025,"Louisiana","Catahoula Parish",3,20,94,57,37
050,22,025,"Louisiana","Catahoula Parish",3,21,106,72,34
050,22,025,"Louisiana","Catahoula Parish",3,22,92,63,29
050,22,025,"Louisiana","Catahoula Parish",3,23,110,74,36
050,22,025,"Louisiana","Catahoula Parish",3,24,93,56,37
050,22,025,"Louisiana","Catahoula Parish",3,25,100,54,46
050,22,025,"Louisiana","Catahoula Parish",3,26,112,60,52
050,22,025,"Louisiana","Catahoula Parish",3,27,98,58,40
050,22,025,"Louisiana","Catahoula Parish",3,28,119,72,47
050,22,025,"Louisiana","Catahoula Parish",3,29,129,70,59
050,22,025,"Louisiana","Catahoula Parish",3,30,125,62,63
050,22,025,"Louisiana","Catahoula Parish",3,31,117,71,46
050,22,025,"Louisiana","Catahoula Parish",3,32,107,61,46
050,22,025,"Louisiana","Catahoula Parish",3,33,96,56,40
050,22,025,"Louisiana","Catahoula Parish",3,34,97,56,41
050,22,025,"Louisiana","Catahoula Parish",3,35,119,79,40
050,22,025,"Louisiana","Catahoula Parish",3,36,120,63,57
050,22,025,"Louisiana","Catahoula Parish",3,37,113,67,46
050,22,025,"Louisiana","Catahoula Parish",3,38,137,78,59
050,22,025,"Louisiana","Catahoula Parish",3,39,119,69,50
050,22,025,"Louisiana","Catahoula Parish",3,40,152,84,68
050,22,025,"Louisiana","Catahoula Parish",3,41,134,74,60
050,22,025,"Louisiana","Catahoula Parish",3,42,110,59,51
050,22,025,"Louisiana","Catahoula Parish",3,43,112,57,55
050,22,025,"Louisiana","Catahoula Parish",3,44,103,56,47
050,22,025,"Louisiana","Catahoula Parish",3,45,93,51,42
050,22,025,"Louisiana","Catahoula Parish",3,46,72,41,31
050,22,025,"Louisiana","Catahoula Parish",3,47,98,54,44
050,22,025,"Louisiana","Catahoula Parish",3,48,100,53,47
050,22,025,"Louisiana","Catahoula Parish",3,49,101,55,46
050,22,025,"Louisiana","Catahoula Parish",3,50,102,56,46
050,22,025,"Louisiana","Catahoula Parish",3,51,112,54,58
050,22,025,"Louisiana","Catahoula Parish",3,52,87,45,42
050,22,025,"Louisiana","Catahoula Parish",3,53,92,64,28
050,22,025,"Louisiana","Catahoula Parish",3,54,88,47,41
050,22,025,"Louisiana","Catahoula Parish",3,55,91,36,55
050,22,025,"Louisiana","Catahoula Parish",3,56,115,49,66
050,22,025,"Louisiana","Catahoula Parish",3,57,130,69,61
050,22,025,"Louisiana","Catahoula Parish",3,58,126,65,61
050,22,025,"Louisiana","Catahoula Parish",3,59,126,66,60
050,22,025,"Louisiana","Catahoula Parish",3,60,133,69,64
050,22,025,"Louisiana","Catahoula Parish",3,61,130,66,64
050,22,025,"Louisiana","Catahoula Parish",3,62,116,61,55
050,22,025,"Louisiana","Catahoula Parish",3,63,139,67,72
050,22,025,"Louisiana","Catahoula Parish",3,64,128,63,65
050,22,025,"Louisiana","Catahoula Parish",3,65,121,61,60
050,22,025,"Louisiana","Catahoula Parish",3,66,132,64,68
050,22,025,"Louisiana","Catahoula Parish",3,67,111,50,61
050,22,025,"Louisiana","Catahoula Parish",3,68,102,47,55
050,22,025,"Louisiana","Catahoula Parish",3,69,110,53,57
050,22,025,"Louisiana","Catahoula Parish",3,70,99,50,49
050,22,025,"Louisiana","Catahoula Parish",3,71,98,50,48
050,22,025,"Louisiana","Catahoula Parish",3,72,81,41,40
050,22,025,"Louisiana","Catahoula Parish",3,73,77,35,42
050,22,025,"Louisiana","Catahoula Parish",3,74,94,44,50
050,22,025,"Louisiana","Catahoula Parish",3,75,66,33,33
050,22,025,"Louisiana","Catahoula Parish",3,76,51,22,29
050,22,025,"Louisiana","Catahoula Parish",3,77,47,21,26
050,22,025,"Louisiana","Catahoula Parish",3,78,47,25,22
050,22,025,"Louisiana","Catahoula Parish",3,79,50,23,27
050,22,025,"Louisiana","Catahoula Parish",3,80,39,16,23
050,22,025,"Louisiana","Catahoula Parish",3,81,35,15,20
050,22,025,"Louisiana","Catahoula Parish",3,82,42,18,24
050,22,025,"Louisiana","Catahoula Parish",3,83,33,14,19
050,22,025,"Louisiana","Catahoula Parish",3,84,25,11,14
050,22,025,"Louisiana","Catahoula Parish",3,85,116,43,73
050,22,025,"Louisiana","Catahoula Parish",4,0,92,44,48
050,22,025,"Louisiana","Catahoula Parish",4,1,120,60,60
050,22,025,"Louisiana","Catahoula Parish",4,2,91,48,43
050,22,025,"Louisiana","Catahoula Parish",4,3,107,56,51
050,22,025,"Louisiana","Catahoula Parish",4,4,77,37,40
050,22,025,"Louisiana","Catahoula Parish",4,5,115,55,60
050,22,025,"Louisiana","Catahoula Parish",4,6,123,60,63
050,22,025,"Louisiana","Catahoula Parish",4,7,92,46,46
050,22,025,"Louisiana","Catahoula Parish",4,8,101,49,52
050,22,025,"Louisiana","Catahoula Parish",4,9,115,59,56
050,22,025,"Louisiana","Catahoula Parish",4,10,104,45,59
050,22,025,"Louisiana","Catahoula Parish",4,11,106,62,44
050,22,025,"Louisiana","Catahoula Parish",4,12,110,63,47
050,22,025,"Louisiana","Catahoula Parish",4,13,111,60,51
050,22,025,"Louisiana","Catahoula Parish",4,14,121,63,58
050,22,025,"Louisiana","Catahoula Parish",4,15,121,50,71
050,22,025,"Louisiana","Catahoula Parish",4,16,98,40,58
050,22,025,"Louisiana","Catahoula Parish",4,17,107,56,51
050,22,025,"Louisiana","Catahoula Parish",4,18,111,63,48
050,22,025,"Louisiana","Catahoula Parish",4,19,87,54,33
050,22,025,"Louisiana","Catahoula Parish",4,20,101,57,44
050,22,025,"Louisiana","Catahoula Parish",4,21,97,59,38
050,22,025,"Louisiana","Catahoula Parish",4,22,103,64,39
050,22,025,"Louisiana","Catahoula Parish",4,23,101,71,30
050,22,025,"Louisiana","Catahoula Parish",4,24,108,75,33
050,22,025,"Louisiana","Catahoula Parish",4,25,87,56,31
050,22,025,"Louisiana","Catahoula Parish",4,26,102,54,48
050,22,025,"Louisiana","Catahoula Parish",4,27,109,62,47
050,22,025,"Louisiana","Catahoula Parish",4,28,106,70,36
050,22,025,"Louisiana","Catahoula Parish",4,29,108,64,44
050,22,025,"Louisiana","Catahoula Parish",4,30,118,62,56
050,22,025,"Louisiana","Catahoula Parish",4,31,130,67,63
050,22,025,"Louisiana","Catahoula Parish",4,32,117,69,48
050,22,025,"Louisiana","Catahoula Parish",4,33,96,49,47
050,22,025,"Louisiana","Catahoula Parish",4,34,82,44,38
050,22,025,"Louisiana","Catahoula Parish",4,35,92,54,38
050,22,025,"Louisiana","Catahoula Parish",4,36,116,77,39
050,22,025,"Louisiana","Catahoula Parish",4,37,116,59,57
050,22,025,"Louisiana","Catahoula Parish",4,38,118,71,47
050,22,025,"Louisiana","Catahoula Parish",4,39,133,75,58
050,22,025,"Louisiana","Catahoula Parish",4,40,122,71,51
050,22,025,"Louisiana","Catahoula Parish",4,41,146,81,65
050,22,025,"Louisiana","Catahoula Parish",4,42,132,73,59
050,22,025,"Louisiana","Catahoula Parish",4,43,120,68,52
050,22,025,"Louisiana","Catahoula Parish",4,44,105,49,56
050,22,025,"Louisiana","Catahoula Parish",4,45,103,56,47
050,22,025,"Louisiana","Catahoula Parish",4,46,89,47,42
050,22,025,"Louisiana","Catahoula Parish",4,47,75,44,31
050,22,025,"Louisiana","Catahoula Parish",4,48,99,55,44
050,22,025,"Louisiana","Catahoula Parish",4,49,100,55,45
050,22,025,"Louisiana","Catahoula Parish",4,50,96,52,44
050,22,025,"Louisiana","Catahoula Parish",4,51,96,50,46
050,22,025,"Louisiana","Catahoula Parish",4,52,105,49,56
050,22,025,"Louisiana","Catahoula Parish",4,53,95,51,44
050,22,025,"Louisiana","Catahoula Parish",4,54,82,55,27
050,22,025,"Louisiana","Catahoula Parish",4,55,85,44,41
050,22,025,"Louisiana","Catahoula Parish",4,56,93,38,55
050,22,025,"Louisiana","Catahoula Parish",4,57,115,48,67
050,22,025,"Louisiana","Catahoula Parish",4,58,122,66,56
050,22,025,"Louisiana","Catahoula Parish",4,59,130,69,61
050,22,025,"Louisiana","Catahoula Parish",4,60,129,68,61
050,22,025,"Louisiana","Catahoula Parish",4,61,131,64,67
050,22,025,"Louisiana","Catahoula Parish",4,62,129,63,66
050,22,025,"Louisiana","Catahoula Parish",4,63,109,58,51
050,22,025,"Louisiana","Catahoula Parish",4,64,138,69,69
050,22,025,"Louisiana","Catahoula Parish",4,65,128,64,64
050,22,025,"Louisiana","Catahoula Parish",4,66,120,62,58
050,22,025,"Louisiana","Catahoula Parish",4,67,129,60,69
050,22,025,"Louisiana","Catahoula Parish",4,68,110,49,61
050,22,025,"Louisiana","Catahoula Parish",4,69,104,49,55
050,22,025,"Louisiana","Catahoula Parish",4,70,110,54,56
050,22,025,"Louisiana","Catahoula Parish",4,71,96,48,48
050,22,025,"Louisiana","Catahoula Parish",4,72,95,49,46
050,22,025,"Louisiana","Catahoula Parish",4,73,74,38,36
050,22,025,"Louisiana","Catahoula Parish",4,74,74,34,40
050,22,025,"Louisiana","Catahoula Parish",4,75,92,44,48
050,22,025,"Louisiana","Catahoula Parish",4,76,65,33,32
050,22,025,"Louisiana","Catahoula Parish",4,77,50,20,30
050,22,025,"Louisiana","Catahoula Parish",4,78,41,18,23
050,22,025,"Louisiana","Catahoula Parish",4,79,43,24,19
050,22,025,"Louisiana","Catahoula Parish",4,80,44,19,25
050,22,025,"Louisiana","Catahoula Parish",4,81,36,16,20
050,22,025,"Louisiana","Catahoula Parish",4,82,32,13,19
050,22,025,"Louisiana","Catahoula Parish",4,83,35,14,21
050,22,025,"Louisiana","Catahoula Parish",4,84,24,10,14
050,22,025,"Louisiana","Catahoula Parish",4,85,107,38,69
050,22,025,"Louisiana","Catahoula Parish",5,0,75,36,39
050,22,025,"Louisiana","Catahoula Parish",5,1,90,42,48
050,22,025,"Louisiana","Catahoula Parish",5,2,119,60,59
050,22,025,"Louisiana","Catahoula Parish",5,3,88,45,43
050,22,025,"Louisiana","Catahoula Parish",5,4,98,53,45
050,22,025,"Louisiana","Catahoula Parish",5,5,77,34,43
050,22,025,"Louisiana","Catahoula Parish",5,6,116,52,64
050,22,025,"Louisiana","Catahoula Parish",5,7,121,53,68
050,22,025,"Louisiana","Catahoula Parish",5,8,91,45,46
050,22,025,"Louisiana","Catahoula Parish",5,9,87,41,46
050,22,025,"Louisiana","Catahoula Parish",5,10,116,57,59
050,22,025,"Louisiana","Catahoula Parish",5,11,95,41,54
050,22,025,"Louisiana","Catahoula Parish",5,12,100,57,43
050,22,025,"Louisiana","Catahoula Parish",5,13,110,61,49
050,22,025,"Louisiana","Catahoula Parish",5,14,109,57,52
050,22,025,"Louisiana","Catahoula Parish",5,15,121,60,61
050,22,025,"Louisiana","Catahoula Parish",5,16,114,49,65
050,22,025,"Louisiana","Catahoula Parish",5,17,98,42,56
050,22,025,"Louisiana","Catahoula Parish",5,18,93,52,41
050,22,025,"Louisiana","Catahoula Parish",5,19,100,59,41
050,22,025,"Louisiana","Catahoula Parish",5,20,89,55,34
050,22,025,"Louisiana","Catahoula Parish",5,21,97,57,40
050,22,025,"Louisiana","Catahoula Parish",5,22,94,53,41
050,22,025,"Louisiana","Catahoula Parish",5,23,114,71,43
050,22,025,"Louisiana","Catahoula Parish",5,24,105,74,31
050,22,025,"Louisiana","Catahoula Parish",5,25,102,70,32
050,22,025,"Louisiana","Catahoula Parish",5,26,86,55,31
050,22,025,"Louisiana","Catahoula Parish",5,27,99,57,42
050,22,025,"Louisiana","Catahoula Parish",5,28,118,67,51
050,22,025,"Louisiana","Catahoula Parish",5,29,97,63,34
050,22,025,"Louisiana","Catahoula Parish",5,30,103,63,40
050,22,025,"Louisiana","Catahoula Parish",5,31,124,67,57
050,22,025,"Louisiana","Catahoula Parish",5,32,123,63,60
050,22,025,"Louisiana","Catahoula Parish",5,33,112,68,44
050,22,025,"Louisiana","Catahoula Parish",5,34,88,37,51
050,22,025,"Louisiana","Catahoula Parish",5,35,78,42,36
050,22,025,"Louisiana","Catahoula Parish",5,36,88,48,40
050,22,025,"Louisiana","Catahoula Parish",5,37,114,74,40
050,22,025,"Louisiana","Catahoula Parish",5,38,122,65,57
050,22,025,"Louisiana","Catahoula Parish",5,39,116,69,47
050,22,025,"Louisiana","Catahoula Parish",5,40,137,79,58
050,22,025,"Louisiana","Catahoula Parish",5,41,121,70,51
050,22,025,"Louisiana","Catahoula Parish",5,42,140,74,66
050,22,025,"Louisiana","Catahoula Parish",5,43,132,72,60
050,22,025,"Louisiana","Catahoula Parish",5,44,117,65,52
050,22,025,"Louisiana","Catahoula Parish",5,45,93,46,47
050,22,025,"Louisiana","Catahoula Parish",5,46,101,57,44
050,22,025,"Louisiana","Catahoula Parish",5,47,94,50,44
050,22,025,"Louisiana","Catahoula Parish",5,48,69,42,27
050,22,025,"Louisiana","Catahoula Parish",5,49,98,53,45
050,22,025,"Louisiana","Catahoula Parish",5,50,97,52,45
050,22,025,"Louisiana","Catahoula Parish",5,51,94,52,42
050,22,025,"Louisiana","Catahoula Parish",5,52,99,52,47
050,22,025,"Louisiana","Catahoula Parish",5,53,114,56,58
050,22,025,"Louisiana","Catahoula Parish",5,54,91,49,42
050,22,025,"Louisiana","Catahoula Parish",5,55,75,50,25
050,22,025,"Louisiana","Catahoula Parish",5,56,84,45,39
050,22,025,"Louisiana","Catahoula Parish",5,57,92,36,56
050,22,025,"Louisiana","Catahoula Parish",5,58,113,49,64
050,22,025,"Louisiana","Catahoula Parish",5,59,125,69,56
050,22,025,"Louisiana","Catahoula Parish",5,60,124,64,60
050,22,025,"Louisiana","Catahoula Parish",5,61,125,65,60
050,22,025,"Louisiana","Catahoula Parish",5,62,126,61,65
050,22,025,"Louisiana","Catahoula Parish",5,63,125,63,62
050,22,025,"Louisiana","Catahoula Parish",5,64,111,59,52
050,22,025,"Louisiana","Catahoula Parish",5,65,137,67,70
050,22,025,"Louisiana","Catahoula Parish",5,66,123,63,60
050,22,025,"Louisiana","Catahoula Parish",5,67,117,59,58
050,22,025,"Louisiana","Catahoula Parish",5,68,125,58,67
050,22,025,"Louisiana","Catahoula Parish",5,69,106,52,54
050,22,025,"Louisiana","Catahoula Parish",5,70,99,44,55
050,22,025,"Louisiana","Catahoula Parish",5,71,105,51,54
050,22,025,"Louisiana","Catahoula Parish",5,72,94,47,47
050,22,025,"Louisiana","Catahoula Parish",5,73,91,48,43
050,22,025,"Louisiana","Catahoula Parish",5,74,65,32,33
050,22,025,"Louisiana","Catahoula Parish",5,75,72,33,39
050,22,025,"Louisiana","Catahoula Parish",5,76,89,41,48
050,22,025,"Louisiana","Catahoula Parish",5,77,62,31,31
050,22,025,"Louisiana","Catahoula Parish",5,78,42,17,25
050,22,025,"Louisiana","Catahoula Parish",5,79,38,18,20
050,22,025,"Louisiana","Catahoula Parish",5,80,35,17,18
050,22,025,"Louisiana","Catahoula Parish",5,81,41,19,22
050,22,025,"Louisiana","Catahoula Parish",5,82,34,14,20
050,22,025,"Louisiana","Catahoula Parish",5,83,27,11,16
050,22,025,"Louisiana","Catahoula Parish",5,84,29,12,17
050,22,025,"Louisiana","Catahoula Parish",5,85,99,34,65
050,22,027,"Louisiana","Claiborne Parish",1,0,113,58,55
050,22,027,"Louisiana","Claiborne Parish",1,1,114,54,60
050,22,027,"Louisiana","Claiborne Parish",1,2,142,60,82
050,22,027,"Louisiana","Claiborne Parish",1,3,154,71,83
050,22,027,"Louisiana","Claiborne Parish",1,4,169,82,87
050,22,027,"Louisiana","Claiborne Parish",1,5,166,80,86
050,22,027,"Louisiana","Claiborne Parish",1,6,171,80,91
050,22,027,"Louisiana","Claiborne Parish",1,7,149,70,79
050,22,027,"Louisiana","Claiborne Parish",1,8,171,68,103
050,22,027,"Louisiana","Claiborne Parish",1,9,163,72,91
050,22,027,"Louisiana","Claiborne Parish",1,10,160,85,75
050,22,027,"Louisiana","Claiborne Parish",1,11,162,79,83
050,22,027,"Louisiana","Claiborne Parish",1,12,154,87,67
050,22,027,"Louisiana","Claiborne Parish",1,13,163,82,81
050,22,027,"Louisiana","Claiborne Parish",1,14,160,82,78
050,22,027,"Louisiana","Claiborne Parish",1,15,153,91,62
050,22,027,"Louisiana","Claiborne Parish",1,16,143,73,70
050,22,027,"Louisiana","Claiborne Parish",1,17,135,70,65
050,22,027,"Louisiana","Claiborne Parish",1,18,121,69,52
050,22,027,"Louisiana","Claiborne Parish",1,19,136,73,63
050,22,027,"Louisiana","Claiborne Parish",1,20,145,86,59
050,22,027,"Louisiana","Claiborne Parish",1,21,149,85,64
050,22,027,"Louisiana","Claiborne Parish",1,22,172,119,53
050,22,027,"Louisiana","Claiborne Parish",1,23,165,97,68
050,22,027,"Louisiana","Claiborne Parish",1,24,169,101,68
050,22,027,"Louisiana","Claiborne Parish",1,25,182,108,74
050,22,027,"Louisiana","Claiborne Parish",1,26,196,119,77
050,22,027,"Louisiana","Claiborne Parish",1,27,221,152,69
050,22,027,"Louisiana","Claiborne Parish",1,28,224,158,66
050,22,027,"Louisiana","Claiborne Parish",1,29,208,130,78
050,22,027,"Louisiana","Claiborne Parish",1,30,178,115,63
050,22,027,"Louisiana","Claiborne Parish",1,31,223,164,59
050,22,027,"Louisiana","Claiborne Parish",1,32,204,139,65
050,22,027,"Louisiana","Claiborne Parish",1,33,151,92,59
050,22,027,"Louisiana","Claiborne Parish",1,34,165,104,61
050,22,027,"Louisiana","Claiborne Parish",1,35,158,94,64
050,22,027,"Louisiana","Claiborne Parish",1,36,171,100,71
050,22,027,"Louisiana","Claiborne Parish",1,37,190,119,71
050,22,027,"Louisiana","Claiborne Parish",1,38,172,108,64
050,22,027,"Louisiana","Claiborne Parish",1,39,183,106,77
050,22,027,"Louisiana","Claiborne Parish",1,40,175,99,76
050,22,027,"Louisiana","Claiborne Parish",1,41,153,100,53
050,22,027,"Louisiana","Claiborne Parish",1,42,160,100,60
050,22,027,"Louisiana","Claiborne Parish",1,43,177,102,75
050,22,027,"Louisiana","Claiborne Parish",1,44,153,90,63
050,22,027,"Louisiana","Claiborne Parish",1,45,156,89,67
050,22,027,"Louisiana","Claiborne Parish",1,46,151,84,67
050,22,027,"Louisiana","Claiborne Parish",1,47,177,114,63
050,22,027,"Louisiana","Claiborne Parish",1,48,163,88,75
050,22,027,"Louisiana","Claiborne Parish",1,49,189,95,94
050,22,027,"Louisiana","Claiborne Parish",1,50,183,95,88
050,22,027,"Louisiana","Claiborne Parish",1,51,185,96,89
050,22,027,"Louisiana","Claiborne Parish",1,52,181,97,84
050,22,027,"Louisiana","Claiborne Parish",1,53,173,89,84
050,22,027,"Louisiana","Claiborne Parish",1,54,182,106,76
050,22,027,"Louisiana","Claiborne Parish",1,55,185,97,88
050,22,027,"Louisiana","Claiborne Parish",1,56,200,108,92
050,22,027,"Louisiana","Claiborne Parish",1,57,214,108,106
050,22,027,"Louisiana","Claiborne Parish",1,58,197,107,90
050,22,027,"Louisiana","Claiborne Parish",1,59,176,90,86
050,22,027,"Louisiana","Claiborne Parish",1,60,210,115,95
050,22,027,"Louisiana","Claiborne Parish",1,61,192,103,89
050,22,027,"Louisiana","Claiborne Parish",1,62,206,97,109
050,22,027,"Louisiana","Claiborne Parish",1,63,229,113,116
050,22,027,"Louisiana","Claiborne Parish",1,64,212,110,102
050,22,027,"Louisiana","Claiborne Parish",1,65,211,102,109
050,22,027,"Louisiana","Claiborne Parish",1,66,181,91,90
050,22,027,"Louisiana","Claiborne Parish",1,67,179,86,93
050,22,027,"Louisiana","Claiborne Parish",1,68,194,97,97
050,22,027,"Louisiana","Claiborne Parish",1,69,157,78,79
050,22,027,"Louisiana","Claiborne Parish",1,70,146,77,69
050,22,027,"Louisiana","Claiborne Parish",1,71,160,68,92
050,22,027,"Louisiana","Claiborne Parish",1,72,173,76,97
050,22,027,"Louisiana","Claiborne Parish",1,73,172,80,92
050,22,027,"Louisiana","Claiborne Parish",1,74,135,70,65
050,22,027,"Louisiana","Claiborne Parish",1,75,117,60,57
050,22,027,"Louisiana","Claiborne Parish",1,76,115,48,67
050,22,027,"Louisiana","Claiborne Parish",1,77,102,43,59
050,22,027,"Louisiana","Claiborne Parish",1,78,100,46,54
050,22,027,"Louisiana","Claiborne Parish",1,79,78,36,42
050,22,027,"Louisiana","Claiborne Parish",1,80,75,36,39
050,22,027,"Louisiana","Claiborne Parish",1,81,87,31,56
050,22,027,"Louisiana","Claiborne Parish",1,82,74,34,40
050,22,027,"Louisiana","Claiborne Parish",1,83,71,30,41
050,22,027,"Louisiana","Claiborne Parish",1,84,68,27,41
050,22,027,"Louisiana","Claiborne Parish",1,85,369,118,251
050,22,027,"Louisiana","Claiborne Parish",2,0,108,54,54
050,22,027,"Louisiana","Claiborne Parish",2,1,116,56,60
050,22,027,"Louisiana","Claiborne Parish",2,2,135,58,77
050,22,027,"Louisiana","Claiborne Parish",2,3,151,68,83
050,22,027,"Louisiana","Claiborne Parish",2,4,166,79,87
050,22,027,"Louisiana","Claiborne Parish",2,5,167,81,86
050,22,027,"Louisiana","Claiborne Parish",2,6,170,80,90
050,22,027,"Louisiana","Claiborne Parish",2,7,156,74,82
050,22,027,"Louisiana","Claiborne Parish",2,8,167,70,97
050,22,027,"Louisiana","Claiborne Parish",2,9,164,70,94
050,22,027,"Louisiana","Claiborne Parish",2,10,161,82,79
050,22,027,"Louisiana","Claiborne Parish",2,11,160,79,81
050,22,027,"Louisiana","Claiborne Parish",2,12,156,84,72
050,22,027,"Louisiana","Claiborne Parish",2,13,160,81,79
050,22,027,"Louisiana","Claiborne Parish",2,14,159,81,78
050,22,027,"Louisiana","Claiborne Parish",2,15,156,90,66
050,22,027,"Louisiana","Claiborne Parish",2,16,144,77,67
050,22,027,"Louisiana","Claiborne Parish",2,17,134,69,65
050,22,027,"Louisiana","Claiborne Parish",2,18,119,67,52
050,22,027,"Louisiana","Claiborne Parish",2,19,129,72,57
050,22,027,"Louisiana","Claiborne Parish",2,20,150,88,62
050,22,027,"Louisiana","Claiborne Parish",2,21,146,84,62
050,22,027,"Louisiana","Claiborne Parish",2,22,174,118,56
050,22,027,"Louisiana","Claiborne Parish",2,23,164,99,65
050,22,027,"Louisiana","Claiborne Parish",2,24,166,98,68
050,22,027,"Louisiana","Claiborne Parish",2,25,184,111,73
050,22,027,"Louisiana","Claiborne Parish",2,26,192,118,74
050,22,027,"Louisiana","Claiborne Parish",2,27,218,148,70
050,22,027,"Louisiana","Claiborne Parish",2,28,222,155,67
050,22,027,"Louisiana","Claiborne Parish",2,29,205,131,74
050,22,027,"Louisiana","Claiborne Parish",2,30,185,119,66
050,22,027,"Louisiana","Claiborne Parish",2,31,220,160,60
050,22,027,"Louisiana","Claiborne Parish",2,32,205,143,62
050,22,027,"Louisiana","Claiborne Parish",2,33,152,91,61
050,22,027,"Louisiana","Claiborne Parish",2,34,170,107,63
050,22,027,"Louisiana","Claiborne Parish",2,35,155,92,63
050,22,027,"Louisiana","Claiborne Parish",2,36,164,96,68
050,22,027,"Louisiana","Claiborne Parish",2,37,190,120,70
050,22,027,"Louisiana","Claiborne Parish",2,38,174,108,66
050,22,027,"Louisiana","Claiborne Parish",2,39,178,105,73
050,22,027,"Louisiana","Claiborne Parish",2,40,180,102,78
050,22,027,"Louisiana","Claiborne Parish",2,41,158,99,59
050,22,027,"Louisiana","Claiborne Parish",2,42,153,96,57
050,22,027,"Louisiana","Claiborne Parish",2,43,173,102,71
050,22,027,"Louisiana","Claiborne Parish",2,44,154,90,64
050,22,027,"Louisiana","Claiborne Parish",2,45,155,89,66
050,22,027,"Louisiana","Claiborne Parish",2,46,151,83,68
050,22,027,"Louisiana","Claiborne Parish",2,47,177,113,64
050,22,027,"Louisiana","Claiborne Parish",2,48,163,89,74
050,22,027,"Louisiana","Claiborne Parish",2,49,185,95,90
050,22,027,"Louisiana","Claiborne Parish",2,50,184,97,87
050,22,027,"Louisiana","Claiborne Parish",2,51,179,92,87
050,22,027,"Louisiana","Claiborne Parish",2,52,182,97,85
050,22,027,"Louisiana","Claiborne Parish",2,53,171,86,85
050,22,027,"Louisiana","Claiborne Parish",2,54,184,105,79
050,22,027,"Louisiana","Claiborne Parish",2,55,181,96,85
050,22,027,"Louisiana","Claiborne Parish",2,56,200,108,92
050,22,027,"Louisiana","Claiborne Parish",2,57,206,106,100
050,22,027,"Louisiana","Claiborne Parish",2,58,200,107,93
050,22,027,"Louisiana","Claiborne Parish",2,59,179,93,86
050,22,027,"Louisiana","Claiborne Parish",2,60,201,110,91
050,22,027,"Louisiana","Claiborne Parish",2,61,196,104,92
050,22,027,"Louisiana","Claiborne Parish",2,62,200,96,104
050,22,027,"Louisiana","Claiborne Parish",2,63,225,111,114
050,22,027,"Louisiana","Claiborne Parish",2,64,212,109,103
050,22,027,"Louisiana","Claiborne Parish",2,65,212,106,106
050,22,027,"Louisiana","Claiborne Parish",2,66,184,92,92
050,22,027,"Louisiana","Claiborne Parish",2,67,179,85,94
050,22,027,"Louisiana","Claiborne Parish",2,68,187,93,94
050,22,027,"Louisiana","Claiborne Parish",2,69,168,83,85
050,22,027,"Louisiana","Claiborne Parish",2,70,146,76,70
050,22,027,"Louisiana","Claiborne Parish",2,71,154,68,86
050,22,027,"Louisiana","Claiborne Parish",2,72,166,71,95
050,22,027,"Louisiana","Claiborne Parish",2,73,176,83,93
050,22,027,"Louisiana","Claiborne Parish",2,74,133,65,68
050,22,027,"Louisiana","Claiborne Parish",2,75,122,63,59
050,22,027,"Louisiana","Claiborne Parish",2,76,112,49,63
050,22,027,"Louisiana","Claiborne Parish",2,77,109,45,64
050,22,027,"Louisiana","Claiborne Parish",2,78,99,45,54
050,22,027,"Louisiana","Claiborne Parish",2,79,82,37,45
050,22,027,"Louisiana","Claiborne Parish",2,80,75,35,40
050,22,027,"Louisiana","Claiborne Parish",2,81,80,31,49
050,22,027,"Louisiana","Claiborne Parish",2,82,76,32,44
050,22,027,"Louisiana","Claiborne Parish",2,83,69,29,40
050,22,027,"Louisiana","Claiborne Parish",2,84,64,26,38
050,22,027,"Louisiana","Claiborne Parish",2,85,369,119,250
050,22,027,"Louisiana","Claiborne Parish",3,0,143,70,73
050,22,027,"Louisiana","Claiborne Parish",3,1,113,55,58
050,22,027,"Louisiana","Claiborne Parish",3,2,121,59,62
050,22,027,"Louisiana","Claiborne Parish",3,3,128,54,74
050,22,027,"Louisiana","Claiborne Parish",3,4,147,69,78
050,22,027,"Louisiana","Claiborne Parish",3,5,159,82,77
050,22,027,"Louisiana","Claiborne Parish",3,6,165,79,86
050,22,027,"Louisiana","Claiborne Parish",3,7,160,78,82
050,22,027,"Louisiana","Claiborne Parish",3,8,156,71,85
050,22,027,"Louisiana","Claiborne Parish",3,9,163,70,93
050,22,027,"Louisiana","Claiborne Parish",3,10,164,68,96
050,22,027,"Louisiana","Claiborne Parish",3,11,153,76,77
050,22,027,"Louisiana","Claiborne Parish",3,12,163,83,80
050,22,027,"Louisiana","Claiborne Parish",3,13,156,83,73
050,22,027,"Louisiana","Claiborne Parish",3,14,159,85,74
050,22,027,"Louisiana","Claiborne Parish",3,15,168,87,81
050,22,027,"Louisiana","Claiborne Parish",3,16,160,89,71
050,22,027,"Louisiana","Claiborne Parish",3,17,144,75,69
050,22,027,"Louisiana","Claiborne Parish",3,18,121,66,55
050,22,027,"Louisiana","Claiborne Parish",3,19,113,67,46
050,22,027,"Louisiana","Claiborne Parish",3,20,154,94,60
050,22,027,"Louisiana","Claiborne Parish",3,21,141,77,64
050,22,027,"Louisiana","Claiborne Parish",3,22,191,125,66
050,22,027,"Louisiana","Claiborne Parish",3,23,165,114,51
050,22,027,"Louisiana","Claiborne Parish",3,24,157,99,58
050,22,027,"Louisiana","Claiborne Parish",3,25,186,115,71
050,22,027,"Louisiana","Claiborne Parish",3,26,183,115,68
050,22,027,"Louisiana","Claiborne Parish",3,27,209,132,77
050,22,027,"Louisiana","Claiborne Parish",3,28,216,146,70
050,22,027,"Louisiana","Claiborne Parish",3,29,199,136,63
050,22,027,"Louisiana","Claiborne Parish",3,30,197,122,75
050,22,027,"Louisiana","Claiborne Parish",3,31,218,152,66
050,22,027,"Louisiana","Claiborne Parish",3,32,210,150,60
050,22,027,"Louisiana","Claiborne Parish",3,33,175,103,72
050,22,027,"Louisiana","Claiborne Parish",3,34,169,116,53
050,22,027,"Louisiana","Claiborne Parish",3,35,146,87,59
050,22,027,"Louisiana","Claiborne Parish",3,36,141,81,60
050,22,027,"Louisiana","Claiborne Parish",3,37,186,122,64
050,22,027,"Louisiana","Claiborne Parish",3,38,186,114,72
050,22,027,"Louisiana","Claiborne Parish",3,39,173,107,66
050,22,027,"Louisiana","Claiborne Parish",3,40,182,114,68
050,22,027,"Louisiana","Claiborne Parish",3,41,194,114,80
050,22,027,"Louisiana","Claiborne Parish",3,42,154,92,62
050,22,027,"Louisiana","Claiborne Parish",3,43,151,90,61
050,22,027,"Louisiana","Claiborne Parish",3,44,168,100,68
050,22,027,"Louisiana","Claiborne Parish",3,45,155,92,63
050,22,027,"Louisiana","Claiborne Parish",3,46,144,78,66
050,22,027,"Louisiana","Claiborne Parish",3,47,180,115,65
050,22,027,"Louisiana","Claiborne Parish",3,48,153,88,65
050,22,027,"Louisiana","Claiborne Parish",3,49,164,95,69
050,22,027,"Louisiana","Claiborne Parish",3,50,190,100,90
050,22,027,"Louisiana","Claiborne Parish",3,51,176,92,84
050,22,027,"Louisiana","Claiborne Parish",3,52,168,84,84
050,22,027,"Louisiana","Claiborne Parish",3,53,164,89,75
050,22,027,"Louisiana","Claiborne Parish",3,54,191,106,85
050,22,027,"Louisiana","Claiborne Parish",3,55,176,91,85
050,22,027,"Louisiana","Claiborne Parish",3,56,194,107,87
050,22,027,"Louisiana","Claiborne Parish",3,57,186,96,90
050,22,027,"Louisiana","Claiborne Parish",3,58,207,103,104
050,22,027,"Louisiana","Claiborne Parish",3,59,187,97,90
050,22,027,"Louisiana","Claiborne Parish",3,60,183,98,85
050,22,027,"Louisiana","Claiborne Parish",3,61,199,110,89
050,22,027,"Louisiana","Claiborne Parish",3,62,194,97,97
050,22,027,"Louisiana","Claiborne Parish",3,63,202,98,104
050,22,027,"Louisiana","Claiborne Parish",3,64,219,108,111
050,22,027,"Louisiana","Claiborne Parish",3,65,225,121,104
050,22,027,"Louisiana","Claiborne Parish",3,66,206,99,107
050,22,027,"Louisiana","Claiborne Parish",3,67,177,90,87
050,22,027,"Louisiana","Claiborne Parish",3,68,171,81,90
050,22,027,"Louisiana","Claiborne Parish",3,69,180,89,91
050,22,027,"Louisiana","Claiborne Parish",3,70,164,81,83
050,22,027,"Louisiana","Claiborne Parish",3,71,144,74,70
050,22,027,"Louisiana","Claiborne Parish",3,72,144,64,80
050,22,027,"Louisiana","Claiborne Parish",3,73,156,68,88
050,22,027,"Louisiana","Claiborne Parish",3,74,176,84,92
050,22,027,"Louisiana","Claiborne Parish",3,75,124,61,63
050,22,027,"Louisiana","Claiborne Parish",3,76,112,54,58
050,22,027,"Louisiana","Claiborne Parish",3,77,108,46,62
050,22,027,"Louisiana","Claiborne Parish",3,78,105,46,59
050,22,027,"Louisiana","Claiborne Parish",3,79,94,42,52
050,22,027,"Louisiana","Claiborne Parish",3,80,75,30,45
050,22,027,"Louisiana","Claiborne Parish",3,81,72,34,38
050,22,027,"Louisiana","Claiborne Parish",3,82,72,27,45
050,22,027,"Louisiana","Claiborne Parish",3,83,69,25,44
050,22,027,"Louisiana","Claiborne Parish",3,84,67,30,37
050,22,027,"Louisiana","Claiborne Parish",3,85,363,120,243
050,22,027,"Louisiana","Claiborne Parish",4,0,139,75,64
050,22,027,"Louisiana","Claiborne Parish",4,1,126,52,74
050,22,027,"Louisiana","Claiborne Parish",4,2,113,52,61
050,22,027,"Louisiana","Claiborne Parish",4,3,131,63,68
050,22,027,"Louisiana","Claiborne Parish",4,4,129,57,72
050,22,027,"Louisiana","Claiborne Parish",4,5,150,70,80
050,22,027,"Louisiana","Claiborne Parish",4,6,158,78,80
050,22,027,"Louisiana","Claiborne Parish",4,7,166,79,87
050,22,027,"Louisiana","Claiborne Parish",4,8,159,79,80
050,22,027,"Louisiana","Claiborne Parish",4,9,152,63,89
050,22,027,"Louisiana","Claiborne Parish",4,10,161,66,95
050,22,027,"Louisiana","Claiborne Parish",4,11,168,69,99
050,22,027,"Louisiana","Claiborne Parish",4,12,154,78,76
050,22,027,"Louisiana","Claiborne Parish",4,13,172,86,86
050,22,027,"Louisiana","Claiborne Parish",4,14,154,83,71
050,22,027,"Louisiana","Claiborne Parish",4,15,154,79,75
050,22,027,"Louisiana","Claiborne Parish",4,16,166,84,82
050,22,027,"Louisiana","Claiborne Parish",4,17,155,86,69
050,22,027,"Louisiana","Claiborne Parish",4,18,121,66,55
050,22,027,"Louisiana","Claiborne Parish",4,19,108,62,46
050,22,027,"Louisiana","Claiborne Parish",4,20,126,83,43
050,22,027,"Louisiana","Claiborne Parish",4,21,143,81,62
050,22,027,"Louisiana","Claiborne Parish",4,22,173,110,63
050,22,027,"Louisiana","Claiborne Parish",4,23,170,106,64
050,22,027,"Louisiana","Claiborne Parish",4,24,158,105,53
050,22,027,"Louisiana","Claiborne Parish",4,25,168,109,59
050,22,027,"Louisiana","Claiborne Parish",4,26,185,120,65
050,22,027,"Louisiana","Claiborne Parish",4,27,207,136,71
050,22,027,"Louisiana","Claiborne Parish",4,28,205,126,79
050,22,027,"Louisiana","Claiborne Parish",4,29,184,114,70
050,22,027,"Louisiana","Claiborne Parish",4,30,175,116,59
050,22,027,"Louisiana","Claiborne Parish",4,31,227,151,76
050,22,027,"Louisiana","Claiborne Parish",4,32,200,134,66
050,22,027,"Louisiana","Claiborne Parish",4,33,160,103,57
050,22,027,"Louisiana","Claiborne Parish",4,34,199,126,73
050,22,027,"Louisiana","Claiborne Parish",4,35,144,93,51
050,22,027,"Louisiana","Claiborne Parish",4,36,150,84,66
050,22,027,"Louisiana","Claiborne Parish",4,37,170,112,58
050,22,027,"Louisiana","Claiborne Parish",4,38,174,106,68
050,22,027,"Louisiana","Claiborne Parish",4,39,187,114,73
050,22,027,"Louisiana","Claiborne Parish",4,40,175,112,63
050,22,027,"Louisiana","Claiborne Parish",4,41,177,109,68
050,22,027,"Louisiana","Claiborne Parish",4,42,183,104,79
050,22,027,"Louisiana","Claiborne Parish",4,43,145,83,62
050,22,027,"Louisiana","Claiborne Parish",4,44,148,87,61
050,22,027,"Louisiana","Claiborne Parish",4,45,168,98,70
050,22,027,"Louisiana","Claiborne Parish",4,46,152,86,66
050,22,027,"Louisiana","Claiborne Parish",4,47,171,104,67
050,22,027,"Louisiana","Claiborne Parish",4,48,158,91,67
050,22,027,"Louisiana","Claiborne Parish",4,49,155,92,63
050,22,027,"Louisiana","Claiborne Parish",4,50,168,98,70
050,22,027,"Louisiana","Claiborne Parish",4,51,177,87,90
050,22,027,"Louisiana","Claiborne Parish",4,52,168,85,83
050,22,027,"Louisiana","Claiborne Parish",4,53,146,64,82
050,22,027,"Louisiana","Claiborne Parish",4,54,177,104,73
050,22,027,"Louisiana","Claiborne Parish",4,55,174,89,85
050,22,027,"Louisiana","Claiborne Parish",4,56,190,103,87
050,22,027,"Louisiana","Claiborne Parish",4,57,179,99,80
050,22,027,"Louisiana","Claiborne Parish",4,58,181,89,92
050,22,027,"Louisiana","Claiborne Parish",4,59,192,93,99
050,22,027,"Louisiana","Claiborne Parish",4,60,186,98,88
050,22,027,"Louisiana","Claiborne Parish",4,61,177,93,84
050,22,027,"Louisiana","Claiborne Parish",4,62,204,113,91
050,22,027,"Louisiana","Claiborne Parish",4,63,196,98,98
050,22,027,"Louisiana","Claiborne Parish",4,64,190,90,100
050,22,027,"Louisiana","Claiborne Parish",4,65,228,118,110
050,22,027,"Louisiana","Claiborne Parish",4,66,218,116,102
050,22,027,"Louisiana","Claiborne Parish",4,67,204,96,108
050,22,027,"Louisiana","Claiborne Parish",4,68,173,89,84
050,22,027,"Louisiana","Claiborne Parish",4,69,168,79,89
050,22,027,"Louisiana","Claiborne Parish",4,70,170,84,86
050,22,027,"Louisiana","Claiborne Parish",4,71,163,79,84
050,22,027,"Louisiana","Claiborne Parish",4,72,138,70,68
050,22,027,"Louisiana","Claiborne Parish",4,73,134,61,73
050,22,027,"Louisiana","Claiborne Parish",4,74,155,70,85
050,22,027,"Louisiana","Claiborne Parish",4,75,166,77,89
050,22,027,"Louisiana","Claiborne Parish",4,76,116,53,63
050,22,027,"Louisiana","Claiborne Parish",4,77,108,50,58
050,22,027,"Louisiana","Claiborne Parish",4,78,101,47,54
050,22,027,"Louisiana","Claiborne Parish",4,79,97,40,57
050,22,027,"Louisiana","Claiborne Parish",4,80,90,37,53
050,22,027,"Louisiana","Claiborne Parish",4,81,74,30,44
050,22,027,"Louisiana","Claiborne Parish",4,82,67,29,38
050,22,027,"Louisiana","Claiborne Parish",4,83,62,20,42
050,22,027,"Louisiana","Claiborne Parish",4,84,65,26,39
050,22,027,"Louisiana","Claiborne Parish",4,85,374,125,249
050,22,027,"Louisiana","Claiborne Parish",5,0,139,74,65
050,22,027,"Louisiana","Claiborne Parish",5,1,128,69,59
050,22,027,"Louisiana","Claiborne Parish",5,2,127,50,77
050,22,027,"Louisiana","Claiborne Parish",5,3,116,53,63
050,22,027,"Louisiana","Claiborne Parish",5,4,132,63,69
050,22,027,"Louisiana","Claiborne Parish",5,5,129,60,69
050,22,027,"Louisiana","Claiborne Parish",5,6,142,66,76
050,22,027,"Louisiana","Claiborne Parish",5,7,148,70,78
050,22,027,"Louisiana","Claiborne Parish",5,8,164,78,86
050,22,027,"Louisiana","Claiborne Parish",5,9,155,78,77
050,22,027,"Louisiana","Claiborne Parish",5,10,148,61,87
050,22,027,"Louisiana","Claiborne Parish",5,11,161,64,97
050,22,027,"Louisiana","Claiborne Parish",5,12,166,68,98
050,22,027,"Louisiana","Claiborne Parish",5,13,151,76,75
050,22,027,"Louisiana","Claiborne Parish",5,14,162,83,79
050,22,027,"Louisiana","Claiborne Parish",5,15,150,84,66
050,22,027,"Louisiana","Claiborne Parish",5,16,150,77,73
050,22,027,"Louisiana","Claiborne Parish",5,17,168,86,82
050,22,027,"Louisiana","Claiborne Parish",5,18,131,75,56
050,22,027,"Louisiana","Claiborne Parish",5,19,113,65,48
050,22,027,"Louisiana","Claiborne Parish",5,20,127,77,50
050,22,027,"Louisiana","Claiborne Parish",5,21,121,77,44
050,22,027,"Louisiana","Claiborne Parish",5,22,176,116,60
050,22,027,"Louisiana","Claiborne Parish",5,23,153,94,59
050,22,027,"Louisiana","Claiborne Parish",5,24,161,97,64
050,22,027,"Louisiana","Claiborne Parish",5,25,175,118,57
050,22,027,"Louisiana","Claiborne Parish",5,26,175,113,62
050,22,027,"Louisiana","Claiborne Parish",5,27,195,131,64
050,22,027,"Louisiana","Claiborne Parish",5,28,204,127,77
050,22,027,"Louisiana","Claiborne Parish",5,29,181,103,78
050,22,027,"Louisiana","Claiborne Parish",5,30,166,101,65
050,22,027,"Louisiana","Claiborne Parish",5,31,209,153,56
050,22,027,"Louisiana","Claiborne Parish",5,32,208,143,65
050,22,027,"Louisiana","Claiborne Parish",5,33,151,90,61
050,22,027,"Louisiana","Claiborne Parish",5,34,184,126,58
050,22,027,"Louisiana","Claiborne Parish",5,35,175,107,68
050,22,027,"Louisiana","Claiborne Parish",5,36,137,81,56
050,22,027,"Louisiana","Claiborne Parish",5,37,173,110,63
050,22,027,"Louisiana","Claiborne Parish",5,38,163,106,57
050,22,027,"Louisiana","Claiborne Parish",5,39,177,106,71
050,22,027,"Louisiana","Claiborne Parish",5,40,185,116,69
050,22,027,"Louisiana","Claiborne Parish",5,41,170,114,56
050,22,027,"Louisiana","Claiborne Parish",5,42,161,95,66
050,22,027,"Louisiana","Claiborne Parish",5,43,183,102,81
050,22,027,"Louisiana","Claiborne Parish",5,44,147,82,65
050,22,027,"Louisiana","Claiborne Parish",5,45,150,85,65
050,22,027,"Louisiana","Claiborne Parish",5,46,151,89,62
050,22,027,"Louisiana","Claiborne Parish",5,47,177,111,66
050,22,027,"Louisiana","Claiborne Parish",5,48,145,81,64
050,22,027,"Louisiana","Claiborne Parish",5,49,168,99,69
050,22,027,"Louisiana","Claiborne Parish",5,50,162,98,64
050,22,027,"Louisiana","Claiborne Parish",5,51,159,87,72
050,22,027,"Louisiana","Claiborne Parish",5,52,179,86,93
050,22,027,"Louisiana","Claiborne Parish",5,53,148,72,76
050,22,027,"Louisiana","Claiborne Parish",5,54,167,86,81
050,22,027,"Louisiana","Claiborne Parish",5,55,165,90,75
050,22,027,"Louisiana","Claiborne Parish",5,56,183,98,85
050,22,027,"Louisiana","Claiborne Parish",5,57,174,94,80
050,22,027,"Louisiana","Claiborne Parish",5,58,175,93,82
050,22,027,"Louisiana","Claiborne Parish",5,59,169,77,92
050,22,027,"Louisiana","Claiborne Parish",5,60,187,95,92
050,22,027,"Louisiana","Claiborne Parish",5,61,182,95,87
050,22,027,"Louisiana","Claiborne Parish",5,62,170,84,86
050,22,027,"Louisiana","Claiborne Parish",5,63,202,109,93
050,22,027,"Louisiana","Claiborne Parish",5,64,188,96,92
050,22,027,"Louisiana","Claiborne Parish",5,65,194,93,101
050,22,027,"Louisiana","Claiborne Parish",5,66,220,112,108
050,22,027,"Louisiana","Claiborne Parish",5,67,214,114,100
050,22,027,"Louisiana","Claiborne Parish",5,68,199,94,105
050,22,027,"Louisiana","Claiborne Parish",5,69,166,82,84
050,22,027,"Louisiana","Claiborne Parish",5,70,159,75,84
050,22,027,"Louisiana","Claiborne Parish",5,71,168,82,86
050,22,027,"Louisiana","Claiborne Parish",5,72,160,75,85
050,22,027,"Louisiana","Claiborne Parish",5,73,133,67,66
050,22,027,"Louisiana","Claiborne Parish",5,74,131,62,69
050,22,027,"Louisiana","Claiborne Parish",5,75,148,64,84
050,22,027,"Louisiana","Claiborne Parish",5,76,160,72,88
050,22,027,"Louisiana","Claiborne Parish",5,77,113,50,63
050,22,027,"Louisiana","Claiborne Parish",5,78,109,53,56
050,22,027,"Louisiana","Claiborne Parish",5,79,92,39,53
050,22,027,"Louisiana","Claiborne Parish",5,80,99,37,62
050,22,027,"Louisiana","Claiborne Parish",5,81,88,38,50
050,22,027,"Louisiana","Claiborne Parish",5,82,71,26,45
050,22,027,"Louisiana","Claiborne Parish",5,83,57,23,34
050,22,027,"Louisiana","Claiborne Parish",5,84,60,22,38
050,22,027,"Louisiana","Claiborne Parish",5,85,391,131,260
050,22,029,"Louisiana","Concordia Parish",1,0,244,124,120
050,22,029,"Louisiana","Concordia Parish",1,1,229,119,110
050,22,029,"Louisiana","Concordia Parish",1,2,247,130,117
050,22,029,"Louisiana","Concordia Parish",1,3,270,138,132
050,22,029,"Louisiana","Concordia Parish",1,4,244,127,117
050,22,029,"Louisiana","Concordia Parish",1,5,241,131,110
050,22,029,"Louisiana","Concordia Parish",1,6,237,120,117
050,22,029,"Louisiana","Concordia Parish",1,7,241,129,112
050,22,029,"Louisiana","Concordia Parish",1,8,266,133,133
050,22,029,"Louisiana","Concordia Parish",1,9,246,130,116
050,22,029,"Louisiana","Concordia Parish",1,10,274,152,122
050,22,029,"Louisiana","Concordia Parish",1,11,270,140,130
050,22,029,"Louisiana","Concordia Parish",1,12,289,138,151
050,22,029,"Louisiana","Concordia Parish",1,13,259,130,129
050,22,029,"Louisiana","Concordia Parish",1,14,271,137,134
050,22,029,"Louisiana","Concordia Parish",1,15,256,123,133
050,22,029,"Louisiana","Concordia Parish",1,16,250,137,113
050,22,029,"Louisiana","Concordia Parish",1,17,263,138,125
050,22,029,"Louisiana","Concordia Parish",1,18,225,126,99
050,22,029,"Louisiana","Concordia Parish",1,19,187,108,79
050,22,029,"Louisiana","Concordia Parish",1,20,220,126,94
050,22,029,"Louisiana","Concordia Parish",1,21,238,131,107
050,22,029,"Louisiana","Concordia Parish",1,22,220,120,100
050,22,029,"Louisiana","Concordia Parish",1,23,231,129,102
050,22,029,"Louisiana","Concordia Parish",1,24,248,131,117
050,22,029,"Louisiana","Concordia Parish",1,25,236,128,108
050,22,029,"Louisiana","Concordia Parish",1,26,226,131,95
050,22,029,"Louisiana","Concordia Parish",1,27,229,137,92
050,22,029,"Louisiana","Concordia Parish",1,28,254,143,111
050,22,029,"Louisiana","Concordia Parish",1,29,258,141,117
050,22,029,"Louisiana","Concordia Parish",1,30,228,121,107
050,22,029,"Louisiana","Concordia Parish",1,31,235,140,95
050,22,029,"Louisiana","Concordia Parish",1,32,222,125,97
050,22,029,"Louisiana","Concordia Parish",1,33,213,106,107
050,22,029,"Louisiana","Concordia Parish",1,34,239,126,113
050,22,029,"Louisiana","Concordia Parish",1,35,214,102,112
050,22,029,"Louisiana","Concordia Parish",1,36,218,101,117
050,22,029,"Louisiana","Concordia Parish",1,37,207,112,95
050,22,029,"Louisiana","Concordia Parish",1,38,211,104,107
050,22,029,"Louisiana","Concordia Parish",1,39,224,103,121
050,22,029,"Louisiana","Concordia Parish",1,40,245,127,118
050,22,029,"Louisiana","Concordia Parish",1,41,228,108,120
050,22,029,"Louisiana","Concordia Parish",1,42,219,111,108
050,22,029,"Louisiana","Concordia Parish",1,43,198,98,100
050,22,029,"Louisiana","Concordia Parish",1,44,190,95,95
050,22,029,"Louisiana","Concordia Parish",1,45,190,99,91
050,22,029,"Louisiana","Concordia Parish",1,46,175,98,77
050,22,029,"Louisiana","Concordia Parish",1,47,183,94,89
050,22,029,"Louisiana","Concordia Parish",1,48,196,93,103
050,22,029,"Louisiana","Concordia Parish",1,49,246,117,129
050,22,029,"Louisiana","Concordia Parish",1,50,227,115,112
050,22,029,"Louisiana","Concordia Parish",1,51,215,104,111
050,22,029,"Louisiana","Concordia Parish",1,52,197,86,111
050,22,029,"Louisiana","Concordia Parish",1,53,199,90,109
050,22,029,"Louisiana","Concordia Parish",1,54,193,90,103
050,22,029,"Louisiana","Concordia Parish",1,55,218,104,114
050,22,029,"Louisiana","Concordia Parish",1,56,216,100,116
050,22,029,"Louisiana","Concordia Parish",1,57,271,127,144
050,22,029,"Louisiana","Concordia Parish",1,58,258,112,146
050,22,029,"Louisiana","Concordia Parish",1,59,259,104,155
050,22,029,"Louisiana","Concordia Parish",1,60,257,114,143
050,22,029,"Louisiana","Concordia Parish",1,61,263,132,131
050,22,029,"Louisiana","Concordia Parish",1,62,237,109,128
050,22,029,"Louisiana","Concordia Parish",1,63,253,119,134
050,22,029,"Louisiana","Concordia Parish",1,64,282,144,138
050,22,029,"Louisiana","Concordia Parish",1,65,298,145,153
050,22,029,"Louisiana","Concordia Parish",1,66,254,113,141
050,22,029,"Louisiana","Concordia Parish",1,67,228,96,132
050,22,029,"Louisiana","Concordia Parish",1,68,207,85,122
050,22,029,"Louisiana","Concordia Parish",1,69,212,88,124
050,22,029,"Louisiana","Concordia Parish",1,70,211,101,110
050,22,029,"Louisiana","Concordia Parish",1,71,195,95,100
050,22,029,"Louisiana","Concordia Parish",1,72,192,86,106
050,22,029,"Louisiana","Concordia Parish",1,73,190,87,103
050,22,029,"Louisiana","Concordia Parish",1,74,135,63,72
050,22,029,"Louisiana","Concordia Parish",1,75,125,53,72
050,22,029,"Louisiana","Concordia Parish",1,76,134,57,77
050,22,029,"Louisiana","Concordia Parish",1,77,128,65,63
050,22,029,"Louisiana","Concordia Parish",1,78,111,53,58
050,22,029,"Louisiana","Concordia Parish",1,79,92,40,52
050,22,029,"Louisiana","Concordia Parish",1,80,99,37,62
050,22,029,"Louisiana","Concordia Parish",1,81,86,33,53
050,22,029,"Louisiana","Concordia Parish",1,82,73,31,42
050,22,029,"Louisiana","Concordia Parish",1,83,76,32,44
050,22,029,"Louisiana","Concordia Parish",1,84,65,29,36
050,22,029,"Louisiana","Concordia Parish",1,85,374,131,243
050,22,029,"Louisiana","Concordia Parish",2,0,229,121,108
050,22,029,"Louisiana","Concordia Parish",2,1,227,117,110
050,22,029,"Louisiana","Concordia Parish",2,2,243,127,116
050,22,029,"Louisiana","Concordia Parish",2,3,264,136,128
050,22,029,"Louisiana","Concordia Parish",2,4,248,130,118
050,22,029,"Louisiana","Concordia Parish",2,5,243,130,113
050,22,029,"Louisiana","Concordia Parish",2,6,239,123,116
050,22,029,"Louisiana","Concordia Parish",2,7,238,124,114
050,22,029,"Louisiana","Concordia Parish",2,8,256,129,127
050,22,029,"Louisiana","Concordia Parish",2,9,248,129,119
050,22,029,"Louisiana","Concordia Parish",2,10,267,146,121
050,22,029,"Louisiana","Concordia Parish",2,11,267,140,127
050,22,029,"Louisiana","Concordia Parish",2,12,283,138,145
050,22,029,"Louisiana","Concordia Parish",2,13,261,131,130
050,22,029,"Louisiana","Concordia Parish",2,14,268,136,132
050,22,029,"Louisiana","Concordia Parish",2,15,258,126,132
050,22,029,"Louisiana","Concordia Parish",2,16,250,134,116
050,22,029,"Louisiana","Concordia Parish",2,17,258,136,122
050,22,029,"Louisiana","Concordia Parish",2,18,224,125,99
050,22,029,"Louisiana","Concordia Parish",2,19,187,108,79
050,22,029,"Louisiana","Concordia Parish",2,20,219,125,94
050,22,029,"Louisiana","Concordia Parish",2,21,232,128,104
050,22,029,"Louisiana","Concordia Parish",2,22,226,123,103
050,22,029,"Louisiana","Concordia Parish",2,23,230,128,102
050,22,029,"Louisiana","Concordia Parish",2,24,241,130,111
050,22,029,"Louisiana","Concordia Parish",2,25,235,127,108
050,22,029,"Louisiana","Concordia Parish",2,26,227,131,96
050,22,029,"Louisiana","Concordia Parish",2,27,230,138,92
050,22,029,"Louisiana","Concordia Parish",2,28,249,142,107
050,22,029,"Louisiana","Concordia Parish",2,29,254,139,115
050,22,029,"Louisiana","Concordia Parish",2,30,235,125,110
050,22,029,"Louisiana","Concordia Parish",2,31,231,133,98
050,22,029,"Louisiana","Concordia Parish",2,32,224,128,96
050,22,029,"Louisiana","Concordia Parish",2,33,214,110,104
050,22,029,"Louisiana","Concordia Parish",2,34,231,120,111
050,22,029,"Louisiana","Concordia Parish",2,35,215,104,111
050,22,029,"Louisiana","Concordia Parish",2,36,211,100,111
050,22,029,"Louisiana","Concordia Parish",2,37,206,107,99
050,22,029,"Louisiana","Concordia Parish",2,38,212,106,106
050,22,029,"Louisiana","Concordia Parish",2,39,218,102,116
050,22,029,"Louisiana","Concordia Parish",2,40,239,120,119
050,22,029,"Louisiana","Concordia Parish",2,41,231,112,119
050,22,029,"Louisiana","Concordia Parish",2,42,220,110,110
050,22,029,"Louisiana","Concordia Parish",2,43,201,99,102
050,22,029,"Louisiana","Concordia Parish",2,44,188,93,95
050,22,029,"Louisiana","Concordia Parish",2,45,190,97,93
050,22,029,"Louisiana","Concordia Parish",2,46,178,97,81
050,22,029,"Louisiana","Concordia Parish",2,47,180,94,86
050,22,029,"Louisiana","Concordia Parish",2,48,192,92,100
050,22,029,"Louisiana","Concordia Parish",2,49,235,113,122
050,22,029,"Louisiana","Concordia Parish",2,50,227,112,115
050,22,029,"Louisiana","Concordia Parish",2,51,216,105,111
050,22,029,"Louisiana","Concordia Parish",2,52,200,91,109
050,22,029,"Louisiana","Concordia Parish",2,53,197,87,110
050,22,029,"Louisiana","Concordia Parish",2,54,192,89,103
050,22,029,"Louisiana","Concordia Parish",2,55,209,98,111
050,22,029,"Louisiana","Concordia Parish",2,56,217,99,118
050,22,029,"Louisiana","Concordia Parish",2,57,257,120,137
050,22,029,"Louisiana","Concordia Parish",2,58,262,116,146
050,22,029,"Louisiana","Concordia Parish",2,59,259,107,152
050,22,029,"Louisiana","Concordia Parish",2,60,255,110,145
050,22,029,"Louisiana","Concordia Parish",2,61,260,127,133
050,22,029,"Louisiana","Concordia Parish",2,62,241,112,129
050,22,029,"Louisiana","Concordia Parish",2,63,247,116,131
050,22,029,"Louisiana","Concordia Parish",2,64,272,136,136
050,22,029,"Louisiana","Concordia Parish",2,65,292,144,148
050,22,029,"Louisiana","Concordia Parish",2,66,265,121,144
050,22,029,"Louisiana","Concordia Parish",2,67,234,101,133
050,22,029,"Louisiana","Concordia Parish",2,68,209,85,124
050,22,029,"Louisiana","Concordia Parish",2,69,210,88,122
050,22,029,"Louisiana","Concordia Parish",2,70,210,97,113
050,22,029,"Louisiana","Concordia Parish",2,71,197,96,101
050,22,029,"Louisiana","Concordia Parish",2,72,187,86,101
050,22,029,"Louisiana","Concordia Parish",2,73,196,88,108
050,22,029,"Louisiana","Concordia Parish",2,74,139,65,74
050,22,029,"Louisiana","Concordia Parish",2,75,128,56,72
050,22,029,"Louisiana","Concordia Parish",2,76,130,56,74
050,22,029,"Louisiana","Concordia Parish",2,77,131,65,66
050,22,029,"Louisiana","Concordia Parish",2,78,113,54,59
050,22,029,"Louisiana","Concordia Parish",2,79,94,42,52
050,22,029,"Louisiana","Concordia Parish",2,80,97,38,59
050,22,029,"Louisiana","Concordia Parish",2,81,88,34,54
050,22,029,"Louisiana","Concordia Parish",2,82,74,29,45
050,22,029,"Louisiana","Concordia Parish",2,83,74,31,43
050,22,029,"Louisiana","Concordia Parish",2,84,65,29,36
050,22,029,"Louisiana","Concordia Parish",2,85,373,132,241
050,22,029,"Louisiana","Concordia Parish",3,0,216,118,98
050,22,029,"Louisiana","Concordia Parish",3,1,219,117,102
050,22,029,"Louisiana","Concordia Parish",3,2,227,117,110
050,22,029,"Louisiana","Concordia Parish",3,3,232,124,108
050,22,029,"Louisiana","Concordia Parish",3,4,266,140,126
050,22,029,"Louisiana","Concordia Parish",3,5,239,128,111
050,22,029,"Louisiana","Concordia Parish",3,6,233,119,114
050,22,029,"Louisiana","Concordia Parish",3,7,225,124,101
050,22,029,"Louisiana","Concordia Parish",3,8,242,122,120
050,22,029,"Louisiana","Concordia Parish",3,9,252,128,124
050,22,029,"Louisiana","Concordia Parish",3,10,256,135,121
050,22,029,"Louisiana","Concordia Parish",3,11,269,150,119
050,22,029,"Louisiana","Concordia Parish",3,12,271,146,125
050,22,029,"Louisiana","Concordia Parish",3,13,280,136,144
050,22,029,"Louisiana","Concordia Parish",3,14,261,130,131
050,22,029,"Louisiana","Concordia Parish",3,15,257,130,127
050,22,029,"Louisiana","Concordia Parish",3,16,255,120,135
050,22,029,"Louisiana","Concordia Parish",3,17,243,136,107
050,22,029,"Louisiana","Concordia Parish",3,18,229,124,105
050,22,029,"Louisiana","Concordia Parish",3,19,182,101,81
050,22,029,"Louisiana","Concordia Parish",3,20,205,127,78
050,22,029,"Louisiana","Concordia Parish",3,21,219,128,91
050,22,029,"Louisiana","Concordia Parish",3,22,242,132,110
050,22,029,"Louisiana","Concordia Parish",3,23,214,122,92
050,22,029,"Louisiana","Concordia Parish",3,24,243,136,107
050,22,029,"Louisiana","Concordia Parish",3,25,238,124,114
050,22,029,"Louisiana","Concordia Parish",3,26,218,124,94
050,22,029,"Louisiana","Concordia Parish",3,27,244,145,99
050,22,029,"Louisiana","Concordia Parish",3,28,221,126,95
050,22,029,"Louisiana","Concordia Parish",3,29,261,149,112
050,22,029,"Louisiana","Concordia Parish",3,30,252,135,117
050,22,029,"Louisiana","Concordia Parish",3,31,224,119,105
050,22,029,"Louisiana","Concordia Parish",3,32,243,144,99
050,22,029,"Louisiana","Concordia Parish",3,33,213,114,99
050,22,029,"Louisiana","Concordia Parish",3,34,214,108,106
050,22,029,"Louisiana","Concordia Parish",3,35,222,110,112
050,22,029,"Louisiana","Concordia Parish",3,36,217,108,109
050,22,029,"Louisiana","Concordia Parish",3,37,216,99,117
050,22,029,"Louisiana","Concordia Parish",3,38,214,105,109
050,22,029,"Louisiana","Concordia Parish",3,39,218,108,110
050,22,029,"Louisiana","Concordia Parish",3,40,214,98,116
050,22,029,"Louisiana","Concordia Parish",3,41,243,124,119
050,22,029,"Louisiana","Concordia Parish",3,42,237,119,118
050,22,029,"Louisiana","Concordia Parish",3,43,218,108,110
050,22,029,"Louisiana","Concordia Parish",3,44,200,99,101
050,22,029,"Louisiana","Concordia Parish",3,45,197,100,97
050,22,029,"Louisiana","Concordia Parish",3,46,194,95,99
050,22,029,"Louisiana","Concordia Parish",3,47,173,97,76
050,22,029,"Louisiana","Concordia Parish",3,48,178,98,80
050,22,029,"Louisiana","Concordia Parish",3,49,202,104,98
050,22,029,"Louisiana","Concordia Parish",3,50,223,105,118
050,22,029,"Louisiana","Concordia Parish",3,51,232,122,110
050,22,029,"Louisiana","Concordia Parish",3,52,202,97,105
050,22,029,"Louisiana","Concordia Parish",3,53,196,86,110
050,22,029,"Louisiana","Concordia Parish",3,54,185,82,103
050,22,029,"Louisiana","Concordia Parish",3,55,189,92,97
050,22,029,"Louisiana","Concordia Parish",3,56,213,100,113
050,22,029,"Louisiana","Concordia Parish",3,57,215,95,120
050,22,029,"Louisiana","Concordia Parish",3,58,248,117,131
050,22,029,"Louisiana","Concordia Parish",3,59,261,117,144
050,22,029,"Louisiana","Concordia Parish",3,60,247,102,145
050,22,029,"Louisiana","Concordia Parish",3,61,250,111,139
050,22,029,"Louisiana","Concordia Parish",3,62,251,121,130
050,22,029,"Louisiana","Concordia Parish",3,63,232,106,126
050,22,029,"Louisiana","Concordia Parish",3,64,235,111,124
050,22,029,"Louisiana","Concordia Parish",3,65,270,135,135
050,22,029,"Louisiana","Concordia Parish",3,66,287,138,149
050,22,029,"Louisiana","Concordia Parish",3,67,268,122,146
050,22,029,"Louisiana","Concordia Parish",3,68,217,92,125
050,22,029,"Louisiana","Concordia Parish",3,69,196,78,118
050,22,029,"Louisiana","Concordia Parish",3,70,206,88,118
050,22,029,"Louisiana","Concordia Parish",3,71,193,87,106
050,22,029,"Louisiana","Concordia Parish",3,72,188,92,96
050,22,029,"Louisiana","Concordia Parish",3,73,171,77,94
050,22,029,"Louisiana","Concordia Parish",3,74,189,86,103
050,22,029,"Louisiana","Concordia Parish",3,75,134,60,74
050,22,029,"Louisiana","Concordia Parish",3,76,125,55,70
050,22,029,"Louisiana","Concordia Parish",3,77,122,51,71
050,22,029,"Louisiana","Concordia Parish",3,78,119,57,62
050,22,029,"Louisiana","Concordia Parish",3,79,101,48,53
050,22,029,"Louisiana","Concordia Parish",3,80,88,39,49
050,22,029,"Louisiana","Concordia Parish",3,81,89,36,53
050,22,029,"Louisiana","Concordia Parish",3,82,77,26,51
050,22,029,"Louisiana","Concordia Parish",3,83,66,27,39
050,22,029,"Louisiana","Concordia Parish",3,84,58,23,35
050,22,029,"Louisiana","Concordia Parish",3,85,357,124,233
050,22,029,"Louisiana","Concordia Parish",4,0,156,82,74
050,22,029,"Louisiana","Concordia Parish",4,1,210,115,95
050,22,029,"Louisiana","Concordia Parish",4,2,215,114,101
050,22,029,"Louisiana","Concordia Parish",4,3,224,115,109
050,22,029,"Louisiana","Concordia Parish",4,4,231,122,109
050,22,029,"Louisiana","Concordia Parish",4,5,256,137,119
050,22,029,"Louisiana","Concordia Parish",4,6,242,124,118
050,22,029,"Louisiana","Concordia Parish",4,7,226,111,115
050,22,029,"Louisiana","Concordia Parish",4,8,230,123,107
050,22,029,"Louisiana","Concordia Parish",4,9,232,125,107
050,22,029,"Louisiana","Concordia Parish",4,10,248,125,123
050,22,029,"Louisiana","Concordia Parish",4,11,244,128,116
050,22,029,"Louisiana","Concordia Parish",4,12,258,142,116
050,22,029,"Louisiana","Concordia Parish",4,13,270,150,120
050,22,029,"Louisiana","Concordia Parish",4,14,271,133,138
050,22,029,"Louisiana","Concordia Parish",4,15,263,137,126
050,22,029,"Louisiana","Concordia Parish",4,16,247,126,121
050,22,029,"Louisiana","Concordia Parish",4,17,260,128,132
050,22,029,"Louisiana","Concordia Parish",4,18,210,119,91
050,22,029,"Louisiana","Concordia Parish",4,19,192,98,94
050,22,029,"Louisiana","Concordia Parish",4,20,202,120,82
050,22,029,"Louisiana","Concordia Parish",4,21,213,130,83
050,22,029,"Louisiana","Concordia Parish",4,22,224,127,97
050,22,029,"Louisiana","Concordia Parish",4,23,238,133,105
050,22,029,"Louisiana","Concordia Parish",4,24,209,122,87
050,22,029,"Louisiana","Concordia Parish",4,25,246,143,103
050,22,029,"Louisiana","Concordia Parish",4,26,223,118,105
050,22,029,"Louisiana","Concordia Parish",4,27,225,128,97
050,22,029,"Louisiana","Concordia Parish",4,28,233,138,95
050,22,029,"Louisiana","Concordia Parish",4,29,222,133,89
050,22,029,"Louisiana","Concordia Parish",4,30,260,148,112
050,22,029,"Louisiana","Concordia Parish",4,31,245,129,116
050,22,029,"Louisiana","Concordia Parish",4,32,233,133,100
050,22,029,"Louisiana","Concordia Parish",4,33,235,141,94
050,22,029,"Louisiana","Concordia Parish",4,34,214,116,98
050,22,029,"Louisiana","Concordia Parish",4,35,199,98,101
050,22,029,"Louisiana","Concordia Parish",4,36,222,119,103
050,22,029,"Louisiana","Concordia Parish",4,37,216,108,108
050,22,029,"Louisiana","Concordia Parish",4,38,210,97,113
050,22,029,"Louisiana","Concordia Parish",4,39,215,100,115
050,22,029,"Louisiana","Concordia Parish",4,40,207,102,105
050,22,029,"Louisiana","Concordia Parish",4,41,203,93,110
050,22,029,"Louisiana","Concordia Parish",4,42,236,123,113
050,22,029,"Louisiana","Concordia Parish",4,43,222,110,112
050,22,029,"Louisiana","Concordia Parish",4,44,204,95,109
050,22,029,"Louisiana","Concordia Parish",4,45,211,101,110
050,22,029,"Louisiana","Concordia Parish",4,46,194,102,92
050,22,029,"Louisiana","Concordia Parish",4,47,179,92,87
050,22,029,"Louisiana","Concordia Parish",4,48,172,97,75
050,22,029,"Louisiana","Concordia Parish",4,49,182,104,78
050,22,029,"Louisiana","Concordia Parish",4,50,182,90,92
050,22,029,"Louisiana","Concordia Parish",4,51,226,111,115
050,22,029,"Louisiana","Concordia Parish",4,52,233,120,113
050,22,029,"Louisiana","Concordia Parish",4,53,204,99,105
050,22,029,"Louisiana","Concordia Parish",4,54,191,86,105
050,22,029,"Louisiana","Concordia Parish",4,55,189,89,100
050,22,029,"Louisiana","Concordia Parish",4,56,192,93,99
050,22,029,"Louisiana","Concordia Parish",4,57,201,93,108
050,22,029,"Louisiana","Concordia Parish",4,58,209,92,117
050,22,029,"Louisiana","Concordia Parish",4,59,237,114,123
050,22,029,"Louisiana","Concordia Parish",4,60,266,113,153
050,22,029,"Louisiana","Concordia Parish",4,61,242,99,143
050,22,029,"Louisiana","Concordia Parish",4,62,257,112,145
050,22,029,"Louisiana","Concordia Parish",4,63,245,121,124
050,22,029,"Louisiana","Concordia Parish",4,64,220,105,115
050,22,029,"Louisiana","Concordia Parish",4,65,234,108,126
050,22,029,"Louisiana","Concordia Parish",4,66,261,126,135
050,22,029,"Louisiana","Concordia Parish",4,67,290,140,150
050,22,029,"Louisiana","Concordia Parish",4,68,259,122,137
050,22,029,"Louisiana","Concordia Parish",4,69,202,82,120
050,22,029,"Louisiana","Concordia Parish",4,70,191,77,114
050,22,029,"Louisiana","Concordia Parish",4,71,195,83,112
050,22,029,"Louisiana","Concordia Parish",4,72,187,84,103
050,22,029,"Louisiana","Concordia Parish",4,73,177,88,89
050,22,029,"Louisiana","Concordia Parish",4,74,161,74,87
050,22,029,"Louisiana","Concordia Parish",4,75,186,83,103
050,22,029,"Louisiana","Concordia Parish",4,76,136,60,76
050,22,029,"Louisiana","Concordia Parish",4,77,116,52,64
050,22,029,"Louisiana","Concordia Parish",4,78,114,47,67
050,22,029,"Louisiana","Concordia Parish",4,79,111,51,60
050,22,029,"Louisiana","Concordia Parish",4,80,91,44,47
050,22,029,"Louisiana","Concordia Parish",4,81,81,35,46
050,22,029,"Louisiana","Concordia Parish",4,82,77,29,48
050,22,029,"Louisiana","Concordia Parish",4,83,67,23,44
050,22,029,"Louisiana","Concordia Parish",4,84,58,23,35
050,22,029,"Louisiana","Concordia Parish",4,85,359,116,243
050,22,029,"Louisiana","Concordia Parish",5,0,99,55,44
050,22,029,"Louisiana","Concordia Parish",5,1,167,83,84
050,22,029,"Louisiana","Concordia Parish",5,2,215,114,101
050,22,029,"Louisiana","Concordia Parish",5,3,221,122,99
050,22,029,"Louisiana","Concordia Parish",5,4,234,113,121
050,22,029,"Louisiana","Concordia Parish",5,5,228,120,108
050,22,029,"Louisiana","Concordia Parish",5,6,249,135,114
050,22,029,"Louisiana","Concordia Parish",5,7,241,127,114
050,22,029,"Louisiana","Concordia Parish",5,8,237,124,113
050,22,029,"Louisiana","Concordia Parish",5,9,222,117,105
050,22,029,"Louisiana","Concordia Parish",5,10,239,129,110
050,22,029,"Louisiana","Concordia Parish",5,11,242,125,117
050,22,029,"Louisiana","Concordia Parish",5,12,236,125,111
050,22,029,"Louisiana","Concordia Parish",5,13,245,144,101
050,22,029,"Louisiana","Concordia Parish",5,14,256,134,122
050,22,029,"Louisiana","Concordia Parish",5,15,279,142,137
050,22,029,"Louisiana","Concordia Parish",5,16,255,135,120
050,22,029,"Louisiana","Concordia Parish",5,17,244,124,120
050,22,029,"Louisiana","Concordia Parish",5,18,216,113,103
050,22,029,"Louisiana","Concordia Parish",5,19,176,101,75
050,22,029,"Louisiana","Concordia Parish",5,20,219,121,98
050,22,029,"Louisiana","Concordia Parish",5,21,204,120,84
050,22,029,"Louisiana","Concordia Parish",5,22,216,132,84
050,22,029,"Louisiana","Concordia Parish",5,23,224,133,91
050,22,029,"Louisiana","Concordia Parish",5,24,246,141,105
050,22,029,"Louisiana","Concordia Parish",5,25,210,121,89
050,22,029,"Louisiana","Concordia Parish",5,26,236,135,101
050,22,029,"Louisiana","Concordia Parish",5,27,225,122,103
050,22,029,"Louisiana","Concordia Parish",5,28,228,129,99
050,22,029,"Louisiana","Concordia Parish",5,29,222,133,89
050,22,029,"Louisiana","Concordia Parish",5,30,231,142,89
050,22,029,"Louisiana","Concordia Parish",5,31,258,146,112
050,22,029,"Louisiana","Concordia Parish",5,32,241,127,114
050,22,029,"Louisiana","Concordia Parish",5,33,224,123,101
050,22,029,"Louisiana","Concordia Parish",5,34,240,143,97
050,22,029,"Louisiana","Concordia Parish",5,35,194,103,91
050,22,029,"Louisiana","Concordia Parish",5,36,199,99,100
050,22,029,"Louisiana","Concordia Parish",5,37,209,117,92
050,22,029,"Louisiana","Concordia Parish",5,38,214,104,110
050,22,029,"Louisiana","Concordia Parish",5,39,208,95,113
050,22,029,"Louisiana","Concordia Parish",5,40,208,92,116
050,22,029,"Louisiana","Concordia Parish",5,41,199,98,101
050,22,029,"Louisiana","Concordia Parish",5,42,203,96,107
050,22,029,"Louisiana","Concordia Parish",5,43,230,112,118
050,22,029,"Louisiana","Concordia Parish",5,44,219,110,109
050,22,029,"Louisiana","Concordia Parish",5,45,207,98,109
050,22,029,"Louisiana","Concordia Parish",5,46,202,102,100
050,22,029,"Louisiana","Concordia Parish",5,47,187,95,92
050,22,029,"Louisiana","Concordia Parish",5,48,176,90,86
050,22,029,"Louisiana","Concordia Parish",5,49,175,103,72
050,22,029,"Louisiana","Concordia Parish",5,50,166,90,76
050,22,029,"Louisiana","Concordia Parish",5,51,187,96,91
050,22,029,"Louisiana","Concordia Parish",5,52,225,115,110
050,22,029,"Louisiana","Concordia Parish",5,53,221,110,111
050,22,029,"Louisiana","Concordia Parish",5,54,204,93,111
050,22,029,"Louisiana","Concordia Parish",5,55,189,88,101
050,22,029,"Louisiana","Concordia Parish",5,56,185,88,97
050,22,029,"Louisiana","Concordia Parish",5,57,186,88,98
050,22,029,"Louisiana","Concordia Parish",5,58,197,92,105
050,22,029,"Louisiana","Concordia Parish",5,59,198,82,116
050,22,029,"Louisiana","Concordia Parish",5,60,239,117,122
050,22,029,"Louisiana","Concordia Parish",5,61,263,108,155
050,22,029,"Louisiana","Concordia Parish",5,62,233,95,138
050,22,029,"Louisiana","Concordia Parish",5,63,250,111,139
050,22,029,"Louisiana","Concordia Parish",5,64,238,121,117
050,22,029,"Louisiana","Concordia Parish",5,65,215,100,115
050,22,029,"Louisiana","Concordia Parish",5,66,225,102,123
050,22,029,"Louisiana","Concordia Parish",5,67,258,127,131
050,22,029,"Louisiana","Concordia Parish",5,68,279,138,141
050,22,029,"Louisiana","Concordia Parish",5,69,248,114,134
050,22,029,"Louisiana","Concordia Parish",5,70,196,80,116
050,22,029,"Louisiana","Concordia Parish",5,71,177,68,109
050,22,029,"Louisiana","Concordia Parish",5,72,181,75,106
050,22,029,"Louisiana","Concordia Parish",5,73,177,80,97
050,22,029,"Louisiana","Concordia Parish",5,74,166,85,81
050,22,029,"Louisiana","Concordia Parish",5,75,154,70,84
050,22,029,"Louisiana","Concordia Parish",5,76,179,80,99
050,22,029,"Louisiana","Concordia Parish",5,77,127,55,72
050,22,029,"Louisiana","Concordia Parish",5,78,109,49,60
050,22,029,"Louisiana","Concordia Parish",5,79,108,39,69
050,22,029,"Louisiana","Concordia Parish",5,80,101,47,54
050,22,029,"Louisiana","Concordia Parish",5,81,84,41,43
050,22,029,"Louisiana","Concordia Parish",5,82,73,30,43
050,22,029,"Louisiana","Concordia Parish",5,83,69,25,44
050,22,029,"Louisiana","Concordia Parish",5,84,56,19,37
050,22,029,"Louisiana","Concordia Parish",5,85,370,117,253
050,22,031,"Louisiana","De Soto Parish",1,0,294,147,147
050,22,031,"Louisiana","De Soto Parish",1,1,295,142,153
050,22,031,"Louisiana","De Soto Parish",1,2,308,145,163
050,22,031,"Louisiana","De Soto Parish",1,3,332,167,165
050,22,031,"Louisiana","De Soto Parish",1,4,352,179,173
050,22,031,"Louisiana","De Soto Parish",1,5,362,182,180
050,22,031,"Louisiana","De Soto Parish",1,6,366,191,175
050,22,031,"Louisiana","De Soto Parish",1,7,359,178,181
050,22,031,"Louisiana","De Soto Parish",1,8,368,189,179
050,22,031,"Louisiana","De Soto Parish",1,9,364,196,168
050,22,031,"Louisiana","De Soto Parish",1,10,328,172,156
050,22,031,"Louisiana","De Soto Parish",1,11,365,186,179
050,22,031,"Louisiana","De Soto Parish",1,12,419,220,199
050,22,031,"Louisiana","De Soto Parish",1,13,420,222,198
050,22,031,"Louisiana","De Soto Parish",1,14,411,220,191
050,22,031,"Louisiana","De Soto Parish",1,15,381,187,194
050,22,031,"Louisiana","De Soto Parish",1,16,350,182,168
050,22,031,"Louisiana","De Soto Parish",1,17,362,183,179
050,22,031,"Louisiana","De Soto Parish",1,18,327,180,147
050,22,031,"Louisiana","De Soto Parish",1,19,269,142,127
050,22,031,"Louisiana","De Soto Parish",1,20,281,144,137
050,22,031,"Louisiana","De Soto Parish",1,21,260,123,137
050,22,031,"Louisiana","De Soto Parish",1,22,254,126,128
050,22,031,"Louisiana","De Soto Parish",1,23,273,142,131
050,22,031,"Louisiana","De Soto Parish",1,24,274,136,138
050,22,031,"Louisiana","De Soto Parish",1,25,302,139,163
050,22,031,"Louisiana","De Soto Parish",1,26,327,152,175
050,22,031,"Louisiana","De Soto Parish",1,27,336,171,165
050,22,031,"Louisiana","De Soto Parish",1,28,333,149,184
050,22,031,"Louisiana","De Soto Parish",1,29,339,147,192
050,22,031,"Louisiana","De Soto Parish",1,30,312,148,164
050,22,031,"Louisiana","De Soto Parish",1,31,304,153,151
050,22,031,"Louisiana","De Soto Parish",1,32,328,156,172
050,22,031,"Louisiana","De Soto Parish",1,33,316,151,165
050,22,031,"Louisiana","De Soto Parish",1,34,319,165,154
050,22,031,"Louisiana","De Soto Parish",1,35,349,167,182
050,22,031,"Louisiana","De Soto Parish",1,36,348,156,192
050,22,031,"Louisiana","De Soto Parish",1,37,339,166,173
050,22,031,"Louisiana","De Soto Parish",1,38,352,171,181
050,22,031,"Louisiana","De Soto Parish",1,39,368,186,182
050,22,031,"Louisiana","De Soto Parish",1,40,344,158,186
050,22,031,"Louisiana","De Soto Parish",1,41,347,173,174
050,22,031,"Louisiana","De Soto Parish",1,42,332,161,171
050,22,031,"Louisiana","De Soto Parish",1,43,341,172,169
050,22,031,"Louisiana","De Soto Parish",1,44,294,136,158
050,22,031,"Louisiana","De Soto Parish",1,45,319,150,169
050,22,031,"Louisiana","De Soto Parish",1,46,291,141,150
050,22,031,"Louisiana","De Soto Parish",1,47,313,162,151
050,22,031,"Louisiana","De Soto Parish",1,48,348,184,164
050,22,031,"Louisiana","De Soto Parish",1,49,350,177,173
050,22,031,"Louisiana","De Soto Parish",1,50,318,145,173
050,22,031,"Louisiana","De Soto Parish",1,51,316,151,165
050,22,031,"Louisiana","De Soto Parish",1,52,321,162,159
050,22,031,"Louisiana","De Soto Parish",1,53,331,166,165
050,22,031,"Louisiana","De Soto Parish",1,54,335,171,164
050,22,031,"Louisiana","De Soto Parish",1,55,343,165,178
050,22,031,"Louisiana","De Soto Parish",1,56,366,183,183
050,22,031,"Louisiana","De Soto Parish",1,57,368,184,184
050,22,031,"Louisiana","De Soto Parish",1,58,389,188,201
050,22,031,"Louisiana","De Soto Parish",1,59,378,180,198
050,22,031,"Louisiana","De Soto Parish",1,60,369,170,199
050,22,031,"Louisiana","De Soto Parish",1,61,352,165,187
050,22,031,"Louisiana","De Soto Parish",1,62,378,180,198
050,22,031,"Louisiana","De Soto Parish",1,63,376,175,201
050,22,031,"Louisiana","De Soto Parish",1,64,369,186,183
050,22,031,"Louisiana","De Soto Parish",1,65,329,165,164
050,22,031,"Louisiana","De Soto Parish",1,66,334,160,174
050,22,031,"Louisiana","De Soto Parish",1,67,305,150,155
050,22,031,"Louisiana","De Soto Parish",1,68,302,141,161
050,22,031,"Louisiana","De Soto Parish",1,69,287,117,170
050,22,031,"Louisiana","De Soto Parish",1,70,279,117,162
050,22,031,"Louisiana","De Soto Parish",1,71,281,127,154
050,22,031,"Louisiana","De Soto Parish",1,72,297,140,157
050,22,031,"Louisiana","De Soto Parish",1,73,281,133,148
050,22,031,"Louisiana","De Soto Parish",1,74,195,85,110
050,22,031,"Louisiana","De Soto Parish",1,75,209,97,112
050,22,031,"Louisiana","De Soto Parish",1,76,197,88,109
050,22,031,"Louisiana","De Soto Parish",1,77,179,78,101
050,22,031,"Louisiana","De Soto Parish",1,78,155,74,81
050,22,031,"Louisiana","De Soto Parish",1,79,146,65,81
050,22,031,"Louisiana","De Soto Parish",1,80,119,54,65
050,22,031,"Louisiana","De Soto Parish",1,81,118,43,75
050,22,031,"Louisiana","De Soto Parish",1,82,132,56,76
050,22,031,"Louisiana","De Soto Parish",1,83,93,38,55
050,22,031,"Louisiana","De Soto Parish",1,84,88,35,53
050,22,031,"Louisiana","De Soto Parish",1,85,552,208,344
050,22,031,"Louisiana","De Soto Parish",2,0,292,150,142
050,22,031,"Louisiana","De Soto Parish",2,1,295,142,153
050,22,031,"Louisiana","De Soto Parish",2,2,307,145,162
050,22,031,"Louisiana","De Soto Parish",2,3,329,165,164
050,22,031,"Louisiana","De Soto Parish",2,4,354,180,174
050,22,031,"Louisiana","De Soto Parish",2,5,362,184,178
050,22,031,"Louisiana","De Soto Parish",2,6,369,190,179
050,22,031,"Louisiana","De Soto Parish",2,7,361,182,179
050,22,031,"Louisiana","De Soto Parish",2,8,367,186,181
050,22,031,"Louisiana","De Soto Parish",2,9,364,195,169
050,22,031,"Louisiana","De Soto Parish",2,10,338,178,160
050,22,031,"Louisiana","De Soto Parish",2,11,357,181,176
050,22,031,"Louisiana","De Soto Parish",2,12,409,212,197
050,22,031,"Louisiana","De Soto Parish",2,13,420,220,200
050,22,031,"Louisiana","De Soto Parish",2,14,411,218,193
050,22,031,"Louisiana","De Soto Parish",2,15,385,195,190
050,22,031,"Louisiana","De Soto Parish",2,16,359,185,174
050,22,031,"Louisiana","De Soto Parish",2,17,362,185,177
050,22,031,"Louisiana","De Soto Parish",2,18,323,175,148
050,22,031,"Louisiana","De Soto Parish",2,19,270,144,126
050,22,031,"Louisiana","De Soto Parish",2,20,284,146,138
050,22,031,"Louisiana","De Soto Parish",2,21,262,125,137
050,22,031,"Louisiana","De Soto Parish",2,22,263,130,133
050,22,031,"Louisiana","De Soto Parish",2,23,273,140,133
050,22,031,"Louisiana","De Soto Parish",2,24,276,139,137
050,22,031,"Louisiana","De Soto Parish",2,25,296,137,159
050,22,031,"Louisiana","De Soto Parish",2,26,320,150,170
050,22,031,"Louisiana","De Soto Parish",2,27,336,167,169
050,22,031,"Louisiana","De Soto Parish",2,28,334,153,181
050,22,031,"Louisiana","De Soto Parish",2,29,340,148,192
050,22,031,"Louisiana","De Soto Parish",2,30,321,148,173
050,22,031,"Louisiana","De Soto Parish",2,31,310,153,157
050,22,031,"Louisiana","De Soto Parish",2,32,322,155,167
050,22,031,"Louisiana","De Soto Parish",2,33,320,155,165
050,22,031,"Louisiana","De Soto Parish",2,34,323,163,160
050,22,031,"Louisiana","De Soto Parish",2,35,347,169,178
050,22,031,"Louisiana","De Soto Parish",2,36,345,157,188
050,22,031,"Louisiana","De Soto Parish",2,37,343,166,177
050,22,031,"Louisiana","De Soto Parish",2,38,354,173,181
050,22,031,"Louisiana","De Soto Parish",2,39,361,179,182
050,22,031,"Louisiana","De Soto Parish",2,40,353,166,187
050,22,031,"Louisiana","De Soto Parish",2,41,349,171,178
050,22,031,"Louisiana","De Soto Parish",2,42,331,163,168
050,22,031,"Louisiana","De Soto Parish",2,43,342,173,169
050,22,031,"Louisiana","De Soto Parish",2,44,301,142,159
050,22,031,"Louisiana","De Soto Parish",2,45,315,147,168
050,22,031,"Louisiana","De Soto Parish",2,46,297,142,155
050,22,031,"Louisiana","De Soto Parish",2,47,307,156,151
050,22,031,"Louisiana","De Soto Parish",2,48,337,178,159
050,22,031,"Louisiana","De Soto Parish",2,49,352,181,171
050,22,031,"Louisiana","De Soto Parish",2,50,325,152,173
050,22,031,"Louisiana","De Soto Parish",2,51,313,148,165
050,22,031,"Louisiana","De Soto Parish",2,52,321,159,162
050,22,031,"Louisiana","De Soto Parish",2,53,327,167,160
050,22,031,"Louisiana","De Soto Parish",2,54,333,167,166
050,22,031,"Louisiana","De Soto Parish",2,55,340,164,176
050,22,031,"Louisiana","De Soto Parish",2,56,362,179,183
050,22,031,"Louisiana","De Soto Parish",2,57,366,181,185
050,22,031,"Louisiana","De Soto Parish",2,58,384,185,199
050,22,031,"Louisiana","De Soto Parish",2,59,379,182,197
050,22,031,"Louisiana","De Soto Parish",2,60,373,173,200
050,22,031,"Louisiana","De Soto Parish",2,61,355,165,190
050,22,031,"Louisiana","De Soto Parish",2,62,369,176,193
050,22,031,"Louisiana","De Soto Parish",2,63,382,180,202
050,22,031,"Louisiana","De Soto Parish",2,64,365,180,185
050,22,031,"Louisiana","De Soto Parish",2,65,336,170,166
050,22,031,"Louisiana","De Soto Parish",2,66,331,159,172
050,22,031,"Louisiana","De Soto Parish",2,67,309,151,158
050,22,031,"Louisiana","De Soto Parish",2,68,298,142,156
050,22,031,"Louisiana","De Soto Parish",2,69,291,123,168
050,22,031,"Louisiana","De Soto Parish",2,70,280,118,162
050,22,031,"Louisiana","De Soto Parish",2,71,280,123,157
050,22,031,"Louisiana","De Soto Parish",2,72,283,132,151
050,22,031,"Louisiana","De Soto Parish",2,73,294,138,156
050,22,031,"Louisiana","De Soto Parish",2,74,202,89,113
050,22,031,"Louisiana","De Soto Parish",2,75,206,95,111
050,22,031,"Louisiana","De Soto Parish",2,76,198,87,111
050,22,031,"Louisiana","De Soto Parish",2,77,180,80,100
050,22,031,"Louisiana","De Soto Parish",2,78,161,76,85
050,22,031,"Louisiana","De Soto Parish",2,79,145,65,80
050,22,031,"Louisiana","De Soto Parish",2,80,124,56,68
050,22,031,"Louisiana","De Soto Parish",2,81,114,42,72
050,22,031,"Louisiana","De Soto Parish",2,82,132,56,76
050,22,031,"Louisiana","De Soto Parish",2,83,97,38,59
050,22,031,"Louisiana","De Soto Parish",2,84,87,35,52
050,22,031,"Louisiana","De Soto Parish",2,85,555,208,347
050,22,031,"Louisiana","De Soto Parish",3,0,318,157,161
050,22,031,"Louisiana","De Soto Parish",3,1,311,171,140
050,22,031,"Louisiana","De Soto Parish",3,2,292,139,153
050,22,031,"Louisiana","De Soto Parish",3,3,310,151,159
050,22,031,"Louisiana","De Soto Parish",3,4,330,164,166
050,22,031,"Louisiana","De Soto Parish",3,5,350,167,183
050,22,031,"Louisiana","De Soto Parish",3,6,353,176,177
050,22,031,"Louisiana","De Soto Parish",3,7,372,198,174
050,22,031,"Louisiana","De Soto Parish",3,8,367,187,180
050,22,031,"Louisiana","De Soto Parish",3,9,373,193,180
050,22,031,"Louisiana","De Soto Parish",3,10,377,191,186
050,22,031,"Louisiana","De Soto Parish",3,11,345,178,167
050,22,031,"Louisiana","De Soto Parish",3,12,356,173,183
050,22,031,"Louisiana","De Soto Parish",3,13,399,213,186
050,22,031,"Louisiana","De Soto Parish",3,14,421,225,196
050,22,031,"Louisiana","De Soto Parish",3,15,421,229,192
050,22,031,"Louisiana","De Soto Parish",3,16,383,197,186
050,22,031,"Louisiana","De Soto Parish",3,17,354,183,171
050,22,031,"Louisiana","De Soto Parish",3,18,306,159,147
050,22,031,"Louisiana","De Soto Parish",3,19,256,138,118
050,22,031,"Louisiana","De Soto Parish",3,20,285,150,135
050,22,031,"Louisiana","De Soto Parish",3,21,264,136,128
050,22,031,"Louisiana","De Soto Parish",3,22,284,138,146
050,22,031,"Louisiana","De Soto Parish",3,23,292,145,147
050,22,031,"Louisiana","De Soto Parish",3,24,288,160,128
050,22,031,"Louisiana","De Soto Parish",3,25,270,136,134
050,22,031,"Louisiana","De Soto Parish",3,26,291,143,148
050,22,031,"Louisiana","De Soto Parish",3,27,324,155,169
050,22,031,"Louisiana","De Soto Parish",3,28,315,152,163
050,22,031,"Louisiana","De Soto Parish",3,29,339,155,184
050,22,031,"Louisiana","De Soto Parish",3,30,349,155,194
050,22,031,"Louisiana","De Soto Parish",3,31,338,155,183
050,22,031,"Louisiana","De Soto Parish",3,32,313,147,166
050,22,031,"Louisiana","De Soto Parish",3,33,334,162,172
050,22,031,"Louisiana","De Soto Parish",3,34,337,167,170
050,22,031,"Louisiana","De Soto Parish",3,35,321,161,160
050,22,031,"Louisiana","De Soto Parish",3,36,338,166,172
050,22,031,"Louisiana","De Soto Parish",3,37,353,159,194
050,22,031,"Louisiana","De Soto Parish",3,38,346,168,178
050,22,031,"Louisiana","De Soto Parish",3,39,377,182,195
050,22,031,"Louisiana","De Soto Parish",3,40,352,183,169
050,22,031,"Louisiana","De Soto Parish",3,41,362,165,197
050,22,031,"Louisiana","De Soto Parish",3,42,348,167,181
050,22,031,"Louisiana","De Soto Parish",3,43,342,170,172
050,22,031,"Louisiana","De Soto Parish",3,44,346,173,173
050,22,031,"Louisiana","De Soto Parish",3,45,310,149,161
050,22,031,"Louisiana","De Soto Parish",3,46,324,155,169
050,22,031,"Louisiana","De Soto Parish",3,47,290,142,148
050,22,031,"Louisiana","De Soto Parish",3,48,319,164,155
050,22,031,"Louisiana","De Soto Parish",3,49,330,177,153
050,22,031,"Louisiana","De Soto Parish",3,50,350,183,167
050,22,031,"Louisiana","De Soto Parish",3,51,321,149,172
050,22,031,"Louisiana","De Soto Parish",3,52,314,143,171
050,22,031,"Louisiana","De Soto Parish",3,53,322,155,167
050,22,031,"Louisiana","De Soto Parish",3,54,338,179,159
050,22,031,"Louisiana","De Soto Parish",3,55,327,157,170
050,22,031,"Louisiana","De Soto Parish",3,56,341,167,174
050,22,031,"Louisiana","De Soto Parish",3,57,360,171,189
050,22,031,"Louisiana","De Soto Parish",3,58,374,185,189
050,22,031,"Louisiana","De Soto Parish",3,59,385,184,201
050,22,031,"Louisiana","De Soto Parish",3,60,365,175,190
050,22,031,"Louisiana","De Soto Parish",3,61,379,173,206
050,22,031,"Louisiana","De Soto Parish",3,62,349,162,187
050,22,031,"Louisiana","De Soto Parish",3,63,362,169,193
050,22,031,"Louisiana","De Soto Parish",3,64,379,171,208
050,22,031,"Louisiana","De Soto Parish",3,65,357,184,173
050,22,031,"Louisiana","De Soto Parish",3,66,333,169,164
050,22,031,"Louisiana","De Soto Parish",3,67,316,154,162
050,22,031,"Louisiana","De Soto Parish",3,68,307,148,159
050,22,031,"Louisiana","De Soto Parish",3,69,296,144,152
050,22,031,"Louisiana","De Soto Parish",3,70,288,122,166
050,22,031,"Louisiana","De Soto Parish",3,71,275,109,166
050,22,031,"Louisiana","De Soto Parish",3,72,262,116,146
050,22,031,"Louisiana","De Soto Parish",3,73,269,124,145
050,22,031,"Louisiana","De Soto Parish",3,74,283,130,153
050,22,031,"Louisiana","De Soto Parish",3,75,195,86,109
050,22,031,"Louisiana","De Soto Parish",3,76,199,89,110
050,22,031,"Louisiana","De Soto Parish",3,77,189,84,105
050,22,031,"Louisiana","De Soto Parish",3,78,174,79,95
050,22,031,"Louisiana","De Soto Parish",3,79,139,63,76
050,22,031,"Louisiana","De Soto Parish",3,80,138,61,77
050,22,031,"Louisiana","De Soto Parish",3,81,116,51,65
050,22,031,"Louisiana","De Soto Parish",3,82,112,47,65
050,22,031,"Louisiana","De Soto Parish",3,83,113,42,71
050,22,031,"Louisiana","De Soto Parish",3,84,88,36,52
050,22,031,"Louisiana","De Soto Parish",3,85,559,212,347
050,22,031,"Louisiana","De Soto Parish",4,0,325,169,156
050,22,031,"Louisiana","De Soto Parish",4,1,317,157,160
050,22,031,"Louisiana","De Soto Parish",4,2,329,182,147
050,22,031,"Louisiana","De Soto Parish",4,3,313,154,159
050,22,031,"Louisiana","De Soto Parish",4,4,307,152,155
050,22,031,"Louisiana","De Soto Parish",4,5,333,160,173
050,22,031,"Louisiana","De Soto Parish",4,6,347,179,168
050,22,031,"Louisiana","De Soto Parish",4,7,364,185,179
050,22,031,"Louisiana","De Soto Parish",4,8,380,201,179
050,22,031,"Louisiana","De Soto Parish",4,9,369,181,188
050,22,031,"Louisiana","De Soto Parish",4,10,360,185,175
050,22,031,"Louisiana","De Soto Parish",4,11,370,187,183
050,22,031,"Louisiana","De Soto Parish",4,12,355,179,176
050,22,031,"Louisiana","De Soto Parish",4,13,361,179,182
050,22,031,"Louisiana","De Soto Parish",4,14,384,204,180
050,22,031,"Louisiana","De Soto Parish",4,15,414,224,190
050,22,031,"Louisiana","De Soto Parish",4,16,418,227,191
050,22,031,"Louisiana","De Soto Parish",4,17,367,189,178
050,22,031,"Louisiana","De Soto Parish",4,18,302,165,137
050,22,031,"Louisiana","De Soto Parish",4,19,239,123,116
050,22,031,"Louisiana","De Soto Parish",4,20,252,136,116
050,22,031,"Louisiana","De Soto Parish",4,21,265,132,133
050,22,031,"Louisiana","De Soto Parish",4,22,274,138,136
050,22,031,"Louisiana","De Soto Parish",4,23,300,149,151
050,22,031,"Louisiana","De Soto Parish",4,24,275,140,135
050,22,031,"Louisiana","De Soto Parish",4,25,293,156,137
050,22,031,"Louisiana","De Soto Parish",4,26,278,135,143
050,22,031,"Louisiana","De Soto Parish",4,27,285,138,147
050,22,031,"Louisiana","De Soto Parish",4,28,325,151,174
050,22,031,"Louisiana","De Soto Parish",4,29,309,153,156
050,22,031,"Louisiana","De Soto Parish",4,30,350,157,193
050,22,031,"Louisiana","De Soto Parish",4,31,349,156,193
050,22,031,"Louisiana","De Soto Parish",4,32,316,139,177
050,22,031,"Louisiana","De Soto Parish",4,33,325,153,172
050,22,031,"Louisiana","De Soto Parish",4,34,330,160,170
050,22,031,"Louisiana","De Soto Parish",4,35,345,174,171
050,22,031,"Louisiana","De Soto Parish",4,36,324,160,164
050,22,031,"Louisiana","De Soto Parish",4,37,336,164,172
050,22,031,"Louisiana","De Soto Parish",4,38,344,151,193
050,22,031,"Louisiana","De Soto Parish",4,39,340,172,168
050,22,031,"Louisiana","De Soto Parish",4,40,381,178,203
050,22,031,"Louisiana","De Soto Parish",4,41,355,185,170
050,22,031,"Louisiana","De Soto Parish",4,42,355,160,195
050,22,031,"Louisiana","De Soto Parish",4,43,358,175,183
050,22,031,"Louisiana","De Soto Parish",4,44,330,160,170
050,22,031,"Louisiana","De Soto Parish",4,45,345,172,173
050,22,031,"Louisiana","De Soto Parish",4,46,323,158,165
050,22,031,"Louisiana","De Soto Parish",4,47,324,162,162
050,22,031,"Louisiana","De Soto Parish",4,48,283,134,149
050,22,031,"Louisiana","De Soto Parish",4,49,312,153,159
050,22,031,"Louisiana","De Soto Parish",4,50,331,183,148
050,22,031,"Louisiana","De Soto Parish",4,51,354,180,174
050,22,031,"Louisiana","De Soto Parish",4,52,319,149,170
050,22,031,"Louisiana","De Soto Parish",4,53,333,154,179
050,22,031,"Louisiana","De Soto Parish",4,54,324,159,165
050,22,031,"Louisiana","De Soto Parish",4,55,338,171,167
050,22,031,"Louisiana","De Soto Parish",4,56,327,157,170
050,22,031,"Louisiana","De Soto Parish",4,57,328,168,160
050,22,031,"Louisiana","De Soto Parish",4,58,368,175,193
050,22,031,"Louisiana","De Soto Parish",4,59,371,180,191
050,22,031,"Louisiana","De Soto Parish",4,60,381,180,201
050,22,031,"Louisiana","De Soto Parish",4,61,365,181,184
050,22,031,"Louisiana","De Soto Parish",4,62,371,166,205
050,22,031,"Louisiana","De Soto Parish",4,63,343,158,185
050,22,031,"Louisiana","De Soto Parish",4,64,352,162,190
050,22,031,"Louisiana","De Soto Parish",4,65,369,163,206
050,22,031,"Louisiana","De Soto Parish",4,66,360,181,179
050,22,031,"Louisiana","De Soto Parish",4,67,320,165,155
050,22,031,"Louisiana","De Soto Parish",4,68,306,147,159
050,22,031,"Louisiana","De Soto Parish",4,69,297,143,154
050,22,031,"Louisiana","De Soto Parish",4,70,285,139,146
050,22,031,"Louisiana","De Soto Parish",4,71,290,120,170
050,22,031,"Louisiana","De Soto Parish",4,72,254,102,152
050,22,031,"Louisiana","De Soto Parish",4,73,256,110,146
050,22,031,"Louisiana","De Soto Parish",4,74,261,121,140
050,22,031,"Louisiana","De Soto Parish",4,75,272,128,144
050,22,031,"Louisiana","De Soto Parish",4,76,192,79,113
050,22,031,"Louisiana","De Soto Parish",4,77,190,85,105
050,22,031,"Louisiana","De Soto Parish",4,78,180,80,100
050,22,031,"Louisiana","De Soto Parish",4,79,150,66,84
050,22,031,"Louisiana","De Soto Parish",4,80,132,58,74
050,22,031,"Louisiana","De Soto Parish",4,81,137,60,77
050,22,031,"Louisiana","De Soto Parish",4,82,113,53,60
050,22,031,"Louisiana","De Soto Parish",4,83,96,35,61
050,22,031,"Louisiana","De Soto Parish",4,84,102,38,64
050,22,031,"Louisiana","De Soto Parish",4,85,554,211,343
050,22,031,"Louisiana","De Soto Parish",5,0,330,171,159
050,22,031,"Louisiana","De Soto Parish",5,1,336,164,172
050,22,031,"Louisiana","De Soto Parish",5,2,315,162,153
050,22,031,"Louisiana","De Soto Parish",5,3,338,185,153
050,22,031,"Louisiana","De Soto Parish",5,4,326,145,181
050,22,031,"Louisiana","De Soto Parish",5,5,323,157,166
050,22,031,"Louisiana","De Soto Parish",5,6,343,165,178
050,22,031,"Louisiana","De Soto Parish",5,7,357,182,175
050,22,031,"Louisiana","De Soto Parish",5,8,360,182,178
050,22,031,"Louisiana","De Soto Parish",5,9,400,215,185
050,22,031,"Louisiana","De Soto Parish",5,10,370,188,182
050,22,031,"Louisiana","De Soto Parish",5,11,370,191,179
050,22,031,"Louisiana","De Soto Parish",5,12,360,186,174
050,22,031,"Louisiana","De Soto Parish",5,13,385,191,194
050,22,031,"Louisiana","De Soto Parish",5,14,371,181,190
050,22,031,"Louisiana","De Soto Parish",5,15,399,218,181
050,22,031,"Louisiana","De Soto Parish",5,16,398,216,182
050,22,031,"Louisiana","De Soto Parish",5,17,435,237,198
050,22,031,"Louisiana","De Soto Parish",5,18,311,166,145
050,22,031,"Louisiana","De Soto Parish",5,19,254,135,119
050,22,031,"Louisiana","De Soto Parish",5,20,250,127,123
050,22,031,"Louisiana","De Soto Parish",5,21,263,138,125
050,22,031,"Louisiana","De Soto Parish",5,22,263,133,130
050,22,031,"Louisiana","De Soto Parish",5,23,301,159,142
050,22,031,"Louisiana","De Soto Parish",5,24,296,147,149
050,22,031,"Louisiana","De Soto Parish",5,25,284,138,146
050,22,031,"Louisiana","De Soto Parish",5,26,289,146,143
050,22,031,"Louisiana","De Soto Parish",5,27,280,140,140
050,22,031,"Louisiana","De Soto Parish",5,28,275,124,151
050,22,031,"Louisiana","De Soto Parish",5,29,331,148,183
050,22,031,"Louisiana","De Soto Parish",5,30,317,169,148
050,22,031,"Louisiana","De Soto Parish",5,31,346,163,183
050,22,031,"Louisiana","De Soto Parish",5,32,344,156,188
050,22,031,"Louisiana","De Soto Parish",5,33,328,143,185
050,22,031,"Louisiana","De Soto Parish",5,34,338,162,176
050,22,031,"Louisiana","De Soto Parish",5,35,341,162,179
050,22,031,"Louisiana","De Soto Parish",5,36,356,177,179
050,22,031,"Louisiana","De Soto Parish",5,37,350,170,180
050,22,031,"Louisiana","De Soto Parish",5,38,351,177,174
050,22,031,"Louisiana","De Soto Parish",5,39,361,157,204
050,22,031,"Louisiana","De Soto Parish",5,40,349,174,175
050,22,031,"Louisiana","De Soto Parish",5,41,390,181,209
050,22,031,"Louisiana","De Soto Parish",5,42,349,180,169
050,22,031,"Louisiana","De Soto Parish",5,43,361,170,191
050,22,031,"Louisiana","De Soto Parish",5,44,350,172,178
050,22,031,"Louisiana","De Soto Parish",5,45,337,164,173
050,22,031,"Louisiana","De Soto Parish",5,46,348,173,175
050,22,031,"Louisiana","De Soto Parish",5,47,318,160,158
050,22,031,"Louisiana","De Soto Parish",5,48,328,167,161
050,22,031,"Louisiana","De Soto Parish",5,49,272,124,148
050,22,031,"Louisiana","De Soto Parish",5,50,321,161,160
050,22,031,"Louisiana","De Soto Parish",5,51,330,178,152
050,22,031,"Louisiana","De Soto Parish",5,52,363,188,175
050,22,031,"Louisiana","De Soto Parish",5,53,326,154,172
050,22,031,"Louisiana","De Soto Parish",5,54,333,153,180
050,22,031,"Louisiana","De Soto Parish",5,55,322,155,167
050,22,031,"Louisiana","De Soto Parish",5,56,319,161,158
050,22,031,"Louisiana","De Soto Parish",5,57,318,155,163
050,22,031,"Louisiana","De Soto Parish",5,58,323,160,163
050,22,031,"Louisiana","De Soto Parish",5,59,367,174,193
050,22,031,"Louisiana","De Soto Parish",5,60,372,178,194
050,22,031,"Louisiana","De Soto Parish",5,61,375,177,198
050,22,031,"Louisiana","De Soto Parish",5,62,362,179,183
050,22,031,"Louisiana","De Soto Parish",5,63,370,162,208
050,22,031,"Louisiana","De Soto Parish",5,64,334,151,183
050,22,031,"Louisiana","De Soto Parish",5,65,340,152,188
050,22,031,"Louisiana","De Soto Parish",5,66,362,158,204
050,22,031,"Louisiana","De Soto Parish",5,67,349,175,174
050,22,031,"Louisiana","De Soto Parish",5,68,322,164,158
050,22,031,"Louisiana","De Soto Parish",5,69,293,142,151
050,22,031,"Louisiana","De Soto Parish",5,70,293,143,150
050,22,031,"Louisiana","De Soto Parish",5,71,282,133,149
050,22,031,"Louisiana","De Soto Parish",5,72,271,111,160
050,22,031,"Louisiana","De Soto Parish",5,73,251,96,155
050,22,031,"Louisiana","De Soto Parish",5,74,247,103,144
050,22,031,"Louisiana","De Soto Parish",5,75,246,115,131
050,22,031,"Louisiana","De Soto Parish",5,76,269,124,145
050,22,031,"Louisiana","De Soto Parish",5,77,180,76,104
050,22,031,"Louisiana","De Soto Parish",5,78,189,85,104
050,22,031,"Louisiana","De Soto Parish",5,79,160,66,94
050,22,031,"Louisiana","De Soto Parish",5,80,143,62,81
050,22,031,"Louisiana","De Soto Parish",5,81,125,53,72
050,22,031,"Louisiana","De Soto Parish",5,82,137,64,73
050,22,031,"Louisiana","De Soto Parish",5,83,97,39,58
050,22,031,"Louisiana","De Soto Parish",5,84,88,33,55
050,22,031,"Louisiana","De Soto Parish",5,85,588,225,363
050,22,033,"Louisiana","East Baton Rouge Parish",1,0,5869,2987,2882
050,22,033,"Louisiana","East Baton Rouge Parish",1,1,5869,2968,2901
050,22,033,"Louisiana","East Baton Rouge Parish",1,2,6025,3097,2928
050,22,033,"Louisiana","East Baton Rouge Parish",1,3,5938,3000,2938
050,22,033,"Louisiana","East Baton Rouge Parish",1,4,5982,2913,3069
050,22,033,"Louisiana","East Baton Rouge Parish",1,5,5993,3046,2947
050,22,033,"Louisiana","East Baton Rouge Parish",1,6,5798,2988,2810
050,22,033,"Louisiana","East Baton Rouge Parish",1,7,5711,2866,2845
050,22,033,"Louisiana","East Baton Rouge Parish",1,8,5619,2827,2792
050,22,033,"Louisiana","East Baton Rouge Parish",1,9,5751,2975,2776
050,22,033,"Louisiana","East Baton Rouge Parish",1,10,5813,2968,2845
050,22,033,"Louisiana","East Baton Rouge Parish",1,11,5907,3016,2891
050,22,033,"Louisiana","East Baton Rouge Parish",1,12,5948,3016,2932
050,22,033,"Louisiana","East Baton Rouge Parish",1,13,5837,2982,2855
050,22,033,"Louisiana","East Baton Rouge Parish",1,14,5623,2864,2759
050,22,033,"Louisiana","East Baton Rouge Parish",1,15,5499,2778,2721
050,22,033,"Louisiana","East Baton Rouge Parish",1,16,5601,2816,2785
050,22,033,"Louisiana","East Baton Rouge Parish",1,17,5670,2886,2784
050,22,033,"Louisiana","East Baton Rouge Parish",1,18,7996,3781,4215
050,22,033,"Louisiana","East Baton Rouge Parish",1,19,10814,5002,5812
050,22,033,"Louisiana","East Baton Rouge Parish",1,20,10466,4866,5600
050,22,033,"Louisiana","East Baton Rouge Parish",1,21,10399,4827,5572
050,22,033,"Louisiana","East Baton Rouge Parish",1,22,10025,4795,5230
050,22,033,"Louisiana","East Baton Rouge Parish",1,23,9121,4625,4496
050,22,033,"Louisiana","East Baton Rouge Parish",1,24,7756,3918,3838
050,22,033,"Louisiana","East Baton Rouge Parish",1,25,7220,3592,3628
050,22,033,"Louisiana","East Baton Rouge Parish",1,26,6951,3451,3500
050,22,033,"Louisiana","East Baton Rouge Parish",1,27,6710,3282,3428
050,22,033,"Louisiana","East Baton Rouge Parish",1,28,6728,3329,3399
050,22,033,"Louisiana","East Baton Rouge Parish",1,29,6510,3233,3277
050,22,033,"Louisiana","East Baton Rouge Parish",1,30,6227,3065,3162
050,22,033,"Louisiana","East Baton Rouge Parish",1,31,5867,2890,2977
050,22,033,"Louisiana","East Baton Rouge Parish",1,32,5703,2827,2876
050,22,033,"Louisiana","East Baton Rouge Parish",1,33,5781,2850,2931
050,22,033,"Louisiana","East Baton Rouge Parish",1,34,6027,2987,3040
050,22,033,"Louisiana","East Baton Rouge Parish",1,35,6121,3025,3096
050,22,033,"Louisiana","East Baton Rouge Parish",1,36,6073,2971,3102
050,22,033,"Louisiana","East Baton Rouge Parish",1,37,6178,3044,3134
050,22,033,"Louisiana","East Baton Rouge Parish",1,38,6023,2864,3159
050,22,033,"Louisiana","East Baton Rouge Parish",1,39,5928,2852,3076
050,22,033,"Louisiana","East Baton Rouge Parish",1,40,5707,2777,2930
050,22,033,"Louisiana","East Baton Rouge Parish",1,41,5361,2562,2799
050,22,033,"Louisiana","East Baton Rouge Parish",1,42,5159,2474,2685
050,22,033,"Louisiana","East Baton Rouge Parish",1,43,4930,2389,2541
050,22,033,"Louisiana","East Baton Rouge Parish",1,44,4769,2308,2461
050,22,033,"Louisiana","East Baton Rouge Parish",1,45,4664,2247,2417
050,22,033,"Louisiana","East Baton Rouge Parish",1,46,4627,2248,2379
050,22,033,"Louisiana","East Baton Rouge Parish",1,47,4739,2278,2461
050,22,033,"Louisiana","East Baton Rouge Parish",1,48,4744,2253,2491
050,22,033,"Louisiana","East Baton Rouge Parish",1,49,4955,2325,2630
050,22,033,"Louisiana","East Baton Rouge Parish",1,50,4840,2302,2538
050,22,033,"Louisiana","East Baton Rouge Parish",1,51,4768,2283,2485
050,22,033,"Louisiana","East Baton Rouge Parish",1,52,4695,2253,2442
050,22,033,"Louisiana","East Baton Rouge Parish",1,53,4755,2271,2484
050,22,033,"Louisiana","East Baton Rouge Parish",1,54,4943,2326,2617
050,22,033,"Louisiana","East Baton Rouge Parish",1,55,5188,2439,2749
050,22,033,"Louisiana","East Baton Rouge Parish",1,56,5273,2517,2756
050,22,033,"Louisiana","East Baton Rouge Parish",1,57,5362,2476,2886
050,22,033,"Louisiana","East Baton Rouge Parish",1,58,5324,2498,2826
050,22,033,"Louisiana","East Baton Rouge Parish",1,59,5334,2468,2866
050,22,033,"Louisiana","East Baton Rouge Parish",1,60,5342,2490,2852
050,22,033,"Louisiana","East Baton Rouge Parish",1,61,5269,2444,2825
050,22,033,"Louisiana","East Baton Rouge Parish",1,62,5259,2434,2825
050,22,033,"Louisiana","East Baton Rouge Parish",1,63,5186,2416,2770
050,22,033,"Louisiana","East Baton Rouge Parish",1,64,5104,2327,2777
050,22,033,"Louisiana","East Baton Rouge Parish",1,65,4881,2177,2704
050,22,033,"Louisiana","East Baton Rouge Parish",1,66,4803,2203,2600
050,22,033,"Louisiana","East Baton Rouge Parish",1,67,4629,2170,2459
050,22,033,"Louisiana","East Baton Rouge Parish",1,68,4353,1969,2384
050,22,033,"Louisiana","East Baton Rouge Parish",1,69,4181,1849,2332
050,22,033,"Louisiana","East Baton Rouge Parish",1,70,4008,1755,2253
050,22,033,"Louisiana","East Baton Rouge Parish",1,71,3839,1678,2161
050,22,033,"Louisiana","East Baton Rouge Parish",1,72,3745,1668,2077
050,22,033,"Louisiana","East Baton Rouge Parish",1,73,3694,1676,2018
050,22,033,"Louisiana","East Baton Rouge Parish",1,74,2626,1158,1468
050,22,033,"Louisiana","East Baton Rouge Parish",1,75,2560,1103,1457
050,22,033,"Louisiana","East Baton Rouge Parish",1,76,2464,1065,1399
050,22,033,"Louisiana","East Baton Rouge Parish",1,77,2369,1041,1328
050,22,033,"Louisiana","East Baton Rouge Parish",1,78,2004,866,1138
050,22,033,"Louisiana","East Baton Rouge Parish",1,79,1813,756,1057
050,22,033,"Louisiana","East Baton Rouge Parish",1,80,1616,640,976
050,22,033,"Louisiana","East Baton Rouge Parish",1,81,1475,584,891
050,22,033,"Louisiana","East Baton Rouge Parish",1,82,1435,580,855
050,22,033,"Louisiana","East Baton Rouge Parish",1,83,1226,486,740
050,22,033,"Louisiana","East Baton Rouge Parish",1,84,1146,441,705
050,22,033,"Louisiana","East Baton Rouge Parish",1,85,6542,2153,4389
050,22,033,"Louisiana","East Baton Rouge Parish",2,0,5675,2910,2765
050,22,033,"Louisiana","East Baton Rouge Parish",2,1,5842,2952,2890
050,22,033,"Louisiana","East Baton Rouge Parish",2,2,5966,3052,2914
050,22,033,"Louisiana","East Baton Rouge Parish",2,3,5913,3004,2909
050,22,033,"Louisiana","East Baton Rouge Parish",2,4,5947,2921,3026
050,22,033,"Louisiana","East Baton Rouge Parish",2,5,5956,2999,2957
050,22,033,"Louisiana","East Baton Rouge Parish",2,6,5823,2988,2835
050,22,033,"Louisiana","East Baton Rouge Parish",2,7,5719,2885,2834
050,22,033,"Louisiana","East Baton Rouge Parish",2,8,5622,2822,2800
050,22,033,"Louisiana","East Baton Rouge Parish",2,9,5690,2923,2767
050,22,033,"Louisiana","East Baton Rouge Parish",2,10,5776,2959,2817
050,22,033,"Louisiana","East Baton Rouge Parish",2,11,5846,2986,2860
050,22,033,"Louisiana","East Baton Rouge Parish",2,12,5960,3029,2931
050,22,033,"Louisiana","East Baton Rouge Parish",2,13,5848,2975,2873
050,22,033,"Louisiana","East Baton Rouge Parish",2,14,5670,2889,2781
050,22,033,"Louisiana","East Baton Rouge Parish",2,15,5524,2795,2729
050,22,033,"Louisiana","East Baton Rouge Parish",2,16,5586,2817,2769
050,22,033,"Louisiana","East Baton Rouge Parish",2,17,5653,2877,2776
050,22,033,"Louisiana","East Baton Rouge Parish",2,18,7964,3752,4212
050,22,033,"Louisiana","East Baton Rouge Parish",2,19,10804,4993,5811
050,22,033,"Louisiana","East Baton Rouge Parish",2,20,10562,4916,5646
050,22,033,"Louisiana","East Baton Rouge Parish",2,21,10395,4814,5581
050,22,033,"Louisiana","East Baton Rouge Parish",2,22,10065,4831,5234
050,22,033,"Louisiana","East Baton Rouge Parish",2,23,9109,4601,4508
050,22,033,"Louisiana","East Baton Rouge Parish",2,24,7730,3907,3823
050,22,033,"Louisiana","East Baton Rouge Parish",2,25,7124,3543,3581
050,22,033,"Louisiana","East Baton Rouge Parish",2,26,6866,3409,3457
050,22,033,"Louisiana","East Baton Rouge Parish",2,27,6624,3240,3384
050,22,033,"Louisiana","East Baton Rouge Parish",2,28,6685,3314,3371
050,22,033,"Louisiana","East Baton Rouge Parish",2,29,6501,3216,3285
050,22,033,"Louisiana","East Baton Rouge Parish",2,30,6307,3110,3197
050,22,033,"Louisiana","East Baton Rouge Parish",2,31,5904,2898,3006
050,22,033,"Louisiana","East Baton Rouge Parish",2,32,5704,2825,2879
050,22,033,"Louisiana","East Baton Rouge Parish",2,33,5727,2825,2902
050,22,033,"Louisiana","East Baton Rouge Parish",2,34,5924,2925,2999
050,22,033,"Louisiana","East Baton Rouge Parish",2,35,6103,3019,3084
050,22,033,"Louisiana","East Baton Rouge Parish",2,36,5999,2934,3065
050,22,033,"Louisiana","East Baton Rouge Parish",2,37,6117,3004,3113
050,22,033,"Louisiana","East Baton Rouge Parish",2,38,6064,2901,3163
050,22,033,"Louisiana","East Baton Rouge Parish",2,39,5909,2832,3077
050,22,033,"Louisiana","East Baton Rouge Parish",2,40,5783,2798,2985
050,22,033,"Louisiana","East Baton Rouge Parish",2,41,5437,2605,2832
050,22,033,"Louisiana","East Baton Rouge Parish",2,42,5165,2474,2691
050,22,033,"Louisiana","East Baton Rouge Parish",2,43,5002,2418,2584
050,22,033,"Louisiana","East Baton Rouge Parish",2,44,4748,2303,2445
050,22,033,"Louisiana","East Baton Rouge Parish",2,45,4706,2270,2436
050,22,033,"Louisiana","East Baton Rouge Parish",2,46,4600,2223,2377
050,22,033,"Louisiana","East Baton Rouge Parish",2,47,4690,2254,2436
050,22,033,"Louisiana","East Baton Rouge Parish",2,48,4734,2254,2480
050,22,033,"Louisiana","East Baton Rouge Parish",2,49,4899,2308,2591
050,22,033,"Louisiana","East Baton Rouge Parish",2,50,4862,2307,2555
050,22,033,"Louisiana","East Baton Rouge Parish",2,51,4729,2256,2473
050,22,033,"Louisiana","East Baton Rouge Parish",2,52,4701,2252,2449
050,22,033,"Louisiana","East Baton Rouge Parish",2,53,4725,2256,2469
050,22,033,"Louisiana","East Baton Rouge Parish",2,54,4880,2303,2577
050,22,033,"Louisiana","East Baton Rouge Parish",2,55,5112,2399,2713
050,22,033,"Louisiana","East Baton Rouge Parish",2,56,5259,2503,2756
050,22,033,"Louisiana","East Baton Rouge Parish",2,57,5324,2473,2851
050,22,033,"Louisiana","East Baton Rouge Parish",2,58,5311,2474,2837
050,22,033,"Louisiana","East Baton Rouge Parish",2,59,5322,2474,2848
050,22,033,"Louisiana","East Baton Rouge Parish",2,60,5299,2460,2839
050,22,033,"Louisiana","East Baton Rouge Parish",2,61,5264,2439,2825
050,22,033,"Louisiana","East Baton Rouge Parish",2,62,5213,2412,2801
050,22,033,"Louisiana","East Baton Rouge Parish",2,63,5216,2417,2799
050,22,033,"Louisiana","East Baton Rouge Parish",2,64,5062,2317,2745
050,22,033,"Louisiana","East Baton Rouge Parish",2,65,4897,2195,2702
050,22,033,"Louisiana","East Baton Rouge Parish",2,66,4809,2186,2623
050,22,033,"Louisiana","East Baton Rouge Parish",2,67,4628,2151,2477
050,22,033,"Louisiana","East Baton Rouge Parish",2,68,4368,1991,2377
050,22,033,"Louisiana","East Baton Rouge Parish",2,69,4219,1871,2348
050,22,033,"Louisiana","East Baton Rouge Parish",2,70,4008,1750,2258
050,22,033,"Louisiana","East Baton Rouge Parish",2,71,3846,1676,2170
050,22,033,"Louisiana","East Baton Rouge Parish",2,72,3697,1634,2063
050,22,033,"Louisiana","East Baton Rouge Parish",2,73,3814,1723,2091
050,22,033,"Louisiana","East Baton Rouge Parish",2,74,2692,1194,1498
050,22,033,"Louisiana","East Baton Rouge Parish",2,75,2565,1112,1453
050,22,033,"Louisiana","East Baton Rouge Parish",2,76,2445,1055,1390
050,22,033,"Louisiana","East Baton Rouge Parish",2,77,2419,1057,1362
050,22,033,"Louisiana","East Baton Rouge Parish",2,78,2031,876,1155
050,22,033,"Louisiana","East Baton Rouge Parish",2,79,1813,759,1054
050,22,033,"Louisiana","East Baton Rouge Parish",2,80,1651,663,988
050,22,033,"Louisiana","East Baton Rouge Parish",2,81,1469,581,888
050,22,033,"Louisiana","East Baton Rouge Parish",2,82,1419,564,855
050,22,033,"Louisiana","East Baton Rouge Parish",2,83,1233,486,747
050,22,033,"Louisiana","East Baton Rouge Parish",2,84,1136,437,699
050,22,033,"Louisiana","East Baton Rouge Parish",2,85,6494,2143,4351
050,22,033,"Louisiana","East Baton Rouge Parish",3,0,5524,2825,2699
050,22,033,"Louisiana","East Baton Rouge Parish",3,1,5562,2843,2719
050,22,033,"Louisiana","East Baton Rouge Parish",3,2,5741,2890,2851
050,22,033,"Louisiana","East Baton Rouge Parish",3,3,5837,2969,2868
050,22,033,"Louisiana","East Baton Rouge Parish",3,4,5853,2964,2889
050,22,033,"Louisiana","East Baton Rouge Parish",3,5,5876,2888,2988
050,22,033,"Louisiana","East Baton Rouge Parish",3,6,5872,2944,2928
050,22,033,"Louisiana","East Baton Rouge Parish",3,7,5807,2973,2834
050,22,033,"Louisiana","East Baton Rouge Parish",3,8,5626,2873,2753
050,22,033,"Louisiana","East Baton Rouge Parish",3,9,5593,2818,2775
050,22,033,"Louisiana","East Baton Rouge Parish",3,10,5625,2903,2722
050,22,033,"Louisiana","East Baton Rouge Parish",3,11,5742,2935,2807
050,22,033,"Louisiana","East Baton Rouge Parish",3,12,5839,2987,2852
050,22,033,"Louisiana","East Baton Rouge Parish",3,13,5911,3002,2909
050,22,033,"Louisiana","East Baton Rouge Parish",3,14,5789,2954,2835
050,22,033,"Louisiana","East Baton Rouge Parish",3,15,5616,2870,2746
050,22,033,"Louisiana","East Baton Rouge Parish",3,16,5504,2770,2734
050,22,033,"Louisiana","East Baton Rouge Parish",3,17,5597,2830,2767
050,22,033,"Louisiana","East Baton Rouge Parish",3,18,7853,3668,4185
050,22,033,"Louisiana","East Baton Rouge Parish",3,19,10651,4908,5743
050,22,033,"Louisiana","East Baton Rouge Parish",3,20,10628,4948,5680
050,22,033,"Louisiana","East Baton Rouge Parish",3,21,10545,4850,5695
050,22,033,"Louisiana","East Baton Rouge Parish",3,22,10074,4838,5236
050,22,033,"Louisiana","East Baton Rouge Parish",3,23,9036,4517,4519
050,22,033,"Louisiana","East Baton Rouge Parish",3,24,7744,3899,3845
050,22,033,"Louisiana","East Baton Rouge Parish",3,25,6932,3489,3443
050,22,033,"Louisiana","East Baton Rouge Parish",3,26,6520,3254,3266
050,22,033,"Louisiana","East Baton Rouge Parish",3,27,6396,3152,3244
050,22,033,"Louisiana","East Baton Rouge Parish",3,28,6512,3215,3297
050,22,033,"Louisiana","East Baton Rouge Parish",3,29,6361,3132,3229
050,22,033,"Louisiana","East Baton Rouge Parish",3,30,6391,3148,3243
050,22,033,"Louisiana","East Baton Rouge Parish",3,31,6078,2955,3123
050,22,033,"Louisiana","East Baton Rouge Parish",3,32,5799,2847,2952
050,22,033,"Louisiana","East Baton Rouge Parish",3,33,5601,2736,2865
050,22,033,"Louisiana","East Baton Rouge Parish",3,34,5639,2767,2872
050,22,033,"Louisiana","East Baton Rouge Parish",3,35,5794,2850,2944
050,22,033,"Louisiana","East Baton Rouge Parish",3,36,5952,2929,3023
050,22,033,"Louisiana","East Baton Rouge Parish",3,37,5859,2842,3017
050,22,033,"Louisiana","East Baton Rouge Parish",3,38,5989,2955,3034
050,22,033,"Louisiana","East Baton Rouge Parish",3,39,5947,2840,3107
050,22,033,"Louisiana","East Baton Rouge Parish",3,40,5772,2750,3022
050,22,033,"Louisiana","East Baton Rouge Parish",3,41,5711,2779,2932
050,22,033,"Louisiana","East Baton Rouge Parish",3,42,5323,2553,2770
050,22,033,"Louisiana","East Baton Rouge Parish",3,43,5079,2426,2653
050,22,033,"Louisiana","East Baton Rouge Parish",3,44,4955,2419,2536
050,22,033,"Louisiana","East Baton Rouge Parish",3,45,4708,2287,2421
050,22,033,"Louisiana","East Baton Rouge Parish",3,46,4639,2199,2440
050,22,033,"Louisiana","East Baton Rouge Parish",3,47,4555,2188,2367
050,22,033,"Louisiana","East Baton Rouge Parish",3,48,4675,2258,2417
050,22,033,"Louisiana","East Baton Rouge Parish",3,49,4724,2255,2469
050,22,033,"Louisiana","East Baton Rouge Parish",3,50,4882,2283,2599
050,22,033,"Louisiana","East Baton Rouge Parish",3,51,4771,2248,2523
050,22,033,"Louisiana","East Baton Rouge Parish",3,52,4707,2260,2447
050,22,033,"Louisiana","East Baton Rouge Parish",3,53,4639,2214,2425
050,22,033,"Louisiana","East Baton Rouge Parish",3,54,4700,2249,2451
050,22,033,"Louisiana","East Baton Rouge Parish",3,55,4783,2252,2531
050,22,033,"Louisiana","East Baton Rouge Parish",3,56,5106,2411,2695
050,22,033,"Louisiana","East Baton Rouge Parish",3,57,5169,2442,2727
050,22,033,"Louisiana","East Baton Rouge Parish",3,58,5195,2387,2808
050,22,033,"Louisiana","East Baton Rouge Parish",3,59,5201,2411,2790
050,22,033,"Louisiana","East Baton Rouge Parish",3,60,5206,2391,2815
050,22,033,"Louisiana","East Baton Rouge Parish",3,61,5204,2394,2810
050,22,033,"Louisiana","East Baton Rouge Parish",3,62,5180,2402,2778
050,22,033,"Louisiana","East Baton Rouge Parish",3,63,5115,2354,2761
050,22,033,"Louisiana","East Baton Rouge Parish",3,64,5093,2340,2753
050,22,033,"Louisiana","East Baton Rouge Parish",3,65,4921,2237,2684
050,22,033,"Louisiana","East Baton Rouge Parish",3,66,4784,2135,2649
050,22,033,"Louisiana","East Baton Rouge Parish",3,67,4674,2088,2586
050,22,033,"Louisiana","East Baton Rouge Parish",3,68,4551,2114,2437
050,22,033,"Louisiana","East Baton Rouge Parish",3,69,4248,1923,2325
050,22,033,"Louisiana","East Baton Rouge Parish",3,70,4109,1817,2292
050,22,033,"Louisiana","East Baton Rouge Parish",3,71,3907,1702,2205
050,22,033,"Louisiana","East Baton Rouge Parish",3,72,3728,1609,2119
050,22,033,"Louisiana","East Baton Rouge Parish",3,73,3585,1573,2012
050,22,033,"Louisiana","East Baton Rouge Parish",3,74,3671,1651,2020
050,22,033,"Louisiana","East Baton Rouge Parish",3,75,2592,1142,1450
050,22,033,"Louisiana","East Baton Rouge Parish",3,76,2451,1062,1389
050,22,033,"Louisiana","East Baton Rouge Parish",3,77,2343,997,1346
050,22,033,"Louisiana","East Baton Rouge Parish",3,78,2317,1006,1311
050,22,033,"Louisiana","East Baton Rouge Parish",3,79,1913,809,1104
050,22,033,"Louisiana","East Baton Rouge Parish",3,80,1739,722,1017
050,22,033,"Louisiana","East Baton Rouge Parish",3,81,1533,600,933
050,22,033,"Louisiana","East Baton Rouge Parish",3,82,1375,530,845
050,22,033,"Louisiana","East Baton Rouge Parish",3,83,1283,487,796
050,22,033,"Louisiana","East Baton Rouge Parish",3,84,1133,440,693
050,22,033,"Louisiana","East Baton Rouge Parish",3,85,6432,2145,4287
050,22,033,"Louisiana","East Baton Rouge Parish",4,0,5541,2829,2712
050,22,033,"Louisiana","East Baton Rouge Parish",4,1,5415,2739,2676
050,22,033,"Louisiana","East Baton Rouge Parish",4,2,5507,2845,2662
050,22,033,"Louisiana","East Baton Rouge Parish",4,3,5659,2835,2824
050,22,033,"Louisiana","East Baton Rouge Parish",4,4,5727,2882,2845
050,22,033,"Louisiana","East Baton Rouge Parish",4,5,5824,2959,2865
050,22,033,"Louisiana","East Baton Rouge Parish",4,6,5834,2867,2967
050,22,033,"Louisiana","East Baton Rouge Parish",4,7,5760,2900,2860
050,22,033,"Louisiana","East Baton Rouge Parish",4,8,5694,2932,2762
050,22,033,"Louisiana","East Baton Rouge Parish",4,9,5567,2846,2721
050,22,033,"Louisiana","East Baton Rouge Parish",4,10,5551,2802,2749
050,22,033,"Louisiana","East Baton Rouge Parish",4,11,5553,2852,2701
050,22,033,"Louisiana","East Baton Rouge Parish",4,12,5666,2920,2746
050,22,033,"Louisiana","East Baton Rouge Parish",4,13,5760,2952,2808
050,22,033,"Louisiana","East Baton Rouge Parish",4,14,5867,2941,2926
050,22,033,"Louisiana","East Baton Rouge Parish",4,15,5730,2935,2795
050,22,033,"Louisiana","East Baton Rouge Parish",4,16,5643,2902,2741
050,22,033,"Louisiana","East Baton Rouge Parish",4,17,5525,2793,2732
050,22,033,"Louisiana","East Baton Rouge Parish",4,18,7757,3600,4157
050,22,033,"Louisiana","East Baton Rouge Parish",4,19,10498,4834,5664
050,22,033,"Louisiana","East Baton Rouge Parish",4,20,10285,4762,5523
050,22,033,"Louisiana","East Baton Rouge Parish",4,21,10634,4927,5707
050,22,033,"Louisiana","East Baton Rouge Parish",4,22,10224,4853,5371
050,22,033,"Louisiana","East Baton Rouge Parish",4,23,9082,4544,4538
050,22,033,"Louisiana","East Baton Rouge Parish",4,24,7631,3773,3858
050,22,033,"Louisiana","East Baton Rouge Parish",4,25,6885,3425,3460
050,22,033,"Louisiana","East Baton Rouge Parish",4,26,6347,3141,3206
050,22,033,"Louisiana","East Baton Rouge Parish",4,27,5963,2923,3040
050,22,033,"Louisiana","East Baton Rouge Parish",4,28,6173,3052,3121
050,22,033,"Louisiana","East Baton Rouge Parish",4,29,6222,3064,3158
050,22,033,"Louisiana","East Baton Rouge Parish",4,30,6215,3047,3168
050,22,033,"Louisiana","East Baton Rouge Parish",4,31,6137,2959,3178
050,22,033,"Louisiana","East Baton Rouge Parish",4,32,6012,2905,3107
050,22,033,"Louisiana","East Baton Rouge Parish",4,33,5668,2774,2894
050,22,033,"Louisiana","East Baton Rouge Parish",4,34,5448,2659,2789
050,22,033,"Louisiana","East Baton Rouge Parish",4,35,5500,2727,2773
050,22,033,"Louisiana","East Baton Rouge Parish",4,36,5646,2753,2893
050,22,033,"Louisiana","East Baton Rouge Parish",4,37,5857,2847,3010
050,22,033,"Louisiana","East Baton Rouge Parish",4,38,5753,2814,2939
050,22,033,"Louisiana","East Baton Rouge Parish",4,39,5832,2872,2960
050,22,033,"Louisiana","East Baton Rouge Parish",4,40,5807,2774,3033
050,22,033,"Louisiana","East Baton Rouge Parish",4,41,5680,2667,3013
050,22,033,"Louisiana","East Baton Rouge Parish",4,42,5626,2704,2922
050,22,033,"Louisiana","East Baton Rouge Parish",4,43,5218,2496,2722
050,22,033,"Louisiana","East Baton Rouge Parish",4,44,5015,2393,2622
050,22,033,"Louisiana","East Baton Rouge Parish",4,45,4942,2424,2518
050,22,033,"Louisiana","East Baton Rouge Parish",4,46,4578,2179,2399
050,22,033,"Louisiana","East Baton Rouge Parish",4,47,4547,2145,2402
050,22,033,"Louisiana","East Baton Rouge Parish",4,48,4488,2156,2332
050,22,033,"Louisiana","East Baton Rouge Parish",4,49,4610,2247,2363
050,22,033,"Louisiana","East Baton Rouge Parish",4,50,4699,2235,2464
050,22,033,"Louisiana","East Baton Rouge Parish",4,51,4761,2232,2529
050,22,033,"Louisiana","East Baton Rouge Parish",4,52,4671,2211,2460
050,22,033,"Louisiana","East Baton Rouge Parish",4,53,4572,2183,2389
050,22,033,"Louisiana","East Baton Rouge Parish",4,54,4549,2190,2359
050,22,033,"Louisiana","East Baton Rouge Parish",4,55,4604,2172,2432
050,22,033,"Louisiana","East Baton Rouge Parish",4,56,4706,2217,2489
050,22,033,"Louisiana","East Baton Rouge Parish",4,57,5018,2356,2662
050,22,033,"Louisiana","East Baton Rouge Parish",4,58,5019,2366,2653
050,22,033,"Louisiana","East Baton Rouge Parish",4,59,5123,2338,2785
050,22,033,"Louisiana","East Baton Rouge Parish",4,60,5090,2340,2750
050,22,033,"Louisiana","East Baton Rouge Parish",4,61,5117,2334,2783
050,22,033,"Louisiana","East Baton Rouge Parish",4,62,5069,2329,2740
050,22,033,"Louisiana","East Baton Rouge Parish",4,63,5039,2328,2711
050,22,033,"Louisiana","East Baton Rouge Parish",4,64,5033,2309,2724
050,22,033,"Louisiana","East Baton Rouge Parish",4,65,4961,2283,2678
050,22,033,"Louisiana","East Baton Rouge Parish",4,66,4808,2181,2627
050,22,033,"Louisiana","East Baton Rouge Parish",4,67,4654,2061,2593
050,22,033,"Louisiana","East Baton Rouge Parish",4,68,4537,2026,2511
050,22,033,"Louisiana","East Baton Rouge Parish",4,69,4445,2059,2386
050,22,033,"Louisiana","East Baton Rouge Parish",4,70,4108,1845,2263
050,22,033,"Louisiana","East Baton Rouge Parish",4,71,4005,1762,2243
050,22,033,"Louisiana","East Baton Rouge Parish",4,72,3816,1635,2181
050,22,033,"Louisiana","East Baton Rouge Parish",4,73,3633,1558,2075
050,22,033,"Louisiana","East Baton Rouge Parish",4,74,3458,1519,1939
050,22,033,"Louisiana","East Baton Rouge Parish",4,75,3538,1568,1970
050,22,033,"Louisiana","East Baton Rouge Parish",4,76,2468,1068,1400
050,22,033,"Louisiana","East Baton Rouge Parish",4,77,2362,1005,1357
050,22,033,"Louisiana","East Baton Rouge Parish",4,78,2266,951,1315
050,22,033,"Louisiana","East Baton Rouge Parish",4,79,2175,930,1245
050,22,033,"Louisiana","East Baton Rouge Parish",4,80,1838,774,1064
050,22,033,"Louisiana","East Baton Rouge Parish",4,81,1630,670,960
050,22,033,"Louisiana","East Baton Rouge Parish",4,82,1424,549,875
050,22,033,"Louisiana","East Baton Rouge Parish",4,83,1256,464,792
050,22,033,"Louisiana","East Baton Rouge Parish",4,84,1182,440,742
050,22,033,"Louisiana","East Baton Rouge Parish",4,85,6354,2177,4177
050,22,033,"Louisiana","East Baton Rouge Parish",5,0,5440,2775,2665
050,22,033,"Louisiana","East Baton Rouge Parish",5,1,5472,2807,2665
050,22,033,"Louisiana","East Baton Rouge Parish",5,2,5359,2718,2641
050,22,033,"Louisiana","East Baton Rouge Parish",5,3,5372,2788,2584
050,22,033,"Louisiana","East Baton Rouge Parish",5,4,5576,2797,2779
050,22,033,"Louisiana","East Baton Rouge Parish",5,5,5718,2887,2831
050,22,033,"Louisiana","East Baton Rouge Parish",5,6,5774,2937,2837
050,22,033,"Louisiana","East Baton Rouge Parish",5,7,5789,2807,2982
050,22,033,"Louisiana","East Baton Rouge Parish",5,8,5750,2932,2818
050,22,033,"Louisiana","East Baton Rouge Parish",5,9,5596,2876,2720
050,22,033,"Louisiana","East Baton Rouge Parish",5,10,5549,2850,2699
050,22,033,"Louisiana","East Baton Rouge Parish",5,11,5512,2782,2730
050,22,033,"Louisiana","East Baton Rouge Parish",5,12,5492,2834,2658
050,22,033,"Louisiana","East Baton Rouge Parish",5,13,5642,2908,2734
050,22,033,"Louisiana","East Baton Rouge Parish",5,14,5762,2958,2804
050,22,033,"Louisiana","East Baton Rouge Parish",5,15,5826,2938,2888
050,22,033,"Louisiana","East Baton Rouge Parish",5,16,5688,2917,2771
050,22,033,"Louisiana","East Baton Rouge Parish",5,17,5654,2885,2769
050,22,033,"Louisiana","East Baton Rouge Parish",5,18,7725,3588,4137
050,22,033,"Louisiana","East Baton Rouge Parish",5,19,10493,4821,5672
050,22,033,"Louisiana","East Baton Rouge Parish",5,20,10194,4737,5457
050,22,033,"Louisiana","East Baton Rouge Parish",5,21,10270,4718,5552
050,22,033,"Louisiana","East Baton Rouge Parish",5,22,10301,4936,5365
050,22,033,"Louisiana","East Baton Rouge Parish",5,23,9257,4588,4669
050,22,033,"Louisiana","East Baton Rouge Parish",5,24,7777,3860,3917
050,22,033,"Louisiana","East Baton Rouge Parish",5,25,6711,3275,3436
050,22,033,"Louisiana","East Baton Rouge Parish",5,26,6272,3101,3171
050,22,033,"Louisiana","East Baton Rouge Parish",5,27,5840,2848,2992
050,22,033,"Louisiana","East Baton Rouge Parish",5,28,5756,2845,2911
050,22,033,"Louisiana","East Baton Rouge Parish",5,29,5950,2911,3039
050,22,033,"Louisiana","East Baton Rouge Parish",5,30,6030,2942,3088
050,22,033,"Louisiana","East Baton Rouge Parish",5,31,5961,2904,3057
050,22,033,"Louisiana","East Baton Rouge Parish",5,32,6117,2922,3195
050,22,033,"Louisiana","East Baton Rouge Parish",5,33,5823,2804,3019
050,22,033,"Louisiana","East Baton Rouge Parish",5,34,5532,2677,2855
050,22,033,"Louisiana","East Baton Rouge Parish",5,35,5350,2636,2714
050,22,033,"Louisiana","East Baton Rouge Parish",5,36,5390,2654,2736
050,22,033,"Louisiana","East Baton Rouge Parish",5,37,5566,2707,2859
050,22,033,"Louisiana","East Baton Rouge Parish",5,38,5769,2827,2942
050,22,033,"Louisiana","East Baton Rouge Parish",5,39,5623,2724,2899
050,22,033,"Louisiana","East Baton Rouge Parish",5,40,5767,2835,2932
050,22,033,"Louisiana","East Baton Rouge Parish",5,41,5742,2722,3020
050,22,033,"Louisiana","East Baton Rouge Parish",5,42,5620,2640,2980
050,22,033,"Louisiana","East Baton Rouge Parish",5,43,5563,2657,2906
050,22,033,"Louisiana","East Baton Rouge Parish",5,44,5149,2470,2679
050,22,033,"Louisiana","East Baton Rouge Parish",5,45,5020,2396,2624
050,22,033,"Louisiana","East Baton Rouge Parish",5,46,4858,2356,2502
050,22,033,"Louisiana","East Baton Rouge Parish",5,47,4527,2120,2407
050,22,033,"Louisiana","East Baton Rouge Parish",5,48,4535,2148,2387
050,22,033,"Louisiana","East Baton Rouge Parish",5,49,4468,2146,2322
050,22,033,"Louisiana","East Baton Rouge Parish",5,50,4614,2252,2362
050,22,033,"Louisiana","East Baton Rouge Parish",5,51,4628,2202,2426
050,22,033,"Louisiana","East Baton Rouge Parish",5,52,4684,2208,2476
050,22,033,"Louisiana","East Baton Rouge Parish",5,53,4579,2153,2426
050,22,033,"Louisiana","East Baton Rouge Parish",5,54,4574,2194,2380
050,22,033,"Louisiana","East Baton Rouge Parish",5,55,4522,2166,2356
050,22,033,"Louisiana","East Baton Rouge Parish",5,56,4577,2173,2404
050,22,033,"Louisiana","East Baton Rouge Parish",5,57,4634,2162,2472
050,22,033,"Louisiana","East Baton Rouge Parish",5,58,4901,2296,2605
050,22,033,"Louisiana","East Baton Rouge Parish",5,59,4933,2317,2616
050,22,033,"Louisiana","East Baton Rouge Parish",5,60,5012,2278,2734
050,22,033,"Louisiana","East Baton Rouge Parish",5,61,5040,2300,2740
050,22,033,"Louisiana","East Baton Rouge Parish",5,62,4965,2269,2696
050,22,033,"Louisiana","East Baton Rouge Parish",5,63,5025,2300,2725
050,22,033,"Louisiana","East Baton Rouge Parish",5,64,4949,2282,2667
050,22,033,"Louisiana","East Baton Rouge Parish",5,65,4906,2246,2660
050,22,033,"Louisiana","East Baton Rouge Parish",5,66,4866,2242,2624
050,22,033,"Louisiana","East Baton Rouge Parish",5,67,4703,2112,2591
050,22,033,"Louisiana","East Baton Rouge Parish",5,68,4541,2000,2541
050,22,033,"Louisiana","East Baton Rouge Parish",5,69,4451,1976,2475
050,22,033,"Louisiana","East Baton Rouge Parish",5,70,4330,2002,2328
050,22,033,"Louisiana","East Baton Rouge Parish",5,71,4006,1799,2207
050,22,033,"Louisiana","East Baton Rouge Parish",5,72,3940,1708,2232
050,22,033,"Louisiana","East Baton Rouge Parish",5,73,3740,1598,2142
050,22,033,"Louisiana","East Baton Rouge Parish",5,74,3507,1512,1995
050,22,033,"Louisiana","East Baton Rouge Parish",5,75,3352,1458,1894
050,22,033,"Louisiana","East Baton Rouge Parish",5,76,3398,1499,1899
050,22,033,"Louisiana","East Baton Rouge Parish",5,77,2388,1023,1365
050,22,033,"Louisiana","East Baton Rouge Parish",5,78,2292,964,1328
050,22,033,"Louisiana","East Baton Rouge Parish",5,79,2166,900,1266
050,22,033,"Louisiana","East Baton Rouge Parish",5,80,2100,892,1208
050,22,033,"Louisiana","East Baton Rouge Parish",5,81,1735,722,1013
050,22,033,"Louisiana","East Baton Rouge Parish",5,82,1547,630,917
050,22,033,"Louisiana","East Baton Rouge Parish",5,83,1307,485,822
050,22,033,"Louisiana","East Baton Rouge Parish",5,84,1165,425,740
050,22,033,"Louisiana","East Baton Rouge Parish",5,85,6463,2256,4207
050,22,035,"Louisiana","East Carroll Parish",1,0,66,32,34
050,22,035,"Louisiana","East Carroll Parish",1,1,64,34,30
050,22,035,"Louisiana","East Carroll Parish",1,2,73,40,33
050,22,035,"Louisiana","East Carroll Parish",1,3,104,47,57
050,22,035,"Louisiana","East Carroll Parish",1,4,78,34,44
050,22,035,"Louisiana","East Carroll Parish",1,5,105,51,54
050,22,035,"Louisiana","East Carroll Parish",1,6,104,55,49
050,22,035,"Louisiana","East Carroll Parish",1,7,91,49,42
050,22,035,"Louisiana","East Carroll Parish",1,8,100,50,50
050,22,035,"Louisiana","East Carroll Parish",1,9,96,40,56
050,22,035,"Louisiana","East Carroll Parish",1,10,89,41,48
050,22,035,"Louisiana","East Carroll Parish",1,11,95,48,47
050,22,035,"Louisiana","East Carroll Parish",1,12,94,52,42
050,22,035,"Louisiana","East Carroll Parish",1,13,93,50,43
050,22,035,"Louisiana","East Carroll Parish",1,14,94,50,44
050,22,035,"Louisiana","East Carroll Parish",1,15,95,47,48
050,22,035,"Louisiana","East Carroll Parish",1,16,97,43,54
050,22,035,"Louisiana","East Carroll Parish",1,17,100,51,49
050,22,035,"Louisiana","East Carroll Parish",1,18,69,35,34
050,22,035,"Louisiana","East Carroll Parish",1,19,84,56,28
050,22,035,"Louisiana","East Carroll Parish",1,20,85,59,26
050,22,035,"Louisiana","East Carroll Parish",1,21,138,91,47
050,22,035,"Louisiana","East Carroll Parish",1,22,101,69,32
050,22,035,"Louisiana","East Carroll Parish",1,23,120,88,32
050,22,035,"Louisiana","East Carroll Parish",1,24,120,84,36
050,22,035,"Louisiana","East Carroll Parish",1,25,136,102,34
050,22,035,"Louisiana","East Carroll Parish",1,26,148,107,41
050,22,035,"Louisiana","East Carroll Parish",1,27,118,77,41
050,22,035,"Louisiana","East Carroll Parish",1,28,155,116,39
050,22,035,"Louisiana","East Carroll Parish",1,29,148,116,32
050,22,035,"Louisiana","East Carroll Parish",1,30,128,88,40
050,22,035,"Louisiana","East Carroll Parish",1,31,115,78,37
050,22,035,"Louisiana","East Carroll Parish",1,32,99,72,27
050,22,035,"Louisiana","East Carroll Parish",1,33,90,63,27
050,22,035,"Louisiana","East Carroll Parish",1,34,98,71,27
050,22,035,"Louisiana","East Carroll Parish",1,35,99,65,34
050,22,035,"Louisiana","East Carroll Parish",1,36,120,83,37
050,22,035,"Louisiana","East Carroll Parish",1,37,114,77,37
050,22,035,"Louisiana","East Carroll Parish",1,38,90,59,31
050,22,035,"Louisiana","East Carroll Parish",1,39,90,62,28
050,22,035,"Louisiana","East Carroll Parish",1,40,82,48,34
050,22,035,"Louisiana","East Carroll Parish",1,41,99,57,42
050,22,035,"Louisiana","East Carroll Parish",1,42,104,72,32
050,22,035,"Louisiana","East Carroll Parish",1,43,92,58,34
050,22,035,"Louisiana","East Carroll Parish",1,44,104,72,32
050,22,035,"Louisiana","East Carroll Parish",1,45,94,65,29
050,22,035,"Louisiana","East Carroll Parish",1,46,83,55,28
050,22,035,"Louisiana","East Carroll Parish",1,47,88,59,29
050,22,035,"Louisiana","East Carroll Parish",1,48,88,62,26
050,22,035,"Louisiana","East Carroll Parish",1,49,89,50,39
050,22,035,"Louisiana","East Carroll Parish",1,50,77,43,34
050,22,035,"Louisiana","East Carroll Parish",1,51,74,41,33
050,22,035,"Louisiana","East Carroll Parish",1,52,77,41,36
050,22,035,"Louisiana","East Carroll Parish",1,53,89,53,36
050,22,035,"Louisiana","East Carroll Parish",1,54,79,36,43
050,22,035,"Louisiana","East Carroll Parish",1,55,100,59,41
050,22,035,"Louisiana","East Carroll Parish",1,56,94,57,37
050,22,035,"Louisiana","East Carroll Parish",1,57,94,59,35
050,22,035,"Louisiana","East Carroll Parish",1,58,90,55,35
050,22,035,"Louisiana","East Carroll Parish",1,59,103,56,47
050,22,035,"Louisiana","East Carroll Parish",1,60,91,45,46
050,22,035,"Louisiana","East Carroll Parish",1,61,98,47,51
050,22,035,"Louisiana","East Carroll Parish",1,62,85,40,45
050,22,035,"Louisiana","East Carroll Parish",1,63,87,42,45
050,22,035,"Louisiana","East Carroll Parish",1,64,86,44,42
050,22,035,"Louisiana","East Carroll Parish",1,65,88,44,44
050,22,035,"Louisiana","East Carroll Parish",1,66,66,36,30
050,22,035,"Louisiana","East Carroll Parish",1,67,65,30,35
050,22,035,"Louisiana","East Carroll Parish",1,68,71,35,36
050,22,035,"Louisiana","East Carroll Parish",1,69,62,31,31
050,22,035,"Louisiana","East Carroll Parish",1,70,68,33,35
050,22,035,"Louisiana","East Carroll Parish",1,71,71,34,37
050,22,035,"Louisiana","East Carroll Parish",1,72,55,22,33
050,22,035,"Louisiana","East Carroll Parish",1,73,51,23,28
050,22,035,"Louisiana","East Carroll Parish",1,74,40,16,24
050,22,035,"Louisiana","East Carroll Parish",1,75,47,20,27
050,22,035,"Louisiana","East Carroll Parish",1,76,37,18,19
050,22,035,"Louisiana","East Carroll Parish",1,77,42,20,22
050,22,035,"Louisiana","East Carroll Parish",1,78,43,12,31
050,22,035,"Louisiana","East Carroll Parish",1,79,37,14,23
050,22,035,"Louisiana","East Carroll Parish",1,80,35,13,22
050,22,035,"Louisiana","East Carroll Parish",1,81,29,13,16
050,22,035,"Louisiana","East Carroll Parish",1,82,30,11,19
050,22,035,"Louisiana","East Carroll Parish",1,83,32,14,18
050,22,035,"Louisiana","East Carroll Parish",1,84,26,9,17
050,22,035,"Louisiana","East Carroll Parish",1,85,114,30,84
050,22,035,"Louisiana","East Carroll Parish",2,0,66,34,32
050,22,035,"Louisiana","East Carroll Parish",2,1,63,33,30
050,22,035,"Louisiana","East Carroll Parish",2,2,71,38,33
050,22,035,"Louisiana","East Carroll Parish",2,3,94,43,51
050,22,035,"Louisiana","East Carroll Parish",2,4,83,37,46
050,22,035,"Louisiana","East Carroll Parish",2,5,98,48,50
050,22,035,"Louisiana","East Carroll Parish",2,6,102,54,48
050,22,035,"Louisiana","East Carroll Parish",2,7,95,50,45
050,22,035,"Louisiana","East Carroll Parish",2,8,97,49,48
050,22,035,"Louisiana","East Carroll Parish",2,9,95,42,53
050,22,035,"Louisiana","East Carroll Parish",2,10,90,41,49
050,22,035,"Louisiana","East Carroll Parish",2,11,93,47,46
050,22,035,"Louisiana","East Carroll Parish",2,12,93,51,42
050,22,035,"Louisiana","East Carroll Parish",2,13,92,49,43
050,22,035,"Louisiana","East Carroll Parish",2,14,91,49,42
050,22,035,"Louisiana","East Carroll Parish",2,15,92,46,46
050,22,035,"Louisiana","East Carroll Parish",2,16,95,44,51
050,22,035,"Louisiana","East Carroll Parish",2,17,100,51,49
050,22,035,"Louisiana","East Carroll Parish",2,18,71,36,35
050,22,035,"Louisiana","East Carroll Parish",2,19,80,52,28
050,22,035,"Louisiana","East Carroll Parish",2,20,86,60,26
050,22,035,"Louisiana","East Carroll Parish",2,21,131,89,42
050,22,035,"Louisiana","East Carroll Parish",2,22,102,70,32
050,22,035,"Louisiana","East Carroll Parish",2,23,120,88,32
050,22,035,"Louisiana","East Carroll Parish",2,24,119,84,35
050,22,035,"Louisiana","East Carroll Parish",2,25,135,101,34
050,22,035,"Louisiana","East Carroll Parish",2,26,146,106,40
050,22,035,"Louisiana","East Carroll Parish",2,27,118,79,39
050,22,035,"Louisiana","East Carroll Parish",2,28,153,114,39
050,22,035,"Louisiana","East Carroll Parish",2,29,150,117,33
050,22,035,"Louisiana","East Carroll Parish",2,30,128,89,39
050,22,035,"Louisiana","East Carroll Parish",2,31,115,77,38
050,22,035,"Louisiana","East Carroll Parish",2,32,103,74,29
050,22,035,"Louisiana","East Carroll Parish",2,33,88,62,26
050,22,035,"Louisiana","East Carroll Parish",2,34,96,70,26
050,22,035,"Louisiana","East Carroll Parish",2,35,97,66,31
050,22,035,"Louisiana","East Carroll Parish",2,36,118,80,38
050,22,035,"Louisiana","East Carroll Parish",2,37,116,80,36
050,22,035,"Louisiana","East Carroll Parish",2,38,91,59,32
050,22,035,"Louisiana","East Carroll Parish",2,39,88,60,28
050,22,035,"Louisiana","East Carroll Parish",2,40,84,51,33
050,22,035,"Louisiana","East Carroll Parish",2,41,98,57,41
050,22,035,"Louisiana","East Carroll Parish",2,42,101,68,33
050,22,035,"Louisiana","East Carroll Parish",2,43,95,61,34
050,22,035,"Louisiana","East Carroll Parish",2,44,101,69,32
050,22,035,"Louisiana","East Carroll Parish",2,45,94,66,28
050,22,035,"Louisiana","East Carroll Parish",2,46,86,58,28
050,22,035,"Louisiana","East Carroll Parish",2,47,88,59,29
050,22,035,"Louisiana","East Carroll Parish",2,48,87,61,26
050,22,035,"Louisiana","East Carroll Parish",2,49,88,50,38
050,22,035,"Louisiana","East Carroll Parish",2,50,75,42,33
050,22,035,"Louisiana","East Carroll Parish",2,51,76,43,33
050,22,035,"Louisiana","East Carroll Parish",2,52,73,38,35
050,22,035,"Louisiana","East Carroll Parish",2,53,89,53,36
050,22,035,"Louisiana","East Carroll Parish",2,54,77,36,41
050,22,035,"Louisiana","East Carroll Parish",2,55,96,55,41
050,22,035,"Louisiana","East Carroll Parish",2,56,93,56,37
050,22,035,"Louisiana","East Carroll Parish",2,57,92,57,35
050,22,035,"Louisiana","East Carroll Parish",2,58,89,54,35
050,22,035,"Louisiana","East Carroll Parish",2,59,98,55,43
050,22,035,"Louisiana","East Carroll Parish",2,60,92,47,45
050,22,035,"Louisiana","East Carroll Parish",2,61,94,45,49
050,22,035,"Louisiana","East Carroll Parish",2,62,89,42,47
050,22,035,"Louisiana","East Carroll Parish",2,63,85,40,45
050,22,035,"Louisiana","East Carroll Parish",2,64,86,44,42
050,22,035,"Louisiana","East Carroll Parish",2,65,88,44,44
050,22,035,"Louisiana","East Carroll Parish",2,66,71,38,33
050,22,035,"Louisiana","East Carroll Parish",2,67,64,30,34
050,22,035,"Louisiana","East Carroll Parish",2,68,69,35,34
050,22,035,"Louisiana","East Carroll Parish",2,69,63,31,32
050,22,035,"Louisiana","East Carroll Parish",2,70,67,34,33
050,22,035,"Louisiana","East Carroll Parish",2,71,69,33,36
050,22,035,"Louisiana","East Carroll Parish",2,72,58,25,33
050,22,035,"Louisiana","East Carroll Parish",2,73,51,22,29
050,22,035,"Louisiana","East Carroll Parish",2,74,40,17,23
050,22,035,"Louisiana","East Carroll Parish",2,75,45,19,26
050,22,035,"Louisiana","East Carroll Parish",2,76,40,19,21
050,22,035,"Louisiana","East Carroll Parish",2,77,41,19,22
050,22,035,"Louisiana","East Carroll Parish",2,78,41,13,28
050,22,035,"Louisiana","East Carroll Parish",2,79,38,14,24
050,22,035,"Louisiana","East Carroll Parish",2,80,36,13,23
050,22,035,"Louisiana","East Carroll Parish",2,81,31,13,18
050,22,035,"Louisiana","East Carroll Parish",2,82,30,12,18
050,22,035,"Louisiana","East Carroll Parish",2,83,30,13,17
050,22,035,"Louisiana","East Carroll Parish",2,84,26,9,17
050,22,035,"Louisiana","East Carroll Parish",2,85,112,31,81
050,22,035,"Louisiana","East Carroll Parish",3,0,78,33,45
050,22,035,"Louisiana","East Carroll Parish",3,1,49,29,20
050,22,035,"Louisiana","East Carroll Parish",3,2,60,29,31
050,22,035,"Louisiana","East Carroll Parish",3,3,70,36,34
050,22,035,"Louisiana","East Carroll Parish",3,4,89,40,49
050,22,035,"Louisiana","East Carroll Parish",3,5,91,42,49
050,22,035,"Louisiana","East Carroll Parish",3,6,86,46,40
050,22,035,"Louisiana","East Carroll Parish",3,7,103,52,51
050,22,035,"Louisiana","East Carroll Parish",3,8,88,48,40
050,22,035,"Louisiana","East Carroll Parish",3,9,89,47,42
050,22,035,"Louisiana","East Carroll Parish",3,10,92,40,52
050,22,035,"Louisiana","East Carroll Parish",3,11,83,37,46
050,22,035,"Louisiana","East Carroll Parish",3,12,86,42,44
050,22,035,"Louisiana","East Carroll Parish",3,13,83,43,40
050,22,035,"Louisiana","East Carroll Parish",3,14,93,51,42
050,22,035,"Louisiana","East Carroll Parish",3,15,89,52,37
050,22,035,"Louisiana","East Carroll Parish",3,16,87,46,41
050,22,035,"Louisiana","East Carroll Parish",3,17,102,52,50
050,22,035,"Louisiana","East Carroll Parish",3,18,76,38,38
050,22,035,"Louisiana","East Carroll Parish",3,19,75,46,29
050,22,035,"Louisiana","East Carroll Parish",3,20,85,57,28
050,22,035,"Louisiana","East Carroll Parish",3,21,117,86,31
050,22,035,"Louisiana","East Carroll Parish",3,22,103,71,32
050,22,035,"Louisiana","East Carroll Parish",3,23,121,91,30
050,22,035,"Louisiana","East Carroll Parish",3,24,114,85,29
050,22,035,"Louisiana","East Carroll Parish",3,25,130,99,31
050,22,035,"Louisiana","East Carroll Parish",3,26,151,115,36
050,22,035,"Louisiana","East Carroll Parish",3,27,118,81,37
050,22,035,"Louisiana","East Carroll Parish",3,28,152,110,42
050,22,035,"Louisiana","East Carroll Parish",3,29,150,117,33
050,22,035,"Louisiana","East Carroll Parish",3,30,136,102,34
050,22,035,"Louisiana","East Carroll Parish",3,31,119,75,44
050,22,035,"Louisiana","East Carroll Parish",3,32,121,84,37
050,22,035,"Louisiana","East Carroll Parish",3,33,91,62,29
050,22,035,"Louisiana","East Carroll Parish",3,34,90,70,20
050,22,035,"Louisiana","East Carroll Parish",3,35,96,68,28
050,22,035,"Louisiana","East Carroll Parish",3,36,114,77,37
050,22,035,"Louisiana","East Carroll Parish",3,37,110,82,28
050,22,035,"Louisiana","East Carroll Parish",3,38,98,63,35
050,22,035,"Louisiana","East Carroll Parish",3,39,88,55,33
050,22,035,"Louisiana","East Carroll Parish",3,40,82,55,27
050,22,035,"Louisiana","East Carroll Parish",3,41,92,57,35
050,22,035,"Louisiana","East Carroll Parish",3,42,96,58,38
050,22,035,"Louisiana","East Carroll Parish",3,43,94,65,29
050,22,035,"Louisiana","East Carroll Parish",3,44,93,60,33
050,22,035,"Louisiana","East Carroll Parish",3,45,87,59,28
050,22,035,"Louisiana","East Carroll Parish",3,46,88,61,27
050,22,035,"Louisiana","East Carroll Parish",3,47,91,63,28
050,22,035,"Louisiana","East Carroll Parish",3,48,86,60,26
050,22,035,"Louisiana","East Carroll Parish",3,49,83,51,32
050,22,035,"Louisiana","East Carroll Parish",3,50,77,45,32
050,22,035,"Louisiana","East Carroll Parish",3,51,80,47,33
050,22,035,"Louisiana","East Carroll Parish",3,52,68,35,33
050,22,035,"Louisiana","East Carroll Parish",3,53,86,50,36
050,22,035,"Louisiana","East Carroll Parish",3,54,73,36,37
050,22,035,"Louisiana","East Carroll Parish",3,55,81,41,40
050,22,035,"Louisiana","East Carroll Parish",3,56,88,51,37
050,22,035,"Louisiana","East Carroll Parish",3,57,92,55,37
050,22,035,"Louisiana","East Carroll Parish",3,58,82,49,33
050,22,035,"Louisiana","East Carroll Parish",3,59,87,52,35
050,22,035,"Louisiana","East Carroll Parish",3,60,100,59,41
050,22,035,"Louisiana","East Carroll Parish",3,61,89,45,44
050,22,035,"Louisiana","East Carroll Parish",3,62,92,43,49
050,22,035,"Louisiana","East Carroll Parish",3,63,84,38,46
050,22,035,"Louisiana","East Carroll Parish",3,64,81,38,43
050,22,035,"Louisiana","East Carroll Parish",3,65,81,43,38
050,22,035,"Louisiana","East Carroll Parish",3,66,84,43,41
050,22,035,"Louisiana","East Carroll Parish",3,67,68,35,33
050,22,035,"Louisiana","East Carroll Parish",3,68,64,32,32
050,22,035,"Louisiana","East Carroll Parish",3,69,60,28,32
050,22,035,"Louisiana","East Carroll Parish",3,70,62,32,30
050,22,035,"Louisiana","East Carroll Parish",3,71,59,28,31
050,22,035,"Louisiana","East Carroll Parish",3,72,68,33,35
050,22,035,"Louisiana","East Carroll Parish",3,73,53,22,31
050,22,035,"Louisiana","East Carroll Parish",3,74,50,21,29
050,22,035,"Louisiana","East Carroll Parish",3,75,39,15,24
050,22,035,"Louisiana","East Carroll Parish",3,76,42,19,23
050,22,035,"Louisiana","East Carroll Parish",3,77,33,15,18
050,22,035,"Louisiana","East Carroll Parish",3,78,38,19,19
050,22,035,"Louisiana","East Carroll Parish",3,79,36,11,25
050,22,035,"Louisiana","East Carroll Parish",3,80,38,14,24
050,22,035,"Louisiana","East Carroll Parish",3,81,34,12,22
050,22,035,"Louisiana","East Carroll Parish",3,82,25,12,13
050,22,035,"Louisiana","East Carroll Parish",3,83,30,12,18
050,22,035,"Louisiana","East Carroll Parish",3,84,29,11,18
050,22,035,"Louisiana","East Carroll Parish",3,85,111,36,75
050,22,035,"Louisiana","East Carroll Parish",4,0,62,25,37
050,22,035,"Louisiana","East Carroll Parish",4,1,74,29,45
050,22,035,"Louisiana","East Carroll Parish",4,2,45,25,20
050,22,035,"Louisiana","East Carroll Parish",4,3,55,28,27
050,22,035,"Louisiana","East Carroll Parish",4,4,54,31,23
050,22,035,"Louisiana","East Carroll Parish",4,5,90,43,47
050,22,035,"Louisiana","East Carroll Parish",4,6,79,34,45
050,22,035,"Louisiana","East Carroll Parish",4,7,86,47,39
050,22,035,"Louisiana","East Carroll Parish",4,8,94,47,47
050,22,035,"Louisiana","East Carroll Parish",4,9,83,42,41
050,22,035,"Louisiana","East Carroll Parish",4,10,81,44,37
050,22,035,"Louisiana","East Carroll Parish",4,11,88,39,49
050,22,035,"Louisiana","East Carroll Parish",4,12,74,32,42
050,22,035,"Louisiana","East Carroll Parish",4,13,72,34,38
050,22,035,"Louisiana","East Carroll Parish",4,14,79,40,39
050,22,035,"Louisiana","East Carroll Parish",4,15,94,52,42
050,22,035,"Louisiana","East Carroll Parish",4,16,84,45,39
050,22,035,"Louisiana","East Carroll Parish",4,17,100,56,44
050,22,035,"Louisiana","East Carroll Parish",4,18,80,38,42
050,22,035,"Louisiana","East Carroll Parish",4,19,82,52,30
050,22,035,"Louisiana","East Carroll Parish",4,20,77,51,26
050,22,035,"Louisiana","East Carroll Parish",4,21,114,78,36
050,22,035,"Louisiana","East Carroll Parish",4,22,90,69,21
050,22,035,"Louisiana","East Carroll Parish",4,23,114,83,31
050,22,035,"Louisiana","East Carroll Parish",4,24,103,80,23
050,22,035,"Louisiana","East Carroll Parish",4,25,116,88,28
050,22,035,"Louisiana","East Carroll Parish",4,26,133,100,33
050,22,035,"Louisiana","East Carroll Parish",4,27,115,81,34
050,22,035,"Louisiana","East Carroll Parish",4,28,157,113,44
050,22,035,"Louisiana","East Carroll Parish",4,29,145,107,38
050,22,035,"Louisiana","East Carroll Parish",4,30,124,92,32
050,22,035,"Louisiana","East Carroll Parish",4,31,110,81,29
050,22,035,"Louisiana","East Carroll Parish",4,32,114,74,40
050,22,035,"Louisiana","East Carroll Parish",4,33,98,65,33
050,22,035,"Louisiana","East Carroll Parish",4,34,90,66,24
050,22,035,"Louisiana","East Carroll Parish",4,35,87,65,22
050,22,035,"Louisiana","East Carroll Parish",4,36,111,78,33
050,22,035,"Louisiana","East Carroll Parish",4,37,113,83,30
050,22,035,"Louisiana","East Carroll Parish",4,38,93,64,29
050,22,035,"Louisiana","East Carroll Parish",4,39,91,57,34
050,22,035,"Louisiana","East Carroll Parish",4,40,82,51,31
050,22,035,"Louisiana","East Carroll Parish",4,41,91,60,31
050,22,035,"Louisiana","East Carroll Parish",4,42,88,62,26
050,22,035,"Louisiana","East Carroll Parish",4,43,88,51,37
050,22,035,"Louisiana","East Carroll Parish",4,44,94,64,30
050,22,035,"Louisiana","East Carroll Parish",4,45,94,58,36
050,22,035,"Louisiana","East Carroll Parish",4,46,88,60,28
050,22,035,"Louisiana","East Carroll Parish",4,47,90,62,28
050,22,035,"Louisiana","East Carroll Parish",4,48,92,66,26
050,22,035,"Louisiana","East Carroll Parish",4,49,80,48,32
050,22,035,"Louisiana","East Carroll Parish",4,50,73,44,29
050,22,035,"Louisiana","East Carroll Parish",4,51,79,48,31
050,22,035,"Louisiana","East Carroll Parish",4,52,68,37,31
050,22,035,"Louisiana","East Carroll Parish",4,53,78,45,33
050,22,035,"Louisiana","East Carroll Parish",4,54,69,34,35
050,22,035,"Louisiana","East Carroll Parish",4,55,80,45,35
050,22,035,"Louisiana","East Carroll Parish",4,56,77,41,36
050,22,035,"Louisiana","East Carroll Parish",4,57,86,45,41
050,22,035,"Louisiana","East Carroll Parish",4,58,82,45,37
050,22,035,"Louisiana","East Carroll Parish",4,59,78,46,32
050,22,035,"Louisiana","East Carroll Parish",4,60,86,52,34
050,22,035,"Louisiana","East Carroll Parish",4,61,96,53,43
050,22,035,"Louisiana","East Carroll Parish",4,62,84,41,43
050,22,035,"Louisiana","East Carroll Parish",4,63,83,35,48
050,22,035,"Louisiana","East Carroll Parish",4,64,83,36,47
050,22,035,"Louisiana","East Carroll Parish",4,65,78,37,41
050,22,035,"Louisiana","East Carroll Parish",4,66,74,40,34
050,22,035,"Louisiana","East Carroll Parish",4,67,82,41,41
050,22,035,"Louisiana","East Carroll Parish",4,68,66,37,29
050,22,035,"Louisiana","East Carroll Parish",4,69,60,29,31
050,22,035,"Louisiana","East Carroll Parish",4,70,57,26,31
050,22,035,"Louisiana","East Carroll Parish",4,71,54,26,28
050,22,035,"Louisiana","East Carroll Parish",4,72,60,29,31
050,22,035,"Louisiana","East Carroll Parish",4,73,66,32,34
050,22,035,"Louisiana","East Carroll Parish",4,74,49,19,30
050,22,035,"Louisiana","East Carroll Parish",4,75,47,18,29
050,22,035,"Louisiana","East Carroll Parish",4,76,37,15,22
050,22,035,"Louisiana","East Carroll Parish",4,77,40,17,23
050,22,035,"Louisiana","East Carroll Parish",4,78,30,15,15
050,22,035,"Louisiana","East Carroll Parish",4,79,33,16,17
050,22,035,"Louisiana","East Carroll Parish",4,80,34,12,22
050,22,035,"Louisiana","East Carroll Parish",4,81,35,12,23
050,22,035,"Louisiana","East Carroll Parish",4,82,33,12,21
050,22,035,"Louisiana","East Carroll Parish",4,83,23,11,12
050,22,035,"Louisiana","East Carroll Parish",4,84,29,10,19
050,22,035,"Louisiana","East Carroll Parish",4,85,112,40,72
050,22,035,"Louisiana","East Carroll Parish",5,0,61,24,37
050,22,035,"Louisiana","East Carroll Parish",5,1,77,38,39
050,22,035,"Louisiana","East Carroll Parish",5,2,76,28,48
050,22,035,"Louisiana","East Carroll Parish",5,3,51,25,26
050,22,035,"Louisiana","East Carroll Parish",5,4,62,32,30
050,22,035,"Louisiana","East Carroll Parish",5,5,52,30,22
050,22,035,"Louisiana","East Carroll Parish",5,6,84,40,44
050,22,035,"Louisiana","East Carroll Parish",5,7,79,38,41
050,22,035,"Louisiana","East Carroll Parish",5,8,83,44,39
050,22,035,"Louisiana","East Carroll Parish",5,9,85,45,40
050,22,035,"Louisiana","East Carroll Parish",5,10,77,37,40
050,22,035,"Louisiana","East Carroll Parish",5,11,77,40,37
050,22,035,"Louisiana","East Carroll Parish",5,12,86,36,50
050,22,035,"Louisiana","East Carroll Parish",5,13,71,30,41
050,22,035,"Louisiana","East Carroll Parish",5,14,80,39,41
050,22,035,"Louisiana","East Carroll Parish",5,15,81,40,41
050,22,035,"Louisiana","East Carroll Parish",5,16,89,50,39
050,22,035,"Louisiana","East Carroll Parish",5,17,93,53,40
050,22,035,"Louisiana","East Carroll Parish",5,18,81,45,36
050,22,035,"Louisiana","East Carroll Parish",5,19,85,48,37
050,22,035,"Louisiana","East Carroll Parish",5,20,82,54,28
050,22,035,"Louisiana","East Carroll Parish",5,21,119,78,41
050,22,035,"Louisiana","East Carroll Parish",5,22,96,65,31
050,22,035,"Louisiana","East Carroll Parish",5,23,109,87,22
050,22,035,"Louisiana","East Carroll Parish",5,24,104,74,30
050,22,035,"Louisiana","East Carroll Parish",5,25,115,91,24
050,22,035,"Louisiana","East Carroll Parish",5,26,121,92,29
050,22,035,"Louisiana","East Carroll Parish",5,27,115,83,32
050,22,035,"Louisiana","East Carroll Parish",5,28,153,114,39
050,22,035,"Louisiana","East Carroll Parish",5,29,149,110,39
050,22,035,"Louisiana","East Carroll Parish",5,30,117,83,34
050,22,035,"Louisiana","East Carroll Parish",5,31,119,84,35
050,22,035,"Louisiana","East Carroll Parish",5,32,111,81,30
050,22,035,"Louisiana","East Carroll Parish",5,33,98,58,40
050,22,035,"Louisiana","East Carroll Parish",5,34,94,64,30
050,22,035,"Louisiana","East Carroll Parish",5,35,98,70,28
050,22,035,"Louisiana","East Carroll Parish",5,36,100,72,28
050,22,035,"Louisiana","East Carroll Parish",5,37,104,81,23
050,22,035,"Louisiana","East Carroll Parish",5,38,98,69,29
050,22,035,"Louisiana","East Carroll Parish",5,39,87,60,27
050,22,035,"Louisiana","East Carroll Parish",5,40,80,50,30
050,22,035,"Louisiana","East Carroll Parish",5,41,99,61,38
050,22,035,"Louisiana","East Carroll Parish",5,42,90,64,26
050,22,035,"Louisiana","East Carroll Parish",5,43,81,55,26
050,22,035,"Louisiana","East Carroll Parish",5,44,92,54,38
050,22,035,"Louisiana","East Carroll Parish",5,45,86,55,31
050,22,035,"Louisiana","East Carroll Parish",5,46,93,61,32
050,22,035,"Louisiana","East Carroll Parish",5,47,92,63,29
050,22,035,"Louisiana","East Carroll Parish",5,48,87,64,23
050,22,035,"Louisiana","East Carroll Parish",5,49,83,53,30
050,22,035,"Louisiana","East Carroll Parish",5,50,64,42,22
050,22,035,"Louisiana","East Carroll Parish",5,51,75,44,31
050,22,035,"Louisiana","East Carroll Parish",5,52,71,40,31
050,22,035,"Louisiana","East Carroll Parish",5,53,82,49,33
050,22,035,"Louisiana","East Carroll Parish",5,54,64,32,32
050,22,035,"Louisiana","East Carroll Parish",5,55,73,40,33
050,22,035,"Louisiana","East Carroll Parish",5,56,73,42,31
050,22,035,"Louisiana","East Carroll Parish",5,57,69,34,35
050,22,035,"Louisiana","East Carroll Parish",5,58,74,36,38
050,22,035,"Louisiana","East Carroll Parish",5,59,73,40,33
050,22,035,"Louisiana","East Carroll Parish",5,60,80,48,32
050,22,035,"Louisiana","East Carroll Parish",5,61,84,48,36
050,22,035,"Louisiana","East Carroll Parish",5,62,94,52,42
050,22,035,"Louisiana","East Carroll Parish",5,63,79,38,41
050,22,035,"Louisiana","East Carroll Parish",5,64,87,35,52
050,22,035,"Louisiana","East Carroll Parish",5,65,80,35,45
050,22,035,"Louisiana","East Carroll Parish",5,66,69,33,36
050,22,035,"Louisiana","East Carroll Parish",5,67,73,38,35
050,22,035,"Louisiana","East Carroll Parish",5,68,80,43,37
050,22,035,"Louisiana","East Carroll Parish",5,69,61,32,29
050,22,035,"Louisiana","East Carroll Parish",5,70,56,27,29
050,22,035,"Louisiana","East Carroll Parish",5,71,50,22,28
050,22,035,"Louisiana","East Carroll Parish",5,72,53,26,27
050,22,035,"Louisiana","East Carroll Parish",5,73,55,26,29
050,22,035,"Louisiana","East Carroll Parish",5,74,59,29,30
050,22,035,"Louisiana","East Carroll Parish",5,75,44,14,30
050,22,035,"Louisiana","East Carroll Parish",5,76,48,19,29
050,22,035,"Louisiana","East Carroll Parish",5,77,34,12,22
050,22,035,"Louisiana","East Carroll Parish",5,78,39,16,23
050,22,035,"Louisiana","East Carroll Parish",5,79,26,12,14
050,22,035,"Louisiana","East Carroll Parish",5,80,31,16,15
050,22,035,"Louisiana","East Carroll Parish",5,81,33,11,22
050,22,035,"Louisiana","East Carroll Parish",5,82,29,10,19
050,22,035,"Louisiana","East Carroll Parish",5,83,31,11,20
050,22,035,"Louisiana","East Carroll Parish",5,84,22,9,13
050,22,035,"Louisiana","East Carroll Parish",5,85,112,42,70
050,22,037,"Louisiana","East Feliciana Parish",1,0,169,88,81
050,22,037,"Louisiana","East Feliciana Parish",1,1,186,99,87
050,22,037,"Louisiana","East Feliciana Parish",1,2,192,92,100
050,22,037,"Louisiana","East Feliciana Parish",1,3,195,109,86
050,22,037,"Louisiana","East Feliciana Parish",1,4,178,93,85
050,22,037,"Louisiana","East Feliciana Parish",1,5,162,81,81
050,22,037,"Louisiana","East Feliciana Parish",1,6,196,110,86
050,22,037,"Louisiana","East Feliciana Parish",1,7,195,100,95
050,22,037,"Louisiana","East Feliciana Parish",1,8,173,92,81
050,22,037,"Louisiana","East Feliciana Parish",1,9,177,81,96
050,22,037,"Louisiana","East Feliciana Parish",1,10,197,99,98
050,22,037,"Louisiana","East Feliciana Parish",1,11,188,95,93
050,22,037,"Louisiana","East Feliciana Parish",1,12,209,98,111
050,22,037,"Louisiana","East Feliciana Parish",1,13,213,99,114
050,22,037,"Louisiana","East Feliciana Parish",1,14,205,100,105
050,22,037,"Louisiana","East Feliciana Parish",1,15,190,98,92
050,22,037,"Louisiana","East Feliciana Parish",1,16,185,100,85
050,22,037,"Louisiana","East Feliciana Parish",1,17,196,105,91
050,22,037,"Louisiana","East Feliciana Parish",1,18,187,114,73
050,22,037,"Louisiana","East Feliciana Parish",1,19,204,136,68
050,22,037,"Louisiana","East Feliciana Parish",1,20,232,142,90
050,22,037,"Louisiana","East Feliciana Parish",1,21,243,145,98
050,22,037,"Louisiana","East Feliciana Parish",1,22,241,136,105
050,22,037,"Louisiana","East Feliciana Parish",1,23,236,149,87
050,22,037,"Louisiana","East Feliciana Parish",1,24,244,150,94
050,22,037,"Louisiana","East Feliciana Parish",1,25,250,150,100
050,22,037,"Louisiana","East Feliciana Parish",1,26,248,147,101
050,22,037,"Louisiana","East Feliciana Parish",1,27,255,151,104
050,22,037,"Louisiana","East Feliciana Parish",1,28,266,158,108
050,22,037,"Louisiana","East Feliciana Parish",1,29,247,148,99
050,22,037,"Louisiana","East Feliciana Parish",1,30,257,167,90
050,22,037,"Louisiana","East Feliciana Parish",1,31,249,146,103
050,22,037,"Louisiana","East Feliciana Parish",1,32,226,143,83
050,22,037,"Louisiana","East Feliciana Parish",1,33,250,157,93
050,22,037,"Louisiana","East Feliciana Parish",1,34,250,156,94
050,22,037,"Louisiana","East Feliciana Parish",1,35,272,165,107
050,22,037,"Louisiana","East Feliciana Parish",1,36,240,129,111
050,22,037,"Louisiana","East Feliciana Parish",1,37,279,176,103
050,22,037,"Louisiana","East Feliciana Parish",1,38,277,176,101
050,22,037,"Louisiana","East Feliciana Parish",1,39,274,158,116
050,22,037,"Louisiana","East Feliciana Parish",1,40,253,153,100
050,22,037,"Louisiana","East Feliciana Parish",1,41,233,141,92
050,22,037,"Louisiana","East Feliciana Parish",1,42,239,142,97
050,22,037,"Louisiana","East Feliciana Parish",1,43,257,160,97
050,22,037,"Louisiana","East Feliciana Parish",1,44,241,143,98
050,22,037,"Louisiana","East Feliciana Parish",1,45,266,170,96
050,22,037,"Louisiana","East Feliciana Parish",1,46,281,178,103
050,22,037,"Louisiana","East Feliciana Parish",1,47,258,168,90
050,22,037,"Louisiana","East Feliciana Parish",1,48,271,176,95
050,22,037,"Louisiana","East Feliciana Parish",1,49,269,162,107
050,22,037,"Louisiana","East Feliciana Parish",1,50,275,157,118
050,22,037,"Louisiana","East Feliciana Parish",1,51,292,164,128
050,22,037,"Louisiana","East Feliciana Parish",1,52,271,152,119
050,22,037,"Louisiana","East Feliciana Parish",1,53,273,163,110
050,22,037,"Louisiana","East Feliciana Parish",1,54,277,154,123
050,22,037,"Louisiana","East Feliciana Parish",1,55,308,172,136
050,22,037,"Louisiana","East Feliciana Parish",1,56,307,160,147
050,22,037,"Louisiana","East Feliciana Parish",1,57,314,171,143
050,22,037,"Louisiana","East Feliciana Parish",1,58,312,153,159
050,22,037,"Louisiana","East Feliciana Parish",1,59,333,178,155
050,22,037,"Louisiana","East Feliciana Parish",1,60,317,153,164
050,22,037,"Louisiana","East Feliciana Parish",1,61,295,147,148
050,22,037,"Louisiana","East Feliciana Parish",1,62,325,170,155
050,22,037,"Louisiana","East Feliciana Parish",1,63,345,171,174
050,22,037,"Louisiana","East Feliciana Parish",1,64,290,154,136
050,22,037,"Louisiana","East Feliciana Parish",1,65,285,149,136
050,22,037,"Louisiana","East Feliciana Parish",1,66,254,121,133
050,22,037,"Louisiana","East Feliciana Parish",1,67,243,101,142
050,22,037,"Louisiana","East Feliciana Parish",1,68,245,110,135
050,22,037,"Louisiana","East Feliciana Parish",1,69,220,115,105
050,22,037,"Louisiana","East Feliciana Parish",1,70,231,124,107
050,22,037,"Louisiana","East Feliciana Parish",1,71,228,107,121
050,22,037,"Louisiana","East Feliciana Parish",1,72,210,105,105
050,22,037,"Louisiana","East Feliciana Parish",1,73,205,106,99
050,22,037,"Louisiana","East Feliciana Parish",1,74,142,68,74
050,22,037,"Louisiana","East Feliciana Parish",1,75,143,66,77
050,22,037,"Louisiana","East Feliciana Parish",1,76,145,71,74
050,22,037,"Louisiana","East Feliciana Parish",1,77,140,63,77
050,22,037,"Louisiana","East Feliciana Parish",1,78,120,54,66
050,22,037,"Louisiana","East Feliciana Parish",1,79,97,44,53
050,22,037,"Louisiana","East Feliciana Parish",1,80,87,38,49
050,22,037,"Louisiana","East Feliciana Parish",1,81,105,56,49
050,22,037,"Louisiana","East Feliciana Parish",1,82,91,47,44
050,22,037,"Louisiana","East Feliciana Parish",1,83,74,39,35
050,22,037,"Louisiana","East Feliciana Parish",1,84,73,33,40
050,22,037,"Louisiana","East Feliciana Parish",1,85,268,143,125
050,22,037,"Louisiana","East Feliciana Parish",2,0,175,95,80
050,22,037,"Louisiana","East Feliciana Parish",2,1,181,96,85
050,22,037,"Louisiana","East Feliciana Parish",2,2,190,93,97
050,22,037,"Louisiana","East Feliciana Parish",2,3,194,104,90
050,22,037,"Louisiana","East Feliciana Parish",2,4,179,95,84
050,22,037,"Louisiana","East Feliciana Parish",2,5,169,87,82
050,22,037,"Louisiana","East Feliciana Parish",2,6,189,104,85
050,22,037,"Louisiana","East Feliciana Parish",2,7,193,99,94
050,22,037,"Louisiana","East Feliciana Parish",2,8,178,93,85
050,22,037,"Louisiana","East Feliciana Parish",2,9,175,83,92
050,22,037,"Louisiana","East Feliciana Parish",2,10,188,94,94
050,22,037,"Louisiana","East Feliciana Parish",2,11,189,96,93
050,22,037,"Louisiana","East Feliciana Parish",2,12,204,97,107
050,22,037,"Louisiana","East Feliciana Parish",2,13,208,96,112
050,22,037,"Louisiana","East Feliciana Parish",2,14,205,98,107
050,22,037,"Louisiana","East Feliciana Parish",2,15,189,96,93
050,22,037,"Louisiana","East Feliciana Parish",2,16,185,99,86
050,22,037,"Louisiana","East Feliciana Parish",2,17,194,107,87
050,22,037,"Louisiana","East Feliciana Parish",2,18,184,112,72
050,22,037,"Louisiana","East Feliciana Parish",2,19,200,133,67
050,22,037,"Louisiana","East Feliciana Parish",2,20,229,143,86
050,22,037,"Louisiana","East Feliciana Parish",2,21,241,145,96
050,22,037,"Louisiana","East Feliciana Parish",2,22,241,138,103
050,22,037,"Louisiana","East Feliciana Parish",2,23,239,148,91
050,22,037,"Louisiana","East Feliciana Parish",2,24,243,149,94
050,22,037,"Louisiana","East Feliciana Parish",2,25,244,145,99
050,22,037,"Louisiana","East Feliciana Parish",2,26,246,146,100
050,22,037,"Louisiana","East Feliciana Parish",2,27,258,155,103
050,22,037,"Louisiana","East Feliciana Parish",2,28,265,158,107
050,22,037,"Louisiana","East Feliciana Parish",2,29,244,147,97
050,22,037,"Louisiana","East Feliciana Parish",2,30,263,168,95
050,22,037,"Louisiana","East Feliciana Parish",2,31,248,148,100
050,22,037,"Louisiana","East Feliciana Parish",2,32,233,145,88
050,22,037,"Louisiana","East Feliciana Parish",2,33,243,153,90
050,22,037,"Louisiana","East Feliciana Parish",2,34,250,155,95
050,22,037,"Louisiana","East Feliciana Parish",2,35,266,163,103
050,22,037,"Louisiana","East Feliciana Parish",2,36,243,134,109
050,22,037,"Louisiana","East Feliciana Parish",2,37,279,173,106
050,22,037,"Louisiana","East Feliciana Parish",2,38,277,175,102
050,22,037,"Louisiana","East Feliciana Parish",2,39,267,157,110
050,22,037,"Louisiana","East Feliciana Parish",2,40,255,152,103
050,22,037,"Louisiana","East Feliciana Parish",2,41,234,141,93
050,22,037,"Louisiana","East Feliciana Parish",2,42,234,142,92
050,22,037,"Louisiana","East Feliciana Parish",2,43,258,160,98
050,22,037,"Louisiana","East Feliciana Parish",2,44,241,144,97
050,22,037,"Louisiana","East Feliciana Parish",2,45,260,163,97
050,22,037,"Louisiana","East Feliciana Parish",2,46,282,180,102
050,22,037,"Louisiana","East Feliciana Parish",2,47,259,167,92
050,22,037,"Louisiana","East Feliciana Parish",2,48,266,172,94
050,22,037,"Louisiana","East Feliciana Parish",2,49,266,163,103
050,22,037,"Louisiana","East Feliciana Parish",2,50,275,159,116
050,22,037,"Louisiana","East Feliciana Parish",2,51,287,162,125
050,22,037,"Louisiana","East Feliciana Parish",2,52,272,153,119
050,22,037,"Louisiana","East Feliciana Parish",2,53,274,161,113
050,22,037,"Louisiana","East Feliciana Parish",2,54,273,154,119
050,22,037,"Louisiana","East Feliciana Parish",2,55,299,168,131
050,22,037,"Louisiana","East Feliciana Parish",2,56,303,159,144
050,22,037,"Louisiana","East Feliciana Parish",2,57,314,169,145
050,22,037,"Louisiana","East Feliciana Parish",2,58,310,157,153
050,22,037,"Louisiana","East Feliciana Parish",2,59,329,175,154
050,22,037,"Louisiana","East Feliciana Parish",2,60,313,151,162
050,22,037,"Louisiana","East Feliciana Parish",2,61,305,151,154
050,22,037,"Louisiana","East Feliciana Parish",2,62,322,167,155
050,22,037,"Louisiana","East Feliciana Parish",2,63,338,169,169
050,22,037,"Louisiana","East Feliciana Parish",2,64,293,149,144
050,22,037,"Louisiana","East Feliciana Parish",2,65,281,149,132
050,22,037,"Louisiana","East Feliciana Parish",2,66,258,125,133
050,22,037,"Louisiana","East Feliciana Parish",2,67,243,103,140
050,22,037,"Louisiana","East Feliciana Parish",2,68,239,105,134
050,22,037,"Louisiana","East Feliciana Parish",2,69,227,115,112
050,22,037,"Louisiana","East Feliciana Parish",2,70,227,123,104
050,22,037,"Louisiana","East Feliciana Parish",2,71,230,111,119
050,22,037,"Louisiana","East Feliciana Parish",2,72,209,103,106
050,22,037,"Louisiana","East Feliciana Parish",2,73,213,109,104
050,22,037,"Louisiana","East Feliciana Parish",2,74,145,70,75
050,22,037,"Louisiana","East Feliciana Parish",2,75,140,66,74
050,22,037,"Louisiana","East Feliciana Parish",2,76,139,68,71
050,22,037,"Louisiana","East Feliciana Parish",2,77,141,65,76
050,22,037,"Louisiana","East Feliciana Parish",2,78,119,55,64
050,22,037,"Louisiana","East Feliciana Parish",2,79,98,44,54
050,22,037,"Louisiana","East Feliciana Parish",2,80,88,39,49
050,22,037,"Louisiana","East Feliciana Parish",2,81,102,54,48
050,22,037,"Louisiana","East Feliciana Parish",2,82,92,48,44
050,22,037,"Louisiana","East Feliciana Parish",2,83,78,41,37
050,22,037,"Louisiana","East Feliciana Parish",2,84,72,34,38
050,22,037,"Louisiana","East Feliciana Parish",2,85,265,142,123
050,22,037,"Louisiana","East Feliciana Parish",3,0,180,92,88
050,22,037,"Louisiana","East Feliciana Parish",3,1,185,104,81
050,22,037,"Louisiana","East Feliciana Parish",3,2,190,99,91
050,22,037,"Louisiana","East Feliciana Parish",3,3,185,87,98
050,22,037,"Louisiana","East Feliciana Parish",3,4,189,101,88
050,22,037,"Louisiana","East Feliciana Parish",3,5,176,99,77
050,22,037,"Louisiana","East Feliciana Parish",3,6,173,88,85
050,22,037,"Louisiana","East Feliciana Parish",3,7,180,90,90
050,22,037,"Louisiana","East Feliciana Parish",3,8,189,96,93
050,22,037,"Louisiana","East Feliciana Parish",3,9,175,85,90
050,22,037,"Louisiana","East Feliciana Parish",3,10,179,87,92
050,22,037,"Louisiana","East Feliciana Parish",3,11,180,89,91
050,22,037,"Louisiana","East Feliciana Parish",3,12,181,99,82
050,22,037,"Louisiana","East Feliciana Parish",3,13,185,91,94
050,22,037,"Louisiana","East Feliciana Parish",3,14,209,100,109
050,22,037,"Louisiana","East Feliciana Parish",3,15,202,99,103
050,22,037,"Louisiana","East Feliciana Parish",3,16,194,98,96
050,22,037,"Louisiana","East Feliciana Parish",3,17,196,110,86
050,22,037,"Louisiana","East Feliciana Parish",3,18,192,116,76
050,22,037,"Louisiana","East Feliciana Parish",3,19,183,119,64
050,22,037,"Louisiana","East Feliciana Parish",3,20,210,140,70
050,22,037,"Louisiana","East Feliciana Parish",3,21,234,157,77
050,22,037,"Louisiana","East Feliciana Parish",3,22,233,137,96
050,22,037,"Louisiana","East Feliciana Parish",3,23,261,148,113
050,22,037,"Louisiana","East Feliciana Parish",3,24,231,140,91
050,22,037,"Louisiana","East Feliciana Parish",3,25,224,134,90
050,22,037,"Louisiana","East Feliciana Parish",3,26,249,152,97
050,22,037,"Louisiana","East Feliciana Parish",3,27,254,160,94
050,22,037,"Louisiana","East Feliciana Parish",3,28,267,166,101
050,22,037,"Louisiana","East Feliciana Parish",3,29,244,154,90
050,22,037,"Louisiana","East Feliciana Parish",3,30,265,163,102
050,22,037,"Louisiana","East Feliciana Parish",3,31,242,146,96
050,22,037,"Louisiana","East Feliciana Parish",3,32,253,152,101
050,22,037,"Louisiana","East Feliciana Parish",3,33,227,140,87
050,22,037,"Louisiana","East Feliciana Parish",3,34,232,149,83
050,22,037,"Louisiana","East Feliciana Parish",3,35,264,171,93
050,22,037,"Louisiana","East Feliciana Parish",3,36,260,158,102
050,22,037,"Louisiana","East Feliciana Parish",3,37,279,169,110
050,22,037,"Louisiana","East Feliciana Parish",3,38,269,165,104
050,22,037,"Louisiana","East Feliciana Parish",3,39,264,170,94
050,22,037,"Louisiana","East Feliciana Parish",3,40,258,150,108
050,22,037,"Louisiana","East Feliciana Parish",3,41,260,155,105
050,22,037,"Louisiana","East Feliciana Parish",3,42,243,149,94
050,22,037,"Louisiana","East Feliciana Parish",3,43,251,155,96
050,22,037,"Louisiana","East Feliciana Parish",3,44,248,149,99
050,22,037,"Louisiana","East Feliciana Parish",3,45,250,145,105
050,22,037,"Louisiana","East Feliciana Parish",3,46,282,177,105
050,22,037,"Louisiana","East Feliciana Parish",3,47,275,173,102
050,22,037,"Louisiana","East Feliciana Parish",3,48,247,160,87
050,22,037,"Louisiana","East Feliciana Parish",3,49,259,164,95
050,22,037,"Louisiana","East Feliciana Parish",3,50,269,162,107
050,22,037,"Louisiana","East Feliciana Parish",3,51,273,163,110
050,22,037,"Louisiana","East Feliciana Parish",3,52,284,157,127
050,22,037,"Louisiana","East Feliciana Parish",3,53,285,165,120
050,22,037,"Louisiana","East Feliciana Parish",3,54,251,143,108
050,22,037,"Louisiana","East Feliciana Parish",3,55,276,161,115
050,22,037,"Louisiana","East Feliciana Parish",3,56,283,155,128
050,22,037,"Louisiana","East Feliciana Parish",3,57,307,160,147
050,22,037,"Louisiana","East Feliciana Parish",3,58,293,152,141
050,22,037,"Louisiana","East Feliciana Parish",3,59,317,171,146
050,22,037,"Louisiana","East Feliciana Parish",3,60,303,153,150
050,22,037,"Louisiana","East Feliciana Parish",3,61,320,160,160
050,22,037,"Louisiana","East Feliciana Parish",3,62,311,154,157
050,22,037,"Louisiana","East Feliciana Parish",3,63,295,147,148
050,22,037,"Louisiana","East Feliciana Parish",3,64,323,163,160
050,22,037,"Louisiana","East Feliciana Parish",3,65,307,160,147
050,22,037,"Louisiana","East Feliciana Parish",3,66,266,135,131
050,22,037,"Louisiana","East Feliciana Parish",3,67,243,115,128
050,22,037,"Louisiana","East Feliciana Parish",3,68,239,98,141
050,22,037,"Louisiana","East Feliciana Parish",3,69,233,104,129
050,22,037,"Louisiana","East Feliciana Parish",3,70,221,108,113
050,22,037,"Louisiana","East Feliciana Parish",3,71,223,122,101
050,22,037,"Louisiana","East Feliciana Parish",3,72,227,112,115
050,22,037,"Louisiana","East Feliciana Parish",3,73,208,104,104
050,22,037,"Louisiana","East Feliciana Parish",3,74,202,98,104
050,22,037,"Louisiana","East Feliciana Parish",3,75,140,65,75
050,22,037,"Louisiana","East Feliciana Parish",3,76,139,68,71
050,22,037,"Louisiana","East Feliciana Parish",3,77,131,59,72
050,22,037,"Louisiana","East Feliciana Parish",3,78,129,57,72
050,22,037,"Louisiana","East Feliciana Parish",3,79,107,44,63
050,22,037,"Louisiana","East Feliciana Parish",3,80,94,41,53
050,22,037,"Louisiana","East Feliciana Parish",3,81,84,41,43
050,22,037,"Louisiana","East Feliciana Parish",3,82,92,47,45
050,22,037,"Louisiana","East Feliciana Parish",3,83,87,44,43
050,22,037,"Louisiana","East Feliciana Parish",3,84,70,39,31
050,22,037,"Louisiana","East Feliciana Parish",3,85,283,154,129
050,22,037,"Louisiana","East Feliciana Parish",4,0,176,76,100
050,22,037,"Louisiana","East Feliciana Parish",4,1,175,87,88
050,22,037,"Louisiana","East Feliciana Parish",4,2,165,91,74
050,22,037,"Louisiana","East Feliciana Parish",4,3,183,92,91
050,22,037,"Louisiana","East Feliciana Parish",4,4,182,85,97
050,22,037,"Louisiana","East Feliciana Parish",4,5,191,101,90
050,22,037,"Louisiana","East Feliciana Parish",4,6,180,97,83
050,22,037,"Louisiana","East Feliciana Parish",4,7,170,86,84
050,22,037,"Louisiana","East Feliciana Parish",4,8,179,89,90
050,22,037,"Louisiana","East Feliciana Parish",4,9,183,94,89
050,22,037,"Louisiana","East Feliciana Parish",4,10,168,82,86
050,22,037,"Louisiana","East Feliciana Parish",4,11,179,84,95
050,22,037,"Louisiana","East Feliciana Parish",4,12,182,84,98
050,22,037,"Louisiana","East Feliciana Parish",4,13,183,96,87
050,22,037,"Louisiana","East Feliciana Parish",4,14,196,96,100
050,22,037,"Louisiana","East Feliciana Parish",4,15,213,102,111
050,22,037,"Louisiana","East Feliciana Parish",4,16,203,98,105
050,22,037,"Louisiana","East Feliciana Parish",4,17,195,102,93
050,22,037,"Louisiana","East Feliciana Parish",4,18,175,105,70
050,22,037,"Louisiana","East Feliciana Parish",4,19,185,120,65
050,22,037,"Louisiana","East Feliciana Parish",4,20,188,119,69
050,22,037,"Louisiana","East Feliciana Parish",4,21,206,137,69
050,22,037,"Louisiana","East Feliciana Parish",4,22,231,149,82
050,22,037,"Louisiana","East Feliciana Parish",4,23,256,151,105
050,22,037,"Louisiana","East Feliciana Parish",4,24,253,149,104
050,22,037,"Louisiana","East Feliciana Parish",4,25,213,117,96
050,22,037,"Louisiana","East Feliciana Parish",4,26,217,130,87
050,22,037,"Louisiana","East Feliciana Parish",4,27,249,164,85
050,22,037,"Louisiana","East Feliciana Parish",4,28,269,166,103
050,22,037,"Louisiana","East Feliciana Parish",4,29,242,147,95
050,22,037,"Louisiana","East Feliciana Parish",4,30,269,169,100
050,22,037,"Louisiana","East Feliciana Parish",4,31,241,147,94
050,22,037,"Louisiana","East Feliciana Parish",4,32,245,142,103
050,22,037,"Louisiana","East Feliciana Parish",4,33,255,158,97
050,22,037,"Louisiana","East Feliciana Parish",4,34,217,130,87
050,22,037,"Louisiana","East Feliciana Parish",4,35,231,146,85
050,22,037,"Louisiana","East Feliciana Parish",4,36,245,153,92
050,22,037,"Louisiana","East Feliciana Parish",4,37,284,186,98
050,22,037,"Louisiana","East Feliciana Parish",4,38,266,157,109
050,22,037,"Louisiana","East Feliciana Parish",4,39,267,159,108
050,22,037,"Louisiana","East Feliciana Parish",4,40,248,152,96
050,22,037,"Louisiana","East Feliciana Parish",4,41,254,149,105
050,22,037,"Louisiana","East Feliciana Parish",4,42,263,160,103
050,22,037,"Louisiana","East Feliciana Parish",4,43,269,171,98
050,22,037,"Louisiana","East Feliciana Parish",4,44,256,156,100
050,22,037,"Louisiana","East Feliciana Parish",4,45,250,149,101
050,22,037,"Louisiana","East Feliciana Parish",4,46,263,160,103
050,22,037,"Louisiana","East Feliciana Parish",4,47,279,168,111
050,22,037,"Louisiana","East Feliciana Parish",4,48,265,165,100
050,22,037,"Louisiana","East Feliciana Parish",4,49,238,154,84
050,22,037,"Louisiana","East Feliciana Parish",4,50,253,158,95
050,22,037,"Louisiana","East Feliciana Parish",4,51,274,165,109
050,22,037,"Louisiana","East Feliciana Parish",4,52,261,148,113
050,22,037,"Louisiana","East Feliciana Parish",4,53,297,170,127
050,22,037,"Louisiana","East Feliciana Parish",4,54,283,161,122
050,22,037,"Louisiana","East Feliciana Parish",4,55,263,152,111
050,22,037,"Louisiana","East Feliciana Parish",4,56,264,142,122
050,22,037,"Louisiana","East Feliciana Parish",4,57,278,152,126
050,22,037,"Louisiana","East Feliciana Parish",4,58,286,142,144
050,22,037,"Louisiana","East Feliciana Parish",4,59,304,166,138
050,22,037,"Louisiana","East Feliciana Parish",4,60,293,146,147
050,22,037,"Louisiana","East Feliciana Parish",4,61,302,154,148
050,22,037,"Louisiana","East Feliciana Parish",4,62,332,164,168
050,22,037,"Louisiana","East Feliciana Parish",4,63,297,141,156
050,22,037,"Louisiana","East Feliciana Parish",4,64,272,131,141
050,22,037,"Louisiana","East Feliciana Parish",4,65,319,168,151
050,22,037,"Louisiana","East Feliciana Parish",4,66,292,150,142
050,22,037,"Louisiana","East Feliciana Parish",4,67,253,125,128
050,22,037,"Louisiana","East Feliciana Parish",4,68,235,111,124
050,22,037,"Louisiana","East Feliciana Parish",4,69,231,98,133
050,22,037,"Louisiana","East Feliciana Parish",4,70,230,101,129
050,22,037,"Louisiana","East Feliciana Parish",4,71,216,104,112
050,22,037,"Louisiana","East Feliciana Parish",4,72,209,112,97
050,22,037,"Louisiana","East Feliciana Parish",4,73,226,109,117
050,22,037,"Louisiana","East Feliciana Parish",4,74,194,93,101
050,22,037,"Louisiana","East Feliciana Parish",4,75,201,98,103
050,22,037,"Louisiana","East Feliciana Parish",4,76,140,67,73
050,22,037,"Louisiana","East Feliciana Parish",4,77,129,60,69
050,22,037,"Louisiana","East Feliciana Parish",4,78,120,50,70
050,22,037,"Louisiana","East Feliciana Parish",4,79,116,50,66
050,22,037,"Louisiana","East Feliciana Parish",4,80,101,43,58
050,22,037,"Louisiana","East Feliciana Parish",4,81,94,44,50
050,22,037,"Louisiana","East Feliciana Parish",4,82,79,39,40
050,22,037,"Louisiana","East Feliciana Parish",4,83,83,41,42
050,22,037,"Louisiana","East Feliciana Parish",4,84,79,39,40
050,22,037,"Louisiana","East Feliciana Parish",4,85,310,173,137
050,22,037,"Louisiana","East Feliciana Parish",5,0,174,76,98
050,22,037,"Louisiana","East Feliciana Parish",5,1,175,72,103
050,22,037,"Louisiana","East Feliciana Parish",5,2,169,83,86
050,22,037,"Louisiana","East Feliciana Parish",5,3,175,92,83
050,22,037,"Louisiana","East Feliciana Parish",5,4,181,86,95
050,22,037,"Louisiana","East Feliciana Parish",5,5,178,82,96
050,22,037,"Louisiana","East Feliciana Parish",5,6,192,103,89
050,22,037,"Louisiana","East Feliciana Parish",5,7,177,91,86
050,22,037,"Louisiana","East Feliciana Parish",5,8,174,87,87
050,22,037,"Louisiana","East Feliciana Parish",5,9,185,87,98
050,22,037,"Louisiana","East Feliciana Parish",5,10,182,96,86
050,22,037,"Louisiana","East Feliciana Parish",5,11,178,88,90
050,22,037,"Louisiana","East Feliciana Parish",5,12,192,99,93
050,22,037,"Louisiana","East Feliciana Parish",5,13,193,95,98
050,22,037,"Louisiana","East Feliciana Parish",5,14,196,101,95
050,22,037,"Louisiana","East Feliciana Parish",5,15,195,93,102
050,22,037,"Louisiana","East Feliciana Parish",5,16,219,102,117
050,22,037,"Louisiana","East Feliciana Parish",5,17,222,113,109
050,22,037,"Louisiana","East Feliciana Parish",5,18,185,108,77
050,22,037,"Louisiana","East Feliciana Parish",5,19,173,111,62
050,22,037,"Louisiana","East Feliciana Parish",5,20,191,121,70
050,22,037,"Louisiana","East Feliciana Parish",5,21,199,127,72
050,22,037,"Louisiana","East Feliciana Parish",5,22,216,136,80
050,22,037,"Louisiana","East Feliciana Parish",5,23,250,158,92
050,22,037,"Louisiana","East Feliciana Parish",5,24,268,158,110
050,22,037,"Louisiana","East Feliciana Parish",5,25,227,134,93
050,22,037,"Louisiana","East Feliciana Parish",5,26,223,127,96
050,22,037,"Louisiana","East Feliciana Parish",5,27,219,138,81
050,22,037,"Louisiana","East Feliciana Parish",5,28,264,173,91
050,22,037,"Louisiana","East Feliciana Parish",5,29,249,149,100
050,22,037,"Louisiana","East Feliciana Parish",5,30,266,170,96
050,22,037,"Louisiana","East Feliciana Parish",5,31,251,155,96
050,22,037,"Louisiana","East Feliciana Parish",5,32,240,148,92
050,22,037,"Louisiana","East Feliciana Parish",5,33,237,138,99
050,22,037,"Louisiana","East Feliciana Parish",5,34,239,144,95
050,22,037,"Louisiana","East Feliciana Parish",5,35,216,136,80
050,22,037,"Louisiana","East Feliciana Parish",5,36,222,132,90
050,22,037,"Louisiana","East Feliciana Parish",5,37,271,174,97
050,22,037,"Louisiana","East Feliciana Parish",5,38,280,181,99
050,22,037,"Louisiana","East Feliciana Parish",5,39,269,150,119
050,22,037,"Louisiana","East Feliciana Parish",5,40,265,153,112
050,22,037,"Louisiana","East Feliciana Parish",5,41,249,148,101
050,22,037,"Louisiana","East Feliciana Parish",5,42,263,157,106
050,22,037,"Louisiana","East Feliciana Parish",5,43,280,181,99
050,22,037,"Louisiana","East Feliciana Parish",5,44,269,161,108
050,22,037,"Louisiana","East Feliciana Parish",5,45,249,154,95
050,22,037,"Louisiana","East Feliciana Parish",5,46,275,168,107
050,22,037,"Louisiana","East Feliciana Parish",5,47,246,150,96
050,22,037,"Louisiana","East Feliciana Parish",5,48,258,155,103
050,22,037,"Louisiana","East Feliciana Parish",5,49,251,153,98
050,22,037,"Louisiana","East Feliciana Parish",5,50,249,162,87
050,22,037,"Louisiana","East Feliciana Parish",5,51,254,158,96
050,22,037,"Louisiana","East Feliciana Parish",5,52,265,149,116
050,22,037,"Louisiana","East Feliciana Parish",5,53,264,154,110
050,22,037,"Louisiana","East Feliciana Parish",5,54,291,166,125
050,22,037,"Louisiana","East Feliciana Parish",5,55,293,172,121
050,22,037,"Louisiana","East Feliciana Parish",5,56,247,135,112
050,22,037,"Louisiana","East Feliciana Parish",5,57,265,145,120
050,22,037,"Louisiana","East Feliciana Parish",5,58,273,140,133
050,22,037,"Louisiana","East Feliciana Parish",5,59,292,156,136
050,22,037,"Louisiana","East Feliciana Parish",5,60,272,137,135
050,22,037,"Louisiana","East Feliciana Parish",5,61,287,145,142
050,22,037,"Louisiana","East Feliciana Parish",5,62,324,167,157
050,22,037,"Louisiana","East Feliciana Parish",5,63,312,154,158
050,22,037,"Louisiana","East Feliciana Parish",5,64,275,127,148
050,22,037,"Louisiana","East Feliciana Parish",5,65,275,139,136
050,22,037,"Louisiana","East Feliciana Parish",5,66,300,153,147
050,22,037,"Louisiana","East Feliciana Parish",5,67,287,143,144
050,22,037,"Louisiana","East Feliciana Parish",5,68,251,126,125
050,22,037,"Louisiana","East Feliciana Parish",5,69,230,111,119
050,22,037,"Louisiana","East Feliciana Parish",5,70,225,98,127
050,22,037,"Louisiana","East Feliciana Parish",5,71,227,100,127
050,22,037,"Louisiana","East Feliciana Parish",5,72,204,99,105
050,22,037,"Louisiana","East Feliciana Parish",5,73,211,115,96
050,22,037,"Louisiana","East Feliciana Parish",5,74,215,100,115
050,22,037,"Louisiana","East Feliciana Parish",5,75,186,88,98
050,22,037,"Louisiana","East Feliciana Parish",5,76,198,98,100
050,22,037,"Louisiana","East Feliciana Parish",5,77,131,58,73
050,22,037,"Louisiana","East Feliciana Parish",5,78,119,51,68
050,22,037,"Louisiana","East Feliciana Parish",5,79,109,44,65
050,22,037,"Louisiana","East Feliciana Parish",5,80,108,48,60
050,22,037,"Louisiana","East Feliciana Parish",5,81,99,45,54
050,22,037,"Louisiana","East Feliciana Parish",5,82,87,40,47
050,22,037,"Louisiana","East Feliciana Parish",5,83,73,34,39
050,22,037,"Louisiana","East Feliciana Parish",5,84,77,37,40
050,22,037,"Louisiana","East Feliciana Parish",5,85,337,190,147
050,22,039,"Louisiana","Evangeline Parish",1,0,456,232,224
050,22,039,"Louisiana","Evangeline Parish",1,1,466,250,216
050,22,039,"Louisiana","Evangeline Parish",1,2,436,222,214
050,22,039,"Louisiana","Evangeline Parish",1,3,440,228,212
050,22,039,"Louisiana","Evangeline Parish",1,4,457,227,230
050,22,039,"Louisiana","Evangeline Parish",1,5,450,226,224
050,22,039,"Louisiana","Evangeline Parish",1,6,454,229,225
050,22,039,"Louisiana","Evangeline Parish",1,7,450,214,236
050,22,039,"Louisiana","Evangeline Parish",1,8,450,237,213
050,22,039,"Louisiana","Evangeline Parish",1,9,426,223,203
050,22,039,"Louisiana","Evangeline Parish",1,10,455,228,227
050,22,039,"Louisiana","Evangeline Parish",1,11,469,230,239
050,22,039,"Louisiana","Evangeline Parish",1,12,465,240,225
050,22,039,"Louisiana","Evangeline Parish",1,13,472,241,231
050,22,039,"Louisiana","Evangeline Parish",1,14,463,238,225
050,22,039,"Louisiana","Evangeline Parish",1,15,456,238,218
050,22,039,"Louisiana","Evangeline Parish",1,16,449,230,219
050,22,039,"Louisiana","Evangeline Parish",1,17,444,232,212
050,22,039,"Louisiana","Evangeline Parish",1,18,398,233,165
050,22,039,"Louisiana","Evangeline Parish",1,19,370,215,155
050,22,039,"Louisiana","Evangeline Parish",1,20,412,238,174
050,22,039,"Louisiana","Evangeline Parish",1,21,441,259,182
050,22,039,"Louisiana","Evangeline Parish",1,22,408,219,189
050,22,039,"Louisiana","Evangeline Parish",1,23,388,209,179
050,22,039,"Louisiana","Evangeline Parish",1,24,459,275,184
050,22,039,"Louisiana","Evangeline Parish",1,25,424,251,173
050,22,039,"Louisiana","Evangeline Parish",1,26,460,274,186
050,22,039,"Louisiana","Evangeline Parish",1,27,451,262,189
050,22,039,"Louisiana","Evangeline Parish",1,28,472,259,213
050,22,039,"Louisiana","Evangeline Parish",1,29,476,267,209
050,22,039,"Louisiana","Evangeline Parish",1,30,475,262,213
050,22,039,"Louisiana","Evangeline Parish",1,31,430,235,195
050,22,039,"Louisiana","Evangeline Parish",1,32,406,212,194
050,22,039,"Louisiana","Evangeline Parish",1,33,421,216,205
050,22,039,"Louisiana","Evangeline Parish",1,34,404,220,184
050,22,039,"Louisiana","Evangeline Parish",1,35,410,224,186
050,22,039,"Louisiana","Evangeline Parish",1,36,413,218,195
050,22,039,"Louisiana","Evangeline Parish",1,37,417,221,196
050,22,039,"Louisiana","Evangeline Parish",1,38,404,204,200
050,22,039,"Louisiana","Evangeline Parish",1,39,411,211,200
050,22,039,"Louisiana","Evangeline Parish",1,40,391,203,188
050,22,039,"Louisiana","Evangeline Parish",1,41,343,180,163
050,22,039,"Louisiana","Evangeline Parish",1,42,354,186,168
050,22,039,"Louisiana","Evangeline Parish",1,43,375,192,183
050,22,039,"Louisiana","Evangeline Parish",1,44,371,195,176
050,22,039,"Louisiana","Evangeline Parish",1,45,310,161,149
050,22,039,"Louisiana","Evangeline Parish",1,46,318,168,150
050,22,039,"Louisiana","Evangeline Parish",1,47,333,164,169
050,22,039,"Louisiana","Evangeline Parish",1,48,377,200,177
050,22,039,"Louisiana","Evangeline Parish",1,49,395,202,193
050,22,039,"Louisiana","Evangeline Parish",1,50,398,202,196
050,22,039,"Louisiana","Evangeline Parish",1,51,434,231,203
050,22,039,"Louisiana","Evangeline Parish",1,52,398,212,186
050,22,039,"Louisiana","Evangeline Parish",1,53,393,192,201
050,22,039,"Louisiana","Evangeline Parish",1,54,405,191,214
050,22,039,"Louisiana","Evangeline Parish",1,55,424,210,214
050,22,039,"Louisiana","Evangeline Parish",1,56,446,213,233
050,22,039,"Louisiana","Evangeline Parish",1,57,436,206,230
050,22,039,"Louisiana","Evangeline Parish",1,58,459,221,238
050,22,039,"Louisiana","Evangeline Parish",1,59,447,221,226
050,22,039,"Louisiana","Evangeline Parish",1,60,413,207,206
050,22,039,"Louisiana","Evangeline Parish",1,61,417,199,218
050,22,039,"Louisiana","Evangeline Parish",1,62,381,183,198
050,22,039,"Louisiana","Evangeline Parish",1,63,372,188,184
050,22,039,"Louisiana","Evangeline Parish",1,64,364,180,184
050,22,039,"Louisiana","Evangeline Parish",1,65,368,170,198
050,22,039,"Louisiana","Evangeline Parish",1,66,361,178,183
050,22,039,"Louisiana","Evangeline Parish",1,67,319,151,168
050,22,039,"Louisiana","Evangeline Parish",1,68,333,167,166
050,22,039,"Louisiana","Evangeline Parish",1,69,288,133,155
050,22,039,"Louisiana","Evangeline Parish",1,70,273,138,135
050,22,039,"Louisiana","Evangeline Parish",1,71,282,137,145
050,22,039,"Louisiana","Evangeline Parish",1,72,280,125,155
050,22,039,"Louisiana","Evangeline Parish",1,73,274,131,143
050,22,039,"Louisiana","Evangeline Parish",1,74,191,85,106
050,22,039,"Louisiana","Evangeline Parish",1,75,209,94,115
050,22,039,"Louisiana","Evangeline Parish",1,76,192,85,107
050,22,039,"Louisiana","Evangeline Parish",1,77,185,86,99
050,22,039,"Louisiana","Evangeline Parish",1,78,186,84,102
050,22,039,"Louisiana","Evangeline Parish",1,79,177,80,97
050,22,039,"Louisiana","Evangeline Parish",1,80,156,71,85
050,22,039,"Louisiana","Evangeline Parish",1,81,145,63,82
050,22,039,"Louisiana","Evangeline Parish",1,82,131,51,80
050,22,039,"Louisiana","Evangeline Parish",1,83,116,48,68
050,22,039,"Louisiana","Evangeline Parish",1,84,102,43,59
050,22,039,"Louisiana","Evangeline Parish",1,85,512,188,324
050,22,039,"Louisiana","Evangeline Parish",2,0,453,237,216
050,22,039,"Louisiana","Evangeline Parish",2,1,463,244,219
050,22,039,"Louisiana","Evangeline Parish",2,2,442,228,214
050,22,039,"Louisiana","Evangeline Parish",2,3,439,228,211
050,22,039,"Louisiana","Evangeline Parish",2,4,452,230,222
050,22,039,"Louisiana","Evangeline Parish",2,5,452,227,225
050,22,039,"Louisiana","Evangeline Parish",2,6,452,227,225
050,22,039,"Louisiana","Evangeline Parish",2,7,453,218,235
050,22,039,"Louisiana","Evangeline Parish",2,8,447,230,217
050,22,039,"Louisiana","Evangeline Parish",2,9,430,225,205
050,22,039,"Louisiana","Evangeline Parish",2,10,445,225,220
050,22,039,"Louisiana","Evangeline Parish",2,11,462,229,233
050,22,039,"Louisiana","Evangeline Parish",2,12,464,237,227
050,22,039,"Louisiana","Evangeline Parish",2,13,469,240,229
050,22,039,"Louisiana","Evangeline Parish",2,14,462,238,224
050,22,039,"Louisiana","Evangeline Parish",2,15,457,237,220
050,22,039,"Louisiana","Evangeline Parish",2,16,450,232,218
050,22,039,"Louisiana","Evangeline Parish",2,17,447,233,214
050,22,039,"Louisiana","Evangeline Parish",2,18,394,227,167
050,22,039,"Louisiana","Evangeline Parish",2,19,368,217,151
050,22,039,"Louisiana","Evangeline Parish",2,20,413,238,175
050,22,039,"Louisiana","Evangeline Parish",2,21,442,260,182
050,22,039,"Louisiana","Evangeline Parish",2,22,410,220,190
050,22,039,"Louisiana","Evangeline Parish",2,23,392,209,183
050,22,039,"Louisiana","Evangeline Parish",2,24,450,270,180
050,22,039,"Louisiana","Evangeline Parish",2,25,419,246,173
050,22,039,"Louisiana","Evangeline Parish",2,26,454,272,182
050,22,039,"Louisiana","Evangeline Parish",2,27,447,260,187
050,22,039,"Louisiana","Evangeline Parish",2,28,462,256,206
050,22,039,"Louisiana","Evangeline Parish",2,29,474,265,209
050,22,039,"Louisiana","Evangeline Parish",2,30,479,264,215
050,22,039,"Louisiana","Evangeline Parish",2,31,444,245,199
050,22,039,"Louisiana","Evangeline Parish",2,32,410,215,195
050,22,039,"Louisiana","Evangeline Parish",2,33,410,209,201
050,22,039,"Louisiana","Evangeline Parish",2,34,411,222,189
050,22,039,"Louisiana","Evangeline Parish",2,35,410,223,187
050,22,039,"Louisiana","Evangeline Parish",2,36,410,218,192
050,22,039,"Louisiana","Evangeline Parish",2,37,413,218,195
050,22,039,"Louisiana","Evangeline Parish",2,38,406,207,199
050,22,039,"Louisiana","Evangeline Parish",2,39,403,207,196
050,22,039,"Louisiana","Evangeline Parish",2,40,400,208,192
050,22,039,"Louisiana","Evangeline Parish",2,41,348,180,168
050,22,039,"Louisiana","Evangeline Parish",2,42,346,181,165
050,22,039,"Louisiana","Evangeline Parish",2,43,376,194,182
050,22,039,"Louisiana","Evangeline Parish",2,44,368,192,176
050,22,039,"Louisiana","Evangeline Parish",2,45,325,169,156
050,22,039,"Louisiana","Evangeline Parish",2,46,317,166,151
050,22,039,"Louisiana","Evangeline Parish",2,47,327,164,163
050,22,039,"Louisiana","Evangeline Parish",2,48,366,192,174
050,22,039,"Louisiana","Evangeline Parish",2,49,393,201,192
050,22,039,"Louisiana","Evangeline Parish",2,50,396,203,193
050,22,039,"Louisiana","Evangeline Parish",2,51,423,225,198
050,22,039,"Louisiana","Evangeline Parish",2,52,405,216,189
050,22,039,"Louisiana","Evangeline Parish",2,53,395,197,198
050,22,039,"Louisiana","Evangeline Parish",2,54,402,194,208
050,22,039,"Louisiana","Evangeline Parish",2,55,415,202,213
050,22,039,"Louisiana","Evangeline Parish",2,56,443,214,229
050,22,039,"Louisiana","Evangeline Parish",2,57,437,207,230
050,22,039,"Louisiana","Evangeline Parish",2,58,446,214,232
050,22,039,"Louisiana","Evangeline Parish",2,59,450,220,230
050,22,039,"Louisiana","Evangeline Parish",2,60,420,208,212
050,22,039,"Louisiana","Evangeline Parish",2,61,413,197,216
050,22,039,"Louisiana","Evangeline Parish",2,62,389,187,202
050,22,039,"Louisiana","Evangeline Parish",2,63,373,187,186
050,22,039,"Louisiana","Evangeline Parish",2,64,366,182,184
050,22,039,"Louisiana","Evangeline Parish",2,65,368,173,195
050,22,039,"Louisiana","Evangeline Parish",2,66,360,173,187
050,22,039,"Louisiana","Evangeline Parish",2,67,322,154,168
050,22,039,"Louisiana","Evangeline Parish",2,68,329,164,165
050,22,039,"Louisiana","Evangeline Parish",2,69,298,140,158
050,22,039,"Louisiana","Evangeline Parish",2,70,276,138,138
050,22,039,"Louisiana","Evangeline Parish",2,71,280,137,143
050,22,039,"Louisiana","Evangeline Parish",2,72,273,124,149
050,22,039,"Louisiana","Evangeline Parish",2,73,283,132,151
050,22,039,"Louisiana","Evangeline Parish",2,74,198,91,107
050,22,039,"Louisiana","Evangeline Parish",2,75,202,92,110
050,22,039,"Louisiana","Evangeline Parish",2,76,196,86,110
050,22,039,"Louisiana","Evangeline Parish",2,77,188,86,102
050,22,039,"Louisiana","Evangeline Parish",2,78,181,82,99
050,22,039,"Louisiana","Evangeline Parish",2,79,181,82,99
050,22,039,"Louisiana","Evangeline Parish",2,80,157,72,85
050,22,039,"Louisiana","Evangeline Parish",2,81,145,63,82
050,22,039,"Louisiana","Evangeline Parish",2,82,130,52,78
050,22,039,"Louisiana","Evangeline Parish",2,83,118,48,70
050,22,039,"Louisiana","Evangeline Parish",2,84,102,42,60
050,22,039,"Louisiana","Evangeline Parish",2,85,511,186,325
050,22,039,"Louisiana","Evangeline Parish",3,0,452,239,213
050,22,039,"Louisiana","Evangeline Parish",3,1,461,236,225
050,22,039,"Louisiana","Evangeline Parish",3,2,465,245,220
050,22,039,"Louisiana","Evangeline Parish",3,3,439,233,206
050,22,039,"Louisiana","Evangeline Parish",3,4,425,216,209
050,22,039,"Louisiana","Evangeline Parish",3,5,440,225,215
050,22,039,"Louisiana","Evangeline Parish",3,6,449,226,223
050,22,039,"Louisiana","Evangeline Parish",3,7,436,218,218
050,22,039,"Louisiana","Evangeline Parish",3,8,475,233,242
050,22,039,"Louisiana","Evangeline Parish",3,9,441,239,202
050,22,039,"Louisiana","Evangeline Parish",3,10,425,218,207
050,22,039,"Louisiana","Evangeline Parish",3,11,431,213,218
050,22,039,"Louisiana","Evangeline Parish",3,12,465,229,236
050,22,039,"Louisiana","Evangeline Parish",3,13,466,237,229
050,22,039,"Louisiana","Evangeline Parish",3,14,483,255,228
050,22,039,"Louisiana","Evangeline Parish",3,15,465,237,228
050,22,039,"Louisiana","Evangeline Parish",3,16,463,237,226
050,22,039,"Louisiana","Evangeline Parish",3,17,466,240,226
050,22,039,"Louisiana","Evangeline Parish",3,18,400,219,181
050,22,039,"Louisiana","Evangeline Parish",3,19,359,215,144
050,22,039,"Louisiana","Evangeline Parish",3,20,388,223,165
050,22,039,"Louisiana","Evangeline Parish",3,21,447,258,189
050,22,039,"Louisiana","Evangeline Parish",3,22,436,236,200
050,22,039,"Louisiana","Evangeline Parish",3,23,402,214,188
050,22,039,"Louisiana","Evangeline Parish",3,24,426,259,167
050,22,039,"Louisiana","Evangeline Parish",3,25,412,235,177
050,22,039,"Louisiana","Evangeline Parish",3,26,413,249,164
050,22,039,"Louisiana","Evangeline Parish",3,27,448,261,187
050,22,039,"Louisiana","Evangeline Parish",3,28,414,238,176
050,22,039,"Louisiana","Evangeline Parish",3,29,477,267,210
050,22,039,"Louisiana","Evangeline Parish",3,30,474,266,208
050,22,039,"Louisiana","Evangeline Parish",3,31,483,269,214
050,22,039,"Louisiana","Evangeline Parish",3,32,436,230,206
050,22,039,"Louisiana","Evangeline Parish",3,33,388,201,187
050,22,039,"Louisiana","Evangeline Parish",3,34,432,226,206
050,22,039,"Louisiana","Evangeline Parish",3,35,407,214,193
050,22,039,"Louisiana","Evangeline Parish",3,36,421,231,190
050,22,039,"Louisiana","Evangeline Parish",3,37,401,204,197
050,22,039,"Louisiana","Evangeline Parish",3,38,404,207,197
050,22,039,"Louisiana","Evangeline Parish",3,39,406,206,200
050,22,039,"Louisiana","Evangeline Parish",3,40,425,218,207
050,22,039,"Louisiana","Evangeline Parish",3,41,372,178,194
050,22,039,"Louisiana","Evangeline Parish",3,42,342,173,169
050,22,039,"Louisiana","Evangeline Parish",3,43,357,187,170
050,22,039,"Louisiana","Evangeline Parish",3,44,382,196,186
050,22,039,"Louisiana","Evangeline Parish",3,45,360,186,174
050,22,039,"Louisiana","Evangeline Parish",3,46,331,171,160
050,22,039,"Louisiana","Evangeline Parish",3,47,321,171,150
050,22,039,"Louisiana","Evangeline Parish",3,48,339,172,167
050,22,039,"Louisiana","Evangeline Parish",3,49,354,184,170
050,22,039,"Louisiana","Evangeline Parish",3,50,378,194,184
050,22,039,"Louisiana","Evangeline Parish",3,51,400,207,193
050,22,039,"Louisiana","Evangeline Parish",3,52,402,212,190
050,22,039,"Louisiana","Evangeline Parish",3,53,411,216,195
050,22,039,"Louisiana","Evangeline Parish",3,54,392,195,197
050,22,039,"Louisiana","Evangeline Parish",3,55,396,187,209
050,22,039,"Louisiana","Evangeline Parish",3,56,411,198,213
050,22,039,"Louisiana","Evangeline Parish",3,57,437,213,224
050,22,039,"Louisiana","Evangeline Parish",3,58,426,205,221
050,22,039,"Louisiana","Evangeline Parish",3,59,448,222,226
050,22,039,"Louisiana","Evangeline Parish",3,60,438,212,226
050,22,039,"Louisiana","Evangeline Parish",3,61,402,196,206
050,22,039,"Louisiana","Evangeline Parish",3,62,402,197,205
050,22,039,"Louisiana","Evangeline Parish",3,63,382,186,196
050,22,039,"Louisiana","Evangeline Parish",3,64,362,188,174
050,22,039,"Louisiana","Evangeline Parish",3,65,361,181,180
050,22,039,"Louisiana","Evangeline Parish",3,66,350,166,184
050,22,039,"Louisiana","Evangeline Parish",3,67,346,167,179
050,22,039,"Louisiana","Evangeline Parish",3,68,331,157,174
050,22,039,"Louisiana","Evangeline Parish",3,69,318,153,165
050,22,039,"Louisiana","Evangeline Parish",3,70,292,138,154
050,22,039,"Louisiana","Evangeline Parish",3,71,270,130,140
050,22,039,"Louisiana","Evangeline Parish",3,72,262,125,137
050,22,039,"Louisiana","Evangeline Parish",3,73,260,114,146
050,22,039,"Louisiana","Evangeline Parish",3,74,256,119,137
050,22,039,"Louisiana","Evangeline Parish",3,75,190,87,103
050,22,039,"Louisiana","Evangeline Parish",3,76,202,89,113
050,22,039,"Louisiana","Evangeline Parish",3,77,176,76,100
050,22,039,"Louisiana","Evangeline Parish",3,78,171,71,100
050,22,039,"Louisiana","Evangeline Parish",3,79,171,73,98
050,22,039,"Louisiana","Evangeline Parish",3,80,153,73,80
050,22,039,"Louisiana","Evangeline Parish",3,81,143,60,83
050,22,039,"Louisiana","Evangeline Parish",3,82,132,53,79
050,22,039,"Louisiana","Evangeline Parish",3,83,124,54,70
050,22,039,"Louisiana","Evangeline Parish",3,84,111,41,70
050,22,039,"Louisiana","Evangeline Parish",3,85,503,186,317
050,22,039,"Louisiana","Evangeline Parish",4,0,442,241,201
050,22,039,"Louisiana","Evangeline Parish",4,1,441,243,198
050,22,039,"Louisiana","Evangeline Parish",4,2,455,240,215
050,22,039,"Louisiana","Evangeline Parish",4,3,463,237,226
050,22,039,"Louisiana","Evangeline Parish",4,4,432,226,206
050,22,039,"Louisiana","Evangeline Parish",4,5,416,214,202
050,22,039,"Louisiana","Evangeline Parish",4,6,441,228,213
050,22,039,"Louisiana","Evangeline Parish",4,7,448,223,225
050,22,039,"Louisiana","Evangeline Parish",4,8,443,227,216
050,22,039,"Louisiana","Evangeline Parish",4,9,475,228,247
050,22,039,"Louisiana","Evangeline Parish",4,10,430,228,202
050,22,039,"Louisiana","Evangeline Parish",4,11,433,219,214
050,22,039,"Louisiana","Evangeline Parish",4,12,425,207,218
050,22,039,"Louisiana","Evangeline Parish",4,13,466,229,237
050,22,039,"Louisiana","Evangeline Parish",4,14,465,240,225
050,22,039,"Louisiana","Evangeline Parish",4,15,471,244,227
050,22,039,"Louisiana","Evangeline Parish",4,16,460,234,226
050,22,039,"Louisiana","Evangeline Parish",4,17,483,255,228
050,22,039,"Louisiana","Evangeline Parish",4,18,412,223,189
050,22,039,"Louisiana","Evangeline Parish",4,19,353,212,141
050,22,039,"Louisiana","Evangeline Parish",4,20,380,226,154
050,22,039,"Louisiana","Evangeline Parish",4,21,413,235,178
050,22,039,"Louisiana","Evangeline Parish",4,22,435,224,211
050,22,039,"Louisiana","Evangeline Parish",4,23,421,223,198
050,22,039,"Louisiana","Evangeline Parish",4,24,443,262,181
050,22,039,"Louisiana","Evangeline Parish",4,25,408,222,186
050,22,039,"Louisiana","Evangeline Parish",4,26,411,245,166
050,22,039,"Louisiana","Evangeline Parish",4,27,394,233,161
050,22,039,"Louisiana","Evangeline Parish",4,28,437,257,180
050,22,039,"Louisiana","Evangeline Parish",4,29,426,257,169
050,22,039,"Louisiana","Evangeline Parish",4,30,462,256,206
050,22,039,"Louisiana","Evangeline Parish",4,31,479,272,207
050,22,039,"Louisiana","Evangeline Parish",4,32,465,256,209
050,22,039,"Louisiana","Evangeline Parish",4,33,425,215,210
050,22,039,"Louisiana","Evangeline Parish",4,34,425,235,190
050,22,039,"Louisiana","Evangeline Parish",4,35,431,222,209
050,22,039,"Louisiana","Evangeline Parish",4,36,391,207,184
050,22,039,"Louisiana","Evangeline Parish",4,37,417,223,194
050,22,039,"Louisiana","Evangeline Parish",4,38,394,207,187
050,22,039,"Louisiana","Evangeline Parish",4,39,403,209,194
050,22,039,"Louisiana","Evangeline Parish",4,40,415,218,197
050,22,039,"Louisiana","Evangeline Parish",4,41,407,202,205
050,22,039,"Louisiana","Evangeline Parish",4,42,369,172,197
050,22,039,"Louisiana","Evangeline Parish",4,43,347,176,171
050,22,039,"Louisiana","Evangeline Parish",4,44,362,190,172
050,22,039,"Louisiana","Evangeline Parish",4,45,366,178,188
050,22,039,"Louisiana","Evangeline Parish",4,46,356,186,170
050,22,039,"Louisiana","Evangeline Parish",4,47,342,180,162
050,22,039,"Louisiana","Evangeline Parish",4,48,322,174,148
050,22,039,"Louisiana","Evangeline Parish",4,49,335,163,172
050,22,039,"Louisiana","Evangeline Parish",4,50,348,185,163
050,22,039,"Louisiana","Evangeline Parish",4,51,376,196,180
050,22,039,"Louisiana","Evangeline Parish",4,52,381,196,185
050,22,039,"Louisiana","Evangeline Parish",4,53,401,209,192
050,22,039,"Louisiana","Evangeline Parish",4,54,413,220,193
050,22,039,"Louisiana","Evangeline Parish",4,55,382,188,194
050,22,039,"Louisiana","Evangeline Parish",4,56,405,191,214
050,22,039,"Louisiana","Evangeline Parish",4,57,408,196,212
050,22,039,"Louisiana","Evangeline Parish",4,58,422,209,213
050,22,039,"Louisiana","Evangeline Parish",4,59,422,210,212
050,22,039,"Louisiana","Evangeline Parish",4,60,438,214,224
050,22,039,"Louisiana","Evangeline Parish",4,61,418,200,218
050,22,039,"Louisiana","Evangeline Parish",4,62,384,186,198
050,22,039,"Louisiana","Evangeline Parish",4,63,390,187,203
050,22,039,"Louisiana","Evangeline Parish",4,64,375,186,189
050,22,039,"Louisiana","Evangeline Parish",4,65,364,186,178
050,22,039,"Louisiana","Evangeline Parish",4,66,343,168,175
050,22,039,"Louisiana","Evangeline Parish",4,67,334,157,177
050,22,039,"Louisiana","Evangeline Parish",4,68,349,168,181
050,22,039,"Louisiana","Evangeline Parish",4,69,309,145,164
050,22,039,"Louisiana","Evangeline Parish",4,70,306,146,160
050,22,039,"Louisiana","Evangeline Parish",4,71,281,132,149
050,22,039,"Louisiana","Evangeline Parish",4,72,252,118,134
050,22,039,"Louisiana","Evangeline Parish",4,73,243,115,128
050,22,039,"Louisiana","Evangeline Parish",4,74,235,101,134
050,22,039,"Louisiana","Evangeline Parish",4,75,246,116,130
050,22,039,"Louisiana","Evangeline Parish",4,76,189,82,107
050,22,039,"Louisiana","Evangeline Parish",4,77,184,80,104
050,22,039,"Louisiana","Evangeline Parish",4,78,168,66,102
050,22,039,"Louisiana","Evangeline Parish",4,79,168,69,99
050,22,039,"Louisiana","Evangeline Parish",4,80,139,60,79
050,22,039,"Louisiana","Evangeline Parish",4,81,138,60,78
050,22,039,"Louisiana","Evangeline Parish",4,82,129,49,80
050,22,039,"Louisiana","Evangeline Parish",4,83,123,51,72
050,22,039,"Louisiana","Evangeline Parish",4,84,119,48,71
050,22,039,"Louisiana","Evangeline Parish",4,85,516,186,330
050,22,039,"Louisiana","Evangeline Parish",5,0,444,240,204
050,22,039,"Louisiana","Evangeline Parish",5,1,445,242,203
050,22,039,"Louisiana","Evangeline Parish",5,2,428,225,203
050,22,039,"Louisiana","Evangeline Parish",5,3,460,238,222
050,22,039,"Louisiana","Evangeline Parish",5,4,437,224,213
050,22,039,"Louisiana","Evangeline Parish",5,5,421,227,194
050,22,039,"Louisiana","Evangeline Parish",5,6,420,213,207
050,22,039,"Louisiana","Evangeline Parish",5,7,433,227,206
050,22,039,"Louisiana","Evangeline Parish",5,8,434,221,213
050,22,039,"Louisiana","Evangeline Parish",5,9,427,218,209
050,22,039,"Louisiana","Evangeline Parish",5,10,461,225,236
050,22,039,"Louisiana","Evangeline Parish",5,11,435,238,197
050,22,039,"Louisiana","Evangeline Parish",5,12,412,207,205
050,22,039,"Louisiana","Evangeline Parish",5,13,424,216,208
050,22,039,"Louisiana","Evangeline Parish",5,14,465,231,234
050,22,039,"Louisiana","Evangeline Parish",5,15,453,231,222
050,22,039,"Louisiana","Evangeline Parish",5,16,471,243,228
050,22,039,"Louisiana","Evangeline Parish",5,17,475,246,229
050,22,039,"Louisiana","Evangeline Parish",5,18,413,225,188
050,22,039,"Louisiana","Evangeline Parish",5,19,362,211,151
050,22,039,"Louisiana","Evangeline Parish",5,20,371,219,152
050,22,039,"Louisiana","Evangeline Parish",5,21,391,233,158
050,22,039,"Louisiana","Evangeline Parish",5,22,363,184,179
050,22,039,"Louisiana","Evangeline Parish",5,23,428,212,216
050,22,039,"Louisiana","Evangeline Parish",5,24,493,285,208
050,22,039,"Louisiana","Evangeline Parish",5,25,405,213,192
050,22,039,"Louisiana","Evangeline Parish",5,26,420,235,185
050,22,039,"Louisiana","Evangeline Parish",5,27,401,234,167
050,22,039,"Louisiana","Evangeline Parish",5,28,374,213,161
050,22,039,"Louisiana","Evangeline Parish",5,29,436,254,182
050,22,039,"Louisiana","Evangeline Parish",5,30,423,250,173
050,22,039,"Louisiana","Evangeline Parish",5,31,470,273,197
050,22,039,"Louisiana","Evangeline Parish",5,32,471,257,214
050,22,039,"Louisiana","Evangeline Parish",5,33,451,235,216
050,22,039,"Louisiana","Evangeline Parish",5,34,440,237,203
050,22,039,"Louisiana","Evangeline Parish",5,35,418,224,194
050,22,039,"Louisiana","Evangeline Parish",5,36,429,212,217
050,22,039,"Louisiana","Evangeline Parish",5,37,388,198,190
050,22,039,"Louisiana","Evangeline Parish",5,38,404,207,197
050,22,039,"Louisiana","Evangeline Parish",5,39,393,209,184
050,22,039,"Louisiana","Evangeline Parish",5,40,417,218,199
050,22,039,"Louisiana","Evangeline Parish",5,41,398,199,199
050,22,039,"Louisiana","Evangeline Parish",5,42,400,196,204
050,22,039,"Louisiana","Evangeline Parish",5,43,367,178,189
050,22,039,"Louisiana","Evangeline Parish",5,44,352,179,173
050,22,039,"Louisiana","Evangeline Parish",5,45,344,176,168
050,22,039,"Louisiana","Evangeline Parish",5,46,363,181,182
050,22,039,"Louisiana","Evangeline Parish",5,47,370,191,179
050,22,039,"Louisiana","Evangeline Parish",5,48,335,172,163
050,22,039,"Louisiana","Evangeline Parish",5,49,308,160,148
050,22,039,"Louisiana","Evangeline Parish",5,50,331,161,170
050,22,039,"Louisiana","Evangeline Parish",5,51,356,196,160
050,22,039,"Louisiana","Evangeline Parish",5,52,363,188,175
050,22,039,"Louisiana","Evangeline Parish",5,53,372,184,188
050,22,039,"Louisiana","Evangeline Parish",5,54,395,212,183
050,22,039,"Louisiana","Evangeline Parish",5,55,405,217,188
050,22,039,"Louisiana","Evangeline Parish",5,56,384,186,198
050,22,039,"Louisiana","Evangeline Parish",5,57,399,188,211
050,22,039,"Louisiana","Evangeline Parish",5,58,397,193,204
050,22,039,"Louisiana","Evangeline Parish",5,59,422,209,213
050,22,039,"Louisiana","Evangeline Parish",5,60,422,208,214
050,22,039,"Louisiana","Evangeline Parish",5,61,421,204,217
050,22,039,"Louisiana","Evangeline Parish",5,62,409,194,215
050,22,039,"Louisiana","Evangeline Parish",5,63,367,175,192
050,22,039,"Louisiana","Evangeline Parish",5,64,381,187,194
050,22,039,"Louisiana","Evangeline Parish",5,65,369,184,185
050,22,039,"Louisiana","Evangeline Parish",5,66,350,183,167
050,22,039,"Louisiana","Evangeline Parish",5,67,326,157,169
050,22,039,"Louisiana","Evangeline Parish",5,68,333,161,172
050,22,039,"Louisiana","Evangeline Parish",5,69,330,153,177
050,22,039,"Louisiana","Evangeline Parish",5,70,302,142,160
050,22,039,"Louisiana","Evangeline Parish",5,71,301,142,159
050,22,039,"Louisiana","Evangeline Parish",5,72,259,118,141
050,22,039,"Louisiana","Evangeline Parish",5,73,234,110,124
050,22,039,"Louisiana","Evangeline Parish",5,74,222,106,116
050,22,039,"Louisiana","Evangeline Parish",5,75,226,96,130
050,22,039,"Louisiana","Evangeline Parish",5,76,244,112,132
050,22,039,"Louisiana","Evangeline Parish",5,77,172,75,97
050,22,039,"Louisiana","Evangeline Parish",5,78,175,72,103
050,22,039,"Louisiana","Evangeline Parish",5,79,168,66,102
050,22,039,"Louisiana","Evangeline Parish",5,80,138,58,80
050,22,039,"Louisiana","Evangeline Parish",5,81,128,51,77
050,22,039,"Louisiana","Evangeline Parish",5,82,124,49,75
050,22,039,"Louisiana","Evangeline Parish",5,83,121,48,73
050,22,039,"Louisiana","Evangeline Parish",5,84,117,45,72
050,22,039,"Louisiana","Evangeline Parish",5,85,548,197,351
050,22,041,"Louisiana","Franklin Parish",1,0,248,125,123
050,22,041,"Louisiana","Franklin Parish",1,1,270,134,136
050,22,041,"Louisiana","Franklin Parish",1,2,272,142,130
050,22,041,"Louisiana","Franklin Parish",1,3,286,155,131
050,22,041,"Louisiana","Franklin Parish",1,4,287,154,133
050,22,041,"Louisiana","Franklin Parish",1,5,252,134,118
050,22,041,"Louisiana","Franklin Parish",1,6,269,133,136
050,22,041,"Louisiana","Franklin Parish",1,7,250,121,129
050,22,041,"Louisiana","Franklin Parish",1,8,303,150,153
050,22,041,"Louisiana","Franklin Parish",1,9,295,150,145
050,22,041,"Louisiana","Franklin Parish",1,10,300,147,153
050,22,041,"Louisiana","Franklin Parish",1,11,281,140,141
050,22,041,"Louisiana","Franklin Parish",1,12,288,148,140
050,22,041,"Louisiana","Franklin Parish",1,13,301,168,133
050,22,041,"Louisiana","Franklin Parish",1,14,310,160,150
050,22,041,"Louisiana","Franklin Parish",1,15,277,146,131
050,22,041,"Louisiana","Franklin Parish",1,16,289,140,149
050,22,041,"Louisiana","Franklin Parish",1,17,301,154,147
050,22,041,"Louisiana","Franklin Parish",1,18,239,124,115
050,22,041,"Louisiana","Franklin Parish",1,19,193,96,97
050,22,041,"Louisiana","Franklin Parish",1,20,204,105,99
050,22,041,"Louisiana","Franklin Parish",1,21,209,108,101
050,22,041,"Louisiana","Franklin Parish",1,22,221,111,110
050,22,041,"Louisiana","Franklin Parish",1,23,234,124,110
050,22,041,"Louisiana","Franklin Parish",1,24,232,118,114
050,22,041,"Louisiana","Franklin Parish",1,25,217,101,116
050,22,041,"Louisiana","Franklin Parish",1,26,190,96,94
050,22,041,"Louisiana","Franklin Parish",1,27,215,99,116
050,22,041,"Louisiana","Franklin Parish",1,28,250,121,129
050,22,041,"Louisiana","Franklin Parish",1,29,242,108,134
050,22,041,"Louisiana","Franklin Parish",1,30,252,117,135
050,22,041,"Louisiana","Franklin Parish",1,31,230,111,119
050,22,041,"Louisiana","Franklin Parish",1,32,216,92,124
050,22,041,"Louisiana","Franklin Parish",1,33,219,93,126
050,22,041,"Louisiana","Franklin Parish",1,34,218,108,110
050,22,041,"Louisiana","Franklin Parish",1,35,213,97,116
050,22,041,"Louisiana","Franklin Parish",1,36,234,116,118
050,22,041,"Louisiana","Franklin Parish",1,37,238,121,117
050,22,041,"Louisiana","Franklin Parish",1,38,238,121,117
050,22,041,"Louisiana","Franklin Parish",1,39,254,137,117
050,22,041,"Louisiana","Franklin Parish",1,40,237,111,126
050,22,041,"Louisiana","Franklin Parish",1,41,234,108,126
050,22,041,"Louisiana","Franklin Parish",1,42,237,114,123
050,22,041,"Louisiana","Franklin Parish",1,43,229,115,114
050,22,041,"Louisiana","Franklin Parish",1,44,210,91,119
050,22,041,"Louisiana","Franklin Parish",1,45,211,102,109
050,22,041,"Louisiana","Franklin Parish",1,46,211,106,105
050,22,041,"Louisiana","Franklin Parish",1,47,206,101,105
050,22,041,"Louisiana","Franklin Parish",1,48,215,101,114
050,22,041,"Louisiana","Franklin Parish",1,49,220,99,121
050,22,041,"Louisiana","Franklin Parish",1,50,213,92,121
050,22,041,"Louisiana","Franklin Parish",1,51,216,100,116
050,22,041,"Louisiana","Franklin Parish",1,52,227,109,118
050,22,041,"Louisiana","Franklin Parish",1,53,226,105,121
050,22,041,"Louisiana","Franklin Parish",1,54,230,105,125
050,22,041,"Louisiana","Franklin Parish",1,55,265,118,147
050,22,041,"Louisiana","Franklin Parish",1,56,262,128,134
050,22,041,"Louisiana","Franklin Parish",1,57,272,129,143
050,22,041,"Louisiana","Franklin Parish",1,58,288,128,160
050,22,041,"Louisiana","Franklin Parish",1,59,285,137,148
050,22,041,"Louisiana","Franklin Parish",1,60,270,135,135
050,22,041,"Louisiana","Franklin Parish",1,61,283,145,138
050,22,041,"Louisiana","Franklin Parish",1,62,267,133,134
050,22,041,"Louisiana","Franklin Parish",1,63,261,132,129
050,22,041,"Louisiana","Franklin Parish",1,64,274,145,129
050,22,041,"Louisiana","Franklin Parish",1,65,257,125,132
050,22,041,"Louisiana","Franklin Parish",1,66,251,126,125
050,22,041,"Louisiana","Franklin Parish",1,67,217,103,114
050,22,041,"Louisiana","Franklin Parish",1,68,228,102,126
050,22,041,"Louisiana","Franklin Parish",1,69,244,114,130
050,22,041,"Louisiana","Franklin Parish",1,70,201,100,101
050,22,041,"Louisiana","Franklin Parish",1,71,192,97,95
050,22,041,"Louisiana","Franklin Parish",1,72,212,96,116
050,22,041,"Louisiana","Franklin Parish",1,73,192,81,111
050,22,041,"Louisiana","Franklin Parish",1,74,125,52,73
050,22,041,"Louisiana","Franklin Parish",1,75,146,63,83
050,22,041,"Louisiana","Franklin Parish",1,76,135,66,69
050,22,041,"Louisiana","Franklin Parish",1,77,126,62,64
050,22,041,"Louisiana","Franklin Parish",1,78,113,45,68
050,22,041,"Louisiana","Franklin Parish",1,79,122,46,76
050,22,041,"Louisiana","Franklin Parish",1,80,111,40,71
050,22,041,"Louisiana","Franklin Parish",1,81,111,49,62
050,22,041,"Louisiana","Franklin Parish",1,82,107,41,66
050,22,041,"Louisiana","Franklin Parish",1,83,83,33,50
050,22,041,"Louisiana","Franklin Parish",1,84,90,41,49
050,22,041,"Louisiana","Franklin Parish",1,85,424,121,303
050,22,041,"Louisiana","Franklin Parish",2,0,248,119,129
050,22,041,"Louisiana","Franklin Parish",2,1,264,130,134
050,22,041,"Louisiana","Franklin Parish",2,2,272,140,132
050,22,041,"Louisiana","Franklin Parish",2,3,281,151,130
050,22,041,"Louisiana","Franklin Parish",2,4,287,154,133
050,22,041,"Louisiana","Franklin Parish",2,5,259,139,120
050,22,041,"Louisiana","Franklin Parish",2,6,264,134,130
050,22,041,"Louisiana","Franklin Parish",2,7,255,125,130
050,22,041,"Louisiana","Franklin Parish",2,8,287,141,146
050,22,041,"Louisiana","Franklin Parish",2,9,293,148,145
050,22,041,"Louisiana","Franklin Parish",2,10,294,144,150
050,22,041,"Louisiana","Franklin Parish",2,11,281,139,142
050,22,041,"Louisiana","Franklin Parish",2,12,286,147,139
050,22,041,"Louisiana","Franklin Parish",2,13,296,161,135
050,22,041,"Louisiana","Franklin Parish",2,14,303,159,144
050,22,041,"Louisiana","Franklin Parish",2,15,282,148,134
050,22,041,"Louisiana","Franklin Parish",2,16,286,141,145
050,22,041,"Louisiana","Franklin Parish",2,17,295,149,146
050,22,041,"Louisiana","Franklin Parish",2,18,243,126,117
050,22,041,"Louisiana","Franklin Parish",2,19,194,98,96
050,22,041,"Louisiana","Franklin Parish",2,20,207,105,102
050,22,041,"Louisiana","Franklin Parish",2,21,207,106,101
050,22,041,"Louisiana","Franklin Parish",2,22,219,111,108
050,22,041,"Louisiana","Franklin Parish",2,23,233,123,110
050,22,041,"Louisiana","Franklin Parish",2,24,230,118,112
050,22,041,"Louisiana","Franklin Parish",2,25,219,106,113
050,22,041,"Louisiana","Franklin Parish",2,26,200,98,102
050,22,041,"Louisiana","Franklin Parish",2,27,209,99,110
050,22,041,"Louisiana","Franklin Parish",2,28,241,116,125
050,22,041,"Louisiana","Franklin Parish",2,29,242,109,133
050,22,041,"Louisiana","Franklin Parish",2,30,250,115,135
050,22,041,"Louisiana","Franklin Parish",2,31,233,110,123
050,22,041,"Louisiana","Franklin Parish",2,32,213,94,119
050,22,041,"Louisiana","Franklin Parish",2,33,212,90,122
050,22,041,"Louisiana","Franklin Parish",2,34,218,105,113
050,22,041,"Louisiana","Franklin Parish",2,35,217,101,116
050,22,041,"Louisiana","Franklin Parish",2,36,226,110,116
050,22,041,"Louisiana","Franklin Parish",2,37,237,120,117
050,22,041,"Louisiana","Franklin Parish",2,38,238,122,116
050,22,041,"Louisiana","Franklin Parish",2,39,250,134,116
050,22,041,"Louisiana","Franklin Parish",2,40,242,117,125
050,22,041,"Louisiana","Franklin Parish",2,41,234,108,126
050,22,041,"Louisiana","Franklin Parish",2,42,235,112,123
050,22,041,"Louisiana","Franklin Parish",2,43,233,117,116
050,22,041,"Louisiana","Franklin Parish",2,44,212,95,117
050,22,041,"Louisiana","Franklin Parish",2,45,210,98,112
050,22,041,"Louisiana","Franklin Parish",2,46,210,104,106
050,22,041,"Louisiana","Franklin Parish",2,47,209,103,106
050,22,041,"Louisiana","Franklin Parish",2,48,213,101,112
050,22,041,"Louisiana","Franklin Parish",2,49,220,100,120
050,22,041,"Louisiana","Franklin Parish",2,50,213,93,120
050,22,041,"Louisiana","Franklin Parish",2,51,215,98,117
050,22,041,"Louisiana","Franklin Parish",2,52,224,107,117
050,22,041,"Louisiana","Franklin Parish",2,53,228,107,121
050,22,041,"Louisiana","Franklin Parish",2,54,230,106,124
050,22,041,"Louisiana","Franklin Parish",2,55,254,113,141
050,22,041,"Louisiana","Franklin Parish",2,56,262,125,137
050,22,041,"Louisiana","Franklin Parish",2,57,271,130,141
050,22,041,"Louisiana","Franklin Parish",2,58,284,129,155
050,22,041,"Louisiana","Franklin Parish",2,59,284,135,149
050,22,041,"Louisiana","Franklin Parish",2,60,274,135,139
050,22,041,"Louisiana","Franklin Parish",2,61,279,142,137
050,22,041,"Louisiana","Franklin Parish",2,62,269,135,134
050,22,041,"Louisiana","Franklin Parish",2,63,263,132,131
050,22,041,"Louisiana","Franklin Parish",2,64,268,139,129
050,22,041,"Louisiana","Franklin Parish",2,65,260,129,131
050,22,041,"Louisiana","Franklin Parish",2,66,255,127,128
050,22,041,"Louisiana","Franklin Parish",2,67,226,110,116
050,22,041,"Louisiana","Franklin Parish",2,68,224,102,122
050,22,041,"Louisiana","Franklin Parish",2,69,238,107,131
050,22,041,"Louisiana","Franklin Parish",2,70,211,103,108
050,22,041,"Louisiana","Franklin Parish",2,71,194,97,97
050,22,041,"Louisiana","Franklin Parish",2,72,201,94,107
050,22,041,"Louisiana","Franklin Parish",2,73,202,85,117
050,22,041,"Louisiana","Franklin Parish",2,74,132,54,78
050,22,041,"Louisiana","Franklin Parish",2,75,138,59,79
050,22,041,"Louisiana","Franklin Parish",2,76,137,65,72
050,22,041,"Louisiana","Franklin Parish",2,77,130,64,66
050,22,041,"Louisiana","Franklin Parish",2,78,114,48,66
050,22,041,"Louisiana","Franklin Parish",2,79,120,46,74
050,22,041,"Louisiana","Franklin Parish",2,80,112,40,72
050,22,041,"Louisiana","Franklin Parish",2,81,110,47,63
050,22,041,"Louisiana","Franklin Parish",2,82,105,40,65
050,22,041,"Louisiana","Franklin Parish",2,83,83,33,50
050,22,041,"Louisiana","Franklin Parish",2,84,87,38,49
050,22,041,"Louisiana","Franklin Parish",2,85,427,126,301
050,22,041,"Louisiana","Franklin Parish",3,0,231,114,117
050,22,041,"Louisiana","Franklin Parish",3,1,267,122,145
050,22,041,"Louisiana","Franklin Parish",3,2,250,122,128
050,22,041,"Louisiana","Franklin Parish",3,3,266,138,128
050,22,041,"Louisiana","Franklin Parish",3,4,285,157,128
050,22,041,"Louisiana","Franklin Parish",3,5,277,151,126
050,22,041,"Louisiana","Franklin Parish",3,6,254,131,123
050,22,041,"Louisiana","Franklin Parish",3,7,257,130,127
050,22,041,"Louisiana","Franklin Parish",3,8,248,114,134
050,22,041,"Louisiana","Franklin Parish",3,9,290,144,146
050,22,041,"Louisiana","Franklin Parish",3,10,280,138,142
050,22,041,"Louisiana","Franklin Parish",3,11,301,149,152
050,22,041,"Louisiana","Franklin Parish",3,12,280,141,139
050,22,041,"Louisiana","Franklin Parish",3,13,292,148,144
050,22,041,"Louisiana","Franklin Parish",3,14,296,167,129
050,22,041,"Louisiana","Franklin Parish",3,15,306,162,144
050,22,041,"Louisiana","Franklin Parish",3,16,286,148,138
050,22,041,"Louisiana","Franklin Parish",3,17,283,136,147
050,22,041,"Louisiana","Franklin Parish",3,18,253,130,123
050,22,041,"Louisiana","Franklin Parish",3,19,196,98,98
050,22,041,"Louisiana","Franklin Parish",3,20,204,100,104
050,22,041,"Louisiana","Franklin Parish",3,21,211,103,108
050,22,041,"Louisiana","Franklin Parish",3,22,198,103,95
050,22,041,"Louisiana","Franklin Parish",3,23,230,122,108
050,22,041,"Louisiana","Franklin Parish",3,24,234,126,108
050,22,041,"Louisiana","Franklin Parish",3,25,227,114,113
050,22,041,"Louisiana","Franklin Parish",3,26,231,118,113
050,22,041,"Louisiana","Franklin Parish",3,27,214,108,106
050,22,041,"Louisiana","Franklin Parish",3,28,210,104,106
050,22,041,"Louisiana","Franklin Parish",3,29,233,111,122
050,22,041,"Louisiana","Franklin Parish",3,30,247,121,126
050,22,041,"Louisiana","Franklin Parish",3,31,247,114,133
050,22,041,"Louisiana","Franklin Parish",3,32,232,110,122
050,22,041,"Louisiana","Franklin Parish",3,33,221,97,124
050,22,041,"Louisiana","Franklin Parish",3,34,225,100,125
050,22,041,"Louisiana","Franklin Parish",3,35,219,105,114
050,22,041,"Louisiana","Franklin Parish",3,36,226,105,121
050,22,041,"Louisiana","Franklin Parish",3,37,227,110,117
050,22,041,"Louisiana","Franklin Parish",3,38,239,116,123
050,22,041,"Louisiana","Franklin Parish",3,39,231,119,112
050,22,041,"Louisiana","Franklin Parish",3,40,244,125,119
050,22,041,"Louisiana","Franklin Parish",3,41,240,118,122
050,22,041,"Louisiana","Franklin Parish",3,42,233,110,123
050,22,041,"Louisiana","Franklin Parish",3,43,243,118,125
050,22,041,"Louisiana","Franklin Parish",3,44,236,116,120
050,22,041,"Louisiana","Franklin Parish",3,45,209,91,118
050,22,041,"Louisiana","Franklin Parish",3,46,220,103,117
050,22,041,"Louisiana","Franklin Parish",3,47,208,103,105
050,22,041,"Louisiana","Franklin Parish",3,48,208,101,107
050,22,041,"Louisiana","Franklin Parish",3,49,209,101,108
050,22,041,"Louisiana","Franklin Parish",3,50,214,96,118
050,22,041,"Louisiana","Franklin Parish",3,51,214,92,122
050,22,041,"Louisiana","Franklin Parish",3,52,196,93,103
050,22,041,"Louisiana","Franklin Parish",3,53,223,103,120
050,22,041,"Louisiana","Franklin Parish",3,54,224,101,123
050,22,041,"Louisiana","Franklin Parish",3,55,232,113,119
050,22,041,"Louisiana","Franklin Parish",3,56,253,110,143
050,22,041,"Louisiana","Franklin Parish",3,57,268,125,143
050,22,041,"Louisiana","Franklin Parish",3,58,276,128,148
050,22,041,"Louisiana","Franklin Parish",3,59,278,131,147
050,22,041,"Louisiana","Franklin Parish",3,60,273,130,143
050,22,041,"Louisiana","Franklin Parish",3,61,274,133,141
050,22,041,"Louisiana","Franklin Parish",3,62,271,135,136
050,22,041,"Louisiana","Franklin Parish",3,63,265,132,133
050,22,041,"Louisiana","Franklin Parish",3,64,261,126,135
050,22,041,"Louisiana","Franklin Parish",3,65,259,134,125
050,22,041,"Louisiana","Franklin Parish",3,66,255,127,128
050,22,041,"Louisiana","Franklin Parish",3,67,251,131,120
050,22,041,"Louisiana","Franklin Parish",3,68,216,105,111
050,22,041,"Louisiana","Franklin Parish",3,69,210,89,121
050,22,041,"Louisiana","Franklin Parish",3,70,228,101,127
050,22,041,"Louisiana","Franklin Parish",3,71,197,93,104
050,22,041,"Louisiana","Franklin Parish",3,72,184,91,93
050,22,041,"Louisiana","Franklin Parish",3,73,197,91,106
050,22,041,"Louisiana","Franklin Parish",3,74,199,83,116
050,22,041,"Louisiana","Franklin Parish",3,75,123,51,72
050,22,041,"Louisiana","Franklin Parish",3,76,129,54,75
050,22,041,"Louisiana","Franklin Parish",3,77,135,62,73
050,22,041,"Louisiana","Franklin Parish",3,78,121,60,61
050,22,041,"Louisiana","Franklin Parish",3,79,112,46,66
050,22,041,"Louisiana","Franklin Parish",3,80,112,41,71
050,22,041,"Louisiana","Franklin Parish",3,81,102,38,64
050,22,041,"Louisiana","Franklin Parish",3,82,100,35,65
050,22,041,"Louisiana","Franklin Parish",3,83,93,39,54
050,22,041,"Louisiana","Franklin Parish",3,84,75,31,44
050,22,041,"Louisiana","Franklin Parish",3,85,435,139,296
050,22,041,"Louisiana","Franklin Parish",4,0,245,137,108
050,22,041,"Louisiana","Franklin Parish",4,1,220,104,116
050,22,041,"Louisiana","Franklin Parish",4,2,266,115,151
050,22,041,"Louisiana","Franklin Parish",4,3,242,121,121
050,22,041,"Louisiana","Franklin Parish",4,4,265,135,130
050,22,041,"Louisiana","Franklin Parish",4,5,281,148,133
050,22,041,"Louisiana","Franklin Parish",4,6,277,149,128
050,22,041,"Louisiana","Franklin Parish",4,7,257,134,123
050,22,041,"Louisiana","Franklin Parish",4,8,278,145,133
050,22,041,"Louisiana","Franklin Parish",4,9,257,122,135
050,22,041,"Louisiana","Franklin Parish",4,10,279,137,142
050,22,041,"Louisiana","Franklin Parish",4,11,274,137,137
050,22,041,"Louisiana","Franklin Parish",4,12,304,152,152
050,22,041,"Louisiana","Franklin Parish",4,13,287,141,146
050,22,041,"Louisiana","Franklin Parish",4,14,288,150,138
050,22,041,"Louisiana","Franklin Parish",4,15,289,157,132
050,22,041,"Louisiana","Franklin Parish",4,16,300,158,142
050,22,041,"Louisiana","Franklin Parish",4,17,289,151,138
050,22,041,"Louisiana","Franklin Parish",4,18,240,127,113
050,22,041,"Louisiana","Franklin Parish",4,19,192,107,85
050,22,041,"Louisiana","Franklin Parish",4,20,197,97,100
050,22,041,"Louisiana","Franklin Parish",4,21,203,100,103
050,22,041,"Louisiana","Franklin Parish",4,22,213,101,112
050,22,041,"Louisiana","Franklin Parish",4,23,218,113,105
050,22,041,"Louisiana","Franklin Parish",4,24,231,121,110
050,22,041,"Louisiana","Franklin Parish",4,25,236,129,107
050,22,041,"Louisiana","Franklin Parish",4,26,208,101,107
050,22,041,"Louisiana","Franklin Parish",4,27,217,110,107
050,22,041,"Louisiana","Franklin Parish",4,28,214,105,109
050,22,041,"Louisiana","Franklin Parish",4,29,208,97,111
050,22,041,"Louisiana","Franklin Parish",4,30,226,110,116
050,22,041,"Louisiana","Franklin Parish",4,31,246,122,124
050,22,041,"Louisiana","Franklin Parish",4,32,241,107,134
050,22,041,"Louisiana","Franklin Parish",4,33,230,108,122
050,22,041,"Louisiana","Franklin Parish",4,34,217,99,118
050,22,041,"Louisiana","Franklin Parish",4,35,221,102,119
050,22,041,"Louisiana","Franklin Parish",4,36,218,106,112
050,22,041,"Louisiana","Franklin Parish",4,37,220,106,114
050,22,041,"Louisiana","Franklin Parish",4,38,227,112,115
050,22,041,"Louisiana","Franklin Parish",4,39,235,115,120
050,22,041,"Louisiana","Franklin Parish",4,40,225,115,110
050,22,041,"Louisiana","Franklin Parish",4,41,238,120,118
050,22,041,"Louisiana","Franklin Parish",4,42,228,107,121
050,22,041,"Louisiana","Franklin Parish",4,43,223,106,117
050,22,041,"Louisiana","Franklin Parish",4,44,236,116,120
050,22,041,"Louisiana","Franklin Parish",4,45,235,112,123
050,22,041,"Louisiana","Franklin Parish",4,46,206,87,119
050,22,041,"Louisiana","Franklin Parish",4,47,222,106,116
050,22,041,"Louisiana","Franklin Parish",4,48,215,108,107
050,22,041,"Louisiana","Franklin Parish",4,49,208,96,112
050,22,041,"Louisiana","Franklin Parish",4,50,203,101,102
050,22,041,"Louisiana","Franklin Parish",4,51,212,94,118
050,22,041,"Louisiana","Franklin Parish",4,52,210,93,117
050,22,041,"Louisiana","Franklin Parish",4,53,204,98,106
050,22,041,"Louisiana","Franklin Parish",4,54,219,99,120
050,22,041,"Louisiana","Franklin Parish",4,55,213,99,114
050,22,041,"Louisiana","Franklin Parish",4,56,231,108,123
050,22,041,"Louisiana","Franklin Parish",4,57,244,105,139
050,22,041,"Louisiana","Franklin Parish",4,58,271,129,142
050,22,041,"Louisiana","Franklin Parish",4,59,275,125,150
050,22,041,"Louisiana","Franklin Parish",4,60,274,124,150
050,22,041,"Louisiana","Franklin Parish",4,61,276,136,140
050,22,041,"Louisiana","Franklin Parish",4,62,265,133,132
050,22,041,"Louisiana","Franklin Parish",4,63,263,131,132
050,22,041,"Louisiana","Franklin Parish",4,64,254,122,132
050,22,041,"Louisiana","Franklin Parish",4,65,241,119,122
050,22,041,"Louisiana","Franklin Parish",4,66,260,136,124
050,22,041,"Louisiana","Franklin Parish",4,67,253,131,122
050,22,041,"Louisiana","Franklin Parish",4,68,240,128,112
050,22,041,"Louisiana","Franklin Parish",4,69,204,95,109
050,22,041,"Louisiana","Franklin Parish",4,70,194,84,110
050,22,041,"Louisiana","Franklin Parish",4,71,221,100,121
050,22,041,"Louisiana","Franklin Parish",4,72,192,88,104
050,22,041,"Louisiana","Franklin Parish",4,73,181,88,93
050,22,041,"Louisiana","Franklin Parish",4,74,191,85,106
050,22,041,"Louisiana","Franklin Parish",4,75,183,79,104
050,22,041,"Louisiana","Franklin Parish",4,76,110,47,63
050,22,041,"Louisiana","Franklin Parish",4,77,127,52,75
050,22,041,"Louisiana","Franklin Parish",4,78,128,57,71
050,22,041,"Louisiana","Franklin Parish",4,79,122,61,61
050,22,041,"Louisiana","Franklin Parish",4,80,104,42,62
050,22,041,"Louisiana","Franklin Parish",4,81,107,42,65
050,22,041,"Louisiana","Franklin Parish",4,82,91,29,62
050,22,041,"Louisiana","Franklin Parish",4,83,91,35,56
050,22,041,"Louisiana","Franklin Parish",4,84,84,39,45
050,22,041,"Louisiana","Franklin Parish",4,85,428,138,290
050,22,041,"Louisiana","Franklin Parish",5,0,232,128,104
050,22,041,"Louisiana","Franklin Parish",5,1,251,138,113
050,22,041,"Louisiana","Franklin Parish",5,2,238,117,121
050,22,041,"Louisiana","Franklin Parish",5,3,273,126,147
050,22,041,"Louisiana","Franklin Parish",5,4,244,121,123
050,22,041,"Louisiana","Franklin Parish",5,5,268,140,128
050,22,041,"Louisiana","Franklin Parish",5,6,275,141,134
050,22,041,"Louisiana","Franklin Parish",5,7,275,146,129
050,22,041,"Louisiana","Franklin Parish",5,8,253,129,124
050,22,041,"Louisiana","Franklin Parish",5,9,275,141,134
050,22,041,"Louisiana","Franklin Parish",5,10,254,118,136
050,22,041,"Louisiana","Franklin Parish",5,11,278,136,142
050,22,041,"Louisiana","Franklin Parish",5,12,288,138,150
050,22,041,"Louisiana","Franklin Parish",5,13,296,145,151
050,22,041,"Louisiana","Franklin Parish",5,14,282,137,145
050,22,041,"Louisiana","Franklin Parish",5,15,298,155,143
050,22,041,"Louisiana","Franklin Parish",5,16,293,165,128
050,22,041,"Louisiana","Franklin Parish",5,17,305,159,146
050,22,041,"Louisiana","Franklin Parish",5,18,240,130,110
050,22,041,"Louisiana","Franklin Parish",5,19,197,100,97
050,22,041,"Louisiana","Franklin Parish",5,20,204,110,94
050,22,041,"Louisiana","Franklin Parish",5,21,208,106,102
050,22,041,"Louisiana","Franklin Parish",5,22,232,106,126
050,22,041,"Louisiana","Franklin Parish",5,23,214,102,112
050,22,041,"Louisiana","Franklin Parish",5,24,216,115,101
050,22,041,"Louisiana","Franklin Parish",5,25,242,120,122
050,22,041,"Louisiana","Franklin Parish",5,26,232,136,96
050,22,041,"Louisiana","Franklin Parish",5,27,208,96,112
050,22,041,"Louisiana","Franklin Parish",5,28,225,112,113
050,22,041,"Louisiana","Franklin Parish",5,29,201,96,105
050,22,041,"Louisiana","Franklin Parish",5,30,209,101,108
050,22,041,"Louisiana","Franklin Parish",5,31,224,111,113
050,22,041,"Louisiana","Franklin Parish",5,32,247,118,129
050,22,041,"Louisiana","Franklin Parish",5,33,241,105,136
050,22,041,"Louisiana","Franklin Parish",5,34,229,109,120
050,22,041,"Louisiana","Franklin Parish",5,35,221,102,119
050,22,041,"Louisiana","Franklin Parish",5,36,227,104,123
050,22,041,"Louisiana","Franklin Parish",5,37,215,106,109
050,22,041,"Louisiana","Franklin Parish",5,38,215,100,115
050,22,041,"Louisiana","Franklin Parish",5,39,228,115,113
050,22,041,"Louisiana","Franklin Parish",5,40,218,105,113
050,22,041,"Louisiana","Franklin Parish",5,41,222,109,113
050,22,041,"Louisiana","Franklin Parish",5,42,238,116,122
050,22,041,"Louisiana","Franklin Parish",5,43,229,104,125
050,22,041,"Louisiana","Franklin Parish",5,44,220,102,118
050,22,041,"Louisiana","Franklin Parish",5,45,229,113,116
050,22,041,"Louisiana","Franklin Parish",5,46,232,114,118
050,22,041,"Louisiana","Franklin Parish",5,47,200,87,113
050,22,041,"Louisiana","Franklin Parish",5,48,225,108,117
050,22,041,"Louisiana","Franklin Parish",5,49,211,103,108
050,22,041,"Louisiana","Franklin Parish",5,50,201,90,111
050,22,041,"Louisiana","Franklin Parish",5,51,197,94,103
050,22,041,"Louisiana","Franklin Parish",5,52,204,92,112
050,22,041,"Louisiana","Franklin Parish",5,53,210,90,120
050,22,041,"Louisiana","Franklin Parish",5,54,193,92,101
050,22,041,"Louisiana","Franklin Parish",5,55,216,98,118
050,22,041,"Louisiana","Franklin Parish",5,56,218,99,119
050,22,041,"Louisiana","Franklin Parish",5,57,225,106,119
050,22,041,"Louisiana","Franklin Parish",5,58,246,108,138
050,22,041,"Louisiana","Franklin Parish",5,59,268,129,139
050,22,041,"Louisiana","Franklin Parish",5,60,261,111,150
050,22,041,"Louisiana","Franklin Parish",5,61,270,119,151
050,22,041,"Louisiana","Franklin Parish",5,62,273,133,140
050,22,041,"Louisiana","Franklin Parish",5,63,259,126,133
050,22,041,"Louisiana","Franklin Parish",5,64,265,131,134
050,22,041,"Louisiana","Franklin Parish",5,65,246,119,127
050,22,041,"Louisiana","Franklin Parish",5,66,237,118,119
050,22,041,"Louisiana","Franklin Parish",5,67,251,136,115
050,22,041,"Louisiana","Franklin Parish",5,68,249,133,116
050,22,041,"Louisiana","Franklin Parish",5,69,232,120,112
050,22,041,"Louisiana","Franklin Parish",5,70,190,90,100
050,22,041,"Louisiana","Franklin Parish",5,71,184,79,105
050,22,041,"Louisiana","Franklin Parish",5,72,217,97,120
050,22,041,"Louisiana","Franklin Parish",5,73,182,82,100
050,22,041,"Louisiana","Franklin Parish",5,74,184,90,94
050,22,041,"Louisiana","Franklin Parish",5,75,177,81,96
050,22,041,"Louisiana","Franklin Parish",5,76,169,72,97
050,22,041,"Louisiana","Franklin Parish",5,77,107,44,63
050,22,041,"Louisiana","Franklin Parish",5,78,123,47,76
050,22,041,"Louisiana","Franklin Parish",5,79,135,58,77
050,22,041,"Louisiana","Franklin Parish",5,80,118,60,58
050,22,041,"Louisiana","Franklin Parish",5,81,96,42,54
050,22,041,"Louisiana","Franklin Parish",5,82,99,34,65
050,22,041,"Louisiana","Franklin Parish",5,83,85,32,53
050,22,041,"Louisiana","Franklin Parish",5,84,80,35,45
050,22,041,"Louisiana","Franklin Parish",5,85,441,151,290
050,22,043,"Louisiana","Grant Parish",1,0,237,118,119
050,22,043,"Louisiana","Grant Parish",1,1,238,115,123
050,22,043,"Louisiana","Grant Parish",1,2,246,119,127
050,22,043,"Louisiana","Grant Parish",1,3,254,128,126
050,22,043,"Louisiana","Grant Parish",1,4,270,149,121
050,22,043,"Louisiana","Grant Parish",1,5,266,144,122
050,22,043,"Louisiana","Grant Parish",1,6,266,140,126
050,22,043,"Louisiana","Grant Parish",1,7,220,112,108
050,22,043,"Louisiana","Grant Parish",1,8,249,132,117
050,22,043,"Louisiana","Grant Parish",1,9,250,128,122
050,22,043,"Louisiana","Grant Parish",1,10,269,140,129
050,22,043,"Louisiana","Grant Parish",1,11,290,144,146
050,22,043,"Louisiana","Grant Parish",1,12,294,148,146
050,22,043,"Louisiana","Grant Parish",1,13,286,146,140
050,22,043,"Louisiana","Grant Parish",1,14,271,143,128
050,22,043,"Louisiana","Grant Parish",1,15,246,130,116
050,22,043,"Louisiana","Grant Parish",1,16,275,151,124
050,22,043,"Louisiana","Grant Parish",1,17,260,136,124
050,22,043,"Louisiana","Grant Parish",1,18,215,121,94
050,22,043,"Louisiana","Grant Parish",1,19,193,103,90
050,22,043,"Louisiana","Grant Parish",1,20,216,121,95
050,22,043,"Louisiana","Grant Parish",1,21,245,151,94
050,22,043,"Louisiana","Grant Parish",1,22,229,133,96
050,22,043,"Louisiana","Grant Parish",1,23,270,174,96
050,22,043,"Louisiana","Grant Parish",1,24,307,182,125
050,22,043,"Louisiana","Grant Parish",1,25,335,204,131
050,22,043,"Louisiana","Grant Parish",1,26,328,220,108
050,22,043,"Louisiana","Grant Parish",1,27,366,245,121
050,22,043,"Louisiana","Grant Parish",1,28,375,246,129
050,22,043,"Louisiana","Grant Parish",1,29,391,264,127
050,22,043,"Louisiana","Grant Parish",1,30,371,246,125
050,22,043,"Louisiana","Grant Parish",1,31,414,277,137
050,22,043,"Louisiana","Grant Parish",1,32,399,279,120
050,22,043,"Louisiana","Grant Parish",1,33,365,256,109
050,22,043,"Louisiana","Grant Parish",1,34,393,274,119
050,22,043,"Louisiana","Grant Parish",1,35,376,262,114
050,22,043,"Louisiana","Grant Parish",1,36,373,262,111
050,22,043,"Louisiana","Grant Parish",1,37,363,227,136
050,22,043,"Louisiana","Grant Parish",1,38,309,185,124
050,22,043,"Louisiana","Grant Parish",1,39,333,198,135
050,22,043,"Louisiana","Grant Parish",1,40,365,230,135
050,22,043,"Louisiana","Grant Parish",1,41,322,192,130
050,22,043,"Louisiana","Grant Parish",1,42,292,177,115
050,22,043,"Louisiana","Grant Parish",1,43,305,195,110
050,22,043,"Louisiana","Grant Parish",1,44,266,158,108
050,22,043,"Louisiana","Grant Parish",1,45,268,155,113
050,22,043,"Louisiana","Grant Parish",1,46,273,146,127
050,22,043,"Louisiana","Grant Parish",1,47,265,155,110
050,22,043,"Louisiana","Grant Parish",1,48,291,162,129
050,22,043,"Louisiana","Grant Parish",1,49,289,165,124
050,22,043,"Louisiana","Grant Parish",1,50,265,153,112
050,22,043,"Louisiana","Grant Parish",1,51,266,147,119
050,22,043,"Louisiana","Grant Parish",1,52,241,126,115
050,22,043,"Louisiana","Grant Parish",1,53,270,143,127
050,22,043,"Louisiana","Grant Parish",1,54,289,157,132
050,22,043,"Louisiana","Grant Parish",1,55,266,135,131
050,22,043,"Louisiana","Grant Parish",1,56,280,147,133
050,22,043,"Louisiana","Grant Parish",1,57,273,144,129
050,22,043,"Louisiana","Grant Parish",1,58,301,164,137
050,22,043,"Louisiana","Grant Parish",1,59,276,144,132
050,22,043,"Louisiana","Grant Parish",1,60,297,139,158
050,22,043,"Louisiana","Grant Parish",1,61,280,149,131
050,22,043,"Louisiana","Grant Parish",1,62,235,118,117
050,22,043,"Louisiana","Grant Parish",1,63,264,115,149
050,22,043,"Louisiana","Grant Parish",1,64,241,123,118
050,22,043,"Louisiana","Grant Parish",1,65,227,107,120
050,22,043,"Louisiana","Grant Parish",1,66,224,113,111
050,22,043,"Louisiana","Grant Parish",1,67,233,112,121
050,22,043,"Louisiana","Grant Parish",1,68,202,95,107
050,22,043,"Louisiana","Grant Parish",1,69,206,107,99
050,22,043,"Louisiana","Grant Parish",1,70,203,107,96
050,22,043,"Louisiana","Grant Parish",1,71,215,114,101
050,22,043,"Louisiana","Grant Parish",1,72,195,101,94
050,22,043,"Louisiana","Grant Parish",1,73,180,88,92
050,22,043,"Louisiana","Grant Parish",1,74,150,69,81
050,22,043,"Louisiana","Grant Parish",1,75,149,59,90
050,22,043,"Louisiana","Grant Parish",1,76,136,59,77
050,22,043,"Louisiana","Grant Parish",1,77,125,64,61
050,22,043,"Louisiana","Grant Parish",1,78,107,52,55
050,22,043,"Louisiana","Grant Parish",1,79,102,49,53
050,22,043,"Louisiana","Grant Parish",1,80,92,44,48
050,22,043,"Louisiana","Grant Parish",1,81,85,35,50
050,22,043,"Louisiana","Grant Parish",1,82,82,39,43
050,22,043,"Louisiana","Grant Parish",1,83,63,26,37
050,22,043,"Louisiana","Grant Parish",1,84,62,27,35
050,22,043,"Louisiana","Grant Parish",1,85,300,117,183
050,22,043,"Louisiana","Grant Parish",2,0,239,122,117
050,22,043,"Louisiana","Grant Parish",2,1,236,114,122
050,22,043,"Louisiana","Grant Parish",2,2,245,119,126
050,22,043,"Louisiana","Grant Parish",2,3,250,125,125
050,22,043,"Louisiana","Grant Parish",2,4,266,144,122
050,22,043,"Louisiana","Grant Parish",2,5,268,146,122
050,22,043,"Louisiana","Grant Parish",2,6,264,140,124
050,22,043,"Louisiana","Grant Parish",2,7,230,118,112
050,22,043,"Louisiana","Grant Parish",2,8,238,123,115
050,22,043,"Louisiana","Grant Parish",2,9,247,128,119
050,22,043,"Louisiana","Grant Parish",2,10,263,137,126
050,22,043,"Louisiana","Grant Parish",2,11,281,142,139
050,22,043,"Louisiana","Grant Parish",2,12,295,149,146
050,22,043,"Louisiana","Grant Parish",2,13,286,144,142
050,22,043,"Louisiana","Grant Parish",2,14,271,142,129
050,22,043,"Louisiana","Grant Parish",2,15,250,133,117
050,22,043,"Louisiana","Grant Parish",2,16,269,146,123
050,22,043,"Louisiana","Grant Parish",2,17,261,138,123
050,22,043,"Louisiana","Grant Parish",2,18,216,119,97
050,22,043,"Louisiana","Grant Parish",2,19,189,103,86
050,22,043,"Louisiana","Grant Parish",2,20,219,121,98
050,22,043,"Louisiana","Grant Parish",2,21,242,148,94
050,22,043,"Louisiana","Grant Parish",2,22,238,140,98
050,22,043,"Louisiana","Grant Parish",2,23,270,173,97
050,22,043,"Louisiana","Grant Parish",2,24,300,181,119
050,22,043,"Louisiana","Grant Parish",2,25,332,204,128
050,22,043,"Louisiana","Grant Parish",2,26,334,220,114
050,22,043,"Louisiana","Grant Parish",2,27,367,248,119
050,22,043,"Louisiana","Grant Parish",2,28,372,245,127
050,22,043,"Louisiana","Grant Parish",2,29,390,262,128
050,22,043,"Louisiana","Grant Parish",2,30,376,251,125
050,22,043,"Louisiana","Grant Parish",2,31,404,271,133
050,22,043,"Louisiana","Grant Parish",2,32,403,280,123
050,22,043,"Louisiana","Grant Parish",2,33,368,257,111
050,22,043,"Louisiana","Grant Parish",2,34,389,272,117
050,22,043,"Louisiana","Grant Parish",2,35,379,263,116
050,22,043,"Louisiana","Grant Parish",2,36,372,261,111
050,22,043,"Louisiana","Grant Parish",2,37,360,230,130
050,22,043,"Louisiana","Grant Parish",2,38,310,184,126
050,22,043,"Louisiana","Grant Parish",2,39,329,199,130
050,22,043,"Louisiana","Grant Parish",2,40,360,225,135
050,22,043,"Louisiana","Grant Parish",2,41,326,196,130
050,22,043,"Louisiana","Grant Parish",2,42,290,172,118
050,22,043,"Louisiana","Grant Parish",2,43,312,199,113
050,22,043,"Louisiana","Grant Parish",2,44,269,161,108
050,22,043,"Louisiana","Grant Parish",2,45,271,157,114
050,22,043,"Louisiana","Grant Parish",2,46,264,141,123
050,22,043,"Louisiana","Grant Parish",2,47,268,153,115
050,22,043,"Louisiana","Grant Parish",2,48,284,159,125
050,22,043,"Louisiana","Grant Parish",2,49,281,158,123
050,22,043,"Louisiana","Grant Parish",2,50,269,154,115
050,22,043,"Louisiana","Grant Parish",2,51,266,149,117
050,22,043,"Louisiana","Grant Parish",2,52,246,131,115
050,22,043,"Louisiana","Grant Parish",2,53,264,140,124
050,22,043,"Louisiana","Grant Parish",2,54,282,152,130
050,22,043,"Louisiana","Grant Parish",2,55,268,136,132
050,22,043,"Louisiana","Grant Parish",2,56,280,147,133
050,22,043,"Louisiana","Grant Parish",2,57,277,146,131
050,22,043,"Louisiana","Grant Parish",2,58,294,159,135
050,22,043,"Louisiana","Grant Parish",2,59,280,147,133
050,22,043,"Louisiana","Grant Parish",2,60,290,140,150
050,22,043,"Louisiana","Grant Parish",2,61,284,146,138
050,22,043,"Louisiana","Grant Parish",2,62,245,126,119
050,22,043,"Louisiana","Grant Parish",2,63,260,118,142
050,22,043,"Louisiana","Grant Parish",2,64,242,119,123
050,22,043,"Louisiana","Grant Parish",2,65,227,107,120
050,22,043,"Louisiana","Grant Parish",2,66,227,114,113
050,22,043,"Louisiana","Grant Parish",2,67,230,111,119
050,22,043,"Louisiana","Grant Parish",2,68,205,95,110
050,22,043,"Louisiana","Grant Parish",2,69,205,104,101
050,22,043,"Louisiana","Grant Parish",2,70,202,105,97
050,22,043,"Louisiana","Grant Parish",2,71,217,115,102
050,22,043,"Louisiana","Grant Parish",2,72,196,102,94
050,22,043,"Louisiana","Grant Parish",2,73,192,96,96
050,22,043,"Louisiana","Grant Parish",2,74,147,68,79
050,22,043,"Louisiana","Grant Parish",2,75,150,61,89
050,22,043,"Louisiana","Grant Parish",2,76,140,59,81
050,22,043,"Louisiana","Grant Parish",2,77,129,64,65
050,22,043,"Louisiana","Grant Parish",2,78,106,52,54
050,22,043,"Louisiana","Grant Parish",2,79,102,49,53
050,22,043,"Louisiana","Grant Parish",2,80,92,44,48
050,22,043,"Louisiana","Grant Parish",2,81,84,37,47
050,22,043,"Louisiana","Grant Parish",2,82,81,38,43
050,22,043,"Louisiana","Grant Parish",2,83,64,27,37
050,22,043,"Louisiana","Grant Parish",2,84,61,27,34
050,22,043,"Louisiana","Grant Parish",2,85,302,116,186
050,22,043,"Louisiana","Grant Parish",3,0,287,136,151
050,22,043,"Louisiana","Grant Parish",3,1,228,121,107
050,22,043,"Louisiana","Grant Parish",3,2,236,111,125
050,22,043,"Louisiana","Grant Parish",3,3,244,121,123
050,22,043,"Louisiana","Grant Parish",3,4,262,131,131
050,22,043,"Louisiana","Grant Parish",3,5,269,146,123
050,22,043,"Louisiana","Grant Parish",3,6,283,151,132
050,22,043,"Louisiana","Grant Parish",3,7,273,145,128
050,22,043,"Louisiana","Grant Parish",3,8,220,111,109
050,22,043,"Louisiana","Grant Parish",3,9,231,124,107
050,22,043,"Louisiana","Grant Parish",3,10,245,125,120
050,22,043,"Louisiana","Grant Parish",3,11,268,132,136
050,22,043,"Louisiana","Grant Parish",3,12,283,145,138
050,22,043,"Louisiana","Grant Parish",3,13,306,160,146
050,22,043,"Louisiana","Grant Parish",3,14,280,139,141
050,22,043,"Louisiana","Grant Parish",3,15,269,145,124
050,22,043,"Louisiana","Grant Parish",3,16,233,122,111
050,22,043,"Louisiana","Grant Parish",3,17,251,133,118
050,22,043,"Louisiana","Grant Parish",3,18,213,120,93
050,22,043,"Louisiana","Grant Parish",3,19,172,91,81
050,22,043,"Louisiana","Grant Parish",3,20,208,119,89
050,22,043,"Louisiana","Grant Parish",3,21,260,143,117
050,22,043,"Louisiana","Grant Parish",3,22,259,149,110
050,22,043,"Louisiana","Grant Parish",3,23,288,171,117
050,22,043,"Louisiana","Grant Parish",3,24,300,201,99
050,22,043,"Louisiana","Grant Parish",3,25,329,210,119
050,22,043,"Louisiana","Grant Parish",3,26,330,213,117
050,22,043,"Louisiana","Grant Parish",3,27,380,263,117
050,22,043,"Louisiana","Grant Parish",3,28,371,258,113
050,22,043,"Louisiana","Grant Parish",3,29,415,282,133
050,22,043,"Louisiana","Grant Parish",3,30,396,267,129
050,22,043,"Louisiana","Grant Parish",3,31,384,260,124
050,22,043,"Louisiana","Grant Parish",3,32,428,293,135
050,22,043,"Louisiana","Grant Parish",3,33,382,261,121
050,22,043,"Louisiana","Grant Parish",3,34,385,271,114
050,22,043,"Louisiana","Grant Parish",3,35,396,273,123
050,22,043,"Louisiana","Grant Parish",3,36,382,265,117
050,22,043,"Louisiana","Grant Parish",3,37,353,239,114
050,22,043,"Louisiana","Grant Parish",3,38,330,204,126
050,22,043,"Louisiana","Grant Parish",3,39,327,210,117
050,22,043,"Louisiana","Grant Parish",3,40,329,202,127
050,22,043,"Louisiana","Grant Parish",3,41,331,200,131
050,22,043,"Louisiana","Grant Parish",3,42,301,178,123
050,22,043,"Louisiana","Grant Parish",3,43,315,198,117
050,22,043,"Louisiana","Grant Parish",3,44,298,189,109
050,22,043,"Louisiana","Grant Parish",3,45,257,153,104
050,22,043,"Louisiana","Grant Parish",3,46,253,136,117
050,22,043,"Louisiana","Grant Parish",3,47,268,147,121
050,22,043,"Louisiana","Grant Parish",3,48,266,157,109
050,22,043,"Louisiana","Grant Parish",3,49,277,151,126
050,22,043,"Louisiana","Grant Parish",3,50,275,149,126
050,22,043,"Louisiana","Grant Parish",3,51,274,162,112
050,22,043,"Louisiana","Grant Parish",3,52,264,148,116
050,22,043,"Louisiana","Grant Parish",3,53,237,132,105
050,22,043,"Louisiana","Grant Parish",3,54,266,139,127
050,22,043,"Louisiana","Grant Parish",3,55,265,137,128
050,22,043,"Louisiana","Grant Parish",3,56,266,143,123
050,22,043,"Louisiana","Grant Parish",3,57,277,146,131
050,22,043,"Louisiana","Grant Parish",3,58,262,137,125
050,22,043,"Louisiana","Grant Parish",3,59,291,155,136
050,22,043,"Louisiana","Grant Parish",3,60,280,147,133
050,22,043,"Louisiana","Grant Parish",3,61,296,145,151
050,22,043,"Louisiana","Grant Parish",3,62,275,142,133
050,22,043,"Louisiana","Grant Parish",3,63,241,125,116
050,22,043,"Louisiana","Grant Parish",3,64,241,107,134
050,22,043,"Louisiana","Grant Parish",3,65,230,110,120
050,22,043,"Louisiana","Grant Parish",3,66,230,111,119
050,22,043,"Louisiana","Grant Parish",3,67,220,107,113
050,22,043,"Louisiana","Grant Parish",3,68,226,108,118
050,22,043,"Louisiana","Grant Parish",3,69,190,91,99
050,22,043,"Louisiana","Grant Parish",3,70,198,103,95
050,22,043,"Louisiana","Grant Parish",3,71,206,106,100
050,22,043,"Louisiana","Grant Parish",3,72,205,108,97
050,22,043,"Louisiana","Grant Parish",3,73,183,96,87
050,22,043,"Louisiana","Grant Parish",3,74,184,92,92
050,22,043,"Louisiana","Grant Parish",3,75,143,63,80
050,22,043,"Louisiana","Grant Parish",3,76,143,56,87
050,22,043,"Louisiana","Grant Parish",3,77,134,58,76
050,22,043,"Louisiana","Grant Parish",3,78,118,54,64
050,22,043,"Louisiana","Grant Parish",3,79,100,50,50
050,22,043,"Louisiana","Grant Parish",3,80,91,44,47
050,22,043,"Louisiana","Grant Parish",3,81,85,40,45
050,22,043,"Louisiana","Grant Parish",3,82,78,32,46
050,22,043,"Louisiana","Grant Parish",3,83,70,32,38
050,22,043,"Louisiana","Grant Parish",3,84,62,29,33
050,22,043,"Louisiana","Grant Parish",3,85,299,114,185
050,22,043,"Louisiana","Grant Parish",4,0,260,120,140
050,22,043,"Louisiana","Grant Parish",4,1,286,141,145
050,22,043,"Louisiana","Grant Parish",4,2,225,112,113
050,22,043,"Louisiana","Grant Parish",4,3,232,107,125
050,22,043,"Louisiana","Grant Parish",4,4,248,126,122
050,22,043,"Louisiana","Grant Parish",4,5,248,126,122
050,22,043,"Louisiana","Grant Parish",4,6,254,137,117
050,22,043,"Louisiana","Grant Parish",4,7,278,145,133
050,22,043,"Louisiana","Grant Parish",4,8,274,138,136
050,22,043,"Louisiana","Grant Parish",4,9,224,114,110
050,22,043,"Louisiana","Grant Parish",4,10,230,128,102
050,22,043,"Louisiana","Grant Parish",4,11,242,122,120
050,22,043,"Louisiana","Grant Parish",4,12,260,130,130
050,22,043,"Louisiana","Grant Parish",4,13,278,146,132
050,22,043,"Louisiana","Grant Parish",4,14,293,150,143
050,22,043,"Louisiana","Grant Parish",4,15,287,143,144
050,22,043,"Louisiana","Grant Parish",4,16,271,150,121
050,22,043,"Louisiana","Grant Parish",4,17,247,128,119
050,22,043,"Louisiana","Grant Parish",4,18,219,124,95
050,22,043,"Louisiana","Grant Parish",4,19,164,93,71
050,22,043,"Louisiana","Grant Parish",4,20,178,101,77
050,22,043,"Louisiana","Grant Parish",4,21,225,138,87
050,22,043,"Louisiana","Grant Parish",4,22,269,144,125
050,22,043,"Louisiana","Grant Parish",4,23,294,183,111
050,22,043,"Louisiana","Grant Parish",4,24,306,183,123
050,22,043,"Louisiana","Grant Parish",4,25,315,216,99
050,22,043,"Louisiana","Grant Parish",4,26,331,211,120
050,22,043,"Louisiana","Grant Parish",4,27,359,239,120
050,22,043,"Louisiana","Grant Parish",4,28,358,243,115
050,22,043,"Louisiana","Grant Parish",4,29,405,288,117
050,22,043,"Louisiana","Grant Parish",4,30,412,280,132
050,22,043,"Louisiana","Grant Parish",4,31,388,267,121
050,22,043,"Louisiana","Grant Parish",4,32,388,269,119
050,22,043,"Louisiana","Grant Parish",4,33,407,275,132
050,22,043,"Louisiana","Grant Parish",4,34,382,262,120
050,22,043,"Louisiana","Grant Parish",4,35,355,246,109
050,22,043,"Louisiana","Grant Parish",4,36,378,254,124
050,22,043,"Louisiana","Grant Parish",4,37,343,230,113
050,22,043,"Louisiana","Grant Parish",4,38,325,211,114
050,22,043,"Louisiana","Grant Parish",4,39,339,219,120
050,22,043,"Louisiana","Grant Parish",4,40,333,223,110
050,22,043,"Louisiana","Grant Parish",4,41,308,186,122
050,22,043,"Louisiana","Grant Parish",4,42,303,172,131
050,22,043,"Louisiana","Grant Parish",4,43,336,215,121
050,22,043,"Louisiana","Grant Parish",4,44,276,163,113
050,22,043,"Louisiana","Grant Parish",4,45,298,182,116
050,22,043,"Louisiana","Grant Parish",4,46,236,131,105
050,22,043,"Louisiana","Grant Parish",4,47,257,140,117
050,22,043,"Louisiana","Grant Parish",4,48,262,137,125
050,22,043,"Louisiana","Grant Parish",4,49,247,137,110
050,22,043,"Louisiana","Grant Parish",4,50,263,142,121
050,22,043,"Louisiana","Grant Parish",4,51,280,152,128
050,22,043,"Louisiana","Grant Parish",4,52,265,155,110
050,22,043,"Louisiana","Grant Parish",4,53,262,149,113
050,22,043,"Louisiana","Grant Parish",4,54,239,128,111
050,22,043,"Louisiana","Grant Parish",4,55,245,122,123
050,22,043,"Louisiana","Grant Parish",4,56,261,136,125
050,22,043,"Louisiana","Grant Parish",4,57,265,143,122
050,22,043,"Louisiana","Grant Parish",4,58,269,142,127
050,22,043,"Louisiana","Grant Parish",4,59,251,126,125
050,22,043,"Louisiana","Grant Parish",4,60,283,148,135
050,22,043,"Louisiana","Grant Parish",4,61,268,148,120
050,22,043,"Louisiana","Grant Parish",4,62,278,132,146
050,22,043,"Louisiana","Grant Parish",4,63,282,145,137
050,22,043,"Louisiana","Grant Parish",4,64,228,116,112
050,22,043,"Louisiana","Grant Parish",4,65,228,100,128
050,22,043,"Louisiana","Grant Parish",4,66,239,118,121
050,22,043,"Louisiana","Grant Parish",4,67,222,104,118
050,22,043,"Louisiana","Grant Parish",4,68,211,100,111
050,22,043,"Louisiana","Grant Parish",4,69,218,107,111
050,22,043,"Louisiana","Grant Parish",4,70,178,85,93
050,22,043,"Louisiana","Grant Parish",4,71,199,104,95
050,22,043,"Louisiana","Grant Parish",4,72,198,102,96
050,22,043,"Louisiana","Grant Parish",4,73,197,104,93
050,22,043,"Louisiana","Grant Parish",4,74,180,93,87
050,22,043,"Louisiana","Grant Parish",4,75,176,86,90
050,22,043,"Louisiana","Grant Parish",4,76,147,65,82
050,22,043,"Louisiana","Grant Parish",4,77,131,56,75
050,22,043,"Louisiana","Grant Parish",4,78,124,52,72
050,22,043,"Louisiana","Grant Parish",4,79,114,53,61
050,22,043,"Louisiana","Grant Parish",4,80,98,49,49
050,22,043,"Louisiana","Grant Parish",4,81,89,43,46
050,22,043,"Louisiana","Grant Parish",4,82,78,33,45
050,22,043,"Louisiana","Grant Parish",4,83,74,29,45
050,22,043,"Louisiana","Grant Parish",4,84,68,31,37
050,22,043,"Louisiana","Grant Parish",4,85,299,116,183
050,22,043,"Louisiana","Grant Parish",5,0,257,119,138
050,22,043,"Louisiana","Grant Parish",5,1,258,121,137
050,22,043,"Louisiana","Grant Parish",5,2,289,142,147
050,22,043,"Louisiana","Grant Parish",5,3,219,104,115
050,22,043,"Louisiana","Grant Parish",5,4,246,121,125
050,22,043,"Louisiana","Grant Parish",5,5,254,119,135
050,22,043,"Louisiana","Grant Parish",5,6,248,123,125
050,22,043,"Louisiana","Grant Parish",5,7,244,134,110
050,22,043,"Louisiana","Grant Parish",5,8,267,142,125
050,22,043,"Louisiana","Grant Parish",5,9,264,138,126
050,22,043,"Louisiana","Grant Parish",5,10,220,111,109
050,22,043,"Louisiana","Grant Parish",5,11,228,128,100
050,22,043,"Louisiana","Grant Parish",5,12,226,115,111
050,22,043,"Louisiana","Grant Parish",5,13,255,132,123
050,22,043,"Louisiana","Grant Parish",5,14,271,143,128
050,22,043,"Louisiana","Grant Parish",5,15,277,148,129
050,22,043,"Louisiana","Grant Parish",5,16,274,139,135
050,22,043,"Louisiana","Grant Parish",5,17,259,140,119
050,22,043,"Louisiana","Grant Parish",5,18,209,111,98
050,22,043,"Louisiana","Grant Parish",5,19,164,95,69
050,22,043,"Louisiana","Grant Parish",5,20,176,101,75
050,22,043,"Louisiana","Grant Parish",5,21,213,121,92
050,22,043,"Louisiana","Grant Parish",5,22,219,136,83
050,22,043,"Louisiana","Grant Parish",5,23,317,175,142
050,22,043,"Louisiana","Grant Parish",5,24,317,200,117
050,22,043,"Louisiana","Grant Parish",5,25,329,206,123
050,22,043,"Louisiana","Grant Parish",5,26,318,226,92
050,22,043,"Louisiana","Grant Parish",5,27,371,247,124
050,22,043,"Louisiana","Grant Parish",5,28,353,240,113
050,22,043,"Louisiana","Grant Parish",5,29,391,281,110
050,22,043,"Louisiana","Grant Parish",5,30,392,283,109
050,22,043,"Louisiana","Grant Parish",5,31,422,286,136
050,22,043,"Louisiana","Grant Parish",5,32,396,276,120
050,22,043,"Louisiana","Grant Parish",5,33,387,264,123
050,22,043,"Louisiana","Grant Parish",5,34,413,283,130
050,22,043,"Louisiana","Grant Parish",5,35,360,249,111
050,22,043,"Louisiana","Grant Parish",5,36,346,246,100
050,22,043,"Louisiana","Grant Parish",5,37,347,226,121
050,22,043,"Louisiana","Grant Parish",5,38,298,188,110
050,22,043,"Louisiana","Grant Parish",5,39,346,228,118
050,22,043,"Louisiana","Grant Parish",5,40,330,218,112
050,22,043,"Louisiana","Grant Parish",5,41,313,201,112
050,22,043,"Louisiana","Grant Parish",5,42,282,163,119
050,22,043,"Louisiana","Grant Parish",5,43,338,203,135
050,22,043,"Louisiana","Grant Parish",5,44,315,193,122
050,22,043,"Louisiana","Grant Parish",5,45,279,160,119
050,22,043,"Louisiana","Grant Parish",5,46,276,158,118
050,22,043,"Louisiana","Grant Parish",5,47,241,135,106
050,22,043,"Louisiana","Grant Parish",5,48,252,132,120
050,22,043,"Louisiana","Grant Parish",5,49,242,123,119
050,22,043,"Louisiana","Grant Parish",5,50,245,136,109
050,22,043,"Louisiana","Grant Parish",5,51,280,154,126
050,22,043,"Louisiana","Grant Parish",5,52,282,149,133
050,22,043,"Louisiana","Grant Parish",5,53,259,144,115
050,22,043,"Louisiana","Grant Parish",5,54,259,146,113
050,22,043,"Louisiana","Grant Parish",5,55,223,116,107
050,22,043,"Louisiana","Grant Parish",5,56,243,124,119
050,22,043,"Louisiana","Grant Parish",5,57,256,129,127
050,22,043,"Louisiana","Grant Parish",5,58,260,134,126
050,22,043,"Louisiana","Grant Parish",5,59,273,145,128
050,22,043,"Louisiana","Grant Parish",5,60,247,123,124
050,22,043,"Louisiana","Grant Parish",5,61,271,141,130
050,22,043,"Louisiana","Grant Parish",5,62,255,140,115
050,22,043,"Louisiana","Grant Parish",5,63,278,132,146
050,22,043,"Louisiana","Grant Parish",5,64,265,136,129
050,22,043,"Louisiana","Grant Parish",5,65,215,105,110
050,22,043,"Louisiana","Grant Parish",5,66,237,112,125
050,22,043,"Louisiana","Grant Parish",5,67,236,114,122
050,22,043,"Louisiana","Grant Parish",5,68,208,93,115
050,22,043,"Louisiana","Grant Parish",5,69,205,97,108
050,22,043,"Louisiana","Grant Parish",5,70,204,100,104
050,22,043,"Louisiana","Grant Parish",5,71,179,89,90
050,22,043,"Louisiana","Grant Parish",5,72,190,100,90
050,22,043,"Louisiana","Grant Parish",5,73,189,100,89
050,22,043,"Louisiana","Grant Parish",5,74,193,100,93
050,22,043,"Louisiana","Grant Parish",5,75,171,86,85
050,22,043,"Louisiana","Grant Parish",5,76,176,85,91
050,22,043,"Louisiana","Grant Parish",5,77,134,64,70
050,22,043,"Louisiana","Grant Parish",5,78,122,50,72
050,22,043,"Louisiana","Grant Parish",5,79,116,50,66
050,22,043,"Louisiana","Grant Parish",5,80,107,52,55
050,22,043,"Louisiana","Grant Parish",5,81,91,47,44
050,22,043,"Louisiana","Grant Parish",5,82,80,38,42
050,22,043,"Louisiana","Grant Parish",5,83,72,29,43
050,22,043,"Louisiana","Grant Parish",5,84,70,28,42
050,22,043,"Louisiana","Grant Parish",5,85,312,125,187
050,22,045,"Louisiana","Iberia Parish",1,0,895,460,435
050,22,045,"Louisiana","Iberia Parish",1,1,929,479,450
050,22,045,"Louisiana","Iberia Parish",1,2,956,486,470
050,22,045,"Louisiana","Iberia Parish",1,3,1017,502,515
050,22,045,"Louisiana","Iberia Parish",1,4,1007,513,494
050,22,045,"Louisiana","Iberia Parish",1,5,1081,535,546
050,22,045,"Louisiana","Iberia Parish",1,6,1050,540,510
050,22,045,"Louisiana","Iberia Parish",1,7,997,530,467
050,22,045,"Louisiana","Iberia Parish",1,8,923,460,463
050,22,045,"Louisiana","Iberia Parish",1,9,1028,536,492
050,22,045,"Louisiana","Iberia Parish",1,10,1029,528,501
050,22,045,"Louisiana","Iberia Parish",1,11,1057,554,503
050,22,045,"Louisiana","Iberia Parish",1,12,1104,584,520
050,22,045,"Louisiana","Iberia Parish",1,13,1085,556,529
050,22,045,"Louisiana","Iberia Parish",1,14,1028,509,519
050,22,045,"Louisiana","Iberia Parish",1,15,1036,511,525
050,22,045,"Louisiana","Iberia Parish",1,16,1005,507,498
050,22,045,"Louisiana","Iberia Parish",1,17,1016,527,489
050,22,045,"Louisiana","Iberia Parish",1,18,872,461,411
050,22,045,"Louisiana","Iberia Parish",1,19,722,371,351
050,22,045,"Louisiana","Iberia Parish",1,20,825,418,407
050,22,045,"Louisiana","Iberia Parish",1,21,851,459,392
050,22,045,"Louisiana","Iberia Parish",1,22,841,436,405
050,22,045,"Louisiana","Iberia Parish",1,23,889,437,452
050,22,045,"Louisiana","Iberia Parish",1,24,883,430,453
050,22,045,"Louisiana","Iberia Parish",1,25,889,456,433
050,22,045,"Louisiana","Iberia Parish",1,26,873,422,451
050,22,045,"Louisiana","Iberia Parish",1,27,939,483,456
050,22,045,"Louisiana","Iberia Parish",1,28,925,473,452
050,22,045,"Louisiana","Iberia Parish",1,29,932,443,489
050,22,045,"Louisiana","Iberia Parish",1,30,948,454,494
050,22,045,"Louisiana","Iberia Parish",1,31,919,445,474
050,22,045,"Louisiana","Iberia Parish",1,32,880,449,431
050,22,045,"Louisiana","Iberia Parish",1,33,855,439,416
050,22,045,"Louisiana","Iberia Parish",1,34,874,442,432
050,22,045,"Louisiana","Iberia Parish",1,35,879,440,439
050,22,045,"Louisiana","Iberia Parish",1,36,865,437,428
050,22,045,"Louisiana","Iberia Parish",1,37,863,421,442
050,22,045,"Louisiana","Iberia Parish",1,38,867,419,448
050,22,045,"Louisiana","Iberia Parish",1,39,869,439,430
050,22,045,"Louisiana","Iberia Parish",1,40,857,433,424
050,22,045,"Louisiana","Iberia Parish",1,41,814,405,409
050,22,045,"Louisiana","Iberia Parish",1,42,828,411,417
050,22,045,"Louisiana","Iberia Parish",1,43,803,371,432
050,22,045,"Louisiana","Iberia Parish",1,44,731,340,391
050,22,045,"Louisiana","Iberia Parish",1,45,717,347,370
050,22,045,"Louisiana","Iberia Parish",1,46,695,330,365
050,22,045,"Louisiana","Iberia Parish",1,47,737,358,379
050,22,045,"Louisiana","Iberia Parish",1,48,803,395,408
050,22,045,"Louisiana","Iberia Parish",1,49,855,428,427
050,22,045,"Louisiana","Iberia Parish",1,50,816,406,410
050,22,045,"Louisiana","Iberia Parish",1,51,842,406,436
050,22,045,"Louisiana","Iberia Parish",1,52,850,391,459
050,22,045,"Louisiana","Iberia Parish",1,53,901,431,470
050,22,045,"Louisiana","Iberia Parish",1,54,952,455,497
050,22,045,"Louisiana","Iberia Parish",1,55,994,462,532
050,22,045,"Louisiana","Iberia Parish",1,56,974,468,506
050,22,045,"Louisiana","Iberia Parish",1,57,994,479,515
050,22,045,"Louisiana","Iberia Parish",1,58,1006,498,508
050,22,045,"Louisiana","Iberia Parish",1,59,1025,504,521
050,22,045,"Louisiana","Iberia Parish",1,60,1010,496,514
050,22,045,"Louisiana","Iberia Parish",1,61,1012,518,494
050,22,045,"Louisiana","Iberia Parish",1,62,975,494,481
050,22,045,"Louisiana","Iberia Parish",1,63,937,443,494
050,22,045,"Louisiana","Iberia Parish",1,64,911,433,478
050,22,045,"Louisiana","Iberia Parish",1,65,897,440,457
050,22,045,"Louisiana","Iberia Parish",1,66,835,431,404
050,22,045,"Louisiana","Iberia Parish",1,67,737,367,370
050,22,045,"Louisiana","Iberia Parish",1,68,687,335,352
050,22,045,"Louisiana","Iberia Parish",1,69,632,302,330
050,22,045,"Louisiana","Iberia Parish",1,70,643,311,332
050,22,045,"Louisiana","Iberia Parish",1,71,573,266,307
050,22,045,"Louisiana","Iberia Parish",1,72,574,264,310
050,22,045,"Louisiana","Iberia Parish",1,73,610,294,316
050,22,045,"Louisiana","Iberia Parish",1,74,439,222,217
050,22,045,"Louisiana","Iberia Parish",1,75,450,218,232
050,22,045,"Louisiana","Iberia Parish",1,76,410,182,228
050,22,045,"Louisiana","Iberia Parish",1,77,382,158,224
050,22,045,"Louisiana","Iberia Parish",1,78,344,131,213
050,22,045,"Louisiana","Iberia Parish",1,79,318,136,182
050,22,045,"Louisiana","Iberia Parish",1,80,295,130,165
050,22,045,"Louisiana","Iberia Parish",1,81,275,117,158
050,22,045,"Louisiana","Iberia Parish",1,82,249,108,141
050,22,045,"Louisiana","Iberia Parish",1,83,219,94,125
050,22,045,"Louisiana","Iberia Parish",1,84,196,74,122
050,22,045,"Louisiana","Iberia Parish",1,85,981,374,607
050,22,045,"Louisiana","Iberia Parish",2,0,855,446,409
050,22,045,"Louisiana","Iberia Parish",2,1,916,471,445
050,22,045,"Louisiana","Iberia Parish",2,2,949,485,464
050,22,045,"Louisiana","Iberia Parish",2,3,992,495,497
050,22,045,"Louisiana","Iberia Parish",2,4,1004,508,496
050,22,045,"Louisiana","Iberia Parish",2,5,1056,526,530
050,22,045,"Louisiana","Iberia Parish",2,6,1056,540,516
050,22,045,"Louisiana","Iberia Parish",2,7,1001,528,473
050,22,045,"Louisiana","Iberia Parish",2,8,937,476,461
050,22,045,"Louisiana","Iberia Parish",2,9,1000,514,486
050,22,045,"Louisiana","Iberia Parish",2,10,1028,529,499
050,22,045,"Louisiana","Iberia Parish",2,11,1046,545,501
050,22,045,"Louisiana","Iberia Parish",2,12,1095,579,516
050,22,045,"Louisiana","Iberia Parish",2,13,1084,559,525
050,22,045,"Louisiana","Iberia Parish",2,14,1041,519,522
050,22,045,"Louisiana","Iberia Parish",2,15,1034,511,523
050,22,045,"Louisiana","Iberia Parish",2,16,1010,507,503
050,22,045,"Louisiana","Iberia Parish",2,17,1007,519,488
050,22,045,"Louisiana","Iberia Parish",2,18,864,459,405
050,22,045,"Louisiana","Iberia Parish",2,19,725,376,349
050,22,045,"Louisiana","Iberia Parish",2,20,818,416,402
050,22,045,"Louisiana","Iberia Parish",2,21,851,452,399
050,22,045,"Louisiana","Iberia Parish",2,22,851,443,408
050,22,045,"Louisiana","Iberia Parish",2,23,882,439,443
050,22,045,"Louisiana","Iberia Parish",2,24,881,431,450
050,22,045,"Louisiana","Iberia Parish",2,25,884,449,435
050,22,045,"Louisiana","Iberia Parish",2,26,879,432,447
050,22,045,"Louisiana","Iberia Parish",2,27,918,468,450
050,22,045,"Louisiana","Iberia Parish",2,28,924,472,452
050,22,045,"Louisiana","Iberia Parish",2,29,926,447,479
050,22,045,"Louisiana","Iberia Parish",2,30,945,448,497
050,22,045,"Louisiana","Iberia Parish",2,31,923,445,478
050,22,045,"Louisiana","Iberia Parish",2,32,881,444,437
050,22,045,"Louisiana","Iberia Parish",2,33,856,438,418
050,22,045,"Louisiana","Iberia Parish",2,34,865,441,424
050,22,045,"Louisiana","Iberia Parish",2,35,880,443,437
050,22,045,"Louisiana","Iberia Parish",2,36,859,432,427
050,22,045,"Louisiana","Iberia Parish",2,37,861,424,437
050,22,045,"Louisiana","Iberia Parish",2,38,868,420,448
050,22,045,"Louisiana","Iberia Parish",2,39,862,431,431
050,22,045,"Louisiana","Iberia Parish",2,40,860,433,427
050,22,045,"Louisiana","Iberia Parish",2,41,820,408,412
050,22,045,"Louisiana","Iberia Parish",2,42,817,405,412
050,22,045,"Louisiana","Iberia Parish",2,43,809,379,430
050,22,045,"Louisiana","Iberia Parish",2,44,744,346,398
050,22,045,"Louisiana","Iberia Parish",2,45,726,349,377
050,22,045,"Louisiana","Iberia Parish",2,46,699,332,367
050,22,045,"Louisiana","Iberia Parish",2,47,725,350,375
050,22,045,"Louisiana","Iberia Parish",2,48,788,387,401
050,22,045,"Louisiana","Iberia Parish",2,49,845,421,424
050,22,045,"Louisiana","Iberia Parish",2,50,824,411,413
050,22,045,"Louisiana","Iberia Parish",2,51,828,403,425
050,22,045,"Louisiana","Iberia Parish",2,52,848,394,454
050,22,045,"Louisiana","Iberia Parish",2,53,891,423,468
050,22,045,"Louisiana","Iberia Parish",2,54,937,446,491
050,22,045,"Louisiana","Iberia Parish",2,55,983,460,523
050,22,045,"Louisiana","Iberia Parish",2,56,982,471,511
050,22,045,"Louisiana","Iberia Parish",2,57,991,477,514
050,22,045,"Louisiana","Iberia Parish",2,58,999,490,509
050,22,045,"Louisiana","Iberia Parish",2,59,1015,498,517
050,22,045,"Louisiana","Iberia Parish",2,60,1007,494,513
050,22,045,"Louisiana","Iberia Parish",2,61,1004,508,496
050,22,045,"Louisiana","Iberia Parish",2,62,976,493,483
050,22,045,"Louisiana","Iberia Parish",2,63,951,457,494
050,22,045,"Louisiana","Iberia Parish",2,64,907,431,476
050,22,045,"Louisiana","Iberia Parish",2,65,894,435,459
050,22,045,"Louisiana","Iberia Parish",2,66,845,426,419
050,22,045,"Louisiana","Iberia Parish",2,67,756,379,377
050,22,045,"Louisiana","Iberia Parish",2,68,689,336,353
050,22,045,"Louisiana","Iberia Parish",2,69,638,305,333
050,22,045,"Louisiana","Iberia Parish",2,70,640,309,331
050,22,045,"Louisiana","Iberia Parish",2,71,584,273,311
050,22,045,"Louisiana","Iberia Parish",2,72,566,260,306
050,22,045,"Louisiana","Iberia Parish",2,73,622,295,327
050,22,045,"Louisiana","Iberia Parish",2,74,449,222,227
050,22,045,"Louisiana","Iberia Parish",2,75,442,214,228
050,22,045,"Louisiana","Iberia Parish",2,76,403,181,222
050,22,045,"Louisiana","Iberia Parish",2,77,394,167,227
050,22,045,"Louisiana","Iberia Parish",2,78,343,135,208
050,22,045,"Louisiana","Iberia Parish",2,79,316,131,185
050,22,045,"Louisiana","Iberia Parish",2,80,291,126,165
050,22,045,"Louisiana","Iberia Parish",2,81,274,117,157
050,22,045,"Louisiana","Iberia Parish",2,82,246,103,143
050,22,045,"Louisiana","Iberia Parish",2,83,225,96,129
050,22,045,"Louisiana","Iberia Parish",2,84,193,75,118
050,22,045,"Louisiana","Iberia Parish",2,85,955,361,594
050,22,045,"Louisiana","Iberia Parish",3,0,915,467,448
050,22,045,"Louisiana","Iberia Parish",3,1,847,437,410
050,22,045,"Louisiana","Iberia Parish",3,2,888,450,438
050,22,045,"Louisiana","Iberia Parish",3,3,944,485,459
050,22,045,"Louisiana","Iberia Parish",3,4,958,485,473
050,22,045,"Louisiana","Iberia Parish",3,5,974,480,494
050,22,045,"Louisiana","Iberia Parish",3,6,1018,501,517
050,22,045,"Louisiana","Iberia Parish",3,7,1016,516,500
050,22,045,"Louisiana","Iberia Parish",3,8,984,513,471
050,22,045,"Louisiana","Iberia Parish",3,9,911,472,439
050,22,045,"Louisiana","Iberia Parish",3,10,969,499,470
050,22,045,"Louisiana","Iberia Parish",3,11,1033,529,504
050,22,045,"Louisiana","Iberia Parish",3,12,1043,531,512
050,22,045,"Louisiana","Iberia Parish",3,13,1070,554,516
050,22,045,"Louisiana","Iberia Parish",3,14,1079,554,525
050,22,045,"Louisiana","Iberia Parish",3,15,1050,528,522
050,22,045,"Louisiana","Iberia Parish",3,16,1038,519,519
050,22,045,"Louisiana","Iberia Parish",3,17,1018,511,507
050,22,045,"Louisiana","Iberia Parish",3,18,887,481,406
050,22,045,"Louisiana","Iberia Parish",3,19,722,374,348
050,22,045,"Louisiana","Iberia Parish",3,20,784,403,381
050,22,045,"Louisiana","Iberia Parish",3,21,849,425,424
050,22,045,"Louisiana","Iberia Parish",3,22,870,450,420
050,22,045,"Louisiana","Iberia Parish",3,23,888,454,434
050,22,045,"Louisiana","Iberia Parish",3,24,865,432,433
050,22,045,"Louisiana","Iberia Parish",3,25,862,409,453
050,22,045,"Louisiana","Iberia Parish",3,26,852,438,414
050,22,045,"Louisiana","Iberia Parish",3,27,865,421,444
050,22,045,"Louisiana","Iberia Parish",3,28,902,464,438
050,22,045,"Louisiana","Iberia Parish",3,29,892,449,443
050,22,045,"Louisiana","Iberia Parish",3,30,919,444,475
050,22,045,"Louisiana","Iberia Parish",3,31,935,445,490
050,22,045,"Louisiana","Iberia Parish",3,32,888,426,462
050,22,045,"Louisiana","Iberia Parish",3,33,892,446,446
050,22,045,"Louisiana","Iberia Parish",3,34,829,426,403
050,22,045,"Louisiana","Iberia Parish",3,35,852,427,425
050,22,045,"Louisiana","Iberia Parish",3,36,895,453,442
050,22,045,"Louisiana","Iberia Parish",3,37,856,432,424
050,22,045,"Louisiana","Iberia Parish",3,38,842,404,438
050,22,045,"Louisiana","Iberia Parish",3,39,842,418,424
050,22,045,"Louisiana","Iberia Parish",3,40,854,418,436
050,22,045,"Louisiana","Iberia Parish",3,41,831,415,416
050,22,045,"Louisiana","Iberia Parish",3,42,818,402,416
050,22,045,"Louisiana","Iberia Parish",3,43,830,407,423
050,22,045,"Louisiana","Iberia Parish",3,44,806,388,418
050,22,045,"Louisiana","Iberia Parish",3,45,718,338,380
050,22,045,"Louisiana","Iberia Parish",3,46,713,343,370
050,22,045,"Louisiana","Iberia Parish",3,47,700,333,367
050,22,045,"Louisiana","Iberia Parish",3,48,717,348,369
050,22,045,"Louisiana","Iberia Parish",3,49,757,365,392
050,22,045,"Louisiana","Iberia Parish",3,50,834,413,421
050,22,045,"Louisiana","Iberia Parish",3,51,823,411,412
050,22,045,"Louisiana","Iberia Parish",3,52,815,392,423
050,22,045,"Louisiana","Iberia Parish",3,53,853,393,460
050,22,045,"Louisiana","Iberia Parish",3,54,866,409,457
050,22,045,"Louisiana","Iberia Parish",3,55,908,440,468
050,22,045,"Louisiana","Iberia Parish",3,56,971,455,516
050,22,045,"Louisiana","Iberia Parish",3,57,973,464,509
050,22,045,"Louisiana","Iberia Parish",3,58,956,461,495
050,22,045,"Louisiana","Iberia Parish",3,59,985,481,504
050,22,045,"Louisiana","Iberia Parish",3,60,994,485,509
050,22,045,"Louisiana","Iberia Parish",3,61,995,485,510
050,22,045,"Louisiana","Iberia Parish",3,62,961,486,475
050,22,045,"Louisiana","Iberia Parish",3,63,962,484,478
050,22,045,"Louisiana","Iberia Parish",3,64,930,444,486
050,22,045,"Louisiana","Iberia Parish",3,65,890,421,469
050,22,045,"Louisiana","Iberia Parish",3,66,874,419,455
050,22,045,"Louisiana","Iberia Parish",3,67,829,421,408
050,22,045,"Louisiana","Iberia Parish",3,68,725,360,365
050,22,045,"Louisiana","Iberia Parish",3,69,667,323,344
050,22,045,"Louisiana","Iberia Parish",3,70,623,291,332
050,22,045,"Louisiana","Iberia Parish",3,71,619,295,324
050,22,045,"Louisiana","Iberia Parish",3,72,559,256,303
050,22,045,"Louisiana","Iberia Parish",3,73,546,250,296
050,22,045,"Louisiana","Iberia Parish",3,74,609,281,328
050,22,045,"Louisiana","Iberia Parish",3,75,434,212,222
050,22,045,"Louisiana","Iberia Parish",3,76,416,200,216
050,22,045,"Louisiana","Iberia Parish",3,77,379,172,207
050,22,045,"Louisiana","Iberia Parish",3,78,377,156,221
050,22,045,"Louisiana","Iberia Parish",3,79,314,119,195
050,22,045,"Louisiana","Iberia Parish",3,80,272,112,160
050,22,045,"Louisiana","Iberia Parish",3,81,273,115,158
050,22,045,"Louisiana","Iberia Parish",3,82,242,105,137
050,22,045,"Louisiana","Iberia Parish",3,83,232,98,134
050,22,045,"Louisiana","Iberia Parish",3,84,204,82,122
050,22,045,"Louisiana","Iberia Parish",3,85,928,351,577
050,22,045,"Louisiana","Iberia Parish",4,0,862,459,403
050,22,045,"Louisiana","Iberia Parish",4,1,945,488,457
050,22,045,"Louisiana","Iberia Parish",4,2,826,424,402
050,22,045,"Louisiana","Iberia Parish",4,3,911,465,446
050,22,045,"Louisiana","Iberia Parish",4,4,947,481,466
050,22,045,"Louisiana","Iberia Parish",4,5,932,470,462
050,22,045,"Louisiana","Iberia Parish",4,6,978,464,514
050,22,045,"Louisiana","Iberia Parish",4,7,997,496,501
050,22,045,"Louisiana","Iberia Parish",4,8,986,514,472
050,22,045,"Louisiana","Iberia Parish",4,9,971,513,458
050,22,045,"Louisiana","Iberia Parish",4,10,929,467,462
050,22,045,"Louisiana","Iberia Parish",4,11,950,487,463
050,22,045,"Louisiana","Iberia Parish",4,12,986,508,478
050,22,045,"Louisiana","Iberia Parish",4,13,1002,502,500
050,22,045,"Louisiana","Iberia Parish",4,14,1050,548,502
050,22,045,"Louisiana","Iberia Parish",4,15,1046,550,496
050,22,045,"Louisiana","Iberia Parish",4,16,1000,504,496
050,22,045,"Louisiana","Iberia Parish",4,17,1010,500,510
050,22,045,"Louisiana","Iberia Parish",4,18,864,446,418
050,22,045,"Louisiana","Iberia Parish",4,19,703,378,325
050,22,045,"Louisiana","Iberia Parish",4,20,757,391,366
050,22,045,"Louisiana","Iberia Parish",4,21,820,424,396
050,22,045,"Louisiana","Iberia Parish",4,22,875,435,440
050,22,045,"Louisiana","Iberia Parish",4,23,887,453,434
050,22,045,"Louisiana","Iberia Parish",4,24,858,437,421
050,22,045,"Louisiana","Iberia Parish",4,25,848,431,417
050,22,045,"Louisiana","Iberia Parish",4,26,845,397,448
050,22,045,"Louisiana","Iberia Parish",4,27,844,441,403
050,22,045,"Louisiana","Iberia Parish",4,28,831,410,421
050,22,045,"Louisiana","Iberia Parish",4,29,858,432,426
050,22,045,"Louisiana","Iberia Parish",4,30,862,417,445
050,22,045,"Louisiana","Iberia Parish",4,31,910,441,469
050,22,045,"Louisiana","Iberia Parish",4,32,912,429,483
050,22,045,"Louisiana","Iberia Parish",4,33,870,427,443
050,22,045,"Louisiana","Iberia Parish",4,34,861,413,448
050,22,045,"Louisiana","Iberia Parish",4,35,802,428,374
050,22,045,"Louisiana","Iberia Parish",4,36,875,440,435
050,22,045,"Louisiana","Iberia Parish",4,37,871,443,428
050,22,045,"Louisiana","Iberia Parish",4,38,815,408,407
050,22,045,"Louisiana","Iberia Parish",4,39,826,400,426
050,22,045,"Louisiana","Iberia Parish",4,40,846,416,430
050,22,045,"Louisiana","Iberia Parish",4,41,835,417,418
050,22,045,"Louisiana","Iberia Parish",4,42,826,416,410
050,22,045,"Louisiana","Iberia Parish",4,43,779,386,393
050,22,045,"Louisiana","Iberia Parish",4,44,818,394,424
050,22,045,"Louisiana","Iberia Parish",4,45,788,370,418
050,22,045,"Louisiana","Iberia Parish",4,46,711,329,382
050,22,045,"Louisiana","Iberia Parish",4,47,699,332,367
050,22,045,"Louisiana","Iberia Parish",4,48,690,332,358
050,22,045,"Louisiana","Iberia Parish",4,49,699,330,369
050,22,045,"Louisiana","Iberia Parish",4,50,734,353,381
050,22,045,"Louisiana","Iberia Parish",4,51,840,421,419
050,22,045,"Louisiana","Iberia Parish",4,52,805,396,409
050,22,045,"Louisiana","Iberia Parish",4,53,802,389,413
050,22,045,"Louisiana","Iberia Parish",4,54,826,367,459
050,22,045,"Louisiana","Iberia Parish",4,55,842,393,449
050,22,045,"Louisiana","Iberia Parish",4,56,892,435,457
050,22,045,"Louisiana","Iberia Parish",4,57,960,446,514
050,22,045,"Louisiana","Iberia Parish",4,58,976,467,509
050,22,045,"Louisiana","Iberia Parish",4,59,940,458,482
050,22,045,"Louisiana","Iberia Parish",4,60,959,462,497
050,22,045,"Louisiana","Iberia Parish",4,61,980,472,508
050,22,045,"Louisiana","Iberia Parish",4,62,974,475,499
050,22,045,"Louisiana","Iberia Parish",4,63,945,483,462
050,22,045,"Louisiana","Iberia Parish",4,64,940,467,473
050,22,045,"Louisiana","Iberia Parish",4,65,909,429,480
050,22,045,"Louisiana","Iberia Parish",4,66,872,411,461
050,22,045,"Louisiana","Iberia Parish",4,67,857,413,444
050,22,045,"Louisiana","Iberia Parish",4,68,813,409,404
050,22,045,"Louisiana","Iberia Parish",4,69,698,350,348
050,22,045,"Louisiana","Iberia Parish",4,70,652,316,336
050,22,045,"Louisiana","Iberia Parish",4,71,594,279,315
050,22,045,"Louisiana","Iberia Parish",4,72,597,282,315
050,22,045,"Louisiana","Iberia Parish",4,73,539,248,291
050,22,045,"Louisiana","Iberia Parish",4,74,519,231,288
050,22,045,"Louisiana","Iberia Parish",4,75,584,272,312
050,22,045,"Louisiana","Iberia Parish",4,76,406,192,214
050,22,045,"Louisiana","Iberia Parish",4,77,391,186,205
050,22,045,"Louisiana","Iberia Parish",4,78,355,155,200
050,22,045,"Louisiana","Iberia Parish",4,79,350,140,210
050,22,045,"Louisiana","Iberia Parish",4,80,287,110,177
050,22,045,"Louisiana","Iberia Parish",4,81,251,99,152
050,22,045,"Louisiana","Iberia Parish",4,82,238,100,138
050,22,045,"Louisiana","Iberia Parish",4,83,229,102,127
050,22,045,"Louisiana","Iberia Parish",4,84,208,83,125
050,22,045,"Louisiana","Iberia Parish",4,85,943,367,576
050,22,045,"Louisiana","Iberia Parish",5,0,866,461,405
050,22,045,"Louisiana","Iberia Parish",5,1,859,454,405
050,22,045,"Louisiana","Iberia Parish",5,2,930,460,470
050,22,045,"Louisiana","Iberia Parish",5,3,851,440,411
050,22,045,"Louisiana","Iberia Parish",5,4,879,434,445
050,22,045,"Louisiana","Iberia Parish",5,5,948,483,465
050,22,045,"Louisiana","Iberia Parish",5,6,922,464,458
050,22,045,"Louisiana","Iberia Parish",5,7,961,462,499
050,22,045,"Louisiana","Iberia Parish",5,8,959,488,471
050,22,045,"Louisiana","Iberia Parish",5,9,963,494,469
050,22,045,"Louisiana","Iberia Parish",5,10,952,490,462
050,22,045,"Louisiana","Iberia Parish",5,11,921,468,453
050,22,045,"Louisiana","Iberia Parish",5,12,943,485,458
050,22,045,"Louisiana","Iberia Parish",5,13,960,492,468
050,22,045,"Louisiana","Iberia Parish",5,14,1003,512,491
050,22,045,"Louisiana","Iberia Parish",5,15,1048,558,490
050,22,045,"Louisiana","Iberia Parish",5,16,1025,536,489
050,22,045,"Louisiana","Iberia Parish",5,17,985,503,482
050,22,045,"Louisiana","Iberia Parish",5,18,856,447,409
050,22,045,"Louisiana","Iberia Parish",5,19,693,352,341
050,22,045,"Louisiana","Iberia Parish",5,20,740,383,357
050,22,045,"Louisiana","Iberia Parish",5,21,771,397,374
050,22,045,"Louisiana","Iberia Parish",5,22,834,417,417
050,22,045,"Louisiana","Iberia Parish",5,23,884,426,458
050,22,045,"Louisiana","Iberia Parish",5,24,873,457,416
050,22,045,"Louisiana","Iberia Parish",5,25,833,437,396
050,22,045,"Louisiana","Iberia Parish",5,26,841,430,411
050,22,045,"Louisiana","Iberia Parish",5,27,858,404,454
050,22,045,"Louisiana","Iberia Parish",5,28,824,424,400
050,22,045,"Louisiana","Iberia Parish",5,29,831,420,411
050,22,045,"Louisiana","Iberia Parish",5,30,822,418,404
050,22,045,"Louisiana","Iberia Parish",5,31,836,405,431
050,22,045,"Louisiana","Iberia Parish",5,32,869,410,459
050,22,045,"Louisiana","Iberia Parish",5,33,927,435,492
050,22,045,"Louisiana","Iberia Parish",5,34,841,407,434
050,22,045,"Louisiana","Iberia Parish",5,35,842,408,434
050,22,045,"Louisiana","Iberia Parish",5,36,804,420,384
050,22,045,"Louisiana","Iberia Parish",5,37,862,437,425
050,22,045,"Louisiana","Iberia Parish",5,38,865,435,430
050,22,045,"Louisiana","Iberia Parish",5,39,803,404,399
050,22,045,"Louisiana","Iberia Parish",5,40,823,396,427
050,22,045,"Louisiana","Iberia Parish",5,41,844,430,414
050,22,045,"Louisiana","Iberia Parish",5,42,828,416,412
050,22,045,"Louisiana","Iberia Parish",5,43,814,406,408
050,22,045,"Louisiana","Iberia Parish",5,44,763,377,386
050,22,045,"Louisiana","Iberia Parish",5,45,787,379,408
050,22,045,"Louisiana","Iberia Parish",5,46,782,363,419
050,22,045,"Louisiana","Iberia Parish",5,47,711,331,380
050,22,045,"Louisiana","Iberia Parish",5,48,706,342,364
050,22,045,"Louisiana","Iberia Parish",5,49,685,335,350
050,22,045,"Louisiana","Iberia Parish",5,50,679,323,356
050,22,045,"Louisiana","Iberia Parish",5,51,731,356,375
050,22,045,"Louisiana","Iberia Parish",5,52,819,401,418
050,22,045,"Louisiana","Iberia Parish",5,53,811,399,412
050,22,045,"Louisiana","Iberia Parish",5,54,790,386,404
050,22,045,"Louisiana","Iberia Parish",5,55,824,366,458
050,22,045,"Louisiana","Iberia Parish",5,56,834,387,447
050,22,045,"Louisiana","Iberia Parish",5,57,875,426,449
050,22,045,"Louisiana","Iberia Parish",5,58,964,450,514
050,22,045,"Louisiana","Iberia Parish",5,59,974,459,515
050,22,045,"Louisiana","Iberia Parish",5,60,920,438,482
050,22,045,"Louisiana","Iberia Parish",5,61,934,456,478
050,22,045,"Louisiana","Iberia Parish",5,62,954,459,495
050,22,045,"Louisiana","Iberia Parish",5,63,947,454,493
050,22,045,"Louisiana","Iberia Parish",5,64,913,463,450
050,22,045,"Louisiana","Iberia Parish",5,65,903,447,456
050,22,045,"Louisiana","Iberia Parish",5,66,901,423,478
050,22,045,"Louisiana","Iberia Parish",5,67,861,413,448
050,22,045,"Louisiana","Iberia Parish",5,68,839,407,432
050,22,045,"Louisiana","Iberia Parish",5,69,804,408,396
050,22,045,"Louisiana","Iberia Parish",5,70,685,342,343
050,22,045,"Louisiana","Iberia Parish",5,71,631,305,326
050,22,045,"Louisiana","Iberia Parish",5,72,577,269,308
050,22,045,"Louisiana","Iberia Parish",5,73,586,275,311
050,22,045,"Louisiana","Iberia Parish",5,74,518,236,282
050,22,045,"Louisiana","Iberia Parish",5,75,496,219,277
050,22,045,"Louisiana","Iberia Parish",5,76,561,255,306
050,22,045,"Louisiana","Iberia Parish",5,77,390,180,210
050,22,045,"Louisiana","Iberia Parish",5,78,377,175,202
050,22,045,"Louisiana","Iberia Parish",5,79,329,142,187
050,22,045,"Louisiana","Iberia Parish",5,80,318,130,188
050,22,045,"Louisiana","Iberia Parish",5,81,261,95,166
050,22,045,"Louisiana","Iberia Parish",5,82,218,84,134
050,22,045,"Louisiana","Iberia Parish",5,83,226,98,128
050,22,045,"Louisiana","Iberia Parish",5,84,203,85,118
050,22,045,"Louisiana","Iberia Parish",5,85,979,388,591
050,22,047,"Louisiana","Iberville Parish",1,0,359,183,176
050,22,047,"Louisiana","Iberville Parish",1,1,353,184,169
050,22,047,"Louisiana","Iberville Parish",1,2,352,178,174
050,22,047,"Louisiana","Iberville Parish",1,3,372,189,183
050,22,047,"Louisiana","Iberville Parish",1,4,330,155,175
050,22,047,"Louisiana","Iberville Parish",1,5,364,177,187
050,22,047,"Louisiana","Iberville Parish",1,6,351,172,179
050,22,047,"Louisiana","Iberville Parish",1,7,378,185,193
050,22,047,"Louisiana","Iberville Parish",1,8,363,182,181
050,22,047,"Louisiana","Iberville Parish",1,9,334,179,155
050,22,047,"Louisiana","Iberville Parish",1,10,335,173,162
050,22,047,"Louisiana","Iberville Parish",1,11,363,190,173
050,22,047,"Louisiana","Iberville Parish",1,12,365,184,181
050,22,047,"Louisiana","Iberville Parish",1,13,382,198,184
050,22,047,"Louisiana","Iberville Parish",1,14,343,190,153
050,22,047,"Louisiana","Iberville Parish",1,15,359,187,172
050,22,047,"Louisiana","Iberville Parish",1,16,331,159,172
050,22,047,"Louisiana","Iberville Parish",1,17,364,187,177
050,22,047,"Louisiana","Iberville Parish",1,18,321,181,140
050,22,047,"Louisiana","Iberville Parish",1,19,318,171,147
050,22,047,"Louisiana","Iberville Parish",1,20,322,169,153
050,22,047,"Louisiana","Iberville Parish",1,21,346,192,154
050,22,047,"Louisiana","Iberville Parish",1,22,342,183,159
050,22,047,"Louisiana","Iberville Parish",1,23,340,181,159
050,22,047,"Louisiana","Iberville Parish",1,24,398,208,190
050,22,047,"Louisiana","Iberville Parish",1,25,414,224,190
050,22,047,"Louisiana","Iberville Parish",1,26,446,232,214
050,22,047,"Louisiana","Iberville Parish",1,27,431,218,213
050,22,047,"Louisiana","Iberville Parish",1,28,447,211,236
050,22,047,"Louisiana","Iberville Parish",1,29,481,267,214
050,22,047,"Louisiana","Iberville Parish",1,30,470,244,226
050,22,047,"Louisiana","Iberville Parish",1,31,452,246,206
050,22,047,"Louisiana","Iberville Parish",1,32,387,191,196
050,22,047,"Louisiana","Iberville Parish",1,33,412,224,188
050,22,047,"Louisiana","Iberville Parish",1,34,395,212,183
050,22,047,"Louisiana","Iberville Parish",1,35,410,208,202
050,22,047,"Louisiana","Iberville Parish",1,36,435,228,207
050,22,047,"Louisiana","Iberville Parish",1,37,444,238,206
050,22,047,"Louisiana","Iberville Parish",1,38,412,221,191
050,22,047,"Louisiana","Iberville Parish",1,39,414,220,194
050,22,047,"Louisiana","Iberville Parish",1,40,393,196,197
050,22,047,"Louisiana","Iberville Parish",1,41,397,205,192
050,22,047,"Louisiana","Iberville Parish",1,42,384,193,191
050,22,047,"Louisiana","Iberville Parish",1,43,375,190,185
050,22,047,"Louisiana","Iberville Parish",1,44,333,176,157
050,22,047,"Louisiana","Iberville Parish",1,45,339,171,168
050,22,047,"Louisiana","Iberville Parish",1,46,321,163,158
050,22,047,"Louisiana","Iberville Parish",1,47,359,185,174
050,22,047,"Louisiana","Iberville Parish",1,48,384,201,183
050,22,047,"Louisiana","Iberville Parish",1,49,396,200,196
050,22,047,"Louisiana","Iberville Parish",1,50,391,190,201
050,22,047,"Louisiana","Iberville Parish",1,51,417,219,198
050,22,047,"Louisiana","Iberville Parish",1,52,371,212,159
050,22,047,"Louisiana","Iberville Parish",1,53,387,190,197
050,22,047,"Louisiana","Iberville Parish",1,54,424,211,213
050,22,047,"Louisiana","Iberville Parish",1,55,447,229,218
050,22,047,"Louisiana","Iberville Parish",1,56,451,244,207
050,22,047,"Louisiana","Iberville Parish",1,57,463,243,220
050,22,047,"Louisiana","Iberville Parish",1,58,437,223,214
050,22,047,"Louisiana","Iberville Parish",1,59,429,230,199
050,22,047,"Louisiana","Iberville Parish",1,60,430,230,200
050,22,047,"Louisiana","Iberville Parish",1,61,425,224,201
050,22,047,"Louisiana","Iberville Parish",1,62,404,198,206
050,22,047,"Louisiana","Iberville Parish",1,63,408,199,209
050,22,047,"Louisiana","Iberville Parish",1,64,396,194,202
050,22,047,"Louisiana","Iberville Parish",1,65,347,162,185
050,22,047,"Louisiana","Iberville Parish",1,66,339,142,197
050,22,047,"Louisiana","Iberville Parish",1,67,344,164,180
050,22,047,"Louisiana","Iberville Parish",1,68,348,172,176
050,22,047,"Louisiana","Iberville Parish",1,69,336,158,178
050,22,047,"Louisiana","Iberville Parish",1,70,285,143,142
050,22,047,"Louisiana","Iberville Parish",1,71,258,126,132
050,22,047,"Louisiana","Iberville Parish",1,72,284,138,146
050,22,047,"Louisiana","Iberville Parish",1,73,276,112,164
050,22,047,"Louisiana","Iberville Parish",1,74,206,90,116
050,22,047,"Louisiana","Iberville Parish",1,75,211,99,112
050,22,047,"Louisiana","Iberville Parish",1,76,197,88,109
050,22,047,"Louisiana","Iberville Parish",1,77,186,83,103
050,22,047,"Louisiana","Iberville Parish",1,78,161,66,95
050,22,047,"Louisiana","Iberville Parish",1,79,134,55,79
050,22,047,"Louisiana","Iberville Parish",1,80,151,66,85
050,22,047,"Louisiana","Iberville Parish",1,81,132,51,81
050,22,047,"Louisiana","Iberville Parish",1,82,125,57,68
050,22,047,"Louisiana","Iberville Parish",1,83,102,45,57
050,22,047,"Louisiana","Iberville Parish",1,84,88,36,52
050,22,047,"Louisiana","Iberville Parish",1,85,536,180,356
050,22,047,"Louisiana","Iberville Parish",2,0,330,163,167
050,22,047,"Louisiana","Iberville Parish",2,1,350,181,169
050,22,047,"Louisiana","Iberville Parish",2,2,354,181,173
050,22,047,"Louisiana","Iberville Parish",2,3,362,184,178
050,22,047,"Louisiana","Iberville Parish",2,4,342,164,178
050,22,047,"Louisiana","Iberville Parish",2,5,355,171,184
050,22,047,"Louisiana","Iberville Parish",2,6,350,169,181
050,22,047,"Louisiana","Iberville Parish",2,7,365,179,186
050,22,047,"Louisiana","Iberville Parish",2,8,363,180,183
050,22,047,"Louisiana","Iberville Parish",2,9,338,176,162
050,22,047,"Louisiana","Iberville Parish",2,10,333,173,160
050,22,047,"Louisiana","Iberville Parish",2,11,351,183,168
050,22,047,"Louisiana","Iberville Parish",2,12,366,185,181
050,22,047,"Louisiana","Iberville Parish",2,13,372,192,180
050,22,047,"Louisiana","Iberville Parish",2,14,348,191,157
050,22,047,"Louisiana","Iberville Parish",2,15,352,186,166
050,22,047,"Louisiana","Iberville Parish",2,16,337,165,172
050,22,047,"Louisiana","Iberville Parish",2,17,350,178,172
050,22,047,"Louisiana","Iberville Parish",2,18,320,179,141
050,22,047,"Louisiana","Iberville Parish",2,19,306,167,139
050,22,047,"Louisiana","Iberville Parish",2,20,330,172,158
050,22,047,"Louisiana","Iberville Parish",2,21,344,189,155
050,22,047,"Louisiana","Iberville Parish",2,22,349,188,161
050,22,047,"Louisiana","Iberville Parish",2,23,340,181,159
050,22,047,"Louisiana","Iberville Parish",2,24,390,207,183
050,22,047,"Louisiana","Iberville Parish",2,25,415,223,192
050,22,047,"Louisiana","Iberville Parish",2,26,445,231,214
050,22,047,"Louisiana","Iberville Parish",2,27,429,218,211
050,22,047,"Louisiana","Iberville Parish",2,28,435,207,228
050,22,047,"Louisiana","Iberville Parish",2,29,478,260,218
050,22,047,"Louisiana","Iberville Parish",2,30,476,252,224
050,22,047,"Louisiana","Iberville Parish",2,31,451,240,211
050,22,047,"Louisiana","Iberville Parish",2,32,396,199,197
050,22,047,"Louisiana","Iberville Parish",2,33,406,220,186
050,22,047,"Louisiana","Iberville Parish",2,34,386,206,180
050,22,047,"Louisiana","Iberville Parish",2,35,409,212,197
050,22,047,"Louisiana","Iberville Parish",2,36,424,219,205
050,22,047,"Louisiana","Iberville Parish",2,37,448,242,206
050,22,047,"Louisiana","Iberville Parish",2,38,411,218,193
050,22,047,"Louisiana","Iberville Parish",2,39,408,218,190
050,22,047,"Louisiana","Iberville Parish",2,40,402,203,199
050,22,047,"Louisiana","Iberville Parish",2,41,390,202,188
050,22,047,"Louisiana","Iberville Parish",2,42,382,196,186
050,22,047,"Louisiana","Iberville Parish",2,43,374,189,185
050,22,047,"Louisiana","Iberville Parish",2,44,339,178,161
050,22,047,"Louisiana","Iberville Parish",2,45,339,172,167
050,22,047,"Louisiana","Iberville Parish",2,46,323,163,160
050,22,047,"Louisiana","Iberville Parish",2,47,346,177,169
050,22,047,"Louisiana","Iberville Parish",2,48,376,198,178
050,22,047,"Louisiana","Iberville Parish",2,49,396,200,196
050,22,047,"Louisiana","Iberville Parish",2,50,391,189,202
050,22,047,"Louisiana","Iberville Parish",2,51,406,213,193
050,22,047,"Louisiana","Iberville Parish",2,52,381,215,166
050,22,047,"Louisiana","Iberville Parish",2,53,381,193,188
050,22,047,"Louisiana","Iberville Parish",2,54,416,210,206
050,22,047,"Louisiana","Iberville Parish",2,55,439,221,218
050,22,047,"Louisiana","Iberville Parish",2,56,451,237,214
050,22,047,"Louisiana","Iberville Parish",2,57,459,246,213
050,22,047,"Louisiana","Iberville Parish",2,58,439,226,213
050,22,047,"Louisiana","Iberville Parish",2,59,430,228,202
050,22,047,"Louisiana","Iberville Parish",2,60,422,226,196
050,22,047,"Louisiana","Iberville Parish",2,61,425,223,202
050,22,047,"Louisiana","Iberville Parish",2,62,400,197,203
050,22,047,"Louisiana","Iberville Parish",2,63,412,201,211
050,22,047,"Louisiana","Iberville Parish",2,64,389,188,201
050,22,047,"Louisiana","Iberville Parish",2,65,356,168,188
050,22,047,"Louisiana","Iberville Parish",2,66,339,146,193
050,22,047,"Louisiana","Iberville Parish",2,67,339,156,183
050,22,047,"Louisiana","Iberville Parish",2,68,340,168,172
050,22,047,"Louisiana","Iberville Parish",2,69,339,161,178
050,22,047,"Louisiana","Iberville Parish",2,70,294,145,149
050,22,047,"Louisiana","Iberville Parish",2,71,260,129,131
050,22,047,"Louisiana","Iberville Parish",2,72,273,131,142
050,22,047,"Louisiana","Iberville Parish",2,73,284,120,164
050,22,047,"Louisiana","Iberville Parish",2,74,211,91,120
050,22,047,"Louisiana","Iberville Parish",2,75,208,96,112
050,22,047,"Louisiana","Iberville Parish",2,76,191,85,106
050,22,047,"Louisiana","Iberville Parish",2,77,193,86,107
050,22,047,"Louisiana","Iberville Parish",2,78,161,68,93
050,22,047,"Louisiana","Iberville Parish",2,79,138,55,83
050,22,047,"Louisiana","Iberville Parish",2,80,143,61,82
050,22,047,"Louisiana","Iberville Parish",2,81,133,52,81
050,22,047,"Louisiana","Iberville Parish",2,82,126,55,71
050,22,047,"Louisiana","Iberville Parish",2,83,102,44,58
050,22,047,"Louisiana","Iberville Parish",2,84,88,37,51
050,22,047,"Louisiana","Iberville Parish",2,85,524,179,345
050,22,047,"Louisiana","Iberville Parish",3,0,314,167,147
050,22,047,"Louisiana","Iberville Parish",3,1,339,169,170
050,22,047,"Louisiana","Iberville Parish",3,2,344,176,168
050,22,047,"Louisiana","Iberville Parish",3,3,349,182,167
050,22,047,"Louisiana","Iberville Parish",3,4,344,176,168
050,22,047,"Louisiana","Iberville Parish",3,5,357,172,185
050,22,047,"Louisiana","Iberville Parish",3,6,334,164,170
050,22,047,"Louisiana","Iberville Parish",3,7,340,167,173
050,22,047,"Louisiana","Iberville Parish",3,8,358,179,179
050,22,047,"Louisiana","Iberville Parish",3,9,341,172,169
050,22,047,"Louisiana","Iberville Parish",3,10,334,167,167
050,22,047,"Louisiana","Iberville Parish",3,11,313,162,151
050,22,047,"Louisiana","Iberville Parish",3,12,356,179,177
050,22,047,"Louisiana","Iberville Parish",3,13,358,179,179
050,22,047,"Louisiana","Iberville Parish",3,14,345,177,168
050,22,047,"Louisiana","Iberville Parish",3,15,344,188,156
050,22,047,"Louisiana","Iberville Parish",3,16,359,193,166
050,22,047,"Louisiana","Iberville Parish",3,17,339,159,180
050,22,047,"Louisiana","Iberville Parish",3,18,327,186,141
050,22,047,"Louisiana","Iberville Parish",3,19,280,155,125
050,22,047,"Louisiana","Iberville Parish",3,20,317,165,152
050,22,047,"Louisiana","Iberville Parish",3,21,340,186,154
050,22,047,"Louisiana","Iberville Parish",3,22,356,190,166
050,22,047,"Louisiana","Iberville Parish",3,23,350,194,156
050,22,047,"Louisiana","Iberville Parish",3,24,379,211,168
050,22,047,"Louisiana","Iberville Parish",3,25,385,199,186
050,22,047,"Louisiana","Iberville Parish",3,26,428,217,211
050,22,047,"Louisiana","Iberville Parish",3,27,408,210,198
050,22,047,"Louisiana","Iberville Parish",3,28,414,201,213
050,22,047,"Louisiana","Iberville Parish",3,29,466,245,221
050,22,047,"Louisiana","Iberville Parish",3,30,473,257,216
050,22,047,"Louisiana","Iberville Parish",3,31,441,228,213
050,22,047,"Louisiana","Iberville Parish",3,32,427,216,211
050,22,047,"Louisiana","Iberville Parish",3,33,413,228,185
050,22,047,"Louisiana","Iberville Parish",3,34,410,218,192
050,22,047,"Louisiana","Iberville Parish",3,35,395,211,184
050,22,047,"Louisiana","Iberville Parish",3,36,373,188,185
050,22,047,"Louisiana","Iberville Parish",3,37,453,244,209
050,22,047,"Louisiana","Iberville Parish",3,38,416,217,199
050,22,047,"Louisiana","Iberville Parish",3,39,409,218,191
050,22,047,"Louisiana","Iberville Parish",3,40,416,207,209
050,22,047,"Louisiana","Iberville Parish",3,41,400,212,188
050,22,047,"Louisiana","Iberville Parish",3,42,383,199,184
050,22,047,"Louisiana","Iberville Parish",3,43,377,188,189
050,22,047,"Louisiana","Iberville Parish",3,44,364,188,176
050,22,047,"Louisiana","Iberville Parish",3,45,349,176,173
050,22,047,"Louisiana","Iberville Parish",3,46,334,170,164
050,22,047,"Louisiana","Iberville Parish",3,47,333,168,165
050,22,047,"Louisiana","Iberville Parish",3,48,346,194,152
050,22,047,"Louisiana","Iberville Parish",3,49,382,200,182
050,22,047,"Louisiana","Iberville Parish",3,50,385,189,196
050,22,047,"Louisiana","Iberville Parish",3,51,379,194,185
050,22,047,"Louisiana","Iberville Parish",3,52,402,206,196
050,22,047,"Louisiana","Iberville Parish",3,53,376,205,171
050,22,047,"Louisiana","Iberville Parish",3,54,401,215,186
050,22,047,"Louisiana","Iberville Parish",3,55,400,197,203
050,22,047,"Louisiana","Iberville Parish",3,56,441,214,227
050,22,047,"Louisiana","Iberville Parish",3,57,439,243,196
050,22,047,"Louisiana","Iberville Parish",3,58,419,224,195
050,22,047,"Louisiana","Iberville Parish",3,59,445,232,213
050,22,047,"Louisiana","Iberville Parish",3,60,420,220,200
050,22,047,"Louisiana","Iberville Parish",3,61,419,223,196
050,22,047,"Louisiana","Iberville Parish",3,62,396,200,196
050,22,047,"Louisiana","Iberville Parish",3,63,413,210,203
050,22,047,"Louisiana","Iberville Parish",3,64,375,184,191
050,22,047,"Louisiana","Iberville Parish",3,65,378,179,199
050,22,047,"Louisiana","Iberville Parish",3,66,351,164,187
050,22,047,"Louisiana","Iberville Parish",3,67,334,139,195
050,22,047,"Louisiana","Iberville Parish",3,68,323,150,173
050,22,047,"Louisiana","Iberville Parish",3,69,337,160,177
050,22,047,"Louisiana","Iberville Parish",3,70,331,154,177
050,22,047,"Louisiana","Iberville Parish",3,71,280,138,142
050,22,047,"Louisiana","Iberville Parish",3,72,257,128,129
050,22,047,"Louisiana","Iberville Parish",3,73,264,125,139
050,22,047,"Louisiana","Iberville Parish",3,74,275,117,158
050,22,047,"Louisiana","Iberville Parish",3,75,205,86,119
050,22,047,"Louisiana","Iberville Parish",3,76,184,86,98
050,22,047,"Louisiana","Iberville Parish",3,77,177,79,98
050,22,047,"Louisiana","Iberville Parish",3,78,187,79,108
050,22,047,"Louisiana","Iberville Parish",3,79,149,62,87
050,22,047,"Louisiana","Iberville Parish",3,80,116,42,74
050,22,047,"Louisiana","Iberville Parish",3,81,138,55,83
050,22,047,"Louisiana","Iberville Parish",3,82,114,46,68
050,22,047,"Louisiana","Iberville Parish",3,83,112,47,65
050,22,047,"Louisiana","Iberville Parish",3,84,90,39,51
050,22,047,"Louisiana","Iberville Parish",3,85,523,192,331
050,22,047,"Louisiana","Iberville Parish",4,0,333,158,175
050,22,047,"Louisiana","Iberville Parish",4,1,311,168,143
050,22,047,"Louisiana","Iberville Parish",4,2,325,161,164
050,22,047,"Louisiana","Iberville Parish",4,3,353,178,175
050,22,047,"Louisiana","Iberville Parish",4,4,347,188,159
050,22,047,"Louisiana","Iberville Parish",4,5,347,178,169
050,22,047,"Louisiana","Iberville Parish",4,6,358,173,185
050,22,047,"Louisiana","Iberville Parish",4,7,340,172,168
050,22,047,"Louisiana","Iberville Parish",4,8,327,156,171
050,22,047,"Louisiana","Iberville Parish",4,9,341,168,173
050,22,047,"Louisiana","Iberville Parish",4,10,358,182,176
050,22,047,"Louisiana","Iberville Parish",4,11,333,172,161
050,22,047,"Louisiana","Iberville Parish",4,12,313,166,147
050,22,047,"Louisiana","Iberville Parish",4,13,349,183,166
050,22,047,"Louisiana","Iberville Parish",4,14,371,194,177
050,22,047,"Louisiana","Iberville Parish",4,15,350,178,172
050,22,047,"Louisiana","Iberville Parish",4,16,333,180,153
050,22,047,"Louisiana","Iberville Parish",4,17,367,195,172
050,22,047,"Louisiana","Iberville Parish",4,18,310,165,145
050,22,047,"Louisiana","Iberville Parish",4,19,282,164,118
050,22,047,"Louisiana","Iberville Parish",4,20,309,165,144
050,22,047,"Louisiana","Iberville Parish",4,21,359,199,160
050,22,047,"Louisiana","Iberville Parish",4,22,369,196,173
050,22,047,"Louisiana","Iberville Parish",4,23,365,197,168
050,22,047,"Louisiana","Iberville Parish",4,24,386,206,180
050,22,047,"Louisiana","Iberville Parish",4,25,382,214,168
050,22,047,"Louisiana","Iberville Parish",4,26,411,209,202
050,22,047,"Louisiana","Iberville Parish",4,27,431,219,212
050,22,047,"Louisiana","Iberville Parish",4,28,410,204,206
050,22,047,"Louisiana","Iberville Parish",4,29,437,227,210
050,22,047,"Louisiana","Iberville Parish",4,30,450,239,211
050,22,047,"Louisiana","Iberville Parish",4,31,454,241,213
050,22,047,"Louisiana","Iberville Parish",4,32,422,211,211
050,22,047,"Louisiana","Iberville Parish",4,33,428,228,200
050,22,047,"Louisiana","Iberville Parish",4,34,383,203,180
050,22,047,"Louisiana","Iberville Parish",4,35,420,225,195
050,22,047,"Louisiana","Iberville Parish",4,36,386,199,187
050,22,047,"Louisiana","Iberville Parish",4,37,395,208,187
050,22,047,"Louisiana","Iberville Parish",4,38,414,204,210
050,22,047,"Louisiana","Iberville Parish",4,39,415,224,191
050,22,047,"Louisiana","Iberville Parish",4,40,422,214,208
050,22,047,"Louisiana","Iberville Parish",4,41,401,207,194
050,22,047,"Louisiana","Iberville Parish",4,42,388,206,182
050,22,047,"Louisiana","Iberville Parish",4,43,386,193,193
050,22,047,"Louisiana","Iberville Parish",4,44,375,188,187
050,22,047,"Louisiana","Iberville Parish",4,45,355,182,173
050,22,047,"Louisiana","Iberville Parish",4,46,337,174,163
050,22,047,"Louisiana","Iberville Parish",4,47,337,165,172
050,22,047,"Louisiana","Iberville Parish",4,48,340,176,164
050,22,047,"Louisiana","Iberville Parish",4,49,357,200,157
050,22,047,"Louisiana","Iberville Parish",4,50,360,176,184
050,22,047,"Louisiana","Iberville Parish",4,51,399,198,201
050,22,047,"Louisiana","Iberville Parish",4,52,357,182,175
050,22,047,"Louisiana","Iberville Parish",4,53,393,190,203
050,22,047,"Louisiana","Iberville Parish",4,54,378,212,166
050,22,047,"Louisiana","Iberville Parish",4,55,370,194,176
050,22,047,"Louisiana","Iberville Parish",4,56,386,185,201
050,22,047,"Louisiana","Iberville Parish",4,57,439,215,224
050,22,047,"Louisiana","Iberville Parish",4,58,413,227,186
050,22,047,"Louisiana","Iberville Parish",4,59,412,221,191
050,22,047,"Louisiana","Iberville Parish",4,60,414,211,203
050,22,047,"Louisiana","Iberville Parish",4,61,412,209,203
050,22,047,"Louisiana","Iberville Parish",4,62,379,198,181
050,22,047,"Louisiana","Iberville Parish",4,63,417,217,200
050,22,047,"Louisiana","Iberville Parish",4,64,381,192,189
050,22,047,"Louisiana","Iberville Parish",4,65,362,171,191
050,22,047,"Louisiana","Iberville Parish",4,66,379,180,199
050,22,047,"Louisiana","Iberville Parish",4,67,346,154,192
050,22,047,"Louisiana","Iberville Parish",4,68,317,134,183
050,22,047,"Louisiana","Iberville Parish",4,69,320,143,177
050,22,047,"Louisiana","Iberville Parish",4,70,325,153,172
050,22,047,"Louisiana","Iberville Parish",4,71,311,143,168
050,22,047,"Louisiana","Iberville Parish",4,72,285,139,146
050,22,047,"Louisiana","Iberville Parish",4,73,255,126,129
050,22,047,"Louisiana","Iberville Parish",4,74,256,121,135
050,22,047,"Louisiana","Iberville Parish",4,75,262,114,148
050,22,047,"Louisiana","Iberville Parish",4,76,185,75,110
050,22,047,"Louisiana","Iberville Parish",4,77,179,82,97
050,22,047,"Louisiana","Iberville Parish",4,78,171,73,98
050,22,047,"Louisiana","Iberville Parish",4,79,171,68,103
050,22,047,"Louisiana","Iberville Parish",4,80,133,54,79
050,22,047,"Louisiana","Iberville Parish",4,81,106,36,70
050,22,047,"Louisiana","Iberville Parish",4,82,125,47,78
050,22,047,"Louisiana","Iberville Parish",4,83,106,40,66
050,22,047,"Louisiana","Iberville Parish",4,84,99,43,56
050,22,047,"Louisiana","Iberville Parish",4,85,538,210,328
050,22,047,"Louisiana","Iberville Parish",5,0,335,158,177
050,22,047,"Louisiana","Iberville Parish",5,1,360,173,187
050,22,047,"Louisiana","Iberville Parish",5,2,326,171,155
050,22,047,"Louisiana","Iberville Parish",5,3,335,165,170
050,22,047,"Louisiana","Iberville Parish",5,4,341,171,170
050,22,047,"Louisiana","Iberville Parish",5,5,339,186,153
050,22,047,"Louisiana","Iberville Parish",5,6,361,176,185
050,22,047,"Louisiana","Iberville Parish",5,7,352,167,185
050,22,047,"Louisiana","Iberville Parish",5,8,330,155,175
050,22,047,"Louisiana","Iberville Parish",5,9,343,168,175
050,22,047,"Louisiana","Iberville Parish",5,10,346,178,168
050,22,047,"Louisiana","Iberville Parish",5,11,354,179,175
050,22,047,"Louisiana","Iberville Parish",5,12,348,172,176
050,22,047,"Louisiana","Iberville Parish",5,13,307,154,153
050,22,047,"Louisiana","Iberville Parish",5,14,343,178,165
050,22,047,"Louisiana","Iberville Parish",5,15,366,194,172
050,22,047,"Louisiana","Iberville Parish",5,16,358,181,177
050,22,047,"Louisiana","Iberville Parish",5,17,346,188,158
050,22,047,"Louisiana","Iberville Parish",5,18,337,195,142
050,22,047,"Louisiana","Iberville Parish",5,19,280,159,121
050,22,047,"Louisiana","Iberville Parish",5,20,307,171,136
050,22,047,"Louisiana","Iberville Parish",5,21,337,185,152
050,22,047,"Louisiana","Iberville Parish",5,22,393,214,179
050,22,047,"Louisiana","Iberville Parish",5,23,378,212,166
050,22,047,"Louisiana","Iberville Parish",5,24,412,226,186
050,22,047,"Louisiana","Iberville Parish",5,25,390,221,169
050,22,047,"Louisiana","Iberville Parish",5,26,416,226,190
050,22,047,"Louisiana","Iberville Parish",5,27,400,209,191
050,22,047,"Louisiana","Iberville Parish",5,28,416,198,218
050,22,047,"Louisiana","Iberville Parish",5,29,438,239,199
050,22,047,"Louisiana","Iberville Parish",5,30,442,237,205
050,22,047,"Louisiana","Iberville Parish",5,31,434,223,211
050,22,047,"Louisiana","Iberville Parish",5,32,442,227,215
050,22,047,"Louisiana","Iberville Parish",5,33,443,240,203
050,22,047,"Louisiana","Iberville Parish",5,34,422,214,208
050,22,047,"Louisiana","Iberville Parish",5,35,416,231,185
050,22,047,"Louisiana","Iberville Parish",5,36,396,203,193
050,22,047,"Louisiana","Iberville Parish",5,37,410,227,183
050,22,047,"Louisiana","Iberville Parish",5,38,364,171,193
050,22,047,"Louisiana","Iberville Parish",5,39,418,206,212
050,22,047,"Louisiana","Iberville Parish",5,40,437,229,208
050,22,047,"Louisiana","Iberville Parish",5,41,418,223,195
050,22,047,"Louisiana","Iberville Parish",5,42,399,208,191
050,22,047,"Louisiana","Iberville Parish",5,43,387,204,183
050,22,047,"Louisiana","Iberville Parish",5,44,367,183,184
050,22,047,"Louisiana","Iberville Parish",5,45,374,184,190
050,22,047,"Louisiana","Iberville Parish",5,46,337,174,163
050,22,047,"Louisiana","Iberville Parish",5,47,338,173,165
050,22,047,"Louisiana","Iberville Parish",5,48,342,177,165
050,22,047,"Louisiana","Iberville Parish",5,49,347,180,167
050,22,047,"Louisiana","Iberville Parish",5,50,339,181,158
050,22,047,"Louisiana","Iberville Parish",5,51,369,187,182
050,22,047,"Louisiana","Iberville Parish",5,52,391,198,193
050,22,047,"Louisiana","Iberville Parish",5,53,347,173,174
050,22,047,"Louisiana","Iberville Parish",5,54,391,202,189
050,22,047,"Louisiana","Iberville Parish",5,55,346,191,155
050,22,047,"Louisiana","Iberville Parish",5,56,356,181,175
050,22,047,"Louisiana","Iberville Parish",5,57,379,190,189
050,22,047,"Louisiana","Iberville Parish",5,58,406,191,215
050,22,047,"Louisiana","Iberville Parish",5,59,416,235,181
050,22,047,"Louisiana","Iberville Parish",5,60,397,205,192
050,22,047,"Louisiana","Iberville Parish",5,61,403,198,205
050,22,047,"Louisiana","Iberville Parish",5,62,377,185,192
050,22,047,"Louisiana","Iberville Parish",5,63,377,201,176
050,22,047,"Louisiana","Iberville Parish",5,64,396,195,201
050,22,047,"Louisiana","Iberville Parish",5,65,376,191,185
050,22,047,"Louisiana","Iberville Parish",5,66,355,167,188
050,22,047,"Louisiana","Iberville Parish",5,67,364,169,195
050,22,047,"Louisiana","Iberville Parish",5,68,330,146,184
050,22,047,"Louisiana","Iberville Parish",5,69,307,124,183
050,22,047,"Louisiana","Iberville Parish",5,70,307,140,167
050,22,047,"Louisiana","Iberville Parish",5,71,309,144,165
050,22,047,"Louisiana","Iberville Parish",5,72,312,144,168
050,22,047,"Louisiana","Iberville Parish",5,73,275,133,142
050,22,047,"Louisiana","Iberville Parish",5,74,250,125,125
050,22,047,"Louisiana","Iberville Parish",5,75,240,114,126
050,22,047,"Louisiana","Iberville Parish",5,76,237,102,135
050,22,047,"Louisiana","Iberville Parish",5,77,173,69,104
050,22,047,"Louisiana","Iberville Parish",5,78,170,76,94
050,22,047,"Louisiana","Iberville Parish",5,79,151,61,90
050,22,047,"Louisiana","Iberville Parish",5,80,155,60,95
050,22,047,"Louisiana","Iberville Parish",5,81,123,48,75
050,22,047,"Louisiana","Iberville Parish",5,82,98,31,67
050,22,047,"Louisiana","Iberville Parish",5,83,116,39,77
050,22,047,"Louisiana","Iberville Parish",5,84,92,34,58
050,22,047,"Louisiana","Iberville Parish",5,85,560,232,328
050,22,049,"Louisiana","Jackson Parish",1,0,129,66,63
050,22,049,"Louisiana","Jackson Parish",1,1,150,87,63
050,22,049,"Louisiana","Jackson Parish",1,2,152,75,77
050,22,049,"Louisiana","Jackson Parish",1,3,153,73,80
050,22,049,"Louisiana","Jackson Parish",1,4,162,92,70
050,22,049,"Louisiana","Jackson Parish",1,5,199,113,86
050,22,049,"Louisiana","Jackson Parish",1,6,169,90,79
050,22,049,"Louisiana","Jackson Parish",1,7,180,92,88
050,22,049,"Louisiana","Jackson Parish",1,8,184,93,91
050,22,049,"Louisiana","Jackson Parish",1,9,200,106,94
050,22,049,"Louisiana","Jackson Parish",1,10,217,115,102
050,22,049,"Louisiana","Jackson Parish",1,11,202,100,102
050,22,049,"Louisiana","Jackson Parish",1,12,225,120,105
050,22,049,"Louisiana","Jackson Parish",1,13,202,111,91
050,22,049,"Louisiana","Jackson Parish",1,14,203,107,96
050,22,049,"Louisiana","Jackson Parish",1,15,197,106,91
050,22,049,"Louisiana","Jackson Parish",1,16,193,98,95
050,22,049,"Louisiana","Jackson Parish",1,17,213,111,102
050,22,049,"Louisiana","Jackson Parish",1,18,187,116,71
050,22,049,"Louisiana","Jackson Parish",1,19,124,74,50
050,22,049,"Louisiana","Jackson Parish",1,20,147,88,59
050,22,049,"Louisiana","Jackson Parish",1,21,149,81,68
050,22,049,"Louisiana","Jackson Parish",1,22,163,92,71
050,22,049,"Louisiana","Jackson Parish",1,23,187,93,94
050,22,049,"Louisiana","Jackson Parish",1,24,165,80,85
050,22,049,"Louisiana","Jackson Parish",1,25,165,94,71
050,22,049,"Louisiana","Jackson Parish",1,26,161,101,60
050,22,049,"Louisiana","Jackson Parish",1,27,155,98,57
050,22,049,"Louisiana","Jackson Parish",1,28,209,115,94
050,22,049,"Louisiana","Jackson Parish",1,29,193,98,95
050,22,049,"Louisiana","Jackson Parish",1,30,183,109,74
050,22,049,"Louisiana","Jackson Parish",1,31,189,108,81
050,22,049,"Louisiana","Jackson Parish",1,32,184,101,83
050,22,049,"Louisiana","Jackson Parish",1,33,199,110,89
050,22,049,"Louisiana","Jackson Parish",1,34,192,95,97
050,22,049,"Louisiana","Jackson Parish",1,35,180,85,95
050,22,049,"Louisiana","Jackson Parish",1,36,202,102,100
050,22,049,"Louisiana","Jackson Parish",1,37,194,93,101
050,22,049,"Louisiana","Jackson Parish",1,38,173,89,84
050,22,049,"Louisiana","Jackson Parish",1,39,184,95,89
050,22,049,"Louisiana","Jackson Parish",1,40,192,100,92
050,22,049,"Louisiana","Jackson Parish",1,41,161,81,80
050,22,049,"Louisiana","Jackson Parish",1,42,181,95,86
050,22,049,"Louisiana","Jackson Parish",1,43,169,93,76
050,22,049,"Louisiana","Jackson Parish",1,44,190,100,90
050,22,049,"Louisiana","Jackson Parish",1,45,178,87,91
050,22,049,"Louisiana","Jackson Parish",1,46,177,90,87
050,22,049,"Louisiana","Jackson Parish",1,47,177,102,75
050,22,049,"Louisiana","Jackson Parish",1,48,170,94,76
050,22,049,"Louisiana","Jackson Parish",1,49,180,89,91
050,22,049,"Louisiana","Jackson Parish",1,50,189,110,79
050,22,049,"Louisiana","Jackson Parish",1,51,187,99,88
050,22,049,"Louisiana","Jackson Parish",1,52,181,94,87
050,22,049,"Louisiana","Jackson Parish",1,53,196,94,102
050,22,049,"Louisiana","Jackson Parish",1,54,189,98,91
050,22,049,"Louisiana","Jackson Parish",1,55,201,108,93
050,22,049,"Louisiana","Jackson Parish",1,56,207,98,109
050,22,049,"Louisiana","Jackson Parish",1,57,224,112,112
050,22,049,"Louisiana","Jackson Parish",1,58,235,116,119
050,22,049,"Louisiana","Jackson Parish",1,59,218,103,115
050,22,049,"Louisiana","Jackson Parish",1,60,212,102,110
050,22,049,"Louisiana","Jackson Parish",1,61,221,102,119
050,22,049,"Louisiana","Jackson Parish",1,62,182,91,91
050,22,049,"Louisiana","Jackson Parish",1,63,178,88,90
050,22,049,"Louisiana","Jackson Parish",1,64,182,92,90
050,22,049,"Louisiana","Jackson Parish",1,65,179,78,101
050,22,049,"Louisiana","Jackson Parish",1,66,187,87,100
050,22,049,"Louisiana","Jackson Parish",1,67,172,80,92
050,22,049,"Louisiana","Jackson Parish",1,68,178,85,93
050,22,049,"Louisiana","Jackson Parish",1,69,185,85,100
050,22,049,"Louisiana","Jackson Parish",1,70,173,83,90
050,22,049,"Louisiana","Jackson Parish",1,71,167,78,89
050,22,049,"Louisiana","Jackson Parish",1,72,170,76,94
050,22,049,"Louisiana","Jackson Parish",1,73,186,94,92
050,22,049,"Louisiana","Jackson Parish",1,74,116,49,67
050,22,049,"Louisiana","Jackson Parish",1,75,125,54,71
050,22,049,"Louisiana","Jackson Parish",1,76,124,53,71
050,22,049,"Louisiana","Jackson Parish",1,77,128,61,67
050,22,049,"Louisiana","Jackson Parish",1,78,113,55,58
050,22,049,"Louisiana","Jackson Parish",1,79,95,41,54
050,22,049,"Louisiana","Jackson Parish",1,80,90,42,48
050,22,049,"Louisiana","Jackson Parish",1,81,90,43,47
050,22,049,"Louisiana","Jackson Parish",1,82,83,40,43
050,22,049,"Louisiana","Jackson Parish",1,83,63,30,33
050,22,049,"Louisiana","Jackson Parish",1,84,64,24,40
050,22,049,"Louisiana","Jackson Parish",1,85,356,112,244
050,22,049,"Louisiana","Jackson Parish",2,0,144,72,72
050,22,049,"Louisiana","Jackson Parish",2,1,145,82,63
050,22,049,"Louisiana","Jackson Parish",2,2,153,77,76
050,22,049,"Louisiana","Jackson Parish",2,3,153,75,78
050,22,049,"Louisiana","Jackson Parish",2,4,162,90,72
050,22,049,"Louisiana","Jackson Parish",2,5,189,108,81
050,22,049,"Louisiana","Jackson Parish",2,6,176,96,80
050,22,049,"Louisiana","Jackson Parish",2,7,176,90,86
050,22,049,"Louisiana","Jackson Parish",2,8,180,91,89
050,22,049,"Louisiana","Jackson Parish",2,9,196,102,94
050,22,049,"Louisiana","Jackson Parish",2,10,210,111,99
050,22,049,"Louisiana","Jackson Parish",2,11,205,103,102
050,22,049,"Louisiana","Jackson Parish",2,12,220,116,104
050,22,049,"Louisiana","Jackson Parish",2,13,205,112,93
050,22,049,"Louisiana","Jackson Parish",2,14,203,109,94
050,22,049,"Louisiana","Jackson Parish",2,15,196,105,91
050,22,049,"Louisiana","Jackson Parish",2,16,194,99,95
050,22,049,"Louisiana","Jackson Parish",2,17,207,109,98
050,22,049,"Louisiana","Jackson Parish",2,18,185,112,73
050,22,049,"Louisiana","Jackson Parish",2,19,134,82,52
050,22,049,"Louisiana","Jackson Parish",2,20,145,86,59
050,22,049,"Louisiana","Jackson Parish",2,21,151,85,66
050,22,049,"Louisiana","Jackson Parish",2,22,164,91,73
050,22,049,"Louisiana","Jackson Parish",2,23,182,94,88
050,22,049,"Louisiana","Jackson Parish",2,24,167,84,83
050,22,049,"Louisiana","Jackson Parish",2,25,164,91,73
050,22,049,"Louisiana","Jackson Parish",2,26,164,102,62
050,22,049,"Louisiana","Jackson Parish",2,27,153,95,58
050,22,049,"Louisiana","Jackson Parish",2,28,197,111,86
050,22,049,"Louisiana","Jackson Parish",2,29,198,104,94
050,22,049,"Louisiana","Jackson Parish",2,30,186,106,80
050,22,049,"Louisiana","Jackson Parish",2,31,183,104,79
050,22,049,"Louisiana","Jackson Parish",2,32,184,102,82
050,22,049,"Louisiana","Jackson Parish",2,33,193,107,86
050,22,049,"Louisiana","Jackson Parish",2,34,192,96,96
050,22,049,"Louisiana","Jackson Parish",2,35,185,89,96
050,22,049,"Louisiana","Jackson Parish",2,36,191,95,96
050,22,049,"Louisiana","Jackson Parish",2,37,198,97,101
050,22,049,"Louisiana","Jackson Parish",2,38,181,91,90
050,22,049,"Louisiana","Jackson Parish",2,39,181,94,87
050,22,049,"Louisiana","Jackson Parish",2,40,190,99,91
050,22,049,"Louisiana","Jackson Parish",2,41,165,83,82
050,22,049,"Louisiana","Jackson Parish",2,42,173,89,84
050,22,049,"Louisiana","Jackson Parish",2,43,178,98,80
050,22,049,"Louisiana","Jackson Parish",2,44,183,99,84
050,22,049,"Louisiana","Jackson Parish",2,45,182,90,92
050,22,049,"Louisiana","Jackson Parish",2,46,175,88,87
050,22,049,"Louisiana","Jackson Parish",2,47,177,100,77
050,22,049,"Louisiana","Jackson Parish",2,48,171,96,75
050,22,049,"Louisiana","Jackson Parish",2,49,178,90,88
050,22,049,"Louisiana","Jackson Parish",2,50,187,104,83
050,22,049,"Louisiana","Jackson Parish",2,51,183,99,84
050,22,049,"Louisiana","Jackson Parish",2,52,181,94,87
050,22,049,"Louisiana","Jackson Parish",2,53,192,94,98
050,22,049,"Louisiana","Jackson Parish",2,54,190,97,93
050,22,049,"Louisiana","Jackson Parish",2,55,201,107,94
050,22,049,"Louisiana","Jackson Parish",2,56,207,100,107
050,22,049,"Louisiana","Jackson Parish",2,57,220,108,112
050,22,049,"Louisiana","Jackson Parish",2,58,234,116,118
050,22,049,"Louisiana","Jackson Parish",2,59,223,106,117
050,22,049,"Louisiana","Jackson Parish",2,60,214,102,112
050,22,049,"Louisiana","Jackson Parish",2,61,217,102,115
050,22,049,"Louisiana","Jackson Parish",2,62,192,94,98
050,22,049,"Louisiana","Jackson Parish",2,63,179,87,92
050,22,049,"Louisiana","Jackson Parish",2,64,180,91,89
050,22,049,"Louisiana","Jackson Parish",2,65,174,78,96
050,22,049,"Louisiana","Jackson Parish",2,66,185,86,99
050,22,049,"Louisiana","Jackson Parish",2,67,171,78,93
050,22,049,"Louisiana","Jackson Parish",2,68,176,84,92
050,22,049,"Louisiana","Jackson Parish",2,69,184,86,98
050,22,049,"Louisiana","Jackson Parish",2,70,176,83,93
050,22,049,"Louisiana","Jackson Parish",2,71,166,79,87
050,22,049,"Louisiana","Jackson Parish",2,72,163,75,88
050,22,049,"Louisiana","Jackson Parish",2,73,186,91,95
050,22,049,"Louisiana","Jackson Parish",2,74,124,56,68
050,22,049,"Louisiana","Jackson Parish",2,75,125,54,71
050,22,049,"Louisiana","Jackson Parish",2,76,122,52,70
050,22,049,"Louisiana","Jackson Parish",2,77,130,60,70
050,22,049,"Louisiana","Jackson Parish",2,78,112,52,60
050,22,049,"Louisiana","Jackson Parish",2,79,96,42,54
050,22,049,"Louisiana","Jackson Parish",2,80,90,43,47
050,22,049,"Louisiana","Jackson Parish",2,81,88,41,47
050,22,049,"Louisiana","Jackson Parish",2,82,82,41,41
050,22,049,"Louisiana","Jackson Parish",2,83,67,32,35
050,22,049,"Louisiana","Jackson Parish",2,84,62,24,38
050,22,049,"Louisiana","Jackson Parish",2,85,355,114,241
050,22,049,"Louisiana","Jackson Parish",3,0,127,67,60
050,22,049,"Louisiana","Jackson Parish",3,1,142,71,71
050,22,049,"Louisiana","Jackson Parish",3,2,161,94,67
050,22,049,"Louisiana","Jackson Parish",3,3,150,78,72
050,22,049,"Louisiana","Jackson Parish",3,4,160,78,82
050,22,049,"Louisiana","Jackson Parish",3,5,157,84,73
050,22,049,"Louisiana","Jackson Parish",3,6,179,105,74
050,22,049,"Louisiana","Jackson Parish",3,7,165,87,78
050,22,049,"Louisiana","Jackson Parish",3,8,170,81,89
050,22,049,"Louisiana","Jackson Parish",3,9,182,90,92
050,22,049,"Louisiana","Jackson Parish",3,10,202,106,96
050,22,049,"Louisiana","Jackson Parish",3,11,208,113,95
050,22,049,"Louisiana","Jackson Parish",3,12,196,92,104
050,22,049,"Louisiana","Jackson Parish",3,13,205,106,99
050,22,049,"Louisiana","Jackson Parish",3,14,209,111,98
050,22,049,"Louisiana","Jackson Parish",3,15,200,108,92
050,22,049,"Louisiana","Jackson Parish",3,16,199,104,95
050,22,049,"Louisiana","Jackson Parish",3,17,192,97,95
050,22,049,"Louisiana","Jackson Parish",3,18,167,92,75
050,22,049,"Louisiana","Jackson Parish",3,19,156,91,65
050,22,049,"Louisiana","Jackson Parish",3,20,147,90,57
050,22,049,"Louisiana","Jackson Parish",3,21,159,91,68
050,22,049,"Louisiana","Jackson Parish",3,22,154,83,71
050,22,049,"Louisiana","Jackson Parish",3,23,174,101,73
050,22,049,"Louisiana","Jackson Parish",3,24,173,90,83
050,22,049,"Louisiana","Jackson Parish",3,25,166,87,79
050,22,049,"Louisiana","Jackson Parish",3,26,176,101,75
050,22,049,"Louisiana","Jackson Parish",3,27,151,86,65
050,22,049,"Louisiana","Jackson Parish",3,28,153,91,62
050,22,049,"Louisiana","Jackson Parish",3,29,185,101,84
050,22,049,"Louisiana","Jackson Parish",3,30,197,109,88
050,22,049,"Louisiana","Jackson Parish",3,31,181,103,78
050,22,049,"Louisiana","Jackson Parish",3,32,178,101,77
050,22,049,"Louisiana","Jackson Parish",3,33,189,100,89
050,22,049,"Louisiana","Jackson Parish",3,34,197,107,90
050,22,049,"Louisiana","Jackson Parish",3,35,207,104,103
050,22,049,"Louisiana","Jackson Parish",3,36,183,85,98
050,22,049,"Louisiana","Jackson Parish",3,37,198,98,100
050,22,049,"Louisiana","Jackson Parish",3,38,192,93,99
050,22,049,"Louisiana","Jackson Parish",3,39,168,80,88
050,22,049,"Louisiana","Jackson Parish",3,40,183,98,85
050,22,049,"Louisiana","Jackson Parish",3,41,183,97,86
050,22,049,"Louisiana","Jackson Parish",3,42,165,81,84
050,22,049,"Louisiana","Jackson Parish",3,43,175,92,83
050,22,049,"Louisiana","Jackson Parish",3,44,187,110,77
050,22,049,"Louisiana","Jackson Parish",3,45,177,98,79
050,22,049,"Louisiana","Jackson Parish",3,46,173,83,90
050,22,049,"Louisiana","Jackson Parish",3,47,182,97,85
050,22,049,"Louisiana","Jackson Parish",3,48,189,103,86
050,22,049,"Louisiana","Jackson Parish",3,49,172,92,80
050,22,049,"Louisiana","Jackson Parish",3,50,175,87,88
050,22,049,"Louisiana","Jackson Parish",3,51,185,105,80
050,22,049,"Louisiana","Jackson Parish",3,52,191,102,89
050,22,049,"Louisiana","Jackson Parish",3,53,175,88,87
050,22,049,"Louisiana","Jackson Parish",3,54,196,97,99
050,22,049,"Louisiana","Jackson Parish",3,55,198,101,97
050,22,049,"Louisiana","Jackson Parish",3,56,203,104,99
050,22,049,"Louisiana","Jackson Parish",3,57,207,100,107
050,22,049,"Louisiana","Jackson Parish",3,58,225,112,113
050,22,049,"Louisiana","Jackson Parish",3,59,235,115,120
050,22,049,"Louisiana","Jackson Parish",3,60,224,110,114
050,22,049,"Louisiana","Jackson Parish",3,61,217,102,115
050,22,049,"Louisiana","Jackson Parish",3,62,212,101,111
050,22,049,"Louisiana","Jackson Parish",3,63,196,96,100
050,22,049,"Louisiana","Jackson Parish",3,64,176,84,92
050,22,049,"Louisiana","Jackson Parish",3,65,182,89,93
050,22,049,"Louisiana","Jackson Parish",3,66,171,76,95
050,22,049,"Louisiana","Jackson Parish",3,67,177,80,97
050,22,049,"Louisiana","Jackson Parish",3,68,168,80,88
050,22,049,"Louisiana","Jackson Parish",3,69,162,76,86
050,22,049,"Louisiana","Jackson Parish",3,70,178,83,95
050,22,049,"Louisiana","Jackson Parish",3,71,166,77,89
050,22,049,"Louisiana","Jackson Parish",3,72,165,80,85
050,22,049,"Louisiana","Jackson Parish",3,73,161,74,87
050,22,049,"Louisiana","Jackson Parish",3,74,171,85,86
050,22,049,"Louisiana","Jackson Parish",3,75,126,55,71
050,22,049,"Louisiana","Jackson Parish",3,76,119,49,70
050,22,049,"Louisiana","Jackson Parish",3,77,117,51,66
050,22,049,"Louisiana","Jackson Parish",3,78,122,57,65
050,22,049,"Louisiana","Jackson Parish",3,79,104,45,59
050,22,049,"Louisiana","Jackson Parish",3,80,94,46,48
050,22,049,"Louisiana","Jackson Parish",3,81,83,37,46
050,22,049,"Louisiana","Jackson Parish",3,82,86,37,49
050,22,049,"Louisiana","Jackson Parish",3,83,70,36,34
050,22,049,"Louisiana","Jackson Parish",3,84,62,31,31
050,22,049,"Louisiana","Jackson Parish",3,85,360,120,240
050,22,049,"Louisiana","Jackson Parish",4,0,121,64,57
050,22,049,"Louisiana","Jackson Parish",4,1,132,69,63
050,22,049,"Louisiana","Jackson Parish",4,2,137,69,68
050,22,049,"Louisiana","Jackson Parish",4,3,154,85,69
050,22,049,"Louisiana","Jackson Parish",4,4,145,72,73
050,22,049,"Louisiana","Jackson Parish",4,5,164,79,85
050,22,049,"Louisiana","Jackson Parish",4,6,149,82,67
050,22,049,"Louisiana","Jackson Parish",4,7,179,102,77
050,22,049,"Louisiana","Jackson Parish",4,8,166,86,80
050,22,049,"Louisiana","Jackson Parish",4,9,171,79,92
050,22,049,"Louisiana","Jackson Parish",4,10,187,95,92
050,22,049,"Louisiana","Jackson Parish",4,11,200,102,98
050,22,049,"Louisiana","Jackson Parish",4,12,217,116,101
050,22,049,"Louisiana","Jackson Parish",4,13,200,94,106
050,22,049,"Louisiana","Jackson Parish",4,14,206,106,100
050,22,049,"Louisiana","Jackson Parish",4,15,209,110,99
050,22,049,"Louisiana","Jackson Parish",4,16,200,113,87
050,22,049,"Louisiana","Jackson Parish",4,17,192,99,93
050,22,049,"Louisiana","Jackson Parish",4,18,161,87,74
050,22,049,"Louisiana","Jackson Parish",4,19,131,74,57
050,22,049,"Louisiana","Jackson Parish",4,20,169,96,73
050,22,049,"Louisiana","Jackson Parish",4,21,157,96,61
050,22,049,"Louisiana","Jackson Parish",4,22,171,103,68
050,22,049,"Louisiana","Jackson Parish",4,23,162,86,76
050,22,049,"Louisiana","Jackson Parish",4,24,178,101,77
050,22,049,"Louisiana","Jackson Parish",4,25,184,100,84
050,22,049,"Louisiana","Jackson Parish",4,26,177,97,80
050,22,049,"Louisiana","Jackson Parish",4,27,158,86,72
050,22,049,"Louisiana","Jackson Parish",4,28,144,80,64
050,22,049,"Louisiana","Jackson Parish",4,29,153,95,58
050,22,049,"Louisiana","Jackson Parish",4,30,183,101,82
050,22,049,"Louisiana","Jackson Parish",4,31,188,100,88
050,22,049,"Louisiana","Jackson Parish",4,32,184,108,76
050,22,049,"Louisiana","Jackson Parish",4,33,182,108,74
050,22,049,"Louisiana","Jackson Parish",4,34,187,94,93
050,22,049,"Louisiana","Jackson Parish",4,35,196,108,88
050,22,049,"Louisiana","Jackson Parish",4,36,195,96,99
050,22,049,"Louisiana","Jackson Parish",4,37,194,93,101
050,22,049,"Louisiana","Jackson Parish",4,38,191,102,89
050,22,049,"Louisiana","Jackson Parish",4,39,195,94,101
050,22,049,"Louisiana","Jackson Parish",4,40,172,81,91
050,22,049,"Louisiana","Jackson Parish",4,41,186,94,92
050,22,049,"Louisiana","Jackson Parish",4,42,187,98,89
050,22,049,"Louisiana","Jackson Parish",4,43,157,81,76
050,22,049,"Louisiana","Jackson Parish",4,44,181,96,85
050,22,049,"Louisiana","Jackson Parish",4,45,185,105,80
050,22,049,"Louisiana","Jackson Parish",4,46,178,96,82
050,22,049,"Louisiana","Jackson Parish",4,47,176,87,89
050,22,049,"Louisiana","Jackson Parish",4,48,184,94,90
050,22,049,"Louisiana","Jackson Parish",4,49,178,103,75
050,22,049,"Louisiana","Jackson Parish",4,50,172,93,79
050,22,049,"Louisiana","Jackson Parish",4,51,177,92,85
050,22,049,"Louisiana","Jackson Parish",4,52,182,100,82
050,22,049,"Louisiana","Jackson Parish",4,53,190,104,86
050,22,049,"Louisiana","Jackson Parish",4,54,171,85,86
050,22,049,"Louisiana","Jackson Parish",4,55,203,100,103
050,22,049,"Louisiana","Jackson Parish",4,56,197,95,102
050,22,049,"Louisiana","Jackson Parish",4,57,206,102,104
050,22,049,"Louisiana","Jackson Parish",4,58,211,102,109
050,22,049,"Louisiana","Jackson Parish",4,59,226,113,113
050,22,049,"Louisiana","Jackson Parish",4,60,229,114,115
050,22,049,"Louisiana","Jackson Parish",4,61,215,106,109
050,22,049,"Louisiana","Jackson Parish",4,62,207,97,110
050,22,049,"Louisiana","Jackson Parish",4,63,210,96,114
050,22,049,"Louisiana","Jackson Parish",4,64,198,94,104
050,22,049,"Louisiana","Jackson Parish",4,65,165,79,86
050,22,049,"Louisiana","Jackson Parish",4,66,179,92,87
050,22,049,"Louisiana","Jackson Parish",4,67,161,69,92
050,22,049,"Louisiana","Jackson Parish",4,68,177,82,95
050,22,049,"Louisiana","Jackson Parish",4,69,162,74,88
050,22,049,"Louisiana","Jackson Parish",4,70,153,73,80
050,22,049,"Louisiana","Jackson Parish",4,71,176,81,95
050,22,049,"Louisiana","Jackson Parish",4,72,151,69,82
050,22,049,"Louisiana","Jackson Parish",4,73,161,80,81
050,22,049,"Louisiana","Jackson Parish",4,74,152,70,82
050,22,049,"Louisiana","Jackson Parish",4,75,172,84,88
050,22,049,"Louisiana","Jackson Parish",4,76,121,51,70
050,22,049,"Louisiana","Jackson Parish",4,77,117,47,70
050,22,049,"Louisiana","Jackson Parish",4,78,114,49,65
050,22,049,"Louisiana","Jackson Parish",4,79,110,49,61
050,22,049,"Louisiana","Jackson Parish",4,80,100,47,53
050,22,049,"Louisiana","Jackson Parish",4,81,88,42,46
050,22,049,"Louisiana","Jackson Parish",4,82,84,37,47
050,22,049,"Louisiana","Jackson Parish",4,83,78,33,45
050,22,049,"Louisiana","Jackson Parish",4,84,67,36,31
050,22,049,"Louisiana","Jackson Parish",4,85,381,134,247
050,22,049,"Louisiana","Jackson Parish",5,0,120,64,56
050,22,049,"Louisiana","Jackson Parish",5,1,125,71,54
050,22,049,"Louisiana","Jackson Parish",5,2,126,69,57
050,22,049,"Louisiana","Jackson Parish",5,3,145,74,71
050,22,049,"Louisiana","Jackson Parish",5,4,152,86,66
050,22,049,"Louisiana","Jackson Parish",5,5,154,78,76
050,22,049,"Louisiana","Jackson Parish",5,6,165,84,81
050,22,049,"Louisiana","Jackson Parish",5,7,149,84,65
050,22,049,"Louisiana","Jackson Parish",5,8,181,107,74
050,22,049,"Louisiana","Jackson Parish",5,9,161,82,79
050,22,049,"Louisiana","Jackson Parish",5,10,184,88,96
050,22,049,"Louisiana","Jackson Parish",5,11,200,101,99
050,22,049,"Louisiana","Jackson Parish",5,12,203,105,98
050,22,049,"Louisiana","Jackson Parish",5,13,198,102,96
050,22,049,"Louisiana","Jackson Parish",5,14,206,101,105
050,22,049,"Louisiana","Jackson Parish",5,15,212,112,100
050,22,049,"Louisiana","Jackson Parish",5,16,211,113,98
050,22,049,"Louisiana","Jackson Parish",5,17,200,114,86
050,22,049,"Louisiana","Jackson Parish",5,18,171,92,79
050,22,049,"Louisiana","Jackson Parish",5,19,125,72,53
050,22,049,"Louisiana","Jackson Parish",5,20,145,85,60
050,22,049,"Louisiana","Jackson Parish",5,21,190,109,81
050,22,049,"Louisiana","Jackson Parish",5,22,175,107,68
050,22,049,"Louisiana","Jackson Parish",5,23,182,114,68
050,22,049,"Louisiana","Jackson Parish",5,24,158,79,79
050,22,049,"Louisiana","Jackson Parish",5,25,183,110,73
050,22,049,"Louisiana","Jackson Parish",5,26,191,112,79
050,22,049,"Louisiana","Jackson Parish",5,27,166,83,83
050,22,049,"Louisiana","Jackson Parish",5,28,162,91,71
050,22,049,"Louisiana","Jackson Parish",5,29,151,86,65
050,22,049,"Louisiana","Jackson Parish",5,30,152,94,58
050,22,049,"Louisiana","Jackson Parish",5,31,166,88,78
050,22,049,"Louisiana","Jackson Parish",5,32,191,100,91
050,22,049,"Louisiana","Jackson Parish",5,33,178,104,74
050,22,049,"Louisiana","Jackson Parish",5,34,175,101,74
050,22,049,"Louisiana","Jackson Parish",5,35,189,94,95
050,22,049,"Louisiana","Jackson Parish",5,36,190,104,86
050,22,049,"Louisiana","Jackson Parish",5,37,208,102,106
050,22,049,"Louisiana","Jackson Parish",5,38,184,87,97
050,22,049,"Louisiana","Jackson Parish",5,39,185,93,92
050,22,049,"Louisiana","Jackson Parish",5,40,199,100,99
050,22,049,"Louisiana","Jackson Parish",5,41,170,79,91
050,22,049,"Louisiana","Jackson Parish",5,42,187,93,94
050,22,049,"Louisiana","Jackson Parish",5,43,187,99,88
050,22,049,"Louisiana","Jackson Parish",5,44,159,86,73
050,22,049,"Louisiana","Jackson Parish",5,45,176,94,82
050,22,049,"Louisiana","Jackson Parish",5,46,183,102,81
050,22,049,"Louisiana","Jackson Parish",5,47,176,100,76
050,22,049,"Louisiana","Jackson Parish",5,48,181,90,91
050,22,049,"Louisiana","Jackson Parish",5,49,185,92,93
050,22,049,"Louisiana","Jackson Parish",5,50,177,105,72
050,22,049,"Louisiana","Jackson Parish",5,51,172,93,79
050,22,049,"Louisiana","Jackson Parish",5,52,163,81,82
050,22,049,"Louisiana","Jackson Parish",5,53,173,95,78
050,22,049,"Louisiana","Jackson Parish",5,54,189,103,86
050,22,049,"Louisiana","Jackson Parish",5,55,179,88,91
050,22,049,"Louisiana","Jackson Parish",5,56,201,99,102
050,22,049,"Louisiana","Jackson Parish",5,57,192,94,98
050,22,049,"Louisiana","Jackson Parish",5,58,207,103,104
050,22,049,"Louisiana","Jackson Parish",5,59,195,92,103
050,22,049,"Louisiana","Jackson Parish",5,60,226,114,112
050,22,049,"Louisiana","Jackson Parish",5,61,232,115,117
050,22,049,"Louisiana","Jackson Parish",5,62,206,102,104
050,22,049,"Louisiana","Jackson Parish",5,63,209,97,112
050,22,049,"Louisiana","Jackson Parish",5,64,207,94,113
050,22,049,"Louisiana","Jackson Parish",5,65,190,90,100
050,22,049,"Louisiana","Jackson Parish",5,66,171,86,85
050,22,049,"Louisiana","Jackson Parish",5,67,170,84,86
050,22,049,"Louisiana","Jackson Parish",5,68,159,71,88
050,22,049,"Louisiana","Jackson Parish",5,69,164,77,87
050,22,049,"Louisiana","Jackson Parish",5,70,156,72,84
050,22,049,"Louisiana","Jackson Parish",5,71,153,69,84
050,22,049,"Louisiana","Jackson Parish",5,72,169,77,92
050,22,049,"Louisiana","Jackson Parish",5,73,144,67,77
050,22,049,"Louisiana","Jackson Parish",5,74,148,74,74
050,22,049,"Louisiana","Jackson Parish",5,75,154,70,84
050,22,049,"Louisiana","Jackson Parish",5,76,160,76,84
050,22,049,"Louisiana","Jackson Parish",5,77,118,47,71
050,22,049,"Louisiana","Jackson Parish",5,78,113,46,67
050,22,049,"Louisiana","Jackson Parish",5,79,103,42,61
050,22,049,"Louisiana","Jackson Parish",5,80,104,49,55
050,22,049,"Louisiana","Jackson Parish",5,81,92,41,51
050,22,049,"Louisiana","Jackson Parish",5,82,87,39,48
050,22,049,"Louisiana","Jackson Parish",5,83,75,34,41
050,22,049,"Louisiana","Jackson Parish",5,84,76,33,43
050,22,049,"Louisiana","Jackson Parish",5,85,400,151,249
050,22,051,"Louisiana","Jefferson Parish",1,0,5677,2892,2785
050,22,051,"Louisiana","Jefferson Parish",1,1,5650,2909,2741
050,22,051,"Louisiana","Jefferson Parish",1,2,5697,2908,2789
050,22,051,"Louisiana","Jefferson Parish",1,3,5830,2983,2847
050,22,051,"Louisiana","Jefferson Parish",1,4,5947,3034,2913
050,22,051,"Louisiana","Jefferson Parish",1,5,5806,3045,2761
050,22,051,"Louisiana","Jefferson Parish",1,6,5531,2878,2653
050,22,051,"Louisiana","Jefferson Parish",1,7,5276,2655,2621
050,22,051,"Louisiana","Jefferson Parish",1,8,5365,2761,2604
050,22,051,"Louisiana","Jefferson Parish",1,9,5324,2771,2553
050,22,051,"Louisiana","Jefferson Parish",1,10,5441,2793,2648
050,22,051,"Louisiana","Jefferson Parish",1,11,5736,2964,2772
050,22,051,"Louisiana","Jefferson Parish",1,12,5815,2918,2897
050,22,051,"Louisiana","Jefferson Parish",1,13,5632,2842,2790
050,22,051,"Louisiana","Jefferson Parish",1,14,5422,2762,2660
050,22,051,"Louisiana","Jefferson Parish",1,15,5270,2672,2598
050,22,051,"Louisiana","Jefferson Parish",1,16,5254,2687,2567
050,22,051,"Louisiana","Jefferson Parish",1,17,5243,2625,2618
050,22,051,"Louisiana","Jefferson Parish",1,18,4611,2416,2195
050,22,051,"Louisiana","Jefferson Parish",1,19,4013,2114,1899
050,22,051,"Louisiana","Jefferson Parish",1,20,4229,2214,2015
050,22,051,"Louisiana","Jefferson Parish",1,21,4504,2246,2258
050,22,051,"Louisiana","Jefferson Parish",1,22,4740,2306,2434
050,22,051,"Louisiana","Jefferson Parish",1,23,5017,2426,2591
050,22,051,"Louisiana","Jefferson Parish",1,24,5253,2564,2689
050,22,051,"Louisiana","Jefferson Parish",1,25,5535,2784,2751
050,22,051,"Louisiana","Jefferson Parish",1,26,5833,2857,2976
050,22,051,"Louisiana","Jefferson Parish",1,27,6018,2909,3109
050,22,051,"Louisiana","Jefferson Parish",1,28,6185,2937,3248
050,22,051,"Louisiana","Jefferson Parish",1,29,6405,3057,3348
050,22,051,"Louisiana","Jefferson Parish",1,30,6366,2983,3383
050,22,051,"Louisiana","Jefferson Parish",1,31,6396,3096,3300
050,22,051,"Louisiana","Jefferson Parish",1,32,6255,3095,3160
050,22,051,"Louisiana","Jefferson Parish",1,33,6203,3059,3144
050,22,051,"Louisiana","Jefferson Parish",1,34,6223,3090,3133
050,22,051,"Louisiana","Jefferson Parish",1,35,6376,3209,3167
050,22,051,"Louisiana","Jefferson Parish",1,36,6152,3049,3103
050,22,051,"Louisiana","Jefferson Parish",1,37,6098,2977,3121
050,22,051,"Louisiana","Jefferson Parish",1,38,6035,2974,3061
050,22,051,"Louisiana","Jefferson Parish",1,39,5827,2932,2895
050,22,051,"Louisiana","Jefferson Parish",1,40,5641,2836,2805
050,22,051,"Louisiana","Jefferson Parish",1,41,5582,2829,2753
050,22,051,"Louisiana","Jefferson Parish",1,42,5328,2624,2704
050,22,051,"Louisiana","Jefferson Parish",1,43,5199,2607,2592
050,22,051,"Louisiana","Jefferson Parish",1,44,4960,2450,2510
050,22,051,"Louisiana","Jefferson Parish",1,45,4943,2373,2570
050,22,051,"Louisiana","Jefferson Parish",1,46,4911,2415,2496
050,22,051,"Louisiana","Jefferson Parish",1,47,5019,2469,2550
050,22,051,"Louisiana","Jefferson Parish",1,48,5293,2647,2646
050,22,051,"Louisiana","Jefferson Parish",1,49,5587,2754,2833
050,22,051,"Louisiana","Jefferson Parish",1,50,5311,2627,2684
050,22,051,"Louisiana","Jefferson Parish",1,51,5144,2552,2592
050,22,051,"Louisiana","Jefferson Parish",1,52,5272,2590,2682
050,22,051,"Louisiana","Jefferson Parish",1,53,5484,2713,2771
050,22,051,"Louisiana","Jefferson Parish",1,54,5764,2776,2988
050,22,051,"Louisiana","Jefferson Parish",1,55,6122,2933,3189
050,22,051,"Louisiana","Jefferson Parish",1,56,6235,3051,3184
050,22,051,"Louisiana","Jefferson Parish",1,57,6051,2940,3111
050,22,051,"Louisiana","Jefferson Parish",1,58,6248,3036,3212
050,22,051,"Louisiana","Jefferson Parish",1,59,6131,2952,3179
050,22,051,"Louisiana","Jefferson Parish",1,60,6238,2965,3273
050,22,051,"Louisiana","Jefferson Parish",1,61,6098,2925,3173
050,22,051,"Louisiana","Jefferson Parish",1,62,6048,2891,3157
050,22,051,"Louisiana","Jefferson Parish",1,63,5914,2867,3047
050,22,051,"Louisiana","Jefferson Parish",1,64,5847,2805,3042
050,22,051,"Louisiana","Jefferson Parish",1,65,5631,2711,2920
050,22,051,"Louisiana","Jefferson Parish",1,66,5341,2548,2793
050,22,051,"Louisiana","Jefferson Parish",1,67,5122,2443,2679
050,22,051,"Louisiana","Jefferson Parish",1,68,5056,2383,2673
050,22,051,"Louisiana","Jefferson Parish",1,69,4670,2146,2524
050,22,051,"Louisiana","Jefferson Parish",1,70,4468,2042,2426
050,22,051,"Louisiana","Jefferson Parish",1,71,4338,2006,2332
050,22,051,"Louisiana","Jefferson Parish",1,72,4300,1963,2337
050,22,051,"Louisiana","Jefferson Parish",1,73,4265,1967,2298
050,22,051,"Louisiana","Jefferson Parish",1,74,3070,1383,1687
050,22,051,"Louisiana","Jefferson Parish",1,75,3030,1381,1649
050,22,051,"Louisiana","Jefferson Parish",1,76,2955,1309,1646
050,22,051,"Louisiana","Jefferson Parish",1,77,2800,1198,1602
050,22,051,"Louisiana","Jefferson Parish",1,78,2429,1043,1386
050,22,051,"Louisiana","Jefferson Parish",1,79,2187,939,1248
050,22,051,"Louisiana","Jefferson Parish",1,80,1952,803,1149
050,22,051,"Louisiana","Jefferson Parish",1,81,1843,801,1042
050,22,051,"Louisiana","Jefferson Parish",1,82,1665,693,972
050,22,051,"Louisiana","Jefferson Parish",1,83,1475,601,874
050,22,051,"Louisiana","Jefferson Parish",1,84,1374,555,819
050,22,051,"Louisiana","Jefferson Parish",1,85,8252,2801,5451
050,22,051,"Louisiana","Jefferson Parish",2,0,5515,2801,2714
050,22,051,"Louisiana","Jefferson Parish",2,1,5632,2895,2737
050,22,051,"Louisiana","Jefferson Parish",2,2,5675,2904,2771
050,22,051,"Louisiana","Jefferson Parish",2,3,5762,2944,2818
050,22,051,"Louisiana","Jefferson Parish",2,4,5903,3013,2890
050,22,051,"Louisiana","Jefferson Parish",2,5,5822,3029,2793
050,22,051,"Louisiana","Jefferson Parish",2,6,5581,2909,2672
050,22,051,"Louisiana","Jefferson Parish",2,7,5314,2695,2619
050,22,051,"Louisiana","Jefferson Parish",2,8,5321,2728,2593
050,22,051,"Louisiana","Jefferson Parish",2,9,5308,2763,2545
050,22,051,"Louisiana","Jefferson Parish",2,10,5395,2784,2611
050,22,051,"Louisiana","Jefferson Parish",2,11,5617,2899,2718
050,22,051,"Louisiana","Jefferson Parish",2,12,5797,2926,2871
050,22,051,"Louisiana","Jefferson Parish",2,13,5670,2855,2815
050,22,051,"Louisiana","Jefferson Parish",2,14,5465,2777,2688
050,22,051,"Louisiana","Jefferson Parish",2,15,5307,2694,2613
050,22,051,"Louisiana","Jefferson Parish",2,16,5261,2686,2575
050,22,051,"Louisiana","Jefferson Parish",2,17,5237,2642,2595
050,22,051,"Louisiana","Jefferson Parish",2,18,4601,2391,2210
050,22,051,"Louisiana","Jefferson Parish",2,19,4032,2114,1918
050,22,051,"Louisiana","Jefferson Parish",2,20,4278,2226,2052
050,22,051,"Louisiana","Jefferson Parish",2,21,4490,2248,2242
050,22,051,"Louisiana","Jefferson Parish",2,22,4748,2310,2438
050,22,051,"Louisiana","Jefferson Parish",2,23,5016,2427,2589
050,22,051,"Louisiana","Jefferson Parish",2,24,5201,2536,2665
050,22,051,"Louisiana","Jefferson Parish",2,25,5463,2727,2736
050,22,051,"Louisiana","Jefferson Parish",2,26,5773,2845,2928
050,22,051,"Louisiana","Jefferson Parish",2,27,5945,2883,3062
050,22,051,"Louisiana","Jefferson Parish",2,28,6132,2938,3194
050,22,051,"Louisiana","Jefferson Parish",2,29,6315,3010,3305
050,22,051,"Louisiana","Jefferson Parish",2,30,6372,3004,3368
050,22,051,"Louisiana","Jefferson Parish",2,31,6346,3054,3292
050,22,051,"Louisiana","Jefferson Parish",2,32,6236,3064,3172
050,22,051,"Louisiana","Jefferson Parish",2,33,6188,3052,3136
050,22,051,"Louisiana","Jefferson Parish",2,34,6199,3065,3134
050,22,051,"Louisiana","Jefferson Parish",2,35,6336,3176,3160
050,22,051,"Louisiana","Jefferson Parish",2,36,6147,3060,3087
050,22,051,"Louisiana","Jefferson Parish",2,37,6095,2988,3107
050,22,051,"Louisiana","Jefferson Parish",2,38,6043,2967,3076
050,22,051,"Louisiana","Jefferson Parish",2,39,5843,2927,2916
050,22,051,"Louisiana","Jefferson Parish",2,40,5709,2872,2837
050,22,051,"Louisiana","Jefferson Parish",2,41,5569,2809,2760
050,22,051,"Louisiana","Jefferson Parish",2,42,5343,2649,2694
050,22,051,"Louisiana","Jefferson Parish",2,43,5239,2613,2626
050,22,051,"Louisiana","Jefferson Parish",2,44,4978,2465,2513
050,22,051,"Louisiana","Jefferson Parish",2,45,4944,2391,2553
050,22,051,"Louisiana","Jefferson Parish",2,46,4890,2388,2502
050,22,051,"Louisiana","Jefferson Parish",2,47,4980,2447,2533
050,22,051,"Louisiana","Jefferson Parish",2,48,5231,2605,2626
050,22,051,"Louisiana","Jefferson Parish",2,49,5520,2730,2790
050,22,051,"Louisiana","Jefferson Parish",2,50,5374,2656,2718
050,22,051,"Louisiana","Jefferson Parish",2,51,5147,2551,2596
050,22,051,"Louisiana","Jefferson Parish",2,52,5232,2579,2653
050,22,051,"Louisiana","Jefferson Parish",2,53,5407,2670,2737
050,22,051,"Louisiana","Jefferson Parish",2,54,5684,2751,2933
050,22,051,"Louisiana","Jefferson Parish",2,55,6016,2883,3133
050,22,051,"Louisiana","Jefferson Parish",2,56,6206,3021,3185
050,22,051,"Louisiana","Jefferson Parish",2,57,6082,2962,3120
050,22,051,"Louisiana","Jefferson Parish",2,58,6182,3004,3178
050,22,051,"Louisiana","Jefferson Parish",2,59,6154,2966,3188
050,22,051,"Louisiana","Jefferson Parish",2,60,6176,2948,3228
050,22,051,"Louisiana","Jefferson Parish",2,61,6103,2918,3185
050,22,051,"Louisiana","Jefferson Parish",2,62,6012,2877,3135
050,22,051,"Louisiana","Jefferson Parish",2,63,5963,2873,3090
050,22,051,"Louisiana","Jefferson Parish",2,64,5814,2796,3018
050,22,051,"Louisiana","Jefferson Parish",2,65,5643,2716,2927
050,22,051,"Louisiana","Jefferson Parish",2,66,5387,2571,2816
050,22,051,"Louisiana","Jefferson Parish",2,67,5128,2435,2693
050,22,051,"Louisiana","Jefferson Parish",2,68,5012,2366,2646
050,22,051,"Louisiana","Jefferson Parish",2,69,4759,2194,2565
050,22,051,"Louisiana","Jefferson Parish",2,70,4466,2033,2433
050,22,051,"Louisiana","Jefferson Parish",2,71,4347,1995,2352
050,22,051,"Louisiana","Jefferson Parish",2,72,4214,1926,2288
050,22,051,"Louisiana","Jefferson Parish",2,73,4414,2031,2383
050,22,051,"Louisiana","Jefferson Parish",2,74,3156,1424,1732
050,22,051,"Louisiana","Jefferson Parish",2,75,3009,1362,1647
050,22,051,"Louisiana","Jefferson Parish",2,76,2902,1288,1614
050,22,051,"Louisiana","Jefferson Parish",2,77,2852,1225,1627
050,22,051,"Louisiana","Jefferson Parish",2,78,2452,1052,1400
050,22,051,"Louisiana","Jefferson Parish",2,79,2181,930,1251
050,22,051,"Louisiana","Jefferson Parish",2,80,1972,823,1149
050,22,051,"Louisiana","Jefferson Parish",2,81,1824,781,1043
050,22,051,"Louisiana","Jefferson Parish",2,82,1676,702,974
050,22,051,"Louisiana","Jefferson Parish",2,83,1474,604,870
050,22,051,"Louisiana","Jefferson Parish",2,84,1370,559,811
050,22,051,"Louisiana","Jefferson Parish",2,85,8151,2769,5382
050,22,051,"Louisiana","Jefferson Parish",3,0,5241,2669,2572
050,22,051,"Louisiana","Jefferson Parish",3,1,5346,2662,2684
050,22,051,"Louisiana","Jefferson Parish",3,2,5424,2760,2664
050,22,051,"Louisiana","Jefferson Parish",3,3,5593,2884,2709
050,22,051,"Louisiana","Jefferson Parish",3,4,5612,2882,2730
050,22,051,"Louisiana","Jefferson Parish",3,5,5668,2903,2765
050,22,051,"Louisiana","Jefferson Parish",3,6,5657,2906,2751
050,22,051,"Louisiana","Jefferson Parish",3,7,5505,2871,2634
050,22,051,"Louisiana","Jefferson Parish",3,8,5189,2650,2539
050,22,051,"Louisiana","Jefferson Parish",3,9,5238,2692,2546
050,22,051,"Louisiana","Jefferson Parish",3,10,5174,2678,2496
050,22,051,"Louisiana","Jefferson Parish",3,11,5315,2755,2560
050,22,051,"Louisiana","Jefferson Parish",3,12,5522,2838,2684
050,22,051,"Louisiana","Jefferson Parish",3,13,5682,2865,2817
050,22,051,"Louisiana","Jefferson Parish",3,14,5558,2796,2762
050,22,051,"Louisiana","Jefferson Parish",3,15,5335,2725,2610
050,22,051,"Louisiana","Jefferson Parish",3,16,5247,2683,2564
050,22,051,"Louisiana","Jefferson Parish",3,17,5211,2663,2548
050,22,051,"Louisiana","Jefferson Parish",3,18,4534,2361,2173
050,22,051,"Louisiana","Jefferson Parish",3,19,3968,2037,1931
050,22,051,"Louisiana","Jefferson Parish",3,20,4347,2235,2112
050,22,051,"Louisiana","Jefferson Parish",3,21,4469,2282,2187
050,22,051,"Louisiana","Jefferson Parish",3,22,4730,2322,2408
050,22,051,"Louisiana","Jefferson Parish",3,23,4824,2323,2501
050,22,051,"Louisiana","Jefferson Parish",3,24,5100,2455,2645
050,22,051,"Louisiana","Jefferson Parish",3,25,5218,2518,2700
050,22,051,"Louisiana","Jefferson Parish",3,26,5419,2714,2705
050,22,051,"Louisiana","Jefferson Parish",3,27,5704,2788,2916
050,22,051,"Louisiana","Jefferson Parish",3,28,5863,2876,2987
050,22,051,"Louisiana","Jefferson Parish",3,29,6027,2884,3143
050,22,051,"Louisiana","Jefferson Parish",3,30,6219,2978,3241
050,22,051,"Louisiana","Jefferson Parish",3,31,6210,2918,3292
050,22,051,"Louisiana","Jefferson Parish",3,32,6156,2955,3201
050,22,051,"Louisiana","Jefferson Parish",3,33,6054,2966,3088
050,22,051,"Louisiana","Jefferson Parish",3,34,6039,2954,3085
050,22,051,"Louisiana","Jefferson Parish",3,35,6009,2970,3039
050,22,051,"Louisiana","Jefferson Parish",3,36,6159,3088,3071
050,22,051,"Louisiana","Jefferson Parish",3,37,5980,3002,2978
050,22,051,"Louisiana","Jefferson Parish",3,38,5943,2914,3029
050,22,051,"Louisiana","Jefferson Parish",3,39,5873,2858,3015
050,22,051,"Louisiana","Jefferson Parish",3,40,5712,2863,2849
050,22,051,"Louisiana","Jefferson Parish",3,41,5577,2787,2790
050,22,051,"Louisiana","Jefferson Parish",3,42,5460,2745,2715
050,22,051,"Louisiana","Jefferson Parish",3,43,5197,2579,2618
050,22,051,"Louisiana","Jefferson Parish",3,44,5170,2580,2590
050,22,051,"Louisiana","Jefferson Parish",3,45,4863,2401,2462
050,22,051,"Louisiana","Jefferson Parish",3,46,4839,2326,2513
050,22,051,"Louisiana","Jefferson Parish",3,47,4814,2343,2471
050,22,051,"Louisiana","Jefferson Parish",3,48,4853,2380,2473
050,22,051,"Louisiana","Jefferson Parish",3,49,5134,2517,2617
050,22,051,"Louisiana","Jefferson Parish",3,50,5420,2675,2745
050,22,051,"Louisiana","Jefferson Parish",3,51,5324,2615,2709
050,22,051,"Louisiana","Jefferson Parish",3,52,5122,2547,2575
050,22,051,"Louisiana","Jefferson Parish",3,53,5145,2508,2637
050,22,051,"Louisiana","Jefferson Parish",3,54,5363,2634,2729
050,22,051,"Louisiana","Jefferson Parish",3,55,5580,2688,2892
050,22,051,"Louisiana","Jefferson Parish",3,56,5889,2817,3072
050,22,051,"Louisiana","Jefferson Parish",3,57,6144,2994,3150
050,22,051,"Louisiana","Jefferson Parish",3,58,5967,2878,3089
050,22,051,"Louisiana","Jefferson Parish",3,59,6076,2932,3144
050,22,051,"Louisiana","Jefferson Parish",3,60,6012,2888,3124
050,22,051,"Louisiana","Jefferson Parish",3,61,5997,2834,3163
050,22,051,"Louisiana","Jefferson Parish",3,62,5968,2839,3129
050,22,051,"Louisiana","Jefferson Parish",3,63,5888,2808,3080
050,22,051,"Louisiana","Jefferson Parish",3,64,5812,2807,3005
050,22,051,"Louisiana","Jefferson Parish",3,65,5697,2742,2955
050,22,051,"Louisiana","Jefferson Parish",3,66,5529,2648,2881
050,22,051,"Louisiana","Jefferson Parish",3,67,5251,2489,2762
050,22,051,"Louisiana","Jefferson Parish",3,68,5004,2366,2638
050,22,051,"Louisiana","Jefferson Parish",3,69,4873,2285,2588
050,22,051,"Louisiana","Jefferson Parish",3,70,4628,2125,2503
050,22,051,"Louisiana","Jefferson Parish",3,71,4338,1950,2388
050,22,051,"Louisiana","Jefferson Parish",3,72,4255,1940,2315
050,22,051,"Louisiana","Jefferson Parish",3,73,4078,1866,2212
050,22,051,"Louisiana","Jefferson Parish",3,74,4274,1957,2317
050,22,051,"Louisiana","Jefferson Parish",3,75,3062,1370,1692
050,22,051,"Louisiana","Jefferson Parish",3,76,2908,1301,1607
050,22,051,"Louisiana","Jefferson Parish",3,77,2805,1228,1577
050,22,051,"Louisiana","Jefferson Parish",3,78,2741,1176,1565
050,22,051,"Louisiana","Jefferson Parish",3,79,2310,977,1333
050,22,051,"Louisiana","Jefferson Parish",3,80,2058,882,1176
050,22,051,"Louisiana","Jefferson Parish",3,81,1865,763,1102
050,22,051,"Louisiana","Jefferson Parish",3,82,1706,727,979
050,22,051,"Louisiana","Jefferson Parish",3,83,1565,646,919
050,22,051,"Louisiana","Jefferson Parish",3,84,1340,536,804
050,22,051,"Louisiana","Jefferson Parish",3,85,8159,2812,5347
050,22,051,"Louisiana","Jefferson Parish",4,0,5230,2705,2525
050,22,051,"Louisiana","Jefferson Parish",4,1,5068,2634,2434
050,22,051,"Louisiana","Jefferson Parish",4,2,5158,2562,2596
050,22,051,"Louisiana","Jefferson Parish",4,3,5298,2714,2584
050,22,051,"Louisiana","Jefferson Parish",4,4,5433,2839,2594
050,22,051,"Louisiana","Jefferson Parish",4,5,5352,2751,2601
050,22,051,"Louisiana","Jefferson Parish",4,6,5447,2811,2636
050,22,051,"Louisiana","Jefferson Parish",4,7,5469,2816,2653
050,22,051,"Louisiana","Jefferson Parish",4,8,5359,2776,2583
050,22,051,"Louisiana","Jefferson Parish",4,9,5093,2616,2477
050,22,051,"Louisiana","Jefferson Parish",4,10,5030,2587,2443
050,22,051,"Louisiana","Jefferson Parish",4,11,5017,2583,2434
050,22,051,"Louisiana","Jefferson Parish",4,12,5192,2641,2551
050,22,051,"Louisiana","Jefferson Parish",4,13,5416,2797,2619
050,22,051,"Louisiana","Jefferson Parish",4,14,5573,2812,2761
050,22,051,"Louisiana","Jefferson Parish",4,15,5461,2734,2727
050,22,051,"Louisiana","Jefferson Parish",4,16,5268,2699,2569
050,22,051,"Louisiana","Jefferson Parish",4,17,5213,2655,2558
050,22,051,"Louisiana","Jefferson Parish",4,18,4474,2337,2137
050,22,051,"Louisiana","Jefferson Parish",4,19,3744,1923,1821
050,22,051,"Louisiana","Jefferson Parish",4,20,4123,2061,2062
050,22,051,"Louisiana","Jefferson Parish",4,21,4440,2242,2198
050,22,051,"Louisiana","Jefferson Parish",4,22,4636,2269,2367
050,22,051,"Louisiana","Jefferson Parish",4,23,4909,2417,2492
050,22,051,"Louisiana","Jefferson Parish",4,24,4925,2386,2539
050,22,051,"Louisiana","Jefferson Parish",4,25,5120,2484,2636
050,22,051,"Louisiana","Jefferson Parish",4,26,5143,2480,2663
050,22,051,"Louisiana","Jefferson Parish",4,27,5261,2616,2645
050,22,051,"Louisiana","Jefferson Parish",4,28,5574,2739,2835
050,22,051,"Louisiana","Jefferson Parish",4,29,5703,2753,2950
050,22,051,"Louisiana","Jefferson Parish",4,30,5811,2798,3013
050,22,051,"Louisiana","Jefferson Parish",4,31,5916,2840,3076
050,22,051,"Louisiana","Jefferson Parish",4,32,5946,2823,3123
050,22,051,"Louisiana","Jefferson Parish",4,33,5922,2824,3098
050,22,051,"Louisiana","Jefferson Parish",4,34,5844,2858,2986
050,22,051,"Louisiana","Jefferson Parish",4,35,5834,2864,2970
050,22,051,"Louisiana","Jefferson Parish",4,36,5835,2875,2960
050,22,051,"Louisiana","Jefferson Parish",4,37,5979,3004,2975
050,22,051,"Louisiana","Jefferson Parish",4,38,5752,2861,2891
050,22,051,"Louisiana","Jefferson Parish",4,39,5696,2770,2926
050,22,051,"Louisiana","Jefferson Parish",4,40,5748,2766,2982
050,22,051,"Louisiana","Jefferson Parish",4,41,5598,2793,2805
050,22,051,"Louisiana","Jefferson Parish",4,42,5455,2712,2743
050,22,051,"Louisiana","Jefferson Parish",4,43,5302,2688,2614
050,22,051,"Louisiana","Jefferson Parish",4,44,5101,2542,2559
050,22,051,"Louisiana","Jefferson Parish",4,45,4968,2459,2509
050,22,051,"Louisiana","Jefferson Parish",4,46,4777,2347,2430
050,22,051,"Louisiana","Jefferson Parish",4,47,4717,2263,2454
050,22,051,"Louisiana","Jefferson Parish",4,48,4668,2266,2402
050,22,051,"Louisiana","Jefferson Parish",4,49,4745,2322,2423
050,22,051,"Louisiana","Jefferson Parish",4,50,5024,2458,2566
050,22,051,"Louisiana","Jefferson Parish",4,51,5334,2638,2696
050,22,051,"Louisiana","Jefferson Parish",4,52,5229,2549,2680
050,22,051,"Louisiana","Jefferson Parish",4,53,5003,2456,2547
050,22,051,"Louisiana","Jefferson Parish",4,54,5029,2453,2576
050,22,051,"Louisiana","Jefferson Parish",4,55,5215,2529,2686
050,22,051,"Louisiana","Jefferson Parish",4,56,5440,2608,2832
050,22,051,"Louisiana","Jefferson Parish",4,57,5793,2766,3027
050,22,051,"Louisiana","Jefferson Parish",4,58,6031,2944,3087
050,22,051,"Louisiana","Jefferson Parish",4,59,5846,2800,3046
050,22,051,"Louisiana","Jefferson Parish",4,60,5939,2881,3058
050,22,051,"Louisiana","Jefferson Parish",4,61,5862,2817,3045
050,22,051,"Louisiana","Jefferson Parish",4,62,5865,2791,3074
050,22,051,"Louisiana","Jefferson Parish",4,63,5825,2749,3076
050,22,051,"Louisiana","Jefferson Parish",4,64,5722,2717,3005
050,22,051,"Louisiana","Jefferson Parish",4,65,5681,2742,2939
050,22,051,"Louisiana","Jefferson Parish",4,66,5518,2627,2891
050,22,051,"Louisiana","Jefferson Parish",4,67,5368,2556,2812
050,22,051,"Louisiana","Jefferson Parish",4,68,5141,2422,2719
050,22,051,"Louisiana","Jefferson Parish",4,69,4880,2275,2605
050,22,051,"Louisiana","Jefferson Parish",4,70,4752,2227,2525
050,22,051,"Louisiana","Jefferson Parish",4,71,4520,2071,2449
050,22,051,"Louisiana","Jefferson Parish",4,72,4238,1892,2346
050,22,051,"Louisiana","Jefferson Parish",4,73,4115,1875,2240
050,22,051,"Louisiana","Jefferson Parish",4,74,3937,1789,2148
050,22,051,"Louisiana","Jefferson Parish",4,75,4119,1867,2252
050,22,051,"Louisiana","Jefferson Parish",4,76,2919,1307,1612
050,22,051,"Louisiana","Jefferson Parish",4,77,2788,1237,1551
050,22,051,"Louisiana","Jefferson Parish",4,78,2675,1171,1504
050,22,051,"Louisiana","Jefferson Parish",4,79,2594,1094,1500
050,22,051,"Louisiana","Jefferson Parish",4,80,2161,904,1257
050,22,051,"Louisiana","Jefferson Parish",4,81,1941,812,1129
050,22,051,"Louisiana","Jefferson Parish",4,82,1709,697,1012
050,22,051,"Louisiana","Jefferson Parish",4,83,1583,669,914
050,22,051,"Louisiana","Jefferson Parish",4,84,1433,577,856
050,22,051,"Louisiana","Jefferson Parish",4,85,8058,2839,5219
050,22,051,"Louisiana","Jefferson Parish",5,0,5236,2714,2522
050,22,051,"Louisiana","Jefferson Parish",5,1,5078,2611,2467
050,22,051,"Louisiana","Jefferson Parish",5,2,4930,2510,2420
050,22,051,"Louisiana","Jefferson Parish",5,3,5126,2598,2528
050,22,051,"Louisiana","Jefferson Parish",5,4,5251,2752,2499
050,22,051,"Louisiana","Jefferson Parish",5,5,5301,2771,2530
050,22,051,"Louisiana","Jefferson Parish",5,6,5175,2694,2481
050,22,051,"Louisiana","Jefferson Parish",5,7,5313,2736,2577
050,22,051,"Louisiana","Jefferson Parish",5,8,5385,2811,2574
050,22,051,"Louisiana","Jefferson Parish",5,9,5267,2753,2514
050,22,051,"Louisiana","Jefferson Parish",5,10,4977,2530,2447
050,22,051,"Louisiana","Jefferson Parish",5,11,4894,2537,2357
050,22,051,"Louisiana","Jefferson Parish",5,12,4894,2563,2331
050,22,051,"Louisiana","Jefferson Parish",5,13,5055,2575,2480
050,22,051,"Louisiana","Jefferson Parish",5,14,5334,2773,2561
050,22,051,"Louisiana","Jefferson Parish",5,15,5503,2763,2740
050,22,051,"Louisiana","Jefferson Parish",5,16,5374,2683,2691
050,22,051,"Louisiana","Jefferson Parish",5,17,5227,2713,2514
050,22,051,"Louisiana","Jefferson Parish",5,18,4483,2334,2149
050,22,051,"Louisiana","Jefferson Parish",5,19,3789,1970,1819
050,22,051,"Louisiana","Jefferson Parish",5,20,4026,2025,2001
050,22,051,"Louisiana","Jefferson Parish",5,21,4356,2141,2215
050,22,051,"Louisiana","Jefferson Parish",5,22,4687,2264,2423
050,22,051,"Louisiana","Jefferson Parish",5,23,4886,2385,2501
050,22,051,"Louisiana","Jefferson Parish",5,24,4999,2472,2527
050,22,051,"Louisiana","Jefferson Parish",5,25,5061,2464,2597
050,22,051,"Louisiana","Jefferson Parish",5,26,5078,2449,2629
050,22,051,"Louisiana","Jefferson Parish",5,27,5110,2447,2663
050,22,051,"Louisiana","Jefferson Parish",5,28,5255,2624,2631
050,22,051,"Louisiana","Jefferson Parish",5,29,5524,2654,2870
050,22,051,"Louisiana","Jefferson Parish",5,30,5602,2731,2871
050,22,051,"Louisiana","Jefferson Parish",5,31,5660,2748,2912
050,22,051,"Louisiana","Jefferson Parish",5,32,5773,2777,2996
050,22,051,"Louisiana","Jefferson Parish",5,33,5808,2758,3050
050,22,051,"Louisiana","Jefferson Parish",5,34,5783,2771,3012
050,22,051,"Louisiana","Jefferson Parish",5,35,5698,2807,2891
050,22,051,"Louisiana","Jefferson Parish",5,36,5665,2805,2860
050,22,051,"Louisiana","Jefferson Parish",5,37,5668,2812,2856
050,22,051,"Louisiana","Jefferson Parish",5,38,5816,2933,2883
050,22,051,"Louisiana","Jefferson Parish",5,39,5566,2748,2818
050,22,051,"Louisiana","Jefferson Parish",5,40,5604,2734,2870
050,22,051,"Louisiana","Jefferson Parish",5,41,5687,2731,2956
050,22,051,"Louisiana","Jefferson Parish",5,42,5470,2746,2724
050,22,051,"Louisiana","Jefferson Parish",5,43,5310,2646,2664
050,22,051,"Louisiana","Jefferson Parish",5,44,5264,2633,2631
050,22,051,"Louisiana","Jefferson Parish",5,45,5019,2476,2543
050,22,051,"Louisiana","Jefferson Parish",5,46,4878,2395,2483
050,22,051,"Louisiana","Jefferson Parish",5,47,4705,2297,2408
050,22,051,"Louisiana","Jefferson Parish",5,48,4597,2194,2403
050,22,051,"Louisiana","Jefferson Parish",5,49,4587,2216,2371
050,22,051,"Louisiana","Jefferson Parish",5,50,4657,2268,2389
050,22,051,"Louisiana","Jefferson Parish",5,51,4975,2439,2536
050,22,051,"Louisiana","Jefferson Parish",5,52,5258,2590,2668
050,22,051,"Louisiana","Jefferson Parish",5,53,5145,2493,2652
050,22,051,"Louisiana","Jefferson Parish",5,54,4975,2441,2534
050,22,051,"Louisiana","Jefferson Parish",5,55,4956,2408,2548
050,22,051,"Louisiana","Jefferson Parish",5,56,5128,2486,2642
050,22,051,"Louisiana","Jefferson Parish",5,57,5367,2593,2774
050,22,051,"Louisiana","Jefferson Parish",5,58,5668,2687,2981
050,22,051,"Louisiana","Jefferson Parish",5,59,5886,2863,3023
050,22,051,"Louisiana","Jefferson Parish",5,60,5749,2742,3007
050,22,051,"Louisiana","Jefferson Parish",5,61,5823,2824,2999
050,22,051,"Louisiana","Jefferson Parish",5,62,5763,2750,3013
050,22,051,"Louisiana","Jefferson Parish",5,63,5711,2717,2994
050,22,051,"Louisiana","Jefferson Parish",5,64,5698,2677,3021
050,22,051,"Louisiana","Jefferson Parish",5,65,5612,2642,2970
050,22,051,"Louisiana","Jefferson Parish",5,66,5591,2684,2907
050,22,051,"Louisiana","Jefferson Parish",5,67,5405,2554,2851
050,22,051,"Louisiana","Jefferson Parish",5,68,5261,2491,2770
050,22,051,"Louisiana","Jefferson Parish",5,69,5035,2356,2679
050,22,051,"Louisiana","Jefferson Parish",5,70,4733,2221,2512
050,22,051,"Louisiana","Jefferson Parish",5,71,4605,2142,2463
050,22,051,"Louisiana","Jefferson Parish",5,72,4413,2015,2398
050,22,051,"Louisiana","Jefferson Parish",5,73,4123,1823,2300
050,22,051,"Louisiana","Jefferson Parish",5,74,4003,1809,2194
050,22,051,"Louisiana","Jefferson Parish",5,75,3840,1735,2105
050,22,051,"Louisiana","Jefferson Parish",5,76,4007,1811,2196
050,22,051,"Louisiana","Jefferson Parish",5,77,2824,1260,1564
050,22,051,"Louisiana","Jefferson Parish",5,78,2699,1199,1500
050,22,051,"Louisiana","Jefferson Parish",5,79,2560,1109,1451
050,22,051,"Louisiana","Jefferson Parish",5,80,2457,1026,1431
050,22,051,"Louisiana","Jefferson Parish",5,81,2051,853,1198
050,22,051,"Louisiana","Jefferson Parish",5,82,1818,762,1056
050,22,051,"Louisiana","Jefferson Parish",5,83,1595,643,952
050,22,051,"Louisiana","Jefferson Parish",5,84,1468,615,853
050,22,051,"Louisiana","Jefferson Parish",5,85,8184,2929,5255
050,22,053,"Louisiana","Jefferson Davis Parish",1,0,402,206,196
050,22,053,"Louisiana","Jefferson Davis Parish",1,1,412,208,204
050,22,053,"Louisiana","Jefferson Davis Parish",1,2,431,229,202
050,22,053,"Louisiana","Jefferson Davis Parish",1,3,434,227,207
050,22,053,"Louisiana","Jefferson Davis Parish",1,4,458,246,212
050,22,053,"Louisiana","Jefferson Davis Parish",1,5,457,235,222
050,22,053,"Louisiana","Jefferson Davis Parish",1,6,459,244,215
050,22,053,"Louisiana","Jefferson Davis Parish",1,7,454,240,214
050,22,053,"Louisiana","Jefferson Davis Parish",1,8,460,235,225
050,22,053,"Louisiana","Jefferson Davis Parish",1,9,413,229,184
050,22,053,"Louisiana","Jefferson Davis Parish",1,10,480,253,227
050,22,053,"Louisiana","Jefferson Davis Parish",1,11,486,247,239
050,22,053,"Louisiana","Jefferson Davis Parish",1,12,536,270,266
050,22,053,"Louisiana","Jefferson Davis Parish",1,13,537,282,255
050,22,053,"Louisiana","Jefferson Davis Parish",1,14,467,224,243
050,22,053,"Louisiana","Jefferson Davis Parish",1,15,442,218,224
050,22,053,"Louisiana","Jefferson Davis Parish",1,16,457,223,234
050,22,053,"Louisiana","Jefferson Davis Parish",1,17,481,249,232
050,22,053,"Louisiana","Jefferson Davis Parish",1,18,395,226,169
050,22,053,"Louisiana","Jefferson Davis Parish",1,19,335,179,156
050,22,053,"Louisiana","Jefferson Davis Parish",1,20,350,188,162
050,22,053,"Louisiana","Jefferson Davis Parish",1,21,339,185,154
050,22,053,"Louisiana","Jefferson Davis Parish",1,22,359,186,173
050,22,053,"Louisiana","Jefferson Davis Parish",1,23,383,198,185
050,22,053,"Louisiana","Jefferson Davis Parish",1,24,388,198,190
050,22,053,"Louisiana","Jefferson Davis Parish",1,25,405,191,214
050,22,053,"Louisiana","Jefferson Davis Parish",1,26,404,207,197
050,22,053,"Louisiana","Jefferson Davis Parish",1,27,444,231,213
050,22,053,"Louisiana","Jefferson Davis Parish",1,28,439,224,215
050,22,053,"Louisiana","Jefferson Davis Parish",1,29,417,225,192
050,22,053,"Louisiana","Jefferson Davis Parish",1,30,403,200,203
050,22,053,"Louisiana","Jefferson Davis Parish",1,31,415,192,223
050,22,053,"Louisiana","Jefferson Davis Parish",1,32,416,214,202
050,22,053,"Louisiana","Jefferson Davis Parish",1,33,381,179,202
050,22,053,"Louisiana","Jefferson Davis Parish",1,34,403,198,205
050,22,053,"Louisiana","Jefferson Davis Parish",1,35,382,181,201
050,22,053,"Louisiana","Jefferson Davis Parish",1,36,400,183,217
050,22,053,"Louisiana","Jefferson Davis Parish",1,37,422,209,213
050,22,053,"Louisiana","Jefferson Davis Parish",1,38,415,201,214
050,22,053,"Louisiana","Jefferson Davis Parish",1,39,413,209,204
050,22,053,"Louisiana","Jefferson Davis Parish",1,40,385,202,183
050,22,053,"Louisiana","Jefferson Davis Parish",1,41,363,192,171
050,22,053,"Louisiana","Jefferson Davis Parish",1,42,397,183,214
050,22,053,"Louisiana","Jefferson Davis Parish",1,43,391,196,195
050,22,053,"Louisiana","Jefferson Davis Parish",1,44,336,165,171
050,22,053,"Louisiana","Jefferson Davis Parish",1,45,344,169,175
050,22,053,"Louisiana","Jefferson Davis Parish",1,46,335,156,179
050,22,053,"Louisiana","Jefferson Davis Parish",1,47,356,171,185
050,22,053,"Louisiana","Jefferson Davis Parish",1,48,382,179,203
050,22,053,"Louisiana","Jefferson Davis Parish",1,49,406,196,210
050,22,053,"Louisiana","Jefferson Davis Parish",1,50,364,190,174
050,22,053,"Louisiana","Jefferson Davis Parish",1,51,353,190,163
050,22,053,"Louisiana","Jefferson Davis Parish",1,52,352,176,176
050,22,053,"Louisiana","Jefferson Davis Parish",1,53,411,190,221
050,22,053,"Louisiana","Jefferson Davis Parish",1,54,396,187,209
050,22,053,"Louisiana","Jefferson Davis Parish",1,55,414,197,217
050,22,053,"Louisiana","Jefferson Davis Parish",1,56,450,209,241
050,22,053,"Louisiana","Jefferson Davis Parish",1,57,441,227,214
050,22,053,"Louisiana","Jefferson Davis Parish",1,58,480,235,245
050,22,053,"Louisiana","Jefferson Davis Parish",1,59,474,210,264
050,22,053,"Louisiana","Jefferson Davis Parish",1,60,452,209,243
050,22,053,"Louisiana","Jefferson Davis Parish",1,61,428,203,225
050,22,053,"Louisiana","Jefferson Davis Parish",1,62,436,216,220
050,22,053,"Louisiana","Jefferson Davis Parish",1,63,419,219,200
050,22,053,"Louisiana","Jefferson Davis Parish",1,64,409,202,207
050,22,053,"Louisiana","Jefferson Davis Parish",1,65,382,187,195
050,22,053,"Louisiana","Jefferson Davis Parish",1,66,361,183,178
050,22,053,"Louisiana","Jefferson Davis Parish",1,67,326,150,176
050,22,053,"Louisiana","Jefferson Davis Parish",1,68,331,166,165
050,22,053,"Louisiana","Jefferson Davis Parish",1,69,307,138,169
050,22,053,"Louisiana","Jefferson Davis Parish",1,70,301,121,180
050,22,053,"Louisiana","Jefferson Davis Parish",1,71,310,139,171
050,22,053,"Louisiana","Jefferson Davis Parish",1,72,294,136,158
050,22,053,"Louisiana","Jefferson Davis Parish",1,73,269,121,148
050,22,053,"Louisiana","Jefferson Davis Parish",1,74,193,92,101
050,22,053,"Louisiana","Jefferson Davis Parish",1,75,209,94,115
050,22,053,"Louisiana","Jefferson Davis Parish",1,76,196,75,121
050,22,053,"Louisiana","Jefferson Davis Parish",1,77,186,83,103
050,22,053,"Louisiana","Jefferson Davis Parish",1,78,174,76,98
050,22,053,"Louisiana","Jefferson Davis Parish",1,79,167,79,88
050,22,053,"Louisiana","Jefferson Davis Parish",1,80,174,76,98
050,22,053,"Louisiana","Jefferson Davis Parish",1,81,161,72,89
050,22,053,"Louisiana","Jefferson Davis Parish",1,82,143,55,88
050,22,053,"Louisiana","Jefferson Davis Parish",1,83,124,60,64
050,22,053,"Louisiana","Jefferson Davis Parish",1,84,127,61,66
050,22,053,"Louisiana","Jefferson Davis Parish",1,85,566,248,318
050,22,053,"Louisiana","Jefferson Davis Parish",2,0,398,200,198
050,22,053,"Louisiana","Jefferson Davis Parish",2,1,409,208,201
050,22,053,"Louisiana","Jefferson Davis Parish",2,2,426,223,203
050,22,053,"Louisiana","Jefferson Davis Parish",2,3,430,225,205
050,22,053,"Louisiana","Jefferson Davis Parish",2,4,452,241,211
050,22,053,"Louisiana","Jefferson Davis Parish",2,5,459,239,220
050,22,053,"Louisiana","Jefferson Davis Parish",2,6,461,243,218
050,22,053,"Louisiana","Jefferson Davis Parish",2,7,456,239,217
050,22,053,"Louisiana","Jefferson Davis Parish",2,8,454,234,220
050,22,053,"Louisiana","Jefferson Davis Parish",2,9,422,229,193
050,22,053,"Louisiana","Jefferson Davis Parish",2,10,459,244,215
050,22,053,"Louisiana","Jefferson Davis Parish",2,11,482,246,236
050,22,053,"Louisiana","Jefferson Davis Parish",2,12,526,266,260
050,22,053,"Louisiana","Jefferson Davis Parish",2,13,530,276,254
050,22,053,"Louisiana","Jefferson Davis Parish",2,14,480,237,243
050,22,053,"Louisiana","Jefferson Davis Parish",2,15,448,220,228
050,22,053,"Louisiana","Jefferson Davis Parish",2,16,457,223,234
050,22,053,"Louisiana","Jefferson Davis Parish",2,17,473,240,233
050,22,053,"Louisiana","Jefferson Davis Parish",2,18,398,221,177
050,22,053,"Louisiana","Jefferson Davis Parish",2,19,333,182,151
050,22,053,"Louisiana","Jefferson Davis Parish",2,20,354,188,166
050,22,053,"Louisiana","Jefferson Davis Parish",2,21,346,188,158
050,22,053,"Louisiana","Jefferson Davis Parish",2,22,359,187,172
050,22,053,"Louisiana","Jefferson Davis Parish",2,23,375,194,181
050,22,053,"Louisiana","Jefferson Davis Parish",2,24,384,196,188
050,22,053,"Louisiana","Jefferson Davis Parish",2,25,402,195,207
050,22,053,"Louisiana","Jefferson Davis Parish",2,26,414,207,207
050,22,053,"Louisiana","Jefferson Davis Parish",2,27,437,228,209
050,22,053,"Louisiana","Jefferson Davis Parish",2,28,437,223,214
050,22,053,"Louisiana","Jefferson Davis Parish",2,29,426,229,197
050,22,053,"Louisiana","Jefferson Davis Parish",2,30,412,209,203
050,22,053,"Louisiana","Jefferson Davis Parish",2,31,409,193,216
050,22,053,"Louisiana","Jefferson Davis Parish",2,32,417,211,206
050,22,053,"Louisiana","Jefferson Davis Parish",2,33,387,186,201
050,22,053,"Louisiana","Jefferson Davis Parish",2,34,392,188,204
050,22,053,"Louisiana","Jefferson Davis Parish",2,35,390,185,205
050,22,053,"Louisiana","Jefferson Davis Parish",2,36,392,180,212
050,22,053,"Louisiana","Jefferson Davis Parish",2,37,420,205,215
050,22,053,"Louisiana","Jefferson Davis Parish",2,38,417,203,214
050,22,053,"Louisiana","Jefferson Davis Parish",2,39,412,206,206
050,22,053,"Louisiana","Jefferson Davis Parish",2,40,391,204,187
050,22,053,"Louisiana","Jefferson Davis Parish",2,41,366,193,173
050,22,053,"Louisiana","Jefferson Davis Parish",2,42,388,186,202
050,22,053,"Louisiana","Jefferson Davis Parish",2,43,392,192,200
050,22,053,"Louisiana","Jefferson Davis Parish",2,44,349,173,176
050,22,053,"Louisiana","Jefferson Davis Parish",2,45,348,171,177
050,22,053,"Louisiana","Jefferson Davis Parish",2,46,333,157,176
050,22,053,"Louisiana","Jefferson Davis Parish",2,47,349,165,184
050,22,053,"Louisiana","Jefferson Davis Parish",2,48,373,177,196
050,22,053,"Louisiana","Jefferson Davis Parish",2,49,404,195,209
050,22,053,"Louisiana","Jefferson Davis Parish",2,50,371,190,181
050,22,053,"Louisiana","Jefferson Davis Parish",2,51,354,190,164
050,22,053,"Louisiana","Jefferson Davis Parish",2,52,348,177,171
050,22,053,"Louisiana","Jefferson Davis Parish",2,53,394,185,209
050,22,053,"Louisiana","Jefferson Davis Parish",2,54,400,189,211
050,22,053,"Louisiana","Jefferson Davis Parish",2,55,409,193,216
050,22,053,"Louisiana","Jefferson Davis Parish",2,56,443,206,237
050,22,053,"Louisiana","Jefferson Davis Parish",2,57,441,220,221
050,22,053,"Louisiana","Jefferson Davis Parish",2,58,471,234,237
050,22,053,"Louisiana","Jefferson Davis Parish",2,59,474,217,257
050,22,053,"Louisiana","Jefferson Davis Parish",2,60,454,207,247
050,22,053,"Louisiana","Jefferson Davis Parish",2,61,433,204,229
050,22,053,"Louisiana","Jefferson Davis Parish",2,62,429,210,219
050,22,053,"Louisiana","Jefferson Davis Parish",2,63,425,221,204
050,22,053,"Louisiana","Jefferson Davis Parish",2,64,407,204,203
050,22,053,"Louisiana","Jefferson Davis Parish",2,65,385,191,194
050,22,053,"Louisiana","Jefferson Davis Parish",2,66,364,181,183
050,22,053,"Louisiana","Jefferson Davis Parish",2,67,332,155,177
050,22,053,"Louisiana","Jefferson Davis Parish",2,68,327,162,165
050,22,053,"Louisiana","Jefferson Davis Parish",2,69,312,145,167
050,22,053,"Louisiana","Jefferson Davis Parish",2,70,299,123,176
050,22,053,"Louisiana","Jefferson Davis Parish",2,71,307,132,175
050,22,053,"Louisiana","Jefferson Davis Parish",2,72,291,134,157
050,22,053,"Louisiana","Jefferson Davis Parish",2,73,287,132,155
050,22,053,"Louisiana","Jefferson Davis Parish",2,74,196,91,105
050,22,053,"Louisiana","Jefferson Davis Parish",2,75,204,93,111
050,22,053,"Louisiana","Jefferson Davis Parish",2,76,194,75,119
050,22,053,"Louisiana","Jefferson Davis Parish",2,77,190,83,107
050,22,053,"Louisiana","Jefferson Davis Parish",2,78,174,75,99
050,22,053,"Louisiana","Jefferson Davis Parish",2,79,164,76,88
050,22,053,"Louisiana","Jefferson Davis Parish",2,80,170,76,94
050,22,053,"Louisiana","Jefferson Davis Parish",2,81,162,73,89
050,22,053,"Louisiana","Jefferson Davis Parish",2,82,146,58,88
050,22,053,"Louisiana","Jefferson Davis Parish",2,83,128,59,69
050,22,053,"Louisiana","Jefferson Davis Parish",2,84,123,60,63
050,22,053,"Louisiana","Jefferson Davis Parish",2,85,574,253,321
050,22,053,"Louisiana","Jefferson Davis Parish",3,0,424,203,221
050,22,053,"Louisiana","Jefferson Davis Parish",3,1,402,207,195
050,22,053,"Louisiana","Jefferson Davis Parish",3,2,434,220,214
050,22,053,"Louisiana","Jefferson Davis Parish",3,3,426,221,205
050,22,053,"Louisiana","Jefferson Davis Parish",3,4,453,242,211
050,22,053,"Louisiana","Jefferson Davis Parish",3,5,453,242,211
050,22,053,"Louisiana","Jefferson Davis Parish",3,6,463,239,224
050,22,053,"Louisiana","Jefferson Davis Parish",3,7,443,233,210
050,22,053,"Louisiana","Jefferson Davis Parish",3,8,471,235,236
050,22,053,"Louisiana","Jefferson Davis Parish",3,9,444,229,215
050,22,053,"Louisiana","Jefferson Davis Parish",3,10,420,230,190
050,22,053,"Louisiana","Jefferson Davis Parish",3,11,481,250,231
050,22,053,"Louisiana","Jefferson Davis Parish",3,12,490,259,231
050,22,053,"Louisiana","Jefferson Davis Parish",3,13,517,270,247
050,22,053,"Louisiana","Jefferson Davis Parish",3,14,528,278,250
050,22,053,"Louisiana","Jefferson Davis Parish",3,15,491,242,249
050,22,053,"Louisiana","Jefferson Davis Parish",3,16,435,211,224
050,22,053,"Louisiana","Jefferson Davis Parish",3,17,460,230,230
050,22,053,"Louisiana","Jefferson Davis Parish",3,18,418,223,195
050,22,053,"Louisiana","Jefferson Davis Parish",3,19,316,180,136
050,22,053,"Louisiana","Jefferson Davis Parish",3,20,362,201,161
050,22,053,"Louisiana","Jefferson Davis Parish",3,21,368,200,168
050,22,053,"Louisiana","Jefferson Davis Parish",3,22,390,209,181
050,22,053,"Louisiana","Jefferson Davis Parish",3,23,368,188,180
050,22,053,"Louisiana","Jefferson Davis Parish",3,24,379,192,187
050,22,053,"Louisiana","Jefferson Davis Parish",3,25,426,220,206
050,22,053,"Louisiana","Jefferson Davis Parish",3,26,414,203,211
050,22,053,"Louisiana","Jefferson Davis Parish",3,27,399,205,194
050,22,053,"Louisiana","Jefferson Davis Parish",3,28,424,218,206
050,22,053,"Louisiana","Jefferson Davis Parish",3,29,451,230,221
050,22,053,"Louisiana","Jefferson Davis Parish",3,30,440,233,207
050,22,053,"Louisiana","Jefferson Davis Parish",3,31,402,202,200
050,22,053,"Louisiana","Jefferson Davis Parish",3,32,421,200,221
050,22,053,"Louisiana","Jefferson Davis Parish",3,33,420,210,210
050,22,053,"Louisiana","Jefferson Davis Parish",3,34,391,183,208
050,22,053,"Louisiana","Jefferson Davis Parish",3,35,415,197,218
050,22,053,"Louisiana","Jefferson Davis Parish",3,36,388,184,204
050,22,053,"Louisiana","Jefferson Davis Parish",3,37,389,182,207
050,22,053,"Louisiana","Jefferson Davis Parish",3,38,415,205,210
050,22,053,"Louisiana","Jefferson Davis Parish",3,39,428,211,217
050,22,053,"Louisiana","Jefferson Davis Parish",3,40,410,205,205
050,22,053,"Louisiana","Jefferson Davis Parish",3,41,395,207,188
050,22,053,"Louisiana","Jefferson Davis Parish",3,42,362,190,172
050,22,053,"Louisiana","Jefferson Davis Parish",3,43,392,187,205
050,22,053,"Louisiana","Jefferson Davis Parish",3,44,393,201,192
050,22,053,"Louisiana","Jefferson Davis Parish",3,45,354,176,178
050,22,053,"Louisiana","Jefferson Davis Parish",3,46,341,165,176
050,22,053,"Louisiana","Jefferson Davis Parish",3,47,331,156,175
050,22,053,"Louisiana","Jefferson Davis Parish",3,48,348,165,183
050,22,053,"Louisiana","Jefferson Davis Parish",3,49,377,180,197
050,22,053,"Louisiana","Jefferson Davis Parish",3,50,398,200,198
050,22,053,"Louisiana","Jefferson Davis Parish",3,51,383,196,187
050,22,053,"Louisiana","Jefferson Davis Parish",3,52,347,185,162
050,22,053,"Louisiana","Jefferson Davis Parish",3,53,356,178,178
050,22,053,"Louisiana","Jefferson Davis Parish",3,54,384,179,205
050,22,053,"Louisiana","Jefferson Davis Parish",3,55,390,183,207
050,22,053,"Louisiana","Jefferson Davis Parish",3,56,406,187,219
050,22,053,"Louisiana","Jefferson Davis Parish",3,57,428,196,232
050,22,053,"Louisiana","Jefferson Davis Parish",3,58,442,223,219
050,22,053,"Louisiana","Jefferson Davis Parish",3,59,466,230,236
050,22,053,"Louisiana","Jefferson Davis Parish",3,60,468,216,252
050,22,053,"Louisiana","Jefferson Davis Parish",3,61,455,205,250
050,22,053,"Louisiana","Jefferson Davis Parish",3,62,427,195,232
050,22,053,"Louisiana","Jefferson Davis Parish",3,63,430,216,214
050,22,053,"Louisiana","Jefferson Davis Parish",3,64,424,215,209
050,22,053,"Louisiana","Jefferson Davis Parish",3,65,398,197,201
050,22,053,"Louisiana","Jefferson Davis Parish",3,66,374,185,189
050,22,053,"Louisiana","Jefferson Davis Parish",3,67,363,180,183
050,22,053,"Louisiana","Jefferson Davis Parish",3,68,322,151,171
050,22,053,"Louisiana","Jefferson Davis Parish",3,69,331,162,169
050,22,053,"Louisiana","Jefferson Davis Parish",3,70,295,133,162
050,22,053,"Louisiana","Jefferson Davis Parish",3,71,299,123,176
050,22,053,"Louisiana","Jefferson Davis Parish",3,72,294,127,167
050,22,053,"Louisiana","Jefferson Davis Parish",3,73,280,130,150
050,22,053,"Louisiana","Jefferson Davis Parish",3,74,267,122,145
050,22,053,"Louisiana","Jefferson Davis Parish",3,75,188,89,99
050,22,053,"Louisiana","Jefferson Davis Parish",3,76,197,85,112
050,22,053,"Louisiana","Jefferson Davis Parish",3,77,183,74,109
050,22,053,"Louisiana","Jefferson Davis Parish",3,78,187,81,106
050,22,053,"Louisiana","Jefferson Davis Parish",3,79,165,69,96
050,22,053,"Louisiana","Jefferson Davis Parish",3,80,158,74,84
050,22,053,"Louisiana","Jefferson Davis Parish",3,81,160,70,90
050,22,053,"Louisiana","Jefferson Davis Parish",3,82,141,54,87
050,22,053,"Louisiana","Jefferson Davis Parish",3,83,130,51,79
050,22,053,"Louisiana","Jefferson Davis Parish",3,84,116,55,61
050,22,053,"Louisiana","Jefferson Davis Parish",3,85,559,238,321
050,22,053,"Louisiana","Jefferson Davis Parish",4,0,424,218,206
050,22,053,"Louisiana","Jefferson Davis Parish",4,1,410,203,207
050,22,053,"Louisiana","Jefferson Davis Parish",4,2,391,204,187
050,22,053,"Louisiana","Jefferson Davis Parish",4,3,420,215,205
050,22,053,"Louisiana","Jefferson Davis Parish",4,4,422,221,201
050,22,053,"Louisiana","Jefferson Davis Parish",4,5,438,232,206
050,22,053,"Louisiana","Jefferson Davis Parish",4,6,441,231,210
050,22,053,"Louisiana","Jefferson Davis Parish",4,7,483,252,231
050,22,053,"Louisiana","Jefferson Davis Parish",4,8,450,233,217
050,22,053,"Louisiana","Jefferson Davis Parish",4,9,465,234,231
050,22,053,"Louisiana","Jefferson Davis Parish",4,10,434,233,201
050,22,053,"Louisiana","Jefferson Davis Parish",4,11,415,229,186
050,22,053,"Louisiana","Jefferson Davis Parish",4,12,464,242,222
050,22,053,"Louisiana","Jefferson Davis Parish",4,13,484,251,233
050,22,053,"Louisiana","Jefferson Davis Parish",4,14,515,272,243
050,22,053,"Louisiana","Jefferson Davis Parish",4,15,525,280,245
050,22,053,"Louisiana","Jefferson Davis Parish",4,16,484,241,243
050,22,053,"Louisiana","Jefferson Davis Parish",4,17,438,215,223
050,22,053,"Louisiana","Jefferson Davis Parish",4,18,380,196,184
050,22,053,"Louisiana","Jefferson Davis Parish",4,19,320,174,146
050,22,053,"Louisiana","Jefferson Davis Parish",4,20,322,179,143
050,22,053,"Louisiana","Jefferson Davis Parish",4,21,368,205,163
050,22,053,"Louisiana","Jefferson Davis Parish",4,22,377,201,176
050,22,053,"Louisiana","Jefferson Davis Parish",4,23,378,206,172
050,22,053,"Louisiana","Jefferson Davis Parish",4,24,379,189,190
050,22,053,"Louisiana","Jefferson Davis Parish",4,25,358,183,175
050,22,053,"Louisiana","Jefferson Davis Parish",4,26,429,222,207
050,22,053,"Louisiana","Jefferson Davis Parish",4,27,408,199,209
050,22,053,"Louisiana","Jefferson Davis Parish",4,28,382,196,186
050,22,053,"Louisiana","Jefferson Davis Parish",4,29,412,220,192
050,22,053,"Louisiana","Jefferson Davis Parish",4,30,451,220,231
050,22,053,"Louisiana","Jefferson Davis Parish",4,31,421,220,201
050,22,053,"Louisiana","Jefferson Davis Parish",4,32,408,202,206
050,22,053,"Louisiana","Jefferson Davis Parish",4,33,403,194,209
050,22,053,"Louisiana","Jefferson Davis Parish",4,34,408,203,205
050,22,053,"Louisiana","Jefferson Davis Parish",4,35,391,183,208
050,22,053,"Louisiana","Jefferson Davis Parish",4,36,397,185,212
050,22,053,"Louisiana","Jefferson Davis Parish",4,37,403,197,206
050,22,053,"Louisiana","Jefferson Davis Parish",4,38,388,174,214
050,22,053,"Louisiana","Jefferson Davis Parish",4,39,415,206,209
050,22,053,"Louisiana","Jefferson Davis Parish",4,40,441,228,213
050,22,053,"Louisiana","Jefferson Davis Parish",4,41,402,199,203
050,22,053,"Louisiana","Jefferson Davis Parish",4,42,394,205,189
050,22,053,"Louisiana","Jefferson Davis Parish",4,43,355,189,166
050,22,053,"Louisiana","Jefferson Davis Parish",4,44,392,192,200
050,22,053,"Louisiana","Jefferson Davis Parish",4,45,399,204,195
050,22,053,"Louisiana","Jefferson Davis Parish",4,46,350,169,181
050,22,053,"Louisiana","Jefferson Davis Parish",4,47,332,163,169
050,22,053,"Louisiana","Jefferson Davis Parish",4,48,332,155,177
050,22,053,"Louisiana","Jefferson Davis Parish",4,49,344,157,187
050,22,053,"Louisiana","Jefferson Davis Parish",4,50,384,187,197
050,22,053,"Louisiana","Jefferson Davis Parish",4,51,389,194,195
050,22,053,"Louisiana","Jefferson Davis Parish",4,52,372,188,184
050,22,053,"Louisiana","Jefferson Davis Parish",4,53,354,194,160
050,22,053,"Louisiana","Jefferson Davis Parish",4,54,359,178,181
050,22,053,"Louisiana","Jefferson Davis Parish",4,55,369,169,200
050,22,053,"Louisiana","Jefferson Davis Parish",4,56,373,176,197
050,22,053,"Louisiana","Jefferson Davis Parish",4,57,392,180,212
050,22,053,"Louisiana","Jefferson Davis Parish",4,58,429,200,229
050,22,053,"Louisiana","Jefferson Davis Parish",4,59,425,215,210
050,22,053,"Louisiana","Jefferson Davis Parish",4,60,463,224,239
050,22,053,"Louisiana","Jefferson Davis Parish",4,61,449,209,240
050,22,053,"Louisiana","Jefferson Davis Parish",4,62,444,190,254
050,22,053,"Louisiana","Jefferson Davis Parish",4,63,423,196,227
050,22,053,"Louisiana","Jefferson Davis Parish",4,64,427,213,214
050,22,053,"Louisiana","Jefferson Davis Parish",4,65,419,214,205
050,22,053,"Louisiana","Jefferson Davis Parish",4,66,384,188,196
050,22,053,"Louisiana","Jefferson Davis Parish",4,67,360,176,184
050,22,053,"Louisiana","Jefferson Davis Parish",4,68,360,178,182
050,22,053,"Louisiana","Jefferson Davis Parish",4,69,314,144,170
050,22,053,"Louisiana","Jefferson Davis Parish",4,70,307,148,159
050,22,053,"Louisiana","Jefferson Davis Parish",4,71,280,123,157
050,22,053,"Louisiana","Jefferson Davis Parish",4,72,284,118,166
050,22,053,"Louisiana","Jefferson Davis Parish",4,73,278,118,160
050,22,053,"Louisiana","Jefferson Davis Parish",4,74,263,118,145
050,22,053,"Louisiana","Jefferson Davis Parish",4,75,258,123,135
050,22,053,"Louisiana","Jefferson Davis Parish",4,76,180,80,100
050,22,053,"Louisiana","Jefferson Davis Parish",4,77,187,86,101
050,22,053,"Louisiana","Jefferson Davis Parish",4,78,167,66,101
050,22,053,"Louisiana","Jefferson Davis Parish",4,79,168,71,97
050,22,053,"Louisiana","Jefferson Davis Parish",4,80,153,63,90
050,22,053,"Louisiana","Jefferson Davis Parish",4,81,146,73,73
050,22,053,"Louisiana","Jefferson Davis Parish",4,82,141,58,83
050,22,053,"Louisiana","Jefferson Davis Parish",4,83,129,49,80
050,22,053,"Louisiana","Jefferson Davis Parish",4,84,121,48,73
050,22,053,"Louisiana","Jefferson Davis Parish",4,85,536,226,310
050,22,053,"Louisiana","Jefferson Davis Parish",5,0,434,225,209
050,22,053,"Louisiana","Jefferson Davis Parish",5,1,416,221,195
050,22,053,"Louisiana","Jefferson Davis Parish",5,2,407,195,212
050,22,053,"Louisiana","Jefferson Davis Parish",5,3,384,196,188
050,22,053,"Louisiana","Jefferson Davis Parish",5,4,400,210,190
050,22,053,"Louisiana","Jefferson Davis Parish",5,5,407,213,194
050,22,053,"Louisiana","Jefferson Davis Parish",5,6,412,228,184
050,22,053,"Louisiana","Jefferson Davis Parish",5,7,443,240,203
050,22,053,"Louisiana","Jefferson Davis Parish",5,8,470,246,224
050,22,053,"Louisiana","Jefferson Davis Parish",5,9,437,219,218
050,22,053,"Louisiana","Jefferson Davis Parish",5,10,443,223,220
050,22,053,"Louisiana","Jefferson Davis Parish",5,11,439,239,200
050,22,053,"Louisiana","Jefferson Davis Parish",5,12,425,234,191
050,22,053,"Louisiana","Jefferson Davis Parish",5,13,457,234,223
050,22,053,"Louisiana","Jefferson Davis Parish",5,14,476,253,223
050,22,053,"Louisiana","Jefferson Davis Parish",5,15,510,263,247
050,22,053,"Louisiana","Jefferson Davis Parish",5,16,510,268,242
050,22,053,"Louisiana","Jefferson Davis Parish",5,17,485,248,237
050,22,053,"Louisiana","Jefferson Davis Parish",5,18,376,193,183
050,22,053,"Louisiana","Jefferson Davis Parish",5,19,296,155,141
050,22,053,"Louisiana","Jefferson Davis Parish",5,20,350,186,164
050,22,053,"Louisiana","Jefferson Davis Parish",5,21,338,200,138
050,22,053,"Louisiana","Jefferson Davis Parish",5,22,374,208,166
050,22,053,"Louisiana","Jefferson Davis Parish",5,23,367,196,171
050,22,053,"Louisiana","Jefferson Davis Parish",5,24,384,210,174
050,22,053,"Louisiana","Jefferson Davis Parish",5,25,394,201,193
050,22,053,"Louisiana","Jefferson Davis Parish",5,26,351,170,181
050,22,053,"Louisiana","Jefferson Davis Parish",5,27,410,215,195
050,22,053,"Louisiana","Jefferson Davis Parish",5,28,373,173,200
050,22,053,"Louisiana","Jefferson Davis Parish",5,29,387,206,181
050,22,053,"Louisiana","Jefferson Davis Parish",5,30,388,210,178
050,22,053,"Louisiana","Jefferson Davis Parish",5,31,428,205,223
050,22,053,"Louisiana","Jefferson Davis Parish",5,32,409,221,188
050,22,053,"Louisiana","Jefferson Davis Parish",5,33,401,193,208
050,22,053,"Louisiana","Jefferson Davis Parish",5,34,393,186,207
050,22,053,"Louisiana","Jefferson Davis Parish",5,35,420,216,204
050,22,053,"Louisiana","Jefferson Davis Parish",5,36,378,175,203
050,22,053,"Louisiana","Jefferson Davis Parish",5,37,402,193,209
050,22,053,"Louisiana","Jefferson Davis Parish",5,38,395,195,200
050,22,053,"Louisiana","Jefferson Davis Parish",5,39,396,186,210
050,22,053,"Louisiana","Jefferson Davis Parish",5,40,397,196,201
050,22,053,"Louisiana","Jefferson Davis Parish",5,41,431,214,217
050,22,053,"Louisiana","Jefferson Davis Parish",5,42,396,196,200
050,22,053,"Louisiana","Jefferson Davis Parish",5,43,403,208,195
050,22,053,"Louisiana","Jefferson Davis Parish",5,44,361,188,173
050,22,053,"Louisiana","Jefferson Davis Parish",5,45,389,188,201
050,22,053,"Louisiana","Jefferson Davis Parish",5,46,401,201,200
050,22,053,"Louisiana","Jefferson Davis Parish",5,47,348,170,178
050,22,053,"Louisiana","Jefferson Davis Parish",5,48,329,165,164
050,22,053,"Louisiana","Jefferson Davis Parish",5,49,328,155,173
050,22,053,"Louisiana","Jefferson Davis Parish",5,50,350,161,189
050,22,053,"Louisiana","Jefferson Davis Parish",5,51,388,186,202
050,22,053,"Louisiana","Jefferson Davis Parish",5,52,368,180,188
050,22,053,"Louisiana","Jefferson Davis Parish",5,53,373,187,186
050,22,053,"Louisiana","Jefferson Davis Parish",5,54,353,193,160
050,22,053,"Louisiana","Jefferson Davis Parish",5,55,351,175,176
050,22,053,"Louisiana","Jefferson Davis Parish",5,56,367,169,198
050,22,053,"Louisiana","Jefferson Davis Parish",5,57,367,170,197
050,22,053,"Louisiana","Jefferson Davis Parish",5,58,383,175,208
050,22,053,"Louisiana","Jefferson Davis Parish",5,59,425,194,231
050,22,053,"Louisiana","Jefferson Davis Parish",5,60,430,215,215
050,22,053,"Louisiana","Jefferson Davis Parish",5,61,449,218,231
050,22,053,"Louisiana","Jefferson Davis Parish",5,62,437,203,234
050,22,053,"Louisiana","Jefferson Davis Parish",5,63,451,199,252
050,22,053,"Louisiana","Jefferson Davis Parish",5,64,419,196,223
050,22,053,"Louisiana","Jefferson Davis Parish",5,65,429,215,214
050,22,053,"Louisiana","Jefferson Davis Parish",5,66,402,202,200
050,22,053,"Louisiana","Jefferson Davis Parish",5,67,362,172,190
050,22,053,"Louisiana","Jefferson Davis Parish",5,68,356,175,181
050,22,053,"Louisiana","Jefferson Davis Parish",5,69,351,174,177
050,22,053,"Louisiana","Jefferson Davis Parish",5,70,291,133,158
050,22,053,"Louisiana","Jefferson Davis Parish",5,71,290,134,156
050,22,053,"Louisiana","Jefferson Davis Parish",5,72,268,115,153
050,22,053,"Louisiana","Jefferson Davis Parish",5,73,271,112,159
050,22,053,"Louisiana","Jefferson Davis Parish",5,74,262,109,153
050,22,053,"Louisiana","Jefferson Davis Parish",5,75,257,125,132
050,22,053,"Louisiana","Jefferson Davis Parish",5,76,248,113,135
050,22,053,"Louisiana","Jefferson Davis Parish",5,77,171,80,91
050,22,053,"Louisiana","Jefferson Davis Parish",5,78,177,79,98
050,22,053,"Louisiana","Jefferson Davis Parish",5,79,153,57,96
050,22,053,"Louisiana","Jefferson Davis Parish",5,80,156,66,90
050,22,053,"Louisiana","Jefferson Davis Parish",5,81,139,62,77
050,22,053,"Louisiana","Jefferson Davis Parish",5,82,126,58,68
050,22,053,"Louisiana","Jefferson Davis Parish",5,83,126,52,74
050,22,053,"Louisiana","Jefferson Davis Parish",5,84,123,49,74
050,22,053,"Louisiana","Jefferson Davis Parish",5,85,536,214,322
050,22,055,"Louisiana","Lafayette Parish",1,0,3123,1591,1532
050,22,055,"Louisiana","Lafayette Parish",1,1,3167,1616,1551
050,22,055,"Louisiana","Lafayette Parish",1,2,3243,1650,1593
050,22,055,"Louisiana","Lafayette Parish",1,3,3293,1673,1620
050,22,055,"Louisiana","Lafayette Parish",1,4,3367,1723,1644
050,22,055,"Louisiana","Lafayette Parish",1,5,3398,1724,1674
050,22,055,"Louisiana","Lafayette Parish",1,6,3336,1647,1689
050,22,055,"Louisiana","Lafayette Parish",1,7,3225,1593,1632
050,22,055,"Louisiana","Lafayette Parish",1,8,3080,1551,1529
050,22,055,"Louisiana","Lafayette Parish",1,9,3193,1598,1595
050,22,055,"Louisiana","Lafayette Parish",1,10,3261,1630,1631
050,22,055,"Louisiana","Lafayette Parish",1,11,3415,1766,1649
050,22,055,"Louisiana","Lafayette Parish",1,12,3464,1801,1663
050,22,055,"Louisiana","Lafayette Parish",1,13,3355,1705,1650
050,22,055,"Louisiana","Lafayette Parish",1,14,3241,1647,1594
050,22,055,"Louisiana","Lafayette Parish",1,15,3198,1627,1571
050,22,055,"Louisiana","Lafayette Parish",1,16,3160,1599,1561
050,22,055,"Louisiana","Lafayette Parish",1,17,3090,1567,1523
050,22,055,"Louisiana","Lafayette Parish",1,18,2719,1424,1295
050,22,055,"Louisiana","Lafayette Parish",1,19,2267,1163,1104
050,22,055,"Louisiana","Lafayette Parish",1,20,2516,1288,1228
050,22,055,"Louisiana","Lafayette Parish",1,21,2734,1388,1346
050,22,055,"Louisiana","Lafayette Parish",1,22,2957,1409,1548
050,22,055,"Louisiana","Lafayette Parish",1,23,3113,1487,1626
050,22,055,"Louisiana","Lafayette Parish",1,24,3229,1599,1630
050,22,055,"Louisiana","Lafayette Parish",1,25,3353,1647,1706
050,22,055,"Louisiana","Lafayette Parish",1,26,3465,1759,1706
050,22,055,"Louisiana","Lafayette Parish",1,27,3510,1780,1730
050,22,055,"Louisiana","Lafayette Parish",1,28,3703,1831,1872
050,22,055,"Louisiana","Lafayette Parish",1,29,3990,2003,1987
050,22,055,"Louisiana","Lafayette Parish",1,30,4108,2002,2106
050,22,055,"Louisiana","Lafayette Parish",1,31,4126,2016,2110
050,22,055,"Louisiana","Lafayette Parish",1,32,3959,2008,1951
050,22,055,"Louisiana","Lafayette Parish",1,33,3839,1973,1866
050,22,055,"Louisiana","Lafayette Parish",1,34,3744,1939,1805
050,22,055,"Louisiana","Lafayette Parish",1,35,3708,1862,1846
050,22,055,"Louisiana","Lafayette Parish",1,36,3648,1846,1802
050,22,055,"Louisiana","Lafayette Parish",1,37,3700,1812,1888
050,22,055,"Louisiana","Lafayette Parish",1,38,3659,1825,1834
050,22,055,"Louisiana","Lafayette Parish",1,39,3509,1774,1735
050,22,055,"Louisiana","Lafayette Parish",1,40,3462,1749,1713
050,22,055,"Louisiana","Lafayette Parish",1,41,3277,1650,1627
050,22,055,"Louisiana","Lafayette Parish",1,42,3138,1597,1541
050,22,055,"Louisiana","Lafayette Parish",1,43,3085,1517,1568
050,22,055,"Louisiana","Lafayette Parish",1,44,2875,1425,1450
050,22,055,"Louisiana","Lafayette Parish",1,45,2770,1409,1361
050,22,055,"Louisiana","Lafayette Parish",1,46,2728,1388,1340
050,22,055,"Louisiana","Lafayette Parish",1,47,2769,1394,1375
050,22,055,"Louisiana","Lafayette Parish",1,48,2914,1425,1489
050,22,055,"Louisiana","Lafayette Parish",1,49,3070,1505,1565
050,22,055,"Louisiana","Lafayette Parish",1,50,2889,1405,1484
050,22,055,"Louisiana","Lafayette Parish",1,51,2831,1395,1436
050,22,055,"Louisiana","Lafayette Parish",1,52,2721,1327,1394
050,22,055,"Louisiana","Lafayette Parish",1,53,2756,1337,1419
050,22,055,"Louisiana","Lafayette Parish",1,54,2798,1357,1441
050,22,055,"Louisiana","Lafayette Parish",1,55,2924,1393,1531
050,22,055,"Louisiana","Lafayette Parish",1,56,3016,1438,1578
050,22,055,"Louisiana","Lafayette Parish",1,57,3101,1474,1627
050,22,055,"Louisiana","Lafayette Parish",1,58,3180,1497,1683
050,22,055,"Louisiana","Lafayette Parish",1,59,3185,1473,1712
050,22,055,"Louisiana","Lafayette Parish",1,60,3102,1463,1639
050,22,055,"Louisiana","Lafayette Parish",1,61,3033,1454,1579
050,22,055,"Louisiana","Lafayette Parish",1,62,2980,1381,1599
050,22,055,"Louisiana","Lafayette Parish",1,63,2921,1345,1576
050,22,055,"Louisiana","Lafayette Parish",1,64,2856,1371,1485
050,22,055,"Louisiana","Lafayette Parish",1,65,2745,1310,1435
050,22,055,"Louisiana","Lafayette Parish",1,66,2554,1217,1337
050,22,055,"Louisiana","Lafayette Parish",1,67,2406,1138,1268
050,22,055,"Louisiana","Lafayette Parish",1,68,2280,1060,1220
050,22,055,"Louisiana","Lafayette Parish",1,69,2134,1007,1127
050,22,055,"Louisiana","Lafayette Parish",1,70,2025,932,1093
050,22,055,"Louisiana","Lafayette Parish",1,71,1921,911,1010
050,22,055,"Louisiana","Lafayette Parish",1,72,1872,901,971
050,22,055,"Louisiana","Lafayette Parish",1,73,1810,873,937
050,22,055,"Louisiana","Lafayette Parish",1,74,1198,557,641
050,22,055,"Louisiana","Lafayette Parish",1,75,1177,545,632
050,22,055,"Louisiana","Lafayette Parish",1,76,1181,525,656
050,22,055,"Louisiana","Lafayette Parish",1,77,1135,491,644
050,22,055,"Louisiana","Lafayette Parish",1,78,993,427,566
050,22,055,"Louisiana","Lafayette Parish",1,79,880,359,521
050,22,055,"Louisiana","Lafayette Parish",1,80,802,343,459
050,22,055,"Louisiana","Lafayette Parish",1,81,745,290,455
050,22,055,"Louisiana","Lafayette Parish",1,82,664,251,413
050,22,055,"Louisiana","Lafayette Parish",1,83,623,255,368
050,22,055,"Louisiana","Lafayette Parish",1,84,576,230,346
050,22,055,"Louisiana","Lafayette Parish",1,85,3470,1183,2287
050,22,055,"Louisiana","Lafayette Parish",2,0,3049,1562,1487
050,22,055,"Louisiana","Lafayette Parish",2,1,3151,1605,1546
050,22,055,"Louisiana","Lafayette Parish",2,2,3234,1643,1591
050,22,055,"Louisiana","Lafayette Parish",2,3,3265,1662,1603
050,22,055,"Louisiana","Lafayette Parish",2,4,3353,1713,1640
050,22,055,"Louisiana","Lafayette Parish",2,5,3391,1725,1666
050,22,055,"Louisiana","Lafayette Parish",2,6,3356,1667,1689
050,22,055,"Louisiana","Lafayette Parish",2,7,3251,1607,1644
050,22,055,"Louisiana","Lafayette Parish",2,8,3117,1562,1555
050,22,055,"Louisiana","Lafayette Parish",2,9,3161,1586,1575
050,22,055,"Louisiana","Lafayette Parish",2,10,3244,1621,1623
050,22,055,"Louisiana","Lafayette Parish",2,11,3366,1724,1642
050,22,055,"Louisiana","Lafayette Parish",2,12,3471,1804,1667
050,22,055,"Louisiana","Lafayette Parish",2,13,3389,1735,1654
050,22,055,"Louisiana","Lafayette Parish",2,14,3277,1668,1609
050,22,055,"Louisiana","Lafayette Parish",2,15,3215,1634,1581
050,22,055,"Louisiana","Lafayette Parish",2,16,3178,1608,1570
050,22,055,"Louisiana","Lafayette Parish",2,17,3114,1580,1534
050,22,055,"Louisiana","Lafayette Parish",2,18,2714,1415,1299
050,22,055,"Louisiana","Lafayette Parish",2,19,2310,1188,1122
050,22,055,"Louisiana","Lafayette Parish",2,20,2544,1301,1243
050,22,055,"Louisiana","Lafayette Parish",2,21,2729,1381,1348
050,22,055,"Louisiana","Lafayette Parish",2,22,2961,1424,1537
050,22,055,"Louisiana","Lafayette Parish",2,23,3132,1500,1632
050,22,055,"Louisiana","Lafayette Parish",2,24,3225,1586,1639
050,22,055,"Louisiana","Lafayette Parish",2,25,3342,1648,1694
050,22,055,"Louisiana","Lafayette Parish",2,26,3447,1735,1712
050,22,055,"Louisiana","Lafayette Parish",2,27,3496,1769,1727
050,22,055,"Louisiana","Lafayette Parish",2,28,3677,1833,1844
050,22,055,"Louisiana","Lafayette Parish",2,29,3917,1959,1958
050,22,055,"Louisiana","Lafayette Parish",2,30,4094,2013,2081
050,22,055,"Louisiana","Lafayette Parish",2,31,4099,2009,2090
050,22,055,"Louisiana","Lafayette Parish",2,32,3982,1999,1983
050,22,055,"Louisiana","Lafayette Parish",2,33,3861,1977,1884
050,22,055,"Louisiana","Lafayette Parish",2,34,3761,1944,1817
050,22,055,"Louisiana","Lafayette Parish",2,35,3730,1885,1845
050,22,055,"Louisiana","Lafayette Parish",2,36,3630,1830,1800
050,22,055,"Louisiana","Lafayette Parish",2,37,3690,1816,1874
050,22,055,"Louisiana","Lafayette Parish",2,38,3676,1818,1858
050,22,055,"Louisiana","Lafayette Parish",2,39,3530,1779,1751
050,22,055,"Louisiana","Lafayette Parish",2,40,3494,1768,1726
050,22,055,"Louisiana","Lafayette Parish",2,41,3322,1674,1648
050,22,055,"Louisiana","Lafayette Parish",2,42,3153,1596,1557
050,22,055,"Louisiana","Lafayette Parish",2,43,3116,1548,1568
050,22,055,"Louisiana","Lafayette Parish",2,44,2894,1430,1464
050,22,055,"Louisiana","Lafayette Parish",2,45,2813,1425,1388
050,22,055,"Louisiana","Lafayette Parish",2,46,2719,1384,1335
050,22,055,"Louisiana","Lafayette Parish",2,47,2749,1390,1359
050,22,055,"Louisiana","Lafayette Parish",2,48,2878,1419,1459
050,22,055,"Louisiana","Lafayette Parish",2,49,3043,1486,1557
050,22,055,"Louisiana","Lafayette Parish",2,50,2934,1427,1507
050,22,055,"Louisiana","Lafayette Parish",2,51,2829,1391,1438
050,22,055,"Louisiana","Lafayette Parish",2,52,2742,1339,1403
050,22,055,"Louisiana","Lafayette Parish",2,53,2751,1335,1416
050,22,055,"Louisiana","Lafayette Parish",2,54,2781,1348,1433
050,22,055,"Louisiana","Lafayette Parish",2,55,2889,1383,1506
050,22,055,"Louisiana","Lafayette Parish",2,56,3009,1434,1575
050,22,055,"Louisiana","Lafayette Parish",2,57,3088,1464,1624
050,22,055,"Louisiana","Lafayette Parish",2,58,3147,1485,1662
050,22,055,"Louisiana","Lafayette Parish",2,59,3190,1478,1712
050,22,055,"Louisiana","Lafayette Parish",2,60,3111,1459,1652
050,22,055,"Louisiana","Lafayette Parish",2,61,3028,1442,1586
050,22,055,"Louisiana","Lafayette Parish",2,62,2979,1392,1587
050,22,055,"Louisiana","Lafayette Parish",2,63,2948,1362,1586
050,22,055,"Louisiana","Lafayette Parish",2,64,2859,1359,1500
050,22,055,"Louisiana","Lafayette Parish",2,65,2763,1317,1446
050,22,055,"Louisiana","Lafayette Parish",2,66,2607,1245,1362
050,22,055,"Louisiana","Lafayette Parish",2,67,2423,1145,1278
050,22,055,"Louisiana","Lafayette Parish",2,68,2281,1064,1217
050,22,055,"Louisiana","Lafayette Parish",2,69,2178,1023,1155
050,22,055,"Louisiana","Lafayette Parish",2,70,2031,939,1092
050,22,055,"Louisiana","Lafayette Parish",2,71,1942,914,1028
050,22,055,"Louisiana","Lafayette Parish",2,72,1852,888,964
050,22,055,"Louisiana","Lafayette Parish",2,73,1908,924,984
050,22,055,"Louisiana","Lafayette Parish",2,74,1261,592,669
050,22,055,"Louisiana","Lafayette Parish",2,75,1183,545,638
050,22,055,"Louisiana","Lafayette Parish",2,76,1163,521,642
050,22,055,"Louisiana","Lafayette Parish",2,77,1165,508,657
050,22,055,"Louisiana","Lafayette Parish",2,78,1006,432,574
050,22,055,"Louisiana","Lafayette Parish",2,79,887,368,519
050,22,055,"Louisiana","Lafayette Parish",2,80,805,338,467
050,22,055,"Louisiana","Lafayette Parish",2,81,745,297,448
050,22,055,"Louisiana","Lafayette Parish",2,82,673,256,417
050,22,055,"Louisiana","Lafayette Parish",2,83,628,251,377
050,22,055,"Louisiana","Lafayette Parish",2,84,576,233,343
050,22,055,"Louisiana","Lafayette Parish",2,85,3473,1184,2289
050,22,055,"Louisiana","Lafayette Parish",3,0,3375,1739,1636
050,22,055,"Louisiana","Lafayette Parish",3,1,3124,1613,1511
050,22,055,"Louisiana","Lafayette Parish",3,2,3136,1606,1530
050,22,055,"Louisiana","Lafayette Parish",3,3,3239,1658,1581
050,22,055,"Louisiana","Lafayette Parish",3,4,3276,1662,1614
050,22,055,"Louisiana","Lafayette Parish",3,5,3389,1695,1694
050,22,055,"Louisiana","Lafayette Parish",3,6,3427,1748,1679
050,22,055,"Louisiana","Lafayette Parish",3,7,3381,1680,1701
050,22,055,"Louisiana","Lafayette Parish",3,8,3296,1624,1672
050,22,055,"Louisiana","Lafayette Parish",3,9,3155,1580,1575
050,22,055,"Louisiana","Lafayette Parish",3,10,3175,1602,1573
050,22,055,"Louisiana","Lafayette Parish",3,11,3278,1647,1631
050,22,055,"Louisiana","Lafayette Parish",3,12,3410,1756,1654
050,22,055,"Louisiana","Lafayette Parish",3,13,3522,1799,1723
050,22,055,"Louisiana","Lafayette Parish",3,14,3411,1736,1675
050,22,055,"Louisiana","Lafayette Parish",3,15,3317,1667,1650
050,22,055,"Louisiana","Lafayette Parish",3,16,3215,1621,1594
050,22,055,"Louisiana","Lafayette Parish",3,17,3185,1604,1581
050,22,055,"Louisiana","Lafayette Parish",3,18,2728,1428,1300
050,22,055,"Louisiana","Lafayette Parish",3,19,2366,1233,1133
050,22,055,"Louisiana","Lafayette Parish",3,20,2601,1316,1285
050,22,055,"Louisiana","Lafayette Parish",3,21,2831,1430,1401
050,22,055,"Louisiana","Lafayette Parish",3,22,3010,1473,1537
050,22,055,"Louisiana","Lafayette Parish",3,23,3228,1568,1660
050,22,055,"Louisiana","Lafayette Parish",3,24,3298,1574,1724
050,22,055,"Louisiana","Lafayette Parish",3,25,3290,1606,1684
050,22,055,"Louisiana","Lafayette Parish",3,26,3386,1661,1725
050,22,055,"Louisiana","Lafayette Parish",3,27,3428,1688,1740
050,22,055,"Louisiana","Lafayette Parish",3,28,3508,1790,1718
050,22,055,"Louisiana","Lafayette Parish",3,29,3702,1804,1898
050,22,055,"Louisiana","Lafayette Parish",3,30,3902,1935,1967
050,22,055,"Louisiana","Lafayette Parish",3,31,4128,2015,2113
050,22,055,"Louisiana","Lafayette Parish",3,32,4104,2011,2093
050,22,055,"Louisiana","Lafayette Parish",3,33,3969,1986,1983
050,22,055,"Louisiana","Lafayette Parish",3,34,3894,1963,1931
050,22,055,"Louisiana","Lafayette Parish",3,35,3754,1937,1817
050,22,055,"Louisiana","Lafayette Parish",3,36,3688,1854,1834
050,22,055,"Louisiana","Lafayette Parish",3,37,3585,1781,1804
050,22,055,"Louisiana","Lafayette Parish",3,38,3652,1777,1875
050,22,055,"Louisiana","Lafayette Parish",3,39,3687,1819,1868
050,22,055,"Louisiana","Lafayette Parish",3,40,3515,1777,1738
050,22,055,"Louisiana","Lafayette Parish",3,41,3542,1777,1765
050,22,055,"Louisiana","Lafayette Parish",3,42,3292,1634,1658
050,22,055,"Louisiana","Lafayette Parish",3,43,3140,1591,1549
050,22,055,"Louisiana","Lafayette Parish",3,44,3103,1531,1572
050,22,055,"Louisiana","Lafayette Parish",3,45,2862,1397,1465
050,22,055,"Louisiana","Lafayette Parish",3,46,2784,1409,1375
050,22,055,"Louisiana","Lafayette Parish",3,47,2752,1393,1359
050,22,055,"Louisiana","Lafayette Parish",3,48,2759,1393,1366
050,22,055,"Louisiana","Lafayette Parish",3,49,2852,1399,1453
050,22,055,"Louisiana","Lafayette Parish",3,50,3011,1462,1549
050,22,055,"Louisiana","Lafayette Parish",3,51,2932,1426,1506
050,22,055,"Louisiana","Lafayette Parish",3,52,2824,1383,1441
050,22,055,"Louisiana","Lafayette Parish",3,53,2693,1310,1383
050,22,055,"Louisiana","Lafayette Parish",3,54,2736,1312,1424
050,22,055,"Louisiana","Lafayette Parish",3,55,2786,1355,1431
050,22,055,"Louisiana","Lafayette Parish",3,56,2886,1370,1516
050,22,055,"Louisiana","Lafayette Parish",3,57,3000,1426,1574
050,22,055,"Louisiana","Lafayette Parish",3,58,3081,1457,1624
050,22,055,"Louisiana","Lafayette Parish",3,59,3137,1472,1665
050,22,055,"Louisiana","Lafayette Parish",3,60,3167,1462,1705
050,22,055,"Louisiana","Lafayette Parish",3,61,3084,1430,1654
050,22,055,"Louisiana","Lafayette Parish",3,62,3010,1414,1596
050,22,055,"Louisiana","Lafayette Parish",3,63,2941,1360,1581
050,22,055,"Louisiana","Lafayette Parish",3,64,2966,1368,1598
050,22,055,"Louisiana","Lafayette Parish",3,65,2804,1321,1483
050,22,055,"Louisiana","Lafayette Parish",3,66,2730,1297,1433
050,22,055,"Louisiana","Lafayette Parish",3,67,2547,1206,1341
050,22,055,"Louisiana","Lafayette Parish",3,68,2385,1126,1259
050,22,055,"Louisiana","Lafayette Parish",3,69,2243,1047,1196
050,22,055,"Louisiana","Lafayette Parish",3,70,2152,1003,1149
050,22,055,"Louisiana","Lafayette Parish",3,71,2014,922,1092
050,22,055,"Louisiana","Lafayette Parish",3,72,1904,891,1013
050,22,055,"Louisiana","Lafayette Parish",3,73,1812,862,950
050,22,055,"Louisiana","Lafayette Parish",3,74,1852,883,969
050,22,055,"Louisiana","Lafayette Parish",3,75,1235,567,668
050,22,055,"Louisiana","Lafayette Parish",3,76,1130,520,610
050,22,055,"Louisiana","Lafayette Parish",3,77,1124,493,631
050,22,055,"Louisiana","Lafayette Parish",3,78,1130,493,637
050,22,055,"Louisiana","Lafayette Parish",3,79,963,406,557
050,22,055,"Louisiana","Lafayette Parish",3,80,855,360,495
050,22,055,"Louisiana","Lafayette Parish",3,81,766,315,451
050,22,055,"Louisiana","Lafayette Parish",3,82,685,259,426
050,22,055,"Louisiana","Lafayette Parish",3,83,634,230,404
050,22,055,"Louisiana","Lafayette Parish",3,84,577,231,346
050,22,055,"Louisiana","Lafayette Parish",3,85,3433,1176,2257
050,22,055,"Louisiana","Lafayette Parish",4,0,3364,1696,1668
050,22,055,"Louisiana","Lafayette Parish",4,1,3420,1765,1655
050,22,055,"Louisiana","Lafayette Parish",4,2,3211,1626,1585
050,22,055,"Louisiana","Lafayette Parish",4,3,3165,1622,1543
050,22,055,"Louisiana","Lafayette Parish",4,4,3265,1675,1590
050,22,055,"Louisiana","Lafayette Parish",4,5,3316,1699,1617
050,22,055,"Louisiana","Lafayette Parish",4,6,3452,1724,1728
050,22,055,"Louisiana","Lafayette Parish",4,7,3458,1775,1683
050,22,055,"Louisiana","Lafayette Parish",4,8,3409,1701,1708
050,22,055,"Louisiana","Lafayette Parish",4,9,3348,1652,1696
050,22,055,"Louisiana","Lafayette Parish",4,10,3151,1600,1551
050,22,055,"Louisiana","Lafayette Parish",4,11,3165,1605,1560
050,22,055,"Louisiana","Lafayette Parish",4,12,3292,1673,1619
050,22,055,"Louisiana","Lafayette Parish",4,13,3424,1767,1657
050,22,055,"Louisiana","Lafayette Parish",4,14,3542,1815,1727
050,22,055,"Louisiana","Lafayette Parish",4,15,3473,1762,1711
050,22,055,"Louisiana","Lafayette Parish",4,16,3327,1683,1644
050,22,055,"Louisiana","Lafayette Parish",4,17,3263,1636,1627
050,22,055,"Louisiana","Lafayette Parish",4,18,2753,1434,1319
050,22,055,"Louisiana","Lafayette Parish",4,19,2305,1195,1110
050,22,055,"Louisiana","Lafayette Parish",4,20,2611,1321,1290
050,22,055,"Louisiana","Lafayette Parish",4,21,2803,1399,1404
050,22,055,"Louisiana","Lafayette Parish",4,22,3068,1525,1543
050,22,055,"Louisiana","Lafayette Parish",4,23,3225,1595,1630
050,22,055,"Louisiana","Lafayette Parish",4,24,3387,1635,1752
050,22,055,"Louisiana","Lafayette Parish",4,25,3353,1627,1726
050,22,055,"Louisiana","Lafayette Parish",4,26,3371,1654,1717
050,22,055,"Louisiana","Lafayette Parish",4,27,3376,1631,1745
050,22,055,"Louisiana","Lafayette Parish",4,28,3497,1721,1776
050,22,055,"Louisiana","Lafayette Parish",4,29,3494,1753,1741
050,22,055,"Louisiana","Lafayette Parish",4,30,3739,1849,1890
050,22,055,"Louisiana","Lafayette Parish",4,31,3899,1902,1997
050,22,055,"Louisiana","Lafayette Parish",4,32,4114,1989,2125
050,22,055,"Louisiana","Lafayette Parish",4,33,4102,2009,2093
050,22,055,"Louisiana","Lafayette Parish",4,34,3967,1993,1974
050,22,055,"Louisiana","Lafayette Parish",4,35,3863,1915,1948
050,22,055,"Louisiana","Lafayette Parish",4,36,3756,1916,1840
050,22,055,"Louisiana","Lafayette Parish",4,37,3685,1827,1858
050,22,055,"Louisiana","Lafayette Parish",4,38,3553,1760,1793
050,22,055,"Louisiana","Lafayette Parish",4,39,3661,1780,1881
050,22,055,"Louisiana","Lafayette Parish",4,40,3666,1809,1857
050,22,055,"Louisiana","Lafayette Parish",4,41,3483,1741,1742
050,22,055,"Louisiana","Lafayette Parish",4,42,3513,1751,1762
050,22,055,"Louisiana","Lafayette Parish",4,43,3345,1647,1698
050,22,055,"Louisiana","Lafayette Parish",4,44,3114,1564,1550
050,22,055,"Louisiana","Lafayette Parish",4,45,3115,1517,1598
050,22,055,"Louisiana","Lafayette Parish",4,46,2848,1374,1474
050,22,055,"Louisiana","Lafayette Parish",4,47,2753,1385,1368
050,22,055,"Louisiana","Lafayette Parish",4,48,2722,1349,1373
050,22,055,"Louisiana","Lafayette Parish",4,49,2733,1376,1357
050,22,055,"Louisiana","Lafayette Parish",4,50,2831,1396,1435
050,22,055,"Louisiana","Lafayette Parish",4,51,3020,1471,1549
050,22,055,"Louisiana","Lafayette Parish",4,52,2943,1415,1528
050,22,055,"Louisiana","Lafayette Parish",4,53,2816,1367,1449
050,22,055,"Louisiana","Lafayette Parish",4,54,2684,1294,1390
050,22,055,"Louisiana","Lafayette Parish",4,55,2708,1296,1412
050,22,055,"Louisiana","Lafayette Parish",4,56,2792,1347,1445
050,22,055,"Louisiana","Lafayette Parish",4,57,2881,1367,1514
050,22,055,"Louisiana","Lafayette Parish",4,58,3002,1422,1580
050,22,055,"Louisiana","Lafayette Parish",4,59,3052,1436,1616
050,22,055,"Louisiana","Lafayette Parish",4,60,3133,1473,1660
050,22,055,"Louisiana","Lafayette Parish",4,61,3162,1464,1698
050,22,055,"Louisiana","Lafayette Parish",4,62,3066,1411,1655
050,22,055,"Louisiana","Lafayette Parish",4,63,2983,1397,1586
050,22,055,"Louisiana","Lafayette Parish",4,64,2961,1364,1597
050,22,055,"Louisiana","Lafayette Parish",4,65,2946,1355,1591
050,22,055,"Louisiana","Lafayette Parish",4,66,2778,1311,1467
050,22,055,"Louisiana","Lafayette Parish",4,67,2687,1266,1421
050,22,055,"Louisiana","Lafayette Parish",4,68,2496,1178,1318
050,22,055,"Louisiana","Lafayette Parish",4,69,2370,1116,1254
050,22,055,"Louisiana","Lafayette Parish",4,70,2228,1031,1197
050,22,055,"Louisiana","Lafayette Parish",4,71,2151,981,1170
050,22,055,"Louisiana","Lafayette Parish",4,72,1976,900,1076
050,22,055,"Louisiana","Lafayette Parish",4,73,1870,866,1004
050,22,055,"Louisiana","Lafayette Parish",4,74,1798,849,949
050,22,055,"Louisiana","Lafayette Parish",4,75,1816,854,962
050,22,055,"Louisiana","Lafayette Parish",4,76,1201,548,653
050,22,055,"Louisiana","Lafayette Parish",4,77,1107,502,605
050,22,055,"Louisiana","Lafayette Parish",4,78,1101,485,616
050,22,055,"Louisiana","Lafayette Parish",4,79,1082,470,612
050,22,055,"Louisiana","Lafayette Parish",4,80,905,380,525
050,22,055,"Louisiana","Lafayette Parish",4,81,818,339,479
050,22,055,"Louisiana","Lafayette Parish",4,82,743,299,444
050,22,055,"Louisiana","Lafayette Parish",4,83,656,240,416
050,22,055,"Louisiana","Lafayette Parish",4,84,571,201,370
050,22,055,"Louisiana","Lafayette Parish",4,85,3461,1196,2265
050,22,055,"Louisiana","Lafayette Parish",5,0,3397,1717,1680
050,22,055,"Louisiana","Lafayette Parish",5,1,3400,1723,1677
050,22,055,"Louisiana","Lafayette Parish",5,2,3411,1768,1643
050,22,055,"Louisiana","Lafayette Parish",5,3,3166,1618,1548
050,22,055,"Louisiana","Lafayette Parish",5,4,3154,1617,1537
050,22,055,"Louisiana","Lafayette Parish",5,5,3315,1692,1623
050,22,055,"Louisiana","Lafayette Parish",5,6,3313,1701,1612
050,22,055,"Louisiana","Lafayette Parish",5,7,3435,1723,1712
050,22,055,"Louisiana","Lafayette Parish",5,8,3465,1760,1705
050,22,055,"Louisiana","Lafayette Parish",5,9,3431,1709,1722
050,22,055,"Louisiana","Lafayette Parish",5,10,3373,1678,1695
050,22,055,"Louisiana","Lafayette Parish",5,11,3155,1607,1548
050,22,055,"Louisiana","Lafayette Parish",5,12,3172,1613,1559
050,22,055,"Louisiana","Lafayette Parish",5,13,3327,1693,1634
050,22,055,"Louisiana","Lafayette Parish",5,14,3426,1751,1675
050,22,055,"Louisiana","Lafayette Parish",5,15,3535,1810,1725
050,22,055,"Louisiana","Lafayette Parish",5,16,3463,1745,1718
050,22,055,"Louisiana","Lafayette Parish",5,17,3345,1682,1663
050,22,055,"Louisiana","Lafayette Parish",5,18,2844,1485,1359
050,22,055,"Louisiana","Lafayette Parish",5,19,2314,1192,1122
050,22,055,"Louisiana","Lafayette Parish",5,20,2577,1330,1247
050,22,055,"Louisiana","Lafayette Parish",5,21,2879,1445,1434
050,22,055,"Louisiana","Lafayette Parish",5,22,2993,1444,1549
050,22,055,"Louisiana","Lafayette Parish",5,23,3339,1658,1681
050,22,055,"Louisiana","Lafayette Parish",5,24,3369,1661,1708
050,22,055,"Louisiana","Lafayette Parish",5,25,3420,1669,1751
050,22,055,"Louisiana","Lafayette Parish",5,26,3352,1651,1701
050,22,055,"Louisiana","Lafayette Parish",5,27,3345,1626,1719
050,22,055,"Louisiana","Lafayette Parish",5,28,3347,1635,1712
050,22,055,"Louisiana","Lafayette Parish",5,29,3475,1711,1764
050,22,055,"Louisiana","Lafayette Parish",5,30,3579,1802,1777
050,22,055,"Louisiana","Lafayette Parish",5,31,3714,1822,1892
050,22,055,"Louisiana","Lafayette Parish",5,32,3867,1876,1991
050,22,055,"Louisiana","Lafayette Parish",5,33,4098,1990,2108
050,22,055,"Louisiana","Lafayette Parish",5,34,4098,1993,2105
050,22,055,"Louisiana","Lafayette Parish",5,35,3913,1954,1959
050,22,055,"Louisiana","Lafayette Parish",5,36,3779,1868,1911
050,22,055,"Louisiana","Lafayette Parish",5,37,3680,1866,1814
050,22,055,"Louisiana","Lafayette Parish",5,38,3664,1798,1866
050,22,055,"Louisiana","Lafayette Parish",5,39,3549,1763,1786
050,22,055,"Louisiana","Lafayette Parish",5,40,3631,1746,1885
050,22,055,"Louisiana","Lafayette Parish",5,41,3645,1790,1855
050,22,055,"Louisiana","Lafayette Parish",5,42,3442,1679,1763
050,22,055,"Louisiana","Lafayette Parish",5,43,3515,1735,1780
050,22,055,"Louisiana","Lafayette Parish",5,44,3294,1621,1673
050,22,055,"Louisiana","Lafayette Parish",5,45,3116,1569,1547
050,22,055,"Louisiana","Lafayette Parish",5,46,3057,1472,1585
050,22,055,"Louisiana","Lafayette Parish",5,47,2864,1386,1478
050,22,055,"Louisiana","Lafayette Parish",5,48,2757,1382,1375
050,22,055,"Louisiana","Lafayette Parish",5,49,2737,1345,1392
050,22,055,"Louisiana","Lafayette Parish",5,50,2700,1354,1346
050,22,055,"Louisiana","Lafayette Parish",5,51,2793,1367,1426
050,22,055,"Louisiana","Lafayette Parish",5,52,3000,1475,1525
050,22,055,"Louisiana","Lafayette Parish",5,53,2941,1406,1535
050,22,055,"Louisiana","Lafayette Parish",5,54,2841,1362,1479
050,22,055,"Louisiana","Lafayette Parish",5,55,2667,1282,1385
050,22,055,"Louisiana","Lafayette Parish",5,56,2702,1293,1409
050,22,055,"Louisiana","Lafayette Parish",5,57,2800,1350,1450
050,22,055,"Louisiana","Lafayette Parish",5,58,2862,1353,1509
050,22,055,"Louisiana","Lafayette Parish",5,59,2957,1397,1560
050,22,055,"Louisiana","Lafayette Parish",5,60,3055,1431,1624
050,22,055,"Louisiana","Lafayette Parish",5,61,3145,1482,1663
050,22,055,"Louisiana","Lafayette Parish",5,62,3164,1451,1713
050,22,055,"Louisiana","Lafayette Parish",5,63,3048,1401,1647
050,22,055,"Louisiana","Lafayette Parish",5,64,3000,1399,1601
050,22,055,"Louisiana","Lafayette Parish",5,65,2923,1349,1574
050,22,055,"Louisiana","Lafayette Parish",5,66,2954,1366,1588
050,22,055,"Louisiana","Lafayette Parish",5,67,2762,1290,1472
050,22,055,"Louisiana","Lafayette Parish",5,68,2650,1243,1407
050,22,055,"Louisiana","Lafayette Parish",5,69,2488,1175,1313
050,22,055,"Louisiana","Lafayette Parish",5,70,2350,1103,1247
050,22,055,"Louisiana","Lafayette Parish",5,71,2195,1016,1179
050,22,055,"Louisiana","Lafayette Parish",5,72,2113,960,1153
050,22,055,"Louisiana","Lafayette Parish",5,73,1932,871,1061
050,22,055,"Louisiana","Lafayette Parish",5,74,1838,853,985
050,22,055,"Louisiana","Lafayette Parish",5,75,1761,821,940
050,22,055,"Louisiana","Lafayette Parish",5,76,1758,825,933
050,22,055,"Louisiana","Lafayette Parish",5,77,1181,535,646
050,22,055,"Louisiana","Lafayette Parish",5,78,1095,500,595
050,22,055,"Louisiana","Lafayette Parish",5,79,1067,459,608
050,22,055,"Louisiana","Lafayette Parish",5,80,1043,446,597
050,22,055,"Louisiana","Lafayette Parish",5,81,863,352,511
050,22,055,"Louisiana","Lafayette Parish",5,82,775,318,457
050,22,055,"Louisiana","Lafayette Parish",5,83,695,276,419
050,22,055,"Louisiana","Lafayette Parish",5,84,589,210,379
050,22,055,"Louisiana","Lafayette Parish",5,85,3507,1211,2296
050,22,057,"Louisiana","Lafourche Parish",1,0,1105,561,544
050,22,057,"Louisiana","Lafourche Parish",1,1,1147,592,555
050,22,057,"Louisiana","Lafourche Parish",1,2,1204,574,630
050,22,057,"Louisiana","Lafourche Parish",1,3,1197,585,612
050,22,057,"Louisiana","Lafourche Parish",1,4,1278,663,615
050,22,057,"Louisiana","Lafourche Parish",1,5,1299,658,641
050,22,057,"Louisiana","Lafourche Parish",1,6,1241,644,597
050,22,057,"Louisiana","Lafourche Parish",1,7,1269,656,613
050,22,057,"Louisiana","Lafourche Parish",1,8,1256,641,615
050,22,057,"Louisiana","Lafourche Parish",1,9,1208,623,585
050,22,057,"Louisiana","Lafourche Parish",1,10,1297,674,623
050,22,057,"Louisiana","Lafourche Parish",1,11,1327,653,674
050,22,057,"Louisiana","Lafourche Parish",1,12,1333,692,641
050,22,057,"Louisiana","Lafourche Parish",1,13,1385,709,676
050,22,057,"Louisiana","Lafourche Parish",1,14,1322,674,648
050,22,057,"Louisiana","Lafourche Parish",1,15,1271,664,607
050,22,057,"Louisiana","Lafourche Parish",1,16,1291,658,633
050,22,057,"Louisiana","Lafourche Parish",1,17,1271,653,618
050,22,057,"Louisiana","Lafourche Parish",1,18,1342,669,673
050,22,057,"Louisiana","Lafourche Parish",1,19,1395,649,746
050,22,057,"Louisiana","Lafourche Parish",1,20,1170,587,583
050,22,057,"Louisiana","Lafourche Parish",1,21,1111,568,543
050,22,057,"Louisiana","Lafourche Parish",1,22,1103,565,538
050,22,057,"Louisiana","Lafourche Parish",1,23,1174,587,587
050,22,057,"Louisiana","Lafourche Parish",1,24,1153,575,578
050,22,057,"Louisiana","Lafourche Parish",1,25,1195,614,581
050,22,057,"Louisiana","Lafourche Parish",1,26,1231,613,618
050,22,057,"Louisiana","Lafourche Parish",1,27,1273,625,648
050,22,057,"Louisiana","Lafourche Parish",1,28,1378,697,681
050,22,057,"Louisiana","Lafourche Parish",1,29,1462,708,754
050,22,057,"Louisiana","Lafourche Parish",1,30,1472,710,762
050,22,057,"Louisiana","Lafourche Parish",1,31,1386,684,702
050,22,057,"Louisiana","Lafourche Parish",1,32,1333,654,679
050,22,057,"Louisiana","Lafourche Parish",1,33,1309,645,664
050,22,057,"Louisiana","Lafourche Parish",1,34,1310,687,623
050,22,057,"Louisiana","Lafourche Parish",1,35,1285,676,609
050,22,057,"Louisiana","Lafourche Parish",1,36,1320,653,667
050,22,057,"Louisiana","Lafourche Parish",1,37,1340,649,691
050,22,057,"Louisiana","Lafourche Parish",1,38,1298,650,648
050,22,057,"Louisiana","Lafourche Parish",1,39,1321,669,652
050,22,057,"Louisiana","Lafourche Parish",1,40,1267,640,627
050,22,057,"Louisiana","Lafourche Parish",1,41,1238,639,599
050,22,057,"Louisiana","Lafourche Parish",1,42,1184,592,592
050,22,057,"Louisiana","Lafourche Parish",1,43,1154,588,566
050,22,057,"Louisiana","Lafourche Parish",1,44,1090,542,548
050,22,057,"Louisiana","Lafourche Parish",1,45,1053,541,512
050,22,057,"Louisiana","Lafourche Parish",1,46,1062,543,519
050,22,057,"Louisiana","Lafourche Parish",1,47,1106,539,567
050,22,057,"Louisiana","Lafourche Parish",1,48,1173,597,576
050,22,057,"Louisiana","Lafourche Parish",1,49,1170,572,598
050,22,057,"Louisiana","Lafourche Parish",1,50,1170,580,590
050,22,057,"Louisiana","Lafourche Parish",1,51,1201,609,592
050,22,057,"Louisiana","Lafourche Parish",1,52,1260,618,642
050,22,057,"Louisiana","Lafourche Parish",1,53,1354,662,692
050,22,057,"Louisiana","Lafourche Parish",1,54,1403,706,697
050,22,057,"Louisiana","Lafourche Parish",1,55,1439,747,692
050,22,057,"Louisiana","Lafourche Parish",1,56,1426,711,715
050,22,057,"Louisiana","Lafourche Parish",1,57,1442,706,736
050,22,057,"Louisiana","Lafourche Parish",1,58,1434,708,726
050,22,057,"Louisiana","Lafourche Parish",1,59,1373,671,702
050,22,057,"Louisiana","Lafourche Parish",1,60,1306,647,659
050,22,057,"Louisiana","Lafourche Parish",1,61,1315,673,642
050,22,057,"Louisiana","Lafourche Parish",1,62,1308,654,654
050,22,057,"Louisiana","Lafourche Parish",1,63,1209,611,598
050,22,057,"Louisiana","Lafourche Parish",1,64,1160,592,568
050,22,057,"Louisiana","Lafourche Parish",1,65,1137,573,564
050,22,057,"Louisiana","Lafourche Parish",1,66,1018,495,523
050,22,057,"Louisiana","Lafourche Parish",1,67,974,470,504
050,22,057,"Louisiana","Lafourche Parish",1,68,962,459,503
050,22,057,"Louisiana","Lafourche Parish",1,69,865,405,460
050,22,057,"Louisiana","Lafourche Parish",1,70,866,429,437
050,22,057,"Louisiana","Lafourche Parish",1,71,823,397,426
050,22,057,"Louisiana","Lafourche Parish",1,72,841,391,450
050,22,057,"Louisiana","Lafourche Parish",1,73,875,411,464
050,22,057,"Louisiana","Lafourche Parish",1,74,617,276,341
050,22,057,"Louisiana","Lafourche Parish",1,75,596,257,339
050,22,057,"Louisiana","Lafourche Parish",1,76,575,259,316
050,22,057,"Louisiana","Lafourche Parish",1,77,601,276,325
050,22,057,"Louisiana","Lafourche Parish",1,78,539,240,299
050,22,057,"Louisiana","Lafourche Parish",1,79,456,206,250
050,22,057,"Louisiana","Lafourche Parish",1,80,439,203,236
050,22,057,"Louisiana","Lafourche Parish",1,81,412,170,242
050,22,057,"Louisiana","Lafourche Parish",1,82,377,164,213
050,22,057,"Louisiana","Lafourche Parish",1,83,306,130,176
050,22,057,"Louisiana","Lafourche Parish",1,84,287,119,168
050,22,057,"Louisiana","Lafourche Parish",1,85,1640,568,1072
050,22,057,"Louisiana","Lafourche Parish",2,0,1085,555,530
050,22,057,"Louisiana","Lafourche Parish",2,1,1133,583,550
050,22,057,"Louisiana","Lafourche Parish",2,2,1191,579,612
050,22,057,"Louisiana","Lafourche Parish",2,3,1195,583,612
050,22,057,"Louisiana","Lafourche Parish",2,4,1265,647,618
050,22,057,"Louisiana","Lafourche Parish",2,5,1294,659,635
050,22,057,"Louisiana","Lafourche Parish",2,6,1258,650,608
050,22,057,"Louisiana","Lafourche Parish",2,7,1263,653,610
050,22,057,"Louisiana","Lafourche Parish",2,8,1255,642,613
050,22,057,"Louisiana","Lafourche Parish",2,9,1217,627,590
050,22,057,"Louisiana","Lafourche Parish",2,10,1271,659,612
050,22,057,"Louisiana","Lafourche Parish",2,11,1313,658,655
050,22,057,"Louisiana","Lafourche Parish",2,12,1339,687,652
050,22,057,"Louisiana","Lafourche Parish",2,13,1376,708,668
050,22,057,"Louisiana","Lafourche Parish",2,14,1336,682,654
050,22,057,"Louisiana","Lafourche Parish",2,15,1284,666,618
050,22,057,"Louisiana","Lafourche Parish",2,16,1289,660,629
050,22,057,"Louisiana","Lafourche Parish",2,17,1273,653,620
050,22,057,"Louisiana","Lafourche Parish",2,18,1350,670,680
050,22,057,"Louisiana","Lafourche Parish",2,19,1396,650,746
050,22,057,"Louisiana","Lafourche Parish",2,20,1177,589,588
050,22,057,"Louisiana","Lafourche Parish",2,21,1120,571,549
050,22,057,"Louisiana","Lafourche Parish",2,22,1105,564,541
050,22,057,"Louisiana","Lafourche Parish",2,23,1170,584,586
050,22,057,"Louisiana","Lafourche Parish",2,24,1147,568,579
050,22,057,"Louisiana","Lafourche Parish",2,25,1183,605,578
050,22,057,"Louisiana","Lafourche Parish",2,26,1216,606,610
050,22,057,"Louisiana","Lafourche Parish",2,27,1259,621,638
050,22,057,"Louisiana","Lafourche Parish",2,28,1351,679,672
050,22,057,"Louisiana","Lafourche Parish",2,29,1441,703,738
050,22,057,"Louisiana","Lafourche Parish",2,30,1477,711,766
050,22,057,"Louisiana","Lafourche Parish",2,31,1400,686,714
050,22,057,"Louisiana","Lafourche Parish",2,32,1344,659,685
050,22,057,"Louisiana","Lafourche Parish",2,33,1312,643,669
050,22,057,"Louisiana","Lafourche Parish",2,34,1314,679,635
050,22,057,"Louisiana","Lafourche Parish",2,35,1297,680,617
050,22,057,"Louisiana","Lafourche Parish",2,36,1306,655,651
050,22,057,"Louisiana","Lafourche Parish",2,37,1342,653,689
050,22,057,"Louisiana","Lafourche Parish",2,38,1313,654,659
050,22,057,"Louisiana","Lafourche Parish",2,39,1308,659,649
050,22,057,"Louisiana","Lafourche Parish",2,40,1282,648,634
050,22,057,"Louisiana","Lafourche Parish",2,41,1241,639,602
050,22,057,"Louisiana","Lafourche Parish",2,42,1187,601,586
050,22,057,"Louisiana","Lafourche Parish",2,43,1163,588,575
050,22,057,"Louisiana","Lafourche Parish",2,44,1098,553,545
050,22,057,"Louisiana","Lafourche Parish",2,45,1064,543,521
050,22,057,"Louisiana","Lafourche Parish",2,46,1050,535,515
050,22,057,"Louisiana","Lafourche Parish",2,47,1088,536,552
050,22,057,"Louisiana","Lafourche Parish",2,48,1157,583,574
050,22,057,"Louisiana","Lafourche Parish",2,49,1175,580,595
050,22,057,"Louisiana","Lafourche Parish",2,50,1175,578,597
050,22,057,"Louisiana","Lafourche Parish",2,51,1189,599,590
050,22,057,"Louisiana","Lafourche Parish",2,52,1243,615,628
050,22,057,"Louisiana","Lafourche Parish",2,53,1326,650,676
050,22,057,"Louisiana","Lafourche Parish",2,54,1385,693,692
050,22,057,"Louisiana","Lafourche Parish",2,55,1428,736,692
050,22,057,"Louisiana","Lafourche Parish",2,56,1432,718,714
050,22,057,"Louisiana","Lafourche Parish",2,57,1442,710,732
050,22,057,"Louisiana","Lafourche Parish",2,58,1429,706,723
050,22,057,"Louisiana","Lafourche Parish",2,59,1392,682,710
050,22,057,"Louisiana","Lafourche Parish",2,60,1318,652,666
050,22,057,"Louisiana","Lafourche Parish",2,61,1303,660,643
050,22,057,"Louisiana","Lafourche Parish",2,62,1298,653,645
050,22,057,"Louisiana","Lafourche Parish",2,63,1239,624,615
050,22,057,"Louisiana","Lafourche Parish",2,64,1165,595,570
050,22,057,"Louisiana","Lafourche Parish",2,65,1141,576,565
050,22,057,"Louisiana","Lafourche Parish",2,66,1042,512,530
050,22,057,"Louisiana","Lafourche Parish",2,67,979,473,506
050,22,057,"Louisiana","Lafourche Parish",2,68,950,451,499
050,22,057,"Louisiana","Lafourche Parish",2,69,887,417,470
050,22,057,"Louisiana","Lafourche Parish",2,70,863,424,439
050,22,057,"Louisiana","Lafourche Parish",2,71,830,402,428
050,22,057,"Louisiana","Lafourche Parish",2,72,822,385,437
050,22,057,"Louisiana","Lafourche Parish",2,73,894,415,479
050,22,057,"Louisiana","Lafourche Parish",2,74,636,289,347
050,22,057,"Louisiana","Lafourche Parish",2,75,595,259,336
050,22,057,"Louisiana","Lafourche Parish",2,76,558,252,306
050,22,057,"Louisiana","Lafourche Parish",2,77,599,273,326
050,22,057,"Louisiana","Lafourche Parish",2,78,541,244,297
050,22,057,"Louisiana","Lafourche Parish",2,79,466,212,254
050,22,057,"Louisiana","Lafourche Parish",2,80,435,199,236
050,22,057,"Louisiana","Lafourche Parish",2,81,403,169,234
050,22,057,"Louisiana","Lafourche Parish",2,82,378,162,216
050,22,057,"Louisiana","Lafourche Parish",2,83,313,132,181
050,22,057,"Louisiana","Lafourche Parish",2,84,283,116,167
050,22,057,"Louisiana","Lafourche Parish",2,85,1605,554,1051
050,22,057,"Louisiana","Lafourche Parish",3,0,1132,602,530
050,22,057,"Louisiana","Lafourche Parish",3,1,1081,557,524
050,22,057,"Louisiana","Lafourche Parish",3,2,1148,597,551
050,22,057,"Louisiana","Lafourche Parish",3,3,1206,596,610
050,22,057,"Louisiana","Lafourche Parish",3,4,1195,577,618
050,22,057,"Louisiana","Lafourche Parish",3,5,1273,654,619
050,22,057,"Louisiana","Lafourche Parish",3,6,1296,661,635
050,22,057,"Louisiana","Lafourche Parish",3,7,1272,644,628
050,22,057,"Louisiana","Lafourche Parish",3,8,1243,632,611
050,22,057,"Louisiana","Lafourche Parish",3,9,1240,631,609
050,22,057,"Louisiana","Lafourche Parish",3,10,1229,627,602
050,22,057,"Louisiana","Lafourche Parish",3,11,1286,683,603
050,22,057,"Louisiana","Lafourche Parish",3,12,1293,644,649
050,22,057,"Louisiana","Lafourche Parish",3,13,1341,692,649
050,22,057,"Louisiana","Lafourche Parish",3,14,1370,711,659
050,22,057,"Louisiana","Lafourche Parish",3,15,1302,662,640
050,22,057,"Louisiana","Lafourche Parish",3,16,1278,659,619
050,22,057,"Louisiana","Lafourche Parish",3,17,1282,657,625
050,22,057,"Louisiana","Lafourche Parish",3,18,1392,688,704
050,22,057,"Louisiana","Lafourche Parish",3,19,1400,654,746
050,22,057,"Louisiana","Lafourche Parish",3,20,1157,589,568
050,22,057,"Louisiana","Lafourche Parish",3,21,1160,587,573
050,22,057,"Louisiana","Lafourche Parish",3,22,1116,574,542
050,22,057,"Louisiana","Lafourche Parish",3,23,1159,600,559
050,22,057,"Louisiana","Lafourche Parish",3,24,1118,558,560
050,22,057,"Louisiana","Lafourche Parish",3,25,1194,604,590
050,22,057,"Louisiana","Lafourche Parish",3,26,1167,602,565
050,22,057,"Louisiana","Lafourche Parish",3,27,1187,604,583
050,22,057,"Louisiana","Lafourche Parish",3,28,1239,607,632
050,22,057,"Louisiana","Lafourche Parish",3,29,1344,671,673
050,22,057,"Louisiana","Lafourche Parish",3,30,1429,695,734
050,22,057,"Louisiana","Lafourche Parish",3,31,1474,709,765
050,22,057,"Louisiana","Lafourche Parish",3,32,1395,675,720
050,22,057,"Louisiana","Lafourche Parish",3,33,1351,660,691
050,22,057,"Louisiana","Lafourche Parish",3,34,1326,663,663
050,22,057,"Louisiana","Lafourche Parish",3,35,1303,667,636
050,22,057,"Louisiana","Lafourche Parish",3,36,1281,666,615
050,22,057,"Louisiana","Lafourche Parish",3,37,1291,640,651
050,22,057,"Louisiana","Lafourche Parish",3,38,1348,658,690
050,22,057,"Louisiana","Lafourche Parish",3,39,1313,653,660
050,22,057,"Louisiana","Lafourche Parish",3,40,1285,646,639
050,22,057,"Louisiana","Lafourche Parish",3,41,1280,646,634
050,22,057,"Louisiana","Lafourche Parish",3,42,1235,640,595
050,22,057,"Louisiana","Lafourche Parish",3,43,1171,584,587
050,22,057,"Louisiana","Lafourche Parish",3,44,1173,590,583
050,22,057,"Louisiana","Lafourche Parish",3,45,1087,552,535
050,22,057,"Louisiana","Lafourche Parish",3,46,1046,521,525
050,22,057,"Louisiana","Lafourche Parish",3,47,1063,536,527
050,22,057,"Louisiana","Lafourche Parish",3,48,1093,542,551
050,22,057,"Louisiana","Lafourche Parish",3,49,1161,592,569
050,22,057,"Louisiana","Lafourche Parish",3,50,1171,569,602
050,22,057,"Louisiana","Lafourche Parish",3,51,1183,570,613
050,22,057,"Louisiana","Lafourche Parish",3,52,1209,602,607
050,22,057,"Louisiana","Lafourche Parish",3,53,1244,623,621
050,22,057,"Louisiana","Lafourche Parish",3,54,1315,648,667
050,22,057,"Louisiana","Lafourche Parish",3,55,1367,686,681
050,22,057,"Louisiana","Lafourche Parish",3,56,1421,726,695
050,22,057,"Louisiana","Lafourche Parish",3,57,1431,713,718
050,22,057,"Louisiana","Lafourche Parish",3,58,1439,697,742
050,22,057,"Louisiana","Lafourche Parish",3,59,1418,698,720
050,22,057,"Louisiana","Lafourche Parish",3,60,1389,677,712
050,22,057,"Louisiana","Lafourche Parish",3,61,1322,665,657
050,22,057,"Louisiana","Lafourche Parish",3,62,1286,649,637
050,22,057,"Louisiana","Lafourche Parish",3,63,1274,638,636
050,22,057,"Louisiana","Lafourche Parish",3,64,1225,615,610
050,22,057,"Louisiana","Lafourche Parish",3,65,1162,587,575
050,22,057,"Louisiana","Lafourche Parish",3,66,1126,567,559
050,22,057,"Louisiana","Lafourche Parish",3,67,1016,497,519
050,22,057,"Louisiana","Lafourche Parish",3,68,970,474,496
050,22,057,"Louisiana","Lafourche Parish",3,69,924,431,493
050,22,057,"Louisiana","Lafourche Parish",3,70,885,416,469
050,22,057,"Louisiana","Lafourche Parish",3,71,841,410,431
050,22,057,"Louisiana","Lafourche Parish",3,72,813,391,422
050,22,057,"Louisiana","Lafourche Parish",3,73,796,363,433
050,22,057,"Louisiana","Lafourche Parish",3,74,867,405,462
050,22,057,"Louisiana","Lafourche Parish",3,75,618,282,336
050,22,057,"Louisiana","Lafourche Parish",3,76,572,251,321
050,22,057,"Louisiana","Lafourche Parish",3,77,535,230,305
050,22,057,"Louisiana","Lafourche Parish",3,78,591,267,324
050,22,057,"Louisiana","Lafourche Parish",3,79,496,217,279
050,22,057,"Louisiana","Lafourche Parish",3,80,453,202,251
050,22,057,"Louisiana","Lafourche Parish",3,81,403,178,225
050,22,057,"Louisiana","Lafourche Parish",3,82,370,159,211
050,22,057,"Louisiana","Lafourche Parish",3,83,357,155,202
050,22,057,"Louisiana","Lafourche Parish",3,84,293,118,175
050,22,057,"Louisiana","Lafourche Parish",3,85,1612,563,1049
050,22,057,"Louisiana","Lafourche Parish",4,0,1106,579,527
050,22,057,"Louisiana","Lafourche Parish",4,1,1111,605,506
050,22,057,"Louisiana","Lafourche Parish",4,2,1078,550,528
050,22,057,"Louisiana","Lafourche Parish",4,3,1121,558,563
050,22,057,"Louisiana","Lafourche Parish",4,4,1185,587,598
050,22,057,"Louisiana","Lafourche Parish",4,5,1178,563,615
050,22,057,"Louisiana","Lafourche Parish",4,6,1243,653,590
050,22,057,"Louisiana","Lafourche Parish",4,7,1238,634,604
050,22,057,"Louisiana","Lafourche Parish",4,8,1250,636,614
050,22,057,"Louisiana","Lafourche Parish",4,9,1203,614,589
050,22,057,"Louisiana","Lafourche Parish",4,10,1219,611,608
050,22,057,"Louisiana","Lafourche Parish",4,11,1192,614,578
050,22,057,"Louisiana","Lafourche Parish",4,12,1267,667,600
050,22,057,"Louisiana","Lafourche Parish",4,13,1272,639,633
050,22,057,"Louisiana","Lafourche Parish",4,14,1298,661,637
050,22,057,"Louisiana","Lafourche Parish",4,15,1337,687,650
050,22,057,"Louisiana","Lafourche Parish",4,16,1283,662,621
050,22,057,"Louisiana","Lafourche Parish",4,17,1272,659,613
050,22,057,"Louisiana","Lafourche Parish",4,18,1374,680,694
050,22,057,"Louisiana","Lafourche Parish",4,19,1384,638,746
050,22,057,"Louisiana","Lafourche Parish",4,20,1152,601,551
050,22,057,"Louisiana","Lafourche Parish",4,21,1081,564,517
050,22,057,"Louisiana","Lafourche Parish",4,22,1105,552,553
050,22,057,"Louisiana","Lafourche Parish",4,23,1160,590,570
050,22,057,"Louisiana","Lafourche Parish",4,24,1111,567,544
050,22,057,"Louisiana","Lafourche Parish",4,25,1089,565,524
050,22,057,"Louisiana","Lafourche Parish",4,26,1151,589,562
050,22,057,"Louisiana","Lafourche Parish",4,27,1111,574,537
050,22,057,"Louisiana","Lafourche Parish",4,28,1140,589,551
050,22,057,"Louisiana","Lafourche Parish",4,29,1211,585,626
050,22,057,"Louisiana","Lafourche Parish",4,30,1280,643,637
050,22,057,"Louisiana","Lafourche Parish",4,31,1390,673,717
050,22,057,"Louisiana","Lafourche Parish",4,32,1445,700,745
050,22,057,"Louisiana","Lafourche Parish",4,33,1333,635,698
050,22,057,"Louisiana","Lafourche Parish",4,34,1328,680,648
050,22,057,"Louisiana","Lafourche Parish",4,35,1294,640,654
050,22,057,"Louisiana","Lafourche Parish",4,36,1236,638,598
050,22,057,"Louisiana","Lafourche Parish",4,37,1244,653,591
050,22,057,"Louisiana","Lafourche Parish",4,38,1254,621,633
050,22,057,"Louisiana","Lafourche Parish",4,39,1320,641,679
050,22,057,"Louisiana","Lafourche Parish",4,40,1286,635,651
050,22,057,"Louisiana","Lafourche Parish",4,41,1259,630,629
050,22,057,"Louisiana","Lafourche Parish",4,42,1235,620,615
050,22,057,"Louisiana","Lafourche Parish",4,43,1190,612,578
050,22,057,"Louisiana","Lafourche Parish",4,44,1155,588,567
050,22,057,"Louisiana","Lafourche Parish",4,45,1135,575,560
050,22,057,"Louisiana","Lafourche Parish",4,46,1057,531,526
050,22,057,"Louisiana","Lafourche Parish",4,47,1045,519,526
050,22,057,"Louisiana","Lafourche Parish",4,48,1051,529,522
050,22,057,"Louisiana","Lafourche Parish",4,49,1077,532,545
050,22,057,"Louisiana","Lafourche Parish",4,50,1132,583,549
050,22,057,"Louisiana","Lafourche Parish",4,51,1140,554,586
050,22,057,"Louisiana","Lafourche Parish",4,52,1172,557,615
050,22,057,"Louisiana","Lafourche Parish",4,53,1173,577,596
050,22,057,"Louisiana","Lafourche Parish",4,54,1238,622,616
050,22,057,"Louisiana","Lafourche Parish",4,55,1301,629,672
050,22,057,"Louisiana","Lafourche Parish",4,56,1334,671,663
050,22,057,"Louisiana","Lafourche Parish",4,57,1404,716,688
050,22,057,"Louisiana","Lafourche Parish",4,58,1406,702,704
050,22,057,"Louisiana","Lafourche Parish",4,59,1433,689,744
050,22,057,"Louisiana","Lafourche Parish",4,60,1396,683,713
050,22,057,"Louisiana","Lafourche Parish",4,61,1342,653,689
050,22,057,"Louisiana","Lafourche Parish",4,62,1291,637,654
050,22,057,"Louisiana","Lafourche Parish",4,63,1251,630,621
050,22,057,"Louisiana","Lafourche Parish",4,64,1252,624,628
050,22,057,"Louisiana","Lafourche Parish",4,65,1195,597,598
050,22,057,"Louisiana","Lafourche Parish",4,66,1131,566,565
050,22,057,"Louisiana","Lafourche Parish",4,67,1092,555,537
050,22,057,"Louisiana","Lafourche Parish",4,68,983,485,498
050,22,057,"Louisiana","Lafourche Parish",4,69,934,450,484
050,22,057,"Louisiana","Lafourche Parish",4,70,905,418,487
050,22,057,"Louisiana","Lafourche Parish",4,71,848,397,451
050,22,057,"Louisiana","Lafourche Parish",4,72,801,389,412
050,22,057,"Louisiana","Lafourche Parish",4,73,769,364,405
050,22,057,"Louisiana","Lafourche Parish",4,74,755,346,409
050,22,057,"Louisiana","Lafourche Parish",4,75,836,386,450
050,22,057,"Louisiana","Lafourche Parish",4,76,593,274,319
050,22,057,"Louisiana","Lafourche Parish",4,77,546,233,313
050,22,057,"Louisiana","Lafourche Parish",4,78,512,216,296
050,22,057,"Louisiana","Lafourche Parish",4,79,546,248,298
050,22,057,"Louisiana","Lafourche Parish",4,80,473,201,272
050,22,057,"Louisiana","Lafourche Parish",4,81,417,180,237
050,22,057,"Louisiana","Lafourche Parish",4,82,361,161,200
050,22,057,"Louisiana","Lafourche Parish",4,83,327,136,191
050,22,057,"Louisiana","Lafourche Parish",4,84,326,136,190
050,22,057,"Louisiana","Lafourche Parish",4,85,1600,564,1036
050,22,057,"Louisiana","Lafourche Parish",5,0,1108,576,532
050,22,057,"Louisiana","Lafourche Parish",5,1,1130,580,550
050,22,057,"Louisiana","Lafourche Parish",5,2,1087,588,499
050,22,057,"Louisiana","Lafourche Parish",5,3,1090,561,529
050,22,057,"Louisiana","Lafourche Parish",5,4,1133,571,562
050,22,057,"Louisiana","Lafourche Parish",5,5,1166,567,599
050,22,057,"Louisiana","Lafourche Parish",5,6,1149,542,607
050,22,057,"Louisiana","Lafourche Parish",5,7,1201,621,580
050,22,057,"Louisiana","Lafourche Parish",5,8,1237,616,621
050,22,057,"Louisiana","Lafourche Parish",5,9,1237,633,604
050,22,057,"Louisiana","Lafourche Parish",5,10,1186,602,584
050,22,057,"Louisiana","Lafourche Parish",5,11,1205,600,605
050,22,057,"Louisiana","Lafourche Parish",5,12,1189,617,572
050,22,057,"Louisiana","Lafourche Parish",5,13,1252,661,591
050,22,057,"Louisiana","Lafourche Parish",5,14,1261,623,638
050,22,057,"Louisiana","Lafourche Parish",5,15,1279,650,629
050,22,057,"Louisiana","Lafourche Parish",5,16,1323,677,646
050,22,057,"Louisiana","Lafourche Parish",5,17,1272,663,609
050,22,057,"Louisiana","Lafourche Parish",5,18,1378,696,682
050,22,057,"Louisiana","Lafourche Parish",5,19,1394,655,739
050,22,057,"Louisiana","Lafourche Parish",5,20,1139,569,570
050,22,057,"Louisiana","Lafourche Parish",5,21,1098,575,523
050,22,057,"Louisiana","Lafourche Parish",5,22,1072,555,517
050,22,057,"Louisiana","Lafourche Parish",5,23,1154,582,572
050,22,057,"Louisiana","Lafourche Parish",5,24,1141,577,564
050,22,057,"Louisiana","Lafourche Parish",5,25,1084,575,509
050,22,057,"Louisiana","Lafourche Parish",5,26,1095,568,527
050,22,057,"Louisiana","Lafourche Parish",5,27,1142,596,546
050,22,057,"Louisiana","Lafourche Parish",5,28,1089,564,525
050,22,057,"Louisiana","Lafourche Parish",5,29,1125,578,547
050,22,057,"Louisiana","Lafourche Parish",5,30,1193,579,614
050,22,057,"Louisiana","Lafourche Parish",5,31,1270,641,629
050,22,057,"Louisiana","Lafourche Parish",5,32,1392,669,723
050,22,057,"Louisiana","Lafourche Parish",5,33,1418,680,738
050,22,057,"Louisiana","Lafourche Parish",5,34,1327,636,691
050,22,057,"Louisiana","Lafourche Parish",5,35,1290,649,641
050,22,057,"Louisiana","Lafourche Parish",5,36,1259,618,641
050,22,057,"Louisiana","Lafourche Parish",5,37,1202,618,584
050,22,057,"Louisiana","Lafourche Parish",5,38,1217,633,584
050,22,057,"Louisiana","Lafourche Parish",5,39,1257,614,643
050,22,057,"Louisiana","Lafourche Parish",5,40,1284,618,666
050,22,057,"Louisiana","Lafourche Parish",5,41,1322,657,665
050,22,057,"Louisiana","Lafourche Parish",5,42,1241,625,616
050,22,057,"Louisiana","Lafourche Parish",5,43,1220,614,606
050,22,057,"Louisiana","Lafourche Parish",5,44,1191,619,572
050,22,057,"Louisiana","Lafourche Parish",5,45,1127,570,557
050,22,057,"Louisiana","Lafourche Parish",5,46,1110,559,551
050,22,057,"Louisiana","Lafourche Parish",5,47,1040,518,522
050,22,057,"Louisiana","Lafourche Parish",5,48,1038,514,524
050,22,057,"Louisiana","Lafourche Parish",5,49,1030,520,510
050,22,057,"Louisiana","Lafourche Parish",5,50,1070,526,544
050,22,057,"Louisiana","Lafourche Parish",5,51,1105,565,540
050,22,057,"Louisiana","Lafourche Parish",5,52,1117,545,572
050,22,057,"Louisiana","Lafourche Parish",5,53,1146,553,593
050,22,057,"Louisiana","Lafourche Parish",5,54,1153,574,579
050,22,057,"Louisiana","Lafourche Parish",5,55,1219,610,609
050,22,057,"Louisiana","Lafourche Parish",5,56,1283,625,658
050,22,057,"Louisiana","Lafourche Parish",5,57,1321,660,661
050,22,057,"Louisiana","Lafourche Parish",5,58,1375,690,685
050,22,057,"Louisiana","Lafourche Parish",5,59,1373,692,681
050,22,057,"Louisiana","Lafourche Parish",5,60,1410,668,742
050,22,057,"Louisiana","Lafourche Parish",5,61,1371,671,700
050,22,057,"Louisiana","Lafourche Parish",5,62,1328,652,676
050,22,057,"Louisiana","Lafourche Parish",5,63,1282,632,650
050,22,057,"Louisiana","Lafourche Parish",5,64,1238,618,620
050,22,057,"Louisiana","Lafourche Parish",5,65,1236,609,627
050,22,057,"Louisiana","Lafourche Parish",5,66,1180,585,595
050,22,057,"Louisiana","Lafourche Parish",5,67,1102,555,547
050,22,057,"Louisiana","Lafourche Parish",5,68,1087,553,534
050,22,057,"Louisiana","Lafourche Parish",5,69,954,463,491
050,22,057,"Louisiana","Lafourche Parish",5,70,915,444,471
050,22,057,"Louisiana","Lafourche Parish",5,71,880,404,476
050,22,057,"Louisiana","Lafourche Parish",5,72,829,380,449
050,22,057,"Louisiana","Lafourche Parish",5,73,769,369,400
050,22,057,"Louisiana","Lafourche Parish",5,74,740,349,391
050,22,057,"Louisiana","Lafourche Parish",5,75,726,333,393
050,22,057,"Louisiana","Lafourche Parish",5,76,806,379,427
050,22,057,"Louisiana","Lafourche Parish",5,77,567,255,312
050,22,057,"Louisiana","Lafourche Parish",5,78,537,226,311
050,22,057,"Louisiana","Lafourche Parish",5,79,478,202,276
050,22,057,"Louisiana","Lafourche Parish",5,80,521,232,289
050,22,057,"Louisiana","Lafourche Parish",5,81,449,182,267
050,22,057,"Louisiana","Lafourche Parish",5,82,381,168,213
050,22,057,"Louisiana","Lafourche Parish",5,83,319,143,176
050,22,057,"Louisiana","Lafourche Parish",5,84,302,118,184
050,22,057,"Louisiana","Lafourche Parish",5,85,1643,593,1050
050,22,059,"Louisiana","LaSalle Parish",1,0,161,84,77
050,22,059,"Louisiana","LaSalle Parish",1,1,164,86,78
050,22,059,"Louisiana","LaSalle Parish",1,2,170,91,79
050,22,059,"Louisiana","LaSalle Parish",1,3,174,89,85
050,22,059,"Louisiana","LaSalle Parish",1,4,181,86,95
050,22,059,"Louisiana","LaSalle Parish",1,5,166,84,82
050,22,059,"Louisiana","LaSalle Parish",1,6,185,98,87
050,22,059,"Louisiana","LaSalle Parish",1,7,181,101,80
050,22,059,"Louisiana","LaSalle Parish",1,8,160,74,86
050,22,059,"Louisiana","LaSalle Parish",1,9,175,88,87
050,22,059,"Louisiana","LaSalle Parish",1,10,175,90,85
050,22,059,"Louisiana","LaSalle Parish",1,11,202,108,94
050,22,059,"Louisiana","LaSalle Parish",1,12,198,109,89
050,22,059,"Louisiana","LaSalle Parish",1,13,193,102,91
050,22,059,"Louisiana","LaSalle Parish",1,14,172,87,85
050,22,059,"Louisiana","LaSalle Parish",1,15,192,100,92
050,22,059,"Louisiana","LaSalle Parish",1,16,195,103,92
050,22,059,"Louisiana","LaSalle Parish",1,17,186,109,77
050,22,059,"Louisiana","LaSalle Parish",1,18,199,120,79
050,22,059,"Louisiana","LaSalle Parish",1,19,190,121,69
050,22,059,"Louisiana","LaSalle Parish",1,20,165,93,72
050,22,059,"Louisiana","LaSalle Parish",1,21,197,132,65
050,22,059,"Louisiana","LaSalle Parish",1,22,215,145,70
050,22,059,"Louisiana","LaSalle Parish",1,23,209,133,76
050,22,059,"Louisiana","LaSalle Parish",1,24,226,161,65
050,22,059,"Louisiana","LaSalle Parish",1,25,239,151,88
050,22,059,"Louisiana","LaSalle Parish",1,26,252,151,101
050,22,059,"Louisiana","LaSalle Parish",1,27,243,170,73
050,22,059,"Louisiana","LaSalle Parish",1,28,268,185,83
050,22,059,"Louisiana","LaSalle Parish",1,29,265,178,87
050,22,059,"Louisiana","LaSalle Parish",1,30,257,167,90
050,22,059,"Louisiana","LaSalle Parish",1,31,214,131,83
050,22,059,"Louisiana","LaSalle Parish",1,32,212,127,85
050,22,059,"Louisiana","LaSalle Parish",1,33,208,132,76
050,22,059,"Louisiana","LaSalle Parish",1,34,213,128,85
050,22,059,"Louisiana","LaSalle Parish",1,35,198,124,74
050,22,059,"Louisiana","LaSalle Parish",1,36,180,99,81
050,22,059,"Louisiana","LaSalle Parish",1,37,227,136,91
050,22,059,"Louisiana","LaSalle Parish",1,38,243,146,97
050,22,059,"Louisiana","LaSalle Parish",1,39,210,128,82
050,22,059,"Louisiana","LaSalle Parish",1,40,222,125,97
050,22,059,"Louisiana","LaSalle Parish",1,41,213,134,79
050,22,059,"Louisiana","LaSalle Parish",1,42,211,134,77
050,22,059,"Louisiana","LaSalle Parish",1,43,186,116,70
050,22,059,"Louisiana","LaSalle Parish",1,44,184,104,80
050,22,059,"Louisiana","LaSalle Parish",1,45,181,111,70
050,22,059,"Louisiana","LaSalle Parish",1,46,181,108,73
050,22,059,"Louisiana","LaSalle Parish",1,47,160,95,65
050,22,059,"Louisiana","LaSalle Parish",1,48,159,95,64
050,22,059,"Louisiana","LaSalle Parish",1,49,192,105,87
050,22,059,"Louisiana","LaSalle Parish",1,50,201,110,91
050,22,059,"Louisiana","LaSalle Parish",1,51,188,107,81
050,22,059,"Louisiana","LaSalle Parish",1,52,167,90,77
050,22,059,"Louisiana","LaSalle Parish",1,53,148,75,73
050,22,059,"Louisiana","LaSalle Parish",1,54,157,84,73
050,22,059,"Louisiana","LaSalle Parish",1,55,171,85,86
050,22,059,"Louisiana","LaSalle Parish",1,56,168,79,89
050,22,059,"Louisiana","LaSalle Parish",1,57,176,80,96
050,22,059,"Louisiana","LaSalle Parish",1,58,169,84,85
050,22,059,"Louisiana","LaSalle Parish",1,59,163,83,80
050,22,059,"Louisiana","LaSalle Parish",1,60,173,83,90
050,22,059,"Louisiana","LaSalle Parish",1,61,161,80,81
050,22,059,"Louisiana","LaSalle Parish",1,62,167,86,81
050,22,059,"Louisiana","LaSalle Parish",1,63,175,93,82
050,22,059,"Louisiana","LaSalle Parish",1,64,178,86,92
050,22,059,"Louisiana","LaSalle Parish",1,65,166,69,97
050,22,059,"Louisiana","LaSalle Parish",1,66,149,64,85
050,22,059,"Louisiana","LaSalle Parish",1,67,158,77,81
050,22,059,"Louisiana","LaSalle Parish",1,68,143,75,68
050,22,059,"Louisiana","LaSalle Parish",1,69,133,61,72
050,22,059,"Louisiana","LaSalle Parish",1,70,137,64,73
050,22,059,"Louisiana","LaSalle Parish",1,71,124,56,68
050,22,059,"Louisiana","LaSalle Parish",1,72,144,60,84
050,22,059,"Louisiana","LaSalle Parish",1,73,126,53,73
050,22,059,"Louisiana","LaSalle Parish",1,74,88,40,48
050,22,059,"Louisiana","LaSalle Parish",1,75,89,42,47
050,22,059,"Louisiana","LaSalle Parish",1,76,89,38,51
050,22,059,"Louisiana","LaSalle Parish",1,77,92,44,48
050,22,059,"Louisiana","LaSalle Parish",1,78,81,38,43
050,22,059,"Louisiana","LaSalle Parish",1,79,74,32,42
050,22,059,"Louisiana","LaSalle Parish",1,80,63,28,35
050,22,059,"Louisiana","LaSalle Parish",1,81,63,27,36
050,22,059,"Louisiana","LaSalle Parish",1,82,49,20,29
050,22,059,"Louisiana","LaSalle Parish",1,83,41,16,25
050,22,059,"Louisiana","LaSalle Parish",1,84,47,17,30
050,22,059,"Louisiana","LaSalle Parish",1,85,230,79,151
050,22,059,"Louisiana","LaSalle Parish",2,0,151,78,73
050,22,059,"Louisiana","LaSalle Parish",2,1,164,87,77
050,22,059,"Louisiana","LaSalle Parish",2,2,169,90,79
050,22,059,"Louisiana","LaSalle Parish",2,3,173,90,83
050,22,059,"Louisiana","LaSalle Parish",2,4,180,88,92
050,22,059,"Louisiana","LaSalle Parish",2,5,171,85,86
050,22,059,"Louisiana","LaSalle Parish",2,6,182,96,86
050,22,059,"Louisiana","LaSalle Parish",2,7,182,99,83
050,22,059,"Louisiana","LaSalle Parish",2,8,166,81,85
050,22,059,"Louisiana","LaSalle Parish",2,9,171,83,88
050,22,059,"Louisiana","LaSalle Parish",2,10,178,91,87
050,22,059,"Louisiana","LaSalle Parish",2,11,194,103,91
050,22,059,"Louisiana","LaSalle Parish",2,12,202,112,90
050,22,059,"Louisiana","LaSalle Parish",2,13,194,104,90
050,22,059,"Louisiana","LaSalle Parish",2,14,179,91,88
050,22,059,"Louisiana","LaSalle Parish",2,15,188,97,91
050,22,059,"Louisiana","LaSalle Parish",2,16,194,102,92
050,22,059,"Louisiana","LaSalle Parish",2,17,188,109,79
050,22,059,"Louisiana","LaSalle Parish",2,18,195,120,75
050,22,059,"Louisiana","LaSalle Parish",2,19,193,125,68
050,22,059,"Louisiana","LaSalle Parish",2,20,170,97,73
050,22,059,"Louisiana","LaSalle Parish",2,21,199,130,69
050,22,059,"Louisiana","LaSalle Parish",2,22,214,145,69
050,22,059,"Louisiana","LaSalle Parish",2,23,214,137,77
050,22,059,"Louisiana","LaSalle Parish",2,24,225,157,68
050,22,059,"Louisiana","LaSalle Parish",2,25,237,152,85
050,22,059,"Louisiana","LaSalle Parish",2,26,246,150,96
050,22,059,"Louisiana","LaSalle Parish",2,27,243,164,79
050,22,059,"Louisiana","LaSalle Parish",2,28,271,188,83
050,22,059,"Louisiana","LaSalle Parish",2,29,266,180,86
050,22,059,"Louisiana","LaSalle Parish",2,30,261,169,92
050,22,059,"Louisiana","LaSalle Parish",2,31,218,135,83
050,22,059,"Louisiana","LaSalle Parish",2,32,213,126,87
050,22,059,"Louisiana","LaSalle Parish",2,33,212,133,79
050,22,059,"Louisiana","LaSalle Parish",2,34,206,124,82
050,22,059,"Louisiana","LaSalle Parish",2,35,204,128,76
050,22,059,"Louisiana","LaSalle Parish",2,36,178,100,78
050,22,059,"Louisiana","LaSalle Parish",2,37,224,135,89
050,22,059,"Louisiana","LaSalle Parish",2,38,242,145,97
050,22,059,"Louisiana","LaSalle Parish",2,39,214,129,85
050,22,059,"Louisiana","LaSalle Parish",2,40,220,125,95
050,22,059,"Louisiana","LaSalle Parish",2,41,216,135,81
050,22,059,"Louisiana","LaSalle Parish",2,42,211,134,77
050,22,059,"Louisiana","LaSalle Parish",2,43,190,118,72
050,22,059,"Louisiana","LaSalle Parish",2,44,184,106,78
050,22,059,"Louisiana","LaSalle Parish",2,45,180,107,73
050,22,059,"Louisiana","LaSalle Parish",2,46,181,110,71
050,22,059,"Louisiana","LaSalle Parish",2,47,164,97,67
050,22,059,"Louisiana","LaSalle Parish",2,48,157,92,65
050,22,059,"Louisiana","LaSalle Parish",2,49,190,107,83
050,22,059,"Louisiana","LaSalle Parish",2,50,200,109,91
050,22,059,"Louisiana","LaSalle Parish",2,51,188,106,82
050,22,059,"Louisiana","LaSalle Parish",2,52,169,92,77
050,22,059,"Louisiana","LaSalle Parish",2,53,152,76,76
050,22,059,"Louisiana","LaSalle Parish",2,54,155,84,71
050,22,059,"Louisiana","LaSalle Parish",2,55,167,84,83
050,22,059,"Louisiana","LaSalle Parish",2,56,169,80,89
050,22,059,"Louisiana","LaSalle Parish",2,57,172,78,94
050,22,059,"Louisiana","LaSalle Parish",2,58,169,82,87
050,22,059,"Louisiana","LaSalle Parish",2,59,165,83,82
050,22,059,"Louisiana","LaSalle Parish",2,60,172,84,88
050,22,059,"Louisiana","LaSalle Parish",2,61,164,81,83
050,22,059,"Louisiana","LaSalle Parish",2,62,166,83,83
050,22,059,"Louisiana","LaSalle Parish",2,63,174,93,81
050,22,059,"Louisiana","LaSalle Parish",2,64,178,87,91
050,22,059,"Louisiana","LaSalle Parish",2,65,170,73,97
050,22,059,"Louisiana","LaSalle Parish",2,66,153,65,88
050,22,059,"Louisiana","LaSalle Parish",2,67,153,72,81
050,22,059,"Louisiana","LaSalle Parish",2,68,146,75,71
050,22,059,"Louisiana","LaSalle Parish",2,69,138,66,72
050,22,059,"Louisiana","LaSalle Parish",2,70,134,60,74
050,22,059,"Louisiana","LaSalle Parish",2,71,127,58,69
050,22,059,"Louisiana","LaSalle Parish",2,72,137,58,79
050,22,059,"Louisiana","LaSalle Parish",2,73,136,57,79
050,22,059,"Louisiana","LaSalle Parish",2,74,89,39,50
050,22,059,"Louisiana","LaSalle Parish",2,75,89,42,47
050,22,059,"Louisiana","LaSalle Parish",2,76,87,39,48
050,22,059,"Louisiana","LaSalle Parish",2,77,91,44,47
050,22,059,"Louisiana","LaSalle Parish",2,78,81,38,43
050,22,059,"Louisiana","LaSalle Parish",2,79,73,31,42
050,22,059,"Louisiana","LaSalle Parish",2,80,66,29,37
050,22,059,"Louisiana","LaSalle Parish",2,81,62,26,36
050,22,059,"Louisiana","LaSalle Parish",2,82,51,21,30
050,22,059,"Louisiana","LaSalle Parish",2,83,43,16,27
050,22,059,"Louisiana","LaSalle Parish",2,84,45,16,29
050,22,059,"Louisiana","LaSalle Parish",2,85,228,78,150
050,22,059,"Louisiana","LaSalle Parish",3,0,165,80,85
050,22,059,"Louisiana","LaSalle Parish",3,1,164,85,79
050,22,059,"Louisiana","LaSalle Parish",3,2,153,87,66
050,22,059,"Louisiana","LaSalle Parish",3,3,162,82,80
050,22,059,"Louisiana","LaSalle Parish",3,4,183,94,89
050,22,059,"Louisiana","LaSalle Parish",3,5,187,90,97
050,22,059,"Louisiana","LaSalle Parish",3,6,178,90,88
050,22,059,"Louisiana","LaSalle Parish",3,7,185,97,88
050,22,059,"Louisiana","LaSalle Parish",3,8,186,98,88
050,22,059,"Louisiana","LaSalle Parish",3,9,160,76,84
050,22,059,"Louisiana","LaSalle Parish",3,10,174,86,88
050,22,059,"Louisiana","LaSalle Parish",3,11,183,100,83
050,22,059,"Louisiana","LaSalle Parish",3,12,193,105,88
050,22,059,"Louisiana","LaSalle Parish",3,13,208,110,98
050,22,059,"Louisiana","LaSalle Parish",3,14,198,104,94
050,22,059,"Louisiana","LaSalle Parish",3,15,177,88,89
050,22,059,"Louisiana","LaSalle Parish",3,16,181,91,90
050,22,059,"Louisiana","LaSalle Parish",3,17,197,104,93
050,22,059,"Louisiana","LaSalle Parish",3,18,186,122,64
050,22,059,"Louisiana","LaSalle Parish",3,19,190,136,54
050,22,059,"Louisiana","LaSalle Parish",3,20,170,104,66
050,22,059,"Louisiana","LaSalle Parish",3,21,210,128,82
050,22,059,"Louisiana","LaSalle Parish",3,22,217,144,73
050,22,059,"Louisiana","LaSalle Parish",3,23,236,149,87
050,22,059,"Louisiana","LaSalle Parish",3,24,251,165,86
050,22,059,"Louisiana","LaSalle Parish",3,25,228,150,78
050,22,059,"Louisiana","LaSalle Parish",3,26,228,146,82
050,22,059,"Louisiana","LaSalle Parish",3,27,240,150,90
050,22,059,"Louisiana","LaSalle Parish",3,28,267,186,81
050,22,059,"Louisiana","LaSalle Parish",3,29,251,173,78
050,22,059,"Louisiana","LaSalle Parish",3,30,259,174,85
050,22,059,"Louisiana","LaSalle Parish",3,31,247,156,91
050,22,059,"Louisiana","LaSalle Parish",3,32,221,135,86
050,22,059,"Louisiana","LaSalle Parish",3,33,222,139,83
050,22,059,"Louisiana","LaSalle Parish",3,34,182,107,75
050,22,059,"Louisiana","LaSalle Parish",3,35,209,126,83
050,22,059,"Louisiana","LaSalle Parish",3,36,178,104,74
050,22,059,"Louisiana","LaSalle Parish",3,37,205,124,81
050,22,059,"Louisiana","LaSalle Parish",3,38,228,134,94
050,22,059,"Louisiana","LaSalle Parish",3,39,223,134,89
050,22,059,"Louisiana","LaSalle Parish",3,40,207,119,88
050,22,059,"Louisiana","LaSalle Parish",3,41,230,138,92
050,22,059,"Louisiana","LaSalle Parish",3,42,215,133,82
050,22,059,"Louisiana","LaSalle Parish",3,43,197,121,76
050,22,059,"Louisiana","LaSalle Parish",3,44,206,122,84
050,22,059,"Louisiana","LaSalle Parish",3,45,172,97,75
050,22,059,"Louisiana","LaSalle Parish",3,46,178,109,69
050,22,059,"Louisiana","LaSalle Parish",3,47,176,104,72
050,22,059,"Louisiana","LaSalle Parish",3,48,147,80,67
050,22,059,"Louisiana","LaSalle Parish",3,49,174,107,67
050,22,059,"Louisiana","LaSalle Parish",3,50,192,109,83
050,22,059,"Louisiana","LaSalle Parish",3,51,196,105,91
050,22,059,"Louisiana","LaSalle Parish",3,52,182,101,81
050,22,059,"Louisiana","LaSalle Parish",3,53,159,82,77
050,22,059,"Louisiana","LaSalle Parish",3,54,159,85,74
050,22,059,"Louisiana","LaSalle Parish",3,55,148,77,71
050,22,059,"Louisiana","LaSalle Parish",3,56,162,80,82
050,22,059,"Louisiana","LaSalle Parish",3,57,166,77,89
050,22,059,"Louisiana","LaSalle Parish",3,58,164,77,87
050,22,059,"Louisiana","LaSalle Parish",3,59,172,80,92
050,22,059,"Louisiana","LaSalle Parish",3,60,167,89,78
050,22,059,"Louisiana","LaSalle Parish",3,61,167,83,84
050,22,059,"Louisiana","LaSalle Parish",3,62,160,77,83
050,22,059,"Louisiana","LaSalle Parish",3,63,159,78,81
050,22,059,"Louisiana","LaSalle Parish",3,64,168,92,76
050,22,059,"Louisiana","LaSalle Parish",3,65,175,80,95
050,22,059,"Louisiana","LaSalle Parish",3,66,168,75,93
050,22,059,"Louisiana","LaSalle Parish",3,67,149,63,86
050,22,059,"Louisiana","LaSalle Parish",3,68,147,73,74
050,22,059,"Louisiana","LaSalle Parish",3,69,151,78,73
050,22,059,"Louisiana","LaSalle Parish",3,70,133,61,72
050,22,059,"Louisiana","LaSalle Parish",3,71,126,56,70
050,22,059,"Louisiana","LaSalle Parish",3,72,122,54,68
050,22,059,"Louisiana","LaSalle Parish",3,73,123,50,73
050,22,059,"Louisiana","LaSalle Parish",3,74,133,58,75
050,22,059,"Louisiana","LaSalle Parish",3,75,83,36,47
050,22,059,"Louisiana","LaSalle Parish",3,76,86,40,46
050,22,059,"Louisiana","LaSalle Parish",3,77,87,41,46
050,22,059,"Louisiana","LaSalle Parish",3,78,84,40,44
050,22,059,"Louisiana","LaSalle Parish",3,79,76,34,42
050,22,059,"Louisiana","LaSalle Parish",3,80,71,28,43
050,22,059,"Louisiana","LaSalle Parish",3,81,65,25,40
050,22,059,"Louisiana","LaSalle Parish",3,82,52,23,29
050,22,059,"Louisiana","LaSalle Parish",3,83,55,22,33
050,22,059,"Louisiana","LaSalle Parish",3,84,37,15,22
050,22,059,"Louisiana","LaSalle Parish",3,85,214,65,149
050,22,059,"Louisiana","LaSalle Parish",4,0,168,88,80
050,22,059,"Louisiana","LaSalle Parish",4,1,164,74,90
050,22,059,"Louisiana","LaSalle Parish",4,2,160,86,74
050,22,059,"Louisiana","LaSalle Parish",4,3,157,90,67
050,22,059,"Louisiana","LaSalle Parish",4,4,166,88,78
050,22,059,"Louisiana","LaSalle Parish",4,5,183,98,85
050,22,059,"Louisiana","LaSalle Parish",4,6,183,83,100
050,22,059,"Louisiana","LaSalle Parish",4,7,172,86,86
050,22,059,"Louisiana","LaSalle Parish",4,8,182,93,89
050,22,059,"Louisiana","LaSalle Parish",4,9,185,99,86
050,22,059,"Louisiana","LaSalle Parish",4,10,157,77,80
050,22,059,"Louisiana","LaSalle Parish",4,11,180,91,89
050,22,059,"Louisiana","LaSalle Parish",4,12,182,94,88
050,22,059,"Louisiana","LaSalle Parish",4,13,199,107,92
050,22,059,"Louisiana","LaSalle Parish",4,14,205,111,94
050,22,059,"Louisiana","LaSalle Parish",4,15,197,104,93
050,22,059,"Louisiana","LaSalle Parish",4,16,191,97,94
050,22,059,"Louisiana","LaSalle Parish",4,17,175,91,84
050,22,059,"Louisiana","LaSalle Parish",4,18,195,114,81
050,22,059,"Louisiana","LaSalle Parish",4,19,182,132,50
050,22,059,"Louisiana","LaSalle Parish",4,20,169,111,58
050,22,059,"Louisiana","LaSalle Parish",4,21,209,133,76
050,22,059,"Louisiana","LaSalle Parish",4,22,225,138,87
050,22,059,"Louisiana","LaSalle Parish",4,23,227,142,85
050,22,059,"Louisiana","LaSalle Parish",4,24,250,166,84
050,22,059,"Louisiana","LaSalle Parish",4,25,252,161,91
050,22,059,"Louisiana","LaSalle Parish",4,26,218,149,69
050,22,059,"Louisiana","LaSalle Parish",4,27,213,136,77
050,22,059,"Louisiana","LaSalle Parish",4,28,262,172,90
050,22,059,"Louisiana","LaSalle Parish",4,29,255,178,77
050,22,059,"Louisiana","LaSalle Parish",4,30,249,170,79
050,22,059,"Louisiana","LaSalle Parish",4,31,243,160,83
050,22,059,"Louisiana","LaSalle Parish",4,32,240,139,101
050,22,059,"Louisiana","LaSalle Parish",4,33,229,144,85
050,22,059,"Louisiana","LaSalle Parish",4,34,211,123,88
050,22,059,"Louisiana","LaSalle Parish",4,35,191,117,74
050,22,059,"Louisiana","LaSalle Parish",4,36,190,107,83
050,22,059,"Louisiana","LaSalle Parish",4,37,207,132,75
050,22,059,"Louisiana","LaSalle Parish",4,38,211,123,88
050,22,059,"Louisiana","LaSalle Parish",4,39,211,123,88
050,22,059,"Louisiana","LaSalle Parish",4,40,225,129,96
050,22,059,"Louisiana","LaSalle Parish",4,41,212,127,85
050,22,059,"Louisiana","LaSalle Parish",4,42,228,137,91
050,22,059,"Louisiana","LaSalle Parish",4,43,207,125,82
050,22,059,"Louisiana","LaSalle Parish",4,44,208,128,80
050,22,059,"Louisiana","LaSalle Parish",4,45,183,109,74
050,22,059,"Louisiana","LaSalle Parish",4,46,174,100,74
050,22,059,"Louisiana","LaSalle Parish",4,47,169,101,68
050,22,059,"Louisiana","LaSalle Parish",4,48,164,96,68
050,22,059,"Louisiana","LaSalle Parish",4,49,159,93,66
050,22,059,"Louisiana","LaSalle Parish",4,50,172,106,66
050,22,059,"Louisiana","LaSalle Parish",4,51,179,98,81
050,22,059,"Louisiana","LaSalle Parish",4,52,192,99,93
050,22,059,"Louisiana","LaSalle Parish",4,53,174,87,87
050,22,059,"Louisiana","LaSalle Parish",4,54,168,95,73
050,22,059,"Louisiana","LaSalle Parish",4,55,153,79,74
050,22,059,"Louisiana","LaSalle Parish",4,56,144,73,71
050,22,059,"Louisiana","LaSalle Parish",4,57,166,78,88
050,22,059,"Louisiana","LaSalle Parish",4,58,165,77,88
050,22,059,"Louisiana","LaSalle Parish",4,59,161,72,89
050,22,059,"Louisiana","LaSalle Parish",4,60,176,84,92
050,22,059,"Louisiana","LaSalle Parish",4,61,160,88,72
050,22,059,"Louisiana","LaSalle Parish",4,62,158,77,81
050,22,059,"Louisiana","LaSalle Parish",4,63,159,76,83
050,22,059,"Louisiana","LaSalle Parish",4,64,149,69,80
050,22,059,"Louisiana","LaSalle Parish",4,65,167,90,77
050,22,059,"Louisiana","LaSalle Parish",4,66,174,81,93
050,22,059,"Louisiana","LaSalle Parish",4,67,160,70,90
050,22,059,"Louisiana","LaSalle Parish",4,68,142,62,80
050,22,059,"Louisiana","LaSalle Parish",4,69,150,73,77
050,22,059,"Louisiana","LaSalle Parish",4,70,147,75,72
050,22,059,"Louisiana","LaSalle Parish",4,71,125,58,67
050,22,059,"Louisiana","LaSalle Parish",4,72,124,54,70
050,22,059,"Louisiana","LaSalle Parish",4,73,116,51,65
050,22,059,"Louisiana","LaSalle Parish",4,74,120,50,70
050,22,059,"Louisiana","LaSalle Parish",4,75,130,57,73
050,22,059,"Louisiana","LaSalle Parish",4,76,77,33,44
050,22,059,"Louisiana","LaSalle Parish",4,77,80,38,42
050,22,059,"Louisiana","LaSalle Parish",4,78,84,37,47
050,22,059,"Louisiana","LaSalle Parish",4,79,84,41,43
050,22,059,"Louisiana","LaSalle Parish",4,80,70,31,39
050,22,059,"Louisiana","LaSalle Parish",4,81,66,22,44
050,22,059,"Louisiana","LaSalle Parish",4,82,55,20,35
050,22,059,"Louisiana","LaSalle Parish",4,83,54,22,32
050,22,059,"Louisiana","LaSalle Parish",4,84,49,17,32
050,22,059,"Louisiana","LaSalle Parish",4,85,197,60,137
050,22,059,"Louisiana","LaSalle Parish",5,0,167,89,78
050,22,059,"Louisiana","LaSalle Parish",5,1,181,94,87
050,22,059,"Louisiana","LaSalle Parish",5,2,152,68,84
050,22,059,"Louisiana","LaSalle Parish",5,3,159,86,73
050,22,059,"Louisiana","LaSalle Parish",5,4,156,86,70
050,22,059,"Louisiana","LaSalle Parish",5,5,170,88,82
050,22,059,"Louisiana","LaSalle Parish",5,6,181,100,81
050,22,059,"Louisiana","LaSalle Parish",5,7,182,87,95
050,22,059,"Louisiana","LaSalle Parish",5,8,163,82,81
050,22,059,"Louisiana","LaSalle Parish",5,9,181,94,87
050,22,059,"Louisiana","LaSalle Parish",5,10,187,99,88
050,22,059,"Louisiana","LaSalle Parish",5,11,157,84,73
050,22,059,"Louisiana","LaSalle Parish",5,12,179,89,90
050,22,059,"Louisiana","LaSalle Parish",5,13,188,99,89
050,22,059,"Louisiana","LaSalle Parish",5,14,197,105,92
050,22,059,"Louisiana","LaSalle Parish",5,15,208,112,96
050,22,059,"Louisiana","LaSalle Parish",5,16,192,101,91
050,22,059,"Louisiana","LaSalle Parish",5,17,190,98,92
050,22,059,"Louisiana","LaSalle Parish",5,18,172,97,75
050,22,059,"Louisiana","LaSalle Parish",5,19,196,134,62
050,22,059,"Louisiana","LaSalle Parish",5,20,172,116,56
050,22,059,"Louisiana","LaSalle Parish",5,21,209,140,69
050,22,059,"Louisiana","LaSalle Parish",5,22,222,143,79
050,22,059,"Louisiana","LaSalle Parish",5,23,235,141,94
050,22,059,"Louisiana","LaSalle Parish",5,24,255,165,90
050,22,059,"Louisiana","LaSalle Parish",5,25,260,166,94
050,22,059,"Louisiana","LaSalle Parish",5,26,237,148,89
050,22,059,"Louisiana","LaSalle Parish",5,27,204,141,63
050,22,059,"Louisiana","LaSalle Parish",5,28,236,156,80
050,22,059,"Louisiana","LaSalle Parish",5,29,249,165,84
050,22,059,"Louisiana","LaSalle Parish",5,30,251,176,75
050,22,059,"Louisiana","LaSalle Parish",5,31,253,171,82
050,22,059,"Louisiana","LaSalle Parish",5,32,236,148,88
050,22,059,"Louisiana","LaSalle Parish",5,33,247,148,99
050,22,059,"Louisiana","LaSalle Parish",5,34,195,118,77
050,22,059,"Louisiana","LaSalle Parish",5,35,209,128,81
050,22,059,"Louisiana","LaSalle Parish",5,36,171,93,78
050,22,059,"Louisiana","LaSalle Parish",5,37,220,134,86
050,22,059,"Louisiana","LaSalle Parish",5,38,217,133,84
050,22,059,"Louisiana","LaSalle Parish",5,39,194,111,83
050,22,059,"Louisiana","LaSalle Parish",5,40,205,112,93
050,22,059,"Louisiana","LaSalle Parish",5,41,225,136,89
050,22,059,"Louisiana","LaSalle Parish",5,42,203,122,81
050,22,059,"Louisiana","LaSalle Parish",5,43,219,127,92
050,22,059,"Louisiana","LaSalle Parish",5,44,205,121,84
050,22,059,"Louisiana","LaSalle Parish",5,45,189,110,79
050,22,059,"Louisiana","LaSalle Parish",5,46,185,112,73
050,22,059,"Louisiana","LaSalle Parish",5,47,168,95,73
050,22,059,"Louisiana","LaSalle Parish",5,48,161,91,70
050,22,059,"Louisiana","LaSalle Parish",5,49,177,108,69
050,22,059,"Louisiana","LaSalle Parish",5,50,160,95,65
050,22,059,"Louisiana","LaSalle Parish",5,51,161,98,63
050,22,059,"Louisiana","LaSalle Parish",5,52,170,91,79
050,22,059,"Louisiana","LaSalle Parish",5,53,185,91,94
050,22,059,"Louisiana","LaSalle Parish",5,54,180,89,91
050,22,059,"Louisiana","LaSalle Parish",5,55,164,91,73
050,22,059,"Louisiana","LaSalle Parish",5,56,148,72,76
050,22,059,"Louisiana","LaSalle Parish",5,57,146,72,74
050,22,059,"Louisiana","LaSalle Parish",5,58,159,75,84
050,22,059,"Louisiana","LaSalle Parish",5,59,155,69,86
050,22,059,"Louisiana","LaSalle Parish",5,60,164,78,86
050,22,059,"Louisiana","LaSalle Parish",5,61,172,83,89
050,22,059,"Louisiana","LaSalle Parish",5,62,155,82,73
050,22,059,"Louisiana","LaSalle Parish",5,63,154,76,78
050,22,059,"Louisiana","LaSalle Parish",5,64,150,71,79
050,22,059,"Louisiana","LaSalle Parish",5,65,148,68,80
050,22,059,"Louisiana","LaSalle Parish",5,66,164,89,75
050,22,059,"Louisiana","LaSalle Parish",5,67,169,77,92
050,22,059,"Louisiana","LaSalle Parish",5,68,158,73,85
050,22,059,"Louisiana","LaSalle Parish",5,69,144,64,80
050,22,059,"Louisiana","LaSalle Parish",5,70,151,72,79
050,22,059,"Louisiana","LaSalle Parish",5,71,140,73,67
050,22,059,"Louisiana","LaSalle Parish",5,72,125,57,68
050,22,059,"Louisiana","LaSalle Parish",5,73,117,50,67
050,22,059,"Louisiana","LaSalle Parish",5,74,116,52,64
050,22,059,"Louisiana","LaSalle Parish",5,75,113,46,67
050,22,059,"Louisiana","LaSalle Parish",5,76,125,55,70
050,22,059,"Louisiana","LaSalle Parish",5,77,74,33,41
050,22,059,"Louisiana","LaSalle Parish",5,78,77,35,42
050,22,059,"Louisiana","LaSalle Parish",5,79,86,38,48
050,22,059,"Louisiana","LaSalle Parish",5,80,76,36,40
050,22,059,"Louisiana","LaSalle Parish",5,81,64,25,39
050,22,059,"Louisiana","LaSalle Parish",5,82,53,16,37
050,22,059,"Louisiana","LaSalle Parish",5,83,59,19,40
050,22,059,"Louisiana","LaSalle Parish",5,84,47,18,29
050,22,059,"Louisiana","LaSalle Parish",5,85,204,61,143
050,22,061,"Louisiana","Lincoln Parish",1,0,515,260,255
050,22,061,"Louisiana","Lincoln Parish",1,1,473,221,252
050,22,061,"Louisiana","Lincoln Parish",1,2,546,290,256
050,22,061,"Louisiana","Lincoln Parish",1,3,547,285,262
050,22,061,"Louisiana","Lincoln Parish",1,4,533,257,276
050,22,061,"Louisiana","Lincoln Parish",1,5,503,232,271
050,22,061,"Louisiana","Lincoln Parish",1,6,525,271,254
050,22,061,"Louisiana","Lincoln Parish",1,7,553,279,274
050,22,061,"Louisiana","Lincoln Parish",1,8,533,275,258
050,22,061,"Louisiana","Lincoln Parish",1,9,547,277,270
050,22,061,"Louisiana","Lincoln Parish",1,10,522,269,253
050,22,061,"Louisiana","Lincoln Parish",1,11,496,266,230
050,22,061,"Louisiana","Lincoln Parish",1,12,551,291,260
050,22,061,"Louisiana","Lincoln Parish",1,13,561,287,274
050,22,061,"Louisiana","Lincoln Parish",1,14,567,292,275
050,22,061,"Louisiana","Lincoln Parish",1,15,525,266,259
050,22,061,"Louisiana","Lincoln Parish",1,16,528,271,257
050,22,061,"Louisiana","Lincoln Parish",1,17,563,281,282
050,22,061,"Louisiana","Lincoln Parish",1,18,1286,588,698
050,22,061,"Louisiana","Lincoln Parish",1,19,2315,1169,1146
050,22,061,"Louisiana","Lincoln Parish",1,20,2321,1083,1238
050,22,061,"Louisiana","Lincoln Parish",1,21,2326,1204,1122
050,22,061,"Louisiana","Lincoln Parish",1,22,1742,889,853
050,22,061,"Louisiana","Lincoln Parish",1,23,1235,683,552
050,22,061,"Louisiana","Lincoln Parish",1,24,1130,580,550
050,22,061,"Louisiana","Lincoln Parish",1,25,758,391,367
050,22,061,"Louisiana","Lincoln Parish",1,26,663,355,308
050,22,061,"Louisiana","Lincoln Parish",1,27,589,302,287
050,22,061,"Louisiana","Lincoln Parish",1,28,570,279,291
050,22,061,"Louisiana","Lincoln Parish",1,29,567,281,286
050,22,061,"Louisiana","Lincoln Parish",1,30,500,269,231
050,22,061,"Louisiana","Lincoln Parish",1,31,480,229,251
050,22,061,"Louisiana","Lincoln Parish",1,32,481,232,249
050,22,061,"Louisiana","Lincoln Parish",1,33,519,256,263
050,22,061,"Louisiana","Lincoln Parish",1,34,525,250,275
050,22,061,"Louisiana","Lincoln Parish",1,35,506,267,239
050,22,061,"Louisiana","Lincoln Parish",1,36,518,251,267
050,22,061,"Louisiana","Lincoln Parish",1,37,541,271,270
050,22,061,"Louisiana","Lincoln Parish",1,38,555,275,280
050,22,061,"Louisiana","Lincoln Parish",1,39,564,278,286
050,22,061,"Louisiana","Lincoln Parish",1,40,548,268,280
050,22,061,"Louisiana","Lincoln Parish",1,41,513,265,248
050,22,061,"Louisiana","Lincoln Parish",1,42,456,238,218
050,22,061,"Louisiana","Lincoln Parish",1,43,427,208,219
050,22,061,"Louisiana","Lincoln Parish",1,44,419,206,213
050,22,061,"Louisiana","Lincoln Parish",1,45,417,210,207
050,22,061,"Louisiana","Lincoln Parish",1,46,407,205,202
050,22,061,"Louisiana","Lincoln Parish",1,47,433,215,218
050,22,061,"Louisiana","Lincoln Parish",1,48,444,200,244
050,22,061,"Louisiana","Lincoln Parish",1,49,447,207,240
050,22,061,"Louisiana","Lincoln Parish",1,50,455,230,225
050,22,061,"Louisiana","Lincoln Parish",1,51,431,234,197
050,22,061,"Louisiana","Lincoln Parish",1,52,407,206,201
050,22,061,"Louisiana","Lincoln Parish",1,53,401,190,211
050,22,061,"Louisiana","Lincoln Parish",1,54,430,177,253
050,22,061,"Louisiana","Lincoln Parish",1,55,454,206,248
050,22,061,"Louisiana","Lincoln Parish",1,56,499,248,251
050,22,061,"Louisiana","Lincoln Parish",1,57,502,240,262
050,22,061,"Louisiana","Lincoln Parish",1,58,503,236,267
050,22,061,"Louisiana","Lincoln Parish",1,59,469,222,247
050,22,061,"Louisiana","Lincoln Parish",1,60,472,235,237
050,22,061,"Louisiana","Lincoln Parish",1,61,464,227,237
050,22,061,"Louisiana","Lincoln Parish",1,62,470,217,253
050,22,061,"Louisiana","Lincoln Parish",1,63,456,210,246
050,22,061,"Louisiana","Lincoln Parish",1,64,466,219,247
050,22,061,"Louisiana","Lincoln Parish",1,65,459,231,228
050,22,061,"Louisiana","Lincoln Parish",1,66,422,210,212
050,22,061,"Louisiana","Lincoln Parish",1,67,414,198,216
050,22,061,"Louisiana","Lincoln Parish",1,68,436,204,232
050,22,061,"Louisiana","Lincoln Parish",1,69,407,188,219
050,22,061,"Louisiana","Lincoln Parish",1,70,398,183,215
050,22,061,"Louisiana","Lincoln Parish",1,71,384,189,195
050,22,061,"Louisiana","Lincoln Parish",1,72,388,176,212
050,22,061,"Louisiana","Lincoln Parish",1,73,377,159,218
050,22,061,"Louisiana","Lincoln Parish",1,74,261,107,154
050,22,061,"Louisiana","Lincoln Parish",1,75,251,119,132
050,22,061,"Louisiana","Lincoln Parish",1,76,228,109,119
050,22,061,"Louisiana","Lincoln Parish",1,77,231,97,134
050,22,061,"Louisiana","Lincoln Parish",1,78,215,91,124
050,22,061,"Louisiana","Lincoln Parish",1,79,209,95,114
050,22,061,"Louisiana","Lincoln Parish",1,80,187,77,110
050,22,061,"Louisiana","Lincoln Parish",1,81,176,68,108
050,22,061,"Louisiana","Lincoln Parish",1,82,176,68,108
050,22,061,"Louisiana","Lincoln Parish",1,83,139,56,83
050,22,061,"Louisiana","Lincoln Parish",1,84,124,49,75
050,22,061,"Louisiana","Lincoln Parish",1,85,850,269,581
050,22,061,"Louisiana","Lincoln Parish",2,0,513,260,253
050,22,061,"Louisiana","Lincoln Parish",2,1,477,229,248
050,22,061,"Louisiana","Lincoln Parish",2,2,527,272,255
050,22,061,"Louisiana","Lincoln Parish",2,3,542,282,260
050,22,061,"Louisiana","Lincoln Parish",2,4,533,261,272
050,22,061,"Louisiana","Lincoln Parish",2,5,506,237,269
050,22,061,"Louisiana","Lincoln Parish",2,6,517,260,257
050,22,061,"Louisiana","Lincoln Parish",2,7,540,276,264
050,22,061,"Louisiana","Lincoln Parish",2,8,533,273,260
050,22,061,"Louisiana","Lincoln Parish",2,9,541,274,267
050,22,061,"Louisiana","Lincoln Parish",2,10,523,269,254
050,22,061,"Louisiana","Lincoln Parish",2,11,497,265,232
050,22,061,"Louisiana","Lincoln Parish",2,12,542,287,255
050,22,061,"Louisiana","Lincoln Parish",2,13,562,292,270
050,22,061,"Louisiana","Lincoln Parish",2,14,566,293,273
050,22,061,"Louisiana","Lincoln Parish",2,15,537,274,263
050,22,061,"Louisiana","Lincoln Parish",2,16,526,267,259
050,22,061,"Louisiana","Lincoln Parish",2,17,556,276,280
050,22,061,"Louisiana","Lincoln Parish",2,18,1287,586,701
050,22,061,"Louisiana","Lincoln Parish",2,19,2304,1165,1139
050,22,061,"Louisiana","Lincoln Parish",2,20,2318,1075,1243
050,22,061,"Louisiana","Lincoln Parish",2,21,2322,1204,1118
050,22,061,"Louisiana","Lincoln Parish",2,22,1737,888,849
050,22,061,"Louisiana","Lincoln Parish",2,23,1245,687,558
050,22,061,"Louisiana","Lincoln Parish",2,24,1112,570,542
050,22,061,"Louisiana","Lincoln Parish",2,25,773,399,374
050,22,061,"Louisiana","Lincoln Parish",2,26,649,345,304
050,22,061,"Louisiana","Lincoln Parish",2,27,582,300,282
050,22,061,"Louisiana","Lincoln Parish",2,28,569,283,286
050,22,061,"Louisiana","Lincoln Parish",2,29,564,278,286
050,22,061,"Louisiana","Lincoln Parish",2,30,510,266,244
050,22,061,"Louisiana","Lincoln Parish",2,31,484,239,245
050,22,061,"Louisiana","Lincoln Parish",2,32,478,232,246
050,22,061,"Louisiana","Lincoln Parish",2,33,504,247,257
050,22,061,"Louisiana","Lincoln Parish",2,34,514,247,267
050,22,061,"Louisiana","Lincoln Parish",2,35,507,261,246
050,22,061,"Louisiana","Lincoln Parish",2,36,510,253,257
050,22,061,"Louisiana","Lincoln Parish",2,37,532,264,268
050,22,061,"Louisiana","Lincoln Parish",2,38,551,274,277
050,22,061,"Louisiana","Lincoln Parish",2,39,558,275,283
050,22,061,"Louisiana","Lincoln Parish",2,40,558,275,283
050,22,061,"Louisiana","Lincoln Parish",2,41,520,265,255
050,22,061,"Louisiana","Lincoln Parish",2,42,463,240,223
050,22,061,"Louisiana","Lincoln Parish",2,43,438,217,221
050,22,061,"Louisiana","Lincoln Parish",2,44,412,201,211
050,22,061,"Louisiana","Lincoln Parish",2,45,418,209,209
050,22,061,"Louisiana","Lincoln Parish",2,46,409,207,202
050,22,061,"Louisiana","Lincoln Parish",2,47,427,211,216
050,22,061,"Louisiana","Lincoln Parish",2,48,439,202,237
050,22,061,"Louisiana","Lincoln Parish",2,49,450,207,243
050,22,061,"Louisiana","Lincoln Parish",2,50,454,225,229
050,22,061,"Louisiana","Lincoln Parish",2,51,435,231,204
050,22,061,"Louisiana","Lincoln Parish",2,52,411,210,201
050,22,061,"Louisiana","Lincoln Parish",2,53,399,192,207
050,22,061,"Louisiana","Lincoln Parish",2,54,420,177,243
050,22,061,"Louisiana","Lincoln Parish",2,55,447,199,248
050,22,061,"Louisiana","Lincoln Parish",2,56,491,241,250
050,22,061,"Louisiana","Lincoln Parish",2,57,501,242,259
050,22,061,"Louisiana","Lincoln Parish",2,58,504,236,268
050,22,061,"Louisiana","Lincoln Parish",2,59,478,226,252
050,22,061,"Louisiana","Lincoln Parish",2,60,474,233,241
050,22,061,"Louisiana","Lincoln Parish",2,61,470,230,240
050,22,061,"Louisiana","Lincoln Parish",2,62,469,220,249
050,22,061,"Louisiana","Lincoln Parish",2,63,465,214,251
050,22,061,"Louisiana","Lincoln Parish",2,64,457,213,244
050,22,061,"Louisiana","Lincoln Parish",2,65,462,228,234
050,22,061,"Louisiana","Lincoln Parish",2,66,433,216,217
050,22,061,"Louisiana","Lincoln Parish",2,67,414,199,215
050,22,061,"Louisiana","Lincoln Parish",2,68,422,198,224
050,22,061,"Louisiana","Lincoln Parish",2,69,418,192,226
050,22,061,"Louisiana","Lincoln Parish",2,70,397,183,214
050,22,061,"Louisiana","Lincoln Parish",2,71,385,186,199
050,22,061,"Louisiana","Lincoln Parish",2,72,382,177,205
050,22,061,"Louisiana","Lincoln Parish",2,73,390,168,222
050,22,061,"Louisiana","Lincoln Parish",2,74,268,111,157
050,22,061,"Louisiana","Lincoln Parish",2,75,250,115,135
050,22,061,"Louisiana","Lincoln Parish",2,76,229,110,119
050,22,061,"Louisiana","Lincoln Parish",2,77,233,102,131
050,22,061,"Louisiana","Lincoln Parish",2,78,213,89,124
050,22,061,"Louisiana","Lincoln Parish",2,79,208,94,114
050,22,061,"Louisiana","Lincoln Parish",2,80,189,79,110
050,22,061,"Louisiana","Lincoln Parish",2,81,179,71,108
050,22,061,"Louisiana","Lincoln Parish",2,82,176,67,109
050,22,061,"Louisiana","Lincoln Parish",2,83,141,55,86
050,22,061,"Louisiana","Lincoln Parish",2,84,127,48,79
050,22,061,"Louisiana","Lincoln Parish",2,85,836,265,571
050,22,061,"Louisiana","Lincoln Parish",3,0,491,267,224
050,22,061,"Louisiana","Lincoln Parish",3,1,496,262,234
050,22,061,"Louisiana","Lincoln Parish",3,2,481,234,247
050,22,061,"Louisiana","Lincoln Parish",3,3,523,267,256
050,22,061,"Louisiana","Lincoln Parish",3,4,538,283,255
050,22,061,"Louisiana","Lincoln Parish",3,5,525,259,266
050,22,061,"Louisiana","Lincoln Parish",3,6,533,253,280
050,22,061,"Louisiana","Lincoln Parish",3,7,523,258,265
050,22,061,"Louisiana","Lincoln Parish",3,8,552,286,266
050,22,061,"Louisiana","Lincoln Parish",3,9,534,268,266
050,22,061,"Louisiana","Lincoln Parish",3,10,533,272,261
050,22,061,"Louisiana","Lincoln Parish",3,11,535,282,253
050,22,061,"Louisiana","Lincoln Parish",3,12,494,266,228
050,22,061,"Louisiana","Lincoln Parish",3,13,546,296,250
050,22,061,"Louisiana","Lincoln Parish",3,14,566,293,273
050,22,061,"Louisiana","Lincoln Parish",3,15,559,296,263
050,22,061,"Louisiana","Lincoln Parish",3,16,534,270,264
050,22,061,"Louisiana","Lincoln Parish",3,17,514,262,252
050,22,061,"Louisiana","Lincoln Parish",3,18,1288,586,702
050,22,061,"Louisiana","Lincoln Parish",3,19,2261,1151,1110
050,22,061,"Louisiana","Lincoln Parish",3,20,2270,1030,1240
050,22,061,"Louisiana","Lincoln Parish",3,21,2318,1196,1122
050,22,061,"Louisiana","Lincoln Parish",3,22,1764,922,842
050,22,061,"Louisiana","Lincoln Parish",3,23,1251,670,581
050,22,061,"Louisiana","Lincoln Parish",3,24,1102,552,550
050,22,061,"Louisiana","Lincoln Parish",3,25,800,415,385
050,22,061,"Louisiana","Lincoln Parish",3,26,618,313,305
050,22,061,"Louisiana","Lincoln Parish",3,27,575,307,268
050,22,061,"Louisiana","Lincoln Parish",3,28,552,287,265
050,22,061,"Louisiana","Lincoln Parish",3,29,546,273,273
050,22,061,"Louisiana","Lincoln Parish",3,30,515,248,267
050,22,061,"Louisiana","Lincoln Parish",3,31,500,263,237
050,22,061,"Louisiana","Lincoln Parish",3,32,506,250,256
050,22,061,"Louisiana","Lincoln Parish",3,33,459,221,238
050,22,061,"Louisiana","Lincoln Parish",3,34,515,255,260
050,22,061,"Louisiana","Lincoln Parish",3,35,503,252,251
050,22,061,"Louisiana","Lincoln Parish",3,36,504,256,248
050,22,061,"Louisiana","Lincoln Parish",3,37,500,238,262
050,22,061,"Louisiana","Lincoln Parish",3,38,521,257,264
050,22,061,"Louisiana","Lincoln Parish",3,39,561,278,283
050,22,061,"Louisiana","Lincoln Parish",3,40,562,278,284
050,22,061,"Louisiana","Lincoln Parish",3,41,550,263,287
050,22,061,"Louisiana","Lincoln Parish",3,42,513,254,259
050,22,061,"Louisiana","Lincoln Parish",3,43,460,241,219
050,22,061,"Louisiana","Lincoln Parish",3,44,428,218,210
050,22,061,"Louisiana","Lincoln Parish",3,45,401,189,212
050,22,061,"Louisiana","Lincoln Parish",3,46,428,223,205
050,22,061,"Louisiana","Lincoln Parish",3,47,395,194,201
050,22,061,"Louisiana","Lincoln Parish",3,48,431,211,220
050,22,061,"Louisiana","Lincoln Parish",3,49,452,212,240
050,22,061,"Louisiana","Lincoln Parish",3,50,456,212,244
050,22,061,"Louisiana","Lincoln Parish",3,51,460,228,232
050,22,061,"Louisiana","Lincoln Parish",3,52,425,222,203
050,22,061,"Louisiana","Lincoln Parish",3,53,400,214,186
050,22,061,"Louisiana","Lincoln Parish",3,54,403,198,205
050,22,061,"Louisiana","Lincoln Parish",3,55,404,173,231
050,22,061,"Louisiana","Lincoln Parish",3,56,440,196,244
050,22,061,"Louisiana","Lincoln Parish",3,57,482,237,245
050,22,061,"Louisiana","Lincoln Parish",3,58,485,234,251
050,22,061,"Louisiana","Lincoln Parish",3,59,494,226,268
050,22,061,"Louisiana","Lincoln Parish",3,60,480,225,255
050,22,061,"Louisiana","Lincoln Parish",3,61,481,228,253
050,22,061,"Louisiana","Lincoln Parish",3,62,467,234,233
050,22,061,"Louisiana","Lincoln Parish",3,63,452,219,233
050,22,061,"Louisiana","Lincoln Parish",3,64,443,198,245
050,22,061,"Louisiana","Lincoln Parish",3,65,461,218,243
050,22,061,"Louisiana","Lincoln Parish",3,66,442,220,222
050,22,061,"Louisiana","Lincoln Parish",3,67,423,207,216
050,22,061,"Louisiana","Lincoln Parish",3,68,403,198,205
050,22,061,"Louisiana","Lincoln Parish",3,69,403,185,218
050,22,061,"Louisiana","Lincoln Parish",3,70,406,185,221
050,22,061,"Louisiana","Lincoln Parish",3,71,386,175,211
050,22,061,"Louisiana","Lincoln Parish",3,72,384,179,205
050,22,061,"Louisiana","Lincoln Parish",3,73,372,175,197
050,22,061,"Louisiana","Lincoln Parish",3,74,368,161,207
050,22,061,"Louisiana","Lincoln Parish",3,75,251,105,146
050,22,061,"Louisiana","Lincoln Parish",3,76,241,110,131
050,22,061,"Louisiana","Lincoln Parish",3,77,212,100,112
050,22,061,"Louisiana","Lincoln Parish",3,78,227,94,133
050,22,061,"Louisiana","Lincoln Parish",3,79,200,78,122
050,22,061,"Louisiana","Lincoln Parish",3,80,195,90,105
050,22,061,"Louisiana","Lincoln Parish",3,81,174,80,94
050,22,061,"Louisiana","Lincoln Parish",3,82,159,61,98
050,22,061,"Louisiana","Lincoln Parish",3,83,164,66,98
050,22,061,"Louisiana","Lincoln Parish",3,84,139,46,93
050,22,061,"Louisiana","Lincoln Parish",3,85,802,251,551
050,22,061,"Louisiana","Lincoln Parish",4,0,459,241,218
050,22,061,"Louisiana","Lincoln Parish",4,1,516,287,229
050,22,061,"Louisiana","Lincoln Parish",4,2,499,265,234
050,22,061,"Louisiana","Lincoln Parish",4,3,473,225,248
050,22,061,"Louisiana","Lincoln Parish",4,4,546,274,272
050,22,061,"Louisiana","Lincoln Parish",4,5,545,290,255
050,22,061,"Louisiana","Lincoln Parish",4,6,531,257,274
050,22,061,"Louisiana","Lincoln Parish",4,7,526,253,273
050,22,061,"Louisiana","Lincoln Parish",4,8,540,273,267
050,22,061,"Louisiana","Lincoln Parish",4,9,532,274,258
050,22,061,"Louisiana","Lincoln Parish",4,10,549,274,275
050,22,061,"Louisiana","Lincoln Parish",4,11,526,270,256
050,22,061,"Louisiana","Lincoln Parish",4,12,522,275,247
050,22,061,"Louisiana","Lincoln Parish",4,13,498,259,239
050,22,061,"Louisiana","Lincoln Parish",4,14,550,296,254
050,22,061,"Louisiana","Lincoln Parish",4,15,560,294,266
050,22,061,"Louisiana","Lincoln Parish",4,16,573,298,275
050,22,061,"Louisiana","Lincoln Parish",4,17,532,270,262
050,22,061,"Louisiana","Lincoln Parish",4,18,1269,584,685
050,22,061,"Louisiana","Lincoln Parish",4,19,2289,1151,1138
050,22,061,"Louisiana","Lincoln Parish",4,20,2217,1020,1197
050,22,061,"Louisiana","Lincoln Parish",4,21,2271,1146,1125
050,22,061,"Louisiana","Lincoln Parish",4,22,1790,918,872
050,22,061,"Louisiana","Lincoln Parish",4,23,1274,716,558
050,22,061,"Louisiana","Lincoln Parish",4,24,1063,523,540
050,22,061,"Louisiana","Lincoln Parish",4,25,792,399,393
050,22,061,"Louisiana","Lincoln Parish",4,26,659,333,326
050,22,061,"Louisiana","Lincoln Parish",4,27,552,283,269
050,22,061,"Louisiana","Lincoln Parish",4,28,533,290,243
050,22,061,"Louisiana","Lincoln Parish",4,29,532,270,262
050,22,061,"Louisiana","Lincoln Parish",4,30,520,249,271
050,22,061,"Louisiana","Lincoln Parish",4,31,506,246,260
050,22,061,"Louisiana","Lincoln Parish",4,32,516,268,248
050,22,061,"Louisiana","Lincoln Parish",4,33,490,251,239
050,22,061,"Louisiana","Lincoln Parish",4,34,440,212,228
050,22,061,"Louisiana","Lincoln Parish",4,35,509,244,265
050,22,061,"Louisiana","Lincoln Parish",4,36,516,260,256
050,22,061,"Louisiana","Lincoln Parish",4,37,506,258,248
050,22,061,"Louisiana","Lincoln Parish",4,38,492,245,247
050,22,061,"Louisiana","Lincoln Parish",4,39,513,252,261
050,22,061,"Louisiana","Lincoln Parish",4,40,532,262,270
050,22,061,"Louisiana","Lincoln Parish",4,41,572,273,299
050,22,061,"Louisiana","Lincoln Parish",4,42,556,270,286
050,22,061,"Louisiana","Lincoln Parish",4,43,494,239,255
050,22,061,"Louisiana","Lincoln Parish",4,44,449,232,217
050,22,061,"Louisiana","Lincoln Parish",4,45,417,216,201
050,22,061,"Louisiana","Lincoln Parish",4,46,391,191,200
050,22,061,"Louisiana","Lincoln Parish",4,47,433,224,209
050,22,061,"Louisiana","Lincoln Parish",4,48,391,192,199
050,22,061,"Louisiana","Lincoln Parish",4,49,410,198,212
050,22,061,"Louisiana","Lincoln Parish",4,50,439,207,232
050,22,061,"Louisiana","Lincoln Parish",4,51,461,214,247
050,22,061,"Louisiana","Lincoln Parish",4,52,438,210,228
050,22,061,"Louisiana","Lincoln Parish",4,53,412,210,202
050,22,061,"Louisiana","Lincoln Parish",4,54,393,209,184
050,22,061,"Louisiana","Lincoln Parish",4,55,397,193,204
050,22,061,"Louisiana","Lincoln Parish",4,56,402,172,230
050,22,061,"Louisiana","Lincoln Parish",4,57,433,197,236
050,22,061,"Louisiana","Lincoln Parish",4,58,469,218,251
050,22,061,"Louisiana","Lincoln Parish",4,59,487,231,256
050,22,061,"Louisiana","Lincoln Parish",4,60,492,223,269
050,22,061,"Louisiana","Lincoln Parish",4,61,484,223,261
050,22,061,"Louisiana","Lincoln Parish",4,62,474,232,242
050,22,061,"Louisiana","Lincoln Parish",4,63,454,229,225
050,22,061,"Louisiana","Lincoln Parish",4,64,447,211,236
050,22,061,"Louisiana","Lincoln Parish",4,65,435,190,245
050,22,061,"Louisiana","Lincoln Parish",4,66,454,212,242
050,22,061,"Louisiana","Lincoln Parish",4,67,440,214,226
050,22,061,"Louisiana","Lincoln Parish",4,68,408,200,208
050,22,061,"Louisiana","Lincoln Parish",4,69,396,192,204
050,22,061,"Louisiana","Lincoln Parish",4,70,395,178,217
050,22,061,"Louisiana","Lincoln Parish",4,71,399,180,219
050,22,061,"Louisiana","Lincoln Parish",4,72,381,174,207
050,22,061,"Louisiana","Lincoln Parish",4,73,364,167,197
050,22,061,"Louisiana","Lincoln Parish",4,74,357,168,189
050,22,061,"Louisiana","Lincoln Parish",4,75,368,161,207
050,22,061,"Louisiana","Lincoln Parish",4,76,245,104,141
050,22,061,"Louisiana","Lincoln Parish",4,77,233,105,128
050,22,061,"Louisiana","Lincoln Parish",4,78,210,97,113
050,22,061,"Louisiana","Lincoln Parish",4,79,215,82,133
050,22,061,"Louisiana","Lincoln Parish",4,80,180,72,108
050,22,061,"Louisiana","Lincoln Parish",4,81,187,88,99
050,22,061,"Louisiana","Lincoln Parish",4,82,161,71,90
050,22,061,"Louisiana","Lincoln Parish",4,83,144,60,84
050,22,061,"Louisiana","Lincoln Parish",4,84,156,59,97
050,22,061,"Louisiana","Lincoln Parish",4,85,799,257,542
050,22,061,"Louisiana","Lincoln Parish",5,0,462,244,218
050,22,061,"Louisiana","Lincoln Parish",5,1,466,237,229
050,22,061,"Louisiana","Lincoln Parish",5,2,515,279,236
050,22,061,"Louisiana","Lincoln Parish",5,3,498,262,236
050,22,061,"Louisiana","Lincoln Parish",5,4,485,221,264
050,22,061,"Louisiana","Lincoln Parish",5,5,537,267,270
050,22,061,"Louisiana","Lincoln Parish",5,6,531,279,252
050,22,061,"Louisiana","Lincoln Parish",5,7,538,259,279
050,22,061,"Louisiana","Lincoln Parish",5,8,537,258,279
050,22,061,"Louisiana","Lincoln Parish",5,9,539,273,266
050,22,061,"Louisiana","Lincoln Parish",5,10,556,296,260
050,22,061,"Louisiana","Lincoln Parish",5,11,555,275,280
050,22,061,"Louisiana","Lincoln Parish",5,12,534,274,260
050,22,061,"Louisiana","Lincoln Parish",5,13,536,271,265
050,22,061,"Louisiana","Lincoln Parish",5,14,500,254,246
050,22,061,"Louisiana","Lincoln Parish",5,15,546,297,249
050,22,061,"Louisiana","Lincoln Parish",5,16,575,307,268
050,22,061,"Louisiana","Lincoln Parish",5,17,567,291,276
050,22,061,"Louisiana","Lincoln Parish",5,18,1269,582,687
050,22,061,"Louisiana","Lincoln Parish",5,19,2257,1143,1114
050,22,061,"Louisiana","Lincoln Parish",5,20,2257,1040,1217
050,22,061,"Louisiana","Lincoln Parish",5,21,2231,1165,1066
050,22,061,"Louisiana","Lincoln Parish",5,22,1695,845,850
050,22,061,"Louisiana","Lincoln Parish",5,23,1273,695,578
050,22,061,"Louisiana","Lincoln Parish",5,24,1115,558,557
050,22,061,"Louisiana","Lincoln Parish",5,25,762,377,385
050,22,061,"Louisiana","Lincoln Parish",5,26,657,332,325
050,22,061,"Louisiana","Lincoln Parish",5,27,582,296,286
050,22,061,"Louisiana","Lincoln Parish",5,28,517,266,251
050,22,061,"Louisiana","Lincoln Parish",5,29,537,281,256
050,22,061,"Louisiana","Lincoln Parish",5,30,502,244,258
050,22,061,"Louisiana","Lincoln Parish",5,31,543,271,272
050,22,061,"Louisiana","Lincoln Parish",5,32,506,244,262
050,22,061,"Louisiana","Lincoln Parish",5,33,507,259,248
050,22,061,"Louisiana","Lincoln Parish",5,34,460,222,238
050,22,061,"Louisiana","Lincoln Parish",5,35,439,215,224
050,22,061,"Louisiana","Lincoln Parish",5,36,508,243,265
050,22,061,"Louisiana","Lincoln Parish",5,37,508,252,256
050,22,061,"Louisiana","Lincoln Parish",5,38,505,262,243
050,22,061,"Louisiana","Lincoln Parish",5,39,495,245,250
050,22,061,"Louisiana","Lincoln Parish",5,40,505,244,261
050,22,061,"Louisiana","Lincoln Parish",5,41,530,256,274
050,22,061,"Louisiana","Lincoln Parish",5,42,563,265,298
050,22,061,"Louisiana","Lincoln Parish",5,43,552,267,285
050,22,061,"Louisiana","Lincoln Parish",5,44,495,236,259
050,22,061,"Louisiana","Lincoln Parish",5,45,452,237,215
050,22,061,"Louisiana","Lincoln Parish",5,46,426,219,207
050,22,061,"Louisiana","Lincoln Parish",5,47,390,185,205
050,22,061,"Louisiana","Lincoln Parish",5,48,425,216,209
050,22,061,"Louisiana","Lincoln Parish",5,49,383,190,193
050,22,061,"Louisiana","Lincoln Parish",5,50,414,197,217
050,22,061,"Louisiana","Lincoln Parish",5,51,433,199,234
050,22,061,"Louisiana","Lincoln Parish",5,52,460,199,261
050,22,061,"Louisiana","Lincoln Parish",5,53,436,213,223
050,22,061,"Louisiana","Lincoln Parish",5,54,420,209,211
050,22,061,"Louisiana","Lincoln Parish",5,55,393,208,185
050,22,061,"Louisiana","Lincoln Parish",5,56,398,187,211
050,22,061,"Louisiana","Lincoln Parish",5,57,408,180,228
050,22,061,"Louisiana","Lincoln Parish",5,58,439,197,242
050,22,061,"Louisiana","Lincoln Parish",5,59,466,212,254
050,22,061,"Louisiana","Lincoln Parish",5,60,472,224,248
050,22,061,"Louisiana","Lincoln Parish",5,61,490,221,269
050,22,061,"Louisiana","Lincoln Parish",5,62,464,217,247
050,22,061,"Louisiana","Lincoln Parish",5,63,468,230,238
050,22,061,"Louisiana","Lincoln Parish",5,64,448,210,238
050,22,061,"Louisiana","Lincoln Parish",5,65,439,206,233
050,22,061,"Louisiana","Lincoln Parish",5,66,423,185,238
050,22,061,"Louisiana","Lincoln Parish",5,67,444,206,238
050,22,061,"Louisiana","Lincoln Parish",5,68,426,210,216
050,22,061,"Louisiana","Lincoln Parish",5,69,392,189,203
050,22,061,"Louisiana","Lincoln Parish",5,70,379,180,199
050,22,061,"Louisiana","Lincoln Parish",5,71,388,177,211
050,22,061,"Louisiana","Lincoln Parish",5,72,399,178,221
050,22,061,"Louisiana","Lincoln Parish",5,73,361,167,194
050,22,061,"Louisiana","Lincoln Parish",5,74,349,160,189
050,22,061,"Louisiana","Lincoln Parish",5,75,350,165,185
050,22,061,"Louisiana","Lincoln Parish",5,76,351,154,197
050,22,061,"Louisiana","Lincoln Parish",5,77,235,98,137
050,22,061,"Louisiana","Lincoln Parish",5,78,228,102,126
050,22,061,"Louisiana","Lincoln Parish",5,79,200,89,111
050,22,061,"Louisiana","Lincoln Parish",5,80,188,74,114
050,22,061,"Louisiana","Lincoln Parish",5,81,176,71,105
050,22,061,"Louisiana","Lincoln Parish",5,82,176,82,94
050,22,061,"Louisiana","Lincoln Parish",5,83,146,65,81
050,22,061,"Louisiana","Lincoln Parish",5,84,137,54,83
050,22,061,"Louisiana","Lincoln Parish",5,85,843,278,565
050,22,063,"Louisiana","Livingston Parish",1,0,1754,901,853
050,22,063,"Louisiana","Livingston Parish",1,1,1801,947,854
050,22,063,"Louisiana","Livingston Parish",1,2,1932,1007,925
050,22,063,"Louisiana","Livingston Parish",1,3,1989,1001,988
050,22,063,"Louisiana","Livingston Parish",1,4,2031,1028,1003
050,22,063,"Louisiana","Livingston Parish",1,5,2002,1004,998
050,22,063,"Louisiana","Livingston Parish",1,6,2051,1030,1021
050,22,063,"Louisiana","Livingston Parish",1,7,2024,1027,997
050,22,063,"Louisiana","Livingston Parish",1,8,2030,1020,1010
050,22,063,"Louisiana","Livingston Parish",1,9,1962,962,1000
050,22,063,"Louisiana","Livingston Parish",1,10,2053,1007,1046
050,22,063,"Louisiana","Livingston Parish",1,11,2199,1119,1080
050,22,063,"Louisiana","Livingston Parish",1,12,2291,1207,1084
050,22,063,"Louisiana","Livingston Parish",1,13,2256,1173,1083
050,22,063,"Louisiana","Livingston Parish",1,14,2204,1139,1065
050,22,063,"Louisiana","Livingston Parish",1,15,2123,1067,1056
050,22,063,"Louisiana","Livingston Parish",1,16,2128,1053,1075
050,22,063,"Louisiana","Livingston Parish",1,17,2118,1080,1038
050,22,063,"Louisiana","Livingston Parish",1,18,1738,917,821
050,22,063,"Louisiana","Livingston Parish",1,19,1412,761,651
050,22,063,"Louisiana","Livingston Parish",1,20,1516,786,730
050,22,063,"Louisiana","Livingston Parish",1,21,1471,760,711
050,22,063,"Louisiana","Livingston Parish",1,22,1575,802,773
050,22,063,"Louisiana","Livingston Parish",1,23,1646,814,832
050,22,063,"Louisiana","Livingston Parish",1,24,1715,887,828
050,22,063,"Louisiana","Livingston Parish",1,25,1794,882,912
050,22,063,"Louisiana","Livingston Parish",1,26,1844,906,938
050,22,063,"Louisiana","Livingston Parish",1,27,1986,979,1007
050,22,063,"Louisiana","Livingston Parish",1,28,2067,1005,1062
050,22,063,"Louisiana","Livingston Parish",1,29,2192,1068,1124
050,22,063,"Louisiana","Livingston Parish",1,30,2139,1032,1107
050,22,063,"Louisiana","Livingston Parish",1,31,2040,1006,1034
050,22,063,"Louisiana","Livingston Parish",1,32,1980,984,996
050,22,063,"Louisiana","Livingston Parish",1,33,1967,982,985
050,22,063,"Louisiana","Livingston Parish",1,34,1981,934,1047
050,22,063,"Louisiana","Livingston Parish",1,35,2114,1026,1088
050,22,063,"Louisiana","Livingston Parish",1,36,2128,1044,1084
050,22,063,"Louisiana","Livingston Parish",1,37,2231,1113,1118
050,22,063,"Louisiana","Livingston Parish",1,38,2102,1023,1079
050,22,063,"Louisiana","Livingston Parish",1,39,2129,1023,1106
050,22,063,"Louisiana","Livingston Parish",1,40,2047,1005,1042
050,22,063,"Louisiana","Livingston Parish",1,41,1952,969,983
050,22,063,"Louisiana","Livingston Parish",1,42,1914,960,954
050,22,063,"Louisiana","Livingston Parish",1,43,1859,928,931
050,22,063,"Louisiana","Livingston Parish",1,44,1805,919,886
050,22,063,"Louisiana","Livingston Parish",1,45,1854,941,913
050,22,063,"Louisiana","Livingston Parish",1,46,1745,841,904
050,22,063,"Louisiana","Livingston Parish",1,47,1790,896,894
050,22,063,"Louisiana","Livingston Parish",1,48,1883,960,923
050,22,063,"Louisiana","Livingston Parish",1,49,1988,997,991
050,22,063,"Louisiana","Livingston Parish",1,50,1917,959,958
050,22,063,"Louisiana","Livingston Parish",1,51,1824,946,878
050,22,063,"Louisiana","Livingston Parish",1,52,1746,888,858
050,22,063,"Louisiana","Livingston Parish",1,53,1657,835,822
050,22,063,"Louisiana","Livingston Parish",1,54,1662,828,834
050,22,063,"Louisiana","Livingston Parish",1,55,1810,911,899
050,22,063,"Louisiana","Livingston Parish",1,56,1834,937,897
050,22,063,"Louisiana","Livingston Parish",1,57,1761,879,882
050,22,063,"Louisiana","Livingston Parish",1,58,1793,883,910
050,22,063,"Louisiana","Livingston Parish",1,59,1721,871,850
050,22,063,"Louisiana","Livingston Parish",1,60,1682,841,841
050,22,063,"Louisiana","Livingston Parish",1,61,1668,845,823
050,22,063,"Louisiana","Livingston Parish",1,62,1646,813,833
050,22,063,"Louisiana","Livingston Parish",1,63,1544,747,797
050,22,063,"Louisiana","Livingston Parish",1,64,1515,730,785
050,22,063,"Louisiana","Livingston Parish",1,65,1436,688,748
050,22,063,"Louisiana","Livingston Parish",1,66,1342,601,741
050,22,063,"Louisiana","Livingston Parish",1,67,1350,620,730
050,22,063,"Louisiana","Livingston Parish",1,68,1285,609,676
050,22,063,"Louisiana","Livingston Parish",1,69,1204,582,622
050,22,063,"Louisiana","Livingston Parish",1,70,1122,533,589
050,22,063,"Louisiana","Livingston Parish",1,71,1077,511,566
050,22,063,"Louisiana","Livingston Parish",1,72,1150,519,631
050,22,063,"Louisiana","Livingston Parish",1,73,1143,514,629
050,22,063,"Louisiana","Livingston Parish",1,74,811,349,462
050,22,063,"Louisiana","Livingston Parish",1,75,791,356,435
050,22,063,"Louisiana","Livingston Parish",1,76,766,352,414
050,22,063,"Louisiana","Livingston Parish",1,77,782,356,426
050,22,063,"Louisiana","Livingston Parish",1,78,651,293,358
050,22,063,"Louisiana","Livingston Parish",1,79,591,267,324
050,22,063,"Louisiana","Livingston Parish",1,80,517,236,281
050,22,063,"Louisiana","Livingston Parish",1,81,435,192,243
050,22,063,"Louisiana","Livingston Parish",1,82,379,155,224
050,22,063,"Louisiana","Livingston Parish",1,83,329,138,191
050,22,063,"Louisiana","Livingston Parish",1,84,303,132,171
050,22,063,"Louisiana","Livingston Parish",1,85,1486,585,901
050,22,063,"Louisiana","Livingston Parish",2,0,1747,891,856
050,22,063,"Louisiana","Livingston Parish",2,1,1793,934,859
050,22,063,"Louisiana","Livingston Parish",2,2,1920,999,921
050,22,063,"Louisiana","Livingston Parish",2,3,1980,1004,976
050,22,063,"Louisiana","Livingston Parish",2,4,2039,1036,1003
050,22,063,"Louisiana","Livingston Parish",2,5,2026,1021,1005
050,22,063,"Louisiana","Livingston Parish",2,6,2056,1034,1022
050,22,063,"Louisiana","Livingston Parish",2,7,2039,1033,1006
050,22,063,"Louisiana","Livingston Parish",2,8,2034,1027,1007
050,22,063,"Louisiana","Livingston Parish",2,9,1994,985,1009
050,22,063,"Louisiana","Livingston Parish",2,10,2041,1001,1040
050,22,063,"Louisiana","Livingston Parish",2,11,2166,1093,1073
050,22,063,"Louisiana","Livingston Parish",2,12,2286,1194,1092
050,22,063,"Louisiana","Livingston Parish",2,13,2273,1188,1085
050,22,063,"Louisiana","Livingston Parish",2,14,2224,1153,1071
050,22,063,"Louisiana","Livingston Parish",2,15,2147,1086,1061
050,22,063,"Louisiana","Livingston Parish",2,16,2138,1061,1077
050,22,063,"Louisiana","Livingston Parish",2,17,2122,1072,1050
050,22,063,"Louisiana","Livingston Parish",2,18,1746,922,824
050,22,063,"Louisiana","Livingston Parish",2,19,1428,765,663
050,22,063,"Louisiana","Livingston Parish",2,20,1530,798,732
050,22,063,"Louisiana","Livingston Parish",2,21,1508,777,731
050,22,063,"Louisiana","Livingston Parish",2,22,1583,804,779
050,22,063,"Louisiana","Livingston Parish",2,23,1662,831,831
050,22,063,"Louisiana","Livingston Parish",2,24,1721,880,841
050,22,063,"Louisiana","Livingston Parish",2,25,1791,889,902
050,22,063,"Louisiana","Livingston Parish",2,26,1857,912,945
050,22,063,"Louisiana","Livingston Parish",2,27,1959,959,1000
050,22,063,"Louisiana","Livingston Parish",2,28,2073,1012,1061
050,22,063,"Louisiana","Livingston Parish",2,29,2173,1057,1116
050,22,063,"Louisiana","Livingston Parish",2,30,2171,1046,1125
050,22,063,"Louisiana","Livingston Parish",2,31,2066,1016,1050
050,22,063,"Louisiana","Livingston Parish",2,32,1998,988,1010
050,22,063,"Louisiana","Livingston Parish",2,33,1973,983,990
050,22,063,"Louisiana","Livingston Parish",2,34,1989,952,1037
050,22,063,"Louisiana","Livingston Parish",2,35,2104,1013,1091
050,22,063,"Louisiana","Livingston Parish",2,36,2117,1034,1083
050,22,063,"Louisiana","Livingston Parish",2,37,2214,1098,1116
050,22,063,"Louisiana","Livingston Parish",2,38,2150,1051,1099
050,22,063,"Louisiana","Livingston Parish",2,39,2118,1021,1097
050,22,063,"Louisiana","Livingston Parish",2,40,2097,1025,1072
050,22,063,"Louisiana","Livingston Parish",2,41,1979,979,1000
050,22,063,"Louisiana","Livingston Parish",2,42,1917,957,960
050,22,063,"Louisiana","Livingston Parish",2,43,1889,944,945
050,22,063,"Louisiana","Livingston Parish",2,44,1807,916,891
050,22,063,"Louisiana","Livingston Parish",2,45,1854,940,914
050,22,063,"Louisiana","Livingston Parish",2,46,1770,867,903
050,22,063,"Louisiana","Livingston Parish",2,47,1775,882,893
050,22,063,"Louisiana","Livingston Parish",2,48,1862,947,915
050,22,063,"Louisiana","Livingston Parish",2,49,1974,995,979
050,22,063,"Louisiana","Livingston Parish",2,50,1938,971,967
050,22,063,"Louisiana","Livingston Parish",2,51,1849,951,898
050,22,063,"Louisiana","Livingston Parish",2,52,1758,897,861
050,22,063,"Louisiana","Livingston Parish",2,53,1682,851,831
050,22,063,"Louisiana","Livingston Parish",2,54,1658,829,829
050,22,063,"Louisiana","Livingston Parish",2,55,1773,890,883
050,22,063,"Louisiana","Livingston Parish",2,56,1831,935,896
050,22,063,"Louisiana","Livingston Parish",2,57,1781,895,886
050,22,063,"Louisiana","Livingston Parish",2,58,1778,877,901
050,22,063,"Louisiana","Livingston Parish",2,59,1742,876,866
050,22,063,"Louisiana","Livingston Parish",2,60,1686,844,842
050,22,063,"Louisiana","Livingston Parish",2,61,1660,837,823
050,22,063,"Louisiana","Livingston Parish",2,62,1645,815,830
050,22,063,"Louisiana","Livingston Parish",2,63,1583,766,817
050,22,063,"Louisiana","Livingston Parish",2,64,1506,725,781
050,22,063,"Louisiana","Livingston Parish",2,65,1448,693,755
050,22,063,"Louisiana","Livingston Parish",2,66,1367,621,746
050,22,063,"Louisiana","Livingston Parish",2,67,1331,609,722
050,22,063,"Louisiana","Livingston Parish",2,68,1286,605,681
050,22,063,"Louisiana","Livingston Parish",2,69,1227,589,638
050,22,063,"Louisiana","Livingston Parish",2,70,1132,539,593
050,22,063,"Louisiana","Livingston Parish",2,71,1080,515,565
050,22,063,"Louisiana","Livingston Parish",2,72,1108,504,604
050,22,063,"Louisiana","Livingston Parish",2,73,1196,534,662
050,22,063,"Louisiana","Livingston Parish",2,74,832,363,469
050,22,063,"Louisiana","Livingston Parish",2,75,788,349,439
050,22,063,"Louisiana","Livingston Parish",2,76,759,347,412
050,22,063,"Louisiana","Livingston Parish",2,77,789,361,428
050,22,063,"Louisiana","Livingston Parish",2,78,658,295,363
050,22,063,"Louisiana","Livingston Parish",2,79,591,268,323
050,22,063,"Louisiana","Livingston Parish",2,80,526,239,287
050,22,063,"Louisiana","Livingston Parish",2,81,445,200,245
050,22,063,"Louisiana","Livingston Parish",2,82,388,160,228
050,22,063,"Louisiana","Livingston Parish",2,83,333,138,195
050,22,063,"Louisiana","Livingston Parish",2,84,302,133,169
050,22,063,"Louisiana","Livingston Parish",2,85,1498,593,905
050,22,063,"Louisiana","Livingston Parish",3,0,1830,905,925
050,22,063,"Louisiana","Livingston Parish",3,1,1818,922,896
050,22,063,"Louisiana","Livingston Parish",3,2,1846,961,885
050,22,063,"Louisiana","Livingston Parish",3,3,1962,1031,931
050,22,063,"Louisiana","Livingston Parish",3,4,2024,1031,993
050,22,063,"Louisiana","Livingston Parish",3,5,2095,1074,1021
050,22,063,"Louisiana","Livingston Parish",3,6,2109,1053,1056
050,22,063,"Louisiana","Livingston Parish",3,7,2119,1056,1063
050,22,063,"Louisiana","Livingston Parish",3,8,2136,1061,1075
050,22,063,"Louisiana","Livingston Parish",3,9,2131,1082,1049
050,22,063,"Louisiana","Livingston Parish",3,10,2069,1036,1033
050,22,063,"Louisiana","Livingston Parish",3,11,2101,1019,1082
050,22,063,"Louisiana","Livingston Parish",3,12,2250,1138,1112
050,22,063,"Louisiana","Livingston Parish",3,13,2357,1227,1130
050,22,063,"Louisiana","Livingston Parish",3,14,2327,1207,1120
050,22,063,"Louisiana","Livingston Parish",3,15,2303,1179,1124
050,22,063,"Louisiana","Livingston Parish",3,16,2196,1099,1097
050,22,063,"Louisiana","Livingston Parish",3,17,2189,1099,1090
050,22,063,"Louisiana","Livingston Parish",3,18,1837,958,879
050,22,063,"Louisiana","Livingston Parish",3,19,1436,766,670
050,22,063,"Louisiana","Livingston Parish",3,20,1569,832,737
050,22,063,"Louisiana","Livingston Parish",3,21,1670,858,812
050,22,063,"Louisiana","Livingston Parish",3,22,1656,847,809
050,22,063,"Louisiana","Livingston Parish",3,23,1770,877,893
050,22,063,"Louisiana","Livingston Parish",3,24,1786,918,868
050,22,063,"Louisiana","Livingston Parish",3,25,1811,926,885
050,22,063,"Louisiana","Livingston Parish",3,26,1859,924,935
050,22,063,"Louisiana","Livingston Parish",3,27,1925,929,996
050,22,063,"Louisiana","Livingston Parish",3,28,2079,1013,1066
050,22,063,"Louisiana","Livingston Parish",3,29,2179,1054,1125
050,22,063,"Louisiana","Livingston Parish",3,30,2221,1064,1157
050,22,063,"Louisiana","Livingston Parish",3,31,2229,1069,1160
050,22,063,"Louisiana","Livingston Parish",3,32,2126,1053,1073
050,22,063,"Louisiana","Livingston Parish",3,33,2090,1034,1056
050,22,063,"Louisiana","Livingston Parish",3,34,1997,1002,995
050,22,063,"Louisiana","Livingston Parish",3,35,2025,940,1085
050,22,063,"Louisiana","Livingston Parish",3,36,2146,1030,1116
050,22,063,"Louisiana","Livingston Parish",3,37,2139,1048,1091
050,22,063,"Louisiana","Livingston Parish",3,38,2243,1119,1124
050,22,063,"Louisiana","Livingston Parish",3,39,2155,1044,1111
050,22,063,"Louisiana","Livingston Parish",3,40,2204,1060,1144
050,22,063,"Louisiana","Livingston Parish",3,41,2132,1030,1102
050,22,063,"Louisiana","Livingston Parish",3,42,1982,971,1011
050,22,063,"Louisiana","Livingston Parish",3,43,1962,978,984
050,22,063,"Louisiana","Livingston Parish",3,44,1909,953,956
050,22,063,"Louisiana","Livingston Parish",3,45,1785,902,883
050,22,063,"Louisiana","Livingston Parish",3,46,1843,932,911
050,22,063,"Louisiana","Livingston Parish",3,47,1789,856,933
050,22,063,"Louisiana","Livingston Parish",3,48,1765,886,879
050,22,063,"Louisiana","Livingston Parish",3,49,1870,939,931
050,22,063,"Louisiana","Livingston Parish",3,50,1962,1002,960
050,22,063,"Louisiana","Livingston Parish",3,51,1940,957,983
050,22,063,"Louisiana","Livingston Parish",3,52,1852,952,900
050,22,063,"Louisiana","Livingston Parish",3,53,1785,919,866
050,22,063,"Louisiana","Livingston Parish",3,54,1696,851,845
050,22,063,"Louisiana","Livingston Parish",3,55,1670,821,849
050,22,063,"Louisiana","Livingston Parish",3,56,1777,884,893
050,22,063,"Louisiana","Livingston Parish",3,57,1819,930,889
050,22,063,"Louisiana","Livingston Parish",3,58,1770,882,888
050,22,063,"Louisiana","Livingston Parish",3,59,1770,882,888
050,22,063,"Louisiana","Livingston Parish",3,60,1728,865,863
050,22,063,"Louisiana","Livingston Parish",3,61,1678,834,844
050,22,063,"Louisiana","Livingston Parish",3,62,1651,820,831
050,22,063,"Louisiana","Livingston Parish",3,63,1647,809,838
050,22,063,"Louisiana","Livingston Parish",3,64,1577,762,815
050,22,063,"Louisiana","Livingston Parish",3,65,1472,708,764
050,22,063,"Louisiana","Livingston Parish",3,66,1435,688,747
050,22,063,"Louisiana","Livingston Parish",3,67,1338,606,732
050,22,063,"Louisiana","Livingston Parish",3,68,1296,589,707
050,22,063,"Louisiana","Livingston Parish",3,69,1269,585,684
050,22,063,"Louisiana","Livingston Parish",3,70,1211,581,630
050,22,063,"Louisiana","Livingston Parish",3,71,1119,530,589
050,22,063,"Louisiana","Livingston Parish",3,72,1056,499,557
050,22,063,"Louisiana","Livingston Parish",3,73,1080,486,594
050,22,063,"Louisiana","Livingston Parish",3,74,1145,513,632
050,22,063,"Louisiana","Livingston Parish",3,75,809,346,463
050,22,063,"Louisiana","Livingston Parish",3,76,757,345,412
050,22,063,"Louisiana","Livingston Parish",3,77,709,324,385
050,22,063,"Louisiana","Livingston Parish",3,78,751,338,413
050,22,063,"Louisiana","Livingston Parish",3,79,642,296,346
050,22,063,"Louisiana","Livingston Parish",3,80,560,250,310
050,22,063,"Louisiana","Livingston Parish",3,81,488,221,267
050,22,063,"Louisiana","Livingston Parish",3,82,421,187,234
050,22,063,"Louisiana","Livingston Parish",3,83,358,148,210
050,22,063,"Louisiana","Livingston Parish",3,84,304,125,179
050,22,063,"Louisiana","Livingston Parish",3,85,1528,602,926
050,22,063,"Louisiana","Livingston Parish",4,0,1848,939,909
050,22,063,"Louisiana","Livingston Parish",4,1,1877,930,947
050,22,063,"Louisiana","Livingston Parish",4,2,1905,959,946
050,22,063,"Louisiana","Livingston Parish",4,3,1889,992,897
050,22,063,"Louisiana","Livingston Parish",4,4,1982,1029,953
050,22,063,"Louisiana","Livingston Parish",4,5,2051,1059,992
050,22,063,"Louisiana","Livingston Parish",4,6,2150,1102,1048
050,22,063,"Louisiana","Livingston Parish",4,7,2193,1108,1085
050,22,063,"Louisiana","Livingston Parish",4,8,2160,1082,1078
050,22,063,"Louisiana","Livingston Parish",4,9,2180,1089,1091
050,22,063,"Louisiana","Livingston Parish",4,10,2150,1098,1052
050,22,063,"Louisiana","Livingston Parish",4,11,2079,1035,1044
050,22,063,"Louisiana","Livingston Parish",4,12,2118,1021,1097
050,22,063,"Louisiana","Livingston Parish",4,13,2276,1154,1122
050,22,063,"Louisiana","Livingston Parish",4,14,2382,1239,1143
050,22,063,"Louisiana","Livingston Parish",4,15,2345,1212,1133
050,22,063,"Louisiana","Livingston Parish",4,16,2320,1200,1120
050,22,063,"Louisiana","Livingston Parish",4,17,2218,1113,1105
050,22,063,"Louisiana","Livingston Parish",4,18,1872,968,904
050,22,063,"Louisiana","Livingston Parish",4,19,1440,769,671
050,22,063,"Louisiana","Livingston Parish",4,20,1518,790,728
050,22,063,"Louisiana","Livingston Parish",4,21,1694,876,818
050,22,063,"Louisiana","Livingston Parish",4,22,1825,927,898
050,22,063,"Louisiana","Livingston Parish",4,23,1830,940,890
050,22,063,"Louisiana","Livingston Parish",4,24,1848,903,945
050,22,063,"Louisiana","Livingston Parish",4,25,1903,955,948
050,22,063,"Louisiana","Livingston Parish",4,26,1871,936,935
050,22,063,"Louisiana","Livingston Parish",4,27,1947,938,1009
050,22,063,"Louisiana","Livingston Parish",4,28,1962,927,1035
050,22,063,"Louisiana","Livingston Parish",4,29,2138,1011,1127
050,22,063,"Louisiana","Livingston Parish",4,30,2222,1079,1143
050,22,063,"Louisiana","Livingston Parish",4,31,2276,1120,1156
050,22,063,"Louisiana","Livingston Parish",4,32,2235,1078,1157
050,22,063,"Louisiana","Livingston Parish",4,33,2166,1067,1099
050,22,063,"Louisiana","Livingston Parish",4,34,2107,1038,1069
050,22,063,"Louisiana","Livingston Parish",4,35,2023,992,1031
050,22,063,"Louisiana","Livingston Parish",4,36,2085,980,1105
050,22,063,"Louisiana","Livingston Parish",4,37,2098,992,1106
050,22,063,"Louisiana","Livingston Parish",4,38,2157,1046,1111
050,22,063,"Louisiana","Livingston Parish",4,39,2257,1126,1131
050,22,063,"Louisiana","Livingston Parish",4,40,2181,1061,1120
050,22,063,"Louisiana","Livingston Parish",4,41,2208,1069,1139
050,22,063,"Louisiana","Livingston Parish",4,42,2141,1015,1126
050,22,063,"Louisiana","Livingston Parish",4,43,2009,993,1016
050,22,063,"Louisiana","Livingston Parish",4,44,1959,986,973
050,22,063,"Louisiana","Livingston Parish",4,45,1894,935,959
050,22,063,"Louisiana","Livingston Parish",4,46,1802,913,889
050,22,063,"Louisiana","Livingston Parish",4,47,1826,907,919
050,22,063,"Louisiana","Livingston Parish",4,48,1804,864,940
050,22,063,"Louisiana","Livingston Parish",4,49,1753,875,878
050,22,063,"Louisiana","Livingston Parish",4,50,1870,938,932
050,22,063,"Louisiana","Livingston Parish",4,51,1914,968,946
050,22,063,"Louisiana","Livingston Parish",4,52,1936,950,986
050,22,063,"Louisiana","Livingston Parish",4,53,1852,953,899
050,22,063,"Louisiana","Livingston Parish",4,54,1790,918,872
050,22,063,"Louisiana","Livingston Parish",4,55,1682,846,836
050,22,063,"Louisiana","Livingston Parish",4,56,1662,826,836
050,22,063,"Louisiana","Livingston Parish",4,57,1769,877,892
050,22,063,"Louisiana","Livingston Parish",4,58,1807,919,888
050,22,063,"Louisiana","Livingston Parish",4,59,1760,882,878
050,22,063,"Louisiana","Livingston Parish",4,60,1715,843,872
050,22,063,"Louisiana","Livingston Parish",4,61,1722,852,870
050,22,063,"Louisiana","Livingston Parish",4,62,1633,809,824
050,22,063,"Louisiana","Livingston Parish",4,63,1658,812,846
050,22,063,"Louisiana","Livingston Parish",4,64,1647,809,838
050,22,063,"Louisiana","Livingston Parish",4,65,1541,732,809
050,22,063,"Louisiana","Livingston Parish",4,66,1459,697,762
050,22,063,"Louisiana","Livingston Parish",4,67,1387,656,731
050,22,063,"Louisiana","Livingston Parish",4,68,1322,583,739
050,22,063,"Louisiana","Livingston Parish",4,69,1275,576,699
050,22,063,"Louisiana","Livingston Parish",4,70,1258,579,679
050,22,063,"Louisiana","Livingston Parish",4,71,1186,564,622
050,22,063,"Louisiana","Livingston Parish",4,72,1109,522,587
050,22,063,"Louisiana","Livingston Parish",4,73,1029,476,553
050,22,063,"Louisiana","Livingston Parish",4,74,1045,469,576
050,22,063,"Louisiana","Livingston Parish",4,75,1093,479,614
050,22,063,"Louisiana","Livingston Parish",4,76,771,344,427
050,22,063,"Louisiana","Livingston Parish",4,77,718,327,391
050,22,063,"Louisiana","Livingston Parish",4,78,673,302,371
050,22,063,"Louisiana","Livingston Parish",4,79,715,322,393
050,22,063,"Louisiana","Livingston Parish",4,80,599,263,336
050,22,063,"Louisiana","Livingston Parish",4,81,517,224,293
050,22,063,"Louisiana","Livingston Parish",4,82,447,203,244
050,22,063,"Louisiana","Livingston Parish",4,83,391,172,219
050,22,063,"Louisiana","Livingston Parish",4,84,326,131,195
050,22,063,"Louisiana","Livingston Parish",4,85,1604,634,970
050,22,063,"Louisiana","Livingston Parish",5,0,1828,926,902
050,22,063,"Louisiana","Livingston Parish",5,1,1904,953,951
050,22,063,"Louisiana","Livingston Parish",5,2,1933,970,963
050,22,063,"Louisiana","Livingston Parish",5,3,1944,975,969
050,22,063,"Louisiana","Livingston Parish",5,4,1942,1030,912
050,22,063,"Louisiana","Livingston Parish",5,5,2026,1057,969
050,22,063,"Louisiana","Livingston Parish",5,6,2082,1067,1015
050,22,063,"Louisiana","Livingston Parish",5,7,2165,1101,1064
050,22,063,"Louisiana","Livingston Parish",5,8,2230,1115,1115
050,22,063,"Louisiana","Livingston Parish",5,9,2209,1125,1084
050,22,063,"Louisiana","Livingston Parish",5,10,2176,1079,1097
050,22,063,"Louisiana","Livingston Parish",5,11,2160,1093,1067
050,22,063,"Louisiana","Livingston Parish",5,12,2097,1045,1052
050,22,063,"Louisiana","Livingston Parish",5,13,2173,1048,1125
050,22,063,"Louisiana","Livingston Parish",5,14,2315,1167,1148
050,22,063,"Louisiana","Livingston Parish",5,15,2416,1252,1164
050,22,063,"Louisiana","Livingston Parish",5,16,2374,1236,1138
050,22,063,"Louisiana","Livingston Parish",5,17,2326,1217,1109
050,22,063,"Louisiana","Livingston Parish",5,18,1869,976,893
050,22,063,"Louisiana","Livingston Parish",5,19,1477,750,727
050,22,063,"Louisiana","Livingston Parish",5,20,1579,829,750
050,22,063,"Louisiana","Livingston Parish",5,21,1616,826,790
050,22,063,"Louisiana","Livingston Parish",5,22,1846,950,896
050,22,063,"Louisiana","Livingston Parish",5,23,1992,998,994
050,22,063,"Louisiana","Livingston Parish",5,24,1923,997,926
050,22,063,"Louisiana","Livingston Parish",5,25,1980,963,1017
050,22,063,"Louisiana","Livingston Parish",5,26,1978,1000,978
050,22,063,"Louisiana","Livingston Parish",5,27,1914,954,960
050,22,063,"Louisiana","Livingston Parish",5,28,1996,943,1053
050,22,063,"Louisiana","Livingston Parish",5,29,2032,924,1108
050,22,063,"Louisiana","Livingston Parish",5,30,2197,1036,1161
050,22,063,"Louisiana","Livingston Parish",5,31,2274,1119,1155
050,22,063,"Louisiana","Livingston Parish",5,32,2248,1085,1163
050,22,063,"Louisiana","Livingston Parish",5,33,2310,1120,1190
050,22,063,"Louisiana","Livingston Parish",5,34,2190,1092,1098
050,22,063,"Louisiana","Livingston Parish",5,35,2144,1057,1087
050,22,063,"Louisiana","Livingston Parish",5,36,2074,996,1078
050,22,063,"Louisiana","Livingston Parish",5,37,2083,981,1102
050,22,063,"Louisiana","Livingston Parish",5,38,2132,1012,1120
050,22,063,"Louisiana","Livingston Parish",5,39,2158,1044,1114
050,22,063,"Louisiana","Livingston Parish",5,40,2277,1129,1148
050,22,063,"Louisiana","Livingston Parish",5,41,2179,1066,1113
050,22,063,"Louisiana","Livingston Parish",5,42,2207,1061,1146
050,22,063,"Louisiana","Livingston Parish",5,43,2129,1019,1110
050,22,063,"Louisiana","Livingston Parish",5,44,2016,992,1024
050,22,063,"Louisiana","Livingston Parish",5,45,1966,982,984
050,22,063,"Louisiana","Livingston Parish",5,46,1925,952,973
050,22,063,"Louisiana","Livingston Parish",5,47,1810,916,894
050,22,063,"Louisiana","Livingston Parish",5,48,1801,900,901
050,22,063,"Louisiana","Livingston Parish",5,49,1780,855,925
050,22,063,"Louisiana","Livingston Parish",5,50,1750,870,880
050,22,063,"Louisiana","Livingston Parish",5,51,1846,936,910
050,22,063,"Louisiana","Livingston Parish",5,52,1934,965,969
050,22,063,"Louisiana","Livingston Parish",5,53,1924,935,989
050,22,063,"Louisiana","Livingston Parish",5,54,1845,941,904
050,22,063,"Louisiana","Livingston Parish",5,55,1775,912,863
050,22,063,"Louisiana","Livingston Parish",5,56,1703,853,850
050,22,063,"Louisiana","Livingston Parish",5,57,1646,809,837
050,22,063,"Louisiana","Livingston Parish",5,58,1775,878,897
050,22,063,"Louisiana","Livingston Parish",5,59,1793,901,892
050,22,063,"Louisiana","Livingston Parish",5,60,1732,851,881
050,22,063,"Louisiana","Livingston Parish",5,61,1711,839,872
050,22,063,"Louisiana","Livingston Parish",5,62,1705,841,864
050,22,063,"Louisiana","Livingston Parish",5,63,1632,802,830
050,22,063,"Louisiana","Livingston Parish",5,64,1631,804,827
050,22,063,"Louisiana","Livingston Parish",5,65,1600,781,819
050,22,063,"Louisiana","Livingston Parish",5,66,1524,716,808
050,22,063,"Louisiana","Livingston Parish",5,67,1438,690,748
050,22,063,"Louisiana","Livingston Parish",5,68,1352,635,717
050,22,063,"Louisiana","Livingston Parish",5,69,1305,575,730
050,22,063,"Louisiana","Livingston Parish",5,70,1264,562,702
050,22,063,"Louisiana","Livingston Parish",5,71,1229,562,667
050,22,063,"Louisiana","Livingston Parish",5,72,1163,551,612
050,22,063,"Louisiana","Livingston Parish",5,73,1085,499,586
050,22,063,"Louisiana","Livingston Parish",5,74,982,454,528
050,22,063,"Louisiana","Livingston Parish",5,75,1013,443,570
050,22,063,"Louisiana","Livingston Parish",5,76,1057,469,588
050,22,063,"Louisiana","Livingston Parish",5,77,738,324,414
050,22,063,"Louisiana","Livingston Parish",5,78,702,321,381
050,22,063,"Louisiana","Livingston Parish",5,79,647,287,360
050,22,063,"Louisiana","Livingston Parish",5,80,670,300,370
050,22,063,"Louisiana","Livingston Parish",5,81,556,245,311
050,22,063,"Louisiana","Livingston Parish",5,82,489,204,285
050,22,063,"Louisiana","Livingston Parish",5,83,433,198,235
050,22,063,"Louisiana","Livingston Parish",5,84,365,157,208
050,22,063,"Louisiana","Livingston Parish",5,85,1729,688,1041
050,22,065,"Louisiana","Madison Parish",1,0,137,70,67
050,22,065,"Louisiana","Madison Parish",1,1,149,71,78
050,22,065,"Louisiana","Madison Parish",1,2,139,57,82
050,22,065,"Louisiana","Madison Parish",1,3,128,59,69
050,22,065,"Louisiana","Madison Parish",1,4,154,87,67
050,22,065,"Louisiana","Madison Parish",1,5,145,71,74
050,22,065,"Louisiana","Madison Parish",1,6,154,69,85
050,22,065,"Louisiana","Madison Parish",1,7,153,83,70
050,22,065,"Louisiana","Madison Parish",1,8,158,83,75
050,22,065,"Louisiana","Madison Parish",1,9,134,72,62
050,22,065,"Louisiana","Madison Parish",1,10,132,72,60
050,22,065,"Louisiana","Madison Parish",1,11,144,69,75
050,22,065,"Louisiana","Madison Parish",1,12,154,73,81
050,22,065,"Louisiana","Madison Parish",1,13,143,68,75
050,22,065,"Louisiana","Madison Parish",1,14,154,79,75
050,22,065,"Louisiana","Madison Parish",1,15,165,91,74
050,22,065,"Louisiana","Madison Parish",1,16,158,91,67
050,22,065,"Louisiana","Madison Parish",1,17,151,79,72
050,22,065,"Louisiana","Madison Parish",1,18,115,58,57
050,22,065,"Louisiana","Madison Parish",1,19,102,52,50
050,22,065,"Louisiana","Madison Parish",1,20,116,64,52
050,22,065,"Louisiana","Madison Parish",1,21,112,62,50
050,22,065,"Louisiana","Madison Parish",1,22,112,61,51
050,22,065,"Louisiana","Madison Parish",1,23,123,71,52
050,22,065,"Louisiana","Madison Parish",1,24,121,59,62
050,22,065,"Louisiana","Madison Parish",1,25,144,73,71
050,22,065,"Louisiana","Madison Parish",1,26,139,68,71
050,22,065,"Louisiana","Madison Parish",1,27,166,92,74
050,22,065,"Louisiana","Madison Parish",1,28,137,68,69
050,22,065,"Louisiana","Madison Parish",1,29,162,98,64
050,22,065,"Louisiana","Madison Parish",1,30,137,71,66
050,22,065,"Louisiana","Madison Parish",1,31,125,64,61
050,22,065,"Louisiana","Madison Parish",1,32,129,63,66
050,22,065,"Louisiana","Madison Parish",1,33,137,66,71
050,22,065,"Louisiana","Madison Parish",1,34,125,54,71
050,22,065,"Louisiana","Madison Parish",1,35,117,58,59
050,22,065,"Louisiana","Madison Parish",1,36,107,45,62
050,22,065,"Louisiana","Madison Parish",1,37,116,52,64
050,22,065,"Louisiana","Madison Parish",1,38,118,54,64
050,22,065,"Louisiana","Madison Parish",1,39,112,50,62
050,22,065,"Louisiana","Madison Parish",1,40,109,54,55
050,22,065,"Louisiana","Madison Parish",1,41,85,36,49
050,22,065,"Louisiana","Madison Parish",1,42,111,43,68
050,22,065,"Louisiana","Madison Parish",1,43,96,40,56
050,22,065,"Louisiana","Madison Parish",1,44,101,52,49
050,22,065,"Louisiana","Madison Parish",1,45,115,57,58
050,22,065,"Louisiana","Madison Parish",1,46,112,44,68
050,22,065,"Louisiana","Madison Parish",1,47,121,57,64
050,22,065,"Louisiana","Madison Parish",1,48,129,72,57
050,22,065,"Louisiana","Madison Parish",1,49,119,51,68
050,22,065,"Louisiana","Madison Parish",1,50,125,59,66
050,22,065,"Louisiana","Madison Parish",1,51,124,59,65
050,22,065,"Louisiana","Madison Parish",1,52,104,48,56
050,22,065,"Louisiana","Madison Parish",1,53,114,61,53
050,22,065,"Louisiana","Madison Parish",1,54,122,58,64
050,22,065,"Louisiana","Madison Parish",1,55,122,59,63
050,22,065,"Louisiana","Madison Parish",1,56,131,62,69
050,22,065,"Louisiana","Madison Parish",1,57,116,62,54
050,22,065,"Louisiana","Madison Parish",1,58,134,69,65
050,22,065,"Louisiana","Madison Parish",1,59,126,48,78
050,22,065,"Louisiana","Madison Parish",1,60,129,55,74
050,22,065,"Louisiana","Madison Parish",1,61,115,52,63
050,22,065,"Louisiana","Madison Parish",1,62,124,60,64
050,22,065,"Louisiana","Madison Parish",1,63,143,67,76
050,22,065,"Louisiana","Madison Parish",1,64,135,62,73
050,22,065,"Louisiana","Madison Parish",1,65,129,61,68
050,22,065,"Louisiana","Madison Parish",1,66,129,65,64
050,22,065,"Louisiana","Madison Parish",1,67,120,64,56
050,22,065,"Louisiana","Madison Parish",1,68,115,50,65
050,22,065,"Louisiana","Madison Parish",1,69,102,43,59
050,22,065,"Louisiana","Madison Parish",1,70,97,40,57
050,22,065,"Louisiana","Madison Parish",1,71,96,45,51
050,22,065,"Louisiana","Madison Parish",1,72,96,45,51
050,22,065,"Louisiana","Madison Parish",1,73,84,38,46
050,22,065,"Louisiana","Madison Parish",1,74,61,32,29
050,22,065,"Louisiana","Madison Parish",1,75,60,33,27
050,22,065,"Louisiana","Madison Parish",1,76,56,27,29
050,22,065,"Louisiana","Madison Parish",1,77,58,25,33
050,22,065,"Louisiana","Madison Parish",1,78,54,24,30
050,22,065,"Louisiana","Madison Parish",1,79,44,18,26
050,22,065,"Louisiana","Madison Parish",1,80,41,20,21
050,22,065,"Louisiana","Madison Parish",1,81,43,20,23
050,22,065,"Louisiana","Madison Parish",1,82,38,12,26
050,22,065,"Louisiana","Madison Parish",1,83,31,13,18
050,22,065,"Louisiana","Madison Parish",1,84,20,8,12
050,22,065,"Louisiana","Madison Parish",1,85,157,67,90
050,22,065,"Louisiana","Madison Parish",2,0,130,66,64
050,22,065,"Louisiana","Madison Parish",2,1,145,70,75
050,22,065,"Louisiana","Madison Parish",2,2,139,59,80
050,22,065,"Louisiana","Madison Parish",2,3,131,59,72
050,22,065,"Louisiana","Madison Parish",2,4,143,78,65
050,22,065,"Louisiana","Madison Parish",2,5,146,74,72
050,22,065,"Louisiana","Madison Parish",2,6,151,69,82
050,22,065,"Louisiana","Madison Parish",2,7,152,79,73
050,22,065,"Louisiana","Madison Parish",2,8,153,81,72
050,22,065,"Louisiana","Madison Parish",2,9,138,74,64
050,22,065,"Louisiana","Madison Parish",2,10,133,72,61
050,22,065,"Louisiana","Madison Parish",2,11,139,68,71
050,22,065,"Louisiana","Madison Parish",2,12,152,73,79
050,22,065,"Louisiana","Madison Parish",2,13,143,69,74
050,22,065,"Louisiana","Madison Parish",2,14,151,76,75
050,22,065,"Louisiana","Madison Parish",2,15,160,87,73
050,22,065,"Louisiana","Madison Parish",2,16,160,92,68
050,22,065,"Louisiana","Madison Parish",2,17,149,80,69
050,22,065,"Louisiana","Madison Parish",2,18,114,57,57
050,22,065,"Louisiana","Madison Parish",2,19,100,51,49
050,22,065,"Louisiana","Madison Parish",2,20,116,64,52
050,22,065,"Louisiana","Madison Parish",2,21,114,63,51
050,22,065,"Louisiana","Madison Parish",2,22,110,58,52
050,22,065,"Louisiana","Madison Parish",2,23,124,71,53
050,22,065,"Louisiana","Madison Parish",2,24,118,59,59
050,22,065,"Louisiana","Madison Parish",2,25,141,71,70
050,22,065,"Louisiana","Madison Parish",2,26,136,64,72
050,22,065,"Louisiana","Madison Parish",2,27,165,92,73
050,22,065,"Louisiana","Madison Parish",2,28,135,66,69
050,22,065,"Louisiana","Madison Parish",2,29,167,102,65
050,22,065,"Louisiana","Madison Parish",2,30,135,70,65
050,22,065,"Louisiana","Madison Parish",2,31,126,65,61
050,22,065,"Louisiana","Madison Parish",2,32,125,61,64
050,22,065,"Louisiana","Madison Parish",2,33,131,63,68
050,22,065,"Louisiana","Madison Parish",2,34,124,53,71
050,22,065,"Louisiana","Madison Parish",2,35,122,60,62
050,22,065,"Louisiana","Madison Parish",2,36,103,43,60
050,22,065,"Louisiana","Madison Parish",2,37,115,53,62
050,22,065,"Louisiana","Madison Parish",2,38,115,51,64
050,22,065,"Louisiana","Madison Parish",2,39,109,49,60
050,22,065,"Louisiana","Madison Parish",2,40,111,54,57
050,22,065,"Louisiana","Madison Parish",2,41,90,39,51
050,22,065,"Louisiana","Madison Parish",2,42,105,41,64
050,22,065,"Louisiana","Madison Parish",2,43,99,41,58
050,22,065,"Louisiana","Madison Parish",2,44,99,49,50
050,22,065,"Louisiana","Madison Parish",2,45,113,57,56
050,22,065,"Louisiana","Madison Parish",2,46,107,42,65
050,22,065,"Louisiana","Madison Parish",2,47,118,55,63
050,22,065,"Louisiana","Madison Parish",2,48,130,70,60
050,22,065,"Louisiana","Madison Parish",2,49,118,52,66
050,22,065,"Louisiana","Madison Parish",2,50,122,58,64
050,22,065,"Louisiana","Madison Parish",2,51,120,57,63
050,22,065,"Louisiana","Madison Parish",2,52,107,50,57
050,22,065,"Louisiana","Madison Parish",2,53,114,60,54
050,22,065,"Louisiana","Madison Parish",2,54,119,57,62
050,22,065,"Louisiana","Madison Parish",2,55,120,58,62
050,22,065,"Louisiana","Madison Parish",2,56,127,61,66
050,22,065,"Louisiana","Madison Parish",2,57,121,65,56
050,22,065,"Louisiana","Madison Parish",2,58,126,65,61
050,22,065,"Louisiana","Madison Parish",2,59,126,52,74
050,22,065,"Louisiana","Madison Parish",2,60,128,52,76
050,22,065,"Louisiana","Madison Parish",2,61,115,51,64
050,22,065,"Louisiana","Madison Parish",2,62,120,57,63
050,22,065,"Louisiana","Madison Parish",2,63,139,65,74
050,22,065,"Louisiana","Madison Parish",2,64,136,63,73
050,22,065,"Louisiana","Madison Parish",2,65,130,61,69
050,22,065,"Louisiana","Madison Parish",2,66,128,64,64
050,22,065,"Louisiana","Madison Parish",2,67,121,65,56
050,22,065,"Louisiana","Madison Parish",2,68,114,52,62
050,22,065,"Louisiana","Madison Parish",2,69,105,44,61
050,22,065,"Louisiana","Madison Parish",2,70,97,40,57
050,22,065,"Louisiana","Madison Parish",2,71,96,44,52
050,22,065,"Louisiana","Madison Parish",2,72,95,45,50
050,22,065,"Louisiana","Madison Parish",2,73,90,41,49
050,22,065,"Louisiana","Madison Parish",2,74,62,31,31
050,22,065,"Louisiana","Madison Parish",2,75,61,33,28
050,22,065,"Louisiana","Madison Parish",2,76,57,29,28
050,22,065,"Louisiana","Madison Parish",2,77,58,26,32
050,22,065,"Louisiana","Madison Parish",2,78,54,24,30
050,22,065,"Louisiana","Madison Parish",2,79,44,17,27
050,22,065,"Louisiana","Madison Parish",2,80,42,19,23
050,22,065,"Louisiana","Madison Parish",2,81,41,19,22
050,22,065,"Louisiana","Madison Parish",2,82,39,14,25
050,22,065,"Louisiana","Madison Parish",2,83,31,12,19
050,22,065,"Louisiana","Madison Parish",2,84,22,9,13
050,22,065,"Louisiana","Madison Parish",2,85,150,64,86
050,22,065,"Louisiana","Madison Parish",3,0,125,52,73
050,22,065,"Louisiana","Madison Parish",3,1,138,72,66
050,22,065,"Louisiana","Madison Parish",3,2,148,74,74
050,22,065,"Louisiana","Madison Parish",3,3,139,56,83
050,22,065,"Louisiana","Madison Parish",3,4,124,53,71
050,22,065,"Louisiana","Madison Parish",3,5,134,70,64
050,22,065,"Louisiana","Madison Parish",3,6,136,68,68
050,22,065,"Louisiana","Madison Parish",3,7,140,68,72
050,22,065,"Louisiana","Madison Parish",3,8,143,71,72
050,22,065,"Louisiana","Madison Parish",3,9,144,80,64
050,22,065,"Louisiana","Madison Parish",3,10,129,67,62
050,22,065,"Louisiana","Madison Parish",3,11,132,70,62
050,22,065,"Louisiana","Madison Parish",3,12,140,66,74
050,22,065,"Louisiana","Madison Parish",3,13,145,72,73
050,22,065,"Louisiana","Madison Parish",3,14,146,70,76
050,22,065,"Louisiana","Madison Parish",3,15,161,83,78
050,22,065,"Louisiana","Madison Parish",3,16,159,94,65
050,22,065,"Louisiana","Madison Parish",3,17,149,83,66
050,22,065,"Louisiana","Madison Parish",3,18,115,68,47
050,22,065,"Louisiana","Madison Parish",3,19,94,46,48
050,22,065,"Louisiana","Madison Parish",3,20,115,59,56
050,22,065,"Louisiana","Madison Parish",3,21,130,69,61
050,22,065,"Louisiana","Madison Parish",3,22,116,56,60
050,22,065,"Louisiana","Madison Parish",3,23,113,66,47
050,22,065,"Louisiana","Madison Parish",3,24,99,50,49
050,22,065,"Louisiana","Madison Parish",3,25,135,69,66
050,22,065,"Louisiana","Madison Parish",3,26,128,50,78
050,22,065,"Louisiana","Madison Parish",3,27,154,84,70
050,22,065,"Louisiana","Madison Parish",3,28,141,69,72
050,22,065,"Louisiana","Madison Parish",3,29,175,110,65
050,22,065,"Louisiana","Madison Parish",3,30,151,79,72
050,22,065,"Louisiana","Madison Parish",3,31,139,76,63
050,22,065,"Louisiana","Madison Parish",3,32,124,61,63
050,22,065,"Louisiana","Madison Parish",3,33,110,52,58
050,22,065,"Louisiana","Madison Parish",3,34,121,53,68
050,22,065,"Louisiana","Madison Parish",3,35,134,62,72
050,22,065,"Louisiana","Madison Parish",3,36,102,39,63
050,22,065,"Louisiana","Madison Parish",3,37,115,56,59
050,22,065,"Louisiana","Madison Parish",3,38,110,46,64
050,22,065,"Louisiana","Madison Parish",3,39,108,46,62
050,22,065,"Louisiana","Madison Parish",3,40,114,55,59
050,22,065,"Louisiana","Madison Parish",3,41,91,38,53
050,22,065,"Louisiana","Madison Parish",3,42,96,43,53
050,22,065,"Louisiana","Madison Parish",3,43,109,48,61
050,22,065,"Louisiana","Madison Parish",3,44,104,44,60
050,22,065,"Louisiana","Madison Parish",3,45,113,61,52
050,22,065,"Louisiana","Madison Parish",3,46,99,41,58
050,22,065,"Louisiana","Madison Parish",3,47,116,54,62
050,22,065,"Louisiana","Madison Parish",3,48,131,63,68
050,22,065,"Louisiana","Madison Parish",3,49,104,49,55
050,22,065,"Louisiana","Madison Parish",3,50,113,52,61
050,22,065,"Louisiana","Madison Parish",3,51,127,60,67
050,22,065,"Louisiana","Madison Parish",3,52,120,53,67
050,22,065,"Louisiana","Madison Parish",3,53,113,55,58
050,22,065,"Louisiana","Madison Parish",3,54,106,52,54
050,22,065,"Louisiana","Madison Parish",3,55,121,58,63
050,22,065,"Louisiana","Madison Parish",3,56,116,54,62
050,22,065,"Louisiana","Madison Parish",3,57,130,65,65
050,22,065,"Louisiana","Madison Parish",3,58,117,61,56
050,22,065,"Louisiana","Madison Parish",3,59,120,60,60
050,22,065,"Louisiana","Madison Parish",3,60,116,44,72
050,22,065,"Louisiana","Madison Parish",3,61,127,53,74
050,22,065,"Louisiana","Madison Parish",3,62,112,51,61
050,22,065,"Louisiana","Madison Parish",3,63,117,51,66
050,22,065,"Louisiana","Madison Parish",3,64,135,65,70
050,22,065,"Louisiana","Madison Parish",3,65,134,62,72
050,22,065,"Louisiana","Madison Parish",3,66,128,61,67
050,22,065,"Louisiana","Madison Parish",3,67,125,63,62
050,22,065,"Louisiana","Madison Parish",3,68,120,62,58
050,22,065,"Louisiana","Madison Parish",3,69,107,48,59
050,22,065,"Louisiana","Madison Parish",3,70,101,43,58
050,22,065,"Louisiana","Madison Parish",3,71,93,37,56
050,22,065,"Louisiana","Madison Parish",3,72,94,41,53
050,22,065,"Louisiana","Madison Parish",3,73,96,46,50
050,22,065,"Louisiana","Madison Parish",3,74,84,39,45
050,22,065,"Louisiana","Madison Parish",3,75,56,27,29
050,22,065,"Louisiana","Madison Parish",3,76,55,28,27
050,22,065,"Louisiana","Madison Parish",3,77,51,27,24
050,22,065,"Louisiana","Madison Parish",3,78,54,25,29
050,22,065,"Louisiana","Madison Parish",3,79,44,19,25
050,22,065,"Louisiana","Madison Parish",3,80,39,14,25
050,22,065,"Louisiana","Madison Parish",3,81,39,18,21
050,22,065,"Louisiana","Madison Parish",3,82,34,16,18
050,22,065,"Louisiana","Madison Parish",3,83,38,11,27
050,22,065,"Louisiana","Madison Parish",3,84,27,11,16
050,22,065,"Louisiana","Madison Parish",3,85,154,67,87
050,22,065,"Louisiana","Madison Parish",4,0,129,63,66
050,22,065,"Louisiana","Madison Parish",4,1,133,58,75
050,22,065,"Louisiana","Madison Parish",4,2,127,63,64
050,22,065,"Louisiana","Madison Parish",4,3,140,66,74
050,22,065,"Louisiana","Madison Parish",4,4,128,50,78
050,22,065,"Louisiana","Madison Parish",4,5,118,50,68
050,22,065,"Louisiana","Madison Parish",4,6,131,70,61
050,22,065,"Louisiana","Madison Parish",4,7,137,74,63
050,22,065,"Louisiana","Madison Parish",4,8,130,66,64
050,22,065,"Louisiana","Madison Parish",4,9,141,71,70
050,22,065,"Louisiana","Madison Parish",4,10,141,74,67
050,22,065,"Louisiana","Madison Parish",4,11,133,69,64
050,22,065,"Louisiana","Madison Parish",4,12,124,67,57
050,22,065,"Louisiana","Madison Parish",4,13,127,62,65
050,22,065,"Louisiana","Madison Parish",4,14,148,77,71
050,22,065,"Louisiana","Madison Parish",4,15,142,74,68
050,22,065,"Louisiana","Madison Parish",4,16,167,86,81
050,22,065,"Louisiana","Madison Parish",4,17,147,82,65
050,22,065,"Louisiana","Madison Parish",4,18,114,59,55
050,22,065,"Louisiana","Madison Parish",4,19,88,50,38
050,22,065,"Louisiana","Madison Parish",4,20,94,51,43
050,22,065,"Louisiana","Madison Parish",4,21,107,59,48
050,22,065,"Louisiana","Madison Parish",4,22,124,58,66
050,22,065,"Louisiana","Madison Parish",4,23,118,62,56
050,22,065,"Louisiana","Madison Parish",4,24,98,50,48
050,22,065,"Louisiana","Madison Parish",4,25,119,63,56
050,22,065,"Louisiana","Madison Parish",4,26,120,55,65
050,22,065,"Louisiana","Madison Parish",4,27,142,71,71
050,22,065,"Louisiana","Madison Parish",4,28,120,54,66
050,22,065,"Louisiana","Madison Parish",4,29,176,113,63
050,22,065,"Louisiana","Madison Parish",4,30,131,73,58
050,22,065,"Louisiana","Madison Parish",4,31,150,81,69
050,22,065,"Louisiana","Madison Parish",4,32,122,64,58
050,22,065,"Louisiana","Madison Parish",4,33,110,53,57
050,22,065,"Louisiana","Madison Parish",4,34,94,37,57
050,22,065,"Louisiana","Madison Parish",4,35,133,65,68
050,22,065,"Louisiana","Madison Parish",4,36,116,42,74
050,22,065,"Louisiana","Madison Parish",4,37,103,47,56
050,22,065,"Louisiana","Madison Parish",4,38,100,44,56
050,22,065,"Louisiana","Madison Parish",4,39,102,40,62
050,22,065,"Louisiana","Madison Parish",4,40,115,55,60
050,22,065,"Louisiana","Madison Parish",4,41,104,46,58
050,22,065,"Louisiana","Madison Parish",4,42,95,37,58
050,22,065,"Louisiana","Madison Parish",4,43,94,47,47
050,22,065,"Louisiana","Madison Parish",4,44,116,54,62
050,22,065,"Louisiana","Madison Parish",4,45,112,54,58
050,22,065,"Louisiana","Madison Parish",4,46,98,39,59
050,22,065,"Louisiana","Madison Parish",4,47,104,54,50
050,22,065,"Louisiana","Madison Parish",4,48,117,60,57
050,22,065,"Louisiana","Madison Parish",4,49,105,40,65
050,22,065,"Louisiana","Madison Parish",4,50,102,51,51
050,22,065,"Louisiana","Madison Parish",4,51,115,56,59
050,22,065,"Louisiana","Madison Parish",4,52,119,51,68
050,22,065,"Louisiana","Madison Parish",4,53,124,61,63
050,22,065,"Louisiana","Madison Parish",4,54,103,49,54
050,22,065,"Louisiana","Madison Parish",4,55,106,53,53
050,22,065,"Louisiana","Madison Parish",4,56,112,51,61
050,22,065,"Louisiana","Madison Parish",4,57,120,58,62
050,22,065,"Louisiana","Madison Parish",4,58,122,58,64
050,22,065,"Louisiana","Madison Parish",4,59,105,53,52
050,22,065,"Louisiana","Madison Parish",4,60,112,54,58
050,22,065,"Louisiana","Madison Parish",4,61,111,44,67
050,22,065,"Louisiana","Madison Parish",4,62,122,50,72
050,22,065,"Louisiana","Madison Parish",4,63,114,49,65
050,22,065,"Louisiana","Madison Parish",4,64,106,49,57
050,22,065,"Louisiana","Madison Parish",4,65,124,58,66
050,22,065,"Louisiana","Madison Parish",4,66,130,61,69
050,22,065,"Louisiana","Madison Parish",4,67,124,59,65
050,22,065,"Louisiana","Madison Parish",4,68,121,59,62
050,22,065,"Louisiana","Madison Parish",4,69,113,59,54
050,22,065,"Louisiana","Madison Parish",4,70,106,51,55
050,22,065,"Louisiana","Madison Parish",4,71,97,38,59
050,22,065,"Louisiana","Madison Parish",4,72,89,34,55
050,22,065,"Louisiana","Madison Parish",4,73,94,41,53
050,22,065,"Louisiana","Madison Parish",4,74,94,45,49
050,22,065,"Louisiana","Madison Parish",4,75,74,37,37
050,22,065,"Louisiana","Madison Parish",4,76,52,25,27
050,22,065,"Louisiana","Madison Parish",4,77,49,24,25
050,22,065,"Louisiana","Madison Parish",4,78,44,23,21
050,22,065,"Louisiana","Madison Parish",4,79,45,18,27
050,22,065,"Louisiana","Madison Parish",4,80,41,18,23
050,22,065,"Louisiana","Madison Parish",4,81,37,14,23
050,22,065,"Louisiana","Madison Parish",4,82,36,18,18
050,22,065,"Louisiana","Madison Parish",4,83,32,14,18
050,22,065,"Louisiana","Madison Parish",4,84,34,10,24
050,22,065,"Louisiana","Madison Parish",4,85,167,73,94
050,22,065,"Louisiana","Madison Parish",5,0,128,63,65
050,22,065,"Louisiana","Madison Parish",5,1,118,65,53
050,22,065,"Louisiana","Madison Parish",5,2,135,56,79
050,22,065,"Louisiana","Madison Parish",5,3,123,62,61
050,22,065,"Louisiana","Madison Parish",5,4,135,68,67
050,22,065,"Louisiana","Madison Parish",5,5,119,45,74
050,22,065,"Louisiana","Madison Parish",5,6,106,46,60
050,22,065,"Louisiana","Madison Parish",5,7,127,65,62
050,22,065,"Louisiana","Madison Parish",5,8,132,69,63
050,22,065,"Louisiana","Madison Parish",5,9,130,66,64
050,22,065,"Louisiana","Madison Parish",5,10,141,72,69
050,22,065,"Louisiana","Madison Parish",5,11,137,70,67
050,22,065,"Louisiana","Madison Parish",5,12,131,65,66
050,22,065,"Louisiana","Madison Parish",5,13,122,66,56
050,22,065,"Louisiana","Madison Parish",5,14,131,66,65
050,22,065,"Louisiana","Madison Parish",5,15,146,77,69
050,22,065,"Louisiana","Madison Parish",5,16,152,81,71
050,22,065,"Louisiana","Madison Parish",5,17,146,76,70
050,22,065,"Louisiana","Madison Parish",5,18,105,54,51
050,22,065,"Louisiana","Madison Parish",5,19,91,44,47
050,22,065,"Louisiana","Madison Parish",5,20,106,62,44
050,22,065,"Louisiana","Madison Parish",5,21,102,58,44
050,22,065,"Louisiana","Madison Parish",5,22,110,52,58
050,22,065,"Louisiana","Madison Parish",5,23,130,71,59
050,22,065,"Louisiana","Madison Parish",5,24,105,55,50
050,22,065,"Louisiana","Madison Parish",5,25,106,56,50
050,22,065,"Louisiana","Madison Parish",5,26,105,46,59
050,22,065,"Louisiana","Madison Parish",5,27,129,73,56
050,22,065,"Louisiana","Madison Parish",5,28,117,50,67
050,22,065,"Louisiana","Madison Parish",5,29,158,99,59
050,22,065,"Louisiana","Madison Parish",5,30,146,89,57
050,22,065,"Louisiana","Madison Parish",5,31,136,78,58
050,22,065,"Louisiana","Madison Parish",5,32,133,70,63
050,22,065,"Louisiana","Madison Parish",5,33,114,61,53
050,22,065,"Louisiana","Madison Parish",5,34,95,42,53
050,22,065,"Louisiana","Madison Parish",5,35,110,53,57
050,22,065,"Louisiana","Madison Parish",5,36,113,47,66
050,22,065,"Louisiana","Madison Parish",5,37,112,47,65
050,22,065,"Louisiana","Madison Parish",5,38,91,38,53
050,22,065,"Louisiana","Madison Parish",5,39,89,39,50
050,22,065,"Louisiana","Madison Parish",5,40,111,49,62
050,22,065,"Louisiana","Madison Parish",5,41,101,48,53
050,22,065,"Louisiana","Madison Parish",5,42,113,47,66
050,22,065,"Louisiana","Madison Parish",5,43,90,40,50
050,22,065,"Louisiana","Madison Parish",5,44,97,49,48
050,22,065,"Louisiana","Madison Parish",5,45,124,61,63
050,22,065,"Louisiana","Madison Parish",5,46,97,35,62
050,22,065,"Louisiana","Madison Parish",5,47,100,52,48
050,22,065,"Louisiana","Madison Parish",5,48,107,59,48
050,22,065,"Louisiana","Madison Parish",5,49,94,39,55
050,22,065,"Louisiana","Madison Parish",5,50,102,43,59
050,22,065,"Louisiana","Madison Parish",5,51,108,54,54
050,22,065,"Louisiana","Madison Parish",5,52,111,51,60
050,22,065,"Louisiana","Madison Parish",5,53,125,61,64
050,22,065,"Louisiana","Madison Parish",5,54,110,49,61
050,22,065,"Louisiana","Madison Parish",5,55,102,50,52
050,22,065,"Louisiana","Madison Parish",5,56,99,48,51
050,22,065,"Louisiana","Madison Parish",5,57,118,56,62
050,22,065,"Louisiana","Madison Parish",5,58,114,52,62
050,22,065,"Louisiana","Madison Parish",5,59,111,52,59
050,22,065,"Louisiana","Madison Parish",5,60,101,49,52
050,22,065,"Louisiana","Madison Parish",5,61,106,54,52
050,22,065,"Louisiana","Madison Parish",5,62,109,42,67
050,22,065,"Louisiana","Madison Parish",5,63,117,42,75
050,22,065,"Louisiana","Madison Parish",5,64,105,50,55
050,22,065,"Louisiana","Madison Parish",5,65,98,45,53
050,22,065,"Louisiana","Madison Parish",5,66,123,58,65
050,22,065,"Louisiana","Madison Parish",5,67,126,61,65
050,22,065,"Louisiana","Madison Parish",5,68,124,58,66
050,22,065,"Louisiana","Madison Parish",5,69,113,55,58
050,22,065,"Louisiana","Madison Parish",5,70,110,58,52
050,22,065,"Louisiana","Madison Parish",5,71,102,48,54
050,22,065,"Louisiana","Madison Parish",5,72,92,34,58
050,22,065,"Louisiana","Madison Parish",5,73,88,33,55
050,22,065,"Louisiana","Madison Parish",5,74,92,40,52
050,22,065,"Louisiana","Madison Parish",5,75,86,43,43
050,22,065,"Louisiana","Madison Parish",5,76,70,34,36
050,22,065,"Louisiana","Madison Parish",5,77,44,22,22
050,22,065,"Louisiana","Madison Parish",5,78,44,23,21
050,22,065,"Louisiana","Madison Parish",5,79,35,17,18
050,22,065,"Louisiana","Madison Parish",5,80,43,16,27
050,22,065,"Louisiana","Madison Parish",5,81,40,18,22
050,22,065,"Louisiana","Madison Parish",5,82,33,12,21
050,22,065,"Louisiana","Madison Parish",5,83,35,15,20
050,22,065,"Louisiana","Madison Parish",5,84,29,13,16
050,22,065,"Louisiana","Madison Parish",5,85,185,78,107
050,22,067,"Louisiana","Morehouse Parish",1,0,300,155,145
050,22,067,"Louisiana","Morehouse Parish",1,1,317,176,141
050,22,067,"Louisiana","Morehouse Parish",1,2,329,164,165
050,22,067,"Louisiana","Morehouse Parish",1,3,358,190,168
050,22,067,"Louisiana","Morehouse Parish",1,4,366,196,170
050,22,067,"Louisiana","Morehouse Parish",1,5,355,176,179
050,22,067,"Louisiana","Morehouse Parish",1,6,329,178,151
050,22,067,"Louisiana","Morehouse Parish",1,7,306,157,149
050,22,067,"Louisiana","Morehouse Parish",1,8,337,168,169
050,22,067,"Louisiana","Morehouse Parish",1,9,327,178,149
050,22,067,"Louisiana","Morehouse Parish",1,10,360,189,171
050,22,067,"Louisiana","Morehouse Parish",1,11,340,183,157
050,22,067,"Louisiana","Morehouse Parish",1,12,355,175,180
050,22,067,"Louisiana","Morehouse Parish",1,13,355,179,176
050,22,067,"Louisiana","Morehouse Parish",1,14,341,169,172
050,22,067,"Louisiana","Morehouse Parish",1,15,337,164,173
050,22,067,"Louisiana","Morehouse Parish",1,16,344,178,166
050,22,067,"Louisiana","Morehouse Parish",1,17,344,170,174
050,22,067,"Louisiana","Morehouse Parish",1,18,313,163,150
050,22,067,"Louisiana","Morehouse Parish",1,19,253,136,117
050,22,067,"Louisiana","Morehouse Parish",1,20,268,147,121
050,22,067,"Louisiana","Morehouse Parish",1,21,289,148,141
050,22,067,"Louisiana","Morehouse Parish",1,22,295,164,131
050,22,067,"Louisiana","Morehouse Parish",1,23,292,154,138
050,22,067,"Louisiana","Morehouse Parish",1,24,281,152,129
050,22,067,"Louisiana","Morehouse Parish",1,25,281,158,123
050,22,067,"Louisiana","Morehouse Parish",1,26,319,175,144
050,22,067,"Louisiana","Morehouse Parish",1,27,366,201,165
050,22,067,"Louisiana","Morehouse Parish",1,28,328,182,146
050,22,067,"Louisiana","Morehouse Parish",1,29,295,159,136
050,22,067,"Louisiana","Morehouse Parish",1,30,327,160,167
050,22,067,"Louisiana","Morehouse Parish",1,31,306,169,137
050,22,067,"Louisiana","Morehouse Parish",1,32,292,156,136
050,22,067,"Louisiana","Morehouse Parish",1,33,302,160,142
050,22,067,"Louisiana","Morehouse Parish",1,34,302,151,151
050,22,067,"Louisiana","Morehouse Parish",1,35,289,141,148
050,22,067,"Louisiana","Morehouse Parish",1,36,274,125,149
050,22,067,"Louisiana","Morehouse Parish",1,37,277,137,140
050,22,067,"Louisiana","Morehouse Parish",1,38,317,153,164
050,22,067,"Louisiana","Morehouse Parish",1,39,333,161,172
050,22,067,"Louisiana","Morehouse Parish",1,40,311,161,150
050,22,067,"Louisiana","Morehouse Parish",1,41,314,153,161
050,22,067,"Louisiana","Morehouse Parish",1,42,304,160,144
050,22,067,"Louisiana","Morehouse Parish",1,43,314,152,162
050,22,067,"Louisiana","Morehouse Parish",1,44,284,130,154
050,22,067,"Louisiana","Morehouse Parish",1,45,293,149,144
050,22,067,"Louisiana","Morehouse Parish",1,46,267,137,130
050,22,067,"Louisiana","Morehouse Parish",1,47,282,138,144
050,22,067,"Louisiana","Morehouse Parish",1,48,301,149,152
050,22,067,"Louisiana","Morehouse Parish",1,49,307,145,162
050,22,067,"Louisiana","Morehouse Parish",1,50,332,181,151
050,22,067,"Louisiana","Morehouse Parish",1,51,333,175,158
050,22,067,"Louisiana","Morehouse Parish",1,52,315,153,162
050,22,067,"Louisiana","Morehouse Parish",1,53,301,146,155
050,22,067,"Louisiana","Morehouse Parish",1,54,298,143,155
050,22,067,"Louisiana","Morehouse Parish",1,55,344,155,189
050,22,067,"Louisiana","Morehouse Parish",1,56,330,150,180
050,22,067,"Louisiana","Morehouse Parish",1,57,332,147,185
050,22,067,"Louisiana","Morehouse Parish",1,58,315,137,178
050,22,067,"Louisiana","Morehouse Parish",1,59,338,151,187
050,22,067,"Louisiana","Morehouse Parish",1,60,362,163,199
050,22,067,"Louisiana","Morehouse Parish",1,61,341,158,183
050,22,067,"Louisiana","Morehouse Parish",1,62,368,168,200
050,22,067,"Louisiana","Morehouse Parish",1,63,378,181,197
050,22,067,"Louisiana","Morehouse Parish",1,64,376,173,203
050,22,067,"Louisiana","Morehouse Parish",1,65,355,163,192
050,22,067,"Louisiana","Morehouse Parish",1,66,344,161,183
050,22,067,"Louisiana","Morehouse Parish",1,67,350,173,177
050,22,067,"Louisiana","Morehouse Parish",1,68,337,157,180
050,22,067,"Louisiana","Morehouse Parish",1,69,309,145,164
050,22,067,"Louisiana","Morehouse Parish",1,70,297,145,152
050,22,067,"Louisiana","Morehouse Parish",1,71,265,127,138
050,22,067,"Louisiana","Morehouse Parish",1,72,271,133,138
050,22,067,"Louisiana","Morehouse Parish",1,73,269,117,152
050,22,067,"Louisiana","Morehouse Parish",1,74,207,85,122
050,22,067,"Louisiana","Morehouse Parish",1,75,209,85,124
050,22,067,"Louisiana","Morehouse Parish",1,76,170,72,98
050,22,067,"Louisiana","Morehouse Parish",1,77,162,80,82
050,22,067,"Louisiana","Morehouse Parish",1,78,152,67,85
050,22,067,"Louisiana","Morehouse Parish",1,79,129,56,73
050,22,067,"Louisiana","Morehouse Parish",1,80,129,66,63
050,22,067,"Louisiana","Morehouse Parish",1,81,124,53,71
050,22,067,"Louisiana","Morehouse Parish",1,82,107,40,67
050,22,067,"Louisiana","Morehouse Parish",1,83,96,38,58
050,22,067,"Louisiana","Morehouse Parish",1,84,90,31,59
050,22,067,"Louisiana","Morehouse Parish",1,85,527,161,366
050,22,067,"Louisiana","Morehouse Parish",2,0,301,155,146
050,22,067,"Louisiana","Morehouse Parish",2,1,311,169,142
050,22,067,"Louisiana","Morehouse Parish",2,2,325,164,161
050,22,067,"Louisiana","Morehouse Parish",2,3,348,182,166
050,22,067,"Louisiana","Morehouse Parish",2,4,364,193,171
050,22,067,"Louisiana","Morehouse Parish",2,5,350,178,172
050,22,067,"Louisiana","Morehouse Parish",2,6,329,175,154
050,22,067,"Louisiana","Morehouse Parish",2,7,312,162,150
050,22,067,"Louisiana","Morehouse Parish",2,8,324,163,161
050,22,067,"Louisiana","Morehouse Parish",2,9,328,176,152
050,22,067,"Louisiana","Morehouse Parish",2,10,348,183,165
050,22,067,"Louisiana","Morehouse Parish",2,11,340,182,158
050,22,067,"Louisiana","Morehouse Parish",2,12,349,175,174
050,22,067,"Louisiana","Morehouse Parish",2,13,351,177,174
050,22,067,"Louisiana","Morehouse Parish",2,14,341,169,172
050,22,067,"Louisiana","Morehouse Parish",2,15,335,163,172
050,22,067,"Louisiana","Morehouse Parish",2,16,343,177,166
050,22,067,"Louisiana","Morehouse Parish",2,17,339,170,169
050,22,067,"Louisiana","Morehouse Parish",2,18,306,158,148
050,22,067,"Louisiana","Morehouse Parish",2,19,256,138,118
050,22,067,"Louisiana","Morehouse Parish",2,20,271,148,123
050,22,067,"Louisiana","Morehouse Parish",2,21,288,151,137
050,22,067,"Louisiana","Morehouse Parish",2,22,292,160,132
050,22,067,"Louisiana","Morehouse Parish",2,23,291,156,135
050,22,067,"Louisiana","Morehouse Parish",2,24,278,150,128
050,22,067,"Louisiana","Morehouse Parish",2,25,280,158,122
050,22,067,"Louisiana","Morehouse Parish",2,26,306,170,136
050,22,067,"Louisiana","Morehouse Parish",2,27,353,196,157
050,22,067,"Louisiana","Morehouse Parish",2,28,328,181,147
050,22,067,"Louisiana","Morehouse Parish",2,29,302,163,139
050,22,067,"Louisiana","Morehouse Parish",2,30,318,158,160
050,22,067,"Louisiana","Morehouse Parish",2,31,310,167,143
050,22,067,"Louisiana","Morehouse Parish",2,32,294,160,134
050,22,067,"Louisiana","Morehouse Parish",2,33,293,154,139
050,22,067,"Louisiana","Morehouse Parish",2,34,298,150,148
050,22,067,"Louisiana","Morehouse Parish",2,35,288,140,148
050,22,067,"Louisiana","Morehouse Parish",2,36,270,126,144
050,22,067,"Louisiana","Morehouse Parish",2,37,277,136,141
050,22,067,"Louisiana","Morehouse Parish",2,38,309,151,158
050,22,067,"Louisiana","Morehouse Parish",2,39,322,156,166
050,22,067,"Louisiana","Morehouse Parish",2,40,314,159,155
050,22,067,"Louisiana","Morehouse Parish",2,41,313,156,157
050,22,067,"Louisiana","Morehouse Parish",2,42,306,159,147
050,22,067,"Louisiana","Morehouse Parish",2,43,312,153,159
050,22,067,"Louisiana","Morehouse Parish",2,44,288,136,152
050,22,067,"Louisiana","Morehouse Parish",2,45,294,147,147
050,22,067,"Louisiana","Morehouse Parish",2,46,269,135,134
050,22,067,"Louisiana","Morehouse Parish",2,47,279,140,139
050,22,067,"Louisiana","Morehouse Parish",2,48,295,146,149
050,22,067,"Louisiana","Morehouse Parish",2,49,305,144,161
050,22,067,"Louisiana","Morehouse Parish",2,50,324,172,152
050,22,067,"Louisiana","Morehouse Parish",2,51,328,174,154
050,22,067,"Louisiana","Morehouse Parish",2,52,314,154,160
050,22,067,"Louisiana","Morehouse Parish",2,53,303,149,154
050,22,067,"Louisiana","Morehouse Parish",2,54,298,143,155
050,22,067,"Louisiana","Morehouse Parish",2,55,333,152,181
050,22,067,"Louisiana","Morehouse Parish",2,56,335,152,183
050,22,067,"Louisiana","Morehouse Parish",2,57,328,144,184
050,22,067,"Louisiana","Morehouse Parish",2,58,314,136,178
050,22,067,"Louisiana","Morehouse Parish",2,59,333,148,185
050,22,067,"Louisiana","Morehouse Parish",2,60,354,160,194
050,22,067,"Louisiana","Morehouse Parish",2,61,345,159,186
050,22,067,"Louisiana","Morehouse Parish",2,62,358,164,194
050,22,067,"Louisiana","Morehouse Parish",2,63,378,179,199
050,22,067,"Louisiana","Morehouse Parish",2,64,374,172,202
050,22,067,"Louisiana","Morehouse Parish",2,65,354,162,192
050,22,067,"Louisiana","Morehouse Parish",2,66,348,163,185
050,22,067,"Louisiana","Morehouse Parish",2,67,345,167,178
050,22,067,"Louisiana","Morehouse Parish",2,68,335,159,176
050,22,067,"Louisiana","Morehouse Parish",2,69,315,146,169
050,22,067,"Louisiana","Morehouse Parish",2,70,294,142,152
050,22,067,"Louisiana","Morehouse Parish",2,71,270,129,141
050,22,067,"Louisiana","Morehouse Parish",2,72,258,125,133
050,22,067,"Louisiana","Morehouse Parish",2,73,280,125,155
050,22,067,"Louisiana","Morehouse Parish",2,74,208,88,120
050,22,067,"Louisiana","Morehouse Parish",2,75,208,83,125
050,22,067,"Louisiana","Morehouse Parish",2,76,177,74,103
050,22,067,"Louisiana","Morehouse Parish",2,77,162,78,84
050,22,067,"Louisiana","Morehouse Parish",2,78,145,64,81
050,22,067,"Louisiana","Morehouse Parish",2,79,135,59,76
050,22,067,"Louisiana","Morehouse Parish",2,80,127,63,64
050,22,067,"Louisiana","Morehouse Parish",2,81,123,54,69
050,22,067,"Louisiana","Morehouse Parish",2,82,108,43,65
050,22,067,"Louisiana","Morehouse Parish",2,83,98,39,59
050,22,067,"Louisiana","Morehouse Parish",2,84,90,31,59
050,22,067,"Louisiana","Morehouse Parish",2,85,523,159,364
050,22,067,"Louisiana","Morehouse Parish",3,0,296,161,135
050,22,067,"Louisiana","Morehouse Parish",3,1,318,160,158
050,22,067,"Louisiana","Morehouse Parish",3,2,301,161,140
050,22,067,"Louisiana","Morehouse Parish",3,3,328,165,163
050,22,067,"Louisiana","Morehouse Parish",3,4,324,171,153
050,22,067,"Louisiana","Morehouse Parish",3,5,352,183,169
050,22,067,"Louisiana","Morehouse Parish",3,6,330,166,164
050,22,067,"Louisiana","Morehouse Parish",3,7,331,174,157
050,22,067,"Louisiana","Morehouse Parish",3,8,300,159,141
050,22,067,"Louisiana","Morehouse Parish",3,9,308,160,148
050,22,067,"Louisiana","Morehouse Parish",3,10,331,177,154
050,22,067,"Louisiana","Morehouse Parish",3,11,348,183,165
050,22,067,"Louisiana","Morehouse Parish",3,12,338,180,158
050,22,067,"Louisiana","Morehouse Parish",3,13,339,161,178
050,22,067,"Louisiana","Morehouse Parish",3,14,347,171,176
050,22,067,"Louisiana","Morehouse Parish",3,15,337,169,168
050,22,067,"Louisiana","Morehouse Parish",3,16,335,169,166
050,22,067,"Louisiana","Morehouse Parish",3,17,325,168,157
050,22,067,"Louisiana","Morehouse Parish",3,18,305,152,153
050,22,067,"Louisiana","Morehouse Parish",3,19,255,142,113
050,22,067,"Louisiana","Morehouse Parish",3,20,276,148,128
050,22,067,"Louisiana","Morehouse Parish",3,21,305,161,144
050,22,067,"Louisiana","Morehouse Parish",3,22,296,153,143
050,22,067,"Louisiana","Morehouse Parish",3,23,306,164,142
050,22,067,"Louisiana","Morehouse Parish",3,24,284,150,134
050,22,067,"Louisiana","Morehouse Parish",3,25,277,153,124
050,22,067,"Louisiana","Morehouse Parish",3,26,265,146,119
050,22,067,"Louisiana","Morehouse Parish",3,27,307,180,127
050,22,067,"Louisiana","Morehouse Parish",3,28,334,185,149
050,22,067,"Louisiana","Morehouse Parish",3,29,319,169,150
050,22,067,"Louisiana","Morehouse Parish",3,30,285,150,135
050,22,067,"Louisiana","Morehouse Parish",3,31,332,170,162
050,22,067,"Louisiana","Morehouse Parish",3,32,320,173,147
050,22,067,"Louisiana","Morehouse Parish",3,33,270,147,123
050,22,067,"Louisiana","Morehouse Parish",3,34,287,145,142
050,22,067,"Louisiana","Morehouse Parish",3,35,289,139,150
050,22,067,"Louisiana","Morehouse Parish",3,36,266,128,138
050,22,067,"Louisiana","Morehouse Parish",3,37,268,134,134
050,22,067,"Louisiana","Morehouse Parish",3,38,290,145,145
050,22,067,"Louisiana","Morehouse Parish",3,39,303,139,164
050,22,067,"Louisiana","Morehouse Parish",3,40,310,152,158
050,22,067,"Louisiana","Morehouse Parish",3,41,314,155,159
050,22,067,"Louisiana","Morehouse Parish",3,42,312,160,152
050,22,067,"Louisiana","Morehouse Parish",3,43,302,155,147
050,22,067,"Louisiana","Morehouse Parish",3,44,302,155,147
050,22,067,"Louisiana","Morehouse Parish",3,45,285,137,148
050,22,067,"Louisiana","Morehouse Parish",3,46,281,130,151
050,22,067,"Louisiana","Morehouse Parish",3,47,278,144,134
050,22,067,"Louisiana","Morehouse Parish",3,48,280,140,140
050,22,067,"Louisiana","Morehouse Parish",3,49,288,133,155
050,22,067,"Louisiana","Morehouse Parish",3,50,302,148,154
050,22,067,"Louisiana","Morehouse Parish",3,51,324,170,154
050,22,067,"Louisiana","Morehouse Parish",3,52,306,161,145
050,22,067,"Louisiana","Morehouse Parish",3,53,309,154,155
050,22,067,"Louisiana","Morehouse Parish",3,54,295,144,151
050,22,067,"Louisiana","Morehouse Parish",3,55,293,142,151
050,22,067,"Louisiana","Morehouse Parish",3,56,333,157,176
050,22,067,"Louisiana","Morehouse Parish",3,57,323,142,181
050,22,067,"Louisiana","Morehouse Parish",3,58,320,143,177
050,22,067,"Louisiana","Morehouse Parish",3,59,308,136,172
050,22,067,"Louisiana","Morehouse Parish",3,60,328,148,180
050,22,067,"Louisiana","Morehouse Parish",3,61,353,157,196
050,22,067,"Louisiana","Morehouse Parish",3,62,332,145,187
050,22,067,"Louisiana","Morehouse Parish",3,63,348,158,190
050,22,067,"Louisiana","Morehouse Parish",3,64,373,178,195
050,22,067,"Louisiana","Morehouse Parish",3,65,360,168,192
050,22,067,"Louisiana","Morehouse Parish",3,66,332,152,180
050,22,067,"Louisiana","Morehouse Parish",3,67,334,157,177
050,22,067,"Louisiana","Morehouse Parish",3,68,340,164,176
050,22,067,"Louisiana","Morehouse Parish",3,69,324,153,171
050,22,067,"Louisiana","Morehouse Parish",3,70,296,137,159
050,22,067,"Louisiana","Morehouse Parish",3,71,276,129,147
050,22,067,"Louisiana","Morehouse Parish",3,72,261,129,132
050,22,067,"Louisiana","Morehouse Parish",3,73,236,106,130
050,22,067,"Louisiana","Morehouse Parish",3,74,260,118,142
050,22,067,"Louisiana","Morehouse Parish",3,75,194,78,116
050,22,067,"Louisiana","Morehouse Parish",3,76,195,82,113
050,22,067,"Louisiana","Morehouse Parish",3,77,161,63,98
050,22,067,"Louisiana","Morehouse Parish",3,78,153,71,82
050,22,067,"Louisiana","Morehouse Parish",3,79,130,59,71
050,22,067,"Louisiana","Morehouse Parish",3,80,130,56,74
050,22,067,"Louisiana","Morehouse Parish",3,81,115,51,64
050,22,067,"Louisiana","Morehouse Parish",3,82,98,42,56
050,22,067,"Louisiana","Morehouse Parish",3,83,108,43,65
050,22,067,"Louisiana","Morehouse Parish",3,84,93,35,58
050,22,067,"Louisiana","Morehouse Parish",3,85,499,155,344
050,22,067,"Louisiana","Morehouse Parish",4,0,263,140,123
050,22,067,"Louisiana","Morehouse Parish",4,1,284,157,127
050,22,067,"Louisiana","Morehouse Parish",4,2,316,159,157
050,22,067,"Louisiana","Morehouse Parish",4,3,296,155,141
050,22,067,"Louisiana","Morehouse Parish",4,4,305,158,147
050,22,067,"Louisiana","Morehouse Parish",4,5,312,159,153
050,22,067,"Louisiana","Morehouse Parish",4,6,339,182,157
050,22,067,"Louisiana","Morehouse Parish",4,7,317,169,148
050,22,067,"Louisiana","Morehouse Parish",4,8,331,172,159
050,22,067,"Louisiana","Morehouse Parish",4,9,287,159,128
050,22,067,"Louisiana","Morehouse Parish",4,10,315,163,152
050,22,067,"Louisiana","Morehouse Parish",4,11,319,171,148
050,22,067,"Louisiana","Morehouse Parish",4,12,344,176,168
050,22,067,"Louisiana","Morehouse Parish",4,13,335,179,156
050,22,067,"Louisiana","Morehouse Parish",4,14,333,159,174
050,22,067,"Louisiana","Morehouse Parish",4,15,338,167,171
050,22,067,"Louisiana","Morehouse Parish",4,16,335,176,159
050,22,067,"Louisiana","Morehouse Parish",4,17,322,161,161
050,22,067,"Louisiana","Morehouse Parish",4,18,279,147,132
050,22,067,"Louisiana","Morehouse Parish",4,19,241,123,118
050,22,067,"Louisiana","Morehouse Parish",4,20,263,137,126
050,22,067,"Louisiana","Morehouse Parish",4,21,296,164,132
050,22,067,"Louisiana","Morehouse Parish",4,22,306,166,140
050,22,067,"Louisiana","Morehouse Parish",4,23,310,160,150
050,22,067,"Louisiana","Morehouse Parish",4,24,304,168,136
050,22,067,"Louisiana","Morehouse Parish",4,25,274,151,123
050,22,067,"Louisiana","Morehouse Parish",4,26,282,152,130
050,22,067,"Louisiana","Morehouse Parish",4,27,279,158,121
050,22,067,"Louisiana","Morehouse Parish",4,28,297,164,133
050,22,067,"Louisiana","Morehouse Parish",4,29,304,171,133
050,22,067,"Louisiana","Morehouse Parish",4,30,301,159,142
050,22,067,"Louisiana","Morehouse Parish",4,31,273,140,133
050,22,067,"Louisiana","Morehouse Parish",4,32,318,160,158
050,22,067,"Louisiana","Morehouse Parish",4,33,306,164,142
050,22,067,"Louisiana","Morehouse Parish",4,34,248,128,120
050,22,067,"Louisiana","Morehouse Parish",4,35,268,133,135
050,22,067,"Louisiana","Morehouse Parish",4,36,272,129,143
050,22,067,"Louisiana","Morehouse Parish",4,37,268,135,133
050,22,067,"Louisiana","Morehouse Parish",4,38,264,133,131
050,22,067,"Louisiana","Morehouse Parish",4,39,280,136,144
050,22,067,"Louisiana","Morehouse Parish",4,40,298,139,159
050,22,067,"Louisiana","Morehouse Parish",4,41,311,156,155
050,22,067,"Louisiana","Morehouse Parish",4,42,322,165,157
050,22,067,"Louisiana","Morehouse Parish",4,43,311,160,151
050,22,067,"Louisiana","Morehouse Parish",4,44,297,161,136
050,22,067,"Louisiana","Morehouse Parish",4,45,312,158,154
050,22,067,"Louisiana","Morehouse Parish",4,46,268,121,147
050,22,067,"Louisiana","Morehouse Parish",4,47,289,142,147
050,22,067,"Louisiana","Morehouse Parish",4,48,282,145,137
050,22,067,"Louisiana","Morehouse Parish",4,49,264,127,137
050,22,067,"Louisiana","Morehouse Parish",4,50,295,138,157
050,22,067,"Louisiana","Morehouse Parish",4,51,300,144,156
050,22,067,"Louisiana","Morehouse Parish",4,52,301,148,153
050,22,067,"Louisiana","Morehouse Parish",4,53,310,164,146
050,22,067,"Louisiana","Morehouse Parish",4,54,295,146,149
050,22,067,"Louisiana","Morehouse Parish",4,55,287,138,149
050,22,067,"Louisiana","Morehouse Parish",4,56,286,144,142
050,22,067,"Louisiana","Morehouse Parish",4,57,324,148,176
050,22,067,"Louisiana","Morehouse Parish",4,58,319,144,175
050,22,067,"Louisiana","Morehouse Parish",4,59,318,143,175
050,22,067,"Louisiana","Morehouse Parish",4,60,295,132,163
050,22,067,"Louisiana","Morehouse Parish",4,61,320,148,172
050,22,067,"Louisiana","Morehouse Parish",4,62,341,154,187
050,22,067,"Louisiana","Morehouse Parish",4,63,331,146,185
050,22,067,"Louisiana","Morehouse Parish",4,64,349,156,193
050,22,067,"Louisiana","Morehouse Parish",4,65,355,165,190
050,22,067,"Louisiana","Morehouse Parish",4,66,354,163,191
050,22,067,"Louisiana","Morehouse Parish",4,67,323,147,176
050,22,067,"Louisiana","Morehouse Parish",4,68,326,147,179
050,22,067,"Louisiana","Morehouse Parish",4,69,328,155,173
050,22,067,"Louisiana","Morehouse Parish",4,70,301,142,159
050,22,067,"Louisiana","Morehouse Parish",4,71,279,126,153
050,22,067,"Louisiana","Morehouse Parish",4,72,264,128,136
050,22,067,"Louisiana","Morehouse Parish",4,73,252,120,132
050,22,067,"Louisiana","Morehouse Parish",4,74,212,94,118
050,22,067,"Louisiana","Morehouse Parish",4,75,239,99,140
050,22,067,"Louisiana","Morehouse Parish",4,76,181,74,107
050,22,067,"Louisiana","Morehouse Parish",4,77,176,74,102
050,22,067,"Louisiana","Morehouse Parish",4,78,146,56,90
050,22,067,"Louisiana","Morehouse Parish",4,79,135,63,72
050,22,067,"Louisiana","Morehouse Parish",4,80,121,56,65
050,22,067,"Louisiana","Morehouse Parish",4,81,116,44,72
050,22,067,"Louisiana","Morehouse Parish",4,82,91,43,48
050,22,067,"Louisiana","Morehouse Parish",4,83,95,40,55
050,22,067,"Louisiana","Morehouse Parish",4,84,104,41,63
050,22,067,"Louisiana","Morehouse Parish",4,85,467,141,326
050,22,067,"Louisiana","Morehouse Parish",5,0,261,138,123
050,22,067,"Louisiana","Morehouse Parish",5,1,251,135,116
050,22,067,"Louisiana","Morehouse Parish",5,2,297,164,133
050,22,067,"Louisiana","Morehouse Parish",5,3,309,150,159
050,22,067,"Louisiana","Morehouse Parish",5,4,297,154,143
050,22,067,"Louisiana","Morehouse Parish",5,5,306,159,147
050,22,067,"Louisiana","Morehouse Parish",5,6,311,163,148
050,22,067,"Louisiana","Morehouse Parish",5,7,338,180,158
050,22,067,"Louisiana","Morehouse Parish",5,8,311,163,148
050,22,067,"Louisiana","Morehouse Parish",5,9,334,172,162
050,22,067,"Louisiana","Morehouse Parish",5,10,289,160,129
050,22,067,"Louisiana","Morehouse Parish",5,11,309,161,148
050,22,067,"Louisiana","Morehouse Parish",5,12,304,162,142
050,22,067,"Louisiana","Morehouse Parish",5,13,344,176,168
050,22,067,"Louisiana","Morehouse Parish",5,14,311,157,154
050,22,067,"Louisiana","Morehouse Parish",5,15,321,154,167
050,22,067,"Louisiana","Morehouse Parish",5,16,330,168,162
050,22,067,"Louisiana","Morehouse Parish",5,17,324,164,160
050,22,067,"Louisiana","Morehouse Parish",5,18,281,146,135
050,22,067,"Louisiana","Morehouse Parish",5,19,230,124,106
050,22,067,"Louisiana","Morehouse Parish",5,20,258,134,124
050,22,067,"Louisiana","Morehouse Parish",5,21,273,153,120
050,22,067,"Louisiana","Morehouse Parish",5,22,309,168,141
050,22,067,"Louisiana","Morehouse Parish",5,23,307,172,135
050,22,067,"Louisiana","Morehouse Parish",5,24,296,156,140
050,22,067,"Louisiana","Morehouse Parish",5,25,287,154,133
050,22,067,"Louisiana","Morehouse Parish",5,26,275,148,127
050,22,067,"Louisiana","Morehouse Parish",5,27,277,150,127
050,22,067,"Louisiana","Morehouse Parish",5,28,263,140,123
050,22,067,"Louisiana","Morehouse Parish",5,29,286,157,129
050,22,067,"Louisiana","Morehouse Parish",5,30,299,160,139
050,22,067,"Louisiana","Morehouse Parish",5,31,309,160,149
050,22,067,"Louisiana","Morehouse Parish",5,32,274,146,128
050,22,067,"Louisiana","Morehouse Parish",5,33,305,154,151
050,22,067,"Louisiana","Morehouse Parish",5,34,301,160,141
050,22,067,"Louisiana","Morehouse Parish",5,35,236,115,121
050,22,067,"Louisiana","Morehouse Parish",5,36,252,119,133
050,22,067,"Louisiana","Morehouse Parish",5,37,280,135,145
050,22,067,"Louisiana","Morehouse Parish",5,38,259,133,126
050,22,067,"Louisiana","Morehouse Parish",5,39,263,129,134
050,22,067,"Louisiana","Morehouse Parish",5,40,274,137,137
050,22,067,"Louisiana","Morehouse Parish",5,41,292,136,156
050,22,067,"Louisiana","Morehouse Parish",5,42,316,160,156
050,22,067,"Louisiana","Morehouse Parish",5,43,314,155,159
050,22,067,"Louisiana","Morehouse Parish",5,44,304,162,142
050,22,067,"Louisiana","Morehouse Parish",5,45,290,162,128
050,22,067,"Louisiana","Morehouse Parish",5,46,294,150,144
050,22,067,"Louisiana","Morehouse Parish",5,47,281,136,145
050,22,067,"Louisiana","Morehouse Parish",5,48,277,134,143
050,22,067,"Louisiana","Morehouse Parish",5,49,269,131,138
050,22,067,"Louisiana","Morehouse Parish",5,50,268,135,133
050,22,067,"Louisiana","Morehouse Parish",5,51,294,138,156
050,22,067,"Louisiana","Morehouse Parish",5,52,283,125,158
050,22,067,"Louisiana","Morehouse Parish",5,53,295,147,148
050,22,067,"Louisiana","Morehouse Parish",5,54,303,159,144
050,22,067,"Louisiana","Morehouse Parish",5,55,294,145,149
050,22,067,"Louisiana","Morehouse Parish",5,56,276,137,139
050,22,067,"Louisiana","Morehouse Parish",5,57,280,144,136
050,22,067,"Louisiana","Morehouse Parish",5,58,311,146,165
050,22,067,"Louisiana","Morehouse Parish",5,59,320,146,174
050,22,067,"Louisiana","Morehouse Parish",5,60,311,140,171
050,22,067,"Louisiana","Morehouse Parish",5,61,288,127,161
050,22,067,"Louisiana","Morehouse Parish",5,62,319,148,171
050,22,067,"Louisiana","Morehouse Parish",5,63,337,150,187
050,22,067,"Louisiana","Morehouse Parish",5,64,340,151,189
050,22,067,"Louisiana","Morehouse Parish",5,65,333,144,189
050,22,067,"Louisiana","Morehouse Parish",5,66,344,158,186
050,22,067,"Louisiana","Morehouse Parish",5,67,347,157,190
050,22,067,"Louisiana","Morehouse Parish",5,68,315,142,173
050,22,067,"Louisiana","Morehouse Parish",5,69,320,143,177
050,22,067,"Louisiana","Morehouse Parish",5,70,306,143,163
050,22,067,"Louisiana","Morehouse Parish",5,71,288,135,153
050,22,067,"Louisiana","Morehouse Parish",5,72,274,130,144
050,22,067,"Louisiana","Morehouse Parish",5,73,251,115,136
050,22,067,"Louisiana","Morehouse Parish",5,74,233,113,120
050,22,067,"Louisiana","Morehouse Parish",5,75,194,79,115
050,22,067,"Louisiana","Morehouse Parish",5,76,220,91,129
050,22,067,"Louisiana","Morehouse Parish",5,77,164,65,99
050,22,067,"Louisiana","Morehouse Parish",5,78,160,65,95
050,22,067,"Louisiana","Morehouse Parish",5,79,133,51,82
050,22,067,"Louisiana","Morehouse Parish",5,80,127,60,67
050,22,067,"Louisiana","Morehouse Parish",5,81,107,48,59
050,22,067,"Louisiana","Morehouse Parish",5,82,90,35,55
050,22,067,"Louisiana","Morehouse Parish",5,83,91,41,50
050,22,067,"Louisiana","Morehouse Parish",5,84,91,37,54
050,22,067,"Louisiana","Morehouse Parish",5,85,470,145,325
050,22,069,"Louisiana","Natchitoches Parish",1,0,434,221,213
050,22,069,"Louisiana","Natchitoches Parish",1,1,437,217,220
050,22,069,"Louisiana","Natchitoches Parish",1,2,452,211,241
050,22,069,"Louisiana","Natchitoches Parish",1,3,499,263,236
050,22,069,"Louisiana","Natchitoches Parish",1,4,476,266,210
050,22,069,"Louisiana","Natchitoches Parish",1,5,477,240,237
050,22,069,"Louisiana","Natchitoches Parish",1,6,464,220,244
050,22,069,"Louisiana","Natchitoches Parish",1,7,503,256,247
050,22,069,"Louisiana","Natchitoches Parish",1,8,504,259,245
050,22,069,"Louisiana","Natchitoches Parish",1,9,504,261,243
050,22,069,"Louisiana","Natchitoches Parish",1,10,464,247,217
050,22,069,"Louisiana","Natchitoches Parish",1,11,495,262,233
050,22,069,"Louisiana","Natchitoches Parish",1,12,511,246,265
050,22,069,"Louisiana","Natchitoches Parish",1,13,495,250,245
050,22,069,"Louisiana","Natchitoches Parish",1,14,512,276,236
050,22,069,"Louisiana","Natchitoches Parish",1,15,509,282,227
050,22,069,"Louisiana","Natchitoches Parish",1,16,493,275,218
050,22,069,"Louisiana","Natchitoches Parish",1,17,520,274,246
050,22,069,"Louisiana","Natchitoches Parish",1,18,789,324,465
050,22,069,"Louisiana","Natchitoches Parish",1,19,1137,526,611
050,22,069,"Louisiana","Natchitoches Parish",1,20,1125,508,617
050,22,069,"Louisiana","Natchitoches Parish",1,21,1017,466,551
050,22,069,"Louisiana","Natchitoches Parish",1,22,933,478,455
050,22,069,"Louisiana","Natchitoches Parish",1,23,699,387,312
050,22,069,"Louisiana","Natchitoches Parish",1,24,585,316,269
050,22,069,"Louisiana","Natchitoches Parish",1,25,521,269,252
050,22,069,"Louisiana","Natchitoches Parish",1,26,489,249,240
050,22,069,"Louisiana","Natchitoches Parish",1,27,460,238,222
050,22,069,"Louisiana","Natchitoches Parish",1,28,408,198,210
050,22,069,"Louisiana","Natchitoches Parish",1,29,426,198,228
050,22,069,"Louisiana","Natchitoches Parish",1,30,444,222,222
050,22,069,"Louisiana","Natchitoches Parish",1,31,409,207,202
050,22,069,"Louisiana","Natchitoches Parish",1,32,375,183,192
050,22,069,"Louisiana","Natchitoches Parish",1,33,386,191,195
050,22,069,"Louisiana","Natchitoches Parish",1,34,407,196,211
050,22,069,"Louisiana","Natchitoches Parish",1,35,384,193,191
050,22,069,"Louisiana","Natchitoches Parish",1,36,381,178,203
050,22,069,"Louisiana","Natchitoches Parish",1,37,430,203,227
050,22,069,"Louisiana","Natchitoches Parish",1,38,414,201,213
050,22,069,"Louisiana","Natchitoches Parish",1,39,425,216,209
050,22,069,"Louisiana","Natchitoches Parish",1,40,405,208,197
050,22,069,"Louisiana","Natchitoches Parish",1,41,372,179,193
050,22,069,"Louisiana","Natchitoches Parish",1,42,365,171,194
050,22,069,"Louisiana","Natchitoches Parish",1,43,372,183,189
050,22,069,"Louisiana","Natchitoches Parish",1,44,372,186,186
050,22,069,"Louisiana","Natchitoches Parish",1,45,357,179,178
050,22,069,"Louisiana","Natchitoches Parish",1,46,366,179,187
050,22,069,"Louisiana","Natchitoches Parish",1,47,357,178,179
050,22,069,"Louisiana","Natchitoches Parish",1,48,393,187,206
050,22,069,"Louisiana","Natchitoches Parish",1,49,415,198,217
050,22,069,"Louisiana","Natchitoches Parish",1,50,376,171,205
050,22,069,"Louisiana","Natchitoches Parish",1,51,399,192,207
050,22,069,"Louisiana","Natchitoches Parish",1,52,383,181,202
050,22,069,"Louisiana","Natchitoches Parish",1,53,411,199,212
050,22,069,"Louisiana","Natchitoches Parish",1,54,408,210,198
050,22,069,"Louisiana","Natchitoches Parish",1,55,411,202,209
050,22,069,"Louisiana","Natchitoches Parish",1,56,430,215,215
050,22,069,"Louisiana","Natchitoches Parish",1,57,410,194,216
050,22,069,"Louisiana","Natchitoches Parish",1,58,431,209,222
050,22,069,"Louisiana","Natchitoches Parish",1,59,438,220,218
050,22,069,"Louisiana","Natchitoches Parish",1,60,428,196,232
050,22,069,"Louisiana","Natchitoches Parish",1,61,432,196,236
050,22,069,"Louisiana","Natchitoches Parish",1,62,430,208,222
050,22,069,"Louisiana","Natchitoches Parish",1,63,393,174,219
050,22,069,"Louisiana","Natchitoches Parish",1,64,388,171,217
050,22,069,"Louisiana","Natchitoches Parish",1,65,417,184,233
050,22,069,"Louisiana","Natchitoches Parish",1,66,407,184,223
050,22,069,"Louisiana","Natchitoches Parish",1,67,396,187,209
050,22,069,"Louisiana","Natchitoches Parish",1,68,400,184,216
050,22,069,"Louisiana","Natchitoches Parish",1,69,358,174,184
050,22,069,"Louisiana","Natchitoches Parish",1,70,367,173,194
050,22,069,"Louisiana","Natchitoches Parish",1,71,359,163,196
050,22,069,"Louisiana","Natchitoches Parish",1,72,365,173,192
050,22,069,"Louisiana","Natchitoches Parish",1,73,380,169,211
050,22,069,"Louisiana","Natchitoches Parish",1,74,244,101,143
050,22,069,"Louisiana","Natchitoches Parish",1,75,250,109,141
050,22,069,"Louisiana","Natchitoches Parish",1,76,255,118,137
050,22,069,"Louisiana","Natchitoches Parish",1,77,235,105,130
050,22,069,"Louisiana","Natchitoches Parish",1,78,219,100,119
050,22,069,"Louisiana","Natchitoches Parish",1,79,203,87,116
050,22,069,"Louisiana","Natchitoches Parish",1,80,161,71,90
050,22,069,"Louisiana","Natchitoches Parish",1,81,165,67,98
050,22,069,"Louisiana","Natchitoches Parish",1,82,153,60,93
050,22,069,"Louisiana","Natchitoches Parish",1,83,125,61,64
050,22,069,"Louisiana","Natchitoches Parish",1,84,115,47,68
050,22,069,"Louisiana","Natchitoches Parish",1,85,607,230,377
050,22,069,"Louisiana","Natchitoches Parish",2,0,432,221,211
050,22,069,"Louisiana","Natchitoches Parish",2,1,433,215,218
050,22,069,"Louisiana","Natchitoches Parish",2,2,447,211,236
050,22,069,"Louisiana","Natchitoches Parish",2,3,482,247,235
050,22,069,"Louisiana","Natchitoches Parish",2,4,482,264,218
050,22,069,"Louisiana","Natchitoches Parish",2,5,478,248,230
050,22,069,"Louisiana","Natchitoches Parish",2,6,463,223,240
050,22,069,"Louisiana","Natchitoches Parish",2,7,490,246,244
050,22,069,"Louisiana","Natchitoches Parish",2,8,498,255,243
050,22,069,"Louisiana","Natchitoches Parish",2,9,502,260,242
050,22,069,"Louisiana","Natchitoches Parish",2,10,472,250,222
050,22,069,"Louisiana","Natchitoches Parish",2,11,484,255,229
050,22,069,"Louisiana","Natchitoches Parish",2,12,510,250,260
050,22,069,"Louisiana","Natchitoches Parish",2,13,498,249,249
050,22,069,"Louisiana","Natchitoches Parish",2,14,506,267,239
050,22,069,"Louisiana","Natchitoches Parish",2,15,506,279,227
050,22,069,"Louisiana","Natchitoches Parish",2,16,492,273,219
050,22,069,"Louisiana","Natchitoches Parish",2,17,512,272,240
050,22,069,"Louisiana","Natchitoches Parish",2,18,788,323,465
050,22,069,"Louisiana","Natchitoches Parish",2,19,1136,522,614
050,22,069,"Louisiana","Natchitoches Parish",2,20,1131,512,619
050,22,069,"Louisiana","Natchitoches Parish",2,21,1018,470,548
050,22,069,"Louisiana","Natchitoches Parish",2,22,935,475,460
050,22,069,"Louisiana","Natchitoches Parish",2,23,700,389,311
050,22,069,"Louisiana","Natchitoches Parish",2,24,577,309,268
050,22,069,"Louisiana","Natchitoches Parish",2,25,522,274,248
050,22,069,"Louisiana","Natchitoches Parish",2,26,480,244,236
050,22,069,"Louisiana","Natchitoches Parish",2,27,448,231,217
050,22,069,"Louisiana","Natchitoches Parish",2,28,413,202,211
050,22,069,"Louisiana","Natchitoches Parish",2,29,425,202,223
050,22,069,"Louisiana","Natchitoches Parish",2,30,437,212,225
050,22,069,"Louisiana","Natchitoches Parish",2,31,417,211,206
050,22,069,"Louisiana","Natchitoches Parish",2,32,384,193,191
050,22,069,"Louisiana","Natchitoches Parish",2,33,379,186,193
050,22,069,"Louisiana","Natchitoches Parish",2,34,396,192,204
050,22,069,"Louisiana","Natchitoches Parish",2,35,387,194,193
050,22,069,"Louisiana","Natchitoches Parish",2,36,376,178,198
050,22,069,"Louisiana","Natchitoches Parish",2,37,419,197,222
050,22,069,"Louisiana","Natchitoches Parish",2,38,417,201,216
050,22,069,"Louisiana","Natchitoches Parish",2,39,421,212,209
050,22,069,"Louisiana","Natchitoches Parish",2,40,410,209,201
050,22,069,"Louisiana","Natchitoches Parish",2,41,376,183,193
050,22,069,"Louisiana","Natchitoches Parish",2,42,362,170,192
050,22,069,"Louisiana","Natchitoches Parish",2,43,373,181,192
050,22,069,"Louisiana","Natchitoches Parish",2,44,363,180,183
050,22,069,"Louisiana","Natchitoches Parish",2,45,368,185,183
050,22,069,"Louisiana","Natchitoches Parish",2,46,363,178,185
050,22,069,"Louisiana","Natchitoches Parish",2,47,360,179,181
050,22,069,"Louisiana","Natchitoches Parish",2,48,386,187,199
050,22,069,"Louisiana","Natchitoches Parish",2,49,410,193,217
050,22,069,"Louisiana","Natchitoches Parish",2,50,385,177,208
050,22,069,"Louisiana","Natchitoches Parish",2,51,389,186,203
050,22,069,"Louisiana","Natchitoches Parish",2,52,385,183,202
050,22,069,"Louisiana","Natchitoches Parish",2,53,400,192,208
050,22,069,"Louisiana","Natchitoches Parish",2,54,407,208,199
050,22,069,"Louisiana","Natchitoches Parish",2,55,412,204,208
050,22,069,"Louisiana","Natchitoches Parish",2,56,424,212,212
050,22,069,"Louisiana","Natchitoches Parish",2,57,415,200,215
050,22,069,"Louisiana","Natchitoches Parish",2,58,421,204,217
050,22,069,"Louisiana","Natchitoches Parish",2,59,436,218,218
050,22,069,"Louisiana","Natchitoches Parish",2,60,431,203,228
050,22,069,"Louisiana","Natchitoches Parish",2,61,430,196,234
050,22,069,"Louisiana","Natchitoches Parish",2,62,428,203,225
050,22,069,"Louisiana","Natchitoches Parish",2,63,402,183,219
050,22,069,"Louisiana","Natchitoches Parish",2,64,385,169,216
050,22,069,"Louisiana","Natchitoches Parish",2,65,409,181,228
050,22,069,"Louisiana","Natchitoches Parish",2,66,410,184,226
050,22,069,"Louisiana","Natchitoches Parish",2,67,398,187,211
050,22,069,"Louisiana","Natchitoches Parish",2,68,393,182,211
050,22,069,"Louisiana","Natchitoches Parish",2,69,371,178,193
050,22,069,"Louisiana","Natchitoches Parish",2,70,362,173,189
050,22,069,"Louisiana","Natchitoches Parish",2,71,357,161,196
050,22,069,"Louisiana","Natchitoches Parish",2,72,353,167,186
050,22,069,"Louisiana","Natchitoches Parish",2,73,389,176,213
050,22,069,"Louisiana","Natchitoches Parish",2,74,259,109,150
050,22,069,"Louisiana","Natchitoches Parish",2,75,246,106,140
050,22,069,"Louisiana","Natchitoches Parish",2,76,248,116,132
050,22,069,"Louisiana","Natchitoches Parish",2,77,239,107,132
050,22,069,"Louisiana","Natchitoches Parish",2,78,217,99,118
050,22,069,"Louisiana","Natchitoches Parish",2,79,201,86,115
050,22,069,"Louisiana","Natchitoches Parish",2,80,169,74,95
050,22,069,"Louisiana","Natchitoches Parish",2,81,158,63,95
050,22,069,"Louisiana","Natchitoches Parish",2,82,155,61,94
050,22,069,"Louisiana","Natchitoches Parish",2,83,121,57,64
050,22,069,"Louisiana","Natchitoches Parish",2,84,112,48,64
050,22,069,"Louisiana","Natchitoches Parish",2,85,606,231,375
050,22,069,"Louisiana","Natchitoches Parish",3,0,425,214,211
050,22,069,"Louisiana","Natchitoches Parish",3,1,397,201,196
050,22,069,"Louisiana","Natchitoches Parish",3,2,429,211,218
050,22,069,"Louisiana","Natchitoches Parish",3,3,441,202,239
050,22,069,"Louisiana","Natchitoches Parish",3,4,476,248,228
050,22,069,"Louisiana","Natchitoches Parish",3,5,465,260,205
050,22,069,"Louisiana","Natchitoches Parish",3,6,488,248,240
050,22,069,"Louisiana","Natchitoches Parish",3,7,457,217,240
050,22,069,"Louisiana","Natchitoches Parish",3,8,498,252,246
050,22,069,"Louisiana","Natchitoches Parish",3,9,492,256,236
050,22,069,"Louisiana","Natchitoches Parish",3,10,494,248,246
050,22,069,"Louisiana","Natchitoches Parish",3,11,464,245,219
050,22,069,"Louisiana","Natchitoches Parish",3,12,481,246,235
050,22,069,"Louisiana","Natchitoches Parish",3,13,499,250,249
050,22,069,"Louisiana","Natchitoches Parish",3,14,493,251,242
050,22,069,"Louisiana","Natchitoches Parish",3,15,523,276,247
050,22,069,"Louisiana","Natchitoches Parish",3,16,518,285,233
050,22,069,"Louisiana","Natchitoches Parish",3,17,493,280,213
050,22,069,"Louisiana","Natchitoches Parish",3,18,772,318,454
050,22,069,"Louisiana","Natchitoches Parish",3,19,1114,506,608
050,22,069,"Louisiana","Natchitoches Parish",3,20,1105,498,607
050,22,069,"Louisiana","Natchitoches Parish",3,21,1058,509,549
050,22,069,"Louisiana","Natchitoches Parish",3,22,941,463,478
050,22,069,"Louisiana","Natchitoches Parish",3,23,691,381,310
050,22,069,"Louisiana","Natchitoches Parish",3,24,576,302,274
050,22,069,"Louisiana","Natchitoches Parish",3,25,510,276,234
050,22,069,"Louisiana","Natchitoches Parish",3,26,464,245,219
050,22,069,"Louisiana","Natchitoches Parish",3,27,422,215,207
050,22,069,"Louisiana","Natchitoches Parish",3,28,405,203,202
050,22,069,"Louisiana","Natchitoches Parish",3,29,430,222,208
050,22,069,"Louisiana","Natchitoches Parish",3,30,389,188,201
050,22,069,"Louisiana","Natchitoches Parish",3,31,417,204,213
050,22,069,"Louisiana","Natchitoches Parish",3,32,421,218,203
050,22,069,"Louisiana","Natchitoches Parish",3,33,366,181,185
050,22,069,"Louisiana","Natchitoches Parish",3,34,371,184,187
050,22,069,"Louisiana","Natchitoches Parish",3,35,403,199,204
050,22,069,"Louisiana","Natchitoches Parish",3,36,373,181,192
050,22,069,"Louisiana","Natchitoches Parish",3,37,389,190,199
050,22,069,"Louisiana","Natchitoches Parish",3,38,398,181,217
050,22,069,"Louisiana","Natchitoches Parish",3,39,410,198,212
050,22,069,"Louisiana","Natchitoches Parish",3,40,418,212,206
050,22,069,"Louisiana","Natchitoches Parish",3,41,410,207,203
050,22,069,"Louisiana","Natchitoches Parish",3,42,356,170,186
050,22,069,"Louisiana","Natchitoches Parish",3,43,364,177,187
050,22,069,"Louisiana","Natchitoches Parish",3,44,369,179,190
050,22,069,"Louisiana","Natchitoches Parish",3,45,364,184,180
050,22,069,"Louisiana","Natchitoches Parish",3,46,364,181,183
050,22,069,"Louisiana","Natchitoches Parish",3,47,368,185,183
050,22,069,"Louisiana","Natchitoches Parish",3,48,355,177,178
050,22,069,"Louisiana","Natchitoches Parish",3,49,372,182,190
050,22,069,"Louisiana","Natchitoches Parish",3,50,407,188,219
050,22,069,"Louisiana","Natchitoches Parish",3,51,387,182,205
050,22,069,"Louisiana","Natchitoches Parish",3,52,388,187,201
050,22,069,"Louisiana","Natchitoches Parish",3,53,384,178,206
050,22,069,"Louisiana","Natchitoches Parish",3,54,407,194,213
050,22,069,"Louisiana","Natchitoches Parish",3,55,400,202,198
050,22,069,"Louisiana","Natchitoches Parish",3,56,412,202,210
050,22,069,"Louisiana","Natchitoches Parish",3,57,419,209,210
050,22,069,"Louisiana","Natchitoches Parish",3,58,404,192,212
050,22,069,"Louisiana","Natchitoches Parish",3,59,415,198,217
050,22,069,"Louisiana","Natchitoches Parish",3,60,431,215,216
050,22,069,"Louisiana","Natchitoches Parish",3,61,421,202,219
050,22,069,"Louisiana","Natchitoches Parish",3,62,422,191,231
050,22,069,"Louisiana","Natchitoches Parish",3,63,409,193,216
050,22,069,"Louisiana","Natchitoches Parish",3,64,397,178,219
050,22,069,"Louisiana","Natchitoches Parish",3,65,371,160,211
050,22,069,"Louisiana","Natchitoches Parish",3,66,400,174,226
050,22,069,"Louisiana","Natchitoches Parish",3,67,391,175,216
050,22,069,"Louisiana","Natchitoches Parish",3,68,391,182,209
050,22,069,"Louisiana","Natchitoches Parish",3,69,384,175,209
050,22,069,"Louisiana","Natchitoches Parish",3,70,359,173,186
050,22,069,"Louisiana","Natchitoches Parish",3,71,346,170,176
050,22,069,"Louisiana","Natchitoches Parish",3,72,343,153,190
050,22,069,"Louisiana","Natchitoches Parish",3,73,339,162,177
050,22,069,"Louisiana","Natchitoches Parish",3,74,383,170,213
050,22,069,"Louisiana","Natchitoches Parish",3,75,242,103,139
050,22,069,"Louisiana","Natchitoches Parish",3,76,234,100,134
050,22,069,"Louisiana","Natchitoches Parish",3,77,241,112,129
050,22,069,"Louisiana","Natchitoches Parish",3,78,232,103,129
050,22,069,"Louisiana","Natchitoches Parish",3,79,204,90,114
050,22,069,"Louisiana","Natchitoches Parish",3,80,188,77,111
050,22,069,"Louisiana","Natchitoches Parish",3,81,149,64,85
050,22,069,"Louisiana","Natchitoches Parish",3,82,143,51,92
050,22,069,"Louisiana","Natchitoches Parish",3,83,129,50,79
050,22,069,"Louisiana","Natchitoches Parish",3,84,104,48,56
050,22,069,"Louisiana","Natchitoches Parish",3,85,599,224,375
050,22,069,"Louisiana","Natchitoches Parish",4,0,429,228,201
050,22,069,"Louisiana","Natchitoches Parish",4,1,436,217,219
050,22,069,"Louisiana","Natchitoches Parish",4,2,395,190,205
050,22,069,"Louisiana","Natchitoches Parish",4,3,436,214,222
050,22,069,"Louisiana","Natchitoches Parish",4,4,430,202,228
050,22,069,"Louisiana","Natchitoches Parish",4,5,490,266,224
050,22,069,"Louisiana","Natchitoches Parish",4,6,459,261,198
050,22,069,"Louisiana","Natchitoches Parish",4,7,478,240,238
050,22,069,"Louisiana","Natchitoches Parish",4,8,455,219,236
050,22,069,"Louisiana","Natchitoches Parish",4,9,484,244,240
050,22,069,"Louisiana","Natchitoches Parish",4,10,482,250,232
050,22,069,"Louisiana","Natchitoches Parish",4,11,482,243,239
050,22,069,"Louisiana","Natchitoches Parish",4,12,461,241,220
050,22,069,"Louisiana","Natchitoches Parish",4,13,487,251,236
050,22,069,"Louisiana","Natchitoches Parish",4,14,482,238,244
050,22,069,"Louisiana","Natchitoches Parish",4,15,500,247,253
050,22,069,"Louisiana","Natchitoches Parish",4,16,510,274,236
050,22,069,"Louisiana","Natchitoches Parish",4,17,514,282,232
050,22,069,"Louisiana","Natchitoches Parish",4,18,756,321,435
050,22,069,"Louisiana","Natchitoches Parish",4,19,1100,503,597
050,22,069,"Louisiana","Natchitoches Parish",4,20,1093,484,609
050,22,069,"Louisiana","Natchitoches Parish",4,21,1055,505,550
050,22,069,"Louisiana","Natchitoches Parish",4,22,990,493,497
050,22,069,"Louisiana","Natchitoches Parish",4,23,703,376,327
050,22,069,"Louisiana","Natchitoches Parish",4,24,583,300,283
050,22,069,"Louisiana","Natchitoches Parish",4,25,522,286,236
050,22,069,"Louisiana","Natchitoches Parish",4,26,455,247,208
050,22,069,"Louisiana","Natchitoches Parish",4,27,413,222,191
050,22,069,"Louisiana","Natchitoches Parish",4,28,399,202,197
050,22,069,"Louisiana","Natchitoches Parish",4,29,405,214,191
050,22,069,"Louisiana","Natchitoches Parish",4,30,393,199,194
050,22,069,"Louisiana","Natchitoches Parish",4,31,384,191,193
050,22,069,"Louisiana","Natchitoches Parish",4,32,410,208,202
050,22,069,"Louisiana","Natchitoches Parish",4,33,414,210,204
050,22,069,"Louisiana","Natchitoches Parish",4,34,357,175,182
050,22,069,"Louisiana","Natchitoches Parish",4,35,370,186,184
050,22,069,"Louisiana","Natchitoches Parish",4,36,408,197,211
050,22,069,"Louisiana","Natchitoches Parish",4,37,371,179,192
050,22,069,"Louisiana","Natchitoches Parish",4,38,376,178,198
050,22,069,"Louisiana","Natchitoches Parish",4,39,398,191,207
050,22,069,"Louisiana","Natchitoches Parish",4,40,406,195,211
050,22,069,"Louisiana","Natchitoches Parish",4,41,413,202,211
050,22,069,"Louisiana","Natchitoches Parish",4,42,411,205,206
050,22,069,"Louisiana","Natchitoches Parish",4,43,350,175,175
050,22,069,"Louisiana","Natchitoches Parish",4,44,368,176,192
050,22,069,"Louisiana","Natchitoches Parish",4,45,374,185,189
050,22,069,"Louisiana","Natchitoches Parish",4,46,358,177,181
050,22,069,"Louisiana","Natchitoches Parish",4,47,363,182,181
050,22,069,"Louisiana","Natchitoches Parish",4,48,373,191,182
050,22,069,"Louisiana","Natchitoches Parish",4,49,337,172,165
050,22,069,"Louisiana","Natchitoches Parish",4,50,360,174,186
050,22,069,"Louisiana","Natchitoches Parish",4,51,399,177,222
050,22,069,"Louisiana","Natchitoches Parish",4,52,365,171,194
050,22,069,"Louisiana","Natchitoches Parish",4,53,364,176,188
050,22,069,"Louisiana","Natchitoches Parish",4,54,374,172,202
050,22,069,"Louisiana","Natchitoches Parish",4,55,399,191,208
050,22,069,"Louisiana","Natchitoches Parish",4,56,388,189,199
050,22,069,"Louisiana","Natchitoches Parish",4,57,397,200,197
050,22,069,"Louisiana","Natchitoches Parish",4,58,419,208,211
050,22,069,"Louisiana","Natchitoches Parish",4,59,388,184,204
050,22,069,"Louisiana","Natchitoches Parish",4,60,405,192,213
050,22,069,"Louisiana","Natchitoches Parish",4,61,417,207,210
050,22,069,"Louisiana","Natchitoches Parish",4,62,425,201,224
050,22,069,"Louisiana","Natchitoches Parish",4,63,420,189,231
050,22,069,"Louisiana","Natchitoches Parish",4,64,388,181,207
050,22,069,"Louisiana","Natchitoches Parish",4,65,390,178,212
050,22,069,"Louisiana","Natchitoches Parish",4,66,357,150,207
050,22,069,"Louisiana","Natchitoches Parish",4,67,387,163,224
050,22,069,"Louisiana","Natchitoches Parish",4,68,387,172,215
050,22,069,"Louisiana","Natchitoches Parish",4,69,388,183,205
050,22,069,"Louisiana","Natchitoches Parish",4,70,367,160,207
050,22,069,"Louisiana","Natchitoches Parish",4,71,344,169,175
050,22,069,"Louisiana","Natchitoches Parish",4,72,336,159,177
050,22,069,"Louisiana","Natchitoches Parish",4,73,331,148,183
050,22,069,"Louisiana","Natchitoches Parish",4,74,325,156,169
050,22,069,"Louisiana","Natchitoches Parish",4,75,363,158,205
050,22,069,"Louisiana","Natchitoches Parish",4,76,237,104,133
050,22,069,"Louisiana","Natchitoches Parish",4,77,213,92,121
050,22,069,"Louisiana","Natchitoches Parish",4,78,241,111,130
050,22,069,"Louisiana","Natchitoches Parish",4,79,219,97,122
050,22,069,"Louisiana","Natchitoches Parish",4,80,185,80,105
050,22,069,"Louisiana","Natchitoches Parish",4,81,182,76,106
050,22,069,"Louisiana","Natchitoches Parish",4,82,136,58,78
050,22,069,"Louisiana","Natchitoches Parish",4,83,122,42,80
050,22,069,"Louisiana","Natchitoches Parish",4,84,106,39,67
050,22,069,"Louisiana","Natchitoches Parish",4,85,606,232,374
050,22,069,"Louisiana","Natchitoches Parish",5,0,416,224,192
050,22,069,"Louisiana","Natchitoches Parish",5,1,440,229,211
050,22,069,"Louisiana","Natchitoches Parish",5,2,423,216,207
050,22,069,"Louisiana","Natchitoches Parish",5,3,377,190,187
050,22,069,"Louisiana","Natchitoches Parish",5,4,437,216,221
050,22,069,"Louisiana","Natchitoches Parish",5,5,406,191,215
050,22,069,"Louisiana","Natchitoches Parish",5,6,485,263,222
050,22,069,"Louisiana","Natchitoches Parish",5,7,441,247,194
050,22,069,"Louisiana","Natchitoches Parish",5,8,472,240,232
050,22,069,"Louisiana","Natchitoches Parish",5,9,462,216,246
050,22,069,"Louisiana","Natchitoches Parish",5,10,474,241,233
050,22,069,"Louisiana","Natchitoches Parish",5,11,467,241,226
050,22,069,"Louisiana","Natchitoches Parish",5,12,474,238,236
050,22,069,"Louisiana","Natchitoches Parish",5,13,454,242,212
050,22,069,"Louisiana","Natchitoches Parish",5,14,472,241,231
050,22,069,"Louisiana","Natchitoches Parish",5,15,485,247,238
050,22,069,"Louisiana","Natchitoches Parish",5,16,468,226,242
050,22,069,"Louisiana","Natchitoches Parish",5,17,511,274,237
050,22,069,"Louisiana","Natchitoches Parish",5,18,766,325,441
050,22,069,"Louisiana","Natchitoches Parish",5,19,1105,510,595
050,22,069,"Louisiana","Natchitoches Parish",5,20,1081,487,594
050,22,069,"Louisiana","Natchitoches Parish",5,21,1028,477,551
050,22,069,"Louisiana","Natchitoches Parish",5,22,995,502,493
050,22,069,"Louisiana","Natchitoches Parish",5,23,746,395,351
050,22,069,"Louisiana","Natchitoches Parish",5,24,582,294,288
050,22,069,"Louisiana","Natchitoches Parish",5,25,525,270,255
050,22,069,"Louisiana","Natchitoches Parish",5,26,461,254,207
050,22,069,"Louisiana","Natchitoches Parish",5,27,408,224,184
050,22,069,"Louisiana","Natchitoches Parish",5,28,383,203,180
050,22,069,"Louisiana","Natchitoches Parish",5,29,391,198,193
050,22,069,"Louisiana","Natchitoches Parish",5,30,384,194,190
050,22,069,"Louisiana","Natchitoches Parish",5,31,381,201,180
050,22,069,"Louisiana","Natchitoches Parish",5,32,396,193,203
050,22,069,"Louisiana","Natchitoches Parish",5,33,395,200,195
050,22,069,"Louisiana","Natchitoches Parish",5,34,416,216,200
050,22,069,"Louisiana","Natchitoches Parish",5,35,355,168,187
050,22,069,"Louisiana","Natchitoches Parish",5,36,356,176,180
050,22,069,"Louisiana","Natchitoches Parish",5,37,399,194,205
050,22,069,"Louisiana","Natchitoches Parish",5,38,359,172,187
050,22,069,"Louisiana","Natchitoches Parish",5,39,368,174,194
050,22,069,"Louisiana","Natchitoches Parish",5,40,401,195,206
050,22,069,"Louisiana","Natchitoches Parish",5,41,395,186,209
050,22,069,"Louisiana","Natchitoches Parish",5,42,407,204,203
050,22,069,"Louisiana","Natchitoches Parish",5,43,407,203,204
050,22,069,"Louisiana","Natchitoches Parish",5,44,341,162,179
050,22,069,"Louisiana","Natchitoches Parish",5,45,368,179,189
050,22,069,"Louisiana","Natchitoches Parish",5,46,369,175,194
050,22,069,"Louisiana","Natchitoches Parish",5,47,365,187,178
050,22,069,"Louisiana","Natchitoches Parish",5,48,362,179,183
050,22,069,"Louisiana","Natchitoches Parish",5,49,350,182,168
050,22,069,"Louisiana","Natchitoches Parish",5,50,335,170,165
050,22,069,"Louisiana","Natchitoches Parish",5,51,370,178,192
050,22,069,"Louisiana","Natchitoches Parish",5,52,389,172,217
050,22,069,"Louisiana","Natchitoches Parish",5,53,360,167,193
050,22,069,"Louisiana","Natchitoches Parish",5,54,365,182,183
050,22,069,"Louisiana","Natchitoches Parish",5,55,377,176,201
050,22,069,"Louisiana","Natchitoches Parish",5,56,405,198,207
050,22,069,"Louisiana","Natchitoches Parish",5,57,381,189,192
050,22,069,"Louisiana","Natchitoches Parish",5,58,392,186,206
050,22,069,"Louisiana","Natchitoches Parish",5,59,416,211,205
050,22,069,"Louisiana","Natchitoches Parish",5,60,374,174,200
050,22,069,"Louisiana","Natchitoches Parish",5,61,402,191,211
050,22,069,"Louisiana","Natchitoches Parish",5,62,420,208,212
050,22,069,"Louisiana","Natchitoches Parish",5,63,412,195,217
050,22,069,"Louisiana","Natchitoches Parish",5,64,401,170,231
050,22,069,"Louisiana","Natchitoches Parish",5,65,385,178,207
050,22,069,"Louisiana","Natchitoches Parish",5,66,377,168,209
050,22,069,"Louisiana","Natchitoches Parish",5,67,345,138,207
050,22,069,"Louisiana","Natchitoches Parish",5,68,381,161,220
050,22,069,"Louisiana","Natchitoches Parish",5,69,380,171,209
050,22,069,"Louisiana","Natchitoches Parish",5,70,366,173,193
050,22,069,"Louisiana","Natchitoches Parish",5,71,356,159,197
050,22,069,"Louisiana","Natchitoches Parish",5,72,332,164,168
050,22,069,"Louisiana","Natchitoches Parish",5,73,324,153,171
050,22,069,"Louisiana","Natchitoches Parish",5,74,322,142,180
050,22,069,"Louisiana","Natchitoches Parish",5,75,312,150,162
050,22,069,"Louisiana","Natchitoches Parish",5,76,349,154,195
050,22,069,"Louisiana","Natchitoches Parish",5,77,224,97,127
050,22,069,"Louisiana","Natchitoches Parish",5,78,208,90,118
050,22,069,"Louisiana","Natchitoches Parish",5,79,229,104,125
050,22,069,"Louisiana","Natchitoches Parish",5,80,205,86,119
050,22,069,"Louisiana","Natchitoches Parish",5,81,179,79,100
050,22,069,"Louisiana","Natchitoches Parish",5,82,169,73,96
050,22,069,"Louisiana","Natchitoches Parish",5,83,116,51,65
050,22,069,"Louisiana","Natchitoches Parish",5,84,103,34,69
050,22,069,"Louisiana","Natchitoches Parish",5,85,621,232,389
050,22,071,"Louisiana","Orleans Parish",1,0,4414,2256,2158
050,22,071,"Louisiana","Orleans Parish",1,1,4335,2247,2088
050,22,071,"Louisiana","Orleans Parish",1,2,4393,2302,2091
050,22,071,"Louisiana","Orleans Parish",1,3,4364,2226,2138
050,22,071,"Louisiana","Orleans Parish",1,4,4456,2288,2168
050,22,071,"Louisiana","Orleans Parish",1,5,4392,2256,2136
050,22,071,"Louisiana","Orleans Parish",1,6,4274,2226,2048
050,22,071,"Louisiana","Orleans Parish",1,7,4083,2072,2011
050,22,071,"Louisiana","Orleans Parish",1,8,4064,2050,2014
050,22,071,"Louisiana","Orleans Parish",1,9,4158,2098,2060
050,22,071,"Louisiana","Orleans Parish",1,10,4242,2092,2150
050,22,071,"Louisiana","Orleans Parish",1,11,4426,2207,2219
050,22,071,"Louisiana","Orleans Parish",1,12,4649,2325,2324
050,22,071,"Louisiana","Orleans Parish",1,13,4407,2208,2199
050,22,071,"Louisiana","Orleans Parish",1,14,4190,2081,2109
050,22,071,"Louisiana","Orleans Parish",1,15,4075,2023,2052
050,22,071,"Louisiana","Orleans Parish",1,16,3954,2025,1929
050,22,071,"Louisiana","Orleans Parish",1,17,3938,1950,1988
050,22,071,"Louisiana","Orleans Parish",1,18,4980,2301,2679
050,22,071,"Louisiana","Orleans Parish",1,19,6113,2711,3402
050,22,071,"Louisiana","Orleans Parish",1,20,5194,2324,2870
050,22,071,"Louisiana","Orleans Parish",1,21,4579,2122,2457
050,22,071,"Louisiana","Orleans Parish",1,22,4499,2139,2360
050,22,071,"Louisiana","Orleans Parish",1,23,4342,1991,2351
050,22,071,"Louisiana","Orleans Parish",1,24,4718,2218,2500
050,22,071,"Louisiana","Orleans Parish",1,25,5157,2360,2797
050,22,071,"Louisiana","Orleans Parish",1,26,5649,2638,3011
050,22,071,"Louisiana","Orleans Parish",1,27,5901,2720,3181
050,22,071,"Louisiana","Orleans Parish",1,28,6318,2928,3390
050,22,071,"Louisiana","Orleans Parish",1,29,6635,3056,3579
050,22,071,"Louisiana","Orleans Parish",1,30,6760,3164,3596
050,22,071,"Louisiana","Orleans Parish",1,31,6678,3077,3601
050,22,071,"Louisiana","Orleans Parish",1,32,6696,3111,3585
050,22,071,"Louisiana","Orleans Parish",1,33,6878,3201,3677
050,22,071,"Louisiana","Orleans Parish",1,34,7061,3310,3751
050,22,071,"Louisiana","Orleans Parish",1,35,6782,3136,3646
050,22,071,"Louisiana","Orleans Parish",1,36,6468,3079,3389
050,22,071,"Louisiana","Orleans Parish",1,37,6205,2985,3220
050,22,071,"Louisiana","Orleans Parish",1,38,5926,2894,3032
050,22,071,"Louisiana","Orleans Parish",1,39,5709,2778,2931
050,22,071,"Louisiana","Orleans Parish",1,40,5470,2610,2860
050,22,071,"Louisiana","Orleans Parish",1,41,5091,2431,2660
050,22,071,"Louisiana","Orleans Parish",1,42,4874,2333,2541
050,22,071,"Louisiana","Orleans Parish",1,43,4604,2148,2456
050,22,071,"Louisiana","Orleans Parish",1,44,4339,2053,2286
050,22,071,"Louisiana","Orleans Parish",1,45,4379,2102,2277
050,22,071,"Louisiana","Orleans Parish",1,46,4369,2140,2229
050,22,071,"Louisiana","Orleans Parish",1,47,4311,2069,2242
050,22,071,"Louisiana","Orleans Parish",1,48,4386,2117,2269
050,22,071,"Louisiana","Orleans Parish",1,49,4604,2192,2412
050,22,071,"Louisiana","Orleans Parish",1,50,4370,2090,2280
050,22,071,"Louisiana","Orleans Parish",1,51,4360,2138,2222
050,22,071,"Louisiana","Orleans Parish",1,52,4423,2130,2293
050,22,071,"Louisiana","Orleans Parish",1,53,4485,2128,2357
050,22,071,"Louisiana","Orleans Parish",1,54,4672,2232,2440
050,22,071,"Louisiana","Orleans Parish",1,55,4828,2298,2530
050,22,071,"Louisiana","Orleans Parish",1,56,4885,2305,2580
050,22,071,"Louisiana","Orleans Parish",1,57,4858,2307,2551
050,22,071,"Louisiana","Orleans Parish",1,58,4941,2321,2620
050,22,071,"Louisiana","Orleans Parish",1,59,4994,2350,2644
050,22,071,"Louisiana","Orleans Parish",1,60,5067,2388,2679
050,22,071,"Louisiana","Orleans Parish",1,61,5146,2419,2727
050,22,071,"Louisiana","Orleans Parish",1,62,5009,2371,2638
050,22,071,"Louisiana","Orleans Parish",1,63,5026,2335,2691
050,22,071,"Louisiana","Orleans Parish",1,64,5044,2362,2682
050,22,071,"Louisiana","Orleans Parish",1,65,4916,2303,2613
050,22,071,"Louisiana","Orleans Parish",1,66,4580,2120,2460
050,22,071,"Louisiana","Orleans Parish",1,67,4366,2032,2334
050,22,071,"Louisiana","Orleans Parish",1,68,4092,1905,2187
050,22,071,"Louisiana","Orleans Parish",1,69,3930,1821,2109
050,22,071,"Louisiana","Orleans Parish",1,70,3737,1641,2096
050,22,071,"Louisiana","Orleans Parish",1,71,3457,1571,1886
050,22,071,"Louisiana","Orleans Parish",1,72,3307,1531,1776
050,22,071,"Louisiana","Orleans Parish",1,73,3119,1430,1689
050,22,071,"Louisiana","Orleans Parish",1,74,2305,1037,1268
050,22,071,"Louisiana","Orleans Parish",1,75,2210,968,1242
050,22,071,"Louisiana","Orleans Parish",1,76,2091,914,1177
050,22,071,"Louisiana","Orleans Parish",1,77,1964,842,1122
050,22,071,"Louisiana","Orleans Parish",1,78,1725,757,968
050,22,071,"Louisiana","Orleans Parish",1,79,1517,649,868
050,22,071,"Louisiana","Orleans Parish",1,80,1428,592,836
050,22,071,"Louisiana","Orleans Parish",1,81,1266,489,777
050,22,071,"Louisiana","Orleans Parish",1,82,1200,486,714
050,22,071,"Louisiana","Orleans Parish",1,83,1095,432,663
050,22,071,"Louisiana","Orleans Parish",1,84,1049,406,643
050,22,071,"Louisiana","Orleans Parish",1,85,6046,2007,4039
050,22,071,"Louisiana","Orleans Parish",2,0,4328,2213,2115
050,22,071,"Louisiana","Orleans Parish",2,1,4322,2235,2087
050,22,071,"Louisiana","Orleans Parish",2,2,4362,2274,2088
050,22,071,"Louisiana","Orleans Parish",2,3,4326,2216,2110
050,22,071,"Louisiana","Orleans Parish",2,4,4408,2258,2150
050,22,071,"Louisiana","Orleans Parish",2,5,4405,2262,2143
050,22,071,"Louisiana","Orleans Parish",2,6,4289,2223,2066
050,22,071,"Louisiana","Orleans Parish",2,7,4115,2096,2019
050,22,071,"Louisiana","Orleans Parish",2,8,4051,2047,2004
050,22,071,"Louisiana","Orleans Parish",2,9,4114,2075,2039
050,22,071,"Louisiana","Orleans Parish",2,10,4187,2080,2107
050,22,071,"Louisiana","Orleans Parish",2,11,4353,2166,2187
050,22,071,"Louisiana","Orleans Parish",2,12,4592,2294,2298
050,22,071,"Louisiana","Orleans Parish",2,13,4447,2230,2217
050,22,071,"Louisiana","Orleans Parish",2,14,4228,2102,2126
050,22,071,"Louisiana","Orleans Parish",2,15,4085,2028,2057
050,22,071,"Louisiana","Orleans Parish",2,16,3981,2018,1963
050,22,071,"Louisiana","Orleans Parish",2,17,3924,1948,1976
050,22,071,"Louisiana","Orleans Parish",2,18,4981,2301,2680
050,22,071,"Louisiana","Orleans Parish",2,19,6092,2685,3407
050,22,071,"Louisiana","Orleans Parish",2,20,5238,2352,2886
050,22,071,"Louisiana","Orleans Parish",2,21,4588,2119,2469
050,22,071,"Louisiana","Orleans Parish",2,22,4525,2143,2382
050,22,071,"Louisiana","Orleans Parish",2,23,4358,2000,2358
050,22,071,"Louisiana","Orleans Parish",2,24,4656,2177,2479
050,22,071,"Louisiana","Orleans Parish",2,25,5078,2330,2748
050,22,071,"Louisiana","Orleans Parish",2,26,5559,2577,2982
050,22,071,"Louisiana","Orleans Parish",2,27,5830,2705,3125
050,22,071,"Louisiana","Orleans Parish",2,28,6230,2885,3345
050,22,071,"Louisiana","Orleans Parish",2,29,6558,3025,3533
050,22,071,"Louisiana","Orleans Parish",2,30,6743,3143,3600
050,22,071,"Louisiana","Orleans Parish",2,31,6641,3071,3570
050,22,071,"Louisiana","Orleans Parish",2,32,6658,3094,3564
050,22,071,"Louisiana","Orleans Parish",2,33,6807,3170,3637
050,22,071,"Louisiana","Orleans Parish",2,34,6970,3255,3715
050,22,071,"Louisiana","Orleans Parish",2,35,6854,3176,3678
050,22,071,"Louisiana","Orleans Parish",2,36,6473,3059,3414
050,22,071,"Louisiana","Orleans Parish",2,37,6234,2995,3239
050,22,071,"Louisiana","Orleans Parish",2,38,5985,2911,3074
050,22,071,"Louisiana","Orleans Parish",2,39,5697,2766,2931
050,22,071,"Louisiana","Orleans Parish",2,40,5523,2651,2872
050,22,071,"Louisiana","Orleans Parish",2,41,5158,2460,2698
050,22,071,"Louisiana","Orleans Parish",2,42,4884,2335,2549
050,22,071,"Louisiana","Orleans Parish",2,43,4674,2193,2481
050,22,071,"Louisiana","Orleans Parish",2,44,4352,2054,2298
050,22,071,"Louisiana","Orleans Parish",2,45,4380,2088,2292
050,22,071,"Louisiana","Orleans Parish",2,46,4351,2123,2228
050,22,071,"Louisiana","Orleans Parish",2,47,4303,2074,2229
050,22,071,"Louisiana","Orleans Parish",2,48,4362,2099,2263
050,22,071,"Louisiana","Orleans Parish",2,49,4558,2176,2382
050,22,071,"Louisiana","Orleans Parish",2,50,4432,2118,2314
050,22,071,"Louisiana","Orleans Parish",2,51,4322,2106,2216
050,22,071,"Louisiana","Orleans Parish",2,52,4392,2116,2276
050,22,071,"Louisiana","Orleans Parish",2,53,4458,2122,2336
050,22,071,"Louisiana","Orleans Parish",2,54,4608,2192,2416
050,22,071,"Louisiana","Orleans Parish",2,55,4778,2277,2501
050,22,071,"Louisiana","Orleans Parish",2,56,4868,2299,2569
050,22,071,"Louisiana","Orleans Parish",2,57,4846,2294,2552
050,22,071,"Louisiana","Orleans Parish",2,58,4912,2309,2603
050,22,071,"Louisiana","Orleans Parish",2,59,4953,2325,2628
050,22,071,"Louisiana","Orleans Parish",2,60,5037,2375,2662
050,22,071,"Louisiana","Orleans Parish",2,61,5106,2394,2712
050,22,071,"Louisiana","Orleans Parish",2,62,5011,2365,2646
050,22,071,"Louisiana","Orleans Parish",2,63,5026,2337,2689
050,22,071,"Louisiana","Orleans Parish",2,64,4986,2327,2659
050,22,071,"Louisiana","Orleans Parish",2,65,4910,2292,2618
050,22,071,"Louisiana","Orleans Parish",2,66,4647,2151,2496
050,22,071,"Louisiana","Orleans Parish",2,67,4369,2028,2341
050,22,071,"Louisiana","Orleans Parish",2,68,4081,1894,2187
050,22,071,"Louisiana","Orleans Parish",2,69,3961,1836,2125
050,22,071,"Louisiana","Orleans Parish",2,70,3750,1669,2081
050,22,071,"Louisiana","Orleans Parish",2,71,3482,1566,1916
050,22,071,"Louisiana","Orleans Parish",2,72,3288,1510,1778
050,22,071,"Louisiana","Orleans Parish",2,73,3234,1482,1752
050,22,071,"Louisiana","Orleans Parish",2,74,2363,1067,1296
050,22,071,"Louisiana","Orleans Parish",2,75,2229,979,1250
050,22,071,"Louisiana","Orleans Parish",2,76,2079,908,1171
050,22,071,"Louisiana","Orleans Parish",2,77,2005,860,1145
050,22,071,"Louisiana","Orleans Parish",2,78,1744,761,983
050,22,071,"Louisiana","Orleans Parish",2,79,1531,652,879
050,22,071,"Louisiana","Orleans Parish",2,80,1437,597,840
050,22,071,"Louisiana","Orleans Parish",2,81,1263,496,767
050,22,071,"Louisiana","Orleans Parish",2,82,1196,476,720
050,22,071,"Louisiana","Orleans Parish",2,83,1091,432,659
050,22,071,"Louisiana","Orleans Parish",2,84,1037,399,638
050,22,071,"Louisiana","Orleans Parish",2,85,5992,1995,3997
050,22,071,"Louisiana","Orleans Parish",3,0,4252,2177,2075
050,22,071,"Louisiana","Orleans Parish",3,1,4126,2142,1984
050,22,071,"Louisiana","Orleans Parish",3,2,4036,2089,1947
050,22,071,"Louisiana","Orleans Parish",3,3,4129,2123,2006
050,22,071,"Louisiana","Orleans Parish",3,4,4142,2144,1998
050,22,071,"Louisiana","Orleans Parish",3,5,4332,2202,2130
050,22,071,"Louisiana","Orleans Parish",3,6,4249,2174,2075
050,22,071,"Louisiana","Orleans Parish",3,7,4181,2163,2018
050,22,071,"Louisiana","Orleans Parish",3,8,3970,2014,1956
050,22,071,"Louisiana","Orleans Parish",3,9,3927,1994,1933
050,22,071,"Louisiana","Orleans Parish",3,10,3985,1986,1999
050,22,071,"Louisiana","Orleans Parish",3,11,4082,2024,2058
050,22,071,"Louisiana","Orleans Parish",3,12,4246,2109,2137
050,22,071,"Louisiana","Orleans Parish",3,13,4484,2237,2247
050,22,071,"Louisiana","Orleans Parish",3,14,4374,2183,2191
050,22,071,"Louisiana","Orleans Parish",3,15,4182,2074,2108
050,22,071,"Louisiana","Orleans Parish",3,16,3958,1956,2002
050,22,071,"Louisiana","Orleans Parish",3,17,3947,1974,1973
050,22,071,"Louisiana","Orleans Parish",3,18,4926,2294,2632
050,22,071,"Louisiana","Orleans Parish",3,19,5955,2610,3345
050,22,071,"Louisiana","Orleans Parish",3,20,5071,2307,2764
050,22,071,"Louisiana","Orleans Parish",3,21,4477,2084,2393
050,22,071,"Louisiana","Orleans Parish",3,22,4375,2096,2279
050,22,071,"Louisiana","Orleans Parish",3,23,4364,2019,2345
050,22,071,"Louisiana","Orleans Parish",3,24,4482,2086,2396
050,22,071,"Louisiana","Orleans Parish",3,25,4597,2149,2448
050,22,071,"Louisiana","Orleans Parish",3,26,5059,2288,2771
050,22,071,"Louisiana","Orleans Parish",3,27,5469,2552,2917
050,22,071,"Louisiana","Orleans Parish",3,28,5757,2649,3108
050,22,071,"Louisiana","Orleans Parish",3,29,6063,2790,3273
050,22,071,"Louisiana","Orleans Parish",3,30,6293,2903,3390
050,22,071,"Louisiana","Orleans Parish",3,31,6427,2999,3428
050,22,071,"Louisiana","Orleans Parish",3,32,6472,3045,3427
050,22,071,"Louisiana","Orleans Parish",3,33,6414,2995,3419
050,22,071,"Louisiana","Orleans Parish",3,34,6574,3074,3500
050,22,071,"Louisiana","Orleans Parish",3,35,6616,3055,3561
050,22,071,"Louisiana","Orleans Parish",3,36,6658,3106,3552
050,22,071,"Louisiana","Orleans Parish",3,37,6222,2925,3297
050,22,071,"Louisiana","Orleans Parish",3,38,6048,2888,3160
050,22,071,"Louisiana","Orleans Parish",3,39,5822,2799,3023
050,22,071,"Louisiana","Orleans Parish",3,40,5550,2705,2845
050,22,071,"Louisiana","Orleans Parish",3,41,5333,2543,2790
050,22,071,"Louisiana","Orleans Parish",3,42,5032,2379,2653
050,22,071,"Louisiana","Orleans Parish",3,43,4763,2262,2501
050,22,071,"Louisiana","Orleans Parish",3,44,4570,2155,2415
050,22,071,"Louisiana","Orleans Parish",3,45,4301,2014,2287
050,22,071,"Louisiana","Orleans Parish",3,46,4318,2075,2243
050,22,071,"Louisiana","Orleans Parish",3,47,4259,2069,2190
050,22,071,"Louisiana","Orleans Parish",3,48,4204,2012,2192
050,22,071,"Louisiana","Orleans Parish",3,49,4292,2083,2209
050,22,071,"Louisiana","Orleans Parish",3,50,4467,2126,2341
050,22,071,"Louisiana","Orleans Parish",3,51,4319,2079,2240
050,22,071,"Louisiana","Orleans Parish",3,52,4217,2024,2193
050,22,071,"Louisiana","Orleans Parish",3,53,4344,2104,2240
050,22,071,"Louisiana","Orleans Parish",3,54,4381,2089,2292
050,22,071,"Louisiana","Orleans Parish",3,55,4526,2152,2374
050,22,071,"Louisiana","Orleans Parish",3,56,4682,2202,2480
050,22,071,"Louisiana","Orleans Parish",3,57,4786,2226,2560
050,22,071,"Louisiana","Orleans Parish",3,58,4745,2226,2519
050,22,071,"Louisiana","Orleans Parish",3,59,4808,2250,2558
050,22,071,"Louisiana","Orleans Parish",3,60,4821,2256,2565
050,22,071,"Louisiana","Orleans Parish",3,61,4923,2291,2632
050,22,071,"Louisiana","Orleans Parish",3,62,5052,2374,2678
050,22,071,"Louisiana","Orleans Parish",3,63,4902,2289,2613
050,22,071,"Louisiana","Orleans Parish",3,64,4910,2276,2634
050,22,071,"Louisiana","Orleans Parish",3,65,4849,2246,2603
050,22,071,"Louisiana","Orleans Parish",3,66,4813,2226,2587
050,22,071,"Louisiana","Orleans Parish",3,67,4548,2077,2471
050,22,071,"Louisiana","Orleans Parish",3,68,4266,1986,2280
050,22,071,"Louisiana","Orleans Parish",3,69,3985,1851,2134
050,22,071,"Louisiana","Orleans Parish",3,70,3876,1789,2087
050,22,071,"Louisiana","Orleans Parish",3,71,3671,1634,2037
050,22,071,"Louisiana","Orleans Parish",3,72,3350,1500,1850
050,22,071,"Louisiana","Orleans Parish",3,73,3202,1443,1759
050,22,071,"Louisiana","Orleans Parish",3,74,3121,1436,1685
050,22,071,"Louisiana","Orleans Parish",3,75,2297,1014,1283
050,22,071,"Louisiana","Orleans Parish",3,76,2174,947,1227
050,22,071,"Louisiana","Orleans Parish",3,77,2015,878,1137
050,22,071,"Louisiana","Orleans Parish",3,78,1919,825,1094
050,22,071,"Louisiana","Orleans Parish",3,79,1674,713,961
050,22,071,"Louisiana","Orleans Parish",3,80,1472,622,850
050,22,071,"Louisiana","Orleans Parish",3,81,1355,542,813
050,22,071,"Louisiana","Orleans Parish",3,82,1199,481,718
050,22,071,"Louisiana","Orleans Parish",3,83,1131,444,687
050,22,071,"Louisiana","Orleans Parish",3,84,1029,402,627
050,22,071,"Louisiana","Orleans Parish",3,85,6152,2075,4077
050,22,071,"Louisiana","Orleans Parish",4,0,4103,2083,2020
050,22,071,"Louisiana","Orleans Parish",4,1,3938,1968,1970
050,22,071,"Louisiana","Orleans Parish",4,2,4005,2113,1892
050,22,071,"Louisiana","Orleans Parish",4,3,3832,1968,1864
050,22,071,"Louisiana","Orleans Parish",4,4,3929,2047,1882
050,22,071,"Louisiana","Orleans Parish",4,5,4020,2092,1928
050,22,071,"Louisiana","Orleans Parish",4,6,4229,2161,2068
050,22,071,"Louisiana","Orleans Parish",4,7,4163,2155,2008
050,22,071,"Louisiana","Orleans Parish",4,8,4035,2081,1954
050,22,071,"Louisiana","Orleans Parish",4,9,3832,1949,1883
050,22,071,"Louisiana","Orleans Parish",4,10,3806,1944,1862
050,22,071,"Louisiana","Orleans Parish",4,11,3839,1892,1947
050,22,071,"Louisiana","Orleans Parish",4,12,3995,2009,1986
050,22,071,"Louisiana","Orleans Parish",4,13,4126,2050,2076
050,22,071,"Louisiana","Orleans Parish",4,14,4321,2133,2188
050,22,071,"Louisiana","Orleans Parish",4,15,4278,2114,2164
050,22,071,"Louisiana","Orleans Parish",4,16,4040,2001,2039
050,22,071,"Louisiana","Orleans Parish",4,17,3917,1910,2007
050,22,071,"Louisiana","Orleans Parish",4,18,4918,2297,2621
050,22,071,"Louisiana","Orleans Parish",4,19,5842,2563,3279
050,22,071,"Louisiana","Orleans Parish",4,20,4912,2215,2697
050,22,071,"Louisiana","Orleans Parish",4,21,4371,2064,2307
050,22,071,"Louisiana","Orleans Parish",4,22,4308,2056,2252
050,22,071,"Louisiana","Orleans Parish",4,23,4148,1920,2228
050,22,071,"Louisiana","Orleans Parish",4,24,4380,2064,2316
050,22,071,"Louisiana","Orleans Parish",4,25,4447,2018,2429
050,22,071,"Louisiana","Orleans Parish",4,26,4515,2104,2411
050,22,071,"Louisiana","Orleans Parish",4,27,5067,2261,2806
050,22,071,"Louisiana","Orleans Parish",4,28,5363,2495,2868
050,22,071,"Louisiana","Orleans Parish",4,29,5512,2580,2932
050,22,071,"Louisiana","Orleans Parish",4,30,5903,2705,3198
050,22,071,"Louisiana","Orleans Parish",4,31,6054,2795,3259
050,22,071,"Louisiana","Orleans Parish",4,32,6133,2826,3307
050,22,071,"Louisiana","Orleans Parish",4,33,6173,2888,3285
050,22,071,"Louisiana","Orleans Parish",4,34,6155,2850,3305
050,22,071,"Louisiana","Orleans Parish",4,35,6289,2896,3393
050,22,071,"Louisiana","Orleans Parish",4,36,6364,2975,3389
050,22,071,"Louisiana","Orleans Parish",4,37,6382,2972,3410
050,22,071,"Louisiana","Orleans Parish",4,38,6032,2846,3186
050,22,071,"Louisiana","Orleans Parish",4,39,5911,2779,3132
050,22,071,"Louisiana","Orleans Parish",4,40,5607,2699,2908
050,22,071,"Louisiana","Orleans Parish",4,41,5358,2625,2733
050,22,071,"Louisiana","Orleans Parish",4,42,5126,2422,2704
050,22,071,"Louisiana","Orleans Parish",4,43,4813,2255,2558
050,22,071,"Louisiana","Orleans Parish",4,44,4601,2191,2410
050,22,071,"Louisiana","Orleans Parish",4,45,4490,2102,2388
050,22,071,"Louisiana","Orleans Parish",4,46,4196,1975,2221
050,22,071,"Louisiana","Orleans Parish",4,47,4225,2013,2212
050,22,071,"Louisiana","Orleans Parish",4,48,4140,2023,2117
050,22,071,"Louisiana","Orleans Parish",4,49,4143,2007,2136
050,22,071,"Louisiana","Orleans Parish",4,50,4177,2006,2171
050,22,071,"Louisiana","Orleans Parish",4,51,4371,2079,2292
050,22,071,"Louisiana","Orleans Parish",4,52,4226,2015,2211
050,22,071,"Louisiana","Orleans Parish",4,53,4162,2027,2135
050,22,071,"Louisiana","Orleans Parish",4,54,4240,2043,2197
050,22,071,"Louisiana","Orleans Parish",4,55,4270,2030,2240
050,22,071,"Louisiana","Orleans Parish",4,56,4428,2093,2335
050,22,071,"Louisiana","Orleans Parish",4,57,4552,2118,2434
050,22,071,"Louisiana","Orleans Parish",4,58,4670,2166,2504
050,22,071,"Louisiana","Orleans Parish",4,59,4640,2170,2470
050,22,071,"Louisiana","Orleans Parish",4,60,4682,2174,2508
050,22,071,"Louisiana","Orleans Parish",4,61,4693,2167,2526
050,22,071,"Louisiana","Orleans Parish",4,62,4857,2256,2601
050,22,071,"Louisiana","Orleans Parish",4,63,4940,2311,2629
050,22,071,"Louisiana","Orleans Parish",4,64,4761,2199,2562
050,22,071,"Louisiana","Orleans Parish",4,65,4720,2143,2577
050,22,071,"Louisiana","Orleans Parish",4,66,4714,2179,2535
050,22,071,"Louisiana","Orleans Parish",4,67,4665,2140,2525
050,22,071,"Louisiana","Orleans Parish",4,68,4423,2026,2397
050,22,071,"Louisiana","Orleans Parish",4,69,4138,1945,2193
050,22,071,"Louisiana","Orleans Parish",4,70,3878,1784,2094
050,22,071,"Louisiana","Orleans Parish",4,71,3776,1734,2042
050,22,071,"Louisiana","Orleans Parish",4,72,3540,1562,1978
050,22,071,"Louisiana","Orleans Parish",4,73,3264,1446,1818
050,22,071,"Louisiana","Orleans Parish",4,74,3069,1381,1688
050,22,071,"Louisiana","Orleans Parish",4,75,3023,1378,1645
050,22,071,"Louisiana","Orleans Parish",4,76,2228,984,1244
050,22,071,"Louisiana","Orleans Parish",4,77,2090,913,1177
050,22,071,"Louisiana","Orleans Parish",4,78,1944,850,1094
050,22,071,"Louisiana","Orleans Parish",4,79,1796,759,1037
050,22,071,"Louisiana","Orleans Parish",4,80,1621,681,940
050,22,071,"Louisiana","Orleans Parish",4,81,1371,559,812
050,22,071,"Louisiana","Orleans Parish",4,82,1276,526,750
050,22,071,"Louisiana","Orleans Parish",4,83,1105,439,666
050,22,071,"Louisiana","Orleans Parish",4,84,1041,400,641
050,22,071,"Louisiana","Orleans Parish",4,85,6280,2146,4134
050,22,071,"Louisiana","Orleans Parish",5,0,4108,2094,2014
050,22,071,"Louisiana","Orleans Parish",5,1,3977,2029,1948
050,22,071,"Louisiana","Orleans Parish",5,2,3880,1963,1917
050,22,071,"Louisiana","Orleans Parish",5,3,3827,1985,1842
050,22,071,"Louisiana","Orleans Parish",5,4,3717,1892,1825
050,22,071,"Louisiana","Orleans Parish",5,5,3844,2018,1826
050,22,071,"Louisiana","Orleans Parish",5,6,3881,2019,1862
050,22,071,"Louisiana","Orleans Parish",5,7,4100,2131,1969
050,22,071,"Louisiana","Orleans Parish",5,8,4097,2116,1981
050,22,071,"Louisiana","Orleans Parish",5,9,3923,2015,1908
050,22,071,"Louisiana","Orleans Parish",5,10,3747,1940,1807
050,22,071,"Louisiana","Orleans Parish",5,11,3687,1900,1787
050,22,071,"Louisiana","Orleans Parish",5,12,3761,1866,1895
050,22,071,"Louisiana","Orleans Parish",5,13,3909,1976,1933
050,22,071,"Louisiana","Orleans Parish",5,14,4049,2001,2048
050,22,071,"Louisiana","Orleans Parish",5,15,4294,2102,2192
050,22,071,"Louisiana","Orleans Parish",5,16,4194,2082,2112
050,22,071,"Louisiana","Orleans Parish",5,17,3995,1951,2044
050,22,071,"Louisiana","Orleans Parish",5,18,4906,2254,2652
050,22,071,"Louisiana","Orleans Parish",5,19,5852,2585,3267
050,22,071,"Louisiana","Orleans Parish",5,20,4882,2197,2685
050,22,071,"Louisiana","Orleans Parish",5,21,4266,2005,2261
050,22,071,"Louisiana","Orleans Parish",5,22,4225,2059,2166
050,22,071,"Louisiana","Orleans Parish",5,23,4101,1913,2188
050,22,071,"Louisiana","Orleans Parish",5,24,4216,1998,2218
050,22,071,"Louisiana","Orleans Parish",5,25,4342,2031,2311
050,22,071,"Louisiana","Orleans Parish",5,26,4389,1989,2400
050,22,071,"Louisiana","Orleans Parish",5,27,4432,2053,2379
050,22,071,"Louisiana","Orleans Parish",5,28,4885,2160,2725
050,22,071,"Louisiana","Orleans Parish",5,29,5176,2404,2772
050,22,071,"Louisiana","Orleans Parish",5,30,5286,2452,2834
050,22,071,"Louisiana","Orleans Parish",5,31,5686,2600,3086
050,22,071,"Louisiana","Orleans Parish",5,32,5823,2697,3126
050,22,071,"Louisiana","Orleans Parish",5,33,5891,2739,3152
050,22,071,"Louisiana","Orleans Parish",5,34,5921,2744,3177
050,22,071,"Louisiana","Orleans Parish",5,35,5931,2736,3195
050,22,071,"Louisiana","Orleans Parish",5,36,6018,2818,3200
050,22,071,"Louisiana","Orleans Parish",5,37,6132,2859,3273
050,22,071,"Louisiana","Orleans Parish",5,38,6170,2850,3320
050,22,071,"Louisiana","Orleans Parish",5,39,5780,2705,3075
050,22,071,"Louisiana","Orleans Parish",5,40,5672,2662,3010
050,22,071,"Louisiana","Orleans Parish",5,41,5434,2627,2807
050,22,071,"Louisiana","Orleans Parish",5,42,5236,2572,2664
050,22,071,"Louisiana","Orleans Parish",5,43,4986,2358,2628
050,22,071,"Louisiana","Orleans Parish",5,44,4691,2212,2479
050,22,071,"Louisiana","Orleans Parish",5,45,4499,2118,2381
050,22,071,"Louisiana","Orleans Parish",5,46,4360,2033,2327
050,22,071,"Louisiana","Orleans Parish",5,47,4066,1902,2164
050,22,071,"Louisiana","Orleans Parish",5,48,4118,1969,2149
050,22,071,"Louisiana","Orleans Parish",5,49,4088,2010,2078
050,22,071,"Louisiana","Orleans Parish",5,50,4022,1951,2071
050,22,071,"Louisiana","Orleans Parish",5,51,4074,1956,2118
050,22,071,"Louisiana","Orleans Parish",5,52,4239,1999,2240
050,22,071,"Louisiana","Orleans Parish",5,53,4135,1983,2152
050,22,071,"Louisiana","Orleans Parish",5,54,4043,1964,2079
050,22,071,"Louisiana","Orleans Parish",5,55,4114,1992,2122
050,22,071,"Louisiana","Orleans Parish",5,56,4171,1950,2221
050,22,071,"Louisiana","Orleans Parish",5,57,4371,2062,2309
050,22,071,"Louisiana","Orleans Parish",5,58,4500,2083,2417
050,22,071,"Louisiana","Orleans Parish",5,59,4576,2140,2436
050,22,071,"Louisiana","Orleans Parish",5,60,4559,2137,2422
050,22,071,"Louisiana","Orleans Parish",5,61,4547,2083,2464
050,22,071,"Louisiana","Orleans Parish",5,62,4631,2130,2501
050,22,071,"Louisiana","Orleans Parish",5,63,4726,2197,2529
050,22,071,"Louisiana","Orleans Parish",5,64,4850,2274,2576
050,22,071,"Louisiana","Orleans Parish",5,65,4614,2133,2481
050,22,071,"Louisiana","Orleans Parish",5,66,4645,2104,2541
050,22,071,"Louisiana","Orleans Parish",5,67,4607,2132,2475
050,22,071,"Louisiana","Orleans Parish",5,68,4558,2095,2463
050,22,071,"Louisiana","Orleans Parish",5,69,4338,1982,2356
050,22,071,"Louisiana","Orleans Parish",5,70,4059,1900,2159
050,22,071,"Louisiana","Orleans Parish",5,71,3797,1738,2059
050,22,071,"Louisiana","Orleans Parish",5,72,3637,1656,1981
050,22,071,"Louisiana","Orleans Parish",5,73,3462,1522,1940
050,22,071,"Louisiana","Orleans Parish",5,74,3156,1412,1744
050,22,071,"Louisiana","Orleans Parish",5,75,2985,1331,1654
050,22,071,"Louisiana","Orleans Parish",5,76,2930,1331,1599
050,22,071,"Louisiana","Orleans Parish",5,77,2166,947,1219
050,22,071,"Louisiana","Orleans Parish",5,78,2026,885,1141
050,22,071,"Louisiana","Orleans Parish",5,79,1845,796,1049
050,22,071,"Louisiana","Orleans Parish",5,80,1761,743,1018
050,22,071,"Louisiana","Orleans Parish",5,81,1506,609,897
050,22,071,"Louisiana","Orleans Parish",5,82,1293,541,752
050,22,071,"Louisiana","Orleans Parish",5,83,1187,487,700
050,22,071,"Louisiana","Orleans Parish",5,84,1041,402,639
050,22,071,"Louisiana","Orleans Parish",5,85,6515,2255,4260
050,22,073,"Louisiana","Ouachita Parish",1,0,2056,1042,1014
050,22,073,"Louisiana","Ouachita Parish",1,1,2070,1034,1036
050,22,073,"Louisiana","Ouachita Parish",1,2,2157,1122,1035
050,22,073,"Louisiana","Ouachita Parish",1,3,2218,1160,1058
050,22,073,"Louisiana","Ouachita Parish",1,4,2187,1148,1039
050,22,073,"Louisiana","Ouachita Parish",1,5,2271,1138,1133
050,22,073,"Louisiana","Ouachita Parish",1,6,2258,1127,1131
050,22,073,"Louisiana","Ouachita Parish",1,7,2176,1128,1048
050,22,073,"Louisiana","Ouachita Parish",1,8,2267,1161,1106
050,22,073,"Louisiana","Ouachita Parish",1,9,2238,1137,1101
050,22,073,"Louisiana","Ouachita Parish",1,10,2214,1089,1125
050,22,073,"Louisiana","Ouachita Parish",1,11,2281,1149,1132
050,22,073,"Louisiana","Ouachita Parish",1,12,2303,1170,1133
050,22,073,"Louisiana","Ouachita Parish",1,13,2327,1164,1163
050,22,073,"Louisiana","Ouachita Parish",1,14,2263,1145,1118
050,22,073,"Louisiana","Ouachita Parish",1,15,2245,1163,1082
050,22,073,"Louisiana","Ouachita Parish",1,16,2192,1117,1075
050,22,073,"Louisiana","Ouachita Parish",1,17,2179,1125,1054
050,22,073,"Louisiana","Ouachita Parish",1,18,2175,1106,1069
050,22,073,"Louisiana","Ouachita Parish",1,19,2214,1110,1104
050,22,073,"Louisiana","Ouachita Parish",1,20,2168,1066,1102
050,22,073,"Louisiana","Ouachita Parish",1,21,2244,1104,1140
050,22,073,"Louisiana","Ouachita Parish",1,22,2132,1035,1097
050,22,073,"Louisiana","Ouachita Parish",1,23,2133,1053,1080
050,22,073,"Louisiana","Ouachita Parish",1,24,2067,1037,1030
050,22,073,"Louisiana","Ouachita Parish",1,25,2095,1016,1079
050,22,073,"Louisiana","Ouachita Parish",1,26,2146,1067,1079
050,22,073,"Louisiana","Ouachita Parish",1,27,2279,1117,1162
050,22,073,"Louisiana","Ouachita Parish",1,28,2344,1165,1179
050,22,073,"Louisiana","Ouachita Parish",1,29,2339,1097,1242
050,22,073,"Louisiana","Ouachita Parish",1,30,2354,1118,1236
050,22,073,"Louisiana","Ouachita Parish",1,31,2343,1151,1192
050,22,073,"Louisiana","Ouachita Parish",1,32,2185,1058,1127
050,22,073,"Louisiana","Ouachita Parish",1,33,2162,1063,1099
050,22,073,"Louisiana","Ouachita Parish",1,34,2153,1022,1131
050,22,073,"Louisiana","Ouachita Parish",1,35,2075,942,1133
050,22,073,"Louisiana","Ouachita Parish",1,36,2034,1000,1034
050,22,073,"Louisiana","Ouachita Parish",1,37,2087,1018,1069
050,22,073,"Louisiana","Ouachita Parish",1,38,2109,1018,1091
050,22,073,"Louisiana","Ouachita Parish",1,39,2132,1003,1129
050,22,073,"Louisiana","Ouachita Parish",1,40,2042,978,1064
050,22,073,"Louisiana","Ouachita Parish",1,41,2043,1011,1032
050,22,073,"Louisiana","Ouachita Parish",1,42,2008,1008,1000
050,22,073,"Louisiana","Ouachita Parish",1,43,1978,980,998
050,22,073,"Louisiana","Ouachita Parish",1,44,1896,921,975
050,22,073,"Louisiana","Ouachita Parish",1,45,1755,818,937
050,22,073,"Louisiana","Ouachita Parish",1,46,1792,861,931
050,22,073,"Louisiana","Ouachita Parish",1,47,1870,907,963
050,22,073,"Louisiana","Ouachita Parish",1,48,1907,920,987
050,22,073,"Louisiana","Ouachita Parish",1,49,1955,953,1002
050,22,073,"Louisiana","Ouachita Parish",1,50,1912,937,975
050,22,073,"Louisiana","Ouachita Parish",1,51,1886,887,999
050,22,073,"Louisiana","Ouachita Parish",1,52,1879,887,992
050,22,073,"Louisiana","Ouachita Parish",1,53,1873,892,981
050,22,073,"Louisiana","Ouachita Parish",1,54,1802,835,967
050,22,073,"Louisiana","Ouachita Parish",1,55,1905,894,1011
050,22,073,"Louisiana","Ouachita Parish",1,56,1975,936,1039
050,22,073,"Louisiana","Ouachita Parish",1,57,2014,1003,1011
050,22,073,"Louisiana","Ouachita Parish",1,58,2062,1026,1036
050,22,073,"Louisiana","Ouachita Parish",1,59,2040,964,1076
050,22,073,"Louisiana","Ouachita Parish",1,60,2015,971,1044
050,22,073,"Louisiana","Ouachita Parish",1,61,1975,958,1017
050,22,073,"Louisiana","Ouachita Parish",1,62,1942,903,1039
050,22,073,"Louisiana","Ouachita Parish",1,63,1895,892,1003
050,22,073,"Louisiana","Ouachita Parish",1,64,1920,930,990
050,22,073,"Louisiana","Ouachita Parish",1,65,1830,871,959
050,22,073,"Louisiana","Ouachita Parish",1,66,1762,816,946
050,22,073,"Louisiana","Ouachita Parish",1,67,1667,743,924
050,22,073,"Louisiana","Ouachita Parish",1,68,1607,716,891
050,22,073,"Louisiana","Ouachita Parish",1,69,1463,640,823
050,22,073,"Louisiana","Ouachita Parish",1,70,1423,636,787
050,22,073,"Louisiana","Ouachita Parish",1,71,1314,593,721
050,22,073,"Louisiana","Ouachita Parish",1,72,1307,592,715
050,22,073,"Louisiana","Ouachita Parish",1,73,1317,615,702
050,22,073,"Louisiana","Ouachita Parish",1,74,945,422,523
050,22,073,"Louisiana","Ouachita Parish",1,75,930,382,548
050,22,073,"Louisiana","Ouachita Parish",1,76,920,398,522
050,22,073,"Louisiana","Ouachita Parish",1,77,905,385,520
050,22,073,"Louisiana","Ouachita Parish",1,78,765,337,428
050,22,073,"Louisiana","Ouachita Parish",1,79,687,273,414
050,22,073,"Louisiana","Ouachita Parish",1,80,646,266,380
050,22,073,"Louisiana","Ouachita Parish",1,81,584,223,361
050,22,073,"Louisiana","Ouachita Parish",1,82,558,217,341
050,22,073,"Louisiana","Ouachita Parish",1,83,489,187,302
050,22,073,"Louisiana","Ouachita Parish",1,84,470,175,295
050,22,073,"Louisiana","Ouachita Parish",1,85,2568,862,1706
050,22,073,"Louisiana","Ouachita Parish",2,0,2027,1007,1020
050,22,073,"Louisiana","Ouachita Parish",2,1,2067,1039,1028
050,22,073,"Louisiana","Ouachita Parish",2,2,2141,1108,1033
050,22,073,"Louisiana","Ouachita Parish",2,3,2181,1142,1039
050,22,073,"Louisiana","Ouachita Parish",2,4,2191,1145,1046
050,22,073,"Louisiana","Ouachita Parish",2,5,2255,1141,1114
050,22,073,"Louisiana","Ouachita Parish",2,6,2263,1130,1133
050,22,073,"Louisiana","Ouachita Parish",2,7,2188,1126,1062
050,22,073,"Louisiana","Ouachita Parish",2,8,2230,1148,1082
050,22,073,"Louisiana","Ouachita Parish",2,9,2239,1139,1100
050,22,073,"Louisiana","Ouachita Parish",2,10,2211,1098,1113
050,22,073,"Louisiana","Ouachita Parish",2,11,2252,1129,1123
050,22,073,"Louisiana","Ouachita Parish",2,12,2298,1162,1136
050,22,073,"Louisiana","Ouachita Parish",2,13,2313,1161,1152
050,22,073,"Louisiana","Ouachita Parish",2,14,2272,1147,1125
050,22,073,"Louisiana","Ouachita Parish",2,15,2248,1161,1087
050,22,073,"Louisiana","Ouachita Parish",2,16,2209,1137,1072
050,22,073,"Louisiana","Ouachita Parish",2,17,2186,1125,1061
050,22,073,"Louisiana","Ouachita Parish",2,18,2153,1092,1061
050,22,073,"Louisiana","Ouachita Parish",2,19,2187,1095,1092
050,22,073,"Louisiana","Ouachita Parish",2,20,2209,1088,1121
050,22,073,"Louisiana","Ouachita Parish",2,21,2226,1097,1129
050,22,073,"Louisiana","Ouachita Parish",2,22,2135,1033,1102
050,22,073,"Louisiana","Ouachita Parish",2,23,2137,1059,1078
050,22,073,"Louisiana","Ouachita Parish",2,24,2070,1030,1040
050,22,073,"Louisiana","Ouachita Parish",2,25,2071,1007,1064
050,22,073,"Louisiana","Ouachita Parish",2,26,2140,1063,1077
050,22,073,"Louisiana","Ouachita Parish",2,27,2237,1101,1136
050,22,073,"Louisiana","Ouachita Parish",2,28,2310,1145,1165
050,22,073,"Louisiana","Ouachita Parish",2,29,2315,1096,1219
050,22,073,"Louisiana","Ouachita Parish",2,30,2356,1119,1237
050,22,073,"Louisiana","Ouachita Parish",2,31,2338,1142,1196
050,22,073,"Louisiana","Ouachita Parish",2,32,2213,1078,1135
050,22,073,"Louisiana","Ouachita Parish",2,33,2158,1060,1098
050,22,073,"Louisiana","Ouachita Parish",2,34,2133,1016,1117
050,22,073,"Louisiana","Ouachita Parish",2,35,2093,957,1136
050,22,073,"Louisiana","Ouachita Parish",2,36,2038,988,1050
050,22,073,"Louisiana","Ouachita Parish",2,37,2086,1025,1061
050,22,073,"Louisiana","Ouachita Parish",2,38,2094,1004,1090
050,22,073,"Louisiana","Ouachita Parish",2,39,2100,991,1109
050,22,073,"Louisiana","Ouachita Parish",2,40,2080,993,1087
050,22,073,"Louisiana","Ouachita Parish",2,41,2033,999,1034
050,22,073,"Louisiana","Ouachita Parish",2,42,1998,1001,997
050,22,073,"Louisiana","Ouachita Parish",2,43,1999,992,1007
050,22,073,"Louisiana","Ouachita Parish",2,44,1886,919,967
050,22,073,"Louisiana","Ouachita Parish",2,45,1796,846,950
050,22,073,"Louisiana","Ouachita Parish",2,46,1779,852,927
050,22,073,"Louisiana","Ouachita Parish",2,47,1843,890,953
050,22,073,"Louisiana","Ouachita Parish",2,48,1889,910,979
050,22,073,"Louisiana","Ouachita Parish",2,49,1947,943,1004
050,22,073,"Louisiana","Ouachita Parish",2,50,1920,941,979
050,22,073,"Louisiana","Ouachita Parish",2,51,1878,891,987
050,22,073,"Louisiana","Ouachita Parish",2,52,1878,887,991
050,22,073,"Louisiana","Ouachita Parish",2,53,1867,886,981
050,22,073,"Louisiana","Ouachita Parish",2,54,1821,850,971
050,22,073,"Louisiana","Ouachita Parish",2,55,1874,880,994
050,22,073,"Louisiana","Ouachita Parish",2,56,1963,933,1030
050,22,073,"Louisiana","Ouachita Parish",2,57,2014,996,1018
050,22,073,"Louisiana","Ouachita Parish",2,58,2026,1001,1025
050,22,073,"Louisiana","Ouachita Parish",2,59,2047,980,1067
050,22,073,"Louisiana","Ouachita Parish",2,60,2011,965,1046
050,22,073,"Louisiana","Ouachita Parish",2,61,1979,956,1023
050,22,073,"Louisiana","Ouachita Parish",2,62,1937,914,1023
050,22,073,"Louisiana","Ouachita Parish",2,63,1911,897,1014
050,22,073,"Louisiana","Ouachita Parish",2,64,1889,903,986
050,22,073,"Louisiana","Ouachita Parish",2,65,1850,883,967
050,22,073,"Louisiana","Ouachita Parish",2,66,1772,823,949
050,22,073,"Louisiana","Ouachita Parish",2,67,1675,758,917
050,22,073,"Louisiana","Ouachita Parish",2,68,1595,708,887
050,22,073,"Louisiana","Ouachita Parish",2,69,1500,658,842
050,22,073,"Louisiana","Ouachita Parish",2,70,1420,632,788
050,22,073,"Louisiana","Ouachita Parish",2,71,1332,598,734
050,22,073,"Louisiana","Ouachita Parish",2,72,1280,579,701
050,22,073,"Louisiana","Ouachita Parish",2,73,1357,628,729
050,22,073,"Louisiana","Ouachita Parish",2,74,969,438,531
050,22,073,"Louisiana","Ouachita Parish",2,75,925,391,534
050,22,073,"Louisiana","Ouachita Parish",2,76,917,392,525
050,22,073,"Louisiana","Ouachita Parish",2,77,914,386,528
050,22,073,"Louisiana","Ouachita Parish",2,78,778,343,435
050,22,073,"Louisiana","Ouachita Parish",2,79,691,276,415
050,22,073,"Louisiana","Ouachita Parish",2,80,646,267,379
050,22,073,"Louisiana","Ouachita Parish",2,81,580,227,353
050,22,073,"Louisiana","Ouachita Parish",2,82,558,216,342
050,22,073,"Louisiana","Ouachita Parish",2,83,491,192,299
050,22,073,"Louisiana","Ouachita Parish",2,84,467,172,295
050,22,073,"Louisiana","Ouachita Parish",2,85,2559,860,1699
050,22,073,"Louisiana","Ouachita Parish",3,0,1972,985,987
050,22,073,"Louisiana","Ouachita Parish",3,1,2013,989,1024
050,22,073,"Louisiana","Ouachita Parish",3,2,2047,1034,1013
050,22,073,"Louisiana","Ouachita Parish",3,3,2108,1102,1006
050,22,073,"Louisiana","Ouachita Parish",3,4,2178,1132,1046
050,22,073,"Louisiana","Ouachita Parish",3,5,2184,1141,1043
050,22,073,"Louisiana","Ouachita Parish",3,6,2225,1120,1105
050,22,073,"Louisiana","Ouachita Parish",3,7,2241,1113,1128
050,22,073,"Louisiana","Ouachita Parish",3,8,2174,1111,1063
050,22,073,"Louisiana","Ouachita Parish",3,9,2224,1157,1067
050,22,073,"Louisiana","Ouachita Parish",3,10,2203,1119,1084
050,22,073,"Louisiana","Ouachita Parish",3,11,2201,1095,1106
050,22,073,"Louisiana","Ouachita Parish",3,12,2224,1119,1105
050,22,073,"Louisiana","Ouachita Parish",3,13,2300,1180,1120
050,22,073,"Louisiana","Ouachita Parish",3,14,2313,1180,1133
050,22,073,"Louisiana","Ouachita Parish",3,15,2271,1146,1125
050,22,073,"Louisiana","Ouachita Parish",3,16,2237,1163,1074
050,22,073,"Louisiana","Ouachita Parish",3,17,2219,1153,1066
050,22,073,"Louisiana","Ouachita Parish",3,18,2131,1070,1061
050,22,073,"Louisiana","Ouachita Parish",3,19,2109,1044,1065
050,22,073,"Louisiana","Ouachita Parish",3,20,2222,1123,1099
050,22,073,"Louisiana","Ouachita Parish",3,21,2196,1096,1100
050,22,073,"Louisiana","Ouachita Parish",3,22,2113,1021,1092
050,22,073,"Louisiana","Ouachita Parish",3,23,2178,1082,1096
050,22,073,"Louisiana","Ouachita Parish",3,24,2131,1073,1058
050,22,073,"Louisiana","Ouachita Parish",3,25,1963,955,1008
050,22,073,"Louisiana","Ouachita Parish",3,26,2062,1026,1036
050,22,073,"Louisiana","Ouachita Parish",3,27,2138,1038,1100
050,22,073,"Louisiana","Ouachita Parish",3,28,2168,1047,1121
050,22,073,"Louisiana","Ouachita Parish",3,29,2260,1109,1151
050,22,073,"Louisiana","Ouachita Parish",3,30,2285,1074,1211
050,22,073,"Louisiana","Ouachita Parish",3,31,2342,1136,1206
050,22,073,"Louisiana","Ouachita Parish",3,32,2312,1123,1189
050,22,073,"Louisiana","Ouachita Parish",3,33,2164,1070,1094
050,22,073,"Louisiana","Ouachita Parish",3,34,2072,982,1090
050,22,073,"Louisiana","Ouachita Parish",3,35,2050,947,1103
050,22,073,"Louisiana","Ouachita Parish",3,36,2133,1009,1124
050,22,073,"Louisiana","Ouachita Parish",3,37,2049,1004,1045
050,22,073,"Louisiana","Ouachita Parish",3,38,1975,940,1035
050,22,073,"Louisiana","Ouachita Parish",3,39,2024,958,1066
050,22,073,"Louisiana","Ouachita Parish",3,40,2118,1008,1110
050,22,073,"Louisiana","Ouachita Parish",3,41,2070,990,1080
050,22,073,"Louisiana","Ouachita Parish",3,42,2041,1020,1021
050,22,073,"Louisiana","Ouachita Parish",3,43,1968,989,979
050,22,073,"Louisiana","Ouachita Parish",3,44,1954,939,1015
050,22,073,"Louisiana","Ouachita Parish",3,45,1877,919,958
050,22,073,"Louisiana","Ouachita Parish",3,46,1815,879,936
050,22,073,"Louisiana","Ouachita Parish",3,47,1779,843,936
050,22,073,"Louisiana","Ouachita Parish",3,48,1814,868,946
050,22,073,"Louisiana","Ouachita Parish",3,49,1822,866,956
050,22,073,"Louisiana","Ouachita Parish",3,50,1930,925,1005
050,22,073,"Louisiana","Ouachita Parish",3,51,1901,936,965
050,22,073,"Louisiana","Ouachita Parish",3,52,1889,897,992
050,22,073,"Louisiana","Ouachita Parish",3,53,1860,873,987
050,22,073,"Louisiana","Ouachita Parish",3,54,1826,859,967
050,22,073,"Louisiana","Ouachita Parish",3,55,1769,829,940
050,22,073,"Louisiana","Ouachita Parish",3,56,1858,880,978
050,22,073,"Louisiana","Ouachita Parish",3,57,1977,965,1012
050,22,073,"Louisiana","Ouachita Parish",3,58,1915,905,1010
050,22,073,"Louisiana","Ouachita Parish",3,59,1996,989,1007
050,22,073,"Louisiana","Ouachita Parish",3,60,1980,937,1043
050,22,073,"Louisiana","Ouachita Parish",3,61,1992,952,1040
050,22,073,"Louisiana","Ouachita Parish",3,62,1956,954,1002
050,22,073,"Louisiana","Ouachita Parish",3,63,1867,864,1003
050,22,073,"Louisiana","Ouachita Parish",3,64,1847,855,992
050,22,073,"Louisiana","Ouachita Parish",3,65,1823,864,959
050,22,073,"Louisiana","Ouachita Parish",3,66,1784,832,952
050,22,073,"Louisiana","Ouachita Parish",3,67,1716,785,931
050,22,073,"Louisiana","Ouachita Parish",3,68,1631,736,895
050,22,073,"Louisiana","Ouachita Parish",3,69,1538,670,868
050,22,073,"Louisiana","Ouachita Parish",3,70,1461,631,830
050,22,073,"Louisiana","Ouachita Parish",3,71,1392,615,777
050,22,073,"Louisiana","Ouachita Parish",3,72,1281,577,704
050,22,073,"Louisiana","Ouachita Parish",3,73,1221,540,681
050,22,073,"Louisiana","Ouachita Parish",3,74,1298,592,706
050,22,073,"Louisiana","Ouachita Parish",3,75,908,412,496
050,22,073,"Louisiana","Ouachita Parish",3,76,899,382,517
050,22,073,"Louisiana","Ouachita Parish",3,77,857,367,490
050,22,073,"Louisiana","Ouachita Parish",3,78,862,364,498
050,22,073,"Louisiana","Ouachita Parish",3,79,720,308,412
050,22,073,"Louisiana","Ouachita Parish",3,80,634,255,379
050,22,073,"Louisiana","Ouachita Parish",3,81,602,244,358
050,22,073,"Louisiana","Ouachita Parish",3,82,552,211,341
050,22,073,"Louisiana","Ouachita Parish",3,83,502,194,308
050,22,073,"Louisiana","Ouachita Parish",3,84,443,163,280
050,22,073,"Louisiana","Ouachita Parish",3,85,2510,855,1655
050,22,073,"Louisiana","Ouachita Parish",4,0,1994,971,1023
050,22,073,"Louisiana","Ouachita Parish",4,1,1918,964,954
050,22,073,"Louisiana","Ouachita Parish",4,2,2006,982,1024
050,22,073,"Louisiana","Ouachita Parish",4,3,2012,1018,994
050,22,073,"Louisiana","Ouachita Parish",4,4,2124,1101,1023
050,22,073,"Louisiana","Ouachita Parish",4,5,2145,1140,1005
050,22,073,"Louisiana","Ouachita Parish",4,6,2144,1117,1027
050,22,073,"Louisiana","Ouachita Parish",4,7,2209,1128,1081
050,22,073,"Louisiana","Ouachita Parish",4,8,2245,1094,1151
050,22,073,"Louisiana","Ouachita Parish",4,9,2143,1108,1035
050,22,073,"Louisiana","Ouachita Parish",4,10,2204,1139,1065
050,22,073,"Louisiana","Ouachita Parish",4,11,2223,1136,1087
050,22,073,"Louisiana","Ouachita Parish",4,12,2213,1109,1104
050,22,073,"Louisiana","Ouachita Parish",4,13,2224,1133,1091
050,22,073,"Louisiana","Ouachita Parish",4,14,2318,1187,1131
050,22,073,"Louisiana","Ouachita Parish",4,15,2261,1150,1111
050,22,073,"Louisiana","Ouachita Parish",4,16,2269,1161,1108
050,22,073,"Louisiana","Ouachita Parish",4,17,2248,1177,1071
050,22,073,"Louisiana","Ouachita Parish",4,18,2131,1093,1038
050,22,073,"Louisiana","Ouachita Parish",4,19,2040,1007,1033
050,22,073,"Louisiana","Ouachita Parish",4,20,2109,1047,1062
050,22,073,"Louisiana","Ouachita Parish",4,21,2218,1113,1105
050,22,073,"Louisiana","Ouachita Parish",4,22,2064,1001,1063
050,22,073,"Louisiana","Ouachita Parish",4,23,2132,1057,1075
050,22,073,"Louisiana","Ouachita Parish",4,24,2140,1072,1068
050,22,073,"Louisiana","Ouachita Parish",4,25,2030,1001,1029
050,22,073,"Louisiana","Ouachita Parish",4,26,1960,966,994
050,22,073,"Louisiana","Ouachita Parish",4,27,1997,968,1029
050,22,073,"Louisiana","Ouachita Parish",4,28,2069,1004,1065
050,22,073,"Louisiana","Ouachita Parish",4,29,2090,1019,1071
050,22,073,"Louisiana","Ouachita Parish",4,30,2226,1100,1126
050,22,073,"Louisiana","Ouachita Parish",4,31,2273,1099,1174
050,22,073,"Louisiana","Ouachita Parish",4,32,2332,1112,1220
050,22,073,"Louisiana","Ouachita Parish",4,33,2297,1123,1174
050,22,073,"Louisiana","Ouachita Parish",4,34,2119,1026,1093
050,22,073,"Louisiana","Ouachita Parish",4,35,1980,911,1069
050,22,073,"Louisiana","Ouachita Parish",4,36,2057,959,1098
050,22,073,"Louisiana","Ouachita Parish",4,37,2112,997,1115
050,22,073,"Louisiana","Ouachita Parish",4,38,1972,941,1031
050,22,073,"Louisiana","Ouachita Parish",4,39,1951,922,1029
050,22,073,"Louisiana","Ouachita Parish",4,40,2014,953,1061
050,22,073,"Louisiana","Ouachita Parish",4,41,2086,989,1097
050,22,073,"Louisiana","Ouachita Parish",4,42,2063,987,1076
050,22,073,"Louisiana","Ouachita Parish",4,43,2008,1010,998
050,22,073,"Louisiana","Ouachita Parish",4,44,1922,939,983
050,22,073,"Louisiana","Ouachita Parish",4,45,1946,959,987
050,22,073,"Louisiana","Ouachita Parish",4,46,1899,944,955
050,22,073,"Louisiana","Ouachita Parish",4,47,1800,868,932
050,22,073,"Louisiana","Ouachita Parish",4,48,1760,837,923
050,22,073,"Louisiana","Ouachita Parish",4,49,1791,836,955
050,22,073,"Louisiana","Ouachita Parish",4,50,1824,874,950
050,22,073,"Louisiana","Ouachita Parish",4,51,1893,903,990
050,22,073,"Louisiana","Ouachita Parish",4,52,1876,922,954
050,22,073,"Louisiana","Ouachita Parish",4,53,1865,885,980
050,22,073,"Louisiana","Ouachita Parish",4,54,1819,856,963
050,22,073,"Louisiana","Ouachita Parish",4,55,1793,840,953
050,22,073,"Louisiana","Ouachita Parish",4,56,1753,827,926
050,22,073,"Louisiana","Ouachita Parish",4,57,1868,913,955
050,22,073,"Louisiana","Ouachita Parish",4,58,1881,892,989
050,22,073,"Louisiana","Ouachita Parish",4,59,1897,904,993
050,22,073,"Louisiana","Ouachita Parish",4,60,1985,982,1003
050,22,073,"Louisiana","Ouachita Parish",4,61,1965,926,1039
050,22,073,"Louisiana","Ouachita Parish",4,62,1994,954,1040
050,22,073,"Louisiana","Ouachita Parish",4,63,1926,940,986
050,22,073,"Louisiana","Ouachita Parish",4,64,1819,835,984
050,22,073,"Louisiana","Ouachita Parish",4,65,1778,825,953
050,22,073,"Louisiana","Ouachita Parish",4,66,1791,840,951
050,22,073,"Louisiana","Ouachita Parish",4,67,1723,791,932
050,22,073,"Louisiana","Ouachita Parish",4,68,1681,761,920
050,22,073,"Louisiana","Ouachita Parish",4,69,1577,709,868
050,22,073,"Louisiana","Ouachita Parish",4,70,1492,646,846
050,22,073,"Louisiana","Ouachita Parish",4,71,1409,588,821
050,22,073,"Louisiana","Ouachita Parish",4,72,1339,590,749
050,22,073,"Louisiana","Ouachita Parish",4,73,1236,547,689
050,22,073,"Louisiana","Ouachita Parish",4,74,1174,511,663
050,22,073,"Louisiana","Ouachita Parish",4,75,1233,558,675
050,22,073,"Louisiana","Ouachita Parish",4,76,885,399,486
050,22,073,"Louisiana","Ouachita Parish",4,77,846,351,495
050,22,073,"Louisiana","Ouachita Parish",4,78,819,348,471
050,22,073,"Louisiana","Ouachita Parish",4,79,806,327,479
050,22,073,"Louisiana","Ouachita Parish",4,80,663,288,375
050,22,073,"Louisiana","Ouachita Parish",4,81,591,233,358
050,22,073,"Louisiana","Ouachita Parish",4,82,556,228,328
050,22,073,"Louisiana","Ouachita Parish",4,83,502,187,315
050,22,073,"Louisiana","Ouachita Parish",4,84,468,170,298
050,22,073,"Louisiana","Ouachita Parish",4,85,2489,851,1638
050,22,073,"Louisiana","Ouachita Parish",5,0,1988,965,1023
050,22,073,"Louisiana","Ouachita Parish",5,1,1976,963,1013
050,22,073,"Louisiana","Ouachita Parish",5,2,1917,958,959
050,22,073,"Louisiana","Ouachita Parish",5,3,1988,968,1020
050,22,073,"Louisiana","Ouachita Parish",5,4,1991,997,994
050,22,073,"Louisiana","Ouachita Parish",5,5,2076,1080,996
050,22,073,"Louisiana","Ouachita Parish",5,6,2152,1129,1023
050,22,073,"Louisiana","Ouachita Parish",5,7,2134,1100,1034
050,22,073,"Louisiana","Ouachita Parish",5,8,2194,1111,1083
050,22,073,"Louisiana","Ouachita Parish",5,9,2233,1100,1133
050,22,073,"Louisiana","Ouachita Parish",5,10,2123,1080,1043
050,22,073,"Louisiana","Ouachita Parish",5,11,2210,1133,1077
050,22,073,"Louisiana","Ouachita Parish",5,12,2216,1136,1080
050,22,073,"Louisiana","Ouachita Parish",5,13,2211,1106,1105
050,22,073,"Louisiana","Ouachita Parish",5,14,2238,1142,1096
050,22,073,"Louisiana","Ouachita Parish",5,15,2310,1189,1121
050,22,073,"Louisiana","Ouachita Parish",5,16,2300,1172,1128
050,22,073,"Louisiana","Ouachita Parish",5,17,2304,1188,1116
050,22,073,"Louisiana","Ouachita Parish",5,18,2149,1106,1043
050,22,073,"Louisiana","Ouachita Parish",5,19,2066,1047,1019
050,22,073,"Louisiana","Ouachita Parish",5,20,2048,1022,1026
050,22,073,"Louisiana","Ouachita Parish",5,21,2096,1040,1056
050,22,073,"Louisiana","Ouachita Parish",5,22,2156,1055,1101
050,22,073,"Louisiana","Ouachita Parish",5,23,2138,1059,1079
050,22,073,"Louisiana","Ouachita Parish",5,24,2087,1044,1043
050,22,073,"Louisiana","Ouachita Parish",5,25,2058,1012,1046
050,22,073,"Louisiana","Ouachita Parish",5,26,2069,1032,1037
050,22,073,"Louisiana","Ouachita Parish",5,27,1948,961,987
050,22,073,"Louisiana","Ouachita Parish",5,28,1953,942,1011
050,22,073,"Louisiana","Ouachita Parish",5,29,1989,938,1051
050,22,073,"Louisiana","Ouachita Parish",5,30,2127,1067,1060
050,22,073,"Louisiana","Ouachita Parish",5,31,2243,1098,1145
050,22,073,"Louisiana","Ouachita Parish",5,32,2303,1105,1198
050,22,073,"Louisiana","Ouachita Parish",5,33,2290,1114,1176
050,22,073,"Louisiana","Ouachita Parish",5,34,2285,1102,1183
050,22,073,"Louisiana","Ouachita Parish",5,35,2085,983,1102
050,22,073,"Louisiana","Ouachita Parish",5,36,1960,906,1054
050,22,073,"Louisiana","Ouachita Parish",5,37,2060,978,1082
050,22,073,"Louisiana","Ouachita Parish",5,38,2041,930,1111
050,22,073,"Louisiana","Ouachita Parish",5,39,1948,930,1018
050,22,073,"Louisiana","Ouachita Parish",5,40,1952,916,1036
050,22,073,"Louisiana","Ouachita Parish",5,41,2049,974,1075
050,22,073,"Louisiana","Ouachita Parish",5,42,2078,988,1090
050,22,073,"Louisiana","Ouachita Parish",5,43,2044,981,1063
050,22,073,"Louisiana","Ouachita Parish",5,44,1990,990,1000
050,22,073,"Louisiana","Ouachita Parish",5,45,1941,948,993
050,22,073,"Louisiana","Ouachita Parish",5,46,1955,969,986
050,22,073,"Louisiana","Ouachita Parish",5,47,1903,948,955
050,22,073,"Louisiana","Ouachita Parish",5,48,1775,862,913
050,22,073,"Louisiana","Ouachita Parish",5,49,1732,801,931
050,22,073,"Louisiana","Ouachita Parish",5,50,1772,821,951
050,22,073,"Louisiana","Ouachita Parish",5,51,1799,858,941
050,22,073,"Louisiana","Ouachita Parish",5,52,1898,906,992
050,22,073,"Louisiana","Ouachita Parish",5,53,1844,904,940
050,22,073,"Louisiana","Ouachita Parish",5,54,1855,877,978
050,22,073,"Louisiana","Ouachita Parish",5,55,1794,846,948
050,22,073,"Louisiana","Ouachita Parish",5,56,1791,848,943
050,22,073,"Louisiana","Ouachita Parish",5,57,1784,863,921
050,22,073,"Louisiana","Ouachita Parish",5,58,1794,849,945
050,22,073,"Louisiana","Ouachita Parish",5,59,1858,884,974
050,22,073,"Louisiana","Ouachita Parish",5,60,1883,899,984
050,22,073,"Louisiana","Ouachita Parish",5,61,1946,959,987
050,22,073,"Louisiana","Ouachita Parish",5,62,1930,907,1023
050,22,073,"Louisiana","Ouachita Parish",5,63,1947,928,1019
050,22,073,"Louisiana","Ouachita Parish",5,64,1883,904,979
050,22,073,"Louisiana","Ouachita Parish",5,65,1768,810,958
050,22,073,"Louisiana","Ouachita Parish",5,66,1766,806,960
050,22,073,"Louisiana","Ouachita Parish",5,67,1749,808,941
050,22,073,"Louisiana","Ouachita Parish",5,68,1694,778,916
050,22,073,"Louisiana","Ouachita Parish",5,69,1638,747,891
050,22,073,"Louisiana","Ouachita Parish",5,70,1556,694,862
050,22,073,"Louisiana","Ouachita Parish",5,71,1446,613,833
050,22,073,"Louisiana","Ouachita Parish",5,72,1357,577,780
050,22,073,"Louisiana","Ouachita Parish",5,73,1307,571,736
050,22,073,"Louisiana","Ouachita Parish",5,74,1195,522,673
050,22,073,"Louisiana","Ouachita Parish",5,75,1109,480,629
050,22,073,"Louisiana","Ouachita Parish",5,76,1227,553,674
050,22,073,"Louisiana","Ouachita Parish",5,77,839,378,461
050,22,073,"Louisiana","Ouachita Parish",5,78,813,338,475
050,22,073,"Louisiana","Ouachita Parish",5,79,778,324,454
050,22,073,"Louisiana","Ouachita Parish",5,80,760,304,456
050,22,073,"Louisiana","Ouachita Parish",5,81,627,269,358
050,22,073,"Louisiana","Ouachita Parish",5,82,548,214,334
050,22,073,"Louisiana","Ouachita Parish",5,83,514,211,303
050,22,073,"Louisiana","Ouachita Parish",5,84,477,165,312
050,22,073,"Louisiana","Ouachita Parish",5,85,2543,880,1663
050,22,075,"Louisiana","Plaquemines Parish",1,0,262,135,127
050,22,075,"Louisiana","Plaquemines Parish",1,1,298,146,152
050,22,075,"Louisiana","Plaquemines Parish",1,2,302,160,142
050,22,075,"Louisiana","Plaquemines Parish",1,3,315,176,139
050,22,075,"Louisiana","Plaquemines Parish",1,4,328,150,178
050,22,075,"Louisiana","Plaquemines Parish",1,5,331,161,170
050,22,075,"Louisiana","Plaquemines Parish",1,6,323,180,143
050,22,075,"Louisiana","Plaquemines Parish",1,7,335,180,155
050,22,075,"Louisiana","Plaquemines Parish",1,8,312,159,153
050,22,075,"Louisiana","Plaquemines Parish",1,9,325,166,159
050,22,075,"Louisiana","Plaquemines Parish",1,10,356,167,189
050,22,075,"Louisiana","Plaquemines Parish",1,11,381,212,169
050,22,075,"Louisiana","Plaquemines Parish",1,12,382,195,187
050,22,075,"Louisiana","Plaquemines Parish",1,13,356,183,173
050,22,075,"Louisiana","Plaquemines Parish",1,14,354,191,163
050,22,075,"Louisiana","Plaquemines Parish",1,15,349,174,175
050,22,075,"Louisiana","Plaquemines Parish",1,16,341,172,169
050,22,075,"Louisiana","Plaquemines Parish",1,17,345,176,169
050,22,075,"Louisiana","Plaquemines Parish",1,18,281,149,132
050,22,075,"Louisiana","Plaquemines Parish",1,19,227,125,102
050,22,075,"Louisiana","Plaquemines Parish",1,20,273,156,117
050,22,075,"Louisiana","Plaquemines Parish",1,21,280,162,118
050,22,075,"Louisiana","Plaquemines Parish",1,22,269,156,113
050,22,075,"Louisiana","Plaquemines Parish",1,23,307,162,145
050,22,075,"Louisiana","Plaquemines Parish",1,24,312,164,148
050,22,075,"Louisiana","Plaquemines Parish",1,25,279,152,127
050,22,075,"Louisiana","Plaquemines Parish",1,26,358,207,151
050,22,075,"Louisiana","Plaquemines Parish",1,27,324,179,145
050,22,075,"Louisiana","Plaquemines Parish",1,28,326,176,150
050,22,075,"Louisiana","Plaquemines Parish",1,29,326,169,157
050,22,075,"Louisiana","Plaquemines Parish",1,30,328,191,137
050,22,075,"Louisiana","Plaquemines Parish",1,31,369,213,156
050,22,075,"Louisiana","Plaquemines Parish",1,32,274,136,138
050,22,075,"Louisiana","Plaquemines Parish",1,33,303,138,165
050,22,075,"Louisiana","Plaquemines Parish",1,34,304,157,147
050,22,075,"Louisiana","Plaquemines Parish",1,35,330,167,163
050,22,075,"Louisiana","Plaquemines Parish",1,36,333,170,163
050,22,075,"Louisiana","Plaquemines Parish",1,37,351,194,157
050,22,075,"Louisiana","Plaquemines Parish",1,38,326,158,168
050,22,075,"Louisiana","Plaquemines Parish",1,39,339,159,180
050,22,075,"Louisiana","Plaquemines Parish",1,40,314,153,161
050,22,075,"Louisiana","Plaquemines Parish",1,41,334,180,154
050,22,075,"Louisiana","Plaquemines Parish",1,42,317,178,139
050,22,075,"Louisiana","Plaquemines Parish",1,43,292,151,141
050,22,075,"Louisiana","Plaquemines Parish",1,44,328,179,149
050,22,075,"Louisiana","Plaquemines Parish",1,45,303,174,129
050,22,075,"Louisiana","Plaquemines Parish",1,46,261,135,126
050,22,075,"Louisiana","Plaquemines Parish",1,47,258,128,130
050,22,075,"Louisiana","Plaquemines Parish",1,48,347,182,165
050,22,075,"Louisiana","Plaquemines Parish",1,49,324,177,147
050,22,075,"Louisiana","Plaquemines Parish",1,50,298,133,165
050,22,075,"Louisiana","Plaquemines Parish",1,51,328,152,176
050,22,075,"Louisiana","Plaquemines Parish",1,52,288,144,144
050,22,075,"Louisiana","Plaquemines Parish",1,53,333,175,158
050,22,075,"Louisiana","Plaquemines Parish",1,54,324,187,137
050,22,075,"Louisiana","Plaquemines Parish",1,55,302,170,132
050,22,075,"Louisiana","Plaquemines Parish",1,56,319,171,148
050,22,075,"Louisiana","Plaquemines Parish",1,57,310,164,146
050,22,075,"Louisiana","Plaquemines Parish",1,58,320,169,151
050,22,075,"Louisiana","Plaquemines Parish",1,59,301,167,134
050,22,075,"Louisiana","Plaquemines Parish",1,60,281,145,136
050,22,075,"Louisiana","Plaquemines Parish",1,61,291,144,147
050,22,075,"Louisiana","Plaquemines Parish",1,62,274,142,132
050,22,075,"Louisiana","Plaquemines Parish",1,63,243,129,114
050,22,075,"Louisiana","Plaquemines Parish",1,64,231,109,122
050,22,075,"Louisiana","Plaquemines Parish",1,65,243,123,120
050,22,075,"Louisiana","Plaquemines Parish",1,66,238,120,118
050,22,075,"Louisiana","Plaquemines Parish",1,67,223,104,119
050,22,075,"Louisiana","Plaquemines Parish",1,68,213,103,110
050,22,075,"Louisiana","Plaquemines Parish",1,69,189,99,90
050,22,075,"Louisiana","Plaquemines Parish",1,70,159,72,87
050,22,075,"Louisiana","Plaquemines Parish",1,71,177,85,92
050,22,075,"Louisiana","Plaquemines Parish",1,72,193,87,106
050,22,075,"Louisiana","Plaquemines Parish",1,73,177,75,102
050,22,075,"Louisiana","Plaquemines Parish",1,74,99,48,51
050,22,075,"Louisiana","Plaquemines Parish",1,75,116,58,58
050,22,075,"Louisiana","Plaquemines Parish",1,76,127,66,61
050,22,075,"Louisiana","Plaquemines Parish",1,77,113,50,63
050,22,075,"Louisiana","Plaquemines Parish",1,78,115,55,60
050,22,075,"Louisiana","Plaquemines Parish",1,79,103,52,51
050,22,075,"Louisiana","Plaquemines Parish",1,80,85,38,47
050,22,075,"Louisiana","Plaquemines Parish",1,81,81,38,43
050,22,075,"Louisiana","Plaquemines Parish",1,82,76,34,42
050,22,075,"Louisiana","Plaquemines Parish",1,83,68,32,36
050,22,075,"Louisiana","Plaquemines Parish",1,84,62,30,32
050,22,075,"Louisiana","Plaquemines Parish",1,85,323,102,221
050,22,075,"Louisiana","Plaquemines Parish",2,0,256,127,129
050,22,075,"Louisiana","Plaquemines Parish",2,1,289,141,148
050,22,075,"Louisiana","Plaquemines Parish",2,2,301,156,145
050,22,075,"Louisiana","Plaquemines Parish",2,3,315,172,143
050,22,075,"Louisiana","Plaquemines Parish",2,4,326,156,170
050,22,075,"Louisiana","Plaquemines Parish",2,5,330,160,170
050,22,075,"Louisiana","Plaquemines Parish",2,6,325,175,150
050,22,075,"Louisiana","Plaquemines Parish",2,7,328,178,150
050,22,075,"Louisiana","Plaquemines Parish",2,8,315,162,153
050,22,075,"Louisiana","Plaquemines Parish",2,9,320,160,160
050,22,075,"Louisiana","Plaquemines Parish",2,10,348,166,182
050,22,075,"Louisiana","Plaquemines Parish",2,11,370,198,172
050,22,075,"Louisiana","Plaquemines Parish",2,12,382,200,182
050,22,075,"Louisiana","Plaquemines Parish",2,13,364,188,176
050,22,075,"Louisiana","Plaquemines Parish",2,14,352,188,164
050,22,075,"Louisiana","Plaquemines Parish",2,15,353,178,175
050,22,075,"Louisiana","Plaquemines Parish",2,16,340,173,167
050,22,075,"Louisiana","Plaquemines Parish",2,17,344,175,169
050,22,075,"Louisiana","Plaquemines Parish",2,18,283,151,132
050,22,075,"Louisiana","Plaquemines Parish",2,19,230,126,104
050,22,075,"Louisiana","Plaquemines Parish",2,20,271,155,116
050,22,075,"Louisiana","Plaquemines Parish",2,21,277,161,116
050,22,075,"Louisiana","Plaquemines Parish",2,22,276,160,116
050,22,075,"Louisiana","Plaquemines Parish",2,23,304,162,142
050,22,075,"Louisiana","Plaquemines Parish",2,24,307,162,145
050,22,075,"Louisiana","Plaquemines Parish",2,25,291,157,134
050,22,075,"Louisiana","Plaquemines Parish",2,26,354,207,147
050,22,075,"Louisiana","Plaquemines Parish",2,27,326,180,146
050,22,075,"Louisiana","Plaquemines Parish",2,28,333,183,150
050,22,075,"Louisiana","Plaquemines Parish",2,29,319,165,154
050,22,075,"Louisiana","Plaquemines Parish",2,30,332,188,144
050,22,075,"Louisiana","Plaquemines Parish",2,31,365,217,148
050,22,075,"Louisiana","Plaquemines Parish",2,32,275,132,143
050,22,075,"Louisiana","Plaquemines Parish",2,33,295,138,157
050,22,075,"Louisiana","Plaquemines Parish",2,34,302,151,151
050,22,075,"Louisiana","Plaquemines Parish",2,35,336,173,163
050,22,075,"Louisiana","Plaquemines Parish",2,36,324,161,163
050,22,075,"Louisiana","Plaquemines Parish",2,37,348,190,158
050,22,075,"Louisiana","Plaquemines Parish",2,38,334,167,167
050,22,075,"Louisiana","Plaquemines Parish",2,39,332,159,173
050,22,075,"Louisiana","Plaquemines Parish",2,40,324,160,164
050,22,075,"Louisiana","Plaquemines Parish",2,41,325,172,153
050,22,075,"Louisiana","Plaquemines Parish",2,42,319,181,138
050,22,075,"Louisiana","Plaquemines Parish",2,43,295,154,141
050,22,075,"Louisiana","Plaquemines Parish",2,44,316,169,147
050,22,075,"Louisiana","Plaquemines Parish",2,45,308,174,134
050,22,075,"Louisiana","Plaquemines Parish",2,46,263,136,127
050,22,075,"Louisiana","Plaquemines Parish",2,47,255,128,127
050,22,075,"Louisiana","Plaquemines Parish",2,48,333,178,155
050,22,075,"Louisiana","Plaquemines Parish",2,49,328,177,151
050,22,075,"Louisiana","Plaquemines Parish",2,50,300,139,161
050,22,075,"Louisiana","Plaquemines Parish",2,51,320,148,172
050,22,075,"Louisiana","Plaquemines Parish",2,52,297,144,153
050,22,075,"Louisiana","Plaquemines Parish",2,53,323,169,154
050,22,075,"Louisiana","Plaquemines Parish",2,54,321,183,138
050,22,075,"Louisiana","Plaquemines Parish",2,55,300,168,132
050,22,075,"Louisiana","Plaquemines Parish",2,56,315,169,146
050,22,075,"Louisiana","Plaquemines Parish",2,57,311,165,146
050,22,075,"Louisiana","Plaquemines Parish",2,58,318,169,149
050,22,075,"Louisiana","Plaquemines Parish",2,59,301,164,137
050,22,075,"Louisiana","Plaquemines Parish",2,60,284,149,135
050,22,075,"Louisiana","Plaquemines Parish",2,61,285,143,142
050,22,075,"Louisiana","Plaquemines Parish",2,62,276,141,135
050,22,075,"Louisiana","Plaquemines Parish",2,63,252,132,120
050,22,075,"Louisiana","Plaquemines Parish",2,64,231,113,118
050,22,075,"Louisiana","Plaquemines Parish",2,65,237,118,119
050,22,075,"Louisiana","Plaquemines Parish",2,66,238,118,120
050,22,075,"Louisiana","Plaquemines Parish",2,67,225,107,118
050,22,075,"Louisiana","Plaquemines Parish",2,68,214,103,111
050,22,075,"Louisiana","Plaquemines Parish",2,69,194,99,95
050,22,075,"Louisiana","Plaquemines Parish",2,70,167,79,88
050,22,075,"Louisiana","Plaquemines Parish",2,71,172,81,91
050,22,075,"Louisiana","Plaquemines Parish",2,72,183,84,99
050,22,075,"Louisiana","Plaquemines Parish",2,73,188,82,106
050,22,075,"Louisiana","Plaquemines Parish",2,74,109,50,59
050,22,075,"Louisiana","Plaquemines Parish",2,75,115,57,58
050,22,075,"Louisiana","Plaquemines Parish",2,76,121,63,58
050,22,075,"Louisiana","Plaquemines Parish",2,77,115,53,62
050,22,075,"Louisiana","Plaquemines Parish",2,78,109,51,58
050,22,075,"Louisiana","Plaquemines Parish",2,79,105,54,51
050,22,075,"Louisiana","Plaquemines Parish",2,80,86,39,47
050,22,075,"Louisiana","Plaquemines Parish",2,81,80,37,43
050,22,075,"Louisiana","Plaquemines Parish",2,82,76,34,42
050,22,075,"Louisiana","Plaquemines Parish",2,83,71,33,38
050,22,075,"Louisiana","Plaquemines Parish",2,84,61,30,31
050,22,075,"Louisiana","Plaquemines Parish",2,85,322,104,218
050,22,075,"Louisiana","Plaquemines Parish",3,0,242,131,111
050,22,075,"Louisiana","Plaquemines Parish",3,1,260,124,136
050,22,075,"Louisiana","Plaquemines Parish",3,2,318,160,158
050,22,075,"Louisiana","Plaquemines Parish",3,3,295,148,147
050,22,075,"Louisiana","Plaquemines Parish",3,4,329,165,164
050,22,075,"Louisiana","Plaquemines Parish",3,5,318,153,165
050,22,075,"Louisiana","Plaquemines Parish",3,6,349,174,175
050,22,075,"Louisiana","Plaquemines Parish",3,7,317,163,154
050,22,075,"Louisiana","Plaquemines Parish",3,8,313,178,135
050,22,075,"Louisiana","Plaquemines Parish",3,9,324,171,153
050,22,075,"Louisiana","Plaquemines Parish",3,10,318,159,159
050,22,075,"Louisiana","Plaquemines Parish",3,11,333,161,172
050,22,075,"Louisiana","Plaquemines Parish",3,12,363,198,165
050,22,075,"Louisiana","Plaquemines Parish",3,13,382,209,173
050,22,075,"Louisiana","Plaquemines Parish",3,14,368,191,177
050,22,075,"Louisiana","Plaquemines Parish",3,15,349,187,162
050,22,075,"Louisiana","Plaquemines Parish",3,16,346,173,173
050,22,075,"Louisiana","Plaquemines Parish",3,17,341,173,168
050,22,075,"Louisiana","Plaquemines Parish",3,18,289,159,130
050,22,075,"Louisiana","Plaquemines Parish",3,19,220,118,102
050,22,075,"Louisiana","Plaquemines Parish",3,20,282,160,122
050,22,075,"Louisiana","Plaquemines Parish",3,21,252,146,106
050,22,075,"Louisiana","Plaquemines Parish",3,22,276,153,123
050,22,075,"Louisiana","Plaquemines Parish",3,23,275,148,127
050,22,075,"Louisiana","Plaquemines Parish",3,24,288,154,134
050,22,075,"Louisiana","Plaquemines Parish",3,25,287,158,129
050,22,075,"Louisiana","Plaquemines Parish",3,26,307,175,132
050,22,075,"Louisiana","Plaquemines Parish",3,27,322,176,146
050,22,075,"Louisiana","Plaquemines Parish",3,28,355,203,152
050,22,075,"Louisiana","Plaquemines Parish",3,29,304,146,158
050,22,075,"Louisiana","Plaquemines Parish",3,30,319,170,149
050,22,075,"Louisiana","Plaquemines Parish",3,31,371,229,142
050,22,075,"Louisiana","Plaquemines Parish",3,32,321,150,171
050,22,075,"Louisiana","Plaquemines Parish",3,33,276,129,147
050,22,075,"Louisiana","Plaquemines Parish",3,34,306,142,164
050,22,075,"Louisiana","Plaquemines Parish",3,35,325,175,150
050,22,075,"Louisiana","Plaquemines Parish",3,36,331,167,164
050,22,075,"Louisiana","Plaquemines Parish",3,37,348,174,174
050,22,075,"Louisiana","Plaquemines Parish",3,38,325,169,156
050,22,075,"Louisiana","Plaquemines Parish",3,39,331,167,164
050,22,075,"Louisiana","Plaquemines Parish",3,40,348,183,165
050,22,075,"Louisiana","Plaquemines Parish",3,41,333,167,166
050,22,075,"Louisiana","Plaquemines Parish",3,42,342,197,145
050,22,075,"Louisiana","Plaquemines Parish",3,43,289,148,141
050,22,075,"Louisiana","Plaquemines Parish",3,44,300,158,142
050,22,075,"Louisiana","Plaquemines Parish",3,45,316,167,149
050,22,075,"Louisiana","Plaquemines Parish",3,46,286,149,137
050,22,075,"Louisiana","Plaquemines Parish",3,47,258,129,129
050,22,075,"Louisiana","Plaquemines Parish",3,48,308,177,131
050,22,075,"Louisiana","Plaquemines Parish",3,49,308,161,147
050,22,075,"Louisiana","Plaquemines Parish",3,50,293,144,149
050,22,075,"Louisiana","Plaquemines Parish",3,51,298,138,160
050,22,075,"Louisiana","Plaquemines Parish",3,52,288,134,154
050,22,075,"Louisiana","Plaquemines Parish",3,53,314,163,151
050,22,075,"Louisiana","Plaquemines Parish",3,54,314,171,143
050,22,075,"Louisiana","Plaquemines Parish",3,55,303,166,137
050,22,075,"Louisiana","Plaquemines Parish",3,56,299,168,131
050,22,075,"Louisiana","Plaquemines Parish",3,57,311,164,147
050,22,075,"Louisiana","Plaquemines Parish",3,58,293,153,140
050,22,075,"Louisiana","Plaquemines Parish",3,59,313,165,148
050,22,075,"Louisiana","Plaquemines Parish",3,60,302,162,140
050,22,075,"Louisiana","Plaquemines Parish",3,61,278,145,133
050,22,075,"Louisiana","Plaquemines Parish",3,62,283,144,139
050,22,075,"Louisiana","Plaquemines Parish",3,63,262,136,126
050,22,075,"Louisiana","Plaquemines Parish",3,64,261,136,125
050,22,075,"Louisiana","Plaquemines Parish",3,65,221,105,116
050,22,075,"Louisiana","Plaquemines Parish",3,66,227,112,115
050,22,075,"Louisiana","Plaquemines Parish",3,67,231,113,118
050,22,075,"Louisiana","Plaquemines Parish",3,68,219,105,114
050,22,075,"Louisiana","Plaquemines Parish",3,69,213,104,109
050,22,075,"Louisiana","Plaquemines Parish",3,70,189,94,95
050,22,075,"Louisiana","Plaquemines Parish",3,71,163,79,84
050,22,075,"Louisiana","Plaquemines Parish",3,72,165,77,88
050,22,075,"Louisiana","Plaquemines Parish",3,73,181,85,96
050,22,075,"Louisiana","Plaquemines Parish",3,74,182,77,105
050,22,075,"Louisiana","Plaquemines Parish",3,75,108,50,58
050,22,075,"Louisiana","Plaquemines Parish",3,76,110,57,53
050,22,075,"Louisiana","Plaquemines Parish",3,77,113,56,57
050,22,075,"Louisiana","Plaquemines Parish",3,78,103,45,58
050,22,075,"Louisiana","Plaquemines Parish",3,79,110,52,58
050,22,075,"Louisiana","Plaquemines Parish",3,80,95,48,47
050,22,075,"Louisiana","Plaquemines Parish",3,81,80,34,46
050,22,075,"Louisiana","Plaquemines Parish",3,82,68,31,37
050,22,075,"Louisiana","Plaquemines Parish",3,83,72,30,42
050,22,075,"Louisiana","Plaquemines Parish",3,84,62,30,32
050,22,075,"Louisiana","Plaquemines Parish",3,85,323,111,212
050,22,075,"Louisiana","Plaquemines Parish",4,0,291,160,131
050,22,075,"Louisiana","Plaquemines Parish",4,1,230,119,111
050,22,075,"Louisiana","Plaquemines Parish",4,2,242,117,125
050,22,075,"Louisiana","Plaquemines Parish",4,3,286,135,151
050,22,075,"Louisiana","Plaquemines Parish",4,4,278,136,142
050,22,075,"Louisiana","Plaquemines Parish",4,5,318,168,150
050,22,075,"Louisiana","Plaquemines Parish",4,6,303,139,164
050,22,075,"Louisiana","Plaquemines Parish",4,7,322,159,163
050,22,075,"Louisiana","Plaquemines Parish",4,8,326,167,159
050,22,075,"Louisiana","Plaquemines Parish",4,9,302,166,136
050,22,075,"Louisiana","Plaquemines Parish",4,10,312,164,148
050,22,075,"Louisiana","Plaquemines Parish",4,11,305,151,154
050,22,075,"Louisiana","Plaquemines Parish",4,12,326,158,168
050,22,075,"Louisiana","Plaquemines Parish",4,13,354,198,156
050,22,075,"Louisiana","Plaquemines Parish",4,14,372,208,164
050,22,075,"Louisiana","Plaquemines Parish",4,15,356,181,175
050,22,075,"Louisiana","Plaquemines Parish",4,16,343,186,157
050,22,075,"Louisiana","Plaquemines Parish",4,17,332,167,165
050,22,075,"Louisiana","Plaquemines Parish",4,18,274,147,127
050,22,075,"Louisiana","Plaquemines Parish",4,19,229,123,106
050,22,075,"Louisiana","Plaquemines Parish",4,20,225,129,96
050,22,075,"Louisiana","Plaquemines Parish",4,21,279,156,123
050,22,075,"Louisiana","Plaquemines Parish",4,22,254,133,121
050,22,075,"Louisiana","Plaquemines Parish",4,23,293,159,134
050,22,075,"Louisiana","Plaquemines Parish",4,24,267,153,114
050,22,075,"Louisiana","Plaquemines Parish",4,25,260,128,132
050,22,075,"Louisiana","Plaquemines Parish",4,26,300,181,119
050,22,075,"Louisiana","Plaquemines Parish",4,27,274,151,123
050,22,075,"Louisiana","Plaquemines Parish",4,28,308,180,128
050,22,075,"Louisiana","Plaquemines Parish",4,29,314,169,145
050,22,075,"Louisiana","Plaquemines Parish",4,30,297,147,150
050,22,075,"Louisiana","Plaquemines Parish",4,31,351,199,152
050,22,075,"Louisiana","Plaquemines Parish",4,32,281,134,147
050,22,075,"Louisiana","Plaquemines Parish",4,33,325,155,170
050,22,075,"Louisiana","Plaquemines Parish",4,34,255,122,133
050,22,075,"Louisiana","Plaquemines Parish",4,35,334,169,165
050,22,075,"Louisiana","Plaquemines Parish",4,36,284,146,138
050,22,075,"Louisiana","Plaquemines Parish",4,37,330,167,163
050,22,075,"Louisiana","Plaquemines Parish",4,38,313,143,170
050,22,075,"Louisiana","Plaquemines Parish",4,39,311,165,146
050,22,075,"Louisiana","Plaquemines Parish",4,40,335,173,162
050,22,075,"Louisiana","Plaquemines Parish",4,41,337,173,164
050,22,075,"Louisiana","Plaquemines Parish",4,42,348,195,153
050,22,075,"Louisiana","Plaquemines Parish",4,43,300,160,140
050,22,075,"Louisiana","Plaquemines Parish",4,44,282,147,135
050,22,075,"Louisiana","Plaquemines Parish",4,45,289,155,134
050,22,075,"Louisiana","Plaquemines Parish",4,46,289,141,148
050,22,075,"Louisiana","Plaquemines Parish",4,47,277,140,137
050,22,075,"Louisiana","Plaquemines Parish",4,48,300,171,129
050,22,075,"Louisiana","Plaquemines Parish",4,49,272,152,120
050,22,075,"Louisiana","Plaquemines Parish",4,50,283,139,144
050,22,075,"Louisiana","Plaquemines Parish",4,51,288,144,144
050,22,075,"Louisiana","Plaquemines Parish",4,52,290,133,157
050,22,075,"Louisiana","Plaquemines Parish",4,53,297,148,149
050,22,075,"Louisiana","Plaquemines Parish",4,54,302,156,146
050,22,075,"Louisiana","Plaquemines Parish",4,55,279,138,141
050,22,075,"Louisiana","Plaquemines Parish",4,56,295,159,136
050,22,075,"Louisiana","Plaquemines Parish",4,57,289,160,129
050,22,075,"Louisiana","Plaquemines Parish",4,58,298,155,143
050,22,075,"Louisiana","Plaquemines Parish",4,59,286,151,135
050,22,075,"Louisiana","Plaquemines Parish",4,60,309,160,149
050,22,075,"Louisiana","Plaquemines Parish",4,61,296,157,139
050,22,075,"Louisiana","Plaquemines Parish",4,62,279,146,133
050,22,075,"Louisiana","Plaquemines Parish",4,63,276,136,140
050,22,075,"Louisiana","Plaquemines Parish",4,64,256,135,121
050,22,075,"Louisiana","Plaquemines Parish",4,65,248,128,120
050,22,075,"Louisiana","Plaquemines Parish",4,66,227,110,117
050,22,075,"Louisiana","Plaquemines Parish",4,67,221,111,110
050,22,075,"Louisiana","Plaquemines Parish",4,68,225,112,113
050,22,075,"Louisiana","Plaquemines Parish",4,69,212,103,109
050,22,075,"Louisiana","Plaquemines Parish",4,70,206,100,106
050,22,075,"Louisiana","Plaquemines Parish",4,71,179,90,89
050,22,075,"Louisiana","Plaquemines Parish",4,72,155,73,82
050,22,075,"Louisiana","Plaquemines Parish",4,73,162,73,89
050,22,075,"Louisiana","Plaquemines Parish",4,74,169,78,91
050,22,075,"Louisiana","Plaquemines Parish",4,75,178,74,104
050,22,075,"Louisiana","Plaquemines Parish",4,76,108,52,56
050,22,075,"Louisiana","Plaquemines Parish",4,77,108,53,55
050,22,075,"Louisiana","Plaquemines Parish",4,78,104,52,52
050,22,075,"Louisiana","Plaquemines Parish",4,79,100,45,55
050,22,075,"Louisiana","Plaquemines Parish",4,80,94,46,48
050,22,075,"Louisiana","Plaquemines Parish",4,81,89,43,46
050,22,075,"Louisiana","Plaquemines Parish",4,82,67,25,42
050,22,075,"Louisiana","Plaquemines Parish",4,83,67,30,37
050,22,075,"Louisiana","Plaquemines Parish",4,84,63,28,35
050,22,075,"Louisiana","Plaquemines Parish",4,85,328,118,210
050,22,075,"Louisiana","Plaquemines Parish",5,0,286,157,129
050,22,075,"Louisiana","Plaquemines Parish",5,1,282,148,134
050,22,075,"Louisiana","Plaquemines Parish",5,2,234,119,115
050,22,075,"Louisiana","Plaquemines Parish",5,3,260,125,135
050,22,075,"Louisiana","Plaquemines Parish",5,4,288,135,153
050,22,075,"Louisiana","Plaquemines Parish",5,5,276,135,141
050,22,075,"Louisiana","Plaquemines Parish",5,6,286,154,132
050,22,075,"Louisiana","Plaquemines Parish",5,7,297,146,151
050,22,075,"Louisiana","Plaquemines Parish",5,8,323,149,174
050,22,075,"Louisiana","Plaquemines Parish",5,9,320,162,158
050,22,075,"Louisiana","Plaquemines Parish",5,10,293,158,135
050,22,075,"Louisiana","Plaquemines Parish",5,11,299,157,142
050,22,075,"Louisiana","Plaquemines Parish",5,12,287,139,148
050,22,075,"Louisiana","Plaquemines Parish",5,13,309,149,160
050,22,075,"Louisiana","Plaquemines Parish",5,14,350,195,155
050,22,075,"Louisiana","Plaquemines Parish",5,15,354,193,161
050,22,075,"Louisiana","Plaquemines Parish",5,16,359,182,177
050,22,075,"Louisiana","Plaquemines Parish",5,17,330,180,150
050,22,075,"Louisiana","Plaquemines Parish",5,18,274,144,130
050,22,075,"Louisiana","Plaquemines Parish",5,19,215,117,98
050,22,075,"Louisiana","Plaquemines Parish",5,20,252,142,110
050,22,075,"Louisiana","Plaquemines Parish",5,21,251,140,111
050,22,075,"Louisiana","Plaquemines Parish",5,22,294,155,139
050,22,075,"Louisiana","Plaquemines Parish",5,23,268,140,128
050,22,075,"Louisiana","Plaquemines Parish",5,24,284,163,121
050,22,075,"Louisiana","Plaquemines Parish",5,25,249,136,113
050,22,075,"Louisiana","Plaquemines Parish",5,26,308,178,130
050,22,075,"Louisiana","Plaquemines Parish",5,27,270,146,124
050,22,075,"Louisiana","Plaquemines Parish",5,28,292,166,126
050,22,075,"Louisiana","Plaquemines Parish",5,29,267,159,108
050,22,075,"Louisiana","Plaquemines Parish",5,30,325,175,150
050,22,075,"Louisiana","Plaquemines Parish",5,31,333,186,147
050,22,075,"Louisiana","Plaquemines Parish",5,32,270,116,154
050,22,075,"Louisiana","Plaquemines Parish",5,33,305,142,163
050,22,075,"Louisiana","Plaquemines Parish",5,34,323,153,170
050,22,075,"Louisiana","Plaquemines Parish",5,35,280,145,135
050,22,075,"Louisiana","Plaquemines Parish",5,36,289,135,154
050,22,075,"Louisiana","Plaquemines Parish",5,37,291,157,134
050,22,075,"Louisiana","Plaquemines Parish",5,38,327,162,165
050,22,075,"Louisiana","Plaquemines Parish",5,39,307,145,162
050,22,075,"Louisiana","Plaquemines Parish",5,40,345,190,155
050,22,075,"Louisiana","Plaquemines Parish",5,41,327,164,163
050,22,075,"Louisiana","Plaquemines Parish",5,42,366,198,168
050,22,075,"Louisiana","Plaquemines Parish",5,43,314,158,156
050,22,075,"Louisiana","Plaquemines Parish",5,44,283,144,139
050,22,075,"Louisiana","Plaquemines Parish",5,45,282,160,122
050,22,075,"Louisiana","Plaquemines Parish",5,46,248,126,122
050,22,075,"Louisiana","Plaquemines Parish",5,47,292,141,151
050,22,075,"Louisiana","Plaquemines Parish",5,48,313,190,123
050,22,075,"Louisiana","Plaquemines Parish",5,49,271,147,124
050,22,075,"Louisiana","Plaquemines Parish",5,50,238,116,122
050,22,075,"Louisiana","Plaquemines Parish",5,51,277,131,146
050,22,075,"Louisiana","Plaquemines Parish",5,52,291,142,149
050,22,075,"Louisiana","Plaquemines Parish",5,53,301,145,156
050,22,075,"Louisiana","Plaquemines Parish",5,54,294,151,143
050,22,075,"Louisiana","Plaquemines Parish",5,55,284,133,151
050,22,075,"Louisiana","Plaquemines Parish",5,56,287,140,147
050,22,075,"Louisiana","Plaquemines Parish",5,57,283,155,128
050,22,075,"Louisiana","Plaquemines Parish",5,58,285,158,127
050,22,075,"Louisiana","Plaquemines Parish",5,59,294,149,145
050,22,075,"Louisiana","Plaquemines Parish",5,60,283,152,131
050,22,075,"Louisiana","Plaquemines Parish",5,61,306,162,144
050,22,075,"Louisiana","Plaquemines Parish",5,62,289,157,132
050,22,075,"Louisiana","Plaquemines Parish",5,63,272,140,132
050,22,075,"Louisiana","Plaquemines Parish",5,64,266,137,129
050,22,075,"Louisiana","Plaquemines Parish",5,65,247,125,122
050,22,075,"Louisiana","Plaquemines Parish",5,66,246,126,120
050,22,075,"Louisiana","Plaquemines Parish",5,67,225,107,118
050,22,075,"Louisiana","Plaquemines Parish",5,68,215,108,107
050,22,075,"Louisiana","Plaquemines Parish",5,69,222,110,112
050,22,075,"Louisiana","Plaquemines Parish",5,70,208,99,109
050,22,075,"Louisiana","Plaquemines Parish",5,71,197,95,102
050,22,075,"Louisiana","Plaquemines Parish",5,72,173,87,86
050,22,075,"Louisiana","Plaquemines Parish",5,73,154,69,85
050,22,075,"Louisiana","Plaquemines Parish",5,74,149,68,81
050,22,075,"Louisiana","Plaquemines Parish",5,75,163,71,92
050,22,075,"Louisiana","Plaquemines Parish",5,76,170,72,98
050,22,075,"Louisiana","Plaquemines Parish",5,77,104,47,57
050,22,075,"Louisiana","Plaquemines Parish",5,78,97,47,50
050,22,075,"Louisiana","Plaquemines Parish",5,79,104,54,50
050,22,075,"Louisiana","Plaquemines Parish",5,80,90,42,48
050,22,075,"Louisiana","Plaquemines Parish",5,81,87,41,46
050,22,075,"Louisiana","Plaquemines Parish",5,82,74,32,42
050,22,075,"Louisiana","Plaquemines Parish",5,83,69,24,45
050,22,075,"Louisiana","Plaquemines Parish",5,84,58,28,30
050,22,075,"Louisiana","Plaquemines Parish",5,85,336,123,213
050,22,077,"Louisiana","Pointe Coupee Parish",1,0,240,123,117
050,22,077,"Louisiana","Pointe Coupee Parish",1,1,236,112,124
050,22,077,"Louisiana","Pointe Coupee Parish",1,2,238,118,120
050,22,077,"Louisiana","Pointe Coupee Parish",1,3,237,130,107
050,22,077,"Louisiana","Pointe Coupee Parish",1,4,277,138,139
050,22,077,"Louisiana","Pointe Coupee Parish",1,5,257,131,126
050,22,077,"Louisiana","Pointe Coupee Parish",1,6,237,119,118
050,22,077,"Louisiana","Pointe Coupee Parish",1,7,238,119,119
050,22,077,"Louisiana","Pointe Coupee Parish",1,8,257,132,125
050,22,077,"Louisiana","Pointe Coupee Parish",1,9,262,131,131
050,22,077,"Louisiana","Pointe Coupee Parish",1,10,242,125,117
050,22,077,"Louisiana","Pointe Coupee Parish",1,11,242,121,121
050,22,077,"Louisiana","Pointe Coupee Parish",1,12,260,122,138
050,22,077,"Louisiana","Pointe Coupee Parish",1,13,288,145,143
050,22,077,"Louisiana","Pointe Coupee Parish",1,14,263,128,135
050,22,077,"Louisiana","Pointe Coupee Parish",1,15,250,128,122
050,22,077,"Louisiana","Pointe Coupee Parish",1,16,252,127,125
050,22,077,"Louisiana","Pointe Coupee Parish",1,17,239,126,113
050,22,077,"Louisiana","Pointe Coupee Parish",1,18,243,126,117
050,22,077,"Louisiana","Pointe Coupee Parish",1,19,216,114,102
050,22,077,"Louisiana","Pointe Coupee Parish",1,20,221,114,107
050,22,077,"Louisiana","Pointe Coupee Parish",1,21,205,111,94
050,22,077,"Louisiana","Pointe Coupee Parish",1,22,246,119,127
050,22,077,"Louisiana","Pointe Coupee Parish",1,23,236,102,134
050,22,077,"Louisiana","Pointe Coupee Parish",1,24,257,118,139
050,22,077,"Louisiana","Pointe Coupee Parish",1,25,264,134,130
050,22,077,"Louisiana","Pointe Coupee Parish",1,26,244,132,112
050,22,077,"Louisiana","Pointe Coupee Parish",1,27,226,112,114
050,22,077,"Louisiana","Pointe Coupee Parish",1,28,228,110,118
050,22,077,"Louisiana","Pointe Coupee Parish",1,29,235,114,121
050,22,077,"Louisiana","Pointe Coupee Parish",1,30,216,101,115
050,22,077,"Louisiana","Pointe Coupee Parish",1,31,210,106,104
050,22,077,"Louisiana","Pointe Coupee Parish",1,32,196,105,91
050,22,077,"Louisiana","Pointe Coupee Parish",1,33,228,111,117
050,22,077,"Louisiana","Pointe Coupee Parish",1,34,237,112,125
050,22,077,"Louisiana","Pointe Coupee Parish",1,35,218,100,118
050,22,077,"Louisiana","Pointe Coupee Parish",1,36,234,111,123
050,22,077,"Louisiana","Pointe Coupee Parish",1,37,249,130,119
050,22,077,"Louisiana","Pointe Coupee Parish",1,38,259,144,115
050,22,077,"Louisiana","Pointe Coupee Parish",1,39,249,122,127
050,22,077,"Louisiana","Pointe Coupee Parish",1,40,232,118,114
050,22,077,"Louisiana","Pointe Coupee Parish",1,41,226,106,120
050,22,077,"Louisiana","Pointe Coupee Parish",1,42,240,120,120
050,22,077,"Louisiana","Pointe Coupee Parish",1,43,214,99,115
050,22,077,"Louisiana","Pointe Coupee Parish",1,44,213,98,115
050,22,077,"Louisiana","Pointe Coupee Parish",1,45,212,104,108
050,22,077,"Louisiana","Pointe Coupee Parish",1,46,198,95,103
050,22,077,"Louisiana","Pointe Coupee Parish",1,47,195,85,110
050,22,077,"Louisiana","Pointe Coupee Parish",1,48,236,118,118
050,22,077,"Louisiana","Pointe Coupee Parish",1,49,256,120,136
050,22,077,"Louisiana","Pointe Coupee Parish",1,50,248,114,134
050,22,077,"Louisiana","Pointe Coupee Parish",1,51,230,106,124
050,22,077,"Louisiana","Pointe Coupee Parish",1,52,257,131,126
050,22,077,"Louisiana","Pointe Coupee Parish",1,53,275,134,141
050,22,077,"Louisiana","Pointe Coupee Parish",1,54,290,152,138
050,22,077,"Louisiana","Pointe Coupee Parish",1,55,295,154,141
050,22,077,"Louisiana","Pointe Coupee Parish",1,56,308,147,161
050,22,077,"Louisiana","Pointe Coupee Parish",1,57,324,150,174
050,22,077,"Louisiana","Pointe Coupee Parish",1,58,344,158,186
050,22,077,"Louisiana","Pointe Coupee Parish",1,59,330,154,176
050,22,077,"Louisiana","Pointe Coupee Parish",1,60,313,150,163
050,22,077,"Louisiana","Pointe Coupee Parish",1,61,339,166,173
050,22,077,"Louisiana","Pointe Coupee Parish",1,62,322,151,171
050,22,077,"Louisiana","Pointe Coupee Parish",1,63,289,129,160
050,22,077,"Louisiana","Pointe Coupee Parish",1,64,321,160,161
050,22,077,"Louisiana","Pointe Coupee Parish",1,65,324,156,168
050,22,077,"Louisiana","Pointe Coupee Parish",1,66,297,146,151
050,22,077,"Louisiana","Pointe Coupee Parish",1,67,298,155,143
050,22,077,"Louisiana","Pointe Coupee Parish",1,68,273,121,152
050,22,077,"Louisiana","Pointe Coupee Parish",1,69,252,115,137
050,22,077,"Louisiana","Pointe Coupee Parish",1,70,257,121,136
050,22,077,"Louisiana","Pointe Coupee Parish",1,71,256,117,139
050,22,077,"Louisiana","Pointe Coupee Parish",1,72,246,103,143
050,22,077,"Louisiana","Pointe Coupee Parish",1,73,255,103,152
050,22,077,"Louisiana","Pointe Coupee Parish",1,74,206,83,123
050,22,077,"Louisiana","Pointe Coupee Parish",1,75,182,76,106
050,22,077,"Louisiana","Pointe Coupee Parish",1,76,161,72,89
050,22,077,"Louisiana","Pointe Coupee Parish",1,77,169,75,94
050,22,077,"Louisiana","Pointe Coupee Parish",1,78,136,62,74
050,22,077,"Louisiana","Pointe Coupee Parish",1,79,124,64,60
050,22,077,"Louisiana","Pointe Coupee Parish",1,80,115,52,63
050,22,077,"Louisiana","Pointe Coupee Parish",1,81,111,48,63
050,22,077,"Louisiana","Pointe Coupee Parish",1,82,105,44,61
050,22,077,"Louisiana","Pointe Coupee Parish",1,83,105,48,57
050,22,077,"Louisiana","Pointe Coupee Parish",1,84,77,28,49
050,22,077,"Louisiana","Pointe Coupee Parish",1,85,467,187,280
050,22,077,"Louisiana","Pointe Coupee Parish",2,0,237,121,116
050,22,077,"Louisiana","Pointe Coupee Parish",2,1,237,114,123
050,22,077,"Louisiana","Pointe Coupee Parish",2,2,237,117,120
050,22,077,"Louisiana","Pointe Coupee Parish",2,3,236,126,110
050,22,077,"Louisiana","Pointe Coupee Parish",2,4,268,135,133
050,22,077,"Louisiana","Pointe Coupee Parish",2,5,263,135,128
050,22,077,"Louisiana","Pointe Coupee Parish",2,6,241,122,119
050,22,077,"Louisiana","Pointe Coupee Parish",2,7,235,118,117
050,22,077,"Louisiana","Pointe Coupee Parish",2,8,251,127,124
050,22,077,"Louisiana","Pointe Coupee Parish",2,9,260,130,130
050,22,077,"Louisiana","Pointe Coupee Parish",2,10,245,126,119
050,22,077,"Louisiana","Pointe Coupee Parish",2,11,239,120,119
050,22,077,"Louisiana","Pointe Coupee Parish",2,12,258,124,134
050,22,077,"Louisiana","Pointe Coupee Parish",2,13,281,139,142
050,22,077,"Louisiana","Pointe Coupee Parish",2,14,266,130,136
050,22,077,"Louisiana","Pointe Coupee Parish",2,15,255,128,127
050,22,077,"Louisiana","Pointe Coupee Parish",2,16,251,127,124
050,22,077,"Louisiana","Pointe Coupee Parish",2,17,241,125,116
050,22,077,"Louisiana","Pointe Coupee Parish",2,18,232,121,111
050,22,077,"Louisiana","Pointe Coupee Parish",2,19,213,111,102
050,22,077,"Louisiana","Pointe Coupee Parish",2,20,227,117,110
050,22,077,"Louisiana","Pointe Coupee Parish",2,21,210,113,97
050,22,077,"Louisiana","Pointe Coupee Parish",2,22,239,117,122
050,22,077,"Louisiana","Pointe Coupee Parish",2,23,240,107,133
050,22,077,"Louisiana","Pointe Coupee Parish",2,24,250,114,136
050,22,077,"Louisiana","Pointe Coupee Parish",2,25,263,131,132
050,22,077,"Louisiana","Pointe Coupee Parish",2,26,247,131,116
050,22,077,"Louisiana","Pointe Coupee Parish",2,27,227,116,111
050,22,077,"Louisiana","Pointe Coupee Parish",2,28,226,109,117
050,22,077,"Louisiana","Pointe Coupee Parish",2,29,230,112,118
050,22,077,"Louisiana","Pointe Coupee Parish",2,30,221,103,118
050,22,077,"Louisiana","Pointe Coupee Parish",2,31,210,105,105
050,22,077,"Louisiana","Pointe Coupee Parish",2,32,198,105,93
050,22,077,"Louisiana","Pointe Coupee Parish",2,33,218,108,110
050,22,077,"Louisiana","Pointe Coupee Parish",2,34,234,112,122
050,22,077,"Louisiana","Pointe Coupee Parish",2,35,224,106,118
050,22,077,"Louisiana","Pointe Coupee Parish",2,36,230,109,121
050,22,077,"Louisiana","Pointe Coupee Parish",2,37,245,127,118
050,22,077,"Louisiana","Pointe Coupee Parish",2,38,258,141,117
050,22,077,"Louisiana","Pointe Coupee Parish",2,39,251,127,124
050,22,077,"Louisiana","Pointe Coupee Parish",2,40,237,119,118
050,22,077,"Louisiana","Pointe Coupee Parish",2,41,227,109,118
050,22,077,"Louisiana","Pointe Coupee Parish",2,42,238,118,120
050,22,077,"Louisiana","Pointe Coupee Parish",2,43,223,105,118
050,22,077,"Louisiana","Pointe Coupee Parish",2,44,213,99,114
050,22,077,"Louisiana","Pointe Coupee Parish",2,45,215,104,111
050,22,077,"Louisiana","Pointe Coupee Parish",2,46,199,96,103
050,22,077,"Louisiana","Pointe Coupee Parish",2,47,196,88,108
050,22,077,"Louisiana","Pointe Coupee Parish",2,48,224,109,115
050,22,077,"Louisiana","Pointe Coupee Parish",2,49,253,120,133
050,22,077,"Louisiana","Pointe Coupee Parish",2,50,248,115,133
050,22,077,"Louisiana","Pointe Coupee Parish",2,51,231,107,124
050,22,077,"Louisiana","Pointe Coupee Parish",2,52,251,125,126
050,22,077,"Louisiana","Pointe Coupee Parish",2,53,270,133,137
050,22,077,"Louisiana","Pointe Coupee Parish",2,54,286,148,138
050,22,077,"Louisiana","Pointe Coupee Parish",2,55,293,152,141
050,22,077,"Louisiana","Pointe Coupee Parish",2,56,305,148,157
050,22,077,"Louisiana","Pointe Coupee Parish",2,57,318,149,169
050,22,077,"Louisiana","Pointe Coupee Parish",2,58,337,154,183
050,22,077,"Louisiana","Pointe Coupee Parish",2,59,333,156,177
050,22,077,"Louisiana","Pointe Coupee Parish",2,60,318,151,167
050,22,077,"Louisiana","Pointe Coupee Parish",2,61,332,163,169
050,22,077,"Louisiana","Pointe Coupee Parish",2,62,325,154,171
050,22,077,"Louisiana","Pointe Coupee Parish",2,63,298,135,163
050,22,077,"Louisiana","Pointe Coupee Parish",2,64,314,153,161
050,22,077,"Louisiana","Pointe Coupee Parish",2,65,321,156,165
050,22,077,"Louisiana","Pointe Coupee Parish",2,66,305,148,157
050,22,077,"Louisiana","Pointe Coupee Parish",2,67,294,151,143
050,22,077,"Louisiana","Pointe Coupee Parish",2,68,277,128,149
050,22,077,"Louisiana","Pointe Coupee Parish",2,69,253,115,138
050,22,077,"Louisiana","Pointe Coupee Parish",2,70,255,119,136
050,22,077,"Louisiana","Pointe Coupee Parish",2,71,255,117,138
050,22,077,"Louisiana","Pointe Coupee Parish",2,72,240,103,137
050,22,077,"Louisiana","Pointe Coupee Parish",2,73,264,107,157
050,22,077,"Louisiana","Pointe Coupee Parish",2,74,201,81,120
050,22,077,"Louisiana","Pointe Coupee Parish",2,75,184,73,111
050,22,077,"Louisiana","Pointe Coupee Parish",2,76,164,72,92
050,22,077,"Louisiana","Pointe Coupee Parish",2,77,169,74,95
050,22,077,"Louisiana","Pointe Coupee Parish",2,78,138,63,75
050,22,077,"Louisiana","Pointe Coupee Parish",2,79,125,64,61
050,22,077,"Louisiana","Pointe Coupee Parish",2,80,114,52,62
050,22,077,"Louisiana","Pointe Coupee Parish",2,81,111,48,63
050,22,077,"Louisiana","Pointe Coupee Parish",2,82,105,45,60
050,22,077,"Louisiana","Pointe Coupee Parish",2,83,100,45,55
050,22,077,"Louisiana","Pointe Coupee Parish",2,84,77,31,46
050,22,077,"Louisiana","Pointe Coupee Parish",2,85,443,179,264
050,22,077,"Louisiana","Pointe Coupee Parish",3,0,232,116,116
050,22,077,"Louisiana","Pointe Coupee Parish",3,1,233,113,120
050,22,077,"Louisiana","Pointe Coupee Parish",3,2,233,119,114
050,22,077,"Louisiana","Pointe Coupee Parish",3,3,234,110,124
050,22,077,"Louisiana","Pointe Coupee Parish",3,4,220,117,103
050,22,077,"Louisiana","Pointe Coupee Parish",3,5,266,135,131
050,22,077,"Louisiana","Pointe Coupee Parish",3,6,241,122,119
050,22,077,"Louisiana","Pointe Coupee Parish",3,7,240,124,116
050,22,077,"Louisiana","Pointe Coupee Parish",3,8,217,107,110
050,22,077,"Louisiana","Pointe Coupee Parish",3,9,247,130,117
050,22,077,"Louisiana","Pointe Coupee Parish",3,10,248,118,130
050,22,077,"Louisiana","Pointe Coupee Parish",3,11,245,134,111
050,22,077,"Louisiana","Pointe Coupee Parish",3,12,234,122,112
050,22,077,"Louisiana","Pointe Coupee Parish",3,13,255,126,129
050,22,077,"Louisiana","Pointe Coupee Parish",3,14,276,139,137
050,22,077,"Louisiana","Pointe Coupee Parish",3,15,252,123,129
050,22,077,"Louisiana","Pointe Coupee Parish",3,16,255,129,126
050,22,077,"Louisiana","Pointe Coupee Parish",3,17,240,120,120
050,22,077,"Louisiana","Pointe Coupee Parish",3,18,202,106,96
050,22,077,"Louisiana","Pointe Coupee Parish",3,19,195,98,97
050,22,077,"Louisiana","Pointe Coupee Parish",3,20,231,118,113
050,22,077,"Louisiana","Pointe Coupee Parish",3,21,227,113,114
050,22,077,"Louisiana","Pointe Coupee Parish",3,22,221,111,110
050,22,077,"Louisiana","Pointe Coupee Parish",3,23,246,124,122
050,22,077,"Louisiana","Pointe Coupee Parish",3,24,239,105,134
050,22,077,"Louisiana","Pointe Coupee Parish",3,25,245,113,132
050,22,077,"Louisiana","Pointe Coupee Parish",3,26,254,126,128
050,22,077,"Louisiana","Pointe Coupee Parish",3,27,240,129,111
050,22,077,"Louisiana","Pointe Coupee Parish",3,28,217,111,106
050,22,077,"Louisiana","Pointe Coupee Parish",3,29,232,116,116
050,22,077,"Louisiana","Pointe Coupee Parish",3,30,227,116,111
050,22,077,"Louisiana","Pointe Coupee Parish",3,31,234,104,130
050,22,077,"Louisiana","Pointe Coupee Parish",3,32,201,102,99
050,22,077,"Louisiana","Pointe Coupee Parish",3,33,201,106,95
050,22,077,"Louisiana","Pointe Coupee Parish",3,34,209,104,105
050,22,077,"Louisiana","Pointe Coupee Parish",3,35,234,113,121
050,22,077,"Louisiana","Pointe Coupee Parish",3,36,212,104,108
050,22,077,"Louisiana","Pointe Coupee Parish",3,37,224,103,121
050,22,077,"Louisiana","Pointe Coupee Parish",3,38,243,133,110
050,22,077,"Louisiana","Pointe Coupee Parish",3,39,253,136,117
050,22,077,"Louisiana","Pointe Coupee Parish",3,40,249,129,120
050,22,077,"Louisiana","Pointe Coupee Parish",3,41,232,123,109
050,22,077,"Louisiana","Pointe Coupee Parish",3,42,224,109,115
050,22,077,"Louisiana","Pointe Coupee Parish",3,43,216,108,108
050,22,077,"Louisiana","Pointe Coupee Parish",3,44,227,105,122
050,22,077,"Louisiana","Pointe Coupee Parish",3,45,194,83,111
050,22,077,"Louisiana","Pointe Coupee Parish",3,46,209,101,108
050,22,077,"Louisiana","Pointe Coupee Parish",3,47,198,98,100
050,22,077,"Louisiana","Pointe Coupee Parish",3,48,191,86,105
050,22,077,"Louisiana","Pointe Coupee Parish",3,49,223,108,115
050,22,077,"Louisiana","Pointe Coupee Parish",3,50,247,120,127
050,22,077,"Louisiana","Pointe Coupee Parish",3,51,251,114,137
050,22,077,"Louisiana","Pointe Coupee Parish",3,52,229,106,123
050,22,077,"Louisiana","Pointe Coupee Parish",3,53,240,117,123
050,22,077,"Louisiana","Pointe Coupee Parish",3,54,274,142,132
050,22,077,"Louisiana","Pointe Coupee Parish",3,55,278,144,134
050,22,077,"Louisiana","Pointe Coupee Parish",3,56,292,151,141
050,22,077,"Louisiana","Pointe Coupee Parish",3,57,303,153,150
050,22,077,"Louisiana","Pointe Coupee Parish",3,58,308,140,168
050,22,077,"Louisiana","Pointe Coupee Parish",3,59,343,154,189
050,22,077,"Louisiana","Pointe Coupee Parish",3,60,327,146,181
050,22,077,"Louisiana","Pointe Coupee Parish",3,61,313,148,165
050,22,077,"Louisiana","Pointe Coupee Parish",3,62,328,162,166
050,22,077,"Louisiana","Pointe Coupee Parish",3,63,315,150,165
050,22,077,"Louisiana","Pointe Coupee Parish",3,64,303,141,162
050,22,077,"Louisiana","Pointe Coupee Parish",3,65,315,148,167
050,22,077,"Louisiana","Pointe Coupee Parish",3,66,319,153,166
050,22,077,"Louisiana","Pointe Coupee Parish",3,67,295,144,151
050,22,077,"Louisiana","Pointe Coupee Parish",3,68,291,152,139
050,22,077,"Louisiana","Pointe Coupee Parish",3,69,259,119,140
050,22,077,"Louisiana","Pointe Coupee Parish",3,70,250,112,138
050,22,077,"Louisiana","Pointe Coupee Parish",3,71,246,114,132
050,22,077,"Louisiana","Pointe Coupee Parish",3,72,247,114,133
050,22,077,"Louisiana","Pointe Coupee Parish",3,73,234,95,139
050,22,077,"Louisiana","Pointe Coupee Parish",3,74,251,103,148
050,22,077,"Louisiana","Pointe Coupee Parish",3,75,194,76,118
050,22,077,"Louisiana","Pointe Coupee Parish",3,76,178,70,108
050,22,077,"Louisiana","Pointe Coupee Parish",3,77,159,69,90
050,22,077,"Louisiana","Pointe Coupee Parish",3,78,159,70,89
050,22,077,"Louisiana","Pointe Coupee Parish",3,79,130,61,69
050,22,077,"Louisiana","Pointe Coupee Parish",3,80,109,55,54
050,22,077,"Louisiana","Pointe Coupee Parish",3,81,115,51,64
050,22,077,"Louisiana","Pointe Coupee Parish",3,82,101,40,61
050,22,077,"Louisiana","Pointe Coupee Parish",3,83,105,44,61
050,22,077,"Louisiana","Pointe Coupee Parish",3,84,81,36,45
050,22,077,"Louisiana","Pointe Coupee Parish",3,85,439,180,259
050,22,077,"Louisiana","Pointe Coupee Parish",4,0,248,118,130
050,22,077,"Louisiana","Pointe Coupee Parish",4,1,243,123,120
050,22,077,"Louisiana","Pointe Coupee Parish",4,2,221,105,116
050,22,077,"Louisiana","Pointe Coupee Parish",4,3,225,122,103
050,22,077,"Louisiana","Pointe Coupee Parish",4,4,225,105,120
050,22,077,"Louisiana","Pointe Coupee Parish",4,5,217,118,99
050,22,077,"Louisiana","Pointe Coupee Parish",4,6,257,131,126
050,22,077,"Louisiana","Pointe Coupee Parish",4,7,229,117,112
050,22,077,"Louisiana","Pointe Coupee Parish",4,8,247,124,123
050,22,077,"Louisiana","Pointe Coupee Parish",4,9,224,112,112
050,22,077,"Louisiana","Pointe Coupee Parish",4,10,240,126,114
050,22,077,"Louisiana","Pointe Coupee Parish",4,11,254,117,137
050,22,077,"Louisiana","Pointe Coupee Parish",4,12,248,135,113
050,22,077,"Louisiana","Pointe Coupee Parish",4,13,222,109,113
050,22,077,"Louisiana","Pointe Coupee Parish",4,14,257,126,131
050,22,077,"Louisiana","Pointe Coupee Parish",4,15,277,136,141
050,22,077,"Louisiana","Pointe Coupee Parish",4,16,251,124,127
050,22,077,"Louisiana","Pointe Coupee Parish",4,17,253,128,125
050,22,077,"Louisiana","Pointe Coupee Parish",4,18,208,106,102
050,22,077,"Louisiana","Pointe Coupee Parish",4,19,175,94,81
050,22,077,"Louisiana","Pointe Coupee Parish",4,20,205,105,100
050,22,077,"Louisiana","Pointe Coupee Parish",4,21,223,110,113
050,22,077,"Louisiana","Pointe Coupee Parish",4,22,246,121,125
050,22,077,"Louisiana","Pointe Coupee Parish",4,23,223,115,108
050,22,077,"Louisiana","Pointe Coupee Parish",4,24,251,128,123
050,22,077,"Louisiana","Pointe Coupee Parish",4,25,230,97,133
050,22,077,"Louisiana","Pointe Coupee Parish",4,26,248,115,133
050,22,077,"Louisiana","Pointe Coupee Parish",4,27,248,122,126
050,22,077,"Louisiana","Pointe Coupee Parish",4,28,224,122,102
050,22,077,"Louisiana","Pointe Coupee Parish",4,29,222,115,107
050,22,077,"Louisiana","Pointe Coupee Parish",4,30,226,117,109
050,22,077,"Louisiana","Pointe Coupee Parish",4,31,229,115,114
050,22,077,"Louisiana","Pointe Coupee Parish",4,32,231,100,131
050,22,077,"Louisiana","Pointe Coupee Parish",4,33,195,100,95
050,22,077,"Louisiana","Pointe Coupee Parish",4,34,212,110,102
050,22,077,"Louisiana","Pointe Coupee Parish",4,35,203,101,102
050,22,077,"Louisiana","Pointe Coupee Parish",4,36,231,111,120
050,22,077,"Louisiana","Pointe Coupee Parish",4,37,205,100,105
050,22,077,"Louisiana","Pointe Coupee Parish",4,38,226,105,121
050,22,077,"Louisiana","Pointe Coupee Parish",4,39,238,129,109
050,22,077,"Louisiana","Pointe Coupee Parish",4,40,263,143,120
050,22,077,"Louisiana","Pointe Coupee Parish",4,41,251,129,122
050,22,077,"Louisiana","Pointe Coupee Parish",4,42,231,119,112
050,22,077,"Louisiana","Pointe Coupee Parish",4,43,208,100,108
050,22,077,"Louisiana","Pointe Coupee Parish",4,44,212,102,110
050,22,077,"Louisiana","Pointe Coupee Parish",4,45,223,104,119
050,22,077,"Louisiana","Pointe Coupee Parish",4,46,191,78,113
050,22,077,"Louisiana","Pointe Coupee Parish",4,47,221,108,113
050,22,077,"Louisiana","Pointe Coupee Parish",4,48,206,104,102
050,22,077,"Louisiana","Pointe Coupee Parish",4,49,188,79,109
050,22,077,"Louisiana","Pointe Coupee Parish",4,50,226,109,117
050,22,077,"Louisiana","Pointe Coupee Parish",4,51,255,117,138
050,22,077,"Louisiana","Pointe Coupee Parish",4,52,255,120,135
050,22,077,"Louisiana","Pointe Coupee Parish",4,53,223,104,119
050,22,077,"Louisiana","Pointe Coupee Parish",4,54,240,120,120
050,22,077,"Louisiana","Pointe Coupee Parish",4,55,263,135,128
050,22,077,"Louisiana","Pointe Coupee Parish",4,56,275,138,137
050,22,077,"Louisiana","Pointe Coupee Parish",4,57,302,159,143
050,22,077,"Louisiana","Pointe Coupee Parish",4,58,297,148,149
050,22,077,"Louisiana","Pointe Coupee Parish",4,59,297,133,164
050,22,077,"Louisiana","Pointe Coupee Parish",4,60,336,146,190
050,22,077,"Louisiana","Pointe Coupee Parish",4,61,324,147,177
050,22,077,"Louisiana","Pointe Coupee Parish",4,62,309,148,161
050,22,077,"Louisiana","Pointe Coupee Parish",4,63,320,159,161
050,22,077,"Louisiana","Pointe Coupee Parish",4,64,314,154,160
050,22,077,"Louisiana","Pointe Coupee Parish",4,65,299,132,167
050,22,077,"Louisiana","Pointe Coupee Parish",4,66,309,142,167
050,22,077,"Louisiana","Pointe Coupee Parish",4,67,311,153,158
050,22,077,"Louisiana","Pointe Coupee Parish",4,68,296,144,152
050,22,077,"Louisiana","Pointe Coupee Parish",4,69,275,146,129
050,22,077,"Louisiana","Pointe Coupee Parish",4,70,256,121,135
050,22,077,"Louisiana","Pointe Coupee Parish",4,71,241,108,133
050,22,077,"Louisiana","Pointe Coupee Parish",4,72,235,108,127
050,22,077,"Louisiana","Pointe Coupee Parish",4,73,244,110,134
050,22,077,"Louisiana","Pointe Coupee Parish",4,74,221,91,130
050,22,077,"Louisiana","Pointe Coupee Parish",4,75,245,99,146
050,22,077,"Louisiana","Pointe Coupee Parish",4,76,187,72,115
050,22,077,"Louisiana","Pointe Coupee Parish",4,77,173,67,106
050,22,077,"Louisiana","Pointe Coupee Parish",4,78,148,68,80
050,22,077,"Louisiana","Pointe Coupee Parish",4,79,149,66,83
050,22,077,"Louisiana","Pointe Coupee Parish",4,80,124,58,66
050,22,077,"Louisiana","Pointe Coupee Parish",4,81,115,57,58
050,22,077,"Louisiana","Pointe Coupee Parish",4,82,103,43,60
050,22,077,"Louisiana","Pointe Coupee Parish",4,83,96,34,62
050,22,077,"Louisiana","Pointe Coupee Parish",4,84,85,36,49
050,22,077,"Louisiana","Pointe Coupee Parish",4,85,433,183,250
050,22,077,"Louisiana","Pointe Coupee Parish",5,0,243,115,128
050,22,077,"Louisiana","Pointe Coupee Parish",5,1,262,118,144
050,22,077,"Louisiana","Pointe Coupee Parish",5,2,242,124,118
050,22,077,"Louisiana","Pointe Coupee Parish",5,3,217,101,116
050,22,077,"Louisiana","Pointe Coupee Parish",5,4,222,119,103
050,22,077,"Louisiana","Pointe Coupee Parish",5,5,217,103,114
050,22,077,"Louisiana","Pointe Coupee Parish",5,6,214,113,101
050,22,077,"Louisiana","Pointe Coupee Parish",5,7,248,131,117
050,22,077,"Louisiana","Pointe Coupee Parish",5,8,223,121,102
050,22,077,"Louisiana","Pointe Coupee Parish",5,9,239,121,118
050,22,077,"Louisiana","Pointe Coupee Parish",5,10,210,104,106
050,22,077,"Louisiana","Pointe Coupee Parish",5,11,233,121,112
050,22,077,"Louisiana","Pointe Coupee Parish",5,12,254,119,135
050,22,077,"Louisiana","Pointe Coupee Parish",5,13,243,131,112
050,22,077,"Louisiana","Pointe Coupee Parish",5,14,223,104,119
050,22,077,"Louisiana","Pointe Coupee Parish",5,15,249,122,127
050,22,077,"Louisiana","Pointe Coupee Parish",5,16,268,127,141
050,22,077,"Louisiana","Pointe Coupee Parish",5,17,249,119,130
050,22,077,"Louisiana","Pointe Coupee Parish",5,18,206,104,102
050,22,077,"Louisiana","Pointe Coupee Parish",5,19,166,86,80
050,22,077,"Louisiana","Pointe Coupee Parish",5,20,191,99,92
050,22,077,"Louisiana","Pointe Coupee Parish",5,21,206,109,97
050,22,077,"Louisiana","Pointe Coupee Parish",5,22,231,113,118
050,22,077,"Louisiana","Pointe Coupee Parish",5,23,247,120,127
050,22,077,"Louisiana","Pointe Coupee Parish",5,24,215,113,102
050,22,077,"Louisiana","Pointe Coupee Parish",5,25,251,133,118
050,22,077,"Louisiana","Pointe Coupee Parish",5,26,228,100,128
050,22,077,"Louisiana","Pointe Coupee Parish",5,27,228,110,118
050,22,077,"Louisiana","Pointe Coupee Parish",5,28,249,122,127
050,22,077,"Louisiana","Pointe Coupee Parish",5,29,231,120,111
050,22,077,"Louisiana","Pointe Coupee Parish",5,30,217,110,107
050,22,077,"Louisiana","Pointe Coupee Parish",5,31,241,125,116
050,22,077,"Louisiana","Pointe Coupee Parish",5,32,236,121,115
050,22,077,"Louisiana","Pointe Coupee Parish",5,33,233,104,129
050,22,077,"Louisiana","Pointe Coupee Parish",5,34,203,104,99
050,22,077,"Louisiana","Pointe Coupee Parish",5,35,219,112,107
050,22,077,"Louisiana","Pointe Coupee Parish",5,36,198,103,95
050,22,077,"Louisiana","Pointe Coupee Parish",5,37,228,105,123
050,22,077,"Louisiana","Pointe Coupee Parish",5,38,202,101,101
050,22,077,"Louisiana","Pointe Coupee Parish",5,39,224,101,123
050,22,077,"Louisiana","Pointe Coupee Parish",5,40,235,124,111
050,22,077,"Louisiana","Pointe Coupee Parish",5,41,257,141,116
050,22,077,"Louisiana","Pointe Coupee Parish",5,42,244,128,116
050,22,077,"Louisiana","Pointe Coupee Parish",5,43,229,118,111
050,22,077,"Louisiana","Pointe Coupee Parish",5,44,213,100,113
050,22,077,"Louisiana","Pointe Coupee Parish",5,45,199,94,105
050,22,077,"Louisiana","Pointe Coupee Parish",5,46,220,100,120
050,22,077,"Louisiana","Pointe Coupee Parish",5,47,188,84,104
050,22,077,"Louisiana","Pointe Coupee Parish",5,48,210,102,108
050,22,077,"Louisiana","Pointe Coupee Parish",5,49,208,99,109
050,22,077,"Louisiana","Pointe Coupee Parish",5,50,173,75,98
050,22,077,"Louisiana","Pointe Coupee Parish",5,51,227,111,116
050,22,077,"Louisiana","Pointe Coupee Parish",5,52,257,121,136
050,22,077,"Louisiana","Pointe Coupee Parish",5,53,254,119,135
050,22,077,"Louisiana","Pointe Coupee Parish",5,54,230,110,120
050,22,077,"Louisiana","Pointe Coupee Parish",5,55,235,114,121
050,22,077,"Louisiana","Pointe Coupee Parish",5,56,263,135,128
050,22,077,"Louisiana","Pointe Coupee Parish",5,57,271,146,125
050,22,077,"Louisiana","Pointe Coupee Parish",5,58,287,151,136
050,22,077,"Louisiana","Pointe Coupee Parish",5,59,303,151,152
050,22,077,"Louisiana","Pointe Coupee Parish",5,60,298,133,165
050,22,077,"Louisiana","Pointe Coupee Parish",5,61,329,146,183
050,22,077,"Louisiana","Pointe Coupee Parish",5,62,318,145,173
050,22,077,"Louisiana","Pointe Coupee Parish",5,63,294,138,156
050,22,077,"Louisiana","Pointe Coupee Parish",5,64,319,160,159
050,22,077,"Louisiana","Pointe Coupee Parish",5,65,311,149,162
050,22,077,"Louisiana","Pointe Coupee Parish",5,66,295,128,167
050,22,077,"Louisiana","Pointe Coupee Parish",5,67,305,139,166
050,22,077,"Louisiana","Pointe Coupee Parish",5,68,308,151,157
050,22,077,"Louisiana","Pointe Coupee Parish",5,69,279,139,140
050,22,077,"Louisiana","Pointe Coupee Parish",5,70,273,145,128
050,22,077,"Louisiana","Pointe Coupee Parish",5,71,249,117,132
050,22,077,"Louisiana","Pointe Coupee Parish",5,72,231,103,128
050,22,077,"Louisiana","Pointe Coupee Parish",5,73,232,103,129
050,22,077,"Louisiana","Pointe Coupee Parish",5,74,231,105,126
050,22,077,"Louisiana","Pointe Coupee Parish",5,75,209,85,124
050,22,077,"Louisiana","Pointe Coupee Parish",5,76,234,92,142
050,22,077,"Louisiana","Pointe Coupee Parish",5,77,185,68,117
050,22,077,"Louisiana","Pointe Coupee Parish",5,78,167,65,102
050,22,077,"Louisiana","Pointe Coupee Parish",5,79,139,65,74
050,22,077,"Louisiana","Pointe Coupee Parish",5,80,142,61,81
050,22,077,"Louisiana","Pointe Coupee Parish",5,81,119,54,65
050,22,077,"Louisiana","Pointe Coupee Parish",5,82,106,50,56
050,22,077,"Louisiana","Pointe Coupee Parish",5,83,100,41,59
050,22,077,"Louisiana","Pointe Coupee Parish",5,84,79,29,50
050,22,077,"Louisiana","Pointe Coupee Parish",5,85,439,186,253
050,22,079,"Louisiana","Rapides Parish",1,0,1666,856,810
050,22,079,"Louisiana","Rapides Parish",1,1,1700,885,815
050,22,079,"Louisiana","Rapides Parish",1,2,1720,912,808
050,22,079,"Louisiana","Rapides Parish",1,3,1770,892,878
050,22,079,"Louisiana","Rapides Parish",1,4,1826,901,925
050,22,079,"Louisiana","Rapides Parish",1,5,1858,954,904
050,22,079,"Louisiana","Rapides Parish",1,6,1803,902,901
050,22,079,"Louisiana","Rapides Parish",1,7,1726,917,809
050,22,079,"Louisiana","Rapides Parish",1,8,1764,896,868
050,22,079,"Louisiana","Rapides Parish",1,9,1773,896,877
050,22,079,"Louisiana","Rapides Parish",1,10,1854,956,898
050,22,079,"Louisiana","Rapides Parish",1,11,1910,983,927
050,22,079,"Louisiana","Rapides Parish",1,12,1932,979,953
050,22,079,"Louisiana","Rapides Parish",1,13,1930,993,937
050,22,079,"Louisiana","Rapides Parish",1,14,1898,974,924
050,22,079,"Louisiana","Rapides Parish",1,15,1907,964,943
050,22,079,"Louisiana","Rapides Parish",1,16,1899,976,923
050,22,079,"Louisiana","Rapides Parish",1,17,1802,924,878
050,22,079,"Louisiana","Rapides Parish",1,18,1573,796,777
050,22,079,"Louisiana","Rapides Parish",1,19,1402,749,653
050,22,079,"Louisiana","Rapides Parish",1,20,1483,733,750
050,22,079,"Louisiana","Rapides Parish",1,21,1506,732,774
050,22,079,"Louisiana","Rapides Parish",1,22,1478,699,779
050,22,079,"Louisiana","Rapides Parish",1,23,1571,804,767
050,22,079,"Louisiana","Rapides Parish",1,24,1618,811,807
050,22,079,"Louisiana","Rapides Parish",1,25,1647,842,805
050,22,079,"Louisiana","Rapides Parish",1,26,1646,825,821
050,22,079,"Louisiana","Rapides Parish",1,27,1677,835,842
050,22,079,"Louisiana","Rapides Parish",1,28,1710,853,857
050,22,079,"Louisiana","Rapides Parish",1,29,1763,842,921
050,22,079,"Louisiana","Rapides Parish",1,30,1658,830,828
050,22,079,"Louisiana","Rapides Parish",1,31,1620,785,835
050,22,079,"Louisiana","Rapides Parish",1,32,1616,803,813
050,22,079,"Louisiana","Rapides Parish",1,33,1607,754,853
050,22,079,"Louisiana","Rapides Parish",1,34,1689,823,866
050,22,079,"Louisiana","Rapides Parish",1,35,1629,807,822
050,22,079,"Louisiana","Rapides Parish",1,36,1732,882,850
050,22,079,"Louisiana","Rapides Parish",1,37,1710,855,855
050,22,079,"Louisiana","Rapides Parish",1,38,1708,815,893
050,22,079,"Louisiana","Rapides Parish",1,39,1711,805,906
050,22,079,"Louisiana","Rapides Parish",1,40,1624,784,840
050,22,079,"Louisiana","Rapides Parish",1,41,1559,774,785
050,22,079,"Louisiana","Rapides Parish",1,42,1632,799,833
050,22,079,"Louisiana","Rapides Parish",1,43,1540,762,778
050,22,079,"Louisiana","Rapides Parish",1,44,1453,677,776
050,22,079,"Louisiana","Rapides Parish",1,45,1388,658,730
050,22,079,"Louisiana","Rapides Parish",1,46,1429,701,728
050,22,079,"Louisiana","Rapides Parish",1,47,1487,735,752
050,22,079,"Louisiana","Rapides Parish",1,48,1569,785,784
050,22,079,"Louisiana","Rapides Parish",1,49,1577,749,828
050,22,079,"Louisiana","Rapides Parish",1,50,1482,710,772
050,22,079,"Louisiana","Rapides Parish",1,51,1522,723,799
050,22,079,"Louisiana","Rapides Parish",1,52,1538,731,807
050,22,079,"Louisiana","Rapides Parish",1,53,1602,759,843
050,22,079,"Louisiana","Rapides Parish",1,54,1621,773,848
050,22,079,"Louisiana","Rapides Parish",1,55,1741,801,940
050,22,079,"Louisiana","Rapides Parish",1,56,1780,821,959
050,22,079,"Louisiana","Rapides Parish",1,57,1762,835,927
050,22,079,"Louisiana","Rapides Parish",1,58,1750,856,894
050,22,079,"Louisiana","Rapides Parish",1,59,1767,881,886
050,22,079,"Louisiana","Rapides Parish",1,60,1749,852,897
050,22,079,"Louisiana","Rapides Parish",1,61,1694,812,882
050,22,079,"Louisiana","Rapides Parish",1,62,1720,830,890
050,22,079,"Louisiana","Rapides Parish",1,63,1623,774,849
050,22,079,"Louisiana","Rapides Parish",1,64,1564,737,827
050,22,079,"Louisiana","Rapides Parish",1,65,1536,708,828
050,22,079,"Louisiana","Rapides Parish",1,66,1440,680,760
050,22,079,"Louisiana","Rapides Parish",1,67,1403,667,736
050,22,079,"Louisiana","Rapides Parish",1,68,1383,616,767
050,22,079,"Louisiana","Rapides Parish",1,69,1285,581,704
050,22,079,"Louisiana","Rapides Parish",1,70,1209,540,669
050,22,079,"Louisiana","Rapides Parish",1,71,1196,540,656
050,22,079,"Louisiana","Rapides Parish",1,72,1191,555,636
050,22,079,"Louisiana","Rapides Parish",1,73,1206,557,649
050,22,079,"Louisiana","Rapides Parish",1,74,856,379,477
050,22,079,"Louisiana","Rapides Parish",1,75,858,380,478
050,22,079,"Louisiana","Rapides Parish",1,76,878,384,494
050,22,079,"Louisiana","Rapides Parish",1,77,832,367,465
050,22,079,"Louisiana","Rapides Parish",1,78,711,316,395
050,22,079,"Louisiana","Rapides Parish",1,79,634,281,353
050,22,079,"Louisiana","Rapides Parish",1,80,636,248,388
050,22,079,"Louisiana","Rapides Parish",1,81,565,215,350
050,22,079,"Louisiana","Rapides Parish",1,82,503,205,298
050,22,079,"Louisiana","Rapides Parish",1,83,448,170,278
050,22,079,"Louisiana","Rapides Parish",1,84,417,167,250
050,22,079,"Louisiana","Rapides Parish",1,85,2161,753,1408
050,22,079,"Louisiana","Rapides Parish",2,0,1661,846,815
050,22,079,"Louisiana","Rapides Parish",2,1,1687,880,807
050,22,079,"Louisiana","Rapides Parish",2,2,1710,903,807
050,22,079,"Louisiana","Rapides Parish",2,3,1754,893,861
050,22,079,"Louisiana","Rapides Parish",2,4,1813,897,916
050,22,079,"Louisiana","Rapides Parish",2,5,1840,937,903
050,22,079,"Louisiana","Rapides Parish",2,6,1815,919,896
050,22,079,"Louisiana","Rapides Parish",2,7,1738,910,828
050,22,079,"Louisiana","Rapides Parish",2,8,1744,898,846
050,22,079,"Louisiana","Rapides Parish",2,9,1769,896,873
050,22,079,"Louisiana","Rapides Parish",2,10,1823,932,891
050,22,079,"Louisiana","Rapides Parish",2,11,1888,970,918
050,22,079,"Louisiana","Rapides Parish",2,12,1926,982,944
050,22,079,"Louisiana","Rapides Parish",2,13,1927,988,939
050,22,079,"Louisiana","Rapides Parish",2,14,1902,975,927
050,22,079,"Louisiana","Rapides Parish",2,15,1907,969,938
050,22,079,"Louisiana","Rapides Parish",2,16,1900,977,923
050,22,079,"Louisiana","Rapides Parish",2,17,1822,933,889
050,22,079,"Louisiana","Rapides Parish",2,18,1548,793,755
050,22,079,"Louisiana","Rapides Parish",2,19,1398,740,658
050,22,079,"Louisiana","Rapides Parish",2,20,1487,738,749
050,22,079,"Louisiana","Rapides Parish",2,21,1512,739,773
050,22,079,"Louisiana","Rapides Parish",2,22,1501,711,790
050,22,079,"Louisiana","Rapides Parish",2,23,1567,792,775
050,22,079,"Louisiana","Rapides Parish",2,24,1586,793,793
050,22,079,"Louisiana","Rapides Parish",2,25,1640,839,801
050,22,079,"Louisiana","Rapides Parish",2,26,1642,822,820
050,22,079,"Louisiana","Rapides Parish",2,27,1668,832,836
050,22,079,"Louisiana","Rapides Parish",2,28,1705,853,852
050,22,079,"Louisiana","Rapides Parish",2,29,1737,841,896
050,22,079,"Louisiana","Rapides Parish",2,30,1682,832,850
050,22,079,"Louisiana","Rapides Parish",2,31,1623,786,837
050,22,079,"Louisiana","Rapides Parish",2,32,1610,800,810
050,22,079,"Louisiana","Rapides Parish",2,33,1591,753,838
050,22,079,"Louisiana","Rapides Parish",2,34,1673,814,859
050,22,079,"Louisiana","Rapides Parish",2,35,1637,803,834
050,22,079,"Louisiana","Rapides Parish",2,36,1710,878,832
050,22,079,"Louisiana","Rapides Parish",2,37,1696,844,852
050,22,079,"Louisiana","Rapides Parish",2,38,1713,830,883
050,22,079,"Louisiana","Rapides Parish",2,39,1699,802,897
050,22,079,"Louisiana","Rapides Parish",2,40,1651,793,858
050,22,079,"Louisiana","Rapides Parish",2,41,1568,772,796
050,22,079,"Louisiana","Rapides Parish",2,42,1604,791,813
050,22,079,"Louisiana","Rapides Parish",2,43,1569,774,795
050,22,079,"Louisiana","Rapides Parish",2,44,1454,690,764
050,22,079,"Louisiana","Rapides Parish",2,45,1393,656,737
050,22,079,"Louisiana","Rapides Parish",2,46,1413,689,724
050,22,079,"Louisiana","Rapides Parish",2,47,1465,720,745
050,22,079,"Louisiana","Rapides Parish",2,48,1538,761,777
050,22,079,"Louisiana","Rapides Parish",2,49,1574,755,819
050,22,079,"Louisiana","Rapides Parish",2,50,1502,718,784
050,22,079,"Louisiana","Rapides Parish",2,51,1504,716,788
050,22,079,"Louisiana","Rapides Parish",2,52,1525,726,799
050,22,079,"Louisiana","Rapides Parish",2,53,1573,745,828
050,22,079,"Louisiana","Rapides Parish",2,54,1609,767,842
050,22,079,"Louisiana","Rapides Parish",2,55,1702,789,913
050,22,079,"Louisiana","Rapides Parish",2,56,1770,818,952
050,22,079,"Louisiana","Rapides Parish",2,57,1759,831,928
050,22,079,"Louisiana","Rapides Parish",2,58,1739,842,897
050,22,079,"Louisiana","Rapides Parish",2,59,1758,875,883
050,22,079,"Louisiana","Rapides Parish",2,60,1743,853,890
050,22,079,"Louisiana","Rapides Parish",2,61,1702,819,883
050,22,079,"Louisiana","Rapides Parish",2,62,1701,820,881
050,22,079,"Louisiana","Rapides Parish",2,63,1649,788,861
050,22,079,"Louisiana","Rapides Parish",2,64,1557,734,823
050,22,079,"Louisiana","Rapides Parish",2,65,1529,712,817
050,22,079,"Louisiana","Rapides Parish",2,66,1456,686,770
050,22,079,"Louisiana","Rapides Parish",2,67,1396,664,732
050,22,079,"Louisiana","Rapides Parish",2,68,1369,617,752
050,22,079,"Louisiana","Rapides Parish",2,69,1311,588,723
050,22,079,"Louisiana","Rapides Parish",2,70,1211,539,672
050,22,079,"Louisiana","Rapides Parish",2,71,1192,538,654
050,22,079,"Louisiana","Rapides Parish",2,72,1161,533,628
050,22,079,"Louisiana","Rapides Parish",2,73,1251,582,669
050,22,079,"Louisiana","Rapides Parish",2,74,882,395,487
050,22,079,"Louisiana","Rapides Parish",2,75,854,377,477
050,22,079,"Louisiana","Rapides Parish",2,76,858,377,481
050,22,079,"Louisiana","Rapides Parish",2,77,849,373,476
050,22,079,"Louisiana","Rapides Parish",2,78,711,315,396
050,22,079,"Louisiana","Rapides Parish",2,79,642,282,360
050,22,079,"Louisiana","Rapides Parish",2,80,627,249,378
050,22,079,"Louisiana","Rapides Parish",2,81,568,217,351
050,22,079,"Louisiana","Rapides Parish",2,82,512,205,307
050,22,079,"Louisiana","Rapides Parish",2,83,446,171,275
050,22,079,"Louisiana","Rapides Parish",2,84,412,164,248
050,22,079,"Louisiana","Rapides Parish",2,85,2141,752,1389
050,22,079,"Louisiana","Rapides Parish",3,0,1615,790,825
050,22,079,"Louisiana","Rapides Parish",3,1,1695,845,850
050,22,079,"Louisiana","Rapides Parish",3,2,1661,851,810
050,22,079,"Louisiana","Rapides Parish",3,3,1730,902,828
050,22,079,"Louisiana","Rapides Parish",3,4,1745,895,850
050,22,079,"Louisiana","Rapides Parish",3,5,1841,902,939
050,22,079,"Louisiana","Rapides Parish",3,6,1830,927,903
050,22,079,"Louisiana","Rapides Parish",3,7,1812,923,889
050,22,079,"Louisiana","Rapides Parish",3,8,1715,906,809
050,22,079,"Louisiana","Rapides Parish",3,9,1757,895,862
050,22,079,"Louisiana","Rapides Parish",3,10,1765,900,865
050,22,079,"Louisiana","Rapides Parish",3,11,1786,916,870
050,22,079,"Louisiana","Rapides Parish",3,12,1898,982,916
050,22,079,"Louisiana","Rapides Parish",3,13,1886,945,941
050,22,079,"Louisiana","Rapides Parish",3,14,1926,992,934
050,22,079,"Louisiana","Rapides Parish",3,15,1875,959,916
050,22,079,"Louisiana","Rapides Parish",3,16,1891,968,923
050,22,079,"Louisiana","Rapides Parish",3,17,1898,964,934
050,22,079,"Louisiana","Rapides Parish",3,18,1560,811,749
050,22,079,"Louisiana","Rapides Parish",3,19,1358,720,638
050,22,079,"Louisiana","Rapides Parish",3,20,1423,717,706
050,22,079,"Louisiana","Rapides Parish",3,21,1553,761,792
050,22,079,"Louisiana","Rapides Parish",3,22,1588,756,832
050,22,079,"Louisiana","Rapides Parish",3,23,1602,786,816
050,22,079,"Louisiana","Rapides Parish",3,24,1530,760,770
050,22,079,"Louisiana","Rapides Parish",3,25,1623,823,800
050,22,079,"Louisiana","Rapides Parish",3,26,1622,816,806
050,22,079,"Louisiana","Rapides Parish",3,27,1654,828,826
050,22,079,"Louisiana","Rapides Parish",3,28,1674,849,825
050,22,079,"Louisiana","Rapides Parish",3,29,1644,838,806
050,22,079,"Louisiana","Rapides Parish",3,30,1701,816,885
050,22,079,"Louisiana","Rapides Parish",3,31,1636,793,843
050,22,079,"Louisiana","Rapides Parish",3,32,1606,794,812
050,22,079,"Louisiana","Rapides Parish",3,33,1595,785,810
050,22,079,"Louisiana","Rapides Parish",3,34,1619,772,847
050,22,079,"Louisiana","Rapides Parish",3,35,1617,758,859
050,22,079,"Louisiana","Rapides Parish",3,36,1712,886,826
050,22,079,"Louisiana","Rapides Parish",3,37,1630,807,823
050,22,079,"Louisiana","Rapides Parish",3,38,1681,836,845
050,22,079,"Louisiana","Rapides Parish",3,39,1727,829,898
050,22,079,"Louisiana","Rapides Parish",3,40,1682,803,879
050,22,079,"Louisiana","Rapides Parish",3,41,1630,762,868
050,22,079,"Louisiana","Rapides Parish",3,42,1559,756,803
050,22,079,"Louisiana","Rapides Parish",3,43,1559,765,794
050,22,079,"Louisiana","Rapides Parish",3,44,1545,768,777
050,22,079,"Louisiana","Rapides Parish",3,45,1416,668,748
050,22,079,"Louisiana","Rapides Parish",3,46,1391,662,729
050,22,079,"Louisiana","Rapides Parish",3,47,1382,670,712
050,22,079,"Louisiana","Rapides Parish",3,48,1440,698,742
050,22,079,"Louisiana","Rapides Parish",3,49,1504,741,763
050,22,079,"Louisiana","Rapides Parish",3,50,1554,754,800
050,22,079,"Louisiana","Rapides Parish",3,51,1501,714,787
050,22,079,"Louisiana","Rapides Parish",3,52,1488,718,770
050,22,079,"Louisiana","Rapides Parish",3,53,1492,696,796
050,22,079,"Louisiana","Rapides Parish",3,54,1553,724,829
050,22,079,"Louisiana","Rapides Parish",3,55,1575,744,831
050,22,079,"Louisiana","Rapides Parish",3,56,1686,780,906
050,22,079,"Louisiana","Rapides Parish",3,57,1738,804,934
050,22,079,"Louisiana","Rapides Parish",3,58,1713,787,926
050,22,079,"Louisiana","Rapides Parish",3,59,1709,834,875
050,22,079,"Louisiana","Rapides Parish",3,60,1692,843,849
050,22,079,"Louisiana","Rapides Parish",3,61,1756,860,896
050,22,079,"Louisiana","Rapides Parish",3,62,1655,792,863
050,22,079,"Louisiana","Rapides Parish",3,63,1643,791,852
050,22,079,"Louisiana","Rapides Parish",3,64,1623,769,854
050,22,079,"Louisiana","Rapides Parish",3,65,1535,722,813
050,22,079,"Louisiana","Rapides Parish",3,66,1467,668,799
050,22,079,"Louisiana","Rapides Parish",3,67,1408,657,751
050,22,079,"Louisiana","Rapides Parish",3,68,1353,632,721
050,22,079,"Louisiana","Rapides Parish",3,69,1313,586,727
050,22,079,"Louisiana","Rapides Parish",3,70,1260,560,700
050,22,079,"Louisiana","Rapides Parish",3,71,1152,503,649
050,22,079,"Louisiana","Rapides Parish",3,72,1121,493,628
050,22,079,"Louisiana","Rapides Parish",3,73,1104,503,601
050,22,079,"Louisiana","Rapides Parish",3,74,1183,548,635
050,22,079,"Louisiana","Rapides Parish",3,75,831,369,462
050,22,079,"Louisiana","Rapides Parish",3,76,806,358,448
050,22,079,"Louisiana","Rapides Parish",3,77,810,354,456
050,22,079,"Louisiana","Rapides Parish",3,78,805,347,458
050,22,079,"Louisiana","Rapides Parish",3,79,662,294,368
050,22,079,"Louisiana","Rapides Parish",3,80,602,260,342
050,22,079,"Louisiana","Rapides Parish",3,81,580,230,350
050,22,079,"Louisiana","Rapides Parish",3,82,517,201,316
050,22,079,"Louisiana","Rapides Parish",3,83,471,176,295
050,22,079,"Louisiana","Rapides Parish",3,84,405,151,254
050,22,079,"Louisiana","Rapides Parish",3,85,2074,734,1340
050,22,079,"Louisiana","Rapides Parish",4,0,1655,837,818
050,22,079,"Louisiana","Rapides Parish",4,1,1562,764,798
050,22,079,"Louisiana","Rapides Parish",4,2,1671,843,828
050,22,079,"Louisiana","Rapides Parish",4,3,1639,848,791
050,22,079,"Louisiana","Rapides Parish",4,4,1707,881,826
050,22,079,"Louisiana","Rapides Parish",4,5,1734,892,842
050,22,079,"Louisiana","Rapides Parish",4,6,1808,885,923
050,22,079,"Louisiana","Rapides Parish",4,7,1795,897,898
050,22,079,"Louisiana","Rapides Parish",4,8,1809,906,903
050,22,079,"Louisiana","Rapides Parish",4,9,1708,896,812
050,22,079,"Louisiana","Rapides Parish",4,10,1711,877,834
050,22,079,"Louisiana","Rapides Parish",4,11,1774,909,865
050,22,079,"Louisiana","Rapides Parish",4,12,1778,906,872
050,22,079,"Louisiana","Rapides Parish",4,13,1867,953,914
050,22,079,"Louisiana","Rapides Parish",4,14,1906,968,938
050,22,079,"Louisiana","Rapides Parish",4,15,1907,981,926
050,22,079,"Louisiana","Rapides Parish",4,16,1872,960,912
050,22,079,"Louisiana","Rapides Parish",4,17,1904,967,937
050,22,079,"Louisiana","Rapides Parish",4,18,1614,837,777
050,22,079,"Louisiana","Rapides Parish",4,19,1323,723,600
050,22,079,"Louisiana","Rapides Parish",4,20,1343,686,657
050,22,079,"Louisiana","Rapides Parish",4,21,1476,752,724
050,22,079,"Louisiana","Rapides Parish",4,22,1592,761,831
050,22,079,"Louisiana","Rapides Parish",4,23,1639,823,816
050,22,079,"Louisiana","Rapides Parish",4,24,1517,732,785
050,22,079,"Louisiana","Rapides Parish",4,25,1533,799,734
050,22,079,"Louisiana","Rapides Parish",4,26,1551,771,780
050,22,079,"Louisiana","Rapides Parish",4,27,1568,793,775
050,22,079,"Louisiana","Rapides Parish",4,28,1622,823,799
050,22,079,"Louisiana","Rapides Parish",4,29,1614,822,792
050,22,079,"Louisiana","Rapides Parish",4,30,1574,807,767
050,22,079,"Louisiana","Rapides Parish",4,31,1689,788,901
050,22,079,"Louisiana","Rapides Parish",4,32,1654,819,835
050,22,079,"Louisiana","Rapides Parish",4,33,1570,753,817
050,22,079,"Louisiana","Rapides Parish",4,34,1580,794,786
050,22,079,"Louisiana","Rapides Parish",4,35,1541,721,820
050,22,079,"Louisiana","Rapides Parish",4,36,1691,847,844
050,22,079,"Louisiana","Rapides Parish",4,37,1615,789,826
050,22,079,"Louisiana","Rapides Parish",4,38,1626,822,804
050,22,079,"Louisiana","Rapides Parish",4,39,1666,828,838
050,22,079,"Louisiana","Rapides Parish",4,40,1690,812,878
050,22,079,"Louisiana","Rapides Parish",4,41,1657,783,874
050,22,079,"Louisiana","Rapides Parish",4,42,1617,761,856
050,22,079,"Louisiana","Rapides Parish",4,43,1534,730,804
050,22,079,"Louisiana","Rapides Parish",4,44,1541,749,792
050,22,079,"Louisiana","Rapides Parish",4,45,1490,732,758
050,22,079,"Louisiana","Rapides Parish",4,46,1404,668,736
050,22,079,"Louisiana","Rapides Parish",4,47,1374,650,724
050,22,079,"Louisiana","Rapides Parish",4,48,1348,646,702
050,22,079,"Louisiana","Rapides Parish",4,49,1434,689,745
050,22,079,"Louisiana","Rapides Parish",4,50,1480,724,756
050,22,079,"Louisiana","Rapides Parish",4,51,1551,756,795
050,22,079,"Louisiana","Rapides Parish",4,52,1449,699,750
050,22,079,"Louisiana","Rapides Parish",4,53,1464,695,769
050,22,079,"Louisiana","Rapides Parish",4,54,1471,682,789
050,22,079,"Louisiana","Rapides Parish",4,55,1534,708,826
050,22,079,"Louisiana","Rapides Parish",4,56,1553,721,832
050,22,079,"Louisiana","Rapides Parish",4,57,1669,772,897
050,22,079,"Louisiana","Rapides Parish",4,58,1688,762,926
050,22,079,"Louisiana","Rapides Parish",4,59,1701,793,908
050,22,079,"Louisiana","Rapides Parish",4,60,1655,803,852
050,22,079,"Louisiana","Rapides Parish",4,61,1672,826,846
050,22,079,"Louisiana","Rapides Parish",4,62,1713,835,878
050,22,079,"Louisiana","Rapides Parish",4,63,1612,769,843
050,22,079,"Louisiana","Rapides Parish",4,64,1602,772,830
050,22,079,"Louisiana","Rapides Parish",4,65,1597,749,848
050,22,079,"Louisiana","Rapides Parish",4,66,1470,688,782
050,22,079,"Louisiana","Rapides Parish",4,67,1424,644,780
050,22,079,"Louisiana","Rapides Parish",4,68,1372,633,739
050,22,079,"Louisiana","Rapides Parish",4,69,1307,613,694
050,22,079,"Louisiana","Rapides Parish",4,70,1264,551,713
050,22,079,"Louisiana","Rapides Parish",4,71,1213,534,679
050,22,079,"Louisiana","Rapides Parish",4,72,1095,472,623
050,22,079,"Louisiana","Rapides Parish",4,73,1088,478,610
050,22,079,"Louisiana","Rapides Parish",4,74,1043,477,566
050,22,079,"Louisiana","Rapides Parish",4,75,1114,506,608
050,22,079,"Louisiana","Rapides Parish",4,76,796,358,438
050,22,079,"Louisiana","Rapides Parish",4,77,769,348,421
050,22,079,"Louisiana","Rapides Parish",4,78,760,328,432
050,22,079,"Louisiana","Rapides Parish",4,79,756,321,435
050,22,079,"Louisiana","Rapides Parish",4,80,616,270,346
050,22,079,"Louisiana","Rapides Parish",4,81,544,229,315
050,22,079,"Louisiana","Rapides Parish",4,82,535,215,320
050,22,079,"Louisiana","Rapides Parish",4,83,478,186,292
050,22,079,"Louisiana","Rapides Parish",4,84,424,158,266
050,22,079,"Louisiana","Rapides Parish",4,85,2055,728,1327
050,22,079,"Louisiana","Rapides Parish",5,0,1614,822,792
050,22,079,"Louisiana","Rapides Parish",5,1,1661,828,833
050,22,079,"Louisiana","Rapides Parish",5,2,1567,765,802
050,22,079,"Louisiana","Rapides Parish",5,3,1632,820,812
050,22,079,"Louisiana","Rapides Parish",5,4,1617,824,793
050,22,079,"Louisiana","Rapides Parish",5,5,1695,892,803
050,22,079,"Louisiana","Rapides Parish",5,6,1737,887,850
050,22,079,"Louisiana","Rapides Parish",5,7,1811,906,905
050,22,079,"Louisiana","Rapides Parish",5,8,1792,885,907
050,22,079,"Louisiana","Rapides Parish",5,9,1796,898,898
050,22,079,"Louisiana","Rapides Parish",5,10,1713,907,806
050,22,079,"Louisiana","Rapides Parish",5,11,1722,883,839
050,22,079,"Louisiana","Rapides Parish",5,12,1785,930,855
050,22,079,"Louisiana","Rapides Parish",5,13,1789,902,887
050,22,079,"Louisiana","Rapides Parish",5,14,1881,967,914
050,22,079,"Louisiana","Rapides Parish",5,15,1898,953,945
050,22,079,"Louisiana","Rapides Parish",5,16,1925,987,938
050,22,079,"Louisiana","Rapides Parish",5,17,1865,963,902
050,22,079,"Louisiana","Rapides Parish",5,18,1597,827,770
050,22,079,"Louisiana","Rapides Parish",5,19,1380,738,642
050,22,079,"Louisiana","Rapides Parish",5,20,1372,703,669
050,22,079,"Louisiana","Rapides Parish",5,21,1425,734,691
050,22,079,"Louisiana","Rapides Parish",5,22,1546,759,787
050,22,079,"Louisiana","Rapides Parish",5,23,1661,821,840
050,22,079,"Louisiana","Rapides Parish",5,24,1597,789,808
050,22,079,"Louisiana","Rapides Parish",5,25,1521,768,753
050,22,079,"Louisiana","Rapides Parish",5,26,1469,746,723
050,22,079,"Louisiana","Rapides Parish",5,27,1550,772,778
050,22,079,"Louisiana","Rapides Parish",5,28,1551,795,756
050,22,079,"Louisiana","Rapides Parish",5,29,1564,793,771
050,22,079,"Louisiana","Rapides Parish",5,30,1570,794,776
050,22,079,"Louisiana","Rapides Parish",5,31,1603,806,797
050,22,079,"Louisiana","Rapides Parish",5,32,1680,803,877
050,22,079,"Louisiana","Rapides Parish",5,33,1608,775,833
050,22,079,"Louisiana","Rapides Parish",5,34,1558,744,814
050,22,079,"Louisiana","Rapides Parish",5,35,1524,746,778
050,22,079,"Louisiana","Rapides Parish",5,36,1611,788,823
050,22,079,"Louisiana","Rapides Parish",5,37,1600,758,842
050,22,079,"Louisiana","Rapides Parish",5,38,1648,814,834
050,22,079,"Louisiana","Rapides Parish",5,39,1598,808,790
050,22,079,"Louisiana","Rapides Parish",5,40,1644,825,819
050,22,079,"Louisiana","Rapides Parish",5,41,1651,786,865
050,22,079,"Louisiana","Rapides Parish",5,42,1651,787,864
050,22,079,"Louisiana","Rapides Parish",5,43,1598,750,848
050,22,079,"Louisiana","Rapides Parish",5,44,1529,730,799
050,22,079,"Louisiana","Rapides Parish",5,45,1465,709,756
050,22,079,"Louisiana","Rapides Parish",5,46,1482,744,738
050,22,079,"Louisiana","Rapides Parish",5,47,1384,654,730
050,22,079,"Louisiana","Rapides Parish",5,48,1333,619,714
050,22,079,"Louisiana","Rapides Parish",5,49,1341,630,711
050,22,079,"Louisiana","Rapides Parish",5,50,1385,661,724
050,22,079,"Louisiana","Rapides Parish",5,51,1496,732,764
050,22,079,"Louisiana","Rapides Parish",5,52,1520,748,772
050,22,079,"Louisiana","Rapides Parish",5,53,1431,690,741
050,22,079,"Louisiana","Rapides Parish",5,54,1424,678,746
050,22,079,"Louisiana","Rapides Parish",5,55,1453,670,783
050,22,079,"Louisiana","Rapides Parish",5,56,1508,690,818
050,22,079,"Louisiana","Rapides Parish",5,57,1546,724,822
050,22,079,"Louisiana","Rapides Parish",5,58,1625,742,883
050,22,079,"Louisiana","Rapides Parish",5,59,1682,752,930
050,22,079,"Louisiana","Rapides Parish",5,60,1658,763,895
050,22,079,"Louisiana","Rapides Parish",5,61,1660,805,855
050,22,079,"Louisiana","Rapides Parish",5,62,1637,815,822
050,22,079,"Louisiana","Rapides Parish",5,63,1675,810,865
050,22,079,"Louisiana","Rapides Parish",5,64,1571,740,831
050,22,079,"Louisiana","Rapides Parish",5,65,1582,766,816
050,22,079,"Louisiana","Rapides Parish",5,66,1552,712,840
050,22,079,"Louisiana","Rapides Parish",5,67,1441,675,766
050,22,079,"Louisiana","Rapides Parish",5,68,1397,626,771
050,22,079,"Louisiana","Rapides Parish",5,69,1349,625,724
050,22,079,"Louisiana","Rapides Parish",5,70,1265,587,678
050,22,079,"Louisiana","Rapides Parish",5,71,1228,532,696
050,22,079,"Louisiana","Rapides Parish",5,72,1160,500,660
050,22,079,"Louisiana","Rapides Parish",5,73,1064,458,606
050,22,079,"Louisiana","Rapides Parish",5,74,1044,459,585
050,22,079,"Louisiana","Rapides Parish",5,75,1006,457,549
050,22,079,"Louisiana","Rapides Parish",5,76,1070,488,582
050,22,079,"Louisiana","Rapides Parish",5,77,766,348,418
050,22,079,"Louisiana","Rapides Parish",5,78,723,323,400
050,22,079,"Louisiana","Rapides Parish",5,79,716,307,409
050,22,079,"Louisiana","Rapides Parish",5,80,701,295,406
050,22,079,"Louisiana","Rapides Parish",5,81,564,244,320
050,22,079,"Louisiana","Rapides Parish",5,82,506,218,288
050,22,079,"Louisiana","Rapides Parish",5,83,490,193,297
050,22,079,"Louisiana","Rapides Parish",5,84,444,169,275
050,22,079,"Louisiana","Rapides Parish",5,85,2110,737,1373
050,22,081,"Louisiana","Red River Parish",1,0,86,43,43
050,22,081,"Louisiana","Red River Parish",1,1,88,52,36
050,22,081,"Louisiana","Red River Parish",1,2,96,56,40
050,22,081,"Louisiana","Red River Parish",1,3,92,48,44
050,22,081,"Louisiana","Red River Parish",1,4,90,45,45
050,22,081,"Louisiana","Red River Parish",1,5,110,62,48
050,22,081,"Louisiana","Red River Parish",1,6,107,64,43
050,22,081,"Louisiana","Red River Parish",1,7,104,59,45
050,22,081,"Louisiana","Red River Parish",1,8,107,56,51
050,22,081,"Louisiana","Red River Parish",1,9,106,50,56
050,22,081,"Louisiana","Red River Parish",1,10,85,47,38
050,22,081,"Louisiana","Red River Parish",1,11,105,53,52
050,22,081,"Louisiana","Red River Parish",1,12,120,60,60
050,22,081,"Louisiana","Red River Parish",1,13,101,54,47
050,22,081,"Louisiana","Red River Parish",1,14,102,51,51
050,22,081,"Louisiana","Red River Parish",1,15,114,60,54
050,22,081,"Louisiana","Red River Parish",1,16,117,63,54
050,22,081,"Louisiana","Red River Parish",1,17,103,50,53
050,22,081,"Louisiana","Red River Parish",1,18,83,44,39
050,22,081,"Louisiana","Red River Parish",1,19,71,33,38
050,22,081,"Louisiana","Red River Parish",1,20,69,38,31
050,22,081,"Louisiana","Red River Parish",1,21,69,31,38
050,22,081,"Louisiana","Red River Parish",1,22,71,36,35
050,22,081,"Louisiana","Red River Parish",1,23,92,49,43
050,22,081,"Louisiana","Red River Parish",1,24,92,47,45
050,22,081,"Louisiana","Red River Parish",1,25,83,40,43
050,22,081,"Louisiana","Red River Parish",1,26,95,51,44
050,22,081,"Louisiana","Red River Parish",1,27,101,51,50
050,22,081,"Louisiana","Red River Parish",1,28,82,36,46
050,22,081,"Louisiana","Red River Parish",1,29,99,49,50
050,22,081,"Louisiana","Red River Parish",1,30,80,36,44
050,22,081,"Louisiana","Red River Parish",1,31,85,48,37
050,22,081,"Louisiana","Red River Parish",1,32,83,47,36
050,22,081,"Louisiana","Red River Parish",1,33,78,32,46
050,22,081,"Louisiana","Red River Parish",1,34,96,47,49
050,22,081,"Louisiana","Red River Parish",1,35,89,47,42
050,22,081,"Louisiana","Red River Parish",1,36,83,41,42
050,22,081,"Louisiana","Red River Parish",1,37,78,38,40
050,22,081,"Louisiana","Red River Parish",1,38,86,41,45
050,22,081,"Louisiana","Red River Parish",1,39,76,37,39
050,22,081,"Louisiana","Red River Parish",1,40,83,42,41
050,22,081,"Louisiana","Red River Parish",1,41,82,39,43
050,22,081,"Louisiana","Red River Parish",1,42,72,36,36
050,22,081,"Louisiana","Red River Parish",1,43,80,44,36
050,22,081,"Louisiana","Red River Parish",1,44,89,43,46
050,22,081,"Louisiana","Red River Parish",1,45,92,45,47
050,22,081,"Louisiana","Red River Parish",1,46,82,41,41
050,22,081,"Louisiana","Red River Parish",1,47,77,35,42
050,22,081,"Louisiana","Red River Parish",1,48,101,48,53
050,22,081,"Louisiana","Red River Parish",1,49,106,55,51
050,22,081,"Louisiana","Red River Parish",1,50,95,46,49
050,22,081,"Louisiana","Red River Parish",1,51,95,46,49
050,22,081,"Louisiana","Red River Parish",1,52,98,49,49
050,22,081,"Louisiana","Red River Parish",1,53,96,47,49
050,22,081,"Louisiana","Red River Parish",1,54,100,45,55
050,22,081,"Louisiana","Red River Parish",1,55,108,50,58
050,22,081,"Louisiana","Red River Parish",1,56,104,51,53
050,22,081,"Louisiana","Red River Parish",1,57,102,48,54
050,22,081,"Louisiana","Red River Parish",1,58,116,55,61
050,22,081,"Louisiana","Red River Parish",1,59,135,65,70
050,22,081,"Louisiana","Red River Parish",1,60,139,64,75
050,22,081,"Louisiana","Red River Parish",1,61,127,60,67
050,22,081,"Louisiana","Red River Parish",1,62,117,44,73
050,22,081,"Louisiana","Red River Parish",1,63,89,39,50
050,22,081,"Louisiana","Red River Parish",1,64,90,46,44
050,22,081,"Louisiana","Red River Parish",1,65,119,56,63
050,22,081,"Louisiana","Red River Parish",1,66,98,46,52
050,22,081,"Louisiana","Red River Parish",1,67,86,39,47
050,22,081,"Louisiana","Red River Parish",1,68,78,35,43
050,22,081,"Louisiana","Red River Parish",1,69,80,39,41
050,22,081,"Louisiana","Red River Parish",1,70,84,41,43
050,22,081,"Louisiana","Red River Parish",1,71,81,38,43
050,22,081,"Louisiana","Red River Parish",1,72,81,40,41
050,22,081,"Louisiana","Red River Parish",1,73,85,34,51
050,22,081,"Louisiana","Red River Parish",1,74,61,22,39
050,22,081,"Louisiana","Red River Parish",1,75,52,17,35
050,22,081,"Louisiana","Red River Parish",1,76,54,19,35
050,22,081,"Louisiana","Red River Parish",1,77,68,26,42
050,22,081,"Louisiana","Red River Parish",1,78,59,28,31
050,22,081,"Louisiana","Red River Parish",1,79,46,21,25
050,22,081,"Louisiana","Red River Parish",1,80,43,17,26
050,22,081,"Louisiana","Red River Parish",1,81,44,20,24
050,22,081,"Louisiana","Red River Parish",1,82,38,16,22
050,22,081,"Louisiana","Red River Parish",1,83,25,12,13
050,22,081,"Louisiana","Red River Parish",1,84,23,10,13
050,22,081,"Louisiana","Red River Parish",1,85,165,34,131
050,22,081,"Louisiana","Red River Parish",2,0,84,43,41
050,22,081,"Louisiana","Red River Parish",2,1,88,50,38
050,22,081,"Louisiana","Red River Parish",2,2,94,54,40
050,22,081,"Louisiana","Red River Parish",2,3,93,50,43
050,22,081,"Louisiana","Red River Parish",2,4,91,47,44
050,22,081,"Louisiana","Red River Parish",2,5,105,59,46
050,22,081,"Louisiana","Red River Parish",2,6,109,65,44
050,22,081,"Louisiana","Red River Parish",2,7,106,62,44
050,22,081,"Louisiana","Red River Parish",2,8,105,56,49
050,22,081,"Louisiana","Red River Parish",2,9,103,50,53
050,22,081,"Louisiana","Red River Parish",2,10,91,48,43
050,22,081,"Louisiana","Red River Parish",2,11,101,52,49
050,22,081,"Louisiana","Red River Parish",2,12,117,58,59
050,22,081,"Louisiana","Red River Parish",2,13,104,55,49
050,22,081,"Louisiana","Red River Parish",2,14,101,52,49
050,22,081,"Louisiana","Red River Parish",2,15,113,59,54
050,22,081,"Louisiana","Red River Parish",2,16,117,62,55
050,22,081,"Louisiana","Red River Parish",2,17,104,51,53
050,22,081,"Louisiana","Red River Parish",2,18,83,43,40
050,22,081,"Louisiana","Red River Parish",2,19,71,34,37
050,22,081,"Louisiana","Red River Parish",2,20,69,36,33
050,22,081,"Louisiana","Red River Parish",2,21,68,32,36
050,22,081,"Louisiana","Red River Parish",2,22,73,36,37
050,22,081,"Louisiana","Red River Parish",2,23,90,48,42
050,22,081,"Louisiana","Red River Parish",2,24,90,46,44
050,22,081,"Louisiana","Red River Parish",2,25,84,41,43
050,22,081,"Louisiana","Red River Parish",2,26,93,48,45
050,22,081,"Louisiana","Red River Parish",2,27,99,50,49
050,22,081,"Louisiana","Red River Parish",2,28,85,39,46
050,22,081,"Louisiana","Red River Parish",2,29,94,47,47
050,22,081,"Louisiana","Red River Parish",2,30,83,39,44
050,22,081,"Louisiana","Red River Parish",2,31,85,47,38
050,22,081,"Louisiana","Red River Parish",2,32,82,46,36
050,22,081,"Louisiana","Red River Parish",2,33,80,37,43
050,22,081,"Louisiana","Red River Parish",2,34,94,45,49
050,22,081,"Louisiana","Red River Parish",2,35,91,47,44
050,22,081,"Louisiana","Red River Parish",2,36,83,42,41
050,22,081,"Louisiana","Red River Parish",2,37,80,39,41
050,22,081,"Louisiana","Red River Parish",2,38,85,40,45
050,22,081,"Louisiana","Red River Parish",2,39,78,39,39
050,22,081,"Louisiana","Red River Parish",2,40,81,40,41
050,22,081,"Louisiana","Red River Parish",2,41,83,39,44
050,22,081,"Louisiana","Red River Parish",2,42,72,35,37
050,22,081,"Louisiana","Red River Parish",2,43,78,42,36
050,22,081,"Louisiana","Red River Parish",2,44,87,43,44
050,22,081,"Louisiana","Red River Parish",2,45,92,45,47
050,22,081,"Louisiana","Red River Parish",2,46,83,41,42
050,22,081,"Louisiana","Red River Parish",2,47,78,36,42
050,22,081,"Louisiana","Red River Parish",2,48,93,43,50
050,22,081,"Louisiana","Red River Parish",2,49,105,54,51
050,22,081,"Louisiana","Red River Parish",2,50,97,48,49
050,22,081,"Louisiana","Red River Parish",2,51,94,46,48
050,22,081,"Louisiana","Red River Parish",2,52,97,48,49
050,22,081,"Louisiana","Red River Parish",2,53,97,48,49
050,22,081,"Louisiana","Red River Parish",2,54,98,44,54
050,22,081,"Louisiana","Red River Parish",2,55,106,50,56
050,22,081,"Louisiana","Red River Parish",2,56,103,50,53
050,22,081,"Louisiana","Red River Parish",2,57,104,49,55
050,22,081,"Louisiana","Red River Parish",2,58,113,53,60
050,22,081,"Louisiana","Red River Parish",2,59,129,63,66
050,22,081,"Louisiana","Red River Parish",2,60,135,65,70
050,22,081,"Louisiana","Red River Parish",2,61,129,61,68
050,22,081,"Louisiana","Red River Parish",2,62,116,45,71
050,22,081,"Louisiana","Red River Parish",2,63,98,41,57
050,22,081,"Louisiana","Red River Parish",2,64,87,43,44
050,22,081,"Louisiana","Red River Parish",2,65,113,55,58
050,22,081,"Louisiana","Red River Parish",2,66,102,48,54
050,22,081,"Louisiana","Red River Parish",2,67,87,39,48
050,22,081,"Louisiana","Red River Parish",2,68,80,36,44
050,22,081,"Louisiana","Red River Parish",2,69,79,38,41
050,22,081,"Louisiana","Red River Parish",2,70,82,40,42
050,22,081,"Louisiana","Red River Parish",2,71,82,38,44
050,22,081,"Louisiana","Red River Parish",2,72,77,38,39
050,22,081,"Louisiana","Red River Parish",2,73,87,38,49
050,22,081,"Louisiana","Red River Parish",2,74,62,23,39
050,22,081,"Louisiana","Red River Parish",2,75,53,18,35
050,22,081,"Louisiana","Red River Parish",2,76,52,18,34
050,22,081,"Louisiana","Red River Parish",2,77,66,25,41
050,22,081,"Louisiana","Red River Parish",2,78,58,26,32
050,22,081,"Louisiana","Red River Parish",2,79,46,19,27
050,22,081,"Louisiana","Red River Parish",2,80,43,17,26
050,22,081,"Louisiana","Red River Parish",2,81,44,20,24
050,22,081,"Louisiana","Red River Parish",2,82,39,16,23
050,22,081,"Louisiana","Red River Parish",2,83,27,12,15
050,22,081,"Louisiana","Red River Parish",2,84,24,11,13
050,22,081,"Louisiana","Red River Parish",2,85,158,33,125
050,22,081,"Louisiana","Red River Parish",3,0,96,54,42
050,22,081,"Louisiana","Red River Parish",3,1,86,40,46
050,22,081,"Louisiana","Red River Parish",3,2,88,51,37
050,22,081,"Louisiana","Red River Parish",3,3,90,53,37
050,22,081,"Louisiana","Red River Parish",3,4,93,54,39
050,22,081,"Louisiana","Red River Parish",3,5,90,50,40
050,22,081,"Louisiana","Red River Parish",3,6,105,59,46
050,22,081,"Louisiana","Red River Parish",3,7,109,60,49
050,22,081,"Louisiana","Red River Parish",3,8,105,61,44
050,22,081,"Louisiana","Red River Parish",3,9,110,57,53
050,22,081,"Louisiana","Red River Parish",3,10,104,54,50
050,22,081,"Louisiana","Red River Parish",3,11,93,50,43
050,22,081,"Louisiana","Red River Parish",3,12,97,49,48
050,22,081,"Louisiana","Red River Parish",3,13,108,51,57
050,22,081,"Louisiana","Red River Parish",3,14,102,56,46
050,22,081,"Louisiana","Red River Parish",3,15,99,48,51
050,22,081,"Louisiana","Red River Parish",3,16,104,56,48
050,22,081,"Louisiana","Red River Parish",3,17,110,56,54
050,22,081,"Louisiana","Red River Parish",3,18,83,44,39
050,22,081,"Louisiana","Red River Parish",3,19,78,38,40
050,22,081,"Louisiana","Red River Parish",3,20,78,33,45
050,22,081,"Louisiana","Red River Parish",3,21,63,35,28
050,22,081,"Louisiana","Red River Parish",3,22,79,42,37
050,22,081,"Louisiana","Red River Parish",3,23,92,38,54
050,22,081,"Louisiana","Red River Parish",3,24,85,48,37
050,22,081,"Louisiana","Red River Parish",3,25,85,44,41
050,22,081,"Louisiana","Red River Parish",3,26,77,39,38
050,22,081,"Louisiana","Red River Parish",3,27,93,53,40
050,22,081,"Louisiana","Red River Parish",3,28,93,49,44
050,22,081,"Louisiana","Red River Parish",3,29,87,42,45
050,22,081,"Louisiana","Red River Parish",3,30,96,46,50
050,22,081,"Louisiana","Red River Parish",3,31,86,42,44
050,22,081,"Louisiana","Red River Parish",3,32,83,47,36
050,22,081,"Louisiana","Red River Parish",3,33,86,48,38
050,22,081,"Louisiana","Red River Parish",3,34,76,34,42
050,22,081,"Louisiana","Red River Parish",3,35,92,40,52
050,22,081,"Louisiana","Red River Parish",3,36,93,48,45
050,22,081,"Louisiana","Red River Parish",3,37,85,42,43
050,22,081,"Louisiana","Red River Parish",3,38,76,35,41
050,22,081,"Louisiana","Red River Parish",3,39,87,42,45
050,22,081,"Louisiana","Red River Parish",3,40,74,40,34
050,22,081,"Louisiana","Red River Parish",3,41,87,43,44
050,22,081,"Louisiana","Red River Parish",3,42,81,37,44
050,22,081,"Louisiana","Red River Parish",3,43,73,37,36
050,22,081,"Louisiana","Red River Parish",3,44,83,42,41
050,22,081,"Louisiana","Red River Parish",3,45,84,41,43
050,22,081,"Louisiana","Red River Parish",3,46,94,42,52
050,22,081,"Louisiana","Red River Parish",3,47,84,39,45
050,22,081,"Louisiana","Red River Parish",3,48,76,38,38
050,22,081,"Louisiana","Red River Parish",3,49,94,42,52
050,22,081,"Louisiana","Red River Parish",3,50,105,54,51
050,22,081,"Louisiana","Red River Parish",3,51,98,51,47
050,22,081,"Louisiana","Red River Parish",3,52,96,44,52
050,22,081,"Louisiana","Red River Parish",3,53,94,45,49
050,22,081,"Louisiana","Red River Parish",3,54,105,53,52
050,22,081,"Louisiana","Red River Parish",3,55,90,43,47
050,22,081,"Louisiana","Red River Parish",3,56,101,46,55
050,22,081,"Louisiana","Red River Parish",3,57,98,45,53
050,22,081,"Louisiana","Red River Parish",3,58,108,45,63
050,22,081,"Louisiana","Red River Parish",3,59,113,56,57
050,22,081,"Louisiana","Red River Parish",3,60,120,62,58
050,22,081,"Louisiana","Red River Parish",3,61,134,67,67
050,22,081,"Louisiana","Red River Parish",3,62,122,51,71
050,22,081,"Louisiana","Red River Parish",3,63,105,43,62
050,22,081,"Louisiana","Red River Parish",3,64,96,41,55
050,22,081,"Louisiana","Red River Parish",3,65,85,44,41
050,22,081,"Louisiana","Red River Parish",3,66,109,52,57
050,22,081,"Louisiana","Red River Parish",3,67,104,47,57
050,22,081,"Louisiana","Red River Parish",3,68,84,39,45
050,22,081,"Louisiana","Red River Parish",3,69,71,30,41
050,22,081,"Louisiana","Red River Parish",3,70,79,37,42
050,22,081,"Louisiana","Red River Parish",3,71,83,37,46
050,22,081,"Louisiana","Red River Parish",3,72,78,38,40
050,22,081,"Louisiana","Red River Parish",3,73,81,39,42
050,22,081,"Louisiana","Red River Parish",3,74,81,37,44
050,22,081,"Louisiana","Red River Parish",3,75,55,22,33
050,22,081,"Louisiana","Red River Parish",3,76,49,16,33
050,22,081,"Louisiana","Red River Parish",3,77,46,15,31
050,22,081,"Louisiana","Red River Parish",3,78,61,25,36
050,22,081,"Louisiana","Red River Parish",3,79,56,25,31
050,22,081,"Louisiana","Red River Parish",3,80,40,15,25
050,22,081,"Louisiana","Red River Parish",3,81,43,19,24
050,22,081,"Louisiana","Red River Parish",3,82,39,15,24
050,22,081,"Louisiana","Red River Parish",3,83,33,11,22
050,22,081,"Louisiana","Red River Parish",3,84,30,13,17
050,22,081,"Louisiana","Red River Parish",3,85,141,32,109
050,22,081,"Louisiana","Red River Parish",4,0,94,56,38
050,22,081,"Louisiana","Red River Parish",4,1,103,58,45
050,22,081,"Louisiana","Red River Parish",4,2,95,47,48
050,22,081,"Louisiana","Red River Parish",4,3,87,50,37
050,22,081,"Louisiana","Red River Parish",4,4,92,53,39
050,22,081,"Louisiana","Red River Parish",4,5,91,50,41
050,22,081,"Louisiana","Red River Parish",4,6,90,51,39
050,22,081,"Louisiana","Red River Parish",4,7,100,57,43
050,22,081,"Louisiana","Red River Parish",4,8,109,60,49
050,22,081,"Louisiana","Red River Parish",4,9,101,60,41
050,22,081,"Louisiana","Red River Parish",4,10,107,52,55
050,22,081,"Louisiana","Red River Parish",4,11,105,56,49
050,22,081,"Louisiana","Red River Parish",4,12,91,48,43
050,22,081,"Louisiana","Red River Parish",4,13,92,45,47
050,22,081,"Louisiana","Red River Parish",4,14,110,55,55
050,22,081,"Louisiana","Red River Parish",4,15,102,56,46
050,22,081,"Louisiana","Red River Parish",4,16,98,51,47
050,22,081,"Louisiana","Red River Parish",4,17,98,54,44
050,22,081,"Louisiana","Red River Parish",4,18,86,46,40
050,22,081,"Louisiana","Red River Parish",4,19,72,37,35
050,22,081,"Louisiana","Red River Parish",4,20,84,42,42
050,22,081,"Louisiana","Red River Parish",4,21,76,31,45
050,22,081,"Louisiana","Red River Parish",4,22,70,42,28
050,22,081,"Louisiana","Red River Parish",4,23,77,43,34
050,22,081,"Louisiana","Red River Parish",4,24,92,40,52
050,22,081,"Louisiana","Red River Parish",4,25,83,47,36
050,22,081,"Louisiana","Red River Parish",4,26,84,45,39
050,22,081,"Louisiana","Red River Parish",4,27,80,42,38
050,22,081,"Louisiana","Red River Parish",4,28,94,48,46
050,22,081,"Louisiana","Red River Parish",4,29,100,56,44
050,22,081,"Louisiana","Red River Parish",4,30,88,43,45
050,22,081,"Louisiana","Red River Parish",4,31,98,45,53
050,22,081,"Louisiana","Red River Parish",4,32,89,44,45
050,22,081,"Louisiana","Red River Parish",4,33,85,51,34
050,22,081,"Louisiana","Red River Parish",4,34,86,46,40
050,22,081,"Louisiana","Red River Parish",4,35,76,38,38
050,22,081,"Louisiana","Red River Parish",4,36,87,38,49
050,22,081,"Louisiana","Red River Parish",4,37,86,42,44
050,22,081,"Louisiana","Red River Parish",4,38,85,43,42
050,22,081,"Louisiana","Red River Parish",4,39,80,38,42
050,22,081,"Louisiana","Red River Parish",4,40,88,38,50
050,22,081,"Louisiana","Red River Parish",4,41,81,46,35
050,22,081,"Louisiana","Red River Parish",4,42,82,39,43
050,22,081,"Louisiana","Red River Parish",4,43,91,42,49
050,22,081,"Louisiana","Red River Parish",4,44,69,35,34
050,22,081,"Louisiana","Red River Parish",4,45,85,43,42
050,22,081,"Louisiana","Red River Parish",4,46,79,37,42
050,22,081,"Louisiana","Red River Parish",4,47,96,43,53
050,22,081,"Louisiana","Red River Parish",4,48,78,38,40
050,22,081,"Louisiana","Red River Parish",4,49,72,36,36
050,22,081,"Louisiana","Red River Parish",4,50,91,41,50
050,22,081,"Louisiana","Red River Parish",4,51,110,57,53
050,22,081,"Louisiana","Red River Parish",4,52,96,50,46
050,22,081,"Louisiana","Red River Parish",4,53,92,42,50
050,22,081,"Louisiana","Red River Parish",4,54,99,51,48
050,22,081,"Louisiana","Red River Parish",4,55,100,50,50
050,22,081,"Louisiana","Red River Parish",4,56,85,40,45
050,22,081,"Louisiana","Red River Parish",4,57,101,44,57
050,22,081,"Louisiana","Red River Parish",4,58,101,47,54
050,22,081,"Louisiana","Red River Parish",4,59,105,44,61
050,22,081,"Louisiana","Red River Parish",4,60,113,52,61
050,22,081,"Louisiana","Red River Parish",4,61,121,65,56
050,22,081,"Louisiana","Red River Parish",4,62,125,62,63
050,22,081,"Louisiana","Red River Parish",4,63,116,49,67
050,22,081,"Louisiana","Red River Parish",4,64,102,46,56
050,22,081,"Louisiana","Red River Parish",4,65,95,41,54
050,22,081,"Louisiana","Red River Parish",4,66,85,44,41
050,22,081,"Louisiana","Red River Parish",4,67,107,50,57
050,22,081,"Louisiana","Red River Parish",4,68,106,49,57
050,22,081,"Louisiana","Red River Parish",4,69,81,33,48
050,22,081,"Louisiana","Red River Parish",4,70,69,30,39
050,22,081,"Louisiana","Red River Parish",4,71,79,33,46
050,22,081,"Louisiana","Red River Parish",4,72,80,36,44
050,22,081,"Louisiana","Red River Parish",4,73,82,38,44
050,22,081,"Louisiana","Red River Parish",4,74,71,36,35
050,22,081,"Louisiana","Red River Parish",4,75,72,33,39
050,22,081,"Louisiana","Red River Parish",4,76,53,20,33
050,22,081,"Louisiana","Red River Parish",4,77,47,16,31
050,22,081,"Louisiana","Red River Parish",4,78,45,14,31
050,22,081,"Louisiana","Red River Parish",4,79,57,25,32
050,22,081,"Louisiana","Red River Parish",4,80,48,21,27
050,22,081,"Louisiana","Red River Parish",4,81,40,19,21
050,22,081,"Louisiana","Red River Parish",4,82,36,13,23
050,22,081,"Louisiana","Red River Parish",4,83,36,14,22
050,22,081,"Louisiana","Red River Parish",4,84,32,11,21
050,22,081,"Louisiana","Red River Parish",4,85,143,40,103
050,22,081,"Louisiana","Red River Parish",5,0,92,55,37
050,22,081,"Louisiana","Red River Parish",5,1,96,60,36
050,22,081,"Louisiana","Red River Parish",5,2,97,51,46
050,22,081,"Louisiana","Red River Parish",5,3,98,49,49
050,22,081,"Louisiana","Red River Parish",5,4,74,45,29
050,22,081,"Louisiana","Red River Parish",5,5,82,50,32
050,22,081,"Louisiana","Red River Parish",5,6,88,49,39
050,22,081,"Louisiana","Red River Parish",5,7,90,51,39
050,22,081,"Louisiana","Red River Parish",5,8,94,55,39
050,22,081,"Louisiana","Red River Parish",5,9,108,58,50
050,22,081,"Louisiana","Red River Parish",5,10,98,55,43
050,22,081,"Louisiana","Red River Parish",5,11,108,57,51
050,22,081,"Louisiana","Red River Parish",5,12,91,49,42
050,22,081,"Louisiana","Red River Parish",5,13,86,44,42
050,22,081,"Louisiana","Red River Parish",5,14,92,49,43
050,22,081,"Louisiana","Red River Parish",5,15,114,57,57
050,22,081,"Louisiana","Red River Parish",5,16,101,53,48
050,22,081,"Louisiana","Red River Parish",5,17,102,52,50
050,22,081,"Louisiana","Red River Parish",5,18,83,48,35
050,22,081,"Louisiana","Red River Parish",5,19,74,38,36
050,22,081,"Louisiana","Red River Parish",5,20,79,43,36
050,22,081,"Louisiana","Red River Parish",5,21,84,40,44
050,22,081,"Louisiana","Red River Parish",5,22,81,34,47
050,22,081,"Louisiana","Red River Parish",5,23,73,41,32
050,22,081,"Louisiana","Red River Parish",5,24,74,42,32
050,22,081,"Louisiana","Red River Parish",5,25,91,40,51
050,22,081,"Louisiana","Red River Parish",5,26,77,45,32
050,22,081,"Louisiana","Red River Parish",5,27,89,48,41
050,22,081,"Louisiana","Red River Parish",5,28,79,39,40
050,22,081,"Louisiana","Red River Parish",5,29,95,52,43
050,22,081,"Louisiana","Red River Parish",5,30,102,57,45
050,22,081,"Louisiana","Red River Parish",5,31,88,45,43
050,22,081,"Louisiana","Red River Parish",5,32,101,50,51
050,22,081,"Louisiana","Red River Parish",5,33,84,44,40
050,22,081,"Louisiana","Red River Parish",5,34,79,45,34
050,22,081,"Louisiana","Red River Parish",5,35,86,48,38
050,22,081,"Louisiana","Red River Parish",5,36,72,34,38
050,22,081,"Louisiana","Red River Parish",5,37,85,37,48
050,22,081,"Louisiana","Red River Parish",5,38,80,38,42
050,22,081,"Louisiana","Red River Parish",5,39,86,43,43
050,22,081,"Louisiana","Red River Parish",5,40,81,40,41
050,22,081,"Louisiana","Red River Parish",5,41,87,38,49
050,22,081,"Louisiana","Red River Parish",5,42,74,42,32
050,22,081,"Louisiana","Red River Parish",5,43,81,40,41
050,22,081,"Louisiana","Red River Parish",5,44,91,44,47
050,22,081,"Louisiana","Red River Parish",5,45,65,31,34
050,22,081,"Louisiana","Red River Parish",5,46,83,44,39
050,22,081,"Louisiana","Red River Parish",5,47,82,38,44
050,22,081,"Louisiana","Red River Parish",5,48,90,37,53
050,22,081,"Louisiana","Red River Parish",5,49,80,39,41
050,22,081,"Louisiana","Red River Parish",5,50,76,37,39
050,22,081,"Louisiana","Red River Parish",5,51,92,42,50
050,22,081,"Louisiana","Red River Parish",5,52,104,54,50
050,22,081,"Louisiana","Red River Parish",5,53,92,45,47
050,22,081,"Louisiana","Red River Parish",5,54,95,44,51
050,22,081,"Louisiana","Red River Parish",5,55,98,49,49
050,22,081,"Louisiana","Red River Parish",5,56,100,48,52
050,22,081,"Louisiana","Red River Parish",5,57,83,39,44
050,22,081,"Louisiana","Red River Parish",5,58,105,44,61
050,22,081,"Louisiana","Red River Parish",5,59,96,45,51
050,22,081,"Louisiana","Red River Parish",5,60,102,42,60
050,22,081,"Louisiana","Red River Parish",5,61,122,58,64
050,22,081,"Louisiana","Red River Parish",5,62,109,56,53
050,22,081,"Louisiana","Red River Parish",5,63,122,60,62
050,22,081,"Louisiana","Red River Parish",5,64,119,53,66
050,22,081,"Louisiana","Red River Parish",5,65,104,48,56
050,22,081,"Louisiana","Red River Parish",5,66,97,42,55
050,22,081,"Louisiana","Red River Parish",5,67,75,38,37
050,22,081,"Louisiana","Red River Parish",5,68,108,52,56
050,22,081,"Louisiana","Red River Parish",5,69,99,44,55
050,22,081,"Louisiana","Red River Parish",5,70,76,29,47
050,22,081,"Louisiana","Red River Parish",5,71,68,27,41
050,22,081,"Louisiana","Red River Parish",5,72,72,32,40
050,22,081,"Louisiana","Red River Parish",5,73,82,36,46
050,22,081,"Louisiana","Red River Parish",5,74,72,35,37
050,22,081,"Louisiana","Red River Parish",5,75,61,32,29
050,22,081,"Louisiana","Red River Parish",5,76,68,30,38
050,22,081,"Louisiana","Red River Parish",5,77,51,18,33
050,22,081,"Louisiana","Red River Parish",5,78,46,16,30
050,22,081,"Louisiana","Red River Parish",5,79,40,12,28
050,22,081,"Louisiana","Red River Parish",5,80,50,21,29
050,22,081,"Louisiana","Red River Parish",5,81,51,25,26
050,22,081,"Louisiana","Red River Parish",5,82,36,15,21
050,22,081,"Louisiana","Red River Parish",5,83,35,12,23
050,22,081,"Louisiana","Red River Parish",5,84,36,14,22
050,22,081,"Louisiana","Red River Parish",5,85,147,44,103
050,22,083,"Louisiana","Richland Parish",1,0,274,140,134
050,22,083,"Louisiana","Richland Parish",1,1,274,139,135
050,22,083,"Louisiana","Richland Parish",1,2,273,145,128
050,22,083,"Louisiana","Richland Parish",1,3,242,113,129
050,22,083,"Louisiana","Richland Parish",1,4,258,136,122
050,22,083,"Louisiana","Richland Parish",1,5,246,135,111
050,22,083,"Louisiana","Richland Parish",1,6,274,151,123
050,22,083,"Louisiana","Richland Parish",1,7,265,146,119
050,22,083,"Louisiana","Richland Parish",1,8,249,131,118
050,22,083,"Louisiana","Richland Parish",1,9,254,136,118
050,22,083,"Louisiana","Richland Parish",1,10,261,132,129
050,22,083,"Louisiana","Richland Parish",1,11,262,138,124
050,22,083,"Louisiana","Richland Parish",1,12,273,147,126
050,22,083,"Louisiana","Richland Parish",1,13,286,159,127
050,22,083,"Louisiana","Richland Parish",1,14,284,148,136
050,22,083,"Louisiana","Richland Parish",1,15,261,129,132
050,22,083,"Louisiana","Richland Parish",1,16,267,142,125
050,22,083,"Louisiana","Richland Parish",1,17,267,141,126
050,22,083,"Louisiana","Richland Parish",1,18,250,127,123
050,22,083,"Louisiana","Richland Parish",1,19,206,99,107
050,22,083,"Louisiana","Richland Parish",1,20,238,124,114
050,22,083,"Louisiana","Richland Parish",1,21,237,130,107
050,22,083,"Louisiana","Richland Parish",1,22,219,106,113
050,22,083,"Louisiana","Richland Parish",1,23,241,119,122
050,22,083,"Louisiana","Richland Parish",1,24,226,125,101
050,22,083,"Louisiana","Richland Parish",1,25,249,132,117
050,22,083,"Louisiana","Richland Parish",1,26,259,150,109
050,22,083,"Louisiana","Richland Parish",1,27,273,132,141
050,22,083,"Louisiana","Richland Parish",1,28,284,140,144
050,22,083,"Louisiana","Richland Parish",1,29,275,131,144
050,22,083,"Louisiana","Richland Parish",1,30,265,136,129
050,22,083,"Louisiana","Richland Parish",1,31,253,122,131
050,22,083,"Louisiana","Richland Parish",1,32,255,133,122
050,22,083,"Louisiana","Richland Parish",1,33,242,121,121
050,22,083,"Louisiana","Richland Parish",1,34,241,121,120
050,22,083,"Louisiana","Richland Parish",1,35,237,122,115
050,22,083,"Louisiana","Richland Parish",1,36,244,118,126
050,22,083,"Louisiana","Richland Parish",1,37,236,110,126
050,22,083,"Louisiana","Richland Parish",1,38,249,105,144
050,22,083,"Louisiana","Richland Parish",1,39,260,121,139
050,22,083,"Louisiana","Richland Parish",1,40,260,126,134
050,22,083,"Louisiana","Richland Parish",1,41,254,127,127
050,22,083,"Louisiana","Richland Parish",1,42,270,130,140
050,22,083,"Louisiana","Richland Parish",1,43,247,116,131
050,22,083,"Louisiana","Richland Parish",1,44,245,131,114
050,22,083,"Louisiana","Richland Parish",1,45,231,111,120
050,22,083,"Louisiana","Richland Parish",1,46,203,95,108
050,22,083,"Louisiana","Richland Parish",1,47,218,105,113
050,22,083,"Louisiana","Richland Parish",1,48,217,102,115
050,22,083,"Louisiana","Richland Parish",1,49,220,108,112
050,22,083,"Louisiana","Richland Parish",1,50,230,106,124
050,22,083,"Louisiana","Richland Parish",1,51,221,111,110
050,22,083,"Louisiana","Richland Parish",1,52,219,109,110
050,22,083,"Louisiana","Richland Parish",1,53,246,118,128
050,22,083,"Louisiana","Richland Parish",1,54,256,122,134
050,22,083,"Louisiana","Richland Parish",1,55,261,124,137
050,22,083,"Louisiana","Richland Parish",1,56,258,117,141
050,22,083,"Louisiana","Richland Parish",1,57,258,114,144
050,22,083,"Louisiana","Richland Parish",1,58,265,122,143
050,22,083,"Louisiana","Richland Parish",1,59,276,138,138
050,22,083,"Louisiana","Richland Parish",1,60,282,137,145
050,22,083,"Louisiana","Richland Parish",1,61,276,127,149
050,22,083,"Louisiana","Richland Parish",1,62,301,144,157
050,22,083,"Louisiana","Richland Parish",1,63,292,140,152
050,22,083,"Louisiana","Richland Parish",1,64,260,121,139
050,22,083,"Louisiana","Richland Parish",1,65,256,121,135
050,22,083,"Louisiana","Richland Parish",1,66,242,102,140
050,22,083,"Louisiana","Richland Parish",1,67,221,102,119
050,22,083,"Louisiana","Richland Parish",1,68,247,126,121
050,22,083,"Louisiana","Richland Parish",1,69,227,115,112
050,22,083,"Louisiana","Richland Parish",1,70,215,106,109
050,22,083,"Louisiana","Richland Parish",1,71,213,97,116
050,22,083,"Louisiana","Richland Parish",1,72,211,107,104
050,22,083,"Louisiana","Richland Parish",1,73,212,112,100
050,22,083,"Louisiana","Richland Parish",1,74,120,59,61
050,22,083,"Louisiana","Richland Parish",1,75,129,64,65
050,22,083,"Louisiana","Richland Parish",1,76,145,64,81
050,22,083,"Louisiana","Richland Parish",1,77,138,60,78
050,22,083,"Louisiana","Richland Parish",1,78,118,46,72
050,22,083,"Louisiana","Richland Parish",1,79,109,52,57
050,22,083,"Louisiana","Richland Parish",1,80,100,47,53
050,22,083,"Louisiana","Richland Parish",1,81,79,33,46
050,22,083,"Louisiana","Richland Parish",1,82,88,32,56
050,22,083,"Louisiana","Richland Parish",1,83,77,29,48
050,22,083,"Louisiana","Richland Parish",1,84,69,25,44
050,22,083,"Louisiana","Richland Parish",1,85,350,117,233
050,22,083,"Louisiana","Richland Parish",2,0,273,135,138
050,22,083,"Louisiana","Richland Parish",2,1,274,140,134
050,22,083,"Louisiana","Richland Parish",2,2,274,141,133
050,22,083,"Louisiana","Richland Parish",2,3,250,120,130
050,22,083,"Louisiana","Richland Parish",2,4,256,131,125
050,22,083,"Louisiana","Richland Parish",2,5,249,136,113
050,22,083,"Louisiana","Richland Parish",2,6,266,146,120
050,22,083,"Louisiana","Richland Parish",2,7,267,147,120
050,22,083,"Louisiana","Richland Parish",2,8,252,136,116
050,22,083,"Louisiana","Richland Parish",2,9,253,136,117
050,22,083,"Louisiana","Richland Parish",2,10,259,133,126
050,22,083,"Louisiana","Richland Parish",2,11,260,135,125
050,22,083,"Louisiana","Richland Parish",2,12,272,146,126
050,22,083,"Louisiana","Richland Parish",2,13,281,155,126
050,22,083,"Louisiana","Richland Parish",2,14,285,151,134
050,22,083,"Louisiana","Richland Parish",2,15,267,135,132
050,22,083,"Louisiana","Richland Parish",2,16,266,139,127
050,22,083,"Louisiana","Richland Parish",2,17,267,140,127
050,22,083,"Louisiana","Richland Parish",2,18,246,125,121
050,22,083,"Louisiana","Richland Parish",2,19,204,100,104
050,22,083,"Louisiana","Richland Parish",2,20,234,118,116
050,22,083,"Louisiana","Richland Parish",2,21,240,130,110
050,22,083,"Louisiana","Richland Parish",2,22,223,109,114
050,22,083,"Louisiana","Richland Parish",2,23,240,119,121
050,22,083,"Louisiana","Richland Parish",2,24,233,126,107
050,22,083,"Louisiana","Richland Parish",2,25,244,130,114
050,22,083,"Louisiana","Richland Parish",2,26,257,147,110
050,22,083,"Louisiana","Richland Parish",2,27,266,131,135
050,22,083,"Louisiana","Richland Parish",2,28,284,141,143
050,22,083,"Louisiana","Richland Parish",2,29,270,130,140
050,22,083,"Louisiana","Richland Parish",2,30,270,136,134
050,22,083,"Louisiana","Richland Parish",2,31,257,125,132
050,22,083,"Louisiana","Richland Parish",2,32,253,130,123
050,22,083,"Louisiana","Richland Parish",2,33,246,124,122
050,22,083,"Louisiana","Richland Parish",2,34,241,121,120
050,22,083,"Louisiana","Richland Parish",2,35,241,123,118
050,22,083,"Louisiana","Richland Parish",2,36,238,117,121
050,22,083,"Louisiana","Richland Parish",2,37,237,110,127
050,22,083,"Louisiana","Richland Parish",2,38,250,108,142
050,22,083,"Louisiana","Richland Parish",2,39,253,116,137
050,22,083,"Louisiana","Richland Parish",2,40,263,128,135
050,22,083,"Louisiana","Richland Parish",2,41,254,124,130
050,22,083,"Louisiana","Richland Parish",2,42,260,127,133
050,22,083,"Louisiana","Richland Parish",2,43,254,121,133
050,22,083,"Louisiana","Richland Parish",2,44,245,129,116
050,22,083,"Louisiana","Richland Parish",2,45,236,117,119
050,22,083,"Louisiana","Richland Parish",2,46,210,98,112
050,22,083,"Louisiana","Richland Parish",2,47,212,101,111
050,22,083,"Louisiana","Richland Parish",2,48,213,101,112
050,22,083,"Louisiana","Richland Parish",2,49,220,107,113
050,22,083,"Louisiana","Richland Parish",2,50,229,107,122
050,22,083,"Louisiana","Richland Parish",2,51,220,108,112
050,22,083,"Louisiana","Richland Parish",2,52,219,109,110
050,22,083,"Louisiana","Richland Parish",2,53,239,115,124
050,22,083,"Louisiana","Richland Parish",2,54,251,121,130
050,22,083,"Louisiana","Richland Parish",2,55,259,121,138
050,22,083,"Louisiana","Richland Parish",2,56,259,119,140
050,22,083,"Louisiana","Richland Parish",2,57,257,114,143
050,22,083,"Louisiana","Richland Parish",2,58,262,120,142
050,22,083,"Louisiana","Richland Parish",2,59,276,135,141
050,22,083,"Louisiana","Richland Parish",2,60,279,137,142
050,22,083,"Louisiana","Richland Parish",2,61,275,129,146
050,22,083,"Louisiana","Richland Parish",2,62,292,138,154
050,22,083,"Louisiana","Richland Parish",2,63,296,142,154
050,22,083,"Louisiana","Richland Parish",2,64,265,125,140
050,22,083,"Louisiana","Richland Parish",2,65,259,122,137
050,22,083,"Louisiana","Richland Parish",2,66,243,105,138
050,22,083,"Louisiana","Richland Parish",2,67,225,102,123
050,22,083,"Louisiana","Richland Parish",2,68,237,117,120
050,22,083,"Louisiana","Richland Parish",2,69,232,118,114
050,22,083,"Louisiana","Richland Parish",2,70,218,109,109
050,22,083,"Louisiana","Richland Parish",2,71,212,98,114
050,22,083,"Louisiana","Richland Parish",2,72,209,103,106
050,22,083,"Louisiana","Richland Parish",2,73,219,115,104
050,22,083,"Louisiana","Richland Parish",2,74,134,68,66
050,22,083,"Louisiana","Richland Parish",2,75,127,62,65
050,22,083,"Louisiana","Richland Parish",2,76,135,59,76
050,22,083,"Louisiana","Richland Parish",2,77,140,60,80
050,22,083,"Louisiana","Richland Parish",2,78,119,48,71
050,22,083,"Louisiana","Richland Parish",2,79,108,50,58
050,22,083,"Louisiana","Richland Parish",2,80,99,46,53
050,22,083,"Louisiana","Richland Parish",2,81,82,36,46
050,22,083,"Louisiana","Richland Parish",2,82,85,32,53
050,22,083,"Louisiana","Richland Parish",2,83,80,30,50
050,22,083,"Louisiana","Richland Parish",2,84,66,24,42
050,22,083,"Louisiana","Richland Parish",2,85,354,120,234
050,22,083,"Louisiana","Richland Parish",3,0,268,148,120
050,22,083,"Louisiana","Richland Parish",3,1,241,123,118
050,22,083,"Louisiana","Richland Parish",3,2,271,143,128
050,22,083,"Louisiana","Richland Parish",3,3,259,131,128
050,22,083,"Louisiana","Richland Parish",3,4,245,113,132
050,22,083,"Louisiana","Richland Parish",3,5,245,128,117
050,22,083,"Louisiana","Richland Parish",3,6,233,131,102
050,22,083,"Louisiana","Richland Parish",3,7,255,143,112
050,22,083,"Louisiana","Richland Parish",3,8,268,149,119
050,22,083,"Louisiana","Richland Parish",3,9,260,135,125
050,22,083,"Louisiana","Richland Parish",3,10,241,132,109
050,22,083,"Louisiana","Richland Parish",3,11,260,134,126
050,22,083,"Louisiana","Richland Parish",3,12,261,135,126
050,22,083,"Louisiana","Richland Parish",3,13,286,157,129
050,22,083,"Louisiana","Richland Parish",3,14,287,156,131
050,22,083,"Louisiana","Richland Parish",3,15,294,150,144
050,22,083,"Louisiana","Richland Parish",3,16,267,138,129
050,22,083,"Louisiana","Richland Parish",3,17,269,138,131
050,22,083,"Louisiana","Richland Parish",3,18,234,132,102
050,22,083,"Louisiana","Richland Parish",3,19,196,105,91
050,22,083,"Louisiana","Richland Parish",3,20,216,100,116
050,22,083,"Louisiana","Richland Parish",3,21,257,134,123
050,22,083,"Louisiana","Richland Parish",3,22,244,125,119
050,22,083,"Louisiana","Richland Parish",3,23,240,116,124
050,22,083,"Louisiana","Richland Parish",3,24,250,130,120
050,22,083,"Louisiana","Richland Parish",3,25,234,123,111
050,22,083,"Louisiana","Richland Parish",3,26,229,131,98
050,22,083,"Louisiana","Richland Parish",3,27,248,128,120
050,22,083,"Louisiana","Richland Parish",3,28,276,144,132
050,22,083,"Louisiana","Richland Parish",3,29,259,131,128
050,22,083,"Louisiana","Richland Parish",3,30,268,122,146
050,22,083,"Louisiana","Richland Parish",3,31,263,132,131
050,22,083,"Louisiana","Richland Parish",3,32,244,121,123
050,22,083,"Louisiana","Richland Parish",3,33,258,139,119
050,22,083,"Louisiana","Richland Parish",3,34,240,120,120
050,22,083,"Louisiana","Richland Parish",3,35,246,129,117
050,22,083,"Louisiana","Richland Parish",3,36,235,120,115
050,22,083,"Louisiana","Richland Parish",3,37,237,117,120
050,22,083,"Louisiana","Richland Parish",3,38,243,112,131
050,22,083,"Louisiana","Richland Parish",3,39,238,102,136
050,22,083,"Louisiana","Richland Parish",3,40,278,132,146
050,22,083,"Louisiana","Richland Parish",3,41,268,120,148
050,22,083,"Louisiana","Richland Parish",3,42,243,120,123
050,22,083,"Louisiana","Richland Parish",3,43,258,123,135
050,22,083,"Louisiana","Richland Parish",3,44,253,126,127
050,22,083,"Louisiana","Richland Parish",3,45,227,118,109
050,22,083,"Louisiana","Richland Parish",3,46,243,120,123
050,22,083,"Louisiana","Richland Parish",3,47,208,95,113
050,22,083,"Louisiana","Richland Parish",3,48,204,101,103
050,22,083,"Louisiana","Richland Parish",3,49,213,104,109
050,22,083,"Louisiana","Richland Parish",3,50,224,109,115
050,22,083,"Louisiana","Richland Parish",3,51,222,108,114
050,22,083,"Louisiana","Richland Parish",3,52,216,103,113
050,22,083,"Louisiana","Richland Parish",3,53,223,114,109
050,22,083,"Louisiana","Richland Parish",3,54,235,117,118
050,22,083,"Louisiana","Richland Parish",3,55,248,119,129
050,22,083,"Louisiana","Richland Parish",3,56,255,120,135
050,22,083,"Louisiana","Richland Parish",3,57,272,126,146
050,22,083,"Louisiana","Richland Parish",3,58,251,116,135
050,22,083,"Louisiana","Richland Parish",3,59,265,123,142
050,22,083,"Louisiana","Richland Parish",3,60,276,138,138
050,22,083,"Louisiana","Richland Parish",3,61,272,135,137
050,22,083,"Louisiana","Richland Parish",3,62,270,130,140
050,22,083,"Louisiana","Richland Parish",3,63,284,131,153
050,22,083,"Louisiana","Richland Parish",3,64,284,137,147
050,22,083,"Louisiana","Richland Parish",3,65,255,116,139
050,22,083,"Louisiana","Richland Parish",3,66,249,118,131
050,22,083,"Louisiana","Richland Parish",3,67,229,95,134
050,22,083,"Louisiana","Richland Parish",3,68,223,100,123
050,22,083,"Louisiana","Richland Parish",3,69,224,112,112
050,22,083,"Louisiana","Richland Parish",3,70,220,113,107
050,22,083,"Louisiana","Richland Parish",3,71,212,105,107
050,22,083,"Louisiana","Richland Parish",3,72,203,92,111
050,22,083,"Louisiana","Richland Parish",3,73,199,99,100
050,22,083,"Louisiana","Richland Parish",3,74,221,119,102
050,22,083,"Louisiana","Richland Parish",3,75,120,61,59
050,22,083,"Louisiana","Richland Parish",3,76,118,57,61
050,22,083,"Louisiana","Richland Parish",3,77,125,52,73
050,22,083,"Louisiana","Richland Parish",3,78,124,50,74
050,22,083,"Louisiana","Richland Parish",3,79,108,42,66
050,22,083,"Louisiana","Richland Parish",3,80,104,49,55
050,22,083,"Louisiana","Richland Parish",3,81,87,40,47
050,22,083,"Louisiana","Richland Parish",3,82,77,34,43
050,22,083,"Louisiana","Richland Parish",3,83,74,28,46
050,22,083,"Louisiana","Richland Parish",3,84,72,25,47
050,22,083,"Louisiana","Richland Parish",3,85,355,118,237
050,22,083,"Louisiana","Richland Parish",4,0,253,124,129
050,22,083,"Louisiana","Richland Parish",4,1,282,155,127
050,22,083,"Louisiana","Richland Parish",4,2,229,109,120
050,22,083,"Louisiana","Richland Parish",4,3,284,154,130
050,22,083,"Louisiana","Richland Parish",4,4,263,135,128
050,22,083,"Louisiana","Richland Parish",4,5,255,117,138
050,22,083,"Louisiana","Richland Parish",4,6,252,134,118
050,22,083,"Louisiana","Richland Parish",4,7,234,131,103
050,22,083,"Louisiana","Richland Parish",4,8,261,146,115
050,22,083,"Louisiana","Richland Parish",4,9,267,146,121
050,22,083,"Louisiana","Richland Parish",4,10,254,139,115
050,22,083,"Louisiana","Richland Parish",4,11,234,126,108
050,22,083,"Louisiana","Richland Parish",4,12,248,127,121
050,22,083,"Louisiana","Richland Parish",4,13,264,136,128
050,22,083,"Louisiana","Richland Parish",4,14,287,153,134
050,22,083,"Louisiana","Richland Parish",4,15,301,161,140
050,22,083,"Louisiana","Richland Parish",4,16,291,153,138
050,22,083,"Louisiana","Richland Parish",4,17,270,134,136
050,22,083,"Louisiana","Richland Parish",4,18,237,121,116
050,22,083,"Louisiana","Richland Parish",4,19,189,113,76
050,22,083,"Louisiana","Richland Parish",4,20,194,99,95
050,22,083,"Louisiana","Richland Parish",4,21,246,121,125
050,22,083,"Louisiana","Richland Parish",4,22,246,119,127
050,22,083,"Louisiana","Richland Parish",4,23,247,128,119
050,22,083,"Louisiana","Richland Parish",4,24,244,126,118
050,22,083,"Louisiana","Richland Parish",4,25,254,124,130
050,22,083,"Louisiana","Richland Parish",4,26,234,126,108
050,22,083,"Louisiana","Richland Parish",4,27,231,125,106
050,22,083,"Louisiana","Richland Parish",4,28,244,132,112
050,22,083,"Louisiana","Richland Parish",4,29,259,135,124
050,22,083,"Louisiana","Richland Parish",4,30,268,133,135
050,22,083,"Louisiana","Richland Parish",4,31,274,120,154
050,22,083,"Louisiana","Richland Parish",4,32,260,139,121
050,22,083,"Louisiana","Richland Parish",4,33,236,110,126
050,22,083,"Louisiana","Richland Parish",4,34,252,135,117
050,22,083,"Louisiana","Richland Parish",4,35,240,123,117
050,22,083,"Louisiana","Richland Parish",4,36,254,136,118
050,22,083,"Louisiana","Richland Parish",4,37,234,116,118
050,22,083,"Louisiana","Richland Parish",4,38,250,116,134
050,22,083,"Louisiana","Richland Parish",4,39,235,107,128
050,22,083,"Louisiana","Richland Parish",4,40,260,122,138
050,22,083,"Louisiana","Richland Parish",4,41,283,129,154
050,22,083,"Louisiana","Richland Parish",4,42,253,112,141
050,22,083,"Louisiana","Richland Parish",4,43,247,119,128
050,22,083,"Louisiana","Richland Parish",4,44,248,121,127
050,22,083,"Louisiana","Richland Parish",4,45,238,114,124
050,22,083,"Louisiana","Richland Parish",4,46,240,129,111
050,22,083,"Louisiana","Richland Parish",4,47,222,104,118
050,22,083,"Louisiana","Richland Parish",4,48,191,88,103
050,22,083,"Louisiana","Richland Parish",4,49,208,106,102
050,22,083,"Louisiana","Richland Parish",4,50,214,105,109
050,22,083,"Louisiana","Richland Parish",4,51,217,108,109
050,22,083,"Louisiana","Richland Parish",4,52,223,109,114
050,22,083,"Louisiana","Richland Parish",4,53,213,104,109
050,22,083,"Louisiana","Richland Parish",4,54,222,111,111
050,22,083,"Louisiana","Richland Parish",4,55,234,113,121
050,22,083,"Louisiana","Richland Parish",4,56,238,109,129
050,22,083,"Louisiana","Richland Parish",4,57,256,118,138
050,22,083,"Louisiana","Richland Parish",4,58,259,119,140
050,22,083,"Louisiana","Richland Parish",4,59,253,119,134
050,22,083,"Louisiana","Richland Parish",4,60,258,119,139
050,22,083,"Louisiana","Richland Parish",4,61,265,129,136
050,22,083,"Louisiana","Richland Parish",4,62,268,138,130
050,22,083,"Louisiana","Richland Parish",4,63,259,119,140
050,22,083,"Louisiana","Richland Parish",4,64,283,131,152
050,22,083,"Louisiana","Richland Parish",4,65,271,125,146
050,22,083,"Louisiana","Richland Parish",4,66,253,114,139
050,22,083,"Louisiana","Richland Parish",4,67,241,115,126
050,22,083,"Louisiana","Richland Parish",4,68,237,102,135
050,22,083,"Louisiana","Richland Parish",4,69,211,98,113
050,22,083,"Louisiana","Richland Parish",4,70,214,107,107
050,22,083,"Louisiana","Richland Parish",4,71,216,109,107
050,22,083,"Louisiana","Richland Parish",4,72,209,103,106
050,22,083,"Louisiana","Richland Parish",4,73,198,91,107
050,22,083,"Louisiana","Richland Parish",4,74,193,98,95
050,22,083,"Louisiana","Richland Parish",4,75,204,110,94
050,22,083,"Louisiana","Richland Parish",4,76,107,51,56
050,22,083,"Louisiana","Richland Parish",4,77,110,50,60
050,22,083,"Louisiana","Richland Parish",4,78,112,47,65
050,22,083,"Louisiana","Richland Parish",4,79,121,47,74
050,22,083,"Louisiana","Richland Parish",4,80,103,41,62
050,22,083,"Louisiana","Richland Parish",4,81,94,46,48
050,22,083,"Louisiana","Richland Parish",4,82,86,41,45
050,22,083,"Louisiana","Richland Parish",4,83,64,34,30
050,22,083,"Louisiana","Richland Parish",4,84,63,22,41
050,22,083,"Louisiana","Richland Parish",4,85,368,114,254
050,22,083,"Louisiana","Richland Parish",5,0,258,128,130
050,22,083,"Louisiana","Richland Parish",5,1,247,115,132
050,22,083,"Louisiana","Richland Parish",5,2,275,155,120
050,22,083,"Louisiana","Richland Parish",5,3,222,108,114
050,22,083,"Louisiana","Richland Parish",5,4,285,154,131
050,22,083,"Louisiana","Richland Parish",5,5,253,123,130
050,22,083,"Louisiana","Richland Parish",5,6,254,117,137
050,22,083,"Louisiana","Richland Parish",5,7,258,131,127
050,22,083,"Louisiana","Richland Parish",5,8,240,132,108
050,22,083,"Louisiana","Richland Parish",5,9,268,147,121
050,22,083,"Louisiana","Richland Parish",5,10,256,148,108
050,22,083,"Louisiana","Richland Parish",5,11,258,138,120
050,22,083,"Louisiana","Richland Parish",5,12,237,132,105
050,22,083,"Louisiana","Richland Parish",5,13,252,124,128
050,22,083,"Louisiana","Richland Parish",5,14,255,136,119
050,22,083,"Louisiana","Richland Parish",5,15,276,148,128
050,22,083,"Louisiana","Richland Parish",5,16,293,157,136
050,22,083,"Louisiana","Richland Parish",5,17,299,152,147
050,22,083,"Louisiana","Richland Parish",5,18,242,119,123
050,22,083,"Louisiana","Richland Parish",5,19,180,97,83
050,22,083,"Louisiana","Richland Parish",5,20,212,114,98
050,22,083,"Louisiana","Richland Parish",5,21,214,118,96
050,22,083,"Louisiana","Richland Parish",5,22,234,110,124
050,22,083,"Louisiana","Richland Parish",5,23,262,131,131
050,22,083,"Louisiana","Richland Parish",5,24,263,143,120
050,22,083,"Louisiana","Richland Parish",5,25,242,121,121
050,22,083,"Louisiana","Richland Parish",5,26,242,122,120
050,22,083,"Louisiana","Richland Parish",5,27,222,101,121
050,22,083,"Louisiana","Richland Parish",5,28,239,132,107
050,22,083,"Louisiana","Richland Parish",5,29,239,126,113
050,22,083,"Louisiana","Richland Parish",5,30,274,131,143
050,22,083,"Louisiana","Richland Parish",5,31,278,145,133
050,22,083,"Louisiana","Richland Parish",5,32,271,131,140
050,22,083,"Louisiana","Richland Parish",5,33,254,130,124
050,22,083,"Louisiana","Richland Parish",5,34,237,112,125
050,22,083,"Louisiana","Richland Parish",5,35,247,142,105
050,22,083,"Louisiana","Richland Parish",5,36,224,115,109
050,22,083,"Louisiana","Richland Parish",5,37,244,125,119
050,22,083,"Louisiana","Richland Parish",5,38,249,112,137
050,22,083,"Louisiana","Richland Parish",5,39,237,106,131
050,22,083,"Louisiana","Richland Parish",5,40,255,126,129
050,22,083,"Louisiana","Richland Parish",5,41,265,121,144
050,22,083,"Louisiana","Richland Parish",5,42,265,122,143
050,22,083,"Louisiana","Richland Parish",5,43,261,120,141
050,22,083,"Louisiana","Richland Parish",5,44,238,118,120
050,22,083,"Louisiana","Richland Parish",5,45,232,115,117
050,22,083,"Louisiana","Richland Parish",5,46,252,116,136
050,22,083,"Louisiana","Richland Parish",5,47,230,118,112
050,22,083,"Louisiana","Richland Parish",5,48,215,104,111
050,22,083,"Louisiana","Richland Parish",5,49,194,92,102
050,22,083,"Louisiana","Richland Parish",5,50,207,102,105
050,22,083,"Louisiana","Richland Parish",5,51,209,102,107
050,22,083,"Louisiana","Richland Parish",5,52,217,106,111
050,22,083,"Louisiana","Richland Parish",5,53,220,111,109
050,22,083,"Louisiana","Richland Parish",5,54,220,106,114
050,22,083,"Louisiana","Richland Parish",5,55,215,101,114
050,22,083,"Louisiana","Richland Parish",5,56,231,114,117
050,22,083,"Louisiana","Richland Parish",5,57,245,113,132
050,22,083,"Louisiana","Richland Parish",5,58,254,112,142
050,22,083,"Louisiana","Richland Parish",5,59,272,127,145
050,22,083,"Louisiana","Richland Parish",5,60,248,116,132
050,22,083,"Louisiana","Richland Parish",5,61,249,112,137
050,22,083,"Louisiana","Richland Parish",5,62,256,126,130
050,22,083,"Louisiana","Richland Parish",5,63,255,126,129
050,22,083,"Louisiana","Richland Parish",5,64,260,118,142
050,22,083,"Louisiana","Richland Parish",5,65,276,125,151
050,22,083,"Louisiana","Richland Parish",5,66,267,122,145
050,22,083,"Louisiana","Richland Parish",5,67,240,108,132
050,22,083,"Louisiana","Richland Parish",5,68,242,118,124
050,22,083,"Louisiana","Richland Parish",5,69,230,102,128
050,22,083,"Louisiana","Richland Parish",5,70,200,95,105
050,22,083,"Louisiana","Richland Parish",5,71,209,104,105
050,22,083,"Louisiana","Richland Parish",5,72,215,106,109
050,22,083,"Louisiana","Richland Parish",5,73,202,101,101
050,22,083,"Louisiana","Richland Parish",5,74,196,90,106
050,22,083,"Louisiana","Richland Parish",5,75,183,92,91
050,22,083,"Louisiana","Richland Parish",5,76,192,102,90
050,22,083,"Louisiana","Richland Parish",5,77,102,48,54
050,22,083,"Louisiana","Richland Parish",5,78,98,44,54
050,22,083,"Louisiana","Richland Parish",5,79,106,42,64
050,22,083,"Louisiana","Richland Parish",5,80,114,47,67
050,22,083,"Louisiana","Richland Parish",5,81,92,38,54
050,22,083,"Louisiana","Richland Parish",5,82,89,45,44
050,22,083,"Louisiana","Richland Parish",5,83,70,39,31
050,22,083,"Louisiana","Richland Parish",5,84,49,25,24
050,22,083,"Louisiana","Richland Parish",5,85,383,115,268
050,22,085,"Louisiana","Sabine Parish",1,0,243,124,119
050,22,085,"Louisiana","Sabine Parish",1,1,240,124,116
050,22,085,"Louisiana","Sabine Parish",1,2,253,137,116
050,22,085,"Louisiana","Sabine Parish",1,3,262,148,114
050,22,085,"Louisiana","Sabine Parish",1,4,263,140,123
050,22,085,"Louisiana","Sabine Parish",1,5,271,132,139
050,22,085,"Louisiana","Sabine Parish",1,6,284,142,142
050,22,085,"Louisiana","Sabine Parish",1,7,291,151,140
050,22,085,"Louisiana","Sabine Parish",1,8,285,150,135
050,22,085,"Louisiana","Sabine Parish",1,9,284,144,140
050,22,085,"Louisiana","Sabine Parish",1,10,296,138,158
050,22,085,"Louisiana","Sabine Parish",1,11,305,148,157
050,22,085,"Louisiana","Sabine Parish",1,12,325,172,153
050,22,085,"Louisiana","Sabine Parish",1,13,324,166,158
050,22,085,"Louisiana","Sabine Parish",1,14,328,159,169
050,22,085,"Louisiana","Sabine Parish",1,15,311,169,142
050,22,085,"Louisiana","Sabine Parish",1,16,325,173,152
050,22,085,"Louisiana","Sabine Parish",1,17,304,163,141
050,22,085,"Louisiana","Sabine Parish",1,18,246,138,108
050,22,085,"Louisiana","Sabine Parish",1,19,221,124,97
050,22,085,"Louisiana","Sabine Parish",1,20,225,119,106
050,22,085,"Louisiana","Sabine Parish",1,21,228,111,117
050,22,085,"Louisiana","Sabine Parish",1,22,235,105,130
050,22,085,"Louisiana","Sabine Parish",1,23,219,104,115
050,22,085,"Louisiana","Sabine Parish",1,24,210,101,109
050,22,085,"Louisiana","Sabine Parish",1,25,232,123,109
050,22,085,"Louisiana","Sabine Parish",1,26,228,121,107
050,22,085,"Louisiana","Sabine Parish",1,27,256,134,122
050,22,085,"Louisiana","Sabine Parish",1,28,279,145,134
050,22,085,"Louisiana","Sabine Parish",1,29,279,142,137
050,22,085,"Louisiana","Sabine Parish",1,30,264,121,143
050,22,085,"Louisiana","Sabine Parish",1,31,241,121,120
050,22,085,"Louisiana","Sabine Parish",1,32,248,120,128
050,22,085,"Louisiana","Sabine Parish",1,33,245,122,123
050,22,085,"Louisiana","Sabine Parish",1,34,266,136,130
050,22,085,"Louisiana","Sabine Parish",1,35,268,135,133
050,22,085,"Louisiana","Sabine Parish",1,36,256,120,136
050,22,085,"Louisiana","Sabine Parish",1,37,267,137,130
050,22,085,"Louisiana","Sabine Parish",1,38,274,131,143
050,22,085,"Louisiana","Sabine Parish",1,39,257,115,142
050,22,085,"Louisiana","Sabine Parish",1,40,254,127,127
050,22,085,"Louisiana","Sabine Parish",1,41,231,111,120
050,22,085,"Louisiana","Sabine Parish",1,42,235,117,118
050,22,085,"Louisiana","Sabine Parish",1,43,243,115,128
050,22,085,"Louisiana","Sabine Parish",1,44,251,119,132
050,22,085,"Louisiana","Sabine Parish",1,45,229,114,115
050,22,085,"Louisiana","Sabine Parish",1,46,238,122,116
050,22,085,"Louisiana","Sabine Parish",1,47,236,117,119
050,22,085,"Louisiana","Sabine Parish",1,48,244,101,143
050,22,085,"Louisiana","Sabine Parish",1,49,252,124,128
050,22,085,"Louisiana","Sabine Parish",1,50,249,124,125
050,22,085,"Louisiana","Sabine Parish",1,51,272,135,137
050,22,085,"Louisiana","Sabine Parish",1,52,266,144,122
050,22,085,"Louisiana","Sabine Parish",1,53,281,150,131
050,22,085,"Louisiana","Sabine Parish",1,54,297,153,144
050,22,085,"Louisiana","Sabine Parish",1,55,322,168,154
050,22,085,"Louisiana","Sabine Parish",1,56,325,159,166
050,22,085,"Louisiana","Sabine Parish",1,57,327,162,165
050,22,085,"Louisiana","Sabine Parish",1,58,331,160,171
050,22,085,"Louisiana","Sabine Parish",1,59,299,149,150
050,22,085,"Louisiana","Sabine Parish",1,60,294,145,149
050,22,085,"Louisiana","Sabine Parish",1,61,282,137,145
050,22,085,"Louisiana","Sabine Parish",1,62,306,149,157
050,22,085,"Louisiana","Sabine Parish",1,63,310,149,161
050,22,085,"Louisiana","Sabine Parish",1,64,315,149,166
050,22,085,"Louisiana","Sabine Parish",1,65,290,144,146
050,22,085,"Louisiana","Sabine Parish",1,66,300,149,151
050,22,085,"Louisiana","Sabine Parish",1,67,300,145,155
050,22,085,"Louisiana","Sabine Parish",1,68,282,131,151
050,22,085,"Louisiana","Sabine Parish",1,69,275,135,140
050,22,085,"Louisiana","Sabine Parish",1,70,290,151,139
050,22,085,"Louisiana","Sabine Parish",1,71,268,132,136
050,22,085,"Louisiana","Sabine Parish",1,72,259,124,135
050,22,085,"Louisiana","Sabine Parish",1,73,268,134,134
050,22,085,"Louisiana","Sabine Parish",1,74,186,90,96
050,22,085,"Louisiana","Sabine Parish",1,75,198,100,98
050,22,085,"Louisiana","Sabine Parish",1,76,198,91,107
050,22,085,"Louisiana","Sabine Parish",1,77,196,90,106
050,22,085,"Louisiana","Sabine Parish",1,78,179,78,101
050,22,085,"Louisiana","Sabine Parish",1,79,142,60,82
050,22,085,"Louisiana","Sabine Parish",1,80,127,68,59
050,22,085,"Louisiana","Sabine Parish",1,81,109,69,40
050,22,085,"Louisiana","Sabine Parish",1,82,114,68,46
050,22,085,"Louisiana","Sabine Parish",1,83,93,44,49
050,22,085,"Louisiana","Sabine Parish",1,84,78,36,42
050,22,085,"Louisiana","Sabine Parish",1,85,470,168,302
050,22,085,"Louisiana","Sabine Parish",2,0,236,124,112
050,22,085,"Louisiana","Sabine Parish",2,1,242,126,116
050,22,085,"Louisiana","Sabine Parish",2,2,247,133,114
050,22,085,"Louisiana","Sabine Parish",2,3,260,145,115
050,22,085,"Louisiana","Sabine Parish",2,4,266,143,123
050,22,085,"Louisiana","Sabine Parish",2,5,270,134,136
050,22,085,"Louisiana","Sabine Parish",2,6,280,139,141
050,22,085,"Louisiana","Sabine Parish",2,7,286,147,139
050,22,085,"Louisiana","Sabine Parish",2,8,284,149,135
050,22,085,"Louisiana","Sabine Parish",2,9,285,146,139
050,22,085,"Louisiana","Sabine Parish",2,10,295,140,155
050,22,085,"Louisiana","Sabine Parish",2,11,303,147,156
050,22,085,"Louisiana","Sabine Parish",2,12,321,166,155
050,22,085,"Louisiana","Sabine Parish",2,13,326,169,157
050,22,085,"Louisiana","Sabine Parish",2,14,326,161,165
050,22,085,"Louisiana","Sabine Parish",2,15,316,166,150
050,22,085,"Louisiana","Sabine Parish",2,16,320,171,149
050,22,085,"Louisiana","Sabine Parish",2,17,308,164,144
050,22,085,"Louisiana","Sabine Parish",2,18,253,140,113
050,22,085,"Louisiana","Sabine Parish",2,19,214,120,94
050,22,085,"Louisiana","Sabine Parish",2,20,229,121,108
050,22,085,"Louisiana","Sabine Parish",2,21,228,113,115
050,22,085,"Louisiana","Sabine Parish",2,22,237,108,129
050,22,085,"Louisiana","Sabine Parish",2,23,222,103,119
050,22,085,"Louisiana","Sabine Parish",2,24,211,102,109
050,22,085,"Louisiana","Sabine Parish",2,25,229,120,109
050,22,085,"Louisiana","Sabine Parish",2,26,232,124,108
050,22,085,"Louisiana","Sabine Parish",2,27,251,131,120
050,22,085,"Louisiana","Sabine Parish",2,28,274,142,132
050,22,085,"Louisiana","Sabine Parish",2,29,279,140,139
050,22,085,"Louisiana","Sabine Parish",2,30,264,123,141
050,22,085,"Louisiana","Sabine Parish",2,31,246,121,125
050,22,085,"Louisiana","Sabine Parish",2,32,247,119,128
050,22,085,"Louisiana","Sabine Parish",2,33,244,121,123
050,22,085,"Louisiana","Sabine Parish",2,34,262,134,128
050,22,085,"Louisiana","Sabine Parish",2,35,268,135,133
050,22,085,"Louisiana","Sabine Parish",2,36,258,123,135
050,22,085,"Louisiana","Sabine Parish",2,37,263,132,131
050,22,085,"Louisiana","Sabine Parish",2,38,274,134,140
050,22,085,"Louisiana","Sabine Parish",2,39,259,117,142
050,22,085,"Louisiana","Sabine Parish",2,40,260,126,134
050,22,085,"Louisiana","Sabine Parish",2,41,233,113,120
050,22,085,"Louisiana","Sabine Parish",2,42,230,114,116
050,22,085,"Louisiana","Sabine Parish",2,43,245,118,127
050,22,085,"Louisiana","Sabine Parish",2,44,247,117,130
050,22,085,"Louisiana","Sabine Parish",2,45,236,116,120
050,22,085,"Louisiana","Sabine Parish",2,46,233,118,115
050,22,085,"Louisiana","Sabine Parish",2,47,236,119,117
050,22,085,"Louisiana","Sabine Parish",2,48,238,101,137
050,22,085,"Louisiana","Sabine Parish",2,49,252,120,132
050,22,085,"Louisiana","Sabine Parish",2,50,249,121,128
050,22,085,"Louisiana","Sabine Parish",2,51,265,133,132
050,22,085,"Louisiana","Sabine Parish",2,52,268,141,127
050,22,085,"Louisiana","Sabine Parish",2,53,273,144,129
050,22,085,"Louisiana","Sabine Parish",2,54,290,153,137
050,22,085,"Louisiana","Sabine Parish",2,55,316,164,152
050,22,085,"Louisiana","Sabine Parish",2,56,326,161,165
050,22,085,"Louisiana","Sabine Parish",2,57,328,162,166
050,22,085,"Louisiana","Sabine Parish",2,58,327,158,169
050,22,085,"Louisiana","Sabine Parish",2,59,310,153,157
050,22,085,"Louisiana","Sabine Parish",2,60,297,146,151
050,22,085,"Louisiana","Sabine Parish",2,61,280,137,143
050,22,085,"Louisiana","Sabine Parish",2,62,299,146,153
050,22,085,"Louisiana","Sabine Parish",2,63,311,149,162
050,22,085,"Louisiana","Sabine Parish",2,64,309,146,163
050,22,085,"Louisiana","Sabine Parish",2,65,295,145,150
050,22,085,"Louisiana","Sabine Parish",2,66,297,147,150
050,22,085,"Louisiana","Sabine Parish",2,67,299,145,154
050,22,085,"Louisiana","Sabine Parish",2,68,283,133,150
050,22,085,"Louisiana","Sabine Parish",2,69,278,135,143
050,22,085,"Louisiana","Sabine Parish",2,70,284,145,139
050,22,085,"Louisiana","Sabine Parish",2,71,269,133,136
050,22,085,"Louisiana","Sabine Parish",2,72,256,123,133
050,22,085,"Louisiana","Sabine Parish",2,73,279,138,141
050,22,085,"Louisiana","Sabine Parish",2,74,190,93,97
050,22,085,"Louisiana","Sabine Parish",2,75,191,94,97
050,22,085,"Louisiana","Sabine Parish",2,76,193,90,103
050,22,085,"Louisiana","Sabine Parish",2,77,198,91,107
050,22,085,"Louisiana","Sabine Parish",2,78,180,79,101
050,22,085,"Louisiana","Sabine Parish",2,79,146,62,84
050,22,085,"Louisiana","Sabine Parish",2,80,126,64,62
050,22,085,"Louisiana","Sabine Parish",2,81,111,68,43
050,22,085,"Louisiana","Sabine Parish",2,82,114,69,45
050,22,085,"Louisiana","Sabine Parish",2,83,95,47,48
050,22,085,"Louisiana","Sabine Parish",2,84,80,37,43
050,22,085,"Louisiana","Sabine Parish",2,85,462,165,297
050,22,085,"Louisiana","Sabine Parish",3,0,258,129,129
050,22,085,"Louisiana","Sabine Parish",3,1,252,130,122
050,22,085,"Louisiana","Sabine Parish",3,2,255,136,119
050,22,085,"Louisiana","Sabine Parish",3,3,243,130,113
050,22,085,"Louisiana","Sabine Parish",3,4,267,144,123
050,22,085,"Louisiana","Sabine Parish",3,5,269,145,124
050,22,085,"Louisiana","Sabine Parish",3,6,274,136,138
050,22,085,"Louisiana","Sabine Parish",3,7,287,141,146
050,22,085,"Louisiana","Sabine Parish",3,8,291,145,146
050,22,085,"Louisiana","Sabine Parish",3,9,301,158,143
050,22,085,"Louisiana","Sabine Parish",3,10,295,151,144
050,22,085,"Louisiana","Sabine Parish",3,11,291,133,158
050,22,085,"Louisiana","Sabine Parish",3,12,310,151,159
050,22,085,"Louisiana","Sabine Parish",3,13,310,164,146
050,22,085,"Louisiana","Sabine Parish",3,14,329,168,161
050,22,085,"Louisiana","Sabine Parish",3,15,313,154,159
050,22,085,"Louisiana","Sabine Parish",3,16,320,165,155
050,22,085,"Louisiana","Sabine Parish",3,17,314,169,145
050,22,085,"Louisiana","Sabine Parish",3,18,275,153,122
050,22,085,"Louisiana","Sabine Parish",3,19,207,112,95
050,22,085,"Louisiana","Sabine Parish",3,20,232,121,111
050,22,085,"Louisiana","Sabine Parish",3,21,234,120,114
050,22,085,"Louisiana","Sabine Parish",3,22,251,121,130
050,22,085,"Louisiana","Sabine Parish",3,23,235,106,129
050,22,085,"Louisiana","Sabine Parish",3,24,230,110,120
050,22,085,"Louisiana","Sabine Parish",3,25,207,101,106
050,22,085,"Louisiana","Sabine Parish",3,26,225,113,112
050,22,085,"Louisiana","Sabine Parish",3,27,236,130,106
050,22,085,"Louisiana","Sabine Parish",3,28,253,132,121
050,22,085,"Louisiana","Sabine Parish",3,29,276,142,134
050,22,085,"Louisiana","Sabine Parish",3,30,273,132,141
050,22,085,"Louisiana","Sabine Parish",3,31,261,119,142
050,22,085,"Louisiana","Sabine Parish",3,32,243,119,124
050,22,085,"Louisiana","Sabine Parish",3,33,240,117,123
050,22,085,"Louisiana","Sabine Parish",3,34,240,120,120
050,22,085,"Louisiana","Sabine Parish",3,35,262,135,127
050,22,085,"Louisiana","Sabine Parish",3,36,275,140,135
050,22,085,"Louisiana","Sabine Parish",3,37,271,133,138
050,22,085,"Louisiana","Sabine Parish",3,38,259,128,131
050,22,085,"Louisiana","Sabine Parish",3,39,265,130,135
050,22,085,"Louisiana","Sabine Parish",3,40,255,114,141
050,22,085,"Louisiana","Sabine Parish",3,41,261,131,130
050,22,085,"Louisiana","Sabine Parish",3,42,229,112,117
050,22,085,"Louisiana","Sabine Parish",3,43,231,115,116
050,22,085,"Louisiana","Sabine Parish",3,44,251,120,131
050,22,085,"Louisiana","Sabine Parish",3,45,241,119,122
050,22,085,"Louisiana","Sabine Parish",3,46,239,115,124
050,22,085,"Louisiana","Sabine Parish",3,47,238,125,113
050,22,085,"Louisiana","Sabine Parish",3,48,229,113,116
050,22,085,"Louisiana","Sabine Parish",3,49,249,102,147
050,22,085,"Louisiana","Sabine Parish",3,50,249,114,135
050,22,085,"Louisiana","Sabine Parish",3,51,258,128,130
050,22,085,"Louisiana","Sabine Parish",3,52,262,128,134
050,22,085,"Louisiana","Sabine Parish",3,53,275,143,132
050,22,085,"Louisiana","Sabine Parish",3,54,265,148,117
050,22,085,"Louisiana","Sabine Parish",3,55,293,156,137
050,22,085,"Louisiana","Sabine Parish",3,56,313,160,153
050,22,085,"Louisiana","Sabine Parish",3,57,314,157,157
050,22,085,"Louisiana","Sabine Parish",3,58,328,156,172
050,22,085,"Louisiana","Sabine Parish",3,59,331,162,169
050,22,085,"Louisiana","Sabine Parish",3,60,315,152,163
050,22,085,"Louisiana","Sabine Parish",3,61,289,137,152
050,22,085,"Louisiana","Sabine Parish",3,62,286,137,149
050,22,085,"Louisiana","Sabine Parish",3,63,303,142,161
050,22,085,"Louisiana","Sabine Parish",3,64,307,150,157
050,22,085,"Louisiana","Sabine Parish",3,65,306,147,159
050,22,085,"Louisiana","Sabine Parish",3,66,287,139,148
050,22,085,"Louisiana","Sabine Parish",3,67,295,145,150
050,22,085,"Louisiana","Sabine Parish",3,68,297,145,152
050,22,085,"Louisiana","Sabine Parish",3,69,276,133,143
050,22,085,"Louisiana","Sabine Parish",3,70,270,127,143
050,22,085,"Louisiana","Sabine Parish",3,71,273,139,134
050,22,085,"Louisiana","Sabine Parish",3,72,258,123,135
050,22,085,"Louisiana","Sabine Parish",3,73,243,119,124
050,22,085,"Louisiana","Sabine Parish",3,74,260,125,135
050,22,085,"Louisiana","Sabine Parish",3,75,184,90,94
050,22,085,"Louisiana","Sabine Parish",3,76,177,83,94
050,22,085,"Louisiana","Sabine Parish",3,77,169,80,89
050,22,085,"Louisiana","Sabine Parish",3,78,195,92,103
050,22,085,"Louisiana","Sabine Parish",3,79,161,69,92
050,22,085,"Louisiana","Sabine Parish",3,80,136,56,80
050,22,085,"Louisiana","Sabine Parish",3,81,114,58,56
050,22,085,"Louisiana","Sabine Parish",3,82,102,63,39
050,22,085,"Louisiana","Sabine Parish",3,83,100,58,42
050,22,085,"Louisiana","Sabine Parish",3,84,87,40,47
050,22,085,"Louisiana","Sabine Parish",3,85,466,170,296
050,22,085,"Louisiana","Sabine Parish",4,0,258,123,135
050,22,085,"Louisiana","Sabine Parish",4,1,256,129,127
050,22,085,"Louisiana","Sabine Parish",4,2,255,130,125
050,22,085,"Louisiana","Sabine Parish",4,3,263,138,125
050,22,085,"Louisiana","Sabine Parish",4,4,247,131,116
050,22,085,"Louisiana","Sabine Parish",4,5,262,137,125
050,22,085,"Louisiana","Sabine Parish",4,6,274,147,127
050,22,085,"Louisiana","Sabine Parish",4,7,267,135,132
050,22,085,"Louisiana","Sabine Parish",4,8,290,142,148
050,22,085,"Louisiana","Sabine Parish",4,9,293,151,142
050,22,085,"Louisiana","Sabine Parish",4,10,293,153,140
050,22,085,"Louisiana","Sabine Parish",4,11,302,154,148
050,22,085,"Louisiana","Sabine Parish",4,12,287,134,153
050,22,085,"Louisiana","Sabine Parish",4,13,311,150,161
050,22,085,"Louisiana","Sabine Parish",4,14,305,158,147
050,22,085,"Louisiana","Sabine Parish",4,15,321,166,155
050,22,085,"Louisiana","Sabine Parish",4,16,302,150,152
050,22,085,"Louisiana","Sabine Parish",4,17,310,159,151
050,22,085,"Louisiana","Sabine Parish",4,18,265,148,117
050,22,085,"Louisiana","Sabine Parish",4,19,217,124,93
050,22,085,"Louisiana","Sabine Parish",4,20,211,115,96
050,22,085,"Louisiana","Sabine Parish",4,21,251,130,121
050,22,085,"Louisiana","Sabine Parish",4,22,258,137,121
050,22,085,"Louisiana","Sabine Parish",4,23,253,124,129
050,22,085,"Louisiana","Sabine Parish",4,24,232,109,123
050,22,085,"Louisiana","Sabine Parish",4,25,234,109,125
050,22,085,"Louisiana","Sabine Parish",4,26,208,103,105
050,22,085,"Louisiana","Sabine Parish",4,27,223,113,110
050,22,085,"Louisiana","Sabine Parish",4,28,240,131,109
050,22,085,"Louisiana","Sabine Parish",4,29,242,125,117
050,22,085,"Louisiana","Sabine Parish",4,30,275,144,131
050,22,085,"Louisiana","Sabine Parish",4,31,278,137,141
050,22,085,"Louisiana","Sabine Parish",4,32,257,114,143
050,22,085,"Louisiana","Sabine Parish",4,33,234,110,124
050,22,085,"Louisiana","Sabine Parish",4,34,250,126,124
050,22,085,"Louisiana","Sabine Parish",4,35,238,119,119
050,22,085,"Louisiana","Sabine Parish",4,36,264,138,126
050,22,085,"Louisiana","Sabine Parish",4,37,286,148,138
050,22,085,"Louisiana","Sabine Parish",4,38,266,129,137
050,22,085,"Louisiana","Sabine Parish",4,39,263,130,133
050,22,085,"Louisiana","Sabine Parish",4,40,262,125,137
050,22,085,"Louisiana","Sabine Parish",4,41,254,111,143
050,22,085,"Louisiana","Sabine Parish",4,42,261,132,129
050,22,085,"Louisiana","Sabine Parish",4,43,229,113,116
050,22,085,"Louisiana","Sabine Parish",4,44,234,113,121
050,22,085,"Louisiana","Sabine Parish",4,45,249,119,130
050,22,085,"Louisiana","Sabine Parish",4,46,233,112,121
050,22,085,"Louisiana","Sabine Parish",4,47,244,125,119
050,22,085,"Louisiana","Sabine Parish",4,48,239,124,115
050,22,085,"Louisiana","Sabine Parish",4,49,236,116,120
050,22,085,"Louisiana","Sabine Parish",4,50,244,99,145
050,22,085,"Louisiana","Sabine Parish",4,51,252,123,129
050,22,085,"Louisiana","Sabine Parish",4,52,269,129,140
050,22,085,"Louisiana","Sabine Parish",4,53,256,124,132
050,22,085,"Louisiana","Sabine Parish",4,54,276,146,130
050,22,085,"Louisiana","Sabine Parish",4,55,268,148,120
050,22,085,"Louisiana","Sabine Parish",4,56,290,154,136
050,22,085,"Louisiana","Sabine Parish",4,57,300,153,147
050,22,085,"Louisiana","Sabine Parish",4,58,312,156,156
050,22,085,"Louisiana","Sabine Parish",4,59,323,152,171
050,22,085,"Louisiana","Sabine Parish",4,60,328,159,169
050,22,085,"Louisiana","Sabine Parish",4,61,316,150,166
050,22,085,"Louisiana","Sabine Parish",4,62,299,144,155
050,22,085,"Louisiana","Sabine Parish",4,63,280,135,145
050,22,085,"Louisiana","Sabine Parish",4,64,304,141,163
050,22,085,"Louisiana","Sabine Parish",4,65,311,149,162
050,22,085,"Louisiana","Sabine Parish",4,66,309,148,161
050,22,085,"Louisiana","Sabine Parish",4,67,279,135,144
050,22,085,"Louisiana","Sabine Parish",4,68,283,142,141
050,22,085,"Louisiana","Sabine Parish",4,69,281,138,143
050,22,085,"Louisiana","Sabine Parish",4,70,260,124,136
050,22,085,"Louisiana","Sabine Parish",4,71,266,129,137
050,22,085,"Louisiana","Sabine Parish",4,72,264,129,135
050,22,085,"Louisiana","Sabine Parish",4,73,251,120,131
050,22,085,"Louisiana","Sabine Parish",4,74,228,111,117
050,22,085,"Louisiana","Sabine Parish",4,75,244,113,131
050,22,085,"Louisiana","Sabine Parish",4,76,171,81,90
050,22,085,"Louisiana","Sabine Parish",4,77,159,77,82
050,22,085,"Louisiana","Sabine Parish",4,78,156,71,85
050,22,085,"Louisiana","Sabine Parish",4,79,180,84,96
050,22,085,"Louisiana","Sabine Parish",4,80,145,58,87
050,22,085,"Louisiana","Sabine Parish",4,81,125,51,74
050,22,085,"Louisiana","Sabine Parish",4,82,110,57,53
050,22,085,"Louisiana","Sabine Parish",4,83,96,58,38
050,22,085,"Louisiana","Sabine Parish",4,84,92,52,40
050,22,085,"Louisiana","Sabine Parish",4,85,465,173,292
050,22,085,"Louisiana","Sabine Parish",5,0,259,124,135
050,22,085,"Louisiana","Sabine Parish",5,1,253,119,134
050,22,085,"Louisiana","Sabine Parish",5,2,265,133,132
050,22,085,"Louisiana","Sabine Parish",5,3,257,127,130
050,22,085,"Louisiana","Sabine Parish",5,4,266,140,126
050,22,085,"Louisiana","Sabine Parish",5,5,245,136,109
050,22,085,"Louisiana","Sabine Parish",5,6,264,132,132
050,22,085,"Louisiana","Sabine Parish",5,7,261,142,119
050,22,085,"Louisiana","Sabine Parish",5,8,270,134,136
050,22,085,"Louisiana","Sabine Parish",5,9,286,138,148
050,22,085,"Louisiana","Sabine Parish",5,10,298,149,149
050,22,085,"Louisiana","Sabine Parish",5,11,299,152,147
050,22,085,"Louisiana","Sabine Parish",5,12,304,154,150
050,22,085,"Louisiana","Sabine Parish",5,13,288,132,156
050,22,085,"Louisiana","Sabine Parish",5,14,304,144,160
050,22,085,"Louisiana","Sabine Parish",5,15,306,153,153
050,22,085,"Louisiana","Sabine Parish",5,16,330,168,162
050,22,085,"Louisiana","Sabine Parish",5,17,303,150,153
050,22,085,"Louisiana","Sabine Parish",5,18,271,143,128
050,22,085,"Louisiana","Sabine Parish",5,19,214,123,91
050,22,085,"Louisiana","Sabine Parish",5,20,226,126,100
050,22,085,"Louisiana","Sabine Parish",5,21,220,117,103
050,22,085,"Louisiana","Sabine Parish",5,22,259,136,123
050,22,085,"Louisiana","Sabine Parish",5,23,273,141,132
050,22,085,"Louisiana","Sabine Parish",5,24,253,125,128
050,22,085,"Louisiana","Sabine Parish",5,25,233,118,115
050,22,085,"Louisiana","Sabine Parish",5,26,231,111,120
050,22,085,"Louisiana","Sabine Parish",5,27,221,109,112
050,22,085,"Louisiana","Sabine Parish",5,28,217,109,108
050,22,085,"Louisiana","Sabine Parish",5,29,225,126,99
050,22,085,"Louisiana","Sabine Parish",5,30,249,129,120
050,22,085,"Louisiana","Sabine Parish",5,31,269,136,133
050,22,085,"Louisiana","Sabine Parish",5,32,284,143,141
050,22,085,"Louisiana","Sabine Parish",5,33,255,115,140
050,22,085,"Louisiana","Sabine Parish",5,34,229,107,122
050,22,085,"Louisiana","Sabine Parish",5,35,245,125,120
050,22,085,"Louisiana","Sabine Parish",5,36,235,117,118
050,22,085,"Louisiana","Sabine Parish",5,37,265,141,124
050,22,085,"Louisiana","Sabine Parish",5,38,281,144,137
050,22,085,"Louisiana","Sabine Parish",5,39,267,127,140
050,22,085,"Louisiana","Sabine Parish",5,40,267,129,138
050,22,085,"Louisiana","Sabine Parish",5,41,267,132,135
050,22,085,"Louisiana","Sabine Parish",5,42,266,118,148
050,22,085,"Louisiana","Sabine Parish",5,43,262,131,131
050,22,085,"Louisiana","Sabine Parish",5,44,235,113,122
050,22,085,"Louisiana","Sabine Parish",5,45,234,113,121
050,22,085,"Louisiana","Sabine Parish",5,46,253,119,134
050,22,085,"Louisiana","Sabine Parish",5,47,238,117,121
050,22,085,"Louisiana","Sabine Parish",5,48,234,119,115
050,22,085,"Louisiana","Sabine Parish",5,49,242,124,118
050,22,085,"Louisiana","Sabine Parish",5,50,230,113,117
050,22,085,"Louisiana","Sabine Parish",5,51,242,103,139
050,22,085,"Louisiana","Sabine Parish",5,52,241,113,128
050,22,085,"Louisiana","Sabine Parish",5,53,270,127,143
050,22,085,"Louisiana","Sabine Parish",5,54,253,122,131
050,22,085,"Louisiana","Sabine Parish",5,55,275,145,130
050,22,085,"Louisiana","Sabine Parish",5,56,271,148,123
050,22,085,"Louisiana","Sabine Parish",5,57,287,153,134
050,22,085,"Louisiana","Sabine Parish",5,58,297,151,146
050,22,085,"Louisiana","Sabine Parish",5,59,315,156,159
050,22,085,"Louisiana","Sabine Parish",5,60,321,149,172
050,22,085,"Louisiana","Sabine Parish",5,61,324,155,169
050,22,085,"Louisiana","Sabine Parish",5,62,316,153,163
050,22,085,"Louisiana","Sabine Parish",5,63,291,144,147
050,22,085,"Louisiana","Sabine Parish",5,64,266,133,133
050,22,085,"Louisiana","Sabine Parish",5,65,312,143,169
050,22,085,"Louisiana","Sabine Parish",5,66,311,143,168
050,22,085,"Louisiana","Sabine Parish",5,67,293,144,149
050,22,085,"Louisiana","Sabine Parish",5,68,280,138,142
050,22,085,"Louisiana","Sabine Parish",5,69,280,140,140
050,22,085,"Louisiana","Sabine Parish",5,70,267,128,139
050,22,085,"Louisiana","Sabine Parish",5,71,260,126,134
050,22,085,"Louisiana","Sabine Parish",5,72,256,120,136
050,22,085,"Louisiana","Sabine Parish",5,73,253,124,129
050,22,085,"Louisiana","Sabine Parish",5,74,236,111,125
050,22,085,"Louisiana","Sabine Parish",5,75,212,99,113
050,22,085,"Louisiana","Sabine Parish",5,76,227,100,127
050,22,085,"Louisiana","Sabine Parish",5,77,151,75,76
050,22,085,"Louisiana","Sabine Parish",5,78,148,71,77
050,22,085,"Louisiana","Sabine Parish",5,79,144,65,79
050,22,085,"Louisiana","Sabine Parish",5,80,162,72,90
050,22,085,"Louisiana","Sabine Parish",5,81,132,53,79
050,22,085,"Louisiana","Sabine Parish",5,82,122,50,72
050,22,085,"Louisiana","Sabine Parish",5,83,105,53,52
050,22,085,"Louisiana","Sabine Parish",5,84,91,55,36
050,22,085,"Louisiana","Sabine Parish",5,85,487,194,293
050,22,087,"Louisiana","St. Bernard Parish",1,0,517,262,255
050,22,087,"Louisiana","St. Bernard Parish",1,1,566,280,286
050,22,087,"Louisiana","St. Bernard Parish",1,2,610,317,293
050,22,087,"Louisiana","St. Bernard Parish",1,3,625,317,308
050,22,087,"Louisiana","St. Bernard Parish",1,4,628,318,310
050,22,087,"Louisiana","St. Bernard Parish",1,5,640,318,322
050,22,087,"Louisiana","St. Bernard Parish",1,6,657,338,319
050,22,087,"Louisiana","St. Bernard Parish",1,7,675,344,331
050,22,087,"Louisiana","St. Bernard Parish",1,8,651,335,316
050,22,087,"Louisiana","St. Bernard Parish",1,9,686,343,343
050,22,087,"Louisiana","St. Bernard Parish",1,10,698,377,321
050,22,087,"Louisiana","St. Bernard Parish",1,11,716,372,344
050,22,087,"Louisiana","St. Bernard Parish",1,12,726,384,342
050,22,087,"Louisiana","St. Bernard Parish",1,13,709,375,334
050,22,087,"Louisiana","St. Bernard Parish",1,14,629,337,292
050,22,087,"Louisiana","St. Bernard Parish",1,15,633,329,304
050,22,087,"Louisiana","St. Bernard Parish",1,16,646,353,293
050,22,087,"Louisiana","St. Bernard Parish",1,17,591,300,291
050,22,087,"Louisiana","St. Bernard Parish",1,18,518,262,256
050,22,087,"Louisiana","St. Bernard Parish",1,19,395,219,176
050,22,087,"Louisiana","St. Bernard Parish",1,20,417,227,190
050,22,087,"Louisiana","St. Bernard Parish",1,21,450,223,227
050,22,087,"Louisiana","St. Bernard Parish",1,22,469,235,234
050,22,087,"Louisiana","St. Bernard Parish",1,23,480,233,247
050,22,087,"Louisiana","St. Bernard Parish",1,24,489,229,260
050,22,087,"Louisiana","St. Bernard Parish",1,25,511,253,258
050,22,087,"Louisiana","St. Bernard Parish",1,26,556,264,292
050,22,087,"Louisiana","St. Bernard Parish",1,27,635,305,330
050,22,087,"Louisiana","St. Bernard Parish",1,28,682,317,365
050,22,087,"Louisiana","St. Bernard Parish",1,29,703,349,354
050,22,087,"Louisiana","St. Bernard Parish",1,30,744,357,387
050,22,087,"Louisiana","St. Bernard Parish",1,31,722,319,403
050,22,087,"Louisiana","St. Bernard Parish",1,32,734,340,394
050,22,087,"Louisiana","St. Bernard Parish",1,33,742,353,389
050,22,087,"Louisiana","St. Bernard Parish",1,34,688,321,367
050,22,087,"Louisiana","St. Bernard Parish",1,35,727,338,389
050,22,087,"Louisiana","St. Bernard Parish",1,36,660,328,332
050,22,087,"Louisiana","St. Bernard Parish",1,37,673,321,352
050,22,087,"Louisiana","St. Bernard Parish",1,38,679,340,339
050,22,087,"Louisiana","St. Bernard Parish",1,39,685,341,344
050,22,087,"Louisiana","St. Bernard Parish",1,40,620,301,319
050,22,087,"Louisiana","St. Bernard Parish",1,41,583,279,304
050,22,087,"Louisiana","St. Bernard Parish",1,42,578,278,300
050,22,087,"Louisiana","St. Bernard Parish",1,43,559,248,311
050,22,087,"Louisiana","St. Bernard Parish",1,44,546,272,274
050,22,087,"Louisiana","St. Bernard Parish",1,45,530,272,258
050,22,087,"Louisiana","St. Bernard Parish",1,46,493,233,260
050,22,087,"Louisiana","St. Bernard Parish",1,47,506,256,250
050,22,087,"Louisiana","St. Bernard Parish",1,48,475,248,227
050,22,087,"Louisiana","St. Bernard Parish",1,49,522,249,273
050,22,087,"Louisiana","St. Bernard Parish",1,50,473,222,251
050,22,087,"Louisiana","St. Bernard Parish",1,51,475,250,225
050,22,087,"Louisiana","St. Bernard Parish",1,52,483,234,249
050,22,087,"Louisiana","St. Bernard Parish",1,53,498,243,255
050,22,087,"Louisiana","St. Bernard Parish",1,54,559,285,274
050,22,087,"Louisiana","St. Bernard Parish",1,55,594,292,302
050,22,087,"Louisiana","St. Bernard Parish",1,56,569,306,263
050,22,087,"Louisiana","St. Bernard Parish",1,57,567,305,262
050,22,087,"Louisiana","St. Bernard Parish",1,58,569,271,298
050,22,087,"Louisiana","St. Bernard Parish",1,59,574,287,287
050,22,087,"Louisiana","St. Bernard Parish",1,60,583,284,299
050,22,087,"Louisiana","St. Bernard Parish",1,61,582,294,288
050,22,087,"Louisiana","St. Bernard Parish",1,62,573,285,288
050,22,087,"Louisiana","St. Bernard Parish",1,63,474,231,243
050,22,087,"Louisiana","St. Bernard Parish",1,64,495,248,247
050,22,087,"Louisiana","St. Bernard Parish",1,65,500,252,248
050,22,087,"Louisiana","St. Bernard Parish",1,66,436,220,216
050,22,087,"Louisiana","St. Bernard Parish",1,67,398,199,199
050,22,087,"Louisiana","St. Bernard Parish",1,68,380,194,186
050,22,087,"Louisiana","St. Bernard Parish",1,69,342,162,180
050,22,087,"Louisiana","St. Bernard Parish",1,70,313,153,160
050,22,087,"Louisiana","St. Bernard Parish",1,71,305,152,153
050,22,087,"Louisiana","St. Bernard Parish",1,72,300,153,147
050,22,087,"Louisiana","St. Bernard Parish",1,73,278,138,140
050,22,087,"Louisiana","St. Bernard Parish",1,74,190,88,102
050,22,087,"Louisiana","St. Bernard Parish",1,75,181,80,101
050,22,087,"Louisiana","St. Bernard Parish",1,76,188,81,107
050,22,087,"Louisiana","St. Bernard Parish",1,77,183,86,97
050,22,087,"Louisiana","St. Bernard Parish",1,78,151,69,82
050,22,087,"Louisiana","St. Bernard Parish",1,79,154,72,82
050,22,087,"Louisiana","St. Bernard Parish",1,80,125,60,65
050,22,087,"Louisiana","St. Bernard Parish",1,81,113,49,64
050,22,087,"Louisiana","St. Bernard Parish",1,82,100,45,55
050,22,087,"Louisiana","St. Bernard Parish",1,83,85,37,48
050,22,087,"Louisiana","St. Bernard Parish",1,84,83,31,52
050,22,087,"Louisiana","St. Bernard Parish",1,85,518,185,333
050,22,087,"Louisiana","St. Bernard Parish",2,0,526,262,264
050,22,087,"Louisiana","St. Bernard Parish",2,1,562,280,282
050,22,087,"Louisiana","St. Bernard Parish",2,2,604,313,291
050,22,087,"Louisiana","St. Bernard Parish",2,3,618,316,302
050,22,087,"Louisiana","St. Bernard Parish",2,4,628,318,310
050,22,087,"Louisiana","St. Bernard Parish",2,5,641,322,319
050,22,087,"Louisiana","St. Bernard Parish",2,6,653,335,318
050,22,087,"Louisiana","St. Bernard Parish",2,7,669,343,326
050,22,087,"Louisiana","St. Bernard Parish",2,8,651,335,316
050,22,087,"Louisiana","St. Bernard Parish",2,9,675,340,335
050,22,087,"Louisiana","St. Bernard Parish",2,10,694,365,329
050,22,087,"Louisiana","St. Bernard Parish",2,11,711,372,339
050,22,087,"Louisiana","St. Bernard Parish",2,12,730,384,346
050,22,087,"Louisiana","St. Bernard Parish",2,13,711,377,334
050,22,087,"Louisiana","St. Bernard Parish",2,14,646,343,303
050,22,087,"Louisiana","St. Bernard Parish",2,15,633,332,301
050,22,087,"Louisiana","St. Bernard Parish",2,16,635,345,290
050,22,087,"Louisiana","St. Bernard Parish",2,17,603,312,291
050,22,087,"Louisiana","St. Bernard Parish",2,18,513,264,249
050,22,087,"Louisiana","St. Bernard Parish",2,19,412,220,192
050,22,087,"Louisiana","St. Bernard Parish",2,20,424,229,195
050,22,087,"Louisiana","St. Bernard Parish",2,21,442,223,219
050,22,087,"Louisiana","St. Bernard Parish",2,22,472,235,237
050,22,087,"Louisiana","St. Bernard Parish",2,23,486,235,251
050,22,087,"Louisiana","St. Bernard Parish",2,24,493,232,261
050,22,087,"Louisiana","St. Bernard Parish",2,25,510,249,261
050,22,087,"Louisiana","St. Bernard Parish",2,26,550,265,285
050,22,087,"Louisiana","St. Bernard Parish",2,27,619,296,323
050,22,087,"Louisiana","St. Bernard Parish",2,28,669,316,353
050,22,087,"Louisiana","St. Bernard Parish",2,29,698,344,354
050,22,087,"Louisiana","St. Bernard Parish",2,30,738,354,384
050,22,087,"Louisiana","St. Bernard Parish",2,31,724,325,399
050,22,087,"Louisiana","St. Bernard Parish",2,32,737,337,400
050,22,087,"Louisiana","St. Bernard Parish",2,33,744,350,394
050,22,087,"Louisiana","St. Bernard Parish",2,34,705,330,375
050,22,087,"Louisiana","St. Bernard Parish",2,35,722,336,386
050,22,087,"Louisiana","St. Bernard Parish",2,36,675,329,346
050,22,087,"Louisiana","St. Bernard Parish",2,37,670,323,347
050,22,087,"Louisiana","St. Bernard Parish",2,38,679,333,346
050,22,087,"Louisiana","St. Bernard Parish",2,39,678,336,342
050,22,087,"Louisiana","St. Bernard Parish",2,40,641,317,324
050,22,087,"Louisiana","St. Bernard Parish",2,41,589,285,304
050,22,087,"Louisiana","St. Bernard Parish",2,42,576,278,298
050,22,087,"Louisiana","St. Bernard Parish",2,43,566,256,310
050,22,087,"Louisiana","St. Bernard Parish",2,44,543,265,278
050,22,087,"Louisiana","St. Bernard Parish",2,45,533,271,262
050,22,087,"Louisiana","St. Bernard Parish",2,46,500,241,259
050,22,087,"Louisiana","St. Bernard Parish",2,47,497,247,250
050,22,087,"Louisiana","St. Bernard Parish",2,48,481,250,231
050,22,087,"Louisiana","St. Bernard Parish",2,49,515,252,263
050,22,087,"Louisiana","St. Bernard Parish",2,50,485,228,257
050,22,087,"Louisiana","St. Bernard Parish",2,51,474,242,232
050,22,087,"Louisiana","St. Bernard Parish",2,52,481,238,243
050,22,087,"Louisiana","St. Bernard Parish",2,53,496,241,255
050,22,087,"Louisiana","St. Bernard Parish",2,54,545,275,270
050,22,087,"Louisiana","St. Bernard Parish",2,55,585,290,295
050,22,087,"Louisiana","St. Bernard Parish",2,56,577,304,273
050,22,087,"Louisiana","St. Bernard Parish",2,57,567,306,261
050,22,087,"Louisiana","St. Bernard Parish",2,58,565,278,287
050,22,087,"Louisiana","St. Bernard Parish",2,59,576,284,292
050,22,087,"Louisiana","St. Bernard Parish",2,60,581,286,295
050,22,087,"Louisiana","St. Bernard Parish",2,61,583,292,291
050,22,087,"Louisiana","St. Bernard Parish",2,62,571,283,288
050,22,087,"Louisiana","St. Bernard Parish",2,63,503,247,256
050,22,087,"Louisiana","St. Bernard Parish",2,64,481,236,245
050,22,087,"Louisiana","St. Bernard Parish",2,65,503,252,251
050,22,087,"Louisiana","St. Bernard Parish",2,66,451,228,223
050,22,087,"Louisiana","St. Bernard Parish",2,67,408,204,204
050,22,087,"Louisiana","St. Bernard Parish",2,68,381,192,189
050,22,087,"Louisiana","St. Bernard Parish",2,69,351,168,183
050,22,087,"Louisiana","St. Bernard Parish",2,70,317,151,166
050,22,087,"Louisiana","St. Bernard Parish",2,71,305,152,153
050,22,087,"Louisiana","St. Bernard Parish",2,72,294,150,144
050,22,087,"Louisiana","St. Bernard Parish",2,73,295,147,148
050,22,087,"Louisiana","St. Bernard Parish",2,74,200,94,106
050,22,087,"Louisiana","St. Bernard Parish",2,75,180,81,99
050,22,087,"Louisiana","St. Bernard Parish",2,76,187,81,106
050,22,087,"Louisiana","St. Bernard Parish",2,77,186,86,100
050,22,087,"Louisiana","St. Bernard Parish",2,78,156,72,84
050,22,087,"Louisiana","St. Bernard Parish",2,79,151,69,82
050,22,087,"Louisiana","St. Bernard Parish",2,80,131,63,68
050,22,087,"Louisiana","St. Bernard Parish",2,81,114,51,63
050,22,087,"Louisiana","St. Bernard Parish",2,82,101,46,55
050,22,087,"Louisiana","St. Bernard Parish",2,83,87,37,50
050,22,087,"Louisiana","St. Bernard Parish",2,84,84,34,50
050,22,087,"Louisiana","St. Bernard Parish",2,85,513,181,332
050,22,087,"Louisiana","St. Bernard Parish",3,0,567,285,282
050,22,087,"Louisiana","St. Bernard Parish",3,1,542,283,259
050,22,087,"Louisiana","St. Bernard Parish",3,2,581,296,285
050,22,087,"Louisiana","St. Bernard Parish",3,3,591,308,283
050,22,087,"Louisiana","St. Bernard Parish",3,4,634,325,309
050,22,087,"Louisiana","St. Bernard Parish",3,5,634,326,308
050,22,087,"Louisiana","St. Bernard Parish",3,6,665,337,328
050,22,087,"Louisiana","St. Bernard Parish",3,7,654,333,321
050,22,087,"Louisiana","St. Bernard Parish",3,8,666,339,327
050,22,087,"Louisiana","St. Bernard Parish",3,9,665,345,320
050,22,087,"Louisiana","St. Bernard Parish",3,10,697,347,350
050,22,087,"Louisiana","St. Bernard Parish",3,11,690,361,329
050,22,087,"Louisiana","St. Bernard Parish",3,12,721,377,344
050,22,087,"Louisiana","St. Bernard Parish",3,13,751,398,353
050,22,087,"Louisiana","St. Bernard Parish",3,14,709,363,346
050,22,087,"Louisiana","St. Bernard Parish",3,15,655,343,312
050,22,087,"Louisiana","St. Bernard Parish",3,16,624,324,300
050,22,087,"Louisiana","St. Bernard Parish",3,17,640,351,289
050,22,087,"Louisiana","St. Bernard Parish",3,18,546,282,264
050,22,087,"Louisiana","St. Bernard Parish",3,19,441,232,209
050,22,087,"Louisiana","St. Bernard Parish",3,20,452,228,224
050,22,087,"Louisiana","St. Bernard Parish",3,21,463,247,216
050,22,087,"Louisiana","St. Bernard Parish",3,22,455,226,229
050,22,087,"Louisiana","St. Bernard Parish",3,23,518,250,268
050,22,087,"Louisiana","St. Bernard Parish",3,24,497,240,257
050,22,087,"Louisiana","St. Bernard Parish",3,25,501,248,253
050,22,087,"Louisiana","St. Bernard Parish",3,26,533,262,271
050,22,087,"Louisiana","St. Bernard Parish",3,27,549,263,286
050,22,087,"Louisiana","St. Bernard Parish",3,28,615,299,316
050,22,087,"Louisiana","St. Bernard Parish",3,29,669,311,358
050,22,087,"Louisiana","St. Bernard Parish",3,30,717,345,372
050,22,087,"Louisiana","St. Bernard Parish",3,31,753,354,399
050,22,087,"Louisiana","St. Bernard Parish",3,32,758,338,420
050,22,087,"Louisiana","St. Bernard Parish",3,33,731,334,397
050,22,087,"Louisiana","St. Bernard Parish",3,34,752,360,392
050,22,087,"Louisiana","St. Bernard Parish",3,35,700,320,380
050,22,087,"Louisiana","St. Bernard Parish",3,36,731,332,399
050,22,087,"Louisiana","St. Bernard Parish",3,37,677,331,346
050,22,087,"Louisiana","St. Bernard Parish",3,38,668,320,348
050,22,087,"Louisiana","St. Bernard Parish",3,39,684,331,353
050,22,087,"Louisiana","St. Bernard Parish",3,40,669,321,348
050,22,087,"Louisiana","St. Bernard Parish",3,41,641,323,318
050,22,087,"Louisiana","St. Bernard Parish",3,42,596,290,306
050,22,087,"Louisiana","St. Bernard Parish",3,43,590,288,302
050,22,087,"Louisiana","St. Bernard Parish",3,44,561,250,311
050,22,087,"Louisiana","St. Bernard Parish",3,45,542,264,278
050,22,087,"Louisiana","St. Bernard Parish",3,46,546,273,273
050,22,087,"Louisiana","St. Bernard Parish",3,47,507,251,256
050,22,087,"Louisiana","St. Bernard Parish",3,48,485,236,249
050,22,087,"Louisiana","St. Bernard Parish",3,49,486,254,232
050,22,087,"Louisiana","St. Bernard Parish",3,50,493,237,256
050,22,087,"Louisiana","St. Bernard Parish",3,51,492,230,262
050,22,087,"Louisiana","St. Bernard Parish",3,52,471,238,233
050,22,087,"Louisiana","St. Bernard Parish",3,53,478,243,235
050,22,087,"Louisiana","St. Bernard Parish",3,54,505,242,263
050,22,087,"Louisiana","St. Bernard Parish",3,55,536,271,265
050,22,087,"Louisiana","St. Bernard Parish",3,56,586,292,294
050,22,087,"Louisiana","St. Bernard Parish",3,57,567,300,267
050,22,087,"Louisiana","St. Bernard Parish",3,58,550,300,250
050,22,087,"Louisiana","St. Bernard Parish",3,59,561,270,291
050,22,087,"Louisiana","St. Bernard Parish",3,60,545,259,286
050,22,087,"Louisiana","St. Bernard Parish",3,61,557,277,280
050,22,087,"Louisiana","St. Bernard Parish",3,62,586,287,299
050,22,087,"Louisiana","St. Bernard Parish",3,63,565,279,286
050,22,087,"Louisiana","St. Bernard Parish",3,64,497,242,255
050,22,087,"Louisiana","St. Bernard Parish",3,65,471,230,241
050,22,087,"Louisiana","St. Bernard Parish",3,66,492,252,240
050,22,087,"Louisiana","St. Bernard Parish",3,67,439,220,219
050,22,087,"Louisiana","St. Bernard Parish",3,68,394,201,193
050,22,087,"Louisiana","St. Bernard Parish",3,69,372,187,185
050,22,087,"Louisiana","St. Bernard Parish",3,70,339,164,175
050,22,087,"Louisiana","St. Bernard Parish",3,71,310,149,161
050,22,087,"Louisiana","St. Bernard Parish",3,72,295,147,148
050,22,087,"Louisiana","St. Bernard Parish",3,73,283,143,140
050,22,087,"Louisiana","St. Bernard Parish",3,74,283,141,142
050,22,087,"Louisiana","St. Bernard Parish",3,75,194,92,102
050,22,087,"Louisiana","St. Bernard Parish",3,76,173,78,95
050,22,087,"Louisiana","St. Bernard Parish",3,77,177,73,104
050,22,087,"Louisiana","St. Bernard Parish",3,78,167,74,93
050,22,087,"Louisiana","St. Bernard Parish",3,79,147,71,76
050,22,087,"Louisiana","St. Bernard Parish",3,80,145,66,79
050,22,087,"Louisiana","St. Bernard Parish",3,81,119,57,62
050,22,087,"Louisiana","St. Bernard Parish",3,82,110,47,63
050,22,087,"Louisiana","St. Bernard Parish",3,83,88,37,51
050,22,087,"Louisiana","St. Bernard Parish",3,84,83,35,48
050,22,087,"Louisiana","St. Bernard Parish",3,85,535,192,343
050,22,087,"Louisiana","St. Bernard Parish",4,0,568,257,311
050,22,087,"Louisiana","St. Bernard Parish",4,1,574,298,276
050,22,087,"Louisiana","St. Bernard Parish",4,2,527,279,248
050,22,087,"Louisiana","St. Bernard Parish",4,3,585,300,285
050,22,087,"Louisiana","St. Bernard Parish",4,4,575,294,281
050,22,087,"Louisiana","St. Bernard Parish",4,5,629,325,304
050,22,087,"Louisiana","St. Bernard Parish",4,6,647,324,323
050,22,087,"Louisiana","St. Bernard Parish",4,7,653,329,324
050,22,087,"Louisiana","St. Bernard Parish",4,8,655,335,320
050,22,087,"Louisiana","St. Bernard Parish",4,9,656,330,326
050,22,087,"Louisiana","St. Bernard Parish",4,10,665,348,317
050,22,087,"Louisiana","St. Bernard Parish",4,11,691,352,339
050,22,087,"Louisiana","St. Bernard Parish",4,12,691,371,320
050,22,087,"Louisiana","St. Bernard Parish",4,13,710,372,338
050,22,087,"Louisiana","St. Bernard Parish",4,14,751,398,353
050,22,087,"Louisiana","St. Bernard Parish",4,15,698,362,336
050,22,087,"Louisiana","St. Bernard Parish",4,16,647,346,301
050,22,087,"Louisiana","St. Bernard Parish",4,17,614,315,299
050,22,087,"Louisiana","St. Bernard Parish",4,18,544,292,252
050,22,087,"Louisiana","St. Bernard Parish",4,19,451,238,213
050,22,087,"Louisiana","St. Bernard Parish",4,20,445,238,207
050,22,087,"Louisiana","St. Bernard Parish",4,21,444,226,218
050,22,087,"Louisiana","St. Bernard Parish",4,22,476,250,226
050,22,087,"Louisiana","St. Bernard Parish",4,23,466,233,233
050,22,087,"Louisiana","St. Bernard Parish",4,24,512,235,277
050,22,087,"Louisiana","St. Bernard Parish",4,25,507,246,261
050,22,087,"Louisiana","St. Bernard Parish",4,26,487,230,257
050,22,087,"Louisiana","St. Bernard Parish",4,27,530,258,272
050,22,087,"Louisiana","St. Bernard Parish",4,28,579,271,308
050,22,087,"Louisiana","St. Bernard Parish",4,29,642,312,330
050,22,087,"Louisiana","St. Bernard Parish",4,30,673,314,359
050,22,087,"Louisiana","St. Bernard Parish",4,31,717,353,364
050,22,087,"Louisiana","St. Bernard Parish",4,32,785,356,429
050,22,087,"Louisiana","St. Bernard Parish",4,33,750,325,425
050,22,087,"Louisiana","St. Bernard Parish",4,34,734,326,408
050,22,087,"Louisiana","St. Bernard Parish",4,35,754,350,404
050,22,087,"Louisiana","St. Bernard Parish",4,36,701,326,375
050,22,087,"Louisiana","St. Bernard Parish",4,37,740,326,414
050,22,087,"Louisiana","St. Bernard Parish",4,38,678,332,346
050,22,087,"Louisiana","St. Bernard Parish",4,39,654,303,351
050,22,087,"Louisiana","St. Bernard Parish",4,40,702,344,358
050,22,087,"Louisiana","St. Bernard Parish",4,41,663,321,342
050,22,087,"Louisiana","St. Bernard Parish",4,42,675,346,329
050,22,087,"Louisiana","St. Bernard Parish",4,43,598,291,307
050,22,087,"Louisiana","St. Bernard Parish",4,44,573,284,289
050,22,087,"Louisiana","St. Bernard Parish",4,45,555,244,311
050,22,087,"Louisiana","St. Bernard Parish",4,46,534,256,278
050,22,087,"Louisiana","St. Bernard Parish",4,47,536,270,266
050,22,087,"Louisiana","St. Bernard Parish",4,48,502,248,254
050,22,087,"Louisiana","St. Bernard Parish",4,49,504,253,251
050,22,087,"Louisiana","St. Bernard Parish",4,50,489,257,232
050,22,087,"Louisiana","St. Bernard Parish",4,51,492,236,256
050,22,087,"Louisiana","St. Bernard Parish",4,52,483,221,262
050,22,087,"Louisiana","St. Bernard Parish",4,53,479,242,237
050,22,087,"Louisiana","St. Bernard Parish",4,54,479,236,243
050,22,087,"Louisiana","St. Bernard Parish",4,55,500,238,262
050,22,087,"Louisiana","St. Bernard Parish",4,56,543,278,265
050,22,087,"Louisiana","St. Bernard Parish",4,57,587,295,292
050,22,087,"Louisiana","St. Bernard Parish",4,58,553,288,265
050,22,087,"Louisiana","St. Bernard Parish",4,59,547,295,252
050,22,087,"Louisiana","St. Bernard Parish",4,60,560,265,295
050,22,087,"Louisiana","St. Bernard Parish",4,61,534,252,282
050,22,087,"Louisiana","St. Bernard Parish",4,62,537,266,271
050,22,087,"Louisiana","St. Bernard Parish",4,63,574,281,293
050,22,087,"Louisiana","St. Bernard Parish",4,64,559,276,283
050,22,087,"Louisiana","St. Bernard Parish",4,65,488,237,251
050,22,087,"Louisiana","St. Bernard Parish",4,66,469,227,242
050,22,087,"Louisiana","St. Bernard Parish",4,67,477,238,239
050,22,087,"Louisiana","St. Bernard Parish",4,68,432,217,215
050,22,087,"Louisiana","St. Bernard Parish",4,69,391,200,191
050,22,087,"Louisiana","St. Bernard Parish",4,70,359,183,176
050,22,087,"Louisiana","St. Bernard Parish",4,71,334,157,177
050,22,087,"Louisiana","St. Bernard Parish",4,72,302,141,161
050,22,087,"Louisiana","St. Bernard Parish",4,73,284,142,142
050,22,087,"Louisiana","St. Bernard Parish",4,74,278,143,135
050,22,087,"Louisiana","St. Bernard Parish",4,75,275,133,142
050,22,087,"Louisiana","St. Bernard Parish",4,76,182,84,98
050,22,087,"Louisiana","St. Bernard Parish",4,77,160,70,90
050,22,087,"Louisiana","St. Bernard Parish",4,78,163,63,100
050,22,087,"Louisiana","St. Bernard Parish",4,79,165,75,90
050,22,087,"Louisiana","St. Bernard Parish",4,80,138,67,71
050,22,087,"Louisiana","St. Bernard Parish",4,81,143,64,79
050,22,087,"Louisiana","St. Bernard Parish",4,82,109,53,56
050,22,087,"Louisiana","St. Bernard Parish",4,83,98,39,59
050,22,087,"Louisiana","St. Bernard Parish",4,84,81,32,49
050,22,087,"Louisiana","St. Bernard Parish",4,85,528,188,340
050,22,087,"Louisiana","St. Bernard Parish",5,0,571,262,309
050,22,087,"Louisiana","St. Bernard Parish",5,1,603,280,323
050,22,087,"Louisiana","St. Bernard Parish",5,2,593,311,282
050,22,087,"Louisiana","St. Bernard Parish",5,3,537,296,241
050,22,087,"Louisiana","St. Bernard Parish",5,4,604,302,302
050,22,087,"Louisiana","St. Bernard Parish",5,5,592,301,291
050,22,087,"Louisiana","St. Bernard Parish",5,6,630,313,317
050,22,087,"Louisiana","St. Bernard Parish",5,7,624,308,316
050,22,087,"Louisiana","St. Bernard Parish",5,8,621,316,305
050,22,087,"Louisiana","St. Bernard Parish",5,9,634,334,300
050,22,087,"Louisiana","St. Bernard Parish",5,10,644,316,328
050,22,087,"Louisiana","St. Bernard Parish",5,11,661,339,322
050,22,087,"Louisiana","St. Bernard Parish",5,12,682,342,340
050,22,087,"Louisiana","St. Bernard Parish",5,13,669,358,311
050,22,087,"Louisiana","St. Bernard Parish",5,14,712,364,348
050,22,087,"Louisiana","St. Bernard Parish",5,15,741,396,345
050,22,087,"Louisiana","St. Bernard Parish",5,16,705,355,350
050,22,087,"Louisiana","St. Bernard Parish",5,17,632,335,297
050,22,087,"Louisiana","St. Bernard Parish",5,18,556,287,269
050,22,087,"Louisiana","St. Bernard Parish",5,19,468,247,221
050,22,087,"Louisiana","St. Bernard Parish",5,20,475,244,231
050,22,087,"Louisiana","St. Bernard Parish",5,21,468,238,230
050,22,087,"Louisiana","St. Bernard Parish",5,22,474,244,230
050,22,087,"Louisiana","St. Bernard Parish",5,23,497,254,243
050,22,087,"Louisiana","St. Bernard Parish",5,24,501,247,254
050,22,087,"Louisiana","St. Bernard Parish",5,25,505,231,274
050,22,087,"Louisiana","St. Bernard Parish",5,26,511,239,272
050,22,087,"Louisiana","St. Bernard Parish",5,27,480,232,248
050,22,087,"Louisiana","St. Bernard Parish",5,28,524,248,276
050,22,087,"Louisiana","St. Bernard Parish",5,29,570,265,305
050,22,087,"Louisiana","St. Bernard Parish",5,30,646,312,334
050,22,087,"Louisiana","St. Bernard Parish",5,31,689,322,367
050,22,087,"Louisiana","St. Bernard Parish",5,32,731,359,372
050,22,087,"Louisiana","St. Bernard Parish",5,33,764,344,420
050,22,087,"Louisiana","St. Bernard Parish",5,34,744,326,418
050,22,087,"Louisiana","St. Bernard Parish",5,35,715,311,404
050,22,087,"Louisiana","St. Bernard Parish",5,36,745,346,399
050,22,087,"Louisiana","St. Bernard Parish",5,37,705,327,378
050,22,087,"Louisiana","St. Bernard Parish",5,38,730,317,413
050,22,087,"Louisiana","St. Bernard Parish",5,39,667,321,346
050,22,087,"Louisiana","St. Bernard Parish",5,40,649,296,353
050,22,087,"Louisiana","St. Bernard Parish",5,41,709,340,369
050,22,087,"Louisiana","St. Bernard Parish",5,42,653,325,328
050,22,087,"Louisiana","St. Bernard Parish",5,43,665,337,328
050,22,087,"Louisiana","St. Bernard Parish",5,44,596,282,314
050,22,087,"Louisiana","St. Bernard Parish",5,45,569,290,279
050,22,087,"Louisiana","St. Bernard Parish",5,46,553,242,311
050,22,087,"Louisiana","St. Bernard Parish",5,47,517,244,273
050,22,087,"Louisiana","St. Bernard Parish",5,48,528,267,261
050,22,087,"Louisiana","St. Bernard Parish",5,49,510,257,253
050,22,087,"Louisiana","St. Bernard Parish",5,50,500,250,250
050,22,087,"Louisiana","St. Bernard Parish",5,51,485,259,226
050,22,087,"Louisiana","St. Bernard Parish",5,52,505,243,262
050,22,087,"Louisiana","St. Bernard Parish",5,53,486,224,262
050,22,087,"Louisiana","St. Bernard Parish",5,54,473,238,235
050,22,087,"Louisiana","St. Bernard Parish",5,55,468,233,235
050,22,087,"Louisiana","St. Bernard Parish",5,56,507,245,262
050,22,087,"Louisiana","St. Bernard Parish",5,57,539,281,258
050,22,087,"Louisiana","St. Bernard Parish",5,58,569,287,282
050,22,087,"Louisiana","St. Bernard Parish",5,59,545,280,265
050,22,087,"Louisiana","St. Bernard Parish",5,60,529,277,252
050,22,087,"Louisiana","St. Bernard Parish",5,61,551,257,294
050,22,087,"Louisiana","St. Bernard Parish",5,62,529,242,287
050,22,087,"Louisiana","St. Bernard Parish",5,63,528,265,263
050,22,087,"Louisiana","St. Bernard Parish",5,64,549,269,280
050,22,087,"Louisiana","St. Bernard Parish",5,65,541,260,281
050,22,087,"Louisiana","St. Bernard Parish",5,66,464,223,241
050,22,087,"Louisiana","St. Bernard Parish",5,67,458,220,238
050,22,087,"Louisiana","St. Bernard Parish",5,68,469,233,236
050,22,087,"Louisiana","St. Bernard Parish",5,69,424,214,210
050,22,087,"Louisiana","St. Bernard Parish",5,70,368,189,179
050,22,087,"Louisiana","St. Bernard Parish",5,71,347,179,168
050,22,087,"Louisiana","St. Bernard Parish",5,72,331,156,175
050,22,087,"Louisiana","St. Bernard Parish",5,73,296,137,159
050,22,087,"Louisiana","St. Bernard Parish",5,74,278,139,139
050,22,087,"Louisiana","St. Bernard Parish",5,75,276,140,136
050,22,087,"Louisiana","St. Bernard Parish",5,76,261,124,137
050,22,087,"Louisiana","St. Bernard Parish",5,77,171,76,95
050,22,087,"Louisiana","St. Bernard Parish",5,78,147,60,87
050,22,087,"Louisiana","St. Bernard Parish",5,79,157,62,95
050,22,087,"Louisiana","St. Bernard Parish",5,80,158,71,87
050,22,087,"Louisiana","St. Bernard Parish",5,81,130,58,72
050,22,087,"Louisiana","St. Bernard Parish",5,82,139,60,79
050,22,087,"Louisiana","St. Bernard Parish",5,83,96,46,50
050,22,087,"Louisiana","St. Bernard Parish",5,84,90,34,56
050,22,087,"Louisiana","St. Bernard Parish",5,85,530,189,341
050,22,089,"Louisiana","St. Charles Parish",1,0,564,288,276
050,22,089,"Louisiana","St. Charles Parish",1,1,599,309,290
050,22,089,"Louisiana","St. Charles Parish",1,2,626,325,301
050,22,089,"Louisiana","St. Charles Parish",1,3,641,347,294
050,22,089,"Louisiana","St. Charles Parish",1,4,682,336,346
050,22,089,"Louisiana","St. Charles Parish",1,5,680,341,339
050,22,089,"Louisiana","St. Charles Parish",1,6,717,360,357
050,22,089,"Louisiana","St. Charles Parish",1,7,724,367,357
050,22,089,"Louisiana","St. Charles Parish",1,8,671,340,331
050,22,089,"Louisiana","St. Charles Parish",1,9,733,374,359
050,22,089,"Louisiana","St. Charles Parish",1,10,738,368,370
050,22,089,"Louisiana","St. Charles Parish",1,11,790,406,384
050,22,089,"Louisiana","St. Charles Parish",1,12,811,429,382
050,22,089,"Louisiana","St. Charles Parish",1,13,868,456,412
050,22,089,"Louisiana","St. Charles Parish",1,14,788,400,388
050,22,089,"Louisiana","St. Charles Parish",1,15,798,418,380
050,22,089,"Louisiana","St. Charles Parish",1,16,756,377,379
050,22,089,"Louisiana","St. Charles Parish",1,17,736,384,352
050,22,089,"Louisiana","St. Charles Parish",1,18,635,341,294
050,22,089,"Louisiana","St. Charles Parish",1,19,550,270,280
050,22,089,"Louisiana","St. Charles Parish",1,20,606,324,282
050,22,089,"Louisiana","St. Charles Parish",1,21,592,316,276
050,22,089,"Louisiana","St. Charles Parish",1,22,611,305,306
050,22,089,"Louisiana","St. Charles Parish",1,23,626,318,308
050,22,089,"Louisiana","St. Charles Parish",1,24,624,301,323
050,22,089,"Louisiana","St. Charles Parish",1,25,623,290,333
050,22,089,"Louisiana","St. Charles Parish",1,26,626,314,312
050,22,089,"Louisiana","St. Charles Parish",1,27,625,318,307
050,22,089,"Louisiana","St. Charles Parish",1,28,678,339,339
050,22,089,"Louisiana","St. Charles Parish",1,29,697,349,348
050,22,089,"Louisiana","St. Charles Parish",1,30,640,328,312
050,22,089,"Louisiana","St. Charles Parish",1,31,648,311,337
050,22,089,"Louisiana","St. Charles Parish",1,32,678,323,355
050,22,089,"Louisiana","St. Charles Parish",1,33,692,324,368
050,22,089,"Louisiana","St. Charles Parish",1,34,735,344,391
050,22,089,"Louisiana","St. Charles Parish",1,35,700,334,366
050,22,089,"Louisiana","St. Charles Parish",1,36,715,359,356
050,22,089,"Louisiana","St. Charles Parish",1,37,747,352,395
050,22,089,"Louisiana","St. Charles Parish",1,38,729,338,391
050,22,089,"Louisiana","St. Charles Parish",1,39,736,348,388
050,22,089,"Louisiana","St. Charles Parish",1,40,707,332,375
050,22,089,"Louisiana","St. Charles Parish",1,41,729,362,367
050,22,089,"Louisiana","St. Charles Parish",1,42,736,354,382
050,22,089,"Louisiana","St. Charles Parish",1,43,699,341,358
050,22,089,"Louisiana","St. Charles Parish",1,44,640,311,329
050,22,089,"Louisiana","St. Charles Parish",1,45,599,288,311
050,22,089,"Louisiana","St. Charles Parish",1,46,584,286,298
050,22,089,"Louisiana","St. Charles Parish",1,47,612,317,295
050,22,089,"Louisiana","St. Charles Parish",1,48,679,320,359
050,22,089,"Louisiana","St. Charles Parish",1,49,680,331,349
050,22,089,"Louisiana","St. Charles Parish",1,50,672,319,353
050,22,089,"Louisiana","St. Charles Parish",1,51,708,353,355
050,22,089,"Louisiana","St. Charles Parish",1,52,703,333,370
050,22,089,"Louisiana","St. Charles Parish",1,53,709,341,368
050,22,089,"Louisiana","St. Charles Parish",1,54,732,363,369
050,22,089,"Louisiana","St. Charles Parish",1,55,797,386,411
050,22,089,"Louisiana","St. Charles Parish",1,56,775,359,416
050,22,089,"Louisiana","St. Charles Parish",1,57,772,368,404
050,22,089,"Louisiana","St. Charles Parish",1,58,796,376,420
050,22,089,"Louisiana","St. Charles Parish",1,59,813,405,408
050,22,089,"Louisiana","St. Charles Parish",1,60,798,409,389
050,22,089,"Louisiana","St. Charles Parish",1,61,762,382,380
050,22,089,"Louisiana","St. Charles Parish",1,62,743,380,363
050,22,089,"Louisiana","St. Charles Parish",1,63,710,368,342
050,22,089,"Louisiana","St. Charles Parish",1,64,655,326,329
050,22,089,"Louisiana","St. Charles Parish",1,65,601,295,306
050,22,089,"Louisiana","St. Charles Parish",1,66,551,279,272
050,22,089,"Louisiana","St. Charles Parish",1,67,568,289,279
050,22,089,"Louisiana","St. Charles Parish",1,68,524,247,277
050,22,089,"Louisiana","St. Charles Parish",1,69,499,235,264
050,22,089,"Louisiana","St. Charles Parish",1,70,476,228,248
050,22,089,"Louisiana","St. Charles Parish",1,71,422,205,217
050,22,089,"Louisiana","St. Charles Parish",1,72,410,204,206
050,22,089,"Louisiana","St. Charles Parish",1,73,392,193,199
050,22,089,"Louisiana","St. Charles Parish",1,74,276,132,144
050,22,089,"Louisiana","St. Charles Parish",1,75,268,116,152
050,22,089,"Louisiana","St. Charles Parish",1,76,266,120,146
050,22,089,"Louisiana","St. Charles Parish",1,77,258,126,132
050,22,089,"Louisiana","St. Charles Parish",1,78,218,101,117
050,22,089,"Louisiana","St. Charles Parish",1,79,195,79,116
050,22,089,"Louisiana","St. Charles Parish",1,80,166,71,95
050,22,089,"Louisiana","St. Charles Parish",1,81,177,78,99
050,22,089,"Louisiana","St. Charles Parish",1,82,161,69,92
050,22,089,"Louisiana","St. Charles Parish",1,83,130,49,81
050,22,089,"Louisiana","St. Charles Parish",1,84,116,38,78
050,22,089,"Louisiana","St. Charles Parish",1,85,629,247,382
050,22,089,"Louisiana","St. Charles Parish",2,0,577,291,286
050,22,089,"Louisiana","St. Charles Parish",2,1,593,305,288
050,22,089,"Louisiana","St. Charles Parish",2,2,620,323,297
050,22,089,"Louisiana","St. Charles Parish",2,3,636,339,297
050,22,089,"Louisiana","St. Charles Parish",2,4,675,339,336
050,22,089,"Louisiana","St. Charles Parish",2,5,684,342,342
050,22,089,"Louisiana","St. Charles Parish",2,6,707,356,351
050,22,089,"Louisiana","St. Charles Parish",2,7,717,362,355
050,22,089,"Louisiana","St. Charles Parish",2,8,684,345,339
050,22,089,"Louisiana","St. Charles Parish",2,9,716,364,352
050,22,089,"Louisiana","St. Charles Parish",2,10,740,371,369
050,22,089,"Louisiana","St. Charles Parish",2,11,775,396,379
050,22,089,"Louisiana","St. Charles Parish",2,12,814,428,386
050,22,089,"Louisiana","St. Charles Parish",2,13,851,448,403
050,22,089,"Louisiana","St. Charles Parish",2,14,810,415,395
050,22,089,"Louisiana","St. Charles Parish",2,15,795,412,383
050,22,089,"Louisiana","St. Charles Parish",2,16,767,389,378
050,22,089,"Louisiana","St. Charles Parish",2,17,744,387,357
050,22,089,"Louisiana","St. Charles Parish",2,18,628,337,291
050,22,089,"Louisiana","St. Charles Parish",2,19,544,275,269
050,22,089,"Louisiana","St. Charles Parish",2,20,609,319,290
050,22,089,"Louisiana","St. Charles Parish",2,21,598,316,282
050,22,089,"Louisiana","St. Charles Parish",2,22,612,310,302
050,22,089,"Louisiana","St. Charles Parish",2,23,624,314,310
050,22,089,"Louisiana","St. Charles Parish",2,24,619,304,315
050,22,089,"Louisiana","St. Charles Parish",2,25,621,292,329
050,22,089,"Louisiana","St. Charles Parish",2,26,628,311,317
050,22,089,"Louisiana","St. Charles Parish",2,27,630,321,309
050,22,089,"Louisiana","St. Charles Parish",2,28,666,335,331
050,22,089,"Louisiana","St. Charles Parish",2,29,689,347,342
050,22,089,"Louisiana","St. Charles Parish",2,30,654,333,321
050,22,089,"Louisiana","St. Charles Parish",2,31,643,312,331
050,22,089,"Louisiana","St. Charles Parish",2,32,671,320,351
050,22,089,"Louisiana","St. Charles Parish",2,33,692,324,368
050,22,089,"Louisiana","St. Charles Parish",2,34,729,343,386
050,22,089,"Louisiana","St. Charles Parish",2,35,709,338,371
050,22,089,"Louisiana","St. Charles Parish",2,36,707,351,356
050,22,089,"Louisiana","St. Charles Parish",2,37,731,347,384
050,22,089,"Louisiana","St. Charles Parish",2,38,740,343,397
050,22,089,"Louisiana","St. Charles Parish",2,39,735,344,391
050,22,089,"Louisiana","St. Charles Parish",2,40,724,339,385
050,22,089,"Louisiana","St. Charles Parish",2,41,724,355,369
050,22,089,"Louisiana","St. Charles Parish",2,42,727,351,376
050,22,089,"Louisiana","St. Charles Parish",2,43,712,348,364
050,22,089,"Louisiana","St. Charles Parish",2,44,646,314,332
050,22,089,"Louisiana","St. Charles Parish",2,45,610,294,316
050,22,089,"Louisiana","St. Charles Parish",2,46,581,285,296
050,22,089,"Louisiana","St. Charles Parish",2,47,602,306,296
050,22,089,"Louisiana","St. Charles Parish",2,48,661,319,342
050,22,089,"Louisiana","St. Charles Parish",2,49,680,327,353
050,22,089,"Louisiana","St. Charles Parish",2,50,671,320,351
050,22,089,"Louisiana","St. Charles Parish",2,51,691,339,352
050,22,089,"Louisiana","St. Charles Parish",2,52,699,334,365
050,22,089,"Louisiana","St. Charles Parish",2,53,708,339,369
050,22,089,"Louisiana","St. Charles Parish",2,54,724,358,366
050,22,089,"Louisiana","St. Charles Parish",2,55,776,378,398
050,22,089,"Louisiana","St. Charles Parish",2,56,779,366,413
050,22,089,"Louisiana","St. Charles Parish",2,57,771,365,406
050,22,089,"Louisiana","St. Charles Parish",2,58,789,374,415
050,22,089,"Louisiana","St. Charles Parish",2,59,810,398,412
050,22,089,"Louisiana","St. Charles Parish",2,60,797,405,392
050,22,089,"Louisiana","St. Charles Parish",2,61,766,386,380
050,22,089,"Louisiana","St. Charles Parish",2,62,745,378,367
050,22,089,"Louisiana","St. Charles Parish",2,63,723,370,353
050,22,089,"Louisiana","St. Charles Parish",2,64,660,331,329
050,22,089,"Louisiana","St. Charles Parish",2,65,611,302,309
050,22,089,"Louisiana","St. Charles Parish",2,66,562,283,279
050,22,089,"Louisiana","St. Charles Parish",2,67,556,283,273
050,22,089,"Louisiana","St. Charles Parish",2,68,524,252,272
050,22,089,"Louisiana","St. Charles Parish",2,69,508,239,269
050,22,089,"Louisiana","St. Charles Parish",2,70,480,229,251
050,22,089,"Louisiana","St. Charles Parish",2,71,431,207,224
050,22,089,"Louisiana","St. Charles Parish",2,72,407,200,207
050,22,089,"Louisiana","St. Charles Parish",2,73,409,202,207
050,22,089,"Louisiana","St. Charles Parish",2,74,284,135,149
050,22,089,"Louisiana","St. Charles Parish",2,75,269,120,149
050,22,089,"Louisiana","St. Charles Parish",2,76,262,118,144
050,22,089,"Louisiana","St. Charles Parish",2,77,261,123,138
050,22,089,"Louisiana","St. Charles Parish",2,78,220,104,116
050,22,089,"Louisiana","St. Charles Parish",2,79,198,84,114
050,22,089,"Louisiana","St. Charles Parish",2,80,169,69,100
050,22,089,"Louisiana","St. Charles Parish",2,81,170,74,96
050,22,089,"Louisiana","St. Charles Parish",2,82,159,70,89
050,22,089,"Louisiana","St. Charles Parish",2,83,134,54,80
050,22,089,"Louisiana","St. Charles Parish",2,84,117,40,77
050,22,089,"Louisiana","St. Charles Parish",2,85,622,243,379
050,22,089,"Louisiana","St. Charles Parish",3,0,592,301,291
050,22,089,"Louisiana","St. Charles Parish",3,1,599,299,300
050,22,089,"Louisiana","St. Charles Parish",3,2,593,315,278
050,22,089,"Louisiana","St. Charles Parish",3,3,618,327,291
050,22,089,"Louisiana","St. Charles Parish",3,4,659,345,314
050,22,089,"Louisiana","St. Charles Parish",3,5,690,362,328
050,22,089,"Louisiana","St. Charles Parish",3,6,680,346,334
050,22,089,"Louisiana","St. Charles Parish",3,7,736,376,360
050,22,089,"Louisiana","St. Charles Parish",3,8,731,374,357
050,22,089,"Louisiana","St. Charles Parish",3,9,691,340,351
050,22,089,"Louisiana","St. Charles Parish",3,10,728,369,359
050,22,089,"Louisiana","St. Charles Parish",3,11,755,381,374
050,22,089,"Louisiana","St. Charles Parish",3,12,780,407,373
050,22,089,"Louisiana","St. Charles Parish",3,13,826,427,399
050,22,089,"Louisiana","St. Charles Parish",3,14,838,448,390
050,22,089,"Louisiana","St. Charles Parish",3,15,815,415,400
050,22,089,"Louisiana","St. Charles Parish",3,16,803,412,391
050,22,089,"Louisiana","St. Charles Parish",3,17,775,388,387
050,22,089,"Louisiana","St. Charles Parish",3,18,644,342,302
050,22,089,"Louisiana","St. Charles Parish",3,19,504,264,240
050,22,089,"Louisiana","St. Charles Parish",3,20,585,298,287
050,22,089,"Louisiana","St. Charles Parish",3,21,622,321,301
050,22,089,"Louisiana","St. Charles Parish",3,22,590,302,288
050,22,089,"Louisiana","St. Charles Parish",3,23,621,318,303
050,22,089,"Louisiana","St. Charles Parish",3,24,630,315,315
050,22,089,"Louisiana","St. Charles Parish",3,25,568,282,286
050,22,089,"Louisiana","St. Charles Parish",3,26,619,298,321
050,22,089,"Louisiana","St. Charles Parish",3,27,609,300,309
050,22,089,"Louisiana","St. Charles Parish",3,28,635,320,315
050,22,089,"Louisiana","St. Charles Parish",3,29,639,311,328
050,22,089,"Louisiana","St. Charles Parish",3,30,696,351,345
050,22,089,"Louisiana","St. Charles Parish",3,31,686,338,348
050,22,089,"Louisiana","St. Charles Parish",3,32,658,308,350
050,22,089,"Louisiana","St. Charles Parish",3,33,681,324,357
050,22,089,"Louisiana","St. Charles Parish",3,34,700,339,361
050,22,089,"Louisiana","St. Charles Parish",3,35,741,354,387
050,22,089,"Louisiana","St. Charles Parish",3,36,738,351,387
050,22,089,"Louisiana","St. Charles Parish",3,37,710,341,369
050,22,089,"Louisiana","St. Charles Parish",3,38,729,337,392
050,22,089,"Louisiana","St. Charles Parish",3,39,748,346,402
050,22,089,"Louisiana","St. Charles Parish",3,40,726,331,395
050,22,089,"Louisiana","St. Charles Parish",3,41,710,332,378
050,22,089,"Louisiana","St. Charles Parish",3,42,711,344,367
050,22,089,"Louisiana","St. Charles Parish",3,43,736,367,369
050,22,089,"Louisiana","St. Charles Parish",3,44,704,338,366
050,22,089,"Louisiana","St. Charles Parish",3,45,633,314,319
050,22,089,"Louisiana","St. Charles Parish",3,46,600,291,309
050,22,089,"Louisiana","St. Charles Parish",3,47,578,288,290
050,22,089,"Louisiana","St. Charles Parish",3,48,600,301,299
050,22,089,"Louisiana","St. Charles Parish",3,49,646,311,335
050,22,089,"Louisiana","St. Charles Parish",3,50,662,323,339
050,22,089,"Louisiana","St. Charles Parish",3,51,640,303,337
050,22,089,"Louisiana","St. Charles Parish",3,52,670,325,345
050,22,089,"Louisiana","St. Charles Parish",3,53,692,326,366
050,22,089,"Louisiana","St. Charles Parish",3,54,682,320,362
050,22,089,"Louisiana","St. Charles Parish",3,55,711,350,361
050,22,089,"Louisiana","St. Charles Parish",3,56,772,368,404
050,22,089,"Louisiana","St. Charles Parish",3,57,762,359,403
050,22,089,"Louisiana","St. Charles Parish",3,58,756,363,393
050,22,089,"Louisiana","St. Charles Parish",3,59,761,361,400
050,22,089,"Louisiana","St. Charles Parish",3,60,792,393,399
050,22,089,"Louisiana","St. Charles Parish",3,61,788,398,390
050,22,089,"Louisiana","St. Charles Parish",3,62,757,383,374
050,22,089,"Louisiana","St. Charles Parish",3,63,740,380,360
050,22,089,"Louisiana","St. Charles Parish",3,64,704,351,353
050,22,089,"Louisiana","St. Charles Parish",3,65,655,320,335
050,22,089,"Louisiana","St. Charles Parish",3,66,599,290,309
050,22,089,"Louisiana","St. Charles Parish",3,67,543,269,274
050,22,089,"Louisiana","St. Charles Parish",3,68,544,277,267
050,22,089,"Louisiana","St. Charles Parish",3,69,511,244,267
050,22,089,"Louisiana","St. Charles Parish",3,70,504,240,264
050,22,089,"Louisiana","St. Charles Parish",3,71,469,224,245
050,22,089,"Louisiana","St. Charles Parish",3,72,427,204,223
050,22,089,"Louisiana","St. Charles Parish",3,73,395,197,198
050,22,089,"Louisiana","St. Charles Parish",3,74,391,193,198
050,22,089,"Louisiana","St. Charles Parish",3,75,271,126,145
050,22,089,"Louisiana","St. Charles Parish",3,76,263,117,146
050,22,089,"Louisiana","St. Charles Parish",3,77,255,114,141
050,22,089,"Louisiana","St. Charles Parish",3,78,247,116,131
050,22,089,"Louisiana","St. Charles Parish",3,79,211,99,112
050,22,089,"Louisiana","St. Charles Parish",3,80,184,76,108
050,22,089,"Louisiana","St. Charles Parish",3,81,159,64,95
050,22,089,"Louisiana","St. Charles Parish",3,82,154,65,89
050,22,089,"Louisiana","St. Charles Parish",3,83,145,65,80
050,22,089,"Louisiana","St. Charles Parish",3,84,117,51,66
050,22,089,"Louisiana","St. Charles Parish",3,85,631,249,382
050,22,089,"Louisiana","St. Charles Parish",4,0,565,290,275
050,22,089,"Louisiana","St. Charles Parish",4,1,557,289,268
050,22,089,"Louisiana","St. Charles Parish",4,2,567,281,286
050,22,089,"Louisiana","St. Charles Parish",4,3,577,303,274
050,22,089,"Louisiana","St. Charles Parish",4,4,604,330,274
050,22,089,"Louisiana","St. Charles Parish",4,5,657,340,317
050,22,089,"Louisiana","St. Charles Parish",4,6,659,352,307
050,22,089,"Louisiana","St. Charles Parish",4,7,681,345,336
050,22,089,"Louisiana","St. Charles Parish",4,8,709,359,350
050,22,089,"Louisiana","St. Charles Parish",4,9,720,361,359
050,22,089,"Louisiana","St. Charles Parish",4,10,674,336,338
050,22,089,"Louisiana","St. Charles Parish",4,11,712,370,342
050,22,089,"Louisiana","St. Charles Parish",4,12,735,385,350
050,22,089,"Louisiana","St. Charles Parish",4,13,769,399,370
050,22,089,"Louisiana","St. Charles Parish",4,14,788,400,388
050,22,089,"Louisiana","St. Charles Parish",4,15,831,445,386
050,22,089,"Louisiana","St. Charles Parish",4,16,766,396,370
050,22,089,"Louisiana","St. Charles Parish",4,17,767,386,381
050,22,089,"Louisiana","St. Charles Parish",4,18,626,322,304
050,22,089,"Louisiana","St. Charles Parish",4,19,501,266,235
050,22,089,"Louisiana","St. Charles Parish",4,20,526,279,247
050,22,089,"Louisiana","St. Charles Parish",4,21,578,298,280
050,22,089,"Louisiana","St. Charles Parish",4,22,618,314,304
050,22,089,"Louisiana","St. Charles Parish",4,23,576,292,284
050,22,089,"Louisiana","St. Charles Parish",4,24,605,322,283
050,22,089,"Louisiana","St. Charles Parish",4,25,588,288,300
050,22,089,"Louisiana","St. Charles Parish",4,26,522,257,265
050,22,089,"Louisiana","St. Charles Parish",4,27,585,301,284
050,22,089,"Louisiana","St. Charles Parish",4,28,560,269,291
050,22,089,"Louisiana","St. Charles Parish",4,29,571,287,284
050,22,089,"Louisiana","St. Charles Parish",4,30,602,285,317
050,22,089,"Louisiana","St. Charles Parish",4,31,693,345,348
050,22,089,"Louisiana","St. Charles Parish",4,32,678,333,345
050,22,089,"Louisiana","St. Charles Parish",4,33,623,290,333
050,22,089,"Louisiana","St. Charles Parish",4,34,677,336,341
050,22,089,"Louisiana","St. Charles Parish",4,35,693,343,350
050,22,089,"Louisiana","St. Charles Parish",4,36,720,342,378
050,22,089,"Louisiana","St. Charles Parish",4,37,709,333,376
050,22,089,"Louisiana","St. Charles Parish",4,38,699,336,363
050,22,089,"Louisiana","St. Charles Parish",4,39,696,332,364
050,22,089,"Louisiana","St. Charles Parish",4,40,744,344,400
050,22,089,"Louisiana","St. Charles Parish",4,41,718,329,389
050,22,089,"Louisiana","St. Charles Parish",4,42,688,316,372
050,22,089,"Louisiana","St. Charles Parish",4,43,700,343,357
050,22,089,"Louisiana","St. Charles Parish",4,44,709,347,362
050,22,089,"Louisiana","St. Charles Parish",4,45,698,336,362
050,22,089,"Louisiana","St. Charles Parish",4,46,613,312,301
050,22,089,"Louisiana","St. Charles Parish",4,47,583,283,300
050,22,089,"Louisiana","St. Charles Parish",4,48,555,278,277
050,22,089,"Louisiana","St. Charles Parish",4,49,597,308,289
050,22,089,"Louisiana","St. Charles Parish",4,50,617,294,323
050,22,089,"Louisiana","St. Charles Parish",4,51,656,324,332
050,22,089,"Louisiana","St. Charles Parish",4,52,629,299,330
050,22,089,"Louisiana","St. Charles Parish",4,53,657,326,331
050,22,089,"Louisiana","St. Charles Parish",4,54,676,316,360
050,22,089,"Louisiana","St. Charles Parish",4,55,690,328,362
050,22,089,"Louisiana","St. Charles Parish",4,56,683,337,346
050,22,089,"Louisiana","St. Charles Parish",4,57,740,355,385
050,22,089,"Louisiana","St. Charles Parish",4,58,744,345,399
050,22,089,"Louisiana","St. Charles Parish",4,59,741,354,387
050,22,089,"Louisiana","St. Charles Parish",4,60,748,353,395
050,22,089,"Louisiana","St. Charles Parish",4,61,767,379,388
050,22,089,"Louisiana","St. Charles Parish",4,62,772,383,389
050,22,089,"Louisiana","St. Charles Parish",4,63,738,374,364
050,22,089,"Louisiana","St. Charles Parish",4,64,712,358,354
050,22,089,"Louisiana","St. Charles Parish",4,65,697,348,349
050,22,089,"Louisiana","St. Charles Parish",4,66,629,307,322
050,22,089,"Louisiana","St. Charles Parish",4,67,581,279,302
050,22,089,"Louisiana","St. Charles Parish",4,68,538,263,275
050,22,089,"Louisiana","St. Charles Parish",4,69,526,263,263
050,22,089,"Louisiana","St. Charles Parish",4,70,489,234,255
050,22,089,"Louisiana","St. Charles Parish",4,71,478,220,258
050,22,089,"Louisiana","St. Charles Parish",4,72,449,213,236
050,22,089,"Louisiana","St. Charles Parish",4,73,401,190,211
050,22,089,"Louisiana","St. Charles Parish",4,74,379,186,193
050,22,089,"Louisiana","St. Charles Parish",4,75,360,176,184
050,22,089,"Louisiana","St. Charles Parish",4,76,254,111,143
050,22,089,"Louisiana","St. Charles Parish",4,77,244,107,137
050,22,089,"Louisiana","St. Charles Parish",4,78,241,107,134
050,22,089,"Louisiana","St. Charles Parish",4,79,236,115,121
050,22,089,"Louisiana","St. Charles Parish",4,80,196,91,105
050,22,089,"Louisiana","St. Charles Parish",4,81,167,66,101
050,22,089,"Louisiana","St. Charles Parish",4,82,148,56,92
050,22,089,"Louisiana","St. Charles Parish",4,83,145,63,82
050,22,089,"Louisiana","St. Charles Parish",4,84,124,58,66
050,22,089,"Louisiana","St. Charles Parish",4,85,617,251,366
050,22,089,"Louisiana","St. Charles Parish",5,0,567,291,276
050,22,089,"Louisiana","St. Charles Parish",5,1,573,286,287
050,22,089,"Louisiana","St. Charles Parish",5,2,571,304,267
050,22,089,"Louisiana","St. Charles Parish",5,3,585,298,287
050,22,089,"Louisiana","St. Charles Parish",5,4,559,302,257
050,22,089,"Louisiana","St. Charles Parish",5,5,605,329,276
050,22,089,"Louisiana","St. Charles Parish",5,6,650,334,316
050,22,089,"Louisiana","St. Charles Parish",5,7,653,351,302
050,22,089,"Louisiana","St. Charles Parish",5,8,689,352,337
050,22,089,"Louisiana","St. Charles Parish",5,9,713,357,356
050,22,089,"Louisiana","St. Charles Parish",5,10,693,349,344
050,22,089,"Louisiana","St. Charles Parish",5,11,679,347,332
050,22,089,"Louisiana","St. Charles Parish",5,12,712,360,352
050,22,089,"Louisiana","St. Charles Parish",5,13,723,388,335
050,22,089,"Louisiana","St. Charles Parish",5,14,757,392,365
050,22,089,"Louisiana","St. Charles Parish",5,15,767,391,376
050,22,089,"Louisiana","St. Charles Parish",5,16,808,424,384
050,22,089,"Louisiana","St. Charles Parish",5,17,762,400,362
050,22,089,"Louisiana","St. Charles Parish",5,18,635,336,299
050,22,089,"Louisiana","St. Charles Parish",5,19,504,253,251
050,22,089,"Louisiana","St. Charles Parish",5,20,533,288,245
050,22,089,"Louisiana","St. Charles Parish",5,21,534,274,260
050,22,089,"Louisiana","St. Charles Parish",5,22,603,300,303
050,22,089,"Louisiana","St. Charles Parish",5,23,606,304,302
050,22,089,"Louisiana","St. Charles Parish",5,24,569,297,272
050,22,089,"Louisiana","St. Charles Parish",5,25,575,301,274
050,22,089,"Louisiana","St. Charles Parish",5,26,595,294,301
050,22,089,"Louisiana","St. Charles Parish",5,27,521,270,251
050,22,089,"Louisiana","St. Charles Parish",5,28,579,303,276
050,22,089,"Louisiana","St. Charles Parish",5,29,546,267,279
050,22,089,"Louisiana","St. Charles Parish",5,30,592,299,293
050,22,089,"Louisiana","St. Charles Parish",5,31,599,282,317
050,22,089,"Louisiana","St. Charles Parish",5,32,686,331,355
050,22,089,"Louisiana","St. Charles Parish",5,33,668,325,343
050,22,089,"Louisiana","St. Charles Parish",5,34,627,286,341
050,22,089,"Louisiana","St. Charles Parish",5,35,672,339,333
050,22,089,"Louisiana","St. Charles Parish",5,36,713,355,358
050,22,089,"Louisiana","St. Charles Parish",5,37,716,323,393
050,22,089,"Louisiana","St. Charles Parish",5,38,730,347,383
050,22,089,"Louisiana","St. Charles Parish",5,39,698,341,357
050,22,089,"Louisiana","St. Charles Parish",5,40,685,328,357
050,22,089,"Louisiana","St. Charles Parish",5,41,730,340,390
050,22,089,"Louisiana","St. Charles Parish",5,42,696,320,376
050,22,089,"Louisiana","St. Charles Parish",5,43,687,327,360
050,22,089,"Louisiana","St. Charles Parish",5,44,678,339,339
050,22,089,"Louisiana","St. Charles Parish",5,45,697,344,353
050,22,089,"Louisiana","St. Charles Parish",5,46,670,324,346
050,22,089,"Louisiana","St. Charles Parish",5,47,604,304,300
050,22,089,"Louisiana","St. Charles Parish",5,48,585,282,303
050,22,089,"Louisiana","St. Charles Parish",5,49,561,287,274
050,22,089,"Louisiana","St. Charles Parish",5,50,582,298,284
050,22,089,"Louisiana","St. Charles Parish",5,51,621,292,329
050,22,089,"Louisiana","St. Charles Parish",5,52,655,320,335
050,22,089,"Louisiana","St. Charles Parish",5,53,623,299,324
050,22,089,"Louisiana","St. Charles Parish",5,54,660,329,331
050,22,089,"Louisiana","St. Charles Parish",5,55,665,304,361
050,22,089,"Louisiana","St. Charles Parish",5,56,670,317,353
050,22,089,"Louisiana","St. Charles Parish",5,57,669,332,337
050,22,089,"Louisiana","St. Charles Parish",5,58,718,348,370
050,22,089,"Louisiana","St. Charles Parish",5,59,725,334,391
050,22,089,"Louisiana","St. Charles Parish",5,60,716,345,371
050,22,089,"Louisiana","St. Charles Parish",5,61,728,347,381
050,22,089,"Louisiana","St. Charles Parish",5,62,745,360,385
050,22,089,"Louisiana","St. Charles Parish",5,63,736,364,372
050,22,089,"Louisiana","St. Charles Parish",5,64,713,363,350
050,22,089,"Louisiana","St. Charles Parish",5,65,692,350,342
050,22,089,"Louisiana","St. Charles Parish",5,66,670,334,336
050,22,089,"Louisiana","St. Charles Parish",5,67,614,302,312
050,22,089,"Louisiana","St. Charles Parish",5,68,566,271,295
050,22,089,"Louisiana","St. Charles Parish",5,69,523,254,269
050,22,089,"Louisiana","St. Charles Parish",5,70,512,259,253
050,22,089,"Louisiana","St. Charles Parish",5,71,481,228,253
050,22,089,"Louisiana","St. Charles Parish",5,72,469,213,256
050,22,089,"Louisiana","St. Charles Parish",5,73,430,200,230
050,22,089,"Louisiana","St. Charles Parish",5,74,390,182,208
050,22,089,"Louisiana","St. Charles Parish",5,75,365,179,186
050,22,089,"Louisiana","St. Charles Parish",5,76,341,161,180
050,22,089,"Louisiana","St. Charles Parish",5,77,235,102,133
050,22,089,"Louisiana","St. Charles Parish",5,78,231,100,131
050,22,089,"Louisiana","St. Charles Parish",5,79,235,104,131
050,22,089,"Louisiana","St. Charles Parish",5,80,221,107,114
050,22,089,"Louisiana","St. Charles Parish",5,81,185,85,100
050,22,089,"Louisiana","St. Charles Parish",5,82,160,58,102
050,22,089,"Louisiana","St. Charles Parish",5,83,137,53,84
050,22,089,"Louisiana","St. Charles Parish",5,84,130,58,72
050,22,089,"Louisiana","St. Charles Parish",5,85,647,281,366
050,22,091,"Louisiana","St. Helena Parish",1,0,114,61,53
050,22,091,"Louisiana","St. Helena Parish",1,1,124,69,55
050,22,091,"Louisiana","St. Helena Parish",1,2,134,63,71
050,22,091,"Louisiana","St. Helena Parish",1,3,118,58,60
050,22,091,"Louisiana","St. Helena Parish",1,4,128,63,65
050,22,091,"Louisiana","St. Helena Parish",1,5,121,65,56
050,22,091,"Louisiana","St. Helena Parish",1,6,123,61,62
050,22,091,"Louisiana","St. Helena Parish",1,7,125,60,65
050,22,091,"Louisiana","St. Helena Parish",1,8,123,66,57
050,22,091,"Louisiana","St. Helena Parish",1,9,124,59,65
050,22,091,"Louisiana","St. Helena Parish",1,10,124,56,68
050,22,091,"Louisiana","St. Helena Parish",1,11,140,62,78
050,22,091,"Louisiana","St. Helena Parish",1,12,133,61,72
050,22,091,"Louisiana","St. Helena Parish",1,13,134,68,66
050,22,091,"Louisiana","St. Helena Parish",1,14,142,72,70
050,22,091,"Louisiana","St. Helena Parish",1,15,128,67,61
050,22,091,"Louisiana","St. Helena Parish",1,16,135,72,63
050,22,091,"Louisiana","St. Helena Parish",1,17,133,67,66
050,22,091,"Louisiana","St. Helena Parish",1,18,107,58,49
050,22,091,"Louisiana","St. Helena Parish",1,19,101,54,47
050,22,091,"Louisiana","St. Helena Parish",1,20,104,50,54
050,22,091,"Louisiana","St. Helena Parish",1,21,132,64,68
050,22,091,"Louisiana","St. Helena Parish",1,22,136,69,67
050,22,091,"Louisiana","St. Helena Parish",1,23,116,56,60
050,22,091,"Louisiana","St. Helena Parish",1,24,125,63,62
050,22,091,"Louisiana","St. Helena Parish",1,25,133,70,63
050,22,091,"Louisiana","St. Helena Parish",1,26,154,75,79
050,22,091,"Louisiana","St. Helena Parish",1,27,153,78,75
050,22,091,"Louisiana","St. Helena Parish",1,28,158,76,82
050,22,091,"Louisiana","St. Helena Parish",1,29,143,71,72
050,22,091,"Louisiana","St. Helena Parish",1,30,157,77,80
050,22,091,"Louisiana","St. Helena Parish",1,31,154,66,88
050,22,091,"Louisiana","St. Helena Parish",1,32,148,77,71
050,22,091,"Louisiana","St. Helena Parish",1,33,139,73,66
050,22,091,"Louisiana","St. Helena Parish",1,34,117,59,58
050,22,091,"Louisiana","St. Helena Parish",1,35,128,56,72
050,22,091,"Louisiana","St. Helena Parish",1,36,128,55,73
050,22,091,"Louisiana","St. Helena Parish",1,37,134,72,62
050,22,091,"Louisiana","St. Helena Parish",1,38,148,80,68
050,22,091,"Louisiana","St. Helena Parish",1,39,136,67,69
050,22,091,"Louisiana","St. Helena Parish",1,40,128,67,61
050,22,091,"Louisiana","St. Helena Parish",1,41,101,49,52
050,22,091,"Louisiana","St. Helena Parish",1,42,115,47,68
050,22,091,"Louisiana","St. Helena Parish",1,43,105,40,65
050,22,091,"Louisiana","St. Helena Parish",1,44,94,41,53
050,22,091,"Louisiana","St. Helena Parish",1,45,101,53,48
050,22,091,"Louisiana","St. Helena Parish",1,46,100,48,52
050,22,091,"Louisiana","St. Helena Parish",1,47,123,52,71
050,22,091,"Louisiana","St. Helena Parish",1,48,133,65,68
050,22,091,"Louisiana","St. Helena Parish",1,49,156,73,83
050,22,091,"Louisiana","St. Helena Parish",1,50,167,78,89
050,22,091,"Louisiana","St. Helena Parish",1,51,146,68,78
050,22,091,"Louisiana","St. Helena Parish",1,52,136,65,71
050,22,091,"Louisiana","St. Helena Parish",1,53,127,68,59
050,22,091,"Louisiana","St. Helena Parish",1,54,131,67,64
050,22,091,"Louisiana","St. Helena Parish",1,55,171,79,92
050,22,091,"Louisiana","St. Helena Parish",1,56,151,76,75
050,22,091,"Louisiana","St. Helena Parish",1,57,148,67,81
050,22,091,"Louisiana","St. Helena Parish",1,58,162,78,84
050,22,091,"Louisiana","St. Helena Parish",1,59,173,84,89
050,22,091,"Louisiana","St. Helena Parish",1,60,182,90,92
050,22,091,"Louisiana","St. Helena Parish",1,61,162,83,79
050,22,091,"Louisiana","St. Helena Parish",1,62,144,73,71
050,22,091,"Louisiana","St. Helena Parish",1,63,144,70,74
050,22,091,"Louisiana","St. Helena Parish",1,64,140,69,71
050,22,091,"Louisiana","St. Helena Parish",1,65,150,69,81
050,22,091,"Louisiana","St. Helena Parish",1,66,148,70,78
050,22,091,"Louisiana","St. Helena Parish",1,67,155,80,75
050,22,091,"Louisiana","St. Helena Parish",1,68,147,72,75
050,22,091,"Louisiana","St. Helena Parish",1,69,146,65,81
050,22,091,"Louisiana","St. Helena Parish",1,70,126,59,67
050,22,091,"Louisiana","St. Helena Parish",1,71,130,67,63
050,22,091,"Louisiana","St. Helena Parish",1,72,121,51,70
050,22,091,"Louisiana","St. Helena Parish",1,73,126,56,70
050,22,091,"Louisiana","St. Helena Parish",1,74,94,43,51
050,22,091,"Louisiana","St. Helena Parish",1,75,81,38,43
050,22,091,"Louisiana","St. Helena Parish",1,76,96,44,52
050,22,091,"Louisiana","St. Helena Parish",1,77,79,34,45
050,22,091,"Louisiana","St. Helena Parish",1,78,61,23,38
050,22,091,"Louisiana","St. Helena Parish",1,79,64,29,35
050,22,091,"Louisiana","St. Helena Parish",1,80,59,25,34
050,22,091,"Louisiana","St. Helena Parish",1,81,61,24,37
050,22,091,"Louisiana","St. Helena Parish",1,82,69,30,39
050,22,091,"Louisiana","St. Helena Parish",1,83,46,22,24
050,22,091,"Louisiana","St. Helena Parish",1,84,45,21,24
050,22,091,"Louisiana","St. Helena Parish",1,85,224,96,128
050,22,091,"Louisiana","St. Helena Parish",2,0,118,60,58
050,22,091,"Louisiana","St. Helena Parish",2,1,125,68,57
050,22,091,"Louisiana","St. Helena Parish",2,2,130,63,67
050,22,091,"Louisiana","St. Helena Parish",2,3,120,58,62
050,22,091,"Louisiana","St. Helena Parish",2,4,124,61,63
050,22,091,"Louisiana","St. Helena Parish",2,5,124,64,60
050,22,091,"Louisiana","St. Helena Parish",2,6,120,61,59
050,22,091,"Louisiana","St. Helena Parish",2,7,123,60,63
050,22,091,"Louisiana","St. Helena Parish",2,8,122,63,59
050,22,091,"Louisiana","St. Helena Parish",2,9,122,60,62
050,22,091,"Louisiana","St. Helena Parish",2,10,123,56,67
050,22,091,"Louisiana","St. Helena Parish",2,11,137,61,76
050,22,091,"Louisiana","St. Helena Parish",2,12,133,60,73
050,22,091,"Louisiana","St. Helena Parish",2,13,132,65,67
050,22,091,"Louisiana","St. Helena Parish",2,14,139,70,69
050,22,091,"Louisiana","St. Helena Parish",2,15,131,69,62
050,22,091,"Louisiana","St. Helena Parish",2,16,132,70,62
050,22,091,"Louisiana","St. Helena Parish",2,17,133,68,65
050,22,091,"Louisiana","St. Helena Parish",2,18,108,58,50
050,22,091,"Louisiana","St. Helena Parish",2,19,100,53,47
050,22,091,"Louisiana","St. Helena Parish",2,20,105,51,54
050,22,091,"Louisiana","St. Helena Parish",2,21,127,61,66
050,22,091,"Louisiana","St. Helena Parish",2,22,137,68,69
050,22,091,"Louisiana","St. Helena Parish",2,23,122,59,63
050,22,091,"Louisiana","St. Helena Parish",2,24,123,62,61
050,22,091,"Louisiana","St. Helena Parish",2,25,133,69,64
050,22,091,"Louisiana","St. Helena Parish",2,26,148,74,74
050,22,091,"Louisiana","St. Helena Parish",2,27,153,79,74
050,22,091,"Louisiana","St. Helena Parish",2,28,153,75,78
050,22,091,"Louisiana","St. Helena Parish",2,29,145,72,73
050,22,091,"Louisiana","St. Helena Parish",2,30,153,74,79
050,22,091,"Louisiana","St. Helena Parish",2,31,152,68,84
050,22,091,"Louisiana","St. Helena Parish",2,32,148,75,73
050,22,091,"Louisiana","St. Helena Parish",2,33,139,72,67
050,22,091,"Louisiana","St. Helena Parish",2,34,122,62,60
050,22,091,"Louisiana","St. Helena Parish",2,35,127,58,69
050,22,091,"Louisiana","St. Helena Parish",2,36,127,54,73
050,22,091,"Louisiana","St. Helena Parish",2,37,131,67,64
050,22,091,"Louisiana","St. Helena Parish",2,38,147,79,68
050,22,091,"Louisiana","St. Helena Parish",2,39,137,70,67
050,22,091,"Louisiana","St. Helena Parish",2,40,128,66,62
050,22,091,"Louisiana","St. Helena Parish",2,41,108,53,55
050,22,091,"Louisiana","St. Helena Parish",2,42,112,48,64
050,22,091,"Louisiana","St. Helena Parish",2,43,107,41,66
050,22,091,"Louisiana","St. Helena Parish",2,44,94,39,55
050,22,091,"Louisiana","St. Helena Parish",2,45,100,51,49
050,22,091,"Louisiana","St. Helena Parish",2,46,98,48,50
050,22,091,"Louisiana","St. Helena Parish",2,47,116,49,67
050,22,091,"Louisiana","St. Helena Parish",2,48,131,62,69
050,22,091,"Louisiana","St. Helena Parish",2,49,151,72,79
050,22,091,"Louisiana","St. Helena Parish",2,50,165,77,88
050,22,091,"Louisiana","St. Helena Parish",2,51,147,70,77
050,22,091,"Louisiana","St. Helena Parish",2,52,139,67,72
050,22,091,"Louisiana","St. Helena Parish",2,53,130,68,62
050,22,091,"Louisiana","St. Helena Parish",2,54,130,67,63
050,22,091,"Louisiana","St. Helena Parish",2,55,161,77,84
050,22,091,"Louisiana","St. Helena Parish",2,56,154,76,78
050,22,091,"Louisiana","St. Helena Parish",2,57,148,68,80
050,22,091,"Louisiana","St. Helena Parish",2,58,159,75,84
050,22,091,"Louisiana","St. Helena Parish",2,59,169,81,88
050,22,091,"Louisiana","St. Helena Parish",2,60,181,90,91
050,22,091,"Louisiana","St. Helena Parish",2,61,165,84,81
050,22,091,"Louisiana","St. Helena Parish",2,62,149,76,73
050,22,091,"Louisiana","St. Helena Parish",2,63,142,69,73
050,22,091,"Louisiana","St. Helena Parish",2,64,140,69,71
050,22,091,"Louisiana","St. Helena Parish",2,65,148,70,78
050,22,091,"Louisiana","St. Helena Parish",2,66,150,70,80
050,22,091,"Louisiana","St. Helena Parish",2,67,154,77,77
050,22,091,"Louisiana","St. Helena Parish",2,68,148,74,74
050,22,091,"Louisiana","St. Helena Parish",2,69,145,65,80
050,22,091,"Louisiana","St. Helena Parish",2,70,133,62,71
050,22,091,"Louisiana","St. Helena Parish",2,71,128,64,64
050,22,091,"Louisiana","St. Helena Parish",2,72,122,55,67
050,22,091,"Louisiana","St. Helena Parish",2,73,128,56,72
050,22,091,"Louisiana","St. Helena Parish",2,74,95,43,52
050,22,091,"Louisiana","St. Helena Parish",2,75,84,39,45
050,22,091,"Louisiana","St. Helena Parish",2,76,90,41,49
050,22,091,"Louisiana","St. Helena Parish",2,77,86,38,48
050,22,091,"Louisiana","St. Helena Parish",2,78,65,25,40
050,22,091,"Louisiana","St. Helena Parish",2,79,63,27,36
050,22,091,"Louisiana","St. Helena Parish",2,80,60,26,34
050,22,091,"Louisiana","St. Helena Parish",2,81,57,23,34
050,22,091,"Louisiana","St. Helena Parish",2,82,66,28,38
050,22,091,"Louisiana","St. Helena Parish",2,83,51,24,27
050,22,091,"Louisiana","St. Helena Parish",2,84,45,21,24
050,22,091,"Louisiana","St. Helena Parish",2,85,231,99,132
050,22,091,"Louisiana","St. Helena Parish",3,0,87,40,47
050,22,091,"Louisiana","St. Helena Parish",3,1,118,69,49
050,22,091,"Louisiana","St. Helena Parish",3,2,121,68,53
050,22,091,"Louisiana","St. Helena Parish",3,3,139,69,70
050,22,091,"Louisiana","St. Helena Parish",3,4,122,59,63
050,22,091,"Louisiana","St. Helena Parish",3,5,127,60,67
050,22,091,"Louisiana","St. Helena Parish",3,6,129,63,66
050,22,091,"Louisiana","St. Helena Parish",3,7,116,60,56
050,22,091,"Louisiana","St. Helena Parish",3,8,121,62,59
050,22,091,"Louisiana","St. Helena Parish",3,9,127,64,63
050,22,091,"Louisiana","St. Helena Parish",3,10,119,57,62
050,22,091,"Louisiana","St. Helena Parish",3,11,132,58,74
050,22,091,"Louisiana","St. Helena Parish",3,12,129,60,69
050,22,091,"Louisiana","St. Helena Parish",3,13,137,64,73
050,22,091,"Louisiana","St. Helena Parish",3,14,135,70,65
050,22,091,"Louisiana","St. Helena Parish",3,15,137,69,68
050,22,091,"Louisiana","St. Helena Parish",3,16,127,64,63
050,22,091,"Louisiana","St. Helena Parish",3,17,136,69,67
050,22,091,"Louisiana","St. Helena Parish",3,18,115,59,56
050,22,091,"Louisiana","St. Helena Parish",3,19,94,51,43
050,22,091,"Louisiana","St. Helena Parish",3,20,109,57,52
050,22,091,"Louisiana","St. Helena Parish",3,21,119,50,69
050,22,091,"Louisiana","St. Helena Parish",3,22,134,61,73
050,22,091,"Louisiana","St. Helena Parish",3,23,151,76,75
050,22,091,"Louisiana","St. Helena Parish",3,24,124,64,60
050,22,091,"Louisiana","St. Helena Parish",3,25,125,60,65
050,22,091,"Louisiana","St. Helena Parish",3,26,148,74,74
050,22,091,"Louisiana","St. Helena Parish",3,27,156,82,74
050,22,091,"Louisiana","St. Helena Parish",3,28,144,78,66
050,22,091,"Louisiana","St. Helena Parish",3,29,161,76,85
050,22,091,"Louisiana","St. Helena Parish",3,30,145,67,78
050,22,091,"Louisiana","St. Helena Parish",3,31,156,78,78
050,22,091,"Louisiana","St. Helena Parish",3,32,150,70,80
050,22,091,"Louisiana","St. Helena Parish",3,33,147,71,76
050,22,091,"Louisiana","St. Helena Parish",3,34,143,70,73
050,22,091,"Louisiana","St. Helena Parish",3,35,120,62,58
050,22,091,"Louisiana","St. Helena Parish",3,36,128,58,70
050,22,091,"Louisiana","St. Helena Parish",3,37,123,53,70
050,22,091,"Louisiana","St. Helena Parish",3,38,139,70,69
050,22,091,"Louisiana","St. Helena Parish",3,39,154,80,74
050,22,091,"Louisiana","St. Helena Parish",3,40,140,75,65
050,22,091,"Louisiana","St. Helena Parish",3,41,128,67,61
050,22,091,"Louisiana","St. Helena Parish",3,42,109,56,53
050,22,091,"Louisiana","St. Helena Parish",3,43,114,44,70
050,22,091,"Louisiana","St. Helena Parish",3,44,110,40,70
050,22,091,"Louisiana","St. Helena Parish",3,45,95,41,54
050,22,091,"Louisiana","St. Helena Parish",3,46,103,55,48
050,22,091,"Louisiana","St. Helena Parish",3,47,98,46,52
050,22,091,"Louisiana","St. Helena Parish",3,48,116,48,68
050,22,091,"Louisiana","St. Helena Parish",3,49,121,56,65
050,22,091,"Louisiana","St. Helena Parish",3,50,158,73,85
050,22,091,"Louisiana","St. Helena Parish",3,51,159,79,80
050,22,091,"Louisiana","St. Helena Parish",3,52,133,59,74
050,22,091,"Louisiana","St. Helena Parish",3,53,140,71,69
050,22,091,"Louisiana","St. Helena Parish",3,54,126,60,66
050,22,091,"Louisiana","St. Helena Parish",3,55,128,69,59
050,22,091,"Louisiana","St. Helena Parish",3,56,162,76,86
050,22,091,"Louisiana","St. Helena Parish",3,57,152,75,77
050,22,091,"Louisiana","St. Helena Parish",3,58,155,73,82
050,22,091,"Louisiana","St. Helena Parish",3,59,151,67,84
050,22,091,"Louisiana","St. Helena Parish",3,60,163,79,84
050,22,091,"Louisiana","St. Helena Parish",3,61,176,83,93
050,22,091,"Louisiana","St. Helena Parish",3,62,159,83,76
050,22,091,"Louisiana","St. Helena Parish",3,63,145,74,71
050,22,091,"Louisiana","St. Helena Parish",3,64,149,74,75
050,22,091,"Louisiana","St. Helena Parish",3,65,139,68,71
050,22,091,"Louisiana","St. Helena Parish",3,66,146,68,78
050,22,091,"Louisiana","St. Helena Parish",3,67,141,63,78
050,22,091,"Louisiana","St. Helena Parish",3,68,145,72,73
050,22,091,"Louisiana","St. Helena Parish",3,69,144,71,73
050,22,091,"Louisiana","St. Helena Parish",3,70,141,66,75
050,22,091,"Louisiana","St. Helena Parish",3,71,130,62,68
050,22,091,"Louisiana","St. Helena Parish",3,72,123,62,61
050,22,091,"Louisiana","St. Helena Parish",3,73,121,52,69
050,22,091,"Louisiana","St. Helena Parish",3,74,122,53,69
050,22,091,"Louisiana","St. Helena Parish",3,75,89,40,49
050,22,091,"Louisiana","St. Helena Parish",3,76,76,31,45
050,22,091,"Louisiana","St. Helena Parish",3,77,90,40,50
050,22,091,"Louisiana","St. Helena Parish",3,78,85,37,48
050,22,091,"Louisiana","St. Helena Parish",3,79,59,21,38
050,22,091,"Louisiana","St. Helena Parish",3,80,62,23,39
050,22,091,"Louisiana","St. Helena Parish",3,81,54,25,29
050,22,091,"Louisiana","St. Helena Parish",3,82,52,20,32
050,22,091,"Louisiana","St. Helena Parish",3,83,58,23,35
050,22,091,"Louisiana","St. Helena Parish",3,84,47,23,24
050,22,091,"Louisiana","St. Helena Parish",3,85,245,105,140
050,22,091,"Louisiana","St. Helena Parish",4,0,91,48,43
050,22,091,"Louisiana","St. Helena Parish",4,1,85,41,44
050,22,091,"Louisiana","St. Helena Parish",4,2,107,61,46
050,22,091,"Louisiana","St. Helena Parish",4,3,128,72,56
050,22,091,"Louisiana","St. Helena Parish",4,4,140,73,67
050,22,091,"Louisiana","St. Helena Parish",4,5,123,61,62
050,22,091,"Louisiana","St. Helena Parish",4,6,127,65,62
050,22,091,"Louisiana","St. Helena Parish",4,7,119,54,65
050,22,091,"Louisiana","St. Helena Parish",4,8,110,56,54
050,22,091,"Louisiana","St. Helena Parish",4,9,116,57,59
050,22,091,"Louisiana","St. Helena Parish",4,10,120,63,57
050,22,091,"Louisiana","St. Helena Parish",4,11,122,64,58
050,22,091,"Louisiana","St. Helena Parish",4,12,131,59,72
050,22,091,"Louisiana","St. Helena Parish",4,13,129,57,72
050,22,091,"Louisiana","St. Helena Parish",4,14,138,67,71
050,22,091,"Louisiana","St. Helena Parish",4,15,134,75,59
050,22,091,"Louisiana","St. Helena Parish",4,16,135,70,65
050,22,091,"Louisiana","St. Helena Parish",4,17,135,72,63
050,22,091,"Louisiana","St. Helena Parish",4,18,111,62,49
050,22,091,"Louisiana","St. Helena Parish",4,19,97,47,50
050,22,091,"Louisiana","St. Helena Parish",4,20,94,49,45
050,22,091,"Louisiana","St. Helena Parish",4,21,112,60,52
050,22,091,"Louisiana","St. Helena Parish",4,22,118,48,70
050,22,091,"Louisiana","St. Helena Parish",4,23,122,57,65
050,22,091,"Louisiana","St. Helena Parish",4,24,149,71,78
050,22,091,"Louisiana","St. Helena Parish",4,25,114,59,55
050,22,091,"Louisiana","St. Helena Parish",4,26,138,65,73
050,22,091,"Louisiana","St. Helena Parish",4,27,144,76,68
050,22,091,"Louisiana","St. Helena Parish",4,28,157,80,77
050,22,091,"Louisiana","St. Helena Parish",4,29,133,74,59
050,22,091,"Louisiana","St. Helena Parish",4,30,159,75,84
050,22,091,"Louisiana","St. Helena Parish",4,31,151,71,80
050,22,091,"Louisiana","St. Helena Parish",4,32,149,75,74
050,22,091,"Louisiana","St. Helena Parish",4,33,146,62,84
050,22,091,"Louisiana","St. Helena Parish",4,34,143,73,70
050,22,091,"Louisiana","St. Helena Parish",4,35,140,64,76
050,22,091,"Louisiana","St. Helena Parish",4,36,131,64,67
050,22,091,"Louisiana","St. Helena Parish",4,37,131,62,69
050,22,091,"Louisiana","St. Helena Parish",4,38,130,56,74
050,22,091,"Louisiana","St. Helena Parish",4,39,146,68,78
050,22,091,"Louisiana","St. Helena Parish",4,40,150,76,74
050,22,091,"Louisiana","St. Helena Parish",4,41,140,73,67
050,22,091,"Louisiana","St. Helena Parish",4,42,132,67,65
050,22,091,"Louisiana","St. Helena Parish",4,43,105,53,52
050,22,091,"Louisiana","St. Helena Parish",4,44,112,48,64
050,22,091,"Louisiana","St. Helena Parish",4,45,117,45,72
050,22,091,"Louisiana","St. Helena Parish",4,46,88,39,49
050,22,091,"Louisiana","St. Helena Parish",4,47,102,53,49
050,22,091,"Louisiana","St. Helena Parish",4,48,100,53,47
050,22,091,"Louisiana","St. Helena Parish",4,49,112,41,71
050,22,091,"Louisiana","St. Helena Parish",4,50,126,58,68
050,22,091,"Louisiana","St. Helena Parish",4,51,147,66,81
050,22,091,"Louisiana","St. Helena Parish",4,52,160,78,82
050,22,091,"Louisiana","St. Helena Parish",4,53,137,62,75
050,22,091,"Louisiana","St. Helena Parish",4,54,141,71,70
050,22,091,"Louisiana","St. Helena Parish",4,55,131,67,64
050,22,091,"Louisiana","St. Helena Parish",4,56,126,68,58
050,22,091,"Louisiana","St. Helena Parish",4,57,155,72,83
050,22,091,"Louisiana","St. Helena Parish",4,58,159,76,83
050,22,091,"Louisiana","St. Helena Parish",4,59,154,71,83
050,22,091,"Louisiana","St. Helena Parish",4,60,145,69,76
050,22,091,"Louisiana","St. Helena Parish",4,61,162,79,83
050,22,091,"Louisiana","St. Helena Parish",4,62,180,89,91
050,22,091,"Louisiana","St. Helena Parish",4,63,154,79,75
050,22,091,"Louisiana","St. Helena Parish",4,64,143,75,68
050,22,091,"Louisiana","St. Helena Parish",4,65,146,71,75
050,22,091,"Louisiana","St. Helena Parish",4,66,133,68,65
050,22,091,"Louisiana","St. Helena Parish",4,67,146,69,77
050,22,091,"Louisiana","St. Helena Parish",4,68,134,60,74
050,22,091,"Louisiana","St. Helena Parish",4,69,143,70,73
050,22,091,"Louisiana","St. Helena Parish",4,70,137,68,69
050,22,091,"Louisiana","St. Helena Parish",4,71,141,65,76
050,22,091,"Louisiana","St. Helena Parish",4,72,125,62,63
050,22,091,"Louisiana","St. Helena Parish",4,73,124,59,65
050,22,091,"Louisiana","St. Helena Parish",4,74,114,51,63
050,22,091,"Louisiana","St. Helena Parish",4,75,115,51,64
050,22,091,"Louisiana","St. Helena Parish",4,76,83,37,46
050,22,091,"Louisiana","St. Helena Parish",4,77,76,30,46
050,22,091,"Louisiana","St. Helena Parish",4,78,90,38,52
050,22,091,"Louisiana","St. Helena Parish",4,79,80,36,44
050,22,091,"Louisiana","St. Helena Parish",4,80,58,17,41
050,22,091,"Louisiana","St. Helena Parish",4,81,55,18,37
050,22,091,"Louisiana","St. Helena Parish",4,82,48,21,27
050,22,091,"Louisiana","St. Helena Parish",4,83,49,17,32
050,22,091,"Louisiana","St. Helena Parish",4,84,51,18,33
050,22,091,"Louisiana","St. Helena Parish",4,85,258,115,143
050,22,091,"Louisiana","St. Helena Parish",5,0,91,48,43
050,22,091,"Louisiana","St. Helena Parish",5,1,85,46,39
050,22,091,"Louisiana","St. Helena Parish",5,2,89,44,45
050,22,091,"Louisiana","St. Helena Parish",5,3,111,64,47
050,22,091,"Louisiana","St. Helena Parish",5,4,129,65,64
050,22,091,"Louisiana","St. Helena Parish",5,5,132,74,58
050,22,091,"Louisiana","St. Helena Parish",5,6,131,65,66
050,22,091,"Louisiana","St. Helena Parish",5,7,127,64,63
050,22,091,"Louisiana","St. Helena Parish",5,8,114,53,61
050,22,091,"Louisiana","St. Helena Parish",5,9,116,60,56
050,22,091,"Louisiana","St. Helena Parish",5,10,118,58,60
050,22,091,"Louisiana","St. Helena Parish",5,11,128,67,61
050,22,091,"Louisiana","St. Helena Parish",5,12,111,58,53
050,22,091,"Louisiana","St. Helena Parish",5,13,134,62,72
050,22,091,"Louisiana","St. Helena Parish",5,14,136,61,75
050,22,091,"Louisiana","St. Helena Parish",5,15,140,73,67
050,22,091,"Louisiana","St. Helena Parish",5,16,140,73,67
050,22,091,"Louisiana","St. Helena Parish",5,17,147,82,65
050,22,091,"Louisiana","St. Helena Parish",5,18,123,67,56
050,22,091,"Louisiana","St. Helena Parish",5,19,99,54,45
050,22,091,"Louisiana","St. Helena Parish",5,20,98,43,55
050,22,091,"Louisiana","St. Helena Parish",5,21,101,51,50
050,22,091,"Louisiana","St. Helena Parish",5,22,123,66,57
050,22,091,"Louisiana","St. Helena Parish",5,23,117,49,68
050,22,091,"Louisiana","St. Helena Parish",5,24,127,58,69
050,22,091,"Louisiana","St. Helena Parish",5,25,144,71,73
050,22,091,"Louisiana","St. Helena Parish",5,26,127,62,65
050,22,091,"Louisiana","St. Helena Parish",5,27,141,65,76
050,22,091,"Louisiana","St. Helena Parish",5,28,144,72,72
050,22,091,"Louisiana","St. Helena Parish",5,29,150,79,71
050,22,091,"Louisiana","St. Helena Parish",5,30,134,71,63
050,22,091,"Louisiana","St. Helena Parish",5,31,163,75,88
050,22,091,"Louisiana","St. Helena Parish",5,32,151,74,77
050,22,091,"Louisiana","St. Helena Parish",5,33,147,69,78
050,22,091,"Louisiana","St. Helena Parish",5,34,149,63,86
050,22,091,"Louisiana","St. Helena Parish",5,35,139,69,70
050,22,091,"Louisiana","St. Helena Parish",5,36,129,60,69
050,22,091,"Louisiana","St. Helena Parish",5,37,132,67,65
050,22,091,"Louisiana","St. Helena Parish",5,38,143,66,77
050,22,091,"Louisiana","St. Helena Parish",5,39,143,54,89
050,22,091,"Louisiana","St. Helena Parish",5,40,145,66,79
050,22,091,"Louisiana","St. Helena Parish",5,41,149,76,73
050,22,091,"Louisiana","St. Helena Parish",5,42,139,73,66
050,22,091,"Louisiana","St. Helena Parish",5,43,122,60,62
050,22,091,"Louisiana","St. Helena Parish",5,44,109,59,50
050,22,091,"Louisiana","St. Helena Parish",5,45,102,39,63
050,22,091,"Louisiana","St. Helena Parish",5,46,124,47,77
050,22,091,"Louisiana","St. Helena Parish",5,47,83,34,49
050,22,091,"Louisiana","St. Helena Parish",5,48,99,55,44
050,22,091,"Louisiana","St. Helena Parish",5,49,97,46,51
050,22,091,"Louisiana","St. Helena Parish",5,50,119,42,77
050,22,091,"Louisiana","St. Helena Parish",5,51,132,62,70
050,22,091,"Louisiana","St. Helena Parish",5,52,153,69,84
050,22,091,"Louisiana","St. Helena Parish",5,53,155,75,80
050,22,091,"Louisiana","St. Helena Parish",5,54,138,62,76
050,22,091,"Louisiana","St. Helena Parish",5,55,144,76,68
050,22,091,"Louisiana","St. Helena Parish",5,56,130,67,63
050,22,091,"Louisiana","St. Helena Parish",5,57,122,65,57
050,22,091,"Louisiana","St. Helena Parish",5,58,156,72,84
050,22,091,"Louisiana","St. Helena Parish",5,59,155,72,83
050,22,091,"Louisiana","St. Helena Parish",5,60,150,71,79
050,22,091,"Louisiana","St. Helena Parish",5,61,139,65,74
050,22,091,"Louisiana","St. Helena Parish",5,62,159,75,84
050,22,091,"Louisiana","St. Helena Parish",5,63,174,90,84
050,22,091,"Louisiana","St. Helena Parish",5,64,150,74,76
050,22,091,"Louisiana","St. Helena Parish",5,65,144,75,69
050,22,091,"Louisiana","St. Helena Parish",5,66,140,67,73
050,22,091,"Louisiana","St. Helena Parish",5,67,130,66,64
050,22,091,"Louisiana","St. Helena Parish",5,68,132,58,74
050,22,091,"Louisiana","St. Helena Parish",5,69,129,56,73
050,22,091,"Louisiana","St. Helena Parish",5,70,134,67,67
050,22,091,"Louisiana","St. Helena Parish",5,71,137,68,69
050,22,091,"Louisiana","St. Helena Parish",5,72,137,60,77
050,22,091,"Louisiana","St. Helena Parish",5,73,124,61,63
050,22,091,"Louisiana","St. Helena Parish",5,74,119,57,62
050,22,091,"Louisiana","St. Helena Parish",5,75,106,47,59
050,22,091,"Louisiana","St. Helena Parish",5,76,105,46,59
050,22,091,"Louisiana","St. Helena Parish",5,77,82,36,46
050,22,091,"Louisiana","St. Helena Parish",5,78,75,30,45
050,22,091,"Louisiana","St. Helena Parish",5,79,84,36,48
050,22,091,"Louisiana","St. Helena Parish",5,80,78,32,46
050,22,091,"Louisiana","St. Helena Parish",5,81,52,14,38
050,22,091,"Louisiana","St. Helena Parish",5,82,51,16,35
050,22,091,"Louisiana","St. Helena Parish",5,83,43,18,25
050,22,091,"Louisiana","St. Helena Parish",5,84,41,10,31
050,22,091,"Louisiana","St. Helena Parish",5,85,283,125,158
050,22,093,"Louisiana","St. James Parish",1,0,231,118,113
050,22,093,"Louisiana","St. James Parish",1,1,235,119,116
050,22,093,"Louisiana","St. James Parish",1,2,239,130,109
050,22,093,"Louisiana","St. James Parish",1,3,218,102,116
050,22,093,"Louisiana","St. James Parish",1,4,237,123,114
050,22,093,"Louisiana","St. James Parish",1,5,258,138,120
050,22,093,"Louisiana","St. James Parish",1,6,261,139,122
050,22,093,"Louisiana","St. James Parish",1,7,231,111,120
050,22,093,"Louisiana","St. James Parish",1,8,266,137,129
050,22,093,"Louisiana","St. James Parish",1,9,247,123,124
050,22,093,"Louisiana","St. James Parish",1,10,263,133,130
050,22,093,"Louisiana","St. James Parish",1,11,286,145,141
050,22,093,"Louisiana","St. James Parish",1,12,269,139,130
050,22,093,"Louisiana","St. James Parish",1,13,269,141,128
050,22,093,"Louisiana","St. James Parish",1,14,271,139,132
050,22,093,"Louisiana","St. James Parish",1,15,270,136,134
050,22,093,"Louisiana","St. James Parish",1,16,258,125,133
050,22,093,"Louisiana","St. James Parish",1,17,249,113,136
050,22,093,"Louisiana","St. James Parish",1,18,228,122,106
050,22,093,"Louisiana","St. James Parish",1,19,202,111,91
050,22,093,"Louisiana","St. James Parish",1,20,209,110,99
050,22,093,"Louisiana","St. James Parish",1,21,214,110,104
050,22,093,"Louisiana","St. James Parish",1,22,214,104,110
050,22,093,"Louisiana","St. James Parish",1,23,256,125,131
050,22,093,"Louisiana","St. James Parish",1,24,247,120,127
050,22,093,"Louisiana","St. James Parish",1,25,272,134,138
050,22,093,"Louisiana","St. James Parish",1,26,276,142,134
050,22,093,"Louisiana","St. James Parish",1,27,269,144,125
050,22,093,"Louisiana","St. James Parish",1,28,264,136,128
050,22,093,"Louisiana","St. James Parish",1,29,271,138,133
050,22,093,"Louisiana","St. James Parish",1,30,262,119,143
050,22,093,"Louisiana","St. James Parish",1,31,268,116,152
050,22,093,"Louisiana","St. James Parish",1,32,245,125,120
050,22,093,"Louisiana","St. James Parish",1,33,252,129,123
050,22,093,"Louisiana","St. James Parish",1,34,247,119,128
050,22,093,"Louisiana","St. James Parish",1,35,258,118,140
050,22,093,"Louisiana","St. James Parish",1,36,263,129,134
050,22,093,"Louisiana","St. James Parish",1,37,253,124,129
050,22,093,"Louisiana","St. James Parish",1,38,252,123,129
050,22,093,"Louisiana","St. James Parish",1,39,261,113,148
050,22,093,"Louisiana","St. James Parish",1,40,254,120,134
050,22,093,"Louisiana","St. James Parish",1,41,254,120,134
050,22,093,"Louisiana","St. James Parish",1,42,262,129,133
050,22,093,"Louisiana","St. James Parish",1,43,208,106,102
050,22,093,"Louisiana","St. James Parish",1,44,178,86,92
050,22,093,"Louisiana","St. James Parish",1,45,180,88,92
050,22,093,"Louisiana","St. James Parish",1,46,183,90,93
050,22,093,"Louisiana","St. James Parish",1,47,189,97,92
050,22,093,"Louisiana","St. James Parish",1,48,208,90,118
050,22,093,"Louisiana","St. James Parish",1,49,233,104,129
050,22,093,"Louisiana","St. James Parish",1,50,243,114,129
050,22,093,"Louisiana","St. James Parish",1,51,251,117,134
050,22,093,"Louisiana","St. James Parish",1,52,277,120,157
050,22,093,"Louisiana","St. James Parish",1,53,297,137,160
050,22,093,"Louisiana","St. James Parish",1,54,294,143,151
050,22,093,"Louisiana","St. James Parish",1,55,307,154,153
050,22,093,"Louisiana","St. James Parish",1,56,316,155,161
050,22,093,"Louisiana","St. James Parish",1,57,300,144,156
050,22,093,"Louisiana","St. James Parish",1,58,309,163,146
050,22,093,"Louisiana","St. James Parish",1,59,315,165,150
050,22,093,"Louisiana","St. James Parish",1,60,316,158,158
050,22,093,"Louisiana","St. James Parish",1,61,294,141,153
050,22,093,"Louisiana","St. James Parish",1,62,283,138,145
050,22,093,"Louisiana","St. James Parish",1,63,285,139,146
050,22,093,"Louisiana","St. James Parish",1,64,273,135,138
050,22,093,"Louisiana","St. James Parish",1,65,264,127,137
050,22,093,"Louisiana","St. James Parish",1,66,279,142,137
050,22,093,"Louisiana","St. James Parish",1,67,276,139,137
050,22,093,"Louisiana","St. James Parish",1,68,229,108,121
050,22,093,"Louisiana","St. James Parish",1,69,215,103,112
050,22,093,"Louisiana","St. James Parish",1,70,201,98,103
050,22,093,"Louisiana","St. James Parish",1,71,202,93,109
050,22,093,"Louisiana","St. James Parish",1,72,189,86,103
050,22,093,"Louisiana","St. James Parish",1,73,207,93,114
050,22,093,"Louisiana","St. James Parish",1,74,152,65,87
050,22,093,"Louisiana","St. James Parish",1,75,126,56,70
050,22,093,"Louisiana","St. James Parish",1,76,125,52,73
050,22,093,"Louisiana","St. James Parish",1,77,130,47,83
050,22,093,"Louisiana","St. James Parish",1,78,111,42,69
050,22,093,"Louisiana","St. James Parish",1,79,102,47,55
050,22,093,"Louisiana","St. James Parish",1,80,119,51,68
050,22,093,"Louisiana","St. James Parish",1,81,92,40,52
050,22,093,"Louisiana","St. James Parish",1,82,95,37,58
050,22,093,"Louisiana","St. James Parish",1,83,88,31,57
050,22,093,"Louisiana","St. James Parish",1,84,81,30,51
050,22,093,"Louisiana","St. James Parish",1,85,364,140,224
050,22,093,"Louisiana","St. James Parish",2,0,233,120,113
050,22,093,"Louisiana","St. James Parish",2,1,230,116,114
050,22,093,"Louisiana","St. James Parish",2,2,235,125,110
050,22,093,"Louisiana","St. James Parish",2,3,221,109,112
050,22,093,"Louisiana","St. James Parish",2,4,232,118,114
050,22,093,"Louisiana","St. James Parish",2,5,252,134,118
050,22,093,"Louisiana","St. James Parish",2,6,259,137,122
050,22,093,"Louisiana","St. James Parish",2,7,239,118,121
050,22,093,"Louisiana","St. James Parish",2,8,255,130,125
050,22,093,"Louisiana","St. James Parish",2,9,246,123,123
050,22,093,"Louisiana","St. James Parish",2,10,258,130,128
050,22,093,"Louisiana","St. James Parish",2,11,275,139,136
050,22,093,"Louisiana","St. James Parish",2,12,274,140,134
050,22,093,"Louisiana","St. James Parish",2,13,269,141,128
050,22,093,"Louisiana","St. James Parish",2,14,269,139,130
050,22,093,"Louisiana","St. James Parish",2,15,270,138,132
050,22,093,"Louisiana","St. James Parish",2,16,259,127,132
050,22,093,"Louisiana","St. James Parish",2,17,249,115,134
050,22,093,"Louisiana","St. James Parish",2,18,223,116,107
050,22,093,"Louisiana","St. James Parish",2,19,201,110,91
050,22,093,"Louisiana","St. James Parish",2,20,215,114,101
050,22,093,"Louisiana","St. James Parish",2,21,214,111,103
050,22,093,"Louisiana","St. James Parish",2,22,218,107,111
050,22,093,"Louisiana","St. James Parish",2,23,247,120,127
050,22,093,"Louisiana","St. James Parish",2,24,248,121,127
050,22,093,"Louisiana","St. James Parish",2,25,266,132,134
050,22,093,"Louisiana","St. James Parish",2,26,276,142,134
050,22,093,"Louisiana","St. James Parish",2,27,270,144,126
050,22,093,"Louisiana","St. James Parish",2,28,263,136,127
050,22,093,"Louisiana","St. James Parish",2,29,265,135,130
050,22,093,"Louisiana","St. James Parish",2,30,263,123,140
050,22,093,"Louisiana","St. James Parish",2,31,265,115,150
050,22,093,"Louisiana","St. James Parish",2,32,247,121,126
050,22,093,"Louisiana","St. James Parish",2,33,248,125,123
050,22,093,"Louisiana","St. James Parish",2,34,246,119,127
050,22,093,"Louisiana","St. James Parish",2,35,254,118,136
050,22,093,"Louisiana","St. James Parish",2,36,257,126,131
050,22,093,"Louisiana","St. James Parish",2,37,258,127,131
050,22,093,"Louisiana","St. James Parish",2,38,253,123,130
050,22,093,"Louisiana","St. James Parish",2,39,256,115,141
050,22,093,"Louisiana","St. James Parish",2,40,255,117,138
050,22,093,"Louisiana","St. James Parish",2,41,254,120,134
050,22,093,"Louisiana","St. James Parish",2,42,254,124,130
050,22,093,"Louisiana","St. James Parish",2,43,221,111,110
050,22,093,"Louisiana","St. James Parish",2,44,181,88,93
050,22,093,"Louisiana","St. James Parish",2,45,181,88,93
050,22,093,"Louisiana","St. James Parish",2,46,180,89,91
050,22,093,"Louisiana","St. James Parish",2,47,187,94,93
050,22,093,"Louisiana","St. James Parish",2,48,204,92,112
050,22,093,"Louisiana","St. James Parish",2,49,229,102,127
050,22,093,"Louisiana","St. James Parish",2,50,239,111,128
050,22,093,"Louisiana","St. James Parish",2,51,246,114,132
050,22,093,"Louisiana","St. James Parish",2,52,270,120,150
050,22,093,"Louisiana","St. James Parish",2,53,292,133,159
050,22,093,"Louisiana","St. James Parish",2,54,291,139,152
050,22,093,"Louisiana","St. James Parish",2,55,304,151,153
050,22,093,"Louisiana","St. James Parish",2,56,313,154,159
050,22,093,"Louisiana","St. James Parish",2,57,304,147,157
050,22,093,"Louisiana","St. James Parish",2,58,305,156,149
050,22,093,"Louisiana","St. James Parish",2,59,313,164,149
050,22,093,"Louisiana","St. James Parish",2,60,318,161,157
050,22,093,"Louisiana","St. James Parish",2,61,293,142,151
050,22,093,"Louisiana","St. James Parish",2,62,284,138,146
050,22,093,"Louisiana","St. James Parish",2,63,285,139,146
050,22,093,"Louisiana","St. James Parish",2,64,274,135,139
050,22,093,"Louisiana","St. James Parish",2,65,263,127,136
050,22,093,"Louisiana","St. James Parish",2,66,273,137,136
050,22,093,"Louisiana","St. James Parish",2,67,276,139,137
050,22,093,"Louisiana","St. James Parish",2,68,238,115,123
050,22,093,"Louisiana","St. James Parish",2,69,219,104,115
050,22,093,"Louisiana","St. James Parish",2,70,205,100,105
050,22,093,"Louisiana","St. James Parish",2,71,196,92,104
050,22,093,"Louisiana","St. James Parish",2,72,189,86,103
050,22,093,"Louisiana","St. James Parish",2,73,211,95,116
050,22,093,"Louisiana","St. James Parish",2,74,155,68,87
050,22,093,"Louisiana","St. James Parish",2,75,130,57,73
050,22,093,"Louisiana","St. James Parish",2,76,122,51,71
050,22,093,"Louisiana","St. James Parish",2,77,131,49,82
050,22,093,"Louisiana","St. James Parish",2,78,114,43,71
050,22,093,"Louisiana","St. James Parish",2,79,103,46,57
050,22,093,"Louisiana","St. James Parish",2,80,114,49,65
050,22,093,"Louisiana","St. James Parish",2,81,97,43,54
050,22,093,"Louisiana","St. James Parish",2,82,93,36,57
050,22,093,"Louisiana","St. James Parish",2,83,89,32,57
050,22,093,"Louisiana","St. James Parish",2,84,83,30,53
050,22,093,"Louisiana","St. James Parish",2,85,364,141,223
050,22,093,"Louisiana","St. James Parish",3,0,220,122,98
050,22,093,"Louisiana","St. James Parish",3,1,227,118,109
050,22,093,"Louisiana","St. James Parish",3,2,225,112,113
050,22,093,"Louisiana","St. James Parish",3,3,230,129,101
050,22,093,"Louisiana","St. James Parish",3,4,221,102,119
050,22,093,"Louisiana","St. James Parish",3,5,225,112,113
050,22,093,"Louisiana","St. James Parish",3,6,246,130,116
050,22,093,"Louisiana","St. James Parish",3,7,265,141,124
050,22,093,"Louisiana","St. James Parish",3,8,227,111,116
050,22,093,"Louisiana","St. James Parish",3,9,244,127,117
050,22,093,"Louisiana","St. James Parish",3,10,244,124,120
050,22,093,"Louisiana","St. James Parish",3,11,261,135,126
050,22,093,"Louisiana","St. James Parish",3,12,269,137,132
050,22,093,"Louisiana","St. James Parish",3,13,261,138,123
050,22,093,"Louisiana","St. James Parish",3,14,266,139,127
050,22,093,"Louisiana","St. James Parish",3,15,257,132,125
050,22,093,"Louisiana","St. James Parish",3,16,264,130,134
050,22,093,"Louisiana","St. James Parish",3,17,246,121,125
050,22,093,"Louisiana","St. James Parish",3,18,202,96,106
050,22,093,"Louisiana","St. James Parish",3,19,191,95,96
050,22,093,"Louisiana","St. James Parish",3,20,214,118,96
050,22,093,"Louisiana","St. James Parish",3,21,226,116,110
050,22,093,"Louisiana","St. James Parish",3,22,228,118,110
050,22,093,"Louisiana","St. James Parish",3,23,214,109,105
050,22,093,"Louisiana","St. James Parish",3,24,235,117,118
050,22,093,"Louisiana","St. James Parish",3,25,241,109,132
050,22,093,"Louisiana","St. James Parish",3,26,255,129,126
050,22,093,"Louisiana","St. James Parish",3,27,263,136,127
050,22,093,"Louisiana","St. James Parish",3,28,259,138,121
050,22,093,"Louisiana","St. James Parish",3,29,260,128,132
050,22,093,"Louisiana","St. James Parish",3,30,243,127,116
050,22,093,"Louisiana","St. James Parish",3,31,247,120,127
050,22,093,"Louisiana","St. James Parish",3,32,258,112,146
050,22,093,"Louisiana","St. James Parish",3,33,236,108,128
050,22,093,"Louisiana","St. James Parish",3,34,261,131,130
050,22,093,"Louisiana","St. James Parish",3,35,242,118,124
050,22,093,"Louisiana","St. James Parish",3,36,260,123,137
050,22,093,"Louisiana","St. James Parish",3,37,239,115,124
050,22,093,"Louisiana","St. James Parish",3,38,246,115,131
050,22,093,"Louisiana","St. James Parish",3,39,238,117,121
050,22,093,"Louisiana","St. James Parish",3,40,249,115,134
050,22,093,"Louisiana","St. James Parish",3,41,252,111,141
050,22,093,"Louisiana","St. James Parish",3,42,251,121,130
050,22,093,"Louisiana","St. James Parish",3,43,245,116,129
050,22,093,"Louisiana","St. James Parish",3,44,213,106,107
050,22,093,"Louisiana","St. James Parish",3,45,176,80,96
050,22,093,"Louisiana","St. James Parish",3,46,176,85,91
050,22,093,"Louisiana","St. James Parish",3,47,178,85,93
050,22,093,"Louisiana","St. James Parish",3,48,185,89,96
050,22,093,"Louisiana","St. James Parish",3,49,207,97,110
050,22,093,"Louisiana","St. James Parish",3,50,227,99,128
050,22,093,"Louisiana","St. James Parish",3,51,242,112,130
050,22,093,"Louisiana","St. James Parish",3,52,228,104,124
050,22,093,"Louisiana","St. James Parish",3,53,269,124,145
050,22,093,"Louisiana","St. James Parish",3,54,284,123,161
050,22,093,"Louisiana","St. James Parish",3,55,290,139,151
050,22,093,"Louisiana","St. James Parish",3,56,309,157,152
050,22,093,"Louisiana","St. James Parish",3,57,299,146,153
050,22,093,"Louisiana","St. James Parish",3,58,314,152,162
050,22,093,"Louisiana","St. James Parish",3,59,302,152,150
050,22,093,"Louisiana","St. James Parish",3,60,319,163,156
050,22,093,"Louisiana","St. James Parish",3,61,312,161,151
050,22,093,"Louisiana","St. James Parish",3,62,300,147,153
050,22,093,"Louisiana","St. James Parish",3,63,282,142,140
050,22,093,"Louisiana","St. James Parish",3,64,283,137,146
050,22,093,"Louisiana","St. James Parish",3,65,262,127,135
050,22,093,"Louisiana","St. James Parish",3,66,263,127,136
050,22,093,"Louisiana","St. James Parish",3,67,266,134,132
050,22,093,"Louisiana","St. James Parish",3,68,272,137,135
050,22,093,"Louisiana","St. James Parish",3,69,231,110,121
050,22,093,"Louisiana","St. James Parish",3,70,219,104,115
050,22,093,"Louisiana","St. James Parish",3,71,193,93,100
050,22,093,"Louisiana","St. James Parish",3,72,187,87,100
050,22,093,"Louisiana","St. James Parish",3,73,191,87,104
050,22,093,"Louisiana","St. James Parish",3,74,202,91,111
050,22,093,"Louisiana","St. James Parish",3,75,144,62,82
050,22,093,"Louisiana","St. James Parish",3,76,124,54,70
050,22,093,"Louisiana","St. James Parish",3,77,118,49,69
050,22,093,"Louisiana","St. James Parish",3,78,122,45,77
050,22,093,"Louisiana","St. James Parish",3,79,102,37,65
050,22,093,"Louisiana","St. James Parish",3,80,103,46,57
050,22,093,"Louisiana","St. James Parish",3,81,102,44,58
050,22,093,"Louisiana","St. James Parish",3,82,89,39,50
050,22,093,"Louisiana","St. James Parish",3,83,89,31,58
050,22,093,"Louisiana","St. James Parish",3,84,88,30,58
050,22,093,"Louisiana","St. James Parish",3,85,379,148,231
050,22,093,"Louisiana","St. James Parish",4,0,208,109,99
050,22,093,"Louisiana","St. James Parish",4,1,243,144,99
050,22,093,"Louisiana","St. James Parish",4,2,217,113,104
050,22,093,"Louisiana","St. James Parish",4,3,224,114,110
050,22,093,"Louisiana","St. James Parish",4,4,225,125,100
050,22,093,"Louisiana","St. James Parish",4,5,216,104,112
050,22,093,"Louisiana","St. James Parish",4,6,225,111,114
050,22,093,"Louisiana","St. James Parish",4,7,237,125,112
050,22,093,"Louisiana","St. James Parish",4,8,250,133,117
050,22,093,"Louisiana","St. James Parish",4,9,231,110,121
050,22,093,"Louisiana","St. James Parish",4,10,225,114,111
050,22,093,"Louisiana","St. James Parish",4,11,239,120,119
050,22,093,"Louisiana","St. James Parish",4,12,244,126,118
050,22,093,"Louisiana","St. James Parish",4,13,256,126,130
050,22,093,"Louisiana","St. James Parish",4,14,261,133,128
050,22,093,"Louisiana","St. James Parish",4,15,256,129,127
050,22,093,"Louisiana","St. James Parish",4,16,250,123,127
050,22,093,"Louisiana","St. James Parish",4,17,254,128,126
050,22,093,"Louisiana","St. James Parish",4,18,205,105,100
050,22,093,"Louisiana","St. James Parish",4,19,170,83,87
050,22,093,"Louisiana","St. James Parish",4,20,196,95,101
050,22,093,"Louisiana","St. James Parish",4,21,214,122,92
050,22,093,"Louisiana","St. James Parish",4,22,239,121,118
050,22,093,"Louisiana","St. James Parish",4,23,230,111,119
050,22,093,"Louisiana","St. James Parish",4,24,215,110,105
050,22,093,"Louisiana","St. James Parish",4,25,227,125,102
050,22,093,"Louisiana","St. James Parish",4,26,234,107,127
050,22,093,"Louisiana","St. James Parish",4,27,234,116,118
050,22,093,"Louisiana","St. James Parish",4,28,243,129,114
050,22,093,"Louisiana","St. James Parish",4,29,250,137,113
050,22,093,"Louisiana","St. James Parish",4,30,247,124,123
050,22,093,"Louisiana","St. James Parish",4,31,245,129,116
050,22,093,"Louisiana","St. James Parish",4,32,236,110,126
050,22,093,"Louisiana","St. James Parish",4,33,250,109,141
050,22,093,"Louisiana","St. James Parish",4,34,226,106,120
050,22,093,"Louisiana","St. James Parish",4,35,252,129,123
050,22,093,"Louisiana","St. James Parish",4,36,228,114,114
050,22,093,"Louisiana","St. James Parish",4,37,260,128,132
050,22,093,"Louisiana","St. James Parish",4,38,236,114,122
050,22,093,"Louisiana","St. James Parish",4,39,236,108,128
050,22,093,"Louisiana","St. James Parish",4,40,240,119,121
050,22,093,"Louisiana","St. James Parish",4,41,241,112,129
050,22,093,"Louisiana","St. James Parish",4,42,250,108,142
050,22,093,"Louisiana","St. James Parish",4,43,244,116,128
050,22,093,"Louisiana","St. James Parish",4,44,240,117,123
050,22,093,"Louisiana","St. James Parish",4,45,206,110,96
050,22,093,"Louisiana","St. James Parish",4,46,174,78,96
050,22,093,"Louisiana","St. James Parish",4,47,172,81,91
050,22,093,"Louisiana","St. James Parish",4,48,173,80,93
050,22,093,"Louisiana","St. James Parish",4,49,174,86,88
050,22,093,"Louisiana","St. James Parish",4,50,192,88,104
050,22,093,"Louisiana","St. James Parish",4,51,234,103,131
050,22,093,"Louisiana","St. James Parish",4,52,239,115,124
050,22,093,"Louisiana","St. James Parish",4,53,232,107,125
050,22,093,"Louisiana","St. James Parish",4,54,263,118,145
050,22,093,"Louisiana","St. James Parish",4,55,281,124,157
050,22,093,"Louisiana","St. James Parish",4,56,282,135,147
050,22,093,"Louisiana","St. James Parish",4,57,306,155,151
050,22,093,"Louisiana","St. James Parish",4,58,297,149,148
050,22,093,"Louisiana","St. James Parish",4,59,312,156,156
050,22,093,"Louisiana","St. James Parish",4,60,304,152,152
050,22,093,"Louisiana","St. James Parish",4,61,297,153,144
050,22,093,"Louisiana","St. James Parish",4,62,301,156,145
050,22,093,"Louisiana","St. James Parish",4,63,292,145,147
050,22,093,"Louisiana","St. James Parish",4,64,270,138,132
050,22,093,"Louisiana","St. James Parish",4,65,274,131,143
050,22,093,"Louisiana","St. James Parish",4,66,261,127,134
050,22,093,"Louisiana","St. James Parish",4,67,256,121,135
050,22,093,"Louisiana","St. James Parish",4,68,265,134,131
050,22,093,"Louisiana","St. James Parish",4,69,261,129,132
050,22,093,"Louisiana","St. James Parish",4,70,223,106,117
050,22,093,"Louisiana","St. James Parish",4,71,210,97,113
050,22,093,"Louisiana","St. James Parish",4,72,189,93,96
050,22,093,"Louisiana","St. James Parish",4,73,183,89,94
050,22,093,"Louisiana","St. James Parish",4,74,182,81,101
050,22,093,"Louisiana","St. James Parish",4,75,193,85,108
050,22,093,"Louisiana","St. James Parish",4,76,137,61,76
050,22,093,"Louisiana","St. James Parish",4,77,119,50,69
050,22,093,"Louisiana","St. James Parish",4,78,113,48,65
050,22,093,"Louisiana","St. James Parish",4,79,115,42,73
050,22,093,"Louisiana","St. James Parish",4,80,103,35,68
050,22,093,"Louisiana","St. James Parish",4,81,90,39,51
050,22,093,"Louisiana","St. James Parish",4,82,96,42,54
050,22,093,"Louisiana","St. James Parish",4,83,87,37,50
050,22,093,"Louisiana","St. James Parish",4,84,86,28,58
050,22,093,"Louisiana","St. James Parish",4,85,395,158,237
050,22,093,"Louisiana","St. James Parish",5,0,211,111,100
050,22,093,"Louisiana","St. James Parish",5,1,193,97,96
050,22,093,"Louisiana","St. James Parish",5,2,225,130,95
050,22,093,"Louisiana","St. James Parish",5,3,208,112,96
050,22,093,"Louisiana","St. James Parish",5,4,225,107,118
050,22,093,"Louisiana","St. James Parish",5,5,220,119,101
050,22,093,"Louisiana","St. James Parish",5,6,215,106,109
050,22,093,"Louisiana","St. James Parish",5,7,221,113,108
050,22,093,"Louisiana","St. James Parish",5,8,231,119,112
050,22,093,"Louisiana","St. James Parish",5,9,259,139,120
050,22,093,"Louisiana","St. James Parish",5,10,232,111,121
050,22,093,"Louisiana","St. James Parish",5,11,228,120,108
050,22,093,"Louisiana","St. James Parish",5,12,248,130,118
050,22,093,"Louisiana","St. James Parish",5,13,250,127,123
050,22,093,"Louisiana","St. James Parish",5,14,262,121,141
050,22,093,"Louisiana","St. James Parish",5,15,257,128,129
050,22,093,"Louisiana","St. James Parish",5,16,260,135,125
050,22,093,"Louisiana","St. James Parish",5,17,251,121,130
050,22,093,"Louisiana","St. James Parish",5,18,220,112,108
050,22,093,"Louisiana","St. James Parish",5,19,185,92,93
050,22,093,"Louisiana","St. James Parish",5,20,190,94,96
050,22,093,"Louisiana","St. James Parish",5,21,195,94,101
050,22,093,"Louisiana","St. James Parish",5,22,233,131,102
050,22,093,"Louisiana","St. James Parish",5,23,242,125,117
050,22,093,"Louisiana","St. James Parish",5,24,224,109,115
050,22,093,"Louisiana","St. James Parish",5,25,214,113,101
050,22,093,"Louisiana","St. James Parish",5,26,210,105,105
050,22,093,"Louisiana","St. James Parish",5,27,222,101,121
050,22,093,"Louisiana","St. James Parish",5,28,224,103,121
050,22,093,"Louisiana","St. James Parish",5,29,235,127,108
050,22,093,"Louisiana","St. James Parish",5,30,262,138,124
050,22,093,"Louisiana","St. James Parish",5,31,241,121,120
050,22,093,"Louisiana","St. James Parish",5,32,227,113,114
050,22,093,"Louisiana","St. James Parish",5,33,226,101,125
050,22,093,"Louisiana","St. James Parish",5,34,245,110,135
050,22,093,"Louisiana","St. James Parish",5,35,221,97,124
050,22,093,"Louisiana","St. James Parish",5,36,254,131,123
050,22,093,"Louisiana","St. James Parish",5,37,222,110,112
050,22,093,"Louisiana","St. James Parish",5,38,257,124,133
050,22,093,"Louisiana","St. James Parish",5,39,236,116,120
050,22,093,"Louisiana","St. James Parish",5,40,239,105,134
050,22,093,"Louisiana","St. James Parish",5,41,237,119,118
050,22,093,"Louisiana","St. James Parish",5,42,232,110,122
050,22,093,"Louisiana","St. James Parish",5,43,252,105,147
050,22,093,"Louisiana","St. James Parish",5,44,243,115,128
050,22,093,"Louisiana","St. James Parish",5,45,235,111,124
050,22,093,"Louisiana","St. James Parish",5,46,209,111,98
050,22,093,"Louisiana","St. James Parish",5,47,168,72,96
050,22,093,"Louisiana","St. James Parish",5,48,168,76,92
050,22,093,"Louisiana","St. James Parish",5,49,172,79,93
050,22,093,"Louisiana","St. James Parish",5,50,173,88,85
050,22,093,"Louisiana","St. James Parish",5,51,188,87,101
050,22,093,"Louisiana","St. James Parish",5,52,234,103,131
050,22,093,"Louisiana","St. James Parish",5,53,247,125,122
050,22,093,"Louisiana","St. James Parish",5,54,221,98,123
050,22,093,"Louisiana","St. James Parish",5,55,259,117,142
050,22,093,"Louisiana","St. James Parish",5,56,278,124,154
050,22,093,"Louisiana","St. James Parish",5,57,277,132,145
050,22,093,"Louisiana","St. James Parish",5,58,305,159,146
050,22,093,"Louisiana","St. James Parish",5,59,298,146,152
050,22,093,"Louisiana","St. James Parish",5,60,308,151,157
050,22,093,"Louisiana","St. James Parish",5,61,291,145,146
050,22,093,"Louisiana","St. James Parish",5,62,290,153,137
050,22,093,"Louisiana","St. James Parish",5,63,287,146,141
050,22,093,"Louisiana","St. James Parish",5,64,278,139,139
050,22,093,"Louisiana","St. James Parish",5,65,266,134,132
050,22,093,"Louisiana","St. James Parish",5,66,265,123,142
050,22,093,"Louisiana","St. James Parish",5,67,259,125,134
050,22,093,"Louisiana","St. James Parish",5,68,252,122,130
050,22,093,"Louisiana","St. James Parish",5,69,254,127,127
050,22,093,"Louisiana","St. James Parish",5,70,256,127,129
050,22,093,"Louisiana","St. James Parish",5,71,213,98,115
050,22,093,"Louisiana","St. James Parish",5,72,202,93,109
050,22,093,"Louisiana","St. James Parish",5,73,186,94,92
050,22,093,"Louisiana","St. James Parish",5,74,174,83,91
050,22,093,"Louisiana","St. James Parish",5,75,170,75,95
050,22,093,"Louisiana","St. James Parish",5,76,186,84,102
050,22,093,"Louisiana","St. James Parish",5,77,132,57,75
050,22,093,"Louisiana","St. James Parish",5,78,113,49,64
050,22,093,"Louisiana","St. James Parish",5,79,107,45,62
050,22,093,"Louisiana","St. James Parish",5,80,115,38,77
050,22,093,"Louisiana","St. James Parish",5,81,92,30,62
050,22,093,"Louisiana","St. James Parish",5,82,85,37,48
050,22,093,"Louisiana","St. James Parish",5,83,92,38,54
050,22,093,"Louisiana","St. James Parish",5,84,87,35,52
050,22,093,"Louisiana","St. James Parish",5,85,415,168,247
050,22,095,"Louisiana","St. John the Baptist Parish",1,0,486,246,240
050,22,095,"Louisiana","St. John the Baptist Parish",1,1,531,271,260
050,22,095,"Louisiana","St. John the Baptist Parish",1,2,541,274,267
050,22,095,"Louisiana","St. John the Baptist Parish",1,3,561,280,281
050,22,095,"Louisiana","St. John the Baptist Parish",1,4,575,311,264
050,22,095,"Louisiana","St. John the Baptist Parish",1,5,564,285,279
050,22,095,"Louisiana","St. John the Baptist Parish",1,6,561,276,285
050,22,095,"Louisiana","St. John the Baptist Parish",1,7,563,302,261
050,22,095,"Louisiana","St. John the Baptist Parish",1,8,579,309,270
050,22,095,"Louisiana","St. John the Baptist Parish",1,9,553,284,269
050,22,095,"Louisiana","St. John the Baptist Parish",1,10,536,268,268
050,22,095,"Louisiana","St. John the Baptist Parish",1,11,643,315,328
050,22,095,"Louisiana","St. John the Baptist Parish",1,12,675,344,331
050,22,095,"Louisiana","St. John the Baptist Parish",1,13,663,341,322
050,22,095,"Louisiana","St. John the Baptist Parish",1,14,635,324,311
050,22,095,"Louisiana","St. John the Baptist Parish",1,15,611,302,309
050,22,095,"Louisiana","St. John the Baptist Parish",1,16,621,321,300
050,22,095,"Louisiana","St. John the Baptist Parish",1,17,613,308,305
050,22,095,"Louisiana","St. John the Baptist Parish",1,18,528,264,264
050,22,095,"Louisiana","St. John the Baptist Parish",1,19,471,240,231
050,22,095,"Louisiana","St. John the Baptist Parish",1,20,512,256,256
050,22,095,"Louisiana","St. John the Baptist Parish",1,21,523,265,258
050,22,095,"Louisiana","St. John the Baptist Parish",1,22,534,278,256
050,22,095,"Louisiana","St. John the Baptist Parish",1,23,508,265,243
050,22,095,"Louisiana","St. John the Baptist Parish",1,24,538,261,277
050,22,095,"Louisiana","St. John the Baptist Parish",1,25,555,289,266
050,22,095,"Louisiana","St. John the Baptist Parish",1,26,574,294,280
050,22,095,"Louisiana","St. John the Baptist Parish",1,27,568,291,277
050,22,095,"Louisiana","St. John the Baptist Parish",1,28,558,271,287
050,22,095,"Louisiana","St. John the Baptist Parish",1,29,587,285,302
050,22,095,"Louisiana","St. John the Baptist Parish",1,30,564,287,277
050,22,095,"Louisiana","St. John the Baptist Parish",1,31,574,290,284
050,22,095,"Louisiana","St. John the Baptist Parish",1,32,527,257,270
050,22,095,"Louisiana","St. John the Baptist Parish",1,33,538,273,265
050,22,095,"Louisiana","St. John the Baptist Parish",1,34,554,268,286
050,22,095,"Louisiana","St. John the Baptist Parish",1,35,565,272,293
050,22,095,"Louisiana","St. John the Baptist Parish",1,36,526,244,282
050,22,095,"Louisiana","St. John the Baptist Parish",1,37,551,245,306
050,22,095,"Louisiana","St. John the Baptist Parish",1,38,555,260,295
050,22,095,"Louisiana","St. John the Baptist Parish",1,39,554,267,287
050,22,095,"Louisiana","St. John the Baptist Parish",1,40,550,265,285
050,22,095,"Louisiana","St. John the Baptist Parish",1,41,516,247,269
050,22,095,"Louisiana","St. John the Baptist Parish",1,42,530,258,272
050,22,095,"Louisiana","St. John the Baptist Parish",1,43,483,225,258
050,22,095,"Louisiana","St. John the Baptist Parish",1,44,457,212,245
050,22,095,"Louisiana","St. John the Baptist Parish",1,45,489,232,257
050,22,095,"Louisiana","St. John the Baptist Parish",1,46,503,225,278
050,22,095,"Louisiana","St. John the Baptist Parish",1,47,496,222,274
050,22,095,"Louisiana","St. John the Baptist Parish",1,48,545,246,299
050,22,095,"Louisiana","St. John the Baptist Parish",1,49,511,230,281
050,22,095,"Louisiana","St. John the Baptist Parish",1,50,519,236,283
050,22,095,"Louisiana","St. John the Baptist Parish",1,51,523,256,267
050,22,095,"Louisiana","St. John the Baptist Parish",1,52,532,245,287
050,22,095,"Louisiana","St. John the Baptist Parish",1,53,549,245,304
050,22,095,"Louisiana","St. John the Baptist Parish",1,54,601,301,300
050,22,095,"Louisiana","St. John the Baptist Parish",1,55,668,327,341
050,22,095,"Louisiana","St. John the Baptist Parish",1,56,625,296,329
050,22,095,"Louisiana","St. John the Baptist Parish",1,57,630,294,336
050,22,095,"Louisiana","St. John the Baptist Parish",1,58,667,329,338
050,22,095,"Louisiana","St. John the Baptist Parish",1,59,648,309,339
050,22,095,"Louisiana","St. John the Baptist Parish",1,60,600,285,315
050,22,095,"Louisiana","St. John the Baptist Parish",1,61,562,273,289
050,22,095,"Louisiana","St. John the Baptist Parish",1,62,551,277,274
050,22,095,"Louisiana","St. John the Baptist Parish",1,63,582,300,282
050,22,095,"Louisiana","St. John the Baptist Parish",1,64,550,294,256
050,22,095,"Louisiana","St. John the Baptist Parish",1,65,522,267,255
050,22,095,"Louisiana","St. John the Baptist Parish",1,66,474,226,248
050,22,095,"Louisiana","St. John the Baptist Parish",1,67,451,217,234
050,22,095,"Louisiana","St. John the Baptist Parish",1,68,444,216,228
050,22,095,"Louisiana","St. John the Baptist Parish",1,69,400,195,205
050,22,095,"Louisiana","St. John the Baptist Parish",1,70,376,176,200
050,22,095,"Louisiana","St. John the Baptist Parish",1,71,375,168,207
050,22,095,"Louisiana","St. John the Baptist Parish",1,72,357,163,194
050,22,095,"Louisiana","St. John the Baptist Parish",1,73,348,168,180
050,22,095,"Louisiana","St. John the Baptist Parish",1,74,242,124,118
050,22,095,"Louisiana","St. John the Baptist Parish",1,75,247,123,124
050,22,095,"Louisiana","St. John the Baptist Parish",1,76,235,102,133
050,22,095,"Louisiana","St. John the Baptist Parish",1,77,221,102,119
050,22,095,"Louisiana","St. John the Baptist Parish",1,78,187,87,100
050,22,095,"Louisiana","St. John the Baptist Parish",1,79,174,75,99
050,22,095,"Louisiana","St. John the Baptist Parish",1,80,151,61,90
050,22,095,"Louisiana","St. John the Baptist Parish",1,81,145,63,82
050,22,095,"Louisiana","St. John the Baptist Parish",1,82,127,55,72
050,22,095,"Louisiana","St. John the Baptist Parish",1,83,107,48,59
050,22,095,"Louisiana","St. John the Baptist Parish",1,84,91,38,53
050,22,095,"Louisiana","St. John the Baptist Parish",1,85,445,162,283
050,22,095,"Louisiana","St. John the Baptist Parish",2,0,489,260,229
050,22,095,"Louisiana","St. John the Baptist Parish",2,1,520,264,256
050,22,095,"Louisiana","St. John the Baptist Parish",2,2,540,273,267
050,22,095,"Louisiana","St. John the Baptist Parish",2,3,556,282,274
050,22,095,"Louisiana","St. John the Baptist Parish",2,4,574,304,270
050,22,095,"Louisiana","St. John the Baptist Parish",2,5,570,293,277
050,22,095,"Louisiana","St. John the Baptist Parish",2,6,563,280,283
050,22,095,"Louisiana","St. John the Baptist Parish",2,7,563,296,267
050,22,095,"Louisiana","St. John the Baptist Parish",2,8,577,308,269
050,22,095,"Louisiana","St. John the Baptist Parish",2,9,556,289,267
050,22,095,"Louisiana","St. John the Baptist Parish",2,10,542,272,270
050,22,095,"Louisiana","St. John the Baptist Parish",2,11,615,303,312
050,22,095,"Louisiana","St. John the Baptist Parish",2,12,664,335,329
050,22,095,"Louisiana","St. John the Baptist Parish",2,13,662,342,320
050,22,095,"Louisiana","St. John the Baptist Parish",2,14,639,326,313
050,22,095,"Louisiana","St. John the Baptist Parish",2,15,615,306,309
050,22,095,"Louisiana","St. John the Baptist Parish",2,16,618,315,303
050,22,095,"Louisiana","St. John the Baptist Parish",2,17,612,311,301
050,22,095,"Louisiana","St. John the Baptist Parish",2,18,528,268,260
050,22,095,"Louisiana","St. John the Baptist Parish",2,19,468,235,233
050,22,095,"Louisiana","St. John the Baptist Parish",2,20,511,254,257
050,22,095,"Louisiana","St. John the Baptist Parish",2,21,523,265,258
050,22,095,"Louisiana","St. John the Baptist Parish",2,22,534,275,259
050,22,095,"Louisiana","St. John the Baptist Parish",2,23,515,266,249
050,22,095,"Louisiana","St. John the Baptist Parish",2,24,529,262,267
050,22,095,"Louisiana","St. John the Baptist Parish",2,25,550,282,268
050,22,095,"Louisiana","St. John the Baptist Parish",2,26,568,289,279
050,22,095,"Louisiana","St. John the Baptist Parish",2,27,569,288,281
050,22,095,"Louisiana","St. John the Baptist Parish",2,28,558,273,285
050,22,095,"Louisiana","St. John the Baptist Parish",2,29,574,279,295
050,22,095,"Louisiana","St. John the Baptist Parish",2,30,576,290,286
050,22,095,"Louisiana","St. John the Baptist Parish",2,31,566,287,279
050,22,095,"Louisiana","St. John the Baptist Parish",2,32,536,264,272
050,22,095,"Louisiana","St. John the Baptist Parish",2,33,534,267,267
050,22,095,"Louisiana","St. John the Baptist Parish",2,34,552,272,280
050,22,095,"Louisiana","St. John the Baptist Parish",2,35,563,271,292
050,22,095,"Louisiana","St. John the Baptist Parish",2,36,533,247,286
050,22,095,"Louisiana","St. John the Baptist Parish",2,37,540,242,298
050,22,095,"Louisiana","St. John the Baptist Parish",2,38,553,256,297
050,22,095,"Louisiana","St. John the Baptist Parish",2,39,548,261,287
050,22,095,"Louisiana","St. John the Baptist Parish",2,40,559,269,290
050,22,095,"Louisiana","St. John the Baptist Parish",2,41,528,254,274
050,22,095,"Louisiana","St. John the Baptist Parish",2,42,522,254,268
050,22,095,"Louisiana","St. John the Baptist Parish",2,43,494,233,261
050,22,095,"Louisiana","St. John the Baptist Parish",2,44,459,214,245
050,22,095,"Louisiana","St. John the Baptist Parish",2,45,482,228,254
050,22,095,"Louisiana","St. John the Baptist Parish",2,46,499,226,273
050,22,095,"Louisiana","St. John the Baptist Parish",2,47,496,221,275
050,22,095,"Louisiana","St. John the Baptist Parish",2,48,529,236,293
050,22,095,"Louisiana","St. John the Baptist Parish",2,49,518,232,286
050,22,095,"Louisiana","St. John the Baptist Parish",2,50,518,237,281
050,22,095,"Louisiana","St. John the Baptist Parish",2,51,516,248,268
050,22,095,"Louisiana","St. John the Baptist Parish",2,52,523,244,279
050,22,095,"Louisiana","St. John the Baptist Parish",2,53,543,245,298
050,22,095,"Louisiana","St. John the Baptist Parish",2,54,588,288,300
050,22,095,"Louisiana","St. John the Baptist Parish",2,55,651,319,332
050,22,095,"Louisiana","St. John the Baptist Parish",2,56,636,303,333
050,22,095,"Louisiana","St. John the Baptist Parish",2,57,625,293,332
050,22,095,"Louisiana","St. John the Baptist Parish",2,58,654,317,337
050,22,095,"Louisiana","St. John the Baptist Parish",2,59,649,312,337
050,22,095,"Louisiana","St. John the Baptist Parish",2,60,603,288,315
050,22,095,"Louisiana","St. John the Baptist Parish",2,61,564,271,293
050,22,095,"Louisiana","St. John the Baptist Parish",2,62,549,274,275
050,22,095,"Louisiana","St. John the Baptist Parish",2,63,578,296,282
050,22,095,"Louisiana","St. John the Baptist Parish",2,64,549,291,258
050,22,095,"Louisiana","St. John the Baptist Parish",2,65,526,273,253
050,22,095,"Louisiana","St. John the Baptist Parish",2,66,484,235,249
050,22,095,"Louisiana","St. John the Baptist Parish",2,67,452,217,235
050,22,095,"Louisiana","St. John the Baptist Parish",2,68,438,211,227
050,22,095,"Louisiana","St. John the Baptist Parish",2,69,409,199,210
050,22,095,"Louisiana","St. John the Baptist Parish",2,70,378,179,199
050,22,095,"Louisiana","St. John the Baptist Parish",2,71,372,167,205
050,22,095,"Louisiana","St. John the Baptist Parish",2,72,350,156,194
050,22,095,"Louisiana","St. John the Baptist Parish",2,73,357,170,187
050,22,095,"Louisiana","St. John the Baptist Parish",2,74,248,125,123
050,22,095,"Louisiana","St. John the Baptist Parish",2,75,245,122,123
050,22,095,"Louisiana","St. John the Baptist Parish",2,76,232,104,128
050,22,095,"Louisiana","St. John the Baptist Parish",2,77,225,103,122
050,22,095,"Louisiana","St. John the Baptist Parish",2,78,189,88,101
050,22,095,"Louisiana","St. John the Baptist Parish",2,79,175,76,99
050,22,095,"Louisiana","St. John the Baptist Parish",2,80,153,62,91
050,22,095,"Louisiana","St. John the Baptist Parish",2,81,142,61,81
050,22,095,"Louisiana","St. John the Baptist Parish",2,82,127,54,73
050,22,095,"Louisiana","St. John the Baptist Parish",2,83,110,51,59
050,22,095,"Louisiana","St. John the Baptist Parish",2,84,89,39,50
050,22,095,"Louisiana","St. John the Baptist Parish",2,85,430,157,273
050,22,095,"Louisiana","St. John the Baptist Parish",3,0,510,272,238
050,22,095,"Louisiana","St. John the Baptist Parish",3,1,470,258,212
050,22,095,"Louisiana","St. John the Baptist Parish",3,2,526,259,267
050,22,095,"Louisiana","St. John the Baptist Parish",3,3,541,265,276
050,22,095,"Louisiana","St. John the Baptist Parish",3,4,539,267,272
050,22,095,"Louisiana","St. John the Baptist Parish",3,5,560,292,268
050,22,095,"Louisiana","St. John the Baptist Parish",3,6,561,295,266
050,22,095,"Louisiana","St. John the Baptist Parish",3,7,541,272,269
050,22,095,"Louisiana","St. John the Baptist Parish",3,8,552,287,265
050,22,095,"Louisiana","St. John the Baptist Parish",3,9,578,312,266
050,22,095,"Louisiana","St. John the Baptist Parish",3,10,546,293,253
050,22,095,"Louisiana","St. John the Baptist Parish",3,11,542,270,272
050,22,095,"Louisiana","St. John the Baptist Parish",3,12,596,302,294
050,22,095,"Louisiana","St. John the Baptist Parish",3,13,676,340,336
050,22,095,"Louisiana","St. John the Baptist Parish",3,14,656,336,320
050,22,095,"Louisiana","St. John the Baptist Parish",3,15,633,314,319
050,22,095,"Louisiana","St. John the Baptist Parish",3,16,629,316,313
050,22,095,"Louisiana","St. John the Baptist Parish",3,17,631,324,307
050,22,095,"Louisiana","St. John the Baptist Parish",3,18,533,286,247
050,22,095,"Louisiana","St. John the Baptist Parish",3,19,465,243,222
050,22,095,"Louisiana","St. John the Baptist Parish",3,20,475,237,238
050,22,095,"Louisiana","St. John the Baptist Parish",3,21,526,261,265
050,22,095,"Louisiana","St. John the Baptist Parish",3,22,541,280,261
050,22,095,"Louisiana","St. John the Baptist Parish",3,23,543,280,263
050,22,095,"Louisiana","St. John the Baptist Parish",3,24,526,280,246
050,22,095,"Louisiana","St. John the Baptist Parish",3,25,519,269,250
050,22,095,"Louisiana","St. John the Baptist Parish",3,26,530,275,255
050,22,095,"Louisiana","St. John the Baptist Parish",3,27,549,280,269
050,22,095,"Louisiana","St. John the Baptist Parish",3,28,531,263,268
050,22,095,"Louisiana","St. John the Baptist Parish",3,29,544,284,260
050,22,095,"Louisiana","St. John the Baptist Parish",3,30,571,277,294
050,22,095,"Louisiana","St. John the Baptist Parish",3,31,563,287,276
050,22,095,"Louisiana","St. John the Baptist Parish",3,32,557,280,277
050,22,095,"Louisiana","St. John the Baptist Parish",3,33,510,254,256
050,22,095,"Louisiana","St. John the Baptist Parish",3,34,532,265,267
050,22,095,"Louisiana","St. John the Baptist Parish",3,35,551,274,277
050,22,095,"Louisiana","St. John the Baptist Parish",3,36,550,257,293
050,22,095,"Louisiana","St. John the Baptist Parish",3,37,517,231,286
050,22,095,"Louisiana","St. John the Baptist Parish",3,38,535,246,289
050,22,095,"Louisiana","St. John the Baptist Parish",3,39,566,267,299
050,22,095,"Louisiana","St. John the Baptist Parish",3,40,552,255,297
050,22,095,"Louisiana","St. John the Baptist Parish",3,41,557,270,287
050,22,095,"Louisiana","St. John the Baptist Parish",3,42,516,238,278
050,22,095,"Louisiana","St. John the Baptist Parish",3,43,532,267,265
050,22,095,"Louisiana","St. John the Baptist Parish",3,44,491,233,258
050,22,095,"Louisiana","St. John the Baptist Parish",3,45,462,218,244
050,22,095,"Louisiana","St. John the Baptist Parish",3,46,477,221,256
050,22,095,"Louisiana","St. John the Baptist Parish",3,47,494,227,267
050,22,095,"Louisiana","St. John the Baptist Parish",3,48,492,225,267
050,22,095,"Louisiana","St. John the Baptist Parish",3,49,535,237,298
050,22,095,"Louisiana","St. John the Baptist Parish",3,50,517,234,283
050,22,095,"Louisiana","St. John the Baptist Parish",3,51,516,234,282
050,22,095,"Louisiana","St. John the Baptist Parish",3,52,522,254,268
050,22,095,"Louisiana","St. John the Baptist Parish",3,53,512,242,270
050,22,095,"Louisiana","St. John the Baptist Parish",3,54,536,238,298
050,22,095,"Louisiana","St. John the Baptist Parish",3,55,601,295,306
050,22,095,"Louisiana","St. John the Baptist Parish",3,56,630,313,317
050,22,095,"Louisiana","St. John the Baptist Parish",3,57,624,297,327
050,22,095,"Louisiana","St. John the Baptist Parish",3,58,623,293,330
050,22,095,"Louisiana","St. John the Baptist Parish",3,59,660,322,338
050,22,095,"Louisiana","St. John the Baptist Parish",3,60,625,300,325
050,22,095,"Louisiana","St. John the Baptist Parish",3,61,603,285,318
050,22,095,"Louisiana","St. John the Baptist Parish",3,62,551,265,286
050,22,095,"Louisiana","St. John the Baptist Parish",3,63,549,270,279
050,22,095,"Louisiana","St. John the Baptist Parish",3,64,559,282,277
050,22,095,"Louisiana","St. John the Baptist Parish",3,65,532,280,252
050,22,095,"Louisiana","St. John the Baptist Parish",3,66,508,261,247
050,22,095,"Louisiana","St. John the Baptist Parish",3,67,469,227,242
050,22,095,"Louisiana","St. John the Baptist Parish",3,68,438,204,234
050,22,095,"Louisiana","St. John the Baptist Parish",3,69,433,210,223
050,22,095,"Louisiana","St. John the Baptist Parish",3,70,395,192,203
050,22,095,"Louisiana","St. John the Baptist Parish",3,71,359,170,189
050,22,095,"Louisiana","St. John the Baptist Parish",3,72,358,164,194
050,22,095,"Louisiana","St. John the Baptist Parish",3,73,335,153,182
050,22,095,"Louisiana","St. John the Baptist Parish",3,74,364,173,191
050,22,095,"Louisiana","St. John the Baptist Parish",3,75,236,119,117
050,22,095,"Louisiana","St. John the Baptist Parish",3,76,233,116,117
050,22,095,"Louisiana","St. John the Baptist Parish",3,77,217,96,121
050,22,095,"Louisiana","St. John the Baptist Parish",3,78,208,92,116
050,22,095,"Louisiana","St. John the Baptist Parish",3,79,183,84,99
050,22,095,"Louisiana","St. John the Baptist Parish",3,80,161,68,93
050,22,095,"Louisiana","St. John the Baptist Parish",3,81,148,58,90
050,22,095,"Louisiana","St. John the Baptist Parish",3,82,132,55,77
050,22,095,"Louisiana","St. John the Baptist Parish",3,83,113,47,66
050,22,095,"Louisiana","St. John the Baptist Parish",3,84,92,40,52
050,22,095,"Louisiana","St. John the Baptist Parish",3,85,438,161,277
050,22,095,"Louisiana","St. John the Baptist Parish",4,0,475,242,233
050,22,095,"Louisiana","St. John the Baptist Parish",4,1,451,240,211
050,22,095,"Louisiana","St. John the Baptist Parish",4,2,431,228,203
050,22,095,"Louisiana","St. John the Baptist Parish",4,3,495,246,249
050,22,095,"Louisiana","St. John the Baptist Parish",4,4,497,248,249
050,22,095,"Louisiana","St. John the Baptist Parish",4,5,489,242,247
050,22,095,"Louisiana","St. John the Baptist Parish",4,6,528,269,259
050,22,095,"Louisiana","St. John the Baptist Parish",4,7,507,259,248
050,22,095,"Louisiana","St. John the Baptist Parish",4,8,510,251,259
050,22,095,"Louisiana","St. John the Baptist Parish",4,9,525,278,247
050,22,095,"Louisiana","St. John the Baptist Parish",4,10,544,289,255
050,22,095,"Louisiana","St. John the Baptist Parish",4,11,528,286,242
050,22,095,"Louisiana","St. John the Baptist Parish",4,12,508,248,260
050,22,095,"Louisiana","St. John the Baptist Parish",4,13,572,291,281
050,22,095,"Louisiana","St. John the Baptist Parish",4,14,630,314,316
050,22,095,"Louisiana","St. John the Baptist Parish",4,15,635,323,312
050,22,095,"Louisiana","St. John the Baptist Parish",4,16,629,318,311
050,22,095,"Louisiana","St. John the Baptist Parish",4,17,595,292,303
050,22,095,"Louisiana","St. John the Baptist Parish",4,18,539,286,253
050,22,095,"Louisiana","St. John the Baptist Parish",4,19,425,228,197
050,22,095,"Louisiana","St. John the Baptist Parish",4,20,469,240,229
050,22,095,"Louisiana","St. John the Baptist Parish",4,21,465,237,228
050,22,095,"Louisiana","St. John the Baptist Parish",4,22,514,247,267
050,22,095,"Louisiana","St. John the Baptist Parish",4,23,517,268,249
050,22,095,"Louisiana","St. John the Baptist Parish",4,24,503,254,249
050,22,095,"Louisiana","St. John the Baptist Parish",4,25,481,273,208
050,22,095,"Louisiana","St. John the Baptist Parish",4,26,468,249,219
050,22,095,"Louisiana","St. John the Baptist Parish",4,27,477,253,224
050,22,095,"Louisiana","St. John the Baptist Parish",4,28,489,255,234
050,22,095,"Louisiana","St. John the Baptist Parish",4,29,497,245,252
050,22,095,"Louisiana","St. John the Baptist Parish",4,30,482,236,246
050,22,095,"Louisiana","St. John the Baptist Parish",4,31,542,263,279
050,22,095,"Louisiana","St. John the Baptist Parish",4,32,494,261,233
050,22,095,"Louisiana","St. John the Baptist Parish",4,33,529,271,258
050,22,095,"Louisiana","St. John the Baptist Parish",4,34,488,243,245
050,22,095,"Louisiana","St. John the Baptist Parish",4,35,499,238,261
050,22,095,"Louisiana","St. John the Baptist Parish",4,36,526,253,273
050,22,095,"Louisiana","St. John the Baptist Parish",4,37,527,248,279
050,22,095,"Louisiana","St. John the Baptist Parish",4,38,477,219,258
050,22,095,"Louisiana","St. John the Baptist Parish",4,39,515,235,280
050,22,095,"Louisiana","St. John the Baptist Parish",4,40,519,236,283
050,22,095,"Louisiana","St. John the Baptist Parish",4,41,539,246,293
050,22,095,"Louisiana","St. John the Baptist Parish",4,42,530,259,271
050,22,095,"Louisiana","St. John the Baptist Parish",4,43,479,220,259
050,22,095,"Louisiana","St. John the Baptist Parish",4,44,501,242,259
050,22,095,"Louisiana","St. John the Baptist Parish",4,45,463,215,248
050,22,095,"Louisiana","St. John the Baptist Parish",4,46,423,203,220
050,22,095,"Louisiana","St. John the Baptist Parish",4,47,473,212,261
050,22,095,"Louisiana","St. John the Baptist Parish",4,48,490,228,262
050,22,095,"Louisiana","St. John the Baptist Parish",4,49,481,225,256
050,22,095,"Louisiana","St. John the Baptist Parish",4,50,516,224,292
050,22,095,"Louisiana","St. John the Baptist Parish",4,51,489,224,265
050,22,095,"Louisiana","St. John the Baptist Parish",4,52,491,221,270
050,22,095,"Louisiana","St. John the Baptist Parish",4,53,495,242,253
050,22,095,"Louisiana","St. John the Baptist Parish",4,54,510,241,269
050,22,095,"Louisiana","St. John the Baptist Parish",4,55,510,228,282
050,22,095,"Louisiana","St. John the Baptist Parish",4,56,574,278,296
050,22,095,"Louisiana","St. John the Baptist Parish",4,57,617,309,308
050,22,095,"Louisiana","St. John the Baptist Parish",4,58,598,286,312
050,22,095,"Louisiana","St. John the Baptist Parish",4,59,587,275,312
050,22,095,"Louisiana","St. John the Baptist Parish",4,60,636,316,320
050,22,095,"Louisiana","St. John the Baptist Parish",4,61,590,279,311
050,22,095,"Louisiana","St. John the Baptist Parish",4,62,586,278,308
050,22,095,"Louisiana","St. John the Baptist Parish",4,63,519,244,275
050,22,095,"Louisiana","St. John the Baptist Parish",4,64,510,255,255
050,22,095,"Louisiana","St. John the Baptist Parish",4,65,543,273,270
050,22,095,"Louisiana","St. John the Baptist Parish",4,66,500,259,241
050,22,095,"Louisiana","St. John the Baptist Parish",4,67,468,240,228
050,22,095,"Louisiana","St. John the Baptist Parish",4,68,430,203,227
050,22,095,"Louisiana","St. John the Baptist Parish",4,69,411,191,220
050,22,095,"Louisiana","St. John the Baptist Parish",4,70,402,202,200
050,22,095,"Louisiana","St. John the Baptist Parish",4,71,380,188,192
050,22,095,"Louisiana","St. John the Baptist Parish",4,72,339,158,181
050,22,095,"Louisiana","St. John the Baptist Parish",4,73,336,160,176
050,22,095,"Louisiana","St. John the Baptist Parish",4,74,317,142,175
050,22,095,"Louisiana","St. John the Baptist Parish",4,75,336,155,181
050,22,095,"Louisiana","St. John the Baptist Parish",4,76,207,103,104
050,22,095,"Louisiana","St. John the Baptist Parish",4,77,216,106,110
050,22,095,"Louisiana","St. John the Baptist Parish",4,78,200,88,112
050,22,095,"Louisiana","St. John the Baptist Parish",4,79,189,85,104
050,22,095,"Louisiana","St. John the Baptist Parish",4,80,155,74,81
050,22,095,"Louisiana","St. John the Baptist Parish",4,81,152,65,87
050,22,095,"Louisiana","St. John the Baptist Parish",4,82,133,48,85
050,22,095,"Louisiana","St. John the Baptist Parish",4,83,121,50,71
050,22,095,"Louisiana","St. John the Baptist Parish",4,84,97,41,56
050,22,095,"Louisiana","St. John the Baptist Parish",4,85,425,161,264
050,22,095,"Louisiana","St. John the Baptist Parish",5,0,465,235,230
050,22,095,"Louisiana","St. John the Baptist Parish",5,1,501,255,246
050,22,095,"Louisiana","St. John the Baptist Parish",5,2,469,243,226
050,22,095,"Louisiana","St. John the Baptist Parish",5,3,429,226,203
050,22,095,"Louisiana","St. John the Baptist Parish",5,4,490,242,248
050,22,095,"Louisiana","St. John the Baptist Parish",5,5,479,233,246
050,22,095,"Louisiana","St. John the Baptist Parish",5,6,483,254,229
050,22,095,"Louisiana","St. John the Baptist Parish",5,7,561,279,282
050,22,095,"Louisiana","St. John the Baptist Parish",5,8,511,255,256
050,22,095,"Louisiana","St. John the Baptist Parish",5,9,512,260,252
050,22,095,"Louisiana","St. John the Baptist Parish",5,10,505,264,241
050,22,095,"Louisiana","St. John the Baptist Parish",5,11,559,297,262
050,22,095,"Louisiana","St. John the Baptist Parish",5,12,520,286,234
050,22,095,"Louisiana","St. John the Baptist Parish",5,13,522,256,266
050,22,095,"Louisiana","St. John the Baptist Parish",5,14,568,292,276
050,22,095,"Louisiana","St. John the Baptist Parish",5,15,620,303,317
050,22,095,"Louisiana","St. John the Baptist Parish",5,16,650,333,317
050,22,095,"Louisiana","St. John the Baptist Parish",5,17,614,312,302
050,22,095,"Louisiana","St. John the Baptist Parish",5,18,509,262,247
050,22,095,"Louisiana","St. John the Baptist Parish",5,19,429,222,207
050,22,095,"Louisiana","St. John the Baptist Parish",5,20,457,231,226
050,22,095,"Louisiana","St. John the Baptist Parish",5,21,488,255,233
050,22,095,"Louisiana","St. John the Baptist Parish",5,22,513,256,257
050,22,095,"Louisiana","St. John the Baptist Parish",5,23,531,252,279
050,22,095,"Louisiana","St. John the Baptist Parish",5,24,517,266,251
050,22,095,"Louisiana","St. John the Baptist Parish",5,25,470,239,231
050,22,095,"Louisiana","St. John the Baptist Parish",5,26,481,271,210
050,22,095,"Louisiana","St. John the Baptist Parish",5,27,463,242,221
050,22,095,"Louisiana","St. John the Baptist Parish",5,28,472,232,240
050,22,095,"Louisiana","St. John the Baptist Parish",5,29,502,269,233
050,22,095,"Louisiana","St. John the Baptist Parish",5,30,457,225,232
050,22,095,"Louisiana","St. John the Baptist Parish",5,31,459,214,245
050,22,095,"Louisiana","St. John the Baptist Parish",5,32,575,293,282
050,22,095,"Louisiana","St. John the Baptist Parish",5,33,490,245,245
050,22,095,"Louisiana","St. John the Baptist Parish",5,34,533,270,263
050,22,095,"Louisiana","St. John the Baptist Parish",5,35,480,231,249
050,22,095,"Louisiana","St. John the Baptist Parish",5,36,476,222,254
050,22,095,"Louisiana","St. John the Baptist Parish",5,37,500,246,254
050,22,095,"Louisiana","St. John the Baptist Parish",5,38,533,251,282
050,22,095,"Louisiana","St. John the Baptist Parish",5,39,459,207,252
050,22,095,"Louisiana","St. John the Baptist Parish",5,40,514,231,283
050,22,095,"Louisiana","St. John the Baptist Parish",5,41,523,234,289
050,22,095,"Louisiana","St. John the Baptist Parish",5,42,546,251,295
050,22,095,"Louisiana","St. John the Baptist Parish",5,43,517,237,280
050,22,095,"Louisiana","St. John the Baptist Parish",5,44,464,211,253
050,22,095,"Louisiana","St. John the Baptist Parish",5,45,476,230,246
050,22,095,"Louisiana","St. John the Baptist Parish",5,46,457,214,243
050,22,095,"Louisiana","St. John the Baptist Parish",5,47,421,199,222
050,22,095,"Louisiana","St. John the Baptist Parish",5,48,468,207,261
050,22,095,"Louisiana","St. John the Baptist Parish",5,49,474,217,257
050,22,095,"Louisiana","St. John the Baptist Parish",5,50,470,218,252
050,22,095,"Louisiana","St. John the Baptist Parish",5,51,495,222,273
050,22,095,"Louisiana","St. John the Baptist Parish",5,52,501,227,274
050,22,095,"Louisiana","St. John the Baptist Parish",5,53,491,219,272
050,22,095,"Louisiana","St. John the Baptist Parish",5,54,465,230,235
050,22,095,"Louisiana","St. John the Baptist Parish",5,55,498,236,262
050,22,095,"Louisiana","St. John the Baptist Parish",5,56,513,233,280
050,22,095,"Louisiana","St. John the Baptist Parish",5,57,566,275,291
050,22,095,"Louisiana","St. John the Baptist Parish",5,58,590,293,297
050,22,095,"Louisiana","St. John the Baptist Parish",5,59,581,277,304
050,22,095,"Louisiana","St. John the Baptist Parish",5,60,561,264,297
050,22,095,"Louisiana","St. John the Baptist Parish",5,61,626,306,320
050,22,095,"Louisiana","St. John the Baptist Parish",5,62,567,265,302
050,22,095,"Louisiana","St. John the Baptist Parish",5,63,582,272,310
050,22,095,"Louisiana","St. John the Baptist Parish",5,64,495,229,266
050,22,095,"Louisiana","St. John the Baptist Parish",5,65,494,247,247
050,22,095,"Louisiana","St. John the Baptist Parish",5,66,523,258,265
050,22,095,"Louisiana","St. John the Baptist Parish",5,67,473,241,232
050,22,095,"Louisiana","St. John the Baptist Parish",5,68,446,224,222
050,22,095,"Louisiana","St. John the Baptist Parish",5,69,412,193,219
050,22,095,"Louisiana","St. John the Baptist Parish",5,70,400,190,210
050,22,095,"Louisiana","St. John the Baptist Parish",5,71,392,198,194
050,22,095,"Louisiana","St. John the Baptist Parish",5,72,360,178,182
050,22,095,"Louisiana","St. John the Baptist Parish",5,73,324,154,170
050,22,095,"Louisiana","St. John the Baptist Parish",5,74,322,147,175
050,22,095,"Louisiana","St. John the Baptist Parish",5,75,297,132,165
050,22,095,"Louisiana","St. John the Baptist Parish",5,76,310,143,167
050,22,095,"Louisiana","St. John the Baptist Parish",5,77,192,93,99
050,22,095,"Louisiana","St. John the Baptist Parish",5,78,206,99,107
050,22,095,"Louisiana","St. John the Baptist Parish",5,79,189,84,105
050,22,095,"Louisiana","St. John the Baptist Parish",5,80,171,81,90
050,22,095,"Louisiana","St. John the Baptist Parish",5,81,147,69,78
050,22,095,"Louisiana","St. John the Baptist Parish",5,82,143,59,84
050,22,095,"Louisiana","St. John the Baptist Parish",5,83,124,44,80
050,22,095,"Louisiana","St. John the Baptist Parish",5,84,110,46,64
050,22,095,"Louisiana","St. John the Baptist Parish",5,85,444,173,271
050,22,097,"Louisiana","St. Landry Parish",1,0,1111,573,538
050,22,097,"Louisiana","St. Landry Parish",1,1,1144,566,578
050,22,097,"Louisiana","St. Landry Parish",1,2,1170,568,602
050,22,097,"Louisiana","St. Landry Parish",1,3,1223,618,605
050,22,097,"Louisiana","St. Landry Parish",1,4,1312,684,628
050,22,097,"Louisiana","St. Landry Parish",1,5,1208,617,591
050,22,097,"Louisiana","St. Landry Parish",1,6,1215,618,597
050,22,097,"Louisiana","St. Landry Parish",1,7,1207,619,588
050,22,097,"Louisiana","St. Landry Parish",1,8,1192,609,583
050,22,097,"Louisiana","St. Landry Parish",1,9,1224,614,610
050,22,097,"Louisiana","St. Landry Parish",1,10,1305,666,639
050,22,097,"Louisiana","St. Landry Parish",1,11,1282,647,635
050,22,097,"Louisiana","St. Landry Parish",1,12,1264,629,635
050,22,097,"Louisiana","St. Landry Parish",1,13,1287,663,624
050,22,097,"Louisiana","St. Landry Parish",1,14,1278,670,608
050,22,097,"Louisiana","St. Landry Parish",1,15,1238,643,595
050,22,097,"Louisiana","St. Landry Parish",1,16,1231,628,603
050,22,097,"Louisiana","St. Landry Parish",1,17,1219,633,586
050,22,097,"Louisiana","St. Landry Parish",1,18,1043,568,475
050,22,097,"Louisiana","St. Landry Parish",1,19,882,460,422
050,22,097,"Louisiana","St. Landry Parish",1,20,955,505,450
050,22,097,"Louisiana","St. Landry Parish",1,21,977,516,461
050,22,097,"Louisiana","St. Landry Parish",1,22,944,480,464
050,22,097,"Louisiana","St. Landry Parish",1,23,1020,481,539
050,22,097,"Louisiana","St. Landry Parish",1,24,1007,493,514
050,22,097,"Louisiana","St. Landry Parish",1,25,942,483,459
050,22,097,"Louisiana","St. Landry Parish",1,26,984,476,508
050,22,097,"Louisiana","St. Landry Parish",1,27,1044,502,542
050,22,097,"Louisiana","St. Landry Parish",1,28,1087,532,555
050,22,097,"Louisiana","St. Landry Parish",1,29,1099,540,559
050,22,097,"Louisiana","St. Landry Parish",1,30,1012,478,534
050,22,097,"Louisiana","St. Landry Parish",1,31,1010,476,534
050,22,097,"Louisiana","St. Landry Parish",1,32,1004,488,516
050,22,097,"Louisiana","St. Landry Parish",1,33,983,487,496
050,22,097,"Louisiana","St. Landry Parish",1,34,975,481,494
050,22,097,"Louisiana","St. Landry Parish",1,35,1025,515,510
050,22,097,"Louisiana","St. Landry Parish",1,36,1000,488,512
050,22,097,"Louisiana","St. Landry Parish",1,37,1010,459,551
050,22,097,"Louisiana","St. Landry Parish",1,38,1012,466,546
050,22,097,"Louisiana","St. Landry Parish",1,39,1015,479,536
050,22,097,"Louisiana","St. Landry Parish",1,40,970,483,487
050,22,097,"Louisiana","St. Landry Parish",1,41,904,430,474
050,22,097,"Louisiana","St. Landry Parish",1,42,903,430,473
050,22,097,"Louisiana","St. Landry Parish",1,43,901,440,461
050,22,097,"Louisiana","St. Landry Parish",1,44,917,434,483
050,22,097,"Louisiana","St. Landry Parish",1,45,868,429,439
050,22,097,"Louisiana","St. Landry Parish",1,46,818,391,427
050,22,097,"Louisiana","St. Landry Parish",1,47,826,392,434
050,22,097,"Louisiana","St. Landry Parish",1,48,917,449,468
050,22,097,"Louisiana","St. Landry Parish",1,49,999,486,513
050,22,097,"Louisiana","St. Landry Parish",1,50,948,461,487
050,22,097,"Louisiana","St. Landry Parish",1,51,977,477,500
050,22,097,"Louisiana","St. Landry Parish",1,52,961,464,497
050,22,097,"Louisiana","St. Landry Parish",1,53,1010,475,535
050,22,097,"Louisiana","St. Landry Parish",1,54,1010,470,540
050,22,097,"Louisiana","St. Landry Parish",1,55,1045,510,535
050,22,097,"Louisiana","St. Landry Parish",1,56,1126,552,574
050,22,097,"Louisiana","St. Landry Parish",1,57,1160,555,605
050,22,097,"Louisiana","St. Landry Parish",1,58,1181,547,634
050,22,097,"Louisiana","St. Landry Parish",1,59,1139,534,605
050,22,097,"Louisiana","St. Landry Parish",1,60,1110,517,593
050,22,097,"Louisiana","St. Landry Parish",1,61,1091,525,566
050,22,097,"Louisiana","St. Landry Parish",1,62,1067,527,540
050,22,097,"Louisiana","St. Landry Parish",1,63,1038,512,526
050,22,097,"Louisiana","St. Landry Parish",1,64,1064,513,551
050,22,097,"Louisiana","St. Landry Parish",1,65,1026,503,523
050,22,097,"Louisiana","St. Landry Parish",1,66,951,455,496
050,22,097,"Louisiana","St. Landry Parish",1,67,907,450,457
050,22,097,"Louisiana","St. Landry Parish",1,68,912,443,469
050,22,097,"Louisiana","St. Landry Parish",1,69,813,364,449
050,22,097,"Louisiana","St. Landry Parish",1,70,800,372,428
050,22,097,"Louisiana","St. Landry Parish",1,71,769,360,409
050,22,097,"Louisiana","St. Landry Parish",1,72,726,339,387
050,22,097,"Louisiana","St. Landry Parish",1,73,715,327,388
050,22,097,"Louisiana","St. Landry Parish",1,74,515,237,278
050,22,097,"Louisiana","St. Landry Parish",1,75,561,245,316
050,22,097,"Louisiana","St. Landry Parish",1,76,517,221,296
050,22,097,"Louisiana","St. Landry Parish",1,77,495,236,259
050,22,097,"Louisiana","St. Landry Parish",1,78,435,194,241
050,22,097,"Louisiana","St. Landry Parish",1,79,404,158,246
050,22,097,"Louisiana","St. Landry Parish",1,80,376,163,213
050,22,097,"Louisiana","St. Landry Parish",1,81,344,141,203
050,22,097,"Louisiana","St. Landry Parish",1,82,339,142,197
050,22,097,"Louisiana","St. Landry Parish",1,83,293,116,177
050,22,097,"Louisiana","St. Landry Parish",1,84,262,101,161
050,22,097,"Louisiana","St. Landry Parish",1,85,1307,427,880
050,22,097,"Louisiana","St. Landry Parish",2,0,1101,568,533
050,22,097,"Louisiana","St. Landry Parish",2,1,1138,565,573
050,22,097,"Louisiana","St. Landry Parish",2,2,1158,565,593
050,22,097,"Louisiana","St. Landry Parish",2,3,1199,599,600
050,22,097,"Louisiana","St. Landry Parish",2,4,1281,659,622
050,22,097,"Louisiana","St. Landry Parish",2,5,1228,627,601
050,22,097,"Louisiana","St. Landry Parish",2,6,1215,618,597
050,22,097,"Louisiana","St. Landry Parish",2,7,1206,619,587
050,22,097,"Louisiana","St. Landry Parish",2,8,1189,604,585
050,22,097,"Louisiana","St. Landry Parish",2,9,1217,613,604
050,22,097,"Louisiana","St. Landry Parish",2,10,1280,651,629
050,22,097,"Louisiana","St. Landry Parish",2,11,1278,647,631
050,22,097,"Louisiana","St. Landry Parish",2,12,1270,634,636
050,22,097,"Louisiana","St. Landry Parish",2,13,1280,655,625
050,22,097,"Louisiana","St. Landry Parish",2,14,1270,661,609
050,22,097,"Louisiana","St. Landry Parish",2,15,1242,648,594
050,22,097,"Louisiana","St. Landry Parish",2,16,1229,632,597
050,22,097,"Louisiana","St. Landry Parish",2,17,1214,626,588
050,22,097,"Louisiana","St. Landry Parish",2,18,1036,559,477
050,22,097,"Louisiana","St. Landry Parish",2,19,880,462,418
050,22,097,"Louisiana","St. Landry Parish",2,20,959,505,454
050,22,097,"Louisiana","St. Landry Parish",2,21,976,517,459
050,22,097,"Louisiana","St. Landry Parish",2,22,958,487,471
050,22,097,"Louisiana","St. Landry Parish",2,23,1012,488,524
050,22,097,"Louisiana","St. Landry Parish",2,24,1004,489,515
050,22,097,"Louisiana","St. Landry Parish",2,25,949,481,468
050,22,097,"Louisiana","St. Landry Parish",2,26,971,475,496
050,22,097,"Louisiana","St. Landry Parish",2,27,1028,494,534
050,22,097,"Louisiana","St. Landry Parish",2,28,1070,524,546
050,22,097,"Louisiana","St. Landry Parish",2,29,1089,535,554
050,22,097,"Louisiana","St. Landry Parish",2,30,1036,494,542
050,22,097,"Louisiana","St. Landry Parish",2,31,1006,472,534
050,22,097,"Louisiana","St. Landry Parish",2,32,1012,489,523
050,22,097,"Louisiana","St. Landry Parish",2,33,973,478,495
050,22,097,"Louisiana","St. Landry Parish",2,34,977,486,491
050,22,097,"Louisiana","St. Landry Parish",2,35,1013,508,505
050,22,097,"Louisiana","St. Landry Parish",2,36,992,486,506
050,22,097,"Louisiana","St. Landry Parish",2,37,1012,469,543
050,22,097,"Louisiana","St. Landry Parish",2,38,1017,468,549
050,22,097,"Louisiana","St. Landry Parish",2,39,1000,470,530
050,22,097,"Louisiana","St. Landry Parish",2,40,988,487,501
050,22,097,"Louisiana","St. Landry Parish",2,41,916,440,476
050,22,097,"Louisiana","St. Landry Parish",2,42,897,429,468
050,22,097,"Louisiana","St. Landry Parish",2,43,914,445,469
050,22,097,"Louisiana","St. Landry Parish",2,44,900,429,471
050,22,097,"Louisiana","St. Landry Parish",2,45,885,431,454
050,22,097,"Louisiana","St. Landry Parish",2,46,819,395,424
050,22,097,"Louisiana","St. Landry Parish",2,47,823,390,433
050,22,097,"Louisiana","St. Landry Parish",2,48,895,435,460
050,22,097,"Louisiana","St. Landry Parish",2,49,979,478,501
050,22,097,"Louisiana","St. Landry Parish",2,50,963,469,494
050,22,097,"Louisiana","St. Landry Parish",2,51,964,470,494
050,22,097,"Louisiana","St. Landry Parish",2,52,962,464,498
050,22,097,"Louisiana","St. Landry Parish",2,53,999,473,526
050,22,097,"Louisiana","St. Landry Parish",2,54,1005,470,535
050,22,097,"Louisiana","St. Landry Parish",2,55,1037,503,534
050,22,097,"Louisiana","St. Landry Parish",2,56,1106,539,567
050,22,097,"Louisiana","St. Landry Parish",2,57,1147,552,595
050,22,097,"Louisiana","St. Landry Parish",2,58,1169,546,623
050,22,097,"Louisiana","St. Landry Parish",2,59,1151,537,614
050,22,097,"Louisiana","St. Landry Parish",2,60,1114,520,594
050,22,097,"Louisiana","St. Landry Parish",2,61,1086,520,566
050,22,097,"Louisiana","St. Landry Parish",2,62,1062,520,542
050,22,097,"Louisiana","St. Landry Parish",2,63,1046,516,530
050,22,097,"Louisiana","St. Landry Parish",2,64,1047,506,541
050,22,097,"Louisiana","St. Landry Parish",2,65,1033,505,528
050,22,097,"Louisiana","St. Landry Parish",2,66,966,464,502
050,22,097,"Louisiana","St. Landry Parish",2,67,910,447,463
050,22,097,"Louisiana","St. Landry Parish",2,68,892,438,454
050,22,097,"Louisiana","St. Landry Parish",2,69,833,379,454
050,22,097,"Louisiana","St. Landry Parish",2,70,795,367,428
050,22,097,"Louisiana","St. Landry Parish",2,71,770,358,412
050,22,097,"Louisiana","St. Landry Parish",2,72,724,340,384
050,22,097,"Louisiana","St. Landry Parish",2,73,743,342,401
050,22,097,"Louisiana","St. Landry Parish",2,74,522,240,282
050,22,097,"Louisiana","St. Landry Parish",2,75,551,244,307
050,22,097,"Louisiana","St. Landry Parish",2,76,513,221,292
050,22,097,"Louisiana","St. Landry Parish",2,77,498,227,271
050,22,097,"Louisiana","St. Landry Parish",2,78,432,194,238
050,22,097,"Louisiana","St. Landry Parish",2,79,401,163,238
050,22,097,"Louisiana","St. Landry Parish",2,80,374,158,216
050,22,097,"Louisiana","St. Landry Parish",2,81,341,143,198
050,22,097,"Louisiana","St. Landry Parish",2,82,325,134,191
050,22,097,"Louisiana","St. Landry Parish",2,83,295,117,178
050,22,097,"Louisiana","St. Landry Parish",2,84,264,100,164
050,22,097,"Louisiana","St. Landry Parish",2,85,1293,420,873
050,22,097,"Louisiana","St. Landry Parish",3,0,1140,567,573
050,22,097,"Louisiana","St. Landry Parish",3,1,1106,598,508
050,22,097,"Louisiana","St. Landry Parish",3,2,1150,577,573
050,22,097,"Louisiana","St. Landry Parish",3,3,1141,574,567
050,22,097,"Louisiana","St. Landry Parish",3,4,1195,604,591
050,22,097,"Louisiana","St. Landry Parish",3,5,1288,675,613
050,22,097,"Louisiana","St. Landry Parish",3,6,1237,639,598
050,22,097,"Louisiana","St. Landry Parish",3,7,1219,639,580
050,22,097,"Louisiana","St. Landry Parish",3,8,1201,615,586
050,22,097,"Louisiana","St. Landry Parish",3,9,1191,606,585
050,22,097,"Louisiana","St. Landry Parish",3,10,1251,634,617
050,22,097,"Louisiana","St. Landry Parish",3,11,1277,659,618
050,22,097,"Louisiana","St. Landry Parish",3,12,1291,655,636
050,22,097,"Louisiana","St. Landry Parish",3,13,1284,649,635
050,22,097,"Louisiana","St. Landry Parish",3,14,1286,645,641
050,22,097,"Louisiana","St. Landry Parish",3,15,1268,657,611
050,22,097,"Louisiana","St. Landry Parish",3,16,1243,641,602
050,22,097,"Louisiana","St. Landry Parish",3,17,1238,641,597
050,22,097,"Louisiana","St. Landry Parish",3,18,1051,554,497
050,22,097,"Louisiana","St. Landry Parish",3,19,870,471,399
050,22,097,"Louisiana","St. Landry Parish",3,20,931,489,442
050,22,097,"Louisiana","St. Landry Parish",3,21,1012,522,490
050,22,097,"Louisiana","St. Landry Parish",3,22,1004,516,488
050,22,097,"Louisiana","St. Landry Parish",3,23,976,497,479
050,22,097,"Louisiana","St. Landry Parish",3,24,1012,487,525
050,22,097,"Louisiana","St. Landry Parish",3,25,990,476,514
050,22,097,"Louisiana","St. Landry Parish",3,26,956,484,472
050,22,097,"Louisiana","St. Landry Parish",3,27,941,448,493
050,22,097,"Louisiana","St. Landry Parish",3,28,1026,494,532
050,22,097,"Louisiana","St. Landry Parish",3,29,1054,521,533
050,22,097,"Louisiana","St. Landry Parish",3,30,1090,534,556
050,22,097,"Louisiana","St. Landry Parish",3,31,1017,486,531
050,22,097,"Louisiana","St. Landry Parish",3,32,1030,490,540
050,22,097,"Louisiana","St. Landry Parish",3,33,997,473,524
050,22,097,"Louisiana","St. Landry Parish",3,34,981,486,495
050,22,097,"Louisiana","St. Landry Parish",3,35,971,481,490
050,22,097,"Louisiana","St. Landry Parish",3,36,993,494,499
050,22,097,"Louisiana","St. Landry Parish",3,37,984,482,502
050,22,097,"Louisiana","St. Landry Parish",3,38,1048,489,559
050,22,097,"Louisiana","St. Landry Parish",3,39,1005,454,551
050,22,097,"Louisiana","St. Landry Parish",3,40,982,478,504
050,22,097,"Louisiana","St. Landry Parish",3,41,980,489,491
050,22,097,"Louisiana","St. Landry Parish",3,42,902,429,473
050,22,097,"Louisiana","St. Landry Parish",3,43,913,451,462
050,22,097,"Louisiana","St. Landry Parish",3,44,888,421,467
050,22,097,"Louisiana","St. Landry Parish",3,45,884,417,467
050,22,097,"Louisiana","St. Landry Parish",3,46,865,424,441
050,22,097,"Louisiana","St. Landry Parish",3,47,802,384,418
050,22,097,"Louisiana","St. Landry Parish",3,48,829,397,432
050,22,097,"Louisiana","St. Landry Parish",3,49,882,428,454
050,22,097,"Louisiana","St. Landry Parish",3,50,975,480,495
050,22,097,"Louisiana","St. Landry Parish",3,51,954,462,492
050,22,097,"Louisiana","St. Landry Parish",3,52,950,470,480
050,22,097,"Louisiana","St. Landry Parish",3,53,969,468,501
050,22,097,"Louisiana","St. Landry Parish",3,54,990,466,524
050,22,097,"Louisiana","St. Landry Parish",3,55,992,460,532
050,22,097,"Louisiana","St. Landry Parish",3,56,1041,503,538
050,22,097,"Louisiana","St. Landry Parish",3,57,1099,534,565
050,22,097,"Louisiana","St. Landry Parish",3,58,1125,539,586
050,22,097,"Louisiana","St. Landry Parish",3,59,1160,538,622
050,22,097,"Louisiana","St. Landry Parish",3,60,1135,528,607
050,22,097,"Louisiana","St. Landry Parish",3,61,1106,514,592
050,22,097,"Louisiana","St. Landry Parish",3,62,1071,514,557
050,22,097,"Louisiana","St. Landry Parish",3,63,1044,510,534
050,22,097,"Louisiana","St. Landry Parish",3,64,1011,502,509
050,22,097,"Louisiana","St. Landry Parish",3,65,1019,489,530
050,22,097,"Louisiana","St. Landry Parish",3,66,1017,485,532
050,22,097,"Louisiana","St. Landry Parish",3,67,943,446,497
050,22,097,"Louisiana","St. Landry Parish",3,68,888,448,440
050,22,097,"Louisiana","St. Landry Parish",3,69,859,411,448
050,22,097,"Louisiana","St. Landry Parish",3,70,807,364,443
050,22,097,"Louisiana","St. Landry Parish",3,71,767,357,410
050,22,097,"Louisiana","St. Landry Parish",3,72,747,348,399
050,22,097,"Louisiana","St. Landry Parish",3,73,699,324,375
050,22,097,"Louisiana","St. Landry Parish",3,74,712,329,383
050,22,097,"Louisiana","St. Landry Parish",3,75,508,232,276
050,22,097,"Louisiana","St. Landry Parish",3,76,520,228,292
050,22,097,"Louisiana","St. Landry Parish",3,77,480,202,278
050,22,097,"Louisiana","St. Landry Parish",3,78,466,211,255
050,22,097,"Louisiana","St. Landry Parish",3,79,398,175,223
050,22,097,"Louisiana","St. Landry Parish",3,80,365,146,219
050,22,097,"Louisiana","St. Landry Parish",3,81,349,143,206
050,22,097,"Louisiana","St. Landry Parish",3,82,317,133,184
050,22,097,"Louisiana","St. Landry Parish",3,83,297,117,180
050,22,097,"Louisiana","St. Landry Parish",3,84,271,99,172
050,22,097,"Louisiana","St. Landry Parish",3,85,1268,398,870
050,22,097,"Louisiana","St. Landry Parish",4,0,1166,576,590
050,22,097,"Louisiana","St. Landry Parish",4,1,1155,574,581
050,22,097,"Louisiana","St. Landry Parish",4,2,1068,567,501
050,22,097,"Louisiana","St. Landry Parish",4,3,1160,586,574
050,22,097,"Louisiana","St. Landry Parish",4,4,1140,578,562
050,22,097,"Louisiana","St. Landry Parish",4,5,1203,612,591
050,22,097,"Louisiana","St. Landry Parish",4,6,1294,680,614
050,22,097,"Louisiana","St. Landry Parish",4,7,1211,628,583
050,22,097,"Louisiana","St. Landry Parish",4,8,1213,642,571
050,22,097,"Louisiana","St. Landry Parish",4,9,1172,599,573
050,22,097,"Louisiana","St. Landry Parish",4,10,1195,595,600
050,22,097,"Louisiana","St. Landry Parish",4,11,1247,629,618
050,22,097,"Louisiana","St. Landry Parish",4,12,1263,655,608
050,22,097,"Louisiana","St. Landry Parish",4,13,1284,643,641
050,22,097,"Louisiana","St. Landry Parish",4,14,1281,650,631
050,22,097,"Louisiana","St. Landry Parish",4,15,1303,650,653
050,22,097,"Louisiana","St. Landry Parish",4,16,1253,649,604
050,22,097,"Louisiana","St. Landry Parish",4,17,1221,631,590
050,22,097,"Louisiana","St. Landry Parish",4,18,1052,558,494
050,22,097,"Louisiana","St. Landry Parish",4,19,866,462,404
050,22,097,"Louisiana","St. Landry Parish",4,20,902,487,415
050,22,097,"Louisiana","St. Landry Parish",4,21,957,507,450
050,22,097,"Louisiana","St. Landry Parish",4,22,1012,501,511
050,22,097,"Louisiana","St. Landry Parish",4,23,1032,524,508
050,22,097,"Louisiana","St. Landry Parish",4,24,997,507,490
050,22,097,"Louisiana","St. Landry Parish",4,25,1006,490,516
050,22,097,"Louisiana","St. Landry Parish",4,26,971,479,492
050,22,097,"Louisiana","St. Landry Parish",4,27,949,479,470
050,22,097,"Louisiana","St. Landry Parish",4,28,928,446,482
050,22,097,"Louisiana","St. Landry Parish",4,29,1033,491,542
050,22,097,"Louisiana","St. Landry Parish",4,30,1034,510,524
050,22,097,"Louisiana","St. Landry Parish",4,31,1063,505,558
050,22,097,"Louisiana","St. Landry Parish",4,32,1020,488,532
050,22,097,"Louisiana","St. Landry Parish",4,33,1018,495,523
050,22,097,"Louisiana","St. Landry Parish",4,34,963,452,511
050,22,097,"Louisiana","St. Landry Parish",4,35,963,473,490
050,22,097,"Louisiana","St. Landry Parish",4,36,947,472,475
050,22,097,"Louisiana","St. Landry Parish",4,37,983,482,501
050,22,097,"Louisiana","St. Landry Parish",4,38,980,476,504
050,22,097,"Louisiana","St. Landry Parish",4,39,1059,490,569
050,22,097,"Louisiana","St. Landry Parish",4,40,1004,461,543
050,22,097,"Louisiana","St. Landry Parish",4,41,956,460,496
050,22,097,"Louisiana","St. Landry Parish",4,42,967,479,488
050,22,097,"Louisiana","St. Landry Parish",4,43,888,424,464
050,22,097,"Louisiana","St. Landry Parish",4,44,886,428,458
050,22,097,"Louisiana","St. Landry Parish",4,45,882,414,468
050,22,097,"Louisiana","St. Landry Parish",4,46,898,426,472
050,22,097,"Louisiana","St. Landry Parish",4,47,856,421,435
050,22,097,"Louisiana","St. Landry Parish",4,48,809,389,420
050,22,097,"Louisiana","St. Landry Parish",4,49,828,383,445
050,22,097,"Louisiana","St. Landry Parish",4,50,878,424,454
050,22,097,"Louisiana","St. Landry Parish",4,51,983,480,503
050,22,097,"Louisiana","St. Landry Parish",4,52,950,459,491
050,22,097,"Louisiana","St. Landry Parish",4,53,939,462,477
050,22,097,"Louisiana","St. Landry Parish",4,54,957,467,490
050,22,097,"Louisiana","St. Landry Parish",4,55,983,457,526
050,22,097,"Louisiana","St. Landry Parish",4,56,988,440,548
050,22,097,"Louisiana","St. Landry Parish",4,57,1038,497,541
050,22,097,"Louisiana","St. Landry Parish",4,58,1078,535,543
050,22,097,"Louisiana","St. Landry Parish",4,59,1098,527,571
050,22,097,"Louisiana","St. Landry Parish",4,60,1128,518,610
050,22,097,"Louisiana","St. Landry Parish",4,61,1120,521,599
050,22,097,"Louisiana","St. Landry Parish",4,62,1075,496,579
050,22,097,"Louisiana","St. Landry Parish",4,63,1042,496,546
050,22,097,"Louisiana","St. Landry Parish",4,64,1011,496,515
050,22,097,"Louisiana","St. Landry Parish",4,65,1000,493,507
050,22,097,"Louisiana","St. Landry Parish",4,66,1003,482,521
050,22,097,"Louisiana","St. Landry Parish",4,67,994,472,522
050,22,097,"Louisiana","St. Landry Parish",4,68,914,438,476
050,22,097,"Louisiana","St. Landry Parish",4,69,850,421,429
050,22,097,"Louisiana","St. Landry Parish",4,70,832,404,428
050,22,097,"Louisiana","St. Landry Parish",4,71,763,348,415
050,22,097,"Louisiana","St. Landry Parish",4,72,744,346,398
050,22,097,"Louisiana","St. Landry Parish",4,73,714,326,388
050,22,097,"Louisiana","St. Landry Parish",4,74,661,309,352
050,22,097,"Louisiana","St. Landry Parish",4,75,685,316,369
050,22,097,"Louisiana","St. Landry Parish",4,76,480,217,263
050,22,097,"Louisiana","St. Landry Parish",4,77,487,214,273
050,22,097,"Louisiana","St. Landry Parish",4,78,449,185,264
050,22,097,"Louisiana","St. Landry Parish",4,79,442,195,247
050,22,097,"Louisiana","St. Landry Parish",4,80,368,164,204
050,22,097,"Louisiana","St. Landry Parish",4,81,342,132,210
050,22,097,"Louisiana","St. Landry Parish",4,82,327,130,197
050,22,097,"Louisiana","St. Landry Parish",4,83,283,115,168
050,22,097,"Louisiana","St. Landry Parish",4,84,268,104,164
050,22,097,"Louisiana","St. Landry Parish",4,85,1267,388,879
050,22,097,"Louisiana","St. Landry Parish",5,0,1168,574,594
050,22,097,"Louisiana","St. Landry Parish",5,1,1196,601,595
050,22,097,"Louisiana","St. Landry Parish",5,2,1121,572,549
050,22,097,"Louisiana","St. Landry Parish",5,3,1080,573,507
050,22,097,"Louisiana","St. Landry Parish",5,4,1148,583,565
050,22,097,"Louisiana","St. Landry Parish",5,5,1128,560,568
050,22,097,"Louisiana","St. Landry Parish",5,6,1190,600,590
050,22,097,"Louisiana","St. Landry Parish",5,7,1263,660,603
050,22,097,"Louisiana","St. Landry Parish",5,8,1225,638,587
050,22,097,"Louisiana","St. Landry Parish",5,9,1234,650,584
050,22,097,"Louisiana","St. Landry Parish",5,10,1181,608,573
050,22,097,"Louisiana","St. Landry Parish",5,11,1200,608,592
050,22,097,"Louisiana","St. Landry Parish",5,12,1243,628,615
050,22,097,"Louisiana","St. Landry Parish",5,13,1294,666,628
050,22,097,"Louisiana","St. Landry Parish",5,14,1276,630,646
050,22,097,"Louisiana","St. Landry Parish",5,15,1283,649,634
050,22,097,"Louisiana","St. Landry Parish",5,16,1289,651,638
050,22,097,"Louisiana","St. Landry Parish",5,17,1239,634,605
050,22,097,"Louisiana","St. Landry Parish",5,18,1038,566,472
050,22,097,"Louisiana","St. Landry Parish",5,19,873,456,417
050,22,097,"Louisiana","St. Landry Parish",5,20,920,494,426
050,22,097,"Louisiana","St. Landry Parish",5,21,945,509,436
050,22,097,"Louisiana","St. Landry Parish",5,22,985,503,482
050,22,097,"Louisiana","St. Landry Parish",5,23,1051,539,512
050,22,097,"Louisiana","St. Landry Parish",5,24,1004,505,499
050,22,097,"Louisiana","St. Landry Parish",5,25,972,510,462
050,22,097,"Louisiana","St. Landry Parish",5,26,991,466,525
050,22,097,"Louisiana","St. Landry Parish",5,27,951,470,481
050,22,097,"Louisiana","St. Landry Parish",5,28,944,465,479
050,22,097,"Louisiana","St. Landry Parish",5,29,963,454,509
050,22,097,"Louisiana","St. Landry Parish",5,30,1021,493,528
050,22,097,"Louisiana","St. Landry Parish",5,31,1022,505,517
050,22,097,"Louisiana","St. Landry Parish",5,32,1085,524,561
050,22,097,"Louisiana","St. Landry Parish",5,33,1008,477,531
050,22,097,"Louisiana","St. Landry Parish",5,34,1000,486,514
050,22,097,"Louisiana","St. Landry Parish",5,35,983,463,520
050,22,097,"Louisiana","St. Landry Parish",5,36,977,483,494
050,22,097,"Louisiana","St. Landry Parish",5,37,943,472,471
050,22,097,"Louisiana","St. Landry Parish",5,38,979,490,489
050,22,097,"Louisiana","St. Landry Parish",5,39,967,469,498
050,22,097,"Louisiana","St. Landry Parish",5,40,1042,486,556
050,22,097,"Louisiana","St. Landry Parish",5,41,1024,475,549
050,22,097,"Louisiana","St. Landry Parish",5,42,944,456,488
050,22,097,"Louisiana","St. Landry Parish",5,43,981,496,485
050,22,097,"Louisiana","St. Landry Parish",5,44,887,413,474
050,22,097,"Louisiana","St. Landry Parish",5,45,890,432,458
050,22,097,"Louisiana","St. Landry Parish",5,46,868,407,461
050,22,097,"Louisiana","St. Landry Parish",5,47,876,402,474
050,22,097,"Louisiana","St. Landry Parish",5,48,845,413,432
050,22,097,"Louisiana","St. Landry Parish",5,49,804,381,423
050,22,097,"Louisiana","St. Landry Parish",5,50,817,384,433
050,22,097,"Louisiana","St. Landry Parish",5,51,884,425,459
050,22,097,"Louisiana","St. Landry Parish",5,52,967,470,497
050,22,097,"Louisiana","St. Landry Parish",5,53,948,466,482
050,22,097,"Louisiana","St. Landry Parish",5,54,912,445,467
050,22,097,"Louisiana","St. Landry Parish",5,55,954,463,491
050,22,097,"Louisiana","St. Landry Parish",5,56,955,441,514
050,22,097,"Louisiana","St. Landry Parish",5,57,980,437,543
050,22,097,"Louisiana","St. Landry Parish",5,58,1025,489,536
050,22,097,"Louisiana","St. Landry Parish",5,59,1063,519,544
050,22,097,"Louisiana","St. Landry Parish",5,60,1069,509,560
050,22,097,"Louisiana","St. Landry Parish",5,61,1102,503,599
050,22,097,"Louisiana","St. Landry Parish",5,62,1104,507,597
050,22,097,"Louisiana","St. Landry Parish",5,63,1052,487,565
050,22,097,"Louisiana","St. Landry Parish",5,64,1022,485,537
050,22,097,"Louisiana","St. Landry Parish",5,65,1004,492,512
050,22,097,"Louisiana","St. Landry Parish",5,66,978,479,499
050,22,097,"Louisiana","St. Landry Parish",5,67,970,468,502
050,22,097,"Louisiana","St. Landry Parish",5,68,957,460,497
050,22,097,"Louisiana","St. Landry Parish",5,69,875,408,467
050,22,097,"Louisiana","St. Landry Parish",5,70,831,419,412
050,22,097,"Louisiana","St. Landry Parish",5,71,791,385,406
050,22,097,"Louisiana","St. Landry Parish",5,72,734,335,399
050,22,097,"Louisiana","St. Landry Parish",5,73,710,319,391
050,22,097,"Louisiana","St. Landry Parish",5,74,687,314,373
050,22,097,"Louisiana","St. Landry Parish",5,75,639,296,343
050,22,097,"Louisiana","St. Landry Parish",5,76,647,299,348
050,22,097,"Louisiana","St. Landry Parish",5,77,448,204,244
050,22,097,"Louisiana","St. Landry Parish",5,78,457,196,261
050,22,097,"Louisiana","St. Landry Parish",5,79,422,168,254
050,22,097,"Louisiana","St. Landry Parish",5,80,411,185,226
050,22,097,"Louisiana","St. Landry Parish",5,81,344,153,191
050,22,097,"Louisiana","St. Landry Parish",5,82,321,122,199
050,22,097,"Louisiana","St. Landry Parish",5,83,294,116,178
050,22,097,"Louisiana","St. Landry Parish",5,84,261,104,157
050,22,097,"Louisiana","St. Landry Parish",5,85,1288,398,890
050,22,099,"Louisiana","St. Martin Parish",1,0,622,318,304
050,22,099,"Louisiana","St. Martin Parish",1,1,617,327,290
050,22,099,"Louisiana","St. Martin Parish",1,2,694,358,336
050,22,099,"Louisiana","St. Martin Parish",1,3,699,325,374
050,22,099,"Louisiana","St. Martin Parish",1,4,718,339,379
050,22,099,"Louisiana","St. Martin Parish",1,5,709,369,340
050,22,099,"Louisiana","St. Martin Parish",1,6,680,355,325
050,22,099,"Louisiana","St. Martin Parish",1,7,689,370,319
050,22,099,"Louisiana","St. Martin Parish",1,8,663,334,329
050,22,099,"Louisiana","St. Martin Parish",1,9,647,334,313
050,22,099,"Louisiana","St. Martin Parish",1,10,713,376,337
050,22,099,"Louisiana","St. Martin Parish",1,11,759,390,369
050,22,099,"Louisiana","St. Martin Parish",1,12,804,405,399
050,22,099,"Louisiana","St. Martin Parish",1,13,736,353,383
050,22,099,"Louisiana","St. Martin Parish",1,14,746,368,378
050,22,099,"Louisiana","St. Martin Parish",1,15,685,350,335
050,22,099,"Louisiana","St. Martin Parish",1,16,673,347,326
050,22,099,"Louisiana","St. Martin Parish",1,17,683,349,334
050,22,099,"Louisiana","St. Martin Parish",1,18,588,305,283
050,22,099,"Louisiana","St. Martin Parish",1,19,524,284,240
050,22,099,"Louisiana","St. Martin Parish",1,20,559,297,262
050,22,099,"Louisiana","St. Martin Parish",1,21,555,298,257
050,22,099,"Louisiana","St. Martin Parish",1,22,590,287,303
050,22,099,"Louisiana","St. Martin Parish",1,23,598,302,296
050,22,099,"Louisiana","St. Martin Parish",1,24,621,302,319
050,22,099,"Louisiana","St. Martin Parish",1,25,646,307,339
050,22,099,"Louisiana","St. Martin Parish",1,26,666,325,341
050,22,099,"Louisiana","St. Martin Parish",1,27,723,370,353
050,22,099,"Louisiana","St. Martin Parish",1,28,699,342,357
050,22,099,"Louisiana","St. Martin Parish",1,29,734,345,389
050,22,099,"Louisiana","St. Martin Parish",1,30,728,349,379
050,22,099,"Louisiana","St. Martin Parish",1,31,691,337,354
050,22,099,"Louisiana","St. Martin Parish",1,32,661,304,357
050,22,099,"Louisiana","St. Martin Parish",1,33,633,325,308
050,22,099,"Louisiana","St. Martin Parish",1,34,656,337,319
050,22,099,"Louisiana","St. Martin Parish",1,35,671,343,328
050,22,099,"Louisiana","St. Martin Parish",1,36,684,338,346
050,22,099,"Louisiana","St. Martin Parish",1,37,705,348,357
050,22,099,"Louisiana","St. Martin Parish",1,38,668,340,328
050,22,099,"Louisiana","St. Martin Parish",1,39,645,314,331
050,22,099,"Louisiana","St. Martin Parish",1,40,647,315,332
050,22,099,"Louisiana","St. Martin Parish",1,41,635,320,315
050,22,099,"Louisiana","St. Martin Parish",1,42,603,296,307
050,22,099,"Louisiana","St. Martin Parish",1,43,574,292,282
050,22,099,"Louisiana","St. Martin Parish",1,44,577,270,307
050,22,099,"Louisiana","St. Martin Parish",1,45,566,275,291
050,22,099,"Louisiana","St. Martin Parish",1,46,605,304,301
050,22,099,"Louisiana","St. Martin Parish",1,47,574,276,298
050,22,099,"Louisiana","St. Martin Parish",1,48,614,302,312
050,22,099,"Louisiana","St. Martin Parish",1,49,647,309,338
050,22,099,"Louisiana","St. Martin Parish",1,50,669,316,353
050,22,099,"Louisiana","St. Martin Parish",1,51,644,300,344
050,22,099,"Louisiana","St. Martin Parish",1,52,667,314,353
050,22,099,"Louisiana","St. Martin Parish",1,53,666,316,350
050,22,099,"Louisiana","St. Martin Parish",1,54,727,353,374
050,22,099,"Louisiana","St. Martin Parish",1,55,729,343,386
050,22,099,"Louisiana","St. Martin Parish",1,56,720,352,368
050,22,099,"Louisiana","St. Martin Parish",1,57,735,361,374
050,22,099,"Louisiana","St. Martin Parish",1,58,739,355,384
050,22,099,"Louisiana","St. Martin Parish",1,59,768,392,376
050,22,099,"Louisiana","St. Martin Parish",1,60,780,398,382
050,22,099,"Louisiana","St. Martin Parish",1,61,750,356,394
050,22,099,"Louisiana","St. Martin Parish",1,62,719,336,383
050,22,099,"Louisiana","St. Martin Parish",1,63,690,326,364
050,22,099,"Louisiana","St. Martin Parish",1,64,697,344,353
050,22,099,"Louisiana","St. Martin Parish",1,65,648,325,323
050,22,099,"Louisiana","St. Martin Parish",1,66,645,315,330
050,22,099,"Louisiana","St. Martin Parish",1,67,596,295,301
050,22,099,"Louisiana","St. Martin Parish",1,68,544,263,281
050,22,099,"Louisiana","St. Martin Parish",1,69,491,230,261
050,22,099,"Louisiana","St. Martin Parish",1,70,467,227,240
050,22,099,"Louisiana","St. Martin Parish",1,71,472,227,245
050,22,099,"Louisiana","St. Martin Parish",1,72,462,219,243
050,22,099,"Louisiana","St. Martin Parish",1,73,446,215,231
050,22,099,"Louisiana","St. Martin Parish",1,74,330,144,186
050,22,099,"Louisiana","St. Martin Parish",1,75,337,156,181
050,22,099,"Louisiana","St. Martin Parish",1,76,326,153,173
050,22,099,"Louisiana","St. Martin Parish",1,77,318,144,174
050,22,099,"Louisiana","St. Martin Parish",1,78,263,111,152
050,22,099,"Louisiana","St. Martin Parish",1,79,231,93,138
050,22,099,"Louisiana","St. Martin Parish",1,80,230,106,124
050,22,099,"Louisiana","St. Martin Parish",1,81,211,102,109
050,22,099,"Louisiana","St. Martin Parish",1,82,193,90,103
050,22,099,"Louisiana","St. Martin Parish",1,83,144,65,79
050,22,099,"Louisiana","St. Martin Parish",1,84,137,60,77
050,22,099,"Louisiana","St. Martin Parish",1,85,753,290,463
050,22,099,"Louisiana","St. Martin Parish",2,0,643,328,315
050,22,099,"Louisiana","St. Martin Parish",2,1,617,326,291
050,22,099,"Louisiana","St. Martin Parish",2,2,676,349,327
050,22,099,"Louisiana","St. Martin Parish",2,3,693,332,361
050,22,099,"Louisiana","St. Martin Parish",2,4,713,339,374
050,22,099,"Louisiana","St. Martin Parish",2,5,710,363,347
050,22,099,"Louisiana","St. Martin Parish",2,6,686,358,328
050,22,099,"Louisiana","St. Martin Parish",2,7,683,364,319
050,22,099,"Louisiana","St. Martin Parish",2,8,663,340,323
050,22,099,"Louisiana","St. Martin Parish",2,9,648,333,315
050,22,099,"Louisiana","St. Martin Parish",2,10,691,364,327
050,22,099,"Louisiana","St. Martin Parish",2,11,741,384,357
050,22,099,"Louisiana","St. Martin Parish",2,12,790,399,391
050,22,099,"Louisiana","St. Martin Parish",2,13,754,365,389
050,22,099,"Louisiana","St. Martin Parish",2,14,742,364,378
050,22,099,"Louisiana","St. Martin Parish",2,15,694,352,342
050,22,099,"Louisiana","St. Martin Parish",2,16,675,347,328
050,22,099,"Louisiana","St. Martin Parish",2,17,675,343,332
050,22,099,"Louisiana","St. Martin Parish",2,18,584,304,280
050,22,099,"Louisiana","St. Martin Parish",2,19,517,276,241
050,22,099,"Louisiana","St. Martin Parish",2,20,564,301,263
050,22,099,"Louisiana","St. Martin Parish",2,21,561,298,263
050,22,099,"Louisiana","St. Martin Parish",2,22,586,294,292
050,22,099,"Louisiana","St. Martin Parish",2,23,599,299,300
050,22,099,"Louisiana","St. Martin Parish",2,24,610,300,310
050,22,099,"Louisiana","St. Martin Parish",2,25,641,308,333
050,22,099,"Louisiana","St. Martin Parish",2,26,666,326,340
050,22,099,"Louisiana","St. Martin Parish",2,27,707,358,349
050,22,099,"Louisiana","St. Martin Parish",2,28,703,346,357
050,22,099,"Louisiana","St. Martin Parish",2,29,721,341,380
050,22,099,"Louisiana","St. Martin Parish",2,30,730,350,380
050,22,099,"Louisiana","St. Martin Parish",2,31,693,335,358
050,22,099,"Louisiana","St. Martin Parish",2,32,659,308,351
050,22,099,"Louisiana","St. Martin Parish",2,33,634,317,317
050,22,099,"Louisiana","St. Martin Parish",2,34,646,332,314
050,22,099,"Louisiana","St. Martin Parish",2,35,665,339,326
050,22,099,"Louisiana","St. Martin Parish",2,36,678,337,341
050,22,099,"Louisiana","St. Martin Parish",2,37,698,344,354
050,22,099,"Louisiana","St. Martin Parish",2,38,676,340,336
050,22,099,"Louisiana","St. Martin Parish",2,39,643,318,325
050,22,099,"Louisiana","St. Martin Parish",2,40,651,318,333
050,22,099,"Louisiana","St. Martin Parish",2,41,640,321,319
050,22,099,"Louisiana","St. Martin Parish",2,42,607,301,306
050,22,099,"Louisiana","St. Martin Parish",2,43,583,293,290
050,22,099,"Louisiana","St. Martin Parish",2,44,564,270,294
050,22,099,"Louisiana","St. Martin Parish",2,45,568,272,296
050,22,099,"Louisiana","St. Martin Parish",2,46,594,296,298
050,22,099,"Louisiana","St. Martin Parish",2,47,581,282,299
050,22,099,"Louisiana","St. Martin Parish",2,48,603,296,307
050,22,099,"Louisiana","St. Martin Parish",2,49,643,310,333
050,22,099,"Louisiana","St. Martin Parish",2,50,661,311,350
050,22,099,"Louisiana","St. Martin Parish",2,51,645,302,343
050,22,099,"Louisiana","St. Martin Parish",2,52,660,310,350
050,22,099,"Louisiana","St. Martin Parish",2,53,666,317,349
050,22,099,"Louisiana","St. Martin Parish",2,54,708,342,366
050,22,099,"Louisiana","St. Martin Parish",2,55,724,339,385
050,22,099,"Louisiana","St. Martin Parish",2,56,722,352,370
050,22,099,"Louisiana","St. Martin Parish",2,57,730,358,372
050,22,099,"Louisiana","St. Martin Parish",2,58,735,357,378
050,22,099,"Louisiana","St. Martin Parish",2,59,762,384,378
050,22,099,"Louisiana","St. Martin Parish",2,60,775,394,381
050,22,099,"Louisiana","St. Martin Parish",2,61,753,363,390
050,22,099,"Louisiana","St. Martin Parish",2,62,716,335,381
050,22,099,"Louisiana","St. Martin Parish",2,63,703,333,370
050,22,099,"Louisiana","St. Martin Parish",2,64,687,335,352
050,22,099,"Louisiana","St. Martin Parish",2,65,653,324,329
050,22,099,"Louisiana","St. Martin Parish",2,66,649,320,329
050,22,099,"Louisiana","St. Martin Parish",2,67,601,297,304
050,22,099,"Louisiana","St. Martin Parish",2,68,547,265,282
050,22,099,"Louisiana","St. Martin Parish",2,69,502,238,264
050,22,099,"Louisiana","St. Martin Parish",2,70,469,226,243
050,22,099,"Louisiana","St. Martin Parish",2,71,464,225,239
050,22,099,"Louisiana","St. Martin Parish",2,72,459,217,242
050,22,099,"Louisiana","St. Martin Parish",2,73,469,227,242
050,22,099,"Louisiana","St. Martin Parish",2,74,336,150,186
050,22,099,"Louisiana","St. Martin Parish",2,75,331,151,180
050,22,099,"Louisiana","St. Martin Parish",2,76,322,151,171
050,22,099,"Louisiana","St. Martin Parish",2,77,318,145,173
050,22,099,"Louisiana","St. Martin Parish",2,78,272,118,154
050,22,099,"Louisiana","St. Martin Parish",2,79,232,95,137
050,22,099,"Louisiana","St. Martin Parish",2,80,225,102,123
050,22,099,"Louisiana","St. Martin Parish",2,81,209,98,111
050,22,099,"Louisiana","St. Martin Parish",2,82,196,90,106
050,22,099,"Louisiana","St. Martin Parish",2,83,150,68,82
050,22,099,"Louisiana","St. Martin Parish",2,84,138,61,77
050,22,099,"Louisiana","St. Martin Parish",2,85,736,281,455
050,22,099,"Louisiana","St. Martin Parish",3,0,617,322,295
050,22,099,"Louisiana","St. Martin Parish",3,1,600,303,297
050,22,099,"Louisiana","St. Martin Parish",3,2,635,324,311
050,22,099,"Louisiana","St. Martin Parish",3,3,668,342,326
050,22,099,"Louisiana","St. Martin Parish",3,4,703,335,368
050,22,099,"Louisiana","St. Martin Parish",3,5,721,342,379
050,22,099,"Louisiana","St. Martin Parish",3,6,720,370,350
050,22,099,"Louisiana","St. Martin Parish",3,7,696,361,335
050,22,099,"Louisiana","St. Martin Parish",3,8,693,367,326
050,22,099,"Louisiana","St. Martin Parish",3,9,664,342,322
050,22,099,"Louisiana","St. Martin Parish",3,10,645,326,319
050,22,099,"Louisiana","St. Martin Parish",3,11,702,364,338
050,22,099,"Louisiana","St. Martin Parish",3,12,757,386,371
050,22,099,"Louisiana","St. Martin Parish",3,13,790,405,385
050,22,099,"Louisiana","St. Martin Parish",3,14,768,380,388
050,22,099,"Louisiana","St. Martin Parish",3,15,717,364,353
050,22,099,"Louisiana","St. Martin Parish",3,16,693,356,337
050,22,099,"Louisiana","St. Martin Parish",3,17,668,349,319
050,22,099,"Louisiana","St. Martin Parish",3,18,563,290,273
050,22,099,"Louisiana","St. Martin Parish",3,19,478,239,239
050,22,099,"Louisiana","St. Martin Parish",3,20,544,275,269
050,22,099,"Louisiana","St. Martin Parish",3,21,578,310,268
050,22,099,"Louisiana","St. Martin Parish",3,22,588,303,285
050,22,099,"Louisiana","St. Martin Parish",3,23,605,307,298
050,22,099,"Louisiana","St. Martin Parish",3,24,607,311,296
050,22,099,"Louisiana","St. Martin Parish",3,25,609,304,305
050,22,099,"Louisiana","St. Martin Parish",3,26,623,302,321
050,22,099,"Louisiana","St. Martin Parish",3,27,668,328,340
050,22,099,"Louisiana","St. Martin Parish",3,28,698,343,355
050,22,099,"Louisiana","St. Martin Parish",3,29,687,340,347
050,22,099,"Louisiana","St. Martin Parish",3,30,704,337,367
050,22,099,"Louisiana","St. Martin Parish",3,31,706,337,369
050,22,099,"Louisiana","St. Martin Parish",3,32,669,317,352
050,22,099,"Louisiana","St. Martin Parish",3,33,662,306,356
050,22,099,"Louisiana","St. Martin Parish",3,34,642,331,311
050,22,099,"Louisiana","St. Martin Parish",3,35,643,320,323
050,22,099,"Louisiana","St. Martin Parish",3,36,666,331,335
050,22,099,"Louisiana","St. Martin Parish",3,37,678,332,346
050,22,099,"Louisiana","St. Martin Parish",3,38,694,337,357
050,22,099,"Louisiana","St. Martin Parish",3,39,701,353,348
050,22,099,"Louisiana","St. Martin Parish",3,40,654,317,337
050,22,099,"Louisiana","St. Martin Parish",3,41,663,326,337
050,22,099,"Louisiana","St. Martin Parish",3,42,633,322,311
050,22,099,"Louisiana","St. Martin Parish",3,43,605,302,303
050,22,099,"Louisiana","St. Martin Parish",3,44,584,289,295
050,22,099,"Louisiana","St. Martin Parish",3,45,571,269,302
050,22,099,"Louisiana","St. Martin Parish",3,46,569,270,299
050,22,099,"Louisiana","St. Martin Parish",3,47,579,291,288
050,22,099,"Louisiana","St. Martin Parish",3,48,582,277,305
050,22,099,"Louisiana","St. Martin Parish",3,49,595,292,303
050,22,099,"Louisiana","St. Martin Parish",3,50,644,304,340
050,22,099,"Louisiana","St. Martin Parish",3,51,663,306,357
050,22,099,"Louisiana","St. Martin Parish",3,52,631,297,334
050,22,099,"Louisiana","St. Martin Parish",3,53,668,318,350
050,22,099,"Louisiana","St. Martin Parish",3,54,665,309,356
050,22,099,"Louisiana","St. Martin Parish",3,55,715,345,370
050,22,099,"Louisiana","St. Martin Parish",3,56,724,343,381
050,22,099,"Louisiana","St. Martin Parish",3,57,713,350,363
050,22,099,"Louisiana","St. Martin Parish",3,58,712,347,365
050,22,099,"Louisiana","St. Martin Parish",3,59,729,361,368
050,22,099,"Louisiana","St. Martin Parish",3,60,747,378,369
050,22,099,"Louisiana","St. Martin Parish",3,61,782,402,380
050,22,099,"Louisiana","St. Martin Parish",3,62,738,356,382
050,22,099,"Louisiana","St. Martin Parish",3,63,712,338,374
050,22,099,"Louisiana","St. Martin Parish",3,64,687,328,359
050,22,099,"Louisiana","St. Martin Parish",3,65,662,323,339
050,22,099,"Louisiana","St. Martin Parish",3,66,654,324,330
050,22,099,"Louisiana","St. Martin Parish",3,67,641,318,323
050,22,099,"Louisiana","St. Martin Parish",3,68,596,293,303
050,22,099,"Louisiana","St. Martin Parish",3,69,530,257,273
050,22,099,"Louisiana","St. Martin Parish",3,70,495,234,261
050,22,099,"Louisiana","St. Martin Parish",3,71,450,216,234
050,22,099,"Louisiana","St. Martin Parish",3,72,446,215,231
050,22,099,"Louisiana","St. Martin Parish",3,73,432,210,222
050,22,099,"Louisiana","St. Martin Parish",3,74,459,224,235
050,22,099,"Louisiana","St. Martin Parish",3,75,317,142,175
050,22,099,"Louisiana","St. Martin Parish",3,76,333,152,181
050,22,099,"Louisiana","St. Martin Parish",3,77,290,131,159
050,22,099,"Louisiana","St. Martin Parish",3,78,308,143,165
050,22,099,"Louisiana","St. Martin Parish",3,79,254,106,148
050,22,099,"Louisiana","St. Martin Parish",3,80,216,86,130
050,22,099,"Louisiana","St. Martin Parish",3,81,205,91,114
050,22,099,"Louisiana","St. Martin Parish",3,82,205,95,110
050,22,099,"Louisiana","St. Martin Parish",3,83,170,78,92
050,22,099,"Louisiana","St. Martin Parish",3,84,134,58,76
050,22,099,"Louisiana","St. Martin Parish",3,85,730,277,453
050,22,099,"Louisiana","St. Martin Parish",4,0,621,318,303
050,22,099,"Louisiana","St. Martin Parish",4,1,643,341,302
050,22,099,"Louisiana","St. Martin Parish",4,2,595,308,287
050,22,099,"Louisiana","St. Martin Parish",4,3,623,319,304
050,22,099,"Louisiana","St. Martin Parish",4,4,656,350,306
050,22,099,"Louisiana","St. Martin Parish",4,5,715,351,364
050,22,099,"Louisiana","St. Martin Parish",4,6,709,333,376
050,22,099,"Louisiana","St. Martin Parish",4,7,710,368,342
050,22,099,"Louisiana","St. Martin Parish",4,8,680,350,330
050,22,099,"Louisiana","St. Martin Parish",4,9,690,363,327
050,22,099,"Louisiana","St. Martin Parish",4,10,667,348,319
050,22,099,"Louisiana","St. Martin Parish",4,11,631,319,312
050,22,099,"Louisiana","St. Martin Parish",4,12,693,359,334
050,22,099,"Louisiana","St. Martin Parish",4,13,763,396,367
050,22,099,"Louisiana","St. Martin Parish",4,14,812,410,402
050,22,099,"Louisiana","St. Martin Parish",4,15,744,367,377
050,22,099,"Louisiana","St. Martin Parish",4,16,710,353,357
050,22,099,"Louisiana","St. Martin Parish",4,17,669,350,319
050,22,099,"Louisiana","St. Martin Parish",4,18,569,311,258
050,22,099,"Louisiana","St. Martin Parish",4,19,448,229,219
050,22,099,"Louisiana","St. Martin Parish",4,20,503,252,251
050,22,099,"Louisiana","St. Martin Parish",4,21,568,288,280
050,22,099,"Louisiana","St. Martin Parish",4,22,602,308,294
050,22,099,"Louisiana","St. Martin Parish",4,23,584,307,277
050,22,099,"Louisiana","St. Martin Parish",4,24,607,312,295
050,22,099,"Louisiana","St. Martin Parish",4,25,609,320,289
050,22,099,"Louisiana","St. Martin Parish",4,26,609,313,296
050,22,099,"Louisiana","St. Martin Parish",4,27,607,302,305
050,22,099,"Louisiana","St. Martin Parish",4,28,644,319,325
050,22,099,"Louisiana","St. Martin Parish",4,29,673,345,328
050,22,099,"Louisiana","St. Martin Parish",4,30,674,331,343
050,22,099,"Louisiana","St. Martin Parish",4,31,691,313,378
050,22,099,"Louisiana","St. Martin Parish",4,32,685,332,353
050,22,099,"Louisiana","St. Martin Parish",4,33,671,309,362
050,22,099,"Louisiana","St. Martin Parish",4,34,663,310,353
050,22,099,"Louisiana","St. Martin Parish",4,35,635,323,312
050,22,099,"Louisiana","St. Martin Parish",4,36,625,310,315
050,22,099,"Louisiana","St. Martin Parish",4,37,644,318,326
050,22,099,"Louisiana","St. Martin Parish",4,38,683,329,354
050,22,099,"Louisiana","St. Martin Parish",4,39,702,340,362
050,22,099,"Louisiana","St. Martin Parish",4,40,689,339,350
050,22,099,"Louisiana","St. Martin Parish",4,41,658,320,338
050,22,099,"Louisiana","St. Martin Parish",4,42,659,327,332
050,22,099,"Louisiana","St. Martin Parish",4,43,618,314,304
050,22,099,"Louisiana","St. Martin Parish",4,44,609,303,306
050,22,099,"Louisiana","St. Martin Parish",4,45,587,286,301
050,22,099,"Louisiana","St. Martin Parish",4,46,561,271,290
050,22,099,"Louisiana","St. Martin Parish",4,47,566,267,299
050,22,099,"Louisiana","St. Martin Parish",4,48,570,284,286
050,22,099,"Louisiana","St. Martin Parish",4,49,577,274,303
050,22,099,"Louisiana","St. Martin Parish",4,50,592,295,297
050,22,099,"Louisiana","St. Martin Parish",4,51,643,295,348
050,22,099,"Louisiana","St. Martin Parish",4,52,657,307,350
050,22,099,"Louisiana","St. Martin Parish",4,53,644,296,348
050,22,099,"Louisiana","St. Martin Parish",4,54,672,316,356
050,22,099,"Louisiana","St. Martin Parish",4,55,657,311,346
050,22,099,"Louisiana","St. Martin Parish",4,56,718,347,371
050,22,099,"Louisiana","St. Martin Parish",4,57,704,335,369
050,22,099,"Louisiana","St. Martin Parish",4,58,693,337,356
050,22,099,"Louisiana","St. Martin Parish",4,59,716,359,357
050,22,099,"Louisiana","St. Martin Parish",4,60,727,354,373
050,22,099,"Louisiana","St. Martin Parish",4,61,735,374,361
050,22,099,"Louisiana","St. Martin Parish",4,62,764,392,372
050,22,099,"Louisiana","St. Martin Parish",4,63,726,351,375
050,22,099,"Louisiana","St. Martin Parish",4,64,682,325,357
050,22,099,"Louisiana","St. Martin Parish",4,65,661,316,345
050,22,099,"Louisiana","St. Martin Parish",4,66,655,322,333
050,22,099,"Louisiana","St. Martin Parish",4,67,642,314,328
050,22,099,"Louisiana","St. Martin Parish",4,68,633,312,321
050,22,099,"Louisiana","St. Martin Parish",4,69,578,282,296
050,22,099,"Louisiana","St. Martin Parish",4,70,517,254,263
050,22,099,"Louisiana","St. Martin Parish",4,71,476,224,252
050,22,099,"Louisiana","St. Martin Parish",4,72,437,205,232
050,22,099,"Louisiana","St. Martin Parish",4,73,435,214,221
050,22,099,"Louisiana","St. Martin Parish",4,74,411,197,214
050,22,099,"Louisiana","St. Martin Parish",4,75,443,216,227
050,22,099,"Louisiana","St. Martin Parish",4,76,316,139,177
050,22,099,"Louisiana","St. Martin Parish",4,77,311,141,170
050,22,099,"Louisiana","St. Martin Parish",4,78,277,130,147
050,22,099,"Louisiana","St. Martin Parish",4,79,296,133,163
050,22,099,"Louisiana","St. Martin Parish",4,80,239,96,143
050,22,099,"Louisiana","St. Martin Parish",4,81,197,76,121
050,22,099,"Louisiana","St. Martin Parish",4,82,201,88,113
050,22,099,"Louisiana","St. Martin Parish",4,83,180,83,97
050,22,099,"Louisiana","St. Martin Parish",4,84,159,69,90
050,22,099,"Louisiana","St. Martin Parish",4,85,734,278,456
050,22,099,"Louisiana","St. Martin Parish",5,0,622,321,301
050,22,099,"Louisiana","St. Martin Parish",5,1,611,316,295
050,22,099,"Louisiana","St. Martin Parish",5,2,627,330,297
050,22,099,"Louisiana","St. Martin Parish",5,3,602,309,293
050,22,099,"Louisiana","St. Martin Parish",5,4,614,318,296
050,22,099,"Louisiana","St. Martin Parish",5,5,624,332,292
050,22,099,"Louisiana","St. Martin Parish",5,6,684,333,351
050,22,099,"Louisiana","St. Martin Parish",5,7,709,339,370
050,22,099,"Louisiana","St. Martin Parish",5,8,725,379,346
050,22,099,"Louisiana","St. Martin Parish",5,9,669,347,322
050,22,099,"Louisiana","St. Martin Parish",5,10,679,352,327
050,22,099,"Louisiana","St. Martin Parish",5,11,668,347,321
050,22,099,"Louisiana","St. Martin Parish",5,12,644,324,320
050,22,099,"Louisiana","St. Martin Parish",5,13,682,356,326
050,22,099,"Louisiana","St. Martin Parish",5,14,731,380,351
050,22,099,"Louisiana","St. Martin Parish",5,15,795,396,399
050,22,099,"Louisiana","St. Martin Parish",5,16,725,354,371
050,22,099,"Louisiana","St. Martin Parish",5,17,705,357,348
050,22,099,"Louisiana","St. Martin Parish",5,18,558,297,261
050,22,099,"Louisiana","St. Martin Parish",5,19,458,242,216
050,22,099,"Louisiana","St. Martin Parish",5,20,471,231,240
050,22,099,"Louisiana","St. Martin Parish",5,21,536,261,275
050,22,099,"Louisiana","St. Martin Parish",5,22,602,295,307
050,22,099,"Louisiana","St. Martin Parish",5,23,622,322,300
050,22,099,"Louisiana","St. Martin Parish",5,24,591,309,282
050,22,099,"Louisiana","St. Martin Parish",5,25,621,329,292
050,22,099,"Louisiana","St. Martin Parish",5,26,606,316,290
050,22,099,"Louisiana","St. Martin Parish",5,27,603,308,295
050,22,099,"Louisiana","St. Martin Parish",5,28,612,288,324
050,22,099,"Louisiana","St. Martin Parish",5,29,635,308,327
050,22,099,"Louisiana","St. Martin Parish",5,30,667,345,322
050,22,099,"Louisiana","St. Martin Parish",5,31,660,335,325
050,22,099,"Louisiana","St. Martin Parish",5,32,693,306,387
050,22,099,"Louisiana","St. Martin Parish",5,33,690,325,365
050,22,099,"Louisiana","St. Martin Parish",5,34,672,323,349
050,22,099,"Louisiana","St. Martin Parish",5,35,661,323,338
050,22,099,"Louisiana","St. Martin Parish",5,36,616,309,307
050,22,099,"Louisiana","St. Martin Parish",5,37,637,307,330
050,22,099,"Louisiana","St. Martin Parish",5,38,637,314,323
050,22,099,"Louisiana","St. Martin Parish",5,39,678,323,355
050,22,099,"Louisiana","St. Martin Parish",5,40,681,333,348
050,22,099,"Louisiana","St. Martin Parish",5,41,694,342,352
050,22,099,"Louisiana","St. Martin Parish",5,42,662,328,334
050,22,099,"Louisiana","St. Martin Parish",5,43,643,319,324
050,22,099,"Louisiana","St. Martin Parish",5,44,622,313,309
050,22,099,"Louisiana","St. Martin Parish",5,45,621,311,310
050,22,099,"Louisiana","St. Martin Parish",5,46,586,294,292
050,22,099,"Louisiana","St. Martin Parish",5,47,560,268,292
050,22,099,"Louisiana","St. Martin Parish",5,48,550,261,289
050,22,099,"Louisiana","St. Martin Parish",5,49,568,283,285
050,22,099,"Louisiana","St. Martin Parish",5,50,565,268,297
050,22,099,"Louisiana","St. Martin Parish",5,51,602,294,308
050,22,099,"Louisiana","St. Martin Parish",5,52,645,291,354
050,22,099,"Louisiana","St. Martin Parish",5,53,652,310,342
050,22,099,"Louisiana","St. Martin Parish",5,54,630,284,346
050,22,099,"Louisiana","St. Martin Parish",5,55,668,309,359
050,22,099,"Louisiana","St. Martin Parish",5,56,647,312,335
050,22,099,"Louisiana","St. Martin Parish",5,57,694,341,353
050,22,099,"Louisiana","St. Martin Parish",5,58,710,336,374
050,22,099,"Louisiana","St. Martin Parish",5,59,708,349,359
050,22,099,"Louisiana","St. Martin Parish",5,60,700,354,346
050,22,099,"Louisiana","St. Martin Parish",5,61,723,349,374
050,22,099,"Louisiana","St. Martin Parish",5,62,729,371,358
050,22,099,"Louisiana","St. Martin Parish",5,63,763,394,369
050,22,099,"Louisiana","St. Martin Parish",5,64,718,347,371
050,22,099,"Louisiana","St. Martin Parish",5,65,666,309,357
050,22,099,"Louisiana","St. Martin Parish",5,66,651,313,338
050,22,099,"Louisiana","St. Martin Parish",5,67,643,314,329
050,22,099,"Louisiana","St. Martin Parish",5,68,633,315,318
050,22,099,"Louisiana","St. Martin Parish",5,69,612,304,308
050,22,099,"Louisiana","St. Martin Parish",5,70,560,268,292
050,22,099,"Louisiana","St. Martin Parish",5,71,508,248,260
050,22,099,"Louisiana","St. Martin Parish",5,72,467,212,255
050,22,099,"Louisiana","St. Martin Parish",5,73,422,201,221
050,22,099,"Louisiana","St. Martin Parish",5,74,425,208,217
050,22,099,"Louisiana","St. Martin Parish",5,75,392,193,199
050,22,099,"Louisiana","St. Martin Parish",5,76,437,212,225
050,22,099,"Louisiana","St. Martin Parish",5,77,286,124,162
050,22,099,"Louisiana","St. Martin Parish",5,78,298,141,157
050,22,099,"Louisiana","St. Martin Parish",5,79,267,120,147
050,22,099,"Louisiana","St. Martin Parish",5,80,278,123,155
050,22,099,"Louisiana","St. Martin Parish",5,81,223,87,136
050,22,099,"Louisiana","St. Martin Parish",5,82,193,72,121
050,22,099,"Louisiana","St. Martin Parish",5,83,184,79,105
050,22,099,"Louisiana","St. Martin Parish",5,84,166,72,94
050,22,099,"Louisiana","St. Martin Parish",5,85,763,292,471
050,22,101,"Louisiana","St. Mary Parish",1,0,623,319,304
050,22,101,"Louisiana","St. Mary Parish",1,1,657,336,321
050,22,101,"Louisiana","St. Mary Parish",1,2,673,342,331
050,22,101,"Louisiana","St. Mary Parish",1,3,702,369,333
050,22,101,"Louisiana","St. Mary Parish",1,4,720,367,353
050,22,101,"Louisiana","St. Mary Parish",1,5,715,371,344
050,22,101,"Louisiana","St. Mary Parish",1,6,701,366,335
050,22,101,"Louisiana","St. Mary Parish",1,7,671,372,299
050,22,101,"Louisiana","St. Mary Parish",1,8,626,333,293
050,22,101,"Louisiana","St. Mary Parish",1,9,638,330,308
050,22,101,"Louisiana","St. Mary Parish",1,10,699,353,346
050,22,101,"Louisiana","St. Mary Parish",1,11,674,333,341
050,22,101,"Louisiana","St. Mary Parish",1,12,677,334,343
050,22,101,"Louisiana","St. Mary Parish",1,13,687,333,354
050,22,101,"Louisiana","St. Mary Parish",1,14,669,330,339
050,22,101,"Louisiana","St. Mary Parish",1,15,659,347,312
050,22,101,"Louisiana","St. Mary Parish",1,16,640,338,302
050,22,101,"Louisiana","St. Mary Parish",1,17,626,318,308
050,22,101,"Louisiana","St. Mary Parish",1,18,564,284,280
050,22,101,"Louisiana","St. Mary Parish",1,19,487,247,240
050,22,101,"Louisiana","St. Mary Parish",1,20,513,259,254
050,22,101,"Louisiana","St. Mary Parish",1,21,503,270,233
050,22,101,"Louisiana","St. Mary Parish",1,22,531,269,262
050,22,101,"Louisiana","St. Mary Parish",1,23,538,264,274
050,22,101,"Louisiana","St. Mary Parish",1,24,543,273,270
050,22,101,"Louisiana","St. Mary Parish",1,25,573,265,308
050,22,101,"Louisiana","St. Mary Parish",1,26,622,306,316
050,22,101,"Louisiana","St. Mary Parish",1,27,646,326,320
050,22,101,"Louisiana","St. Mary Parish",1,28,668,329,339
050,22,101,"Louisiana","St. Mary Parish",1,29,675,333,342
050,22,101,"Louisiana","St. Mary Parish",1,30,665,328,337
050,22,101,"Louisiana","St. Mary Parish",1,31,627,308,319
050,22,101,"Louisiana","St. Mary Parish",1,32,574,279,295
050,22,101,"Louisiana","St. Mary Parish",1,33,580,305,275
050,22,101,"Louisiana","St. Mary Parish",1,34,568,290,278
050,22,101,"Louisiana","St. Mary Parish",1,35,571,278,293
050,22,101,"Louisiana","St. Mary Parish",1,36,558,273,285
050,22,101,"Louisiana","St. Mary Parish",1,37,591,281,310
050,22,101,"Louisiana","St. Mary Parish",1,38,595,295,300
050,22,101,"Louisiana","St. Mary Parish",1,39,576,290,286
050,22,101,"Louisiana","St. Mary Parish",1,40,547,267,280
050,22,101,"Louisiana","St. Mary Parish",1,41,585,295,290
050,22,101,"Louisiana","St. Mary Parish",1,42,539,281,258
050,22,101,"Louisiana","St. Mary Parish",1,43,538,275,263
050,22,101,"Louisiana","St. Mary Parish",1,44,543,273,270
050,22,101,"Louisiana","St. Mary Parish",1,45,523,256,267
050,22,101,"Louisiana","St. Mary Parish",1,46,508,248,260
050,22,101,"Louisiana","St. Mary Parish",1,47,568,294,274
050,22,101,"Louisiana","St. Mary Parish",1,48,622,315,307
050,22,101,"Louisiana","St. Mary Parish",1,49,647,319,328
050,22,101,"Louisiana","St. Mary Parish",1,50,592,285,307
050,22,101,"Louisiana","St. Mary Parish",1,51,605,294,311
050,22,101,"Louisiana","St. Mary Parish",1,52,614,304,310
050,22,101,"Louisiana","St. Mary Parish",1,53,610,302,308
050,22,101,"Louisiana","St. Mary Parish",1,54,657,306,351
050,22,101,"Louisiana","St. Mary Parish",1,55,734,350,384
050,22,101,"Louisiana","St. Mary Parish",1,56,755,365,390
050,22,101,"Louisiana","St. Mary Parish",1,57,754,379,375
050,22,101,"Louisiana","St. Mary Parish",1,58,768,383,385
050,22,101,"Louisiana","St. Mary Parish",1,59,765,356,409
050,22,101,"Louisiana","St. Mary Parish",1,60,752,388,364
050,22,101,"Louisiana","St. Mary Parish",1,61,755,393,362
050,22,101,"Louisiana","St. Mary Parish",1,62,750,391,359
050,22,101,"Louisiana","St. Mary Parish",1,63,681,353,328
050,22,101,"Louisiana","St. Mary Parish",1,64,682,343,339
050,22,101,"Louisiana","St. Mary Parish",1,65,651,318,333
050,22,101,"Louisiana","St. Mary Parish",1,66,585,292,293
050,22,101,"Louisiana","St. Mary Parish",1,67,553,277,276
050,22,101,"Louisiana","St. Mary Parish",1,68,512,260,252
050,22,101,"Louisiana","St. Mary Parish",1,69,492,246,246
050,22,101,"Louisiana","St. Mary Parish",1,70,480,226,254
050,22,101,"Louisiana","St. Mary Parish",1,71,471,214,257
050,22,101,"Louisiana","St. Mary Parish",1,72,461,217,244
050,22,101,"Louisiana","St. Mary Parish",1,73,487,235,252
050,22,101,"Louisiana","St. Mary Parish",1,74,358,155,203
050,22,101,"Louisiana","St. Mary Parish",1,75,334,141,193
050,22,101,"Louisiana","St. Mary Parish",1,76,313,153,160
050,22,101,"Louisiana","St. Mary Parish",1,77,328,158,170
050,22,101,"Louisiana","St. Mary Parish",1,78,278,117,161
050,22,101,"Louisiana","St. Mary Parish",1,79,242,98,144
050,22,101,"Louisiana","St. Mary Parish",1,80,241,102,139
050,22,101,"Louisiana","St. Mary Parish",1,81,243,96,147
050,22,101,"Louisiana","St. Mary Parish",1,82,214,87,127
050,22,101,"Louisiana","St. Mary Parish",1,83,197,91,106
050,22,101,"Louisiana","St. Mary Parish",1,84,167,72,95
050,22,101,"Louisiana","St. Mary Parish",1,85,872,322,550
050,22,101,"Louisiana","St. Mary Parish",2,0,622,329,293
050,22,101,"Louisiana","St. Mary Parish",2,1,647,332,315
050,22,101,"Louisiana","St. Mary Parish",2,2,667,341,326
050,22,101,"Louisiana","St. Mary Parish",2,3,689,359,330
050,22,101,"Louisiana","St. Mary Parish",2,4,711,364,347
050,22,101,"Louisiana","St. Mary Parish",2,5,717,369,348
050,22,101,"Louisiana","St. Mary Parish",2,6,700,365,335
050,22,101,"Louisiana","St. Mary Parish",2,7,668,366,302
050,22,101,"Louisiana","St. Mary Parish",2,8,632,341,291
050,22,101,"Louisiana","St. Mary Parish",2,9,634,331,303
050,22,101,"Louisiana","St. Mary Parish",2,10,681,346,335
050,22,101,"Louisiana","St. Mary Parish",2,11,675,336,339
050,22,101,"Louisiana","St. Mary Parish",2,12,678,335,343
050,22,101,"Louisiana","St. Mary Parish",2,13,677,328,349
050,22,101,"Louisiana","St. Mary Parish",2,14,670,328,342
050,22,101,"Louisiana","St. Mary Parish",2,15,656,340,316
050,22,101,"Louisiana","St. Mary Parish",2,16,642,338,304
050,22,101,"Louisiana","St. Mary Parish",2,17,626,319,307
050,22,101,"Louisiana","St. Mary Parish",2,18,549,279,270
050,22,101,"Louisiana","St. Mary Parish",2,19,483,243,240
050,22,101,"Louisiana","St. Mary Parish",2,20,517,262,255
050,22,101,"Louisiana","St. Mary Parish",2,21,504,265,239
050,22,101,"Louisiana","St. Mary Parish",2,22,527,270,257
050,22,101,"Louisiana","St. Mary Parish",2,23,533,263,270
050,22,101,"Louisiana","St. Mary Parish",2,24,536,267,269
050,22,101,"Louisiana","St. Mary Parish",2,25,563,267,296
050,22,101,"Louisiana","St. Mary Parish",2,26,611,296,315
050,22,101,"Louisiana","St. Mary Parish",2,27,638,319,319
050,22,101,"Louisiana","St. Mary Parish",2,28,656,322,334
050,22,101,"Louisiana","St. Mary Parish",2,29,671,330,341
050,22,101,"Louisiana","St. Mary Parish",2,30,665,328,337
050,22,101,"Louisiana","St. Mary Parish",2,31,627,309,318
050,22,101,"Louisiana","St. Mary Parish",2,32,583,285,298
050,22,101,"Louisiana","St. Mary Parish",2,33,568,291,277
050,22,101,"Louisiana","St. Mary Parish",2,34,563,288,275
050,22,101,"Louisiana","St. Mary Parish",2,35,571,282,289
050,22,101,"Louisiana","St. Mary Parish",2,36,552,269,283
050,22,101,"Louisiana","St. Mary Parish",2,37,578,275,303
050,22,101,"Louisiana","St. Mary Parish",2,38,591,291,300
050,22,101,"Louisiana","St. Mary Parish",2,39,575,289,286
050,22,101,"Louisiana","St. Mary Parish",2,40,555,273,282
050,22,101,"Louisiana","St. Mary Parish",2,41,568,285,283
050,22,101,"Louisiana","St. Mary Parish",2,42,543,278,265
050,22,101,"Louisiana","St. Mary Parish",2,43,544,280,264
050,22,101,"Louisiana","St. Mary Parish",2,44,532,269,263
050,22,101,"Louisiana","St. Mary Parish",2,45,530,262,268
050,22,101,"Louisiana","St. Mary Parish",2,46,510,249,261
050,22,101,"Louisiana","St. Mary Parish",2,47,547,279,268
050,22,101,"Louisiana","St. Mary Parish",2,48,606,307,299
050,22,101,"Louisiana","St. Mary Parish",2,49,638,319,319
050,22,101,"Louisiana","St. Mary Parish",2,50,603,293,310
050,22,101,"Louisiana","St. Mary Parish",2,51,595,290,305
050,22,101,"Louisiana","St. Mary Parish",2,52,609,301,308
050,22,101,"Louisiana","St. Mary Parish",2,53,601,295,306
050,22,101,"Louisiana","St. Mary Parish",2,54,639,301,338
050,22,101,"Louisiana","St. Mary Parish",2,55,713,339,374
050,22,101,"Louisiana","St. Mary Parish",2,56,750,361,389
050,22,101,"Louisiana","St. Mary Parish",2,57,753,376,377
050,22,101,"Louisiana","St. Mary Parish",2,58,765,380,385
050,22,101,"Louisiana","St. Mary Parish",2,59,757,359,398
050,22,101,"Louisiana","St. Mary Parish",2,60,753,380,373
050,22,101,"Louisiana","St. Mary Parish",2,61,749,389,360
050,22,101,"Louisiana","St. Mary Parish",2,62,746,390,356
050,22,101,"Louisiana","St. Mary Parish",2,63,701,364,337
050,22,101,"Louisiana","St. Mary Parish",2,64,674,341,333
050,22,101,"Louisiana","St. Mary Parish",2,65,658,323,335
050,22,101,"Louisiana","St. Mary Parish",2,66,600,297,303
050,22,101,"Louisiana","St. Mary Parish",2,67,558,279,279
050,22,101,"Louisiana","St. Mary Parish",2,68,519,262,257
050,22,101,"Louisiana","St. Mary Parish",2,69,493,246,247
050,22,101,"Louisiana","St. Mary Parish",2,70,478,229,249
050,22,101,"Louisiana","St. Mary Parish",2,71,468,215,253
050,22,101,"Louisiana","St. Mary Parish",2,72,460,213,247
050,22,101,"Louisiana","St. Mary Parish",2,73,494,236,258
050,22,101,"Louisiana","St. Mary Parish",2,74,359,161,198
050,22,101,"Louisiana","St. Mary Parish",2,75,335,144,191
050,22,101,"Louisiana","St. Mary Parish",2,76,314,146,168
050,22,101,"Louisiana","St. Mary Parish",2,77,322,155,167
050,22,101,"Louisiana","St. Mary Parish",2,78,279,122,157
050,22,101,"Louisiana","St. Mary Parish",2,79,242,100,142
050,22,101,"Louisiana","St. Mary Parish",2,80,234,98,136
050,22,101,"Louisiana","St. Mary Parish",2,81,231,92,139
050,22,101,"Louisiana","St. Mary Parish",2,82,220,88,132
050,22,101,"Louisiana","St. Mary Parish",2,83,198,89,109
050,22,101,"Louisiana","St. Mary Parish",2,84,172,75,97
050,22,101,"Louisiana","St. Mary Parish",2,85,874,326,548
050,22,101,"Louisiana","St. Mary Parish",3,0,629,289,340
050,22,101,"Louisiana","St. Mary Parish",3,1,616,332,284
050,22,101,"Louisiana","St. Mary Parish",3,2,614,315,299
050,22,101,"Louisiana","St. Mary Parish",3,3,650,328,322
050,22,101,"Louisiana","St. Mary Parish",3,4,673,343,330
050,22,101,"Louisiana","St. Mary Parish",3,5,691,361,330
050,22,101,"Louisiana","St. Mary Parish",3,6,691,359,332
050,22,101,"Louisiana","St. Mary Parish",3,7,678,352,326
050,22,101,"Louisiana","St. Mary Parish",3,8,656,371,285
050,22,101,"Louisiana","St. Mary Parish",3,9,606,323,283
050,22,101,"Louisiana","St. Mary Parish",3,10,622,316,306
050,22,101,"Louisiana","St. Mary Parish",3,11,669,339,330
050,22,101,"Louisiana","St. Mary Parish",3,12,658,322,336
050,22,101,"Louisiana","St. Mary Parish",3,13,657,322,335
050,22,101,"Louisiana","St. Mary Parish",3,14,667,320,347
050,22,101,"Louisiana","St. Mary Parish",3,15,647,313,334
050,22,101,"Louisiana","St. Mary Parish",3,16,641,334,307
050,22,101,"Louisiana","St. Mary Parish",3,17,615,318,297
050,22,101,"Louisiana","St. Mary Parish",3,18,540,285,255
050,22,101,"Louisiana","St. Mary Parish",3,19,465,234,231
050,22,101,"Louisiana","St. Mary Parish",3,20,506,252,254
050,22,101,"Louisiana","St. Mary Parish",3,21,513,253,260
050,22,101,"Louisiana","St. Mary Parish",3,22,530,279,251
050,22,101,"Louisiana","St. Mary Parish",3,23,528,269,259
050,22,101,"Louisiana","St. Mary Parish",3,24,535,258,277
050,22,101,"Louisiana","St. Mary Parish",3,25,512,270,242
050,22,101,"Louisiana","St. Mary Parish",3,26,542,263,279
050,22,101,"Louisiana","St. Mary Parish",3,27,596,300,296
050,22,101,"Louisiana","St. Mary Parish",3,28,614,316,298
050,22,101,"Louisiana","St. Mary Parish",3,29,625,308,317
050,22,101,"Louisiana","St. Mary Parish",3,30,648,321,327
050,22,101,"Louisiana","St. Mary Parish",3,31,640,314,326
050,22,101,"Louisiana","St. Mary Parish",3,32,613,300,313
050,22,101,"Louisiana","St. Mary Parish",3,33,555,272,283
050,22,101,"Louisiana","St. Mary Parish",3,34,551,285,266
050,22,101,"Louisiana","St. Mary Parish",3,35,547,281,266
050,22,101,"Louisiana","St. Mary Parish",3,36,556,272,284
050,22,101,"Louisiana","St. Mary Parish",3,37,534,257,277
050,22,101,"Louisiana","St. Mary Parish",3,38,568,274,294
050,22,101,"Louisiana","St. Mary Parish",3,39,565,270,295
050,22,101,"Louisiana","St. Mary Parish",3,40,552,271,281
050,22,101,"Louisiana","St. Mary Parish",3,41,552,274,278
050,22,101,"Louisiana","St. Mary Parish",3,42,553,271,282
050,22,101,"Louisiana","St. Mary Parish",3,43,541,278,263
050,22,101,"Louisiana","St. Mary Parish",3,44,525,268,257
050,22,101,"Louisiana","St. Mary Parish",3,45,515,259,256
050,22,101,"Louisiana","St. Mary Parish",3,46,532,263,269
050,22,101,"Louisiana","St. Mary Parish",3,47,503,254,249
050,22,101,"Louisiana","St. Mary Parish",3,48,527,264,263
050,22,101,"Louisiana","St. Mary Parish",3,49,588,296,292
050,22,101,"Louisiana","St. Mary Parish",3,50,631,315,316
050,22,101,"Louisiana","St. Mary Parish",3,51,597,287,310
050,22,101,"Louisiana","St. Mary Parish",3,52,579,280,299
050,22,101,"Louisiana","St. Mary Parish",3,53,602,292,310
050,22,101,"Louisiana","St. Mary Parish",3,54,582,281,301
050,22,101,"Louisiana","St. Mary Parish",3,55,636,301,335
050,22,101,"Louisiana","St. Mary Parish",3,56,681,322,359
050,22,101,"Louisiana","St. Mary Parish",3,57,736,349,387
050,22,101,"Louisiana","St. Mary Parish",3,58,746,370,376
050,22,101,"Louisiana","St. Mary Parish",3,59,747,366,381
050,22,101,"Louisiana","St. Mary Parish",3,60,766,367,399
050,22,101,"Louisiana","St. Mary Parish",3,61,733,370,363
050,22,101,"Louisiana","St. Mary Parish",3,62,736,375,361
050,22,101,"Louisiana","St. Mary Parish",3,63,724,380,344
050,22,101,"Louisiana","St. Mary Parish",3,64,697,357,340
050,22,101,"Louisiana","St. Mary Parish",3,65,657,335,322
050,22,101,"Louisiana","St. Mary Parish",3,66,649,321,328
050,22,101,"Louisiana","St. Mary Parish",3,67,585,284,301
050,22,101,"Louisiana","St. Mary Parish",3,68,550,277,273
050,22,101,"Louisiana","St. Mary Parish",3,69,483,248,235
050,22,101,"Louisiana","St. Mary Parish",3,70,461,225,236
050,22,101,"Louisiana","St. Mary Parish",3,71,462,219,243
050,22,101,"Louisiana","St. Mary Parish",3,72,461,211,250
050,22,101,"Louisiana","St. Mary Parish",3,73,446,206,240
050,22,101,"Louisiana","St. Mary Parish",3,74,471,226,245
050,22,101,"Louisiana","St. Mary Parish",3,75,339,154,185
050,22,101,"Louisiana","St. Mary Parish",3,76,322,135,187
050,22,101,"Louisiana","St. Mary Parish",3,77,295,136,159
050,22,101,"Louisiana","St. Mary Parish",3,78,307,146,161
050,22,101,"Louisiana","St. Mary Parish",3,79,262,112,150
050,22,101,"Louisiana","St. Mary Parish",3,80,226,93,133
050,22,101,"Louisiana","St. Mary Parish",3,81,213,89,124
050,22,101,"Louisiana","St. Mary Parish",3,82,210,74,136
050,22,101,"Louisiana","St. Mary Parish",3,83,209,93,116
050,22,101,"Louisiana","St. Mary Parish",3,84,183,79,104
050,22,101,"Louisiana","St. Mary Parish",3,85,884,340,544
050,22,101,"Louisiana","St. Mary Parish",4,0,616,310,306
050,22,101,"Louisiana","St. Mary Parish",4,1,649,301,348
050,22,101,"Louisiana","St. Mary Parish",4,2,623,325,298
050,22,101,"Louisiana","St. Mary Parish",4,3,592,313,279
050,22,101,"Louisiana","St. Mary Parish",4,4,659,326,333
050,22,101,"Louisiana","St. Mary Parish",4,5,645,329,316
050,22,101,"Louisiana","St. Mary Parish",4,6,686,368,318
050,22,101,"Louisiana","St. Mary Parish",4,7,684,353,331
050,22,101,"Louisiana","St. Mary Parish",4,8,665,346,319
050,22,101,"Louisiana","St. Mary Parish",4,9,656,365,291
050,22,101,"Louisiana","St. Mary Parish",4,10,609,319,290
050,22,101,"Louisiana","St. Mary Parish",4,11,626,320,306
050,22,101,"Louisiana","St. Mary Parish",4,12,669,334,335
050,22,101,"Louisiana","St. Mary Parish",4,13,652,319,333
050,22,101,"Louisiana","St. Mary Parish",4,14,670,331,339
050,22,101,"Louisiana","St. Mary Parish",4,15,680,329,351
050,22,101,"Louisiana","St. Mary Parish",4,16,658,326,332
050,22,101,"Louisiana","St. Mary Parish",4,17,653,336,317
050,22,101,"Louisiana","St. Mary Parish",4,18,533,282,251
050,22,101,"Louisiana","St. Mary Parish",4,19,446,229,217
050,22,101,"Louisiana","St. Mary Parish",4,20,469,246,223
050,22,101,"Louisiana","St. Mary Parish",4,21,489,237,252
050,22,101,"Louisiana","St. Mary Parish",4,22,542,266,276
050,22,101,"Louisiana","St. Mary Parish",4,23,538,288,250
050,22,101,"Louisiana","St. Mary Parish",4,24,523,262,261
050,22,101,"Louisiana","St. Mary Parish",4,25,517,252,265
050,22,101,"Louisiana","St. Mary Parish",4,26,495,258,237
050,22,101,"Louisiana","St. Mary Parish",4,27,520,256,264
050,22,101,"Louisiana","St. Mary Parish",4,28,548,267,281
050,22,101,"Louisiana","St. Mary Parish",4,29,587,301,286
050,22,101,"Louisiana","St. Mary Parish",4,30,614,307,307
050,22,101,"Louisiana","St. Mary Parish",4,31,620,296,324
050,22,101,"Louisiana","St. Mary Parish",4,32,615,292,323
050,22,101,"Louisiana","St. Mary Parish",4,33,620,304,316
050,22,101,"Louisiana","St. Mary Parish",4,34,553,266,287
050,22,101,"Louisiana","St. Mary Parish",4,35,567,288,279
050,22,101,"Louisiana","St. Mary Parish",4,36,538,270,268
050,22,101,"Louisiana","St. Mary Parish",4,37,550,278,272
050,22,101,"Louisiana","St. Mary Parish",4,38,536,252,284
050,22,101,"Louisiana","St. Mary Parish",4,39,572,279,293
050,22,101,"Louisiana","St. Mary Parish",4,40,559,264,295
050,22,101,"Louisiana","St. Mary Parish",4,41,552,268,284
050,22,101,"Louisiana","St. Mary Parish",4,42,537,262,275
050,22,101,"Louisiana","St. Mary Parish",4,43,571,277,294
050,22,101,"Louisiana","St. Mary Parish",4,44,550,278,272
050,22,101,"Louisiana","St. Mary Parish",4,45,509,257,252
050,22,101,"Louisiana","St. Mary Parish",4,46,535,274,261
050,22,101,"Louisiana","St. Mary Parish",4,47,525,258,267
050,22,101,"Louisiana","St. Mary Parish",4,48,495,250,245
050,22,101,"Louisiana","St. Mary Parish",4,49,515,256,259
050,22,101,"Louisiana","St. Mary Parish",4,50,576,289,287
050,22,101,"Louisiana","St. Mary Parish",4,51,624,314,310
050,22,101,"Louisiana","St. Mary Parish",4,52,598,293,305
050,22,101,"Louisiana","St. Mary Parish",4,53,565,267,298
050,22,101,"Louisiana","St. Mary Parish",4,54,602,283,319
050,22,101,"Louisiana","St. Mary Parish",4,55,582,280,302
050,22,101,"Louisiana","St. Mary Parish",4,56,616,289,327
050,22,101,"Louisiana","St. Mary Parish",4,57,673,319,354
050,22,101,"Louisiana","St. Mary Parish",4,58,730,342,388
050,22,101,"Louisiana","St. Mary Parish",4,59,718,348,370
050,22,101,"Louisiana","St. Mary Parish",4,60,735,368,367
050,22,101,"Louisiana","St. Mary Parish",4,61,735,352,383
050,22,101,"Louisiana","St. Mary Parish",4,62,720,360,360
050,22,101,"Louisiana","St. Mary Parish",4,63,710,352,358
050,22,101,"Louisiana","St. Mary Parish",4,64,692,361,331
050,22,101,"Louisiana","St. Mary Parish",4,65,673,339,334
050,22,101,"Louisiana","St. Mary Parish",4,66,636,327,309
050,22,101,"Louisiana","St. Mary Parish",4,67,648,318,330
050,22,101,"Louisiana","St. Mary Parish",4,68,569,279,290
050,22,101,"Louisiana","St. Mary Parish",4,69,517,262,255
050,22,101,"Louisiana","St. Mary Parish",4,70,461,233,228
050,22,101,"Louisiana","St. Mary Parish",4,71,448,214,234
050,22,101,"Louisiana","St. Mary Parish",4,72,455,215,240
050,22,101,"Louisiana","St. Mary Parish",4,73,444,202,242
050,22,101,"Louisiana","St. Mary Parish",4,74,428,197,231
050,22,101,"Louisiana","St. Mary Parish",4,75,461,222,239
050,22,101,"Louisiana","St. Mary Parish",4,76,329,144,185
050,22,101,"Louisiana","St. Mary Parish",4,77,301,129,172
050,22,101,"Louisiana","St. Mary Parish",4,78,275,123,152
050,22,101,"Louisiana","St. Mary Parish",4,79,296,140,156
050,22,101,"Louisiana","St. Mary Parish",4,80,247,103,144
050,22,101,"Louisiana","St. Mary Parish",4,81,206,85,121
050,22,101,"Louisiana","St. Mary Parish",4,82,193,74,119
050,22,101,"Louisiana","St. Mary Parish",4,83,209,81,128
050,22,101,"Louisiana","St. Mary Parish",4,84,197,85,112
050,22,101,"Louisiana","St. Mary Parish",4,85,918,352,566
050,22,101,"Louisiana","St. Mary Parish",5,0,614,306,308
050,22,101,"Louisiana","St. Mary Parish",5,1,623,304,319
050,22,101,"Louisiana","St. Mary Parish",5,2,620,289,331
050,22,101,"Louisiana","St. Mary Parish",5,3,580,311,269
050,22,101,"Louisiana","St. Mary Parish",5,4,582,300,282
050,22,101,"Louisiana","St. Mary Parish",5,5,639,319,320
050,22,101,"Louisiana","St. Mary Parish",5,6,642,335,307
050,22,101,"Louisiana","St. Mary Parish",5,7,677,356,321
050,22,101,"Louisiana","St. Mary Parish",5,8,671,346,325
050,22,101,"Louisiana","St. Mary Parish",5,9,659,350,309
050,22,101,"Louisiana","St. Mary Parish",5,10,639,352,287
050,22,101,"Louisiana","St. Mary Parish",5,11,588,304,284
050,22,101,"Louisiana","St. Mary Parish",5,12,603,306,297
050,22,101,"Louisiana","St. Mary Parish",5,13,668,330,338
050,22,101,"Louisiana","St. Mary Parish",5,14,650,321,329
050,22,101,"Louisiana","St. Mary Parish",5,15,650,320,330
050,22,101,"Louisiana","St. Mary Parish",5,16,673,342,331
050,22,101,"Louisiana","St. Mary Parish",5,17,654,323,331
050,22,101,"Louisiana","St. Mary Parish",5,18,571,304,267
050,22,101,"Louisiana","St. Mary Parish",5,19,442,232,210
050,22,101,"Louisiana","St. Mary Parish",5,20,469,235,234
050,22,101,"Louisiana","St. Mary Parish",5,21,478,248,230
050,22,101,"Louisiana","St. Mary Parish",5,22,515,255,260
050,22,101,"Louisiana","St. Mary Parish",5,23,527,256,271
050,22,101,"Louisiana","St. Mary Parish",5,24,538,293,245
050,22,101,"Louisiana","St. Mary Parish",5,25,510,259,251
050,22,101,"Louisiana","St. Mary Parish",5,26,502,248,254
050,22,101,"Louisiana","St. Mary Parish",5,27,488,246,242
050,22,101,"Louisiana","St. Mary Parish",5,28,513,251,262
050,22,101,"Louisiana","St. Mary Parish",5,29,555,264,291
050,22,101,"Louisiana","St. Mary Parish",5,30,552,286,266
050,22,101,"Louisiana","St. Mary Parish",5,31,583,287,296
050,22,101,"Louisiana","St. Mary Parish",5,32,590,287,303
050,22,101,"Louisiana","St. Mary Parish",5,33,591,278,313
050,22,101,"Louisiana","St. Mary Parish",5,34,590,284,306
050,22,101,"Louisiana","St. Mary Parish",5,35,533,251,282
050,22,101,"Louisiana","St. Mary Parish",5,36,545,271,274
050,22,101,"Louisiana","St. Mary Parish",5,37,537,269,268
050,22,101,"Louisiana","St. Mary Parish",5,38,533,270,263
050,22,101,"Louisiana","St. Mary Parish",5,39,533,249,284
050,22,101,"Louisiana","St. Mary Parish",5,40,561,276,285
050,22,101,"Louisiana","St. Mary Parish",5,41,553,257,296
050,22,101,"Louisiana","St. Mary Parish",5,42,540,260,280
050,22,101,"Louisiana","St. Mary Parish",5,43,554,277,277
050,22,101,"Louisiana","St. Mary Parish",5,44,558,262,296
050,22,101,"Louisiana","St. Mary Parish",5,45,536,277,259
050,22,101,"Louisiana","St. Mary Parish",5,46,489,244,245
050,22,101,"Louisiana","St. Mary Parish",5,47,526,274,252
050,22,101,"Louisiana","St. Mary Parish",5,48,515,252,263
050,22,101,"Louisiana","St. Mary Parish",5,49,468,235,233
050,22,101,"Louisiana","St. Mary Parish",5,50,507,254,253
050,22,101,"Louisiana","St. Mary Parish",5,51,579,291,288
050,22,101,"Louisiana","St. Mary Parish",5,52,614,308,306
050,22,101,"Louisiana","St. Mary Parish",5,53,580,284,296
050,22,101,"Louisiana","St. Mary Parish",5,54,542,252,290
050,22,101,"Louisiana","St. Mary Parish",5,55,586,275,311
050,22,101,"Louisiana","St. Mary Parish",5,56,573,276,297
050,22,101,"Louisiana","St. Mary Parish",5,57,605,286,319
050,22,101,"Louisiana","St. Mary Parish",5,58,661,310,351
050,22,101,"Louisiana","St. Mary Parish",5,59,708,333,375
050,22,101,"Louisiana","St. Mary Parish",5,60,699,346,353
050,22,101,"Louisiana","St. Mary Parish",5,61,714,352,362
050,22,101,"Louisiana","St. Mary Parish",5,62,715,346,369
050,22,101,"Louisiana","St. Mary Parish",5,63,693,339,354
050,22,101,"Louisiana","St. Mary Parish",5,64,687,341,346
050,22,101,"Louisiana","St. Mary Parish",5,65,684,352,332
050,22,101,"Louisiana","St. Mary Parish",5,66,656,335,321
050,22,101,"Louisiana","St. Mary Parish",5,67,630,322,308
050,22,101,"Louisiana","St. Mary Parish",5,68,637,313,324
050,22,101,"Louisiana","St. Mary Parish",5,69,537,262,275
050,22,101,"Louisiana","St. Mary Parish",5,70,492,249,243
050,22,101,"Louisiana","St. Mary Parish",5,71,452,227,225
050,22,101,"Louisiana","St. Mary Parish",5,72,436,208,228
050,22,101,"Louisiana","St. Mary Parish",5,73,438,204,234
050,22,101,"Louisiana","St. Mary Parish",5,74,424,194,230
050,22,101,"Louisiana","St. Mary Parish",5,75,413,189,224
050,22,101,"Louisiana","St. Mary Parish",5,76,456,213,243
050,22,101,"Louisiana","St. Mary Parish",5,77,309,135,174
050,22,101,"Louisiana","St. Mary Parish",5,78,287,120,167
050,22,101,"Louisiana","St. Mary Parish",5,79,261,116,145
050,22,101,"Louisiana","St. Mary Parish",5,80,280,132,148
050,22,101,"Louisiana","St. Mary Parish",5,81,229,97,132
050,22,101,"Louisiana","St. Mary Parish",5,82,188,73,115
050,22,101,"Louisiana","St. Mary Parish",5,83,191,78,113
050,22,101,"Louisiana","St. Mary Parish",5,84,195,73,122
050,22,101,"Louisiana","St. Mary Parish",5,85,970,366,604
050,22,103,"Louisiana","St. Tammany Parish",1,0,2907,1491,1416
050,22,103,"Louisiana","St. Tammany Parish",1,1,2992,1531,1461
050,22,103,"Louisiana","St. Tammany Parish",1,2,3070,1551,1519
050,22,103,"Louisiana","St. Tammany Parish",1,3,3218,1704,1514
050,22,103,"Louisiana","St. Tammany Parish",1,4,3324,1659,1665
050,22,103,"Louisiana","St. Tammany Parish",1,5,3340,1700,1640
050,22,103,"Louisiana","St. Tammany Parish",1,6,3418,1727,1691
050,22,103,"Louisiana","St. Tammany Parish",1,7,3306,1738,1568
050,22,103,"Louisiana","St. Tammany Parish",1,8,3304,1683,1621
050,22,103,"Louisiana","St. Tammany Parish",1,9,3439,1785,1654
050,22,103,"Louisiana","St. Tammany Parish",1,10,3574,1798,1776
050,22,103,"Louisiana","St. Tammany Parish",1,11,3732,1900,1832
050,22,103,"Louisiana","St. Tammany Parish",1,12,4059,2029,2030
050,22,103,"Louisiana","St. Tammany Parish",1,13,4119,2084,2035
050,22,103,"Louisiana","St. Tammany Parish",1,14,3964,2035,1929
050,22,103,"Louisiana","St. Tammany Parish",1,15,3854,1991,1863
050,22,103,"Louisiana","St. Tammany Parish",1,16,3934,2031,1903
050,22,103,"Louisiana","St. Tammany Parish",1,17,3909,1976,1933
050,22,103,"Louisiana","St. Tammany Parish",1,18,3252,1717,1535
050,22,103,"Louisiana","St. Tammany Parish",1,19,2584,1360,1224
050,22,103,"Louisiana","St. Tammany Parish",1,20,2733,1423,1310
050,22,103,"Louisiana","St. Tammany Parish",1,21,2734,1412,1322
050,22,103,"Louisiana","St. Tammany Parish",1,22,2790,1432,1358
050,22,103,"Louisiana","St. Tammany Parish",1,23,2854,1462,1392
050,22,103,"Louisiana","St. Tammany Parish",1,24,2769,1409,1360
050,22,103,"Louisiana","St. Tammany Parish",1,25,2747,1396,1351
050,22,103,"Louisiana","St. Tammany Parish",1,26,2688,1331,1357
050,22,103,"Louisiana","St. Tammany Parish",1,27,2771,1430,1341
050,22,103,"Louisiana","St. Tammany Parish",1,28,2813,1385,1428
050,22,103,"Louisiana","St. Tammany Parish",1,29,3057,1442,1615
050,22,103,"Louisiana","St. Tammany Parish",1,30,3073,1453,1620
050,22,103,"Louisiana","St. Tammany Parish",1,31,3030,1471,1559
050,22,103,"Louisiana","St. Tammany Parish",1,32,3099,1482,1617
050,22,103,"Louisiana","St. Tammany Parish",1,33,3094,1470,1624
050,22,103,"Louisiana","St. Tammany Parish",1,34,3300,1600,1700
050,22,103,"Louisiana","St. Tammany Parish",1,35,3409,1654,1755
050,22,103,"Louisiana","St. Tammany Parish",1,36,3461,1743,1718
050,22,103,"Louisiana","St. Tammany Parish",1,37,3575,1773,1802
050,22,103,"Louisiana","St. Tammany Parish",1,38,3660,1788,1872
050,22,103,"Louisiana","St. Tammany Parish",1,39,3700,1807,1893
050,22,103,"Louisiana","St. Tammany Parish",1,40,3548,1729,1819
050,22,103,"Louisiana","St. Tammany Parish",1,41,3462,1740,1722
050,22,103,"Louisiana","St. Tammany Parish",1,42,3417,1686,1731
050,22,103,"Louisiana","St. Tammany Parish",1,43,3333,1632,1701
050,22,103,"Louisiana","St. Tammany Parish",1,44,3201,1590,1611
050,22,103,"Louisiana","St. Tammany Parish",1,45,3218,1634,1584
050,22,103,"Louisiana","St. Tammany Parish",1,46,3107,1513,1594
050,22,103,"Louisiana","St. Tammany Parish",1,47,3122,1491,1631
050,22,103,"Louisiana","St. Tammany Parish",1,48,3395,1641,1754
050,22,103,"Louisiana","St. Tammany Parish",1,49,3694,1788,1906
050,22,103,"Louisiana","St. Tammany Parish",1,50,3547,1712,1835
050,22,103,"Louisiana","St. Tammany Parish",1,51,3420,1671,1749
050,22,103,"Louisiana","St. Tammany Parish",1,52,3377,1647,1730
050,22,103,"Louisiana","St. Tammany Parish",1,53,3486,1723,1763
050,22,103,"Louisiana","St. Tammany Parish",1,54,3511,1762,1749
050,22,103,"Louisiana","St. Tammany Parish",1,55,3633,1812,1821
050,22,103,"Louisiana","St. Tammany Parish",1,56,3734,1813,1921
050,22,103,"Louisiana","St. Tammany Parish",1,57,3746,1816,1930
050,22,103,"Louisiana","St. Tammany Parish",1,58,3717,1812,1905
050,22,103,"Louisiana","St. Tammany Parish",1,59,3792,1827,1965
050,22,103,"Louisiana","St. Tammany Parish",1,60,3669,1787,1882
050,22,103,"Louisiana","St. Tammany Parish",1,61,3698,1796,1902
050,22,103,"Louisiana","St. Tammany Parish",1,62,3678,1747,1931
050,22,103,"Louisiana","St. Tammany Parish",1,63,3657,1715,1942
050,22,103,"Louisiana","St. Tammany Parish",1,64,3541,1736,1805
050,22,103,"Louisiana","St. Tammany Parish",1,65,3404,1621,1783
050,22,103,"Louisiana","St. Tammany Parish",1,66,3250,1555,1695
050,22,103,"Louisiana","St. Tammany Parish",1,67,3174,1538,1636
050,22,103,"Louisiana","St. Tammany Parish",1,68,3145,1542,1603
050,22,103,"Louisiana","St. Tammany Parish",1,69,2874,1379,1495
050,22,103,"Louisiana","St. Tammany Parish",1,70,2743,1273,1470
050,22,103,"Louisiana","St. Tammany Parish",1,71,2764,1304,1460
050,22,103,"Louisiana","St. Tammany Parish",1,72,2836,1281,1555
050,22,103,"Louisiana","St. Tammany Parish",1,73,2819,1313,1506
050,22,103,"Louisiana","St. Tammany Parish",1,74,1919,896,1023
050,22,103,"Louisiana","St. Tammany Parish",1,75,1842,876,966
050,22,103,"Louisiana","St. Tammany Parish",1,76,1851,857,994
050,22,103,"Louisiana","St. Tammany Parish",1,77,1791,811,980
050,22,103,"Louisiana","St. Tammany Parish",1,78,1446,644,802
050,22,103,"Louisiana","St. Tammany Parish",1,79,1280,592,688
050,22,103,"Louisiana","St. Tammany Parish",1,80,1156,533,623
050,22,103,"Louisiana","St. Tammany Parish",1,81,1097,470,627
050,22,103,"Louisiana","St. Tammany Parish",1,82,970,425,545
050,22,103,"Louisiana","St. Tammany Parish",1,83,815,357,458
050,22,103,"Louisiana","St. Tammany Parish",1,84,757,310,447
050,22,103,"Louisiana","St. Tammany Parish",1,85,4279,1511,2768
050,22,103,"Louisiana","St. Tammany Parish",2,0,2843,1459,1384
050,22,103,"Louisiana","St. Tammany Parish",2,1,2975,1527,1448
050,22,103,"Louisiana","St. Tammany Parish",2,2,3056,1554,1502
050,22,103,"Louisiana","St. Tammany Parish",2,3,3193,1671,1522
050,22,103,"Louisiana","St. Tammany Parish",2,4,3334,1692,1642
050,22,103,"Louisiana","St. Tammany Parish",2,5,3363,1703,1660
050,22,103,"Louisiana","St. Tammany Parish",2,6,3416,1735,1681
050,22,103,"Louisiana","St. Tammany Parish",2,7,3337,1739,1598
050,22,103,"Louisiana","St. Tammany Parish",2,8,3307,1705,1602
050,22,103,"Louisiana","St. Tammany Parish",2,9,3420,1771,1649
050,22,103,"Louisiana","St. Tammany Parish",2,10,3555,1801,1754
050,22,103,"Louisiana","St. Tammany Parish",2,11,3695,1868,1827
050,22,103,"Louisiana","St. Tammany Parish",2,12,4012,2013,1999
050,22,103,"Louisiana","St. Tammany Parish",2,13,4114,2080,2034
050,22,103,"Louisiana","St. Tammany Parish",2,14,4014,2055,1959
050,22,103,"Louisiana","St. Tammany Parish",2,15,3890,2006,1884
050,22,103,"Louisiana","St. Tammany Parish",2,16,3934,2031,1903
050,22,103,"Louisiana","St. Tammany Parish",2,17,3926,1994,1932
050,22,103,"Louisiana","St. Tammany Parish",2,18,3257,1713,1544
050,22,103,"Louisiana","St. Tammany Parish",2,19,2627,1385,1242
050,22,103,"Louisiana","St. Tammany Parish",2,20,2762,1438,1324
050,22,103,"Louisiana","St. Tammany Parish",2,21,2760,1423,1337
050,22,103,"Louisiana","St. Tammany Parish",2,22,2812,1441,1371
050,22,103,"Louisiana","St. Tammany Parish",2,23,2853,1461,1392
050,22,103,"Louisiana","St. Tammany Parish",2,24,2775,1415,1360
050,22,103,"Louisiana","St. Tammany Parish",2,25,2744,1392,1352
050,22,103,"Louisiana","St. Tammany Parish",2,26,2712,1350,1362
050,22,103,"Louisiana","St. Tammany Parish",2,27,2759,1408,1351
050,22,103,"Louisiana","St. Tammany Parish",2,28,2824,1404,1420
050,22,103,"Louisiana","St. Tammany Parish",2,29,3000,1426,1574
050,22,103,"Louisiana","St. Tammany Parish",2,30,3101,1467,1634
050,22,103,"Louisiana","St. Tammany Parish",2,31,3045,1474,1571
050,22,103,"Louisiana","St. Tammany Parish",2,32,3088,1480,1608
050,22,103,"Louisiana","St. Tammany Parish",2,33,3112,1481,1631
050,22,103,"Louisiana","St. Tammany Parish",2,34,3279,1581,1698
050,22,103,"Louisiana","St. Tammany Parish",2,35,3431,1672,1759
050,22,103,"Louisiana","St. Tammany Parish",2,36,3445,1716,1729
050,22,103,"Louisiana","St. Tammany Parish",2,37,3573,1779,1794
050,22,103,"Louisiana","St. Tammany Parish",2,38,3675,1796,1879
050,22,103,"Louisiana","St. Tammany Parish",2,39,3682,1799,1883
050,22,103,"Louisiana","St. Tammany Parish",2,40,3612,1765,1847
050,22,103,"Louisiana","St. Tammany Parish",2,41,3484,1732,1752
050,22,103,"Louisiana","St. Tammany Parish",2,42,3431,1705,1726
050,22,103,"Louisiana","St. Tammany Parish",2,43,3373,1654,1719
050,22,103,"Louisiana","St. Tammany Parish",2,44,3206,1588,1618
050,22,103,"Louisiana","St. Tammany Parish",2,45,3223,1629,1594
050,22,103,"Louisiana","St. Tammany Parish",2,46,3115,1529,1586
050,22,103,"Louisiana","St. Tammany Parish",2,47,3109,1491,1618
050,22,103,"Louisiana","St. Tammany Parish",2,48,3335,1602,1733
050,22,103,"Louisiana","St. Tammany Parish",2,49,3641,1764,1877
050,22,103,"Louisiana","St. Tammany Parish",2,50,3586,1728,1858
050,22,103,"Louisiana","St. Tammany Parish",2,51,3426,1668,1758
050,22,103,"Louisiana","St. Tammany Parish",2,52,3385,1651,1734
050,22,103,"Louisiana","St. Tammany Parish",2,53,3461,1704,1757
050,22,103,"Louisiana","St. Tammany Parish",2,54,3499,1752,1747
050,22,103,"Louisiana","St. Tammany Parish",2,55,3600,1796,1804
050,22,103,"Louisiana","St. Tammany Parish",2,56,3726,1825,1901
050,22,103,"Louisiana","St. Tammany Parish",2,57,3749,1816,1933
050,22,103,"Louisiana","St. Tammany Parish",2,58,3723,1807,1916
050,22,103,"Louisiana","St. Tammany Parish",2,59,3783,1826,1957
050,22,103,"Louisiana","St. Tammany Parish",2,60,3675,1787,1888
050,22,103,"Louisiana","St. Tammany Parish",2,61,3687,1789,1898
050,22,103,"Louisiana","St. Tammany Parish",2,62,3675,1752,1923
050,22,103,"Louisiana","St. Tammany Parish",2,63,3695,1737,1958
050,22,103,"Louisiana","St. Tammany Parish",2,64,3544,1720,1824
050,22,103,"Louisiana","St. Tammany Parish",2,65,3423,1636,1787
050,22,103,"Louisiana","St. Tammany Parish",2,66,3291,1575,1716
050,22,103,"Louisiana","St. Tammany Parish",2,67,3177,1530,1647
050,22,103,"Louisiana","St. Tammany Parish",2,68,3128,1525,1603
050,22,103,"Louisiana","St. Tammany Parish",2,69,2947,1420,1527
050,22,103,"Louisiana","St. Tammany Parish",2,70,2746,1285,1461
050,22,103,"Louisiana","St. Tammany Parish",2,71,2757,1294,1463
050,22,103,"Louisiana","St. Tammany Parish",2,72,2773,1266,1507
050,22,103,"Louisiana","St. Tammany Parish",2,73,2956,1368,1588
050,22,103,"Louisiana","St. Tammany Parish",2,74,1994,932,1062
050,22,103,"Louisiana","St. Tammany Parish",2,75,1858,879,979
050,22,103,"Louisiana","St. Tammany Parish",2,76,1816,844,972
050,22,103,"Louisiana","St. Tammany Parish",2,77,1823,829,994
050,22,103,"Louisiana","St. Tammany Parish",2,78,1495,671,824
050,22,103,"Louisiana","St. Tammany Parish",2,79,1296,597,699
050,22,103,"Louisiana","St. Tammany Parish",2,80,1172,539,633
050,22,103,"Louisiana","St. Tammany Parish",2,81,1082,468,614
050,22,103,"Louisiana","St. Tammany Parish",2,82,994,435,559
050,22,103,"Louisiana","St. Tammany Parish",2,83,839,364,475
050,22,103,"Louisiana","St. Tammany Parish",2,84,741,314,427
050,22,103,"Louisiana","St. Tammany Parish",2,85,4249,1512,2737
050,22,103,"Louisiana","St. Tammany Parish",3,0,2992,1540,1452
050,22,103,"Louisiana","St. Tammany Parish",3,1,2939,1514,1425
050,22,103,"Louisiana","St. Tammany Parish",3,2,3163,1598,1565
050,22,103,"Louisiana","St. Tammany Parish",3,3,3226,1637,1589
050,22,103,"Louisiana","St. Tammany Parish",3,4,3301,1739,1562
050,22,103,"Louisiana","St. Tammany Parish",3,5,3469,1754,1715
050,22,103,"Louisiana","St. Tammany Parish",3,6,3490,1768,1722
050,22,103,"Louisiana","St. Tammany Parish",3,7,3503,1772,1731
050,22,103,"Louisiana","St. Tammany Parish",3,8,3490,1814,1676
050,22,103,"Louisiana","St. Tammany Parish",3,9,3412,1764,1648
050,22,103,"Louisiana","St. Tammany Parish",3,10,3513,1816,1697
050,22,103,"Louisiana","St. Tammany Parish",3,11,3627,1832,1795
050,22,103,"Louisiana","St. Tammany Parish",3,12,3848,1933,1915
050,22,103,"Louisiana","St. Tammany Parish",3,13,4124,2089,2035
050,22,103,"Louisiana","St. Tammany Parish",3,14,4210,2152,2058
050,22,103,"Louisiana","St. Tammany Parish",3,15,4100,2093,2007
050,22,103,"Louisiana","St. Tammany Parish",3,16,3950,2057,1893
050,22,103,"Louisiana","St. Tammany Parish",3,17,3985,2049,1936
050,22,103,"Louisiana","St. Tammany Parish",3,18,3354,1732,1622
050,22,103,"Louisiana","St. Tammany Parish",3,19,2675,1413,1262
050,22,103,"Louisiana","St. Tammany Parish",3,20,2794,1432,1362
050,22,103,"Louisiana","St. Tammany Parish",3,21,2937,1514,1423
050,22,103,"Louisiana","St. Tammany Parish",3,22,2988,1502,1486
050,22,103,"Louisiana","St. Tammany Parish",3,23,2923,1476,1447
050,22,103,"Louisiana","St. Tammany Parish",3,24,2920,1497,1423
050,22,103,"Louisiana","St. Tammany Parish",3,25,2866,1445,1421
050,22,103,"Louisiana","St. Tammany Parish",3,26,2855,1441,1414
050,22,103,"Louisiana","St. Tammany Parish",3,27,2830,1412,1418
050,22,103,"Louisiana","St. Tammany Parish",3,28,2854,1418,1436
050,22,103,"Louisiana","St. Tammany Parish",3,29,2890,1423,1467
050,22,103,"Louisiana","St. Tammany Parish",3,30,3130,1456,1674
050,22,103,"Louisiana","St. Tammany Parish",3,31,3213,1534,1679
050,22,103,"Louisiana","St. Tammany Parish",3,32,3150,1525,1625
050,22,103,"Louisiana","St. Tammany Parish",3,33,3234,1525,1709
050,22,103,"Louisiana","St. Tammany Parish",3,34,3264,1537,1727
050,22,103,"Louisiana","St. Tammany Parish",3,35,3464,1652,1812
050,22,103,"Louisiana","St. Tammany Parish",3,36,3540,1723,1817
050,22,103,"Louisiana","St. Tammany Parish",3,37,3564,1744,1820
050,22,103,"Louisiana","St. Tammany Parish",3,38,3687,1832,1855
050,22,103,"Louisiana","St. Tammany Parish",3,39,3775,1849,1926
050,22,103,"Louisiana","St. Tammany Parish",3,40,3745,1827,1918
050,22,103,"Louisiana","St. Tammany Parish",3,41,3702,1790,1912
050,22,103,"Louisiana","St. Tammany Parish",3,42,3579,1794,1785
050,22,103,"Louisiana","St. Tammany Parish",3,43,3438,1686,1752
050,22,103,"Louisiana","St. Tammany Parish",3,44,3448,1695,1753
050,22,103,"Louisiana","St. Tammany Parish",3,45,3248,1626,1622
050,22,103,"Louisiana","St. Tammany Parish",3,46,3274,1636,1638
050,22,103,"Louisiana","St. Tammany Parish",3,47,3142,1531,1611
050,22,103,"Louisiana","St. Tammany Parish",3,48,3146,1484,1662
050,22,103,"Louisiana","St. Tammany Parish",3,49,3384,1629,1755
050,22,103,"Louisiana","St. Tammany Parish",3,50,3644,1755,1889
050,22,103,"Louisiana","St. Tammany Parish",3,51,3556,1739,1817
050,22,103,"Louisiana","St. Tammany Parish",3,52,3415,1665,1750
050,22,103,"Louisiana","St. Tammany Parish",3,53,3346,1625,1721
050,22,103,"Louisiana","St. Tammany Parish",3,54,3486,1722,1764
050,22,103,"Louisiana","St. Tammany Parish",3,55,3520,1745,1775
050,22,103,"Louisiana","St. Tammany Parish",3,56,3594,1786,1808
050,22,103,"Louisiana","St. Tammany Parish",3,57,3746,1830,1916
050,22,103,"Louisiana","St. Tammany Parish",3,58,3782,1821,1961
050,22,103,"Louisiana","St. Tammany Parish",3,59,3734,1807,1927
050,22,103,"Louisiana","St. Tammany Parish",3,60,3771,1811,1960
050,22,103,"Louisiana","St. Tammany Parish",3,61,3701,1799,1902
050,22,103,"Louisiana","St. Tammany Parish",3,62,3692,1782,1910
050,22,103,"Louisiana","St. Tammany Parish",3,63,3672,1744,1928
050,22,103,"Louisiana","St. Tammany Parish",3,64,3690,1753,1937
050,22,103,"Louisiana","St. Tammany Parish",3,65,3537,1703,1834
050,22,103,"Louisiana","St. Tammany Parish",3,66,3415,1626,1789
050,22,103,"Louisiana","St. Tammany Parish",3,67,3252,1557,1695
050,22,103,"Louisiana","St. Tammany Parish",3,68,3177,1514,1663
050,22,103,"Louisiana","St. Tammany Parish",3,69,3104,1512,1592
050,22,103,"Louisiana","St. Tammany Parish",3,70,2917,1394,1523
050,22,103,"Louisiana","St. Tammany Parish",3,71,2711,1250,1461
050,22,103,"Louisiana","St. Tammany Parish",3,72,2722,1263,1459
050,22,103,"Louisiana","St. Tammany Parish",3,73,2750,1247,1503
050,22,103,"Louisiana","St. Tammany Parish",3,74,2853,1328,1525
050,22,103,"Louisiana","St. Tammany Parish",3,75,1931,893,1038
050,22,103,"Louisiana","St. Tammany Parish",3,76,1819,849,970
050,22,103,"Louisiana","St. Tammany Parish",3,77,1759,819,940
050,22,103,"Louisiana","St. Tammany Parish",3,78,1772,801,971
050,22,103,"Louisiana","St. Tammany Parish",3,79,1426,652,774
050,22,103,"Louisiana","St. Tammany Parish",3,80,1242,558,684
050,22,103,"Louisiana","St. Tammany Parish",3,81,1100,489,611
050,22,103,"Louisiana","St. Tammany Parish",3,82,1012,441,571
050,22,103,"Louisiana","St. Tammany Parish",3,83,943,406,537
050,22,103,"Louisiana","St. Tammany Parish",3,84,754,317,437
050,22,103,"Louisiana","St. Tammany Parish",3,85,4247,1530,2717
050,22,103,"Louisiana","St. Tammany Parish",4,0,3055,1554,1501
050,22,103,"Louisiana","St. Tammany Parish",4,1,3103,1598,1505
050,22,103,"Louisiana","St. Tammany Parish",4,2,3072,1582,1490
050,22,103,"Louisiana","St. Tammany Parish",4,3,3257,1637,1620
050,22,103,"Louisiana","St. Tammany Parish",4,4,3316,1674,1642
050,22,103,"Louisiana","St. Tammany Parish",4,5,3446,1801,1645
050,22,103,"Louisiana","St. Tammany Parish",4,6,3528,1784,1744
050,22,103,"Louisiana","St. Tammany Parish",4,7,3599,1832,1767
050,22,103,"Louisiana","St. Tammany Parish",4,8,3588,1792,1796
050,22,103,"Louisiana","St. Tammany Parish",4,9,3534,1844,1690
050,22,103,"Louisiana","St. Tammany Parish",4,10,3495,1808,1687
050,22,103,"Louisiana","St. Tammany Parish",4,11,3574,1839,1735
050,22,103,"Louisiana","St. Tammany Parish",4,12,3701,1883,1818
050,22,103,"Louisiana","St. Tammany Parish",4,13,3950,1982,1968
050,22,103,"Louisiana","St. Tammany Parish",4,14,4239,2155,2084
050,22,103,"Louisiana","St. Tammany Parish",4,15,4274,2204,2070
050,22,103,"Louisiana","St. Tammany Parish",4,16,4133,2092,2041
050,22,103,"Louisiana","St. Tammany Parish",4,17,3970,2042,1928
050,22,103,"Louisiana","St. Tammany Parish",4,18,3381,1823,1558
050,22,103,"Louisiana","St. Tammany Parish",4,19,2629,1385,1244
050,22,103,"Louisiana","St. Tammany Parish",4,20,2798,1460,1338
050,22,103,"Louisiana","St. Tammany Parish",4,21,2851,1436,1415
050,22,103,"Louisiana","St. Tammany Parish",4,22,3041,1559,1482
050,22,103,"Louisiana","St. Tammany Parish",4,23,3056,1533,1523
050,22,103,"Louisiana","St. Tammany Parish",4,24,2932,1491,1441
050,22,103,"Louisiana","St. Tammany Parish",4,25,2925,1533,1392
050,22,103,"Louisiana","St. Tammany Parish",4,26,2854,1421,1433
050,22,103,"Louisiana","St. Tammany Parish",4,27,2840,1434,1406
050,22,103,"Louisiana","St. Tammany Parish",4,28,2884,1428,1456
050,22,103,"Louisiana","St. Tammany Parish",4,29,2901,1435,1466
050,22,103,"Louisiana","St. Tammany Parish",4,30,3009,1440,1569
050,22,103,"Louisiana","St. Tammany Parish",4,31,3220,1499,1721
050,22,103,"Louisiana","St. Tammany Parish",4,32,3365,1627,1738
050,22,103,"Louisiana","St. Tammany Parish",4,33,3235,1539,1696
050,22,103,"Louisiana","St. Tammany Parish",4,34,3356,1592,1764
050,22,103,"Louisiana","St. Tammany Parish",4,35,3403,1591,1812
050,22,103,"Louisiana","St. Tammany Parish",4,36,3514,1695,1819
050,22,103,"Louisiana","St. Tammany Parish",4,37,3653,1786,1867
050,22,103,"Louisiana","St. Tammany Parish",4,38,3646,1757,1889
050,22,103,"Louisiana","St. Tammany Parish",4,39,3726,1851,1875
050,22,103,"Louisiana","St. Tammany Parish",4,40,3856,1878,1978
050,22,103,"Louisiana","St. Tammany Parish",4,41,3767,1832,1935
050,22,103,"Louisiana","St. Tammany Parish",4,42,3754,1844,1910
050,22,103,"Louisiana","St. Tammany Parish",4,43,3629,1789,1840
050,22,103,"Louisiana","St. Tammany Parish",4,44,3477,1720,1757
050,22,103,"Louisiana","St. Tammany Parish",4,45,3466,1711,1755
050,22,103,"Louisiana","St. Tammany Parish",4,46,3304,1649,1655
050,22,103,"Louisiana","St. Tammany Parish",4,47,3306,1643,1663
050,22,103,"Louisiana","St. Tammany Parish",4,48,3184,1534,1650
050,22,103,"Louisiana","St. Tammany Parish",4,49,3141,1502,1639
050,22,103,"Louisiana","St. Tammany Parish",4,50,3393,1608,1785
050,22,103,"Louisiana","St. Tammany Parish",4,51,3636,1762,1874
050,22,103,"Louisiana","St. Tammany Parish",4,52,3592,1761,1831
050,22,103,"Louisiana","St. Tammany Parish",4,53,3384,1630,1754
050,22,103,"Louisiana","St. Tammany Parish",4,54,3343,1633,1710
050,22,103,"Louisiana","St. Tammany Parish",4,55,3461,1687,1774
050,22,103,"Louisiana","St. Tammany Parish",4,56,3546,1755,1791
050,22,103,"Louisiana","St. Tammany Parish",4,57,3590,1760,1830
050,22,103,"Louisiana","St. Tammany Parish",4,58,3770,1836,1934
050,22,103,"Louisiana","St. Tammany Parish",4,59,3760,1794,1966
050,22,103,"Louisiana","St. Tammany Parish",4,60,3689,1766,1923
050,22,103,"Louisiana","St. Tammany Parish",4,61,3779,1808,1971
050,22,103,"Louisiana","St. Tammany Parish",4,62,3682,1787,1895
050,22,103,"Louisiana","St. Tammany Parish",4,63,3659,1752,1907
050,22,103,"Louisiana","St. Tammany Parish",4,64,3659,1744,1915
050,22,103,"Louisiana","St. Tammany Parish",4,65,3614,1715,1899
050,22,103,"Louisiana","St. Tammany Parish",4,66,3515,1694,1821
050,22,103,"Louisiana","St. Tammany Parish",4,67,3424,1623,1801
050,22,103,"Louisiana","St. Tammany Parish",4,68,3242,1548,1694
050,22,103,"Louisiana","St. Tammany Parish",4,69,3161,1511,1650
050,22,103,"Louisiana","St. Tammany Parish",4,70,3035,1463,1572
050,22,103,"Louisiana","St. Tammany Parish",4,71,2849,1344,1505
050,22,103,"Louisiana","St. Tammany Parish",4,72,2695,1226,1469
050,22,103,"Louisiana","St. Tammany Parish",4,73,2698,1251,1447
050,22,103,"Louisiana","St. Tammany Parish",4,74,2669,1201,1468
050,22,103,"Louisiana","St. Tammany Parish",4,75,2753,1266,1487
050,22,103,"Louisiana","St. Tammany Parish",4,76,1889,861,1028
050,22,103,"Louisiana","St. Tammany Parish",4,77,1772,824,948
050,22,103,"Louisiana","St. Tammany Parish",4,78,1730,804,926
050,22,103,"Louisiana","St. Tammany Parish",4,79,1709,781,928
050,22,103,"Louisiana","St. Tammany Parish",4,80,1379,621,758
050,22,103,"Louisiana","St. Tammany Parish",4,81,1158,512,646
050,22,103,"Louisiana","St. Tammany Parish",4,82,1043,472,571
050,22,103,"Louisiana","St. Tammany Parish",4,83,929,396,533
050,22,103,"Louisiana","St. Tammany Parish",4,84,857,367,490
050,22,103,"Louisiana","St. Tammany Parish",4,85,4236,1549,2687
050,22,103,"Louisiana","St. Tammany Parish",5,0,3071,1554,1517
050,22,103,"Louisiana","St. Tammany Parish",5,1,3124,1555,1569
050,22,103,"Louisiana","St. Tammany Parish",5,2,3177,1624,1553
050,22,103,"Louisiana","St. Tammany Parish",5,3,3137,1576,1561
050,22,103,"Louisiana","St. Tammany Parish",5,4,3291,1668,1623
050,22,103,"Louisiana","St. Tammany Parish",5,5,3336,1691,1645
050,22,103,"Louisiana","St. Tammany Parish",5,6,3521,1835,1686
050,22,103,"Louisiana","St. Tammany Parish",5,7,3605,1818,1787
050,22,103,"Louisiana","St. Tammany Parish",5,8,3603,1815,1788
050,22,103,"Louisiana","St. Tammany Parish",5,9,3591,1800,1791
050,22,103,"Louisiana","St. Tammany Parish",5,10,3555,1848,1707
050,22,103,"Louisiana","St. Tammany Parish",5,11,3501,1773,1728
050,22,103,"Louisiana","St. Tammany Parish",5,12,3612,1853,1759
050,22,103,"Louisiana","St. Tammany Parish",5,13,3742,1910,1832
050,22,103,"Louisiana","St. Tammany Parish",5,14,3973,2021,1952
050,22,103,"Louisiana","St. Tammany Parish",5,15,4250,2158,2092
050,22,103,"Louisiana","St. Tammany Parish",5,16,4289,2191,2098
050,22,103,"Louisiana","St. Tammany Parish",5,17,4168,2106,2062
050,22,103,"Louisiana","St. Tammany Parish",5,18,3353,1784,1569
050,22,103,"Louisiana","St. Tammany Parish",5,19,2722,1480,1242
050,22,103,"Louisiana","St. Tammany Parish",5,20,2868,1488,1380
050,22,103,"Louisiana","St. Tammany Parish",5,21,2971,1556,1415
050,22,103,"Louisiana","St. Tammany Parish",5,22,3037,1510,1527
050,22,103,"Louisiana","St. Tammany Parish",5,23,3104,1564,1540
050,22,103,"Louisiana","St. Tammany Parish",5,24,3102,1576,1526
050,22,103,"Louisiana","St. Tammany Parish",5,25,2936,1507,1429
050,22,103,"Louisiana","St. Tammany Parish",5,26,2959,1548,1411
050,22,103,"Louisiana","St. Tammany Parish",5,27,2842,1397,1445
050,22,103,"Louisiana","St. Tammany Parish",5,28,2886,1460,1426
050,22,103,"Louisiana","St. Tammany Parish",5,29,2867,1432,1435
050,22,103,"Louisiana","St. Tammany Parish",5,30,3021,1487,1534
050,22,103,"Louisiana","St. Tammany Parish",5,31,3072,1494,1578
050,22,103,"Louisiana","St. Tammany Parish",5,32,3263,1537,1726
050,22,103,"Louisiana","St. Tammany Parish",5,33,3394,1605,1789
050,22,103,"Louisiana","St. Tammany Parish",5,34,3313,1582,1731
050,22,103,"Louisiana","St. Tammany Parish",5,35,3454,1645,1809
050,22,103,"Louisiana","St. Tammany Parish",5,36,3482,1632,1850
050,22,103,"Louisiana","St. Tammany Parish",5,37,3591,1726,1865
050,22,103,"Louisiana","St. Tammany Parish",5,38,3737,1815,1922
050,22,103,"Louisiana","St. Tammany Parish",5,39,3650,1744,1906
050,22,103,"Louisiana","St. Tammany Parish",5,40,3773,1856,1917
050,22,103,"Louisiana","St. Tammany Parish",5,41,3842,1859,1983
050,22,103,"Louisiana","St. Tammany Parish",5,42,3862,1898,1964
050,22,103,"Louisiana","St. Tammany Parish",5,43,3708,1801,1907
050,22,103,"Louisiana","St. Tammany Parish",5,44,3664,1813,1851
050,22,103,"Louisiana","St. Tammany Parish",5,45,3489,1744,1745
050,22,103,"Louisiana","St. Tammany Parish",5,46,3464,1689,1775
050,22,103,"Louisiana","St. Tammany Parish",5,47,3295,1646,1649
050,22,103,"Louisiana","St. Tammany Parish",5,48,3328,1615,1713
050,22,103,"Louisiana","St. Tammany Parish",5,49,3202,1568,1634
050,22,103,"Louisiana","St. Tammany Parish",5,50,3149,1507,1642
050,22,103,"Louisiana","St. Tammany Parish",5,51,3387,1619,1768
050,22,103,"Louisiana","St. Tammany Parish",5,52,3638,1775,1863
050,22,103,"Louisiana","St. Tammany Parish",5,53,3567,1732,1835
050,22,103,"Louisiana","St. Tammany Parish",5,54,3373,1637,1736
050,22,103,"Louisiana","St. Tammany Parish",5,55,3377,1637,1740
050,22,103,"Louisiana","St. Tammany Parish",5,56,3460,1687,1773
050,22,103,"Louisiana","St. Tammany Parish",5,57,3576,1759,1817
050,22,103,"Louisiana","St. Tammany Parish",5,58,3569,1746,1823
050,22,103,"Louisiana","St. Tammany Parish",5,59,3747,1806,1941
050,22,103,"Louisiana","St. Tammany Parish",5,60,3701,1753,1948
050,22,103,"Louisiana","St. Tammany Parish",5,61,3710,1780,1930
050,22,103,"Louisiana","St. Tammany Parish",5,62,3818,1818,2000
050,22,103,"Louisiana","St. Tammany Parish",5,63,3656,1755,1901
050,22,103,"Louisiana","St. Tammany Parish",5,64,3649,1759,1890
050,22,103,"Louisiana","St. Tammany Parish",5,65,3603,1721,1882
050,22,103,"Louisiana","St. Tammany Parish",5,66,3569,1684,1885
050,22,103,"Louisiana","St. Tammany Parish",5,67,3502,1665,1837
050,22,103,"Louisiana","St. Tammany Parish",5,68,3430,1613,1817
050,22,103,"Louisiana","St. Tammany Parish",5,69,3213,1521,1692
050,22,103,"Louisiana","St. Tammany Parish",5,70,3106,1471,1635
050,22,103,"Louisiana","St. Tammany Parish",5,71,2993,1426,1567
050,22,103,"Louisiana","St. Tammany Parish",5,72,2825,1323,1502
050,22,103,"Louisiana","St. Tammany Parish",5,73,2684,1213,1471
050,22,103,"Louisiana","St. Tammany Parish",5,74,2627,1212,1415
050,22,103,"Louisiana","St. Tammany Parish",5,75,2605,1167,1438
050,22,103,"Louisiana","St. Tammany Parish",5,76,2719,1246,1473
050,22,103,"Louisiana","St. Tammany Parish",5,77,1837,834,1003
050,22,103,"Louisiana","St. Tammany Parish",5,78,1730,797,933
050,22,103,"Louisiana","St. Tammany Parish",5,79,1677,792,885
050,22,103,"Louisiana","St. Tammany Parish",5,80,1665,739,926
050,22,103,"Louisiana","St. Tammany Parish",5,81,1293,568,725
050,22,103,"Louisiana","St. Tammany Parish",5,82,1088,493,595
050,22,103,"Louisiana","St. Tammany Parish",5,83,978,430,548
050,22,103,"Louisiana","St. Tammany Parish",5,84,857,365,492
050,22,103,"Louisiana","St. Tammany Parish",5,85,4408,1634,2774
050,22,105,"Louisiana","Tangipahoa Parish",1,0,1789,907,882
050,22,105,"Louisiana","Tangipahoa Parish",1,1,1800,905,895
050,22,105,"Louisiana","Tangipahoa Parish",1,2,1853,938,915
050,22,105,"Louisiana","Tangipahoa Parish",1,3,1890,944,946
050,22,105,"Louisiana","Tangipahoa Parish",1,4,1895,924,971
050,22,105,"Louisiana","Tangipahoa Parish",1,5,1868,914,954
050,22,105,"Louisiana","Tangipahoa Parish",1,6,1886,940,946
050,22,105,"Louisiana","Tangipahoa Parish",1,7,1832,923,909
050,22,105,"Louisiana","Tangipahoa Parish",1,8,1793,934,859
050,22,105,"Louisiana","Tangipahoa Parish",1,9,1765,922,843
050,22,105,"Louisiana","Tangipahoa Parish",1,10,1744,907,837
050,22,105,"Louisiana","Tangipahoa Parish",1,11,1846,956,890
050,22,105,"Louisiana","Tangipahoa Parish",1,12,1915,981,934
050,22,105,"Louisiana","Tangipahoa Parish",1,13,1900,1004,896
050,22,105,"Louisiana","Tangipahoa Parish",1,14,1772,910,862
050,22,105,"Louisiana","Tangipahoa Parish",1,15,1825,930,895
050,22,105,"Louisiana","Tangipahoa Parish",1,16,1701,899,802
050,22,105,"Louisiana","Tangipahoa Parish",1,17,1614,849,765
050,22,105,"Louisiana","Tangipahoa Parish",1,18,2013,955,1058
050,22,105,"Louisiana","Tangipahoa Parish",1,19,2178,1013,1165
050,22,105,"Louisiana","Tangipahoa Parish",1,20,1876,902,974
050,22,105,"Louisiana","Tangipahoa Parish",1,21,1747,852,895
050,22,105,"Louisiana","Tangipahoa Parish",1,22,1725,850,875
050,22,105,"Louisiana","Tangipahoa Parish",1,23,1752,863,889
050,22,105,"Louisiana","Tangipahoa Parish",1,24,1826,918,908
050,22,105,"Louisiana","Tangipahoa Parish",1,25,1871,970,901
050,22,105,"Louisiana","Tangipahoa Parish",1,26,1878,959,919
050,22,105,"Louisiana","Tangipahoa Parish",1,27,1925,961,964
050,22,105,"Louisiana","Tangipahoa Parish",1,28,2014,976,1038
050,22,105,"Louisiana","Tangipahoa Parish",1,29,2148,1023,1125
050,22,105,"Louisiana","Tangipahoa Parish",1,30,2089,996,1093
050,22,105,"Louisiana","Tangipahoa Parish",1,31,1941,944,997
050,22,105,"Louisiana","Tangipahoa Parish",1,32,1854,955,899
050,22,105,"Louisiana","Tangipahoa Parish",1,33,1886,966,920
050,22,105,"Louisiana","Tangipahoa Parish",1,34,1795,919,876
050,22,105,"Louisiana","Tangipahoa Parish",1,35,1693,818,875
050,22,105,"Louisiana","Tangipahoa Parish",1,36,1733,857,876
050,22,105,"Louisiana","Tangipahoa Parish",1,37,1788,905,883
050,22,105,"Louisiana","Tangipahoa Parish",1,38,1805,912,893
050,22,105,"Louisiana","Tangipahoa Parish",1,39,1829,907,922
050,22,105,"Louisiana","Tangipahoa Parish",1,40,1744,852,892
050,22,105,"Louisiana","Tangipahoa Parish",1,41,1695,877,818
050,22,105,"Louisiana","Tangipahoa Parish",1,42,1643,835,808
050,22,105,"Louisiana","Tangipahoa Parish",1,43,1619,798,821
050,22,105,"Louisiana","Tangipahoa Parish",1,44,1530,748,782
050,22,105,"Louisiana","Tangipahoa Parish",1,45,1455,717,738
050,22,105,"Louisiana","Tangipahoa Parish",1,46,1376,699,677
050,22,105,"Louisiana","Tangipahoa Parish",1,47,1415,696,719
050,22,105,"Louisiana","Tangipahoa Parish",1,48,1506,733,773
050,22,105,"Louisiana","Tangipahoa Parish",1,49,1574,750,824
050,22,105,"Louisiana","Tangipahoa Parish",1,50,1556,778,778
050,22,105,"Louisiana","Tangipahoa Parish",1,51,1519,753,766
050,22,105,"Louisiana","Tangipahoa Parish",1,52,1482,702,780
050,22,105,"Louisiana","Tangipahoa Parish",1,53,1537,743,794
050,22,105,"Louisiana","Tangipahoa Parish",1,54,1591,752,839
050,22,105,"Louisiana","Tangipahoa Parish",1,55,1657,763,894
050,22,105,"Louisiana","Tangipahoa Parish",1,56,1661,809,852
050,22,105,"Louisiana","Tangipahoa Parish",1,57,1643,810,833
050,22,105,"Louisiana","Tangipahoa Parish",1,58,1642,802,840
050,22,105,"Louisiana","Tangipahoa Parish",1,59,1666,798,868
050,22,105,"Louisiana","Tangipahoa Parish",1,60,1651,784,867
050,22,105,"Louisiana","Tangipahoa Parish",1,61,1643,802,841
050,22,105,"Louisiana","Tangipahoa Parish",1,62,1652,768,884
050,22,105,"Louisiana","Tangipahoa Parish",1,63,1633,775,858
050,22,105,"Louisiana","Tangipahoa Parish",1,64,1575,752,823
050,22,105,"Louisiana","Tangipahoa Parish",1,65,1556,742,814
050,22,105,"Louisiana","Tangipahoa Parish",1,66,1498,705,793
050,22,105,"Louisiana","Tangipahoa Parish",1,67,1381,653,728
050,22,105,"Louisiana","Tangipahoa Parish",1,68,1341,633,708
050,22,105,"Louisiana","Tangipahoa Parish",1,69,1247,572,675
050,22,105,"Louisiana","Tangipahoa Parish",1,70,1198,531,667
050,22,105,"Louisiana","Tangipahoa Parish",1,71,1165,541,624
050,22,105,"Louisiana","Tangipahoa Parish",1,72,1165,568,597
050,22,105,"Louisiana","Tangipahoa Parish",1,73,1155,559,596
050,22,105,"Louisiana","Tangipahoa Parish",1,74,775,346,429
050,22,105,"Louisiana","Tangipahoa Parish",1,75,810,388,422
050,22,105,"Louisiana","Tangipahoa Parish",1,76,740,369,371
050,22,105,"Louisiana","Tangipahoa Parish",1,77,705,321,384
050,22,105,"Louisiana","Tangipahoa Parish",1,78,583,256,327
050,22,105,"Louisiana","Tangipahoa Parish",1,79,534,226,308
050,22,105,"Louisiana","Tangipahoa Parish",1,80,472,208,264
050,22,105,"Louisiana","Tangipahoa Parish",1,81,421,175,246
050,22,105,"Louisiana","Tangipahoa Parish",1,82,380,149,231
050,22,105,"Louisiana","Tangipahoa Parish",1,83,367,137,230
050,22,105,"Louisiana","Tangipahoa Parish",1,84,338,127,211
050,22,105,"Louisiana","Tangipahoa Parish",1,85,1612,561,1051
050,22,105,"Louisiana","Tangipahoa Parish",2,0,1797,930,867
050,22,105,"Louisiana","Tangipahoa Parish",2,1,1798,906,892
050,22,105,"Louisiana","Tangipahoa Parish",2,2,1853,938,915
050,22,105,"Louisiana","Tangipahoa Parish",2,3,1876,941,935
050,22,105,"Louisiana","Tangipahoa Parish",2,4,1889,924,965
050,22,105,"Louisiana","Tangipahoa Parish",2,5,1873,914,959
050,22,105,"Louisiana","Tangipahoa Parish",2,6,1891,942,949
050,22,105,"Louisiana","Tangipahoa Parish",2,7,1846,931,915
050,22,105,"Louisiana","Tangipahoa Parish",2,8,1800,931,869
050,22,105,"Louisiana","Tangipahoa Parish",2,9,1775,927,848
050,22,105,"Louisiana","Tangipahoa Parish",2,10,1750,910,840
050,22,105,"Louisiana","Tangipahoa Parish",2,11,1820,943,877
050,22,105,"Louisiana","Tangipahoa Parish",2,12,1908,981,927
050,22,105,"Louisiana","Tangipahoa Parish",2,13,1902,998,904
050,22,105,"Louisiana","Tangipahoa Parish",2,14,1814,937,877
050,22,105,"Louisiana","Tangipahoa Parish",2,15,1821,933,888
050,22,105,"Louisiana","Tangipahoa Parish",2,16,1741,911,830
050,22,105,"Louisiana","Tangipahoa Parish",2,17,1645,866,779
050,22,105,"Louisiana","Tangipahoa Parish",2,18,1994,942,1052
050,22,105,"Louisiana","Tangipahoa Parish",2,19,2172,1010,1162
050,22,105,"Louisiana","Tangipahoa Parish",2,20,1915,925,990
050,22,105,"Louisiana","Tangipahoa Parish",2,21,1754,860,894
050,22,105,"Louisiana","Tangipahoa Parish",2,22,1731,848,883
050,22,105,"Louisiana","Tangipahoa Parish",2,23,1758,866,892
050,22,105,"Louisiana","Tangipahoa Parish",2,24,1810,910,900
050,22,105,"Louisiana","Tangipahoa Parish",2,25,1877,970,907
050,22,105,"Louisiana","Tangipahoa Parish",2,26,1890,968,922
050,22,105,"Louisiana","Tangipahoa Parish",2,27,1916,963,953
050,22,105,"Louisiana","Tangipahoa Parish",2,28,1994,978,1016
050,22,105,"Louisiana","Tangipahoa Parish",2,29,2114,1004,1110
050,22,105,"Louisiana","Tangipahoa Parish",2,30,2109,1000,1109
050,22,105,"Louisiana","Tangipahoa Parish",2,31,1969,955,1014
050,22,105,"Louisiana","Tangipahoa Parish",2,32,1872,946,926
050,22,105,"Louisiana","Tangipahoa Parish",2,33,1872,963,909
050,22,105,"Louisiana","Tangipahoa Parish",2,34,1819,935,884
050,22,105,"Louisiana","Tangipahoa Parish",2,35,1729,846,883
050,22,105,"Louisiana","Tangipahoa Parish",2,36,1718,843,875
050,22,105,"Louisiana","Tangipahoa Parish",2,37,1780,897,883
050,22,105,"Louisiana","Tangipahoa Parish",2,38,1820,919,901
050,22,105,"Louisiana","Tangipahoa Parish",2,39,1823,909,914
050,22,105,"Louisiana","Tangipahoa Parish",2,40,1779,870,909
050,22,105,"Louisiana","Tangipahoa Parish",2,41,1705,870,835
050,22,105,"Louisiana","Tangipahoa Parish",2,42,1651,844,807
050,22,105,"Louisiana","Tangipahoa Parish",2,43,1651,819,832
050,22,105,"Louisiana","Tangipahoa Parish",2,44,1540,752,788
050,22,105,"Louisiana","Tangipahoa Parish",2,45,1485,730,755
050,22,105,"Louisiana","Tangipahoa Parish",2,46,1394,700,694
050,22,105,"Louisiana","Tangipahoa Parish",2,47,1404,695,709
050,22,105,"Louisiana","Tangipahoa Parish",2,48,1489,726,763
050,22,105,"Louisiana","Tangipahoa Parish",2,49,1577,756,821
050,22,105,"Louisiana","Tangipahoa Parish",2,50,1566,774,792
050,22,105,"Louisiana","Tangipahoa Parish",2,51,1522,755,767
050,22,105,"Louisiana","Tangipahoa Parish",2,52,1487,711,776
050,22,105,"Louisiana","Tangipahoa Parish",2,53,1524,733,791
050,22,105,"Louisiana","Tangipahoa Parish",2,54,1581,749,832
050,22,105,"Louisiana","Tangipahoa Parish",2,55,1644,758,886
050,22,105,"Louisiana","Tangipahoa Parish",2,56,1676,809,867
050,22,105,"Louisiana","Tangipahoa Parish",2,57,1649,808,841
050,22,105,"Louisiana","Tangipahoa Parish",2,58,1642,804,838
050,22,105,"Louisiana","Tangipahoa Parish",2,59,1662,795,867
050,22,105,"Louisiana","Tangipahoa Parish",2,60,1652,785,867
050,22,105,"Louisiana","Tangipahoa Parish",2,61,1642,800,842
050,22,105,"Louisiana","Tangipahoa Parish",2,62,1641,771,870
050,22,105,"Louisiana","Tangipahoa Parish",2,63,1649,779,870
050,22,105,"Louisiana","Tangipahoa Parish",2,64,1581,754,827
050,22,105,"Louisiana","Tangipahoa Parish",2,65,1559,745,814
050,22,105,"Louisiana","Tangipahoa Parish",2,66,1513,717,796
050,22,105,"Louisiana","Tangipahoa Parish",2,67,1410,668,742
050,22,105,"Louisiana","Tangipahoa Parish",2,68,1339,633,706
050,22,105,"Louisiana","Tangipahoa Parish",2,69,1271,585,686
050,22,105,"Louisiana","Tangipahoa Parish",2,70,1206,544,662
050,22,105,"Louisiana","Tangipahoa Parish",2,71,1169,537,632
050,22,105,"Louisiana","Tangipahoa Parish",2,72,1146,552,594
050,22,105,"Louisiana","Tangipahoa Parish",2,73,1203,585,618
050,22,105,"Louisiana","Tangipahoa Parish",2,74,812,372,440
050,22,105,"Louisiana","Tangipahoa Parish",2,75,801,375,426
050,22,105,"Louisiana","Tangipahoa Parish",2,76,746,368,378
050,22,105,"Louisiana","Tangipahoa Parish",2,77,722,338,384
050,22,105,"Louisiana","Tangipahoa Parish",2,78,584,260,324
050,22,105,"Louisiana","Tangipahoa Parish",2,79,536,225,311
050,22,105,"Louisiana","Tangipahoa Parish",2,80,478,207,271
050,22,105,"Louisiana","Tangipahoa Parish",2,81,428,180,248
050,22,105,"Louisiana","Tangipahoa Parish",2,82,382,150,232
050,22,105,"Louisiana","Tangipahoa Parish",2,83,364,138,226
050,22,105,"Louisiana","Tangipahoa Parish",2,84,338,126,212
050,22,105,"Louisiana","Tangipahoa Parish",2,85,1619,564,1055
050,22,105,"Louisiana","Tangipahoa Parish",3,0,1983,1013,970
050,22,105,"Louisiana","Tangipahoa Parish",3,1,1813,915,898
050,22,105,"Louisiana","Tangipahoa Parish",3,2,1788,898,890
050,22,105,"Louisiana","Tangipahoa Parish",3,3,1872,961,911
050,22,105,"Louisiana","Tangipahoa Parish",3,4,1874,935,939
050,22,105,"Louisiana","Tangipahoa Parish",3,5,1927,934,993
050,22,105,"Louisiana","Tangipahoa Parish",3,6,1901,933,968
050,22,105,"Louisiana","Tangipahoa Parish",3,7,1884,949,935
050,22,105,"Louisiana","Tangipahoa Parish",3,8,1826,914,912
050,22,105,"Louisiana","Tangipahoa Parish",3,9,1811,936,875
050,22,105,"Louisiana","Tangipahoa Parish",3,10,1778,912,866
050,22,105,"Louisiana","Tangipahoa Parish",3,11,1747,913,834
050,22,105,"Louisiana","Tangipahoa Parish",3,12,1849,949,900
050,22,105,"Louisiana","Tangipahoa Parish",3,13,1899,972,927
050,22,105,"Louisiana","Tangipahoa Parish",3,14,1956,1043,913
050,22,105,"Louisiana","Tangipahoa Parish",3,15,1852,975,877
050,22,105,"Louisiana","Tangipahoa Parish",3,16,1824,938,886
050,22,105,"Louisiana","Tangipahoa Parish",3,17,1727,898,829
050,22,105,"Louisiana","Tangipahoa Parish",3,18,1986,929,1057
050,22,105,"Louisiana","Tangipahoa Parish",3,19,2152,985,1167
050,22,105,"Louisiana","Tangipahoa Parish",3,20,1961,955,1006
050,22,105,"Louisiana","Tangipahoa Parish",3,21,1863,935,928
050,22,105,"Louisiana","Tangipahoa Parish",3,22,1732,829,903
050,22,105,"Louisiana","Tangipahoa Parish",3,23,1797,870,927
050,22,105,"Louisiana","Tangipahoa Parish",3,24,1849,916,933
050,22,105,"Louisiana","Tangipahoa Parish",3,25,1809,936,873
050,22,105,"Louisiana","Tangipahoa Parish",3,26,1881,960,921
050,22,105,"Louisiana","Tangipahoa Parish",3,27,1923,984,939
050,22,105,"Louisiana","Tangipahoa Parish",3,28,1957,993,964
050,22,105,"Louisiana","Tangipahoa Parish",3,29,2020,985,1035
050,22,105,"Louisiana","Tangipahoa Parish",3,30,2086,973,1113
050,22,105,"Louisiana","Tangipahoa Parish",3,31,2141,1035,1106
050,22,105,"Louisiana","Tangipahoa Parish",3,32,1965,947,1018
050,22,105,"Louisiana","Tangipahoa Parish",3,33,1850,940,910
050,22,105,"Louisiana","Tangipahoa Parish",3,34,1888,971,917
050,22,105,"Louisiana","Tangipahoa Parish",3,35,1810,925,885
050,22,105,"Louisiana","Tangipahoa Parish",3,36,1753,858,895
050,22,105,"Louisiana","Tangipahoa Parish",3,37,1759,866,893
050,22,105,"Louisiana","Tangipahoa Parish",3,38,1787,894,893
050,22,105,"Louisiana","Tangipahoa Parish",3,39,1846,943,903
050,22,105,"Louisiana","Tangipahoa Parish",3,40,1812,887,925
050,22,105,"Louisiana","Tangipahoa Parish",3,41,1764,854,910
050,22,105,"Louisiana","Tangipahoa Parish",3,42,1759,898,861
050,22,105,"Louisiana","Tangipahoa Parish",3,43,1665,851,814
050,22,105,"Louisiana","Tangipahoa Parish",3,44,1628,807,821
050,22,105,"Louisiana","Tangipahoa Parish",3,45,1537,745,792
050,22,105,"Louisiana","Tangipahoa Parish",3,46,1509,738,771
050,22,105,"Louisiana","Tangipahoa Parish",3,47,1441,698,743
050,22,105,"Louisiana","Tangipahoa Parish",3,48,1412,698,714
050,22,105,"Louisiana","Tangipahoa Parish",3,49,1503,747,756
050,22,105,"Louisiana","Tangipahoa Parish",3,50,1596,752,844
050,22,105,"Louisiana","Tangipahoa Parish",3,51,1564,764,800
050,22,105,"Louisiana","Tangipahoa Parish",3,52,1536,770,766
050,22,105,"Louisiana","Tangipahoa Parish",3,53,1497,720,777
050,22,105,"Louisiana","Tangipahoa Parish",3,54,1534,740,794
050,22,105,"Louisiana","Tangipahoa Parish",3,55,1573,725,848
050,22,105,"Louisiana","Tangipahoa Parish",3,56,1630,768,862
050,22,105,"Louisiana","Tangipahoa Parish",3,57,1656,788,868
050,22,105,"Louisiana","Tangipahoa Parish",3,58,1665,817,848
050,22,105,"Louisiana","Tangipahoa Parish",3,59,1624,801,823
050,22,105,"Louisiana","Tangipahoa Parish",3,60,1668,799,869
050,22,105,"Louisiana","Tangipahoa Parish",3,61,1670,803,867
050,22,105,"Louisiana","Tangipahoa Parish",3,62,1600,756,844
050,22,105,"Louisiana","Tangipahoa Parish",3,63,1631,753,878
050,22,105,"Louisiana","Tangipahoa Parish",3,64,1620,763,857
050,22,105,"Louisiana","Tangipahoa Parish",3,65,1541,732,809
050,22,105,"Louisiana","Tangipahoa Parish",3,66,1536,730,806
050,22,105,"Louisiana","Tangipahoa Parish",3,67,1501,705,796
050,22,105,"Louisiana","Tangipahoa Parish",3,68,1400,667,733
050,22,105,"Louisiana","Tangipahoa Parish",3,69,1299,601,698
050,22,105,"Louisiana","Tangipahoa Parish",3,70,1252,580,672
050,22,105,"Louisiana","Tangipahoa Parish",3,71,1174,520,654
050,22,105,"Louisiana","Tangipahoa Parish",3,72,1142,524,618
050,22,105,"Louisiana","Tangipahoa Parish",3,73,1116,531,585
050,22,105,"Louisiana","Tangipahoa Parish",3,74,1162,566,596
050,22,105,"Louisiana","Tangipahoa Parish",3,75,771,348,423
050,22,105,"Louisiana","Tangipahoa Parish",3,76,763,357,406
050,22,105,"Louisiana","Tangipahoa Parish",3,77,716,347,369
050,22,105,"Louisiana","Tangipahoa Parish",3,78,692,318,374
050,22,105,"Louisiana","Tangipahoa Parish",3,79,542,230,312
050,22,105,"Louisiana","Tangipahoa Parish",3,80,486,190,296
050,22,105,"Louisiana","Tangipahoa Parish",3,81,477,204,273
050,22,105,"Louisiana","Tangipahoa Parish",3,82,390,167,223
050,22,105,"Louisiana","Tangipahoa Parish",3,83,358,134,224
050,22,105,"Louisiana","Tangipahoa Parish",3,84,318,111,207
050,22,105,"Louisiana","Tangipahoa Parish",3,85,1632,577,1055
050,22,105,"Louisiana","Tangipahoa Parish",4,0,1943,1016,927
050,22,105,"Louisiana","Tangipahoa Parish",4,1,1939,1000,939
050,22,105,"Louisiana","Tangipahoa Parish",4,2,1830,926,904
050,22,105,"Louisiana","Tangipahoa Parish",4,3,1815,922,893
050,22,105,"Louisiana","Tangipahoa Parish",4,4,1881,957,924
050,22,105,"Louisiana","Tangipahoa Parish",4,5,1862,912,950
050,22,105,"Louisiana","Tangipahoa Parish",4,6,1933,946,987
050,22,105,"Louisiana","Tangipahoa Parish",4,7,1877,923,954
050,22,105,"Louisiana","Tangipahoa Parish",4,8,1906,976,930
050,22,105,"Louisiana","Tangipahoa Parish",4,9,1842,924,918
050,22,105,"Louisiana","Tangipahoa Parish",4,10,1805,934,871
050,22,105,"Louisiana","Tangipahoa Parish",4,11,1802,913,889
050,22,105,"Louisiana","Tangipahoa Parish",4,12,1758,919,839
050,22,105,"Louisiana","Tangipahoa Parish",4,13,1859,959,900
050,22,105,"Louisiana","Tangipahoa Parish",4,14,1943,998,945
050,22,105,"Louisiana","Tangipahoa Parish",4,15,1984,1061,923
050,22,105,"Louisiana","Tangipahoa Parish",4,16,1858,973,885
050,22,105,"Louisiana","Tangipahoa Parish",4,17,1826,934,892
050,22,105,"Louisiana","Tangipahoa Parish",4,18,2028,951,1077
050,22,105,"Louisiana","Tangipahoa Parish",4,19,2114,969,1145
050,22,105,"Louisiana","Tangipahoa Parish",4,20,1928,925,1003
050,22,105,"Louisiana","Tangipahoa Parish",4,21,1855,936,919
050,22,105,"Louisiana","Tangipahoa Parish",4,22,1852,913,939
050,22,105,"Louisiana","Tangipahoa Parish",4,23,1758,848,910
050,22,105,"Louisiana","Tangipahoa Parish",4,24,1825,881,944
050,22,105,"Louisiana","Tangipahoa Parish",4,25,1889,935,954
050,22,105,"Louisiana","Tangipahoa Parish",4,26,1832,934,898
050,22,105,"Louisiana","Tangipahoa Parish",4,27,1909,971,938
050,22,105,"Louisiana","Tangipahoa Parish",4,28,1959,991,968
050,22,105,"Louisiana","Tangipahoa Parish",4,29,1950,1008,942
050,22,105,"Louisiana","Tangipahoa Parish",4,30,1982,953,1029
050,22,105,"Louisiana","Tangipahoa Parish",4,31,2101,982,1119
050,22,105,"Louisiana","Tangipahoa Parish",4,32,2137,1015,1122
050,22,105,"Louisiana","Tangipahoa Parish",4,33,1944,912,1032
050,22,105,"Louisiana","Tangipahoa Parish",4,34,1899,978,921
050,22,105,"Louisiana","Tangipahoa Parish",4,35,1870,960,910
050,22,105,"Louisiana","Tangipahoa Parish",4,36,1788,904,884
050,22,105,"Louisiana","Tangipahoa Parish",4,37,1801,893,908
050,22,105,"Louisiana","Tangipahoa Parish",4,38,1767,854,913
050,22,105,"Louisiana","Tangipahoa Parish",4,39,1790,892,898
050,22,105,"Louisiana","Tangipahoa Parish",4,40,1843,931,912
050,22,105,"Louisiana","Tangipahoa Parish",4,41,1823,895,928
050,22,105,"Louisiana","Tangipahoa Parish",4,42,1794,869,925
050,22,105,"Louisiana","Tangipahoa Parish",4,43,1757,903,854
050,22,105,"Louisiana","Tangipahoa Parish",4,44,1641,824,817
050,22,105,"Louisiana","Tangipahoa Parish",4,45,1624,796,828
050,22,105,"Louisiana","Tangipahoa Parish",4,46,1521,725,796
050,22,105,"Louisiana","Tangipahoa Parish",4,47,1505,735,770
050,22,105,"Louisiana","Tangipahoa Parish",4,48,1425,678,747
050,22,105,"Louisiana","Tangipahoa Parish",4,49,1401,693,708
050,22,105,"Louisiana","Tangipahoa Parish",4,50,1527,768,759
050,22,105,"Louisiana","Tangipahoa Parish",4,51,1599,751,848
050,22,105,"Louisiana","Tangipahoa Parish",4,52,1567,763,804
050,22,105,"Louisiana","Tangipahoa Parish",4,53,1537,759,778
050,22,105,"Louisiana","Tangipahoa Parish",4,54,1527,736,791
050,22,105,"Louisiana","Tangipahoa Parish",4,55,1532,729,803
050,22,105,"Louisiana","Tangipahoa Parish",4,56,1590,738,852
050,22,105,"Louisiana","Tangipahoa Parish",4,57,1637,757,880
050,22,105,"Louisiana","Tangipahoa Parish",4,58,1680,798,882
050,22,105,"Louisiana","Tangipahoa Parish",4,59,1656,811,845
050,22,105,"Louisiana","Tangipahoa Parish",4,60,1602,803,799
050,22,105,"Louisiana","Tangipahoa Parish",4,61,1666,795,871
050,22,105,"Louisiana","Tangipahoa Parish",4,62,1641,768,873
050,22,105,"Louisiana","Tangipahoa Parish",4,63,1604,755,849
050,22,105,"Louisiana","Tangipahoa Parish",4,64,1622,743,879
050,22,105,"Louisiana","Tangipahoa Parish",4,65,1604,761,843
050,22,105,"Louisiana","Tangipahoa Parish",4,66,1532,726,806
050,22,105,"Louisiana","Tangipahoa Parish",4,67,1508,710,798
050,22,105,"Louisiana","Tangipahoa Parish",4,68,1482,694,788
050,22,105,"Louisiana","Tangipahoa Parish",4,69,1354,621,733
050,22,105,"Louisiana","Tangipahoa Parish",4,70,1286,599,687
050,22,105,"Louisiana","Tangipahoa Parish",4,71,1205,553,652
050,22,105,"Louisiana","Tangipahoa Parish",4,72,1136,501,635
050,22,105,"Louisiana","Tangipahoa Parish",4,73,1108,508,600
050,22,105,"Louisiana","Tangipahoa Parish",4,74,1081,507,574
050,22,105,"Louisiana","Tangipahoa Parish",4,75,1109,536,573
050,22,105,"Louisiana","Tangipahoa Parish",4,76,735,332,403
050,22,105,"Louisiana","Tangipahoa Parish",4,77,711,332,379
050,22,105,"Louisiana","Tangipahoa Parish",4,78,675,320,355
050,22,105,"Louisiana","Tangipahoa Parish",4,79,665,299,366
050,22,105,"Louisiana","Tangipahoa Parish",4,80,500,204,296
050,22,105,"Louisiana","Tangipahoa Parish",4,81,453,174,279
050,22,105,"Louisiana","Tangipahoa Parish",4,82,431,183,248
050,22,105,"Louisiana","Tangipahoa Parish",4,83,361,147,214
050,22,105,"Louisiana","Tangipahoa Parish",4,84,307,112,195
050,22,105,"Louisiana","Tangipahoa Parish",4,85,1594,579,1015
050,22,105,"Louisiana","Tangipahoa Parish",5,0,1954,1021,933
050,22,105,"Louisiana","Tangipahoa Parish",5,1,1905,1002,903
050,22,105,"Louisiana","Tangipahoa Parish",5,2,1934,988,946
050,22,105,"Louisiana","Tangipahoa Parish",5,3,1842,933,909
050,22,105,"Louisiana","Tangipahoa Parish",5,4,1826,938,888
050,22,105,"Louisiana","Tangipahoa Parish",5,5,1895,958,937
050,22,105,"Louisiana","Tangipahoa Parish",5,6,1864,908,956
050,22,105,"Louisiana","Tangipahoa Parish",5,7,1901,944,957
050,22,105,"Louisiana","Tangipahoa Parish",5,8,1876,921,955
050,22,105,"Louisiana","Tangipahoa Parish",5,9,1886,964,922
050,22,105,"Louisiana","Tangipahoa Parish",5,10,1849,928,921
050,22,105,"Louisiana","Tangipahoa Parish",5,11,1827,929,898
050,22,105,"Louisiana","Tangipahoa Parish",5,12,1808,921,887
050,22,105,"Louisiana","Tangipahoa Parish",5,13,1784,938,846
050,22,105,"Louisiana","Tangipahoa Parish",5,14,1861,963,898
050,22,105,"Louisiana","Tangipahoa Parish",5,15,1961,999,962
050,22,105,"Louisiana","Tangipahoa Parish",5,16,2000,1081,919
050,22,105,"Louisiana","Tangipahoa Parish",5,17,1858,965,893
050,22,105,"Louisiana","Tangipahoa Parish",5,18,2069,963,1106
050,22,105,"Louisiana","Tangipahoa Parish",5,19,2156,1016,1140
050,22,105,"Louisiana","Tangipahoa Parish",5,20,1850,889,961
050,22,105,"Louisiana","Tangipahoa Parish",5,21,1774,857,917
050,22,105,"Louisiana","Tangipahoa Parish",5,22,1862,918,944
050,22,105,"Louisiana","Tangipahoa Parish",5,23,1884,935,949
050,22,105,"Louisiana","Tangipahoa Parish",5,24,1803,885,918
050,22,105,"Louisiana","Tangipahoa Parish",5,25,1877,926,951
050,22,105,"Louisiana","Tangipahoa Parish",5,26,1891,933,958
050,22,105,"Louisiana","Tangipahoa Parish",5,27,1874,957,917
050,22,105,"Louisiana","Tangipahoa Parish",5,28,1906,960,946
050,22,105,"Louisiana","Tangipahoa Parish",5,29,1956,978,978
050,22,105,"Louisiana","Tangipahoa Parish",5,30,1940,985,955
050,22,105,"Louisiana","Tangipahoa Parish",5,31,2007,957,1050
050,22,105,"Louisiana","Tangipahoa Parish",5,32,2121,990,1131
050,22,105,"Louisiana","Tangipahoa Parish",5,33,2110,995,1115
050,22,105,"Louisiana","Tangipahoa Parish",5,34,1967,933,1034
050,22,105,"Louisiana","Tangipahoa Parish",5,35,1887,948,939
050,22,105,"Louisiana","Tangipahoa Parish",5,36,1856,950,906
050,22,105,"Louisiana","Tangipahoa Parish",5,37,1794,911,883
050,22,105,"Louisiana","Tangipahoa Parish",5,38,1799,867,932
050,22,105,"Louisiana","Tangipahoa Parish",5,39,1786,870,916
050,22,105,"Louisiana","Tangipahoa Parish",5,40,1809,890,919
050,22,105,"Louisiana","Tangipahoa Parish",5,41,1847,924,923
050,22,105,"Louisiana","Tangipahoa Parish",5,42,1838,898,940
050,22,105,"Louisiana","Tangipahoa Parish",5,43,1826,888,938
050,22,105,"Louisiana","Tangipahoa Parish",5,44,1735,887,848
050,22,105,"Louisiana","Tangipahoa Parish",5,45,1636,818,818
050,22,105,"Louisiana","Tangipahoa Parish",5,46,1631,782,849
050,22,105,"Louisiana","Tangipahoa Parish",5,47,1516,713,803
050,22,105,"Louisiana","Tangipahoa Parish",5,48,1498,718,780
050,22,105,"Louisiana","Tangipahoa Parish",5,49,1436,684,752
050,22,105,"Louisiana","Tangipahoa Parish",5,50,1417,698,719
050,22,105,"Louisiana","Tangipahoa Parish",5,51,1515,764,751
050,22,105,"Louisiana","Tangipahoa Parish",5,52,1611,752,859
050,22,105,"Louisiana","Tangipahoa Parish",5,53,1563,752,811
050,22,105,"Louisiana","Tangipahoa Parish",5,54,1557,774,783
050,22,105,"Louisiana","Tangipahoa Parish",5,55,1514,718,796
050,22,105,"Louisiana","Tangipahoa Parish",5,56,1538,736,802
050,22,105,"Louisiana","Tangipahoa Parish",5,57,1583,732,851
050,22,105,"Louisiana","Tangipahoa Parish",5,58,1636,755,881
050,22,105,"Louisiana","Tangipahoa Parish",5,59,1674,795,879
050,22,105,"Louisiana","Tangipahoa Parish",5,60,1653,815,838
050,22,105,"Louisiana","Tangipahoa Parish",5,61,1598,805,793
050,22,105,"Louisiana","Tangipahoa Parish",5,62,1625,763,862
050,22,105,"Louisiana","Tangipahoa Parish",5,63,1646,751,895
050,22,105,"Louisiana","Tangipahoa Parish",5,64,1586,743,843
050,22,105,"Louisiana","Tangipahoa Parish",5,65,1611,730,881
050,22,105,"Louisiana","Tangipahoa Parish",5,66,1581,752,829
050,22,105,"Louisiana","Tangipahoa Parish",5,67,1524,722,802
050,22,105,"Louisiana","Tangipahoa Parish",5,68,1498,705,793
050,22,105,"Louisiana","Tangipahoa Parish",5,69,1464,676,788
050,22,105,"Louisiana","Tangipahoa Parish",5,70,1332,613,719
050,22,105,"Louisiana","Tangipahoa Parish",5,71,1265,581,684
050,22,105,"Louisiana","Tangipahoa Parish",5,72,1188,545,643
050,22,105,"Louisiana","Tangipahoa Parish",5,73,1113,497,616
050,22,105,"Louisiana","Tangipahoa Parish",5,74,1087,489,598
050,22,105,"Louisiana","Tangipahoa Parish",5,75,1040,479,561
050,22,105,"Louisiana","Tangipahoa Parish",5,76,1053,512,541
050,22,105,"Louisiana","Tangipahoa Parish",5,77,694,311,383
050,22,105,"Louisiana","Tangipahoa Parish",5,78,668,314,354
050,22,105,"Louisiana","Tangipahoa Parish",5,79,630,286,344
050,22,105,"Louisiana","Tangipahoa Parish",5,80,620,275,345
050,22,105,"Louisiana","Tangipahoa Parish",5,81,479,196,283
050,22,105,"Louisiana","Tangipahoa Parish",5,82,416,154,262
050,22,105,"Louisiana","Tangipahoa Parish",5,83,401,165,236
050,22,105,"Louisiana","Tangipahoa Parish",5,84,314,126,188
050,22,105,"Louisiana","Tangipahoa Parish",5,85,1598,599,999
050,22,107,"Louisiana","Tensas Parish",1,0,40,20,20
050,22,107,"Louisiana","Tensas Parish",1,1,49,26,23
050,22,107,"Louisiana","Tensas Parish",1,2,40,20,20
050,22,107,"Louisiana","Tensas Parish",1,3,42,23,19
050,22,107,"Louisiana","Tensas Parish",1,4,48,30,18
050,22,107,"Louisiana","Tensas Parish",1,5,57,30,27
050,22,107,"Louisiana","Tensas Parish",1,6,55,27,28
050,22,107,"Louisiana","Tensas Parish",1,7,59,28,31
050,22,107,"Louisiana","Tensas Parish",1,8,59,29,30
050,22,107,"Louisiana","Tensas Parish",1,9,55,26,29
050,22,107,"Louisiana","Tensas Parish",1,10,46,27,19
050,22,107,"Louisiana","Tensas Parish",1,11,55,26,29
050,22,107,"Louisiana","Tensas Parish",1,12,48,26,22
050,22,107,"Louisiana","Tensas Parish",1,13,52,28,24
050,22,107,"Louisiana","Tensas Parish",1,14,47,27,20
050,22,107,"Louisiana","Tensas Parish",1,15,53,32,21
050,22,107,"Louisiana","Tensas Parish",1,16,67,35,32
050,22,107,"Louisiana","Tensas Parish",1,17,58,29,29
050,22,107,"Louisiana","Tensas Parish",1,18,45,27,18
050,22,107,"Louisiana","Tensas Parish",1,19,45,26,19
050,22,107,"Louisiana","Tensas Parish",1,20,43,23,20
050,22,107,"Louisiana","Tensas Parish",1,21,37,19,18
050,22,107,"Louisiana","Tensas Parish",1,22,41,21,20
050,22,107,"Louisiana","Tensas Parish",1,23,35,16,19
050,22,107,"Louisiana","Tensas Parish",1,24,41,19,22
050,22,107,"Louisiana","Tensas Parish",1,25,35,16,19
050,22,107,"Louisiana","Tensas Parish",1,26,38,14,24
050,22,107,"Louisiana","Tensas Parish",1,27,28,15,13
050,22,107,"Louisiana","Tensas Parish",1,28,33,20,13
050,22,107,"Louisiana","Tensas Parish",1,29,39,23,16
050,22,107,"Louisiana","Tensas Parish",1,30,35,18,17
050,22,107,"Louisiana","Tensas Parish",1,31,36,19,17
050,22,107,"Louisiana","Tensas Parish",1,32,33,17,16
050,22,107,"Louisiana","Tensas Parish",1,33,38,16,22
050,22,107,"Louisiana","Tensas Parish",1,34,34,11,23
050,22,107,"Louisiana","Tensas Parish",1,35,36,15,21
050,22,107,"Louisiana","Tensas Parish",1,36,39,16,23
050,22,107,"Louisiana","Tensas Parish",1,37,37,18,19
050,22,107,"Louisiana","Tensas Parish",1,38,38,18,20
050,22,107,"Louisiana","Tensas Parish",1,39,41,22,19
050,22,107,"Louisiana","Tensas Parish",1,40,41,19,22
050,22,107,"Louisiana","Tensas Parish",1,41,44,21,23
050,22,107,"Louisiana","Tensas Parish",1,42,39,17,22
050,22,107,"Louisiana","Tensas Parish",1,43,38,19,19
050,22,107,"Louisiana","Tensas Parish",1,44,37,15,22
050,22,107,"Louisiana","Tensas Parish",1,45,44,19,25
050,22,107,"Louisiana","Tensas Parish",1,46,39,17,22
050,22,107,"Louisiana","Tensas Parish",1,47,37,19,18
050,22,107,"Louisiana","Tensas Parish",1,48,39,24,15
050,22,107,"Louisiana","Tensas Parish",1,49,42,23,19
050,22,107,"Louisiana","Tensas Parish",1,50,52,29,23
050,22,107,"Louisiana","Tensas Parish",1,51,43,19,24
050,22,107,"Louisiana","Tensas Parish",1,52,33,20,13
050,22,107,"Louisiana","Tensas Parish",1,53,40,23,17
050,22,107,"Louisiana","Tensas Parish",1,54,58,24,34
050,22,107,"Louisiana","Tensas Parish",1,55,59,28,31
050,22,107,"Louisiana","Tensas Parish",1,56,71,34,37
050,22,107,"Louisiana","Tensas Parish",1,57,75,40,35
050,22,107,"Louisiana","Tensas Parish",1,58,73,35,38
050,22,107,"Louisiana","Tensas Parish",1,59,64,28,36
050,22,107,"Louisiana","Tensas Parish",1,60,67,36,31
050,22,107,"Louisiana","Tensas Parish",1,61,72,37,35
050,22,107,"Louisiana","Tensas Parish",1,62,70,38,32
050,22,107,"Louisiana","Tensas Parish",1,63,67,34,33
050,22,107,"Louisiana","Tensas Parish",1,64,65,32,33
050,22,107,"Louisiana","Tensas Parish",1,65,71,34,37
050,22,107,"Louisiana","Tensas Parish",1,66,74,34,40
050,22,107,"Louisiana","Tensas Parish",1,67,66,27,39
050,22,107,"Louisiana","Tensas Parish",1,68,70,31,39
050,22,107,"Louisiana","Tensas Parish",1,69,82,34,48
050,22,107,"Louisiana","Tensas Parish",1,70,61,28,33
050,22,107,"Louisiana","Tensas Parish",1,71,53,26,27
050,22,107,"Louisiana","Tensas Parish",1,72,57,27,30
050,22,107,"Louisiana","Tensas Parish",1,73,66,29,37
050,22,107,"Louisiana","Tensas Parish",1,74,46,22,24
050,22,107,"Louisiana","Tensas Parish",1,75,40,19,21
050,22,107,"Louisiana","Tensas Parish",1,76,50,24,26
050,22,107,"Louisiana","Tensas Parish",1,77,48,25,23
050,22,107,"Louisiana","Tensas Parish",1,78,35,17,18
050,22,107,"Louisiana","Tensas Parish",1,79,29,12,17
050,22,107,"Louisiana","Tensas Parish",1,80,35,15,20
050,22,107,"Louisiana","Tensas Parish",1,81,25,13,12
050,22,107,"Louisiana","Tensas Parish",1,82,17,8,9
050,22,107,"Louisiana","Tensas Parish",1,83,11,6,5
050,22,107,"Louisiana","Tensas Parish",1,84,19,7,12
050,22,107,"Louisiana","Tensas Parish",1,85,126,36,90
050,22,107,"Louisiana","Tensas Parish",2,0,42,19,23
050,22,107,"Louisiana","Tensas Parish",2,1,46,23,23
050,22,107,"Louisiana","Tensas Parish",2,2,41,21,20
050,22,107,"Louisiana","Tensas Parish",2,3,40,22,18
050,22,107,"Louisiana","Tensas Parish",2,4,45,27,18
050,22,107,"Louisiana","Tensas Parish",2,5,56,31,25
050,22,107,"Louisiana","Tensas Parish",2,6,56,28,28
050,22,107,"Louisiana","Tensas Parish",2,7,58,28,30
050,22,107,"Louisiana","Tensas Parish",2,8,59,29,30
050,22,107,"Louisiana","Tensas Parish",2,9,55,26,29
050,22,107,"Louisiana","Tensas Parish",2,10,47,26,21
050,22,107,"Louisiana","Tensas Parish",2,11,53,27,26
050,22,107,"Louisiana","Tensas Parish",2,12,51,27,24
050,22,107,"Louisiana","Tensas Parish",2,13,52,28,24
050,22,107,"Louisiana","Tensas Parish",2,14,46,27,19
050,22,107,"Louisiana","Tensas Parish",2,15,51,31,20
050,22,107,"Louisiana","Tensas Parish",2,16,63,34,29
050,22,107,"Louisiana","Tensas Parish",2,17,58,30,28
050,22,107,"Louisiana","Tensas Parish",2,18,46,27,19
050,22,107,"Louisiana","Tensas Parish",2,19,42,24,18
050,22,107,"Louisiana","Tensas Parish",2,20,45,25,20
050,22,107,"Louisiana","Tensas Parish",2,21,39,21,18
050,22,107,"Louisiana","Tensas Parish",2,22,39,20,19
050,22,107,"Louisiana","Tensas Parish",2,23,35,16,19
050,22,107,"Louisiana","Tensas Parish",2,24,38,17,21
050,22,107,"Louisiana","Tensas Parish",2,25,35,15,20
050,22,107,"Louisiana","Tensas Parish",2,26,35,14,21
050,22,107,"Louisiana","Tensas Parish",2,27,28,14,14
050,22,107,"Louisiana","Tensas Parish",2,28,32,18,14
050,22,107,"Louisiana","Tensas Parish",2,29,38,22,16
050,22,107,"Louisiana","Tensas Parish",2,30,36,19,17
050,22,107,"Louisiana","Tensas Parish",2,31,37,20,17
050,22,107,"Louisiana","Tensas Parish",2,32,34,17,17
050,22,107,"Louisiana","Tensas Parish",2,33,36,16,20
050,22,107,"Louisiana","Tensas Parish",2,34,33,11,22
050,22,107,"Louisiana","Tensas Parish",2,35,36,14,22
050,22,107,"Louisiana","Tensas Parish",2,36,37,15,22
050,22,107,"Louisiana","Tensas Parish",2,37,37,17,20
050,22,107,"Louisiana","Tensas Parish",2,38,36,17,19
050,22,107,"Louisiana","Tensas Parish",2,39,40,21,19
050,22,107,"Louisiana","Tensas Parish",2,40,42,21,21
050,22,107,"Louisiana","Tensas Parish",2,41,43,20,23
050,22,107,"Louisiana","Tensas Parish",2,42,40,18,22
050,22,107,"Louisiana","Tensas Parish",2,43,39,19,20
050,22,107,"Louisiana","Tensas Parish",2,44,36,15,21
050,22,107,"Louisiana","Tensas Parish",2,45,42,18,24
050,22,107,"Louisiana","Tensas Parish",2,46,40,18,22
050,22,107,"Louisiana","Tensas Parish",2,47,37,18,19
050,22,107,"Louisiana","Tensas Parish",2,48,40,23,17
050,22,107,"Louisiana","Tensas Parish",2,49,44,25,19
050,22,107,"Louisiana","Tensas Parish",2,50,49,27,22
050,22,107,"Louisiana","Tensas Parish",2,51,43,21,22
050,22,107,"Louisiana","Tensas Parish",2,52,36,20,16
050,22,107,"Louisiana","Tensas Parish",2,53,40,23,17
050,22,107,"Louisiana","Tensas Parish",2,54,54,24,30
050,22,107,"Louisiana","Tensas Parish",2,55,59,28,31
050,22,107,"Louisiana","Tensas Parish",2,56,67,31,36
050,22,107,"Louisiana","Tensas Parish",2,57,73,38,35
050,22,107,"Louisiana","Tensas Parish",2,58,72,36,36
050,22,107,"Louisiana","Tensas Parish",2,59,66,30,36
050,22,107,"Louisiana","Tensas Parish",2,60,65,34,31
050,22,107,"Louisiana","Tensas Parish",2,61,70,37,33
050,22,107,"Louisiana","Tensas Parish",2,62,70,38,32
050,22,107,"Louisiana","Tensas Parish",2,63,68,35,33
050,22,107,"Louisiana","Tensas Parish",2,64,65,32,33
050,22,107,"Louisiana","Tensas Parish",2,65,69,34,35
050,22,107,"Louisiana","Tensas Parish",2,66,73,34,39
050,22,107,"Louisiana","Tensas Parish",2,67,67,28,39
050,22,107,"Louisiana","Tensas Parish",2,68,68,30,38
050,22,107,"Louisiana","Tensas Parish",2,69,78,33,45
050,22,107,"Louisiana","Tensas Parish",2,70,67,30,37
050,22,107,"Louisiana","Tensas Parish",2,71,53,25,28
050,22,107,"Louisiana","Tensas Parish",2,72,54,26,28
050,22,107,"Louisiana","Tensas Parish",2,73,67,30,37
050,22,107,"Louisiana","Tensas Parish",2,74,47,22,25
050,22,107,"Louisiana","Tensas Parish",2,75,41,20,21
050,22,107,"Louisiana","Tensas Parish",2,76,47,22,25
050,22,107,"Louisiana","Tensas Parish",2,77,49,25,24
050,22,107,"Louisiana","Tensas Parish",2,78,38,19,19
050,22,107,"Louisiana","Tensas Parish",2,79,30,13,17
050,22,107,"Louisiana","Tensas Parish",2,80,30,12,18
050,22,107,"Louisiana","Tensas Parish",2,81,25,13,12
050,22,107,"Louisiana","Tensas Parish",2,82,19,9,10
050,22,107,"Louisiana","Tensas Parish",2,83,12,6,6
050,22,107,"Louisiana","Tensas Parish",2,84,15,5,10
050,22,107,"Louisiana","Tensas Parish",2,85,125,35,90
050,22,107,"Louisiana","Tensas Parish",3,0,40,20,20
050,22,107,"Louisiana","Tensas Parish",3,1,29,17,12
050,22,107,"Louisiana","Tensas Parish",3,2,45,24,21
050,22,107,"Louisiana","Tensas Parish",3,3,46,23,23
050,22,107,"Louisiana","Tensas Parish",3,4,39,20,19
050,22,107,"Louisiana","Tensas Parish",3,5,45,27,18
050,22,107,"Louisiana","Tensas Parish",3,6,57,31,26
050,22,107,"Louisiana","Tensas Parish",3,7,57,32,25
050,22,107,"Louisiana","Tensas Parish",3,8,57,27,30
050,22,107,"Louisiana","Tensas Parish",3,9,60,28,32
050,22,107,"Louisiana","Tensas Parish",3,10,53,25,28
050,22,107,"Louisiana","Tensas Parish",3,11,43,23,20
050,22,107,"Louisiana","Tensas Parish",3,12,55,24,31
050,22,107,"Louisiana","Tensas Parish",3,13,49,27,22
050,22,107,"Louisiana","Tensas Parish",3,14,50,28,22
050,22,107,"Louisiana","Tensas Parish",3,15,43,25,18
050,22,107,"Louisiana","Tensas Parish",3,16,47,29,18
050,22,107,"Louisiana","Tensas Parish",3,17,61,36,25
050,22,107,"Louisiana","Tensas Parish",3,18,51,23,28
050,22,107,"Louisiana","Tensas Parish",3,19,37,19,18
050,22,107,"Louisiana","Tensas Parish",3,20,47,28,19
050,22,107,"Louisiana","Tensas Parish",3,21,40,22,18
050,22,107,"Louisiana","Tensas Parish",3,22,37,18,19
050,22,107,"Louisiana","Tensas Parish",3,23,35,21,14
050,22,107,"Louisiana","Tensas Parish",3,24,31,13,18
050,22,107,"Louisiana","Tensas Parish",3,25,37,18,19
050,22,107,"Louisiana","Tensas Parish",3,26,32,15,17
050,22,107,"Louisiana","Tensas Parish",3,27,33,14,19
050,22,107,"Louisiana","Tensas Parish",3,28,24,14,10
050,22,107,"Louisiana","Tensas Parish",3,29,34,19,15
050,22,107,"Louisiana","Tensas Parish",3,30,40,26,14
050,22,107,"Louisiana","Tensas Parish",3,31,33,20,13
050,22,107,"Louisiana","Tensas Parish",3,32,35,22,13
050,22,107,"Louisiana","Tensas Parish",3,33,38,18,20
050,22,107,"Louisiana","Tensas Parish",3,34,31,14,17
050,22,107,"Louisiana","Tensas Parish",3,35,39,17,22
050,22,107,"Louisiana","Tensas Parish",3,36,37,15,22
050,22,107,"Louisiana","Tensas Parish",3,37,38,15,23
050,22,107,"Louisiana","Tensas Parish",3,38,38,18,20
050,22,107,"Louisiana","Tensas Parish",3,39,37,19,18
050,22,107,"Louisiana","Tensas Parish",3,40,42,22,20
050,22,107,"Louisiana","Tensas Parish",3,41,42,21,21
050,22,107,"Louisiana","Tensas Parish",3,42,42,21,21
050,22,107,"Louisiana","Tensas Parish",3,43,44,21,23
050,22,107,"Louisiana","Tensas Parish",3,44,43,21,22
050,22,107,"Louisiana","Tensas Parish",3,45,33,13,20
050,22,107,"Louisiana","Tensas Parish",3,46,36,16,20
050,22,107,"Louisiana","Tensas Parish",3,47,39,18,21
050,22,107,"Louisiana","Tensas Parish",3,48,42,21,21
050,22,107,"Louisiana","Tensas Parish",3,49,39,23,16
050,22,107,"Louisiana","Tensas Parish",3,50,47,28,19
050,22,107,"Louisiana","Tensas Parish",3,51,45,24,21
050,22,107,"Louisiana","Tensas Parish",3,52,45,21,24
050,22,107,"Louisiana","Tensas Parish",3,53,35,20,15
050,22,107,"Louisiana","Tensas Parish",3,54,40,23,17
050,22,107,"Louisiana","Tensas Parish",3,55,45,18,27
050,22,107,"Louisiana","Tensas Parish",3,56,60,27,33
050,22,107,"Louisiana","Tensas Parish",3,57,62,28,34
050,22,107,"Louisiana","Tensas Parish",3,58,74,38,36
050,22,107,"Louisiana","Tensas Parish",3,59,69,33,36
050,22,107,"Louisiana","Tensas Parish",3,60,70,30,40
050,22,107,"Louisiana","Tensas Parish",3,61,66,36,30
050,22,107,"Louisiana","Tensas Parish",3,62,70,35,35
050,22,107,"Louisiana","Tensas Parish",3,63,70,38,32
050,22,107,"Louisiana","Tensas Parish",3,64,68,35,33
050,22,107,"Louisiana","Tensas Parish",3,65,63,31,32
050,22,107,"Louisiana","Tensas Parish",3,66,67,33,34
050,22,107,"Louisiana","Tensas Parish",3,67,73,34,39
050,22,107,"Louisiana","Tensas Parish",3,68,63,26,37
050,22,107,"Louisiana","Tensas Parish",3,69,65,29,36
050,22,107,"Louisiana","Tensas Parish",3,70,74,30,44
050,22,107,"Louisiana","Tensas Parish",3,71,66,29,37
050,22,107,"Louisiana","Tensas Parish",3,72,53,26,27
050,22,107,"Louisiana","Tensas Parish",3,73,55,27,28
050,22,107,"Louisiana","Tensas Parish",3,74,65,30,35
050,22,107,"Louisiana","Tensas Parish",3,75,46,22,24
050,22,107,"Louisiana","Tensas Parish",3,76,39,18,21
050,22,107,"Louisiana","Tensas Parish",3,77,47,22,25
050,22,107,"Louisiana","Tensas Parish",3,78,48,26,22
050,22,107,"Louisiana","Tensas Parish",3,79,35,16,19
050,22,107,"Louisiana","Tensas Parish",3,80,28,12,16
050,22,107,"Louisiana","Tensas Parish",3,81,28,10,18
050,22,107,"Louisiana","Tensas Parish",3,82,22,14,8
050,22,107,"Louisiana","Tensas Parish",3,83,18,8,10
050,22,107,"Louisiana","Tensas Parish",3,84,12,6,6
050,22,107,"Louisiana","Tensas Parish",3,85,109,35,74
050,22,107,"Louisiana","Tensas Parish",4,0,25,10,15
050,22,107,"Louisiana","Tensas Parish",4,1,34,15,19
050,22,107,"Louisiana","Tensas Parish",4,2,27,15,12
050,22,107,"Louisiana","Tensas Parish",4,3,41,22,19
050,22,107,"Louisiana","Tensas Parish",4,4,40,21,19
050,22,107,"Louisiana","Tensas Parish",4,5,35,17,18
050,22,107,"Louisiana","Tensas Parish",4,6,46,29,17
050,22,107,"Louisiana","Tensas Parish",4,7,49,24,25
050,22,107,"Louisiana","Tensas Parish",4,8,52,29,23
050,22,107,"Louisiana","Tensas Parish",4,9,54,26,28
050,22,107,"Louisiana","Tensas Parish",4,10,63,29,34
050,22,107,"Louisiana","Tensas Parish",4,11,46,21,25
050,22,107,"Louisiana","Tensas Parish",4,12,42,23,19
050,22,107,"Louisiana","Tensas Parish",4,13,52,21,31
050,22,107,"Louisiana","Tensas Parish",4,14,51,28,23
050,22,107,"Louisiana","Tensas Parish",4,15,49,26,23
050,22,107,"Louisiana","Tensas Parish",4,16,43,24,19
050,22,107,"Louisiana","Tensas Parish",4,17,47,30,17
050,22,107,"Louisiana","Tensas Parish",4,18,54,32,22
050,22,107,"Louisiana","Tensas Parish",4,19,42,17,25
050,22,107,"Louisiana","Tensas Parish",4,20,40,21,19
050,22,107,"Louisiana","Tensas Parish",4,21,46,25,21
050,22,107,"Louisiana","Tensas Parish",4,22,40,20,20
050,22,107,"Louisiana","Tensas Parish",4,23,35,19,16
050,22,107,"Louisiana","Tensas Parish",4,24,30,18,12
050,22,107,"Louisiana","Tensas Parish",4,25,24,9,15
050,22,107,"Louisiana","Tensas Parish",4,26,26,14,12
050,22,107,"Louisiana","Tensas Parish",4,27,30,14,16
050,22,107,"Louisiana","Tensas Parish",4,28,31,11,20
050,22,107,"Louisiana","Tensas Parish",4,29,24,13,11
050,22,107,"Louisiana","Tensas Parish",4,30,32,21,11
050,22,107,"Louisiana","Tensas Parish",4,31,40,25,15
050,22,107,"Louisiana","Tensas Parish",4,32,33,22,11
050,22,107,"Louisiana","Tensas Parish",4,33,35,21,14
050,22,107,"Louisiana","Tensas Parish",4,34,29,16,13
050,22,107,"Louisiana","Tensas Parish",4,35,32,13,19
050,22,107,"Louisiana","Tensas Parish",4,36,33,15,18
050,22,107,"Louisiana","Tensas Parish",4,37,34,14,20
050,22,107,"Louisiana","Tensas Parish",4,38,34,12,22
050,22,107,"Louisiana","Tensas Parish",4,39,30,15,15
050,22,107,"Louisiana","Tensas Parish",4,40,32,15,17
050,22,107,"Louisiana","Tensas Parish",4,41,40,20,20
050,22,107,"Louisiana","Tensas Parish",4,42,48,26,22
050,22,107,"Louisiana","Tensas Parish",4,43,41,21,20
050,22,107,"Louisiana","Tensas Parish",4,44,42,18,24
050,22,107,"Louisiana","Tensas Parish",4,45,41,19,22
050,22,107,"Louisiana","Tensas Parish",4,46,31,10,21
050,22,107,"Louisiana","Tensas Parish",4,47,34,15,19
050,22,107,"Louisiana","Tensas Parish",4,48,39,16,23
050,22,107,"Louisiana","Tensas Parish",4,49,41,22,19
050,22,107,"Louisiana","Tensas Parish",4,50,36,20,16
050,22,107,"Louisiana","Tensas Parish",4,51,46,28,18
050,22,107,"Louisiana","Tensas Parish",4,52,43,22,21
050,22,107,"Louisiana","Tensas Parish",4,53,42,19,23
050,22,107,"Louisiana","Tensas Parish",4,54,35,18,17
050,22,107,"Louisiana","Tensas Parish",4,55,39,25,14
050,22,107,"Louisiana","Tensas Parish",4,56,43,18,25
050,22,107,"Louisiana","Tensas Parish",4,57,55,25,30
050,22,107,"Louisiana","Tensas Parish",4,58,60,28,32
050,22,107,"Louisiana","Tensas Parish",4,59,71,37,34
050,22,107,"Louisiana","Tensas Parish",4,60,69,32,37
050,22,107,"Louisiana","Tensas Parish",4,61,68,29,39
050,22,107,"Louisiana","Tensas Parish",4,62,63,33,30
050,22,107,"Louisiana","Tensas Parish",4,63,65,34,31
050,22,107,"Louisiana","Tensas Parish",4,64,65,34,31
050,22,107,"Louisiana","Tensas Parish",4,65,66,35,31
050,22,107,"Louisiana","Tensas Parish",4,66,60,29,31
050,22,107,"Louisiana","Tensas Parish",4,67,66,34,32
050,22,107,"Louisiana","Tensas Parish",4,68,69,30,39
050,22,107,"Louisiana","Tensas Parish",4,69,60,25,35
050,22,107,"Louisiana","Tensas Parish",4,70,66,29,37
050,22,107,"Louisiana","Tensas Parish",4,71,70,28,42
050,22,107,"Louisiana","Tensas Parish",4,72,67,30,37
050,22,107,"Louisiana","Tensas Parish",4,73,51,24,27
050,22,107,"Louisiana","Tensas Parish",4,74,50,24,26
050,22,107,"Louisiana","Tensas Parish",4,75,62,29,33
050,22,107,"Louisiana","Tensas Parish",4,76,42,20,22
050,22,107,"Louisiana","Tensas Parish",4,77,38,18,20
050,22,107,"Louisiana","Tensas Parish",4,78,45,21,24
050,22,107,"Louisiana","Tensas Parish",4,79,44,23,21
050,22,107,"Louisiana","Tensas Parish",4,80,31,16,15
050,22,107,"Louisiana","Tensas Parish",4,81,26,11,15
050,22,107,"Louisiana","Tensas Parish",4,82,27,10,17
050,22,107,"Louisiana","Tensas Parish",4,83,18,11,7
050,22,107,"Louisiana","Tensas Parish",4,84,15,6,9
050,22,107,"Louisiana","Tensas Parish",4,85,102,38,64
050,22,107,"Louisiana","Tensas Parish",5,0,18,6,12
050,22,107,"Louisiana","Tensas Parish",5,1,30,10,20
050,22,107,"Louisiana","Tensas Parish",5,2,32,15,17
050,22,107,"Louisiana","Tensas Parish",5,3,27,16,11
050,22,107,"Louisiana","Tensas Parish",5,4,42,23,19
050,22,107,"Louisiana","Tensas Parish",5,5,41,21,20
050,22,107,"Louisiana","Tensas Parish",5,6,38,19,19
050,22,107,"Louisiana","Tensas Parish",5,7,43,27,16
050,22,107,"Louisiana","Tensas Parish",5,8,49,25,24
050,22,107,"Louisiana","Tensas Parish",5,9,50,27,23
050,22,107,"Louisiana","Tensas Parish",5,10,51,24,27
050,22,107,"Louisiana","Tensas Parish",5,11,62,29,33
050,22,107,"Louisiana","Tensas Parish",5,12,46,22,24
050,22,107,"Louisiana","Tensas Parish",5,13,44,23,21
050,22,107,"Louisiana","Tensas Parish",5,14,52,21,31
050,22,107,"Louisiana","Tensas Parish",5,15,56,30,26
050,22,107,"Louisiana","Tensas Parish",5,16,46,25,21
050,22,107,"Louisiana","Tensas Parish",5,17,46,25,21
050,22,107,"Louisiana","Tensas Parish",5,18,42,27,15
050,22,107,"Louisiana","Tensas Parish",5,19,43,26,17
050,22,107,"Louisiana","Tensas Parish",5,20,46,17,29
050,22,107,"Louisiana","Tensas Parish",5,21,45,25,20
050,22,107,"Louisiana","Tensas Parish",5,22,52,28,24
050,22,107,"Louisiana","Tensas Parish",5,23,41,21,20
050,22,107,"Louisiana","Tensas Parish",5,24,34,16,18
050,22,107,"Louisiana","Tensas Parish",5,25,30,18,12
050,22,107,"Louisiana","Tensas Parish",5,26,23,9,14
050,22,107,"Louisiana","Tensas Parish",5,27,26,12,14
050,22,107,"Louisiana","Tensas Parish",5,28,35,19,16
050,22,107,"Louisiana","Tensas Parish",5,29,29,11,18
050,22,107,"Louisiana","Tensas Parish",5,30,22,11,11
050,22,107,"Louisiana","Tensas Parish",5,31,31,20,11
050,22,107,"Louisiana","Tensas Parish",5,32,39,24,15
050,22,107,"Louisiana","Tensas Parish",5,33,32,22,10
050,22,107,"Louisiana","Tensas Parish",5,34,34,21,13
050,22,107,"Louisiana","Tensas Parish",5,35,27,16,11
050,22,107,"Louisiana","Tensas Parish",5,36,34,13,21
050,22,107,"Louisiana","Tensas Parish",5,37,36,15,21
050,22,107,"Louisiana","Tensas Parish",5,38,32,13,19
050,22,107,"Louisiana","Tensas Parish",5,39,34,12,22
050,22,107,"Louisiana","Tensas Parish",5,40,34,16,18
050,22,107,"Louisiana","Tensas Parish",5,41,32,17,15
050,22,107,"Louisiana","Tensas Parish",5,42,39,19,20
050,22,107,"Louisiana","Tensas Parish",5,43,46,26,20
050,22,107,"Louisiana","Tensas Parish",5,44,41,22,19
050,22,107,"Louisiana","Tensas Parish",5,45,43,17,26
050,22,107,"Louisiana","Tensas Parish",5,46,38,17,21
050,22,107,"Louisiana","Tensas Parish",5,47,31,11,20
050,22,107,"Louisiana","Tensas Parish",5,48,35,15,20
050,22,107,"Louisiana","Tensas Parish",5,49,40,16,24
050,22,107,"Louisiana","Tensas Parish",5,50,40,21,19
050,22,107,"Louisiana","Tensas Parish",5,51,37,20,17
050,22,107,"Louisiana","Tensas Parish",5,52,48,28,20
050,22,107,"Louisiana","Tensas Parish",5,53,47,24,23
050,22,107,"Louisiana","Tensas Parish",5,54,39,18,21
050,22,107,"Louisiana","Tensas Parish",5,55,34,18,16
050,22,107,"Louisiana","Tensas Parish",5,56,34,21,13
050,22,107,"Louisiana","Tensas Parish",5,57,38,16,22
050,22,107,"Louisiana","Tensas Parish",5,58,55,25,30
050,22,107,"Louisiana","Tensas Parish",5,59,60,27,33
050,22,107,"Louisiana","Tensas Parish",5,60,72,38,34
050,22,107,"Louisiana","Tensas Parish",5,61,63,29,34
050,22,107,"Louisiana","Tensas Parish",5,62,67,30,37
050,22,107,"Louisiana","Tensas Parish",5,63,60,30,30
050,22,107,"Louisiana","Tensas Parish",5,64,67,33,34
050,22,107,"Louisiana","Tensas Parish",5,65,62,33,29
050,22,107,"Louisiana","Tensas Parish",5,66,64,34,30
050,22,107,"Louisiana","Tensas Parish",5,67,60,29,31
050,22,107,"Louisiana","Tensas Parish",5,68,64,29,35
050,22,107,"Louisiana","Tensas Parish",5,69,69,30,39
050,22,107,"Louisiana","Tensas Parish",5,70,59,24,35
050,22,107,"Louisiana","Tensas Parish",5,71,63,27,36
050,22,107,"Louisiana","Tensas Parish",5,72,71,29,42
050,22,107,"Louisiana","Tensas Parish",5,73,65,28,37
050,22,107,"Louisiana","Tensas Parish",5,74,48,22,26
050,22,107,"Louisiana","Tensas Parish",5,75,47,23,24
050,22,107,"Louisiana","Tensas Parish",5,76,62,29,33
050,22,107,"Louisiana","Tensas Parish",5,77,42,20,22
050,22,107,"Louisiana","Tensas Parish",5,78,35,17,18
050,22,107,"Louisiana","Tensas Parish",5,79,41,19,22
050,22,107,"Louisiana","Tensas Parish",5,80,38,19,19
050,22,107,"Louisiana","Tensas Parish",5,81,30,15,15
050,22,107,"Louisiana","Tensas Parish",5,82,25,11,14
050,22,107,"Louisiana","Tensas Parish",5,83,26,9,17
050,22,107,"Louisiana","Tensas Parish",5,84,17,11,6
050,22,107,"Louisiana","Tensas Parish",5,85,96,41,55
050,22,109,"Louisiana","Terrebonne Parish",1,0,1442,731,711
050,22,109,"Louisiana","Terrebonne Parish",1,1,1461,720,741
050,22,109,"Louisiana","Terrebonne Parish",1,2,1464,748,716
050,22,109,"Louisiana","Terrebonne Parish",1,3,1558,786,772
050,22,109,"Louisiana","Terrebonne Parish",1,4,1597,853,744
050,22,109,"Louisiana","Terrebonne Parish",1,5,1597,811,786
050,22,109,"Louisiana","Terrebonne Parish",1,6,1516,761,755
050,22,109,"Louisiana","Terrebonne Parish",1,7,1461,754,707
050,22,109,"Louisiana","Terrebonne Parish",1,8,1546,802,744
050,22,109,"Louisiana","Terrebonne Parish",1,9,1560,799,761
050,22,109,"Louisiana","Terrebonne Parish",1,10,1590,829,761
050,22,109,"Louisiana","Terrebonne Parish",1,11,1665,880,785
050,22,109,"Louisiana","Terrebonne Parish",1,12,1706,867,839
050,22,109,"Louisiana","Terrebonne Parish",1,13,1604,803,801
050,22,109,"Louisiana","Terrebonne Parish",1,14,1599,838,761
050,22,109,"Louisiana","Terrebonne Parish",1,15,1580,842,738
050,22,109,"Louisiana","Terrebonne Parish",1,16,1576,816,760
050,22,109,"Louisiana","Terrebonne Parish",1,17,1531,760,771
050,22,109,"Louisiana","Terrebonne Parish",1,18,1342,695,647
050,22,109,"Louisiana","Terrebonne Parish",1,19,1150,585,565
050,22,109,"Louisiana","Terrebonne Parish",1,20,1129,581,548
050,22,109,"Louisiana","Terrebonne Parish",1,21,1228,642,586
050,22,109,"Louisiana","Terrebonne Parish",1,22,1311,658,653
050,22,109,"Louisiana","Terrebonne Parish",1,23,1338,668,670
050,22,109,"Louisiana","Terrebonne Parish",1,24,1289,668,621
050,22,109,"Louisiana","Terrebonne Parish",1,25,1362,703,659
050,22,109,"Louisiana","Terrebonne Parish",1,26,1353,673,680
050,22,109,"Louisiana","Terrebonne Parish",1,27,1409,710,699
050,22,109,"Louisiana","Terrebonne Parish",1,28,1470,756,714
050,22,109,"Louisiana","Terrebonne Parish",1,29,1637,805,832
050,22,109,"Louisiana","Terrebonne Parish",1,30,1643,790,853
050,22,109,"Louisiana","Terrebonne Parish",1,31,1491,733,758
050,22,109,"Louisiana","Terrebonne Parish",1,32,1456,730,726
050,22,109,"Louisiana","Terrebonne Parish",1,33,1452,726,726
050,22,109,"Louisiana","Terrebonne Parish",1,34,1450,720,730
050,22,109,"Louisiana","Terrebonne Parish",1,35,1433,700,733
050,22,109,"Louisiana","Terrebonne Parish",1,36,1505,736,769
050,22,109,"Louisiana","Terrebonne Parish",1,37,1587,777,810
050,22,109,"Louisiana","Terrebonne Parish",1,38,1542,747,795
050,22,109,"Louisiana","Terrebonne Parish",1,39,1513,722,791
050,22,109,"Louisiana","Terrebonne Parish",1,40,1467,707,760
050,22,109,"Louisiana","Terrebonne Parish",1,41,1402,701,701
050,22,109,"Louisiana","Terrebonne Parish",1,42,1350,674,676
050,22,109,"Louisiana","Terrebonne Parish",1,43,1268,627,641
050,22,109,"Louisiana","Terrebonne Parish",1,44,1198,597,601
050,22,109,"Louisiana","Terrebonne Parish",1,45,1215,599,616
050,22,109,"Louisiana","Terrebonne Parish",1,46,1178,595,583
050,22,109,"Louisiana","Terrebonne Parish",1,47,1235,619,616
050,22,109,"Louisiana","Terrebonne Parish",1,48,1249,622,627
050,22,109,"Louisiana","Terrebonne Parish",1,49,1332,658,674
050,22,109,"Louisiana","Terrebonne Parish",1,50,1269,620,649
050,22,109,"Louisiana","Terrebonne Parish",1,51,1329,629,700
050,22,109,"Louisiana","Terrebonne Parish",1,52,1367,665,702
050,22,109,"Louisiana","Terrebonne Parish",1,53,1432,697,735
050,22,109,"Louisiana","Terrebonne Parish",1,54,1470,721,749
050,22,109,"Louisiana","Terrebonne Parish",1,55,1491,752,739
050,22,109,"Louisiana","Terrebonne Parish",1,56,1476,749,727
050,22,109,"Louisiana","Terrebonne Parish",1,57,1521,737,784
050,22,109,"Louisiana","Terrebonne Parish",1,58,1519,754,765
050,22,109,"Louisiana","Terrebonne Parish",1,59,1559,781,778
050,22,109,"Louisiana","Terrebonne Parish",1,60,1528,740,788
050,22,109,"Louisiana","Terrebonne Parish",1,61,1419,709,710
050,22,109,"Louisiana","Terrebonne Parish",1,62,1404,701,703
050,22,109,"Louisiana","Terrebonne Parish",1,63,1347,680,667
050,22,109,"Louisiana","Terrebonne Parish",1,64,1239,606,633
050,22,109,"Louisiana","Terrebonne Parish",1,65,1225,616,609
050,22,109,"Louisiana","Terrebonne Parish",1,66,1165,567,598
050,22,109,"Louisiana","Terrebonne Parish",1,67,1105,511,594
050,22,109,"Louisiana","Terrebonne Parish",1,68,1051,495,556
050,22,109,"Louisiana","Terrebonne Parish",1,69,1026,478,548
050,22,109,"Louisiana","Terrebonne Parish",1,70,961,459,502
050,22,109,"Louisiana","Terrebonne Parish",1,71,916,442,474
050,22,109,"Louisiana","Terrebonne Parish",1,72,926,448,478
050,22,109,"Louisiana","Terrebonne Parish",1,73,907,410,497
050,22,109,"Louisiana","Terrebonne Parish",1,74,672,312,360
050,22,109,"Louisiana","Terrebonne Parish",1,75,617,281,336
050,22,109,"Louisiana","Terrebonne Parish",1,76,617,284,333
050,22,109,"Louisiana","Terrebonne Parish",1,77,604,280,324
050,22,109,"Louisiana","Terrebonne Parish",1,78,534,232,302
050,22,109,"Louisiana","Terrebonne Parish",1,79,515,221,294
050,22,109,"Louisiana","Terrebonne Parish",1,80,445,177,268
050,22,109,"Louisiana","Terrebonne Parish",1,81,435,185,250
050,22,109,"Louisiana","Terrebonne Parish",1,82,356,143,213
050,22,109,"Louisiana","Terrebonne Parish",1,83,301,114,187
050,22,109,"Louisiana","Terrebonne Parish",1,84,289,118,171
050,22,109,"Louisiana","Terrebonne Parish",1,85,1503,559,944
050,22,109,"Louisiana","Terrebonne Parish",2,0,1460,741,719
050,22,109,"Louisiana","Terrebonne Parish",2,1,1451,722,729
050,22,109,"Louisiana","Terrebonne Parish",2,2,1469,746,723
050,22,109,"Louisiana","Terrebonne Parish",2,3,1528,775,753
050,22,109,"Louisiana","Terrebonne Parish",2,4,1588,834,754
050,22,109,"Louisiana","Terrebonne Parish",2,5,1588,817,771
050,22,109,"Louisiana","Terrebonne Parish",2,6,1533,775,758
050,22,109,"Louisiana","Terrebonne Parish",2,7,1472,757,715
050,22,109,"Louisiana","Terrebonne Parish",2,8,1516,786,730
050,22,109,"Louisiana","Terrebonne Parish",2,9,1550,794,756
050,22,109,"Louisiana","Terrebonne Parish",2,10,1581,821,760
050,22,109,"Louisiana","Terrebonne Parish",2,11,1636,858,778
050,22,109,"Louisiana","Terrebonne Parish",2,12,1695,869,826
050,22,109,"Louisiana","Terrebonne Parish",2,13,1624,817,807
050,22,109,"Louisiana","Terrebonne Parish",2,14,1594,828,766
050,22,109,"Louisiana","Terrebonne Parish",2,15,1579,839,740
050,22,109,"Louisiana","Terrebonne Parish",2,16,1575,821,754
050,22,109,"Louisiana","Terrebonne Parish",2,17,1541,771,770
050,22,109,"Louisiana","Terrebonne Parish",2,18,1336,688,648
050,22,109,"Louisiana","Terrebonne Parish",2,19,1145,586,559
050,22,109,"Louisiana","Terrebonne Parish",2,20,1161,598,563
050,22,109,"Louisiana","Terrebonne Parish",2,21,1212,632,580
050,22,109,"Louisiana","Terrebonne Parish",2,22,1304,662,642
050,22,109,"Louisiana","Terrebonne Parish",2,23,1338,670,668
050,22,109,"Louisiana","Terrebonne Parish",2,24,1300,667,633
050,22,109,"Louisiana","Terrebonne Parish",2,25,1342,695,647
050,22,109,"Louisiana","Terrebonne Parish",2,26,1355,682,673
050,22,109,"Louisiana","Terrebonne Parish",2,27,1390,701,689
050,22,109,"Louisiana","Terrebonne Parish",2,28,1449,742,707
050,22,109,"Louisiana","Terrebonne Parish",2,29,1587,785,802
050,22,109,"Louisiana","Terrebonne Parish",2,30,1640,792,848
050,22,109,"Louisiana","Terrebonne Parish",2,31,1518,742,776
050,22,109,"Louisiana","Terrebonne Parish",2,32,1457,727,730
050,22,109,"Louisiana","Terrebonne Parish",2,33,1446,724,722
050,22,109,"Louisiana","Terrebonne Parish",2,34,1443,719,724
050,22,109,"Louisiana","Terrebonne Parish",2,35,1436,704,732
050,22,109,"Louisiana","Terrebonne Parish",2,36,1468,715,753
050,22,109,"Louisiana","Terrebonne Parish",2,37,1564,765,799
050,22,109,"Louisiana","Terrebonne Parish",2,38,1555,753,802
050,22,109,"Louisiana","Terrebonne Parish",2,39,1513,725,788
050,22,109,"Louisiana","Terrebonne Parish",2,40,1492,719,773
050,22,109,"Louisiana","Terrebonne Parish",2,41,1415,702,713
050,22,109,"Louisiana","Terrebonne Parish",2,42,1349,673,676
050,22,109,"Louisiana","Terrebonne Parish",2,43,1294,640,654
050,22,109,"Louisiana","Terrebonne Parish",2,44,1200,596,604
050,22,109,"Louisiana","Terrebonne Parish",2,45,1217,601,616
050,22,109,"Louisiana","Terrebonne Parish",2,46,1184,596,588
050,22,109,"Louisiana","Terrebonne Parish",2,47,1215,611,604
050,22,109,"Louisiana","Terrebonne Parish",2,48,1246,623,623
050,22,109,"Louisiana","Terrebonne Parish",2,49,1309,648,661
050,22,109,"Louisiana","Terrebonne Parish",2,50,1286,629,657
050,22,109,"Louisiana","Terrebonne Parish",2,51,1308,624,684
050,22,109,"Louisiana","Terrebonne Parish",2,52,1352,653,699
050,22,109,"Louisiana","Terrebonne Parish",2,53,1413,688,725
050,22,109,"Louisiana","Terrebonne Parish",2,54,1457,714,743
050,22,109,"Louisiana","Terrebonne Parish",2,55,1482,741,741
050,22,109,"Louisiana","Terrebonne Parish",2,56,1486,755,731
050,22,109,"Louisiana","Terrebonne Parish",2,57,1504,737,767
050,22,109,"Louisiana","Terrebonne Parish",2,58,1513,744,769
050,22,109,"Louisiana","Terrebonne Parish",2,59,1551,773,778
050,22,109,"Louisiana","Terrebonne Parish",2,60,1532,748,784
050,22,109,"Louisiana","Terrebonne Parish",2,61,1442,712,730
050,22,109,"Louisiana","Terrebonne Parish",2,62,1398,699,699
050,22,109,"Louisiana","Terrebonne Parish",2,63,1368,686,682
050,22,109,"Louisiana","Terrebonne Parish",2,64,1254,618,636
050,22,109,"Louisiana","Terrebonne Parish",2,65,1225,613,612
050,22,109,"Louisiana","Terrebonne Parish",2,66,1171,575,596
050,22,109,"Louisiana","Terrebonne Parish",2,67,1106,521,585
050,22,109,"Louisiana","Terrebonne Parish",2,68,1039,489,550
050,22,109,"Louisiana","Terrebonne Parish",2,69,1034,484,550
050,22,109,"Louisiana","Terrebonne Parish",2,70,973,461,512
050,22,109,"Louisiana","Terrebonne Parish",2,71,920,442,478
050,22,109,"Louisiana","Terrebonne Parish",2,72,902,435,467
050,22,109,"Louisiana","Terrebonne Parish",2,73,951,437,514
050,22,109,"Louisiana","Terrebonne Parish",2,74,682,314,368
050,22,109,"Louisiana","Terrebonne Parish",2,75,625,286,339
050,22,109,"Louisiana","Terrebonne Parish",2,76,604,278,326
050,22,109,"Louisiana","Terrebonne Parish",2,77,607,279,328
050,22,109,"Louisiana","Terrebonne Parish",2,78,535,234,301
050,22,109,"Louisiana","Terrebonne Parish",2,79,499,214,285
050,22,109,"Louisiana","Terrebonne Parish",2,80,449,183,266
050,22,109,"Louisiana","Terrebonne Parish",2,81,425,176,249
050,22,109,"Louisiana","Terrebonne Parish",2,82,372,152,220
050,22,109,"Louisiana","Terrebonne Parish",2,83,305,116,189
050,22,109,"Louisiana","Terrebonne Parish",2,84,282,113,169
050,22,109,"Louisiana","Terrebonne Parish",2,85,1493,556,937
050,22,109,"Louisiana","Terrebonne Parish",3,0,1372,685,687
050,22,109,"Louisiana","Terrebonne Parish",3,1,1462,717,745
050,22,109,"Louisiana","Terrebonne Parish",3,2,1429,723,706
050,22,109,"Louisiana","Terrebonne Parish",3,3,1464,738,726
050,22,109,"Louisiana","Terrebonne Parish",3,4,1520,783,737
050,22,109,"Louisiana","Terrebonne Parish",3,5,1595,832,763
050,22,109,"Louisiana","Terrebonne Parish",3,6,1577,803,774
050,22,109,"Louisiana","Terrebonne Parish",3,7,1514,774,740
050,22,109,"Louisiana","Terrebonne Parish",3,8,1478,763,715
050,22,109,"Louisiana","Terrebonne Parish",3,9,1521,788,733
050,22,109,"Louisiana","Terrebonne Parish",3,10,1554,801,753
050,22,109,"Louisiana","Terrebonne Parish",3,11,1573,808,765
050,22,109,"Louisiana","Terrebonne Parish",3,12,1646,861,785
050,22,109,"Louisiana","Terrebonne Parish",3,13,1684,873,811
050,22,109,"Louisiana","Terrebonne Parish",3,14,1627,810,817
050,22,109,"Louisiana","Terrebonne Parish",3,15,1590,826,764
050,22,109,"Louisiana","Terrebonne Parish",3,16,1580,839,741
050,22,109,"Louisiana","Terrebonne Parish",3,17,1591,832,759
050,22,109,"Louisiana","Terrebonne Parish",3,18,1336,696,640
050,22,109,"Louisiana","Terrebonne Parish",3,19,1108,569,539
050,22,109,"Louisiana","Terrebonne Parish",3,20,1215,623,592
050,22,109,"Louisiana","Terrebonne Parish",3,21,1219,613,606
050,22,109,"Louisiana","Terrebonne Parish",3,22,1285,654,631
050,22,109,"Louisiana","Terrebonne Parish",3,23,1344,679,665
050,22,109,"Louisiana","Terrebonne Parish",3,24,1321,665,656
050,22,109,"Louisiana","Terrebonne Parish",3,25,1268,641,627
050,22,109,"Louisiana","Terrebonne Parish",3,26,1302,662,640
050,22,109,"Louisiana","Terrebonne Parish",3,27,1322,663,659
050,22,109,"Louisiana","Terrebonne Parish",3,28,1368,686,682
050,22,109,"Louisiana","Terrebonne Parish",3,29,1441,746,695
050,22,109,"Louisiana","Terrebonne Parish",3,30,1554,762,792
050,22,109,"Louisiana","Terrebonne Parish",3,31,1591,769,822
050,22,109,"Louisiana","Terrebonne Parish",3,32,1485,720,765
050,22,109,"Louisiana","Terrebonne Parish",3,33,1434,709,725
050,22,109,"Louisiana","Terrebonne Parish",3,34,1419,713,706
050,22,109,"Louisiana","Terrebonne Parish",3,35,1417,706,711
050,22,109,"Louisiana","Terrebonne Parish",3,36,1422,701,721
050,22,109,"Louisiana","Terrebonne Parish",3,37,1464,713,751
050,22,109,"Louisiana","Terrebonne Parish",3,38,1543,749,794
050,22,109,"Louisiana","Terrebonne Parish",3,39,1571,762,809
050,22,109,"Louisiana","Terrebonne Parish",3,40,1515,729,786
050,22,109,"Louisiana","Terrebonne Parish",3,41,1507,741,766
050,22,109,"Louisiana","Terrebonne Parish",3,42,1387,686,701
050,22,109,"Louisiana","Terrebonne Parish",3,43,1352,676,676
050,22,109,"Louisiana","Terrebonne Parish",3,44,1297,653,644
050,22,109,"Louisiana","Terrebonne Parish",3,45,1188,579,609
050,22,109,"Louisiana","Terrebonne Parish",3,46,1222,603,619
050,22,109,"Louisiana","Terrebonne Parish",3,47,1171,587,584
050,22,109,"Louisiana","Terrebonne Parish",3,48,1233,631,602
050,22,109,"Louisiana","Terrebonne Parish",3,49,1233,613,620
050,22,109,"Louisiana","Terrebonne Parish",3,50,1299,638,661
050,22,109,"Louisiana","Terrebonne Parish",3,51,1273,626,647
050,22,109,"Louisiana","Terrebonne Parish",3,52,1285,613,672
050,22,109,"Louisiana","Terrebonne Parish",3,53,1336,648,688
050,22,109,"Louisiana","Terrebonne Parish",3,54,1408,684,724
050,22,109,"Louisiana","Terrebonne Parish",3,55,1424,695,729
050,22,109,"Louisiana","Terrebonne Parish",3,56,1458,733,725
050,22,109,"Louisiana","Terrebonne Parish",3,57,1451,727,724
050,22,109,"Louisiana","Terrebonne Parish",3,58,1475,719,756
050,22,109,"Louisiana","Terrebonne Parish",3,59,1504,748,756
050,22,109,"Louisiana","Terrebonne Parish",3,60,1513,754,759
050,22,109,"Louisiana","Terrebonne Parish",3,61,1528,751,777
050,22,109,"Louisiana","Terrebonne Parish",3,62,1428,699,729
050,22,109,"Louisiana","Terrebonne Parish",3,63,1372,684,688
050,22,109,"Louisiana","Terrebonne Parish",3,64,1346,678,668
050,22,109,"Louisiana","Terrebonne Parish",3,65,1232,614,618
050,22,109,"Louisiana","Terrebonne Parish",3,66,1181,586,595
050,22,109,"Louisiana","Terrebonne Parish",3,67,1150,566,584
050,22,109,"Louisiana","Terrebonne Parish",3,68,1073,502,571
050,22,109,"Louisiana","Terrebonne Parish",3,69,1005,468,537
050,22,109,"Louisiana","Terrebonne Parish",3,70,1005,467,538
050,22,109,"Louisiana","Terrebonne Parish",3,71,942,438,504
050,22,109,"Louisiana","Terrebonne Parish",3,72,884,425,459
050,22,109,"Louisiana","Terrebonne Parish",3,73,874,427,447
050,22,109,"Louisiana","Terrebonne Parish",3,74,909,413,496
050,22,109,"Louisiana","Terrebonne Parish",3,75,652,291,361
050,22,109,"Louisiana","Terrebonne Parish",3,76,600,275,325
050,22,109,"Louisiana","Terrebonne Parish",3,77,566,259,307
050,22,109,"Louisiana","Terrebonne Parish",3,78,575,254,321
050,22,109,"Louisiana","Terrebonne Parish",3,79,501,215,286
050,22,109,"Louisiana","Terrebonne Parish",3,80,461,198,263
050,22,109,"Louisiana","Terrebonne Parish",3,81,419,165,254
050,22,109,"Louisiana","Terrebonne Parish",3,82,387,155,232
050,22,109,"Louisiana","Terrebonne Parish",3,83,337,137,200
050,22,109,"Louisiana","Terrebonne Parish",3,84,285,104,181
050,22,109,"Louisiana","Terrebonne Parish",3,85,1506,562,944
050,22,109,"Louisiana","Terrebonne Parish",4,0,1358,705,653
050,22,109,"Louisiana","Terrebonne Parish",4,1,1273,631,642
050,22,109,"Louisiana","Terrebonne Parish",4,2,1368,682,686
050,22,109,"Louisiana","Terrebonne Parish",4,3,1344,685,659
050,22,109,"Louisiana","Terrebonne Parish",4,4,1340,676,664
050,22,109,"Louisiana","Terrebonne Parish",4,5,1422,745,677
050,22,109,"Louisiana","Terrebonne Parish",4,6,1514,783,731
050,22,109,"Louisiana","Terrebonne Parish",4,7,1502,758,744
050,22,109,"Louisiana","Terrebonne Parish",4,8,1408,718,690
050,22,109,"Louisiana","Terrebonne Parish",4,9,1377,704,673
050,22,109,"Louisiana","Terrebonne Parish",4,10,1446,743,703
050,22,109,"Louisiana","Terrebonne Parish",4,11,1517,781,736
050,22,109,"Louisiana","Terrebonne Parish",4,12,1499,761,738
050,22,109,"Louisiana","Terrebonne Parish",4,13,1587,818,769
050,22,109,"Louisiana","Terrebonne Parish",4,14,1609,850,759
050,22,109,"Louisiana","Terrebonne Parish",4,15,1570,792,778
050,22,109,"Louisiana","Terrebonne Parish",4,16,1517,778,739
050,22,109,"Louisiana","Terrebonne Parish",4,17,1509,808,701
050,22,109,"Louisiana","Terrebonne Parish",4,18,1355,736,619
050,22,109,"Louisiana","Terrebonne Parish",4,19,1048,546,502
050,22,109,"Louisiana","Terrebonne Parish",4,20,1084,544,540
050,22,109,"Louisiana","Terrebonne Parish",4,21,1183,595,588
050,22,109,"Louisiana","Terrebonne Parish",4,22,1200,616,584
050,22,109,"Louisiana","Terrebonne Parish",4,23,1251,646,605
050,22,109,"Louisiana","Terrebonne Parish",4,24,1233,633,600
050,22,109,"Louisiana","Terrebonne Parish",4,25,1259,652,607
050,22,109,"Louisiana","Terrebonne Parish",4,26,1172,597,575
050,22,109,"Louisiana","Terrebonne Parish",4,27,1256,654,602
050,22,109,"Louisiana","Terrebonne Parish",4,28,1233,622,611
050,22,109,"Louisiana","Terrebonne Parish",4,29,1277,641,636
050,22,109,"Louisiana","Terrebonne Parish",4,30,1376,723,653
050,22,109,"Louisiana","Terrebonne Parish",4,31,1428,693,735
050,22,109,"Louisiana","Terrebonne Parish",4,32,1458,701,757
050,22,109,"Louisiana","Terrebonne Parish",4,33,1397,675,722
050,22,109,"Louisiana","Terrebonne Parish",4,34,1369,682,687
050,22,109,"Louisiana","Terrebonne Parish",4,35,1354,683,671
050,22,109,"Louisiana","Terrebonne Parish",4,36,1383,695,688
050,22,109,"Louisiana","Terrebonne Parish",4,37,1360,666,694
050,22,109,"Louisiana","Terrebonne Parish",4,38,1382,680,702
050,22,109,"Louisiana","Terrebonne Parish",4,39,1473,715,758
050,22,109,"Louisiana","Terrebonne Parish",4,40,1499,744,755
050,22,109,"Louisiana","Terrebonne Parish",4,41,1470,713,757
050,22,109,"Louisiana","Terrebonne Parish",4,42,1448,716,732
050,22,109,"Louisiana","Terrebonne Parish",4,43,1362,669,693
050,22,109,"Louisiana","Terrebonne Parish",4,44,1287,648,639
050,22,109,"Louisiana","Terrebonne Parish",4,45,1256,644,612
050,22,109,"Louisiana","Terrebonne Parish",4,46,1140,551,589
050,22,109,"Louisiana","Terrebonne Parish",4,47,1164,580,584
050,22,109,"Louisiana","Terrebonne Parish",4,48,1146,587,559
050,22,109,"Louisiana","Terrebonne Parish",4,49,1180,608,572
050,22,109,"Louisiana","Terrebonne Parish",4,50,1205,599,606
050,22,109,"Louisiana","Terrebonne Parish",4,51,1281,634,647
050,22,109,"Louisiana","Terrebonne Parish",4,52,1240,608,632
050,22,109,"Louisiana","Terrebonne Parish",4,53,1240,592,648
050,22,109,"Louisiana","Terrebonne Parish",4,54,1291,629,662
050,22,109,"Louisiana","Terrebonne Parish",4,55,1364,674,690
050,22,109,"Louisiana","Terrebonne Parish",4,56,1378,671,707
050,22,109,"Louisiana","Terrebonne Parish",4,57,1388,687,701
050,22,109,"Louisiana","Terrebonne Parish",4,58,1440,715,725
050,22,109,"Louisiana","Terrebonne Parish",4,59,1420,684,736
050,22,109,"Louisiana","Terrebonne Parish",4,60,1450,720,730
050,22,109,"Louisiana","Terrebonne Parish",4,61,1490,736,754
050,22,109,"Louisiana","Terrebonne Parish",4,62,1470,720,750
050,22,109,"Louisiana","Terrebonne Parish",4,63,1408,695,713
050,22,109,"Louisiana","Terrebonne Parish",4,64,1303,657,646
050,22,109,"Louisiana","Terrebonne Parish",4,65,1318,666,652
050,22,109,"Louisiana","Terrebonne Parish",4,66,1170,586,584
050,22,109,"Louisiana","Terrebonne Parish",4,67,1117,546,571
050,22,109,"Louisiana","Terrebonne Parish",4,68,1109,547,562
050,22,109,"Louisiana","Terrebonne Parish",4,69,1021,472,549
050,22,109,"Louisiana","Terrebonne Parish",4,70,955,446,509
050,22,109,"Louisiana","Terrebonne Parish",4,71,953,431,522
050,22,109,"Louisiana","Terrebonne Parish",4,72,902,417,485
050,22,109,"Louisiana","Terrebonne Parish",4,73,832,405,427
050,22,109,"Louisiana","Terrebonne Parish",4,74,814,393,421
050,22,109,"Louisiana","Terrebonne Parish",4,75,848,374,474
050,22,109,"Louisiana","Terrebonne Parish",4,76,616,280,336
050,22,109,"Louisiana","Terrebonne Parish",4,77,562,259,303
050,22,109,"Louisiana","Terrebonne Parish",4,78,517,230,287
050,22,109,"Louisiana","Terrebonne Parish",4,79,521,220,301
050,22,109,"Louisiana","Terrebonne Parish",4,80,436,185,251
050,22,109,"Louisiana","Terrebonne Parish",4,81,428,175,253
050,22,109,"Louisiana","Terrebonne Parish",4,82,365,140,225
050,22,109,"Louisiana","Terrebonne Parish",4,83,345,140,205
050,22,109,"Louisiana","Terrebonne Parish",4,84,308,123,185
050,22,109,"Louisiana","Terrebonne Parish",4,85,1484,551,933
050,22,109,"Louisiana","Terrebonne Parish",5,0,1354,702,652
050,22,109,"Louisiana","Terrebonne Parish",5,1,1358,708,650
050,22,109,"Louisiana","Terrebonne Parish",5,2,1296,653,643
050,22,109,"Louisiana","Terrebonne Parish",5,3,1316,658,658
050,22,109,"Louisiana","Terrebonne Parish",5,4,1345,692,653
050,22,109,"Louisiana","Terrebonne Parish",5,5,1308,663,645
050,22,109,"Louisiana","Terrebonne Parish",5,6,1412,734,678
050,22,109,"Louisiana","Terrebonne Parish",5,7,1491,776,715
050,22,109,"Louisiana","Terrebonne Parish",5,8,1468,753,715
050,22,109,"Louisiana","Terrebonne Parish",5,9,1394,717,677
050,22,109,"Louisiana","Terrebonne Parish",5,10,1339,683,656
050,22,109,"Louisiana","Terrebonne Parish",5,11,1426,742,684
050,22,109,"Louisiana","Terrebonne Parish",5,12,1462,740,722
050,22,109,"Louisiana","Terrebonne Parish",5,13,1502,767,735
050,22,109,"Louisiana","Terrebonne Parish",5,14,1562,809,753
050,22,109,"Louisiana","Terrebonne Parish",5,15,1592,839,753
050,22,109,"Louisiana","Terrebonne Parish",5,16,1542,768,774
050,22,109,"Louisiana","Terrebonne Parish",5,17,1501,770,731
050,22,109,"Louisiana","Terrebonne Parish",5,18,1304,734,570
050,22,109,"Louisiana","Terrebonne Parish",5,19,1101,585,516
050,22,109,"Louisiana","Terrebonne Parish",5,20,1109,569,540
050,22,109,"Louisiana","Terrebonne Parish",5,21,1115,551,564
050,22,109,"Louisiana","Terrebonne Parish",5,22,1270,634,636
050,22,109,"Louisiana","Terrebonne Parish",5,23,1234,631,603
050,22,109,"Louisiana","Terrebonne Parish",5,24,1219,627,592
050,22,109,"Louisiana","Terrebonne Parish",5,25,1272,658,614
050,22,109,"Louisiana","Terrebonne Parish",5,26,1229,633,596
050,22,109,"Louisiana","Terrebonne Parish",5,27,1134,569,565
050,22,109,"Louisiana","Terrebonne Parish",5,28,1227,633,594
050,22,109,"Louisiana","Terrebonne Parish",5,29,1200,606,594
050,22,109,"Louisiana","Terrebonne Parish",5,30,1295,659,636
050,22,109,"Louisiana","Terrebonne Parish",5,31,1332,703,629
050,22,109,"Louisiana","Terrebonne Parish",5,32,1391,671,720
050,22,109,"Louisiana","Terrebonne Parish",5,33,1435,697,738
050,22,109,"Louisiana","Terrebonne Parish",5,34,1356,667,689
050,22,109,"Louisiana","Terrebonne Parish",5,35,1364,674,690
050,22,109,"Louisiana","Terrebonne Parish",5,36,1348,686,662
050,22,109,"Louisiana","Terrebonne Parish",5,37,1367,694,673
050,22,109,"Louisiana","Terrebonne Parish",5,38,1345,676,669
050,22,109,"Louisiana","Terrebonne Parish",5,39,1353,682,671
050,22,109,"Louisiana","Terrebonne Parish",5,40,1431,692,739
050,22,109,"Louisiana","Terrebonne Parish",5,41,1454,722,732
050,22,109,"Louisiana","Terrebonne Parish",5,42,1438,699,739
050,22,109,"Louisiana","Terrebonne Parish",5,43,1437,715,722
050,22,109,"Louisiana","Terrebonne Parish",5,44,1346,657,689
050,22,109,"Louisiana","Terrebonne Parish",5,45,1275,641,634
050,22,109,"Louisiana","Terrebonne Parish",5,46,1257,633,624
050,22,109,"Louisiana","Terrebonne Parish",5,47,1106,537,569
050,22,109,"Louisiana","Terrebonne Parish",5,48,1167,601,566
050,22,109,"Louisiana","Terrebonne Parish",5,49,1103,553,550
050,22,109,"Louisiana","Terrebonne Parish",5,50,1155,598,557
050,22,109,"Louisiana","Terrebonne Parish",5,51,1200,607,593
050,22,109,"Louisiana","Terrebonne Parish",5,52,1259,626,633
050,22,109,"Louisiana","Terrebonne Parish",5,53,1226,609,617
050,22,109,"Louisiana","Terrebonne Parish",5,54,1217,576,641
050,22,109,"Louisiana","Terrebonne Parish",5,55,1279,623,656
050,22,109,"Louisiana","Terrebonne Parish",5,56,1356,663,693
050,22,109,"Louisiana","Terrebonne Parish",5,57,1355,649,706
050,22,109,"Louisiana","Terrebonne Parish",5,58,1379,678,701
050,22,109,"Louisiana","Terrebonne Parish",5,59,1421,703,718
050,22,109,"Louisiana","Terrebonne Parish",5,60,1372,656,716
050,22,109,"Louisiana","Terrebonne Parish",5,61,1420,700,720
050,22,109,"Louisiana","Terrebonne Parish",5,62,1471,726,745
050,22,109,"Louisiana","Terrebonne Parish",5,63,1438,709,729
050,22,109,"Louisiana","Terrebonne Parish",5,64,1368,676,692
050,22,109,"Louisiana","Terrebonne Parish",5,65,1271,640,631
050,22,109,"Louisiana","Terrebonne Parish",5,66,1285,647,638
050,22,109,"Louisiana","Terrebonne Parish",5,67,1135,562,573
050,22,109,"Louisiana","Terrebonne Parish",5,68,1086,530,556
050,22,109,"Louisiana","Terrebonne Parish",5,69,1082,539,543
050,22,109,"Louisiana","Terrebonne Parish",5,70,990,460,530
050,22,109,"Louisiana","Terrebonne Parish",5,71,934,430,504
050,22,109,"Louisiana","Terrebonne Parish",5,72,928,415,513
050,22,109,"Louisiana","Terrebonne Parish",5,73,867,404,463
050,22,109,"Louisiana","Terrebonne Parish",5,74,801,387,414
050,22,109,"Louisiana","Terrebonne Parish",5,75,773,358,415
050,22,109,"Louisiana","Terrebonne Parish",5,76,815,359,456
050,22,109,"Louisiana","Terrebonne Parish",5,77,599,269,330
050,22,109,"Louisiana","Terrebonne Parish",5,78,533,234,299
050,22,109,"Louisiana","Terrebonne Parish",5,79,487,210,277
050,22,109,"Louisiana","Terrebonne Parish",5,80,459,192,267
050,22,109,"Louisiana","Terrebonne Parish",5,81,412,170,242
050,22,109,"Louisiana","Terrebonne Parish",5,82,386,157,229
050,22,109,"Louisiana","Terrebonne Parish",5,83,340,129,211
050,22,109,"Louisiana","Terrebonne Parish",5,84,316,128,188
050,22,109,"Louisiana","Terrebonne Parish",5,85,1519,568,951
050,22,111,"Louisiana","Union Parish",1,0,218,110,108
050,22,111,"Louisiana","Union Parish",1,1,226,112,114
050,22,111,"Louisiana","Union Parish",1,2,225,111,114
050,22,111,"Louisiana","Union Parish",1,3,269,146,123
050,22,111,"Louisiana","Union Parish",1,4,259,134,125
050,22,111,"Louisiana","Union Parish",1,5,247,127,120
050,22,111,"Louisiana","Union Parish",1,6,230,119,111
050,22,111,"Louisiana","Union Parish",1,7,250,127,123
050,22,111,"Louisiana","Union Parish",1,8,255,124,131
050,22,111,"Louisiana","Union Parish",1,9,237,121,116
050,22,111,"Louisiana","Union Parish",1,10,255,128,127
050,22,111,"Louisiana","Union Parish",1,11,266,141,125
050,22,111,"Louisiana","Union Parish",1,12,288,151,137
050,22,111,"Louisiana","Union Parish",1,13,274,147,127
050,22,111,"Louisiana","Union Parish",1,14,268,121,147
050,22,111,"Louisiana","Union Parish",1,15,285,141,144
050,22,111,"Louisiana","Union Parish",1,16,274,146,128
050,22,111,"Louisiana","Union Parish",1,17,272,151,121
050,22,111,"Louisiana","Union Parish",1,18,242,129,113
050,22,111,"Louisiana","Union Parish",1,19,203,106,97
050,22,111,"Louisiana","Union Parish",1,20,211,117,94
050,22,111,"Louisiana","Union Parish",1,21,208,107,101
050,22,111,"Louisiana","Union Parish",1,22,220,107,113
050,22,111,"Louisiana","Union Parish",1,23,221,105,116
050,22,111,"Louisiana","Union Parish",1,24,221,108,113
050,22,111,"Louisiana","Union Parish",1,25,225,114,111
050,22,111,"Louisiana","Union Parish",1,26,236,117,119
050,22,111,"Louisiana","Union Parish",1,27,230,111,119
050,22,111,"Louisiana","Union Parish",1,28,245,117,128
050,22,111,"Louisiana","Union Parish",1,29,244,121,123
050,22,111,"Louisiana","Union Parish",1,30,248,115,133
050,22,111,"Louisiana","Union Parish",1,31,247,125,122
050,22,111,"Louisiana","Union Parish",1,32,250,119,131
050,22,111,"Louisiana","Union Parish",1,33,229,115,114
050,22,111,"Louisiana","Union Parish",1,34,216,108,108
050,22,111,"Louisiana","Union Parish",1,35,216,105,111
050,22,111,"Louisiana","Union Parish",1,36,227,106,121
050,22,111,"Louisiana","Union Parish",1,37,242,122,120
050,22,111,"Louisiana","Union Parish",1,38,236,106,130
050,22,111,"Louisiana","Union Parish",1,39,221,98,123
050,22,111,"Louisiana","Union Parish",1,40,264,134,130
050,22,111,"Louisiana","Union Parish",1,41,258,126,132
050,22,111,"Louisiana","Union Parish",1,42,236,119,117
050,22,111,"Louisiana","Union Parish",1,43,218,114,104
050,22,111,"Louisiana","Union Parish",1,44,201,112,89
050,22,111,"Louisiana","Union Parish",1,45,219,117,102
050,22,111,"Louisiana","Union Parish",1,46,232,112,120
050,22,111,"Louisiana","Union Parish",1,47,242,111,131
050,22,111,"Louisiana","Union Parish",1,48,251,120,131
050,22,111,"Louisiana","Union Parish",1,49,265,129,136
050,22,111,"Louisiana","Union Parish",1,50,266,133,133
050,22,111,"Louisiana","Union Parish",1,51,263,126,137
050,22,111,"Louisiana","Union Parish",1,52,251,124,127
050,22,111,"Louisiana","Union Parish",1,53,256,130,126
050,22,111,"Louisiana","Union Parish",1,54,256,138,118
050,22,111,"Louisiana","Union Parish",1,55,272,140,132
050,22,111,"Louisiana","Union Parish",1,56,315,144,171
050,22,111,"Louisiana","Union Parish",1,57,319,150,169
050,22,111,"Louisiana","Union Parish",1,58,344,164,180
050,22,111,"Louisiana","Union Parish",1,59,335,153,182
050,22,111,"Louisiana","Union Parish",1,60,309,149,160
050,22,111,"Louisiana","Union Parish",1,61,337,177,160
050,22,111,"Louisiana","Union Parish",1,62,351,177,174
050,22,111,"Louisiana","Union Parish",1,63,350,172,178
050,22,111,"Louisiana","Union Parish",1,64,345,160,185
050,22,111,"Louisiana","Union Parish",1,65,324,155,169
050,22,111,"Louisiana","Union Parish",1,66,279,144,135
050,22,111,"Louisiana","Union Parish",1,67,272,145,127
050,22,111,"Louisiana","Union Parish",1,68,279,141,138
050,22,111,"Louisiana","Union Parish",1,69,242,114,128
050,22,111,"Louisiana","Union Parish",1,70,240,120,120
050,22,111,"Louisiana","Union Parish",1,71,274,133,141
050,22,111,"Louisiana","Union Parish",1,72,262,134,128
050,22,111,"Louisiana","Union Parish",1,73,265,147,118
050,22,111,"Louisiana","Union Parish",1,74,179,85,94
050,22,111,"Louisiana","Union Parish",1,75,184,92,92
050,22,111,"Louisiana","Union Parish",1,76,172,88,84
050,22,111,"Louisiana","Union Parish",1,77,169,76,93
050,22,111,"Louisiana","Union Parish",1,78,169,66,103
050,22,111,"Louisiana","Union Parish",1,79,143,65,78
050,22,111,"Louisiana","Union Parish",1,80,119,61,58
050,22,111,"Louisiana","Union Parish",1,81,116,54,62
050,22,111,"Louisiana","Union Parish",1,82,113,47,66
050,22,111,"Louisiana","Union Parish",1,83,101,47,54
050,22,111,"Louisiana","Union Parish",1,84,88,35,53
050,22,111,"Louisiana","Union Parish",1,85,524,193,331
050,22,111,"Louisiana","Union Parish",2,0,229,113,116
050,22,111,"Louisiana","Union Parish",2,1,223,111,112
050,22,111,"Louisiana","Union Parish",2,2,225,112,113
050,22,111,"Louisiana","Union Parish",2,3,258,137,121
050,22,111,"Louisiana","Union Parish",2,4,265,138,127
050,22,111,"Louisiana","Union Parish",2,5,250,128,122
050,22,111,"Louisiana","Union Parish",2,6,238,122,116
050,22,111,"Louisiana","Union Parish",2,7,246,124,122
050,22,111,"Louisiana","Union Parish",2,8,252,124,128
050,22,111,"Louisiana","Union Parish",2,9,241,122,119
050,22,111,"Louisiana","Union Parish",2,10,251,126,125
050,22,111,"Louisiana","Union Parish",2,11,263,137,126
050,22,111,"Louisiana","Union Parish",2,12,285,149,136
050,22,111,"Louisiana","Union Parish",2,13,275,145,130
050,22,111,"Louisiana","Union Parish",2,14,269,127,142
050,22,111,"Louisiana","Union Parish",2,15,282,136,146
050,22,111,"Louisiana","Union Parish",2,16,275,145,130
050,22,111,"Louisiana","Union Parish",2,17,272,149,123
050,22,111,"Louisiana","Union Parish",2,18,239,129,110
050,22,111,"Louisiana","Union Parish",2,19,203,107,96
050,22,111,"Louisiana","Union Parish",2,20,211,115,96
050,22,111,"Louisiana","Union Parish",2,21,211,111,100
050,22,111,"Louisiana","Union Parish",2,22,220,108,112
050,22,111,"Louisiana","Union Parish",2,23,225,107,118
050,22,111,"Louisiana","Union Parish",2,24,223,109,114
050,22,111,"Louisiana","Union Parish",2,25,225,114,111
050,22,111,"Louisiana","Union Parish",2,26,235,117,118
050,22,111,"Louisiana","Union Parish",2,27,230,111,119
050,22,111,"Louisiana","Union Parish",2,28,242,116,126
050,22,111,"Louisiana","Union Parish",2,29,245,119,126
050,22,111,"Louisiana","Union Parish",2,30,248,117,131
050,22,111,"Louisiana","Union Parish",2,31,244,120,124
050,22,111,"Louisiana","Union Parish",2,32,249,121,128
050,22,111,"Louisiana","Union Parish",2,33,234,117,117
050,22,111,"Louisiana","Union Parish",2,34,219,109,110
050,22,111,"Louisiana","Union Parish",2,35,216,107,109
050,22,111,"Louisiana","Union Parish",2,36,222,104,118
050,22,111,"Louisiana","Union Parish",2,37,237,117,120
050,22,111,"Louisiana","Union Parish",2,38,238,109,129
050,22,111,"Louisiana","Union Parish",2,39,224,101,123
050,22,111,"Louisiana","Union Parish",2,40,256,127,129
050,22,111,"Louisiana","Union Parish",2,41,259,127,132
050,22,111,"Louisiana","Union Parish",2,42,243,121,122
050,22,111,"Louisiana","Union Parish",2,43,224,116,108
050,22,111,"Louisiana","Union Parish",2,44,204,113,91
050,22,111,"Louisiana","Union Parish",2,45,217,117,100
050,22,111,"Louisiana","Union Parish",2,46,229,114,115
050,22,111,"Louisiana","Union Parish",2,47,238,110,128
050,22,111,"Louisiana","Union Parish",2,48,252,119,133
050,22,111,"Louisiana","Union Parish",2,49,265,128,137
050,22,111,"Louisiana","Union Parish",2,50,268,133,135
050,22,111,"Louisiana","Union Parish",2,51,261,127,134
050,22,111,"Louisiana","Union Parish",2,52,253,125,128
050,22,111,"Louisiana","Union Parish",2,53,253,128,125
050,22,111,"Louisiana","Union Parish",2,54,253,133,120
050,22,111,"Louisiana","Union Parish",2,55,269,139,130
050,22,111,"Louisiana","Union Parish",2,56,308,144,164
050,22,111,"Louisiana","Union Parish",2,57,319,148,171
050,22,111,"Louisiana","Union Parish",2,58,338,161,177
050,22,111,"Louisiana","Union Parish",2,59,339,156,183
050,22,111,"Louisiana","Union Parish",2,60,311,149,162
050,22,111,"Louisiana","Union Parish",2,61,328,168,160
050,22,111,"Louisiana","Union Parish",2,62,347,176,171
050,22,111,"Louisiana","Union Parish",2,63,353,175,178
050,22,111,"Louisiana","Union Parish",2,64,344,162,182
050,22,111,"Louisiana","Union Parish",2,65,329,156,173
050,22,111,"Louisiana","Union Parish",2,66,288,146,142
050,22,111,"Louisiana","Union Parish",2,67,273,143,130
050,22,111,"Louisiana","Union Parish",2,68,273,138,135
050,22,111,"Louisiana","Union Parish",2,69,248,119,129
050,22,111,"Louisiana","Union Parish",2,70,237,116,121
050,22,111,"Louisiana","Union Parish",2,71,264,127,137
050,22,111,"Louisiana","Union Parish",2,72,263,134,129
050,22,111,"Louisiana","Union Parish",2,73,278,151,127
050,22,111,"Louisiana","Union Parish",2,74,184,90,94
050,22,111,"Louisiana","Union Parish",2,75,182,91,91
050,22,111,"Louisiana","Union Parish",2,76,169,86,83
050,22,111,"Louisiana","Union Parish",2,77,173,79,94
050,22,111,"Louisiana","Union Parish",2,78,163,68,95
050,22,111,"Louisiana","Union Parish",2,79,146,65,81
050,22,111,"Louisiana","Union Parish",2,80,120,59,61
050,22,111,"Louisiana","Union Parish",2,81,117,55,62
050,22,111,"Louisiana","Union Parish",2,82,110,47,63
050,22,111,"Louisiana","Union Parish",2,83,98,46,52
050,22,111,"Louisiana","Union Parish",2,84,87,34,53
050,22,111,"Louisiana","Union Parish",2,85,520,192,328
050,22,111,"Louisiana","Union Parish",3,0,214,110,104
050,22,111,"Louisiana","Union Parish",3,1,230,107,123
050,22,111,"Louisiana","Union Parish",3,2,235,116,119
050,22,111,"Louisiana","Union Parish",3,3,243,117,126
050,22,111,"Louisiana","Union Parish",3,4,255,134,121
050,22,111,"Louisiana","Union Parish",3,5,268,139,129
050,22,111,"Louisiana","Union Parish",3,6,247,134,113
050,22,111,"Louisiana","Union Parish",3,7,228,120,108
050,22,111,"Louisiana","Union Parish",3,8,242,126,116
050,22,111,"Louisiana","Union Parish",3,9,260,129,131
050,22,111,"Louisiana","Union Parish",3,10,247,123,124
050,22,111,"Louisiana","Union Parish",3,11,250,122,128
050,22,111,"Louisiana","Union Parish",3,12,278,144,134
050,22,111,"Louisiana","Union Parish",3,13,279,154,125
050,22,111,"Louisiana","Union Parish",3,14,274,146,128
050,22,111,"Louisiana","Union Parish",3,15,264,130,134
050,22,111,"Louisiana","Union Parish",3,16,289,147,142
050,22,111,"Louisiana","Union Parish",3,17,272,148,124
050,22,111,"Louisiana","Union Parish",3,18,234,134,100
050,22,111,"Louisiana","Union Parish",3,19,206,111,95
050,22,111,"Louisiana","Union Parish",3,20,226,117,109
050,22,111,"Louisiana","Union Parish",3,21,220,121,99
050,22,111,"Louisiana","Union Parish",3,22,231,120,111
050,22,111,"Louisiana","Union Parish",3,23,217,107,110
050,22,111,"Louisiana","Union Parish",3,24,218,108,110
050,22,111,"Louisiana","Union Parish",3,25,221,107,114
050,22,111,"Louisiana","Union Parish",3,26,228,116,112
050,22,111,"Louisiana","Union Parish",3,27,231,113,118
050,22,111,"Louisiana","Union Parish",3,28,227,111,116
050,22,111,"Louisiana","Union Parish",3,29,240,111,129
050,22,111,"Louisiana","Union Parish",3,30,237,114,123
050,22,111,"Louisiana","Union Parish",3,31,255,119,136
050,22,111,"Louisiana","Union Parish",3,32,238,114,124
050,22,111,"Louisiana","Union Parish",3,33,249,124,125
050,22,111,"Louisiana","Union Parish",3,34,231,120,111
050,22,111,"Louisiana","Union Parish",3,35,205,98,107
050,22,111,"Louisiana","Union Parish",3,36,207,103,104
050,22,111,"Louisiana","Union Parish",3,37,229,107,122
050,22,111,"Louisiana","Union Parish",3,38,243,124,119
050,22,111,"Louisiana","Union Parish",3,39,239,107,132
050,22,111,"Louisiana","Union Parish",3,40,226,103,123
050,22,111,"Louisiana","Union Parish",3,41,252,127,125
050,22,111,"Louisiana","Union Parish",3,42,260,132,128
050,22,111,"Louisiana","Union Parish",3,43,247,122,125
050,22,111,"Louisiana","Union Parish",3,44,235,118,117
050,22,111,"Louisiana","Union Parish",3,45,197,106,91
050,22,111,"Louisiana","Union Parish",3,46,217,114,103
050,22,111,"Louisiana","Union Parish",3,47,235,114,121
050,22,111,"Louisiana","Union Parish",3,48,239,112,127
050,22,111,"Louisiana","Union Parish",3,49,255,121,134
050,22,111,"Louisiana","Union Parish",3,50,268,131,137
050,22,111,"Louisiana","Union Parish",3,51,270,138,132
050,22,111,"Louisiana","Union Parish",3,52,257,124,133
050,22,111,"Louisiana","Union Parish",3,53,261,132,129
050,22,111,"Louisiana","Union Parish",3,54,253,130,123
050,22,111,"Louisiana","Union Parish",3,55,254,135,119
050,22,111,"Louisiana","Union Parish",3,56,283,138,145
050,22,111,"Louisiana","Union Parish",3,57,301,141,160
050,22,111,"Louisiana","Union Parish",3,58,314,152,162
050,22,111,"Louisiana","Union Parish",3,59,334,157,177
050,22,111,"Louisiana","Union Parish",3,60,335,156,179
050,22,111,"Louisiana","Union Parish",3,61,305,144,161
050,22,111,"Louisiana","Union Parish",3,62,324,166,158
050,22,111,"Louisiana","Union Parish",3,63,339,178,161
050,22,111,"Louisiana","Union Parish",3,64,337,158,179
050,22,111,"Louisiana","Union Parish",3,65,348,162,186
050,22,111,"Louisiana","Union Parish",3,66,304,143,161
050,22,111,"Louisiana","Union Parish",3,67,271,133,138
050,22,111,"Louisiana","Union Parish",3,68,277,143,134
050,22,111,"Louisiana","Union Parish",3,69,256,130,126
050,22,111,"Louisiana","Union Parish",3,70,247,114,133
050,22,111,"Louisiana","Union Parish",3,71,235,116,119
050,22,111,"Louisiana","Union Parish",3,72,247,117,130
050,22,111,"Louisiana","Union Parish",3,73,266,134,132
050,22,111,"Louisiana","Union Parish",3,74,260,137,123
050,22,111,"Louisiana","Union Parish",3,75,168,86,82
050,22,111,"Louisiana","Union Parish",3,76,160,79,81
050,22,111,"Louisiana","Union Parish",3,77,171,81,90
050,22,111,"Louisiana","Union Parish",3,78,170,78,92
050,22,111,"Louisiana","Union Parish",3,79,142,63,79
050,22,111,"Louisiana","Union Parish",3,80,135,58,77
050,22,111,"Louisiana","Union Parish",3,81,115,50,65
050,22,111,"Louisiana","Union Parish",3,82,103,44,59
050,22,111,"Louisiana","Union Parish",3,83,97,44,53
050,22,111,"Louisiana","Union Parish",3,84,86,35,51
050,22,111,"Louisiana","Union Parish",3,85,538,195,343
050,22,111,"Louisiana","Union Parish",4,0,195,89,106
050,22,111,"Louisiana","Union Parish",4,1,217,99,118
050,22,111,"Louisiana","Union Parish",4,2,228,106,122
050,22,111,"Louisiana","Union Parish",4,3,235,119,116
050,22,111,"Louisiana","Union Parish",4,4,239,115,124
050,22,111,"Louisiana","Union Parish",4,5,247,127,120
050,22,111,"Louisiana","Union Parish",4,6,261,137,124
050,22,111,"Louisiana","Union Parish",4,7,244,132,112
050,22,111,"Louisiana","Union Parish",4,8,218,110,108
050,22,111,"Louisiana","Union Parish",4,9,227,117,110
050,22,111,"Louisiana","Union Parish",4,10,248,125,123
050,22,111,"Louisiana","Union Parish",4,11,250,126,124
050,22,111,"Louisiana","Union Parish",4,12,250,125,125
050,22,111,"Louisiana","Union Parish",4,13,264,139,125
050,22,111,"Louisiana","Union Parish",4,14,272,149,123
050,22,111,"Louisiana","Union Parish",4,15,269,142,127
050,22,111,"Louisiana","Union Parish",4,16,255,122,133
050,22,111,"Louisiana","Union Parish",4,17,290,146,144
050,22,111,"Louisiana","Union Parish",4,18,218,126,92
050,22,111,"Louisiana","Union Parish",4,19,180,103,77
050,22,111,"Louisiana","Union Parish",4,20,209,110,99
050,22,111,"Louisiana","Union Parish",4,21,225,118,107
050,22,111,"Louisiana","Union Parish",4,22,214,123,91
050,22,111,"Louisiana","Union Parish",4,23,225,111,114
050,22,111,"Louisiana","Union Parish",4,24,225,109,116
050,22,111,"Louisiana","Union Parish",4,25,221,107,114
050,22,111,"Louisiana","Union Parish",4,26,220,116,104
050,22,111,"Louisiana","Union Parish",4,27,218,110,108
050,22,111,"Louisiana","Union Parish",4,28,229,118,111
050,22,111,"Louisiana","Union Parish",4,29,223,107,116
050,22,111,"Louisiana","Union Parish",4,30,229,104,125
050,22,111,"Louisiana","Union Parish",4,31,224,111,113
050,22,111,"Louisiana","Union Parish",4,32,239,117,122
050,22,111,"Louisiana","Union Parish",4,33,258,134,124
050,22,111,"Louisiana","Union Parish",4,34,248,130,118
050,22,111,"Louisiana","Union Parish",4,35,225,116,109
050,22,111,"Louisiana","Union Parish",4,36,200,95,105
050,22,111,"Louisiana","Union Parish",4,37,200,95,105
050,22,111,"Louisiana","Union Parish",4,38,233,105,128
050,22,111,"Louisiana","Union Parish",4,39,240,130,110
050,22,111,"Louisiana","Union Parish",4,40,241,112,129
050,22,111,"Louisiana","Union Parish",4,41,222,98,124
050,22,111,"Louisiana","Union Parish",4,42,236,118,118
050,22,111,"Louisiana","Union Parish",4,43,255,129,126
050,22,111,"Louisiana","Union Parish",4,44,243,120,123
050,22,111,"Louisiana","Union Parish",4,45,232,115,117
050,22,111,"Louisiana","Union Parish",4,46,202,113,89
050,22,111,"Louisiana","Union Parish",4,47,218,115,103
050,22,111,"Louisiana","Union Parish",4,48,245,116,129
050,22,111,"Louisiana","Union Parish",4,49,249,120,129
050,22,111,"Louisiana","Union Parish",4,50,249,117,132
050,22,111,"Louisiana","Union Parish",4,51,276,133,143
050,22,111,"Louisiana","Union Parish",4,52,269,138,131
050,22,111,"Louisiana","Union Parish",4,53,272,136,136
050,22,111,"Louisiana","Union Parish",4,54,266,136,130
050,22,111,"Louisiana","Union Parish",4,55,254,132,122
050,22,111,"Louisiana","Union Parish",4,56,258,129,129
050,22,111,"Louisiana","Union Parish",4,57,273,139,134
050,22,111,"Louisiana","Union Parish",4,58,306,145,161
050,22,111,"Louisiana","Union Parish",4,59,317,145,172
050,22,111,"Louisiana","Union Parish",4,60,327,155,172
050,22,111,"Louisiana","Union Parish",4,61,326,150,176
050,22,111,"Louisiana","Union Parish",4,62,303,139,164
050,22,111,"Louisiana","Union Parish",4,63,318,165,153
050,22,111,"Louisiana","Union Parish",4,64,339,174,165
050,22,111,"Louisiana","Union Parish",4,65,346,163,183
050,22,111,"Louisiana","Union Parish",4,66,321,151,170
050,22,111,"Louisiana","Union Parish",4,67,295,134,161
050,22,111,"Louisiana","Union Parish",4,68,275,134,141
050,22,111,"Louisiana","Union Parish",4,69,268,143,125
050,22,111,"Louisiana","Union Parish",4,70,249,125,124
050,22,111,"Louisiana","Union Parish",4,71,247,116,131
050,22,111,"Louisiana","Union Parish",4,72,228,110,118
050,22,111,"Louisiana","Union Parish",4,73,255,125,130
050,22,111,"Louisiana","Union Parish",4,74,253,119,134
050,22,111,"Louisiana","Union Parish",4,75,251,137,114
050,22,111,"Louisiana","Union Parish",4,76,145,75,70
050,22,111,"Louisiana","Union Parish",4,77,164,76,88
050,22,111,"Louisiana","Union Parish",4,78,169,83,86
050,22,111,"Louisiana","Union Parish",4,79,156,75,81
050,22,111,"Louisiana","Union Parish",4,80,137,60,77
050,22,111,"Louisiana","Union Parish",4,81,127,51,76
050,22,111,"Louisiana","Union Parish",4,82,109,43,66
050,22,111,"Louisiana","Union Parish",4,83,90,45,45
050,22,111,"Louisiana","Union Parish",4,84,84,33,51
050,22,111,"Louisiana","Union Parish",4,85,552,192,360
050,22,111,"Louisiana","Union Parish",5,0,189,85,104
050,22,111,"Louisiana","Union Parish",5,1,224,101,123
050,22,111,"Louisiana","Union Parish",5,2,224,99,125
050,22,111,"Louisiana","Union Parish",5,3,228,111,117
050,22,111,"Louisiana","Union Parish",5,4,235,122,113
050,22,111,"Louisiana","Union Parish",5,5,228,108,120
050,22,111,"Louisiana","Union Parish",5,6,248,134,114
050,22,111,"Louisiana","Union Parish",5,7,249,129,120
050,22,111,"Louisiana","Union Parish",5,8,244,137,107
050,22,111,"Louisiana","Union Parish",5,9,227,114,113
050,22,111,"Louisiana","Union Parish",5,10,224,108,116
050,22,111,"Louisiana","Union Parish",5,11,250,122,128
050,22,111,"Louisiana","Union Parish",5,12,246,125,121
050,22,111,"Louisiana","Union Parish",5,13,256,134,122
050,22,111,"Louisiana","Union Parish",5,14,273,142,131
050,22,111,"Louisiana","Union Parish",5,15,267,145,122
050,22,111,"Louisiana","Union Parish",5,16,266,140,126
050,22,111,"Louisiana","Union Parish",5,17,254,121,133
050,22,111,"Louisiana","Union Parish",5,18,245,129,116
050,22,111,"Louisiana","Union Parish",5,19,173,104,69
050,22,111,"Louisiana","Union Parish",5,20,189,105,84
050,22,111,"Louisiana","Union Parish",5,21,213,108,105
050,22,111,"Louisiana","Union Parish",5,22,241,127,114
050,22,111,"Louisiana","Union Parish",5,23,230,129,101
050,22,111,"Louisiana","Union Parish",5,24,233,120,113
050,22,111,"Louisiana","Union Parish",5,25,238,119,119
050,22,111,"Louisiana","Union Parish",5,26,226,111,115
050,22,111,"Louisiana","Union Parish",5,27,215,108,107
050,22,111,"Louisiana","Union Parish",5,28,209,106,103
050,22,111,"Louisiana","Union Parish",5,29,218,113,105
050,22,111,"Louisiana","Union Parish",5,30,214,104,110
050,22,111,"Louisiana","Union Parish",5,31,233,105,128
050,22,111,"Louisiana","Union Parish",5,32,226,108,118
050,22,111,"Louisiana","Union Parish",5,33,244,129,115
050,22,111,"Louisiana","Union Parish",5,34,250,130,120
050,22,111,"Louisiana","Union Parish",5,35,233,121,112
050,22,111,"Louisiana","Union Parish",5,36,229,115,114
050,22,111,"Louisiana","Union Parish",5,37,214,107,107
050,22,111,"Louisiana","Union Parish",5,38,198,87,111
050,22,111,"Louisiana","Union Parish",5,39,234,108,126
050,22,111,"Louisiana","Union Parish",5,40,247,135,112
050,22,111,"Louisiana","Union Parish",5,41,242,110,132
050,22,111,"Louisiana","Union Parish",5,42,225,101,124
050,22,111,"Louisiana","Union Parish",5,43,241,121,120
050,22,111,"Louisiana","Union Parish",5,44,246,119,127
050,22,111,"Louisiana","Union Parish",5,45,237,114,123
050,22,111,"Louisiana","Union Parish",5,46,242,120,122
050,22,111,"Louisiana","Union Parish",5,47,196,114,82
050,22,111,"Louisiana","Union Parish",5,48,228,116,112
050,22,111,"Louisiana","Union Parish",5,49,244,113,131
050,22,111,"Louisiana","Union Parish",5,50,243,116,127
050,22,111,"Louisiana","Union Parish",5,51,241,112,129
050,22,111,"Louisiana","Union Parish",5,52,271,131,140
050,22,111,"Louisiana","Union Parish",5,53,274,144,130
050,22,111,"Louisiana","Union Parish",5,54,260,135,125
050,22,111,"Louisiana","Union Parish",5,55,254,131,123
050,22,111,"Louisiana","Union Parish",5,56,264,131,133
050,22,111,"Louisiana","Union Parish",5,57,236,120,116
050,22,111,"Louisiana","Union Parish",5,58,285,149,136
050,22,111,"Louisiana","Union Parish",5,59,301,139,162
050,22,111,"Louisiana","Union Parish",5,60,319,149,170
050,22,111,"Louisiana","Union Parish",5,61,332,154,178
050,22,111,"Louisiana","Union Parish",5,62,329,145,184
050,22,111,"Louisiana","Union Parish",5,63,302,139,163
050,22,111,"Louisiana","Union Parish",5,64,310,162,148
050,22,111,"Louisiana","Union Parish",5,65,351,183,168
050,22,111,"Louisiana","Union Parish",5,66,322,148,174
050,22,111,"Louisiana","Union Parish",5,67,309,142,167
050,22,111,"Louisiana","Union Parish",5,68,289,126,163
050,22,111,"Louisiana","Union Parish",5,69,267,134,133
050,22,111,"Louisiana","Union Parish",5,70,260,139,121
050,22,111,"Louisiana","Union Parish",5,71,242,126,116
050,22,111,"Louisiana","Union Parish",5,72,242,113,129
050,22,111,"Louisiana","Union Parish",5,73,235,113,122
050,22,111,"Louisiana","Union Parish",5,74,240,110,130
050,22,111,"Louisiana","Union Parish",5,75,249,123,126
050,22,111,"Louisiana","Union Parish",5,76,226,127,99
050,22,111,"Louisiana","Union Parish",5,77,147,73,74
050,22,111,"Louisiana","Union Parish",5,78,164,78,86
050,22,111,"Louisiana","Union Parish",5,79,152,80,72
050,22,111,"Louisiana","Union Parish",5,80,153,75,78
050,22,111,"Louisiana","Union Parish",5,81,121,49,72
050,22,111,"Louisiana","Union Parish",5,82,118,45,73
050,22,111,"Louisiana","Union Parish",5,83,99,41,58
050,22,111,"Louisiana","Union Parish",5,84,77,35,42
050,22,111,"Louisiana","Union Parish",5,85,581,201,380
050,22,113,"Louisiana","Vermilion Parish",1,0,684,353,331
050,22,113,"Louisiana","Vermilion Parish",1,1,711,359,352
050,22,113,"Louisiana","Vermilion Parish",1,2,730,379,351
050,22,113,"Louisiana","Vermilion Parish",1,3,727,379,348
050,22,113,"Louisiana","Vermilion Parish",1,4,787,389,398
050,22,113,"Louisiana","Vermilion Parish",1,5,778,383,395
050,22,113,"Louisiana","Vermilion Parish",1,6,736,379,357
050,22,113,"Louisiana","Vermilion Parish",1,7,774,386,388
050,22,113,"Louisiana","Vermilion Parish",1,8,812,401,411
050,22,113,"Louisiana","Vermilion Parish",1,9,788,397,391
050,22,113,"Louisiana","Vermilion Parish",1,10,878,440,438
050,22,113,"Louisiana","Vermilion Parish",1,11,864,430,434
050,22,113,"Louisiana","Vermilion Parish",1,12,912,462,450
050,22,113,"Louisiana","Vermilion Parish",1,13,904,458,446
050,22,113,"Louisiana","Vermilion Parish",1,14,831,427,404
050,22,113,"Louisiana","Vermilion Parish",1,15,840,413,427
050,22,113,"Louisiana","Vermilion Parish",1,16,844,433,411
050,22,113,"Louisiana","Vermilion Parish",1,17,839,436,403
050,22,113,"Louisiana","Vermilion Parish",1,18,734,377,357
050,22,113,"Louisiana","Vermilion Parish",1,19,579,295,284
050,22,113,"Louisiana","Vermilion Parish",1,20,617,318,299
050,22,113,"Louisiana","Vermilion Parish",1,21,646,325,321
050,22,113,"Louisiana","Vermilion Parish",1,22,641,318,323
050,22,113,"Louisiana","Vermilion Parish",1,23,629,294,335
050,22,113,"Louisiana","Vermilion Parish",1,24,610,290,320
050,22,113,"Louisiana","Vermilion Parish",1,25,634,313,321
050,22,113,"Louisiana","Vermilion Parish",1,26,661,328,333
050,22,113,"Louisiana","Vermilion Parish",1,27,668,328,340
050,22,113,"Louisiana","Vermilion Parish",1,28,701,353,348
050,22,113,"Louisiana","Vermilion Parish",1,29,765,355,410
050,22,113,"Louisiana","Vermilion Parish",1,30,751,341,410
050,22,113,"Louisiana","Vermilion Parish",1,31,709,351,358
050,22,113,"Louisiana","Vermilion Parish",1,32,691,329,362
050,22,113,"Louisiana","Vermilion Parish",1,33,682,302,380
050,22,113,"Louisiana","Vermilion Parish",1,34,736,338,398
050,22,113,"Louisiana","Vermilion Parish",1,35,719,343,376
050,22,113,"Louisiana","Vermilion Parish",1,36,725,361,364
050,22,113,"Louisiana","Vermilion Parish",1,37,770,363,407
050,22,113,"Louisiana","Vermilion Parish",1,38,790,384,406
050,22,113,"Louisiana","Vermilion Parish",1,39,818,410,408
050,22,113,"Louisiana","Vermilion Parish",1,40,771,377,394
050,22,113,"Louisiana","Vermilion Parish",1,41,698,335,363
050,22,113,"Louisiana","Vermilion Parish",1,42,734,358,376
050,22,113,"Louisiana","Vermilion Parish",1,43,692,335,357
050,22,113,"Louisiana","Vermilion Parish",1,44,656,331,325
050,22,113,"Louisiana","Vermilion Parish",1,45,651,337,314
050,22,113,"Louisiana","Vermilion Parish",1,46,631,320,311
050,22,113,"Louisiana","Vermilion Parish",1,47,638,331,307
050,22,113,"Louisiana","Vermilion Parish",1,48,681,325,356
050,22,113,"Louisiana","Vermilion Parish",1,49,696,335,361
050,22,113,"Louisiana","Vermilion Parish",1,50,687,325,362
050,22,113,"Louisiana","Vermilion Parish",1,51,691,338,353
050,22,113,"Louisiana","Vermilion Parish",1,52,686,352,334
050,22,113,"Louisiana","Vermilion Parish",1,53,725,361,364
050,22,113,"Louisiana","Vermilion Parish",1,54,715,342,373
050,22,113,"Louisiana","Vermilion Parish",1,55,753,369,384
050,22,113,"Louisiana","Vermilion Parish",1,56,800,391,409
050,22,113,"Louisiana","Vermilion Parish",1,57,799,372,427
050,22,113,"Louisiana","Vermilion Parish",1,58,838,395,443
050,22,113,"Louisiana","Vermilion Parish",1,59,807,400,407
050,22,113,"Louisiana","Vermilion Parish",1,60,810,396,414
050,22,113,"Louisiana","Vermilion Parish",1,61,814,404,410
050,22,113,"Louisiana","Vermilion Parish",1,62,805,399,406
050,22,113,"Louisiana","Vermilion Parish",1,63,775,389,386
050,22,113,"Louisiana","Vermilion Parish",1,64,709,341,368
050,22,113,"Louisiana","Vermilion Parish",1,65,707,344,363
050,22,113,"Louisiana","Vermilion Parish",1,66,646,301,345
050,22,113,"Louisiana","Vermilion Parish",1,67,575,257,318
050,22,113,"Louisiana","Vermilion Parish",1,68,574,300,274
050,22,113,"Louisiana","Vermilion Parish",1,69,550,266,284
050,22,113,"Louisiana","Vermilion Parish",1,70,526,250,276
050,22,113,"Louisiana","Vermilion Parish",1,71,494,248,246
050,22,113,"Louisiana","Vermilion Parish",1,72,464,224,240
050,22,113,"Louisiana","Vermilion Parish",1,73,455,192,263
050,22,113,"Louisiana","Vermilion Parish",1,74,332,147,185
050,22,113,"Louisiana","Vermilion Parish",1,75,333,155,178
050,22,113,"Louisiana","Vermilion Parish",1,76,334,147,187
050,22,113,"Louisiana","Vermilion Parish",1,77,333,146,187
050,22,113,"Louisiana","Vermilion Parish",1,78,276,119,157
050,22,113,"Louisiana","Vermilion Parish",1,79,257,109,148
050,22,113,"Louisiana","Vermilion Parish",1,80,264,113,151
050,22,113,"Louisiana","Vermilion Parish",1,81,248,101,147
050,22,113,"Louisiana","Vermilion Parish",1,82,236,99,137
050,22,113,"Louisiana","Vermilion Parish",1,83,176,79,97
050,22,113,"Louisiana","Vermilion Parish",1,84,189,86,103
050,22,113,"Louisiana","Vermilion Parish",1,85,1060,352,708
050,22,113,"Louisiana","Vermilion Parish",2,0,680,357,323
050,22,113,"Louisiana","Vermilion Parish",2,1,703,356,347
050,22,113,"Louisiana","Vermilion Parish",2,2,723,376,347
050,22,113,"Louisiana","Vermilion Parish",2,3,724,375,349
050,22,113,"Louisiana","Vermilion Parish",2,4,774,384,390
050,22,113,"Louisiana","Vermilion Parish",2,5,778,382,396
050,22,113,"Louisiana","Vermilion Parish",2,6,747,381,366
050,22,113,"Louisiana","Vermilion Parish",2,7,768,386,382
050,22,113,"Louisiana","Vermilion Parish",2,8,798,396,402
050,22,113,"Louisiana","Vermilion Parish",2,9,798,399,399
050,22,113,"Louisiana","Vermilion Parish",2,10,861,431,430
050,22,113,"Louisiana","Vermilion Parish",2,11,865,434,431
050,22,113,"Louisiana","Vermilion Parish",2,12,904,457,447
050,22,113,"Louisiana","Vermilion Parish",2,13,901,457,444
050,22,113,"Louisiana","Vermilion Parish",2,14,847,435,412
050,22,113,"Louisiana","Vermilion Parish",2,15,835,414,421
050,22,113,"Louisiana","Vermilion Parish",2,16,841,428,413
050,22,113,"Louisiana","Vermilion Parish",2,17,838,433,405
050,22,113,"Louisiana","Vermilion Parish",2,18,724,376,348
050,22,113,"Louisiana","Vermilion Parish",2,19,583,296,287
050,22,113,"Louisiana","Vermilion Parish",2,20,622,318,304
050,22,113,"Louisiana","Vermilion Parish",2,21,648,328,320
050,22,113,"Louisiana","Vermilion Parish",2,22,655,326,329
050,22,113,"Louisiana","Vermilion Parish",2,23,639,304,335
050,22,113,"Louisiana","Vermilion Parish",2,24,615,291,324
050,22,113,"Louisiana","Vermilion Parish",2,25,629,307,322
050,22,113,"Louisiana","Vermilion Parish",2,26,657,324,333
050,22,113,"Louisiana","Vermilion Parish",2,27,662,327,335
050,22,113,"Louisiana","Vermilion Parish",2,28,690,345,345
050,22,113,"Louisiana","Vermilion Parish",2,29,746,352,394
050,22,113,"Louisiana","Vermilion Parish",2,30,755,345,410
050,22,113,"Louisiana","Vermilion Parish",2,31,717,346,371
050,22,113,"Louisiana","Vermilion Parish",2,32,694,333,361
050,22,113,"Louisiana","Vermilion Parish",2,33,684,309,375
050,22,113,"Louisiana","Vermilion Parish",2,34,721,328,393
050,22,113,"Louisiana","Vermilion Parish",2,35,728,344,384
050,22,113,"Louisiana","Vermilion Parish",2,36,718,354,364
050,22,113,"Louisiana","Vermilion Parish",2,37,758,362,396
050,22,113,"Louisiana","Vermilion Parish",2,38,788,381,407
050,22,113,"Louisiana","Vermilion Parish",2,39,805,399,406
050,22,113,"Louisiana","Vermilion Parish",2,40,786,386,400
050,22,113,"Louisiana","Vermilion Parish",2,41,713,343,370
050,22,113,"Louisiana","Vermilion Parish",2,42,722,351,371
050,22,113,"Louisiana","Vermilion Parish",2,43,705,342,363
050,22,113,"Louisiana","Vermilion Parish",2,44,654,327,327
050,22,113,"Louisiana","Vermilion Parish",2,45,655,336,319
050,22,113,"Louisiana","Vermilion Parish",2,46,631,323,308
050,22,113,"Louisiana","Vermilion Parish",2,47,632,326,306
050,22,113,"Louisiana","Vermilion Parish",2,48,671,328,343
050,22,113,"Louisiana","Vermilion Parish",2,49,696,336,360
050,22,113,"Louisiana","Vermilion Parish",2,50,690,328,362
050,22,113,"Louisiana","Vermilion Parish",2,51,684,332,352
050,22,113,"Louisiana","Vermilion Parish",2,52,685,347,338
050,22,113,"Louisiana","Vermilion Parish",2,53,713,357,356
050,22,113,"Louisiana","Vermilion Parish",2,54,717,347,370
050,22,113,"Louisiana","Vermilion Parish",2,55,743,362,381
050,22,113,"Louisiana","Vermilion Parish",2,56,788,384,404
050,22,113,"Louisiana","Vermilion Parish",2,57,794,375,419
050,22,113,"Louisiana","Vermilion Parish",2,58,830,390,440
050,22,113,"Louisiana","Vermilion Parish",2,59,816,400,416
050,22,113,"Louisiana","Vermilion Parish",2,60,809,397,412
050,22,113,"Louisiana","Vermilion Parish",2,61,810,401,409
050,22,113,"Louisiana","Vermilion Parish",2,62,805,400,405
050,22,113,"Louisiana","Vermilion Parish",2,63,791,395,396
050,22,113,"Louisiana","Vermilion Parish",2,64,715,346,369
050,22,113,"Louisiana","Vermilion Parish",2,65,705,341,364
050,22,113,"Louisiana","Vermilion Parish",2,66,658,308,350
050,22,113,"Louisiana","Vermilion Parish",2,67,589,263,326
050,22,113,"Louisiana","Vermilion Parish",2,68,572,290,282
050,22,113,"Louisiana","Vermilion Parish",2,69,560,276,284
050,22,113,"Louisiana","Vermilion Parish",2,70,524,250,274
050,22,113,"Louisiana","Vermilion Parish",2,71,501,247,254
050,22,113,"Louisiana","Vermilion Parish",2,72,461,225,236
050,22,113,"Louisiana","Vermilion Parish",2,73,476,208,268
050,22,113,"Louisiana","Vermilion Parish",2,74,335,144,191
050,22,113,"Louisiana","Vermilion Parish",2,75,330,153,177
050,22,113,"Louisiana","Vermilion Parish",2,76,325,144,181
050,22,113,"Louisiana","Vermilion Parish",2,77,339,151,188
050,22,113,"Louisiana","Vermilion Parish",2,78,280,121,159
050,22,113,"Louisiana","Vermilion Parish",2,79,258,109,149
050,22,113,"Louisiana","Vermilion Parish",2,80,260,111,149
050,22,113,"Louisiana","Vermilion Parish",2,81,245,99,146
050,22,113,"Louisiana","Vermilion Parish",2,82,236,98,138
050,22,113,"Louisiana","Vermilion Parish",2,83,184,80,104
050,22,113,"Louisiana","Vermilion Parish",2,84,187,86,101
050,22,113,"Louisiana","Vermilion Parish",2,85,1053,350,703
050,22,113,"Louisiana","Vermilion Parish",3,0,734,389,345
050,22,113,"Louisiana","Vermilion Parish",3,1,675,339,336
050,22,113,"Louisiana","Vermilion Parish",3,2,714,360,354
050,22,113,"Louisiana","Vermilion Parish",3,3,746,390,356
050,22,113,"Louisiana","Vermilion Parish",3,4,742,375,367
050,22,113,"Louisiana","Vermilion Parish",3,5,787,386,401
050,22,113,"Louisiana","Vermilion Parish",3,6,792,397,395
050,22,113,"Louisiana","Vermilion Parish",3,7,760,376,384
050,22,113,"Louisiana","Vermilion Parish",3,8,780,393,387
050,22,113,"Louisiana","Vermilion Parish",3,9,807,398,409
050,22,113,"Louisiana","Vermilion Parish",3,10,809,410,399
050,22,113,"Louisiana","Vermilion Parish",3,11,856,422,434
050,22,113,"Louisiana","Vermilion Parish",3,12,859,438,421
050,22,113,"Louisiana","Vermilion Parish",3,13,918,460,458
050,22,113,"Louisiana","Vermilion Parish",3,14,907,451,456
050,22,113,"Louisiana","Vermilion Parish",3,15,834,435,399
050,22,113,"Louisiana","Vermilion Parish",3,16,845,417,428
050,22,113,"Louisiana","Vermilion Parish",3,17,805,402,403
050,22,113,"Louisiana","Vermilion Parish",3,18,716,374,342
050,22,113,"Louisiana","Vermilion Parish",3,19,587,314,273
050,22,113,"Louisiana","Vermilion Parish",3,20,606,311,295
050,22,113,"Louisiana","Vermilion Parish",3,21,644,330,314
050,22,113,"Louisiana","Vermilion Parish",3,22,689,342,347
050,22,113,"Louisiana","Vermilion Parish",3,23,671,335,336
050,22,113,"Louisiana","Vermilion Parish",3,24,628,296,332
050,22,113,"Louisiana","Vermilion Parish",3,25,607,295,312
050,22,113,"Louisiana","Vermilion Parish",3,26,632,309,323
050,22,113,"Louisiana","Vermilion Parish",3,27,651,312,339
050,22,113,"Louisiana","Vermilion Parish",3,28,661,316,345
050,22,113,"Louisiana","Vermilion Parish",3,29,695,351,344
050,22,113,"Louisiana","Vermilion Parish",3,30,735,351,384
050,22,113,"Louisiana","Vermilion Parish",3,31,764,352,412
050,22,113,"Louisiana","Vermilion Parish",3,32,713,354,359
050,22,113,"Louisiana","Vermilion Parish",3,33,694,334,360
050,22,113,"Louisiana","Vermilion Parish",3,34,694,312,382
050,22,113,"Louisiana","Vermilion Parish",3,35,732,334,398
050,22,113,"Louisiana","Vermilion Parish",3,36,748,352,396
050,22,113,"Louisiana","Vermilion Parish",3,37,734,368,366
050,22,113,"Louisiana","Vermilion Parish",3,38,736,353,383
050,22,113,"Louisiana","Vermilion Parish",3,39,789,379,410
050,22,113,"Louisiana","Vermilion Parish",3,40,801,398,403
050,22,113,"Louisiana","Vermilion Parish",3,41,783,381,402
050,22,113,"Louisiana","Vermilion Parish",3,42,713,340,373
050,22,113,"Louisiana","Vermilion Parish",3,43,721,355,366
050,22,113,"Louisiana","Vermilion Parish",3,44,703,344,359
050,22,113,"Louisiana","Vermilion Parish",3,45,657,325,332
050,22,113,"Louisiana","Vermilion Parish",3,46,651,336,315
050,22,113,"Louisiana","Vermilion Parish",3,47,608,311,297
050,22,113,"Louisiana","Vermilion Parish",3,48,642,331,311
050,22,113,"Louisiana","Vermilion Parish",3,49,649,316,333
050,22,113,"Louisiana","Vermilion Parish",3,50,683,336,347
050,22,113,"Louisiana","Vermilion Parish",3,51,679,322,357
050,22,113,"Louisiana","Vermilion Parish",3,52,679,327,352
050,22,113,"Louisiana","Vermilion Parish",3,53,675,342,333
050,22,113,"Louisiana","Vermilion Parish",3,54,701,352,349
050,22,113,"Louisiana","Vermilion Parish",3,55,702,333,369
050,22,113,"Louisiana","Vermilion Parish",3,56,740,354,386
050,22,113,"Louisiana","Vermilion Parish",3,57,805,391,414
050,22,113,"Louisiana","Vermilion Parish",3,58,777,371,406
050,22,113,"Louisiana","Vermilion Parish",3,59,817,388,429
050,22,113,"Louisiana","Vermilion Parish",3,60,801,389,412
050,22,113,"Louisiana","Vermilion Parish",3,61,799,387,412
050,22,113,"Louisiana","Vermilion Parish",3,62,781,384,397
050,22,113,"Louisiana","Vermilion Parish",3,63,814,408,406
050,22,113,"Louisiana","Vermilion Parish",3,64,768,378,390
050,22,113,"Louisiana","Vermilion Parish",3,65,708,347,361
050,22,113,"Louisiana","Vermilion Parish",3,66,687,331,356
050,22,113,"Louisiana","Vermilion Parish",3,67,631,296,335
050,22,113,"Louisiana","Vermilion Parish",3,68,570,252,318
050,22,113,"Louisiana","Vermilion Parish",3,69,553,276,277
050,22,113,"Louisiana","Vermilion Parish",3,70,544,266,278
050,22,113,"Louisiana","Vermilion Parish",3,71,507,239,268
050,22,113,"Louisiana","Vermilion Parish",3,72,478,237,241
050,22,113,"Louisiana","Vermilion Parish",3,73,454,209,245
050,22,113,"Louisiana","Vermilion Parish",3,74,468,203,265
050,22,113,"Louisiana","Vermilion Parish",3,75,310,129,181
050,22,113,"Louisiana","Vermilion Parish",3,76,307,140,167
050,22,113,"Louisiana","Vermilion Parish",3,77,303,134,169
050,22,113,"Louisiana","Vermilion Parish",3,78,315,137,178
050,22,113,"Louisiana","Vermilion Parish",3,79,255,108,147
050,22,113,"Louisiana","Vermilion Parish",3,80,251,104,147
050,22,113,"Louisiana","Vermilion Parish",3,81,232,95,137
050,22,113,"Louisiana","Vermilion Parish",3,82,230,92,138
050,22,113,"Louisiana","Vermilion Parish",3,83,213,85,128
050,22,113,"Louisiana","Vermilion Parish",3,84,177,77,100
050,22,113,"Louisiana","Vermilion Parish",3,85,1036,347,689
050,22,113,"Louisiana","Vermilion Parish",4,0,727,385,342
050,22,113,"Louisiana","Vermilion Parish",4,1,753,387,366
050,22,113,"Louisiana","Vermilion Parish",4,2,672,349,323
050,22,113,"Louisiana","Vermilion Parish",4,3,738,370,368
050,22,113,"Louisiana","Vermilion Parish",4,4,752,402,350
050,22,113,"Louisiana","Vermilion Parish",4,5,753,379,374
050,22,113,"Louisiana","Vermilion Parish",4,6,791,403,388
050,22,113,"Louisiana","Vermilion Parish",4,7,815,412,403
050,22,113,"Louisiana","Vermilion Parish",4,8,782,384,398
050,22,113,"Louisiana","Vermilion Parish",4,9,767,394,373
050,22,113,"Louisiana","Vermilion Parish",4,10,815,398,417
050,22,113,"Louisiana","Vermilion Parish",4,11,819,407,412
050,22,113,"Louisiana","Vermilion Parish",4,12,872,425,447
050,22,113,"Louisiana","Vermilion Parish",4,13,848,429,419
050,22,113,"Louisiana","Vermilion Parish",4,14,924,474,450
050,22,113,"Louisiana","Vermilion Parish",4,15,928,454,474
050,22,113,"Louisiana","Vermilion Parish",4,16,840,425,415
050,22,113,"Louisiana","Vermilion Parish",4,17,842,412,430
050,22,113,"Louisiana","Vermilion Parish",4,18,694,362,332
050,22,113,"Louisiana","Vermilion Parish",4,19,548,290,258
050,22,113,"Louisiana","Vermilion Parish",4,20,616,322,294
050,22,113,"Louisiana","Vermilion Parish",4,21,613,304,309
050,22,113,"Louisiana","Vermilion Parish",4,22,657,322,335
050,22,113,"Louisiana","Vermilion Parish",4,23,720,352,368
050,22,113,"Louisiana","Vermilion Parish",4,24,673,347,326
050,22,113,"Louisiana","Vermilion Parish",4,25,637,293,344
050,22,113,"Louisiana","Vermilion Parish",4,26,627,307,320
050,22,113,"Louisiana","Vermilion Parish",4,27,622,303,319
050,22,113,"Louisiana","Vermilion Parish",4,28,653,315,338
050,22,113,"Louisiana","Vermilion Parish",4,29,678,329,349
050,22,113,"Louisiana","Vermilion Parish",4,30,707,367,340
050,22,113,"Louisiana","Vermilion Parish",4,31,756,365,391
050,22,113,"Louisiana","Vermilion Parish",4,32,752,351,401
050,22,113,"Louisiana","Vermilion Parish",4,33,734,351,383
050,22,113,"Louisiana","Vermilion Parish",4,34,705,339,366
050,22,113,"Louisiana","Vermilion Parish",4,35,695,308,387
050,22,113,"Louisiana","Vermilion Parish",4,36,728,328,400
050,22,113,"Louisiana","Vermilion Parish",4,37,774,362,412
050,22,113,"Louisiana","Vermilion Parish",4,38,740,375,365
050,22,113,"Louisiana","Vermilion Parish",4,39,752,358,394
050,22,113,"Louisiana","Vermilion Parish",4,40,785,373,412
050,22,113,"Louisiana","Vermilion Parish",4,41,810,411,399
050,22,113,"Louisiana","Vermilion Parish",4,42,778,375,403
050,22,113,"Louisiana","Vermilion Parish",4,43,709,329,380
050,22,113,"Louisiana","Vermilion Parish",4,44,718,357,361
050,22,113,"Louisiana","Vermilion Parish",4,45,702,346,356
050,22,113,"Louisiana","Vermilion Parish",4,46,655,327,328
050,22,113,"Louisiana","Vermilion Parish",4,47,633,320,313
050,22,113,"Louisiana","Vermilion Parish",4,48,610,312,298
050,22,113,"Louisiana","Vermilion Parish",4,49,637,325,312
050,22,113,"Louisiana","Vermilion Parish",4,50,638,308,330
050,22,113,"Louisiana","Vermilion Parish",4,51,686,343,343
050,22,113,"Louisiana","Vermilion Parish",4,52,680,319,361
050,22,113,"Louisiana","Vermilion Parish",4,53,661,317,344
050,22,113,"Louisiana","Vermilion Parish",4,54,668,341,327
050,22,113,"Louisiana","Vermilion Parish",4,55,700,349,351
050,22,113,"Louisiana","Vermilion Parish",4,56,686,330,356
050,22,113,"Louisiana","Vermilion Parish",4,57,721,344,377
050,22,113,"Louisiana","Vermilion Parish",4,58,793,383,410
050,22,113,"Louisiana","Vermilion Parish",4,59,761,370,391
050,22,113,"Louisiana","Vermilion Parish",4,60,821,388,433
050,22,113,"Louisiana","Vermilion Parish",4,61,778,376,402
050,22,113,"Louisiana","Vermilion Parish",4,62,785,381,404
050,22,113,"Louisiana","Vermilion Parish",4,63,770,377,393
050,22,113,"Louisiana","Vermilion Parish",4,64,786,391,395
050,22,113,"Louisiana","Vermilion Parish",4,65,762,374,388
050,22,113,"Louisiana","Vermilion Parish",4,66,699,335,364
050,22,113,"Louisiana","Vermilion Parish",4,67,671,318,353
050,22,113,"Louisiana","Vermilion Parish",4,68,616,290,326
050,22,113,"Louisiana","Vermilion Parish",4,69,553,235,318
050,22,113,"Louisiana","Vermilion Parish",4,70,536,270,266
050,22,113,"Louisiana","Vermilion Parish",4,71,528,262,266
050,22,113,"Louisiana","Vermilion Parish",4,72,486,235,251
050,22,113,"Louisiana","Vermilion Parish",4,73,463,223,240
050,22,113,"Louisiana","Vermilion Parish",4,74,444,202,242
050,22,113,"Louisiana","Vermilion Parish",4,75,450,190,260
050,22,113,"Louisiana","Vermilion Parish",4,76,292,121,171
050,22,113,"Louisiana","Vermilion Parish",4,77,280,128,152
050,22,113,"Louisiana","Vermilion Parish",4,78,288,124,164
050,22,113,"Louisiana","Vermilion Parish",4,79,287,124,163
050,22,113,"Louisiana","Vermilion Parish",4,80,249,101,148
050,22,113,"Louisiana","Vermilion Parish",4,81,230,92,138
050,22,113,"Louisiana","Vermilion Parish",4,82,216,88,128
050,22,113,"Louisiana","Vermilion Parish",4,83,197,73,124
050,22,113,"Louisiana","Vermilion Parish",4,84,205,82,123
050,22,113,"Louisiana","Vermilion Parish",4,85,1011,338,673
050,22,113,"Louisiana","Vermilion Parish",5,0,740,391,349
050,22,113,"Louisiana","Vermilion Parish",5,1,710,369,341
050,22,113,"Louisiana","Vermilion Parish",5,2,766,399,367
050,22,113,"Louisiana","Vermilion Parish",5,3,697,367,330
050,22,113,"Louisiana","Vermilion Parish",5,4,739,371,368
050,22,113,"Louisiana","Vermilion Parish",5,5,759,395,364
050,22,113,"Louisiana","Vermilion Parish",5,6,754,379,375
050,22,113,"Louisiana","Vermilion Parish",5,7,801,398,403
050,22,113,"Louisiana","Vermilion Parish",5,8,821,412,409
050,22,113,"Louisiana","Vermilion Parish",5,9,788,389,399
050,22,113,"Louisiana","Vermilion Parish",5,10,780,404,376
050,22,113,"Louisiana","Vermilion Parish",5,11,821,395,426
050,22,113,"Louisiana","Vermilion Parish",5,12,814,408,406
050,22,113,"Louisiana","Vermilion Parish",5,13,879,433,446
050,22,113,"Louisiana","Vermilion Parish",5,14,871,447,424
050,22,113,"Louisiana","Vermilion Parish",5,15,901,465,436
050,22,113,"Louisiana","Vermilion Parish",5,16,925,459,466
050,22,113,"Louisiana","Vermilion Parish",5,17,838,423,415
050,22,113,"Louisiana","Vermilion Parish",5,18,707,357,350
050,22,113,"Louisiana","Vermilion Parish",5,19,541,285,256
050,22,113,"Louisiana","Vermilion Parish",5,20,597,311,286
050,22,113,"Louisiana","Vermilion Parish",5,21,641,324,317
050,22,113,"Louisiana","Vermilion Parish",5,22,645,319,326
050,22,113,"Louisiana","Vermilion Parish",5,23,694,340,354
050,22,113,"Louisiana","Vermilion Parish",5,24,703,348,355
050,22,113,"Louisiana","Vermilion Parish",5,25,677,357,320
050,22,113,"Louisiana","Vermilion Parish",5,26,633,289,344
050,22,113,"Louisiana","Vermilion Parish",5,27,615,308,307
050,22,113,"Louisiana","Vermilion Parish",5,28,614,308,306
050,22,113,"Louisiana","Vermilion Parish",5,29,644,310,334
050,22,113,"Louisiana","Vermilion Parish",5,30,674,324,350
050,22,113,"Louisiana","Vermilion Parish",5,31,718,366,352
050,22,113,"Louisiana","Vermilion Parish",5,32,755,373,382
050,22,113,"Louisiana","Vermilion Parish",5,33,749,348,401
050,22,113,"Louisiana","Vermilion Parish",5,34,753,361,392
050,22,113,"Louisiana","Vermilion Parish",5,35,722,335,387
050,22,113,"Louisiana","Vermilion Parish",5,36,700,324,376
050,22,113,"Louisiana","Vermilion Parish",5,37,727,321,406
050,22,113,"Louisiana","Vermilion Parish",5,38,779,364,415
050,22,113,"Louisiana","Vermilion Parish",5,39,746,373,373
050,22,113,"Louisiana","Vermilion Parish",5,40,742,359,383
050,22,113,"Louisiana","Vermilion Parish",5,41,782,366,416
050,22,113,"Louisiana","Vermilion Parish",5,42,825,419,406
050,22,113,"Louisiana","Vermilion Parish",5,43,776,378,398
050,22,113,"Louisiana","Vermilion Parish",5,44,716,331,385
050,22,113,"Louisiana","Vermilion Parish",5,45,732,371,361
050,22,113,"Louisiana","Vermilion Parish",5,46,713,351,362
050,22,113,"Louisiana","Vermilion Parish",5,47,668,330,338
050,22,113,"Louisiana","Vermilion Parish",5,48,637,325,312
050,22,113,"Louisiana","Vermilion Parish",5,49,603,308,295
050,22,113,"Louisiana","Vermilion Parish",5,50,643,322,321
050,22,113,"Louisiana","Vermilion Parish",5,51,620,306,314
050,22,113,"Louisiana","Vermilion Parish",5,52,681,337,344
050,22,113,"Louisiana","Vermilion Parish",5,53,675,315,360
050,22,113,"Louisiana","Vermilion Parish",5,54,654,318,336
050,22,113,"Louisiana","Vermilion Parish",5,55,648,324,324
050,22,113,"Louisiana","Vermilion Parish",5,56,682,338,344
050,22,113,"Louisiana","Vermilion Parish",5,57,681,326,355
050,22,113,"Louisiana","Vermilion Parish",5,58,712,339,373
050,22,113,"Louisiana","Vermilion Parish",5,59,793,382,411
050,22,113,"Louisiana","Vermilion Parish",5,60,768,371,397
050,22,113,"Louisiana","Vermilion Parish",5,61,801,372,429
050,22,113,"Louisiana","Vermilion Parish",5,62,767,374,393
050,22,113,"Louisiana","Vermilion Parish",5,63,775,382,393
050,22,113,"Louisiana","Vermilion Parish",5,64,735,352,383
050,22,113,"Louisiana","Vermilion Parish",5,65,784,390,394
050,22,113,"Louisiana","Vermilion Parish",5,66,742,353,389
050,22,113,"Louisiana","Vermilion Parish",5,67,685,330,355
050,22,113,"Louisiana","Vermilion Parish",5,68,654,308,346
050,22,113,"Louisiana","Vermilion Parish",5,69,599,277,322
050,22,113,"Louisiana","Vermilion Parish",5,70,541,234,307
050,22,113,"Louisiana","Vermilion Parish",5,71,522,262,260
050,22,113,"Louisiana","Vermilion Parish",5,72,505,247,258
050,22,113,"Louisiana","Vermilion Parish",5,73,474,221,253
050,22,113,"Louisiana","Vermilion Parish",5,74,449,215,234
050,22,113,"Louisiana","Vermilion Parish",5,75,426,190,236
050,22,113,"Louisiana","Vermilion Parish",5,76,433,181,252
050,22,113,"Louisiana","Vermilion Parish",5,77,267,108,159
050,22,113,"Louisiana","Vermilion Parish",5,78,262,118,144
050,22,113,"Louisiana","Vermilion Parish",5,79,261,111,150
050,22,113,"Louisiana","Vermilion Parish",5,80,279,120,159
050,22,113,"Louisiana","Vermilion Parish",5,81,224,87,137
050,22,113,"Louisiana","Vermilion Parish",5,82,214,81,133
050,22,113,"Louisiana","Vermilion Parish",5,83,185,69,116
050,22,113,"Louisiana","Vermilion Parish",5,84,189,73,116
050,22,113,"Louisiana","Vermilion Parish",5,85,1030,339,691
050,22,115,"Louisiana","Vernon Parish",1,0,805,411,394
050,22,115,"Louisiana","Vernon Parish",1,1,787,390,397
050,22,115,"Louisiana","Vernon Parish",1,2,806,422,384
050,22,115,"Louisiana","Vernon Parish",1,3,752,379,373
050,22,115,"Louisiana","Vernon Parish",1,4,770,400,370
050,22,115,"Louisiana","Vernon Parish",1,5,742,371,371
050,22,115,"Louisiana","Vernon Parish",1,6,711,360,351
050,22,115,"Louisiana","Vernon Parish",1,7,688,351,337
050,22,115,"Louisiana","Vernon Parish",1,8,718,352,366
050,22,115,"Louisiana","Vernon Parish",1,9,684,345,339
050,22,115,"Louisiana","Vernon Parish",1,10,640,332,308
050,22,115,"Louisiana","Vernon Parish",1,11,641,328,313
050,22,115,"Louisiana","Vernon Parish",1,12,659,329,330
050,22,115,"Louisiana","Vernon Parish",1,13,625,308,317
050,22,115,"Louisiana","Vernon Parish",1,14,588,298,290
050,22,115,"Louisiana","Vernon Parish",1,15,588,298,290
050,22,115,"Louisiana","Vernon Parish",1,16,588,297,291
050,22,115,"Louisiana","Vernon Parish",1,17,556,275,281
050,22,115,"Louisiana","Vernon Parish",1,18,549,309,240
050,22,115,"Louisiana","Vernon Parish",1,19,621,375,246
050,22,115,"Louisiana","Vernon Parish",1,20,822,504,318
050,22,115,"Louisiana","Vernon Parish",1,21,991,627,364
050,22,115,"Louisiana","Vernon Parish",1,22,993,606,387
050,22,115,"Louisiana","Vernon Parish",1,23,1020,616,404
050,22,115,"Louisiana","Vernon Parish",1,24,981,585,396
050,22,115,"Louisiana","Vernon Parish",1,25,972,577,395
050,22,115,"Louisiana","Vernon Parish",1,26,889,508,381
050,22,115,"Louisiana","Vernon Parish",1,27,875,475,400
050,22,115,"Louisiana","Vernon Parish",1,28,906,481,425
050,22,115,"Louisiana","Vernon Parish",1,29,843,459,384
050,22,115,"Louisiana","Vernon Parish",1,30,821,431,390
050,22,115,"Louisiana","Vernon Parish",1,31,793,434,359
050,22,115,"Louisiana","Vernon Parish",1,32,747,398,349
050,22,115,"Louisiana","Vernon Parish",1,33,723,385,338
050,22,115,"Louisiana","Vernon Parish",1,34,706,359,347
050,22,115,"Louisiana","Vernon Parish",1,35,697,350,347
050,22,115,"Louisiana","Vernon Parish",1,36,707,377,330
050,22,115,"Louisiana","Vernon Parish",1,37,711,369,342
050,22,115,"Louisiana","Vernon Parish",1,38,674,364,310
050,22,115,"Louisiana","Vernon Parish",1,39,688,360,328
050,22,115,"Louisiana","Vernon Parish",1,40,617,318,299
050,22,115,"Louisiana","Vernon Parish",1,41,547,302,245
050,22,115,"Louisiana","Vernon Parish",1,42,517,290,227
050,22,115,"Louisiana","Vernon Parish",1,43,505,262,243
050,22,115,"Louisiana","Vernon Parish",1,44,508,267,241
050,22,115,"Louisiana","Vernon Parish",1,45,483,253,230
050,22,115,"Louisiana","Vernon Parish",1,46,504,263,241
050,22,115,"Louisiana","Vernon Parish",1,47,497,257,240
050,22,115,"Louisiana","Vernon Parish",1,48,525,254,271
050,22,115,"Louisiana","Vernon Parish",1,49,489,252,237
050,22,115,"Louisiana","Vernon Parish",1,50,460,246,214
050,22,115,"Louisiana","Vernon Parish",1,51,467,233,234
050,22,115,"Louisiana","Vernon Parish",1,52,486,253,233
050,22,115,"Louisiana","Vernon Parish",1,53,466,240,226
050,22,115,"Louisiana","Vernon Parish",1,54,466,240,226
050,22,115,"Louisiana","Vernon Parish",1,55,495,247,248
050,22,115,"Louisiana","Vernon Parish",1,56,509,243,266
050,22,115,"Louisiana","Vernon Parish",1,57,480,256,224
050,22,115,"Louisiana","Vernon Parish",1,58,484,249,235
050,22,115,"Louisiana","Vernon Parish",1,59,457,223,234
050,22,115,"Louisiana","Vernon Parish",1,60,474,232,242
050,22,115,"Louisiana","Vernon Parish",1,61,487,240,247
050,22,115,"Louisiana","Vernon Parish",1,62,429,214,215
050,22,115,"Louisiana","Vernon Parish",1,63,429,212,217
050,22,115,"Louisiana","Vernon Parish",1,64,465,241,224
050,22,115,"Louisiana","Vernon Parish",1,65,442,236,206
050,22,115,"Louisiana","Vernon Parish",1,66,420,193,227
050,22,115,"Louisiana","Vernon Parish",1,67,406,186,220
050,22,115,"Louisiana","Vernon Parish",1,68,381,177,204
050,22,115,"Louisiana","Vernon Parish",1,69,407,188,219
050,22,115,"Louisiana","Vernon Parish",1,70,386,179,207
050,22,115,"Louisiana","Vernon Parish",1,71,358,157,201
050,22,115,"Louisiana","Vernon Parish",1,72,381,173,208
050,22,115,"Louisiana","Vernon Parish",1,73,381,174,207
050,22,115,"Louisiana","Vernon Parish",1,74,262,120,142
050,22,115,"Louisiana","Vernon Parish",1,75,286,121,165
050,22,115,"Louisiana","Vernon Parish",1,76,279,139,140
050,22,115,"Louisiana","Vernon Parish",1,77,265,122,143
050,22,115,"Louisiana","Vernon Parish",1,78,207,89,118
050,22,115,"Louisiana","Vernon Parish",1,79,207,89,118
050,22,115,"Louisiana","Vernon Parish",1,80,186,76,110
050,22,115,"Louisiana","Vernon Parish",1,81,166,76,90
050,22,115,"Louisiana","Vernon Parish",1,82,139,67,72
050,22,115,"Louisiana","Vernon Parish",1,83,150,58,92
050,22,115,"Louisiana","Vernon Parish",1,84,114,39,75
050,22,115,"Louisiana","Vernon Parish",1,85,599,243,356
050,22,115,"Louisiana","Vernon Parish",2,0,816,415,401
050,22,115,"Louisiana","Vernon Parish",2,1,783,396,387
050,22,115,"Louisiana","Vernon Parish",2,2,784,405,379
050,22,115,"Louisiana","Vernon Parish",2,3,751,383,368
050,22,115,"Louisiana","Vernon Parish",2,4,759,392,367
050,22,115,"Louisiana","Vernon Parish",2,5,744,376,368
050,22,115,"Louisiana","Vernon Parish",2,6,707,358,349
050,22,115,"Louisiana","Vernon Parish",2,7,686,347,339
050,22,115,"Louisiana","Vernon Parish",2,8,705,347,358
050,22,115,"Louisiana","Vernon Parish",2,9,681,339,342
050,22,115,"Louisiana","Vernon Parish",2,10,643,328,315
050,22,115,"Louisiana","Vernon Parish",2,11,636,328,308
050,22,115,"Louisiana","Vernon Parish",2,12,655,328,327
050,22,115,"Louisiana","Vernon Parish",2,13,634,314,320
050,22,115,"Louisiana","Vernon Parish",2,14,592,297,295
050,22,115,"Louisiana","Vernon Parish",2,15,586,296,290
050,22,115,"Louisiana","Vernon Parish",2,16,585,294,291
050,22,115,"Louisiana","Vernon Parish",2,17,564,281,283
050,22,115,"Louisiana","Vernon Parish",2,18,553,310,243
050,22,115,"Louisiana","Vernon Parish",2,19,635,386,249
050,22,115,"Louisiana","Vernon Parish",2,20,816,504,312
050,22,115,"Louisiana","Vernon Parish",2,21,965,606,359
050,22,115,"Louisiana","Vernon Parish",2,22,997,610,387
050,22,115,"Louisiana","Vernon Parish",2,23,1014,619,395
050,22,115,"Louisiana","Vernon Parish",2,24,967,576,391
050,22,115,"Louisiana","Vernon Parish",2,25,959,568,391
050,22,115,"Louisiana","Vernon Parish",2,26,892,512,380
050,22,115,"Louisiana","Vernon Parish",2,27,866,472,394
050,22,115,"Louisiana","Vernon Parish",2,28,883,471,412
050,22,115,"Louisiana","Vernon Parish",2,29,843,455,388
050,22,115,"Louisiana","Vernon Parish",2,30,824,436,388
050,22,115,"Louisiana","Vernon Parish",2,31,785,422,363
050,22,115,"Louisiana","Vernon Parish",2,32,750,404,346
050,22,115,"Louisiana","Vernon Parish",2,33,723,384,339
050,22,115,"Louisiana","Vernon Parish",2,34,705,361,344
050,22,115,"Louisiana","Vernon Parish",2,35,697,351,346
050,22,115,"Louisiana","Vernon Parish",2,36,699,367,332
050,22,115,"Louisiana","Vernon Parish",2,37,709,368,341
050,22,115,"Louisiana","Vernon Parish",2,38,682,365,317
050,22,115,"Louisiana","Vernon Parish",2,39,671,355,316
050,22,115,"Louisiana","Vernon Parish",2,40,635,329,306
050,22,115,"Louisiana","Vernon Parish",2,41,561,304,257
050,22,115,"Louisiana","Vernon Parish",2,42,516,287,229
050,22,115,"Louisiana","Vernon Parish",2,43,511,270,241
050,22,115,"Louisiana","Vernon Parish",2,44,493,257,236
050,22,115,"Louisiana","Vernon Parish",2,45,488,256,232
050,22,115,"Louisiana","Vernon Parish",2,46,491,255,236
050,22,115,"Louisiana","Vernon Parish",2,47,495,255,240
050,22,115,"Louisiana","Vernon Parish",2,48,514,253,261
050,22,115,"Louisiana","Vernon Parish",2,49,495,251,244
050,22,115,"Louisiana","Vernon Parish",2,50,463,245,218
050,22,115,"Louisiana","Vernon Parish",2,51,460,234,226
050,22,115,"Louisiana","Vernon Parish",2,52,477,245,232
050,22,115,"Louisiana","Vernon Parish",2,53,470,244,226
050,22,115,"Louisiana","Vernon Parish",2,54,465,239,226
050,22,115,"Louisiana","Vernon Parish",2,55,485,242,243
050,22,115,"Louisiana","Vernon Parish",2,56,505,245,260
050,22,115,"Louisiana","Vernon Parish",2,57,487,251,236
050,22,115,"Louisiana","Vernon Parish",2,58,479,248,231
050,22,115,"Louisiana","Vernon Parish",2,59,462,228,234
050,22,115,"Louisiana","Vernon Parish",2,60,466,228,238
050,22,115,"Louisiana","Vernon Parish",2,61,483,239,244
050,22,115,"Louisiana","Vernon Parish",2,62,439,218,221
050,22,115,"Louisiana","Vernon Parish",2,63,429,214,215
050,22,115,"Louisiana","Vernon Parish",2,64,447,228,219
050,22,115,"Louisiana","Vernon Parish",2,65,446,236,210
050,22,115,"Louisiana","Vernon Parish",2,66,422,199,223
050,22,115,"Louisiana","Vernon Parish",2,67,409,187,222
050,22,115,"Louisiana","Vernon Parish",2,68,383,177,206
050,22,115,"Louisiana","Vernon Parish",2,69,407,188,219
050,22,115,"Louisiana","Vernon Parish",2,70,387,178,209
050,22,115,"Louisiana","Vernon Parish",2,71,365,162,203
050,22,115,"Louisiana","Vernon Parish",2,72,367,167,200
050,22,115,"Louisiana","Vernon Parish",2,73,394,180,214
050,22,115,"Louisiana","Vernon Parish",2,74,274,125,149
050,22,115,"Louisiana","Vernon Parish",2,75,280,121,159
050,22,115,"Louisiana","Vernon Parish",2,76,274,130,144
050,22,115,"Louisiana","Vernon Parish",2,77,270,125,145
050,22,115,"Louisiana","Vernon Parish",2,78,211,94,117
050,22,115,"Louisiana","Vernon Parish",2,79,204,87,117
050,22,115,"Louisiana","Vernon Parish",2,80,190,79,111
050,22,115,"Louisiana","Vernon Parish",2,81,171,77,94
050,22,115,"Louisiana","Vernon Parish",2,82,141,69,72
050,22,115,"Louisiana","Vernon Parish",2,83,145,58,87
050,22,115,"Louisiana","Vernon Parish",2,84,121,44,77
050,22,115,"Louisiana","Vernon Parish",2,85,599,244,355
050,22,115,"Louisiana","Vernon Parish",3,0,823,448,375
050,22,115,"Louisiana","Vernon Parish",3,1,771,376,395
050,22,115,"Louisiana","Vernon Parish",3,2,755,399,356
050,22,115,"Louisiana","Vernon Parish",3,3,755,396,359
050,22,115,"Louisiana","Vernon Parish",3,4,699,358,341
050,22,115,"Louisiana","Vernon Parish",3,5,737,400,337
050,22,115,"Louisiana","Vernon Parish",3,6,725,374,351
050,22,115,"Louisiana","Vernon Parish",3,7,690,339,351
050,22,115,"Louisiana","Vernon Parish",3,8,676,344,332
050,22,115,"Louisiana","Vernon Parish",3,9,671,339,332
050,22,115,"Louisiana","Vernon Parish",3,10,645,325,320
050,22,115,"Louisiana","Vernon Parish",3,11,613,304,309
050,22,115,"Louisiana","Vernon Parish",3,12,615,326,289
050,22,115,"Louisiana","Vernon Parish",3,13,633,314,319
050,22,115,"Louisiana","Vernon Parish",3,14,625,317,308
050,22,115,"Louisiana","Vernon Parish",3,15,576,284,292
050,22,115,"Louisiana","Vernon Parish",3,16,543,278,265
050,22,115,"Louisiana","Vernon Parish",3,17,580,286,294
050,22,115,"Louisiana","Vernon Parish",3,18,537,289,248
050,22,115,"Louisiana","Vernon Parish",3,19,621,366,255
050,22,115,"Louisiana","Vernon Parish",3,20,823,503,320
050,22,115,"Louisiana","Vernon Parish",3,21,921,581,340
050,22,115,"Louisiana","Vernon Parish",3,22,948,583,365
050,22,115,"Louisiana","Vernon Parish",3,23,994,584,410
050,22,115,"Louisiana","Vernon Parish",3,24,896,538,358
050,22,115,"Louisiana","Vernon Parish",3,25,955,590,365
050,22,115,"Louisiana","Vernon Parish",3,26,905,529,376
050,22,115,"Louisiana","Vernon Parish",3,27,836,471,365
050,22,115,"Louisiana","Vernon Parish",3,28,842,441,401
050,22,115,"Louisiana","Vernon Parish",3,29,862,453,409
050,22,115,"Louisiana","Vernon Parish",3,30,854,465,389
050,22,115,"Louisiana","Vernon Parish",3,31,801,428,373
050,22,115,"Louisiana","Vernon Parish",3,32,802,451,351
050,22,115,"Louisiana","Vernon Parish",3,33,740,395,345
050,22,115,"Louisiana","Vernon Parish",3,34,707,388,319
050,22,115,"Louisiana","Vernon Parish",3,35,686,342,344
050,22,115,"Louisiana","Vernon Parish",3,36,666,328,338
050,22,115,"Louisiana","Vernon Parish",3,37,668,327,341
050,22,115,"Louisiana","Vernon Parish",3,38,694,364,330
050,22,115,"Louisiana","Vernon Parish",3,39,662,350,312
050,22,115,"Louisiana","Vernon Parish",3,40,611,332,279
050,22,115,"Louisiana","Vernon Parish",3,41,607,312,295
050,22,115,"Louisiana","Vernon Parish",3,42,529,283,246
050,22,115,"Louisiana","Vernon Parish",3,43,490,271,219
050,22,115,"Louisiana","Vernon Parish",3,44,475,244,231
050,22,115,"Louisiana","Vernon Parish",3,45,485,246,239
050,22,115,"Louisiana","Vernon Parish",3,46,480,253,227
050,22,115,"Louisiana","Vernon Parish",3,47,471,242,229
050,22,115,"Louisiana","Vernon Parish",3,48,479,248,231
050,22,115,"Louisiana","Vernon Parish",3,49,484,233,251
050,22,115,"Louisiana","Vernon Parish",3,50,490,249,241
050,22,115,"Louisiana","Vernon Parish",3,51,450,235,215
050,22,115,"Louisiana","Vernon Parish",3,52,446,227,219
050,22,115,"Louisiana","Vernon Parish",3,53,460,240,220
050,22,115,"Louisiana","Vernon Parish",3,54,458,239,219
050,22,115,"Louisiana","Vernon Parish",3,55,453,227,226
050,22,115,"Louisiana","Vernon Parish",3,56,460,226,234
050,22,115,"Louisiana","Vernon Parish",3,57,483,231,252
050,22,115,"Louisiana","Vernon Parish",3,58,484,252,232
050,22,115,"Louisiana","Vernon Parish",3,59,457,234,223
050,22,115,"Louisiana","Vernon Parish",3,60,457,228,229
050,22,115,"Louisiana","Vernon Parish",3,61,461,230,231
050,22,115,"Louisiana","Vernon Parish",3,62,473,233,240
050,22,115,"Louisiana","Vernon Parish",3,63,431,221,210
050,22,115,"Louisiana","Vernon Parish",3,64,416,206,210
050,22,115,"Louisiana","Vernon Parish",3,65,442,222,220
050,22,115,"Louisiana","Vernon Parish",3,66,427,223,204
050,22,115,"Louisiana","Vernon Parish",3,67,417,195,222
050,22,115,"Louisiana","Vernon Parish",3,68,380,170,210
050,22,115,"Louisiana","Vernon Parish",3,69,369,167,202
050,22,115,"Louisiana","Vernon Parish",3,70,386,180,206
050,22,115,"Louisiana","Vernon Parish",3,71,379,163,216
050,22,115,"Louisiana","Vernon Parish",3,72,356,161,195
050,22,115,"Louisiana","Vernon Parish",3,73,341,157,184
050,22,115,"Louisiana","Vernon Parish",3,74,375,172,203
050,22,115,"Louisiana","Vernon Parish",3,75,258,111,147
050,22,115,"Louisiana","Vernon Parish",3,76,265,120,145
050,22,115,"Louisiana","Vernon Parish",3,77,272,125,147
050,22,115,"Louisiana","Vernon Parish",3,78,231,105,126
050,22,115,"Louisiana","Vernon Parish",3,79,201,86,115
050,22,115,"Louisiana","Vernon Parish",3,80,196,84,112
050,22,115,"Louisiana","Vernon Parish",3,81,169,70,99
050,22,115,"Louisiana","Vernon Parish",3,82,155,72,83
050,22,115,"Louisiana","Vernon Parish",3,83,130,59,71
050,22,115,"Louisiana","Vernon Parish",3,84,129,49,80
050,22,115,"Louisiana","Vernon Parish",3,85,602,232,370
050,22,115,"Louisiana","Vernon Parish",4,0,795,438,357
050,22,115,"Louisiana","Vernon Parish",4,1,721,394,327
050,22,115,"Louisiana","Vernon Parish",4,2,746,370,376
050,22,115,"Louisiana","Vernon Parish",4,3,694,358,336
050,22,115,"Louisiana","Vernon Parish",4,4,747,403,344
050,22,115,"Louisiana","Vernon Parish",4,5,655,340,315
050,22,115,"Louisiana","Vernon Parish",4,6,730,391,339
050,22,115,"Louisiana","Vernon Parish",4,7,692,357,335
050,22,115,"Louisiana","Vernon Parish",4,8,661,313,348
050,22,115,"Louisiana","Vernon Parish",4,9,646,319,327
050,22,115,"Louisiana","Vernon Parish",4,10,649,331,318
050,22,115,"Louisiana","Vernon Parish",4,11,654,332,322
050,22,115,"Louisiana","Vernon Parish",4,12,582,290,292
050,22,115,"Louisiana","Vernon Parish",4,13,616,330,286
050,22,115,"Louisiana","Vernon Parish",4,14,640,310,330
050,22,115,"Louisiana","Vernon Parish",4,15,607,301,306
050,22,115,"Louisiana","Vernon Parish",4,16,544,272,272
050,22,115,"Louisiana","Vernon Parish",4,17,547,282,265
050,22,115,"Louisiana","Vernon Parish",4,18,534,286,248
050,22,115,"Louisiana","Vernon Parish",4,19,555,334,221
050,22,115,"Louisiana","Vernon Parish",4,20,719,424,295
050,22,115,"Louisiana","Vernon Parish",4,21,882,539,343
050,22,115,"Louisiana","Vernon Parish",4,22,889,511,378
050,22,115,"Louisiana","Vernon Parish",4,23,925,539,386
050,22,115,"Louisiana","Vernon Parish",4,24,871,483,388
050,22,115,"Louisiana","Vernon Parish",4,25,869,531,338
050,22,115,"Louisiana","Vernon Parish",4,26,830,504,326
050,22,115,"Louisiana","Vernon Parish",4,27,802,424,378
050,22,115,"Louisiana","Vernon Parish",4,28,772,436,336
050,22,115,"Louisiana","Vernon Parish",4,29,766,403,363
050,22,115,"Louisiana","Vernon Parish",4,30,797,415,382
050,22,115,"Louisiana","Vernon Parish",4,31,819,444,375
050,22,115,"Louisiana","Vernon Parish",4,32,750,396,354
050,22,115,"Louisiana","Vernon Parish",4,33,712,389,323
050,22,115,"Louisiana","Vernon Parish",4,34,666,353,313
050,22,115,"Louisiana","Vernon Parish",4,35,678,376,302
050,22,115,"Louisiana","Vernon Parish",4,36,666,335,331
050,22,115,"Louisiana","Vernon Parish",4,37,700,346,354
050,22,115,"Louisiana","Vernon Parish",4,38,683,341,342
050,22,115,"Louisiana","Vernon Parish",4,39,656,350,306
050,22,115,"Louisiana","Vernon Parish",4,40,630,336,294
050,22,115,"Louisiana","Vernon Parish",4,41,586,313,273
050,22,115,"Louisiana","Vernon Parish",4,42,574,286,288
050,22,115,"Louisiana","Vernon Parish",4,43,494,264,230
050,22,115,"Louisiana","Vernon Parish",4,44,471,259,212
050,22,115,"Louisiana","Vernon Parish",4,45,452,232,220
050,22,115,"Louisiana","Vernon Parish",4,46,474,239,235
050,22,115,"Louisiana","Vernon Parish",4,47,477,251,226
050,22,115,"Louisiana","Vernon Parish",4,48,459,234,225
050,22,115,"Louisiana","Vernon Parish",4,49,457,230,227
050,22,115,"Louisiana","Vernon Parish",4,50,481,222,259
050,22,115,"Louisiana","Vernon Parish",4,51,477,241,236
050,22,115,"Louisiana","Vernon Parish",4,52,445,230,215
050,22,115,"Louisiana","Vernon Parish",4,53,429,219,210
050,22,115,"Louisiana","Vernon Parish",4,54,452,237,215
050,22,115,"Louisiana","Vernon Parish",4,55,453,232,221
050,22,115,"Louisiana","Vernon Parish",4,56,441,218,223
050,22,115,"Louisiana","Vernon Parish",4,57,445,212,233
050,22,115,"Louisiana","Vernon Parish",4,58,476,233,243
050,22,115,"Louisiana","Vernon Parish",4,59,473,249,224
050,22,115,"Louisiana","Vernon Parish",4,60,455,228,227
050,22,115,"Louisiana","Vernon Parish",4,61,439,217,222
050,22,115,"Louisiana","Vernon Parish",4,62,454,228,226
050,22,115,"Louisiana","Vernon Parish",4,63,456,225,231
050,22,115,"Louisiana","Vernon Parish",4,64,407,210,197
050,22,115,"Louisiana","Vernon Parish",4,65,407,204,203
050,22,115,"Louisiana","Vernon Parish",4,66,433,217,216
050,22,115,"Louisiana","Vernon Parish",4,67,429,219,210
050,22,115,"Louisiana","Vernon Parish",4,68,395,178,217
050,22,115,"Louisiana","Vernon Parish",4,69,390,179,211
050,22,115,"Louisiana","Vernon Parish",4,70,349,153,196
050,22,115,"Louisiana","Vernon Parish",4,71,367,169,198
050,22,115,"Louisiana","Vernon Parish",4,72,363,156,207
050,22,115,"Louisiana","Vernon Parish",4,73,343,149,194
050,22,115,"Louisiana","Vernon Parish",4,74,319,147,172
050,22,115,"Louisiana","Vernon Parish",4,75,361,161,200
050,22,115,"Louisiana","Vernon Parish",4,76,245,109,136
050,22,115,"Louisiana","Vernon Parish",4,77,265,115,150
050,22,115,"Louisiana","Vernon Parish",4,78,239,106,133
050,22,115,"Louisiana","Vernon Parish",4,79,222,99,123
050,22,115,"Louisiana","Vernon Parish",4,80,192,82,110
050,22,115,"Louisiana","Vernon Parish",4,81,182,78,104
050,22,115,"Louisiana","Vernon Parish",4,82,143,64,79
050,22,115,"Louisiana","Vernon Parish",4,83,146,63,83
050,22,115,"Louisiana","Vernon Parish",4,84,118,51,67
050,22,115,"Louisiana","Vernon Parish",4,85,638,251,387
050,22,115,"Louisiana","Vernon Parish",5,0,797,439,358
050,22,115,"Louisiana","Vernon Parish",5,1,741,409,332
050,22,115,"Louisiana","Vernon Parish",5,2,678,380,298
050,22,115,"Louisiana","Vernon Parish",5,3,724,368,356
050,22,115,"Louisiana","Vernon Parish",5,4,655,351,304
050,22,115,"Louisiana","Vernon Parish",5,5,725,381,344
050,22,115,"Louisiana","Vernon Parish",5,6,674,351,323
050,22,115,"Louisiana","Vernon Parish",5,7,684,349,335
050,22,115,"Louisiana","Vernon Parish",5,8,650,339,311
050,22,115,"Louisiana","Vernon Parish",5,9,621,304,317
050,22,115,"Louisiana","Vernon Parish",5,10,644,330,314
050,22,115,"Louisiana","Vernon Parish",5,11,626,320,306
050,22,115,"Louisiana","Vernon Parish",5,12,652,335,317
050,22,115,"Louisiana","Vernon Parish",5,13,583,299,284
050,22,115,"Louisiana","Vernon Parish",5,14,590,315,275
050,22,115,"Louisiana","Vernon Parish",5,15,611,298,313
050,22,115,"Louisiana","Vernon Parish",5,16,563,277,286
050,22,115,"Louisiana","Vernon Parish",5,17,541,270,271
050,22,115,"Louisiana","Vernon Parish",5,18,506,275,231
050,22,115,"Louisiana","Vernon Parish",5,19,546,320,226
050,22,115,"Louisiana","Vernon Parish",5,20,679,407,272
050,22,115,"Louisiana","Vernon Parish",5,21,814,489,325
050,22,115,"Louisiana","Vernon Parish",5,22,909,555,354
050,22,115,"Louisiana","Vernon Parish",5,23,873,487,386
050,22,115,"Louisiana","Vernon Parish",5,24,899,504,395
050,22,115,"Louisiana","Vernon Parish",5,25,853,496,357
050,22,115,"Louisiana","Vernon Parish",5,26,830,481,349
050,22,115,"Louisiana","Vernon Parish",5,27,792,446,346
050,22,115,"Louisiana","Vernon Parish",5,28,759,419,340
050,22,115,"Louisiana","Vernon Parish",5,29,736,405,331
050,22,115,"Louisiana","Vernon Parish",5,30,727,377,350
050,22,115,"Louisiana","Vernon Parish",5,31,755,393,362
050,22,115,"Louisiana","Vernon Parish",5,32,785,447,338
050,22,115,"Louisiana","Vernon Parish",5,33,700,355,345
050,22,115,"Louisiana","Vernon Parish",5,34,638,333,305
050,22,115,"Louisiana","Vernon Parish",5,35,668,345,323
050,22,115,"Louisiana","Vernon Parish",5,36,665,373,292
050,22,115,"Louisiana","Vernon Parish",5,37,644,327,317
050,22,115,"Louisiana","Vernon Parish",5,38,648,319,329
050,22,115,"Louisiana","Vernon Parish",5,39,635,306,329
050,22,115,"Louisiana","Vernon Parish",5,40,597,316,281
050,22,115,"Louisiana","Vernon Parish",5,41,606,322,284
050,22,115,"Louisiana","Vernon Parish",5,42,569,308,261
050,22,115,"Louisiana","Vernon Parish",5,43,559,274,285
050,22,115,"Louisiana","Vernon Parish",5,44,471,254,217
050,22,115,"Louisiana","Vernon Parish",5,45,468,259,209
050,22,115,"Louisiana","Vernon Parish",5,46,416,209,207
050,22,115,"Louisiana","Vernon Parish",5,47,457,229,228
050,22,115,"Louisiana","Vernon Parish",5,48,473,256,217
050,22,115,"Louisiana","Vernon Parish",5,49,450,232,218
050,22,115,"Louisiana","Vernon Parish",5,50,449,224,225
050,22,115,"Louisiana","Vernon Parish",5,51,473,228,245
050,22,115,"Louisiana","Vernon Parish",5,52,479,238,241
050,22,115,"Louisiana","Vernon Parish",5,53,440,228,212
050,22,115,"Louisiana","Vernon Parish",5,54,419,211,208
050,22,115,"Louisiana","Vernon Parish",5,55,437,227,210
050,22,115,"Louisiana","Vernon Parish",5,56,456,232,224
050,22,115,"Louisiana","Vernon Parish",5,57,427,210,217
050,22,115,"Louisiana","Vernon Parish",5,58,447,219,228
050,22,115,"Louisiana","Vernon Parish",5,59,467,227,240
050,22,115,"Louisiana","Vernon Parish",5,60,457,242,215
050,22,115,"Louisiana","Vernon Parish",5,61,438,220,218
050,22,115,"Louisiana","Vernon Parish",5,62,442,214,228
050,22,115,"Louisiana","Vernon Parish",5,63,439,220,219
050,22,115,"Louisiana","Vernon Parish",5,64,449,225,224
050,22,115,"Louisiana","Vernon Parish",5,65,405,214,191
050,22,115,"Louisiana","Vernon Parish",5,66,398,195,203
050,22,115,"Louisiana","Vernon Parish",5,67,429,210,219
050,22,115,"Louisiana","Vernon Parish",5,68,419,212,207
050,22,115,"Louisiana","Vernon Parish",5,69,404,184,220
050,22,115,"Louisiana","Vernon Parish",5,70,371,169,202
050,22,115,"Louisiana","Vernon Parish",5,71,341,141,200
050,22,115,"Louisiana","Vernon Parish",5,72,358,166,192
050,22,115,"Louisiana","Vernon Parish",5,73,346,147,199
050,22,115,"Louisiana","Vernon Parish",5,74,325,145,180
050,22,115,"Louisiana","Vernon Parish",5,75,306,137,169
050,22,115,"Louisiana","Vernon Parish",5,76,346,158,188
050,22,115,"Louisiana","Vernon Parish",5,77,238,102,136
050,22,115,"Louisiana","Vernon Parish",5,78,236,102,134
050,22,115,"Louisiana","Vernon Parish",5,79,231,96,135
050,22,115,"Louisiana","Vernon Parish",5,80,207,93,114
050,22,115,"Louisiana","Vernon Parish",5,81,182,81,101
050,22,115,"Louisiana","Vernon Parish",5,82,158,72,86
050,22,115,"Louisiana","Vernon Parish",5,83,139,58,81
050,22,115,"Louisiana","Vernon Parish",5,84,131,56,75
050,22,115,"Louisiana","Vernon Parish",5,85,675,272,403
050,22,117,"Louisiana","Washington Parish",1,0,501,253,248
050,22,117,"Louisiana","Washington Parish",1,1,505,246,259
050,22,117,"Louisiana","Washington Parish",1,2,561,285,276
050,22,117,"Louisiana","Washington Parish",1,3,646,345,301
050,22,117,"Louisiana","Washington Parish",1,4,645,336,309
050,22,117,"Louisiana","Washington Parish",1,5,580,289,291
050,22,117,"Louisiana","Washington Parish",1,6,580,298,282
050,22,117,"Louisiana","Washington Parish",1,7,546,279,267
050,22,117,"Louisiana","Washington Parish",1,8,567,288,279
050,22,117,"Louisiana","Washington Parish",1,9,577,287,290
050,22,117,"Louisiana","Washington Parish",1,10,630,313,317
050,22,117,"Louisiana","Washington Parish",1,11,645,331,314
050,22,117,"Louisiana","Washington Parish",1,12,631,330,301
050,22,117,"Louisiana","Washington Parish",1,13,696,392,304
050,22,117,"Louisiana","Washington Parish",1,14,610,327,283
050,22,117,"Louisiana","Washington Parish",1,15,625,324,301
050,22,117,"Louisiana","Washington Parish",1,16,664,340,324
050,22,117,"Louisiana","Washington Parish",1,17,652,336,316
050,22,117,"Louisiana","Washington Parish",1,18,544,279,265
050,22,117,"Louisiana","Washington Parish",1,19,463,251,212
050,22,117,"Louisiana","Washington Parish",1,20,476,251,225
050,22,117,"Louisiana","Washington Parish",1,21,501,248,253
050,22,117,"Louisiana","Washington Parish",1,22,554,306,248
050,22,117,"Louisiana","Washington Parish",1,23,519,258,261
050,22,117,"Louisiana","Washington Parish",1,24,523,253,270
050,22,117,"Louisiana","Washington Parish",1,25,526,273,253
050,22,117,"Louisiana","Washington Parish",1,26,545,282,263
050,22,117,"Louisiana","Washington Parish",1,27,539,277,262
050,22,117,"Louisiana","Washington Parish",1,28,550,264,286
050,22,117,"Louisiana","Washington Parish",1,29,620,323,297
050,22,117,"Louisiana","Washington Parish",1,30,588,289,299
050,22,117,"Louisiana","Washington Parish",1,31,544,272,272
050,22,117,"Louisiana","Washington Parish",1,32,513,270,243
050,22,117,"Louisiana","Washington Parish",1,33,540,292,248
050,22,117,"Louisiana","Washington Parish",1,34,541,272,269
050,22,117,"Louisiana","Washington Parish",1,35,549,286,263
050,22,117,"Louisiana","Washington Parish",1,36,595,302,293
050,22,117,"Louisiana","Washington Parish",1,37,562,287,275
050,22,117,"Louisiana","Washington Parish",1,38,544,300,244
050,22,117,"Louisiana","Washington Parish",1,39,560,289,271
050,22,117,"Louisiana","Washington Parish",1,40,598,305,293
050,22,117,"Louisiana","Washington Parish",1,41,577,293,284
050,22,117,"Louisiana","Washington Parish",1,42,532,272,260
050,22,117,"Louisiana","Washington Parish",1,43,557,276,281
050,22,117,"Louisiana","Washington Parish",1,44,502,249,253
050,22,117,"Louisiana","Washington Parish",1,45,522,268,254
050,22,117,"Louisiana","Washington Parish",1,46,518,272,246
050,22,117,"Louisiana","Washington Parish",1,47,519,272,247
050,22,117,"Louisiana","Washington Parish",1,48,558,292,266
050,22,117,"Louisiana","Washington Parish",1,49,562,284,278
050,22,117,"Louisiana","Washington Parish",1,50,564,284,280
050,22,117,"Louisiana","Washington Parish",1,51,522,252,270
050,22,117,"Louisiana","Washington Parish",1,52,499,270,229
050,22,117,"Louisiana","Washington Parish",1,53,537,281,256
050,22,117,"Louisiana","Washington Parish",1,54,506,233,273
050,22,117,"Louisiana","Washington Parish",1,55,589,308,281
050,22,117,"Louisiana","Washington Parish",1,56,595,315,280
050,22,117,"Louisiana","Washington Parish",1,57,607,288,319
050,22,117,"Louisiana","Washington Parish",1,58,624,291,333
050,22,117,"Louisiana","Washington Parish",1,59,638,307,331
050,22,117,"Louisiana","Washington Parish",1,60,632,323,309
050,22,117,"Louisiana","Washington Parish",1,61,658,305,353
050,22,117,"Louisiana","Washington Parish",1,62,640,295,345
050,22,117,"Louisiana","Washington Parish",1,63,640,318,322
050,22,117,"Louisiana","Washington Parish",1,64,651,307,344
050,22,117,"Louisiana","Washington Parish",1,65,598,283,315
050,22,117,"Louisiana","Washington Parish",1,66,576,296,280
050,22,117,"Louisiana","Washington Parish",1,67,550,255,295
050,22,117,"Louisiana","Washington Parish",1,68,535,241,294
050,22,117,"Louisiana","Washington Parish",1,69,492,227,265
050,22,117,"Louisiana","Washington Parish",1,70,474,226,248
050,22,117,"Louisiana","Washington Parish",1,71,463,213,250
050,22,117,"Louisiana","Washington Parish",1,72,519,250,269
050,22,117,"Louisiana","Washington Parish",1,73,501,241,260
050,22,117,"Louisiana","Washington Parish",1,74,335,155,180
050,22,117,"Louisiana","Washington Parish",1,75,335,150,185
050,22,117,"Louisiana","Washington Parish",1,76,339,164,175
050,22,117,"Louisiana","Washington Parish",1,77,339,153,186
050,22,117,"Louisiana","Washington Parish",1,78,283,129,154
050,22,117,"Louisiana","Washington Parish",1,79,263,112,151
050,22,117,"Louisiana","Washington Parish",1,80,227,95,132
050,22,117,"Louisiana","Washington Parish",1,81,207,89,118
050,22,117,"Louisiana","Washington Parish",1,82,200,82,118
050,22,117,"Louisiana","Washington Parish",1,83,161,60,101
050,22,117,"Louisiana","Washington Parish",1,84,142,47,95
050,22,117,"Louisiana","Washington Parish",1,85,820,308,512
050,22,117,"Louisiana","Washington Parish",2,0,516,264,252
050,22,117,"Louisiana","Washington Parish",2,1,502,247,255
050,22,117,"Louisiana","Washington Parish",2,2,547,277,270
050,22,117,"Louisiana","Washington Parish",2,3,625,331,294
050,22,117,"Louisiana","Washington Parish",2,4,642,334,308
050,22,117,"Louisiana","Washington Parish",2,5,598,300,298
050,22,117,"Louisiana","Washington Parish",2,6,583,298,285
050,22,117,"Louisiana","Washington Parish",2,7,558,286,272
050,22,117,"Louisiana","Washington Parish",2,8,557,284,273
050,22,117,"Louisiana","Washington Parish",2,9,575,288,287
050,22,117,"Louisiana","Washington Parish",2,10,617,307,310
050,22,117,"Louisiana","Washington Parish",2,11,639,324,315
050,22,117,"Louisiana","Washington Parish",2,12,637,332,305
050,22,117,"Louisiana","Washington Parish",2,13,676,375,301
050,22,117,"Louisiana","Washington Parish",2,14,626,340,286
050,22,117,"Louisiana","Washington Parish",2,15,623,325,298
050,22,117,"Louisiana","Washington Parish",2,16,661,340,321
050,22,117,"Louisiana","Washington Parish",2,17,653,335,318
050,22,117,"Louisiana","Washington Parish",2,18,545,282,263
050,22,117,"Louisiana","Washington Parish",2,19,461,247,214
050,22,117,"Louisiana","Washington Parish",2,20,482,252,230
050,22,117,"Louisiana","Washington Parish",2,21,497,249,248
050,22,117,"Louisiana","Washington Parish",2,22,554,300,254
050,22,117,"Louisiana","Washington Parish",2,23,530,266,264
050,22,117,"Louisiana","Washington Parish",2,24,520,256,264
050,22,117,"Louisiana","Washington Parish",2,25,521,267,254
050,22,117,"Louisiana","Washington Parish",2,26,542,281,261
050,22,117,"Louisiana","Washington Parish",2,27,539,278,261
050,22,117,"Louisiana","Washington Parish",2,28,545,266,279
050,22,117,"Louisiana","Washington Parish",2,29,602,306,296
050,22,117,"Louisiana","Washington Parish",2,30,600,300,300
050,22,117,"Louisiana","Washington Parish",2,31,546,271,275
050,22,117,"Louisiana","Washington Parish",2,32,519,269,250
050,22,117,"Louisiana","Washington Parish",2,33,530,286,244
050,22,117,"Louisiana","Washington Parish",2,34,537,276,261
050,22,117,"Louisiana","Washington Parish",2,35,547,282,265
050,22,117,"Louisiana","Washington Parish",2,36,580,299,281
050,22,117,"Louisiana","Washington Parish",2,37,568,289,279
050,22,117,"Louisiana","Washington Parish",2,38,550,298,252
050,22,117,"Louisiana","Washington Parish",2,39,550,286,264
050,22,117,"Louisiana","Washington Parish",2,40,596,306,290
050,22,117,"Louisiana","Washington Parish",2,41,578,292,286
050,22,117,"Louisiana","Washington Parish",2,42,542,278,264
050,22,117,"Louisiana","Washington Parish",2,43,554,277,277
050,22,117,"Louisiana","Washington Parish",2,44,507,250,257
050,22,117,"Louisiana","Washington Parish",2,45,521,267,254
050,22,117,"Louisiana","Washington Parish",2,46,514,268,246
050,22,117,"Louisiana","Washington Parish",2,47,517,271,246
050,22,117,"Louisiana","Washington Parish",2,48,553,291,262
050,22,117,"Louisiana","Washington Parish",2,49,556,282,274
050,22,117,"Louisiana","Washington Parish",2,50,562,283,279
050,22,117,"Louisiana","Washington Parish",2,51,526,256,270
050,22,117,"Louisiana","Washington Parish",2,52,507,267,240
050,22,117,"Louisiana","Washington Parish",2,53,521,273,248
050,22,117,"Louisiana","Washington Parish",2,54,510,243,267
050,22,117,"Louisiana","Washington Parish",2,55,575,293,282
050,22,117,"Louisiana","Washington Parish",2,56,592,312,280
050,22,117,"Louisiana","Washington Parish",2,57,603,292,311
050,22,117,"Louisiana","Washington Parish",2,58,620,288,332
050,22,117,"Louisiana","Washington Parish",2,59,637,305,332
050,22,117,"Louisiana","Washington Parish",2,60,629,317,312
050,22,117,"Louisiana","Washington Parish",2,61,647,308,339
050,22,117,"Louisiana","Washington Parish",2,62,640,296,344
050,22,117,"Louisiana","Washington Parish",2,63,642,314,328
050,22,117,"Louisiana","Washington Parish",2,64,640,304,336
050,22,117,"Louisiana","Washington Parish",2,65,604,285,319
050,22,117,"Louisiana","Washington Parish",2,66,579,291,288
050,22,117,"Louisiana","Washington Parish",2,67,549,260,289
050,22,117,"Louisiana","Washington Parish",2,68,534,242,292
050,22,117,"Louisiana","Washington Parish",2,69,504,231,273
050,22,117,"Louisiana","Washington Parish",2,70,473,223,250
050,22,117,"Louisiana","Washington Parish",2,71,466,216,250
050,22,117,"Louisiana","Washington Parish",2,72,495,237,258
050,22,117,"Louisiana","Washington Parish",2,73,524,251,273
050,22,117,"Louisiana","Washington Parish",2,74,349,162,187
050,22,117,"Louisiana","Washington Parish",2,75,333,150,183
050,22,117,"Louisiana","Washington Parish",2,76,329,156,173
050,22,117,"Louisiana","Washington Parish",2,77,342,156,186
050,22,117,"Louisiana","Washington Parish",2,78,285,132,153
050,22,117,"Louisiana","Washington Parish",2,79,263,112,151
050,22,117,"Louisiana","Washington Parish",2,80,227,98,129
050,22,117,"Louisiana","Washington Parish",2,81,206,90,116
050,22,117,"Louisiana","Washington Parish",2,82,199,80,119
050,22,117,"Louisiana","Washington Parish",2,83,162,61,101
050,22,117,"Louisiana","Washington Parish",2,84,142,50,92
050,22,117,"Louisiana","Washington Parish",2,85,803,300,503
050,22,117,"Louisiana","Washington Parish",3,0,572,293,279
050,22,117,"Louisiana","Washington Parish",3,1,529,274,255
050,22,117,"Louisiana","Washington Parish",3,2,511,260,251
050,22,117,"Louisiana","Washington Parish",3,3,545,277,268
050,22,117,"Louisiana","Washington Parish",3,4,621,329,292
050,22,117,"Louisiana","Washington Parish",3,5,641,335,306
050,22,117,"Louisiana","Washington Parish",3,6,611,311,300
050,22,117,"Louisiana","Washington Parish",3,7,573,289,284
050,22,117,"Louisiana","Washington Parish",3,8,568,291,277
050,22,117,"Louisiana","Washington Parish",3,9,562,279,283
050,22,117,"Louisiana","Washington Parish",3,10,564,288,276
050,22,117,"Louisiana","Washington Parish",3,11,616,308,308
050,22,117,"Louisiana","Washington Parish",3,12,626,319,307
050,22,117,"Louisiana","Washington Parish",3,13,632,329,303
050,22,117,"Louisiana","Washington Parish",3,14,668,371,297
050,22,117,"Louisiana","Washington Parish",3,15,628,343,285
050,22,117,"Louisiana","Washington Parish",3,16,606,319,287
050,22,117,"Louisiana","Washington Parish",3,17,642,337,305
050,22,117,"Louisiana","Washington Parish",3,18,573,306,267
050,22,117,"Louisiana","Washington Parish",3,19,444,233,211
050,22,117,"Louisiana","Washington Parish",3,20,514,264,250
050,22,117,"Louisiana","Washington Parish",3,21,508,251,257
050,22,117,"Louisiana","Washington Parish",3,22,560,295,265
050,22,117,"Louisiana","Washington Parish",3,23,538,291,247
050,22,117,"Louisiana","Washington Parish",3,24,538,281,257
050,22,117,"Louisiana","Washington Parish",3,25,481,234,247
050,22,117,"Louisiana","Washington Parish",3,26,530,276,254
050,22,117,"Louisiana","Washington Parish",3,27,536,276,260
050,22,117,"Louisiana","Washington Parish",3,28,547,291,256
050,22,117,"Louisiana","Washington Parish",3,29,564,280,284
050,22,117,"Louisiana","Washington Parish",3,30,606,312,294
050,22,117,"Louisiana","Washington Parish",3,31,569,289,280
050,22,117,"Louisiana","Washington Parish",3,32,536,265,271
050,22,117,"Louisiana","Washington Parish",3,33,519,264,255
050,22,117,"Louisiana","Washington Parish",3,34,540,295,245
050,22,117,"Louisiana","Washington Parish",3,35,531,273,258
050,22,117,"Louisiana","Washington Parish",3,36,549,289,260
050,22,117,"Louisiana","Washington Parish",3,37,577,298,279
050,22,117,"Louisiana","Washington Parish",3,38,579,308,271
050,22,117,"Louisiana","Washington Parish",3,39,537,287,250
050,22,117,"Louisiana","Washington Parish",3,40,565,297,268
050,22,117,"Louisiana","Washington Parish",3,41,586,299,287
050,22,117,"Louisiana","Washington Parish",3,42,579,290,289
050,22,117,"Louisiana","Washington Parish",3,43,550,286,264
050,22,117,"Louisiana","Washington Parish",3,44,539,264,275
050,22,117,"Louisiana","Washington Parish",3,45,521,262,259
050,22,117,"Louisiana","Washington Parish",3,46,515,265,250
050,22,117,"Louisiana","Washington Parish",3,47,522,280,242
050,22,117,"Louisiana","Washington Parish",3,48,525,285,240
050,22,117,"Louisiana","Washington Parish",3,49,540,279,261
050,22,117,"Louisiana","Washington Parish",3,50,554,285,269
050,22,117,"Louisiana","Washington Parish",3,51,553,276,277
050,22,117,"Louisiana","Washington Parish",3,52,531,255,276
050,22,117,"Louisiana","Washington Parish",3,53,493,256,237
050,22,117,"Louisiana","Washington Parish",3,54,510,264,246
050,22,117,"Louisiana","Washington Parish",3,55,523,250,273
050,22,117,"Louisiana","Washington Parish",3,56,566,289,277
050,22,117,"Louisiana","Washington Parish",3,57,572,304,268
050,22,117,"Louisiana","Washington Parish",3,58,597,290,307
050,22,117,"Louisiana","Washington Parish",3,59,606,285,321
050,22,117,"Louisiana","Washington Parish",3,60,624,297,327
050,22,117,"Louisiana","Washington Parish",3,61,601,293,308
050,22,117,"Louisiana","Washington Parish",3,62,638,304,334
050,22,117,"Louisiana","Washington Parish",3,63,624,299,325
050,22,117,"Louisiana","Washington Parish",3,64,621,303,318
050,22,117,"Louisiana","Washington Parish",3,65,613,290,323
050,22,117,"Louisiana","Washington Parish",3,66,608,285,323
050,22,117,"Louisiana","Washington Parish",3,67,565,275,290
050,22,117,"Louisiana","Washington Parish",3,68,544,257,287
050,22,117,"Louisiana","Washington Parish",3,69,518,237,281
050,22,117,"Louisiana","Washington Parish",3,70,491,219,272
050,22,117,"Louisiana","Washington Parish",3,71,459,216,243
050,22,117,"Louisiana","Washington Parish",3,72,460,212,248
050,22,117,"Louisiana","Washington Parish",3,73,462,217,245
050,22,117,"Louisiana","Washington Parish",3,74,510,238,272
050,22,117,"Louisiana","Washington Parish",3,75,335,151,184
050,22,117,"Louisiana","Washington Parish",3,76,303,139,164
050,22,117,"Louisiana","Washington Parish",3,77,323,153,170
050,22,117,"Louisiana","Washington Parish",3,78,316,148,168
050,22,117,"Louisiana","Washington Parish",3,79,281,122,159
050,22,117,"Louisiana","Washington Parish",3,80,240,104,136
050,22,117,"Louisiana","Washington Parish",3,81,213,91,122
050,22,117,"Louisiana","Washington Parish",3,82,195,79,116
050,22,117,"Louisiana","Washington Parish",3,83,174,69,105
050,22,117,"Louisiana","Washington Parish",3,84,147,57,90
050,22,117,"Louisiana","Washington Parish",3,85,795,296,499
050,22,117,"Louisiana","Washington Parish",4,0,552,281,271
050,22,117,"Louisiana","Washington Parish",4,1,597,318,279
050,22,117,"Louisiana","Washington Parish",4,2,521,274,247
050,22,117,"Louisiana","Washington Parish",4,3,510,252,258
050,22,117,"Louisiana","Washington Parish",4,4,557,276,281
050,22,117,"Louisiana","Washington Parish",4,5,621,313,308
050,22,117,"Louisiana","Washington Parish",4,6,661,344,317
050,22,117,"Louisiana","Washington Parish",4,7,594,298,296
050,22,117,"Louisiana","Washington Parish",4,8,564,295,269
050,22,117,"Louisiana","Washington Parish",4,9,577,295,282
050,22,117,"Louisiana","Washington Parish",4,10,572,286,286
050,22,117,"Louisiana","Washington Parish",4,11,574,288,286
050,22,117,"Louisiana","Washington Parish",4,12,616,297,319
050,22,117,"Louisiana","Washington Parish",4,13,627,323,304
050,22,117,"Louisiana","Washington Parish",4,14,627,327,300
050,22,117,"Louisiana","Washington Parish",4,15,674,374,300
050,22,117,"Louisiana","Washington Parish",4,16,623,349,274
050,22,117,"Louisiana","Washington Parish",4,17,610,318,292
050,22,117,"Louisiana","Washington Parish",4,18,563,306,257
050,22,117,"Louisiana","Washington Parish",4,19,455,244,211
050,22,117,"Louisiana","Washington Parish",4,20,452,230,222
050,22,117,"Louisiana","Washington Parish",4,21,509,261,248
050,22,117,"Louisiana","Washington Parish",4,22,564,286,278
050,22,117,"Louisiana","Washington Parish",4,23,552,276,276
050,22,117,"Louisiana","Washington Parish",4,24,560,298,262
050,22,117,"Louisiana","Washington Parish",4,25,525,268,257
050,22,117,"Louisiana","Washington Parish",4,26,518,258,260
050,22,117,"Louisiana","Washington Parish",4,27,537,283,254
050,22,117,"Louisiana","Washington Parish",4,28,520,260,260
050,22,117,"Louisiana","Washington Parish",4,29,583,314,269
050,22,117,"Louisiana","Washington Parish",4,30,569,281,288
050,22,117,"Louisiana","Washington Parish",4,31,580,284,296
050,22,117,"Louisiana","Washington Parish",4,32,550,277,273
050,22,117,"Louisiana","Washington Parish",4,33,543,265,278
050,22,117,"Louisiana","Washington Parish",4,34,503,253,250
050,22,117,"Louisiana","Washington Parish",4,35,539,291,248
050,22,117,"Louisiana","Washington Parish",4,36,533,266,267
050,22,117,"Louisiana","Washington Parish",4,37,542,282,260
050,22,117,"Louisiana","Washington Parish",4,38,588,315,273
050,22,117,"Louisiana","Washington Parish",4,39,572,299,273
050,22,117,"Louisiana","Washington Parish",4,40,538,297,241
050,22,117,"Louisiana","Washington Parish",4,41,557,284,273
050,22,117,"Louisiana","Washington Parish",4,42,594,302,292
050,22,117,"Louisiana","Washington Parish",4,43,587,302,285
050,22,117,"Louisiana","Washington Parish",4,44,526,261,265
050,22,117,"Louisiana","Washington Parish",4,45,554,279,275
050,22,117,"Louisiana","Washington Parish",4,46,516,258,258
050,22,117,"Louisiana","Washington Parish",4,47,519,269,250
050,22,117,"Louisiana","Washington Parish",4,48,533,293,240
050,22,117,"Louisiana","Washington Parish",4,49,511,269,242
050,22,117,"Louisiana","Washington Parish",4,50,533,273,260
050,22,117,"Louisiana","Washington Parish",4,51,537,272,265
050,22,117,"Louisiana","Washington Parish",4,52,550,273,277
050,22,117,"Louisiana","Washington Parish",4,53,517,240,277
050,22,117,"Louisiana","Washington Parish",4,54,480,237,243
050,22,117,"Louisiana","Washington Parish",4,55,516,264,252
050,22,117,"Louisiana","Washington Parish",4,56,503,240,263
050,22,117,"Louisiana","Washington Parish",4,57,571,295,276
050,22,117,"Louisiana","Washington Parish",4,58,575,297,278
050,22,117,"Louisiana","Washington Parish",4,59,590,286,304
050,22,117,"Louisiana","Washington Parish",4,60,581,275,306
050,22,117,"Louisiana","Washington Parish",4,61,609,285,324
050,22,117,"Louisiana","Washington Parish",4,62,585,281,304
050,22,117,"Louisiana","Washington Parish",4,63,610,298,312
050,22,117,"Louisiana","Washington Parish",4,64,612,291,321
050,22,117,"Louisiana","Washington Parish",4,65,601,278,323
050,22,117,"Louisiana","Washington Parish",4,66,603,289,314
050,22,117,"Louisiana","Washington Parish",4,67,593,272,321
050,22,117,"Louisiana","Washington Parish",4,68,543,261,282
050,22,117,"Louisiana","Washington Parish",4,69,523,254,269
050,22,117,"Louisiana","Washington Parish",4,70,497,225,272
050,22,117,"Louisiana","Washington Parish",4,71,472,210,262
050,22,117,"Louisiana","Washington Parish",4,72,439,202,237
050,22,117,"Louisiana","Washington Parish",4,73,434,195,239
050,22,117,"Louisiana","Washington Parish",4,74,448,209,239
050,22,117,"Louisiana","Washington Parish",4,75,487,221,266
050,22,117,"Louisiana","Washington Parish",4,76,321,145,176
050,22,117,"Louisiana","Washington Parish",4,77,297,134,163
050,22,117,"Louisiana","Washington Parish",4,78,304,143,161
050,22,117,"Louisiana","Washington Parish",4,79,307,137,170
050,22,117,"Louisiana","Washington Parish",4,80,253,109,144
050,22,117,"Louisiana","Washington Parish",4,81,226,97,129
050,22,117,"Louisiana","Washington Parish",4,82,196,76,120
050,22,117,"Louisiana","Washington Parish",4,83,170,71,99
050,22,117,"Louisiana","Washington Parish",4,84,158,63,95
050,22,117,"Louisiana","Washington Parish",4,85,781,302,479
050,22,117,"Louisiana","Washington Parish",5,0,560,287,273
050,22,117,"Louisiana","Washington Parish",5,1,567,279,288
050,22,117,"Louisiana","Washington Parish",5,2,598,324,274
050,22,117,"Louisiana","Washington Parish",5,3,519,277,242
050,22,117,"Louisiana","Washington Parish",5,4,512,255,257
050,22,117,"Louisiana","Washington Parish",5,5,572,278,294
050,22,117,"Louisiana","Washington Parish",5,6,632,324,308
050,22,117,"Louisiana","Washington Parish",5,7,657,338,319
050,22,117,"Louisiana","Washington Parish",5,8,603,308,295
050,22,117,"Louisiana","Washington Parish",5,9,560,286,274
050,22,117,"Louisiana","Washington Parish",5,10,570,295,275
050,22,117,"Louisiana","Washington Parish",5,11,553,276,277
050,22,117,"Louisiana","Washington Parish",5,12,577,291,286
050,22,117,"Louisiana","Washington Parish",5,13,613,297,316
050,22,117,"Louisiana","Washington Parish",5,14,619,318,301
050,22,117,"Louisiana","Washington Parish",5,15,639,336,303
050,22,117,"Louisiana","Washington Parish",5,16,654,359,295
050,22,117,"Louisiana","Washington Parish",5,17,617,343,274
050,22,117,"Louisiana","Washington Parish",5,18,517,283,234
050,22,117,"Louisiana","Washington Parish",5,19,460,253,207
050,22,117,"Louisiana","Washington Parish",5,20,491,250,241
050,22,117,"Louisiana","Washington Parish",5,21,484,247,237
050,22,117,"Louisiana","Washington Parish",5,22,560,287,273
050,22,117,"Louisiana","Washington Parish",5,23,558,277,281
050,22,117,"Louisiana","Washington Parish",5,24,568,287,281
050,22,117,"Louisiana","Washington Parish",5,25,576,294,282
050,22,117,"Louisiana","Washington Parish",5,26,532,273,259
050,22,117,"Louisiana","Washington Parish",5,27,512,256,256
050,22,117,"Louisiana","Washington Parish",5,28,531,280,251
050,22,117,"Louisiana","Washington Parish",5,29,516,260,256
050,22,117,"Louisiana","Washington Parish",5,30,566,302,264
050,22,117,"Louisiana","Washington Parish",5,31,536,260,276
050,22,117,"Louisiana","Washington Parish",5,32,577,288,289
050,22,117,"Louisiana","Washington Parish",5,33,550,293,257
050,22,117,"Louisiana","Washington Parish",5,34,535,258,277
050,22,117,"Louisiana","Washington Parish",5,35,511,263,248
050,22,117,"Louisiana","Washington Parish",5,36,540,294,246
050,22,117,"Louisiana","Washington Parish",5,37,533,261,272
050,22,117,"Louisiana","Washington Parish",5,38,557,295,262
050,22,117,"Louisiana","Washington Parish",5,39,574,305,269
050,22,117,"Louisiana","Washington Parish",5,40,581,305,276
050,22,117,"Louisiana","Washington Parish",5,41,520,285,235
050,22,117,"Louisiana","Washington Parish",5,42,558,283,275
050,22,117,"Louisiana","Washington Parish",5,43,604,303,301
050,22,117,"Louisiana","Washington Parish",5,44,557,277,280
050,22,117,"Louisiana","Washington Parish",5,45,536,268,268
050,22,117,"Louisiana","Washington Parish",5,46,558,280,278
050,22,117,"Louisiana","Washington Parish",5,47,516,261,255
050,22,117,"Louisiana","Washington Parish",5,48,531,285,246
050,22,117,"Louisiana","Washington Parish",5,49,519,276,243
050,22,117,"Louisiana","Washington Parish",5,50,507,268,239
050,22,117,"Louisiana","Washington Parish",5,51,519,256,263
050,22,117,"Louisiana","Washington Parish",5,52,534,270,264
050,22,117,"Louisiana","Washington Parish",5,53,533,261,272
050,22,117,"Louisiana","Washington Parish",5,54,518,237,281
050,22,117,"Louisiana","Washington Parish",5,55,489,248,241
050,22,117,"Louisiana","Washington Parish",5,56,494,254,240
050,22,117,"Louisiana","Washington Parish",5,57,498,240,258
050,22,117,"Louisiana","Washington Parish",5,58,563,289,274
050,22,117,"Louisiana","Washington Parish",5,59,568,294,274
050,22,117,"Louisiana","Washington Parish",5,60,594,290,304
050,22,117,"Louisiana","Washington Parish",5,61,573,263,310
050,22,117,"Louisiana","Washington Parish",5,62,596,281,315
050,22,117,"Louisiana","Washington Parish",5,63,566,279,287
050,22,117,"Louisiana","Washington Parish",5,64,600,292,308
050,22,117,"Louisiana","Washington Parish",5,65,591,277,314
050,22,117,"Louisiana","Washington Parish",5,66,605,278,327
050,22,117,"Louisiana","Washington Parish",5,67,586,278,308
050,22,117,"Louisiana","Washington Parish",5,68,583,262,321
050,22,117,"Louisiana","Washington Parish",5,69,525,254,271
050,22,117,"Louisiana","Washington Parish",5,70,501,239,262
050,22,117,"Louisiana","Washington Parish",5,71,486,225,261
050,22,117,"Louisiana","Washington Parish",5,72,458,201,257
050,22,117,"Louisiana","Washington Parish",5,73,418,188,230
050,22,117,"Louisiana","Washington Parish",5,74,426,186,240
050,22,117,"Louisiana","Washington Parish",5,75,432,198,234
050,22,117,"Louisiana","Washington Parish",5,76,463,210,253
050,22,117,"Louisiana","Washington Parish",5,77,315,144,171
050,22,117,"Louisiana","Washington Parish",5,78,285,129,156
050,22,117,"Louisiana","Washington Parish",5,79,298,138,160
050,22,117,"Louisiana","Washington Parish",5,80,277,122,155
050,22,117,"Louisiana","Washington Parish",5,81,237,101,136
050,22,117,"Louisiana","Washington Parish",5,82,216,85,131
050,22,117,"Louisiana","Washington Parish",5,83,170,69,101
050,22,117,"Louisiana","Washington Parish",5,84,156,69,87
050,22,117,"Louisiana","Washington Parish",5,85,799,313,486
050,22,119,"Louisiana","Webster Parish",1,0,411,208,203
050,22,119,"Louisiana","Webster Parish",1,1,448,229,219
050,22,119,"Louisiana","Webster Parish",1,2,456,243,213
050,22,119,"Louisiana","Webster Parish",1,3,476,243,233
050,22,119,"Louisiana","Webster Parish",1,4,464,240,224
050,22,119,"Louisiana","Webster Parish",1,5,475,241,234
050,22,119,"Louisiana","Webster Parish",1,6,448,228,220
050,22,119,"Louisiana","Webster Parish",1,7,489,241,248
050,22,119,"Louisiana","Webster Parish",1,8,470,245,225
050,22,119,"Louisiana","Webster Parish",1,9,465,253,212
050,22,119,"Louisiana","Webster Parish",1,10,452,236,216
050,22,119,"Louisiana","Webster Parish",1,11,513,250,263
050,22,119,"Louisiana","Webster Parish",1,12,517,255,262
050,22,119,"Louisiana","Webster Parish",1,13,519,268,251
050,22,119,"Louisiana","Webster Parish",1,14,508,260,248
050,22,119,"Louisiana","Webster Parish",1,15,482,250,232
050,22,119,"Louisiana","Webster Parish",1,16,492,262,230
050,22,119,"Louisiana","Webster Parish",1,17,487,263,224
050,22,119,"Louisiana","Webster Parish",1,18,430,230,200
050,22,119,"Louisiana","Webster Parish",1,19,375,205,170
050,22,119,"Louisiana","Webster Parish",1,20,375,186,189
050,22,119,"Louisiana","Webster Parish",1,21,385,190,195
050,22,119,"Louisiana","Webster Parish",1,22,425,212,213
050,22,119,"Louisiana","Webster Parish",1,23,420,205,215
050,22,119,"Louisiana","Webster Parish",1,24,422,216,206
050,22,119,"Louisiana","Webster Parish",1,25,431,213,218
050,22,119,"Louisiana","Webster Parish",1,26,418,196,222
050,22,119,"Louisiana","Webster Parish",1,27,412,192,220
050,22,119,"Louisiana","Webster Parish",1,28,414,215,199
050,22,119,"Louisiana","Webster Parish",1,29,443,215,228
050,22,119,"Louisiana","Webster Parish",1,30,460,211,249
050,22,119,"Louisiana","Webster Parish",1,31,446,197,249
050,22,119,"Louisiana","Webster Parish",1,32,421,211,210
050,22,119,"Louisiana","Webster Parish",1,33,404,203,201
050,22,119,"Louisiana","Webster Parish",1,34,404,203,201
050,22,119,"Louisiana","Webster Parish",1,35,430,209,221
050,22,119,"Louisiana","Webster Parish",1,36,435,187,248
050,22,119,"Louisiana","Webster Parish",1,37,427,201,226
050,22,119,"Louisiana","Webster Parish",1,38,456,228,228
050,22,119,"Louisiana","Webster Parish",1,39,436,231,205
050,22,119,"Louisiana","Webster Parish",1,40,436,207,229
050,22,119,"Louisiana","Webster Parish",1,41,434,204,230
050,22,119,"Louisiana","Webster Parish",1,42,396,178,218
050,22,119,"Louisiana","Webster Parish",1,43,369,176,193
050,22,119,"Louisiana","Webster Parish",1,44,381,175,206
050,22,119,"Louisiana","Webster Parish",1,45,390,178,212
050,22,119,"Louisiana","Webster Parish",1,46,385,188,197
050,22,119,"Louisiana","Webster Parish",1,47,406,192,214
050,22,119,"Louisiana","Webster Parish",1,48,459,226,233
050,22,119,"Louisiana","Webster Parish",1,49,489,229,260
050,22,119,"Louisiana","Webster Parish",1,50,453,225,228
050,22,119,"Louisiana","Webster Parish",1,51,431,198,233
050,22,119,"Louisiana","Webster Parish",1,52,450,237,213
050,22,119,"Louisiana","Webster Parish",1,53,478,244,234
050,22,119,"Louisiana","Webster Parish",1,54,503,245,258
050,22,119,"Louisiana","Webster Parish",1,55,500,241,259
050,22,119,"Louisiana","Webster Parish",1,56,534,258,276
050,22,119,"Louisiana","Webster Parish",1,57,533,254,279
050,22,119,"Louisiana","Webster Parish",1,58,545,265,280
050,22,119,"Louisiana","Webster Parish",1,59,545,257,288
050,22,119,"Louisiana","Webster Parish",1,60,533,244,289
050,22,119,"Louisiana","Webster Parish",1,61,538,258,280
050,22,119,"Louisiana","Webster Parish",1,62,529,267,262
050,22,119,"Louisiana","Webster Parish",1,63,475,243,232
050,22,119,"Louisiana","Webster Parish",1,64,507,245,262
050,22,119,"Louisiana","Webster Parish",1,65,499,242,257
050,22,119,"Louisiana","Webster Parish",1,66,472,221,251
050,22,119,"Louisiana","Webster Parish",1,67,459,212,247
050,22,119,"Louisiana","Webster Parish",1,68,472,215,257
050,22,119,"Louisiana","Webster Parish",1,69,431,195,236
050,22,119,"Louisiana","Webster Parish",1,70,409,195,214
050,22,119,"Louisiana","Webster Parish",1,71,402,193,209
050,22,119,"Louisiana","Webster Parish",1,72,407,193,214
050,22,119,"Louisiana","Webster Parish",1,73,436,206,230
050,22,119,"Louisiana","Webster Parish",1,74,288,124,164
050,22,119,"Louisiana","Webster Parish",1,75,303,135,168
050,22,119,"Louisiana","Webster Parish",1,76,308,129,179
050,22,119,"Louisiana","Webster Parish",1,77,289,115,174
050,22,119,"Louisiana","Webster Parish",1,78,254,96,158
050,22,119,"Louisiana","Webster Parish",1,79,234,99,135
050,22,119,"Louisiana","Webster Parish",1,80,230,94,136
050,22,119,"Louisiana","Webster Parish",1,81,219,86,133
050,22,119,"Louisiana","Webster Parish",1,82,192,80,112
050,22,119,"Louisiana","Webster Parish",1,83,165,68,97
050,22,119,"Louisiana","Webster Parish",1,84,161,58,103
050,22,119,"Louisiana","Webster Parish",1,85,796,263,533
050,22,119,"Louisiana","Webster Parish",2,0,408,202,206
050,22,119,"Louisiana","Webster Parish",2,1,441,225,216
050,22,119,"Louisiana","Webster Parish",2,2,456,240,216
050,22,119,"Louisiana","Webster Parish",2,3,465,239,226
050,22,119,"Louisiana","Webster Parish",2,4,467,240,227
050,22,119,"Louisiana","Webster Parish",2,5,465,238,227
050,22,119,"Louisiana","Webster Parish",2,6,454,229,225
050,22,119,"Louisiana","Webster Parish",2,7,480,238,242
050,22,119,"Louisiana","Webster Parish",2,8,468,240,228
050,22,119,"Louisiana","Webster Parish",2,9,464,249,215
050,22,119,"Louisiana","Webster Parish",2,10,457,240,217
050,22,119,"Louisiana","Webster Parish",2,11,494,245,249
050,22,119,"Louisiana","Webster Parish",2,12,519,256,263
050,22,119,"Louisiana","Webster Parish",2,13,525,269,256
050,22,119,"Louisiana","Webster Parish",2,14,512,263,249
050,22,119,"Louisiana","Webster Parish",2,15,491,255,236
050,22,119,"Louisiana","Webster Parish",2,16,492,259,233
050,22,119,"Louisiana","Webster Parish",2,17,488,262,226
050,22,119,"Louisiana","Webster Parish",2,18,421,226,195
050,22,119,"Louisiana","Webster Parish",2,19,371,201,170
050,22,119,"Louisiana","Webster Parish",2,20,382,193,189
050,22,119,"Louisiana","Webster Parish",2,21,390,191,199
050,22,119,"Louisiana","Webster Parish",2,22,422,206,216
050,22,119,"Louisiana","Webster Parish",2,23,424,210,214
050,22,119,"Louisiana","Webster Parish",2,24,419,213,206
050,22,119,"Louisiana","Webster Parish",2,25,424,213,211
050,22,119,"Louisiana","Webster Parish",2,26,418,199,219
050,22,119,"Louisiana","Webster Parish",2,27,408,191,217
050,22,119,"Louisiana","Webster Parish",2,28,412,207,205
050,22,119,"Louisiana","Webster Parish",2,29,437,214,223
050,22,119,"Louisiana","Webster Parish",2,30,457,210,247
050,22,119,"Louisiana","Webster Parish",2,31,444,199,245
050,22,119,"Louisiana","Webster Parish",2,32,423,205,218
050,22,119,"Louisiana","Webster Parish",2,33,407,207,200
050,22,119,"Louisiana","Webster Parish",2,34,400,204,196
050,22,119,"Louisiana","Webster Parish",2,35,424,209,215
050,22,119,"Louisiana","Webster Parish",2,36,432,192,240
050,22,119,"Louisiana","Webster Parish",2,37,431,199,232
050,22,119,"Louisiana","Webster Parish",2,38,454,224,230
050,22,119,"Louisiana","Webster Parish",2,39,436,229,207
050,22,119,"Louisiana","Webster Parish",2,40,441,216,225
050,22,119,"Louisiana","Webster Parish",2,41,432,203,229
050,22,119,"Louisiana","Webster Parish",2,42,403,183,220
050,22,119,"Louisiana","Webster Parish",2,43,381,178,203
050,22,119,"Louisiana","Webster Parish",2,44,374,174,200
050,22,119,"Louisiana","Webster Parish",2,45,390,180,210
050,22,119,"Louisiana","Webster Parish",2,46,381,184,197
050,22,119,"Louisiana","Webster Parish",2,47,398,191,207
050,22,119,"Louisiana","Webster Parish",2,48,448,218,230
050,22,119,"Louisiana","Webster Parish",2,49,486,229,257
050,22,119,"Louisiana","Webster Parish",2,50,461,225,236
050,22,119,"Louisiana","Webster Parish",2,51,432,203,229
050,22,119,"Louisiana","Webster Parish",2,52,446,228,218
050,22,119,"Louisiana","Webster Parish",2,53,472,243,229
050,22,119,"Louisiana","Webster Parish",2,54,494,244,250
050,22,119,"Louisiana","Webster Parish",2,55,504,243,261
050,22,119,"Louisiana","Webster Parish",2,56,529,256,273
050,22,119,"Louisiana","Webster Parish",2,57,533,253,280
050,22,119,"Louisiana","Webster Parish",2,58,539,260,279
050,22,119,"Louisiana","Webster Parish",2,59,545,257,288
050,22,119,"Louisiana","Webster Parish",2,60,531,246,285
050,22,119,"Louisiana","Webster Parish",2,61,533,253,280
050,22,119,"Louisiana","Webster Parish",2,62,525,262,263
050,22,119,"Louisiana","Webster Parish",2,63,492,251,241
050,22,119,"Louisiana","Webster Parish",2,64,497,244,253
050,22,119,"Louisiana","Webster Parish",2,65,498,242,256
050,22,119,"Louisiana","Webster Parish",2,66,476,224,252
050,22,119,"Louisiana","Webster Parish",2,67,456,213,243
050,22,119,"Louisiana","Webster Parish",2,68,462,211,251
050,22,119,"Louisiana","Webster Parish",2,69,440,198,242
050,22,119,"Louisiana","Webster Parish",2,70,413,195,218
050,22,119,"Louisiana","Webster Parish",2,71,402,193,209
050,22,119,"Louisiana","Webster Parish",2,72,395,188,207
050,22,119,"Louisiana","Webster Parish",2,73,447,210,237
050,22,119,"Louisiana","Webster Parish",2,74,303,134,169
050,22,119,"Louisiana","Webster Parish",2,75,300,132,168
050,22,119,"Louisiana","Webster Parish",2,76,302,130,172
050,22,119,"Louisiana","Webster Parish",2,77,293,117,176
050,22,119,"Louisiana","Webster Parish",2,78,253,96,157
050,22,119,"Louisiana","Webster Parish",2,79,229,94,135
050,22,119,"Louisiana","Webster Parish",2,80,228,95,133
050,22,119,"Louisiana","Webster Parish",2,81,218,87,131
050,22,119,"Louisiana","Webster Parish",2,82,194,77,117
050,22,119,"Louisiana","Webster Parish",2,83,166,70,96
050,22,119,"Louisiana","Webster Parish",2,84,156,57,99
050,22,119,"Louisiana","Webster Parish",2,85,803,268,535
050,22,119,"Louisiana","Webster Parish",3,0,349,187,162
050,22,119,"Louisiana","Webster Parish",3,1,415,210,205
050,22,119,"Louisiana","Webster Parish",3,2,414,211,203
050,22,119,"Louisiana","Webster Parish",3,3,449,234,215
050,22,119,"Louisiana","Webster Parish",3,4,459,234,225
050,22,119,"Louisiana","Webster Parish",3,5,458,243,215
050,22,119,"Louisiana","Webster Parish",3,6,446,228,218
050,22,119,"Louisiana","Webster Parish",3,7,461,233,228
050,22,119,"Louisiana","Webster Parish",3,8,459,227,232
050,22,119,"Louisiana","Webster Parish",3,9,451,224,227
050,22,119,"Louisiana","Webster Parish",3,10,462,243,219
050,22,119,"Louisiana","Webster Parish",3,11,447,237,210
050,22,119,"Louisiana","Webster Parish",3,12,467,235,232
050,22,119,"Louisiana","Webster Parish",3,13,513,243,270
050,22,119,"Louisiana","Webster Parish",3,14,496,253,243
050,22,119,"Louisiana","Webster Parish",3,15,485,248,237
050,22,119,"Louisiana","Webster Parish",3,16,467,239,228
050,22,119,"Louisiana","Webster Parish",3,17,481,255,226
050,22,119,"Louisiana","Webster Parish",3,18,405,219,186
050,22,119,"Louisiana","Webster Parish",3,19,343,184,159
050,22,119,"Louisiana","Webster Parish",3,20,380,207,173
050,22,119,"Louisiana","Webster Parish",3,21,410,218,192
050,22,119,"Louisiana","Webster Parish",3,22,403,195,208
050,22,119,"Louisiana","Webster Parish",3,23,413,200,213
050,22,119,"Louisiana","Webster Parish",3,24,403,197,206
050,22,119,"Louisiana","Webster Parish",3,25,399,208,191
050,22,119,"Louisiana","Webster Parish",3,26,422,206,216
050,22,119,"Louisiana","Webster Parish",3,27,404,202,202
050,22,119,"Louisiana","Webster Parish",3,28,399,192,207
050,22,119,"Louisiana","Webster Parish",3,29,405,199,206
050,22,119,"Louisiana","Webster Parish",3,30,422,205,217
050,22,119,"Louisiana","Webster Parish",3,31,434,200,234
050,22,119,"Louisiana","Webster Parish",3,32,450,201,249
050,22,119,"Louisiana","Webster Parish",3,33,413,201,212
050,22,119,"Louisiana","Webster Parish",3,34,405,200,205
050,22,119,"Louisiana","Webster Parish",3,35,398,201,197
050,22,119,"Louisiana","Webster Parish",3,36,413,204,209
050,22,119,"Louisiana","Webster Parish",3,37,425,189,236
050,22,119,"Louisiana","Webster Parish",3,38,417,196,221
050,22,119,"Louisiana","Webster Parish",3,39,443,227,216
050,22,119,"Louisiana","Webster Parish",3,40,439,231,208
050,22,119,"Louisiana","Webster Parish",3,41,437,213,224
050,22,119,"Louisiana","Webster Parish",3,42,408,196,212
050,22,119,"Louisiana","Webster Parish",3,43,395,182,213
050,22,119,"Louisiana","Webster Parish",3,44,380,179,201
050,22,119,"Louisiana","Webster Parish",3,45,375,177,198
050,22,119,"Louisiana","Webster Parish",3,46,386,181,205
050,22,119,"Louisiana","Webster Parish",3,47,364,177,187
050,22,119,"Louisiana","Webster Parish",3,48,389,179,210
050,22,119,"Louisiana","Webster Parish",3,49,443,215,228
050,22,119,"Louisiana","Webster Parish",3,50,485,225,260
050,22,119,"Louisiana","Webster Parish",3,51,446,212,234
050,22,119,"Louisiana","Webster Parish",3,52,431,206,225
050,22,119,"Louisiana","Webster Parish",3,53,444,223,221
050,22,119,"Louisiana","Webster Parish",3,54,457,239,218
050,22,119,"Louisiana","Webster Parish",3,55,477,233,244
050,22,119,"Louisiana","Webster Parish",3,56,502,242,260
050,22,119,"Louisiana","Webster Parish",3,57,522,255,267
050,22,119,"Louisiana","Webster Parish",3,58,522,252,270
050,22,119,"Louisiana","Webster Parish",3,59,529,256,273
050,22,119,"Louisiana","Webster Parish",3,60,534,253,281
050,22,119,"Louisiana","Webster Parish",3,61,530,241,289
050,22,119,"Louisiana","Webster Parish",3,62,514,245,269
050,22,119,"Louisiana","Webster Parish",3,63,514,253,261
050,22,119,"Louisiana","Webster Parish",3,64,480,239,241
050,22,119,"Louisiana","Webster Parish",3,65,475,236,239
050,22,119,"Louisiana","Webster Parish",3,66,486,229,257
050,22,119,"Louisiana","Webster Parish",3,67,460,217,243
050,22,119,"Louisiana","Webster Parish",3,68,440,207,233
050,22,119,"Louisiana","Webster Parish",3,69,444,198,246
050,22,119,"Louisiana","Webster Parish",3,70,423,190,233
050,22,119,"Louisiana","Webster Parish",3,71,395,187,208
050,22,119,"Louisiana","Webster Parish",3,72,376,172,204
050,22,119,"Louisiana","Webster Parish",3,73,375,178,197
050,22,119,"Louisiana","Webster Parish",3,74,434,204,230
050,22,119,"Louisiana","Webster Parish",3,75,283,124,159
050,22,119,"Louisiana","Webster Parish",3,76,282,122,160
050,22,119,"Louisiana","Webster Parish",3,77,281,123,158
050,22,119,"Louisiana","Webster Parish",3,78,277,109,168
050,22,119,"Louisiana","Webster Parish",3,79,232,82,150
050,22,119,"Louisiana","Webster Parish",3,80,208,83,125
050,22,119,"Louisiana","Webster Parish",3,81,202,80,122
050,22,119,"Louisiana","Webster Parish",3,82,192,74,118
050,22,119,"Louisiana","Webster Parish",3,83,169,67,102
050,22,119,"Louisiana","Webster Parish",3,84,141,60,81
050,22,119,"Louisiana","Webster Parish",3,85,775,276,499
050,22,119,"Louisiana","Webster Parish",4,0,390,199,191
050,22,119,"Louisiana","Webster Parish",4,1,364,204,160
050,22,119,"Louisiana","Webster Parish",4,2,430,205,225
050,22,119,"Louisiana","Webster Parish",4,3,416,215,201
050,22,119,"Louisiana","Webster Parish",4,4,450,241,209
050,22,119,"Louisiana","Webster Parish",4,5,454,235,219
050,22,119,"Louisiana","Webster Parish",4,6,459,244,215
050,22,119,"Louisiana","Webster Parish",4,7,443,238,205
050,22,119,"Louisiana","Webster Parish",4,8,453,226,227
050,22,119,"Louisiana","Webster Parish",4,9,435,209,226
050,22,119,"Louisiana","Webster Parish",4,10,436,225,211
050,22,119,"Louisiana","Webster Parish",4,11,451,243,208
050,22,119,"Louisiana","Webster Parish",4,12,439,231,208
050,22,119,"Louisiana","Webster Parish",4,13,451,227,224
050,22,119,"Louisiana","Webster Parish",4,14,510,247,263
050,22,119,"Louisiana","Webster Parish",4,15,475,247,228
050,22,119,"Louisiana","Webster Parish",4,16,485,241,244
050,22,119,"Louisiana","Webster Parish",4,17,471,236,235
050,22,119,"Louisiana","Webster Parish",4,18,394,208,186
050,22,119,"Louisiana","Webster Parish",4,19,328,174,154
050,22,119,"Louisiana","Webster Parish",4,20,362,195,167
050,22,119,"Louisiana","Webster Parish",4,21,400,216,184
050,22,119,"Louisiana","Webster Parish",4,22,410,207,203
050,22,119,"Louisiana","Webster Parish",4,23,406,187,219
050,22,119,"Louisiana","Webster Parish",4,24,414,194,220
050,22,119,"Louisiana","Webster Parish",4,25,405,200,205
050,22,119,"Louisiana","Webster Parish",4,26,386,191,195
050,22,119,"Louisiana","Webster Parish",4,27,430,209,221
050,22,119,"Louisiana","Webster Parish",4,28,396,196,200
050,22,119,"Louisiana","Webster Parish",4,29,378,174,204
050,22,119,"Louisiana","Webster Parish",4,30,403,197,206
050,22,119,"Louisiana","Webster Parish",4,31,417,201,216
050,22,119,"Louisiana","Webster Parish",4,32,437,196,241
050,22,119,"Louisiana","Webster Parish",4,33,456,210,246
050,22,119,"Louisiana","Webster Parish",4,34,438,220,218
050,22,119,"Louisiana","Webster Parish",4,35,413,208,205
050,22,119,"Louisiana","Webster Parish",4,36,391,203,188
050,22,119,"Louisiana","Webster Parish",4,37,403,192,211
050,22,119,"Louisiana","Webster Parish",4,38,419,186,233
050,22,119,"Louisiana","Webster Parish",4,39,406,190,216
050,22,119,"Louisiana","Webster Parish",4,40,435,228,207
050,22,119,"Louisiana","Webster Parish",4,41,450,236,214
050,22,119,"Louisiana","Webster Parish",4,42,440,214,226
050,22,119,"Louisiana","Webster Parish",4,43,416,203,213
050,22,119,"Louisiana","Webster Parish",4,44,404,186,218
050,22,119,"Louisiana","Webster Parish",4,45,381,180,201
050,22,119,"Louisiana","Webster Parish",4,46,362,171,191
050,22,119,"Louisiana","Webster Parish",4,47,383,172,211
050,22,119,"Louisiana","Webster Parish",4,48,368,175,193
050,22,119,"Louisiana","Webster Parish",4,49,390,178,212
050,22,119,"Louisiana","Webster Parish",4,50,442,209,233
050,22,119,"Louisiana","Webster Parish",4,51,488,230,258
050,22,119,"Louisiana","Webster Parish",4,52,454,223,231
050,22,119,"Louisiana","Webster Parish",4,53,422,198,224
050,22,119,"Louisiana","Webster Parish",4,54,431,219,212
050,22,119,"Louisiana","Webster Parish",4,55,449,225,224
050,22,119,"Louisiana","Webster Parish",4,56,466,225,241
050,22,119,"Louisiana","Webster Parish",4,57,484,229,255
050,22,119,"Louisiana","Webster Parish",4,58,514,247,267
050,22,119,"Louisiana","Webster Parish",4,59,518,254,264
050,22,119,"Louisiana","Webster Parish",4,60,534,258,276
050,22,119,"Louisiana","Webster Parish",4,61,530,260,270
050,22,119,"Louisiana","Webster Parish",4,62,515,228,287
050,22,119,"Louisiana","Webster Parish",4,63,508,246,262
050,22,119,"Louisiana","Webster Parish",4,64,501,255,246
050,22,119,"Louisiana","Webster Parish",4,65,468,235,233
050,22,119,"Louisiana","Webster Parish",4,66,471,233,238
050,22,119,"Louisiana","Webster Parish",4,67,464,224,240
050,22,119,"Louisiana","Webster Parish",4,68,443,207,236
050,22,119,"Louisiana","Webster Parish",4,69,432,204,228
050,22,119,"Louisiana","Webster Parish",4,70,433,190,243
050,22,119,"Louisiana","Webster Parish",4,71,401,179,222
050,22,119,"Louisiana","Webster Parish",4,72,378,178,200
050,22,119,"Louisiana","Webster Parish",4,73,361,157,204
050,22,119,"Louisiana","Webster Parish",4,74,367,175,192
050,22,119,"Louisiana","Webster Parish",4,75,416,189,227
050,22,119,"Louisiana","Webster Parish",4,76,281,126,155
050,22,119,"Louisiana","Webster Parish",4,77,257,114,143
050,22,119,"Louisiana","Webster Parish",4,78,259,115,144
050,22,119,"Louisiana","Webster Parish",4,79,254,95,159
050,22,119,"Louisiana","Webster Parish",4,80,206,67,139
050,22,119,"Louisiana","Webster Parish",4,81,193,72,121
050,22,119,"Louisiana","Webster Parish",4,82,187,71,116
050,22,119,"Louisiana","Webster Parish",4,83,175,67,108
050,22,119,"Louisiana","Webster Parish",4,84,146,54,92
050,22,119,"Louisiana","Webster Parish",4,85,746,286,460
050,22,119,"Louisiana","Webster Parish",5,0,389,197,192
050,22,119,"Louisiana","Webster Parish",5,1,413,219,194
050,22,119,"Louisiana","Webster Parish",5,2,372,207,165
050,22,119,"Louisiana","Webster Parish",5,3,434,217,217
050,22,119,"Louisiana","Webster Parish",5,4,405,210,195
050,22,119,"Louisiana","Webster Parish",5,5,458,252,206
050,22,119,"Louisiana","Webster Parish",5,6,447,234,213
050,22,119,"Louisiana","Webster Parish",5,7,465,248,217
050,22,119,"Louisiana","Webster Parish",5,8,449,241,208
050,22,119,"Louisiana","Webster Parish",5,9,446,225,221
050,22,119,"Louisiana","Webster Parish",5,10,432,202,230
050,22,119,"Louisiana","Webster Parish",5,11,451,225,226
050,22,119,"Louisiana","Webster Parish",5,12,452,244,208
050,22,119,"Louisiana","Webster Parish",5,13,444,236,208
050,22,119,"Louisiana","Webster Parish",5,14,435,213,222
050,22,119,"Louisiana","Webster Parish",5,15,505,252,253
050,22,119,"Louisiana","Webster Parish",5,16,466,244,222
050,22,119,"Louisiana","Webster Parish",5,17,471,236,235
050,22,119,"Louisiana","Webster Parish",5,18,388,199,189
050,22,119,"Louisiana","Webster Parish",5,19,317,164,153
050,22,119,"Louisiana","Webster Parish",5,20,343,178,165
050,22,119,"Louisiana","Webster Parish",5,21,374,197,177
050,22,119,"Louisiana","Webster Parish",5,22,430,227,203
050,22,119,"Louisiana","Webster Parish",5,23,437,223,214
050,22,119,"Louisiana","Webster Parish",5,24,391,183,208
050,22,119,"Louisiana","Webster Parish",5,25,413,200,213
050,22,119,"Louisiana","Webster Parish",5,26,391,190,201
050,22,119,"Louisiana","Webster Parish",5,27,394,196,198
050,22,119,"Louisiana","Webster Parish",5,28,425,209,216
050,22,119,"Louisiana","Webster Parish",5,29,395,189,206
050,22,119,"Louisiana","Webster Parish",5,30,383,179,204
050,22,119,"Louisiana","Webster Parish",5,31,403,202,201
050,22,119,"Louisiana","Webster Parish",5,32,430,201,229
050,22,119,"Louisiana","Webster Parish",5,33,438,200,238
050,22,119,"Louisiana","Webster Parish",5,34,452,208,244
050,22,119,"Louisiana","Webster Parish",5,35,439,215,224
050,22,119,"Louisiana","Webster Parish",5,36,395,192,203
050,22,119,"Louisiana","Webster Parish",5,37,380,191,189
050,22,119,"Louisiana","Webster Parish",5,38,411,186,225
050,22,119,"Louisiana","Webster Parish",5,39,423,190,233
050,22,119,"Louisiana","Webster Parish",5,40,418,196,222
050,22,119,"Louisiana","Webster Parish",5,41,457,236,221
050,22,119,"Louisiana","Webster Parish",5,42,446,233,213
050,22,119,"Louisiana","Webster Parish",5,43,418,203,215
050,22,119,"Louisiana","Webster Parish",5,44,409,194,215
050,22,119,"Louisiana","Webster Parish",5,45,398,185,213
050,22,119,"Louisiana","Webster Parish",5,46,374,179,195
050,22,119,"Louisiana","Webster Parish",5,47,365,171,194
050,22,119,"Louisiana","Webster Parish",5,48,375,169,206
050,22,119,"Louisiana","Webster Parish",5,49,374,172,202
050,22,119,"Louisiana","Webster Parish",5,50,391,178,213
050,22,119,"Louisiana","Webster Parish",5,51,436,206,230
050,22,119,"Louisiana","Webster Parish",5,52,479,227,252
050,22,119,"Louisiana","Webster Parish",5,53,442,219,223
050,22,119,"Louisiana","Webster Parish",5,54,420,193,227
050,22,119,"Louisiana","Webster Parish",5,55,432,221,211
050,22,119,"Louisiana","Webster Parish",5,56,446,230,216
050,22,119,"Louisiana","Webster Parish",5,57,479,230,249
050,22,119,"Louisiana","Webster Parish",5,58,479,225,254
050,22,119,"Louisiana","Webster Parish",5,59,507,241,266
050,22,119,"Louisiana","Webster Parish",5,60,519,254,265
050,22,119,"Louisiana","Webster Parish",5,61,530,258,272
050,22,119,"Louisiana","Webster Parish",5,62,515,250,265
050,22,119,"Louisiana","Webster Parish",5,63,518,232,286
050,22,119,"Louisiana","Webster Parish",5,64,485,230,255
050,22,119,"Louisiana","Webster Parish",5,65,496,254,242
050,22,119,"Louisiana","Webster Parish",5,66,460,230,230
050,22,119,"Louisiana","Webster Parish",5,67,450,225,225
050,22,119,"Louisiana","Webster Parish",5,68,452,219,233
050,22,119,"Louisiana","Webster Parish",5,69,435,201,234
050,22,119,"Louisiana","Webster Parish",5,70,417,193,224
050,22,119,"Louisiana","Webster Parish",5,71,415,181,234
050,22,119,"Louisiana","Webster Parish",5,72,376,166,210
050,22,119,"Louisiana","Webster Parish",5,73,364,167,197
050,22,119,"Louisiana","Webster Parish",5,74,346,150,196
050,22,119,"Louisiana","Webster Parish",5,75,353,169,184
050,22,119,"Louisiana","Webster Parish",5,76,398,183,215
050,22,119,"Louisiana","Webster Parish",5,77,261,118,143
050,22,119,"Louisiana","Webster Parish",5,78,233,104,129
050,22,119,"Louisiana","Webster Parish",5,79,234,103,131
050,22,119,"Louisiana","Webster Parish",5,80,227,85,142
050,22,119,"Louisiana","Webster Parish",5,81,183,55,128
050,22,119,"Louisiana","Webster Parish",5,82,174,64,110
050,22,119,"Louisiana","Webster Parish",5,83,173,65,108
050,22,119,"Louisiana","Webster Parish",5,84,152,55,97
050,22,119,"Louisiana","Webster Parish",5,85,741,294,447
050,22,121,"Louisiana","West Baton Rouge Parish",1,0,355,180,175
050,22,121,"Louisiana","West Baton Rouge Parish",1,1,363,189,174
050,22,121,"Louisiana","West Baton Rouge Parish",1,2,380,200,180
050,22,121,"Louisiana","West Baton Rouge Parish",1,3,375,195,180
050,22,121,"Louisiana","West Baton Rouge Parish",1,4,395,214,181
050,22,121,"Louisiana","West Baton Rouge Parish",1,5,382,188,194
050,22,121,"Louisiana","West Baton Rouge Parish",1,6,375,182,193
050,22,121,"Louisiana","West Baton Rouge Parish",1,7,355,179,176
050,22,121,"Louisiana","West Baton Rouge Parish",1,8,370,194,176
050,22,121,"Louisiana","West Baton Rouge Parish",1,9,353,195,158
050,22,121,"Louisiana","West Baton Rouge Parish",1,10,374,182,192
050,22,121,"Louisiana","West Baton Rouge Parish",1,11,360,167,193
050,22,121,"Louisiana","West Baton Rouge Parish",1,12,396,196,200
050,22,121,"Louisiana","West Baton Rouge Parish",1,13,371,176,195
050,22,121,"Louisiana","West Baton Rouge Parish",1,14,365,176,189
050,22,121,"Louisiana","West Baton Rouge Parish",1,15,377,183,194
050,22,121,"Louisiana","West Baton Rouge Parish",1,16,378,197,181
050,22,121,"Louisiana","West Baton Rouge Parish",1,17,342,168,174
050,22,121,"Louisiana","West Baton Rouge Parish",1,18,288,146,142
050,22,121,"Louisiana","West Baton Rouge Parish",1,19,254,132,122
050,22,121,"Louisiana","West Baton Rouge Parish",1,20,272,148,124
050,22,121,"Louisiana","West Baton Rouge Parish",1,21,285,148,137
050,22,121,"Louisiana","West Baton Rouge Parish",1,22,309,159,150
050,22,121,"Louisiana","West Baton Rouge Parish",1,23,294,151,143
050,22,121,"Louisiana","West Baton Rouge Parish",1,24,333,175,158
050,22,121,"Louisiana","West Baton Rouge Parish",1,25,363,182,181
050,22,121,"Louisiana","West Baton Rouge Parish",1,26,364,174,190
050,22,121,"Louisiana","West Baton Rouge Parish",1,27,385,195,190
050,22,121,"Louisiana","West Baton Rouge Parish",1,28,429,227,202
050,22,121,"Louisiana","West Baton Rouge Parish",1,29,423,213,210
050,22,121,"Louisiana","West Baton Rouge Parish",1,30,418,209,209
050,22,121,"Louisiana","West Baton Rouge Parish",1,31,411,210,201
050,22,121,"Louisiana","West Baton Rouge Parish",1,32,432,216,216
050,22,121,"Louisiana","West Baton Rouge Parish",1,33,421,221,200
050,22,121,"Louisiana","West Baton Rouge Parish",1,34,430,212,218
050,22,121,"Louisiana","West Baton Rouge Parish",1,35,436,215,221
050,22,121,"Louisiana","West Baton Rouge Parish",1,36,422,220,202
050,22,121,"Louisiana","West Baton Rouge Parish",1,37,411,214,197
050,22,121,"Louisiana","West Baton Rouge Parish",1,38,430,217,213
050,22,121,"Louisiana","West Baton Rouge Parish",1,39,412,225,187
050,22,121,"Louisiana","West Baton Rouge Parish",1,40,410,214,196
050,22,121,"Louisiana","West Baton Rouge Parish",1,41,356,185,171
050,22,121,"Louisiana","West Baton Rouge Parish",1,42,338,158,180
050,22,121,"Louisiana","West Baton Rouge Parish",1,43,296,148,148
050,22,121,"Louisiana","West Baton Rouge Parish",1,44,261,123,138
050,22,121,"Louisiana","West Baton Rouge Parish",1,45,301,148,153
050,22,121,"Louisiana","West Baton Rouge Parish",1,46,252,133,119
050,22,121,"Louisiana","West Baton Rouge Parish",1,47,286,155,131
050,22,121,"Louisiana","West Baton Rouge Parish",1,48,307,156,151
050,22,121,"Louisiana","West Baton Rouge Parish",1,49,333,162,171
050,22,121,"Louisiana","West Baton Rouge Parish",1,50,324,164,160
050,22,121,"Louisiana","West Baton Rouge Parish",1,51,322,145,177
050,22,121,"Louisiana","West Baton Rouge Parish",1,52,336,152,184
050,22,121,"Louisiana","West Baton Rouge Parish",1,53,332,151,181
050,22,121,"Louisiana","West Baton Rouge Parish",1,54,380,177,203
050,22,121,"Louisiana","West Baton Rouge Parish",1,55,391,188,203
050,22,121,"Louisiana","West Baton Rouge Parish",1,56,342,162,180
050,22,121,"Louisiana","West Baton Rouge Parish",1,57,344,166,178
050,22,121,"Louisiana","West Baton Rouge Parish",1,58,378,192,186
050,22,121,"Louisiana","West Baton Rouge Parish",1,59,376,195,181
050,22,121,"Louisiana","West Baton Rouge Parish",1,60,369,187,182
050,22,121,"Louisiana","West Baton Rouge Parish",1,61,379,181,198
050,22,121,"Louisiana","West Baton Rouge Parish",1,62,362,185,177
050,22,121,"Louisiana","West Baton Rouge Parish",1,63,339,154,185
050,22,121,"Louisiana","West Baton Rouge Parish",1,64,349,151,198
050,22,121,"Louisiana","West Baton Rouge Parish",1,65,324,158,166
050,22,121,"Louisiana","West Baton Rouge Parish",1,66,280,128,152
050,22,121,"Louisiana","West Baton Rouge Parish",1,67,258,135,123
050,22,121,"Louisiana","West Baton Rouge Parish",1,68,282,141,141
050,22,121,"Louisiana","West Baton Rouge Parish",1,69,246,115,131
050,22,121,"Louisiana","West Baton Rouge Parish",1,70,236,114,122
050,22,121,"Louisiana","West Baton Rouge Parish",1,71,216,97,119
050,22,121,"Louisiana","West Baton Rouge Parish",1,72,204,107,97
050,22,121,"Louisiana","West Baton Rouge Parish",1,73,190,93,97
050,22,121,"Louisiana","West Baton Rouge Parish",1,74,130,65,65
050,22,121,"Louisiana","West Baton Rouge Parish",1,75,146,73,73
050,22,121,"Louisiana","West Baton Rouge Parish",1,76,138,66,72
050,22,121,"Louisiana","West Baton Rouge Parish",1,77,142,57,85
050,22,121,"Louisiana","West Baton Rouge Parish",1,78,110,38,72
050,22,121,"Louisiana","West Baton Rouge Parish",1,79,102,38,64
050,22,121,"Louisiana","West Baton Rouge Parish",1,80,106,42,64
050,22,121,"Louisiana","West Baton Rouge Parish",1,81,98,42,56
050,22,121,"Louisiana","West Baton Rouge Parish",1,82,93,43,50
050,22,121,"Louisiana","West Baton Rouge Parish",1,83,75,30,45
050,22,121,"Louisiana","West Baton Rouge Parish",1,84,77,32,45
050,22,121,"Louisiana","West Baton Rouge Parish",1,85,398,143,255
050,22,121,"Louisiana","West Baton Rouge Parish",2,0,367,191,176
050,22,121,"Louisiana","West Baton Rouge Parish",2,1,359,187,172
050,22,121,"Louisiana","West Baton Rouge Parish",2,2,372,194,178
050,22,121,"Louisiana","West Baton Rouge Parish",2,3,378,195,183
050,22,121,"Louisiana","West Baton Rouge Parish",2,4,391,208,183
050,22,121,"Louisiana","West Baton Rouge Parish",2,5,390,196,194
050,22,121,"Louisiana","West Baton Rouge Parish",2,6,376,184,192
050,22,121,"Louisiana","West Baton Rouge Parish",2,7,364,180,184
050,22,121,"Louisiana","West Baton Rouge Parish",2,8,365,190,175
050,22,121,"Louisiana","West Baton Rouge Parish",2,9,358,193,165
050,22,121,"Louisiana","West Baton Rouge Parish",2,10,367,183,184
050,22,121,"Louisiana","West Baton Rouge Parish",2,11,363,171,192
050,22,121,"Louisiana","West Baton Rouge Parish",2,12,387,187,200
050,22,121,"Louisiana","West Baton Rouge Parish",2,13,378,180,198
050,22,121,"Louisiana","West Baton Rouge Parish",2,14,367,176,191
050,22,121,"Louisiana","West Baton Rouge Parish",2,15,378,184,194
050,22,121,"Louisiana","West Baton Rouge Parish",2,16,379,193,186
050,22,121,"Louisiana","West Baton Rouge Parish",2,17,353,176,177
050,22,121,"Louisiana","West Baton Rouge Parish",2,18,286,144,142
050,22,121,"Louisiana","West Baton Rouge Parish",2,19,255,132,123
050,22,121,"Louisiana","West Baton Rouge Parish",2,20,275,148,127
050,22,121,"Louisiana","West Baton Rouge Parish",2,21,286,152,134
050,22,121,"Louisiana","West Baton Rouge Parish",2,22,309,159,150
050,22,121,"Louisiana","West Baton Rouge Parish",2,23,302,155,147
050,22,121,"Louisiana","West Baton Rouge Parish",2,24,327,171,156
050,22,121,"Louisiana","West Baton Rouge Parish",2,25,355,179,176
050,22,121,"Louisiana","West Baton Rouge Parish",2,26,365,177,188
050,22,121,"Louisiana","West Baton Rouge Parish",2,27,386,196,190
050,22,121,"Louisiana","West Baton Rouge Parish",2,28,419,218,201
050,22,121,"Louisiana","West Baton Rouge Parish",2,29,423,214,209
050,22,121,"Louisiana","West Baton Rouge Parish",2,30,421,210,211
050,22,121,"Louisiana","West Baton Rouge Parish",2,31,413,208,205
050,22,121,"Louisiana","West Baton Rouge Parish",2,32,424,213,211
050,22,121,"Louisiana","West Baton Rouge Parish",2,33,426,220,206
050,22,121,"Louisiana","West Baton Rouge Parish",2,34,424,211,213
050,22,121,"Louisiana","West Baton Rouge Parish",2,35,437,216,221
050,22,121,"Louisiana","West Baton Rouge Parish",2,36,422,218,204
050,22,121,"Louisiana","West Baton Rouge Parish",2,37,415,214,201
050,22,121,"Louisiana","West Baton Rouge Parish",2,38,432,220,212
050,22,121,"Louisiana","West Baton Rouge Parish",2,39,418,223,195
050,22,121,"Louisiana","West Baton Rouge Parish",2,40,413,217,196
050,22,121,"Louisiana","West Baton Rouge Parish",2,41,374,193,181
050,22,121,"Louisiana","West Baton Rouge Parish",2,42,342,165,177
050,22,121,"Louisiana","West Baton Rouge Parish",2,43,306,149,157
050,22,121,"Louisiana","West Baton Rouge Parish",2,44,266,126,140
050,22,121,"Louisiana","West Baton Rouge Parish",2,45,296,147,149
050,22,121,"Louisiana","West Baton Rouge Parish",2,46,260,134,126
050,22,121,"Louisiana","West Baton Rouge Parish",2,47,278,150,128
050,22,121,"Louisiana","West Baton Rouge Parish",2,48,305,157,148
050,22,121,"Louisiana","West Baton Rouge Parish",2,49,326,159,167
050,22,121,"Louisiana","West Baton Rouge Parish",2,50,328,166,162
050,22,121,"Louisiana","West Baton Rouge Parish",2,51,319,147,172
050,22,121,"Louisiana","West Baton Rouge Parish",2,52,331,147,184
050,22,121,"Louisiana","West Baton Rouge Parish",2,53,331,148,183
050,22,121,"Louisiana","West Baton Rouge Parish",2,54,369,172,197
050,22,121,"Louisiana","West Baton Rouge Parish",2,55,388,186,202
050,22,121,"Louisiana","West Baton Rouge Parish",2,56,353,168,185
050,22,121,"Louisiana","West Baton Rouge Parish",2,57,338,160,178
050,22,121,"Louisiana","West Baton Rouge Parish",2,58,368,184,184
050,22,121,"Louisiana","West Baton Rouge Parish",2,59,378,194,184
050,22,121,"Louisiana","West Baton Rouge Parish",2,60,374,192,182
050,22,121,"Louisiana","West Baton Rouge Parish",2,61,373,181,192
050,22,121,"Louisiana","West Baton Rouge Parish",2,62,360,180,180
050,22,121,"Louisiana","West Baton Rouge Parish",2,63,349,163,186
050,22,121,"Louisiana","West Baton Rouge Parish",2,64,344,152,192
050,22,121,"Louisiana","West Baton Rouge Parish",2,65,329,156,173
050,22,121,"Louisiana","West Baton Rouge Parish",2,66,290,136,154
050,22,121,"Louisiana","West Baton Rouge Parish",2,67,260,131,129
050,22,121,"Louisiana","West Baton Rouge Parish",2,68,274,137,137
050,22,121,"Louisiana","West Baton Rouge Parish",2,69,257,121,136
050,22,121,"Louisiana","West Baton Rouge Parish",2,70,237,112,125
050,22,121,"Louisiana","West Baton Rouge Parish",2,71,218,99,119
050,22,121,"Louisiana","West Baton Rouge Parish",2,72,197,100,97
050,22,121,"Louisiana","West Baton Rouge Parish",2,73,200,100,100
050,22,121,"Louisiana","West Baton Rouge Parish",2,74,134,65,69
050,22,121,"Louisiana","West Baton Rouge Parish",2,75,143,70,73
050,22,121,"Louisiana","West Baton Rouge Parish",2,76,136,64,72
050,22,121,"Louisiana","West Baton Rouge Parish",2,77,143,60,83
050,22,121,"Louisiana","West Baton Rouge Parish",2,78,112,40,72
050,22,121,"Louisiana","West Baton Rouge Parish",2,79,103,37,66
050,22,121,"Louisiana","West Baton Rouge Parish",2,80,106,41,65
050,22,121,"Louisiana","West Baton Rouge Parish",2,81,100,42,58
050,22,121,"Louisiana","West Baton Rouge Parish",2,82,92,43,49
050,22,121,"Louisiana","West Baton Rouge Parish",2,83,79,33,46
050,22,121,"Louisiana","West Baton Rouge Parish",2,84,72,29,43
050,22,121,"Louisiana","West Baton Rouge Parish",2,85,399,142,257
050,22,121,"Louisiana","West Baton Rouge Parish",3,0,362,181,181
050,22,121,"Louisiana","West Baton Rouge Parish",3,1,367,191,176
050,22,121,"Louisiana","West Baton Rouge Parish",3,2,375,204,171
050,22,121,"Louisiana","West Baton Rouge Parish",3,3,383,205,178
050,22,121,"Louisiana","West Baton Rouge Parish",3,4,390,202,188
050,22,121,"Louisiana","West Baton Rouge Parish",3,5,411,213,198
050,22,121,"Louisiana","West Baton Rouge Parish",3,6,382,188,194
050,22,121,"Louisiana","West Baton Rouge Parish",3,7,363,181,182
050,22,121,"Louisiana","West Baton Rouge Parish",3,8,370,180,190
050,22,121,"Louisiana","West Baton Rouge Parish",3,9,383,187,196
050,22,121,"Louisiana","West Baton Rouge Parish",3,10,376,200,176
050,22,121,"Louisiana","West Baton Rouge Parish",3,11,395,197,198
050,22,121,"Louisiana","West Baton Rouge Parish",3,12,368,176,192
050,22,121,"Louisiana","West Baton Rouge Parish",3,13,405,201,204
050,22,121,"Louisiana","West Baton Rouge Parish",3,14,403,194,209
050,22,121,"Louisiana","West Baton Rouge Parish",3,15,385,192,193
050,22,121,"Louisiana","West Baton Rouge Parish",3,16,383,181,202
050,22,121,"Louisiana","West Baton Rouge Parish",3,17,379,195,184
050,22,121,"Louisiana","West Baton Rouge Parish",3,18,302,152,150
050,22,121,"Louisiana","West Baton Rouge Parish",3,19,258,130,128
050,22,121,"Louisiana","West Baton Rouge Parish",3,20,286,140,146
050,22,121,"Louisiana","West Baton Rouge Parish",3,21,306,165,141
050,22,121,"Louisiana","West Baton Rouge Parish",3,22,322,170,152
050,22,121,"Louisiana","West Baton Rouge Parish",3,23,325,170,155
050,22,121,"Louisiana","West Baton Rouge Parish",3,24,339,179,160
050,22,121,"Louisiana","West Baton Rouge Parish",3,25,339,170,169
050,22,121,"Louisiana","West Baton Rouge Parish",3,26,357,180,177
050,22,121,"Louisiana","West Baton Rouge Parish",3,27,392,194,198
050,22,121,"Louisiana","West Baton Rouge Parish",3,28,394,197,197
050,22,121,"Louisiana","West Baton Rouge Parish",3,29,423,208,215
050,22,121,"Louisiana","West Baton Rouge Parish",3,30,436,216,220
050,22,121,"Louisiana","West Baton Rouge Parish",3,31,427,212,215
050,22,121,"Louisiana","West Baton Rouge Parish",3,32,423,208,215
050,22,121,"Louisiana","West Baton Rouge Parish",3,33,453,224,229
050,22,121,"Louisiana","West Baton Rouge Parish",3,34,406,206,200
050,22,121,"Louisiana","West Baton Rouge Parish",3,35,421,213,208
050,22,121,"Louisiana","West Baton Rouge Parish",3,36,446,219,227
050,22,121,"Louisiana","West Baton Rouge Parish",3,37,436,222,214
050,22,121,"Louisiana","West Baton Rouge Parish",3,38,428,223,205
050,22,121,"Louisiana","West Baton Rouge Parish",3,39,427,213,214
050,22,121,"Louisiana","West Baton Rouge Parish",3,40,397,201,196
050,22,121,"Louisiana","West Baton Rouge Parish",3,41,439,229,210
050,22,121,"Louisiana","West Baton Rouge Parish",3,42,385,201,184
050,22,121,"Louisiana","West Baton Rouge Parish",3,43,333,158,175
050,22,121,"Louisiana","West Baton Rouge Parish",3,44,314,146,168
050,22,121,"Louisiana","West Baton Rouge Parish",3,45,272,130,142
050,22,121,"Louisiana","West Baton Rouge Parish",3,46,289,146,143
050,22,121,"Louisiana","West Baton Rouge Parish",3,47,263,132,131
050,22,121,"Louisiana","West Baton Rouge Parish",3,48,268,141,127
050,22,121,"Louisiana","West Baton Rouge Parish",3,49,302,147,155
050,22,121,"Louisiana","West Baton Rouge Parish",3,50,349,180,169
050,22,121,"Louisiana","West Baton Rouge Parish",3,51,333,167,166
050,22,121,"Louisiana","West Baton Rouge Parish",3,52,324,149,175
050,22,121,"Louisiana","West Baton Rouge Parish",3,53,331,142,189
050,22,121,"Louisiana","West Baton Rouge Parish",3,54,331,157,174
050,22,121,"Louisiana","West Baton Rouge Parish",3,55,371,175,196
050,22,121,"Louisiana","West Baton Rouge Parish",3,56,379,182,197
050,22,121,"Louisiana","West Baton Rouge Parish",3,57,356,164,192
050,22,121,"Louisiana","West Baton Rouge Parish",3,58,339,164,175
050,22,121,"Louisiana","West Baton Rouge Parish",3,59,365,183,182
050,22,121,"Louisiana","West Baton Rouge Parish",3,60,368,185,183
050,22,121,"Louisiana","West Baton Rouge Parish",3,61,367,185,182
050,22,121,"Louisiana","West Baton Rouge Parish",3,62,359,175,184
050,22,121,"Louisiana","West Baton Rouge Parish",3,63,357,172,185
050,22,121,"Louisiana","West Baton Rouge Parish",3,64,351,169,182
050,22,121,"Louisiana","West Baton Rouge Parish",3,65,328,144,184
050,22,121,"Louisiana","West Baton Rouge Parish",3,66,321,147,174
050,22,121,"Louisiana","West Baton Rouge Parish",3,67,276,132,144
050,22,121,"Louisiana","West Baton Rouge Parish",3,68,264,132,132
050,22,121,"Louisiana","West Baton Rouge Parish",3,69,269,132,137
050,22,121,"Louisiana","West Baton Rouge Parish",3,70,254,121,133
050,22,121,"Louisiana","West Baton Rouge Parish",3,71,235,111,124
050,22,121,"Louisiana","West Baton Rouge Parish",3,72,215,99,116
050,22,121,"Louisiana","West Baton Rouge Parish",3,73,191,97,94
050,22,121,"Louisiana","West Baton Rouge Parish",3,74,198,97,101
050,22,121,"Louisiana","West Baton Rouge Parish",3,75,131,64,67
050,22,121,"Louisiana","West Baton Rouge Parish",3,76,134,63,71
050,22,121,"Louisiana","West Baton Rouge Parish",3,77,130,62,68
050,22,121,"Louisiana","West Baton Rouge Parish",3,78,133,57,76
050,22,121,"Louisiana","West Baton Rouge Parish",3,79,106,35,71
050,22,121,"Louisiana","West Baton Rouge Parish",3,80,102,36,66
050,22,121,"Louisiana","West Baton Rouge Parish",3,81,98,37,61
050,22,121,"Louisiana","West Baton Rouge Parish",3,82,94,39,55
050,22,121,"Louisiana","West Baton Rouge Parish",3,83,83,38,45
050,22,121,"Louisiana","West Baton Rouge Parish",3,84,76,32,44
050,22,121,"Louisiana","West Baton Rouge Parish",3,85,392,138,254
050,22,121,"Louisiana","West Baton Rouge Parish",4,0,337,154,183
050,22,121,"Louisiana","West Baton Rouge Parish",4,1,339,153,186
050,22,121,"Louisiana","West Baton Rouge Parish",4,2,372,190,182
050,22,121,"Louisiana","West Baton Rouge Parish",4,3,385,205,180
050,22,121,"Louisiana","West Baton Rouge Parish",4,4,391,209,182
050,22,121,"Louisiana","West Baton Rouge Parish",4,5,385,198,187
050,22,121,"Louisiana","West Baton Rouge Parish",4,6,408,211,197
050,22,121,"Louisiana","West Baton Rouge Parish",4,7,392,189,203
050,22,121,"Louisiana","West Baton Rouge Parish",4,8,388,199,189
050,22,121,"Louisiana","West Baton Rouge Parish",4,9,390,185,205
050,22,121,"Louisiana","West Baton Rouge Parish",4,10,406,203,203
050,22,121,"Louisiana","West Baton Rouge Parish",4,11,379,204,175
050,22,121,"Louisiana","West Baton Rouge Parish",4,12,413,202,211
050,22,121,"Louisiana","West Baton Rouge Parish",4,13,374,179,195
050,22,121,"Louisiana","West Baton Rouge Parish",4,14,405,203,202
050,22,121,"Louisiana","West Baton Rouge Parish",4,15,416,204,212
050,22,121,"Louisiana","West Baton Rouge Parish",4,16,383,190,193
050,22,121,"Louisiana","West Baton Rouge Parish",4,17,389,183,206
050,22,121,"Louisiana","West Baton Rouge Parish",4,18,332,182,150
050,22,121,"Louisiana","West Baton Rouge Parish",4,19,256,135,121
050,22,121,"Louisiana","West Baton Rouge Parish",4,20,275,134,141
050,22,121,"Louisiana","West Baton Rouge Parish",4,21,306,151,155
050,22,121,"Louisiana","West Baton Rouge Parish",4,22,319,176,143
050,22,121,"Louisiana","West Baton Rouge Parish",4,23,333,178,155
050,22,121,"Louisiana","West Baton Rouge Parish",4,24,359,189,170
050,22,121,"Louisiana","West Baton Rouge Parish",4,25,335,165,170
050,22,121,"Louisiana","West Baton Rouge Parish",4,26,321,167,154
050,22,121,"Louisiana","West Baton Rouge Parish",4,27,382,197,185
050,22,121,"Louisiana","West Baton Rouge Parish",4,28,385,181,204
050,22,121,"Louisiana","West Baton Rouge Parish",4,29,392,196,196
050,22,121,"Louisiana","West Baton Rouge Parish",4,30,418,205,213
050,22,121,"Louisiana","West Baton Rouge Parish",4,31,402,199,203
050,22,121,"Louisiana","West Baton Rouge Parish",4,32,448,226,222
050,22,121,"Louisiana","West Baton Rouge Parish",4,33,437,220,217
050,22,121,"Louisiana","West Baton Rouge Parish",4,34,433,211,222
050,22,121,"Louisiana","West Baton Rouge Parish",4,35,407,203,204
050,22,121,"Louisiana","West Baton Rouge Parish",4,36,420,216,204
050,22,121,"Louisiana","West Baton Rouge Parish",4,37,441,212,229
050,22,121,"Louisiana","West Baton Rouge Parish",4,38,449,233,216
050,22,121,"Louisiana","West Baton Rouge Parish",4,39,439,226,213
050,22,121,"Louisiana","West Baton Rouge Parish",4,40,400,190,210
050,22,121,"Louisiana","West Baton Rouge Parish",4,41,416,210,206
050,22,121,"Louisiana","West Baton Rouge Parish",4,42,458,249,209
050,22,121,"Louisiana","West Baton Rouge Parish",4,43,377,195,182
050,22,121,"Louisiana","West Baton Rouge Parish",4,44,315,138,177
050,22,121,"Louisiana","West Baton Rouge Parish",4,45,334,161,173
050,22,121,"Louisiana","West Baton Rouge Parish",4,46,273,126,147
050,22,121,"Louisiana","West Baton Rouge Parish",4,47,281,139,142
050,22,121,"Louisiana","West Baton Rouge Parish",4,48,271,134,137
050,22,121,"Louisiana","West Baton Rouge Parish",4,49,273,136,137
050,22,121,"Louisiana","West Baton Rouge Parish",4,50,309,155,154
050,22,121,"Louisiana","West Baton Rouge Parish",4,51,340,173,167
050,22,121,"Louisiana","West Baton Rouge Parish",4,52,341,168,173
050,22,121,"Louisiana","West Baton Rouge Parish",4,53,336,152,184
050,22,121,"Louisiana","West Baton Rouge Parish",4,54,342,155,187
050,22,121,"Louisiana","West Baton Rouge Parish",4,55,331,154,177
050,22,121,"Louisiana","West Baton Rouge Parish",4,56,372,175,197
050,22,121,"Louisiana","West Baton Rouge Parish",4,57,381,181,200
050,22,121,"Louisiana","West Baton Rouge Parish",4,58,352,159,193
050,22,121,"Louisiana","West Baton Rouge Parish",4,59,333,171,162
050,22,121,"Louisiana","West Baton Rouge Parish",4,60,371,186,185
050,22,121,"Louisiana","West Baton Rouge Parish",4,61,364,183,181
050,22,121,"Louisiana","West Baton Rouge Parish",4,62,365,179,186
050,22,121,"Louisiana","West Baton Rouge Parish",4,63,347,164,183
050,22,121,"Louisiana","West Baton Rouge Parish",4,64,347,169,178
050,22,121,"Louisiana","West Baton Rouge Parish",4,65,340,155,185
050,22,121,"Louisiana","West Baton Rouge Parish",4,66,318,137,181
050,22,121,"Louisiana","West Baton Rouge Parish",4,67,307,141,166
050,22,121,"Louisiana","West Baton Rouge Parish",4,68,273,128,145
050,22,121,"Louisiana","West Baton Rouge Parish",4,69,255,128,127
050,22,121,"Louisiana","West Baton Rouge Parish",4,70,260,128,132
050,22,121,"Louisiana","West Baton Rouge Parish",4,71,255,120,135
050,22,121,"Louisiana","West Baton Rouge Parish",4,72,222,107,115
050,22,121,"Louisiana","West Baton Rouge Parish",4,73,208,98,110
050,22,121,"Louisiana","West Baton Rouge Parish",4,74,187,92,95
050,22,121,"Louisiana","West Baton Rouge Parish",4,75,193,95,98
050,22,121,"Louisiana","West Baton Rouge Parish",4,76,121,56,65
050,22,121,"Louisiana","West Baton Rouge Parish",4,77,129,59,70
050,22,121,"Louisiana","West Baton Rouge Parish",4,78,123,60,63
050,22,121,"Louisiana","West Baton Rouge Parish",4,79,122,51,71
050,22,121,"Louisiana","West Baton Rouge Parish",4,80,106,33,73
050,22,121,"Louisiana","West Baton Rouge Parish",4,81,97,37,60
050,22,121,"Louisiana","West Baton Rouge Parish",4,82,85,31,54
050,22,121,"Louisiana","West Baton Rouge Parish",4,83,88,36,52
050,22,121,"Louisiana","West Baton Rouge Parish",4,84,78,37,41
050,22,121,"Louisiana","West Baton Rouge Parish",4,85,397,134,263
050,22,121,"Louisiana","West Baton Rouge Parish",5,0,334,154,180
050,22,121,"Louisiana","West Baton Rouge Parish",5,1,335,157,178
050,22,121,"Louisiana","West Baton Rouge Parish",5,2,346,153,193
050,22,121,"Louisiana","West Baton Rouge Parish",5,3,366,192,174
050,22,121,"Louisiana","West Baton Rouge Parish",5,4,384,197,187
050,22,121,"Louisiana","West Baton Rouge Parish",5,5,365,188,177
050,22,121,"Louisiana","West Baton Rouge Parish",5,6,394,200,194
050,22,121,"Louisiana","West Baton Rouge Parish",5,7,420,215,205
050,22,121,"Louisiana","West Baton Rouge Parish",5,8,383,191,192
050,22,121,"Louisiana","West Baton Rouge Parish",5,9,376,188,188
050,22,121,"Louisiana","West Baton Rouge Parish",5,10,399,186,213
050,22,121,"Louisiana","West Baton Rouge Parish",5,11,408,205,203
050,22,121,"Louisiana","West Baton Rouge Parish",5,12,379,206,173
050,22,121,"Louisiana","West Baton Rouge Parish",5,13,428,211,217
050,22,121,"Louisiana","West Baton Rouge Parish",5,14,371,185,186
050,22,121,"Louisiana","West Baton Rouge Parish",5,15,409,204,205
050,22,121,"Louisiana","West Baton Rouge Parish",5,16,419,212,207
050,22,121,"Louisiana","West Baton Rouge Parish",5,17,377,190,187
050,22,121,"Louisiana","West Baton Rouge Parish",5,18,329,163,166
050,22,121,"Louisiana","West Baton Rouge Parish",5,19,287,159,128
050,22,121,"Louisiana","West Baton Rouge Parish",5,20,278,145,133
050,22,121,"Louisiana","West Baton Rouge Parish",5,21,299,144,155
050,22,121,"Louisiana","West Baton Rouge Parish",5,22,356,183,173
050,22,121,"Louisiana","West Baton Rouge Parish",5,23,350,184,166
050,22,121,"Louisiana","West Baton Rouge Parish",5,24,363,197,166
050,22,121,"Louisiana","West Baton Rouge Parish",5,25,354,184,170
050,22,121,"Louisiana","West Baton Rouge Parish",5,26,348,177,171
050,22,121,"Louisiana","West Baton Rouge Parish",5,27,333,171,162
050,22,121,"Louisiana","West Baton Rouge Parish",5,28,378,197,181
050,22,121,"Louisiana","West Baton Rouge Parish",5,29,362,167,195
050,22,121,"Louisiana","West Baton Rouge Parish",5,30,394,199,195
050,22,121,"Louisiana","West Baton Rouge Parish",5,31,406,201,205
050,22,121,"Louisiana","West Baton Rouge Parish",5,32,403,198,205
050,22,121,"Louisiana","West Baton Rouge Parish",5,33,452,233,219
050,22,121,"Louisiana","West Baton Rouge Parish",5,34,430,212,218
050,22,121,"Louisiana","West Baton Rouge Parish",5,35,426,206,220
050,22,121,"Louisiana","West Baton Rouge Parish",5,36,388,195,193
050,22,121,"Louisiana","West Baton Rouge Parish",5,37,407,206,201
050,22,121,"Louisiana","West Baton Rouge Parish",5,38,453,221,232
050,22,121,"Louisiana","West Baton Rouge Parish",5,39,452,235,217
050,22,121,"Louisiana","West Baton Rouge Parish",5,40,416,206,210
050,22,121,"Louisiana","West Baton Rouge Parish",5,41,392,189,203
050,22,121,"Louisiana","West Baton Rouge Parish",5,42,444,235,209
050,22,121,"Louisiana","West Baton Rouge Parish",5,43,435,235,200
050,22,121,"Louisiana","West Baton Rouge Parish",5,44,389,198,191
050,22,121,"Louisiana","West Baton Rouge Parish",5,45,329,151,178
050,22,121,"Louisiana","West Baton Rouge Parish",5,46,329,152,177
050,22,121,"Louisiana","West Baton Rouge Parish",5,47,294,133,161
050,22,121,"Louisiana","West Baton Rouge Parish",5,48,274,136,138
050,22,121,"Louisiana","West Baton Rouge Parish",5,49,279,131,148
050,22,121,"Louisiana","West Baton Rouge Parish",5,50,289,154,135
050,22,121,"Louisiana","West Baton Rouge Parish",5,51,298,143,155
050,22,121,"Louisiana","West Baton Rouge Parish",5,52,343,177,166
050,22,121,"Louisiana","West Baton Rouge Parish",5,53,351,167,184
050,22,121,"Louisiana","West Baton Rouge Parish",5,54,351,164,187
050,22,121,"Louisiana","West Baton Rouge Parish",5,55,346,156,190
050,22,121,"Louisiana","West Baton Rouge Parish",5,56,324,151,173
050,22,121,"Louisiana","West Baton Rouge Parish",5,57,382,179,203
050,22,121,"Louisiana","West Baton Rouge Parish",5,58,383,181,202
050,22,121,"Louisiana","West Baton Rouge Parish",5,59,354,163,191
050,22,121,"Louisiana","West Baton Rouge Parish",5,60,345,181,164
050,22,121,"Louisiana","West Baton Rouge Parish",5,61,367,180,187
050,22,121,"Louisiana","West Baton Rouge Parish",5,62,354,181,173
050,22,121,"Louisiana","West Baton Rouge Parish",5,63,371,179,192
050,22,121,"Louisiana","West Baton Rouge Parish",5,64,355,167,188
050,22,121,"Louisiana","West Baton Rouge Parish",5,65,330,159,171
050,22,121,"Louisiana","West Baton Rouge Parish",5,66,331,149,182
050,22,121,"Louisiana","West Baton Rouge Parish",5,67,311,135,176
050,22,121,"Louisiana","West Baton Rouge Parish",5,68,301,138,163
050,22,121,"Louisiana","West Baton Rouge Parish",5,69,267,124,143
050,22,121,"Louisiana","West Baton Rouge Parish",5,70,255,128,127
050,22,121,"Louisiana","West Baton Rouge Parish",5,71,255,127,128
050,22,121,"Louisiana","West Baton Rouge Parish",5,72,246,114,132
050,22,121,"Louisiana","West Baton Rouge Parish",5,73,221,105,116
050,22,121,"Louisiana","West Baton Rouge Parish",5,74,207,96,111
050,22,121,"Louisiana","West Baton Rouge Parish",5,75,185,93,92
050,22,121,"Louisiana","West Baton Rouge Parish",5,76,183,86,97
050,22,121,"Louisiana","West Baton Rouge Parish",5,77,116,53,63
050,22,121,"Louisiana","West Baton Rouge Parish",5,78,124,54,70
050,22,121,"Louisiana","West Baton Rouge Parish",5,79,110,53,57
050,22,121,"Louisiana","West Baton Rouge Parish",5,80,121,51,70
050,22,121,"Louisiana","West Baton Rouge Parish",5,81,102,33,69
050,22,121,"Louisiana","West Baton Rouge Parish",5,82,84,30,54
050,22,121,"Louisiana","West Baton Rouge Parish",5,83,76,26,50
050,22,121,"Louisiana","West Baton Rouge Parish",5,84,81,34,47
050,22,121,"Louisiana","West Baton Rouge Parish",5,85,425,146,279
050,22,123,"Louisiana","West Carroll Parish",1,0,104,56,48
050,22,123,"Louisiana","West Carroll Parish",1,1,103,57,46
050,22,123,"Louisiana","West Carroll Parish",1,2,101,46,55
050,22,123,"Louisiana","West Carroll Parish",1,3,92,49,43
050,22,123,"Louisiana","West Carroll Parish",1,4,124,64,60
050,22,123,"Louisiana","West Carroll Parish",1,5,122,63,59
050,22,123,"Louisiana","West Carroll Parish",1,6,125,76,49
050,22,123,"Louisiana","West Carroll Parish",1,7,120,69,51
050,22,123,"Louisiana","West Carroll Parish",1,8,119,61,58
050,22,123,"Louisiana","West Carroll Parish",1,9,122,69,53
050,22,123,"Louisiana","West Carroll Parish",1,10,127,62,65
050,22,123,"Louisiana","West Carroll Parish",1,11,145,74,71
050,22,123,"Louisiana","West Carroll Parish",1,12,157,90,67
050,22,123,"Louisiana","West Carroll Parish",1,13,162,92,70
050,22,123,"Louisiana","West Carroll Parish",1,14,141,74,67
050,22,123,"Louisiana","West Carroll Parish",1,15,146,83,63
050,22,123,"Louisiana","West Carroll Parish",1,16,135,67,68
050,22,123,"Louisiana","West Carroll Parish",1,17,132,65,67
050,22,123,"Louisiana","West Carroll Parish",1,18,124,73,51
050,22,123,"Louisiana","West Carroll Parish",1,19,95,54,41
050,22,123,"Louisiana","West Carroll Parish",1,20,98,58,40
050,22,123,"Louisiana","West Carroll Parish",1,21,95,53,42
050,22,123,"Louisiana","West Carroll Parish",1,22,101,49,52
050,22,123,"Louisiana","West Carroll Parish",1,23,108,44,64
050,22,123,"Louisiana","West Carroll Parish",1,24,100,43,57
050,22,123,"Louisiana","West Carroll Parish",1,25,94,49,45
050,22,123,"Louisiana","West Carroll Parish",1,26,103,54,49
050,22,123,"Louisiana","West Carroll Parish",1,27,104,55,49
050,22,123,"Louisiana","West Carroll Parish",1,28,121,68,53
050,22,123,"Louisiana","West Carroll Parish",1,29,114,52,62
050,22,123,"Louisiana","West Carroll Parish",1,30,101,49,52
050,22,123,"Louisiana","West Carroll Parish",1,31,118,55,63
050,22,123,"Louisiana","West Carroll Parish",1,32,98,49,49
050,22,123,"Louisiana","West Carroll Parish",1,33,103,52,51
050,22,123,"Louisiana","West Carroll Parish",1,34,96,42,54
050,22,123,"Louisiana","West Carroll Parish",1,35,96,37,59
050,22,123,"Louisiana","West Carroll Parish",1,36,103,42,61
050,22,123,"Louisiana","West Carroll Parish",1,37,113,57,56
050,22,123,"Louisiana","West Carroll Parish",1,38,110,59,51
050,22,123,"Louisiana","West Carroll Parish",1,39,115,63,52
050,22,123,"Louisiana","West Carroll Parish",1,40,116,53,63
050,22,123,"Louisiana","West Carroll Parish",1,41,142,71,71
050,22,123,"Louisiana","West Carroll Parish",1,42,118,54,64
050,22,123,"Louisiana","West Carroll Parish",1,43,118,53,65
050,22,123,"Louisiana","West Carroll Parish",1,44,109,61,48
050,22,123,"Louisiana","West Carroll Parish",1,45,120,69,51
050,22,123,"Louisiana","West Carroll Parish",1,46,118,63,55
050,22,123,"Louisiana","West Carroll Parish",1,47,107,55,52
050,22,123,"Louisiana","West Carroll Parish",1,48,122,56,66
050,22,123,"Louisiana","West Carroll Parish",1,49,123,64,59
050,22,123,"Louisiana","West Carroll Parish",1,50,114,57,57
050,22,123,"Louisiana","West Carroll Parish",1,51,117,56,61
050,22,123,"Louisiana","West Carroll Parish",1,52,118,63,55
050,22,123,"Louisiana","West Carroll Parish",1,53,117,63,54
050,22,123,"Louisiana","West Carroll Parish",1,54,125,62,63
050,22,123,"Louisiana","West Carroll Parish",1,55,121,50,71
050,22,123,"Louisiana","West Carroll Parish",1,56,129,61,68
050,22,123,"Louisiana","West Carroll Parish",1,57,151,74,77
050,22,123,"Louisiana","West Carroll Parish",1,58,141,62,79
050,22,123,"Louisiana","West Carroll Parish",1,59,152,75,77
050,22,123,"Louisiana","West Carroll Parish",1,60,153,73,80
050,22,123,"Louisiana","West Carroll Parish",1,61,138,66,72
050,22,123,"Louisiana","West Carroll Parish",1,62,142,75,67
050,22,123,"Louisiana","West Carroll Parish",1,63,142,74,68
050,22,123,"Louisiana","West Carroll Parish",1,64,124,60,64
050,22,123,"Louisiana","West Carroll Parish",1,65,128,62,66
050,22,123,"Louisiana","West Carroll Parish",1,66,117,62,55
050,22,123,"Louisiana","West Carroll Parish",1,67,126,66,60
050,22,123,"Louisiana","West Carroll Parish",1,68,116,56,60
050,22,123,"Louisiana","West Carroll Parish",1,69,105,48,57
050,22,123,"Louisiana","West Carroll Parish",1,70,104,48,56
050,22,123,"Louisiana","West Carroll Parish",1,71,122,59,63
050,22,123,"Louisiana","West Carroll Parish",1,72,112,50,62
050,22,123,"Louisiana","West Carroll Parish",1,73,110,49,61
050,22,123,"Louisiana","West Carroll Parish",1,74,74,35,39
050,22,123,"Louisiana","West Carroll Parish",1,75,76,34,42
050,22,123,"Louisiana","West Carroll Parish",1,76,77,29,48
050,22,123,"Louisiana","West Carroll Parish",1,77,86,39,47
050,22,123,"Louisiana","West Carroll Parish",1,78,79,31,48
050,22,123,"Louisiana","West Carroll Parish",1,79,72,29,43
050,22,123,"Louisiana","West Carroll Parish",1,80,59,24,35
050,22,123,"Louisiana","West Carroll Parish",1,81,54,23,31
050,22,123,"Louisiana","West Carroll Parish",1,82,49,13,36
050,22,123,"Louisiana","West Carroll Parish",1,83,50,18,32
050,22,123,"Louisiana","West Carroll Parish",1,84,51,22,29
050,22,123,"Louisiana","West Carroll Parish",1,85,226,86,140
050,22,123,"Louisiana","West Carroll Parish",2,0,100,52,48
050,22,123,"Louisiana","West Carroll Parish",2,1,103,56,47
050,22,123,"Louisiana","West Carroll Parish",2,2,98,47,51
050,22,123,"Louisiana","West Carroll Parish",2,3,95,49,46
050,22,123,"Louisiana","West Carroll Parish",2,4,117,60,57
050,22,123,"Louisiana","West Carroll Parish",2,5,122,63,59
050,22,123,"Louisiana","West Carroll Parish",2,6,126,74,52
050,22,123,"Louisiana","West Carroll Parish",2,7,120,69,51
050,22,123,"Louisiana","West Carroll Parish",2,8,119,63,56
050,22,123,"Louisiana","West Carroll Parish",2,9,120,66,54
050,22,123,"Louisiana","West Carroll Parish",2,10,126,63,63
050,22,123,"Louisiana","West Carroll Parish",2,11,137,70,67
050,22,123,"Louisiana","West Carroll Parish",2,12,154,86,68
050,22,123,"Louisiana","West Carroll Parish",2,13,159,91,68
050,22,123,"Louisiana","West Carroll Parish",2,14,144,78,66
050,22,123,"Louisiana","West Carroll Parish",2,15,144,80,64
050,22,123,"Louisiana","West Carroll Parish",2,16,136,69,67
050,22,123,"Louisiana","West Carroll Parish",2,17,132,64,68
050,22,123,"Louisiana","West Carroll Parish",2,18,116,66,50
050,22,123,"Louisiana","West Carroll Parish",2,19,96,55,41
050,22,123,"Louisiana","West Carroll Parish",2,20,100,58,42
050,22,123,"Louisiana","West Carroll Parish",2,21,95,54,41
050,22,123,"Louisiana","West Carroll Parish",2,22,100,49,51
050,22,123,"Louisiana","West Carroll Parish",2,23,106,45,61
050,22,123,"Louisiana","West Carroll Parish",2,24,102,43,59
050,22,123,"Louisiana","West Carroll Parish",2,25,96,48,48
050,22,123,"Louisiana","West Carroll Parish",2,26,98,51,47
050,22,123,"Louisiana","West Carroll Parish",2,27,102,54,48
050,22,123,"Louisiana","West Carroll Parish",2,28,114,63,51
050,22,123,"Louisiana","West Carroll Parish",2,29,116,55,61
050,22,123,"Louisiana","West Carroll Parish",2,30,108,53,55
050,22,123,"Louisiana","West Carroll Parish",2,31,111,52,59
050,22,123,"Louisiana","West Carroll Parish",2,32,102,50,52
050,22,123,"Louisiana","West Carroll Parish",2,33,98,49,49
050,22,123,"Louisiana","West Carroll Parish",2,34,95,43,52
050,22,123,"Louisiana","West Carroll Parish",2,35,95,37,58
050,22,123,"Louisiana","West Carroll Parish",2,36,101,41,60
050,22,123,"Louisiana","West Carroll Parish",2,37,112,54,58
050,22,123,"Louisiana","West Carroll Parish",2,38,112,60,52
050,22,123,"Louisiana","West Carroll Parish",2,39,112,61,51
050,22,123,"Louisiana","West Carroll Parish",2,40,116,56,60
050,22,123,"Louisiana","West Carroll Parish",2,41,136,67,69
050,22,123,"Louisiana","West Carroll Parish",2,42,122,58,64
050,22,123,"Louisiana","West Carroll Parish",2,43,120,55,65
050,22,123,"Louisiana","West Carroll Parish",2,44,109,58,51
050,22,123,"Louisiana","West Carroll Parish",2,45,118,67,51
050,22,123,"Louisiana","West Carroll Parish",2,46,118,64,54
050,22,123,"Louisiana","West Carroll Parish",2,47,109,56,53
050,22,123,"Louisiana","West Carroll Parish",2,48,119,56,63
050,22,123,"Louisiana","West Carroll Parish",2,49,124,63,61
050,22,123,"Louisiana","West Carroll Parish",2,50,118,59,59
050,22,123,"Louisiana","West Carroll Parish",2,51,115,56,59
050,22,123,"Louisiana","West Carroll Parish",2,52,116,60,56
050,22,123,"Louisiana","West Carroll Parish",2,53,116,63,53
050,22,123,"Louisiana","West Carroll Parish",2,54,122,61,61
050,22,123,"Louisiana","West Carroll Parish",2,55,122,53,69
050,22,123,"Louisiana","West Carroll Parish",2,56,126,58,68
050,22,123,"Louisiana","West Carroll Parish",2,57,146,71,75
050,22,123,"Louisiana","West Carroll Parish",2,58,143,65,78
050,22,123,"Louisiana","West Carroll Parish",2,59,148,71,77
050,22,123,"Louisiana","West Carroll Parish",2,60,153,73,80
050,22,123,"Louisiana","West Carroll Parish",2,61,140,68,72
050,22,123,"Louisiana","West Carroll Parish",2,62,140,72,68
050,22,123,"Louisiana","West Carroll Parish",2,63,142,74,68
050,22,123,"Louisiana","West Carroll Parish",2,64,127,63,64
050,22,123,"Louisiana","West Carroll Parish",2,65,127,62,65
050,22,123,"Louisiana","West Carroll Parish",2,66,119,62,57
050,22,123,"Louisiana","West Carroll Parish",2,67,124,65,59
050,22,123,"Louisiana","West Carroll Parish",2,68,117,58,59
050,22,123,"Louisiana","West Carroll Parish",2,69,109,51,58
050,22,123,"Louisiana","West Carroll Parish",2,70,104,48,56
050,22,123,"Louisiana","West Carroll Parish",2,71,119,57,62
050,22,123,"Louisiana","West Carroll Parish",2,72,113,51,62
050,22,123,"Louisiana","West Carroll Parish",2,73,114,50,64
050,22,123,"Louisiana","West Carroll Parish",2,74,75,35,40
050,22,123,"Louisiana","West Carroll Parish",2,75,77,35,42
050,22,123,"Louisiana","West Carroll Parish",2,76,74,30,44
050,22,123,"Louisiana","West Carroll Parish",2,77,86,37,49
050,22,123,"Louisiana","West Carroll Parish",2,78,74,31,43
050,22,123,"Louisiana","West Carroll Parish",2,79,74,30,44
050,22,123,"Louisiana","West Carroll Parish",2,80,60,25,35
050,22,123,"Louisiana","West Carroll Parish",2,81,55,24,31
050,22,123,"Louisiana","West Carroll Parish",2,82,49,14,35
050,22,123,"Louisiana","West Carroll Parish",2,83,47,15,32
050,22,123,"Louisiana","West Carroll Parish",2,84,51,21,30
050,22,123,"Louisiana","West Carroll Parish",2,85,224,84,140
050,22,123,"Louisiana","West Carroll Parish",3,0,103,54,49
050,22,123,"Louisiana","West Carroll Parish",3,1,95,48,47
050,22,123,"Louisiana","West Carroll Parish",3,2,97,51,46
050,22,123,"Louisiana","West Carroll Parish",3,3,95,45,50
050,22,123,"Louisiana","West Carroll Parish",3,4,93,45,48
050,22,123,"Louisiana","West Carroll Parish",3,5,106,51,55
050,22,123,"Louisiana","West Carroll Parish",3,6,124,63,61
050,22,123,"Louisiana","West Carroll Parish",3,7,125,73,52
050,22,123,"Louisiana","West Carroll Parish",3,8,116,65,51
050,22,123,"Louisiana","West Carroll Parish",3,9,115,62,53
050,22,123,"Louisiana","West Carroll Parish",3,10,114,65,49
050,22,123,"Louisiana","West Carroll Parish",3,11,132,69,63
050,22,123,"Louisiana","West Carroll Parish",3,12,139,66,73
050,22,123,"Louisiana","West Carroll Parish",3,13,153,84,69
050,22,123,"Louisiana","West Carroll Parish",3,14,160,93,67
050,22,123,"Louisiana","West Carroll Parish",3,15,147,82,65
050,22,123,"Louisiana","West Carroll Parish",3,16,144,78,66
050,22,123,"Louisiana","West Carroll Parish",3,17,136,69,67
050,22,123,"Louisiana","West Carroll Parish",3,18,115,56,59
050,22,123,"Louisiana","West Carroll Parish",3,19,89,53,36
050,22,123,"Louisiana","West Carroll Parish",3,20,111,60,51
050,22,123,"Louisiana","West Carroll Parish",3,21,105,60,45
050,22,123,"Louisiana","West Carroll Parish",3,22,100,55,45
050,22,123,"Louisiana","West Carroll Parish",3,23,101,51,50
050,22,123,"Louisiana","West Carroll Parish",3,24,104,44,60
050,22,123,"Louisiana","West Carroll Parish",3,25,104,41,63
050,22,123,"Louisiana","West Carroll Parish",3,26,102,55,47
050,22,123,"Louisiana","West Carroll Parish",3,27,95,48,47
050,22,123,"Louisiana","West Carroll Parish",3,28,108,54,54
050,22,123,"Louisiana","West Carroll Parish",3,29,114,65,49
050,22,123,"Louisiana","West Carroll Parish",3,30,107,53,54
050,22,123,"Louisiana","West Carroll Parish",3,31,115,56,59
050,22,123,"Louisiana","West Carroll Parish",3,32,106,50,56
050,22,123,"Louisiana","West Carroll Parish",3,33,100,48,52
050,22,123,"Louisiana","West Carroll Parish",3,34,90,47,43
050,22,123,"Louisiana","West Carroll Parish",3,35,92,42,50
050,22,123,"Louisiana","West Carroll Parish",3,36,101,39,62
050,22,123,"Louisiana","West Carroll Parish",3,37,99,42,57
050,22,123,"Louisiana","West Carroll Parish",3,38,115,57,58
050,22,123,"Louisiana","West Carroll Parish",3,39,107,54,53
050,22,123,"Louisiana","West Carroll Parish",3,40,115,64,51
050,22,123,"Louisiana","West Carroll Parish",3,41,117,59,58
050,22,123,"Louisiana","West Carroll Parish",3,42,138,68,70
050,22,123,"Louisiana","West Carroll Parish",3,43,123,58,65
050,22,123,"Louisiana","West Carroll Parish",3,44,124,63,61
050,22,123,"Louisiana","West Carroll Parish",3,45,104,56,48
050,22,123,"Louisiana","West Carroll Parish",3,46,119,63,56
050,22,123,"Louisiana","West Carroll Parish",3,47,110,61,49
050,22,123,"Louisiana","West Carroll Parish",3,48,108,54,54
050,22,123,"Louisiana","West Carroll Parish",3,49,120,56,64
050,22,123,"Louisiana","West Carroll Parish",3,50,122,63,59
050,22,123,"Louisiana","West Carroll Parish",3,51,117,59,58
050,22,123,"Louisiana","West Carroll Parish",3,52,111,52,59
050,22,123,"Louisiana","West Carroll Parish",3,53,116,58,58
050,22,123,"Louisiana","West Carroll Parish",3,54,112,60,52
050,22,123,"Louisiana","West Carroll Parish",3,55,120,58,62
050,22,123,"Louisiana","West Carroll Parish",3,56,124,56,68
050,22,123,"Louisiana","West Carroll Parish",3,57,120,56,64
050,22,123,"Louisiana","West Carroll Parish",3,58,147,74,73
050,22,123,"Louisiana","West Carroll Parish",3,59,141,62,79
050,22,123,"Louisiana","West Carroll Parish",3,60,144,66,78
050,22,123,"Louisiana","West Carroll Parish",3,61,152,70,82
050,22,123,"Louisiana","West Carroll Parish",3,62,136,66,70
050,22,123,"Louisiana","West Carroll Parish",3,63,142,70,72
050,22,123,"Louisiana","West Carroll Parish",3,64,141,73,68
050,22,123,"Louisiana","West Carroll Parish",3,65,128,63,65
050,22,123,"Louisiana","West Carroll Parish",3,66,126,62,64
050,22,123,"Louisiana","West Carroll Parish",3,67,115,57,58
050,22,123,"Louisiana","West Carroll Parish",3,68,122,64,58
050,22,123,"Louisiana","West Carroll Parish",3,69,113,55,58
050,22,123,"Louisiana","West Carroll Parish",3,70,109,51,58
050,22,123,"Louisiana","West Carroll Parish",3,71,104,48,56
050,22,123,"Louisiana","West Carroll Parish",3,72,112,50,62
050,22,123,"Louisiana","West Carroll Parish",3,73,109,48,61
050,22,123,"Louisiana","West Carroll Parish",3,74,107,46,61
050,22,123,"Louisiana","West Carroll Parish",3,75,71,32,39
050,22,123,"Louisiana","West Carroll Parish",3,76,75,34,41
050,22,123,"Louisiana","West Carroll Parish",3,77,71,26,45
050,22,123,"Louisiana","West Carroll Parish",3,78,76,28,48
050,22,123,"Louisiana","West Carroll Parish",3,79,66,28,38
050,22,123,"Louisiana","West Carroll Parish",3,80,66,26,40
050,22,123,"Louisiana","West Carroll Parish",3,81,55,24,31
050,22,123,"Louisiana","West Carroll Parish",3,82,49,19,30
050,22,123,"Louisiana","West Carroll Parish",3,83,43,13,30
050,22,123,"Louisiana","West Carroll Parish",3,84,42,12,30
050,22,123,"Louisiana","West Carroll Parish",3,85,227,86,141
050,22,123,"Louisiana","West Carroll Parish",4,0,108,61,47
050,22,123,"Louisiana","West Carroll Parish",4,1,106,45,61
050,22,123,"Louisiana","West Carroll Parish",4,2,99,55,44
050,22,123,"Louisiana","West Carroll Parish",4,3,101,52,49
050,22,123,"Louisiana","West Carroll Parish",4,4,99,45,54
050,22,123,"Louisiana","West Carroll Parish",4,5,94,50,44
050,22,123,"Louisiana","West Carroll Parish",4,6,108,56,52
050,22,123,"Louisiana","West Carroll Parish",4,7,124,60,64
050,22,123,"Louisiana","West Carroll Parish",4,8,122,72,50
050,22,123,"Louisiana","West Carroll Parish",4,9,108,58,50
050,22,123,"Louisiana","West Carroll Parish",4,10,113,62,51
050,22,123,"Louisiana","West Carroll Parish",4,11,115,63,52
050,22,123,"Louisiana","West Carroll Parish",4,12,125,64,61
050,22,123,"Louisiana","West Carroll Parish",4,13,138,64,74
050,22,123,"Louisiana","West Carroll Parish",4,14,151,86,65
050,22,123,"Louisiana","West Carroll Parish",4,15,153,89,64
050,22,123,"Louisiana","West Carroll Parish",4,16,146,81,65
050,22,123,"Louisiana","West Carroll Parish",4,17,146,79,67
050,22,123,"Louisiana","West Carroll Parish",4,18,111,57,54
050,22,123,"Louisiana","West Carroll Parish",4,19,95,45,50
050,22,123,"Louisiana","West Carroll Parish",4,20,94,57,37
050,22,123,"Louisiana","West Carroll Parish",4,21,109,59,50
050,22,123,"Louisiana","West Carroll Parish",4,22,101,61,40
050,22,123,"Louisiana","West Carroll Parish",4,23,97,51,46
050,22,123,"Louisiana","West Carroll Parish",4,24,98,50,48
050,22,123,"Louisiana","West Carroll Parish",4,25,97,42,55
050,22,123,"Louisiana","West Carroll Parish",4,26,109,42,67
050,22,123,"Louisiana","West Carroll Parish",4,27,95,45,50
050,22,123,"Louisiana","West Carroll Parish",4,28,99,46,53
050,22,123,"Louisiana","West Carroll Parish",4,29,108,55,53
050,22,123,"Louisiana","West Carroll Parish",4,30,114,63,51
050,22,123,"Louisiana","West Carroll Parish",4,31,107,53,54
050,22,123,"Louisiana","West Carroll Parish",4,32,116,55,61
050,22,123,"Louisiana","West Carroll Parish",4,33,105,51,54
050,22,123,"Louisiana","West Carroll Parish",4,34,102,53,49
050,22,123,"Louisiana","West Carroll Parish",4,35,91,47,44
050,22,123,"Louisiana","West Carroll Parish",4,36,93,41,52
050,22,123,"Louisiana","West Carroll Parish",4,37,101,42,59
050,22,123,"Louisiana","West Carroll Parish",4,38,94,37,57
050,22,123,"Louisiana","West Carroll Parish",4,39,113,56,57
050,22,123,"Louisiana","West Carroll Parish",4,40,109,55,54
050,22,123,"Louisiana","West Carroll Parish",4,41,110,62,48
050,22,123,"Louisiana","West Carroll Parish",4,42,122,61,61
050,22,123,"Louisiana","West Carroll Parish",4,43,135,65,70
050,22,123,"Louisiana","West Carroll Parish",4,44,114,54,60
050,22,123,"Louisiana","West Carroll Parish",4,45,121,63,58
050,22,123,"Louisiana","West Carroll Parish",4,46,94,50,44
050,22,123,"Louisiana","West Carroll Parish",4,47,116,62,54
050,22,123,"Louisiana","West Carroll Parish",4,48,112,58,54
050,22,123,"Louisiana","West Carroll Parish",4,49,107,54,53
050,22,123,"Louisiana","West Carroll Parish",4,50,119,55,64
050,22,123,"Louisiana","West Carroll Parish",4,51,123,63,60
050,22,123,"Louisiana","West Carroll Parish",4,52,109,55,54
050,22,123,"Louisiana","West Carroll Parish",4,53,114,52,62
050,22,123,"Louisiana","West Carroll Parish",4,54,110,55,55
050,22,123,"Louisiana","West Carroll Parish",4,55,111,58,53
050,22,123,"Louisiana","West Carroll Parish",4,56,121,59,62
050,22,123,"Louisiana","West Carroll Parish",4,57,124,54,70
050,22,123,"Louisiana","West Carroll Parish",4,58,119,53,66
050,22,123,"Louisiana","West Carroll Parish",4,59,135,68,67
050,22,123,"Louisiana","West Carroll Parish",4,60,140,62,78
050,22,123,"Louisiana","West Carroll Parish",4,61,151,70,81
050,22,123,"Louisiana","West Carroll Parish",4,62,152,71,81
050,22,123,"Louisiana","West Carroll Parish",4,63,140,68,72
050,22,123,"Louisiana","West Carroll Parish",4,64,144,71,73
050,22,123,"Louisiana","West Carroll Parish",4,65,132,73,59
050,22,123,"Louisiana","West Carroll Parish",4,66,126,59,67
050,22,123,"Louisiana","West Carroll Parish",4,67,125,60,65
050,22,123,"Louisiana","West Carroll Parish",4,68,119,58,61
050,22,123,"Louisiana","West Carroll Parish",4,69,113,58,55
050,22,123,"Louisiana","West Carroll Parish",4,70,113,54,59
050,22,123,"Louisiana","West Carroll Parish",4,71,113,54,59
050,22,123,"Louisiana","West Carroll Parish",4,72,97,43,54
050,22,123,"Louisiana","West Carroll Parish",4,73,112,49,63
050,22,123,"Louisiana","West Carroll Parish",4,74,106,46,60
050,22,123,"Louisiana","West Carroll Parish",4,75,106,45,61
050,22,123,"Louisiana","West Carroll Parish",4,76,72,34,38
050,22,123,"Louisiana","West Carroll Parish",4,77,69,31,38
050,22,123,"Louisiana","West Carroll Parish",4,78,64,20,44
050,22,123,"Louisiana","West Carroll Parish",4,79,74,28,46
050,22,123,"Louisiana","West Carroll Parish",4,80,64,27,37
050,22,123,"Louisiana","West Carroll Parish",4,81,58,24,34
050,22,123,"Louisiana","West Carroll Parish",4,82,48,18,30
050,22,123,"Louisiana","West Carroll Parish",4,83,47,20,27
050,22,123,"Louisiana","West Carroll Parish",4,84,40,13,27
050,22,123,"Louisiana","West Carroll Parish",4,85,226,86,140
050,22,123,"Louisiana","West Carroll Parish",5,0,108,61,47
050,22,123,"Louisiana","West Carroll Parish",5,1,109,62,47
050,22,123,"Louisiana","West Carroll Parish",5,2,106,46,60
050,22,123,"Louisiana","West Carroll Parish",5,3,108,58,50
050,22,123,"Louisiana","West Carroll Parish",5,4,97,48,49
050,22,123,"Louisiana","West Carroll Parish",5,5,98,45,53
050,22,123,"Louisiana","West Carroll Parish",5,6,101,55,46
050,22,123,"Louisiana","West Carroll Parish",5,7,108,57,51
050,22,123,"Louisiana","West Carroll Parish",5,8,124,56,68
050,22,123,"Louisiana","West Carroll Parish",5,9,122,72,50
050,22,123,"Louisiana","West Carroll Parish",5,10,112,59,53
050,22,123,"Louisiana","West Carroll Parish",5,11,115,65,50
050,22,123,"Louisiana","West Carroll Parish",5,12,110,61,49
050,22,123,"Louisiana","West Carroll Parish",5,13,125,63,62
050,22,123,"Louisiana","West Carroll Parish",5,14,125,59,66
050,22,123,"Louisiana","West Carroll Parish",5,15,143,81,62
050,22,123,"Louisiana","West Carroll Parish",5,16,155,91,64
050,22,123,"Louisiana","West Carroll Parish",5,17,135,75,60
050,22,123,"Louisiana","West Carroll Parish",5,18,114,66,48
050,22,123,"Louisiana","West Carroll Parish",5,19,86,45,41
050,22,123,"Louisiana","West Carroll Parish",5,20,98,50,48
050,22,123,"Louisiana","West Carroll Parish",5,21,103,59,44
050,22,123,"Louisiana","West Carroll Parish",5,22,109,57,52
050,22,123,"Louisiana","West Carroll Parish",5,23,105,61,44
050,22,123,"Louisiana","West Carroll Parish",5,24,105,60,45
050,22,123,"Louisiana","West Carroll Parish",5,25,91,46,45
050,22,123,"Louisiana","West Carroll Parish",5,26,92,39,53
050,22,123,"Louisiana","West Carroll Parish",5,27,107,40,67
050,22,123,"Louisiana","West Carroll Parish",5,28,95,46,49
050,22,123,"Louisiana","West Carroll Parish",5,29,92,48,44
050,22,123,"Louisiana","West Carroll Parish",5,30,107,53,54
050,22,123,"Louisiana","West Carroll Parish",5,31,112,63,49
050,22,123,"Louisiana","West Carroll Parish",5,32,99,48,51
050,22,123,"Louisiana","West Carroll Parish",5,33,116,54,62
050,22,123,"Louisiana","West Carroll Parish",5,34,114,57,57
050,22,123,"Louisiana","West Carroll Parish",5,35,105,55,50
050,22,123,"Louisiana","West Carroll Parish",5,36,96,49,47
050,22,123,"Louisiana","West Carroll Parish",5,37,90,44,46
050,22,123,"Louisiana","West Carroll Parish",5,38,99,42,57
050,22,123,"Louisiana","West Carroll Parish",5,39,91,37,54
050,22,123,"Louisiana","West Carroll Parish",5,40,114,58,56
050,22,123,"Louisiana","West Carroll Parish",5,41,109,57,52
050,22,123,"Louisiana","West Carroll Parish",5,42,102,57,45
050,22,123,"Louisiana","West Carroll Parish",5,43,121,61,60
050,22,123,"Louisiana","West Carroll Parish",5,44,128,64,64
050,22,123,"Louisiana","West Carroll Parish",5,45,111,53,58
050,22,123,"Louisiana","West Carroll Parish",5,46,112,58,54
050,22,123,"Louisiana","West Carroll Parish",5,47,92,48,44
050,22,123,"Louisiana","West Carroll Parish",5,48,115,64,51
050,22,123,"Louisiana","West Carroll Parish",5,49,113,59,54
050,22,123,"Louisiana","West Carroll Parish",5,50,102,55,47
050,22,123,"Louisiana","West Carroll Parish",5,51,116,52,64
050,22,123,"Louisiana","West Carroll Parish",5,52,116,59,57
050,22,123,"Louisiana","West Carroll Parish",5,53,111,59,52
050,22,123,"Louisiana","West Carroll Parish",5,54,110,52,58
050,22,123,"Louisiana","West Carroll Parish",5,55,102,47,55
050,22,123,"Louisiana","West Carroll Parish",5,56,108,55,53
050,22,123,"Louisiana","West Carroll Parish",5,57,118,57,61
050,22,123,"Louisiana","West Carroll Parish",5,58,122,52,70
050,22,123,"Louisiana","West Carroll Parish",5,59,112,49,63
050,22,123,"Louisiana","West Carroll Parish",5,60,132,66,66
050,22,123,"Louisiana","West Carroll Parish",5,61,143,65,78
050,22,123,"Louisiana","West Carroll Parish",5,62,145,68,77
050,22,123,"Louisiana","West Carroll Parish",5,63,147,67,80
050,22,123,"Louisiana","West Carroll Parish",5,64,141,71,70
050,22,123,"Louisiana","West Carroll Parish",5,65,135,66,69
050,22,123,"Louisiana","West Carroll Parish",5,66,130,72,58
050,22,123,"Louisiana","West Carroll Parish",5,67,126,58,68
050,22,123,"Louisiana","West Carroll Parish",5,68,124,59,65
050,22,123,"Louisiana","West Carroll Parish",5,69,108,55,53
050,22,123,"Louisiana","West Carroll Parish",5,70,109,53,56
050,22,123,"Louisiana","West Carroll Parish",5,71,115,56,59
050,22,123,"Louisiana","West Carroll Parish",5,72,103,47,56
050,22,123,"Louisiana","West Carroll Parish",5,73,94,40,54
050,22,123,"Louisiana","West Carroll Parish",5,74,105,47,58
050,22,123,"Louisiana","West Carroll Parish",5,75,102,42,60
050,22,123,"Louisiana","West Carroll Parish",5,76,104,45,59
050,22,123,"Louisiana","West Carroll Parish",5,77,67,30,37
050,22,123,"Louisiana","West Carroll Parish",5,78,65,29,36
050,22,123,"Louisiana","West Carroll Parish",5,79,61,20,41
050,22,123,"Louisiana","West Carroll Parish",5,80,71,27,44
050,22,123,"Louisiana","West Carroll Parish",5,81,60,25,35
050,22,123,"Louisiana","West Carroll Parish",5,82,50,17,33
050,22,123,"Louisiana","West Carroll Parish",5,83,45,18,27
050,22,123,"Louisiana","West Carroll Parish",5,84,45,19,26
050,22,123,"Louisiana","West Carroll Parish",5,85,235,84,151
050,22,125,"Louisiana","West Feliciana Parish",1,0,118,59,59
050,22,125,"Louisiana","West Feliciana Parish",1,1,121,63,58
050,22,125,"Louisiana","West Feliciana Parish",1,2,130,72,58
050,22,125,"Louisiana","West Feliciana Parish",1,3,124,55,69
050,22,125,"Louisiana","West Feliciana Parish",1,4,131,61,70
050,22,125,"Louisiana","West Feliciana Parish",1,5,142,69,73
050,22,125,"Louisiana","West Feliciana Parish",1,6,148,76,72
050,22,125,"Louisiana","West Feliciana Parish",1,7,136,62,74
050,22,125,"Louisiana","West Feliciana Parish",1,8,153,70,83
050,22,125,"Louisiana","West Feliciana Parish",1,9,136,61,75
050,22,125,"Louisiana","West Feliciana Parish",1,10,135,69,66
050,22,125,"Louisiana","West Feliciana Parish",1,11,148,80,68
050,22,125,"Louisiana","West Feliciana Parish",1,12,152,78,74
050,22,125,"Louisiana","West Feliciana Parish",1,13,158,88,70
050,22,125,"Louisiana","West Feliciana Parish",1,14,156,87,69
050,22,125,"Louisiana","West Feliciana Parish",1,15,145,80,65
050,22,125,"Louisiana","West Feliciana Parish",1,16,147,79,68
050,22,125,"Louisiana","West Feliciana Parish",1,17,144,79,65
050,22,125,"Louisiana","West Feliciana Parish",1,18,123,60,63
050,22,125,"Louisiana","West Feliciana Parish",1,19,103,54,49
050,22,125,"Louisiana","West Feliciana Parish",1,20,130,69,61
050,22,125,"Louisiana","West Feliciana Parish",1,21,110,65,45
050,22,125,"Louisiana","West Feliciana Parish",1,22,128,72,56
050,22,125,"Louisiana","West Feliciana Parish",1,23,129,78,51
050,22,125,"Louisiana","West Feliciana Parish",1,24,118,81,37
050,22,125,"Louisiana","West Feliciana Parish",1,25,130,93,37
050,22,125,"Louisiana","West Feliciana Parish",1,26,175,124,51
050,22,125,"Louisiana","West Feliciana Parish",1,27,187,124,63
050,22,125,"Louisiana","West Feliciana Parish",1,28,171,124,47
050,22,125,"Louisiana","West Feliciana Parish",1,29,173,135,38
050,22,125,"Louisiana","West Feliciana Parish",1,30,224,174,50
050,22,125,"Louisiana","West Feliciana Parish",1,31,222,171,51
050,22,125,"Louisiana","West Feliciana Parish",1,32,264,201,63
050,22,125,"Louisiana","West Feliciana Parish",1,33,283,219,64
050,22,125,"Louisiana","West Feliciana Parish",1,34,260,195,65
050,22,125,"Louisiana","West Feliciana Parish",1,35,269,207,62
050,22,125,"Louisiana","West Feliciana Parish",1,36,292,218,74
050,22,125,"Louisiana","West Feliciana Parish",1,37,280,215,65
050,22,125,"Louisiana","West Feliciana Parish",1,38,297,248,49
050,22,125,"Louisiana","West Feliciana Parish",1,39,288,227,61
050,22,125,"Louisiana","West Feliciana Parish",1,40,282,216,66
050,22,125,"Louisiana","West Feliciana Parish",1,41,286,229,57
050,22,125,"Louisiana","West Feliciana Parish",1,42,295,223,72
050,22,125,"Louisiana","West Feliciana Parish",1,43,287,205,82
050,22,125,"Louisiana","West Feliciana Parish",1,44,282,214,68
050,22,125,"Louisiana","West Feliciana Parish",1,45,261,204,57
050,22,125,"Louisiana","West Feliciana Parish",1,46,265,216,49
050,22,125,"Louisiana","West Feliciana Parish",1,47,291,230,61
050,22,125,"Louisiana","West Feliciana Parish",1,48,286,225,61
050,22,125,"Louisiana","West Feliciana Parish",1,49,280,216,64
050,22,125,"Louisiana","West Feliciana Parish",1,50,259,194,65
050,22,125,"Louisiana","West Feliciana Parish",1,51,281,212,69
050,22,125,"Louisiana","West Feliciana Parish",1,52,251,183,68
050,22,125,"Louisiana","West Feliciana Parish",1,53,239,174,65
050,22,125,"Louisiana","West Feliciana Parish",1,54,240,171,69
050,22,125,"Louisiana","West Feliciana Parish",1,55,264,196,68
050,22,125,"Louisiana","West Feliciana Parish",1,56,224,147,77
050,22,125,"Louisiana","West Feliciana Parish",1,57,223,157,66
050,22,125,"Louisiana","West Feliciana Parish",1,58,237,164,73
050,22,125,"Louisiana","West Feliciana Parish",1,59,202,129,73
050,22,125,"Louisiana","West Feliciana Parish",1,60,201,135,66
050,22,125,"Louisiana","West Feliciana Parish",1,61,197,128,69
050,22,125,"Louisiana","West Feliciana Parish",1,62,174,102,72
050,22,125,"Louisiana","West Feliciana Parish",1,63,172,101,71
050,22,125,"Louisiana","West Feliciana Parish",1,64,148,82,66
050,22,125,"Louisiana","West Feliciana Parish",1,65,159,96,63
050,22,125,"Louisiana","West Feliciana Parish",1,66,171,100,71
050,22,125,"Louisiana","West Feliciana Parish",1,67,154,85,69
050,22,125,"Louisiana","West Feliciana Parish",1,68,164,96,68
050,22,125,"Louisiana","West Feliciana Parish",1,69,127,71,56
050,22,125,"Louisiana","West Feliciana Parish",1,70,131,77,54
050,22,125,"Louisiana","West Feliciana Parish",1,71,135,71,64
050,22,125,"Louisiana","West Feliciana Parish",1,72,136,65,71
050,22,125,"Louisiana","West Feliciana Parish",1,73,157,77,80
050,22,125,"Louisiana","West Feliciana Parish",1,74,109,54,55
050,22,125,"Louisiana","West Feliciana Parish",1,75,103,55,48
050,22,125,"Louisiana","West Feliciana Parish",1,76,97,51,46
050,22,125,"Louisiana","West Feliciana Parish",1,77,87,45,42
050,22,125,"Louisiana","West Feliciana Parish",1,78,68,35,33
050,22,125,"Louisiana","West Feliciana Parish",1,79,64,32,32
050,22,125,"Louisiana","West Feliciana Parish",1,80,58,28,30
050,22,125,"Louisiana","West Feliciana Parish",1,81,42,15,27
050,22,125,"Louisiana","West Feliciana Parish",1,82,43,13,30
050,22,125,"Louisiana","West Feliciana Parish",1,83,34,15,19
050,22,125,"Louisiana","West Feliciana Parish",1,84,25,9,16
050,22,125,"Louisiana","West Feliciana Parish",1,85,237,107,130
050,22,125,"Louisiana","West Feliciana Parish",2,0,114,58,56
050,22,125,"Louisiana","West Feliciana Parish",2,1,119,62,57
050,22,125,"Louisiana","West Feliciana Parish",2,2,129,70,59
050,22,125,"Louisiana","West Feliciana Parish",2,3,126,60,66
050,22,125,"Louisiana","West Feliciana Parish",2,4,129,59,70
050,22,125,"Louisiana","West Feliciana Parish",2,5,139,67,72
050,22,125,"Louisiana","West Feliciana Parish",2,6,145,72,73
050,22,125,"Louisiana","West Feliciana Parish",2,7,139,64,75
050,22,125,"Louisiana","West Feliciana Parish",2,8,148,68,80
050,22,125,"Louisiana","West Feliciana Parish",2,9,138,63,75
050,22,125,"Louisiana","West Feliciana Parish",2,10,133,67,66
050,22,125,"Louisiana","West Feliciana Parish",2,11,145,77,68
050,22,125,"Louisiana","West Feliciana Parish",2,12,150,78,72
050,22,125,"Louisiana","West Feliciana Parish",2,13,157,87,70
050,22,125,"Louisiana","West Feliciana Parish",2,14,155,88,67
050,22,125,"Louisiana","West Feliciana Parish",2,15,149,83,66
050,22,125,"Louisiana","West Feliciana Parish",2,16,145,79,66
050,22,125,"Louisiana","West Feliciana Parish",2,17,145,77,68
050,22,125,"Louisiana","West Feliciana Parish",2,18,121,62,59
050,22,125,"Louisiana","West Feliciana Parish",2,19,103,53,50
050,22,125,"Louisiana","West Feliciana Parish",2,20,122,65,57
050,22,125,"Louisiana","West Feliciana Parish",2,21,119,69,50
050,22,125,"Louisiana","West Feliciana Parish",2,22,125,71,54
050,22,125,"Louisiana","West Feliciana Parish",2,23,126,77,49
050,22,125,"Louisiana","West Feliciana Parish",2,24,122,83,39
050,22,125,"Louisiana","West Feliciana Parish",2,25,129,92,37
050,22,125,"Louisiana","West Feliciana Parish",2,26,167,119,48
050,22,125,"Louisiana","West Feliciana Parish",2,27,185,126,59
050,22,125,"Louisiana","West Feliciana Parish",2,28,177,127,50
050,22,125,"Louisiana","West Feliciana Parish",2,29,174,135,39
050,22,125,"Louisiana","West Feliciana Parish",2,30,220,174,46
050,22,125,"Louisiana","West Feliciana Parish",2,31,222,171,51
050,22,125,"Louisiana","West Feliciana Parish",2,32,263,202,61
050,22,125,"Louisiana","West Feliciana Parish",2,33,280,216,64
050,22,125,"Louisiana","West Feliciana Parish",2,34,258,195,63
050,22,125,"Louisiana","West Feliciana Parish",2,35,270,208,62
050,22,125,"Louisiana","West Feliciana Parish",2,36,287,216,71
050,22,125,"Louisiana","West Feliciana Parish",2,37,278,211,67
050,22,125,"Louisiana","West Feliciana Parish",2,38,301,249,52
050,22,125,"Louisiana","West Feliciana Parish",2,39,287,229,58
050,22,125,"Louisiana","West Feliciana Parish",2,40,278,212,66
050,22,125,"Louisiana","West Feliciana Parish",2,41,292,233,59
050,22,125,"Louisiana","West Feliciana Parish",2,42,290,221,69
050,22,125,"Louisiana","West Feliciana Parish",2,43,283,204,79
050,22,125,"Louisiana","West Feliciana Parish",2,44,286,215,71
050,22,125,"Louisiana","West Feliciana Parish",2,45,264,205,59
050,22,125,"Louisiana","West Feliciana Parish",2,46,267,216,51
050,22,125,"Louisiana","West Feliciana Parish",2,47,283,225,58
050,22,125,"Louisiana","West Feliciana Parish",2,48,287,227,60
050,22,125,"Louisiana","West Feliciana Parish",2,49,277,215,62
050,22,125,"Louisiana","West Feliciana Parish",2,50,262,197,65
050,22,125,"Louisiana","West Feliciana Parish",2,51,277,211,66
050,22,125,"Louisiana","West Feliciana Parish",2,52,254,187,67
050,22,125,"Louisiana","West Feliciana Parish",2,53,239,173,66
050,22,125,"Louisiana","West Feliciana Parish",2,54,241,173,68
050,22,125,"Louisiana","West Feliciana Parish",2,55,259,191,68
050,22,125,"Louisiana","West Feliciana Parish",2,56,223,148,75
050,22,125,"Louisiana","West Feliciana Parish",2,57,227,158,69
050,22,125,"Louisiana","West Feliciana Parish",2,58,236,165,71
050,22,125,"Louisiana","West Feliciana Parish",2,59,204,130,74
050,22,125,"Louisiana","West Feliciana Parish",2,60,201,132,69
050,22,125,"Louisiana","West Feliciana Parish",2,61,193,126,67
050,22,125,"Louisiana","West Feliciana Parish",2,62,174,105,69
050,22,125,"Louisiana","West Feliciana Parish",2,63,170,99,71
050,22,125,"Louisiana","West Feliciana Parish",2,64,147,82,65
050,22,125,"Louisiana","West Feliciana Parish",2,65,156,92,64
050,22,125,"Louisiana","West Feliciana Parish",2,66,167,99,68
050,22,125,"Louisiana","West Feliciana Parish",2,67,157,88,69
050,22,125,"Louisiana","West Feliciana Parish",2,68,164,95,69
050,22,125,"Louisiana","West Feliciana Parish",2,69,132,72,60
050,22,125,"Louisiana","West Feliciana Parish",2,70,130,76,54
050,22,125,"Louisiana","West Feliciana Parish",2,71,134,72,62
050,22,125,"Louisiana","West Feliciana Parish",2,72,132,63,69
050,22,125,"Louisiana","West Feliciana Parish",2,73,159,77,82
050,22,125,"Louisiana","West Feliciana Parish",2,74,112,56,56
050,22,125,"Louisiana","West Feliciana Parish",2,75,102,53,49
050,22,125,"Louisiana","West Feliciana Parish",2,76,94,49,45
050,22,125,"Louisiana","West Feliciana Parish",2,77,89,46,43
050,22,125,"Louisiana","West Feliciana Parish",2,78,68,34,34
050,22,125,"Louisiana","West Feliciana Parish",2,79,63,32,31
050,22,125,"Louisiana","West Feliciana Parish",2,80,58,28,30
050,22,125,"Louisiana","West Feliciana Parish",2,81,46,17,29
050,22,125,"Louisiana","West Feliciana Parish",2,82,43,14,29
050,22,125,"Louisiana","West Feliciana Parish",2,83,33,13,20
050,22,125,"Louisiana","West Feliciana Parish",2,84,25,10,15
050,22,125,"Louisiana","West Feliciana Parish",2,85,240,107,133
050,22,125,"Louisiana","West Feliciana Parish",3,0,102,41,61
050,22,125,"Louisiana","West Feliciana Parish",3,1,108,50,58
050,22,125,"Louisiana","West Feliciana Parish",3,2,118,62,56
050,22,125,"Louisiana","West Feliciana Parish",3,3,138,72,66
050,22,125,"Louisiana","West Feliciana Parish",3,4,124,57,67
050,22,125,"Louisiana","West Feliciana Parish",3,5,139,62,77
050,22,125,"Louisiana","West Feliciana Parish",3,6,143,65,78
050,22,125,"Louisiana","West Feliciana Parish",3,7,147,74,73
050,22,125,"Louisiana","West Feliciana Parish",3,8,144,66,78
050,22,125,"Louisiana","West Feliciana Parish",3,9,142,69,73
050,22,125,"Louisiana","West Feliciana Parish",3,10,147,71,76
050,22,125,"Louisiana","West Feliciana Parish",3,11,133,67,66
050,22,125,"Louisiana","West Feliciana Parish",3,12,153,77,76
050,22,125,"Louisiana","West Feliciana Parish",3,13,149,76,73
050,22,125,"Louisiana","West Feliciana Parish",3,14,154,81,73
050,22,125,"Louisiana","West Feliciana Parish",3,15,155,84,71
050,22,125,"Louisiana","West Feliciana Parish",3,16,150,85,65
050,22,125,"Louisiana","West Feliciana Parish",3,17,143,75,68
050,22,125,"Louisiana","West Feliciana Parish",3,18,120,66,54
050,22,125,"Louisiana","West Feliciana Parish",3,19,95,53,42
050,22,125,"Louisiana","West Feliciana Parish",3,20,99,49,50
050,22,125,"Louisiana","West Feliciana Parish",3,21,128,71,57
050,22,125,"Louisiana","West Feliciana Parish",3,22,127,71,56
050,22,125,"Louisiana","West Feliciana Parish",3,23,129,77,52
050,22,125,"Louisiana","West Feliciana Parish",3,24,143,96,47
050,22,125,"Louisiana","West Feliciana Parish",3,25,126,91,35
050,22,125,"Louisiana","West Feliciana Parish",3,26,154,119,35
050,22,125,"Louisiana","West Feliciana Parish",3,27,176,127,49
050,22,125,"Louisiana","West Feliciana Parish",3,28,194,134,60
050,22,125,"Louisiana","West Feliciana Parish",3,29,184,137,47
050,22,125,"Louisiana","West Feliciana Parish",3,30,208,170,38
050,22,125,"Louisiana","West Feliciana Parish",3,31,227,178,49
050,22,125,"Louisiana","West Feliciana Parish",3,32,269,216,53
050,22,125,"Louisiana","West Feliciana Parish",3,33,276,217,59
050,22,125,"Louisiana","West Feliciana Parish",3,34,252,188,64
050,22,125,"Louisiana","West Feliciana Parish",3,35,289,222,67
050,22,125,"Louisiana","West Feliciana Parish",3,36,290,223,67
050,22,125,"Louisiana","West Feliciana Parish",3,37,275,207,68
050,22,125,"Louisiana","West Feliciana Parish",3,38,331,261,70
050,22,125,"Louisiana","West Feliciana Parish",3,39,301,248,53
050,22,125,"Louisiana","West Feliciana Parish",3,40,271,210,61
050,22,125,"Louisiana","West Feliciana Parish",3,41,319,253,66
050,22,125,"Louisiana","West Feliciana Parish",3,42,301,241,60
050,22,125,"Louisiana","West Feliciana Parish",3,43,276,212,64
050,22,125,"Louisiana","West Feliciana Parish",3,44,309,230,79
050,22,125,"Louisiana","West Feliciana Parish",3,45,289,217,72
050,22,125,"Louisiana","West Feliciana Parish",3,46,286,226,60
050,22,125,"Louisiana","West Feliciana Parish",3,47,272,222,50
050,22,125,"Louisiana","West Feliciana Parish",3,48,287,228,59
050,22,125,"Louisiana","West Feliciana Parish",3,49,285,224,61
050,22,125,"Louisiana","West Feliciana Parish",3,50,273,210,63
050,22,125,"Louisiana","West Feliciana Parish",3,51,284,221,63
050,22,125,"Louisiana","West Feliciana Parish",3,52,253,189,64
050,22,125,"Louisiana","West Feliciana Parish",3,53,245,181,64
050,22,125,"Louisiana","West Feliciana Parish",3,54,250,182,68
050,22,125,"Louisiana","West Feliciana Parish",3,55,246,184,62
050,22,125,"Louisiana","West Feliciana Parish",3,56,210,146,64
050,22,125,"Louisiana","West Feliciana Parish",3,57,240,165,75
050,22,125,"Louisiana","West Feliciana Parish",3,58,238,175,63
050,22,125,"Louisiana","West Feliciana Parish",3,59,204,131,73
050,22,125,"Louisiana","West Feliciana Parish",3,60,197,121,76
050,22,125,"Louisiana","West Feliciana Parish",3,61,196,128,68
050,22,125,"Louisiana","West Feliciana Parish",3,62,180,119,61
050,22,125,"Louisiana","West Feliciana Parish",3,63,170,101,69
050,22,125,"Louisiana","West Feliciana Parish",3,64,154,85,69
050,22,125,"Louisiana","West Feliciana Parish",3,65,156,88,68
050,22,125,"Louisiana","West Feliciana Parish",3,66,161,88,73
050,22,125,"Louisiana","West Feliciana Parish",3,67,157,91,66
050,22,125,"Louisiana","West Feliciana Parish",3,68,161,91,70
050,22,125,"Louisiana","West Feliciana Parish",3,69,148,80,68
050,22,125,"Louisiana","West Feliciana Parish",3,70,134,73,61
050,22,125,"Louisiana","West Feliciana Parish",3,71,123,72,51
050,22,125,"Louisiana","West Feliciana Parish",3,72,129,67,62
050,22,125,"Louisiana","West Feliciana Parish",3,73,135,66,69
050,22,125,"Louisiana","West Feliciana Parish",3,74,155,74,81
050,22,125,"Louisiana","West Feliciana Parish",3,75,105,52,53
050,22,125,"Louisiana","West Feliciana Parish",3,76,93,48,45
050,22,125,"Louisiana","West Feliciana Parish",3,77,97,50,47
050,22,125,"Louisiana","West Feliciana Parish",3,78,84,43,41
050,22,125,"Louisiana","West Feliciana Parish",3,79,64,32,32
050,22,125,"Louisiana","West Feliciana Parish",3,80,60,32,28
050,22,125,"Louisiana","West Feliciana Parish",3,81,56,22,34
050,22,125,"Louisiana","West Feliciana Parish",3,82,46,16,30
050,22,125,"Louisiana","West Feliciana Parish",3,83,39,12,27
050,22,125,"Louisiana","West Feliciana Parish",3,84,29,14,15
050,22,125,"Louisiana","West Feliciana Parish",3,85,246,108,138
050,22,125,"Louisiana","West Feliciana Parish",4,0,119,52,67
050,22,125,"Louisiana","West Feliciana Parish",4,1,98,43,55
050,22,125,"Louisiana","West Feliciana Parish",4,2,116,52,64
050,22,125,"Louisiana","West Feliciana Parish",4,3,129,69,60
050,22,125,"Louisiana","West Feliciana Parish",4,4,145,76,69
050,22,125,"Louisiana","West Feliciana Parish",4,5,136,65,71
050,22,125,"Louisiana","West Feliciana Parish",4,6,138,66,72
050,22,125,"Louisiana","West Feliciana Parish",4,7,152,68,84
050,22,125,"Louisiana","West Feliciana Parish",4,8,152,75,77
050,22,125,"Louisiana","West Feliciana Parish",4,9,142,63,79
050,22,125,"Louisiana","West Feliciana Parish",4,10,146,68,78
050,22,125,"Louisiana","West Feliciana Parish",4,11,147,69,78
050,22,125,"Louisiana","West Feliciana Parish",4,12,127,66,61
050,22,125,"Louisiana","West Feliciana Parish",4,13,153,78,75
050,22,125,"Louisiana","West Feliciana Parish",4,14,155,81,74
050,22,125,"Louisiana","West Feliciana Parish",4,15,160,85,75
050,22,125,"Louisiana","West Feliciana Parish",4,16,155,88,67
050,22,125,"Louisiana","West Feliciana Parish",4,17,150,83,67
050,22,125,"Louisiana","West Feliciana Parish",4,18,129,75,54
050,22,125,"Louisiana","West Feliciana Parish",4,19,98,51,47
050,22,125,"Louisiana","West Feliciana Parish",4,20,101,57,44
050,22,125,"Louisiana","West Feliciana Parish",4,21,108,56,52
050,22,125,"Louisiana","West Feliciana Parish",4,22,130,76,54
050,22,125,"Louisiana","West Feliciana Parish",4,23,133,77,56
050,22,125,"Louisiana","West Feliciana Parish",4,24,140,94,46
050,22,125,"Louisiana","West Feliciana Parish",4,25,149,99,50
050,22,125,"Louisiana","West Feliciana Parish",4,26,140,109,31
050,22,125,"Louisiana","West Feliciana Parish",4,27,154,119,35
050,22,125,"Louisiana","West Feliciana Parish",4,28,188,134,54
050,22,125,"Louisiana","West Feliciana Parish",4,29,209,146,63
050,22,125,"Louisiana","West Feliciana Parish",4,30,217,168,49
050,22,125,"Louisiana","West Feliciana Parish",4,31,218,179,39
050,22,125,"Louisiana","West Feliciana Parish",4,32,255,208,47
050,22,125,"Louisiana","West Feliciana Parish",4,33,273,220,53
050,22,125,"Louisiana","West Feliciana Parish",4,34,242,185,57
050,22,125,"Louisiana","West Feliciana Parish",4,35,265,202,63
050,22,125,"Louisiana","West Feliciana Parish",4,36,277,210,67
050,22,125,"Louisiana","West Feliciana Parish",4,37,272,204,68
050,22,125,"Louisiana","West Feliciana Parish",4,38,308,242,66
050,22,125,"Louisiana","West Feliciana Parish",4,39,314,246,68
050,22,125,"Louisiana","West Feliciana Parish",4,40,266,215,51
050,22,125,"Louisiana","West Feliciana Parish",4,41,304,239,65
050,22,125,"Louisiana","West Feliciana Parish",4,42,303,243,60
050,22,125,"Louisiana","West Feliciana Parish",4,43,270,211,59
050,22,125,"Louisiana","West Feliciana Parish",4,44,283,218,65
050,22,125,"Louisiana","West Feliciana Parish",4,45,282,210,72
050,22,125,"Louisiana","West Feliciana Parish",4,46,298,225,73
050,22,125,"Louisiana","West Feliciana Parish",4,47,288,224,64
050,22,125,"Louisiana","West Feliciana Parish",4,48,266,219,47
050,22,125,"Louisiana","West Feliciana Parish",4,49,267,210,57
050,22,125,"Louisiana","West Feliciana Parish",4,50,270,212,58
050,22,125,"Louisiana","West Feliciana Parish",4,51,287,223,64
050,22,125,"Louisiana","West Feliciana Parish",4,52,259,201,58
050,22,125,"Louisiana","West Feliciana Parish",4,53,242,180,62
050,22,125,"Louisiana","West Feliciana Parish",4,54,245,179,66
050,22,125,"Louisiana","West Feliciana Parish",4,55,254,192,62
050,22,125,"Louisiana","West Feliciana Parish",4,56,190,129,61
050,22,125,"Louisiana","West Feliciana Parish",4,57,226,159,67
050,22,125,"Louisiana","West Feliciana Parish",4,58,240,166,74
050,22,125,"Louisiana","West Feliciana Parish",4,59,202,137,65
050,22,125,"Louisiana","West Feliciana Parish",4,60,194,121,73
050,22,125,"Louisiana","West Feliciana Parish",4,61,192,114,78
050,22,125,"Louisiana","West Feliciana Parish",4,62,176,117,59
050,22,125,"Louisiana","West Feliciana Parish",4,63,169,107,62
050,22,125,"Louisiana","West Feliciana Parish",4,64,139,79,60
050,22,125,"Louisiana","West Feliciana Parish",4,65,156,85,71
050,22,125,"Louisiana","West Feliciana Parish",4,66,159,85,74
050,22,125,"Louisiana","West Feliciana Parish",4,67,158,83,75
050,22,125,"Louisiana","West Feliciana Parish",4,68,160,91,69
050,22,125,"Louisiana","West Feliciana Parish",4,69,142,74,68
050,22,125,"Louisiana","West Feliciana Parish",4,70,152,81,71
050,22,125,"Louisiana","West Feliciana Parish",4,71,130,70,60
050,22,125,"Louisiana","West Feliciana Parish",4,72,119,70,49
050,22,125,"Louisiana","West Feliciana Parish",4,73,135,68,67
050,22,125,"Louisiana","West Feliciana Parish",4,74,128,62,66
050,22,125,"Louisiana","West Feliciana Parish",4,75,149,70,79
050,22,125,"Louisiana","West Feliciana Parish",4,76,98,47,51
050,22,125,"Louisiana","West Feliciana Parish",4,77,100,50,50
050,22,125,"Louisiana","West Feliciana Parish",4,78,88,44,44
050,22,125,"Louisiana","West Feliciana Parish",4,79,78,40,38
050,22,125,"Louisiana","West Feliciana Parish",4,80,56,28,28
050,22,125,"Louisiana","West Feliciana Parish",4,81,55,27,28
050,22,125,"Louisiana","West Feliciana Parish",4,82,54,22,32
050,22,125,"Louisiana","West Feliciana Parish",4,83,43,14,29
050,22,125,"Louisiana","West Feliciana Parish",4,84,30,9,21
050,22,125,"Louisiana","West Feliciana Parish",4,85,254,113,141
050,22,125,"Louisiana","West Feliciana Parish",5,0,118,51,67
050,22,125,"Louisiana","West Feliciana Parish",5,1,116,58,58
050,22,125,"Louisiana","West Feliciana Parish",5,2,112,47,65
050,22,125,"Louisiana","West Feliciana Parish",5,3,114,47,67
050,22,125,"Louisiana","West Feliciana Parish",5,4,126,68,58
050,22,125,"Louisiana","West Feliciana Parish",5,5,149,77,72
050,22,125,"Louisiana","West Feliciana Parish",5,6,142,72,70
050,22,125,"Louisiana","West Feliciana Parish",5,7,145,72,73
050,22,125,"Louisiana","West Feliciana Parish",5,8,153,68,85
050,22,125,"Louisiana","West Feliciana Parish",5,9,152,81,71
050,22,125,"Louisiana","West Feliciana Parish",5,10,153,73,80
050,22,125,"Louisiana","West Feliciana Parish",5,11,142,69,73
050,22,125,"Louisiana","West Feliciana Parish",5,12,147,67,80
050,22,125,"Louisiana","West Feliciana Parish",5,13,132,71,61
050,22,125,"Louisiana","West Feliciana Parish",5,14,144,77,67
050,22,125,"Louisiana","West Feliciana Parish",5,15,155,80,75
050,22,125,"Louisiana","West Feliciana Parish",5,16,169,82,87
050,22,125,"Louisiana","West Feliciana Parish",5,17,154,86,68
050,22,125,"Louisiana","West Feliciana Parish",5,18,125,69,56
050,22,125,"Louisiana","West Feliciana Parish",5,19,108,64,44
050,22,125,"Louisiana","West Feliciana Parish",5,20,95,49,46
050,22,125,"Louisiana","West Feliciana Parish",5,21,114,63,51
050,22,125,"Louisiana","West Feliciana Parish",5,22,114,58,56
050,22,125,"Louisiana","West Feliciana Parish",5,23,143,83,60
050,22,125,"Louisiana","West Feliciana Parish",5,24,145,89,56
050,22,125,"Louisiana","West Feliciana Parish",5,25,133,96,37
050,22,125,"Louisiana","West Feliciana Parish",5,26,155,112,43
050,22,125,"Louisiana","West Feliciana Parish",5,27,149,114,35
050,22,125,"Louisiana","West Feliciana Parish",5,28,154,121,33
050,22,125,"Louisiana","West Feliciana Parish",5,29,192,144,48
050,22,125,"Louisiana","West Feliciana Parish",5,30,251,184,67
050,22,125,"Louisiana","West Feliciana Parish",5,31,219,166,53
050,22,125,"Louisiana","West Feliciana Parish",5,32,252,210,42
050,22,125,"Louisiana","West Feliciana Parish",5,33,258,216,42
050,22,125,"Louisiana","West Feliciana Parish",5,34,248,191,57
050,22,125,"Louisiana","West Feliciana Parish",5,35,264,207,57
050,22,125,"Louisiana","West Feliciana Parish",5,36,265,205,60
050,22,125,"Louisiana","West Feliciana Parish",5,37,272,202,70
050,22,125,"Louisiana","West Feliciana Parish",5,38,302,239,63
050,22,125,"Louisiana","West Feliciana Parish",5,39,290,223,67
050,22,125,"Louisiana","West Feliciana Parish",5,40,283,218,65
050,22,125,"Louisiana","West Feliciana Parish",5,41,292,240,52
050,22,125,"Louisiana","West Feliciana Parish",5,42,292,229,63
050,22,125,"Louisiana","West Feliciana Parish",5,43,284,222,62
050,22,125,"Louisiana","West Feliciana Parish",5,44,293,229,64
050,22,125,"Louisiana","West Feliciana Parish",5,45,278,210,68
050,22,125,"Louisiana","West Feliciana Parish",5,46,293,222,71
050,22,125,"Louisiana","West Feliciana Parish",5,47,296,221,75
050,22,125,"Louisiana","West Feliciana Parish",5,48,285,225,60
050,22,125,"Louisiana","West Feliciana Parish",5,49,245,200,45
050,22,125,"Louisiana","West Feliciana Parish",5,50,253,199,54
050,22,125,"Louisiana","West Feliciana Parish",5,51,274,217,57
050,22,125,"Louisiana","West Feliciana Parish",5,52,266,201,65
050,22,125,"Louisiana","West Feliciana Parish",5,53,250,191,59
050,22,125,"Louisiana","West Feliciana Parish",5,54,241,176,65
050,22,125,"Louisiana","West Feliciana Parish",5,55,243,184,59
050,22,125,"Louisiana","West Feliciana Parish",5,56,204,140,64
050,22,125,"Louisiana","West Feliciana Parish",5,57,208,150,58
050,22,125,"Louisiana","West Feliciana Parish",5,58,229,165,64
050,22,125,"Louisiana","West Feliciana Parish",5,59,209,134,75
050,22,125,"Louisiana","West Feliciana Parish",5,60,196,130,66
050,22,125,"Louisiana","West Feliciana Parish",5,61,188,116,72
050,22,125,"Louisiana","West Feliciana Parish",5,62,176,102,74
050,22,125,"Louisiana","West Feliciana Parish",5,63,168,107,61
050,22,125,"Louisiana","West Feliciana Parish",5,64,146,86,60
050,22,125,"Louisiana","West Feliciana Parish",5,65,144,81,63
050,22,125,"Louisiana","West Feliciana Parish",5,66,155,83,72
050,22,125,"Louisiana","West Feliciana Parish",5,67,152,83,69
050,22,125,"Louisiana","West Feliciana Parish",5,68,160,86,74
050,22,125,"Louisiana","West Feliciana Parish",5,69,146,77,69
050,22,125,"Louisiana","West Feliciana Parish",5,70,149,77,72
050,22,125,"Louisiana","West Feliciana Parish",5,71,147,77,70
050,22,125,"Louisiana","West Feliciana Parish",5,72,128,68,60
050,22,125,"Louisiana","West Feliciana Parish",5,73,120,70,50
050,22,125,"Louisiana","West Feliciana Parish",5,74,134,66,68
050,22,125,"Louisiana","West Feliciana Parish",5,75,125,62,63
050,22,125,"Louisiana","West Feliciana Parish",5,76,143,65,78
050,22,125,"Louisiana","West Feliciana Parish",5,77,102,51,51
050,22,125,"Louisiana","West Feliciana Parish",5,78,92,44,48
050,22,125,"Louisiana","West Feliciana Parish",5,79,87,43,44
050,22,125,"Louisiana","West Feliciana Parish",5,80,70,40,30
050,22,125,"Louisiana","West Feliciana Parish",5,81,52,23,29
050,22,125,"Louisiana","West Feliciana Parish",5,82,55,26,29
050,22,125,"Louisiana","West Feliciana Parish",5,83,50,20,30
050,22,125,"Louisiana","West Feliciana Parish",5,84,34,12,22
050,22,125,"Louisiana","West Feliciana Parish",5,85,263,113,150
050,22,127,"Louisiana","Winn Parish",1,0,140,71,69
050,22,127,"Louisiana","Winn Parish",1,1,151,74,77
050,22,127,"Louisiana","Winn Parish",1,2,142,75,67
050,22,127,"Louisiana","Winn Parish",1,3,169,97,72
050,22,127,"Louisiana","Winn Parish",1,4,195,93,102
050,22,127,"Louisiana","Winn Parish",1,5,170,90,80
050,22,127,"Louisiana","Winn Parish",1,6,154,82,72
050,22,127,"Louisiana","Winn Parish",1,7,179,84,95
050,22,127,"Louisiana","Winn Parish",1,8,166,99,67
050,22,127,"Louisiana","Winn Parish",1,9,173,93,80
050,22,127,"Louisiana","Winn Parish",1,10,169,83,86
050,22,127,"Louisiana","Winn Parish",1,11,177,89,88
050,22,127,"Louisiana","Winn Parish",1,12,165,83,82
050,22,127,"Louisiana","Winn Parish",1,13,180,85,95
050,22,127,"Louisiana","Winn Parish",1,14,193,93,100
050,22,127,"Louisiana","Winn Parish",1,15,174,86,88
050,22,127,"Louisiana","Winn Parish",1,16,159,74,85
050,22,127,"Louisiana","Winn Parish",1,17,172,94,78
050,22,127,"Louisiana","Winn Parish",1,18,162,88,74
050,22,127,"Louisiana","Winn Parish",1,19,143,75,68
050,22,127,"Louisiana","Winn Parish",1,20,153,81,72
050,22,127,"Louisiana","Winn Parish",1,21,159,89,70
050,22,127,"Louisiana","Winn Parish",1,22,164,85,79
050,22,127,"Louisiana","Winn Parish",1,23,156,86,70
050,22,127,"Louisiana","Winn Parish",1,24,163,95,68
050,22,127,"Louisiana","Winn Parish",1,25,173,108,65
050,22,127,"Louisiana","Winn Parish",1,26,174,106,68
050,22,127,"Louisiana","Winn Parish",1,27,181,102,79
050,22,127,"Louisiana","Winn Parish",1,28,175,106,69
050,22,127,"Louisiana","Winn Parish",1,29,191,128,63
050,22,127,"Louisiana","Winn Parish",1,30,186,121,65
050,22,127,"Louisiana","Winn Parish",1,31,185,115,70
050,22,127,"Louisiana","Winn Parish",1,32,198,131,67
050,22,127,"Louisiana","Winn Parish",1,33,171,113,58
050,22,127,"Louisiana","Winn Parish",1,34,164,87,77
050,22,127,"Louisiana","Winn Parish",1,35,167,107,60
050,22,127,"Louisiana","Winn Parish",1,36,178,107,71
050,22,127,"Louisiana","Winn Parish",1,37,150,81,69
050,22,127,"Louisiana","Winn Parish",1,38,176,108,68
050,22,127,"Louisiana","Winn Parish",1,39,205,114,91
050,22,127,"Louisiana","Winn Parish",1,40,179,101,78
050,22,127,"Louisiana","Winn Parish",1,41,193,114,79
050,22,127,"Louisiana","Winn Parish",1,42,188,103,85
050,22,127,"Louisiana","Winn Parish",1,43,192,114,78
050,22,127,"Louisiana","Winn Parish",1,44,159,89,70
050,22,127,"Louisiana","Winn Parish",1,45,140,76,64
050,22,127,"Louisiana","Winn Parish",1,46,148,90,58
050,22,127,"Louisiana","Winn Parish",1,47,163,93,70
050,22,127,"Louisiana","Winn Parish",1,48,167,92,75
050,22,127,"Louisiana","Winn Parish",1,49,173,102,71
050,22,127,"Louisiana","Winn Parish",1,50,192,115,77
050,22,127,"Louisiana","Winn Parish",1,51,183,107,76
050,22,127,"Louisiana","Winn Parish",1,52,207,121,86
050,22,127,"Louisiana","Winn Parish",1,53,188,111,77
050,22,127,"Louisiana","Winn Parish",1,54,188,104,84
050,22,127,"Louisiana","Winn Parish",1,55,183,105,78
050,22,127,"Louisiana","Winn Parish",1,56,187,104,83
050,22,127,"Louisiana","Winn Parish",1,57,186,93,93
050,22,127,"Louisiana","Winn Parish",1,58,162,88,74
050,22,127,"Louisiana","Winn Parish",1,59,162,79,83
050,22,127,"Louisiana","Winn Parish",1,60,175,99,76
050,22,127,"Louisiana","Winn Parish",1,61,179,104,75
050,22,127,"Louisiana","Winn Parish",1,62,181,99,82
050,22,127,"Louisiana","Winn Parish",1,63,177,92,85
050,22,127,"Louisiana","Winn Parish",1,64,166,83,83
050,22,127,"Louisiana","Winn Parish",1,65,170,83,87
050,22,127,"Louisiana","Winn Parish",1,66,162,75,87
050,22,127,"Louisiana","Winn Parish",1,67,141,68,73
050,22,127,"Louisiana","Winn Parish",1,68,153,76,77
050,22,127,"Louisiana","Winn Parish",1,69,160,76,84
050,22,127,"Louisiana","Winn Parish",1,70,147,70,77
050,22,127,"Louisiana","Winn Parish",1,71,135,71,64
050,22,127,"Louisiana","Winn Parish",1,72,145,77,68
050,22,127,"Louisiana","Winn Parish",1,73,140,61,79
050,22,127,"Louisiana","Winn Parish",1,74,109,42,67
050,22,127,"Louisiana","Winn Parish",1,75,112,56,56
050,22,127,"Louisiana","Winn Parish",1,76,113,45,68
050,22,127,"Louisiana","Winn Parish",1,77,93,35,58
050,22,127,"Louisiana","Winn Parish",1,78,89,43,46
050,22,127,"Louisiana","Winn Parish",1,79,84,44,40
050,22,127,"Louisiana","Winn Parish",1,80,70,34,36
050,22,127,"Louisiana","Winn Parish",1,81,57,17,40
050,22,127,"Louisiana","Winn Parish",1,82,64,27,37
050,22,127,"Louisiana","Winn Parish",1,83,52,26,26
050,22,127,"Louisiana","Winn Parish",1,84,49,19,30
050,22,127,"Louisiana","Winn Parish",1,85,288,97,191
050,22,127,"Louisiana","Winn Parish",2,0,131,68,63
050,22,127,"Louisiana","Winn Parish",2,1,149,73,76
050,22,127,"Louisiana","Winn Parish",2,2,144,75,69
050,22,127,"Louisiana","Winn Parish",2,3,162,91,71
050,22,127,"Louisiana","Winn Parish",2,4,188,94,94
050,22,127,"Louisiana","Winn Parish",2,5,176,92,84
050,22,127,"Louisiana","Winn Parish",2,6,160,86,74
050,22,127,"Louisiana","Winn Parish",2,7,174,85,89
050,22,127,"Louisiana","Winn Parish",2,8,169,95,74
050,22,127,"Louisiana","Winn Parish",2,9,171,95,76
050,22,127,"Louisiana","Winn Parish",2,10,170,86,84
050,22,127,"Louisiana","Winn Parish",2,11,177,88,89
050,22,127,"Louisiana","Winn Parish",2,12,168,85,83
050,22,127,"Louisiana","Winn Parish",2,13,174,83,91
050,22,127,"Louisiana","Winn Parish",2,14,189,90,99
050,22,127,"Louisiana","Winn Parish",2,15,177,87,90
050,22,127,"Louisiana","Winn Parish",2,16,164,79,85
050,22,127,"Louisiana","Winn Parish",2,17,171,91,80
050,22,127,"Louisiana","Winn Parish",2,18,160,88,72
050,22,127,"Louisiana","Winn Parish",2,19,144,78,66
050,22,127,"Louisiana","Winn Parish",2,20,157,83,74
050,22,127,"Louisiana","Winn Parish",2,21,159,87,72
050,22,127,"Louisiana","Winn Parish",2,22,164,85,79
050,22,127,"Louisiana","Winn Parish",2,23,164,89,75
050,22,127,"Louisiana","Winn Parish",2,24,161,93,68
050,22,127,"Louisiana","Winn Parish",2,25,172,107,65
050,22,127,"Louisiana","Winn Parish",2,26,170,104,66
050,22,127,"Louisiana","Winn Parish",2,27,180,105,75
050,22,127,"Louisiana","Winn Parish",2,28,178,106,72
050,22,127,"Louisiana","Winn Parish",2,29,187,124,63
050,22,127,"Louisiana","Winn Parish",2,30,183,118,65
050,22,127,"Louisiana","Winn Parish",2,31,178,110,68
050,22,127,"Louisiana","Winn Parish",2,32,197,128,69
050,22,127,"Louisiana","Winn Parish",2,33,177,116,61
050,22,127,"Louisiana","Winn Parish",2,34,162,91,71
050,22,127,"Louisiana","Winn Parish",2,35,166,102,64
050,22,127,"Louisiana","Winn Parish",2,36,175,107,68
050,22,127,"Louisiana","Winn Parish",2,37,154,84,70
050,22,127,"Louisiana","Winn Parish",2,38,174,104,70
050,22,127,"Louisiana","Winn Parish",2,39,200,115,85
050,22,127,"Louisiana","Winn Parish",2,40,186,105,81
050,22,127,"Louisiana","Winn Parish",2,41,191,111,80
050,22,127,"Louisiana","Winn Parish",2,42,184,102,82
050,22,127,"Louisiana","Winn Parish",2,43,192,112,80
050,22,127,"Louisiana","Winn Parish",2,44,163,93,70
050,22,127,"Louisiana","Winn Parish",2,45,147,81,66
050,22,127,"Louisiana","Winn Parish",2,46,146,87,59
050,22,127,"Louisiana","Winn Parish",2,47,159,92,67
050,22,127,"Louisiana","Winn Parish",2,48,165,92,73
050,22,127,"Louisiana","Winn Parish",2,49,174,101,73
050,22,127,"Louisiana","Winn Parish",2,50,185,112,73
050,22,127,"Louisiana","Winn Parish",2,51,185,108,77
050,22,127,"Louisiana","Winn Parish",2,52,205,121,84
050,22,127,"Louisiana","Winn Parish",2,53,191,112,79
050,22,127,"Louisiana","Winn Parish",2,54,186,104,82
050,22,127,"Louisiana","Winn Parish",2,55,186,106,80
050,22,127,"Louisiana","Winn Parish",2,56,186,104,82
050,22,127,"Louisiana","Winn Parish",2,57,183,93,90
050,22,127,"Louisiana","Winn Parish",2,58,164,88,76
050,22,127,"Louisiana","Winn Parish",2,59,159,79,80
050,22,127,"Louisiana","Winn Parish",2,60,170,94,76
050,22,127,"Louisiana","Winn Parish",2,61,177,102,75
050,22,127,"Louisiana","Winn Parish",2,62,181,100,81
050,22,127,"Louisiana","Winn Parish",2,63,178,94,84
050,22,127,"Louisiana","Winn Parish",2,64,169,86,83
050,22,127,"Louisiana","Winn Parish",2,65,168,81,87
050,22,127,"Louisiana","Winn Parish",2,66,161,76,85
050,22,127,"Louisiana","Winn Parish",2,67,146,69,77
050,22,127,"Louisiana","Winn Parish",2,68,150,75,75
050,22,127,"Louisiana","Winn Parish",2,69,158,75,83
050,22,127,"Louisiana","Winn Parish",2,70,148,70,78
050,22,127,"Louisiana","Winn Parish",2,71,138,71,67
050,22,127,"Louisiana","Winn Parish",2,72,138,73,65
050,22,127,"Louisiana","Winn Parish",2,73,147,67,80
050,22,127,"Louisiana","Winn Parish",2,74,109,44,65
050,22,127,"Louisiana","Winn Parish",2,75,111,52,59
050,22,127,"Louisiana","Winn Parish",2,76,111,47,64
050,22,127,"Louisiana","Winn Parish",2,77,98,37,61
050,22,127,"Louisiana","Winn Parish",2,78,86,39,47
050,22,127,"Louisiana","Winn Parish",2,79,85,44,41
050,22,127,"Louisiana","Winn Parish",2,80,73,36,37
050,22,127,"Louisiana","Winn Parish",2,81,59,20,39
050,22,127,"Louisiana","Winn Parish",2,82,62,24,38
050,22,127,"Louisiana","Winn Parish",2,83,53,26,27
050,22,127,"Louisiana","Winn Parish",2,84,46,20,26
050,22,127,"Louisiana","Winn Parish",2,85,285,97,188
050,22,127,"Louisiana","Winn Parish",3,0,132,68,64
050,22,127,"Louisiana","Winn Parish",3,1,116,59,57
050,22,127,"Louisiana","Winn Parish",3,2,144,70,74
050,22,127,"Louisiana","Winn Parish",3,3,139,76,63
050,22,127,"Louisiana","Winn Parish",3,4,163,96,67
050,22,127,"Louisiana","Winn Parish",3,5,188,92,96
050,22,127,"Louisiana","Winn Parish",3,6,156,76,80
050,22,127,"Louisiana","Winn Parish",3,7,156,83,73
050,22,127,"Louisiana","Winn Parish",3,8,174,86,88
050,22,127,"Louisiana","Winn Parish",3,9,175,97,78
050,22,127,"Louisiana","Winn Parish",3,10,181,101,80
050,22,127,"Louisiana","Winn Parish",3,11,181,92,89
050,22,127,"Louisiana","Winn Parish",3,12,179,89,90
050,22,127,"Louisiana","Winn Parish",3,13,177,92,85
050,22,127,"Louisiana","Winn Parish",3,14,168,78,90
050,22,127,"Louisiana","Winn Parish",3,15,189,90,99
050,22,127,"Louisiana","Winn Parish",3,16,175,87,88
050,22,127,"Louisiana","Winn Parish",3,17,162,76,86
050,22,127,"Louisiana","Winn Parish",3,18,151,84,67
050,22,127,"Louisiana","Winn Parish",3,19,153,88,65
050,22,127,"Louisiana","Winn Parish",3,20,151,82,69
050,22,127,"Louisiana","Winn Parish",3,21,154,80,74
050,22,127,"Louisiana","Winn Parish",3,22,165,84,81
050,22,127,"Louisiana","Winn Parish",3,23,179,102,77
050,22,127,"Louisiana","Winn Parish",3,24,162,97,65
050,22,127,"Louisiana","Winn Parish",3,25,178,110,68
050,22,127,"Louisiana","Winn Parish",3,26,153,98,55
050,22,127,"Louisiana","Winn Parish",3,27,173,108,65
050,22,127,"Louisiana","Winn Parish",3,28,178,103,75
050,22,127,"Louisiana","Winn Parish",3,29,174,109,65
050,22,127,"Louisiana","Winn Parish",3,30,171,109,62
050,22,127,"Louisiana","Winn Parish",3,31,183,116,67
050,22,127,"Louisiana","Winn Parish",3,32,178,114,64
050,22,127,"Louisiana","Winn Parish",3,33,200,127,73
050,22,127,"Louisiana","Winn Parish",3,34,167,105,62
050,22,127,"Louisiana","Winn Parish",3,35,158,88,70
050,22,127,"Louisiana","Winn Parish",3,36,163,102,61
050,22,127,"Louisiana","Winn Parish",3,37,152,90,62
050,22,127,"Louisiana","Winn Parish",3,38,167,97,70
050,22,127,"Louisiana","Winn Parish",3,39,185,116,69
050,22,127,"Louisiana","Winn Parish",3,40,201,120,81
050,22,127,"Louisiana","Winn Parish",3,41,189,106,83
050,22,127,"Louisiana","Winn Parish",3,42,177,99,78
050,22,127,"Louisiana","Winn Parish",3,43,186,103,83
050,22,127,"Louisiana","Winn Parish",3,44,185,104,81
050,22,127,"Louisiana","Winn Parish",3,45,166,97,69
050,22,127,"Louisiana","Winn Parish",3,46,147,84,63
050,22,127,"Louisiana","Winn Parish",3,47,138,82,56
050,22,127,"Louisiana","Winn Parish",3,48,146,85,61
050,22,127,"Louisiana","Winn Parish",3,49,164,94,70
050,22,127,"Louisiana","Winn Parish",3,50,167,96,71
050,22,127,"Louisiana","Winn Parish",3,51,182,107,75
050,22,127,"Louisiana","Winn Parish",3,52,198,118,80
050,22,127,"Louisiana","Winn Parish",3,53,203,116,87
050,22,127,"Louisiana","Winn Parish",3,54,175,94,81
050,22,127,"Louisiana","Winn Parish",3,55,187,108,79
050,22,127,"Louisiana","Winn Parish",3,56,181,107,74
050,22,127,"Louisiana","Winn Parish",3,57,182,98,84
050,22,127,"Louisiana","Winn Parish",3,58,171,86,85
050,22,127,"Louisiana","Winn Parish",3,59,156,81,75
050,22,127,"Louisiana","Winn Parish",3,60,161,78,83
050,22,127,"Louisiana","Winn Parish",3,61,159,90,69
050,22,127,"Louisiana","Winn Parish",3,62,168,94,74
050,22,127,"Louisiana","Winn Parish",3,63,178,96,82
050,22,127,"Louisiana","Winn Parish",3,64,174,93,81
050,22,127,"Louisiana","Winn Parish",3,65,157,74,83
050,22,127,"Louisiana","Winn Parish",3,66,166,81,85
050,22,127,"Louisiana","Winn Parish",3,67,152,72,80
050,22,127,"Louisiana","Winn Parish",3,68,146,70,76
050,22,127,"Louisiana","Winn Parish",3,69,145,71,74
050,22,127,"Louisiana","Winn Parish",3,70,150,71,79
050,22,127,"Louisiana","Winn Parish",3,71,135,63,72
050,22,127,"Louisiana","Winn Parish",3,72,131,65,66
050,22,127,"Louisiana","Winn Parish",3,73,129,66,63
050,22,127,"Louisiana","Winn Parish",3,74,137,58,79
050,22,127,"Louisiana","Winn Parish",3,75,107,42,65
050,22,127,"Louisiana","Winn Parish",3,76,102,48,54
050,22,127,"Louisiana","Winn Parish",3,77,101,44,57
050,22,127,"Louisiana","Winn Parish",3,78,88,30,58
050,22,127,"Louisiana","Winn Parish",3,79,83,37,46
050,22,127,"Louisiana","Winn Parish",3,80,76,36,40
050,22,127,"Louisiana","Winn Parish",3,81,64,31,33
050,22,127,"Louisiana","Winn Parish",3,82,51,15,36
050,22,127,"Louisiana","Winn Parish",3,83,59,24,35
050,22,127,"Louisiana","Winn Parish",3,84,43,17,26
050,22,127,"Louisiana","Winn Parish",3,85,280,99,181
050,22,127,"Louisiana","Winn Parish",4,0,135,70,65
050,22,127,"Louisiana","Winn Parish",4,1,115,68,47
050,22,127,"Louisiana","Winn Parish",4,2,108,53,55
050,22,127,"Louisiana","Winn Parish",4,3,144,74,70
050,22,127,"Louisiana","Winn Parish",4,4,134,75,59
050,22,127,"Louisiana","Winn Parish",4,5,147,82,65
050,22,127,"Louisiana","Winn Parish",4,6,180,92,88
050,22,127,"Louisiana","Winn Parish",4,7,159,83,76
050,22,127,"Louisiana","Winn Parish",4,8,147,84,63
050,22,127,"Louisiana","Winn Parish",4,9,173,87,86
050,22,127,"Louisiana","Winn Parish",4,10,162,84,78
050,22,127,"Louisiana","Winn Parish",4,11,175,99,76
050,22,127,"Louisiana","Winn Parish",4,12,167,83,84
050,22,127,"Louisiana","Winn Parish",4,13,168,82,86
050,22,127,"Louisiana","Winn Parish",4,14,178,91,87
050,22,127,"Louisiana","Winn Parish",4,15,169,79,90
050,22,127,"Louisiana","Winn Parish",4,16,182,83,99
050,22,127,"Louisiana","Winn Parish",4,17,167,86,81
050,22,127,"Louisiana","Winn Parish",4,18,138,68,70
050,22,127,"Louisiana","Winn Parish",4,19,138,80,58
050,22,127,"Louisiana","Winn Parish",4,20,158,93,65
050,22,127,"Louisiana","Winn Parish",4,21,143,80,63
050,22,127,"Louisiana","Winn Parish",4,22,160,86,74
050,22,127,"Louisiana","Winn Parish",4,23,183,98,85
050,22,127,"Louisiana","Winn Parish",4,24,190,114,76
050,22,127,"Louisiana","Winn Parish",4,25,173,108,65
050,22,127,"Louisiana","Winn Parish",4,26,160,97,63
050,22,127,"Louisiana","Winn Parish",4,27,165,104,61
050,22,127,"Louisiana","Winn Parish",4,28,179,111,68
050,22,127,"Louisiana","Winn Parish",4,29,189,115,74
050,22,127,"Louisiana","Winn Parish",4,30,166,103,63
050,22,127,"Louisiana","Winn Parish",4,31,170,107,63
050,22,127,"Louisiana","Winn Parish",4,32,191,126,65
050,22,127,"Louisiana","Winn Parish",4,33,163,103,60
050,22,127,"Louisiana","Winn Parish",4,34,185,116,69
050,22,127,"Louisiana","Winn Parish",4,35,156,97,59
050,22,127,"Louisiana","Winn Parish",4,36,161,95,66
050,22,127,"Louisiana","Winn Parish",4,37,147,84,63
050,22,127,"Louisiana","Winn Parish",4,38,163,98,65
050,22,127,"Louisiana","Winn Parish",4,39,176,106,70
050,22,127,"Louisiana","Winn Parish",4,40,176,115,61
050,22,127,"Louisiana","Winn Parish",4,41,192,117,75
050,22,127,"Louisiana","Winn Parish",4,42,177,96,81
050,22,127,"Louisiana","Winn Parish",4,43,178,100,78
050,22,127,"Louisiana","Winn Parish",4,44,181,100,81
050,22,127,"Louisiana","Winn Parish",4,45,187,106,81
050,22,127,"Louisiana","Winn Parish",4,46,169,101,68
050,22,127,"Louisiana","Winn Parish",4,47,146,83,63
050,22,127,"Louisiana","Winn Parish",4,48,142,84,58
050,22,127,"Louisiana","Winn Parish",4,49,145,83,62
050,22,127,"Louisiana","Winn Parish",4,50,154,85,69
050,22,127,"Louisiana","Winn Parish",4,51,161,90,71
050,22,127,"Louisiana","Winn Parish",4,52,202,126,76
050,22,127,"Louisiana","Winn Parish",4,53,186,107,79
050,22,127,"Louisiana","Winn Parish",4,54,193,108,85
050,22,127,"Louisiana","Winn Parish",4,55,179,98,81
050,22,127,"Louisiana","Winn Parish",4,56,186,112,74
050,22,127,"Louisiana","Winn Parish",4,57,174,98,76
050,22,127,"Louisiana","Winn Parish",4,58,159,80,79
050,22,127,"Louisiana","Winn Parish",4,59,157,77,80
050,22,127,"Louisiana","Winn Parish",4,60,158,82,76
050,22,127,"Louisiana","Winn Parish",4,61,160,74,86
050,22,127,"Louisiana","Winn Parish",4,62,156,90,66
050,22,127,"Louisiana","Winn Parish",4,63,168,94,74
050,22,127,"Louisiana","Winn Parish",4,64,179,98,81
050,22,127,"Louisiana","Winn Parish",4,65,163,83,80
050,22,127,"Louisiana","Winn Parish",4,66,157,74,83
050,22,127,"Louisiana","Winn Parish",4,67,160,76,84
050,22,127,"Louisiana","Winn Parish",4,68,157,76,81
050,22,127,"Louisiana","Winn Parish",4,69,139,63,76
050,22,127,"Louisiana","Winn Parish",4,70,141,69,72
050,22,127,"Louisiana","Winn Parish",4,71,142,70,72
050,22,127,"Louisiana","Winn Parish",4,72,125,56,69
050,22,127,"Louisiana","Winn Parish",4,73,123,59,64
050,22,127,"Louisiana","Winn Parish",4,74,125,60,65
050,22,127,"Louisiana","Winn Parish",4,75,136,58,78
050,22,127,"Louisiana","Winn Parish",4,76,101,36,65
050,22,127,"Louisiana","Winn Parish",4,77,94,44,50
050,22,127,"Louisiana","Winn Parish",4,78,93,36,57
050,22,127,"Louisiana","Winn Parish",4,79,88,32,56
050,22,127,"Louisiana","Winn Parish",4,80,78,31,47
050,22,127,"Louisiana","Winn Parish",4,81,67,33,34
050,22,127,"Louisiana","Winn Parish",4,82,59,29,30
050,22,127,"Louisiana","Winn Parish",4,83,49,15,34
050,22,127,"Louisiana","Winn Parish",4,84,50,15,35
050,22,127,"Louisiana","Winn Parish",4,85,275,100,175
050,22,127,"Louisiana","Winn Parish",5,0,133,71,62
050,22,127,"Louisiana","Winn Parish",5,1,147,84,63
050,22,127,"Louisiana","Winn Parish",5,2,119,71,48
050,22,127,"Louisiana","Winn Parish",5,3,107,54,53
050,22,127,"Louisiana","Winn Parish",5,4,144,76,68
050,22,127,"Louisiana","Winn Parish",5,5,135,72,63
050,22,127,"Louisiana","Winn Parish",5,6,149,86,63
050,22,127,"Louisiana","Winn Parish",5,7,183,92,91
050,22,127,"Louisiana","Winn Parish",5,8,159,83,76
050,22,127,"Louisiana","Winn Parish",5,9,155,89,66
050,22,127,"Louisiana","Winn Parish",5,10,161,79,82
050,22,127,"Louisiana","Winn Parish",5,11,166,89,77
050,22,127,"Louisiana","Winn Parish",5,12,166,92,74
050,22,127,"Louisiana","Winn Parish",5,13,173,87,86
050,22,127,"Louisiana","Winn Parish",5,14,170,83,87
050,22,127,"Louisiana","Winn Parish",5,15,174,93,81
050,22,127,"Louisiana","Winn Parish",5,16,169,82,87
050,22,127,"Louisiana","Winn Parish",5,17,182,89,93
050,22,127,"Louisiana","Winn Parish",5,18,141,76,65
050,22,127,"Louisiana","Winn Parish",5,19,113,56,57
050,22,127,"Louisiana","Winn Parish",5,20,150,92,58
050,22,127,"Louisiana","Winn Parish",5,21,157,95,62
050,22,127,"Louisiana","Winn Parish",5,22,155,79,76
050,22,127,"Louisiana","Winn Parish",5,23,182,103,79
050,22,127,"Louisiana","Winn Parish",5,24,206,117,89
050,22,127,"Louisiana","Winn Parish",5,25,200,125,75
050,22,127,"Louisiana","Winn Parish",5,26,155,96,59
050,22,127,"Louisiana","Winn Parish",5,27,176,109,67
050,22,127,"Louisiana","Winn Parish",5,28,166,102,64
050,22,127,"Louisiana","Winn Parish",5,29,181,123,58
050,22,127,"Louisiana","Winn Parish",5,30,172,102,70
050,22,127,"Louisiana","Winn Parish",5,31,161,103,58
050,22,127,"Louisiana","Winn Parish",5,32,188,129,59
050,22,127,"Louisiana","Winn Parish",5,33,195,127,68
050,22,127,"Louisiana","Winn Parish",5,34,152,90,62
050,22,127,"Louisiana","Winn Parish",5,35,173,109,64
050,22,127,"Louisiana","Winn Parish",5,36,155,100,55
050,22,127,"Louisiana","Winn Parish",5,37,145,84,61
050,22,127,"Louisiana","Winn Parish",5,38,165,102,63
050,22,127,"Louisiana","Winn Parish",5,39,172,108,64
050,22,127,"Louisiana","Winn Parish",5,40,181,110,71
050,22,127,"Louisiana","Winn Parish",5,41,181,118,63
050,22,127,"Louisiana","Winn Parish",5,42,179,104,75
050,22,127,"Louisiana","Winn Parish",5,43,173,94,79
050,22,127,"Louisiana","Winn Parish",5,44,172,95,77
050,22,127,"Louisiana","Winn Parish",5,45,178,99,79
050,22,127,"Louisiana","Winn Parish",5,46,188,109,79
050,22,127,"Louisiana","Winn Parish",5,47,166,98,68
050,22,127,"Louisiana","Winn Parish",5,48,148,83,65
050,22,127,"Louisiana","Winn Parish",5,49,150,87,63
050,22,127,"Louisiana","Winn Parish",5,50,141,80,61
050,22,127,"Louisiana","Winn Parish",5,51,149,80,69
050,22,127,"Louisiana","Winn Parish",5,52,187,114,73
050,22,127,"Louisiana","Winn Parish",5,53,197,119,78
050,22,127,"Louisiana","Winn Parish",5,54,176,98,78
050,22,127,"Louisiana","Winn Parish",5,55,198,112,86
050,22,127,"Louisiana","Winn Parish",5,56,168,89,79
050,22,127,"Louisiana","Winn Parish",5,57,187,109,78
050,22,127,"Louisiana","Winn Parish",5,58,161,89,72
050,22,127,"Louisiana","Winn Parish",5,59,148,69,79
050,22,127,"Louisiana","Winn Parish",5,60,149,74,75
050,22,127,"Louisiana","Winn Parish",5,61,156,78,78
050,22,127,"Louisiana","Winn Parish",5,62,153,71,82
050,22,127,"Louisiana","Winn Parish",5,63,154,87,67
050,22,127,"Louisiana","Winn Parish",5,64,169,96,73
050,22,127,"Louisiana","Winn Parish",5,65,165,88,77
050,22,127,"Louisiana","Winn Parish",5,66,162,84,78
050,22,127,"Louisiana","Winn Parish",5,67,154,73,81
050,22,127,"Louisiana","Winn Parish",5,68,167,81,86
050,22,127,"Louisiana","Winn Parish",5,69,153,73,80
050,22,127,"Louisiana","Winn Parish",5,70,131,57,74
050,22,127,"Louisiana","Winn Parish",5,71,132,66,66
050,22,127,"Louisiana","Winn Parish",5,72,139,66,73
050,22,127,"Louisiana","Winn Parish",5,73,120,52,68
050,22,127,"Louisiana","Winn Parish",5,74,116,56,60
050,22,127,"Louisiana","Winn Parish",5,75,117,59,58
050,22,127,"Louisiana","Winn Parish",5,76,132,52,80
050,22,127,"Louisiana","Winn Parish",5,77,93,35,58
050,22,127,"Louisiana","Winn Parish",5,78,86,38,48
050,22,127,"Louisiana","Winn Parish",5,79,93,38,55
050,22,127,"Louisiana","Winn Parish",5,80,83,27,56
050,22,127,"Louisiana","Winn Parish",5,81,71,29,42
050,22,127,"Louisiana","Winn Parish",5,82,62,30,32
050,22,127,"Louisiana","Winn Parish",5,83,56,29,27
050,22,127,"Louisiana","Winn Parish",5,84,40,7,33
050,22,127,"Louisiana","Winn Parish",5,85,283,102,181

