"SUMLEV","STATE","COUNTY","STNAME","CTYNAME","YEAR","AGE","TOT_POP","TOT_MALE","TOT_FEMALE"
050,25,001,"Massachusetts","Barnstable County",1,0,1579,813,766
050,25,001,"Massachusetts","Barnstable County",1,1,1606,814,792
050,25,001,"Massachusetts","Barnstable County",1,2,1679,864,815
050,25,001,"Massachusetts","Barnstable County",1,3,1668,856,812
050,25,001,"Massachusetts","Barnstable County",1,4,1717,863,854
050,25,001,"Massachusetts","Barnstable County",1,5,1705,898,807
050,25,001,"Massachusetts","Barnstable County",1,6,1707,907,800
050,25,001,"Massachusetts","Barnstable County",1,7,1730,868,862
050,25,001,"Massachusetts","Barnstable County",1,8,1803,928,875
050,25,001,"Massachusetts","Barnstable County",1,9,1836,941,895
050,25,001,"Massachusetts","Barnstable County",1,10,1939,991,948
050,25,001,"Massachusetts","Barnstable County",1,11,2056,1014,1042
050,25,001,"Massachusetts","Barnstable County",1,12,2135,1084,1051
050,25,001,"Massachusetts","Barnstable County",1,13,2101,1079,1022
050,25,001,"Massachusetts","Barnstable County",1,14,2151,1077,1074
050,25,001,"Massachusetts","Barnstable County",1,15,2181,1111,1070
050,25,001,"Massachusetts","Barnstable County",1,16,2251,1158,1093
050,25,001,"Massachusetts","Barnstable County",1,17,2269,1145,1124
050,25,001,"Massachusetts","Barnstable County",1,18,2149,1171,978
050,25,001,"Massachusetts","Barnstable County",1,19,1951,1144,807
050,25,001,"Massachusetts","Barnstable County",1,20,2183,1273,910
050,25,001,"Massachusetts","Barnstable County",1,21,2295,1299,996
050,25,001,"Massachusetts","Barnstable County",1,22,2333,1253,1080
050,25,001,"Massachusetts","Barnstable County",1,23,2233,1184,1049
050,25,001,"Massachusetts","Barnstable County",1,24,2160,1116,1044
050,25,001,"Massachusetts","Barnstable County",1,25,2056,1070,986
050,25,001,"Massachusetts","Barnstable County",1,26,2118,1121,997
050,25,001,"Massachusetts","Barnstable County",1,27,2088,1085,1003
050,25,001,"Massachusetts","Barnstable County",1,28,2106,1096,1010
050,25,001,"Massachusetts","Barnstable County",1,29,2103,1112,991
050,25,001,"Massachusetts","Barnstable County",1,30,2074,1056,1018
050,25,001,"Massachusetts","Barnstable County",1,31,2035,1012,1023
050,25,001,"Massachusetts","Barnstable County",1,32,2014,1021,993
050,25,001,"Massachusetts","Barnstable County",1,33,1998,999,999
050,25,001,"Massachusetts","Barnstable County",1,34,2024,1015,1009
050,25,001,"Massachusetts","Barnstable County",1,35,2022,995,1027
050,25,001,"Massachusetts","Barnstable County",1,36,2038,1004,1034
050,25,001,"Massachusetts","Barnstable County",1,37,2117,1106,1011
050,25,001,"Massachusetts","Barnstable County",1,38,2195,1122,1073
050,25,001,"Massachusetts","Barnstable County",1,39,2157,1093,1064
050,25,001,"Massachusetts","Barnstable County",1,40,2041,999,1042
050,25,001,"Massachusetts","Barnstable County",1,41,2018,1012,1006
050,25,001,"Massachusetts","Barnstable County",1,42,2072,1013,1059
050,25,001,"Massachusetts","Barnstable County",1,43,1933,950,983
050,25,001,"Massachusetts","Barnstable County",1,44,1858,896,962
050,25,001,"Massachusetts","Barnstable County",1,45,1927,932,995
050,25,001,"Massachusetts","Barnstable County",1,46,1977,945,1032
050,25,001,"Massachusetts","Barnstable County",1,47,2114,1010,1104
050,25,001,"Massachusetts","Barnstable County",1,48,2400,1143,1257
050,25,001,"Massachusetts","Barnstable County",1,49,2789,1342,1447
050,25,001,"Massachusetts","Barnstable County",1,50,2769,1292,1477
050,25,001,"Massachusetts","Barnstable County",1,51,2754,1286,1468
050,25,001,"Massachusetts","Barnstable County",1,52,2848,1339,1509
050,25,001,"Massachusetts","Barnstable County",1,53,3040,1406,1634
050,25,001,"Massachusetts","Barnstable County",1,54,3232,1552,1680
050,25,001,"Massachusetts","Barnstable County",1,55,3539,1679,1860
050,25,001,"Massachusetts","Barnstable County",1,56,3709,1766,1943
050,25,001,"Massachusetts","Barnstable County",1,57,3922,1875,2047
050,25,001,"Massachusetts","Barnstable County",1,58,4040,1915,2125
050,25,001,"Massachusetts","Barnstable County",1,59,4087,1951,2136
050,25,001,"Massachusetts","Barnstable County",1,60,4237,1973,2264
050,25,001,"Massachusetts","Barnstable County",1,61,4311,2008,2303
050,25,001,"Massachusetts","Barnstable County",1,62,4376,2024,2352
050,25,001,"Massachusetts","Barnstable County",1,63,4425,2063,2362
050,25,001,"Massachusetts","Barnstable County",1,64,4399,2007,2392
050,25,001,"Massachusetts","Barnstable County",1,65,4394,2033,2361
050,25,001,"Massachusetts","Barnstable County",1,66,4438,2034,2404
050,25,001,"Massachusetts","Barnstable County",1,67,4448,2026,2422
050,25,001,"Massachusetts","Barnstable County",1,68,4404,2047,2357
050,25,001,"Massachusetts","Barnstable County",1,69,4188,1979,2209
050,25,001,"Massachusetts","Barnstable County",1,70,4059,1909,2150
050,25,001,"Massachusetts","Barnstable County",1,71,4053,1852,2201
050,25,001,"Massachusetts","Barnstable County",1,72,4297,1991,2306
050,25,001,"Massachusetts","Barnstable County",1,73,4310,2048,2262
050,25,001,"Massachusetts","Barnstable County",1,74,3059,1420,1639
050,25,001,"Massachusetts","Barnstable County",1,75,2974,1388,1586
050,25,001,"Massachusetts","Barnstable County",1,76,2932,1338,1594
050,25,001,"Massachusetts","Barnstable County",1,77,2935,1323,1612
050,25,001,"Massachusetts","Barnstable County",1,78,2448,1101,1347
050,25,001,"Massachusetts","Barnstable County",1,79,2229,986,1243
050,25,001,"Massachusetts","Barnstable County",1,80,1879,807,1072
050,25,001,"Massachusetts","Barnstable County",1,81,1751,767,984
050,25,001,"Massachusetts","Barnstable County",1,82,1614,698,916
050,25,001,"Massachusetts","Barnstable County",1,83,1498,662,836
050,25,001,"Massachusetts","Barnstable County",1,84,1376,584,792
050,25,001,"Massachusetts","Barnstable County",1,85,8330,3041,5289
050,25,001,"Massachusetts","Barnstable County",2,0,1547,801,746
050,25,001,"Massachusetts","Barnstable County",2,1,1588,808,780
050,25,001,"Massachusetts","Barnstable County",2,2,1656,852,804
050,25,001,"Massachusetts","Barnstable County",2,3,1664,851,813
050,25,001,"Massachusetts","Barnstable County",2,4,1706,862,844
050,25,001,"Massachusetts","Barnstable County",2,5,1702,887,815
050,25,001,"Massachusetts","Barnstable County",2,6,1709,902,807
050,25,001,"Massachusetts","Barnstable County",2,7,1720,873,847
050,25,001,"Massachusetts","Barnstable County",2,8,1776,912,864
050,25,001,"Massachusetts","Barnstable County",2,9,1828,940,888
050,25,001,"Massachusetts","Barnstable County",2,10,1914,979,935
050,25,001,"Massachusetts","Barnstable County",2,11,2019,1004,1015
050,25,001,"Massachusetts","Barnstable County",2,12,2124,1070,1054
050,25,001,"Massachusetts","Barnstable County",2,13,2113,1082,1031
050,25,001,"Massachusetts","Barnstable County",2,14,2140,1079,1061
050,25,001,"Massachusetts","Barnstable County",2,15,2176,1102,1074
050,25,001,"Massachusetts","Barnstable County",2,16,2240,1150,1090
050,25,001,"Massachusetts","Barnstable County",2,17,2269,1153,1116
050,25,001,"Massachusetts","Barnstable County",2,18,2041,1086,955
050,25,001,"Massachusetts","Barnstable County",2,19,1752,956,796
050,25,001,"Massachusetts","Barnstable County",2,20,1968,1068,900
050,25,001,"Massachusetts","Barnstable County",2,21,2107,1132,975
050,25,001,"Massachusetts","Barnstable County",2,22,2212,1154,1058
050,25,001,"Massachusetts","Barnstable County",2,23,2197,1144,1053
050,25,001,"Massachusetts","Barnstable County",2,24,2145,1113,1032
050,25,001,"Massachusetts","Barnstable County",2,25,2064,1070,994
050,25,001,"Massachusetts","Barnstable County",2,26,2096,1106,990
050,25,001,"Massachusetts","Barnstable County",2,27,2092,1093,999
050,25,001,"Massachusetts","Barnstable County",2,28,2100,1094,1006
050,25,001,"Massachusetts","Barnstable County",2,29,2098,1101,997
050,25,001,"Massachusetts","Barnstable County",2,30,2091,1069,1022
050,25,001,"Massachusetts","Barnstable County",2,31,2045,1025,1020
050,25,001,"Massachusetts","Barnstable County",2,32,2015,1011,1004
050,25,001,"Massachusetts","Barnstable County",2,33,1999,1004,995
050,25,001,"Massachusetts","Barnstable County",2,34,2016,1011,1005
050,25,001,"Massachusetts","Barnstable County",2,35,2040,1006,1034
050,25,001,"Massachusetts","Barnstable County",2,36,2014,991,1023
050,25,001,"Massachusetts","Barnstable County",2,37,2102,1079,1023
050,25,001,"Massachusetts","Barnstable County",2,38,2188,1119,1069
050,25,001,"Massachusetts","Barnstable County",2,39,2163,1098,1065
050,25,001,"Massachusetts","Barnstable County",2,40,2078,1027,1051
050,25,001,"Massachusetts","Barnstable County",2,41,2027,1009,1018
050,25,001,"Massachusetts","Barnstable County",2,42,2050,1011,1039
050,25,001,"Massachusetts","Barnstable County",2,43,1980,969,1011
050,25,001,"Massachusetts","Barnstable County",2,44,1859,902,957
050,25,001,"Massachusetts","Barnstable County",2,45,1918,924,994
050,25,001,"Massachusetts","Barnstable County",2,46,1956,935,1021
050,25,001,"Massachusetts","Barnstable County",2,47,2079,993,1086
050,25,001,"Massachusetts","Barnstable County",2,48,2331,1109,1222
050,25,001,"Massachusetts","Barnstable County",2,49,2707,1299,1408
050,25,001,"Massachusetts","Barnstable County",2,50,2778,1306,1472
050,25,001,"Massachusetts","Barnstable County",2,51,2751,1284,1467
050,25,001,"Massachusetts","Barnstable County",2,52,2828,1329,1499
050,25,001,"Massachusetts","Barnstable County",2,53,3009,1394,1615
050,25,001,"Massachusetts","Barnstable County",2,54,3195,1522,1673
050,25,001,"Massachusetts","Barnstable County",2,55,3479,1657,1822
050,25,001,"Massachusetts","Barnstable County",2,56,3700,1760,1940
050,25,001,"Massachusetts","Barnstable County",2,57,3898,1860,2038
050,25,001,"Massachusetts","Barnstable County",2,58,4033,1915,2118
050,25,001,"Massachusetts","Barnstable County",2,59,4122,1960,2162
050,25,001,"Massachusetts","Barnstable County",2,60,4227,1974,2253
050,25,001,"Massachusetts","Barnstable County",2,61,4310,2002,2308
050,25,001,"Massachusetts","Barnstable County",2,62,4387,2029,2358
050,25,001,"Massachusetts","Barnstable County",2,63,4484,2086,2398
050,25,001,"Massachusetts","Barnstable County",2,64,4407,2017,2390
050,25,001,"Massachusetts","Barnstable County",2,65,4424,2046,2378
050,25,001,"Massachusetts","Barnstable County",2,66,4453,2050,2403
050,25,001,"Massachusetts","Barnstable County",2,67,4436,2024,2412
050,25,001,"Massachusetts","Barnstable County",2,68,4390,2035,2355
050,25,001,"Massachusetts","Barnstable County",2,69,4293,2024,2269
050,25,001,"Massachusetts","Barnstable County",2,70,4078,1919,2159
050,25,001,"Massachusetts","Barnstable County",2,71,4059,1867,2192
050,25,001,"Massachusetts","Barnstable County",2,72,4160,1921,2239
050,25,001,"Massachusetts","Barnstable County",2,73,4502,2127,2375
050,25,001,"Massachusetts","Barnstable County",2,74,3137,1467,1670
050,25,001,"Massachusetts","Barnstable County",2,75,2983,1390,1593
050,25,001,"Massachusetts","Barnstable County",2,76,2897,1326,1571
050,25,001,"Massachusetts","Barnstable County",2,77,2985,1346,1639
050,25,001,"Massachusetts","Barnstable County",2,78,2492,1118,1374
050,25,001,"Massachusetts","Barnstable County",2,79,2244,995,1249
050,25,001,"Massachusetts","Barnstable County",2,80,1942,839,1103
050,25,001,"Massachusetts","Barnstable County",2,81,1752,763,989
050,25,001,"Massachusetts","Barnstable County",2,82,1631,704,927
050,25,001,"Massachusetts","Barnstable County",2,83,1491,656,835
050,25,001,"Massachusetts","Barnstable County",2,84,1381,587,794
050,25,001,"Massachusetts","Barnstable County",2,85,8253,3003,5250
050,25,001,"Massachusetts","Barnstable County",3,0,1431,705,726
050,25,001,"Massachusetts","Barnstable County",3,1,1534,775,759
050,25,001,"Massachusetts","Barnstable County",3,2,1637,838,799
050,25,001,"Massachusetts","Barnstable County",3,3,1685,861,824
050,25,001,"Massachusetts","Barnstable County",3,4,1691,882,809
050,25,001,"Massachusetts","Barnstable County",3,5,1727,866,861
050,25,001,"Massachusetts","Barnstable County",3,6,1715,898,817
050,25,001,"Massachusetts","Barnstable County",3,7,1717,899,818
050,25,001,"Massachusetts","Barnstable County",3,8,1747,884,863
050,25,001,"Massachusetts","Barnstable County",3,9,1777,916,861
050,25,001,"Massachusetts","Barnstable County",3,10,1861,947,914
050,25,001,"Massachusetts","Barnstable County",3,11,1940,996,944
050,25,001,"Massachusetts","Barnstable County",3,12,2039,1015,1024
050,25,001,"Massachusetts","Barnstable County",3,13,2144,1083,1061
050,25,001,"Massachusetts","Barnstable County",3,14,2114,1074,1040
050,25,001,"Massachusetts","Barnstable County",3,15,2164,1093,1071
050,25,001,"Massachusetts","Barnstable County",3,16,2187,1100,1087
050,25,001,"Massachusetts","Barnstable County",3,17,2291,1175,1116
050,25,001,"Massachusetts","Barnstable County",3,18,2126,1158,968
050,25,001,"Massachusetts","Barnstable County",3,19,1955,1139,816
050,25,001,"Massachusetts","Barnstable County",3,20,2178,1234,944
050,25,001,"Massachusetts","Barnstable County",3,21,2239,1238,1001
050,25,001,"Massachusetts","Barnstable County",3,22,2334,1246,1088
050,25,001,"Massachusetts","Barnstable County",3,23,2315,1226,1089
050,25,001,"Massachusetts","Barnstable County",3,24,2239,1178,1061
050,25,001,"Massachusetts","Barnstable County",3,25,2176,1123,1053
050,25,001,"Massachusetts","Barnstable County",3,26,2158,1127,1031
050,25,001,"Massachusetts","Barnstable County",3,27,2186,1162,1024
050,25,001,"Massachusetts","Barnstable County",3,28,2102,1092,1010
050,25,001,"Massachusetts","Barnstable County",3,29,2169,1152,1017
050,25,001,"Massachusetts","Barnstable County",3,30,2200,1138,1062
050,25,001,"Massachusetts","Barnstable County",3,31,2201,1121,1080
050,25,001,"Massachusetts","Barnstable County",3,32,2109,1057,1052
050,25,001,"Massachusetts","Barnstable County",3,33,2076,1025,1051
050,25,001,"Massachusetts","Barnstable County",3,34,2086,1030,1056
050,25,001,"Massachusetts","Barnstable County",3,35,2102,1061,1041
050,25,001,"Massachusetts","Barnstable County",3,36,2089,1014,1075
050,25,001,"Massachusetts","Barnstable County",3,37,2079,1024,1055
050,25,001,"Massachusetts","Barnstable County",3,38,2214,1141,1073
050,25,001,"Massachusetts","Barnstable County",3,39,2232,1140,1092
050,25,001,"Massachusetts","Barnstable County",3,40,2212,1137,1075
050,25,001,"Massachusetts","Barnstable County",3,41,2142,1050,1092
050,25,001,"Massachusetts","Barnstable County",3,42,2057,1034,1023
050,25,001,"Massachusetts","Barnstable County",3,43,2096,1032,1064
050,25,001,"Massachusetts","Barnstable County",3,44,2051,1012,1039
050,25,001,"Massachusetts","Barnstable County",3,45,1898,917,981
050,25,001,"Massachusetts","Barnstable County",3,46,1960,933,1027
050,25,001,"Massachusetts","Barnstable County",3,47,1986,960,1026
050,25,001,"Massachusetts","Barnstable County",3,48,2160,1043,1117
050,25,001,"Massachusetts","Barnstable County",3,49,2377,1125,1252
050,25,001,"Massachusetts","Barnstable County",3,50,2733,1303,1430
050,25,001,"Massachusetts","Barnstable County",3,51,2837,1336,1501
050,25,001,"Massachusetts","Barnstable County",3,52,2842,1315,1527
050,25,001,"Massachusetts","Barnstable County",3,53,2913,1365,1548
050,25,001,"Massachusetts","Barnstable County",3,54,3103,1428,1675
050,25,001,"Massachusetts","Barnstable County",3,55,3297,1574,1723
050,25,001,"Massachusetts","Barnstable County",3,56,3662,1747,1915
050,25,001,"Massachusetts","Barnstable County",3,57,3850,1824,2026
050,25,001,"Massachusetts","Barnstable County",3,58,4114,1954,2160
050,25,001,"Massachusetts","Barnstable County",3,59,4282,2005,2277
050,25,001,"Massachusetts","Barnstable County",3,60,4357,2058,2299
050,25,001,"Massachusetts","Barnstable County",3,61,4425,2080,2345
050,25,001,"Massachusetts","Barnstable County",3,62,4578,2120,2458
050,25,001,"Massachusetts","Barnstable County",3,63,4577,2136,2441
050,25,001,"Massachusetts","Barnstable County",3,64,4719,2191,2528
050,25,001,"Massachusetts","Barnstable County",3,65,4554,2121,2433
050,25,001,"Massachusetts","Barnstable County",3,66,4531,2098,2433
050,25,001,"Massachusetts","Barnstable County",3,67,4543,2104,2439
050,25,001,"Massachusetts","Barnstable County",3,68,4413,2017,2396
050,25,001,"Massachusetts","Barnstable County",3,69,4455,2056,2399
050,25,001,"Massachusetts","Barnstable County",3,70,4338,2047,2291
050,25,001,"Massachusetts","Barnstable County",3,71,4064,1903,2161
050,25,001,"Massachusetts","Barnstable County",3,72,4044,1860,2184
050,25,001,"Massachusetts","Barnstable County",3,73,4085,1890,2195
050,25,001,"Massachusetts","Barnstable County",3,74,4422,2093,2329
050,25,001,"Massachusetts","Barnstable County",3,75,3044,1426,1618
050,25,001,"Massachusetts","Barnstable County",3,76,2918,1345,1573
050,25,001,"Massachusetts","Barnstable County",3,77,2819,1293,1526
050,25,001,"Massachusetts","Barnstable County",3,78,2892,1290,1602
050,25,001,"Massachusetts","Barnstable County",3,79,2376,1051,1325
050,25,001,"Massachusetts","Barnstable County",3,80,2125,943,1182
050,25,001,"Massachusetts","Barnstable County",3,81,1853,796,1057
050,25,001,"Massachusetts","Barnstable County",3,82,1627,710,917
050,25,001,"Massachusetts","Barnstable County",3,83,1561,686,875
050,25,001,"Massachusetts","Barnstable County",3,84,1376,582,794
050,25,001,"Massachusetts","Barnstable County",3,85,8081,2973,5108
050,25,001,"Massachusetts","Barnstable County",4,0,1562,802,760
050,25,001,"Massachusetts","Barnstable County",4,1,1439,714,725
050,25,001,"Massachusetts","Barnstable County",4,2,1540,784,756
050,25,001,"Massachusetts","Barnstable County",4,3,1621,815,806
050,25,001,"Massachusetts","Barnstable County",4,4,1647,839,808
050,25,001,"Massachusetts","Barnstable County",4,5,1681,876,805
050,25,001,"Massachusetts","Barnstable County",4,6,1710,847,863
050,25,001,"Massachusetts","Barnstable County",4,7,1719,888,831
050,25,001,"Massachusetts","Barnstable County",4,8,1699,888,811
050,25,001,"Massachusetts","Barnstable County",4,9,1703,867,836
050,25,001,"Massachusetts","Barnstable County",4,10,1764,921,843
050,25,001,"Massachusetts","Barnstable County",4,11,1841,938,903
050,25,001,"Massachusetts","Barnstable County",4,12,1931,996,935
050,25,001,"Massachusetts","Barnstable County",4,13,2024,999,1025
050,25,001,"Massachusetts","Barnstable County",4,14,2137,1079,1058
050,25,001,"Massachusetts","Barnstable County",4,15,2144,1102,1042
050,25,001,"Massachusetts","Barnstable County",4,16,2155,1103,1052
050,25,001,"Massachusetts","Barnstable County",4,17,2196,1117,1079
050,25,001,"Massachusetts","Barnstable County",4,18,2090,1142,948
050,25,001,"Massachusetts","Barnstable County",4,19,1871,1099,772
050,25,001,"Massachusetts","Barnstable County",4,20,2172,1230,942
050,25,001,"Massachusetts","Barnstable County",4,21,2238,1207,1031
050,25,001,"Massachusetts","Barnstable County",4,22,2334,1238,1096
050,25,001,"Massachusetts","Barnstable County",4,23,2247,1182,1065
050,25,001,"Massachusetts","Barnstable County",4,24,2184,1168,1016
050,25,001,"Massachusetts","Barnstable County",4,25,2111,1126,985
050,25,001,"Massachusetts","Barnstable County",4,26,2102,1078,1024
050,25,001,"Massachusetts","Barnstable County",4,27,2119,1116,1003
050,25,001,"Massachusetts","Barnstable County",4,28,2098,1115,983
050,25,001,"Massachusetts","Barnstable County",4,29,2058,1075,983
050,25,001,"Massachusetts","Barnstable County",4,30,2093,1097,996
050,25,001,"Massachusetts","Barnstable County",4,31,2132,1090,1042
050,25,001,"Massachusetts","Barnstable County",4,32,2181,1091,1090
050,25,001,"Massachusetts","Barnstable County",4,33,2103,1072,1031
050,25,001,"Massachusetts","Barnstable County",4,34,2063,1025,1038
050,25,001,"Massachusetts","Barnstable County",4,35,2107,1066,1041
050,25,001,"Massachusetts","Barnstable County",4,36,2118,1072,1046
050,25,001,"Massachusetts","Barnstable County",4,37,2090,1000,1090
050,25,001,"Massachusetts","Barnstable County",4,38,2083,1020,1063
050,25,001,"Massachusetts","Barnstable County",4,39,2219,1146,1073
050,25,001,"Massachusetts","Barnstable County",4,40,2242,1151,1091
050,25,001,"Massachusetts","Barnstable County",4,41,2223,1125,1098
050,25,001,"Massachusetts","Barnstable County",4,42,2144,1055,1089
050,25,001,"Massachusetts","Barnstable County",4,43,2043,1023,1020
050,25,001,"Massachusetts","Barnstable County",4,44,2127,1045,1082
050,25,001,"Massachusetts","Barnstable County",4,45,2053,1015,1038
050,25,001,"Massachusetts","Barnstable County",4,46,1909,919,990
050,25,001,"Massachusetts","Barnstable County",4,47,1978,950,1028
050,25,001,"Massachusetts","Barnstable County",4,48,2012,980,1032
050,25,001,"Massachusetts","Barnstable County",4,49,2168,1054,1114
050,25,001,"Massachusetts","Barnstable County",4,50,2389,1123,1266
050,25,001,"Massachusetts","Barnstable County",4,51,2735,1295,1440
050,25,001,"Massachusetts","Barnstable County",4,52,2890,1346,1544
050,25,001,"Massachusetts","Barnstable County",4,53,2872,1316,1556
050,25,001,"Massachusetts","Barnstable County",4,54,2970,1384,1586
050,25,001,"Massachusetts","Barnstable County",4,55,3189,1473,1716
050,25,001,"Massachusetts","Barnstable County",4,56,3365,1608,1757
050,25,001,"Massachusetts","Barnstable County",4,57,3730,1777,1953
050,25,001,"Massachusetts","Barnstable County",4,58,3980,1880,2100
050,25,001,"Massachusetts","Barnstable County",4,59,4218,1994,2224
050,25,001,"Massachusetts","Barnstable County",4,60,4436,2086,2350
050,25,001,"Massachusetts","Barnstable County",4,61,4530,2142,2388
050,25,001,"Massachusetts","Barnstable County",4,62,4563,2143,2420
050,25,001,"Massachusetts","Barnstable County",4,63,4693,2165,2528
050,25,001,"Massachusetts","Barnstable County",4,64,4702,2193,2509
050,25,001,"Massachusetts","Barnstable County",4,65,4784,2235,2549
050,25,001,"Massachusetts","Barnstable County",4,66,4615,2153,2462
050,25,001,"Massachusetts","Barnstable County",4,67,4605,2121,2484
050,25,001,"Massachusetts","Barnstable County",4,68,4565,2111,2454
050,25,001,"Massachusetts","Barnstable County",4,69,4471,2041,2430
050,25,001,"Massachusetts","Barnstable County",4,70,4459,2063,2396
050,25,001,"Massachusetts","Barnstable County",4,71,4319,2024,2295
050,25,001,"Massachusetts","Barnstable County",4,72,4037,1874,2163
050,25,001,"Massachusetts","Barnstable County",4,73,3963,1817,2146
050,25,001,"Massachusetts","Barnstable County",4,74,4048,1882,2166
050,25,001,"Massachusetts","Barnstable County",4,75,4326,2066,2260
050,25,001,"Massachusetts","Barnstable County",4,76,2994,1395,1599
050,25,001,"Massachusetts","Barnstable County",4,77,2831,1300,1531
050,25,001,"Massachusetts","Barnstable County",4,78,2727,1235,1492
050,25,001,"Massachusetts","Barnstable County",4,79,2801,1238,1563
050,25,001,"Massachusetts","Barnstable County",4,80,2252,997,1255
050,25,001,"Massachusetts","Barnstable County",4,81,2010,894,1116
050,25,001,"Massachusetts","Barnstable County",4,82,1735,750,985
050,25,001,"Massachusetts","Barnstable County",4,83,1538,663,875
050,25,001,"Massachusetts","Barnstable County",4,84,1434,615,819
050,25,001,"Massachusetts","Barnstable County",4,85,8077,2971,5106
050,25,001,"Massachusetts","Barnstable County",5,0,1550,795,755
050,25,001,"Massachusetts","Barnstable County",5,1,1527,794,733
050,25,001,"Massachusetts","Barnstable County",5,2,1459,734,725
050,25,001,"Massachusetts","Barnstable County",5,3,1520,766,754
050,25,001,"Massachusetts","Barnstable County",5,4,1622,821,801
050,25,001,"Massachusetts","Barnstable County",5,5,1636,827,809
050,25,001,"Massachusetts","Barnstable County",5,6,1670,885,785
050,25,001,"Massachusetts","Barnstable County",5,7,1716,842,874
050,25,001,"Massachusetts","Barnstable County",5,8,1707,871,836
050,25,001,"Massachusetts","Barnstable County",5,9,1676,870,806
050,25,001,"Massachusetts","Barnstable County",5,10,1685,869,816
050,25,001,"Massachusetts","Barnstable County",5,11,1781,927,854
050,25,001,"Massachusetts","Barnstable County",5,12,1818,924,894
050,25,001,"Massachusetts","Barnstable County",5,13,1926,984,942
050,25,001,"Massachusetts","Barnstable County",5,14,2007,990,1017
050,25,001,"Massachusetts","Barnstable County",5,15,2155,1101,1054
050,25,001,"Massachusetts","Barnstable County",5,16,2169,1112,1057
050,25,001,"Massachusetts","Barnstable County",5,17,2170,1108,1062
050,25,001,"Massachusetts","Barnstable County",5,18,1982,1081,901
050,25,001,"Massachusetts","Barnstable County",5,19,1894,1119,775
050,25,001,"Massachusetts","Barnstable County",5,20,2121,1197,924
050,25,001,"Massachusetts","Barnstable County",5,21,2250,1201,1049
050,25,001,"Massachusetts","Barnstable County",5,22,2351,1239,1112
050,25,001,"Massachusetts","Barnstable County",5,23,2318,1187,1131
050,25,001,"Massachusetts","Barnstable County",5,24,2162,1141,1021
050,25,001,"Massachusetts","Barnstable County",5,25,2096,1105,991
050,25,001,"Massachusetts","Barnstable County",5,26,2024,1087,937
050,25,001,"Massachusetts","Barnstable County",5,27,2010,1033,977
050,25,001,"Massachusetts","Barnstable County",5,28,2075,1071,1004
050,25,001,"Massachusetts","Barnstable County",5,29,2118,1142,976
050,25,001,"Massachusetts","Barnstable County",5,30,2018,1054,964
050,25,001,"Massachusetts","Barnstable County",5,31,2064,1078,986
050,25,001,"Massachusetts","Barnstable County",5,32,2106,1072,1034
050,25,001,"Massachusetts","Barnstable County",5,33,2181,1086,1095
050,25,001,"Massachusetts","Barnstable County",5,34,2095,1090,1005
050,25,001,"Massachusetts","Barnstable County",5,35,2095,1061,1034
050,25,001,"Massachusetts","Barnstable County",5,36,2140,1093,1047
050,25,001,"Massachusetts","Barnstable County",5,37,2129,1065,1064
050,25,001,"Massachusetts","Barnstable County",5,38,2100,1008,1092
050,25,001,"Massachusetts","Barnstable County",5,39,2099,1034,1065
050,25,001,"Massachusetts","Barnstable County",5,40,2224,1135,1089
050,25,001,"Massachusetts","Barnstable County",5,41,2275,1185,1090
050,25,001,"Massachusetts","Barnstable County",5,42,2231,1150,1081
050,25,001,"Massachusetts","Barnstable County",5,43,2156,1056,1100
050,25,001,"Massachusetts","Barnstable County",5,44,2048,1029,1019
050,25,001,"Massachusetts","Barnstable County",5,45,2113,1040,1073
050,25,001,"Massachusetts","Barnstable County",5,46,2075,1024,1051
050,25,001,"Massachusetts","Barnstable County",5,47,1901,924,977
050,25,001,"Massachusetts","Barnstable County",5,48,1984,950,1034
050,25,001,"Massachusetts","Barnstable County",5,49,2009,978,1031
050,25,001,"Massachusetts","Barnstable County",5,50,2190,1071,1119
050,25,001,"Massachusetts","Barnstable County",5,51,2399,1149,1250
050,25,001,"Massachusetts","Barnstable County",5,52,2781,1318,1463
050,25,001,"Massachusetts","Barnstable County",5,53,2935,1356,1579
050,25,001,"Massachusetts","Barnstable County",5,54,2950,1357,1593
050,25,001,"Massachusetts","Barnstable County",5,55,3028,1409,1619
050,25,001,"Massachusetts","Barnstable County",5,56,3250,1507,1743
050,25,001,"Massachusetts","Barnstable County",5,57,3420,1628,1792
050,25,001,"Massachusetts","Barnstable County",5,58,3824,1815,2009
050,25,001,"Massachusetts","Barnstable County",5,59,4031,1889,2142
050,25,001,"Massachusetts","Barnstable County",5,60,4336,2042,2294
050,25,001,"Massachusetts","Barnstable County",5,61,4546,2150,2396
050,25,001,"Massachusetts","Barnstable County",5,62,4651,2201,2450
050,25,001,"Massachusetts","Barnstable County",5,63,4667,2167,2500
050,25,001,"Massachusetts","Barnstable County",5,64,4781,2200,2581
050,25,001,"Massachusetts","Barnstable County",5,65,4777,2246,2531
050,25,001,"Massachusetts","Barnstable County",5,66,4792,2237,2555
050,25,001,"Massachusetts","Barnstable County",5,67,4632,2159,2473
050,25,001,"Massachusetts","Barnstable County",5,68,4615,2115,2500
050,25,001,"Massachusetts","Barnstable County",5,69,4552,2092,2460
050,25,001,"Massachusetts","Barnstable County",5,70,4457,2049,2408
050,25,001,"Massachusetts","Barnstable County",5,71,4408,2038,2370
050,25,001,"Massachusetts","Barnstable County",5,72,4288,1985,2303
050,25,001,"Massachusetts","Barnstable County",5,73,3977,1845,2132
050,25,001,"Massachusetts","Barnstable County",5,74,3918,1798,2120
050,25,001,"Massachusetts","Barnstable County",5,75,3956,1842,2114
050,25,001,"Massachusetts","Barnstable County",5,76,4201,1992,2209
050,25,001,"Massachusetts","Barnstable County",5,77,2906,1344,1562
050,25,001,"Massachusetts","Barnstable County",5,78,2751,1249,1502
050,25,001,"Massachusetts","Barnstable County",5,79,2667,1191,1476
050,25,001,"Massachusetts","Barnstable County",5,80,2644,1165,1479
050,25,001,"Massachusetts","Barnstable County",5,81,2152,959,1193
050,25,001,"Massachusetts","Barnstable County",5,82,1876,836,1040
050,25,001,"Massachusetts","Barnstable County",5,83,1637,705,932
050,25,001,"Massachusetts","Barnstable County",5,84,1399,585,814
050,25,001,"Massachusetts","Barnstable County",5,85,8103,3001,5102
050,25,003,"Massachusetts","Berkshire County",1,0,1002,514,488
050,25,003,"Massachusetts","Berkshire County",1,1,1059,541,518
050,25,003,"Massachusetts","Berkshire County",1,2,1059,543,516
050,25,003,"Massachusetts","Berkshire County",1,3,1047,544,503
050,25,003,"Massachusetts","Berkshire County",1,4,1100,547,553
050,25,003,"Massachusetts","Berkshire County",1,5,1120,546,574
050,25,003,"Massachusetts","Berkshire County",1,6,1112,555,557
050,25,003,"Massachusetts","Berkshire County",1,7,1104,558,546
050,25,003,"Massachusetts","Berkshire County",1,8,1204,612,592
050,25,003,"Massachusetts","Berkshire County",1,9,1175,601,574
050,25,003,"Massachusetts","Berkshire County",1,10,1148,605,543
050,25,003,"Massachusetts","Berkshire County",1,11,1224,625,599
050,25,003,"Massachusetts","Berkshire County",1,12,1283,637,646
050,25,003,"Massachusetts","Berkshire County",1,13,1376,677,699
050,25,003,"Massachusetts","Berkshire County",1,14,1345,666,679
050,25,003,"Massachusetts","Berkshire County",1,15,1342,661,681
050,25,003,"Massachusetts","Berkshire County",1,16,1454,745,709
050,25,003,"Massachusetts","Berkshire County",1,17,1532,760,772
050,25,003,"Massachusetts","Berkshire County",1,18,1654,810,844
050,25,003,"Massachusetts","Berkshire County",1,19,1793,903,890
050,25,003,"Massachusetts","Berkshire County",1,20,1780,870,910
050,25,003,"Massachusetts","Berkshire County",1,21,1820,900,920
050,25,003,"Massachusetts","Berkshire County",1,22,1624,796,828
050,25,003,"Massachusetts","Berkshire County",1,23,1418,727,691
050,25,003,"Massachusetts","Berkshire County",1,24,1424,724,700
050,25,003,"Massachusetts","Berkshire County",1,25,1412,710,702
050,25,003,"Massachusetts","Berkshire County",1,26,1427,741,686
050,25,003,"Massachusetts","Berkshire County",1,27,1432,739,693
050,25,003,"Massachusetts","Berkshire County",1,28,1359,698,661
050,25,003,"Massachusetts","Berkshire County",1,29,1357,693,664
050,25,003,"Massachusetts","Berkshire County",1,30,1339,683,656
050,25,003,"Massachusetts","Berkshire County",1,31,1305,649,656
050,25,003,"Massachusetts","Berkshire County",1,32,1417,739,678
050,25,003,"Massachusetts","Berkshire County",1,33,1448,733,715
050,25,003,"Massachusetts","Berkshire County",1,34,1420,702,718
050,25,003,"Massachusetts","Berkshire County",1,35,1407,722,685
050,25,003,"Massachusetts","Berkshire County",1,36,1414,710,704
050,25,003,"Massachusetts","Berkshire County",1,37,1462,758,704
050,25,003,"Massachusetts","Berkshire County",1,38,1494,740,754
050,25,003,"Massachusetts","Berkshire County",1,39,1493,730,763
050,25,003,"Massachusetts","Berkshire County",1,40,1438,722,716
050,25,003,"Massachusetts","Berkshire County",1,41,1369,697,672
050,25,003,"Massachusetts","Berkshire County",1,42,1344,690,654
050,25,003,"Massachusetts","Berkshire County",1,43,1329,678,651
050,25,003,"Massachusetts","Berkshire County",1,44,1293,645,648
050,25,003,"Massachusetts","Berkshire County",1,45,1283,643,640
050,25,003,"Massachusetts","Berkshire County",1,46,1305,652,653
050,25,003,"Massachusetts","Berkshire County",1,47,1394,688,706
050,25,003,"Massachusetts","Berkshire County",1,48,1517,730,787
050,25,003,"Massachusetts","Berkshire County",1,49,1674,797,877
050,25,003,"Massachusetts","Berkshire County",1,50,1661,816,845
050,25,003,"Massachusetts","Berkshire County",1,51,1674,844,830
050,25,003,"Massachusetts","Berkshire County",1,52,1725,875,850
050,25,003,"Massachusetts","Berkshire County",1,53,1747,840,907
050,25,003,"Massachusetts","Berkshire County",1,54,1874,921,953
050,25,003,"Massachusetts","Berkshire County",1,55,2020,1016,1004
050,25,003,"Massachusetts","Berkshire County",1,56,2053,996,1057
050,25,003,"Massachusetts","Berkshire County",1,57,2094,1012,1082
050,25,003,"Massachusetts","Berkshire County",1,58,2170,1068,1102
050,25,003,"Massachusetts","Berkshire County",1,59,2210,1094,1116
050,25,003,"Massachusetts","Berkshire County",1,60,2142,1044,1098
050,25,003,"Massachusetts","Berkshire County",1,61,2182,1050,1132
050,25,003,"Massachusetts","Berkshire County",1,62,2177,1047,1130
050,25,003,"Massachusetts","Berkshire County",1,63,2161,1022,1139
050,25,003,"Massachusetts","Berkshire County",1,64,2077,984,1093
050,25,003,"Massachusetts","Berkshire County",1,65,2024,972,1052
050,25,003,"Massachusetts","Berkshire County",1,66,1957,913,1044
050,25,003,"Massachusetts","Berkshire County",1,67,1941,920,1021
050,25,003,"Massachusetts","Berkshire County",1,68,1935,945,990
050,25,003,"Massachusetts","Berkshire County",1,69,1802,855,947
050,25,003,"Massachusetts","Berkshire County",1,70,1775,858,917
050,25,003,"Massachusetts","Berkshire County",1,71,1769,862,907
050,25,003,"Massachusetts","Berkshire County",1,72,1777,878,899
050,25,003,"Massachusetts","Berkshire County",1,73,1801,859,942
050,25,003,"Massachusetts","Berkshire County",1,74,1217,574,643
050,25,003,"Massachusetts","Berkshire County",1,75,1165,530,635
050,25,003,"Massachusetts","Berkshire County",1,76,1198,556,642
050,25,003,"Massachusetts","Berkshire County",1,77,1192,548,644
050,25,003,"Massachusetts","Berkshire County",1,78,1038,468,570
050,25,003,"Massachusetts","Berkshire County",1,79,844,362,482
050,25,003,"Massachusetts","Berkshire County",1,80,767,345,422
050,25,003,"Massachusetts","Berkshire County",1,81,739,325,414
050,25,003,"Massachusetts","Berkshire County",1,82,679,301,378
050,25,003,"Massachusetts","Berkshire County",1,83,616,271,345
050,25,003,"Massachusetts","Berkshire County",1,84,617,268,349
050,25,003,"Massachusetts","Berkshire County",1,85,3888,1364,2524
050,25,003,"Massachusetts","Berkshire County",2,0,1015,525,490
050,25,003,"Massachusetts","Berkshire County",2,1,1044,534,510
050,25,003,"Massachusetts","Berkshire County",2,2,1057,541,516
050,25,003,"Massachusetts","Berkshire County",2,3,1042,538,504
050,25,003,"Massachusetts","Berkshire County",2,4,1088,545,543
050,25,003,"Massachusetts","Berkshire County",2,5,1110,542,568
050,25,003,"Massachusetts","Berkshire County",2,6,1111,551,560
050,25,003,"Massachusetts","Berkshire County",2,7,1104,556,548
050,25,003,"Massachusetts","Berkshire County",2,8,1174,595,579
050,25,003,"Massachusetts","Berkshire County",2,9,1177,603,574
050,25,003,"Massachusetts","Berkshire County",2,10,1152,603,549
050,25,003,"Massachusetts","Berkshire County",2,11,1198,616,582
050,25,003,"Massachusetts","Berkshire County",2,12,1274,637,637
050,25,003,"Massachusetts","Berkshire County",2,13,1347,665,682
050,25,003,"Massachusetts","Berkshire County",2,14,1351,670,681
050,25,003,"Massachusetts","Berkshire County",2,15,1345,663,682
050,25,003,"Massachusetts","Berkshire County",2,16,1437,730,707
050,25,003,"Massachusetts","Berkshire County",2,17,1522,758,764
050,25,003,"Massachusetts","Berkshire County",2,18,1631,798,833
050,25,003,"Massachusetts","Berkshire County",2,19,1742,880,862
050,25,003,"Massachusetts","Berkshire County",2,20,1749,856,893
050,25,003,"Massachusetts","Berkshire County",2,21,1771,878,893
050,25,003,"Massachusetts","Berkshire County",2,22,1583,778,805
050,25,003,"Massachusetts","Berkshire County",2,23,1415,720,695
050,25,003,"Massachusetts","Berkshire County",2,24,1406,713,693
050,25,003,"Massachusetts","Berkshire County",2,25,1401,707,694
050,25,003,"Massachusetts","Berkshire County",2,26,1418,730,688
050,25,003,"Massachusetts","Berkshire County",2,27,1422,734,688
050,25,003,"Massachusetts","Berkshire County",2,28,1370,704,666
050,25,003,"Massachusetts","Berkshire County",2,29,1355,689,666
050,25,003,"Massachusetts","Berkshire County",2,30,1348,687,661
050,25,003,"Massachusetts","Berkshire County",2,31,1318,664,654
050,25,003,"Massachusetts","Berkshire County",2,32,1395,718,677
050,25,003,"Massachusetts","Berkshire County",2,33,1435,733,702
050,25,003,"Massachusetts","Berkshire County",2,34,1424,711,713
050,25,003,"Massachusetts","Berkshire County",2,35,1419,721,698
050,25,003,"Massachusetts","Berkshire County",2,36,1403,707,696
050,25,003,"Massachusetts","Berkshire County",2,37,1448,745,703
050,25,003,"Massachusetts","Berkshire County",2,38,1494,747,747
050,25,003,"Massachusetts","Berkshire County",2,39,1487,728,759
050,25,003,"Massachusetts","Berkshire County",2,40,1463,728,735
050,25,003,"Massachusetts","Berkshire County",2,41,1382,700,682
050,25,003,"Massachusetts","Berkshire County",2,42,1346,691,655
050,25,003,"Massachusetts","Berkshire County",2,43,1339,682,657
050,25,003,"Massachusetts","Berkshire County",2,44,1288,643,645
050,25,003,"Massachusetts","Berkshire County",2,45,1290,646,644
050,25,003,"Massachusetts","Berkshire County",2,46,1289,644,645
050,25,003,"Massachusetts","Berkshire County",2,47,1367,677,690
050,25,003,"Massachusetts","Berkshire County",2,48,1485,719,766
050,25,003,"Massachusetts","Berkshire County",2,49,1645,786,859
050,25,003,"Massachusetts","Berkshire County",2,50,1666,811,855
050,25,003,"Massachusetts","Berkshire County",2,51,1667,835,832
050,25,003,"Massachusetts","Berkshire County",2,52,1697,859,838
050,25,003,"Massachusetts","Berkshire County",2,53,1741,846,895
050,25,003,"Massachusetts","Berkshire County",2,54,1836,894,942
050,25,003,"Massachusetts","Berkshire County",2,55,1982,994,988
050,25,003,"Massachusetts","Berkshire County",2,56,2049,1001,1048
050,25,003,"Massachusetts","Berkshire County",2,57,2088,1011,1077
050,25,003,"Massachusetts","Berkshire County",2,58,2153,1057,1096
050,25,003,"Massachusetts","Berkshire County",2,59,2210,1092,1118
050,25,003,"Massachusetts","Berkshire County",2,60,2152,1048,1104
050,25,003,"Massachusetts","Berkshire County",2,61,2169,1048,1121
050,25,003,"Massachusetts","Berkshire County",2,62,2172,1047,1125
050,25,003,"Massachusetts","Berkshire County",2,63,2179,1031,1148
050,25,003,"Massachusetts","Berkshire County",2,64,2079,987,1092
050,25,003,"Massachusetts","Berkshire County",2,65,2034,975,1059
050,25,003,"Massachusetts","Berkshire County",2,66,1967,924,1043
050,25,003,"Massachusetts","Berkshire County",2,67,1932,912,1020
050,25,003,"Massachusetts","Berkshire County",2,68,1910,928,982
050,25,003,"Massachusetts","Berkshire County",2,69,1840,878,962
050,25,003,"Massachusetts","Berkshire County",2,70,1768,852,916
050,25,003,"Massachusetts","Berkshire County",2,71,1771,864,907
050,25,003,"Massachusetts","Berkshire County",2,72,1734,852,882
050,25,003,"Massachusetts","Berkshire County",2,73,1874,900,974
050,25,003,"Massachusetts","Berkshire County",2,74,1269,596,673
050,25,003,"Massachusetts","Berkshire County",2,75,1176,538,638
050,25,003,"Massachusetts","Berkshire County",2,76,1175,543,632
050,25,003,"Massachusetts","Berkshire County",2,77,1217,560,657
050,25,003,"Massachusetts","Berkshire County",2,78,1052,479,573
050,25,003,"Massachusetts","Berkshire County",2,79,886,384,502
050,25,003,"Massachusetts","Berkshire County",2,80,770,339,431
050,25,003,"Massachusetts","Berkshire County",2,81,734,321,413
050,25,003,"Massachusetts","Berkshire County",2,82,686,304,382
050,25,003,"Massachusetts","Berkshire County",2,83,615,269,346
050,25,003,"Massachusetts","Berkshire County",2,84,603,263,340
050,25,003,"Massachusetts","Berkshire County",2,85,3890,1375,2515
050,25,003,"Massachusetts","Berkshire County",3,0,962,459,503
050,25,003,"Massachusetts","Berkshire County",3,1,1018,514,504
050,25,003,"Massachusetts","Berkshire County",3,2,1036,530,506
050,25,003,"Massachusetts","Berkshire County",3,3,1075,551,524
050,25,003,"Massachusetts","Berkshire County",3,4,1047,544,503
050,25,003,"Massachusetts","Berkshire County",3,5,1083,542,541
050,25,003,"Massachusetts","Berkshire County",3,6,1105,542,563
050,25,003,"Massachusetts","Berkshire County",3,7,1104,555,549
050,25,003,"Massachusetts","Berkshire County",3,8,1094,554,540
050,25,003,"Massachusetts","Berkshire County",3,9,1158,582,576
050,25,003,"Massachusetts","Berkshire County",3,10,1159,592,567
050,25,003,"Massachusetts","Berkshire County",3,11,1167,605,562
050,25,003,"Massachusetts","Berkshire County",3,12,1178,602,576
050,25,003,"Massachusetts","Berkshire County",3,13,1275,640,635
050,25,003,"Massachusetts","Berkshire County",3,14,1350,678,672
050,25,003,"Massachusetts","Berkshire County",3,15,1355,672,683
050,25,003,"Massachusetts","Berkshire County",3,16,1390,681,709
050,25,003,"Massachusetts","Berkshire County",3,17,1488,728,760
050,25,003,"Massachusetts","Berkshire County",3,18,1664,798,866
050,25,003,"Massachusetts","Berkshire County",3,19,1737,887,850
050,25,003,"Massachusetts","Berkshire County",3,20,1715,848,867
050,25,003,"Massachusetts","Berkshire County",3,21,1708,846,862
050,25,003,"Massachusetts","Berkshire County",3,22,1535,757,778
050,25,003,"Massachusetts","Berkshire County",3,23,1420,714,706
050,25,003,"Massachusetts","Berkshire County",3,24,1373,680,693
050,25,003,"Massachusetts","Berkshire County",3,25,1383,695,688
050,25,003,"Massachusetts","Berkshire County",3,26,1385,698,687
050,25,003,"Massachusetts","Berkshire County",3,27,1419,724,695
050,25,003,"Massachusetts","Berkshire County",3,28,1427,723,704
050,25,003,"Massachusetts","Berkshire County",3,29,1373,696,677
050,25,003,"Massachusetts","Berkshire County",3,30,1362,691,671
050,25,003,"Massachusetts","Berkshire County",3,31,1374,699,675
050,25,003,"Massachusetts","Berkshire County",3,32,1355,675,680
050,25,003,"Massachusetts","Berkshire County",3,33,1432,723,709
050,25,003,"Massachusetts","Berkshire County",3,34,1468,743,725
050,25,003,"Massachusetts","Berkshire County",3,35,1462,737,725
050,25,003,"Massachusetts","Berkshire County",3,36,1451,737,714
050,25,003,"Massachusetts","Berkshire County",3,37,1423,721,702
050,25,003,"Massachusetts","Berkshire County",3,38,1473,755,718
050,25,003,"Massachusetts","Berkshire County",3,39,1493,739,754
050,25,003,"Massachusetts","Berkshire County",3,40,1515,750,765
050,25,003,"Massachusetts","Berkshire County",3,41,1491,746,745
050,25,003,"Massachusetts","Berkshire County",3,42,1404,719,685
050,25,003,"Massachusetts","Berkshire County",3,43,1367,698,669
050,25,003,"Massachusetts","Berkshire County",3,44,1336,679,657
050,25,003,"Massachusetts","Berkshire County",3,45,1318,664,654
050,25,003,"Massachusetts","Berkshire County",3,46,1290,647,643
050,25,003,"Massachusetts","Berkshire County",3,47,1323,662,661
050,25,003,"Massachusetts","Berkshire County",3,48,1393,687,706
050,25,003,"Massachusetts","Berkshire County",3,49,1503,734,769
050,25,003,"Massachusetts","Berkshire County",3,50,1628,790,838
050,25,003,"Massachusetts","Berkshire County",3,51,1673,819,854
050,25,003,"Massachusetts","Berkshire County",3,52,1673,842,831
050,25,003,"Massachusetts","Berkshire County",3,53,1706,872,834
050,25,003,"Massachusetts","Berkshire County",3,54,1773,852,921
050,25,003,"Massachusetts","Berkshire County",3,55,1839,897,942
050,25,003,"Massachusetts","Berkshire County",3,56,1977,982,995
050,25,003,"Massachusetts","Berkshire County",3,57,2070,998,1072
050,25,003,"Massachusetts","Berkshire County",3,58,2103,1013,1090
050,25,003,"Massachusetts","Berkshire County",3,59,2130,1051,1079
050,25,003,"Massachusetts","Berkshire County",3,60,2199,1085,1114
050,25,003,"Massachusetts","Berkshire County",3,61,2158,1057,1101
050,25,003,"Massachusetts","Berkshire County",3,62,2171,1042,1129
050,25,003,"Massachusetts","Berkshire County",3,63,2157,1016,1141
050,25,003,"Massachusetts","Berkshire County",3,64,2171,1024,1147
050,25,003,"Massachusetts","Berkshire County",3,65,2066,984,1082
050,25,003,"Massachusetts","Berkshire County",3,66,2010,959,1051
050,25,003,"Massachusetts","Berkshire County",3,67,1955,917,1038
050,25,003,"Massachusetts","Berkshire County",3,68,1884,890,994
050,25,003,"Massachusetts","Berkshire County",3,69,1882,901,981
050,25,003,"Massachusetts","Berkshire County",3,70,1816,860,956
050,25,003,"Massachusetts","Berkshire County",3,71,1727,828,899
050,25,003,"Massachusetts","Berkshire County",3,72,1739,837,902
050,25,003,"Massachusetts","Berkshire County",3,73,1698,838,860
050,25,003,"Massachusetts","Berkshire County",3,74,1836,890,946
050,25,003,"Massachusetts","Berkshire County",3,75,1233,573,660
050,25,003,"Massachusetts","Berkshire County",3,76,1151,524,627
050,25,003,"Massachusetts","Berkshire County",3,77,1120,508,612
050,25,003,"Massachusetts","Berkshire County",3,78,1165,540,625
050,25,003,"Massachusetts","Berkshire County",3,79,1020,453,567
050,25,003,"Massachusetts","Berkshire County",3,80,845,369,476
050,25,003,"Massachusetts","Berkshire County",3,81,745,330,415
050,25,003,"Massachusetts","Berkshire County",3,82,693,297,396
050,25,003,"Massachusetts","Berkshire County",3,83,636,277,359
050,25,003,"Massachusetts","Berkshire County",3,84,583,255,328
050,25,003,"Massachusetts","Berkshire County",3,85,3728,1337,2391
050,25,003,"Massachusetts","Berkshire County",4,0,917,461,456
050,25,003,"Massachusetts","Berkshire County",4,1,976,484,492
050,25,003,"Massachusetts","Berkshire County",4,2,992,502,490
050,25,003,"Massachusetts","Berkshire County",4,3,1039,536,503
050,25,003,"Massachusetts","Berkshire County",4,4,1073,551,522
050,25,003,"Massachusetts","Berkshire County",4,5,1043,527,516
050,25,003,"Massachusetts","Berkshire County",4,6,1082,536,546
050,25,003,"Massachusetts","Berkshire County",4,7,1094,544,550
050,25,003,"Massachusetts","Berkshire County",4,8,1105,551,554
050,25,003,"Massachusetts","Berkshire County",4,9,1084,542,542
050,25,003,"Massachusetts","Berkshire County",4,10,1146,574,572
050,25,003,"Massachusetts","Berkshire County",4,11,1151,589,562
050,25,003,"Massachusetts","Berkshire County",4,12,1199,630,569
050,25,003,"Massachusetts","Berkshire County",4,13,1181,607,574
050,25,003,"Massachusetts","Berkshire County",4,14,1286,653,633
050,25,003,"Massachusetts","Berkshire County",4,15,1347,683,664
050,25,003,"Massachusetts","Berkshire County",4,16,1408,699,709
050,25,003,"Massachusetts","Berkshire County",4,17,1464,694,770
050,25,003,"Massachusetts","Berkshire County",4,18,1620,783,837
050,25,003,"Massachusetts","Berkshire County",4,19,1726,864,862
050,25,003,"Massachusetts","Berkshire County",4,20,1686,841,845
050,25,003,"Massachusetts","Berkshire County",4,21,1686,847,839
050,25,003,"Massachusetts","Berkshire County",4,22,1534,750,784
050,25,003,"Massachusetts","Berkshire County",4,23,1325,676,649
050,25,003,"Massachusetts","Berkshire County",4,24,1345,659,686
050,25,003,"Massachusetts","Berkshire County",4,25,1328,656,672
050,25,003,"Massachusetts","Berkshire County",4,26,1303,663,640
050,25,003,"Massachusetts","Berkshire County",4,27,1336,681,655
050,25,003,"Massachusetts","Berkshire County",4,28,1390,713,677
050,25,003,"Massachusetts","Berkshire County",4,29,1386,700,686
050,25,003,"Massachusetts","Berkshire County",4,30,1385,711,674
050,25,003,"Massachusetts","Berkshire County",4,31,1379,702,677
050,25,003,"Massachusetts","Berkshire County",4,32,1405,718,687
050,25,003,"Massachusetts","Berkshire County",4,33,1379,686,693
050,25,003,"Massachusetts","Berkshire County",4,34,1435,709,726
050,25,003,"Massachusetts","Berkshire County",4,35,1484,760,724
050,25,003,"Massachusetts","Berkshire County",4,36,1487,758,729
050,25,003,"Massachusetts","Berkshire County",4,37,1461,755,706
050,25,003,"Massachusetts","Berkshire County",4,38,1436,737,699
050,25,003,"Massachusetts","Berkshire County",4,39,1477,768,709
050,25,003,"Massachusetts","Berkshire County",4,40,1480,735,745
050,25,003,"Massachusetts","Berkshire County",4,41,1532,745,787
050,25,003,"Massachusetts","Berkshire County",4,42,1490,728,762
050,25,003,"Massachusetts","Berkshire County",4,43,1427,735,692
050,25,003,"Massachusetts","Berkshire County",4,44,1365,684,681
050,25,003,"Massachusetts","Berkshire County",4,45,1333,677,656
050,25,003,"Massachusetts","Berkshire County",4,46,1299,652,647
050,25,003,"Massachusetts","Berkshire County",4,47,1306,652,654
050,25,003,"Massachusetts","Berkshire County",4,48,1333,668,665
050,25,003,"Massachusetts","Berkshire County",4,49,1398,687,711
050,25,003,"Massachusetts","Berkshire County",4,50,1478,736,742
050,25,003,"Massachusetts","Berkshire County",4,51,1651,793,858
050,25,003,"Massachusetts","Berkshire County",4,52,1661,808,853
050,25,003,"Massachusetts","Berkshire County",4,53,1651,839,812
050,25,003,"Massachusetts","Berkshire County",4,54,1708,859,849
050,25,003,"Massachusetts","Berkshire County",4,55,1763,854,909
050,25,003,"Massachusetts","Berkshire County",4,56,1807,864,943
050,25,003,"Massachusetts","Berkshire County",4,57,1978,974,1004
050,25,003,"Massachusetts","Berkshire County",4,58,2092,1011,1081
050,25,003,"Massachusetts","Berkshire County",4,59,2056,984,1072
050,25,003,"Massachusetts","Berkshire County",4,60,2113,1022,1091
050,25,003,"Massachusetts","Berkshire County",4,61,2223,1098,1125
050,25,003,"Massachusetts","Berkshire County",4,62,2169,1069,1100
050,25,003,"Massachusetts","Berkshire County",4,63,2154,1025,1129
050,25,003,"Massachusetts","Berkshire County",4,64,2142,1009,1133
050,25,003,"Massachusetts","Berkshire County",4,65,2141,1003,1138
050,25,003,"Massachusetts","Berkshire County",4,66,2021,963,1058
050,25,003,"Massachusetts","Berkshire County",4,67,2022,970,1052
050,25,003,"Massachusetts","Berkshire County",4,68,1920,895,1025
050,25,003,"Massachusetts","Berkshire County",4,69,1874,879,995
050,25,003,"Massachusetts","Berkshire County",4,70,1871,883,988
050,25,003,"Massachusetts","Berkshire County",4,71,1761,833,928
050,25,003,"Massachusetts","Berkshire County",4,72,1696,803,893
050,25,003,"Massachusetts","Berkshire County",4,73,1712,815,897
050,25,003,"Massachusetts","Berkshire County",4,74,1669,838,831
050,25,003,"Massachusetts","Berkshire County",4,75,1786,858,928
050,25,003,"Massachusetts","Berkshire County",4,76,1203,558,645
050,25,003,"Massachusetts","Berkshire County",4,77,1114,503,611
050,25,003,"Massachusetts","Berkshire County",4,78,1074,489,585
050,25,003,"Massachusetts","Berkshire County",4,79,1138,521,617
050,25,003,"Massachusetts","Berkshire County",4,80,968,429,539
050,25,003,"Massachusetts","Berkshire County",4,81,806,352,454
050,25,003,"Massachusetts","Berkshire County",4,82,704,306,398
050,25,003,"Massachusetts","Berkshire County",4,83,653,280,373
050,25,003,"Massachusetts","Berkshire County",4,84,603,259,344
050,25,003,"Massachusetts","Berkshire County",4,85,3622,1317,2305
050,25,003,"Massachusetts","Berkshire County",5,0,881,440,441
050,25,003,"Massachusetts","Berkshire County",5,1,933,449,484
050,25,003,"Massachusetts","Berkshire County",5,2,969,487,482
050,25,003,"Massachusetts","Berkshire County",5,3,993,508,485
050,25,003,"Massachusetts","Berkshire County",5,4,1043,539,504
050,25,003,"Massachusetts","Berkshire County",5,5,1055,534,521
050,25,003,"Massachusetts","Berkshire County",5,6,1036,533,503
050,25,003,"Massachusetts","Berkshire County",5,7,1091,538,553
050,25,003,"Massachusetts","Berkshire County",5,8,1094,553,541
050,25,003,"Massachusetts","Berkshire County",5,9,1097,554,543
050,25,003,"Massachusetts","Berkshire County",5,10,1072,526,546
050,25,003,"Massachusetts","Berkshire County",5,11,1145,574,571
050,25,003,"Massachusetts","Berkshire County",5,12,1156,596,560
050,25,003,"Massachusetts","Berkshire County",5,13,1185,625,560
050,25,003,"Massachusetts","Berkshire County",5,14,1198,630,568
050,25,003,"Massachusetts","Berkshire County",5,15,1295,665,630
050,25,003,"Massachusetts","Berkshire County",5,16,1386,700,686
050,25,003,"Massachusetts","Berkshire County",5,17,1468,708,760
050,25,003,"Massachusetts","Berkshire County",5,18,1592,740,852
050,25,003,"Massachusetts","Berkshire County",5,19,1723,872,851
050,25,003,"Massachusetts","Berkshire County",5,20,1701,839,862
050,25,003,"Massachusetts","Berkshire County",5,21,1679,847,832
050,25,003,"Massachusetts","Berkshire County",5,22,1482,741,741
050,25,003,"Massachusetts","Berkshire County",5,23,1300,651,649
050,25,003,"Massachusetts","Berkshire County",5,24,1284,637,647
050,25,003,"Massachusetts","Berkshire County",5,25,1283,637,646
050,25,003,"Massachusetts","Berkshire County",5,26,1259,632,627
050,25,003,"Massachusetts","Berkshire County",5,27,1256,648,608
050,25,003,"Massachusetts","Berkshire County",5,28,1333,685,648
050,25,003,"Massachusetts","Berkshire County",5,29,1377,704,673
050,25,003,"Massachusetts","Berkshire County",5,30,1375,700,675
050,25,003,"Massachusetts","Berkshire County",5,31,1399,717,682
050,25,003,"Massachusetts","Berkshire County",5,32,1381,696,685
050,25,003,"Massachusetts","Berkshire County",5,33,1427,723,704
050,25,003,"Massachusetts","Berkshire County",5,34,1380,670,710
050,25,003,"Massachusetts","Berkshire County",5,35,1445,717,728
050,25,003,"Massachusetts","Berkshire County",5,36,1491,767,724
050,25,003,"Massachusetts","Berkshire County",5,37,1496,762,734
050,25,003,"Massachusetts","Berkshire County",5,38,1506,794,712
050,25,003,"Massachusetts","Berkshire County",5,39,1456,732,724
050,25,003,"Massachusetts","Berkshire County",5,40,1494,765,729
050,25,003,"Massachusetts","Berkshire County",5,41,1490,743,747
050,25,003,"Massachusetts","Berkshire County",5,42,1559,761,798
050,25,003,"Massachusetts","Berkshire County",5,43,1513,749,764
050,25,003,"Massachusetts","Berkshire County",5,44,1422,729,693
050,25,003,"Massachusetts","Berkshire County",5,45,1361,677,684
050,25,003,"Massachusetts","Berkshire County",5,46,1332,683,649
050,25,003,"Massachusetts","Berkshire County",5,47,1284,641,643
050,25,003,"Massachusetts","Berkshire County",5,48,1303,646,657
050,25,003,"Massachusetts","Berkshire County",5,49,1337,661,676
050,25,003,"Massachusetts","Berkshire County",5,50,1408,699,709
050,25,003,"Massachusetts","Berkshire County",5,51,1488,739,749
050,25,003,"Massachusetts","Berkshire County",5,52,1645,800,845
050,25,003,"Massachusetts","Berkshire County",5,53,1637,790,847
050,25,003,"Massachusetts","Berkshire County",5,54,1650,817,833
050,25,003,"Massachusetts","Berkshire County",5,55,1696,860,836
050,25,003,"Massachusetts","Berkshire County",5,56,1733,841,892
050,25,003,"Massachusetts","Berkshire County",5,57,1821,864,957
050,25,003,"Massachusetts","Berkshire County",5,58,1986,988,998
050,25,003,"Massachusetts","Berkshire County",5,59,2064,997,1067
050,25,003,"Massachusetts","Berkshire County",5,60,2050,986,1064
050,25,003,"Massachusetts","Berkshire County",5,61,2118,1017,1101
050,25,003,"Massachusetts","Berkshire County",5,62,2238,1107,1131
050,25,003,"Massachusetts","Berkshire County",5,63,2142,1043,1099
050,25,003,"Massachusetts","Berkshire County",5,64,2134,1015,1119
050,25,003,"Massachusetts","Berkshire County",5,65,2108,997,1111
050,25,003,"Massachusetts","Berkshire County",5,66,2102,986,1116
050,25,003,"Massachusetts","Berkshire County",5,67,2017,962,1055
050,25,003,"Massachusetts","Berkshire County",5,68,1981,936,1045
050,25,003,"Massachusetts","Berkshire County",5,69,1915,899,1016
050,25,003,"Massachusetts","Berkshire County",5,70,1859,868,991
050,25,003,"Massachusetts","Berkshire County",5,71,1841,871,970
050,25,003,"Massachusetts","Berkshire County",5,72,1719,804,915
050,25,003,"Massachusetts","Berkshire County",5,73,1676,782,894
050,25,003,"Massachusetts","Berkshire County",5,74,1676,800,876
050,25,003,"Massachusetts","Berkshire County",5,75,1626,807,819
050,25,003,"Massachusetts","Berkshire County",5,76,1753,842,911
050,25,003,"Massachusetts","Berkshire County",5,77,1165,534,631
050,25,003,"Massachusetts","Berkshire County",5,78,1063,484,579
050,25,003,"Massachusetts","Berkshire County",5,79,1047,468,579
050,25,003,"Massachusetts","Berkshire County",5,80,1070,482,588
050,25,003,"Massachusetts","Berkshire County",5,81,936,417,519
050,25,003,"Massachusetts","Berkshire County",5,82,775,338,437
050,25,003,"Massachusetts","Berkshire County",5,83,671,291,380
050,25,003,"Massachusetts","Berkshire County",5,84,623,270,353
050,25,003,"Massachusetts","Berkshire County",5,85,3568,1298,2270
050,25,005,"Massachusetts","Bristol County",1,0,5572,2851,2721
050,25,005,"Massachusetts","Bristol County",1,1,5854,3015,2839
050,25,005,"Massachusetts","Bristol County",1,2,6134,3127,3007
050,25,005,"Massachusetts","Bristol County",1,3,6199,3132,3067
050,25,005,"Massachusetts","Bristol County",1,4,6388,3273,3115
050,25,005,"Massachusetts","Bristol County",1,5,6379,3153,3226
050,25,005,"Massachusetts","Bristol County",1,6,6398,3219,3179
050,25,005,"Massachusetts","Bristol County",1,7,6531,3303,3228
050,25,005,"Massachusetts","Bristol County",1,8,6678,3413,3265
050,25,005,"Massachusetts","Bristol County",1,9,6769,3518,3251
050,25,005,"Massachusetts","Bristol County",1,10,6967,3571,3396
050,25,005,"Massachusetts","Bristol County",1,11,7028,3531,3497
050,25,005,"Massachusetts","Bristol County",1,12,7293,3702,3591
050,25,005,"Massachusetts","Bristol County",1,13,7433,3804,3629
050,25,005,"Massachusetts","Bristol County",1,14,7373,3760,3613
050,25,005,"Massachusetts","Bristol County",1,15,7328,3766,3562
050,25,005,"Massachusetts","Bristol County",1,16,7496,3817,3679
050,25,005,"Massachusetts","Bristol County",1,17,7386,3765,3621
050,25,005,"Massachusetts","Bristol County",1,18,7431,3796,3635
050,25,005,"Massachusetts","Bristol County",1,19,7143,3584,3559
050,25,005,"Massachusetts","Bristol County",1,20,7266,3707,3559
050,25,005,"Massachusetts","Bristol County",1,21,7367,3702,3665
050,25,005,"Massachusetts","Bristol County",1,22,7211,3623,3588
050,25,005,"Massachusetts","Bristol County",1,23,6877,3459,3418
050,25,005,"Massachusetts","Bristol County",1,24,7123,3603,3520
050,25,005,"Massachusetts","Bristol County",1,25,7159,3590,3569
050,25,005,"Massachusetts","Bristol County",1,26,7198,3634,3564
050,25,005,"Massachusetts","Bristol County",1,27,7316,3666,3650
050,25,005,"Massachusetts","Bristol County",1,28,7382,3734,3648
050,25,005,"Massachusetts","Bristol County",1,29,7489,3766,3723
050,25,005,"Massachusetts","Bristol County",1,30,7675,3798,3877
050,25,005,"Massachusetts","Bristol County",1,31,7699,3754,3945
050,25,005,"Massachusetts","Bristol County",1,32,7691,3728,3963
050,25,005,"Massachusetts","Bristol County",1,33,7739,3815,3924
050,25,005,"Massachusetts","Bristol County",1,34,7699,3782,3917
050,25,005,"Massachusetts","Bristol County",1,35,7450,3690,3760
050,25,005,"Massachusetts","Bristol County",1,36,7282,3540,3742
050,25,005,"Massachusetts","Bristol County",1,37,7357,3604,3753
050,25,005,"Massachusetts","Bristol County",1,38,7402,3665,3737
050,25,005,"Massachusetts","Bristol County",1,39,7343,3689,3654
050,25,005,"Massachusetts","Bristol County",1,40,7205,3545,3660
050,25,005,"Massachusetts","Bristol County",1,41,7213,3467,3746
050,25,005,"Massachusetts","Bristol County",1,42,7149,3513,3636
050,25,005,"Massachusetts","Bristol County",1,43,6958,3480,3478
050,25,005,"Massachusetts","Bristol County",1,44,6905,3355,3550
050,25,005,"Massachusetts","Bristol County",1,45,6935,3367,3568
050,25,005,"Massachusetts","Bristol County",1,46,7056,3439,3617
050,25,005,"Massachusetts","Bristol County",1,47,7420,3591,3829
050,25,005,"Massachusetts","Bristol County",1,48,7820,3811,4009
050,25,005,"Massachusetts","Bristol County",1,49,8323,4101,4222
050,25,005,"Massachusetts","Bristol County",1,50,8212,4033,4179
050,25,005,"Massachusetts","Bristol County",1,51,8219,4071,4148
050,25,005,"Massachusetts","Bristol County",1,52,8282,4115,4167
050,25,005,"Massachusetts","Bristol County",1,53,8465,4195,4270
050,25,005,"Massachusetts","Bristol County",1,54,8492,4208,4284
050,25,005,"Massachusetts","Bristol County",1,55,8803,4338,4465
050,25,005,"Massachusetts","Bristol County",1,56,8817,4393,4424
050,25,005,"Massachusetts","Bristol County",1,57,8683,4286,4397
050,25,005,"Massachusetts","Bristol County",1,58,8656,4251,4405
050,25,005,"Massachusetts","Bristol County",1,59,8505,4145,4360
050,25,005,"Massachusetts","Bristol County",1,60,8287,4013,4274
050,25,005,"Massachusetts","Bristol County",1,61,8168,3911,4257
050,25,005,"Massachusetts","Bristol County",1,62,8020,3883,4137
050,25,005,"Massachusetts","Bristol County",1,63,7609,3704,3905
050,25,005,"Massachusetts","Bristol County",1,64,7359,3591,3768
050,25,005,"Massachusetts","Bristol County",1,65,7048,3375,3673
050,25,005,"Massachusetts","Bristol County",1,66,6662,3170,3492
050,25,005,"Massachusetts","Bristol County",1,67,6364,2997,3367
050,25,005,"Massachusetts","Bristol County",1,68,6269,2978,3291
050,25,005,"Massachusetts","Bristol County",1,69,5694,2665,3029
050,25,005,"Massachusetts","Bristol County",1,70,5501,2556,2945
050,25,005,"Massachusetts","Bristol County",1,71,5372,2482,2890
050,25,005,"Massachusetts","Bristol County",1,72,5443,2481,2962
050,25,005,"Massachusetts","Bristol County",1,73,5557,2573,2984
050,25,005,"Massachusetts","Bristol County",1,74,3895,1778,2117
050,25,005,"Massachusetts","Bristol County",1,75,4023,1835,2188
050,25,005,"Massachusetts","Bristol County",1,76,3918,1804,2114
050,25,005,"Massachusetts","Bristol County",1,77,3774,1683,2091
050,25,005,"Massachusetts","Bristol County",1,78,3126,1330,1796
050,25,005,"Massachusetts","Bristol County",1,79,2620,1130,1490
050,25,005,"Massachusetts","Bristol County",1,80,2376,1007,1369
050,25,005,"Massachusetts","Bristol County",1,81,2301,960,1341
050,25,005,"Massachusetts","Bristol County",1,82,2159,897,1262
050,25,005,"Massachusetts","Bristol County",1,83,1946,786,1160
050,25,005,"Massachusetts","Bristol County",1,84,1846,713,1133
050,25,005,"Massachusetts","Bristol County",1,85,12248,3940,8308
050,25,005,"Massachusetts","Bristol County",2,0,5677,2919,2758
050,25,005,"Massachusetts","Bristol County",2,1,5809,2987,2822
050,25,005,"Massachusetts","Bristol County",2,2,6095,3110,2985
050,25,005,"Massachusetts","Bristol County",2,3,6184,3138,3046
050,25,005,"Massachusetts","Bristol County",2,4,6362,3242,3120
050,25,005,"Massachusetts","Bristol County",2,5,6385,3182,3203
050,25,005,"Massachusetts","Bristol County",2,6,6409,3211,3198
050,25,005,"Massachusetts","Bristol County",2,7,6503,3284,3219
050,25,005,"Massachusetts","Bristol County",2,8,6639,3386,3253
050,25,005,"Massachusetts","Bristol County",2,9,6753,3494,3259
050,25,005,"Massachusetts","Bristol County",2,10,6923,3557,3366
050,25,005,"Massachusetts","Bristol County",2,11,6991,3530,3461
050,25,005,"Massachusetts","Bristol County",2,12,7265,3681,3584
050,25,005,"Massachusetts","Bristol County",2,13,7400,3777,3623
050,25,005,"Massachusetts","Bristol County",2,14,7393,3773,3620
050,25,005,"Massachusetts","Bristol County",2,15,7354,3771,3583
050,25,005,"Massachusetts","Bristol County",2,16,7476,3816,3660
050,25,005,"Massachusetts","Bristol County",2,17,7421,3778,3643
050,25,005,"Massachusetts","Bristol County",2,18,7064,3638,3426
050,25,005,"Massachusetts","Bristol County",2,19,6557,3314,3243
050,25,005,"Massachusetts","Bristol County",2,20,6832,3490,3342
050,25,005,"Massachusetts","Bristol County",2,21,6920,3479,3441
050,25,005,"Massachusetts","Bristol County",2,22,6943,3473,3470
050,25,005,"Massachusetts","Bristol County",2,23,6819,3408,3411
050,25,005,"Massachusetts","Bristol County",2,24,7037,3545,3492
050,25,005,"Massachusetts","Bristol County",2,25,7138,3581,3557
050,25,005,"Massachusetts","Bristol County",2,26,7218,3639,3579
050,25,005,"Massachusetts","Bristol County",2,27,7283,3657,3626
050,25,005,"Massachusetts","Bristol County",2,28,7364,3716,3648
050,25,005,"Massachusetts","Bristol County",2,29,7467,3751,3716
050,25,005,"Massachusetts","Bristol County",2,30,7686,3812,3874
050,25,005,"Massachusetts","Bristol County",2,31,7689,3764,3925
050,25,005,"Massachusetts","Bristol County",2,32,7706,3737,3969
050,25,005,"Massachusetts","Bristol County",2,33,7727,3791,3936
050,25,005,"Massachusetts","Bristol County",2,34,7723,3798,3925
050,25,005,"Massachusetts","Bristol County",2,35,7564,3738,3826
050,25,005,"Massachusetts","Bristol County",2,36,7291,3563,3728
050,25,005,"Massachusetts","Bristol County",2,37,7350,3593,3757
050,25,005,"Massachusetts","Bristol County",2,38,7433,3663,3770
050,25,005,"Massachusetts","Bristol County",2,39,7348,3674,3674
050,25,005,"Massachusetts","Bristol County",2,40,7295,3610,3685
050,25,005,"Massachusetts","Bristol County",2,41,7204,3477,3727
050,25,005,"Massachusetts","Bristol County",2,42,7140,3497,3643
050,25,005,"Massachusetts","Bristol County",2,43,7040,3501,3539
050,25,005,"Massachusetts","Bristol County",2,44,6840,3340,3500
050,25,005,"Massachusetts","Bristol County",2,45,6967,3383,3584
050,25,005,"Massachusetts","Bristol County",2,46,7005,3407,3598
050,25,005,"Massachusetts","Bristol County",2,47,7303,3533,3770
050,25,005,"Massachusetts","Bristol County",2,48,7705,3747,3958
050,25,005,"Massachusetts","Bristol County",2,49,8237,4040,4197
050,25,005,"Massachusetts","Bristol County",2,50,8247,4046,4201
050,25,005,"Massachusetts","Bristol County",2,51,8168,4033,4135
050,25,005,"Massachusetts","Bristol County",2,52,8224,4076,4148
050,25,005,"Massachusetts","Bristol County",2,53,8402,4156,4246
050,25,005,"Massachusetts","Bristol County",2,54,8454,4192,4262
050,25,005,"Massachusetts","Bristol County",2,55,8705,4293,4412
050,25,005,"Massachusetts","Bristol County",2,56,8823,4383,4440
050,25,005,"Massachusetts","Bristol County",2,57,8703,4300,4403
050,25,005,"Massachusetts","Bristol County",2,58,8640,4246,4394
050,25,005,"Massachusetts","Bristol County",2,59,8561,4182,4379
050,25,005,"Massachusetts","Bristol County",2,60,8291,4019,4272
050,25,005,"Massachusetts","Bristol County",2,61,8154,3908,4246
050,25,005,"Massachusetts","Bristol County",2,62,8019,3867,4152
050,25,005,"Massachusetts","Bristol County",2,63,7740,3752,3988
050,25,005,"Massachusetts","Bristol County",2,64,7364,3589,3775
050,25,005,"Massachusetts","Bristol County",2,65,7098,3410,3688
050,25,005,"Massachusetts","Bristol County",2,66,6749,3210,3539
050,25,005,"Massachusetts","Bristol County",2,67,6393,3011,3382
050,25,005,"Massachusetts","Bristol County",2,68,6212,2947,3265
050,25,005,"Massachusetts","Bristol County",2,69,5848,2742,3106
050,25,005,"Massachusetts","Bristol County",2,70,5495,2560,2935
050,25,005,"Massachusetts","Bristol County",2,71,5365,2481,2884
050,25,005,"Massachusetts","Bristol County",2,72,5307,2423,2884
050,25,005,"Massachusetts","Bristol County",2,73,5758,2655,3103
050,25,005,"Massachusetts","Bristol County",2,74,3996,1828,2168
050,25,005,"Massachusetts","Bristol County",2,75,3967,1803,2164
050,25,005,"Massachusetts","Bristol County",2,76,3865,1772,2093
050,25,005,"Massachusetts","Bristol County",2,77,3857,1730,2127
050,25,005,"Massachusetts","Bristol County",2,78,3173,1365,1808
050,25,005,"Massachusetts","Bristol County",2,79,2686,1158,1528
050,25,005,"Massachusetts","Bristol County",2,80,2394,1010,1384
050,25,005,"Massachusetts","Bristol County",2,81,2245,940,1305
050,25,005,"Massachusetts","Bristol County",2,82,2155,893,1262
050,25,005,"Massachusetts","Bristol County",2,83,1941,788,1153
050,25,005,"Massachusetts","Bristol County",2,84,1811,694,1117
050,25,005,"Massachusetts","Bristol County",2,85,12028,3861,8167
050,25,005,"Massachusetts","Bristol County",3,0,5440,2725,2715
050,25,005,"Massachusetts","Bristol County",3,1,5835,3020,2815
050,25,005,"Massachusetts","Bristol County",3,2,5931,3080,2851
050,25,005,"Massachusetts","Bristol County",3,3,6247,3191,3056
050,25,005,"Massachusetts","Bristol County",3,4,6235,3150,3085
050,25,005,"Massachusetts","Bristol County",3,5,6427,3284,3143
050,25,005,"Massachusetts","Bristol County",3,6,6422,3205,3217
050,25,005,"Massachusetts","Bristol County",3,7,6475,3259,3216
050,25,005,"Massachusetts","Bristol County",3,8,6534,3302,3232
050,25,005,"Massachusetts","Bristol County",3,9,6673,3397,3276
050,25,005,"Massachusetts","Bristol County",3,10,6766,3475,3291
050,25,005,"Massachusetts","Bristol County",3,11,6977,3585,3392
050,25,005,"Massachusetts","Bristol County",3,12,7025,3553,3472
050,25,005,"Massachusetts","Bristol County",3,13,7315,3703,3612
050,25,005,"Massachusetts","Bristol County",3,14,7478,3809,3669
050,25,005,"Massachusetts","Bristol County",3,15,7425,3792,3633
050,25,005,"Massachusetts","Bristol County",3,16,7410,3813,3597
050,25,005,"Massachusetts","Bristol County",3,17,7492,3832,3660
050,25,005,"Massachusetts","Bristol County",3,18,7382,3796,3586
050,25,005,"Massachusetts","Bristol County",3,19,7027,3534,3493
050,25,005,"Massachusetts","Bristol County",3,20,7372,3748,3624
050,25,005,"Massachusetts","Bristol County",3,21,7364,3706,3658
050,25,005,"Massachusetts","Bristol County",3,22,7214,3626,3588
050,25,005,"Massachusetts","Bristol County",3,23,6873,3473,3400
050,25,005,"Massachusetts","Bristol County",3,24,6934,3496,3438
050,25,005,"Massachusetts","Bristol County",3,25,7125,3588,3537
050,25,005,"Massachusetts","Bristol County",3,26,7186,3655,3531
050,25,005,"Massachusetts","Bristol County",3,27,7271,3636,3635
050,25,005,"Massachusetts","Bristol County",3,28,7366,3697,3669
050,25,005,"Massachusetts","Bristol County",3,29,7497,3757,3740
050,25,005,"Massachusetts","Bristol County",3,30,7624,3839,3785
050,25,005,"Massachusetts","Bristol County",3,31,7869,3915,3954
050,25,005,"Massachusetts","Bristol County",3,32,7810,3803,4007
050,25,005,"Massachusetts","Bristol County",3,33,7868,3848,4020
050,25,005,"Massachusetts","Bristol County",3,34,7854,3850,4004
050,25,005,"Massachusetts","Bristol County",3,35,7769,3838,3931
050,25,005,"Massachusetts","Bristol County",3,36,7669,3809,3860
050,25,005,"Massachusetts","Bristol County",3,37,7364,3632,3732
050,25,005,"Massachusetts","Bristol County",3,38,7452,3639,3813
050,25,005,"Massachusetts","Bristol County",3,39,7521,3717,3804
050,25,005,"Massachusetts","Bristol County",3,40,7350,3688,3662
050,25,005,"Massachusetts","Bristol County",3,41,7383,3654,3729
050,25,005,"Massachusetts","Bristol County",3,42,7283,3530,3753
050,25,005,"Massachusetts","Bristol County",3,43,7163,3512,3651
050,25,005,"Massachusetts","Bristol County",3,44,7033,3492,3541
050,25,005,"Massachusetts","Bristol County",3,45,6904,3390,3514
050,25,005,"Massachusetts","Bristol County",3,46,6936,3342,3594
050,25,005,"Massachusetts","Bristol County",3,47,6978,3391,3587
050,25,005,"Massachusetts","Bristol County",3,48,7229,3496,3733
050,25,005,"Massachusetts","Bristol County",3,49,7676,3712,3964
050,25,005,"Massachusetts","Bristol County",3,50,8191,4015,4176
050,25,005,"Massachusetts","Bristol County",3,51,8182,4039,4143
050,25,005,"Massachusetts","Bristol County",3,52,8142,4025,4117
050,25,005,"Massachusetts","Bristol County",3,53,8156,4018,4138
050,25,005,"Massachusetts","Bristol County",3,54,8386,4131,4255
050,25,005,"Massachusetts","Bristol County",3,55,8431,4195,4236
050,25,005,"Massachusetts","Bristol County",3,56,8613,4245,4368
050,25,005,"Massachusetts","Bristol County",3,57,8740,4333,4407
050,25,005,"Massachusetts","Bristol County",3,58,8580,4233,4347
050,25,005,"Massachusetts","Bristol County",3,59,8565,4199,4366
050,25,005,"Massachusetts","Bristol County",3,60,8438,4129,4309
050,25,005,"Massachusetts","Bristol County",3,61,8179,3960,4219
050,25,005,"Massachusetts","Bristol County",3,62,8047,3864,4183
050,25,005,"Massachusetts","Bristol County",3,63,7882,3773,4109
050,25,005,"Massachusetts","Bristol County",3,64,7582,3651,3931
050,25,005,"Massachusetts","Bristol County",3,65,7222,3491,3731
050,25,005,"Massachusetts","Bristol County",3,66,6961,3345,3616
050,25,005,"Massachusetts","Bristol County",3,67,6601,3109,3492
050,25,005,"Massachusetts","Bristol County",3,68,6279,2955,3324
050,25,005,"Massachusetts","Bristol County",3,69,6056,2862,3194
050,25,005,"Massachusetts","Bristol County",3,70,5700,2664,3036
050,25,005,"Massachusetts","Bristol County",3,71,5387,2503,2884
050,25,005,"Massachusetts","Bristol County",3,72,5242,2418,2824
050,25,005,"Massachusetts","Bristol County",3,73,5122,2313,2809
050,25,005,"Massachusetts","Bristol County",3,74,5567,2558,3009
050,25,005,"Massachusetts","Bristol County",3,75,3854,1751,2103
050,25,005,"Massachusetts","Bristol County",3,76,3778,1691,2087
050,25,005,"Massachusetts","Bristol County",3,77,3719,1696,2023
050,25,005,"Massachusetts","Bristol County",3,78,3624,1616,2008
050,25,005,"Massachusetts","Bristol County",3,79,3022,1310,1712
050,25,005,"Massachusetts","Bristol County",3,80,2544,1077,1467
050,25,005,"Massachusetts","Bristol County",3,81,2205,928,1277
050,25,005,"Massachusetts","Bristol County",3,82,2103,879,1224
050,25,005,"Massachusetts","Bristol County",3,83,1979,819,1160
050,25,005,"Massachusetts","Bristol County",3,84,1752,686,1066
050,25,005,"Massachusetts","Bristol County",3,85,11472,3770,7702
050,25,005,"Massachusetts","Bristol County",4,0,5735,2906,2829
050,25,005,"Massachusetts","Bristol County",4,1,5531,2794,2737
050,25,005,"Massachusetts","Bristol County",4,2,5890,3037,2853
050,25,005,"Massachusetts","Bristol County",4,3,6016,3127,2889
050,25,005,"Massachusetts","Bristol County",4,4,6344,3238,3106
050,25,005,"Massachusetts","Bristol County",4,5,6240,3150,3090
050,25,005,"Massachusetts","Bristol County",4,6,6447,3292,3155
050,25,005,"Massachusetts","Bristol County",4,7,6539,3260,3279
050,25,005,"Massachusetts","Bristol County",4,8,6511,3267,3244
050,25,005,"Massachusetts","Bristol County",4,9,6612,3339,3273
050,25,005,"Massachusetts","Bristol County",4,10,6707,3420,3287
050,25,005,"Massachusetts","Bristol County",4,11,6845,3524,3321
050,25,005,"Massachusetts","Bristol County",4,12,6981,3593,3388
050,25,005,"Massachusetts","Bristol County",4,13,7036,3565,3471
050,25,005,"Massachusetts","Bristol County",4,14,7317,3688,3629
050,25,005,"Massachusetts","Bristol County",4,15,7471,3801,3670
050,25,005,"Massachusetts","Bristol County",4,16,7445,3804,3641
050,25,005,"Massachusetts","Bristol County",4,17,7405,3811,3594
050,25,005,"Massachusetts","Bristol County",4,18,7403,3846,3557
050,25,005,"Massachusetts","Bristol County",4,19,6903,3473,3430
050,25,005,"Massachusetts","Bristol County",4,20,7196,3676,3520
050,25,005,"Massachusetts","Bristol County",4,21,7420,3759,3661
050,25,005,"Massachusetts","Bristol County",4,22,7255,3643,3612
050,25,005,"Massachusetts","Bristol County",4,23,6841,3446,3395
050,25,005,"Massachusetts","Bristol County",4,24,6819,3505,3314
050,25,005,"Massachusetts","Bristol County",4,25,6835,3474,3361
050,25,005,"Massachusetts","Bristol County",4,26,7132,3623,3509
050,25,005,"Massachusetts","Bristol County",4,27,7108,3550,3558
050,25,005,"Massachusetts","Bristol County",4,28,7198,3584,3614
050,25,005,"Massachusetts","Bristol County",4,29,7384,3717,3667
050,25,005,"Massachusetts","Bristol County",4,30,7538,3764,3774
050,25,005,"Massachusetts","Bristol County",4,31,7748,3883,3865
050,25,005,"Massachusetts","Bristol County",4,32,7895,3897,3998
050,25,005,"Massachusetts","Bristol County",4,33,7959,3843,4116
050,25,005,"Massachusetts","Bristol County",4,34,7949,3880,4069
050,25,005,"Massachusetts","Bristol County",4,35,7933,3900,4033
050,25,005,"Massachusetts","Bristol County",4,36,7816,3862,3954
050,25,005,"Massachusetts","Bristol County",4,37,7723,3838,3885
050,25,005,"Massachusetts","Bristol County",4,38,7507,3713,3794
050,25,005,"Massachusetts","Bristol County",4,39,7461,3644,3817
050,25,005,"Massachusetts","Bristol County",4,40,7574,3731,3843
050,25,005,"Massachusetts","Bristol County",4,41,7327,3661,3666
050,25,005,"Massachusetts","Bristol County",4,42,7384,3664,3720
050,25,005,"Massachusetts","Bristol County",4,43,7315,3524,3791
050,25,005,"Massachusetts","Bristol County",4,44,7162,3496,3666
050,25,005,"Massachusetts","Bristol County",4,45,7093,3548,3545
050,25,005,"Massachusetts","Bristol County",4,46,6908,3374,3534
050,25,005,"Massachusetts","Bristol County",4,47,6915,3364,3551
050,25,005,"Massachusetts","Bristol County",4,48,6964,3380,3584
050,25,005,"Massachusetts","Bristol County",4,49,7183,3459,3724
050,25,005,"Massachusetts","Bristol County",4,50,7618,3663,3955
050,25,005,"Massachusetts","Bristol County",4,51,8170,4007,4163
050,25,005,"Massachusetts","Bristol County",4,52,8167,4021,4146
050,25,005,"Massachusetts","Bristol County",4,53,8047,3976,4071
050,25,005,"Massachusetts","Bristol County",4,54,8131,4019,4112
050,25,005,"Massachusetts","Bristol County",4,55,8305,4085,4220
050,25,005,"Massachusetts","Bristol County",4,56,8345,4163,4182
050,25,005,"Massachusetts","Bristol County",4,57,8484,4150,4334
050,25,005,"Massachusetts","Bristol County",4,58,8602,4256,4346
050,25,005,"Massachusetts","Bristol County",4,59,8468,4183,4285
050,25,005,"Massachusetts","Bristol County",4,60,8444,4125,4319
050,25,005,"Massachusetts","Bristol County",4,61,8322,4052,4270
050,25,005,"Massachusetts","Bristol County",4,62,8037,3895,4142
050,25,005,"Massachusetts","Bristol County",4,63,7948,3797,4151
050,25,005,"Massachusetts","Bristol County",4,64,7739,3705,4034
050,25,005,"Massachusetts","Bristol County",4,65,7413,3542,3871
050,25,005,"Massachusetts","Bristol County",4,66,7073,3400,3673
050,25,005,"Massachusetts","Bristol County",4,67,6799,3237,3562
050,25,005,"Massachusetts","Bristol County",4,68,6460,3053,3407
050,25,005,"Massachusetts","Bristol County",4,69,6155,2868,3287
050,25,005,"Massachusetts","Bristol County",4,70,5922,2786,3136
050,25,005,"Massachusetts","Bristol County",4,71,5580,2610,2970
050,25,005,"Massachusetts","Bristol County",4,72,5274,2432,2842
050,25,005,"Massachusetts","Bristol County",4,73,5087,2336,2751
050,25,005,"Massachusetts","Bristol County",4,74,4978,2251,2727
050,25,005,"Massachusetts","Bristol County",4,75,5432,2486,2946
050,25,005,"Massachusetts","Bristol County",4,76,3712,1686,2026
050,25,005,"Massachusetts","Bristol County",4,77,3640,1630,2010
050,25,005,"Massachusetts","Bristol County",4,78,3533,1591,1942
050,25,005,"Massachusetts","Bristol County",4,79,3466,1545,1921
050,25,005,"Massachusetts","Bristol County",4,80,2905,1228,1677
050,25,005,"Massachusetts","Bristol County",4,81,2391,993,1398
050,25,005,"Massachusetts","Bristol County",4,82,2077,852,1225
050,25,005,"Massachusetts","Bristol County",4,83,1968,818,1150
050,25,005,"Massachusetts","Bristol County",4,84,1832,733,1099
050,25,005,"Massachusetts","Bristol County",4,85,11300,3740,7560
050,25,005,"Massachusetts","Bristol County",5,0,5500,2789,2711
050,25,005,"Massachusetts","Bristol County",5,1,5812,2995,2817
050,25,005,"Massachusetts","Bristol County",5,2,5634,2859,2775
050,25,005,"Massachusetts","Bristol County",5,3,5937,3061,2876
050,25,005,"Massachusetts","Bristol County",5,4,6079,3139,2940
050,25,005,"Massachusetts","Bristol County",5,5,6426,3275,3151
050,25,005,"Massachusetts","Bristol County",5,6,6284,3189,3095
050,25,005,"Massachusetts","Bristol County",5,7,6557,3359,3198
050,25,005,"Massachusetts","Bristol County",5,8,6552,3289,3263
050,25,005,"Massachusetts","Bristol County",5,9,6549,3315,3234
050,25,005,"Massachusetts","Bristol County",5,10,6696,3389,3307
050,25,005,"Massachusetts","Bristol County",5,11,6783,3437,3346
050,25,005,"Massachusetts","Bristol County",5,12,6896,3546,3350
050,25,005,"Massachusetts","Bristol County",5,13,6992,3615,3377
050,25,005,"Massachusetts","Bristol County",5,14,7088,3587,3501
050,25,005,"Massachusetts","Bristol County",5,15,7398,3737,3661
050,25,005,"Massachusetts","Bristol County",5,16,7520,3827,3693
050,25,005,"Massachusetts","Bristol County",5,17,7521,3869,3652
050,25,005,"Massachusetts","Bristol County",5,18,7286,3777,3509
050,25,005,"Massachusetts","Bristol County",5,19,6997,3531,3466
050,25,005,"Massachusetts","Bristol County",5,20,7244,3708,3536
050,25,005,"Massachusetts","Bristol County",5,21,7411,3742,3669
050,25,005,"Massachusetts","Bristol County",5,22,7374,3696,3678
050,25,005,"Massachusetts","Bristol County",5,23,7001,3529,3472
050,25,005,"Massachusetts","Bristol County",5,24,6880,3514,3366
050,25,005,"Massachusetts","Bristol County",5,25,6790,3502,3288
050,25,005,"Massachusetts","Bristol County",5,26,6930,3487,3443
050,25,005,"Massachusetts","Bristol County",5,27,7101,3601,3500
050,25,005,"Massachusetts","Bristol County",5,28,7141,3573,3568
050,25,005,"Massachusetts","Bristol County",5,29,7186,3589,3597
050,25,005,"Massachusetts","Bristol County",5,30,7456,3732,3724
050,25,005,"Massachusetts","Bristol County",5,31,7729,3850,3879
050,25,005,"Massachusetts","Bristol County",5,32,7900,3951,3949
050,25,005,"Massachusetts","Bristol County",5,33,7982,3910,4072
050,25,005,"Massachusetts","Bristol County",5,34,8060,3865,4195
050,25,005,"Massachusetts","Bristol County",5,35,8006,3931,4075
050,25,005,"Massachusetts","Bristol County",5,36,7969,3926,4043
050,25,005,"Massachusetts","Bristol County",5,37,7875,3913,3962
050,25,005,"Massachusetts","Bristol County",5,38,7757,3849,3908
050,25,005,"Massachusetts","Bristol County",5,39,7523,3699,3824
050,25,005,"Massachusetts","Bristol County",5,40,7580,3667,3913
050,25,005,"Massachusetts","Bristol County",5,41,7609,3749,3860
050,25,005,"Massachusetts","Bristol County",5,42,7393,3717,3676
050,25,005,"Massachusetts","Bristol County",5,43,7433,3682,3751
050,25,005,"Massachusetts","Bristol County",5,44,7311,3514,3797
050,25,005,"Massachusetts","Bristol County",5,45,7227,3571,3656
050,25,005,"Massachusetts","Bristol County",5,46,7168,3590,3578
050,25,005,"Massachusetts","Bristol County",5,47,6903,3380,3523
050,25,005,"Massachusetts","Bristol County",5,48,6943,3389,3554
050,25,005,"Massachusetts","Bristol County",5,49,6975,3381,3594
050,25,005,"Massachusetts","Bristol County",5,50,7134,3409,3725
050,25,005,"Massachusetts","Bristol County",5,51,7607,3656,3951
050,25,005,"Massachusetts","Bristol County",5,52,8189,4016,4173
050,25,005,"Massachusetts","Bristol County",5,53,8115,3978,4137
050,25,005,"Massachusetts","Bristol County",5,54,8025,3959,4066
050,25,005,"Massachusetts","Bristol County",5,55,8051,3961,4090
050,25,005,"Massachusetts","Bristol County",5,56,8283,4077,4206
050,25,005,"Massachusetts","Bristol County",5,57,8276,4099,4177
050,25,005,"Massachusetts","Bristol County",5,58,8326,4071,4255
050,25,005,"Massachusetts","Bristol County",5,59,8547,4216,4331
050,25,005,"Massachusetts","Bristol County",5,60,8345,4117,4228
050,25,005,"Massachusetts","Bristol County",5,61,8311,4062,4249
050,25,005,"Massachusetts","Bristol County",5,62,8271,4037,4234
050,25,005,"Massachusetts","Bristol County",5,63,7917,3815,4102
050,25,005,"Massachusetts","Bristol County",5,64,7816,3727,4089
050,25,005,"Massachusetts","Bristol County",5,65,7606,3618,3988
050,25,005,"Massachusetts","Bristol County",5,66,7283,3460,3823
050,25,005,"Massachusetts","Bristol County",5,67,6937,3311,3626
050,25,005,"Massachusetts","Bristol County",5,68,6678,3196,3482
050,25,005,"Massachusetts","Bristol County",5,69,6352,2979,3373
050,25,005,"Massachusetts","Bristol County",5,70,6030,2794,3236
050,25,005,"Massachusetts","Bristol County",5,71,5825,2742,3083
050,25,005,"Massachusetts","Bristol County",5,72,5471,2539,2932
050,25,005,"Massachusetts","Bristol County",5,73,5120,2348,2772
050,25,005,"Massachusetts","Bristol County",5,74,4976,2277,2699
050,25,005,"Massachusetts","Bristol County",5,75,4876,2191,2685
050,25,005,"Massachusetts","Bristol County",5,76,5243,2380,2863
050,25,005,"Massachusetts","Bristol County",5,77,3597,1618,1979
050,25,005,"Massachusetts","Bristol County",5,78,3455,1531,1924
050,25,005,"Massachusetts","Bristol County",5,79,3378,1523,1855
050,25,005,"Massachusetts","Bristol County",5,80,3327,1462,1865
050,25,005,"Massachusetts","Bristol County",5,81,2743,1140,1603
050,25,005,"Massachusetts","Bristol County",5,82,2256,923,1333
050,25,005,"Massachusetts","Bristol County",5,83,1946,786,1160
050,25,005,"Massachusetts","Bristol County",5,84,1819,741,1078
050,25,005,"Massachusetts","Bristol County",5,85,11346,3802,7544
050,25,007,"Massachusetts","Dukes County",1,0,198,101,97
050,25,007,"Massachusetts","Dukes County",1,1,186,87,99
050,25,007,"Massachusetts","Dukes County",1,2,195,103,92
050,25,007,"Massachusetts","Dukes County",1,3,206,87,119
050,25,007,"Massachusetts","Dukes County",1,4,177,81,96
050,25,007,"Massachusetts","Dukes County",1,5,187,90,97
050,25,007,"Massachusetts","Dukes County",1,6,171,90,81
050,25,007,"Massachusetts","Dukes County",1,7,189,108,81
050,25,007,"Massachusetts","Dukes County",1,8,181,95,86
050,25,007,"Massachusetts","Dukes County",1,9,206,99,107
050,25,007,"Massachusetts","Dukes County",1,10,232,116,116
050,25,007,"Massachusetts","Dukes County",1,11,232,105,127
050,25,007,"Massachusetts","Dukes County",1,12,230,116,114
050,25,007,"Massachusetts","Dukes County",1,13,234,126,108
050,25,007,"Massachusetts","Dukes County",1,14,224,111,113
050,25,007,"Massachusetts","Dukes County",1,15,206,114,92
050,25,007,"Massachusetts","Dukes County",1,16,202,121,81
050,25,007,"Massachusetts","Dukes County",1,17,235,119,116
050,25,007,"Massachusetts","Dukes County",1,18,186,100,86
050,25,007,"Massachusetts","Dukes County",1,19,136,83,53
050,25,007,"Massachusetts","Dukes County",1,20,162,88,74
050,25,007,"Massachusetts","Dukes County",1,21,165,78,87
050,25,007,"Massachusetts","Dukes County",1,22,173,79,94
050,25,007,"Massachusetts","Dukes County",1,23,184,90,94
050,25,007,"Massachusetts","Dukes County",1,24,190,106,84
050,25,007,"Massachusetts","Dukes County",1,25,205,105,100
050,25,007,"Massachusetts","Dukes County",1,26,219,107,112
050,25,007,"Massachusetts","Dukes County",1,27,207,107,100
050,25,007,"Massachusetts","Dukes County",1,28,205,121,84
050,25,007,"Massachusetts","Dukes County",1,29,212,94,118
050,25,007,"Massachusetts","Dukes County",1,30,204,110,94
050,25,007,"Massachusetts","Dukes County",1,31,225,129,96
050,25,007,"Massachusetts","Dukes County",1,32,231,121,110
050,25,007,"Massachusetts","Dukes County",1,33,222,104,118
050,25,007,"Massachusetts","Dukes County",1,34,231,127,104
050,25,007,"Massachusetts","Dukes County",1,35,219,110,109
050,25,007,"Massachusetts","Dukes County",1,36,236,124,112
050,25,007,"Massachusetts","Dukes County",1,37,228,118,110
050,25,007,"Massachusetts","Dukes County",1,38,235,120,115
050,25,007,"Massachusetts","Dukes County",1,39,218,106,112
050,25,007,"Massachusetts","Dukes County",1,40,236,117,119
050,25,007,"Massachusetts","Dukes County",1,41,235,116,119
050,25,007,"Massachusetts","Dukes County",1,42,257,129,128
050,25,007,"Massachusetts","Dukes County",1,43,232,126,106
050,25,007,"Massachusetts","Dukes County",1,44,225,112,113
050,25,007,"Massachusetts","Dukes County",1,45,223,111,112
050,25,007,"Massachusetts","Dukes County",1,46,225,110,115
050,25,007,"Massachusetts","Dukes County",1,47,229,116,113
050,25,007,"Massachusetts","Dukes County",1,48,254,129,125
050,25,007,"Massachusetts","Dukes County",1,49,279,134,145
050,25,007,"Massachusetts","Dukes County",1,50,265,135,130
050,25,007,"Massachusetts","Dukes County",1,51,260,143,117
050,25,007,"Massachusetts","Dukes County",1,52,275,138,137
050,25,007,"Massachusetts","Dukes County",1,53,296,141,155
050,25,007,"Massachusetts","Dukes County",1,54,282,143,139
050,25,007,"Massachusetts","Dukes County",1,55,326,162,164
050,25,007,"Massachusetts","Dukes County",1,56,348,171,177
050,25,007,"Massachusetts","Dukes County",1,57,338,167,171
050,25,007,"Massachusetts","Dukes County",1,58,365,167,198
050,25,007,"Massachusetts","Dukes County",1,59,382,191,191
050,25,007,"Massachusetts","Dukes County",1,60,347,173,174
050,25,007,"Massachusetts","Dukes County",1,61,338,183,155
050,25,007,"Massachusetts","Dukes County",1,62,349,192,157
050,25,007,"Massachusetts","Dukes County",1,63,344,176,168
050,25,007,"Massachusetts","Dukes County",1,64,332,147,185
050,25,007,"Massachusetts","Dukes County",1,65,359,162,197
050,25,007,"Massachusetts","Dukes County",1,66,351,168,183
050,25,007,"Massachusetts","Dukes County",1,67,334,142,192
050,25,007,"Massachusetts","Dukes County",1,68,370,172,198
050,25,007,"Massachusetts","Dukes County",1,69,348,167,181
050,25,007,"Massachusetts","Dukes County",1,70,346,166,180
050,25,007,"Massachusetts","Dukes County",1,71,330,147,183
050,25,007,"Massachusetts","Dukes County",1,72,332,158,174
050,25,007,"Massachusetts","Dukes County",1,73,334,166,168
050,25,007,"Massachusetts","Dukes County",1,74,243,113,130
050,25,007,"Massachusetts","Dukes County",1,75,210,103,107
050,25,007,"Massachusetts","Dukes County",1,76,210,100,110
050,25,007,"Massachusetts","Dukes County",1,77,211,91,120
050,25,007,"Massachusetts","Dukes County",1,78,159,72,87
050,25,007,"Massachusetts","Dukes County",1,79,137,68,69
050,25,007,"Massachusetts","Dukes County",1,80,121,59,62
050,25,007,"Massachusetts","Dukes County",1,81,108,52,56
050,25,007,"Massachusetts","Dukes County",1,82,87,40,47
050,25,007,"Massachusetts","Dukes County",1,83,71,29,42
050,25,007,"Massachusetts","Dukes County",1,84,75,31,44
050,25,007,"Massachusetts","Dukes County",1,85,443,171,272
050,25,007,"Massachusetts","Dukes County",2,0,193,92,101
050,25,007,"Massachusetts","Dukes County",2,1,184,88,96
050,25,007,"Massachusetts","Dukes County",2,2,193,98,95
050,25,007,"Massachusetts","Dukes County",2,3,205,91,114
050,25,007,"Massachusetts","Dukes County",2,4,186,84,102
050,25,007,"Massachusetts","Dukes County",2,5,183,87,96
050,25,007,"Massachusetts","Dukes County",2,6,176,90,86
050,25,007,"Massachusetts","Dukes County",2,7,185,104,81
050,25,007,"Massachusetts","Dukes County",2,8,181,97,84
050,25,007,"Massachusetts","Dukes County",2,9,200,98,102
050,25,007,"Massachusetts","Dukes County",2,10,224,111,113
050,25,007,"Massachusetts","Dukes County",2,11,227,106,121
050,25,007,"Massachusetts","Dukes County",2,12,230,113,117
050,25,007,"Massachusetts","Dukes County",2,13,233,123,110
050,25,007,"Massachusetts","Dukes County",2,14,227,115,112
050,25,007,"Massachusetts","Dukes County",2,15,212,114,98
050,25,007,"Massachusetts","Dukes County",2,16,204,120,84
050,25,007,"Massachusetts","Dukes County",2,17,227,119,108
050,25,007,"Massachusetts","Dukes County",2,18,186,98,88
050,25,007,"Massachusetts","Dukes County",2,19,142,83,59
050,25,007,"Massachusetts","Dukes County",2,20,160,88,72
050,25,007,"Massachusetts","Dukes County",2,21,165,79,86
050,25,007,"Massachusetts","Dukes County",2,22,173,79,94
050,25,007,"Massachusetts","Dukes County",2,23,183,89,94
050,25,007,"Massachusetts","Dukes County",2,24,191,103,88
050,25,007,"Massachusetts","Dukes County",2,25,202,105,97
050,25,007,"Massachusetts","Dukes County",2,26,217,107,110
050,25,007,"Massachusetts","Dukes County",2,27,208,106,102
050,25,007,"Massachusetts","Dukes County",2,28,207,118,89
050,25,007,"Massachusetts","Dukes County",2,29,204,97,107
050,25,007,"Massachusetts","Dukes County",2,30,211,109,102
050,25,007,"Massachusetts","Dukes County",2,31,217,125,92
050,25,007,"Massachusetts","Dukes County",2,32,229,121,108
050,25,007,"Massachusetts","Dukes County",2,33,222,106,116
050,25,007,"Massachusetts","Dukes County",2,34,230,122,108
050,25,007,"Massachusetts","Dukes County",2,35,224,115,109
050,25,007,"Massachusetts","Dukes County",2,36,231,119,112
050,25,007,"Massachusetts","Dukes County",2,37,231,120,111
050,25,007,"Massachusetts","Dukes County",2,38,236,123,113
050,25,007,"Massachusetts","Dukes County",2,39,223,110,113
050,25,007,"Massachusetts","Dukes County",2,40,234,115,119
050,25,007,"Massachusetts","Dukes County",2,41,234,115,119
050,25,007,"Massachusetts","Dukes County",2,42,249,124,125
050,25,007,"Massachusetts","Dukes County",2,43,241,128,113
050,25,007,"Massachusetts","Dukes County",2,44,223,114,109
050,25,007,"Massachusetts","Dukes County",2,45,221,110,111
050,25,007,"Massachusetts","Dukes County",2,46,226,111,115
050,25,007,"Massachusetts","Dukes County",2,47,227,114,113
050,25,007,"Massachusetts","Dukes County",2,48,247,123,124
050,25,007,"Massachusetts","Dukes County",2,49,274,134,140
050,25,007,"Massachusetts","Dukes County",2,50,270,136,134
050,25,007,"Massachusetts","Dukes County",2,51,263,142,121
050,25,007,"Massachusetts","Dukes County",2,52,272,140,132
050,25,007,"Massachusetts","Dukes County",2,53,292,141,151
050,25,007,"Massachusetts","Dukes County",2,54,286,144,142
050,25,007,"Massachusetts","Dukes County",2,55,317,158,159
050,25,007,"Massachusetts","Dukes County",2,56,342,168,174
050,25,007,"Massachusetts","Dukes County",2,57,338,168,170
050,25,007,"Massachusetts","Dukes County",2,58,356,166,190
050,25,007,"Massachusetts","Dukes County",2,59,376,183,193
050,25,007,"Massachusetts","Dukes County",2,60,355,178,177
050,25,007,"Massachusetts","Dukes County",2,61,339,181,158
050,25,007,"Massachusetts","Dukes County",2,62,343,190,153
050,25,007,"Massachusetts","Dukes County",2,63,349,181,168
050,25,007,"Massachusetts","Dukes County",2,64,333,153,180
050,25,007,"Massachusetts","Dukes County",2,65,354,160,194
050,25,007,"Massachusetts","Dukes County",2,66,355,168,187
050,25,007,"Massachusetts","Dukes County",2,67,336,147,189
050,25,007,"Massachusetts","Dukes County",2,68,358,162,196
050,25,007,"Massachusetts","Dukes County",2,69,358,170,188
050,25,007,"Massachusetts","Dukes County",2,70,346,167,179
050,25,007,"Massachusetts","Dukes County",2,71,336,152,184
050,25,007,"Massachusetts","Dukes County",2,72,325,153,172
050,25,007,"Massachusetts","Dukes County",2,73,347,169,178
050,25,007,"Massachusetts","Dukes County",2,74,248,118,130
050,25,007,"Massachusetts","Dukes County",2,75,218,105,113
050,25,007,"Massachusetts","Dukes County",2,76,207,99,108
050,25,007,"Massachusetts","Dukes County",2,77,214,94,120
050,25,007,"Massachusetts","Dukes County",2,78,166,74,92
050,25,007,"Massachusetts","Dukes County",2,79,142,69,73
050,25,007,"Massachusetts","Dukes County",2,80,123,60,63
050,25,007,"Massachusetts","Dukes County",2,81,109,52,57
050,25,007,"Massachusetts","Dukes County",2,82,91,42,49
050,25,007,"Massachusetts","Dukes County",2,83,75,32,43
050,25,007,"Massachusetts","Dukes County",2,84,73,29,44
050,25,007,"Massachusetts","Dukes County",2,85,443,175,268
050,25,007,"Massachusetts","Dukes County",3,0,173,95,78
050,25,007,"Massachusetts","Dukes County",3,1,197,96,101
050,25,007,"Massachusetts","Dukes County",3,2,194,89,105
050,25,007,"Massachusetts","Dukes County",3,3,197,98,99
050,25,007,"Massachusetts","Dukes County",3,4,214,95,119
050,25,007,"Massachusetts","Dukes County",3,5,200,90,110
050,25,007,"Massachusetts","Dukes County",3,6,192,90,102
050,25,007,"Massachusetts","Dukes County",3,7,180,98,82
050,25,007,"Massachusetts","Dukes County",3,8,192,106,86
050,25,007,"Massachusetts","Dukes County",3,9,183,96,87
050,25,007,"Massachusetts","Dukes County",3,10,197,100,97
050,25,007,"Massachusetts","Dukes County",3,11,223,110,113
050,25,007,"Massachusetts","Dukes County",3,12,227,103,124
050,25,007,"Massachusetts","Dukes County",3,13,229,113,116
050,25,007,"Massachusetts","Dukes County",3,14,233,122,111
050,25,007,"Massachusetts","Dukes County",3,15,229,115,114
050,25,007,"Massachusetts","Dukes County",3,16,217,117,100
050,25,007,"Massachusetts","Dukes County",3,17,208,121,87
050,25,007,"Massachusetts","Dukes County",3,18,201,112,89
050,25,007,"Massachusetts","Dukes County",3,19,161,87,74
050,25,007,"Massachusetts","Dukes County",3,20,154,88,66
050,25,007,"Massachusetts","Dukes County",3,21,175,96,79
050,25,007,"Massachusetts","Dukes County",3,22,181,80,101
050,25,007,"Massachusetts","Dukes County",3,23,186,89,97
050,25,007,"Massachusetts","Dukes County",3,24,186,86,100
050,25,007,"Massachusetts","Dukes County",3,25,195,101,94
050,25,007,"Massachusetts","Dukes County",3,26,196,106,90
050,25,007,"Massachusetts","Dukes County",3,27,236,114,122
050,25,007,"Massachusetts","Dukes County",3,28,225,116,109
050,25,007,"Massachusetts","Dukes County",3,29,224,121,103
050,25,007,"Massachusetts","Dukes County",3,30,235,114,121
050,25,007,"Massachusetts","Dukes County",3,31,223,111,112
050,25,007,"Massachusetts","Dukes County",3,32,237,134,103
050,25,007,"Massachusetts","Dukes County",3,33,241,123,118
050,25,007,"Massachusetts","Dukes County",3,34,245,118,127
050,25,007,"Massachusetts","Dukes County",3,35,240,129,111
050,25,007,"Massachusetts","Dukes County",3,36,235,118,117
050,25,007,"Massachusetts","Dukes County",3,37,247,128,119
050,25,007,"Massachusetts","Dukes County",3,38,236,121,115
050,25,007,"Massachusetts","Dukes County",3,39,240,126,114
050,25,007,"Massachusetts","Dukes County",3,40,227,109,118
050,25,007,"Massachusetts","Dukes County",3,41,249,122,127
050,25,007,"Massachusetts","Dukes County",3,42,243,118,125
050,25,007,"Massachusetts","Dukes County",3,43,251,127,124
050,25,007,"Massachusetts","Dukes County",3,44,243,125,118
050,25,007,"Massachusetts","Dukes County",3,45,229,120,109
050,25,007,"Massachusetts","Dukes County",3,46,223,112,111
050,25,007,"Massachusetts","Dukes County",3,47,226,110,116
050,25,007,"Massachusetts","Dukes County",3,48,231,115,116
050,25,007,"Massachusetts","Dukes County",3,49,259,126,133
050,25,007,"Massachusetts","Dukes County",3,50,289,142,147
050,25,007,"Massachusetts","Dukes County",3,51,275,138,137
050,25,007,"Massachusetts","Dukes County",3,52,268,148,120
050,25,007,"Massachusetts","Dukes County",3,53,271,137,134
050,25,007,"Massachusetts","Dukes County",3,54,296,138,158
050,25,007,"Massachusetts","Dukes County",3,55,290,147,143
050,25,007,"Massachusetts","Dukes County",3,56,328,162,166
050,25,007,"Massachusetts","Dukes County",3,57,345,176,169
050,25,007,"Massachusetts","Dukes County",3,58,349,170,179
050,25,007,"Massachusetts","Dukes County",3,59,369,172,197
050,25,007,"Massachusetts","Dukes County",3,60,377,181,196
050,25,007,"Massachusetts","Dukes County",3,61,360,183,177
050,25,007,"Massachusetts","Dukes County",3,62,354,189,165
050,25,007,"Massachusetts","Dukes County",3,63,359,200,159
050,25,007,"Massachusetts","Dukes County",3,64,364,193,171
050,25,007,"Massachusetts","Dukes County",3,65,329,151,178
050,25,007,"Massachusetts","Dukes County",3,66,369,163,206
050,25,007,"Massachusetts","Dukes County",3,67,346,168,178
050,25,007,"Massachusetts","Dukes County",3,68,340,147,193
050,25,007,"Massachusetts","Dukes County",3,69,351,163,188
050,25,007,"Massachusetts","Dukes County",3,70,366,174,192
050,25,007,"Massachusetts","Dukes County",3,71,344,167,177
050,25,007,"Massachusetts","Dukes County",3,72,333,152,181
050,25,007,"Massachusetts","Dukes County",3,73,322,156,166
050,25,007,"Massachusetts","Dukes County",3,74,344,166,178
050,25,007,"Massachusetts","Dukes County",3,75,245,118,127
050,25,007,"Massachusetts","Dukes County",3,76,216,100,116
050,25,007,"Massachusetts","Dukes County",3,77,209,98,111
050,25,007,"Massachusetts","Dukes County",3,78,207,89,118
050,25,007,"Massachusetts","Dukes County",3,79,165,71,94
050,25,007,"Massachusetts","Dukes County",3,80,138,63,75
050,25,007,"Massachusetts","Dukes County",3,81,120,59,61
050,25,007,"Massachusetts","Dukes County",3,82,109,54,55
050,25,007,"Massachusetts","Dukes County",3,83,85,36,49
050,25,007,"Massachusetts","Dukes County",3,84,74,31,43
050,25,007,"Massachusetts","Dukes County",3,85,456,183,273
050,25,007,"Massachusetts","Dukes County",4,0,182,105,77
050,25,007,"Massachusetts","Dukes County",4,1,168,91,77
050,25,007,"Massachusetts","Dukes County",4,2,195,93,102
050,25,007,"Massachusetts","Dukes County",4,3,181,84,97
050,25,007,"Massachusetts","Dukes County",4,4,201,96,105
050,25,007,"Massachusetts","Dukes County",4,5,209,89,120
050,25,007,"Massachusetts","Dukes County",4,6,189,84,105
050,25,007,"Massachusetts","Dukes County",4,7,184,90,94
050,25,007,"Massachusetts","Dukes County",4,8,179,94,85
050,25,007,"Massachusetts","Dukes County",4,9,192,109,83
050,25,007,"Massachusetts","Dukes County",4,10,193,106,87
050,25,007,"Massachusetts","Dukes County",4,11,205,102,103
050,25,007,"Massachusetts","Dukes County",4,12,222,111,111
050,25,007,"Massachusetts","Dukes County",4,13,226,101,125
050,25,007,"Massachusetts","Dukes County",4,14,226,110,116
050,25,007,"Massachusetts","Dukes County",4,15,229,125,104
050,25,007,"Massachusetts","Dukes County",4,16,238,113,125
050,25,007,"Massachusetts","Dukes County",4,17,216,116,100
050,25,007,"Massachusetts","Dukes County",4,18,170,108,62
050,25,007,"Massachusetts","Dukes County",4,19,157,89,68
050,25,007,"Massachusetts","Dukes County",4,20,169,92,77
050,25,007,"Massachusetts","Dukes County",4,21,149,86,63
050,25,007,"Massachusetts","Dukes County",4,22,185,95,90
050,25,007,"Massachusetts","Dukes County",4,23,190,87,103
050,25,007,"Massachusetts","Dukes County",4,24,170,76,94
050,25,007,"Massachusetts","Dukes County",4,25,161,75,86
050,25,007,"Massachusetts","Dukes County",4,26,186,97,89
050,25,007,"Massachusetts","Dukes County",4,27,192,97,95
050,25,007,"Massachusetts","Dukes County",4,28,234,111,123
050,25,007,"Massachusetts","Dukes County",4,29,222,122,100
050,25,007,"Massachusetts","Dukes County",4,30,211,111,100
050,25,007,"Massachusetts","Dukes County",4,31,219,106,113
050,25,007,"Massachusetts","Dukes County",4,32,218,108,110
050,25,007,"Massachusetts","Dukes County",4,33,227,122,105
050,25,007,"Massachusetts","Dukes County",4,34,247,131,116
050,25,007,"Massachusetts","Dukes County",4,35,248,121,127
050,25,007,"Massachusetts","Dukes County",4,36,240,126,114
050,25,007,"Massachusetts","Dukes County",4,37,225,115,110
050,25,007,"Massachusetts","Dukes County",4,38,242,123,119
050,25,007,"Massachusetts","Dukes County",4,39,240,124,116
050,25,007,"Massachusetts","Dukes County",4,40,243,130,113
050,25,007,"Massachusetts","Dukes County",4,41,224,107,117
050,25,007,"Massachusetts","Dukes County",4,42,242,124,118
050,25,007,"Massachusetts","Dukes County",4,43,234,114,120
050,25,007,"Massachusetts","Dukes County",4,44,253,131,122
050,25,007,"Massachusetts","Dukes County",4,45,242,129,113
050,25,007,"Massachusetts","Dukes County",4,46,224,118,106
050,25,007,"Massachusetts","Dukes County",4,47,222,103,119
050,25,007,"Massachusetts","Dukes County",4,48,227,112,115
050,25,007,"Massachusetts","Dukes County",4,49,237,116,121
050,25,007,"Massachusetts","Dukes County",4,50,251,123,128
050,25,007,"Massachusetts","Dukes County",4,51,288,136,152
050,25,007,"Massachusetts","Dukes County",4,52,291,151,140
050,25,007,"Massachusetts","Dukes County",4,53,271,154,117
050,25,007,"Massachusetts","Dukes County",4,54,266,140,126
050,25,007,"Massachusetts","Dukes County",4,55,292,140,152
050,25,007,"Massachusetts","Dukes County",4,56,307,146,161
050,25,007,"Massachusetts","Dukes County",4,57,326,155,171
050,25,007,"Massachusetts","Dukes County",4,58,343,173,170
050,25,007,"Massachusetts","Dukes County",4,59,353,175,178
050,25,007,"Massachusetts","Dukes County",4,60,372,174,198
050,25,007,"Massachusetts","Dukes County",4,61,379,181,198
050,25,007,"Massachusetts","Dukes County",4,62,360,184,176
050,25,007,"Massachusetts","Dukes County",4,63,353,190,163
050,25,007,"Massachusetts","Dukes County",4,64,361,195,166
050,25,007,"Massachusetts","Dukes County",4,65,363,191,172
050,25,007,"Massachusetts","Dukes County",4,66,315,144,171
050,25,007,"Massachusetts","Dukes County",4,67,365,164,201
050,25,007,"Massachusetts","Dukes County",4,68,347,165,182
050,25,007,"Massachusetts","Dukes County",4,69,340,145,195
050,25,007,"Massachusetts","Dukes County",4,70,347,164,183
050,25,007,"Massachusetts","Dukes County",4,71,381,176,205
050,25,007,"Massachusetts","Dukes County",4,72,341,159,182
050,25,007,"Massachusetts","Dukes County",4,73,331,155,176
050,25,007,"Massachusetts","Dukes County",4,74,317,156,161
050,25,007,"Massachusetts","Dukes County",4,75,329,157,172
050,25,007,"Massachusetts","Dukes County",4,76,239,115,124
050,25,007,"Massachusetts","Dukes County",4,77,211,100,111
050,25,007,"Massachusetts","Dukes County",4,78,201,94,107
050,25,007,"Massachusetts","Dukes County",4,79,200,86,114
050,25,007,"Massachusetts","Dukes County",4,80,158,69,89
050,25,007,"Massachusetts","Dukes County",4,81,127,53,74
050,25,007,"Massachusetts","Dukes County",4,82,114,54,60
050,25,007,"Massachusetts","Dukes County",4,83,108,54,54
050,25,007,"Massachusetts","Dukes County",4,84,84,34,50
050,25,007,"Massachusetts","Dukes County",4,85,446,180,266
050,25,007,"Massachusetts","Dukes County",5,0,176,105,71
050,25,007,"Massachusetts","Dukes County",5,1,185,114,71
050,25,007,"Massachusetts","Dukes County",5,2,164,85,79
050,25,007,"Massachusetts","Dukes County",5,3,192,95,97
050,25,007,"Massachusetts","Dukes County",5,4,190,87,103
050,25,007,"Massachusetts","Dukes County",5,5,212,98,114
050,25,007,"Massachusetts","Dukes County",5,6,204,86,118
050,25,007,"Massachusetts","Dukes County",5,7,186,89,97
050,25,007,"Massachusetts","Dukes County",5,8,181,89,92
050,25,007,"Massachusetts","Dukes County",5,9,178,93,85
050,25,007,"Massachusetts","Dukes County",5,10,199,115,84
050,25,007,"Massachusetts","Dukes County",5,11,205,113,92
050,25,007,"Massachusetts","Dukes County",5,12,204,95,109
050,25,007,"Massachusetts","Dukes County",5,13,217,109,108
050,25,007,"Massachusetts","Dukes County",5,14,219,100,119
050,25,007,"Massachusetts","Dukes County",5,15,231,113,118
050,25,007,"Massachusetts","Dukes County",5,16,246,125,121
050,25,007,"Massachusetts","Dukes County",5,17,244,119,125
050,25,007,"Massachusetts","Dukes County",5,18,182,100,82
050,25,007,"Massachusetts","Dukes County",5,19,126,83,43
050,25,007,"Massachusetts","Dukes County",5,20,169,96,73
050,25,007,"Massachusetts","Dukes County",5,21,172,88,84
050,25,007,"Massachusetts","Dukes County",5,22,154,88,66
050,25,007,"Massachusetts","Dukes County",5,23,190,95,95
050,25,007,"Massachusetts","Dukes County",5,24,192,89,103
050,25,007,"Massachusetts","Dukes County",5,25,159,67,92
050,25,007,"Massachusetts","Dukes County",5,26,156,72,84
050,25,007,"Massachusetts","Dukes County",5,27,164,85,79
050,25,007,"Massachusetts","Dukes County",5,28,184,93,91
050,25,007,"Massachusetts","Dukes County",5,29,244,124,120
050,25,007,"Massachusetts","Dukes County",5,30,214,118,96
050,25,007,"Massachusetts","Dukes County",5,31,209,110,99
050,25,007,"Massachusetts","Dukes County",5,32,198,97,101
050,25,007,"Massachusetts","Dukes County",5,33,207,95,112
050,25,007,"Massachusetts","Dukes County",5,34,222,125,97
050,25,007,"Massachusetts","Dukes County",5,35,242,128,114
050,25,007,"Massachusetts","Dukes County",5,36,248,124,124
050,25,007,"Massachusetts","Dukes County",5,37,238,131,107
050,25,007,"Massachusetts","Dukes County",5,38,208,105,103
050,25,007,"Massachusetts","Dukes County",5,39,243,121,122
050,25,007,"Massachusetts","Dukes County",5,40,230,117,113
050,25,007,"Massachusetts","Dukes County",5,41,246,131,115
050,25,007,"Massachusetts","Dukes County",5,42,219,108,111
050,25,007,"Massachusetts","Dukes County",5,43,236,120,116
050,25,007,"Massachusetts","Dukes County",5,44,238,116,122
050,25,007,"Massachusetts","Dukes County",5,45,248,126,122
050,25,007,"Massachusetts","Dukes County",5,46,244,133,111
050,25,007,"Massachusetts","Dukes County",5,47,229,117,112
050,25,007,"Massachusetts","Dukes County",5,48,224,102,122
050,25,007,"Massachusetts","Dukes County",5,49,223,108,115
050,25,007,"Massachusetts","Dukes County",5,50,232,118,114
050,25,007,"Massachusetts","Dukes County",5,51,242,122,120
050,25,007,"Massachusetts","Dukes County",5,52,295,150,145
050,25,007,"Massachusetts","Dukes County",5,53,290,150,140
050,25,007,"Massachusetts","Dukes County",5,54,256,140,116
050,25,007,"Massachusetts","Dukes County",5,55,265,138,127
050,25,007,"Massachusetts","Dukes County",5,56,295,137,158
050,25,007,"Massachusetts","Dukes County",5,57,316,150,166
050,25,007,"Massachusetts","Dukes County",5,58,327,159,168
050,25,007,"Massachusetts","Dukes County",5,59,352,177,175
050,25,007,"Massachusetts","Dukes County",5,60,358,180,178
050,25,007,"Massachusetts","Dukes County",5,61,374,174,200
050,25,007,"Massachusetts","Dukes County",5,62,377,178,199
050,25,007,"Massachusetts","Dukes County",5,63,367,189,178
050,25,007,"Massachusetts","Dukes County",5,64,346,189,157
050,25,007,"Massachusetts","Dukes County",5,65,358,195,163
050,25,007,"Massachusetts","Dukes County",5,66,355,183,172
050,25,007,"Massachusetts","Dukes County",5,67,310,143,167
050,25,007,"Massachusetts","Dukes County",5,68,363,160,203
050,25,007,"Massachusetts","Dukes County",5,69,337,162,175
050,25,007,"Massachusetts","Dukes County",5,70,342,147,195
050,25,007,"Massachusetts","Dukes County",5,71,352,160,192
050,25,007,"Massachusetts","Dukes County",5,72,376,170,206
050,25,007,"Massachusetts","Dukes County",5,73,332,157,175
050,25,007,"Massachusetts","Dukes County",5,74,322,149,173
050,25,007,"Massachusetts","Dukes County",5,75,310,152,158
050,25,007,"Massachusetts","Dukes County",5,76,319,150,169
050,25,007,"Massachusetts","Dukes County",5,77,231,114,117
050,25,007,"Massachusetts","Dukes County",5,78,202,93,109
050,25,007,"Massachusetts","Dukes County",5,79,197,91,106
050,25,007,"Massachusetts","Dukes County",5,80,196,84,112
050,25,007,"Massachusetts","Dukes County",5,81,147,62,85
050,25,007,"Massachusetts","Dukes County",5,82,113,50,63
050,25,007,"Massachusetts","Dukes County",5,83,111,53,58
050,25,007,"Massachusetts","Dukes County",5,84,103,51,52
050,25,007,"Massachusetts","Dukes County",5,85,460,185,275
050,25,009,"Massachusetts","Essex County",1,0,8457,4306,4151
050,25,009,"Massachusetts","Essex County",1,1,8681,4411,4270
050,25,009,"Massachusetts","Essex County",1,2,9065,4634,4431
050,25,009,"Massachusetts","Essex County",1,3,9106,4650,4456
050,25,009,"Massachusetts","Essex County",1,4,9126,4675,4451
050,25,009,"Massachusetts","Essex County",1,5,9268,4736,4532
050,25,009,"Massachusetts","Essex County",1,6,9201,4663,4538
050,25,009,"Massachusetts","Essex County",1,7,9301,4740,4561
050,25,009,"Massachusetts","Essex County",1,8,9425,4761,4664
050,25,009,"Massachusetts","Essex County",1,9,9426,4809,4617
050,25,009,"Massachusetts","Essex County",1,10,9613,5008,4605
050,25,009,"Massachusetts","Essex County",1,11,9803,5144,4659
050,25,009,"Massachusetts","Essex County",1,12,10041,5161,4880
050,25,009,"Massachusetts","Essex County",1,13,10101,5196,4905
050,25,009,"Massachusetts","Essex County",1,14,10103,5162,4941
050,25,009,"Massachusetts","Essex County",1,15,10270,5241,5029
050,25,009,"Massachusetts","Essex County",1,16,10667,5447,5220
050,25,009,"Massachusetts","Essex County",1,17,10671,5431,5240
050,25,009,"Massachusetts","Essex County",1,18,10519,5303,5216
050,25,009,"Massachusetts","Essex County",1,19,10504,5284,5220
050,25,009,"Massachusetts","Essex County",1,20,10480,5274,5206
050,25,009,"Massachusetts","Essex County",1,21,10331,5182,5149
050,25,009,"Massachusetts","Essex County",1,22,10226,5090,5136
050,25,009,"Massachusetts","Essex County",1,23,9872,5066,4806
050,25,009,"Massachusetts","Essex County",1,24,9603,4938,4665
050,25,009,"Massachusetts","Essex County",1,25,9665,4919,4746
050,25,009,"Massachusetts","Essex County",1,26,9930,5041,4889
050,25,009,"Massachusetts","Essex County",1,27,10017,5064,4953
050,25,009,"Massachusetts","Essex County",1,28,9877,4944,4933
050,25,009,"Massachusetts","Essex County",1,29,9866,5012,4854
050,25,009,"Massachusetts","Essex County",1,30,10000,4998,5002
050,25,009,"Massachusetts","Essex County",1,31,10229,4980,5249
050,25,009,"Massachusetts","Essex County",1,32,10274,5062,5212
050,25,009,"Massachusetts","Essex County",1,33,10510,5143,5367
050,25,009,"Massachusetts","Essex County",1,34,10472,5166,5306
050,25,009,"Massachusetts","Essex County",1,35,10277,5047,5230
050,25,009,"Massachusetts","Essex County",1,36,10205,5075,5130
050,25,009,"Massachusetts","Essex County",1,37,10382,5105,5277
050,25,009,"Massachusetts","Essex County",1,38,10200,4963,5237
050,25,009,"Massachusetts","Essex County",1,39,10163,4995,5168
050,25,009,"Massachusetts","Essex County",1,40,10043,4850,5193
050,25,009,"Massachusetts","Essex County",1,41,9993,4893,5100
050,25,009,"Massachusetts","Essex County",1,42,9737,4760,4977
050,25,009,"Massachusetts","Essex County",1,43,9503,4652,4851
050,25,009,"Massachusetts","Essex County",1,44,9403,4617,4786
050,25,009,"Massachusetts","Essex County",1,45,9408,4547,4861
050,25,009,"Massachusetts","Essex County",1,46,9313,4522,4791
050,25,009,"Massachusetts","Essex County",1,47,9754,4734,5020
050,25,009,"Massachusetts","Essex County",1,48,10446,5012,5434
050,25,009,"Massachusetts","Essex County",1,49,11255,5381,5874
050,25,009,"Massachusetts","Essex County",1,50,11162,5351,5811
050,25,009,"Massachusetts","Essex County",1,51,11142,5338,5804
050,25,009,"Massachusetts","Essex County",1,52,11119,5390,5729
050,25,009,"Massachusetts","Essex County",1,53,11507,5606,5901
050,25,009,"Massachusetts","Essex County",1,54,11741,5667,6074
050,25,009,"Massachusetts","Essex County",1,55,12150,5796,6354
050,25,009,"Massachusetts","Essex County",1,56,12221,5897,6324
050,25,009,"Massachusetts","Essex County",1,57,12173,5918,6255
050,25,009,"Massachusetts","Essex County",1,58,12249,5860,6389
050,25,009,"Massachusetts","Essex County",1,59,12054,5788,6266
050,25,009,"Massachusetts","Essex County",1,60,11777,5721,6056
050,25,009,"Massachusetts","Essex County",1,61,11719,5681,6038
050,25,009,"Massachusetts","Essex County",1,62,11623,5589,6034
050,25,009,"Massachusetts","Essex County",1,63,10804,5177,5627
050,25,009,"Massachusetts","Essex County",1,64,10513,4995,5518
050,25,009,"Massachusetts","Essex County",1,65,10217,4856,5361
050,25,009,"Massachusetts","Essex County",1,66,9751,4662,5089
050,25,009,"Massachusetts","Essex County",1,67,9412,4417,4995
050,25,009,"Massachusetts","Essex County",1,68,8853,4111,4742
050,25,009,"Massachusetts","Essex County",1,69,8199,3742,4457
050,25,009,"Massachusetts","Essex County",1,70,8073,3743,4330
050,25,009,"Massachusetts","Essex County",1,71,7963,3653,4310
050,25,009,"Massachusetts","Essex County",1,72,7922,3624,4298
050,25,009,"Massachusetts","Essex County",1,73,7901,3657,4244
050,25,009,"Massachusetts","Essex County",1,74,5482,2448,3034
050,25,009,"Massachusetts","Essex County",1,75,5359,2382,2977
050,25,009,"Massachusetts","Essex County",1,76,5321,2380,2941
050,25,009,"Massachusetts","Essex County",1,77,5222,2332,2890
050,25,009,"Massachusetts","Essex County",1,78,4341,1916,2425
050,25,009,"Massachusetts","Essex County",1,79,3865,1665,2200
050,25,009,"Massachusetts","Essex County",1,80,3550,1477,2073
050,25,009,"Massachusetts","Essex County",1,81,3418,1395,2023
050,25,009,"Massachusetts","Essex County",1,82,3143,1268,1875
050,25,009,"Massachusetts","Essex County",1,83,2850,1091,1759
050,25,009,"Massachusetts","Essex County",1,84,2688,1052,1636
050,25,009,"Massachusetts","Essex County",1,85,17561,5752,11809
050,25,009,"Massachusetts","Essex County",2,0,8414,4310,4104
050,25,009,"Massachusetts","Essex County",2,1,8630,4391,4239
050,25,009,"Massachusetts","Essex County",2,2,8969,4583,4386
050,25,009,"Massachusetts","Essex County",2,3,9061,4632,4429
050,25,009,"Massachusetts","Essex County",2,4,9132,4677,4455
050,25,009,"Massachusetts","Essex County",2,5,9237,4716,4521
050,25,009,"Massachusetts","Essex County",2,6,9217,4680,4537
050,25,009,"Massachusetts","Essex County",2,7,9246,4702,4544
050,25,009,"Massachusetts","Essex County",2,8,9350,4733,4617
050,25,009,"Massachusetts","Essex County",2,9,9405,4794,4611
050,25,009,"Massachusetts","Essex County",2,10,9554,4955,4599
050,25,009,"Massachusetts","Essex County",2,11,9720,5086,4634
050,25,009,"Massachusetts","Essex County",2,12,10029,5176,4853
050,25,009,"Massachusetts","Essex County",2,13,10060,5176,4884
050,25,009,"Massachusetts","Essex County",2,14,10089,5167,4922
050,25,009,"Massachusetts","Essex County",2,15,10241,5226,5015
050,25,009,"Massachusetts","Essex County",2,16,10566,5395,5171
050,25,009,"Massachusetts","Essex County",2,17,10667,5433,5234
050,25,009,"Massachusetts","Essex County",2,18,10366,5239,5127
050,25,009,"Massachusetts","Essex County",2,19,10243,5159,5084
050,25,009,"Massachusetts","Essex County",2,20,10374,5243,5131
050,25,009,"Massachusetts","Essex County",2,21,10170,5103,5067
050,25,009,"Massachusetts","Essex County",2,22,10119,5048,5071
050,25,009,"Massachusetts","Essex County",2,23,9826,5013,4813
050,25,009,"Massachusetts","Essex County",2,24,9617,4929,4688
050,25,009,"Massachusetts","Essex County",2,25,9633,4914,4719
050,25,009,"Massachusetts","Essex County",2,26,9871,5013,4858
050,25,009,"Massachusetts","Essex County",2,27,9963,5028,4935
050,25,009,"Massachusetts","Essex County",2,28,9935,4981,4954
050,25,009,"Massachusetts","Essex County",2,29,9862,4976,4886
050,25,009,"Massachusetts","Essex County",2,30,10064,5036,5028
050,25,009,"Massachusetts","Essex County",2,31,10155,4973,5182
050,25,009,"Massachusetts","Essex County",2,32,10284,5049,5235
050,25,009,"Massachusetts","Essex County",2,33,10450,5120,5330
050,25,009,"Massachusetts","Essex County",2,34,10513,5170,5343
050,25,009,"Massachusetts","Essex County",2,35,10386,5108,5278
050,25,009,"Massachusetts","Essex County",2,36,10183,5048,5135
050,25,009,"Massachusetts","Essex County",2,37,10342,5094,5248
050,25,009,"Massachusetts","Essex County",2,38,10293,5023,5270
050,25,009,"Massachusetts","Essex County",2,39,10144,4973,5171
050,25,009,"Massachusetts","Essex County",2,40,10129,4916,5213
050,25,009,"Massachusetts","Essex County",2,41,9981,4868,5113
050,25,009,"Massachusetts","Essex County",2,42,9746,4764,4982
050,25,009,"Massachusetts","Essex County",2,43,9605,4691,4914
050,25,009,"Massachusetts","Essex County",2,44,9362,4590,4772
050,25,009,"Massachusetts","Essex County",2,45,9441,4577,4864
050,25,009,"Massachusetts","Essex County",2,46,9300,4508,4792
050,25,009,"Massachusetts","Essex County",2,47,9616,4667,4949
050,25,009,"Massachusetts","Essex County",2,48,10268,4935,5333
050,25,009,"Massachusetts","Essex County",2,49,11099,5319,5780
050,25,009,"Massachusetts","Essex County",2,50,11200,5367,5833
050,25,009,"Massachusetts","Essex County",2,51,11094,5311,5783
050,25,009,"Massachusetts","Essex County",2,52,11097,5367,5730
050,25,009,"Massachusetts","Essex County",2,53,11384,5526,5858
050,25,009,"Massachusetts","Essex County",2,54,11641,5635,6006
050,25,009,"Massachusetts","Essex County",2,55,12037,5760,6277
050,25,009,"Massachusetts","Essex County",2,56,12201,5877,6324
050,25,009,"Massachusetts","Essex County",2,57,12162,5899,6263
050,25,009,"Massachusetts","Essex County",2,58,12178,5849,6329
050,25,009,"Massachusetts","Essex County",2,59,12100,5799,6301
050,25,009,"Massachusetts","Essex County",2,60,11780,5705,6075
050,25,009,"Massachusetts","Essex County",2,61,11657,5653,6004
050,25,009,"Massachusetts","Essex County",2,62,11578,5569,6009
050,25,009,"Massachusetts","Essex County",2,63,11047,5300,5747
050,25,009,"Massachusetts","Essex County",2,64,10483,4987,5496
050,25,009,"Massachusetts","Essex County",2,65,10223,4847,5376
050,25,009,"Massachusetts","Essex County",2,66,9810,4670,5140
050,25,009,"Massachusetts","Essex County",2,67,9407,4430,4977
050,25,009,"Massachusetts","Essex County",2,68,8868,4127,4741
050,25,009,"Massachusetts","Essex County",2,69,8339,3812,4527
050,25,009,"Massachusetts","Essex County",2,70,8028,3699,4329
050,25,009,"Massachusetts","Essex County",2,71,7948,3651,4297
050,25,009,"Massachusetts","Essex County",2,72,7760,3550,4210
050,25,009,"Massachusetts","Essex County",2,73,8201,3775,4426
050,25,009,"Massachusetts","Essex County",2,74,5667,2548,3119
050,25,009,"Massachusetts","Essex County",2,75,5325,2364,2961
050,25,009,"Massachusetts","Essex County",2,76,5247,2334,2913
050,25,009,"Massachusetts","Essex County",2,77,5283,2347,2936
050,25,009,"Massachusetts","Essex County",2,78,4425,1955,2470
050,25,009,"Massachusetts","Essex County",2,79,3891,1675,2216
050,25,009,"Massachusetts","Essex County",2,80,3587,1498,2089
050,25,009,"Massachusetts","Essex County",2,81,3372,1383,1989
050,25,009,"Massachusetts","Essex County",2,82,3145,1263,1882
050,25,009,"Massachusetts","Essex County",2,83,2820,1101,1719
050,25,009,"Massachusetts","Essex County",2,84,2652,1021,1631
050,25,009,"Massachusetts","Essex County",2,85,17227,5645,11582
050,25,009,"Massachusetts","Essex County",3,0,8263,4250,4013
050,25,009,"Massachusetts","Essex County",3,1,8520,4380,4140
050,25,009,"Massachusetts","Essex County",3,2,8666,4389,4277
050,25,009,"Massachusetts","Essex County",3,3,8963,4584,4379
050,25,009,"Massachusetts","Essex County",3,4,9058,4616,4442
050,25,009,"Massachusetts","Essex County",3,5,9097,4673,4424
050,25,009,"Massachusetts","Essex County",3,6,9202,4724,4478
050,25,009,"Massachusetts","Essex County",3,7,9167,4669,4498
050,25,009,"Massachusetts","Essex County",3,8,9231,4681,4550
050,25,009,"Massachusetts","Essex County",3,9,9287,4727,4560
050,25,009,"Massachusetts","Essex County",3,10,9365,4767,4598
050,25,009,"Massachusetts","Essex County",3,11,9571,4976,4595
050,25,009,"Massachusetts","Essex County",3,12,9742,5086,4656
050,25,009,"Massachusetts","Essex County",3,13,9900,5132,4768
050,25,009,"Massachusetts","Essex County",3,14,10092,5212,4880
050,25,009,"Massachusetts","Essex County",3,15,10102,5167,4935
050,25,009,"Massachusetts","Essex County",3,16,10199,5205,4994
050,25,009,"Massachusetts","Essex County",3,17,10545,5382,5163
050,25,009,"Massachusetts","Essex County",3,18,10533,5281,5252
050,25,009,"Massachusetts","Essex County",3,19,10294,5131,5163
050,25,009,"Massachusetts","Essex County",3,20,10484,5314,5170
050,25,009,"Massachusetts","Essex County",3,21,10274,5173,5101
050,25,009,"Massachusetts","Essex County",3,22,10165,5079,5086
050,25,009,"Massachusetts","Essex County",3,23,9857,4994,4863
050,25,009,"Massachusetts","Essex County",3,24,9654,4978,4676
050,25,009,"Massachusetts","Essex County",3,25,9526,4867,4659
050,25,009,"Massachusetts","Essex County",3,26,9603,4868,4735
050,25,009,"Massachusetts","Essex County",3,27,9859,5005,4854
050,25,009,"Massachusetts","Essex County",3,28,10126,5121,5005
050,25,009,"Massachusetts","Essex County",3,29,10106,5049,5057
050,25,009,"Massachusetts","Essex County",3,30,10123,5129,4994
050,25,009,"Massachusetts","Essex County",3,31,10237,5114,5123
050,25,009,"Massachusetts","Essex County",3,32,10476,5121,5355
050,25,009,"Massachusetts","Essex County",3,33,10541,5126,5415
050,25,009,"Massachusetts","Essex County",3,34,10658,5216,5442
050,25,009,"Massachusetts","Essex County",3,35,10655,5234,5421
050,25,009,"Massachusetts","Essex County",3,36,10486,5163,5323
050,25,009,"Massachusetts","Essex County",3,37,10252,5095,5157
050,25,009,"Massachusetts","Essex County",3,38,10400,5152,5248
050,25,009,"Massachusetts","Essex County",3,39,10316,5015,5301
050,25,009,"Massachusetts","Essex County",3,40,10249,5046,5203
050,25,009,"Massachusetts","Essex County",3,41,10120,4924,5196
050,25,009,"Massachusetts","Essex County",3,42,9971,4883,5088
050,25,009,"Massachusetts","Essex County",3,43,9770,4772,4998
050,25,009,"Massachusetts","Essex County",3,44,9590,4697,4893
050,25,009,"Massachusetts","Essex County",3,45,9303,4560,4743
050,25,009,"Massachusetts","Essex County",3,46,9343,4516,4827
050,25,009,"Massachusetts","Essex County",3,47,9262,4515,4747
050,25,009,"Massachusetts","Essex County",3,48,9528,4601,4927
050,25,009,"Massachusetts","Essex County",3,49,10237,4938,5299
050,25,009,"Massachusetts","Essex County",3,50,11062,5316,5746
050,25,009,"Massachusetts","Essex County",3,51,11060,5284,5776
050,25,009,"Massachusetts","Essex County",3,52,11031,5283,5748
050,25,009,"Massachusetts","Essex County",3,53,10985,5289,5696
050,25,009,"Massachusetts","Essex County",3,54,11343,5513,5830
050,25,009,"Massachusetts","Essex County",3,55,11582,5606,5976
050,25,009,"Massachusetts","Essex County",3,56,11832,5663,6169
050,25,009,"Massachusetts","Essex County",3,57,12033,5789,6244
050,25,009,"Massachusetts","Essex County",3,58,11985,5788,6197
050,25,009,"Massachusetts","Essex County",3,59,11943,5734,6209
050,25,009,"Massachusetts","Essex County",3,60,11903,5687,6216
050,25,009,"Massachusetts","Essex County",3,61,11598,5597,6001
050,25,009,"Massachusetts","Essex County",3,62,11417,5534,5883
050,25,009,"Massachusetts","Essex County",3,63,11326,5453,5873
050,25,009,"Massachusetts","Essex County",3,64,10780,5145,5635
050,25,009,"Massachusetts","Essex County",3,65,10306,4882,5424
050,25,009,"Massachusetts","Essex County",3,66,10032,4741,5291
050,25,009,"Massachusetts","Essex County",3,67,9602,4553,5049
050,25,009,"Massachusetts","Essex County",3,68,9216,4329,4887
050,25,009,"Massachusetts","Essex County",3,69,8662,4010,4652
050,25,009,"Massachusetts","Essex County",3,70,8143,3717,4426
050,25,009,"Massachusetts","Essex County",3,71,7814,3578,4236
050,25,009,"Massachusetts","Essex County",3,72,7731,3552,4179
050,25,009,"Massachusetts","Essex County",3,73,7549,3418,4131
050,25,009,"Massachusetts","Essex County",3,74,7958,3652,4306
050,25,009,"Massachusetts","Essex County",3,75,5449,2421,3028
050,25,009,"Massachusetts","Essex County",3,76,5159,2272,2887
050,25,009,"Massachusetts","Essex County",3,77,5047,2222,2825
050,25,009,"Massachusetts","Essex County",3,78,5056,2217,2839
050,25,009,"Massachusetts","Essex County",3,79,4224,1853,2371
050,25,009,"Massachusetts","Essex County",3,80,3721,1588,2133
050,25,009,"Massachusetts","Essex County",3,81,3377,1410,1967
050,25,009,"Massachusetts","Essex County",3,82,3176,1253,1923
050,25,009,"Massachusetts","Essex County",3,83,2919,1171,1748
050,25,009,"Massachusetts","Essex County",3,84,2599,1002,1597
050,25,009,"Massachusetts","Essex County",3,85,16772,5592,11180
050,25,009,"Massachusetts","Essex County",4,0,8606,4423,4183
050,25,009,"Massachusetts","Essex County",4,1,8354,4237,4117
050,25,009,"Massachusetts","Essex County",4,2,8526,4410,4116
050,25,009,"Massachusetts","Essex County",4,3,8705,4426,4279
050,25,009,"Massachusetts","Essex County",4,4,8965,4599,4366
050,25,009,"Massachusetts","Essex County",4,5,9118,4657,4461
050,25,009,"Massachusetts","Essex County",4,6,9116,4680,4436
050,25,009,"Massachusetts","Essex County",4,7,9238,4750,4488
050,25,009,"Massachusetts","Essex County",4,8,9120,4636,4484
050,25,009,"Massachusetts","Essex County",4,9,9229,4725,4504
050,25,009,"Massachusetts","Essex County",4,10,9276,4735,4541
050,25,009,"Massachusetts","Essex County",4,11,9355,4768,4587
050,25,009,"Massachusetts","Essex County",4,12,9529,4951,4578
050,25,009,"Massachusetts","Essex County",4,13,9748,5104,4644
050,25,009,"Massachusetts","Essex County",4,14,9939,5179,4760
050,25,009,"Massachusetts","Essex County",4,15,10119,5188,4931
050,25,009,"Massachusetts","Essex County",4,16,10123,5153,4970
050,25,009,"Massachusetts","Essex County",4,17,10264,5206,5058
050,25,009,"Massachusetts","Essex County",4,18,10438,5262,5176
050,25,009,"Massachusetts","Essex County",4,19,10207,5076,5131
050,25,009,"Massachusetts","Essex County",4,20,10237,5147,5090
050,25,009,"Massachusetts","Essex County",4,21,10265,5215,5050
050,25,009,"Massachusetts","Essex County",4,22,10260,5127,5133
050,25,009,"Massachusetts","Essex County",4,23,9729,4883,4846
050,25,009,"Massachusetts","Essex County",4,24,9560,4859,4701
050,25,009,"Massachusetts","Essex County",4,25,9443,4845,4598
050,25,009,"Massachusetts","Essex County",4,26,9389,4812,4577
050,25,009,"Massachusetts","Essex County",4,27,9412,4785,4627
050,25,009,"Massachusetts","Essex County",4,28,9822,4974,4848
050,25,009,"Massachusetts","Essex County",4,29,10086,5123,4963
050,25,009,"Massachusetts","Essex County",4,30,10193,5106,5087
050,25,009,"Massachusetts","Essex County",4,31,10131,5131,5000
050,25,009,"Massachusetts","Essex County",4,32,10489,5256,5233
050,25,009,"Massachusetts","Essex County",4,33,10666,5213,5453
050,25,009,"Massachusetts","Essex County",4,34,10764,5227,5537
050,25,009,"Massachusetts","Essex County",4,35,10825,5298,5527
050,25,009,"Massachusetts","Essex County",4,36,10826,5356,5470
050,25,009,"Massachusetts","Essex County",4,37,10533,5148,5385
050,25,009,"Massachusetts","Essex County",4,38,10333,5138,5195
050,25,009,"Massachusetts","Essex County",4,39,10389,5142,5247
050,25,009,"Massachusetts","Essex County",4,40,10369,5075,5294
050,25,009,"Massachusetts","Essex County",4,41,10265,5040,5225
050,25,009,"Massachusetts","Essex County",4,42,10099,4928,5171
050,25,009,"Massachusetts","Essex County",4,43,9929,4892,5037
050,25,009,"Massachusetts","Essex County",4,44,9742,4776,4966
050,25,009,"Massachusetts","Essex County",4,45,9571,4695,4876
050,25,009,"Massachusetts","Essex County",4,46,9231,4549,4682
050,25,009,"Massachusetts","Essex County",4,47,9281,4485,4796
050,25,009,"Massachusetts","Essex County",4,48,9137,4426,4711
050,25,009,"Massachusetts","Essex County",4,49,9438,4568,4870
050,25,009,"Massachusetts","Essex County",4,50,10150,4877,5273
050,25,009,"Massachusetts","Essex County",4,51,10951,5213,5738
050,25,009,"Massachusetts","Essex County",4,52,10978,5255,5723
050,25,009,"Massachusetts","Essex County",4,53,10901,5178,5723
050,25,009,"Massachusetts","Essex County",4,54,10875,5229,5646
050,25,009,"Massachusetts","Essex County",4,55,11235,5444,5791
050,25,009,"Massachusetts","Essex County",4,56,11427,5531,5896
050,25,009,"Massachusetts","Essex County",4,57,11660,5567,6093
050,25,009,"Massachusetts","Essex County",4,58,11792,5665,6127
050,25,009,"Massachusetts","Essex County",4,59,11775,5673,6102
050,25,009,"Massachusetts","Essex County",4,60,11714,5630,6084
050,25,009,"Massachusetts","Essex County",4,61,11679,5601,6078
050,25,009,"Massachusetts","Essex County",4,62,11403,5470,5933
050,25,009,"Massachusetts","Essex County",4,63,11165,5413,5752
050,25,009,"Massachusetts","Essex County",4,64,11099,5315,5784
050,25,009,"Massachusetts","Essex County",4,65,10561,5033,5528
050,25,009,"Massachusetts","Essex County",4,66,10079,4775,5304
050,25,009,"Massachusetts","Essex County",4,67,9816,4609,5207
050,25,009,"Massachusetts","Essex County",4,68,9409,4435,4974
050,25,009,"Massachusetts","Essex County",4,69,9037,4213,4824
050,25,009,"Massachusetts","Essex County",4,70,8457,3916,4541
050,25,009,"Massachusetts","Essex County",4,71,8024,3642,4382
050,25,009,"Massachusetts","Essex County",4,72,7667,3501,4166
050,25,009,"Massachusetts","Essex County",4,73,7568,3445,4123
050,25,009,"Massachusetts","Essex County",4,74,7348,3314,4034
050,25,009,"Massachusetts","Essex County",4,75,7744,3513,4231
050,25,009,"Massachusetts","Essex County",4,76,5333,2345,2988
050,25,009,"Massachusetts","Essex County",4,77,5014,2189,2825
050,25,009,"Massachusetts","Essex County",4,78,4904,2131,2773
050,25,009,"Massachusetts","Essex County",4,79,4858,2099,2759
050,25,009,"Massachusetts","Essex County",4,80,4121,1774,2347
050,25,009,"Massachusetts","Essex County",4,81,3536,1500,2036
050,25,009,"Massachusetts","Essex County",4,82,3224,1321,1903
050,25,009,"Massachusetts","Essex County",4,83,2988,1187,1801
050,25,009,"Massachusetts","Essex County",4,84,2774,1096,1678
050,25,009,"Massachusetts","Essex County",4,85,16844,5566,11278
050,25,009,"Massachusetts","Essex County",5,0,8541,4398,4143
050,25,009,"Massachusetts","Essex County",5,1,8708,4491,4217
050,25,009,"Massachusetts","Essex County",5,2,8584,4377,4207
050,25,009,"Massachusetts","Essex County",5,3,8612,4458,4154
050,25,009,"Massachusetts","Essex County",5,4,8798,4504,4294
050,25,009,"Massachusetts","Essex County",5,5,9077,4692,4385
050,25,009,"Massachusetts","Essex County",5,6,9258,4685,4573
050,25,009,"Massachusetts","Essex County",5,7,9264,4759,4505
050,25,009,"Massachusetts","Essex County",5,8,9303,4765,4538
050,25,009,"Massachusetts","Essex County",5,9,9171,4661,4510
050,25,009,"Massachusetts","Essex County",5,10,9248,4738,4510
050,25,009,"Massachusetts","Essex County",5,11,9324,4812,4512
050,25,009,"Massachusetts","Essex County",5,12,9450,4813,4637
050,25,009,"Massachusetts","Essex County",5,13,9593,4993,4600
050,25,009,"Massachusetts","Essex County",5,14,9864,5171,4693
050,25,009,"Massachusetts","Essex County",5,15,10020,5211,4809
050,25,009,"Massachusetts","Essex County",5,16,10144,5187,4957
050,25,009,"Massachusetts","Essex County",5,17,10251,5224,5027
050,25,009,"Massachusetts","Essex County",5,18,10205,5130,5075
050,25,009,"Massachusetts","Essex County",5,19,10277,5093,5184
050,25,009,"Massachusetts","Essex County",5,20,10444,5223,5221
050,25,009,"Massachusetts","Essex County",5,21,10178,5096,5082
050,25,009,"Massachusetts","Essex County",5,22,10371,5186,5185
050,25,009,"Massachusetts","Essex County",5,23,9904,4997,4907
050,25,009,"Massachusetts","Essex County",5,24,9690,4850,4840
050,25,009,"Massachusetts","Essex County",5,25,9462,4785,4677
050,25,009,"Massachusetts","Essex County",5,26,9349,4783,4566
050,25,009,"Massachusetts","Essex County",5,27,9282,4780,4502
050,25,009,"Massachusetts","Essex County",5,28,9572,4826,4746
050,25,009,"Massachusetts","Essex County",5,29,9802,4917,4885
050,25,009,"Massachusetts","Essex County",5,30,10303,5292,5011
050,25,009,"Massachusetts","Essex County",5,31,10357,5183,5174
050,25,009,"Massachusetts","Essex County",5,32,10488,5330,5158
050,25,009,"Massachusetts","Essex County",5,33,10693,5298,5395
050,25,009,"Massachusetts","Essex County",5,34,10922,5306,5616
050,25,009,"Massachusetts","Essex County",5,35,10924,5341,5583
050,25,009,"Massachusetts","Essex County",5,36,11023,5454,5569
050,25,009,"Massachusetts","Essex County",5,37,10878,5352,5526
050,25,009,"Massachusetts","Essex County",5,38,10660,5261,5399
050,25,009,"Massachusetts","Essex County",5,39,10373,5136,5237
050,25,009,"Massachusetts","Essex County",5,40,10474,5157,5317
050,25,009,"Massachusetts","Essex County",5,41,10469,5123,5346
050,25,009,"Massachusetts","Essex County",5,42,10355,5103,5252
050,25,009,"Massachusetts","Essex County",5,43,10180,4980,5200
050,25,009,"Massachusetts","Essex County",5,44,9948,4943,5005
050,25,009,"Massachusetts","Essex County",5,45,9724,4749,4975
050,25,009,"Massachusetts","Essex County",5,46,9521,4662,4859
050,25,009,"Massachusetts","Essex County",5,47,9160,4517,4643
050,25,009,"Massachusetts","Essex County",5,48,9271,4489,4782
050,25,009,"Massachusetts","Essex County",5,49,9132,4416,4716
050,25,009,"Massachusetts","Essex County",5,50,9408,4529,4879
050,25,009,"Massachusetts","Essex County",5,51,10124,4846,5278
050,25,009,"Massachusetts","Essex County",5,52,10856,5172,5684
050,25,009,"Massachusetts","Essex County",5,53,10899,5206,5693
050,25,009,"Massachusetts","Essex County",5,54,10852,5176,5676
050,25,009,"Massachusetts","Essex County",5,55,10786,5182,5604
050,25,009,"Massachusetts","Essex County",5,56,11091,5393,5698
050,25,009,"Massachusetts","Essex County",5,57,11287,5443,5844
050,25,009,"Massachusetts","Essex County",5,58,11487,5464,6023
050,25,009,"Massachusetts","Essex County",5,59,11604,5519,6085
050,25,009,"Massachusetts","Essex County",5,60,11635,5638,5997
050,25,009,"Massachusetts","Essex County",5,61,11520,5549,5971
050,25,009,"Massachusetts","Essex County",5,62,11527,5511,6016
050,25,009,"Massachusetts","Essex County",5,63,11180,5355,5825
050,25,009,"Massachusetts","Essex County",5,64,10871,5262,5609
050,25,009,"Massachusetts","Essex County",5,65,10933,5224,5709
050,25,009,"Massachusetts","Essex County",5,66,10360,4933,5427
050,25,009,"Massachusetts","Essex County",5,67,9879,4649,5230
050,25,009,"Massachusetts","Essex County",5,68,9644,4511,5133
050,25,009,"Massachusetts","Essex County",5,69,9229,4326,4903
050,25,009,"Massachusetts","Essex County",5,70,8882,4123,4759
050,25,009,"Massachusetts","Essex County",5,71,8328,3823,4505
050,25,009,"Massachusetts","Essex County",5,72,7847,3544,4303
050,25,009,"Massachusetts","Essex County",5,73,7516,3389,4127
050,25,009,"Massachusetts","Essex County",5,74,7402,3368,4034
050,25,009,"Massachusetts","Essex County",5,75,7201,3222,3979
050,25,009,"Massachusetts","Essex County",5,76,7570,3426,4144
050,25,009,"Massachusetts","Essex County",5,77,5184,2256,2928
050,25,009,"Massachusetts","Essex County",5,78,4875,2107,2768
050,25,009,"Massachusetts","Essex County",5,79,4702,2012,2690
050,25,009,"Massachusetts","Essex County",5,80,4722,2003,2719
050,25,009,"Massachusetts","Essex County",5,81,3914,1669,2245
050,25,009,"Massachusetts","Essex County",5,82,3371,1422,1949
050,25,009,"Massachusetts","Essex County",5,83,3037,1243,1794
050,25,009,"Massachusetts","Essex County",5,84,2800,1100,1700
050,25,009,"Massachusetts","Essex County",5,85,16965,5648,11317
050,25,011,"Massachusetts","Franklin County",1,0,475,246,229
050,25,011,"Massachusetts","Franklin County",1,1,505,261,244
050,25,011,"Massachusetts","Franklin County",1,2,546,285,261
050,25,011,"Massachusetts","Franklin County",1,3,646,333,313
050,25,011,"Massachusetts","Franklin County",1,4,640,338,302
050,25,011,"Massachusetts","Franklin County",1,5,646,316,330
050,25,011,"Massachusetts","Franklin County",1,6,669,331,338
050,25,011,"Massachusetts","Franklin County",1,7,672,338,334
050,25,011,"Massachusetts","Franklin County",1,8,741,386,355
050,25,011,"Massachusetts","Franklin County",1,9,676,349,327
050,25,011,"Massachusetts","Franklin County",1,10,688,347,341
050,25,011,"Massachusetts","Franklin County",1,11,714,375,339
050,25,011,"Massachusetts","Franklin County",1,12,755,400,355
050,25,011,"Massachusetts","Franklin County",1,13,777,395,382
050,25,011,"Massachusetts","Franklin County",1,14,736,377,359
050,25,011,"Massachusetts","Franklin County",1,15,780,391,389
050,25,011,"Massachusetts","Franklin County",1,16,804,433,371
050,25,011,"Massachusetts","Franklin County",1,17,791,420,371
050,25,011,"Massachusetts","Franklin County",1,18,698,371,327
050,25,011,"Massachusetts","Franklin County",1,19,560,317,243
050,25,011,"Massachusetts","Franklin County",1,20,591,314,277
050,25,011,"Massachusetts","Franklin County",1,21,686,362,324
050,25,011,"Massachusetts","Franklin County",1,22,753,382,371
050,25,011,"Massachusetts","Franklin County",1,23,757,381,376
050,25,011,"Massachusetts","Franklin County",1,24,766,396,370
050,25,011,"Massachusetts","Franklin County",1,25,750,380,370
050,25,011,"Massachusetts","Franklin County",1,26,767,379,388
050,25,011,"Massachusetts","Franklin County",1,27,787,394,393
050,25,011,"Massachusetts","Franklin County",1,28,813,393,420
050,25,011,"Massachusetts","Franklin County",1,29,813,395,418
050,25,011,"Massachusetts","Franklin County",1,30,833,424,409
050,25,011,"Massachusetts","Franklin County",1,31,873,442,431
050,25,011,"Massachusetts","Franklin County",1,32,876,446,430
050,25,011,"Massachusetts","Franklin County",1,33,892,458,434
050,25,011,"Massachusetts","Franklin County",1,34,902,465,437
050,25,011,"Massachusetts","Franklin County",1,35,884,450,434
050,25,011,"Massachusetts","Franklin County",1,36,866,416,450
050,25,011,"Massachusetts","Franklin County",1,37,891,442,449
050,25,011,"Massachusetts","Franklin County",1,38,894,451,443
050,25,011,"Massachusetts","Franklin County",1,39,936,481,455
050,25,011,"Massachusetts","Franklin County",1,40,901,460,441
050,25,011,"Massachusetts","Franklin County",1,41,847,451,396
050,25,011,"Massachusetts","Franklin County",1,42,854,421,433
050,25,011,"Massachusetts","Franklin County",1,43,807,389,418
050,25,011,"Massachusetts","Franklin County",1,44,797,400,397
050,25,011,"Massachusetts","Franklin County",1,45,776,391,385
050,25,011,"Massachusetts","Franklin County",1,46,789,380,409
050,25,011,"Massachusetts","Franklin County",1,47,820,399,421
050,25,011,"Massachusetts","Franklin County",1,48,870,433,437
050,25,011,"Massachusetts","Franklin County",1,49,1011,487,524
050,25,011,"Massachusetts","Franklin County",1,50,961,475,486
050,25,011,"Massachusetts","Franklin County",1,51,901,429,472
050,25,011,"Massachusetts","Franklin County",1,52,868,414,454
050,25,011,"Massachusetts","Franklin County",1,53,938,459,479
050,25,011,"Massachusetts","Franklin County",1,54,1011,500,511
050,25,011,"Massachusetts","Franklin County",1,55,1033,515,518
050,25,011,"Massachusetts","Franklin County",1,56,1066,512,554
050,25,011,"Massachusetts","Franklin County",1,57,1115,530,585
050,25,011,"Massachusetts","Franklin County",1,58,1163,574,589
050,25,011,"Massachusetts","Franklin County",1,59,1214,574,640
050,25,011,"Massachusetts","Franklin County",1,60,1189,573,616
050,25,011,"Massachusetts","Franklin County",1,61,1234,583,651
050,25,011,"Massachusetts","Franklin County",1,62,1256,596,660
050,25,011,"Massachusetts","Franklin County",1,63,1243,587,656
050,25,011,"Massachusetts","Franklin County",1,64,1221,601,620
050,25,011,"Massachusetts","Franklin County",1,65,1177,573,604
050,25,011,"Massachusetts","Franklin County",1,66,1239,570,669
050,25,011,"Massachusetts","Franklin County",1,67,1240,568,672
050,25,011,"Massachusetts","Franklin County",1,68,1193,571,622
050,25,011,"Massachusetts","Franklin County",1,69,1068,520,548
050,25,011,"Massachusetts","Franklin County",1,70,1076,524,552
050,25,011,"Massachusetts","Franklin County",1,71,1034,503,531
050,25,011,"Massachusetts","Franklin County",1,72,1025,506,519
050,25,011,"Massachusetts","Franklin County",1,73,958,472,486
050,25,011,"Massachusetts","Franklin County",1,74,652,320,332
050,25,011,"Massachusetts","Franklin County",1,75,614,298,316
050,25,011,"Massachusetts","Franklin County",1,76,571,257,314
050,25,011,"Massachusetts","Franklin County",1,77,564,270,294
050,25,011,"Massachusetts","Franklin County",1,78,464,230,234
050,25,011,"Massachusetts","Franklin County",1,79,388,189,199
050,25,011,"Massachusetts","Franklin County",1,80,357,166,191
050,25,011,"Massachusetts","Franklin County",1,81,317,127,190
050,25,011,"Massachusetts","Franklin County",1,82,298,129,169
050,25,011,"Massachusetts","Franklin County",1,83,254,113,141
050,25,011,"Massachusetts","Franklin County",1,84,232,98,134
050,25,011,"Massachusetts","Franklin County",1,85,1573,504,1069
050,25,011,"Massachusetts","Franklin County",2,0,480,250,230
050,25,011,"Massachusetts","Franklin County",2,1,497,257,240
050,25,011,"Massachusetts","Franklin County",2,2,537,280,257
050,25,011,"Massachusetts","Franklin County",2,3,618,319,299
050,25,011,"Massachusetts","Franklin County",2,4,644,337,307
050,25,011,"Massachusetts","Franklin County",2,5,646,324,322
050,25,011,"Massachusetts","Franklin County",2,6,664,330,334
050,25,011,"Massachusetts","Franklin County",2,7,670,337,333
050,25,011,"Massachusetts","Franklin County",2,8,721,371,350
050,25,011,"Massachusetts","Franklin County",2,9,694,359,335
050,25,011,"Massachusetts","Franklin County",2,10,685,346,339
050,25,011,"Massachusetts","Franklin County",2,11,710,369,341
050,25,011,"Massachusetts","Franklin County",2,12,754,399,355
050,25,011,"Massachusetts","Franklin County",2,13,772,397,375
050,25,011,"Massachusetts","Franklin County",2,14,746,383,363
050,25,011,"Massachusetts","Franklin County",2,15,773,389,384
050,25,011,"Massachusetts","Franklin County",2,16,804,427,377
050,25,011,"Massachusetts","Franklin County",2,17,795,422,373
050,25,011,"Massachusetts","Franklin County",2,18,701,374,327
050,25,011,"Massachusetts","Franklin County",2,19,561,313,248
050,25,011,"Massachusetts","Franklin County",2,20,599,319,280
050,25,011,"Massachusetts","Franklin County",2,21,680,360,320
050,25,011,"Massachusetts","Franklin County",2,22,745,380,365
050,25,011,"Massachusetts","Franklin County",2,23,753,378,375
050,25,011,"Massachusetts","Franklin County",2,24,759,392,367
050,25,011,"Massachusetts","Franklin County",2,25,756,380,376
050,25,011,"Massachusetts","Franklin County",2,26,758,375,383
050,25,011,"Massachusetts","Franklin County",2,27,787,393,394
050,25,011,"Massachusetts","Franklin County",2,28,803,389,414
050,25,011,"Massachusetts","Franklin County",2,29,811,390,421
050,25,011,"Massachusetts","Franklin County",2,30,834,414,420
050,25,011,"Massachusetts","Franklin County",2,31,860,442,418
050,25,011,"Massachusetts","Franklin County",2,32,872,439,433
050,25,011,"Massachusetts","Franklin County",2,33,893,454,439
050,25,011,"Massachusetts","Franklin County",2,34,902,463,439
050,25,011,"Massachusetts","Franklin County",2,35,897,457,440
050,25,011,"Massachusetts","Franklin County",2,36,868,421,447
050,25,011,"Massachusetts","Franklin County",2,37,888,439,449
050,25,011,"Massachusetts","Franklin County",2,38,896,451,445
050,25,011,"Massachusetts","Franklin County",2,39,930,478,452
050,25,011,"Massachusetts","Franklin County",2,40,912,467,445
050,25,011,"Massachusetts","Franklin County",2,41,858,452,406
050,25,011,"Massachusetts","Franklin County",2,42,854,428,426
050,25,011,"Massachusetts","Franklin County",2,43,826,402,424
050,25,011,"Massachusetts","Franklin County",2,44,791,389,402
050,25,011,"Massachusetts","Franklin County",2,45,781,394,387
050,25,011,"Massachusetts","Franklin County",2,46,784,381,403
050,25,011,"Massachusetts","Franklin County",2,47,806,388,418
050,25,011,"Massachusetts","Franklin County",2,48,860,426,434
050,25,011,"Massachusetts","Franklin County",2,49,985,475,510
050,25,011,"Massachusetts","Franklin County",2,50,973,480,493
050,25,011,"Massachusetts","Franklin County",2,51,911,434,477
050,25,011,"Massachusetts","Franklin County",2,52,876,418,458
050,25,011,"Massachusetts","Franklin County",2,53,921,448,473
050,25,011,"Massachusetts","Franklin County",2,54,989,487,502
050,25,011,"Massachusetts","Franklin County",2,55,1028,510,518
050,25,011,"Massachusetts","Franklin County",2,56,1064,516,548
050,25,011,"Massachusetts","Franklin County",2,57,1107,528,579
050,25,011,"Massachusetts","Franklin County",2,58,1141,559,582
050,25,011,"Massachusetts","Franklin County",2,59,1211,578,633
050,25,011,"Massachusetts","Franklin County",2,60,1187,570,617
050,25,011,"Massachusetts","Franklin County",2,61,1221,579,642
050,25,011,"Massachusetts","Franklin County",2,62,1248,592,656
050,25,011,"Massachusetts","Franklin County",2,63,1248,591,657
050,25,011,"Massachusetts","Franklin County",2,64,1217,594,623
050,25,011,"Massachusetts","Franklin County",2,65,1177,574,603
050,25,011,"Massachusetts","Franklin County",2,66,1224,571,653
050,25,011,"Massachusetts","Franklin County",2,67,1233,567,666
050,25,011,"Massachusetts","Franklin County",2,68,1192,564,628
050,25,011,"Massachusetts","Franklin County",2,69,1099,535,564
050,25,011,"Massachusetts","Franklin County",2,70,1064,516,548
050,25,011,"Massachusetts","Franklin County",2,71,1049,509,540
050,25,011,"Massachusetts","Franklin County",2,72,1008,495,513
050,25,011,"Massachusetts","Franklin County",2,73,1015,499,516
050,25,011,"Massachusetts","Franklin County",2,74,675,333,342
050,25,011,"Massachusetts","Franklin County",2,75,620,300,320
050,25,011,"Massachusetts","Franklin County",2,76,567,259,308
050,25,011,"Massachusetts","Franklin County",2,77,577,271,306
050,25,011,"Massachusetts","Franklin County",2,78,471,230,241
050,25,011,"Massachusetts","Franklin County",2,79,396,190,206
050,25,011,"Massachusetts","Franklin County",2,80,364,172,192
050,25,011,"Massachusetts","Franklin County",2,81,317,132,185
050,25,011,"Massachusetts","Franklin County",2,82,301,127,174
050,25,011,"Massachusetts","Franklin County",2,83,261,115,146
050,25,011,"Massachusetts","Franklin County",2,84,231,99,132
050,25,011,"Massachusetts","Franklin County",2,85,1520,488,1032
050,25,011,"Massachusetts","Franklin County",3,0,503,259,244
050,25,011,"Massachusetts","Franklin County",3,1,485,253,232
050,25,011,"Massachusetts","Franklin County",3,2,517,268,249
050,25,011,"Massachusetts","Franklin County",3,3,570,295,275
050,25,011,"Massachusetts","Franklin County",3,4,601,313,288
050,25,011,"Massachusetts","Franklin County",3,5,639,337,302
050,25,011,"Massachusetts","Franklin County",3,6,651,332,319
050,25,011,"Massachusetts","Franklin County",3,7,672,335,337
050,25,011,"Massachusetts","Franklin County",3,8,672,337,335
050,25,011,"Massachusetts","Franklin County",3,9,735,380,355
050,25,011,"Massachusetts","Franklin County",3,10,704,364,340
050,25,011,"Massachusetts","Franklin County",3,11,680,339,341
050,25,011,"Massachusetts","Franklin County",3,12,702,371,331
050,25,011,"Massachusetts","Franklin County",3,13,760,402,358
050,25,011,"Massachusetts","Franklin County",3,14,761,399,362
050,25,011,"Massachusetts","Franklin County",3,15,757,395,362
050,25,011,"Massachusetts","Franklin County",3,16,786,403,383
050,25,011,"Massachusetts","Franklin County",3,17,792,410,382
050,25,011,"Massachusetts","Franklin County",3,18,719,394,325
050,25,011,"Massachusetts","Franklin County",3,19,554,306,248
050,25,011,"Massachusetts","Franklin County",3,20,612,335,277
050,25,011,"Massachusetts","Franklin County",3,21,679,366,313
050,25,011,"Massachusetts","Franklin County",3,22,745,380,365
050,25,011,"Massachusetts","Franklin County",3,23,746,405,341
050,25,011,"Massachusetts","Franklin County",3,24,769,402,367
050,25,011,"Massachusetts","Franklin County",3,25,724,371,353
050,25,011,"Massachusetts","Franklin County",3,26,771,388,383
050,25,011,"Massachusetts","Franklin County",3,27,778,390,388
050,25,011,"Massachusetts","Franklin County",3,28,793,393,400
050,25,011,"Massachusetts","Franklin County",3,29,800,380,420
050,25,011,"Massachusetts","Franklin County",3,30,862,412,450
050,25,011,"Massachusetts","Franklin County",3,31,869,447,422
050,25,011,"Massachusetts","Franklin County",3,32,852,421,431
050,25,011,"Massachusetts","Franklin County",3,33,886,431,455
050,25,011,"Massachusetts","Franklin County",3,34,891,453,438
050,25,011,"Massachusetts","Franklin County",3,35,942,489,453
050,25,011,"Massachusetts","Franklin County",3,36,927,472,455
050,25,011,"Massachusetts","Franklin County",3,37,872,445,427
050,25,011,"Massachusetts","Franklin County",3,38,905,435,470
050,25,011,"Massachusetts","Franklin County",3,39,948,496,452
050,25,011,"Massachusetts","Franklin County",3,40,926,468,458
050,25,011,"Massachusetts","Franklin County",3,41,902,451,451
050,25,011,"Massachusetts","Franklin County",3,42,896,462,434
050,25,011,"Massachusetts","Franklin County",3,43,852,436,416
050,25,011,"Massachusetts","Franklin County",3,44,834,406,428
050,25,011,"Massachusetts","Franklin County",3,45,757,383,374
050,25,011,"Massachusetts","Franklin County",3,46,786,403,383
050,25,011,"Massachusetts","Franklin County",3,47,767,360,407
050,25,011,"Massachusetts","Franklin County",3,48,813,403,410
050,25,011,"Massachusetts","Franklin County",3,49,875,426,449
050,25,011,"Massachusetts","Franklin County",3,50,973,478,495
050,25,011,"Massachusetts","Franklin County",3,51,965,469,496
050,25,011,"Massachusetts","Franklin County",3,52,915,430,485
050,25,011,"Massachusetts","Franklin County",3,53,892,433,459
050,25,011,"Massachusetts","Franklin County",3,54,933,454,479
050,25,011,"Massachusetts","Franklin County",3,55,991,482,509
050,25,011,"Massachusetts","Franklin County",3,56,1030,514,516
050,25,011,"Massachusetts","Franklin County",3,57,1076,514,562
050,25,011,"Massachusetts","Franklin County",3,58,1073,525,548
050,25,011,"Massachusetts","Franklin County",3,59,1131,552,579
050,25,011,"Massachusetts","Franklin County",3,60,1192,569,623
050,25,011,"Massachusetts","Franklin County",3,61,1186,568,618
050,25,011,"Massachusetts","Franklin County",3,62,1223,577,646
050,25,011,"Massachusetts","Franklin County",3,63,1242,585,657
050,25,011,"Massachusetts","Franklin County",3,64,1228,585,643
050,25,011,"Massachusetts","Franklin County",3,65,1208,580,628
050,25,011,"Massachusetts","Franklin County",3,66,1169,573,596
050,25,011,"Massachusetts","Franklin County",3,67,1202,560,642
050,25,011,"Massachusetts","Franklin County",3,68,1214,549,665
050,25,011,"Massachusetts","Franklin County",3,69,1171,558,613
050,25,011,"Massachusetts","Franklin County",3,70,1091,525,566
050,25,011,"Massachusetts","Franklin County",3,71,1050,503,547
050,25,011,"Massachusetts","Franklin County",3,72,1023,500,523
050,25,011,"Massachusetts","Franklin County",3,73,997,485,512
050,25,011,"Massachusetts","Franklin County",3,74,991,488,503
050,25,011,"Massachusetts","Franklin County",3,75,641,318,323
050,25,011,"Massachusetts","Franklin County",3,76,605,293,312
050,25,011,"Massachusetts","Franklin County",3,77,548,243,305
050,25,011,"Massachusetts","Franklin County",3,78,551,259,292
050,25,011,"Massachusetts","Franklin County",3,79,445,221,224
050,25,011,"Massachusetts","Franklin County",3,80,379,180,199
050,25,011,"Massachusetts","Franklin County",3,81,346,164,182
050,25,011,"Massachusetts","Franklin County",3,82,299,132,167
050,25,011,"Massachusetts","Franklin County",3,83,271,109,162
050,25,011,"Massachusetts","Franklin County",3,84,244,110,134
050,25,011,"Massachusetts","Franklin County",3,85,1457,484,973
050,25,011,"Massachusetts","Franklin County",4,0,518,263,255
050,25,011,"Massachusetts","Franklin County",4,1,513,266,247
050,25,011,"Massachusetts","Franklin County",4,2,488,254,234
050,25,011,"Massachusetts","Franklin County",4,3,537,278,259
050,25,011,"Massachusetts","Franklin County",4,4,580,300,280
050,25,011,"Massachusetts","Franklin County",4,5,607,321,286
050,25,011,"Massachusetts","Franklin County",4,6,650,343,307
050,25,011,"Massachusetts","Franklin County",4,7,659,336,323
050,25,011,"Massachusetts","Franklin County",4,8,679,331,348
050,25,011,"Massachusetts","Franklin County",4,9,661,335,326
050,25,011,"Massachusetts","Franklin County",4,10,744,384,360
050,25,011,"Massachusetts","Franklin County",4,11,699,362,337
050,25,011,"Massachusetts","Franklin County",4,12,693,346,347
050,25,011,"Massachusetts","Franklin County",4,13,722,378,344
050,25,011,"Massachusetts","Franklin County",4,14,760,408,352
050,25,011,"Massachusetts","Franklin County",4,15,773,405,368
050,25,011,"Massachusetts","Franklin County",4,16,769,408,361
050,25,011,"Massachusetts","Franklin County",4,17,777,391,386
050,25,011,"Massachusetts","Franklin County",4,18,705,382,323
050,25,011,"Massachusetts","Franklin County",4,19,553,312,241
050,25,011,"Massachusetts","Franklin County",4,20,587,318,269
050,25,011,"Massachusetts","Franklin County",4,21,684,379,305
050,25,011,"Massachusetts","Franklin County",4,22,709,379,330
050,25,011,"Massachusetts","Franklin County",4,23,747,356,391
050,25,011,"Massachusetts","Franklin County",4,24,761,408,353
050,25,011,"Massachusetts","Franklin County",4,25,747,366,381
050,25,011,"Massachusetts","Franklin County",4,26,709,358,351
050,25,011,"Massachusetts","Franklin County",4,27,789,415,374
050,25,011,"Massachusetts","Franklin County",4,28,746,367,379
050,25,011,"Massachusetts","Franklin County",4,29,785,379,406
050,25,011,"Massachusetts","Franklin County",4,30,818,371,447
050,25,011,"Massachusetts","Franklin County",4,31,874,426,448
050,25,011,"Massachusetts","Franklin County",4,32,883,447,436
050,25,011,"Massachusetts","Franklin County",4,33,872,432,440
050,25,011,"Massachusetts","Franklin County",4,34,905,451,454
050,25,011,"Massachusetts","Franklin County",4,35,913,468,445
050,25,011,"Massachusetts","Franklin County",4,36,972,494,478
050,25,011,"Massachusetts","Franklin County",4,37,942,490,452
050,25,011,"Massachusetts","Franklin County",4,38,880,436,444
050,25,011,"Massachusetts","Franklin County",4,39,935,452,483
050,25,011,"Massachusetts","Franklin County",4,40,951,494,457
050,25,011,"Massachusetts","Franklin County",4,41,924,460,464
050,25,011,"Massachusetts","Franklin County",4,42,923,457,466
050,25,011,"Massachusetts","Franklin County",4,43,879,465,414
050,25,011,"Massachusetts","Franklin County",4,44,880,440,440
050,25,011,"Massachusetts","Franklin County",4,45,788,391,397
050,25,011,"Massachusetts","Franklin County",4,46,755,379,376
050,25,011,"Massachusetts","Franklin County",4,47,782,396,386
050,25,011,"Massachusetts","Franklin County",4,48,782,374,408
050,25,011,"Massachusetts","Franklin County",4,49,834,404,430
050,25,011,"Massachusetts","Franklin County",4,50,856,425,431
050,25,011,"Massachusetts","Franklin County",4,51,942,457,485
050,25,011,"Massachusetts","Franklin County",4,52,947,465,482
050,25,011,"Massachusetts","Franklin County",4,53,911,427,484
050,25,011,"Massachusetts","Franklin County",4,54,905,438,467
050,25,011,"Massachusetts","Franklin County",4,55,942,456,486
050,25,011,"Massachusetts","Franklin County",4,56,996,487,509
050,25,011,"Massachusetts","Franklin County",4,57,1040,510,530
050,25,011,"Massachusetts","Franklin County",4,58,1022,492,530
050,25,011,"Massachusetts","Franklin County",4,59,1083,530,553
050,25,011,"Massachusetts","Franklin County",4,60,1132,554,578
050,25,011,"Massachusetts","Franklin County",4,61,1180,563,617
050,25,011,"Massachusetts","Franklin County",4,62,1170,566,604
050,25,011,"Massachusetts","Franklin County",4,63,1203,569,634
050,25,011,"Massachusetts","Franklin County",4,64,1246,584,662
050,25,011,"Massachusetts","Franklin County",4,65,1214,571,643
050,25,011,"Massachusetts","Franklin County",4,66,1195,568,627
050,25,011,"Massachusetts","Franklin County",4,67,1157,558,599
050,25,011,"Massachusetts","Franklin County",4,68,1197,560,637
050,25,011,"Massachusetts","Franklin County",4,69,1191,546,645
050,25,011,"Massachusetts","Franklin County",4,70,1174,556,618
050,25,011,"Massachusetts","Franklin County",4,71,1086,518,568
050,25,011,"Massachusetts","Franklin County",4,72,1038,503,535
050,25,011,"Massachusetts","Franklin County",4,73,998,482,516
050,25,011,"Massachusetts","Franklin County",4,74,987,470,517
050,25,011,"Massachusetts","Franklin County",4,75,961,467,494
050,25,011,"Massachusetts","Franklin County",4,76,624,306,318
050,25,011,"Massachusetts","Franklin County",4,77,581,285,296
050,25,011,"Massachusetts","Franklin County",4,78,553,241,312
050,25,011,"Massachusetts","Franklin County",4,79,529,248,281
050,25,011,"Massachusetts","Franklin County",4,80,427,215,212
050,25,011,"Massachusetts","Franklin County",4,81,362,175,187
050,25,011,"Massachusetts","Franklin County",4,82,322,156,166
050,25,011,"Massachusetts","Franklin County",4,83,276,116,160
050,25,011,"Massachusetts","Franklin County",4,84,260,105,155
050,25,011,"Massachusetts","Franklin County",4,85,1445,487,958
050,25,011,"Massachusetts","Franklin County",5,0,500,255,245
050,25,011,"Massachusetts","Franklin County",5,1,512,259,253
050,25,011,"Massachusetts","Franklin County",5,2,503,267,236
050,25,011,"Massachusetts","Franklin County",5,3,525,274,251
050,25,011,"Massachusetts","Franklin County",5,4,543,273,270
050,25,011,"Massachusetts","Franklin County",5,5,579,297,282
050,25,011,"Massachusetts","Franklin County",5,6,597,309,288
050,25,011,"Massachusetts","Franklin County",5,7,649,333,316
050,25,011,"Massachusetts","Franklin County",5,8,661,336,325
050,25,011,"Massachusetts","Franklin County",5,9,665,323,342
050,25,011,"Massachusetts","Franklin County",5,10,679,345,334
050,25,011,"Massachusetts","Franklin County",5,11,749,376,373
050,25,011,"Massachusetts","Franklin County",5,12,701,365,336
050,25,011,"Massachusetts","Franklin County",5,13,698,339,359
050,25,011,"Massachusetts","Franklin County",5,14,711,377,334
050,25,011,"Massachusetts","Franklin County",5,15,771,415,356
050,25,011,"Massachusetts","Franklin County",5,16,779,421,358
050,25,011,"Massachusetts","Franklin County",5,17,769,411,358
050,25,011,"Massachusetts","Franklin County",5,18,683,357,326
050,25,011,"Massachusetts","Franklin County",5,19,556,313,243
050,25,011,"Massachusetts","Franklin County",5,20,589,326,263
050,25,011,"Massachusetts","Franklin County",5,21,669,377,292
050,25,011,"Massachusetts","Franklin County",5,22,707,387,320
050,25,011,"Massachusetts","Franklin County",5,23,710,369,341
050,25,011,"Massachusetts","Franklin County",5,24,756,382,374
050,25,011,"Massachusetts","Franklin County",5,25,741,400,341
050,25,011,"Massachusetts","Franklin County",5,26,726,363,363
050,25,011,"Massachusetts","Franklin County",5,27,745,390,355
050,25,011,"Massachusetts","Franklin County",5,28,765,385,380
050,25,011,"Massachusetts","Franklin County",5,29,749,374,375
050,25,011,"Massachusetts","Franklin County",5,30,776,371,405
050,25,011,"Massachusetts","Franklin County",5,31,842,403,439
050,25,011,"Massachusetts","Franklin County",5,32,862,402,460
050,25,011,"Massachusetts","Franklin County",5,33,896,460,436
050,25,011,"Massachusetts","Franklin County",5,34,888,431,457
050,25,011,"Massachusetts","Franklin County",5,35,919,461,458
050,25,011,"Massachusetts","Franklin County",5,36,932,472,460
050,25,011,"Massachusetts","Franklin County",5,37,976,501,475
050,25,011,"Massachusetts","Franklin County",5,38,913,468,445
050,25,011,"Massachusetts","Franklin County",5,39,911,462,449
050,25,011,"Massachusetts","Franklin County",5,40,941,445,496
050,25,011,"Massachusetts","Franklin County",5,41,929,482,447
050,25,011,"Massachusetts","Franklin County",5,42,948,466,482
050,25,011,"Massachusetts","Franklin County",5,43,932,465,467
050,25,011,"Massachusetts","Franklin County",5,44,886,464,422
050,25,011,"Massachusetts","Franklin County",5,45,859,440,419
050,25,011,"Massachusetts","Franklin County",5,46,805,395,410
050,25,011,"Massachusetts","Franklin County",5,47,752,369,383
050,25,011,"Massachusetts","Franklin County",5,48,787,402,385
050,25,011,"Massachusetts","Franklin County",5,49,806,382,424
050,25,011,"Massachusetts","Franklin County",5,50,824,418,406
050,25,011,"Massachusetts","Franklin County",5,51,844,408,436
050,25,011,"Massachusetts","Franklin County",5,52,950,463,487
050,25,011,"Massachusetts","Franklin County",5,53,934,459,475
050,25,011,"Massachusetts","Franklin County",5,54,917,428,489
050,25,011,"Massachusetts","Franklin County",5,55,893,429,464
050,25,011,"Massachusetts","Franklin County",5,56,927,458,469
050,25,011,"Massachusetts","Franklin County",5,57,989,480,509
050,25,011,"Massachusetts","Franklin County",5,58,1017,502,515
050,25,011,"Massachusetts","Franklin County",5,59,1031,495,536
050,25,011,"Massachusetts","Franklin County",5,60,1066,505,561
050,25,011,"Massachusetts","Franklin County",5,61,1120,552,568
050,25,011,"Massachusetts","Franklin County",5,62,1188,567,621
050,25,011,"Massachusetts","Franklin County",5,63,1151,548,603
050,25,011,"Massachusetts","Franklin County",5,64,1197,567,630
050,25,011,"Massachusetts","Franklin County",5,65,1222,573,649
050,25,011,"Massachusetts","Franklin County",5,66,1198,560,638
050,25,011,"Massachusetts","Franklin County",5,67,1184,564,620
050,25,011,"Massachusetts","Franklin County",5,68,1136,541,595
050,25,011,"Massachusetts","Franklin County",5,69,1180,557,623
050,25,011,"Massachusetts","Franklin County",5,70,1186,537,649
050,25,011,"Massachusetts","Franklin County",5,71,1161,544,617
050,25,011,"Massachusetts","Franklin County",5,72,1077,514,563
050,25,011,"Massachusetts","Franklin County",5,73,1015,484,531
050,25,011,"Massachusetts","Franklin County",5,74,993,475,518
050,25,011,"Massachusetts","Franklin County",5,75,964,448,516
050,25,011,"Massachusetts","Franklin County",5,76,925,449,476
050,25,011,"Massachusetts","Franklin County",5,77,603,298,305
050,25,011,"Massachusetts","Franklin County",5,78,568,272,296
050,25,011,"Massachusetts","Franklin County",5,79,530,226,304
050,25,011,"Massachusetts","Franklin County",5,80,516,239,277
050,25,011,"Massachusetts","Franklin County",5,81,412,210,202
050,25,011,"Massachusetts","Franklin County",5,82,351,173,178
050,25,011,"Massachusetts","Franklin County",5,83,294,136,158
050,25,011,"Massachusetts","Franklin County",5,84,266,111,155
050,25,011,"Massachusetts","Franklin County",5,85,1460,500,960
050,25,013,"Massachusetts","Hampden County",1,0,4761,2452,2309
050,25,013,"Massachusetts","Hampden County",1,1,4859,2532,2327
050,25,013,"Massachusetts","Hampden County",1,2,5025,2567,2458
050,25,013,"Massachusetts","Hampden County",1,3,4977,2555,2422
050,25,013,"Massachusetts","Hampden County",1,4,5098,2634,2464
050,25,013,"Massachusetts","Hampden County",1,5,5273,2720,2553
050,25,013,"Massachusetts","Hampden County",1,6,5377,2758,2619
050,25,013,"Massachusetts","Hampden County",1,7,5406,2744,2662
050,25,013,"Massachusetts","Hampden County",1,8,5450,2792,2658
050,25,013,"Massachusetts","Hampden County",1,9,5501,2856,2645
050,25,013,"Massachusetts","Hampden County",1,10,5599,2882,2717
050,25,013,"Massachusetts","Hampden County",1,11,5758,2981,2777
050,25,013,"Massachusetts","Hampden County",1,12,5952,3103,2849
050,25,013,"Massachusetts","Hampden County",1,13,5973,3062,2911
050,25,013,"Massachusetts","Hampden County",1,14,5983,3060,2923
050,25,013,"Massachusetts","Hampden County",1,15,5969,3099,2870
050,25,013,"Massachusetts","Hampden County",1,16,6202,3186,3016
050,25,013,"Massachusetts","Hampden County",1,17,6215,3206,3009
050,25,013,"Massachusetts","Hampden County",1,18,6782,3465,3317
050,25,013,"Massachusetts","Hampden County",1,19,7055,3641,3414
050,25,013,"Massachusetts","Hampden County",1,20,7025,3627,3398
050,25,013,"Massachusetts","Hampden County",1,21,6659,3310,3349
050,25,013,"Massachusetts","Hampden County",1,22,6292,3180,3112
050,25,013,"Massachusetts","Hampden County",1,23,6029,3007,3022
050,25,013,"Massachusetts","Hampden County",1,24,6037,3023,3014
050,25,013,"Massachusetts","Hampden County",1,25,6202,3153,3049
050,25,013,"Massachusetts","Hampden County",1,26,6207,3088,3119
050,25,013,"Massachusetts","Hampden County",1,27,6230,3149,3081
050,25,013,"Massachusetts","Hampden County",1,28,6248,3180,3068
050,25,013,"Massachusetts","Hampden County",1,29,6233,3201,3032
050,25,013,"Massachusetts","Hampden County",1,30,6313,3155,3158
050,25,013,"Massachusetts","Hampden County",1,31,6211,3090,3121
050,25,013,"Massachusetts","Hampden County",1,32,6226,3046,3180
050,25,013,"Massachusetts","Hampden County",1,33,6148,3021,3127
050,25,013,"Massachusetts","Hampden County",1,34,6051,3009,3042
050,25,013,"Massachusetts","Hampden County",1,35,5886,2874,3012
050,25,013,"Massachusetts","Hampden County",1,36,5734,2779,2955
050,25,013,"Massachusetts","Hampden County",1,37,5874,2818,3056
050,25,013,"Massachusetts","Hampden County",1,38,5741,2777,2964
050,25,013,"Massachusetts","Hampden County",1,39,5721,2757,2964
050,25,013,"Massachusetts","Hampden County",1,40,5549,2662,2887
050,25,013,"Massachusetts","Hampden County",1,41,5353,2566,2787
050,25,013,"Massachusetts","Hampden County",1,42,5314,2503,2811
050,25,013,"Massachusetts","Hampden County",1,43,5126,2397,2729
050,25,013,"Massachusetts","Hampden County",1,44,5099,2411,2688
050,25,013,"Massachusetts","Hampden County",1,45,5155,2431,2724
050,25,013,"Massachusetts","Hampden County",1,46,5073,2383,2690
050,25,013,"Massachusetts","Hampden County",1,47,5346,2501,2845
050,25,013,"Massachusetts","Hampden County",1,48,5725,2734,2991
050,25,013,"Massachusetts","Hampden County",1,49,6098,2920,3178
050,25,013,"Massachusetts","Hampden County",1,50,5991,2920,3071
050,25,013,"Massachusetts","Hampden County",1,51,5876,2821,3055
050,25,013,"Massachusetts","Hampden County",1,52,5934,2822,3112
050,25,013,"Massachusetts","Hampden County",1,53,6174,2961,3213
050,25,013,"Massachusetts","Hampden County",1,54,6306,3065,3241
050,25,013,"Massachusetts","Hampden County",1,55,6395,3094,3301
050,25,013,"Massachusetts","Hampden County",1,56,6502,3150,3352
050,25,013,"Massachusetts","Hampden County",1,57,6625,3179,3446
050,25,013,"Massachusetts","Hampden County",1,58,6713,3201,3512
050,25,013,"Massachusetts","Hampden County",1,59,6666,3223,3443
050,25,013,"Massachusetts","Hampden County",1,60,6459,3138,3321
050,25,013,"Massachusetts","Hampden County",1,61,6419,3130,3289
050,25,013,"Massachusetts","Hampden County",1,62,6479,3212,3267
050,25,013,"Massachusetts","Hampden County",1,63,6263,3038,3225
050,25,013,"Massachusetts","Hampden County",1,64,5995,2881,3114
050,25,013,"Massachusetts","Hampden County",1,65,5797,2796,3001
050,25,013,"Massachusetts","Hampden County",1,66,5612,2678,2934
050,25,013,"Massachusetts","Hampden County",1,67,5437,2611,2826
050,25,013,"Massachusetts","Hampden County",1,68,5165,2428,2737
050,25,013,"Massachusetts","Hampden County",1,69,4732,2199,2533
050,25,013,"Massachusetts","Hampden County",1,70,4522,2046,2476
050,25,013,"Massachusetts","Hampden County",1,71,4443,2034,2409
050,25,013,"Massachusetts","Hampden County",1,72,4499,2090,2409
050,25,013,"Massachusetts","Hampden County",1,73,4407,2020,2387
050,25,013,"Massachusetts","Hampden County",1,74,3207,1470,1737
050,25,013,"Massachusetts","Hampden County",1,75,3096,1407,1689
050,25,013,"Massachusetts","Hampden County",1,76,3013,1381,1632
050,25,013,"Massachusetts","Hampden County",1,77,3071,1370,1701
050,25,013,"Massachusetts","Hampden County",1,78,2566,1129,1437
050,25,013,"Massachusetts","Hampden County",1,79,2196,925,1271
050,25,013,"Massachusetts","Hampden County",1,80,2015,855,1160
050,25,013,"Massachusetts","Hampden County",1,81,1925,790,1135
050,25,013,"Massachusetts","Hampden County",1,82,1751,696,1055
050,25,013,"Massachusetts","Hampden County",1,83,1561,612,949
050,25,013,"Massachusetts","Hampden County",1,84,1547,620,927
050,25,013,"Massachusetts","Hampden County",1,85,10360,3378,6982
050,25,013,"Massachusetts","Hampden County",2,0,4765,2445,2320
050,25,013,"Massachusetts","Hampden County",2,1,4839,2518,2321
050,25,013,"Massachusetts","Hampden County",2,2,4982,2557,2425
050,25,013,"Massachusetts","Hampden County",2,3,4981,2556,2425
050,25,013,"Massachusetts","Hampden County",2,4,5080,2618,2462
050,25,013,"Massachusetts","Hampden County",2,5,5242,2707,2535
050,25,013,"Massachusetts","Hampden County",2,6,5361,2758,2603
050,25,013,"Massachusetts","Hampden County",2,7,5396,2746,2650
050,25,013,"Massachusetts","Hampden County",2,8,5417,2769,2648
050,25,013,"Massachusetts","Hampden County",2,9,5480,2837,2643
050,25,013,"Massachusetts","Hampden County",2,10,5558,2869,2689
050,25,013,"Massachusetts","Hampden County",2,11,5689,2945,2744
050,25,013,"Massachusetts","Hampden County",2,12,5922,3084,2838
050,25,013,"Massachusetts","Hampden County",2,13,5950,3065,2885
050,25,013,"Massachusetts","Hampden County",2,14,5962,3049,2913
050,25,013,"Massachusetts","Hampden County",2,15,5974,3092,2882
050,25,013,"Massachusetts","Hampden County",2,16,6160,3174,2986
050,25,013,"Massachusetts","Hampden County",2,17,6215,3204,3011
050,25,013,"Massachusetts","Hampden County",2,18,6695,3414,3281
050,25,013,"Massachusetts","Hampden County",2,19,6984,3604,3380
050,25,013,"Massachusetts","Hampden County",2,20,6999,3605,3394
050,25,013,"Massachusetts","Hampden County",2,21,6602,3295,3307
050,25,013,"Massachusetts","Hampden County",2,22,6261,3151,3110
050,25,013,"Massachusetts","Hampden County",2,23,5959,2972,2987
050,25,013,"Massachusetts","Hampden County",2,24,5988,2992,2996
050,25,013,"Massachusetts","Hampden County",2,25,6138,3101,3037
050,25,013,"Massachusetts","Hampden County",2,26,6199,3094,3105
050,25,013,"Massachusetts","Hampden County",2,27,6205,3124,3081
050,25,013,"Massachusetts","Hampden County",2,28,6228,3163,3065
050,25,013,"Massachusetts","Hampden County",2,29,6217,3178,3039
050,25,013,"Massachusetts","Hampden County",2,30,6312,3172,3140
050,25,013,"Massachusetts","Hampden County",2,31,6192,3078,3114
050,25,013,"Massachusetts","Hampden County",2,32,6195,3034,3161
050,25,013,"Massachusetts","Hampden County",2,33,6145,3020,3125
050,25,013,"Massachusetts","Hampden County",2,34,6073,3009,3064
050,25,013,"Massachusetts","Hampden County",2,35,5947,2910,3037
050,25,013,"Massachusetts","Hampden County",2,36,5728,2777,2951
050,25,013,"Massachusetts","Hampden County",2,37,5842,2806,3036
050,25,013,"Massachusetts","Hampden County",2,38,5787,2791,2996
050,25,013,"Massachusetts","Hampden County",2,39,5696,2750,2946
050,25,013,"Massachusetts","Hampden County",2,40,5614,2696,2918
050,25,013,"Massachusetts","Hampden County",2,41,5384,2576,2808
050,25,013,"Massachusetts","Hampden County",2,42,5283,2499,2784
050,25,013,"Massachusetts","Hampden County",2,43,5192,2430,2762
050,25,013,"Massachusetts","Hampden County",2,44,5060,2387,2673
050,25,013,"Massachusetts","Hampden County",2,45,5148,2428,2720
050,25,013,"Massachusetts","Hampden County",2,46,5072,2385,2687
050,25,013,"Massachusetts","Hampden County",2,47,5248,2455,2793
050,25,013,"Massachusetts","Hampden County",2,48,5627,2677,2950
050,25,013,"Massachusetts","Hampden County",2,49,6027,2887,3140
050,25,013,"Massachusetts","Hampden County",2,50,6008,2911,3097
050,25,013,"Massachusetts","Hampden County",2,51,5862,2814,3048
050,25,013,"Massachusetts","Hampden County",2,52,5899,2812,3087
050,25,013,"Massachusetts","Hampden County",2,53,6096,2919,3177
050,25,013,"Massachusetts","Hampden County",2,54,6243,3022,3221
050,25,013,"Massachusetts","Hampden County",2,55,6366,3080,3286
050,25,013,"Massachusetts","Hampden County",2,56,6472,3131,3341
050,25,013,"Massachusetts","Hampden County",2,57,6566,3152,3414
050,25,013,"Massachusetts","Hampden County",2,58,6660,3173,3487
050,25,013,"Massachusetts","Hampden County",2,59,6673,3216,3457
050,25,013,"Massachusetts","Hampden County",2,60,6477,3140,3337
050,25,013,"Massachusetts","Hampden County",2,61,6377,3104,3273
050,25,013,"Massachusetts","Hampden County",2,62,6426,3173,3253
050,25,013,"Massachusetts","Hampden County",2,63,6329,3085,3244
050,25,013,"Massachusetts","Hampden County",2,64,5991,2882,3109
050,25,013,"Massachusetts","Hampden County",2,65,5800,2792,3008
050,25,013,"Massachusetts","Hampden County",2,66,5623,2683,2940
050,25,013,"Massachusetts","Hampden County",2,67,5436,2605,2831
050,25,013,"Massachusetts","Hampden County",2,68,5167,2436,2731
050,25,013,"Massachusetts","Hampden County",2,69,4824,2240,2584
050,25,013,"Massachusetts","Hampden County",2,70,4538,2061,2477
050,25,013,"Massachusetts","Hampden County",2,71,4426,2015,2411
050,25,013,"Massachusetts","Hampden County",2,72,4377,2020,2357
050,25,013,"Massachusetts","Hampden County",2,73,4595,2116,2479
050,25,013,"Massachusetts","Hampden County",2,74,3261,1482,1779
050,25,013,"Massachusetts","Hampden County",2,75,3096,1409,1687
050,25,013,"Massachusetts","Hampden County",2,76,2973,1360,1613
050,25,013,"Massachusetts","Hampden County",2,77,3085,1379,1706
050,25,013,"Massachusetts","Hampden County",2,78,2600,1149,1451
050,25,013,"Massachusetts","Hampden County",2,79,2231,946,1285
050,25,013,"Massachusetts","Hampden County",2,80,2028,859,1169
050,25,013,"Massachusetts","Hampden County",2,81,1894,778,1116
050,25,013,"Massachusetts","Hampden County",2,82,1755,692,1063
050,25,013,"Massachusetts","Hampden County",2,83,1561,613,948
050,25,013,"Massachusetts","Hampden County",2,84,1502,594,908
050,25,013,"Massachusetts","Hampden County",2,85,10074,3282,6792
050,25,013,"Massachusetts","Hampden County",3,0,4677,2445,2232
050,25,013,"Massachusetts","Hampden County",3,1,4803,2457,2346
050,25,013,"Massachusetts","Hampden County",3,2,4837,2529,2308
050,25,013,"Massachusetts","Hampden County",3,3,4952,2532,2420
050,25,013,"Massachusetts","Hampden County",3,4,4992,2552,2440
050,25,013,"Massachusetts","Hampden County",3,5,5066,2580,2486
050,25,013,"Massachusetts","Hampden County",3,6,5281,2724,2557
050,25,013,"Massachusetts","Hampden County",3,7,5367,2755,2612
050,25,013,"Massachusetts","Hampden County",3,8,5361,2729,2632
050,25,013,"Massachusetts","Hampden County",3,9,5393,2776,2617
050,25,013,"Massachusetts","Hampden County",3,10,5408,2813,2595
050,25,013,"Massachusetts","Hampden County",3,11,5553,2881,2672
050,25,013,"Massachusetts","Hampden County",3,12,5668,2937,2731
050,25,013,"Massachusetts","Hampden County",3,13,5929,3085,2844
050,25,013,"Massachusetts","Hampden County",3,14,5951,3073,2878
050,25,013,"Massachusetts","Hampden County",3,15,5995,3057,2938
050,25,013,"Massachusetts","Hampden County",3,16,5979,3116,2863
050,25,013,"Massachusetts","Hampden County",3,17,6227,3235,2992
050,25,013,"Massachusetts","Hampden County",3,18,6734,3419,3315
050,25,013,"Massachusetts","Hampden County",3,19,7007,3629,3378
050,25,013,"Massachusetts","Hampden County",3,20,6989,3597,3392
050,25,013,"Massachusetts","Hampden County",3,21,6749,3395,3354
050,25,013,"Massachusetts","Hampden County",3,22,6261,3138,3123
050,25,013,"Massachusetts","Hampden County",3,23,5810,2909,2901
050,25,013,"Massachusetts","Hampden County",3,24,5940,2958,2982
050,25,013,"Massachusetts","Hampden County",3,25,5943,2997,2946
050,25,013,"Massachusetts","Hampden County",3,26,6081,3072,3009
050,25,013,"Massachusetts","Hampden County",3,27,6225,3106,3119
050,25,013,"Massachusetts","Hampden County",3,28,6208,3140,3068
050,25,013,"Massachusetts","Hampden County",3,29,6162,3139,3023
050,25,013,"Massachusetts","Hampden County",3,30,6187,3147,3040
050,25,013,"Massachusetts","Hampden County",3,31,6353,3180,3173
050,25,013,"Massachusetts","Hampden County",3,32,6232,3090,3142
050,25,013,"Massachusetts","Hampden County",3,33,6245,3089,3156
050,25,013,"Massachusetts","Hampden County",3,34,6173,2996,3177
050,25,013,"Massachusetts","Hampden County",3,35,6097,3033,3064
050,25,013,"Massachusetts","Hampden County",3,36,5957,2926,3031
050,25,013,"Massachusetts","Hampden County",3,37,5746,2764,2982
050,25,013,"Massachusetts","Hampden County",3,38,5848,2801,3047
050,25,013,"Massachusetts","Hampden County",3,39,5768,2777,2991
050,25,013,"Massachusetts","Hampden County",3,40,5683,2739,2944
050,25,013,"Massachusetts","Hampden County",3,41,5605,2704,2901
050,25,013,"Massachusetts","Hampden County",3,42,5404,2586,2818
050,25,013,"Massachusetts","Hampden County",3,43,5261,2496,2765
050,25,013,"Massachusetts","Hampden County",3,44,5196,2434,2762
050,25,013,"Massachusetts","Hampden County",3,45,5026,2377,2649
050,25,013,"Massachusetts","Hampden County",3,46,5144,2424,2720
050,25,013,"Massachusetts","Hampden County",3,47,5068,2384,2684
050,25,013,"Massachusetts","Hampden County",3,48,5226,2450,2776
050,25,013,"Massachusetts","Hampden County",3,49,5592,2655,2937
050,25,013,"Massachusetts","Hampden County",3,50,5962,2836,3126
050,25,013,"Massachusetts","Hampden County",3,51,5965,2883,3082
050,25,013,"Massachusetts","Hampden County",3,52,5867,2802,3065
050,25,013,"Massachusetts","Hampden County",3,53,5874,2809,3065
050,25,013,"Massachusetts","Hampden County",3,54,5954,2846,3108
050,25,013,"Massachusetts","Hampden County",3,55,6215,3018,3197
050,25,013,"Massachusetts","Hampden County",3,56,6281,3036,3245
050,25,013,"Massachusetts","Hampden County",3,57,6382,3072,3310
050,25,013,"Massachusetts","Hampden County",3,58,6469,3082,3387
050,25,013,"Massachusetts","Hampden County",3,59,6600,3147,3453
050,25,013,"Massachusetts","Hampden County",3,60,6593,3181,3412
050,25,013,"Massachusetts","Hampden County",3,61,6394,3104,3290
050,25,013,"Massachusetts","Hampden County",3,62,6279,3036,3243
050,25,013,"Massachusetts","Hampden County",3,63,6301,3093,3208
050,25,013,"Massachusetts","Hampden County",3,64,6195,3004,3191
050,25,013,"Massachusetts","Hampden County",3,65,5850,2810,3040
050,25,013,"Massachusetts","Hampden County",3,66,5643,2715,2928
050,25,013,"Massachusetts","Hampden County",3,67,5509,2617,2892
050,25,013,"Massachusetts","Hampden County",3,68,5304,2522,2782
050,25,013,"Massachusetts","Hampden County",3,69,5035,2338,2697
050,25,013,"Massachusetts","Hampden County",3,70,4678,2168,2510
050,25,013,"Massachusetts","Hampden County",3,71,4418,1993,2425
050,25,013,"Massachusetts","Hampden County",3,72,4307,1942,2365
050,25,013,"Massachusetts","Hampden County",3,73,4259,1960,2299
050,25,013,"Massachusetts","Hampden County",3,74,4448,2027,2421
050,25,013,"Massachusetts","Hampden County",3,75,3123,1405,1718
050,25,013,"Massachusetts","Hampden County",3,76,2968,1355,1613
050,25,013,"Massachusetts","Hampden County",3,77,2861,1287,1574
050,25,013,"Massachusetts","Hampden County",3,78,2930,1297,1633
050,25,013,"Massachusetts","Hampden County",3,79,2473,1076,1397
050,25,013,"Massachusetts","Hampden County",3,80,2086,882,1204
050,25,013,"Massachusetts","Hampden County",3,81,1902,782,1120
050,25,013,"Massachusetts","Hampden County",3,82,1718,681,1037
050,25,013,"Massachusetts","Hampden County",3,83,1642,652,990
050,25,013,"Massachusetts","Hampden County",3,84,1401,530,871
050,25,013,"Massachusetts","Hampden County",3,85,9617,3190,6427
050,25,013,"Massachusetts","Hampden County",4,0,4751,2443,2308
050,25,013,"Massachusetts","Hampden County",4,1,4660,2416,2244
050,25,013,"Massachusetts","Hampden County",4,2,4805,2484,2321
050,25,013,"Massachusetts","Hampden County",4,3,4804,2496,2308
050,25,013,"Massachusetts","Hampden County",4,4,4945,2527,2418
050,25,013,"Massachusetts","Hampden County",4,5,5027,2585,2442
050,25,013,"Massachusetts","Hampden County",4,6,5080,2559,2521
050,25,013,"Massachusetts","Hampden County",4,7,5258,2724,2534
050,25,013,"Massachusetts","Hampden County",4,8,5323,2733,2590
050,25,013,"Massachusetts","Hampden County",4,9,5340,2703,2637
050,25,013,"Massachusetts","Hampden County",4,10,5404,2773,2631
050,25,013,"Massachusetts","Hampden County",4,11,5423,2829,2594
050,25,013,"Massachusetts","Hampden County",4,12,5567,2908,2659
050,25,013,"Massachusetts","Hampden County",4,13,5621,2899,2722
050,25,013,"Massachusetts","Hampden County",4,14,5899,3072,2827
050,25,013,"Massachusetts","Hampden County",4,15,5923,3068,2855
050,25,013,"Massachusetts","Hampden County",4,16,6032,3100,2932
050,25,013,"Massachusetts","Hampden County",4,17,6041,3173,2868
050,25,013,"Massachusetts","Hampden County",4,18,6684,3433,3251
050,25,013,"Massachusetts","Hampden County",4,19,6879,3551,3328
050,25,013,"Massachusetts","Hampden County",4,20,6901,3554,3347
050,25,013,"Massachusetts","Hampden County",4,21,6612,3340,3272
050,25,013,"Massachusetts","Hampden County",4,22,6385,3250,3135
050,25,013,"Massachusetts","Hampden County",4,23,5826,2916,2910
050,25,013,"Massachusetts","Hampden County",4,24,5705,2856,2849
050,25,013,"Massachusetts","Hampden County",4,25,5883,2951,2932
050,25,013,"Massachusetts","Hampden County",4,26,5855,2962,2893
050,25,013,"Massachusetts","Hampden County",4,27,6063,3069,2994
050,25,013,"Massachusetts","Hampden County",4,28,6156,3074,3082
050,25,013,"Massachusetts","Hampden County",4,29,6204,3131,3073
050,25,013,"Massachusetts","Hampden County",4,30,6186,3140,3046
050,25,013,"Massachusetts","Hampden County",4,31,6138,3130,3008
050,25,013,"Massachusetts","Hampden County",4,32,6329,3166,3163
050,25,013,"Massachusetts","Hampden County",4,33,6166,3078,3088
050,25,013,"Massachusetts","Hampden County",4,34,6238,3068,3170
050,25,013,"Massachusetts","Hampden County",4,35,6151,2986,3165
050,25,013,"Massachusetts","Hampden County",4,36,6105,3018,3087
050,25,013,"Massachusetts","Hampden County",4,37,5986,2948,3038
050,25,013,"Massachusetts","Hampden County",4,38,5723,2761,2962
050,25,013,"Massachusetts","Hampden County",4,39,5859,2813,3046
050,25,013,"Massachusetts","Hampden County",4,40,5756,2775,2981
050,25,013,"Massachusetts","Hampden County",4,41,5688,2741,2947
050,25,013,"Massachusetts","Hampden County",4,42,5550,2664,2886
050,25,013,"Massachusetts","Hampden County",4,43,5369,2578,2791
050,25,013,"Massachusetts","Hampden County",4,44,5251,2503,2748
050,25,013,"Massachusetts","Hampden County",4,45,5183,2431,2752
050,25,013,"Massachusetts","Hampden County",4,46,5019,2373,2646
050,25,013,"Massachusetts","Hampden County",4,47,5129,2438,2691
050,25,013,"Massachusetts","Hampden County",4,48,5052,2376,2676
050,25,013,"Massachusetts","Hampden County",4,49,5148,2396,2752
050,25,013,"Massachusetts","Hampden County",4,50,5544,2638,2906
050,25,013,"Massachusetts","Hampden County",4,51,5894,2783,3111
050,25,013,"Massachusetts","Hampden County",4,52,5926,2872,3054
050,25,013,"Massachusetts","Hampden County",4,53,5820,2788,3032
050,25,013,"Massachusetts","Hampden County",4,54,5750,2739,3011
050,25,013,"Massachusetts","Hampden County",4,55,5907,2822,3085
050,25,013,"Massachusetts","Hampden County",4,56,6144,2990,3154
050,25,013,"Massachusetts","Hampden County",4,57,6200,2972,3228
050,25,013,"Massachusetts","Hampden County",4,58,6293,3022,3271
050,25,013,"Massachusetts","Hampden County",4,59,6366,3051,3315
050,25,013,"Massachusetts","Hampden County",4,60,6488,3067,3421
050,25,013,"Massachusetts","Hampden County",4,61,6467,3095,3372
050,25,013,"Massachusetts","Hampden County",4,62,6254,3024,3230
050,25,013,"Massachusetts","Hampden County",4,63,6199,2979,3220
050,25,013,"Massachusetts","Hampden County",4,64,6195,3044,3151
050,25,013,"Massachusetts","Hampden County",4,65,6048,2933,3115
050,25,013,"Massachusetts","Hampden County",4,66,5720,2761,2959
050,25,013,"Massachusetts","Hampden County",4,67,5506,2625,2881
050,25,013,"Massachusetts","Hampden County",4,68,5343,2517,2826
050,25,013,"Massachusetts","Hampden County",4,69,5164,2433,2731
050,25,013,"Massachusetts","Hampden County",4,70,4899,2261,2638
050,25,013,"Massachusetts","Hampden County",4,71,4546,2095,2451
050,25,013,"Massachusetts","Hampden County",4,72,4320,1941,2379
050,25,013,"Massachusetts","Hampden County",4,73,4212,1881,2331
050,25,013,"Massachusetts","Hampden County",4,74,4099,1871,2228
050,25,013,"Massachusetts","Hampden County",4,75,4305,1942,2363
050,25,013,"Massachusetts","Hampden County",4,76,3020,1359,1661
050,25,013,"Massachusetts","Hampden County",4,77,2846,1283,1563
050,25,013,"Massachusetts","Hampden County",4,78,2733,1232,1501
050,25,013,"Massachusetts","Hampden County",4,79,2804,1222,1582
050,25,013,"Massachusetts","Hampden County",4,80,2341,1008,1333
050,25,013,"Massachusetts","Hampden County",4,81,1980,812,1168
050,25,013,"Massachusetts","Hampden County",4,82,1774,717,1057
050,25,013,"Massachusetts","Hampden County",4,83,1637,646,991
050,25,013,"Massachusetts","Hampden County",4,84,1506,571,935
050,25,013,"Massachusetts","Hampden County",4,85,9426,3103,6323
050,25,013,"Massachusetts","Hampden County",5,0,4760,2450,2310
050,25,013,"Massachusetts","Hampden County",5,1,4835,2461,2374
050,25,013,"Massachusetts","Hampden County",5,2,4719,2433,2286
050,25,013,"Massachusetts","Hampden County",5,3,4898,2538,2360
050,25,013,"Massachusetts","Hampden County",5,4,4829,2487,2342
050,25,013,"Massachusetts","Hampden County",5,5,4974,2565,2409
050,25,013,"Massachusetts","Hampden County",5,6,4999,2563,2436
050,25,013,"Massachusetts","Hampden County",5,7,5089,2573,2516
050,25,013,"Massachusetts","Hampden County",5,8,5238,2725,2513
050,25,013,"Massachusetts","Hampden County",5,9,5334,2736,2598
050,25,013,"Massachusetts","Hampden County",5,10,5349,2695,2654
050,25,013,"Massachusetts","Hampden County",5,11,5405,2795,2610
050,25,013,"Massachusetts","Hampden County",5,12,5450,2843,2607
050,25,013,"Massachusetts","Hampden County",5,13,5568,2886,2682
050,25,013,"Massachusetts","Hampden County",5,14,5617,2896,2721
050,25,013,"Massachusetts","Hampden County",5,15,5882,3081,2801
050,25,013,"Massachusetts","Hampden County",5,16,5982,3114,2868
050,25,013,"Massachusetts","Hampden County",5,17,6080,3145,2935
050,25,013,"Massachusetts","Hampden County",5,18,6552,3394,3158
050,25,013,"Massachusetts","Hampden County",5,19,6875,3573,3302
050,25,013,"Massachusetts","Hampden County",5,20,6879,3528,3351
050,25,013,"Massachusetts","Hampden County",5,21,6600,3313,3287
050,25,013,"Massachusetts","Hampden County",5,22,6299,3202,3097
050,25,013,"Massachusetts","Hampden County",5,23,5985,3029,2956
050,25,013,"Massachusetts","Hampden County",5,24,5744,2900,2844
050,25,013,"Massachusetts","Hampden County",5,25,5635,2845,2790
050,25,013,"Massachusetts","Hampden County",5,26,5824,2934,2890
050,25,013,"Massachusetts","Hampden County",5,27,5857,2972,2885
050,25,013,"Massachusetts","Hampden County",5,28,5982,3027,2955
050,25,013,"Massachusetts","Hampden County",5,29,6202,3084,3118
050,25,013,"Massachusetts","Hampden County",5,30,6222,3122,3100
050,25,013,"Massachusetts","Hampden County",5,31,6131,3102,3029
050,25,013,"Massachusetts","Hampden County",5,32,6208,3148,3060
050,25,013,"Massachusetts","Hampden County",5,33,6322,3126,3196
050,25,013,"Massachusetts","Hampden County",5,34,6234,3112,3122
050,25,013,"Massachusetts","Hampden County",5,35,6201,3026,3175
050,25,013,"Massachusetts","Hampden County",5,36,6187,3008,3179
050,25,013,"Massachusetts","Hampden County",5,37,6091,2997,3094
050,25,013,"Massachusetts","Hampden County",5,38,6038,2984,3054
050,25,013,"Massachusetts","Hampden County",5,39,5739,2773,2966
050,25,013,"Massachusetts","Hampden County",5,40,5820,2780,3040
050,25,013,"Massachusetts","Hampden County",5,41,5737,2773,2964
050,25,013,"Massachusetts","Hampden County",5,42,5630,2710,2920
050,25,013,"Massachusetts","Hampden County",5,43,5553,2666,2887
050,25,013,"Massachusetts","Hampden County",5,44,5374,2597,2777
050,25,013,"Massachusetts","Hampden County",5,45,5264,2502,2762
050,25,013,"Massachusetts","Hampden County",5,46,5155,2426,2729
050,25,013,"Massachusetts","Hampden County",5,47,4987,2362,2625
050,25,013,"Massachusetts","Hampden County",5,48,5121,2444,2677
050,25,013,"Massachusetts","Hampden County",5,49,5052,2350,2702
050,25,013,"Massachusetts","Hampden County",5,50,5104,2381,2723
050,25,013,"Massachusetts","Hampden County",5,51,5509,2606,2903
050,25,013,"Massachusetts","Hampden County",5,52,5863,2771,3092
050,25,013,"Massachusetts","Hampden County",5,53,5908,2878,3030
050,25,013,"Massachusetts","Hampden County",5,54,5754,2741,3013
050,25,013,"Massachusetts","Hampden County",5,55,5725,2735,2990
050,25,013,"Massachusetts","Hampden County",5,56,5851,2791,3060
050,25,013,"Massachusetts","Hampden County",5,57,6069,2950,3119
050,25,013,"Massachusetts","Hampden County",5,58,6150,2932,3218
050,25,013,"Massachusetts","Hampden County",5,59,6214,2997,3217
050,25,013,"Massachusetts","Hampden County",5,60,6314,3022,3292
050,25,013,"Massachusetts","Hampden County",5,61,6384,3014,3370
050,25,013,"Massachusetts","Hampden County",5,62,6356,3041,3315
050,25,013,"Massachusetts","Hampden County",5,63,6158,2955,3203
050,25,013,"Massachusetts","Hampden County",5,64,6104,2927,3177
050,25,013,"Massachusetts","Hampden County",5,65,6069,2966,3103
050,25,013,"Massachusetts","Hampden County",5,66,5919,2866,3053
050,25,013,"Massachusetts","Hampden County",5,67,5610,2695,2915
050,25,013,"Massachusetts","Hampden County",5,68,5363,2530,2833
050,25,013,"Massachusetts","Hampden County",5,69,5210,2439,2771
050,25,013,"Massachusetts","Hampden County",5,70,5049,2368,2681
050,25,013,"Massachusetts","Hampden County",5,71,4792,2207,2585
050,25,013,"Massachusetts","Hampden County",5,72,4450,2035,2415
050,25,013,"Massachusetts","Hampden County",5,73,4226,1885,2341
050,25,013,"Massachusetts","Hampden County",5,74,4054,1795,2259
050,25,013,"Massachusetts","Hampden County",5,75,3969,1785,2184
050,25,013,"Massachusetts","Hampden County",5,76,4154,1866,2288
050,25,013,"Massachusetts","Hampden County",5,77,2902,1292,1610
050,25,013,"Massachusetts","Hampden County",5,78,2720,1233,1487
050,25,013,"Massachusetts","Hampden County",5,79,2608,1154,1454
050,25,013,"Massachusetts","Hampden County",5,80,2652,1146,1506
050,25,013,"Massachusetts","Hampden County",5,81,2228,941,1287
050,25,013,"Massachusetts","Hampden County",5,82,1829,742,1087
050,25,013,"Massachusetts","Hampden County",5,83,1693,683,1010
050,25,013,"Massachusetts","Hampden County",5,84,1507,568,939
050,25,013,"Massachusetts","Hampden County",5,85,9316,3070,6246
050,25,015,"Massachusetts","Hampshire County",1,0,951,486,465
050,25,015,"Massachusetts","Hampshire County",1,1,1024,515,509
050,25,015,"Massachusetts","Hampshire County",1,2,1062,536,526
050,25,015,"Massachusetts","Hampshire County",1,3,1133,605,528
050,25,015,"Massachusetts","Hampshire County",1,4,1145,613,532
050,25,015,"Massachusetts","Hampshire County",1,5,1226,645,581
050,25,015,"Massachusetts","Hampshire County",1,6,1283,671,612
050,25,015,"Massachusetts","Hampshire County",1,7,1297,656,641
050,25,015,"Massachusetts","Hampshire County",1,8,1310,661,649
050,25,015,"Massachusetts","Hampshire County",1,9,1328,678,650
050,25,015,"Massachusetts","Hampshire County",1,10,1354,704,650
050,25,015,"Massachusetts","Hampshire County",1,11,1402,731,671
050,25,015,"Massachusetts","Hampshire County",1,12,1504,755,749
050,25,015,"Massachusetts","Hampshire County",1,13,1511,782,729
050,25,015,"Massachusetts","Hampshire County",1,14,1488,765,723
050,25,015,"Massachusetts","Hampshire County",1,15,1565,793,772
050,25,015,"Massachusetts","Hampshire County",1,16,1609,788,821
050,25,015,"Massachusetts","Hampshire County",1,17,1740,830,910
050,25,015,"Massachusetts","Hampshire County",1,18,4889,1909,2980
050,25,015,"Massachusetts","Hampshire County",1,19,8195,3451,4744
050,25,015,"Massachusetts","Hampshire County",1,20,7268,3132,4136
050,25,015,"Massachusetts","Hampshire County",1,21,6615,2769,3846
050,25,015,"Massachusetts","Hampshire County",1,22,5023,2311,2712
050,25,015,"Massachusetts","Hampshire County",1,23,2824,1456,1368
050,25,015,"Massachusetts","Hampshire County",1,24,2184,1040,1144
050,25,015,"Massachusetts","Hampshire County",1,25,1905,942,963
050,25,015,"Massachusetts","Hampshire County",1,26,1804,897,907
050,25,015,"Massachusetts","Hampshire County",1,27,1666,864,802
050,25,015,"Massachusetts","Hampshire County",1,28,1693,845,848
050,25,015,"Massachusetts","Hampshire County",1,29,1642,805,837
050,25,015,"Massachusetts","Hampshire County",1,30,1598,788,810
050,25,015,"Massachusetts","Hampshire County",1,31,1625,820,805
050,25,015,"Massachusetts","Hampshire County",1,32,1656,848,808
050,25,015,"Massachusetts","Hampshire County",1,33,1663,819,844
050,25,015,"Massachusetts","Hampshire County",1,34,1616,800,816
050,25,015,"Massachusetts","Hampshire County",1,35,1693,877,816
050,25,015,"Massachusetts","Hampshire County",1,36,1691,843,848
050,25,015,"Massachusetts","Hampshire County",1,37,1682,812,870
050,25,015,"Massachusetts","Hampshire County",1,38,1695,813,882
050,25,015,"Massachusetts","Hampshire County",1,39,1735,823,912
050,25,015,"Massachusetts","Hampshire County",1,40,1718,796,922
050,25,015,"Massachusetts","Hampshire County",1,41,1621,764,857
050,25,015,"Massachusetts","Hampshire County",1,42,1616,752,864
050,25,015,"Massachusetts","Hampshire County",1,43,1521,748,773
050,25,015,"Massachusetts","Hampshire County",1,44,1501,740,761
050,25,015,"Massachusetts","Hampshire County",1,45,1509,721,788
050,25,015,"Massachusetts","Hampshire County",1,46,1522,754,768
050,25,015,"Massachusetts","Hampshire County",1,47,1564,781,783
050,25,015,"Massachusetts","Hampshire County",1,48,1696,822,874
050,25,015,"Massachusetts","Hampshire County",1,49,1892,897,995
050,25,015,"Massachusetts","Hampshire County",1,50,1844,894,950
050,25,015,"Massachusetts","Hampshire County",1,51,1818,902,916
050,25,015,"Massachusetts","Hampshire County",1,52,1856,940,916
050,25,015,"Massachusetts","Hampshire County",1,53,1890,907,983
050,25,015,"Massachusetts","Hampshire County",1,54,1982,943,1039
050,25,015,"Massachusetts","Hampshire County",1,55,2111,1017,1094
050,25,015,"Massachusetts","Hampshire County",1,56,2125,1017,1108
050,25,015,"Massachusetts","Hampshire County",1,57,2113,1006,1107
050,25,015,"Massachusetts","Hampshire County",1,58,2192,1033,1159
050,25,015,"Massachusetts","Hampshire County",1,59,2179,1016,1163
050,25,015,"Massachusetts","Hampshire County",1,60,2238,1052,1186
050,25,015,"Massachusetts","Hampshire County",1,61,2150,1028,1122
050,25,015,"Massachusetts","Hampshire County",1,62,2083,982,1101
050,25,015,"Massachusetts","Hampshire County",1,63,2066,971,1095
050,25,015,"Massachusetts","Hampshire County",1,64,2108,963,1145
050,25,015,"Massachusetts","Hampshire County",1,65,2122,962,1160
050,25,015,"Massachusetts","Hampshire County",1,66,2055,958,1097
050,25,015,"Massachusetts","Hampshire County",1,67,1973,904,1069
050,25,015,"Massachusetts","Hampshire County",1,68,2007,927,1080
050,25,015,"Massachusetts","Hampshire County",1,69,1854,856,998
050,25,015,"Massachusetts","Hampshire County",1,70,1763,844,919
050,25,015,"Massachusetts","Hampshire County",1,71,1760,826,934
050,25,015,"Massachusetts","Hampshire County",1,72,1760,815,945
050,25,015,"Massachusetts","Hampshire County",1,73,1785,849,936
050,25,015,"Massachusetts","Hampshire County",1,74,1186,548,638
050,25,015,"Massachusetts","Hampshire County",1,75,1080,518,562
050,25,015,"Massachusetts","Hampshire County",1,76,1046,477,569
050,25,015,"Massachusetts","Hampshire County",1,77,1010,463,547
050,25,015,"Massachusetts","Hampshire County",1,78,843,380,463
050,25,015,"Massachusetts","Hampshire County",1,79,757,323,434
050,25,015,"Massachusetts","Hampshire County",1,80,655,276,379
050,25,015,"Massachusetts","Hampshire County",1,81,647,260,387
050,25,015,"Massachusetts","Hampshire County",1,82,560,230,330
050,25,015,"Massachusetts","Hampshire County",1,83,517,223,294
050,25,015,"Massachusetts","Hampshire County",1,84,517,202,315
050,25,015,"Massachusetts","Hampshire County",1,85,3210,1100,2110
050,25,015,"Massachusetts","Hampshire County",2,0,985,500,485
050,25,015,"Massachusetts","Hampshire County",2,1,1009,508,501
050,25,015,"Massachusetts","Hampshire County",2,2,1064,539,525
050,25,015,"Massachusetts","Hampshire County",2,3,1120,588,532
050,25,015,"Massachusetts","Hampshire County",2,4,1151,617,534
050,25,015,"Massachusetts","Hampshire County",2,5,1209,638,571
050,25,015,"Massachusetts","Hampshire County",2,6,1279,671,608
050,25,015,"Massachusetts","Hampshire County",2,7,1295,663,632
050,25,015,"Massachusetts","Hampshire County",2,8,1304,659,645
050,25,015,"Massachusetts","Hampshire County",2,9,1325,676,649
050,25,015,"Massachusetts","Hampshire County",2,10,1349,700,649
050,25,015,"Massachusetts","Hampshire County",2,11,1388,723,665
050,25,015,"Massachusetts","Hampshire County",2,12,1487,752,735
050,25,015,"Massachusetts","Hampshire County",2,13,1510,777,733
050,25,015,"Massachusetts","Hampshire County",2,14,1500,775,725
050,25,015,"Massachusetts","Hampshire County",2,15,1543,784,759
050,25,015,"Massachusetts","Hampshire County",2,16,1601,794,807
050,25,015,"Massachusetts","Hampshire County",2,17,1697,821,876
050,25,015,"Massachusetts","Hampshire County",2,18,2438,1086,1352
050,25,015,"Massachusetts","Hampshire County",2,19,3303,1505,1798
050,25,015,"Massachusetts","Hampshire County",2,20,3558,1584,1974
050,25,015,"Massachusetts","Hampshire County",2,21,4105,1879,2226
050,25,015,"Massachusetts","Hampshire County",2,22,3684,1802,1882
050,25,015,"Massachusetts","Hampshire County",2,23,2539,1319,1220
050,25,015,"Massachusetts","Hampshire County",2,24,2071,986,1085
050,25,015,"Massachusetts","Hampshire County",2,25,1842,901,941
050,25,015,"Massachusetts","Hampshire County",2,26,1758,873,885
050,25,015,"Massachusetts","Hampshire County",2,27,1629,829,800
050,25,015,"Massachusetts","Hampshire County",2,28,1656,836,820
050,25,015,"Massachusetts","Hampshire County",2,29,1636,804,832
050,25,015,"Massachusetts","Hampshire County",2,30,1603,787,816
050,25,015,"Massachusetts","Hampshire County",2,31,1606,807,799
050,25,015,"Massachusetts","Hampshire County",2,32,1642,833,809
050,25,015,"Massachusetts","Hampshire County",2,33,1646,816,830
050,25,015,"Massachusetts","Hampshire County",2,34,1617,802,815
050,25,015,"Massachusetts","Hampshire County",2,35,1681,865,816
050,25,015,"Massachusetts","Hampshire County",2,36,1677,840,837
050,25,015,"Massachusetts","Hampshire County",2,37,1687,825,862
050,25,015,"Massachusetts","Hampshire County",2,38,1694,809,885
050,25,015,"Massachusetts","Hampshire County",2,39,1722,818,904
050,25,015,"Massachusetts","Hampshire County",2,40,1739,809,930
050,25,015,"Massachusetts","Hampshire County",2,41,1641,769,872
050,25,015,"Massachusetts","Hampshire County",2,42,1614,753,861
050,25,015,"Massachusetts","Hampshire County",2,43,1548,751,797
050,25,015,"Massachusetts","Hampshire County",2,44,1490,731,759
050,25,015,"Massachusetts","Hampshire County",2,45,1512,731,781
050,25,015,"Massachusetts","Hampshire County",2,46,1516,745,771
050,25,015,"Massachusetts","Hampshire County",2,47,1538,762,776
050,25,015,"Massachusetts","Hampshire County",2,48,1665,812,853
050,25,015,"Massachusetts","Hampshire County",2,49,1850,880,970
050,25,015,"Massachusetts","Hampshire County",2,50,1853,891,962
050,25,015,"Massachusetts","Hampshire County",2,51,1825,901,924
050,25,015,"Massachusetts","Hampshire County",2,52,1839,929,910
050,25,015,"Massachusetts","Hampshire County",2,53,1871,903,968
050,25,015,"Massachusetts","Hampshire County",2,54,1946,930,1016
050,25,015,"Massachusetts","Hampshire County",2,55,2077,996,1081
050,25,015,"Massachusetts","Hampshire County",2,56,2120,1015,1105
050,25,015,"Massachusetts","Hampshire County",2,57,2118,1008,1110
050,25,015,"Massachusetts","Hampshire County",2,58,2163,1017,1146
050,25,015,"Massachusetts","Hampshire County",2,59,2192,1026,1166
050,25,015,"Massachusetts","Hampshire County",2,60,2213,1041,1172
050,25,015,"Massachusetts","Hampshire County",2,61,2158,1024,1134
050,25,015,"Massachusetts","Hampshire County",2,62,2084,983,1101
050,25,015,"Massachusetts","Hampshire County",2,63,2082,980,1102
050,25,015,"Massachusetts","Hampshire County",2,64,2077,949,1128
050,25,015,"Massachusetts","Hampshire County",2,65,2114,959,1155
050,25,015,"Massachusetts","Hampshire County",2,66,2072,957,1115
050,25,015,"Massachusetts","Hampshire County",2,67,1985,909,1076
050,25,015,"Massachusetts","Hampshire County",2,68,1976,908,1068
050,25,015,"Massachusetts","Hampshire County",2,69,1895,873,1022
050,25,015,"Massachusetts","Hampshire County",2,70,1772,841,931
050,25,015,"Massachusetts","Hampshire County",2,71,1749,824,925
050,25,015,"Massachusetts","Hampshire County",2,72,1723,800,923
050,25,015,"Massachusetts","Hampshire County",2,73,1865,877,988
050,25,015,"Massachusetts","Hampshire County",2,74,1245,577,668
050,25,015,"Massachusetts","Hampshire County",2,75,1106,525,581
050,25,015,"Massachusetts","Hampshire County",2,76,1039,480,559
050,25,015,"Massachusetts","Hampshire County",2,77,1028,469,559
050,25,015,"Massachusetts","Hampshire County",2,78,850,386,464
050,25,015,"Massachusetts","Hampshire County",2,79,765,329,436
050,25,015,"Massachusetts","Hampshire County",2,80,676,285,391
050,25,015,"Massachusetts","Hampshire County",2,81,643,263,380
050,25,015,"Massachusetts","Hampshire County",2,82,572,229,343
050,25,015,"Massachusetts","Hampshire County",2,83,519,221,298
050,25,015,"Massachusetts","Hampshire County",2,84,504,201,303
050,25,015,"Massachusetts","Hampshire County",2,85,3177,1085,2092
050,25,015,"Massachusetts","Hampshire County",3,0,899,449,450
050,25,015,"Massachusetts","Hampshire County",3,1,1036,497,539
050,25,015,"Massachusetts","Hampshire County",3,2,1017,499,518
050,25,015,"Massachusetts","Hampshire County",3,3,1099,553,546
050,25,015,"Massachusetts","Hampshire County",3,4,1131,612,519
050,25,015,"Massachusetts","Hampshire County",3,5,1182,632,550
050,25,015,"Massachusetts","Hampshire County",3,6,1202,628,574
050,25,015,"Massachusetts","Hampshire County",3,7,1286,681,605
050,25,015,"Massachusetts","Hampshire County",3,8,1319,672,647
050,25,015,"Massachusetts","Hampshire County",3,9,1291,647,644
050,25,015,"Massachusetts","Hampshire County",3,10,1339,681,658
050,25,015,"Massachusetts","Hampshire County",3,11,1383,727,656
050,25,015,"Massachusetts","Hampshire County",3,12,1395,721,674
050,25,015,"Massachusetts","Hampshire County",3,13,1486,768,718
050,25,015,"Massachusetts","Hampshire County",3,14,1523,791,732
050,25,015,"Massachusetts","Hampshire County",3,15,1511,775,736
050,25,015,"Massachusetts","Hampshire County",3,16,1548,764,784
050,25,015,"Massachusetts","Hampshire County",3,17,1652,798,854
050,25,015,"Massachusetts","Hampshire County",3,18,5080,1964,3116
050,25,015,"Massachusetts","Hampshire County",3,19,8581,3542,5039
050,25,015,"Massachusetts","Hampshire County",3,20,7568,3247,4321
050,25,015,"Massachusetts","Hampshire County",3,21,6792,2821,3971
050,25,015,"Massachusetts","Hampshire County",3,22,5115,2340,2775
050,25,015,"Massachusetts","Hampshire County",3,23,2792,1434,1358
050,25,015,"Massachusetts","Hampshire County",3,24,2141,1028,1113
050,25,015,"Massachusetts","Hampshire County",3,25,1883,918,965
050,25,015,"Massachusetts","Hampshire County",3,26,1758,880,878
050,25,015,"Massachusetts","Hampshire County",3,27,1679,822,857
050,25,015,"Massachusetts","Hampshire County",3,28,1650,817,833
050,25,015,"Massachusetts","Hampshire County",3,29,1720,861,859
050,25,015,"Massachusetts","Hampshire County",3,30,1652,802,850
050,25,015,"Massachusetts","Hampshire County",3,31,1593,798,795
050,25,015,"Massachusetts","Hampshire County",3,32,1598,797,801
050,25,015,"Massachusetts","Hampshire County",3,33,1639,816,823
050,25,015,"Massachusetts","Hampshire County",3,34,1672,828,844
050,25,015,"Massachusetts","Hampshire County",3,35,1648,839,809
050,25,015,"Massachusetts","Hampshire County",3,36,1706,855,851
050,25,015,"Massachusetts","Hampshire County",3,37,1699,877,822
050,25,015,"Massachusetts","Hampshire County",3,38,1686,819,867
050,25,015,"Massachusetts","Hampshire County",3,39,1709,822,887
050,25,015,"Massachusetts","Hampshire County",3,40,1732,816,916
050,25,015,"Massachusetts","Hampshire County",3,41,1708,796,912
050,25,015,"Massachusetts","Hampshire County",3,42,1649,768,881
050,25,015,"Massachusetts","Hampshire County",3,43,1597,751,846
050,25,015,"Massachusetts","Hampshire County",3,44,1525,721,804
050,25,015,"Massachusetts","Hampshire County",3,45,1515,753,762
050,25,015,"Massachusetts","Hampshire County",3,46,1538,749,789
050,25,015,"Massachusetts","Hampshire County",3,47,1509,730,779
050,25,015,"Massachusetts","Hampshire County",3,48,1568,784,784
050,25,015,"Massachusetts","Hampshire County",3,49,1647,798,849
050,25,015,"Massachusetts","Hampshire County",3,50,1854,889,965
050,25,015,"Massachusetts","Hampshire County",3,51,1887,920,967
050,25,015,"Massachusetts","Hampshire County",3,52,1860,928,932
050,25,015,"Massachusetts","Hampshire County",3,53,1777,887,890
050,25,015,"Massachusetts","Hampshire County",3,54,1853,894,959
050,25,015,"Massachusetts","Hampshire County",3,55,1940,928,1012
050,25,015,"Massachusetts","Hampshire County",3,56,2055,983,1072
050,25,015,"Massachusetts","Hampshire County",3,57,2140,1020,1120
050,25,015,"Massachusetts","Hampshire County",3,58,2061,976,1085
050,25,015,"Massachusetts","Hampshire County",3,59,2142,1020,1122
050,25,015,"Massachusetts","Hampshire County",3,60,2163,1006,1157
050,25,015,"Massachusetts","Hampshire County",3,61,2197,1026,1171
050,25,015,"Massachusetts","Hampshire County",3,62,2135,1006,1129
050,25,015,"Massachusetts","Hampshire County",3,63,2047,972,1075
050,25,015,"Massachusetts","Hampshire County",3,64,2073,963,1110
050,25,015,"Massachusetts","Hampshire County",3,65,2042,926,1116
050,25,015,"Massachusetts","Hampshire County",3,66,2103,947,1156
050,25,015,"Massachusetts","Hampshire County",3,67,2049,948,1101
050,25,015,"Massachusetts","Hampshire County",3,68,1978,913,1065
050,25,015,"Massachusetts","Hampshire County",3,69,1930,882,1048
050,25,015,"Massachusetts","Hampshire County",3,70,1878,851,1027
050,25,015,"Massachusetts","Hampshire County",3,71,1755,829,926
050,25,015,"Massachusetts","Hampshire County",3,72,1725,809,916
050,25,015,"Massachusetts","Hampshire County",3,73,1696,782,914
050,25,015,"Massachusetts","Hampshire County",3,74,1835,858,977
050,25,015,"Massachusetts","Hampshire County",3,75,1226,564,662
050,25,015,"Massachusetts","Hampshire County",3,76,1094,521,573
050,25,015,"Massachusetts","Hampshire County",3,77,1015,464,551
050,25,015,"Massachusetts","Hampshire County",3,78,996,456,540
050,25,015,"Massachusetts","Hampshire County",3,79,822,368,454
050,25,015,"Massachusetts","Hampshire County",3,80,736,314,422
050,25,015,"Massachusetts","Hampshire County",3,81,646,267,379
050,25,015,"Massachusetts","Hampshire County",3,82,603,253,350
050,25,015,"Massachusetts","Hampshire County",3,83,539,215,324
050,25,015,"Massachusetts","Hampshire County",3,84,485,205,280
050,25,015,"Massachusetts","Hampshire County",3,85,3143,1081,2062
050,25,015,"Massachusetts","Hampshire County",4,0,944,463,481
050,25,015,"Massachusetts","Hampshire County",4,1,921,461,460
050,25,015,"Massachusetts","Hampshire County",4,2,1054,508,546
050,25,015,"Massachusetts","Hampshire County",4,3,1030,508,522
050,25,015,"Massachusetts","Hampshire County",4,4,1114,572,542
050,25,015,"Massachusetts","Hampshire County",4,5,1141,622,519
050,25,015,"Massachusetts","Hampshire County",4,6,1181,631,550
050,25,015,"Massachusetts","Hampshire County",4,7,1212,629,583
050,25,015,"Massachusetts","Hampshire County",4,8,1313,711,602
050,25,015,"Massachusetts","Hampshire County",4,9,1347,689,658
050,25,015,"Massachusetts","Hampshire County",4,10,1284,636,648
050,25,015,"Massachusetts","Hampshire County",4,11,1352,701,651
050,25,015,"Massachusetts","Hampshire County",4,12,1383,723,660
050,25,015,"Massachusetts","Hampshire County",4,13,1363,715,648
050,25,015,"Massachusetts","Hampshire County",4,14,1497,777,720
050,25,015,"Massachusetts","Hampshire County",4,15,1575,792,783
050,25,015,"Massachusetts","Hampshire County",4,16,1525,764,761
050,25,015,"Massachusetts","Hampshire County",4,17,1651,782,869
050,25,015,"Massachusetts","Hampshire County",4,18,4969,1928,3041
050,25,015,"Massachusetts","Hampshire County",4,19,8448,3512,4936
050,25,015,"Massachusetts","Hampshire County",4,20,7535,3212,4323
050,25,015,"Massachusetts","Hampshire County",4,21,6826,2834,3992
050,25,015,"Massachusetts","Hampshire County",4,22,5177,2374,2803
050,25,015,"Massachusetts","Hampshire County",4,23,2769,1432,1337
050,25,015,"Massachusetts","Hampshire County",4,24,2092,1009,1083
050,25,015,"Massachusetts","Hampshire County",4,25,1785,889,896
050,25,015,"Massachusetts","Hampshire County",4,26,1693,827,866
050,25,015,"Massachusetts","Hampshire County",4,27,1621,795,826
050,25,015,"Massachusetts","Hampshire County",4,28,1667,808,859
050,25,015,"Massachusetts","Hampshire County",4,29,1564,780,784
050,25,015,"Massachusetts","Hampshire County",4,30,1672,813,859
050,25,015,"Massachusetts","Hampshire County",4,31,1599,782,817
050,25,015,"Massachusetts","Hampshire County",4,32,1546,751,795
050,25,015,"Massachusetts","Hampshire County",4,33,1582,778,804
050,25,015,"Massachusetts","Hampshire County",4,34,1636,805,831
050,25,015,"Massachusetts","Hampshire County",4,35,1720,849,871
050,25,015,"Massachusetts","Hampshire County",4,36,1653,816,837
050,25,015,"Massachusetts","Hampshire County",4,37,1694,839,855
050,25,015,"Massachusetts","Hampshire County",4,38,1717,865,852
050,25,015,"Massachusetts","Hampshire County",4,39,1681,817,864
050,25,015,"Massachusetts","Hampshire County",4,40,1714,822,892
050,25,015,"Massachusetts","Hampshire County",4,41,1693,808,885
050,25,015,"Massachusetts","Hampshire County",4,42,1731,808,923
050,25,015,"Massachusetts","Hampshire County",4,43,1671,777,894
050,25,015,"Massachusetts","Hampshire County",4,44,1603,751,852
050,25,015,"Massachusetts","Hampshire County",4,45,1539,740,799
050,25,015,"Massachusetts","Hampshire County",4,46,1535,770,765
050,25,015,"Massachusetts","Hampshire County",4,47,1512,719,793
050,25,015,"Massachusetts","Hampshire County",4,48,1522,751,771
050,25,015,"Massachusetts","Hampshire County",4,49,1573,779,794
050,25,015,"Massachusetts","Hampshire County",4,50,1645,796,849
050,25,015,"Massachusetts","Hampshire County",4,51,1870,899,971
050,25,015,"Massachusetts","Hampshire County",4,52,1910,940,970
050,25,015,"Massachusetts","Hampshire County",4,53,1794,882,912
050,25,015,"Massachusetts","Hampshire County",4,54,1783,888,895
050,25,015,"Massachusetts","Hampshire County",4,55,1847,893,954
050,25,015,"Massachusetts","Hampshire County",4,56,1900,910,990
050,25,015,"Massachusetts","Hampshire County",4,57,2056,989,1067
050,25,015,"Massachusetts","Hampshire County",4,58,2083,977,1106
050,25,015,"Massachusetts","Hampshire County",4,59,2047,985,1062
050,25,015,"Massachusetts","Hampshire County",4,60,2084,990,1094
050,25,015,"Massachusetts","Hampshire County",4,61,2150,1011,1139
050,25,015,"Massachusetts","Hampshire County",4,62,2173,1004,1169
050,25,015,"Massachusetts","Hampshire County",4,63,2107,980,1127
050,25,015,"Massachusetts","Hampshire County",4,64,2046,954,1092
050,25,015,"Massachusetts","Hampshire County",4,65,2056,950,1106
050,25,015,"Massachusetts","Hampshire County",4,66,2035,921,1114
050,25,015,"Massachusetts","Hampshire County",4,67,2086,928,1158
050,25,015,"Massachusetts","Hampshire County",4,68,2022,942,1080
050,25,015,"Massachusetts","Hampshire County",4,69,1972,903,1069
050,25,015,"Massachusetts","Hampshire County",4,70,1875,856,1019
050,25,015,"Massachusetts","Hampshire County",4,71,1871,840,1031
050,25,015,"Massachusetts","Hampshire County",4,72,1733,809,924
050,25,015,"Massachusetts","Hampshire County",4,73,1712,795,917
050,25,015,"Massachusetts","Hampshire County",4,74,1666,770,896
050,25,015,"Massachusetts","Hampshire County",4,75,1800,842,958
050,25,015,"Massachusetts","Hampshire County",4,76,1198,545,653
050,25,015,"Massachusetts","Hampshire County",4,77,1069,496,573
050,25,015,"Massachusetts","Hampshire County",4,78,969,442,527
050,25,015,"Massachusetts","Hampshire County",4,79,975,436,539
050,25,015,"Massachusetts","Hampshire County",4,80,811,360,451
050,25,015,"Massachusetts","Hampshire County",4,81,709,292,417
050,25,015,"Massachusetts","Hampshire County",4,82,602,251,351
050,25,015,"Massachusetts","Hampshire County",4,83,579,246,333
050,25,015,"Massachusetts","Hampshire County",4,84,515,203,312
050,25,015,"Massachusetts","Hampshire County",4,85,3142,1080,2062
050,25,015,"Massachusetts","Hampshire County",5,0,941,461,480
050,25,015,"Massachusetts","Hampshire County",5,1,1005,475,530
050,25,015,"Massachusetts","Hampshire County",5,2,966,484,482
050,25,015,"Massachusetts","Hampshire County",5,3,1039,499,540
050,25,015,"Massachusetts","Hampshire County",5,4,1029,541,488
050,25,015,"Massachusetts","Hampshire County",5,5,1121,575,546
050,25,015,"Massachusetts","Hampshire County",5,6,1133,622,511
050,25,015,"Massachusetts","Hampshire County",5,7,1201,647,554
050,25,015,"Massachusetts","Hampshire County",5,8,1218,636,582
050,25,015,"Massachusetts","Hampshire County",5,9,1349,726,623
050,25,015,"Massachusetts","Hampshire County",5,10,1338,693,645
050,25,015,"Massachusetts","Hampshire County",5,11,1291,653,638
050,25,015,"Massachusetts","Hampshire County",5,12,1368,698,670
050,25,015,"Massachusetts","Hampshire County",5,13,1389,740,649
050,25,015,"Massachusetts","Hampshire County",5,14,1385,728,657
050,25,015,"Massachusetts","Hampshire County",5,15,1529,767,762
050,25,015,"Massachusetts","Hampshire County",5,16,1593,802,791
050,25,015,"Massachusetts","Hampshire County",5,17,1661,810,851
050,25,015,"Massachusetts","Hampshire County",5,18,4976,1923,3053
050,25,015,"Massachusetts","Hampshire County",5,19,8473,3523,4950
050,25,015,"Massachusetts","Hampshire County",5,20,7494,3206,4288
050,25,015,"Massachusetts","Hampshire County",5,21,6761,2772,3989
050,25,015,"Massachusetts","Hampshire County",5,22,5214,2386,2828
050,25,015,"Massachusetts","Hampshire County",5,23,2843,1473,1370
050,25,015,"Massachusetts","Hampshire County",5,24,2108,1004,1104
050,25,015,"Massachusetts","Hampshire County",5,25,1823,880,943
050,25,015,"Massachusetts","Hampshire County",5,26,1607,814,793
050,25,015,"Massachusetts","Hampshire County",5,27,1648,783,865
050,25,015,"Massachusetts","Hampshire County",5,28,1594,769,825
050,25,015,"Massachusetts","Hampshire County",5,29,1637,829,808
050,25,015,"Massachusetts","Hampshire County",5,30,1530,752,778
050,25,015,"Massachusetts","Hampshire County",5,31,1600,792,808
050,25,015,"Massachusetts","Hampshire County",5,32,1601,786,815
050,25,015,"Massachusetts","Hampshire County",5,33,1571,764,807
050,25,015,"Massachusetts","Hampshire County",5,34,1592,785,807
050,25,015,"Massachusetts","Hampshire County",5,35,1700,837,863
050,25,015,"Massachusetts","Hampshire County",5,36,1748,854,894
050,25,015,"Massachusetts","Hampshire County",5,37,1622,817,805
050,25,015,"Massachusetts","Hampshire County",5,38,1707,820,887
050,25,015,"Massachusetts","Hampshire County",5,39,1702,872,830
050,25,015,"Massachusetts","Hampshire County",5,40,1702,819,883
050,25,015,"Massachusetts","Hampshire County",5,41,1682,812,870
050,25,015,"Massachusetts","Hampshire County",5,42,1724,812,912
050,25,015,"Massachusetts","Hampshire County",5,43,1752,823,929
050,25,015,"Massachusetts","Hampshire County",5,44,1704,788,916
050,25,015,"Massachusetts","Hampshire County",5,45,1601,756,845
050,25,015,"Massachusetts","Hampshire County",5,46,1573,764,809
050,25,015,"Massachusetts","Hampshire County",5,47,1516,748,768
050,25,015,"Massachusetts","Hampshire County",5,48,1525,731,794
050,25,015,"Massachusetts","Hampshire County",5,49,1518,759,759
050,25,015,"Massachusetts","Hampshire County",5,50,1552,763,789
050,25,015,"Massachusetts","Hampshire County",5,51,1655,815,840
050,25,015,"Massachusetts","Hampshire County",5,52,1891,929,962
050,25,015,"Massachusetts","Hampshire County",5,53,1890,928,962
050,25,015,"Massachusetts","Hampshire County",5,54,1807,887,920
050,25,015,"Massachusetts","Hampshire County",5,55,1768,886,882
050,25,015,"Massachusetts","Hampshire County",5,56,1836,887,949
050,25,015,"Massachusetts","Hampshire County",5,57,1913,920,993
050,25,015,"Massachusetts","Hampshire County",5,58,1999,950,1049
050,25,015,"Massachusetts","Hampshire County",5,59,2057,966,1091
050,25,015,"Massachusetts","Hampshire County",5,60,2022,966,1056
050,25,015,"Massachusetts","Hampshire County",5,61,2069,974,1095
050,25,015,"Massachusetts","Hampshire County",5,62,2111,983,1128
050,25,015,"Massachusetts","Hampshire County",5,63,2129,978,1151
050,25,015,"Massachusetts","Hampshire County",5,64,2085,949,1136
050,25,015,"Massachusetts","Hampshire County",5,65,2002,927,1075
050,25,015,"Massachusetts","Hampshire County",5,66,2054,950,1104
050,25,015,"Massachusetts","Hampshire County",5,67,1998,900,1098
050,25,015,"Massachusetts","Hampshire County",5,68,2065,929,1136
050,25,015,"Massachusetts","Hampshire County",5,69,1993,921,1072
050,25,015,"Massachusetts","Hampshire County",5,70,1944,884,1060
050,25,015,"Massachusetts","Hampshire County",5,71,1833,825,1008
050,25,015,"Massachusetts","Hampshire County",5,72,1843,820,1023
050,25,015,"Massachusetts","Hampshire County",5,73,1701,790,911
050,25,015,"Massachusetts","Hampshire County",5,74,1675,774,901
050,25,015,"Massachusetts","Hampshire County",5,75,1630,758,872
050,25,015,"Massachusetts","Hampshire County",5,76,1781,832,949
050,25,015,"Massachusetts","Hampshire County",5,77,1168,519,649
050,25,015,"Massachusetts","Hampshire County",5,78,1027,484,543
050,25,015,"Massachusetts","Hampshire County",5,79,940,425,515
050,25,015,"Massachusetts","Hampshire County",5,80,938,420,518
050,25,015,"Massachusetts","Hampshire County",5,81,777,333,444
050,25,015,"Massachusetts","Hampshire County",5,82,664,277,387
050,25,015,"Massachusetts","Hampshire County",5,83,573,235,338
050,25,015,"Massachusetts","Hampshire County",5,84,551,230,321
050,25,015,"Massachusetts","Hampshire County",5,85,3157,1079,2078
050,25,017,"Massachusetts","Middlesex County",1,0,16685,8550,8135
050,25,017,"Massachusetts","Middlesex County",1,1,16545,8496,8049
050,25,017,"Massachusetts","Middlesex County",1,2,16729,8576,8153
050,25,017,"Massachusetts","Middlesex County",1,3,17182,8748,8434
050,25,017,"Massachusetts","Middlesex County",1,4,17348,8911,8437
050,25,017,"Massachusetts","Middlesex County",1,5,17651,9196,8455
050,25,017,"Massachusetts","Middlesex County",1,6,17594,8890,8704
050,25,017,"Massachusetts","Middlesex County",1,7,17686,9023,8663
050,25,017,"Massachusetts","Middlesex County",1,8,17716,9154,8562
050,25,017,"Massachusetts","Middlesex County",1,9,18102,9233,8869
050,25,017,"Massachusetts","Middlesex County",1,10,18200,9259,8941
050,25,017,"Massachusetts","Middlesex County",1,11,18580,9640,8940
050,25,017,"Massachusetts","Middlesex County",1,12,19026,9907,9119
050,25,017,"Massachusetts","Middlesex County",1,13,18852,9674,9178
050,25,017,"Massachusetts","Middlesex County",1,14,18484,9401,9083
050,25,017,"Massachusetts","Middlesex County",1,15,18846,9629,9217
050,25,017,"Massachusetts","Middlesex County",1,16,19287,9856,9431
050,25,017,"Massachusetts","Middlesex County",1,17,19297,9839,9458
050,25,017,"Massachusetts","Middlesex County",1,18,22365,11244,11121
050,25,017,"Massachusetts","Middlesex County",1,19,23728,12081,11647
050,25,017,"Massachusetts","Middlesex County",1,20,22139,11268,10871
050,25,017,"Massachusetts","Middlesex County",1,21,21934,10867,11067
050,25,017,"Massachusetts","Middlesex County",1,22,21359,10683,10676
050,25,017,"Massachusetts","Middlesex County",1,23,21764,11069,10695
050,25,017,"Massachusetts","Middlesex County",1,24,23332,11849,11483
050,25,017,"Massachusetts","Middlesex County",1,25,24384,12422,11962
050,25,017,"Massachusetts","Middlesex County",1,26,25148,12915,12233
050,25,017,"Massachusetts","Middlesex County",1,27,25245,12969,12276
050,25,017,"Massachusetts","Middlesex County",1,28,24770,12708,12062
050,25,017,"Massachusetts","Middlesex County",1,29,24729,12735,11994
050,25,017,"Massachusetts","Middlesex County",1,30,25198,12902,12296
050,25,017,"Massachusetts","Middlesex County",1,31,25251,12763,12488
050,25,017,"Massachusetts","Middlesex County",1,32,25475,12908,12567
050,25,017,"Massachusetts","Middlesex County",1,33,24956,12725,12231
050,25,017,"Massachusetts","Middlesex County",1,34,24941,12553,12388
050,25,017,"Massachusetts","Middlesex County",1,35,24448,12240,12208
050,25,017,"Massachusetts","Middlesex County",1,36,23715,11939,11776
050,25,017,"Massachusetts","Middlesex County",1,37,23547,11926,11621
050,25,017,"Massachusetts","Middlesex County",1,38,22950,11593,11357
050,25,017,"Massachusetts","Middlesex County",1,39,22437,11214,11223
050,25,017,"Massachusetts","Middlesex County",1,40,21996,11000,10996
050,25,017,"Massachusetts","Middlesex County",1,41,21423,10657,10766
050,25,017,"Massachusetts","Middlesex County",1,42,21061,10491,10570
050,25,017,"Massachusetts","Middlesex County",1,43,20273,10090,10183
050,25,017,"Massachusetts","Middlesex County",1,44,19935,9994,9941
050,25,017,"Massachusetts","Middlesex County",1,45,20236,10030,10206
050,25,017,"Massachusetts","Middlesex County",1,46,19806,9863,9943
050,25,017,"Massachusetts","Middlesex County",1,47,20107,10051,10056
050,25,017,"Massachusetts","Middlesex County",1,48,21007,10450,10557
050,25,017,"Massachusetts","Middlesex County",1,49,22253,11081,11172
050,25,017,"Massachusetts","Middlesex County",1,50,21942,10867,11075
050,25,017,"Massachusetts","Middlesex County",1,51,21820,10769,11051
050,25,017,"Massachusetts","Middlesex County",1,52,21401,10565,10836
050,25,017,"Massachusetts","Middlesex County",1,53,21813,10788,11025
050,25,017,"Massachusetts","Middlesex County",1,54,22175,11009,11166
050,25,017,"Massachusetts","Middlesex County",1,55,22909,11286,11623
050,25,017,"Massachusetts","Middlesex County",1,56,22986,11351,11635
050,25,017,"Massachusetts","Middlesex County",1,57,22517,11226,11291
050,25,017,"Massachusetts","Middlesex County",1,58,22524,11235,11289
050,25,017,"Massachusetts","Middlesex County",1,59,22182,10966,11216
050,25,017,"Massachusetts","Middlesex County",1,60,21493,10612,10881
050,25,017,"Massachusetts","Middlesex County",1,61,20962,10361,10601
050,25,017,"Massachusetts","Middlesex County",1,62,20628,10121,10507
050,25,017,"Massachusetts","Middlesex County",1,63,19482,9440,10042
050,25,017,"Massachusetts","Middlesex County",1,64,18913,9088,9825
050,25,017,"Massachusetts","Middlesex County",1,65,18278,8772,9506
050,25,017,"Massachusetts","Middlesex County",1,66,17071,8191,8880
050,25,017,"Massachusetts","Middlesex County",1,67,16323,7698,8625
050,25,017,"Massachusetts","Middlesex County",1,68,15557,7320,8237
050,25,017,"Massachusetts","Middlesex County",1,69,14671,6869,7802
050,25,017,"Massachusetts","Middlesex County",1,70,14183,6563,7620
050,25,017,"Massachusetts","Middlesex County",1,71,13873,6398,7475
050,25,017,"Massachusetts","Middlesex County",1,72,13907,6319,7588
050,25,017,"Massachusetts","Middlesex County",1,73,13760,6353,7407
050,25,017,"Massachusetts","Middlesex County",1,74,9679,4333,5346
050,25,017,"Massachusetts","Middlesex County",1,75,9561,4275,5286
050,25,017,"Massachusetts","Middlesex County",1,76,9438,4151,5287
050,25,017,"Massachusetts","Middlesex County",1,77,9383,4067,5316
050,25,017,"Massachusetts","Middlesex County",1,78,7898,3409,4489
050,25,017,"Massachusetts","Middlesex County",1,79,7083,3025,4058
050,25,017,"Massachusetts","Middlesex County",1,80,6537,2715,3822
050,25,017,"Massachusetts","Middlesex County",1,81,6300,2563,3737
050,25,017,"Massachusetts","Middlesex County",1,82,5861,2402,3459
050,25,017,"Massachusetts","Middlesex County",1,83,5356,2158,3198
050,25,017,"Massachusetts","Middlesex County",1,84,4921,1969,2952
050,25,017,"Massachusetts","Middlesex County",1,85,32919,11429,21490
050,25,017,"Massachusetts","Middlesex County",2,0,16626,8506,8120
050,25,017,"Massachusetts","Middlesex County",2,1,16469,8445,8024
050,25,017,"Massachusetts","Middlesex County",2,2,16666,8548,8118
050,25,017,"Massachusetts","Middlesex County",2,3,17005,8673,8332
050,25,017,"Massachusetts","Middlesex County",2,4,17335,8894,8441
050,25,017,"Massachusetts","Middlesex County",2,5,17551,9104,8447
050,25,017,"Massachusetts","Middlesex County",2,6,17618,8971,8647
050,25,017,"Massachusetts","Middlesex County",2,7,17647,8990,8657
050,25,017,"Massachusetts","Middlesex County",2,8,17641,9077,8564
050,25,017,"Massachusetts","Middlesex County",2,9,17977,9200,8777
050,25,017,"Massachusetts","Middlesex County",2,10,18182,9251,8931
050,25,017,"Massachusetts","Middlesex County",2,11,18417,9507,8910
050,25,017,"Massachusetts","Middlesex County",2,12,18979,9878,9101
050,25,017,"Massachusetts","Middlesex County",2,13,18860,9724,9136
050,25,017,"Massachusetts","Middlesex County",2,14,18571,9459,9112
050,25,017,"Massachusetts","Middlesex County",2,15,18774,9593,9181
050,25,017,"Massachusetts","Middlesex County",2,16,19192,9803,9389
050,25,017,"Massachusetts","Middlesex County",2,17,19296,9834,9462
050,25,017,"Massachusetts","Middlesex County",2,18,22119,11113,11006
050,25,017,"Massachusetts","Middlesex County",2,19,23542,11964,11578
050,25,017,"Massachusetts","Middlesex County",2,20,22217,11290,10927
050,25,017,"Massachusetts","Middlesex County",2,21,21864,10839,11025
050,25,017,"Massachusetts","Middlesex County",2,22,21371,10698,10673
050,25,017,"Massachusetts","Middlesex County",2,23,21585,10940,10645
050,25,017,"Massachusetts","Middlesex County",2,24,23073,11722,11351
050,25,017,"Massachusetts","Middlesex County",2,25,24185,12326,11859
050,25,017,"Massachusetts","Middlesex County",2,26,24991,12839,12152
050,25,017,"Massachusetts","Middlesex County",2,27,25088,12907,12181
050,25,017,"Massachusetts","Middlesex County",2,28,24820,12747,12073
050,25,017,"Massachusetts","Middlesex County",2,29,24664,12681,11983
050,25,017,"Massachusetts","Middlesex County",2,30,25113,12856,12257
050,25,017,"Massachusetts","Middlesex County",2,31,25092,12736,12356
050,25,017,"Massachusetts","Middlesex County",2,32,25235,12776,12459
050,25,017,"Massachusetts","Middlesex County",2,33,24948,12679,12269
050,25,017,"Massachusetts","Middlesex County",2,34,24887,12556,12331
050,25,017,"Massachusetts","Middlesex County",2,35,24578,12322,12256
050,25,017,"Massachusetts","Middlesex County",2,36,23656,11885,11771
050,25,017,"Massachusetts","Middlesex County",2,37,23547,11900,11647
050,25,017,"Massachusetts","Middlesex County",2,38,23092,11643,11449
050,25,017,"Massachusetts","Middlesex County",2,39,22440,11222,11218
050,25,017,"Massachusetts","Middlesex County",2,40,22162,11092,11070
050,25,017,"Massachusetts","Middlesex County",2,41,21475,10690,10785
050,25,017,"Massachusetts","Middlesex County",2,42,21012,10469,10543
050,25,017,"Massachusetts","Middlesex County",2,43,20563,10233,10330
050,25,017,"Massachusetts","Middlesex County",2,44,19806,9921,9885
050,25,017,"Massachusetts","Middlesex County",2,45,20240,10061,10179
050,25,017,"Massachusetts","Middlesex County",2,46,19833,9869,9964
050,25,017,"Massachusetts","Middlesex County",2,47,19965,9963,10002
050,25,017,"Massachusetts","Middlesex County",2,48,20744,10328,10416
050,25,017,"Massachusetts","Middlesex County",2,49,21976,10952,11024
050,25,017,"Massachusetts","Middlesex County",2,50,22010,10908,11102
050,25,017,"Massachusetts","Middlesex County",2,51,21712,10728,10984
050,25,017,"Massachusetts","Middlesex County",2,52,21424,10582,10842
050,25,017,"Massachusetts","Middlesex County",2,53,21626,10686,10940
050,25,017,"Massachusetts","Middlesex County",2,54,21922,10873,11049
050,25,017,"Massachusetts","Middlesex County",2,55,22622,11171,11451
050,25,017,"Massachusetts","Middlesex County",2,56,22947,11331,11616
050,25,017,"Massachusetts","Middlesex County",2,57,22584,11230,11354
050,25,017,"Massachusetts","Middlesex County",2,58,22397,11173,11224
050,25,017,"Massachusetts","Middlesex County",2,59,22239,11008,11231
050,25,017,"Massachusetts","Middlesex County",2,60,21530,10628,10902
050,25,017,"Massachusetts","Middlesex County",2,61,20908,10314,10594
050,25,017,"Massachusetts","Middlesex County",2,62,20562,10093,10469
050,25,017,"Massachusetts","Middlesex County",2,63,19805,9622,10183
050,25,017,"Massachusetts","Middlesex County",2,64,18837,9068,9769
050,25,017,"Massachusetts","Middlesex County",2,65,18281,8774,9507
050,25,017,"Massachusetts","Middlesex County",2,66,17225,8248,8977
050,25,017,"Massachusetts","Middlesex County",2,67,16322,7727,8595
050,25,017,"Massachusetts","Middlesex County",2,68,15541,7311,8230
050,25,017,"Massachusetts","Middlesex County",2,69,14844,6951,7893
050,25,017,"Massachusetts","Middlesex County",2,70,14145,6559,7586
050,25,017,"Massachusetts","Middlesex County",2,71,13837,6376,7461
050,25,017,"Massachusetts","Middlesex County",2,72,13553,6161,7392
050,25,017,"Massachusetts","Middlesex County",2,73,14316,6584,7732
050,25,017,"Massachusetts","Middlesex County",2,74,9954,4476,5478
050,25,017,"Massachusetts","Middlesex County",2,75,9521,4251,5270
050,25,017,"Massachusetts","Middlesex County",2,76,9282,4085,5197
050,25,017,"Massachusetts","Middlesex County",2,77,9475,4116,5359
050,25,017,"Massachusetts","Middlesex County",2,78,8001,3445,4556
050,25,017,"Massachusetts","Middlesex County",2,79,7131,3039,4092
050,25,017,"Massachusetts","Middlesex County",2,80,6553,2730,3823
050,25,017,"Massachusetts","Middlesex County",2,81,6219,2544,3675
050,25,017,"Massachusetts","Middlesex County",2,82,5862,2382,3480
050,25,017,"Massachusetts","Middlesex County",2,83,5355,2151,3204
050,25,017,"Massachusetts","Middlesex County",2,84,4873,1940,2933
050,25,017,"Massachusetts","Middlesex County",2,85,32131,11161,20970
050,25,017,"Massachusetts","Middlesex County",3,0,15663,7942,7721
050,25,017,"Massachusetts","Middlesex County",3,1,16352,8389,7963
050,25,017,"Massachusetts","Middlesex County",3,2,16243,8343,7900
050,25,017,"Massachusetts","Middlesex County",3,3,16485,8392,8093
050,25,017,"Massachusetts","Middlesex County",3,4,16850,8605,8245
050,25,017,"Massachusetts","Middlesex County",3,5,17070,8756,8314
050,25,017,"Massachusetts","Middlesex County",3,6,17471,9046,8425
050,25,017,"Massachusetts","Middlesex County",3,7,17508,8925,8583
050,25,017,"Massachusetts","Middlesex County",3,8,17554,8905,8649
050,25,017,"Massachusetts","Middlesex County",3,9,17582,9013,8569
050,25,017,"Massachusetts","Middlesex County",3,10,17855,9141,8714
050,25,017,"Massachusetts","Middlesex County",3,11,18101,9223,8878
050,25,017,"Massachusetts","Middlesex County",3,12,18353,9499,8854
050,25,017,"Massachusetts","Middlesex County",3,13,18955,9876,9079
050,25,017,"Massachusetts","Middlesex County",3,14,18804,9639,9165
050,25,017,"Massachusetts","Middlesex County",3,15,18571,9525,9046
050,25,017,"Massachusetts","Middlesex County",3,16,18707,9543,9164
050,25,017,"Massachusetts","Middlesex County",3,17,19210,9795,9415
050,25,017,"Massachusetts","Middlesex County",3,18,22424,11278,11146
050,25,017,"Massachusetts","Middlesex County",3,19,23411,11850,11561
050,25,017,"Massachusetts","Middlesex County",3,20,22182,11256,10926
050,25,017,"Massachusetts","Middlesex County",3,21,21823,10882,10941
050,25,017,"Massachusetts","Middlesex County",3,22,20943,10531,10412
050,25,017,"Massachusetts","Middlesex County",3,23,21212,10655,10557
050,25,017,"Massachusetts","Middlesex County",3,24,22441,11382,11059
050,25,017,"Massachusetts","Middlesex County",3,25,23414,11899,11515
050,25,017,"Massachusetts","Middlesex County",3,26,24165,12419,11746
050,25,017,"Massachusetts","Middlesex County",3,27,24616,12689,11927
050,25,017,"Massachusetts","Middlesex County",3,28,24672,12756,11916
050,25,017,"Massachusetts","Middlesex County",3,29,24017,12297,11720
050,25,017,"Massachusetts","Middlesex County",3,30,24085,12319,11766
050,25,017,"Massachusetts","Middlesex County",3,31,24392,12482,11910
050,25,017,"Massachusetts","Middlesex County",3,32,24513,12443,12070
050,25,017,"Massachusetts","Middlesex County",3,33,24509,12353,12156
050,25,017,"Massachusetts","Middlesex County",3,34,24478,12464,12014
050,25,017,"Massachusetts","Middlesex County",3,35,24326,12282,12044
050,25,017,"Massachusetts","Middlesex County",3,36,24091,12075,12016
050,25,017,"Massachusetts","Middlesex County",3,37,23236,11653,11583
050,25,017,"Massachusetts","Middlesex County",3,38,23139,11686,11453
050,25,017,"Massachusetts","Middlesex County",3,39,22793,11434,11359
050,25,017,"Massachusetts","Middlesex County",3,40,22173,11075,11098
050,25,017,"Massachusetts","Middlesex County",3,41,21869,10918,10951
050,25,017,"Massachusetts","Middlesex County",3,42,21287,10574,10713
050,25,017,"Massachusetts","Middlesex County",3,43,20927,10421,10506
050,25,017,"Massachusetts","Middlesex County",3,44,20351,10134,10217
050,25,017,"Massachusetts","Middlesex County",3,45,19666,9880,9786
050,25,017,"Massachusetts","Middlesex County",3,46,20143,9997,10146
050,25,017,"Massachusetts","Middlesex County",3,47,19647,9753,9894
050,25,017,"Massachusetts","Middlesex County",3,48,19706,9789,9917
050,25,017,"Massachusetts","Middlesex County",3,49,20571,10287,10284
050,25,017,"Massachusetts","Middlesex County",3,50,21637,10774,10863
050,25,017,"Massachusetts","Middlesex County",3,51,21801,10769,11032
050,25,017,"Massachusetts","Middlesex County",3,52,21489,10658,10831
050,25,017,"Massachusetts","Middlesex County",3,53,21177,10468,10709
050,25,017,"Massachusetts","Middlesex County",3,54,21245,10457,10788
050,25,017,"Massachusetts","Middlesex County",3,55,21611,10720,10891
050,25,017,"Massachusetts","Middlesex County",3,56,22267,10949,11318
050,25,017,"Massachusetts","Middlesex County",3,57,22596,11187,11409
050,25,017,"Massachusetts","Middlesex County",3,58,22232,11057,11175
050,25,017,"Massachusetts","Middlesex County",3,59,21883,10889,10994
050,25,017,"Massachusetts","Middlesex County",3,60,21771,10800,10971
050,25,017,"Massachusetts","Middlesex County",3,61,20970,10325,10645
050,25,017,"Massachusetts","Middlesex County",3,62,20292,9988,10304
050,25,017,"Massachusetts","Middlesex County",3,63,20025,9820,10205
050,25,017,"Massachusetts","Middlesex County",3,64,19307,9359,9948
050,25,017,"Massachusetts","Middlesex County",3,65,18409,8823,9586
050,25,017,"Massachusetts","Middlesex County",3,66,17809,8506,9303
050,25,017,"Massachusetts","Middlesex County",3,67,16730,7973,8757
050,25,017,"Massachusetts","Middlesex County",3,68,15895,7496,8399
050,25,017,"Massachusetts","Middlesex County",3,69,15091,7087,8004
050,25,017,"Massachusetts","Middlesex County",3,70,14495,6752,7743
050,25,017,"Massachusetts","Middlesex County",3,71,13761,6352,7409
050,25,017,"Massachusetts","Middlesex County",3,72,13456,6157,7299
050,25,017,"Massachusetts","Middlesex County",3,73,13246,5983,7263
050,25,017,"Massachusetts","Middlesex County",3,74,13885,6354,7531
050,25,017,"Massachusetts","Middlesex County",3,75,9638,4290,5348
050,25,017,"Massachusetts","Middlesex County",3,76,9219,4072,5147
050,25,017,"Massachusetts","Middlesex County",3,77,9011,3923,5088
050,25,017,"Massachusetts","Middlesex County",3,78,9111,3936,5175
050,25,017,"Massachusetts","Middlesex County",3,79,7706,3311,4395
050,25,017,"Massachusetts","Middlesex County",3,80,6764,2833,3931
050,25,017,"Massachusetts","Middlesex County",3,81,6212,2572,3640
050,25,017,"Massachusetts","Middlesex County",3,82,5824,2382,3442
050,25,017,"Massachusetts","Middlesex County",3,83,5564,2228,3336
050,25,017,"Massachusetts","Middlesex County",3,84,4969,1959,3010
050,25,017,"Massachusetts","Middlesex County",3,85,31608,11060,20548
050,25,017,"Massachusetts","Middlesex County",4,0,16427,8470,7957
050,25,017,"Massachusetts","Middlesex County",4,1,15639,7913,7726
050,25,017,"Massachusetts","Middlesex County",4,2,16310,8331,7979
050,25,017,"Massachusetts","Middlesex County",4,3,16165,8291,7874
050,25,017,"Massachusetts","Middlesex County",4,4,16471,8404,8067
050,25,017,"Massachusetts","Middlesex County",4,5,16780,8522,8258
050,25,017,"Massachusetts","Middlesex County",4,6,17103,8722,8381
050,25,017,"Massachusetts","Middlesex County",4,7,17438,9009,8429
050,25,017,"Massachusetts","Middlesex County",4,8,17475,8854,8621
050,25,017,"Massachusetts","Middlesex County",4,9,17489,8838,8651
050,25,017,"Massachusetts","Middlesex County",4,10,17579,9005,8574
050,25,017,"Massachusetts","Middlesex County",4,11,17833,9152,8681
050,25,017,"Massachusetts","Middlesex County",4,12,18113,9218,8895
050,25,017,"Massachusetts","Middlesex County",4,13,18394,9527,8867
050,25,017,"Massachusetts","Middlesex County",4,14,18943,9831,9112
050,25,017,"Massachusetts","Middlesex County",4,15,19021,9837,9184
050,25,017,"Massachusetts","Middlesex County",4,16,18723,9606,9117
050,25,017,"Massachusetts","Middlesex County",4,17,18880,9664,9216
050,25,017,"Massachusetts","Middlesex County",4,18,22254,11210,11044
050,25,017,"Massachusetts","Middlesex County",4,19,23062,11740,11322
050,25,017,"Massachusetts","Middlesex County",4,20,21639,10869,10770
050,25,017,"Massachusetts","Middlesex County",4,21,21826,10802,11024
050,25,017,"Massachusetts","Middlesex County",4,22,21213,10679,10534
050,25,017,"Massachusetts","Middlesex County",4,23,21082,10580,10502
050,25,017,"Massachusetts","Middlesex County",4,24,22510,11190,11320
050,25,017,"Massachusetts","Middlesex County",4,25,23334,11785,11549
050,25,017,"Massachusetts","Middlesex County",4,26,23877,12124,11753
050,25,017,"Massachusetts","Middlesex County",4,27,24524,12585,11939
050,25,017,"Massachusetts","Middlesex County",4,28,24628,12728,11900
050,25,017,"Massachusetts","Middlesex County",4,29,24452,12569,11883
050,25,017,"Massachusetts","Middlesex County",4,30,24022,12225,11797
050,25,017,"Massachusetts","Middlesex County",4,31,24040,12307,11733
050,25,017,"Massachusetts","Middlesex County",4,32,24201,12341,11860
050,25,017,"Massachusetts","Middlesex County",4,33,24393,12369,12024
050,25,017,"Massachusetts","Middlesex County",4,34,24283,12255,12028
050,25,017,"Massachusetts","Middlesex County",4,35,24131,12180,11951
050,25,017,"Massachusetts","Middlesex County",4,36,24067,12082,11985
050,25,017,"Massachusetts","Middlesex County",4,37,23843,11982,11861
050,25,017,"Massachusetts","Middlesex County",4,38,22950,11397,11553
050,25,017,"Massachusetts","Middlesex County",4,39,22903,11518,11385
050,25,017,"Massachusetts","Middlesex County",4,40,22610,11310,11300
050,25,017,"Massachusetts","Middlesex County",4,41,21999,10940,11059
050,25,017,"Massachusetts","Middlesex County",4,42,21837,10906,10931
050,25,017,"Massachusetts","Middlesex County",4,43,21373,10637,10736
050,25,017,"Massachusetts","Middlesex County",4,44,20835,10379,10456
050,25,017,"Massachusetts","Middlesex County",4,45,20182,10004,10178
050,25,017,"Massachusetts","Middlesex County",4,46,19552,9818,9734
050,25,017,"Massachusetts","Middlesex County",4,47,20048,9974,10074
050,25,017,"Massachusetts","Middlesex County",4,48,19505,9724,9781
050,25,017,"Massachusetts","Middlesex County",4,49,19572,9719,9853
050,25,017,"Massachusetts","Middlesex County",4,50,20286,10106,10180
050,25,017,"Massachusetts","Middlesex County",4,51,21315,10605,10710
050,25,017,"Massachusetts","Middlesex County",4,52,21567,10696,10871
050,25,017,"Massachusetts","Middlesex County",4,53,21231,10530,10701
050,25,017,"Massachusetts","Middlesex County",4,54,20851,10287,10564
050,25,017,"Massachusetts","Middlesex County",4,55,20805,10221,10584
050,25,017,"Massachusetts","Middlesex County",4,56,21165,10509,10656
050,25,017,"Massachusetts","Middlesex County",4,57,21890,10778,11112
050,25,017,"Massachusetts","Middlesex County",4,58,22188,10986,11202
050,25,017,"Massachusetts","Middlesex County",4,59,21682,10743,10939
050,25,017,"Massachusetts","Middlesex County",4,60,21386,10653,10733
050,25,017,"Massachusetts","Middlesex County",4,61,21220,10471,10749
050,25,017,"Massachusetts","Middlesex County",4,62,20376,10018,10358
050,25,017,"Massachusetts","Middlesex County",4,63,19854,9745,10109
050,25,017,"Massachusetts","Middlesex County",4,64,19543,9553,9990
050,25,017,"Massachusetts","Middlesex County",4,65,18824,9104,9720
050,25,017,"Massachusetts","Middlesex County",4,66,17856,8491,9365
050,25,017,"Massachusetts","Middlesex County",4,67,17320,8225,9095
050,25,017,"Massachusetts","Middlesex County",4,68,16245,7726,8519
050,25,017,"Massachusetts","Middlesex County",4,69,15490,7292,8198
050,25,017,"Massachusetts","Middlesex County",4,70,14701,6853,7848
050,25,017,"Massachusetts","Middlesex County",4,71,14102,6560,7542
050,25,017,"Massachusetts","Middlesex County",4,72,13415,6130,7285
050,25,017,"Massachusetts","Middlesex County",4,73,13168,6009,7159
050,25,017,"Massachusetts","Middlesex County",4,74,12925,5803,7122
050,25,017,"Massachusetts","Middlesex County",4,75,13504,6140,7364
050,25,017,"Massachusetts","Middlesex County",4,76,9408,4146,5262
050,25,017,"Massachusetts","Middlesex County",4,77,9025,3961,5064
050,25,017,"Massachusetts","Middlesex County",4,78,8697,3774,4923
050,25,017,"Massachusetts","Middlesex County",4,79,8814,3802,5012
050,25,017,"Massachusetts","Middlesex County",4,80,7374,3139,4235
050,25,017,"Massachusetts","Middlesex County",4,81,6474,2700,3774
050,25,017,"Massachusetts","Middlesex County",4,82,5863,2406,3457
050,25,017,"Massachusetts","Middlesex County",4,83,5588,2237,3351
050,25,017,"Massachusetts","Middlesex County",4,84,5200,2042,3158
050,25,017,"Massachusetts","Middlesex County",4,85,31912,11180,20732
050,25,017,"Massachusetts","Middlesex County",5,0,16374,8451,7923
050,25,017,"Massachusetts","Middlesex County",5,1,16301,8408,7893
050,25,017,"Massachusetts","Middlesex County",5,2,15614,7919,7695
050,25,017,"Massachusetts","Middlesex County",5,3,16468,8406,8062
050,25,017,"Massachusetts","Middlesex County",5,4,16226,8312,7914
050,25,017,"Massachusetts","Middlesex County",5,5,16548,8400,8148
050,25,017,"Massachusetts","Middlesex County",5,6,16904,8558,8346
050,25,017,"Massachusetts","Middlesex County",5,7,17171,8770,8401
050,25,017,"Massachusetts","Middlesex County",5,8,17435,8992,8443
050,25,017,"Massachusetts","Middlesex County",5,9,17481,8837,8644
050,25,017,"Massachusetts","Middlesex County",5,10,17638,8903,8735
050,25,017,"Massachusetts","Middlesex County",5,11,17647,9025,8622
050,25,017,"Massachusetts","Middlesex County",5,12,17872,9212,8660
050,25,017,"Massachusetts","Middlesex County",5,13,18229,9288,8941
050,25,017,"Massachusetts","Middlesex County",5,14,18529,9582,8947
050,25,017,"Massachusetts","Middlesex County",5,15,19217,10064,9153
050,25,017,"Massachusetts","Middlesex County",5,16,19237,9914,9323
050,25,017,"Massachusetts","Middlesex County",5,17,19042,9763,9279
050,25,017,"Massachusetts","Middlesex County",5,18,22009,11121,10888
050,25,017,"Massachusetts","Middlesex County",5,19,23211,11798,11413
050,25,017,"Massachusetts","Middlesex County",5,20,21788,11028,10760
050,25,017,"Massachusetts","Middlesex County",5,21,21588,10565,11023
050,25,017,"Massachusetts","Middlesex County",5,22,21547,10806,10741
050,25,017,"Massachusetts","Middlesex County",5,23,21827,11014,10813
050,25,017,"Massachusetts","Middlesex County",5,24,22601,11324,11277
050,25,017,"Massachusetts","Middlesex County",5,25,23446,11685,11761
050,25,017,"Massachusetts","Middlesex County",5,26,24146,12270,11876
050,25,017,"Massachusetts","Middlesex County",5,27,24309,12383,11926
050,25,017,"Massachusetts","Middlesex County",5,28,24644,12645,11999
050,25,017,"Massachusetts","Middlesex County",5,29,24638,12705,11933
050,25,017,"Massachusetts","Middlesex County",5,30,24421,12527,11894
050,25,017,"Massachusetts","Middlesex County",5,31,24027,12292,11735
050,25,017,"Massachusetts","Middlesex County",5,32,24055,12300,11755
050,25,017,"Massachusetts","Middlesex County",5,33,24054,12231,11823
050,25,017,"Massachusetts","Middlesex County",5,34,24249,12359,11890
050,25,017,"Massachusetts","Middlesex County",5,35,24213,12156,12057
050,25,017,"Massachusetts","Middlesex County",5,36,23930,11990,11940
050,25,017,"Massachusetts","Middlesex County",5,37,24097,12096,12001
050,25,017,"Massachusetts","Middlesex County",5,38,23762,11933,11829
050,25,017,"Massachusetts","Middlesex County",5,39,22850,11378,11472
050,25,017,"Massachusetts","Middlesex County",5,40,22788,11480,11308
050,25,017,"Massachusetts","Middlesex County",5,41,22496,11216,11280
050,25,017,"Massachusetts","Middlesex County",5,42,22006,10961,11045
050,25,017,"Massachusetts","Middlesex County",5,43,21840,10932,10908
050,25,017,"Massachusetts","Middlesex County",5,44,21273,10606,10667
050,25,017,"Massachusetts","Middlesex County",5,45,20804,10332,10472
050,25,017,"Massachusetts","Middlesex County",5,46,20150,9972,10178
050,25,017,"Massachusetts","Middlesex County",5,47,19581,9859,9722
050,25,017,"Massachusetts","Middlesex County",5,48,19990,9964,10026
050,25,017,"Massachusetts","Middlesex County",5,49,19448,9726,9722
050,25,017,"Massachusetts","Middlesex County",5,50,19441,9669,9772
050,25,017,"Massachusetts","Middlesex County",5,51,20040,9969,10071
050,25,017,"Massachusetts","Middlesex County",5,52,21162,10538,10624
050,25,017,"Massachusetts","Middlesex County",5,53,21349,10602,10747
050,25,017,"Massachusetts","Middlesex County",5,54,20899,10348,10551
050,25,017,"Massachusetts","Middlesex County",5,55,20575,10177,10398
050,25,017,"Massachusetts","Middlesex County",5,56,20432,10028,10404
050,25,017,"Massachusetts","Middlesex County",5,57,20839,10355,10484
050,25,017,"Massachusetts","Middlesex County",5,58,21585,10636,10949
050,25,017,"Massachusetts","Middlesex County",5,59,21702,10725,10977
050,25,017,"Massachusetts","Middlesex County",5,60,21257,10512,10745
050,25,017,"Massachusetts","Middlesex County",5,61,20906,10347,10559
050,25,017,"Massachusetts","Middlesex County",5,62,20775,10232,10543
050,25,017,"Massachusetts","Middlesex County",5,63,19892,9766,10126
050,25,017,"Massachusetts","Middlesex County",5,64,19444,9540,9904
050,25,017,"Massachusetts","Middlesex County",5,65,19117,9326,9791
050,25,017,"Massachusetts","Middlesex County",5,66,18345,8818,9527
050,25,017,"Massachusetts","Middlesex County",5,67,17412,8229,9183
050,25,017,"Massachusetts","Middlesex County",5,68,16962,8010,8952
050,25,017,"Massachusetts","Middlesex County",5,69,15900,7518,8382
050,25,017,"Massachusetts","Middlesex County",5,70,15104,7064,8040
050,25,017,"Massachusetts","Middlesex County",5,71,14371,6676,7695
050,25,017,"Massachusetts","Middlesex County",5,72,13816,6407,7409
050,25,017,"Massachusetts","Middlesex County",5,73,13132,5983,7149
050,25,017,"Massachusetts","Middlesex County",5,74,12892,5856,7036
050,25,017,"Massachusetts","Middlesex County",5,75,12617,5646,6971
050,25,017,"Massachusetts","Middlesex County",5,76,13170,5935,7235
050,25,017,"Massachusetts","Middlesex County",5,77,9224,4048,5176
050,25,017,"Massachusetts","Middlesex County",5,78,8668,3808,4860
050,25,017,"Massachusetts","Middlesex County",5,79,8411,3639,4772
050,25,017,"Massachusetts","Middlesex County",5,80,8408,3583,4825
050,25,017,"Massachusetts","Middlesex County",5,81,7045,2979,4066
050,25,017,"Massachusetts","Middlesex County",5,82,6146,2541,3605
050,25,017,"Massachusetts","Middlesex County",5,83,5591,2253,3338
050,25,017,"Massachusetts","Middlesex County",5,84,5231,2038,3193
050,25,017,"Massachusetts","Middlesex County",5,85,32371,11351,21020
050,25,019,"Massachusetts","Nantucket County",1,0,198,101,97
050,25,019,"Massachusetts","Nantucket County",1,1,190,97,93
050,25,019,"Massachusetts","Nantucket County",1,2,180,92,88
050,25,019,"Massachusetts","Nantucket County",1,3,194,97,97
050,25,019,"Massachusetts","Nantucket County",1,4,189,89,100
050,25,019,"Massachusetts","Nantucket County",1,5,156,79,77
050,25,019,"Massachusetts","Nantucket County",1,6,153,74,79
050,25,019,"Massachusetts","Nantucket County",1,7,162,83,79
050,25,019,"Massachusetts","Nantucket County",1,8,150,80,70
050,25,019,"Massachusetts","Nantucket County",1,9,155,84,71
050,25,019,"Massachusetts","Nantucket County",1,10,158,92,66
050,25,019,"Massachusetts","Nantucket County",1,11,180,97,83
050,25,019,"Massachusetts","Nantucket County",1,12,159,70,89
050,25,019,"Massachusetts","Nantucket County",1,13,148,70,78
050,25,019,"Massachusetts","Nantucket County",1,14,178,83,95
050,25,019,"Massachusetts","Nantucket County",1,15,176,82,94
050,25,019,"Massachusetts","Nantucket County",1,16,161,73,88
050,25,019,"Massachusetts","Nantucket County",1,17,142,70,72
050,25,019,"Massachusetts","Nantucket County",1,18,135,67,68
050,25,019,"Massachusetts","Nantucket County",1,19,119,66,53
050,25,019,"Massachusetts","Nantucket County",1,20,112,65,47
050,25,019,"Massachusetts","Nantucket County",1,21,123,63,60
050,25,019,"Massachusetts","Nantucket County",1,22,139,70,69
050,25,019,"Massachusetts","Nantucket County",1,23,152,81,71
050,25,019,"Massachusetts","Nantucket County",1,24,161,76,85
050,25,019,"Massachusetts","Nantucket County",1,25,167,70,97
050,25,019,"Massachusetts","Nantucket County",1,26,188,91,97
050,25,019,"Massachusetts","Nantucket County",1,27,191,93,98
050,25,019,"Massachusetts","Nantucket County",1,28,177,79,98
050,25,019,"Massachusetts","Nantucket County",1,29,174,89,85
050,25,019,"Massachusetts","Nantucket County",1,30,212,113,99
050,25,019,"Massachusetts","Nantucket County",1,31,208,116,92
050,25,019,"Massachusetts","Nantucket County",1,32,221,115,106
050,25,019,"Massachusetts","Nantucket County",1,33,209,108,101
050,25,019,"Massachusetts","Nantucket County",1,34,212,119,93
050,25,019,"Massachusetts","Nantucket County",1,35,210,119,91
050,25,019,"Massachusetts","Nantucket County",1,36,195,109,86
050,25,019,"Massachusetts","Nantucket County",1,37,202,107,95
050,25,019,"Massachusetts","Nantucket County",1,38,239,120,119
050,25,019,"Massachusetts","Nantucket County",1,39,231,119,112
050,25,019,"Massachusetts","Nantucket County",1,40,223,120,103
050,25,019,"Massachusetts","Nantucket County",1,41,222,121,101
050,25,019,"Massachusetts","Nantucket County",1,42,209,117,92
050,25,019,"Massachusetts","Nantucket County",1,43,198,115,83
050,25,019,"Massachusetts","Nantucket County",1,44,198,122,76
050,25,019,"Massachusetts","Nantucket County",1,45,225,142,83
050,25,019,"Massachusetts","Nantucket County",1,46,236,138,98
050,25,019,"Massachusetts","Nantucket County",1,47,217,121,96
050,25,019,"Massachusetts","Nantucket County",1,48,207,104,103
050,25,019,"Massachusetts","Nantucket County",1,49,216,120,96
050,25,019,"Massachusetts","Nantucket County",1,50,229,137,92
050,25,019,"Massachusetts","Nantucket County",1,51,218,122,96
050,25,019,"Massachusetts","Nantucket County",1,52,190,103,87
050,25,019,"Massachusetts","Nantucket County",1,53,182,93,89
050,25,019,"Massachusetts","Nantucket County",1,54,211,114,97
050,25,019,"Massachusetts","Nantucket County",1,55,212,121,91
050,25,019,"Massachusetts","Nantucket County",1,56,207,111,96
050,25,019,"Massachusetts","Nantucket County",1,57,201,109,92
050,25,019,"Massachusetts","Nantucket County",1,58,204,107,97
050,25,019,"Massachusetts","Nantucket County",1,59,201,103,98
050,25,019,"Massachusetts","Nantucket County",1,60,179,90,89
050,25,019,"Massachusetts","Nantucket County",1,61,163,74,89
050,25,019,"Massachusetts","Nantucket County",1,62,175,83,92
050,25,019,"Massachusetts","Nantucket County",1,63,199,94,105
050,25,019,"Massachusetts","Nantucket County",1,64,176,77,99
050,25,019,"Massachusetts","Nantucket County",1,65,174,88,86
050,25,019,"Massachusetts","Nantucket County",1,66,136,65,71
050,25,019,"Massachusetts","Nantucket County",1,67,146,71,75
050,25,019,"Massachusetts","Nantucket County",1,68,145,74,71
050,25,019,"Massachusetts","Nantucket County",1,69,155,84,71
050,25,019,"Massachusetts","Nantucket County",1,70,151,81,70
050,25,019,"Massachusetts","Nantucket County",1,71,122,51,71
050,25,019,"Massachusetts","Nantucket County",1,72,109,52,57
050,25,019,"Massachusetts","Nantucket County",1,73,129,74,55
050,25,019,"Massachusetts","Nantucket County",1,74,75,34,41
050,25,019,"Massachusetts","Nantucket County",1,75,80,41,39
050,25,019,"Massachusetts","Nantucket County",1,76,66,35,31
050,25,019,"Massachusetts","Nantucket County",1,77,67,35,32
050,25,019,"Massachusetts","Nantucket County",1,78,57,25,32
050,25,019,"Massachusetts","Nantucket County",1,79,51,21,30
050,25,019,"Massachusetts","Nantucket County",1,80,54,24,30
050,25,019,"Massachusetts","Nantucket County",1,81,52,21,31
050,25,019,"Massachusetts","Nantucket County",1,82,62,28,34
050,25,019,"Massachusetts","Nantucket County",1,83,51,29,22
050,25,019,"Massachusetts","Nantucket County",1,84,33,18,15
050,25,019,"Massachusetts","Nantucket County",1,85,232,87,145
050,25,019,"Massachusetts","Nantucket County",2,0,179,95,84
050,25,019,"Massachusetts","Nantucket County",2,1,190,97,93
050,25,019,"Massachusetts","Nantucket County",2,2,181,92,89
050,25,019,"Massachusetts","Nantucket County",2,3,187,93,94
050,25,019,"Massachusetts","Nantucket County",2,4,190,90,100
050,25,019,"Massachusetts","Nantucket County",2,5,165,82,83
050,25,019,"Massachusetts","Nantucket County",2,6,151,74,77
050,25,019,"Massachusetts","Nantucket County",2,7,157,79,78
050,25,019,"Massachusetts","Nantucket County",2,8,152,80,72
050,25,019,"Massachusetts","Nantucket County",2,9,154,82,72
050,25,019,"Massachusetts","Nantucket County",2,10,159,91,68
050,25,019,"Massachusetts","Nantucket County",2,11,174,96,78
050,25,019,"Massachusetts","Nantucket County",2,12,166,77,89
050,25,019,"Massachusetts","Nantucket County",2,13,152,71,81
050,25,019,"Massachusetts","Nantucket County",2,14,166,77,89
050,25,019,"Massachusetts","Nantucket County",2,15,175,82,93
050,25,019,"Massachusetts","Nantucket County",2,16,165,75,90
050,25,019,"Massachusetts","Nantucket County",2,17,146,69,77
050,25,019,"Massachusetts","Nantucket County",2,18,131,66,65
050,25,019,"Massachusetts","Nantucket County",2,19,117,64,53
050,25,019,"Massachusetts","Nantucket County",2,20,118,68,50
050,25,019,"Massachusetts","Nantucket County",2,21,124,64,60
050,25,019,"Massachusetts","Nantucket County",2,22,139,69,70
050,25,019,"Massachusetts","Nantucket County",2,23,152,79,73
050,25,019,"Massachusetts","Nantucket County",2,24,158,77,81
050,25,019,"Massachusetts","Nantucket County",2,25,164,71,93
050,25,019,"Massachusetts","Nantucket County",2,26,183,86,97
050,25,019,"Massachusetts","Nantucket County",2,27,188,89,99
050,25,019,"Massachusetts","Nantucket County",2,28,182,83,99
050,25,019,"Massachusetts","Nantucket County",2,29,179,88,91
050,25,019,"Massachusetts","Nantucket County",2,30,201,107,94
050,25,019,"Massachusetts","Nantucket County",2,31,208,114,94
050,25,019,"Massachusetts","Nantucket County",2,32,217,115,102
050,25,019,"Massachusetts","Nantucket County",2,33,210,110,100
050,25,019,"Massachusetts","Nantucket County",2,34,208,116,92
050,25,019,"Massachusetts","Nantucket County",2,35,212,119,93
050,25,019,"Massachusetts","Nantucket County",2,36,197,110,87
050,25,019,"Massachusetts","Nantucket County",2,37,201,107,94
050,25,019,"Massachusetts","Nantucket County",2,38,231,118,113
050,25,019,"Massachusetts","Nantucket County",2,39,231,117,114
050,25,019,"Massachusetts","Nantucket County",2,40,228,120,108
050,25,019,"Massachusetts","Nantucket County",2,41,221,120,101
050,25,019,"Massachusetts","Nantucket County",2,42,212,118,94
050,25,019,"Massachusetts","Nantucket County",2,43,200,114,86
050,25,019,"Massachusetts","Nantucket County",2,44,195,118,77
050,25,019,"Massachusetts","Nantucket County",2,45,222,139,83
050,25,019,"Massachusetts","Nantucket County",2,46,232,137,95
050,25,019,"Massachusetts","Nantucket County",2,47,222,125,97
050,25,019,"Massachusetts","Nantucket County",2,48,211,109,102
050,25,019,"Massachusetts","Nantucket County",2,49,214,116,98
050,25,019,"Massachusetts","Nantucket County",2,50,226,134,92
050,25,019,"Massachusetts","Nantucket County",2,51,219,125,94
050,25,019,"Massachusetts","Nantucket County",2,52,195,106,89
050,25,019,"Massachusetts","Nantucket County",2,53,184,97,87
050,25,019,"Massachusetts","Nantucket County",2,54,201,109,92
050,25,019,"Massachusetts","Nantucket County",2,55,208,117,91
050,25,019,"Massachusetts","Nantucket County",2,56,209,113,96
050,25,019,"Massachusetts","Nantucket County",2,57,203,110,93
050,25,019,"Massachusetts","Nantucket County",2,58,205,107,98
050,25,019,"Massachusetts","Nantucket County",2,59,202,104,98
050,25,019,"Massachusetts","Nantucket County",2,60,181,91,90
050,25,019,"Massachusetts","Nantucket County",2,61,166,77,89
050,25,019,"Massachusetts","Nantucket County",2,62,174,82,92
050,25,019,"Massachusetts","Nantucket County",2,63,195,92,103
050,25,019,"Massachusetts","Nantucket County",2,64,182,82,100
050,25,019,"Massachusetts","Nantucket County",2,65,172,84,88
050,25,019,"Massachusetts","Nantucket County",2,66,147,71,76
050,25,019,"Massachusetts","Nantucket County",2,67,142,69,73
050,25,019,"Massachusetts","Nantucket County",2,68,144,72,72
050,25,019,"Massachusetts","Nantucket County",2,69,153,82,71
050,25,019,"Massachusetts","Nantucket County",2,70,151,81,70
050,25,019,"Massachusetts","Nantucket County",2,71,131,60,71
050,25,019,"Massachusetts","Nantucket County",2,72,111,51,60
050,25,019,"Massachusetts","Nantucket County",2,73,131,72,59
050,25,019,"Massachusetts","Nantucket County",2,74,83,42,41
050,25,019,"Massachusetts","Nantucket County",2,75,80,40,40
050,25,019,"Massachusetts","Nantucket County",2,76,69,36,33
050,25,019,"Massachusetts","Nantucket County",2,77,68,35,33
050,25,019,"Massachusetts","Nantucket County",2,78,58,27,31
050,25,019,"Massachusetts","Nantucket County",2,79,51,21,30
050,25,019,"Massachusetts","Nantucket County",2,80,53,23,30
050,25,019,"Massachusetts","Nantucket County",2,81,51,20,31
050,25,019,"Massachusetts","Nantucket County",2,82,59,25,34
050,25,019,"Massachusetts","Nantucket County",2,83,52,27,25
050,25,019,"Massachusetts","Nantucket County",2,84,35,20,15
050,25,019,"Massachusetts","Nantucket County",2,85,229,89,140
050,25,019,"Massachusetts","Nantucket County",3,0,148,79,69
050,25,019,"Massachusetts","Nantucket County",3,1,178,91,87
050,25,019,"Massachusetts","Nantucket County",3,2,193,101,92
050,25,019,"Massachusetts","Nantucket County",3,3,174,94,80
050,25,019,"Massachusetts","Nantucket County",3,4,178,84,94
050,25,019,"Massachusetts","Nantucket County",3,5,188,86,102
050,25,019,"Massachusetts","Nantucket County",3,6,164,84,80
050,25,019,"Massachusetts","Nantucket County",3,7,153,77,76
050,25,019,"Massachusetts","Nantucket County",3,8,152,76,76
050,25,019,"Massachusetts","Nantucket County",3,9,161,86,75
050,25,019,"Massachusetts","Nantucket County",3,10,157,86,71
050,25,019,"Massachusetts","Nantucket County",3,11,161,93,68
050,25,019,"Massachusetts","Nantucket County",3,12,179,95,84
050,25,019,"Massachusetts","Nantucket County",3,13,166,80,86
050,25,019,"Massachusetts","Nantucket County",3,14,159,70,89
050,25,019,"Massachusetts","Nantucket County",3,15,167,77,90
050,25,019,"Massachusetts","Nantucket County",3,16,179,83,96
050,25,019,"Massachusetts","Nantucket County",3,17,164,75,89
050,25,019,"Massachusetts","Nantucket County",3,18,128,64,64
050,25,019,"Massachusetts","Nantucket County",3,19,108,56,52
050,25,019,"Massachusetts","Nantucket County",3,20,132,71,61
050,25,019,"Massachusetts","Nantucket County",3,21,122,72,50
050,25,019,"Massachusetts","Nantucket County",3,22,131,67,64
050,25,019,"Massachusetts","Nantucket County",3,23,147,73,74
050,25,019,"Massachusetts","Nantucket County",3,24,164,79,85
050,25,019,"Massachusetts","Nantucket County",3,25,172,82,90
050,25,019,"Massachusetts","Nantucket County",3,26,179,77,102
050,25,019,"Massachusetts","Nantucket County",3,27,193,96,97
050,25,019,"Massachusetts","Nantucket County",3,28,191,86,105
050,25,019,"Massachusetts","Nantucket County",3,29,183,84,99
050,25,019,"Massachusetts","Nantucket County",3,30,188,94,94
050,25,019,"Massachusetts","Nantucket County",3,31,193,107,86
050,25,019,"Massachusetts","Nantucket County",3,32,205,110,95
050,25,019,"Massachusetts","Nantucket County",3,33,231,123,108
050,25,019,"Massachusetts","Nantucket County",3,34,210,111,99
050,25,019,"Massachusetts","Nantucket County",3,35,202,115,87
050,25,019,"Massachusetts","Nantucket County",3,36,215,120,95
050,25,019,"Massachusetts","Nantucket County",3,37,201,109,92
050,25,019,"Massachusetts","Nantucket County",3,38,212,111,101
050,25,019,"Massachusetts","Nantucket County",3,39,234,126,108
050,25,019,"Massachusetts","Nantucket County",3,40,240,121,119
050,25,019,"Massachusetts","Nantucket County",3,41,233,120,113
050,25,019,"Massachusetts","Nantucket County",3,42,228,122,106
050,25,019,"Massachusetts","Nantucket County",3,43,211,119,92
050,25,019,"Massachusetts","Nantucket County",3,44,205,117,88
050,25,019,"Massachusetts","Nantucket County",3,45,203,123,80
050,25,019,"Massachusetts","Nantucket County",3,46,228,141,87
050,25,019,"Massachusetts","Nantucket County",3,47,233,137,96
050,25,019,"Massachusetts","Nantucket County",3,48,216,120,96
050,25,019,"Massachusetts","Nantucket County",3,49,224,113,111
050,25,019,"Massachusetts","Nantucket County",3,50,219,122,97
050,25,019,"Massachusetts","Nantucket County",3,51,230,134,96
050,25,019,"Massachusetts","Nantucket County",3,52,218,119,99
050,25,019,"Massachusetts","Nantucket County",3,53,201,116,85
050,25,019,"Massachusetts","Nantucket County",3,54,186,95,91
050,25,019,"Massachusetts","Nantucket County",3,55,208,114,94
050,25,019,"Massachusetts","Nantucket County",3,56,222,123,99
050,25,019,"Massachusetts","Nantucket County",3,57,215,115,100
050,25,019,"Massachusetts","Nantucket County",3,58,196,107,89
050,25,019,"Massachusetts","Nantucket County",3,59,196,104,92
050,25,019,"Massachusetts","Nantucket County",3,60,201,103,98
050,25,019,"Massachusetts","Nantucket County",3,61,175,87,88
050,25,019,"Massachusetts","Nantucket County",3,62,172,82,90
050,25,019,"Massachusetts","Nantucket County",3,63,182,90,92
050,25,019,"Massachusetts","Nantucket County",3,64,203,97,106
050,25,019,"Massachusetts","Nantucket County",3,65,182,83,99
050,25,019,"Massachusetts","Nantucket County",3,66,177,86,91
050,25,019,"Massachusetts","Nantucket County",3,67,141,70,71
050,25,019,"Massachusetts","Nantucket County",3,68,141,68,73
050,25,019,"Massachusetts","Nantucket County",3,69,151,72,79
050,25,019,"Massachusetts","Nantucket County",3,70,153,83,70
050,25,019,"Massachusetts","Nantucket County",3,71,150,81,69
050,25,019,"Massachusetts","Nantucket County",3,72,125,56,69
050,25,019,"Massachusetts","Nantucket County",3,73,109,51,58
050,25,019,"Massachusetts","Nantucket County",3,74,127,67,60
050,25,019,"Massachusetts","Nantucket County",3,75,83,43,40
050,25,019,"Massachusetts","Nantucket County",3,76,79,39,40
050,25,019,"Massachusetts","Nantucket County",3,77,69,37,32
050,25,019,"Massachusetts","Nantucket County",3,78,68,35,33
050,25,019,"Massachusetts","Nantucket County",3,79,58,27,31
050,25,019,"Massachusetts","Nantucket County",3,80,46,20,26
050,25,019,"Massachusetts","Nantucket County",3,81,50,20,30
050,25,019,"Massachusetts","Nantucket County",3,82,49,21,28
050,25,019,"Massachusetts","Nantucket County",3,83,57,23,34
050,25,019,"Massachusetts","Nantucket County",3,84,51,25,26
050,25,019,"Massachusetts","Nantucket County",3,85,233,95,138
050,25,019,"Massachusetts","Nantucket County",4,0,167,75,92
050,25,019,"Massachusetts","Nantucket County",4,1,150,84,66
050,25,019,"Massachusetts","Nantucket County",4,2,152,74,78
050,25,019,"Massachusetts","Nantucket County",4,3,185,98,87
050,25,019,"Massachusetts","Nantucket County",4,4,169,89,80
050,25,019,"Massachusetts","Nantucket County",4,5,175,84,91
050,25,019,"Massachusetts","Nantucket County",4,6,180,81,99
050,25,019,"Massachusetts","Nantucket County",4,7,160,81,79
050,25,019,"Massachusetts","Nantucket County",4,8,144,69,75
050,25,019,"Massachusetts","Nantucket County",4,9,156,80,76
050,25,019,"Massachusetts","Nantucket County",4,10,168,88,80
050,25,019,"Massachusetts","Nantucket County",4,11,156,85,71
050,25,019,"Massachusetts","Nantucket County",4,12,155,89,66
050,25,019,"Massachusetts","Nantucket County",4,13,178,98,80
050,25,019,"Massachusetts","Nantucket County",4,14,162,75,87
050,25,019,"Massachusetts","Nantucket County",4,15,160,73,87
050,25,019,"Massachusetts","Nantucket County",4,16,169,80,89
050,25,019,"Massachusetts","Nantucket County",4,17,178,85,93
050,25,019,"Massachusetts","Nantucket County",4,18,155,72,83
050,25,019,"Massachusetts","Nantucket County",4,19,114,57,57
050,25,019,"Massachusetts","Nantucket County",4,20,107,56,51
050,25,019,"Massachusetts","Nantucket County",4,21,141,75,66
050,25,019,"Massachusetts","Nantucket County",4,22,132,80,52
050,25,019,"Massachusetts","Nantucket County",4,23,137,67,70
050,25,019,"Massachusetts","Nantucket County",4,24,139,74,65
050,25,019,"Massachusetts","Nantucket County",4,25,150,84,66
050,25,019,"Massachusetts","Nantucket County",4,26,167,90,77
050,25,019,"Massachusetts","Nantucket County",4,27,177,79,98
050,25,019,"Massachusetts","Nantucket County",4,28,191,97,94
050,25,019,"Massachusetts","Nantucket County",4,29,183,81,102
050,25,019,"Massachusetts","Nantucket County",4,30,179,88,91
050,25,019,"Massachusetts","Nantucket County",4,31,192,96,96
050,25,019,"Massachusetts","Nantucket County",4,32,189,99,90
050,25,019,"Massachusetts","Nantucket County",4,33,218,120,98
050,25,019,"Massachusetts","Nantucket County",4,34,226,126,100
050,25,019,"Massachusetts","Nantucket County",4,35,222,116,106
050,25,019,"Massachusetts","Nantucket County",4,36,204,120,84
050,25,019,"Massachusetts","Nantucket County",4,37,193,100,93
050,25,019,"Massachusetts","Nantucket County",4,38,214,123,91
050,25,019,"Massachusetts","Nantucket County",4,39,215,112,103
050,25,019,"Massachusetts","Nantucket County",4,40,235,126,109
050,25,019,"Massachusetts","Nantucket County",4,41,241,124,117
050,25,019,"Massachusetts","Nantucket County",4,42,234,120,114
050,25,019,"Massachusetts","Nantucket County",4,43,231,126,105
050,25,019,"Massachusetts","Nantucket County",4,44,197,109,88
050,25,019,"Massachusetts","Nantucket County",4,45,192,111,81
050,25,019,"Massachusetts","Nantucket County",4,46,187,109,78
050,25,019,"Massachusetts","Nantucket County",4,47,223,139,84
050,25,019,"Massachusetts","Nantucket County",4,48,226,134,92
050,25,019,"Massachusetts","Nantucket County",4,49,210,122,88
050,25,019,"Massachusetts","Nantucket County",4,50,228,116,112
050,25,019,"Massachusetts","Nantucket County",4,51,220,121,99
050,25,019,"Massachusetts","Nantucket County",4,52,224,128,96
050,25,019,"Massachusetts","Nantucket County",4,53,225,125,100
050,25,019,"Massachusetts","Nantucket County",4,54,186,104,82
050,25,019,"Massachusetts","Nantucket County",4,55,189,95,94
050,25,019,"Massachusetts","Nantucket County",4,56,212,114,98
050,25,019,"Massachusetts","Nantucket County",4,57,223,123,100
050,25,019,"Massachusetts","Nantucket County",4,58,218,120,98
050,25,019,"Massachusetts","Nantucket County",4,59,206,114,92
050,25,019,"Massachusetts","Nantucket County",4,60,201,105,96
050,25,019,"Massachusetts","Nantucket County",4,61,204,103,101
050,25,019,"Massachusetts","Nantucket County",4,62,175,89,86
050,25,019,"Massachusetts","Nantucket County",4,63,173,85,88
050,25,019,"Massachusetts","Nantucket County",4,64,178,85,93
050,25,019,"Massachusetts","Nantucket County",4,65,197,94,103
050,25,019,"Massachusetts","Nantucket County",4,66,175,79,96
050,25,019,"Massachusetts","Nantucket County",4,67,176,89,87
050,25,019,"Massachusetts","Nantucket County",4,68,144,71,73
050,25,019,"Massachusetts","Nantucket County",4,69,141,70,71
050,25,019,"Massachusetts","Nantucket County",4,70,147,70,77
050,25,019,"Massachusetts","Nantucket County",4,71,152,79,73
050,25,019,"Massachusetts","Nantucket County",4,72,142,79,63
050,25,019,"Massachusetts","Nantucket County",4,73,121,56,65
050,25,019,"Massachusetts","Nantucket County",4,74,105,48,57
050,25,019,"Massachusetts","Nantucket County",4,75,123,63,60
050,25,019,"Massachusetts","Nantucket County",4,76,80,43,37
050,25,019,"Massachusetts","Nantucket County",4,77,74,34,40
050,25,019,"Massachusetts","Nantucket County",4,78,65,32,33
050,25,019,"Massachusetts","Nantucket County",4,79,67,33,34
050,25,019,"Massachusetts","Nantucket County",4,80,56,27,29
050,25,019,"Massachusetts","Nantucket County",4,81,43,17,26
050,25,019,"Massachusetts","Nantucket County",4,82,45,21,24
050,25,019,"Massachusetts","Nantucket County",4,83,47,20,27
050,25,019,"Massachusetts","Nantucket County",4,84,53,21,32
050,25,019,"Massachusetts","Nantucket County",4,85,243,106,137
050,25,019,"Massachusetts","Nantucket County",5,0,159,70,89
050,25,019,"Massachusetts","Nantucket County",5,1,172,75,97
050,25,019,"Massachusetts","Nantucket County",5,2,142,83,59
050,25,019,"Massachusetts","Nantucket County",5,3,156,78,78
050,25,019,"Massachusetts","Nantucket County",5,4,191,100,91
050,25,019,"Massachusetts","Nantucket County",5,5,156,79,77
050,25,019,"Massachusetts","Nantucket County",5,6,174,83,91
050,25,019,"Massachusetts","Nantucket County",5,7,182,85,97
050,25,019,"Massachusetts","Nantucket County",5,8,153,82,71
050,25,019,"Massachusetts","Nantucket County",5,9,143,70,73
050,25,019,"Massachusetts","Nantucket County",5,10,156,80,76
050,25,019,"Massachusetts","Nantucket County",5,11,168,88,80
050,25,019,"Massachusetts","Nantucket County",5,12,154,83,71
050,25,019,"Massachusetts","Nantucket County",5,13,155,89,66
050,25,019,"Massachusetts","Nantucket County",5,14,174,97,77
050,25,019,"Massachusetts","Nantucket County",5,15,166,78,88
050,25,019,"Massachusetts","Nantucket County",5,16,161,73,88
050,25,019,"Massachusetts","Nantucket County",5,17,173,79,94
050,25,019,"Massachusetts","Nantucket County",5,18,160,77,83
050,25,019,"Massachusetts","Nantucket County",5,19,119,53,66
050,25,019,"Massachusetts","Nantucket County",5,20,122,62,60
050,25,019,"Massachusetts","Nantucket County",5,21,119,67,52
050,25,019,"Massachusetts","Nantucket County",5,22,154,84,70
050,25,019,"Massachusetts","Nantucket County",5,23,145,90,55
050,25,019,"Massachusetts","Nantucket County",5,24,142,71,71
050,25,019,"Massachusetts","Nantucket County",5,25,138,74,64
050,25,019,"Massachusetts","Nantucket County",5,26,140,76,64
050,25,019,"Massachusetts","Nantucket County",5,27,175,91,84
050,25,019,"Massachusetts","Nantucket County",5,28,160,77,83
050,25,019,"Massachusetts","Nantucket County",5,29,176,89,87
050,25,019,"Massachusetts","Nantucket County",5,30,175,77,98
050,25,019,"Massachusetts","Nantucket County",5,31,180,92,88
050,25,019,"Massachusetts","Nantucket County",5,32,181,85,96
050,25,019,"Massachusetts","Nantucket County",5,33,190,98,92
050,25,019,"Massachusetts","Nantucket County",5,34,213,120,93
050,25,019,"Massachusetts","Nantucket County",5,35,234,133,101
050,25,019,"Massachusetts","Nantucket County",5,36,207,106,101
050,25,019,"Massachusetts","Nantucket County",5,37,201,116,85
050,25,019,"Massachusetts","Nantucket County",5,38,188,93,95
050,25,019,"Massachusetts","Nantucket County",5,39,218,127,91
050,25,019,"Massachusetts","Nantucket County",5,40,222,113,109
050,25,019,"Massachusetts","Nantucket County",5,41,238,126,112
050,25,019,"Massachusetts","Nantucket County",5,42,248,130,118
050,25,019,"Massachusetts","Nantucket County",5,43,232,120,112
050,25,019,"Massachusetts","Nantucket County",5,44,230,125,105
050,25,019,"Massachusetts","Nantucket County",5,45,203,113,90
050,25,019,"Massachusetts","Nantucket County",5,46,198,121,77
050,25,019,"Massachusetts","Nantucket County",5,47,184,106,78
050,25,019,"Massachusetts","Nantucket County",5,48,224,141,83
050,25,019,"Massachusetts","Nantucket County",5,49,227,133,94
050,25,019,"Massachusetts","Nantucket County",5,50,208,126,82
050,25,019,"Massachusetts","Nantucket County",5,51,219,111,108
050,25,019,"Massachusetts","Nantucket County",5,52,218,117,101
050,25,019,"Massachusetts","Nantucket County",5,53,236,137,99
050,25,019,"Massachusetts","Nantucket County",5,54,225,121,104
050,25,019,"Massachusetts","Nantucket County",5,55,185,107,78
050,25,019,"Massachusetts","Nantucket County",5,56,190,93,97
050,25,019,"Massachusetts","Nantucket County",5,57,212,114,98
050,25,019,"Massachusetts","Nantucket County",5,58,217,117,100
050,25,019,"Massachusetts","Nantucket County",5,59,221,116,105
050,25,019,"Massachusetts","Nantucket County",5,60,216,119,97
050,25,019,"Massachusetts","Nantucket County",5,61,196,105,91
050,25,019,"Massachusetts","Nantucket County",5,62,200,100,100
050,25,019,"Massachusetts","Nantucket County",5,63,178,91,87
050,25,019,"Massachusetts","Nantucket County",5,64,170,82,88
050,25,019,"Massachusetts","Nantucket County",5,65,169,79,90
050,25,019,"Massachusetts","Nantucket County",5,66,188,90,98
050,25,019,"Massachusetts","Nantucket County",5,67,181,82,99
050,25,019,"Massachusetts","Nantucket County",5,68,168,85,83
050,25,019,"Massachusetts","Nantucket County",5,69,144,72,72
050,25,019,"Massachusetts","Nantucket County",5,70,136,69,67
050,25,019,"Massachusetts","Nantucket County",5,71,145,68,77
050,25,019,"Massachusetts","Nantucket County",5,72,144,77,67
050,25,019,"Massachusetts","Nantucket County",5,73,145,80,65
050,25,019,"Massachusetts","Nantucket County",5,74,114,51,63
050,25,019,"Massachusetts","Nantucket County",5,75,102,46,56
050,25,019,"Massachusetts","Nantucket County",5,76,119,62,57
050,25,019,"Massachusetts","Nantucket County",5,77,74,38,36
050,25,019,"Massachusetts","Nantucket County",5,78,76,33,43
050,25,019,"Massachusetts","Nantucket County",5,79,66,32,34
050,25,019,"Massachusetts","Nantucket County",5,80,62,31,31
050,25,019,"Massachusetts","Nantucket County",5,81,53,24,29
050,25,019,"Massachusetts","Nantucket County",5,82,38,18,20
050,25,019,"Massachusetts","Nantucket County",5,83,42,20,22
050,25,019,"Massachusetts","Nantucket County",5,84,43,17,26
050,25,019,"Massachusetts","Nantucket County",5,85,266,115,151
050,25,021,"Massachusetts","Norfolk County",1,0,7230,3723,3507
050,25,021,"Massachusetts","Norfolk County",1,1,7426,3834,3592
050,25,021,"Massachusetts","Norfolk County",1,2,7791,4099,3692
050,25,021,"Massachusetts","Norfolk County",1,3,7771,3958,3813
050,25,021,"Massachusetts","Norfolk County",1,4,7878,3988,3890
050,25,021,"Massachusetts","Norfolk County",1,5,8122,4113,4009
050,25,021,"Massachusetts","Norfolk County",1,6,8038,4115,3923
050,25,021,"Massachusetts","Norfolk County",1,7,8150,4159,3991
050,25,021,"Massachusetts","Norfolk County",1,8,8167,4148,4019
050,25,021,"Massachusetts","Norfolk County",1,9,8328,4308,4020
050,25,021,"Massachusetts","Norfolk County",1,10,8476,4379,4097
050,25,021,"Massachusetts","Norfolk County",1,11,8743,4487,4256
050,25,021,"Massachusetts","Norfolk County",1,12,9141,4646,4495
050,25,021,"Massachusetts","Norfolk County",1,13,9143,4599,4544
050,25,021,"Massachusetts","Norfolk County",1,14,9065,4560,4505
050,25,021,"Massachusetts","Norfolk County",1,15,9265,4664,4601
050,25,021,"Massachusetts","Norfolk County",1,16,9656,5022,4634
050,25,021,"Massachusetts","Norfolk County",1,17,9623,5020,4603
050,25,021,"Massachusetts","Norfolk County",1,18,9322,4745,4577
050,25,021,"Massachusetts","Norfolk County",1,19,8746,4221,4525
050,25,021,"Massachusetts","Norfolk County",1,20,8833,4247,4586
050,25,021,"Massachusetts","Norfolk County",1,21,8883,4249,4634
050,25,021,"Massachusetts","Norfolk County",1,22,8699,4178,4521
050,25,021,"Massachusetts","Norfolk County",1,23,8496,4171,4325
050,25,021,"Massachusetts","Norfolk County",1,24,8679,4276,4403
050,25,021,"Massachusetts","Norfolk County",1,25,8951,4418,4533
050,25,021,"Massachusetts","Norfolk County",1,26,9023,4469,4554
050,25,021,"Massachusetts","Norfolk County",1,27,9239,4594,4645
050,25,021,"Massachusetts","Norfolk County",1,28,9121,4482,4639
050,25,021,"Massachusetts","Norfolk County",1,29,9200,4561,4639
050,25,021,"Massachusetts","Norfolk County",1,30,9430,4731,4699
050,25,021,"Massachusetts","Norfolk County",1,31,9523,4651,4872
050,25,021,"Massachusetts","Norfolk County",1,32,9629,4675,4954
050,25,021,"Massachusetts","Norfolk County",1,33,9964,4926,5038
050,25,021,"Massachusetts","Norfolk County",1,34,10208,5058,5150
050,25,021,"Massachusetts","Norfolk County",1,35,9954,4918,5036
050,25,021,"Massachusetts","Norfolk County",1,36,9648,4772,4876
050,25,021,"Massachusetts","Norfolk County",1,37,9828,4928,4900
050,25,021,"Massachusetts","Norfolk County",1,38,9682,4821,4861
050,25,021,"Massachusetts","Norfolk County",1,39,9405,4737,4668
050,25,021,"Massachusetts","Norfolk County",1,40,9310,4587,4723
050,25,021,"Massachusetts","Norfolk County",1,41,9371,4535,4836
050,25,021,"Massachusetts","Norfolk County",1,42,9143,4500,4643
050,25,021,"Massachusetts","Norfolk County",1,43,8915,4379,4536
050,25,021,"Massachusetts","Norfolk County",1,44,8993,4446,4547
050,25,021,"Massachusetts","Norfolk County",1,45,9030,4465,4565
050,25,021,"Massachusetts","Norfolk County",1,46,8874,4353,4521
050,25,021,"Massachusetts","Norfolk County",1,47,9052,4405,4647
050,25,021,"Massachusetts","Norfolk County",1,48,9719,4728,4991
050,25,021,"Massachusetts","Norfolk County",1,49,10602,5255,5347
050,25,021,"Massachusetts","Norfolk County",1,50,10137,4965,5172
050,25,021,"Massachusetts","Norfolk County",1,51,10112,4944,5168
050,25,021,"Massachusetts","Norfolk County",1,52,9980,4827,5153
050,25,021,"Massachusetts","Norfolk County",1,53,10299,5001,5298
050,25,021,"Massachusetts","Norfolk County",1,54,10461,5129,5332
050,25,021,"Massachusetts","Norfolk County",1,55,10941,5417,5524
050,25,021,"Massachusetts","Norfolk County",1,56,10986,5384,5602
050,25,021,"Massachusetts","Norfolk County",1,57,10843,5346,5497
050,25,021,"Massachusetts","Norfolk County",1,58,10694,5230,5464
050,25,021,"Massachusetts","Norfolk County",1,59,10526,5171,5355
050,25,021,"Massachusetts","Norfolk County",1,60,10235,5006,5229
050,25,021,"Massachusetts","Norfolk County",1,61,10073,4895,5178
050,25,021,"Massachusetts","Norfolk County",1,62,9964,4773,5191
050,25,021,"Massachusetts","Norfolk County",1,63,9335,4462,4873
050,25,021,"Massachusetts","Norfolk County",1,64,8908,4257,4651
050,25,021,"Massachusetts","Norfolk County",1,65,8742,4203,4539
050,25,021,"Massachusetts","Norfolk County",1,66,8228,3955,4273
050,25,021,"Massachusetts","Norfolk County",1,67,7865,3671,4194
050,25,021,"Massachusetts","Norfolk County",1,68,7531,3514,4017
050,25,021,"Massachusetts","Norfolk County",1,69,6968,3263,3705
050,25,021,"Massachusetts","Norfolk County",1,70,6681,3122,3559
050,25,021,"Massachusetts","Norfolk County",1,71,6679,3107,3572
050,25,021,"Massachusetts","Norfolk County",1,72,6655,3063,3592
050,25,021,"Massachusetts","Norfolk County",1,73,6694,3064,3630
050,25,021,"Massachusetts","Norfolk County",1,74,4696,2043,2653
050,25,021,"Massachusetts","Norfolk County",1,75,4628,2042,2586
050,25,021,"Massachusetts","Norfolk County",1,76,4499,1949,2550
050,25,021,"Massachusetts","Norfolk County",1,77,4511,1936,2575
050,25,021,"Massachusetts","Norfolk County",1,78,3874,1644,2230
050,25,021,"Massachusetts","Norfolk County",1,79,3484,1444,2040
050,25,021,"Massachusetts","Norfolk County",1,80,3242,1338,1904
050,25,021,"Massachusetts","Norfolk County",1,81,3103,1254,1849
050,25,021,"Massachusetts","Norfolk County",1,82,2931,1192,1739
050,25,021,"Massachusetts","Norfolk County",1,83,2655,1062,1593
050,25,021,"Massachusetts","Norfolk County",1,84,2451,941,1510
050,25,021,"Massachusetts","Norfolk County",1,85,16836,5569,11267
050,25,021,"Massachusetts","Norfolk County",2,0,7189,3691,3498
050,25,021,"Massachusetts","Norfolk County",2,1,7392,3820,3572
050,25,021,"Massachusetts","Norfolk County",2,2,7723,4045,3678
050,25,021,"Massachusetts","Norfolk County",2,3,7761,3980,3781
050,25,021,"Massachusetts","Norfolk County",2,4,7878,3992,3886
050,25,021,"Massachusetts","Norfolk County",2,5,8092,4099,3993
050,25,021,"Massachusetts","Norfolk County",2,6,8093,4129,3964
050,25,021,"Massachusetts","Norfolk County",2,7,8132,4149,3983
050,25,021,"Massachusetts","Norfolk County",2,8,8140,4139,4001
050,25,021,"Massachusetts","Norfolk County",2,9,8286,4269,4017
050,25,021,"Massachusetts","Norfolk County",2,10,8458,4375,4083
050,25,021,"Massachusetts","Norfolk County",2,11,8660,4453,4207
050,25,021,"Massachusetts","Norfolk County",2,12,9097,4635,4462
050,25,021,"Massachusetts","Norfolk County",2,13,9131,4603,4528
050,25,021,"Massachusetts","Norfolk County",2,14,9091,4572,4519
050,25,021,"Massachusetts","Norfolk County",2,15,9249,4656,4593
050,25,021,"Massachusetts","Norfolk County",2,16,9587,4948,4639
050,25,021,"Massachusetts","Norfolk County",2,17,9636,5022,4614
050,25,021,"Massachusetts","Norfolk County",2,18,9168,4695,4473
050,25,021,"Massachusetts","Norfolk County",2,19,8577,4167,4410
050,25,021,"Massachusetts","Norfolk County",2,20,8801,4262,4539
050,25,021,"Massachusetts","Norfolk County",2,21,8782,4214,4568
050,25,021,"Massachusetts","Norfolk County",2,22,8647,4158,4489
050,25,021,"Massachusetts","Norfolk County",2,23,8483,4162,4321
050,25,021,"Massachusetts","Norfolk County",2,24,8652,4260,4392
050,25,021,"Massachusetts","Norfolk County",2,25,8895,4386,4509
050,25,021,"Massachusetts","Norfolk County",2,26,9039,4485,4554
050,25,021,"Massachusetts","Norfolk County",2,27,9177,4551,4626
050,25,021,"Massachusetts","Norfolk County",2,28,9167,4522,4645
050,25,021,"Massachusetts","Norfolk County",2,29,9208,4550,4658
050,25,021,"Massachusetts","Norfolk County",2,30,9445,4706,4739
050,25,021,"Massachusetts","Norfolk County",2,31,9513,4664,4849
050,25,021,"Massachusetts","Norfolk County",2,32,9634,4692,4942
050,25,021,"Massachusetts","Norfolk County",2,33,9910,4882,5028
050,25,021,"Massachusetts","Norfolk County",2,34,10180,5042,5138
050,25,021,"Massachusetts","Norfolk County",2,35,10075,4971,5104
050,25,021,"Massachusetts","Norfolk County",2,36,9679,4784,4895
050,25,021,"Massachusetts","Norfolk County",2,37,9821,4903,4918
050,25,021,"Massachusetts","Norfolk County",2,38,9767,4872,4895
050,25,021,"Massachusetts","Norfolk County",2,39,9441,4738,4703
050,25,021,"Massachusetts","Norfolk County",2,40,9391,4650,4741
050,25,021,"Massachusetts","Norfolk County",2,41,9336,4527,4809
050,25,021,"Massachusetts","Norfolk County",2,42,9157,4482,4675
050,25,021,"Massachusetts","Norfolk County",2,43,9010,4414,4596
050,25,021,"Massachusetts","Norfolk County",2,44,8888,4388,4500
050,25,021,"Massachusetts","Norfolk County",2,45,9061,4477,4584
050,25,021,"Massachusetts","Norfolk County",2,46,8875,4351,4524
050,25,021,"Massachusetts","Norfolk County",2,47,8986,4374,4612
050,25,021,"Massachusetts","Norfolk County",2,48,9562,4653,4909
050,25,021,"Massachusetts","Norfolk County",2,49,10412,5142,5270
050,25,021,"Massachusetts","Norfolk County",2,50,10262,5035,5227
050,25,021,"Massachusetts","Norfolk County",2,51,10070,4928,5142
050,25,021,"Massachusetts","Norfolk County",2,52,9961,4816,5145
050,25,021,"Massachusetts","Norfolk County",2,53,10195,4943,5252
050,25,021,"Massachusetts","Norfolk County",2,54,10363,5067,5296
050,25,021,"Massachusetts","Norfolk County",2,55,10787,5321,5466
050,25,021,"Massachusetts","Norfolk County",2,56,10983,5399,5584
050,25,021,"Massachusetts","Norfolk County",2,57,10859,5333,5526
050,25,021,"Massachusetts","Norfolk County",2,58,10679,5231,5448
050,25,021,"Massachusetts","Norfolk County",2,59,10572,5191,5381
050,25,021,"Massachusetts","Norfolk County",2,60,10234,5003,5231
050,25,021,"Massachusetts","Norfolk County",2,61,10038,4882,5156
050,25,021,"Massachusetts","Norfolk County",2,62,9924,4764,5160
050,25,021,"Massachusetts","Norfolk County",2,63,9502,4540,4962
050,25,021,"Massachusetts","Norfolk County",2,64,8914,4248,4666
050,25,021,"Massachusetts","Norfolk County",2,65,8707,4167,4540
050,25,021,"Massachusetts","Norfolk County",2,66,8296,3981,4315
050,25,021,"Massachusetts","Norfolk County",2,67,7872,3690,4182
050,25,021,"Massachusetts","Norfolk County",2,68,7504,3489,4015
050,25,021,"Massachusetts","Norfolk County",2,69,7097,3312,3785
050,25,021,"Massachusetts","Norfolk County",2,70,6684,3110,3574
050,25,021,"Massachusetts","Norfolk County",2,71,6643,3087,3556
050,25,021,"Massachusetts","Norfolk County",2,72,6507,2997,3510
050,25,021,"Massachusetts","Norfolk County",2,73,6933,3170,3763
050,25,021,"Massachusetts","Norfolk County",2,74,4830,2123,2707
050,25,021,"Massachusetts","Norfolk County",2,75,4607,2021,2586
050,25,021,"Massachusetts","Norfolk County",2,76,4443,1925,2518
050,25,021,"Massachusetts","Norfolk County",2,77,4548,1951,2597
050,25,021,"Massachusetts","Norfolk County",2,78,3900,1653,2247
050,25,021,"Massachusetts","Norfolk County",2,79,3509,1453,2056
050,25,021,"Massachusetts","Norfolk County",2,80,3246,1344,1902
050,25,021,"Massachusetts","Norfolk County",2,81,3071,1239,1832
050,25,021,"Massachusetts","Norfolk County",2,82,2945,1191,1754
050,25,021,"Massachusetts","Norfolk County",2,83,2636,1046,1590
050,25,021,"Massachusetts","Norfolk County",2,84,2427,936,1491
050,25,021,"Massachusetts","Norfolk County",2,85,16472,5464,11008
050,25,021,"Massachusetts","Norfolk County",3,0,6965,3511,3454
050,25,021,"Massachusetts","Norfolk County",3,1,7232,3716,3516
050,25,021,"Massachusetts","Norfolk County",3,2,7489,3858,3631
050,25,021,"Massachusetts","Norfolk County",3,3,7807,4088,3719
050,25,021,"Massachusetts","Norfolk County",3,4,7778,3978,3800
050,25,021,"Massachusetts","Norfolk County",3,5,7974,4054,3920
050,25,021,"Massachusetts","Norfolk County",3,6,8093,4102,3991
050,25,021,"Massachusetts","Norfolk County",3,7,8075,4117,3958
050,25,021,"Massachusetts","Norfolk County",3,8,8141,4143,3998
050,25,021,"Massachusetts","Norfolk County",3,9,8166,4155,4011
050,25,021,"Massachusetts","Norfolk County",3,10,8281,4277,4004
050,25,021,"Massachusetts","Norfolk County",3,11,8469,4400,4069
050,25,021,"Massachusetts","Norfolk County",3,12,8689,4472,4217
050,25,021,"Massachusetts","Norfolk County",3,13,9084,4626,4458
050,25,021,"Massachusetts","Norfolk County",3,14,9135,4623,4512
050,25,021,"Massachusetts","Norfolk County",3,15,9159,4620,4539
050,25,021,"Massachusetts","Norfolk County",3,16,9297,4673,4624
050,25,021,"Massachusetts","Norfolk County",3,17,9643,4957,4686
050,25,021,"Massachusetts","Norfolk County",3,18,9440,4826,4614
050,25,021,"Massachusetts","Norfolk County",3,19,8620,4192,4428
050,25,021,"Massachusetts","Norfolk County",3,20,9010,4368,4642
050,25,021,"Massachusetts","Norfolk County",3,21,9020,4336,4684
050,25,021,"Massachusetts","Norfolk County",3,22,8722,4214,4508
050,25,021,"Massachusetts","Norfolk County",3,23,8642,4232,4410
050,25,021,"Massachusetts","Norfolk County",3,24,8648,4247,4401
050,25,021,"Massachusetts","Norfolk County",3,25,8605,4204,4401
050,25,021,"Massachusetts","Norfolk County",3,26,8933,4432,4501
050,25,021,"Massachusetts","Norfolk County",3,27,9059,4479,4580
050,25,021,"Massachusetts","Norfolk County",3,28,9167,4537,4630
050,25,021,"Massachusetts","Norfolk County",3,29,9154,4560,4594
050,25,021,"Massachusetts","Norfolk County",3,30,9264,4588,4676
050,25,021,"Massachusetts","Norfolk County",3,31,9540,4744,4796
050,25,021,"Massachusetts","Norfolk County",3,32,9748,4777,4971
050,25,021,"Massachusetts","Norfolk County",3,33,9851,4810,5041
050,25,021,"Massachusetts","Norfolk County",3,34,10188,4980,5208
050,25,021,"Massachusetts","Norfolk County",3,35,10308,5072,5236
050,25,021,"Massachusetts","Norfolk County",3,36,10172,5006,5166
050,25,021,"Massachusetts","Norfolk County",3,37,9683,4808,4875
050,25,021,"Massachusetts","Norfolk County",3,38,9914,4948,4966
050,25,021,"Massachusetts","Norfolk County",3,39,9675,4818,4857
050,25,021,"Massachusetts","Norfolk County",3,40,9469,4794,4675
050,25,021,"Massachusetts","Norfolk County",3,41,9282,4593,4689
050,25,021,"Massachusetts","Norfolk County",3,42,9310,4522,4788
050,25,021,"Massachusetts","Norfolk County",3,43,9146,4466,4680
050,25,021,"Massachusetts","Norfolk County",3,44,9046,4424,4622
050,25,021,"Massachusetts","Norfolk County",3,45,8879,4382,4497
050,25,021,"Massachusetts","Norfolk County",3,46,9008,4441,4567
050,25,021,"Massachusetts","Norfolk County",3,47,8874,4356,4518
050,25,021,"Massachusetts","Norfolk County",3,48,9017,4403,4614
050,25,021,"Massachusetts","Norfolk County",3,49,9520,4627,4893
050,25,021,"Massachusetts","Norfolk County",3,50,10316,5096,5220
050,25,021,"Massachusetts","Norfolk County",3,51,10318,5095,5223
050,25,021,"Massachusetts","Norfolk County",3,52,9894,4805,5089
050,25,021,"Massachusetts","Norfolk County",3,53,9897,4816,5081
050,25,021,"Massachusetts","Norfolk County",3,54,10064,4875,5189
050,25,021,"Massachusetts","Norfolk County",3,55,10235,4953,5282
050,25,021,"Massachusetts","Norfolk County",3,56,10653,5257,5396
050,25,021,"Massachusetts","Norfolk County",3,57,10784,5295,5489
050,25,021,"Massachusetts","Norfolk County",3,58,10716,5242,5474
050,25,021,"Massachusetts","Norfolk County",3,59,10516,5156,5360
050,25,021,"Massachusetts","Norfolk County",3,60,10291,5020,5271
050,25,021,"Massachusetts","Norfolk County",3,61,10113,4959,5154
050,25,021,"Massachusetts","Norfolk County",3,62,9754,4741,5013
050,25,021,"Massachusetts","Norfolk County",3,63,9679,4616,5063
050,25,021,"Massachusetts","Norfolk County",3,64,9293,4420,4873
050,25,021,"Massachusetts","Norfolk County",3,65,8662,4128,4534
050,25,021,"Massachusetts","Norfolk County",3,66,8479,4058,4421
050,25,021,"Massachusetts","Norfolk County",3,67,8090,3857,4233
050,25,021,"Massachusetts","Norfolk County",3,68,7669,3549,4120
050,25,021,"Massachusetts","Norfolk County",3,69,7343,3406,3937
050,25,021,"Massachusetts","Norfolk County",3,70,6913,3209,3704
050,25,021,"Massachusetts","Norfolk County",3,71,6543,3043,3500
050,25,021,"Massachusetts","Norfolk County",3,72,6478,2985,3493
050,25,021,"Massachusetts","Norfolk County",3,73,6382,2923,3459
050,25,021,"Massachusetts","Norfolk County",3,74,6748,3077,3671
050,25,021,"Massachusetts","Norfolk County",3,75,4708,2060,2648
050,25,021,"Massachusetts","Norfolk County",3,76,4452,1924,2528
050,25,021,"Massachusetts","Norfolk County",3,77,4305,1859,2446
050,25,021,"Massachusetts","Norfolk County",3,78,4388,1862,2526
050,25,021,"Massachusetts","Norfolk County",3,79,3716,1558,2158
050,25,021,"Massachusetts","Norfolk County",3,80,3345,1388,1957
050,25,021,"Massachusetts","Norfolk County",3,81,3095,1239,1856
050,25,021,"Massachusetts","Norfolk County",3,82,2921,1170,1751
050,25,021,"Massachusetts","Norfolk County",3,83,2763,1119,1644
050,25,021,"Massachusetts","Norfolk County",3,84,2427,938,1489
050,25,021,"Massachusetts","Norfolk County",3,85,16130,5413,10717
050,25,021,"Massachusetts","Norfolk County",4,0,7390,3734,3656
050,25,021,"Massachusetts","Norfolk County",4,1,7027,3474,3553
050,25,021,"Massachusetts","Norfolk County",4,2,7314,3814,3500
050,25,021,"Massachusetts","Norfolk County",4,3,7523,3844,3679
050,25,021,"Massachusetts","Norfolk County",4,4,7833,4111,3722
050,25,021,"Massachusetts","Norfolk County",4,5,7842,4048,3794
050,25,021,"Massachusetts","Norfolk County",4,6,8012,4072,3940
050,25,021,"Massachusetts","Norfolk County",4,7,8195,4140,4055
050,25,021,"Massachusetts","Norfolk County",4,8,8151,4173,3978
050,25,021,"Massachusetts","Norfolk County",4,9,8125,4145,3980
050,25,021,"Massachusetts","Norfolk County",4,10,8195,4180,4015
050,25,021,"Massachusetts","Norfolk County",4,11,8368,4310,4058
050,25,021,"Massachusetts","Norfolk County",4,12,8515,4442,4073
050,25,021,"Massachusetts","Norfolk County",4,13,8722,4489,4233
050,25,021,"Massachusetts","Norfolk County",4,14,9191,4689,4502
050,25,021,"Massachusetts","Norfolk County",4,15,9258,4709,4549
050,25,021,"Massachusetts","Norfolk County",4,16,9186,4628,4558
050,25,021,"Massachusetts","Norfolk County",4,17,9411,4702,4709
050,25,021,"Massachusetts","Norfolk County",4,18,9368,4742,4626
050,25,021,"Massachusetts","Norfolk County",4,19,8629,4179,4450
050,25,021,"Massachusetts","Norfolk County",4,20,8839,4309,4530
050,25,021,"Massachusetts","Norfolk County",4,21,9162,4441,4721
050,25,021,"Massachusetts","Norfolk County",4,22,8949,4308,4641
050,25,021,"Massachusetts","Norfolk County",4,23,8653,4212,4441
050,25,021,"Massachusetts","Norfolk County",4,24,8834,4262,4572
050,25,021,"Massachusetts","Norfolk County",4,25,8663,4231,4432
050,25,021,"Massachusetts","Norfolk County",4,26,8705,4268,4437
050,25,021,"Massachusetts","Norfolk County",4,27,8859,4359,4500
050,25,021,"Massachusetts","Norfolk County",4,28,9062,4519,4543
050,25,021,"Massachusetts","Norfolk County",4,29,9256,4576,4680
050,25,021,"Massachusetts","Norfolk County",4,30,9268,4579,4689
050,25,021,"Massachusetts","Norfolk County",4,31,9373,4623,4750
050,25,021,"Massachusetts","Norfolk County",4,32,9766,4869,4897
050,25,021,"Massachusetts","Norfolk County",4,33,9804,4777,5027
050,25,021,"Massachusetts","Norfolk County",4,34,10003,4902,5101
050,25,021,"Massachusetts","Norfolk County",4,35,10254,5004,5250
050,25,021,"Massachusetts","Norfolk County",4,36,10334,5094,5240
050,25,021,"Massachusetts","Norfolk County",4,37,10155,4962,5193
050,25,021,"Massachusetts","Norfolk County",4,38,9661,4794,4867
050,25,021,"Massachusetts","Norfolk County",4,39,9871,4906,4965
050,25,021,"Massachusetts","Norfolk County",4,40,9779,4869,4910
050,25,021,"Massachusetts","Norfolk County",4,41,9473,4765,4708
050,25,021,"Massachusetts","Norfolk County",4,42,9327,4621,4706
050,25,021,"Massachusetts","Norfolk County",4,43,9239,4465,4774
050,25,021,"Massachusetts","Norfolk County",4,44,9108,4447,4661
050,25,021,"Massachusetts","Norfolk County",4,45,9072,4447,4625
050,25,021,"Massachusetts","Norfolk County",4,46,8807,4352,4455
050,25,021,"Massachusetts","Norfolk County",4,47,8972,4378,4594
050,25,021,"Massachusetts","Norfolk County",4,48,8869,4353,4516
050,25,021,"Massachusetts","Norfolk County",4,49,8984,4417,4567
050,25,021,"Massachusetts","Norfolk County",4,50,9425,4575,4850
050,25,021,"Massachusetts","Norfolk County",4,51,10370,5159,5211
050,25,021,"Massachusetts","Norfolk County",4,52,10223,4999,5224
050,25,021,"Massachusetts","Norfolk County",4,53,9870,4819,5051
050,25,021,"Massachusetts","Norfolk County",4,54,9810,4755,5055
050,25,021,"Massachusetts","Norfolk County",4,55,10032,4826,5206
050,25,021,"Massachusetts","Norfolk County",4,56,10123,4934,5189
050,25,021,"Massachusetts","Norfolk County",4,57,10495,5137,5358
050,25,021,"Massachusetts","Norfolk County",4,58,10598,5189,5409
050,25,021,"Massachusetts","Norfolk County",4,59,10551,5184,5367
050,25,021,"Massachusetts","Norfolk County",4,60,10297,5035,5262
050,25,021,"Massachusetts","Norfolk County",4,61,10146,4933,5213
050,25,021,"Massachusetts","Norfolk County",4,62,9902,4855,5047
050,25,021,"Massachusetts","Norfolk County",4,63,9482,4612,4870
050,25,021,"Massachusetts","Norfolk County",4,64,9473,4501,4972
050,25,021,"Massachusetts","Norfolk County",4,65,9074,4278,4796
050,25,021,"Massachusetts","Norfolk County",4,66,8456,4016,4440
050,25,021,"Massachusetts","Norfolk County",4,67,8280,3931,4349
050,25,021,"Massachusetts","Norfolk County",4,68,7909,3764,4145
050,25,021,"Massachusetts","Norfolk County",4,69,7486,3478,4008
050,25,021,"Massachusetts","Norfolk County",4,70,7172,3298,3874
050,25,021,"Massachusetts","Norfolk County",4,71,6782,3134,3648
050,25,021,"Massachusetts","Norfolk County",4,72,6353,2937,3416
050,25,021,"Massachusetts","Norfolk County",4,73,6351,2905,3446
050,25,021,"Massachusetts","Norfolk County",4,74,6238,2829,3409
050,25,021,"Massachusetts","Norfolk County",4,75,6591,2965,3626
050,25,021,"Massachusetts","Norfolk County",4,76,4577,1965,2612
050,25,021,"Massachusetts","Norfolk County",4,77,4297,1846,2451
050,25,021,"Massachusetts","Norfolk County",4,78,4126,1766,2360
050,25,021,"Massachusetts","Norfolk County",4,79,4230,1784,2446
050,25,021,"Massachusetts","Norfolk County",4,80,3574,1489,2085
050,25,021,"Massachusetts","Norfolk County",4,81,3212,1285,1927
050,25,021,"Massachusetts","Norfolk County",4,82,2981,1184,1797
050,25,021,"Massachusetts","Norfolk County",4,83,2780,1110,1670
050,25,021,"Massachusetts","Norfolk County",4,84,2606,1026,1580
050,25,021,"Massachusetts","Norfolk County",4,85,16241,5481,10760
050,25,021,"Massachusetts","Norfolk County",5,0,7352,3718,3634
050,25,021,"Massachusetts","Norfolk County",5,1,7474,3788,3686
050,25,021,"Massachusetts","Norfolk County",5,2,7053,3481,3572
050,25,021,"Massachusetts","Norfolk County",5,3,7377,3811,3566
050,25,021,"Massachusetts","Norfolk County",5,4,7628,3896,3732
050,25,021,"Massachusetts","Norfolk County",5,5,7785,4086,3699
050,25,021,"Massachusetts","Norfolk County",5,6,7923,4084,3839
050,25,021,"Massachusetts","Norfolk County",5,7,8077,4084,3993
050,25,021,"Massachusetts","Norfolk County",5,8,8214,4135,4079
050,25,021,"Massachusetts","Norfolk County",5,9,8272,4258,4014
050,25,021,"Massachusetts","Norfolk County",5,10,8179,4200,3979
050,25,021,"Massachusetts","Norfolk County",5,11,8240,4180,4060
050,25,021,"Massachusetts","Norfolk County",5,12,8486,4362,4124
050,25,021,"Massachusetts","Norfolk County",5,13,8582,4435,4147
050,25,021,"Massachusetts","Norfolk County",5,14,8826,4523,4303
050,25,021,"Massachusetts","Norfolk County",5,15,9280,4713,4567
050,25,021,"Massachusetts","Norfolk County",5,16,9318,4718,4600
050,25,021,"Massachusetts","Norfolk County",5,17,9334,4675,4659
050,25,021,"Massachusetts","Norfolk County",5,18,9172,4524,4648
050,25,021,"Massachusetts","Norfolk County",5,19,8695,4172,4523
050,25,021,"Massachusetts","Norfolk County",5,20,9030,4389,4641
050,25,021,"Massachusetts","Norfolk County",5,21,9063,4387,4676
050,25,021,"Massachusetts","Norfolk County",5,22,9145,4454,4691
050,25,021,"Massachusetts","Norfolk County",5,23,8850,4306,4544
050,25,021,"Massachusetts","Norfolk County",5,24,8860,4242,4618
050,25,021,"Massachusetts","Norfolk County",5,25,8827,4221,4606
050,25,021,"Massachusetts","Norfolk County",5,26,8601,4206,4395
050,25,021,"Massachusetts","Norfolk County",5,27,8743,4217,4526
050,25,021,"Massachusetts","Norfolk County",5,28,8878,4368,4510
050,25,021,"Massachusetts","Norfolk County",5,29,9093,4557,4536
050,25,021,"Massachusetts","Norfolk County",5,30,9315,4546,4769
050,25,021,"Massachusetts","Norfolk County",5,31,9451,4626,4825
050,25,021,"Massachusetts","Norfolk County",5,32,9563,4772,4791
050,25,021,"Massachusetts","Norfolk County",5,33,9948,4992,4956
050,25,021,"Massachusetts","Norfolk County",5,34,9998,4901,5097
050,25,021,"Massachusetts","Norfolk County",5,35,10212,4960,5252
050,25,021,"Massachusetts","Norfolk County",5,36,10261,4982,5279
050,25,021,"Massachusetts","Norfolk County",5,37,10444,5169,5275
050,25,021,"Massachusetts","Norfolk County",5,38,10195,4936,5259
050,25,021,"Massachusetts","Norfolk County",5,39,9665,4783,4882
050,25,021,"Massachusetts","Norfolk County",5,40,9875,4913,4962
050,25,021,"Massachusetts","Norfolk County",5,41,9788,4817,4971
050,25,021,"Massachusetts","Norfolk County",5,42,9571,4795,4776
050,25,021,"Massachusetts","Norfolk County",5,43,9370,4609,4761
050,25,021,"Massachusetts","Norfolk County",5,44,9259,4473,4786
050,25,021,"Massachusetts","Norfolk County",5,45,9150,4470,4680
050,25,021,"Massachusetts","Norfolk County",5,46,9038,4403,4635
050,25,021,"Massachusetts","Norfolk County",5,47,8838,4360,4478
050,25,021,"Massachusetts","Norfolk County",5,48,8994,4419,4575
050,25,021,"Massachusetts","Norfolk County",5,49,8860,4357,4503
050,25,021,"Massachusetts","Norfolk County",5,50,8904,4363,4541
050,25,021,"Massachusetts","Norfolk County",5,51,9388,4583,4805
050,25,021,"Massachusetts","Norfolk County",5,52,10218,5034,5184
050,25,021,"Massachusetts","Norfolk County",5,53,10157,4968,5189
050,25,021,"Massachusetts","Norfolk County",5,54,9769,4735,5034
050,25,021,"Massachusetts","Norfolk County",5,55,9761,4731,5030
050,25,021,"Massachusetts","Norfolk County",5,56,9903,4791,5112
050,25,021,"Massachusetts","Norfolk County",5,57,10015,4855,5160
050,25,021,"Massachusetts","Norfolk County",5,58,10347,5052,5295
050,25,021,"Massachusetts","Norfolk County",5,59,10428,5121,5307
050,25,021,"Massachusetts","Norfolk County",5,60,10357,5045,5312
050,25,021,"Massachusetts","Norfolk County",5,61,10133,4978,5155
050,25,021,"Massachusetts","Norfolk County",5,62,9870,4781,5089
050,25,021,"Massachusetts","Norfolk County",5,63,9698,4739,4959
050,25,021,"Massachusetts","Norfolk County",5,64,9303,4504,4799
050,25,021,"Massachusetts","Norfolk County",5,65,9267,4375,4892
050,25,021,"Massachusetts","Norfolk County",5,66,8870,4180,4690
050,25,021,"Massachusetts","Norfolk County",5,67,8268,3904,4364
050,25,021,"Massachusetts","Norfolk County",5,68,8120,3830,4290
050,25,021,"Massachusetts","Norfolk County",5,69,7755,3684,4071
050,25,021,"Massachusetts","Norfolk County",5,70,7283,3354,3929
050,25,021,"Massachusetts","Norfolk County",5,71,7028,3217,3811
050,25,021,"Massachusetts","Norfolk County",5,72,6655,3071,3584
050,25,021,"Massachusetts","Norfolk County",5,73,6207,2873,3334
050,25,021,"Massachusetts","Norfolk County",5,74,6210,2823,3387
050,25,021,"Massachusetts","Norfolk County",5,75,6122,2762,3360
050,25,021,"Massachusetts","Norfolk County",5,76,6410,2842,3568
050,25,021,"Massachusetts","Norfolk County",5,77,4409,1883,2526
050,25,021,"Massachusetts","Norfolk County",5,78,4179,1770,2409
050,25,021,"Massachusetts","Norfolk County",5,79,3967,1680,2287
050,25,021,"Massachusetts","Norfolk County",5,80,4039,1712,2327
050,25,021,"Massachusetts","Norfolk County",5,81,3435,1395,2040
050,25,021,"Massachusetts","Norfolk County",5,82,3079,1224,1855
050,25,021,"Massachusetts","Norfolk County",5,83,2819,1119,1700
050,25,021,"Massachusetts","Norfolk County",5,84,2607,1021,1586
050,25,021,"Massachusetts","Norfolk County",5,85,16341,5606,10735
050,25,023,"Massachusetts","Plymouth County",1,0,5097,2612,2485
050,25,023,"Massachusetts","Plymouth County",1,1,5255,2714,2541
050,25,023,"Massachusetts","Plymouth County",1,2,5557,2863,2694
050,25,023,"Massachusetts","Plymouth County",1,3,5688,2925,2763
050,25,023,"Massachusetts","Plymouth County",1,4,5879,3046,2833
050,25,023,"Massachusetts","Plymouth County",1,5,5993,3058,2935
050,25,023,"Massachusetts","Plymouth County",1,6,5972,3075,2897
050,25,023,"Massachusetts","Plymouth County",1,7,6013,3095,2918
050,25,023,"Massachusetts","Plymouth County",1,8,6055,3153,2902
050,25,023,"Massachusetts","Plymouth County",1,9,6158,3146,3012
050,25,023,"Massachusetts","Plymouth County",1,10,6308,3268,3040
050,25,023,"Massachusetts","Plymouth County",1,11,6464,3355,3109
050,25,023,"Massachusetts","Plymouth County",1,12,6821,3496,3325
050,25,023,"Massachusetts","Plymouth County",1,13,7000,3625,3375
050,25,023,"Massachusetts","Plymouth County",1,14,6993,3668,3325
050,25,023,"Massachusetts","Plymouth County",1,15,7139,3721,3418
050,25,023,"Massachusetts","Plymouth County",1,16,7452,3826,3626
050,25,023,"Massachusetts","Plymouth County",1,17,7413,3760,3653
050,25,023,"Massachusetts","Plymouth County",1,18,6735,3412,3323
050,25,023,"Massachusetts","Plymouth County",1,19,6027,2985,3042
050,25,023,"Massachusetts","Plymouth County",1,20,6412,3211,3201
050,25,023,"Massachusetts","Plymouth County",1,21,6482,3234,3248
050,25,023,"Massachusetts","Plymouth County",1,22,6419,3182,3237
050,25,023,"Massachusetts","Plymouth County",1,23,6231,3094,3137
050,25,023,"Massachusetts","Plymouth County",1,24,5955,3051,2904
050,25,023,"Massachusetts","Plymouth County",1,25,5817,2939,2878
050,25,023,"Massachusetts","Plymouth County",1,26,5792,2948,2844
050,25,023,"Massachusetts","Plymouth County",1,27,5817,2931,2886
050,25,023,"Massachusetts","Plymouth County",1,28,5527,2824,2703
050,25,023,"Massachusetts","Plymouth County",1,29,5554,2832,2722
050,25,023,"Massachusetts","Plymouth County",1,30,5736,2916,2820
050,25,023,"Massachusetts","Plymouth County",1,31,5811,2953,2858
050,25,023,"Massachusetts","Plymouth County",1,32,6043,3030,3013
050,25,023,"Massachusetts","Plymouth County",1,33,6196,3036,3160
050,25,023,"Massachusetts","Plymouth County",1,34,6320,3080,3240
050,25,023,"Massachusetts","Plymouth County",1,35,6251,3009,3242
050,25,023,"Massachusetts","Plymouth County",1,36,6280,3089,3191
050,25,023,"Massachusetts","Plymouth County",1,37,6474,3200,3274
050,25,023,"Massachusetts","Plymouth County",1,38,6366,3185,3181
050,25,023,"Massachusetts","Plymouth County",1,39,6378,3116,3262
050,25,023,"Massachusetts","Plymouth County",1,40,6263,3103,3160
050,25,023,"Massachusetts","Plymouth County",1,41,6076,3057,3019
050,25,023,"Massachusetts","Plymouth County",1,42,6218,3132,3086
050,25,023,"Massachusetts","Plymouth County",1,43,6071,3021,3050
050,25,023,"Massachusetts","Plymouth County",1,44,5997,2980,3017
050,25,023,"Massachusetts","Plymouth County",1,45,6160,3056,3104
050,25,023,"Massachusetts","Plymouth County",1,46,6211,3083,3128
050,25,023,"Massachusetts","Plymouth County",1,47,6574,3248,3326
050,25,023,"Massachusetts","Plymouth County",1,48,7284,3584,3700
050,25,023,"Massachusetts","Plymouth County",1,49,7897,3831,4066
050,25,023,"Massachusetts","Plymouth County",1,50,7781,3810,3971
050,25,023,"Massachusetts","Plymouth County",1,51,7682,3751,3931
050,25,023,"Massachusetts","Plymouth County",1,52,7808,3810,3998
050,25,023,"Massachusetts","Plymouth County",1,53,8079,3935,4144
050,25,023,"Massachusetts","Plymouth County",1,54,8086,3964,4122
050,25,023,"Massachusetts","Plymouth County",1,55,8314,4064,4250
050,25,023,"Massachusetts","Plymouth County",1,56,8468,4131,4337
050,25,023,"Massachusetts","Plymouth County",1,57,8318,4026,4292
050,25,023,"Massachusetts","Plymouth County",1,58,8407,4159,4248
050,25,023,"Massachusetts","Plymouth County",1,59,8228,4066,4162
050,25,023,"Massachusetts","Plymouth County",1,60,8017,3936,4081
050,25,023,"Massachusetts","Plymouth County",1,61,7958,3874,4084
050,25,023,"Massachusetts","Plymouth County",1,62,7823,3753,4070
050,25,023,"Massachusetts","Plymouth County",1,63,7516,3612,3904
050,25,023,"Massachusetts","Plymouth County",1,64,7294,3494,3800
050,25,023,"Massachusetts","Plymouth County",1,65,7055,3355,3700
050,25,023,"Massachusetts","Plymouth County",1,66,6772,3202,3570
050,25,023,"Massachusetts","Plymouth County",1,67,6573,3086,3487
050,25,023,"Massachusetts","Plymouth County",1,68,6291,2968,3323
050,25,023,"Massachusetts","Plymouth County",1,69,5828,2688,3140
050,25,023,"Massachusetts","Plymouth County",1,70,5767,2654,3113
050,25,023,"Massachusetts","Plymouth County",1,71,5611,2572,3039
050,25,023,"Massachusetts","Plymouth County",1,72,5695,2633,3062
050,25,023,"Massachusetts","Plymouth County",1,73,5714,2672,3042
050,25,023,"Massachusetts","Plymouth County",1,74,4037,1814,2223
050,25,023,"Massachusetts","Plymouth County",1,75,4099,1828,2271
050,25,023,"Massachusetts","Plymouth County",1,76,4086,1835,2251
050,25,023,"Massachusetts","Plymouth County",1,77,3910,1813,2097
050,25,023,"Massachusetts","Plymouth County",1,78,3218,1425,1793
050,25,023,"Massachusetts","Plymouth County",1,79,2807,1270,1537
050,25,023,"Massachusetts","Plymouth County",1,80,2450,1062,1388
050,25,023,"Massachusetts","Plymouth County",1,81,2260,950,1310
050,25,023,"Massachusetts","Plymouth County",1,82,2031,848,1183
050,25,023,"Massachusetts","Plymouth County",1,83,1937,785,1152
050,25,023,"Massachusetts","Plymouth County",1,84,1710,678,1032
050,25,023,"Massachusetts","Plymouth County",1,85,10558,3592,6966
050,25,023,"Massachusetts","Plymouth County",2,0,5084,2613,2471
050,25,023,"Massachusetts","Plymouth County",2,1,5226,2695,2531
050,25,023,"Massachusetts","Plymouth County",2,2,5502,2835,2667
050,25,023,"Massachusetts","Plymouth County",2,3,5647,2911,2736
050,25,023,"Massachusetts","Plymouth County",2,4,5859,3033,2826
050,25,023,"Massachusetts","Plymouth County",2,5,5969,3063,2906
050,25,023,"Massachusetts","Plymouth County",2,6,6000,3088,2912
050,25,023,"Massachusetts","Plymouth County",2,7,6008,3094,2914
050,25,023,"Massachusetts","Plymouth County",2,8,6045,3133,2912
050,25,023,"Massachusetts","Plymouth County",2,9,6132,3148,2984
050,25,023,"Massachusetts","Plymouth County",2,10,6268,3234,3034
050,25,023,"Massachusetts","Plymouth County",2,11,6402,3316,3086
050,25,023,"Massachusetts","Plymouth County",2,12,6769,3476,3293
050,25,023,"Massachusetts","Plymouth County",2,13,6955,3599,3356
050,25,023,"Massachusetts","Plymouth County",2,14,6994,3659,3335
050,25,023,"Massachusetts","Plymouth County",2,15,7119,3719,3400
050,25,023,"Massachusetts","Plymouth County",2,16,7388,3811,3577
050,25,023,"Massachusetts","Plymouth County",2,17,7432,3780,3652
050,25,023,"Massachusetts","Plymouth County",2,18,6716,3409,3307
050,25,023,"Massachusetts","Plymouth County",2,19,6044,2980,3064
050,25,023,"Massachusetts","Plymouth County",2,20,6458,3228,3230
050,25,023,"Massachusetts","Plymouth County",2,21,6462,3227,3235
050,25,023,"Massachusetts","Plymouth County",2,22,6386,3177,3209
050,25,023,"Massachusetts","Plymouth County",2,23,6239,3097,3142
050,25,023,"Massachusetts","Plymouth County",2,24,5955,3016,2939
050,25,023,"Massachusetts","Plymouth County",2,25,5814,2943,2871
050,25,023,"Massachusetts","Plymouth County",2,26,5793,2935,2858
050,25,023,"Massachusetts","Plymouth County",2,27,5779,2916,2863
050,25,023,"Massachusetts","Plymouth County",2,28,5607,2848,2759
050,25,023,"Massachusetts","Plymouth County",2,29,5571,2836,2735
050,25,023,"Massachusetts","Plymouth County",2,30,5746,2910,2836
050,25,023,"Massachusetts","Plymouth County",2,31,5812,2948,2864
050,25,023,"Massachusetts","Plymouth County",2,32,6002,3002,3000
050,25,023,"Massachusetts","Plymouth County",2,33,6191,3044,3147
050,25,023,"Massachusetts","Plymouth County",2,34,6313,3073,3240
050,25,023,"Massachusetts","Plymouth County",2,35,6330,3057,3273
050,25,023,"Massachusetts","Plymouth County",2,36,6253,3056,3197
050,25,023,"Massachusetts","Plymouth County",2,37,6454,3184,3270
050,25,023,"Massachusetts","Plymouth County",2,38,6419,3200,3219
050,25,023,"Massachusetts","Plymouth County",2,39,6350,3123,3227
050,25,023,"Massachusetts","Plymouth County",2,40,6324,3118,3206
050,25,023,"Massachusetts","Plymouth County",2,41,6121,3063,3058
050,25,023,"Massachusetts","Plymouth County",2,42,6123,3078,3045
050,25,023,"Massachusetts","Plymouth County",2,43,6146,3062,3084
050,25,023,"Massachusetts","Plymouth County",2,44,5955,2956,2999
050,25,023,"Massachusetts","Plymouth County",2,45,6148,3047,3101
050,25,023,"Massachusetts","Plymouth County",2,46,6168,3060,3108
050,25,023,"Massachusetts","Plymouth County",2,47,6469,3198,3271
050,25,023,"Massachusetts","Plymouth County",2,48,7097,3482,3615
050,25,023,"Massachusetts","Plymouth County",2,49,7781,3788,3993
050,25,023,"Massachusetts","Plymouth County",2,50,7806,3805,4001
050,25,023,"Massachusetts","Plymouth County",2,51,7660,3734,3926
050,25,023,"Massachusetts","Plymouth County",2,52,7755,3781,3974
050,25,023,"Massachusetts","Plymouth County",2,53,7997,3900,4097
050,25,023,"Massachusetts","Plymouth County",2,54,8044,3934,4110
050,25,023,"Massachusetts","Plymouth County",2,55,8257,4033,4224
050,25,023,"Massachusetts","Plymouth County",2,56,8434,4110,4324
050,25,023,"Massachusetts","Plymouth County",2,57,8345,4040,4305
050,25,023,"Massachusetts","Plymouth County",2,58,8366,4110,4256
050,25,023,"Massachusetts","Plymouth County",2,59,8293,4097,4196
050,25,023,"Massachusetts","Plymouth County",2,60,8038,3947,4091
050,25,023,"Massachusetts","Plymouth County",2,61,7934,3861,4073
050,25,023,"Massachusetts","Plymouth County",2,62,7819,3764,4055
050,25,023,"Massachusetts","Plymouth County",2,63,7648,3675,3973
050,25,023,"Massachusetts","Plymouth County",2,64,7280,3483,3797
050,25,023,"Massachusetts","Plymouth County",2,65,7077,3366,3711
050,25,023,"Massachusetts","Plymouth County",2,66,6844,3232,3612
050,25,023,"Massachusetts","Plymouth County",2,67,6590,3095,3495
050,25,023,"Massachusetts","Plymouth County",2,68,6278,2954,3324
050,25,023,"Massachusetts","Plymouth County",2,69,5949,2756,3193
050,25,023,"Massachusetts","Plymouth County",2,70,5753,2653,3100
050,25,023,"Massachusetts","Plymouth County",2,71,5633,2575,3058
050,25,023,"Massachusetts","Plymouth County",2,72,5550,2563,2987
050,25,023,"Massachusetts","Plymouth County",2,73,5953,2772,3181
050,25,023,"Massachusetts","Plymouth County",2,74,4130,1873,2257
050,25,023,"Massachusetts","Plymouth County",2,75,4064,1811,2253
050,25,023,"Massachusetts","Plymouth County",2,76,4008,1780,2228
050,25,023,"Massachusetts","Plymouth County",2,77,3997,1835,2162
050,25,023,"Massachusetts","Plymouth County",2,78,3274,1463,1811
050,25,023,"Massachusetts","Plymouth County",2,79,2851,1277,1574
050,25,023,"Massachusetts","Plymouth County",2,80,2499,1093,1406
050,25,023,"Massachusetts","Plymouth County",2,81,2247,946,1301
050,25,023,"Massachusetts","Plymouth County",2,82,2065,862,1203
050,25,023,"Massachusetts","Plymouth County",2,83,1908,776,1132
050,25,023,"Massachusetts","Plymouth County",2,84,1702,663,1039
050,25,023,"Massachusetts","Plymouth County",2,85,10327,3490,6837
050,25,023,"Massachusetts","Plymouth County",3,0,5192,2672,2520
050,25,023,"Massachusetts","Plymouth County",3,1,5189,2670,2519
050,25,023,"Massachusetts","Plymouth County",3,2,5365,2767,2598
050,25,023,"Massachusetts","Plymouth County",3,3,5569,2858,2711
050,25,023,"Massachusetts","Plymouth County",3,4,5721,2955,2766
050,25,023,"Massachusetts","Plymouth County",3,5,5906,3068,2838
050,25,023,"Massachusetts","Plymouth County",3,6,6065,3091,2974
050,25,023,"Massachusetts","Plymouth County",3,7,6082,3126,2956
050,25,023,"Massachusetts","Plymouth County",3,8,6036,3109,2927
050,25,023,"Massachusetts","Plymouth County",3,9,6050,3136,2914
050,25,023,"Massachusetts","Plymouth County",3,10,6190,3194,2996
050,25,023,"Massachusetts","Plymouth County",3,11,6294,3225,3069
050,25,023,"Massachusetts","Plymouth County",3,12,6475,3338,3137
050,25,023,"Massachusetts","Plymouth County",3,13,6805,3503,3302
050,25,023,"Massachusetts","Plymouth County",3,14,7024,3647,3377
050,25,023,"Massachusetts","Plymouth County",3,15,7018,3688,3330
050,25,023,"Massachusetts","Plymouth County",3,16,7123,3717,3406
050,25,023,"Massachusetts","Plymouth County",3,17,7322,3772,3550
050,25,023,"Massachusetts","Plymouth County",3,18,6808,3488,3320
050,25,023,"Massachusetts","Plymouth County",3,19,5981,2953,3028
050,25,023,"Massachusetts","Plymouth County",3,20,6425,3187,3238
050,25,023,"Massachusetts","Plymouth County",3,21,6539,3280,3259
050,25,023,"Massachusetts","Plymouth County",3,22,6507,3272,3235
050,25,023,"Massachusetts","Plymouth County",3,23,6355,3205,3150
050,25,023,"Massachusetts","Plymouth County",3,24,6081,3061,3020
050,25,023,"Massachusetts","Plymouth County",3,25,5911,3015,2896
050,25,023,"Massachusetts","Plymouth County",3,26,5755,2931,2824
050,25,023,"Massachusetts","Plymouth County",3,27,5768,2931,2837
050,25,023,"Massachusetts","Plymouth County",3,28,5826,2903,2923
050,25,023,"Massachusetts","Plymouth County",3,29,5839,3000,2839
050,25,023,"Massachusetts","Plymouth County",3,30,5797,2922,2875
050,25,023,"Massachusetts","Plymouth County",3,31,6074,3061,3013
050,25,023,"Massachusetts","Plymouth County",3,32,6089,3053,3036
050,25,023,"Massachusetts","Plymouth County",3,33,6282,3150,3132
050,25,023,"Massachusetts","Plymouth County",3,34,6431,3178,3253
050,25,023,"Massachusetts","Plymouth County",3,35,6568,3193,3375
050,25,023,"Massachusetts","Plymouth County",3,36,6588,3210,3378
050,25,023,"Massachusetts","Plymouth County",3,37,6356,3072,3284
050,25,023,"Massachusetts","Plymouth County",3,38,6538,3227,3311
050,25,023,"Massachusetts","Plymouth County",3,39,6551,3269,3282
050,25,023,"Massachusetts","Plymouth County",3,40,6451,3196,3255
050,25,023,"Massachusetts","Plymouth County",3,41,6436,3192,3244
050,25,023,"Massachusetts","Plymouth County",3,42,6212,3130,3082
050,25,023,"Massachusetts","Plymouth County",3,43,6157,3085,3072
050,25,023,"Massachusetts","Plymouth County",3,44,6162,3084,3078
050,25,023,"Massachusetts","Plymouth County",3,45,5983,2957,3026
050,25,023,"Massachusetts","Plymouth County",3,46,6160,3074,3086
050,25,023,"Massachusetts","Plymouth County",3,47,6195,3083,3112
050,25,023,"Massachusetts","Plymouth County",3,48,6486,3191,3295
050,25,023,"Massachusetts","Plymouth County",3,49,7101,3493,3608
050,25,023,"Massachusetts","Plymouth County",3,50,7767,3779,3988
050,25,023,"Massachusetts","Plymouth County",3,51,7749,3750,3999
050,25,023,"Massachusetts","Plymouth County",3,52,7711,3755,3956
050,25,023,"Massachusetts","Plymouth County",3,53,7726,3777,3949
050,25,023,"Massachusetts","Plymouth County",3,54,7951,3841,4110
050,25,023,"Massachusetts","Plymouth County",3,55,8096,3964,4132
050,25,023,"Massachusetts","Plymouth County",3,56,8225,4016,4209
050,25,023,"Massachusetts","Plymouth County",3,57,8339,4041,4298
050,25,023,"Massachusetts","Plymouth County",3,58,8282,4013,4269
050,25,023,"Massachusetts","Plymouth County",3,59,8297,4074,4223
050,25,023,"Massachusetts","Plymouth County",3,60,8289,4104,4185
050,25,023,"Massachusetts","Plymouth County",3,61,7991,3878,4113
050,25,023,"Massachusetts","Plymouth County",3,62,7795,3768,4027
050,25,023,"Massachusetts","Plymouth County",3,63,7783,3739,4044
050,25,023,"Massachusetts","Plymouth County",3,64,7524,3611,3913
050,25,023,"Massachusetts","Plymouth County",3,65,7217,3474,3743
050,25,023,"Massachusetts","Plymouth County",3,66,7015,3300,3715
050,25,023,"Massachusetts","Plymouth County",3,67,6755,3140,3615
050,25,023,"Massachusetts","Plymouth County",3,68,6473,3055,3418
050,25,023,"Massachusetts","Plymouth County",3,69,6202,2918,3284
050,25,023,"Massachusetts","Plymouth County",3,70,5870,2703,3167
050,25,023,"Massachusetts","Plymouth County",3,71,5641,2582,3059
050,25,023,"Massachusetts","Plymouth County",3,72,5497,2492,3005
050,25,023,"Massachusetts","Plymouth County",3,73,5429,2481,2948
050,25,023,"Massachusetts","Plymouth County",3,74,5826,2685,3141
050,25,023,"Massachusetts","Plymouth County",3,75,4024,1820,2204
050,25,023,"Massachusetts","Plymouth County",3,76,3930,1734,2196
050,25,023,"Massachusetts","Plymouth County",3,77,3874,1736,2138
050,25,023,"Massachusetts","Plymouth County",3,78,3823,1728,2095
050,25,023,"Massachusetts","Plymouth County",3,79,3172,1390,1782
050,25,023,"Massachusetts","Plymouth County",3,80,2707,1180,1527
050,25,023,"Massachusetts","Plymouth County",3,81,2368,1023,1345
050,25,023,"Massachusetts","Plymouth County",3,82,2119,887,1232
050,25,023,"Massachusetts","Plymouth County",3,83,1912,789,1123
050,25,023,"Massachusetts","Plymouth County",3,84,1738,696,1042
050,25,023,"Massachusetts","Plymouth County",3,85,10104,3459,6645
050,25,023,"Massachusetts","Plymouth County",4,0,5471,2837,2634
050,25,023,"Massachusetts","Plymouth County",4,1,5338,2723,2615
050,25,023,"Massachusetts","Plymouth County",4,2,5289,2702,2587
050,25,023,"Massachusetts","Plymouth County",4,3,5457,2813,2644
050,25,023,"Massachusetts","Plymouth County",4,4,5588,2847,2741
050,25,023,"Massachusetts","Plymouth County",4,5,5766,2971,2795
050,25,023,"Massachusetts","Plymouth County",4,6,5959,3096,2863
050,25,023,"Massachusetts","Plymouth County",4,7,6002,3072,2930
050,25,023,"Massachusetts","Plymouth County",4,8,6070,3106,2964
050,25,023,"Massachusetts","Plymouth County",4,9,6077,3120,2957
050,25,023,"Massachusetts","Plymouth County",4,10,6103,3156,2947
050,25,023,"Massachusetts","Plymouth County",4,11,6168,3164,3004
050,25,023,"Massachusetts","Plymouth County",4,12,6319,3245,3074
050,25,023,"Massachusetts","Plymouth County",4,13,6451,3316,3135
050,25,023,"Massachusetts","Plymouth County",4,14,6793,3499,3294
050,25,023,"Massachusetts","Plymouth County",4,15,7007,3654,3353
050,25,023,"Massachusetts","Plymouth County",4,16,7016,3671,3345
050,25,023,"Massachusetts","Plymouth County",4,17,7118,3708,3410
050,25,023,"Massachusetts","Plymouth County",4,18,6685,3468,3217
050,25,023,"Massachusetts","Plymouth County",4,19,5868,2901,2967
050,25,023,"Massachusetts","Plymouth County",4,20,6196,3087,3109
050,25,023,"Massachusetts","Plymouth County",4,21,6469,3223,3246
050,25,023,"Massachusetts","Plymouth County",4,22,6525,3301,3224
050,25,023,"Massachusetts","Plymouth County",4,23,6324,3226,3098
050,25,023,"Massachusetts","Plymouth County",4,24,6138,3118,3020
050,25,023,"Massachusetts","Plymouth County",4,25,5798,2932,2866
050,25,023,"Massachusetts","Plymouth County",4,26,5678,2886,2792
050,25,023,"Massachusetts","Plymouth County",4,27,5616,2899,2717
050,25,023,"Massachusetts","Plymouth County",4,28,5629,2822,2807
050,25,023,"Massachusetts","Plymouth County",4,29,5835,2926,2909
050,25,023,"Massachusetts","Plymouth County",4,30,5871,2994,2877
050,25,023,"Massachusetts","Plymouth County",4,31,5918,2966,2952
050,25,023,"Massachusetts","Plymouth County",4,32,6346,3178,3168
050,25,023,"Massachusetts","Plymouth County",4,33,6243,3113,3130
050,25,023,"Massachusetts","Plymouth County",4,34,6509,3225,3284
050,25,023,"Massachusetts","Plymouth County",4,35,6616,3273,3343
050,25,023,"Massachusetts","Plymouth County",4,36,6732,3316,3416
050,25,023,"Massachusetts","Plymouth County",4,37,6688,3236,3452
050,25,023,"Massachusetts","Plymouth County",4,38,6463,3142,3321
050,25,023,"Massachusetts","Plymouth County",4,39,6631,3297,3334
050,25,023,"Massachusetts","Plymouth County",4,40,6617,3309,3308
050,25,023,"Massachusetts","Plymouth County",4,41,6561,3277,3284
050,25,023,"Massachusetts","Plymouth County",4,42,6498,3243,3255
050,25,023,"Massachusetts","Plymouth County",4,43,6259,3124,3135
050,25,023,"Massachusetts","Plymouth County",4,44,6121,3071,3050
050,25,023,"Massachusetts","Plymouth County",4,45,6154,3048,3106
050,25,023,"Massachusetts","Plymouth County",4,46,5973,2957,3016
050,25,023,"Massachusetts","Plymouth County",4,47,6141,3050,3091
050,25,023,"Massachusetts","Plymouth County",4,48,6167,3048,3119
050,25,023,"Massachusetts","Plymouth County",4,49,6463,3164,3299
050,25,023,"Massachusetts","Plymouth County",4,50,7128,3502,3626
050,25,023,"Massachusetts","Plymouth County",4,51,7710,3746,3964
050,25,023,"Massachusetts","Plymouth County",4,52,7718,3742,3976
050,25,023,"Massachusetts","Plymouth County",4,53,7678,3751,3927
050,25,023,"Massachusetts","Plymouth County",4,54,7622,3691,3931
050,25,023,"Massachusetts","Plymouth County",4,55,7965,3867,4098
050,25,023,"Massachusetts","Plymouth County",4,56,8041,3917,4124
050,25,023,"Massachusetts","Plymouth County",4,57,8077,3931,4146
050,25,023,"Massachusetts","Plymouth County",4,58,8246,3996,4250
050,25,023,"Massachusetts","Plymouth County",4,59,8233,3972,4261
050,25,023,"Massachusetts","Plymouth County",4,60,8228,4040,4188
050,25,023,"Massachusetts","Plymouth County",4,61,8166,4019,4147
050,25,023,"Massachusetts","Plymouth County",4,62,7874,3815,4059
050,25,023,"Massachusetts","Plymouth County",4,63,7740,3728,4012
050,25,023,"Massachusetts","Plymouth County",4,64,7647,3637,4010
050,25,023,"Massachusetts","Plymouth County",4,65,7503,3630,3873
050,25,023,"Massachusetts","Plymouth County",4,66,7114,3379,3735
050,25,023,"Massachusetts","Plymouth County",4,67,6883,3227,3656
050,25,023,"Massachusetts","Plymouth County",4,68,6635,3055,3580
050,25,023,"Massachusetts","Plymouth County",4,69,6414,2995,3419
050,25,023,"Massachusetts","Plymouth County",4,70,6142,2885,3257
050,25,023,"Massachusetts","Plymouth County",4,71,5776,2661,3115
050,25,023,"Massachusetts","Plymouth County",4,72,5526,2517,3009
050,25,023,"Massachusetts","Plymouth County",4,73,5372,2410,2962
050,25,023,"Massachusetts","Plymouth County",4,74,5294,2406,2888
050,25,023,"Massachusetts","Plymouth County",4,75,5690,2611,3079
050,25,023,"Massachusetts","Plymouth County",4,76,3934,1757,2177
050,25,023,"Massachusetts","Plymouth County",4,77,3849,1709,2140
050,25,023,"Massachusetts","Plymouth County",4,78,3758,1650,2108
050,25,023,"Massachusetts","Plymouth County",4,79,3650,1618,2032
050,25,023,"Massachusetts","Plymouth County",4,80,3036,1306,1730
050,25,023,"Massachusetts","Plymouth County",4,81,2588,1095,1493
050,25,023,"Massachusetts","Plymouth County",4,82,2235,945,1290
050,25,023,"Massachusetts","Plymouth County",4,83,1999,834,1165
050,25,023,"Massachusetts","Plymouth County",4,84,1769,720,1049
050,25,023,"Massachusetts","Plymouth County",4,85,10284,3526,6758
050,25,023,"Massachusetts","Plymouth County",5,0,5453,2825,2628
050,25,023,"Massachusetts","Plymouth County",5,1,5604,2893,2711
050,25,023,"Massachusetts","Plymouth County",5,2,5456,2775,2681
050,25,023,"Massachusetts","Plymouth County",5,3,5353,2741,2612
050,25,023,"Massachusetts","Plymouth County",5,4,5520,2825,2695
050,25,023,"Massachusetts","Plymouth County",5,5,5714,2918,2796
050,25,023,"Massachusetts","Plymouth County",5,6,5803,2978,2825
050,25,023,"Massachusetts","Plymouth County",5,7,5993,3124,2869
050,25,023,"Massachusetts","Plymouth County",5,8,6070,3098,2972
050,25,023,"Massachusetts","Plymouth County",5,9,6121,3122,2999
050,25,023,"Massachusetts","Plymouth County",5,10,6118,3130,2988
050,25,023,"Massachusetts","Plymouth County",5,11,6132,3161,2971
050,25,023,"Massachusetts","Plymouth County",5,12,6215,3203,3012
050,25,023,"Massachusetts","Plymouth County",5,13,6341,3261,3080
050,25,023,"Massachusetts","Plymouth County",5,14,6470,3328,3142
050,25,023,"Massachusetts","Plymouth County",5,15,6817,3526,3291
050,25,023,"Massachusetts","Plymouth County",5,16,6998,3644,3354
050,25,023,"Massachusetts","Plymouth County",5,17,6993,3642,3351
050,25,023,"Massachusetts","Plymouth County",5,18,6468,3371,3097
050,25,023,"Massachusetts","Plymouth County",5,19,5834,2903,2931
050,25,023,"Massachusetts","Plymouth County",5,20,6262,3119,3143
050,25,023,"Massachusetts","Plymouth County",5,21,6325,3173,3152
050,25,023,"Massachusetts","Plymouth County",5,22,6449,3239,3210
050,25,023,"Massachusetts","Plymouth County",5,23,6474,3291,3183
050,25,023,"Massachusetts","Plymouth County",5,24,6166,3213,2953
050,25,023,"Massachusetts","Plymouth County",5,25,5917,3012,2905
050,25,023,"Massachusetts","Plymouth County",5,26,5645,2877,2768
050,25,023,"Massachusetts","Plymouth County",5,27,5639,2862,2777
050,25,023,"Massachusetts","Plymouth County",5,28,5530,2815,2715
050,25,023,"Massachusetts","Plymouth County",5,29,5687,2837,2850
050,25,023,"Massachusetts","Plymouth County",5,30,5964,2993,2971
050,25,023,"Massachusetts","Plymouth County",5,31,6000,3031,2969
050,25,023,"Massachusetts","Plymouth County",5,32,6116,3046,3070
050,25,023,"Massachusetts","Plymouth County",5,33,6547,3285,3262
050,25,023,"Massachusetts","Plymouth County",5,34,6455,3194,3261
050,25,023,"Massachusetts","Plymouth County",5,35,6715,3340,3375
050,25,023,"Massachusetts","Plymouth County",5,36,6818,3399,3419
050,25,023,"Massachusetts","Plymouth County",5,37,6865,3373,3492
050,25,023,"Massachusetts","Plymouth County",5,38,6831,3311,3520
050,25,023,"Massachusetts","Plymouth County",5,39,6570,3212,3358
050,25,023,"Massachusetts","Plymouth County",5,40,6759,3389,3370
050,25,023,"Massachusetts","Plymouth County",5,41,6716,3376,3340
050,25,023,"Massachusetts","Plymouth County",5,42,6581,3300,3281
050,25,023,"Massachusetts","Plymouth County",5,43,6541,3244,3297
050,25,023,"Massachusetts","Plymouth County",5,44,6256,3101,3155
050,25,023,"Massachusetts","Plymouth County",5,45,6148,3061,3087
050,25,023,"Massachusetts","Plymouth County",5,46,6151,3040,3111
050,25,023,"Massachusetts","Plymouth County",5,47,5983,2979,3004
050,25,023,"Massachusetts","Plymouth County",5,48,6095,2995,3100
050,25,023,"Massachusetts","Plymouth County",5,49,6134,3025,3109
050,25,023,"Massachusetts","Plymouth County",5,50,6468,3159,3309
050,25,023,"Massachusetts","Plymouth County",5,51,7085,3470,3615
050,25,023,"Massachusetts","Plymouth County",5,52,7681,3718,3963
050,25,023,"Massachusetts","Plymouth County",5,53,7649,3717,3932
050,25,023,"Massachusetts","Plymouth County",5,54,7595,3685,3910
050,25,023,"Massachusetts","Plymouth County",5,55,7599,3687,3912
050,25,023,"Massachusetts","Plymouth County",5,56,7923,3848,4075
050,25,023,"Massachusetts","Plymouth County",5,57,7978,3873,4105
050,25,023,"Massachusetts","Plymouth County",5,58,8067,3936,4131
050,25,023,"Massachusetts","Plymouth County",5,59,8241,3997,4244
050,25,023,"Massachusetts","Plymouth County",5,60,8181,3920,4261
050,25,023,"Massachusetts","Plymouth County",5,61,8167,3956,4211
050,25,023,"Massachusetts","Plymouth County",5,62,8020,3926,4094
050,25,023,"Massachusetts","Plymouth County",5,63,7810,3797,4013
050,25,023,"Massachusetts","Plymouth County",5,64,7671,3692,3979
050,25,023,"Massachusetts","Plymouth County",5,65,7592,3630,3962
050,25,023,"Massachusetts","Plymouth County",5,66,7415,3556,3859
050,25,023,"Massachusetts","Plymouth County",5,67,7037,3317,3720
050,25,023,"Massachusetts","Plymouth County",5,68,6804,3169,3635
050,25,023,"Massachusetts","Plymouth County",5,69,6544,3009,3535
050,25,023,"Massachusetts","Plymouth County",5,70,6383,2980,3403
050,25,023,"Massachusetts","Plymouth County",5,71,6035,2823,3212
050,25,023,"Massachusetts","Plymouth County",5,72,5662,2580,3082
050,25,023,"Massachusetts","Plymouth County",5,73,5423,2457,2966
050,25,023,"Massachusetts","Plymouth County",5,74,5242,2353,2889
050,25,023,"Massachusetts","Plymouth County",5,75,5177,2352,2825
050,25,023,"Massachusetts","Plymouth County",5,76,5562,2520,3042
050,25,023,"Massachusetts","Plymouth County",5,77,3821,1711,2110
050,25,023,"Massachusetts","Plymouth County",5,78,3711,1616,2095
050,25,023,"Massachusetts","Plymouth County",5,79,3616,1569,2047
050,25,023,"Massachusetts","Plymouth County",5,80,3502,1526,1976
050,25,023,"Massachusetts","Plymouth County",5,81,2903,1217,1686
050,25,023,"Massachusetts","Plymouth County",5,82,2470,1024,1446
050,25,023,"Massachusetts","Plymouth County",5,83,2122,898,1224
050,25,023,"Massachusetts","Plymouth County",5,84,1847,759,1088
050,25,023,"Massachusetts","Plymouth County",5,85,10493,3632,6861
050,25,025,"Massachusetts","Suffolk County",1,0,9018,4624,4394
050,25,025,"Massachusetts","Suffolk County",1,1,8253,4114,4139
050,25,025,"Massachusetts","Suffolk County",1,2,7773,3891,3882
050,25,025,"Massachusetts","Suffolk County",1,3,7666,3908,3758
050,25,025,"Massachusetts","Suffolk County",1,4,7456,3750,3706
050,25,025,"Massachusetts","Suffolk County",1,5,7166,3601,3565
050,25,025,"Massachusetts","Suffolk County",1,6,6948,3465,3483
050,25,025,"Massachusetts","Suffolk County",1,7,7059,3594,3465
050,25,025,"Massachusetts","Suffolk County",1,8,6940,3481,3459
050,25,025,"Massachusetts","Suffolk County",1,9,6913,3482,3431
050,25,025,"Massachusetts","Suffolk County",1,10,6709,3492,3217
050,25,025,"Massachusetts","Suffolk County",1,11,6990,3582,3408
050,25,025,"Massachusetts","Suffolk County",1,12,7204,3681,3523
050,25,025,"Massachusetts","Suffolk County",1,13,6942,3487,3455
050,25,025,"Massachusetts","Suffolk County",1,14,6905,3494,3411
050,25,025,"Massachusetts","Suffolk County",1,15,6831,3553,3278
050,25,025,"Massachusetts","Suffolk County",1,16,7013,3619,3394
050,25,025,"Massachusetts","Suffolk County",1,17,7437,3745,3692
050,25,025,"Massachusetts","Suffolk County",1,18,13963,6314,7649
050,25,025,"Massachusetts","Suffolk County",1,19,19118,8625,10493
050,25,025,"Massachusetts","Suffolk County",1,20,16133,7552,8581
050,25,025,"Massachusetts","Suffolk County",1,21,13441,6329,7112
050,25,025,"Massachusetts","Suffolk County",1,22,12854,6074,6780
050,25,025,"Massachusetts","Suffolk County",1,23,14607,6833,7774
050,25,025,"Massachusetts","Suffolk County",1,24,17131,8137,8994
050,25,025,"Massachusetts","Suffolk County",1,25,18351,8881,9470
050,25,025,"Massachusetts","Suffolk County",1,26,19276,9357,9919
050,25,025,"Massachusetts","Suffolk County",1,27,19719,9721,9998
050,25,025,"Massachusetts","Suffolk County",1,28,19945,9818,10127
050,25,025,"Massachusetts","Suffolk County",1,29,20185,9938,10247
050,25,025,"Massachusetts","Suffolk County",1,30,19771,9896,9875
050,25,025,"Massachusetts","Suffolk County",1,31,18874,9477,9397
050,25,025,"Massachusetts","Suffolk County",1,32,17606,8812,8794
050,25,025,"Massachusetts","Suffolk County",1,33,16430,8216,8214
050,25,025,"Massachusetts","Suffolk County",1,34,15045,7598,7447
050,25,025,"Massachusetts","Suffolk County",1,35,13900,7048,6852
050,25,025,"Massachusetts","Suffolk County",1,36,13000,6520,6480
050,25,025,"Massachusetts","Suffolk County",1,37,12088,6173,5915
050,25,025,"Massachusetts","Suffolk County",1,38,11229,5659,5570
050,25,025,"Massachusetts","Suffolk County",1,39,10594,5342,5252
050,25,025,"Massachusetts","Suffolk County",1,40,10183,5089,5094
050,25,025,"Massachusetts","Suffolk County",1,41,9400,4723,4677
050,25,025,"Massachusetts","Suffolk County",1,42,9029,4560,4469
050,25,025,"Massachusetts","Suffolk County",1,43,8802,4348,4454
050,25,025,"Massachusetts","Suffolk County",1,44,8701,4300,4401
050,25,025,"Massachusetts","Suffolk County",1,45,8411,4212,4199
050,25,025,"Massachusetts","Suffolk County",1,46,8280,4109,4171
050,25,025,"Massachusetts","Suffolk County",1,47,8332,4101,4231
050,25,025,"Massachusetts","Suffolk County",1,48,8608,4180,4428
050,25,025,"Massachusetts","Suffolk County",1,49,8947,4417,4530
050,25,025,"Massachusetts","Suffolk County",1,50,8873,4363,4510
050,25,025,"Massachusetts","Suffolk County",1,51,8621,4219,4402
050,25,025,"Massachusetts","Suffolk County",1,52,8653,4267,4386
050,25,025,"Massachusetts","Suffolk County",1,53,8655,4219,4436
050,25,025,"Massachusetts","Suffolk County",1,54,8923,4362,4561
050,25,025,"Massachusetts","Suffolk County",1,55,9190,4533,4657
050,25,025,"Massachusetts","Suffolk County",1,56,9040,4439,4601
050,25,025,"Massachusetts","Suffolk County",1,57,8815,4297,4518
050,25,025,"Massachusetts","Suffolk County",1,58,8686,4252,4434
050,25,025,"Massachusetts","Suffolk County",1,59,8613,4180,4433
050,25,025,"Massachusetts","Suffolk County",1,60,8591,4211,4380
050,25,025,"Massachusetts","Suffolk County",1,61,8431,4108,4323
050,25,025,"Massachusetts","Suffolk County",1,62,8182,3920,4262
050,25,025,"Massachusetts","Suffolk County",1,63,8028,3764,4264
050,25,025,"Massachusetts","Suffolk County",1,64,7681,3556,4125
050,25,025,"Massachusetts","Suffolk County",1,65,7337,3430,3907
050,25,025,"Massachusetts","Suffolk County",1,66,6978,3228,3750
050,25,025,"Massachusetts","Suffolk County",1,67,6735,3220,3515
050,25,025,"Massachusetts","Suffolk County",1,68,6349,2983,3366
050,25,025,"Massachusetts","Suffolk County",1,69,5825,2632,3193
050,25,025,"Massachusetts","Suffolk County",1,70,5719,2533,3186
050,25,025,"Massachusetts","Suffolk County",1,71,5410,2376,3034
050,25,025,"Massachusetts","Suffolk County",1,72,5137,2227,2910
050,25,025,"Massachusetts","Suffolk County",1,73,5037,2218,2819
050,25,025,"Massachusetts","Suffolk County",1,74,3893,1679,2214
050,25,025,"Massachusetts","Suffolk County",1,75,3856,1663,2193
050,25,025,"Massachusetts","Suffolk County",1,76,3606,1521,2085
050,25,025,"Massachusetts","Suffolk County",1,77,3520,1538,1982
050,25,025,"Massachusetts","Suffolk County",1,78,3028,1320,1708
050,25,025,"Massachusetts","Suffolk County",1,79,2732,1139,1593
050,25,025,"Massachusetts","Suffolk County",1,80,2618,1030,1588
050,25,025,"Massachusetts","Suffolk County",1,81,2475,999,1476
050,25,025,"Massachusetts","Suffolk County",1,82,2317,916,1401
050,25,025,"Massachusetts","Suffolk County",1,83,2087,788,1299
050,25,025,"Massachusetts","Suffolk County",1,84,1934,745,1189
050,25,025,"Massachusetts","Suffolk County",1,85,12179,4048,8131
050,25,025,"Massachusetts","Suffolk County",2,0,8848,4517,4331
050,25,025,"Massachusetts","Suffolk County",2,1,8257,4127,4130
050,25,025,"Massachusetts","Suffolk County",2,2,7758,3875,3883
050,25,025,"Massachusetts","Suffolk County",2,3,7559,3838,3721
050,25,025,"Massachusetts","Suffolk County",2,4,7404,3734,3670
050,25,025,"Massachusetts","Suffolk County",2,5,7162,3603,3559
050,25,025,"Massachusetts","Suffolk County",2,6,6954,3484,3470
050,25,025,"Massachusetts","Suffolk County",2,7,6965,3528,3437
050,25,025,"Massachusetts","Suffolk County",2,8,6907,3475,3432
050,25,025,"Massachusetts","Suffolk County",2,9,6862,3452,3410
050,25,025,"Massachusetts","Suffolk County",2,10,6704,3461,3243
050,25,025,"Massachusetts","Suffolk County",2,11,6848,3524,3324
050,25,025,"Massachusetts","Suffolk County",2,12,7156,3655,3501
050,25,025,"Massachusetts","Suffolk County",2,13,6946,3515,3431
050,25,025,"Massachusetts","Suffolk County",2,14,6866,3465,3401
050,25,025,"Massachusetts","Suffolk County",2,15,6821,3525,3296
050,25,025,"Massachusetts","Suffolk County",2,16,6942,3585,3357
050,25,025,"Massachusetts","Suffolk County",2,17,7319,3705,3614
050,25,025,"Massachusetts","Suffolk County",2,18,13713,6200,7513
050,25,025,"Massachusetts","Suffolk County",2,19,18792,8462,10330
050,25,025,"Massachusetts","Suffolk County",2,20,16037,7489,8548
050,25,025,"Massachusetts","Suffolk County",2,21,13403,6274,7129
050,25,025,"Massachusetts","Suffolk County",2,22,13068,6164,6904
050,25,025,"Massachusetts","Suffolk County",2,23,14339,6722,7617
050,25,025,"Massachusetts","Suffolk County",2,24,16682,7903,8779
050,25,025,"Massachusetts","Suffolk County",2,25,18195,8775,9420
050,25,025,"Massachusetts","Suffolk County",2,26,19101,9274,9827
050,25,025,"Massachusetts","Suffolk County",2,27,19546,9629,9917
050,25,025,"Massachusetts","Suffolk County",2,28,19730,9731,9999
050,25,025,"Massachusetts","Suffolk County",2,29,19889,9812,10077
050,25,025,"Massachusetts","Suffolk County",2,30,19697,9825,9872
050,25,025,"Massachusetts","Suffolk County",2,31,18747,9414,9333
050,25,025,"Massachusetts","Suffolk County",2,32,17607,8820,8787
050,25,025,"Massachusetts","Suffolk County",2,33,16407,8209,8198
050,25,025,"Massachusetts","Suffolk County",2,34,15136,7630,7506
050,25,025,"Massachusetts","Suffolk County",2,35,14047,7111,6936
050,25,025,"Massachusetts","Suffolk County",2,36,12942,6506,6436
050,25,025,"Massachusetts","Suffolk County",2,37,12157,6167,5990
050,25,025,"Massachusetts","Suffolk County",2,38,11346,5732,5614
050,25,025,"Massachusetts","Suffolk County",2,39,10580,5335,5245
050,25,025,"Massachusetts","Suffolk County",2,40,10259,5135,5124
050,25,025,"Massachusetts","Suffolk County",2,41,9472,4734,4738
050,25,025,"Massachusetts","Suffolk County",2,42,8983,4533,4450
050,25,025,"Massachusetts","Suffolk County",2,43,8848,4385,4463
050,25,025,"Massachusetts","Suffolk County",2,44,8606,4250,4356
050,25,025,"Massachusetts","Suffolk County",2,45,8465,4219,4246
050,25,025,"Massachusetts","Suffolk County",2,46,8225,4088,4137
050,25,025,"Massachusetts","Suffolk County",2,47,8250,4058,4192
050,25,025,"Massachusetts","Suffolk County",2,48,8494,4134,4360
050,25,025,"Massachusetts","Suffolk County",2,49,8842,4349,4493
050,25,025,"Massachusetts","Suffolk County",2,50,8869,4364,4505
050,25,025,"Massachusetts","Suffolk County",2,51,8603,4207,4396
050,25,025,"Massachusetts","Suffolk County",2,52,8628,4248,4380
050,25,025,"Massachusetts","Suffolk County",2,53,8599,4197,4402
050,25,025,"Massachusetts","Suffolk County",2,54,8832,4323,4509
050,25,025,"Massachusetts","Suffolk County",2,55,9102,4469,4633
050,25,025,"Massachusetts","Suffolk County",2,56,9067,4456,4611
050,25,025,"Massachusetts","Suffolk County",2,57,8839,4313,4526
050,25,025,"Massachusetts","Suffolk County",2,58,8689,4253,4436
050,25,025,"Massachusetts","Suffolk County",2,59,8583,4167,4416
050,25,025,"Massachusetts","Suffolk County",2,60,8578,4184,4394
050,25,025,"Massachusetts","Suffolk County",2,61,8407,4097,4310
050,25,025,"Massachusetts","Suffolk County",2,62,8157,3919,4238
050,25,025,"Massachusetts","Suffolk County",2,63,8063,3787,4276
050,25,025,"Massachusetts","Suffolk County",2,64,7656,3545,4111
050,25,025,"Massachusetts","Suffolk County",2,65,7354,3416,3938
050,25,025,"Massachusetts","Suffolk County",2,66,7012,3255,3757
050,25,025,"Massachusetts","Suffolk County",2,67,6709,3176,3533
050,25,025,"Massachusetts","Suffolk County",2,68,6317,2968,3349
050,25,025,"Massachusetts","Suffolk County",2,69,5917,2696,3221
050,25,025,"Massachusetts","Suffolk County",2,70,5684,2528,3156
050,25,025,"Massachusetts","Suffolk County",2,71,5419,2375,3044
050,25,025,"Massachusetts","Suffolk County",2,72,5085,2204,2881
050,25,025,"Massachusetts","Suffolk County",2,73,5184,2275,2909
050,25,025,"Massachusetts","Suffolk County",2,74,3930,1698,2232
050,25,025,"Massachusetts","Suffolk County",2,75,3837,1649,2188
050,25,025,"Massachusetts","Suffolk County",2,76,3597,1516,2081
050,25,025,"Massachusetts","Suffolk County",2,77,3545,1522,2023
050,25,025,"Massachusetts","Suffolk County",2,78,3046,1330,1716
050,25,025,"Massachusetts","Suffolk County",2,79,2727,1148,1579
050,25,025,"Massachusetts","Suffolk County",2,80,2604,1027,1577
050,25,025,"Massachusetts","Suffolk County",2,81,2447,978,1469
050,25,025,"Massachusetts","Suffolk County",2,82,2305,907,1398
050,25,025,"Massachusetts","Suffolk County",2,83,2071,787,1284
050,25,025,"Massachusetts","Suffolk County",2,84,1908,719,1189
050,25,025,"Massachusetts","Suffolk County",2,85,11928,3938,7990
050,25,025,"Massachusetts","Suffolk County",3,0,8193,4133,4060
050,25,025,"Massachusetts","Suffolk County",3,1,7910,4024,3886
050,25,025,"Massachusetts","Suffolk County",3,2,7368,3678,3690
050,25,025,"Massachusetts","Suffolk County",3,3,7074,3540,3534
050,25,025,"Massachusetts","Suffolk County",3,4,7009,3565,3444
050,25,025,"Massachusetts","Suffolk County",3,5,6945,3503,3442
050,25,025,"Massachusetts","Suffolk County",3,6,6823,3402,3421
050,25,025,"Massachusetts","Suffolk County",3,7,6650,3309,3341
050,25,025,"Massachusetts","Suffolk County",3,8,6703,3415,3288
050,25,025,"Massachusetts","Suffolk County",3,9,6698,3384,3314
050,25,025,"Massachusetts","Suffolk County",3,10,6646,3358,3288
050,25,025,"Massachusetts","Suffolk County",3,11,6504,3333,3171
050,25,025,"Massachusetts","Suffolk County",3,12,6682,3427,3255
050,25,025,"Massachusetts","Suffolk County",3,13,6935,3557,3378
050,25,025,"Massachusetts","Suffolk County",3,14,6791,3442,3349
050,25,025,"Massachusetts","Suffolk County",3,15,6765,3393,3372
050,25,025,"Massachusetts","Suffolk County",3,16,6750,3491,3259
050,25,025,"Massachusetts","Suffolk County",3,17,7039,3624,3415
050,25,025,"Massachusetts","Suffolk County",3,18,13684,6186,7498
050,25,025,"Massachusetts","Suffolk County",3,19,18534,8309,10225
050,25,025,"Massachusetts","Suffolk County",3,20,15589,7233,8356
050,25,025,"Massachusetts","Suffolk County",3,21,13045,6087,6958
050,25,025,"Massachusetts","Suffolk County",3,22,12293,5831,6462
050,25,025,"Massachusetts","Suffolk County",3,23,13444,6148,7296
050,25,025,"Massachusetts","Suffolk County",3,24,15432,7234,8198
050,25,025,"Massachusetts","Suffolk County",3,25,17053,8085,8968
050,25,025,"Massachusetts","Suffolk County",3,26,17824,8620,9204
050,25,025,"Massachusetts","Suffolk County",3,27,18153,8997,9156
050,25,025,"Massachusetts","Suffolk County",3,28,18182,8957,9225
050,25,025,"Massachusetts","Suffolk County",3,29,18207,9030,9177
050,25,025,"Massachusetts","Suffolk County",3,30,18086,8909,9177
050,25,025,"Massachusetts","Suffolk County",3,31,18015,9015,9000
050,25,025,"Massachusetts","Suffolk County",3,32,16801,8431,8370
050,25,025,"Massachusetts","Suffolk County",3,33,15891,7980,7911
050,25,025,"Massachusetts","Suffolk County",3,34,14751,7402,7349
050,25,025,"Massachusetts","Suffolk County",3,35,13644,6901,6743
050,25,025,"Massachusetts","Suffolk County",3,36,12802,6490,6312
050,25,025,"Massachusetts","Suffolk County",3,37,11912,5954,5958
050,25,025,"Massachusetts","Suffolk County",3,38,11087,5563,5524
050,25,025,"Massachusetts","Suffolk County",3,39,10570,5327,5243
050,25,025,"Massachusetts","Suffolk County",3,40,9988,4997,4991
050,25,025,"Massachusetts","Suffolk County",3,41,9757,4862,4895
050,25,025,"Massachusetts","Suffolk County",3,42,9003,4504,4499
050,25,025,"Massachusetts","Suffolk County",3,43,8584,4299,4285
050,25,025,"Massachusetts","Suffolk County",3,44,8481,4185,4296
050,25,025,"Massachusetts","Suffolk County",3,45,8262,4046,4216
050,25,025,"Massachusetts","Suffolk County",3,46,8223,4072,4151
050,25,025,"Massachusetts","Suffolk County",3,47,7951,3907,4044
050,25,025,"Massachusetts","Suffolk County",3,48,8035,3956,4079
050,25,025,"Massachusetts","Suffolk County",3,49,8234,4013,4221
050,25,025,"Massachusetts","Suffolk County",3,50,8670,4242,4428
050,25,025,"Massachusetts","Suffolk County",3,51,8606,4231,4375
050,25,025,"Massachusetts","Suffolk County",3,52,8389,4099,4290
050,25,025,"Massachusetts","Suffolk County",3,53,8402,4130,4272
050,25,025,"Massachusetts","Suffolk County",3,54,8424,4150,4274
050,25,025,"Massachusetts","Suffolk County",3,55,8613,4230,4383
050,25,025,"Massachusetts","Suffolk County",3,56,8929,4416,4513
050,25,025,"Massachusetts","Suffolk County",3,57,8776,4277,4499
050,25,025,"Massachusetts","Suffolk County",3,58,8557,4165,4392
050,25,025,"Massachusetts","Suffolk County",3,59,8465,4116,4349
050,25,025,"Massachusetts","Suffolk County",3,60,8387,4058,4329
050,25,025,"Massachusetts","Suffolk County",3,61,8357,4079,4278
050,25,025,"Massachusetts","Suffolk County",3,62,8136,3945,4191
050,25,025,"Massachusetts","Suffolk County",3,63,7940,3805,4135
050,25,025,"Massachusetts","Suffolk County",3,64,7806,3678,4128
050,25,025,"Massachusetts","Suffolk County",3,65,7441,3423,4018
050,25,025,"Massachusetts","Suffolk County",3,66,7077,3277,3800
050,25,025,"Massachusetts","Suffolk County",3,67,6816,3141,3675
050,25,025,"Massachusetts","Suffolk County",3,68,6474,3028,3446
050,25,025,"Massachusetts","Suffolk County",3,69,6127,2845,3282
050,25,025,"Massachusetts","Suffolk County",3,70,5723,2590,3133
050,25,025,"Massachusetts","Suffolk County",3,71,5555,2465,3090
050,25,025,"Massachusetts","Suffolk County",3,72,5268,2268,3000
050,25,025,"Massachusetts","Suffolk County",3,73,4899,2123,2776
050,25,025,"Massachusetts","Suffolk County",3,74,5005,2177,2828
050,25,025,"Massachusetts","Suffolk County",3,75,3796,1614,2182
050,25,025,"Massachusetts","Suffolk County",3,76,3686,1567,2119
050,25,025,"Massachusetts","Suffolk County",3,77,3467,1446,2021
050,25,025,"Massachusetts","Suffolk County",3,78,3397,1440,1957
050,25,025,"Massachusetts","Suffolk County",3,79,2913,1272,1641
050,25,025,"Massachusetts","Suffolk County",3,80,2612,1078,1534
050,25,025,"Massachusetts","Suffolk County",3,81,2460,969,1491
050,25,025,"Massachusetts","Suffolk County",3,82,2283,902,1381
050,25,025,"Massachusetts","Suffolk County",3,83,2125,831,1294
050,25,025,"Massachusetts","Suffolk County",3,84,1954,730,1224
050,25,025,"Massachusetts","Suffolk County",3,85,11977,4006,7971
050,25,025,"Massachusetts","Suffolk County",4,0,8416,4346,4070
050,25,025,"Massachusetts","Suffolk County",4,1,7351,3726,3625
050,25,025,"Massachusetts","Suffolk County",4,2,7274,3696,3578
050,25,025,"Massachusetts","Suffolk County",4,3,6809,3379,3430
050,25,025,"Massachusetts","Suffolk County",4,4,6785,3361,3424
050,25,025,"Massachusetts","Suffolk County",4,5,6779,3457,3322
050,25,025,"Massachusetts","Suffolk County",4,6,6719,3362,3357
050,25,025,"Massachusetts","Suffolk County",4,7,6554,3306,3248
050,25,025,"Massachusetts","Suffolk County",4,8,6472,3246,3226
050,25,025,"Massachusetts","Suffolk County",4,9,6515,3324,3191
050,25,025,"Massachusetts","Suffolk County",4,10,6538,3306,3232
050,25,025,"Massachusetts","Suffolk County",4,11,6453,3274,3179
050,25,025,"Massachusetts","Suffolk County",4,12,6432,3320,3112
050,25,025,"Massachusetts","Suffolk County",4,13,6534,3349,3185
050,25,025,"Massachusetts","Suffolk County",4,14,6780,3473,3307
050,25,025,"Massachusetts","Suffolk County",4,15,6715,3440,3275
050,25,025,"Massachusetts","Suffolk County",4,16,6727,3361,3366
050,25,025,"Massachusetts","Suffolk County",4,17,7050,3642,3408
050,25,025,"Massachusetts","Suffolk County",4,18,13418,6144,7274
050,25,025,"Massachusetts","Suffolk County",4,19,18400,8275,10125
050,25,025,"Massachusetts","Suffolk County",4,20,15442,7141,8301
050,25,025,"Massachusetts","Suffolk County",4,21,13044,6011,7033
050,25,025,"Massachusetts","Suffolk County",4,22,12624,5889,6735
050,25,025,"Massachusetts","Suffolk County",4,23,13947,6488,7459
050,25,025,"Massachusetts","Suffolk County",4,24,15891,7371,8520
050,25,025,"Massachusetts","Suffolk County",4,25,16850,8028,8822
050,25,025,"Massachusetts","Suffolk County",4,26,17606,8449,9157
050,25,025,"Massachusetts","Suffolk County",4,27,17828,8769,9059
050,25,025,"Massachusetts","Suffolk County",4,28,17645,8701,8944
050,25,025,"Massachusetts","Suffolk County",4,29,17669,8803,8866
050,25,025,"Massachusetts","Suffolk County",4,30,17302,8629,8673
050,25,025,"Massachusetts","Suffolk County",4,31,17053,8513,8540
050,25,025,"Massachusetts","Suffolk County",4,32,16878,8498,8380
050,25,025,"Massachusetts","Suffolk County",4,33,15601,7877,7724
050,25,025,"Massachusetts","Suffolk County",4,34,14707,7422,7285
050,25,025,"Massachusetts","Suffolk County",4,35,13714,6875,6839
050,25,025,"Massachusetts","Suffolk County",4,36,12719,6433,6286
050,25,025,"Massachusetts","Suffolk County",4,37,11992,6072,5920
050,25,025,"Massachusetts","Suffolk County",4,38,11119,5538,5581
050,25,025,"Massachusetts","Suffolk County",4,39,10485,5288,5197
050,25,025,"Massachusetts","Suffolk County",4,40,10070,5088,4982
050,25,025,"Massachusetts","Suffolk County",4,41,9572,4780,4792
050,25,025,"Massachusetts","Suffolk County",4,42,9349,4635,4714
050,25,025,"Massachusetts","Suffolk County",4,43,8716,4339,4377
050,25,025,"Massachusetts","Suffolk County",4,44,8323,4155,4168
050,25,025,"Massachusetts","Suffolk County",4,45,8257,4023,4234
050,25,025,"Massachusetts","Suffolk County",4,46,8051,3917,4134
050,25,025,"Massachusetts","Suffolk County",4,47,7968,3930,4038
050,25,025,"Massachusetts","Suffolk County",4,48,7808,3832,3976
050,25,025,"Massachusetts","Suffolk County",4,49,7971,3923,4048
050,25,025,"Massachusetts","Suffolk County",4,50,8115,3959,4156
050,25,025,"Massachusetts","Suffolk County",4,51,8402,4090,4312
050,25,025,"Massachusetts","Suffolk County",4,52,8409,4146,4263
050,25,025,"Massachusetts","Suffolk County",4,53,8274,4050,4224
050,25,025,"Massachusetts","Suffolk County",4,54,8194,4076,4118
050,25,025,"Massachusetts","Suffolk County",4,55,8229,4024,4205
050,25,025,"Massachusetts","Suffolk County",4,56,8494,4155,4339
050,25,025,"Massachusetts","Suffolk County",4,57,8717,4311,4406
050,25,025,"Massachusetts","Suffolk County",4,58,8594,4167,4427
050,25,025,"Massachusetts","Suffolk County",4,59,8340,4011,4329
050,25,025,"Massachusetts","Suffolk County",4,60,8281,4029,4252
050,25,025,"Massachusetts","Suffolk County",4,61,8268,4008,4260
050,25,025,"Massachusetts","Suffolk County",4,62,8162,3951,4211
050,25,025,"Massachusetts","Suffolk County",4,63,7924,3830,4094
050,25,025,"Massachusetts","Suffolk County",4,64,7691,3636,4055
050,25,025,"Massachusetts","Suffolk County",4,65,7592,3570,4022
050,25,025,"Massachusetts","Suffolk County",4,66,7242,3340,3902
050,25,025,"Massachusetts","Suffolk County",4,67,6884,3145,3739
050,25,025,"Massachusetts","Suffolk County",4,68,6600,3020,3580
050,25,025,"Massachusetts","Suffolk County",4,69,6259,2912,3347
050,25,025,"Massachusetts","Suffolk County",4,70,5897,2701,3196
050,25,025,"Massachusetts","Suffolk County",4,71,5605,2529,3076
050,25,025,"Massachusetts","Suffolk County",4,72,5378,2356,3022
050,25,025,"Massachusetts","Suffolk County",4,73,5088,2180,2908
050,25,025,"Massachusetts","Suffolk County",4,74,4749,2045,2704
050,25,025,"Massachusetts","Suffolk County",4,75,4865,2092,2773
050,25,025,"Massachusetts","Suffolk County",4,76,3626,1523,2103
050,25,025,"Massachusetts","Suffolk County",4,77,3540,1506,2034
050,25,025,"Massachusetts","Suffolk County",4,78,3317,1359,1958
050,25,025,"Massachusetts","Suffolk County",4,79,3233,1367,1866
050,25,025,"Massachusetts","Suffolk County",4,80,2814,1197,1617
050,25,025,"Massachusetts","Suffolk County",4,81,2470,1015,1455
050,25,025,"Massachusetts","Suffolk County",4,82,2319,897,1422
050,25,025,"Massachusetts","Suffolk County",4,83,2119,827,1292
050,25,025,"Massachusetts","Suffolk County",4,84,1997,759,1238
050,25,025,"Massachusetts","Suffolk County",4,85,12202,4098,8104
050,25,025,"Massachusetts","Suffolk County",5,0,8360,4320,4040
050,25,025,"Massachusetts","Suffolk County",5,1,7744,3948,3796
050,25,025,"Massachusetts","Suffolk County",5,2,6828,3419,3409
050,25,025,"Massachusetts","Suffolk County",5,3,6956,3481,3475
050,25,025,"Massachusetts","Suffolk County",5,4,6597,3263,3334
050,25,025,"Massachusetts","Suffolk County",5,5,6660,3274,3386
050,25,025,"Massachusetts","Suffolk County",5,6,6595,3337,3258
050,25,025,"Massachusetts","Suffolk County",5,7,6518,3253,3265
050,25,025,"Massachusetts","Suffolk County",5,8,6491,3282,3209
050,25,025,"Massachusetts","Suffolk County",5,9,6349,3204,3145
050,25,025,"Massachusetts","Suffolk County",5,10,6458,3296,3162
050,25,025,"Massachusetts","Suffolk County",5,11,6414,3228,3186
050,25,025,"Massachusetts","Suffolk County",5,12,6414,3250,3164
050,25,025,"Massachusetts","Suffolk County",5,13,6310,3282,3028
050,25,025,"Massachusetts","Suffolk County",5,14,6441,3278,3163
050,25,025,"Massachusetts","Suffolk County",5,15,6765,3485,3280
050,25,025,"Massachusetts","Suffolk County",5,16,6816,3483,3333
050,25,025,"Massachusetts","Suffolk County",5,17,7071,3521,3550
050,25,025,"Massachusetts","Suffolk County",5,18,13508,6233,7275
050,25,025,"Massachusetts","Suffolk County",5,19,18456,8359,10097
050,25,025,"Massachusetts","Suffolk County",5,20,15444,7185,8259
050,25,025,"Massachusetts","Suffolk County",5,21,12913,5977,6936
050,25,025,"Massachusetts","Suffolk County",5,22,12616,5883,6733
050,25,025,"Massachusetts","Suffolk County",5,23,14451,6544,7907
050,25,025,"Massachusetts","Suffolk County",5,24,16151,7464,8687
050,25,025,"Massachusetts","Suffolk County",5,25,17478,8179,9299
050,25,025,"Massachusetts","Suffolk County",5,26,17635,8400,9235
050,25,025,"Massachusetts","Suffolk County",5,27,17796,8624,9172
050,25,025,"Massachusetts","Suffolk County",5,28,17602,8679,8923
050,25,025,"Massachusetts","Suffolk County",5,29,17211,8613,8598
050,25,025,"Massachusetts","Suffolk County",5,30,16915,8519,8396
050,25,025,"Massachusetts","Suffolk County",5,31,16566,8355,8211
050,25,025,"Massachusetts","Suffolk County",5,32,16134,8086,8048
050,25,025,"Massachusetts","Suffolk County",5,33,15800,7971,7829
050,25,025,"Massachusetts","Suffolk County",5,34,14671,7376,7295
050,25,025,"Massachusetts","Suffolk County",5,35,13761,6926,6835
050,25,025,"Massachusetts","Suffolk County",5,36,12853,6469,6384
050,25,025,"Massachusetts","Suffolk County",5,37,11902,5963,5939
050,25,025,"Massachusetts","Suffolk County",5,38,11392,5752,5640
050,25,025,"Massachusetts","Suffolk County",5,39,10506,5229,5277
050,25,025,"Massachusetts","Suffolk County",5,40,10100,5115,4985
050,25,025,"Massachusetts","Suffolk County",5,41,9735,4870,4865
050,25,025,"Massachusetts","Suffolk County",5,42,9175,4542,4633
050,25,025,"Massachusetts","Suffolk County",5,43,8995,4441,4554
050,25,025,"Massachusetts","Suffolk County",5,44,8529,4216,4313
050,25,025,"Massachusetts","Suffolk County",5,45,8139,4021,4118
050,25,025,"Massachusetts","Suffolk County",5,46,8065,3921,4144
050,25,025,"Massachusetts","Suffolk County",5,47,7798,3732,4066
050,25,025,"Massachusetts","Suffolk County",5,48,7868,3865,4003
050,25,025,"Massachusetts","Suffolk County",5,49,7692,3806,3886
050,25,025,"Massachusetts","Suffolk County",5,50,7915,3872,4043
050,25,025,"Massachusetts","Suffolk County",5,51,7959,3863,4096
050,25,025,"Massachusetts","Suffolk County",5,52,8248,4038,4210
050,25,025,"Massachusetts","Suffolk County",5,53,8304,4082,4222
050,25,025,"Massachusetts","Suffolk County",5,54,8144,4030,4114
050,25,025,"Massachusetts","Suffolk County",5,55,8092,3991,4101
050,25,025,"Massachusetts","Suffolk County",5,56,8172,3987,4185
050,25,025,"Massachusetts","Suffolk County",5,57,8294,4026,4268
050,25,025,"Massachusetts","Suffolk County",5,58,8542,4225,4317
050,25,025,"Massachusetts","Suffolk County",5,59,8404,4037,4367
050,25,025,"Massachusetts","Suffolk County",5,60,8201,3941,4260
050,25,025,"Massachusetts","Suffolk County",5,61,8145,3966,4179
050,25,025,"Massachusetts","Suffolk County",5,62,8076,3913,4163
050,25,025,"Massachusetts","Suffolk County",5,63,7972,3858,4114
050,25,025,"Massachusetts","Suffolk County",5,64,7707,3705,4002
050,25,025,"Massachusetts","Suffolk County",5,65,7506,3541,3965
050,25,025,"Massachusetts","Suffolk County",5,66,7409,3457,3952
050,25,025,"Massachusetts","Suffolk County",5,67,7027,3215,3812
050,25,025,"Massachusetts","Suffolk County",5,68,6666,3030,3636
050,25,025,"Massachusetts","Suffolk County",5,69,6416,2917,3499
050,25,025,"Massachusetts","Suffolk County",5,70,6053,2794,3259
050,25,025,"Massachusetts","Suffolk County",5,71,5805,2656,3149
050,25,025,"Massachusetts","Suffolk County",5,72,5464,2444,3020
050,25,025,"Massachusetts","Suffolk County",5,73,5218,2277,2941
050,25,025,"Massachusetts","Suffolk County",5,74,4923,2112,2811
050,25,025,"Massachusetts","Suffolk County",5,75,4585,1958,2627
050,25,025,"Massachusetts","Suffolk County",5,76,4678,1995,2683
050,25,025,"Massachusetts","Suffolk County",5,77,3494,1456,2038
050,25,025,"Massachusetts","Suffolk County",5,78,3413,1429,1984
050,25,025,"Massachusetts","Suffolk County",5,79,3178,1292,1886
050,25,025,"Massachusetts","Suffolk County",5,80,3134,1292,1842
050,25,025,"Massachusetts","Suffolk County",5,81,2676,1127,1549
050,25,025,"Massachusetts","Suffolk County",5,82,2316,938,1378
050,25,025,"Massachusetts","Suffolk County",5,83,2165,825,1340
050,25,025,"Massachusetts","Suffolk County",5,84,1996,761,1235
050,25,025,"Massachusetts","Suffolk County",5,85,12484,4230,8254
050,25,027,"Massachusetts","Worcester County",1,0,8528,4377,4151
050,25,027,"Massachusetts","Worcester County",1,1,8745,4507,4238
050,25,027,"Massachusetts","Worcester County",1,2,9090,4663,4427
050,25,027,"Massachusetts","Worcester County",1,3,9439,4890,4549
050,25,027,"Massachusetts","Worcester County",1,4,9572,4936,4636
050,25,027,"Massachusetts","Worcester County",1,5,9542,4865,4677
050,25,027,"Massachusetts","Worcester County",1,6,9703,5001,4702
050,25,027,"Massachusetts","Worcester County",1,7,9721,4982,4739
050,25,027,"Massachusetts","Worcester County",1,8,9907,5054,4853
050,25,027,"Massachusetts","Worcester County",1,9,10078,5193,4885
050,25,027,"Massachusetts","Worcester County",1,10,10421,5359,5062
050,25,027,"Massachusetts","Worcester County",1,11,10609,5460,5149
050,25,027,"Massachusetts","Worcester County",1,12,10905,5616,5289
050,25,027,"Massachusetts","Worcester County",1,13,10972,5618,5354
050,25,027,"Massachusetts","Worcester County",1,14,10939,5563,5376
050,25,027,"Massachusetts","Worcester County",1,15,11062,5664,5398
050,25,027,"Massachusetts","Worcester County",1,16,11435,5907,5528
050,25,027,"Massachusetts","Worcester County",1,17,11414,5865,5549
050,25,027,"Massachusetts","Worcester County",1,18,12364,6257,6107
050,25,027,"Massachusetts","Worcester County",1,19,12621,6406,6215
050,25,027,"Massachusetts","Worcester County",1,20,12189,6233,5956
050,25,027,"Massachusetts","Worcester County",1,21,11748,5851,5897
050,25,027,"Massachusetts","Worcester County",1,22,11190,5669,5521
050,25,027,"Massachusetts","Worcester County",1,23,10415,5265,5150
050,25,027,"Massachusetts","Worcester County",1,24,10493,5318,5175
050,25,027,"Massachusetts","Worcester County",1,25,10664,5438,5226
050,25,027,"Massachusetts","Worcester County",1,26,10708,5447,5261
050,25,027,"Massachusetts","Worcester County",1,27,10871,5514,5357
050,25,027,"Massachusetts","Worcester County",1,28,11024,5666,5358
050,25,027,"Massachusetts","Worcester County",1,29,10961,5629,5332
050,25,027,"Massachusetts","Worcester County",1,30,11444,5857,5587
050,25,027,"Massachusetts","Worcester County",1,31,11486,5846,5640
050,25,027,"Massachusetts","Worcester County",1,32,11555,5746,5809
050,25,027,"Massachusetts","Worcester County",1,33,11521,5748,5773
050,25,027,"Massachusetts","Worcester County",1,34,11630,5779,5851
050,25,027,"Massachusetts","Worcester County",1,35,11353,5631,5722
050,25,027,"Massachusetts","Worcester County",1,36,11041,5579,5462
050,25,027,"Massachusetts","Worcester County",1,37,11152,5653,5499
050,25,027,"Massachusetts","Worcester County",1,38,10950,5489,5461
050,25,027,"Massachusetts","Worcester County",1,39,10812,5467,5345
050,25,027,"Massachusetts","Worcester County",1,40,10658,5373,5285
050,25,027,"Massachusetts","Worcester County",1,41,10586,5347,5239
050,25,027,"Massachusetts","Worcester County",1,42,10310,5110,5200
050,25,027,"Massachusetts","Worcester County",1,43,10084,4997,5087
050,25,027,"Massachusetts","Worcester County",1,44,10115,4962,5153
050,25,027,"Massachusetts","Worcester County",1,45,10504,5269,5235
050,25,027,"Massachusetts","Worcester County",1,46,10633,5260,5373
050,25,027,"Massachusetts","Worcester County",1,47,10884,5376,5508
050,25,027,"Massachusetts","Worcester County",1,48,11544,5704,5840
050,25,027,"Massachusetts","Worcester County",1,49,12495,6162,6333
050,25,027,"Massachusetts","Worcester County",1,50,12042,5979,6063
050,25,027,"Massachusetts","Worcester County",1,51,12124,6099,6025
050,25,027,"Massachusetts","Worcester County",1,52,12134,6052,6082
050,25,027,"Massachusetts","Worcester County",1,53,12404,6102,6302
050,25,027,"Massachusetts","Worcester County",1,54,12692,6326,6366
050,25,027,"Massachusetts","Worcester County",1,55,13042,6458,6584
050,25,027,"Massachusetts","Worcester County",1,56,13355,6640,6715
050,25,027,"Massachusetts","Worcester County",1,57,13174,6541,6633
050,25,027,"Massachusetts","Worcester County",1,58,13172,6623,6549
050,25,027,"Massachusetts","Worcester County",1,59,12879,6494,6385
050,25,027,"Massachusetts","Worcester County",1,60,12498,6243,6255
050,25,027,"Massachusetts","Worcester County",1,61,12357,6199,6158
050,25,027,"Massachusetts","Worcester County",1,62,12274,6180,6094
050,25,027,"Massachusetts","Worcester County",1,63,11571,5807,5764
050,25,027,"Massachusetts","Worcester County",1,64,10917,5367,5550
050,25,027,"Massachusetts","Worcester County",1,65,10489,5115,5374
050,25,027,"Massachusetts","Worcester County",1,66,9894,4849,5045
050,25,027,"Massachusetts","Worcester County",1,67,9407,4608,4799
050,25,027,"Massachusetts","Worcester County",1,68,8968,4378,4590
050,25,027,"Massachusetts","Worcester County",1,69,8211,3974,4237
050,25,027,"Massachusetts","Worcester County",1,70,7826,3734,4092
050,25,027,"Massachusetts","Worcester County",1,71,7646,3597,4049
050,25,027,"Massachusetts","Worcester County",1,72,7707,3674,4033
050,25,027,"Massachusetts","Worcester County",1,73,7631,3666,3965
050,25,027,"Massachusetts","Worcester County",1,74,5215,2431,2784
050,25,027,"Massachusetts","Worcester County",1,75,5017,2331,2686
050,25,027,"Massachusetts","Worcester County",1,76,5101,2298,2803
050,25,027,"Massachusetts","Worcester County",1,77,5159,2332,2827
050,25,027,"Massachusetts","Worcester County",1,78,4263,1859,2404
050,25,027,"Massachusetts","Worcester County",1,79,3743,1632,2111
050,25,027,"Massachusetts","Worcester County",1,80,3333,1414,1919
050,25,027,"Massachusetts","Worcester County",1,81,3166,1307,1859
050,25,027,"Massachusetts","Worcester County",1,82,2911,1198,1713
050,25,027,"Massachusetts","Worcester County",1,83,2778,1140,1638
050,25,027,"Massachusetts","Worcester County",1,84,2529,951,1578
050,25,027,"Massachusetts","Worcester County",1,85,16400,5489,10911
050,25,027,"Massachusetts","Worcester County",2,0,8558,4375,4183
050,25,027,"Massachusetts","Worcester County",2,1,8708,4483,4225
050,25,027,"Massachusetts","Worcester County",2,2,9039,4647,4392
050,25,027,"Massachusetts","Worcester County",2,3,9330,4826,4504
050,25,027,"Massachusetts","Worcester County",2,4,9572,4937,4635
050,25,027,"Massachusetts","Worcester County",2,5,9565,4884,4681
050,25,027,"Massachusetts","Worcester County",2,6,9680,4977,4703
050,25,027,"Massachusetts","Worcester County",2,7,9703,4975,4728
050,25,027,"Massachusetts","Worcester County",2,8,9823,5018,4805
050,25,027,"Massachusetts","Worcester County",2,9,10024,5155,4869
050,25,027,"Massachusetts","Worcester County",2,10,10330,5314,5016
050,25,027,"Massachusetts","Worcester County",2,11,10518,5411,5107
050,25,027,"Massachusetts","Worcester County",2,12,10870,5597,5273
050,25,027,"Massachusetts","Worcester County",2,13,10943,5614,5329
050,25,027,"Massachusetts","Worcester County",2,14,10934,5563,5371
050,25,027,"Massachusetts","Worcester County",2,15,11041,5642,5399
050,25,027,"Massachusetts","Worcester County",2,16,11361,5860,5501
050,25,027,"Massachusetts","Worcester County",2,17,11433,5878,5555
050,25,027,"Massachusetts","Worcester County",2,18,12071,6135,5936
050,25,027,"Massachusetts","Worcester County",2,19,12230,6216,6014
050,25,027,"Massachusetts","Worcester County",2,20,11955,6101,5854
050,25,027,"Massachusetts","Worcester County",2,21,11485,5736,5749
050,25,027,"Massachusetts","Worcester County",2,22,11023,5569,5454
050,25,027,"Massachusetts","Worcester County",2,23,10358,5224,5134
050,25,027,"Massachusetts","Worcester County",2,24,10433,5278,5155
050,25,027,"Massachusetts","Worcester County",2,25,10597,5399,5198
050,25,027,"Massachusetts","Worcester County",2,26,10685,5429,5256
050,25,027,"Massachusetts","Worcester County",2,27,10830,5506,5324
050,25,027,"Massachusetts","Worcester County",2,28,11028,5662,5366
050,25,027,"Massachusetts","Worcester County",2,29,10976,5610,5366
050,25,027,"Massachusetts","Worcester County",2,30,11418,5848,5570
050,25,027,"Massachusetts","Worcester County",2,31,11433,5828,5605
050,25,027,"Massachusetts","Worcester County",2,32,11494,5729,5765
050,25,027,"Massachusetts","Worcester County",2,33,11542,5760,5782
050,25,027,"Massachusetts","Worcester County",2,34,11610,5774,5836
050,25,027,"Massachusetts","Worcester County",2,35,11493,5705,5788
050,25,027,"Massachusetts","Worcester County",2,36,11091,5581,5510
050,25,027,"Massachusetts","Worcester County",2,37,11143,5639,5504
050,25,027,"Massachusetts","Worcester County",2,38,11055,5550,5505
050,25,027,"Massachusetts","Worcester County",2,39,10826,5467,5359
050,25,027,"Massachusetts","Worcester County",2,40,10739,5403,5336
050,25,027,"Massachusetts","Worcester County",2,41,10578,5336,5242
050,25,027,"Massachusetts","Worcester County",2,42,10330,5140,5190
050,25,027,"Massachusetts","Worcester County",2,43,10193,5047,5146
050,25,027,"Massachusetts","Worcester County",2,44,10013,4927,5086
050,25,027,"Massachusetts","Worcester County",2,45,10491,5247,5244
050,25,027,"Massachusetts","Worcester County",2,46,10551,5229,5322
050,25,027,"Massachusetts","Worcester County",2,47,10762,5300,5462
050,25,027,"Massachusetts","Worcester County",2,48,11331,5578,5753
050,25,027,"Massachusetts","Worcester County",2,49,12292,6070,6222
050,25,027,"Massachusetts","Worcester County",2,50,12144,6014,6130
050,25,027,"Massachusetts","Worcester County",2,51,12061,6053,6008
050,25,027,"Massachusetts","Worcester County",2,52,12086,6038,6048
050,25,027,"Massachusetts","Worcester County",2,53,12288,6057,6231
050,25,027,"Massachusetts","Worcester County",2,54,12570,6249,6321
050,25,027,"Massachusetts","Worcester County",2,55,12913,6392,6521
050,25,027,"Massachusetts","Worcester County",2,56,13287,6602,6685
050,25,027,"Massachusetts","Worcester County",2,57,13208,6561,6647
050,25,027,"Massachusetts","Worcester County",2,58,13115,6573,6542
050,25,027,"Massachusetts","Worcester County",2,59,12969,6535,6434
050,25,027,"Massachusetts","Worcester County",2,60,12518,6267,6251
050,25,027,"Massachusetts","Worcester County",2,61,12294,6150,6144
050,25,027,"Massachusetts","Worcester County",2,62,12212,6136,6076
050,25,027,"Massachusetts","Worcester County",2,63,11785,5913,5872
050,25,027,"Massachusetts","Worcester County",2,64,10953,5412,5541
050,25,027,"Massachusetts","Worcester County",2,65,10522,5135,5387
050,25,027,"Massachusetts","Worcester County",2,66,9996,4893,5103
050,25,027,"Massachusetts","Worcester County",2,67,9438,4610,4828
050,25,027,"Massachusetts","Worcester County",2,68,8959,4373,4586
050,25,027,"Massachusetts","Worcester County",2,69,8398,4067,4331
050,25,027,"Massachusetts","Worcester County",2,70,7846,3751,4095
050,25,027,"Massachusetts","Worcester County",2,71,7629,3587,4042
050,25,027,"Massachusetts","Worcester County",2,72,7521,3572,3949
050,25,027,"Massachusetts","Worcester County",2,73,7952,3815,4137
050,25,027,"Massachusetts","Worcester County",2,74,5409,2534,2875
050,25,027,"Massachusetts","Worcester County",2,75,5005,2322,2683
050,25,027,"Massachusetts","Worcester County",2,76,4991,2261,2730
050,25,027,"Massachusetts","Worcester County",2,77,5201,2343,2858
050,25,027,"Massachusetts","Worcester County",2,78,4337,1899,2438
050,25,027,"Massachusetts","Worcester County",2,79,3807,1653,2154
050,25,027,"Massachusetts","Worcester County",2,80,3381,1433,1948
050,25,027,"Massachusetts","Worcester County",2,81,3131,1300,1831
050,25,027,"Massachusetts","Worcester County",2,82,2932,1201,1731
050,25,027,"Massachusetts","Worcester County",2,83,2741,1119,1622
050,25,027,"Massachusetts","Worcester County",2,84,2527,973,1554
050,25,027,"Massachusetts","Worcester County",2,85,16055,5350,10705
050,25,027,"Massachusetts","Worcester County",3,0,8244,4312,3932
050,25,027,"Massachusetts","Worcester County",3,1,8696,4437,4259
050,25,027,"Massachusetts","Worcester County",3,2,8850,4541,4309
050,25,027,"Massachusetts","Worcester County",3,3,9114,4687,4427
050,25,027,"Massachusetts","Worcester County",3,4,9432,4869,4563
050,25,027,"Massachusetts","Worcester County",3,5,9645,4958,4687
050,25,027,"Massachusetts","Worcester County",3,6,9600,4903,4697
050,25,027,"Massachusetts","Worcester County",3,7,9756,5035,4721
050,25,027,"Massachusetts","Worcester County",3,8,9732,5000,4732
050,25,027,"Massachusetts","Worcester County",3,9,9915,5049,4866
050,25,027,"Massachusetts","Worcester County",3,10,10062,5161,4901
050,25,027,"Massachusetts","Worcester County",3,11,10332,5321,5011
050,25,027,"Massachusetts","Worcester County",3,12,10558,5411,5147
050,25,027,"Massachusetts","Worcester County",3,13,10925,5592,5333
050,25,027,"Massachusetts","Worcester County",3,14,10919,5615,5304
050,25,027,"Massachusetts","Worcester County",3,15,11004,5614,5390
050,25,027,"Massachusetts","Worcester County",3,16,11083,5664,5419
050,25,027,"Massachusetts","Worcester County",3,17,11364,5837,5527
050,25,027,"Massachusetts","Worcester County",3,18,12333,6316,6017
050,25,027,"Massachusetts","Worcester County",3,19,12390,6327,6063
050,25,027,"Massachusetts","Worcester County",3,20,12044,6117,5927
050,25,027,"Massachusetts","Worcester County",3,21,11626,5795,5831
050,25,027,"Massachusetts","Worcester County",3,22,11103,5636,5467
050,25,027,"Massachusetts","Worcester County",3,23,10317,5232,5085
050,25,027,"Massachusetts","Worcester County",3,24,10399,5257,5142
050,25,027,"Massachusetts","Worcester County",3,25,10556,5386,5170
050,25,027,"Massachusetts","Worcester County",3,26,10562,5383,5179
050,25,027,"Massachusetts","Worcester County",3,27,10943,5626,5317
050,25,027,"Massachusetts","Worcester County",3,28,11093,5597,5496
050,25,027,"Massachusetts","Worcester County",3,29,11187,5695,5492
050,25,027,"Massachusetts","Worcester County",3,30,11329,5782,5547
050,25,027,"Massachusetts","Worcester County",3,31,11628,5906,5722
050,25,027,"Massachusetts","Worcester County",3,32,11575,5833,5742
050,25,027,"Massachusetts","Worcester County",3,33,11807,5917,5890
050,25,027,"Massachusetts","Worcester County",3,34,11746,5927,5819
050,25,027,"Massachusetts","Worcester County",3,35,11805,5847,5958
050,25,027,"Massachusetts","Worcester County",3,36,11716,5836,5880
050,25,027,"Massachusetts","Worcester County",3,37,11176,5608,5568
050,25,027,"Massachusetts","Worcester County",3,38,11307,5742,5565
050,25,027,"Massachusetts","Worcester County",3,39,11218,5687,5531
050,25,027,"Massachusetts","Worcester County",3,40,10796,5425,5371
050,25,027,"Massachusetts","Worcester County",3,41,10886,5512,5374
050,25,027,"Massachusetts","Worcester County",3,42,10598,5300,5298
050,25,027,"Massachusetts","Worcester County",3,43,10318,5097,5221
050,25,027,"Massachusetts","Worcester County",3,44,10156,5040,5116
050,25,027,"Massachusetts","Worcester County",3,45,10211,5094,5117
050,25,027,"Massachusetts","Worcester County",3,46,10476,5265,5211
050,25,027,"Massachusetts","Worcester County",3,47,10444,5177,5267
050,25,027,"Massachusetts","Worcester County",3,48,10619,5182,5437
050,25,027,"Massachusetts","Worcester County",3,49,11322,5587,5735
050,25,027,"Massachusetts","Worcester County",3,50,12194,5987,6207
050,25,027,"Massachusetts","Worcester County",3,51,12132,6027,6105
050,25,027,"Massachusetts","Worcester County",3,52,11972,6005,5967
050,25,027,"Massachusetts","Worcester County",3,53,11935,5937,5998
050,25,027,"Massachusetts","Worcester County",3,54,12227,6065,6162
050,25,027,"Massachusetts","Worcester County",3,55,12297,6068,6229
050,25,027,"Massachusetts","Worcester County",3,56,12751,6323,6428
050,25,027,"Massachusetts","Worcester County",3,57,13160,6518,6642
050,25,027,"Massachusetts","Worcester County",3,58,13067,6481,6586
050,25,027,"Massachusetts","Worcester County",3,59,12994,6544,6450
050,25,027,"Massachusetts","Worcester County",3,60,12726,6401,6325
050,25,027,"Massachusetts","Worcester County",3,61,12243,6100,6143
050,25,027,"Massachusetts","Worcester County",3,62,12081,6051,6030
050,25,027,"Massachusetts","Worcester County",3,63,11993,5979,6014
050,25,027,"Massachusetts","Worcester County",3,64,11483,5749,5734
050,25,027,"Massachusetts","Worcester County",3,65,10747,5272,5475
050,25,027,"Massachusetts","Worcester County",3,66,10298,5007,5291
050,25,027,"Massachusetts","Worcester County",3,67,9775,4763,5012
050,25,027,"Massachusetts","Worcester County",3,68,9242,4506,4736
050,25,027,"Massachusetts","Worcester County",3,69,8745,4258,4487
050,25,027,"Massachusetts","Worcester County",3,70,8224,3959,4265
050,25,027,"Massachusetts","Worcester County",3,71,7645,3628,4017
050,25,027,"Massachusetts","Worcester County",3,72,7467,3501,3966
050,25,027,"Massachusetts","Worcester County",3,73,7330,3480,3850
050,25,027,"Massachusetts","Worcester County",3,74,7721,3685,4036
050,25,027,"Massachusetts","Worcester County",3,75,5217,2435,2782
050,25,027,"Massachusetts","Worcester County",3,76,4853,2250,2603
050,25,027,"Massachusetts","Worcester County",3,77,4836,2173,2663
050,25,027,"Massachusetts","Worcester County",3,78,4964,2209,2755
050,25,027,"Massachusetts","Worcester County",3,79,4185,1808,2377
050,25,027,"Massachusetts","Worcester County",3,80,3683,1591,2092
050,25,027,"Massachusetts","Worcester County",3,81,3190,1327,1863
050,25,027,"Massachusetts","Worcester County",3,82,2932,1197,1735
050,25,027,"Massachusetts","Worcester County",3,83,2728,1093,1635
050,25,027,"Massachusetts","Worcester County",3,84,2518,1006,1512
050,25,027,"Massachusetts","Worcester County",3,85,15752,5302,10450
050,25,027,"Massachusetts","Worcester County",4,0,8637,4512,4125
050,25,027,"Massachusetts","Worcester County",4,1,8484,4442,4042
050,25,027,"Massachusetts","Worcester County",4,2,8829,4542,4287
050,25,027,"Massachusetts","Worcester County",4,3,9018,4623,4395
050,25,027,"Massachusetts","Worcester County",4,4,9179,4701,4478
050,25,027,"Massachusetts","Worcester County",4,5,9500,4893,4607
050,25,027,"Massachusetts","Worcester County",4,6,9699,5001,4698
050,25,027,"Massachusetts","Worcester County",4,7,9723,4957,4766
050,25,027,"Massachusetts","Worcester County",4,8,9805,5088,4717
050,25,027,"Massachusetts","Worcester County",4,9,9771,4996,4775
050,25,027,"Massachusetts","Worcester County",4,10,9923,5075,4848
050,25,027,"Massachusetts","Worcester County",4,11,10049,5131,4918
050,25,027,"Massachusetts","Worcester County",4,12,10325,5270,5055
050,25,027,"Massachusetts","Worcester County",4,13,10562,5436,5126
050,25,027,"Massachusetts","Worcester County",4,14,10894,5594,5300
050,25,027,"Massachusetts","Worcester County",4,15,10973,5623,5350
050,25,027,"Massachusetts","Worcester County",4,16,11044,5652,5392
050,25,027,"Massachusetts","Worcester County",4,17,11088,5630,5458
050,25,027,"Massachusetts","Worcester County",4,18,12198,6265,5933
050,25,027,"Massachusetts","Worcester County",4,19,12274,6303,5971
050,25,027,"Massachusetts","Worcester County",4,20,11800,6042,5758
050,25,027,"Massachusetts","Worcester County",4,21,11568,5770,5798
050,25,027,"Massachusetts","Worcester County",4,22,11203,5680,5523
050,25,027,"Massachusetts","Worcester County",4,23,10295,5234,5061
050,25,027,"Massachusetts","Worcester County",4,24,10286,5236,5050
050,25,027,"Massachusetts","Worcester County",4,25,10308,5248,5060
050,25,027,"Massachusetts","Worcester County",4,26,10540,5326,5214
050,25,027,"Massachusetts","Worcester County",4,27,10630,5445,5185
050,25,027,"Massachusetts","Worcester County",4,28,11115,5707,5408
050,25,027,"Massachusetts","Worcester County",4,29,11165,5565,5600
050,25,027,"Massachusetts","Worcester County",4,30,11374,5824,5550
050,25,027,"Massachusetts","Worcester County",4,31,11475,5824,5651
050,25,027,"Massachusetts","Worcester County",4,32,11634,5876,5758
050,25,027,"Massachusetts","Worcester County",4,33,11836,5978,5858
050,25,027,"Massachusetts","Worcester County",4,34,12035,6094,5941
050,25,027,"Massachusetts","Worcester County",4,35,11828,5962,5866
050,25,027,"Massachusetts","Worcester County",4,36,11940,5932,6008
050,25,027,"Massachusetts","Worcester County",4,37,11790,5881,5909
050,25,027,"Massachusetts","Worcester County",4,38,11253,5652,5601
050,25,027,"Massachusetts","Worcester County",4,39,11465,5859,5606
050,25,027,"Massachusetts","Worcester County",4,40,11231,5685,5546
050,25,027,"Massachusetts","Worcester County",4,41,10866,5502,5364
050,25,027,"Massachusetts","Worcester County",4,42,10914,5480,5434
050,25,027,"Massachusetts","Worcester County",4,43,10594,5272,5322
050,25,027,"Massachusetts","Worcester County",4,44,10319,5106,5213
050,25,027,"Massachusetts","Worcester County",4,45,10338,5222,5116
050,25,027,"Massachusetts","Worcester County",4,46,10165,5101,5064
050,25,027,"Massachusetts","Worcester County",4,47,10383,5204,5179
050,25,027,"Massachusetts","Worcester County",4,48,10324,5068,5256
050,25,027,"Massachusetts","Worcester County",4,49,10626,5226,5400
050,25,027,"Massachusetts","Worcester County",4,50,11251,5570,5681
050,25,027,"Massachusetts","Worcester County",4,51,12160,6001,6159
050,25,027,"Massachusetts","Worcester County",4,52,12022,5975,6047
050,25,027,"Massachusetts","Worcester County",4,53,11781,5885,5896
050,25,027,"Massachusetts","Worcester County",4,54,11880,5917,5963
050,25,027,"Massachusetts","Worcester County",4,55,11993,5910,6083
050,25,027,"Massachusetts","Worcester County",4,56,12143,6001,6142
050,25,027,"Massachusetts","Worcester County",4,57,12614,6230,6384
050,25,027,"Massachusetts","Worcester County",4,58,12940,6420,6520
050,25,027,"Massachusetts","Worcester County",4,59,12840,6371,6469
050,25,027,"Massachusetts","Worcester County",4,60,12786,6424,6362
050,25,027,"Massachusetts","Worcester County",4,61,12445,6231,6214
050,25,027,"Massachusetts","Worcester County",4,62,12053,6021,6032
050,25,027,"Massachusetts","Worcester County",4,63,11836,5919,5917
050,25,027,"Massachusetts","Worcester County",4,64,11740,5833,5907
050,25,027,"Massachusetts","Worcester County",4,65,11287,5615,5672
050,25,027,"Massachusetts","Worcester County",4,66,10509,5138,5371
050,25,027,"Massachusetts","Worcester County",4,67,10026,4870,5156
050,25,027,"Massachusetts","Worcester County",4,68,9521,4617,4904
050,25,027,"Massachusetts","Worcester County",4,69,8990,4371,4619
050,25,027,"Massachusetts","Worcester County",4,70,8534,4145,4389
050,25,027,"Massachusetts","Worcester County",4,71,8044,3850,4194
050,25,027,"Massachusetts","Worcester County",4,72,7474,3535,3939
050,25,027,"Massachusetts","Worcester County",4,73,7274,3391,3883
050,25,027,"Massachusetts","Worcester County",4,74,7139,3351,3788
050,25,027,"Massachusetts","Worcester County",4,75,7445,3528,3917
050,25,027,"Massachusetts","Worcester County",4,76,5036,2329,2707
050,25,027,"Massachusetts","Worcester County",4,77,4687,2172,2515
050,25,027,"Massachusetts","Worcester County",4,78,4612,2056,2556
050,25,027,"Massachusetts","Worcester County",4,79,4796,2119,2677
050,25,027,"Massachusetts","Worcester County",4,80,4037,1726,2311
050,25,027,"Massachusetts","Worcester County",4,81,3481,1482,1999
050,25,027,"Massachusetts","Worcester County",4,82,3002,1235,1767
050,25,027,"Massachusetts","Worcester County",4,83,2770,1098,1672
050,25,027,"Massachusetts","Worcester County",4,84,2558,1017,1541
050,25,027,"Massachusetts","Worcester County",4,85,15892,5380,10512
050,25,027,"Massachusetts","Worcester County",5,0,8556,4477,4079
050,25,027,"Massachusetts","Worcester County",5,1,8879,4666,4213
050,25,027,"Massachusetts","Worcester County",5,2,8659,4586,4073
050,25,027,"Massachusetts","Worcester County",5,3,8941,4629,4312
050,25,027,"Massachusetts","Worcester County",5,4,9137,4724,4413
050,25,027,"Massachusetts","Worcester County",5,5,9262,4749,4513
050,25,027,"Massachusetts","Worcester County",5,6,9581,4922,4659
050,25,027,"Massachusetts","Worcester County",5,7,9814,5061,4753
050,25,027,"Massachusetts","Worcester County",5,8,9784,5010,4774
050,25,027,"Massachusetts","Worcester County",5,9,9840,5105,4735
050,25,027,"Massachusetts","Worcester County",5,10,9800,5005,4795
050,25,027,"Massachusetts","Worcester County",5,11,9927,5073,4854
050,25,027,"Massachusetts","Worcester County",5,12,10096,5164,4932
050,25,027,"Massachusetts","Worcester County",5,13,10377,5301,5076
050,25,027,"Massachusetts","Worcester County",5,14,10564,5455,5109
050,25,027,"Massachusetts","Worcester County",5,15,10979,5664,5315
050,25,027,"Massachusetts","Worcester County",5,16,11119,5729,5390
050,25,027,"Massachusetts","Worcester County",5,17,11147,5682,5465
050,25,027,"Massachusetts","Worcester County",5,18,11947,6082,5865
050,25,027,"Massachusetts","Worcester County",5,19,12297,6310,5987
050,25,027,"Massachusetts","Worcester County",5,20,11977,6151,5826
050,25,027,"Massachusetts","Worcester County",5,21,11469,5746,5723
050,25,027,"Massachusetts","Worcester County",5,22,11212,5690,5522
050,25,027,"Massachusetts","Worcester County",5,23,10458,5301,5157
050,25,027,"Massachusetts","Worcester County",5,24,10224,5165,5059
050,25,027,"Massachusetts","Worcester County",5,25,10384,5269,5115
050,25,027,"Massachusetts","Worcester County",5,26,10341,5243,5098
050,25,027,"Massachusetts","Worcester County",5,27,10759,5426,5333
050,25,027,"Massachusetts","Worcester County",5,28,10944,5608,5336
050,25,027,"Massachusetts","Worcester County",5,29,11238,5758,5480
050,25,027,"Massachusetts","Worcester County",5,30,11412,5743,5669
050,25,027,"Massachusetts","Worcester County",5,31,11404,5804,5600
050,25,027,"Massachusetts","Worcester County",5,32,11534,5816,5718
050,25,027,"Massachusetts","Worcester County",5,33,11959,6083,5876
050,25,027,"Massachusetts","Worcester County",5,34,11971,6087,5884
050,25,027,"Massachusetts","Worcester County",5,35,12137,6119,6018
050,25,027,"Massachusetts","Worcester County",5,36,12014,6102,5912
050,25,027,"Massachusetts","Worcester County",5,37,12011,5962,6049
050,25,027,"Massachusetts","Worcester County",5,38,11946,5976,5970
050,25,027,"Massachusetts","Worcester County",5,39,11436,5833,5603
050,25,027,"Massachusetts","Worcester County",5,40,11479,5860,5619
050,25,027,"Massachusetts","Worcester County",5,41,11290,5721,5569
050,25,027,"Massachusetts","Worcester County",5,42,10931,5504,5427
050,25,027,"Massachusetts","Worcester County",5,43,10891,5401,5490
050,25,027,"Massachusetts","Worcester County",5,44,10656,5360,5296
050,25,027,"Massachusetts","Worcester County",5,45,10571,5308,5263
050,25,027,"Massachusetts","Worcester County",5,46,10352,5250,5102
050,25,027,"Massachusetts","Worcester County",5,47,10149,5072,5077
050,25,027,"Massachusetts","Worcester County",5,48,10249,5080,5169
050,25,027,"Massachusetts","Worcester County",5,49,10381,5144,5237
050,25,027,"Massachusetts","Worcester County",5,50,10580,5176,5404
050,25,027,"Massachusetts","Worcester County",5,51,11256,5601,5655
050,25,027,"Massachusetts","Worcester County",5,52,12115,5976,6139
050,25,027,"Massachusetts","Worcester County",5,53,11906,5902,6004
050,25,027,"Massachusetts","Worcester County",5,54,11715,5858,5857
050,25,027,"Massachusetts","Worcester County",5,55,11642,5753,5889
050,25,027,"Massachusetts","Worcester County",5,56,11853,5827,6026
050,25,027,"Massachusetts","Worcester County",5,57,12053,5934,6119
050,25,027,"Massachusetts","Worcester County",5,58,12487,6154,6333
050,25,027,"Massachusetts","Worcester County",5,59,12796,6355,6441
050,25,027,"Massachusetts","Worcester County",5,60,12672,6264,6408
050,25,027,"Massachusetts","Worcester County",5,61,12569,6278,6291
050,25,027,"Massachusetts","Worcester County",5,62,12241,6135,6106
050,25,027,"Massachusetts","Worcester County",5,63,11913,5933,5980
050,25,027,"Massachusetts","Worcester County",5,64,11589,5770,5819
050,25,027,"Massachusetts","Worcester County",5,65,11543,5726,5817
050,25,027,"Massachusetts","Worcester County",5,66,11067,5487,5580
050,25,027,"Massachusetts","Worcester County",5,67,10321,5017,5304
050,25,027,"Massachusetts","Worcester County",5,68,9866,4768,5098
050,25,027,"Massachusetts","Worcester County",5,69,9326,4481,4845
050,25,027,"Massachusetts","Worcester County",5,70,8821,4265,4556
050,25,027,"Massachusetts","Worcester County",5,71,8382,4046,4336
050,25,027,"Massachusetts","Worcester County",5,72,7883,3748,4135
050,25,027,"Massachusetts","Worcester County",5,73,7300,3423,3877
050,25,027,"Massachusetts","Worcester County",5,74,7135,3312,3823
050,25,027,"Massachusetts","Worcester County",5,75,6965,3251,3714
050,25,027,"Massachusetts","Worcester County",5,76,7233,3415,3818
050,25,027,"Massachusetts","Worcester County",5,77,4865,2253,2612
050,25,027,"Massachusetts","Worcester County",5,78,4492,2053,2439
050,25,027,"Massachusetts","Worcester County",5,79,4459,1966,2493
050,25,027,"Massachusetts","Worcester County",5,80,4678,2045,2633
050,25,027,"Massachusetts","Worcester County",5,81,3854,1629,2225
050,25,027,"Massachusetts","Worcester County",5,82,3292,1377,1915
050,25,027,"Massachusetts","Worcester County",5,83,2845,1144,1701
050,25,027,"Massachusetts","Worcester County",5,84,2588,1014,1574
050,25,027,"Massachusetts","Worcester County",5,85,16079,5472,10607

